V1,V2,V3,V4,V5,V6,V7,V8,V9,V10,V11,V12,V13,V14,V15,V16,V17,V18,V19,V20,V21,V22,V23,V24,V25,V26,V27,V28,V29,V30,V31,V32,V33,V34,V35,V36,V37,V38,V39,V40,V41,V42,V43,V44
840.7345679333717,-1152.9297906812058,419.4417491116385,-2.9957485030623676,-197.5226641134119,-714.5818964301656,1907.4356168736483,-908.4455322361028,-847.5278694587212,49.25351286791913,239.99384407592956,3136.0144703386,1992.9733558464832,-57.614682051108055,704.0680454642666,1634.6993119272086,1403.8150716379491,663.5768331360662,592.2454769705259,3669.8145442594796,2526.2104433422546,1950.2383633601207,1025.465840608674,-1763.9293172448768,-2125.087610252407,-1800.0180001916917,803.015342362436,-249.29389948012633,1645.3639924964427,238.60507286538208,1481.6273165361401,-451.2213046293128,-1565.0077001460124,-639.7999876728654,-1009.7084086303655,-2236.9269129214667,-1879.7462201815795,-921.8548213830449,1104.2687396523643,102.64242060924134,492.42014603444255,720.5399445623797,114.60525517971816,50.684262353409444
-1152.9297906812058,1581.425742013798,-575.4896283446399,4.36718265935003,271.1761518722542,980.2895339305641,-2615.65199164992,1246.0728601000064,1162.0748677686822,-67.87574044534503,-328.6424215047468,-4300.253523721249,-2733.191119947503,78.86494599475792,-965.212363855438,-2241.4838876789336,-1924.9647304981647,-910.1102327305722,-811.8788044212523,-5032.367753341803,-3464.3728807862904,-2674.594327545363,-1406.1726000349524,2419.0061055548013,2914.2118652564436,2468.3575104213824,-1101.2271690691787,341.889142822453,-2256.538529171739,-327.288170333222,-2031.7394552598594,618.7665433292017,2145.861522190226,877.435011131712,1384.822377564459,3067.5289076875742,2577.5132683738743,1264.6255193551872,-1514.8013835476754,-140.8380791479357,-675.3169640154525,-988.1659220435151,-157.13399080647955,-69.21983234992746
419.4417491116385,-575.4896283446399,209.77208644202904,-1.8501090653604035,-98.79334279766373,-357.0077408558966,951.7315257043718,-453.6315348651358,-422.81812045112986,24.864810532595243,119.18186662712998,1564.376709292403,994.6162995350744,-28.624403013535503,350.884490813701,815.4356042712078,700.2215374399367,331.2462296251189,295.2797928677364,1830.769334676057,1260.5140298191923,973.2600698460358,511.428425959679,-880.0892082086339,-1060.3363678788687,-898.0356867513987,400.7063177869854,-124.54927504614821,821.0470433016197,119.18695038862188,739.2229322906269,-225.196535194332,-780.5136019793541,-319.41922505950544,-504.01706076287104,-1116.015123180615,-937.5940778046611,-460.5530968608595,551.6132925092247,51.246174917546156,245.56413829324057,359.6302400610328,57.20233117708711,24.83955421314823
-2.9957485030623676,4.36718265935003,-1.8501090653604035,0.9308885769615594,0.8800193339961798,3.5114629277130933,-6.478435447535723,3.9440157251971644,2.807423732691848,-0.4551938183954419,0.010960533897291265,-10.679556112529312,-7.532541052370392,0.15273225433618867,-1.808843425637964,-5.870072558072027,-4.661007149345409,-2.50788884591844,-1.8156010949340526,-12.7854535101863,-8.852959939354212,-7.2277907540633475,-3.3292130621117133,6.3976950052395845,7.6683685683764535,6.674661830015193,-2.8926404165952477,1.4276832919048346,-5.726002712479399,-0.9714234680271959,-5.68500524889374,2.1131015581289443,5.398603641616605,2.568118369439899,3.5066935595577107,8.057410342229073,6.3704049671285015,4.834270713954593,-4.76051814574101,-0.28769962722497566,-1.2735459538442298,-2.726607046489931,-0.35842973964676195,0.5592495318668808
-197.5226641134119,271.1761518722542,-98.79334279766373,0.8800193339961798,46.69816088801976,168.2062053297413,-448.0766803808205,213.68466187705846,198.99733572920542,-11.82982758925289,-55.98225560449816,-736.568632824145,-468.42619960259196,13.422393217390459,-165.19479704383056,-383.82514903398896,-329.67747779300043,-155.9635446495182,-138.8785206241802,-862.0456050971225,-593.6290799155825,-458.34688210451634,-240.8827356787371,414.47100442779833,499.2648846120184,422.8376078685649,-188.69182603292137,58.532413356728085,-386.76729285838525,-56.12820946269055,-348.0337910116586,105.93006421831869,367.3837185822807,150.35923298349073,237.442083380844,525.4616335787847,441.37777100573544,216.94406586297308,-259.8475106166262,-24.15786855499471,-115.75041869229288,-169.36781902505197,-26.916627632333867,-11.669063392938957
-714.5818964301656,980.2895339305641,-357.0077408558966,3.5114629277130933,168.2062053297413,608.6606388052878,-1621.0173910138776,773.1891173354512,720.2382687733169,-42.07485223553778,-202.83359541206823,-2665.0080543677595,-1694.7273679845664,48.876473031491706,-597.6592437561364,-1389.4588804513346,-1192.7428803725606,-564.1797374678648,-503.01984194552523,-3119.002043267147,-2147.1889543875855,-1658.0604741377044,-871.2567008995396,1499.4992863426182,1806.4568392276603,1530.3668668008372,-682.6652188413811,212.419850092984,-1398.4917324375833,-203.0491224024714,-1259.827511230427,384.0088273002298,1329.9368858220687,544.2331545665311,858.3774141510999,1901.4969790866737,1597.178799485057,785.5426329209218,-939.7661479263301,-87.16153074954322,-418.0046802922132,-612.7330898176647,-97.45560899990892,-42.08613626548217
1907.4356168736483,-2615.65199164992,951.7315257043718,-6.478435447535723,-448.0766803808205,-1621.0173910138776,4328.03020190934,-2061.0081722327973,-1923.172530185402,111.55721977589204,544.739995532557,7115.363523356616,4521.68514089245,-130.7660665345287,1597.616120768782,3708.967338931191,3185.192361887802,1505.620134650753,1343.913595820419,8326.41741845736,5731.704106779937,4424.648742524097,2326.6095172175787,-4002.014475405316,-4821.57256996064,-4083.906249145578,1821.9805905192507,-565.5817502707845,3733.1193896127934,541.4109744291209,3361.429977619924,-1023.6261250295007,-3550.884515618696,-1451.6287342783446,-2291.004159128098,-5075.368607732719,-4264.975325503341,-2091.157394455458,2505.3717790546248,232.98755139929818,1117.2517934970767,1634.7433601843868,260.18580147668996,115.09657315721198
-908.4455322361028,1246.0728601000064,-453.6315348651358,3.9440157251971644,213.68466187705846,773.1891173354512,-2061.0081722327973,982.5675400104437,915.7839688996486,-53.26668985803529,-258.40215804925515,-3388.347028814988,-2154.211852538297,62.18559282276836,-760.2047817231777,-1766.4756939732545,-1516.547401301702,-717.2176127187565,-639.7434829945507,-3965.417448382426,-2729.8068042507325,-2107.684482388688,-1107.7866180038145,1906.297291594956,2296.539232955493,1945.4914026236038,-867.8559281837984,269.7933721492801,-1777.9512231707124,-258.1071050885454,-1601.4188853675605,488.0112089722126,1690.972320749329,691.7371322517871,1091.2655766287203,2417.475932093787,2030.7426678761744,997.8358111660908,-1194.2449188405737,-110.87958437337302,-531.6358634047958,-778.8335057059325,-123.94548799137272,-53.891170827828184
-847.5278694587212,1162.0748677686822,-422.81812045112986,2.807423732691848,198.99733572920542,720.2382687733169,-1923.172530185402,915.7839688996486,854.6530421702884,-49.38487130439171,-242.15534170312952,-3161.7295908364617,-2009.185594315666,58.17425131771507,-709.9642451557581,-1648.1545646670788,-1415.3170921300791,-668.9726039181984,-597.2742115612074,-3699.836572156677,-2546.801930118035,-1965.9867090248254,-1033.7991170023718,1778.2438349968227,2142.4468049980724,1814.7305203817764,-809.5924047221637,251.3410297812765,-1658.6933132124427,-240.58410508082227,-1493.6802269634904,454.87603808927355,1577.914226941159,645.0481425548452,1017.9647007484328,2255.263687504672,1895.134565159371,929.181710332972,-1113.1561669684793,-103.49624155774097,-496.35413913859065,-726.377548279488,-115.67059743163473,-51.14985234139141
49.25351286791913,-67.87574044534503,24.864810532595243,-0.4551938183954419,-11.82982758925289,-42.07485223553778,111.55721977589204,-53.26668985803529,-49.38487130439171,3.402670079696046,13.697796466271916,183.3263264038964,116.69299847926936,-3.219537292917362,40.925791336077545,95.41841029016668,82.11691646596232,38.94350367271881,34.352865345466356,214.58176154770905,147.9309619522654,114.38650013101528,59.983746861714,-103.22642884567681,-124.33838063311718,-105.11033682219407,46.980424488108824,-14.622421026171649,96.47981325018972,13.931921396802393,86.60581709166085,-26.331217005382072,-91.26321472547129,-37.42786291322104,-59.18298736079686,-130.66954334957265,-109.92423146766926,-54.08051325667409,64.96726830076376,6.054733132946028,28.949543980603234,42.22724166995458,6.577304593590294,2.8603739095077185
239.99384407592956,-328.6424215047468,119.18186662712998,0.010960533897291265,-55.98225560449816,-202.83359541206823,544.739995532557,-258.40215804925515,-242.15534170312952,13.697796466271916,69.64841147394094,895.7599703485428,568.2612425201019,-16.63038880547747,201.73818211933698,466.79745341810093,401.178437926433,189.23940315229282,169.50556441516238,1047.8901941778538,721.077826892491,556.2773973076579,293.0436568750039,-503.3235314065616,-606.4907230263912,-513.574098365299,229.124114426064,-70.79847148556092,469.57395276447204,67.87190275594217,422.62383156200167,-128.45691711157357,-447.1556158973086,-182.2814185165704,-287.9870287794587,-638.478885849426,-537.1644535284634,-261.4328191771021,314.084542225897,29.34253128560771,140.91656992718555,205.40417495237836,32.7279736155087,15.38039577945241
3136.0144703386,-4300.253523721249,1564.376709292403,-10.679556112529312,-736.568632824145,-2665.0080543677595,7115.363523356616,-3388.347028814988,-3161.7295908364617,183.3263264038964,895.7599703485428,11698.229092662978,7433.9244562096765,-215.06208937647722,2626.6990466320617,6097.906109407477,5236.698136710028,2475.210583899523,2209.506352537168,13689.293435787136,9423.212729252844,7274.406477214153,3825.2367335302765,-6579.648273596885,-7926.960126515978,-6714.354686395522,2995.409436593948,-929.8277333480659,6137.4103254856545,890.0138906149167,5526.588745800209,-1682.9835463493737,-5838.04795766899,-2386.4706819501753,-3766.359576576453,-8344.267541190493,-7012.025519851864,-3437.9985985230655,4118.696817895889,382.94917398919335,1836.8412496918602,2687.600899068694,427.67551083275066,189.38491134335186
1992.9733558464832,-2733.191119947503,994.6162995350744,-7.532541052370392,-468.42619960259196,-1694.7273679845664,4521.68514089245,-2154.211852538297,-2009.185594315666,116.69299847926936,568.2612425201019,7433.9244562096765,4725.043008704142,-136.55890944117368,1668.673897147275,3875.2066901719295,3327.5491019662445,1573.122906896012,1403.8116067092178,8699.495487888727,5988.626555890416,4623.378006227508,2430.726870353456,-4181.65028152306,-5037.8245771396005,-4267.386121337809,1903.7300357016825,-591.2255338849509,3900.473905091257,565.8413039230617,3512.591014840425,-1069.8726536547542,-3709.81309900316,-1516.9912445944628,-2393.8217422344355,-5302.9750972223155,-4455.679609928885,-2186.521415394025,2618.4799404357927,243.26980245610378,1166.96715984586,1708.2984924882583,271.8148898866349,119.511317073281
-57.614682051108055,78.86494599475792,-28.624403013535503,0.15273225433618867,13.422393217390459,48.876473031491706,-130.7660665345287,62.18559282276836,58.17425131771507,-3.219537292917362,-16.63038880547747,-215.06208937647722,-136.55890944117368,4.066061557335158,-48.351683425893874,-112.19636931826804,-96.2861409391657,-45.439582259805924,-40.7198749037695,-251.64581877441054,-173.10889044105738,-133.57206976374343,-70.31231198460979,120.8825751744935,145.68348604262138,123.45768730512103,-55.02474634721034,17.14967801438504,-112.67712411236089,-16.31579091275408,-101.62892097278734,30.998061901312926,107.44466453654917,43.85222383489276,69.09296279484032,153.42019823808766,128.96830678615174,63.12661920701703,-75.52744154044576,-7.016932977924604,-33.66964673147038,-49.33198656272129,-7.894492631915914,-3.5511839856262113
704.0680454642666,-965.212363855438,350.884490813701,-1.808843425637964,-165.19479704383056,-597.6592437561364,1597.616120768782,-760.2047817231777,-709.9642451557581,40.925791336077545,201.73818211933698,2626.6990466320617,1668.673897147275,-48.351683425893874,590.2141042666292,1369.0579588793464,1175.9252072299755,555.5706164924645,496.26585289468085,3073.5649105659904,2115.6313388501003,1632.9357346666025,859.0283366347595,-1477.0979035986468,-1779.583927571103,-1507.2856457605596,672.463452639369,-208.4254217104474,1377.9327267964582,199.70220171097387,1240.5453813681668,-377.53014583247426,-1310.8582752614334,-535.5566536719731,-845.5569144681986,-1873.3010244320697,-1574.5203090971336,-770.829939768827,924.0426428904979,85.99985011959181,412.6704886178442,603.2673443102921,96.04187400402233,43.05565297617337
1634.6993119272086,-2241.4838876789336,815.4356042712078,-5.870072558072027,-383.82514903398896,-1389.4588804513346,3708.967338931191,-1766.4756939732545,-1648.1545646670788,95.41841029016668,466.79745341810093,6097.906109407477,3875.2066901719295,-112.19636931826804,1369.0579588793464,3178.929057531546,2729.7021167560592,1290.3023497526515,1151.8363021977498,7135.894338034471,4911.911506161092,3791.9160648980387,1993.8519667950231,-3429.839206534987,-4132.205299540673,-3500.261981883988,1561.4411859801946,-485.02384175181624,3199.04324761073,463.9737755953919,2881.133716050356,-877.6461054582614,-3043.4380016255054,-1244.1401917191054,-1963.0867666360161,-4349.878479744337,-3655.2002211827034,-1792.7466874052732,2147.1103347604067,199.59253242434775,957.1675584672371,1400.9719741433933,222.97800697333227,98.49571673988366
1403.8150716379491,-1924.9647304981647,700.2215374399367,-4.661007149345409,-329.67747779300043,-1192.7428803725606,3185.192361887802,-1516.547401301702,-1415.3170921300791,82.11691646596232,401.178437926433,5236.698136710028,3327.5491019662445,-96.2861409391657,1175.9252072299755,2729.7021167560592,2344.337807095216,1108.0201433392244,989.0941729535854,6127.955076946814,4218.195067615178,3256.2271914321677,1712.3895438362072,-2945.2584835078073,-3548.41211417021,-3005.484804504571,1340.848207785816,-416.2221618872245,2747.356598587816,398.3138952384285,2473.81680553963,-753.3002102478042,-2613.443067443452,-1068.183095817656,-1685.8564276924558,-3735.2217746655515,-3139.049101301452,-1538.6107281035777,1843.513301302254,171.50634825258751,822.3490073908288,1202.9905893400937,191.43140359689832,85.00794745544692
663.5768331360662,-910.1102327305722,331.2462296251189,-2.50788884591844,-155.9635446495182,-564.1797374678648,1505.620134650753,-717.2176127187565,-668.9726039181984,38.94350367271881,189.23940315229282,2475.210583899523,1573.122906896012,-45.439582259805924,555.5706164924645,1290.3023497526515,1108.0201433392244,523.9049102958966,467.44540506165606,2896.6007661116746,1993.9892759026213,1539.3591174585733,809.2912008599792,-1392.3182550724337,-1677.4204769010673,-1420.8050940321916,633.8628267815535,-196.91368775676705,1298.7213497114449,188.41714615471315,1169.4659016687388,-356.26552934165016,-1235.276634036881,-505.0814535285788,-797.01075561308,-1765.755482109062,-1483.6598304910765,-727.9237538017776,871.8842409239054,81.0931810893448,388.5784481003437,568.7284148595724,90.50825601654935,39.81049806260984
592.2454769705259,-811.8788044212523,295.2797928677364,-1.8156010949340526,-138.8785206241802,-503.01984194552523,1343.913595820419,-639.7434829945507,-597.2742115612074,34.352865345466356,169.50556441516238,2209.506352537168,1403.8116067092178,-40.7198749037695,496.26585289468085,1151.8363021977498,989.0941729535854,467.44540506165606,417.54863876558204,2585.4954694728513,1779.6124351275041,1373.6855368840081,722.4471667768709,-1242.6057574589192,-1497.1142195536836,-1268.1540302582428,565.6959891104502,-175.61621790284448,1158.966553212538,168.08140826539855,1043.7746315340123,-317.9255096285619,-1102.8345341284125,-450.708561845001,-711.1997623684882,-1576.0405281058302,-1324.468174132683,-649.0193971115262,777.5630013100016,72.31096397473344,346.84504383024074,507.4999440367142,80.82226222791672,35.910398131310274
3669.8145442594796,-5032.367753341803,1830.769334676057,-12.7854535101863,-862.0456050971225,-3119.002043267147,8326.41741845736,-3965.417448382426,-3699.836572156677,214.58176154770905,1047.8901941778538,13689.293435787136,8699.495487888727,-251.64581877441054,3073.5649105659904,7135.894338034471,6127.955076946814,2896.6007661116746,2585.4954694728513,16019.412183363826,11027.188902854079,8512.735266469366,4476.2611271534915,-7699.728995954525,-9276.346454531054,-7857.420361061443,3505.304252853689,-1088.256681203133,7182.096383273344,1041.5813052552255,6467.465245875061,-1969.6719016342754,-6831.777077318553,-2792.82817172762,-4407.449566132963,-9764.758651464694,-8205.438097929358,-4023.8580517404375,4820.106494915478,448.1465855423681,2149.352434767202,3145.132763572562,500.4773322483672,221.3257799966718
2526.2104433422546,-3464.3728807862904,1260.5140298191923,-8.852959939354212,-593.6290799155825,-2147.1889543875855,5731.704106779937,-2729.8068042507325,-2546.801930118035,147.9309619522654,721.077826892491,9423.212729252844,5988.626555890416,-173.10889044105738,2115.6313388501003,4911.911506161092,4218.195067615178,1993.9892759026213,1779.6124351275041,11027.188902854079,7590.988232740854,5860.0930334617715,3081.316259412399,-5300.305720497711,-6385.564258606606,-5408.732313476367,2412.9794520953033,-749.0019583728947,4944.178294274321,717.0784643287772,4451.913591398143,-1355.7231010914156,-4702.488626979335,-1922.5450090640138,-3034.255572034916,-6721.654384389639,-5648.205168755814,-2770.0019740986454,3318.324557184995,308.49148302368945,1479.670259020524,2165.1136925530336,344.49388974037834,152.1883980131309
1950.2383633601207,-2674.594327545363,973.2600698460358,-7.2277907540633475,-458.34688210451634,-1658.0604741377044,4424.648742524097,-2107.684482388688,-1965.9867090248254,114.38650013101528,556.2773973076579,7274.406477214153,4623.378006227508,-133.57206976374343,1632.9357346666025,3791.9160648980387,3256.2271914321677,1539.3591174585733,1373.6855368840081,8512.735266469366,5860.0930334617715,4524.206996364246,2378.64283930177,-4091.841838307137,-4929.631477627873,-4175.561136774209,1862.7947115415552,-578.3944077572752,3816.78528582097,553.5907610559733,3437.0312120808394,-1046.80096522109,-3630.1483115568312,-1484.3304062823597,-2342.381605429965,-5188.951988867928,-4360.186952173163,-2139.0181758660515,2562.0269094521623,238.06079975415827,1142.1388539477634,1671.5834517422286,265.84720943077974,117.21298142472601
1025.465840608674,-1406.1726000349524,511.428425959679,-3.3292130621117133,-240.8827356787371,-871.2567008995396,2326.6095172175787,-1107.7866180038145,-1033.7991170023718,59.983746861714,293.0436568750039,3825.2367335302765,2430.726870353456,-70.31231198460979,859.0283366347595,1993.8519667950231,1712.3895438362072,809.2912008599792,722.4471667768709,4476.2611271534915,3081.316259412399,2378.64283930177,1250.9330937170505,-2151.462905023321,-2591.966153066736,-2195.426132606586,979.4325178253293,-303.8609277393965,2006.9385094653817,290.9564887526387,1807.0399834045438,-550.1671038101504,-1908.9325970202547,-780.2504140212754,-1231.570024801266,-2728.3758742722707,-2292.8822933513006,-1123.8542937902039,1346.5703810883863,125.21617323685894,600.8029082011899,878.7937509342313,139.79321729013057,62.11727106133618
-1763.9293172448768,2419.0061055548013,-880.0892082086339,6.3976950052395845,414.47100442779833,1499.4992863426182,-4002.014475405316,1906.297291594956,1778.2438349968227,-103.22642884567681,-503.3235314065616,-6579.648273596885,-4181.65028152306,120.8825751744935,-1477.0979035986468,-3429.839206534987,-2945.2584835078073,-1392.3182550724337,-1242.6057574589192,-7699.728995954525,-5300.305720497711,-4091.841838307137,-2151.462905023321,3701.040115280318,4458.771147317829,3776.849310777977,-1684.8637615910711,523.1297381454242,-3452.162604198041,-500.7395873041201,-3108.740081094136,946.8779213130899,3283.6185740460305,1342.5025373864512,2118.550615604545,4693.551921210061,3943.783258803414,1934.655204197171,-2317.132538195803,-215.37431198560722,-1033.0159437465209,-1511.8125124748387,-240.5273794720472,-106.08171510967057
-2125.087610252407,2914.2118652564436,-1060.3363678788687,7.6683685683764535,499.2648846120184,1806.4568392276603,-4821.57256996064,2296.539232955493,2142.4468049980724,-124.33838063311718,-606.4907230263912,-7926.960126515978,-5037.8245771396005,145.68348604262138,-1779.583927571103,-4132.205299540673,-3548.41211417021,-1677.4204769010673,-1497.1142195536836,-9276.346454531054,-6385.564258606606,-4929.631477627873,-2591.966153066736,4458.771147317829,5371.756452794336,4550.12378148785,-2029.8572779488693,630.3309850059652,-4158.958003714103,-603.232350122992,-3745.2544067810386,1140.7476627795845,3956.030557406518,1617.3969691947098,2552.287814932852,5654.575026287766,4751.414150349287,2330.6309663346697,-2791.536703647841,-259.4958004383119,-1244.488869234271,-1821.340646229505,-289.8144058518976,-127.87645140706609
-1800.0180001916917,2468.3575104213824,-898.0356867513987,6.674661830015193,422.8376078685649,1530.3668668008372,-4083.906249145578,1945.4914026236038,1814.7305203817764,-105.11033682219407,-513.574098365299,-6714.354686395522,-4267.386121337809,123.45768730512103,-1507.2856457605596,-3500.261981883988,-3005.484804504571,-1420.8050940321916,-1268.1540302582428,-7857.420361061443,-5408.732313476367,-4175.561136774209,-2195.426132606586,3776.849310777977,4550.12378148785,3854.424180179081,-1719.3781736044384,534.0239842942268,-3522.6769756441654,-511.0449073626267,-3172.6112683094125,966.4900562418799,3351.007833361883,1370.0997401979814,2161.833447205246,4789.836533816114,4024.5064623187277,1974.7058572595893,-2364.636672837825,-219.71906159475154,-1053.9040386161546,-1542.7829637460948,-245.52088311263242,-108.07625721242846
803.015342362436,-1101.2271690691787,400.7063177869854,-2.8926404165952477,-188.69182603292137,-682.6652188413811,1821.9805905192507,-867.8559281837984,-809.5924047221637,46.980424488108824,229.124114426064,2995.409436593948,1903.7300357016825,-55.02474634721034,672.463452639369,1561.4411859801946,1340.848207785816,633.8628267815535,565.6959891104502,3505.304252853689,2412.9794520953033,1862.7947115415552,979.4325178253293,-1684.8637615910711,-2029.8572779488693,-1719.3781736044384,767.0643868493294,-238.1756393592117,1571.6092191812218,227.97333902301756,1415.227599449038,-431.0097598278925,-1494.842011376022,-611.1726434750894,-964.5134187759458,-2136.7197573724516,-1795.402089779988,-880.7273080002511,1054.9212106360724,98.06465872376303,470.26882741158704,688.2670190962779,109.54081424811757,48.28802919295753
-249.29389948012633,341.889142822453,-124.54927504614821,1.4276832919048346,58.532413356728085,212.419850092984,-565.5817502707845,269.7933721492801,251.3410297812765,-14.622421026171649,-70.79847148556092,-929.8277333480659,-591.2255338849509,17.14967801438504,-208.4254217104474,-485.02384175181624,-416.2221618872245,-196.91368775676705,-175.61621790284448,-1088.256681203133,-749.0019583728947,-578.3944077572752,-303.8609277393965,523.1297381454242,630.3309850059652,534.0239842942268,-238.1756393592117,74.43798264664588,-487.7194024836971,-70.81591011731214,-439.69025660090205,134.2347690371025,464.2449364605408,189.93239194161154,299.22865593957147,663.5845358293328,557.4199024123798,274.30113327021314,-327.9023257480906,-30.437335239267366,-145.59807174629296,-213.70782862754677,-34.03745057388213,-14.629412650654022
1645.3639924964427,-2256.538529171739,821.0470433016197,-5.726002712479399,-386.76729285838525,-1398.4917324375833,3733.1193896127934,-1777.9512231707124,-1658.6933132124427,96.47981325018972,469.57395276447204,6137.4103254856545,3900.473905091257,-112.67712411236089,1377.9327267964582,3199.04324761073,2747.356598587816,1298.7213497114449,1158.966553212538,7182.096383273344,4944.178294274321,3816.78528582097,2006.9385094653817,-3452.162604198041,-4158.958003714103,-3522.6769756441654,1571.6092191812218,-487.7194024836971,3220.342850059404,467.0466470881776,2899.4756759709694,-882.8620847044845,-3062.6440368665553,-1252.123943916416,-1976.3574638355972,-4377.816512347227,-3678.677674382555,-1804.0480717262467,2161.328300831205,200.9628360052765,963.8632499649312,1410.1774897216144,224.3541872581081,99.14089109146589
238.60507286538208,-327.288170333222,119.18695038862188,-0.9714234680271959,-56.12820946269055,-203.0491224024714,541.4109744291209,-258.1071050885454,-240.58410508082227,13.931921396802393,67.87190275594217,890.0138906149167,565.8413039230617,-16.31579091275408,199.70220171097387,463.9737755953919,398.3138952384285,188.41714615471315,168.08140826539855,1041.5813052552255,717.0784643287772,553.5907610559733,290.9564887526387,-500.7395873041201,-603.232350122992,-511.0449073626267,227.97333902301756,-70.81591011731214,467.0466470881776,67.86361281675187,420.6025101248059,-128.16898359154007,-444.1451127528804,-181.71750515178837,-286.73317774960447,-635.0454113500201,-533.3674230407104,-262.0891883705726,313.72488889468235,29.132647857898785,139.64942055763717,204.5772591085022,32.59286172986341,14.101833588463707
1481.6273165361401,-2031.7394552598594,739.2229322906269,-5.68500524889374,-348.0337910116586,-1259.827511230427,3361.429977619924,-1601.4188853675605,-1493.6802269634904,86.60581709166085,422.62383156200167,5526.588745800209,3512.591014840425,-101.62892097278734,1240.5453813681668,2881.133716050356,2473.81680553963,1169.4659016687388,1043.7746315340123,6467.465245875061,4451.913591398143,3437.0312120808394,1807.0399834045438,-3108.740081094136,-3745.2544067810386,-3172.6112683094125,1415.227599449038,-439.69025660090205,2899.4756759709694,420.6025101248059,2611.507140711621,-795.6079279747692,-2758.2228863670703,-1127.7766302753598,-1779.3381941329642,-3942.482063145382,-3312.6122688270298,-1625.5893265143804,1946.426511517472,180.8045750107193,867.389941857834,1269.916133140802,202.0437220879507,88.90213572807305
-451.2213046293128,618.7665433292017,-225.196535194332,2.1131015581289443,105.93006421831869,384.0088273002298,-1023.6261250295007,488.0112089722126,454.87603808927355,-26.331217005382072,-128.45691711157357,-1682.9835463493737,-1069.8726536547542,30.998061901312926,-377.53014583247426,-877.6461054582614,-753.3002102478042,-356.26552934165016,-317.9255096285619,-1969.6719016342754,-1355.7231010914156,-1046.80096522109,-550.1671038101504,946.8779213130899,1140.7476627795845,966.4900562418799,-431.0097598278925,134.2347690371025,-882.8620847044845,-128.16898359154007,-795.6079279747692,242.7337219406937,840.1984265340715,343.6597430449161,541.7247545684244,1200.960049230289,1008.8281087977285,495.8241359462288,-593.056448196184,-55.049128933746744,-263.8507732735581,-386.76393168632507,-61.53512211679225,-26.745372226974983
-1565.0077001460124,2145.861522190226,-780.5136019793541,5.398603641616605,367.3837185822807,1329.9368858220687,-3550.884515618696,1690.972320749329,1577.914226941159,-91.26321472547129,-447.1556158973086,-5838.04795766899,-3709.81309900316,107.44466453654917,-1310.8582752614334,-3043.4380016255054,-2613.443067443452,-1235.276634036881,-1102.8345341284125,-6831.777077318553,-4702.488626979335,-3630.1483115568312,-1908.9325970202547,3283.6185740460305,3956.030557406518,3351.007833361883,-1494.842011376022,464.2449364605408,-3062.6440368665553,-444.1451127528804,-2758.2228863670703,840.1984265340715,2913.844890090782,1191.0251549297232,1879.3084595976081,4164.498045194874,3499.4976777276847,1715.9552550971277,-2055.3055404370857,-191.13478356454468,-916.4685389021133,-1341.1554054807048,-213.46843294882427,-94.5084384256683
-639.7999876728654,877.435011131712,-319.41922505950544,2.568118369439899,150.35923298349073,544.2331545665311,-1451.6287342783446,691.7371322517871,645.0481425548452,-37.42786291322104,-182.2814185165704,-2386.4706819501753,-1516.9912445944628,43.85222383489276,-535.5566536719731,-1244.1401917191054,-1068.183095817656,-505.0814535285788,-450.708561845001,-2792.82817172762,-1922.5450090640138,-1484.3304062823597,-780.2504140212754,1342.5025373864512,1617.3969691947098,1370.0997401979814,-611.1726434750894,189.93239194161154,-1252.123943916416,-181.71750515178837,-1127.7766302753598,343.6597430449161,1191.0251549297232,487.1606633071553,768.4915615742863,1702.5562393334344,1430.36861085224,702.3018202718501,-840.8069904673974,-78.08098766405455,-374.4893968459815,-548.4612986708445,-87.27398529261,-38.16791611568918
-1009.7084086303655,1384.822377564459,-504.01706076287104,3.5066935595577107,237.442083380844,858.3774141510999,-2291.004159128098,1091.2655766287203,1017.9647007484328,-59.18298736079686,-287.9870287794587,-3766.359576576453,-2393.8217422344355,69.09296279484032,-845.5569144681986,-1963.0867666360161,-1685.8564276924558,-797.01075561308,-711.1997623684882,-4407.449566132963,-3034.255572034916,-2342.381605429965,-1231.570024801266,2118.550615604545,2552.287814932852,2161.833447205246,-964.5134187759458,299.22865593957147,-1976.3574638355972,-286.73317774960447,-1779.3381941329642,541.7247545684244,1879.3084595976081,768.4915615742863,1213.1062399666105,2686.544204631433,2257.3378356482235,1107.2855842979834,-1326.5885537039926,-123.28718832054152,-591.4900244519712,-865.500624766444,-137.73289380931485,-60.646352770182894
-2236.9269129214667,3067.5289076875742,-1116.015123180615,8.057410342229073,525.4616335787847,1901.4969790866737,-5075.368607732719,2417.475932093787,2255.263687504672,-130.66954334957265,-638.478885849426,-8344.267541190493,-5302.9750972223155,153.42019823808766,-1873.3010244320697,-4349.878479744337,-3735.2217746655515,-1765.755482109062,-1576.0405281058302,-9764.758651464694,-6721.654384389639,-5188.951988867928,-2728.3758742722707,4693.551921210061,5654.575026287766,4789.836533816114,-2136.7197573724516,663.5845358293328,-4377.816512347227,-635.0454113500201,-3942.482063145382,1200.960049230289,4164.498045194874,1702.5562393334344,2686.544204631433,5952.528746975255,5001.572040856648,2453.5090646070853,-2938.4443713737337,-273.2040737741881,-1309.8866038616382,-1917.137001981755,-305.1492939862387,-134.55029455936275
-1879.7462201815795,2577.5132683738743,-937.5940778046611,6.3704049671285015,441.37777100573544,1597.178799485057,-4264.975325503341,2030.7426678761744,1895.134565159371,-109.92423146766926,-537.1644535284634,-7012.025519851864,-4455.679609928885,128.96830678615174,-1574.5203090971336,-3655.2002211827034,-3139.049101301452,-1483.6598304910765,-1324.468174132683,-8205.438097929358,-5648.205168755814,-4360.186952173163,-2292.8822933513006,3943.783258803414,4751.414150349287,4024.5064623187277,-1795.402089779988,557.4199024123798,-3678.677674382555,-533.3674230407104,-3312.6122688270298,1008.8281087977285,3499.4976777276847,1430.36861085224,2257.3378356482235,5001.572040856648,4203.265116759745,2060.422265930894,-2468.5120557949863,-229.57939401964902,-1101.0230783067013,-1610.8385850168415,-256.3068581503494,-113.73315820762274
-921.8548213830449,1264.6255193551872,-460.5530968608595,4.834270713954593,216.94406586297308,785.5426329209218,-2091.157394455458,997.8358111660908,929.181710332972,-54.08051325667409,-261.4328191771021,-3437.9985985230655,-2186.521415394025,63.12661920701703,-770.829939768827,-1792.7466874052732,-1538.6107281035777,-727.9237538017776,-649.0193971115262,-4023.8580517404375,-2770.0019740986454,-2139.0181758660515,-1123.8542937902039,1934.655204197171,2330.6309663346697,1974.7058572595893,-880.7273080002511,274.30113327021314,-1804.0480717262467,-262.0891883705726,-1625.5893265143804,495.8241359462288,1715.9552550971277,702.3018202718501,1107.2855842979834,2453.5090646070853,2060.422265930894,1014.2655297493492,-1212.6503596122852,-112.42940747485791,-538.9381541724846,-790.4878600847609,-125.7949706003319,-53.91661733086008
1104.2687396523643,-1514.8013835476754,551.6132925092247,-4.76051814574101,-259.8475106166262,-939.7661479263301,2505.3717790546248,-1194.2449188405737,-1113.1561669684793,64.96726830076376,314.084542225897,4118.696817895889,2618.4799404357927,-75.52744154044576,924.0426428904979,2147.1103347604067,1843.513301302254,871.8842409239054,777.5630013100016,4820.106494915478,3318.324557184995,2562.0269094521623,1346.5703810883863,-2317.132538195803,-2791.536703647841,-2364.636672837825,1054.9212106360724,-327.9023257480906,2161.328300831205,313.72488889468235,1946.426511517472,-593.056448196184,-2055.3055404370857,-840.8069904673974,-1326.5885537039926,-2938.4443713737337,-2468.5120557949863,-1212.6503596122852,1451.7522591934357,134.8488597377633,646.3648653122821,946.6983378672438,150.64017685145657,65.56908939539922
102.64242060924134,-140.8380791479357,51.246174917546156,-0.28769962722497566,-24.15786855499471,-87.16153074954322,232.98755139929818,-110.87958437337302,-103.49624155774097,6.054733132946028,29.34253128560771,382.94917398919335,243.26980245610378,-7.016932977924604,85.99985011959181,199.59253242434775,171.50634825258751,81.0931810893448,72.31096397473344,448.1465855423681,308.49148302368945,238.06079975415827,125.21617323685894,-215.37431198560722,-259.4958004383119,-219.71906159475154,98.06465872376303,-30.437335239267366,200.9628360052765,29.132647857898785,180.8045750107193,-55.049128933746744,-191.13478356454468,-78.08098766405455,-123.28718832054152,-273.2040737741881,-229.57939401964902,-112.42940747485791,134.8488597377633,12.642191844560056,60.19286321134261,87.92166173015534,14.030622156416928,6.2511941907655
492.42014603444255,-675.3169640154525,245.56413829324057,-1.2735459538442298,-115.75041869229288,-418.0046802922132,1117.2517934970767,-531.6358634047958,-496.35413913859065,28.949543980603234,140.91656992718555,1836.8412496918602,1166.96715984586,-33.66964673147038,412.6704886178442,957.1675584672371,822.3490073908288,388.5784481003437,346.84504383024074,2149.352434767202,1479.670259020524,1142.1388539477634,600.8029082011899,-1033.0159437465209,-1244.488869234271,-1053.9040386161546,470.26882741158704,-145.59807174629296,963.8632499649312,139.64942055763717,867.389941857834,-263.8507732735581,-916.4685389021133,-374.4893968459815,-591.4900244519712,-1309.8866038616382,-1101.0230783067013,-538.9381541724846,646.3648653122821,60.19286321134261,288.832263721004,421.92809359108276,67.07044075802857,30.122727400537574
720.5399445623797,-988.1659220435151,359.6302400610328,-2.726607046489931,-169.36781902505197,-612.7330898176647,1634.7433601843868,-778.8335057059325,-726.377548279488,42.22724166995458,205.40417495237836,2687.600899068694,1708.2984924882583,-49.33198656272129,603.2673443102921,1400.9719741433933,1202.9905893400937,568.7284148595724,507.4999440367142,3145.132763572562,2165.1136925530336,1671.5834517422286,878.7937509342313,-1511.8125124748387,-1821.340646229505,-1542.7829637460948,688.2670190962779,-213.70782862754677,1410.1774897216144,204.5772591085022,1269.916133140802,-386.76393168632507,-1341.1554054807048,-548.4612986708445,-865.500624766444,-1917.137001981755,-1610.8385850168415,-790.4878600847609,946.6983378672438,87.92166173015534,421.92809359108276,617.6544919947073,98.24206689372245,43.19506339040703
114.60525517971816,-157.13399080647955,57.20233117708711,-0.35842973964676195,-26.916627632333867,-97.45560899990892,260.18580147668996,-123.94548799137272,-115.67059743163473,6.577304593590294,32.7279736155087,427.67551083275066,271.8148898866349,-7.894492631915914,96.04187400402233,222.97800697333227,191.43140359689832,90.50825601654935,80.82226222791672,500.4773322483672,344.49388974037834,265.84720943077974,139.79321729013057,-240.5273794720472,-289.8144058518976,-245.52088311263242,109.54081424811757,-34.03745057388213,224.3541872581081,32.59286172986341,202.0437220879507,-61.53512211679225,-213.46843294882427,-87.27398529261,-137.73289380931485,-305.1492939862387,-256.3068581503494,-125.7949706003319,150.64017685145657,14.030622156416928,67.07044075802857,98.24206689372245,15.731164762865891,6.846598927558103
50.684262353409444,-69.21983234992746,24.83955421314823,0.5592495318668808,-11.669063392938957,-42.08613626548217,115.09657315721198,-53.891170827828184,-51.14985234139141,2.8603739095077185,15.38039577945241,189.38491134335186,119.511317073281,-3.5511839856262113,43.05565297617337,98.49571673988366,85.00794745544692,39.81049806260984,35.910398131310274,221.3257799966718,152.1883980131309,117.21298142472601,62.11727106133618,-106.08171510967057,-127.87645140706609,-108.07625721242846,48.28802919295753,-14.629412650654022,99.14089109146589,14.101833588463707,88.90213572807305,-26.745372226974983,-94.5084384256683,-38.16791611568918,-60.646352770182894,-134.55029455936275,-113.73315820762274,-53.91661733086008,65.56908939539922,6.2511941907655,30.122727400537574,43.19506339040703,6.846598927558103,3.9397523942090986
