V1,V2,V3,V4,V5,V6,V7,V8,V9,V10,V11,V12,V13,V14,V15,V16,V17,V18,V19,V20,V21,V22,V23,V24,V25,V26,V27,V28,V29,V30,V31,V32,V33,V34,V35,V36,V37,V38,V39,V40,V41,V42,V43,V44,V45,V46,V47,V48,V49
450.68250112045985,-98.60559666965996,495.28801797372734,-277.0088797852582,244.43780689385522,234.72303210681704,184.20450039497334,84.32234054029264,505.1242085871418,-931.0266015927631,798.9520726693296,-204.72764323967232,-363.10511192617605,831.9638777439304,-52.85589528950077,144.24076230469018,-678.7981415241205,-167.83921290382602,-45.111612048870796,-496.56187153173767,323.7177854324631,-445.99434146236615,-222.77634925818492,656.2250686278461,-25.149040099360256,-901.4541914935426,-9.575102935913254,386.5953230088938,121.64113486763901,379.2087158878318,321.18913753722705,98.50938480524687,756.3025829527602,82.25425729589834,-258.7823482758606,-669.5768924288753,211.4310320557608,-39.679736999987625,-331.85141697295154,357.2242780486736,-394.9386707112816,125.06161324269956,-1285.734308463149,427.593945360351,-650.8274616498426,-603.5778996964125,819.1862757738229,-81.89004786902873,615.1575687724788
-98.60559666965996,23.970870905799014,-108.52120816710111,60.718809749432616,-53.50780646903552,-50.66617529035005,-39.92300116133955,-17.989382662125823,-111.24843829602236,203.66487664132276,-174.0953904739544,44.71504866446507,80.07458506029245,-182.277504081177,11.221336727619237,-32.71940059304078,149.21058735233817,37.08446852083827,9.131996695458064,107.80013382806929,-71.49692665878143,98.18853043703916,49.36000214601602,-142.6503651413429,5.811742111943241,196.7235879580737,2.3004201632223436,-84.58580336159041,-26.508262608032027,-83.62053650326989,-68.89766633215585,-20.77529117729194,-164.97475121822293,-17.91066977864033,55.32080338323109,146.79361704284327,-46.857041907027764,9.575098936267063,72.95870331261547,-77.47577836114603,85.88933394389339,-26.309576726704584,282.100789917591,-94.3441050760642,142.7597308558744,132.41151978106316,-179.84109603060514,17.786569156767833,-135.0315471293292
495.28801797372734,-108.52120816710111,544.6437925575683,-304.2785028833982,268.8315773886409,257.70715565461126,202.76780364438997,92.51082502362028,554.85065162264425,-1023.3650021655325,877.8922629702639,-224.59326514416455,-398.9040708632787,914.307473561053,-57.91667676805609,158.88871498093815,-746.222610184641,-184.608712348212,-49.128529576029095,-545.3034063960864,355.99801506204074,-489.9387599724889,-244.9479277653852,721.0507007207348,-27.886042351741878,-990.6108018211254,-10.523943483936293,424.8371832552504,133.53575613088196,416.891250653624,352.76646630670166,108.08498038488081,831.1087844183538,90.02669223254853,-284.2694204482754,-735.6488655520784,232.31593504538412,-43.520158995235334,-364.76569298566005,392.163550242219,-434.04632361680217,137.44299477434816,-1413.1383431126096,470.0903545316496,-715.3328838748628,-663.4927153433252,900.0067353038467,-90.0410143572363,676.2305228067476
-277.0088797852582,60.718809749432616,-304.2785028833982,170.52165578557177,-150.29653987044244,-144.31517681387962,-112.97342579490049,-51.95316391281718,-310.70945797823623,572.2243100160154,-491.35809134262394,126.24570570465805,223.21722467685294,-511.3404400012375,32.52727132437506,-88.78928295101166,417.1007513735352,103.18136841210334,27.82647757374737,305.5547752510911,-199.13576902296867,274.21937976547156,137.15934061112492,-403.4035421835008,15.295737508854003,553.987252785519,5.819489264267026,-237.53450446062047,-74.80424855019525,-233.18932462594526,-197.6303249354824,-60.6481128378195,-464.77328107917447,-50.89276099122363,159.24537937852335,411.69722707791465,-130.45214265109934,24.865023820048574,203.8843709009354,-219.6569393400497,242.7869472159812,-76.81838352063195,790.269437391489,-262.62930214294084,399.9815202993289,371.16721786502853,-503.70888520065984,50.59553891482096,-378.1099348109658
244.43780689385522,-53.50780646903552,268.8315773886409,-150.29653987044244,132.85164212583481,127.14057969976679,100.08900212297627,45.699692953693116,273.79949812204586,-505.16126800079525,433.472776992563,-110.93559427266295,-196.75684049836389,451.1809337660041,-28.552608717802876,78.64479786418264,-368.26970762751876,-91.19072397618002,-24.1229332423554,-269.24108537078496,175.890006130942,-241.71711706260646,-121.08867459426509,355.9091804530057,-13.752766229853114,-488.85344788083654,-5.122509047867312,209.5691967414878,65.84670156379082,205.85273647350948,174.28494954129158,53.38285040901292,410.1072762125721,44.482916355809174,-140.47980750620007,-363.0619631782473,114.95723330246442,-21.75355606181226,-179.96317313964084,193.4412786587385,-214.3306292310017,67.88760295948006,-697.4169836213736,231.86931523829173,-353.02725778940004,-327.6501626706328,444.13122942730973,-44.68961366867602,333.8129577070886
234.72303210681704,-50.66617529035005,257.70715565461126,-144.31517681387962,127.14057969976679,122.61435913098747,95.8177552986045,44.133145939528696,263.07284054612757,-484.7709556500381,416.3621344330184,-106.903788287019,-189.05342682947358,433.26587010309163,-27.74000106042369,74.53314741438734,-353.2092773098672,-87.20140532237392,-24.00050925845629,-259.0941901012404,168.25172878916078,-232.27888057405525,-115.76123421813652,342.10334265830136,-12.851994606357733,-469.672224835093,-4.9418993341322635,201.39668328694748,63.49434743636317,197.22559307302558,167.75695341524224,51.629170035202705,394.0975039191401,43.1089123715388,-135.18301888026159,-348.7912562524851,109.95556520735185,-20.43435580496778,-172.6927571391297,186.52802635825756,-205.80618852786748,65.39019338039827,-669.3657204330799,222.41295368575317,-338.80900129789353,-314.1494697998932,426.67865476676064,-42.61327457622774,320.1712241670471
184.20450039497334,-39.92300116133955,202.76780364438997,-112.97342579490049,100.08900212297627,95.8177552986045,75.80160422523896,34.35113383943873,205.95267757456267,-380.7617226857036,326.43250971773836,-83.1165760848376,-148.09635196132703,339.98651787396085,-21.497031904877993,59.02846924156938,-277.62071748966105,-68.7065377768249,-18.106309924982035,-202.60977467943414,132.3432375622992,-181.9708756720663,-90.97456222289375,268.24712198855593,-10.550383515074207,-368.5575279300535,-3.9071682368180647,158.0258754356395,49.57894069174031,154.957481826291,131.26498224648557,40.20154935625119,309.20881628895955,33.11875361600137,-105.84911342511337,-273.4089262297632,86.04667635463231,-15.764117492723438,-135.65018321165334,145.71314825813604,-161.5841790579823,51.33913976098545,-525.4853157235743,174.8508175690704,-266.04914809270144,-246.75131582104675,334.3588412430146,-33.4630753928905,251.57351480867476
84.32234054029264,-17.989382662125823,92.51082502362028,-51.95316391281718,45.699692953693116,44.133145939528696,34.35113383943873,15.98288578896763,94.53442732222912,-174.12793862509886,149.80988417072126,-38.626345746448344,-67.87213039514802,155.60681457188804,-10.005412018327313,26.72173104922335,-126.72571059483865,-31.2931135125767,-8.74408404555832,-93.33978500769699,60.46884262200176,-83.38291434237503,-41.63797120132872,123.03390532937254,-4.492945907158095,-168.7086363303272,-1.7143894742364678,72.29400561800816,22.843590173840067,70.84440747089613,60.52092360125471,18.69067484492216,141.58187551131965,15.667128142690638,-48.80762914666111,-125.29598528312337,39.71615249982863,-7.479672802615618,-61.95568235441548,67.10749369388533,-73.97789241660979,23.597734736063273,-240.37691202612342,79.7171987501244,-121.64225945585426,-112.91547896617031,153.2997806967778,-15.45791016828525,114.95136877576505
505.1242085871418,-111.24843829602236,554.85065162264425,-310.70945797823623,273.79949812204586,263.07284054612757,205.95267757456267,94.53442732222912,566.7280107512381,-1043.291427376141,895.436855789269,-229.93285604142682,-407.3343226578685,932.5646978036748,-59.28130120437497,161.76524159414896,-760.7775993577072,-188.09429696887668,-50.74823302397333,-556.7209225387998,362.8921095106022,-500.27607684662723,-249.86746126846535,735.3108727164383,-28.013325092711277,-1010.1865449406783,-10.781524953753012,433.2986397958382,136.44502662219008,425.14342406533376,359.7603089783312,110.32899968385787,847.521330861745,92.60940215824111,-289.7607010585186,-750.7589199851703,237.38031464012712,-44.99568721806174,-371.98066357942326,400.54476339820263,-442.42823203876736,139.7834519674741,-1441.2046461429738,479.30973933990606,-729.4716615484706,-676.5133806171486,918.6575949905217,-91.76581284440651,689.4387682092573
-931.0266015927631,203.66487664132276,-1023.3650021655325,572.2243100160154,-505.16126800079525,-484.7709556500381,-380.7617226857036,-174.12793862509886,-1043.291427376141,1923.5610352436865,-1650.5434662996602,422.73976266959704,749.9288050452244,-1718.6602244701194,109.10703967941778,-298.2473518461522,1402.4250731800817,346.8499262971154,92.89601899849983,1025.6677821564592,-668.9276188951299,921.2197139897486,460.3679986090193,-1355.6532231395959,52.096768233756805,1862.2624459576084,19.74966884487744,-798.6109138824207,-251.17528769554454,-783.5034536181291,-663.5776382111987,-203.4357261032924,-1562.3777275931895,-169.73429968795514,534.6627496944577,1383.1624346638046,-436.85640543503933,82.00608152050441,685.5418561838595,-737.7185133904635,816.0129003502068,-258.40919767105663,2656.1922431494563,-883.3698332993849,1344.5495404290773,1247.0708969874568,-1692.1328528093065,169.32079525923413,-1270.9731518720716
798.9520726693296,-174.0953904739544,877.8922629702639,-491.35809134262394,433.472776992563,416.3621344330184,326.43250971773836,149.80988417072126,895.436855789269,-1650.5434662996602,1417.0953801178935,-363.5118738930316,-643.488871637015,1474.7683175872953,-93.8284484327367,255.61604541145275,-1202.9386465431473,-297.45540172262076,-80.24993812717877,-881.0132814492704,573.9802265496581,-790.4321281935863,-395.09290250441074,1163.7823178526296,-44.261789519269875,-1598.0591942926828,-16.774323459164503,685.2111813814987,215.695831081322,672.2680398749516,570.2355932614677,175.06689615247086,1340.809296110952,146.29254098702836,-459.54025816900537,-1186.995504656641,375.4171476723523,-70.73022235504008,-588.0547534670208,633.4998531280943,-700.3573470833506,222.0758104453838,-2279.0942090036797,757.4933907022764,-1153.5763683518041,-1070.220396942605,1452.2232295270087,-145.66145053552944,1090.4036224630318
-204.72764323967232,44.71504866446507,-224.59326514416455,126.24570570465805,-110.93559427266295,-106.903788287019,-83.1165760848376,-38.626345746448344,-229.93285604142682,422.73976266959704,-363.5118738930316,93.91321141789476,165.11335697930303,-377.9257967839117,24.194546930224973,-65.37209271857799,307.92073750057176,76.08427782410492,21.00223027736576,226.36733200718123,-147.08640557934345,202.7740709508316,101.37666681310726,-298.354208348092,10.959112500531603,409.3821836949257,4.233334727938063,-175.5380524481807,-55.436942775286695,-172.30621917773584,-146.44095976675044,-45.083847901226086,-343.52963046392324,-38.15102471680594,117.97618847081316,304.4083227926197,-96.78088641912046,18.680836808772234,150.5777546724796,-162.7072509283925,179.38070271792535,-56.82494057845078,583.9632303130082,-193.83554842742075,295.4836037973559,274.27674442628006,-372.5766233580475,37.50841321140879,-279.230134469714
-363.10511192617605,80.07458506029245,-398.9040708632787,223.21722467685294,-196.75684049836389,-189.05342682947358,-148.09635196132703,-67.87213039514802,-407.3343226578685,749.9288050452244,-643.488871637015,165.11335697930303,292.9038742921403,-670.3984663637049,42.57562492482229,-116.26541559546999,546.9236077238902,135.17907331279255,36.42497124405908,399.962063385398,-260.7779726428593,359.6064772532407,179.49087799162916,-528.4845994199048,20.196657159513826,726.1511702296659,7.800228775818544,-311.50203447565497,-98.06692234125212,-305.58985145057454,-258.40720305517226,-79.21468083835256,-609.2236609887111,-66.4376998846421,208.06916678293683,539.6062062106605,-170.42206704510278,32.172722688012435,267.4836370843578,-287.85501564675053,317.9181794188807,-100.4455589944274,1036.0444331202073,-344.702921545808,524.4212462791673,486.16429673104744,-660.3489675676999,65.77303393286206,-495.53587184478613
831.9638777439304,-182.277504081177,914.307473561053,-511.3404400012375,451.1809337660041,433.26587010309163,339.98651787396085,155.60681457188804,932.5646978036748,-1718.6602244701194,1474.7683175872953,-377.9257967839117,-670.3984663637049,1535.8762553214976,-97.5580858265721,266.3051299712439,-1253.1389948226565,-309.83210636915686,-83.25576171465943,-916.5606459533043,597.585897826359,-823.4121561920492,-411.2545799408598,1211.3171753150782,-46.44291153880907,-1664.064517056216,-17.71062490758163,713.701742251744,224.56113680189378,700.0595513754645,592.7548514511802,181.774910983757,1396.1369455031079,151.8498150360343,-477.5425349759552,-1236.0912900004366,390.28297605518674,-73.2666735375143,-612.6526290049305,659.4262986120949,-728.9752825477408,230.74282779886252,-2373.582528028003,789.4613258592072,-1201.4732671747913,-1114.188961098296,1512.331191273865,-151.0787995735462,1135.6059266877508
-52.85589528950077,11.221336727619237,-57.91667676805609,32.52727132437506,-28.552608717802876,-27.74000106042369,-21.497031904877993,-10.005412018327313,-59.28130120437497,109.10703967941778,-93.8284484327367,24.194546930224973,42.57562492482229,-97.5580858265721,6.334220545522738,-16.57593423225251,79.43582169297818,19.56077317114859,5.601284770863148,58.51574573240099,-37.760238261397106,52.34801604574338,25.976161860908775,-77.12898626947654,2.801972388045053,105.82463800074132,1.10502409576761,-45.380192403795654,-14.356316382948926,-44.31734520872725,-37.920421829358595,-11.726662246649115,-88.80691194840394,-9.82270158567103,30.553506818444916,78.60126094715919,-24.705557086809026,4.5476055369856825,38.84666530126878,-42.187190625340115,46.37979017192441,-14.779802868780385,150.64199899649668,-49.99094765669623,76.24544407811166,70.6608591994932,-96.12823204390376,9.575741242275896,-72.02759699621873
144.24076230469018,-32.71940059304078,158.88871498093815,-88.78928295101166,78.64479786418264,74.53314741438734,59.02846924156938,26.72173104922335,161.76524159414896,-298.2473518461522,255.61604541145275,-65.37209271857799,-116.26541559546999,266.3051299712439,-16.57593423225251,47.36207107920151,-217.6952400134879,-54.10614172418305,-13.580773736645897,-158.40638813198328,104.40060158322672,-142.73268105232222,-71.98290679394604,209.57987508669234,-8.342131552293923,-288.1315773771874,-3.047504050151634,123.55936998024401,38.68595780492943,121.97229910804467,102.28033797242969,31.09890347799421,241.65891941408958,26.127360678030875,-82.3972938472419,-214.2633876225138,68.42142034120656,-13.515731786749187,-106.35791128607134,113.51689378752447,-126.29865962724122,39.63257480719658,-411.976944045294,137.1462992242585,-208.5204444403147,-193.74527741854314,262.2240408080808,-26.573863223552078,197.2821444050241
-678.7981415241205,149.21058735233817,-746.222610184641,417.1007513735352,-368.26970762751876,-353.2092773098672,-277.62071748966105,-126.72571059483865,-760.7775993577072,1402.4250731800817,-1202.9386465431473,307.92073750057176,546.9236077238902,-1253.1389948226565,79.43582169297818,-217.6952400134879,1022.8242901024283,253.01110189847898,67.46672738309718,747.3400460444449,-487.7957949772394,671.8491469701395,335.7016047441422,-988.0241892688233,38.20105344179378,1357.6748916945533,14.520923373806207,-582.3180569525232,-183.08218371373144,-571.3416816839808,-483.19842900575,-148.00342033797992,-1139.0058201099396,-123.50239242731178,389.279194604334,1008.5076558511568,-318.34204259358523,59.76519412963557,499.97081213819126,-537.636926973132,594.7954491853174,-188.05977130361924,1936.8118784259561,-644.4069440384765,980.4337460161812,909.2315149337869,-1233.7834559019445,123.24524989311242,-926.8341713610153
-167.83921290382602,37.08446852083827,-184.608712348212,103.18136841210334,-91.19072397618002,-87.20140532237392,-68.7065377768249,-31.2931135125767,-188.09429696887668,346.8499262971154,-297.45540172262076,76.08427782410492,135.17907331279255,-309.83210636915686,19.56077317114859,-54.10614172418305,253.01110189847898,62.6872452314968,16.478054036159396,184.7071366240914,-120.81941481298901,166.0865972968115,83.18598643938485,-244.21306520171981,9.530043236782106,335.6254086313168,3.577011940663927,-143.9249284023883,-45.20598786469766,-141.40728272627504,-119.40962514365998,-36.52145298586197,-281.54252631007193,-30.46753348766163,96.23362139698585,249.34696939338872,-78.91651149249476,14.963373572855682,123.6263562002184,-132.73836980995623,147.10374824278824,-46.451027361011946,478.9707078130636,-159.35852068748227,242.46059269509743,225.006332961151,-305.018568838584,30.625651333234597,-229.30269632950458
-45.111612048870796,9.131996695458064,-49.128529576029095,27.82647757374737,-24.1229332423554,-24.00050925845629,-18.106309924982035,-8.74408404555832,-50.74823302397333,92.89601899849983,-80.24993812717877,21.00223027736576,36.42497124405908,-83.25576171465943,5.601284770863148,-13.580773736645897,67.46672738309718,16.478054036159396,5.340323411005706,50.38377807237078,-31.87661946197431,44.76078333592012,21.910510671955347,-66.04822177963652,2.121731841881632,90.41731480764459,0.9374812521063243,-38.776946103675016,-12.424707268457002,-37.5811292985645,-32.673994869137026,-10.273393709740175,-75.92460451893935,-8.720130632536657,26.318674568246088,67.177767090419,-20.987027782716698,3.740576371421308,33.061019218307685,-36.48943364377173,39.56385601273353,-12.754313594552183,128.33012355768165,-42.44085487411996,64.93269445309213,60.064136114730026,-82.19565512050048,8.07847121961673,-61.21063097774216
-496.56187153173767,107.80013382806929,-545.3034063960864,305.5547752510911,-269.24108537078496,-259.0941901012404,-202.60977467943414,-93.33978500769699,-556.7209225387998,1025.6677821564592,-881.0132814492704,226.36733200718123,399.962063385398,-916.5606459533043,58.51574573240099,-158.40638813198328,747.3400460444449,184.7071366240914,50.38377807237078,548.1158953151009,-356.50564425833323,491.38045489032174,245.43488053524212,-723.551370324193,27.226211429630748,993.3146691691419,10.38544505345531,-425.8886843187441,-134.22251820950885,-417.6346657607509,-354.8085930316797,-109.09411649684573,-833.4496913438389,-91.32201823930748,285.95796650626727,737.898361008988,-233.4068330958107,43.99252631840165,365.33994047316884,-394.2099510077236,435.35236238476523,-138.13894135460325,1416.2695759949336,-470.500869124508,716.8191177918404,665.0478601729525,-902.7532929470075,90.57968493738113,-677.5356662543876
323.7177854324631,-71.49692665878143,355.99801506204074,-199.13576902296867,175.890006130942,168.25172878916078,132.3432375622992,60.46884262200176,362.8921095106022,-668.9276188951299,573.9802265496581,-147.08640557934345,-260.7779726428593,597.585897826359,-37.760238261397106,104.40060158322672,-487.7957949772394,-120.81941481298901,-31.87661946197431,-356.50564425833323,233.1386074181756,-320.2960531279223,-160.5429095603444,471.1519391647486,-18.195627931688904,-647.2222918935038,-6.81778278772072,277.5536519963377,87.23821698034996,272.80879272334795,230.52918079234618,70.5778953420451,542.9982586084562,59.0586991671757,-185.7978931895376,-480.92098056527,152.55233994295597,-29.13822520993148,-238.38520567264396,256.08598970772016,-283.6688348046557,89.63243003940815,-923.8087555668739,307.2133520972453,-467.57304137137453,-434.03999423451097,588.4228783951397,-59.20951543407926,442.15925511761185
-445.99434146236615,98.18853043703916,-489.9387599724889,274.21937976547156,-241.71711706260646,-232.27888057405525,-181.9708756720663,-83.38291434237503,-500.27607684662723,921.2197139897486,-790.4321281935863,202.7740709508316,359.6064772532407,-823.4121561920492,52.34801604574338,-142.73268105232222,671.8491469701395,166.0865972968115,44.76078333592012,491.38045489032174,-320.2960531279223,441.7551231549201,220.499275731347,-649.19964484721,24.847431547634976,892.0520310929478,9.572062413977319,-382.6539839182816,-120.45216544767383,-375.3056478470727,-317.53717732086403,-97.338804204023,-748.3822224691653,-81.57266021084023,255.7265518370705,662.8979130425411,-209.2746323358569,39.45756991637907,328.467204805634,-353.65848131777864,390.698088283959,-123.4058059916678,1272.519666080118,-423.32537092530185,644.1277477775891,597.2327995991451,-811.0480191175667,80.87280817670253,-608.8002470678096
-222.77634925818492,49.36000214601602,-244.9479277653852,137.15934061112492,-121.08867459426509,-115.76123421813652,-90.97456222289375,-41.63797120132872,-249.86746126846535,460.3679986090193,-395.09290250441074,101.37666681310726,179.49087799162916,-411.2545799408598,25.976161860908775,-71.98290679394604,335.7016047441422,83.18598643938485,21.910510671955347,245.43488053524212,-160.5429095603444,220.499275731347,110.64166793369904,-324.2198784227282,12.484941535166602,445.364122778667,4.674309747414461,-190.96988359822066,-60.02783981775948,-187.82633286081156,-158.67720647823347,-48.55716002096806,-373.628414627038,-40.76237977527021,127.87702120241825,331.043341805526,-105.22540418529226,20.307212675952236,164.03603090053514,-176.228400835795,195.22526857214115,-61.60475527673445,635.8032812628464,-211.38282417953076,321.7868264774934,298.8018320712636,-405.0589017191912,40.858911013532044,-304.32377020635226
656.2250686278461,-142.6503651413429,721.0507007207348,-403.4035421835008,355.9091804530057,342.10334265830136,268.24712198855593,123.03390532937254,735.3108727164383,-1355.6532231395959,1163.7823178526296,-298.354208348092,-528.4845994199048,1211.3171753150782,-77.12898626947654,209.57987508669234,-988.0241892688233,-244.21306520171981,-66.04822177963652,-723.551370324193,471.1519391647486,-649.19964484721,-324.2198784227282,955.9675882303218,-36.388394147493614,-1312.7507743118615,-13.819252008857935,562.9029411964518,177.19788312915475,551.9520546310978,468.3664770788517,143.83126312160613,1101.445104734293,120.00264254214179,-377.4365769678257,-974.8988597252171,307.8509807579977,-57.60955032655135,-483.01288552144894,520.4927266240478,-575.2654928139011,182.51185400829516,-1871.8479810836207,622.2252181903856,-947.4792314702236,-878.7858133751042,1192.6755122785996,-119.38699111700161,895.5288718411182
-25.149040099360256,5.811742111943241,-27.886042351741878,15.295737508854003,-13.752766229853114,-12.851994606357733,-10.550383515074207,-4.492945907158095,-28.013325092711277,52.096768233756805,-44.261789519269875,10.959112500531603,20.196657159513826,-46.44291153880907,2.801972388045053,-8.342131552293923,38.20105344179378,9.530043236782106,2.121731841881632,27.226211429630748,-18.195627931688904,24.847431547634976,12.484941535166602,-36.388394147493614,1.6982659250215266,50.30142267755734,0.6024918289590654,-21.59527958707979,-6.660713741312463,-21.256166308157155,-17.532901177153857,-5.2310833373705945,-42.14186838302825,-4.173978222339635,14.12879075867753,37.280283227080815,-11.580955594944633,2.051913062834018,18.626444636162898,-19.58817460172763,22.043955366130664,-6.858731144073664,71.90035364185546,-24.13019555887053,36.446125352457706,33.756206058702034,-45.532923901624464,4.481477679926822,-34.532591385847624
-901.4541914935426,196.7235879580737,-990.6108018211254,553.987252785519,-488.85344788083654,-469.672224835093,-368.5575279300535,-168.7086363303272,-1010.1865449406783,1862.2624459576084,-1598.0591942926828,409.3821836949257,726.1511702296659,-1664.064517056216,105.82463800074132,-288.1315773771874,1357.6748916945533,335.6254086313168,90.41731480764459,993.3146691691419,-647.2222918935038,892.0520310929478,445.364122778667,-1312.7507743118615,50.30142267755734,1803.319574945125,19.16364835639696,-773.3364895962549,-243.33310525970884,-758.2712042506943,-642.6407098760678,-197.13565254446914,-1512.9200720770903,-164.44337082089638,517.7711307306431,1339.3048632505001,-422.51589345631976,78.97866125657988,663.717084369101,-714.7471450575557,790.1094038444006,-250.31520120567262,2571.575818637787,-855.2026135835965,1301.7452884336597,1207.09756235987,-1638.427550244323,163.6682911070798,-1230.3732568354244
-9.575102935913254,2.3004201632223436,-10.523943483936293,5.819489264267026,-5.122509047867312,-4.9418993341322635,-3.9071682368180647,-1.7143894742364678,-10.781524953753012,19.74966884487744,-16.774323459164503,4.233334727938063,7.800228775818544,-17.71062490758163,1.10502409576761,-3.047504050151634,14.520923373806207,3.577011940663927,0.9374812521063243,10.38544505345531,-6.81778278772072,9.572062413977319,4.674309747414461,-13.819252008857935,0.6024918289590654,19.16364835639696,0.2741693689082587,-8.258417888716899,-2.586726646853681,-8.045221110006912,-6.602304903025289,-1.975422723323819,-16.05170023922898,-1.655752400159582,5.273879875314648,14.26356290825523,-4.337127275882025,0.7392311557357467,7.111637875752349,-7.575327223828784,8.327414330066173,-2.5389253654710733,27.373907365567423,-9.229287450679987,13.878189117067844,12.74904651914059,-17.45243291219762,1.5907145666240743,-13.093155949560762
386.5953230088938,-84.58580336159041,424.8371832552504,-237.53450446062047,209.5691967414878,201.39668328694748,158.0258754356395,72.29400561800816,433.2986397958382,-798.6109138824207,685.2111813814987,-175.5380524481807,-311.50203447565497,713.701742251744,-45.380192403795654,123.55936998024401,-582.3180569525232,-143.9249284023883,-38.776946103675016,-425.8886843187441,277.5536519963377,-382.6539839182816,-190.96988359822066,562.9029411964518,-21.59527958707979,-773.3364895962549,-8.258417888716899,331.7257723372736,104.38216302054502,325.2144923014839,275.43171084707546,84.48511834168413,648.8455238418703,70.51240123515103,-221.89845010342322,-574.4046681613581,181.13641900151018,-33.82374524270781,-284.6845723717803,306.51736554460246,-338.7611323011758,107.24370118088058,-1102.9240589282308,366.8835163383682,-558.289839699749,-517.6434356228301,702.7250955960392,-70.09188382544642,527.6892289671208
121.64113486763901,-26.508262608032027,133.53575613088196,-74.80424855019525,65.84670156379082,63.49434743636317,49.57894069174031,22.843590173840067,136.44502662219008,-251.17528769554454,215.695831081322,-55.436942775286695,-98.06692234125212,224.56113680189378,-14.356316382948926,38.68595780492943,-183.08218371373144,-45.20598786469766,-12.424707268457002,-134.22251820950885,87.23821698034996,-120.45216544767383,-60.02783981775948,177.19788312915475,-6.660713741312463,-243.33310525970884,-2.586726646853681,104.38216302054502,32.9261377126461,102.25833756417578,86.79150801343722,26.702035195423296,204.19320031130712,22.375211432513748,-69.93001083976814,-180.7901146514597,57.047190136709006,-10.670342658255539,-89.52608885805957,96.63853235928708,-106.5685927417043,33.77490516831151,-346.9490068591188,115.33434768399863,-175.6003276870344,-162.81792426210956,221.2044517214057,-22.056412943632875,165.94651560420309
379.2087158878318,-83.62053650326989,416.891250653624,-233.18932462594526,205.85273647350948,197.22559307302558,154.957481826291,70.84440747089613,425.14342406533376,-783.5034536181291,672.2680398749516,-172.30621917773584,-305.58985145057454,700.0595513754645,-44.31734520872725,121.97229910804467,-571.3416816839808,-141.40728272627504,-37.5811292985645,-417.6346657607509,272.80879272334795,-375.3056478470727,-187.82633286081156,551.9520546310978,-21.256166308157155,-758.2712042506943,-8.045221110006912,325.2144923014839,102.25833756417578,319.428510607239,270.03506209227606,82.70203638607993,636.1651662072301,69.22118154332152,-217.55360256584873,-563.4191727564579,178.41228983478265,-33.88981577648967,-279.28057497861755,300.1984128045361,-332.234932169694,105.00691296260011,-1082.1155353585991,359.92641361158144,-547.7180938705915,-508.1879135071792,689.3862909307061,-69.12720499713298,517.8084991946524
321.18913753722705,-68.89766633215585,352.76646630670166,-197.6303249354824,174.28494954129158,167.75695341524224,131.26498224648557,60.52092360125471,359.7603089783312,-663.5776382111987,570.2355932614677,-146.44095976675044,-258.40720305517226,592.7548514511802,-37.920421829358595,102.28033797242969,-483.19842900575,-119.40962514365998,-32.673994869137026,-354.8085930316797,230.52918079234618,-317.53717732086403,-158.67720647823347,468.3664770788517,-17.532901177153857,-642.6407098760678,-6.602304903025289,275.43171084707546,86.79150801343722,270.03506209227606,230.0890887630883,70.8253276580294,539.2400277289021,59.07699811083698,-185.49632078503012,-477.1501567145479,150.95767572415232,-28.295113959567495,-236.180070581786,255.06670106301274,-281.8453923629133,89.76043955565736,-915.8818648040653,304.04185802285895,-463.5562666289133,-430.19954459843814,583.6626690841904,-58.785428911541594,438.1725514658549
98.50938480524687,-20.77529117729194,108.08498038488081,-60.6481128378195,53.38285040901292,51.629170035202705,40.20154935625119,18.69067484492216,110.32899968385787,-203.4357261032924,175.06689615247086,-45.083847901226086,-79.21468083835256,181.774910983757,-11.726662246649115,31.09890347799421,-148.00342033797992,-36.52145298586197,-10.273393709740175,-109.09411649684573,70.5778953420451,-97.338804204023,-48.55716002096806,143.83126312160613,-5.2310833373705945,-197.13565254446914,-1.975422723323819,84.48511834168413,26.702035195423296,82.70203638607993,70.8253276580294,21.94391325778938,165.49249945254877,18.284696836243285,-57.16695078560721,-146.3287083008479,46.294671212779996,-8.607404654734054,-72.35410337899108,78.44047747662759,-86.46935167366593,27.695983763927472,-280.7461065106462,93.06859530383763,-142.0704611733271,-131.88120408627867,178.98878198593434,-18.07650211059296,134.28534980862847
756.3025829527602,-164.97475121822293,831.1087844183538,-464.77328107917447,410.1072762125721,394.0975039191401,309.20881628895955,141.58187551131965,847.521330861745,-1562.3777275931895,1340.809296110952,-343.52963046392324,-609.2236609887111,1396.1369455031079,-88.80691194840394,241.65891941408958,-1139.0058201099396,-281.54252631007193,-75.92460451893935,-833.4496913438389,542.9982586084562,-748.3822224691653,-373.628414627038,1101.445104734293,-42.14186838302825,-1512.9200720770903,-16.05170023922898,648.8455238418703,204.19320031130712,636.1651662072301,539.2400277289021,165.49249945254877,1269.385867425702,138.0349986019251,-434.5044691483615,-1123.6116963286038,354.51695333407133,-66.2328495167666,-556.8238857494656,599.7046374617358,-662.8530743066436,210.0674287258916,-2157.4935666139945,717.4657110573123,-1092.099386111134,-1012.7431105853623,1374.6008212551449,-137.3374707806863,1032.250862126154
82.25425729589834,-17.91066977864033,90.02669223254853,-50.89276099122363,44.482916355809174,43.1089123715388,33.11875361600137,15.667128142690638,92.60940215824111,-169.73429968795514,146.29254098702836,-38.15102471680594,-66.4376998846421,151.8498150360343,-9.82270158567103,26.127360678030875,-123.50239242731178,-30.46753348766163,-8.720130632536657,-91.32201823930748,59.0586991671757,-81.57266021084023,-40.76237977527021,120.00264254214179,-4.173978222339635,-164.44337082089638,-1.655752400159582,70.51240123515103,22.375211432513748,69.22118154332152,59.07699811083698,18.284696836243285,138.0349986019251,15.70433128050652,-47.58115840145969,-122.4274293699533,39.16165058876804,-7.755854308997865,-60.42525627543743,65.61819178268985,-72.03944947277678,22.83938401627097,-234.56892554374167,77.70566446198919,-118.63864371574269,-110.19147103517345,149.91647270212894,-15.166097932797191,112.06889540478099
-258.7823482758606,55.32080338323109,-284.2694204482754,159.24537937852335,-140.47980750620007,-135.18301888026159,-105.84911342511337,-48.80762914666111,-289.7607010585186,534.6627496944577,-459.54025816900537,117.97618847081316,208.06916678293683,-477.5425349759552,30.553506818444916,-82.3972938472419,389.279194604334,96.23362139698585,26.318674568246088,285.95796650626727,-185.7978931895376,255.7265518370705,127.87702120241825,-377.4365769678257,14.12879075867753,517.7711307306431,5.273879875314648,-221.89845010342322,-69.93001083976814,-217.55360256584873,-185.49632078503012,-57.16695078560721,-434.5044691483615,-47.58115840145969,149.66861686937094,384.3722940961751,-121.67965152871466,22.772466350209253,190.22540254669025,-205.48624297774472,227.15443295879115,-72.43647997905498,737.8432554898809,-244.85424839972362,373.4340492873728,346.7065994719146,-470.1164462244745,47.49796419634767,-353.0858238329059
-669.5768924288753,146.79361704284327,-735.6488655520784,411.69722707791465,-363.0619631782473,-348.7912562524851,-273.4089262297632,-125.29598528312337,-750.7589199851703,1383.1624346638046,-1186.995504656641,304.4083227926197,539.6062062106605,-1236.0912900004366,78.60126094715919,-214.2633876225138,1008.5076558511568,249.34696939338872,67.177767090419,737.898361008988,-480.92098056527,662.8979130425411,331.043341805526,-974.8988597252171,37.280283227080815,1339.3048632505001,14.26356290825523,-574.4046681613581,-180.7901146514597,-563.4191727564579,-477.1501567145479,-146.3287083008479,-1123.6116963286038,-122.4274293699533,384.3722940961751,995.050894653307,-314.2632535756299,59.17081926480291,493.0170973027874,-530.9099409176537,586.7586769857389,-185.60609188936948,1910.282727170652,-635.294268981628,966.9521612752595,896.7401752791475,-1217.3554333535656,121.65194135928708,-913.9741719048708
211.4310320557608,-46.857041907027764,232.31593504538412,-130.45214265109934,114.95723330246442,109.95556520735185,86.04667635463231,39.71615249982863,237.38031464012712,-436.85640543503933,375.4171476723523,-96.78088641912046,-170.42206704510278,390.28297605518674,-24.705557086809026,68.42142034120656,-318.34204259358523,-78.91651149249476,-20.987027782716698,-233.4068330958107,152.55233994295597,-209.2746323358569,-105.22540418529226,307.8509807579977,-11.580955594944633,-422.51589345631976,-4.337127275882025,181.13641900151018,57.047190136709006,178.41228983478265,150.95767572415232,46.294671212779996,354.51695333407133,39.16165058876804,-121.67965152871466,-314.2632535756299,100.53707997099589,-19.82114449771475,-155.56914073643637,167.3604327453201,-185.26462841007387,58.51409230897681,-603.3995973269904,200.35162145190196,-305.3042063990172,-283.78686566544286,384.64979862595106,-39.11393166993101,288.74819629286515
-39.679736999987625,9.575098936267063,-43.520158995235334,24.865023820048574,-21.75355606181226,-20.43435580496778,-15.764117492723438,-7.479672802615618,-44.99568721806174,82.00608152050441,-70.73022235504008,18.680836808772234,32.172722688012435,-73.2666735375143,4.5476055369856825,-13.515731786749187,59.76519412963557,14.963373572855682,3.740576371421308,43.99252631840165,-29.13822520993148,39.45756991637907,20.307212675952236,-57.60955032655135,2.051913062834018,78.97866125657988,0.7392311557357467,-33.82374524270781,-10.670342658255539,-33.88981577648967,-28.295113959567495,-8.607404654734054,-66.2328495167666,-7.755854308997865,22.772466350209253,59.17081926480291,-19.82114449771475,4.730112355610634,29.198408665377706,-31.196895215761057,34.67147317180704,-10.68132975706574,113.47579635034771,-37.5332919021624,57.346389422597504,53.65443040606197,-72.56162553979723,7.75694577740258,-54.30458380353083
-331.85141697295154,72.95870331261547,-364.76569298566005,203.8843709009354,-179.96317313964084,-172.6927571391297,-135.65018321165334,-61.95568235441548,-371.98066357942326,685.5418561838595,-588.0547534670208,150.5777546724796,267.4836370843578,-612.6526290049305,38.84666530126878,-106.35791128607134,499.97081213819126,123.6263562002184,33.061019218307685,365.33994047316884,-238.38520567264396,328.467204805634,164.03603090053514,-483.01288552144894,18.626444636162898,663.717084369101,7.111637875752349,-284.6845723717803,-89.52608885805957,-279.28057497861755,-236.180070581786,-72.35410337899108,-556.8238857494656,-60.42525627543743,190.22540254669025,493.0170973027874,-155.56914073643637,29.198408665377706,244.4734959134388,-262.8819840198689,290.6756078736698,-91.928314731413,946.8499543649926,-315.0585717858148,479.31110882427123,444.37571284987945,-603.2299804568022,60.153937164434105,-452.9858245196516
357.2242780486736,-77.47577836114603,392.163550242219,-219.6569393400497,193.4412786587385,186.52802635825756,145.71314825813604,67.10749369388533,400.54476339820263,-737.7185133904635,633.4998531280943,-162.7072509283925,-287.85501564675053,659.4262986120949,-42.187190625340115,113.51689378752447,-537.636926973132,-132.73836980995623,-36.48943364377173,-394.2099510077236,256.08598970772016,-353.65848131777864,-176.228400835795,520.4927266240478,-19.58817460172763,-714.7471450575557,-7.575327223828784,306.51736554460246,96.63853235928708,300.1984128045361,255.06670106301274,78.44047747662759,599.7046374617358,65.61819178268985,-205.48624297774472,-530.9099409176537,167.3604327453201,-31.196895215761057,-262.8819840198689,283.8625739537268,-313.114200783406,99.31654778601995,-1018.7952710466158,338.61645689893055,-515.6844822941838,-478.0816191712613,649.5054300332189,-64.76186337036802,487.2925178123605
-394.9386707112816,85.88933394389339,-434.04632361680217,242.7869472159812,-214.3306292310017,-205.80618852786748,-161.5841790579823,-73.97789241660979,-442.42823203876736,816.0129003502068,-700.3573470833506,179.38070271792535,317.9181794188807,-728.9752825477408,46.37979017192441,-126.29865962724122,594.7954491853174,147.10374824278824,39.56385601273353,435.35236238476523,-283.6688348046557,390.698088283959,195.22526857214115,-575.2654928139011,22.043955366130664,790.1094038444006,8.327414330066173,-338.7611323011758,-106.5685927417043,-332.234932169694,-281.8453923629133,-86.46935167366593,-662.8530743066436,-72.03944947277678,227.15443295879115,586.7586769857389,-185.26462841007387,34.67147317180704,290.6756078736698,-313.114200783406,346.3814078461003,-109.82170360299996,1126.570827587797,-374.499606506491,570.273152384437,529.0295695080185,-717.675981305139,71.94525839713049,-539.1470117053121
125.06161324269956,-26.309576726704584,137.44299477434816,-76.81838352063195,67.88760295948006,65.39019338039827,51.33913976098545,23.597734736063273,139.7834519674741,-258.40919767105663,222.0758104453838,-56.82494057845078,-100.4455589944274,230.74282779886252,-14.779802868780385,39.63257480719658,-188.05977130361924,-46.451027361011946,-12.754313594552183,-138.13894135460325,89.63243003940815,-123.4058059916678,-61.60475527673445,182.51185400829516,-6.858731144073664,-250.31520120567262,-2.5389253654710733,107.24370118088058,33.77490516831151,105.00691296260011,89.76043955565736,27.695983763927472,210.0674287258916,22.83938401627097,-72.43647997905498,-185.60609188936948,58.51409230897681,-10.68132975706574,-91.928314731413,99.31654778601995,-109.82170360299996,35.21445241873042,-356.45255041950315,118.29224960742977,-180.4395585613792,-167.41791514154139,226.98430457899968,-22.87109040805457,170.5408604476425
-1285.734308463149,282.100789917591,-1413.1383431126096,790.269437391489,-697.4169836213736,-669.3657204330799,-525.4853157235743,-240.37691202612342,-1441.2046461429738,2656.1922431494563,-2279.0942090036797,583.9632303130082,1036.0444331202073,-2373.582528028003,150.64199899649668,-411.976944045294,1936.8118784259561,478.9707078130636,128.33012355768165,1416.2695759949336,-923.8087555668739,1272.519666080118,635.8032812628464,-1871.8479810836207,71.90035364185546,2571.575818637787,27.373907365567423,-1102.9240589282308,-346.9490068591188,-1082.1155353585991,-915.8818648040653,-280.7461065106462,-2157.4935666139945,-234.56892554374167,737.8432554898809,1910.282727170652,-603.3995973269904,113.47579635034771,946.8499543649926,-1018.7952710466158,1126.570827587797,-356.45255041950315,3668.3896845160302,-1220.190653644634,1856.8775332117864,1722.1068416876815,-2337.203869994279,233.59629658670494,-1755.1624176868104
