V1,V2,V3,V4,V5,V6,V7,V8,V9,V10,V11,V12,V13,V14,V15,V16,V17,V18,V19,V20,V21,V22,V23,V24,V25,V26,V27,V28,V29,V30,V31,V32,V33,V34,V35,V36,V37,V38,V39,V40,V41,V42,V43,V44,V45,V46,V47,V48,V49
179.68526878181686,-39.33024834530921,197.522791642649,-110.37932696715971,97.42295846011356,93.52479646866968,73.42722904798026,33.63454403762931,201.38257470512676,-371.1159012919496,318.5317537451582,-81.64687629438939,-144.87987328681123,331.71305956169334,-21.01064816087842,57.53972068075547,-270.5171602631381,-66.85146128499814,-17.96570679341814,-197.88747495142252,129.05606113996592,-177.69317663003753,-88.77981264490805,261.62017289125487,-9.981535396774719,-359.2946730857124,-3.8094399825213565,154.08131693619444,48.48859172576095,151.20226046944103,127.98323463557381,39.253829517705306,301.4717784913837,32.813007238268895,-103.0789904597649,-266.7882241664107,84.32429397830961,-15.82228259095073,-132.3704752047289,142.34443445425532,-157.26157325651786,49.888529142933834,-512.6222655760748,170.5111777287924,-259.47174869837926,-240.53878234221295,326.60976548866284,-32.562175977434265,245.06659193592057
-39.33024834530921,10.177660285531006,-43.73372721574445,23.67931505622261,-21.247271957138953,-19.870551732614476,-16.354162770670783,-6.753332999408889,-44.06678761087903,81.27174421329333,-68.66968198916749,16.969028668830475,32.05521229353469,-72.86465716776215,4.262059889243227,-13.229140717292953,59.98130173046842,14.855992841208451,3.1371460510196503,41.98821511338852,-28.51677140315004,39.08548375991038,19.441904919817837,-56.51501782478703,2.7323130408141796,78.36308532150278,1.068462911169852,-33.960902467487145,-10.487832600713084,-33.414105822862275,-26.579349981674497,-7.937134397034521,-65.88768806064977,-6.454044508398519,21.36441044600248,58.25056322948812,-17.95658582245464,3.1499581124116816,29.391839680301526,-30.390507985596415,33.92398750134037,-10.30817287235517,112.8249675247273,-38.29348802931572,57.12152627941791,52.64366120452884,-71.44065088036075,6.597341626706573,-54.05675043029447
197.522791642649,-43.73372721574445,217.416263027812,-121.05573299390369,106.99939364628574,102.58066435300967,80.85272362616271,36.797620567541394,221.32669996282974,-407.85750668051975,349.78147448734046,-89.44243359678698,-159.47364737848415,364.76586115227366,-22.92381212527155,63.405636302742096,-297.50647847966303,-73.4808197696875,-19.511097180759243,-216.9887584657742,141.93957938161034,-195.2329077299286,-97.50019826137455,287.35097337984945,-11.11563015832906,-394.7431880072561,-4.269530487457623,169.44861782796482,53.28125025895843,166.31085707685108,140.11955478957404,42.941226740016795,331.3611593282886,35.82064445422756,-112.8435914708573,-292.997223870683,92.50258548046915,-17.14580809062737,-145.69606103811455,156.16340693487876,-172.490491351665,54.69530692785511,-563.7279332737802,187.81323981872993,-285.3059573724081,-264.3342329060066,358.9776117812248,-35.49167859580838,269.35946715047714
-110.37932696715971,23.67931505622261,-121.05573299390369,68.20348895791247,-60.01528703637763,-57.68319157947399,-44.950297049648206,-20.903415588979545,-123.82791674775024,228.0705362945614,-196.13337167629615,50.558097603081016,88.70679628980356,-203.62064538289053,13.075300926557041,-35.23969284929342,166.05655100745327,41.146982228928245,11.272786218039206,122.24585272011542,-79.32166059679486,109.27059890234311,54.772904656253786,-160.95712655794665,5.984079704379123,220.92413722134228,2.2367177755075107,-94.52972902026033,-29.809557377232476,-92.78673554475895,-79.24263233197324,-24.339527751048003,-185.2062040868432,-20.45135625561639,63.906715704107036,164.19809932811265,-52.1685053658242,10.091316526043842,81.05350339066503,-87.79061363858692,97.07971249281803,-30.762557987216123,314.65213191506126,-104.26100855513651,159.28626039160298,148.01256620039644,-200.68627110920642,20.441949549327816,-150.66892883440187
97.42295846011356,-21.247271957138953,106.99939364628574,-60.01528703637763,52.97914234122384,50.71143699226091,39.770605795899264,18.246750617121403,109.23140824435177,-201.33995566417948,172.79247815538548,-44.30629066613148,-78.43057867989401,179.78710021488158,-11.4234444315993,31.318723526179003,-146.7509122939458,-36.342121827277836,-9.675138259655851,-107.41064855649654,70.0012468392076,-96.4472730442131,-48.29106602624936,141.84369584989687,-5.450353494786981,-194.94881640041706,-2.044287575076893,83.44606159503053,26.204252066852337,81.95544692961333,69.54658728210259,21.209388730958654,163.37144226968624,17.782050760428216,-55.94338995294084,-144.83028821062678,45.78809907678927,-8.800102909697479,-71.72649049692761,77.22549633756928,-85.51810518317637,27.00313076510566,-277.8880845171022,92.3171768683151,-140.7214061758546,-130.49331355474675,177.1199718836839,-17.786181347089776,132.9450906199446
93.52479646866968,-19.870551732614476,102.58066435300967,-57.68319157947399,50.71143699226091,49.034512159554616,38.101499638242004,17.758950649776896,104.84824280871332,-193.17858851261238,166.2791009418228,-42.9193389652146,-75.18045153175301,172.58643825502406,-11.159427234898525,29.59540938567628,-140.57466550537407,-34.72903967800291,-9.763758234592318,-103.69027193340192,67.1156739613542,-92.52149166147906,-46.22479700289187,136.5437536358452,-4.95700576172577,-187.15531767162824,-1.8741546809593141,80.2340075465378,25.373422923792987,78.59476517305353,67.28770763176476,20.842263214608067,157.11705616660925,17.451844221303485,-54.338452290804916,-139.05995054275414,44.14312085322096,-8.327588649782353,-68.63418616287667,74.50661779393708,-82.18965106718323,26.218550339238448,-266.5985258634763,88.3350675425536,-134.88356685044107,-125.37403687399541,170.01817489798185,-17.28542397086203,127.64040214672202
73.42722904798026,-16.354162770670783,80.85272362616271,-44.950297049648206,39.770605795899264,38.101499638242004,30.18117937313883,13.602413026110481,82.23107061320314,-151.66446315598316,129.81006176162222,-33.005594473646376,-59.19629388070157,135.59138379143425,-8.511019737560254,23.524417783310874,-110.7949195598865,-27.41700281248452,-7.186674275849923,-80.52723110708968,52.73888788114007,-72.67123911831473,-36.21940763163298,106.7110351159026,-4.295067903841986,-146.85153156659592,-1.6609794395311976,63.05446109130709,19.797554052677114,61.78368821762854,51.90396672530155,15.85173133950458,123.21129328712586,13.102277234723708,-41.839556093242656,-109.00518975844693,34.1657357849439,-6.160833369021571,-54.14681919378975,58.0462637383128,-64.23901271177162,20.24355816159263,-209.58022520196016,69.93369806608537,-106.10500760773361,-98.31151090712667,133.3742409682092,-13.124296732194104,100.32688885547097
33.63454403762931,-6.753332999408889,36.797620567541394,-20.903415588979545,18.246750617121403,17.758950649776896,13.602413026110481,6.647489641374867,37.75961756431252,-69.34746572703428,60.13481248192249,-15.782386279135936,-26.982470523611426,61.97885304953808,-4.040764440271953,10.475815443564512,-50.22445921646894,-12.423500135473963,-3.744038167112025,-37.712290562849454,24.146661250831396,-33.10896712266237,-16.67925268404569,49.3057309284663,-1.5784524480335498,-67.25826569034336,-0.5942003968997324,28.715929420219656,9.19118752660368,28.18548657967703,24.541923621256988,7.700998915029478,56.47360828055989,6.538109719761975,-19.90590973462147,-49.90888188450138,16.18998967621042,-3.127724119495549,-24.53682255228063,26.983812639573383,-29.559472924069222,9.60510692181152,-95.67134176741655,31.452722588262507,-48.36108243515275,-45.14104903318501,61.142566956111565,-6.389355761970882,45.69938009832269
201.38257470512676,-44.06678761087903,221.32669996282974,-123.82791674775024,109.23140824435177,104.84824280871332,82.23107061320314,37.75961756431252,225.7985476313461,-415.90254029758415,357.0907715988709,-91.63340854564572,-162.31333724167328,371.74750453400264,-23.572490000789635,64.4956964365507,-303.1707923061231,-74.9638253685323,-20.183640476665765,-221.95623880168526,144.71019236172518,-199.18486355587297,-99.61478753949328,293.2287405432091,-11.149255997020608,-402.67353397072804,-4.23853960933605,172.6508930051052,54.36245014767528,169.43812052608135,143.51529732682525,44.051003618974605,337.8705272773767,36.86512230731095,-115.66915012723413,-299.055920783041,94.65726300583559,-17.87288422658134,-148.29107100337217,159.60859567610942,-176.32102115905352,55.89596122899149,-574.4525353570729,190.9669783128092,-290.7583910124583,-269.70043885035386,366.0554271131427,-36.63174012517279,274.7237686482075
-371.1159012919496,81.27174421329333,-407.85750668051975,228.0705362945614,-201.33995566417948,-193.17858851261238,-151.66446315598316,-69.34746572703428,-415.90254029758415,766.7870226607153,-657.8914332388202,168.53891171222975,299.11934867580334,-685.09189040396,43.471103165450415,-119.00097100868658,558.970001636851,138.18462674613912,36.98563793861716,408.69233099935485,-266.5329845012205,367.2533261560013,183.45129755856033,-540.3302413483962,20.738717677426585,742.3276568033937,7.901049390346121,-318.2802160348096,-100.04809375106176,-312.3661474323615,-264.47546716360546,-80.9426092073712,-622.6471599051772,-67.68862988691303,212.84040993729062,551.3754857604118,-174.09658995050088,32.81844571364188,273.3933865882174,-293.9998511415784,325.16387102292725,-102.94560362309004,1058.8776886961448,-352.2271066887076,536.0471657010621,496.8672959529679,-674.6801812638223,67.3311393914898,-506.38532590533555
318.5317537451582,-68.66968198916749,349.78147448734046,-196.13337167629615,172.79247815538548,166.2791009418228,129.81006176162222,60.13481248192249,357.0907715988709,-657.8914332388202,565.7800937770807,-145.753611928179,-256.65747452722917,587.9014409867895,-37.52230508607221,101.71032898269,-478.8591577920894,-118.29208008983025,-32.47149040746539,-351.98430548046076,228.7715620110293,-314.8345016796277,-157.5155674856793,464.47044439262794,-17.11360248920253,-636.9673535544682,-6.486337054134153,272.98062869673606,86.09285036459785,268.01985328927407,228.18130257624105,70.25044563043917,534.524717046983,59.02957649172989,-183.8199848331753,-473.06694535460775,150.32621538495064,-28.65209677140373,-234.3183030153392,252.8557942636465,-279.08393328676385,88.94899403889788,-908.4128604430935,301.47841751263167,-459.6991620353285,-426.58258157897075,579.1744797054344,-58.345389960227784,434.1301886572396
-81.64687629438939,16.969028668830475,-89.44243359678698,50.558097603081016,-44.30629066613148,-42.9193389652146,-33.005594473646376,-15.782386279135936,-91.63340854564572,168.53891171222975,-145.753611928179,38.090096502097765,65.73262605288161,-150.61800457835153,9.769161193057919,-25.866888150987776,122.20905751075398,30.139760257705582,8.754284249873816,91.00591781102328,-58.67014388606862,80.52507949067223,40.46407883465825,-119.50015293518804,3.9520821229388963,163.18437422362186,1.472808189267605,-69.85225698509426,-22.192903558853256,-68.68904251201181,-59.280793729421475,-18.48240451275638,-137.0685992772087,-15.752180562344684,47.83753466475011,121.23218316332958,-39.159633743058585,7.75200119646919,59.84632027344109,-65.13655684253274,71.59285726504784,-23.13782971757482,232.61837950336422,-76.74891833420628,117.6088331395506,109.44865909368474,-148.57025299681445,15.352382503399475,-111.01183022468523
-144.87987328681123,32.05521229353469,-159.47364737848415,88.70679628980356,-78.43057867989401,-75.18045153175301,-59.19629388070157,-26.982470523611426,-162.31333724167328,299.11934867580334,-256.65747452722917,65.73262605288161,117.23100279384933,-267.5809687067539,16.760731113164777,-46.62908010962164,217.97999035880366,53.726117081863784,14.295186179578542,159.02483601603907,-104.030463538506,143.04481180113712,71.41352954171619,-210.81020619364736,8.016197813373795,289.39273528988787,3.100846714017731,-124.2067837894917,-39.03509251084785,-122.07934940459336,-102.8127012248367,-31.47893883687219,-242.93140101169263,-26.405350764294127,82.59234993472238,214.72555867935688,-67.9333260632101,12.727280792221862,107.02247054921104,-114.4029540645734,126.21205840835013,-40.2021379688359,413.55392104748285,-137.82094764248725,209.30315159930174,193.60868229897068,-263.4277259066863,25.898177020680638,-197.16112936057237
331.71305956169334,-72.86465716776215,364.76586115227366,-203.62064538289053,179.78710021488158,172.58643825502406,135.59138379143425,61.97885304953808,371.74750453400264,-685.09189040396,587.9014409867895,-150.61800457835153,-267.5809687067539,612.474360181525,-38.744878335174235,106.29490317712558,-499.4740112557915,-123.37464522503353,-33.07801429356226,-365.0694612828092,238.2706203793885,-328.02387064457497,-163.828368845558,482.89910780781645,-18.463469199181763,-663.1789213975211,-7.051904333150945,284.54193691756336,89.5203288607588,279.21374298497307,236.049824313286,72.4278932370899,556.5892175806877,60.51705438822146,-190.10644750843548,-492.42308714074943,155.5812460001876,-29.11490721032687,-244.46783748446617,262.639316234341,-290.13460293817195,92.04793874605434,-946.4955221315839,314.97446868043767,-479.0447138706997,-444.012958773525,602.9569610555396,-59.984603221400754,452.4290435116159
-21.01064816087842,4.262059889243227,-22.92381212527155,13.075300926557041,-11.4234444315993,-11.159427234898525,-8.511019737560254,-4.040764440271953,-23.572490000789635,43.471103165450415,-37.52230508607221,9.769161193057919,16.760731113164777,-38.744878335174235,2.6253367990075356,-6.549777745355475,31.583272564537143,7.81135538021197,2.3226004157097315,23.557542289612638,-15.056385335011319,20.88452311058231,10.415390776317418,-30.803629993947695,1.0581182920510834,42.16431489682388,0.38223588422575516,-18.06535104281045,-5.734094272838102,-17.62158238548957,-15.393325124860882,-4.822959920100205,-35.393637999180704,-4.038721040511618,12.471501078624193,31.42222976629272,-9.972710505285333,1.9455147119985117,15.320383097784838,-16.906080138371884,18.691760142798188,-5.9532723622588515,59.82344116332726,-19.69011898039732,30.266959159261212,28.2555772850001,-38.21340222700216,4.04823252467302,-28.802788716411747
57.53972068075547,-13.229140717292953,63.405636302742096,-35.23969284929342,31.318723526179003,29.59540938567628,23.524417783310874,10.475815443564512,64.4956964365507,-119.00097100868658,101.71032898269,-25.866888150987776,-46.62908010962164,106.29490317712558,-6.549777745355475,19.023537971386958,-86.8900877237568,-21.492584845062776,-5.259883537424947,-62.747551217462124,41.45104030470282,-56.96543358058175,-28.546640509701945,83.45449895756416,-3.3950268121575835,-114.95340019093038,-1.277904802130949,49.2692621143313,15.313395821829406,48.65564403283972,40.53118019643447,12.146796971158533,96.28123775690335,10.25866615381258,-32.35264553962322,-85.40794819311192,26.950115619215804,-5.33522705150318,-42.681216916324466,45.11361652889851,-50.159293219465425,15.711228841329403,-164.46889090932612,54.96688268419871,-83.3326665142582,-76.8978621421534,104.7095797316652,-10.240839609206596,78.41190371644095
-270.5171602631381,59.98130173046842,-297.50647847966303,166.05655100745327,-146.7509122939458,-140.57466550537407,-110.7949195598865,-50.22445921646894,-303.1707923061231,558.970001636851,-478.8591577920894,122.20905751075398,217.97999035880366,-499.4740112557915,31.583272564537143,-86.8900877237568,408.0635416193235,100.97938074594094,26.597875143346254,297.31213973605895,-194.38382853290798,267.9609400962829,133.74996549822487,-393.417868028411,15.540638716557535,541.1526323852081,5.9223484014446,-232.18822935977684,-72.88851306440827,-227.68514641969,-191.98784807389663,-58.657592966709686,-453.915768048064,-48.79260893828044,154.64517169791597,402.01668816494646,-126.4079152381466,23.55475480801879,199.38725656603998,-214.07934086841445,237.0545719627573,-74.65717475984422,772.0290065024336,-257.17551682953626,390.8829995606301,362.31435365988494,-491.6307038666604,48.86102953725507,-369.64739186435503
-66.85146128499814,14.855992841208451,-73.4808197696875,41.146982228928245,-36.342121827277836,-34.72903967800291,-27.41700281248452,-12.423500135473963,-74.9638253685323,138.18462674613912,-118.29208008983025,30.139760257705582,53.726117081863784,-123.37464522503353,7.81135538021197,-21.492584845062776,100.97938074594094,25.09974183756385,6.542644599665093,73.5496881025596,-48.09540644530412,66.32653597059931,33.16975914956766,-97.15545158308556,3.941658141226477,133.83679914106867,1.4912231882286462,-57.35121399841274,-17.995190876529378,-56.234957600095875,-47.42163363090609,-14.432553472494307,-112.14199466846922,-11.970371373426532,38.261526418086525,99.49239331676137,-31.255144306149877,5.851090193719415,49.192744160565134,-52.95163207833126,58.791030605822954,-18.370417369894604,190.73726708502699,-63.499237447696565,96.60770783598484,89.69540751017999,-121.45950471397681,12.181829053160339,-91.54557895849705
-17.96570679341814,3.1371460510196503,-19.511097180759243,11.272786218039206,-9.675138259655851,-9.763758234592318,-7.186674275849923,-3.744038167112025,-20.183640476665765,36.98563793861716,-32.47149040746539,8.754284249873816,14.295186179578542,-33.07801429356226,2.3226004157097315,-5.259883537424947,26.597875143346254,6.542644599665093,2.3928007830047617,20.637867518856496,-12.82090815888948,17.656675365624608,8.837040909829351,-26.616750747025204,0.6413605308830997,35.972231523323806,0.25198344897015296,-15.399496026236637,-5.047120104513848,-14.984446600718972,-13.577990807184067,-4.459128382332207,-30.333475371768625,-3.7939915399343302,11.140151198381087,26.730442206623813,-8.821251243980365,1.6494307193414735,12.927538773596071,-14.721302440700175,15.940065891208935,-5.36199436986538,50.92684089526444,-16.514245536287838,25.678271161577022,24.207303595558106,-32.66142719871605,3.626173747501124,-24.418892785184564
-197.88747495142252,41.98821511338852,-216.9887584657742,122.24585272011542,-107.41064855649654,-103.69027193340192,-80.52723110708968,-37.712290562849454,-221.95623880168526,408.69233099935485,-351.98430548046076,91.00591781102328,159.02483601603907,-365.0694612828092,23.557542289612638,-62.747551217462124,297.31213973605895,73.5496881025596,20.637867518856496,219.60481871501855,-142.14376436212007,195.69260938266748,98.0165299941267,-288.90609246486247,10.428015574820554,395.93959139481103,3.917152443125823,-169.57136048800362,-53.656960317787416,-166.2949236542371,-142.47111812289577,-44.09222731783934,-332.2719193738784,-37.03487550435209,115.09549690328673,294.1974900705899,-93.72782551228441,17.927767861494406,145.15470971980594,-157.64944582107978,173.91945293812464,-55.46819151130757,563.9634118404808,-186.6951637485718,285.34475537147114,265.38018742991994,-359.7477390598374,36.76337421060088,-269.9809625678311
129.05606113996592,-28.51677140315004,141.93957938161034,-79.32166059679486,70.0012468392076,67.1156739613542,52.73888788114007,24.146661250831396,144.71019236172518,-266.5329845012205,228.7715620110293,-58.67014388606862,-104.030463538506,238.2706203793885,-15.056385335011319,41.45104030470282,-194.38382853290798,-48.09540644530412,-12.82090815888948,-142.14376436212007,92.90299572057836,-127.65115289971844,-63.90672649713002,187.84767189445682,-7.19144745901377,-257.9456988182366,-2.722317064822539,110.69799111512683,34.8642152748197,108.70031146316481,91.81644738715177,28.21602492917899,216.54475957007497,23.594094350129687,-74.07846462124382,-191.62097430182598,60.760500551313434,-11.46898130990215,-95.033940640246,102.16142979984916,-112.92928175852893,35.7473984210502,-368.2612020126678,122.49588021703256,-186.34384420956098,-172.98202823253197,234.57112697973622,-23.514508694724825,176.21358830181444
-177.69317663003753,39.08548375991038,-195.2329077299286,109.27059890234311,-96.4472730442131,-92.52149166147906,-72.67123911831473,-33.10896712266237,-199.18486355587297,367.2533261560013,-314.8345016796277,80.52507949067223,143.04481180113712,-328.02387064457497,20.88452311058231,-56.96543358058175,267.9609400962829,66.32653597059931,17.656675365624608,195.69260938266748,-127.65115289971844,176.112280356336,87.92052552619354,-258.6138244821187,10.093279613834861,355.60881323350867,3.832287438408355,-152.50541571467812,-47.90974387175349,-149.5217624396716,-126.5336151265361,-38.70226590043421,-298.2245616093003,-32.26056043037127,101.92853354674459,264.29115716414333,-83.20048210214583,15.652785321949034,130.83382490026156,-140.8495430513386,155.99057849136,-49.13778989866381,507.01286796020275,-168.68574462975596,256.70855323366175,238.08308671682352,-323.00459964628135,32.3197783614211,-242.87138870855662
-88.77981264490805,19.441904919817837,-97.50019826137455,54.772904656253786,-48.29106602624936,-46.22479700289187,-36.21940763163298,-16.67925268404569,-99.61478753949328,183.45129755856033,-157.5155674856793,40.46407883465825,71.41352954171619,-163.828368845558,10.415390776317418,-28.546640509701945,133.74996549822487,33.16975914956766,8.837040909829351,98.0165299941267,-63.90672649713002,87.92052552619354,44.1187312555939,-129.26535586441727,4.949400834293656,177.61117693710514,1.8452023033364833,-76.05374239865307,-23.928977844048795,-74.70800580621678,-63.38645806652192,-19.398001780681778,-148.90972068365377,-16.272858634966358,51.120259960245214,132.01742390592915,-41.89460194657788,8.09854125473545,65.28558341285404,-70.4111340247235,77.96786287279605,-24.577014276453255,253.2194580744119,-84.06352173079033,128.1909975809092,119.08236211629107,-161.397007659795,16.344858975801092,-121.28743868612887
261.62017289125487,-56.51501782478703,287.35097337984945,-160.95712655794665,141.84369584989687,136.5437536358452,106.7110351159026,49.3057309284663,293.2287405432091,-540.3302413483962,464.47044439262794,-119.50015293518804,-210.81020619364736,482.89910780781645,-30.803629993947695,83.45449895756416,-393.417868028411,-97.15545158308556,-26.616750747025204,-288.90609246486247,187.84767189445682,-258.6138244821187,-129.26535586441727,381.419179974016,-14.143546441082961,-523.1834546684978,-5.374624618335897,224.30528464008637,70.73478591230902,220.0916434593578,187.19919479807876,57.652540384436364,439.10555798918057,48.32632365935712,-150.8430277146465,-388.5177527996606,123.21015146104054,-23.277408824184565,-192.49185075446113,207.64966625101061,-229.166048598031,73.0043360658965,-746.1585280967835,247.7744846812529,-377.5895191186659,-350.30498170213355,475.6279864514116,-47.76817955960037,356.64875915224803
-9.981535396774719,2.7323130408141796,-11.11563015832906,5.984079704379123,-5.450353494786981,-4.95700576172577,-4.295067903841986,-1.5784524480335498,-11.149255997020608,20.738717677426585,-17.11360248920253,3.9520821229388963,8.016197813373795,-18.463469199181763,1.0581182920510834,-3.3950268121575835,15.540638716557535,3.941658141226477,0.6413605308830997,10.428015574820554,-7.19144745901377,10.093279613834861,4.949400834293656,-14.143546441082961,0.9527614207327635,20.087492953199753,0.37986774244769084,-8.646722504231443,-2.5814456536941637,-8.415034600249781,-6.489969247375761,-1.7626193577037566,-16.680958037898076,-1.304497554608285,5.183944461970361,14.954354599354554,-4.237197238150424,0.611784773756708,7.475882260156498,-7.680398056847602,8.828531634821097,-2.4451476662865543,28.652331650846754,-9.860112809151897,14.60410749578368,13.39198632703941,-18.06308368138182,1.574317232645918,-13.956374317282432
-359.2946730857124,78.36308532150278,-394.7431880072561,220.92413722134228,-194.94881640041706,-187.15531767162824,-146.85153156659592,-67.25826569034336,-402.67353397072804,742.3276568033937,-636.9673535544682,163.18437422362186,289.39273528988787,-663.1789213975211,42.16431489682388,-114.95340019093038,541.1526323852081,133.83679914106867,35.972231523323806,395.93959139481103,-257.9456988182366,355.60881323350867,177.61117693710514,-523.1834546684978,20.087492953199753,718.8652020137022,7.6524721337971275,-308.1050482926451,-96.89463643137896,-302.20698402754255,-256.2027550682123,-78.43053379792218,-602.8597641588832,-65.50946209032888,206.291391115497,533.9221373908277,-168.4451572128756,31.6511080671708,264.538703059765,-284.8899920924057,315.05399068809373,-99.70915159030874,1024.9230059446822,-340.7957950825633,518.8963001776104,481.0915681355381,-653.1004627016102,65.25933269352211,-490.33550089002114
-3.8094399825213565,1.068462911169852,-4.269530487457623,2.2367177755075107,-2.044287575076893,-1.8741546809593141,-1.6609794395311976,-0.5942003968997324,-4.23853960933605,7.901049390346121,-6.486337054134153,1.472808189267605,3.100846714017731,-7.051904333150945,0.38223588422575516,-1.277904802130949,5.9223484014446,1.4912231882286462,0.25198344897015296,3.917152443125823,-2.722317064822539,3.832287438408355,1.8452023033364833,-5.374624618335897,0.37986774244769084,7.6524721337971275,0.17934781535036545,-3.3100174207265667,-0.9889890133392827,-3.226076959705155,-2.421013348453594,-0.6320276789839507,-6.348317660474421,-0.46720186456776613,1.9064694596993277,5.676314870933025,-1.5888710666378705,0.1592194229141744,2.8702253848848187,-2.9123473593515175,3.323134249165758,-0.9254620346503322,10.958940194916648,-3.8225457771080857,5.5876115450319706,5.080657201176448,-6.903743887303483,0.5371029658135102,-5.294186068927052
154.08131693619444,-33.960902467487145,169.44861782796482,-94.52972902026033,83.44606159503053,80.2340075465378,63.05446109130709,28.715929420219656,172.6508930051052,-318.2802160348096,272.98062869673606,-69.85225698509426,-124.2067837894917,284.54193691756336,-18.06535104281045,49.2692621143313,-232.18822935977684,-57.35121399841274,-15.399496026236637,-169.57136048800362,110.69799111512683,-152.50541571467812,-76.05374239865307,224.30528464008637,-8.646722504231443,-308.1050482926451,-3.3100174207265667,132.3586852733587,41.65944032795631,129.72122330996032,109.59303461929825,33.714092530191245,258.71619652660604,28.058326095595874,-88.38041970782764,-228.87213245526982,72.15360629022105,-13.341671489618857,-113.50315141802027,122.04838849778518,-134.88710647241336,42.71862605087714,-439.7220321238289,146.40741238579236,-222.51840888530103,-206.37539693605703,280.03703762446776,-27.895280921411565,210.46654720691043
48.48859172576095,-10.487832600713084,53.28125025895843,-29.809557377232476,26.204252066852337,25.373422923792987,19.797554052677114,9.19118752660368,54.36245014767528,-100.04809375106176,86.09285036459785,-22.192903558853256,-39.03509251084785,89.5203288607588,-5.734094272838102,15.313395821829406,-72.88851306440827,-17.995190876529378,-5.047120104513848,-53.656960317787416,34.8642152748197,-47.90974387175349,-23.928977844048795,70.73478591230902,-2.5814456536941637,-96.89463643137896,-0.9889890133392827,41.65944032795631,13.222098699076609,40.7798620481613,34.67822557539369,10.835876395443483,81.50546464193411,9.019384663175,-28.125110348527226,-71.96653772071105,22.88463734483312,-4.187725630968513,-35.59659516892138,38.55819988443574,-42.431386595101856,13.56589232779855,-138.262086328251,45.90215321762133,-69.89676208480125,-65.03854463345651,88.08964756148005,-8.91110475342982,66.22100098309448
151.20226046944103,-33.414105822862275,166.31085707685108,-92.78673554475895,81.95544692961333,78.59476517305353,61.78368821762854,28.18548657967703,169.43812052608135,-312.3661474323615,268.01985328927407,-68.68904251201181,-122.07934940459336,279.21374298497307,-17.62158238548957,48.65564403283972,-227.68514641969,-56.234957600095875,-14.984446600718972,-166.2949236542371,108.70031146316481,-149.5217624396716,-74.70800580621678,220.0916434593578,-8.415034600249781,-302.20698402754255,-3.226076959705155,129.72122330996032,40.7798620481613,127.47568959283973,107.58303207744021,32.95917689171094,253.64575839718862,27.6350102772636,-86.53298442525922,-224.47337476033556,71.08792334543124,-13.419447493464164,-111.49710842383878,119.55439921757853,-132.17248892336954,41.93004333377856,-431.61558827940297,143.70907646911283,-218.43012505225002,-202.42034922411474,274.9536733693468,-27.361837129114456,206.21883776616033
127.98323463557381,-26.579349981674497,140.11955478957404,-79.24263233197324,69.54658728210259,67.28770763176476,51.90396672530155,24.541923621256988,143.51529732682525,-264.47546716360546,228.18130257624105,-59.280793729421475,-102.8127012248367,236.049824313286,-15.393325124860882,40.53118019643447,-191.98784807389663,-47.42163363090609,-13.577990807184067,-142.47111812289577,91.81644738715177,-126.5336151265361,-63.38645806652192,187.19919479807876,-6.489969247375761,-256.2027550682123,-2.421013348453594,109.59303461929825,34.67822557539369,107.58303207744021,92.86827413974105,28.728678505667983,214.89942729270766,24.323167897670885,-74.80838590290358,-190.4229176735673,60.89239205229478,-11.923499406666204,-93.80661256899333,102.16025527749491,-112.69672893513345,36.128283943794024,-364.6703914972815,120.44610870273392,-184.51703130093387,-171.55762875907044,232.84292384803152,-23.98082045594491,174.36863259629862
39.253829517705306,-7.937134397034521,42.941226740016795,-24.339527751048003,21.209388730958654,20.842263214608067,15.85173133950458,7.700998915029478,44.051003618974605,-80.9426092073712,70.25044563043917,-18.48240451275638,-31.47893883687219,72.4278932370899,-4.822959920100205,12.146796971158533,-58.657592966709686,-14.432553472494307,-4.459128382332207,-44.09222731783934,28.21602492917899,-38.70226590043421,-19.398001780681778,57.652540384436364,-1.7626193577037566,-78.43053379792218,-0.6320276789839507,33.714092530191245,10.835876395443483,32.95917689171094,28.728678505667983,9.244863707052238,66.15338641958392,7.769155571098653,-23.447908631211078,-58.30213090973111,18.900729572352414,-3.6230637906201437,-28.621606157197032,31.521929679751825,-34.47722499148681,11.283435904218138,-111.72296373404878,36.7290934486925,-56.390160277710336,-52.75793775857677,71.33600136237557,-7.564867024391538,53.531979811151864
301.4717784913837,-65.88768806064977,331.3611593282886,-185.2062040868432,163.37144226968624,157.11705616660925,123.21129328712586,56.47360828055989,337.8705272773767,-622.6471599051772,534.524717046983,-137.0685992772087,-242.93140101169263,556.5892175806877,-35.393637999180704,96.28123775690335,-453.915768048064,-112.14199466846922,-30.333475371768625,-332.2719193738784,216.54475957007497,-298.2245616093003,-148.90972068365377,439.10555798918057,-16.680958037898076,-602.8597641588832,-6.348317660474421,258.71619652660604,81.50546464193411,253.64575839718862,214.89942729270766,66.15338641958392,506.1020387793296,55.17833039261225,-173.3173005451772,-447.734734703243,141.46937877488665,-26.394989948741916,-221.94773397984497,239.02382848998062,-263.9935640473808,83.78360026335001,-860.0464439457247,286.00599635928177,-435.23781135359417,-403.75079251325315,547.9176591556319,-54.782758055019315,411.46687285028895
32.813007238268895,-6.454044508398519,35.82064445422756,-20.45135625561639,17.782050760428216,17.451844221303485,13.102277234723708,6.538109719761975,36.86512230731095,-67.68862988691303,59.02957649172989,-15.752180562344684,-26.405350764294127,60.51705438822146,-4.038721040511618,10.25866615381258,-48.79260893828044,-11.970371373426532,-3.7939915399343302,-37.03487550435209,23.594094350129687,-32.26056043037127,-16.272858634966358,48.32632365935712,-1.304497554608285,-65.50946209032888,-0.46720186456776613,28.058326095595874,9.019384663175,27.6350102772636,24.323167897670885,7.769155571098653,55.17833039261225,6.740406530949624,-19.681723247510163,-48.709298537036496,16.104169988748676,-3.339156101073799,-23.935743683755888,26.36137843210773,-28.775526315888722,9.528834125691594,-93.39106081785859,30.564379140849894,-47.1301799617744,-44.04024875494544,59.78616842149317,-6.408779161880499,44.47577801895435
-103.0789904597649,21.36441044600248,-112.8435914708573,63.906715704107036,-55.94338995294084,-54.338452290804916,-41.839556093242656,-19.90590973462147,-115.66915012723413,212.84040993729062,-183.8199848331753,47.83753466475011,82.59234993472238,-190.10644750843548,12.471501078624193,-32.35264553962322,154.64517169791597,38.261526418086525,11.140151198381087,115.09549690328673,-74.07846462124382,101.92853354674459,51.120259960245214,-150.8430277146465,5.183944461970361,206.291391115497,1.9064694596993277,-88.38041970782764,-28.125110348527226,-86.53298442525922,-74.80838590290358,-23.447908631211078,-173.3173005451772,-19.681723247510163,60.713790072819506,153.37468824566912,-49.1529041735945,9.447636676986763,75.32946706233786,-82.49372843597462,90.85330141915642,-29.14246047448036,293.53103597884314,-96.81719598486757,148.41853216378237,138.49261758028067,-187.3444009527852,19.55802296760005,-140.7868335485814
-266.7882241664107,58.25056322948812,-292.997223870683,164.19809932811265,-144.83028821062678,-139.05995054275414,-109.00518975844693,-49.90888188450138,-299.055920783041,551.3754857604118,-473.06694535460775,121.23218316332958,214.72555867935688,-492.42308714074943,31.42222976629272,-85.40794819311192,402.01668816494646,99.49239331676137,26.730442206623813,294.1974900705899,-191.62097430182598,264.29115716414333,132.01742390592915,-388.5177527996606,14.954354599354554,533.9221373908277,5.676314870933025,-228.87213245526982,-71.96653772071105,-224.47337476033556,-190.4229176735673,-58.30213090973111,-447.734734703243,-48.709298537036496,153.37468824566912,396.79293856271266,-125.19558899056966,23.665686351173562,196.3230438485902,-211.6372423452758,234.2710471531644,-73.97891243830803,761.0888458236773,-252.99403770811287,385.32559611203607,357.4658263711051,-485.0116548481407,48.69612983166935,-364.4500238141123
84.32429397830961,-17.95658582245464,92.50258548046915,-52.1685053658242,45.78809907678927,44.14312085322096,34.1657357849439,16.18998967621042,94.65726300583559,-174.09658995050088,150.32621538495064,-39.159633743058585,-67.9333260632101,155.5812460001876,-9.972710505285333,26.950115619215804,-126.4079152381466,-31.255144306149877,-8.821251243980365,-93.72782551228441,60.760500551313434,-83.20048210214583,-41.89460194657788,123.21015146104054,-4.237197238150424,-168.4451572128756,-1.5888710666378705,72.15360629022105,22.88463734483312,71.08792334543124,60.89239205229478,18.900729572352414,141.46937877488665,16.104169988748676,-49.1529041735945,-125.19558899056966,40.502300085226025,-8.023376663468497,-61.85895228393495,67.05242871375414,-73.87040521497137,23.727679935504916,-240.40573172771303,79.47612112067193,-121.54309633384446,-113.1688285297209,153.44017705328935,-15.831520675828502,114.81602852168626
-15.82228259095073,3.1499581124116816,-17.14580809062737,10.091316526043842,-8.800102909697479,-8.327588649782353,-6.160833369021571,-3.127724119495549,-17.87288422658134,32.81844571364188,-28.65209677140373,7.75200119646919,12.727280792221862,-29.11490721032687,1.9455147119985117,-5.33522705150318,23.55475480801879,5.851090193719415,1.6494307193414735,17.927767861494406,-11.46898130990215,15.652785321949034,8.09854125473545,-23.277408824184565,0.611784773756708,31.6511080671708,0.1592194229141744,-13.341671489618857,-4.187725630968513,-13.419447493464164,-11.923499406666204,-3.6230637906201437,-26.394989948741916,-3.339156101073799,9.447636676986763,23.665686351173562,-8.023376663468497,2.174443630836324,11.595499104579767,-12.61414459535277,14.035478471872297,-4.526464145328826,45.04921608177754,-14.598829618667892,22.82227670188932,21.245974875518012,-28.97502602562952,3.2806473663951787,-21.37037558224171
-132.3704752047289,29.391839680301526,-145.69606103811455,81.05350339066503,-71.72649049692761,-68.63418616287667,-54.14681919378975,-24.53682255228063,-148.29107100337217,273.3933865882174,-234.3183030153392,59.84632027344109,107.02247054921104,-244.46783748446617,15.320383097784838,-42.681216916324466,199.38725656603998,49.192744160565134,12.927538773596071,145.15470971980594,-95.033940640246,130.83382490026156,65.28558341285404,-192.49185075446113,7.475882260156498,264.538703059765,2.8702253848848187,-113.50315141802027,-35.59659516892138,-111.49710842383878,-93.80661256899333,-28.621606157197032,-221.94773397984497,-23.935743683755888,75.32946706233786,196.3230438485902,-61.85895228393495,11.595499104579767,97.81685766657034,-104.49326408684179,115.4700421926231,-36.61694491842905,377.85967044759866,-125.98530950016593,191.30726306148597,176.90058194014168,-240.64292604806474,23.634832536142827,-180.30485715779196
142.34443445425532,-30.390507985596415,156.16340693487876,-87.79061363858692,77.22549633756928,74.50661779393708,58.0462637383128,26.983812639573383,159.60859567610942,-293.9998511415784,252.8557942636465,-65.13655684253274,-114.4029540645734,262.639316234341,-16.906080138371884,45.11361652889851,-214.07934086841445,-52.95163207833126,-14.721302440700175,-157.64944582107978,102.16142979984916,-140.8495430513386,-70.4111340247235,207.64966625101061,-7.680398056847602,-284.8899920924057,-2.9123473593515175,122.04838849778518,38.55819988443574,119.55439921757853,102.16025527749491,31.521929679751825,239.02382848998062,26.36137843210773,-82.49372843597462,-211.6372423452758,67.05242871375414,-12.61414459535277,-104.49326408684179,113.34325757899035,-125.0993542230811,39.765962334834896,-405.7316715546796,134.50879701791604,-205.33639204136801,-190.80186496214495,258.7158682342667,-26.214316883992804,194.2999276516117
-157.26157325651786,33.92398750134037,-172.490491351665,97.07971249281803,-85.51810518317637,-82.18965106718323,-64.23901271177162,-29.559472924069222,-176.32102115905352,325.16387102292725,-279.08393328676385,71.59285726504784,126.21205840835013,-290.13460293817195,18.691760142798188,-50.159293219465425,237.0545719627573,58.791030605822954,15.940065891208935,173.91945293812464,-112.92928175852893,155.99057849136,77.96786287279605,-229.166048598031,8.828531634821097,315.05399068809373,3.323134249165758,-134.88710647241336,-42.431386595101856,-132.17248892336954,-112.69672893513345,-34.47722499148681,-263.9935640473808,-28.775526315888722,90.85330141915642,234.2710471531644,-73.87040521497137,14.035478471872297,115.4700421926231,-125.0993542230811,138.68010490252829,-43.65445511496099,448.42573124691717,-148.7948545414073,227.0802748006205,210.96680015193027,-285.87362607242466,29.012454000143826,-215.13090908887796
49.888529142933834,-10.30817287235517,54.69530692785511,-30.762557987216123,27.00313076510566,26.218550339238448,20.24355816159263,9.60510692181152,55.89596122899149,-102.94560362309004,88.94899403889788,-23.13782971757482,-40.2021379688359,92.04793874605434,-5.9532723622588515,15.711228841329403,-74.65717475984422,-18.370417369894604,-5.36199436986538,-55.46819151130757,35.7473984210502,-49.13778989866381,-24.577014276453255,73.0043360658965,-2.4451476662865543,-99.70915159030874,-0.9254620346503322,42.71862605087714,13.56589232779855,41.93004333377856,36.128283943794024,11.283435904218138,83.78360026335001,9.528834125691594,-29.14246047448036,-73.97891243830803,23.727679935504916,-4.526464145328826,-36.61694491842905,39.765962334834896,-43.65445511496099,14.187710682818368,-142.1283717072726,46.98124052291601,-71.86603459292587,-66.74988546036352,90.71535151069003,-9.244434040376914,67.75579674391452
-512.6222655760748,112.8249675247273,-563.7279332737802,314.65213191506126,-277.8880845171022,-266.5985258634763,-209.58022520196016,-95.67134176741655,-574.4525353570729,1058.8776886961448,-908.4128604430935,232.61837950336422,413.55392104748285,-946.4955221315839,59.82344116332726,-164.46889090932612,772.0290065024336,190.73726708502699,50.92684089526444,563.9634118404808,-368.2612020126678,507.01286796020275,253.2194580744119,-746.1585280967835,28.652331650846754,1024.9230059446822,10.958940194916648,-439.7220321238289,-138.262086328251,-431.61558827940297,-364.6703914972815,-111.72296373404878,-860.0464439457247,-93.39106081785859,293.53103597884314,761.0888458236773,-240.40573172771303,45.04921608177754,377.85967044759866,-405.7316715546796,448.42573124691717,-142.1283717072726,1462.8679998208981,-486.94398464996067,740.4385165139208,686.1656495285613,-931.8855122612338,92.63284574013828,-699.235562185439
