V1,V2,V3,V4,V5,V6,V7,V8,V9,V10,V11,V12,V13,V14,V15,V16,V17,V18,V19,V20,V21,V22,V23,V24,V25,V26,V27,V28,V29,V30,V31,V32,V33,V34,V35,V36,V37,V38,V39,V40,V41,V42,V43,V44,V45,V46,V47,V48,V49
64.61870025513696,-14.224244700890408,71.19561897253499,-39.4626871431829,34.91869848223683,33.48592911136305,26.35541648826397,12.080892030335873,72.35146256018123,-133.30639213476897,114.56310707651681,-29.434162857383907,-52.47717857372808,119.37075854378425,-7.40569608135315,20.823764280692597,-96.96736587962505,-23.809353716258503,-6.400925867558078,-70.84555115300752,46.361834011416995,-63.581468006565146,-31.75304225623833,94.08121688224593,-3.4448217365552245,-128.89668117083167,-1.3495997592188052,55.32764651348591,17.403802819071657,54.499359189096786,45.87317089124034,14.063415147444587,108.26885895722855,11.883961972464277,-36.751421599566534,-95.50761300161706,30.39380435455422,-5.70929559606675,-47.8223807905458,50.917590346708344,-55.98816365019249,18.040478516584837,-184.47348043636944,61.49171659137133,-93.32507265455502,-86.16566785649358,117.53226092444244,-11.43498769913513,87.5773312452461
-14.224244700890408,3.7693283763438035,-15.960955129575886,8.341663358115309,-7.597822546972301,-7.019826330071044,-5.920287562069943,-2.3843472997666133,-15.854610148533828,29.28656363805762,-24.698862036189265,6.046489993680214,11.88231298689972,-26.402416074215353,1.3969094462880411,-4.8840826767534775,21.524934271431892,5.223915603911633,1.02608664977425,14.807364804588582,-10.208134886869615,13.915542850243867,6.856492502852788,-20.359097811950306,0.9610141412243347,28.168002416871406,0.4117434386574358,-12.20232494783759,-3.7184344395014124,-12.119971874636683,-9.366731148246172,-2.712550436487025,-23.677366376600926,-2.254062413424887,7.327127787419469,20.731080939972074,-6.37260775239564,1.0542371784846174,10.842147789432941,-10.755150103444162,11.853179842604154,-3.7573742445840588,40.89528269119624,-14.0452838991086,20.710578250593933,18.69213339757843,-25.87064071289672,2.0621197333499737,-19.107583328649106
71.19561897253499,-15.960955129575886,78.74431316378787,-43.0901458114943,38.303776561287314,36.610545795936645,29.040809135457224,13.210052786016808,79.59961135862262,-146.68223087069413,126.06890631529998,-32.356495852080194,-58.35773791867109,131.6548875961807,-7.902504732450728,23.17999487918537,-106.53271345193846,-25.967201899810696,-6.861515333073172,-77.42871589946495,51.02453210925212,-69.6427962842811,-34.73091210507368,103.54289997816953,-3.7065421124315603,-141.5947330900751,-1.5115429717883524,60.87297392423403,19.099344848087664,60.22881472733918,50.11992545749949,15.303968583625096,119.07823301430882,13.056889315384323,-39.868433832721045,-104.61562994850647,33.45719029776875,-6.205719980366152,-53.04983806103923,55.64244161689767,-60.878559704160374,19.928984069299403,-203.49885552582094,68.13013753800675,-102.90142022558653,-94.46236950618757,129.58158391873457,-12.119289992487818,95.79664856999518
-39.4626871431829,8.341663358115309,-43.0901458114943,24.639705563909715,-21.56857805366166,-20.822643282373665,-16.098041445128743,-7.504763885870612,-44.34657830468613,81.6959061538569,-70.162533939403,18.057761775694093,31.301961253452433,-72.72347253798642,4.8671218050647616,-12.422465232172907,59.67936064407626,14.930176100917054,4.139776266901827,44.11394827035852,-28.411794479404055,39.41260383925162,19.759153042860103,-57.59856717510117,2.2485776827979667,79.30713504526616,0.7944226901972882,-33.91295297053739,-10.71926357881751,-33.03824186504422,-28.563600938126545,-8.837534627251081,-66.41960803418132,-7.283532413858045,23.278952262922328,59.1780547062641,-18.608348911869022,3.6078089500715604,28.72082991413394,-31.709099441492782,35.3235403957278,-10.929078515789522,112.349042939973,-37.05035809684402,56.90272922399452,53.290087607228564,-71.66372879152185,7.644933587476839,-54.47741506171722
34.91869848223683,-7.597822546972301,38.303776561287314,-21.56857805366166,19.00417246417156,18.240663652458146,14.271249146411218,6.543038497928512,39.17494764089105,-72.18514322061083,61.91979374444179,-15.860518510137787,-27.984111783240994,64.42787288054878,-4.155697377794141,11.147314365382881,-52.69923787647649,-13.084466383517054,-3.507327957818957,-38.611682315674436,25.11171669683061,-34.66916142758647,-17.350322799566637,50.85237588835677,-1.9847664470590916,-69.94924985528819,-0.7266388312177314,29.966955520715295,9.43159595226854,29.323794956267452,24.964371484003593,7.668955756145928,58.646445217719496,6.361441979131565,-20.199023513426074,-52.0352157056096,16.37397600624423,-3.121257937317416,-25.627265025239076,27.7767874425806,-30.8097598055515,9.65671103432593,-99.54712313178311,33.026271565691665,-50.40745346639949,-46.89147715982423,63.43010404194164,-6.475041334494419,47.85825341544489
33.48592911136305,-7.019826330071044,36.610545795936645,-20.822643282373665,18.240663652458146,17.658147726271885,13.646732046577764,6.393460914810931,37.59344021501137,-69.26211556036348,59.60313881446961,-15.39106716026877,-26.703747205101767,61.735499508349235,-4.089947671255882,10.537887138694913,-50.46700871117481,-12.559270884991687,-3.5510873801754386,-37.36887706831668,24.073138622033404,-33.29411276780547,-16.675606435292213,48.9209499691296,-1.8249590679599434,-67.18081502906918,-0.6689669079429358,28.74964014322764,9.104506582670684,28.088335644050503,24.25585962844681,7.513786255138436,56.3204703894996,6.256960713330067,-19.684604105864082,-50.04651572180351,15.840979635560775,-3.0381841955236113,-24.437547780010544,26.846929743346507,-29.757756138807824,9.350715387101603,-95.37091803503708,31.486506502088698,-48.281862018130596,-45.09855422025673,60.85404868467067,-6.389978476842329,45.98524196542534
26.35541648826397,-5.920287562069943,29.040809135457224,-16.098041445128743,14.271249146411218,13.646732046577764,10.850838935725042,4.843346666831858,29.503222181313824,-54.456184749757384,46.56583423822567,-11.806795120083253,-21.2955557815635,48.68371975830212,-3.0351244423652695,8.496146347262219,-39.7769635627088,-9.83151301061812,-2.5376047397119827,-28.81262273015903,18.930564252398508,-26.069789640461064,-12.986148417281463,38.275002135024714,-1.5604539182958523,-52.68925058356949,-0.6129783090606818,22.633761170735095,7.091182469964533,22.219462596576243,18.585560975739867,5.638753202641036,44.1996867217355,4.681204859961084,-14.926994005664051,-39.107944860869445,12.24062395157834,-2.2044056734967086,-19.4814031214584,20.781953640853704,-23.00034989141764,7.244755068622357,-75.27394913610662,25.170703477977145,-38.121892273436856,-35.25865924938046,47.896208400288025,-4.66308005319938,35.97335451130873
12.080892030335873,-2.3843472997666133,13.210052786016808,-7.504763885870612,6.543038497928512,6.393460914810931,4.843346666831858,2.404424698771936,13.552557519403347,-24.916408477725295,21.685044671931852,-5.753092032350953,-9.73653138476031,22.27005905352152,-1.4609118503456415,3.78132400369908,-17.966627988073427,-4.415516128498138,-1.37384027660973,-13.576585407820565,8.663654643905087,-11.861397538569094,-5.968610669296339,17.763096817948945,-0.5064868416929689,-24.128842579342635,-0.1914916883096037,10.310563486633631,3.3004713816381535,10.163751429663865,8.902638112949807,2.807679506537217,20.279923993379782,2.428022486525548,-7.175895191002879,-17.905336997203072,5.890528405381165,-1.1877839970806294,-8.827069230208899,9.679365434557182,-10.581973204173075,3.5026724867411048,-34.38713776100072,11.283988998964226,-17.366977139888082,-16.17623239175031,22.00375412896472,-2.307280533501227,16.338161492183186
72.35146256018123,-15.854610148533828,79.59961135862262,-44.34657830468613,39.17494764089105,37.59344021501137,29.503222181313824,13.552557519403347,81.08160007634193,-149.33426457386952,128.31701103852188,-32.97449643184525,-58.5445041147286,133.60994553607395,-8.392934686529632,23.250945110500073,-108.7179635370417,-26.776854724400213,-7.216432394561536,-79.55020457819181,51.948114625378366,-71.36812182089753,-35.67410041990446,105.36536482477621,-3.902305986714617,-144.48443039106766,-1.4978087268435878,61.980308075692236,19.511825126971498,60.94647513005876,51.498116718758155,15.807911792050735,121.30992705914718,13.31491070983461,-41.37566844340612,-107.18420754194351,34.032097367351234,-6.445804636620176,-53.41909779158806,57.186781643059305,-62.99610035502272,20.152109462124876,-206.4540548738438,68.70818947124184,-104.4740772565664,-96.67163607162485,131.56235923129702,-12.991185851537868,98.34552936067385
-133.30639213476897,29.28656363805762,-146.68223087069413,81.6959061538569,-72.18514322061083,-69.26211556036348,-54.456184749757384,-24.916408477725295,-149.33426457386952,275.2491394108875,-236.30702581069505,60.59733386000634,107.7766754540561,-246.16722387964523,15.46907493206786,-42.812021932532595,200.49432823656116,49.433147556161906,13.25941942298877,146.5295567264416,-95.71539703051558,131.60683480397938,65.72817461295932,-194.08202929087068,7.32167584969394,266.3334040060496,2.8274860821800742,-114.27361565457943,-35.9404123287665,-112.30474499536743,-94.8159703122306,-29.05627173057761,-223.5556849659793,-24.384092831537455,76.19234100954546,197.62234566939784,-62.60548258729022,11.734237944120618,98.38206270981227,-105.37291286758905,116.25698864121877,-37.07221299345853,380.45861927026186,-126.68499963022042,192.53604470863104,178.20992578485905,-242.38767588960988,23.93550033182407,-181.4277366563871
114.56310707651681,-24.698862036189265,126.06890631529998,-70.162533939403,61.91979374444179,59.60313881446961,46.56583423822567,21.685044671931852,128.31701103852188,-236.30702581069505,203.6617925027457,-52.687567558920676,-92.98904548221469,211.57613702580025,-13.24547021185023,36.75476217318409,-171.52707619780932,-42.085878984200235,-11.669823501212564,-126.17143920479356,82.19941721876198,-112.58631483730844,-56.33530333088908,167.14386212133502,-5.807019122517517,-228.49597231455476,-2.267927042088818,98.0085829998375,30.942094425757244,96.62292490043959,81.93919334792545,25.27332923685547,192.0069152619865,21.507456014888984,-65.67728219956163,-169.31750922838444,54.3130795360529,-10.369902163096272,-84.63819984938745,90.52167685148444,-99.32348644449549,32.251156270996255,-326.9055951113432,108.6572477718224,-165.31999698290164,-152.8365742000029,208.4650800798948,-20.546775474669133,155.06507791178015
-29.434162857383907,6.046489993680214,-32.356495852080194,18.057761775694093,-15.860518510137787,-15.39106716026877,-11.806795120083253,-5.753092032350953,-32.97449643184525,60.59733386000634,-52.687567558920676,13.92678427691105,24.03376703166425,-54.351967759965554,3.4075681597198857,-9.389036132236296,43.65509503756704,10.615254857712484,3.189148471402666,32.660903239308404,-21.09066041233248,28.69206392675618,14.423891799989216,-43.16607466225688,1.211623677080866,58.536931002117704,0.48075716899621335,-25.077793060335154,-7.9881189350269475,-24.86150330019889,-21.380161383923227,-6.699950991439303,-49.286889116975985,-5.860385858332881,17.07907664975184,43.287009909614426,-14.281627387684312,2.8644223853591035,21.738895384847588,-23.294965009785766,25.300891913204747,-8.510814234191741,83.9266945335125,-27.728648903893085,42.36860976229522,39.141473071916174,-53.64932516633084,5.338509428200037,-39.439475549378415
-52.47717857372808,11.88231298689972,-58.35773791867109,31.301961253452433,-27.984111783240994,-26.703747205101767,-21.2955557815635,-9.73653138476031,-58.5445041147286,107.7766754540561,-92.98904548221469,24.03376703166425,43.79530934258736,-97.19723769125817,5.518120231003688,-17.32740790595294,77.82579351428922,18.653406902234096,4.969905304527931,56.46369130348692,-37.50856645852747,50.64569454996538,25.24267336276172,-76.33463550854188,2.411347705318801,103.71139192109784,1.0712826719209902,-44.679179792906744,-14.025136498368829,-44.64128087293103,-36.657623278463994,-11.193719074064916,-87.47010031572222,-9.833709943942269,28.761209383007767,76.19700068599535,-24.83128482506312,4.611415266061776,39.55009541449283,-40.487648193250735,43.678202751273844,-14.907256834134278,150.22876095648985,-50.54858880277669,75.86730558218264,68.9366444049282,-95.68017994294229,8.373856116366325,-69.43213821037284
119.37075854378425,-26.402416074215353,131.6548875961807,-72.72347253798642,64.42787288054878,61.735499508349235,48.68371975830212,22.27005905352152,133.60994553607395,-246.16722387964523,211.57613702580025,-54.351967759965554,-97.19723769125817,220.58574684522952,-13.565199294159445,38.57542364382796,-178.98050096998787,-43.85093864152123,-11.741876161364736,-130.59223195675028,85.61961435421473,-117.26113300873214,-58.543901600988754,173.75410887681846,-6.3140019292131155,-237.9123508844396,-2.4987801195605304,102.16791622970106,32.1186554708755,100.76072508346674,84.55643664669783,25.90122306956714,199.91670877989122,21.951802332445475,-67.60970272758834,-176.1461522866216,56.133465526166,-10.516527941500867,-88.51582269077026,93.85584407576778,-103.03934190845625,33.35018709739356,-340.8963594116883,113.76462466743047,-172.43385324080165,-158.9541101770086,217.1657477664236,-20.904304231900213,161.4504196095044
-7.40569608135315,1.3969094462880411,-7.902504732450728,4.8671218050647616,-4.155697377794141,-4.089947671255882,-3.0351244423652695,-1.4609118503456415,-8.392934686529632,15.46907493206786,-13.24547021185023,3.4075681597198857,5.518120231003688,-13.565199294159445,1.0817040243257579,-2.1769334740298354,11.42763836826876,2.987406580879579,0.8914256495431322,8.664648326579155,-5.367028156061678,7.677203106584903,3.8668698618744726,-10.87170745755211,0.5002570964386783,15.170997200236561,0.14375572610138954,-6.433982473946861,-2.0585388395969346,-6.082601892974371,-5.61391738996205,-1.7678819246897153,-12.612022882928443,-1.3662482299401595,4.754409286589614,11.515043208545075,-3.485655710946216,0.7027584706034649,5.16149305910751,-6.246736973391268,7.168377486453958,-2.006573819157016,20.93740924726689,-6.729398994274076,10.641246782893047,10.31556320653949,-13.390440669870427,1.7335844608364177,-10.701833104684562
20.823764280692597,-4.8840826767534775,23.17999487918537,-12.422465232172907,11.147314365382881,10.537887138694913,8.496146347262219,3.78132400369908,23.250945110500073,-42.812021932532595,36.75476217318409,-9.389036132236296,-17.32740790595294,38.57542364382796,-2.1769334740298354,6.958651173299886,-31.05858940088924,-7.489921685349194,-1.8518658763532592,-22.28821274550552,14.927726859981307,-20.190724459498846,-10.074042895881462,30.18505511237413,-1.0669202012922743,-41.198602022448874,-0.44913065523951307,17.75267999130498,5.535993219478507,17.70826234205286,14.39174681360097,4.350500940142958,34.71183436127087,3.774111592009086,-11.317820084176674,-30.30990395572656,9.749521796412568,-1.8140827711063043,-15.713152789731001,16.02077654292091,-17.397479682739558,5.8076325797449675,-59.64179584288246,20.127701944791983,-30.153013578288242,-27.410553817052616,37.92908147722631,-3.314548781670321,27.70844488021458
-96.96736587962505,21.524934271431892,-106.53271345193846,59.67936064407626,-52.69923787647649,-50.46700871117481,-39.7769635627088,-17.966627988073427,-108.7179635370417,200.49432823656116,-171.52707619780932,43.65509503756704,77.82579351428922,-178.98050096998787,11.42763836826876,-31.05858940088924,146.60848685808295,36.40745035418921,9.524361084497949,106.73705684357881,-69.70720514123065,96.35023713234224,48.077400849670376,-140.9610762767203,5.74220424034481,194.24853778301653,2.1558485599560746,-83.31328179748682,-26.134975093046634,-81.49372419002921,-68.83350233370538,-21.013386745451207,-162.82084795783445,-17.333098739079308,55.608814319632955,144.46813438268762,-45.16267933498564,8.38723825000317,71.31012851808686,-76.91768478065988,85.44545451256666,-26.6329375063051,276.64896653806966,-92.09356437497439,140.11591274393504,130.1256258673553,-176.13620072311508,17.69388938074348,-133.00092816699058
-23.809353716258503,5.223915603911633,-25.967201899810696,14.930176100917054,-13.084466383517054,-12.559270884991687,-9.83151301061812,-4.415516128498138,-26.776854724400213,49.433147556161906,-42.085878984200235,10.615254857712484,18.653406902234096,-43.85093864152123,2.987406580879579,-7.489921685349194,36.40745035418921,9.235010089494141,2.3940773335793555,26.56939987565089,-17.1824835979728,24.065170829007467,12.017367036299824,-34.6004238303396,1.5997040178637443,48.08107683020564,0.5603271427207832,-20.566261310501684,-6.4524949894543555,-19.87808200652962,-17.071494030597698,-5.206933284314679,-40.151663252919256,-4.140595184655057,14.019364814452253,36.01896424561625,-11.006130666437759,2.0407909276097063,17.2452562560045,-19.198865012120358,21.682459496921638,-6.408170712261894,67.79750316384401,-22.42650496382723,34.40139398545875,32.37005591096933,-43.15966777161992,4.6772534345894865,-33.35382588230462
-6.400925867558078,1.02608664977425,-6.861515333073172,4.139776266901827,-3.507327957818957,-3.5510873801754386,-2.5376047397119827,-1.37384027660973,-7.216432394561536,13.25941942298877,-11.669823501212564,3.189148471402666,4.969905304527931,-11.741876161364736,0.8914256495431322,-1.8518658763532592,9.524361084497949,2.3940773335793555,0.9005209119756742,7.543154303057569,-4.59134831454411,6.390927319016281,3.230547247034732,-9.535494667028464,0.2307316284208387,12.927507971919407,0.07997720686382175,-5.487450131133882,-1.802976168482474,-5.330497072307171,-5.012853480525,-1.6302297359552533,-10.830644716576305,-1.3991237802759775,4.131610076361185,9.698309247641536,-3.2263585365159555,0.6760782248771596,4.511096910334067,-5.351801954221199,5.905134754178553,-1.910873076265165,18.107478277467326,-5.7779415702220245,9.140913094028125,8.748390378964572,-11.659380765017788,1.4366245864660194,-8.845854025713248
-70.84555115300752,14.807364804588582,-77.42871589946495,44.11394827035852,-38.611682315674436,-37.36887706831668,-28.81262273015903,-13.576585407820565,-79.55020457819181,146.5295567264416,-126.17143920479356,32.660903239308404,56.46369130348692,-130.59223195675028,8.664648326579155,-22.28821274550552,106.73705684357881,26.56939987565089,7.543154303057569,79.18246673456954,-50.94267652465611,70.45083581946318,35.320353886253834,-103.54351211348322,3.813146391329534,142.13984381099027,1.3789346056352607,-60.800711729163375,-19.257910809656323,-59.398759797970705,-51.401956133301674,-15.958892451578945,-119.15488518889893,-13.294115758631436,41.7498026378335,105.89744733082614,-33.61213836441168,6.529422514173269,51.65672451183375,-56.82504026759179,63.02105147704472,-19.81854497856619,201.73483663946885,-66.51406299355264,102.10129096627648,95.42683264546848,-128.7480548862709,13.60081257411148,-97.29804355800627
46.361834011416995,-10.208134886869615,51.02453210925212,-28.411794479404055,25.11171669683061,24.073138622033404,18.930564252398508,8.663654643905087,51.948114625378366,-95.71539703051558,82.19941721876198,-21.09066041233248,-37.50856645852747,85.61961435421473,-5.367028156061678,14.927726859981307,-69.70720514123065,-17.1824835979728,-4.59134831454411,-50.94267652465611,33.31270154521674,-45.74347316622241,-22.873560261416966,67.49565731257445,-2.5332157655425678,-92.58939677515507,-0.9737936926565268,39.72618416080296,12.497523284068397,39.07700760041738,32.964884405766966,10.10344108559079,77.73396275705687,8.500256850931788,-26.483633589418094,-68.6974911114541,21.803619080141363,-4.116756846106341,-34.23560305501036,36.6218820293597,-40.379506666465,12.889542953338502,-132.32569482272922,44.063959056748864,-66.96470519423205,-61.97621413133548,84.30444223993197,-8.324450332870438,63.06231657684745
-63.581468006565146,13.915542850243867,-69.6427962842811,39.41260383925162,-34.66916142758647,-33.29411276780547,-26.069789640461064,-11.861397538569094,-71.36812182089753,131.60683480397938,-112.58631483730844,28.69206392675618,50.64569454996538,-117.26113300873214,7.677203106584903,-20.190724459498846,96.35023713234224,24.065170829007467,6.390927319016281,70.45083581946318,-45.74347316622241,63.48245833120611,31.702232406516757,-92.51558667483886,3.825198044280081,127.67814889816711,1.3984456535846275,-54.69593850771073,-17.1887015607243,-53.30756533514067,-45.44248246098177,-13.918490976335192,-106.91512944616638,-11.396029383045294,36.910660792260664,95.17394464033426,-29.65380208395667,5.562126864111955,46.492635817263704,-50.766291240777235,56.624002172400736,-17.43168800066881,181.2336095079747,-60.11480975887987,91.81726731430997,85.66162656210193,-115.44322347775066,11.945788028552684,-87.71380004785787
-31.75304225623833,6.856492502852788,-34.73091210507368,19.759153042860103,-17.350322799566637,-16.675606435292213,-12.986148417281463,-5.968610669296339,-35.67410041990446,65.72817461295932,-56.33530333088908,14.423891799989216,25.24267336276172,-58.543901600988754,3.8668698618744726,-10.074042895881462,48.077400849670376,12.017367036299824,3.230547247034732,35.320353886253834,-22.873560261416966,31.702232406516757,15.892270098097438,-46.26099718997285,1.863097156791719,63.769911601713574,0.6596790420749984,-27.29189416955222,-8.597865282355567,-26.606689290401878,-22.81834118107212,-7.022399927237245,-53.411230256019635,-5.773515926726254,18.572121091645577,47.56214979381104,-14.893959361105846,2.8711968583811025,23.177223802210975,-25.413550801457514,28.32696811567233,-8.732376044178743,90.4542946337774,-29.9149861943216,45.82231125820644,42.834894447735536,-57.65221064804945,6.065885039982973,-43.81606592166541
94.08121688224593,-20.359097811950306,103.54289997816953,-57.59856717510117,50.85237588835677,48.9209499691296,38.275002135024714,17.763096817948945,105.36536482477621,-194.08202929087068,167.14386212133502,-43.16607466225688,-76.33463550854188,173.75410887681846,-10.87170745755211,30.18505511237413,-140.9610762767203,-34.6004238303396,-9.535494667028464,-103.54351211348322,67.49565731257445,-92.51558667483886,-46.26099718997285,137.2088715319489,-4.836620372063346,-187.69066106840725,-1.8862785623410108,80.51486623526954,25.397916190008726,79.32727768901695,67.19677510574111,20.703323521173324,157.69177005529136,17.570295146531727,-53.87301417898767,-139.09038866166225,44.503455520119665,-8.453990891475492,-69.5094728407258,74.32405586079169,-81.61564946100269,26.43374108318111,-268.4774805303666,89.28282631068505,-135.78257203584204,-125.51811201908117,171.16974866221454,-16.841368231509367,127.4305387230052
-3.4448217365552245,0.9610141412243347,-3.7065421124315603,2.2485776827979667,-1.9847664470590916,-1.8249590679599434,-1.5604539182958523,-0.5064868416929689,-3.902305986714617,7.32167584969394,-5.807019122517517,1.211623677080866,2.411347705318801,-6.3140019292131155,0.5002570964386783,-1.0669202012922743,5.74220424034481,1.5997040178637443,0.2307316284208387,3.813146391329534,-2.5332157655425678,3.825198044280081,1.863097156791719,-4.836620372063346,0.5159115833604779,7.238594716767373,0.17065528396818985,-3.1000379425097764,-0.9183184212294796,-2.7982696550362105,-2.2955133446799394,-0.6171446045823515,-5.909288237348022,-0.3050592001661716,2.021821087113188,5.595989758883563,-1.324311896801288,0.14339926227759495,2.38910754308965,-2.873419303418277,3.5885177473793153,-0.7054915235214076,9.810326258609637,-3.3090942182068237,5.050197330770748,4.947243953749976,-6.148990154598448,0.7689149888987731,-5.408235827466492
-128.89668117083167,28.168002416871406,-141.5947330900751,79.30713504526616,-69.94924985528819,-67.18081502906918,-52.68925058356949,-24.128842579342635,-144.48443039106766,266.3334040060496,-228.49597231455476,58.536931002117704,103.71139192109784,-237.9123508844396,15.170997200236561,-41.198602022448874,194.24853778301653,48.08107683020564,12.927507971919407,142.13984381099027,-92.58939677515507,127.67814889816711,63.769911601713574,-187.69066106840725,7.238594716767373,257.9412479268414,2.741974191071499,-110.5982255114337,-34.796744849890764,-108.40349476532269,-91.92546385545275,-28.195683479293514,-216.3538802067671,-23.49422129976668,74.13157882979799,191.66162712732165,-60.44897535314199,11.34786138575764,94.82165188397855,-102.26333738259544,113.17531069815149,-35.74210455765433,367.6785690806276,-122.22362382668123,186.12485464768557,172.73187957965334,-234.26283652031802,23.518863232313986,-176.1338470960799
-1.3495997592188052,0.4117434386574358,-1.5115429717883524,0.7944226901972882,-0.7266388312177314,-0.6689669079429358,-0.6129783090606818,-0.1914916883096037,-1.4978087268435878,2.8274860821800742,-2.267927042088818,0.48075716899621335,1.0712826719209902,-2.4987801195605304,0.14375572610138954,-0.44913065523951307,2.1558485599560746,0.5603271427207832,0.07997720686382175,1.3789346056352607,-0.9737936926565268,1.3984456535846275,0.6596790420749984,-1.8862785623410108,0.17065528396818985,2.741974191071499,0.08136390721004981,-1.199173465312769,-0.35415276182219185,-1.1534397212731569,-0.8391241027786751,-0.20718582732247035,-2.266285893524328,-0.133609987904534,0.6681747447070652,2.060780459974558,-0.539016366474875,0.024072848203696665,1.004549176746445,-1.0392273998236636,1.2282559625178677,-0.30336628250432157,3.9037108471544,-1.3823963562189132,1.9954463459440483,1.840862012698026,-2.445289672025326,0.19719086587976797,-1.9524908133084438
55.32764651348591,-12.20232494783759,60.87297392423403,-33.91295297053739,29.966955520715295,28.74964014322764,22.633761170735095,10.310563486633631,61.980308075692236,-114.27361565457943,98.0085829998375,-25.077793060335154,-44.679179792906744,102.16791622970106,-6.433982473946861,17.75267999130498,-83.31328179748682,-20.566261310501684,-5.487450131133882,-60.800711729163375,39.72618416080296,-54.69593850771073,-27.29189416955222,80.51486623526954,-3.1000379425097764,-110.5982255114337,-1.199173465312769,47.46510753779878,14.916489435789192,46.597666469727294,39.30861188041368,12.027680897475387,92.80893162826311,10.054624306942987,-31.610745184884998,-82.10057732113864,25.91852700470535,-4.818216549345821,-40.81105029495001,43.753481722546574,-48.34204986821845,15.340622015384684,-157.91509205988461,52.605589398922625,-79.9256183054021,-74.01277380055275,100.58567994171993,-9.940102607509289,75.4210661766579
17.403802819071657,-3.7184344395014124,19.099344848087664,-10.71926357881751,9.43159595226854,9.104506582670684,7.091182469964533,3.3004713816381535,19.511825126971498,-35.9404123287665,30.942094425757244,-7.9881189350269475,-14.025136498368829,32.1186554708755,-2.0585388395969346,5.535993219478507,-26.134975093046634,-6.4524949894543555,-1.802976168482474,-19.257910809656323,12.497523284068397,-17.1887015607243,-8.597865282355567,25.397916190008726,-0.9183184212294796,-34.796744849890764,-0.35415276182219185,14.916489435789192,4.718862447122885,14.652813460688607,12.50251328035516,3.8557579799823505,29.208859641070376,3.253864028728443,-10.07005836481322,-25.84686666586908,8.233388228638134,-1.5597767079995974,-12.792915902954768,13.83362755973532,-15.240233742541283,4.874648291236723,-49.6267339731046,16.464632260811005,-25.111037315232434,-23.315995391293157,31.651934251434668,-3.1960817080513397,23.70568304150739
54.499359189096786,-12.119971874636683,60.22881472733918,-33.03824186504422,29.323794956267452,28.088335644050503,22.219462596576243,10.163751429663865,60.94647513005876,-112.30474499536743,96.62292490043959,-24.86150330019889,-44.64128087293103,100.76072508346674,-6.082601892974371,17.70826234205286,-81.49372419002921,-19.87808200652962,-5.330497072307171,-59.398759797970705,39.07700760041738,-53.30756533514067,-26.606689290401878,79.32727768901695,-2.7982696550362105,-108.40349476532269,-1.1534397212731569,46.597666469727294,14.652813460688607,46.142414074103584,38.5096835619686,11.76736468515598,91.16197712113527,10.087120903986406,-30.634525008619587,-80.13537481024723,25.71979478390681,-4.78481898803263,-40.5552852238422,42.66077656321935,-46.65313184669423,15.291337719579529,-155.76256988963175,52.10387972509352,-78.75823959297664,-72.38449934739484,99.22869760314771,-9.354578144497415,73.34403288308025
45.87317089124034,-9.366731148246172,50.11992545749949,-28.563600938126545,24.964371484003593,24.25585962844681,18.585560975739867,8.902638112949807,51.498116718758155,-94.8159703122306,81.93919334792545,-21.380161383923227,-36.657623278463994,84.55643664669783,-5.61391738996205,14.39174681360097,-68.83350233370538,-17.071494030597698,-5.012853480525,-51.401956133301674,32.964884405766966,-45.44248246098177,-22.81834118107212,67.19677510574111,-2.2955133446799394,-91.92546385545275,-0.8391241027786751,39.30861188041368,12.50251328035516,38.5096835619686,33.50992780177976,10.45346130672698,77.12338603297093,8.823410690383612,-27.154042685067385,-68.42328019938591,21.961608249857107,-4.316287823310699,-33.4510066267743,36.81719164423589,-40.64569054696176,12.985009801428735,-130.5951062614746,42.978754319023274,-66.05886135697423,-61.715943519280785,83.42479992339467,-8.826932606957705,62.72632766632072
14.063415147444587,-2.712550436487025,15.303968583625096,-8.837534627251081,7.668955756145928,7.513786255138436,5.638753202641036,2.807679506537217,15.807911792050735,-29.05627173057761,25.27332923685547,-6.699950991439303,-11.193719074064916,25.90122306956714,-1.7678819246897153,4.350500940142958,-21.013386745451207,-5.206933284314679,-1.6302297359552533,-15.958892451578945,10.10344108559079,-13.918490976335192,-7.022399927237245,20.703323521173324,-0.6171446045823515,-28.195683479293514,-0.20718582732247035,12.027680897475387,3.8557579799823505,11.76736468515598,10.45346130672698,3.3288170005634896,23.681968829944825,2.824612208194648,-8.512800345854329,-20.9959614247137,6.836645906467779,-1.4114580308182998,-10.200196811125426,11.381653593162309,-12.519676461753635,4.056293727944115,-39.96530694633918,13.031766740855097,-20.1971099833378,-18.94352342543346,25.582272763175446,-2.8110000289391794,19.208530134984322
108.26885895722855,-23.677366376600926,119.07823301430882,-66.41960803418132,58.646445217719496,56.3204703894996,44.1996867217355,20.279923993379782,121.30992705914718,-223.5556849659793,192.0069152619865,-49.286889116975985,-87.47010031572222,199.91670877989122,-12.612022882928443,34.71183436127087,-162.82084795783445,-40.151663252919256,-10.830644716576305,-119.15488518889893,77.73396275705687,-106.91512944616638,-53.411230256019635,157.69177005529136,-5.909288237348022,-216.3538802067671,-2.266285893524328,92.80893162826311,29.208859641070376,91.16197712113527,77.12338603297093,23.681968829944825,181.61803121096614,19.86399467895155,-62.02420888893596,-160.55683866441098,50.874462415537344,-9.568857457763803,-79.85784629570792,85.67527298073256,-94.50503939797142,30.141351705924098,-308.9400087213729,102.78720970459608,-156.34174106436532,-144.77596986742793,196.85337953542034,-19.519415107326136,147.39165841565475
11.883961972464277,-2.254062413424887,13.056889315384323,-7.283532413858045,6.361441979131565,6.256960713330067,4.681204859961084,2.428022486525548,13.31491070983461,-24.384092831537455,21.507456014888984,-5.860385858332881,-9.833709943942269,21.951802332445475,-1.3662482299401595,3.774111592009086,-17.333098739079308,-4.140595184655057,-1.3991237802759775,-13.294115758631436,8.500256850931788,-11.396029383045294,-5.773515926726254,17.570295146531727,-0.3050592001661716,-23.49422129976668,-0.133609987904534,10.054624306942987,3.253864028728443,10.087120903986406,8.823410690383612,2.824612208194648,19.86399467895155,2.589646595843961,-6.9855137765109685,-17.298774457182468,5.966561874097031,-1.265799854408704,-8.8065653428223,9.408826398657096,-10.000003900491453,3.580878055183895,-33.86448616606111,11.115460464125707,-17.05714270412851,-15.701892760438222,21.728498865605467,-2.1569840627114263,15.61232920852028
-36.751421599566534,7.327127787419469,-39.868433832721045,23.278952262922328,-20.199023513426074,-19.684604105864082,-14.926994005664051,-7.175895191002879,-41.37566844340612,76.19234100954546,-65.67728219956163,17.07907664975184,28.761209383007767,-67.60970272758834,4.754409286589614,-11.317820084176674,55.608814319632955,14.019364814452253,4.131610076361185,41.7498026378335,-26.483633589418094,36.910660792260664,18.572121091645577,-53.87301417898767,2.021821087113188,74.13157882979799,0.6681747447070652,-31.610745184884998,-10.07005836481322,-30.634525008619587,-27.154042685067385,-8.512800345854329,-62.02420888893596,-6.9855137765109685,22.33404702231822,55.50635088637267,-17.522242239499818,3.501796710206522,26.432809306046956,-29.94120062517608,33.47498959939633,-10.276383552246191,104.38832347771881,-34.08497291371368,52.86819795241715,49.96519950649194,-66.7047840523973,7.5553186181622936,-51.11020185833528
-95.50761300161706,20.731080939972074,-104.61562994850647,59.1780547062641,-52.0352157056096,-50.04651572180351,-39.107944860869445,-17.905336997203072,-107.18420754194351,197.62234566939784,-169.31750922838444,43.287009909614426,76.19700068599535,-176.1461522866216,11.515043208545075,-30.30990395572656,144.46813438268762,36.01896424561625,9.698309247641536,105.89744733082614,-68.6974911114541,95.17394464033426,47.56214979381104,-139.09038866166225,5.595989758883563,191.66162712732165,2.060780459974558,-82.10057732113864,-25.84686666586908,-80.13537481024723,-68.42328019938591,-20.9959614247137,-160.55683866441098,-17.298774457182468,55.50635088637267,142.79823468338697,-44.713529872064,8.419449631843605,69.8632948605176,-76.24543190359476,84.85833812215324,-26.31558341653974,272.22735068997815,-90.25223347523071,137.88278718240517,128.59022965662456,-173.466948397056,17.933336371397626,-131.47684387816778
30.39380435455422,-6.37260775239564,33.45719029776875,-18.608348911869022,16.37397600624423,15.840979635560775,12.24062395157834,5.890528405381165,34.032097367351234,-62.60548258729022,54.3130795360529,-14.281627387684312,-24.83128482506312,56.133465526166,-3.485655710946216,9.749521796412568,-45.16267933498564,-11.006130666437759,-3.2263585365159555,-33.61213836441168,21.803619080141363,-29.65380208395667,-14.893959361105846,44.503455520119665,-1.324311896801288,-60.44897535314199,-0.539016366474875,25.91852700470535,8.233388228638134,25.71979478390681,21.961608249857107,6.836645906467779,50.874462415537344,5.966561874097031,-17.522242239499818,-44.713529872064,14.714347707032985,-2.9035584695321064,-22.470128567047595,23.990607007117312,-26.125704452618937,8.733672627452865,-86.73438005733108,28.73774400954461,-43.795623444675456,-40.44392961988885,55.40412364422355,-5.469232259549097,40.789611590827676
-5.70929559606675,1.0542371784846174,-6.205719980366152,3.6078089500715604,-3.121257937317416,-3.0381841955236113,-2.2044056734967086,-1.1877839970806294,-6.445804636620176,11.734237944120618,-10.369902163096272,2.8644223853591035,4.611415266061776,-10.516527941500867,0.7027584706034649,-1.8140827711063043,8.38723825000317,2.0407909276097063,0.6760782248771596,6.529422514173269,-4.116756846106341,5.562126864111955,2.8711968583811025,-8.453990891475492,0.14339926227759495,11.34786138575764,0.024072848203696665,-4.818216549345821,-1.5597767079995974,-4.78481898803263,-4.316287823310699,-1.4114580308182998,-9.568857457763803,-1.265799854408704,3.501796710206522,8.419449631843605,-2.9035584695321064,0.7253838638133697,4.1619862836561845,-4.58946420296594,4.96185490996743,-1.7022298673969745,16.188728859292354,-5.207121607783085,8.15671629905623,7.626630262614879,-10.405013912875125,1.1702002480250013,-7.630772102371584
-47.8223807905458,10.842147789432941,-53.04983806103923,28.72082991413394,-25.627265025239076,-24.437547780010544,-19.4814031214584,-8.827069230208899,-53.41909779158806,98.38206270981227,-84.63819984938745,21.738895384847588,39.55009541449283,-88.51582269077026,5.16149305910751,-15.713152789731001,71.31012851808686,17.2452562560045,4.511096910334067,51.65672451183375,-34.23560305501036,46.492635817263704,23.177223802210975,-69.5094728407258,2.38910754308965,94.82165188397855,1.004549176746445,-40.81105029495001,-12.792915902954768,-40.5552852238422,-33.4510066267743,-10.200196811125426,-79.85784629570792,-8.8065653428223,26.432809306046956,69.8632948605176,-22.470128567047595,4.1619862836561845,35.8719882379767,-37.11439965113935,40.3366742020963,-13.437612721620903,136.80736563169944,-45.955186791028495,69.15566748295505,63.131895200253155,-87.0968070914021,7.85677442242624,-63.84819073066782
50.917590346708344,-10.755150103444162,55.64244161689767,-31.709099441492782,27.7767874425806,26.846929743346507,20.781953640853704,9.679365434557182,57.186781643059305,-105.37291286758905,90.52167685148444,-23.294965009785766,-40.487648193250735,93.85584407576778,-6.246736973391268,16.02077654292091,-76.91768478065988,-19.198865012120358,-5.351801954221199,-56.82504026759179,36.6218820293597,-50.766291240777235,-25.413550801457514,74.32405586079169,-2.873419303418277,-102.26333738259544,-1.0392273998236636,43.753481722546574,13.83362755973532,42.66077656321935,36.81719164423589,11.381653593162309,85.67527298073256,9.408826398657096,-29.94120062517608,-76.24543190359476,23.990607007117312,-4.58946420296594,-37.11439965113935,40.86487443897157,-45.42895173776023,14.13384630598728,-145.00046372909966,47.878646030863464,-73.43329469521191,-68.6647477770786,92.48975052733162,-9.75988345324598,70.14397365643589
-55.98816365019249,11.853179842604154,-60.878559704160374,35.3235403957278,-30.8097598055515,-29.757756138807824,-23.00034989141764,-10.581973204173075,-62.99610035502272,116.25698864121877,-99.32348644449549,25.300891913204747,43.678202751273844,-103.03934190845625,7.168377486453958,-17.397479682739558,85.44545451256666,21.682459496921638,5.905134754178553,63.02105147704472,-40.379506666465,56.624002172400736,28.32696811567233,-81.61564946100269,3.5885177473793153,113.17531069815149,1.2282559625178677,-48.34204986821845,-15.240233742541283,-46.65313184669423,-40.64569054696176,-12.519676461753635,-94.50503939797142,-10.000003900491453,33.47498959939633,84.85833812215324,-26.125704452618937,4.96185490996743,40.3366742020963,-45.42895173776023,51.282366926727285,-15.239712504017227,159.23958260301058,-52.37293363944368,80.74950396590751,76.24910179842574,-101.50638928912646,11.29173979189212,-78.49228312130714
18.040478516584837,-3.7573742445840588,19.928984069299403,-10.929078515789522,9.65671103432593,9.350715387101603,7.244755068622357,3.5026724867411048,20.152109462124876,-37.07221299345853,32.251156270996255,-8.510814234191741,-14.907256834134278,33.35018709739356,-2.006573819157016,5.8076325797449675,-26.6329375063051,-6.408170712261894,-1.910873076265165,-19.81854497856619,12.889542953338502,-17.43168800066881,-8.732376044178743,26.43374108318111,-0.7054915235214076,-35.74210455765433,-0.30336628250432157,15.340622015384684,4.874648291236723,15.291337719579529,12.985009801428735,4.056293727944115,30.141351705924098,3.580878055183895,-10.276383552246191,-26.31558341653974,8.733672627452865,-1.7022298673969745,-13.437612721620903,14.13384630598728,-15.239712504017227,5.259021956127043,-51.50840601538147,17.114169781459275,-25.98809422352815,-23.818398239102645,32.90120908703155,-3.1068551471046875,23.923509258764113
