V1,V2,V3,V4,V5,V6,V7,V8,V9,V10,V11,V12,V13,V14,V15,V16,V17,V18,V19,V20,V21,V22,V23,V24,V25,V26,V27,V28,V29,V30,V31,V32,V33,V34,V35,V36,V37,V38,V39,V40,V41,V42,V43,V44,V45,V46,V47,V48,V49
942.6189195442399,-206.29539587943242,1035.9687368203295,-579.3064078957569,511.2125583842308,490.8695458889186,385.254122517899,176.3524067705495,1056.4811583925516,-1947.2430013027438,1671.0440673710916,-428.22486127846565,-759.5758347774312,1740.1165057269488,-110.49318684632922,301.7557005201318,-1419.6438989134151,-350.97840867890153,-94.31917745268241,-1038.4682522423432,677.0656702917559,-932.7233895625732,-465.9137817104934,1372.512275368586,-52.560729134891574,-1885.3202170695517,-20.022977805920537,808.5563781904549,254.4015214519013,793.1919993155169,671.7158024985483,206.00872568480997,1581.7881082451302,172.07165442950267,-541.1377644314291,-1400.3132693334724,442.2644740564311,-83.02397680829928,-694.1612889135922,747.0459766789886,-825.833707771911,261.5874849481005,-2689.225492814541,894.4002440527603,-1361.2458970413386,-1262.3082782525805,1713.4041840380687,-171.19845398762374,1286.4534019709436
-206.29539587943242,47.49271694823692,-227.18502533086405,127.06102905452309,-112.35483701187688,-106.51848942251736,-84.10467895457819,-38.20411363716698,-231.72570002358302,426.40474108229165,-365.5261632207782,93.79095302571041,166.64041241160112,-380.99616022213263,23.661240247901958,-67.90446539244029,311.33054531790805,77.33756114924113,19.431854911585816,226.51498271900672,-149.44147047006118,204.33476947842743,103.07207996783676,-299.58738601694694,11.803011627333404,411.8545294332577,4.3915833998399645,-176.72375862602192,-55.40318798290369,-174.6222124638401,-146.0071663136543,-44.38162222495811,-345.51676573101076,-37.63482657747059,117.5183497811471,306.51459932117507,-98.19216239185663,19.672226688647182,152.196163486708,-162.33242126348938,180.31724836687155,-56.39182942533305,589.4631245589684,-196.32856219725568,298.2692028575074,277.1133159360569,-375.4077028793798,37.906681695814676,-282.09298605843435
1035.9687368203295,-227.18502533086405,1138.7967079942116,-636.5656835243069,561.8833068212952,539.2562628723088,423.40437394604686,193.7170394914942,1161.1259349361305,-2140.0777203969333,1836.4734385219488,-470.61302763392484,-835.0312241153651,1912.5462786646656,-121.26457040048092,332.0163612495032,-1560.2468499728914,-385.71636793390456,-103.38072762013459,-1140.9571032223907,744.3167070910677,-1024.9661925663413,-512.1476008409278,1508.2966115659779,-57.78526335272438,-2071.7684375245212,-22.009488260442666,888.5786354963615,279.51721383877367,871.9730652893429,737.9657670399821,226.22132764115958,1738.2832027632198,189.08579539264827,-594.370565546451,-1538.7679201865578,486.2635989654292,-91.41534095812374,-763.0640545548464,820.6921446660311,-907.297015822514,287.3771391202503,-2955.8203790898224,983.2114095004642,-1496.1395036961771,-1387.324316586481,1883.183386732604,-188.03070716128983,1413.7186493366244
-579.3064078957569,127.06102905452309,-636.5656835243069,356.38631461552524,-314.40114698578344,-301.65280708204494,-236.66961454494566,-108.41571356593926,-649.493761456559,1196.8756232398425,-1027.1437873218285,263.3548032419748,466.57749709769,-1069.3559839032657,67.94724586421871,-185.74360979428917,872.7121304579608,215.97351677695514,57.855862859828605,638.5389733996502,-416.45005401947975,573.4800749870055,286.7794771968073,-843.4452639552818,32.36512722132436,1158.720248723631,12.262865379542783,-496.8677272782654,-156.3366124353014,-487.6087304983067,-412.9488340423404,-126.62180449100394,-972.0711324388876,-105.85917155688921,332.83519263439837,860.9587942835141,-272.2799705723802,51.52840102446903,426.4341885742258,-459.14353143121235,507.92384093415546,-160.58848829178868,1652.7354077855907,-549.4854247780619,836.5864412524883,776.2777045297303,-1053.0701264272393,105.6894885297111,-791.1029818839701
511.2125583842308,-112.35483701187688,561.8833068212952,-314.40114698578344,277.4731286783157,266.07603258371154,208.87909976130635,95.59491593497881,573.1236298878152,-1056.1978187315108,906.3313365569259,-232.3225505377694,-411.8475162511881,943.719542942653,-59.86960764784239,164.09217189694883,-770.1642443791466,-190.56780408822155,-50.87705157855432,-563.2410070054285,367.5757790392281,-506.0020253549398,-253.08924388851844,744.224585144339,-28.592458521204982,-1022.4077403424516,-10.827077108415194,438.4476614827235,137.90640940979227,430.38401866416336,364.2406232999928,111.6177311590992,857.7474273742544,93.34736088638832,-293.4889768465447,-759.6294334360487,240.28567588543635,-45.494601975517554,-376.40584524383706,404.9936856178151,-448.0596444961584,141.64905554258044,-1458.6149011209077,485.0478375907311,-738.3067066826097,-684.9983305016466,929.3123020932217,-93.14931702800436,698.0451032918386
490.8695458889186,-106.51848942251736,539.2562628723088,-301.65280708204494,266.07603258371154,256.07347961542285,200.69810557231384,92.0015833236204,549.9969880000781,-1014.0146295811362,870.3110463589478,-222.99645260194708,-395.2656059524677,906.1087709771136,-57.81722610964029,156.34783179245534,-739.153266963158,-182.62310534416184,-49.61282827304437,-541.2249462112968,352.1214173942011,-485.78446203386284,-242.26509748954305,715.0934721696427,-27.274646156439577,-982.2027697188278,-10.422128249538924,421.2083645301411,132.61103348541863,412.62792029862925,350.30066070984157,107.58472272131777,824.0697550113301,89.63245288824676,-282.27995818735843,-729.3886967544331,229.7670401373055,-42.64192085429425,-361.27199258136545,389.6181229216906,-430.4555897512237,136.505376455811,-1400.088913101471,465.4902088025852,-708.7298862583804,-657.1694483639542,892.1227429178258,-89.05647720563509,669.9384967133029
385.254122517899,-84.10467895457819,423.40437394604686,-236.66961454494566,208.87909976130635,200.69810557231384,157.58024723402812,72.05655786264323,431.6740194337639,-795.8665587864107,682.8434713385581,-174.8303347693047,-310.3533985691031,711.1881897687653,-45.20475725985511,123.09667940422521,-580.274772983353,-143.43657492820554,-38.62294040236189,-424.3837521530661,276.5528277950357,-381.2271325279626,-190.25946072214364,560.9831710966281,-21.55599516944442,-770.6938895288571,-8.228083673596663,330.5392382177838,103.99073707420415,324.04700262649425,274.5268572239628,84.19803344628197,646.5923390262144,70.17494738395546,-221.1753515494134,-572.339527977329,180.42649813522246,-33.5970323592881,-283.685635779432,305.4267534954328,-337.628017365146,106.96447385532764,-1099.0383851435515,365.582427239077,-556.3480887746022,-515.8257650415725,700.1800959871701,-69.84448986180784,525.8254401609609
176.3524067705495,-38.20411363716698,193.7170394914942,-108.41571356593926,95.59491593497881,92.0015833236204,72.05655786264323,33.12510575187038,197.61072176799908,-364.26707057699633,312.789865599663,-80.24280369621229,-142.03626946301236,325.5113404034952,-20.756837200119335,56.18586030741322,-265.425926349725,-65.57828319357172,-17.85890729033776,-194.53727388374085,126.53530892608852,-174.4504039007138,-87.06619816603454,256.96424610266234,-9.721346435973441,-352.8123732487047,-3.7127390018363973,151.26821378121062,47.65469736815647,148.26956725495847,125.94053332944759,38.70432654362098,296.0210946964716,32.305504238254684,-101.48537677436062,-261.98594736431886,82.70365287502764,-15.421844362145128,-129.77519958846568,139.97590646027467,-154.5857620720125,49.0935077046216,-502.9798463219222,167.16927093709742,-254.59044591298272,-236.09881606556425,320.5354243771575,-32.04767428031363,240.5789897855922
1056.4811583925516,-231.72570002358302,1161.1259349361305,-649.493761456559,573.1236298878152,549.9969880000781,431.6740194337639,197.61072176799908,1184.3256214467945,-2182.5218851403993,1872.9582577933356,-480.09331783764003,-851.330841521962,1950.3200083249972,-123.77164842288418,338.65197568253797,-1591.3022422274025,-393.56782544768237,-105.51017469667943,-1163.9375290221233,759.2013541213759,-1045.5244923647315,-522.5675304816008,1538.1298509288313,-58.96344567792037,-2112.913542423431,-22.42151236569231,906.1497755609815,285.08334449201,889.2336678684904,752.7357426681056,230.7937647630684,1772.7004627871845,192.9443924880423,-606.4639426401473,-1569.6017948198878,496.1624502448614,-93.57206821095265,-778.0076793703232,837.1030863113208,-925.6307866893173,292.9726673892954,-3014.193113139467,1002.4215208486564,-1525.7228586396059,-1415.1252774238123,1920.4829644061379,-192.17252248037622,1442.0949704590419
-1947.2430013027438,426.40474108229165,-2140.0777203969333,1196.8756232398425,-1056.1978187315108,-1014.0146295811362,-795.8665587864107,-364.26707057699633,-2182.5218851403993,4022.7642397354534,-3452.0339840732136,884.609385531854,1568.9491655619177,-3594.6940600786043,228.27640427061743,-623.5383591172917,2932.934543319515,725.2190856252929,194.68728122836518,2145.3354069716115,-1398.8764090788088,1927.0073246309644,962.7233663863656,-2835.273746692486,108.6838122265257,3894.764927287023,41.366565233540946,-1670.340645523574,-525.5164074105326,-1638.6642568070697,-1387.6599465559839,-425.5076195790423,-3267.6561513050115,-355.4342616967805,1117.946628057986,2893.0129821024802,-913.7936270301288,171.6847764424491,1433.8792407622022,-1543.239601656448,1706.2954215700895,-540.2262903104413,5555.483594485184,-1847.6518954474607,2812.088981111953,2607.9728886445155,-3539.5699681680667,353.8551744529451,-2657.9278040817485
1671.0440673710916,-365.5261632207782,1836.4734385219488,-1027.1437873218285,906.3313365569259,870.3110463589478,682.8434713385581,312.789865599663,1872.9582577933356,-3452.0339840732136,2962.764241318718,-759.5099174641472,-1346.5149229529504,3084.8090722311795,-195.93202199966544,534.9659746933978,-2516.5065403750145,-622.1592958136491,-167.3304910803254,-1841.3208226608729,1200.388861380438,-1653.4440148258545,-826.0871388849381,2433.349266416171,-92.99484603153256,-3342.188528646435,-35.401829561237285,1433.322147920931,451.0283841583252,1406.2221557280595,1191.1890560710576,365.3876817404768,2804.149265429326,305.3461502583622,-959.6313249197108,-2482.4605425236455,784.4411604559455,-147.4692432314059,-1230.4762973798158,1324.4421541076968,-1464.0883551004808,463.85032016776495,-4767.362005250309,1585.3472856512185,-2413.0989874780603,-2237.934757806222,3037.5686158448016,-303.7289693251412,2280.5316016544407
-428.22486127846565,93.79095302571041,-470.61302763392484,263.3548032419748,-232.3225505377694,-222.99645260194708,-174.8303347693047,-80.24280369621229,-480.09331783764003,884.609385531854,-759.5099174641472,194.95631594208294,345.14935395994576,-790.527085111963,50.17857492969669,-137.305996572415,644.7347292549645,159.4142275673348,42.86821124743321,472.0274933598189,-307.8069459986483,423.65538402789065,211.8814437175111,-623.6301542303611,23.68475138265006,856.3007655725446,8.999524994062236,-367.2144189251542,-115.58430174393035,-360.5263850472798,-305.4080807560732,-93.69836576052145,-718.4967008231146,-78.51087506550545,246.015201647981,636.1243442016962,-201.49404810122704,38.19069298507275,315.30585478795996,-339.34039494273753,375.0926149208607,-118.86964431802102,1221.7633374692275,-406.1648678008416,618.3571979798048,573.6279313960903,-778.5534111414324,78.01754706719234,-584.3229073857148
-759.5758347774312,166.64041241160112,-835.0312241153651,466.57749709769,-411.8475162511881,-395.2656059524677,-310.3533985691031,-142.03626946301236,-851.330841521962,1568.9491655619177,-1346.5149229529504,345.14935395994576,612.5799089147848,-1402.324229708482,88.79886776684077,-243.52875008951534,1143.6890168893149,282.6260249234735,75.79996101628453,836.3389878625015,-545.6727168336239,751.2694813186292,375.36335964211213,-1105.8644171151714,42.232969166490626,1518.7614140581898,16.127374147274647,-651.4219110172633,-204.93357144489502,-639.4267638434259,-540.9373943568655,-165.84683774366803,-1274.3725282393623,-138.74436516337977,435.54798430263793,1127.8995576432822,-356.614083425783,67.09305700790911,559.6671823854837,-601.5316279734185,664.7407812046963,-210.78479962777726,2167.2631239958628,-721.0039775955826,1096.9785915128923,1016.887331691247,-1380.8323625390965,137.67383942152014,-1036.0653857685259
1740.1165057269488,-380.99616022213263,1912.5462786646656,-1069.3559839032657,943.719542942653,906.1087709771136,711.1881897687653,325.5113404034952,1950.3200083249972,-3594.6940600786043,3084.8090722311795,-790.527085111963,-1402.324229708482,3212.40798123291,-203.92373896225197,557.1612722949133,-2620.724198913457,-647.8783427666858,-174.032995535543,-1916.9120059994186,1249.9374493512796,-1721.8055241063678,-860.0975839986189,2533.6959048871295,-97.01869608187003,-3480.2956198422157,-36.96103406983104,1492.6372703794657,469.6130218072344,1464.3440432563496,1239.9290035919887,380.23965308669796,2920.028614550837,317.66060941214806,-998.8117393023701,-2584.9498615797306,816.4734127201501,-153.29063104143836,-1281.5269976158825,1378.978570103296,-1524.3841701619408,482.86378905247113,-4964.5672844469145,1651.2152917544067,-2512.9550090118178,-2330.2493518277392,3163.083176591913,-315.9428597119527,2374.772989185149
-110.49318684632922,23.661240247901958,-121.26457040048092,67.94724586421871,-59.86960764784239,-57.81722610964029,-45.20475725985511,-20.756837200119335,-123.77164842288418,228.27640427061743,-195.93202199966544,50.17857492969669,88.79886776684077,-203.92373896225197,13.145112528746672,-34.91213169044008,166.41340373809476,41.111880942033736,11.352669838662498,122.04020269624175,-79.11529501454461,109.44916659358825,54.44954657397753,-161.07174111037776,6.141751186242356,221.29355764706298,2.347653208052358,-94.8841377937098,-29.899392990255603,-92.71223369113899,-79.04428161290183,-24.33305027327093,-185.63914751815386,-20.167429222439175,63.76938578940912,164.34239418625376,-51.519634757378064,9.416401623508515,81.21352528817289,-87.95004342264441,97.14751800408898,-30.798798388683988,315.00375607105525,-104.64482935308997,159.48257160076307,147.9332441854839,-200.74699758423725,20.088644568766604,-150.92897949141573
301.7557005201318,-67.90446539244029,332.0163612495032,-185.74360979428917,164.09217189694883,156.34783179245534,123.09667940422521,56.18586030741322,338.65197568253797,-623.5383591172917,534.9659746933978,-137.305996572415,-243.52875008951534,557.1612722949133,-34.91213169044008,98.27634687143674,-454.8453635312988,-112.77498386883424,-29.202840979526805,-331.8999651899036,217.8687480878622,-298.63827927714624,-150.1411483474994,438.75623049249157,-16.99116699968891,-602.7952250757855,-6.362217539074143,258.5515954570602,81.1912255713029,254.84600277676134,214.32231700936737,65.42776388641707,505.72872482538367,55.19297939753941,-172.57578338931168,-448.22063210845374,142.99017082526456,-28.05734931997496,-222.4647393034204,238.104701554616,-263.93527335844874,83.11426637750733,-861.5929469744542,286.68426254889204,-436.03111307080354,-404.82077926611834,548.8574582077968,-55.31124502356591,412.140471053707
-1419.6438989134151,311.33054531790805,-1560.2468499728914,872.7121304579608,-770.1642443791466,-739.153266963158,-580.274772983353,-265.425926349725,-1591.3022422274025,2932.934543319515,-2516.5065403750145,644.7347292549645,1143.6890168893149,-2620.724198913457,166.41340373809476,-454.8453635312988,2138.690188535916,528.9963132360716,141.7189986908645,1563.9702980773284,-1020.0673275054381,1405.1695427623363,702.1344799749248,-2066.8196671251226,79.47288201930225,2839.5705887524487,30.212385721508426,-1217.8113362890124,-383.07935748074595,-1194.7416602339208,-1011.4176424322915,-310.04675607076837,-2382.2662145418312,-258.9367330679548,814.9480269519289,2109.4390444666224,-666.2274665913952,125.31520046629495,1045.3397909521505,-1125.0185758279542,1244.2466773550932,-393.58469971240027,4050.320670894122,-1347.1056493802992,2050.2453773202906,1901.6709703019972,-2580.5066319555262,258.1517934609588,-1938.265332534828
-350.97840867890153,77.33756114924113,-385.71636793390456,215.97351677695514,-190.56780408822155,-182.62310534416184,-143.43657492820554,-65.57828319357172,-393.56782544768237,725.2190856252929,-622.1592958136491,159.4142275673348,282.6260249234735,-647.8783427666858,41.111880942033736,-112.77498386883424,528.9963132360716,131.0378068428371,34.87254474732314,386.7314252330729,-252.47835335418617,347.57843274234295,173.91748463504928,-510.81556655913147,19.776713066098388,702.0148456874392,7.477015926374906,-301.03808876500113,-94.67110337148479,-295.5336553278374,-249.96374473352788,-76.56982860308952,-588.8652027649473,-63.996354220352245,201.52441690390887,521.7427437173549,-165.03934902626224,31.342696334084092,258.370928894076,-278.02608690249593,307.8248561088414,-97.12523130870301,1001.411844957822,-333.0057447776519,506.92525024001725,470.5185096198688,-637.9992174757687,64.14272593296235,-479.57040914858237
-94.31917745268241,19.431854911585816,-103.38072762013459,57.855862859828605,-50.87705157855432,-49.61282827304437,-38.62294040236189,-17.85890729033776,-105.51017469667943,194.68728122836518,-167.3304910803254,42.86821124743321,75.79996101628453,-174.032995535543,11.352669838662498,-29.202840979526805,141.7189986908645,34.87254474732314,10.171324712329138,104.36985103014489,-67.08415910376947,93.26550202929766,46.0440281169194,-137.72171121128795,5.101367803034131,189.02659359403526,2.018479935816021,-81.04066667316998,-25.620927911526167,-78.85272378999926,-67.74351917664472,-21.00405064861494,-158.60463789124333,-17.280171019157166,54.65623909050485,140.14238395544064,-43.58834116945122,7.565172087879349,69.30251994338103,-75.38645674321178,82.8726178021995,-26.620702360105824,268.57310366041446,-89.152804227418315,136.0083007791592,125.912933652423,-171.2499892651714,16.96673441052526,-128.47229705003267
-1038.4682522423432,226.51498271900672,-1140.9571032223907,638.5389733996502,-563.2410070054285,-541.2249462112968,-424.3837521530661,-194.53727388374085,-1163.9375290221233,2145.3354069716115,-1841.3208226608729,472.0274933598189,836.3389878625015,-1916.9120059994186,122.04020269624175,-331.8999651899036,1563.9702980773284,386.7314252330729,104.36985103014489,1144.8833404064383,-745.7632177125374,1027.7942496142246,513.3237683846878,-1512.4229535681627,57.80025697365659,2077.4481019042973,21.994020245393727,-890.8446772978091,-280.4077220692678,-873.5563430488245,-740.7224297412014,-227.33810307546148,-1742.9108743790644,-189.7795514911657,596.9641358816725,1543.1511777362405,-487.23137182152783,91.39243845029269,764.3669801998512,-823.6318634372544,910.5008363910327,-288.37895336408684,2962.310930371094,-984.840871753828,1499.491691993274,1390.9153922183252,-1887.5550139171278,188.9938709032869,-1417.6204912979904
677.0656702917559,-149.44147047006118,744.3167070910677,-416.45005401947975,367.5757790392281,352.1214173942011,276.5528277950357,126.53530892608852,759.2013541213759,-1398.8764090788088,1200.388861380438,-307.8069459986483,-545.6727168336239,1249.9374493512796,-79.11529501454461,217.8687480878622,-1020.0673275054381,-252.47835335418617,-67.08415910376947,-745.7632177125374,487.1925306028747,-670.1187050753739,-335.4715886739461,985.4850531693814,-37.88089303351466,-1353.7934816167442,-14.331796528686548,580.6020668666058,182.5900455029089,570.3645297898037,482.15236645623577,147.6681383427732,1135.7975212691472,123.71606625508853,-388.44210657278404,-1005.9806809496502,318.75085577477785,-60.72014749093773,-498.63336784592457,536.0061607957424,-593.1490252278375,187.42226763784194,-1932.1038590136402,642.5858345856013,-977.9168331215595,-907.4144278809499,1230.9626460976265,-123.48519348887669,924.5097663002665
-932.7233895625732,204.33476947842743,-1024.9661925663413,573.4800749870055,-506.0020253549398,-485.78446203386284,-381.2271325279626,-174.4504039007138,-1045.5244923647315,1927.0073246309644,-1653.4440148258545,423.65538402789065,751.2694813186292,-1721.8055241063678,109.44916659358825,-298.63827927714624,1405.1695427623363,347.57843274234295,93.26550202929766,1027.7942496142246,-670.1187050753739,923.3366871731039,461.30396191750896,-1358.021074750254,52.194600078225676,1865.7967175393785,19.84435507147413,-800.1642701551141,-251.73746477375323,-784.8512719475489,-664.7096538284615,-203.81119072552158,-1565.2839391827738,-170.17493154983867,535.6555238360376,1386.113397092751,-437.66084075264035,82.27765162784814,686.6809105506067,-739.375785907929,817.7263629595885,-258.6228345123664,2661.0015935063147,-884.9298773924204,1346.9932985522898,1249.480728828871,-1695.4168142862013,169.70062360673475,-1273.604915977572
-465.9137817104934,103.07207996783676,-512.1476008409278,286.7794771968073,-253.08924388851844,-242.26509748954305,-190.25946072214364,-87.06619816603454,-522.5675304816008,962.7233663863656,-826.0871388849381,211.8814437175111,375.36335964211213,-860.0975839986189,54.44954657397753,-150.1411483474994,702.1344799749248,173.91748463504928,46.0440281169194,513.3237683846878,-335.4715886739461,461.30396191750896,231.13897128676402,-678.0728873937669,26.132259067113388,931.6251412950216,9.844265331300114,-399.50581518433535,-125.62178277766313,-392.57493025630436,-331.8031300872842,-101.58351725434504,-781.5453020265628,-85.15943986164201,267.4073401035547,692.4700044233853,-219.60766919472164,42.08988621111913,343.0392667355578,-368.83139885751314,408.3927565411023,-128.82987444807696,1329.585745130124,-442.1055655823436,672.961722663542,624.7239284869316,-847.1075556678747,85.23833448931674,-636.4993063244068
1372.512275368586,-299.58738601694694,1508.2966115659779,-843.4452639552818,744.224585144339,715.0934721696427,560.9831710966281,256.96424610266234,1538.1298509288313,-2835.273746692486,2433.349266416171,-623.6301542303611,-1105.8644171151714,2533.6959048871295,-161.07174111037776,438.75623049249157,-2066.8196671251226,-510.81556655913147,-137.72171121128795,-1512.4229535681627,985.4850531693814,-1358.021074750254,-678.0728873937669,1998.8550619963357,-76.34662508381825,-2745.3973444225007,-29.107015771818194,1177.3931795572228,370.5352316834423,1154.6375898884023,978.5490378660581,300.2501724048839,2303.4564660292435,250.67447823528948,-788.3075057847345,-2038.9392874053349,643.6232041633968,-120.44787573946296,-1010.6082241810967,1088.1818517839547,-1202.6196886611524,381.1893075183251,-3915.4815188378057,1302.1098178245832,-1981.932824650713,-1837.761887287987,2494.7689913110144,-249.1336004411243,1872.9594023579953
-52.560729134891574,11.803011627333404,-57.78526335272438,32.36512722132436,-28.592458521204982,-27.274646156439577,-21.55599516944442,-9.721346435973441,-58.96344567792037,108.6838122265257,-92.99484603153256,23.68475138265006,42.232969166490626,-97.01869608187003,6.141751186242356,-16.99116699968891,79.47288201930225,19.776713066098388,5.101367803034131,57.80025697365659,-37.88089303351466,52.194600078225676,26.132259067113388,-76.34662508381825,3.132675184513719,105.2047592506753,1.1757474798547563,-45.1231275794488,-14.144623170396983,-44.28082124344635,-37.2476289956748,-11.341771165856569,-88.17350020056918,-9.409619705022646,30.080789368273905,78.27591159262639,-24.632712814919053,4.672216006262426,38.68779782241915,-41.57677124995619,46.244374865365195,-14.406077422699008,150.0067105146453,-49.9537143590642,75.97421703704545,70.5989908361386,-95.5003830824051,9.648145820663096,-72.08353895160607
-1885.3202170695517,411.8545294332577,-2071.7684375245212,1158.720248723631,-1022.4077403424516,-982.2027697188278,-770.6938895288571,-352.8123732487047,-2112.913542423431,3894.764927287023,-3342.188528646435,856.3007655725446,1518.7614140581898,-3480.2956198422157,221.29355764706298,-602.7952250757855,2839.5705887524487,702.0148456874392,189.02659359403526,2077.4481019042973,-1353.7934816167442,1865.7967175393785,931.6251412950216,-2745.3973444225007,105.2047592506753,3771.3925669955584,40.088433700182875,-1617.3822029065652,-508.9349823800525,-1586.0027458211837,-1343.8846425608199,-412.2431646206026,-3164.0999327992495,-344.012696514338,1082.7918578936215,2801.156344817043,-883.9172542252034,165.43534216701335,1388.1129737623696,-1494.7744482949415,1652.403457452442,-523.3349002595043,5378.373935057961,-1788.65256776769,2722.523788259925,2524.716722895988,-3426.776196792484,342.39863337110364,-2573.379534412702
-20.022977805920537,4.3915833998399645,-22.009488260442666,12.262865379542783,-10.827077108415194,-10.422128249538924,-8.228083673596663,-3.7127390018363973,-22.42151236569231,41.366565233540946,-35.401829561237285,8.999524994062236,16.127374147274647,-36.96103406983104,2.347653208052358,-6.362217539074143,30.212385721508426,7.477015926374906,2.018479935816021,21.994020245393727,-14.331796528686548,19.84435507147413,9.844265331300114,-29.107015771818194,1.1757474798547563,40.088433700182875,0.4715633207970759,-17.20691458716829,-5.404319961106631,-16.82992291244081,-14.193689294348227,-4.328956073664696,-33.60376785792491,-3.5739576840941774,11.432449792048075,29.770037437095883,-9.283791052126695,1.6481980624703583,14.754132316516014,-15.873221956261487,17.56622160389936,-5.536797490540006,57.11761760648514,-19.050760311785993,28.934536728710423,26.7930756662523,-36.374773550447614,3.584868438974509,-27.366463766728437
808.5563781904549,-176.72375862602192,888.5786354963615,-496.8677272782654,438.4476614827235,421.2083645301411,330.5392382177838,151.26821378121062,906.1497755609815,-1670.340645523574,1433.322147920931,-367.2144189251542,-651.4219110172633,1492.6372703794657,-94.8841377937098,258.5515954570602,-1217.8113362890124,-301.03808876500113,-81.04066667316998,-890.8446772978091,580.6020668666058,-800.1642701551141,-399.50581518433535,1177.3931795572228,-45.1231275794488,-1617.3822029065652,-17.20691458716829,693.6837906038213,218.26352003482472,680.2355642970597,576.280341258707,176.76337484588964,1356.988488702854,147.52357585214492,-464.2741424879517,-1201.2797376072294,379.0617712209818,-70.90861828987248,-595.3676854984805,641.0038895153472,-708.5771775545028,224.4253157532648,-2306.699798655811,767.190645982567,-1167.6296685147936,-1082.7393965363676,1469.6682845724752,-146.7662042617737,1103.6100696123333
254.4015214519013,-55.40318798290369,279.51721383877367,-156.3366124353014,137.90640940979227,132.61103348541863,103.99073707420415,47.65469736815647,285.08334449201,-525.5164074105326,451.0283841583252,-115.58430174393035,-204.93357144489502,469.6130218072344,-29.899392990255603,81.1912255713029,-383.07935748074595,-94.67110337148479,-25.620927911526167,-280.4077220692678,182.5900455029089,-251.73746477375323,-125.62178277766313,370.5352316834423,-14.144623170396983,-508.9349823800525,-5.404319961106631,218.26352003482472,68.71251899550465,213.95247314127207,181.431984803382,55.703780139342335,427.0066141096645,46.464221333881675,-146.19175088698856,-377.9659428628242,119.21409383207488,-22.227656583073284,-187.28535086847685,201.79237170291665,-222.96849098240563,70.69346477775306,-725.6855339194485,241.31353609750806,-367.33547662569526,-340.6132619259447,462.39031003838295,-46.17513772326536,347.1795466989767
793.1919993155169,-174.6222124638401,871.9730652893429,-487.6087304983067,430.38401866416336,412.62792029862925,324.04700262649425,148.26956725495847,889.2336678684904,-1638.6642568070697,1406.2221557280595,-360.5263850472798,-639.4267638434259,1464.3440432563496,-92.71223369113899,254.84600277676134,-1194.7416602339208,-295.5336553278374,-78.85272378999926,-873.5563430488245,570.3645297898037,-784.8512719475489,-392.57493025630436,1154.6375898884023,-44.28082124344635,-1586.0027458211837,-16.82992291244081,680.2355642970597,213.95247314127207,668.0373567698535,564.8904317343137,173.0769555153361,1330.6766778396232,144.9173761296954,-454.98465616687855,-1178.271498341202,373.0250473669441,-70.67866394034273,-584.2569606819385,628.0264898894244,-694.6250678757259,219.8063814377005,-2263.3789740827315,752.8614803731163,-1145.6054858602092,-1062.6059641154036,1442.044573759558,-144.32400729677968,1082.6375085732902
671.7158024985483,-146.0071663136543,737.9657670399821,-412.9488340423404,364.2406232999928,350.30066070984157,274.5268572239628,125.94053332944759,752.7357426681056,-1387.6599465559839,1191.1890560710576,-305.4080807560732,-540.9373943568655,1239.9290035919887,-79.04428161290183,214.32231700936737,-1011.4176424322915,-249.96374473352788,-67.74351917664472,-740.7224297412014,482.15236645623577,-664.7096538284615,-331.8031300872842,978.5490378660581,-37.2476289956748,-1343.8846425608199,-14.193689294348227,576.280341258707,181.431984803382,564.8904317343137,479.46043006932524,147.21723285246435,1127.5301995160935,122.85192557950268,-386.335043577857,-998.1033022891472,314.9616819638816,-58.83617677607388,-494.3606008272444,532.9914800560117,-588.9913989384265,186.74764967569183,-1916.0368668154103,636.9332265601612,-969.850755437113,-899.5099615537438,1220.9199938154463,-122.11749135596081,916.7719398970046
206.00872568480997,-44.38162222495811,226.22132764115958,-126.62180449100394,111.6177311590992,107.58472272131777,84.19803344628197,38.70432654362098,230.7937647630684,-425.5076195790423,365.3876817404768,-93.69836576052145,-165.84683774366803,380.23965308669796,-24.33305027327093,65.42776388641707,-310.04675607076837,-76.56982860308952,-21.00405064861494,-227.33810307546148,147.6681383427732,-203.81119072552158,-101.58351725434504,300.2501724048839,-11.341771165856569,-412.2431646206026,-4.328956073664696,176.76337484588964,55.703780139342335,173.0769555153361,147.21723285246435,45.32507189921764,345.91346504912326,37.72847962762128,-118.68662414249498,-306.0811287112232,96.41052539013025,-17.857688878687743,-151.57514743279106,163.64647705296053,-180.66279621432165,57.442404692530815,-587.4388975347412,195.20232636807444,-297.3630766863465,-275.7210124890462,374.36230977153724,-37.430041256061216,281.04810275781256
1581.7881082451302,-345.51676573101076,1738.2832027632198,-972.0711324388876,857.7474273742544,824.0697550113301,646.5923390262144,296.0210946964716,1772.7004627871845,-3267.6561513050115,2804.149265429326,-718.4967008231146,-1274.3725282393623,2920.028614550837,-185.63914751815386,505.72872482538367,-2382.2662145418312,-588.8652027649473,-158.60463789124333,-1742.9108743790644,1135.7975212691472,-1565.2839391827738,-781.5453020265628,2303.4564660292435,-88.17350020056918,-3164.0999327992495,-33.60376785792491,1356.988488702854,427.0066141096645,1330.6766778396232,1127.5301995160935,345.91346504912326,2654.703566572701,288.6960009594794,-908.4076015205522,-2350.006346926145,741.6055638628015,-138.76500537362244,-1164.6964000600121,1254.0739520023048,-1386.1653655489195,439.14607048859034,-4512.520864023093,1500.7310624031115,-2284.1898222786463,-2118.1094846305823,2875.1025125200476,-287.1540207508976,2158.864923208859
172.07165442950267,-37.63482657747059,189.08579539264827,-105.85917155688921,93.34736088638832,89.63245288824676,70.17494738395546,32.305504238254684,192.9443924880423,-355.4342616967805,305.3461502583622,-78.51087506550545,-138.74436516337977,317.66060941214806,-20.167429222439175,55.19297939753941,-258.9367330679548,-63.996354220352245,-17.280171019157166,-189.7795514911657,123.71606625508853,-170.17493154983867,-85.15943986164201,250.67447823528948,-9.409619705022646,-344.012696514338,-3.5739576840941774,147.52357585214492,46.464221333881675,144.9173761296954,122.85192557950268,37.72847962762128,288.6960009594794,31.702858264283154,-98.9371323525524,-255.5650347730164,81.14236828024293,-15.474926032628952,-126.69150332457431,136.36633006810717,-150.6490273701999,47.822400048545745,-490.9460059698986,163.1475077951169,-248.44064711417295,-230.49604956908345,312.90594149030755,-31.402623781794183,234.68550163851864
-541.1377644314291,117.5183497811471,-594.370565546451,332.83519263439837,-293.4889768465447,-282.27995818735843,-221.1753515494134,-101.48537677436062,-606.4639426401473,1117.946628057986,-959.6313249197108,246.015201647981,435.54798430263793,-998.8117393023701,63.76938578940912,-172.57578338931168,814.9480269519289,201.52441690390887,54.65623909050485,596.9641358816725,-388.44210657278404,535.6555238360376,267.4073401035547,-788.3075057847345,30.080789368273905,1082.7918578936215,11.432449792048075,-464.2741424879517,-146.19175088698856,-454.98465616687855,-386.335043577857,-118.68662414249498,-908.4076015205522,-98.9371323525524,311.4952094571151,804.306427172472,-253.7236766073459,47.43911942329226,398.12941441385266,-429.5234700635985,474.7979351568063,-150.4298943351489,1543.3921969664227,-512.9345077801694,781.2745410080238,724.8347997944395,-983.4771848739975,98.62142885154324,-738.8549091970868
-1400.3132693334724,306.51459932117507,-1538.7679201865578,860.9587942835141,-759.6294334360487,-729.3886967544331,-572.339527977329,-261.98594736431886,-1569.6017948198878,2893.0129821024802,-2482.4605425236455,636.1243442016962,1127.8995576432822,-2584.9498615797306,164.34239418625376,-448.22063210845374,2109.4390444666224,521.7427437173549,140.14238395544064,1543.1511777362405,-1005.9806809496502,1386.113397092751,692.4700044233853,-2038.9392874053349,78.27591159262639,2801.156344817043,29.770037437095883,-1201.2797376072294,-377.9659428628242,-1178.271498341202,-998.1033022891472,-306.0811287112232,-2350.006346926145,-255.5650347730164,804.306427172472,2080.9229978967574,-657.0749855371713,123.46160456639568,1030.9017044006648,-1110.1045646118234,1227.6337404324613,-388.4078606077322,3994.932746715201,-1328.4842805168478,2022.2160604077928,1875.7864318229363,-2545.341155313496,254.76698581896605,-1911.9338811856037
442.2644740564311,-98.19216239185663,486.2635989654292,-272.2799705723802,240.28567588543635,229.7670401373055,180.42649813522246,82.70365287502764,496.1624502448614,-913.7936270301288,784.4411604559455,-201.49404810122704,-356.614083425783,816.4734127201501,-51.519634757378064,142.99017082526456,-666.2274665913952,-165.03934902626224,-43.58834116945122,-487.23137182152783,318.75085577477785,-437.66084075264035,-219.60766919472164,643.6232041633968,-24.632712814919053,-883.9172542252034,-9.283791052126695,379.0617712209818,119.21409383207488,373.0250473669441,314.9616819638816,96.41052539013025,741.6055638628015,81.14236828024293,-253.7236766073459,-657.0749855371713,209.17902916989732,-40.513236259533514,-325.7288701457933,349.7694974472127,-387.2550607800749,122.29908140306888,-1262.2965141909635,419.69939465580813,-638.8142714712188,-593.1065913556281,804.3128686961835,-81.06724708820498,603.8939590661653
-83.02397680829928,19.672226688647182,-91.41534095812374,51.52840102446903,-45.494601975517554,-42.64192085429425,-33.5970323592881,-15.421844362145128,-93.57206821095265,171.6847764424491,-147.4692432314059,38.19069298507275,67.09305700790911,-153.29063104143836,9.416401623508515,-28.05734931997496,125.31520046629495,31.342696334084092,7.565172087879349,91.39243845029269,-60.72014749093773,82.27765162784814,42.08988621111913,-120.44787573946296,4.672216006262426,165.43534216701335,1.6481980624703583,-70.90861828987248,-22.227656583073284,-70.67866394034273,-58.83617677607388,-17.857688878687743,-138.76500537362244,-15.474926032628952,47.43911942329226,123.46160456639568,-40.513236259533514,8.926645207260298,61.2175689448685,-65.0320959970004,72.55859816194463,-22.53004631137888,237.35362031790396,-78.8235137475361,120.05104072057695,112.0182256013902,-151.2627444075223,15.847486656502003,-113.70411789566866
-694.1612889135922,152.196163486708,-763.0640545548464,426.4341885742258,-376.40584524383706,-361.27199258136545,-283.685635779432,-129.77519958846568,-778.0076793703232,1433.8792407622022,-1230.4762973798158,315.30585478795996,559.6671823854837,-1281.5269976158825,81.21352528817289,-222.4647393034204,1045.3397909521505,258.370928894076,69.30251994338103,764.3669801998512,-498.63336784592457,686.6809105506067,343.0392667355578,-1010.6082241810967,38.68779782241915,1388.1129737623696,14.754132316516014,-595.3676854984805,-187.28535086847685,-584.2569606819385,-494.3606008272444,-151.57514743279106,-1164.6964000600121,-126.69150332457431,398.12941441385266,1030.9017044006648,-325.7288701457933,61.2175689448685,511.42317237831753,-549.8221237208966,607.6953299832777,-192.6147387044554,1980.5212536703636,-658.853972717388,1002.5020441751574,929.3696193573671,-1261.8235640726282,125.87816758518231,-947.0299751178572
747.0459766789886,-162.33242126348938,820.6921446660311,-459.14353143121235,404.9936856178151,389.6181229216906,305.4267534954328,139.97590646027467,837.1030863113208,-1543.239601656448,1324.4421541076968,-339.34039494273753,-601.5316279734185,1378.978570103296,-87.95004342264441,238.104701554616,-1125.0185758279542,-278.02608690249593,-75.38645674321178,-823.6318634372544,536.0061607957424,-739.375785907929,-368.83139885751314,1088.1818517839547,-41.57677124995619,-1494.7744482949415,-15.873221956261487,641.0038895153472,201.79237170291665,628.0264898894244,532.9914800560117,163.64647705296053,1254.0739520023048,136.36633006810717,-429.5234700635985,-1110.1045646118234,349.7694974472127,-65.0320959970004,-549.8221237208966,592.8769723028608,-655.1261267545667,207.6276484394265,-2130.8067984041763,708.4546931632643,-1078.6360247915804,-1000.2375157610358,1357.7175609291385,-135.6021128796793,1019.6882090439716
-825.833707771911,180.31724836687155,-907.297015822514,507.92384093415546,-448.0596444961584,-430.4555897512237,-337.628017365146,-154.5857620720125,-925.6307866893173,1706.2954215700895,-1464.0883551004808,375.0926149208607,664.7407812046963,-1524.3841701619408,97.14751800408898,-263.93527335844874,1244.2466773550932,307.8248561088414,82.8726178021995,910.5008363910327,-593.1490252278375,817.7263629595885,408.3927565411023,-1202.6196886611524,46.244374865365195,1652.403457452442,17.56622160389936,-708.5771775545028,-222.96849098240563,-694.6250678757259,-588.9913989384265,-180.66279621432165,-1386.1653655489195,-150.6490273701999,474.7979351568063,1227.6337404324613,-387.2550607800749,72.55859816194463,607.6953299832777,-655.1261267545667,724.6501876364871,-229.1075387401216,2355.794399078905,-783.2200045498148,1192.5341204602407,1106.468617749273,-1500.9904062926958,150.43574270916687,-1128.0240097974154
261.5874849481005,-56.39182942533305,287.3771391202503,-160.58848829178868,141.64905554258044,136.505376455811,106.96447385532764,49.0935077046216,292.9726673892954,-540.2262903104413,463.85032016776495,-118.86964431802102,-210.78479962777726,482.86378905247113,-30.798798388683988,83.11426637750733,-393.58469971240027,-97.12523130870301,-26.620702360105824,-288.37895336408684,187.42226763784194,-258.6228345123664,-128.82987444807696,381.1893075183251,-14.406077422699008,-523.3349002595043,-5.536797490540006,224.4253157532648,70.69346477775306,219.8063814377005,186.74764967569183,57.442404692530815,439.14607048859034,47.822400048545745,-150.4298943351489,-388.4078606077322,122.29908140306888,-22.53004631137888,-192.6147387044554,207.6276484394265,-229.1075387401216,72.97677074197752,-745.9829785164983,248.02808550808794,-377.6251496336643,-349.8818073093285,475.3561764246619,-47.28967537335965,356.58342226985206
