V1,V2,V3,V4,V5,V6,V7,V8,V9,V10,V11,V12,V13,V14,V15,V16,V17,V18,V19,V20,V21,V22,V23,V24,V25,V26,V27,V28,V29,V30,V31,V32,V33,V34,V35,V36,V37,V38,V39,V40,V41,V42,V43,V44,V45,V46,V47,V48,V49
5515.945234752618,-1207.4708062649518,6061.938819235632,-3390.532732023494,2991.8633799445142,2872.619115118509,2254.4384887826523,1031.933837906414,6182.4780940423725,-11395.15241992219,9778.507062206176,-2505.777591790215,-4444.066723435774,10182.550371684165,-646.8291648878594,1765.8874453448398,-8308.181266116688,-2054.4277567378144,-551.8274803336246,-6077.441299300133,3962.395111833474,-5458.802876282224,-2727.0194529119585,8031.466630431972,-307.91040766442364,-11032.92131540086,-117.19470762894801,4731.592938967019,1488.710102262621,4641.504882436989,3930.9473537860404,1205.514957000118,9256.390256374778,1006.7822115554865,-3167.1677887035944,-8195.263093306383,2588.2144036812438,-486.14706607907465,-4061.5675222431073,4371.897029482765,-4833.793634241853,1530.3653566881494,-15736.55636032033,5233.4962690082775,-7965.666499856277,-7387.650296111151,10026.31565103351,-1002.5376939547945,7529.345953801318
-1207.4708062649518,266.0389454301901,-1327.205058863587,742.3036430315555,-655.0382663756745,-628.375955863886,-493.2230908315446,-225.6171615911961,-1353.8482060943754,2494.5104923975387,-2140.299693555675,548.6388482324647,973.2709478851992,-2229.2599467921927,141.34526163264576,-387.49501793354705,1819.1302082729385,449.9076583432327,120.16046768653631,1329.8709874554813,-868.0301056112181,1195.294660336715,597.5021188198451,-1757.6570040435652,67.50137580154838,2414.724413439475,25.688085643204374,-1035.7835298539712,-325.822421622189,-1016.6134967474677,-859.7336881290106,-263.47074890881584,-2026.0212923791526,-220.48409426967388,692.5514386614109,1794.1208823202664,-567.2261742050819,107.19707250075123,889.3135774129736,-956.5059262896028,1057.7417914111832,-334.3215848238861,3445.540883088056,-1146.1868219623211,1743.9610332699785,1617.5604577402567,-2195.2862201552643,219.4452567569841,-1648.5333492154489
6061.938819235632,-1327.205058863587,6662.360224606159,-3725.9729024331077,3288.132574679071,3156.8381636485337,2477.770204382429,1133.9952692150728,6794.318945635947,-12523.202134881427,10746.45735892994,-2753.7061676552953,-4883.9976834512745,11190.61800968917,-710.722998383982,1940.9386150994371,-9130.653443108195,-2257.7597060804196,-606.1517767666844,-6678.703441424723,4354.819259482448,-5998.9521800989205,-2997.034905944515,8826.467754895622,-338.4498304455768,-12124.866829346875,-128.76548897854363,5199.985257275924,1635.9822736394265,5101.105018106052,4319.958821325526,1324.7149067706566,10172.654362774483,1106.3261314765728,-3480.499821220215,-9006.215715051845,2844.4775660546507,-534.1945612946939,-4463.674919786805,4804.389786959495,-5312.136936687604,1681.825938419337,-17294.546483327522,5751.734609449097,-8754.203871920561,-8119.045556186362,11018.746415783471,-1101.6511815245867,8274.643875268053
-3390.532732023494,742.3036430315555,-3725.9729024331077,2084.3808290613892,-1839.156688930236,-1765.7563462163228,-1385.6341741841504,-634.3769219804273,-3800.4271656438023,7004.426573397112,-6010.761261928734,1540.4213642284515,2731.523255056021,-6258.919853572186,397.6454269965316,-1085.565631700406,5106.967125791024,1262.98228846183,339.2060011269449,3735.9745773506993,-2435.750547072456,3355.6138677908693,1676.5120118888688,-4936.749101203578,189.27936275312143,6781.795901336401,72.01100523927583,-2908.3414369921793,-915.0821347275474,-2853.056492502397,-2416.393855060636,-741.0228832925552,-5689.650885748655,-618.9612981965445,1946.98011214781,5037.744660010323,-1591.2067152744794,299.1770127837424,2496.4305277405792,-2687.4234542167032,2971.5033571057365,-940.5664669734967,9672.86154448301,-3216.7382106992736,4896.315037980896,4541.293278481812,-6163.038464144871,616.5410706624729,-4628.375457158606
2991.8633799445142,-655.0382663756745,3288.132574679071,-1839.156688930236,1623.0774347854388,1558.039136833218,1222.8861185231433,559.692759649661,3353.3438918430707,-6180.945251835433,5303.99530633724,-1359.094008388525,-2410.297233593984,5523.028192753793,-350.7990200962524,958.138161763339,-4506.556379395215,-1114.4682845947007,-299.0165116066042,-3296.4109090701177,2149.4670137800804,-2960.8640420950933,-1479.410558808281,4356.280880633887,-167.09909119483848,-5984.324738816675,-63.50004326241694,2566.3383796363596,807.3642550576919,2517.6381285033276,2132.2554511610256,653.7877697755413,5020.639241965004,545.9893091580577,-1717.9436354307686,-4445.192987791564,1404.027922540328,-263.9225774420521,-2202.951190483147,2371.206219782351,-2622.1061760509688,830.0143827047007,-8535.641272780285,2838.602576177273,-4320.646174003268,-4007.3501272079197,5438.238260747521,-543.9559867755536,4084.1602393342105
2872.619115118509,-628.375955863886,3156.8381636485337,-1765.7563462163228,1558.039136833218,1496.369466707836,1174.0718954744873,537.5359034405795,3219.682937340936,-5934.445532573618,5092.653177370016,-1305.0818915738369,-2314.244316308215,5302.935367045516,-337.0645893434598,919.1486847782135,-4326.716092755237,-1069.805408633586,-287.7195540517452,-3165.389020141266,2063.3231439000447,-2842.9787288408897,-1420.0057442959744,4182.9360092120905,-160.2496857300044,-5746.039575352748,-61.029669328793204,2464.285615068823,775.4080200719013,2417.022981045247,2047.577486010287,628.0175743248045,4820.849103119664,524.4310802765752,-1649.7316503064021,-4268.165967711182,1347.6823757486325,-252.84730061348284,-2115.011677748848,2277.2554641799497,-2517.6874922931192,797.1220078427228,-8195.283533027245,2725.389747349635,-4148.316890290041,-3847.376506821292,5221.587745905858,-522.0462706905873,3921.2684142861235
2254.4384887826523,-493.2230908315446,2477.770204382429,-1385.6341741841504,1222.8861185231433,1174.0718954744873,921.7469385874633,421.74435734053156,2526.57837185631,-4657.513273338476,3996.5815142456304,-1023.8613990989496,-1816.111154745845,4161.719380558907,-264.33541451934207,721.6768168099079,-3395.777967983903,-839.7515240294681,-225.4364678559175,-2483.830740660666,1619.4796033002865,-2230.9489816948203,-1114.5260939948544,3282.6383747891146,-126.0117361414003,-4509.430786043121,-47.91463041107707,1933.929847155199,608.4096587233711,1897.0295867960913,1606.6945907236236,492.69949922624545,3783.3192728894705,411.22575986235915,-1294.5881754710806,-3349.4330206782956,1057.64715417746,-198.35283978524424,-1659.9553921218042,1786.7735455412296,-1975.8185947117356,625.6162674465868,-6431.752263992833,2139.0456581974545,-3255.6843819716773,-3019.5383244706395,4097.661651975828,-409.7671265314167,3077.4924063634758
1031.933837906414,-225.6171615911961,1133.9952692150728,-634.3769219804273,559.692759649661,537.5359034405795,421.74435734053156,193.22109182387086,1156.616336292401,-2131.773520178045,1829.5224468137314,-468.9241760619145,-831.3427609294993,1904.9136592421999,-121.04771452723017,330.1421916645306,-1554.141518261235,-384.30291928668566,-103.39922409893637,-1137.2317900196058,741.2293253623575,-1021.1852522960983,-510.14135096891494,1502.693547794719,-57.50800183606468,-2064.1261675081237,-21.90188267612696,885.1523893248958,278.5758303696586,868.2457344397371,735.611861459736,225.64881743059084,1731.7434990288793,188.4558264677608,-592.72596799141,-1533.1821782984828,484.2653868781961,-90.87394547537377,-759.7243262348412,818.0897538704967,-904.3773792723655,286.40541131609604,-2943.920435837485,978.9605227935422,-1490.1532027256649,-1382.0991420237574,1875.741822546092,-187.58191664565132,1408.5232492319167
6182.4780940423725,-1353.8482060943754,6794.318945635947,-3800.4271656438023,3353.3438918430707,3219.682937340936,2526.57837185631,1156.616336292401,6929.991289974912,-12772.010226385903,10960.10204885856,-2808.8435713030212,-4981.22840064908,11413.065750085321,-725.0075569113313,1979.4258684414033,-9312.20948379843,-2302.7528562685434,-618.6046135166739,-6811.931453343746,4441.30241589835,-6118.705658081059,-3056.75720861208,9001.800355398875,-345.08139374494203,-12366.016079663053,-131.3780769447136,5303.344684775859,1668.6360987163562,5202.447367338668,4405.768008189118,1351.1167716154882,10374.813149081134,1128.6664332007151,-3549.746982977817,-9185.751402338568,2901.2463406867496,-545.2976298744102,-4552.414672517812,4900.250665779877,-5417.794210548433,1715.0239323259682,-17638.169052653193,5865.874622938184,-8928.227864643657,-8280.464417076595,11238.132778908373,-1123.789968691758,8439.23771207219
-11395.15241992219,2494.5104923975387,-12523.202134881427,7004.426573397112,-6180.945251835433,-5934.445532573618,-4657.513273338476,-2131.773520178045,-12772.010226385903,23541.221309484987,-20201.15640247222,5176.5412945475355,9180.556849530774,-21035.759525359557,1336.284266053296,-3648.2484120067693,17163.82017463778,4244.262477040617,1139.721673123161,12555.169532959877,-8185.921560157359,11277.287008710631,5633.882764408472,-16592.0461511501,636.2223818683118,22792.709594779128,242.08807316755062,-9774.946929972048,-3075.3888645333495,-9588.87295218381,-8121.067301842112,-2490.327182892564,-19122.558690492995,-2079.8262276591327,6543.025056007598,16930.54478869275,-5346.9925170905,1004.3515886721751,8390.51399589658,-9031.715614009983,9986.340612897508,-3161.4224992815684,32509.859581388013,-10811.810424948608,16456.053634048167,15262.139975923317,-20713.073052588443,2071.215837249423,-15554.943092608519
9778.507062206176,-2140.299693555675,10746.45735892994,-6010.761261928734,5303.99530633724,5092.653177370016,3996.5815142456304,1829.5224468137314,10960.10204885856,-20201.15640247222,17335.504387957768,-4442.491878740528,-7878.207769630714,18051.38085332772,-1146.749708185869,3130.5127302495403,-14728.389059287583,-3641.983256537037,-978.3521624741561,-10774.241261061348,7024.516316984752,-9677.159172985275,-4834.503041683259,14238.251641791041,-545.7150530504476,-19558.904337595595,-207.66414069567682,8388.043571081975,2639.1503226574036,8228.428111981551,6969.170934500035,2137.2617241808525,16409.56205131545,1785.057684309133,-5615.000712686961,-14528.394122666454,4588.650918822974,-861.9947496405227,-7200.104493019271,7750.495313633207,-8569.39906082316,2713.126805786361,-27897.434542177874,9277.643740139998,-14121.265134920719,-13096.823666469885,17774.488756291754,-1777.4599541526936,13347.819134394715
-2505.777591790215,548.6388482324647,-2753.7061676552953,1540.4213642284515,-1359.094008388525,-1305.0818915738369,-1023.8613990989496,-468.9241760619145,-2808.8435713030212,5176.5412945475355,-4442.491878740528,1138.8318502041645,2018.9919572769313,-4625.8039622833685,293.90279215730027,-802.2123597351261,3774.0505523335833,933.1727117233929,250.86559457260344,2761.1821556418577,-1800.1095851722444,2479.923587466377,1238.9717578164307,-3648.6775641445565,139.63592528105775,5011.936048419115,53.178204861318946,-2149.4722115522504,-676.3647217351592,-2108.649455175272,-1786.0001739963086,-547.7462475843945,-4204.993560967009,-457.796219732213,1438.8915184115301,3723.0427899074252,-1176.2146118565965,221.2038346690048,1845.0327466241777,-1986.2396789072475,2195.8187009470466,-695.1543748878034,7148.921941050393,-2377.3762028532446,3618.5913242648444,3356.1385412081154,-4555.084186100162,455.5189511998075,-3420.309806246047
-4444.066723435774,973.2709478851992,-4883.9976834512745,2731.523255056021,-2410.297233593984,-2314.244316308215,-1816.111154745845,-831.3427609294993,-4981.22840064908,9180.556849530774,-7878.207769630714,2018.9919572769313,3580.9908711021662,-8203.94759066808,521.0138767756711,-1422.910919706631,6693.468748436149,1655.005471040904,444.5824902844897,4896.133023700988,-3192.367424178641,4397.917233798217,2196.9604235530674,-6470.6077798957995,247.91941281236544,8888.608127033396,94.44315493302396,-3812.0560107716856,-1199.4240764995768,-3739.689460358354,-3166.7258060508616,-971.1534310496273,-7457.45318834917,-811.3019019059228,2551.2337874843042,6602.455456428481,-2085.378667842342,391.8618654093956,3272.562967977593,-3522.114531163374,3893.8569579730483,-1232.8953587050878,12678.716444222626,-4216.721983807142,6417.7940480806255,5951.718969322779,-8078.188234682662,807.428452430788,-6065.736924336885
10182.550371684165,-2229.2599467921927,11190.61800968917,-6258.919853572186,5523.028192753793,5302.935367045516,4161.719380558907,1904.9136592421999,11413.065750085321,-21035.759525359557,18051.38085332772,-4625.8039622833685,-8203.94759066808,18797.40750721223,-1194.0599763447296,3259.923076274756,-15337.166576352362,-3792.4416992580086,-1018.6286360512694,-11218.974593542915,7314.715479320761,-10077.133750628645,-5034.165810068254,14826.322804766605,-568.3812200421514,-20366.976359460994,-216.32458150696965,8734.748064253643,2748.189599636679,8568.412079063828,7256.589478081277,2225.3656051559587,17087.6149678794,1858.6311893949417,-5846.520591678492,-15128.628703384004,4777.91670465743,-897.4277246014595,-7497.805028696666,8070.609303374409,-8923.19387619383,2824.990339588802,-29050.321137680858,9661.321036436932,-14704.836610205593,-13637.80695699162,18508.97416609091,-1850.563462790429,13899.348658020934
-646.8291648878594,141.34526163264576,-710.722998383982,397.6454269965316,-350.7990200962524,-337.0645893434598,-264.33541451934207,-121.04771452723017,-725.0075569113313,1336.284266053296,-1146.749708185869,293.90279215730027,521.0138767756711,-1194.0599763447296,76.00739919066936,-206.805968422906,974.28819638531,240.88630959107962,64.93574742897482,712.9075692002818,-464.5102011715302,640.2758183880118,319.6973206382547,-941.93315860547,36.07027170670649,1293.9621302353164,13.74522152085964,-554.9560524736493,-174.6376116702372,-544.1615687062908,-461.1928890647495,-141.49119045634305,-1085.6080963110917,-118.13086892191544,371.609168054422,961.2241432685105,-303.3625104028114,56.879145053960585,476.1816468987582,-512.9455185469125,567.0806264176996,-179.50874471920562,1845.2597406733296,-613.5925301857258,934.0552332468396,866.3313750933911,-1175.7559926308288,117.59745189210703,-883.0616782599453
1765.8874453448398,-387.49501793354705,1940.9386150994371,-1085.565631700406,958.138161763339,919.1486847782135,721.6768168099079,330.1421916645306,1979.4258684414033,-3648.2484120067693,3130.5127302495403,-802.2123597351261,-1422.910919706631,3259.923076274756,-206.805968422906,566.3797145713637,-2660.048098091538,-657.9345494981358,-175.98995121371698,-1945.211004178654,1269.1224721891685,-1747.5597454169076,-873.5727545158202,2570.8678943375544,-98.71263837539077,-3531.72123690946,-37.459745736383255,1514.595680103912,476.37381515343344,1486.4387895081031,1258.0797961925973,385.6091004158972,2962.9932541470407,322.2752720274201,-1013.5384832860781,-2623.5579224277594,829.250795913397,-156.47998296895017,-1300.5055574441274,1398.937034250899,-1547.2559686998075,489.63731677932543,-5038.310050710087,1675.6629386432967,-2550.3314004965,-2365.399964527194,3209.962593499244,-321.2229903207215,2410.5661375007594
-8308.181266116688,1819.1302082729385,-9130.653443108195,5106.967125791024,-4506.556379395215,-4326.716092755237,-3395.777967983903,-1554.141518261235,-9312.20948379843,17163.82017463778,-14728.389059287583,3774.0505523335833,6693.468748436149,-15337.166576352362,974.28819638531,-2660.048098091538,12514.415922103935,3094.6659202411993,830.9039301705874,9153.838127891722,-5968.439126923606,8222.460558920122,4107.7673652996455,-12096.975837114082,464.03729750762085,16618.11637644529,176.55987068111432,-7126.940810932769,-2242.2490758371687,-6991.213783033807,-5920.737191703175,-1815.5889198252394,-13942.199669816333,-1516.2531034338722,4770.386161535098,12344.179638647889,-3898.4041388298074,732.3258423695105,6117.524758339874,-6584.965419701349,7281.121301849555,-2304.7771069060127,23702.853304344946,-7882.9009875052625,11998.105384617273,11127.778822927718,-15101.80711381995,1510.197299400608,-11341.407561861774
-2054.4277567378144,449.9076583432327,-2257.7597060804196,1262.98228846183,-1114.4682845947007,-1069.805408633586,-839.7515240294681,-384.30291928668566,-2302.7528562685434,4244.262477040617,-3641.983256537037,933.1727117233929,1655.005471040904,-3792.4416992580086,240.88630959107962,-657.9345494981358,3094.6659202411993,765.4741471514614,205.42899551106748,2263.603383095328,-1475.9962835300487,2033.2812089703891,1015.9257279665063,-2991.166559532601,114.88574678684867,4109.299983880754,43.685866163577316,-1762.2517109562793,-554.4268232998787,-1728.8346463862936,-1463.9865305789206,-448.91850713072165,-3447.471545289444,-374.8455890695972,1179.6958834454222,3052.5491458015345,-964.162573164687,181.26675252505558,1512.6747368077617,-1628.2133513299348,1800.6155100108572,-569.887155288394,5861.07124505207,-1949.16775491364,2966.8678304939026,2751.8848408442636,-3734.237038566619,373.7175015532579,-2804.689848125549
-551.8274803336246,120.16046768653631,-606.1517767666844,339.2060011269449,-299.0165116066042,-287.7195540517452,-225.4364678559175,-103.39922409893637,-618.6046135166739,1139.721673123161,-978.3521624741561,250.86559457260344,444.5824902844897,-1018.6286360512694,64.93574742897482,-175.98995121371698,830.9039301705874,205.42899551106748,55.97478737168134,608.4201149274235,-395.96215823970357,546.1674366578534,272.4216605455487,-803.5876553943893,30.680223276258186,1103.882010743838,11.81074426838813,-473.4470981212425,-149.11295625761375,-464.08138140442946,-393.50689786792753,-120.8812204069217,-926.120074103753,-100.90819283653461,317.1629864454196,819.9750387873818,-258.7055638293053,48.29526668515736,406.2306675235027,-437.8348104705747,483.66792236045904,-153.35066379107352,1573.8732162189392,-523.2773592837109,796.734877272448,738.903074941703,-1003.0232219271546,100.31575647692469,-753.0987783160454
-6077.441299300133,1329.8709874554813,-6678.703441424723,3735.9745773506993,-3296.4109090701177,-3165.389020141266,-2483.830740660666,-1137.2317900196058,-6811.931453343746,12555.169532959877,-10774.241261061348,2761.1821556418577,4896.133023700988,-11218.974593542915,712.9075692002818,-1945.211004178654,9153.838127891722,2263.603383095328,608.4201149274235,6696.821505762506,-4365.665155911023,6014.691316477023,3004.6839026034977,-8849.317767971417,339.12778433876804,12156.317801616153,129.0899833002487,-5213.3021984111565,-1640.4003865263812,-5113.817760495644,-4331.663035548364,-1328.5275806983448,-10198.840382807462,-1109.5392512204803,3490.1934766637078,9029.885665292793,-2851.834343924353,535.6414124639398,4474.688923650349,-4817.463162820219,5326.350733091273,-1686.258825882296,17338.226999143804,-5765.862551775227,8776.390091085023,8139.918128859712,-11046.996841974238,1104.9101061777774,-8296.053742046592
3962.395111833474,-868.0301056112181,4354.819259482448,-2435.750547072456,2149.4670137800804,2063.3231439000447,1619.4796033002865,741.2293253623575,4441.30241589835,-8185.921560157359,7024.516316984752,-1800.1095851722444,-3192.367424178641,7314.715479320761,-464.5102011715302,1269.1224721891685,-5968.439126923606,-1475.9962835300487,-395.96215823970357,-4365.665155911023,2846.9462648540452,-3921.376800144906,-1959.420580618294,5769.3285020828125,-221.26781388808388,-7925.348751081176,-84.12755429615703,3398.9046123598814,1069.3510771943102,3334.5824144948037,2823.7046342716512,865.8488537489013,6649.250825509596,723.259882840783,-2275.0862744336896,-5887.141236204437,1859.8122883854194,-349.70803321639676,-2917.616024168289,3140.2536518146158,-3472.404160543703,1099.1112741661398,-11304.743803497231,3759.618572233567,-5722.234312875254,-5307.41289080629,7202.520672857133,-720.4452925164293,5409.069675217686
-5458.802876282224,1195.294660336715,-5998.9521800989205,3355.6138677908693,-2960.8640420950933,-2842.9787288408897,-2230.9489816948203,-1021.1852522960983,-6118.705658081059,11277.287008710631,-9677.159172985275,2479.923587466377,4397.917233798217,-10077.133750628645,640.2758183880118,-1747.5597454169076,8222.460558920122,2033.2812089703891,546.1674366578534,6014.691316477023,-3921.376800144906,5402.774231865246,2698.968838843312,-7948.229120520739,304.7942165583515,10918.87925135919,116.03895983517002,-4682.765861842893,-1473.3347592498806,-4593.455068929226,-3890.2599990973904,-1192.9600563918598,-9160.641335041473,-996.4465560792357,3134.3737163091228,8110.914008458184,-2561.4357381033437,481.2510078845028,4019.380519662136,-4326.872491147207,4784.098827495873,-1514.2134173587888,15573.713466293631,-5179.337604130181,7883.222834770925,7311.360785416816,-9922.72730483514,992.2518356710832,-7451.811363100152
-2727.0194529119585,597.5021188198451,-2997.034905944515,1676.5120118888688,-1479.410558808281,-1420.0057442959744,-1114.5260939948544,-510.14135096891494,-3056.75720861208,5633.882764408472,-4834.503041683259,1238.9717578164307,2196.9604235530674,-5034.165810068254,319.6973206382547,-873.5727545158202,4107.7673652996455,1015.9257279665063,272.4216605455487,3004.6839026034977,-1959.420580618294,2698.968838843312,1348.7811080187585,-3970.570850740401,152.3221705051438,5454.514635660862,57.87988497112876,-2339.203433585728,-735.9053923719237,-2294.9667938088382,-1943.3852584133726,-595.8359138052879,-4576.178277518817,-497.8021300537528,1565.834638461333,4051.863526520645,-1280.1223594373014,240.9171373836646,2007.9258128739527,-2161.2429316709045,2389.966032247585,-756.3024202527155,7780.254070137124,-2587.391528465126,3938.219242207142,3652.838972694668,-4957.056333485515,495.9777207139802,-3722.8065315559134
8031.466630431972,-1757.6570040435652,8826.467754895622,-4936.749101203578,4356.280880633887,4182.9360092120905,3282.6383747891146,1502.693547794719,9001.800355398875,-16592.0461511501,14238.251641791041,-3648.6775641445565,-6470.6077798957995,14826.322804766605,-941.93315860547,2570.8678943375544,-12096.975837114082,-2991.166559532601,-803.5876553943893,-8849.317767971417,5769.3285020828125,-7948.229120520739,-3970.570850740401,11694.640189909875,-448.1858743318306,-16064.688891700234,-170.5551452768078,6889.54632011528,2167.703871183447,6758.158509968763,5724.163481371485,1755.486545406335,13478.048641941627,1466.0823411394788,-4611.869512294055,-11932.745475882648,3768.465338535999,-707.5783487767654,-5913.676390518047,6365.989235354706,-7038.430937172476,2228.4538945665445,-22913.295274945318,7620.193232963099,-11598.325749579848,-10756.756824163318,14598.853594434531,-1459.6532883039154,10963.061874639923
-307.91040766442364,67.50137580154838,-338.4498304455768,189.27936275312143,-167.09909119483848,-160.2496857300044,-126.0117361414003,-57.50800183606468,-345.08139374494203,636.2223818683118,-545.7150530504476,139.63592528105775,247.91941281236544,-568.3812200421514,36.07027170670649,-98.71263837539077,464.03729750762085,114.88574678684867,30.680223276258186,339.12778433876804,-221.26781388808388,304.7942165583515,152.3221705051438,-448.1858743318306,17.415029304075112,615.9700723198195,6.602805813458754,-264.1477940353779,-83.0385034290555,-259.1448382362888,-219.2829344703235,-67.16388533581542,-516.6722698789638,-55.96975285587681,176.75156291794843,457.5797335094501,-144.41177735590315,27.095879116754364,226.72450042309637,-243.92496022873982,270.0130169507092,-85.35742809502693,878.4454668465647,-292.1986752824235,444.7187288472753,412.5705164832386,-559.5709034797871,56.080086451224346,-420.5673823031423
-11032.92131540086,2414.724413439475,-12124.866829346875,6781.795901336401,-5984.324738816675,-5746.039575352748,-4509.430786043121,-2064.1261675081237,-12366.016079663053,22792.709594779128,-19558.904337595595,5011.936048419115,8888.608127033396,-20366.976359460994,1293.9621302353164,-3531.72123690946,16618.11637644529,4109.299983880754,1103.882010743838,12156.317801616153,-7925.348751081176,10918.87925135919,5454.514635660862,-16064.688891700234,615.9700723198195,22068.421662633376,234.43775772573247,-9464.220240156379,-2977.7293965930867,-9283.681823733637,-7863.014074538954,-2411.3016556769317,-18514.786598596893,-2013.6747133461035,6335.215046964601,16392.46414824841,-5176.588168520994,972.0502369092518,8123.6875542677,-8745.01990135531,9669.068854918967,-3061.038279042081,31476.055110188332,-10467.913619559506,15932.838519007564,14776.78426921162,-20054.520595168513,2005.270993067053,-15060.424142217233
-117.19470762894801,25.688085643204374,-128.76548897854363,72.01100523927583,-63.50004326241694,-61.029669328793204,-47.91463041107707,-21.90188267612696,-131.3780769447136,242.08807316755062,-207.66414069567682,53.178204861318946,94.44315493302396,-216.32458150696965,13.74522152085964,-37.459745736383255,176.55987068111432,43.685866163577316,11.81074426838813,129.0899833002487,-84.12755429615703,116.03895983517002,57.87988497112876,-170.5551452768078,6.602805813458754,234.43775772573247,2.5776481529219915,-100.56016069550859,-31.64489198145577,-98.62978696277538,-83.43526527846095,-25.54331448143386,-196.62025368152436,-21.337854692236963,67.21066170789537,174.18203705818092,-54.94443421182627,10.229695847782061,86.29203453914903,-92.90839843937701,102.72869907365985,-32.47997032916132,334.32385333273203,-111.2428894774115,169.26407839193575,156.96011756731122,-213.0450169970826,21.269319762526425,-160.0140419092531
4731.592938967019,-1035.7835298539712,5199.985257275924,-2908.3414369921793,2566.3383796363596,2464.285615068823,1933.929847155199,885.1523893248958,5303.344684775859,-9774.946929972048,8388.043571081975,-2149.4722115522504,-3812.0560107716856,8734.748064253643,-554.9560524736493,1514.595680103912,-7126.940810932769,-1762.2517109562793,-473.4470981212425,-5213.3021984111565,3398.9046123598814,-4682.765861842893,-2339.203433585728,6889.54632011528,-264.1477940353779,-9464.220240156379,-100.56016069550859,4059.0452298881437,1277.0885006696465,3981.5329292221013,3372.0950514912843,1034.1364851067108,7940.4248212717475,863.66403625936,-2716.877203411358,-7030.112136388628,2220.0563074687366,-416.7834398927444,-3483.9647114389218,3750.396054951001,-4146.603628362879,1312.7020564326428,-13499.078866951895,4489.452881222173,-6832.9951015995575,-6337.246505694275,8600.727676456745,-859.9108940368112,6458.934390421812
1488.710102262621,-325.822421622189,1635.9822736394265,-915.0821347275474,807.3642550576919,775.4080200719013,608.4096587233711,278.5758303696586,1668.6360987163562,-3075.3888645333495,2639.1503226574036,-676.3647217351592,-1199.4240764995768,2748.189599636679,-174.6376116702372,476.37381515343344,-2242.2490758371687,-554.4268232998787,-149.11295625761375,-1640.4003865263812,1069.3510771943102,-1473.3347592498806,-735.9053923719237,2167.703871183447,-83.0385034290555,-2977.7293965930867,-31.64489198145577,1277.0885006696465,401.89810762447013,1252.6546099206962,1060.9843786228682,325.4752050855904,2498.322666488439,271.81699966123745,-854.899629088435,-2211.8957126024143,698.5099116801348,-131.0807063295174,-1096.1180171224983,1180.1026348398707,-1304.603954682791,413.0602822736227,-4247.133427260662,1412.46844170634,-2149.8156349463056,-1993.8614367002765,2706.0525236834933,-270.56047085501325,2032.1426614799125
4641.504882436989,-1016.6134967474677,5101.105018106052,-2853.056492502397,2517.6381285033276,2417.022981045247,1897.0295867960913,868.2457344397371,5202.447367338668,-9588.87295218381,8228.428111981551,-2108.649455175272,-3739.689460358354,8568.412079063828,-544.1615687062908,1486.4387895081031,-6991.213783033807,-1728.8346463862936,-464.08138140442946,-5113.817760495644,3334.5824144948037,-4593.455068929226,-2294.9667938088382,6758.158509968763,-259.1448382362888,-9283.681823733637,-98.62978696277538,3981.5329292221013,1252.6546099206962,3906.132319070596,3307.6813609769333,1014.2591359194088,7788.865320251642,847.2787211696667,-2664.8874837042495,-6896.114534768505,2178.417748192598,-409.45536888089725,-3417.7575766638033,3678.4853676271946,-4067.3799760503734,1287.6045347998627,-13242.26701513762,4404.086904357134,-6702.996468179933,-6216.76560433313,8437.077959196853,-843.7489755865495,6335.85669745429
3930.9473537860404,-859.7336881290106,4319.958821325526,-2416.393855060636,2132.2554511610256,2047.577486010287,1606.6945907236236,735.611861459736,4405.768008189118,-8121.067301842112,6969.170934500035,-1786.0001739963086,-3166.7258060508616,7256.589478081277,-461.1928890647495,1258.0797961925973,-5920.737191703175,-1463.9865305789206,-393.50689786792753,-4331.663035548364,2823.7046342716512,-3890.2599990973904,-1943.3852584133726,5724.163481371485,-219.2829344703235,-7863.014074538954,-83.43526527846095,3372.0950514912843,1060.9843786228682,3307.6813609769333,2802.2712663457833,859.3700181966352,6596.886083174847,717.7039137757115,-2257.6864224897313,-5840.635280382247,1844.527501123951,-346.28162839314956,-2894.2007275233,3116.094439243986,-3445.3807940044435,1090.8736017835836,-11214.69718078058,3729.418267223346,-5676.674812948356,-5264.988296797791,7145.3353078140235,-714.6044146894606,5365.949996442203
1205.514957000118,-263.47074890881584,1324.7149067706566,-741.0228832925552,653.7877697755413,628.0175743248045,492.69949922624545,225.64881743059084,1351.1167716154882,-2490.327182892564,2137.2617241808525,-547.7462475843945,-971.1534310496273,2225.3656051559587,-141.49119045634305,385.6091004158972,-1815.5889198252394,-448.91850713072165,-120.8812204069217,-1328.5275806983448,865.8488537489013,-1192.9600563918598,-595.8359138052879,1755.486545406335,-67.16388533581542,-2411.3016556769317,-25.54331448143386,1034.1364851067108,325.4752050855904,1014.2591359194088,859.3700181966352,263.7949371475178,2023.1720450613668,220.1667483149086,-692.5798914166979,-1791.0689444967984,565.5858696492452,-106.11523877919782,-887.558583330198,955.6833599020263,-1056.4827018262126,334.6982089299619,-3439.0157108765097,1143.5722999933535,-1740.7710435961349,-1614.5361717090325,2191.1295908086154,-219.22523506773013,1645.5244344839452
9256.390256374778,-2026.0212923791526,10172.654362774483,-5689.650885748655,5020.639241965004,4820.849103119664,3783.3192728894705,1731.7434990288793,10374.813149081134,-19122.558690492995,16409.56205131545,-4204.993560967009,-7457.45318834917,17087.6149678794,-1085.6080963110917,2962.9932541470407,-13942.199669816333,-3447.471545289444,-926.120074103753,-10198.840382807462,6649.250825509596,-9160.641335041473,-4576.178277518817,13478.048641941627,-516.6722698789638,-18514.786598596893,-196.62025368152436,7940.4248212717475,2498.322666488439,7788.865320251642,6596.886083174847,2023.1720450613668,15533.714466088397,1689.5477151601513,-5315.1474089711555,-13752.77049385661,4343.06489778671,-815.4426998049776,-6815.639515365107,7336.864114279572,-8111.9236168537755,2568.1779315606186,-26407.92362706632,8782.465069258726,-13367.27599423293,-12397.40197883815,16825.355684250153,-1682.2832383403857,12635.351315849623
1006.7822115554865,-220.48409426967388,1106.3261314765728,-618.9612981965445,545.9893091580577,524.4310802765752,411.22575986235915,188.4558264677608,1128.6664332007151,-2079.8262276591327,1785.057684309133,-457.796219732213,-811.3019019059228,1858.6311893949417,-118.13086892191544,322.2752720274201,-1516.2531034338722,-374.8455890695972,-100.90819283653461,-1109.5392512204803,723.259882840783,-996.4465560792357,-497.8021300537528,1466.0823411394788,-55.96975285587681,-2013.6747133461035,-21.337854692236963,863.66403625936,271.81699966123745,847.2787211696667,717.7039137757115,220.1667483149086,1689.5477151601513,184.16602918969943,-578.1737020922889,-1495.9104054307784,472.7421257232013,-89.0007317891673,-741.305408181365,798.132261170036,-882.1590823597796,279.29415354671676,-2872.402743004696,955.1892590657832,-1453.8708819238695,-1348.4294180297352,1830.3288649570875,-183.03213442830298,1374.1569787637782
-3167.1677887035944,692.5514386614109,-3480.499821220215,1946.98011214781,-1717.9436354307686,-1649.7316503064021,-1294.5881754710806,-592.72596799141,-3549.746982977817,6543.025056007598,-5615.000712686961,1438.8915184115301,2551.2337874843042,-5846.520591678492,371.609168054422,-1013.5384832860781,4770.386161535098,1179.6958834454222,317.1629864454196,3490.1934766637078,-2275.0862744336896,3134.3737163091228,1565.834638461333,-4611.869512294055,176.75156291794843,6335.215046964601,67.21066170789537,-2716.877203411358,-854.899629088435,-2664.8874837042495,-2257.6864224897313,-692.5798914166979,-5315.1474089711555,-578.1737020922889,1819.3361550595182,4705.803640348931,-1486.133768249817,278.98543007537785,2331.76722757216,-2510.6461278612587,2776.0230747092232,-879.0037589143311,9035.356262863295,-3004.5615172011344,4573.589074128489,4242.143015563682,-5756.71791941813,576.0573470890778,-4323.551092890314
-8195.263093306383,1794.1208823202664,-9006.215715051845,5037.744660010323,-4445.192987791564,-4268.165967711182,-3349.4330206782956,-1533.1821782984828,-9185.751402338568,16930.54478869275,-14528.394122666454,3723.0427899074252,6602.455456428481,-15128.628703384004,961.2241432685105,-2623.5579224277594,12344.179638647889,3052.5491458015345,819.9750387873818,9029.885665292793,-5887.141236204437,8110.914008458184,4051.863526520645,-11932.745475882648,457.5797335094501,16392.46414824841,174.18203705818092,-7030.112136388628,-2211.8957126024143,-6896.114534768505,-5840.635280382247,-1791.0689444967984,-13752.77049385661,-1495.9104054307784,4705.803640348931,12176.742804560581,-3845.498424207085,722.4054494582305,6034.208518828563,-6495.8609176976115,7182.406967317764,-2273.4964775492085,23380.58615883308,-7775.602586521392,11834.985560073716,10976.511583102932,-14896.749892428348,1489.7529218445748,-11187.274602868987
2588.2144036812438,-567.2261742050819,2844.4775660546507,-1591.2067152744794,1404.027922540328,1347.6823757486325,1057.64715417746,484.2653868781961,2901.2463406867496,-5346.9925170905,4588.650918822974,-1176.2146118565965,-2085.378667842342,4777.91670465743,-303.3625104028114,829.250795913397,-3898.4041388298074,-964.162573164687,-258.7055638293053,-2851.834343924353,1859.8122883854194,-2561.4357381033437,-1280.1223594373014,3768.465338535999,-144.41177735590315,-5176.588168520994,-54.94443421182627,2220.0563074687366,698.5099116801348,2178.417748192598,1844.527501123951,565.5858696492452,4343.06489778671,472.7421257232013,-1486.133768249817,-3845.498424207085,1215.481749374381,-228.9304321947357,-1905.7385136197308,2051.096620477324,-2268.051196238116,717.8939779902558,-7384.294292355054,2455.6933596961085,-3737.73149165289,-3466.974734289112,4704.890362760203,-470.86140879242635,3533.110555870954
-486.14706607907465,107.19707250075123,-534.1945612946939,299.1770127837424,-263.9225774420521,-252.84730061348284,-198.35283978524424,-90.87394547537377,-545.2976298744102,1004.3515886721751,-861.9947496405227,221.2038346690048,391.8618654093956,-897.4277246014595,56.879145053960585,-156.47998296895017,732.3258423695105,181.26675252505558,48.29526668515736,535.6414124639398,-349.70803321639676,481.2510078845028,240.9171373836646,-707.5783487767654,27.095879116754364,972.0502369092518,10.229695847782061,-416.7834398927444,-131.0807063295174,-409.45536888089725,-346.28162839314956,-106.11523877919782,-815.4426998049776,-89.0007317891673,278.98543007537785,722.4054494582305,-228.9304321947357,43.95158287930129,358.09849863999665,-384.926108031573,425.85428194231156,-134.59259227296297,1387.078242320303,-461.16819073999574,702.1398180768583,651.3792696034178,-883.9150863848765,88.80654428242796,-663.6441878683792
-4061.5675222431073,889.3135774129736,-4463.674919786805,2496.4305277405792,-2202.951190483147,-2115.011677748848,-1659.9553921218042,-759.7243262348412,-4552.414672517812,8390.51399589658,-7200.104493019271,1845.0327466241777,3272.562967977593,-7497.805028696666,476.1816468987582,-1300.5055574441274,6117.524758339874,1512.6747368077617,406.2306675235027,4474.688923650349,-2917.616024168289,4019.380519662136,2007.9258128739527,-5913.676390518047,226.72450042309637,8123.6875542677,86.29203453914903,-3483.9647114389218,-1096.1180171224983,-3417.7575766638033,-2894.2007275233,-887.558583330198,-6815.639515365107,-741.305408181365,2331.76722757216,6034.208518828563,-1905.7385136197308,358.09849863999665,2990.9187167111913,-3218.908014465658,3558.878863691306,-1126.8300441379542,11587.356716468357,-3853.7117351901925,5865.423798824846,5439.522023816483,-7382.711403122112,738.0743053988576,-5543.805570151346
4371.897029482765,-956.5059262896028,4804.389786959495,-2687.4234542167032,2371.206219782351,2277.2554641799497,1786.7735455412296,818.0897538704967,4900.250665779877,-9031.715614009983,7750.495313633207,-1986.2396789072475,-3522.114531163374,8070.609303374409,-512.9455185469125,1398.937034250899,-6584.965419701349,-1628.2133513299348,-437.8348104705747,-4817.463162820219,3140.2536518146158,-4326.872491147207,-2161.2429316709045,6365.989235354706,-243.92496022873982,-8745.01990135531,-92.90839843937701,3750.396054951001,1180.1026348398707,3678.4853676271946,3116.094439243986,955.6833599020263,7336.864114279572,798.132261170036,-2510.6461278612587,-6495.8609176976115,2051.096620477324,-384.926108031573,-3218.908014465658,3465.816646385103,-3831.6702194511736,1213.003881961893,-12472.528280069768,4147.835595527321,-6313.420576035363,-5855.386576565857,7946.888221119569,-794.5119938366151,5967.861731637373
-4833.793634241853,1057.7417914111832,-5312.136936687604,2971.5033571057365,-2622.1061760509688,-2517.6874922931192,-1975.8185947117356,-904.3773792723655,-5417.794210548433,9986.340612897508,-8569.39906082316,2195.8187009470466,3893.8569579730483,-8923.19387619383,567.0806264176996,-1547.2559686998075,7281.121301849555,1800.6155100108572,483.66792236045904,5326.350733091273,-3472.404160543703,4784.098827495873,2389.966032247585,-7038.430937172476,270.0130169507092,9669.068854918967,102.72869907365985,-4146.603628362879,-1304.603954682791,-4067.3799760503734,-3445.3807940044435,-1056.4827018262126,-8111.9236168537755,-882.1590823597796,2776.0230747092232,7182.406967317764,-2268.051196238116,425.85428194231156,3558.878863691306,-3831.6702194511736,4237.029039796457,-1341.088993272125,13790.411765219578,-4586.057917617594,6980.573794761083,6474.555526585107,-8786.323950456783,878.8827131707435,-6598.9687927415425
1530.3653566881494,-334.3215848238861,1681.825938419337,-940.5664669734967,830.0143827047007,797.1220078427228,625.6162674465868,286.40541131609604,1715.0239323259682,-3161.4224992815684,2713.126805786361,-695.1543748878034,-1232.8953587050878,2824.990339588802,-179.50874471920562,489.63731677932543,-2304.7771069060127,-569.887155288394,-153.35066379107352,-1686.258825882296,1099.1112741661398,-1514.2134173587888,-756.3024202527155,2228.4538945665445,-85.35742809502693,-3061.038279042081,-32.47997032916132,1312.7020564326428,413.0602822736227,1287.6045347998627,1090.8736017835836,334.6982089299619,2568.1779315606186,279.29415354671676,-879.0037589143311,-2273.4964775492085,717.8939779902558,-134.59259227296297,-1126.8300441379542,1213.003881961893,-1341.088993272125,424.97752042793496,-4365.702713105637,1451.7966638316339,-2209.9140465013243,-2049.4710427874656,2781.4731954287486,-278.176511617865,2088.7214957402725
-15736.55636032033,3445.540883088056,-17294.546483327522,9672.86154448301,-8535.641272780285,-8195.283533027245,-6431.752263992833,-2943.920435837485,-17638.169052653193,32509.859581388013,-27897.434542177874,7148.921941050393,12678.716444222626,-29050.321137680858,1845.2597406733296,-5038.310050710087,23702.853304344946,5861.07124505207,1573.8732162189392,17338.226999143804,-11304.743803497231,15573.713466293631,7780.254070137124,-22913.295274945318,878.4454668465647,31476.055110188332,334.32385333273203,-13499.078866951895,-4247.133427260662,-13242.26701513762,-11214.69718078058,-3439.0157108765097,-26407.92362706632,-2872.402743004696,9035.356262863295,23380.58615883308,-7384.294292355054,1387.078242320303,11587.356716468357,-12472.528280069768,13790.411765219578,-4365.702713105637,44896.03121916176,-14931.278702719434,22725.620143583197,21076.668248548427,-28604.76717362731,2859.955415187734,-21480.85408345703
