V1,V2,V3,V4,V5,V6,V7,V8,V9,V10,V11,V12,V13,V14,V15,V16,V17,V18,V19,V20,V21,V22,V23,V24,V25,V26,V27,V28,V29
2.7019205396888615,-2.1056794469373332,-4.268102813742428,0.33168282155635465,1.7701419884779932,-4.552147089775089,0.6918147447012741,0.3051159629867673,-3.176537942595187,2.187558693756933,-0.06191283348343982,-1.8448932656167114,2.624770723229493,-2.679417550725801,0.03025150101150543,1.5605099347781946,1.5131777433799953,-0.42875315913671463,1.9552504281350356,-2.7857730287567555,1.1831319872588941,2.665710241146584,-2.1221526631341465,0.018526661766661474,-1.4727576265426925,0.5928081773480911,4.4503841676379174,4.702380152260795,-1.2654638365434558
-2.1056794469373332,1.846181778413824,3.6753423039491393,-0.48856026112253276,-1.3698804793837247,3.6655630931226164,-0.7382785387523575,-0.23493674528173625,2.555023339100446,-1.6501461417023786,-0.022718852630373387,1.4974251060295638,-2.0483140214026934,2.4803273940672876,-0.05642106196524164,-1.5341264595541657,-1.2223898191534495,0.43203151585086064,-1.5460878677827605,2.344280234078514,-1.1572492886199235,-2.0535087653798083,1.8551666825657518,-0.14616369410287736,1.2331666254713525,-0.39576390563645303,-3.751776750064324,-3.91446187071251,1.2397632654262076
-4.268102813742428,3.6753423039491393,7.8584412111212965,-0.7742798114929668,-3.02200663655383,7.920878664129279,-1.728417424667955,-0.5797455648883604,5.308537486259981,-3.725042063674675,0.3332489630533662,3.4716368067014263,-4.524040535480644,5.077401157289019,0.02534728831908489,-3.1259167159142427,-3.0161990163368086,1.115546397467173,-3.3644816916702434,5.114909463979435,-2.0423375388649045,-4.271837760088978,4.303381264045251,-0.2997602774143764,2.5750340516049315,-0.8214750206308985,-8.153377472879155,-8.091400749177152,2.733214423755482
0.33168282155635465,-0.48856026112253276,-0.7742798114929668,0.6945927504804383,0.33914186596066925,-0.6391214261131061,0.3783643382093652,0.009185273408367172,-0.24864549841466663,-0.011927763286437479,0.3223273240118867,-0.3099053334227831,0.08906038500661716,-1.1796233676766004,0.3158165050582962,0.8363765708907744,0.4321236185574683,-0.3610783334320296,0.11514103425923071,-0.4835535469568411,0.28509872090001703,-0.10234875165216006,-0.47691550460409293,0.13889470126046893,-0.3227139974405671,-0.127247752337945,0.6277591398896507,0.778067219212647,-0.5119004839347959
1.7701419884779932,-1.3698804793837247,-3.02200663655383,0.33914186596066925,1.5985735010413913,-3.399227113056425,0.7314061602354802,0.2250170974903516,-2.0593675699974554,1.5748754245082763,-0.195331094507055,-1.6150642451807582,1.9112308814425198,-2.045787751142718,0.141947607397639,1.3005556545417019,1.6008459721541783,-0.7883874918217655,1.390736971875363,-2.0997952038342733,0.4243561533958403,1.4332942668145796,-1.8424699926302042,-0.06346781186718466,-1.055279347633818,0.2481352786180445,3.244547924827704,3.19903575687712,-1.0734903612001914
-4.552147089775089,3.6655630931226164,7.920878664129279,-0.6391214261131061,-3.399227113056425,8.533442923121918,-1.577446212560008,-0.7881145453350473,5.41060605030477,-3.995626524331286,0.5960925849958832,3.719449314331821,-4.6936294594564885,5.293375362366617,0.14013652539952162,-3.0394769425713246,-3.293162179683746,1.1128217914712442,-3.8023002859661297,5.39375528530625,-1.8959486705507216,-4.531245869760528,4.186627492698392,-0.386794954580026,2.9441333787901938,-0.9355736710874168,-8.268507993947063,-8.332128675764016,2.5851305845340184
0.6918147447012741,-0.7382785387523575,-1.728417424667955,0.3783643382093652,0.7314061602354802,-1.577446212560008,0.7217917385776004,-0.03979042677488427,-0.9717442587310223,0.6671995889494138,0.016458427712783746,-0.8413835807513955,0.8988365046757989,-1.2197826766719295,0.22733376542044698,1.0030018403981293,0.9796037334398678,-0.698239938210153,0.44678762123642773,-1.0489242429599313,0.12169357155054215,0.34147344971012467,-1.3789711739511072,-0.05244577563854928,-0.2886855897087807,-0.009532315583293557,1.7729982271999871,1.5725440406163032,-0.8547877044059908
0.3051159629867673,-0.23493674528173625,-0.5797455648883604,0.009185273408367172,0.2250170974903516,-0.7881145453350473,-0.03979042677488427,0.39566687937276324,-0.2176106022320236,0.3123135803176461,-0.32340076020939,-0.36904356654928006,0.21619949224510615,-0.7058803268700269,-0.28820014038690867,0.08892960759799613,0.19311493629213125,0.21798682351536383,0.6432289791360422,-0.6011725194618646,0.3651918846094198,0.6449818772880249,0.04403511298860493,0.42639215123414836,-0.6875080377615784,0.12921816110873127,0.5550004409761319,0.5989380922025396,-0.12401638803925999
-3.176537942595187,2.555023339100446,5.308537486259981,-0.24864549841466663,-2.0593675699974554,5.41060605030477,-0.9717442587310223,-0.2176106022320236,4.014422853169788,-2.731822187915316,0.10964182186450502,2.218061634083072,-3.3784113579191084,2.8775853013921657,0.001092010345071249,-1.8592212862649322,-1.809917595129294,0.6281934970736536,-2.2343954247779103,3.3436595778465605,-1.4074916553293932,-3.213179341573462,2.8647112742532315,0.13958992942099085,1.5217957932473285,-0.6976187425910578,-5.641086868699926,-5.695472298800813,1.6370759555466345
2.187558693756933,-1.6501461417023786,-3.725042063674675,-0.011927763286437479,1.5748754245082763,-3.995626524331286,0.6671995889494138,0.3123135803176461,-2.731822187915316,2.0939274466985935,-0.3703428887888192,-1.777493154195757,2.4656827973829674,-1.9927550495804751,-0.141564891758406,1.1455486876044634,1.5087083728801363,-0.45890748122377756,1.770885837743482,-2.4877973974423138,0.7866380618881291,2.342875518896477,-2.052251473959759,-0.026892498770164246,-1.2135887939803491,0.5211886263173431,4.025176262647676,3.9121843653105803,-1.1201454848499115
-0.06191283348343982,-0.022718852630373387,0.3332489630533662,0.3223273240118867,-0.195331094507055,0.5960925849958832,0.016458427712783746,-0.32340076020939,0.10964182186450502,-0.3703428887888192,0.5732196350274907,0.35615918261657037,-0.278158807896582,0.14556243817531553,0.40682245276926005,0.16485675599766245,-0.24452758622295992,-0.10222434419568201,-0.5591365660665407,0.45508318172129286,-0.028911139939412786,-0.4785199613346551,0.059264461218918076,-0.2973594625470772,0.4374827650237131,-0.11331801082742977,-0.44343615632024225,-0.22562024724143714,0.03614679715458327
-1.8448932656167114,1.4974251060295638,3.4716368067014263,-0.3099053334227831,-1.6150642451807582,3.719449314331821,-0.8413835807513955,-0.36904356654928006,2.218061634083072,-1.777493154195757,0.35615918261657037,1.854706298284706,-2.1042226223088334,2.329144527437815,-0.0043972657266031345,-1.367699094478596,-1.7385168734546201,0.7237019616897762,-1.6151539959608983,2.4107674269863217,-0.5941818264560303,-1.7574841454874481,2.0598209698781735,-0.10275427083100418,1.2648073509321247,-0.29469281335235153,-3.6913386052263752,-3.5054281243697654,1.266403200889061
2.624770723229493,-2.0483140214026934,-4.524040535480644,0.08906038500661716,1.9112308814425198,-4.6936294594564885,0.8988365046757989,0.21619949224510615,-3.3784113579191084,2.4656827973829674,-0.278158807896582,-2.1042226223088334,3.056004520133357,-2.267692070762662,-0.038655857886377015,1.4903882266263053,1.8228263866767154,-0.7210464065966838,1.9412958238156213,-2.930755736224138,0.9595499048647117,2.652854935082591,-2.63815722909231,-0.22047921568730533,-1.2897801504693853,0.5371099248557485,4.957274523732624,4.745867550228183,-1.4493070019250327
-2.679417550725801,2.4803273940672876,5.077401157289019,-1.1796233676766004,-2.045787751142718,5.293375362366617,-1.2197826766719295,-0.7058803268700269,2.8775853013921657,-1.9927550495804751,0.14556243817531553,2.329144527437815,-2.267692070762662,4.6589290057064,-0.09286071777424958,-2.5840964307969876,-2.1343424053242086,0.7234351712522672,-2.389454247559374,3.518484072892463,-1.5130172828593733,-2.4424894168307527,2.4698473363635847,-0.8345785480541659,2.2710512470968793,-0.40475609759246906,-4.885359533731571,-5.237037697788713,1.9451974936549594
0.03025150101150543,-0.05642106196524164,0.02534728831908489,0.3158165050582962,0.141947607397639,0.14013652539952162,0.22733376542044698,-0.28820014038690867,0.001092010345071249,-0.141564891758406,0.40682245276926005,-0.0043972657266031345,-0.038655857886377015,-0.09286071777424958,0.4721965213909806,0.34283332420361173,0.22161757827259412,-0.43038517123129233,-0.40216842844108436,0.18552216631023255,-0.298827003992407,-0.5421382254264925,-0.34892025560049605,-0.35591810609955293,0.37197216983445874,-0.14778329776948745,-0.07975881150730732,0.004184642966236393,-0.1459899470788743
1.5605099347781946,-1.5341264595541657,-3.1259167159142427,0.8363765708907744,1.3005556545417019,-3.0394769425713246,1.0030018403981293,0.08892960759799613,-1.8592212862649322,1.1455486876044634,0.16485675599766245,-1.367699094478596,1.4903882266263053,-2.5840964307969876,0.34283332420361173,1.8133916213587702,1.4447093078890094,-0.8619235128558755,1.0565286621237546,-1.9821588127313532,0.6746367871356423,1.027344431885356,-1.9635159016640735,0.13996835285817977,-0.9151508224793855,0.10978118750637472,3.0867331464546024,3.1535062123320508,-1.3615153184112054
1.5131777433799953,-1.2223898191534495,-3.0161990163368086,0.4321236185574683,1.6008459721541783,-3.293162179683746,0.9796037334398678,0.19311493629213125,-1.809917595129294,1.5087083728801363,-0.24452758622295992,-1.7385168734546201,1.8228263866767154,-2.1343424053242086,0.22161757827259412,1.4447093078890094,1.9486324893988771,-1.0783935453288982,1.237254667271062,-2.089118803734781,0.11000548533751812,1.017472376971626,-2.1877288725332895,-0.06201875213594287,-0.9178779191458802,0.13154506034881308,3.2185625599896386,2.9192112106601873,-1.2542262891563636
-0.42875315913671463,0.43203151585086064,1.115546397467173,-0.3610783334320296,-0.7883874918217655,1.1128217914712442,-0.698239938210153,0.21798682351536383,0.6281934970736536,-0.45890748122377756,-0.10222434419568201,0.7237019616897762,-0.7210464065966838,0.7234351712522672,-0.43038517123129233,-0.8619235128558755,-1.0783935453288982,1.0008694961817353,-0.10949316870750572,0.6552568121461748,0.36184327245742837,0.28832484041733986,1.3191454172611063,0.3605953711012602,-0.053837639208009956,0.1568841179385021,-1.241300201143138,-0.967761970518339,0.6789112733709771
1.9552504281350356,-1.5460878677827605,-3.3644816916702434,0.11514103425923071,1.390736971875363,-3.8023002859661297,0.44678762123642773,0.6432289791360422,-2.2343954247779103,1.770885837743482,-0.5591365660665407,-1.6151539959608983,1.9412958238156213,-2.389454247559374,-0.40216842844108436,1.0565286621237546,1.237254667271062,-0.10949316870750572,2.0239576846393867,-2.471073683736872,1.0908950895678975,2.3604230828187696,-1.3697335011659348,0.520761067867796,-1.692621097787173,0.5099695694553483,3.49388916352307,3.572123899921423,-0.9503666917774289
-2.7857730287567555,2.344280234078514,5.114909463979435,-0.4835535469568411,-2.0997952038342733,5.39375528530625,-1.0489242429599313,-0.6011725194618646,3.3436595778465605,-2.4877973974423138,0.45508318172129286,2.4107674269863217,-2.930755736224138,3.518484072892463,0.18552216631023255,-1.9821588127313532,-2.089118803734781,0.6552568121461748,-2.471073683736872,3.533813700611047,-1.3622682930669123,-2.912506462817147,2.646877603333131,-0.4173689641694655,2.0195059045609836,-0.5469794336778427,-5.3395975804657,-5.277363568452513,1.75504112985775
1.1831319872588941,-1.1572492886199235,-2.0423375388649045,0.28509872090001703,0.4243561533958403,-1.8959486705507216,0.12169357155054215,0.3651918846094198,-1.4074916553293932,0.7866380618881291,-0.028911139939412786,-0.5941818264560303,0.9595499048647117,-1.5130172828593733,-0.298827003992407,0.6746367871356423,0.11000548533751812,0.36184327245742837,1.0908950895678975,-1.3622682930669123,1.3530249206370402,1.6796206297246723,-0.4302872842016938,0.4877808659610544,-1.0888712352997114,0.3188272931625418,2.017031458084892,2.263688110555117,-0.5713475908999724
2.665710241146584,-2.0535087653798083,-4.271837760088978,-0.10234875165216006,1.4332942668145796,-4.531245869760528,0.34147344971012467,0.6449818772880249,-3.213179341573462,2.342875518896477,-0.4785199613346551,-1.7574841454874481,2.652854935082591,-2.4424894168307527,-0.5421382254264925,1.027344431885356,1.017472376971626,0.28832484041733986,2.3604230828187696,-2.912506462817147,1.6796206297246723,3.489141648301163,-1.5882009017056302,0.4207560591973728,-1.8561044246765352,0.8108216056631681,4.492823072973237,4.694694109206695,-1.0475218644966005
-2.1221526631341465,1.8551666825657518,4.303381264045251,-0.47691550460409293,-1.8424699926302042,4.186627492698392,-1.3789711739511072,0.04403511298860493,2.8647112742532315,-2.052251473959759,0.059264461218918076,2.0598209698781735,-2.63815722909231,2.4698473363635847,-0.34892025560049605,-1.9635159016640735,-2.1877288725332895,1.3191454172611063,-1.3697335011659348,2.646877603333131,-0.4302872842016938,-1.5882009017056302,3.144749682305606,0.31283833919160564,0.8009142329134601,-0.2482172746929921,-4.58375021186762,-4.185550401810427,1.7606054935672049
0.018526661766661474,-0.14616369410287736,-0.2997602774143764,0.13889470126046893,-0.06346781186718466,-0.386794954580026,-0.05244577563854928,0.42639215123414836,0.13958992942099085,-0.026892498770164246,-0.2973594625470772,-0.10275427083100418,-0.22047921568730533,-0.8345785480541659,-0.35591810609955293,0.13996835285817977,-0.06201875213594287,0.3605953711012602,0.520761067867796,-0.4173689641694655,0.4877808659610544,0.4207560591973728,0.31283833919160564,0.7002433329114299,-0.6858564615475218,0.08059000067557202,0.11844549508430494,0.24330980760640117,-0.09415365149365335
-1.4727576265426925,1.2331666254713525,2.5750340516049315,-0.3227139974405671,-1.055279347633818,2.9441333787901938,-0.2886855897087807,-0.6875080377615784,1.5217957932473285,-1.2135887939803491,0.4374827650237131,1.2648073509321247,-1.2897801504693853,2.2710512470968793,0.37197216983445874,-0.9151508224793855,-0.9178779191458802,-0.053837639208009956,-1.692621097787173,2.0195059045609836,-1.0888712352997114,-1.8561044246765352,0.8009142329134601,-0.6858564615475218,1.6532759025979307,-0.3451226877970964,-2.602488161647383,-2.754118041021661,0.7776021417727135
0.5928081773480911,-0.39576390563645303,-0.8214750206308985,-0.127247752337945,0.2481352786180445,-0.9355736710874168,-0.009532315583293557,0.12921816110873127,-0.6976187425910578,0.5211886263173431,-0.11331801082742977,-0.29469281335235153,0.5371099248557485,-0.40475609759246906,-0.14778329776948745,0.10978118750637472,0.13154506034881308,0.1568841179385021,0.5099695694553483,-0.5469794336778427,0.3188272931625418,0.8108216056631681,-0.2482172746929921,0.08059000067557202,-0.3451226877970964,0.2439199196263669,0.8408131876937414,0.9490378688507046,-0.10693648380140112
4.4503841676379174,-3.751776750064324,-8.153377472879155,0.6277591398896507,3.244547924827704,-8.268507993947063,1.7729982271999871,0.5550004409761319,-5.641086868699926,4.025176262647676,-0.44343615632024225,-3.6913386052263752,4.957274523732624,-4.885359533731571,-0.07975881150730732,3.0867331464546024,3.2185625599896386,-1.241300201143138,3.49388916352307,-5.3395975804657,2.017031458084892,4.492823072973237,-4.58375021186762,0.11844549508430494,-2.602488161647383,0.8408131876937414,8.662299288969576,8.396703807802075,-2.822917229464669
4.702380152260795,-3.91446187071251,-8.091400749177152,0.778067219212647,3.19903575687712,-8.332128675764016,1.5725440406163032,0.5989380922025396,-5.695472298800813,3.9121843653105803,-0.22562024724143714,-3.5054281243697654,4.745867550228183,-5.237037697788713,0.004184642966236393,3.1535062123320508,2.9192112106601873,-0.967761970518339,3.572123899921423,-5.277363568452513,2.263688110555117,4.694694109206695,-4.185550401810427,0.24330980760640117,-2.754118041021661,0.9490378688507046,8.396703807802075,8.618233076269076,-2.654151236766788
-1.2654638365434558,1.2397632654262076,2.733214423755482,-0.5119004839347959,-1.0734903612001914,2.5851305845340184,-0.8547877044059908,-0.12401638803925999,1.6370759555466345,-1.1201454848499115,0.03614679715458327,1.266403200889061,-1.4493070019250327,1.9451974936549594,-0.1459899470788743,-1.3615153184112054,-1.2542262891563636,0.6789112733709771,-0.9503666917774289,1.75504112985775,-0.5713475908999724,-1.0475218644966005,1.7606054935672049,-0.09415365149365335,0.7776021417727135,-0.10693648380140112,-2.822917229464669,-2.654151236766788,1.1918739325321115
