V1,V2,V3,V4,V5,V6,V7,V8,V9,V10,V11,V12,V13,V14,V15,V16,V17,V18,V19,V20,V21,V22,V23,V24,V25,V26,V27,V28,V29
0.12881435564342236,0.1043906452727564,-0.6905954183462428,0.9339703685812321,-0.2104231114640364,0.1475813875976216,-0.18708469530723335,-0.18444467052284186,-0.08986652482827596,-0.8955704300207176,0.15782484218032453,0.2831123630891044,0.5781840033779908,0.014910080285250914,0.7293798510480609,-0.35172080756003415,-0.4825769328151943,-0.5712836391439412,-0.0277588142520785,0.3019506587480653,0.4746215587582929,0.10391479289433565,0.5727988788903375,-0.5529485724354543,0.0565832703973579,-0.6414629196573365,0.07192792279449742,1.2765949449110054,0.4433353498385045
0.1043906452727564,0.9534317268698992,-2.440304440453922,2.275093529067723,-0.01978225372003342,0.2753501626781918,-0.7674032005074014,-0.724457323118994,-0.38326836949893117,-3.061050990069095,0.6056907736636045,0.8263974844421222,1.6694722282691297,-0.3051265928434697,1.8756278931126285,-0.28815080411003885,-1.2745954758977578,-1.7209865080957134,0.49300129527226555,1.1899602556352658,0.8067521004416623,0.19320533124918718,1.3840301428677733,-1.4862061935328954,-0.08424532592546,-2.365899370376066,0.16080256047586453,2.904709412610972,0.7111454134634472
-0.6905954183462428,-2.440304440453922,10.231675516939305,-12.223056062984949,1.9623039460055156,-1.5057521785121692,3.132567864534401,3.041459140228238,1.4491221447668141,13.112311478408174,-2.1975615710196186,-3.588358178546043,-8.306799826133924,0.28093038637944184,-9.315971178783506,3.834214098558899,6.5053227473426825,8.10551165256509,-0.9477973398929451,-4.919925136165759,-5.635232206847101,-1.807047687436606,-7.456595894111772,6.947218308604291,-0.04011835052103099,9.849391105249971,-0.93591391262368,-16.12553474491262,-5.546266666018722
0.9339703685812321,2.275093529067723,-12.223056062984949,16.087119197870788,-3.222504922690379,2.144110604007829,-3.6764640344380326,-3.646690950105118,-1.7514547236598792,-15.759425902215787,2.525372696619672,4.382631232280555,10.461024173601418,0.09918001629127832,11.865931774096936,-5.905584788551022,-8.25959990605742,-10.176396060080744,0.6841803747796843,5.929394839919768,7.768513407542295,2.682749833720955,9.738565157064865,-8.732732491021626,0.26884463678479603,-11.596270856651092,1.1989664203886048,21.256016878122008,7.93963965426244
-0.2104231114640364,-0.01978225372003342,1.9623039460055156,-3.222504922690379,1.024361957414014,-0.42874839520888147,0.5720977083090825,0.6073161729930009,0.21818462513994893,2.587546271730138,-0.30233721409081316,-0.7361178405567104,-2.021614504989408,-0.2547635497306342,-2.242808553295984,1.6092812205220144,1.6015139819042807,1.8649685551249904,0.1794610423200471,-0.9364661052944413,-1.7951007226540276,-0.7091828018580558,-1.940156945006966,1.6278951379893618,-0.12895857809963934,1.8654143566687786,-0.22749363618405422,-4.433409075918012,-1.923404644011934
0.1475813875976216,0.2753501626781918,-1.5057521785121692,2.144110604007829,-0.42874839520888147,0.5237402024959846,-0.32564014183257456,-0.2227204735338923,-0.18891582558863398,-1.8137375970790575,0.4873156583363973,0.6780944772176114,1.1440761458312676,0.021306196203428558,1.5954883457316316,-0.7864796504110592,-0.8840780371979158,-1.251306803571387,0.040309130829253983,0.7596359034738953,1.0113172988183197,0.3024385453671798,1.2419759008789766,-1.0303222369714906,0.08138179197523818,-1.2256975787098336,0.12342725333941847,2.753978016814527,1.0530458442568875
-0.18708469530723335,-0.7674032005074014,3.132567864534401,-3.6764640344380326,0.5720977083090825,-0.32564014183257456,1.0995865754574468,1.0659894376577548,0.5073545755548976,4.112978293043652,-0.5908312294652213,-0.9897088939181816,-2.616820622466711,0.10376720309041769,-2.7930665888173896,1.1550523439542466,2.0748133755562748,2.513645587706676,-0.39150809007506127,-1.5101124479794226,-1.679785795820845,-0.5696481373810908,-2.2789132400825878,2.16325489418678,0.012450143028810283,3.1842972624318535,-0.2863429696426459,-4.890232917257,-1.669514065855113
-0.18444467052284186,-0.724457323118994,3.041459140228238,-3.646690950105118,0.6073161729930009,-0.2227204735338923,1.0659894376577548,1.3117322646048155,0.5477617544834716,4.008612468217187,-0.4086069206162518,-0.8932602996164035,-2.677559182176524,0.08518330955326257,-2.637096045339504,1.2338340410010331,2.1081791516098805,2.470767192540255,-0.3656170016122993,-1.500020877832581,-1.7186775191629293,-0.6930733939810771,-2.259939946594878,2.258279459865634,0.0010601311133839556,3.0295183441475575,-0.301036545497072,-4.8145912494576075,-1.7522665638838093
-0.08986652482827596,-0.38326836949893117,1.4491221447668141,-1.7514547236598792,0.21818462513994893,-0.18891582558863398,0.5073545755548976,0.5477617544834716,0.32236035076902525,1.9120431431031752,-0.29105054492102883,-0.43472380895146456,-1.1577771257732636,0.08231245992676395,-1.2741333683452658,0.5389380426312181,0.9562757967031524,1.159177698995704,-0.2540245871718246,-0.7288000105445012,-0.7751862994919565,-0.27145297847366145,-1.08832280543694,1.040353508242649,-0.008126114192225493,1.426888998162127,-0.11390845708153788,-2.2139430067618995,-0.7679395064200284
-0.8955704300207176,-3.061050990069095,13.112311478408174,-15.759425902215787,2.587546271730138,-1.8137375970790575,4.112978293043652,4.008612468217187,1.9120431431031752,17.002351776164303,-2.740894268674904,-4.508866917102469,-10.754701122532456,0.30806606239467554,-11.96651887911638,5.034045080045899,8.52117454172037,10.440800838712265,-1.2145514718095156,-6.251537291613087,-7.289021952932445,-2.3356474531898512,-9.66263461633041,9.029937992739875,-0.06114456961722265,12.81488873274028,-1.191241829998833,-20.843449625662117,-7.185936205767228
0.15782484218032453,0.6056907736636045,-2.1975615710196186,2.525372696619672,-0.30233721409081316,0.4873156583363973,-0.5908312294652213,-0.4086069206162518,-0.29105054492102883,-2.740894268674904,0.6805618243989746,0.8602637638350001,1.5485320165609913,-0.10698533306210513,2.01348556624108,-0.6541208231474568,-1.2079378258031592,-1.6465289825772724,0.25941424395871193,1.0519615644630214,1.0890309417974557,0.2485026992003086,1.5239618732917297,-1.3653234059113675,0.0077710102070502555,-2.021212270070447,0.15691115988861906,3.2616597185611877,1.0198819766183598
0.2831123630891044,0.8263974844421222,-3.588358178546043,4.382631232280555,-0.7361178405567104,0.6780944772176114,-0.9897088939181816,-0.8932602996164035,-0.43472380895146456,-4.508866917102469,0.8602637638350001,1.4032708419795465,2.871629633970408,-0.07161998754165111,3.387546160743693,-1.39095527072777,-2.233827627499956,-2.852017984779313,0.2147311343083194,1.7080028096319972,2.0470834578902313,0.5949043155897269,2.6397077156142514,-2.396843263759098,0.06538588235298974,-3.3243880864188116,0.3402697605683246,5.79179324320302,2.0173626391384376
0.5781840033779908,1.6694722282691297,-8.306799826133924,10.461024173601418,-2.021614504989408,1.1440761458312676,-2.616820622466711,-2.677559182176524,-1.1577771257732636,-10.754701122532456,1.5485320165609913,2.871629633970408,7.213730349624831,-0.004241005114507716,7.800437301591482,-3.7261870608640004,-5.629778389900074,-6.839759408241074,0.5627564396473248,3.9850163102130978,5.091970167447064,1.7820758275889839,6.402112430581944,-5.868821554310454,0.10097967036468852,-8.074618991688178,0.8514541492375136,13.975957061427474,5.148130788901313
0.014910080285250914,-0.3051265928434697,0.28093038637944184,0.09918001629127832,-0.2547635497306342,0.021306196203428558,0.10376720309041769,0.08518330955326257,0.08231245992676395,0.30806606239467554,-0.10698533306210513,-0.07161998754165111,-0.004241005114507716,0.1982835034684053,-0.02692549283882363,-0.3264961812089634,0.02137630266798695,0.08169002123416001,-0.1956146589170959,-0.15053909737968715,0.20054045774244175,0.1192530897392641,0.05406650741810933,0.057819660320315096,0.061336979323408716,0.3003760898410186,0.021442058619713017,0.22342016487533814,0.29300674689920053
0.7293798510480609,1.8756278931126285,-9.315971178783506,11.865931774096936,-2.242808553295984,1.5954883457316316,-2.7930665888173896,-2.637096045339504,-1.2741333683452658,-11.96651887911638,2.01348556624108,3.387546160743693,7.800437301591482,-0.02692549283882363,8.936848935108198,-4.1384415174615485,-6.155394534994898,-7.624246884279327,0.5639506211703056,4.465683839160153,5.667328136566707,1.8301546634887587,7.203845619790364,-6.496941358589983,0.17356546308293952,-8.891438778451105,0.9015412631481309,15.73071900000788,5.680620533129861
-0.35172080756003415,-0.28815080411003885,3.834214098558899,-5.905584788551022,1.6092812205220144,-0.7864796504110592,1.1550523439542466,1.2338340410010331,0.5389380426312181,5.034045080045899,-0.6541208231474568,-1.39095527072777,-3.7261870608640004,-0.3264961812089634,-4.1384415174615485,2.718971790197536,2.9585484084334164,3.506800890963031,0.07137704583724354,-1.8644419167692639,-3.1519058378580618,-1.2230166876186763,-3.572704696775553,3.0405702546606292,-0.2072122535297813,3.616101149847389,-0.4345054724178592,-7.939332112474184,-3.366816461130431
-0.4825769328151943,-1.2745954758977578,6.5053227473426825,-8.25959990605742,1.6015139819042807,-0.8840780371979158,2.0748133755562748,2.1081791516098805,0.9562757967031524,8.52117454172037,-1.2079378258031592,-2.233827627499956,-5.629778389900074,0.02137630266798695,-6.155394534994898,2.9585484084334164,4.545598095115345,5.374250494225096,-0.4069812635418739,-3.088633388757221,-4.006865797647321,-1.3546168258797167,-5.077083275596471,4.649299182584433,-0.1082392598068848,6.425687185731219,-0.6308051921194855,-11.00103978547768,-4.016781983826491
-0.5712836391439412,-1.7209865080957134,8.10551165256509,-10.176396060080744,1.8649685551249904,-1.251306803571387,2.513645587706676,2.470767192540255,1.159177698995704,10.440800838712265,-1.6465289825772724,-2.852017984779313,-6.839759408241074,0.08169002123416001,-7.624246884279327,3.506800890963031,5.374250494225096,6.635160163530909,-0.606768299242823,-3.916354634663497,-4.828868160679718,-1.63822620558915,-6.189740168281557,5.660274879986624,-0.10219305540386982,7.8143256927232185,-0.7851788330978179,-13.480520296031928,-4.869837000084414
-0.0277588142520785,0.49300129527226555,-0.9477973398929451,0.6841803747796843,0.1794610423200471,0.040309130829253983,-0.39150809007506127,-0.3656170016122993,-0.2540245871718246,-1.2145514718095156,0.25941424395871193,0.2147311343083194,0.5627564396473248,-0.1956146589170959,0.5639506211703056,0.07137704583724354,-0.4069812635418739,-0.606768299242823,0.4423969314063611,0.5083634333067715,0.1548906754836103,0.0534689795900728,0.4513914707481304,-0.5155270716895642,-0.08800359995235323,-0.9713665913738913,0.03866376268770189,0.7711863400934849,0.11695927989290136
0.3019506587480653,1.1899602556352658,-4.919925136165759,5.929394839919768,-0.9364661052944413,0.7596359034738953,-1.5101124479794226,-1.500020877832581,-0.7288000105445012,-6.251537291613087,1.0519615644630214,1.7080028096319972,3.9850163102130978,-0.15053909737968715,4.465683839160153,-1.8644419167692639,-3.088633388757221,-3.916354634663497,0.5083634333067715,2.4331117419255053,2.7044343983792625,0.9307668909199529,3.5891998618101293,-3.3282994921567646,0.006339450312721428,-4.674619593401033,0.44580494568492873,7.749904628311264,2.7061639168367346
0.4746215587582929,0.8067521004416623,-5.635232206847101,7.768513407542295,-1.7951007226540276,1.0113172988183197,-1.679785795820845,-1.7186775191629293,-0.7751862994919565,-7.289021952932445,1.0890309417974557,2.0470834578902313,5.091970167447064,0.20054045774244175,5.667328136566707,-3.1519058378580618,-4.006865797647321,-4.828868160679718,0.1548906754836103,2.7044343983792625,4.044259498787347,1.4357203016451328,4.754756141040905,-4.137162527829486,0.18990330004581807,-5.348347495637007,0.6021957887737218,10.401665776288352,4.120319509367409
0.10391479289433565,0.19320533124918718,-1.807047687436606,2.682749833720955,-0.7091828018580558,0.3024385453671798,-0.5696481373810908,-0.6930733939810771,-0.27145297847366145,-2.3356474531898512,0.2485026992003086,0.5949043155897269,1.7820758275889839,0.1192530897392641,1.8301546634887587,-1.2230166876186763,-1.3546168258797167,-1.63822620558915,0.0534689795900728,0.9307668909199529,1.4357203016451328,0.6525695807356648,1.6201600137285634,-1.408061161638801,0.04748510841250924,-1.6971681665721057,0.20290423957335432,3.5836757088887494,1.5622954700825358
0.5727988788903375,1.3840301428677733,-7.456595894111772,9.738565157064865,-1.940156945006966,1.2419759008789766,-2.2789132400825878,-2.259939946594878,-1.08832280543694,-9.66263461633041,1.5239618732917297,2.6397077156142514,6.402112430581944,0.05406650741810933,7.203845619790364,-3.572704696775553,-5.077083275596471,-6.189740168281557,0.4513914707481304,3.5891998618101293,4.754756141040905,1.6201600137285634,5.943201391465717,-5.326015789896249,0.15875514665279825,-7.147593565494073,0.7336250188163072,12.896902404569895,4.811129691630712
-0.5529485724354543,-1.4862061935328954,6.947218308604291,-8.732732491021626,1.6278951379893618,-1.0303222369714906,2.16325489418678,2.258279459865634,1.040353508242649,9.029937992739875,-1.3653234059113675,-2.396843263759098,-5.868821554310454,0.057819660320315096,-6.496941358589983,3.0405702546606292,4.649299182584433,5.660274879986624,-0.5155270716895642,-3.3282994921567646,-4.137162527829486,-1.408061161638801,-5.326015789896249,5.046556257603153,-0.11377756664835932,6.708487297487704,-0.6386474192722329,-11.604639324165554,-4.179830998991518
0.0565832703973579,-0.08424532592546,-0.04011835052103099,0.26884463678479603,-0.12895857809963934,0.08138179197523818,0.012450143028810283,0.0010601311133839556,-0.008126114192225493,-0.06114456961722265,0.0077710102070502555,0.06538588235298974,0.10097967036468852,0.061336979323408716,0.17356546308293952,-0.2072122535297813,-0.1082392598068848,-0.10219305540386982,-0.08800359995235323,0.006339450312721428,0.18990330004581807,0.04748510841250924,0.15875514665279825,-0.11377756664835932,0.06873818965628974,0.011547448623270166,0.023873533997326318,0.371912167731622,0.22076663869626537
-0.6414629196573365,-2.365899370376066,9.849391105249971,-11.596270856651092,1.8654143566687786,-1.2256975787098336,3.1842972624318535,3.0295183441475575,1.426888998162127,12.81488873274028,-2.021212270070447,-3.3243880864188116,-8.074618991688178,0.3003760898410186,-8.891438778451105,3.616101149847389,6.425687185731219,7.8143256927232185,-0.9713665913738913,-4.674619593401033,-5.348347495637007,-1.6971681665721057,-7.147593565494073,6.708487297487704,0.011547448623270166,9.822464962569992,-0.869346578752139,-15.422217147509539,-5.206638296901556
0.07192792279449742,0.16080256047586453,-0.93591391262368,1.1989664203886048,-0.22749363618405422,0.12342725333941847,-0.2863429696426459,-0.301036545497072,-0.11390845708153788,-1.191241829998833,0.15691115988861906,0.3402697605683246,0.8514541492375136,0.021442058619713017,0.9015412631481309,-0.4345054724178592,-0.6308051921194855,-0.7851788330978179,0.03866376268770189,0.44580494568492873,0.6021957887737218,0.20290423957335432,0.7336250188163072,-0.6386474192722329,0.023873533997326318,-0.869346578752139,0.1466368684038566,1.6001288192641476,0.6125850322894426
1.2765949449110054,2.904709412610972,-16.12553474491262,21.256016878122008,-4.433409075918012,2.753978016814527,-4.890232917257,-4.8145912494576075,-2.2139430067618995,-20.843449625662117,3.2616597185611877,5.79179324320302,13.975957061427474,0.22342016487533814,15.73071900000788,-7.939332112474184,-11.00103978547768,-13.480520296031928,0.7711863400934849,7.749904628311264,10.401665776288352,3.5836757088887494,12.896902404569895,-11.604639324165554,0.371912167731622,-15.422217147509539,1.6001288192641476,28.349010385449226,10.628772334673782
0.4433353498385045,0.7111454134634472,-5.546266666018722,7.93963965426244,-1.923404644011934,1.0530458442568875,-1.669514065855113,-1.7522665638838093,-0.7679395064200284,-7.185936205767228,1.0198819766183598,2.0173626391384376,5.148130788901313,0.29300674689920053,5.680620533129861,-3.366816461130431,-4.016781983826491,-4.869837000084414,0.11695927989290136,2.7061639168367346,4.120319509367409,1.5622954700825358,4.811129691630712,-4.179830998991518,0.22076663869626537,-5.206638296901556,0.6125850322894426,10.628772334673782,4.3693885605088525
