V1,V2,V3,V4,V5,V6,V7,V8,V9,V10,V11,V12,V13,V14,V15,V16,V17,V18,V19,V20,V21,V22,V23,V24,V25,V26,V27,V28,V29
0.8065966124399245,0.036913652804755705,-0.838947596927999,-6.972426545785979e-4,-0.2524227254368268,-0.23075113912455597,-1.2779485863720232,0.42097667750185647,0.8467351874772062,1.1394842746018268,-1.135969326277377,-0.020703499177731465,-0.04937346811443647,0.6236077497615621,1.263087995755476,1.0744739641946854,0.540879718396632,0.5310662654665023,0.7422422620461282,0.65643135666068,0.8372673313002907,1.082872383905132,-0.44008108715960637,0.3479686393679589,-0.016970116308048677,-0.5431072742721174,-0.18824013024964556,0.830962965884912,-0.5799563769231468
0.036913652804755705,0.11464517730588085,-0.4687135100689561,-0.27069749426594747,-0.23140196242259864,-0.8153908492302667,-0.5399429659033708,-0.5883146587922911,0.0441785007075953,0.06235962857175203,-0.616957002915081,-0.7559830799453862,1.0535380671644412,0.26500855871380646,0.8299264501213944,-0.2417958003617222,-0.9516486870087532,0.2706109674124013,0.414406053834278,-0.06957099833665525,0.6409276817829126,1.3135733880108258,-0.19910678433243428,-0.33335434831167915,0.06914145730682061,-0.03791395957298363,-0.5295882443432466,0.8778516219164021,-0.4270994916007526
-0.838947596927999,-0.4687135100689561,2.835876767740631,1.2178810114311491,1.1746101246640328,3.9312615744867982,3.539430147241936,2.325697223862749,-0.9848619647826043,-1.439061074220861,3.77738658162947,3.4834752490251213,-4.88932532305176,-1.729792747660521,-4.901776338097434,0.21896597239827245,3.8755521127074406,-1.5842591902018794,-2.53328936176087,-0.22565710143249237,-3.5959189453577283,-7.0282059503954235,1.2227239707779516,1.244254841707342,-0.31585772122093947,0.666789937488684,2.565821082736824,-4.790124113711956,2.426596285932362
-6.972426545785979e-4,-0.27069749426594747,1.2178810114311491,0.9157991997514069,0.613586031239871,2.508169025260743,1.4804584376972882,1.912025354272305,-0.02457250996204873,-0.06248675771434624,1.691521187578475,2.3191073157167854,-3.501739963725466,-0.736756113238879,-2.3975979790924855,1.051282109479378,3.10048091655634,-0.712434533889679,-1.0998369834514892,0.39663836784835027,-1.7587357131528154,-3.983540626459558,0.5445101273423055,1.1028572158548264,-0.1398902634274739,0.004935159013301667,1.623508162990233,-2.650578547242498,1.2690144341015461
-0.2524227254368268,-0.23140196242259864,1.1746101246640328,0.613586031239871,0.5823525640126245,1.7835978028832271,1.4221254608781044,1.1818577357195033,-0.26774219057653653,-0.32801236958727603,1.547437161426474,1.6294997683682886,-2.308877514824896,-0.7303771559458232,-2.0765135647854343,0.3285319355109769,1.9391707465007932,-0.6956498802684628,-1.0475321060128118,0.053264877089053794,-1.524334939048682,-3.0536644973313174,0.5360028948567516,0.6191424398923874,-0.10406380520216837,0.20947025262399097,1.159299815723222,-2.0625518345156304,1.0380105963025448
-0.23075113912455597,-0.8153908492302667,3.9312615744867982,2.508169025260743,1.7835978028832271,7.522952622465924,4.759184966780211,5.461114048340139,-0.406533146846706,-0.8325476437006021,5.421204393046492,6.897888644820974,-10.083189180420767,-2.273414829872366,-7.458081654531063,2.593581807600139,8.902364064399135,-2.180802598881224,-3.565109070012683,0.8171133461001798,-5.579913698887979,-12.159379295861521,1.637727543620741,3.221783538349867,-0.6076494341004179,0.21837141751673475,4.891974899809448,-8.126692780471569,3.8756232181686414
-1.2779485863720232,-0.5399429659033708,3.539430147241936,1.4804584376972882,1.4221254608781044,4.759184966780211,4.636513766025887,2.627145340800756,-1.4510444119489798,-2.1188958076830247,4.825423954568479,4.110280467997586,-5.878157490406951,-2.2393144861794645,-6.211633473780668,-0.013601993072112233,4.469413344597707,-2.045429995774485,-3.175870842760234,-0.45759219957844427,-4.490450920704243,-8.719897922958722,1.5941105324583897,1.3941696753521768,-0.3380774403118829,0.9154187603695455,3.14624381284215,-5.981540132140383,3.109735913329931
0.42097667750185647,-0.5883146587922911,2.325697223862749,1.912025354272305,1.1818577357195033,5.461114048340139,2.627145340800756,4.423630900604026,0.33467702133589333,0.2690235952503895,3.219706040519531,5.157905683713874,-7.633880287221333,-1.2670866766815905,-4.669073604329165,2.7603618636417915,7.0897869592351945,-1.2657440499957393,-2.1235196071389284,1.1163183511336183,-3.5528334909158175,-8.31447759040722,0.9195469518159842,2.6577887844838424,-0.43726861940045675,-0.23689266926569805,3.52386176146049,-5.472378022180486,2.485687699278457
0.8467351874772062,0.0441785007075953,-0.9848619647826043,-0.02457250996204873,-0.26774219057653653,-0.406533146846706,-1.4510444119489798,0.33467702133589333,0.9320769581891214,1.3171046339162962,-1.3309248786658838,-0.178379312734692,0.16191442273869414,0.6945925168936924,1.498649699130585,1.1072224820577308,0.4063236578378269,0.5737637627519381,0.8763374174022239,0.6981418665747672,1.0066709008103505,1.4364609870654748,-0.47069712676101644,0.2933749549705865,0.0242537533495206,-0.5993346614049928,-0.294813773230689,1.0720344864145241,-0.6802655614665881
1.1394842746018268,0.06235962857175203,-1.439061074220861,-0.06248675771434624,-0.32801236958727603,-0.8325476437006021,-2.1188958076830247,0.2690235952503895,1.3171046339162962,2.0429380704716835,-1.9957935574090317,-0.4787826201037826,0.5637003756521327,0.9608524442598776,2.2482760669775588,1.4524403327408946,0.27792819821439874,0.7916559046752676,1.3195071724688356,0.981262776204188,1.5552484458229598,2.4308177766612977,-0.6125528146956066,0.24187690187910463,0.12714240203586652,-0.8268621213388925,-0.5881263583038775,1.757295798718036,-1.0370974249763811
-1.135969326277377,-0.616957002915081,3.77738658162947,1.691521187578475,1.547437161426474,5.421204393046492,4.825423954568479,3.219706040519531,-1.3309248786658838,-1.9957935574090317,5.135622589136556,4.768578748471145,-6.799363552441647,-2.330129227016068,-6.676176230101142,0.4051959375240645,5.398916713979737,-2.1407896015496775,-3.3928836760462247,-0.2689084497078324,-4.870903070727197,-9.659616191601234,1.653077796630302,1.7618552179897984,-0.4213719186380921,0.8532354053250307,3.554530521479817,-6.585406136581638,3.3375578948982527
-0.020703499177731465,-0.7559830799453862,3.4834752490251213,2.3191073157167854,1.6294997683682886,6.897888644820974,4.110280467997586,5.157905683713874,-0.178379312734692,-0.4787826201037826,4.768578748471145,6.400488040502786,-9.328853817884669,-1.9818435855327492,-6.63637830400097,2.62953720421364,8.35320492617698,-1.9064379343040705,-3.1578660468382087,0.9088083121770469,-4.984772984112612,-11.00232002064188,1.4229742821913465,3.0422925757552943,-0.5675137519577446,0.10113295760768062,4.468650638566475,-7.3276090971023224,3.4418278240617135
-0.04937346811443647,1.0535380671644412,-4.88932532305176,-3.501739963725466,-2.308877514824896,-10.083189180420767,-5.878157490406951,-7.633880287221333,0.16191442273869414,0.5637003756521327,-6.799363552441647,-9.328853817884669,13.911567017202884,2.84571896606935,9.557444213091934,-4.115958984589169,-12.363721129155616,2.721212942867339,4.446761541307743,-1.4896840786324888,7.091398264923855,16.03205647264886,-2.048579309673177,-4.494255111163812,0.7206294781944098,-0.04945371989452838,-6.520989225679481,10.65778691926083,-5.019797232082218
0.6236077497615621,0.26500855871380646,-1.729792747660521,-0.736756113238879,-0.7303771559458232,-2.273414829872366,-2.2393144861794645,-1.2670866766815905,0.6945925168936924,0.9608524442598776,-2.330129227016068,-1.9818435855327492,2.84571896606935,1.1218711369718724,3.0212824032011745,0.013891114340837318,-2.1390556313283264,1.010410973740301,1.5509984178122178,0.20969102057180983,2.163811155795045,4.194351195555014,-0.790900351060316,-0.6364738578787317,0.12780071866830697,-0.46804883033375727,-1.4936195924007705,2.869919920800147,-1.5035229790976365
1.263087995755476,0.8299264501213944,-4.901776338097434,-2.3975979790924855,-2.0765135647854343,-7.458081654531063,-6.211633473780668,-4.669073604329165,1.498649699130585,2.2482760669775588,-6.676176230101142,-6.63637830400097,9.557444213091934,3.0212824032011745,8.815379641624084,-1.0546200755944166,-7.774878895989145,2.780706279738632,4.410628069941757,0.06539249372779933,6.425519536467493,13.023459830309951,-2.1521677523548237,-2.5859917936534056,0.549721513921783,-0.9584109394462608,-4.881344100368063,8.847342963597443,-4.438470676984924
1.0744739641946854,-0.2417958003617222,0.21896597239827245,1.051282109479378,0.3285319355109769,2.593581807600139,-0.013601993072112233,2.7603618636417915,1.1072224820577308,1.4524403327408946,0.4051959375240645,2.62953720421364,-4.115958984589169,0.013891114340837318,-1.0546200755944166,2.7052951152539553,4.33828299802244,-0.08775025995254394,-0.21998740053037652,1.3640642971067896,-0.8788048409083594,-3.1346086209640913,0.035584580973467395,1.7680756290680282,-0.1803646074224055,-0.7653987897442882,1.6426517471302529,-1.9558749727275972,0.6919651333256739
0.540879718396632,-0.9516486870087532,3.8755521127074406,3.10048091655634,1.9391707465007932,8.902364064399135,4.469413344597707,7.0897869592351945,0.4063236578378269,0.27792819821439874,5.398916713979737,8.35320492617698,-12.363721129155616,-2.1390556313283264,-7.774878895989145,4.33828299802244,11.442485247983651,-2.130972946528059,-3.5225134894310894,1.7320169622670714,-5.884821417584695,-13.641931266064633,1.5781608538693424,4.2711847707342185,-0.7000372066256019,-0.3291520148083156,5.756385291980154,-9.021714035678517,4.127512691125298
0.5310662654665023,0.2706109674124013,-1.5842591902018794,-0.712434533889679,-0.6956498802684628,-2.180802598881224,-2.045429995774485,-1.2657440499957393,0.5737637627519381,0.7916559046752676,-2.1407896015496775,-1.9064379343040705,2.721212942867339,1.010410973740301,2.780706279738632,-0.08775025995254394,-2.130972946528059,0.949053457609693,1.4192337175112895,0.1438750966667177,2.0227941562636085,3.9253412599255206,-0.7338802310196555,-0.6563783872704699,0.13168728585417652,-0.3798316409965912,-1.4402668780352816,2.679788352292057,-1.4027630827807582
0.7422422620461282,0.414406053834278,-2.53328936176087,-1.0998369834514892,-1.0475321060128118,-3.565109070012683,-3.175870842760234,-2.1235196071389284,0.8763374174022239,1.3195071724688356,-3.3928836760462247,-3.1578660468382087,4.446761541307743,1.5509984178122178,4.410628069941757,-0.21998740053037652,-3.5225134894310894,1.4192337175112895,2.2871103311715895,0.20556402676654922,3.2414490907753324,6.369704920472423,-1.0815456076371888,-1.1443960145614707,0.29373082048409205,-0.5960603364214601,-2.334163977812723,4.32592499944361,-2.1956368385079674
0.65643135666068,-0.06957099833665525,-0.22565710143249237,0.39663836784835027,0.053264877089053794,0.8171133461001798,-0.45759219957844427,1.1163183511336183,0.6981418665747672,0.981262776204188,-0.2689084497078324,0.9088083121770469,-1.4896840786324888,0.20969102057180983,0.06539249372779933,1.3640642971067896,1.7320169622670714,0.1438750966667177,0.20556402676654922,0.7598758880715648,0.012969265469632705,-0.6938198726498084,-0.11338669397522708,0.7239008239566358,-0.029865922030677946,-0.46371808492683536,0.4906554494201019,-0.3879963917979676,0.03115716115897974
0.8372673313002907,0.6409276817829126,-3.5959189453577283,-1.7587357131528154,-1.524334939048682,-5.579913698887979,-4.490450920704243,-3.5528334909158175,1.0066709008103505,1.5552484458229598,-4.870903070727197,-4.984772984112612,7.091398264923855,2.163811155795045,6.425519536467493,-0.8788048409083594,-5.884821417584695,2.0227941562636085,3.2414490907753324,0.012969265469632705,4.764987104000641,9.619153133030766,-1.5385825466546057,-2.004870799948874,0.46202149799618764,-0.6462560951963645,-3.6604641608356863,6.511964239789478,-3.2547181769315747
1.082872383905132,1.3135733880108258,-7.0282059503954235,-3.983540626459558,-3.0536644973313174,-12.159379295861521,-8.719897922958722,-8.31447759040722,1.4364609870654748,2.4308177766612977,-9.659616191601234,-11.00232002064188,16.03205647264886,4.194351195555014,13.023459830309951,-3.1346086209640913,-13.641931266064633,3.9253412599255206,6.369704920472423,-0.6938198726498084,9.619153133030766,20.360733209918966,-2.976581356046946,-4.793531552043557,0.9533781147519883,-0.878901843976347,-7.926250660930102,13.69070094163586,-6.673876897638875
-0.44008108715960637,-0.19910678433243428,1.2227239707779516,0.5445101273423055,0.5360028948567516,1.637727543620741,1.5941105324583897,0.9195469518159842,-0.47069712676101644,-0.6125528146956066,1.653077796630302,1.4229742821913465,-2.048579309673177,-0.790900351060316,-2.1521677523548237,0.035584580973467395,1.5781608538693424,-0.7338802310196555,-1.0815456076371888,-0.11338669397522708,-1.5385825466546057,-2.976581356046946,0.5909882680415887,0.46503595491654215,-0.07944941936450302,0.30608008953767735,1.0755792522395415,-2.0511407434995217,1.0784210205432627
0.3479686393679589,-0.33335434831167915,1.244254841707342,1.1028572158548264,0.6191424398923874,3.221783538349867,1.3941696753521768,2.6577887844838424,0.2933749549705865,0.24187690187910463,1.7618552179897984,3.0422925757552943,-4.494255111163812,-0.6364738578787317,-2.5859917936534056,1.7680756290680282,4.2711847707342185,-0.6563783872704699,-1.1443960145614707,0.7239008239566358,-2.004870799948874,-4.793531552043557,0.46503595491654215,1.6539972272885668,-0.2966509185432419,-0.2358248165932183,2.090263343215187,-3.1493105029711335,1.3990576648931874
-0.016970116308048677,0.06914145730682061,-0.31585772122093947,-0.1398902634274739,-0.10406380520216837,-0.6076494341004179,-0.3380774403118829,-0.43726861940045675,0.0242537533495206,0.12714240203586652,-0.4213719186380921,-0.5675137519577446,0.7206294781944098,0.12780071866830697,0.549721513921783,-0.1803646074224055,-0.7000372066256019,0.13168728585417652,0.29373082048409205,-0.029865922030677946,0.46202149799618764,0.9533781147519883,-0.07944941936450302,-0.2966509185432419,0.12631489827175513,-0.005872095821001545,-0.40238878109599036,0.635712529571168,-0.27165312579940193
-0.5431072742721174,-0.03791395957298363,0.666789937488684,0.004935159013301667,0.20947025262399097,0.21837141751673475,0.9154187603695455,-0.23689266926569805,-0.5993346614049928,-0.8268621213388925,0.8532354053250307,0.10113295760768062,-0.04945371989452838,-0.46804883033375727,-0.9584109394462608,-0.7653987897442882,-0.3291520148083156,-0.3798316409965912,-0.5960603364214601,-0.46371808492683536,-0.6462560951963645,-0.878901843976347,0.30608008953767735,-0.2358248165932183,-0.005872095821001545,0.4306908018879246,0.14258420892323104,-0.6447974369788607,0.4139623911544745
-0.18824013024964556,-0.5295882443432466,2.565821082736824,1.623508162990233,1.159299815723222,4.891974899809448,3.14624381284215,3.52386176146049,-0.294813773230689,-0.5881263583038775,3.554530521479817,4.468650638566475,-6.520989225679481,-1.4936195924007705,-4.881344100368063,1.6426517471302529,5.756385291980154,-1.4402668780352816,-2.334163977812723,0.4906554494201019,-3.6604641608356863,-7.926250660930102,1.0755792522395415,2.090263343215187,-0.40238878109599036,0.14258420892323104,3.2062993351315856,-5.303726042789534,2.553360550437026
0.830962965884912,0.8778516219164021,-4.790124113711956,-2.650578547242498,-2.0625518345156304,-8.126692780471569,-5.981540132140383,-5.472378022180486,1.0720344864145241,1.757295798718036,-6.585406136581638,-7.3276090971023224,10.65778691926083,2.869919920800147,8.847342963597443,-1.9558749727275972,-9.021714035678517,2.679788352292057,4.32592499944361,-0.3879963917979676,6.511964239789478,13.69070094163586,-2.0511407434995217,-3.1493105029711335,0.635712529571168,-0.6447974369788607,-5.303726042789534,9.236937298011467,-4.517449224552658
-0.5799563769231468,-0.4270994916007526,2.426596285932362,1.2690144341015461,1.0380105963025448,3.8756232181686414,3.109735913329931,2.485687699278457,-0.6802655614665881,-1.0370974249763811,3.3375578948982527,3.4418278240617135,-5.019797232082218,-1.5035229790976365,-4.438470676984924,0.6919651333256739,4.127512691125298,-1.4027630827807582,-2.1956368385079674,0.03115716115897974,-3.2547181769315747,-6.673876897638875,1.0784210205432627,1.3990576648931874,-0.27165312579940193,0.4139623911544745,2.553360550437026,-4.517449224552658,2.2907270954492387
