V1,V2,V3,V4,V5,V6,V7,V8,V9,V10,V11,V12,V13,V14,V15,V16,V17,V18,V19,V20,V21,V22,V23,V24,V25,V26,V27,V28,V29,V30,V31,V32,V33,V34,V35,V36,V37,V38,V39,V40,V41,V42,V43
1.9304005401070363,-0.6813524400092879,2.027984573551153,0.008341864730282521,3.143765106913954,-1.033876609049341,1.4560657719374555,1.6673726667546513,0.6810056962486809,0.12245761663823104,0.07070261450944287,3.1363916972788344,0.28261196579602593,0.8369992360491206,2.0371958018301446,-0.29896833948834417,-1.0818117010706867,-4.015586089072515,-0.47301785382274525,-0.8097806653584873,-1.1612694954207452,-1.0908272555867102,0.7547218986955667,-1.338297039247097,2.073154254664976,1.9398739504699314,0.7697553809963709,-0.05802866741642636,-1.4129600979048904,1.7081013823537736,0.09876858131690454,0.900666371212312,-0.7730511408031157,-1.4759343977043238,1.5169749839237248,1.7163667105961262,0.1516548174719541,3.352306355141944,-1.0807566632715166,1.928838108785611,1.3230322954748355,0.05312011347511087,0.9972280272050303
-0.6813524400092879,0.8917845317807649,1.04771773716738,-0.6120404498917257,-1.1788412454481159,-0.4565726883550223,-0.4571931869701115,0.9253965599207331,-0.8807048928155677,-0.784297704771086,1.4137702726603807,-1.0724378859997916,0.07029837757010997,-1.2980198980895037,0.7970858421647083,0.36207618837782896,0.24694831961132022,1.1948819319422084,0.4996466816429042,-0.05411352537161222,-0.1341751521618878,-0.042089712562468067,1.1003734723208491,-0.10481551293088877,-0.6266880654337285,0.1385864663857196,-1.2773081436641731,-0.3140882167057894,0.24993964589644804,-1.7741715820513932,-1.3467996947416885,-1.0847604796768584,-1.0566328728328207,0.424113295448645,-1.88198290092905,0.4377618945399928,0.7535501140344009,-1.3429935709481917,-0.047090708585645846,-0.03519372433686079,-0.7193757305720608,0.7464514420360592,-1.1157111487556968
2.027984573551153,1.04771773716738,6.946822719506428,-1.6523384612418,3.150387050513571,-3.3296693340895613,1.7118143903169845,5.890951952411028,-1.0250945068180568,-1.8831680864300495,3.999423520171441,3.4193306134586923,0.7635875653929166,-1.8220135912846418,6.286608437896209,0.39769979961049756,-1.4940616082205274,-4.870006731760689,0.3868060431823423,-1.8073593171244537,-2.7116584704831093,-2.3444253715720773,4.521890244069746,-2.9911829322769745,2.5009520644809755,4.271312052026496,-1.9350419787840034,-0.9766395654911563,-2.166659136768886,-1.3953521690528858,-3.4773320824783744,-1.1174390886626098,-4.4210229448854115,-1.8389879835707956,-2.054693237474808,4.660379959007014,2.3642529056493213,3.142475998350321,-2.3047989465153518,3.7937081208202015,0.7241797484937517,2.137699320455416,-1.023057120783585
0.008341864730282521,-0.6120404498917257,-1.6523384612418,0.5753351608265312,0.07062925615076264,0.7695572928681941,-0.053439258039346356,-1.423175878774546,0.608006846072558,0.6970806207973723,-1.359333683666837,-0.027295220263707218,-0.1619347907028738,0.9388384012289109,-1.4214843169208133,-0.2433895429802189,0.12227323903185577,0.2039732007383108,-0.310963750489191,0.32394735100121946,0.5090221369040603,0.40493935106277396,-1.2856796962102321,0.5420602314804701,-0.09898039538640264,-0.7661852830173869,0.9496671933445718,0.3145799437233403,0.22887967054104694,1.107757248997911,1.2397943237188846,0.7194084848090383,1.2507404679236416,0.09037013581221674,1.2699257036478364,-0.9743591918262294,-0.7590911665985705,0.15316065420032293,0.3990020016943693,-0.6032949510143586,0.23901068532703082,-0.7212947419957183,0.7227446730535648
3.143765106913954,-1.1788412454481159,3.150387050513571,0.07062925615076264,5.1699129238765185,-1.6107928965263192,2.395446408054666,2.5879418890719093,1.1726310657192514,0.2765571450796338,-0.013642938564199982,5.135758188212005,0.44160513348498504,1.4849986477544583,3.1973741008896015,-0.49579762312372044,-1.737089752610797,-6.563190709148561,-0.8261945423686569,-1.3258604231726332,-1.8508914265947345,-1.778396930727702,1.1051870927843328,-2.138459805425277,3.413266830081695,3.0743221354130483,1.3439423498445375,-0.06856790020910203,-2.2830766811616834,2.889874653556608,0.27754841852772777,1.5697056482843619,-1.1202492113155782,-2.422518264895789,2.6147222497105744,2.7180532926867502,0.17904521866987747,5.537409139579353,-1.727128993537291,3.088164095740546,2.2000591404029946,0.010785413686036355,1.705030603219597
-1.033876609049341,-0.4565726883550223,-3.3296693340895613,0.7695572928681941,-1.6107928965263192,1.5996936400600048,-0.8639267600251519,-2.820996302289011,0.4459753271581362,0.8717976650706677,-1.8661391506287432,-1.736906419527291,-0.3699750303402232,0.8104077967293263,-3.0220163736891306,-0.1703976137273651,0.7467561322607267,2.4527861186175683,-0.15950281264899513,0.876793084923827,1.316122635863307,1.1401595286706612,-2.141383209478195,1.4548900782446839,-1.2576229872365374,-2.079370867377911,0.865927118565412,0.4575309957425905,1.0748166989178376,0.5704807226341225,1.6146875808767007,0.4813123086641168,2.096212663098587,0.9233123514846714,0.8871701792248384,-2.249196838651829,-1.1081340804051434,-1.6156113696632572,1.1222291205755195,-1.8564064752816793,-0.3979787249934744,-0.9985204618585304,0.43073524276941183
1.4560657719374555,-0.4571931869701115,1.7118143903169845,-0.053439258039346356,2.395446408054666,-0.8639267600251519,1.1258685459845614,1.4163190783025545,0.45479287990013284,0.025934734797485256,0.19731719903106457,2.392564749365769,0.2294903987874247,0.5553446170559823,1.6993346803287344,-0.18931522093116535,-0.8202505698274867,-3.084726323021613,-0.3426726103031727,-0.6705200640588138,-0.9367760129364235,-0.8940609297985207,0.706041053195662,-1.0754868026539464,1.606027948912401,1.5366890817335324,0.4790400515341959,-0.08045310330633262,-1.094144673468596,1.1735653445248115,-0.057792230931351336,0.6259717021801684,-0.7011860045703727,-1.1429012783813746,1.0276712140300357,1.41088996810138,0.1987997310693632,2.558943741973546,-0.8606469890139907,1.5236002012061287,0.990335576290834,0.11165338927281288,0.685617476165573
1.6673726667546513,0.9253965599207331,5.890951952411028,-1.423175878774546,2.5879418890719093,-2.820996302289011,1.4163190783025545,5.003708774953234,-0.9135946315073082,-1.6242256571168914,3.443049892859332,2.8209033557351213,0.6483676252569579,-1.5958308861941901,5.32570672540533,0.3506525950432409,-1.2448824868645163,-4.033820234023545,0.3512463702953693,-1.525511426125422,-2.2858341607539905,-1.9750946997365917,3.8599246893967467,-2.522959136017203,2.0737261020049327,3.5991671348934062,-1.6925069010802354,-0.8364096213047207,-1.8078651137004715,-1.2641744752980713,-2.998626012942198,-0.9933858195996255,-3.7790275689062556,-1.5249957161844876,-1.826416813577549,3.9350762508056047,2.02499154189251,2.5724235069971817,-1.9405530583533872,3.1894068237063,0.5708529935657227,1.838400589273384,-0.9210798901391122
0.6810056962486809,-0.8807048928155677,-1.0250945068180568,0.608006846072558,1.1726310657192514,0.4459753271581362,0.45479287990013284,-0.9135946315073082,0.8802954336397913,0.7762164974299999,-1.4068706762706926,1.0663029070429608,-0.07199771356015021,1.280777484833106,-0.7817886866105042,-0.3553416496669556,-0.24459219121852072,-1.1899702472238014,-0.4954252411412029,0.056295053019029,0.1285257916699559,0.04138798418547666,-1.0871741214464246,0.1032173414782545,0.6199646470318294,-0.13336349736168882,1.263003749700213,0.30856917147010904,-0.2523053405286548,1.7566424607490372,1.3382864542158743,1.0709076725340478,1.0528184732309218,-0.4220396257032081,1.8661719553946117,-0.4204993069530497,-0.7420031952297454,1.3363444093663617,0.043893778026270404,0.03749172884690188,0.7160511611298818,-0.7411391598051457,1.1101149192757038
0.12245761663823104,-0.784297704771086,-1.8831680864300495,0.6970806207973723,0.2765571450796338,0.8717976650706677,0.025934734797485256,-1.6242256571168914,0.7762164974299999,0.8535786449739968,-1.6409562409265734,0.15668067215437068,-0.17836694147697085,1.1937317312437934,-1.6013427206707067,-0.3108185851188846,0.08640937644870444,0.0033871598130128795,-0.4089061373972648,0.33888888737153566,0.547646446318142,0.42009921947265144,-1.5132239691297273,0.5757013656678285,0.009028927199211549,-0.8169550951894929,1.1956306918615252,0.3773707748211757,0.19400366851870665,1.4434507686173679,1.5063316098715427,0.9300988995097755,1.4717514693346776,0.01838517313954098,1.6319462294581828,-1.079554576373374,-0.9106818745683366,0.39235618960234353,0.4201258412473131,-0.6164952521380858,0.37122169168563063,-0.8712881371168115,0.9357590781634413
0.07070261450944287,1.4137702726603807,3.999423520171441,-1.359333683666837,-0.013642938564199982,-1.8661391506287432,0.19731719903106457,3.443049892859332,-1.4068706762706926,-1.6409562409265734,3.218589230351056,0.21499635491168115,0.39479505921984215,-2.1769198059220827,3.4578480491656087,0.5613619040994938,-0.33947294986661175,-0.6737336406397225,0.7107411325960277,-0.8097181066188701,-1.2581021876189475,-1.0133951033561508,3.073705551264736,-1.3456947183990151,0.33879128532195585,1.9027577970555625,-2.2072187019278005,-0.7462256143061189,-0.6076854991156194,-2.5373608490081447,-2.92686088677149,-1.6530503305470465,-2.99410963302871,-0.2859269148584508,-2.9295436785747033,2.384198138746434,1.800942642057,-0.19838474418093816,-0.9960209039900982,1.5173078828402484,-0.5017418625880231,1.70724238234755,-1.6618532428601562
3.1363916972788344,-1.0724378859997916,3.4193306134586923,-0.027295220263707218,5.135758188212005,-1.736906419527291,2.392564749365769,2.8209033557351213,1.0663029070429608,0.15668067215437068,0.21499635491168115,5.124263296908216,0.47166565044104736,1.3183408746528043,3.4234723536325493,-0.4592304566654648,-1.75886830980397,-6.575841254176684,-0.7653810891193141,-1.3652929152848388,-1.9300635284605754,-1.8305545366280842,1.3194429521045676,-2.2237741931906596,3.409293933947517,3.1999374253140993,1.1821363957109137,-0.11990700356691586,-2.3167946346130166,2.6999732656650037,0.06876769161000554,1.435768362737184,-1.3340210884903756,-2.4255716469609507,2.3925027514893555,2.8693403269433273,0.3037965914560172,5.483784519969247,-1.7881596341966328,3.183406920111967,2.150958815615213,0.13395368740220712,1.5781299049254325
0.28261196579602593,0.07029837757010997,0.7635875653929166,-0.1619347907028738,0.44160513348498504,-0.3699750303402232,0.2294903987874247,0.6483676252569579,-0.07199771356015021,-0.17836694147697085,0.39479505921984215,0.47166565044104736,0.0911674370337396,-0.13919921915931227,0.6986711814518479,0.021747806240465985,-0.1964339013074512,-0.6512971320955391,0.019231386774051548,-0.20681592734942458,-0.313802694766202,-0.2715642064905116,0.47421676482459324,-0.3513429971447693,0.33002059304775605,0.5027533048989833,-0.153410757134903,-0.09655922888084145,-0.27366242109354005,-0.05716150842080154,-0.3354820811909816,-0.07242273339207751,-0.46964193129123827,-0.24186905222570756,-0.13265077853086926,0.5236871577242079,0.23476566739999305,0.4482425397091636,-0.26995338450377654,0.4561881523601814,0.12817778052062825,0.21204014626761705,-0.056476859709076815
0.8369992360491206,-1.2980198980895037,-1.8220135912846418,0.9388384012289109,1.4849986477544583,0.8104077967293263,0.5553446170559823,-1.5958308861941901,1.280777484833106,1.1937317312437934,-2.1769198059220827,1.3183408746528043,-0.13919921915931227,1.912418294026161,-1.4361765960383015,-0.5172176963633376,-0.2569525501666855,-1.4163003914731214,-0.7252310165229887,0.15745509464448273,0.3276829400733092,0.16766492496490024,-1.7692609885324835,0.3011069633743036,0.7535446036786481,-0.4264635878433113,1.8751602257478805,0.48598482971112206,-0.23305621211014177,2.537660849544783,2.055254620067728,1.578057990746046,1.7126954968312913,-0.5014203389212663,2.7322656427144114,-0.849283707101215,-1.1698423423526159,1.7220070621386532,0.18750352210643217,-0.1523065962603725,0.9698687967572466,-1.1535836942403805,1.6090550446658372
2.0371958018301446,0.7970858421647083,6.286608437896209,-1.4214843169208133,3.1973741008896015,-3.0220163736891306,1.6993346803287344,5.32570672540533,-0.7817886866105042,-1.6013427206707067,3.4578480491656087,3.4234723536325493,0.6986711814518479,-1.4361765960383015,5.725507240400836,0.29847914686056093,-1.4484552713045955,-4.806201939825623,0.25731279343332814,-1.6892133198893993,-2.5112847554517614,-2.1928056189678644,4.007009645733675,-2.7800413811526035,2.4788044741175947,3.9703403442727594,-1.5482397483560983,-0.8497523570233106,-2.07915979842479,-0.9426940856872186,-2.98089344411238,-0.8174050612748728,-3.9248607775546653,-1.8117802565677275,-1.5378316055767194,4.273689240430596,2.0587598148978334,3.2238379626491844,-2.1500216232721145,3.5591424736807284,0.8257980461648264,1.8484493977467333,-0.7306977541632484
-0.29896833948834417,0.36207618837782896,0.39769979961049756,-0.2433895429802189,-0.49579762312372044,-0.1703976137273651,-0.18931522093116535,0.3506525950432409,-0.3553416496669556,-0.3108185851188846,0.5613619040994938,-0.4592304566654648,0.021747806240465985,-0.5172176963633376,0.29847914686056093,0.15909691105903023,0.12216001792272428,0.5124625757502633,0.193024374550122,-0.026952187976282835,-0.04296540395179431,-0.02085514874710652,0.43016775298054133,-0.027129548302910415,-0.25991470427158536,0.020968468729674734,-0.5240434161169587,-0.12771116701045812,0.11807049715501963,-0.7349685820303973,-0.5397497648890686,-0.43173017696537946,-0.39697911465755,0.1769512571190366,-0.7625349545862281,0.16288139253640066,0.303674600108976,-0.5525868046519539,-0.005304807291864034,-0.03962823419136258,-0.294357858363344,0.2936674210721806,-0.4527074156253068
-1.0818117010706867,0.24694831961132022,-1.4940616082205274,0.12227323903185577,-1.737089752610797,0.7467561322607267,-0.8202505698274867,-1.2448824868645163,-0.24459219121852072,0.08640937644870444,-0.33947294986661175,-1.75886830980397,-0.1964339013074512,-0.2569525501666855,-1.4484552713045955,0.12216001792272428,0.6402904785278908,2.2859311521712633,0.188762189018645,0.5145796591529909,0.7594132343894932,0.6881358467383205,-0.7041863718704954,0.8677442957015014,-1.1730852065233857,-1.2617701886667312,-0.2270828252365823,0.09900154502831646,0.8422601934681699,-0.7191972607613527,0.21605732943482014,-0.3393922855308142,0.7183204394108674,0.8398591995352392,-0.5673565552169506,-1.1673811334732684,-0.24739139928727846,-1.8282803633044753,0.6928456803002261,-1.2144516511044277,-0.6829249756145309,-0.19043157899195928,-0.39695768861491093
-4.015586089072515,1.1948819319422084,-4.870006731760689,0.2039732007383108,-6.563190709148561,2.4527861186175683,-3.084726323021613,-4.033820234023545,-1.1899702472238014,0.0033871598130128795,-0.6737336406397225,-6.575841254176684,-0.6512971320955391,-1.4163003914731214,-4.806201939825623,0.5124625757502633,2.2859311521712633,8.49089363065656,0.8933009526805746,1.8486680944090097,2.6244926942012112,2.4698107691562625,-2.069537249017242,3.0090287673477785,-4.401220699420433,-4.321563077973508,-1.2332275909093562,0.24720904018408169,3.0352740035123342,-3.1312211012000586,0.2769423787320352,-1.6313762170891946,2.0708354019246085,3.137814120668893,-2.6945211426331186,-3.966786382852238,-0.6146292863829235,-6.989377774085288,2.4079457007862635,-4.255819962477286,-2.688938592873224,-0.38262427414714767,-1.8115469394084722
-0.47301785382274525,0.4996466816429042,0.3868060431823423,-0.310963750489191,-0.8261945423686569,-0.15950281264899513,-0.3426726103031727,0.3512463702953693,-0.4954252411412029,-0.4089061373972648,0.7107411325960277,-0.7653810891193141,0.019231386774051548,-0.7252310165229887,0.25731279343332814,0.193024374550122,0.188762189018645,0.8933009526805746,0.29750961536094817,0.0448938668609177,0.015243993507926358,0.07213389603353343,0.5045651722295021,0.04120375099793975,-0.47661311590397804,-0.05287797225118423,-0.6938178506722736,-0.15157582993978022,0.22271356156000563,-1.008306124259045,-0.6862628171742374,-0.6233301346819695,-0.49538215354248627,0.32662679213075,-1.0625623884680626,0.09444564242926667,0.36598727560108574,-0.9344387540658841,0.05089073487459044,-0.14829566967593893,-0.46356609785323055,0.37729542605417493,-0.6369663310043729
-0.8097806653584873,-0.05411352537161222,-1.8073593171244537,0.32394735100121946,-1.3258604231726332,0.876793084923827,-0.6705200640588138,-1.525511426125422,0.056295053019029,0.33888888737153566,-0.8097181066188701,-1.3652929152848388,-0.20681592734942458,0.15745509464448273,-1.6892133198893993,-0.026952187976282835,0.5145796591529909,1.8486680944090097,0.0448938668609177,0.5639756340837822,0.7898300356106612,0.7301597670103802,-1.0540049739682855,0.8841027753433922,-0.9753887731268828,-1.2479810019614834,0.2187519317407306,0.2079368443657665,0.7297183299278924,-0.08705848113069699,0.6705624639998075,-5.434599971299403e-4,1.026007502700642,0.6996509294249077,0.06854277659316313,-1.2979274875259996,-0.5032622217922331,-1.3842268878307233,0.6905736333124115,-1.1632195853477074,-0.44018192817373364,-0.42974546793545765,-0.016231348366483014
-1.1612694954207452,-0.1341751521618878,-2.7116584704831093,0.5090221369040603,-1.8508914265947345,1.316122635863307,-0.9367760129364235,-2.2858341607539905,0.1285257916699559,0.547646446318142,-1.2581021876189475,-1.9300635284605754,-0.313802694766202,0.3276829400733092,-2.5112847554517614,-0.04296540395179431,0.7594132343894932,2.6244926942012112,0.015243993507926358,0.7898300356106612,1.16197478063374,1.0339645633700707,-1.6084237915128177,1.2975343650539695,-1.3550188731455737,-1.856624488296959,0.38617318211513324,0.31877928751766976,1.0613774778225558,-0.040318363747791616,1.0500696174438535,0.09092409515733128,1.5792860396750226,0.9817943279233102,0.21340192443348704,-1.919244249269017,-0.774420170054789,-1.909623408944745,1.013242653340597,-1.70825911797166,-0.5931959043431739,-0.6755766808672984,0.03943217219722761
-1.0908272555867102,-0.042089712562468067,-2.3444253715720773,0.40493935106277396,-1.778396930727702,1.1401595286706612,-0.8940609297985207,-1.9750946997365917,0.04138798418547666,0.42009921947265144,-1.0133951033561508,-1.8305545366280842,-0.2715642064905116,0.16766492496490024,-2.1928056189678644,-0.02085514874710652,0.6881358467383205,2.4698107691562625,0.07213389603353343,0.7301597670103802,1.0339645633700707,0.9507209830163678,-1.3495919626699124,1.1584454123847643,-1.2945848550425803,-1.6394675532025142,0.24454337187184133,0.26295240823908145,0.9702896360814882,-0.17677720488961823,0.8334571902797921,-0.02981485415240632,1.3136642963824474,0.9307787463865005,0.026355180393690756,-1.6925213171188576,-0.6361470901592892,-1.858365141279722,0.9056428991831578,-1.5320628500456988,-0.6026149800767694,-0.5398573397408709,-0.06089624878230417
0.7547218986955667,1.1003734723208491,4.521890244069746,-1.2856796962102321,1.1051870927843328,-2.141383209478195,0.706041053195662,3.8599246893967467,-1.0871741214464246,-1.5132239691297273,3.073705551264736,1.3194429521045676,0.47421676482459324,-1.7692609885324835,4.007009645733675,0.43016775298054133,-0.7041863718704954,-2.069537249017242,0.5045651722295021,-1.0540049739682855,-1.6084237915128177,-1.3495919626699124,3.185724961692845,-1.7517183519894035,1.0560994714275407,2.4929676922983672,-1.823474573890646,-0.7304503850818638,-1.0801052286732717,-1.8025528512039695,-2.739310411631041,-1.2504642043121408,-3.107847326576915,-0.796820747220164,-2.2383814794651795,2.8788857792412914,1.7656441744418545,1.0067989621292779,-1.328534400991652,2.1248280526629526,-0.0030257527164336017,1.6369563400572946,-1.2187706002901961
-1.338297039247097,-0.10481551293088877,-2.9911829322769745,0.5420602314804701,-2.138459805425277,1.4548900782446839,-1.0754868026539464,-2.522959136017203,0.1032173414782545,0.5757013656678285,-1.3456947183990151,-2.2237741931906596,-0.3513429971447693,0.3011069633743036,-2.7800413811526035,-0.027129548302910415,0.8677442957015014,3.0090287673477785,0.04120375099793975,0.8841027753433922,1.2975343650539695,1.1584454123847643,-1.7517183519894035,1.4541760812777045,-1.5540565825255812,-2.0803996189814544,0.36855904668872164,0.34169549084197576,1.2056064912384654,-0.13691214636800414,1.113618625768385,0.04788522557242268,1.7261289549183159,1.123907381610101,0.14502123506671083,-2.1301901728657597,-0.8303785245313132,-2.211197409556014,1.135864853059548,-1.9223287751267832,-0.7023242963309875,-0.7225701597015877,-0.010637581049139458
2.073154254664976,-0.6266880654337285,2.5009520644809755,-0.09898039538640264,3.413266830081695,-1.2576229872365374,1.606027948912401,2.0737261020049327,0.6199646470318294,0.009028927199211549,0.33879128532195585,3.409293933947517,0.33002059304775605,0.7535446036786481,2.4788044741175947,-0.25991470427158536,-1.1730852065233857,-4.401220699420433,-0.47661311590397804,-0.9753887731268828,-1.3550188731455737,-1.2945848550425803,1.0560994714275407,-1.5540565825255812,2.2999936794241225,2.2212490908894647,0.646667175650901,-0.12628992417325838,-1.566150348014682,1.6267270582035478,-0.1342305869077948,0.8692611991328809,-1.0520115293601182,-1.6338793119159016,1.4107667124006118,2.047932177847941,0.3125365865737952,3.642534095734551,-1.245548588561091,2.194105657762191,1.3993902927382407,0.18843695960476414,0.9451760996852941
1.9398739504699314,0.1385864663857196,4.271312052026496,-0.7661852830173869,3.0743221354130483,-2.079370867377911,1.5366890817335324,3.5991671348934062,-0.13336349736168882,-0.8169550951894929,1.9027577970555625,3.1999374253140993,0.5027533048989833,-0.4264635878433113,3.9703403442727594,0.020968468729674734,-1.2617701886667312,-4.321563077973508,-0.05287797225118423,-1.2479810019614834,-1.856624488296959,-1.6394675532025142,2.4929676922983672,-2.0803996189814544,2.2212490908894647,2.996958533448669,-0.4992167312288829,-0.48114794339594513,-1.7358803425393974,0.23492829642444335,-1.5689845728650493,-0.06450021463488932,-2.4722222300742667,-1.6074667771218307,-0.18319653351032758,3.042920997934549,1.1735103431736462,3.167752949247451,-1.6308124513290994,2.760679687122911,1.009229409582153,1.0263870811481641,0.03112335329841366
0.7697553809963709,-1.2773081436641731,-1.9350419787840034,0.9496671933445718,1.3439423498445375,0.865927118565412,0.4790400515341959,-1.6925069010802354,1.263003749700213,1.1956306918615252,-2.2072187019278005,1.1821363957109137,-0.153410757134903,1.8751602257478805,-1.5482397483560983,-0.5240434161169587,-0.2270828252365823,-1.2332275909093562,-0.6938178506722736,0.2187519317407306,0.38617318211513324,0.24454337187184133,-1.823474573890646,0.36855904668872164,0.646667175650901,-0.4992167312288829,1.8704284387761556,0.4983813053955398,-0.1749613808066695,2.4987397182060587,2.0791189956068914,1.5376859391178836,1.7479960572555462,-0.4262973328156917,2.6846875845010305,-0.9424229937941014,-1.1954522688032965,1.557503506886465,0.23462833597850727,-0.23711638105747046,0.908176430626241,-1.1650865106256718,1.5777244131275892
-0.05802866741642636,-0.3140882167057894,-0.9766395654911563,0.3145799437233403,-0.06856790020910203,0.4575309957425905,-0.08045310330633262,-0.8364096213047207,0.30856917147010904,0.3773707748211757,-0.7462256143061189,-0.11990700356691586,-0.09655922888084145,0.48598482971112206,-0.8497523570233106,-0.12771116701045812,0.09900154502831646,0.24720904018408169,-0.15157582993978022,0.2079368443657665,0.31877928751766976,0.26295240823908145,-0.7304503850818638,0.34169549084197576,-0.12628992417325838,-0.48114794339594513,0.4983813053955398,0.17635483229152213,0.17268633646029155,0.5545480075202208,0.6761931654602356,0.36302560586306104,0.7054845388348149,0.10099650089045921,0.6451995978197057,-0.596421076121459,-0.4239794814144081,-0.03335861637326142,0.25485571182090755,-0.39349011971918746,0.08461698913472654,-0.3958643014982512,0.3616102919253464
-1.4129600979048904,0.24993964589644804,-2.166659136768886,0.22887967054104694,-2.2830766811616834,1.0748166989178376,-1.094144673468596,-1.8078651137004715,-0.2523053405286548,0.19400366851870665,-0.6076854991156194,-2.3167946346130166,-0.27366242109354005,-0.23305621211014177,-2.07915979842479,0.11807049715501963,0.8422601934681699,3.0352740035123342,0.22271356156000563,0.7297183299278924,1.0613774778225558,0.9702896360814882,-1.0801052286732717,1.2056064912384654,-1.566150348014682,-1.7358803425393974,-0.1749613808066695,0.17268633646029155,1.1323193324114538,-0.8000495289625733,0.4343620909401275,-0.36859859079953244,1.0760483860094385,1.123043525776601,-0.5963367571856688,-1.66167078189702,-0.4231314658634895,-2.404495526937635,0.9571110510320827,-1.6629743731997901,-0.8765043428925373,-0.33298552576181994,-0.43828806444895235
1.7081013823537736,-1.7741715820513932,-1.3953521690528858,1.107757248997911,2.889874653556608,0.5704807226341225,1.1735653445248115,-1.2641744752980713,1.7566424607490372,1.4434507686173679,-2.5373608490081447,2.6999732656650037,-0.05716150842080154,2.537660849544783,-0.9426940856872186,-0.7349685820303973,-0.7191972607613527,-3.1312211012000586,-1.008306124259045,-0.08705848113069699,-0.040318363747791616,-0.17677720488961823,-1.8025528512039695,-0.13691214636800414,1.6267270582035478,0.23492829642444335,2.4987397182060587,0.5545480075202208,-0.8000495289625733,3.6271089532790044,2.4597189080933997,2.168502009439535,1.7093848641232916,-1.1193841124133372,3.7651543297473884,-0.37294685392112376,-1.3263886098634123,3.2281773426842726,-0.18137780280768534,0.5378030641759809,1.6168854901824505,-1.3332932430605196,2.257295235857721
0.09876858131690454,-1.3467996947416885,-3.4773320824783744,1.2397943237188846,0.27754841852772777,1.6146875808767007,-0.057792230931351336,-2.998626012942198,1.3382864542158743,1.5063316098715427,-2.92686088677149,0.06876769161000554,-0.3354820811909816,2.055254620067728,-2.98089344411238,-0.5397497648890686,0.21605732943482014,0.2769423787320352,-0.6862628171742374,0.6705624639998075,1.0500696174438535,0.8334571902797921,-2.739310411631041,1.113618625768385,-0.1342305869077948,-1.5689845728650493,2.0791189956068914,0.6761931654602356,0.4343620909401275,2.4597189080933997,2.676962512014881,1.582655764698274,2.66025672770505,0.13723424805130835,2.7983876397306413,-2.031261218742376,-1.6305938924042276,0.46106463112531004,0.8165746196345888,-1.2198485408976039,0.5678057674625065,-1.551378479298852,1.5981288968793508
0.900666371212312,-1.0847604796768584,-1.1174390886626098,0.7194084848090383,1.5697056482843619,0.4813123086641168,0.6259717021801684,-0.9933858195996255,1.0709076725340478,0.9300988995097755,-1.6530503305470465,1.435768362737184,-0.07242273339207751,1.578057990746046,-0.8174050612748728,-0.43173017696537946,-0.3393922855308142,-1.6313762170891946,-0.6233301346819695,-5.434599971299403e-4,0.09092409515733128,-0.02981485415240632,-1.2504642043121408,0.04788522557242268,0.8692611991328809,-0.06450021463488932,1.5376859391178836,0.36302560586306104,-0.36859859079953244,2.168502009439535,1.582655764698274,1.3373969284847245,1.207565272072867,-0.5889640705776011,2.294593189522735,-0.4120736246304314,-0.8721780672338414,1.7827343629238315,-0.006771538501637908,0.14445032299580754,0.9225095172841331,-0.8754800462592914,1.3651859920402722
-0.7730511408031157,-1.0566328728328207,-4.4210229448854115,1.2507404679236416,-1.1202492113155782,2.096212663098587,-0.7011860045703727,-3.7790275689062556,1.0528184732309218,1.4717514693346776,-2.99410963302871,-1.3340210884903756,-0.46964193129123827,1.7126954968312913,-3.9248607775546653,-0.39697911465755,0.7183204394108674,2.0708354019246085,-0.49538215354248627,1.026007502700642,1.5792860396750226,1.3136642963824474,-3.107847326576915,1.7261289549183159,-1.0520115293601182,-2.4722222300742667,1.7479960572555462,0.7054845388348149,1.0760483860094385,1.7093848641232916,2.66025672770505,1.207565272072867,3.057803989034945,0.7908097510693827,2.1545017481330206,-2.813846860109452,-1.7102154501634845,-1.01395024417107,1.3120831348819844,-2.1038819001603226,-0.010283646079568437,-1.5967001276749422,1.1734310110256092
-1.4759343977043238,0.424113295448645,-1.8389879835707956,0.09037013581221674,-2.422518264895789,0.9233123514846714,-1.1429012783813746,-1.5249957161844876,-0.4220396257032081,0.01838517313954098,-0.2859269148584508,-2.4255716469609507,-0.24186905222570756,-0.5014203389212663,-1.8117802565677275,0.1769512571190366,0.8398591995352392,3.137814120668893,0.32662679213075,0.6996509294249077,0.9817943279233102,0.9307787463865005,-0.796820747220164,1.123907381610101,-1.6338793119159016,-1.6074667771218307,-0.4262973328156917,0.10099650089045921,1.123043525776601,-1.1193841124133372,0.13723424805130835,-0.5889640705776011,0.7908097510693827,1.1635849392139699,-0.9598903331427262,-1.4912965491003651,-0.24906547816421137,-2.5822838206178105,0.8986620308872493,-1.5823523003704525,-0.9873227622547636,-0.15907368546252104,-0.6485196471202235
1.5169749839237248,-1.88198290092905,-2.054693237474808,1.2699257036478364,2.6147222497105744,0.8871701792248384,1.0276712140300357,-1.826416813577549,1.8661719553946117,1.6319462294581828,-2.9295436785747033,2.3925027514893555,-0.13265077853086926,2.7322656427144114,-1.5378316055767194,-0.7625349545862281,-0.5673565552169506,-2.6945211426331186,-1.0625623884680626,0.06854277659316313,0.21340192443348704,0.026355180393690756,-2.2383814794651795,0.14502123506671083,1.4107667124006118,-0.18319653351032758,2.6846875845010305,0.6451995978197057,-0.5963367571856688,3.7651543297473884,2.7983876397306413,2.294593189522735,2.1545017481330206,-0.9598903331427262,3.9822965545084474,-0.8061406802833112,-1.549849930899953,2.968024191962078,0.03812196255116909,0.17645557534576617,1.5645892631315426,-1.5456742095603502,2.3686746317461687
1.7163667105961262,0.4377618945399928,4.660379959007014,-0.9743591918262294,2.7180532926867502,-2.249196838651829,1.41088996810138,3.9350762508056047,-0.4204993069530497,-1.079554576373374,2.384198138746434,2.8693403269433273,0.5236871577242079,-0.849283707101215,4.273689240430596,0.16288139253640066,-1.1673811334732684,-3.966786382852238,0.09444564242926667,-1.2979274875259996,-1.919244249269017,-1.6925213171188576,2.8788857792412914,-2.1301901728657597,2.047932177847941,3.042920997934549,-0.9424229937941014,-0.596421076121459,-1.66167078189702,-0.37294685392112376,-2.031261218742376,-0.4120736246304314,-2.813846860109452,-1.4912965491003651,-0.8061406802833112,3.2283306765411077,1.4442869539330183,2.7756716773226717,-1.6558164712454824,2.761191466904067,0.7888759752183511,1.2767344722686829,-0.33499561613627815
0.1516548174719541,0.7535501140344009,2.3642529056493213,-0.7590911665985705,0.17904521866987747,-1.1081340804051434,0.1987997310693632,2.02499154189251,-0.7420031952297454,-0.9106818745683366,1.800942642057,0.3037965914560172,0.23476566739999305,-1.1698423423526159,2.0587598148978334,0.303674600108976,-0.24739139928727846,-0.6146292863829235,0.36598727560108574,-0.5032622217922331,-0.774420170054789,-0.6361470901592892,1.7656441744418545,-0.8303785245313132,0.3125365865737952,1.1735103431736462,-1.1954522688032965,-0.4239794814144081,-0.4231314658634895,-1.3263886098634123,-1.6305938924042276,-0.8721780672338414,-1.7102154501634845,-0.24906547816421137,-1.549849930899953,1.4442869539330183,1.0217163223051766,0.09257455710755201,-0.6203103629490252,0.9599325331580643,-0.19995230614224258,0.9563087173392203,-0.8686978707988171
3.352306355141944,-1.3429935709481917,3.142475998350321,0.15316065420032293,5.537409139579353,-1.6156113696632572,2.558943741973546,2.5724235069971817,1.3363444093663617,0.39235618960234353,-0.19838474418093816,5.483784519969247,0.4482425397091636,1.7220070621386532,3.2238379626491844,-0.5525868046519539,-1.8282803633044753,-6.989377774085288,-0.9344387540658841,-1.3842268878307233,-1.909623408944745,-1.858365141279722,1.0067989621292779,-2.211197409556014,3.642534095734551,3.167752949247451,1.557503506886465,-0.03335861637326142,-2.404495526937635,3.2281773426842726,0.46106463112531004,1.7827343629238315,-1.01395024417107,-2.5822838206178105,2.968024191962078,2.7756716773226717,0.09257455710755201,5.951340663643675,-1.7887553558478422,3.2128543557644837,2.3882769132423123,-0.08842786390870921,1.921134014034523
-1.0807566632715166,-0.047090708585645846,-2.3047989465153518,0.3990020016943693,-1.727128993537291,1.1222291205755195,-0.8606469890139907,-1.9405530583533872,0.043893778026270404,0.4201258412473131,-0.9960209039900982,-1.7881596341966328,-0.26995338450377654,0.18750352210643217,-2.1500216232721145,-0.005304807291864034,0.6928456803002261,2.4079457007862635,0.05089073487459044,0.6905736333124115,1.013242653340597,0.9056428991831578,-1.328534400991652,1.135864853059548,-1.245548588561091,-1.6308124513290994,0.23462833597850727,0.25485571182090755,0.9571110510320827,-0.18137780280768534,0.8165746196345888,-0.006771538501637908,1.3120831348819844,0.8986620308872493,0.03812196255116909,-1.6558164712454824,-0.6203103629490252,-1.7887553558478422,0.892569908707955,-1.5101776387269261,-0.5788728471755563,-0.5360098550381448,-0.054330690490468646
1.928838108785611,-0.03519372433686079,3.7937081208202015,-0.6032949510143586,3.088164095740546,-1.8564064752816793,1.5236002012061287,3.1894068237063,0.03749172884690188,-0.6164952521380858,1.5173078828402484,3.183406920111967,0.4561881523601814,-0.1523065962603725,3.5591424736807284,-0.03962823419136258,-1.2144516511044277,-4.255819962477286,-0.14829566967593893,-1.1632195853477074,-1.70825911797166,-1.5320628500456988,2.1248280526629526,-1.9223287751267832,2.194105657762191,2.760679687122911,-0.23711638105747046,-0.39349011971918746,-1.6629743731997901,0.5378030641759809,-1.2198485408976039,0.14445032299580754,-2.1038819001603226,-1.5823523003704525,0.17645557534576617,2.761191466904067,0.9599325331580643,3.2128543557644837,-1.5101776387269261,2.5791847099561913,1.0780395251695731,0.8194180652358445,0.23456501376830144
1.3230322954748355,-0.7193757305720608,0.7241797484937517,0.23901068532703082,2.2000591404029946,-0.3979787249934744,0.990335576290834,0.5708529935657227,0.7160511611298818,0.37122169168563063,-0.5017418625880231,2.150958815615213,0.12817778052062825,0.9698687967572466,0.8257980461648264,-0.294357858363344,-0.6829249756145309,-2.688938592873224,-0.46356609785323055,-0.44018192817373364,-0.5931959043431739,-0.6026149800767694,-0.0030257527164336017,-0.7023242963309875,1.3993902927382407,1.009229409582153,0.908176430626241,0.08461698913472654,-0.8765043428925373,1.6168854901824505,0.5678057674625065,0.9225095172841331,-0.010283646079568437,-0.9873227622547636,1.5645892631315426,0.7888759752183511,-0.19995230614224258,2.3882769132423123,-0.5788728471755563,1.0780395251695731,1.0152070916171576,-0.25909469655678447,0.9821551445956209
0.05312011347511087,0.7464514420360592,2.137699320455416,-0.7212947419957183,0.010785413686036355,-0.9985204618585304,0.11165338927281288,1.838400589273384,-0.7411391598051457,-0.8712881371168115,1.70724238234755,0.13395368740220712,0.21204014626761705,-1.1535836942403805,1.8484493977467333,0.2936674210721806,-0.19043157899195928,-0.38262427414714767,0.37729542605417493,-0.42974546793545765,-0.6755766808672984,-0.5398573397408709,1.6369563400572946,-0.7225701597015877,0.18843695960476414,1.0263870811481641,-1.1650865106256718,-0.3958643014982512,-0.33298552576181994,-1.3332932430605196,-1.551378479298852,-0.8754800462592914,-1.5967001276749422,-0.15907368546252104,-1.5456742095603502,1.2767344722686829,0.9563087173392203,-0.08842786390870921,-0.5360098550381448,0.8194180652358445,-0.25909469655678447,0.9070634797289823,-0.8753217632957367
0.9972280272050303,-1.1157111487556968,-1.023057120783585,0.7227446730535648,1.705030603219597,0.43073524276941183,0.685617476165573,-0.9210798901391122,1.1101149192757038,0.9357590781634413,-1.6618532428601562,1.5781299049254325,-0.056476859709076815,1.6090550446658372,-0.7306977541632484,-0.4527074156253068,-0.39695768861491093,-1.8115469394084722,-0.6369663310043729,-0.016231348366483014,0.03943217219722761,-0.06089624878230417,-1.2187706002901961,-0.010637581049139458,0.9451760996852941,0.03112335329841366,1.5777244131275892,0.3616102919253464,-0.43828806444895235,2.257295235857721,1.5981288968793508,1.3651859920402722,1.1734310110256092,-0.6485196471202235,2.3686746317461687,-0.33499561613627815,-0.8686978707988171,1.921134014034523,-0.054330690490468646,0.23456501376830144,0.9821551445956209,-0.8753217632957367,1.416999018791764
