V1,V2,V3,V4,V5,V6,V7,V8,V9,V10,V11,V12,V13,V14,V15,V16,V17,V18,V19,V20,V21,V22,V23,V24,V25,V26,V27,V28,V29,V30,V31,V32,V33,V34,V35,V36,V37,V38,V39,V40,V41,V42,V43,V44
5.960368086310907,0.5470727964238494,1.5624260494226285,0.555071937928237,3.313209066986182,-0.9632174010477187,0.7964007425013782,-5.463865354835226,-0.9613282169622405,1.5468401672856895,-3.5780233295934356,-1.7996270548761666,-0.92296923198619,4.250313695965314,-2.1898795492779892,3.221211941050714,-0.9365154153794909,-2.7732144052207732,-0.0054925887061389915,-1.8396811539863696,3.451878502430821,0.01138025268376155,1.6506764870531896,-0.7088238165656747,-2.4189087676946905,0.4909459784803004,0.9128728058626007,2.8449180075073253,-4.261211561054812,-1.049542885973378,-2.3623720968067907,1.917628097070785,-0.765256219250749,1.0547628623993532,2.5234403275879727,1.6119831220386232,-1.2885748413582452,1.4295145529965356,0.7948015376137968,2.3335747261404713,0.6731041693231876,0.22672559789963465,0.19844412833777575,-4.823784905221306
0.5470727964238494,0.7559512453830957,1.1088859339259898,-0.9240561513617702,-0.3537895294493359,0.08762736666821477,-0.8524944995707517,0.6210399401099602,1.376060124726519,-0.8033000587798274,-0.7759934353363512,0.7358765439670478,-0.07378754999208982,-0.1530529454004359,-1.7893885476868612,-1.3660830645235524,-0.264357352458315,-1.1051906044018658,0.11370124435160434,0.6052337359149386,0.5677892563181116,0.4360559109678035,-0.9917644332632468,-0.18465081599580704,0.4655573841918321,-0.59342206453775,0.8088109040244312,0.21774328103706708,-1.0255081839391609,0.9651636179506654,0.9176284175231858,0.4697843678285432,1.2849694816340609,0.43623344137686965,-0.3889279370466026,-0.013257146093541094,0.7397045195057549,0.10286527763150267,0.5355385953787382,-0.43357670622090927,-0.7046558182928436,0.9689672264272404,-0.46125141416431675,-0.03532920237711233
1.5624260494226285,1.1088859339259898,1.8803887816305054,-1.2853447569591305,-0.2539110363314017,-0.04781191016821886,-1.1702730075983259,0.39612259490506574,1.903642570931843,-1.0659438961998247,-1.6118103440894314,0.8213243311127243,-0.19246179657753118,0.1787703869694434,-2.9506245188632056,-1.7689049639666172,-0.4422077643934706,-2.0318288981274124,0.14208640526967697,0.6603418292915242,1.154711322340081,0.765331544995369,-1.3373938829255454,-0.35192543712697466,0.5137809402117309,-0.7626226062135769,1.3116633663584478,0.5854150439131202,-1.9531034309707498,1.3396713333061752,1.1327611938429316,0.7928304581863787,1.8928252671939507,0.7611492303154508,-0.3312488631631979,0.13736520238215286,0.9974095542388829,0.3403350288376082,0.7855219123637917,-0.3694107846533196,-1.0063595208947251,1.5550230652967594,-0.6733295180645648,-0.5174491092660463
0.555071937928237,-0.9240561513617702,-1.2853447569591305,1.5555333634361015,1.4132276875607321,-0.2765994326314383,1.4680440866048043,-2.1927826931281236,-2.165855523843439,1.569992207699743,0.21225739216816641,-1.4416837126412787,-0.1280027790777388,1.1388087758802072,2.0689596295299575,2.6472155352550812,0.029265705366589703,0.8301429634242732,-0.16711030779272215,-1.204018432495693,0.04512550221110739,-0.6084614711844436,1.8094077317164128,0.029752180758094257,-1.2550981596773516,0.9109625286842077,-0.9127033937449233,0.4519883841783043,0.360290262661951,-1.7075958460821845,-1.9394357861918026,-0.23258299766751833,-2.040413034776289,-0.40177854979166094,1.1089643687722937,0.4582388773183717,-1.3767131218281148,0.3006829131170094,-0.44578134927990193,1.1651845363225073,1.2314573824744484,-1.3478185125890416,0.7127039451165385,-1.1365726627620631
3.313209066986182,-0.3537895294493359,-0.2539110363314017,1.4132276875607321,2.8633463044344634,-0.5988578646351159,1.555281321513199,-4.469160820122051,-2.105731649866405,2.0198624188751215,-1.4885609989338917,-1.8829595797235594,-0.5595073562787469,3.1046981290669806,0.5820222241142746,3.718365916012171,-0.5015780588452917,-0.6331356619016519,-0.11733790761322656,-1.836274347875534,1.9088139175194125,-0.62961585808777365,2.2693117827727147,-0.292572734758875,-2.284922926253347,0.822546792791037,-0.26536393130992036,1.8492216123314675,-1.896497353212034,-1.8338196865445715,-2.7088508404910927,0.9580453407560046,-2.031505335018067,0.22158060148477848,2.187544516546434,1.135235857998599,-1.7243982272485243,0.8497908654045605,0.19460199975157205,2.0202154806419874,1.3133187788036516,-1.0923051877820764,0.6349881819578275,-3.378378702874816
-0.9632174010477187,0.08762736666821477,-0.04781191016821886,-0.2765994326314383,-0.5988578646351159,0.3009582064071401,-0.2821554721980283,1.1254791833319722,0.5793865541184652,-0.4078995004562382,0.45833485415419806,0.4906719415314436,0.15823585217331493,-0.7568149972541692,-0.009319528367653877,-0.925747250302071,-8.338825178467353e-4,0.250462916294331,0.09600095712778803,0.4386870477150233,-0.45019436540334773,0.08077441033530477,-0.5586748224950743,0.12008016363227174,0.5673896184330076,-0.23770769605554182,-0.013914273682833657,-0.47855534237133396,0.6215949112357522,0.44507743020820856,0.5807752064778398,-0.2031712985071718,0.42199905308065605,-0.10590893963600546,-0.5336752513628679,-0.25173658207194977,0.45227868198330545,-0.27536708780497565,0.055502011122562527,-0.5534423001280534,-0.21845855788028132,0.18281621651571925,-0.10949136921414243,0.8279106134539996
0.7964007425013782,-0.8524944995707517,-1.1702730075983259,1.4680440866048043,1.555281321513199,-0.2821554721980283,1.5258414047083733,-2.3489493732279025,-2.161781754975558,1.5867923321565476,0.20396765267869735,-1.3871461518364225,-0.1274081333836918,1.3826297346326717,2.004701082043632,2.7123679523167286,0.001907712042723387,0.7687627345389484,-0.1959361984675541,-1.2995517964625816,0.3337287750527308,-0.7028368828696722,1.8647154444190588,0.06268232189652458,-1.3848101340711263,0.8008477427083175,-0.8730697976426817,0.6053324888941484,0.1505550266334905,-1.6742502129638188,-2.0026350584086523,-0.01927192183143231,-2.0599548370569787,-0.3421647396101161,1.2703806467909375,0.4285104703241688,-1.3879188126819066,0.2329305762026681,-0.332875889580494,1.2064034969249622,1.212263950691211,-1.4641264042612765,0.6572658894379162,-1.3660447279805157
-5.463865354835226,0.6210399401099602,0.39612259490506574,-2.1927826931281236,-4.469160820122051,1.1254791833319722,-2.3489493732279025,7.432739312878638,3.524151738002443,-3.271232443197657,2.4302712572334606,3.244998296071063,0.949369226571201,-5.215358647600015,-0.9057324121393991,-6.407457909399517,0.5983171495651218,0.8026539815136814,0.12205089302234128,3.1342875856452093,-2.8865664603615486,1.0468263802694828,-3.7638172828582555,0.42292176472693144,3.7388289858029102,-1.5715785004921,0.5036152010283073,-2.8111749512108215,2.8737555812826923,2.94295119432701,4.335031630018276,-1.5303709749963401,3.3503466525926244,-0.40594284611323134,-3.6092287159280714,-1.8733556565955365,2.887337491890675,-1.288022690523878,-0.011712657593489408,-3.368094510666005,-2.0876444363680213,1.6670966215000727,-1.1152266504058579,5.424774255118594
-0.9613282169622405,1.376060124726519,1.903642570931843,-2.165855523843439,-2.105731649866405,0.5793865541184652,-2.161781754975558,3.524151738002443,3.491011725061131,-2.3535213813891978,-0.5157293247532574,2.158714550323878,0.20349901131718193,-2.005906332668342,-3.230762946720641,-4.372158428707013,-0.28459189484200886,-1.5015900998846876,0.33097907702275614,1.9716457225890875,-0.18755761115262495,1.1310558069761407,-2.932556770066213,-0.11873676069587004,2.1216581377267016,-1.3675687251919713,1.4161683012171624,-0.7340899195119063,-0.45067320129633454,2.599785519333906,2.916714477658894,0.151877134730741,3.22692917493145,0.540415929504423,-1.8863033986546884,-0.5706657524539505,2.229655199691435,-0.2914248459631582,0.7937156236188396,-1.8516443046310147,-1.777798841271898,2.2615200103966364,-1.0391819415873096,1.8372439375996736
1.5468401672856895,-0.8033000587798274,-1.0659438961998247,1.569992207699743,2.0198624188751215,-0.4078995004562382,1.5867923321565476,-3.271232443197657,-2.3535213813891978,1.8985398067319588,-0.26505755612960036,-1.7604375410258923,-0.2949665393365639,2.086586837704714,1.7914208298498189,3.468309353712492,-0.08991232039330246,0.6024338878695731,-0.09909582451252885,-1.641414698793657,0.6683997643597471,-0.7801932167347585,2.1861859271102086,0.002211507976976879,-1.7768048828871703,1.0201570364816366,-0.8491720288496561,0.891238154482722,-0.2308698850309706,-1.8612778882001793,-2.3821412247305673,0.243668206301153,-2.296781138698623,-0.20668810090306228,1.6615369670210003,0.7308724203446001,-1.6494085490478527,0.3768356974456072,-0.3416568184434836,1.5727549292633858,1.3830765562026923,-1.4277913524598531,0.7961475209965574,-2.025257704159707
-3.5780233295934356,-0.7759934353363512,-1.6118103440894314,0.21225739216816641,-1.4885609989338917,0.45833485415419806,0.20396765267869735,2.4302712572334606,-0.5157293247532574,-0.26505755612960036,2.7048592898653645,0.5579525273773965,0.5751678952210694,-1.9622373681590959,2.5667379443884943,-0.6076623079538253,0.7701401124270252,2.4748957944829595,-0.10737782031390194,0.45729292216830625,-2.07118778730021,-0.5270937245623859,-0.0896065166210903,0.609727527170792,0.8263007020417856,0.04678896431330656,-1.1107683243915127,-1.6326593028396075,2.992663993682104,-0.07920775409548486,0.6124898492250838,-1.1408916328535676,-0.6004030227242627,-0.8436418451347382,-0.9235318445349316,-0.974338290848171,0.12743651881777857,-1.0359255209299414,-0.7650870391323774,-0.9543954533588165,0.10477186354056323,-1.048388759434218,0.17437062021675306,2.5169345981262117
-1.7996270548761666,0.7358765439670478,0.8213243311127243,-1.4416837126412787,-1.8829595797235594,0.4906719415314436,-1.3871461518364225,3.244998296071063,2.158714550323878,-1.7604375410258923,0.5579525273773965,1.8018850564625448,0.3322415036950646,-2.0905072794135267,-1.374223112950318,-3.314772439805665,0.07514029543746868,-0.35205372046522143,0.05223302284766097,1.6086702727777191,-0.6462219447900068,0.5905237227946334,-2.0094562938145493,0.04700689263973742,1.647237481316831,-1.0773339684811236,0.7076491334594518,-0.8516216287289121,0.3549891731946698,1.6927376575596644,2.2198736970214044,-0.21836135540136115,2.0392163776019405,0.11247464945850826,-1.586880961774905,-0.7897564512859319,1.5336668750690903,-0.45197208799324423,0.40775105260243216,-1.571937975870888,-1.2516674087766038,1.0962666373486236,-0.7621382427928601,2.013624987349984
-0.92296923198619,-0.07378754999208982,-0.19246179657753118,-0.1280027790777388,-0.5595073562787469,0.15823585217331493,-0.1274081333836918,0.949369226571201,0.20349901131718193,-0.2949665393365639,0.5751678952210694,0.3322415036950646,0.16949764749863075,-0.6991659584488785,0.2998085746171593,-0.6285310379385042,0.14554988004584457,0.3923954404993738,-0.013135847198766374,0.3040944082313421,-0.5092746741064641,0.021885179438032122,-0.31757857210934143,0.12384147858730346,0.42782608314558074,-0.12440307433195089,-0.1202713622862239,-0.45303999355512015,0.6559265078222164,0.2241262086680438,0.4178461317774488,-0.2936337778101109,0.18566279811983766,-0.15785087464766615,-0.41642462762657395,-0.2932392936024995,0.25836389963419176,-0.24999762615337182,-0.10112055806340758,-0.40255316054029655,-0.14598557368097742,-0.021930166418759448,-0.06844443140867454,0.7854131674419574
4.250313695965314,-0.1530529454004359,0.1787703869694434,1.1388087758802072,3.1046981290669806,-0.7568149972541692,1.3826297346326717,-5.215358647600015,-2.005906332668342,2.086586837704714,-1.9622373681590959,-2.0905072794135267,-0.6991659584488785,3.951824623883925,-0.004948570880832538,4.26619439315316,-0.49576381914922707,-0.8425194221919956,0.023281135133796618,-2.2093148839864303,2.3793082910669083,-0.7014642622984993,2.3711280139673363,-0.2550741816951836,-2.5699894499423572,0.9296141393798392,-0.13214335805849603,2.0536701721422754,-2.322074944891767,-1.6671037546701706,-2.807283765924128,1.4219533286172488,-1.9848579557517507,0.48548451472663157,2.589123840356213,1.319912165404271,-1.7868244449421822,0.7832749132584383,0.17288069735105044,2.26944065339681,1.2472990946062406,-0.9013020671298562,0.6524528426571349,-4.001600305536005
-2.1898795492779892,-1.7893885476868612,-2.9506245188632056,2.0689596295299575,0.5820222241142746,-0.009319528367653877,2.004701082043632,-0.9057324121393991,-3.230762946720641,1.7914208298498189,2.5667379443884943,-1.374223112950318,0.2998085746171593,-0.004948570880832538,4.775187932048569,3.052710498502042,0.7408369776937234,3.2183572410828005,-0.29605095472519705,-1.2326290015204056,-1.5942644545589952,-1.3147266504822186,2.307461291753726,0.5848473141576195,-1.015344320942254,1.19945851909965,-2.1034153857787015,-0.7628347568847895,2.9189614498941165,-2.228290732444313,-1.9704536538855126,-1.1226765988578997,-3.157149044714558,-1.1766236221588513,0.7490783710494188,-0.24296552503799182,-1.7013776771939064,-0.5617709204715915,-1.2331137255456106,0.7272437580252041,1.6368930872117575,-2.66009342073373,1.05328083602874,0.5581855515807017
3.221211941050714,-1.3660830645235524,-1.7689049639666172,2.6472155352550812,3.718365916012171,-0.925747250302071,2.7123679523167286,-6.407457909399517,-4.372158428707013,3.468309353712492,-0.6076623079538253,-3.314772439805665,-0.6285310379385042,4.26619439315316,3.052710498502042,6.815408369243339,0.002116622310654075,1.1726839000878664,-0.14742202916377525,-3.1860262636526504,1.3761096168915337,-1.5489762865438272,4.137722748180614,0.02846614373546846,-3.47404590341677,1.9557058977126218,-1.5032699891044006,1.7015057300017744,-0.6333469287337796,-3.3516039242014197,-4.339137767409307,0.7032025264454337,-4.241469452714538,-0.2272023995029274,3.2651326775419447,1.3763046761398032,-3.1428816568319857,0.6145696810188132,-0.7556906126020279,3.03016272938591,2.439544945930655,-2.5795715550717104,1.4646888154712137,-3.9681285988656527
-0.9365154153794909,-0.264357352458315,-0.4422077643934706,0.029265705366589703,-0.5015780588452917,-8.338825178467353e-4,0.001907712042723387,0.5983171495651218,-0.28459189484200886,-0.08991232039330246,0.7701401124270252,0.07514029543746868,0.14554988004584457,-0.49576381914922707,0.7408369776937234,0.002116622310654075,0.3648339847668739,0.7704581042460323,-0.0642014766403389,0.06332648477488459,-0.6565168376965556,-0.15300881501682065,0.05135888569123018,0.1744389566734016,0.18560544938618986,0.10713592293146568,-0.3278805611811902,-0.4930576118975442,0.8479240687698136,-0.058240906109798,0.19303950773701928,-0.35189770501014167,-0.21099552107328395,-0.21710803576543977,-0.21701876169274892,-0.2973491781995019,-0.04112326647758824,-0.29440392886355765,-0.3696546684556344,-0.1966023476497443,-0.010470580751074033,-0.29308967774422623,0.05924654319819656,0.7209586387515149
-2.7732144052207732,-1.1051906044018658,-2.0318288981274124,0.8301429634242732,-0.6331356619016519,0.250462916294331,0.7687627345389484,0.8026539815136814,-1.5015900998846876,0.6024338878695731,2.4748957944829595,-0.35205372046522143,0.3923954404993738,-0.8425194221919956,3.2183572410828005,1.1726839000878664,0.7704581042460323,2.8381167859432077,-0.021094067951738564,-0.3838874551893535,-1.8557007393329374,-0.8833153782516432,0.8822604020040834,0.6517082389622005,0.02729028691947607,0.6550389130001321,-1.5187312157964683,-1.3483579705604856,3.0170234517887073,-0.8230076731877455,-0.4193516757796352,-0.9852946298946457,-1.6158243684234825,-0.8777393038415199,-0.13679570313442957,-0.5573353207438544,-0.6110510015738535,-0.9309117889764895,-1.0476567120282445,-0.2130544230741726,0.7199066469664608,-1.5313455028168994,0.6093868771824114,1.5842376638910498
-0.0054925887061389915,0.11370124435160434,0.14208640526967697,-0.16711030779272215,-0.11733790761322656,0.09600095712778803,-0.1959361984675541,0.12205089302234128,0.33097907702275614,-0.09909582451252885,-0.10737782031390194,0.05223302284766097,-0.013135847198766374,0.023281135133796618,-0.29605095472519705,-0.14742202916377525,-0.0642014766403389,-0.021094067951738564,0.16475919695041308,0.027441659245938332,-0.048357569766315806,0.0568304830522424,-0.220165099484455,0.04854956593908933,0.15749177025630243,0.013740132079012979,0.0424839930210715,-0.14392667307415388,0.13751249835205412,0.25390361653943094,0.1727143185666929,0.05804113240868063,0.20714205602205762,0.06279533871744371,-0.08954579413662145,0.05179823720214313,0.18231371738902113,-0.09298845160930821,0.009540437632725328,-0.11874611455009727,-0.06944070551257966,0.253812111167554,0.011862589887116408,0.08592167822307989
-1.8396811539863696,0.6052337359149386,0.6603418292915242,-1.204018432495693,-1.836274347875534,0.4386870477150233,-1.2995517964625816,3.1342875856452093,1.9716457225890875,-1.641414698793657,0.45729292216830625,1.6086702727777191,0.3040944082313421,-2.2093148839864303,-1.2326290015204056,-3.1860262636526504,0.06332648477488459,-0.3838874551893535,0.027441659245938332,1.6236582059453455,-0.8372697124881167,0.6814686446218859,-1.899834023720011,-0.03708262669055179,1.636991282512644,-0.9224983391758959,0.6602833722514403,-0.8649326775443478,0.40605013636021403,1.4838225668723615,2.082525224846072,-0.4290728890069527,1.919585336686173,0.03905957532223036,-1.6323454676050393,-0.6877103792366753,1.4126174616568175,-0.27321511126665654,0.3085046743683895,-1.4670583405284745,-1.1372250118142704,1.128413553460315,-0.6731053767347069,2.041552607482855
3.451878502430821,0.5677892563181116,1.154711322340081,0.04512550221110739,1.9088139175194125,-0.45019436540334773,0.3337287750527308,-2.8865664603615486,-0.18755761115262495,0.6683997643597471,-2.07118778730021,-0.6462219447900068,-0.5092746741064641,2.3793082910669083,-1.5942644545589952,1.3761096168915337,-0.6565168376965556,-1.8557007393329374,-0.048357569766315806,-0.8372697124881167,2.3245995149683827,-0.0035234665463104173,0.7109980459136234,-0.43731725391689596,-1.339426316655787,-0.07779094596834324,0.7476030596477555,1.820401968856443,-2.8384050539303725,-0.3656861091493534,-1.1373939310924344,1.351933050764444,-0.14564127585579664,0.7015649479872084,1.3836921554050812,0.822403226336326,-0.5396094764729573,0.7888757565802548,0.7831872288638093,1.1608165611427745,0.19880181069533934,0.16029882420467745,-0.08454301438705572,-2.831904295611742
0.01138025268376155,0.4360559109678035,0.765331544995369,-0.6084614711844436,-0.62961585808777365,0.08077441033530477,-0.7028368828696722,1.0468263802694828,1.1310558069761407,-0.7801932167347585,-0.5270937245623859,0.5905237227946334,0.021885179438032122,-0.7014642622984993,-1.3147266504822186,-1.5489762865438272,-0.15300881501682065,-0.8833153782516432,0.0568304830522424,0.6814686446218859,-0.0035234665463104173,0.5953304818937155,-1.00167563021558,-0.17512904041191793,0.7285979295774556,-0.3925907413169616,0.6052056558821655,-0.10605853334975439,-0.4512423699295627,0.7942428727886035,0.9173763930446127,-0.060007769349669976,1.1824994321044577,0.22142688600938196,-0.6497610191320509,-0.08728808304462884,0.7331569056285131,0.15944520654595942,0.2676430897427829,-0.49718445678453355,-0.6027466710969519,0.9524662522700275,-0.36624708067322936,0.4803676365782727
1.6506764870531896,-0.9917644332632468,-1.3373938829255454,1.8094077317164128,2.2693117827727147,-0.5586748224950743,1.8647154444190588,-3.7638172828582555,-2.932556770066213,2.1861859271102086,-0.0896065166210903,-2.0094562938145493,-0.31757857210934143,2.3711280139673363,2.307461291753726,4.137722748180614,0.05135888569123018,0.8822604020040834,-0.220165099484455,-1.899834023720011,0.7109980459136234,-1.00167563021558,2.660403469223253,0.01888980337272681,-2.141269899332516,1.16735303542135,-1.0381515169940323,1.025522296450266,-0.24059851291180528,-2.255531390118775,-2.754571021131303,0.2608922706698261,-2.7827307842162945,-0.27666863819892373,1.956177231967724,0.7378425417892736,-2.0207651013222474,0.38921501490060856,-0.4828823135938859,1.8432239602480596,1.5779982964163561,-1.8446397766274265,0.9010045520255943,-2.2735366344798984
-0.7088238165656747,-0.18465081599580704,-0.35192543712697466,0.029752180758094257,-0.292572734758875,0.12008016363227174,0.06268232189652458,0.42292176472693144,-0.11873676069587004,0.002211507976976879,0.609727527170792,0.04700689263973742,0.12384147858730346,-0.2550741816951836,0.5848473141576195,0.02846614373546846,0.1744389566734016,0.6517082389622005,0.04854956593908933,-0.03708262669055179,-0.43731725391689596,-0.17512904041191793,0.01888980337272681,0.20865295095350744,0.1483696058077173,0.07507692321265651,-0.3132076470745057,-0.41163357399758965,0.7880626167786557,0.018699003925294364,0.08039627429226533,-0.18654435551210538,-0.19336762211426625,-0.1739369622187683,-0.11340664975930712,-0.18950347007722368,0.0240539119584076,-0.329114393097464,-0.21554066195560867,-0.18417516782772236,0.06539646651032266,-0.24673886806103976,0.08918519576789447,0.4934571784471487
-2.4189087676946905,0.4655573841918321,0.5137809402117309,-1.2550981596773516,-2.284922926253347,0.5673896184330076,-1.3848101340711263,3.7388289858029102,2.1216581377267016,-1.7768048828871703,0.8263007020417856,1.647237481316831,0.42782608314558074,-2.5699894499423572,-1.015344320942254,-3.47404590341677,0.18560544938618986,0.02729028691947607,0.15749177025630243,1.636991282512644,-1.339426316655787,0.7285979295774556,-2.141269899332516,0.1483696058077173,2.021541781638568,-0.8014976554633421,0.4499041002352161,-1.3838170534403225,1.2180417890473645,1.714428050917278,2.3353116141521646,-0.7074485413775016,2.0150546186899487,-0.0754694731239529,-1.8890411468025725,-0.831439084776447,1.6352923602680016,-0.5569298970305381,0.06757265091541999,-1.7252964740810937,-1.170231161335594,1.2252705454707054,-0.6090448432979686,2.6436157868707957
0.4909459784803004,-0.59342206453775,-0.7626226062135769,0.9109625286842077,0.822546792791037,-0.23770769605554182,0.8008477427083175,-1.5715785004921,-1.3675687251919713,1.0201570364816366,0.04678896431330656,-1.0773339684811236,-0.12440307433195089,0.9296141393798392,1.19945851909965,1.9557058977126218,0.10713592293146568,0.6550389130001321,0.013740132079012979,-0.9224983391758959,-0.07779094596834324,-0.3925907413169616,1.16735303542135,0.07507692321265651,-0.8014976554633421,0.7735718128435952,-0.6326869174214068,0.1467090732896712,0.40226673484424874,-1.0050006456185117,-1.207210480755595,-0.1277472909754133,-1.3073320612610209,-0.19759429620329805,0.7676090070416296,0.3647450911146702,-0.8923936771273363,0.10799306478033399,-0.4707458514807875,0.7986121090204352,0.7780195248381133,-0.7157767541175111,0.5400834696275263,-0.7355925219425965
0.9128728058626007,0.8088109040244312,1.3116633663584478,-0.9127033937449233,-0.26536393130992036,-0.013914273682833657,-0.8730697976426817,0.5036152010283073,1.4161683012171624,-0.8491720288496561,-1.1107683243915127,0.7076491334594518,-0.1202713622862239,-0.13214335805849603,-2.1034153857787015,-1.5032699891044006,-0.3278805611811902,-1.5187312157964683,0.0424839930210715,0.6602833722514403,0.7476030596477555,0.6052056558821655,-1.0381515169940323,-0.3132076470745057,0.4499041002352161,-0.6326869174214068,0.9969304762840543,0.4227448283848418,-1.44781566017707,0.9487420353649776,0.9072402670556674,0.4778354700652952,1.4381655357629697,0.5093036736802076,-0.3836089257100538,0.05642027177555516,0.752813252235109,0.32019908583519263,0.6167557770508597,-0.34640795716696643,-0.7690154399557697,1.1344662912352332,-0.5332550108901289,-0.2233113448935204
2.8449180075073253,0.21774328103706708,0.5854150439131202,0.4519883841783043,1.8492216123314675,-0.47855534237133396,0.6053324888941484,-2.8111749512108215,-0.7340899195119063,0.891238154482722,-1.6326593028396075,-0.8516216287289121,-0.45303999355512015,2.0536701721422754,-0.7628347568847895,1.7015057300017744,-0.4930576118975442,-1.3483579705604856,-0.14392667307415388,-0.8649326775443478,1.820401968856443,-0.10605853334975439,1.025522296450266,-0.41163357399758965,-1.3838170534403225,0.1467090732896712,0.4227448283848418,1.615454853677227,-2.292463280306004,-0.7829217928147615,-1.3609899267646326,0.9537458979966368,-0.6011504447750672,0.4494698373880136,1.3205834039025888,0.766014209475518,-0.8073816849441819,0.8100975079489049,0.5125904500289645,1.2262294842624597,0.4380349437971634,-0.19087818928627362,0.08399970642754181,-2.505549343462309
-4.261211561054812,-1.0255081839391609,-1.9531034309707498,0.360290262661951,-1.896497353212034,0.6215949112357522,0.1505550266334905,2.8737555812826923,-0.45067320129633454,-0.2308698850309706,2.992663993682104,0.3549891731946698,0.6559265078222164,-2.322074944891767,2.9189614498941165,-0.6333469287337796,0.8479240687698136,3.0170234517887073,0.13751249835205412,0.40605013636021403,-2.8384050539303725,-0.4512423699295627,-0.24059851291180528,0.7880626167786557,1.2180417890473645,0.40226673484424874,-1.44781566017707,-2.292463280306004,4.097418049916272,0.020798645947943614,0.721527573645007,-1.5803531421362274,-0.6570483042883166,-1.0321965763470515,-1.2069390429276163,-0.9507637583638783,0.2590483796065406,-1.2599450168730237,-1.1432416414389812,-1.1451281645122515,0.23686474775118332,-0.8682770031028012,0.409726833978682,3.1689076313117264
-1.049542885973378,0.9651636179506654,1.3396713333061752,-1.7075958460821845,-1.8338196865445715,0.44507743020820856,-1.6742502129638188,2.94295119432701,2.599785519333906,-1.8612778882001793,-0.07920775409548486,1.6927376575596644,0.2241262086680438,-1.6671037546701706,-2.228290732444313,-3.3516039242014197,-0.058240906109798,-0.8230076731877455,0.25390361653943094,1.4838225668723615,-0.3656861091493534,0.7942428727886035,-2.255531390118775,0.018699003925294364,1.714428050917278,-1.0050006456185117,0.9487420353649776,-0.7829217928147615,0.020798645947943614,2.0429259120605843,2.340929191319975,0.021864943825214315,2.4190535328453953,0.35641665769731956,-1.5019260417822227,-0.5774929862413144,1.7322085753377336,-0.40644674235421596,0.44942046556573795,-1.5082645040661684,-1.3903413263749094,1.6298926017185014,-0.7801117319545217,1.6829961978654864
-2.3623720968067907,0.9176284175231858,1.1327611938429316,-1.9394357861918026,-2.7088508404910927,0.5807752064778398,-2.0026350584086523,4.335031630018276,2.916714477658894,-2.3821412247305673,0.6124898492250838,2.2198736970214044,0.4178461317774488,-2.807283765924128,-1.9704536538855126,-4.339137767409307,0.19303950773701928,-0.4193516757796352,0.1727143185666929,2.082525224846072,-1.1373939310924344,0.9173763930446127,-2.754571021131303,0.08039627429226533,2.3353116141521646,-1.207210480755595,0.9072402670556674,-1.3609899267646326,0.721527573645007,2.340929191319975,3.057509627611608,-0.44715133717575917,2.799552594987218,0.1693127140483977,-2.1913974442421296,-0.9840975640022804,2.0844934093250362,-0.6059778416752489,0.29909847393447536,-2.0744159832782296,-1.6949558947826324,1.723272946029148,-0.9334147033582388,2.839966609754987
1.917628097070785,0.4697843678285432,0.7928304581863787,-0.23258299766751833,0.9580453407560046,-0.2031712985071718,-0.01927192183143231,-1.5303709749963401,0.151877134730741,0.243668206301153,-1.1408916328535676,-0.21836135540136115,-0.2936337778101109,1.4219533286172488,-1.1226765988578997,0.7032025264454337,-0.35189770501014167,-0.9852946298946457,0.05804113240868063,-0.4290728890069527,1.351933050764444,-0.060007769349669976,0.2608922706698261,-0.18654435551210538,-0.7074485413775016,-0.1277472909754133,0.4778354700652952,0.9537458979966368,-1.5803531421362274,0.021864943825214315,-0.44715133717575917,0.9328568808612414,0.07291169991073605,0.46931918746234946,0.7565390497795925,0.4317312162089882,-0.18762292540996153,0.2949082782282223,0.4740044825253069,0.5406068266384852,-0.009901135841446645,0.189602999497784,-0.09077086906532415,-1.5536982920722775
-0.765256219250749,1.2849694816340609,1.8928252671939507,-2.040413034776289,-2.031505335018067,0.42199905308065605,-2.0599548370569787,3.3503466525926244,3.22692917493145,-2.296781138698623,-0.6004030227242627,2.0392163776019405,0.18566279811983766,-1.9848579557517507,-3.157149044714558,-4.241469452714538,-0.21099552107328395,-1.6158243684234825,0.20714205602205762,1.919585336686173,-0.14564127585579664,1.1824994321044577,-2.7827307842162945,-0.19336762211426625,2.0150546186899487,-1.3073320612610209,1.4381655357629697,-0.6011504447750672,-0.6570483042883166,2.4190535328453953,2.799552594987218,0.07291169991073605,3.1343902875091283,0.5401800223201264,-1.8103401372166497,-0.5702550601232236,2.09377730623111,-0.14230969760143325,0.7262106721744395,-1.697589557764483,-1.7572555242923393,2.19550284678891,-1.0501846691341339,1.7208227380604526
1.0547628623993532,0.43623344137686965,0.7611492303154508,-0.40177854979166094,0.22158060148477848,-0.10590893963600546,-0.3421647396101161,-0.40594284611323134,0.540415929504423,-0.20668810090306228,-0.8436418451347382,0.11247464945850826,-0.15785087464766615,0.48548451472663157,-1.1766236221588513,-0.2272023995029274,-0.21710803576543977,-0.8777393038415199,0.06279533871744371,0.03905957532223036,0.7015649479872084,0.22142688600938196,-0.27666863819892373,-0.1739369622187683,-0.0754694731239529,-0.19759429620329805,0.5093036736802076,0.4494698373880136,-1.0321965763470515,0.35641665769731956,0.1693127140483977,0.46931918746234946,0.5401800223201264,0.36511130374189504,0.13817997730324863,0.1941014440269305,0.19907513756216919,0.22197892397716346,0.3232673417015003,0.09670421995604285,-0.2733765180121091,0.5252935564229924,-0.19676473627092017,-0.6245434745440713
2.5234403275879727,-0.3889279370466026,-0.3312488631631979,1.1089643687722937,2.187544516546434,-0.5336752513628679,1.2703806467909375,-3.6092287159280714,-1.8863033986546884,1.6615369670210003,-0.9235318445349316,-1.586880961774905,-0.41642462762657395,2.589123840356213,0.7490783710494188,3.2651326775419447,-0.21701876169274892,-0.13679570313442957,-0.08954579413662145,-1.6323454676050393,1.3836921554050812,-0.6497610191320509,1.956177231967724,-0.11340664975930712,-1.8890411468025725,0.7676090070416296,-0.3836089257100538,1.3205834039025888,-1.2069390429276163,-1.5019260417822227,-2.1913974442421296,0.7565390497795925,-1.8103401372166497,0.13817997730324863,1.8439719697306072,0.8212307554605032,-1.4724269236901857,0.4905148121117725,-0.04464427726753808,1.643915644230256,1.0772682835239953,-1.046762795724065,0.5667059277737202,-2.6066673321505003
1.6119831220386232,-0.013257146093541094,0.13736520238215286,0.4582388773183717,1.135235857998599,-0.25173658207194977,0.4285104703241688,-1.8733556565955365,-0.5706657524539505,0.7308724203446001,-0.974338290848171,-0.7897564512859319,-0.2932392936024995,1.319912165404271,-0.24296552503799182,1.3763046761398032,-0.2973491781995019,-0.5573353207438544,0.05179823720214313,-0.6877103792366753,0.822403226336326,-0.08728808304462884,0.7378425417892736,-0.18950347007722368,-0.831439084776447,0.3647450911146702,0.05642027177555516,0.766014209475518,-0.9507637583638783,-0.5774929862413144,-0.9840975640022804,0.4317312162089882,-0.5702550601232236,0.1941014440269305,0.8212307554605032,0.5981872115729095,-0.5805998480104693,0.4479861170537819,0.11419535686468048,0.8124695820590283,0.44634464449461014,-0.08824130416330296,0.24558866289087627,-1.4485214401052808
-1.2885748413582452,0.7397045195057549,0.9974095542388829,-1.3767131218281148,-1.7243982272485243,0.45227868198330545,-1.3879188126819066,2.887337491890675,2.229655199691435,-1.6494085490478527,0.12743651881777857,1.5336668750690903,0.25836389963419176,-1.7868244449421822,-1.7013776771939064,-3.1428816568319857,-0.04112326647758824,-0.6110510015738535,0.18231371738902113,1.4126174616568175,-0.5396094764729573,0.7331569056285131,-2.0207651013222474,0.0240539119584076,1.6352923602680016,-0.8923936771273363,0.752813252235109,-0.8073816849441819,0.2590483796065406,1.7322085753377336,2.0844934093250362,-0.18762292540996153,2.09377730623111,0.19907513756216919,-1.4724269236901857,-0.5805998480104693,1.5536490270756569,-0.35110510454439997,0.3662384406675876,-1.4185605418608978,-1.183657284206512,1.3636151882208496,-0.6773770853960359,1.7442753167452512
1.4295145529965356,0.10286527763150267,0.3403350288376082,0.3006829131170094,0.8497908654045605,-0.27536708780497565,0.2329305762026681,-1.288022690523878,-0.2914248459631582,0.3768356974456072,-1.0359255209299414,-0.45197208799324423,-0.24999762615337182,0.7832749132584383,-0.5617709204715915,0.6145696810188132,-0.29440392886355765,-0.9309117889764895,-0.09298845160930821,-0.27321511126665654,0.7888757565802548,0.15944520654595942,0.38921501490060856,-0.329114393097464,-0.5569298970305381,0.10799306478033399,0.32019908583519263,0.8100975079489049,-1.2599450168730237,-0.40644674235421596,-0.6059778416752489,0.2949082782282223,-0.14230969760143325,0.22197892397716346,0.4905148121117725,0.4479861170537819,-0.35110510454439997,0.6174923562225146,0.2504732109354514,0.6075117911652494,0.17943881342437354,0.13589314754305168,0.023667329661399658,-1.1570131322157602
0.7948015376137968,0.5355385953787382,0.7855219123637917,-0.44578134927990193,0.19460199975157205,0.055502011122562527,-0.332875889580494,-0.011712657593489408,0.7937156236188396,-0.3416568184434836,-0.7650870391323774,0.40775105260243216,-0.10112055806340758,0.17288069735105044,-1.2331137255456106,-0.7556906126020279,-0.3696546684556344,-1.0476567120282445,0.009540437632725328,0.3085046743683895,0.7831872288638093,0.2676430897427829,-0.4828823135938859,-0.21554066195560867,0.06757265091541999,-0.4707458514807875,0.6167557770508597,0.5125904500289645,-1.1432416414389812,0.44942046556573795,0.29909847393447536,0.4740044825253069,0.7262106721744395,0.3232673417015003,-0.04464427726753808,0.11419535686468048,0.3662384406675876,0.2504732109354514,0.5870798267162582,-0.10506870010973271,-0.339633548191592,0.5176116206998004,-0.31659036551705017,-0.4903506682096267
2.3335747261404713,-0.43357670622090927,-0.3694107846533196,1.1651845363225073,2.0202154806419874,-0.5534423001280534,1.2064034969249622,-3.368094510666005,-1.8516443046310147,1.5727549292633858,-0.9543954533588165,-1.571937975870888,-0.40255316054029655,2.26944065339681,0.7272437580252041,3.03016272938591,-0.1966023476497443,-0.2130544230741726,-0.11874611455009727,-1.4670583405284745,1.1608165611427745,-0.49718445678453355,1.8432239602480596,-0.18417516782772236,-1.7252964740810937,0.7986121090204352,-0.34640795716696643,1.2262294842624597,-1.1451281645122515,-1.5082645040661684,-2.0744159832782296,0.5406068266384852,-1.697589557764483,0.09670421995604285,1.643915644230256,0.8124695820590283,-1.4185605418608978,0.6075117911652494,-0.10506870010973271,1.5866112456769983,1.0332161929072867,-0.9040357159573361,0.5539353090771366,-2.3755521428749895
0.6731041693231876,-0.7046558182928436,-1.0063595208947251,1.2314573824744484,1.3133187788036516,-0.21845855788028132,1.212263950691211,-2.0876444363680213,-1.777798841271898,1.3830765562026923,0.10477186354056323,-1.2516674087766038,-0.14598557368097742,1.2472990946062406,1.6368930872117575,2.439544945930655,-0.010470580751074033,0.7199066469664608,-0.06944070551257966,-1.1372250118142704,0.19880181069533934,-0.6027466710969519,1.5779982964163561,0.06539646651032266,-1.170231161335594,0.7780195248381133,-0.7690154399557697,0.4380349437971634,0.23686474775118332,-1.3903413263749094,-1.6949558947826324,-0.009901135841446645,-1.7572555242923393,-0.2733765180121091,1.0772682835239953,0.44634464449461014,-1.183657284206512,0.17943881342437354,-0.339633548191592,1.0332161929072867,1.059409112273541,-1.145106571303153,0.6268849551318338,-1.1581239811855306
0.22672559789963465,0.9689672264272404,1.5550230652967594,-1.3478185125890416,-1.0923051877820764,0.18281621651571925,-1.4641264042612765,1.6670966215000727,2.2615200103966364,-1.4277913524598531,-1.048388759434218,1.0962666373486236,-0.021930166418759448,-0.9013020671298562,-2.66009342073373,-2.5795715550717104,-0.29308967774422623,-1.5313455028168994,0.253812111167554,1.128413553460315,0.16029882420467745,0.9524662522700275,-1.8446397766274265,-0.24673886806103976,1.2252705454707054,-0.7157767541175111,1.1344662912352332,-0.19087818928627362,-0.8682770031028012,1.6298926017185014,1.723272946029148,0.189602999497784,2.19550284678891,0.5252935564229924,-1.046762795724065,-0.08824130416330296,1.3636151882208496,0.13589314754305168,0.5176116206998004,-0.9040357159573361,-1.145106571303153,1.818061741448408,-0.644980876562669,0.6833115862784505
0.19844412833777575,-0.46125141416431675,-0.6733295180645648,0.7127039451165385,0.6349881819578275,-0.10949136921414243,0.6572658894379162,-1.1152266504058579,-1.0391819415873096,0.7961475209965574,0.17437062021675306,-0.7621382427928601,-0.06844443140867454,0.6524528426571349,1.05328083602874,1.4646888154712137,0.05924654319819656,0.6093868771824114,0.011862589887116408,-0.6731053767347069,-0.08454301438705572,-0.36624708067322936,0.9010045520255943,0.08918519576789447,-0.6090448432979686,0.5400834696275263,-0.5332550108901289,0.08399970642754181,0.409726833978682,-0.7801117319545217,-0.9334147033582388,-0.09077086906532415,-1.0501846691341339,-0.19676473627092017,0.5667059277737202,0.24558866289087627,-0.6773770853960359,0.023667329661399658,-0.31659036551705017,0.5539353090771366,0.6268849551318338,-0.644980876562669,0.4193882228902293,-0.5012502602487201
-4.823784905221306,-0.03532920237711233,-0.5174491092660463,-1.1365726627620631,-3.378378702874816,0.8279106134539996,-1.3660447279805157,5.424774255118594,1.8372439375996736,-2.025257704159707,2.5169345981262117,2.013624987349984,0.7854131674419574,-4.001600305536005,0.5581855515807017,-3.9681285988656527,0.7209586387515149,1.5842376638910498,0.08592167822307989,2.041552607482855,-2.831904295611742,0.4803676365782727,-2.2735366344798984,0.4934571784471487,2.6436157868707957,-0.7355925219425965,-0.2233113448935204,-2.505549343462309,3.1689076313117264,1.6829961978654864,2.839966609754987,-1.5536982920722775,1.7208227380604526,-0.6245434745440713,-2.6066673321505003,-1.4485214401052808,1.7442753167452512,-1.1570131322157602,-0.4903506682096267,-2.3755521428749895,-1.1581239811855306,0.6833115862784505,-0.5012502602487201,4.408036438126182
