V1,V2,V3,V4,V5,V6,V7,V8,V9,V10,V11,V12,V13,V14,V15,V16,V17,V18,V19,V20,V21,V22,V23,V24,V25,V26,V27,V28,V29,V30,V31,V32,V33,V34,V35,V36,V37,V38,V39,V40,V41,V42,V43,V44
0.09025532025029637,-0.14635822450343813,0.2331889952196676,0.011504176728733231,-0.06087728751289288,-0.13424516778422468,-0.09214905869131892,0.04659737024788606,-0.10979233437037396,0.058706109520644936,-0.13397968718741518,0.0015057351122904788,0.1495301637911133,0.011250552496932935,0.06104284496197543,-0.09598466551064391,-0.06082983363734279,-0.09097950943296305,-0.021031388824197136,-0.19673134707011314,0.269078330638406,-0.05151013190871037,0.12816276247871608,0.0869930491425658,0.02932816129321767,-0.06955068820178606,0.20081158402193858,0.10672655249937672,0.03855069458666507,-0.02070824269134068,-0.011610819181669906,0.1852902953650578,0.07910978789527928,-0.07286146161789386,-0.08891456923745764,0.027290120138404612,0.03735851293262026,-0.11103223551164945,0.1165293400412664,-0.17099120844017582,-0.19443535171276946,0.19013558034911468,-0.2429099898302045,-0.0812807906761227
-0.14635822450343813,2.0493130336609,-0.7368564920478643,-0.40871526588072343,0.9033989470438483,-0.11362502026729779,0.6246002751847528,-0.9549399824256882,-0.6078828248194206,0.04492289586510719,-0.24786687374746938,1.2036379912953452,1.6456696502043884,-1.29662103772426,-0.45813140605992864,0.7056963385924738,0.5071492991197898,-1.2574615661935546,0.7467697121642672,-0.13031216420540714,2.0751274600035847,0.5158859737456779,0.325917045820854,0.13921621426329397,-0.07085640513780414,0.37283251136978407,1.0839793208278587,-0.6401811799552002,-0.16638628320239113,1.0053657622763585,1.4763673797429009,-0.5587693230958714,-1.0499640330759359,0.35056614272105385,1.0495630532740186,0.3415492023292817,-1.3362128369072643,-1.2486634459559025,-0.6018297381069679,-0.9551201682051018,0.21162262705121124,-0.08274719099354896,-0.2845805548877974,-0.1355429752945521
0.2331889952196676,-0.7368564920478643,1.1363684588486747,0.35099971686922193,-0.558378461863068,-0.2528365296899324,0.003151611428425388,0.2659876318247113,-0.25447990285627603,0.8619977861567776,-0.5675153924778076,-0.0757764845288238,0.5567357285382156,0.2689097525726523,0.13844956729086927,-1.0075225404316663,-0.16571950472938038,-0.39340899614106706,-0.40965264342495283,-0.9753333921107986,1.345315156695607,0.04434614684982612,0.5777507812684521,0.4344344432438864,0.34500868664562345,0.518430500549219,0.6862386218765535,0.8460501832689319,0.6508463213834151,0.023605754437668477,-0.5762496584298259,1.2624376454088158,0.9231607253444786,0.03245380421999435,-0.7563975512948793,0.8701766558370464,0.27753742948815663,0.4625563036551203,0.5036383040732993,-0.4620099782579518,0.01055190035106806,0.6257954202280558,-0.9070561833371441,-0.1065298923206844
0.011504176728733231,-0.40871526588072343,0.35099971686922193,0.2759817000288094,-0.38868672412273997,0.15787515040217875,0.23283820785888706,0.13479339246334163,0.12082187665074097,0.5174662036217144,-0.10037489871560405,-0.030467337456267143,-0.025866868175337836,0.2617430121756752,0.017125004003306996,-0.5325243805120916,0.04299144028790242,0.06866417970278436,-0.3153731830030233,-0.12292637960545395,0.3150779429041676,0.22668809556076505,0.11145185487823599,0.049334092390047324,0.11170547543526882,0.5231059618459645,-0.019902591314326822,0.4227844612927467,0.5078822896870696,0.017662716979748673,-0.49010149553990323,0.5594693562482868,0.571259747089155,0.16144428812476203,-0.4981907831771345,0.46704997627439204,0.14772340927973981,0.72411788414354,0.17888487674230374,0.1499950585144329,0.5691569670492749,0.041035945341075616,-0.022439282212778598,0.15541763523535926
-0.06087728751289288,0.9033989470438483,-0.558378461863068,-0.38868672412273997,0.6778471648135804,-0.22211288667013876,-0.1054596997869173,-0.3548604552266388,-0.2842130093984855,-0.5794751216299763,0.10821012767830379,0.271449743994517,0.3721296803744516,-0.5352453423216049,-0.12268620811155607,0.7531783935817568,0.050127847452225496,-0.3629003925988921,0.520809569509979,0.1208702705121267,0.009482080864898369,-0.19987854814719389,-0.031785902134748384,-0.040992467198085386,-0.1272274228930829,-0.5571784471442113,0.20702326118273595,-0.6121489960863417,-0.6533192154294183,0.16682939066663144,0.8762587885435424,-0.7923922880305798,-0.902589331209343,-0.11857951273737873,0.8079741629054202,-0.41730097106209657,-0.4323009072036007,-1.0888864396114173,-0.34066396704746005,-0.3457025425917983,-0.6782507228920719,-0.07175650300482929,-0.060566817598162,-0.22040281685944094
-0.13424516778422468,-0.11362502026729779,-0.2528365296899324,0.15787515040217875,-0.22211288667013876,0.4179553264361931,0.2919829068253059,0.0348440634094342,0.37253866904591243,0.16119335588461645,0.21059431994780464,-0.023374900821380034,-0.44947341739049523,0.19091787288930456,-0.06320243536190545,-0.10891007454059913,0.16066856901646376,0.3892821940959682,-0.19675955732079814,0.44792652377618525,-0.4597851801021476,0.3058621112929395,-0.2579471846585081,-0.20275599523905222,-0.06385733845757369,0.4387422259327135,-0.48606969641353215,0.04538145412764383,0.30637818090293856,0.00876278388146266,-0.35272037301884185,-0.011523949770987574,0.2474862782530074,0.21605204811222098,-0.22438618645118474,0.07114527151420054,0.04777669460786479,0.7557147696809032,-0.07725246466002515,0.5252674537688032,0.8542369556234166,-0.3635864911470218,0.6006868868338209,0.3076175296627953
-0.09214905869131892,0.6246002751847528,0.003151611428425388,0.23283820785888706,-0.1054596997869173,0.2919829068253059,1.0446524559625612,-0.47365330235511,-0.13015684929439753,0.948829846215543,-0.22888159539358716,0.940060143055142,1.0342805079268196,-0.37894950098179603,-0.2706255116857458,-0.34448378541969954,0.5588194884751183,-0.5683697064647075,-0.04701841541235162,0.09474374083242794,1.8973692817112509,0.9467475246913623,0.37654570842474877,-0.008790848136181487,-0.006768444451724127,1.1712847443531524,0.5613179352118072,0.2629838820742532,0.9242569140647685,0.7275205655503117,0.1574976707515556,0.49900777019253983,0.21856292111308367,0.553662867594619,-0.23653931451899102,0.9172000432709486,-0.7582442425378069,0.5700159835189824,-0.08504408259383507,-0.19400118335001176,1.4183821659561051,-0.0919707497544723,-0.007393915692338669,0.27952850524342254
0.04659737024788606,-0.9549399824256882,0.2659876318247113,0.13479339246334163,-0.3548604552266388,0.0348440634094342,-0.47365330235511,0.5085961206314524,0.3232360727444424,-0.20361331721277096,0.17579849836219913,-0.7503350734861757,-0.9687078926011471,0.6339937840890568,0.2231124583152846,-0.25426274874064697,-0.3348500693778535,0.6540504798708889,-0.3228503318009555,0.014803493464827427,-1.3498593124132638,-0.424897648291877,-0.25080775659831334,-0.04611394311473963,0.06484637596802936,-0.33176614812619454,-0.6315733723240675,0.21468294797353127,-0.13455545508627478,-0.5712461560628581,-0.6941760529019507,0.12041607243814809,0.4267598588265697,-0.2283241922270027,-0.37718669913806546,-0.2775595707524427,0.7452306433368406,0.47861269187565053,0.23350426979975722,0.48552485267486967,-0.32539532271571614,0.0018523234127636864,0.16995885698232457,0.02261227282573268
-0.10979233437037396,-0.6078828248194206,-0.25447990285627603,0.12082187665074097,-0.2842130093984855,0.37253866904591243,-0.13015684929439753,0.3232360727444424,0.5543840312158617,-0.24580445427460593,0.41144061408562166,-0.5208784457185599,-1.1390750725992704,0.5271688581020105,0.09097153341147364,-0.0028071565989656825,-0.08008511168524307,0.8540335997153433,-0.266891432008761,0.5928598056666198,-1.6088236425596758,-0.08566032449647215,-0.4993645232428366,-0.29495108060747055,-0.10000005856950224,-0.07540205964324548,-0.9563601558927052,-0.0212687926920918,-0.02599498915684893,-0.413070206982348,-0.6013843982907808,-0.22819894215997502,0.24768947408061887,-0.02618164318389527,-0.25704818516767847,-0.38686774745679653,0.49501842163436427,0.756437808686354,0.005998990351442753,0.83172743804044,0.3672960441122656,-0.4001643152607404,0.7666762440466223,0.25875276759580357
0.058706109520644936,0.04492289586510719,0.8619977861567776,0.5174662036217144,-0.5794751216299763,0.16119335588461645,0.948829846215543,-0.20361331721277096,-0.24580445427460593,1.6142008093360483,-0.677862033948732,0.7271313815498097,1.3105774287041452,-0.1431401494932932,-0.18298308989187925,-1.2051514596115405,0.37093259912406074,-0.8369118719799699,-0.4170596900134904,-0.785424940918121,2.774275046080564,0.9219114936941207,0.7418710085973859,0.39314635114839175,0.33830135009399986,1.6729352317980775,1.0201608949241536,0.9385371638357545,1.3908955303389836,0.7219383699773774,-0.4050805351732602,1.5151468531663637,1.0436685931541967,0.6082078026040736,-0.8232471804196175,1.6506834707635012,-0.4382120415731078,1.0339896770309402,0.2699363447661954,-0.5149524145799164,1.4745024339067665,0.34829482543285467,-0.6569817127069012,0.22099744406933494
-0.13397968718741518,-0.24786687374746938,-0.5675153924778076,-0.10037489871560405,0.10821012767830379,0.21059431994780464,-0.22888159539358716,0.17579849836219913,0.41144061408562166,-0.677862033948732,0.5683842007139798,-0.43627191722644004,-1.0700851159766596,0.3381269846877009,0.07306995539991239,0.48717302208957086,-0.08462603160642548,0.7768190806069541,0.024113619694647825,0.7989583044816638,-1.9003519316018167,-0.2868453410927567,-0.5412679439307021,-0.39718118978886696,-0.22188640828437922,-0.58958947332189,-0.9826194400781864,-0.3872674435980448,-0.4693074176335594,-0.44170631658577747,-0.13530860423895283,-0.7725239905415868,-0.31868162412778256,-0.17457323868734903,0.1807723990872415,-0.7641833065432199,0.33435299709422855,0.12685917522768742,-0.14865960984333987,0.7455646120003993,-0.1746204229011221,-0.44628803663323646,0.7680641930364721,0.11543025576369416
0.0015057351122904788,1.2036379912953452,-0.0757764845288238,-0.030467337456267143,0.271449743994517,-0.023374900821380034,0.940060143055142,-0.7503350734861757,-0.5208784457185599,0.7271313815498097,-0.43627191722644004,1.3094579046853037,1.7133524391427877,-0.8812717676651582,-0.31062264984761395,0.048009074252210224,0.5936579468909284,-1.0629731362850805,0.3194692941801476,-0.12041635302652938,2.6769441206941207,0.9012002105316899,0.5729248973469581,0.11615898367248009,-0.07222518215391871,0.8514415995582454,1.1665688877626919,-0.01901804603433987,0.6474457779072684,0.9664524015243535,0.8421920263800334,0.2782602214596083,-0.30204664483187693,0.44230884359544753,0.20722041886814846,0.7296173627643466,-1.170953013516981,-0.3689893085275446,-0.17919892081538416,-0.7921260254869379,0.8774926052159464,0.13884765436262256,-0.40307881201541185,0.03744560500864319
0.1495301637911133,1.6456696502043884,0.5567357285382156,-0.025866868175337836,0.3721296803744516,-0.44947341739049523,1.0342805079268196,-0.9687078926011471,-1.1390750725992704,1.3105774287041452,-1.0700851159766596,1.7133524391427877,3.0236230172904586,-1.3407833988200457,-0.39851293112723196,-0.37988581560768525,0.5805577674135758,-2.1185677615991447,0.4264007696016112,-1.2097482041635812,4.7463939254302305,0.9610736522567459,1.2480256128065537,0.6417384549554344,0.24008109825633006,1.2312003584990476,2.3663889753064518,0.3135061702352594,0.86476941601111,1.4153105513500355,1.1981886889520486,0.98374539169702,-0.1630504524632237,0.534772544041493,0.24444536403401904,1.5570725502013816,-1.5280595799792305,-0.9179221014899461,-0.060747239972423026,-1.8115358352423236,0.5458199445668575,0.722464687026739,-1.5014980681456653,-0.25362685201753593
0.011250552496932935,-1.29662103772426,0.2689097525726523,0.2617430121756752,-0.5352453423216049,0.19091787288930456,-0.37894950098179603,0.6339937840890568,0.5271688581020105,-0.1431401494932932,0.3381269846877009,-0.8812717676651582,-1.3407833988200457,0.9189575445185852,0.2682760764660986,-0.3679641785609856,-0.3189345822433548,0.9822075213722837,-0.49007324684096387,0.2920563631676311,-1.8305767643361126,-0.3722390048316027,-0.3600536292976509,-0.19489296207133894,0.02124262288927364,-0.269517909523408,-0.9986104847844575,0.3198091608440137,0.010612942808523686,-0.7217794616533076,-1.0064234191816428,0.1530948362448191,0.6173832311580193,-0.20413029493497645,-0.6125364429784224,-0.29961456042875406,0.9271079805371265,0.9388965424224319,0.29661900022684873,0.8546613161237493,-0.055812282782810224,-0.1307253467710798,0.43276591166037975,0.15564793132350677
0.06104284496197543,-0.45813140605992864,0.13844956729086927,0.017125004003306996,-0.12268620811155607,-0.06320243536190545,-0.2706255116857458,0.2231124583152846,0.09097153341147364,-0.18298308989187925,0.07306995539991239,-0.31062264984761395,-0.39851293112723196,0.2682760764660986,0.13813970245777768,-0.02334172998067481,-0.1667359803562004,0.2988510895132357,-0.09592438512335445,0.04085819584379088,-0.6099512539389229,-0.23321707213571172,-0.09146693837289416,-0.04025490265880992,-0.018850637431593837,-0.3157559650288471,-0.23907141744802804,0.05226895438831762,-0.12355194860155838,-0.2889135451669494,-0.2286897305288691,-0.0022326052903154717,0.0983598481968367,-0.17571646400332286,-0.13523269843964433,-0.25890692851954367,0.31911327326780115,0.05223700257365915,0.1341721263351118,0.16705131745420715,-0.31538870232507393,0.05908420686863014,0.022197757782594293,-0.04026242864876908
-0.09598466551064391,0.7056963385924738,-1.0075225404316663,-0.5325243805120916,0.7531783935817568,-0.10891007454059913,-0.34448378541969954,-0.25426274874064697,-0.0028071565989656825,-1.2051514596115405,0.48717302208957086,0.048009074252210224,-0.37988581560768525,-0.3679641785609856,-0.02334172998067481,1.2746737772827343,0.011726560057240999,0.269633086988473,0.6072890095173972,0.8272848093873373,-1.3282994670967352,-0.35660202132366825,-0.4646112292959905,-0.3737236469249944,-0.4027669521844098,-1.1397365479353665,-0.43610624155865363,-0.9907082870974306,-1.00997965179067,-0.14826421124749822,0.8928168615777199,-1.4299722928801812,-1.2499653307664935,-0.31542351657289835,0.9655684949197078,-1.241191757751403,-0.26591714514267856,-1.1785853197246814,-0.41917037162551907,0.14102710269100782,-0.8518888814116807,-0.3537178740760786,0.5415410185898913,-0.1552404989608877
-0.06082983363734279,0.5071492991197898,-0.16571950472938038,0.04299144028790242,0.050127847452225496,0.16066856901646376,0.5588194884751183,-0.3348500693778535,-0.08008511168524307,0.37093259912406074,-0.08462603160642548,0.5936579468909284,0.5805577674135758,-0.3189345822433548,-0.1667359803562004,0.011726560057240999,0.3442241112688856,-0.30431154321427334,0.07823431298034926,0.18139584440020504,0.9792929421674882,0.5340805263734038,0.14444576109677562,-0.05591580375776414,-0.0776292385046014,0.5326482474598591,0.302381938792695,-0.013466287878966435,0.4035155110674646,0.43380011501239457,0.2565603780066986,0.07809564613624924,-0.07239895639186816,0.2837998432931495,0.01823749871196579,0.32859436505572653,-0.5202689803155669,0.12910296097122123,-0.11951592305937658,-0.12141506769443483,0.7384819693181539,-0.10388672608908461,0.08729266018295972,0.14457562518676897
-0.09097950943296305,-1.2574615661935546,-0.39340899614106706,0.06866417970278436,-0.3629003925988921,0.3892821940959682,-0.5683697064647075,0.6540504798708889,0.8540335997153433,-0.8369118719799699,0.7768190806069541,-1.0629731362850805,-2.1185677615991447,0.9822075213722837,0.2988510895132357,0.269633086988473,-0.30431154321427334,1.6040248170035318,-0.33889376779545216,1.0860355153589114,-3.2505826285769905,-0.48386659180964675,-0.8827476687896667,-0.5589428964155306,-0.26931880448013096,-0.7886864237343753,-1.7042470666034275,-0.1885273801153764,-0.41216305449766305,-0.9654688637322189,-0.888764219461304,-0.6491754196785706,0.15461264808319392,-0.33713320972206273,-0.30808882694736467,-1.1449636831965506,1.0027358808765099,0.8193074377352185,0.09365558280391129,1.3821362517256643,-0.10486433457690339,-0.545811338442358,1.1865454542577079,0.26190672222190114
-0.021031388824197136,0.7467697121642672,-0.40965264342495283,-0.3153731830030233,0.520809569509979,-0.19675955732079814,-0.04701841541235162,-0.3228503318009555,-0.266891432008761,-0.4170596900134904,0.024113619694647825,0.3194692941801476,0.4264007696016112,-0.49007324684096387,-0.09592438512335445,0.6072890095173972,0.07823431298034926,-0.33889376779545216,0.4357396618350647,0.09448292835674578,0.24016031754359157,-0.07750956281691833,0.015261703209056374,-0.02162318675939131,-0.1284386406560169,-0.41039649319690624,0.2845857475092422,-0.4797611301587983,-0.44737861303869425,0.19490024739530468,0.7496695060758778,-0.5768568256392388,-0.7266676052255091,-0.08319541222821654,0.622172753290321,-0.33586551556422883,-0.4242242808377038,-0.9121836270269161,-0.24622992047803383,-0.35541279883042193,-0.4833354456950723,-0.01355943315661834,-0.09002431725876332,-0.1793597763769472
-0.19673134707011314,-0.13031216420540714,-0.9753333921107986,-0.12292637960545395,0.1208702705121267,0.44792652377618525,0.09474374083242794,0.014803493464827427,0.5928598056666198,-0.785424940918121,0.7989583044816638,-0.12041635302652938,-1.2097482041635812,0.2920563631676311,0.04085819584379088,0.8272848093873373,0.18139584440020504,1.0860355153589114,0.09448292835674578,1.5525560500270836,-2.1343332424920454,0.07763536835161232,-0.739769511690298,-0.7339639604967327,-0.5153164373577444,-0.5708010952671775,-1.2709969324193515,-0.6153670994311572,-0.31109589228653667,-0.36033831561064,-0.010721061510982427,-1.1177550146400959,-0.5577648861968986,-0.08881953188919169,0.1970403306557994,-1.1102874929345041,0.07552431978483509,0.3025803130684409,-0.24559486788232143,1.0896834086154137,0.384730707024646,-0.7391246730612359,1.3215588538195,0.3154809835357495
0.269078330638406,2.0751274600035847,1.345315156695607,0.3150779429041676,0.009482080864898369,-0.4597851801021476,1.8973692817112509,-1.3498593124132638,-1.6088236425596758,2.774275046080564,-1.9003519316018167,2.6769441206941207,4.7463939254302305,-1.8305767643361126,-0.6099512539389229,-1.3282994670967352,0.9792929421674882,-3.2505826285769905,0.24016031754359157,-2.1343332424920454,8.029377955448691,1.8844819938899775,2.07986879279711,1.1231975463963826,0.5308014849959377,2.740384614434802,3.7808696989543704,1.0592540226083054,2.09538636469448,2.308558522550076,1.2211368955125081,2.367097811329987,0.5676312695698257,1.0852120910494198,-0.2968522082710505,3.0608239317429495,-2.2389156762655116,-0.46962867687072324,0.13957811425561262,-2.7102929090957204,1.7420794127521102,1.2035020947284254,-2.3682013757387272,-0.16973119660694336
-0.05151013190871037,0.5158859737456779,0.04434614684982612,0.22668809556076505,-0.19987854814719389,0.3058621112929395,0.9467475246913623,-0.424897648291877,-0.08566032449647215,0.9219114936941207,-0.2868453410927567,0.9012002105316899,0.9610736522567459,-0.3722390048316027,-0.23321707213571172,-0.35660202132366825,0.5340805263734038,-0.48386659180964675,-0.07750956281691833,0.07763536835161232,1.8844819938899775,0.9717145723065275,0.3240475014287586,0.01063934026168091,-0.02709880389620984,1.1730324533666863,0.5824349390194722,0.2766118924570939,0.963126075069796,0.7072734695630815,0.09395267242404436,0.5662221593954341,0.29276966737179005,0.5304750841385458,-0.3017959802777343,0.8142510734320619,-0.71535513358793,0.5907501178685082,-0.04019775756940816,-0.20386408879793738,1.4640906610575346,-0.06047050393474936,0.02720449834015038,0.29232607201483773
0.12816276247871608,0.325917045820854,0.5777507812684521,0.11145185487823599,-0.031785902134748384,-0.2579471846585081,0.37654570842474877,-0.25080775659831334,-0.4993645232428366,0.7418710085973859,-0.5412679439307021,0.5729248973469581,1.2480256128065537,-0.3600536292976509,-0.09146693837289416,-0.4646112292959905,0.14444576109677562,-0.8827476687896667,0.015261703209056374,-0.739769511690298,2.07986879279711,0.3240475014287586,0.6509663339985328,0.35655208066697575,0.20048265395656636,0.5692170233068229,1.0384795352975253,0.3927827487782706,0.4986162043368571,0.48615328169827565,0.2387506202705032,0.7442207815327864,0.23033591605835807,0.18558263269603353,-0.15697180093648305,0.8466146328398705,-0.4359791405134574,-0.17945177888274866,0.1458593507695019,-0.7764350134666416,0.1438999296751819,0.46567995358028896,-0.847251056942619,-0.134528173574862
0.0869930491425658,0.13921621426329397,0.4344344432438864,0.049334092390047324,-0.040992467198085386,-0.20275599523905222,-0.008790848136181487,-0.04611394311473963,-0.29495108060747055,0.39314635114839175,-0.39718118978886696,0.11615898367248009,0.6417384549554344,-0.19489296207133894,-0.04025490265880992,-0.3737236469249944,-0.05591580375776414,-0.5589428964155306,-0.02162318675939131,-0.7339639604967327,1.1231975463963826,0.01063934026168091,0.35655208066697575,0.35696504445886573,0.2387881048772259,0.31733978243550515,0.65232569827963,0.27570866904075086,0.1698421190394574,0.22440737860410767,0.0493387354548185,0.5268837787783391,0.24025069384079262,0.06841401546176816,-0.0710593117904034,0.5452466091283452,-0.09804767625078732,-0.16539824165811307,0.09603334882388685,-0.5537714783097344,-0.126438545775576,0.34307491717611593,-0.6238621320359549,-0.14411414471348283
0.02932816129321767,-0.07085640513780414,0.34500868664562345,0.11170547543526882,-0.1272274228930829,-0.06385733845757369,-0.006768444451724127,0.06484637596802936,-0.10000005856950224,0.33830135009399986,-0.22188640828437922,-0.07222518215391871,0.24008109825633006,0.02124262288927364,-0.018850637431593837,-0.4027669521844098,-0.0776292385046014,-0.26931880448013096,-0.1284386406560169,-0.5153164373577444,0.5308014849959377,-0.02709880389620984,0.20048265395656636,0.2387881048772259,0.21855714299411266,0.3104231766873821,0.279308540301828,0.2865915370225592,0.1657100736089298,0.07200138927316878,-0.1781867502366133,0.44324730616053487,0.3350512509636828,0.07488457703874825,-0.165353134415685,0.4721413608149124,0.0856473092286685,0.14817249431411608,0.09047890322261692,-0.2261362367972178,0.012358656460265594,0.18299312818894625,-0.35719347315994543,-0.04553139876326659
-0.06955068820178606,0.37283251136978407,0.518430500549219,0.5231059618459645,-0.5571784471442113,0.4387422259327135,1.1712847443531524,-0.33176614812619454,-0.07540205964324548,1.6729352317980775,-0.58958947332189,0.8514415995582454,1.2312003584990476,-0.269517909523408,-0.3157559650288471,-1.1397365479353665,0.5326482474598591,-0.7886864237343753,-0.41039649319690624,-0.5708010952671775,2.740384614434802,1.1730324533666863,0.5692170233068229,0.31733978243550515,0.3104231766873821,2.0388692411343277,0.8686990082474302,0.8221230117685133,1.5001714570703133,0.8989193916582597,-0.3878137525772317,1.380788654748351,1.0282028384787123,0.8147632802019005,-0.7370569422789287,1.732455009606606,-0.6093281615187913,1.2901321640841912,0.07653522642434217,-0.3414609988320674,2.0594980604801894,0.06774416414204691,-0.2765641080058456,0.3993280403393122
0.20081158402193858,1.0839793208278587,0.6862386218765535,-0.019902591314326822,0.20702326118273595,-0.48606969641353215,0.5613179352118072,-0.6315733723240675,-0.9563601558927052,1.0201608949241536,-0.9826194400781864,1.1665688877626919,2.3663889753064518,-0.9986104847844575,-0.23907141744802804,-0.43610624155865363,0.302381938792695,-1.7042470666034275,0.2845857475092422,-1.2709969324193515,3.7808696989543704,0.5824349390194722,1.0384795352975253,0.65232569827963,0.279308540301828,0.8686990082474302,1.999913471587926,0.3586050363359972,0.6220644373304007,1.0197728634654644,0.8390822578012911,0.9699259977780742,0.01607112445237762,0.31983710702837587,0.11587267664161847,1.2294750807061434,-1.0287793188453869,-0.8248603637449541,0.06560381533002871,-1.5829831290872842,0.12952639630786397,0.7555390725432652,-1.4229161760524807,-0.2996588654576993
0.10672655249937672,-0.6401811799552002,0.8460501832689319,0.4227844612927467,-0.6121489960863417,0.04538145412764383,0.2629838820742532,0.21468294797353127,-0.0212687926920918,0.9385371638357545,-0.3872674435980448,-0.01901804603433987,0.3135061702352594,0.3198091608440137,0.05226895438831762,-0.9907082870974306,-0.013466287878966435,-0.1885273801153764,-0.4797611301587983,-0.6153670994311572,1.0592540226083054,0.2766118924570939,0.3927827487782706,0.27570866904075086,0.2865915370225592,0.8221230117685133,0.3586050363359972,0.7993045026838848,0.8097090210049177,0.08785318865312695,-0.7037309928034209,1.1401484617624997,0.9759897660070784,0.20809017331407195,-0.8018105070495121,0.9200730761763137,0.21482902412933486,0.8993221963934096,0.3758114100045656,-0.11768939157123864,0.6078209335510559,0.3248394103728428,-0.4613170317894918,0.10409458734625149
0.03855069458666507,-0.16638628320239113,0.6508463213834151,0.5078822896870696,-0.6533192154294183,0.30637818090293856,0.9242569140647685,-0.13455545508627478,-0.02599498915684893,1.3908955303389836,-0.4693074176335594,0.6474457779072684,0.86476941601111,0.010612942808523686,-0.12355194860155838,-1.00997965179067,0.4035155110674646,-0.41216305449766305,-0.44737861303869425,-0.31109589228653667,2.09538636469448,0.963126075069796,0.4986162043368571,0.1698421190394574,0.1657100736089298,1.5001714570703133,0.6220644373304007,0.8097090210049177,1.3660824211233307,0.5665163367877658,-0.5133285247819066,1.2711587598027108,0.978857780834608,0.5556247388330864,-0.8765455619925552,1.2562305295854532,-0.3467541508040416,1.2099786167912547,0.2655272449624846,-0.1538288533195505,1.6335332191237113,0.16187493827809218,-0.2392816218793955,0.3336108291259554
-0.02070824269134068,1.0053657622763585,0.023605754437668477,0.017662716979748673,0.16682939066663144,0.00876278388146266,0.7275205655503117,-0.5712461560628581,-0.413070206982348,0.7219383699773774,-0.44170631658577747,0.9664524015243535,1.4153105513500355,-0.7217794616533076,-0.2889135451669494,-0.14826421124749822,0.43380011501239457,-0.9654688637322189,0.19490024739530468,-0.36033831561064,2.308558522550076,0.7072734695630815,0.48615328169827565,0.22440737860410767,0.07200138927316878,0.8989193916582597,1.0197728634654644,0.08785318865312695,0.5665163367877658,0.8265285932909577,0.5716340098844979,0.39870120555611643,-0.0725043113386378,0.4273355126311103,0.13175036062908088,0.8242943733364885,-0.8865383318143757,-0.1867094353259654,-0.1548894821197682,-0.7140824956802729,0.7817321778745587,0.13352753354261312,-0.4163330558605114,0.03406535399853001
-0.011610819181669906,1.4763673797429009,-0.5762496584298259,-0.49010149553990323,0.8762587885435424,-0.35272037301884185,0.1574976707515556,-0.6941760529019507,-0.6013843982907808,-0.4050805351732602,-0.13530860423895283,0.8421920263800334,1.1981886889520486,-1.0064234191816428,-0.2286897305288691,0.8928168615777199,0.2565603780066986,-0.888764219461304,0.7496695060758778,-0.010721061510982427,1.2211368955125081,0.09395267242404436,0.2387506202705032,0.0493387354548185,-0.1781867502366133,-0.3878137525772317,0.8390822578012911,-0.7037309928034209,-0.5133285247819066,0.5716340098844979,1.389782933966963,-0.7422334045657434,-1.166240903172436,-0.017441402095481062,1.0100527554830472,-0.24907572080304313,-0.9630583707382815,-1.5469413703225712,-0.4100089340424882,-0.8399416146094129,-0.5760099043411157,0.07935167439172414,-0.35464654168914006,-0.2969294463321268
0.1852902953650578,-0.5587693230958714,1.2624376454088158,0.5594693562482868,-0.7923922880305798,-0.011523949770987574,0.49900777019253983,0.12041607243814809,-0.22819894215997502,1.5151468531663637,-0.7725239905415868,0.2782602214596083,0.98374539169702,0.1530948362448191,-0.0022326052903154717,-1.4299722928801812,0.07809564613624924,-0.6491754196785706,-0.5768568256392388,-1.1177550146400959,2.367097811329987,0.5662221593954341,0.7442207815327864,0.5268837787783391,0.44324730616053487,1.380788654748351,0.9699259977780742,1.1401484617624997,1.2711587598027108,0.39870120555611643,-0.7422334045657434,1.7708735428991402,1.3292738068141365,0.3870395734550592,-1.0464574128396433,1.5253347435749296,0.014310077151558055,1.041560628354742,0.5027451243714942,-0.5337063935972982,0.9597378560841342,0.5876975261556077,-0.9032131457988177,0.09744596046949519
0.07910978789527928,-1.0499640330759359,0.9231607253444786,0.571259747089155,-0.902589331209343,0.2474862782530074,0.21856292111308367,0.4267598588265697,0.24768947408061887,1.0436685931541967,-0.31868162412778256,-0.30204664483187693,-0.1630504524632237,0.6173832311580193,0.0983598481968367,-1.2499653307664935,-0.07239895639186816,0.15461264808319392,-0.7266676052255091,-0.5577648861968986,0.5676312695698257,0.29276966737179005,0.23033591605835807,0.24025069384079262,0.3350512509636828,1.0282028384787123,0.01607112445237762,0.9759897660070784,0.978857780834608,-0.0725043113386378,-1.166240903172436,1.3292738068141365,1.3585513245951768,0.2570001079715449,-1.0974201367923544,0.9745144040139836,0.5135959715866951,1.467485520412713,0.4526999104381625,0.2192157013045325,0.944988564272833,0.21234803122763998,-0.20886889571350548,0.253219471947831
-0.07286146161789386,0.35056614272105385,0.03245380421999435,0.16144428812476203,-0.11857951273737873,0.21605204811222098,0.553662867594619,-0.2283241922270027,-0.02618164318389527,0.6082078026040736,-0.17457323868734903,0.44230884359544753,0.534772544041493,-0.20413029493497645,-0.17571646400332286,-0.31542351657289835,0.2837998432931495,-0.33713320972206273,-0.08319541222821654,-0.08881953188919169,1.0852120910494198,0.5304750841385458,0.18558263269603353,0.06841401546176816,0.07488457703874825,0.8147632802019005,0.31983710702837587,0.20809017331407195,0.5556247388330864,0.4273355126311103,-0.017441402095481062,0.3870395734550592,0.2570001079715449,0.3649729753067947,-0.16917850478799956,0.6426820161042485,-0.36590260633189564,0.4419781591735894,-0.05917312165871021,-0.11467915513833986,0.8995791218337716,-0.06726850955969214,-0.004025320211791932,0.18259559567580194
-0.08891456923745764,1.0495630532740186,-0.7563975512948793,-0.4981907831771345,0.8079741629054202,-0.22438618645118474,-0.23653931451899102,-0.37718669913806546,-0.25704818516767847,-0.8232471804196175,0.1807723990872415,0.20722041886814846,0.24444536403401904,-0.6125364429784224,-0.13523269843964433,0.9655684949197078,0.01823749871196579,-0.30808882694736467,0.622172753290321,0.1970403306557994,-0.2968522082710505,-0.3017959802777343,-0.15697180093648305,-0.0710593117904034,-0.165353134415685,-0.7370569422789287,0.11587267664161847,-0.8018105070495121,-0.8765455619925552,0.13175036062908088,1.0100527554830472,-1.0464574128396433,-1.0974201367923544,-0.16917850478799956,1.008949267794568,-0.6357066558719376,-0.4378557625942901,-1.3003734619447842,-0.43732139192336544,-0.3270323936698274,-0.8393071624949674,-0.15119747052808014,0.05120968824975427,-0.24819832848082496
0.027290120138404612,0.3415492023292817,0.8701766558370464,0.46704997627439204,-0.41730097106209657,0.07114527151420054,0.9172000432709486,-0.2775595707524427,-0.38686774745679653,1.6506834707635012,-0.7641833065432199,0.7296173627643466,1.5570725502013816,-0.29961456042875406,-0.25890692851954367,-1.241191757751403,0.32859436505572653,-1.1449636831965506,-0.33586551556422883,-1.1102874929345041,3.0608239317429495,0.8142510734320619,0.8466146328398705,0.5452466091283452,0.4721413608149124,1.732455009606606,1.2294750807061434,0.9200730761763137,1.2562305295854532,0.8242943733364885,-0.24907572080304313,1.5253347435749296,0.9745144040139836,0.6426820161042485,-0.6357066558719376,1.8803486377284713,-0.505056367970234,0.8073928330961755,0.1828832844799724,-0.7511100562213381,1.2738807742816138,0.4057297190630309,-0.8921396771978255,0.12757516508205358
0.03735851293262026,-1.3362128369072643,0.27753742948815663,0.14772340927973981,-0.4323009072036007,0.04777669460786479,-0.7582442425378069,0.7452306433368406,0.49501842163436427,-0.4382120415731078,0.33435299709422855,-1.170953013516981,-1.5280595799792305,0.9271079805371265,0.31911327326780115,-0.26591714514267856,-0.5202689803155669,1.0027358808765099,-0.4242242808377038,0.07552431978483509,-2.2389156762655116,-0.71535513358793,-0.4359791405134574,-0.09804767625078732,0.0856473092286685,-0.6093281615187913,-1.0287793188453869,0.21482902412933486,-0.3467541508040416,-0.8865383318143757,-0.9630583707382815,0.014310077151558055,0.5135959715866951,-0.36590260633189564,-0.4378557625942901,-0.505056367970234,1.123485141714894,0.6091836889717527,0.28577859110998666,0.7607178693604272,-0.6017178371478329,-0.0579889379464308,0.31177546977979476,0.015359550228952943
-0.11103223551164945,-1.2486634459559025,0.4625563036551203,0.72411788414354,-1.0888864396114173,0.7557147696809032,0.5700159835189824,0.47861269187565053,0.756437808686354,1.0339896770309402,0.12685917522768742,-0.3689893085275446,-0.9179221014899461,0.9388965424224319,0.05223700257365915,-1.1785853197246814,0.12910296097122123,0.8193074377352185,-0.9121836270269161,0.3025803130684409,-0.46962867687072324,0.5907501178685082,-0.17945177888274866,-0.16539824165811307,0.14817249431411608,1.2901321640841912,-0.8248603637449541,0.8993221963934096,1.2099786167912547,-0.1867094353259654,-1.5469413703225712,1.041560628354742,1.467485520412713,0.4419781591735894,-1.3003734619447842,0.8073928330961755,0.6091836889717527,2.3330211936500675,0.3363744854420078,1.0497108264047255,1.8476913762726686,-0.33045351475589557,0.6905317390147464,0.6308498380217673
0.1165293400412664,-0.6018297381069679,0.5036383040732993,0.17888487674230374,-0.34066396704746005,-0.07725246466002515,-0.08504408259383507,0.23350426979975722,0.005998990351442753,0.2699363447661954,-0.14865960984333987,-0.17919892081538416,-0.060747239972423026,0.29661900022684873,0.1341721263351118,-0.41917037162551907,-0.11951592305937658,0.09365558280391129,-0.24622992047803383,-0.24559486788232143,0.13957811425561262,-0.04019775756940816,0.1458593507695019,0.09603334882388685,0.09047890322261692,0.07653522642434217,0.06560381533002871,0.3758114100045656,0.2655272449624846,-0.1548894821197682,-0.4100089340424882,0.5027451243714942,0.4526999104381625,-0.05917312165871021,-0.43732139192336544,0.1828832844799724,0.28577859110998666,0.3363744854420078,0.2857548072581176,0.0011147225421369263,-0.025322846330524177,0.23282467748970623,-0.2485626105664895,-0.013272574241975981
-0.17099120844017582,-0.9551201682051018,-0.4620099782579518,0.1499950585144329,-0.3457025425917983,0.5252674537688032,-0.19400118335001176,0.48552485267486967,0.83172743804044,-0.5149524145799164,0.7455646120003993,-0.7921260254869379,-1.8115358352423236,0.8546613161237493,0.16705131745420715,0.14102710269100782,-0.12141506769443483,1.3821362517256643,-0.35541279883042193,1.0896834086154137,-2.7102929090957204,-0.20386408879793738,-0.7764350134666416,-0.5537714783097344,-0.2261362367972178,-0.3414609988320674,-1.5829831290872842,-0.11768939157123864,-0.1538288533195505,-0.7140824956802729,-0.8399416146094129,-0.5337063935972982,0.2192157013045325,-0.11467915513833986,-0.3270323936698274,-0.7511100562213381,0.7607178693604272,1.0497108264047255,0.0011147225421369263,1.3571798282667848,0.38599012338383865,-0.6396593352253575,1.2169637921448475,0.36866244623422284
-0.19443535171276946,0.21162262705121124,0.01055190035106806,0.5691569670492749,-0.6782507228920719,0.8542369556234166,1.4183821659561051,-0.32539532271571614,0.3672960441122656,1.4745024339067665,-0.1746204229011221,0.8774926052159464,0.5458199445668575,-0.055812282782810224,-0.31538870232507393,-0.8518888814116807,0.7384819693181539,-0.10486433457690339,-0.4833354456950723,0.384730707024646,1.7420794127521102,1.4640906610575346,0.1438999296751819,-0.126438545775576,0.012358656460265594,2.0594980604801894,0.12952639630786397,0.6078209335510559,1.6335332191237113,0.7817321778745587,-0.5760099043411157,0.9597378560841342,0.944988564272833,0.8995791218337716,-0.8393071624949674,1.2738807742816138,-0.6017178371478329,1.8476913762726686,-0.025322846330524177,0.38599012338383865,2.7779431055856634,-0.41175797436518413,0.6086150048306329,0.7166269538841755
0.19013558034911468,-0.08274719099354896,0.6257954202280558,0.041035945341075616,-0.07175650300482929,-0.3635864911470218,-0.0919707497544723,0.0018523234127636864,-0.4001643152607404,0.34829482543285467,-0.44628803663323646,0.13884765436262256,0.722464687026739,-0.1307253467710798,0.05908420686863014,-0.3537178740760786,-0.10388672608908461,-0.545811338442358,-0.01355943315661834,-0.7391246730612359,1.2035020947284254,-0.06047050393474936,0.46567995358028896,0.34307491717611593,0.18299312818894625,0.06774416414204691,0.7555390725432652,0.3248394103728428,0.16187493827809218,0.13352753354261312,0.07935167439172414,0.5876975261556077,0.21234803122763998,-0.06726850955969214,-0.15119747052808014,0.4057297190630309,-0.0579889379464308,-0.33045351475589557,0.23282467748970623,-0.6396593352253575,-0.41175797436518413,0.5172809426187047,-0.8057059856866298,-0.2317544526960493
-0.2429099898302045,-0.2845805548877974,-0.9070561833371441,-0.022439282212778598,-0.060566817598162,0.6006868868338209,-0.007393915692338669,0.16995885698232457,0.7666762440466223,-0.6569817127069012,0.7680641930364721,-0.40307881201541185,-1.5014980681456653,0.43276591166037975,0.022197757782594293,0.5415410185898913,0.08729266018295972,1.1865454542577079,-0.09002431725876332,1.3215588538195,-2.3682013757387272,0.02720449834015038,-0.847251056942619,-0.6238621320359549,-0.35719347315994543,-0.2765641080058456,-1.4229161760524807,-0.4613170317894918,-0.2392816218793955,-0.4163330558605114,-0.35464654168914006,-0.9032131457988177,-0.20886889571350548,-0.004025320211791932,0.05120968824975427,-0.8921396771978255,0.31177546977979476,0.6905317390147464,-0.2485626105664895,1.2169637921448475,0.6086150048306329,-0.8057059856866298,1.4110960455481283,0.3997492249425784
-0.0812807906761227,-0.1355429752945521,-0.1065298923206844,0.15541763523535926,-0.22040281685944094,0.3076175296627953,0.27952850524342254,0.02261227282573268,0.25875276759580357,0.22099744406933494,0.11543025576369416,0.03744560500864319,-0.25362685201753593,0.15564793132350677,-0.04026242864876908,-0.1552404989608877,0.14457562518676897,0.26190672222190114,-0.1793597763769472,0.3154809835357495,-0.16973119660694336,0.29232607201483773,-0.134528173574862,-0.14411414471348283,-0.04553139876326659,0.3993280403393122,-0.2996588654576993,0.10409458734625149,0.3336108291259554,0.03406535399853001,-0.2969294463321268,0.09744596046949519,0.253219471947831,0.18259559567580194,-0.24819832848082496,0.12757516508205358,0.015359550228952943,0.6308498380217673,-0.013272574241975981,0.36866244623422284,0.7166269538841755,-0.2317544526960493,0.3997492249425784,0.24136522915076314
