V1,V2,V3,V4,V5,V6,V7,V8,V9,V10,V11,V12,V13,V14,V15,V16,V17,V18,V19,V20,V21,V22,V23,V24,V25,V26,V27,V28,V29,V30,V31,V32,V33,V34,V35,V36,V37,V38,V39,V40,V41,V42,V43,V44
0.6494287879567987,-0.8405459469957304,0.5874415853217546,0.7441283591661755,-0.8563735471037743,0.5257545427349267,0.01275987395640672,0.1503487472404401,0.034161607873608335,1.3645023203766868,-0.24010933400573506,-0.07972490167210772,-0.07823709193572158,0.2890454168312516,0.46128081089507816,-0.9951314358169652,0.4042262890817049,-0.09897879788002609,-0.5621789469288166,-0.048862076973801995,0.8351654431981055,0.3831485739292083,0.32025466132378444,-0.0328087555685754,0.2830577254329858,1.0303797794921472,0.09590330852129003,1.2658249504154646,0.7798503790691197,-0.15271650684752275,-1.3046840944703673,0.8462101713014825,1.310106699583824,0.33889857373175497,-1.0497656838658576,0.8481412289031064,0.6206916516986059,0.8614505694424138,-0.2157718919342807,-0.3344804956942273,0.7040996897372108,0.8207474522334526,-0.2559844767282586,0.23902531395958124
-0.8405459469957304,11.912110302564116,-10.678043668250359,-6.90910387103415,10.624074114398587,-3.091951574751557,-4.48793392739259,-4.224723928574843,-2.7598363246509487,-13.060118205004068,3.670517424334429,1.5489625603052395,0.41078355195715127,-6.888449617268616,-0.9295207538116168,14.300261137638563,-0.1984931621291981,-1.712771163960176,8.345622259522678,4.924590923478828,-8.908957045687218,-5.146962272365827,-3.200296142028344,-2.1500406118286124,-3.1579937583271716,-12.66229895251166,-0.6607503243058668,-11.364030497069558,-13.009806102651511,-0.05117766799110915,12.9043060942205,-15.74754375349308,-15.403684389836299,-3.428636344230616,13.332141744121381,-11.536611437613793,-4.490569628352555,-17.794150303852437,-5.595267605944923,-2.84770622998509,-13.078590103365094,-2.172419061631359,1.9707391014265938,-3.396464853198631
0.5874415853217546,-10.678043668250359,9.69992903862545,6.1250707422711805,-9.491151706942594,2.6321062031933056,4.094037055839733,3.822932108965532,2.4897762912028956,11.621813582504029,-3.334428717044134,-1.4077789845627398,-0.2702626817326662,6.2142491734759595,0.7170059748855941,-12.858878340107228,0.049777924425505,1.551482703668445,-7.47270688281275,-4.561633927886677,8.033538781938423,4.597097376819696,2.8808072081001086,2.0146090982269613,2.8376407216381603,11.298417979442318,0.6601396649795066,10.073065216920863,11.70807107866455,0.09864857613366228,-11.436044716506878,14.24383988656387,13.736031958560238,3.052792774644014,-11.920106114993036,10.38750118411035,3.9527063825790822,16.017952561941883,5.228003714174841,2.6282684374238667,11.7289514657459,1.7919522770584784,-1.8248867847672228,3.004358137371696
0.7441283591661755,-6.90910387103415,6.1250707422711805,4.396481935864235,-6.452465206306252,2.2348522378708857,2.83172381040689,2.308387349613858,1.6607890995545587,8.280473063059032,-2.147480912528493,-0.6617109831376684,-0.20774926205831423,3.9246504240455797,0.6165698825112762,-8.57288168479473,0.5342566617855009,0.8981343007017654,-4.969147703234906,-2.5858503090088507,5.679215069659159,3.3654898540129885,1.9346230258699102,1.1098379965295668,1.8662039474190015,8.002648647704186,0.3939491579284717,6.969163696286331,7.959016974031909,0.13668891454954474,-7.892480202343823,9.292613048719836,9.316575720809466,2.2926122304647785,-8.082130007138273,7.131511605246921,2.691003335157318,10.757371175755837,2.964277113825343,1.5091614535790507,8.300540128372011,1.4824013706423145,-1.001378106981766,2.1892492267954458
-0.8563735471037743,10.624074114398587,-9.491151706942594,-6.452465206306252,9.89007944250469,-3.1777305742500115,-4.399763869893931,-3.5842007009099732,-2.5092180383149105,-12.360605112322851,3.286469829061121,1.179966470457801,0.31165613712069656,-6.134411944643854,-0.8712817286084563,13.161230527705031,-0.5819479282980395,-1.4450102667117175,7.607179306838039,4.07691822269539,-8.546005270913835,-5.084891653725937,-2.8959467626920308,-1.7160327348858775,-2.833403831735106,-12.13488283245723,-0.6173286504652645,-10.56773610118537,-12.082020131216664,-0.15359580699460265,12.053685843834762,-14.273600982199852,-14.280798059052925,-3.5042867719596487,12.280900645041571,-10.835776393671429,-4.083882175684218,-16.473940601180207,-4.786240078798957,-2.4796127626577973,-12.552890337609341,-2.018286637264216,1.639491583433777,-3.301361272852414
0.5257545427349267,-3.091951574751557,2.6321062031933056,2.2348522378708857,-3.1777305742500115,1.4352927078763476,1.5438481855204473,0.8973246973427075,0.8067254620817715,4.291458646683109,-0.9473716756834599,-0.08803094591785993,-0.09485626685521009,1.730947631031637,0.3899832799947099,-4.09422175216071,0.6136819291430913,0.3426069889885111,-2.407628668647197,-0.8537552728466364,2.970295105820679,1.925721693222391,0.9025851113785517,0.32287284666384636,0.8520059091976606,4.273873047017364,0.12457295433653501,3.541406702346272,3.944312213598224,0.1553750397737858,-3.9835308817621007,4.281649235423461,4.628052783158154,1.3379998414724585,-3.937292265262325,3.5421185762413305,1.211896720008626,5.260673416944243,1.0156709441085283,0.6444864964925944,4.4408513503531415,0.809964673383374,-0.25774052440072553,1.2214869929526757
0.01275987395640672,-4.48793392739259,4.094037055839733,2.83172381040689,-4.399763869893931,1.5438481855204473,2.516188208713934,1.5188343129826776,1.3013641823639754,5.5304520063157865,-1.4404660169962076,-0.22339381716122733,-0.01096631850610294,2.741160448343152,0.07536235401688791,-5.907251828860592,0.2984467439180975,0.7266442357812024,-3.475507631751278,-1.749798075989569,4.032117483540784,2.6474179322528943,1.2208151968297907,0.7675861633553592,1.1782124464680963,5.837983713869394,0.1988452423124192,4.501312162315124,5.777362974225701,0.39387708943573313,-5.175626665215838,6.532771060185354,6.3457964130720725,1.7261432733542237,-5.490050248066198,5.011536686218484,1.3782955652972146,7.922178990997617,2.3026031890214074,1.5358143571836806,6.4414916359991965,0.3761493223559746,-0.36241749119538896,1.6826895454431816
0.1503487472404401,-4.224723928574843,3.822932108965532,2.308387349613858,-3.5842007009099732,0.8973246973427075,1.5188343129826776,1.6192863704151326,1.0021756106437878,4.2770798475169896,-1.3117401757914664,-0.5818424625870672,-0.1609034752490034,2.487535030923814,0.21670005886082203,-4.9208285061059795,-0.1650100204824446,0.6683508984959904,-2.930110195663611,-1.9691792814399052,2.9207580918336604,1.6328170256152983,1.1212345450686962,0.8989605708382606,1.101935584987754,4.17078873382623,0.2087411561477749,3.765519845536687,4.5002099004977,0.03954978776460202,-4.263577744959575,5.58459679644927,5.226598090534526,1.003905320313874,-4.58321905419701,3.8820628876970944,1.4572592618283207,6.212165685088846,2.189101819217661,1.1672463409346252,4.390370103915181,0.6098661922852012,-0.6905249910049157,1.1224837602821671
0.034161607873608335,-2.7598363246509487,2.4897762912028956,1.6607890995545587,-2.5092180383149105,0.8067254620817715,1.3013641823639754,1.0021756106437878,0.8159711764757708,3.1411170241832003,-0.8459353733225138,-0.25770709477812664,-0.06285118439033802,1.6474668602644935,0.07768157278829618,-3.407089899061959,0.06666326539626764,0.5015555344514248,-2.023319570709514,-1.09583862601294,2.1389883230093605,1.4031032137499266,0.7110416876935143,0.5236186054935529,0.7256623145838962,3.164710573676026,0.07634391379067547,2.595345794352122,3.3115303925781276,0.16368953081011134,-2.9703438267745184,3.8261827849955456,3.6104375369062294,0.8887227738379018,-3.1948283079939426,2.8125993293141347,0.8894585708141308,4.530753100709219,1.4269948063540643,0.9120699189475258,3.5345299674894473,0.25335355342629673,-0.24482969050747172,0.9065522597182173
1.3645023203766868,-13.060118205004068,11.621813582504029,8.280473063059032,-12.360605112322851,4.291458646683109,5.5304520063157865,4.2770798475169896,3.1411170241832003,15.866767771718017,-4.063086144086386,-1.2751572901462302,-0.28074568569938735,7.41849303157153,1.2356751469985694,-16.381176934364056,1.1236829881472252,1.675847555061084,-9.43718146212765,-4.7250991209057425,10.978201200771554,6.604278578310722,3.6409656639881836,2.0041894487417484,3.55554788402719,15.430390396367828,0.7931689474846025,13.412118337136858,15.19211864086118,0.2772538676437005,-15.18815092566221,17.648890691143194,17.859532348598492,4.575740278494298,-15.378342247070044,13.665936861148598,5.1102690478473685,20.47622286816291,5.544025133471683,2.827167434028398,15.969965758551469,2.7705901270729894,-1.9247344054265154,4.2093896625213505
-0.24010933400573506,3.670517424334429,-3.334428717044134,-2.147480912528493,3.286469829061121,-0.9473716756834599,-1.4404660169962076,-1.3117401757914664,-0.8459353733225138,-4.063086144086386,1.1794549046979224,0.414567549313099,0.07166124382007114,-2.1304900735427275,-0.23959922938686884,4.455866315333265,-0.04457046164032066,-0.4913119746492822,2.611880008605697,1.6172078091443691,-2.872937789300625,-1.6134866303146334,-1.0291242976586108,-0.7106919686279145,-0.9805799711084012,-3.9752044302988696,-0.24768631989892656,-3.5023934155259306,-4.091431602182007,-0.07453478129057911,3.942816491011669,-4.952749959659112,-4.783739316216973,-1.0440653309414103,4.148723518438686,-3.6188590252614756,-1.3188876181482183,-5.564230545949269,-1.7798380215938576,-0.8991138586939291,-4.115277519540996,-0.6596920659923138,0.6170034204305621,-1.0610694847249384
-0.07972490167210772,1.5489625603052395,-1.4077789845627398,-0.6617109831376684,1.179966470457801,-0.08803094591785993,-0.22339381716122733,-0.5818424625870672,-0.25770709477812664,-1.2751572901462302,0.414567549313099,0.5220577638143353,0.09386302003493688,-0.8566070085983585,-0.21427209623648005,1.6082182624335515,0.15974954985710502,-0.27224372828417853,0.8514652286256101,0.6245378929355606,-0.6967867772333316,-0.33386310227645366,-0.3267389238677889,-0.28053942162443024,-0.4099892223232362,-1.0238860624977475,-0.10333396149353442,-1.2907364119132134,-1.2072428187705078,0.21563728751525382,1.5163089818122042,-1.7309795670687893,-1.6563231860706606,-0.29150643158278433,1.4178781455002778,-1.1479633785843677,-0.7777300666049217,-1.6981296526462197,-0.7588766318471998,-0.21369186397795403,-0.9170351022542648,-0.31226757404294336,0.47997257896488776,-0.21023259092535704
-0.07823709193572158,0.41078355195715127,-0.2702626817326662,-0.20774926205831423,0.31165613712069656,-0.09485626685521009,-0.01096631850610294,-0.1609034752490034,-0.06285118439033802,-0.28074568569938735,0.07166124382007114,0.09386302003493688,0.1824447838583347,-0.25263085177925865,-0.05229694061976182,0.36854461676577643,0.03691610770303576,-0.08595246434723537,0.2548933396277898,0.15987550217698104,-0.05249888613389521,-0.011424868524876258,-0.07486332567501663,-0.03663726978934007,-0.06388192169226112,-0.26143849817513853,0.05447383601096133,-0.29184174516489825,-0.2592010295732103,0.09308504120600848,0.39148926966421305,-0.37357185524106906,-0.44039555945000897,-0.012720452780767786,0.381048925121816,-0.2337213279774947,-0.21556659292460142,-0.4694765078817824,-0.14255448747744928,-0.09638687386529303,-0.21001680264569586,-0.12278064625490556,0.047016205500271725,-0.0823933368358096
0.2890454168312516,-6.888449617268616,6.2142491734759595,3.9246504240455797,-6.134411944643854,1.730947631031637,2.741160448343152,2.487535030923814,1.6474668602644935,7.41849303157153,-2.1304900735427275,-0.8566070085983585,-0.25263085177925865,4.079698350311541,0.38892214866653513,-8.299304878038527,-0.013775708602927835,1.0577451921742962,-4.891353300714374,-2.972353272872292,5.113264982658504,2.99171968912537,1.8302158868840606,1.2946101345633707,1.7905154375718981,7.366130273924285,0.3465492015372462,6.434052844461956,7.605668824236224,0.09892883137197347,-7.34699145772567,9.22290445693539,8.897447264483638,1.9469972553505914,-7.709174124392763,6.6837393976841,2.4537764614187827,10.509202235930271,3.4299452095823417,1.8696642756186208,7.71380448344394,1.0289124332581294,-1.0627546967985422,1.9944325700850536
0.46128081089507816,-0.9295207538116168,0.7170059748855941,0.6165698825112762,-0.8712817286084563,0.3899832799947099,0.07536235401688791,0.21670005886082203,0.07768157278829618,1.2356751469985694,-0.23959922938686884,-0.21427209623648005,-0.05229694061976182,0.38892214866653513,0.4350030674734018,-1.059121735969348,0.2655779193768922,0.007317825510854034,-0.5816593310085197,-0.10007570049752194,0.73322520273497,0.40074737027822205,0.27062182370210136,0.009281085286035612,0.29936504172223494,0.9734290284936663,0.08064463420837929,1.2511619765264608,0.8016793903287113,-0.17369551017398246,-1.3230700723866151,0.953915950413265,1.3300633219558369,0.35271771537566143,-1.0350104627408423,0.8291205865968849,0.6036259980813767,0.945558536499405,-0.03599600123776585,-0.1887173978269086,0.7044106020527845,0.6320090764214198,-0.2955649978805582,0.21680248453239984
-0.9951314358169652,14.300261137638563,-12.858878340107228,-8.57288168479473,13.161230527705031,-4.09422175216071,-5.907251828860592,-4.9208285061059795,-3.407089899061959,-16.381176934364056,4.455866315333265,1.6082182624335515,0.36854461676577643,-8.299304878038527,-1.059121735969348,17.630556012477914,-0.5778794826799776,-1.998688990078708,10.226755403801382,5.706237534595325,-11.379247164799692,-6.7312884875629955,-3.898881532973173,-2.4528729978604247,-3.813804837561114,-16.10549708164996,-0.8413443065363221,-14.018304991733059,-16.226640465593174,-0.25794789209095836,15.950483281150024,-19.283369951893263,-19.032505195052778,-4.5564531309286815,16.422658412664518,-14.464060604980231,-5.352244781471134,-22.13389213151371,-6.654164852658811,-3.4754737413496923,-16.753797661100712,-2.5501044172691865,2.217583103976382,-4.3682668677627
0.4042262890817049,-0.1984931621291981,0.049777924425505,0.5342566617855009,-0.5819479282980395,0.6136819291430913,0.2984467439180975,-0.1650100204824446,0.06666326539626764,1.1236829881472252,-0.04457046164032066,0.15974954985710502,0.03691610770303576,-0.013775708602927835,0.2655779193768922,-0.5778794826799776,0.6059891545121828,-0.10533118472375848,-0.2541252008337199,0.43377857899851335,0.7587403268260245,0.6012195136242077,0.10999255564480141,-0.2363531985858021,0.11078566340293393,1.0306100866556451,0.025321659728173754,0.8194369549700984,0.6223419257209237,0.039767523477851646,-0.9087116789534991,0.32922807220718864,0.8135448360174337,0.5311748672023098,-0.6244906391469601,0.6936843532508786,0.29442318160287995,0.6600411467512468,-0.4176591227133812,-0.24695529789298823,0.9926089127747655,0.4085334996118688,0.07439410407912875,0.3176685153808692
-0.09897879788002609,-1.712771163960176,1.551482703668445,0.8981343007017654,-1.4450102667117175,0.3426069889885111,0.7266442357812024,0.6683508984959904,0.5015555344514248,1.675847555061084,-0.4913119746492822,-0.27224372828417853,-0.08595246434723537,1.0577451921742962,0.007317825510854034,-1.998688990078708,-0.10533118472375848,0.40333956427348405,-1.177351637506644,-0.735027377528589,1.0597645423862996,0.7325139575953444,0.3734282848353054,0.364019972747706,0.42751305982259996,1.689072202673478,0.009092332185994362,1.4277930339660578,1.890088556154586,0.04438463879485847,-1.6917110840031946,2.2965836840474916,2.057256974588737,0.44471093554453955,-1.8395409422216586,1.5759262434404129,0.5512435013980342,2.6664548370218752,1.00290185404423,0.639840183028685,1.9495538583755427,0.028435201782894014,-0.17827264954738803,0.48086845546761353
-0.5621789469288166,8.345622259522678,-7.47270688281275,-4.969147703234906,7.607179306838039,-2.407628668647197,-3.475507631751278,-2.930110195663611,-2.023319570709514,-9.43718146212765,2.611880008605697,0.8514652286256101,0.2548933396277898,-4.891353300714374,-0.5816593310085197,10.226755403801382,-0.2541252008337199,-1.177351637506644,6.084176635524538,3.4530706079028937,-6.5844907804326605,-3.9117213600639213,-2.2998635532659772,-1.4862712048546654,-2.204247715322999,-9.412692368056652,-0.423008370622343,-8.1457205413973,-9.499140335581485,-0.21299904156928842,9.186589823314133,-11.280531251067934,-11.110141891877142,-2.531689524417226,9.573851089969754,-8.33467384912169,-2.938104403313704,-12.981987914432734,-3.8913996040523355,-2.1902029341368254,-9.810769304577578,-1.445458665571874,1.1790661365013089,-2.5710739221729377
-0.048862076973801995,4.924590923478828,-4.561633927886677,-2.5858503090088507,4.07691822269539,-0.8537552728466364,-1.749798075989569,-1.9691792814399052,-1.09583862601294,-4.7250991209057425,1.6172078091443691,0.6245378929355606,0.15987550217698104,-2.972353272872292,-0.10007570049752194,5.706237534595325,0.43377857899851335,-0.735027377528589,3.4530706079028937,2.6835997638827127,-3.4106383192601495,-1.7162327042709253,-1.3753847508625623,-1.2078121406378852,-1.2614701871555403,-4.707131725031781,-0.32444053912310244,-4.1774077478969485,-5.187836982029377,-0.09466914488268297,4.690667838204512,-6.635664501283466,-5.996455202034299,-0.9590551862110868,5.276290076386348,-4.460307650388251,-1.5420175660905246,-7.220935868501404,-2.793954215413187,-1.4515346661111874,-4.9144846205850445,-0.6285101087514516,0.8986084490861759,-1.228036305551292
0.8351654431981055,-8.908957045687218,8.033538781938423,5.679215069659159,-8.546005270913835,2.970295105820679,4.032117483540784,2.9207580918336604,2.1389883230093605,10.978201200771554,-2.872937789300625,-0.6967867772333316,-0.05249888613389521,5.113264982658504,0.73322520273497,-11.379247164799692,0.7587403268260245,1.0597645423862996,-6.5844907804326605,-3.4106383192601495,7.885126345423807,4.676400539309299,2.5769159621874906,1.4371346214017864,2.4390140307126935,10.876869381371558,0.6376687217742082,9.232129248051304,10.648307999709473,0.3485916156453819,-10.39219216131742,12.341069440837865,12.41036816982034,3.1918267598632557,-10.650358617030559,9.561554322793707,3.301316687267203,14.322317092185282,3.9070147968299493,2.032550607015131,11.279929828675574,1.8076019317986727,-1.3093665049922412,2.9677675661510263
0.3831485739292083,-5.146962272365827,4.597097376819696,3.3654898540129885,-5.084891653725937,1.925721693222391,2.6474179322528943,1.6328170256152983,1.4031032137499266,6.604278578310722,-1.6134866303146334,-0.33386310227645366,-0.011424868524876258,2.99171968912537,0.40074737027822205,-6.7312884875629955,0.6012195136242077,0.7325139575953444,-3.9117213600639213,-1.7162327042709253,4.676400539309299,3.0671994292059477,1.417416380171682,0.74110171947671,1.4080780507641004,6.693775504048032,0.2524967293927774,5.487842172163841,6.47800346155736,0.31135770363118825,-6.216424006798634,7.255350416705479,7.365685284929572,2.0750985520878964,-6.307167721968797,5.717373088430372,1.8257459143303105,8.70946368257313,2.21725376242127,1.3816576321411433,7.165226910791022,0.8469658088297501,-0.5195576281059945,1.8914826738910466
0.32025466132378444,-3.200296142028344,2.8808072081001086,1.9346230258699102,-2.8959467626920308,0.9025851113785517,1.2208151968297907,1.1212345450686962,0.7110416876935143,3.6409656639881836,-1.0291242976586108,-0.3267389238677889,-0.07486332567501663,1.8302158868840606,0.27062182370210136,-3.898881532973173,0.10999255564480141,0.3734282848353054,-2.2998635532659772,-1.3753847508625623,2.5769159621874906,1.417416380171682,0.931865611158373,0.587856953956337,0.8636757950242716,3.5343397883466507,0.22697424386294432,3.1495817153062315,3.569983764649897,0.05084969364816489,-3.509236474998212,4.293622877801288,4.237990072389008,0.9286231262872361,-3.658247262221519,3.1830846384049445,1.1819239147566558,4.827382024460426,1.4399640822719606,0.6986052194531114,3.5850436700031993,0.7006665022589267,-0.5475598430013581,0.9392657331942316
-0.0328087555685754,-2.1500406118286124,2.0146090982269613,1.1098379965295668,-1.7160327348858775,0.32287284666384636,0.7675861633553592,0.8989605708382606,0.5236186054935529,2.0041894487417484,-0.7106919686279145,-0.28053942162443024,-0.03663726978934007,1.2946101345633707,0.009281085286035612,-2.4528729978604247,-0.2363531985858021,0.364019972747706,-1.4862712048546654,-1.2078121406378852,1.4371346214017864,0.74110171947671,0.587856953956337,0.585797267197651,0.5609257215501854,1.9679510222493168,0.13162925654635665,1.7510500029361324,2.285407123939592,0.07529652722231422,-1.9513052306403198,2.926100339170971,2.524316084604026,0.3785793833181404,-2.270161505836367,1.9076750088141883,0.6225185235436498,3.151176730337685,1.2901915999610567,0.6920076551380839,2.1477152496433787,0.19838535901185425,-0.366426657296044,0.51941913744777235
0.2830577254329858,-3.1579937583271716,2.8376407216381603,1.8662039474190015,-2.833403831735106,0.8520059091976606,1.1782124464680963,1.101935584987754,0.7256623145838962,3.55554788402719,-0.9805799711084012,-0.4099892223232362,-0.06388192169226112,1.7905154375718981,0.29936504172223494,-3.813804837561114,0.11078566340293393,0.42751305982259996,-2.204247715322999,-1.2614701871555403,2.4390140307126935,1.4080780507641004,0.8636757950242716,0.5609257215501854,0.863637054489186,3.3939145129771346,0.200514788225548,3.0949893943221487,3.4758054360966413,0.015592169137941822,-3.4782580890296044,4.180793494994132,4.119042778845728,0.9506711119144522,-3.560094830261577,3.0961934049866957,1.218291663903589,4.68622446408688,1.4186302424453063,0.6800984477919256,3.487263562569549,0.6431452528540259,-0.547012036981261,0.9009953580302058
1.0303797794921472,-12.66229895251166,11.298417979442318,8.002648647704186,-12.13488283245723,4.273873047017364,5.837983713869394,4.17078873382623,3.164710573676026,15.430390396367828,-3.9752044302988696,-1.0238860624977475,-0.26143849817513853,7.366130273924285,0.9734290284936663,-16.10549708164996,1.0306100866556451,1.689072202673478,-9.412692368056652,-4.707131725031781,10.876869381371558,6.693775504048032,3.5343397883466507,1.9679510222493168,3.3939145129771346,15.476420653545146,0.6936564547233965,13.006389749368948,15.13256094614579,0.4832910415018084,-14.754824438792568,17.447788939389923,17.600077384497204,4.53158809589954,-15.093183481018523,13.465887028584445,4.6200732277949115,20.543683137542143,5.587583576082436,3.185477502775466,16.207305019094363,2.320388291976853,-1.6240418016466425,4.2922311344281905
0.09590330852129003,-0.6607503243058668,0.6601396649795066,0.3939491579284717,-0.6173286504652645,0.12457295433653501,0.1988452423124192,0.2087411561477749,0.07634391379067547,0.7931689474846025,-0.24768631989892656,-0.10333396149353442,0.05447383601096133,0.3465492015372462,0.08064463420837929,-0.8413443065363221,0.025321659728173754,0.009092332185994362,-0.423008370622343,-0.32444053912310244,0.6376687217742082,0.2524967293927774,0.22697424386294432,0.13162925654635665,0.200514788225548,0.6936564547233965,0.14923484321968442,0.6812287603828538,0.6905073167370644,-0.019480934863605495,-0.7505201631818366,0.9007115218797891,0.8796385014915884,0.21623627160945144,-0.74811342845092,0.7103671467768409,0.3201280743166421,0.8884162515387932,0.3104393028046882,0.005962915164242903,0.6122558244714102,0.22506055720928725,-0.25426415501110033,0.1458125769082301
1.2658249504154646,-11.364030497069558,10.073065216920863,6.969163696286331,-10.56773610118537,3.541406702346272,4.501312162315124,3.765519845536687,2.595345794352122,13.412118337136858,-3.5023934155259306,-1.2907364119132134,-0.29184174516489825,6.434052844461956,1.2511619765264608,-14.018304991733059,0.8194369549700984,1.4277930339660578,-8.1457205413973,-4.1774077478969485,9.232129248051304,5.487842172163841,3.1495817153062315,1.7510500029361324,3.0949893943221487,13.006389749368948,0.6812287603828538,11.663341342282475,12.808871307452458,0.07503328588218186,-13.111518665415119,15.089820502680615,15.399830527519777,3.775439762748664,-13.13933955595632,11.506309974749081,4.46464986614008,17.265990069556253,4.695762365338427,2.3542521192460626,13.215927884649766,2.5558067860958626,-1.8302932862055639,3.4974860145433238
0.7798503790691197,-13.009806102651511,11.70807107866455,7.959016974031909,-12.082020131216664,3.944312213598224,5.777362974225701,4.5002099004977,3.3115303925781276,15.19211864086118,-4.091431602182007,-1.2072428187705078,-0.2592010295732103,7.605668824236224,0.8016793903287113,-16.226640465593174,0.6223419257209237,1.890088556154586,-9.499140335581485,-5.187836982029377,10.648307999709473,6.47800346155736,3.569983764649897,2.285407123939592,3.4758054360966413,15.13256094614579,0.6905073167370644,12.808871307452458,15.273951546604286,0.49786587411413913,-14.537136734254211,17.873078786938052,17.501870925911643,4.275703794510814,-15.179352792401435,13.428391692544494,4.6028994645619585,20.77793741478475,6.1568207265046695,3.4734080519880304,16.064553473434668,2.081207498453079,-1.7147402062819195,4.186698022768556
-0.15271650684752275,-0.05117766799110915,0.09864857613366228,0.13668891454954474,-0.15359580699460265,0.1553750397737858,0.39387708943573313,0.03954978776460202,0.16368953081011134,0.2772538676437005,-0.07453478129057911,0.21563728751525382,0.09308504120600848,0.09892883137197347,-0.17369551017398246,-0.25794789209095836,0.039767523477851646,0.04438463879485847,-0.21299904156928842,-0.09466914488268297,0.3485916156453819,0.31135770363118825,0.05084969364816489,0.07529652722231422,0.015592169137941822,0.4832910415018084,-0.019480934863605495,0.07503328588218186,0.49786587411413913,0.2357078510533695,-0.059454543877800345,0.40100691897070356,0.24644824159601286,0.12225818361942885,-0.2625738611939652,0.3140046500280563,-0.22728834640216236,0.6520278511358863,0.17932032151654004,0.28744355746873085,0.7492389022601557,-0.222973338168085,0.20259894042606666,0.18762918440199136
-1.3046840944703673,12.9043060942205,-11.436044716506878,-7.892480202343823,12.053685843834762,-3.9835308817621007,-5.175626665215838,-4.263577744959575,-2.9703438267745184,-15.18815092566221,3.942816491011669,1.5163089818122042,0.39148926966421305,-7.34699145772567,-1.3230700723866151,15.950483281150024,-0.9087116789534991,-1.6917110840031946,9.186589823314133,4.690667838204512,-10.39219216131742,-6.216424006798634,-3.509236474998212,-1.9513052306403198,-3.4782580890296044,-14.754824438792568,-0.7505201631818366,-13.111518665415119,-14.537136734254211,-0.059454543877800345,14.902160959871805,-17.13258110967402,-17.44338578425607,-4.3509356575970735,14.913235747380696,-13.117821804530394,-5.149360768871081,-19.719972144646007,-5.46655017033939,-2.7422792020406073,-15.075843012884889,-2.7505323340982906,2.0660599005144675,-3.9921464611896496
0.8462101713014825,-15.74754375349308,14.24383988656387,9.292613048719836,-14.273600982199852,4.281649235423461,6.532771060185354,5.58459679644927,3.8261827849955456,17.648890691143194,-4.952749959659112,-1.7309795670687893,-0.37357185524106906,9.22290445693539,0.953915950413265,-19.283369951893263,0.32922807220718864,2.2965836840474916,-11.280531251067934,-6.635664501283466,12.341069440837865,7.255350416705479,4.293622877801288,2.926100339170971,4.180793494994132,17.447788939389923,0.9007115218797891,15.089820502680615,17.873078786938052,0.40100691897070356,-17.13258110967402,21.37208486419259,20.69771787258534,4.758908421386841,-17.96127244882439,15.748182031418454,5.618898549924983,24.427034649722,7.665730954519536,4.119720796394627,18.349185730784463,2.5191227170729706,-2.374834862336519,4.745391621503421
1.310106699583824,-15.403684389836299,13.736031958560238,9.316575720809466,-14.280798059052925,4.628052783158154,6.3457964130720725,5.226598090534526,3.6104375369062294,17.859532348598492,-4.783739316216973,-1.6563231860706606,-0.44039555945000897,8.897447264483638,1.3300633219558369,-19.032505195052778,0.8135448360174337,2.057256974588737,-11.110141891877142,-5.996455202034299,12.41036816982034,7.365685284929572,4.237990072389008,2.524316084604026,4.119042778845728,17.600077384497204,0.8796385014915884,15.399830527519777,17.501870925911643,0.24644824159601286,-17.44338578425607,20.69771787258534,20.76350756008105,4.992578854223698,-17.79925250082416,15.6148473665985,5.798706338969829,23.817254035798808,6.849102931434189,3.6155340505880464,18.13585402340607,3.0025009982279682,-2.355684672949336,4.780102860521909
0.33889857373175497,-3.428636344230616,3.052792774644014,2.2926122304647785,-3.5042867719596487,1.3379998414724585,1.7261432733542237,1.003905320313874,0.8887227738379018,4.575740278494298,-1.0440653309414103,-0.29150643158278433,-0.012720452780767786,1.9469972553505914,0.35271771537566143,-4.5564531309286815,0.5311748672023098,0.44471093554453955,-2.531689524417226,-0.9590551862110868,3.1918267598632557,2.0750985520878964,0.9286231262872361,0.3785793833181404,0.9506711119144522,4.53158809589954,0.21623627160945144,3.775439762748664,4.275703794510814,0.12225818361942885,-4.3509356575970735,4.758908421386841,4.992578854223698,1.5473701757491276,-4.245483060987148,3.9231594503913,1.4219205591893715,5.745332904283987,1.374081871152197,0.7317630223862219,4.753942947179938,0.6785452286615559,-0.44016179811476563,1.2638546306962122
-1.0497656838658576,13.332141744121381,-11.920106114993036,-8.082130007138273,12.280900645041571,-3.937292265262325,-5.490050248066198,-4.58321905419701,-3.1948283079939426,-15.378342247070044,4.148723518438686,1.4178781455002778,0.381048925121816,-7.709174124392763,-1.0350104627408423,16.422658412664518,-0.6244906391469601,-1.8395409422216586,9.573851089969754,5.276290076386348,-10.650358617030559,-6.307167721968797,-3.658247262221519,-2.270161505836367,-3.560094830261577,-15.093183481018523,-0.74811342845092,-13.13933955595632,-15.179352792401435,-0.2625738611939652,14.913235747380696,-17.96127244882439,-17.79925250082416,-4.245483060987148,15.37481193557067,-13.492982155422954,-4.979591623560895,-20.665173553486024,-6.086172821844571,-3.2128476814171387,-15.702577450662192,-2.4821079202838794,1.992317807833474,-4.114052302298052
0.8481412289031064,-11.536611437613793,10.38750118411035,7.131511605246921,-10.835776393671429,3.5421185762413305,5.011536686218484,3.8820628876970944,2.8125993293141347,13.665936861148598,-3.6188590252614756,-1.1479633785843677,-0.2337213279774947,6.6837393976841,0.8291205865968849,-14.464060604980231,0.6936843532508786,1.5759262434404129,-8.33467384912169,-4.460307650388251,9.561554322793707,5.717373088430372,3.1830846384049445,1.9076750088141883,3.0961934049866957,13.465887028584445,0.7103671467768409,11.506309974749081,13.428391692544494,0.3140046500280563,-13.117821804530394,15.748182031418454,15.6148473665985,3.9231594503913,-13.492982155422954,12.02811403041554,4.344923956359609,18.260157482380606,5.3123457276942325,2.780279257542345,14.087521247355644,2.0745585222912575,-1.7029423807919861,3.677906589784573
0.6206916516986059,-4.490569628352555,3.9527063825790822,2.691003335157318,-4.083882175684218,1.211896720008626,1.3782955652972146,1.4572592618283207,0.8894585708141308,5.1102690478473685,-1.3188876181482183,-0.7777300666049217,-0.21556659292460142,2.4537764614187827,0.6036259980813767,-5.352244781471134,0.29442318160287995,0.5512435013980342,-2.938104403313704,-1.5420175660905246,3.301316687267203,1.8257459143303105,1.1819239147566558,0.6225185235436498,1.218291663903589,4.6200732277949115,0.3201280743166421,4.46464986614008,4.6028994645619585,-0.22728834640216236,-5.149360768871081,5.618898549924983,5.798706338969829,1.4219205591893715,-4.979591623560895,4.344923956359609,2.1365475752324086,6.246875972692635,1.7992720971525806,0.5999315511291557,4.503384960115592,1.2044623482405643,-0.973137432147499,1.1862978148073609
0.8614505694424138,-17.794150303852437,16.017952561941883,10.757371175755837,-16.473940601180207,5.260673416944243,7.922178990997617,6.212165685088846,4.530753100709219,20.47622286816291,-5.564230545949269,-1.6981296526462197,-0.4694765078817824,10.509202235930271,0.945558536499405,-22.13389213151371,0.6600411467512468,2.6664548370218752,-12.981987914432734,-7.220935868501404,14.322317092185282,8.70946368257313,4.827382024460426,3.151176730337685,4.68622446408688,20.543683137542143,0.8884162515387932,17.265990069556253,20.77793741478475,0.6520278511358863,-19.719972144646007,24.427034649722,23.817254035798808,5.745332904283987,-20.665173553486024,18.260157482380606,6.246875972692635,28.48322533360714,8.634533542672994,4.942798009818044,21.853699342016473,2.629694962099138,-2.3210388931239074,5.703304644868772
-0.2157718919342807,-5.595267605944923,5.228003714174841,2.964277113825343,-4.786240078798957,1.0156709441085283,2.3026031890214074,2.189101819217661,1.4269948063540643,5.544025133471683,-1.7798380215938576,-0.7588766318471998,-0.14255448747744928,3.4299452095823417,-0.03599600123776585,-6.654164852658811,-0.4176591227133812,1.00290185404423,-3.8913996040523355,-2.793954215413187,3.9070147968299493,2.21725376242127,1.4399640822719606,1.2901915999610567,1.4186302424453063,5.587583576082436,0.3104393028046882,4.695762365338427,6.1568207265046695,0.17932032151654004,-5.46655017033939,7.665730954519536,6.849102931434189,1.374081871152197,-6.086172821844571,5.3123457276942325,1.7992720971525806,8.634533542672994,3.37010504466134,1.8507942073002162,6.129625311358853,0.35542679683128026,-0.8787249078436139,1.5163589057397242
-0.3344804956942273,-2.84770622998509,2.6282684374238667,1.5091614535790507,-2.4796127626577973,0.6444864964925944,1.5358143571836806,1.1672463409346252,0.9120699189475258,2.827167434028398,-0.8991138586939291,-0.21369186397795403,-0.09638687386529303,1.8696642756186208,-0.1887173978269086,-3.4754737413496923,-0.24695529789298823,0.639840183028685,-2.1902029341368254,-1.4515346661111874,2.032550607015131,1.3816576321411433,0.6986052194531114,0.6920076551380839,0.6800984477919256,3.185477502775466,0.005962915164242903,2.3542521192460626,3.4734080519880304,0.28744355746873085,-2.7422792020406073,4.119720796394627,3.6155340505880464,0.7317630223862219,-3.2128476814171387,2.780279257542345,0.5999315511291557,4.942798009818044,1.8507942073002162,1.3844670712076823,3.7463595683822373,-0.15707943763278884,-0.12713634359073822,0.9544098365467876
0.7040996897372108,-13.078590103365094,11.7289514657459,8.300540128372011,-12.552890337609341,4.4408513503531415,6.4414916359991965,4.390370103915181,3.5345299674894473,15.969965758551469,-4.115277519540996,-0.9170351022542648,-0.21001680264569586,7.71380448344394,0.7044106020527845,-16.753797661100712,0.9926089127747655,1.9495538583755427,-9.810769304577578,-4.9144846205850445,11.279929828675574,7.165226910791022,3.5850436700031993,2.1477152496433787,3.487263562569549,16.207305019094363,0.6122558244714102,13.215927884649766,16.064553473434668,0.7492389022601557,-15.075843012884889,18.349185730784463,18.13585402340607,4.753942947179938,-15.702577450662192,14.087521247355644,4.503384960115592,21.853699342016473,6.129625311358853,3.7463595683822373,17.457781340524654,1.8926018832956297,-1.3782848584062466,4.5862014101895685
0.8207474522334526,-2.172419061631359,1.7919522770584784,1.4824013706423145,-2.018286637264216,0.809964673383374,0.3761493223559746,0.6098661922852012,0.25335355342629673,2.7705901270729894,-0.6596920659923138,-0.31226757404294336,-0.12278064625490556,1.0289124332581294,0.6320090764214198,-2.5501044172691865,0.4085334996118688,0.028435201782894014,-1.445458665571874,-0.6285101087514516,1.8076019317986727,0.8469658088297501,0.7006665022589267,0.19838535901185425,0.6431452528540259,2.320388291976853,0.22506055720928725,2.5558067860958626,2.081207498453079,-0.222973338168085,-2.7505323340982906,2.5191227170729706,3.0025009982279682,0.6785452286615559,-2.4821079202838794,2.0745585222912575,1.2044623482405643,2.629694962099138,0.35542679683128026,-0.15707943763278884,1.8926018832956297,1.194389543998715,-0.6011601016474414,0.5483251317762591
-0.2559844767282586,1.9707391014265938,-1.8248867847672228,-1.001378106981766,1.639491583433777,-0.25774052440072553,-0.36241749119538896,-0.6905249910049157,-0.24482969050747172,-1.9247344054265154,0.6170034204305621,0.47997257896488776,0.047016205500271725,-1.0627546967985422,-0.2955649978805582,2.217583103976382,0.07439410407912875,-0.17827264954738803,1.1790661365013089,0.8986084490861759,-1.3093665049922412,-0.5195576281059945,-0.5475598430013581,-0.366426657296044,-0.547012036981261,-1.6240418016466425,-0.25426415501110033,-1.8302932862055639,-1.7147402062819195,0.20259894042606666,2.0660599005144675,-2.374834862336519,-2.355684672949336,-0.44016179811476563,1.992317807833474,-1.7029423807919861,-0.973137432147499,-2.3210388931239074,-0.8787249078436139,-0.12713634359073822,-1.3782848584062466,-0.6011601016474414,0.6773858439310312,-0.33640464228165523
0.23902531395958124,-3.396464853198631,3.004358137371696,2.1892492267954458,-3.301361272852414,1.2214869929526757,1.6826895454431816,1.1224837602821671,0.9065522597182173,4.2093896625213505,-1.0610694847249384,-0.21023259092535704,-0.0823933368358096,1.9944325700850536,0.21680248453239984,-4.3682668677627,0.3176685153808692,0.48086845546761353,-2.5710739221729377,-1.228036305551292,2.9677675661510263,1.8914826738910466,0.9392657331942316,0.51941913744777235,0.9009953580302058,4.2922311344281905,0.1458125769082301,3.4974860145433238,4.186698022768556,0.18762918440199136,-3.9921464611896496,4.745391621503421,4.780102860521909,1.2638546306962122,-4.114052302298052,3.677906589784573,1.1862978148073609,5.703304644868772,1.5163589057397242,0.9544098365467876,4.5862014101895685,0.5483251317762591,-0.33640464228165523,1.2295805861645035
