V1,V2,V3,V4,V5,V6,V7,V8,V9,V10,V11,V12,V13,V14,V15,V16,V17,V18,V19,V20,V21,V22,V23,V24,V25,V26,V27,V28,V29,V30,V31,V32,V33,V34,V35,V36,V37,V38,V39,V40,V41,V42,V43,V44
9.864548362490615,41.309727170579066,-53.479938276438176,-71.68353914584428,25.870544050420246,-31.0163618056757,28.376513439684196,12.381015807614258,-12.771780026419513,24.46143376778588,-7.4647741807226815,24.561487809062385,57.84517095035568,-2.507091745117236,18.720439658642412,-25.97412101723757,93.3178311771459,24.79299756739298,14.309457497517162,70.91048379254572,35.07966475676393,-36.60411494110984,-8.034803789567347,18.015843962494184,-39.28393492789642,45.458196894293046,-65.67879490913852,-33.75462321103127,9.865511831105458,-6.713803030280971,28.10943869834747,-74.00059832959876,-12.83482871715634,-27.466919194263358,-46.92829973897727,3.5304948824783517,-1.4369932910274974,-19.48097024018531,24.256340588369905,-13.271768320891432,6.759095001691095,14.242093055773834,-22.251476999460355,-2.022767642568354
41.309727170579066,182.15774961956603,-234.2757727033926,-311.0693947881265,116.23381705883736,-134.24282186489484,123.31647776738824,52.904559114844375,-57.37093682744807,108.29843276980014,-32.256085654485894,109.26541678396607,251.75913805853455,-13.483024625054599,82.3002337948144,-112.18383884930694,406.0714845503098,110.69103782733005,65.85429071708812,308.73735751951665,155.17846209759836,-159.40896446041913,-36.99693847445133,77.82726522816118,-170.45206382905243,201.44951461048902,-287.86383270903826,-145.64490669223161,41.355699825537194,-27.548279516912768,125.00641903398184,-324.5300305525262,-56.111990530415596,-115.35181782803934,-205.45577846265573,14.439785769804375,-3.833445546666506,-83.04905352338295,106.98029116564327,-56.73593793236942,31.125258656865608,63.051367144761336,-96.31319748676356,-9.196758838459406
-53.479938276438176,-234.2757727033926,301.59558857149915,400.89602390034935,-149.111324125848,173.0784658093724,-158.86341482485577,-68.26089013631847,73.62232419158768,-139.24684153220505,41.56107221970013,-140.37580111040978,-324.35608611850614,16.921347271436865,-105.89626627410605,144.65658163763015,-523.1304997473619,-142.16698003396849,-84.28655985050337,-397.71025663267153,-199.45546346947393,205.33493914942017,47.346969666798614,-100.34311984797401,219.71548363901513,-258.87358784410463,370.5045682299237,187.86393573957537,-53.58183887684256,35.811956599810834,-160.63008169260783,417.7086638972894,72.2668395132835,149.29994230035607,264.4802033425852,-18.757876158130063,5.335632650610943,107.33750151628993,-137.57607620594783,73.23978028203334,-39.78550602016983,-81.07784011499088,124.11069932801955,11.78437945459397
-71.68353914584428,-311.0693947881265,400.89602390034935,533.8451159308729,-197.35735945666198,230.57495815620064,-211.516583983664,-91.20488739782436,97.42762522343277,-184.73218093249957,55.416793384757725,-186.09616708695015,-431.6747411223184,21.744148739518927,-140.67903331621795,192.80292830018607,-696.2825399997339,-188.3308286285295,-111.03785365924166,-529.2913732379621,-264.723606879049,273.26799309331426,62.37135753041564,-133.7443324159856,292.55548871224744,-343.4734527737096,492.4995502983341,250.39828575728032,-71.76322966353534,48.139983143551596,-212.93725428338166,555.1463974328358,96.0888709679093,200.00164178971215,351.63226989994223,-25.250957869545307,7.853800344495634,143.33952291326176,-182.6768286189008,97.81327842536294,-52.44928004640058,-107.55089273768954,165.3902519175373,15.55990121799006
25.870544050420246,116.23381705883736,-149.111324125848,-197.35735945666198,74.67996856602223,-85.07672786616683,78.302200309778,33.424400066223534,-36.83984392035739,69.17716151624528,-20.460244074651044,69.93825340079714,159.88291743210564,-9.169378594325702,52.45164477294881,-71.06085923987582,257.89806926759564,70.91951947375107,42.6142314705639,196.11945303884625,99.16576955814105,-101.27639119159979,-23.944032962140337,49.31004609072246,-108.10867504158344,128.8125936373804,-183.29634333347676,-92.19447416973574,25.86776534473792,-17.07669417864668,79.98155455819698,-206.6544488019106,-35.67913342756658,-72.30261181425466,-130.77020877266426,8.958194577765237,-1.881074273458434,-52.2985034366717,68.28035619339106,-35.815596776830496,20.18317122807858,40.263831117908815,-61.09382127365753,-5.9280287877946005
-31.0163618056757,-134.24282186489484,173.0784658093724,230.57495815620064,-85.07672786616683,99.6111982436472,-91.33900751078578,-39.402058618898046,42.00852047528156,-79.71734962287883,23.928830507861782,-80.27380090478073,-186.42316768176443,9.282628832955398,-60.72483038896402,83.29175783096872,-300.6900913216233,-81.23166683524859,-47.82437779233036,-228.5650072123784,-114.20884033372458,118.00457902892525,26.866065062063054,-57.773597413261356,126.37311964332011,-148.17110334109907,212.60541287709108,108.1886038482748,-31.068933540920987,20.87116710439452,-91.86549482017128,239.65285040065683,41.49521088641567,86.5309854746111,151.80348613965643,-10.94046766733953,3.487937682097062,61.99059173859291,-78.82753969561348,42.274257198618905,-22.573886770623822,-46.41659494703748,71.42082594702455,6.705657316401446
28.376513439684196,123.31647776738824,-158.86341482485577,-211.516583983664,78.302200309778,-91.33900751078578,83.84060290105728,36.16543409060693,-38.636290523959126,73.21266453580876,-21.97956217981162,73.78672762918511,171.03460358806808,-8.691348042394806,55.75686327277384,-76.38765796247019,275.91251161405313,74.66183946707923,44.04174113391831,209.74520728577173,104.98477003891523,-108.29204782384934,-24.74120836168695,52.99758669380888,-115.87912932926673,136.2215381273052,-195.20626254625608,-99.17592595420753,28.368797839564177,-19.002344166072437,84.40914658334468,-220.00637373800825,-38.06256226961668,-79.16125480495923,-139.36264757875912,9.983783785607883,-3.063052779459811,-56.713593484605084,72.42286115247727,-38.75479044203404,20.844125322023185,42.62157089603519,-65.57285805229549,-6.174909918013263
12.381015807614258,52.904559114844375,-68.26089013631847,-91.20488739782436,33.424400066223534,-39.402058618898046,36.16543409060693,15.730094614714487,-16.470466677576688,31.337463776792916,-9.523450130049113,31.565680976952624,73.661454069464,-3.527853281105288,23.934896416804687,-32.99692828810833,118.87958932169924,31.88018672599944,18.603794064571353,90.35482090217826,45.036778535356575,-46.653453617294254,-10.448962648005727,22.902365158669244,-49.931278779576374,58.4013447792374,-83.91569342820375,-42.81790887870624,12.32327026153937,-8.294739714444663,36.085917321864294,-94.51808953995369,-16.353565195364478,-34.49086776592043,-59.928068675560084,4.385961951561727,-1.5447106571702733,-24.530773725101966,31.08110058632966,-16.810835922020445,8.850374959958875,18.231730923213558,-28.353201410231044,-2.621122796859813
-12.771780026419513,-57.37093682744807,73.62232419158768,97.42762522343277,-36.83984392035739,42.00852047528156,-38.636290523959126,-16.470466677576688,18.185982921383196,-34.1616168788023,10.083151107260806,-34.51977557635619,-78.93625620656184,4.5066035622209695,-25.894583984073783,35.07652488086619,-127.3048740947015,-35.016050410484105,-21.047059451536235,-96.80784129587168,-48.92358063550238,49.98968184734588,11.826053887219615,-24.333662185363426,53.39049927264538,-63.54984149009295,90.47331796952595,45.527148858200256,-12.797678923916592,8.460023823828132,-39.49198859105884,102.02370230731835,17.62380911796818,35.703347010972045,64.54925916263858,-4.42523086958862,0.9352649065858785,25.85520111215531,-33.69642757229831,17.67207179612012,-9.942729688926661,-19.888479014931196,30.12886927384012,2.9259501067823925
24.46143376778588,108.29843276980014,-139.24684153220505,-184.73218093249957,69.17716151624528,-79.71734962287883,73.21266453580876,31.337463776792916,-34.1616168788023,64.43283062955078,-19.12495847951606,65.00783842471832,149.55758963817522,-8.100900653613062,48.92644456709414,-66.59091295746147,241.18847371680351,65.89116881262802,39.30150259859978,183.3821184222378,92.24917193033646,-94.68381579094799,-22.079543296007042,46.19032354055096,-101.25594515106204,119.77314529339027,-171.0659093096471,-86.47371326298065,24.529593465507983,-16.32723637301647,74.39070446677964,-192.89566985376834,-33.3581153696136,-68.336634574947,-122.08810010193332,8.538887789425916,-2.17092992316155,-49.30138706885541,63.597880813345455,-33.63955701750684,18.538544465397898,37.51734547616655,-57.140320730125715,-5.480024192745958
-7.4647741807226815,-32.256085654485894,41.56107221970013,55.416793384757725,-20.460244074651044,23.928830507861782,-21.97956217981162,-9.523450130049113,10.083151107260806,-19.12495847951606,5.780217006213075,-19.28254787439399,-44.786226553197594,2.242347157959963,-14.584403521041683,20.028663215009278,-72.27573561429203,-19.490973296928367,-11.448813647436843,-54.938824967878176,-27.476946831620598,28.369273196822327,6.431972208983127,-13.901102686156413,30.33973425392739,-35.64415032957599,51.097603924778085,25.984566824396886,-7.433635448327493,4.981357400095582,-22.04422038894058,57.56120830669376,9.954060460142268,20.808920966495247,36.482376504102746,-2.630916581392548,0.8473635708351419,14.850276013773488,-18.950564873616063,10.181185383936372,-5.445597782020353,-11.126955426985685,17.214837004871203,1.6088595587740901
24.561487809062385,109.26541678396607,-140.37580111040978,-186.09616708695015,69.93825340079714,-80.27380090478073,73.78672762918511,31.565680976952624,-34.51977557635619,65.00783842471832,-19.28254787439399,65.64106204506777,150.6904171471963,-8.327203584767735,49.34185304990038,-67.0593911954214,243.04203425083824,66.53674335647432,39.780889182384605,184.80222155058777,93.13254019760947,-95.4235158665975,-22.348670600465987,46.52357287635763,-101.97405574924062,120.93738733996314,-172.49958432593746,-87.04832085419815,24.594005689734573,-16.321961686087576,75.0920402152929,-194.493977214445,-33.611998773585015,-68.62029990371661,-123.09659832445745,8.550204566283073,-2.048695542970114,-49.534369480142644,64.17713946966485,-33.85344928304006,18.80051946196927,37.84365409452443,-57.590815923331775,-5.542137173689782
57.84517095035568,251.75913805853455,-324.35608611850614,-431.6747411223184,159.88291743210564,-186.42316768176443,171.03460358806808,73.661454069464,-78.93625620656184,149.55758963817522,-44.786226553197594,150.6904171471963,349.12498244482737,-17.77530347822128,113.84000995191032,-155.85750603339048,563.103688762827,152.53993292318663,90.09725095022708,428.0675275462987,214.27043460446856,-221.00692993123477,-50.60805196319703,108.11294770191722,-236.57981159702717,278.0401059825477,-398.45845846247175,-202.42179087644536,57.93335509594938,-38.822505335185824,172.43127441507042,-449.17780403680143,-77.73920046929076,-161.42602397921112,-284.47412180554113,20.350723614353566,-6.161302473693215,-115.8161800731643,147.8453622495224,-79.0166781367501,42.53788996942399,87.07485237290975,-133.6948166655669,-12.614534032125023
-2.507091745117236,-13.483024625054599,16.921347271436865,21.744148739518927,-9.169378594325702,9.282628832955398,-8.691348042394806,-3.527853281105288,4.5066035622209695,-8.100900653613062,2.242347157959963,-8.327203584767735,-17.77530347822128,1.631810654926736,-6.021817054061715,7.71191388988629,-28.683522430968644,-8.517831341488264,-5.545469885968905,-21.85390242076616,-11.639883911902501,11.295937845405337,3.1203999097710717,-5.361658820569238,11.879977848277662,-15.199803303722828,20.865950567020704,9.950785462448707,-2.4844344547935027,1.4827497450268659,-9.497493309446163,23.54369084146978,4.013303281235403,7.072224515132311,14.83149621455062,-0.7805634774540298,-0.35102583760377865,5.378167442425169,-7.930284782764814,3.7600694558103323,-2.6603254003678223,-4.710832084551723,6.711439944841676,0.7503013672848573
18.720439658642412,82.3002337948144,-105.89626627410605,-140.67903331621795,52.45164477294881,-60.72483038896402,55.75686327277384,23.934896416804687,-25.894583984073783,48.92644456709414,-14.584403521041683,49.34185304990038,113.84000995191032,-6.021817054061715,37.194019716061,-50.746922288230735,183.61149190319176,49.9810578654451,29.687211054642177,139.5938017990933,70.08773971075337,-72.0747516586243,-16.679421443889304,35.20334062336459,-77.09541865883637,90.97893458201403,-130.10524488089814,-65.89253464017338,18.752386587996345,-12.511802498570276,56.45760506342906,-146.67912243546883,-25.370805907162637,-52.27139181806451,-92.86598405357157,6.554937030779971,-1.7999672436514031,-37.61195989006757,48.329770157369026,-25.677899110660697,14.02070527127053,28.48722416573609,-43.54946899158286,-4.148649622181561
-25.97412101723757,-112.18383884930694,144.65658163763015,192.80292830018607,-71.06085923987582,83.29175783096872,-76.38765796247019,-32.99692828810833,35.07652488086619,-66.59091295746147,20.028663215009278,-67.0593911954214,-155.85750603339048,7.71191388988629,-50.746922288230735,69.66503463227735,-251.40930422904285,-67.83862040032221,-39.883792390496446,-191.1025462808646,-95.45052013087084,98.6647413157166,22.40310237948817,-48.32578479430516,105.65306036327165,-123.82507176485602,177.71343550676136,90.47447155925317,-25.990715571674563,17.46581313648915,-76.72908446894508,200.29840896969924,34.675959707350295,72.44728314944695,126.89466537721029,-9.168365031118313,2.972316219741083,51.839637464562465,-65.8808448770336,35.378729604636185,-18.84791983675938,-38.76741789250109,59.75653102234097,5.595654933415676
93.3178311771459,406.0714845503098,-523.1304997473619,-696.2825399997339,257.89806926759564,-300.6900913216233,275.91251161405313,118.87958932169924,-127.3048740947015,241.18847371680351,-72.27573561429203,243.04203425083824,563.103688762827,-28.683522430968644,183.61149190319176,-251.40930422904285,908.2916779171226,245.9978010363706,145.25766145895582,690.4711521687285,345.64832779205193,-356.49290588704895,-81.59956639820406,174.40387244072528,-381.55447574135695,448.5124688528738,-642.7073338009075,-326.4773363984791,93.40790361394075,-62.57947422351952,278.084392815057,-724.4621092200687,-125.37005601798849,-260.39332960584403,-458.84630542725375,32.826524659208324,-9.959134187563276,-186.75168812878718,238.47157844809806,-127.48344684563773,68.6377966875772,140.41826158161487,-215.70571788571175,-20.345290829462712
24.79299756739298,110.69103782733005,-142.16698003396849,-188.3308286285295,70.91951947375107,-81.23166683524859,74.66183946707923,31.88018672599944,-35.016050410484105,65.89116881262802,-19.490973296928367,66.53674335647432,152.53993292318663,-8.517831341488264,49.9810578654451,-67.83862040032221,245.9978010363706,67.47335622986552,40.42838596534587,187.05586889695306,94.34367846579013,-96.58601474896103,-22.713141667811122,47.0590519919778,-103.21948007727086,122.52637161127677,-174.67835202212163,-88.07241033759091,24.855296609178062,-16.480201946418674,76.12936139544173,-196.98025631948178,-34.04356000093002,-69.2925073789386,-124.64449390218783,8.618939369798012,-1.9774356774475885,-50.10330594436787,65.008867047163,-34.21466376113014,19.08094608223112,38.36267724022937,-58.241361626509025,-5.626298145859055
14.309457497517162,65.85429071708812,-84.28655985050337,-111.03785365924166,42.6142314705639,-47.82437779233036,44.04174113391831,18.603794064571353,-21.047059451536235,39.30150259859978,-11.448813647436843,39.780889182384605,90.09725095022708,-5.545469885968905,29.687211054642177,-39.883792390496446,145.25766145895582,40.42838596534587,24.626670378094584,110.49153127073671,56.20955155153151,-57.055265734657056,-13.834742709843663,27.666141306850296,-60.86975424134692,73.07341556611159,-103.56562353687248,-51.769436131380175,14.374266076885945,-9.410522035718367,45.515787760427486,-116.8504438577546,-20.162971308428393,-40.06902566008384,-73.85810444059167,4.902404498700386,-0.6692246361988929,-29.26226275518654,38.67884117382892,-19.98584616713108,11.603659993230623,22.883730655421918,-34.2667649353422,-3.401865392477961
70.91048379254572,308.73735751951665,-397.71025663267153,-529.2913732379621,196.11945303884625,-228.5650072123784,209.74520728577173,90.35482090217826,-96.80784129587168,183.3821184222378,-54.938824967878176,184.80222155058777,428.0675275462987,-21.85390242076616,139.5938017990933,-191.1025462808646,690.4711521687285,187.05586889695306,110.49153127073671,524.8945990639247,262.80499757077695,-271.00147706863316,-62.06686343394468,132.5702095901899,-290.04263606394727,341.02192156063046,-488.61692507893275,-248.16510460139492,70.9776304086989,-47.53961863258995,211.4445288935973,-550.7782622305849,-95.30719556357046,-197.872559349586,-348.8331500100944,24.937502954891553,-7.522729654228518,-141.93428313459532,181.31135767222463,-96.89163233048829,52.20961793532687,106.76446415065456,-163.97278030111073,-15.473901825138185
35.07966475676393,155.17846209759836,-199.45546346947393,-264.723606879049,99.16576955814105,-114.20884033372458,104.98477003891523,45.036778535356575,-48.92358063550238,92.24917193033646,-27.476946831620598,93.13254019760947,214.27043460446856,-11.639883911902501,70.08773971075337,-95.45052013087084,345.64832779205193,94.34367846579013,56.20955155153151,262.80499757077695,132.26948293275566,-135.70395119145417,-31.58077263513869,66.22845078473,-145.01649794151453,171.7224314664186,-245.1441348008036,-123.87559512366445,35.06883166568859,-23.31060415413176,106.52146980957683,-276.33482507133544,-47.75499549373976,-97.9517073466985,-174.94965941497122,12.237349975521948,-3.133186107479674,-70.53067468291063,91.15138363204785,-48.25785542972558,26.61865576666927,53.69627338619937,-82.00598100018696,-7.846804998324559
-36.60411494110984,-159.40896446041913,205.33493914942017,273.26799309331426,-101.27639119159979,118.00457902892525,-108.29204782384934,-46.653453617294254,49.98968184734588,-94.68381579094799,28.369273196822327,-95.4235158665975,-221.00692993123477,11.295937845405337,-72.0747516586243,98.6647413157166,-356.49290588704895,-96.58601474896103,-57.055265734657056,-271.00147706863316,-135.70395119145417,139.9232800619816,32.05197757195499,-68.44471844905954,149.74322406173374,-176.09274681608147,252.2826457179201,128.115401918756,-36.63248767555852,24.532144857521082,-109.17765829725195,284.3688975379206,49.20702595481402,102.14189446685668,180.1082174270934,-12.87064316960523,3.876596419952296,73.26400126211756,-93.6188981735726,50.02453719646668,-26.967429535070295,-55.121204176822914,84.66048212194104,7.9893291143521274
-8.034803789567347,-36.99693847445133,47.346969666798614,62.37135753041564,-23.944032962140337,26.866065062063054,-24.74120836168695,-10.448962648005727,11.826053887219615,-22.079543296007042,6.431972208983127,-22.348670600465987,-50.60805196319703,3.1203999097710717,-16.679421443889304,22.40310237948817,-81.59956639820406,-22.713141667811122,-13.834742709843663,-62.06686343394468,-31.58077263513869,32.05197757195499,7.7761903468922675,-15.540265088657696,34.18948135005044,-41.05646109745494,58.18208772268192,29.074637594883427,-8.07154039135018,5.282691999592045,-25.5727083956359,65.6396166929791,11.327857192470534,22.49932931431399,41.49049702580606,-2.7515238095284436,0.37560183472857483,16.432815245744422,-21.72689124788078,11.227598841456901,-6.5227999225780655,-12.858020502062608,19.246875407660262,1.9130872673630988
18.015843962494184,77.82726522816118,-100.34311984797401,-133.7443324159856,49.31004609072246,-57.773597413261356,52.99758669380888,22.902365158669244,-24.333662185363426,46.19032354055096,-13.901102686156413,46.52357287635763,108.11294770191722,-5.361658820569238,35.20334062336459,-48.32578479430516,174.40387244072528,47.0590519919778,27.666141306850296,132.5702095901899,66.22845078473,-68.44471844905954,-15.540265088657696,33.52746521816502,-73.27963055102339,85.91752450966905,-123.28541828842096,-62.753439301134414,18.015491594206075,-12.100104780032268,53.224606982266096,-138.94483170168022,-24.050257156722846,-50.24707143507308,-88.0295813690751,6.358358502411524,-2.0556497113317644,-35.94148067047299,45.70636230345025,-24.54453040647567,13.085607854222218,26.888579864835446,-41.465929056797236,-3.8827369327559085
-39.28393492789642,-170.45206382905243,219.71548363901513,292.55548871224744,-108.10867504158344,126.37311964332011,-115.87912932926673,-49.931278779576374,53.39049927264538,-101.25594515106204,30.33973425392739,-101.97405574924062,-236.57981159702717,11.879977848277662,-77.09541865883637,105.65306036327165,-381.55447574135695,-103.21948007727086,-60.86975424134692,-290.04263606394727,-145.01649794151453,149.74322406173374,34.18948135005044,-73.27963055102339,160.36495903301244,-188.15706748327645,269.871592209273,137.24675908939383,-39.37460536768422,26.433005618639044,-116.70521244658542,304.2385454873791,52.67632842124859,109.62395633138183,192.68768850420796,-13.844586810240408,4.313716532116534,78.61630400754431,-100.09135145104726,53.586783546848494,-28.705020356769754,-58.9560800706311,90.58224907375134,8.524596677407281
45.458196894293046,201.44951461048902,-258.87358784410463,-343.4734527737096,128.8125936373804,-148.17110334109907,136.2215381273052,58.4013447792374,-63.54984149009295,119.77314529339027,-35.64415032957599,120.93738733996314,278.0401059825477,-15.199803303722828,90.97893458201403,-123.82507176485602,448.5124688528738,122.52637161127677,73.07341556611159,341.02192156063046,171.7224314664186,-176.09274681608147,-41.05646109745494,85.91752450966905,-188.15706748327645,222.9598173214556,-318.1751314094347,-160.69489250082808,45.448588066070315,-30.186430289073947,138.32211398470378,-358.6671505589695,-61.977227444726694,-126.9478077731504,-227.06093576592028,15.845723310170493,-3.9746199323014095,-91.45870956372939,118.32841968267627,-62.580450907500655,34.60209121121098,69.71792482437752,-106.38972217463294,-10.197407195261873
-65.67879490913852,-287.86383270903826,370.5045682299237,492.4995502983341,-183.29634333347676,212.60541287709108,-195.20626254625608,-83.91569342820375,90.47331796952595,-171.0659093096471,51.097603924778085,-172.49958432593746,-398.45845846247175,20.865950567020704,-130.10524488089814,177.71343550676136,-642.7073338009075,-174.67835202212163,-103.56562353687248,-488.61692507893275,-245.1441348008036,252.2826457179201,58.18208772268192,-123.28541828842096,269.871592209273,-318.1751314094347,455.2340277201428,230.74091946174536,-65.74224570358841,43.90719184834379,-197.35751237347705,513.1776080365294,88.76431538846012,183.33811096534825,324.9535829177994,-23.024388333362676,6.515362364430313,131.7571951065901,-169.05897106804406,89.98732465271269,-48.949696797556825,-99.59233381055444,152.53181360927118,14.482908772731212
-33.75462321103127,-145.64490669223161,187.86393573957537,250.39828575728032,-92.19447416973574,108.1886038482748,-99.17592595420753,-42.81790887870624,45.527148858200256,-86.47371326298065,25.984566824396886,-87.04832085419815,-202.42179087644536,9.950785462448707,-65.89253464017338,90.47447155925317,-326.4773363984791,-88.07241033759091,-51.769436131380175,-248.16510460139492,-123.87559512366445,128.115401918756,29.074637594883427,-62.753439301134414,137.24675908939383,-160.69489250082808,230.74091946174536,117.5409001600853,-33.818002592330025,22.750789532465394,-99.62211836809789,260.1040262234005,45.04369508533471,94.15686477502811,164.76615183954692,-11.924219342197325,3.896357958670082,67.40510186547954,-85.52364985060474,45.94177540396218,-24.421021498136646,-50.351167913603234,77.5660714497241,7.2612623339515565
9.865511831105458,41.355699825537194,-53.58183887684256,-71.76322966353534,25.86776534473792,-31.068933540920987,28.368797839564177,12.32327026153937,-12.797678923916592,24.529593465507983,-7.433635448327493,24.594005689734573,57.93335509594938,-2.4844344547935027,18.752386587996345,-25.990715571674563,93.40790361394075,24.855296609178062,14.374266076885945,70.9776304086989,35.06883166568859,-36.63248767555852,-8.07154039135018,18.015491594206075,-39.37460536768422,45.448588066070315,-65.74224570358841,-33.818002592330025,9.928057862586265,-6.775660287292099,28.17869624971269,-74.12140485541563,-12.87540560969239,-27.494377987974943,-46.97746982721713,3.5358276346733657,-1.4352534733505558,-19.57472878965652,24.26931997558112,-13.26088301072154,6.732209587360409,14.29324411495446,-22.20671293067151,-2.0277732375088258
-6.713803030280971,-27.548279516912768,35.811956599810834,48.139983143551596,-17.07669417864668,20.87116710439452,-19.002344166072437,-8.294739714444663,8.460023823828132,-16.32723637301647,4.981357400095582,-16.321961686087576,-38.822505335185824,1.4827497450268659,-12.511802498570276,17.46581313648915,-62.57947422351952,-16.480201946418674,-9.410522035718367,-47.53961863258995,-23.31060415413176,24.532144857521082,5.282691999592045,-12.100104780032268,26.433005618639044,-30.186430289073947,43.90719184834379,22.750789532465394,-6.775660287292099,4.671963665835365,-18.71613972665406,49.50890026097633,8.61965696760797,18.698025531622886,31.39173975736131,-2.4308512727615104,1.1217599655301413,13.25688121858654,-16.161922984415256,8.942981689962426,-4.383912113391797,-9.517058264301983,14.88633453973958,1.332753110108465
28.10943869834747,125.00641903398184,-160.63008169260783,-212.93725428338166,79.98155455819698,-91.86549482017128,84.40914658334468,36.085917321864294,-39.49198859105884,74.39070446677964,-22.04422038894058,75.0920402152929,172.43127441507042,-9.497493309446163,56.45760506342906,-76.72908446894508,278.084392815057,76.12936139544173,45.515787760427486,211.4445288935973,106.52146980957683,-109.17765829725195,-25.5727083956359,53.224606982266096,-116.70521244658542,138.32211398470378,-197.35751237347705,-99.62211836809789,28.17869624971269,-18.71613972665406,85.92341471518027,-222.54281249824987,-38.47130332592338,-78.54098963704013,-140.8373753458924,9.788962989845853,-2.361397587412009,-56.727086676904555,73.41404804584197,-38.73018364984515,21.483260819022707,43.31406140535948,-65.86246080740987,-6.341053471354334
-74.00059832959876,-324.5300305525262,417.7086638972894,555.1463974328358,-206.6544488019106,239.65285040065683,-220.00637373800825,-94.51808953995369,102.02370230731835,-192.89566985376834,57.56120830669376,-194.493977214445,-449.17780403680143,23.54369084146978,-146.67912243546883,200.29840896969924,-724.4621092200687,-196.98025631948178,-116.8504438577546,-550.7782622305849,-276.33482507133544,284.3688975379206,65.6396166929791,-138.94483170168022,304.2385454873791,-358.6671505589695,513.1776080365294,260.1040262234005,-74.12140485541563,49.50890026097633,-222.54281249824987,578.5491098396311,100.08087842866867,206.59256329199533,366.3163444497613,-25.94013804561821,7.293868367265703,148.5515045342992,-190.58551851165657,101.39432914742362,-55.177027637403896,-112.30845800488844,171.8765784237969,16.33268130082161
-12.83482871715634,-56.111990530415596,72.2668395132835,96.0888709679093,-35.67913342756658,41.49521088641567,-38.06256226961668,-16.353565195364478,17.62380911796818,-33.3581153696136,9.954060460142268,-33.611998773585015,-77.73920046929076,4.013303281235403,-25.370805907162637,34.675959707350295,-125.37005601798849,-34.04356000093002,-20.162971308428393,-95.30719556357046,-47.75499549373976,49.20702595481402,11.327857192470534,-24.050257156722846,52.67632842124859,-61.977227444726694,88.76431538846012,45.04369508533471,-12.87540560969239,8.61965696760797,-38.47130332592338,100.08087842866867,17.32487850690283,35.834605165331055,63.36738874633028,-4.5083278287972295,1.3119485884289273,25.764696092802573,-32.94814629465103,17.56019775984514,-9.503494850455587,-19.424590427835827,29.729806563560548,2.819440921033929
-27.466919194263358,-115.35181782803934,149.29994230035607,200.00164178971215,-72.30261181425466,86.5309854746111,-79.16125480495923,-34.49086776592043,35.703347010972045,-68.336634574947,20.808920966495247,-68.62029990371661,-161.42602397921112,7.072224515132311,-52.27139181806451,72.44728314944695,-260.39332960584403,-69.2925073789386,-40.06902566008384,-197.872559349586,-97.9517073466985,102.14189446685668,22.49932931431399,-50.24707143507308,109.62395633138183,-126.9478077731504,183.33811096534825,94.15686477502811,-27.494377987974943,18.698025531622886,-78.54098963704013,206.59256329199533,35.834605165331055,76.50576275639105,130.9925841095346,-9.822690845776705,3.9265284504861966,54.32788089691456,-67.72792690477934,36.99031472815612,-18.90468122530872,-39.78855355371176,62.04765250171734,5.658512794313985
-46.92829973897727,-205.45577846265573,264.4802033425852,351.63226989994223,-130.77020877266426,151.80348613965643,-139.36264757875912,-59.928068675560084,64.54925916263858,-122.08810010193332,36.482376504102746,-123.09659832445745,-284.47412180554113,14.83149621455062,-92.86598405357157,126.89466537721029,-458.84630542725375,-124.64449390218783,-73.85810444059167,-348.8331500100944,-174.94965941497122,180.1082174270934,41.49049702580606,-88.0295813690751,192.68768850420796,-227.06093576592028,324.9535829177994,164.76615183954692,-46.97746982721713,31.39173975736131,-140.8373753458924,366.3163444497613,63.36738874633028,130.9925841095346,231.9643721675516,-16.46104447913386,4.708261576660398,94.1133599397717,-120.66207041355827,64.26610212281098,-34.90141166684241,-71.07683750642572,108.90361044356659,10.329269509462753
3.5304948824783517,14.439785769804375,-18.757876158130063,-25.250957869545307,8.958194577765237,-10.94046766733953,9.983783785607883,4.385961951561727,-4.42523086958862,8.538887789425916,-2.630916581392548,8.550204566283073,20.350723614353566,-0.7805634774540298,6.554937030779971,-9.168365031118313,32.826524659208324,8.618939369798012,4.902404498700386,24.937502954891553,12.237349975521948,-12.87064316960523,-2.7515238095284436,6.358358502411524,-13.844586810240408,15.845723310170493,-23.024388333362676,-11.924219342197325,3.5358276346733657,-2.4308512727615104,9.788962989845853,-25.94013804561821,-4.5083278287972295,-9.822690845776705,-16.46104447913386,1.2783708989362284,-0.5969478582369866,-6.925931006130438,8.476721461428532,-4.704721856751476,2.308059769855935,4.971444750344213,-7.8399422015591576,-0.6964877342009114
-1.4369932910274974,-3.833445546666506,5.335632650610943,7.853800344495634,-1.881074273458434,3.487937682097062,-3.063052779459811,-1.5447106571702733,0.9352649065858785,-2.17092992316155,0.8473635708351419,-2.048695542970114,-6.161302473693215,-0.35102583760377865,-1.7999672436514031,2.972316219741083,-9.959134187563276,-1.9774356774475885,-0.6692246361988929,-7.522729654228518,-3.133186107479674,3.876596419952296,0.37560183472857483,-2.0556497113317644,4.313716532116534,-3.9746199323014095,6.515362364430313,3.896357958670082,-1.4352534733505558,1.1217599655301413,-2.361397587412009,7.293868367265703,1.3119485884289273,3.9265284504861966,4.708261576660398,-0.5969478582369866,0.7364212879050694,2.497712867100241,-2.2417411516209285,1.6589072276376793,-0.3086843727461078,-1.2674073481911239,2.486578441529669,0.12303792004957002
-19.48097024018531,-83.04905352338295,107.33750151628993,143.33952291326176,-52.2985034366717,61.99059173859291,-56.713593484605084,-24.530773725101966,25.85520111215531,-49.30138706885541,14.850276013773488,-49.534369480142644,-115.8161800731643,5.378167442425169,-37.61195989006757,51.839637464562465,-186.75168812878718,-50.10330594436787,-29.26226275518654,-141.93428313459532,-70.53067468291063,73.26400126211756,16.432815245744422,-35.94148067047299,78.61630400754431,-91.45870956372939,131.7571951065901,67.40510186547954,-19.57472878965652,13.25688121858654,-56.727086676904555,148.5515045342992,25.764696092802573,54.32788089691456,94.1133599397717,-6.925931006130438,2.497712867100241,38.82633003104872,-48.75027993269841,26.369817849337647,-13.743421814319246,-28.71899684021429,44.35966021960806,4.112156509332105
24.256340588369905,106.98029116564327,-137.57607620594783,-182.6768286189008,68.28035619339106,-78.82753969561348,72.42286115247727,31.08110058632966,-33.69642757229831,63.597880813345455,-18.950564873616063,64.17713946966485,147.8453622495224,-7.930284782764814,48.329770157369026,-65.8808448770336,238.47157844809806,65.008867047163,38.67884117382892,181.31135767222463,91.15138363204785,-93.6188981735726,-21.72689124788078,45.70636230345025,-100.09135145104726,118.32841968267627,-169.05897106804406,-85.52364985060474,24.26931997558112,-16.161922984415256,73.41404804584197,-190.58551851165657,-32.94814629465103,-67.72792690477934,-120.66207041355827,8.476721461428532,-2.2417411516209285,-48.75027993269841,62.83793681528206,-33.319211202649186,18.291472178252018,37.020202136251555,-56.572929844625385,-5.39912910113005
-13.271768320891432,-56.73593793236942,73.23978028203334,97.81327842536294,-35.815596776830496,42.274257198618905,-38.75479044203404,-16.810835922020445,17.67207179612012,-33.63955701750684,10.181185383936372,-33.85344928304006,-79.0166781367501,3.7600694558103323,-25.677899110660697,35.378729604636185,-127.48344684563773,-34.21466376113014,-19.98584616713108,-96.89163233048829,-48.25785542972558,50.02453719646668,11.227598841456901,-24.54453040647567,53.586783546848494,-62.580450907500655,89.98732465271269,45.94177540396218,-13.26088301072154,8.942981689962426,-38.73018364984515,101.39432914742362,17.56019775984514,36.99031472815612,64.26610212281098,-4.704721856751476,1.6589072276376793,26.369817849337647,-33.319211202649186,18.01008739753113,-9.462462944535087,-19.582578021591964,30.350036812538256,2.8136495750180495
6.759095001691095,31.125258656865608,-39.78550602016983,-52.44928004640058,20.18317122807858,-22.573886770623822,20.844125322023185,8.850374959958875,-9.942729688926661,18.538544465397898,-5.445597782020353,18.80051946196927,42.53788996942399,-2.6603254003678223,14.02070527127053,-18.84791983675938,68.6377966875772,19.08094608223112,11.603659993230623,52.20961793532687,26.61865576666927,-26.967429535070295,-6.5227999225780655,13.085607854222218,-28.705020356769754,34.60209121121098,-48.949696797556825,-24.421021498136646,6.732209587360409,-4.383912113391797,21.483260819022707,-55.177027637403896,-9.503494850455587,-18.90468122530872,-34.90141166684241,2.308059769855935,-0.3086843727461078,-13.743421814319246,18.291472178252018,-9.462462944535087,5.52675775244379,10.78614967053041,-16.249764468719768,-1.6089660077881747
14.242093055773834,63.051367144761336,-81.07784011499088,-107.55089273768954,40.263831117908815,-46.41659494703748,42.62157089603519,18.231730923213558,-19.888479014931196,37.51734547616655,-11.126955426985685,37.84365409452443,87.07485237290975,-4.710832084551723,28.48722416573609,-38.76741789250109,140.41826158161487,38.36267724022937,22.883730655421918,106.76446415065456,53.69627338619937,-55.121204176822914,-12.858020502062608,26.888579864835446,-58.9560800706311,69.71792482437752,-99.59233381055444,-50.351167913603234,14.29324411495446,-9.517058264301983,43.31406140535948,-112.30845800488844,-19.424590427835827,-39.78855355371176,-71.07683750642572,4.971444750344213,-1.2674073481911239,-28.71899684021429,37.020202136251555,-19.582578021591964,10.78614967053041,21.85206710798723,-33.25692423160829,-3.192750547750593
-22.251476999460355,-96.31319748676356,124.11069932801955,165.3902519175373,-61.09382127365753,71.42082594702455,-65.57285805229549,-28.353201410231044,30.12886927384012,-57.140320730125715,17.214837004871203,-57.590815923331775,-133.6948166655669,6.711439944841676,-43.54946899158286,59.75653102234097,-215.70571788571175,-58.241361626509025,-34.2667649353422,-163.97278030111073,-82.00598100018696,84.66048212194104,19.246875407660262,-41.465929056797236,90.58224907375134,-106.38972217463294,152.53181360927118,77.5660714497241,-22.20671293067151,14.88633453973958,-65.86246080740987,171.8765784237969,29.729806563560548,62.04765250171734,108.90361044356659,-7.8399422015591576,2.486578441529669,44.35966021960806,-56.572929844625385,30.350036812538256,-16.249764468719768,-33.25692423160829,51.32493665248713,4.8101609654692234
-2.022767642568354,-9.196758838459406,11.78437945459397,15.55990121799006,-5.9280287877946005,6.705657316401446,-6.174909918013263,-2.621122796859813,2.9259501067823925,-5.480024192745958,1.6088595587740901,-5.542137173689782,-12.614534032125023,0.7503013672848573,-4.148649622181561,5.595654933415676,-20.345290829462712,-5.626298145859055,-3.401865392477961,-15.473901825138185,-7.846804998324559,7.9893291143521274,1.9130872673630988,-3.8827369327559085,8.524596677407281,-10.197407195261873,14.482908772731212,7.2612623339515565,-2.0277732375088258,1.332753110108465,-6.341053471354334,16.33268130082161,2.819440921033929,5.658512794313985,10.329269509462753,-0.6964877342009114,0.12303792004957002,4.112156509332105,-5.39912910113005,2.8136495750180495,-1.6089660077881747,-3.192750547750593,4.8101609654692234,0.4738222351531242
