V1,V2,V3,V4,V5,V6,V7,V8,V9,V10,V11,V12,V13,V14,V15,V16,V17,V18,V19,V20,V21,V22,V23,V24,V25,V26,V27,V28,V29,V30,V31,V32,V33,V34,V35,V36,V37,V38,V39,V40,V41,V42,V43,V44
10.914016779701669,45.96613379294664,-58.704619857255935,-78.35939742930573,28.774092237591294,-33.85390314191064,31.03885727921068,13.320581571156962,-14.024051263032604,26.830422400838305,-7.143900203706475,27.24578364037697,64.36064684811151,-2.8472963362939865,21.066500709761467,-27.784199844068613,101.76278575169819,27.319870733563455,16.156987126608165,77.66207790398829,39.37922399060933,-40.20269217164497,-9.042883445921696,19.925421647225132,-43.46245948508118,51.075150445566116,-72.22493549439994,-37.157623696996026,10.257444570374062,-6.795110989332842,31.292805411460847,-81.47320248983836,-15.018379961830476,-29.338360108868503,-51.92144382444021,4.134173426271109,-1.329520728259565,-21.012834239660968,27.24078366447749,-14.66868427568123,8.186882421697376,15.964790379183672,-24.11194154481965,-1.8262300093056416
45.96613379294664,199.94987179901446,-257.1837468204093,-342.33044551418,126.87448321931758,-147.78035123117118,135.6059334458825,58.35301201811193,-62.527754108391186,118.51284470207442,-34.952026512623135,119.64649298078132,277.3347289164935,-14.016056134355667,90.51981965321039,-123.29572110127562,446.32236863399703,120.9945964338628,71.53839737419173,339.42803093788837,170.36528555309775,-175.3638629698153,-40.173237787901925,85.87551518973551,-187.84802013984796,220.92902455686612,-316.0333388381176,-160.62293956627195,45.69263673151529,-30.513498130227003,136.91059442789995,-356.20634252075587,-62.095130079402594,-127.76378724942249,-225.7514566981476,16.24762099492765,-4.836246928974133,-91.79955032764413,117.5481398182432,-62.792073693665415,34.026579212914335,69.12507155170408,-105.94464454344373,-9.819275429824721
-58.704619857255935,-257.1837468204093,331.5673775033357,440.77174550365885,-163.77214792916854,190.35284645445913,-174.6916928286583,-75.14723334825906,80.98460808927712,-153.13163290259212,46.350748242145755,-154.13395237438723,-356.01972678142124,18.645071501391666,-116.11062220135771,159.41369278108405,-575.388064367698,-156.2403280141219,-92.46991813891317,-437.27262000916096,-218.73797151163672,225.64057453983793,51.9622902869258,-110.1675908740502,241.2834624530355,-284.0005935102389,407.2290073431258,206.41735221425697,-59.204226486043694,39.68626073534448,-176.3497563332612,459.1175037544261,78.90168882616376,164.49465133309567,290.5283229842704,-20.4796377685984,5.959892785411449,118.10902508713866,-150.87513044542058,80.4102729017937,-43.3447929006554,-89.00321623939674,136.5574548415418,13.1763140835062
-78.35939742930573,-342.33044551418,440.77174550365885,586.5115931653265,-217.64522993321677,253.16395484605113,-232.34926893211139,-100.05913749533914,107.41647232439814,-203.34029447166358,60.81719804692715,-205.11274065077848,-474.2157921781801,24.390605145916844,-154.71292879282535,211.71429253183965,-765.1238810977965,-207.64158407746515,-122.75605778570107,-581.5836029911575,-291.4826019554285,300.38735909955216,68.96795069359838,-146.8616747796039,321.32385074964674,-378.0017423510289,541.5765010446231,274.78198548698384,-78.49373935314135,52.47972460140704,-234.57856511623493,610.3429131715287,105.52862202244953,218.83317417866067,386.52801832258825,-27.418855892633342,8.078158138399921,157.23605330112213,-201.03279631675957,107.27243564432953,-57.89615327797628,-118.26007753465564,181.69865330864405,17.259929708655065
28.774092237591294,126.87448321931758,-163.77214792916854,-217.64522993321677,81.05382807525353,-93.96223005710038,86.30069586738585,37.20379744719068,-40.1403435224235,75.74820481258057,-23.4180217993342,76.18316663145023,175.2739551870295,-9.438273049996054,57.13039289019637,-78.97509483380877,284.3694967168936,77.32204635038023,45.73709245888748,215.94909505893287,107.83819541080432,-111.39593183868365,-25.717392054941488,54.270797400136104,-118.82708557167398,140.01194271232674,-201.16005371187094,-101.67776281771394,29.302104218952188,-19.656199915368646,87.06469596601721,-226.7090091201448,-38.480411931564646,-81.17865049261174,-143.32625217354385,9.881742917263287,-2.822240254703129,-58.24136569826629,74.32043891656491,-39.55844277354152,21.215350416159335,43.83288064434811,-67.58202766097571,-6.74357167149087
-33.85390314191064,-147.78035123117118,190.35284645445913,253.16395484605113,-93.96223005710038,109.33287822928841,-100.32917360639277,-43.15918826539632,46.400972418726845,-87.82631107760798,26.30897226459386,-88.48548721390968,-204.77515647944006,10.570168365246486,-66.80167425502097,91.40242265031826,-330.32102268903935,-89.60561349263703,-53.014002848403884,-251.12653051678217,-125.77900737254598,129.6257912963789,29.783894111383546,-63.37762932193605,138.74011777507147,-163.27213254767062,233.83714205350262,118.68077271392805,-33.91977882204892,22.70597492243857,-101.26345837423449,263.6292687481322,45.593488110991146,94.50547550477853,166.9315422709546,-11.89586909406983,3.4998495294153615,67.84076199233361,-86.77426739993929,46.298660854935626,-25.025829462476146,-51.14507369393252,78.39022154132816,7.422063951303542
31.03885727921068,135.6059334458825,-174.6916928286583,-232.34926893211139,86.30069586738585,-100.32917360639277,92.1315049818911,39.688548122562224,-42.61118786922805,80.60744639405627,-24.299273835646513,81.2102155900571,187.82278190158144,-9.774830730054589,61.264298006826294,-83.95657467874221,303.23980598312,82.23937712769906,48.6312379190844,230.50356107982464,115.43220823069997,-118.97160177908752,-27.32194915852262,58.15416927676202,-127.23315384510767,149.8617808594816,-214.642973763833,-108.86081803062385,31.11227824975144,-20.82114353424874,92.8998003987797,-241.94338355221612,-41.727919656723934,-86.74327156738644,-153.19300327114237,10.878436576451005,-3.196379392431471,-62.18739081453766,79.61122785729607,-42.48371319448723,22.960741779453762,46.901567455553064,-72.03476668416481,-6.856567621579661
13.320581571156962,58.35301201811193,-75.14723334825906,-100.05913749533914,37.20379744719068,-43.15918826539632,39.688548122562224,17.18414015585276,-18.34446057002647,34.67777201148102,-10.563648020377395,35.003686686810035,80.72101541542628,-4.240911333548408,26.32596155974375,-36.20246554431196,130.61734165031052,35.42246108324546,20.8993328456689,99.22747826106013,49.72412923583486,-51.25689287112335,-11.744931723136299,25.047368035475333,-54.672308936630245,64.46938437163213,-92.41162166634857,-46.77682269752731,13.360909692452317,-8.918670619494014,39.96314076360315,-104.06357821134903,-17.83977051896218,-37.334933321493395,-65.89956695120162,4.615419807600399,-1.357547067600223,-26.727429963044372,34.252685894054224,-18.28585903827219,9.856869581065782,20.09232657891278,-31.123314089710007,-3.0104309575000574
-14.024051263032604,-62.527754108391186,80.98460808927712,107.41647232439814,-40.1403435224235,46.400972418726845,-42.61118786922805,-18.34446057002647,19.983514762598407,-37.57795326673041,12.021295878978753,-37.63486513818473,-86.12133519152329,4.862219661890312,-28.035278832541568,39.2117008533935,-140.58670794731594,-38.340184892493355,-22.709876891253924,-106.6540341045536,-52.99573239418294,54.92348881674863,12.784833932758271,-26.631818766879412,58.45092373800683,-68.90994549377686,99.38485132240194,50.039558305371514,-14.599387253641959,9.845556902993538,-43.00659406712239,112.04937162005199,18.616444131564226,40.05089151390249,70.67372519455448,-4.707103654331781,1.2930779714294809,28.739259778455413,-36.509335827381946,19.365653603599505,-10.288153692819922,-21.6345131567707,33.386206243449394,3.521041035661792
26.830422400838305,118.51284470207442,-153.13163290259212,-203.34029447166358,75.74820481258057,-87.82631107760798,80.60744639405627,34.67777201148102,-37.57795326673041,70.89533263977722,-21.994157226676393,71.18015830070863,163.6958006087558,-8.869097268134327,53.35287635878578,-73.84509012846831,265.76823251139115,72.31581153529561,42.84387945427638,201.79499795730146,100.62799997005436,-104.04022895955887,-24.089691445230027,50.63525019989809,-111.01493119370818,130.74128856353065,-187.99023188317864,-95.00540353773106,27.48423161984883,-18.487230230503496,81.39826815233207,-211.96954461114956,-35.882194568253034,-75.84987512543155,-133.92601067625674,9.20881646674273,-2.608688207153874,-54.46529040649406,69.37535594146058,-36.87263703572304,19.756286912941196,41.01943883883211,-63.079981059391805,-6.350728941249556
-7.143900203706475,-34.952026512623135,46.350748242145755,60.81719804692715,-23.4180217993342,26.30897226459386,-24.299273835646513,-10.563648020377395,12.021295878978753,-21.994157226676393,9.009938509850054,-21.476151212396054,-46.876046607438894,3.7171470153566575,-15.097777110837944,23.285960583575264,-80.69887101575502,-22.41200340026503,-13.288942573656444,-60.69148720363827,-29.112416888414298,30.89716879221699,7.5481105976022995,-14.475536642755456,32.02118365141227,-38.21833995648702,56.70226437008476,27.553900885481898,-8.730533066253983,6.047761211277864,-24.369223259138693,63.90808228883236,8.731466290463985,22.62095913523157,39.65902344650211,-1.8679394554981015,0.2885343536813463,16.05051936161481,-19.91020197776118,10.327557136146318,-5.058506737379538,-12.071963017988377,19.28591772587081,2.88999485855897
27.24578364037697,119.64649298078132,-154.13395237438723,-205.11274065077848,76.18316663145023,-88.48548721390968,81.2102155900571,35.003686686810035,-37.63486513818473,71.18015830070863,-21.476151212396054,71.82898063041259,165.5016083958627,-8.604912294917199,53.98496290363681,-74.15574742364096,267.65185587307485,72.77165497538654,43.004918573943556,203.32195813486283,101.83600537373552,-105.05719138172576,-24.171183910346247,51.28060593251641,-112.20434761445277,131.92654368955516,-189.37845307640436,-95.91803484950732,27.49822521303463,-18.38391298433857,82.06350103347148,-213.33899275622008,-36.62486906481154,-76.44859758416509,-135.02490593906393,9.404710174422176,-2.734885701982503,-55.03355385923632,70.19789776970677,-37.41127276209229,20.08340061810642,41.242318501137284,-63.59568793358603,-6.195134225445009
64.36064684811151,277.3347289164935,-356.01972678142124,-474.2157921781801,175.2739551870295,-204.77515647944006,187.82278190158144,80.72101541542628,-86.12133519152329,163.6958006087558,-46.876046607438894,165.5016083958627,385.7663233186619,-18.768806971612186,126.02859117054551,-170.006855583403,617.5759070526741,166.9675425455442,98.77343552359656,470.1359645961091,236.6459793049931,-243.028137466109,-55.4067977159053,119.42322543688928,-261.0700958544943,306.9187675037421,-437.5932688509645,-223.22354891564086,62.98363834622137,-41.98560960199435,189.6112655712304,-493.3936606664267,-87.46998705213545,-177.1460485708087,-313.18146540685024,23.254383430859992,-7.086544524731417,-127.20470946036234,163.4213005578227,-87.47310522519237,47.832593244132944,96.04340419397187,-146.47457839490275,-12.857463740825533
-2.8472963362939865,-14.016056134355667,18.645071501391666,24.390605145916844,-9.438273049996054,10.570168365246486,-9.774830730054589,-4.240911333548408,4.862219661890312,-8.869097268134327,3.7171470153566575,-8.604912294917199,-18.768806971612186,1.5515888113100664,-6.041357008046556,9.382538434574089,-32.43453045783052,-9.005636475011075,-5.359197160811332,-24.38907487857426,-11.644179929905574,12.375556087520467,3.043345476264136,-5.781979364682311,12.813956447864772,-15.364548567303839,22.791728571096314,11.04789495177937,-3.5229359719781903,2.453855684520985,-9.778668734147699,25.721617787945675,3.455085352261942,9.0818991679255,15.93516543308678,-0.7453574970565308,0.1004513239710889,6.403691066114172,-7.965600081149732,4.119052542974992,-2.027673476745527,-4.8737768383401,7.746173342690205,1.1796961374343404
21.066500709761467,90.51981965321039,-116.11062220135771,-154.71292879282535,57.13039289019637,-66.80167425502097,61.264298006826294,26.32596155974375,-28.035278832541568,53.35287635878578,-15.097777110837944,53.98496290363681,126.02859117054551,-6.041357008046556,41.19583288235231,-55.3648325236997,201.40125924441276,54.40778155321299,32.19942281171653,153.3535603237841,77.28865589313338,-79.310774695077,-18.0507388187621,39.01918575170624,-85.26356537906943,100.21443425857319,-142.732999300054,-72.89722900118613,20.511309874492646,-13.664070331522078,61.86176276527142,-160.94287881792712,-28.701928178675416,-57.798506906158494,-102.21790588947798,7.66436336993156,-2.3510967861027616,-41.51214669166529,53.38593443644766,-28.58545673139576,15.683836563509187,31.35125904739368,-47.7647728456056,-4.116490387847936
-27.784199844068613,-123.29572110127562,159.41369278108405,211.71429253183965,-78.97509483380877,91.40242265031826,-83.95657467874221,-36.20246554431196,39.2117008533935,-73.84509012846831,23.285960583575264,-74.15574742364096,-170.006855583403,9.382538434574089,-55.3648325236997,77.08892912444287,-276.8461712595783,-75.40875857014564,-44.59189595289275,-210.10241501651865,-104.65950972902064,108.31228122797268,25.096754583022765,-52.62968088467734,115.33915371082418,-135.91278337994927,195.74654322629968,98.70267096462572,-28.62905967489237,19.242991722834528,-84.70488106129913,220.58334496289297,36.97324233106941,78.94346094310133,139.28741453159162,-9.38745423445479,2.638516384309867,56.65710567588269,-72.09544996143957,38.32159899994967,-20.405537138011077,-42.57347983860281,65.80427584766714,6.789539432632426
101.76278575169819,446.32236863399703,-575.388064367698,-765.1238810977965,284.3694967168936,-330.32102268903935,303.23980598312,130.61734165031052,-140.58670794731594,265.76823251139115,-80.69887101575502,267.65185587307485,617.5759070526741,-32.43453045783052,201.40125924441276,-276.8461712595783,998.8698849345448,271.27896146699163,160.4580747409378,758.9432986863352,379.6923291815208,-391.7340302146558,-90.17909636476854,191.21448383076012,-418.5604124984727,492.74293156753885,-706.8355613504199,-358.05728810765225,102.72051409368162,-68.81281265033897,306.0495784302734,-796.6712987083584,-136.62214678546542,-285.47303763269366,-504.1218741257165,35.348031492081915,-10.282807267930576,-204.95401481667355,261.80332085666265,-139.52717887522394,75.11738635462167,154.24977836025639,-237.2513719797447,-23.03457363099457
27.319870733563455,120.9945964338628,-156.2403280141219,-207.64158407746515,77.32204635038023,-89.60561349263703,82.23937712769906,35.42246108324546,-38.340184892493355,72.31581153529561,-22.41200340026503,72.77165497538654,166.9675425455442,-9.005636475011075,54.40778155321299,-75.40875857014564,271.27896146699163,73.93490396805866,43.71132286545822,205.9257735274402,102.7703695141702,-106.2719238074533,-24.5923710173065,51.6976323871438,-113.29364338696915,133.2593300847029,-191.84795665751597,-96.87641911653556,28.01838541957866,-18.793111536632534,83.1178763764912,-216.15314651020748,-36.52090847597826,-77.36395789073782,-136.57190606016988,9.261468451802825,-2.616184982087795,-55.705983955644776,70.81565677113656,-37.659425210841924,20.054825197060637,41.73387771659032,-64.43278441614007,-6.5572285762146665
16.156987126608165,71.53839737419173,-92.46991813891317,-122.75605778570107,45.73709245888748,-53.014002848403884,48.6312379190844,20.8993328456689,-22.709876891253924,42.84387945427638,-13.288942573656444,43.004918573943556,98.77343552359656,-5.359197160811332,32.19942281171653,-44.59189595289275,160.4580747409378,43.71132286545822,25.92490443566553,121.8002257754478,60.71639249639759,-62.81192584955844,-14.574875113701014,30.541341355405386,-67.0095952944988,78.85614922315087,-113.48894418394869,-57.331901244702095,16.626977999049096,-11.197039492079107,49.176739373405916,-127.97658621448092,-21.62373299257153,-45.76047753567933,-80.82924468166566,5.522534646024322,-1.5508462698233845,-32.92324484732638,41.861641517916965,-22.216192750661058,11.88750229425647,24.75928849970012,-38.06254617552745,-3.8672856241559246
77.66207790398829,339.42803093788837,-437.27262000916096,-581.5836029911575,215.94909505893287,-251.12653051678217,230.50356107982464,99.22747826106013,-106.6540341045536,201.79499795730146,-60.69148720363827,203.32195813486283,470.1359645961091,-24.38907487857426,153.3535603237841,-210.10241501651865,758.9432986863352,205.9257735274402,121.8002257754478,576.8928624316811,288.8904203794839,-297.78937095954893,-68.4362057444971,145.54247227052397,-318.5412473825097,374.9568874932693,-537.2051369891892,-272.4897757300308,77.92894250675761,-52.16107999636451,232.60694310361043,-605.5605954702223,-104.48510999860922,-217.07066937887768,-383.3963708636977,27.198394820613938,-7.98240935226614,-155.79664000612325,199.2597603042826,-106.29772491826047,57.40089073005798,117.39673142727354,-180.19230957932294,-17.174193511827447
39.37922399060933,170.36528555309775,-218.73797151163672,-291.4826019554285,107.83819541080432,-125.77900737254598,115.43220823069997,49.72412923583486,-52.99573239418294,100.62799997005436,-29.112416888414298,101.83600537373552,236.6459793049931,-11.644179929905574,77.28865589313338,-104.65950972902064,379.6923291815208,102.7703695141702,60.71639249639759,288.8904203794839,145.3928416793814,-149.40783412735868,-34.077665387702986,73.33202767810526,-160.20061514436225,188.36331815586146,-268.9393332150567,-136.94215973687872,38.70289331776197,-25.768523998537415,116.52085724965417,-303.0400535880296,-53.374026853470454,-108.79321655999611,-192.29493571373524,14.052377179010813,-4.259238251776543,-78.16409044054275,100.32660794988489,-53.68026566023146,29.22675857772574,58.82653085643172,-90.18420334528423,-8.097900270516298
-40.20269217164497,-175.3638629698153,225.64057453983793,300.38735909955216,-111.39593183868365,129.6257912963789,-118.97160177908752,-51.25689287112335,54.92348881674863,-104.04022895955887,30.89716879221699,-105.05719138172576,-243.028137466109,12.375556087520467,-79.310774695077,108.31228122797268,-391.7340302146558,-106.2719238074533,-62.81192584955844,-297.78937095954893,-149.40783412735868,153.89181688670485,35.281313747241775,-75.28837345819849,164.65065691047275,-193.6416128669759,277.30195834589176,140.7752708149046,-40.12967848729402,26.801380841340443,-120.13074024414841,312.4605736366965,54.21137317083247,112.06113842238429,197.96633098990878,-14.09779219484683,4.1811976282975545,80.55101334634479,-103.04376186003705,55.006594210841925,-29.72729530135249,-60.532708728200596,93.05622433481278,8.758568190888552
-9.042883445921696,-40.173237787901925,51.9622902869258,68.96795069359838,-25.717392054941488,29.783894111383546,-27.32194915852262,-11.744931723136299,12.784833932758271,-24.089691445230027,7.5481105976022995,-24.171183910346247,-55.4067977159053,3.043345476264136,-18.0507388187621,25.096754583022765,-90.17909636476854,-24.5923710173065,-14.574875113701014,-68.4362057444971,-34.077665387702986,35.281313747241775,8.201302710652621,-17.132935256279325,37.60584813456003,-44.253682293393055,63.769216189569725,32.171694586189616,-9.354874323429978,6.3001421081360345,-27.629948650640255,71.89663731814679,12.07002920163999,25.70051178541571,45.38342271199904,-3.059899309604578,0.8515929897432074,18.49679299460955,-23.487005438959628,12.460581323350189,-6.637796535878336,-13.893931282477654,21.393178947470087,2.210707454453607
19.925421647225132,85.87551518973551,-110.1675908740502,-146.8616747796039,54.270797400136104,-63.37762932193605,58.15416927676202,25.047368035475333,-26.631818766879412,50.63525019989809,-14.475536642755456,51.28060593251641,119.42322543688928,-5.781979364682311,39.01918575170624,-52.62968088467734,191.21448383076012,51.6976323871438,30.541341355405386,145.54247227052397,73.33202767810526,-75.28837345819849,-17.132935256279325,37.01401719883158,-80.81505481518577,95.00401200322891,-135.46815826196774,-69.08241861350776,19.45966367361169,-12.943203080838796,58.69469694241105,-152.66223941000615,-27.072456845777893,-54.83817850758104,-96.93367403695659,7.175577259063972,-2.193021390801949,-39.38650630039003,50.61790030454656,-27.110476054505,14.807510869818707,29.666195580235982,-45.40678158943681,-3.9903197326978876
-43.46245948508118,-187.84802013984796,241.2834624530355,321.32385074964674,-118.82708557167398,138.74011777507147,-127.23315384510767,-54.672308936630245,58.45092373800683,-111.01493119370818,32.02118365141227,-112.20434761445277,-261.0700958544943,12.813956447864772,-85.26356537906943,115.33915371082418,-418.5604124984727,-113.29364338696915,-67.0095952944988,-318.5412473825097,-160.20061514436225,164.65065691047275,37.60584813456003,-80.81505481518577,176.75676160798398,-207.71706389710357,296.5181594055144,151.1096142612634,-42.75661122774477,28.516889068920612,-128.51040984840026,334.2949707578384,58.98598882114776,119.98248497878907,212.085208844285,-15.587294706095381,4.718440839006251,86.24611548532161,-110.60940126471961,59.16548992553064,-32.23506811300592,-65.01675763999008,99.26069607437012,8.865204210711926
51.075150445566116,220.92902455686612,-284.0005935102389,-378.0017423510289,140.01194271232674,-163.27213254767062,149.8617808594816,64.46938437163213,-68.90994549377686,130.74128856353065,-38.21833995648702,131.92654368955516,306.9187675037421,-15.364548567303839,100.21443425857319,-135.91278337994927,492.74293156753885,133.2593300847029,78.85614922315087,374.9568874932693,188.36331815586146,-193.6416128669759,-44.253682293393055,95.00401200322891,-207.71706389710357,244.58303930485758,-349.0482558140624,-177.70965620916402,50.338325211448705,-33.621433776536904,151.11403675475188,-393.5934450168019,-69.12685030237921,-141.23592503546809,-249.62823741688774,18.333874311923374,-5.520961152859621,-101.18860402919672,130.0263777710743,-69.52795416834799,37.96260523612785,76.55320871174085,-116.94488937571839,-10.521315517534163
-72.22493549439994,-316.0333388381176,407.2290073431258,541.5765010446231,-201.16005371187094,233.83714205350262,-214.642973763833,-92.41162166634857,99.38485132240194,-187.99023188317864,56.70226437008476,-189.37845307640436,-437.5932688509645,22.791728571096314,-142.732999300054,195.74654322629968,-706.8355613504199,-191.84795665751597,-113.48894418394869,-537.2051369891892,-268.9393332150567,277.30195834589176,63.769216189569725,-135.46815826196774,296.5181594055144,-349.0482558140624,500.2810635517488,253.6517650087396,-72.61720344888118,48.62425657330725,-216.625357078031,563.9215427034168,97.11325960196675,202.10818915592446,356.9717244513542,-25.22995533609093,7.382833227190451,145.0791792888074,-185.4803641578702,98.90494675279331,-53.36905340350054,-109.28293586670017,167.8396294198604,16.092067928131716
-37.157623696996026,-160.62293956627195,206.41735221425697,274.78198548698384,-101.67776281771394,118.68077271392805,-108.86081803062385,-46.77682269752731,50.039558305371514,-95.00540353773106,27.553900885481898,-95.91803484950732,-223.22354891564086,11.04789495177937,-72.89722900118613,98.70267096462572,-358.05728810765225,-96.87641911653556,-57.331901244702095,-272.4897757300308,-136.94215973687872,140.7752708149046,32.171694586189616,-69.08241861350776,151.1096142612634,-177.70965620916402,253.6517650087396,129.2342356644837,-36.602991748135565,24.44251750585135,-109.88600398000872,286.032530444627,50.38083119716711,102.64766293275993,181.43013888728862,-13.348370148613435,4.030837717467449,73.68294135316823,-94.5552742118238,50.562773625295094,-27.579899951758616,-55.65362169453602,84.91390183569641,7.602352981495728
10.257444570374062,45.69263673151529,-59.204226486043694,-78.49373935314135,29.302104218952188,-33.91977882204892,31.11227824975144,13.360909692452317,-14.599387253641959,27.48423161984883,-8.730533066253983,27.49822521303463,62.98363834622137,-3.5229359719781903,20.511309874492646,-28.62905967489237,102.72051409368162,28.01838541957866,16.626977999049096,77.92894250675761,38.70289331776197,-40.12967848729402,-9.354874323429978,19.45966367361169,-42.75661122774477,50.338325211448705,-72.61720344888118,-36.602991748135565,10.703482225329193,-7.236176502000269,31.448959491580464,-81.91767859208315,-13.65242754909083,-29.2752956602038,-51.660257640949524,3.4644262176747795,-0.9541216462065629,-21.043612344982186,26.680242353608445,-14.135848836340575,7.515472073092543,15.839360075373037,-24.353213675775542,-2.5593832555184823
-6.795110989332842,-30.513498130227003,39.68626073534448,52.47972460140704,-19.656199915368646,22.70597492243857,-20.82114353424874,-8.918670619494014,9.845556902993538,-18.487230230503496,6.047761211277864,-18.38391298433857,-41.98560960199435,2.453855684520985,-13.664070331522078,19.242991722834528,-68.81281265033897,-18.793111536632534,-11.197039492079107,-52.16107999636451,-25.768523998537415,26.801380841340443,6.3001421081360345,-12.943203080838796,28.516889068920612,-33.621433776536904,48.62425657330725,24.44251750585135,-7.236176502000269,4.933362462226987,-21.048213363415005,54.91456338809448,8.991193212368968,19.587642518931062,34.55667526648761,-2.2755533462086874,0.606206661212518,14.053002836107694,-17.767254462405795,9.370695157436783,-4.971214500687713,-10.626836321559642,16.292049451738315,1.7822509414843317
31.292805411460847,136.91059442789995,-176.3497563332612,-234.57856511623493,87.06469596601721,-101.26345837423449,92.8998003987797,39.96314076360315,-43.00659406712239,81.39826815233207,-24.369223259138693,82.06350103347148,189.6112655712304,-9.778668734147699,61.86176276527142,-84.70488106129913,306.0495784302734,83.1178763764912,49.176739373405916,232.60694310361043,116.52085724965417,-120.13074024414841,-27.629948650640255,58.69469694241105,-128.51040984840026,151.11403675475188,-216.625357078031,-109.88600398000872,31.448959491580464,-21.048213363415005,93.86949283170115,-244.16996776847174,-42.15673061260469,-87.49781832652977,-154.5835826499622,10.928535006562495,-3.200371641565929,-62.935518374968176,80.3725346538396,-42.84869383487095,23.105579988860686,47.32027483216858,-72.63230870078215,-6.943403155816648
-81.47320248983836,-356.20634252075587,459.1175037544261,610.3429131715287,-226.7090091201448,263.6292687481322,-241.94338355221612,-104.06357821134903,112.04937162005199,-211.96954461114956,63.90808228883236,-213.33899275622008,-493.3936606664267,25.721617787945675,-160.94287881792712,220.58334496289297,-796.6712987083584,-216.15314651020748,-127.97658621448092,-605.5605954702223,-303.0400535880296,312.4605736366965,71.89663731814679,-152.66223941000615,334.2949707578384,-393.5934450168019,563.9215427034168,286.032530444627,-81.91767859208315,54.91456338809448,-244.16996776847174,635.8739983689709,109.60457683239086,227.85543089124744,402.49096696644375,-28.584621045938704,8.3588249366361609,163.47154808823396,-209.05814860268626,111.44977621175734,-60.24233902874536,-123.3606889225888,189.05675120328826,18.05509491355546
-15.018379961830476,-62.095130079402594,78.90168882616376,105.52862202244953,-38.480411931564646,45.593488110991146,-41.727919656723934,-17.83977051896218,18.616444131564226,-35.882194568253034,8.731466290463985,-36.62486906481154,-87.46998705213545,3.455085352261942,-28.701928178675416,36.97324233106941,-136.62214678546542,-36.52090847597826,-21.62373299257153,-104.48510999860922,-53.374026853470454,54.21137317083247,12.07002920163999,-27.072456845777893,58.98598882114776,-69.12685030237921,97.11325960196675,50.38083119716711,-13.65242754909083,8.991193212368968,-42.15673061260469,109.60457683239086,20.980402807839088,39.53540895741953,70.09611437956198,-5.9091248637127896,1.9627955072853962,28.396941059675363,-36.99271943487361,19.995258099966723,-11.340364663094846,-21.610783618625995,32.29076208118811,2.0944687768408348
-29.338360108868503,-127.76378724942249,164.49465133309567,218.83317417866067,-81.17865049261174,94.50547550477853,-86.74327156738644,-37.334933321493395,40.05089151390249,-75.84987512543155,22.62095913523157,-76.44859758416509,-177.1460485708087,9.0818991679255,-57.798506906158494,78.94346094310133,-285.47303763269366,-77.36395789073782,-45.76047753567933,-217.07066937887768,-108.79321655999611,112.06113842238429,25.70051178541571,-54.83817850758104,119.98248497878907,-141.23592503546809,202.10818915592446,102.64766293275993,-29.2752956602038,19.587642518931062,-87.49781832652977,227.85543089124744,39.53540895741953,81.72593386505984,144.33947282581352,-10.361930810795712,3.075076452744773,58.61237152843546,-75.06144478376166,40.07943832188245,-21.712040331502994,-44.22071963614651,67.77043869961955,6.343505514915947
-51.92144382444021,-225.7514566981476,290.5283229842704,386.52801832258825,-143.32625217354385,166.9315422709546,-153.19300327114237,-65.89956695120162,70.67372519455448,-133.92601067625674,39.65902344650211,-135.02490593906393,-313.18146540685024,15.93516543308678,-102.21790588947798,139.28741453159162,-504.1218741257165,-136.57190606016988,-80.82924468166566,-383.3963708636977,-192.29493571373524,197.96633098990878,45.38342271199904,-96.93367403695659,212.085208844285,-249.62823741688774,356.9717244513542,181.43013888728862,-51.660257640949524,34.55667526648761,-154.5835826499622,402.49096696644375,70.09611437956198,144.33947282581352,255.04397097050077,-18.42147205106771,5.479188942710406,103.54499299585484,-132.69814334403998,70.85128587285345,-38.48179156767739,-78.16739141271711,119.64116840211597,11.080206728779606
4.134173426271109,16.24762099492765,-20.4796377685984,-27.418855892633342,9.881742917263287,-11.89586909406983,10.878436576451005,4.615419807600399,-4.707103654331781,9.20881646674273,-1.8679394554981015,9.404710174422176,23.254383430859992,-0.7453574970565308,7.66436336993156,-9.38745423445479,35.348031492081915,9.261468451802825,5.522534646024322,27.198394820613938,14.052377179010813,-14.09779219484683,-3.059899309604578,7.175577259063972,-15.587294706095381,18.333874311923374,-25.22995533609093,-13.348370148613435,3.4644262176747795,-2.2755533462086874,10.928535006562495,-28.584621045938704,-5.9091248637127896,-10.361930810795712,-18.42147205106771,1.811322175179698,-0.6406691413920028,-7.333042790061941,9.790720914370132,-5.344449563022647,3.2006807558774755,5.758444626244736,-8.312421662306612,-0.3015082654547412
-1.329520728259565,-4.836246928974133,5.959892785411449,8.078158138399921,-2.822240254703129,3.4998495294153615,-3.196379392431471,-1.357547067600223,1.2930779714294809,-2.608688207153874,0.2885343536813463,-2.734885701982503,-7.086544524731417,0.1004513239710889,-2.3510967861027616,2.638516384309867,-10.282807267930576,-2.616184982087795,-1.5508462698233845,-7.98240935226614,-4.259238251776543,4.1811976282975545,0.8515929897432074,-2.193021390801949,4.718440839006251,-5.520961152859621,7.382833227190451,4.030837717467449,-0.9541216462065629,0.606206661212518,-3.200371641565929,8.3588249366361609,1.9627955072853962,3.075076452744773,5.479188942710406,-0.6406691413920028,0.2584912107945162,2.1669393217719333,-2.9803322335413625,1.6624260671702946,-1.0514456130883885,-1.7127029575964006,2.4194902287397664,-0.02960519302581095
-21.012834239660968,-91.79955032764413,118.10902508713866,157.23605330112213,-58.24136569826629,67.84076199233361,-62.18739081453766,-26.727429963044372,28.739259778455413,-54.46529040649406,16.05051936161481,-55.03355385923632,-127.20470946036234,6.403691066114172,-41.51214669166529,56.65710567588269,-204.95401481667355,-55.705983955644776,-32.92324484732638,-155.79664000612325,-78.16409044054275,80.55101334634479,18.49679299460955,-39.38650630039003,86.24611548532161,-101.18860402919672,145.0791792888074,73.68294135316823,-21.043612344982186,14.053002836107694,-62.935518374968176,163.47154808823396,28.396941059675363,58.61237152843546,103.54499299585484,-7.333042790061941,2.1669393217719333,42.31140274458098,-53.926744518964654,28.776496370441073,-15.474930793317576,-31.67585704661644,48.61076027349102,4.600149800523605
27.24078366447749,117.5481398182432,-150.87513044542058,-201.03279631675957,74.32043891656491,-86.77426739993929,79.61122785729607,34.252685894054224,-36.509335827381946,69.37535594146058,-19.91020197776118,70.19789776970677,163.4213005578227,-7.965600081149732,53.38593443644766,-72.09544996143957,261.80332085666265,70.81565677113656,41.861641517916965,199.2597603042826,100.32660794988489,-103.04376186003705,-23.487005438959628,50.61790030454656,-110.60940126471961,130.0263777710743,-185.4803641578702,-94.5552742118238,26.680242353608445,-17.767254462405795,80.3725346538396,-209.05814860268626,-36.99271943487361,-75.06144478376166,-132.69814334403998,9.790720914370132,-2.9803322335413625,-53.926744518964654,69.25869111664065,-37.071269701906886,20.23552347730404,40.64290334593602,-62.13805576634333,-5.495091911704684
-14.66868427568123,-62.792073693665415,80.4102729017937,107.27243564432953,-39.55844277354152,46.298660854935626,-42.48371319448723,-18.28585903827219,19.365653603599505,-36.87263703572304,10.327557136146318,-37.41127276209229,-87.47310522519237,4.119052542974992,-28.58545673139576,38.32159899994967,-139.52717887522394,-37.659425210841924,-22.216192750661058,-106.29772491826047,-53.68026566023146,55.006594210841925,12.460581323350189,-27.110476054505,59.16548992553064,-69.52795416834799,98.90494675279331,50.562773625295094,-14.135848836340575,9.370695157436783,-42.84869383487095,111.44977621175734,19.995258099966723,40.07943832188245,70.85128587285345,-5.344449563022647,1.6624260671702946,28.776496370441073,-37.071269701906886,19.912776066949068,-10.916725224458839,-21.70193839519838,33.12171573777862,2.7923613749076193
8.186882421697376,34.026579212914335,-43.3447929006554,-57.89615327797628,21.215350416159335,-25.025829462476146,22.960741779453762,9.856869581065782,-10.288153692819922,19.756286912941196,-5.058506737379538,20.08340061810642,47.832593244132944,-2.027673476745527,15.683836563509187,-20.405537138011077,75.11738635462167,20.054825197060637,11.88750229425647,57.40089073005798,29.22675857772574,-29.72729530135249,-6.637796535878336,14.807510869818707,-32.23506811300592,37.96260523612785,-53.36905340350054,-27.579899951758616,7.515472073092543,-4.971214500687713,23.105579988860686,-60.24233902874536,-11.340364663094846,-21.712040331502994,-38.48179156767739,3.2006807558774755,-1.0514456130883885,-15.474930793317576,20.23552347730404,-10.916725224458839,6.208057601444767,11.85522770011627,-17.805650387642846,-1.2187707991236227
15.964790379183672,69.12507155170408,-89.00321623939674,-118.26007753465564,43.83288064434811,-51.14507369393252,46.901567455553064,20.09232657891278,-21.6345131567707,41.01943883883211,-12.071963017988377,41.242318501137284,96.04340419397187,-4.8737768383401,31.35125904739368,-42.57347983860281,154.24977836025639,41.73387771659032,24.75928849970012,117.39673142727354,58.82653085643172,-60.532708728200596,-13.893931282477654,29.666195580235982,-65.01675763999008,76.55320871174085,-109.28293586670017,-55.65362169453602,15.839360075373037,-10.626836321559642,47.32027483216858,-123.3606889225888,-21.610783618625995,-44.22071963614651,-78.16739141271711,5.758444626244736,-1.7127029575964006,-31.67585704661644,40.64290334593602,-21.70193839519838,11.85522770011627,24.066988672114093,-36.516675202088216,-3.3055692418124494
-24.11194154481965,-105.94464454344373,136.5574548415418,181.69865330864405,-67.58202766097571,78.39022154132816,-72.03476668416481,-31.123314089710007,33.386206243449394,-63.079981059391805,19.28591772587081,-63.59568793358603,-146.47457839490275,7.746173342690205,-47.7647728456056,65.80427584766714,-237.2513719797447,-64.43278441614007,-38.06254617552745,-180.19230957932294,-90.18420334528423,93.05622433481278,21.393178947470087,-45.40678158943681,99.26069607437012,-116.94488937571839,167.8396294198604,84.91390183569641,-24.353213675775542,16.292049451738315,-72.63230870078215,189.05675120328826,32.29076208118811,67.77043869961955,119.64116840211597,-8.312421662306612,2.4194902287397664,48.61076027349102,-62.13805576634333,33.12171573777862,-17.805650387642846,-36.516675202088216,56.46373533491387,5.537194378798966
-1.8262300093056416,-9.819275429824721,13.1763140835062,17.259929708655065,-6.74357167149087,7.422063951303542,-6.856567621579661,-3.0104309575000574,3.521041035661792,-6.350728941249556,2.88999485855897,-6.195134225445009,-12.857463740825533,1.1796961374343404,-4.116490387847936,6.789539432632426,-23.03457363099457,-6.5572285762146665,-3.8672856241559246,-17.174193511827447,-8.097900270516298,8.758568190888552,2.210707454453607,-3.9903197326978876,8.865204210711926,-10.521315517534163,16.092067928131716,7.602352981495728,-2.5593832555184823,1.7822509414843317,-6.943403155816648,18.05509491355546,2.0944687768408348,6.343505514915947,11.080206728779606,-0.3015082654547412,-0.02960519302581095,4.600149800523605,-5.495091911704684,2.7923613749076193,-1.2187707991236227,-3.3055692418124494,5.537194378798966,1.0304186970611577
