V1,V2,V3,V4,V5,V6,V7,V8,V9,V10,V11,V12,V13,V14,V15,V16,V17,V18,V19,V20,V21,V22,V23,V24,V25,V26,V27,V28,V29,V30,V31,V32,V33,V34,V35,V36,V37,V38,V39,V40,V41,V42,V43,V44
1.1221741591224068,-0.0304677012700862,0.13061012813923617,0.6300396825434905,1.3112759325951038,0.21056210688552848,-0.015896792905156384,-1.1360771489548211,-0.37540349597086903,0.03977383755506828,-0.43616766855421774,-0.19073212546073212,-0.11564134923583913,2.204489876341065,0.29757606011502546,-0.3213052134211448,-0.1519008686210223,0.9278296781554523,-0.13642127703568216,-0.12384312189941546,-1.57632696341312,0.6699969959213703,0.15930995151135793,-0.8056090706937259,0.063417278475662,-0.07373588529087312,0.6488736430723391,0.3420517863937954,0.13723765933917095,0.17817370216814246,0.099743175819229965,0.07685944816878973,-0.13977683633680868,0.08375593983509753,-0.8471872094721589,0.7709948491880748,0.5649155086557772,0.5086193278426082,0.07302054995344169,-0.46887449659823427,0.3264708727793279,1.4687058972278142,-0.9053165670481169,0.4846348501631883
-0.0304677012700862,0.3194687469378198,0.6603112992482885,-0.22707843306907477,-0.392173643124938,0.024232712750947967,-0.09300604268279922,0.6305515494288729,-0.15961110383695595,0.19056809954394402,0.2829779464854231,-0.570146948419501,7.474633886382279e-4,-1.0042362255201585,-0.2011446876551091,-0.07173026648529114,0.17884739088868398,-0.3645754937166287,-0.13071503688609323,-0.1594959934583432,0.059097618414227435,-0.7889639112012743,0.1907401878186791,0.5064149329425621,0.07967474274632054,0.19861598347458811,-0.26456008398291336,-0.41457853704694503,0.04351401850348239,-0.40571911281503464,-0.20524378213431682,-0.18086615182617177,0.18521925719361174,-0.4501286634814614,0.12913670377507186,-0.05311232113843138,-0.24340473189106818,-0.35214513283150056,0.11468870294218132,-0.019687172407485746,-0.3371372033723654,-0.4795298464618474,0.09105511855832397,-0.08652093577722098
0.13061012813923617,0.6603112992482885,2.6219460890850517,-0.3909233350831969,-1.0951719513452118,1.0502237440173554,0.09828092423326704,1.2118585147462282,-1.253757114699245,0.3877805101504295,0.5661835404081286,-1.697209279937357,-0.3509322646005014,-3.104091252269238,-1.1855213871261492,-0.6683748721963256,0.4077894505824378,-0.7495258469195789,-0.9599336443802823,-0.5469990099178982,-0.3171965523678375,-2.7686045772892665,1.0743030287600392,1.2839257000448443,0.2994234306092015,0.5185398764953597,-1.345840317360905,-1.1559860800836332,0.8788767220846239,-1.8905245558642931,0.3427987973671957,-0.7642513686256627,0.31840372926685906,-1.7819305854774674,-0.03703872527677543,0.017824477276326307,-0.2880306786281332,-0.5055541720208923,0.5697238097727868,-0.35317652647209163,-1.5465730557131199,-0.9985137498662526,0.25028586775201933,-0.15096059469806766
0.6300396825434905,-0.22707843306907477,-0.3909233350831969,0.7038102701236101,0.7851621008220747,0.03929620220498631,0.16087749173566773,-1.0499252923060918,0.16145019697583776,-0.2838093121734885,-0.31716758229657677,0.3477269287218119,-0.027530447129174875,2.133754065383356,0.19918849514023085,-0.35791550083487744,-0.3869556441290657,0.6118078758690575,-0.1337577470963947,0.12716205893523366,-0.7782061513362266,1.024656819382872,0.08810980554384826,-1.1518455600834827,0.05815860025006341,-0.19614413609465642,0.48668850716573825,0.5197252528635182,-0.061597527069471095,0.5409170648380063,0.38339528331012324,0.26329876507911604,-0.2318743515518221,0.3236230629918614,-0.6137917763373751,0.5964361186275136,0.5667797284252426,0.6171961036710651,-0.21577642658715826,-0.28141886504397823,0.4349355109551559,1.1150480067783832,-0.6041603929011136,0.18530560931059933
1.3112759325951038,-0.392173643124938,-1.0951719513452118,0.7851621008220747,2.6054757282032357,0.20316565959610186,-0.13662274546174305,-2.355485287267953,-0.32403624980897344,0.10500484295677957,-0.9565242422560989,0.9436355644247539,0.10403962266326285,4.093835914404321,1.2191401684783154,0.49908474147650245,-0.008787151002278124,2.009620576226762,0.7081551918281848,0.15081291744760744,-1.6945112545240693,1.9983990370103237,-0.5901765638107439,-1.1317171130185903,-0.26265997118862106,-0.5492645465583684,1.5703779560298339,0.7839209169561807,-0.34951625262609837,1.0200554088488432,-0.30627962153042154,0.5179620063306495,-0.6169517415415527,1.0793489981924893,-1.1430082733398552,0.8097346491182518,0.857401775677924,0.6534946725865837,0.2816841596431665,-0.15669649640344416,1.0879438423667143,2.31826719661678,-1.203809902111329,0.8869616262882988
0.21056210688552848,0.024232712750947967,1.0502237440173554,0.03929620220498631,0.20316565959610186,1.3401274371977667,0.24967666694485377,-0.5842203674882118,-1.1114714621551325,0.14365364804938136,-0.048432894277601175,0.1483174901688484,-0.06989694949035426,-0.6718083363208884,-0.30066486815473964,0.1214690313955877,0.357385604570457,0.5252051122331485,-0.15316407620626848,-0.012709699010510748,-0.1188881257491289,-1.0610923012321631,0.3347742342397578,0.44288146351160884,-0.061051546132587585,-0.2213918984185053,-0.47890943620287435,-0.5040244868792381,0.3532178088474428,-0.7983433624008556,0.4316322619330332,-0.07430770736061999,-0.47573464853328884,-0.5583927542012124,-0.540516159921848,0.14526304375447352,0.29061859973947174,-0.05660465938192936,0.7318010942873078,0.030098562879623706,-0.7419414253281481,0.0371806294853006,0.005425264980115717,0.18738667101419337
-0.015896792905156384,-0.09300604268279922,0.09828092423326704,0.16087749173566773,-0.13662274546174305,0.24967666694485377,0.28690669782217393,-0.3014428508988794,-0.127024063065729,-0.19440737075473377,-0.060002805958830334,0.2474231048288797,0.03954117277471544,0.03967649263927192,-0.20802644846445,-0.18296137585868366,-0.0981420117297076,-0.00750077696073912,-0.29234341579135137,0.11877843096204546,0.08987921142343135,-0.10876054612597838,0.24730672027304462,-0.2164457910509694,0.0021677048286865884,-0.14244248859930678,-0.16002432633987848,-0.04515732268859339,0.09774324272884488,-0.12587678497856597,0.4399307430718634,0.19591927523491914,-0.1700383368980258,-0.04951914881569936,-0.15630111410932107,0.17660628817966484,0.20460713626360064,0.17879400142840385,0.029048975335573032,-0.04519188846644481,-0.182176639230634,0.048731366320201835,0.11228597454232178,0.006498242741297103
-1.1360771489548211,0.6305515494288729,1.2118585147462282,-1.0499252923060918,-2.355485287267953,-0.5842203674882118,-0.3014428508988794,3.1829565742090726,0.7606475339953682,0.3196878070999368,1.1782609741575951,-1.7508113452996141,-0.3817118279454127,-4.053174278532478,-1.0540084127359317,-0.45331087998899633,-0.02150581997958914,-2.041798606190546,-0.18487892811851225,-0.5280206831031239,1.544687444810948,-1.8473823658460566,0.24749211602232,1.3494179060230813,0.23889127733219118,0.710322393323877,-1.3150371097206224,-0.7645252520217432,0.009142793955547224,-0.6596236295196031,-0.6193136866521453,-1.0093988415055106,0.939845966210237,-1.230081317084656,1.4113749644030524,-1.0593011320843533,-1.242842355694098,-0.989405915614038,-0.44429940716682687,0.12628700371460774,-0.7103694099462063,-2.558462788270861,0.8180331864556712,-1.0199476441104396
-0.37540349597086903,-0.15961110383695595,-1.253757114699245,0.16145019697583776,-0.32403624980897344,-1.1114714621551325,-0.127024063065729,0.7606475339953682,1.9059109764272026,-0.27466293038402556,0.3721832207246817,0.15980082602975712,-0.13759394364322755,1.271964055049337,0.1860382434118691,-0.2819571451726033,-0.8041025743202194,-0.47093924428360345,0.5857924737644468,0.10154326298337475,0.9246119411332661,1.6164728713020715,-0.5483782820305412,-1.1537534834456156,-0.02191925224397618,-0.11520956228903602,0.420950046383432,0.7207073055682878,-0.931277052992554,1.6260928866325601,-0.5038293415937531,-0.03274446967751894,0.21811178192769679,0.5535203290604401,0.510118634858878,-0.2867245795719022,-0.2521882986140411,0.13705450115542533,-1.043296063938895,0.11466466808979477,1.0834533583172274,-0.37991801777761375,-0.23209301398925408,-0.6576893049985393
0.03977383755506828,0.19056809954394402,0.3877805101504295,-0.2838093121734885,0.10500484295677957,0.14365364804938136,-0.19440737075473377,0.3196878070999368,-0.27466293038402556,0.3334794955255744,0.09150021295216526,-0.3476796172130937,-0.045198996478408665,-0.5957070222951555,0.06565782777666626,0.2519497145105567,0.2849651893522794,0.06504006253506131,0.2363668152671784,-0.16968015500842795,-0.04416093088105167,-0.4701004942060705,-0.10979236583667351,0.5867220534545636,-0.06375402721270984,0.07270812790497719,-0.023797376705580003,-0.29031269601426274,-0.033890929822179575,-0.24174456095493219,-0.44273664160249765,-0.21574763170279154,0.048331102558010916,-0.22227861411064898,0.07770296704068438,-0.16341690867258143,-0.21019783311745352,-0.34720129891999074,0.26698326683198265,0.08731097181332831,-0.12755988513820238,-0.24916520145614696,-0.02458211450304926,0.06544839317643562
-0.43616766855421774,0.2829779464854231,0.5661835404081286,-0.31716758229657677,-0.9565242422560989,-0.048432894277601175,-0.060002805958830334,1.1782609741575951,0.3721832207246817,0.09150021295216526,0.6150255194176333,-0.5372555943326138,-0.11301508948876149,-1.4400437848643548,-0.4056708317540618,-0.1852268318762679,-0.045434531844432274,-0.752482624489983,0.02415528558363917,-0.10772892166429483,0.7997158267725565,-0.7303159324660765,0.10261243311631758,0.35011622644841245,0.0608989042521091,0.18736816588027613,-0.5355207867873253,-0.3422707159202263,-0.14913990914944789,-0.11791225117628669,-0.217283326139929,-0.3464742426270221,0.23294319443996564,-0.5471652500668459,0.3998431545881275,-0.36333401463148823,-0.4412935921785095,-0.39610180857469357,-0.15748997268696147,0.09720825647885928,-0.27815649885996385,-1.0591273573285847,0.2545829089769706,-0.48637532531130984
-0.19073212546073212,-0.570146948419501,-1.697209279937357,0.3477269287218119,0.9436355644247539,0.1483174901688484,0.2474231048288797,-1.7508113452996141,0.15980082602975712,-0.3476796172130937,-0.5372555943326138,2.1922473561975693,0.6096010251903529,1.9822694632350164,0.945312027264061,0.981544946795907,0.08856502054092191,1.0154660462923293,0.7172815670752126,0.722590807553528,0.6510952372861072,1.4644275153842088,-0.7032775706074195,-0.6103936020996181,-0.3528920130896643,-0.7834032076069528,0.8223969065113957,0.40609572391666027,-0.6659248306909417,1.0210624641352408,0.15597256824869374,1.0384980667908277,-0.8600135132793514,1.3655708983080372,-0.3845037449789942,0.13861832378150016,0.516519580097116,0.23702723157573743,0.23639777922772448,0.5790570640599253,0.6685892349963548,0.7200664317607551,0.071975012765658,0.32124141784371735
-0.11564134923583913,7.474633886382279e-4,-0.3509322646005014,-0.027530447129174875,0.10403962266326285,-0.06989694949035426,0.03954117277471544,-0.3817118279454127,-0.13759394364322755,-0.045198996478408665,-0.11301508948876149,0.6096010251903529,0.41476765852019243,0.07021042799767421,0.33738832916307726,0.4444921499305701,0.25619791983019163,0.12011030673198343,0.09956657869222092,0.23699715453529563,0.24545914320933698,0.01278440474317948,-0.1349441368052567,0.23044035370117394,-0.057646376747768825,-0.14873873799040047,0.22666406574287648,-0.18284317687110235,-0.21094225676700215,0.04150202581987751,-0.04120147320730611,0.47153016737204145,-0.20928045046271576,0.37914953379941724,-0.03383434503614529,0.08779085108779279,0.05276168175954838,-0.19802385229173514,0.22641230726398495,0.25991656505404065,0.00974807356931312,0.019600442306513838,0.18510945809875046,0.17966195477959612
2.204489876341065,-1.0042362255201585,-3.104091252269238,2.133754065383356,4.093835914404321,-0.6718083363208884,0.03967649263927192,-4.053174278532478,1.271964055049337,-0.5957070222951555,-1.4400437848643548,1.9822694632350164,0.07021042799767421,9.2924429009569,1.9917447261627406,-0.12113883197885239,-1.2085324838405294,2.9819350084968153,1.0439054157870888,0.5716254532495562,-2.564488899971991,5.3518674213959825,-1.007437013736551,-4.072197203338617,-0.30126914619074147,-1.0475577165056098,3.0386239505970862,2.387681232447783,-1.131965173436079,3.2940488292916466,-0.052121838734731155,1.1379016307602658,-0.9242917054733686,2.3785405861004243,-1.9463317025537867,1.6859344868736532,1.727558816589382,1.9543536310082807,-0.8116593240759291,-0.548284842900921,2.853063336768585,4.340495059538611,-2.4308192427587736,0.9380786404991007
0.29757606011502546,-0.2011446876551091,-1.1855213871261492,0.19918849514023085,1.2191401684783154,-0.30066486815473964,-0.20802644846445,-1.0540084127359317,0.1860382434118691,0.06565782777666626,-0.4056708317540618,0.945312027264061,0.33738832916307726,1.9917447261627406,1.0056918432398274,0.7401189023790934,0.138623239764746,0.9076183968840793,0.7722298255418744,0.2693164613512443,-0.26311800038259603,1.31076338473307,-0.6973997104771346,-0.3707939998412355,-0.2377078750785285,-0.3359141611685134,1.0364224177058219,0.393517499747579,-0.564785094160133,0.8938164675194948,-0.5253587733887556,0.5018600628258009,-0.33852735894202374,0.9815340992457582,-0.3004244390308511,0.1671783967261383,0.2254010042992146,0.05731834672063305,0.11163288653856628,0.25589424109780495,0.8170190900858065,0.8751893129165965,-0.3875024420200662,0.3970922472399874
-0.3213052134211448,-0.07173026648529114,-0.6683748721963256,-0.35791550083487744,0.49908474147650245,0.1214690313955877,-0.18296137585868366,-0.45331087998899633,-0.2819571451726033,0.2519497145105567,-0.1852268318762679,0.981544946795907,0.4444921499305701,-0.12113883197885239,0.7401189023790934,1.1684524662971134,0.5981720662963093,0.5268114376692659,0.8017722599159899,0.2568559714399812,0.6054846694978916,0.11374562782720089,-0.6742166328505527,0.7618059228023081,-0.29917269879888125,-0.31406269725143976,0.41890443583655873,-0.2413240141150803,-0.45619341677645964,0.1965477335851553,-0.5844797046154707,0.4044364770198207,-0.39832286353742985,0.6439602319231409,0.09972636636133417,-0.3080350268799261,-0.11384705489544697,-0.5044310479439923,0.5537718907061653,0.6209123546213643,0.17015422407178096,-0.14843588269843908,0.2604233501362212,0.2759979958270888
-0.1519008686210223,0.17884739088868398,0.4077894505824378,-0.3869556441290657,-0.008787151002278124,0.357385604570457,-0.0981420117297076,-0.02150581997958914,-0.8041025743202194,0.2849651893522794,-0.045434531844432274,0.08856502054092191,0.25619791983019163,-1.2085324838405294,0.138623239764746,0.5981720662963093,0.6482926902558019,0.09288645886901924,0.07353554569908025,0.008358137310078518,0.09561954332690867,-0.9288269513324885,-0.029851697878675476,1.0648444236932184,-0.0786790151542929,0.041488209186369376,-0.1455923233104186,-0.5657568048844157,0.15056929086777965,-0.7009808739524355,-0.19247324958672707,0.08797350821731247,-0.11268493040703143,-0.11587795479474161,0.05236677699792953,-0.1456969760192225,-0.14369435188207866,-0.4798061065696565,0.6249891393524999,0.2632597474322312,-0.4815796262466863,-0.2966168312278401,0.3437121776440352,0.26698604228276274
0.9278296781554523,-0.3645754937166287,-0.7495258469195789,0.6118078758690575,2.009620576226762,0.5252051122331485,-0.00750077696073912,-2.041798606190546,-0.47093924428360345,0.06504006253506131,-0.752482624489983,1.0154660462923293,0.12011030673198343,2.9819350084968153,0.9076183968840793,0.5268114376692659,0.09288645886901924,1.7022748079292656,0.590192446005127,0.20525667107230888,-1.1038975170479866,1.3634465374371478,-0.45398583755336314,-0.7766220469168562,-0.25559055872034214,-0.5504189877529246,1.0800844998710124,0.5004456809804896,-0.25596228162363394,0.6765443829224888,-0.09230646761476541,0.45609408106355165,-0.6872557558344031,0.8018626881569555,-0.9834780747426864,0.5905494411285175,0.7450367109078755,0.4837358878207215,0.41294820770642754,-0.0038848762880472672,0.6827943726175488,1.7242835892062185,-0.8411528288583118,0.6960677081720903
-0.13642127703568216,-0.13071503688609323,-0.9599336443802823,-0.1337577470963947,0.7081551918281848,-0.15316407620626848,-0.29234341579135137,-0.18487892811851225,0.5857924737644468,0.2363668152671784,0.02415528558363917,0.7172815670752126,0.09956657869222092,1.0439054157870888,0.7722298255418744,0.8017722599159899,0.07353554569908025,0.590192446005127,1.1858061742644428,0.1638702855448632,0.6087110869383404,1.0256288960580813,-0.9084502839045004,-0.103591482730932,-0.3375407804173397,-0.36832314288564755,0.6799663513683482,0.25058524526828624,-0.8496506312146405,1.071301862822143,-0.90152726993755,0.09702312342159687,-0.30371131815076907,0.6661160134340056,0.06845030538545896,-0.34781268293551076,-0.1432812723599434,-0.2591819212423461,0.028105602150205272,0.47340086378331475,0.7918977874056997,-0.021879213616728517,-0.24633756161715223,-0.031237356142525274
-0.12384312189941546,-0.1594959934583432,-0.5469990099178982,0.12716205893523366,0.15081291744760744,-0.012709699010510748,0.11877843096204546,-0.5280206831031239,0.10154326298337475,-0.16968015500842795,-0.10772892166429483,0.722590807553528,0.23699715453529563,0.5716254532495562,0.2693164613512443,0.2568559714399812,0.008358137310078518,0.20525667107230888,0.1638702855448632,0.30122117383594665,0.28238346606095593,0.44893719217368105,-0.17195135350417418,-0.2627096504837842,-0.11637308814568226,-0.2204130219371369,0.22534773346698628,0.13100360905527664,-0.20357079358210908,0.31957570944643704,0.12109260280643215,0.3760673512960959,-0.25793619470110946,0.41333776363923996,-0.11982857757094932,0.05787065566581612,0.1561942001139539,0.10498153853466693,0.022665585598968155,0.17796043713671228,0.19161283412544108,0.17904718764705288,0.0933536619458786,0.06963756948845637
-1.57632696341312,0.059097618414227435,-0.3171965523678375,-0.7782061513362266,-1.6945112545240693,-0.1188881257491289,0.08987921142343135,1.544687444810948,0.9246119411332661,-0.04416093088105167,0.7997158267725565,0.6510952372861072,0.24545914320933698,-2.564488899971991,-0.26311800038259603,0.6054846694978916,0.09561954332690867,-1.1038975170479866,0.6087110869383404,0.28238346606095593,2.7676843549686727,-0.6755415585802549,-0.43559694717277925,0.8568923962683674,-0.1895816041449168,-0.23971464838725465,-0.7330953877735206,-0.565255112889045,-0.8052441083240883,0.33434554814840284,-0.4029397318123542,0.0681366219166451,-0.10875452572570293,1.9399991923592285e-4,1.0658406468323869,-1.0414229691609322,-0.7521994107226733,-0.8874010376402109,-0.10138091622263695,0.8786502648285937,-0.2179927476189043,-2.270004426526657,1.0754317758372565,-0.8501905947302905
0.6699969959213703,-0.7889639112012743,-2.7686045772892665,1.024656819382872,1.9983990370103237,-1.0610923012321631,-0.10876054612597838,-1.8473823658460566,1.6164728713020715,-0.4701004942060705,-0.7303159324660765,1.4644275153842088,0.01278440474317948,5.3518674213959825,1.31076338473307,0.11374562782720089,-0.9288269513324885,1.3634465374371478,1.0256288960580813,0.44893719217368105,-0.6755415585802549,3.8776424424514477,-1.0618182144847057,-2.5288749757724536,-0.27011930582148064,-0.6092601334598778,1.8607107653053476,1.7860635359801666,-0.9810530905943051,2.5808041710882623,-0.3059830559291204,0.614449564593107,-0.3677036401171205,1.8453499915035179,-0.5456971623179571,0.46561502500368646,0.702855889363943,1.1252437897913499,-0.9348612553104234,-0.07750766665271204,2.1485084323990984,2.07024048931582,-1.1321799359000018,0.2227617106463915
0.15930995151135793,0.1907401878186791,1.0743030287600392,0.08810980554384826,-0.5901765638107439,0.3347742342397578,0.24730672027304462,0.24749211602232,-0.5483782820305412,-0.10979236583667351,0.10261243311631758,-0.7032775706074195,-0.1349441368052567,-1.007437013736551,-0.6973997104771346,-0.6742166328505527,-0.029851697878675476,-0.45398583755336314,-0.9084502839045004,-0.17195135350417418,-0.43559694717277925,-1.0618182144847057,0.7883717819192358,0.14536148819475214,0.24907191245643345,0.26575688153582044,-0.6360083455787106,-0.3388554524116951,0.6418630830668838,-0.9288658790471357,0.666893388184411,-0.15923246834748014,0.1985405779546442,-0.737168791400335,-0.13605846321953932,0.2880073668708859,0.09599655706488602,0.12870574911027086,0.06141510350266638,-0.38488055454844183,-0.7407060091413575,-0.10565985639818118,0.14374199506577184,-0.019459533584844476
-0.8056090706937259,0.5064149329425621,1.2839257000448443,-1.1518455600834827,-1.1317171130185903,0.44288146351160884,-0.2164457910509694,1.3494179060230813,-1.1537534834456156,0.5867220534545636,0.35011622644841245,-0.6103936020996181,0.23044035370117394,-4.072197203338617,-0.3707939998412355,0.7618059228023081,1.0648444236932184,-0.7766220469168562,-0.103591482730932,-0.2627096504837842,0.8568923962683674,-2.5288749757724536,0.14536148819475214,2.501401712587411,6.694610765529428e-4,0.36412371217780704,-0.9640076471918234,-1.328951671360787,0.40601395319248557,-1.6494857105269076,-0.42734888252474273,-0.30326053051228813,0.2218162564736295,-0.768166891363066,0.7625733063486972,-0.7366402281672608,-0.7692608027914757,-1.2137717084124948,0.900149977633018,0.48132404064314854,-1.25736198006106,-1.6785347963217512,1.0391309708559455,0.015328537888447697
0.063417278475662,0.07967474274632054,0.2994234306092015,0.05815860025006341,-0.26265997118862106,-0.061051546132587585,0.0021677048286865884,0.23889127733219118,-0.02191925224397618,-0.06375402721270984,0.0608989042521091,-0.3528920130896643,-0.057646376747768825,-0.30126914619074147,-0.2377078750785285,-0.29917269879888125,-0.0786790151542929,-0.25559055872034214,-0.3375407804173397,-0.11637308814568226,-0.1895816041449168,-0.27011930582148064,0.24907191245643345,6.694610765529428e-4,0.18324614049586796,0.17956325261899644,-0.20708154796755793,-0.05027121218571179,0.20108287167562283,-0.23510966460918006,0.1905655378971733,-0.11169153527352192,0.17593507050880514,-0.2266724002899248,0.04068702146686693,0.0864906289524165,-0.01005242007941432,0.02698476597320779,-0.09991574502742084,-0.1568821501675089,-0.1881855661855612,-0.042565364696480874,-0.014624099203405242,-0.07345235254241608
-0.07373588529087312,0.19861598347458811,0.5185398764953597,-0.19614413609465642,-0.5492645465583684,-0.2213918984185053,-0.14244248859930678,0.710322393323877,-0.11520956228903602,0.07270812790497719,0.18736816588027613,-0.7834032076069528,-0.14873873799040047,-1.0475577165056098,-0.3359141611685134,-0.31406269725143976,0.041488209186369376,-0.5504189877529246,-0.36832314288564755,-0.2204130219371369,-0.23971464838725465,-0.6092601334598778,0.26575688153582044,0.36412371217780704,0.17956325261899644,0.44640313381226665,-0.37919426099847203,-0.11573003453125617,0.4190422640311093,-0.5335604208608117,0.039374160921198484,-0.38004298235109424,0.43133597774790333,-0.45023365399544246,0.2659746844052942,-0.13874336070843396,-0.26208445414096376,-0.08340439560854752,-0.11228388520039435,-0.19866024590057144,-0.31866722060184943,-0.29570573575885417,0.1456442653284499,-0.10513242135803255
0.6488736430723391,-0.26456008398291336,-1.345840317360905,0.48668850716573825,1.5703779560298339,-0.47890943620287435,-0.16002432633987848,-1.3150371097206224,0.420950046383432,-0.023797376705580003,-0.5355207867873253,0.8223969065113957,0.22666406574287648,3.0386239505970862,1.0364224177058219,0.41890443583655873,-0.1455923233104186,1.0800844998710124,0.6799663513683482,0.22534773346698628,-0.7330953877735206,1.8607107653053476,-0.6360083455787106,-0.9640076471918234,-0.20708154796755793,-0.37919426099847203,1.314288305745231,0.6801160609540419,-0.6156212508408128,1.2117702398086583,-0.47041157224756586,0.5344245134802824,-0.31097892685070316,1.076989058763469,-0.4961247414223226,0.4477811503706875,0.4184289723924287,0.3558553654504366,-0.12616296257193657,0.029092833014517722,1.1157825107227515,1.3610286097960553,-0.7291931953695933,0.45721311845016954
0.3420517863937954,-0.41457853704694503,-1.1559860800836332,0.5197252528635182,0.7839209169561807,-0.5040244868792381,-0.04515732268859339,-0.7645252520217432,0.7207073055682878,-0.29031269601426274,-0.3422707159202263,0.40609572391666027,-0.18284317687110235,2.387681232447783,0.393517499747579,-0.2413240141150803,-0.5657568048844157,0.5004456809804896,0.25058524526828624,0.13100360905527664,-0.565255112889045,1.7860635359801666,-0.3388554524116951,-1.328951671360787,-0.05027121218571179,-0.11573003453125617,0.6801160609540419,1.0077622423542014,-0.12935950651615993,1.0329407805265793,0.10118278034838601,0.061483371660439184,7.230580408609702e-4,0.6884496338301506,-0.24888142916284656,0.19047147782414747,0.33487142273119447,0.755573645433953,-0.5821794390191514,-0.2415767486727761,0.918071155289362,1.0751746009520347,-0.5302171439925497,0.049200023254968
0.13723765933917095,0.04351401850348239,0.8788767220846239,-0.061597527069471095,-0.34951625262609837,0.3532178088474428,0.09774324272884488,0.009142793955547224,-0.931277052992554,-0.033890929822179575,-0.14913990914944789,-0.6659248306909417,-0.21094225676700215,-1.131965173436079,-0.564785094160133,-0.45619341677645964,0.15056929086777965,-0.25596228162363394,-0.8496506312146405,-0.20357079358210908,-0.8052441083240883,-0.9810530905943051,0.6418630830668838,0.40601395319248557,0.20108287167562283,0.4190422640311093,-0.6156212508408128,-0.12935950651615993,1.0629014203287086,-1.1977350712985704,0.7203318169361421,-0.32978385633411017,0.30025402047834254,-0.6010114621702479,-0.0993507683225633,0.09343940143826544,0.06666260145085624,0.27559370269511585,0.18815022772256537,-0.4280923156027464,-0.7578395022992691,0.20799827401872004,0.2418085894183752,0.18816687659768963
0.17817370216814246,-0.40571911281503464,-1.8905245558642931,0.5409170648380063,1.0200554088488432,-0.7983433624008556,-0.12587678497856597,-0.6596236295196031,1.6260928866325601,-0.24174456095493219,-0.11791225117628669,1.0210624641352408,0.04150202581987751,3.2940488292916466,0.8938164675194948,0.1965477335851553,-0.7009808739524355,0.6765443829224888,1.071301862822143,0.31957570944643704,0.33434554814840284,2.5808041710882623,-0.9288658790471357,-1.6494857105269076,-0.23510966460918006,-0.5335604208608117,1.2117702398086583,1.0329407805265793,-1.1977350712985704,2.162101421684134,-0.6135216104868291,0.38235292049354874,-0.2936548312249831,1.1975875988579305,-0.14195822768354746,0.09074378960094308,0.22707335300865467,0.40659266568381386,-0.7405708717188942,0.1942112800412306,1.5843770699012596,0.7304199647068553,-0.7374023786594643,-0.17992713593230503
0.099743175819229965,-0.20524378213431682,0.3427987973671957,0.38339528331012324,-0.30627962153042154,0.4316322619330332,0.4399307430718634,-0.6193136866521453,-0.5038293415937531,-0.44273664160249765,-0.217283326139929,0.15597256824869374,-0.04120147320730611,-0.052121838734731155,-0.5253587733887556,-0.5844797046154707,-0.19247324958672707,-0.09230646761476541,-0.90152726993755,0.12109260280643215,-0.4029397318123542,-0.3059830559291204,0.666893388184411,-0.42734888252474273,0.1905655378971733,0.039374160921198484,-0.47041157224756586,0.10118278034838601,0.7203318169361421,-0.6135216104868291,1.1679779248910156,0.1474837408609677,-0.07016787660915992,-0.2237679907039475,-0.34563549417200057,0.37537655194747194,0.4342879910422025,0.5845020863361279,-0.013851919536970994,-0.34553182244469127,-0.5185732181005003,0.43650710298125567,0.18154196423473043,0.07779540671849881
0.07685944816878973,-0.18086615182617177,-0.7642513686256627,0.26329876507911604,0.5179620063306495,-0.07430770736061999,0.19591927523491914,-1.0093988415055106,-0.03274446967751894,-0.21574763170279154,-0.3464742426270221,1.0384980667908277,0.47153016737204145,1.1379016307602658,0.5018600628258009,0.4044364770198207,0.08797350821731247,0.45609408106355165,0.09702312342159687,0.3760673512960959,0.0681366219166451,0.614449564593107,-0.15923246834748014,-0.30326053051228813,-0.11169153527352192,-0.38004298235109424,0.5344245134802824,0.061483371660439184,-0.32978385633411017,0.38235292049354874,0.1474837408609677,0.7655161163695553,-0.4068807830589839,0.7093919312581974,-0.2869045742566761,0.35343668432381004,0.348010603266523,0.09300944886918733,0.15238785053089293,0.20774452649154035,0.2668920599604726,0.5163635100003691,0.023007654509636027,0.3064539480328271
-0.13977683633680868,0.18521925719361174,0.31840372926685906,-0.2318743515518221,-0.6169517415415527,-0.47573464853328884,-0.1700383368980258,0.939845966210237,0.21811178192769679,0.048331102558010916,0.23294319443996564,-0.8600135132793514,-0.20928045046271576,-0.9242917054733686,-0.33852735894202374,-0.39832286353742985,-0.11268493040703143,-0.6872557558344031,-0.30371131815076907,-0.25793619470110946,-0.10875452572570293,-0.3677036401171205,0.1985405779546442,0.2218162564736295,0.17593507050880514,0.43133597774790333,-0.31097892685070316,7.230580408609702e-4,0.30025402047834254,-0.2936548312249831,-0.07016787660915992,-0.4068807830589839,0.5458574036139962,-0.36500357189320004,0.40225411408037276,-0.2002782391926252,-0.3455341250844049,-0.060930724976214046,-0.31852308299526005,-0.2324739583983735,-0.14443744727173216,-0.3934021121758842,0.13795572436351494,-0.2155345824321057
0.08375593983509753,-0.4501286634814614,-1.7819305854774674,0.3236230629918614,1.0793489981924893,-0.5583927542012124,-0.04951914881569936,-1.230081317084656,0.5535203290604401,-0.22227861411064898,-0.5471652500668459,1.3655708983080372,0.37914953379941724,2.3785405861004243,0.9815340992457582,0.6439602319231409,-0.11587795479474161,0.8018626881569555,0.6661160134340056,0.41333776363923996,1.9399991923592285e-4,1.8453499915035179,-0.737168791400335,-0.768166891363066,-0.2266724002899248,-0.45023365399544246,1.076989058763469,0.6884496338301506,-0.6010114621702479,1.1975875988579305,-0.2237679907039475,0.7093919312581974,-0.36500357189320004,1.3365116944825028,-0.16999918740523406,0.15338845464979578,0.3290132616226813,0.3120004986391112,-0.16048159665403203,0.2749357484922323,1.0151744198056905,0.9430137427273385,-0.23702641697081794,0.31120980278874594
-0.8471872094721589,0.12913670377507186,-0.03703872527677543,-0.6137917763373751,-1.1430082733398552,-0.540516159921848,-0.15630111410932107,1.4113749644030524,0.510118634858878,0.07770296704068438,0.3998431545881275,-0.3845037449789942,-0.03383434503614529,-1.9463317025537867,-0.3004244390308511,0.09972636636133417,0.05236677699792953,-0.9834780747426864,0.06845030538545896,-0.11982857757094932,1.0658406468323869,-0.5456971623179571,-0.13605846321953932,0.7625733063486972,0.04068702146686693,0.2659746844052942,-0.4961247414223226,-0.24888142916284656,-0.0993507683225633,-0.14195822768354746,-0.34563549417200057,-0.2869045742566761,0.40225411408037276,-0.16999918740523406,0.9265347437381141,-0.6928146470262921,-0.6386819134011912,-0.5077219874942095,-0.23942387080496688,0.27528406942462325,-0.1678459651812869,-1.2925698760555238,0.6383954779349421,-0.44582316028407326
0.7709948491880748,-0.05311232113843138,0.017824477276326307,0.5964361186275136,0.8097346491182518,0.14526304375447352,0.17660628817966484,-1.0593011320843533,-0.2867245795719022,-0.16341690867258143,-0.36333401463148823,0.13861832378150016,0.08779085108779279,1.6859344868736532,0.1671783967261383,-0.3080350268799261,-0.1456969760192225,0.5905494411285175,-0.34781268293551076,0.05787065566581612,-1.0414229691609322,0.46561502500368646,0.2880073668708859,-0.7366402281672608,0.0864906289524165,-0.13874336070843396,0.4477811503706875,0.19047147782414747,0.09343940143826544,0.09074378960094308,0.37537655194747194,0.35343668432381004,-0.2002782391926252,0.15338845464979578,-0.6928146470262921,0.7513130860529498,0.5564082289882447,0.4443949597268019,0.042072527641729134,-0.334688812209635,0.14179164119409315,1.1115088177331973,-0.5300781557959828,0.3788857818808277
0.5649155086557772,-0.24340473189106818,-0.2880306786281332,0.5667797284252426,0.857401775677924,0.29061859973947174,0.20460713626360064,-1.242842355694098,-0.2521882986140411,-0.21019783311745352,-0.4412935921785095,0.516519580097116,0.05276168175954838,1.727558816589382,0.2254010042992146,-0.11384705489544697,-0.14369435188207866,0.7450367109078755,-0.1432812723599434,0.1561942001139539,-0.7521994107226733,0.702855889363943,0.09599655706488602,-0.7692608027914757,-0.01005242007941432,-0.26208445414096376,0.4184289723924287,0.33487142273119447,0.06666260145085624,0.22707335300865467,0.4342879910422025,0.348010603266523,-0.3455341250844049,0.3290132616226813,-0.6386819134011912,0.5564082289882447,0.589974013096011,0.5207957853872824,0.07176346337902077,-0.18993436790231696,0.2195690937601655,1.0837547300972588,-0.42225547709911715,0.3428776374527965
0.5086193278426082,-0.35214513283150056,-0.5055541720208923,0.6171961036710651,0.6534946725865837,-0.05660465938192936,0.17879400142840385,-0.989405915614038,0.13705450115542533,-0.34720129891999074,-0.39610180857469357,0.23702723157573743,-0.19802385229173514,1.9543536310082807,0.05731834672063305,-0.5044310479439923,-0.4798061065696565,0.4837358878207215,-0.2591819212423461,0.10498153853466693,-0.8874010376402109,1.1252437897913499,0.12870574911027086,-1.2137717084124948,0.02698476597320779,-0.08340439560854752,0.3558553654504366,0.755573645433953,0.27559370269511585,0.40659266568381386,0.5845020863361279,0.09300944886918733,-0.060930724976214046,0.3120004986391112,-0.5077219874942095,0.4443949597268019,0.5207957853872824,0.869032033137636,-0.35559869369903374,-0.42861507804949645,0.42081484657885493,1.1812312444748598,-0.44623646322924954,0.17207110435311446
0.07302054995344169,0.11468870294218132,0.5697238097727868,-0.21577642658715826,0.2816841596431665,0.7318010942873078,0.029048975335573032,-0.44429940716682687,-1.043296063938895,0.26698326683198265,-0.15748997268696147,0.23639777922772448,0.22641230726398495,-0.8116593240759291,0.11163288653856628,0.5537718907061653,0.6249891393524999,0.41294820770642754,0.028105602150205272,0.022665585598968155,-0.10138091622263695,-0.9348612553104234,0.06141510350266638,0.900149977633018,-0.09991574502742084,-0.11228388520039435,-0.12616296257193657,-0.5821794390191514,0.18815022772256537,-0.7405708717188942,-0.013851919536970994,0.15238785053089293,-0.31852308299526005,-0.16048159665403203,-0.23942387080496688,0.042072527641729134,0.07176346337902077,-0.35559869369903374,0.7741779495506295,0.21180622141876684,-0.5444815845342148,-0.025717030673144112,0.18283532923173895,0.3671250106025858
-0.46887449659823427,-0.019687172407485746,-0.35317652647209163,-0.28141886504397823,-0.15669649640344416,0.030098562879623706,-0.04519188846644481,0.12628700371460774,0.11466466808979477,0.08731097181332831,0.09720825647885928,0.5790570640599253,0.25991656505404065,-0.548284842900921,0.25589424109780495,0.6209123546213643,0.2632597474322312,-0.0038848762880472672,0.47340086378331475,0.17796043713671228,0.8786502648285937,-0.07750766665271204,-0.38488055454844183,0.48132404064314854,-0.1568821501675089,-0.19866024590057144,0.029092833014517722,-0.2415767486727761,-0.4280923156027464,0.1942112800412306,-0.34553182244469127,0.20774452649154035,-0.2324739583983735,0.2749357484922323,0.27528406942462325,-0.334688812209635,-0.18993436790231696,-0.42861507804949645,0.21180622141876684,0.4878635171674521,0.04327134623575754,-0.5670072840556305,0.31321056460618385,-0.07419647100697549
0.3264708727793279,-0.3371372033723654,-1.5465730557131199,0.4349355109551559,1.0879438423667143,-0.7419414253281481,-0.182176639230634,-0.7103694099462063,1.0834533583172274,-0.12755988513820238,-0.27815649885996385,0.6685892349963548,0.00974807356931312,2.853063336768585,0.8170190900858065,0.17015422407178096,-0.4815796262466863,0.6827943726175488,0.7918977874056997,0.19161283412544108,-0.2179927476189043,2.1485084323990984,-0.7407060091413575,-1.25736198006106,-0.1881855661855612,-0.31866722060184943,1.1157825107227515,0.918071155289362,-0.7578395022992691,1.5843770699012596,-0.5185732181005003,0.2668920599604726,-0.14443744727173216,1.0151744198056905,-0.1678459651812869,0.14179164119409315,0.2195690937601655,0.42081484657885493,-0.5444815845342148,0.04327134623575754,1.3113835380702692,0.923379425537178,-0.6690012990179013,0.0576957168202377
1.4687058972278142,-0.4795298464618474,-0.9985137498662526,1.1150480067783832,2.31826719661678,0.0371806294853006,0.048731366320201835,-2.558462788270861,-0.37991801777761375,-0.24916520145614696,-1.0591273573285847,0.7200664317607551,0.019600442306513838,4.340495059538611,0.8751893129165965,-0.14843588269843908,-0.2966168312278401,1.7242835892062185,-0.021879213616728517,0.17904718764705288,-2.270004426526657,2.07024048931582,-0.10565985639818118,-1.6785347963217512,-0.042565364696480874,-0.29570573575885417,1.3610286097960553,1.0751746009520347,0.20799827401872004,0.7304199647068553,0.43650710298125567,0.5163635100003691,-0.3934021121758842,0.9430137427273385,-1.2925698760555238,1.1115088177331973,1.0837547300972588,1.1812312444748598,-0.025717030673144112,-0.5670072840556305,0.923379425537178,2.773507166673324,-1.188873221701911,0.8976928242172756
-0.9053165670481169,0.09105511855832397,0.25028586775201933,-0.6041603929011136,-1.203809902111329,0.005425264980115717,0.11228597454232178,0.8180331864556712,-0.23209301398925408,-0.02458211450304926,0.2545829089769706,0.071975012765658,0.18510945809875046,-2.4308192427587736,-0.3875024420200662,0.2604233501362212,0.3437121776440352,-0.8411528288583118,-0.24633756161715223,0.0933536619458786,1.0754317758372565,-1.1321799359000018,0.14374199506577184,1.0391309708559455,-0.014624099203405242,0.1456442653284499,-0.7291931953695933,-0.5302171439925497,0.2418085894183752,-0.7374023786594643,0.18154196423473043,0.023007654509636027,0.13795572436351494,-0.23702641697081794,0.6383954779349421,-0.5300781557959828,-0.42225547709911715,-0.44623646322924954,0.18283532923173895,0.31321056460618385,-0.6690012990179013,-1.188873221701911,0.9696229067523991,-0.21735511986873035
0.4846348501631883,-0.08652093577722098,-0.15096059469806766,0.18530560931059933,0.8869616262882988,0.18738667101419337,0.006498242741297103,-1.0199476441104396,-0.6576893049985393,0.06544839317643562,-0.48637532531130984,0.32124141784371735,0.17966195477959612,0.9380786404991007,0.3970922472399874,0.2759979958270888,0.26698604228276274,0.6960677081720903,-0.031237356142525274,0.06963756948845637,-0.8501905947302905,0.2227617106463915,-0.019459533584844476,0.015328537888447697,-0.07345235254241608,-0.10513242135803255,0.45721311845016954,0.049200023254968,0.18816687659768963,-0.17992713593230503,0.07779540671849881,0.3064539480328271,-0.2155345824321057,0.31120980278874594,-0.44582316028407326,0.3788857818808277,0.3428776374527965,0.17207110435311446,0.3671250106025858,-0.07419647100697549,0.0576957168202377,0.8976928242172756,-0.21735511986873035,0.5545064466365567
