V1,V2,V3,V4,V5,V6,V7,V8,V9,V10,V11,V12,V13,V14,V15,V16,V17,V18,V19,V20,V21,V22,V23,V24,V25,V26,V27,V28,V29,V30,V31,V32,V33,V34,V35,V36,V37,V38,V39,V40,V41,V42,V43,V44
4.096137310895472,-1.596011663335403,1.38106862134169,12.471377140063892,0.2799803137246643,2.3407840779531233,-3.7500756593751916,1.3145672364550478,2.4615706385449383,8.414071746539536,-1.7347785122865906,3.8850411554122344,-3.151674195983111,-1.6915257411084088,-7.0011662594233,-0.7271811475227701,2.7085626125279534,0.5506455594625815,4.219833429904201,-3.569277282734091,0.7516423376832302,-5.754583837910922,2.0880593446154414,3.905111354036469,-0.04129166558376484,-4.2779789547386144,1.9241468885266606,-10.009119135824744,4.2039010762559155,1.3371044349314742,6.442585653537437,3.5733587837475334,-8.119315392406117,-2.2183046374816673,-4.2783920681651,7.214116447507109,6.7384795926106795,5.801937657744454,5.736819823613491,-4.530092624012201,3.009602308492199,2.943992843293994,0.5478029057964418,-0.8996326358919572
-1.596011663335403,1.208469155698324,-0.5823700909176558,-3.969721224611492,-0.7770271719787541,-0.84627387460798,1.8150948028233795,-0.308640535613419,-0.6488573927594686,-2.5010354929631426,0.9965638322055439,-0.3969245315128933,1.6288701357506437,0.5289287479170975,2.203596107330007,0.10700647597011025,-1.0051070390872716,-0.5498289644402775,-1.1751176506221603,0.9773045244622157,0.7808792102293115,1.8248241320247276,-0.6319831781350558,-1.9755929385274604,0.20523447765028174,1.6602723472201506,-1.1651000170288341,3.6339127825253876,-1.1106588765314145,0.16900763999844112,-2.278196561828872,-0.7805870824934849,2.4722589494543623,0.32937734010140396,1.257813904904407,-2.077933791844866,-1.9081390211823486,-2.0820328101112806,-1.0822453815618756,1.2340124764144078,-0.989041871339736,-1.0920741861691403,0.37783712980196976,1.1551399012227836
1.38106862134169,-0.5823700909176558,0.5466920189513108,4.1490716259018,0.12078216161486068,0.7959424214305295,-1.3101453605163007,0.44932032568116836,0.8241960678665532,2.8466259385022705,-0.600881604431393,1.218135145501971,-1.151987439657862,-0.6138073828910438,-2.3810288764167535,-0.2262353524734472,0.9227666364689907,0.22333218398280957,1.3851674830446388,-1.2112125885683864,0.17167044394929235,-1.976539919236134,0.6874190190121849,1.4183320461036601,-0.033178746090322495,-1.4326842084586364,0.6694641484905794,-3.4384004804300443,1.3843503561679418,0.3684307205380871,2.1824021090525583,1.1508141784125594,-2.70123988197062,-0.72548084774093,-1.3946812106201192,2.402294440463022,2.2108138359557232,1.9487774058093814,1.880609890390225,-1.4839855622851996,0.9701395256410952,0.9670352046863978,0.14062078072542036,-0.3912640757016844
12.471377140063892,-3.969721224611492,4.1490716259018,40.069120951572465,-0.29254391089649107,7.368658219300887,-10.94646100186204,4.35444321168841,7.8888991178684185,27.278766104601775,-4.927996887661495,13.818809689499577,-8.95122593801328,-5.473691257542362,-22.511784573401616,-2.6242559823383504,8.484522840650397,1.2553859105812393,13.833878756176215,-11.796436136882386,4.180003051844052,-18.389148679815772,6.691922272519216,11.447408577293434,0.21954237169302462,-13.168858375508437,5.2111980155578195,-31.411354686726764,13.784061146183559,5.23693190887778,20.19791033573548,12.212698053615414,-26.158017116888754,-7.787671297380387,-13.888870613204801,23.56862299428883,21.942605016864242,18.331387404336812,19.56315723208498,-14.840819545729408,9.746624473307529,9.055311192062558,2.764255167866241,-1.5488136378030974
0.2799803137246643,-0.7770271719787541,0.12078216161486068,-0.29254391089649107,0.8429189381915526,0.09404493083920143,-0.6490174633242062,-0.20473176977164026,-0.2115157895796819,-0.3920823388002335,-0.47551189755349,-1.0714288187289187,-0.6935957038147892,0.09935855111313144,0.22206237528947606,0.1516941189892868,0.08704418971177076,0.43830338868829916,-0.31705462897615266,0.25231749528388864,-1.232754790364128,0.14668246525046855,-0.09528660771353198,0.7591845223070979,-0.22566378539380966,-0.23923588696058648,0.622052486355377,-0.2667031788589471,-0.37458675964519345,-0.722747412541016,0.12074415040144,-0.5154407030569012,0.3077102322900762,0.5095220299164118,0.19732263290721022,-0.40663553769671534,-0.44419783443173194,0.15570100308301735,-1.0380485820514675,0.3062776439210513,-0.022561582184026534,0.13792890482784076,-0.696585538426177,-1.0335633413318404
2.3407840779531233,-0.84627387460798,0.7959424214305295,7.368658219300887,0.09404493083920143,1.4526648390434111,-2.1235885714948037,0.7366588789082453,1.3453246954500082,5.021645084316993,-0.9987010925629318,2.344599524230244,-1.7891787668515131,-1.0185173500330058,-4.134844904126403,-0.5186333264794687,1.5796864905280525,0.32466339827235996,2.4712362699310355,-2.2308161272536666,0.5968345880802611,-3.4216259884416163,1.1931198024078469,2.332313529065656,0.024695521747038356,-2.4378295525277593,1.046678158501942,-5.8863408750952795,2.4615887053138787,0.8248227053648608,3.7441990694651577,2.197129000956768,-4.784435783336573,-1.3862511808826226,-2.5662336832901165,4.340240065603395,3.9426730101086758,3.467869946060105,3.392257609671742,-2.7593554187980023,1.8381681799457263,1.6534324931015976,0.3731457882157385,-0.5588233964485947
-3.7500756593751916,1.8150948028233795,-1.3101453605163007,-10.94646100186204,-0.6490174633242062,-2.1235885714948037,3.7429006510778335,-1.0844479067508208,-2.125976932932243,-7.33779327116254,1.8214364386181876,-2.8711299239870534,3.151942320539458,1.5727970540935365,6.121080423940717,0.5569049692198614,-2.444198280194877,-0.6524530304896693,-3.568815682032211,2.99978500336137,-0.039982212592940505,5.102397462316537,-1.8406389463483475,-3.9126191255659357,0.14009310943068629,3.9399919387184625,-2.034754116489819,9.061857692295684,-3.5386285316772095,-0.799404850642914,-5.801668831475186,-2.8436673870790936,7.111673805295668,1.6708492123812597,3.7108438502010044,-6.20117678779269,-5.7490890562887875,-5.231442304304866,-4.5536946054347744,3.8636600603095004,-2.6636556559004396,-2.6770626352023337,-0.2103470425354327,1.3932559882475162
1.3145672364550478,-0.308640535613419,0.44932032568116836,4.35444321168841,-0.20473176977164026,0.7366588789082453,-1.0844479067508208,0.691563371306135,1.0436098845906407,3.0300506558525457,-0.43242196065805255,1.6601217458367832,-0.7387883009515526,-0.7533009152447506,-2.571322356540801,-0.20875968787037988,0.9443805247184585,-0.11412602419922292,1.592300347090224,-1.1873946691007409,0.7110247401127392,-2.1247265190319373,0.7998288633933137,1.0788359877829357,0.09689884799579321,-1.4657809333831078,0.4235932870888435,-3.4207166715173156,1.5962171218909704,0.7651899173081832,2.185473936489205,1.2914443125523338,-2.989939340888182,-0.9090071843883122,-1.5062995923932623,2.528864606425275,2.502344576727892,1.9327037587680054,2.406559967238439,-1.5821983025100208,0.9737757064084527,0.9557165384492429,0.5306065394201469,0.1695817937853948
2.4615706385449383,-0.6488573927594686,0.8241960678665532,7.8888991178684185,-0.2115157895796819,1.3453246954500082,-2.125976932932243,1.0436098845906407,1.9109149038530089,5.476822479362717,-0.8544156372146675,2.924869539294068,-1.56752652474012,-1.1965732901827992,-4.527067995408776,-0.38645414204760514,1.63475480189567,-0.06192934978746707,2.800325412182908,-2.147424237253388,1.0530110882789183,-3.7563123324167904,1.4303085665862265,2.0145901017335373,0.10025227578956782,-2.672578595409761,0.9332588525628026,-6.13157113840212,2.8337652665477298,1.2786122302062013,4.016189082982003,2.2704216063621123,-5.362882697788381,-1.5046647779575324,-2.7572333486967002,4.589426184140448,4.480199502148443,3.500974241639513,4.1606701108143955,-2.8922766331502703,1.7949770112817502,1.8466897096520654,0.789016138980048,0.061942407098780405
8.414071746539536,-2.5010354929631426,2.8466259385022705,27.278766104601775,-0.3920823388002335,5.021645084316993,-7.33779327116254,3.0300506558525457,5.476822479362717,18.86293802863095,-3.299504568468895,9.616661990933425,-5.93032406123085,-3.867821561927509,-15.466103695246542,-1.812429836888046,5.7851427770053006,0.6964173835562116,9.448747808808424,-8.11178755140869,3.153547655728441,-12.665342273315654,4.5607429232814365,7.68946120299296,0.24254752228155224,-8.843771823922197,3.3828209125419253,-21.462478461856204,9.434534788040201,3.746685947875573,13.72213585975639,8.308700297290581,-18.013937399302712,-5.399187144376085,-9.490193050771866,16.195477054414113,14.984595002771249,12.455344473012934,13.614816922495006,-10.232941647957912,6.621766284933308,6.098149472218579,2.1357830979053727,-0.8891453381327742
-1.7347785122865906,0.9965638322055439,-0.600881604431393,-4.927996887661495,-0.47551189755349,-0.9987010925629318,1.8214364386181876,-0.43242196065805255,-0.8544156372146675,-3.299504568468895,0.9917903832647409,-1.0578791402193348,1.5301053603597146,0.7076532637421901,2.7758623422117306,0.2546425722670422,-1.1543293453801045,-0.4147787488461231,-1.5572820161574903,1.3530699288165882,0.22393898426089676,2.282129180971971,-0.7844199330282491,-1.9749663215968347,0.08446291411950617,1.8159356624175054,-1.0429420061776957,4.239105678552824,-1.5016066433874975,-0.21922171381610675,-2.6397089704544787,-1.2097731693194285,3.1930852021096943,0.6823076753625131,1.6584202775187205,-2.778139716284292,-2.5078079124079213,-2.4447996490986603,-1.860652863757125,1.7171834614729742,-1.2532152242405084,-1.2170208064295367,0.01491919524711509,0.9075154930497698
3.8850411554122344,-0.3969245315128933,1.218135145501971,13.818809689499577,-1.0714288187289187,2.344599524230244,-2.8711299239870534,1.6601217458367832,2.924869539294068,9.616661990933425,-1.0578791402193348,6.0039495635509725,-2.2076151038821434,-1.8285448559766444,-7.7831736647118746,-1.0459924239674772,2.742470409028453,-0.04512343824789658,5.055110811273089,-4.260124949131263,2.857601789128612,-6.272051229387042,2.3523596395402397,2.8495110028827684,0.31670518880909543,-4.12355988126497,1.0336641374649604,-10.17840357214895,5.088653081164129,2.6539907009173858,6.638486631175142,4.756207622553728,-9.14497873558798,-3.2061622116012782,-4.895968710252416,8.419039862640375,7.92556950803562,5.9715201579922885,7.838566423902999,-5.355688782129881,3.3056584839106016,2.927557724565466,1.719455442037348,0.791656342336587
-3.151674195983111,1.6288701357506437,-1.151987439657862,-8.95122593801328,-0.6935957038147892,-1.7891787668515131,3.151942320539458,-0.7387883009515526,-1.56752652474012,-5.93032406123085,1.5301053603597146,-2.2076151038821434,2.9328789671013618,1.1345082032285754,4.920757625341794,0.49254267904331156,-2.0299627259850457,-0.8398191558531468,-2.867057927747658,2.5631950029047412,0.2858401165473023,4.073223649361501,-1.435465133220469,-3.381394663292228,0.22790361233999679,3.18089457719964,-1.8086569112570203,7.477519445692801,-2.8292227573086723,-0.3939134271563309,-4.784045094648431,-2.3851051908818586,5.635386418505386,1.3335016509861783,2.966460518467575,-5.092952271671125,-4.581388340292106,-4.333654829687432,-3.4874294113841757,3.13919968855668,-2.194603657829172,-2.2141174787556097,0.12636458515010526,1.4060359451555218
-1.6915257411084088,0.5289287479170975,-0.6138073828910438,-5.473691257542362,0.09935855111313144,-1.0185173500330058,1.5727970540935365,-0.7533009152447506,-1.1965732901827992,-3.867821561927509,0.7076532637421901,-1.8285448559766444,1.1345082032285754,1.0401132667705069,3.2025985640616588,0.31027032065472854,-1.2024816713933282,0.03666249553470764,-1.8835846765456008,1.5335113906094717,-0.6427182803604271,2.724687365368804,-0.9881775954579921,-1.632263703787308,-0.09022312428517625,1.840032360483207,-0.6641366491518753,4.4341328050736095,-1.914397962147187,-0.7443970531978504,-2.7938879735509783,-1.512187462540077,3.750668846339979,1.0614889220107628,1.9108499181471152,-3.2018112043478486,-3.02124131256521,-2.5009996531729044,-2.7642467053288446,2.045929336438035,-1.276837242131852,-1.196936816134118,-0.5566002946224344,0.21384047666050054
-7.0011662594233,2.203596107330007,-2.3810288764167535,-22.511784573401616,0.22206237528947606,-4.134844904126403,6.121080423940717,-2.571322356540801,-4.527067995408776,-15.466103695246542,2.7758623422117306,-7.7831736647118746,4.920757625341794,3.2025985640616588,12.819546573909204,1.4379789295876035,-4.811497492597787,-0.58460371213402,-7.8078351139570215,6.635783135471638,-2.4689295509628337,10.473044234576983,-3.7676816405536315,-6.453144168645622,-0.18225106628454332,7.419030608371244,-2.8568462599688327,17.806907884182404,-7.77501085479819,-3.0411251260324876,-11.371380503570302,-6.806240420212643,14.838092740761233,4.422144315873025,7.806009790073359,-13.267486859489946,-12.380443406522039,-10.308823600124283,-11.167986827233936,8.348060092044113,-5.433085133783307,-5.052823482041071,-1.6764168378220907,0.7739539161114255
-0.7271811475227701,0.10700647597011025,-0.2262353524734472,-2.6242559823383504,0.1516941189892868,-0.5186333264794687,0.5569049692198614,-0.20875968787037988,-0.38645414204760514,-1.812429836888046,0.2546425722670422,-1.0459924239674772,0.49254267904331156,0.31027032065472854,1.4379789295876035,0.2949220446279149,-0.5112674491391933,-0.10473046289370132,-0.8999056345563367,0.9253777914981899,-0.4831166915737311,1.1609469237311185,-0.3903684840986906,-0.6716022806315686,-0.05396664452053892,0.7329342808671147,-0.22025589340876875,1.9500658735845404,-0.9093262293786795,-0.4064276972286618,-1.2437118984505693,-0.9583767600803584,1.6553846062642796,0.6324791284604141,0.9513578765657449,-1.6481650957787424,-1.4231453678409332,-1.1865288320653848,-1.338209462380697,1.0796086835148015,-0.7031131398234822,-0.5138352589950782,-0.22491284507052592,0.05553819692718706
2.7085626125279534,-1.0051070390872716,0.9227666364689907,8.484522840650397,0.08704418971177076,1.5796864905280525,-2.444198280194877,0.9443805247184585,1.63475480189567,5.7851427770053006,-1.1543293453801045,2.742470409028453,-2.0299627259850457,-1.2024816713933282,-4.811497492597787,-0.5112674491391933,1.8846209032881667,0.3532715066856895,2.914726751808636,-2.4614326250531597,0.650901603150867,-3.914020943405076,1.4104308187927443,2.5887885595969613,0.005923532051762398,-2.8325399427785154,1.214519723493263,-6.828929506250897,2.8754245752039096,0.9681827389668743,4.327104586754882,2.5023052826968093,-5.553883691443136,-1.5881446847600904,-2.8882122689180907,4.960360991199734,4.5948287658532365,3.9465998928742128,4.031824434731215,-3.0953575767129546,2.0576159002963017,1.9353349637259825,0.49430118806431395,-0.49315045686127235
0.5506455594625815,-0.5498289644402775,0.22333218398280957,1.2553859105812393,0.43830338868829916,0.32466339827235996,-0.6524530304896693,-0.11412602419922292,-0.06192934978746707,0.6964173835562116,-0.4147787488461231,-0.04512343824789658,-0.8398191558531468,0.03666249553470764,-0.58460371213402,-0.10473046289370132,0.3532715066856895,0.5531057355780004,0.31224383963111974,-0.4455489698501027,-0.5850348736312148,-0.4008085006181766,0.09093837951748618,0.8313873627127724,-0.17716527514891509,-0.4596697407263083,0.527753449352869,-1.2070120896437546,0.24168508831782756,-0.3300617387288267,0.7229747535395417,0.35261692027760805,-0.5623148340036181,-0.07206120671829629,-0.3334631201142808,0.6977628902187761,0.4522004769150274,0.7386987623568665,0.05118295802336804,-0.36999303879676443,0.3908047076948246,0.3513024025245341,-0.4255310567052209,-0.7036346889629945
4.219833429904201,-1.1751176506221603,1.3851674830446388,13.833878756176215,-0.31705462897615266,2.4712362699310355,-3.568815682032211,1.592300347090224,2.800325412182908,9.448747808808424,-1.5572820161574903,5.055110811273089,-2.867057927747658,-1.8835846765456008,-7.8078351139570215,-0.8999056345563367,2.914726751808636,0.31224383963111974,4.8794497370288585,-4.082148817988575,1.759465812687948,-6.333939582214167,2.32589952739645,3.6974085784105992,0.12840031093040186,-4.48770271450963,1.6305549458235715,-10.730818051268367,4.848561174183741,2.0192085347173885,6.90508529926107,4.335293914498675,-9.071185099597844,-2.8024859934845043,-4.799057457905117,8.173291075045665,7.682233290753896,6.246883967205115,7.043676638216962,-5.133728669919803,3.3343667027138175,3.0891678384726777,1.136911179078361,-0.1638442180857054
-3.569277282734091,0.9773045244622157,-1.2112125885683864,-11.796436136882386,0.25231749528388864,-2.2308161272536666,2.99978500336137,-1.1873946691007409,-2.147424237253388,-8.11178755140869,1.3530699288165882,-4.260124949131263,2.5631950029047412,1.5335113906094717,6.635783135471638,0.9253777914981899,-2.4614326250531597,-0.4455489698501027,-4.082148817988575,3.740221357668102,-1.5050431861615874,5.389496690177103,-1.8771819130935516,-3.324044051917113,-0.112066464266017,3.7035208888304396,-1.3709646798728539,9.190786482510903,-4.0662200500980985,-1.6208725708358596,-5.857579616986071,-3.8272620563453397,7.62712729257354,2.476110429977997,4.1309793160571795,-7.104465551465078,-6.443027234547776,-5.399196310526794,-5.875104276165721,4.508794371425893,-2.940275647250725,-2.5504920699333358,-0.83459409368167,0.3953271285926847
0.7516423376832302,0.7808792102293115,0.17167044394929235,4.180003051844052,-1.232754790364128,0.5968345880802611,-0.039982212592940505,0.7110247401127392,1.0530110882789183,3.153547655728441,0.22393898426089676,2.857601789128612,0.2858401165473023,-0.6427182803604271,-2.4689295509628337,-0.4831166915737311,0.650901603150867,-0.5850348736312148,1.759465812687948,-1.5050431861615874,2.2945452637723505,-1.9748674000523097,0.7475591171407525,-0.007177192470248761,0.3992827494100327,-0.908869995198977,-0.4491740545822946,-2.564980685629774,1.8281492657898402,1.640307603651164,1.70416704800609,1.8915224676527025,-2.955207584716547,-1.478930012702736,-1.6426917366985472,2.8129787703438818,2.720380984931265,1.5386223353236972,3.364657089664482,-1.884478367700289,0.9856619623087037,0.62761892724689,1.3035917834669128,1.3884070266451012
-5.754583837910922,1.8248241320247276,-1.976539919236134,-18.389148679815772,0.14668246525046855,-3.4216259884416163,5.102397462316537,-2.1247265190319373,-3.7563123324167904,-12.665342273315654,2.282129180971971,-6.272051229387042,4.073223649361501,2.724687365368804,10.473044234576983,1.1609469237311185,-3.914020943405076,-0.4008085006181766,-6.333939582214167,5.389496690177103,-1.9748674000523097,8.667548899899,-3.1143102038851764,-5.369434760732056,-0.1570951168327866,6.10902805778154,-2.364356938901849,14.578175852881495,-6.349252536061119,-2.4460660127674645,-9.329011139172385,-5.452346070037238,12.172195476796329,3.5613371069626214,6.4070010183385,-10.806819628052637,-10.094010624027598,-8.434615201158312,-9.050303901574635,6.842990590529024,-4.419356628893187,-4.136181231007346,-1.3639797914998781,0.7356007133583177
2.0880593446154414,-0.6319831781350558,0.6874190190121849,6.691922272519216,-0.09528660771353198,1.1931198024078469,-1.8406389463483475,0.7998288633933137,1.4303085665862265,4.5607429232814365,-0.7844199330282491,2.3523596395402397,-1.435465133220469,-0.9881775954579921,-3.7676816405536315,-0.3903684840986906,1.4104308187927443,0.09093837951748618,2.32589952739645,-1.8771819130935516,0.7475591171407525,-3.1143102038851764,1.1839089954985966,1.8235168205334056,0.04351599041929348,-2.2314177102341586,0.8490270121364923,-5.2072659564731,2.3525073904446816,0.9249944147869325,3.3931141434436998,1.9785700564367978,-4.428346044051004,-1.2838743144676357,-2.319728373169325,3.897042307264297,3.7178922985205682,3.014791451919053,3.342413852067035,-2.4664877060448513,1.5770138631286454,1.5345976264470895,0.5446022566299565,-0.14752587864606748
3.905111354036469,-1.9755929385274604,1.4183320461036601,11.447408577293434,0.7591845223070979,2.332313529065656,-3.9126191255659357,1.0788359877829357,2.0145901017335373,7.68946120299296,-1.9749663215968347,2.8495110028827684,-3.381394663292228,-1.632263703787308,-6.453144168645622,-0.6716022806315686,2.5887885595969613,0.8313873627127724,3.6974085784105992,-3.324044051917113,-0.007177192470248761,-5.369434760732056,1.8235168205334056,4.379697329512749,-0.13872492394704486,-4.097413855344129,2.143645827458695,-9.637355000857966,3.622188465096195,0.7259026928109124,6.0577716351434185,3.0507364537267287,-7.355517457484875,-1.7926204275646944,-3.8831512724330026,6.537945812240285,5.905430979815782,5.592896086210907,4.613737355104462,-4.073061268409115,2.8684776370280862,2.7024680749284204,0.07970950700267576,-1.6786187766791532
-0.04129166558376484,0.20523447765028174,-0.033178746090322495,0.21954237169302462,-0.22566378539380966,0.024695521747038356,0.14009310943068629,0.09689884799579321,0.10025227578956782,0.24254752228155224,0.08446291411950617,0.31670518880909543,0.22790361233999679,-0.09022312428517625,-0.18225106628454332,-0.05396664452053892,0.005923532051762398,-0.17716527514891509,0.12840031093040186,-0.112066464266017,0.3992827494100327,-0.1570951168327866,0.04351599041929348,-0.13872492394704486,0.10663570334643227,0.003017734818430288,-0.17297774430579166,-0.07472103185163058,0.135339285152177,0.2658604703759626,0.02792380974968943,0.1492360391829212,-0.23739481516045732,-0.16727713040219558,-0.13406276172709758,0.1982701535375528,0.20141104123590486,0.05261262485135474,0.36376636484814723,-0.1550318354888884,0.05661970280117714,-0.019603448546000338,0.25144313354325,0.2619264655796494
-4.2779789547386144,1.6602723472201506,-1.4326842084586364,-13.168858375508437,-0.23923588696058648,-2.4378295525277593,3.9399919387184625,-1.4657809333831078,-2.672578595409761,-8.843771823922197,1.8159356624175054,-4.12355988126497,3.18089457719964,1.840032360483207,7.419030608371244,0.7329342808671147,-2.8325399427785154,-0.4596697407263083,-4.48770271450963,3.7035208888304396,-0.908869995198977,6.10902805778154,-2.2314177102341586,-4.097413855344129,0.003017734818430288,4.591400261205071,-1.9888296229742775,10.529424948425838,-4.457212515155649,-1.5102593942201294,-6.78886932375448,-3.754541833004914,8.600961538894763,2.3306992021411372,4.541302128966664,-7.556220828469761,-7.164833841524074,-6.109254363803615,-6.111912886077495,4.729775932820984,-3.17084161885627,-3.0963641169836142,-0.6731327393763267,0.8380794351248724
1.9241468885266606,-1.1651000170288341,0.6694641484905794,5.2111980155578195,0.622052486355377,1.046678158501942,-2.034754116489819,0.4235932870888435,0.9332588525628026,3.3828209125419253,-1.0429420061776957,1.0336641374649604,-1.8086569112570203,-0.6641366491518753,-2.8568462599688327,-0.22025589340876875,1.214519723493263,0.527753449352869,1.6305549458235715,-1.3709646798728539,-0.4491740545822946,-2.364356938901849,0.8490270121364923,2.143645827458695,-0.17297774430579166,-1.9888296229742775,1.2273068645257998,-4.459635815611236,1.5849789920526083,0.11224015400050336,2.855186868803842,1.235902659122443,-3.2950211150865636,-0.6276983578308615,-1.7160298433187469,2.8648471746829127,2.62984304758496,2.5835227241566256,1.826014503337338,-1.7510598770939825,1.2915368630066155,1.362761935324021,-0.18862763292460363,-1.0286669839140283
-10.009119135824744,3.6339127825253876,-3.4384004804300443,-31.411354686726764,-0.2667031788589471,-5.8863408750952795,9.061857692295684,-3.4207166715173156,-6.13157113840212,-21.462478461856204,4.239105678552824,-10.17840357214895,7.477519445692801,4.4341328050736095,17.806907884182404,1.9500658735845404,-6.828929506250897,-1.2070120896437546,-10.730818051268367,9.190786482510903,-2.564980685629774,14.578175852881495,-5.2072659564731,-9.637355000857966,-0.07472103185163058,10.529424948425838,-4.459635815611236,25.200188051637166,-10.63994805993215,-3.685173340855587,-16.039739375722114,-9.237478935966095,20.576244080270875,5.86417924055364,10.804884305210553,-18.38614676790746,-17.02302912416793,-14.588992786237155,-14.906388371092977,11.528014905170245,-7.639499373326438,-7.1685665441463025,-1.834439468032448,1.8876109532820284
4.2039010762559155,-1.1106588765314145,1.3843503561679418,13.784061146183559,-0.37458675964519345,2.4615887053138787,-3.5386285316772095,1.5962171218909704,2.8337652665477298,9.434534788040201,-1.5016066433874975,5.088653081164129,-2.8292227573086723,-1.914397962147187,-7.77501085479819,-0.9093262293786795,2.8754245752039096,0.24168508831782756,4.848561174183741,-4.0662200500980985,1.8281492657898402,-6.349252536061119,2.3525073904446816,3.622188465096195,0.135339285152177,-4.457212515155649,1.5849789920526083,-10.63994805993215,4.872991555253614,2.04309555944195,6.893422571859605,4.309666686030628,-9.05866719913986,-2.8171446621770095,-4.802463512618892,8.153252880056192,7.683360166071269,6.182412033583018,7.068541694846064,-5.161281631471032,3.2970867022895187,3.0758227269825924,1.1712518926721913,-0.11585354342085424
1.3371044349314742,0.16900763999844112,0.3684307205380871,5.23693190887778,-0.722747412541016,0.8248227053648608,-0.799404850642914,0.7651899173081832,1.2786122302062013,3.746685947875573,-0.21922171381610675,2.6539907009173858,-0.3939134271563309,-0.7443970531978504,-3.0411251260324876,-0.4064276972286618,0.9681827389668743,-0.3300617387288267,2.0192085347173885,-1.6208725708358596,1.640307603651164,-2.4460660127674645,0.9249944147869325,0.7259026928109124,0.2658604703759626,-1.5102593942201294,0.11224015400050336,-3.685173340855587,2.04309555944195,1.4075285806200084,2.4187060582096382,1.895878867255476,-3.621779825163,-1.365874248886953,-1.9410456337192994,3.249294864132387,3.1750142946544386,2.166805851393181,3.391659040745803,-2.1024820005215945,1.2302242237192151,1.0517027780818233,1.0010846855089224,0.7914462586038935
6.442585653537437,-2.278196561828872,2.1824021090525583,20.19791033573548,0.12074415040144,3.7441990694651577,-5.801668831475186,2.185473936489205,4.016189082982003,13.72213585975639,-2.6397089704544787,6.638486631175142,-4.784045094648431,-2.7938879735509783,-11.371380503570302,-1.2437118984505693,4.327104586754882,0.7229747535395417,6.90508529926107,-5.857579616986071,1.70416704800609,-9.329011139172385,3.3931141434436998,6.0577716351434185,0.02792380974968943,-6.78886932375448,2.855186868803842,-16.039739375722114,6.893422571859605,2.4187060582096382,10.32301886205189,5.953874504735054,-13.192496211582798,-3.7580181158985657,-6.964747723672884,11.786331511295833,10.997423209361234,9.308735526480678,9.611263401881136,-7.411335505801349,4.883054217348301,4.65321323022078,1.1786332156009411,-1.095965408364991
3.5733587837475334,-0.7805870824934849,1.1508141784125594,12.212698053615414,-0.5154407030569012,2.197129000956768,-2.8436673870790936,1.2914443125523338,2.2704216063621123,8.308700297290581,-1.2097731693194285,4.756207622553728,-2.3851051908818586,-1.512187462540077,-6.806240420212643,-0.9583767600803584,2.5023052826968093,0.35261692027760805,4.335293914498675,-3.8272620563453397,1.8915224676527025,-5.452346070037238,1.9785700564367978,3.0507364537267287,0.1492360391829212,-3.754541833004914,1.235902659122443,-9.237478935966095,4.309666686030628,1.895878867255476,5.953874504735054,4.142668966641164,-7.853037021510048,-2.6829880877841323,-4.267209210323911,7.356070013075934,6.788000958210905,5.462797154596963,6.350439255543553,-4.641129179991852,3.016816300240856,2.6138081448070283,1.056556822185197,0.03988668797168755
-8.119315392406117,2.4722589494543623,-2.70123988197062,-26.158017116888754,0.3077102322900762,-4.784435783336573,7.111673805295668,-2.989939340888182,-5.362882697788381,-18.013937399302712,3.1930852021096943,-9.14497873558798,5.635386418505386,3.750668846339979,14.838092740761233,1.6553846062642796,-5.553883691443136,-0.5623148340036181,-9.071185099597844,7.62712729257354,-2.955207584716547,12.172195476796329,-4.428346044051004,-7.355517457484875,-0.23739481516045732,8.600961538894763,-3.2950211150865636,20.576244080270875,-9.05866719913986,-3.621779825163,-13.192496211582798,-7.853037021510048,17.33006909809009,5.100573405266316,9.107115932814134,-15.422073135482538,-14.413601263471937,-11.940200143451003,-13.030287252739583,9.744127480393121,-6.314258977626004,-5.906114268094658,-2.0681825248657804,0.8133770322136035
-2.2183046374816673,0.32937734010140396,-0.72548084774093,-7.787671297380387,0.5095220299164118,-1.3862511808826226,1.6708492123812597,-0.9090071843883122,-1.5046647779575324,-5.399187144376085,0.6823076753625131,-3.2061622116012782,1.3335016509861783,1.0614889220107628,4.422144315873025,0.6324791284604141,-1.5881446847600904,-0.07206120671829629,-2.8024859934845043,2.476110429977997,-1.478930012702736,3.5613371069626214,-1.2838743144676357,-1.7926204275646944,-0.16727713040219558,2.3306992021411372,-0.6276983578308615,5.86417924055364,-2.8171446621770095,-1.365874248886953,-3.7580181158985657,-2.6829880877841323,5.100573405266316,1.832304622476849,2.7510204146439423,-4.748487706456441,-4.40204588179747,-3.4258998505632965,-4.284905743566795,3.0291224009161963,-1.8905385562580754,-1.6089094116633313,-0.8586716771271691,-0.23037094064143068
-4.2783920681651,1.257813904904407,-1.3946812106201192,-13.888870613204801,0.19732263290721022,-2.5662336832901165,3.7108438502010044,-1.5062995923932623,-2.7572333486967002,-9.490193050771866,1.6584202775187205,-4.895968710252416,2.966460518467575,1.9108499181471152,7.806009790073359,0.9513578765657449,-2.8882122689180907,-0.3334631201142808,-4.799057457905117,4.1309793160571795,-1.6426917366985472,6.4070010183385,-2.319728373169325,-3.8831512724330026,-0.13406276172709758,4.541302128966664,-1.7160298433187469,10.804884305210553,-4.802463512618892,-1.9410456337192994,-6.964747723672884,-4.267209210323911,9.107115932814134,2.7510204146439423,4.881400729460463,-8.204553388853025,-7.646789534599918,-6.329267194921003,-6.869632489934117,5.214905340288168,-3.3986975646150412,-3.1162043028106083,-1.0520844145448043,0.4512041216132796
7.214116447507109,-2.077933791844866,2.402294440463022,23.56862299428883,-0.40663553769671534,4.340240065603395,-6.20117678779269,2.528864606425275,4.589426184140448,16.195477054414113,-2.778139716284292,8.419039862640375,-5.092952271671125,-3.2018112043478486,-13.267486859489946,-1.6481650957787424,4.960360991199734,0.6977628902187761,8.173291075045665,-7.104465551465078,2.8129787703438818,-10.806819628052637,3.897042307264297,6.537945812240285,0.1982701535375528,-7.556220828469761,2.8648471746829127,-18.38614676790746,8.153252880056192,3.249294864132387,11.786331511295833,7.356070013075934,-15.422073135482538,-4.748487706456441,-8.204553388853025,14.033856864826102,12.938644471683146,10.73906830713772,11.753222540956047,-8.868563910164571,5.769878673710481,5.235461507794585,1.797702312328685,-0.7079060832194614
6.7384795926106795,-1.9081390211823486,2.2108138359557232,21.942605016864242,-0.44419783443173194,3.9426730101086758,-5.7490890562887875,2.502344576727892,4.480199502148443,14.984595002771249,-2.5078079124079213,7.92556950803562,-4.581388340292106,-3.02124131256521,-12.380443406522039,-1.4231453678409332,4.5948287658532365,0.4522004769150274,7.682233290753896,-6.443027234547776,2.720380984931265,-10.094010624027598,3.7178922985205682,5.905430979815782,0.20141104123590486,-7.164833841524074,2.62984304758496,-17.02302912416793,7.683360166071269,3.1750142946544386,10.997423209361234,6.788000958210905,-14.413601263471937,-4.40204588179747,-7.646789534599918,12.938644471683146,12.190659819745761,9.906362989365267,11.101365645798381,-8.167279128119521,5.274457252047729,4.935855613528571,1.776291368241456,-0.3760560121787943
5.801937657744454,-2.0820328101112806,1.9487774058093814,18.331387404336812,0.15570100308301735,3.467869946060105,-5.231442304304866,1.9327037587680054,3.500974241639513,12.455344473012934,-2.4447996490986603,5.9715201579922885,-4.333654829687432,-2.5009996531729044,-10.308823600124283,-1.1865288320653848,3.9465998928742128,0.7386987623568665,6.246883967205115,-5.399196310526794,1.5386223353236972,-8.434615201158312,3.014791451919053,5.592896086210907,0.05261262485135474,-6.109254363803615,2.5835227241566256,-14.588992786237155,6.182412033583018,2.166805851393181,9.308735526480678,5.462797154596963,-11.940200143451003,-3.4258998505632965,-6.329267194921003,10.73906830713772,9.906362989365267,8.547037020554402,8.623970181452743,-6.745845004449871,4.512816844931455,4.168277561752485,1.046441102556192,-1.1055098636561829
5.736819823613491,-1.0822453815618756,1.880609890390225,19.56315723208498,-1.0380485820514675,3.392257609671742,-4.5536946054347744,2.406559967238439,4.1606701108143955,13.614816922495006,-1.860652863757125,7.838566423902999,-3.4874294113841757,-2.7642467053288446,-11.167986827233936,-1.338209462380697,4.031824434731215,0.05118295802336804,7.043676638216962,-5.875104276165721,3.364657089664482,-9.050303901574635,3.342413852067035,4.613737355104462,0.36376636484814723,-6.111912886077495,1.826014503337338,-14.906388371092977,7.068541694846064,3.391659040745803,9.611263401881136,6.350439255543553,-13.030287252739583,-4.284905743566795,-6.869632489934117,11.753222540956047,11.101365645798381,8.623970181452743,10.690434477231516,-7.443035992264756,4.645171044996835,4.240561213980534,2.1542926601762833,0.5170102306102083
-4.530092624012201,1.2340124764144078,-1.4839855622851996,-14.840819545729408,0.3062776439210513,-2.7593554187980023,3.8636600603095004,-1.5821983025100208,-2.8922766331502703,-10.232941647957912,1.7171834614729742,-5.355688782129881,3.13919968855668,2.045929336438035,8.348060092044113,1.0796086835148015,-3.0953575767129546,-0.36999303879676443,-5.133728669919803,4.508794371425893,-1.884478367700289,6.842990590529024,-2.4664877060448513,-4.073061268409115,-0.1550318354888884,4.729775932820984,-1.7510598770939825,11.528014905170245,-5.161281631471032,-2.1024820005215945,-7.411335505801349,-4.641129179991852,9.744127480393121,3.0291224009161963,5.214905340288168,-8.868563910164571,-8.167279128119521,-6.745845004449871,-7.443035992264756,5.669839177648914,-3.6465091696665337,-3.278043014995517,-1.178965873758294,0.41784018438728304
3.009602308492199,-0.989041871339736,0.9701395256410952,9.746624473307529,-0.022561582184026534,1.8381681799457263,-2.6636556559004396,0.9737757064084527,1.7949770112817502,6.621766284933308,-1.2532152242405084,3.3056584839106016,-2.194603657829172,-1.276837242131852,-5.433085133783307,-0.7031131398234822,2.0576159002963017,0.3908047076948246,3.3343667027138175,-2.940275647250725,0.9856619623087037,-4.419356628893187,1.5770138631286454,2.8684776370280862,0.05661970280117714,-3.17084161885627,1.2915368630066155,-7.639499373326438,3.2970867022895187,1.2302242237192151,4.883054217348301,3.016816300240856,-6.314258977626004,-1.8905385562580754,-3.3986975646150412,5.769878673710481,5.274457252047729,4.512816844931455,4.645171044996835,-3.6465091696665337,2.4544968840898895,2.176215463944359,0.6171598599763848,-0.5089153721580933
2.943992843293994,-1.0920741861691403,0.9670352046863978,9.055311192062558,0.13792890482784076,1.6534324931015976,-2.6770626352023337,0.9557165384492429,1.8466897096520654,6.098149472218579,-1.2170208064295367,2.927557724565466,-2.2141174787556097,-1.196936816134118,-5.052823482041071,-0.5138352589950782,1.9353349637259825,0.3513024025245341,3.0891678384726777,-2.5504920699333358,0.62761892724689,-4.136181231007346,1.5345976264470895,2.7024680749284204,-0.019603448546000338,-3.0963641169836142,1.362761935324021,-7.1685665441463025,3.0758227269825924,1.0517027780818233,4.65321323022078,2.6138081448070283,-5.906114268094658,-1.6089094116633313,-3.1162043028106083,5.235461507794585,4.935855613528571,4.168277561752485,4.240561213980534,-3.278043014995517,2.176215463944359,2.161568822050048,0.469219339090603,-0.5328537615209676
0.5478029057964418,0.37783712980196976,0.14062078072542036,2.764255167866241,-0.696585538426177,0.3731457882157385,-0.2103470425354327,0.5306065394201469,0.789016138980048,2.1357830979053727,0.01491919524711509,1.719455442037348,0.12636458515010526,-0.5566002946224344,-1.6764168378220907,-0.22491284507052592,0.49430118806431395,-0.4255310567052209,1.136911179078361,-0.83459409368167,1.3035917834669128,-1.3639797914998781,0.5446022566299565,0.07970950700267576,0.25144313354325,-0.6731327393763267,-0.18862763292460363,-1.834439468032448,1.1712518926721913,1.0010846855089224,1.1786332156009411,1.056556822185197,-2.0681825248657804,-0.8586716771271691,-1.0520844145448043,1.797702312328685,1.776291368241456,1.046441102556192,2.1542926601762833,-1.178965873758294,0.6171598599763848,0.469219339090603,0.9078493650729369,0.7773427553378397
-0.8996326358919572,1.1551399012227836,-0.3912640757016844,-1.5488136378030974,-1.0335633413318404,-0.5588233964485947,1.3932559882475162,0.1695817937853948,0.061942407098780405,-0.8891453381327742,0.9075154930497698,0.791656342336587,1.4060359451555218,0.21384047666050054,0.7739539161114255,0.05553819692718706,-0.49315045686127235,-0.7036346889629945,-0.1638442180857054,0.3953271285926847,1.3884070266451012,0.7356007133583177,-0.14752587864606748,-1.6786187766791532,0.2619264655796494,0.8380794351248724,-1.0286669839140283,1.8876109532820284,-0.11585354342085424,0.7914462586038935,-1.095965408364991,0.03988668797168755,0.8133770322136035,-0.23037094064143068,0.4512041216132796,-0.7079060832194614,-0.3760560121787943,-1.1055098636561829,0.5170102306102083,0.41784018438728304,-0.5089153721580933,-0.5328537615209676,0.7773427553378397,1.6903388478826236
