V1,V2,V3,V4,V5,V6,V7,V8,V9,V10,V11,V12,V13,V14,V15,V16,V17,V18,V19,V20,V21,V22,V23,V24,V25,V26,V27,V28,V29,V30,V31,V32,V33,V34,V35,V36,V37,V38,V39,V40,V41,V42,V43,V44
9.398918398984062,2.7024239232961547,-6.548134181407987,2.511474872240263,3.2410083045792457,6.70035794488127,-2.3924943329892088,0.24242256875622956,-2.9930368822098723,-2.0821027829406726,-1.3775398550045566,10.44687062711666,-4.197672708545076,-0.7466824939380505,1.7826139641504521,4.727914084486536,1.3771299943412694,-5.506039963756265,-6.603884852808186,-6.858599287752466,3.16680486134616,-2.8147774597258555,5.302597188713545,0.2216465012700786,-1.823032147332828,3.88717616262197,-1.8843232624089734,0.9484993382255263,-1.1022935499308115,2.483234826784473,5.268062179769921,-2.6120848750533097,3.478523474859059,-8.127611820242127,-0.09874891721876529,-4.915169089335152,-8.019729923721348,-2.114742335606392,-9.021087492650107,1.0144566508996453,-0.7933607906156724,9.143272778530052,4.704856956411433,2.6670202678976023
2.7024239232961547,0.9938260419312331,-2.61067105558517,0.7932159754558235,1.0772150143522847,2.2161292090344387,-0.8181837401576046,0.13779588538454174,-0.9442179764259441,-0.4985502038903539,-0.4941533493817504,3.3862598328883786,-1.0765932757299448,-0.5699672035023169,0.3202087984781195,1.6248747923528442,0.3303460045432357,-1.9551527327849696,-1.964027450306105,-2.10788237825613,0.8162368392854931,-1.0476712618689028,1.1876669617163493,0.3171140714012805,-0.6354518020135852,1.3045195410850194,-0.6946537724788303,0.49282347411847194,-0.387397199344842,0.8077028376195082,1.408435561320688,-0.9621782909699705,0.8493281667117982,-2.6487453881130953,-0.4909603668531571,-1.923029987681016,-2.910307684168047,-0.5118445459033804,-2.708405645565879,0.25461918741940787,-0.766517254550787,2.7835076789127697,2.0084020723136935,0.44206752985858344
-6.548134181407987,-2.61067105558517,7.159695577235139,-2.160535296059359,-2.7302277972485265,-5.684844608135354,2.170955565907054,-0.41505842013281535,2.3182421795784314,1.0999544356668167,1.057860659164409,-8.594120865939278,2.8301083796892237,1.6701229773545545,-0.5595274244419225,-4.464892728354886,-0.7463186422266954,5.0890051643573075,4.723550253954461,5.069468421949198,-1.8379402338957394,2.6794117608327226,-2.3586055740409395,-1.3798383721584775,1.5611636539744977,-3.462355663485709,1.9245523748744664,-1.5789549317939602,1.0364515523180167,-2.3270700602494854,-3.1004235544308854,2.675148602945582,-1.8377683687680815,6.684017814617821,1.7471026451897542,5.178804640022056,7.820362631790435,1.071415010451757,6.9638868095146504,-0.37833800995016187,2.3016373141596334,-6.9872282228849985,-5.400721293485655,-0.7695301972078257
2.511474872240263,0.7932159754558235,-2.160535296059359,1.0480759488458424,0.9084770974601617,1.9320400922609793,-0.7740117688056626,0.20130236139365118,-0.6775003824399918,-0.5679871567962346,0.07750881768491764,2.865180279734237,-1.8299385715086796,-0.10115930013529653,0.3769413974753855,1.950273397644294,0.45194361342054584,-1.5648507727721872,-1.578725344456694,-1.49342430939953,0.6926233459093085,-0.6489296017978139,0.8881965850028222,0.9377904601383823,-0.33037293455726247,1.3422481432384654,-0.699839134572619,0.6838667478583835,-0.37126148443531004,1.2816893507811893,0.9216454064535042,-1.049052816660678,0.7284723545934302,-2.221089065536608,-0.3319672669473736,-1.5305586562409885,-2.674325380201841,-0.36165497745289343,-3.040278744820366,-0.17680513722553426,-0.15267482244332867,2.726547298113121,1.160811238224309,0.7083483156945506
3.2410083045792457,1.0772150143522847,-2.7302277972485265,0.9084770974601617,1.218642632537361,2.4993526274362168,-0.9046562936846322,0.1360076673070826,-1.0855310107715554,-0.6579517491006136,-0.5479425039693661,3.850424683582835,-1.3510292848375796,-0.48648105727570473,0.49010298790086043,1.80463102538645,0.4403673781200365,-2.145440875579613,-2.3223639234312685,-2.453940032902587,1.0302190128951203,-1.1311363939106611,1.6076752090116897,0.23704457577440885,-0.7058916534690092,1.4589984792219748,-0.7436279877603204,0.46903326171197873,-0.4240072671922916,0.9115409991940168,1.750972862633711,-1.0371566242531522,1.0994700082535456,-3.014182131482151,-0.33359120100693657,-2.0361419628238075,-3.160300984108062,-0.6663349152886509,-3.176077032002494,0.3295617190129833,-0.6276233130987366,3.2572861827416704,2.0529491128845887,0.709624048689234
6.70035794488127,2.2161292090344387,-5.684844608135354,1.9320400922609793,2.4993526274362168,5.176647166432648,-1.899676182062734,0.26645930343570184,-2.2334260007546516,-1.344881865793141,-1.0501066538505481,7.968318531168753,-2.9118361560716277,-0.997924070155456,1.0030439707584273,3.7990804242359038,0.8929535093792205,-4.42375322109451,-4.769365644593489,-5.028958546913443,2.1172609913467215,-2.303479675350619,3.275115462989144,0.5977651556494389,-1.425320371287135,3.056153036987901,-1.5759767820257748,1.0187443262542277,-0.8895718549630718,1.971761514301647,3.5558868492404407,-2.183819999621334,2.257733247953496,-6.202885885202265,-0.7236676127351745,-4.195459578631972,-6.580188061422979,-1.35783654809307,-6.6650156881054725,0.6188158223503568,-1.2709487384770484,6.750002410284799,4.211153776159636,1.4661074186326595
-2.3924943329892088,-0.8181837401576046,2.170955565907054,-0.7740117688056626,-0.9046562936846322,-1.899676182062734,0.7228719333284733,-0.11773814705966187,0.7811904536352132,0.4682157206651916,0.2847939079518293,-2.8899869196067773,1.18347828998276,0.36843734869929134,-0.32223145866849484,-1.5090850262223043,-0.31883632012308966,1.622611817271943,1.6693927048572568,1.7427250813128483,-0.7175096497526021,0.8162382629467941,-1.040804198833991,-0.4117104697626441,0.4799708197937584,-1.1706124634911763,0.6209836975457484,-0.467210464653983,0.34183823126474217,-0.8392933553860564,-1.1612887577170483,0.8662340358798566,-0.7584262867530008,2.2388524670699743,0.3563766726752992,1.5683595713351792,2.4990957324199856,0.43731145021469164,2.524686101420831,-0.12583087879340618,0.481310955454794,-2.473175896426633,-1.5328513417254812,-0.4950701564868666
0.24242256875622956,0.13779588538454174,-0.41505842013281535,0.20130236139365118,0.1360076673070826,0.26645930343570184,-0.11773814705966187,0.08672216749060677,-0.041400701622642096,-0.05739373874365148,0.08818201120684599,0.34393076941423845,-0.3192270766760697,-0.027111743422257206,-0.015559396764180283,0.4091625396963007,0.07626209563491343,-0.24043976875479564,-0.12048705447085407,-0.07927106736153217,0.009515292955289627,-0.08452994670801944,-0.10514375525515714,0.3490305524022969,-0.015741087094809657,0.23059070173479695,-0.1273513170547236,0.20736819133975107,-0.06294412832750425,0.28555227332784366,-0.04646268948800563,-0.22060660153320333,-0.006247337096623253,-0.29246369904331077,-0.17161656864171826,-0.2975033575220005,-0.48460203169344607,0.033767986363913705,-0.4546387148280976,-0.13091045716359892,-0.08320495578744436,0.3693821234788788,0.1873065712098174,0.026005025507244494
-2.9930368822098723,-0.9442179764259441,2.3182421795784314,-0.6775003824399918,-1.0855310107715554,-2.2334260007546516,0.7811904536352132,-0.041400701622642096,1.0578390870316527,0.5924720971891225,0.6793774796777151,-3.516546625590075,0.9606140742312952,0.4880044163572649,-0.502084622240266,-1.349436225424514,-0.3527324417727321,1.9152229865952777,2.217602340727285,2.406950611457894,-1.0267861175923947,1.0673365364784604,-1.7355655362907427,0.1730726175691401,0.7092879132029852,-1.210784790704418,0.6069929483791304,-0.23687426905102887,0.35769400129130485,-0.5768930971393226,-1.8299640102919308,0.7972242574976175,-1.1117783785401838,2.7309590221456226,0.16259383225562118,1.7469818037477898,2.66073169645893,0.7107986714288906,2.6684440818540405,-0.4960884379573701,0.5801249139172125,-2.867297018075039,-1.9093236702327372,-0.6635686375359058
-2.0821027829406726,-0.4985502038903539,1.0999544356668167,-0.5679871567962346,-0.6579517491006136,-1.344881865793141,0.4682157206651916,-0.05739373874365148,0.5924720971891225,0.5327174877629807,0.19924647954347013,-2.1030209873861976,1.0943860152227856,-0.058240193350674055,-0.4890674828433733,-1.0090723082091748,-0.3736831209495483,1.0355244518743323,1.403689773840317,1.3940558571680708,-0.7264531834893796,0.48683376618716423,-1.2769102568521917,-0.03893375633819843,0.3238887637585378,-0.7994272072531948,0.35000543799767,-0.15164290185025758,0.21419352718168158,-0.5830015127212498,-1.1560802933392427,0.5124701768564409,-0.8222496046078112,1.651172052043755,-0.19729416978837458,0.8533903242135658,1.5199280518170621,0.48875139899967107,2.015582605338816,-0.18262051127643036,-0.13125673952135683,-1.9923542974015733,-0.6625612386372959,-0.7786412473449452
-1.3775398550045566,-0.4941533493817504,1.057860659164409,0.07750881768491764,-0.5479425039693661,-1.0501066538505481,0.2847939079518293,0.08818201120684599,0.6793774796777151,0.19924647954347013,0.892256469682805,-1.7760566272929448,-0.46001104499624246,0.5615172624656362,-0.22316240766576162,-0.003492729098374817,-0.03016949571388112,1.0140792449953906,1.2773077928768792,1.5839106367390214,-0.5878639491568491,0.7650681376009718,-1.1894616132818878,0.9281714834434095,0.5797364583693239,-0.32667286081980706,0.1477437523979994,0.24525346703548548,0.1204674753421875,0.3873441348685922,-1.333916410208321,0.0980996499443748,-0.6451495950800186,1.4046555717234146,0.017144857294327534,0.8852547147836388,1.0006276485209928,0.4987653258761445,0.5732481946903553,-0.7206039890312339,0.6795009859750818,-1.0959315733586108,-1.4087198240633463,-0.10491205369612636
10.44687062711666,3.3862598328883786,-8.594120865939278,2.865180279734237,3.850424683582835,7.968318531168753,-2.8899869196067773,0.34393076941423845,-3.516546625590075,-2.1030209873861976,-1.7760566272929448,12.34291358648026,-4.304056849593376,-1.5372283737985255,1.6323749251250514,5.6301330374465035,1.3679301010832237,-6.795368578414313,-7.488192793027859,-7.93087953904415,3.3798128037648123,-3.5796441092915807,5.35813295438018,0.5667652776321547,-2.263408481683519,4.61992375877068,-2.362919034762583,1.394824236216641,-1.3440991972159044,2.8371854221769706,5.739806530449006,-3.2434388994536802,3.6144440608455812,-9.594820039288209,-0.946054871391777,-6.376170988137893,-9.969287618625913,-2.2097254545316947,-10.144628780141907,1.1320325084603227,-1.9119458727922158,10.391276353108118,6.491823761254841,2.337559660285119
-4.197672708545076,-1.0765932757299448,2.8301083796892237,-1.8299385715086796,-1.3510292848375796,-2.9118361560716277,1.18347828998276,-0.3192270766760697,0.9606140742312952,1.0943860152227856,-0.46001104499624246,-4.304056849593376,3.5605193655756455,-0.3547005391944907,-0.8399963755300589,-3.223575290452142,-0.8864568550351599,2.1687780888183794,2.4701285304378775,2.168125621193588,-1.2053585030546428,0.7284579955728789,-1.6853926392289578,-1.6403024777663937,0.32882949748233264,-2.13845334855173,1.054397146712505,-1.0494263040219594,0.565236385163294,-2.300606639774764,-1.4557735907502514,1.633378238351982,-1.329143424240031,3.3260340404793682,0.07426103003257481,1.9808576344114537,3.907142953631935,0.6357905612302799,5.219534211756859,0.45184198910713,-0.488456480849451,-4.486571661943663,-1.0215169696444357,-1.618692823703353
-0.7466824939380505,-0.5699672035023169,1.6701229773545545,-0.10115930013529653,-0.48648105727570473,-0.997924070155456,0.36843734869929134,-0.027111743422257206,0.4880044163572649,-0.058240193350674055,0.5615172624656362,-1.5372283737985255,-0.3547005391944907,0.8269786714514249,0.16829711111998194,-0.43341259172022545,0.10275703114522246,1.0797222041130474,0.7620087784113977,1.0222492675882278,-0.17783576818400018,0.7304164689030276,-0.12339028672183454,0.06176071549432504,0.45342822816358924,-0.47667890598087737,0.3362604655179487,-0.22213666765392703,0.17653054183444433,0.00951376369551141,-0.5241755837533423,0.3898979045957942,-0.11775131870869346,1.188035559337079,0.7158145955406181,1.2092003507861553,1.4601766460505703,0.11904916713608253,0.5509579354018526,-0.291881512500859,1.1377856273973723,-0.8241572824520909,-1.7018004320247662,0.42470003316256216
1.7826139641504521,0.3202087984781195,-0.5595274244419225,0.3769413974753855,0.49010298790086043,1.0030439707584273,-0.32223145866849484,-0.015559396764180283,-0.502084622240266,-0.4890674828433733,-0.22316240766576162,1.6323749251250514,-0.8399963755300589,0.16829711111998194,0.517700509344385,0.6035697509930148,0.32129517788438555,-0.71240990846993,-1.2145045084983705,-1.2127763343158162,0.6950241325241501,-0.3390524732391553,1.3475765482326627,-0.26123048156811496,-0.2642830880851541,0.5438635875582967,-0.19896724895686024,-0.05337875708373465,-0.1390932834027084,0.32847047619572267,1.1380581015873323,-0.2768414630691943,0.810009697619774,-1.2706317432983059,0.42084471304334814,-0.47066978148974087,-0.9399106688287521,-0.5028369967390507,-1.546364398839977,0.26775752174797957,0.3181211190315151,1.577518660846279,0.3230254321938623,0.7964400247577271
4.727914084486536,1.6248747923528442,-4.464892728354886,1.950273397644294,1.80463102538645,3.7990804242359038,-1.5090850262223043,0.4091625396963007,-1.349436225424514,-1.0090723082091748,-0.003492729098374817,5.6301330374465035,-3.223575290452142,-0.43341259172022545,0.6035697509930148,3.7309892422076913,0.8065683964924292,-3.1748560655900806,-3.047227292270621,-2.9511083210288853,1.2712996422475389,-1.3969482813819043,1.5421062200722284,1.7735025770653725,-0.7290389305271233,2.5895832239645085,-1.374620857400375,1.3550908323158515,-0.7266653937003567,2.3620539267532887,1.754044161087788,-2.0512008560370028,1.3029224840803206,-4.385278526131012,-0.8716883159810241,-3.1886766334571464,-5.338876970859664,-0.6535102493134339,-5.677060523039245,-0.2764482856585513,-0.6490180992038534,5.189766589062892,2.6292413734777216,1.1260133503978558
1.3771299943412694,0.3303460045432357,-0.7463186422266954,0.45194361342054584,0.4403673781200365,0.8929535093792205,-0.31883632012308966,0.07626209563491343,-0.3527324417727321,-0.3736831209495483,-0.03016949571388112,1.3679301010832237,-0.8864568550351599,0.10275703114522246,0.32129517788438555,0.8065683964924292,0.2885778845823929,-0.6753062478729247,-0.8810921229295158,-0.8254325176386219,0.4540005717825737,-0.2800205495907618,0.7517067292909894,0.20071761544061884,-0.17393329251389597,0.5760287947683708,-0.25256641433081883,0.17755066523989035,-0.14867329941524615,0.5137624592629755,0.6659548359102984,-0.3991582372842003,0.5076224587213564,-1.0852552783204867,0.10839335189530179,-0.5788000355126129,-1.0715928782842,-0.2847569720750842,-1.4554289147018067,0.023915836801774195,0.15207092247944193,1.3755655304808292,0.35288552316287675,0.5502170358713991
-5.506039963756265,-1.9551527327849696,5.0890051643573075,-1.5648507727721872,-2.145440875579613,-4.42375322109451,1.622611817271943,-0.24043976875479564,1.9152229865952777,1.0355244518743323,1.0140792449953906,-6.795368578414313,2.1687780888183794,1.0797222041130474,-0.71240990846993,-3.1748560655900806,-0.6753062478729247,3.87081464069918,3.9981512269291617,4.286206225525255,-1.7055719311272424,2.073916257171223,-2.5611046661774552,-0.4976763994252696,1.2779734439716994,-2.580144861743108,1.3609714457236188,-0.9059960746466703,0.7633742775729144,-1.5676182969514685,-2.9417315409408653,1.8724756109537766,-1.7890606033363177,5.301292733626591,0.8524128031360766,3.7560312988994164,5.719812492219149,1.0887685297262977,5.434836622835893,-0.5676301941270101,1.4218944692532873,-5.599469586850967,-3.9248342929915823,-0.9847997135916555
-6.603884852808186,-1.964027450306105,4.723550253954461,-1.578725344456694,-2.3223639234312685,-4.769365644593489,1.6693927048572568,-0.12048705447085407,2.217602340727285,1.403689773840317,1.2773077928768792,-7.488192793027859,2.4701285304378775,0.7620087784113977,-1.2145045084983705,-3.047227292270621,-0.8810921229295158,3.9981512269291617,4.782129898354857,5.089165390027688,-2.2682350793544757,2.156741544243006,-3.8703900700465104,0.23519928254488007,1.4269011524890858,-2.6471198992035285,1.2870565495831354,-0.5224971490605048,0.7657270311947951,-1.4280968759143806,-3.934262496594904,1.733612619317337,-2.4888181471821693,5.8342462725757,0.12068970476213385,3.5759910800179484,5.622365565266474,1.5579675178563177,6.027389798549276,-0.9578335437829286,0.8611442994070907,-6.332340032553534,-3.6901600922198283,-1.7130097269172289
-6.858599287752466,-2.10788237825613,5.069468421949198,-1.49342430939953,-2.453940032902587,-5.028958546913443,1.7427250813128483,-0.07927106736153217,2.406950611457894,1.3940558571680708,1.5839106367390214,-7.93087953904415,2.168125621193588,1.0222492675882278,-1.2127763343158162,-2.9511083210288853,-0.8254325176386219,4.286206225525255,5.089165390027688,5.527670063588899,-2.3829733740304997,2.405143264140506,-4.116240714918609,0.5464138114876741,1.605927695399145,-2.698748995150586,1.3256560654672698,-0.4407468459285028,0.7975847028769611,-1.230890743655134,-4.2683954605189465,1.7323506818464818,-2.6148404341971316,6.177485965825226,0.20619715431516503,3.843985685807753,5.873338327584512,1.6708823718280756,6.020164361640711,-1.1936300712470673,1.189029775598952,-6.506668118420509,-4.203497339728734,-1.6165413295415105
3.16680486134616,0.8162368392854931,-1.8379402338957394,0.6926233459093085,1.0302190128951203,2.1172609913467215,-0.7175096497526021,0.009515292955289627,-1.0267861175923947,-0.7264531834893796,-0.5878639491568491,3.3798128037648123,-1.2053585030546428,-0.17783576818400018,0.6950241325241501,1.2712996422475389,0.4540005717825737,-1.7055719311272424,-2.2682350793544757,-2.3829733740304997,1.1528357366279718,-0.9074418092353065,2.076804528120822,-0.3129000591990021,-0.6364298904557996,1.1438403245858972,-0.5193171405724215,0.10075263611834454,-0.3211490001119741,0.5922212296786099,1.978740449238176,-0.6925395799046496,1.2870443117101815,-2.623167636777242,0.2142178067669103,-1.4233266166475746,-2.331218921816543,-0.8144840491472829,-2.783039181943462,0.5095977772502984,-0.12150600924923663,2.9325265028505605,1.4167806252767519,0.9989916204471273
-2.8147774597258555,-1.0476712618689028,2.6794117608327226,-0.6489296017978139,-1.1311363939106611,-2.303479675350619,0.8162382629467941,-0.08452994670801944,1.0673365364784604,0.48683376618716423,0.7650681376009718,-3.5796441092915807,0.7284579955728789,0.7304164689030276,-0.3390524732391553,-1.3969482813819043,-0.2800205495907618,2.073916257171223,2.156741544243006,2.405143264140506,-0.9074418092353065,1.19926020605898,-1.4327453178404976,0.063909105843741,0.7669387565847786,-1.2471322993013223,0.6609568788115747,-0.34242565472500824,0.38171701300871597,-0.5449442310090323,-1.6926037895455732,0.8700897100190194,-0.9548533337144101,2.802762832939766,0.462983587037876,2.005834968376865,2.897403460879447,0.6160881335000227,2.5258113321277826,-0.4874959203209826,0.9554995707279559,-2.786431034736903,-2.2957959939740893,-0.3847998884022489
5.302597188713545,1.1876669617163493,-2.3586055740409395,0.8881965850028222,1.6076752090116897,3.275115462989144,-1.040804198833991,-0.10514375525515714,-1.7355655362907427,-1.2769102568521917,-1.1894616132818878,5.35813295438018,-1.6853926392289578,-0.12339028672183454,1.3475765482326627,1.5421062200722284,0.7517067292909894,-2.5611046661774552,-3.8703900700465104,-4.116240714918609,2.076804528120822,-1.4327453178404976,4.011477677882699,-1.2096849553510272,-1.0816683133632847,1.6178095719007246,-0.6537642882781489,-0.2315226149862916,-0.4505806218022247,0.5601028846682032,3.6705416576394683,-0.8111356364848561,2.3786410040201287,-4.161335118405997,0.8473475386373732,-1.9168351211240702,-3.187808533969212,-1.5458636915720525,-4.212759808304001,1.1454814750359443,0.11131122574186673,4.641533200511846,2.0026390366399984,1.8889604861559475
0.2216465012700786,0.3171140714012805,-1.3798383721584775,0.9377904601383823,0.23704457577440885,0.5977651556494389,-0.4117104697626441,0.3490305524022969,0.1730726175691401,-0.03893375633819843,0.9281714834434095,0.5667652776321547,-1.6403024777663937,0.06176071549432504,-0.26123048156811496,1.7735025770653725,0.20071761544061884,-0.4976763994252696,0.23519928254488007,0.5464138114876741,-0.3129000591990021,0.063909105843741,-1.2096849553510272,2.0935864776863657,0.2636696639226068,0.8532218815832088,-0.5472297319356977,1.084858984443619,-0.22793949391534088,1.4903008379131095,-1.0161430588593723,-0.9406795181198142,-0.43401001075838436,-0.4370130532604311,-0.8804418119685687,-0.8213028582430606,-1.63761587867292,0.45015851078409436,-1.6778245909727294,-1.0009056223098227,-0.10762810753972861,0.9224277107526967,0.16333637528741043,-0.07814397039867965
-1.823032147332828,-0.6354518020135852,1.5611636539744977,-0.33037293455726247,-0.7058916534690092,-1.425320371287135,0.4799708197937584,-0.015741087094809657,0.7092879132029852,0.3238887637585378,0.5797364583693239,-2.263408481683519,0.32882949748233264,0.45342822816358924,-0.2642830880851541,-0.7290389305271233,-0.17393329251389597,1.2779734439716994,1.4269011524890858,1.605927695399145,-0.6364298904557996,0.7669387565847786,-1.0816683133632847,0.2636696639226068,0.5221024929095933,-0.7162735351441278,0.3659980279859525,-0.10303769127673423,0.21881865195947267,-0.2089301077700323,-1.2153550253810463,0.464142152498751,-0.6748691186826494,1.7689352179668356,0.18304130993798834,1.1979242085267936,1.6953029470500818,0.45544937135635466,1.4827321272204883,-0.41652503379016687,0.5686270803129759,-1.7258568132879377,-1.4319134324469414,-0.28709298102008296
3.88717616262197,1.3045195410850194,-3.462355663485709,1.3422481432384654,1.4589984792219748,3.056153036987901,-1.1706124634911763,0.23059070173479695,-1.210784790704418,-0.7994272072531948,-0.32667286081980706,4.61992375877068,-2.13845334855173,-0.47667890598087737,0.5438635875582967,2.5895832239645085,0.5760287947683708,-2.580144861743108,-2.6471198992035285,-2.698748995150586,1.1438403245858972,-1.2471322993013223,1.6178095719007246,0.8532218815832088,-0.7162735351441278,1.9378366585746722,-1.0164979135202985,0.8271254963200193,-0.5560920271560228,1.5091142518191623,1.7786293788702905,-1.4553735432654236,1.2070856236829963,-3.591604778497934,-0.5496284445358987,-2.5036096896090276,-4.067893019624709,-0.6746201595048837,-4.238347713903562,0.0905906491686073,-0.6373436666123325,4.070315977272804,2.306604163641639,0.8869103094047035
-1.8843232624089734,-0.6946537724788303,1.9245523748744664,-0.699839134572619,-0.7436279877603204,-1.5759767820257748,0.6209836975457484,-0.1273513170547236,0.6069929483791304,0.35000543799767,0.1477437523979994,-2.362919034762583,1.054397146712505,0.3362604655179487,-0.19896724895686024,-1.374620857400375,-0.25256641433081883,1.3609714457236188,1.2870565495831354,1.3256560654672698,-0.5193171405724215,0.6609568788115747,-0.6537642882781489,-0.5472297319356977,0.3659980279859525,-1.0164979135202985,0.5585020086584677,-0.49465945490594326,0.2969916126106205,-0.8049545628798194,-0.7969583474991657,0.7916624633327976,-0.5291023068487036,1.8253165421222926,0.42782402921795337,1.3681500674161242,2.1849597050383243,0.2868887844861116,2.1387057955210516,-6.995244683817918e-4,0.4628705266795463,-2.030579019586931,-1.3049415021843231,-0.32899537135833534
0.9484993382255263,0.49282347411847194,-1.5789549317939602,0.6838667478583835,0.46903326171197873,1.0187443262542277,-0.467210464653983,0.20736819133975107,-0.23687426905102887,-0.15164290185025758,0.24525346703548548,1.394824236216641,-1.0494263040219594,-0.22213666765392703,-0.05337875708373465,1.3550908323158515,0.17755066523989035,-0.9059960746466703,-0.5224971490605048,-0.4407468459285028,0.10075263611834454,-0.34242565472500824,-0.2315226149862916,1.084858984443619,-0.10303769127673423,0.8271254963200193,-0.49465945490594326,0.6828749618360254,-0.2367042551873182,0.940871582409203,-0.03281457492473777,-0.7645602362407714,0.042885389771859635,-1.0840904512108487,-0.6397208112075772,-1.067669863472197,-1.7646070513884924,0.058086666137338476,-1.6261995292413909,-0.3762760547695581,-0.39181313948815316,1.315073350426003,0.8299653483562259,0.0397526605041197
-1.1022935499308115,-0.387397199344842,1.0364515523180167,-0.37126148443531004,-0.4240072671922916,-0.8895718549630718,0.34183823126474217,-0.06294412832750425,0.35769400129130485,0.21419352718168158,0.1204674753421875,-1.3440991972159044,0.565236385163294,0.17653054183444433,-0.1390932834027084,-0.7266653937003567,-0.14867329941524615,0.7633742775729144,0.7657270311947951,0.7975847028769611,-0.3211490001119741,0.38171701300871597,-0.4505806218022247,-0.22793949391534088,0.21881865195947267,-0.5560920271560228,0.2969916126106205,-0.2367042551873182,0.16287348604179458,-0.4099154512961123,-0.5150616136279924,0.41729263410051826,-0.3386391182547978,1.044084624228813,0.18775413761456292,0.7459926113324075,1.1874702117534144,0.19111627774854736,1.1878864993743683,-0.041975580647046644,0.23665403346150574,-1.1546686686330268,-0.7232453661773642,-0.21865668990189757
2.483234826784473,0.8077028376195082,-2.3270700602494854,1.2816893507811893,0.9115409991940168,1.971761514301647,-0.8392933553860564,0.28555227332784366,-0.5768930971393226,-0.5830015127212498,0.3873441348685922,2.8371854221769706,-2.300606639774764,0.00951376369551141,0.32847047619572267,2.3620539267532887,0.5137624592629755,-1.5676182969514685,-1.4280968759143806,-1.230890743655134,0.5922212296786099,-0.5449442310090323,0.5601028846682032,1.4903008379131095,-0.2089301077700323,1.5091142518191623,-0.8049545628798194,0.940871582409203,-0.4099154512961123,1.6727641368616404,0.5962160844081373,-1.249372098739208,0.6016490926409265,-2.194830343098149,-0.47971780903596856,-1.6026346618604523,-2.9323628926443734,-0.23135175958828585,-3.4157335596033724,-0.4722334727704533,-0.04792778799083444,2.87028101590944,1.0054864998769848,0.7365149533722863
5.268062179769921,1.408435561320688,-3.1004235544308854,0.9216454064535042,1.750972862633711,3.5558868492404407,-1.1612887577170483,-0.04646268948800563,-1.8299640102919308,-1.1560802933392427,-1.333916410208321,5.739806530449006,-1.4557735907502514,-0.5241755837533423,1.1380581015873323,1.754044161087788,0.6659548359102984,-2.9417315409408653,-3.934262496594904,-4.2683954605189465,1.978740449238176,-1.6926037895455732,3.6705416576394683,-1.0161430588593723,-1.2153550253810463,1.7786293788702905,-0.7969583474991657,-0.03281457492473777,-0.5150616136279924,0.5962160844081373,3.5812133273069615,-1.002075480344413,2.2158902141762984,-4.47067627037117,0.3627659467802037,-2.4438458961289724,-3.778312640100727,-1.4521634059874227,-4.244721458687935,1.1433825577708288,-0.4869452921844943,4.751006106806796,2.7200654178440393,1.5190857142935088
-2.6120848750533097,-0.9621782909699705,2.675148602945582,-1.049052816660678,-1.0371566242531522,-2.183819999621334,0.8662340358798566,-0.22060660153320333,0.7972242574976175,0.5124701768564409,0.0980996499443748,-3.2434388994536802,1.633378238351982,0.3898979045957942,-0.2768414630691943,-2.0512008560370028,-0.3991582372842003,1.8724756109537766,1.733612619317337,1.7323506818464818,-0.6925395799046496,0.8700897100190194,-0.8111356364848561,-0.9406795181198142,0.464142152498751,-1.4553735432654236,0.7916624633327976,-0.7645602362407714,0.41729263410051826,-1.249372098739208,-1.002075480344413,1.1580765601014553,-0.69657443109401,2.521673453808393,0.608249841873923,1.907787440071165,3.0904228036346213,0.35765938882042786,3.090093540065897,0.10059285562804092,0.5644626698650793,-2.8760890837849344,-1.7078268782383421,-0.5000378624906926
3.478523474859059,0.8493281667117982,-1.8377683687680815,0.7284723545934302,1.0994700082535456,2.257733247953496,-0.7584262867530008,-0.006247337096623253,-1.1117783785401838,-0.8222496046078112,-0.6451495950800186,3.6144440608455812,-1.329143424240031,-0.11775131870869346,0.810009697619774,1.3029224840803206,0.5076224587213564,-1.7890606033363177,-2.4888181471821693,-2.6148404341971316,1.2870443117101815,-0.9548533337144101,2.3786410040201287,-0.43401001075838436,-0.6748691186826494,1.2070856236829963,-0.5291023068487036,0.042885389771859635,-0.3386391182547978,0.6016490926409265,2.2158902141762984,-0.69657443109401,1.462523199298845,-2.8099247094516584,0.35767316305610886,-1.4336413691796188,-2.396297471354501,-0.9228750464778456,-3.008361625538328,0.5880003990173477,-0.015370586443850205,3.174878766865058,1.4119759357211425,1.1727702167555465
-8.127611820242127,-2.6487453881130953,6.684017814617821,-2.221089065536608,-3.014182131482151,-6.202885885202265,2.2388524670699743,-0.29246369904331077,2.7309590221456226,1.651172052043755,1.4046555717234146,-9.594820039288209,3.3260340404793682,1.188035559337079,-1.2706317432983059,-4.385278526131012,-1.0852552783204867,5.301292733626591,5.8342462725757,6.177485965825226,-2.623167636777242,2.802762832939766,-4.161335118405997,-0.4370130532604311,1.7689352179668356,-3.591604778497934,1.8253165421222926,-1.0840904512108487,1.044084624228813,-2.194830343098149,-4.47067627037117,2.521673453808393,-2.8099247094516584,7.487862130220105,0.7299116603911997,4.9825137687261645,7.7588735340435,1.7160395851088297,7.874260331361281,-0.8886840219713066,1.4962997973645227,-8.096389080685595,-5.059098501266795,-1.8238719092224545
-0.09874891721876529,-0.4909603668531571,1.7471026451897542,-0.3319672669473736,-0.33359120100693657,-0.7236676127351745,0.3563766726752992,-0.17161656864171826,0.16259383225562118,-0.19729416978837458,0.017144857294327534,-0.946054871391777,0.07426103003257481,0.7158145955406181,0.42084471304334814,-0.8716883159810241,0.10839335189530179,0.8524128031360766,0.12068970476213385,0.20619715431516503,0.2142178067669103,0.462983587037876,0.8473475386373732,-0.8804418119685687,0.18304130993798834,-0.5496284445358987,0.42782402921795337,-0.6397208112075772,0.18775413761456292,-0.47971780903596856,0.3627659467802037,0.608249841873923,0.35767316305610886,0.7299116603911997,1.0927041378060105,1.1788885681438122,1.5516719330328657,-0.2545228592403561,0.5994708939294685,0.2526026641031444,1.0950677141468292,-0.5178583460075522,-1.3656211412222525,0.65484898384748
-4.915169089335152,-1.923029987681016,5.178804640022056,-1.5305586562409885,-2.0361419628238075,-4.195459578631972,1.5683595713351792,-0.2975033575220005,1.7469818037477898,0.8533903242135658,0.8852547147836388,-6.376170988137893,1.9808576344114537,1.2092003507861553,-0.47066978148974087,-3.1886766334571464,-0.5788000355126129,3.7560312988994164,3.5759910800179484,3.843985685807753,-1.4233266166475746,2.005834968376865,-1.9168351211240702,-0.8213028582430606,1.1979242085267936,-2.5036096896090276,1.3681500674161242,-1.067669863472197,0.7459926113324075,-1.6026346618604523,-2.4438458961289724,1.907787440071165,-1.4336413691796188,4.9825137687261645,1.1788885681438122,3.794752808030109,5.682250644385595,0.8564523754581473,5.066479051246139,-0.38275405638412874,1.6631361822536357,-5.178788057942171,-3.97837660798989,-0.6330728271724216
-8.019729923721348,-2.910307684168047,7.820362631790435,-2.674325380201841,-3.160300984108062,-6.580188061422979,2.4990957324199856,-0.48460203169344607,2.66073169645893,1.5199280518170621,1.0006276485209928,-9.969287618625913,3.907142953631935,1.4601766460505703,-0.9399106688287521,-5.338876970859664,-1.0715928782842,5.719812492219149,5.622365565266474,5.873338327584512,-2.331218921816543,2.897403460879447,-3.187808533969212,-1.63761587867292,1.6953029470500818,-4.067893019624709,2.1849597050383243,-1.7646070513884924,1.1874702117534144,-2.9323628926443734,-3.778312640100727,3.0904228036346213,-2.396297471354501,7.7588735340435,1.5516719330328657,5.682250644385595,8.872583517612263,1.3769974177892073,8.574318913715501,-0.35590602823394796,1.989532459164203,-8.445996398699544,-5.593285924083968,-1.4381214165285667
-2.114742335606392,-0.5118445459033804,1.071415010451757,-0.36165497745289343,-0.6663349152886509,-1.35783654809307,0.43731145021469164,0.033767986363913705,0.7107986714288906,0.48875139899967107,0.4987653258761445,-2.2097254545316947,0.6357905612302799,0.11904916713608253,-0.5028369967390507,-0.6535102493134339,-0.2847569720750842,1.0887685297262977,1.5579675178563177,1.6708823718280756,-0.8144840491472829,0.6160881335000227,-1.5458636915720525,0.45015851078409436,0.45544937135635466,-0.6746201595048837,0.2868887844861116,0.058086666137338476,0.19111627774854736,-0.23135175958828585,-1.4521634059874227,0.35765938882042786,-0.9228750464778456,1.7160395851088297,-0.2545228592403561,0.8564523754581473,1.3769974177892073,0.6024095290764915,1.6914825810464515,-0.4569775071747336,0.05798831682064703,-1.8745218505656838,-0.9240089954605328,-0.6913134474698014
-9.021087492650107,-2.708405645565879,6.9638868095146504,-3.040278744820366,-3.176077032002494,-6.6650156881054725,2.524686101420831,-0.4546387148280976,2.6684440818540405,2.015582605338816,0.5732481946903553,-10.144628780141907,5.219534211756859,0.5509579354018526,-1.546364398839977,-5.677060523039245,-1.4554289147018067,5.434836622835893,6.027389798549276,6.020164361640711,-2.783039181943462,2.5258113321277826,-4.212759808304001,-1.6778245909727294,1.4827321272204883,-4.238347713903562,2.1387057955210516,-1.6261995292413909,1.1878864993743683,-3.4157335596033724,-4.244721458687935,3.090093540065897,-3.008361625538328,7.874260331361281,0.5994708939294685,5.066479051246139,8.574318913715501,1.6914825810464515,9.713902607521467,-0.22567926433529062,0.6557008836759148,-9.24358649286657,-4.346476997827246,-2.5550726257186125
1.0144566508996453,0.25461918741940787,-0.37833800995016187,-0.17680513722553426,0.3295617190129833,0.6188158223503568,-0.12583087879340618,-0.13091045716359892,-0.4960884379573701,-0.18262051127643036,-0.7206039890312339,1.1320325084603227,0.45184198910713,-0.291881512500859,0.26775752174797957,-0.2764482856585513,0.023915836801774195,-0.5676301941270101,-0.9578335437829286,-1.1936300712470673,0.5095977772502984,-0.4874959203209826,1.1454814750359443,-1.0009056223098227,-0.41652503379016687,0.0905906491686073,-6.995244683817918e-4,-0.3762760547695581,-0.041975580647046644,-0.4722334727704533,1.1433825577708288,0.10059285562804092,0.5880003990173477,-0.8886840219713066,0.2526026641031444,-0.38275405638412874,-0.35590602823394796,-0.4569775071747336,-0.22567926433529062,0.6537278217701649,-0.29058012516221005,0.6715620509352442,0.7877478656381658,0.21185887710086967
-0.7933607906156724,-0.766517254550787,2.3016373141596334,-0.15267482244332867,-0.6276233130987366,-1.2709487384770484,0.481310955454794,-0.08320495578744436,0.5801249139172125,-0.13125673952135683,0.6795009859750818,-1.9119458727922158,-0.488456480849451,1.1377856273973723,0.3181211190315151,-0.6490180992038534,0.15207092247944193,1.4218944692532873,0.8611442994070907,1.189029775598952,-0.12150600924923663,0.9554995707279559,0.11131122574186673,-0.10762810753972861,0.5686270803129759,-0.6373436666123325,0.4628705266795463,-0.39181313948815316,0.23665403346150574,-0.04792778799083444,-0.4869452921844943,0.5644626698650793,-0.015370586443850205,1.4962997973645227,1.0950677141468292,1.6631361822536357,1.989532459164203,0.05798831682064703,0.6557008836759148,-0.29058012516221005,1.606360355933192,-0.9886338752532895,-2.2914966009722435,0.6879531166573529
9.143272778530052,2.7835076789127697,-6.9872282228849985,2.726547298113121,3.2572861827416704,6.750002410284799,-2.473175896426633,0.3693821234788788,-2.867297018075039,-1.9923542974015733,-1.0959315733586108,10.391276353108118,-4.486571661943663,-0.8241572824520909,1.577518660846279,5.189766589062892,1.3755655304808292,-5.599469586850967,-6.332340032553534,-6.506668118420509,2.9325265028505605,-2.786431034736903,4.641533200511846,0.9224277107526967,-1.7258568132879377,4.070315977272804,-2.030579019586931,1.315073350426003,-1.1546686686330268,2.87028101590944,4.751006106806796,-2.8760890837849344,3.174878766865058,-8.096389080685595,-0.5178583460075522,-5.178788057942171,-8.445996398699544,-1.8745218505656838,-9.24358649286657,0.6715620509352442,-0.9886338752532895,9.163060642594472,4.824120306627286,2.4407613383189153
4.704856956411433,2.0084020723136935,-5.400721293485655,1.160811238224309,2.0529491128845887,4.211153776159636,-1.5328513417254812,0.1873065712098174,-1.9093236702327372,-0.6625612386372959,-1.4087198240633463,6.491823761254841,-1.0215169696444357,-1.7018004320247662,0.3230254321938623,2.6292413734777216,0.35288552316287675,-3.9248342929915823,-3.6901600922198283,-4.203497339728734,1.4167806252767519,-2.2957959939740893,2.0026390366399984,0.16333637528741043,-1.4319134324469414,2.306604163641639,-1.3049415021843231,0.8299653483562259,-0.7232453661773642,1.0054864998769848,2.7200654178440393,-1.7078268782383421,1.4119759357211425,-5.059098501266795,-1.3656211412222525,-3.97837660798989,-5.593285924083968,-0.9240089954605328,-4.346476997827246,0.7877478656381658,-2.2914966009722435,4.824120306627286,4.688975282967767,0.21272967019742378
2.6670202678976023,0.44206752985858344,-0.7695301972078257,0.7083483156945506,0.709624048689234,1.4661074186326595,-0.4950701564868666,0.026005025507244494,-0.6635686375359058,-0.7786412473449452,-0.10491205369612636,2.337559660285119,-1.618692823703353,0.42470003316256216,0.7964400247577271,1.1260133503978558,0.5502170358713991,-0.9847997135916555,-1.7130097269172289,-1.6165413295415105,0.9989916204471273,-0.3847998884022489,1.8889604861559475,-0.07814397039867965,-0.28709298102008296,0.8869103094047035,-0.32899537135833534,0.0397526605041197,-0.21865668990189757,0.7365149533722863,1.5190857142935088,-0.5000378624906926,1.1727702167555465,-1.8238719092224545,0.65484898384748,-0.6330728271724216,-1.4381214165285667,-0.6913134474698014,-2.5550726257186125,0.21185887710086967,0.6879531166573529,2.4407613383189153,0.21272967019742378,1.3059682856543877
