V1,V2,V3,V4,V5,V6,V7,V8,V9,V10,V11,V12,V13,V14,V15,V16,V17,V18,V19,V20,V21,V22,V23,V24,V25,V26,V27,V28,V29,V30,V31,V32,V33,V34,V35,V36,V37,V38,V39,V40,V41,V42,V43,V44
0.5232983319060825,-0.9821367076465103,0.0679599519440367,-0.6999108667750018,-0.3969011486580589,-0.6060270125451682,-0.44623441500459016,0.09225938125151421,0.674066543472593,1.2938502454731704,-0.28176027466022896,0.27781854070709544,0.49229378682466435,0.2222192561541165,-0.24236468424984625,-0.24131683612200674,0.16981276076482518,-0.24120932521785565,-0.6963402180590905,0.30422279478467457,0.41588457877704593,1.3920145862741036,0.6340711960168433,-0.35485873012678293,-0.1496542227692216,0.17722994702912362,-0.1114875505148823,0.19405096932057067,0.47484526994617576,-0.5393995841161402,0.48462335121705896,0.11724681572603828,0.42227529684048243,0.10832206628993447,0.11221300013007933,0.8121347158525174,-0.38971940567132823,0.06440893792308587,-0.028736415753693935,-0.40084480737757494,0.6369016642805844,0.43133363583532125,-0.8185987208814646,0.44498488481586207
-0.9821367076465103,4.427619828568985,-2.504246279830929,-0.623868021213178,3.27607344960712,0.028350500044690117,-0.3601824302431745,-1.113202011630652,-1.8398369376894754,-5.236090393705528,1.3228515853478564,0.011162352474318562,-0.5095800725050189,-1.9966329269793834,0.17600713421368805,3.8854686757528385,-0.40117305543494985,-0.0879924180615572,3.1641381057257933,0.6883682592135266,-2.770705069963134,-3.2776691027105755,-1.7160822174924704,0.09940397565792902,-0.5807462347196919,-3.4704822971106397,0.060437377219791116,-3.0772413579062894,-3.9500352767718114,0.7651680479407476,2.5101044656708624,-3.939236150249315,-4.371819010725555,-1.169923054919559,2.9815930176970844,-3.958703656414227,-0.4931817006829417,-4.417790542612991,-1.225815662495264,-0.20970283281102878,-4.343023728881042,-1.042782033490904,1.6294882434909572,-1.5627030323048907
0.0679599519440367,-2.504246279830929,2.6419353915180483,1.9835547244380787,-2.4988625935017947,1.0119640860926635,1.4537162239572312,0.9521000352482019,0.38942300568463495,2.9140281550831513,-0.7932509388631083,-0.28971172056327466,-0.12512413323936736,1.588935437601445,0.31520537901798895,-3.4559134916296426,0.08597412818489635,0.4437921889344829,-1.8081941883122579,-1.184496118943529,2.2710498798455605,1.0709717810988701,0.603847556969724,0.6139677788403882,0.767223482085034,3.2330558905011606,0.22672739036533812,2.788975806890115,3.1533144452034962,0.23763865826540898,-3.332288226534135,3.885246189574505,3.75337894655382,0.8272180028247607,-3.4425899778320477,2.748424030898571,1.1597108250543409,4.520886340762054,1.3500857830567938,0.7591213601463962,3.2120825109154203,0.46900947411117666,-0.17902806899181162,0.7535798095314167
-0.6999108667750018,-0.623868021213178,1.9835547244380787,2.5906949930887695,-1.4429358803917254,1.6920052743684078,1.7833947015181462,0.6206900321466365,-0.6325026040639262,0.465434368858905,-0.2310942118810454,-0.6420965690334091,-0.8358578338571045,0.9559740502168057,0.6019278650466546,-2.410120731657054,-0.16259455002299783,0.7242767304513748,-0.4544136528473992,-1.3677355619974327,1.2049757512834969,-1.186743384248526,-0.4286351897400359,0.9786102102013277,0.8276428139314388,2.310061271501443,0.3383796188048464,1.9469693200509492,1.8499170314316904,0.9705873451021667,-3.3722695102851237,2.9209947668616736,2.3646822558831833,0.526942029328956,-2.8934893624918754,0.9699702009257352,1.4843049197123233,3.492409551384815,1.123333558493614,1.2184473862884564,1.659679112733536,-0.27386200150323703,1.0454027707793139,-0.0374046057296132
-0.3969011486580589,3.27607344960712,-2.4988625935017947,-1.4429358803917254,2.816358817384183,-0.6447345951228913,-0.9387457323773873,-1.0091918801671742,-1.0164544380219351,-3.7882378998625934,1.0048246621721628,0.2692511299755262,-0.02423387395247435,-1.7397426296906162,-0.10884434182335094,3.626389534015335,-0.2051719296550773,-0.331727498874699,2.3547314233203664,1.0344208819301837,-2.3825563106173853,-1.7817613215829997,-1.0118181868842575,-0.3279054981960532,-0.7363150356560667,-3.305362048229219,-0.09508815779900523,-2.880463304776033,-3.4344441257038434,0.14229453705358608,3.049746612381102,-3.8588396730412713,-3.940332963948272,-1.0165545104762677,3.1774456482843387,-3.1209806626066037,-0.9244338025487541,-4.405867853378168,-1.2763975618033583,-0.6127139388097558,-3.633712176921609,-0.6078017219130295,0.7172796388392402,-1.0572536612365693
-0.6060270125451682,0.028350500044690117,1.0119640860926635,1.6920052743684078,-0.6447345951228913,1.191682584202361,1.1021438035456272,0.3066417443777483,-0.5728426628414311,-0.27326857201084875,-0.018899628708166562,-0.5186388278758226,-0.7151758654056517,0.43795075952848544,0.4181362005092731,-1.231426371885452,-0.15773919514502663,0.5106991018185505,0.011074370937551361,-0.8965303777263732,0.4411281717420263,-1.288447180576381,-0.5022766610662214,0.6725110640684804,0.5385121922293958,1.187556237020753,0.21475915490062575,0.9818481695023373,0.8117583077596269,0.7485908080132939,-2.0684176748502794,1.531025304472256,1.1048427730704369,0.2773623868225132,-1.584136174054118,0.15496877110441235,0.9866514265623283,1.854245261859805,0.6142197514213327,0.8693754034425981,0.6511543415902645,-0.3690109148463318,0.9133129206111805,-0.2000963680456694
-0.44623441500459016,-0.3601824302431745,1.4537162239572312,1.7833947015181462,-0.9387457323773873,1.1021438035456272,1.3563712624915905,0.4063125957290316,-0.5467007600085121,0.3090315809378005,-0.13815671462302662,-0.2861249253785264,-0.4206257057326892,0.6365743742782404,0.4397219533560514,-1.5916487683479015,-0.09536327891283984,0.46181016043087475,-0.24630237074225733,-0.839277936024547,0.9486943264618367,-0.6338997860481848,-0.2635486012362034,0.6653453588044888,0.4855481303913687,1.5570478596084392,0.2742719118037671,1.327097434013156,1.2854377318541224,0.6672247416524697,-2.2172311441234407,2.0204867662153623,1.6261843143954218,0.2734459772082029,-2.0733990002637084,0.730274683789465,0.9548601426490718,2.4292178669185303,0.8018502956274829,0.7414958333084042,1.121899924618825,-0.0816683744984776,0.6968973163696263,-0.02946516106136255
0.09225938125151421,-1.113202011630652,0.9521000352482019,0.6206900321466365,-1.0091918801671742,0.3066417443777483,0.4063125957290316,0.3870659119230299,0.3055541198478474,1.2839785738784828,-0.3453537077138951,-0.14363834365750222,-0.04638708901701442,0.639884749300122,0.06720266308166148,-1.347874803127564,0.04878712212743968,0.1446447067435043,-0.812885059546772,-0.43807935188550573,0.831537470477628,0.5362529260989854,0.3038924655509048,0.17754773469348575,0.2992380067856749,1.240189854301737,0.038057192975959005,1.068226569911661,1.2303937153774096,-0.006399029092789065,-1.2062542060556936,1.4510732848916728,1.4653260869092615,0.3561671801793527,-1.2201257403176944,1.123986809974219,0.40569690170466166,1.6824662498790313,0.4812728879804098,0.26234024926156674,1.2969871508583992,0.19718077867508446,-0.1836995600265043,0.3551677046696332
0.674066543472593,-1.8398369376894754,0.38942300568463495,-0.6325026040639262,-1.0164544380219351,-0.5728426628414311,-0.5467007600085121,0.3055541198478474,1.1337154734260644,2.232782395893415,-0.5376785218856343,0.12161314163365644,0.43346429574390816,0.588453591941476,-0.30966586326467044,-0.9648465144435482,0.2310376609762942,-0.19705697443326944,-1.3266533933448688,0.10016614771379806,0.7641485802780508,1.8025358335190511,0.9149644719476309,-0.3830395916228463,0.02694855594032133,0.7914916184936954,-0.1713610202477316,0.7252093674583885,1.1400100380989633,-0.692930574867219,-0.017823575687014002,0.7611802052737304,1.164196535645832,0.40131786416721144,-0.2851324827767065,1.4308615027531733,-0.25665019063898326,0.7684529132597149,0.14381826971600517,-0.27749010780658545,1.4090321661609,0.5096192469117519,-1.102641757905176,0.7307814010858631
1.2938502454731704,-5.236090393705528,2.9140281550831513,0.465434368858905,-3.7882378998625934,-0.27326857201084875,0.3090315809378005,1.2839785738784828,2.232782395893415,6.366021347585661,-1.5939645883348765,0.13555090616976573,0.8428654428980524,2.297734510300695,-0.28712201553395994,-4.472484998996342,0.4886007587106684,-0.05447920733095413,-3.772875538546942,-0.7136215650421427,3.352553989575729,4.274759807137852,2.1673081937393106,-0.18316282638749182,0.603380650245442,4.019934831591201,-0.0687863460004322,3.543910511324063,4.5987403021673865,-1.0388012238271227,-2.618085575212825,4.522810919399229,5.12307455557404,1.3170617393260113,-3.3627422132720732,4.878313677624254,0.4065753843801039,5.044086896730479,1.3655512855689957,2.7985684861029405e-4,5.0985213885741665,1.393963584184289,-2.159520083496749,1.907331766939401
-0.28176027466022896,1.3228515853478564,-0.7932509388631083,-0.2310942118810454,1.0048246621721628,-0.018899628708166562,-0.13815671462302662,-0.3453537077138951,-0.5376785218856343,-1.5939645883348765,0.41497973174768465,0.017239715492875528,-0.15679870672433624,-0.6084234507829904,0.049135253702270794,1.2223860294253126,-0.11702209953479585,-0.015553050610159172,0.9607105442784046,0.2616801378269291,-0.8818242268531608,-0.9650488973441353,-0.5146176936277268,-0.0023580497001832526,-0.20159346100678383,-1.1039233167656337,-0.005480551219891596,-0.9641803152740502,-1.2190992586202798,0.20466955856798127,0.8100079147437069,-1.2478522381560537,-1.3647579261101404,-0.3657006582099587,0.9394311309936952,-1.2338261627803278,-0.17136574046250477,-1.38734962526719,-0.3834773709759802,-0.0664824896872627,-1.3368139096811231,-0.3154468135250823,0.4882449467247358,-0.46851757279474365
0.27781854070709544,0.011162352474318562,-0.28971172056327466,-0.6420965690334091,0.2692511299755262,-0.5186388278758226,-0.2861249253785264,-0.14363834365750222,0.12161314163365644,0.13555090616976573,0.017239715492875528,0.3726871093408554,0.4399389898011498,-0.1790661641400811,-0.13293291799651624,0.5179483713205657,0.09041149894936835,-0.22468475359879983,0.04094437476952799,0.46094523555299316,-0.005352485673117868,0.6962452211717465,0.2454836123423063,-0.2818334583379939,-0.2955011884445685,-0.47516367425130074,-0.03189585328443606,-0.3674248046958329,-0.2539421729970244,-0.2839169048247541,0.8826258003517571,-0.5518589025715787,-0.4116372526989706,-0.17756459659289706,0.5031604811191164,0.0034312957714934702,-0.456094975278313,-0.6708614387766166,-0.19134363799468565,-0.4200959500095716,-0.23233203542290853,0.24844213877932406,-0.38210509049156033,0.08113266331071023
0.49229378682466435,-0.5095800725050189,-0.12512413323936736,-0.8358578338571045,-0.02423387395247435,-0.7151758654056517,-0.4206257057326892,-0.04638708901701442,0.43346429574390816,0.8428654428980524,-0.15679870672433624,0.4399389898011498,0.6342827573973255,-0.009662134943837568,-0.2317490738940448,0.20971398220549087,0.15332769094855278,-0.3280352059084011,-0.35578289585753803,0.46668599906673897,0.28564669992489183,1.3160454159816732,0.5397371966371896,-0.37117591914602627,-0.28721581148382425,-0.19848022542716393,-0.06101049099068579,-0.13399053337423808,0.0950948611258751,-0.4947852431628377,0.9004979157837183,-0.28650149454365215,-0.01716631510629804,-0.07690528666879826,0.389398971825794,0.5283733159123124,-0.5442562925842137,-0.40314705685070285,-0.1473786311683481,-0.5620501267470122,0.20108817858451103,0.4501789210497181,-0.7503833445480261,0.3070092326247894
0.2222192561541165,-1.9966329269793834,1.588935437601445,0.9559740502168057,-1.7397426296906162,0.43795075952848544,0.6365743742782404,0.639884749300122,0.588453591941476,2.297734510300695,-0.6084234507829904,-0.1790661641400811,-0.009662134943837568,1.0955455845289752,0.0903843135547181,-2.2636429846654766,0.11641173241753591,0.22753312010508325,-1.4353783779856224,-0.6573144185143797,1.4610864213345987,1.06499673162775,0.5925798427493117,0.2301295412088582,0.4630307974524455,2.0697435584077417,0.05928126476150258,1.8042917929244102,2.129636858956333,-0.0660307743840442,-1.9478205810445819,2.4281436679142665,2.4703962004572784,0.6132001353182511,-2.0276468823843907,1.9334709474946512,0.6126661095715247,2.7970032962604297,0.8101378501410056,0.4028176521438074,2.248720020714948,0.37613883664781245,-0.399082589768666,0.6439899052454535
-0.24236468424984625,0.17600713421368805,0.31520537901798895,0.6019278650466546,-0.10884434182335094,0.4181362005092731,0.4397219533560514,0.06720266308166148,-0.30966586326467044,-0.28712201553395994,0.049135253702270794,-0.13293291799651624,-0.2317490738940448,0.0903843135547181,0.17224783494204426,-0.291344200200793,-0.06272064686943589,0.1815588451641858,0.1349938117283543,-0.2563098663560824,0.10220355886188641,-0.5219787892519068,-0.23326583609850984,0.24000338438629612,0.14285204780818617,0.29797531392517546,0.09106840981315287,0.250377211516575,0.17137185222986479,0.2989995831249561,-0.6397546997562512,0.42800201654345055,0.25173054246011595,0.02981704575244835,-0.5122252569474164,-0.06986629824898681,0.32216133954896536,0.5395120479223791,0.1972235984639089,0.2866162578456668,0.08575907035748796,-0.13586598653319645,0.38906900457127813,-0.1269414057119504
-0.24131683612200674,3.8854686757528385,-3.4559134916296426,-2.410120731657054,3.626389534015335,-1.231426371885452,-1.5916487683479015,-1.347874803127564,-0.9648465144435482,-4.472484998996342,1.2223860294253126,0.5179483713205657,0.20971398220549087,-2.2636429846654766,-0.291344200200793,4.875639336003712,-0.16391014662212047,-0.5612589259232356,2.822930826157724,1.6415274684154184,-3.072698146712211,-1.6988273754317635,-1.0229218056093456,-0.6988714008315524,-1.1099249443280692,-4.493178947815074,-0.21048334816031428,-3.8706239513961562,-4.444056070877757,-0.12113582520040057,4.479555597833557,-5.287927503518108,-5.2344885421814356,-1.3108439784296342,4.4823808387717206,-3.9235083152664108,-1.5107424939917895,-6.087896770843818,-1.774058295592335,-1.0255079168509849,-4.631068372113389,-0.6301539706201936,0.5285266383919236,-1.1961546651875083
0.16981276076482518,-0.40117305543494985,0.08597412818489635,-0.16259455002299783,-0.2051719296550773,-0.15773919514502663,-0.09536327891283984,0.04878712212743968,0.2310376609762942,0.4886007587106684,-0.11702209953479585,0.09041149894936835,0.15332769094855278,0.11641173241753591,-0.06272064686943589,-0.16391014662212047,0.07703654120178702,-0.053013239534336884,-0.27400983525330613,0.08583643956930283,0.21575569238333017,0.4506447388654524,0.22503012390429145,-0.11336924248823586,-0.036024197997511935,0.13161227259761754,-0.016890738801430282,0.139008499186056,0.25948822960363044,-0.1545871410001926,0.05873157715600423,0.14036865325344186,0.2148246764092091,0.06576026250875099,-0.054613245830524924,0.2869355097245045,-0.10424583842937961,0.12590282630887692,0.03945036859917041,-0.08527648475904293,0.30205190377809354,0.13870313896901645,-0.2592242479773149,0.16284884175184042
-0.24120932521785565,-0.0879924180615572,0.4437921889344829,0.7242767304513748,-0.331727498874699,0.5106991018185505,0.46181016043087475,0.1446447067435043,-0.19705697443326944,-0.05447920733095413,-0.015553050610159172,-0.22468475359879983,-0.3280352059084011,0.22753312010508325,0.1815588451641858,-0.5612589259232356,-0.053013239534336884,0.2519848577910112,-0.045817488000914224,-0.3499967039283537,0.18788444991324246,-0.5174167659344634,-0.19465433993092962,0.2566872690993537,0.22270731277697065,0.5222186515497632,0.06935921140087213,0.4523689639821597,0.4053807003939605,0.2970773906254502,-0.9198285895480705,0.6827719887522411,0.5079575901924663,0.1375644844481531,-0.7091702551352096,0.06709737680596749,0.4269525625788893,0.8366435278564267,0.28359958807457736,0.40633118852033145,0.33961489079364815,-0.16024896963208243,0.3845202527334394,-0.05973405703370267
-0.6963402180590905,3.1641381057257933,-1.8081941883122579,-0.4544136528473992,2.3547314233203664,0.011074370937551361,-0.24630237074225733,-0.812885059546772,-1.3266533933448688,-3.772875538546942,0.9607105442784046,0.04094437476952799,-0.35578289585753803,-1.4353783779856224,0.1349938117283543,2.822930826157724,-0.27400983525330613,-0.045817488000914224,2.2837191862265205,0.5495625719250525,-1.9852215784646878,-2.3390344503101503,-1.226362127163599,0.04307784623192872,-0.4462161426455244,-2.5308170603256936,0.042039773112489465,-2.223634525334885,-2.8293451667408647,0.5474430489278208,1.8260917706328834,-2.852769829225473,-3.173026189097491,-0.8490524736143917,2.1402488798275474,-2.8887008741963265,-0.3757425472506727,-3.197647204259182,-0.8718964292836376,-0.14218382870183424,-3.1243584725267564,-0.7481499806867511,1.1793268935103514,-1.1238557090872452
0.30422279478467457,0.6883682592135266,-1.184496118943529,-1.3677355619974327,1.0344208819301837,-0.8965303777263732,-0.839277936024547,-0.43807935188550573,0.10016614771379806,-0.7136215650421427,0.2616801378269291,0.46094523555299316,0.46668599906673897,-0.6573144185143797,-0.2563098663560824,1.6415274684154184,0.08583643956930283,-0.3499967039283537,0.5495625719250525,0.9114316110410801,-0.7863129920418405,0.4366060761581628,0.09418138511234495,-0.5460011805418041,-0.5669767718632559,-1.5514676906217348,-0.15292188803945966,-1.2741762003249049,-1.2458071668140527,-0.43282543417382574,2.0034202742374396,-1.847438821413576,-1.6259944999318967,-0.43020436568436526,1.6654309471453699,-0.8886444668484357,-0.859779973983599,-2.163509937497107,-0.6363802327074082,-0.6557111640068415,-1.223233031304206,0.10370276313167456,-0.3767575620608623,-0.11557564199462321
0.41588457877704593,-2.770705069963134,2.2710498798455605,1.2049757512834969,-2.3825563106173853,0.4411281717420263,0.9486943264618367,0.831537470477628,0.7641485802780508,3.352553989575729,-0.8818242268531608,-0.005352485673117868,0.28564669992489183,1.4610864213345987,0.10220355886188641,-3.072698146712211,0.21575569238333017,0.18788444991324246,-1.9852215784646878,-0.7863129920418405,2.3127370557351967,1.8379439332429803,0.9703251590068706,0.2670292533148629,0.5369734506734887,2.845384170054676,0.1737180688090095,2.4874892360653975,3.0199067534362896,-0.12400540304627485,-2.4610223290823035,3.3670100303844688,3.415935379614204,0.7931774775038464,-2.821848090092598,2.836666990553291,0.6689178367247469,3.8092535511975893,1.1313361818501837,0.3574443532575417,3.15389858814299,0.6850606128466585,-0.7231187734902262,0.9252851071009742
1.3920145862741036,-3.2776691027105755,1.0709717810988701,-1.186743384248526,-1.7817613215829997,-1.288447180576381,-0.6338997860481848,0.5362529260989854,1.8025358335190511,4.274759807137852,-0.9650488973441353,0.6962452211717465,1.3160454159816732,1.06499673162775,-0.5219787892519068,-1.6988273754317635,0.4506447388654524,-0.5174167659344634,-2.3390344503101503,0.4366060761581628,1.8379439332429803,4.0647450442916115,1.842358021345695,-0.7064319119032708,-0.17557858197413673,1.48739105043605,-0.2082601592701287,1.3814521261916384,2.211311798073705,-1.3326452082001907,0.25373550804674777,1.548170473052,2.310831139588085,0.48752447209714916,-0.850135919658329,3.065404498353646,-0.6607059918402585,1.6380418897779017,0.3556130794622385,-0.8724201902880453,2.645772791242176,1.3340202447921652,-2.1956537229627204,1.3882428298726601
0.6340711960168433,-1.7160822174924704,0.603847556969724,-0.4286351897400359,-1.0118181868842575,-0.5022766610662214,-0.2635486012362034,0.3038924655509048,0.9149644719476309,2.1673081937393106,-0.5146176936277268,0.2454836123423063,0.5397371966371896,0.5925798427493117,-0.23326583609850984,-1.0229218056093456,0.22503012390429145,-0.19465433993092962,-1.226362127163599,0.09418138511234495,0.9703251590068706,1.842358021345695,0.8875986677907576,-0.2997374636563852,-4.39329322927517e-4,0.8916070067231059,-0.0823984611569045,0.8152652590960774,1.2312024705615379,-0.5876031709619204,-0.13021933767768137,0.94571223991230835,1.2750263575688767,0.33210722400566267,-0.5540335791255039,1.5195300474563296,-0.2227582633299033,0.9932264315804055,0.24062214238464097,-0.3010479334864134,1.439712695486304,0.5849498106635168,-1.0193840299174108,0.6883256059720513
-0.35485873012678293,0.09940397565792902,0.6139677788403882,0.9786102102013277,-0.3279054981960532,0.6725110640684804,0.6653453588044888,0.17754773469348575,-0.3830395916228463,-0.18316282638749182,-0.0023580497001832526,-0.2818334583379939,-0.37117591914602627,0.2301295412088582,0.24000338438629612,-0.6988714008315524,-0.11336924248823586,0.2566872690993537,0.04307784623192872,-0.5460011805418041,0.2670292533148629,-0.7064319119032708,-0.2997374636563852,0.42584921341721726,0.31278590682950225,0.6983336589103674,0.13608910614932032,0.5554834721831371,0.4278537062795516,0.43657697598299794,-1.1632260689759952,0.8884464633778805,0.6532754104783436,0.12624145450979862,-0.925365348838286,0.156803927152538,0.5707238728703737,1.0844451129367803,0.34162798940627415,0.44549618279809516,0.33915237374712004,-0.1777032124100279,0.5176116490194794,-0.12713019979943121
-0.1496542227692216,-0.5807462347196919,0.767223482085034,0.8276428139314388,-0.7363150356560667,0.5385121922293958,0.4855481303913687,0.2992380067856749,0.02694855594032133,0.603380650245442,-0.20159346100678383,-0.2955011884445685,-0.28721581148382425,0.4630307974524455,0.14285204780818617,-1.1099249443280692,-0.036024197997511935,0.22270731277697065,-0.4462161426455244,-0.5669767718632559,0.5369734506734887,-0.17557858197413673,-4.39329322927517e-4,0.31278590682950225,0.3640772000342394,1.0336071744342565,0.07846447775068073,0.8592351842711036,0.873838032942646,0.22766678846110278,-1.28597448668449,1.2206001107456166,1.105461788334847,0.3102752549460209,-1.0722289982357258,0.6383949768595518,0.5331215773901941,1.421504536443011,0.41532305960719346,0.41681168002661806,0.877591057014805,-0.04579288137187134,0.17267204460822758,0.12392143568651154
0.17722994702912362,-3.4704822971106397,3.2330558905011606,2.310061271501443,-3.305362048229219,1.187556237020753,1.5570478596084392,1.240189854301737,0.7914916184936954,4.019934831591201,-1.1039233167656337,-0.47516367425130074,-0.19848022542716393,2.0697435584077417,0.29797531392517546,-4.493178947815074,0.13161227259761754,0.5222186515497632,-2.5308170603256936,-1.5514676906217348,2.845384170054676,1.48739105043605,0.8916070067231059,0.6983336589103674,1.0336071744342565,4.160460338430049,0.2216050569972084,3.5731386686350226,4.072022560871224,0.16881042067469187,-4.18158157952722,4.908739051678498,4.829714347471653,1.1804343265360215,-4.194173191446942,3.6046566056150686,1.4305166575117236,5.6612083522239205,1.651878007614355,0.9533078103674933,4.2261601326888005,0.5759577152439105,-0.42084126474339517,1.0636086080645752
-0.1114875505148823,0.060437377219791116,0.22672739036533812,0.3383796188048464,-0.09508815779900523,0.21475915490062575,0.2742719118037671,0.038057192975959005,-0.1713610202477316,-0.0687863460004322,-0.005480551219891596,-0.03189585328443606,-0.06101049099068579,0.05928126476150258,0.09106840981315287,-0.21048334816031428,-0.016890738801430282,0.06935921140087213,0.042039773112489465,-0.15292188803945966,0.1737180688090095,-0.2082601592701287,-0.0823984611569045,0.13608910614932032,0.07846447775068073,0.2216050569972084,0.08788585203055946,0.1837709593236831,0.16421331363534195,0.17161268867346433,-0.35801371979121793,0.3046793068719061,0.19534383884770165,0.02848728889648545,-0.32864384420636883,0.03963542673824897,0.15504571861194918,0.34586786273010717,0.13029905102048356,0.1257833100873375,0.11224342401142055,-0.0363162449985832,0.16629132742637098,-0.05119724104825466
0.19405096932057067,-3.0772413579062894,2.788975806890115,1.9469693200509492,-2.880463304776033,0.9818481695023373,1.327097434013156,1.068226569911661,0.7252093674583885,3.543910511324063,-0.9641803152740502,-0.3674248046958329,-0.13399053337423808,1.8042917929244102,0.250377211516575,-3.8706239513961562,0.139008499186056,0.4523689639821597,-2.223634525334885,-1.2741762003249049,2.4874892360653975,1.3814521261916384,0.8152652590960774,0.5554834721831371,0.8592351842711036,3.5731386686350226,0.1837709593236831,3.0893599146972526,3.5573580632786306,0.1100465106370644,-3.565278911052913,4.229561833555802,4.171645314235681,1.0201234569657813,-3.61724832997415,3.1225164406863732,1.1939968780777939,4.875071596782829,1.4341448901638947,0.8091931505779207,3.689785714045396,0.5246452195744166,-0.4068673613031416,0.9471712237034029
0.47484526994617576,-3.9500352767718114,3.1533144452034962,1.8499170314316904,-3.4344441257038434,0.8117583077596269,1.2854377318541224,1.2303937153774096,1.1400100380989633,4.5987403021673865,-1.2190992586202798,-0.2539421729970244,0.0950948611258751,2.129636858956333,0.17137185222986479,-4.444056070877757,0.25948822960363044,0.4053807003939605,-2.8293451667408647,-1.2458071668140527,3.0199067534362896,2.211311798073705,1.2312024705615379,0.4278537062795516,0.873838032942646,4.072022560871224,0.16421331363534195,3.5573580632786306,4.245463994544661,-0.12690382271211081,-3.7615896332604777,4.794170551090676,4.85545891639093,1.203373365156159,-4.005011575976611,3.8430487552341597,1.1313534391836282,5.477094478879708,1.6089529979942239,0.7334532490856002,4.456350004931024,0.7870942452383131,-0.8438566173211306,1.2758473381418207
-0.5393995841161402,0.7651680479407476,0.23763865826540898,0.9705873451021667,0.14229453705358608,0.7485908080132939,0.6672247416524697,-0.006399029092789065,-0.692930574867219,-1.0388012238271227,0.20466955856798127,-0.2839169048247541,-0.4947852431628377,-0.0660307743840442,0.2989995831249561,-0.12113582520040057,-0.1545871410001926,0.2970773906254502,0.5474430489278208,-0.43282543417382574,-0.12400540304627485,-1.3326452082001907,-0.5876031709619204,0.43657697598299794,0.22766678846110278,0.16881042067469187,0.17161268867346433,0.1100465106370644,-0.12690382271211081,0.6152610371812677,-0.8694560015919605,0.32011841976450844,-0.03911843461909639,-0.024973936347595704,-0.5197816132803277,-0.5606231718695676,0.5173913241055128,0.4288398575114334,0.19376088162632274,0.496903141650048,-0.3068994735282055,-0.3904851561875509,0.8394416186626508,-0.390469375142959
0.48462335121705896,2.5101044656708624,-3.332288226534135,-3.3722695102851237,3.049746612381102,-2.0684176748502794,-2.2172311441234407,-1.2062542060556936,-0.017823575687014002,-2.618085575212825,0.8100079147437069,0.8826258003517571,0.9004979157837183,-1.9478205810445819,-0.6397546997562512,4.479555597833557,0.05873157715600423,-0.9198285895480705,1.8260917706328834,2.0034202742374396,-2.4610223290823035,0.25373550804674777,-0.13021933767768137,-1.1632260689759952,-1.28597448668449,-4.18158157952722,-0.35801371979121793,-3.565278911052913,-3.7615896332604777,-0.8694560015919605,5.118718176049728,-5.070888640421009,-4.58483973152327,-1.1413570390534176,4.6150321548558395,-2.7130664540357277,-2.03447191737717,-5.946093486438715,-1.8142191423371699,-1.5987104627138815,-3.711159497012592,-0.021501435385493626,-0.6339049363175572,-0.5690015371386863
0.11724681572603828,-3.939236150249315,3.885246189574505,2.9209947668616736,-3.8588396730412713,1.531025304472256,2.0204867662153623,1.4510732848916728,0.7611802052737304,4.522810919399229,-1.2478522381560537,-0.5518589025715787,-0.28650149454365215,2.4281436679142665,0.42800201654345055,-5.287927503518108,0.14036865325344186,0.6827719887522411,-2.852769829225473,-1.847438821413576,3.3670100303844688,1.548170473052,0.94571223991230835,0.8884464633778805,1.2206001107456166,4.908739051678498,0.3046793068719061,4.229561833555802,4.794170551090676,0.32011841976450844,-5.070888640421009,5.848628478747475,5.6734810375672415,1.355960390281268,-5.085592570493668,4.124735170827411,1.7616476073116094,6.765961240215807,2.00650539160673,1.2087795169023896,4.920759225056298,0.6322926289750782,-0.32391392230621396,1.176405598254925
0.42227529684048243,-4.371819010725555,3.75337894655382,2.3646822558831833,-3.940332963948272,1.1048427730704369,1.6261843143954218,1.4653260869092615,1.164196535645832,5.12307455557404,-1.3647579261101404,-0.4116372526989706,-0.01716631510629804,2.4703962004572784,0.25173054246011595,-5.2344885421814356,0.2148246764092091,0.5079575901924663,-3.173026189097491,-1.6259944999318967,3.415935379614204,2.310831139588085,1.2750263575688767,0.6532754104783436,1.105461788334847,4.829714347471653,0.19534383884770165,4.171645314235681,4.85545891639093,-0.03911843461909639,-4.58483973152327,5.6734810375672415,5.718564326718785,1.3714519908603104,-4.78862728118477,4.476899377610635,1.4821521559887294,6.539431020968695,1.8875833909557678,0.9188808231436738,5.095957878499456,0.8566863479199892,-0.8077659811054364,1.4022557074246447
0.10832206628993447,-1.169923054919559,0.8272180028247607,0.526942029328956,-1.0165545104762677,0.2773623868225132,0.2734459772082029,0.3561671801793527,0.40131786416721144,1.3170617393260113,-0.3657006582099587,-0.17756459659289706,-0.07690528666879826,0.6132001353182511,0.02981704575244835,-1.3108439784296342,0.06576026250875099,0.1375644844481531,-0.8490524736143917,-0.43020436568436526,0.7931774775038464,0.48752447209714916,0.33210722400566267,0.12624145450979862,0.3102752549460209,1.1804343265360215,0.02848728889648545,1.0201234569657813,1.203373365156159,-0.024973936347595704,-1.1413570390534176,1.355960390281268,1.3714519908603104,0.4146860386142608,-1.0747616850076076,1.037885746482289,0.361707810192752,1.5249702870303046,0.4370139607370191,0.27785832165425633,1.2820356197985638,0.1419397293446047,-0.22577261917222793,0.36111070916790117
0.11221300013007933,2.9815930176970844,-3.4425899778320477,-2.8934893624918754,3.1774456482843387,-1.584136174054118,-2.0733990002637084,-1.2201257403176944,-0.2851324827767065,-3.3627422132720732,0.9394311309936952,0.5031604811191164,0.389398971825794,-2.0276468823843907,-0.5122252569474164,4.4823808387717206,-0.054613245830524924,-0.7091702551352096,2.1402488798275474,1.6654309471453699,-2.821848090092598,-0.850135919658329,-0.5540335791255039,-0.925365348838286,-1.0722289982357258,-4.194173191446942,-0.32864384420636883,-3.61724832997415,-4.005011575976611,-0.5197816132803277,4.6150321548558395,-5.085592570493668,-4.78862728118477,-1.0747616850076076,4.591379168087427,-3.275783634466104,-1.6873341765652614,-5.9444603076185345,-1.802102597473834,-1.1963469902240105,-4.017019179364781,-0.4265182433786621,-0.09350652945139747,-0.827347507203588
0.8121347158525174,-3.958703656414227,2.748424030898571,0.9699702009257352,-3.1209806626066037,0.15496877110441235,0.730274683789465,1.123986809974219,1.4308615027531733,4.878313677624254,-1.2338261627803278,0.0034312957714934702,0.5283733159123124,1.9334709474946512,-0.06986629824898681,-3.9235083152664108,0.2869355097245045,0.06709737680596749,-2.8887008741963265,-0.8886444668484357,2.836666990553291,3.065404498353646,1.5195300474563296,0.156803927152538,0.6383949768595518,3.6046566056150686,0.03963542673824897,3.1225164406863732,3.8430487552341597,-0.5606231718695676,-2.7130664540357277,4.124735170827411,4.476899377610635,1.037885746482289,-3.275783634466104,4.061612186707991,0.6606190686478745,4.693927080352774,1.2819912199683667,0.1750775374829013,4.182621803488326,1.0761406128611208,-1.4010462742258485,1.4170634710400247
-0.38971940567132823,-0.4931817006829417,1.1597108250543409,1.4843049197123233,-0.9244338025487541,0.9866514265623283,0.9548601426490718,0.40569690170466166,-0.25665019063898326,0.4065753843801039,-0.17136574046250477,-0.456094975278313,-0.5442562925842137,0.6126661095715247,0.32216133954896536,-1.5107424939917895,-0.10424583842937961,0.4269525625788893,-0.3757425472506727,-0.859779973983599,0.6689178367247469,-0.6607059918402585,-0.2227582633299033,0.5707238728703737,0.5331215773901941,1.4305166575117236,0.15504571861194918,1.1939968780777939,1.1313534391836282,0.5173913241055128,-2.03447191737717,1.7616476073116094,1.4821521559887294,0.361707810192752,-1.6873341765652614,0.6606190686478745,0.9043315172372195,2.1113855319067234,0.6494392575297406,0.7334975886199279,1.0607362649947725,-0.1692194396049881,0.5596847838586525,0.025780745276432177
0.06440893792308587,-4.417790542612991,4.520886340762054,3.492409551384815,-4.405867853378168,1.854245261859805,2.4292178669185303,1.6824662498790313,0.7684529132597149,5.044086896730479,-1.38734962526719,-0.6708614387766166,-0.40314705685070285,2.7970032962604297,0.5395120479223791,-6.087896770843818,0.12590282630887692,0.8366435278564267,-3.197647204259182,-2.163509937497107,3.8092535511975893,1.6380418897779017,0.9932264315804055,1.0844451129367803,1.421504536443011,5.6612083522239205,0.34586786273010717,4.875071596782829,5.477094478879708,0.4288398575114334,-5.946093486438715,6.765961240215807,6.539431020968695,1.5249702870303046,-5.9444603076185345,4.693927080352774,2.1113855319067234,7.875792282920944,2.3346086378062982,1.4492905345524556,5.604909249643687,0.6944504984968923,-0.24676769155156755,1.3040214270385033
-0.028736415753693935,-1.225815662495264,1.3500857830567938,1.123333558493614,-1.2763975618033583,0.6142197514213327,0.8018502956274829,0.4812728879804098,0.14381826971600517,1.3655512855689957,-0.3834773709759802,-0.19134363799468565,-0.1473786311683481,0.8101378501410056,0.1972235984639089,-1.774058295592335,0.03945036859917041,0.28359958807457736,-0.8718964292836376,-0.6363802327074082,1.1313361818501837,0.3556130794622385,0.24062214238464097,0.34162798940627415,0.41532305960719346,1.651878007614355,0.13029905102048356,1.4341448901638947,1.6089529979942239,0.19376088162632274,-1.8142191423371699,2.00650539160673,1.8875833909557678,0.4370139607370191,-1.802102597473834,1.2819912199683667,0.6494392575297406,2.3346086378062982,0.7170579651171836,0.48031019326074087,1.6129978395316242,0.16820901530455884,0.018233106360642504,0.3409153124891287
-0.40084480737757494,-0.20970283281102878,0.7591213601463962,1.2184473862884564,-0.6127139388097558,0.8693754034425981,0.7414958333084042,0.26234024926156674,-0.27749010780658545,2.7985684861029405e-4,-0.0664824896872627,-0.4200959500095716,-0.5620501267470122,0.4028176521438074,0.2866162578456668,-1.0255079168509849,-0.08527648475904293,0.40633118852033145,-0.14218382870183424,-0.6557111640068415,0.3574443532575417,-0.8724201902880453,-0.3010479334864134,0.44549618279809516,0.41681168002661806,0.9533078103674933,0.1257833100873375,0.8091931505779207,0.7334532490856002,0.496903141650048,-1.5987104627138815,1.2087795169023896,0.9188808231436738,0.27785832165425633,-1.1963469902240105,0.1750775374829013,0.7334975886199279,1.4492905345524556,0.48031019326074087,0.6917222998768924,0.6387159288355158,-0.27751044899863225,0.6083015171619045,-0.07789121183349552
0.6369016642805844,-4.343023728881042,3.2120825109154203,1.659679112733536,-3.633712176921609,0.6511543415902645,1.121899924618825,1.2969871508583992,1.4090321661609,5.0985213885741665,-1.3368139096811231,-0.23233203542290853,0.20108817858451103,2.248720020714948,0.08575907035748796,-4.631068372113389,0.30205190377809354,0.33961489079364815,-3.1243584725267564,-1.223233031304206,3.15389858814299,2.645772791242176,1.439712695486304,0.33915237374712004,0.877591057014805,4.2261601326888005,0.11224342401142055,3.689785714045396,4.456350004931024,-0.3068994735282055,-3.711159497012592,4.920759225056298,5.095957878499456,1.2820356197985638,-4.017019179364781,4.182621803488326,1.0607362649947725,5.604909249643687,1.6129978395316242,0.6387159288355158,4.74283052464486,0.9127456920066196,-1.1178648367489923,1.444195942770543
0.43133363583532125,-1.042782033490904,0.46900947411117666,-0.27386200150323703,-0.6078017219130295,-0.3690109148463318,-0.0816683744984776,0.19718077867508446,0.5096192469117519,1.393963584184289,-0.3154468135250823,0.24844213877932406,0.4501789210497181,0.37613883664781245,-0.13586598653319645,-0.6301539706201936,0.13870313896901645,-0.16024896963208243,-0.7481499806867511,0.10370276313167456,0.6850606128466585,1.3340202447921652,0.5849498106635168,-0.1777032124100279,-0.04579288137187134,0.5759577152439105,-0.0363162449985832,0.5246452195744166,0.7870942452383131,-0.3904851561875509,-0.021501435385493626,0.6322926289750782,0.8566863479199892,0.1419397293446047,-0.4265182433786621,1.0761406128611208,-0.1692194396049881,0.6944504984968923,0.16820901530455884,-0.27751044899863225,0.9127456920066196,0.466167798806422,-0.6784714361564306,0.4458591705832438
-0.8185987208814646,1.6294882434909572,-0.17902806899181162,1.0454027707793139,0.7172796388392402,0.9133129206111805,0.6968973163696263,-0.1836995600265043,-1.102641757905176,-2.159520083496749,0.4882449467247358,-0.38210509049156033,-0.7503833445480261,-0.399082589768666,0.38906900457127813,0.5285266383919236,-0.2592242479773149,0.3845202527334394,1.1793268935103514,-0.3767575620608623,-0.7231187734902262,-2.1956537229627204,-1.0193840299174108,0.5176116490194794,0.17267204460822758,-0.42084126474339517,0.16629132742637098,-0.4068673613031416,-0.8438566173211306,0.8394416186626508,-0.6339049363175572,-0.32391392230621396,-0.8077659811054364,-0.22577261917222793,-0.09350652945139747,-1.4010462742258485,0.5596847838586525,-0.24676769155156755,0.018233106360642504,0.6083015171619045,-1.1178648367489923,-0.6784714361564306,1.3146111755185361,-0.7288384406506558
0.44498488481586207,-1.5627030323048907,0.7535798095314167,-0.0374046057296132,-1.0572536612365693,-0.2000963680456694,-0.02946516106136255,0.3551677046696332,0.7307814010858631,1.907331766939401,-0.46851757279474365,0.08113266331071023,0.3070092326247894,0.6439899052454535,-0.1269414057119504,-1.1961546651875083,0.16284884175184042,-0.05973405703370267,-1.1238557090872452,-0.11557564199462321,0.9252851071009742,1.3882428298726601,0.6883256059720513,-0.12713019979943121,0.12392143568651154,1.0636086080645752,-0.05119724104825466,0.9471712237034029,1.2758473381418207,-0.390469375142959,-0.5690015371386863,1.176405598254925,1.4022557074246447,0.36111070916790117,-0.827347507203588,1.4170634710400247,0.025780745276432177,1.3040214270385033,0.3409153124891287,-0.07789121183349552,1.444195942770543,0.4458591705832438,-0.7288384406506558,0.5895349101949652
