V1,V2,V3,V4,V5,V6,V7,V8,V9,V10,V11,V12,V13,V14,V15,V16,V17,V18,V19,V20,V21,V22,V23,V24,V25,V26,V27,V28,V29,V30,V31,V32,V33,V34,V35,V36,V37,V38,V39,V40,V41,V42,V43,V44
3.06820379700891,-4.538955302417399,-0.8052453100924322,-4.970405658578237,-1.0865004314313689,-4.058533302761779,-3.0245840405917117,-0.024806996969382843,3.561535669744109,6.031879135428814,-1.1973582722366933,2.102099743488238,3.1304529002318606,0.5005120842645411,-1.4626041072639033,0.46080558836234387,1.0755234878740338,-1.5337581826853453,-3.0486610426630625,2.730455892543703,1.5762174013830614,7.742851911637183,3.461150156408252,-2.5169400447992967,-1.4751092514505064,-0.7318860402134171,-0.6684109716759012,-0.2562288086209999,1.3809077997359167,-3.1962616159120474,4.562429659000095,-1.2386950082117782,0.46561825824084646,0.1260723417176894,2.1598135244937455,3.1377292466115123,-3.002058822429158,-1.8770916335576089,-0.6904869730453856,-2.681197202935321,2.1551085568682695,2.35616582789416,-4.600801597796388,2.195634789754885
-4.538955302417399,6.740982785328335,1.1873498153471846,7.362475595319102,1.6300491417296195,6.003602496977556,4.515462708771957,0.01842854927551943,-5.303956495256847,-8.973029192448283,1.7885092790296782,-3.062487662185542,-4.60858758403355,-0.7558324510593001,2.1838483962325763,-0.6328556569273526,-1.5731745591534207,2.2816438317635805,4.5490583887454115,-3.984524314601477,-2.310251659865506,-11.463136905122644,-5.126362060324142,3.702807333073309,2.146750959028788,1.0307213620929625,1.0041823843703912,0.353537086736738,-2.044259367413495,4.7442807335744694,-6.723781453287869,1.8030238026021843,-0.7444011374382129,-0.20730530449504192,-3.2017979053687906,-4.710160506426174,4.41670994458034,2.7423905427101576,1.0349803857937931,3.976037734082532,-3.2144922799224775,-3.4863558087778745,6.833836717027569,-3.2658434365240048
-0.8052453100924322,1.1873498153471846,0.308659690251993,1.4798148219369065,0.28134317886668503,1.1209770277677893,1.1302795927613842,-0.09157460236272733,-1.148353010350889,-1.7533900421059556,0.3768785856605767,-0.2520500066145601,-0.6902538841958926,-0.14318344602197183,0.5172845804513438,0.03270694145912133,-0.15068277250856957,0.5347620919802,0.9582767558628875,-0.3817686238488611,-0.1502068012573964,-2.0459245246909155,-0.8979843747942119,0.539099031640333,0.18875847886697275,0.025191715290951638,0.2932895628646171,0.06373514241869659,-0.19151127636675966,0.9728730653127646,-1.1958206638767634,0.3373863389688202,-0.2971215732096401,-0.10914491497866557,-0.7812303170268123,-1.1707731234060346,0.6720252364336262,0.47805702129201433,0.3445976439393239,0.8097601906971482,-0.5559240239856674,-0.6069437887765301,1.3704397231307603,-0.6382881078984796
-4.970405658578237,7.362475595319102,1.4798148219369065,8.408512206437123,1.7714503311388423,6.682373014757372,5.595336231710042,-0.18097707957274603,-6.226388899762958,-10.160375115956237,2.0787701323562082,-2.764371672495391,-4.788017618756455,-0.8506949784110083,2.6497341236650933,-0.3873861211857933,-1.4640088951749186,2.759822196815445,5.288631557231171,-3.6962425562386585,-2.0147529016628827,-12.582436675722576,-5.584083822177585,3.811551695435652,1.962512945755903,0.8014554452228366,1.3319454328606106,0.38788794183528547,-1.9005287278212626,5.461005645197443,-7.352528079301378,2.001692615048602,-1.1585513672544379,-0.3691952086452698,-3.922108750792654,-5.846450239786644,4.606257590961017,2.964952684168479,1.4501699659191871,4.557823929048015,-3.4971184924409346,-3.7953884239103624,7.798457654640839,-3.6911516425519513
-1.0865004314313689,1.6300491417296195,0.28134317886668503,1.7714503311388423,0.40648165632800287,1.437989574830712,1.1145248200622602,-0.0125203823804476,-1.2987938896121027,-2.186806984693111,0.4413020333743993,-0.6937731244900168,-1.0857298263861028,-0.19239683511811045,0.5375695714912695,-0.11124370043664975,-0.36122347587889164,0.559372105211178,1.1205973241507556,-0.9058237131802412,-0.5338519020355315,-2.7507553603158246,-1.2302088786731766,0.8678321586639689,0.4842373967192273,0.20572643388706435,0.2533340858883723,0.06654445497290355,-0.48807176933031887,1.1505395735265715,-1.5885123319523835,0.40840798222704083,-0.22295380115073452,-0.06553056822001525,-0.77241097512984,-1.1863064280174305,1.0355400277654347,0.6278554532480013,0.25955986872842446,0.9595273826011165,-0.78867421618857525,-0.835362850116211,1.6569879789020174,-0.7948985582465194
-4.058533302761779,6.003602496977556,1.1209770277677893,6.682373014757372,1.437989574830712,5.40460761800493,4.2063585634047325,-0.02860089868644715,-4.843052843699404,-8.088656691213131,1.6243249313662833,-2.595208806116835,-4.061411644966163,-0.671186284583137,2.017098374452459,-0.510563010388015,-1.3419967615600488,2.111137337688344,4.1339139392624515,-3.402978963443177,-1.9241744276361608,-10.253816541960255,-4.572335695698431,3.252119237130983,1.8278293888588883,0.8595060682957467,0.9564168870633976,0.3352771310210369,-1.723720187581827,4.312189932463881,-6.030483229404506,1.6405401919744858,-0.7295538892411811,-0.2145275237864167,-2.985970176270566,-4.371780703049461,3.8979811657562276,2.4685057898359677,1.0119011500699318,3.6114854002249466,-2.847896426997801,-3.1112089138531704,6.186838120253907,-2.9441950237549306
-3.0245840405917117,4.515462708771957,1.1302795927613842,5.595336231710042,1.1145248200622602,4.2063585634047325,4.3742941144515886,-0.4258100489275682,-4.433053531879241,-6.747925523270228,1.4659866918791558,-0.7782466715801589,-2.512064233910267,-0.5863250410145395,2.0036465649935993,0.2950281091418684,-0.4991834579264986,2.060984790981055,3.7222851595719355,-1.2206845173578837,-0.48554866624425275,-7.715351356336048,-3.3732626542930357,1.9417382187276617,0.5862794266217589,-0.07597893827271246,1.1585659098016055,0.17063711662242384,-0.7095943173534315,3.7149750701463735,-4.394916237420057,1.1787491091259645,-1.3014075582463491,-0.464524437483243,-2.954012422918307,-4.647410150399285,2.430382420144572,1.6641568521966454,1.340671998374052,3.070469596473267,-2.1634848881821886,-2.2827508356047637,5.2324375414443125,-2.4422082424984977
-0.024806996969382843,0.01842854927551943,-0.09157460236272733,-0.18097707957274603,-0.0125203823804476,-0.02860089868644715,-0.4258100489275682,0.15633934250983478,0.2771216581113498,0.22500807199135464,-0.08565712667695112,-0.4456143851200387,-0.21687760568451392,0.032277770585469934,-0.16958435496033752,-0.2656553100608932,-0.19328621727737985,-0.16721975660243055,-0.21678814094131582,-0.5154894663194853,-0.3558135543838283,-0.03336088301804556,-0.04245527678705621,0.2016301578761769,0.3007156983186248,0.2791864134245072,-0.15903248313990256,0.03698536610011766,-0.2146160351155953,-0.15978563392377937,-0.08742889302233306,0.036731167886123926,0.2862826345269135,0.11194573177927182,0.2396501475928405,0.4971006438912906,0.2048411549998351,0.09728098493799958,-0.20586863372233052,-0.11278061791816323,0.006162121918187228,-0.03196029911389485,-0.1899465597036683,0.07341260827105786
3.561535669744109,-5.303956495256847,-1.148353010350889,-6.226388899762958,-1.2987938896121027,-4.843052843699404,-4.433053531879241,0.2771216581113498,4.752038068042397,7.546925613459311,-1.582788330726584,1.5747092946018644,3.248697340970736,0.648907522124487,-2.0701530015729017,0.021088495447636545,0.8751926706969857,-2.144531503204526,-4.023515364791923,2.1818978606737556,1.12556871594405,9.044800883236192,3.9917069559534495,-2.5597117787962445,-1.1309278772636304,-0.3070058694272998,-1.1087198167129326,-0.23444408945143289,1.1799641733424038,-4.086135702424806,5.212268032654308,-1.3971666794060917,1.114217542261191,0.37549679827627375,3.044520097810985,4.687328124885768,-3.1266461434535335,-2.03694199378547,-1.2356809406755365,-3.390985755833224,2.5391083830231533,2.70824531562427,-5.804049658979807,2.734811600629951
6.031879135428814,-8.973029192448283,-1.7533900421059556,-10.160375115956237,-2.186806984693111,-8.088656691213131,-6.747925523270228,0.22500807199135464,7.546925613459311,12.358817593317017,-2.5298875628131783,3.369640870380774,5.8146561283371865,1.0544066942210324,-3.202941840429182,0.43174932814642136,1.7871605605312375,-3.3314901504615118,-6.432286806781908,4.492639509764721,2.493940841283008,15.279397362332073,6.786439770924383,-4.62546901591184,-2.3835877964842638,-0.9378494201499061,-1.6050706211650478,-0.429704757326509,2.363537564549598,-6.6125239018236766,8.87443671340428,-2.3727415379497567,1.4457026920353082,0.4557584455793817,4.696815451142457,7.106260431337236,-5.580499305747148,-3.535749344184517,-1.72977341896691,-5.511859515777997,4.291290243106575,4.611730786985082,-9.454635204803077,4.4865917869249605
-1.1973582722366933,1.7885092790296782,0.3768785856605767,2.0787701323562082,0.4413020333743993,1.6243249313662833,1.4659866918791558,-0.08565712667695112,-1.582788330726584,-2.5298875628131783,0.5299306896257208,-0.5504204335699318,-1.1024670949206352,-0.21932341711003236,0.6873845063774834,-0.01405902585089469,-0.30375017646398883,0.7110090748592227,1.3449139156957919,-0.7569735155116759,-0.39944087281549445,-3.041738909829522,-1.344838950456112,0.8685655142671362,0.3931403784599557,0.10976712884739165,0.3638222843788497,0.07484507080639273,-0.4129648915631947,1.3640615213079352,-1.7495760579230182,0.4628012579261475,-0.3678222157463999,-0.12285639681875955,-1.004676600201355,-1.5551260040934713,1.0584425101535762,0.6815811117281932,0.40199390468565094,1.132549188187856,-0.8586592857400279,-0.9124106388870844,1.9407689975590516,-0.9171445646293822
2.102099743488238,-3.062487662185542,-0.2520500066145601,-2.764371672495391,-0.6937731244900168,-2.595208806116835,-0.7782466715801589,-0.4456143851200387,1.5747092946018644,3.369640870380774,-0.5504204335699318,2.654305312279997,2.6850205039693824,0.24826414887392548,-0.47911428699069397,1.034585882126227,1.261475210542412,-0.5398310174557667,-1.4107927741935726,3.2559216645075124,2.068975714522111,5.224040670638645,2.4080801774324363,-2.2327825579802973,-1.826114635260581,-1.2616681690715557,0.009241760520836516,-0.26339642690978293,1.5417833210627827,-1.6630676239342248,3.241147607714226,-0.9040258427898303,-0.48503039776984797,-0.23363369980099097,0.7246347238334907,0.6834724715696356,-2.5589406245964827,-1.483652254317386,0.1373542832543435,-1.4438519812592134,1.4256983952033135,1.650883654890564,-2.5010759305506594,1.243502243835985
3.1304529002318606,-4.60858758403355,-0.6902538841958926,-4.788017618756455,-1.0857298263861028,-4.061411644966163,-2.512064233910267,-0.21687760568451392,3.248697340970736,5.8146561283371865,-1.1024670949206352,2.6850205039693824,3.437481478421326,0.467497626431766,-1.2596275938099446,0.7904849383333992,1.3301442163727573,-1.3401452837022827,-2.810391779235979,3.401838857663338,2.04662014978805,7.865397376281262,3.548432566862621,-2.7934985715298097,-1.867342590065344,-1.0847921726204124,-0.474113960992101,-0.30108997777059715,1.6722887580498909,-3.028648247233059,4.708544755459726,-1.2876598731857438,0.11815320406036818,-0.013488753412290931,1.8688601873909803,2.551831336439161,-3.286175506964545,-2.004905031091662,-0.43372271724995787,-2.562357706247365,2.174719837895801,2.4214395375804245,-4.404565089323707,2.124772304294842
0.5005120842645411,-0.7558324510593001,-0.14318344602197183,-0.8506949784110083,-0.19239683511811045,-0.671186284583137,-0.5863250410145395,0.032277770585469934,0.648907522124487,1.0544066942210324,-0.21932341711003236,0.24826414887392548,0.467497626431766,0.09617388533810227,-0.27753938454710997,0.005471099547635787,0.13577495620952645,-0.28637095884949954,-0.5567701819884757,0.33492480814175507,0.19107316282385067,1.2728683600028026,0.5645261269282509,-0.36949230002790073,-0.17489754695075285,-0.047218212507442556,-0.14378314384828916,-0.022511217554583733,0.19350973837037433,-0.5598424764348963,0.7206383166320156,-0.18140334898068144,0.15333720276038335,0.0490818953351865,0.39566598318644547,0.6343296431994302,-0.44625204797250445,-0.27213767799891603,-0.15363625134675388,-0.4636935717806659,0.3698357385495985,0.38295852957098175,-0.8013482080827391,0.3815858189390301
-1.4626041072639033,2.1838483962325763,0.5172845804513438,2.6497341236650933,0.5375695714912695,2.017098374452459,2.0036465649935993,-0.16958435496033752,-2.0701530015729017,-3.202941840429182,0.6873845063774834,-0.47911428699069397,-1.2596275938099446,-0.27753938454710997,0.9264421949699235,0.08470487856673023,-0.2861688690770898,0.9513088387182552,1.7437359629353386,-0.707515911510857,-0.32128396975428286,-3.7263198149541443,-1.6351840266865028,0.9819998035987098,0.35273675409361427,0.023334156611039394,0.520446016851217,0.08733808590999258,-0.39680467170921185,1.7509558371324918,-2.1323382305223797,0.5717389642425544,-0.5648536364142261,-0.19781968999952207,-1.3614661852295216,-2.125274694154569,1.2178687322567543,0.8170899475330012,0.5943242937572818,1.451237024230539,-1.0454439050820203,-1.1075282138542109,2.476530831506179,-1.1599130434030405
0.46080558836234387,-0.6328556569273526,0.03270694145912133,-0.3873861211857933,-0.11124370043664975,-0.510563010388015,0.2950281091418684,-0.2656553100608932,0.021088495447636545,0.43174932814642136,-0.01405902585089469,1.034585882126227,0.7904849383333992,0.005471099547635787,0.08470487856673023,0.5247301695073058,0.4702532616343656,0.06712400863023116,-0.0425102267648556,1.2384158680366735,0.7996340425898374,1.1081243674810082,0.537250792100493,-0.6829469035764459,-0.7092157981412955,-0.5858423724664524,0.17307461408330788,-0.11490725739611916,0.5303189191239898,-0.17176514332564297,0.7846338502404826,-0.2530333003100167,-0.43656743052498753,-0.17696114920759187,-0.08920452918774212,-0.416152300590015,-0.758540087704973,-0.43936741784736316,0.24371446330713278,-0.17954496005231152,0.2654899838454591,0.37248124232776286,-0.3075508567512928,0.1705173766896759
1.0755234878740338,-1.5731745591534207,-0.15068277250856957,-1.4640088951749186,-0.36122347587889164,-1.3419967615600488,-0.4991834579264986,-0.19328621727737985,0.8751926706969857,1.7871605605312375,-0.30375017646398883,1.261475210542412,1.3301442163727573,0.13577495620952645,-0.2861688690770898,0.4702532616343656,0.6054833094561877,-0.3155562078920883,-0.7774610778703434,1.5558053134304417,0.981532852045395,2.6789850875646115,1.2291582666584318,-1.101731278633797,-0.8695810923915189,-0.5829997078782169,-0.03193495408557932,-0.1273207379875242,0.7441354343677916,-0.8929971800656784,1.6458453334983685,-0.45590792213648296,-0.18340131822274472,-0.09326700553429063,0.429335770978171,0.4663805890794078,-1.2690720878965251,-0.7406923765996233,0.023617010810891074,-0.7671587281133244,0.7359711027726457,0.8411365137353725,-1.330624637312625,0.6576519249648025
-1.5337581826853453,2.2816438317635805,0.5347620919802,2.759822196815445,0.559372105211178,2.111137337688344,2.060984790981055,-0.16721975660243055,-2.144531503204526,-3.3314901504615118,0.7110090748592227,-0.5398310174557667,-1.3401452837022827,-0.28637095884949954,0.9513088387182552,0.06712400863023116,-0.3155562078920883,0.986317362762576,1.8077766374430109,-0.7814587439910976,-0.3660178997048099,-3.904262926732474,-1.7138556386266577,1.0438299318764463,0.39430057436273414,0.05091439505034091,0.5315629677987466,0.0968156342245493,-0.43211342734583985,1.8225465027811454,-2.239265151282785,0.6015143849081864,-0.5663866406712051,-0.1964753831931191,-1.404206913752857,-2.186222892502046,1.2901003988640163,0.8625177503710947,0.6058143164336282,1.5089168009149287,-1.0919263961268222,-1.162802425551373,2.573894253452565,-1.2065834375379398
-3.0486610426630625,4.5490583887454115,0.9582767558628875,5.288631557231171,1.1205973241507556,4.1339139392624515,3.7222851595719355,-0.21678814094131582,-4.023515364791923,-6.432286806781908,1.3449139156957919,-1.4107927741935726,-2.810391779235979,-0.5567701819884757,1.7437359629353386,-0.0425102267648556,-0.7774610778703434,1.8077766374430109,3.417662352481937,-1.9369588067446561,-1.023526437530103,-7.742593571589324,-3.422791760848732,2.2148121089724313,1.0071743188565,0.2880796395644938,0.9231414359361707,0.19351343976182556,-1.0538903829739665,3.469798058359312,-4.455484507815201,1.1810511292320864,-0.9279732769771044,-0.3096877513931564,-2.553612775991275,-3.947733947195462,2.6984713468116377,1.737101734897819,1.0206042821621788,2.8798512430918186,-2.183963298758176,-2.322657717697006,4.935263038363003,-2.332252598668412
2.730455892543703,-3.984524314601477,-0.3817686238488611,-3.6962425562386585,-0.9058237131802412,-3.402978963443177,-1.2206845173578837,-0.5154894663194853,2.1818978606737556,4.492639509764721,-0.7569735155116759,3.2559216645075124,3.401838857663338,0.33492480814175507,-0.707515911510857,1.2384158680366735,1.5558053134304417,-0.7814587439910976,-1.9369588067446561,4.015623868486949,2.5258260967283324,6.7972323415695035,3.123237193827775,-2.822515950081794,-2.2447895675042235,-1.524296966818807,-0.06239730009326785,-0.33182857521934384,1.902432107252653,-2.2432248247395465,4.200326832145785,-1.1737402373233814,-0.510535846051074,-0.25335534830140516,1.069912332854146,1.1121003944234482,-3.2481472411841286,-1.9079242929516516,0.07817327884347684,-1.9401681942843734,1.854963158854394,2.137782720075052,-3.353866581610288,1.6570769991793899
1.5762174013830614,-2.310251659865506,-0.1502068012573964,-2.0147529016628827,-0.5338519020355315,-1.9241744276361608,-0.48554866624425275,-0.3558135543838283,1.12556871594405,2.493940841283008,-0.39944087281549445,2.068975714522111,2.04662014978805,0.19107316282385067,-0.32128396975428286,0.7996340425898374,0.981532852045395,-0.3660178997048099,-1.023526437530103,2.5258260967283324,1.6341883991364916,3.9167872801054395,1.81097274007902,-1.7050773060379731,-1.4190925034203863,-0.97632983995057,0.039668577981048676,-0.18384325108696495,1.2184676771652472,-1.2085263825734456,2.4130191343556473,-0.6564143749971064,-0.3933515593333109,-0.1915564245806415,0.4680426062221185,0.4294207101688098,-1.9437269494256921,-1.0945222420416088,0.15384943380986194,-1.0489121276805262,1.087966818908523,1.2420137780391718,-1.8316030846967042,0.9184129427541774
7.742851911637183,-11.463136905122644,-2.0459245246909155,-12.582436675722576,-2.7507553603158246,-10.253816541960255,-7.715351356336048,-0.03336088301804556,9.044800883236192,15.279397362332073,-3.041738909829522,5.224040670638645,7.865397376281262,1.2728683600028026,-3.7263198149541443,1.1081243674810082,2.6789850875646115,-3.904262926732474,-7.742593571589324,6.7972323415695035,3.9167872801054395,19.550986617828777,8.734363210581305,-6.31691123798364,-3.6676265997110504,-1.7881591251931244,-1.717446877363737,-0.6340229800149445,3.4509045981288167,-8.101249004981767,11.5005819352416,-3.1141198289367704,1.2376256846284788,0.3402719046342973,5.4937558528637895,8.023590092243618,-7.540772746927654,-4.714342639721837,-1.780485015738523,-6.792606206019822,5.448843226581691,5.94600923680516,-11.655914013119832,5.560943264410673
3.461150156408252,-5.126362060324142,-0.8979843747942119,-5.584083822177585,-1.2302088786731766,-4.572335695698431,-3.3732626542930357,-0.04245527678705621,3.9917069559534495,6.786439770924383,-1.344838950456112,2.4080801774324363,3.548432566862621,0.5645261269282509,-1.6351840266865028,0.537250792100493,1.2291582666584318,-1.7138556386266577,-3.422791760848732,3.123237193827775,1.81097274007902,8.734363210581305,3.909709404042551,-2.8545566368725384,-1.6870153509914094,-0.8419984755189128,-0.73915000611821,-0.2845770277666274,1.5812406499932223,-3.5887121460063067,5.147551453266496,-1.3909787475200697,0.5083047806010457,0.1360807003619652,2.4094574104424824,3.4994362428988772,-3.4009004399127787,-2.1185697141339475,-0.7595913687730148,-3.013924815424286,2.4360547525719176,2.6605631055357897,-5.172917154398915,2.4729999531546474
-2.5169400447992967,3.702807333073309,0.539099031640333,3.811551695435652,0.8678321586639689,3.252119237130983,1.9417382187276617,0.2016301578761769,-2.5597117787962445,-4.62546901591184,0.8685655142671362,-2.2327825579802973,-2.7934985715298097,-0.36949230002790073,0.9819998035987098,-0.6829469035764459,-1.101731278633797,1.0438299318764463,2.2148121089724313,-2.822515950081794,-1.7050773060379731,-6.31691123798364,-2.8545566368725384,2.2805872980256088,1.5533646230558298,0.9235151305613959,0.3532992929579214,0.24915668842659294,-1.3791825429357318,2.401214810287453,-3.7951383650271815,1.0457896111975615,-0.03975807788069912,0.03173910808738072,-1.460204520159409,-1.9538819020512903,2.674786754843034,1.6292727792383304,0.31238893225706116,2.0351175866721523,-1.743683557165933,-1.9468461324047526,3.50216908876395,-1.6908244289820635
-1.4751092514505064,2.146750959028788,0.18875847886697275,1.962512945755903,0.4842373967192273,1.8278293888588883,0.5862794266217589,0.3007156983186248,-1.1309278772636304,-2.3835877964842638,0.3931403784599557,-1.826114635260581,-1.867342590065344,-0.17489754695075285,0.35273675409361427,-0.7092157981412955,-0.8695810923915189,0.39430057436273414,1.0071743188565,-2.2447895675042235,-1.4190925034203863,-3.6676265997110504,-1.6870153509914094,1.5533646230558298,1.2592124414014891,0.8680785366171788,0.008286283210670138,0.1871270092667389,-1.059109275687997,1.1835593340611428,-2.275360763464032,0.6407070025566626,0.32326196381297684,0.15702572907627374,-0.5367332698304303,-0.5183890784041875,1.7823666760635564,1.0419335841718003,-0.07667894950242725,1.0248570739537481,-0.9971846178993546,-1.156236315548416,1.7744249869960746,-0.8784659880614104
-0.7318860402134171,1.0307213620929625,0.025191715290951638,0.8014554452228366,0.20572643388706435,0.8595060682957467,-0.07597893827271246,0.2791864134245072,-0.3070058694272998,-0.9378494201499061,0.10976712884739165,-1.2616681690715557,-1.0847921726204124,-0.047218212507442556,0.023334156611039394,-0.5858423724664524,-0.5829997078782169,0.05091439505034091,0.2880796395644938,-1.524296966818807,-0.97632983995057,-1.7881591251931244,-0.8419984755189128,0.9235151305613959,0.8680785366171788,0.6784020143326698,-0.1299281975704026,0.13943297785534764,-0.6759639970142731,0.4356068820824856,-1.1862237690434227,0.363909458168698,0.42316139251975526,0.1786107462861839,-0.07039041431487827,0.19046384539337055,1.0379364785380247,0.6072300367991761,-0.20591798864570607,0.3988452946618424,-0.455786714689131,-0.5807785040988979,0.6883256703492707,-0.35235780140694956
-0.6684109716759012,1.0041823843703912,0.2932895628646171,1.3319454328606106,0.2533340858883723,0.9564168870633976,1.1585659098016055,-0.15903248313990256,-1.1087198167129326,-1.6050706211650478,0.3638222843788497,0.009241760520836516,-0.474113960992101,-0.14378314384828916,0.520446016851217,0.17307461408330788,-0.03193495408557932,0.5315629677987466,0.9231414359361707,-0.06239730009326785,0.039668577981048676,-1.717446877363737,-0.73915000611821,0.3532992929579214,0.008286283210670138,-0.1299281975704026,0.32599434093475377,0.024780824994522013,-0.06799805641976349,0.8995903886856864,-0.9530689381048688,0.25292924865576166,-0.40730383387719077,-0.14942979238778206,-0.764704158718926,-1.2457164780605257,0.46197367671555534,0.33705036183546333,0.3869773310567324,0.7365504038885164,-0.48564639880070587,-0.49884782326785476,1.2530405567922116,-0.5778340742342881
-0.2562288086209999,0.353537086736738,0.06373514241869659,0.38788794183528547,0.06654445497290355,0.3352771310210369,0.17063711662242384,0.03698536610011766,-0.23444408945143289,-0.429704757326509,0.07484507080639273,-0.26339642690978293,-0.30108997777059715,-0.022511217554583733,0.08733808590999258,-0.11490725739611916,-0.1273207379875242,0.0968156342245493,0.19351343976182556,-0.33182857521934384,-0.18384325108696495,-0.6340229800149445,-0.2845770277666274,0.24915668842659294,0.1871270092667389,0.13943297785534764,0.024780824994522013,0.05386351058998303,-0.13195818429461303,0.23438126181753174,-0.4136471232695035,0.13833533732444347,0.04747436498333978,0.01986175261710413,-0.15407445481557946,-0.14103775603608026,0.29490001106276864,0.20348907722547527,0.023295561117425107,0.20029592502350935,-0.15028661101672805,-0.19572297133705144,0.3357845047807985,-0.15788214679781862
1.3809077997359167,-2.044259367413495,-0.19151127636675966,-1.9005287278212626,-0.48807176933031887,-1.723720187581827,-0.7095943173534315,-0.2146160351155953,1.1799641733424038,2.363537564549598,-0.4129648915631947,1.5417833210627827,1.6722887580498909,0.19350973837037433,-0.39680467170921185,0.5303189191239898,0.7441354343677916,-0.43211342734583985,-1.0538903829739665,1.902432107252653,1.2184676771652472,3.4509045981288167,1.5812406499932223,-1.3791825429357318,-1.059109275687997,-0.6759639970142731,-0.06799805641976349,-0.13195818429461303,0.9458721743683183,-1.1746014477639701,2.077936524627122,-0.5493487044892162,-0.1542130678828782,-0.09248963044660291,0.5675236554833626,0.7091013932685828,-1.5877506166695299,-0.9019816839841328,0.00333240517538532,-1.0033983983092103,0.9751185417209611,1.0808865425547967,-1.7495987744572488,0.8658299535541022
-3.1962616159120474,4.7442807335744694,0.9728730653127646,5.461005645197443,1.1505395735265715,4.312189932463881,3.7149750701463735,-0.15978563392377937,-4.086135702424806,-6.6125239018236766,1.3640615213079352,-1.6630676239342248,-3.028648247233059,-0.5598424764348963,1.7509558371324918,-0.17176514332564297,-0.8929971800656784,1.8225465027811454,3.469798058359312,-2.2432248247395465,-1.2085263825734456,-8.101249004981767,-3.5887121460063067,2.401214810287453,1.1835593340611428,0.4356068820824856,0.8995903886856864,0.23438126181753174,-1.1746014477639701,3.5616611467766397,-4.707476498620794,1.2708737635845304,-0.8297594731171719,-0.26929518512321693,-2.583458418243168,-3.905291962363703,2.9107289916583134,1.874907027607021,0.9859913509549615,2.9645130213225146,-2.262126732683503,-2.438443348138757,5.075033091113521,-2.4001917321218125
4.562429659000095,-6.723781453287869,-1.1958206638767634,-7.352528079301378,-1.5885123319523835,-6.030483229404506,-4.394916237420057,-0.08742889302233306,5.212268032654308,8.87443671340428,-1.7495760579230182,3.241147607714226,4.708544755459726,0.7206383166320156,-2.1323382305223797,0.7846338502404826,1.6458453334983685,-2.239265151282785,-4.455484507815201,4.200326832145785,2.4130191343556473,11.5005819352416,5.147551453266496,-3.7951383650271815,-2.275360763464032,-1.1862237690434227,-0.9530689381048688,-0.4136471232695035,2.077936524627122,-4.707476498620794,6.830486056040587,-1.8818216001286954,0.5862700301212643,0.15116623048263347,3.1757047500917164,4.509487063694681,-4.522572295760523,-2.8531090323626724,-0.9845392200066252,-3.962762058991471,3.1703902130532895,3.5051904341911184,-6.783630081986363,3.236567805119358
-1.2386950082117782,1.8030238026021843,0.3373863389688202,2.001692615048602,0.40840798222704083,1.6405401919744858,1.1787491091259645,0.036731167886123926,-1.3971666794060917,-2.3727415379497567,0.4628012579261475,-0.9040258427898303,-1.2876598731857438,-0.18140334898068144,0.5717389642425544,-0.2530333003100167,-0.45590792213648296,0.6015143849081864,1.1810511292320864,-1.1737402373233814,-0.6564143749971064,-3.1141198289367704,-1.3909787475200697,1.0457896111975615,0.6407070025566626,0.363909458168698,0.25292924865576166,0.13833533732444347,-0.5493487044892162,1.2708737635845304,-1.8818216001286954,0.5475321773901086,-0.11186601839155669,-0.02536080666749206,-0.8758528167718808,-1.1740083769752272,1.2465930235360447,0.8132394143877112,0.2658922904317625,1.0726778318404147,-0.8335820303814506,-0.9477799464029996,1.828159997224662,-0.8653322495939139
0.46561825824084646,-0.7444011374382129,-0.2971215732096401,-1.1585513672544379,-0.22295380115073452,-0.7295538892411811,-1.3014075582463491,0.2862826345269135,1.114217542261191,1.4457026920353082,-0.3678222157463999,-0.48503039776984797,0.11815320406036818,0.15333720276038335,-0.5648536364142261,-0.43656743052498753,-0.18340131822274472,-0.5663866406712051,-0.9279732769771044,-0.510535846051074,-0.3933515593333109,1.2376256846284788,0.5083047806010457,-0.03975807788069912,0.32326196381297684,0.42316139251975526,-0.40730383387719077,0.04747436498333978,-0.1542130678828782,-0.8297594731171719,0.5862700301212643,-0.11186601839155669,0.6399027462521106,0.24056445557960116,0.7936747912944095,1.4716046312947848,-0.11332968942332078,-0.11257792635336294,-0.4961641137597241,-0.6619232799776699,0.3907920205411382,0.33851774782003907,-1.1305772910452863,0.5141582812747053
0.1260723417176894,-0.20730530449504192,-0.10914491497866557,-0.3691952086452698,-0.06553056822001525,-0.2145275237864167,-0.464524437483243,0.11194573177927182,0.37549679827627375,0.4557584455793817,-0.12285639681875955,-0.23363369980099097,-0.013488753412290931,0.0490818953351865,-0.19781968999952207,-0.17696114920759187,-0.09326700553429063,-0.1964753831931191,-0.3096877513931564,-0.25335534830140516,-0.1915564245806415,0.3402719046342973,0.1360807003619652,0.03173910808738072,0.15702572907627374,0.1786107462861839,-0.14942979238778206,0.01986175261710413,-0.09248963044660291,-0.26929518512321693,0.15116623048263347,-0.02536080666749206,0.24056445557960116,0.09465426007122138,0.281427450973174,0.5209702933640973,0.010373663607516759,-0.017115857034578387,-0.1869562288489244,-0.21313528821443173,0.1098317933692712,0.08801863823680134,-0.36188526782117303,0.16290146106138134
2.1598135244937455,-3.2017979053687906,-0.7812303170268123,-3.922108750792654,-0.77241097512984,-2.985970176270566,-2.954012422918307,0.2396501475928405,3.044520097810985,4.696815451142457,-1.004676600201355,0.7246347238334907,1.8688601873909803,0.39566598318644547,-1.3614661852295216,-0.08920452918774212,0.429335770978171,-1.404206913752857,-2.553612775991275,1.069912332854146,0.4680426062221185,5.4937558528637895,2.4094574104424824,-1.460204520159409,-0.5367332698304303,-0.07039041431487827,-0.764704158718926,-0.15407445481557946,0.5675236554833626,-2.583458418243168,3.1757047500917164,-0.8758528167718808,0.7936747912944095,0.281427450973174,2.0294465616423363,3.100499481041771,-1.8131595906658975,-1.2442909947187182,-0.8816300059150316,-2.1426081896008227,1.5172065556843202,1.632281261989397,-3.6465794685829294,1.7036603710100326
3.1377292466115123,-4.710160506426174,-1.1707731234060346,-5.846450239786644,-1.1863064280174305,-4.371780703049461,-4.647410150399285,0.4971006438912906,4.687328124885768,7.106260431337236,-1.5551260040934713,0.6834724715696356,2.551831336439161,0.6343296431994302,-2.125274694154569,-0.416152300590015,0.4663805890794078,-2.186222892502046,-3.947733947195462,1.1121003944234482,0.4294207101688098,8.023590092243618,3.4994362428988772,-1.9538819020512903,-0.5183890784041875,0.19046384539337055,-1.2457164780605257,-0.14103775603608026,0.7091013932685828,-3.905291962363703,4.509487063694681,-1.1740083769752272,1.4716046312947848,0.5209702933640973,3.100499481041771,5.001758164986583,-2.4566454007287173,-1.6536589261752055,-1.4361142037244943,-3.2154480897186133,2.282361188035148,2.3702086142251364,-5.492365539864397,2.566390898838981
-3.002058822429158,4.41670994458034,0.6720252364336262,4.606257590961017,1.0355400277654347,3.8979811657562276,2.430382420144572,0.2048411549998351,-3.1266461434535335,-5.580499305747148,1.0584425101535762,-2.5589406245964827,-3.286175506964545,-0.44625204797250445,1.2178687322567543,-0.758540087704973,-1.2690720878965251,1.2901003988640163,2.6984713468116377,-3.2481472411841286,-1.9437269494256921,-7.540772746927654,-3.4009004399127787,2.674786754843034,1.7823666760635564,1.0379364785380247,0.46197367671555534,0.29490001106276864,-1.5877506166695299,2.9107289916583134,-4.522572295760523,1.2465930235360447,-0.11332968942332078,0.010373663607516759,-1.8131595906658975,-2.4566454007287173,3.1501975485502056,1.9323232976743439,0.4277113794680958,2.4642251074284,-2.078591388799617,-2.3191539834868595,4.234098489017209,-2.0396258611944753
-1.8770916335576089,2.7423905427101576,0.47805702129201433,2.964952684168479,0.6278554532480013,2.4685057898359677,1.6641568521966454,0.09728098493799958,-2.03694199378547,-3.535749344184517,0.6815811117281932,-1.483652254317386,-2.004905031091662,-0.27213767799891603,0.8170899475330012,-0.43936741784736316,-0.7406923765996233,0.8625177503710947,1.737101734897819,-1.9079242929516516,-1.0945222420416088,-4.714342639721837,-2.1185697141339475,1.6292727792383304,1.0419335841718003,0.6072300367991761,0.33705036183546333,0.20348907722547527,-0.9019816839841328,1.874907027607021,-2.8531090323626724,0.8132394143877112,-0.11257792635336294,-0.017115857034578387,-1.2442909947187182,-1.6536589261752055,1.9323232976743439,1.2376643750460588,0.3418189296484253,1.5892133436296907,-1.2723159167991167,-1.4430854484269648,2.7115574436444576,-1.2943697577017603
-0.6904869730453856,1.0349803857937931,0.3445976439393239,1.4501699659191871,0.25955986872842446,1.0119011500699318,1.340671998374052,-0.20586863372233052,-1.2356809406755365,-1.72977341896691,0.40199390468565094,0.1373542832543435,-0.43372271724995787,-0.15363625134675388,0.5943242937572818,0.24371446330713278,0.023617010810891074,0.6058143164336282,1.0206042821621788,0.07817327884347684,0.15384943380986194,-1.780485015738523,-0.7595913687730148,0.31238893225706116,-0.07667894950242725,-0.20591798864570607,0.3869773310567324,0.023295561117425107,0.00333240517538532,0.9859913509549615,-0.9845392200066252,0.2658922904317625,-0.4961641137597241,-0.1869562288489244,-0.8816300059150316,-1.4361142037244943,0.4277113794680958,0.3418189296484253,0.470773692860714,0.8076309096676265,-0.49759245991858847,-0.5111755607673973,1.3647667370502945,-0.6241001639444412
-2.681197202935321,3.976037734082532,0.8097601906971482,4.557823929048015,0.9595273826011165,3.6114854002249466,3.070469596473267,-0.11278061791816323,-3.390985755833224,-5.511859515777997,1.132549188187856,-1.4438519812592134,-2.562357706247365,-0.4636935717806659,1.451237024230539,-0.17954496005231152,-0.7671587281133244,1.5089168009149287,2.8798512430918186,-1.9401681942843734,-1.0489121276805262,-6.792606206019822,-3.013924815424286,2.0351175866721523,1.0248570739537481,0.3988452946618424,0.7365504038885164,0.20029592502350935,-1.0033983983092103,2.9645130213225146,-3.962762058991471,1.0726778318404147,-0.6619232799776699,-0.21313528821443173,-2.1426081896008227,-3.2154480897186133,2.4642251074284,1.5892133436296907,0.8076309096676265,2.478869923745576,-1.8912095803969649,-2.048444561049342,4.235235873779813,-2.0039435237754004
2.1551085568682695,-3.2144922799224775,-0.5559240239856674,-3.4971184924409346,-0.78867421618857525,-2.847896426997801,-2.1634848881821886,0.006162121918187228,2.5391083830231533,4.291290243106575,-0.8586592857400279,1.4256983952033135,2.174719837895801,0.3698357385495985,-1.0454439050820203,0.2654899838454591,0.7359711027726457,-1.0919263961268222,-2.183963298758176,1.854963158854394,1.087966818908523,5.448843226581691,2.4360547525719176,-1.743683557165933,-0.9971846178993546,-0.455786714689131,-0.48564639880070587,-0.15028661101672805,0.9751185417209611,-2.262126732683503,3.1703902130532895,-0.8335820303814506,0.3907920205411382,0.1098317933692712,1.5172065556843202,2.282361188035148,-2.078591388799617,-1.2723159167991167,-0.49759245991858847,-1.8912095803969649,1.5454141802293668,1.656505115137435,-3.2590129483792833,1.5600986655088067
2.35616582789416,-3.4863558087778745,-0.6069437887765301,-3.7953884239103624,-0.835362850116211,-3.1112089138531704,-2.2827508356047637,-0.03196029911389485,2.70824531562427,4.611730786985082,-0.9124106388870844,1.650883654890564,2.4214395375804245,0.38295852957098175,-1.1075282138542109,0.37248124232776286,0.8411365137353725,-1.162802425551373,-2.322657717697006,2.137782720075052,1.2420137780391718,5.94600923680516,2.6605631055357897,-1.9468461324047526,-1.156236315548416,-0.5807785040988979,-0.49884782326785476,-0.19572297133705144,1.0808865425547967,-2.438443348138757,3.5051904341911184,-0.9477799464029996,0.33851774782003907,0.08801863823680134,1.632281261989397,2.3702086142251364,-2.3191539834868595,-1.4430854484269648,-0.5111755607673973,-2.048444561049342,1.656505115137435,1.8122879096071252,-3.51456915408307,1.6799308034598945
-4.600801597796388,6.833836717027569,1.3704397231307603,7.798457654640839,1.6569879789020174,6.186838120253907,5.2324375414443125,-0.1899465597036683,-5.804049658979807,-9.454635204803077,1.9407689975590516,-2.5010759305506594,-4.404565089323707,-0.8013482080827391,2.476530831506179,-0.3075508567512928,-1.330624637312625,2.573894253452565,4.935263038363003,-3.353866581610288,-1.8316030846967042,-11.655914013119832,-5.172917154398915,3.50216908876395,1.7744249869960746,0.6883256703492707,1.2530405567922116,0.3357845047807985,-1.7495987744572488,5.075033091113521,-6.783630081986363,1.828159997224662,-1.1305772910452863,-0.36188526782117303,-3.6465794685829294,-5.492365539864397,4.234098489017209,2.7115574436444576,1.3647667370502945,4.235235873779813,-3.2590129483792833,-3.51456915408307,7.251924738730267,-3.434853678495237
2.195634789754885,-3.2658434365240048,-0.6382881078984796,-3.6911516425519513,-0.7948985582465194,-2.9441950237549306,-2.4422082424984977,0.07341260827105786,2.734811600629951,4.4865917869249605,-0.9171445646293822,1.243502243835985,2.124772304294842,0.3815858189390301,-1.1599130434030405,0.1705173766896759,0.6576519249648025,-1.2065834375379398,-2.332252598668412,1.6570769991793899,0.9184129427541774,5.560943264410673,2.4729999531546474,-1.6908244289820635,-0.8784659880614104,-0.35235780140694956,-0.5778340742342881,-0.15788214679781862,0.8658299535541022,-2.4001917321218125,3.236567805119358,-0.8653322495939139,0.5141582812747053,0.16290146106138134,1.7036603710100326,2.566390898838981,-2.0396258611944753,-1.2943697577017603,-0.6241001639444412,-2.0039435237754004,1.5600986655088067,1.6799308034598945,-3.434853678495237,1.6320677885775667
