V1,V2,V3,V4,V5,V6,V7,V8,V9,V10,V11,V12,V13,V14,V15,V16,V17,V18,V19,V20,V21,V22,V23,V24,V25,V26,V27,V28,V29,V30,V31,V32,V33,V34,V35,V36,V37,V38,V39,V40,V41,V42,V43,V44
1.8911169327441544,-2.611696649934796,0.7812845669575632,-0.35796677116109693,-0.4617601349390019,-1.6733668150538117,3.4533523162512623,-1.730728390333509,-1.3462066442887706,0.5904656682963253,0.36855152344643594,6.233043164349498,4.116790220148484,-0.07039885226437281,1.2894789819542865,3.1840887248422423,2.799834502047808,1.1829413361591798,0.8973687753419166,7.3038329376138345,5.03195921325399,4.376208463699902,2.2577547620471643,-3.580904411995935,-4.1953808867644655,-3.5436969681440753,1.4994036882309068,-0.4482164444897436,3.343115016369652,0.23651846727048192,3.1953406790651258,-0.9156194066748214,-2.960377978360748,-1.2268412134378928,-1.8393936806660716,-4.086885626088431,-3.8721136159002585,-1.908398759630871,2.076914201803619,-0.013029965103170348,1.1376550133838645,1.5982509498732596,-0.11582234855673264,0.257051576778239
-2.611696649934796,3.909203341449343,-1.304335598892899,0.3581727278478149,0.9266324892125394,2.2519950183356454,-4.830858040357706,2.299908988053425,1.7491473845831618,-1.1838639863087437,-0.39541574730021556,-8.498156274933681,-5.624306267530347,-0.08073349670673466,-1.739395151682781,-4.009713360590006,-3.8750107057241423,-1.65298886184493,-0.9928379030431034,-9.927840205803921,-7.105154207972993,-6.190629382402452,-3.195284863191382,4.900860234995766,5.712083833424469,4.515316286049917,-2.0618197300869054,0.36510445692379806,-4.88378528087379,-0.2812543409938833,-4.084645538338517,0.9236681196966596,3.7146591620560603,1.5983559139092613,2.7755095478207643,5.30482472923711,5.209298436143625,2.1981242622494888,-2.982254387494106,-0.0724393130469906,-1.9224178816999196,-2.2342580128590996,0.24776786761154967,-0.4781858029472555
0.7812845669575632,-1.304335598892899,0.6983164766593886,0.2838304946045202,-0.4080753636941291,-0.5265936811593241,2.0478888759007403,-0.784793990361913,-0.8384814211353562,0.24883587602689647,0.16950851286709873,2.9733044076312614,1.8707641171719225,0.08811540694832774,0.7425057645008396,1.2526663556173259,1.3700819305608858,0.7329101697252836,0.4477237672048614,3.4137376046152146,2.636763812994682,1.8815473440975163,0.9932289925878031,-1.6010945951685494,-1.9674777772817107,-1.4230612938485567,0.8076097096356251,0.03499984323652698,1.884091874201025,0.3061370924710491,1.0331659664006632,-0.04771058132498317,-1.186407233954702,-0.5632763348053048,-1.3395376633706204,-1.9777988795263595,-1.6713612499983102,-0.43439434837594776,1.2156147942498172,0.2353851480422447,0.7541581819177906,0.7119349811774215,0.17755988790223054,0.08591250901037777
-0.35796677116109693,0.3581727278478149,0.2838304946045202,0.7893860082330133,-0.03424921258919061,0.5613598588416061,0.4817143492624661,0.052838458805021395,-0.4118897000472305,-0.5454430873041259,0.08595699495258954,-0.27087853341557705,-0.36880632751832226,0.04372287834860231,0.22176760426457684,-0.275227011948566,-0.1002835250184531,0.23432685193468056,0.25114993849228007,-0.3601028511139615,-0.03810085775322206,-0.8414927681176326,-0.3661101045422172,0.333923065309291,0.20657049501551036,0.2795795862609802,0.09638823623295913,0.2477177647781259,0.05990909569084539,0.4059032486952762,-0.7794814997730847,0.4009454065716299,0.13984351393085043,-1.0666589216266793e-4,-0.4915723982479948,-0.2548257543433476,0.44722882719017143,0.508331505416455,0.17247506354054884,0.4078600206600061,-0.029905887840731157,-0.24008178393524224,0.5632649590523134,-0.21065220870991638
-0.4617601349390019,0.9266324892125394,-0.4080753636941291,-0.03424921258919061,0.40459584167738366,0.35471138700036414,-0.9117907685688578,0.33444323382620833,0.2289971849206486,-0.5024675062356468,0.01545512260609864,-1.4390492687821412,-0.959370181399588,-0.1602825245070554,-0.27609036412884397,-0.3910386273635795,-0.6818276911644823,-0.29292930345031876,0.021148243519605564,-1.6270977536990354,-1.4099361175012755,-1.2184756773038097,-0.6348809248775031,0.83915540067548,0.9452335117695523,0.49245889883739075,-0.36562276653239356,-0.14143754099742295,-1.0905805215687507,-0.016658987085596474,-0.46641330030783523,-0.12853714283621354,0.3259663265976341,0.18880607586945272,0.7067404700888889,0.6402748688568305,0.8133770246847261,0.019493056432838277,-0.6254607125252664,-0.06360344527302007,-0.6275920008894881,-0.42117510390056145,0.12184644574840948,-0.18299633025052697
-1.6733668150538117,2.2519950183356454,-0.5265936811593241,0.5613598588416061,0.35471138700036414,1.6151195967733962,-2.797175103262788,1.5326106569142466,1.0635401260207527,-0.5792802036113187,-0.2997204421119826,-5.3674987248262225,-3.586640690598703,0.09538543961905176,-0.9921926036883075,-2.840567455477609,-2.4105882871960636,-0.9187795397342788,-0.73113010606198,-6.3351500223860535,-4.22891221002478,-3.9386093745250053,-2.00460735520295,3.165936590151186,3.6685121241728007,3.1215343005730714,-1.248489515690719,0.5358626020665948,-2.725700017660817,-0.06186237854225349,-2.9916199187383774,0.9924536847538181,2.6469091496689696,1.0686772079669058,1.3274203994773404,3.441379472377455,3.4170960668240338,1.8400050498617908,-1.7078920349531628,0.11870215548450763,-0.9166090468686148,-1.4001381098764438,0.2633829040898952,-0.28074177777354264
3.4533523162512623,-4.830858040357706,2.0478888759007403,0.4817143492624661,-0.9117907685688578,-2.797175103262788,8.797592525504513,-3.999576032466365,-4.058411561832154,-0.15923983326176835,1.1268781737375322,13.715896658788601,8.558863687221958,-0.21865045137801573,3.22882576132466,7.046200619293701,6.139485222449312,3.0799361069257234,2.8029189897586098,15.99017719757073,11.169687681663424,8.060354889316486,4.281091411856669,-7.595273794324375,-9.287019387567605,-7.74759169944491,3.6311380018674857,-0.9856781708443675,7.297233241927308,1.319737123342829,6.036799368580647,-1.7388482340559224,-6.810588063180006,-2.8141180634930043,-4.79636465930406,-10.032799581834091,-8.023152577745908,-3.709350397632682,5.030617599814616,0.7192901181923174,2.1503980593019523,3.010139165788087,0.8707101178621114,0.087375364758616
-1.730728390333509,2.299908988053425,-0.784793990361913,0.052838458805021395,0.33444323382620833,1.5326106569142466,-3.999576032466365,1.9694339362954758,1.8383039621431898,0.04854845958242782,-0.5385109745425111,-6.6040430892005,-4.1778925077639135,0.17612568512669888,-1.4553806271994056,-3.5604572151611884,-2.9496991493178393,-1.378676650567146,-1.3334314459922523,-7.764625798898099,-5.228011079816466,-4.0340406534779145,-2.1193250845064266,3.741211810633649,4.519234332619037,3.8868126883233285,-1.6927903709611969,0.6455680997982988,-3.321284216371913,-0.49826728370388473,-3.2174923354289664,1.1026103384810668,3.4456887010834087,1.383032870599361,1.9962017834390915,4.817939485296746,3.973025988577758,2.0880948433105386,-2.293218297289618,-0.21248371902980315,-0.9130881792726923,-1.478323487119948,-0.2624048477749641,-0.07925984731546387
-1.3462066442887706,1.7491473845831618,-0.8384814211353562,-0.4118897000472305,0.2289971849206486,1.0635401260207527,-4.058411561832154,1.8383039621431898,2.0634123998424068,0.5798009139431005,-0.6164004162288583,-6.028595549211831,-3.6488048529447012,0.20068638464319274,-1.5047567711406378,-3.279791158321267,-2.667202465619908,-1.431514702747091,-1.5271025298957779,-7.0354089871164796,-4.799901394936436,-3.0984210115513076,-1.678234197318045,3.2778920946229744,4.107569826435803,3.559367749847536,-1.657818098529771,0.567159994528073,-3.018619738601411,-0.7649566007682492,-2.5885970809213497,0.885446452529495,3.2345301540549913,1.3028655443256487,2.1164693725187456,4.773675004267969,3.4556971748653367,1.7425503165126903,-2.232243647363505,-0.4326567709106764,-0.6792083399368479,-1.1840484779120932,-0.6636692307699386,0.12413025808506417
0.5904656682963253,-1.1838639863087437,0.24883587602689647,-0.5454430873041259,-0.5024675062356468,-0.5792802036113187,-0.15923983326176835,0.04854845958242782,0.5798009139431005,1.3742718703383079,-0.28327550861129375,0.5497835085093496,0.6476158549525098,0.274097751984954,-0.12833023721892042,-0.21348209907760907,0.32553533565230003,-0.10464795549266573,-0.68311265355934,0.6105715688051525,0.7380198743960031,1.5416734714794116,0.7189666503903344,-0.46818838168026317,-0.31289753711831136,0.12823121931360507,-0.019694130776357278,0.29499650068660366,0.774171989712842,-0.4635073057127262,0.42966342206791336,0.24483155996434516,0.38639275805460277,0.06410170884006652,-0.15081739546161338,0.6210911499548551,-0.511991249208367,0.16390853272626174,0.1489547912430839,-0.29953467359402103,0.7974162189111456,0.4963019947696777,-0.7438405006349876,0.4519917221924844
0.36855152344643594,-0.39541574730021556,0.16950851286709873,0.08595699495258954,0.01545512260609864,-0.2997204421119826,1.1268781737375322,-0.5385109745425111,-0.6164004162288583,-0.28327550861129375,0.21082018336268532,1.7189742115585278,1.0277752880192277,-0.10530479403446746,0.4380327677337775,1.0241160441639245,0.7390708480879871,0.3998910432019864,0.5049664079141193,2.007587381308627,1.303267827235915,0.7986988727744556,0.439926625522962,-0.928673345268524,-1.1681346715840788,-1.1032963132584042,0.4695368709030837,-0.22878196945536775,0.7733711878709125,0.23875251205883408,0.8036807380345065,-0.3364954868917547,-1.0036616377089855,-0.38263573898049164,-0.5403754324530367,-1.441410265789387,-1.0005247031617015,-0.6015098151161477,0.5974339831602091,0.10076380347074353,0.08813667589351402,0.31371583928204155,0.22282230689560095,-0.0767154054734689
6.233043164349498,-8.498156274933681,2.9733044076312614,-0.27087853341557705,-1.4390492687821412,-5.3674987248262225,13.715896658788601,-6.6040430892005,-6.028595549211831,0.5497835085093496,1.7189742115585278,22.898946092096327,14.622909793585507,-0.42281410945052694,5.060311691027804,11.939471955853978,10.217416475868959,4.732629998234936,4.213393187929842,26.768435275296376,18.412290980448656,14.457823085673109,7.581785989271587,-12.919244477346414,-15.493414362750793,-13.153825427710679,5.811637110721937,-1.8587922998394664,11.975125533426253,1.6134714902735119,11.006676384319693,-3.3537561234733078,-11.353072697219016,-4.6286699362481345,-7.239479857222909,-16.123767919266886,-13.799227245354691,-6.815235185603216,7.975105138928853,0.5857487212553881,3.610296628122334,5.330283540569312,0.646050335305442,0.43524325296389826
4.116790220148484,-5.624306267530347,1.8707641171719225,-0.36880632751832226,-0.959370181399588,-3.586640690598703,8.558863687221958,-4.1778925077639135,-3.6488048529447012,0.6476158549525098,1.0277752880192277,14.622909793585507,9.445115501155835,-0.2453487569081391,3.1713740204293988,7.587525496875073,6.537154540520135,2.9392725875635093,2.519913575297131,17.113990832842862,11.763295451847398,9.552180120176189,4.9810281557188905,-8.296473529083583,-9.884155973540576,-8.384025463588948,3.653128859598507,-1.1478685288588466,7.692360651425115,0.8831494234654458,7.183085123158241,-2.154352154833436,-7.175000956974059,-2.9452875270868595,-4.5189959619436415,-10.087258482089947,-8.88978389300058,-4.405550145949756,5.01851574029559,0.24838157803492195,2.406608334114754,3.5141500781833543,0.20687432467453934,0.3766933004901736
-0.07039885226437281,-0.08073349670673466,0.08811540694832774,0.04372287834860231,-0.1602825245070554,0.09538543961905176,-0.21865045137801573,0.17612568512669888,0.20068638464319274,0.274097751984954,-0.10530479403446746,-0.42281410945052694,-0.2453487569081391,0.12224111196587141,-0.11239195554701278,-0.44022777045981293,-0.16598449002868695,-0.08520553221443612,-0.24886415562851769,-0.5313495680929239,-0.18448166265925145,-0.0811002367953189,-0.047206368513084705,0.22860378927685318,0.30820824383625156,0.44647161929921825,-0.10724376566044865,0.19805292956542794,-0.010314971493184796,-0.07528109396618231,-0.3466398486938531,0.27603145521831934,0.4504993542948463,0.14566976400010584,-0.03024593307265713,0.5240337161049468,0.28826079705048585,0.3813407369168956,-0.07166060895386472,0.0051574527022610756,0.17655600262669774,-0.043140738124082215,-0.10486281383736666,0.08230590344114298
1.2894789819542865,-1.739395151682781,0.7425057645008396,0.22176760426457684,-0.27609036412884397,-0.9921926036883075,3.22882576132466,-1.4553806271994056,-1.5047567711406378,-0.12833023721892042,0.4380327677337775,5.060311691027804,3.1713740204293988,-0.11239195554701278,1.2583122165597787,2.6412260657278948,2.249859989949932,1.1534314915959678,1.0723979526682497,5.894400382049793,4.1012986832648135,2.9036555568455635,1.5580219400808408,-2.7648151758185655,-3.3868500929133645,-2.929948729741499,1.337372804636455,-0.3317790701647463,2.6982074672070224,0.536592706132796,2.2315335967205074,-0.6283086282808724,-2.5386472611224957,-1.0486690110942232,-1.7994469517792935,-3.7760411312134816,-2.959907964106493,-1.4155935859682627,1.8205847766181278,0.25550420712367755,0.7436434642259504,1.1180715736255102,0.38182039267665946,-0.012400117657841101
3.1840887248422423,-4.009713360590006,1.2526663556173259,-0.275227011948566,-0.3910386273635795,-2.840567455477609,7.046200619293701,-3.5604572151611884,-3.279791158321267,-0.21348209907760907,1.0241160441639245,11.939471955853978,7.587525496875073,-0.44022777045981293,2.6412260657278948,6.671531337865541,5.302541220212035,2.454427139397786,2.5025758641168148,14.061797105864803,9.27748884219415,7.249907846587343,3.7977725600457064,-6.747302028402509,-8.148359121962365,-7.262879889474425,3.0164085058791716,-1.3176973648485166,5.813712139396207,0.8840277870358991,6.069939868492714,-2.2172292816059813,-6.422223297836837,-2.5428830296114437,-3.387307226711441,-8.835612856521966,-7.28852709392328,-4.09442532262209,4.001130678725177,0.26645923106311803,1.4174469345131417,2.682857464324539,0.46880160785500896,0.07843520580919688
2.799834502047808,-3.8750107057241423,1.3700819305608858,-0.1002835250184531,-0.6818276911644823,-2.4105882871960636,6.139485222449312,-2.9496991493178393,-2.667202465619908,0.32553533565230003,0.7390708480879871,10.217416475868959,6.537154540520135,-0.16598449002868695,2.249859989949932,5.302541220212035,4.600725005468948,2.135389915901085,1.8382351277994076,11.982990135800568,8.238546078803884,6.523744870807544,3.4102468285047114,-5.77875670537457,-6.938851540185438,-5.836260331333093,2.5912491115362815,-0.8041473932751532,5.387376826018576,0.6955345167455022,4.88792953642585,-1.4826916606171234,-5.076399245529129,-2.0863088048151512,-3.228708147668566,-7.193118190962959,-6.166436620838622,-3.0180972267342474,3.581786748288188,0.2999387983133555,1.6702646993842358,2.395107699341522,0.2697771237793913,0.22588791123785995
1.1829413361591798,-1.65298886184493,0.7329101697252836,0.23432685193468056,-0.29292930345031876,-0.9187795397342788,3.0799361069257234,-1.378676650567146,-1.431514702747091,-0.10464795549266573,0.3998910432019864,4.732629998234936,2.9392725875635093,-0.08520553221443612,1.1534314915959678,2.454427139397786,2.135389915901085,1.1107080258340247,1.002401702762017,5.5354294382319145,3.8520054738581084,2.7156791065684742,1.4476207707186823,-2.5997719156468966,-3.202638587425283,-2.6986652282291175,1.261414502119585,-0.3269323237645165,2.533765249247147,0.4991966803453324,2.0419121985233,-0.5921252499064154,-2.3929778830471053,-0.9916400952508495,-1.6844672878489448,-3.553782610469509,-2.765584740571862,-1.2871696167341184,1.7485978123021246,0.29468536696867337,0.7226786339325953,1.0253591245725195,0.3656951644050629,0.00116859003638262
0.8973687753419166,-0.9928379030431034,0.4477237672048614,0.25114993849228007,0.021148243519605564,-0.73113010606198,2.8029189897586098,-1.3334314459922523,-1.5271025298957779,-0.68311265355934,0.5049664079141193,4.213393187929842,2.519913575297131,-0.24886415562851769,1.0723979526682497,2.5025758641168148,1.8382351277994076,1.002401702762017,1.2358943314071813,4.948283207799206,3.207179117705735,1.9757410845919559,1.07985527176491,-2.2817674314810965,-2.888067610325419,-2.686643074437013,1.158290661836065,-0.5517120262178309,1.9105205595787718,0.5853188055190076,1.942695534815806,-0.8231790062666003,-2.487496091623855,-0.9635788966014798,-1.3288687633985248,-3.559277031296839,-2.4472118473086644,-1.4603761448759658,1.4877469369812935,0.2865567061825533,0.23950812948198863,0.7703653662838235,0.5566585657605353,-0.17901717330107395
7.3038329376138345,-9.927840205803921,3.4137376046152146,-0.3601028511139615,-1.6270977536990354,-6.3351500223860535,15.99017719757073,-7.764625798898099,-7.0354089871164796,0.6105715688051525,2.007587381308627,26.768435275296376,17.113990832842862,-0.5313495680929239,5.894400382049793,14.061797105864803,11.982990135800568,5.5354294382319145,4.948283207799206,31.384685025178243,21.447240943106877,16.951741113390735,8.874143719005188,-15.146124590255726,-18.17315114264752,-15.47108689424361,6.77686815971628,-2.2433743911356405,13.91535064674631,1.8435455279693473,12.974947537032822,-4.065889765265952,-13.44069859282373,-5.479892323371703,-8.317458000803457,-18.95569613349886,-16.173617784952423,-8.124973609986686,9.28592513893169,0.6988457651852831,4.163679648049743,6.236409220772094,0.738063492064432,0.5188224150090993
5.03195921325399,-7.105154207972993,2.636763812994682,-0.03810085775322206,-1.4099361175012755,-4.22891221002478,11.169687681663424,-5.228011079816466,-4.799901394936436,0.7380198743960031,1.303267827235915,18.412290980448656,11.763295451847398,-0.18448166265925145,4.1012986832648135,9.27748884219415,8.238546078803884,3.8520054738581084,3.207179117705735,21.447240943106877,15.052299141118224,11.751735078495297,6.174622234977488,-10.358066175148467,-12.403672244968467,-10.28583768837989,4.700378981046932,-1.223859759608197,9.956906904227514,1.3179871687433171,8.548305995499865,-2.3308025805319086,-8.78182176396446,-3.638468279623904,-6.153961604493117,-12.723992565914886,-11.005355850786941,-5.06248872858452,6.550160088016927,0.5451123270349685,3.2282431536951774,4.334535563927456,0.4916071382067921,0.4278176798667011
4.376208463699902,-6.190629382402452,1.8815473440975163,-0.8414927681176326,-1.2184756773038097,-3.9386093745250053,8.060354889316486,-4.0340406534779145,-3.0984210115513076,1.5416734714794116,0.7986988727744556,14.457823085673109,9.552180120176189,-0.0811002367953189,2.9036555568455635,7.249907846587343,6.523744870807544,2.7156791065684742,1.9757410845919559,16.951741113390735,11.751735078495297,10.326327643692672,5.304353662704281,-8.364544667837528,-9.789644232805843,-8.056443056714642,3.4827600993202474,-1.007180191825674,7.816835384511595,0.46433477697437026,7.353194910918769,-2.066323698696975,-6.764011638175257,-2.833783937108143,-4.289680846677079,-9.307943609146587,-8.951292358020416,-4.271621268693211,4.888836618476568,-0.0037416226479288113,2.798116914497688,3.7267739584978212,-0.376134444306967,0.6930300811175457
2.2577547620471643,-3.195284863191382,0.9932289925878031,-0.3661101045422172,-0.6348809248775031,-2.00460735520295,4.281091411856669,-2.1193250845064266,-1.678234197318045,0.7189666503903344,0.439926625522962,7.581785989271587,4.9810281557188905,-0.047206368513084705,1.5580219400808408,3.7977725600457064,3.4102468285047114,1.4476207707186823,1.07985527176491,8.874143719005188,6.174622234977488,5.304353662704281,2.7451693267627078,-4.36769545819694,-5.120035583657994,-4.229886278631962,1.845988981211327,-0.5122741114033937,4.1099116792799215,0.30003088449338844,3.794949737931762,-1.0502616169065382,-3.546828086186186,-1.4750992660053215,-2.308531711383497,-4.94217160643147,-4.66159336328261,-2.2116934301363123,2.5828754218136734,0.0331948936300745,1.4492919807179083,1.92266892633128,-0.12731663286068468,0.33008004778714994
-3.580904411995935,4.900860234995766,-1.6010945951685494,0.333923065309291,0.83915540067548,3.165936590151186,-7.595273794324375,3.741211810633649,3.2778920946229744,-0.46818838168026317,-0.928673345268524,-12.919244477346414,-8.296473529083583,0.22860378927685318,-2.7648151758185655,-6.747302028402509,-5.77875670537457,-2.5997719156468966,-2.2817674314810965,-15.146124590255726,-10.358066175148467,-8.364544667837528,-4.36769545819694,7.370277887927966,8.781615169076565,7.431830991256864,-3.2398495296338212,1.0963319550756385,-6.718975541065713,-0.7836921601125144,-6.36031930451713,1.9924335852124015,6.423075524531792,2.608653802130536,3.9300613339398582,8.98992087614638,7.8454134960323785,3.9376675851870093,-4.451966011504088,-0.25690725342231685,-2.077139475575528,-3.048716747356003,-0.20243414154709605,-0.32300071508467204
-4.1953808867644655,5.712083833424469,-1.9674777772817107,0.20657049501551036,0.9452335117695523,3.6685121241728007,-9.287019387567605,4.519234332619037,4.107569826435803,-0.31289753711831136,-1.1681346715840788,-15.493414362750793,-9.884155973540576,0.30820824383625156,-3.3868500929133645,-8.148359121962365,-6.938851540185438,-3.202638587425283,-2.888067610325419,-18.17315114264752,-12.403672244968467,-9.789644232805843,-5.120035583657994,8.781615169076565,10.54680347334459,8.945750463159687,-3.9310996901114885,1.3378963323250042,-8.017087670441825,-1.0639834945802746,-7.507027019941445,2.387460282239649,7.809077770075871,3.1799698506117435,4.7908236980887695,10.98760326535953,9.351791940987658,4.703406476231826,-5.392356381582941,-0.42416125195281934,-2.3944306940390345,-3.5867966683730037,-0.4324209490759925,-0.3012101829372252
-3.5436969681440753,4.515316286049917,-1.4230612938485567,0.2795795862609802,0.49245889883739075,3.1215343005730714,-7.74759169944491,3.8868126883233285,3.559367749847536,0.12823121931360507,-1.1032963132584042,-13.153825427710679,-8.384025463588948,0.44647161929921825,-2.929948729741499,-7.262879889474425,-5.836260331333093,-2.6986652282291175,-2.686643074437013,-15.47108689424361,-10.28583768837989,-8.056443056714642,-4.229886278631962,7.431830991256864,8.945750463159687,7.949841410986611,-3.3172394453888323,1.3527533045093658,-6.507127275033601,-0.9685795362206205,-6.639532944552541,2.3414582859806705,6.9679135507291585,2.772910457804437,3.8169249577260174,9.651461990145046,8.013335786371764,4.423449450542479,-4.415191891015971,-0.27998089736469656,-1.657341579646048,-2.9901745442834873,-0.48476556408803745,-0.11156576727164139
1.4994036882309068,-2.0618197300869054,0.8076097096356251,0.09638823623295913,-0.36562276653239356,-1.248489515690719,3.6311380018674857,-1.6927903709611969,-1.657818098529771,-0.019694130776357278,0.4695368709030837,5.811637110721937,3.653128859598507,-0.10724376566044865,1.337372804636455,3.0164085058791716,2.5912491115362815,1.261414502119585,1.158290661836065,6.77686815971628,4.700378981046932,3.4827600993202474,1.845988981211327,-3.2398495296338212,-3.9310996901114885,-3.3172394453888323,1.5175888829419362,-0.4526415081831097,3.0543381982482396,0.5104022731189952,2.6551869593111483,-0.7921215296339514,-2.8951900774836195,-1.1810993865716009,-1.9497237003062298,-4.205104431064024,-3.4373288471598413,-1.6482119165374458,2.0856375356184365,0.24188379000911228,0.8918849325700989,1.2950217397626167,0.30053043710226945,0.05521338566600379
-0.4482164444897436,0.36510445692379806,0.03499984323652698,0.2477177647781259,-0.14143754099742295,0.5358626020665948,-0.9856781708443675,0.6455680997982988,0.567159994528073,0.29499650068660366,-0.22878196945536775,-1.8587922998394664,-1.1478685288588466,0.19805292956542794,-0.3317790701647463,-1.3176973648485166,-0.8041473932751532,-0.3269323237645165,-0.5517120262178309,-2.2433743911356405,-1.223859759608197,-1.007180191825674,-0.5122741114033937,1.0963319550756385,1.3378963323250042,1.3527533045093658,-0.4526415081831097,0.5024994565255793,-0.579328178352607,-0.09986382762388431,-1.2156179561763543,0.6982747599344126,1.3002457044466256,0.44913831209410054,0.1993524463428303,1.5567666665420214,1.217054596343976,0.9930144957929883,-0.5247232384401945,0.021134764620111823,0.07258835442032964,-0.34630374876657305,-0.07302344302976946,0.044829349915720344
3.343115016369652,-4.88378528087379,1.884091874201025,0.05990909569084539,-1.0905805215687507,-2.725700017660817,7.297233241927308,-3.321284216371913,-3.018619738601411,0.774171989712842,0.7733711878709125,11.975125533426253,7.692360651425115,-0.010314971493184796,2.6982074672070224,5.813712139396207,5.387376826018576,2.533765249247147,1.9105205595787718,13.91535064674631,9.956906904227514,7.816835384511595,4.1099116792799215,-6.718975541065713,-8.017087670441825,-6.507127275033601,3.0543381982482396,-0.579328178352607,6.734952216845171,0.8396898460633339,5.392157179480858,-1.2584865352320265,-5.46468698403349,-2.313517375720951,-4.211513213395085,-8.083335005264844,-7.126795910539321,-3.0357605594219828,4.326152844878379,0.3788956316557915,2.351074218335657,2.8921558469815465,0.2604556057749493,0.35248887753859265
0.23651846727048192,-0.2812543409938833,0.3061370924710491,0.4059032486952762,-0.016658987085596474,-0.06186237854225349,1.319737123342829,-0.49826728370388473,-0.7649566007682492,-0.4635073057127262,0.23875251205883408,1.6134714902735119,0.8831494234654458,-0.07528109396618231,0.536592706132796,0.8840277870358991,0.6955345167455022,0.4991966803453324,0.5853188055190076,1.8435455279693473,1.3179871687433171,0.46433477697437026,0.30003088449338844,-0.7836921601125144,-1.0639834945802746,-0.9685795362206205,0.5104022731189952,-0.09986382762388431,0.8396898460633339,0.4113594895063304,0.46556617809315987,-0.12930302866018864,-0.8971799311380784,-0.36055751624804855,-0.7787485287698975,-1.5151276345877795,-0.8225248624632668,-0.3608186930307236,0.6751159261684163,0.2581218439706981,0.10281673544805668,0.22371940015266262,0.4457542106456258,-0.16151589624315182
3.1953406790651258,-4.084645538338517,1.0331659664006632,-0.7794814997730847,-0.46641330030783523,-2.9916199187383774,6.036799368580647,-3.2174923354289664,-2.5885970809213497,0.42966342206791336,0.8036807380345065,11.006676384319693,7.183085123158241,-0.3466398486938531,2.2315335967205074,6.069939868492714,4.88792953642585,2.0419121985233,1.942695534815806,12.974947537032822,8.548305995499865,7.353194910918769,3.794949737931762,-6.36031930451713,-7.507027019941445,-6.639532944552541,2.6551869593111483,-1.2156179561763543,5.392157179480858,0.46556617809315987,5.968525591980133,-2.1285361626502666,-5.735478443630219,-2.272050656293377,-2.838859915402858,-7.636079696156062,-6.893139991023709,-3.893443137382174,3.535251421552524,-0.05752164708866815,1.5023749535079842,2.669432178376125,-0.06471796846365242,0.298128985420746
-0.9156194066748214,0.9236681196966596,-0.04771058132498317,0.4009454065716299,-0.12853714283621354,0.9924536847538181,-1.7388482340559224,1.1026103384810668,0.885446452529495,0.24483155996434516,-0.3364954868917547,-3.3537561234733078,-2.154352154833436,0.27603145521831934,-0.6283086282808724,-2.2172292816059813,-1.4826916606171234,-0.5921252499064154,-0.8231790062666003,-4.065889765265952,-2.3308025805319086,-2.066323698696975,-1.0502616169065382,1.9924335852124015,2.387460282239649,2.3414582859806705,-0.7921215296339514,0.6982747599344126,-1.2584865352320265,-0.12930302866018864,-2.1285361626502666,1.0903767440977268,2.1878243010921,0.805631695083981,0.4810342053289222,2.6548382315021706,2.1890341445256167,1.650304681734967,-0.9547580254106244,0.048777047988359204,-0.09223021540646853,-0.7294845572725798,-0.034503276657568006,-0.0014309346710833677
-2.960377978360748,3.7146591620560603,-1.186407233954702,0.13984351393085043,0.3259663265976341,2.6469091496689696,-6.810588063180006,3.4456887010834087,3.2345301540549913,0.38639275805460277,-1.0036616377089855,-11.353072697219016,-7.175000956974059,0.4504993542948463,-2.5386472611224957,-6.422223297836837,-5.076399245529129,-2.3929778830471053,-2.487496091623855,-13.44069859282373,-8.78182176396446,-6.764011638175257,-3.546828086186186,6.423075524531792,7.809077770075871,6.9679135507291585,-2.8951900774836195,1.3002457044466256,-5.46468698403349,-0.8971799311380784,-5.735478443630219,2.1878243010921,6.27682090472973,2.48954342926707,3.195234759720982,8.606763827009898,6.903996441788501,3.954465491462718,-3.833463097859847,-0.35888626117246475,-1.2764900328095568,-2.4985321678849353,-0.5585483999062764,-0.03268482433863129
-1.2268412134378928,1.5983559139092613,-0.5632763348053048,-1.0666589216266793e-4,0.18880607586945272,1.0686772079669058,-2.8141180634930043,1.383032870599361,1.3028655443256487,0.06410170884006652,-0.38263573898049164,-4.6286699362481345,-2.9452875270868595,0.14566976400010584,-1.0486690110942232,-2.5428830296114437,-2.0863088048151512,-0.9916400952508495,-0.9635788966014798,-5.479892323371703,-3.638468279623904,-2.833783937108143,-1.4750992660053215,2.608653802130536,3.1799698506117435,2.772910457804437,-1.1810993865716009,0.44913831209410054,-2.313517375720951,-0.36055751624804855,-2.272050656293377,0.805631695083981,2.48954342926707,1.023385034987055,1.3804567046408887,3.449576212586096,2.79612971946526,1.5143069119603427,-1.5916570247119541,-0.16602235143905258,-0.6094131985442935,-1.0523905013606334,-0.21529840670235947,-0.03978197675212247
-1.8393936806660716,2.7755095478207643,-1.3395376633706204,-0.4915723982479948,0.7067404700888889,1.3274203994773404,-4.79636465930406,1.9962017834390915,2.1164693725187456,-0.15081739546161338,-0.5403754324530367,-7.239479857222909,-4.5189959619436415,-0.03024593307265713,-1.7994469517792935,-3.387307226711441,-3.228708147668566,-1.6844672878489448,-1.3288687633985248,-8.317458000803457,-6.153961604493117,-4.289680846677079,-2.308531711383497,3.9300613339398582,4.7908236980887695,3.8169249577260174,-1.9497237003062298,0.1993524463428303,-4.211513213395085,-0.7787485287698975,-2.838859915402858,0.4810342053289222,3.195234759720982,1.3804567046408887,2.955133340724125,5.070950012708001,4.119575449807053,1.5063646497149077,-2.782273412699586,-0.44031236873774887,-1.4366498986145049,-1.6362651113073496,-0.49510636408308406,-0.07996270323597217
-4.086885626088431,5.30482472923711,-1.9777988795263595,-0.2548257543433476,0.6402748688568305,3.441379472377455,-10.032799581834091,4.817939485296746,4.773675004267969,0.6210911499548551,-1.441410265789387,-16.123767919266886,-10.087258482089947,0.5240337161049468,-3.7760411312134816,-8.835612856521966,-7.193118190962959,-3.553782610469509,-3.559277031296839,-18.95569613349886,-12.723992565914886,-9.307943609146587,-4.94217160643147,8.98992087614638,10.98760326535953,9.651461990145046,-4.205104431064024,1.5567666665420214,-8.083335005264844,-1.5151276345877795,-7.636079696156062,2.6548382315021706,8.606763827009898,3.449576212586096,5.070950012708001,12.2388690948491,9.613796255098043,5.122254658612681,-5.645942207980207,-0.7091683509666993,-2.0084111229504433,-3.4857346254678707,-1.0532580493375827,0.026007384876471893
-3.8721136159002585,5.209298436143625,-1.6713612499983102,0.44722882719017143,0.8133770246847261,3.4170960668240338,-8.023152577745908,3.973025988577758,3.4556971748653367,-0.511991249208367,-1.0005247031617015,-13.799227245354691,-8.88978389300058,0.28826079705048585,-2.959907964106493,-7.28852709392328,-6.166436620838622,-2.765584740571862,-2.4472118473086644,-16.173617784952423,-11.005355850786941,-8.951292358020416,-4.66159336328261,7.8454134960323785,9.351791940987658,8.013335786371764,-3.4373288471598413,1.217054596343976,-7.126795910539321,-0.8225248624632668,-6.893139991023709,2.1890341445256167,6.903996441788501,2.79612971946526,4.119575449807053,9.613796255098043,8.440831751984996,4.318128096451839,-4.695022793748875,-0.2123872982173675,-2.1405349754580727,-3.279839776933152,-0.198545947364394,-0.3253967106791775
-1.908398759630871,2.1981242622494888,-0.43439434837594776,0.508331505416455,0.019493056432838277,1.8400050498617908,-3.709350397632682,2.0880948433105386,1.7425503165126903,0.16390853272626174,-0.6015098151161477,-6.815235185603216,-4.405550145949756,0.3813407369168956,-1.4155935859682627,-4.09442532262209,-3.0180972267342474,-1.2871696167341184,-1.4603761448759658,-8.124973609986686,-5.06248872858452,-4.271621268693211,-2.2116934301363123,3.9376675851870093,4.703406476231826,4.423449450542479,-1.6482119165374458,0.9930144957929883,-3.0357605594219828,-0.3608186930307236,-3.893443137382174,1.650304681734967,3.954465491462718,1.5143069119603427,1.5063646497149077,5.122254658612681,4.318128096451839,2.8050649367618696,-2.090716484569341,0.01786787606085869,-0.5794549800698999,-1.5626174887391937,-0.11595929228278437,-0.05258123270947773
2.076914201803619,-2.982254387494106,1.2156147942498172,0.17247506354054884,-0.6254607125252664,-1.7078920349531628,5.030617599814616,-2.293218297289618,-2.232243647363505,0.1489547912430839,0.5974339831602091,7.975105138928853,5.01851574029559,-0.07166060895386472,1.8205847766181278,4.001130678725177,3.581786748288188,1.7485978123021246,1.4877469369812935,9.28592513893169,6.550160088016927,4.888836618476568,2.5828754218136734,-4.451966011504088,-5.392356381582941,-4.415191891015971,2.0856375356184365,-0.5247232384401945,4.326152844878379,0.6751159261684163,3.535251421552524,-0.9547580254106244,-3.833463097859847,-1.5916570247119541,-2.782273412699586,-5.645942207980207,-4.695022793748875,-2.090716484569341,2.9262600315853,0.364861327616287,1.3794043350440608,1.80452129368531,0.36616326353119594,0.1323260879722108
-0.013029965103170348,-0.0724393130469906,0.2353851480422447,0.4078600206600061,-0.06360344527302007,0.11870215548450763,0.7192901181923174,-0.21248371902980315,-0.4326567709106764,-0.29953467359402103,0.10076380347074353,0.5857487212553881,0.24838157803492195,0.0051574527022610756,0.25550420712367755,0.26645923106311803,0.2999387983133555,0.29468536696867337,0.2865567061825533,0.6988457651852831,0.5451123270349685,-0.0037416226479288113,0.0331948936300745,-0.25690725342231685,-0.42416125195281934,-0.27998089736469656,0.24188379000911228,0.021134764620111823,0.3788956316557915,0.2581218439706981,-0.05752164708866815,0.048777047988359204,-0.35888626117246475,-0.16602235143905258,-0.44031236873774887,-0.7091683509666993,-0.2123872982173675,0.01786787606085869,0.364861327616287,0.2778217770646067,0.08116983246108668,0.01621485918973885,0.3301828646520109,-0.09414624335007916
1.1376550133838645,-1.9224178816999196,0.7541581819177906,-0.029905887840731157,-0.6275920008894881,-0.9166090468686148,2.1503980593019523,-0.9130881792726923,-0.6792083399368479,0.7974162189111456,0.08813667589351402,3.610296628122334,2.406608334114754,0.17655600262669774,0.7436434642259504,1.4174469345131417,1.6702646993842358,0.7226786339325953,0.23950812948198863,4.163679648049743,3.2282431536951774,2.798116914497688,1.4492919807179083,-2.077139475575528,-2.3944306940390345,-1.657341579646048,0.8918849325700989,0.07258835442032964,2.351074218335657,0.10281673544805668,1.5023749535079842,-0.09223021540646853,-1.2764900328095568,-0.6094131985442935,-1.4366498986145049,-2.0084111229504433,-2.1405349754580727,-0.5794549800698999,1.3794043350440608,0.08116983246108668,1.1173190059642115,1.0036718081737606,-0.1693716946206501,0.2955614593210267
1.5982509498732596,-2.2342580128590996,0.7119349811774215,-0.24008178393524224,-0.42117510390056145,-1.4001381098764438,3.010139165788087,-1.478323487119948,-1.1840484779120932,0.4963019947696777,0.31371583928204155,5.330283540569312,3.5141500781833543,-0.043140738124082215,1.1180715736255102,2.682857464324539,2.395107699341522,1.0253591245725195,0.7703653662838235,6.236409220772094,4.334535563927456,3.7267739584978212,1.92266892633128,-3.048716747356003,-3.5867966683730037,-2.9901745442834873,1.2950217397626167,-0.34630374876657305,2.8921558469815465,0.22371940015266262,2.669432178376125,-0.7294845572725798,-2.4985321678849353,-1.0523905013606334,-1.6362651113073496,-3.4857346254678707,-3.279839776933152,-1.5626174887391937,1.80452129368531,0.01621485918973885,1.0036718081737606,1.3658851170069148,-0.07216981744309127,0.2189250134680188
-0.11582234855673264,0.24776786761154967,0.17755988790223054,0.5632649590523134,0.12184644574840948,0.2633829040898952,0.8707101178621114,-0.2624048477749641,-0.6636692307699386,-0.7438405006349876,0.22282230689560095,0.646050335305442,0.20687432467453934,-0.10486281383736666,0.38182039267665946,0.46880160785500896,0.2697771237793913,0.3656951644050629,0.5566585657605353,0.738063492064432,0.4916071382067921,-0.376134444306967,-0.12731663286068468,-0.20243414154709605,-0.4324209490759925,-0.48476556408803745,0.30053043710226945,-0.07302344302976946,0.2604556057749493,0.4457542106456258,-0.06471796846365242,-0.034503276657568006,-0.5585483999062764,-0.21529840670235947,-0.49510636408308406,-1.0532580493375827,-0.198545947364394,-0.11595929228278437,0.36616326353119594,0.3301828646520109,-0.1693716946206501,-0.07216981744309127,0.5868475679315379,-0.2614549244559423
0.257051576778239,-0.4781858029472555,0.08591250901037777,-0.21065220870991638,-0.18299633025052697,-0.28074177777354264,0.087375364758616,-0.07925984731546387,0.12413025808506417,0.4519917221924844,-0.0767154054734689,0.43524325296389826,0.3766933004901736,0.08230590344114298,-0.012400117657841101,0.07843520580919688,0.22588791123785995,0.00116859003638262,-0.17901717330107395,0.5188224150090993,0.4278176798667011,0.6930300811175457,0.33008004778714994,-0.32300071508467204,-0.3012101829372252,-0.11156576727164139,0.05521338566600379,0.044829349915720344,0.35248887753859265,-0.16151589624315182,0.298128985420746,-0.0014309346710833677,-0.03268482433863129,-0.03978197675212247,-0.07996270323597217,0.026007384876471893,-0.3253967106791775,-0.05258123270947773,0.1323260879722108,-0.09414624335007916,0.2955614593210267,0.2189250134680188,-0.2614549244559423,0.16952703832325855
