V1,V2,V3,V4,V5,V6,V7,V8,V9,V10,V11,V12,V13,V14,V15,V16,V17,V18,V19,V20,V21,V22,V23,V24,V25,V26,V27,V28,V29,V30,V31,V32,V33,V34,V35,V36,V37,V38,V39,V40,V41,V42,V43
0.3448015818989989,0.0055919243770595475,0.40817048543491885,-0.07027322651764523,0.09990550444534582,-0.0930451315564174,-0.6922752146713635,1.2233001414429086,-0.21330561708168871,0.4682868079255437,-0.1469879155426931,0.9062580937816652,-0.22188333563797696,-0.3793755970774147,-0.2705399197080408,1.451993830265011,0.5428479594277468,-1.0875457359680627,0.6800409558866213,0.47927204829279807,0.6182905897900606,0.044303628828830315,-0.4501071660999138,0.06781185082577805,-0.9460178435214188,-0.6626710750382219,0.6141641460636773,0.6822047187676058,0.21376038034095665,-0.039790739035313154,-0.3066579647279623,-0.563591135683024,-0.20953628733286198,-0.3939276173781493,0.8113518195609317,-0.618045750473735,0.10904519757501428,-0.2979193854127289,0.2235319926562928,-0.6378670368124735,0.17969640714735147,-0.07158618771116405,-1.0517497768984343
0.0055919243770595475,0.09951728724116773,-0.27686117232446994,-0.37593172062343094,0.23369190735790676,-0.6893271329176784,0.19767558877734845,0.3025129392008822,-0.020153332124057066,0.6751889075764941,-0.4748347869978588,0.36809805471943174,-0.012564227051523354,-0.02761009511140779,0.3535980079782476,0.03949832899805211,-0.4154207227288375,0.30921365186219524,0.018447573453528477,-0.05697237760675929,-0.45775176822337804,-0.45368394915667115,0.2974899193863521,-0.21257761173993725,-0.0707445553758321,-0.3475123400451841,-0.06880559774291578,0.11546972604653298,0.020797917925136192,-0.028182012649031505,-0.13569007611548875,0.19707063617808393,0.26383645813386186,0.47689831940942895,-0.09769258584673791,-0.08086592622858545,0.6482749411200021,0.24094897598201673,0.02232587176852719,-0.08863503149469332,-0.13146474190678573,-0.4789023207549107,-0.002142702627319087
0.40817048543491885,-0.27686117232446994,1.2914516698852392,0.9854174789695272,-0.5434110177938578,1.8509595578035167,-1.4151375242732915,0.6421782429005557,-0.20490259679010073,-1.3491023217895026,1.1730521323792935,0.06520923915576696,-0.23709537333750055,-0.38792298567781786,-1.3409588256578022,1.6733886183665911,1.8521732545428433,-2.2193484563497927,0.7838770528170376,0.7519604400746381,2.0656662856033323,1.3480431446562713,-1.401856167039493,0.6895145048996396,-0.961925724335514,0.17572629698262662,0.9516233664751417,0.5099130162749422,0.2036390928490579,0.03140548953541745,0.009682931044728631,-1.2551249980375225,-1.0099867878708801,-1.8442754752799173,1.2765342371153388,-0.5296522090433423,-1.7142310014225042,-1.053442294710512,0.21128943781855236,-0.5318823642634882,0.595867977551044,1.2774035799970282,-1.2875789247390834
-0.07027322651764523,-0.37593172062343094,0.9854174789695272,1.427169711660616,-0.8951968904111502,2.6117965136211603,-0.64635145849826,-1.3149771612723675,0.10642477094059666,-2.612078608921293,1.810952957406647,-1.5169567657939373,0.07903305852024699,0.15822804372345806,-1.2943351338529216,-0.35615231448440077,1.4885190141420834,-1.0104130974394483,-0.1665962000271617,0.14635487995126145,1.6373224829059765,1.7039100139816705,-1.0571868033158935,0.7916628932123457,0.40172252051836815,1.4045994809531155,0.17171345222531403,-0.5326527531589815,-0.10889889032234606,0.11192707996216039,0.5552837171396269,-0.6624448003656273,-0.9646587107655584,-1.7415216293258766,0.2524674161858649,0.3930436418043114,-2.45934356301375,-0.865777736373752,-0.11606956107967407,0.4251705971137848,0.4699272050028081,1.815514438076003,0.15819573912299603
0.09990550444534582,0.23369190735790676,-0.5434110177938578,-0.8951968904111502,0.5706505608434929,-1.632438065862069,0.2869852644342486,1.014323241275109,-0.10078170197229244,1.6939876686149136,-1.145381747078246,1.0875322352027867,-0.08522573756080348,-0.16002814106794738,0.7571969424628714,0.4580295623245169,-0.8329004600962537,0.44776398903928843,0.21438223378111504,-0.012228728352278282,-0.9126962083885529,-1.0478084139727988,0.5809835140297199,-0.47910540060486206,-0.4034817978199647,-0.9781137016250044,-0.005868936561264182,0.44140706846364985,0.10239355820741797,-0.07581553728256259,-0.3939897965725209,0.3179980295867772,0.5630367214135884,1.0139140329497596,-0.02362007648617022,-0.34445971714419366,1.5406602006775734,0.48736316639940036,0.10842884196808955,-0.3675983519020549,-0.26158274097259254,-1.1358681621044078,-0.2699849803934753
-0.0930451315564174,-0.6893271329176784,1.8509595578035167,2.6117965136211603,-1.632438065862069,4.7834605023319385,-1.2583415181968256,-2.2857269638993887,0.1730780938736161,-4.744840270120629,3.308113458068375,-2.6894442049976512,0.12192365227728466,0.2508400331185971,-2.40355060242875,-0.5022509983164077,2.7882883630860853,-1.9676434060430859,-0.2348672002026847,0.31854596734105717,3.0692405971601207,3.131625505585055,-1.9870548843179452,1.459918547965097,0.6386282384225275,2.508633509321949,0.37913455372885113,-0.9064086200736698,-0.17757660843700304,0.2012508098260519,0.987092149326392,-1.2744576348429337,-1.7921883384794013,-3.2370751485633242,0.5478886032815159,0.6568928075654656,-4.501991955301096,-1.619903772715386,-0.18971576958611525,0.7137809173177219,0.881143887646475,3.3243609322086503,0.1806983847151996
-0.6922752146713635,0.19767558877734845,-1.4151375242732915,-0.64635145849826,0.2869852644342486,-1.2583415181968256,1.8289181934174377,-1.8622989094548166,0.3931940436667776,0.46241009443481507,-0.6975093149031714,-1.0771228546460818,0.42665263490547556,0.7166435331460972,1.2953606852409554,-2.88190338031705,-1.9812672746992954,2.8703449999873607,-1.3498141659129452,-1.0983459859395583,-2.2242679040878057,-1.0436969557649909,1.5441415177862867,-0.5851065352436535,1.78306717876686,0.622978808646285,-1.3986382559120605,-1.150416394132808,-0.39277980466033624,0.02205496912010442,0.34107889753670023,1.5648758170169703,0.9822166062432613,1.8063537043617937,-1.8619715713000424,1.092088261312268,1.1393895383480321,1.1145538393904606,-0.40951297622661575,1.1162543078013265,-0.6431566556465396,-0.8600524140581594,2.1430913018799873
1.2233001414429086,0.3025129392008822,0.6421782429005557,-1.3149771612723675,1.014323241275109,-2.2857269638993887,-1.8622989094548166,5.144064600345574,-0.8042776730148343,3.5596424241457467,-1.8648358940701784,4.220267708109089,-0.812725624575578,-1.4070484262006575,0.05795161312626153,5.197153433699369,0.7198547714603211,-2.9293161825756604,2.4338783695540593,1.5164112946077004,0.8637125162626197,-1.1347664167827232,-0.7304332556927456,-0.36692975338135325,-3.5140743458259487,-3.308715865093033,1.9551330537549083,2.71736571794047,0.8076804635061907,-0.21951308606255765,-1.459711343183684,-1.413356349432084,0.016330354921238837,-0.02355557816756706,2.5635276844689123,-2.3942567329997275,2.22509288856666,-0.358181594855623,0.8462625567998621,-2.485795263284669,0.2555190340889646,-1.6122958280980677,-3.689259659845742
-0.21330561708168871,-0.020153332124057066,-0.20490259679010073,0.10642477094059666,-0.10078170197229244,0.1730780938736161,0.3931940436667776,-0.8042776730148343,0.13477581008595732,-0.4018446658457524,0.17029082417646946,-0.6200150863437545,0.13877494989013697,0.238305125071976,0.10723989028375766,-0.9009637317528982,-0.26458235339572705,0.6179159954091175,-0.4219540042789676,-0.2856310257974411,-0.3039406192982769,0.04891082783394348,0.22726661927186181,-0.0060635122479840925,0.5945690952115548,0.46653484283291746,-0.366724019349289,-0.4395831027393791,-0.13514665232962228,0.029247322374198356,0.21166977998780856,0.31403256779282634,0.08474927012497087,0.1625293820312308,-0.48332728593309415,0.39425783730632036,-0.1760457127650422,0.14302393113367864,-0.14143390707286163,0.40777043047452427,-0.08860039213742409,0.12452970879676696,0.6481637865562715
0.4682868079255437,0.6751889075764941,-1.3491023217895026,-2.612078608921293,1.6939876686149136,-4.744840270120629,0.46241009443481507,3.5596424241457467,-0.4018446658457524,5.11878930411986,-3.3720394215774623,3.6039193542574703,-0.36157563089318157,-0.6593691182038942,2.0363173438805435,2.0793200333261357,-2.1112279938560143,0.717555369735286,0.9734687450520885,0.21624475900555515,-2.301205258897243,-2.9909971273092033,1.4352063733701859,-1.3426720921453126,-1.6569805821206671,-3.161393878815304,0.3053001898810718,1.6276685861261242,0.4066845712601091,-0.23897192087987942,-1.2942581222152783,0.6191342805313403,1.509771255599376,2.710082282127078,0.35768796320029406,-1.3151483394522052,4.489219292013525,1.245710795675496,0.429194811856331,-1.3920965669691572,-0.6582327888430751,-3.3051260968067777,-1.328408852091721
-0.1469879155426931,-0.4748347869978588,1.1730521323792935,1.810952957406647,-1.145381747078246,3.308113458068375,-0.6975093149031714,-1.8648358940701784,0.17029082417646946,-3.3720394215774623,2.307735947402063,-2.0657409979762487,0.13721116480452591,0.26371850981199585,-1.5857780638086745,-0.6949062908427113,1.784435259038058,-1.089481637630707,-0.3251951244886665,0.10330741505611481,1.9592327455440066,2.1403952225729483,-1.2564194095211765,0.9864622817917441,0.6666452949224805,1.8828495032678145,0.11242664169239064,-0.7870031649849728,-0.1734794421089698,0.1478333484637351,0.7519179761770323,-0.7395937309938811,-1.1805262336187923,-2.1285880456462514,0.18082094196911316,0.6001505133591226,-3.1186486393264734,-1.040914032509901,-0.1841790577470722,0.6440055418373463,0.5619382544079025,2.3007134868753485,0.37757021740950364
0.9062580937816652,0.36809805471943174,0.06520923915576696,-1.5169567657939373,1.0875322352027867,-2.6894442049976512,-1.0771228546460818,4.220267708109089,-0.6200150863437545,3.6039193542574703,-2.0657409979762487,3.6383157709214378,-0.6150797454138894,-1.0734658040739462,0.5613700417947228,3.873330168464684,-0.08107073576653845,-1.6967886809939277,1.8138426165067105,1.0296469439087281,-0.03757174885479293,-1.4987421900450106,-0.09973454034180741,-0.5812817762139605,-2.6835838508093994,-2.9389183612273584,1.3343608487634653,2.164319377945175,0.6234541068323931,-0.20250409060193034,-1.2707124416545788,-0.748428335721163,0.3991068988180806,0.6824458782957994,1.738613044917064,-1.8763392682235782,2.5846998919252666,0.09058612924474038,0.6540245235335188,-1.9549429001321943,-0.005310605031153364,-1.8863116275370868,-2.7115317436267397
-0.22188333563797696,-0.012564227051523354,-0.23709537333750055,0.07903305852024699,-0.08522573756080348,0.12192365227728466,0.42665263490547556,-0.812725624575578,0.13877494989013697,-0.36157563089318157,0.13721116480452591,-0.6150797454138894,0.14359846397951057,0.2460722433961015,0.1418026159717764,-0.9358340068034412,-0.3110641557352272,0.6703739850059622,-0.4382905972885676,-0.30258326333112,-0.35568423642072855,0.012482626059553322,0.26216137236429704,-0.024364714762614082,0.6137868602307102,0.4568273790736239,-0.3881255939669548,-0.4484318816447135,-0.1391194306868519,0.0280930737502566,0.20913815508713474,0.3440825525129551,0.11073345820134013,0.20990352284994987,-0.5121228862932244,0.40411387820637246,-0.12849489985985776,0.1695467165489381,-0.14553646892995267,0.417545777137863,-0.10351519268209705,0.08916405278753926,0.67548161392112
-0.3793755970774147,-0.02761009511140779,-0.38792298567781786,0.15822804372345806,-0.16002814106794738,0.2508400331185971,0.7166435331460972,-1.4070484262006575,0.238305125071976,-0.6593691182038942,0.26371850981199585,-1.0734658040739462,0.2460722433961015,0.4220697683689459,0.22041122642038555,-1.6011217946259382,-0.5057350763804767,1.1260952121830128,-0.7498585693293055,-0.5133848537241433,-0.5793507983946424,0.04933030172615133,0.42948143372728226,-0.028493467273603523,1.0528930430474859,0.8018492747959383,-0.6587783267950013,-0.7731910321885724,-0.23894167795295426,0.04973650642399972,0.36564266365859016,0.5756270552700213,0.17288540128428598,0.3291280439760409,-0.8688203396376077,0.6953371939083621,-0.259541632233286,0.27474669388589745,-0.24999110916268305,0.7187633130507737,-0.16872484696241727,0.18188173009706374,1.1540489265017366
-0.2705399197080408,0.3535980079782476,-1.3409588256578022,-1.2943351338529216,0.7571969424628714,-2.40355060242875,1.2953606852409554,0.05795161312626153,0.10723989028375766,2.0363173438805435,-1.5857780638086745,0.5613700417947228,0.1418026159717764,0.22041122642038555,1.5012495249065767,-1.081860618117167,-1.953400367485016,2.0301835802759034,-0.5068670735456369,-0.6091738889510061,-2.1694229851309363,-1.6708933581156027,1.4506005696282853,-0.822572828447692,0.5427892017097212,-0.6926166584574007,-0.7654968826213799,-0.15936714024081666,-0.1053310461625621,-0.06792702712135365,-0.23005288856693143,1.1846985412661557,1.1266225028082097,2.049211436257664,-1.0357452835835341,0.22986373199315846,2.242246361016485,1.1187070235587036,-0.10804424387401325,0.21860024432640948,-0.6248492998008288,-1.6640012655044025,0.8789376979259907
1.451993830265011,0.03949832899805211,1.6733886183665911,-0.35615231448440077,0.4580295623245169,-0.5022509983164077,-2.88190338031705,5.197153433699369,-0.9009637317528982,2.0793200333261357,-0.6949062908427113,3.873330168464684,-0.9358340068034412,-1.6011217946259382,-1.081860618117167,6.117476217123105,2.217971871142198,-4.527504308480283,2.8650349923621707,2.008000449898136,2.5287189416962077,0.11364028526292523,-1.8466404240705965,0.2512728741232068,-3.9929340148333776,-2.844825482967235,2.5738025864673393,2.8897912268720347,0.9029773704366034,-0.1720379065232408,-1.3124398690522143,-2.3403818096356805,-0.8395695962104975,-1.5813407746990602,3.399067071436983,-2.614154126568377,0.5630676200806487,-1.2151249312324048,0.9443513369184798,-2.698863742895754,0.7352149127322696,-0.3781446710753995,-4.426887005861242
0.5428479594277468,-0.4154207227288375,1.8521732545428433,1.4885190141420834,-0.8329004600962537,2.7882883630860853,-1.9812672746992954,0.7198547714603211,-0.26458235339572705,-2.1112279938560143,1.784435259038058,-0.08107073576653845,-0.3110641557352272,-0.5057350763804767,-1.953400367485016,2.217971871142198,2.6647421616508487,-3.106836838941844,1.0389994157868134,1.030820514478637,2.9693625550028586,2.008603147298313,-2.0091303986738973,1.0184803706075078,-1.2530163880727188,0.3936097303412893,1.303017203714934,0.6285966009837353,0.2626047369749043,0.05484189164990417,0.07494768618629034,-1.7671792997370956,-1.4701357019610497,-2.682282609451358,1.7503731996297098,-0.6707823799389393,-2.586823945266171,-1.5177298112145226,0.27212426241508636,-0.6702106647574282,0.8562903714322511,1.9257348641346832,-1.719510070551488
-1.0875457359680627,0.30921365186219524,-2.2193484563497927,-1.0104130974394483,0.44776398903928843,-1.9676434060430859,2.8703449999873607,-2.9293161825756604,0.6179159954091175,0.717555369735286,-1.089481637630707,-1.6967886809939277,0.6703739850059622,1.1260952121830128,2.0301835802759034,-4.527504308480283,-3.106836838941844,4.504825763621198,-2.120592527949579,-1.7245782997485353,-3.4879933967345598,-1.6335501461871957,2.4217063800489895,-0.9163309119398435,2.8018289610267435,0.9831363252333312,-2.1961391058104374,-1.8086217846397288,-0.6172690523052544,0.03500426048932764,0.5375488287204012,2.4555907431125856,1.5394469094591658,2.831269082311507,-2.923587004281048,1.71656024356031,1.7813413553556832,1.7476492492155378,-0.6435776561893634,1.7546103121067655,-1.0085723543645437,-1.3447391949023948,3.366479906249926
0.6800409558866213,0.018447573453528477,0.7838770528170376,-0.1665962000271617,0.21438223378111504,-0.2348672002026847,-1.3498141659129452,2.4338783695540593,-0.4219540042789676,0.9734687450520885,-0.3251951244886665,1.8138426165067105,-0.4382905972885676,-0.7498585693293055,-0.5068670735456369,2.8650349923621707,1.0389994157868134,-2.120592527949579,1.341817930045916,0.9404572728390745,1.1845509769212768,0.053456713214786226,-0.8650138496163312,0.11779641561194927,-1.87001602961044,-1.3321645022305835,1.2054589649786858,1.353342749661609,0.422896298634242,-0.08055151280714311,-0.6145977725767622,-1.0961984323173475,-0.3933311373305648,-0.7408642196106263,1.5919818054499923,-1.224280074329598,0.26335777363336393,-0.5692337454644332,0.4422719803040429,-1.263941013053943,0.3443947570834251,-0.17685316106367716,-2.0732946998177844
0.47927204829279807,-0.05697237760675929,0.7519604400746381,0.14635487995126145,-0.012228728352278282,0.31854596734105717,-1.0983459859395583,1.5164112946077004,-0.2856310257974411,0.21624475900555515,0.10330741505611481,1.0296469439087281,-0.30258326333112,-0.5133848537241433,-0.6091738889510061,2.008000449898136,1.030820514478637,-1.7245782997485353,0.9404572728390745,0.7083842877567694,1.1640599398568017,0.3574787906133289,-0.8241503945227084,0.2333999250608411,-1.2789595830245215,-0.7018742864360898,0.9050151282729665,0.8803353191538967,0.28584902407398016,-0.03739405510397906,-0.34116007423267386,-0.9177090748848545,-0.4652956142488502,-0.8622731665849848,1.200008517362102,-0.8129880096347476,-0.26938492070056663,-0.5741519978812132,0.2985402533615224,-0.8357024014383371,0.33730050458146277,0.21158519686025498,-1.4717133117642294
0.6182905897900606,-0.45775176822337804,2.0656662856033323,1.6373224829059765,-0.9126962083885529,3.0692405971601207,-2.2242679040878057,0.8637125162626197,-0.3039406192982769,-2.301205258897243,1.9592327455440066,-0.03757174885479293,-0.35568423642072855,-0.5793507983946424,-2.1694229851309363,2.5287189416962077,2.9693625550028586,-3.4879933967345598,1.1845509769212768,1.1640599398568017,3.3095751819216104,2.2173599001828865,-2.2411428952643973,1.126922326781032,-1.4357567899380643,0.39612861958302764,1.4719125258849006,0.7321456536922404,0.30178622140143,0.05819417952963894,0.06510790208843344,-1.9808413467823098,-1.6330602886657994,-2.980191547006746,1.976472474064748,-0.7749887328869746,-2.8461710147395154,-1.6905814588111379,0.31284219964846866,-0.7754947780516135,0.9544828038691946,2.1193565751105212,-1.9561890021466772
0.044303628828830315,-0.45368394915667115,1.3480431446562713,1.7039100139816705,-1.0478084139727988,3.131625505585055,-1.0436969557649909,-1.1347664167827232,0.04891082783394348,-2.9909971273092033,2.1403952225729483,-1.4987421900450106,0.012482626059553322,0.04933030172615133,-1.6708933581156027,0.11364028526292523,2.008603147298313,-1.6335501461871957,0.053456713214786226,0.3574787906133289,2.2173599001828865,2.0824874901371326,-1.450826008592206,0.9852914591992384,0.1316854357838181,1.454023443378472,0.4388876707375178,-0.3895222867594133,-0.05173640873527734,0.12074567307899468,0.5580406043724762,-1.0148654670739354,-1.2482861875630216,-2.259406916595543,0.6108668501456496,0.24437047339431467,-2.9407626682701626,-1.1615738649108096,-0.05676318265647365,0.2758694044556366,0.6372539988677921,2.1742666949639817,-0.20328029837125863
-0.4501071660999138,0.2974899193863521,-1.401856167039493,-1.0571868033158935,0.5809835140297199,-1.9870548843179452,1.5441415177862867,-0.7304332556927456,0.22726661927186181,1.4352063733701859,-1.2564194095211765,-0.09973454034180741,0.26216137236429704,0.42948143372728226,1.4506005696282853,-1.8466404240705965,-2.0091303986738973,2.4217063800489895,-0.8650138496163312,-0.8241503945227084,-2.2411428952643973,-1.450826008592206,1.5219463144780516,-0.7435587812307415,1.0651520507323402,-0.1672787288063734,-1.0432250406952717,-0.5705453218932678,-0.22593075065690238,-0.03246058030930535,-3.8665132539675913e-4,1.3678941396057187,1.0927657469464502,1.995778709391194,-1.3990007279607761,0.5896569773095883,1.8395142108548883,1.1423544786408302,-0.23447097792285573,0.592711457421753,-0.6465377551450205,-1.3710913912412968,1.41873731408312
0.06781185082577805,-0.21257761173993725,0.6895145048996396,0.7916628932123457,-0.47910540060486206,1.459918547965097,-0.5851065352436535,-0.36692975338135325,-0.0060635122479840925,-1.3426720921453126,0.9864622817917441,-0.5812817762139605,-0.024364714762614082,-0.028493467273603523,-0.822572828447692,0.2512728741232068,1.0184803706075078,-0.9163309119398435,0.11779641561194927,0.2333999250608411,1.126922326781032,0.9852914591992384,-0.7435587812307415,0.4725606207121613,-0.06697435128704846,0.5934422536106512,0.290063523622021,-0.0902173568760948,0.004797441697271676,0.051356499050146075,0.22062384693438597,-0.5540141501755539,-0.6155319844512301,-1.1161247481139378,0.397798755974246,0.03070488838736009,-1.3679908576622193,-0.5868080026855106,0.003764883137886382,0.042813534433465916,0.3241404582944713,1.012662879336834,-0.23889209982530854
-0.9460178435214188,-0.0707445553758321,-0.961925724335514,0.40172252051836815,-0.4034817978199647,0.6386282384225275,1.78306717876686,-3.5140743458259487,0.5945690952115548,-1.6569805821206671,0.6666452949224805,-2.6835838508093994,0.6137868602307102,1.0528930430474859,0.5427892017097212,-3.9929340148333776,-1.2530163880727188,2.8018289610267435,-1.87001602961044,-1.2789595830245215,-1.4357567899380643,0.1316854357838181,1.0651520507323402,-0.06697435128704846,2.6265998743535084,2.005956330930312,-1.6412504496970897,-1.930049442079402,-0.5961594974110602,0.1245558324836596,0.9142754699624666,1.4314681700307663,0.42601399247751653,0.8114908679474558,-2.1644075337118314,1.7352720687239258,-0.6595466375638128,0.6804207524689728,-0.6237436185276907,1.7938337413023977,-0.4181732700463624,0.46266496775560345,2.8774963818428394
-0.6626710750382219,-0.3475123400451841,0.17572629698262662,1.4045994809531155,-0.9781137016250044,2.508633509321949,0.622978808646285,-3.308715865093033,0.46653484283291746,-3.161393878815304,1.8828495032678145,-2.9389183612273584,0.4568273790736239,0.8018492747959383,-0.6926166584574007,-2.844825482967235,0.3936097303412893,0.9831363252333312,-1.3321645022305835,-0.7018742864360898,0.39612861958302764,1.454023443378472,-0.1672787288063734,0.5934422536106512,2.005956330930312,2.4144066855100617,-0.9136346359326716,-1.6648707997363776,-0.46953343813336884,0.16977863457716022,1.032188387684757,0.38475103350862355,-0.5024402495797478,-0.8798948194232794,-1.1839467474117564,1.427849603389006,-2.399489042742369,-0.25993717397143273,-0.4929796123236521,1.4911942061233954,0.10978794546442609,1.7558192374851829,1.9709712842650187
0.6141641460636773,-0.06880559774291578,0.9516233664751417,0.17171345222531403,-0.005868936561264182,0.37913455372885113,-1.3986382559120605,1.9551330537549083,-0.366724019349289,0.3053001898810718,0.11242664169239064,1.3343608487634653,-0.3881255939669548,-0.6587783267950013,-0.7654968826213799,2.5738025864673393,1.303017203714934,-2.1961391058104374,1.2054589649786858,0.9050151282729665,1.4719125258849006,0.4388876707375178,-1.0432250406952717,0.290063523622021,-1.6412504496970897,-0.9136346359326716,1.1563991669317544,1.1325053112138193,0.36703371989455086,-0.04907958567485996,-0.4427006555951523,-1.1672762649204025,-0.5849505987288832,-1.0845358146180237,1.5330585464714714,-1.044787583275124,-0.31789060719536477,-0.7253652661957902,0.38335219470276993,-1.0742091028644023,0.4265494773785483,0.2509510596847381,-1.8852839780154502
0.6822047187676058,0.11546972604653298,0.5099130162749422,-0.5326527531589815,0.44140706846364985,-0.9064086200736698,-1.150416394132808,2.71736571794047,-0.4395831027393791,1.6276685861261242,-0.7870031649849728,2.164319377945175,-0.4484318816447135,-0.7731910321885724,-0.15936714024081666,2.8897912268720347,0.6285966009837353,-1.8086217846397288,1.353342749661609,0.8803353191538967,0.7321456536922404,-0.3895222867594133,-0.5705453218932678,-0.0902173568760948,-1.930049442079402,-1.6648707997363776,1.1325053112138193,1.4595131838006015,0.4411484728304905,-0.10767333200094209,-0.7440524371195352,-0.8986114717339314,-0.13398635806003686,-0.27191155039821757,1.4889742494761296,-1.2972898378548112,0.8947164468315585,-0.3313490304563326,0.46192444322070975,-1.3443495335272209,0.21445339099883104,-0.6433326157490035,-2.0653990566184595
0.21376038034095665,0.020797917925136192,0.2036390928490579,-0.10889889032234606,0.10239355820741797,-0.17757660843700304,-0.39277980466033624,0.8076804635061907,-0.13514665232962228,0.4066845712601091,-0.1734794421089698,0.6234541068323931,-0.1391194306868519,-0.23894167795295426,-0.1053310461625621,0.9029773704366034,0.2626047369749043,-0.6172690523052544,0.422896298634242,0.28584902407398016,0.30178622140143,-0.05173640873527734,-0.22593075065690238,0.004797441697271676,-0.5961594974110602,-0.46953343813336884,0.36703371989455086,0.4411484728304905,0.13554909117970448,-0.029471517965634207,-0.21290390864596517,-0.3134665719574323,-0.08332781276498914,-0.15998274113930955,0.4836909899890552,-0.3955146458065303,0.1802991510991668,-0.14185820363062918,0.1418382143338865,-0.4091050326750689,0.0879861703597658,-0.12764818460059132,-0.6494526939628635
-0.039790739035313154,-0.028182012649031505,0.03140548953541745,0.11192707996216039,-0.07581553728256259,0.2012508098260519,0.02205496912010442,-0.21951308606255765,0.029247322374198356,-0.23897192087987942,0.1478333484637351,-0.20250409060193034,0.0280930737502566,0.04973650642399972,-0.06792702712135365,-0.1720379065232408,0.05484189164990417,0.03500426048932764,-0.08055151280714311,-0.03739405510397906,0.05819417952963894,0.12074567307899468,-0.03246058030930535,0.051356499050146075,0.1245558324836596,0.16977863457716022,-0.04907958567485996,-0.10767333200094209,-0.029471517965634207,0.012228445693327554,0.07160691191286804,0.007942381710001846,-0.0498279436318411,-0.08839428021234397,-0.06295397163507518,0.09096529455451888,-0.19166357001633286,-0.0336933422437298,-0.03098190522787299,0.0953200754544211,0.016474865044185456,0.1405861492917813,0.1172790755785192
-0.3066579647279623,-0.13569007611548875,0.009682931044728631,0.5552837171396269,-0.3939897965725209,0.987092149326392,0.34107889753670023,-1.459711343183684,0.21166977998780856,-1.2942581222152783,0.7519179761770323,-1.2707124416545788,0.20913815508713474,0.36564266365859016,-0.23005288856693143,-1.3124398690522143,0.07494768618629034,0.5375488287204012,-0.6145977725767622,-0.34116007423267386,0.06510790208843344,0.5580406043724762,-3.8665132539675913e-4,0.22062384693438597,0.9142754699624666,1.032188387684757,-0.4427006555951523,-0.7440524371195352,-0.21290390864596517,0.07160691191286804,0.4446294957223017,0.23015723874768176,-0.1649831683498,-0.2850520960949006,-0.5758931962646382,0.6428430651566361,-0.9470192911289471,-0.05817611930380734,-0.22340440363642175,0.670279974155025,0.01685007424238594,0.6917976487749259,0.9158566283461707
-0.563591135683024,0.19707063617808393,-1.2551249980375225,-0.6624448003656273,0.3179980295867772,-1.2744576348429337,1.5648758170169703,-1.413356349432084,0.31403256779282634,0.6191342805313403,-0.7395937309938811,-0.748428335721163,0.3440825525129551,0.5756270552700213,1.1846985412661557,-2.3403818096356805,-1.7671792997370956,2.4555907431125856,-1.0961984323173475,-0.9177090748848545,-1.9808413467823098,-1.0148654670739354,1.3678941396057187,-0.5540141501755539,1.4314681700307663,0.38475103350862355,-1.1672762649204025,-0.8986114717339314,-0.3134665719574323,0.007942381710001846,0.23015723874768176,1.3489407863773688,0.8967756897495854,1.6462535371041949,-1.5561432518984053,0.8633265247028925,1.1626032767946402,0.9967140324711665,-0.3265902198957718,0.8802918038506415,-0.5724484710733135,-0.8738413450170455,1.750131258161992
-0.20953628733286198,0.26383645813386186,-1.0099867878708801,-0.9646587107655584,0.5630367214135884,-1.7921883384794013,0.9822166062432613,0.016330354921238837,0.08474927012497087,1.509771255599376,-1.1805262336187923,0.3991068988180806,0.11073345820134013,0.17288540128428598,1.1266225028082097,-0.8395695962104975,-1.4701357019610497,1.5394469094591658,-0.3933311373305648,-0.4652956142488502,-1.6330602886657994,-1.2482861875630216,1.0927657469464502,-0.6155319844512301,0.42601399247751653,-0.5024402495797478,-0.5849505987288832,-0.13398635806003686,-0.08332781276498914,-0.0498279436318411,-0.1649831683498,0.8967756897495854,0.8456389196097507,1.538386298685522,-0.7910299014343352,0.18519504234906653,1.6714117525306305,0.841651633228273,-0.08557375313042255,0.17722636106093015,-0.470405199194383,-1.2405855505648797,0.6792698345914836
-0.3939276173781493,0.47689831940942895,-1.8442754752799173,-1.7415216293258766,1.0139140329497596,-3.2370751485633242,1.8063537043617937,-0.02355557816756706,0.1625293820312308,2.710082282127078,-2.1285880456462514,0.6824458782957994,0.20990352284994987,0.3291280439760409,2.049211436257664,-1.5813407746990602,-2.682282609451358,2.831269082311507,-0.7408642196106263,-0.8622731665849848,-2.980191547006746,-2.259406916595543,1.995778709391194,-1.1161247481139378,0.8114908679474558,-0.8798948194232794,-1.0845358146180237,-0.27191155039821757,-0.15998274113930955,-0.08839428021234397,-0.2850520960949006,1.6462535371041949,1.538386298685522,2.799241514028587,-1.4657799868849102,0.36174576781285966,3.017985542488452,1.5350618951130126,-0.1644665559332962,0.34818957652304994,-0.8585031949290026,-2.240456213815555,1.2740942600865914
0.8113518195609317,-0.09769258584673791,1.2765342371153388,0.2524674161858649,-0.02362007648617022,0.5478886032815159,-1.8619715713000424,2.5635276844689123,-0.48332728593309415,0.35768796320029406,0.18082094196911316,1.738613044917064,-0.5121228862932244,-0.8688203396376077,-1.0357452835835341,3.399067071436983,1.7503731996297098,-2.923587004281048,1.5919818054499923,1.200008517362102,1.976472474064748,0.6108668501456496,-1.3990007279607761,0.397798755974246,-2.1644075337118314,-1.1839467474117564,1.5330585464714714,1.4889742494761296,0.4836909899890552,-0.06295397163507518,-0.5758931962646382,-1.5561432518984053,-0.7910299014343352,-1.4657799868849102,2.032848345411824,-1.3753941556914708,-0.46415409746111475,-0.9750539628285521,0.5051542211414316,-1.413747059650294,0.5726880973636099,0.36418268966614314,-2.491598404270067
-0.618045750473735,-0.08086592622858545,-0.5296522090433423,0.3930436418043114,-0.34445971714419366,0.6568928075654656,1.092088261312268,-2.3942567329997275,0.39425783730632036,-1.3151483394522052,0.6001505133591226,-1.8763392682235782,0.40411387820637246,0.6953371939083621,0.22986373199315846,-2.614154126568377,-0.6707823799389393,1.71656024356031,-1.224280074329598,-0.8129880096347476,-0.7749887328869746,0.24437047339431467,0.5896569773095883,0.03070488838736009,1.7352720687239258,1.427849603389006,-1.044787583275124,-1.2972898378548112,-0.3955146458065303,0.09096529455451888,0.6428430651566361,0.8633265247028925,0.18519504234906653,0.36174576781285966,-1.3753941556914708,1.1583563554426914,-0.6561607646765809,0.3588787376421401,-0.41401364608150165,1.1992004895548911,-0.22636862573664399,0.4687385386870567,1.8746832684679648
0.10904519757501428,0.6482749411200021,-1.7142310014225042,-2.45934356301375,1.5406602006775734,-4.501991955301096,1.1393895383480321,2.22509288856666,-0.1760457127650422,4.489219292013525,-3.1186486393264734,2.5846998919252666,-0.12849489985985776,-0.259541632233286,2.242246361016485,0.5630676200806487,-2.586823945266171,1.7813413553556832,0.26335777363336393,-0.26938492070056663,-2.8461710147395154,-2.9407626682701626,1.8395142108548883,-1.3679908576622193,-0.6595466375638128,-2.399489042742369,-0.31789060719536477,0.8947164468315585,0.1802991510991668,-0.19166357001633286,-0.9470192911289471,1.1626032767946402,1.6714117525306305,3.017985542488452,-0.46415409746111475,-0.6561607646765809,4.238445532856457,1.5039611094312852,0.19232292718315952,-0.7108781613053435,-0.8169588574918523,-3.1291842293015937,-0.23573800407660125
-0.2979193854127289,0.24094897598201673,-1.053442294710512,-0.865777736373752,0.48736316639940036,-1.619903772715386,1.1145538393904606,-0.358181594855623,0.14302393113367864,1.245710795675496,-1.040914032509901,0.09058612924474038,0.1695467165489381,0.27474669388589745,1.1187070235587036,-1.2151249312324048,-1.5177298112145226,1.7476492492155378,-0.5692337454644332,-0.5741519978812132,-1.6905814588111379,-1.1615738649108096,1.1423544786408302,-0.5868080026855106,0.6804207524689728,-0.25993717397143273,-0.7253652661957902,-0.3313490304563326,-0.14185820363062918,-0.0336933422437298,-0.05817611930380734,0.9967140324711665,0.841651633228273,1.5350618951130126,-0.9750539628285521,0.3588787376421401,1.5039611094312852,0.8649878698960494,-0.1469033547802853,0.35759468899603036,-0.4874504791864524,-1.1191417418518068,0.9456043125405151
0.2235319926562928,0.02232587176852719,0.21128943781855236,-0.11606956107967407,0.10842884196808955,-0.18971576958611525,-0.40951297622661575,0.8462625567998621,-0.14143390707286163,0.429194811856331,-0.1841790577470722,0.6540245235335188,-0.14553646892995267,-0.24999110916268305,-0.10804424387401325,0.9443513369184798,0.27212426241508636,-0.6435776561893634,0.4422719803040429,0.2985402533615224,0.31284219964846866,-0.05676318265647365,-0.23447097792285573,0.003764883137886382,-0.6237436185276907,-0.4929796123236521,0.38335219470276993,0.46192444322070975,0.1418382143338865,-0.03098190522787299,-0.22340440363642175,-0.3265902198957718,-0.08557375313042255,-0.1644665559332962,0.5051542211414316,-0.41401364608150165,0.19232292718315952,-0.1469033547802853,0.14843905288906242,-0.4282677674961089,0.09121980585979235,-0.13628788202275113,-0.6790579331454129
-0.6378670368124735,-0.08863503149469332,-0.5318823642634882,0.4251705971137848,-0.3675983519020549,0.7137809173177219,1.1162543078013265,-2.485795263284669,0.40777043047452427,-1.3920965669691572,0.6440055418373463,-1.9549429001321943,0.417545777137863,0.7187633130507737,0.21860024432640948,-2.698863742895754,-0.6702106647574282,1.7546103121067655,-1.263941013053943,-0.8357024014383371,-0.7754947780516135,0.2758694044556366,0.592711457421753,0.042813534433465916,1.7938337413023977,1.4911942061233954,-1.0742091028644023,-1.3443495335272209,-0.4091050326750689,0.0953200754544211,0.670279974155025,0.8802918038506415,0.17722636106093015,0.34818957652304994,-1.413747059650294,1.1992004895548911,-0.7108781613053435,0.35759468899603036,-0.4282677674961089,1.2417522728256045,-0.22663609048893252,0.5086468556876729,1.9340551481553299
0.17969640714735147,-0.13146474190678573,0.595867977551044,0.4699272050028081,-0.26158274097259254,0.881143887646475,-0.6431566556465396,0.2555190340889646,-0.08860039213742409,-0.6582327888430751,0.5619382544079025,-0.005310605031153364,-0.10351519268209705,-0.16872484696241727,-0.6248492998008288,0.7352149127322696,0.8562903714322511,-1.0085723543645437,0.3443947570834251,0.33730050458146277,0.9544828038691946,0.6372539988677921,-0.6465377551450205,0.3241404582944713,-0.4181732700463624,0.10978794546442609,0.4265494773785483,0.21445339099883104,0.0879861703597658,0.016474865044185456,0.01685007424238594,-0.5724484710733135,-0.470405199194383,-0.8585031949290026,0.5726880973636099,-0.22636862573664399,-0.8169588574918523,-0.4874504791864524,0.09121980585979235,-0.22663609048893252,0.2752858127289798,0.6083988877779095,-0.5683165354284886
-0.07158618771116405,-0.4789023207549107,1.2774035799970282,1.815514438076003,-1.1358681621044078,3.3243609322086503,-0.8600524140581594,-1.6122958280980677,0.12452970879676696,-3.3051260968067777,2.3007134868753485,-1.8863116275370868,0.08916405278753926,0.18188173009706374,-1.6640012655044025,-0.3781446710753995,1.9257348641346832,-1.3447391949023948,-0.17685316106367716,0.21158519686025498,2.1193565751105212,2.1742666949639817,-1.3710913912412968,1.012662879336834,0.46266496775560345,1.7558192374851829,0.2509510596847381,-0.6433326157490035,-0.12764818460059132,0.1405861492917813,0.6917976487749259,-0.8738413450170455,-1.2405855505648797,-2.240456213815555,0.36418268966614314,0.4687385386870567,-3.1291842293015937,-1.1191417418518068,-0.13628788202275113,0.5086468556876729,0.6083988877779095,2.3104821537474645,0.14672791947646582
-1.0517497768984343,-0.002142702627319087,-1.2875789247390834,0.15819573912299603,-0.2699849803934753,0.1806983847151996,2.1430913018799873,-3.689259659845742,0.6481637865562715,-1.328408852091721,0.37757021740950364,-2.7115317436267397,0.67548161392112,1.1540489265017366,0.8789376979259907,-4.426887005861242,-1.719510070551488,3.366479906249926,-2.0732946998177844,-1.4717133117642294,-1.9561890021466772,-0.20328029837125863,1.41873731408312,-0.23889209982530854,2.8774963818428394,1.9709712842650187,-1.8852839780154502,-2.0653990566184595,-0.6494526939628635,0.1172790755785192,0.9158566283461707,1.750131258161992,0.6792698345914836,1.2740942600865914,-2.491598404270067,1.8746832684679648,-0.23573800407660125,0.9456043125405151,-0.6790579331454129,1.9340551481553299,-0.5683165354284886,0.14672791947646582,3.2105501431046783
