V1,V2,V3,V4,V5,V6,V7,V8,V9,V10,V11,V12,V13,V14,V15,V16,V17,V18,V19,V20,V21,V22,V23,V24,V25,V26,V27,V28,V29,V30,V31,V32,V33,V34,V35,V36,V37,V38,V39,V40,V41,V42,V43
2.5752841608187147,0.3193647420186163,2.4026417252042944,0.15665823075512192,-0.24149678961009063,-2.5982894201321627,-0.7818094544899526,2.9396853959542466,-0.48919949032225635,-0.2544841511558503,0.3361491952945256,2.348510748795517,-1.743778603468721,-1.1996312684871344,-0.26438641879135083,1.865198567402565,1.931790478988675,-3.266194518678173,3.048770907771063,0.7109162006557611,1.2560638245839923,-1.3902256194013718,-1.0286754849807687,0.4608138683288515,-1.8318534017779793,-1.3345413928556402,2.3144696640700206,1.0729280826293865,1.3333149300639127,0.6994864296833383,-1.567883248395427,-0.8055947730831999,1.8852730744386876,-1.2368072611199714,2.247919038279834,-1.2747262335492244,0.28509249917027435,-2.4599233254355757,0.9455314417004456,-1.1642927513851515,-0.7582994425428623,-1.0990134172548638,-2.7602379209499204
0.3193647420186163,0.04414854217757054,0.28896909739643717,0.04917269101297545,-0.06362571923816965,-0.3528357663370195,0.015411154644446161,0.18841851873015616,-0.03027754350834703,-0.15310885501653973,0.0947227348341823,0.16103207449858514,-0.21824509326226793,-0.1039506308050406,0.0038446751462873794,-0.011949275406491149,0.19496470140575958,-0.28360502135372156,0.3229136979219537,0.012563526458678151,0.07901611982179242,-0.20513741865952737,-0.07366432164074456,0.062326869750182354,-0.08392812650075195,-0.0575493604643098,0.22789513673434636,0.02117431383318737,0.15772110749691004,0.11454660587755272,-0.17088150240461789,-0.014123807782131775,0.31891441317077157,-0.12188008399762575,0.17904154067233075,-0.06563542943041141,0.0015212339536095805,-0.31876331185262674,0.09708441117179781,-0.04468405783500882,-0.14670911710726062,-0.13709373647797277,-0.20497595635114546
2.4026417252042944,0.28896909739643717,2.25949328486045,0.0882563152868391,-0.15961717682558235,-2.3636131087549055,-0.9495441766311362,3.0872307818918334,-0.5159041230497158,-1.308472259917083e-4,0.21020938868434938,2.4456781927293845,-1.6230024291970901,-1.206910868193581,-0.3186650618585649,2.216334582394802,1.8900024642914497,-3.285269189916327,2.952449971073345,0.8112914163276226,1.3225239994107536,-1.2325918056679022,-1.0655137369592942,0.4200067589982018,-1.9894501643222793,-1.4561221658768855,2.275174582487022,1.2199049248964708,1.258841187091781,0.5981559887475661,-1.5087903965517346,-0.9196569944965665,1.5921451095291623,-1.2159186677398899,2.2925785990318963,-1.3701928335334534,0.33164351041492085,-2.268428336106663,0.9216240776734862,-1.2813561582977544,-0.6042874614285109,-1.0233355174502783,-2.8440537337370033
0.15665823075512192,0.04917269101297545,0.0882563152868391,0.2169929529456712,-0.24780662390286656,-0.36077675219819,0.7188961637146271,-1.028853768271944,0.17805682035204665,-0.854529278988996,0.3883038991990598,-0.7515309815374093,-0.1201710170532041,0.23392881141579586,0.23106465730071102,-1.55104041883634,-0.1830179610108469,0.6286958865590027,-0.19171397284018818,-0.47334965662118816,-0.4439006830598341,-0.3042814655610683,0.30281521682518664,0.06600168362060836,0.8687311982395702,0.6606121545425985,-0.2624781719615593,-0.7014863952465387,0.028631209318043725,0.23288888938421662,0.06663794107835828,0.5358537749333886,0.6949158770403887,0.13528829805564,-0.5443187790697263,0.5559401044867994,-0.22098364999343387,-0.24646193977947678,-0.08045589778570675,0.6120751408652119,-0.40550718828381654,-0.06750610080161026,0.7713436704490667
-0.24149678961009063,-0.06362571923816965,-0.15961717682558235,-0.24780662390286656,0.2849730356354619,0.4734396586290139,-0.7908411625133319,1.0847892606491436,-0.18826209218039844,0.9682837973957643,-0.4452221470976821,0.7870585317746951,0.1794826344618891,-0.23334355359594727,-0.2544279092581639,1.7009275203871288,0.15828771049215357,-0.6267447987012039,0.13909299045026222,0.5156522125359964,0.4694530125679828,0.3788776907820787,-0.3158622687926878,-0.0856510540201919,-0.9326891582460926,-0.7101820357492598,0.23752742602262683,0.7633336492966484,-0.06591574364149937,-0.2800224694902349,-0.035263032343422054,-0.5839834739707779,-0.831300757653277,-0.12219326203083591,0.55692628234235,-0.5942681178171582,0.24066299254215456,0.3393980274882864,0.06676694310006084,-0.6602810532371692,0.4764235052038863,0.10468621920240723,-0.7996818466723514
-2.5982894201321627,-0.3528357663370195,-2.3636131087549055,-0.36077675219819,0.4734396586290139,2.830579833556554,0.02336811338127224,-1.766242825866147,0.286830457830768,1.085471953827817,-0.7005942608918897,-1.4824886271659128,1.7735418325759664,0.904927735461098,0.016886072911748377,-0.2244056526562669,-1.6454216507752124,2.468045049313437,-2.7005396690569907,-0.20212451802822012,-0.7442947747235324,1.6262307878503282,0.6708587155847264,-0.500569017552002,0.872750878537778,0.611269359135592,-1.932786225052404,-0.32000629048176366,-1.2931484589732958,-0.8949600076500626,1.4219425576264215,0.22818029337972642,-2.482819042903988,1.0331636017272245,-1.5886385114929398,0.6559844104060194,-0.05698910530443167,2.575832926007754,-0.8167942481116565,0.4954449884452565,1.1244120038586811,1.1144457026085592,1.8493835559716854
-0.7818094544899526,0.015411154644446161,-0.9495441766311362,0.7188961637146271,-0.7908411625133319,0.02336811338127224,3.0940888370648154,-5.384174864750779,0.9219767353682087,-3.03581053337217,1.2599992139493312,-4.0371864476787875,0.4769045050568732,1.5063926830606984,1.0059258450997546,-6.762763733868667,-1.7119775830211654,4.076967145629525,-2.329690142777363,-2.1400586939278985,-2.3256804064666103,-0.40295270276505496,1.6774339705830352,-0.00196829234050705,4.204403822653641,3.161530559318117,-2.2053115324239627,-3.178557905797602,-0.5998089721899573,0.49585938668825946,1.0772127516366528,2.425151393710461,1.5918499221136437,1.1667988445093211,-3.2197076701289524,2.7441869473909075,-0.9636167837815252,0.39029367340053045,-0.8004636283208267,2.894607740680828,-1.109728308125073,0.3237270549546459,4.33497423069081
2.9396853959542466,0.18841851873015616,3.0872307818918334,-1.028853768271944,1.0847892606491436,-1.766242825866147,-5.384174864750779,10.421903809991697,-1.7750242779601821,4.609518613459478,-1.761279734025739,7.911181533407703,-1.9081200261191142,-3.1659227898829063,-1.7554780937344343,11.87492434089299,3.972784331088222,-8.579065596945851,5.688672819526387,3.8375080657539,4.4890164010188345,-0.2921490499177325,-3.319485102255501,0.30787525919257863,-7.829338479131866,-5.860576279306087,5.0049375381836505,5.7121574030549915,1.8287952930270173,-0.3155748296887324,-2.736187477701626,-4.347907106574444,-1.2499777988921879,-2.6534524094262237,6.555919532614615,-5.162834639507292,1.7087155178927849,-2.2458891104731453,1.886939574250499,-5.326150232915725,1.2409383891447257,-1.2417634330910594,-8.65078144569992
-0.48919949032225635,-0.03027754350834703,-0.5159041230497158,0.17805682035204665,-0.18826209218039844,0.286830457830768,0.9219767353682087,-1.7750242779601821,0.3024302479591832,-0.7950799569896706,0.30531015718637783,-1.3465856464712935,0.31710423840549856,0.5372026558545098,0.3006090229530739,-2.0323266876041215,-0.6714868922672779,1.4557557647042014,-0.9594479992006493,-0.6560763850481706,-0.7648032706773089,0.04105622675438123,0.5648976684171156,-0.050076855248628496,1.3360205886859624,1.000208968784173,-0.8465808245289926,-0.9764058643130413,-0.306093806903025,0.0589545158175831,0.4607968769890036,0.7433648706308887,0.22764084919527536,0.4488736771135016,-1.1140495054902315,0.8805070887489932,-0.29211563491789433,0.3706341111539641,-0.31868607550538114,0.9093703540459422,-0.21865841411218878,0.20643114979286645,1.4713347403836572
-0.2544841511558503,-0.15310885501653973,-1.308472259917083e-4,-0.854529278988996,0.9682837973957643,1.085471953827817,-3.03581053337217,4.609518613459478,-0.7950799569896706,3.4256821621467344,-1.522554086476466,3.395642180322093,0.22967100813797298,-1.1271232919334937,-0.9801557326887972,6.572413424997186,1.032562478687757,-3.038608734969873,1.229675621561498,2.0273575775635693,1.9919009344496768,1.0331291613244926,-1.3841228376590893,-0.19794202019555676,-3.7973244439942726,-2.8765030410501624,1.4089065917873116,3.0056812149941092,0.08112501698987222,-0.841508498755433,-0.5015989102155249,-2.2963120342553167,-2.5440515192552913,-0.7364539833485927,2.543446773310071,-2.4449992558882885,0.9338965097489311,0.6341339134397617,0.46647320066599984,-2.656439487491773,1.5349738742323376,0.11523250174733546,-3.5401213690878786
0.3361491952945256,0.0947227348341823,0.21020938868434938,0.3883038991990598,-0.4452221470976821,-0.7005942608918897,1.2599992139493312,-1.761279734025739,0.30531015718637783,-1.522554086476466,0.6964973117571769,-1.281726458273549,-0.2526536926705381,0.3885978162446654,0.40523102601423716,-2.7135940401858574,-0.28254694809680597,1.0441768688800486,-0.2721051587222649,-0.8250877826247368,-0.761277703630368,-0.5726509017426454,0.515443930520251,0.1271940256202756,1.502111894877899,1.1430072670787828,-0.4144870041962373,-1.221922840485058,0.0808549805374693,0.42939759473973727,0.08293938615022507,0.9342738877788068,1.2773923273391485,0.21348050923038522,-0.9167343954008683,0.9588822824682139,-0.3849553780425992,-0.49263093300632554,-0.12166668683906236,1.0610895664762723,-0.7376796346541402,-0.14551626363624764,1.3083786594056652
2.348510748795517,0.16103207449858514,2.4456781927293845,-0.7515309815374093,0.7870585317746951,-1.4824886271659128,-4.0371864476787875,7.911181533407703,-1.3465856464712935,3.395642180322093,-1.281726458273549,6.013395107613319,-1.5291905693431154,-2.4237351891032937,-1.3165543114604075,8.914236925011473,3.0693912064819564,-6.568314767995002,4.414875074574632,2.8878905425754113,3.4061074067339856,-0.3100886507567929,-2.5254370438284583,0.2584378821971593,-5.9177219710247675,-4.427619869843453,3.8594328203650363,4.299953954194731,1.4430454432289437,-0.1866770256200131,-2.130460339524316,-3.2718130354643584,-0.7984223922348586,-2.046228707299329,5.002906486659528,-3.906849367412838,1.2847396252462493,-1.826885452171757,1.4600316120097756,-4.0203000866623135,0.8674674326541855,-0.9934763693889349,-6.587879598756429
-1.743778603468721,-0.21824509326226793,-1.6230024291970901,-0.1201710170532041,0.1794826344618891,1.7735418325759664,0.4769045050568732,-1.9081200261191142,0.31710423840549856,0.22967100813797298,-0.2526536926705381,-1.5291905693431154,1.181870704063933,0.7912856059301276,0.16192806981552102,-1.14909285109824,-1.2873983740697479,2.1549290568071298,-2.0386980520541877,-0.4460041786401911,-0.8147358103781139,0.9566459906966566,0.6715000666870607,-0.31465261697304664,1.1734645167274504,0.85307493034879045,-1.539693890293145,-0.674000108069698,-0.8991830288470056,-0.48660222566088024,1.0507465614963674,0.5053761929066838,-1.316554895742305,0.8228727822587594,-1.4755167232610014,0.8197580366487994,-0.17691185414095917,1.6723383656118302,-0.630864224191296,0.7416848575172345,0.538214557076887,0.7443755983742818,1.8048131349960972
-1.1996312684871344,-0.1039506308050406,-1.206910868193581,0.23392881141579586,-0.23334355359594727,0.904927735461098,1.5063926830606984,-3.1659227898829063,0.5372026558545098,-1.1271232919334937,0.3885978162446654,-2.4237351891032937,0.7912856059301276,1.0156426148272428,0.4929865023703527,-3.346920569304053,-1.3495388929443013,2.755024066001445,-1.9817136242460864,-1.1006317392920555,-1.3622043259850904,0.318112035220945,1.0247928588050306,-0.1592639511009594,2.3123306550890983,1.7243072887370654,-1.6789664577559267,-1.6407936887181855,-0.6991181152483238,-0.04260651284048478,0.9709183980490368,1.2471090175416495,-0.012968494407514703,0.8921196725938305,-2.0617005294710267,1.536554608306614,-0.4842404115381215,1.0030573100717732,-0.6457862357432522,1.5586607017811296,-0.18250941735747825,0.5084742633684619,2.684269494449519
-0.26438641879135083,0.0038446751462873794,-0.3186650618585649,0.23106465730071102,-0.2544279092581639,0.016886072911748377,1.0059258450997546,-1.7554780937344343,0.3006090229530739,-0.9801557326887972,0.40523102601423716,-1.3165543114604075,0.16192806981552102,0.4929865023703527,0.3279447338133465,-2.198040871973484,-0.563976217208018,1.3353661584604513,-0.767619252640543,-0.6962940747845906,-0.7599231464189609,-0.12577960110826336,0.5485112120072115,-0.0032037990295542555,1.3692571862746619,1.02861165174082,-0.7243770475311316,-1.033713036153765,-0.20001430913572732,0.15742279282088237,0.3552226834947763,0.7894378080585248,0.508128758313364,0.3846138393935727,-1.0527145833443374,0.8940245317176119,-0.31147622371376915,0.13773481273394972,-0.2632479224501865,0.9421918614410045,-0.3564979688142595,0.1082570084782243,1.415818949449493
1.865198567402565,-0.011949275406491149,2.216334582394802,-1.55104041883634,1.7009275203871288,-0.2244056526562669,-6.762763733868667,11.87492434089299,-2.0323266876041215,6.572413424997186,-2.7135940401858574,8.914236925011473,-1.14909285109824,-3.346920569304053,-2.198040871973484,14.793950964249413,3.838881232826631,-9.057693012527555,5.2543088268055,4.689129825547228,5.125748832830028,0.7808885457226622,-3.7051946870770007,0.03351236945251213,-9.241651096105898,-6.947885557998868,4.935847757328043,6.966622916466068,1.3888892315110144,-1.0298916935283688,-2.4404553221597687,-5.3132004241886195,-3.328458300982873,-2.6103031557207266,7.132043354599648,-6.037402381013331,2.1122356725764404,-1.0070509983706704,1.798700041460253,-6.356468985437439,2.3571300286111043,-0.7766447796792181,-9.585653617846742
1.931790478988675,0.19496470140575958,1.8900024642914497,-0.1830179610108469,0.15828771049215357,-1.6454216507752124,-1.7119775830211654,3.972784331088222,-0.6714868922672779,1.032562478687757,-0.28254694809680597,3.0693912064819564,-1.2873983740697479,-1.3495388929443013,-0.563976217208018,3.838881232826631,1.8937343058646725,-3.6660224699054593,2.839871453288996,1.291133190026025,1.7093717989815453,-0.7165448281008115,-1.3101950137878677,0.2921104963037245,-2.8104555742468817,-2.085276877685824,2.3281172695180086,1.9277554085704998,1.0769049227286425,0.24591233096789972,-1.412430541720154,-1.463540746854144,0.5612663247859933,-1.24093701866508,2.6856542154337952,-1.8841038177786158,0.5570266717895441,-1.705765308402202,0.9113788968596921,-1.8736638587344585,-0.0408246720212819,-0.818906973552397,-3.4474982031139634
-3.266194518678173,-0.28360502135372156,-3.285269189916327,0.6286958865590027,-0.6267447987012039,2.468045049313437,4.076967145629525,-8.579065596945851,1.4557557647042014,-3.038608734969873,1.0441768688800486,-6.568314767995002,2.1549290568071298,2.755024066001445,1.3353661584604513,-9.057693012527555,-3.6660224699054593,7.474973977163983,-5.383164688783835,-2.97985184927801,-3.6933855020744657,0.8717628413656031,2.7792810130644807,-0.435708523603487,6.263316651668657,4.669088436554104,-4.558355894110237,-4.441664205049352,-1.9016432891507034,-0.12232299593284365,2.6377226859675584,3.376917733799703,-0.053565790879711556,2.423710923600213,-5.591329767062088,4.1623818560739885,-1.3081695126451218,2.7351252367047976,-1.7536665977743573,4.22095960865526,-0.4854875193620293,1.3826753171111044,7.277507853481325
3.048770907771063,0.3229136979219537,2.952449971073345,-0.19171397284018818,0.13909299045026222,-2.7005396690569907,-2.329690142777363,5.688672819526387,-0.9594479992006493,1.229675621561498,-0.2721051587222649,4.414875074574632,-2.0386980520541877,-1.9817136242460864,-0.767619252640543,5.2543088268055,2.839871453288996,-5.383164688783835,4.29970423457265,1.7874921946490963,2.442346433827914,-1.2408331131261354,-1.8886172818666216,0.47758581590599736,-3.9622653462856063,-2.935343508380552,3.478728060244297,2.6726896535705587,1.6743369223884896,0.47986450769783995,-2.1519437651443654,-2.0254184498497434,1.1684821108066525,-1.8526513740819592,3.908457663125966,-2.667939529270376,0.7693549987190204,-2.7367798486092676,1.3718259335725629,-2.627663503894558,-0.23925082539835704,-1.2967118131966346,-4.986878309622444
0.7109162006557611,0.012563526458678151,0.8112914163276226,-0.47334965662118816,0.5156522125359964,-0.20212451802822012,-2.1400586939278985,3.8375080657539,-0.6560763850481706,2.0273575775635693,-0.8250877826247368,2.8878905425754113,-0.4460041786401911,-1.1006317392920555,-0.6962940747845906,4.689129825547228,1.291133190026025,-2.97985184927801,1.7874921946490963,1.4924599837448629,1.6561912723989467,0.17167624873575968,-1.2033426607853088,0.03412242997481529,-2.963320813691419,-2.2254544818615485,1.651098192493207,2.2180477186817797,0.4994670590493153,-0.2839827273246557,-0.8379198310866707,-1.6911841018172582,-0.9372758899775389,-0.8741499124253735,2.329666597795348,-1.9398576459463357,0.6700319439024714,-0.4387139740115558,0.6068807962993856,-2.033275055751269,0.6932277698917034,-0.29705761998647273,-3.117702218335009
1.2560638245839923,0.07901611982179242,1.3225239994107536,-0.4439006830598341,0.4694530125679828,-0.7442947747235324,-2.3256804064666103,4.4890164010188345,-0.7648032706773089,1.9919009344496768,-0.761277703630368,3.4061074067339856,-0.8147358103781139,-1.3622043259850904,-0.7599231464189609,5.125748832830028,1.7093717989815453,-3.6933855020744657,2.442346433827914,1.6561912723989467,1.9370754214934143,-0.11527430838773958,-1.4315213231738007,0.13157755065426768,-3.3755353391200544,-2.525257905098742,2.1514969522825558,2.46405168127017,0.7829792894104515,-0.1406071189711888,-1.1733438999583246,-1.877233171813111,-0.5538464542577937,-1.1431908067474104,2.823106814025689,-2.2253683465147867,0.7337670844738495,-0.9580041218811434,0.8104282393240475,-2.296601880862097,0.5422844526441296,-0.5277627117444362,-3.725664054066076
-1.3902256194013718,-0.20513741865952737,-1.2325918056679022,-0.3042814655610683,0.3788776907820787,1.6262307878503282,-0.40295270276505496,-0.2921490499177325,0.04105622675438123,1.0331291613244926,-0.5726509017426454,-0.3100886507567929,0.9566459906966566,0.318112035220945,-0.12577960110826336,0.7808885457226622,-0.7165448281008115,0.8717628413656031,-1.2408331131261354,0.17167624873575968,-0.11527430838773958,0.9903862821367332,0.16032368305036399,-0.2878129655019911,-0.06339149764729549,-0.07349353239942677,-0.8156765980018913,0.243545454775239,-0.6635406433216915,-0.581782877291311,0.6735301046076181,-0.19509616609251154,-1.6433472424086646,0.437467021058784,-0.48104889840335824,0.008263848599766508,0.0967023845112987,1.4299769845977284,-0.36241896010344427,-0.10433728968637795,0.7965746031700218,0.598001283694729,0.4810695753399061
-1.0286754849807687,-0.07366432164074456,-1.0655137369592942,0.30281521682518664,-0.3158622687926878,0.6708587155847264,1.6774339705830352,-3.319485102255501,0.5648976684171156,-1.3841228376590893,0.515443930520251,-2.5254370438284583,0.6715000666870607,1.0247928588050306,0.5485112120072115,-3.7051946870770007,-1.3101950137878677,2.7792810130644807,-1.8886172818666216,-1.2033426607853088,-1.4315213231738007,0.16032368305036399,1.0636860743641914,-0.11864104390012997,2.474498611838094,1.8491977181820272,-1.6425561465880842,-1.7911921313632702,-0.6257099105659825,0.05888246187703297,0.9132839565839729,1.3638989477597012,0.2812757761927968,0.8730277971585023,-2.1102548601904036,1.6350963304132753,-0.5315643914005297,0.8128347290643806,-0.6229379029212376,1.6788669151164255,-0.3374453278877816,0.43330187732804937,2.7731952306737835
0.4608138683288515,0.062326869750182354,0.4200067589982018,0.06600168362060836,-0.0856510540201919,-0.500569017552002,-0.00196829234050705,0.30787525919257863,-0.050076855248628496,-0.19794202019555676,0.1271940256202756,0.2584378821971593,-0.31465261697304664,-0.1592639511009594,-0.0032037990295542555,0.03351236945251213,0.2921104963037245,-0.435708523603487,0.47758581590599736,0.03412242997481529,0.13157755065426768,-0.2878129655019911,-0.11864104390012997,0.08967923851631548,-0.15099549728505116,-0.10456888758995224,0.34161113599147824,0.05349203523944126,0.2290646166934704,0.15949872477038765,-0.2512324204375577,-0.0389371540522214,0.44176902250333283,-0.18400381645549485,0.2795872121829345,-0.11370243724402467,0.0070832937408927136,-0.4580718768500312,0.14431498067622475,-0.08506108402264176,-0.20039496590324496,-0.19608887815144113,-0.32456774840730157
-1.8318534017779793,-0.08392812650075195,-1.9894501643222793,0.8687311982395702,-0.9326891582460926,0.872750878537778,4.204403822653641,-7.829338479131866,1.3360205886859624,-3.7973244439942726,1.502111894877899,-5.9177219710247675,1.1734645167274504,2.3123306550890983,1.3692571862746619,-9.241651096105898,-2.8104555742468817,6.263316651668657,-3.9622653462856063,-2.963320813691419,-3.3755353391200544,-0.06339149764729549,2.474498611838094,-0.15099549728505116,5.963243859207919,4.471132827649747,-3.565537089399213,-4.4074267231580375,-1.1975735091192095,0.4071590081683394,1.883706627453898,3.3576434610647015,1.422317309804284,1.888984855074363,-4.839551791058882,3.917806529668569,-1.3250978187013314,1.2937373732797774,-1.3284555968805138,4.074261892429203,-1.1716215297762407,0.7705931303623716,6.4301623941301935
-1.3345413928556402,-0.0575493604643098,-1.4561221658768855,0.6606121545425985,-0.7101820357492598,0.611269359135592,3.161530559318117,-5.860576279306087,1.000208968784173,-2.8765030410501624,1.1430072670787828,-4.427619869843453,0.85307493034879045,1.7243072887370654,1.02861165174082,-6.947885557998868,-2.085276877685824,4.669088436554104,-2.935343508380552,-2.2254544818615485,-2.525257905098742,-0.07349353239942677,1.8491977181820272,-0.10456888758995224,4.471132827649747,3.3539911207628235,-2.649477678971001,-3.3102512116683096,-0.8792843324541603,0.3212789064665443,1.3935674843956,2.5212074903724653,1.1105467109847504,1.4022108616139677,-3.613457502922785,2.9362492693909084,-0.9977427818821651,0.929393136896201,-0.9856803052144593,3.056624847534414,-0.8996856075486724,0.5624665145287338,4.80585864690806
2.3144696640700206,0.22789513673434636,2.275174582487022,-0.2624781719615593,0.23752742602262683,-1.932786225052404,-2.2053115324239627,5.0049375381836505,-0.8465808245289926,1.4089065917873116,-0.4144870041962373,3.8594328203650363,-1.539693890293145,-1.6789664577559267,-0.7243770475311316,4.935847757328043,2.3281172695180086,-4.558355894110237,3.478728060244297,1.651098192493207,2.1514969522825558,-0.8156765980018913,-1.6425561465880842,0.34161113599147824,-3.565537089399213,-2.649477678971001,2.8706082155493764,2.4649048514237766,1.3008486689548673,0.2560568242553649,-1.7255092404025993,-1.8709726064612764,0.5561891307645793,-1.5276283998075106,3.354944608706352,-2.385560576855718,0.7177541097462351,-2.0232940519279285,1.1198940470926275,-2.383127094885541,0.023202044842636185,-0.9826377249719895,-4.320276686227615
1.0729280826293865,0.02117431383318737,1.2199049248964708,-0.7014863952465387,0.7633336492966484,-0.32000629048176366,-3.178557905797602,5.7121574030549915,-0.9764058643130413,3.0056812149941092,-1.221922840485058,4.299953954194731,-0.674000108069698,-1.6407936887181855,-1.033713036153765,6.966622916466068,1.9277554085704998,-4.441664205049352,2.6726896535705587,2.2180477186817797,2.46405168127017,0.243545454775239,-1.7911921313632702,0.05349203523944126,-4.4074267231580375,-3.3102512116683096,2.4649048514237766,3.296988569459158,0.7504031353159687,-0.4160369094321987,-1.2540691393494963,-2.513128120455732,-1.375599536125614,-1.3042553670426877,3.470579889632002,-2.885885193821086,0.9968658042823352,-0.6679339603972024,0.9067847287039333,-3.023569809050419,1.0221630831190955,-0.44943602497511964,-4.642943087181996
1.3333149300639127,0.15772110749691004,1.258841187091781,0.028631209318043725,-0.06591574364149937,-1.2931484589732958,-0.5998089721899573,1.8287952930270173,-0.306093806903025,0.08112501698987222,0.0808549805374693,1.4430454432289437,-0.8991830288470056,-0.6991181152483238,-0.20001430913572732,1.3888892315110144,1.0769049227286425,-1.9016432891507034,1.6743369223884896,0.4994670590493153,0.7829792894104515,-0.6635406433216915,-0.6257099105659825,0.2290646166934704,-1.1975735091192095,-0.8792843324541603,1.3008486689548673,0.7504031353159687,0.7036574287191683,0.3137771299400639,-0.8528037974459668,-0.5659492920559156,0.828289866969517,-0.6942423568206891,1.3370813328274858,-0.8210181980538959,0.20772098958981516,-1.249133364174865,0.5245901251853626,-0.776373969352374,-0.3010881313047165,-0.5684710967308136,-1.667881466651597
0.6994864296833383,0.11454660587755272,0.5981559887475661,0.23288888938421662,-0.2800224694902349,-0.8949600076500626,0.49585938668825946,-0.3155748296887324,0.0589545158175831,-0.841508498755433,0.42939759473973727,-0.1866770256200131,-0.48660222566088024,-0.04260651284048478,0.15742279282088237,-1.0298916935283688,0.24591233096789972,-0.12232299593284365,0.47986450769783995,-0.2839827273246557,-0.1406071189711888,-0.581782877291311,0.05888246187703297,0.15949872477038765,0.4071590081683394,0.3212789064665443,0.2560568242553649,-0.4160369094321987,0.3137771299400639,0.36564859446614956,-0.27664998192422996,0.3217086210990675,1.0484161475592948,-0.14011834401292386,-0.018516439658523603,0.2383149295382473,-0.14053408599571923,-0.7567035854054623,0.12948461526183153,0.31393598238884046,-0.5380747190011043,-0.3005971894923154,0.11740356327337277
-1.567883248395427,-0.17088150240461789,-1.5087903965517346,0.06663794107835828,-0.035263032343422054,1.4219425576264215,1.0772127516366528,-2.736187477701626,0.4607968769890036,-0.5015989102155249,0.08293938615022507,-2.130460339524316,1.0507465614963674,0.9709183980490368,0.3552226834947763,-2.4404553221597687,-1.412430541720154,2.6377226859675584,-2.1519437651443654,-0.8379198310866707,-1.1733438999583246,0.6735301046076181,0.9132839565839729,-0.2512324204375577,1.883706627453898,1.3935674843956,-1.7255092404025993,-1.2540691393494963,-0.8528037974459668,-0.27664998192422996,1.0815275311498858,0.949288069035548,-0.6926978301160123,0.9187973548306992,-1.9027137917030248,1.272507969263116,-0.35934088458040114,1.4222809934669127,-0.6838612813005043,1.2440964283626794,0.17983596967758744,0.6678342895945244,2.416932541990473
-0.8055947730831999,-0.014123807782131775,-0.9196569944965665,0.5358537749333886,-0.5839834739707779,0.22818029337972642,2.425151393710461,-4.347907106574444,0.7433648706308887,-2.2963120342553167,0.9342738877788068,-3.2718130354643584,0.5053761929066838,1.2471090175416495,0.7894378080585248,-5.3132004241886195,-1.463540746854144,3.376917733799703,-2.0254184498497434,-1.6911841018172582,-1.877233171813111,-0.19509616609251154,1.3638989477597012,-0.0389371540522214,3.3576434610647015,2.5212074903724653,-1.8709726064612764,-2.513128120455732,-0.5659492920559156,0.3217086210990675,0.949288069035548,1.9165490486997796,1.0623489171466438,0.9911533826437309,-2.6398936483076816,2.1979576707998345,-0.7583699841935241,0.4974622602308383,-0.6876378833705732,2.303793200080341,-0.7856559986452709,0.3359980541809684,3.53269617288625
1.8852730744386876,0.31891441317077157,1.5921451095291623,0.6949158770403887,-0.831300757653277,-2.482819042903988,1.5918499221136437,-1.2499777988921879,0.22764084919527536,-2.5440515192552913,1.2773923273391485,-0.7984223922348586,-1.316554895742305,-0.012968494407514703,0.508128758313364,-3.328458300982873,0.5612663247859933,-0.053565790879711556,1.1684821108066525,-0.9372758899775389,-0.5538464542577937,-1.6433472424086646,0.2812757761927968,0.44176902250333283,1.422317309804284,1.1105467109847504,0.5561891307645793,-1.375599536125614,0.828289866969517,1.0484161475592948,-0.6926978301160123,1.0623489171466438,3.0201995710392757,-0.3053898028317855,-0.27641933981748745,0.852415427795177,-0.4550488002651333,-2.070817058716878,0.3033793339526043,1.0724945808735944,-1.5704802048760051,-0.8125650535548077,0.628260645306684
-1.2368072611199714,-0.12188008399762575,-1.2159186677398899,0.13528829805564,-0.12219326203083591,1.0331636017272245,1.1667988445093211,-2.6534524094262237,0.4488736771135016,-0.7364539833485927,0.21348050923038522,-2.046228707299329,0.8228727822587594,0.8921196725938305,0.3846138393935727,-2.6103031557207266,-1.24093701866508,2.423710923600213,-1.8526513740819592,-0.8741499124253735,-1.1431908067474104,0.437467021058784,0.8730277971585023,-0.18400381645549485,1.888984855074363,1.4022108616139677,-1.5276283998075106,-1.3042553670426877,-0.6942423568206891,-0.14011834401292386,0.9187973548306992,0.9911533826437309,-0.3053898028317855,0.8150119301091768,-1.7820922796762395,1.2641433556653257,-0.37693207476671353,1.083765013821748,-0.5960834284413118,1.2619694039237102,-0.00718270135507962,0.5230934302879207,2.293318289255293
2.247919038279834,0.17904154067233075,2.2925785990318963,-0.5443187790697263,0.55692628234235,-1.5886385114929398,-3.2197076701289524,6.555919532614615,-1.1140495054902315,2.543446773310071,-0.9167343954008683,5.002906486659528,-1.4755167232610014,-2.0617005294710267,-1.0527145833443374,7.132043354599648,2.6856542154337952,-5.591329767062088,3.908457663125966,2.329666597795348,2.823106814025689,-0.48104889840335824,-2.1102548601904036,0.2795872121829345,-4.839551791058882,-3.613457502922785,3.354944608706352,3.470579889632002,1.3370813328274858,-0.018516439658523603,-1.9027137917030248,-2.6398936483076816,-0.27641933981748745,-1.7820922796762395,4.215795238597914,-3.206490704793204,1.0283749566052163,-1.8304031069045383,1.2813857553364354,-3.273472748312906,0.5281513414431425,-0.9508430924295668,-5.515525739526826
-1.2747262335492244,-0.06563542943041141,-1.3701928335334534,0.5559401044867994,-0.5942681178171582,0.6559844104060194,2.7441869473909075,-5.162834639507292,0.8805070887489932,-2.4449992558882885,0.9588822824682139,-3.906849367412838,0.8197580366487994,1.536554608306614,0.8940245317176119,-6.037402381013331,-1.8841038177786158,4.1623818560739885,-2.667939529270376,-1.9398576459463357,-2.2253683465147867,0.008263848599766508,1.6350963304132753,-0.11370243724402467,3.917806529668569,2.9362492693909084,-2.385560576855718,-2.885885193821086,-0.8210181980538959,0.2383149295382473,1.272507969263116,2.1979576707998345,0.852415427795177,1.2641433556653257,-3.206490704793204,2.576654930139255,-0.86655682652749,0.9227350743006568,-0.891764176551873,2.6737524928379734,-0.7302775968593982,0.53693784502192,4.252375613879304
0.28509249917027435,0.0015212339536095805,0.33164351041492085,-0.22098364999343387,0.24066299254215456,-0.05698910530443167,-0.9636167837815252,1.7087155178927849,-0.29211563491789433,0.9338965097489311,-0.3849553780425992,1.2847396252462493,-0.17691185414095917,-0.4842404115381215,-0.31147622371376915,2.1122356725764404,0.5570266717895441,-1.3081695126451218,0.7693549987190204,0.6700319439024714,0.7337670844738495,0.0967023845112987,-0.5315643914005297,0.0070832937408927136,-1.3250978187013314,-0.9977427818821651,0.7177541097462351,0.9968658042823352,0.20772098958981516,-0.14053408599571923,-0.35934088458040114,-0.7583699841935241,-0.4550488002651333,-0.37693207476671353,1.0283749566052163,-0.86655682652749,0.3058138238338909,-0.1609376649535083,0.26267903788867647,-0.910917202145129,0.32723770456149714,-0.12192995357964702,-1.380914287048245
-2.4599233254355757,-0.31876331185262674,-2.268428336106663,-0.24646193977947678,0.3393980274882864,2.575832926007754,0.39029367340053045,-2.2458891104731453,0.3706341111539641,0.6341339134397617,-0.49263093300632554,-1.826885452171757,1.6723383656118302,1.0030573100717732,0.13773481273394972,-1.0070509983706704,-1.705765308402202,2.7351252367047976,-2.7367798486092676,-0.4387139740115558,-0.9580041218811434,1.4299769845977284,0.8128347290643806,-0.4580718768500312,1.2937373732797774,0.929393136896201,-2.0232940519279285,-0.6679339603972024,-1.249133364174865,-0.7567035854054623,1.4222809934669127,0.4974622602308383,-2.070817058716878,1.083765013821748,-1.8304031069045383,0.9227350743006568,-0.1609376649535083,2.3950830845683715,-0.8390117175278696,0.7943062287159889,0.8915690842192604,1.0497666643702668,2.199568305539691
0.9455314417004456,0.09708441117179781,0.9216240776734862,-0.08045589778570675,0.06676694310006084,-0.8167942481116565,-0.8004636283208267,1.886939574250499,-0.31868607550538114,0.46647320066599984,-0.12166668683906236,1.4600316120097756,-0.630864224191296,-0.6457862357432522,-0.2632479224501865,1.798700041460253,0.9113788968596921,-1.7536665977743573,1.3718259335725629,0.6068807962993856,0.8104282393240475,-0.36241896010344427,-0.6229379029212376,0.14431498067622475,-1.3284555968805138,-0.9856803052144593,1.1198940470926275,0.9067847287039333,0.5245901251853626,0.12948461526183153,-0.6838612813005043,-0.6876378833705732,0.3033793339526043,-0.5960834284413118,1.2813857553364354,-0.891764176551873,0.26267903788867647,-0.8390117175278696,0.43948397846408666,-0.8843155146972197,-0.037664290890463255,-0.4019965731748591,-1.6420726307009121
-1.1642927513851515,-0.04468405783500882,-1.2813561582977544,0.6120751408652119,-0.6602810532371692,0.4954449884452565,2.894607740680828,-5.326150232915725,0.9093703540459422,-2.656439487491773,1.0610895664762723,-4.0203000866623135,0.7416848575172345,1.5586607017811296,0.9421918614410045,-6.356468985437439,-1.8736638587344585,4.22095960865526,-2.627663503894558,-2.033275055751269,-2.296601880862097,-0.10433728968637795,1.6788669151164255,-0.08506108402264176,4.074261892429203,3.056624847534414,-2.383127094885541,-3.023569809050419,-0.776373969352374,0.31393598238884046,1.2440964283626794,2.303793200080341,1.0724945808735944,1.2619694039237102,-3.273472748312906,2.6737524928379734,-0.910917202145129,0.7943062287159889,-0.8843155146972197,2.7874895614927824,-0.8489999577326366,0.48927467620799575,4.359238792237541
-0.7582994425428623,-0.14670911710726062,-0.6042874614285109,-0.40550718828381654,0.4764235052038863,1.1244120038586811,-1.109728308125073,1.2409383891447257,-0.21865841411218878,1.5349738742323376,-0.7376796346541402,0.8674674326541855,0.538214557076887,-0.18250941735747825,-0.3564979688142595,2.3571300286111043,-0.0408246720212819,-0.4854875193620293,-0.23925082539835704,0.6932277698917034,0.5422844526441296,0.7965746031700218,-0.3374453278877816,-0.20039496590324496,-1.1716215297762407,-0.8996856075486724,0.023202044842636185,1.0221630831190955,-0.3010881313047165,-0.5380747190011043,0.17983596967758744,-0.7856559986452709,-1.5704802048760051,-0.00718270135507962,0.5281513414431425,-0.7302775968593982,0.32723770456149714,0.8915690842192604,-0.037664290890463255,-0.8489999577326366,0.851912281353688,0.32843156265200274,-0.827399326870599
-1.0990134172548638,-0.13709373647797277,-1.0233355174502783,-0.06750610080161026,0.10468621920240723,1.1144457026085592,0.3237270549546459,-1.2417634330910594,0.20643114979286645,0.11523250174733546,-0.14551626363624764,-0.9934763693889349,0.7443755983742818,0.5084742633684619,0.1082570084782243,-0.7766447796792181,-0.818906973552397,1.3826753171111044,-1.2967118131966346,-0.29705761998647273,-0.5277627117444362,0.598001283694729,0.43330187732804937,-0.19608887815144113,0.7705931303623716,0.5624665145287338,-0.9826377249719895,-0.44943602497511964,-0.5684710967308136,-0.3005971894923154,0.6678342895945244,0.3359980541809684,-0.8125650535548077,0.5230934302879207,-0.9508430924295668,0.53693784502192,-0.12192995357964702,1.0497666643702668,-0.4019965731748591,0.48927467620799575,0.32843156265200274,0.4712794425375597,1.1669150076028636
-2.7602379209499204,-0.20497595635114546,-2.8440537337370033,0.7713436704490667,-0.7996818466723514,1.8493835559716854,4.33497423069081,-8.65078144569992,1.4713347403836572,-3.5401213690878786,1.3083786594056652,-6.587879598756429,1.8048131349960972,2.684269494449519,1.415818949449493,-9.585653617846742,-3.4474982031139634,7.277507853481325,-4.986878309622444,-3.117702218335009,-3.725664054066076,0.4810695753399061,2.7731952306737835,-0.32456774840730157,6.4301623941301935,4.80585864690806,-4.320276686227615,-4.642943087181996,-1.667881466651597,0.11740356327337277,2.416932541990473,3.53269617288625,0.628260645306684,2.293318289255293,-5.515525739526826,4.252375613879304,-1.380914287048245,2.199568305539691,-1.6420726307009121,4.359238792237541,-0.827399326870599,1.1669150076028636,7.239923615553185
