V1,V2,V3,V4,V5,V6,V7,V8,V9,V10,V11,V12,V13,V14,V15,V16,V17,V18,V19,V20,V21,V22,V23,V24,V25,V26,V27,V28,V29,V30,V31,V32,V33,V34,V35,V36,V37,V38,V39,V40,V41,V42,V43,V44
0.4574997892946399,-0.1932210318277577,0.02806444142924913,0.12062566755214718,0.2838809881487839,-0.6510225064376955,0.28682413132922546,0.356534739186314,0.009670563552731054,-0.09651171615691258,-1.193276147410497,-0.7812494915363931,-0.03016966042382389,-0.27008143768784604,-0.6531221377726483,-0.545356634216675,-0.28312048703307635,-0.18444443347747305,-1.37652957044072,-1.0195420178345578,-0.7537160730933921,-0.3785093265986179,0.6391928667260861,0.8099937605823394,0.7676118730876293,-0.2763158696645031,0.030129940100212516,-0.593535721751218,-0.07988252055586645,-0.5433519127274348,0.18850175580519063,0.4902255601328758,0.2400953878245535,0.3585600462700866,0.8725107353681774,0.6737415000306649,0.3629343903312508,-0.4374154088113464,-0.04932114160621022,-0.16703017479390692,-0.2833433199147301,-0.03945928551767945,-0.10889800527953492,0.30883947299436126
-0.1932210318277577,0.17437321915173823,-0.04668254556952976,-0.3132406419551719,-0.04467282651116845,-0.03336588996380642,0.2744739259514827,-0.19194738477018022,-0.08128823395481836,0.12456989302634937,0.34471970410738795,0.20304169936386887,0.036347382564203536,0.14593332445149992,0.20879610428830753,0.09705173337952736,0.10729076997480132,-0.07735309907355681,0.3883665386330034,0.5135019125182076,0.30631466347623865,0.10661625773133693,-0.023260561366940685,-0.3315871914940242,-0.7430898800408944,-0.18832549647185035,0.2816324353457793,0.0545950890606274,-0.049440847373259,0.12112439223664374,-0.2121646111406046,0.2258211822551909,-0.07652515834241877,-0.10345503464408158,-0.36448869075255264,-0.06110676479970318,-0.16666226811576668,0.2950356262938889,0.02021930572689881,-0.11640249471603901,0.17229884465543907,-0.06247213216362257,0.42114231454323076,0.15013586544711405
0.02806444142924913,-0.04668254556952976,0.26369798282730844,-0.33653304915854165,0.2811211004902782,0.2523349894612302,0.43987187587199983,0.17701414154976863,0.10140252022051069,0.27728762920249667,0.004713923270294842,-0.44268616223048335,-0.6088825495700474,0.21270932593663497,-0.35492654343929886,-0.36217179412848266,-0.3083414490781386,0.13232418272698915,0.2516930370393575,-0.0968381030567395,0.16682871655435277,0.16296218183687766,0.1042310261342335,-0.34305816715070014,-0.6859056037196212,-0.5161593691850277,0.11193014788915276,0.06041458633209992,-0.12423016802532603,0.17742773741384635,-0.3023817680975641,-0.16204468578182676,-0.0686326974654204,-0.3383553753274948,-0.09601996685182344,-0.08691074173564563,-0.05214679328433435,0.3558440045781808,-0.09962613312859223,-0.309995213093382,0.21025435935465947,-0.2294470312355923,0.13830929986995488,0.02811509660709743
0.12062566755214718,-0.3132406419551719,-0.33653304915854165,1.5770040641049716,-0.6651297261368271,0.38414923948356544,-2.0710104755172494,-0.0326349107972887,0.09145871581705467,-0.8283858256829847,0.09929856381889718,0.9348798785590611,1.0015780684301525,-0.5964941758508879,0.6264425328029921,0.9131338247187024,0.4921820016066627,0.24172305247055687,-0.2944002105101859,-0.5169540087804558,-0.5402239785608624,-0.2471710957927297,-0.8143239361023978,0.8804379523007324,2.9990466641773734,1.9004085223060512,-1.230305554480433,0.3601736659839794,0.4814996660018949,-0.1392791136637203,1.0830032893913932,-1.0459031036686977,0.12769614502952348,0.5771054165030735,0.4901413596223639,-0.3718854199316624,0.2785829504865629,-1.192011597024739,0.16644880406562482,1.1475610979722122,-0.6671853569258789,0.6694507851219632,-1.6074101776801724,-0.9184164485843227
0.2838809881487839,-0.04467282651116845,0.2811211004902782,-0.6651297261368271,0.5852627461754416,-0.4426469597640476,1.1750787444632533,0.34876636519387066,0.02928680989130946,0.38131378595163823,-0.8455786310016717,-1.1051351296209166,-0.7104891506123779,0.1441422973562069,-0.8607647503606549,-0.8939162074337866,-0.5371044599665143,-0.14067578030074593,-0.6943827399334553,-0.5588501506621435,-0.2290823298849745,-0.08127449569336431,0.7840013006298727,0.05088974507510478,-0.923434707565014,-1.1495041078188222,0.5216983426636435,-0.5017260864460938,-0.2939271741955323,-0.22478706490317168,-0.42509330140264945,0.6199434089103651,0.08020024796242989,-0.1470250460653627,0.36605310247057055,0.5429732400740346,0.11914443069741663,0.32204384157991744,-0.14771221060522408,-0.6919626815331643,0.1587677099944034,-0.39051799762015177,0.575906457887357,0.5540313435184939
-0.6510225064376955,-0.03336588996380642,0.2523349894612302,0.38414923948356544,-0.4426469597640476,2.102604900722187,-1.3219893004483043,-0.2677949028495267,0.3070910126202398,0.08449912805266062,2.2544283373911504,1.226105174025879,-0.4790028072547903,0.45365672491023573,0.9088082053599023,0.9511898534701624,0.22636235289228634,0.8455081075946198,2.80933637264609,1.1824245483825835,1.2678941046830055,0.8386995443459456,-1.624824437511609,-1.4760482119885001,-0.3364408707326416,0.9676787380395371,-0.8770159595989271,1.5228240704703528,0.28674702303722077,1.2644603553972733,-0.09573066542339516,-2.1848057872784366,-0.48256769248879167,-0.925126932752464,-1.369220222812472,-1.7553881310979118,-0.5312115057079605,0.566328696648133,-5.303801460475307e-5,0.5973610920635736,0.40588670224345647,0.13928576046210295,-0.9009873102755147,-1.3020819134209496
0.28682413132922546,0.2744739259514827,0.43987187587199983,-2.0710104755172494,1.1750787444632533,-1.3219893004483043,3.1902907025935834,0.36095926424068925,-0.16148994857644294,1.0238057307360342,-1.38675673830376,-2.0441725888858864,-1.2972978727751678,0.5232867378028045,-1.4789503024865835,-1.7855621758547184,-0.9133677858324863,-0.58652943129674,-1.0797732663752397,-0.27818639824703983,-0.0422756477432733,-0.08249323756292833,1.822149924050255,-0.34162639124868155,-3.3718903785808245,-2.89819071991737,1.7944663469206872,-1.1616183737555792,-0.7508290347758628,-0.41614752091260615,-1.2894638932044373,2.0964908515716165,0.0853768100403654,-0.3626205330343227,0.2196816361076489,1.2761819165612462,-0.013591637177499295,1.1763189032061903,-0.25940227101161767,-1.7555181492847298,0.6158860787982107,-0.9525463792561286,2.1995507211929484,1.6589344517276279
0.356534739186314,-0.19194738477018022,0.17701414154976863,-0.0326349107972887,0.34876636519387066,-0.2677949028495267,0.36095926424068925,0.37980647953555247,0.08627602254284847,0.06196763868542467,-0.8481400293437558,-0.8025142628027161,-0.3680955155932952,-0.09033091251597299,-0.6695296954904965,-0.5753428040370382,-0.37707609094132616,-0.023390716119092176,-0.8394099487070612,-0.8417706841811143,-0.4673098824113164,-0.1786898046612713,0.4724464165656714,0.4101189574165241,0.2966119878882714,-0.4178021676262911,0.008253068362855899,-0.3585913869219524,-0.10963366111213266,-0.27728205028248054,0.005283798978404587,0.16522927343082547,0.13471411264238306,0.07084481676378303,0.5978175160924949,0.39803863740755474,0.24469278662906072,-0.15432488459492116,-0.0906311280725436,-0.2530818993823048,-0.10511155839725805,-0.13836795461628276,-0.0984414594703678,0.17676373627296924
0.009670563552731054,-0.08128823395481836,0.10140252022051069,0.09145871581705467,0.02928680989130946,0.3070910126202398,-0.16148994857644294,0.08627602254284847,0.09467280180846978,0.020269230389007874,0.11990947740726315,-0.03708908327067743,-0.2034626305885235,0.039864707498929675,-0.05842496761988008,-0.010114703041581009,-0.08331044690625865,0.15398017475710124,0.2178617518887845,-0.08915112572585145,0.056687561542888384,0.08661369890225724,-0.15050834735740304,-0.1096250057219615,0.10695749551164639,0.06855900703473185,-0.18838664194481974,0.16321411424482082,0.02575813677633215,0.1337554651733715,0.004697141736484899,-0.3743117641103746,-0.039481103620298205,-0.13559838142337238,-0.031240446079251995,-0.19652414033827179,-0.005784661347092803,0.026659583161210327,-0.030285532590484537,0.044728660698555606,0.023372956865879153,-0.007116024908140097,-0.23959639738792496,-0.20010070582030917
-0.09651171615691258,0.12456989302634937,0.27728762920249667,-0.8283858256829847,0.38131378595163823,0.08449912805266062,1.0238057307360342,0.06196763868542467,0.020269230389007874,0.4971186215751966,0.13269733643530104,-0.5080623375938792,-0.7353081900967307,0.39301539028262106,-0.35457952313186597,-0.4869068637438267,-0.3285676710342795,0.005988904116664306,0.4542327125234872,0.2936842008105431,0.4145406119005156,0.2431813516821961,0.2892875879187126,-0.6558596155248019,-1.6779343513509442,-1.0015096686688432,0.5430174252993681,-0.023969410521916736,-0.24885201331777096,0.2322143749411282,-0.6253607022187472,0.25032737948329276,-0.12318285535388437,-0.47017599230218793,-0.37105306726235043,8.740635803487657e-4,-0.19062389858998338,0.7327929229930693,-0.11481630025966635,-0.6035480913001654,0.4213948527139448,-0.38823523928573667,0.726480020505337,0.3338848417019982
-1.193276147410497,0.34471970410738795,0.004713923270294842,0.09929856381889718,-0.8455786310016717,2.2544283373911504,-1.38675673830376,-0.8481400293437558,0.11990947740726315,0.13269733643530104,3.397664006151307,2.230329286062972,-0.0171267499389324,0.6717437045938106,1.7927132340301661,1.6232111280447672,0.7324648210054335,0.755900357003932,3.95549771227579,2.5277810767759923,2.006645949162161,1.094796478340899,-2.0833135583721303,-2.167574046682068,-1.3559437164989847,1.19542554131756,-0.5710005902270553,1.892594843187536,0.34318096163972023,1.6219770043738428,-0.29771262024464756,-2.0387576455207936,-0.6779347752873349,-1.0518369643428516,-2.301122128989462,-2.1570839709050382,-0.9322235704999388,0.9893317221165668,0.11885059608917686,0.730064818706374,0.6689775246710289,0.2225966353423396,-0.3442721270103732,-1.2855522252253604
-0.7812494915363931,0.20304169936386887,-0.44268616223048335,0.9348798785590611,-1.1051351296209166,1.226105174025879,-2.0441725888858864,-0.8025142628027161,-0.03708908327067743,-0.5080623375938792,2.230329286062972,2.303208206083555,1.0774406722082714,-0.007456170725712448,1.8112443387393296,1.78618131216632,1.0208315378028046,0.37467850830261007,2.1548864038512643,1.6448880971278341,0.9370573630967078,0.42665340413364045,-1.7111022384326677,-0.7117204361989558,0.8360956005706561,1.9766131782659833,-0.8438700529426334,1.2438912273118767,0.5207412813083445,0.7769850522307723,0.5013931734447554,-1.381752995901737,-0.3150824404676034,-0.07697812821857555,-1.2384113380898496,-1.382986471177985,-0.4619798317057042,-0.15446721545736294,0.25456802156495506,1.199864224010619,-0.02660216613393263,0.6341519803161197,-0.8353408847368937,-1.1173190699131366
-0.03016966042382389,0.036347382564203536,-0.6088825495700474,1.0015780684301525,-0.7104891506123779,-0.4790028072547903,-1.2972978727751678,-0.3680955155932952,-0.2034626305885235,-0.7353081900967307,-0.0171267499389324,1.0774406722082714,1.4689970405866872,-0.5604126605961319,0.8484302466378758,0.9175163570616355,0.7364418264078924,-0.23473071994274694,-0.6123319666139884,0.07673397110981026,-0.4629493280763897,-0.3932621874973854,-0.35826355135893057,0.896673848092697,2.0065269151376626,1.4327353819300601,-0.45798194094373357,-0.07005362924591038,0.3438849074193024,-0.40699269552277834,0.8436308176496595,0.16474294267361553,0.1738638981059004,0.8273675011235643,0.31082238851114447,0.1367826016479562,0.16789885315075886,-0.9771630272270568,0.24247631121838017,0.8567058456654806,-0.5659602367401617,0.5984988637619408,-0.5832317835272046,-0.21885784485017515
-0.27008143768784604,0.14593332445149992,0.21270932593663497,-0.5964941758508879,0.1441422973562069,0.45365672491023573,0.5232867378028045,-0.09033091251597299,0.039864707498929675,0.39301539028262106,0.6717437045938106,-0.007456170725712448,-0.5604126605961319,0.40772799047707226,0.031456802375078835,-0.09284664963863185,-0.12660895115326506,0.13776176797647896,1.0083372477376946,0.6364374397890711,0.6453222074197739,0.3681385182781785,-0.13975744340745586,-0.8551380676724568,-1.4711789352535434,-0.5433375037312547,0.30091121214503597,0.3064475912434775,-0.126310136670243,0.45024233130453967,-0.5144960577874899,-0.1722391024346112,-0.2069748783742766,-0.5319319130391702,-0.6619881034028887,-0.36830090404591137,-0.29793787476266237,0.7123447712544826,-0.06780123538337465,-0.32550038323825253,0.4273619309943366,-0.2515437880924768,0.4718292413969962,0.02391336989669448
-0.6531221377726483,0.20879610428830753,-0.35492654343929886,0.6264425328029921,-0.8607647503606549,0.9088082053599023,-1.4789503024865835,-0.6695296954904965,-0.05842496761988008,-0.35457952313186597,1.7927132340301661,1.8112443387393296,0.8484302466378758,0.031456802375078835,1.4479226788363535,1.3950366076679321,0.8190041251243017,0.2591477446793583,1.7421615438502667,1.3959396597768314,0.7983968445586783,0.35125239565393596,-1.307789637954657,-0.6306389205209096,0.43025863740146525,1.4593522889075607,-0.5586595824946541,0.9577582337019831,0.3795385787987886,0.621203633358731,0.32703278069205455,-0.9712643003333254,-0.25870336385896797,-0.07597370854991987,-1.0444929150688271,-1.060472519632525,-0.39919980667488864,-0.03831560074747024,0.20452331605063975,0.881115188433107,0.027731390600143183,0.4641394948594582,-0.5077220601367906,-0.8007594319483318
-0.545356634216675,0.09705173337952736,-0.36217179412848266,0.9131338247187024,-0.8939162074337866,0.9511898534701624,-1.7855621758547184,-0.5753428040370382,-0.010114703041581009,-0.4869068637438267,1.6232111280447672,1.78618131216632,0.9175163570616355,-0.09284664963863185,1.3950366076679321,1.4224690959496815,0.8086065715986206,0.3153712601717703,1.5156138090775146,1.0933722249053759,0.5964456540201125,0.2740788735253812,-1.3602738864570065,-0.3865219151585873,1.0535629405534797,1.710046374301958,-0.8003404618176125,0.9563393565906952,0.4434980144550107,0.5457646879444124,0.5236793787134729,-1.1648419659185703,-0.2089358124384861,0.02932805085577829,-0.8180546445950376,-1.0566933189294068,-0.29161438621474384,-0.2867619862970258,0.20946160003233796,1.0336481702244118,-0.11475699909985197,0.5516741886059404,-0.8491839830713291,-0.9480477721740239
-0.28312048703307635,0.10729076997480132,-0.3083414490781386,0.4921820016066627,-0.5371044599665143,0.22636235289228634,-0.9133677858324863,-0.37707609094132616,-0.08331044690625865,-0.3285676710342795,0.7324648210054335,1.0208315378028046,0.7364418264078924,-0.12660895115326506,0.8190041251243017,0.8086065715986206,0.5358694121581494,0.03437745298034876,0.554395306209533,0.6104459763871045,0.2144624552270341,0.040861242665485166,-0.6171749656063036,-0.03345423788550051,0.6520568860889193,0.9489898071130743,-0.3226318703216355,0.365087945327102,0.23749907170720694,0.14659670582675352,0.34113507886721894,-0.3213567159424634,-0.061595386307562276,0.1894727137226818,-0.35813412723742954,-0.3868004908229626,-0.12676982643790924,-0.25411969436074683,0.14932290846665058,0.5689648126753281,-0.12582987379833424,0.3399082039548105,-0.32374706608048825,-0.3632060874613334
-0.18444443347747305,-0.07735309907355681,0.13232418272698915,0.24172305247055687,-0.14067578030074593,0.8455081075946198,-0.58652943129674,-0.023390716119092176,0.15398017475710124,0.005988904116664306,0.755900357003932,0.37467850830261007,-0.23473071994274694,0.13776176797647896,0.2591477446793583,0.3153712601717703,0.03437745298034876,0.36699731191428164,0.971853823952533,0.266856688167363,0.3956326119139882,0.2990600485568065,-0.6201021425172702,-0.47837201131517154,0.0926248516182753,0.41450000115879915,-0.43619336311776236,0.5786729030094799,0.11975887354879831,0.4617390386072525,0.021165448060787694,-0.9409451879027524,-0.1646740996702428,-0.34143337604968405,-0.40889661104011776,-0.6660759043740213,-0.1511741402976417,0.1371185374638522,-0.011359222931666373,0.2544118827863515,0.11125038146588948,0.06063765406253202,-0.49192296797267493,-0.5584848823907496
-1.37652957044072,0.3883665386330034,0.2516930370393575,-0.2944002105101859,-0.6943827399334553,2.80933637264609,-1.0797732663752397,-0.8394099487070612,0.2178617518887845,0.4542327125234872,3.95549771227579,2.1548864038512643,-0.6123319666139884,1.0083372477376946,1.7421615438502667,1.5156138090775146,0.554395306209533,0.971853823952533,4.845997948519126,2.909998896710622,2.5226447738198874,1.431864329201777,-2.2739613160038172,-2.8840806965089456,-2.398463111251805,0.8054524302202991,-0.47209565122395547,2.225411833779625,0.256980995256852,2.0493820185210914,-0.690531958374671,-2.4275368000938187,-0.8585920762639019,-1.5571566779513022,-2.802550467299453,-2.55894522144843,-1.1527118819822189,1.5476754202087109,0.04130898513482578,0.49914900668206774,1.008595139291045,0.013327740566221557,-0.15545993630924315,-1.4003095873008409
-1.0195420178345578,0.5135019125182076,-0.0968381030567395,-0.5169540087804558,-0.5588501506621435,1.1824245483825835,-0.27818639824703983,-0.8417706841811143,-0.08915112572585145,0.2936842008105431,2.5277810767759923,1.6448880971278341,0.07673397110981026,0.6364374397890711,1.3959396597768314,1.0933722249053759,0.6104459763871045,0.266856688167363,2.909998896710622,2.378185158801726,1.6757552940159453,0.7997000469168483,-1.2015680757974079,-1.803334845017404,-2.1120165972182106,0.3287298262579348,0.20856828162509097,1.1463481267043971,0.10856488546682443,1.1143651171661706,-0.5508180985120155,-0.7067876950672474,-0.5171861930324638,-0.7713005547438778,-1.9540411402714037,-1.3110515759180317,-0.8250895655541881,1.0832029838322583,0.10146667334096862,0.20561560310439064,0.6794328234587161,0.02183819109733965,0.5840759633101389,-0.43936455460292895
-0.7537160730933921,0.30631466347623865,0.16682871655435277,-0.5402239785608624,-0.2290823298849745,1.2678941046830055,-0.0422756477432733,-0.4673098824113164,0.056687561542888384,0.4145406119005156,2.006645949162161,0.9370573630967078,-0.4629493280763897,0.6453222074197739,0.7983968445586783,0.5964456540201125,0.2144624552270341,0.3956326119139882,2.5226447738198874,1.6757552940159453,1.4229616606700015,0.7722510457700719,-0.9528139608396439,-1.6673010355410969,-1.9661632367289819,-0.025650015912977126,0.09816760396568354,1.0239927404029912,0.017509650612573896,1.0542218537434676,-0.6048490383509232,-0.8936383948008478,-0.4630127110432591,-0.8922212927743319,-1.5670564429955016,-1.1827273391570678,-0.6641818258680053,1.0663242945063556,-0.002240867631637077,-0.011180807485083839,0.667797611741425,-0.13989122086708114,0.3705422953495603,-0.4507850176835254
-0.3785093265986179,0.10661625773133693,0.16296218183687766,-0.2471710957927297,-0.08127449569336431,0.8386995443459456,-0.08249323756292833,-0.1786898046612713,0.08661369890225724,0.2431813516821961,1.094796478340899,0.42665340413364045,-0.3932621874973854,0.3681385182781785,0.35125239565393596,0.2740788735253812,0.040861242665485166,0.2990600485568065,1.431864329201777,0.7997000469168483,0.7722510457700719,0.45650518722190664,-0.5660167963804869,-0.9395128043192442,-0.9944313063118763,-0.009026018497012522,-0.046490160911338486,0.6208206390734157,0.01433680141097361,0.6274392923251776,-0.32653442259058957,-0.6785779936982862,-0.2638033904785468,-0.5575793367599143,-0.826479375626171,-0.7201899130827716,-0.34681361771369484,0.5848912829455489,-0.02534637594433865,-0.001609423750545631,0.37022474855222615,-0.09272829744836898,0.06469949665382192,-0.3421733047942378
0.6391928667260861,-0.023260561366940685,0.1042310261342335,-0.8143239361023978,0.7840013006298727,-1.624824437511609,1.822149924050255,0.4724464165656714,-0.15050834735740304,0.2892875879187126,-2.0833135583721303,-1.7111022384326677,-0.35826355135893057,-0.13975744340745586,-1.307789637954657,-1.3602738864570065,-0.6171749656063036,-0.6201021425172702,-2.2739613160038172,-1.2015680757974079,-0.9528139608396439,-0.5660167963804869,1.6551656244436894,0.9142629413105601,-0.6154848225781335,-1.5929286820055677,0.973036236588663,-1.3416388026962072,-0.4292310926433821,-0.9439578451125928,-0.3211833664925412,1.8283972088971965,0.3556773295449186,0.4104234507045504,1.135936512020596,1.5133906530089636,0.4213730166206643,-0.0474103289819349,-0.13299374045752083,-0.9678831633784147,-0.09975079108949109,-0.4298191773617148,1.0348306520804171,1.2556167946645835
0.8099937605823394,-0.3315871914940242,-0.34305816715070014,0.8804379523007324,0.05088974507510478,-1.4760482119885001,-0.34162639124868155,0.4101189574165241,-0.1096250057219615,-0.6558596155248019,-2.167574046682068,-0.7117204361989558,0.896673848092697,-0.8551380676724568,-0.6306389205209096,-0.3865219151585873,-0.03345423788550051,-0.47837201131517154,-2.8840806965089456,-1.803334845017404,-1.6673010355410969,-0.9395128043192442,0.9142629413105601,2.051814826010892,2.7141617528218447,0.4421586701691811,-0.25674287767314746,-1.1129541558773712,0.08185415854512929,-1.244404290496621,0.8952098587560329,0.9743637373649371,0.5467851393463063,1.1861942514433141,1.7841644007024886,1.2989522965394493,0.7674297964451573,-1.4324682016557988,0.06803404175503082,0.2620860084213998,-0.8833966874123285,0.3211288944082138,-0.5947794931145011,0.40420624544348027
0.7676118730876293,-0.7430898800408944,-0.6859056037196212,2.9990466641773734,-0.923434707565014,-0.3364408707326416,-3.3718903785808245,0.2966119878882714,0.10695749551164639,-1.6779343513509442,-1.3559437164989847,0.8360956005706561,2.0065269151376626,-1.4711789352535434,0.43025863740146525,1.0535629405534797,0.6520568860889193,0.0926248516182753,-2.398463111251805,-2.1120165972182106,-1.9661632367289819,-0.9944313063118763,-0.6154848225781335,2.7141617528218447,6.419763778315212,3.144452927797794,-2.0936668805656233,-0.18655262417922294,0.779537029522511,-1.0302266311623054,2.238296742322235,-1.0337379291746291,0.5613083586373133,1.6299598149433845,1.992176050472653,0.2869006767175616,0.9604805110072578,-2.769705217527769,0.2774685493388297,1.8963959659472551,-1.6043883810976811,1.2098449763187507,-2.918041847957399,-1.1631432803977704
-0.2763158696645031,-0.18832549647185035,-0.5161593691850277,1.9004085223060512,-1.1495041078188222,0.9676787380395371,-2.89819071991737,-0.4178021676262911,0.06855900703473185,-1.0015096686688432,1.19542554131756,1.9766131782659833,1.4327353819300601,-0.5433375037312547,1.4593522889075607,1.710046374301958,0.9489898071130743,0.41450000115879915,0.8054524302202991,0.3287298262579348,-0.025650015912977126,-0.009026018497012522,-1.5929286820055677,0.4421586701691811,3.144452927797794,2.707610136388888,-1.5451971084892508,0.9507466774257776,0.6931640075564142,0.26527104290172626,1.233814060647035,-1.6503128541212349,-0.04048747859481932,0.4821714773767197,-0.16542508049219426,-1.027305310846532,0.024881238347123188,-1.158102418304278,0.27717883605080906,1.634875804909749,-0.6159927492455196,0.9176927686056502,-1.8841681244424038,-1.395019414869827
0.030129940100212516,0.2816324353457793,0.11193014788915276,-1.230305554480433,0.5216983426636435,-0.8770159595989271,1.7944663469206872,0.008253068362855899,-0.18838664194481974,0.5430174252993681,-0.5710005902270553,-0.8438700529426334,-0.45798194094373357,0.30091121214503597,-0.5586595824946541,-0.8003404618176125,-0.3226318703216355,-0.43619336311776236,-0.47209565122395547,0.20856828162509097,0.09816760396568354,-0.046490160911338486,0.973036236588663,-0.25674287767314746,-2.0936668805656233,-1.5451971084892508,1.152506903824327,-0.64951451520295,-0.4040692773250926,-0.23473807249113007,-0.7363850089122833,1.3989982928730096,0.02906101197302311,-0.1312015510302295,-0.06500358852971438,0.7233336017832249,-0.09113548695572725,0.701736430812236,-0.09474587004778168,-0.9363914707344089,0.36990543516112684,-0.48241009017821956,1.4529015643434524,1.020528119963852
-0.593535721751218,0.0545950890606274,0.06041458633209992,0.3601736659839794,-0.5017260864460938,1.5228240704703528,-1.1616183737555792,-0.3585913869219524,0.16321411424482082,-0.023969410521916736,1.892594843187536,1.2438912273118767,-0.07005362924591038,0.3064475912434775,0.9577582337019831,0.9563393565906952,0.365087945327102,0.5786729030094799,2.225411833779625,1.1463481267043971,1.0239927404029912,0.6208206390734157,-1.3416388026962072,-1.1129541558773712,-0.18655262417922294,0.9507466774257776,-0.64951451520295,1.1932071878851056,0.2676236721073093,0.9549768692870648,0.00161207454838862,-1.5672621652064285,-0.37253908203663105,-0.6004514279377938,-1.156128868048106,-1.35906263645292,-0.45047521409791497,0.37451291440438633,0.056068464590350926,0.5796947079698888,0.27989115968951583,0.19670928269814295,-0.6334841609703231,-0.9892721445390461
-0.07988252055586645,-0.049440847373259,-0.12423016802532603,0.4814996660018949,-0.2939271741955323,0.28674702303722077,-0.7508290347758628,-0.10963366111213266,0.02575813677633215,-0.24885201331777096,0.34318096163972023,0.5207412813083445,0.3438849074193024,-0.126310136670243,0.3795385787987886,0.4434980144550107,0.23749907170720694,0.11975887354879831,0.256980995256852,0.10856488546682443,0.017509650612573896,0.01433680141097361,-0.4292310926433821,0.08185415854512929,0.779537029522511,0.6931640075564142,-0.4040692773250926,0.2676236721073093,0.1811937988199176,0.09074064565059668,0.30517807897961713,-0.4596625883304661,-0.020142455770795535,0.09879111663476771,-0.06827773617797003,-0.294113867827189,-0.0036634123784615755,-0.2778995502969168,0.06681653165125123,0.4210926717095434,-0.1473341033084561,0.23429309556309266,-0.49188403798290503,-0.3765472977189405
-0.5433519127274348,0.12112439223664374,0.17742773741384635,-0.1392791136637203,-0.22478706490317168,1.2644603553972733,-0.41614752091260615,-0.27728205028248054,0.1337554651733715,0.2322143749411282,1.6219770043738428,0.7769850522307723,-0.40699269552277834,0.45024233130453967,0.621203633358731,0.5457646879444124,0.14659670582675352,0.4617390386072525,2.0493820185210914,1.1143651171661706,1.0542218537434676,0.6274392923251776,-0.9439578451125928,-1.244404290496621,-1.0302266311623054,0.26527104290172626,-0.23473807249113007,0.9549768692870648,0.09074064565059668,0.8931316869610431,-0.320771162290442,-1.1204302962219757,-0.3669855635358854,-0.7197051219611466,-1.1453591694770457,-1.1007113623813176,-0.470966456963885,0.6832127704250297,-0.007935007186006022,0.16501499002583966,0.4453180716936542,-0.034610825961349206,-0.11976631467728795,-0.6215448201609525
0.18850175580519063,-0.2121646111406046,-0.3023817680975641,1.0830032893913932,-0.42509330140264945,-0.09573066542339516,-1.2894638932044373,0.005283798978404587,0.004697141736484899,-0.6253607022187472,-0.29771262024464756,0.5013931734447554,0.8436308176496595,-0.5144960577874899,0.32703278069205455,0.5236793787134729,0.34113507886721894,0.021165448060787694,-0.690531958374671,-0.5508180985120155,-0.6048490383509232,-0.32653442259058957,-0.3211833664925412,0.8952098587560329,2.238296742322235,1.233814060647035,-0.7363850089122833,0.00161207454838862,0.30517807897961713,-0.320771162290442,0.811342586172649,-0.3675191139756122,0.17539064900978893,0.5918606315736853,0.5787063188969515,0.03294750326896643,0.2881224745847872,-0.9677506222492163,0.12705243535284172,0.7420826389014825,-0.5561891838504642,0.47207394448933404,-1.0017921133886594,-0.4397123892610383
0.4902255601328758,0.2258211822551909,-0.16204468578182676,-1.0459031036686977,0.6199434089103651,-2.1848057872784366,2.0964908515716165,0.16522927343082547,-0.3743117641103746,0.25032737948329276,-2.0387576455207936,-1.381752995901737,0.16474294267361553,-0.1722391024346112,-0.9712643003333254,-1.1648419659185703,-0.3213567159424634,-0.9409451879027524,-2.4275368000938187,-0.7067876950672474,-0.8936383948008478,-0.6785779936982862,1.8283972088971965,0.9743637373649371,-1.0337379291746291,-1.6503128541212349,1.3989982928730096,-1.5672621652064285,-0.4596625883304661,-1.1204302962219757,-0.3675191139756122,2.5820180838279247,0.386970769109816,0.6571193957361694,0.9777131995482304,1.7935912772141673,0.33802330498088234,-0.010686796153483299,-0.042315653117598426,-1.0101079642404145,-0.0892546560693921,-0.3844787150746602,1.6181003211872702,1.640852786673521
0.2400953878245535,-0.07652515834241877,-0.0686326974654204,0.12769614502952348,0.08020024796242989,-0.48256769248879167,0.0853768100403654,0.13471411264238306,-0.039481103620298205,-0.12318285535388437,-0.6779347752873349,-0.3150824404676034,0.1738638981059004,-0.2069748783742766,-0.25870336385896797,-0.2089358124384861,-0.061595386307562276,-0.1646740996702428,-0.8585920762639019,-0.5171861930324638,-0.4630127110432591,-0.2638033904785468,0.3556773295449186,0.5467851393463063,0.5613083586373133,-0.04048747859481932,0.02906101197302311,-0.37253908203663105,-0.020142455770795535,-0.3669855635358854,0.17539064900978893,0.386970769109816,0.15677901708332553,0.3066667851844361,0.5064698907522857,0.43171154944257367,0.2117647310961125,-0.3297469115212033,0.00423245405285865,-0.027428655948857662,-0.2095487973904024,0.033886991277505656,-0.04099366227661441,0.2051122299821142
0.3585600462700866,-0.10345503464408158,-0.3383553753274948,0.5771054165030735,-0.1470250460653627,-0.925126932752464,-0.3626205330343227,0.07084481676378303,-0.13559838142337238,-0.47017599230218793,-1.0518369643428516,-0.07697812821857555,0.8273675011235643,-0.5319319130391702,-0.07597370854991987,0.02932805085577829,0.1894727137226818,-0.34143337604968405,-1.5571566779513022,-0.7713005547438778,-0.8922212927743319,-0.5575793367599143,0.4104234507045504,1.1861942514433141,1.6299598149433845,0.4821714773767197,-0.1312015510302295,-0.6004514279377938,0.09879111663476771,-0.7197051219611466,0.5918606315736853,0.6571193957361694,0.3066667851844361,0.7928623144649901,0.899486275195623,0.7163041051689903,0.389669315751662,-0.8789551707916768,0.09983180505243026,0.2830734574924803,-0.5362682586313617,0.2808335138659649,-0.2860728559971722,0.23243620311041543
0.8725107353681774,-0.36448869075255264,-0.09601996685182344,0.4901413596223639,0.36605310247057055,-1.369220222812472,0.2196816361076489,0.5978175160924949,-0.031240446079251995,-0.37105306726235043,-2.301122128989462,-1.2384113380898496,0.31082238851114447,-0.6619881034028887,-1.0444929150688271,-0.8180546445950376,-0.35813412723742954,-0.40889661104011776,-2.802550467299453,-1.9540411402714037,-1.5670564429955016,-0.826479375626171,1.135936512020596,1.7841644007024886,1.992176050472653,-0.16542508049219426,-0.06500358852971438,-1.156128868048106,-0.06827773617797003,-1.1453591694770457,0.5787063188969515,0.9777131995482304,0.5064698907522857,0.899486275195623,1.7607159773319312,1.3296881012599793,0.7418668439331834,-1.09022663414873,-0.03186989313328039,-0.10501181051470072,-0.6877566278881592,0.07283570226231942,-0.36302401937557355,0.535972863138252
0.6737415000306649,-0.06110676479970318,-0.08691074173564563,-0.3718854199316624,0.5429732400740346,-1.7553881310979118,1.2761819165612462,0.39803863740755474,-0.19652414033827179,8.740635803487657e-4,-2.1570839709050382,-1.382986471177985,0.1367826016479562,-0.36830090404591137,-1.060472519632525,-1.0566933189294068,-0.3868004908229626,-0.6660759043740213,-2.55894522144843,-1.3110515759180317,-1.1827273391570678,-0.7201899130827716,1.5133906530089636,1.2989522965394493,0.2869006767175616,-1.027305310846532,0.7233336017832249,-1.35906263645292,-0.294113867827189,-1.1007113623813176,0.03294750326896643,1.7935912772141673,0.43171154944257367,0.7163041051689903,1.3296881012599793,1.5581757888460337,0.5194370544398454,-0.4633709350651008,-0.05302969321858689,-0.630485389687801,-0.3369826966316064,-0.2050734481300325,0.7019625369770494,1.119975387174385
0.3629343903312508,-0.16666226811576668,-0.05214679328433435,0.2785829504865629,0.11914443069741663,-0.5312115057079605,-0.013591637177499295,0.24469278662906072,-0.005784661347092803,-0.19062389858998338,-0.9322235704999388,-0.4619798317057042,0.16789885315075886,-0.29793787476266237,-0.39919980667488864,-0.29161438621474384,-0.12676982643790924,-0.1511741402976417,-1.1527118819822189,-0.8250895655541881,-0.6641818258680053,-0.34681361771369484,0.4213730166206643,0.7674297964451573,0.9604805110072578,0.024881238347123188,-0.09113548695572725,-0.45047521409791497,-0.0036634123784615755,-0.470966456963885,0.2881224745847872,0.33802330498088234,0.2117647310961125,0.389669315751662,0.7418668439331834,0.5194370544398454,0.3167273079199482,-0.5016563272728138,-0.0063360058686675325,0.013428705563774113,-0.31286860585459286,0.06156523512853886,-0.23249695779416552,0.16894917989923933
-0.4374154088113464,0.2950356262938889,0.3558440045781808,-1.192011597024739,0.32204384157991744,0.566328696648133,1.1763189032061903,-0.15432488459492116,0.026659583161210327,0.7327929229930693,0.9893317221165668,-0.15446721545736294,-0.9771630272270568,0.7123447712544826,-0.03831560074747024,-0.2867619862970258,-0.25411969436074683,0.1371185374638522,1.5476754202087109,1.0832029838322583,1.0663242945063556,0.5848912829455489,-0.0474103289819349,-1.4324682016557988,-2.769705217527769,-1.158102418304278,0.701736430812236,0.37451291440438633,-0.2778995502969168,0.6832127704250297,-0.9677506222492163,-0.010686796153483299,-0.3297469115212033,-0.8789551707916768,-1.09022663414873,-0.4633709350651008,-0.5016563272728138,1.2833363217188052,-0.12390163759499988,-0.6968535919434046,0.7581974474257047,-0.49305318270037674,1.0400032396984487,0.23134160479155896
-0.04932114160621022,0.02021930572689881,-0.09962613312859223,0.16644880406562482,-0.14771221060522408,-5.303801460475307e-5,-0.25940227101161767,-0.0906311280725436,-0.030285532590484537,-0.11481630025966635,0.11885059608917686,0.25456802156495506,0.24247631121838017,-0.06780123538337465,0.20452331605063975,0.20946160003233796,0.14932290846665058,-0.011359222931666373,0.04130898513482578,0.10146667334096862,-0.002240867631637077,-0.02534637594433865,-0.13299374045752083,0.06803404175503082,0.2774685493388297,0.27717883605080906,-0.09474587004778168,0.056068464590350926,0.06681653165125123,-0.007935007186006022,0.12705243535284172,-0.042315653117598426,0.00423245405285865,0.09983180505243026,-0.03186989313328039,-0.05302969321858689,-0.0063360058686675325,-0.12390163759499988,0.04611253252692916,0.16483869512832958,-0.06749871540405267,0.10403014326539839,-0.10401424782509493,-0.07884223393682892
-0.16703017479390692,-0.11640249471603901,-0.309995213093382,1.1475610979722122,-0.6919626815331643,0.5973610920635736,-1.7555181492847298,-0.2530818993823048,0.044728660698555606,-0.6035480913001654,0.730064818706374,1.199864224010619,0.8567058456654806,-0.32550038323825253,0.881115188433107,1.0336481702244118,0.5689648126753281,0.2544118827863515,0.49914900668206774,0.20561560310439064,-0.011180807485083839,-0.001609423750545631,-0.9678831633784147,0.2620860084213998,1.8963959659472551,1.634875804909749,-0.9363914707344089,0.5796947079698888,0.4210926717095434,0.16501499002583966,0.7420826389014825,-1.0101079642404145,-0.027428655948857662,0.2830734574924803,-0.10501181051470072,-0.630485389687801,0.013428705563774113,-0.6968535919434046,0.16483869512832958,0.9905689438355479,-0.37124286650922983,0.5559496188789137,-1.1450124059984828,-0.8502305068837008
-0.2833433199147301,0.17229884465543907,0.21025435935465947,-0.6671853569258789,0.1587677099944034,0.40588670224345647,0.6158860787982107,-0.10511155839725805,0.023372956865879153,0.4213948527139448,0.6689775246710289,-0.02660216613393263,-0.5659602367401617,0.4273619309943366,0.027731390600143183,-0.11475699909985197,-0.12582987379833424,0.11125038146588948,1.008595139291045,0.6794328234587161,0.667797611741425,0.37022474855222615,-0.09975079108949109,-0.8833966874123285,-1.6043883810976811,-0.6159927492455196,0.36990543516112684,0.27989115968951583,-0.1473341033084561,0.4453180716936542,-0.5561891838504642,-0.0892546560693921,-0.2095487973904024,-0.5362682586313617,-0.6877566278881592,-0.3369826966316064,-0.31286860585459286,0.7581974474257047,-0.06749871540405267,-0.37124286650922983,0.45339321346096223,-0.27494742098300307,0.5651949123672968,0.0809277997994621
-0.03945928551767945,-0.06247213216362257,-0.2294470312355923,0.6694507851219632,-0.39051799762015177,0.13928576046210295,-0.9525463792561286,-0.13836795461628276,-0.007116024908140097,-0.38823523928573667,0.2225966353423396,0.6341519803161197,0.5984988637619408,-0.2515437880924768,0.4641394948594582,0.5516741886059404,0.3399082039548105,0.06063765406253202,0.013327740566221557,0.02183819109733965,-0.13989122086708114,-0.09272829744836898,-0.4298191773617148,0.3211288944082138,1.2098449763187507,0.9176927686056502,-0.48241009017821956,0.19670928269814295,0.23429309556309266,-0.034610825961349206,0.47207394448933404,-0.3844787150746602,0.033886991277505656,0.2808335138659649,0.07283570226231942,-0.2050734481300325,0.06156523512853886,-0.49305318270037674,0.10403014326539839,0.5559496188789137,-0.27494742098300307,0.33730294864620214,-0.6072932953350582,-0.38595772221533475
-0.10889800527953492,0.42114231454323076,0.13830929986995488,-1.6074101776801724,0.575906457887357,-0.9009873102755147,2.1995507211929484,-0.0984414594703678,-0.23959639738792496,0.726480020505337,-0.3442721270103732,-0.8353408847368937,-0.5832317835272046,0.4718292413969962,-0.5077220601367906,-0.8491839830713291,-0.32374706608048825,-0.49192296797267493,-0.15545993630924315,0.5840759633101389,0.3705422953495603,0.06469949665382192,1.0348306520804171,-0.5947794931145011,-2.918041847957399,-1.8841681244424038,1.4529015643434524,-0.6334841609703231,-0.49188403798290503,-0.11976631467728795,-1.0017921133886594,1.6181003211872702,-0.04099366227661441,-0.2860728559971722,-0.36302401937557355,0.7019625369770494,-0.23249695779416552,1.0400032396984487,-0.10401424782509493,-1.1450124059984828,0.5651949123672968,-0.6072932953350582,1.8854594213387665,1.200942123918301
0.30883947299436126,0.15013586544711405,0.02811509660709743,-0.9184164485843227,0.5540313435184939,-1.3020819134209496,1.6589344517276279,0.17676373627296924,-0.20010070582030917,0.3338848417019982,-1.2855522252253604,-1.1173190699131366,-0.21885784485017515,0.02391336989669448,-0.8007594319483318,-0.9480477721740239,-0.3632060874613334,-0.5584848823907496,-1.4003095873008409,-0.43936455460292895,-0.4507850176835254,-0.3421733047942378,1.2556167946645835,0.40420624544348027,-1.1631432803977704,-1.395019414869827,1.020528119963852,-0.9892721445390461,-0.3765472977189405,-0.6215448201609525,-0.4397123892610383,1.640852786673521,0.2051122299821142,0.23243620311041543,0.535972863138252,1.119975387174385,0.16894917989923933,0.23134160479155896,-0.07884223393682892,-0.8502305068837008,0.0809277997994621,-0.38595772221533475,1.200942123918301,1.1167505282722578
