V1,V2,V3,V4,V5,V6,V7,V8,V9,V10,V11,V12,V13,V14,V15,V16,V17,V18,V19,V20,V21,V22,V23,V24,V25,V26,V27,V28,V29,V30,V31,V32,V33,V34,V35,V36,V37,V38,V39,V40,V41,V42,V43,V44
2.9708199602364784,-1.0630762832012042,-0.12703034102723798,0.4554840570581153,1.8690271193269015,-4.557262125966853,2.0279358375504595,1.9896332973973774,0.07908513881651763,-0.6127864510000719,-7.51968317704333,-4.539113740015396,-0.08932763481279003,-1.6788464309456614,-3.9972027509516415,-3.5136378128341255,-1.9561588821577003,-1.6156711736491658,-8.795892027460733,-5.665987713611444,-4.823283261915646,-2.4446884734618504,4.328131493735283,5.202959810786472,4.435088588316949,-1.983919861649452,0.6821411353838034,-4.0360185748891375,-0.40794206831444274,-3.638390411529808,0.856203158375471,3.54053496824214,1.592362341366954,2.1217444094323232,5.406841830552176,4.32833684546711,2.2232875747966987,-2.761542089588809,-0.5097243205061774,-1.0379022887905098,-1.8738697795672217,-0.07844726279432973,-0.38687976833953636,2.1652799595818935
-1.0630762832012042,0.5895109559433687,-0.03991783717922835,-0.29782487905135885,-0.6956367643593169,1.4790538690073072,-0.6967582591682682,-0.4295090856831237,0.31035132007519334,0.2886318235395663,2.7959482568706453,1.2957940456638604,-0.0528699701022334,0.6859215808643843,1.4683912344350347,1.2442193530813064,0.8102615396245032,0.5400352517481637,3.227571384333347,1.9090606548599345,1.6562457285288708,0.908945090026832,-1.5526132589909496,-1.989585253088408,-1.695549678279952,0.6680168384142425,-0.2820946906705535,1.501408828396482,0.025985330941857926,1.4603105216734513,-0.542909356015507,-1.3978395303621305,-0.4934095931004846,-0.6214549667589008,-1.9326864718746375,-1.663959029871983,-0.9267249757808491,1.145677319962144,0.12494748337906929,0.18987432735197818,0.8646176438404671,-0.013600486378092996,0.15588293272197454,-0.7307562361086885
-0.12703034102723798,-0.03991783717922835,0.34986524478663966,-0.021307311601926445,-0.05083168319889563,-0.18992761824225904,0.1543990439574538,0.04578499467115098,-0.3631387846081676,0.16417222431768574,0.07512248381587516,-0.3414113750864892,0.09832605920289261,0.17206207748299984,0.026204573766670278,-0.08605186129543717,0.022703140556778443,0.10233793103058955,0.16124183041280457,-0.24794681845229424,0.21448585604722456,0.20643895784571795,-0.12214012491828045,-0.2566148710813494,-0.3925006643098016,0.07333110169124939,0.2781705351084581,0.14599812035694484,-0.17709978423161696,0.16463669440826917,0.08898491461304102,0.2620369015786305,0.0386201528031589,-0.10209223696859941,-0.07691405251778966,0.3262267084570112,-0.06576532065605882,0.032730164937235996,0.07157091463454586,-0.12053332482327321,0.23470064791580614,-0.2881599208446204,0.27151351128427675,0.08118145815467008
0.4554840570581153,-0.29782487905135885,-0.021307311601926445,0.8787761146216216,0.11416147941907905,-0.6414209263943377,-0.24713128782295093,0.0021335423407335915,-0.36246585905146733,-0.319833611327182,-1.3515021669932858,-0.6587864403802747,0.39642855052549625,-0.6650336415997342,-0.3375499940328962,-0.27963623261877363,-0.3560426135685219,-0.15140626017650274,-1.5096541983392762,-1.212937961815023,-0.7052043999976156,-0.42836594762748104,0.5723473155383363,0.9608266977516875,1.7389108286761357,0.46633402416558395,-0.33481015175251333,-0.6549360966915115,-0.0079633843153859,-0.7440571583720539,0.5509184725817743,0.5060683744527543,0.36029192858738274,0.27029347646075164,1.0602967391181148,0.74278038861429,0.5553208547589382,-0.9323575893507706,0.06664734449642813,0.22792140419747192,-0.7079349048016296,-0.10821637556555562,-0.416645760681153,0.16383911576755514
1.8690271193269015,-0.6956367643593169,-0.05083168319889563,0.11416147941907905,1.3436247095161233,-2.8138308762691926,1.6142873342123945,1.0527247445210848,-0.09464295324923573,-0.2797093092394406,-4.8081898298600105,-2.830167054418982,-0.2395287696913754,-1.0517896537557683,-2.614704195869394,-2.3578597630573124,-1.4512427594963915,-1.0809004984981772,-5.500903664365431,-3.324925752496484,-2.8926776602013757,-1.5266065211704742,2.9250645499035524,3.1704863926211178,2.366309995939721,-1.5601347301918256,0.6103860535265349,-2.6870123242418,-0.26575760374637564,-2.3804331737359687,0.38221650715935895,2.443185349442176,0.9560700101913526,1.0870040514365424,3.314025046776177,2.7610633958607456,1.4294128533690016,-1.6120877746689555,-0.34535752509957635,-0.7458085028878811,-1.237312949271993,-0.13998724467195417,-0.010842320806060912,1.496132535122458
-4.557262125966853,1.4790538690073072,-0.18992761824225904,-0.6414209263943377,-2.8138308762691926,7.935972972923565,-3.598499249563678,-3.7409290608741697,0.01530828109903219,0.7189046175800947,12.152816061271032,8.515281520967209,-0.10321491092328601,2.495548686160756,6.396133443152398,5.736539460091356,2.69713749573411,2.4086335872565434,14.210063054922266,10.168954427711569,7.671832660800312,3.7619258948758536,-6.862494509345014,-8.03645588339791,-6.739763238525524,3.091714170776513,-1.258661088349251,6.31325118359624,1.1751144069539077,5.52089143886192,-1.4384467859140269,-6.119074972476056,-2.739573471488284,-3.8467451017474135,-8.811444275514129,-7.502716495709366,-3.412393134337366,4.25705560408542,0.5808452391048674,2.1804243776193513,2.4629265489212724,0.6778178810251274,0.13584515349472318,-3.8253814559590555
2.0279358375504595,-0.6967582591682682,0.1543990439574538,-0.24713128782295093,1.6142873342123945,-3.598499249563678,2.7501841551179966,1.4273628282747766,-0.3396843921336918,-0.1263054366740539,-6.038117234120454,-4.055854582373226,-0.2264577480665121,-1.1805061075704408,-3.332121072228969,-2.941878706346226,-1.3717413361171966,-1.1509428739144398,-6.861237933875786,-4.575154933663319,-3.3409831379393045,-1.9141165696236844,3.727860846190116,3.64407182047506,2.0960677530748484,-2.366382556588156,0.8979817876885589,-3.3274797087232617,-0.6587031208934189,-2.8313899754257523,0.5310142026398894,3.5731353965536914,1.060359608900081,1.7219410919472558,3.96618650174011,3.751930741064537,1.7049968326098732,-1.5342985460944258,-0.09188246333820957,-1.4300772065018967,-1.1758512731076936,-0.5493583230970556,0.7243149787642089,2.310268752110524
1.9896332973973774,-0.4295090856831237,0.04578499467115098,0.0021335423407335915,1.0527247445210848,-3.7409290608741697,1.4273628282747766,2.3838462043159416,0.5896446013835753,-0.2750049941896765,-5.025477701814479,-4.095635425467973,0.08328833932235219,-0.7556304278933342,-2.783083372031915,-2.467977056000108,-0.7079395235596918,-1.0648244599840095,-6.189939889315532,-4.814901079911736,-3.699777079513998,-1.5963840295377172,2.7248020597694573,3.531968641697854,2.9365482895840014,-1.305264362214614,0.5604766158355496,-2.4903124419310325,-0.6539413344358691,-2.052771391416643,0.4739389655990246,2.3744470383371277,1.294541255210947,2.22239855086573,3.8988247399756464,3.205002415081191,1.2423816671142909,-1.7001062045745465,-0.2945310517659978,-1.2097267441126054,-0.5817092111758595,-0.12584160245735337,-0.2315372153832952,1.6100833171110187
0.07908513881651763,0.31035132007519334,-0.3631387846081676,-0.36246585905146733,-0.09464295324923573,0.01530828109903219,-0.3396843921336918,0.5896446013835753,1.0015564787786215,-0.02670815065683554,0.5230265847491762,0.09367956186205843,-0.23746330691178846,0.2783007578772799,0.08829515626788487,0.10655752386505749,0.28128514700948115,-0.12564115942912352,0.3104763973440915,0.28815220309992023,-0.3216524920681087,0.02582430329078579,-0.24408725822011396,-0.03376747521048961,0.006576137064307638,-0.058101435454949085,-0.14104014239043502,0.26041786088863245,0.06356790375155114,0.3512653913997999,-0.4551899743629441,-0.7338674829736136,0.04249781781352912,0.30280927701346777,-0.11298008099274372,-0.5996007504645411,-0.30882119626192417,0.26102192654197276,-0.25565823252020803,-0.09988594112224841,0.3407603076565777,0.4128237359311203,-0.39402683464147675,-0.24007863337384128
-0.6127864510000719,0.2886318235395663,0.16417222431768574,-0.319833611327182,-0.2797093092394406,0.7189046175800947,-0.1263054366740539,-0.2750049941896765,-0.02670815065683554,0.3271404691000344,1.5767275256724607,0.5482994087601728,-0.14852045974233627,0.5214197091737732,0.7495100648844296,0.5023242393225945,0.2669673681427836,0.2550399632624915,1.905207087893617,1.1314743366961286,1.0608223459211101,0.6431125953666628,-0.7986574437551598,-1.2906152845617485,-1.4119424924212591,0.20377408912225445,0.15046889799935595,0.8158361024221904,-0.07145525134164461,0.8585912993807865,-0.4394588306340564,-0.5539762688887472,-0.2437986833101758,-0.5989738783993063,-1.1525381539537065,-0.7574175676466955,-0.552516709932771,0.7164937336535295,0.02764622029398857,-0.024491055352980087,0.58367004212045,-0.16493464271423122,0.299054813627979,-0.3133701231703891
-7.51968317704333,2.7959482568706453,0.07512248381587516,-1.3515021669932858,-4.8081898298600105,12.152816061271032,-6.038117234120454,-5.025477701814479,0.5230265847491762,1.5767275256724607,20.49991078401872,12.631480113378702,-0.2202220733520214,4.7811012184390735,10.6365243430879,9.153636112312547,4.659576349752196,3.89624473548827,23.785990924685855,15.979379942007727,12.45908383846714,6.7125006529183455,-11.692810029134133,-13.760730283875029,-11.597745813766553,5.376195392922253,-1.5929602834841512,10.891338914777812,1.427688040184649,9.85199796789734,-2.87083111265684,-10.257579912129145,-4.0732300129670564,-6.173697111545289,-14.446449841161993,-12.095263842220437,-6.11400368518532,7.17619521329905,0.7092163779778381,3.061330611329868,5.003074033471305,0.790471708516665,0.22777195240497247,-6.318685085004223
-4.539113740015396,1.2957940456638604,-0.3414113750864892,-0.6587864403802747,-2.830167054418982,8.515281520967209,-4.055854582373226,-4.095635425467973,0.09367956186205843,0.5482994087601728,12.631480113378702,9.669854167486594,-0.2102211254066121,2.5662214832703025,6.517878783000365,5.953476663048971,2.562326111555583,2.4175542257259672,14.707441510636864,11.132624413561436,7.798198561453122,3.8192905522542864,-7.1720125569042175,-7.997197579035907,-6.7000166985176834,3.161658850024879,-1.2815583418369685,6.531485678527671,1.5923630543181697,5.553641301046741,-1.3836264262607831,-6.655737940964722,-2.96576368459175,-4.1800009402930485,-9.156578280295479,-8.000535802266807,-3.4487896724518947,4.206731773751872,0.4039513065118184,2.653733876700211,2.302162241927744,1.1316630955249216,-0.22576454580380573,-4.257085598167862
-0.08932763481279003,-0.0528699701022334,0.09832605920289261,0.39642855052549625,-0.2395287696913754,-0.10321491092328601,-0.2264577480665121,0.08328833932235219,-0.23746330691178846,-0.14852045974233627,-0.2202220733520214,-0.2102211254066121,0.4570421247749347,-0.18256723449148396,0.0958805662885671,0.22479929704939036,0.37941908073455116,0.20229823091434648,-0.32462376637575036,-0.6986075756974811,-0.09242215426419549,-0.11640229294236007,-0.1460866969429247,0.21844983716181884,0.6436972233036096,0.43427211618370437,-0.29288913799275174,0.052132670142562794,-0.08811680155257888,-0.049594540519658864,0.4982470119720186,0.1278070790634836,0.025695488153409607,0.45182491141096165,0.22819326821695796,0.2761732517124738,0.11751255738113263,-0.24797442415939072,0.2809857751846072,0.08112865596231435,-0.04538245972434742,-0.09628247225183219,-0.06720472413642108,0.02593334399787427
-1.6788464309456614,0.6859215808643843,0.17206207748299984,-0.6650336415997342,-1.0517896537557683,2.495548686160756,-1.1805061075704408,-0.7556304278933342,0.2783007578772799,0.5214197091737732,4.7811012184390735,2.5662214832703025,-0.18256723449148396,1.4226828254270936,2.27960437598672,1.867643284573257,1.095561925608587,0.81728294642301,5.456566851628762,3.539253427488583,2.718512515181564,1.6614604818814245,-2.7138438393212905,-3.2238490109580056,-3.1107070712638754,1.0034076412773147,-0.008258149406850835,2.5850127375285195,0.20746919718582782,2.445736602804326,-0.8539061919925024,-2.2889539868917708,-0.8649870474077463,-1.3490279344711495,-3.3092092111766696,-2.60911201210405,-1.547992011973472,1.7861937269782737,0.050859605632096926,0.45181008493911934,1.5037918087083293,0.1702621313506571,0.1608372153022594,-1.3877583549446568
-3.9972027509516415,1.4683912344350347,0.026204573766670278,-0.3375499940328962,-2.614704195869394,6.396133443152398,-3.332121072228969,-2.783083372031915,0.08829515626788487,0.7495100648844296,10.6365243430879,6.517878783000365,0.0958805662885671,2.27960437598672,5.740332273889602,4.959073813717998,2.488186532589861,2.12043632447998,12.406385564244584,8.131333951427557,6.608071597636713,3.477523511303472,-6.139820938190388,-7.2032507475218654,-5.651894408466634,3.153211844456246,-1.0933911575379627,5.672654825965231,0.7042870659368549,5.089633289532222,-1.329894025172486,-5.329180765985396,-2.088460379621387,-3.2018819421116134,-7.481345551286428,-6.301003402346673,-3.111972144096977,3.5952878879797896,0.5077735006443355,1.7110664570561622,2.446744287328152,0.28174443105702796,0.057224876873583574,-3.3110193311268037
-3.5136378128341255,1.2442193530813064,-0.08605186129543717,-0.27963623261877363,-2.3578597630573124,5.736539460091356,-2.941878706346226,-2.467977056000108,0.10655752386505749,0.5023242393225945,9.153636112312547,5.953476663048971,0.22479929704939036,1.867643284573257,4.959073813717998,4.492222071016923,2.4336284241511073,1.9596816528511198,10.60757110133728,7.005988748268555,5.667143707920076,2.8352113088005044,-5.374702288381672,-6.033982972645736,-4.686020660594343,2.7046659073544497,-1.1625983890360152,4.921717976211177,0.7029316239507789,4.325166154114964,-0.8906137752728819,-4.669554172364117,-1.9611404322421933,-2.452589386999865,-6.480148704541754,-5.5245683442985785,-2.6301420846707044,3.1270077455778367,0.5840717582134939,1.5733118733652356,2.049136980854906,0.3900167992439005,0.03539142768066084,-2.873888580027259
-1.9561588821577003,0.8102615396245032,0.022703140556778443,-0.3560426135685219,-1.4512427594963915,2.69713749573411,-1.3717413361171966,-0.7079395235596918,0.28128514700948115,0.2669673681427836,4.659576349752196,2.562326111555583,0.37941908073455116,1.095561925608587,2.488186532589861,2.4336284241511073,1.97527575010047,1.2062999141734816,5.179295957944471,2.82642114051416,2.699436818323455,1.3397369002813582,-2.9221720870960275,-2.994584411748857,-2.4287481169691785,1.335294180380905,-0.7097485251410823,2.6863922998153194,0.1270766541374377,2.4150422718397855,-0.22648337612186087,-2.29728176567824,-1.032471627160879,-0.4308519227388993,-3.2112825577634343,-2.6182124352311695,-1.4529169600936187,1.8014230691989421,0.5648959975155561,0.4793133483935586,1.465041440317113,0.15704975436382854,0.21115966032722874,-1.282601829904868
-1.6156711736491658,0.5400352517481637,0.10233793103058955,-0.15140626017650274,-1.0809004984981772,2.4086335872565434,-1.1509428739144398,-1.0648244599840095,-0.12564115942912352,0.2550399632624915,3.89624473548827,2.4175542257259672,0.20229823091434648,0.81728294642301,2.12043632447998,1.9596816528511198,1.2062999141734816,0.9847054740668545,4.56459072072654,2.7967780317643673,2.5580725207402564,1.2371044331685646,-2.3605997379776,-2.6668602010530935,-2.1832525356541193,1.1387349236502817,-0.4625576872850582,2.1831273561139763,0.21305972148908278,1.9046707529071711,-0.21208618997254475,-1.8559745815007034,-0.8940129193305667,-0.9313580018331213,-2.81293922277554,-2.207833577320618,-1.1389266240563884,1.4083382833831386,0.3651271944675085,0.6147459997886809,0.988853162378333,0.010474276398718117,0.24336572289667663,-1.1381186787897315
-8.795892027460733,3.227571384333347,0.16124183041280457,-1.5096541983392762,-5.500903664365431,14.210063054922266,-6.861237933875786,-6.189939889315532,0.3104763973440915,1.905207087893617,23.785990924685855,14.707441510636864,-0.32462376637575036,5.456566851628762,12.406385564244584,10.60757110133728,5.179295957944471,4.56459072072654,27.823780070223382,18.76808629991319,14.787450837929578,7.872694887895987,-13.48031483025531,-16.20311356256263,-13.742509728179481,6.189858563576087,-1.7825027119643597,12.591486715469742,1.6410747888163666,11.384641051687778,-3.366086184442915,-11.762757153984834,-4.776068608669331,-7.514226155244956,-16.907318855878284,-14.031658569376361,-7.0629075954106195,8.37693094231483,0.8278782256115897,3.6045566690794884,5.694101722867791,0.6983222746121965,0.4956625380582716,-7.271316801657161
-5.665987713611444,1.9090606548599345,-0.24794681845229424,-1.212937961815023,-3.324925752496484,10.168954427711569,-4.575154933663319,-4.814901079911736,0.28815220309992023,1.1314743366961286,15.979379942007727,11.132624413561436,-0.6986075756974811,3.539253427488583,8.131333951427557,7.005988748268555,2.82642114051416,2.7967780317643673,18.76808629991319,13.929528579646199,9.936470190355914,5.1332452328525,-8.760209191156104,-10.634588961689374,-9.358341143725438,3.6501870839670523,-1.1080158417728383,8.157131703148945,1.6285522239754078,7.251220182988242,-2.499593226235776,-8.135085174503214,-3.4411894298325585,-5.694500345145614,-11.563957778275642,-9.92230064650182,-4.5789909002101314,5.611402950356524,0.2502013477256763,2.8031598270823452,3.2830073483854076,0.9823584501335662,0.08872331619500862,-5.094809393570181
-4.823283261915646,1.6562457285288708,0.21448585604722456,-0.7052043999976156,-2.8926776602013757,7.671832660800312,-3.3409831379393045,-3.699777079513998,-0.3216524920681087,1.0608223459211101,12.45908383846714,7.798198561453122,-0.09242215426419549,2.718512515181564,6.608071597636713,5.667143707920076,2.699436818323455,2.5580725207402564,14.787450837929578,9.936470190355914,8.200546882350038,4.158435991900553,-7.018281233929201,-8.754740967640014,-7.539034516239291,3.2024359821958157,-0.9568839630125148,6.5751288502025504,0.8084430165991119,5.905620563717119,-1.6031662746464377,-5.872140325350753,-2.6397285292738677,-4.134815132589416,-9.065850141327154,-7.271414134541976,-3.630873264100177,4.50470274791899,0.637148376692588,1.9019160852611328,2.8709617563840046,0.08355984302954579,0.6458670001132818,-3.663899194337458
-2.4446884734618504,0.908945090026832,0.20643895784571795,-0.42836594762748104,-1.5266065211704742,3.7619258948758536,-1.9141165696236844,-1.5963840295377172,0.02582430329078579,0.6431125953666628,6.7125006529183455,3.8192905522542864,-0.11640229294236007,1.6614604818814245,3.477523511303472,2.8352113088005044,1.3397369002813582,1.2371044331685646,7.872694887895987,5.1332452328525,4.158435991900553,2.3597512967526324,-3.815661439807617,-4.6735483703058405,-3.9907137687742607,1.8124124042517245,-0.30330078725295473,3.5916126055584905,0.35817617748383884,3.303524140215154,-1.041340051097861,-3.237016874268556,-1.2211901762838122,-2.243317925079699,-4.7128832329911665,-3.7846845090523256,-2.0449295285810307,2.3126332641432037,0.15369823860566245,0.9329413780303257,1.7366399164037567,0.06704466123686718,0.16288114293625092,-2.039044130376467
4.328131493735283,-1.5526132589909496,-0.12214012491828045,0.5723473155383363,2.9250645499035524,-6.862494509345014,3.727860846190116,2.7248020597694573,-0.24408725822011396,-0.7986574437551598,-11.692810029134133,-7.1720125569042175,-0.1460866969429247,-2.7138438393212905,-6.139820938190388,-5.374702288381672,-2.9221720870960275,-2.3605997379776,-13.48031483025531,-8.760209191156104,-7.018281233929201,-3.815661439807617,6.8925901254276605,7.716019907411385,6.228530089659712,-3.3823586092763476,1.0353850067760724,-6.362973202053395,-0.7998988045024317,-5.682859515506223,1.3306277051876945,5.926652223805851,2.313368899827285,3.2396102896873926,8.139857983175709,6.784813901042443,3.4791730129620952,-3.928616904511253,-0.5059686496178625,-1.8550564352603736,-2.917815314494723,-0.47204392356385094,0.0027372023499362195,3.695319338331277
5.202959810786472,-1.989585253088408,-0.2566148710813494,0.9608266977516875,3.1704863926211178,-8.03645588339791,3.64407182047506,3.531968641697854,-0.03376747521048961,-1.2906152845617485,-13.760730283875029,-7.997197579035907,0.21844983716181884,-3.2238490109580056,-7.2032507475218654,-6.033982972645736,-2.994584411748857,-2.6668602010530935,-16.20311356256263,-10.634588961689374,-8.754740967640014,-4.6735483703058405,7.716019907411385,9.691435182750205,8.389002557842714,-3.496314790891842,0.8964143766568032,-7.2880378141920925,-0.7190750520685717,-6.697591637124614,2.078332840254743,6.539618747160625,2.698448986855164,4.416956291621873,9.840354417156249,7.940699446360828,4.153420725745454,-5.0275103478869925,-0.5465619101053618,-1.819937173455447,-3.468507099601249,-0.07328356472300714,-0.6314735952468922,3.9997079846715202
4.435088588316949,-1.695549678279952,-0.3925006643098016,1.7389108286761357,2.366309995939721,-6.739763238525524,2.0960677530748484,2.9365482895840014,0.006576137064307638,-1.4119424924212591,-11.597745813766553,-6.7000166985176834,0.6436972233036096,-3.1107070712638754,-5.651894408466634,-4.686020660594343,-2.4287481169691785,-2.1832525356541193,-13.742509728179481,-9.358341143725438,-7.539034516239291,-3.9907137687742607,6.228530089659712,8.389002557842714,8.57181617961266,-1.883385454215364,0.08265010952003386,-6.03556010162407,-0.5122657907505528,-5.695050780732098,2.1000696337981126,5.0671904179201315,2.4820079934464365,3.844087826186348,8.584196721881822,6.516278845782231,3.62378063838038,-4.82093829159099,-0.4001800849394669,-1.0670927371072088,-3.291733558115122,0.025031039759472115,-1.256484940500771,3.0075552087995323
-1.983919861649452,0.6680168384142425,0.07333110169124939,0.46633402416558395,-1.5601347301918256,3.091714170776513,-2.366382556588156,-1.305264362214614,-0.058101435454949085,0.20377408912225445,5.376195392922253,3.161658850024879,0.43427211618370437,1.0034076412773147,3.153211844456246,2.7046659073544497,1.335294180380905,1.1387349236502817,6.189858563576087,3.6501870839670523,3.2024359821958157,1.8124124042517245,-3.3823586092763476,-3.496314790891842,-1.883385454215364,2.399569305700517,-0.8460683190401886,3.0219610398077674,0.36101248962742316,2.613232213892881,-0.3540809661688208,-2.913257032312295,-0.864824597817828,-1.5261657538537405,-3.540373284107272,-3.1014283887946243,-1.5144893289183703,1.3476775228559672,0.2921059728327283,1.1592501968395583,1.116561879282649,0.1398351977213638,-0.44634538428670756,-1.933491877657525
0.6821411353838034,-0.2820946906705535,0.2781705351084581,-0.33481015175251333,0.6103860535265349,-1.258661088349251,0.8979817876885589,0.5604766158355496,-0.14104014239043502,0.15046889799935595,-1.5929602834841512,-1.2815583418369685,-0.29288913799275174,-0.008258149406850835,-1.0933911575379627,-1.1625983890360152,-0.7097485251410823,-0.4625576872850582,-1.7825027119643597,-1.1080158417728383,-0.9568839630125148,-0.30330078725295473,1.0353850067760724,0.8964143766568032,0.08265010952003386,-0.8460683190401886,0.7729791975018276,-0.8727358447999192,-0.2139405612736838,-0.6655112484018568,-0.09615780039946678,1.0669377581415875,0.3902580751054055,0.13055219180292685,1.0699628207199026,1.2264129958902807,0.3687172374970476,-0.4226002059858567,-0.27299518516306553,-0.48633666946537807,-0.10714273496033104,-0.18626588598174867,0.2522127336025494,0.6078202952033996
-4.0360185748891375,1.501408828396482,0.14599812035694484,-0.6549360966915115,-2.6870123242418,6.31325118359624,-3.3274797087232617,-2.4903124419310325,0.26041786088863245,0.8158361024221904,10.891338914777812,6.531485678527671,0.052132670142562794,2.5850127375285195,5.672654825965231,4.921717976211177,2.6863922998153194,2.1831273561139763,12.591486715469742,8.157131703148945,6.5751288502025504,3.5916126055584905,-6.362973202053395,-7.2880378141920925,-6.03556010162407,3.0219610398077674,-0.8727358447999192,5.923819562368196,0.6885122481359776,5.3339420720045,-1.336758902397472,-5.466892414599602,-2.1445372318554834,-3.0535850734184167,-7.610694455742559,-6.29003454033532,-3.2825183611223023,3.7633952194385625,0.4362193183923829,1.6222594461852438,2.803813594534745,0.36092522731818383,0.12927216488705343,-3.371254398950589
-0.40794206831444274,0.025985330941857926,-0.17709978423161696,-0.0079633843153859,-0.26575760374637564,1.1751144069539077,-0.6587031208934189,-0.6539413344358691,0.06356790375155114,-0.07145525134164461,1.427688040184649,1.5923630543181697,-0.08811680155257888,0.20746919718582782,0.7042870659368549,0.7029316239507789,0.1270766541374377,0.21305972148908278,1.6410747888163666,1.6285522239754078,0.8084430165991119,0.35817617748383884,-0.7998988045024317,-0.7190750520685717,-0.5122657907505528,0.36101248962742316,-0.2139405612736838,0.6885122481359776,0.40682993837425535,0.4891763364991879,-0.11117178156987258,-0.9429933003088102,-0.400350278450117,-0.6113294148284849,-1.042901591441991,-1.0863055162841981,-0.3138670235086509,0.351128503171945,-0.05800733967087539,0.5409891000176689,0.03805470061004079,0.370943674915928,-0.2602697544965028,-0.6455992450329584
-3.638390411529808,1.4603105216734513,0.16463669440826917,-0.7440571583720539,-2.3804331737359687,5.52089143886192,-2.8313899754257523,-2.052771391416643,0.3512653913997999,0.8585912993807865,9.85199796789734,5.553641301046741,-0.049594540519658864,2.445736602804326,5.089633289532222,4.325166154114964,2.4150422718397855,1.9046707529071711,11.384641051687778,7.251220182988242,5.905620563717119,3.303524140215154,-5.682859515506223,-6.697591637124614,-5.695050780732098,2.613232213892881,-0.6655112484018568,5.3339420720045,0.4891763364991879,4.909950406984169,-1.4219643322743913,-4.862880790413626,-1.8541476355745419,-2.749392538877549,-6.857967020276667,-5.628429289175188,-3.044343497578985,3.5127212386478974,0.3561021739305435,1.2590954851965068,2.6918885945757443,0.23032499027301725,0.21649742265771407,-2.9447565821643127
0.856203158375471,-0.542909356015507,0.08898491461304102,0.5509184725817743,0.38221650715935895,-1.4384467859140269,0.5310142026398894,0.4739389655990246,-0.4551899743629441,-0.4394588306340564,-2.87083111265684,-1.3836264262607831,0.4982470119720186,-0.8539061919925024,-1.329894025172486,-0.8906137752728819,-0.22648337612186087,-0.21208618997254475,-3.366086184442915,-2.499593226235776,-1.6031662746464377,-1.041340051097861,1.3306277051876945,2.078332840254743,2.1000696337981126,-0.3540809661688208,-0.09615780039946678,-1.336758902397472,-0.11117178156987258,-1.4219643322743913,1.0836903309450616,1.431059291162211,0.38806577354896465,1.2022042474400925,1.992210528531719,1.7959806638745157,0.9745793094074976,-1.1778299392538705,0.21205632127681792,-0.13946385452270862,-0.8095203906880037,-0.09604313799632877,-0.05192251108098483,0.782871543501715
3.54053496824214,-1.3978395303621305,0.2620369015786305,0.5060683744527543,2.443185349442176,-6.119074972476056,3.5731353965536914,2.3744470383371277,-0.7338674829736136,-0.5539762688887472,-10.257579912129145,-6.655737940964722,0.1278070790634836,-2.2889539868917708,-5.329180765985396,-4.669554172364117,-2.29728176567824,-1.8559745815007034,-11.762757153984834,-8.135085174503214,-5.872140325350753,-3.237016874268556,5.926652223805851,6.539618747160625,5.0671904179201315,-2.913257032312295,1.0669377581415875,-5.466892414599602,-0.9429933003088102,-4.862880790413626,1.431059291162211,5.648718592518872,1.9876703331998258,2.96849637779043,7.050877028494535,6.368643734288472,3.040368894999159,-3.352679866824519,-0.1469973280362404,-1.819575292175557,-2.336582815021214,-0.769866450989776,0.43238115208237554,3.4505078230223676
1.592362341366954,-0.4934095931004846,0.0386201528031589,0.36029192858738274,0.9560700101913526,-2.739573471488284,1.060359608900081,1.294541255210947,0.04249781781352912,-0.2437986833101758,-4.0732300129670564,-2.96576368459175,0.025695488153409607,-0.8649870474077463,-2.088460379621387,-1.9611404322421933,-1.032471627160879,-0.8940129193305667,-4.776068608669331,-3.4411894298325585,-2.6397285292738677,-1.2211901762838122,2.313368899827285,2.698448986855164,2.4820079934464365,-0.864824597817828,0.3902580751054055,-2.1445372318554834,-0.400350278450117,-1.8541476355745419,0.38806577354896465,1.9876703331998258,1.0372225591730635,1.1772783107765539,3.0374346238051575,2.492138909144572,1.149478939175965,-1.55051811538766,-0.2638076955707318,-0.6971974480487797,-0.8904447183212278,-0.22317684134201446,-0.22196334273292992,1.2181533110958085
2.1217444094323232,-0.6214549667589008,-0.10209223696859941,0.27029347646075164,1.0870040514365424,-3.8467451017474135,1.7219410919472558,2.22239855086573,0.30280927701346777,-0.5989738783993063,-6.173697111545289,-4.1800009402930485,0.45182491141096165,-1.3490279344711495,-3.2018819421116134,-2.452589386999865,-0.4308519227388993,-0.9313580018331213,-7.514226155244956,-5.694500345145614,-4.134815132589416,-2.243317925079699,3.2396102896873926,4.416956291621873,3.844087826186348,-1.5261657538537405,0.13055219180292685,-3.0535850734184167,-0.6113294148284849,-2.749392538877549,1.2022042474400925,2.96849637779043,1.1772783107765539,2.996843073871874,4.526688366417065,3.7216666191645973,1.7306962257493732,-2.008987089164313,0.09572843252186522,-1.1782680390245013,-1.0895882028263284,-0.10888475617038419,-0.08079940648734392,2.0031719984411405
5.406841830552176,-1.9326864718746375,-0.07691405251778966,1.0602967391181148,3.314025046776177,-8.811444275514129,3.96618650174011,3.8988247399756464,-0.11298008099274372,-1.1525381539537065,-14.446449841161993,-9.156578280295479,0.22819326821695796,-3.3092092111766696,-7.481345551286428,-6.480148704541754,-3.2112825577634343,-2.81293922277554,-16.907318855878284,-11.563957778275642,-9.065850141327154,-4.7128832329911665,8.139857983175709,9.840354417156249,8.584196721881822,-3.540373284107272,1.0699628207199026,-7.610694455742559,-1.042901591441991,-6.857967020276667,1.992210528531719,7.050877028494535,3.0374346238051575,4.526688366417065,10.384383455178014,8.550870813272361,4.261470728952148,-5.226128853878752,-0.5834447824655214,-2.1591755069747567,-3.4359938072157115,-0.46329202662874047,-0.4616043297725774,4.345970443781271
4.32833684546711,-1.663959029871983,0.3262267084570112,0.74278038861429,2.7610633958607456,-7.502716495709366,3.751930741064537,3.205002415081191,-0.5996007504645411,-0.7574175676466955,-12.095263842220437,-8.000535802266807,0.2761732517124738,-2.60911201210405,-6.301003402346673,-5.5245683442985785,-2.6182124352311695,-2.207833577320618,-14.031658569376361,-9.92230064650182,-7.271414134541976,-3.7846845090523256,6.784813901042443,7.940699446360828,6.516278845782231,-3.1014283887946243,1.2264129958902807,-6.29003454033532,-1.0863055162841981,-5.628429289175188,1.7959806638745157,6.368643734288472,2.492138909144572,3.7216666191645973,8.550870813272361,7.566568780456105,3.533224804540108,-4.21195289613625,-0.31586028064625654,-2.02625944867959,-2.633044577877067,-0.7544855902321209,0.12753932390465678,3.8615575340817507
2.2232875747966987,-0.9267249757808491,-0.06576532065605882,0.5553208547589382,1.4294128533690016,-3.412393134337366,1.7049968326098732,1.2423816671142909,-0.30882119626192417,-0.552516709932771,-6.11400368518532,-3.4487896724518947,0.11751255738113263,-1.547992011973472,-3.111972144096977,-2.6301420846707044,-1.4529169600936187,-1.1389266240563884,-7.0629075954106195,-4.5789909002101314,-3.630873264100177,-2.0449295285810307,3.4791730129620952,4.153420725745454,3.62378063838038,-1.5144893289183703,0.3687172374970476,-3.2825183611223023,-0.3138670235086509,-3.044343497578985,0.9745793094074976,3.040368894999159,1.149478939175965,1.7306962257493732,4.261470728952148,3.533224804540108,1.9078612856397823,-2.2266073806783835,-0.16705352289527614,-0.7464133648319685,-1.687307466033486,-0.17508003000051997,-0.14116785879556756,1.816599440764805
-2.761542089588809,1.145677319962144,0.032730164937235996,-0.9323575893507706,-1.6120877746689555,4.25705560408542,-1.5342985460944258,-1.7001062045745465,0.26102192654197276,0.7164937336535295,7.17619521329905,4.206731773751872,-0.24797442415939072,1.7861937269782737,3.5952878879797896,3.1270077455778367,1.8014230691989421,1.4083382833831386,8.37693094231483,5.611402950356524,4.50470274791899,2.3126332641432037,-3.928616904511253,-5.0275103478869925,-4.82093829159099,1.3476775228559672,-0.4226002059858567,3.7633952194385625,0.351128503171945,3.5127212386478974,-1.1778299392538705,-3.352679866824519,-1.55051811538766,-2.008987089164313,-5.226128853878752,-4.21195289613625,-2.2266073806783835,2.9543127010321717,0.3424925917927116,0.7131577885018233,1.9796247638171236,0.1278807516441269,0.5776175553698011,-1.9173200381218987
-0.5097243205061774,0.12494748337906929,0.07157091463454586,0.06664734449642813,-0.34535752509957635,0.5808452391048674,-0.09188246333820957,-0.2945310517659978,-0.25565823252020803,0.02764622029398857,0.7092163779778381,0.4039513065118184,0.2809857751846072,0.050859605632096926,0.5077735006443355,0.5840717582134939,0.5648959975155561,0.3651271944675085,0.8278782256115897,0.2502013477256763,0.637148376692588,0.15369823860566245,-0.5059686496178625,-0.5465619101053618,-0.4001800849394669,0.2921059728327283,-0.27299518516306553,0.4362193183923829,-0.05800733967087539,0.3561021739305435,0.21205632127681792,-0.1469973280362404,-0.2638076955707318,0.09572843252186522,-0.5834447824655214,-0.31586028064625654,-0.16705352289527614,0.3424925917927116,0.36985490673102805,0.04564496818898091,0.19266389606430873,-0.12839674119816671,0.24826531196154658,-0.08028439723882969
-1.0379022887905098,0.18987432735197818,-0.12053332482327321,0.22792140419747192,-0.7458085028878811,2.1804243776193513,-1.4300772065018967,-1.2097267441126054,-0.09988594112224841,-0.024491055352980087,3.061330611329868,2.653733876700211,0.08112865596231435,0.45181008493911934,1.7110664570561622,1.5733118733652356,0.4793133483935586,0.6147459997886809,3.6045566690794884,2.8031598270823452,1.9019160852611328,0.9329413780303257,-1.8550564352603736,-1.819937173455447,-1.0670927371072088,1.1592501968395583,-0.48633666946537807,1.6222594461852438,0.5409891000176689,1.2590954851965068,-0.13946385452270862,-1.819575292175557,-0.6971974480487797,-1.1782680390245013,-2.1591755069747567,-2.02625944867959,-0.7464133648319685,0.7131577885018233,0.04564496818898091,0.994580943088186,0.30980250553784944,0.35538756240902225,-0.36362895866169115,-1.2594640862014808
-1.8738697795672217,0.8646176438404671,0.23470064791580614,-0.7079349048016296,-1.237312949271993,2.4629265489212724,-1.1758512731076936,-0.5817092111758595,0.3407603076565777,0.58367004212045,5.003074033471305,2.302162241927744,-0.04538245972434742,1.5037918087083293,2.446744287328152,2.049136980854906,1.465041440317113,0.988853162378333,5.694101722867791,3.2830073483854076,2.8709617563840046,1.7366399164037567,-2.917815314494723,-3.468507099601249,-3.291733558115122,1.116561879282649,-0.10714273496033104,2.803813594534745,0.03805470061004079,2.6918885945757443,-0.8095203906880037,-2.336582815021214,-0.8904447183212278,-1.0895882028263284,-3.4359938072157115,-2.633044577877067,-1.687307466033486,1.9796247638171236,0.19266389606430873,0.30980250553784944,1.7743907279305955,0.008785971172524979,0.3370615067257582,-1.334570762611112
-0.07844726279432973,-0.013600486378092996,-0.2881599208446204,-0.10821637556555562,-0.13998724467195417,0.6778178810251274,-0.5493583230970556,-0.12584160245735337,0.4128237359311203,-0.16493464271423122,0.790471708516665,1.1316630955249216,-0.09628247225183219,0.1702621313506571,0.28174443105702796,0.3900167992439005,0.15704975436382854,0.010474276398718117,0.6983222746121965,0.9823584501335662,0.08355984302954579,0.06704466123686718,-0.47204392356385094,-0.07328356472300714,0.025031039759472115,0.1398351977213638,-0.18626588598174867,0.36092522731818383,0.370943674915928,0.23032499027301725,-0.09604313799632877,-0.769866450989776,-0.22317684134201446,-0.10888475617038419,-0.46329202662874047,-0.7544855902321209,-0.17508003000051997,0.1278807516441269,-0.12839674119816671,0.35538756240902225,0.008785971172524979,0.5684320974123268,-0.4713776986868175,-0.4867246892596651
-0.38687976833953636,0.15588293272197454,0.27151351128427675,-0.416645760681153,-0.010842320806060912,0.13584515349472318,0.7243149787642089,-0.2315372153832952,-0.39402683464147675,0.299054813627979,0.22777195240497247,-0.22576454580380573,-0.06720472413642108,0.1608372153022594,0.057224876873583574,0.03539142768066084,0.21115966032722874,0.24336572289667663,0.4956625380582716,0.08872331619500862,0.6458670001132818,0.16288114293625092,0.0027372023499362195,-0.6314735952468922,-1.256484940500771,-0.44634538428670756,0.2522127336025494,0.12927216488705343,-0.2602697544965028,0.21649742265771407,-0.05192251108098483,0.43238115208237554,-0.22196334273292992,-0.08079940648734392,-0.4616043297725774,0.12753932390465678,-0.14116785879556756,0.5776175553698011,0.24826531196154658,-0.36362895866169115,0.3370615067257582,-0.4713776986868175,0.8659918005905383,0.35356701347834424
2.1652799595818935,-0.7307562361086885,0.08118145815467008,0.16383911576755514,1.496132535122458,-3.8253814559590555,2.310268752110524,1.6100833171110187,-0.24007863337384128,-0.3133701231703891,-6.318685085004223,-4.257085598167862,0.02593334399787427,-1.3877583549446568,-3.3110193311268037,-2.873888580027259,-1.282601829904868,-1.1381186787897315,-7.271316801657161,-5.094809393570181,-3.663899194337458,-2.039044130376467,3.695319338331277,3.9997079846715202,3.0075552087995323,-1.933491877657525,0.6078202952033996,-3.371254398950589,-0.6455992450329584,-2.9447565821643127,0.782871543501715,3.4505078230223676,1.2181533110958085,2.0031719984411405,4.345970443781271,3.8615575340817507,1.816599440764805,-1.9173200381218987,-0.08028439723882969,-1.2594640862014808,-1.334570762611112,-0.4867246892596651,0.35356701347834424,2.2106444376262333
