V1,V2,V3,V4,V5,V6,V7,V8,V9,V10,V11,V12,V13,V14,V15,V16,V17,V18,V19,V20,V21,V22,V23,V24,V25,V26,V27,V28,V29,V30,V31,V32,V33,V34,V35,V36,V37,V38,V39,V40,V41,V42,V43
269.62129534388794,-446.09548276433264,-104.58425131958806,-207.7632115910979,43.44310507281944,-186.0954254161467,57.79167740126044,24.971939701722448,298.6430815484711,-63.825154795230226,-24.71299643721536,316.5404280462344,51.13547576764893,68.66301577579246,-254.98310977525514,315.41204945337864,-74.25820409050203,88.57023888718278,299.24190014748933,-5.993595523918785,58.57227339119668,-279.7507630686426,-49.82850450112872,-13.985861701708242,69.29352301727829,113.71583293370699,24.559492686862953,-141.13770279433493,-213.21796903920506,386.9502967587794,-16.243775958060496,70.79186686738224,-163.45500452849043,-73.81486095340973,-109.22491353405242,-124.54759731716386,-106.81943735426191,15.202929121633787,-114.3632688174671,-104.89518948665295,-114.33535950914488,22.211103217011186,-109.95901749361377
-446.09548276433264,740.5994579962912,174.09960703982344,344.65020979327477,-72.54421647881968,308.965193992286,-95.90706757234274,-41.54352770459437,-495.02545504523937,105.6363868981671,42.72755502374683,-525.1106443313115,-83.18382863602683,-112.85111027959515,423.63752595056263,-522.7168839874189,122.33312402326987,-147.73700711725678,-497.3708059002352,9.347066982136075,-96.22191382297027,464.3544706269907,82.76398437370177,23.42865050446768,-116.37325045184942,-187.30034139303376,-40.225582655786475,233.5607163490355,353.4036136225415,-641.9572666632207,27.235920232863087,-116.8493928851599,269.73652552804185,122.58939754852777,181.00376514037117,207.398048807492,176.4912906086088,-25.727053967155307,190.42538647759395,173.6273914583421,190.29740047728205,-36.48252354259787,182.5652324479606
-104.58425131958806,174.09960703982344,41.03459352118076,80.97147159353032,-17.196054001901015,72.61160457000699,-22.55365880917502,-9.774916598152082,-116.18929932465498,24.711528255490872,10.430166901715532,-123.4273017014612,-19.166584665447534,-26.28683584043244,99.68328599711096,-122.668427536203,28.54593556151202,-34.91545710664786,-117.04722605302142,2.1109746168708106,-22.44595081214684,109.11879108828897,19.508498731656005,5.5970277318948805,-27.61702739017748,-43.795057130879094,-9.340535804282966,54.718806987460596,82.97259344162275,-150.8117014243652,6.4020139190923615,-27.342432763707908,63.039502601925456,28.76910680827,42.465774868793716,48.915949628821096,41.320671553622084,-6.123605969233203,44.87821466206408,40.67278084228348,44.85155960387483,-8.512950399847274,42.94058097728473
-207.7632115910979,344.65020979327477,80.97147159353032,160.43740306050128,-33.74197169686395,143.75904218024846,-44.650013464985086,-19.33689650369512,-230.3937306639672,49.12103760017523,19.824596356992128,-244.43345764752968,-38.791316269791565,-52.63379319862238,197.15420022875415,-243.23755627549255,56.947618023904695,-68.69787183357923,-231.34282698086156,4.434439935932091,-44.84907262673307,216.0528227798263,38.537901291538645,10.937570448993212,-54.007868712565006,-87.3005091567268,-18.77799707261608,108.72027058768762,164.4693360909679,-298.7000166277532,12.613881242815149,-54.465088229677335,125.57762966226456,57.03909375449669,84.21937269545575,96.48759901937011,82.24007428772282,-11.864261737785982,88.59468873878936,80.80369370103801,88.5715944133594,-17.014266233269307,84.99847207842971
43.44310507281944,-72.54421647881968,-17.196054001901015,-33.74197169686395,7.461639444583299,-30.161662435750202,9.428476801604177,4.082515021306236,48.12959577149592,-9.95110294334587,-4.903912214248843,51.6364290693522,7.466532237947055,10.739671884658154,-41.730290022875884,50.74420663349711,-11.599911308601344,14.802188791418944,48.83441821502254,-0.9436884730572095,9.248941722203144,-45.31884805134212,-8.32710344347319,-2.592145871605922,11.64834852694244,18.225898549861792,3.798961727569461,-22.50539618649871,-34.46014231038312,62.63356876951412,-2.468010292526336,11.337112341922031,-25.742619112245475,-11.770505239894314,-17.548677287650957,-20.63684017816896,-17.117331887362305,2.4897491667166163,-18.845685603504602,-16.690374212607622,-18.900414079948238,3.544013916139076,-18.024618671186172
-186.0954254161467,308.965193992286,72.61160457000699,143.75904218024846,-30.161662435750202,128.94361096335012,-39.98713392902157,-17.322984694357594,-206.62101882790316,44.217857927753776,17.616985718496977,-218.97167767037118,-34.88611565614769,-47.1173092911415,176.65236728860822,-218.2372124967274,51.15605099789675,-61.5532622186691,-207.5288095692787,3.8457035158781374,-40.16491338337183,193.80042836213883,34.44471233433967,9.656360239953079,-48.549079133811084,-78.11024392304516,-16.796077274542327,97.54229122334661,147.48701997021942,-267.9252644465312,11.455291467710264,-48.73301082697268,112.72670798483405,51.21668474486124,75.58399686206299,86.43338226026297,73.62327000497926,-10.805970646229893,79.39153237326471,72.53600002273113,79.2905093328091,-15.20964360115801,76.0965425835209
57.79167740126044,-95.90706757234274,-22.55365880917502,-44.650013464985086,9.428476801604177,-39.98713392902157,12.448510518498049,5.379817506692778,64.07423144564112,-13.621217279793504,-5.604155776643278,68.03926358456539,10.706480611486306,14.61633684705645,-54.89813314362361,67.62233892497345,-15.783882331024722,19.165473047891105,64.36810545444126,-1.2394883224648803,12.46504655401296,-60.08875057984638,-10.747207785391794,-3.086136132945759,15.058149343777464,24.280844140420808,5.21068705375069,-30.207496826404967,-45.741878069193945,83.0740355204168,-3.4867110090102886,15.154907454350333,-34.84953444799729,-15.855212255237078,-23.397078915897755,-26.890473369063386,-22.875320010316745,3.2785379639563246,-24.670796687776107,-22.43453512822248,-24.68781526422188,4.726625438426816,-23.67182952326061
24.971939701722448,-41.54352770459437,-9.774916598152082,-19.33689650369512,4.082515021306236,-17.322984694357594,5.379817506692778,2.3476045897385993,27.707186993816137,-5.878605187337186,-2.528050531488152,29.437755322482033,4.552298613120015,6.296042808627911,-23.793198772766978,29.211408045290888,-6.779645543748324,8.304331794744744,27.87210154287668,-0.5095414785119821,5.324465317178035,-26.0164683615795,-4.649614936362492,-1.3475263379600062,6.563868708950926,10.42130330508908,2.242043900047335,-13.051922967182678,-19.7609244364528,35.92865991321612,-1.530593815290862,6.540947278392087,-15.00478904901886,-6.893382153672982,-10.114760656938316,-11.669369802120425,-9.886391986581177,1.4246560398372232,-10.728779793543067,-9.700992811692497,-10.73176506341725,2.026650980867144,-10.265251580891814
298.6430815484711,-495.02545504523937,-116.18929932465498,-230.3937306639672,48.12959577149592,-206.62101882790316,64.07423144564112,27.707186993816137,331.3964493555955,-71.08291199339347,-27.489154296807747,350.90821972512947,56.59952073892196,75.8706964152012,-282.8674949657034,350.12855889309134,-82.38185439394603,98.37279369090007,332.3838086469621,-6.312743311174454,64.73285183449545,-310.60842126261696,-55.12018292762008,-15.311148921026875,77.37532728987499,125.63693126923587,27.085276537760436,-156.61246257320883,-236.56134919130474,429.5494314986946,-18.339540653349335,78.28129193907697,-181.31948107629182,-82.08501810543571,-121.26602606370847,-138.2189781812766,-118.21278749189501,17.234393593481528,-126.95748220678487,-116.46256579878518,-126.79374415268094,24.496023854960864,-121.84751663011218
-63.825154795230226,105.6363868981671,24.711528255490872,49.12103760017523,-9.95110294334587,44.217857927753776,-13.621217279793504,-5.878605187337186,-71.08291199339347,15.631179577909666,5.139755567406083,-74.6423635933422,-12.729023054469902,-16.377697141202585,60.10926227543034,-75.2680305096901,17.999256834244694,-20.738781741008673,-70.98954719990462,1.2376483727310512,-13.971574698842451,66.51874000628857,11.5296667067178,2.920674809296036,-16.417181718568674,-26.850534609587076,-5.8543501882621225,33.78377678412916,50.68349104385912,-92.03493837328584,4.169467689595561,-16.717826021434306,39.39416478030144,17.731469219479617,26.098297905939006,29.196874040516942,25.273223444588325,-3.8527724473704414,26.889917396337555,25.18356726056313,26.745545214575433,-5.236724902529179,25.797167352350815
-24.71299643721536,42.72755502374683,10.430166901715532,19.824596356992128,-4.903912214248843,17.616985718496977,-5.604155776643278,-2.528050531488152,-27.489154296807747,5.139755567406083,4.706903934117238,-30.406963785282795,-2.7015572808411936,-5.578740351505198,25.053016317672807,-28.6089978799787,5.758798504859584,-9.306225425453578,-28.8233102467592,0.3653699404027262,-4.643160019215387,26.320011504488047,5.160624507478402,2.0562843882034354,-7.609696046588148,-9.804324442552984,-1.8977712207100603,12.443201268786309,19.650399167506365,-36.069711244477936,1.337161974928801,-6.356228541359939,13.407834134653184,6.820800531706527,9.846620174226087,12.810116692846622,9.658323003904616,-1.4187569598609697,11.670325530649482,9.170856535253435,11.824505987373941,-1.8513787861366682,10.895064066930864
316.5404280462344,-525.1106443313115,-123.4273017014612,-244.43345764752968,51.6364290693522,-218.97167767037118,68.03926358456539,29.437755322482033,350.90821972512947,-74.6423635933422,-30.406963785282795,372.63850951336894,58.902740770990114,80.07984387512614,-300.4830548060086,370.5147761611727,-86.69985857565597,104.83795618466203,352.5980367448603,-6.842244801299589,68.39119336993593,-329.12581329502723,-58.87425682811584,-16.813221823454082,82.32630202525917,133.16953614161278,28.56144925479381,-165.49990167586932,-250.6256147297304,455.10317424842566,-19.040884001803736,82.95718347784788,-191.15688839778366,-86.67698193389003,-128.28599268847722,-147.14967683611994,-125.24036866665806,18.074178368246212,-135.0147762469277,-122.98502252079487,-135.00378290140432,25.966052386829883,-129.56648290281845
51.13547576764893,-83.18382863602683,-19.166584665447534,-38.791316269791565,7.466532237947055,-34.88611565614769,10.706480611486306,4.552298613120015,56.59952073892196,-12.729023054469902,-2.7015572808411936,58.902740770990114,11.324624812638515,13.600044840130142,-47.01699980231275,60.124952211255575,-14.951738455787996,15.829169888836164,55.68043320606694,-1.2513534499601684,11.671169560314652,-52.571510567026046,-8.947401549644145,-1.9942193354053614,12.161690016854067,22.020573449466728,4.941439767981316,-27.204707592152854,-40.37357957916174,72.9690231737341,-3.2501050959058944,13.523691021960468,-32.31528262179403,-14.004363905481084,-20.878037840854994,-22.495139980859268,-20.364594800860782,2.896029168505816,-20.751041702856078,-20.293614553179456,-20.601126742247978,4.3504492488890785,-20.192025522485512
68.66301577579246,-112.85111027959515,-26.28683584043244,-52.63379319862238,10.739671884658154,-47.1173092911415,14.61633684705645,6.296042808627911,75.8706964152012,-16.377697141202585,-5.578740351505198,80.07984387512614,13.600044840130142,17.768321902170413,-64.33779751672982,80.17426181452552,-19.14685812845053,22.102222030777916,75.50213746113593,-1.6433285690917028,15.11195335803753,-70.84903838083267,-12.501339610569884,-3.3704703797331557,17.11675928137814,29.14618679931859,6.400930046624571,-36.02723388686063,-54.12218445869174,98.07286259770076,-4.130860892451877,18.113644820460973,-41.985647816103175,-18.77143211169823,-27.774206294476578,-31.230835871964995,-27.29472365933359,3.733825292566035,-28.729985895335968,-26.780437919403706,-28.71581772032,5.716024167034244,-27.762283138245472
-254.98310977525514,423.63752595056263,99.68328599711096,197.15420022875415,-41.730290022875884,176.65236728860822,-54.89813314362361,-23.793198772766978,-282.8674949657034,60.10926227543034,25.053016317672807,-300.4830548060086,-47.01699980231275,-64.33779751672982,242.52030691120024,-298.56495906093306,69.62011107501037,-84.73401905157411,-284.5059751367852,5.361471512098074,-54.85046158764862,265.4584933357014,47.490770210450535,13.64146182115862,-66.74446744129932,-106.97748293913675,-22.91453609950624,133.30740353919484,201.96875044949311,-366.93035933033923,15.447566644192161,-66.777751365122,153.70353106237164,70.00298561328255,103.35974345925206,118.87937941114387,100.85764267012489,-14.64031732946861,109.1019970472715,99.06099006247817,109.10018233383916,-20.82739830907743,104.5598941833785
315.41204945337864,-522.7168839874189,-122.668427536203,-243.23755627549255,50.74420663349711,-218.2372124967274,67.62233892497345,29.211408045290888,350.12855889309134,-75.2680305096901,-28.6089978799787,370.5147761611727,60.124952211255575,80.17426181452552,-298.56495906093306,370.09108335233105,-87.26956501489778,103.80062220048829,351.1229006737295,-6.64400591754218,68.51917384635813,-328.12971140621676,-58.13804435099169,-16.005193842517965,81.66368010582387,132.81450829225653,28.622489609943543,-165.54399246589904,-249.98355233814502,453.87042244473633,-19.42777421921975,82.6469568224001,-191.876425239779,-86.66783412306648,-128.20384907514804,-145.82305491802956,-124.81192787008203,18.337025490404343,-133.9283518232523,-123.13822621813112,-133.67961442767816,25.902463430310444,-128.55297506074325
-74.25820409050203,122.33312402326987,28.54593556151202,56.947618023904695,-11.599911308601344,51.15605099789675,-15.783882331024722,-6.779645543748324,-82.38185439394603,17.999256834244694,5.758798504859584,-86.69985857565597,-14.951738455787996,-19.14685812845053,69.62011107501037,-87.26956501489778,20.98653387123791,-23.973963485004308,-82.14671238092743,1.642790600076669,-16.43296200370728,76.99615270637653,13.466883635029589,3.4611295011312158,-18.726419449988537,-31.538031657484925,-6.873159851736868,39.16993974226369,58.83187685035835,-106.64802549076782,4.6232595503791885,-19.499649605650845,45.821801564904305,20.354160504877882,30.26577263767783,33.7817295218955,29.42446651827401,-4.329314315061094,31.05605558688903,29.175884249809542,30.925960414413865,-6.183703697457638,29.9366296650968
88.57023888718278,-147.73700711725678,-34.91545710664786,-68.69787183357923,14.802188791418944,-61.5532622186691,19.165473047891105,8.304331794744744,98.37279369090007,-20.738781741008673,-9.306225425453578,104.83795618466203,15.829169888836164,22.102222030777916,-84.73401905157411,103.80062220048829,-23.973963485004308,29.841344018635944,99.39221905853138,-1.792852732407918,18.923144443025333,-92.493802806766,-16.680886179612386,-4.92814742663595,23.608904632702856,37.056261322707066,7.831525756419071,-46.20401733235705,-70.29973458813448,127.81675511805504,-5.330020313191258,23.129603807969417,-53.063183387231504,-24.287660826913072,-35.913841923285105,-41.70861224421212,-34.951445943140364,5.182387976897375,-38.202978097943806,-34.31749895153682,-38.22776922642181,7.198317806247298,-36.51770326238206
299.24190014748933,-497.3708059002352,-117.04722605302142,-231.34282698086156,48.83441821502254,-207.5288095692787,64.36810545444126,27.87210154287668,332.3838086469621,-70.98954719990462,-28.8233102467592,352.5980367448603,55.68043320606694,75.50213746113593,-284.5059751367852,351.1229006737295,-82.14671238092743,99.39221905853138,334.35596587777223,-6.125550439942774,64.52642353900715,-311.9496195993583,-55.58723025782503,-15.688413584007098,78.48252847030987,125.58581253918766,26.87155721521716,-156.76831654319116,-237.37607947808613,431.2850153107722,-18.36454786945379,78.27279179739165,-181.05277115469585,-82.25669133974797,-121.60376920576303,-139.3781507037507,-118.26976545984192,17.537930428598017,-127.92041005240573,-116.5783716500013,-127.75382612283101,24.44930952108654,-122.52424637123036
-5.993595523918785,9.347066982136075,2.1109746168708106,4.434439935932091,-0.9436884730572095,3.8457035158781374,-1.2394883224648803,-0.5095414785119821,-6.312743311174454,1.2376483727310512,0.3653699404027262,-6.842244801299589,-1.2513534499601684,-1.6433285690917028,5.361471512098074,-6.64400591754218,1.642790600076669,-1.792852732407918,-6.125550439942774,0.3230492897154735,-1.4359819301651449,5.796572418994312,1.133417242556609,0.37655453077887824,-1.1594040188586177,-2.760268726383125,-0.6182892076312582,3.0033648697676174,4.549072074186059,-8.09780038134909,0.16482388090503422,-1.6432273601205365,3.571876355334998,1.4331160543090773,2.292366292294653,2.573201378004286,2.4237834062807138,-0.13980649062602712,2.3280921237844168,2.198528983457158,2.3877834935346076,-0.5654639484207149,2.3764698688241714
58.57227339119668,-96.22191382297027,-22.44595081214684,-44.84907262673307,9.248941722203144,-40.16491338337183,12.46504655401296,5.324465317178035,64.73285183449545,-13.971574698842451,-4.643160019215387,68.39119336993593,11.671169560314652,15.11195335803753,-54.85046158764862,68.51917384635813,-16.43296200370728,18.923144443025333,64.52642353900715,-1.4359819301651449,13.019831863391351,-60.454429867279146,-10.71517096290114,-2.8749239795565025,14.605811529761992,25.026976920743653,5.436000661759927,-30.727299650429533,-46.2753821520201,83.78635563544749,-3.4591409557970696,15.425478886638443,-35.92304326283348,-15.874154507280334,-23.73565802809328,-26.644883165109498,-23.2293798373554,3.2551594559093884,-24.432632053401584,-22.84048452473559,-24.407679337282115,4.918018384654581,-23.640031589269764
-279.7507630686426,464.3544706269907,109.11879108828897,216.0528227798263,-45.31884805134212,193.80042836213883,-60.08875057984638,-26.0164683615795,-310.60842126261696,66.51874000628857,26.320011504488047,-329.12581329502723,-52.571510567026046,-70.84903838083267,265.4584933357014,-328.12971140621676,76.99615270637653,-92.493802806766,-311.9496195993583,5.796572418994312,-60.454429867279146,291.3161797455114,51.76617950912636,14.471861939353756,-72.92193877416388,-117.49855881317575,-25.256200103125636,146.6640858962565,221.74489492530532,-402.7886819147762,17.217954838713183,-73.25360125143294,169.5886221567279,76.95128986775403,113.65050447961355,129.86134741215855,110.66264369978137,-16.275789907709,119.26216268648248,109.07437133952563,119.09791865896499,-22.891448046811323,114.33232158219427
-49.82850450112872,82.76398437370177,19.508498731656005,38.537901291538645,-8.32710344347319,34.44471233433967,-10.747207785391794,-4.649614936362492,-55.12018292762008,11.5296667067178,5.160624507478402,-58.87425682811584,-8.947401549644145,-12.501339610569884,47.490770210450535,-58.13804435099169,13.466883635029589,-16.680886179612386,-55.58723025782503,1.133417242556609,-10.71517096290114,51.76617950912636,9.41304032857172,2.829246920319658,-13.04263644664118,-20.987368971548538,-4.450059151218433,25.894827034943308,39.420316922380906,-71.57717104616643,2.863793750511652,-13.054225499669924,29.784149348443936,13.524409444773855,20.11596372969904,23.356123463570437,19.69402150934448,-2.785592723590444,21.375553865146383,19.215023013517467,21.427010623839166,-4.096148832519275,20.515692292827545
-13.985861701708242,23.42865050446768,5.5970277318948805,10.937570448993212,-2.592145871605922,9.656360239953079,-3.086136132945759,-1.3475263379600062,-15.311148921026875,2.920674809296036,2.0562843882034354,-16.813221823454082,-1.9942193354053614,-3.3704703797331557,13.64146182115862,-16.005193842517965,3.4611295011312158,-4.92814742663595,-15.688413584007098,0.37655453077887824,-2.8749239795565025,14.471861939353756,2.829246920319658,1.0623082080437332,-3.8033362608013994,-5.844979795090525,-1.1887303617885068,7.042538374159928,10.978365822325546,-19.95884369974436,0.64434477981293,-3.6699424273462125,7.85559279472116,3.6938716973013155,5.510207686102932,6.848113587607093,5.521055633114246,-0.6650668652995696,6.2181618673239125,5.179189747078255,6.3202545240441195,-1.136213111225539,5.957123893606782
69.29352301727829,-116.37325045184942,-27.61702739017748,-54.007868712565006,11.64834852694244,-48.549079133811084,15.058149343777464,6.563868708950926,77.37532728987499,-16.417181718568674,-7.609696046588148,82.32630202525917,12.161690016854067,17.11675928137814,-66.74446744129932,81.66368010582387,-18.726419449988537,23.608904632702856,78.48252847030987,-1.1594040188586177,14.605811529761992,-72.92193877416388,-13.04263644664118,-3.8033362608013994,18.998291751267498,28.67843226253688,6.0242500743053915,-36.293470287118105,-55.24546117253206,100.65554562460477,-4.402863579745442,18.00075812818741,-41.525972553674094,-19.256575777269813,-28.267524524508943,-32.932850815204446,-27.275562149799065,4.305939699117567,-30.2097842067986,-26.997413473415165,-30.15124140151836,5.532816340610714,-28.69284057555335
113.71583293370699,-187.30034139303376,-43.795057130879094,-87.3005091567268,18.225898549861792,-78.11024392304516,24.280844140420808,10.42130330508908,125.63693126923587,-26.850534609587076,-9.804324442552984,133.16953614161278,22.020573449466728,29.14618679931859,-106.97748293913675,132.81450829225653,-31.538031657484925,37.056261322707066,125.58581253918766,-2.760268726383125,25.026976920743653,-117.49855881317575,-20.987368971548538,-5.844979795090525,28.67843226253688,48.38887475032744,10.463721964757246,-59.4678232249141,-89.80462847260803,162.71970068044902,-6.6395586996531,29.924006981603085,-69.188561192855,-30.82758246640615,-45.99505419587065,-52.138471749806804,-45.080610270168876,6.269146350718423,-47.80363946784699,-44.177306051063304,-47.813267676041086,9.492088930566105,-46.162938682559734
24.559492686862953,-40.225582655786475,-9.340535804282966,-18.77799707261608,3.798961727569461,-16.796077274542327,5.21068705375069,2.242043900047335,27.085276537760436,-5.8543501882621225,-1.8977712207100603,28.56144925479381,4.941439767981316,6.400930046624571,-22.91453609950624,28.622489609943543,-6.873159851736868,7.831525756419071,26.87155721521716,-0.6182892076312582,5.436000661759927,-25.256200103125636,-4.450059151218433,-1.1887303617885068,6.0242500743053915,10.463721964757246,2.314992833292571,-12.883321887785208,-19.317575490255006,34.973156735299476,-1.4592860151657607,6.495585290810619,-15.050368034056884,-6.694722016862835,-9.917470376998496,-11.095264989809687,-9.77960723898032,1.2995152055606998,-10.21366200196924,-9.574947561698206,-10.21155109789994,2.0562399939400953,-9.898215102606276
-141.13770279433493,233.5607163490355,54.718806987460596,108.72027058768762,-22.50539618649871,97.54229122334661,-30.207496826404967,-13.051922967182678,-156.61246257320883,33.78377678412916,12.443201268786309,-165.49990167586932,-27.204707592152854,-36.02723388686063,133.30740353919484,-165.54399246589904,39.16993974226369,-46.20401733235705,-156.76831654319116,3.0033648697676174,-30.727299650429533,146.6640858962565,25.894827034943308,7.042538374159928,-36.293470287118105,-59.4678232249141,-12.883321887785208,74.14923763971066,111.76552307271002,-202.87859268439658,8.738410307286426,-37.02556866073884,86.05982491770486,38.82870671205064,57.353663248795414,65.000009936559,55.905527923188615,-8.144816965139112,59.746909966823715,55.16486453002185,59.62989969908736,-11.609620856461472,57.39935263956839
-213.21796903920506,353.4036136225415,82.97259344162275,164.4693360909679,-34.46014231038312,147.48701997021942,-45.741878069193945,-19.7609244364528,-236.56134919130474,50.68349104385912,19.650399167506365,-250.6256147297304,-40.37357957916174,-54.12218445869174,201.96875044949311,-249.98355233814502,58.83187685035835,-70.29973458813448,-237.37607947808613,4.549072074186059,-46.2753821520201,221.74489492530532,39.420316922380906,10.978365822325546,-55.24546117253206,-89.80462847260803,-19.317575490255006,111.76552307271002,168.937824617209,-306.7125910295001,13.013328935105793,-55.87334363669758,129.43622936077242,58.48498196907274,86.58457218680734,98.72293520049544,84.3643201037254,-12.324404319972787,90.62732824847627,83.10977882240054,90.5115284059071,-17.5186730990355,87.00049106820462
386.9502967587794,-641.9572666632207,-150.8117014243652,-298.7000166277532,62.63356876951412,-267.9252644465312,83.0740355204168,35.92865991321612,429.5494314986946,-92.03493837328584,-36.069711244477936,455.10317424842566,72.9690231737341,98.07286259770076,-366.93035933033923,453.87042244473633,-106.64802549076782,127.81675511805504,431.2850153107722,-8.09780038134909,83.78635563544749,-402.7886819147762,-71.57717104616643,-19.95884369974436,100.65554562460477,162.71970068044902,34.973156735299476,-202.87859268439658,-306.7125910295001,557.0192333904552,-23.752674965837866,101.34133610672339,-234.7640897263496,-106.3167031670372,-157.2037356592208,-179.44456909100103,-153.06641954843082,22.496279621011315,-164.75917565668072,-150.87963369749053,-164.52698041177524,31.719476828618312,-158.02714528396135
-16.243775958060496,27.235920232863087,6.4020139190923615,12.613881242815149,-2.468010292526336,11.455291467710264,-3.4867110090102886,-1.530593815290862,-18.339540653349335,4.169467689595561,1.337161974928801,-19.040884001803736,-3.2501050959058944,-4.130860892451877,15.447566644192161,-19.42777421921975,4.6232595503791885,-5.330020313191258,-18.36454786945379,0.16482388090503422,-3.4591409557970696,17.217954838713183,2.863793750511652,0.64434477981293,-4.402863579745442,-6.6395586996531,-1.4592860151657607,8.738410307286426,13.013328935105793,-23.752674965837866,1.2486747693872617,-4.215734911499935,10.144131920108965,4.716889530386351,6.744833602425402,7.49934023588521,6.416831085435633,-1.1169295177980578,6.958996606798026,6.544819843301425,6.873123100205862,-1.277097361144422,6.577784315064708
70.79186686738224,-116.8493928851599,-27.342432763707908,-54.465088229677335,11.337112341922031,-48.73301082697268,15.154907454350333,6.540947278392087,78.28129193907697,-16.717826021434306,-6.356228541359939,82.95718347784788,13.523691021960468,18.113644820460973,-66.777751365122,82.6469568224001,-19.499649605650845,23.129603807969417,78.27279179739165,-1.6432273601205365,15.425478886638443,-73.25360125143294,-13.054225499669924,-3.6699424273462125,18.00075812818741,29.924006981603085,6.495585290810619,-37.02556866073884,-55.87334363669758,101.34133610672339,-4.215734911499935,18.62989840862521,-42.918721576170626,-19.34282591720899,-28.612371085399033,-32.57284110361401,-28.08791923833475,3.889293847197754,-29.91614134949883,-27.502802018775697,-29.937097374218084,5.8527429315315125,-28.823733536487843
-163.45500452849043,269.73652552804185,63.039502601925456,125.57762966226456,-25.742619112245475,112.72670798483405,-34.84953444799729,-15.00478904901886,-181.31948107629182,39.39416478030144,13.407834134653184,-191.15688839778366,-32.31528262179403,-41.985647816103175,153.70353106237164,-191.876425239779,45.821801564904305,-53.063183387231504,-181.05277115469585,3.571876355334998,-35.92304326283348,169.5886221567279,29.784149348443936,7.85559279472116,-41.525972553674094,-69.188561192855,-15.050368034056884,86.05982491770486,129.43622936077242,-234.7640897263496,10.144131920108965,-42.918721576170626,100.3308585966207,44.87603058647815,66.50822757203483,74.72855540999929,64.77354041556893,-9.452811950530775,68.69664524412657,64.06175927792118,68.49045244376127,-13.541627250047842,66.13784320564274
-73.81486095340973,122.58939754852777,28.76910680827,57.03909375449669,-11.770505239894314,51.21668474486124,-15.855212255237078,-6.893382153672982,-82.08501810543571,17.731469219479617,6.820800531706527,-86.67698193389003,-14.004363905481084,-18.77143211169823,70.00298561328255,-86.66783412306648,20.354160504877882,-24.287660826913072,-82.25669133974797,1.4331160543090773,-15.874154507280334,76.95128986775403,13.524409444773855,3.6938716973013155,-19.256575777269813,-30.82758246640615,-6.694722016862835,38.82870671205064,58.48498196907274,-106.3167031670372,4.716889530386351,-19.34282591720899,44.87603058647815,20.526592554400654,30.018469306548287,34.17580776076838,29.245522750821266,-4.311761881417416,31.473497976093547,28.894576829931967,31.40917530475254,-5.991904103735115,30.127383410088456
-109.22491353405242,181.00376514037117,42.465774868793716,84.21937269545575,-17.548677287650957,75.58399686206299,-23.397078915897755,-10.114760656938316,-121.26602606370847,26.098297905939006,9.846620174226087,-128.28599268847722,-20.878037840854994,-27.774206294476578,103.35974345925206,-128.20384907514804,30.26577263767783,-35.913841923285105,-121.60376920576303,2.292366292294653,-23.73565802809328,113.65050447961355,20.11596372969904,5.510207686102932,-28.267524524508943,-45.99505419587065,-9.917470376998496,57.353663248795414,86.58457218680734,-157.2037356592208,6.744833602425402,-28.612371085399033,66.50822757203483,30.018469306548287,44.42477384652534,50.46906690345866,43.217389961288596,-6.375735274810811,46.36460284968027,42.67547149453745,46.2578193178325,-8.97348564476605,44.498849371611406
-124.54759731716386,207.398048807492,48.915949628821096,96.48759901937011,-20.63684017816896,86.43338226026297,-26.890473369063386,-11.669369802120425,-138.2189781812766,29.196874040516942,12.810116692846622,-147.14967683611994,-22.495139980859268,-31.230835871964995,118.87937941114387,-145.82305491802956,33.7817295218955,-41.70861224421212,-139.3781507037507,2.573201378004286,-26.644883165109498,129.86134741215855,23.356123463570437,6.848113587607093,-32.932850815204446,-52.138471749806804,-11.095264989809687,65.000009936559,98.72293520049544,-179.44456909100103,7.49934023588521,-32.57284110361401,74.72855540999929,34.17580776076838,50.46906690345866,58.42076188311294,49.21232259585849,-7.191109939664231,53.57297704407076,48.2855743934186,53.600941363487394,-10.136393328697302,51.26450473347488
-106.81943735426191,176.4912906086088,41.320671553622084,82.24007428772282,-17.117331887362305,73.62327000497926,-22.875320010316745,-9.886391986581177,-118.21278749189501,25.273223444588325,9.658323003904616,-125.24036866665806,-20.364594800860782,-27.29472365933359,100.85764267012489,-124.81192787008203,29.42446651827401,-34.951445943140364,-118.26976545984192,2.4237834062807138,-23.2293798373554,110.66264369978137,19.69402150934448,5.521055633114246,-27.275562149799065,-45.080610270168876,-9.77960723898032,55.905527923188615,84.3643201037254,-153.06641954843082,6.416831085435633,-28.08791923833475,64.77354041556893,29.245522750821266,43.217389961288596,49.21232259585849,42.366815646584676,-5.9295661260286465,45.21275668375353,41.54041873561436,45.222869050128736,-8.81072227516115,43.51792953730747
15.202929121633787,-25.727053967155307,-6.123605969233203,-11.864261737785982,2.4897491667166163,-10.805970646229893,3.2785379639563246,1.4246560398372232,17.234393593481528,-3.8527724473704414,-1.4187569598609697,18.074178368246212,2.896029168505816,3.733825292566035,-14.64031732946861,18.337025490404343,-4.329314315061094,5.182387976897375,17.537930428598017,-0.13980649062602712,3.2551594559093884,-16.275789907709,-2.785592723590444,-0.6650668652995696,4.305939699117567,6.269146350718423,1.2995152055606998,-8.144816965139112,-12.324404319972787,22.496279621011315,-1.1169295177980578,3.889293847197754,-9.452811950530775,-4.311761881417416,-6.375735274810811,-7.191109939664231,-5.9295661260286465,1.1555899461668726,-6.607420358460536,-6.108172325277348,-6.502522828396553,1.206471635393473,-6.215598100294135
-114.3632688174671,190.42538647759395,44.87821466206408,88.59468873878936,-18.845685603504602,79.39153237326471,-24.670796687776107,-10.728779793543067,-126.95748220678487,26.889917396337555,11.670325530649482,-135.0147762469277,-20.751041702856078,-28.729985895335968,109.1019970472715,-133.9283518232523,31.05605558688903,-38.202978097943806,-127.92041005240573,2.3280921237844168,-24.432632053401584,119.26216268648248,21.375553865146383,6.2181618673239125,-30.2097842067986,-47.80363946784699,-10.21366200196924,59.746909966823715,90.62732824847627,-164.75917565668072,6.958996606798026,-29.91614134949883,68.69664524412657,31.473497976093547,46.36460284968027,53.57297704407076,45.21275668375353,-6.607420358460536,49.181893733778985,44.39901220105125,49.184576880832154,-9.289918735820963,47.046442328494294
-104.89518948665295,173.6273914583421,40.67278084228348,80.80369370103801,-16.690374212607622,72.53600002273113,-22.43453512822248,-9.700992811692497,-116.46256579878518,25.18356726056313,9.170856535253435,-122.98502252079487,-20.293614553179456,-26.780437919403706,99.06099006247817,-123.13822621813112,29.175884249809542,-34.31749895153682,-116.5783716500013,2.198528983457158,-22.84048452473559,109.07437133952563,19.215023013517467,5.179189747078255,-26.997413473415165,-44.177306051063304,-9.574947561698206,55.16486453002185,83.10977882240054,-150.87963369749053,6.544819843301425,-27.502802018775697,64.06175927792118,28.894576829931967,42.67547149453745,48.2855743934186,41.54041873561436,-6.108172325277348,44.39901220105125,41.05991721773255,44.28290633973093,-8.625592047454289,42.63526739043644
-114.33535950914488,190.29740047728205,44.85155960387483,88.5715944133594,-18.900414079948238,79.2905093328091,-24.68781526422188,-10.73176506341725,-126.79374415268094,26.745545214575433,11.824505987373941,-135.00378290140432,-20.601126742247978,-28.71581772032,109.10018233383916,-133.67961442767816,30.925960414413865,-38.22776922642181,-127.75382612283101,2.3877834935346076,-24.407679337282115,119.09791865896499,21.427010623839166,6.3202545240441195,-30.15124140151836,-47.813267676041086,-10.21155109789994,59.62989969908736,90.5115284059071,-164.52698041177524,6.873123100205862,-29.937097374218084,68.49045244376127,31.40917530475254,46.2578193178325,53.600941363487394,45.222869050128736,-6.502522828396553,49.184576880832154,44.28290633973093,49.245703640783745,-9.296098237226047,47.07945038917361
22.211103217011186,-36.48252354259787,-8.512950399847274,-17.014266233269307,3.544013916139076,-15.20964360115801,4.726625438426816,2.026650980867144,24.496023854960864,-5.236724902529179,-1.8513787861366682,25.966052386829883,4.3504492488890785,5.716024167034244,-20.82739830907743,25.902463430310444,-6.183703697457638,7.198317806247298,24.44930952108654,-0.5654639484207149,4.918018384654581,-22.891448046811323,-4.096148832519275,-1.136213111225539,5.532816340610714,9.492088930566105,2.0562399939400953,-11.609620856461472,-17.5186730990355,31.719476828618312,-1.277097361144422,5.8527429315315125,-13.541627250047842,-5.991904103735115,-8.97348564476605,-10.136393328697302,-8.81072227516115,1.206471635393473,-9.289918735820963,-8.625592047454289,-9.296098237226047,1.8706755838291242,-8.991128018555685
-109.95901749361377,182.5652324479606,42.94058097728473,84.99847207842971,-18.024618671186172,76.0965425835209,-23.67182952326061,-10.265251580891814,-121.84751663011218,25.797167352350815,10.895064066930864,-129.56648290281845,-20.192025522485512,-27.762283138245472,104.5598941833785,-128.55297506074325,29.9366296650968,-36.51770326238206,-122.52424637123036,2.3764698688241714,-23.640031589269764,114.33232158219427,20.515692292827545,5.957123893606782,-28.69284057555335,-46.162938682559734,-9.898215102606276,57.39935263956839,87.00049106820462,-158.02714528396135,6.577784315064708,-28.823733536487843,66.13784320564274,30.127383410088456,44.498849371611406,51.26450473347488,43.51792953730747,-6.215598100294135,47.046442328494294,42.63526739043644,47.07945038917361,-8.991128018555685,45.12220546936027
