V1,V2,V3,V4,V5,V6,V7,V8,V9,V10,V11,V12,V13,V14,V15,V16,V17,V18,V19,V20,V21,V22,V23,V24,V25,V26,V27,V28,V29,V30,V31,V32,V33,V34,V35,V36,V37,V38,V39,V40,V41,V42,V43,V44
5.558696493918568,-4.350890695842276,2.9021240091041802,3.5721743672657587,4.0484049941672255,1.4302685891144291,-4.120080157329592,3.823578093411149,4.596909286408811,4.22272529845293,-0.9983129857487221,-1.7135356546303253,3.2631021661015205,-1.379646017624088,5.6798687701865,1.5103958358908756,1.114354910488848,2.8300858890469986,-1.690515188728935,0.5271476366537157,-1.6166347885780437,2.9007350049237917,0.9996606467605373,4.149466795972134,3.892775895470437,-4.065232371215458,-1.992990574333148,6.50621252264965,4.117728886757621,1.512739498338958,0.20663158528505435,2.6118053835570962,-1.6582105099362774,-3.2656998698557906,-1.4305366680726215,-3.504171083692894,-1.5599380860873244,-3.4875908325341953,-3.9638613868975483,-0.4587079994144423,0.1528116337737574,4.2695780769402765,2.0604321008037876,-1.4148585606776378
-4.350890695842276,3.9115702879862173,-2.32117040540865,-2.7671444415180573,-3.14149915981282,-1.5648737403260848,3.556665430002599,-3.1833389858798498,-3.9462012595322933,-3.5405380898337975,0.7842271824763356,1.7987834213772729,-2.030862666854163,0.9303075863446785,-4.223159147239403,-0.9038323524053509,-0.7644131226072511,-2.5769255199696457,1.1838102334497334,-0.23728023267988604,1.298021787150269,-2.155258825912676,-0.6879556695469087,-3.0896169176493102,-3.1760477979133266,3.2506074777669642,1.7422100102312825,-5.316717040604589,-3.3104538325689545,-1.2787786153168599,-0.026645671398962137,-1.6155244791403345,1.3403292759269088,2.5300478696093722,0.9088009855330403,3.0992236043623484,1.180990312659292,2.6761939439050395,3.0990399671100497,0.14103432217479125,-0.26443087399353116,-3.0015944020160026,-1.2624092374348046,1.1605398108819023
2.9021240091041802,-2.32117040540865,2.184898308691306,1.895295142734745,2.4019858868308788,1.4636131095133242,-2.0417479683846174,2.4169998120927563,2.3734838906339024,2.290006221316227,-0.27062299159088327,-1.2500017541781983,1.1697533906091135,-0.8256346813450091,2.5919701448552543,0.5791960415741116,0.2374262834698553,1.8117449178508316,-0.20559370398663535,0.05191532173421523,-0.5465403597596202,1.7992069238909787,0.29932292690839857,2.0567674293973788,1.9194280047464143,-2.3083899293529315,-1.3579456848440865,3.6548807642430807,2.116118471298827,1.0375473630022476,0.13169028194351992,0.5527228250051094,-0.911358035810912,-2.318567809078886,-0.8512910265541415,-2.134998377985941,-0.8932225797839549,-1.5530348794031879,-2.0939515118774636,-0.4159552168773891,0.015731861667571522,2.0466174388549043,0.6505395326197675,-1.1139201469639948
3.5721743672657587,-2.7671444415180573,1.895295142734745,2.3579684280620845,2.6685867738161106,0.851354799500511,-2.597204219692773,2.423877074501719,2.834796868898406,2.662074042092139,-0.6403189148104282,-1.0156644574223612,2.2716078926354735,-0.8793549195525583,3.7481555383382394,1.0195548843420024,0.7528671587196614,1.8337923090107715,-1.010177776041004,0.4225669172180012,-1.0242054798188436,1.936018269302683,0.6384861796875799,2.7593211437567624,2.5305731818965573,-2.622800362921964,-1.219118963740627,4.192169999071873,2.636318970158263,0.9511623055125258,0.2151413607350881,1.7689486577000433,-1.0289782712831963,-2.094180346336845,-0.9510727568073979,-2.170140249363506,-1.0119258272026397,-2.1964900995540053,-2.489937688741571,-0.30257683238961414,0.036181980258516454,2.7973091665685983,1.307151122698097,-0.8550575280910343
4.0484049941672255,-3.14149915981282,2.4019858868308788,2.6685867738161106,3.2542021287008724,1.4209435932168457,-2.8420775234533355,2.8595135014755333,3.2463741789565606,3.0183093683027384,-0.6104107324648543,-1.3157919842266717,2.079659264968304,-0.7838342225005557,3.9441170384526076,0.9952742173230693,0.5600225684806501,2.3231517777379613,-0.7115850367291716,0.2855555617463132,-1.0260627766348973,2.462690614513334,0.5396223169096587,2.836939345246981,2.7077346397764672,-3.068467646543235,-1.507598963622444,4.898432417509647,2.883314654581452,1.3343895159655823,0.21631436520205577,1.436527022249676,-1.2230521613823226,-2.6587377186009844,-1.1705667688413761,-2.6152444835923503,-1.1382700422981207,-2.252067631527907,-2.8624279111548914,-0.4704565505827328,0.11995286718595392,3.119796905175018,1.1552808802929349,-1.1992516275712837
1.4302685891144291,-1.5648737403260848,1.4636131095133242,0.851354799500511,1.4209435932168457,1.920352359210271,-1.167272539166281,1.5747798215717144,1.5890462833308885,1.3974048395812408,0.09365416753609306,-1.2850701995885463,-0.8488709143360229,0.006267111645629679,0.5274028737584059,-0.2357413069402508,-0.47446386850136135,1.5084469392482618,0.6412806697506409,-0.5346985171997073,-0.039947406717768745,1.110029054060055,-0.19712215095730956,0.2919440172413423,0.7362298214025946,-1.293440013225541,-1.1404073686223628,2.2126208405307994,0.9404611287004567,1.0186840216886424,-0.20668467486750844,-1.1347911851257129,-0.5798214675312031,-1.664703429219552,-0.3734051776853633,-1.7107578963566688,-0.4147067739084239,-0.35826359201298563,-1.1525876288589987,-0.21912982356818284,0.3061837751691372,0.5896576956732593,-0.454084494623321,-1.0463189904685695
-4.120080157329592,3.556665430002599,-2.0417479683846174,-2.597204219692773,-2.8420775234533355,-1.167272539166281,3.366907432143862,-2.9185044375430933,-3.7069718673585172,-3.3128440142365587,0.7867674073979088,1.527242091689052,-2.2231105821340704,1.0390835339133855,-4.19004887814054,-1.011897965106319,-0.8915650360203755,-2.209109912524658,1.3922824214288934,-0.3369399846967591,1.2865748031167572,-1.903393913576129,-0.7661258970849175,-3.0675029314751976,-3.028126610110553,3.011530223561298,1.5676447906613014,-4.911585530474013,-3.176362818255594,-1.0833016530954611,-0.043443987969503335,-1.8956660152407263,1.2500907558348135,2.2615129149179887,0.8862872299549034,2.8032490572649693,1.1511583551579656,2.7036269162642563,2.957717235094339,0.13306694667476895,-0.20773859182029292,-2.955348003991753,-1.4889337289653481,1.0086368913121964
3.823578093411149,-3.1833389858798498,2.4169998120927563,2.423877074501719,2.8595135014755333,1.5747798215717144,-2.9185044375430933,3.023285383365159,3.3285622047976258,3.0851445868041094,-0.5271932118373381,-1.6113800643472276,1.6666979978871288,-1.0935710228502014,3.5740510655997473,0.8083969301873161,0.5292795178695948,2.1980055541295855,-0.8070663939444501,0.10749037660305293,-0.9499794096147735,2.002448103625661,0.5674650557910143,2.7449809197398967,2.655029960113716,-2.9193209494050794,-1.7156814548832129,4.674417523800374,2.86454163414401,1.17955146611477,0.0492574724560834,1.1405099719135754,-1.1775390968028137,-2.6521030238903385,-0.9462728165224561,-2.76690231741075,-1.1273280565176615,-2.288391751991469,-2.7762497850333454,-0.3430042025916027,0.11188397337654404,2.6601619743294633,1.126306289138912,-1.2648103369179322
4.596909286408811,-3.9462012595322933,2.3734838906339024,2.834796868898406,3.2463741789565606,1.5890462833308885,-3.7069718673585172,3.3285622047976258,4.304944562755135,3.762946438966042,-0.8074655197294296,-1.8722554150921187,1.9893354237092848,-0.9918155639473696,4.415956581356546,0.9887779698551531,0.7485873762337901,2.5730377953680543,-1.3855274904053603,0.16402156651717326,-1.3988529170711304,2.252215619031402,0.7521265269788358,3.081072330290978,3.218331428057722,-3.4224995444953064,-1.9052916119947116,5.555085201910502,3.470457669599787,1.4016886213528987,-0.11756069551857558,1.6937177280994407,-1.4804989878097752,-2.7118724155568636,-1.053418804735238,-3.2692553845697314,-1.2350977097131224,-2.911717381075677,-3.388577966378622,-0.26809036784161255,0.379475273980245,3.251039793808128,1.5199014869653404,-1.3738747988582654
4.22272529845293,-3.5405380898337975,2.290006221316227,2.662074042092139,3.0183093683027384,1.3974048395812408,-3.3128440142365587,3.0851445868041094,3.762946438966042,3.427607399157114,-0.7189397307300003,-1.6162953377600398,2.062944220660175,-1.0501951351404786,4.135689452658501,0.9625753794470605,0.732506343920467,2.299860728673984,-1.213401437510376,0.2077124156883457,-1.1866748961158013,2.109248545249627,0.726140588769478,2.9888583930138717,2.9862874817037723,-3.128170366143625,-1.7224148513065358,5.087002132435223,3.190672776086545,1.2353120213157691,-0.01812814428544925,1.6362689592853088,-1.306155835366194,-2.580815706915624,-0.9873868206695485,-2.9198847118052536,-1.179624150252689,-2.648397903268109,-3.056272191105945,-0.29294876503581757,0.2333797085269701,3.0230607283848743,1.3995026222907834,-1.2396511889894088
-0.9983129857487221,0.7842271824763356,-0.27062299159088327,-0.6403189148104282,-0.6104107324648543,0.09365416753609306,0.7867674073979088,-0.5271932118373381,-0.8074655197294296,-0.7189397307300003,0.32963384567248066,0.18670996631815925,-0.8991916642638925,0.2605430501162026,-1.1874954119299532,-0.34927301971142966,-0.37682522784173056,-0.3661557387438634,0.6157602723870698,-0.19622219035137392,0.415212897235859,-0.3723991367177398,-0.30036761847115623,-0.8964255440519598,-0.8089120774206906,0.6600726638341713,0.19008363133779818,-1.0417216051490934,-0.7760071899974949,-0.12193414660201336,-0.07599600278262288,-0.8811783596002922,0.2588324254831739,0.2852741142745681,0.1689618715900379,0.45784442658738383,0.2514854321597985,0.7673524400113413,0.6694363612895035,-0.00375424327930562,-0.012413636972925562,-0.821044105713893,-0.5358713729899316,0.048651393794267604
-1.7135356546303253,1.7987834213772729,-1.2500017541781983,-1.0156644574223612,-1.3157919842266717,-1.2850701995885463,1.527242091689052,-1.6113800643472276,-1.8722554150921187,-1.6162953377600398,0.18670996631815925,1.24159574149388,0.027116993785070428,0.33320305785345533,-1.2158443739638443,-0.03249878120866991,0.025971078547986838,-1.3372956572422021,0.11829190315646433,0.26608922677241786,0.39972385767391455,-0.8664599110442524,-0.11779176706427695,-0.9169993579306798,-1.1921783428068229,1.4169697779055161,1.0499310888307978,-2.316012639089899,-1.3075244002120383,-0.7222279575251564,0.17911668966484523,0.1514220371936923,0.6071747991363994,1.3422210055241275,0.2929139336720248,1.6273959592245069,0.46338450496746064,0.922000400766313,1.3007425942886008,0.07724707037981637,-0.2331373814023266,-0.8644416008113939,-0.12652373837755285,0.7977837493657559
3.2631021661015205,-2.030862666854163,1.1697533906091135,2.2716078926354735,2.079659264968304,-0.8488709143360229,-2.2231105821340704,1.6666979978871288,1.9893354237092848,2.062944220660175,-0.8991916642638925,0.027116993785070428,4.133726546192375,-1.3857138825042898,4.487831397959018,1.6639241982963595,1.5774031607422438,0.8436664506156822,-1.9597511297218686,1.2185764265768702,-1.2181317423271036,1.4335637629595892,1.0561124805432274,3.576677220130282,2.6435084867591248,-2.1434729147009612,-0.4054652917676524,3.2852027305335185,2.5926358594573546,0.16062780751102063,0.6316359040633625,3.6074249221514765,-0.7619643462873104,-1.1278835365249635,-0.8926077685084456,-1.1147557256945528,-0.9852051182514043,-2.5855835678377446,-2.104526152469571,-0.17790023797460278,-0.39175290087140585,3.117433732888011,2.23246701419452,-0.007025979169340715
-1.379646017624088,0.9303075863446785,-0.8256346813450091,-0.8793549195525583,-0.7838342225005557,0.006267111645629679,1.0390835339133855,-1.0935710228502014,-0.9918155639473696,-1.0501951351404786,0.2605430501162026,0.33320305785345533,-1.3857138825042898,0.9945425800281622,-1.6694996793366785,-0.5796539913790688,-0.576575633672446,-0.36325410510460415,0.7656233625956628,-0.3034241348614978,0.3773182254192592,-0.40316307807001706,-0.4601795393689633,-1.5735888419199098,-1.1301984326916064,0.9602335771720929,0.5021926582129871,-1.449303214790471,-1.1832839852749848,-0.05464622479122239,-0.17471737623271635,-1.1476083172458196,0.3336015609990253,0.8143921691617713,0.3141518190665285,0.7544471700740569,0.5189166750497711,1.1718053635303156,0.9729397831551537,0.09756892138551959,0.2254410543327809,-1.0766118924390176,-0.9272826322286855,0.23618246188718256
5.6798687701865,-4.223159147239403,2.5919701448552543,3.7481555383382394,3.9441170384526076,0.5274028737584059,-4.19004887814054,3.5740510655997473,4.415956581356546,4.135689452658501,-1.1874954119299532,-1.2158443739638443,4.487831397959018,-1.6694996793366785,6.4977881572266725,1.9731946800197195,1.6607174023545237,2.4787890936559767,-2.2752639134748525,1.04586464051164,-1.8591469423726654,2.773645639978872,1.2775001830219659,4.812049092453426,4.190509693899209,-4.029640390167815,-1.652604908775936,6.400615446731822,4.322321025841735,1.1529375264224673,0.428123339439981,3.8162012608544282,-1.5801049430630245,-2.854422419700607,-1.4911915821568829,-3.103411592091126,-1.6232160260470625,-3.8745000893057364,-3.933345972622201,-0.3705465481659691,-0.05561246568805999,4.68235103375747,2.694354241268332,-1.0045631635062824
1.5103958358908756,-0.9038323524053509,0.5791960415741116,1.0195548843420024,0.9952742173230693,-0.2357413069402508,-1.011897965106319,0.8083969301873161,0.9887779698551531,0.9625753794470605,-0.34927301971142966,-0.03249878120866991,1.6639241982963595,-0.5796539913790688,1.9731946800197195,0.7409663246196401,0.6249959664165301,0.4311280250205744,-0.8094076658348361,0.48202326240398286,-0.5465908717971274,0.7114597898837887,0.4310929636137622,1.4936928525517101,1.1223572588081248,-1.0119519999387032,-0.2799298123682348,1.5546373645987455,1.1568639733305217,0.16533204355499012,0.22717320375926797,1.4569749681197353,-0.3840110681732846,-0.6414494879495922,-0.4722420126522154,-0.6041778126908414,-0.4595782115510824,-1.1426004501850435,-1.0326372501500758,-0.12978850175258275,-0.12530634555385786,1.4390982843605835,1.0049843875590607,-0.12158407777944145
1.114354910488848,-0.7644131226072511,0.2374262834698553,0.7528671587196614,0.5600225684806501,-0.47446386850136135,-0.8915650360203755,0.5292795178695948,0.7485873762337901,0.732506343920467,-0.37682522784173056,0.025971078547986838,1.5774031607422438,-0.576575633672446,1.6607174023545237,0.6249959664165301,0.6998726716722398,0.194305831667412,-0.9170964741544902,0.4938413541700435,-0.5066603600763686,0.2891569597783938,0.45001238384132847,1.3558293150134555,1.0041751896656033,-0.6829348026471088,-0.09116956681032168,1.0628677510451994,0.9625830573114509,-0.07252202916076432,0.21428105444939227,1.493562757660842,-0.24192571721062392,-0.19458159801416341,-0.22331362601150598,-0.3618873370648011,-0.3478999741544226,-1.0362861625134732,-0.7170583203728456,0.05620935983409938,-0.14575402884501298,1.0445758819154234,0.9224445846869654,0.1270533855661977
2.8300858890469986,-2.5769255199696457,1.8117449178508316,1.8337923090107715,2.3231517777379613,1.5084469392482618,-2.209109912524658,2.1980055541295855,2.5730377953680543,2.299860728673984,-0.3661557387438634,-1.3372956572422021,0.8436664506156822,-0.36325410510460415,2.4787890936559767,0.4311280250205744,0.194305831667412,1.9881425290459487,-0.23999052680456934,-0.002093405726955916,-0.7072771641727041,1.7227178268157277,0.23134247636689337,1.73308158588984,1.9172759849897991,-2.2370662291815098,-1.270452000409533,3.6537436898058124,2.047605900073955,1.1009931901242187,0.011125406935428345,0.4486484365085674,-0.9203670986784168,-1.9678103277679881,-0.7051119834832802,-2.1824821335369946,-0.762608791013092,-1.4543434948366905,-2.025015042141493,-0.2128408342478965,0.23191139666121052,1.8982035395449957,0.4483298106283078,-0.989471950437683
-1.690515188728935,1.1838102334497334,-0.20559370398663535,-1.010177776041004,-0.7115850367291716,0.6412806697506409,1.3922824214288934,-0.8070663939444501,-1.3855274904053603,-1.213401437510376,0.6157602723870698,0.11829190315646433,-1.9597511297218686,0.7656233625956628,-2.2752639134748525,-0.8094076658348361,-0.9170964741544902,-0.23999052680456934,1.616824053435681,-0.5073838410449855,0.8651285437930077,-0.3211173810541076,-0.7105432930117616,-1.7388921181667132,-1.4248142679615314,1.0041867623214367,0.2734034638967545,-1.5454675969391123,-1.4182425010787125,0.0565401688890592,-0.07063366583525929,-2.0622476102950853,0.4391484398348764,0.2841681722376867,0.2574234169219104,0.6588446603264179,0.43231203470037205,1.6170705395108844,1.1994507401186258,-0.06541101612266613,0.037940495341810085,-1.4919288718787684,-1.4241246665642395,-0.054665368039177015
0.5271476366537157,-0.23728023267988604,0.05191532173421523,0.4225669172180012,0.2855555617463132,-0.5346985171997073,-0.3369399846967591,0.10749037660305293,0.16402156651717326,0.2077124156883457,-0.19622219035137392,0.26608922677241786,1.2185764265768702,-0.3034241348614978,1.04586464051164,0.48202326240398286,0.4938413541700435,-0.002093405726955916,-0.5073838410449855,0.4952037443381328,-0.3016927979197099,0.20562398945403107,0.23813405559496909,0.8470802602366824,0.5092395028694118,-0.30880955296080076,0.1388661918907474,0.42961607990679795,0.46588588443802464,-0.14038396936387842,0.24067293082522856,1.0942925713164608,-0.09347002829996927,0.03169487080702717,-0.19003016688931476,0.022460469587770794,-0.16577019962940687,-0.5333602635781736,-0.2823468102201494,0.024015507397612438,-0.1745658652635361,0.6686864360972385,0.6101105445116228,0.22288540890807546
-1.6166347885780437,1.298021787150269,-0.5465403597596202,-1.0242054798188436,-1.0260627766348973,-0.039947406717768745,1.2865748031167572,-0.9499794096147735,-1.3988529170711304,-1.1866748961158013,0.415212897235859,0.39972385767391455,-1.2181317423271036,0.3773182254192592,-1.8591469423726654,-0.5465908717971274,-0.5066603600763686,-0.7072771641727041,0.8651285437930077,-0.3016927979197099,0.7173717453656574,-0.6795752765392926,-0.39140438109750153,-1.3125625488460788,-1.2265482781822488,1.138525064224441,0.45927658278526584,-1.768255555321383,-1.239719018774283,-0.27223353854078053,-0.03984653990499869,-1.1977472881437807,0.47147510317465346,0.6285441442091071,0.34978208741198025,0.8876039700295897,0.38353597671775835,1.173004289050418,1.1395823924204398,0.011327345194014519,-0.05722520330487957,-1.3062740186713808,-0.8502452220257488,0.2135352465406008
2.9007350049237917,-2.155258825912676,1.7992069238909787,1.936018269302683,2.462690614513334,1.110029054060055,-1.903393913576129,2.002448103625661,2.252215619031402,2.109248545249627,-0.3723991367177398,-0.8664599110442524,1.4335637629595892,-0.40316307807001706,2.773645639978872,0.7114597898837887,0.2891569597783938,1.7227178268157277,-0.3211173810541076,0.20562398945403107,-0.6795752765392926,2.002441412736294,0.29722727666493265,1.8796624160998598,1.820793385857652,-2.2306152965982498,-1.0588809105337087,3.5560552828084435,1.991779290605546,1.0852188245796388,0.15504205804767218,0.8924716247248012,-0.9189227195736297,-2.016832642839329,-0.9566954914522539,-1.8533172767919244,-0.7775645901809003,-1.4793784779783936,-2.068117256704744,-0.44566600062980677,0.12296520785342915,2.333714101870246,0.7324013239156265,-0.9446178775158679
0.9996606467605373,-0.6879556695469087,0.29932292690839857,0.6384861796875799,0.5396223169096587,-0.19712215095730956,-0.7661258970849175,0.5674650557910143,0.7521265269788358,0.726140588769478,-0.30036761847115623,-0.11779176706427695,1.0561124805432274,-0.4601795393689633,1.2775001830219659,0.4310929636137622,0.45001238384132847,0.23134247636689337,-0.7105432930117616,0.23813405559496909,-0.39140438109750153,0.29722727666493265,0.3666394931918023,1.013229763342641,0.8173914708497546,-0.6356993995138382,-0.22337421294491883,0.9958991993985993,0.8095368808272617,0.043433324510570866,0.08092614481981285,1.00706796757822,-0.23627201547977578,-0.342187257291338,-0.1929523480009576,-0.4274073529382242,-0.29487629208643307,-0.843527378085952,-0.6845132758952323,-0.02257622577291782,-0.05711108985015865,0.855317852056785,0.6907846968613525,-0.058405973460960346
4.149466795972134,-3.0896169176493102,2.0567674293973788,2.7593211437567624,2.836939345246981,0.2919440172413423,-3.0675029314751976,2.7449809197398967,3.081072330290978,2.9888583930138717,-0.8964255440519598,-0.9169993579306798,3.576677220130282,-1.5735888419199098,4.812049092453426,1.4936928525517101,1.3558293150134555,1.73308158588984,-1.7388921181667132,0.8470802602366824,-1.3125625488460788,1.8796624160998598,1.013229763342641,3.9001645325446437,3.2059116961822722,-2.945240331103179,-1.1845539999108616,4.605192123658204,3.243412864081555,0.6653299651702762,0.48158693720325585,2.9770444562994016,-1.0891723436659633,-2.0968056293950754,-1.0114345539792988,-2.219106001107277,-1.270728958525775,-2.944688578516902,-2.8183400990756327,-0.22839601739375429,-0.24202815706548628,3.362337981870937,2.0483865722307275,-0.61725562321497
3.892775895470437,-3.1760477979133266,1.9194280047464143,2.5305731818965573,2.7077346397764672,0.7362298214025946,-3.028126610110553,2.655029960113716,3.218331428057722,2.9862874817037723,-0.8089120774206906,-1.1921783428068229,2.6435084867591248,-1.1301984326916064,4.190509693899209,1.1223572588081248,1.0041751896656033,1.9172759849897991,-1.4248142679615314,0.5092395028694118,-1.2265482781822488,1.820793385857652,0.8173914708497546,3.2059116961822722,2.934828928396688,-2.8150116988416913,-1.300258075927689,4.508863020490135,3.000038551433839,0.8627357322117412,0.2187641598097062,2.213835356163999,-1.101958794721364,-2.045631558517629,-0.8712477905138286,-2.3718480877495987,-1.1104529388589393,-2.6067960239123766,-2.701862371101738,-0.1696035446616561,0.023824887828598512,2.9460600994166124,1.5713061954616452,-0.7832452685319244
-4.065232371215458,3.2506074777669642,-2.3083899293529315,-2.622800362921964,-3.068467646543235,-1.293440013225541,3.011530223561298,-2.9193209494050794,-3.4224995444953064,-3.128170366143625,0.6600726638341713,1.4169697779055161,-2.1434729147009612,0.9602335771720929,-4.029640390167815,-1.0119519999387032,-0.6829348026471088,-2.2370662291815098,1.0041867623214367,-0.30880955296080076,1.138525064224441,-2.2306152965982498,-0.6356993995138382,-2.945240331103179,-2.8150116988416913,3.0611660810798256,1.5661598394093543,-4.870528994372678,-2.9981011001057216,-1.2097614914821193,-0.12800619327743848,-1.6267555719748006,1.2425959033174652,2.5451381680235388,1.0796332569149492,2.6787023314888914,1.1337077315254944,2.451359983143854,2.907764779691364,0.3724754382536908,-0.1330186508435895,-3.054419754827902,-1.3438775801113776,1.1611637403172599
-1.992990574333148,1.7422100102312825,-1.3579456848440865,-1.219118963740627,-1.507598963622444,-1.1404073686223628,1.5676447906613014,-1.7156814548832129,-1.9052916119947116,-1.7224148513065358,0.19008363133779818,1.0499310888307978,-0.4054652917676524,0.5021926582129871,-1.652604908775936,-0.2799298123682348,-0.09116956681032168,-1.270452000409533,0.2734034638967545,0.1388661918907474,0.45927658278526584,-1.0588809105337087,-0.22337421294491883,-1.1845539999108616,-1.300258075927689,1.5661598394093543,1.10669971755853,-2.5381355269183343,-1.4648682150905754,-0.742697382749889,0.1317772821642133,-0.18001329108061226,0.6555726123734871,1.5804229013386302,0.49055709218695726,1.6497478736504185,0.5733773835591787,1.1059270968420776,1.5081706781716655,0.20581821567369887,-0.16009968930562932,-1.2592847779844565,-0.4457773306014766,0.8659848502782835
6.50621252264965,-5.316717040604589,3.6548807642430807,4.192169999071873,4.898432417509647,2.2126208405307994,-4.911585530474013,4.674417523800374,5.555085201910502,5.087002132435223,-1.0417216051490934,-2.316012639089899,3.2852027305335185,-1.449303214790471,6.400615446731822,1.5546373645987455,1.0628677510451994,3.6537436898058124,-1.5454675969391123,0.42961607990679795,-1.768255555321383,3.5560552828084435,0.9958991993985993,4.605192123658204,4.508863020490135,-4.870528994372678,-2.5381355269183343,7.87745557402758,4.8123459090217455,2.006339518282117,0.15734774482351524,2.4608813518512993,-1.995807938688429,-4.073425668249634,-1.682659024354868,-4.390221695389004,-1.8282276203592704,-3.884623446720849,-4.660621820562044,-0.5439796066776121,0.28498442130401686,4.818346109670401,2.0325737597059543,-1.8832430128151458
4.117728886757621,-3.3104538325689545,2.116118471298827,2.636318970158263,2.883314654581452,0.9404611287004567,-3.176362818255594,2.86454163414401,3.470457669599787,3.190672776086545,-0.7760071899974949,-1.3075244002120383,2.5926358594573546,-1.1832839852749848,4.322321025841735,1.1568639733305217,0.9625830573114509,2.047605900073955,-1.4182425010787125,0.46588588443802464,-1.239719018774283,1.991779290605546,0.8095368808272617,3.243412864081555,3.000038551433839,-2.9981011001057216,-1.4648682150905754,4.8123459090217455,3.1565709482083544,1.0125020770013082,0.16220182140707645,2.1365941349404824,-1.2244746432041604,-2.307341812668236,-0.9891977520071726,-2.609182847820086,-1.1803356781114258,-2.7264372738351628,-2.929188835555839,-0.2525717951929879,0.07915325032228508,3.115290498854304,1.639800559776923,-0.9694367000960172
1.512739498338958,-1.2787786153168599,1.0375473630022476,0.9511623055125258,1.3343895159655823,1.0186840216886424,-1.0833016530954611,1.17955146611477,1.4016886213528987,1.2353120213157691,-0.12193414660201336,-0.7222279575251564,0.16062780751102063,-0.05464622479122239,1.1529375264224673,0.16533204355499012,-0.07252202916076432,1.1009931901242187,0.0565401688890592,-0.14038396936387842,-0.27223353854078053,1.0852188245796388,0.043433324510570866,0.6653299651702762,0.8627357322117412,-1.2097614914821193,-0.742697382749889,2.006339518282117,1.0125020770013082,0.7681398756963719,-0.06514556583678384,-0.06173729693672471,-0.5424263459856573,-1.2209142623060576,-0.473337414286136,-1.2287996949708109,-0.39847511001582503,-0.6579709641649665,-1.1487199509213468,-0.2405519880366355,0.21703862382491032,1.051186265272474,0.12125243819603802,-0.7034678111298974
0.20663158528505435,-0.026645671398962137,0.13169028194351992,0.2151413607350881,0.21631436520205577,-0.20668467486750844,-0.043443987969503335,0.0492574724560834,-0.11756069551857558,-0.01812814428544925,-0.07599600278262288,0.17911668966484523,0.6316359040633625,-0.17471737623271635,0.428123339439981,0.22717320375926797,0.21428105444939227,0.011125406935428345,-0.07063366583525929,0.24067293082522856,-0.03984653990499869,0.15504205804767218,0.08092614481981285,0.48158693720325585,0.2187641598097062,-0.12800619327743848,0.1317772821642133,0.15734774482351524,0.16220182140707645,-0.06514556583678384,0.26299880491249455,0.4610557329094392,0.012431098236417991,-0.02611845548821727,-0.09989937521665651,0.09149768181320529,-0.11859770716202968,-0.1559990236557127,-0.060523280484413466,-0.01949589305611913,-0.1800553065889635,0.3070117245850685,0.18055121428453755,0.15280596419529335
2.6118053835570962,-1.6155244791403345,0.5527228250051094,1.7689486577000433,1.436527022249676,-1.1347911851257129,-1.8956660152407263,1.1405099719135754,1.6937177280994407,1.6362689592853088,-0.8811783596002922,0.1514220371936923,3.6074249221514765,-1.1476083172458196,3.8162012608544282,1.4569749681197353,1.493562757660842,0.4486484365085674,-2.0622476102950853,1.0942925713164608,-1.1977472881437807,0.8924716247248012,1.00706796757822,2.9770444562994016,2.213835356163999,-1.6267555719748006,-0.18001329108061226,2.4608813518512993,2.1365941349404824,-0.06173729693672471,0.4610557329094392,3.4174399973864813,-0.5940572508957545,-0.5174691706910541,-0.6313856129938266,-0.7334468583534007,-0.7414366849244455,-2.311882030771724,-1.7001886002343887,-0.023696734162435014,-0.27803085244715164,2.5750467654726323,2.1204929623228232,0.20264791883454736
-1.6582105099362774,1.3403292759269088,-0.911358035810912,-1.0289782712831963,-1.2230521613823226,-0.5798214675312031,1.2500907558348135,-1.1775390968028137,-1.4804989878097752,-1.306155835366194,0.2588324254831739,0.6071747991363994,-0.7619643462873104,0.3336015609990253,-1.5801049430630245,-0.3840110681732846,-0.24192571721062392,-0.9203670986784168,0.4391484398348764,-0.09347002829996927,0.47147510317465346,-0.9189227195736297,-0.23627201547977578,-1.0891723436659633,-1.101958794721364,1.2425959033174652,0.6555726123734871,-1.995807938688429,-1.2244746432041604,-0.5424263459856573,0.012431098236417991,-0.5940572508957545,0.5602831500879287,1.0340410310851063,0.44562793238798304,1.151650607957882,0.43925685788318874,1.0122367655093891,1.2319183417010287,0.15963433257358947,-0.1234289105870882,-1.2366530648446483,-0.5447856826774492,0.5174825641891365
-3.2656998698557906,2.5300478696093722,-2.318567809078886,-2.094180346336845,-2.6587377186009844,-1.664703429219552,2.2615129149179887,-2.6521030238903385,-2.7118724155568636,-2.580815706915624,0.2852741142745681,1.3422210055241275,-1.1278835365249635,0.8143921691617713,-2.854422419700607,-0.6414494879495922,-0.19458159801416341,-1.9678103277679881,0.2841681722376867,0.03169487080702717,0.6285441442091071,-2.016832642839329,-0.342187257291338,-2.0968056293950754,-2.045631558517629,2.5451381680235388,1.5804229013386302,-4.073425668249634,-2.307341812668236,-1.2209142623060576,-0.02611845548821727,-0.5174691706910541,1.0340410310851063,2.6483899811233935,0.9878409394789889,2.4224785347787194,0.9798374313353054,1.7090024031926767,2.404669103154789,0.5045553302818293,-0.10798357270547566,-2.33246891025634,-0.7697821297022497,1.3284856396145903
-1.4305366680726215,0.9088009855330403,-0.8512910265541415,-0.9510727568073979,-1.1705667688413761,-0.3734051776853633,0.8862872299549034,-0.9462728165224561,-1.053418804735238,-0.9873868206695485,0.1689618715900379,0.2929139336720248,-0.8926077685084456,0.3141518190665285,-1.4911915821568829,-0.4722420126522154,-0.22331362601150598,-0.7051119834832802,0.2574234169219104,-0.19003016688931476,0.34978208741198025,-0.9566954914522539,-0.1929523480009576,-1.0114345539792988,-0.8712477905138286,1.0796332569149492,0.49055709218695726,-1.682659024354868,-0.9891977520071726,-0.473337414286136,-0.09989937521665651,-0.6313856129938266,0.44562793238798304,0.9878409394789889,0.5476356559485357,0.8285812630787528,0.4140896300206345,0.8072430520904805,1.0390678458967502,0.26476910708975737,-0.011354157883372563,-1.2546393074885276,-0.5578168312609446,0.44966526228050263
-3.504171083692894,3.0992236043623484,-2.134998377985941,-2.170140249363506,-2.6152444835923503,-1.7107578963566688,2.8032490572649693,-2.76690231741075,-3.2692553845697314,-2.9198847118052536,0.45784442658738383,1.6273959592245069,-1.1147557256945528,0.7544471700740569,-3.103411592091126,-0.6041778126908414,-0.3618873370648011,-2.1824821335369946,0.6588446603264179,0.022460469587770794,0.8876039700295897,-1.8533172767919244,-0.4274073529382242,-2.219106001107277,-2.3718480877495987,2.6787023314888914,1.6497478736504185,-4.390221695389004,-2.609182847820086,-1.2287996949708109,0.09149768181320529,-0.7334468583534007,1.151650607957882,2.4224785347787194,0.8285812630787528,2.7388292521558713,0.9875180824026605,2.0258417636935357,2.5992986190114213,0.24921198206994385,-0.27585633101900486,-2.331870615197557,-0.859743033040306,1.2403671794256979
-1.5599380860873244,1.180990312659292,-0.8932225797839549,-1.0119258272026397,-1.1382700422981207,-0.4147067739084239,1.1511583551579656,-1.1273280565176615,-1.2350977097131224,-1.179624150252689,0.2514854321597985,0.46338450496746064,-0.9852051182514043,0.5189166750497711,-1.6232160260470625,-0.4595782115510824,-0.3478999741544226,-0.762608791013092,0.43231203470037205,-0.16577019962940687,0.38353597671775835,-0.7775645901809003,-0.29487629208643307,-1.270728958525775,-1.1104529388589393,1.1337077315254944,0.5733773835591787,-1.8282276203592704,-1.1803356781114258,-0.39847511001582503,-0.11859770716202968,-0.7414366849244455,0.43925685788318874,0.9798374313353054,0.4140896300206345,0.9875180824026605,0.5092554820837227,1.0043808077566634,1.1035458232926358,0.1402656025565536,0.023611718222594256,-1.1894109148480423,-0.604498287839494,0.3998669740560289
-3.4875908325341953,2.6761939439050395,-1.5530348794031879,-2.1964900995540053,-2.252067631527907,-0.35826359201298563,2.7036269162642563,-2.288391751991469,-2.911717381075677,-2.648397903268109,0.7673524400113413,0.922000400766313,-2.5855835678377446,1.1718053635303156,-3.8745000893057364,-1.1426004501850435,-1.0362861625134732,-1.4543434948366905,1.6170705395108844,-0.5333602635781736,1.173004289050418,-1.4793784779783936,-0.843527378085952,-2.944688578516902,-2.6067960239123766,2.451359983143854,1.1059270968420776,-3.884623446720849,-2.7264372738351628,-0.6579709641649665,-0.1559990236557127,-2.311882030771724,1.0122367655093891,1.7090024031926767,0.8072430520904805,2.0258417636935357,1.0043808077566634,2.539089356049089,2.490337150959012,0.17596855951198992,-0.018781798542490187,-2.7454327213631355,-1.7380358802983533,0.6534642375825755
-3.9638613868975483,3.0990399671100497,-2.0939515118774636,-2.489937688741571,-2.8624279111548914,-1.1525876288589987,2.957717235094339,-2.7762497850333454,-3.388577966378622,-3.056272191105945,0.6694363612895035,1.3007425942886008,-2.104526152469571,0.9729397831551537,-3.933345972622201,-1.0326372501500758,-0.7170583203728456,-2.025015042141493,1.1994507401186258,-0.2823468102201494,1.1395823924204398,-2.068117256704744,-0.6845132758952323,-2.8183400990756327,-2.701862371101738,2.907764779691364,1.5081706781716655,-4.660621820562044,-2.929188835555839,-1.1487199509213468,-0.060523280484413466,-1.7001886002343887,1.2319183417010287,2.404669103154789,1.0390678458967502,2.5992986190114213,1.1035458232926358,2.490337150959012,2.905912423514165,0.3573231830961526,-0.17906292111563862,-3.01989707917945,-1.4655385122556825,1.1153519526520363
-0.4587079994144423,0.14103432217479125,-0.4159552168773891,-0.30257683238961414,-0.4704565505827328,-0.21912982356818284,0.13306694667476895,-0.3430042025916027,-0.26809036784161255,-0.29294876503581757,-0.00375424327930562,0.07724707037981637,-0.17790023797460278,0.09756892138551959,-0.3705465481659691,-0.12978850175258275,0.05620935983409938,-0.2128408342478965,-0.06541101612266613,0.024015507397612438,0.011327345194014519,-0.44566600062980677,-0.02257622577291782,-0.22839601739375429,-0.1696035446616561,0.3724754382536908,0.20581821567369887,-0.5439796066776121,-0.2525717951929879,-0.2405519880366355,-0.01949589305611913,-0.023696734162435014,0.15963433257358947,0.5045553302818293,0.26476910708975737,0.24921198206994385,0.1402656025565536,0.17596855951198992,0.3573231830961526,0.23422263460398046,-0.0012363920409331236,-0.44654943072810915,-0.12378470153474898,0.2845664897211373
0.1528116337737574,-0.26443087399353116,0.015731861667571522,0.036181980258516454,0.11995286718595392,0.3061837751691372,-0.20773859182029292,0.11188397337654404,0.379475273980245,0.2333797085269701,-0.012413636972925562,-0.2331373814023266,-0.39175290087140585,0.2254410543327809,-0.05561246568805999,-0.12530634555385786,-0.14575402884501298,0.23191139666121052,0.037940495341810085,-0.1745658652635361,-0.05722520330487957,0.12296520785342915,-0.05711108985015865,-0.24202815706548628,0.023824887828598512,-0.1330186508435895,-0.16009968930562932,0.28498442130401686,0.07915325032228508,0.21703862382491032,-0.1800553065889635,-0.27803085244715164,-0.1234289105870882,-0.10798357270547566,-0.011354157883372563,-0.27585633101900486,0.023611718222594256,-0.018781798542490187,-0.17906292111563862,-0.0012363920409331236,0.21066324286455484,0.017852402706807782,-0.12605121251924378,-0.18479614441440992
4.2695780769402765,-3.0015944020160026,2.0466174388549043,2.7973091665685983,3.119796905175018,0.5896576956732593,-2.955348003991753,2.6601619743294633,3.251039793808128,3.0230607283848743,-0.821044105713893,-0.8644416008113939,3.117433732888011,-1.0766118924390176,4.68235103375747,1.4390982843605835,1.0445758819154234,1.8982035395449957,-1.4919288718787684,0.6686864360972385,-1.3062740186713808,2.333714101870246,0.855317852056785,3.362337981870937,2.9460600994166124,-3.054419754827902,-1.2592847779844565,4.818346109670401,3.115290498854304,1.051186265272474,0.3070117245850685,2.5750467654726323,-1.2366530648446483,-2.33246891025634,-1.2546393074885276,-2.331870615197557,-1.1894109148480423,-2.7454327213631355,-3.01989707917945,-0.44654943072810915,0.017852402706807782,3.6172064468104956,1.9005183279218747,-0.906850646913937
2.0604321008037876,-1.2624092374348046,0.6505395326197675,1.307151122698097,1.1552808802929349,-0.454084494623321,-1.4889337289653481,1.126306289138912,1.5199014869653404,1.3995026222907834,-0.5358713729899316,-0.12652373837755285,2.23246701419452,-0.9272826322286855,2.694354241268332,1.0049843875590607,0.9224445846869654,0.4483298106283078,-1.4241246665642395,0.6101105445116228,-0.8502452220257488,0.7324013239156265,0.6907846968613525,2.0483865722307275,1.5713061954616452,-1.3438775801113776,-0.4457773306014766,2.0325737597059543,1.639800559776923,0.12125243819603802,0.18055121428453755,2.1204929623228232,-0.5447856826774492,-0.7697821297022497,-0.5578168312609446,-0.859743033040306,-0.604498287839494,-1.7380358802983533,-1.4655385122556825,-0.12378470153474898,-0.12605121251924378,1.9005183279218747,1.5649895696560847,-0.16362558077966285
-1.4148585606776378,1.1605398108819023,-1.1139201469639948,-0.8550575280910343,-1.1992516275712837,-1.0463189904685695,1.0086368913121964,-1.2648103369179322,-1.3738747988582654,-1.2396511889894088,0.048651393794267604,0.7977837493657559,-0.007025979169340715,0.23618246188718256,-1.0045631635062824,-0.12158407777944145,0.1270533855661977,-0.989471950437683,-0.054665368039177015,0.22288540890807546,0.2135352465406008,-0.9446178775158679,-0.058405973460960346,-0.61725562321497,-0.7832452685319244,1.1611637403172599,0.8659848502782835,-1.8832430128151458,-0.9694367000960172,-0.7034678111298974,0.15280596419529335,0.20264791883454736,0.5174825641891365,1.3284856396145903,0.44966526228050263,1.2403671794256979,0.3998669740560289,0.6534642375825755,1.1153519526520363,0.2845664897211373,-0.18479614441440992,-0.906850646913937,-0.16362558077966285,0.8095828552775595
