V1,V2,V3,V4,V5,V6,V7,V8,V9,V10,V11,V12,V13,V14,V15,V16,V17,V18,V19,V20,V21,V22,V23,V24,V25,V26,V27,V28,V29,V30,V31,V32,V33,V34,V35,V36,V37,V38,V39,V40,V41,V42,V43,V44
0.7961952854715817,1.0327062701660144,-1.2654284228975146,-0.5129477841209158,-0.49868198891513765,-0.949088870876254,-0.08165890989631873,-0.582560328751577,1.6858690147786746,0.32466763441763385,-0.3546230067157999,0.6321561000942104,-0.720325713131329,0.5422482256685591,0.31373380004343976,0.6301039205173619,-0.3787399069450535,-1.0650229398321418,-2.205158895812778,-0.4959676462064952,-0.8687131670339164,0.5822039968906475,0.2160355840779658,-1.6820406445825238,-1.0578627821433877,-0.17112377196092837,-0.1778721390027861,-0.21594135401873688,0.05212864381285876,0.6584393166087011,-1.5409095778879716,0.8287886147226949,-0.9438282031749291,-0.15092082908758314,-0.9302781265275718,-0.42796871596249914,0.5011991894550232,-1.1709003065093186,-1.5637150528422006,-1.110917641687163,1.3682800801671708,1.6915317899877227,2.1363405569736744,-1.0592666952575676
1.0327062701660144,3.112924253626429,-1.8721902197021079,-1.5006385382233036,-1.934305330277364,-2.153216372750478,0.5996035357643924,-0.3419691725514997,3.3849774742118437,1.4879373837108483,0.1900437706772139,0.877817858161436,-1.3553488145874033,-0.9142047802390101,-0.01850141211177476,1.0914923232622842,-0.466369215951863,-3.9352287365886944,-5.578128895362263,-1.296356439332746,-1.4834663988820567,-0.4975798769032882,1.3834937744104148,-3.0705152578423305,-2.1452153666220153,0.056616020831090144,-1.6433059900397224,-0.9333218296646751,0.3517926509080457,0.5788291994435819,-3.6829516689329416,1.4957967073004375,-2.0956930068187347,-0.9705460412454548,-1.7004805181453124,-0.27475732537415265,0.7054303638279521,-2.953845658619053,-3.624133096313356,-2.2457831040822214,2.104271222349452,2.644559852312224,5.280060506464025,-2.878056193890259
-1.2654284228975146,-1.8721902197021079,2.32575475035782,0.6874452744350766,0.5476909505222199,1.7653417120158603,-0.22043698608134563,1.2642123350489831,-2.8063565028141255,-0.7486243071503567,0.41155017958655554,-1.2626755213455638,1.0039605404550846,-1.4356498860305569,-0.5984777457753251,-0.9812806951329562,0.6015193894954547,1.9779294943277692,3.7717995910686586,0.7368333260439739,1.636893918123264,-1.0594676424936247,-0.5528770719280731,3.0955194532997212,1.7212110412731014,0.25874101571191316,0.3445092093188198,0.1608048482072702,-0.017761616573743963,-1.2026937815984322,2.656169645748489,-1.4766438703652973,1.7116844103623852,0.03982255209979931,1.6554475062882188,0.15583551933090475,-0.9291452982638357,1.7645108421178926,2.758594253332932,1.7609009814620389,-2.30905438377305,-3.0051598989530692,-3.472941465666835,1.7873232960697463
-0.5129477841209158,-1.5006385382233036,0.6874452744350766,0.9964677391072969,1.4231784155623552,0.9416016473006847,0.05704180766713006,-0.1935370509536474,-1.707050173256887,-0.5558892593843183,-0.009807047823122158,-0.22366393248267785,0.8571434686364365,1.2294096901047207,0.08298429619305125,-0.6688434503912918,0.2037785368953023,1.9102794803362324,2.7953914790131935,0.693917759786159,0.543501146952624,0.5037981817306624,-0.533028468227405,1.2036488408240318,1.1576914526613422,-0.04870839739990869,0.8767263732269901,0.7534346879470234,-0.2759421770912573,-0.0881901635656456,1.8198695110901744,-0.6814390370993942,0.9173188158962235,0.7592139582960176,0.7591787547740566,0.7333496004107516,-0.2295951187050196,1.751046329470331,1.6785375487656937,1.206648673848019,-0.9782901899321135,-1.066097332757323,-2.9115362418782365,1.4698688434329725
-0.49868198891513765,-1.934305330277364,0.5476909505222199,1.4231784155623552,2.1731713883057004,1.1041569380221081,0.16421259660267412,-0.6085442059393139,-2.0119886051368265,-0.6796205889999868,-0.11252007426677046,-0.07316098222302697,1.0760707270433914,2.344436706654826,0.24265531165207233,-0.85383862243677,0.14909115258233174,2.571542317137607,3.547363413502646,0.8914674966988512,0.4716780113020519,1.0876020249249163,-0.7120400651548068,1.1280493843961013,1.4212501873115562,-0.1561012598143281,1.299315417487331,1.190616562797569,-0.43821510581096623,0.18590112239856876,2.2425546649006556,-0.7699351787667723,1.025594062505092,1.1846523952704973,0.8001922402771215,1.137779949917456,-0.13504493690363203,2.3706284639560784,1.9757322731607656,1.478920040633875,-0.9816993401359602,-0.9579045838941488,-3.824512614046933,1.8779431330584486
-0.949088870876254,-2.153216372750478,1.7653417120158603,0.9416016473006847,1.1041569380221081,1.7731666881984502,-0.3989364694576157,0.6510345857246194,-2.5752023274765032,-0.9547528146659334,0.1239504805018441,-0.8803961392118391,0.9034548893031186,-0.09212914910625024,-0.2251761038084233,-0.864119928683099,0.4096446249823714,2.614532085800828,4.094692656175795,0.8782238519031328,1.3489988454593171,-0.11455406319108417,-0.9075019606415776,2.5004965581155614,1.5813463934984673,0.0656093654139939,0.8549170295857955,0.5459946398634734,-0.16561771161229527,-0.6495132323354161,2.672153616052087,-1.3568204039677763,1.5866473824385892,0.39071575553005744,1.3562522880140817,0.08167104212741248,-0.695790733382817,2.0551152071692633,2.6861041198735114,1.6850032708369802,-1.794524169679633,-2.3481273937739413,-3.7635437325272134,1.941854073653834
-0.08165890989631873,0.5996035357643924,-0.22043698608134563,0.05704180766713006,0.16421259660267412,-0.3989364694576157,0.7499326459781599,-0.19619591317900684,0.23319152724524872,0.6111734899223854,0.37354033977202467,0.1609838175262891,0.12402298613438399,0.2835403860337547,-0.1572319223672023,-0.16581896383376665,-0.004406555269649759,-0.9085103154444902,-0.7946510310240245,-0.17271592009316242,-0.311859980973961,-0.24239182033500212,0.6137662193343884,-0.5313765787215453,-0.0320706239280833,0.08272675971141007,-0.4702639485065209,0.12814031538918622,-0.0295054067896796,0.048960273224137006,-0.4816978334282304,0.1222578744979513,-0.37839881458020974,0.05947142339124773,-0.15190535356437312,0.9253959311360406,0.13335178953611457,-0.05778941023712813,-0.5907522934332995,-0.06256277337022144,0.03400174125110357,0.26437812656986237,0.33083030376204,-0.4034154996287473
-0.582560328751577,-0.3419691725514997,1.2642123350489831,-0.1935370509536474,-0.6085442059393139,0.6510345857246194,-0.19619591317900684,1.1183560067705094,-0.887729608972958,-0.1619075519484746,0.3125973298375083,-0.8234884777664209,0.11657284628944897,-1.9803875815393759,-0.5295702734347494,-0.27439598599807624,0.29957190784109594,0.11352020801783372,0.8014340106166031,0.03742563396770317,0.8029181040782594,-1.1951557310980867,-0.015147521387987127,1.485212416020406,0.48316036042301297,0.22073147968429868,-0.4062661193606213,-0.4340770212501572,0.17815613698428753,-0.8714742751682107,0.6871700728758867,-0.6333105340819439,0.6410884026092237,-0.52526234866338,0.7251589971504268,-0.3979114259911878,-0.526787408362001,0.07342006221080481,0.8709773351692924,0.4744909532726356,-1.0572064302231086,-1.5200190242992029,-0.517945782362816,0.29310106756923593
1.6858690147786746,3.3849774742118437,-2.8063565028141255,-1.707050173256887,-2.0119886051368265,-2.5752023274765032,0.23319152724524872,-0.887729608972958,4.462538832582532,1.3967884931622565,-0.2730085839383787,1.3256953496801736,-1.9393207807981008,-0.0272040269576073,0.3656937988101021,1.5515770320672213,-0.8129630512924042,-3.9560485060078427,-6.505901860334594,-1.4896858688623889,-2.1011757200981593,0.36698348533826125,1.1448433244125062,-4.208749213047603,-2.8307164923511596,-0.19451049651045624,-1.4053675633723055,-0.9202699453893353,0.312844848743383,1.2088019693148118,-4.473760430357516,1.9722616174329752,-2.6084135523566805,-0.929139181430303,-2.3425849094243403,-0.868031445675315,1.1031369976897738,-3.489625383446324,-4.414470000744948,-2.920300344510556,3.154868993835948,3.86290047493739,6.314424916288197,-3.3316114867460924
0.32466763441763385,1.4879373837108483,-0.7486243071503567,-0.5558892593843183,-0.6796205889999868,-0.9547528146659334,0.6111734899223854,-0.1619075519484746,1.3967884931622565,0.9119321546465601,0.3113918908983745,0.366512581280434,-0.4957242423520246,-0.2915375681685947,-0.13234209973341382,0.304153191298248,-0.18871446116210877,-1.9711222940557438,-2.484140190376836,-0.6035687185321713,-0.6702421967648436,-0.36322537356125567,0.8427562341084637,-1.4226468853857268,-0.8314003966363028,0.0719570050314467,-0.9276951143367045,-0.283993429029187,0.12971189682847845,0.2317760157805277,-1.6565153908879984,0.5484267836144233,-0.9839152789472696,-0.40661743370022324,-0.7091891859072322,0.3329854158067248,0.3108186187864125,-1.145953716081707,-1.6703920195350308,-0.8815873244977639,0.7869796699042685,1.0706178450446813,2.1522360260413946,-1.3415359233607385
-0.3546230067157999,0.1900437706772139,0.41155017958655554,-0.009807047823122158,-0.11252007426677046,0.1239504805018441,0.37354033977202467,0.3125973298375083,-0.2730085839383787,0.3113918908983745,0.4866063045530345,-0.19715468563219993,0.13171926162670825,-0.5581574515187552,-0.26906163685363443,-0.2036556042734579,0.14389095913643682,-0.4323113743082428,0.049901535882790705,0.018782790259757057,0.1870228823065119,-0.606174066989659,0.3053284898791022,0.24149892027122832,0.16400655041773876,0.15963014516341614,-0.47012613862961905,-0.012719794812878417,0.046434034021596356,-0.29158007826804205,0.020901859481068034,-0.28009450596785745,0.034170907175502516,-0.19162422287281505,0.15747420741628165,0.3910124370692052,-0.162884478808083,0.1074825920096668,0.04588803406210248,0.23205851241194922,-0.4354506989440014,-0.5062800809363501,-0.1087642251613438,-0.1175839795493569
0.6321561000942104,0.877817858161436,-1.2626755213455638,-0.22366393248267785,-0.07316098222302697,-0.8803961392118391,0.1609838175262891,-0.8234884777664209,1.3256953496801736,0.366512581280434,-0.19715468563219993,0.7777010793268597,-0.3699914348055037,1.0751370327956222,0.4002913178713437,0.48131701623711837,-0.28595118874624775,-0.8726178923776425,-1.6960262034899385,-0.2705054991884915,-0.804862388345632,0.7265072224160047,0.2396318615839884,-1.634686652573989,-0.8261621860090782,-0.12493653304176927,-0.023929565913535948,0.0650175455802471,-0.02854875523084092,0.7193608170961617,-1.2360725668437604,0.7672550001199459,-0.8619495500482653,0.12255676184474547,-0.8738493685555796,0.07147196833783123,0.48122293628970536,-0.7201228465138262,-1.3354591827154794,-0.8232417300190723,1.1919927868143365,1.604386087414331,1.526811788053448,-0.7978424360325131
-0.720325713131329,-1.3553488145874033,1.0039605404550846,0.8571434686364365,1.0760707270433914,0.9034548893031186,0.12402298613438399,0.11657284628944897,-1.9393207807981008,-0.4957242423520246,0.13171926162670825,-0.3699914348055037,1.063812090891093,0.41255034930298945,-0.06798049072284852,-0.6949069283186105,0.38273382750173635,1.564866372649291,2.6847744367865407,0.6898778164206224,0.7991549929459557,-0.031128500119317306,-0.3552412434311074,1.6454027780471632,1.2622947364387995,0.10599464806011463,0.6957818935681797,0.5099509742740692,-0.1758986753981125,-0.4293976555027709,1.905687808840619,-0.668362970561715,1.0360187214873016,0.6166350231638832,0.9483066320842554,0.7762148049614055,-0.40226981349651664,1.5889281725026656,1.8051057509807027,1.2751315451620002,-1.3058066819371064,-1.458878732180798,-2.780538788562959,1.4734705927252687
0.5422482256685591,-0.9142047802390101,-1.4356498860305569,1.2294096901047207,2.344436706654826,-0.09212914910625024,0.2835403860337547,-1.9803875815393759,-0.0272040269576073,-0.2915375681685947,-0.5581574515187552,1.0751370327956222,0.41255034930298945,4.479594731781678,0.9258623960596984,-0.17028479065873459,-0.38854519037344293,1.7366304953947758,1.3295971326230502,0.5437977721387508,-0.877799875245169,2.529456783370409,-0.567886619918892,-1.4089551539789678,0.2295541563113412,-0.476787412200386,1.4604243962256744,1.4429602235937327,-0.5651239870991414,1.412398557189627,0.5147904592672311,0.30515791233061906,-0.21852882517171227,1.5025640125179316,-0.5164303082858793,1.1627116613343471,0.6909794305615129,1.5162161637159897,0.104144698914724,0.31118242833457277,0.9039297905950623,1.5351588177039428,-1.8586526092932196,0.8405073205771928
0.31373380004343976,-0.01850141211177476,-0.5984777457753251,0.08298429619305125,0.24265531165207233,-0.2251761038084233,-0.1572319223672023,-0.5295702734347494,0.3656937988101021,-0.13234209973341382,-0.26906163685363443,0.4002913178713437,-0.06798049072284852,0.9258623960596984,0.36252325072251196,0.22107887757660535,-0.12895611934896112,0.23964774331943672,-0.13888186446042255,0.07700001753149924,-0.3144206692356555,0.6865035440309345,-0.2019840958639676,-0.5815047195426032,-0.24134841042753521,-0.13005617750252849,0.37469814275763863,0.17767632231938318,-0.08203830892040234,0.4199683370897285,-0.18868173324068924,0.31341601607515507,-0.1965570488248556,0.26613874682709887,-0.33431046841657497,-0.09877840797888753,0.2223825093822905,-0.014963576963307655,-0.23684277556690028,-0.20669393770754363,0.5262275507828423,0.6973829486867512,0.17618619957680484,-2.9252883916106606e-4
0.6301039205173619,1.0914923232622842,-0.9812806951329562,-0.6688434503912918,-0.85383862243677,-0.864119928683099,-0.16581896383376665,-0.27439598599807624,1.5515770320672213,0.304153191298248,-0.2036556042734579,0.48131701623711837,-0.6949069283186105,-0.17028479065873459,0.22107887757660535,0.6684765192145439,-0.2547923895576771,-1.2171260852510979,-2.173545391402785,-0.45223957377453833,-0.6541659950680406,0.17426479247946797,0.2314973386819189,-1.3520042354308854,-1.0475443085789482,-0.06821081305739003,-0.35461072531868126,-0.413474021983709,0.13782483971047496,0.4008359155296723,-1.4913682601444895,0.7434929005343152,-0.8350539187382564,-0.3537377443009434,-0.8261481594605199,-0.623771285668333,0.3446321222127645,-1.3018552485677142,-1.4326958875326146,-1.0522031015797055,1.1399486827469048,1.3409280796121914,2.2888010952398137,-1.0850939985379553
-0.3787399069450535,-0.466369215951863,0.6015193894954547,0.2037785368953023,0.14909115258233174,0.4096446249823714,-0.004406555269649759,0.29957190784109594,-0.8129630512924042,-0.18871446116210877,0.14389095913643682,-0.28595118874624775,0.38273382750173635,-0.38854519037344293,-0.12895611934896112,-0.2547923895576771,0.21591366221064692,0.4655886577298794,0.9951692007375207,0.24864417289490467,0.44266833165461134,-0.3287608917212705,-0.10260930752888925,0.8668063580422376,0.49135646132058247,0.10439357182431785,0.10526988808077964,0.03703487363130258,-0.004134819029588846,-0.3587472814914338,0.7415604704579489,-0.33213217540346446,0.4684253888021705,0.0638016701823071,0.4519348680608266,0.1495454282633564,-0.26141763480192415,0.48876262134689097,0.7572639101377412,0.5123526557162044,-0.6631247087073682,-0.8144362699356477,-0.9298154706977922,0.5200544712371389
-1.0650229398321418,-3.9352287365886944,1.9779294943277692,1.9102794803362324,2.571542317137607,2.614532085800828,-0.9085103154444902,0.11352020801783372,-3.9560485060078427,-1.9711222940557438,-0.4323113743082428,-0.8726178923776425,1.564866372649291,1.7366304953947758,0.23964774331943672,-1.2171260852510979,0.4655886577298794,5.147906705840079,6.938386603317809,1.649242389771361,1.673431496205447,1.1132923584689327,-1.918614408721379,3.4424735310942354,2.495876202175641,-0.17690184914690996,2.303894342818822,1.2910128270967118,-0.4890504184652267,-0.414721283137769,4.480163121726848,-1.7249547180383036,2.491622221012821,1.3462575804684798,1.896374511973349,0.1738474056320133,-0.7432704521110354,3.6773337966383286,4.377717126218708,2.6475621144922625,-2.2523682921119255,-2.856593124932741,-6.496257829612053,3.576793144460614
-2.205158895812778,-5.578128895362263,3.7717995910686586,2.7953914790131935,3.547363413502646,4.094692656175795,-0.7946510310240245,0.8014340106166031,-6.505901860334594,-2.484140190376836,0.049901535882790705,-1.6960262034899385,2.6847744367865407,1.3295971326230502,-0.13888186446042255,-2.173545391402785,0.9951692007375207,6.938386603317809,10.47134066983625,2.436074299983933,3.004654995570272,0.5182738490065604,-2.3277193788744963,5.8342359695790735,4.089953340666568,0.05085938440456769,2.7472180356549116,1.783574238989616,-0.6081619088544273,-1.2207889873343334,6.872675210329541,-2.982047202804284,3.8968148106076703,1.6860529794434287,3.228592030113223,0.8721416901750437,-1.473129783598249,5.586345640153784,6.751785971612029,4.320043273325293,-4.205521486541047,-5.249311942616881,-9.933013866024329,5.234488985794305
-0.4959676462064952,-1.296356439332746,0.7368333260439739,0.693917759786159,0.8914674966988512,0.8782238519031328,-0.17271592009316242,0.03742563396770317,-1.4896858688623889,-0.6035687185321713,0.018782790259757057,-0.2705054991884915,0.6898778164206224,0.5437977721387508,0.07700001753149924,-0.45223957377453833,0.24864417289490467,1.649242389771361,2.436074299983933,0.6650658838708344,0.6068696539250914,0.2411154479483984,-0.57213713755283,1.245536016475476,0.9211839627511088,0.005355643974235359,0.713578939682124,0.4663648230575584,-0.16600857217821124,-0.22388150149779026,1.5835227810274406,-0.603297163148954,0.8662911300181614,0.4936904774213782,0.6760053749986037,0.2642274640517025,-0.2937487034661173,1.3459881999137067,1.5456419605286689,1.025898330533945,-0.9088932594142115,-1.0953948306023347,-2.292304201930218,1.2585514134579112
-0.8687131670339164,-1.4834663988820567,1.636893918123264,0.543501146952624,0.4716780113020519,1.3489988454593171,-0.311859980973961,0.8029181040782594,-2.1011757200981593,-0.6702421967648436,0.1870228823065119,-0.804862388345632,0.7991549929459557,-0.877799875245169,-0.3144206692356555,-0.6541659950680406,0.44266833165461134,1.673431496205447,3.004654995570272,0.6068696539250914,1.3282820315451165,-0.5389566552185945,-0.5608740860474045,2.2644185512082116,1.238842388402183,0.18775864359658592,0.49633428821134784,0.18446319805179826,-0.015444444608558608,-0.7543785887936459,2.0678128204720965,-1.044084029989072,1.3006699412630525,0.10385193708539063,1.171609191290487,-0.024592917659095822,-0.7071804673834333,1.348863061073607,2.124096337536352,1.2616111022816103,-1.595850920883893,-2.10708729260496,-2.6868406063143735,1.414492042310749
0.5822039968906475,-0.4975798769032882,-1.0594676424936247,0.5037981817306624,1.0876020249249163,-0.11455406319108417,-0.24239182033500212,-1.1951557310980867,0.36698348533826125,-0.36322537356125567,-0.606174066989659,0.7265072224160047,-0.031128500119317306,2.529456783370409,0.6865035440309345,0.17426479247946797,-0.3287608917212705,1.1132923584689327,0.5182738490065604,0.2411154479483984,-0.5389566552185945,1.7454341097091168,-0.5721858373690976,-1.0355745998731176,-0.1807976766505535,-0.3490927186476489,1.0273860437115525,0.6954343429246249,-0.27644222559942605,0.9942918177573103,0.07879674045998812,0.347180806075228,-0.22270805489368728,0.7641403472904643,-0.4995899711669987,0.0493640226182778,0.45639352953755685,0.5301196930104608,-0.11297349394038718,-0.14431994436821036,0.9169145067121074,1.2389600623482007,-0.5937157553287952,0.3489353964746159
0.2160355840779658,1.3834937744104148,-0.5528770719280731,-0.533028468227405,-0.7120400651548068,-0.9075019606415776,0.6137662193343884,-0.015147521387987127,1.1448433244125062,0.8427562341084637,0.3053284898791022,0.2396318615839884,-0.3552412434311074,-0.567886619918892,-0.2019840958639676,0.2314973386819189,-0.10260930752888925,-1.918614408721379,-2.3277193788744963,-0.57213713755283,-0.5608740860474045,-0.5721858373690976,0.8704288237782648,-1.0648727419225734,-0.6591065296468336,0.11180674937522689,-0.9178490875773102,-0.3680610508193523,0.14182370037162526,0.035777618470913305,-1.43653261320881,0.5193597510832273,-0.8203959629070591,-0.39233229789252805,-0.5209229812556357,0.38937441636693665,0.22833310947690244,-1.0847706502771692,-1.4474050395569804,-0.7428797645822266,0.5416737573159746,0.7957439124502558,1.9674734198088268,-1.1738257603804778
-1.6820406445825238,-3.0705152578423305,3.0955194532997212,1.2036488408240318,1.1280493843961013,2.5004965581155614,-0.5313765787215453,1.485212416020406,-4.208749213047603,-1.4226468853857268,0.24149892027122832,-1.634686652573989,1.6454027780471632,-1.4089551539789678,-0.5815047195426032,-1.3520042354308854,0.8668063580422376,3.4424735310942354,5.8342359695790735,1.245536016475476,2.2644185512082116,-1.0355745998731176,-1.0648727419225734,4.542260691695163,2.602311414592911,0.27870217452041407,1.032665571757775,0.34917282337631544,-0.11751306813448725,-1.5903811887814523,4.168901829906672,-1.9177010686034537,2.6216998921118932,0.4272778089757235,2.4126720258874443,0.1979884174778899,-1.255014674185154,2.7843963054735954,4.260088020778579,2.634799302436556,-3.223084235157461,-4.126308907050052,-5.40492877237899,2.9993378401647415
-1.0578627821433877,-2.1452153666220153,1.7212110412731014,1.1576914526613422,1.4212501873115562,1.5813463934984673,-0.0320706239280833,0.48316036042301297,-2.8307164923511596,-0.8314003966363028,0.16400655041773876,-0.8261621860090782,1.2622947364387995,0.2295541563113412,-0.24134841042753521,-1.0475443085789482,0.49135646132058247,2.495876202175641,4.089953340666568,0.9211839627511088,1.238842388402183,-0.1807976766505535,-0.6591065296468336,2.602311414592911,1.8482457076341154,0.0989157151807383,0.8927206288105689,0.6481933528541621,-0.2326204265684931,-0.7333130288964225,2.8337996551821565,-1.230100021202564,1.6270637279532068,0.6738170386269406,1.4930393965263358,0.7451855828473892,-0.6489099758782328,2.2858189864579246,2.76398050912942,1.8767519602185303,-1.9959388065243255,-2.3931106195850402,-4.092286759903749,2.128963403299746
-0.17112377196092837,0.056616020831090144,0.25874101571191316,-0.04870839739990869,-0.1561012598143281,0.0656093654139939,0.08272675971141007,0.22073147968429868,-0.19451049651045624,0.0719570050314467,0.15963014516341614,-0.12493653304176927,0.10599464806011463,-0.476787412200386,-0.13005617750252849,-0.06821081305739003,0.10439357182431785,-0.17690184914690996,0.05085938440456769,0.005355643974235359,0.18775864359658592,-0.3490927186476489,0.11180674937522689,0.27870217452041407,0.0989157151807383,0.09990005314058542,-0.1635751739625015,-0.09394130322846575,0.05114686077619243,-0.20770505241283788,0.08651436874510873,-0.0994022045910571,0.08970402096939795,-0.11347035206833889,0.1369106253351679,0.06857377964200423,-0.12780500301638026,-0.01116436202231461,0.11082109785652473,0.09923052242209848,-0.2525246014746399,-0.3181934418494579,-0.036851346912436654,0.002571935162000719
-0.1778721390027861,-1.6433059900397224,0.3445092093188198,0.8767263732269901,1.299315417487331,0.8549170295857955,-0.4702639485065209,-0.4062661193606213,-1.4053675633723055,-0.9276951143367045,-0.47012613862961905,-0.023929565913535948,0.6957818935681797,1.4604243962256744,0.37469814275763863,-0.35461072531868126,0.10526988808077964,2.303894342818822,2.7472180356549116,0.713578939682124,0.49633428821134784,1.0273860437115525,-0.9178490875773102,1.032665571757775,0.8927206288105689,-0.1635751739625015,1.3429705095639273,0.6634020029313772,-0.26272523230663236,0.1614569221628985,1.7734276425840558,-0.3967178292412429,0.8957475339695177,0.8333114017552997,0.564680374744436,0.07571562380017485,-0.13963195496492486,1.5016346111458576,1.6505035627539857,0.914285866611635,-0.5318319677398468,-0.6128676670537552,-2.6169588792025564,1.5364541375110905
-0.21594135401873688,-0.9333218296646751,0.1608048482072702,0.7534346879470234,1.190616562797569,0.5459946398634734,0.12814031538918622,-0.4340770212501572,-0.9202699453893353,-0.283993429029187,-0.012719794812878417,0.0650175455802471,0.5099509742740692,1.4429602235937327,0.17767632231938318,-0.413474021983709,0.03703487363130258,1.2910128270967118,1.783574238989616,0.4663648230575584,0.18446319805179826,0.6954343429246249,-0.3680610508193523,0.34917282337631544,0.6481933528541621,-0.09394130322846575,0.6634020029313772,0.7094247713301397,-0.24285875938379203,0.22683371396364765,1.0424380323807358,-0.3928735130187691,0.42852806043321806,0.62576897000557,0.29369940197154526,0.6268393574645594,-0.023767266786226805,1.238190215051305,0.8926500119955411,0.7121346742341189,-0.37834133429734146,-0.3315409357342718,-1.9206172240171615,0.8796139070036977
0.05212864381285876,0.3517926509080457,-0.017761616573743963,-0.2759421770912573,-0.43821510581096623,-0.16561771161229527,-0.0295054067896796,0.17815613698428753,0.312844848743383,0.12971189682847845,0.046434034021596356,-0.02854875523084092,-0.1758986753981125,-0.5651239870991414,-0.08203830892040234,0.13782483971047496,-0.004134819029588846,-0.4890504184652267,-0.6081619088544273,-0.16600857217821124,-0.015444444608558608,-0.27644222559942605,0.14182370037162526,-0.11751306813448725,-0.2326204265684931,0.05114686077619243,-0.26272523230663236,-0.24285875938379203,0.09736324349365885,-0.08224980099131217,-0.37089147941043543,0.10534314580905761,-0.15546484568901406,-0.2512692529043681,-0.10483982205924403,-0.2192928304834251,-0.015815519715740595,-0.437475285354751,-0.3179207459561506,-0.2504077711554486,0.11618950799217653,0.08480986297751388,0.6720369971162093,-0.3356745406937634
0.6584393166087011,0.5788291994435819,-1.2026937815984322,-0.0881901635656456,0.18590112239856876,-0.6495132323354161,0.048960273224137006,-0.8714742751682107,1.2088019693148118,0.2317760157805277,-0.29158007826804205,0.7193608170961617,-0.4293976555027709,1.412398557189627,0.4199683370897285,0.4008359155296723,-0.3587472814914338,-0.414721283137769,-1.2207889873343334,-0.22388150149779026,-0.7543785887936459,0.9942918177573103,0.035777618470913305,-1.5903811887814523,-0.7333130288964225,-0.20770505241283788,0.1614569221628985,0.22683371396364765,-0.08224980099131217,0.8382584089082811,-1.0138359309441494,0.5973389735436743,-0.7602129743852432,0.19765656929631573,-0.8241114427906757,-0.015795412362991545,0.489651445744122,-0.46815377857496715,-1.1281977060425572,-0.7298698031356504,1.194535607233171,1.5522886390601018,1.084628711139295,-0.6291550768139625
-1.5409095778879716,-3.6829516689329416,2.656169645748489,1.8198695110901744,2.2425546649006556,2.672153616052087,-0.4816978334282304,0.6871700728758867,-4.473760430357516,-1.6565153908879984,0.020901859481068034,-1.2360725668437604,1.905687808840619,0.5147904592672311,-0.18868173324068924,-1.4913682601444895,0.7415604704579489,4.480163121726848,6.872675210329541,1.5835227810274406,2.0678128204720965,0.07879674045998812,-1.43653261320881,4.168901829906672,2.8337996551821565,0.08651436874510873,1.7734276425840558,1.0424380323807358,-0.37089147941043543,-1.0138359309441494,4.668297249738,-1.9395126116176797,2.6838570247365294,1.1016123823179544,2.301054620955478,0.6558131416732157,-1.045054334196296,3.6453659010344954,4.578479837565235,2.9254553572146906,-2.9900312743486257,-3.68785769594732,-6.589870171032188,3.550264767107429
0.8287886147226949,1.4957967073004375,-1.4766438703652973,-0.6814390370993942,-0.7699351787667723,-1.3568204039677763,0.1222578744979513,-0.6333105340819439,1.9722616174329752,0.5484267836144233,-0.28009450596785745,0.7672550001199459,-0.668362970561715,0.30515791233061906,0.31341601607515507,0.7434929005343152,-0.33213217540346446,-1.7249547180383036,-2.982047202804284,-0.603297163148954,-1.044084029989072,0.347180806075228,0.5193597510832273,-1.9177010686034537,-1.230100021202564,-0.0994022045910571,-0.3967178292412429,-0.3928735130187691,0.10534314580905761,0.5973389735436743,-1.9395126116176797,1.136648887872059,-1.1690134360390116,-0.1848769661444024,-1.0718739981281238,-0.22562622885816694,0.5651455518004911,-1.5397787721736518,-1.9638950856910529,-1.3148747712393802,1.4906116808247944,1.9360671901503241,2.7985895431359342,-1.3452573597407576
-0.9438282031749291,-2.0956930068187347,1.7116844103623852,0.9173188158962235,1.025594062505092,1.5866473824385892,-0.37839881458020974,0.6410884026092237,-2.6084135523566805,-0.9839152789472696,0.034170907175502516,-0.8619495500482653,1.0360187214873016,-0.21852882517171227,-0.1965570488248556,-0.8350539187382564,0.4684253888021705,2.491622221012821,3.8968148106076703,0.8662911300181614,1.3006699412630525,-0.22270805489368728,-0.8203959629070591,2.6216998921118932,1.6270637279532068,0.08970402096939795,0.8957475339695177,0.42852806043321806,-0.15546484568901406,-0.7602129743852432,2.6838570247365294,-1.1690134360390116,1.6221120361826695,0.4660559644182183,1.413203320276303,0.17104663259845584,-0.6859171468908103,1.954043713049914,2.700549372369259,1.6731040105860844,-1.8398956807729256,-2.338119272380904,-3.6403236855940357,2.00275757201944
-0.15092082908758314,-0.9705460412454548,0.03982255209979931,0.7592139582960176,1.1846523952704973,0.39071575553005744,0.05947142339124773,-0.52526234866338,-0.929139181430303,-0.40661743370022324,-0.19162422287281505,0.12255676184474547,0.6166350231638832,1.5025640125179316,0.26613874682709887,-0.3537377443009434,0.0638016701823071,1.3462575804684798,1.6860529794434287,0.4936904774213782,0.10385193708539063,0.7641403472904643,-0.39233229789252805,0.4272778089757235,0.6738170386269406,-0.11347035206833889,0.8333114017552997,0.62576897000557,-0.2512692529043681,0.19765656929631573,1.1016123823179544,-0.1848769661444024,0.4660559644182183,0.7643906990028306,0.3185999543718063,0.6283046733620072,0.020469209440829823,1.1788760634499043,0.939169152632867,0.6879043711141473,-0.3397838137034821,-0.2351874148152314,-1.8632109949859226,1.0050261371877354
-0.9302781265275718,-1.7004805181453124,1.6554475062882188,0.7591787547740566,0.8001922402771215,1.3562522880140817,-0.15190535356437312,0.7251589971504268,-2.3425849094243403,-0.7091891859072322,0.15747420741628165,-0.8738493685555796,0.9483066320842554,-0.5164303082858793,-0.33431046841657497,-0.8261481594605199,0.4519348680608266,1.896374511973349,3.228592030113223,0.6760053749986037,1.171609191290487,-0.4995899711669987,-0.5209229812556357,2.4126720258874443,1.4930393965263358,0.1369106253351679,0.564680374744436,0.29369940197154526,-0.10483982205924403,-0.8241114427906757,2.301054620955478,-1.0718739981281238,1.413203320276303,0.3185999543718063,1.3342561488708575,0.33012269870368427,-0.642993511656383,1.6518641875343176,2.317630724721157,1.4969874533755534,-1.7766787568156153,-2.227405146958828,-3.1210460855108835,1.669229380379099
-0.42796871596249914,-0.27475732537415265,0.15583551933090475,0.7333496004107516,1.137779949917456,0.08167104212741248,0.9253959311360406,-0.3979114259911878,-0.868031445675315,0.3329854158067248,0.3910124370692052,0.07147196833783123,0.7762148049614055,1.1627116613343471,-0.09877840797888753,-0.623771285668333,0.1495454282633564,0.1738474056320133,0.8721416901750437,0.2642274640517025,-0.024592917659095822,0.0493640226182778,0.38937441636693665,0.1979884174778899,0.7451855828473892,0.06857377964200423,0.07571562380017485,0.6268393574645594,-0.2192928304834251,-0.015795412362991545,0.6558131416732157,-0.22562622885816694,0.17104663259845584,0.6283046733620072,0.33012269870368427,1.6235351236917315,0.013587306203723093,1.0711302915796488,0.42592227706041047,0.7190614570022337,-0.6091415343435401,-0.362160824167329,-1.5197702717079198,0.5327223770145862
0.5011991894550232,0.7054303638279521,-0.9291452982638357,-0.2295951187050196,-0.13504493690363203,-0.695790733382817,0.13335178953611457,-0.526787408362001,1.1031369976897738,0.3108186187864125,-0.162884478808083,0.48122293628970536,-0.40226981349651664,0.6909794305615129,0.2223825093822905,0.3446321222127645,-0.26141763480192415,-0.7432704521110354,-1.473129783598249,-0.2937487034661173,-0.7071804673834333,0.45639352953755685,0.22833310947690244,-1.255014674185154,-0.6489099758782328,-0.12780500301638026,-0.13963195496492486,-0.023767266786226805,-0.015815519715740595,0.489651445744122,-1.045054334196296,0.5651455518004911,-0.6859171468908103,0.020469209440829823,-0.642993511656383,0.013587306203723093,0.4048166203947409,-0.6382842549297638,-1.0891951014100625,-0.6685061793006052,0.9077818029211229,1.1951044119777225,1.2964165196683761,-0.690547948994768
-1.1709003065093186,-2.953845658619053,1.7645108421178926,1.751046329470331,2.3706284639560784,2.0551152071692633,-0.05778941023712813,0.07342006221080481,-3.489625383446324,-1.145953716081707,0.1074825920096668,-0.7201228465138262,1.5889281725026656,1.5162161637159897,-0.014963576963307655,-1.3018552485677142,0.48876262134689097,3.6773337966383286,5.586345640153784,1.3459881999137067,1.348863061073607,0.5301196930104608,-1.0847706502771692,2.7843963054735954,2.2858189864579246,-0.01116436202231461,1.5016346111458576,1.238190215051305,-0.437475285354751,-0.46815377857496715,3.6453659010344954,-1.5397787721736518,1.954043713049914,1.1788760634499043,1.6518641875343176,1.0711302915796488,-0.6382842549297638,3.2801464090978176,3.4767150684369104,2.4152166103115245,-2.18333557907881,-2.561323001945578,-5.591392514620395,2.8407236666007
-1.5637150528422006,-3.624133096313356,2.758594253332932,1.6785375487656937,1.9757322731607656,2.6861041198735114,-0.5907522934332995,0.8709773351692924,-4.414470000744948,-1.6703920195350308,0.04588803406210248,-1.3354591827154794,1.8051057509807027,0.104144698914724,-0.23684277556690028,-1.4326958875326146,0.7572639101377412,4.377717126218708,6.751785971612029,1.5456419605286689,2.124096337536352,-0.11297349394038718,-1.4474050395569804,4.260088020778579,2.76398050912942,0.11082109785652473,1.6505035627539857,0.8926500119955411,-0.3179207459561506,-1.1281977060425572,4.578479837565235,-1.9638950856910529,2.700549372369259,0.939169152632867,2.317630724721157,0.42592227706041047,-1.0891951014100625,3.4767150684369104,4.571786541208046,2.867680242560043,-3.017947729718909,-3.802612446319021,-6.357373918724115,3.454155913743283
-1.110917641687163,-2.2457831040822214,1.7609009814620389,1.206648673848019,1.478920040633875,1.6850032708369802,-0.06256277337022144,0.4744909532726356,-2.920300344510556,-0.8815873244977639,0.23205851241194922,-0.8232417300190723,1.2751315451620002,0.31118242833457277,-0.20669393770754363,-1.0522031015797055,0.5123526557162044,2.6475621144922625,4.320043273325293,1.025898330533945,1.2616111022816103,-0.14431994436821036,-0.7428797645822266,2.634799302436556,1.8767519602185303,0.09923052242209848,0.914285866611635,0.7121346742341189,-0.2504077711554486,-0.7298698031356504,2.9254553572146906,-1.3148747712393802,1.6731040105860844,0.6879043711141473,1.4969874533755534,0.7190614570022337,-0.6685061793006052,2.4152166103115245,2.867680242560043,1.9783630302256037,-2.0459208988702553,-2.469503170207015,-4.23997516262434,2.204394654556039
1.3682800801671708,2.104271222349452,-2.30905438377305,-0.9782901899321135,-0.9816993401359602,-1.794524169679633,0.03400174125110357,-1.0572064302231086,3.154868993835948,0.7869796699042685,-0.4354506989440014,1.1919927868143365,-1.3058066819371064,0.9039297905950623,0.5262275507828423,1.1399486827469048,-0.6631247087073682,-2.2523682921119255,-4.205521486541047,-0.9088932594142115,-1.595850920883893,0.9169145067121074,0.5416737573159746,-3.223084235157461,-1.9959388065243255,-0.2525246014746399,-0.5318319677398468,-0.37834133429734146,0.11618950799217653,1.194535607233171,-2.9900312743486257,1.4906116808247944,-1.8398956807729256,-0.3397838137034821,-1.7766787568156153,-0.6091415343435401,0.9077818029211229,-2.18333557907881,-3.017947729718909,-2.0459208988702553,2.495614963952592,3.0897044064111743,4.071158682861054,-2.112554158944051
1.6915317899877227,2.644559852312224,-3.0051598989530692,-1.066097332757323,-0.9579045838941488,-2.3481273937739413,0.26437812656986237,-1.5200190242992029,3.86290047493739,1.0706178450446813,-0.5062800809363501,1.604386087414331,-1.458878732180798,1.5351588177039428,0.6973829486867512,1.3409280796121914,-0.8144362699356477,-2.856593124932741,-5.249311942616881,-1.0953948306023347,-2.10708729260496,1.2389600623482007,0.7957439124502558,-4.126308907050052,-2.3931106195850402,-0.3181934418494579,-0.6128676670537552,-0.3315409357342718,0.08480986297751388,1.5522886390601018,-3.68785769594732,1.9360671901503241,-2.338119272380904,-0.2351874148152314,-2.227405146958828,-0.362160824167329,1.1951044119777225,-2.561323001945578,-3.802612446319021,-2.469503170207015,3.0897044064111743,3.9700801590999606,4.893896881610023,-2.5634885589683174
2.1363405569736744,5.280060506464025,-3.472941465666835,-2.9115362418782365,-3.824512614046933,-3.7635437325272134,0.33083030376204,-0.517945782362816,6.314424916288197,2.1522360260413946,-0.1087642251613438,1.526811788053448,-2.780538788562959,-1.8586526092932196,0.17618619957680484,2.2888010952398137,-0.9298154706977922,-6.496257829612053,-9.933013866024329,-2.292304201930218,-2.6868406063143735,-0.5937157553287952,1.9674734198088268,-5.40492877237899,-4.092286759903749,-0.036851346912436654,-2.6169588792025564,-1.9206172240171615,0.6720369971162093,1.084628711139295,-6.589870171032188,2.7985895431359342,-3.6403236855940357,-1.8632109949859226,-3.1210460855108835,-1.5197702717079198,1.2964165196683761,-5.591392514620395,-6.357373918724115,-4.23997516262434,4.071158682861054,4.893896881610023,9.812858670939063,-5.05703412476762
-1.0592666952575676,-2.878056193890259,1.7873232960697463,1.4698688434329725,1.8779431330584486,1.941854073653834,-0.4034154996287473,0.29310106756923593,-3.3316114867460924,-1.3415359233607385,-0.1175839795493569,-0.7978424360325131,1.4734705927252687,0.8405073205771928,-2.9252883916106606e-4,-1.0850939985379553,0.5200544712371389,3.576793144460614,5.234488985794305,1.2585514134579112,1.414492042310749,0.3489353964746159,-1.1738257603804778,2.9993378401647415,2.128963403299746,0.002571935162000719,1.5364541375110905,0.8796139070036977,-0.3356745406937634,-0.6291550768139625,3.550264767107429,-1.3452573597407576,2.00275757201944,1.0050261371877354,1.669229380379099,0.5327223770145862,-0.690547948994768,2.8407236666007,3.454155913743283,2.204394654556039,-2.112554158944051,-2.5634885589683174,-5.05703412476762,2.7847203720375004
