V1,V2,V3,V4,V5,V6,V7,V8,V9,V10,V11,V12,V13,V14,V15,V16,V17,V18,V19,V20,V21,V22,V23,V24,V25,V26,V27,V28,V29,V30,V31,V32,V33,V34,V35,V36,V37,V38,V39,V40,V41,V42,V43
2.705839737166873,1.3957652590059644,6.571583321876422,-1.7426412439666554,-4.580839090024633,0.3544273544560263,-13.959996517990003,6.734422151802013,2.511062668179696,-2.141407368260601,-0.16637520338116354,2.651787933907595,-1.436859153382082,-6.222389539687789,-3.5511516392849853,5.966136727266524,-7.243056813415216,5.6521565990171725,-13.74799552660412,0.10139257338644536,-0.5180301643059292,11.580442877304973,-4.834736102974454,0.25404095698090007,-4.369976190314824,-4.682056820119648,-14.4483724756257,-1.3070732081964218,17.311580522817692,0.27084487271855323,-3.517148368944228,-2.622412828511373,1.7813826834965878,-4.276871154125797,3.6686231849881854,5.181144127263706,-6.151193779097382,3.057635486279284,-2.6000678659792875,0.888943354389218,0.57433034448699,10.015629323862978,-1.8711584155190435
1.3957652590059644,1.0875677928731378,3.543441537671456,-1.0628031999306502,-2.4014772444891115,0.014137981139725433,-6.960806448745935,3.4783212152749363,0.8984614645301803,-1.3845906459783657,-0.20206067228863225,0.8809267743349536,-0.7325524872436237,-2.7273441806381222,-1.6802147433434331,3.3301445242248984,-3.6730782274524474,2.329186197111256,-7.177976084988581,0.1073037107164642,-0.09203166237942645,5.363726560176496,-2.1841336665816558,0.2661661369934089,-2.306561760435888,-2.3142711081697525,-7.383082307669821,-0.28458489446391755,9.064435610831831,0.4491538471840291,-1.2965447473378873,-1.648849924116111,0.91579039649117,-1.8464665944803256,2.090971963516863,2.158147189387355,-2.873105248183239,1.2972959279631442,-1.3723006016385482,-0.13694796844994092,0.17437566474481156,5.162948871336132,-0.9120359367307047
6.571583321876422,3.543441537671456,16.086810703352246,-4.337278882879797,-11.09424338117232,0.7905787824390462,-33.69501819673782,16.421069233975604,5.9079567892114495,-5.602266473155622,-0.5610371695486973,6.1544857943631,-3.4351259897004085,-14.651013155806988,-8.674218578369693,14.72929164138865,-17.38402502069975,13.298222853412033,-33.446297856158175,0.2812916642717315,-1.1401589231816376,27.681406980731712,-11.517387217230047,0.8252535819150524,-10.637362257021477,-11.455334857587344,-35.00090237728046,-2.8897358785261074,42.02908647898426,0.7593668455939211,-8.317580134502617,-6.398255216907451,4.363687058149714,-10.269391310744059,9.137115679723472,12.068553188358264,-14.773478390815342,7.201980847082933,-6.407939243335252,1.8893035551438422,1.2898564003066255,24.186405150601075,-4.5252487612116985
-1.7426412439666554,-1.0628031999306502,-4.337278882879797,1.2211986449934942,2.9572635914052783,-0.14493194331081283,8.812737144065366,-4.369898913068602,-1.427542677623819,1.6718603503624523,0.24328858571567752,-1.4239787076325263,0.9236299285734069,3.643750741346939,2.275820223487676,-4.036668780173115,4.513767498131886,-3.2464119670681013,8.943926254163696,-0.11176085958429427,0.23353155188871197,-7.057781595710469,2.9204924376754695,-0.32410502816606945,2.8450206558707216,3.0558579128352443,9.256348407313899,0.5931868314927874,-11.188039505988161,-0.2990476648949727,2.0157110216315712,1.7649702666446827,-1.1639547569429534,2.6043544422193268,-2.5138319460422514,-2.910772429653106,3.8012462221873426,-1.7722371236461947,1.7014739267517567,-0.2975627007634784,-0.27406256675107227,-6.380556317264338,1.1551631623945755
-4.580839090024633,-2.4014772444891115,-11.09424338117232,2.9572635914052783,7.86325141469294,-0.5493938490182072,23.66187509001276,-11.328133030825294,-4.2349541661370855,3.4458569745716257,0.2940685567813512,-4.427299497914955,2.5952449243977616,10.691857477079065,5.872245436635745,-10.038562820456795,12.32387086998744,-9.548841614628511,23.420926076418326,-0.22697267975601623,0.9087560788830631,-19.612344853371233,8.226259108504246,-0.37469522762937646,7.425076583260458,7.86593036140634,24.566965032106296,2.249762052273008,-29.455611611080577,-0.523277809041927,5.8514531199592925,4.539124465917143,-2.9686803537502136,7.143603697465066,-6.036968316566321,-8.859633938530727,10.400916690292894,-5.1901454308941535,4.211359791486829,-1.4688236999383388,-0.9615058564625307,-17.104619317236626,3.049895008367552
0.3544273544560263,0.014137981139725433,0.7905787824390462,-0.14493194331081283,-0.5493938490182072,0.1399442415072982,-1.952489909718556,0.8928185535411431,0.5078887086159699,-0.15040767096000243,0.07040380434112706,0.6059345996606881,-0.13163488642908966,-1.0295661108960932,-0.5542672105542886,0.6601682948588641,-1.0098755388106582,1.0558777204169487,-1.6881297506434465,-0.04044700783261424,-0.14036382675602604,1.8308205504831607,-0.7742195095594785,-0.04970283370151453,-0.5374994985044823,-0.6384130641290463,-1.8915777344757754,-0.3564297822751165,2.1673402769077037,-0.11238164182763855,-0.7249068082982592,-0.20832063314515353,0.24342221637904948,-0.7423715228521175,0.4316438635571109,0.9541169376466754,-0.9490633194534738,0.5468357220390657,-0.39104852201151197,0.3848070558356325,0.1497872879794438,1.291065121248743,-0.32259006103758103
-13.959996517990003,-6.960806448745935,-33.69501819673782,8.812737144065366,23.66187509001276,-1.952489909718556,72.38234103572366,-34.64198107030131,-13.254935594310055,10.366298180761085,0.5588961217029558,-14.174458157380755,7.454381045673883,32.865699340528536,18.24000287330147,-30.376825764749302,37.75399650757602,-29.906526297251293,70.77201529050392,-0.4410392923569272,2.8584845762467315,-60.50492242628504,25.311196261221557,-0.9383695053765098,22.498123337363577,23.982269071943055,74.66464105497785,7.217021702564096,-89.31721372619928,-1.2382825813643092,18.521678539908255,13.502063268192453,-9.13281244269726,22.258479273632815,-18.582492756906092,-27.62564174964426,32.007147171202774,-16.1607834981391,13.31080634352515,-5.0073661801307665,-3.153677405690191,-51.89461398319314,9.729932150715983
6.734422151802013,3.4783212152749363,16.421069233975604,-4.369898913068602,-11.328133030825294,0.8928185535411431,-34.64198107030131,16.835426440780935,6.217296345383429,-5.620091567899128,-0.4952694818955838,6.537842137252551,-3.4774849708851296,-15.212502176489574,-8.966115859519187,14.983561065218094,-17.868199926757285,13.909879443727629,-34.18247937022113,0.243188505393877,-1.2357244423842306,28.649791063382423,-11.931840688470803,0.7714194721404335,-10.870790516133066,-11.763330670507887,-35.872608204517036,-3.1298987181365705,42.98572844991084,0.6451736207058573,-8.759833221908996,-6.435364018796905,4.479428050356055,-10.686390788016627,9.3120227035648,12.61568041565881,-15.2692795589365,7.512005062456714,-6.603077084052667,2.1802489220408074,1.3875837073606976,24.771467063919026,-4.700652038575075
2.511062668179696,0.8984614645301803,5.9079567892114495,-1.427542677623819,-4.2349541661370855,0.5078887086159699,-13.254935594310055,6.217296345383429,2.769341040721976,-1.5729132842719098,0.0059471064714894046,3.012245488568189,-1.3751141645282594,-6.399366525273145,-3.410960735078716,5.212239969413504,-6.854836148557998,5.941878408035093,-12.672099445347701,0.0355364917703875,-0.6892887505490787,11.473348181031747,-4.859082346781831,0.03418121318403563,-4.000344284461467,-4.408429583163368,-13.514384124253693,-1.6805920981691225,15.95640070246284,-0.07076492445671435,-3.8209341454688572,-2.1509490437217593,1.639514709056215,-4.341186960955753,3.1248338984915596,5.474188417376326,-6.047113329813688,3.178558964120914,-2.334701138934653,1.4772887327182336,0.6822631812448384,9.357169321795961,-1.7819869822012278
-2.141407368260601,-1.3845906459783657,-5.602266473155622,1.6718603503624523,3.4458569745716257,-0.15040767096000243,10.366298180761085,-5.620091567899128,-1.5729132842719098,3.2052984902672192,0.7217464664150689,-1.3456470264548757,0.9099837376612838,3.375147330946174,3.2065846446927733,-5.525744498444995,4.8546876899360205,-3.1790604392595987,11.055262674359037,-0.1823817708779007,0.07404700578988506,-7.833142807671451,3.156809895585519,-1.0001839563975157,3.5106534156082896,4.208569951783305,11.112877510447696,0.18065868362298523,-13.48559001274198,-0.32469819694616336,2.347427778627121,1.8698878880162562,-1.5816940067767638,3.2562209788961867,-3.7044208324541374,-2.334469944288607,4.454321408576093,-1.7153657716823785,2.4349479134362695,-0.1562543578459492,-0.11169973097866,-7.304457567765889,1.4441171546047475
-0.16637520338116354,-0.20206067228863225,-0.5610371695486973,0.24328858571567752,0.2940685567813512,0.07040380434112706,0.5588961217029558,-0.4952694818955838,0.0059471064714894046,0.7217464664150689,0.333827813564243,0.22193088926951174,0.14753712283606554,-0.20612162017851932,0.3205203491330001,-0.6948918348962583,0.029966447938158777,0.2745467184269265,1.0927248108940584,-0.11507000432411783,-0.08171224221345634,-0.10538646333471942,0.03634467219866182,-0.37628893571455607,0.3169252485037488,0.5300414758446392,0.8438872175621054,-0.2717637213208111,-1.079488927256034,-0.0800407517595758,-0.02720551792337598,0.08732055193254791,-0.1544283844984899,0.16428164555205263,-0.4360785373978155,0.46603940862516535,0.19894221048197244,0.1317830757275106,0.1492034751315623,0.15704385301444046,0.1438664324101717,-0.43206398873790136,-0.028625900232729425
2.651787933907595,0.8809267743349536,6.1544857943631,-1.4239787076325263,-4.427299497914955,0.6059345996606881,-14.174458157380755,6.537842137252551,3.012245488568189,-1.3456470264548757,0.22193088926951174,3.4316216936640638,-1.352307558158,-7.066928438132682,-3.5737184266891537,5.321954014609545,-7.493845005757271,6.664025361767914,-13.167822078870387,-0.05268930062331781,-0.7815343054863239,12.483730044336584,-5.272249118327544,-0.1789312202022178,-4.1858402220312065,-4.506775630146336,-14.258788978111959,-1.9735963088905375,16.796108852156742,-0.12044643167523907,-4.202519889183178,-2.3054280913122605,1.717948651062404,-4.662377669069372,3.2341962319835154,6.245641679025994,-6.4919402509804645,3.549434993371941,-2.5442935372596405,1.6763792832644309,0.8376145801546716,9.951932070868152,-2.0185036932756018
-1.436859153382082,-0.7325524872436237,-3.4351259897004085,0.9236299285734069,2.5952449243977616,-0.13163488642908966,7.454381045673883,-3.4774849708851296,-1.3751141645282594,0.9099837376612838,0.14753712283606554,-1.352307558158,1.0340584575124872,3.5491054351532543,1.7263657746528913,-3.076510158615234,3.869888984229852,-2.9861256717009197,7.561283490292233,-0.15050439917306996,0.3453833366913324,-6.186172515510245,2.655489904215547,-0.09072160639761373,2.359609351278062,2.468911580530444,7.848254804560314,0.7762582290840837,-9.394048297273855,-0.18023076831698787,1.7858719489531358,1.457448757142588,-0.8822970598890928,2.189358440106668,-1.668691825971447,-2.8529717815657816,3.2844892896298314,-1.6480746946841422,1.0704732924405023,-0.522163579914406,-0.2805064948045011,-5.513595971920002,0.7907248341578018
-6.222389539687789,-2.7273441806381222,-14.651013155806988,3.643750741346939,10.691857477079065,-1.0295661108960932,32.865699340528536,-15.212502176489574,-6.399366525273145,3.375147330946174,-0.20612162017851932,-7.066928438132682,3.5491054351532543,16.02355128020926,7.888822098803766,-12.833789352458496,17.47828915949724,-14.515356199193919,31.442053757341288,-0.12108422476238179,1.6102030329219128,-28.20379190153622,11.920549360947929,0.21656288909554586,9.97541800181686,10.38207039537587,33.58016745245823,4.021590989057431,-39.943901443705236,-0.3338834701193947,8.791579517338743,6.034351763079924,-3.9370798287890785,10.165691357705004,-7.5610943651027664,-13.821536663997607,14.70506074001227,-7.837195463953639,5.581565791711027,-2.914018667755328,-1.6987493487410212,-23.61357691849121,4.340902027947103
-3.5511516392849853,-1.6802147433434331,-8.674218578369693,2.275820223487676,5.872245436635745,-0.5542672105542886,18.24000287330147,-8.966115859519187,-3.410960735078716,3.2065846446927733,0.3205203491330001,-3.5737184266891537,1.7263657746528913,7.888822098803766,4.950197538002945,-7.961340263794578,9.243716764916572,-7.382282924059987,17.959549871466535,-0.09862509778319341,0.6621490535844672,-15.149126140543972,6.2997654136321435,-0.5271412556742352,5.704964081001643,6.389621767941301,18.84353140046683,1.663634561467981,-22.49072706291198,-0.17082195463079064,4.846250901651399,3.1497422910346518,-2.419014481612189,5.840330694767711,-5.042926131297479,-6.5171077163556586,8.130349034100325,-3.956161360229478,3.620413068724589,-1.3690792917942682,-0.7283214268151579,-12.87285646437109,2.5454716020572747
5.966136727266524,3.3301445242248984,14.72929164138865,-4.036668780173115,-10.038562820456795,0.6601682948588641,-30.376825764749302,14.983561065218094,5.212239969413504,-5.525744498444995,-0.6948918348962583,5.321954014609545,-3.076510158615234,-12.833789352458496,-7.961340263794578,13.618460987099896,-15.526733981284448,11.646581669152516,-30.44647048370027,0.2981445433521031,-0.9289332662790761,24.69643758533195,-10.243554376208682,0.987317793511069,-9.680752393816254,-10.53394892013957,-31.693228116900478,-2.349990255959294,38.12550104966446,0.7523508575076409,-7.371762531734734,-5.7823317821052544,4.005175743135105,-9.246522019689603,8.519111524955091,10.411377563790749,-13.26790343040926,6.31274864407705,-5.901584133148104,1.5082993841129213,1.0593072794294232,21.7964276303035,-4.075069902818864
-7.243056813415216,-3.6730782274524474,-17.38402502069975,4.513767498131886,12.32387086998744,-1.0098755388106582,37.75399650757602,-17.868199926757285,-6.854836148557998,4.8546876899360205,0.029966447938158777,-7.493845005757271,3.869888984229852,17.47828915949724,9.243716764916572,-15.526733981284448,19.9902621138441,-15.860758877996687,36.57346757995053,-0.16821895380581886,1.5301773491703108,-31.722068473502077,13.26853263481911,-0.17228423102649484,11.659428783478516,12.139488101833068,38.794252746615754,3.9329896520067407,-46.44365150162932,-0.7404148387574764,9.582033036149381,7.245183377970054,-4.674967819569338,11.450719778443174,-9.454556079755264,-14.909347285396287,16.646270115578716,-8.580452874664957,6.855706182001183,-2.5315409251750687,-1.7537915811926454,-27.16117960938003,5.119178050384239
5.6521565990171725,2.329186197111256,13.298222853412033,-3.2464119670681013,-9.548841614628511,1.0558777204169487,-29.906526297251293,13.909879443727629,5.941878408035093,-3.1790604392595987,0.2745467184269265,6.664025361767914,-2.9861256717009197,-14.515356199193919,-7.382282924059987,11.646581669152516,-15.860758877996687,13.424419998331746,-28.300501328347554,0.004212805305760547,-1.4704352346293863,25.822704565337254,-10.87129702004613,-0.19706574339357696,-9.00551581863532,-9.503890438891839,-30.372527245432835,-3.7319339674089824,36.04319531740727,0.13718300570822708,-8.2752687527969009,-5.2880141645814005,3.6375220581072694,-9.461427940476236,7.044190416586469,12.64805971759036,-13.463922998069659,7.203360198542132,-5.335908453031229,2.8532749232967727,1.609379626291933,21.265143923150205,-4.142046750312723
-13.74799552660412,-7.177976084988581,-33.446297856158175,8.943926254163696,23.420926076418326,-1.6881297506434465,70.77201529050392,-34.18247937022113,-12.672099445347701,11.055262674359037,1.0927248108940584,-13.167822078870387,7.561283490292233,31.442053757341288,17.959549871466535,-30.44647048370027,36.57346757995053,-28.300501328347554,70.22157933579518,-0.663319607583781,2.6124245945883957,-58.47254579512068,24.46426974446871,-1.4744150549886386,22.26818982949561,23.909440490234225,73.52695992638259,6.476772809453798,-88.14488240536133,-1.464782537671924,17.62363576262933,13.3554652878294,-9.023840373957913,21.57943263296247,-18.54342567850458,-25.914777996328386,31.14301577162929,-15.349339426608697,12.947313012139862,-4.393571348171821,-2.7843857533270873,-50.94371547113076,9.24964268945268
0.10139257338644536,0.1073037107164642,0.2812916642717315,-0.11176085958429427,-0.22697267975601623,-0.04044700783261424,-0.4410392923569272,0.243188505393877,0.0355364917703875,-0.1823817708779007,-0.11507000432411783,-0.05268930062331781,-0.15050439917306996,-0.12108422476238179,-0.09862509778319341,0.2981445433521031,-0.16821895380581886,0.004212805305760547,-0.663319607583781,0.06519531217318357,0.0015866141289337702,0.2441118106171095,-0.11792303045506446,0.09789054160833253,-0.1916608144401267,-0.22379368050789333,-0.5780156610751506,0.04528260358897001,0.7236038728718182,0.061132064685791694,-0.005354611362911394,-0.12206295236720417,0.05859845426667593,-0.08266751815162131,0.12100655198110467,-0.013531397946207602,-0.1674038206043401,0.019312071545130732,-0.00269640525520831,-0.05096877910707866,-0.04081557145545023,0.387487309892896,0.032076781025143906
-0.5180301643059292,-0.09203166237942645,-1.1401589231816376,0.23353155188871197,0.9087560788830631,-0.14036382675602604,2.8584845762467315,-1.2357244423842306,-0.6892887505490787,0.07404700578988506,-0.08171224221345634,-0.7815343054863239,0.3453833366913324,1.6102030329219128,0.6621490535844672,-0.9289332662790761,1.5301773491703108,-1.4704352346293863,2.6124245945883957,0.0015866141289337702,0.2186834884069782,-2.626321183531039,1.1419442772361865,0.1138881055019695,0.8156336269096333,0.8647368032810249,2.858970142349624,0.5199905568625564,-3.320389248874396,0.07313701422442526,0.9129992790740648,0.42793206611493817,-0.31069626429184954,0.9587392768264359,-0.4840689865775704,-1.4320714194598319,1.3468057734653245,-0.7866141374586724,0.3939496229069908,-0.4714927935975181,-0.197618639019184,-2.0281356958576695,0.35533002875271147
11.580442877304973,5.363726560176496,27.681406980731712,-7.057781595710469,-19.612344853371233,1.8308205504831607,-60.50492242628504,28.649791063382423,11.473348181031747,-7.833142807671451,-0.10538646333471942,12.483730044336584,-6.186172515510245,-28.20379190153622,-15.149126140543972,24.69643758533195,-31.722068473502077,25.822704565337254,-58.47254579512068,0.2441118106171095,-2.626321183531039,51.221302198093944,-21.491767260149967,0.35625975038920615,-18.58518662140667,-19.775912610870254,-62.063108493940945,-6.62461384468144,73.99909501937866,0.7171730538170715,-15.994115066803614,-11.020792594550528,7.530940057279611,-18.839144207838388,15.025614637715933,24.02372027128754,-26.958590530291552,13.914306054809426,-10.973849065164433,4.844634573528274,2.864955583464292,43.23694134392701,-8.203056520914494
-4.834736102974454,-2.1841336665816558,-11.517387217230047,2.9204924376754695,8.226259108504246,-0.7742195095594785,25.311196261221557,-11.931840688470803,-4.859082346781831,3.156809895585519,0.03634467219866182,-5.272249118327544,2.655489904215547,11.920549360947929,6.2997654136321435,-10.243554376208682,13.26853263481911,-10.87129702004613,24.46426974446871,-0.11792303045506446,1.1419442772361865,-21.491767260149967,9.044787364910919,-0.10979831397155977,7.761331847141168,8.25951088298075,25.968718419080854,2.849319661025677,-30.929430484727842,-0.2656237178503214,6.731620509634115,4.58004877886904,-3.126289034258936,7.894438819018081,-6.165608265547986,-10.145879272143883,11.304941791292574,-5.861411113678148,4.49383928160272,-2.1222100281430767,-1.2103513821690994,-18.108416800377157,3.3806748723242515
0.25404095698090007,0.2661661369934089,0.8252535819150524,-0.32410502816606945,-0.37469522762937646,-0.04970283370151453,-0.9383695053765098,0.7714194721404335,0.03418121318403563,-1.0001839563975157,-0.37628893571455607,-0.1789312202022178,-0.09072160639761373,0.21656288909554586,-0.5271412556742352,0.987317793511069,-0.17228423102649484,-0.19706574339357696,-1.4744150549886386,0.09789054160833253,0.1138881055019695,0.35625975038920615,-0.10979831397155977,0.4728376933021483,-0.4502017654006609,-0.7399241845078269,-1.2293232571748887,0.32663051152562744,1.554319500203374,0.07931862707040728,-0.08403899536164759,-0.12316545252746565,0.2483001944845383,-0.32571016206727266,0.7117168133078131,-0.4878258834489916,-0.3610198027708195,-0.1012190057628579,-0.3626301313966797,-0.17895074954369097,-0.14817577367152254,0.6364251862986596,-0.09068974922706986
-4.369976190314824,-2.306561760435888,-10.637362257021477,2.8450206558707216,7.425076583260458,-0.5374994985044823,22.498123337363577,-10.870790516133066,-4.000344284461467,3.5106534156082896,0.3169252485037488,-4.1858402220312065,2.359609351278062,9.97541800181686,5.704964081001643,-9.680752393816254,11.659428783478516,-9.00551581863532,22.26818982949561,-0.1916608144401267,0.8156336269096333,-18.58518662140667,7.761331847141168,-0.4502017654006609,7.073095057810735,7.567171908536336,23.3455422679122,2.0463027015420954,-28.0023781535857,-0.48420446014963553,5.5879192031750495,4.273024220581379,-2.872002495925831,6.845630841382161,-5.929714713440358,-8.255259301326456,9.886237186598636,-4.881753266748344,4.161828754561293,-1.3537185302846995,-0.8952162177246348,-16.185552788032552,2.9775096237250356
-4.682056820119648,-2.3142711081697525,-11.455334857587344,3.0558579128352443,7.86593036140634,-0.6384130641290463,23.982269071943055,-11.763330670507887,-4.408429583163368,4.208569951783305,0.5300414758446392,-4.506775630146336,2.468911580530444,10.38207039537587,6.389621767941301,-10.53394892013957,12.139488101833068,-9.503890438891839,23.909440490234225,-0.22379368050789333,0.8647368032810249,-19.775912610870254,8.25951088298075,-0.7399241845078269,7.567171908536336,8.415365055484775,24.94357797134641,2.112362547903882,-29.82738226968904,-0.335140965050343,6.1753174904353685,4.263159662006255,-3.149680315112431,7.542224522498056,-6.528601505440595,-8.443478042817746,10.63634491627428,-5.125860241024315,4.564349696331839,-1.6666827703110445,-0.8919106272617928,-17.085076556261,3.1852820638369934
-14.4483724756257,-7.383082307669821,-35.00090237728046,9.256348407313899,24.566965032106296,-1.8915777344757754,74.66464105497785,-35.872608204517036,-13.514384124253693,11.112877510447696,0.8438872175621054,-14.258788978111959,7.848254804560314,33.58016745245823,18.84353140046683,-31.693228116900478,38.794252746615754,-30.372527245432835,73.52695992638259,-0.5780156610751506,2.858970142349624,-62.063108493940945,25.968718419080854,-1.2293232571748887,23.3455422679122,24.94357797134641,77.29030510327239,7.156948022615373,-92.56225856383928,-1.42542496787256,18.83208293495895,14.035111861007067,-9.457876057720117,22.83959038791855,-19.326836621700913,-27.968697301882926,32.92984396646039,-16.445625745939886,13.6672914867647,-4.890462073551504,-3.1032360921835065,-53.65903218918032,9.888687933941759
-1.3070732081964218,-0.28458489446391755,-2.8897358785261074,0.5931868314927874,2.249762052273008,-0.3564297822751165,7.217021702564096,-3.1298987181365705,-1.6805920981691225,0.18065868362298523,-0.2717637213208111,-1.9735963088905375,0.7762582290840837,4.021590989057431,1.663634561467981,-2.349990255959294,3.9329896520067407,-3.7319339674089824,6.476772809453798,0.04528260358897001,0.5199905568625564,-6.62461384468144,2.849319661025677,0.32663051152562744,2.0463027015420954,2.112362547903882,7.156948022615373,1.2856463195022427,-8.342344418083426,0.1455458853578391,2.2751751165847547,1.1380811321838138,-0.7921816557695914,2.390959548001176,-1.2980244358742736,-3.65151313969923,3.3708229231367404,-1.990811592190621,1.094455813000127,-1.0990481289654943,-0.5204818929501042,-5.0994707106481005,0.9775511931834325
17.311580522817692,9.064435610831831,42.02908647898426,-11.188039505988161,-29.455611611080577,2.1673402769077037,-89.31721372619928,42.98572844991084,15.95640070246284,-13.48559001274198,-1.079488927256034,16.796108852156742,-9.394048297273855,-39.943901443705236,-22.49072706291198,38.12550104966446,-46.44365150162932,36.04319531740727,-88.14488240536133,0.7236038728718182,-3.320389248874396,73.99909501937866,-30.929430484727842,1.554319500203374,-28.0023781535857,-29.82738226968904,-92.56225856383928,-8.342344418083426,110.98162658543058,1.8908381186524859,-22.258122441013718,-16.990670212985453,11.331341974332386,-27.1536851283191,23.279481960227972,33.20347164450389,-39.27715512729592,19.537868478595186,-16.39929938809221,5.505537373599063,3.6461503591255,64.28704936963456,-11.819939905914177
0.27084487271855323,0.4491538471840291,0.7593668455939211,-0.2990476648949727,-0.523277809041927,-0.11238164182763855,-1.2382825813643092,0.6451736207058573,-0.07076492445671435,-0.32469819694616336,-0.0800407517595758,-0.12044643167523907,-0.18023076831698787,-0.3338834701193947,-0.17082195463079064,0.7523508575076409,-0.7404148387574764,0.13718300570822708,-1.464782537671924,0.061132064685791694,0.07313701422442526,0.7171730538170715,-0.2656237178503214,0.07931862707040728,-0.48420446014963553,-0.335140965050343,-1.42542496787256,0.1455458853578391,1.8908381186524859,0.30202608170954215,0.08962868580630058,-0.5533770954380506,0.1555665192934898,-0.10480834275156915,0.45567666545557384,0.2043421496328793,-0.37905875160527075,0.11145054360766035,-0.2282330658605763,-0.4015015758677876,-0.027734480819558857,1.0678544240084624,-0.12261026039505875
-3.517148368944228,-1.2965447473378873,-8.317580134502617,2.0157110216315712,5.8514531199592925,-0.7249068082982592,18.521678539908255,-8.759833221908996,-3.8209341454688572,2.347427778627121,-0.02720551792337598,-4.202519889183178,1.7858719489531358,8.791579517338743,4.846250901651399,-7.371762531734734,9.582033036149381,-8.2752687527969009,17.62363576262933,-0.005354611362911394,0.9129992790740648,-15.994115066803614,6.731620509634115,-0.08403899536164759,5.5879192031750495,6.1753174904353685,18.83208293495895,2.2751751165847547,-22.258122441013718,0.08962868580630058,5.346257047870379,3.005959051897505,-2.3290650531072066,6.089721859287951,-4.539406163910873,-7.565936198235321,8.432909177447756,-4.413089870583367,3.4326728614605724,-1.9886975997086884,-0.9565853252491879,-13.004821197588619,2.5951708263690576
-2.622412828511373,-1.648849924116111,-6.398255216907451,1.7649702666446827,4.539124465917143,-0.20832063314515353,13.502063268192453,-6.435364018796905,-2.1509490437217593,1.8698878880162562,0.08732055193254791,-2.3054280913122605,1.457448757142588,6.034351763079924,3.1497422910346518,-5.7823317821052544,7.245183377970054,-5.2880141645814005,13.3554652878294,-0.12206295236720417,0.42793206611493817,-11.020792594550528,4.58004877886904,-0.12316545252746565,4.273024220581379,4.263159662006255,14.035111861007067,1.1380811321838138,-16.990670212985453,-0.5533770954380506,3.005959051897505,2.9236028661394404,-1.6663045950602817,3.8071662491316256,-3.500441649355965,-5.064346466025928,5.78161183909219,-2.901380733832937,2.428897021297054,-0.4125789077023347,-0.5418463942432311,-9.90921962366186,1.7706016970609255
1.7813826834965878,0.91579039649117,4.363687058149714,-1.1639547569429534,-2.9686803537502136,0.24342221637904948,-9.13281244269726,4.479428050356055,1.639514709056215,-1.5816940067767638,-0.1544283844984899,1.717948651062404,-0.8822970598890928,-3.9370798287890785,-2.419014481612189,4.005175743135105,-4.674967819569338,3.6375220581072694,-9.023840373957913,0.05859845426667593,-0.31069626429184954,7.530940057279611,-3.126289034258936,0.2483001944845383,-2.872002495925831,-3.149680315112431,-9.457876057720117,-0.7921816557695914,11.331341974332386,0.1555665192934898,-2.3290650531072066,-1.6663045950602817,1.201217697427305,-2.8478167118991218,2.524852149990974,3.251830252187512,-4.030275682134972,1.9589747737462189,-1.7954073376197115,0.5747217567498953,0.35575042886906527,6.497530956648146,-1.2625740111089632
-4.276871154125797,-1.8464665944803256,-10.269391310744059,2.6043544422193268,7.143603697465066,-0.7423715228521175,22.258479273632815,-10.686390788016627,-4.341186960955753,3.2562209788961867,0.16428164555205263,-4.662377669069372,2.189358440106668,10.165691357705004,5.840330694767711,-9.246522019689603,11.450719778443174,-9.461427940476236,21.57943263296247,-0.08266751815162131,0.9587392768264359,-18.839144207838388,7.894438819018081,-0.32571016206727266,6.845630841382161,7.542224522498056,22.83959038791855,2.390959548001176,-27.1536851283191,-0.10480834275156915,6.089721859287951,3.8071662491316256,-2.8478167118991218,7.146885651892885,-5.723491955550703,-8.579244284604368,10.001178803894389,-5.070321208488676,4.18903243153587,-1.9718091890201401,-1.0187171743466037,-15.739736092606378,3.067174051810077
3.6686231849881854,2.090971963516863,9.137115679723472,-2.5138319460422514,-6.036968316566321,0.4316438635571109,-18.582492756906092,9.3120227035648,3.1248338984915596,-3.7044208324541374,-0.4360785373978155,3.2341962319835154,-1.668691825971447,-7.5610943651027664,-5.042926131297479,8.519111524955091,-9.454556079755264,7.044190416586469,-18.54342567850458,0.12100655198110467,-0.4840689865775704,15.025614637715933,-6.165608265547986,0.7117168133078131,-5.929714713440358,-6.528601505440595,-19.326836621700913,-1.2980244358742736,23.279481960227972,0.45567666545557384,-4.539406163910873,-3.500441649355965,2.524852149990974,-5.723491955550703,5.522597198056566,6.160058830162601,-8.09962858248914,3.7946927899201057,-3.8948498850734317,0.8226102746290542,0.6368954112705172,13.204330378205556,-2.6534528919984797
5.181144127263706,2.158147189387355,12.068553188358264,-2.910772429653106,-8.859633938530727,0.9541169376466754,-27.62564174964426,12.61568041565881,5.474188417376326,-2.334469944288607,0.46603940862516535,6.245641679025994,-2.8529717815657816,-13.821536663997607,-6.5171077163556586,10.411377563790749,-14.909347285396287,12.64805971759036,-25.914777996328386,-0.013531397946207602,-1.4320714194598319,24.02372027128754,-10.145879272143883,-0.4878258834489916,-8.255259301326456,-8.443478042817746,-27.968697301882926,-3.65151313969923,33.20347164450389,0.2043421496328793,-7.565936198235321,-5.064346466025928,3.251830252187512,-8.579244284604368,6.160058830162601,12.18521686086338,-12.40708925214153,6.807473189381104,-4.7146676422169875,2.622448138810038,1.5782656608845498,19.783513720174266,-3.778966842960698
-6.151193779097382,-2.873105248183239,-14.773478390815342,3.8012462221873426,10.400916690292894,-0.9490633194534738,32.007147171202774,-15.2692795589365,-6.047113329813688,4.454321408576093,0.19894221048197244,-6.4919402509804645,3.2844892896298314,14.70506074001227,8.130349034100325,-13.26790343040926,16.646270115578716,-13.463922998069659,31.14301577162929,-0.1674038206043401,1.3468057734653245,-26.958590530291552,11.304941791292574,-0.3610198027708195,9.886237186598636,10.63634491627428,32.92984396646039,3.3708229231367404,-39.27715512729592,-0.37905875160527075,8.432909177447756,5.78161183909219,-4.030275682134972,10.001178803894389,-8.09962858248914,-12.40708925214153,14.256604129119099,-7.2553518135427995,5.85687884929774,-2.518393593660455,-1.4469754939662438,-22.85215583951375,4.314461353869947
3.057635486279284,1.2972959279631442,7.201980847082933,-1.7722371236461947,-5.1901454308941535,0.5468357220390657,-16.1607834981391,7.512005062456714,3.178558964120914,-1.7153657716823785,0.1317830757275106,3.549434993371941,-1.6480746946841422,-7.837195463953639,-3.956161360229478,6.31274864407705,-8.580452874664957,7.203360198542132,-15.349339426608697,0.019312071545130732,-0.7866141374586724,13.914306054809426,-5.861411113678148,-0.1012190057628579,-4.881753266748344,-5.125860241024315,-16.445625745939886,-1.990811592190621,19.537868478595186,0.11145054360766035,-4.413089870583367,-2.901380733832937,1.9589747737462189,-5.070321208488676,3.7946927899201057,6.807473189381104,-7.2553518135427995,3.872938821308107,-2.8508623432067814,1.4879388834746405,0.8562019820253391,11.529801312843665,-2.210826736587222
-2.6000678659792875,-1.3723006016385482,-6.407939243335252,1.7014739267517567,4.211359791486829,-0.39104852201151197,13.31080634352515,-6.603077084052667,-2.334701138934653,2.4349479134362695,0.1492034751315623,-2.5442935372596405,1.0704732924405023,5.581565791711027,3.620413068724589,-5.901584133148104,6.855706182001183,-5.335908453031229,12.947313012139862,-0.00269640525520831,0.3939496229069908,-10.973849065164433,4.49383928160272,-0.3626301313966797,4.161828754561293,4.564349696331839,13.6672914867647,1.094455813000127,-16.39929938809221,-0.2282330658605763,3.4326728614605724,2.428897021297054,-1.7954073376197115,4.18903243153587,-3.8948498850734317,-4.7146676422169875,5.85687884929774,-2.8508623432067814,2.864093735626938,-0.7568610510513936,-0.548177828335012,-9.3593523957579,2.012082323305426
0.888943354389218,-0.13694796844994092,1.8893035551438422,-0.2975627007634784,-1.4688236999383388,0.3848070558356325,-5.0073661801307665,2.1802489220408074,1.4772887327182336,-0.1562543578459492,0.15704385301444046,1.6763792832644309,-0.522163579914406,-2.914018667755328,-1.3690792917942682,1.5082993841129213,-2.5315409251750687,2.8532749232967727,-4.393571348171821,-0.05096877910707866,-0.4714927935975181,4.844634573528274,-2.1222100281430767,-0.17895074954369097,-1.3537185302846995,-1.6666827703110445,-4.890462073551504,-1.0990481289654943,5.505537373599063,-0.4015015758677876,-1.9886975997086884,-0.4125789077023347,0.5747217567498953,-1.9718091890201401,0.8226102746290542,2.622448138810038,-2.518393593660455,1.4879388834746405,-0.7568610510513936,1.265534270908223,0.3982418704569423,3.348639279515472,-0.6830311964139641
0.57433034448699,0.17437566474481156,1.2898564003066255,-0.27406256675107227,-0.9615058564625307,0.1497872879794438,-3.153677405690191,1.3875837073606976,0.6822631812448384,-0.11169973097866,0.1438664324101717,0.8376145801546716,-0.2805064948045011,-1.6987493487410212,-0.7283214268151579,1.0593072794294232,-1.7537915811926454,1.609379626291933,-2.7843857533270873,-0.04081557145545023,-0.197618639019184,2.864955583464292,-1.2103513821690994,-0.14817577367152254,-0.8952162177246348,-0.8919106272617928,-3.1032360921835065,-0.5204818929501042,3.6461503591255,-0.027734480819558857,-0.9565853252491879,-0.5418463942432311,0.35575042886906527,-1.0187171743466037,0.6368954112705172,1.5782656608845498,-1.4469754939662438,0.8562019820253391,-0.548177828335012,0.3982418704569423,0.23145590259647378,2.2196007234806068,-0.47500522766136627
10.015629323862978,5.162948871336132,24.186405150601075,-6.380556317264338,-17.104619317236626,1.291065121248743,-51.89461398319314,24.771467063919026,9.357169321795961,-7.304457567765889,-0.43206398873790136,9.951932070868152,-5.513595971920002,-23.61357691849121,-12.87285646437109,21.7964276303035,-27.16117960938003,21.265143923150205,-50.94371547113076,0.387487309892896,-2.0281356958576695,43.23694134392701,-18.108416800377157,0.6364251862986596,-16.185552788032552,-17.085076556261,-53.65903218918032,-5.0994707106481005,64.28704936963456,1.0678544240084624,-13.004821197588619,-9.90921962366186,6.497530956648146,-15.739736092606378,13.204330378205556,19.783513720174266,-22.85215583951375,11.529801312843665,-9.3593523957579,3.348639279515472,2.2196007234806068,37.403132313551886,-6.846600622057648
-1.8711584155190435,-0.9120359367307047,-4.5252487612116985,1.1551631623945755,3.049895008367552,-0.32259006103758103,9.729932150715983,-4.700652038575075,-1.7819869822012278,1.4441171546047475,-0.028625900232729425,-2.0185036932756018,0.7907248341578018,4.340902027947103,2.5454716020572747,-4.075069902818864,5.119178050384239,-4.142046750312723,9.24964268945268,0.032076781025143906,0.35533002875271147,-8.203056520914494,3.3806748723242515,-0.09068974922706986,2.9775096237250356,3.1852820638369934,9.888687933941759,0.9775511931834325,-11.819939905914177,-0.12261026039505875,2.5951708263690576,1.7706016970609255,-1.2625740111089632,3.067174051810077,-2.6534528919984797,-3.778966842960698,4.314461353869947,-2.210826736587222,2.012082323305426,-0.6830311964139641,-0.47500522766136627,-6.846600622057648,1.479159343320964
