V1,V2,V3,V4,V5,V6,V7,V8,V9,V10,V11,V12,V13,V14,V15,V16,V17,V18,V19,V20,V21,V22,V23,V24,V25,V26,V27,V28,V29,V30,V31,V32,V33,V34,V35,V36,V37,V38,V39,V40,V41,V42,V43,V44
2.9243669984490053,0.4870105673646811,0.2530247455853232,1.3238869346722966,-3.321858905545106,1.7214671906879901,0.005217901532983867,-3.554957511570188,-2.0836924262237844,-1.627989169407444,0.74814756522719,-2.160078405478928,-2.440272769717053,-2.7728470277942283,1.3719206725343374,3.0213966591295027,-0.8534860812218749,-1.0833193517538682,3.931624681718963,0.32263710639404886,-1.4930027957975807,0.1878372151964785,-2.5587691066982714,-2.642826714151805,-0.7513150142016065,1.3630400689221889,1.4606235668234568,0.595098571598284,1.0074580315770494,3.0804061427881884,-3.506592083008246,-0.9015634098297739,-1.0326381820928425,0.25555275002638767,-6.151634382132419,0.5383202219353628,1.2405849257043338,0.188693932216318,-0.7369830597290377,-0.27679122402082884,0.7518738108767408,-0.6941556450227007,2.0797381080624433,1.1420998114515575
0.4870105673646811,0.8726610661959497,-0.11395135282494923,0.4433615713030005,-0.49896274125867873,0.0333886119626271,0.639949308700268,-0.8084529709340229,-0.12704749985177172,0.9357765007174108,1.0585474556919652,-0.2649356096334976,-0.029593043402954915,0.07368458369685127,1.158487958328542,2.0030979483139877,-1.0097274407484518,0.8274265384970942,0.40432763680826445,1.0982066935637875,-1.7269091639441954,-0.1918592574030602,-0.3254795136171019,-0.6048820386927868,-0.04710603431460628,0.322823158968675,0.47256808299999586,0.5894185047803936,-0.5545893423010333,1.506567188157128,-1.486751928549533,-0.9884024368108668,-0.10521531821963369,-0.7535452039965914,-1.6103263381827195,-0.33448320683781735,0.7739521664660881,0.47219038022675586,0.9380091485766492,1.0368867731395721,-0.5544462795559428,-1.505984074888954,0.7687645524416297,0.08469915208238739
0.2530247455853232,-0.11395135282494923,0.08120748495227201,0.1048887579266979,-0.24541622395871537,0.2311505917659792,-0.08057771745489913,-0.23596540028821014,-0.18492622537834583,-0.3412449877652822,-0.08744129994259246,-0.1603282076615378,-0.27734416050338545,-0.256680720938833,-0.021518593528829615,-0.008189132441430755,0.07554260160844188,-0.2275318189173894,0.307066027248964,-0.18162205845089524,0.149435350023428,0.08227146033746457,-0.18302995324654153,-0.14158485098748588,-0.05754735573251391,0.11595733250574257,0.07972211853976259,-0.02639737546496308,0.1976468215618123,0.04948470894712121,-0.09611252500027535,0.052610122228433996,-0.09945605395205971,0.17036092794602842,-0.345438980494369,0.1356855312054486,0.003915857693287943,-0.05106369298310754,-0.2289129825173021,-0.19831118455026314,0.1871791004220537,0.11900423881126639,0.07988159114194175,0.09230470025558432
1.3238869346722966,0.4433615713030005,0.1048887579266979,0.7385347354422307,-1.361481996109174,0.7395899600395012,0.27381057448768165,-1.5984917020830867,-0.7850406208834988,-0.3038725129125724,0.666553603354008,-0.8668155921468771,-0.9849787337341872,-0.9235960916293225,0.9708720755164908,1.8436179639731165,-0.6346489665583529,-0.08149578734945329,1.540952956344971,0.45892612665809973,-1.13336124737865,0.06968798715683622,-1.046537809350549,-1.1333064112386357,-0.2885131324688284,0.6743885813623012,0.7140257731593852,0.43449765476831725,0.18453080669162122,1.633437583225897,-1.8037892775529485,-0.7049197301916599,-0.4371418640833643,-0.14068522634639752,-2.8380689946395288,0.15642258257489167,0.7164576565866811,0.24184607740934094,0.03365245259112509,0.2595807575926444,0.13549327138341138,-0.8722772528318371,1.018955275622233,0.45744408967452327
-3.321858905545106,-0.49896274125867873,-0.24541622395871537,-1.361481996109174,4.000036209610826,-1.9471062521070563,0.19080519620311967,4.159540287255142,2.5507857999706873,2.094063399240032,-0.6777458594622732,2.5990543415183094,2.8394196007582173,3.494097205562948,-1.3564367764820129,-3.2503701611809728,0.9170520555227704,1.5047930410400137,-4.776698513396926,-0.24855206265418534,1.5228783256069363,-0.1515720139888949,3.04658307743933,3.172728609463796,0.9040848697564252,-1.4935943765956736,-1.6683613476221046,-0.6016490312228099,-1.3002761327523333,-3.502104867620296,3.9776889496109447,0.8721617543652972,1.2055933265899248,-0.41226955594400627,7.130921925436635,-0.5838267334930668,-1.3940307999751904,-0.13328262548887795,1.023996366854151,0.525942220764217,-0.928920446096387,0.4268779825484086,-2.403385217720782,-1.3528117973613538
1.7214671906879901,0.0333886119626271,0.2311505917659792,0.7395899600395012,-1.9471062521070563,1.1928588031568583,-0.14989369196665095,-2.031394722529624,-1.2728782327202324,-1.3185228751170186,0.1751519828359421,-1.2577718887081801,-1.6044248893724915,-1.729195531476348,0.5801928967138562,1.3541191166601725,-0.2721905881511299,-0.8882731095694565,2.344028159692173,-0.18284376971651647,-0.42255962244291423,0.2100999256392368,-1.4740436011297615,-1.4417865002633425,-0.43347634405037555,0.7893045366289271,0.7994108315560523,0.2184280741430551,0.7681593904194908,1.4853128425791844,-1.7380380111201161,-0.31248810276068584,-0.6493538004241769,0.4279415585674228,-3.3619905890400488,0.4530019445956198,0.5993443239300041,-0.004463348613994456,-0.739005178937996,-0.48214854135278307,0.6677334099538376,-0.08737987263062866,1.0690685372598687,0.6852436750105406
0.005217901532983867,0.639949308700268,-0.08057771745489913,0.27381057448768165,0.19080519620311967,-0.14989369196665095,0.6635457598134894,-0.07914623254624467,0.2962351212892432,1.1079205049262228,0.8517321294419503,0.1780841897633347,0.32421397108893535,0.6639420458698094,0.8863057083673725,1.281446835881913,-0.7327283162541264,0.9788033416556783,-0.41579999812492874,0.8545686664775036,-1.2629896279024664,-0.11845510650923881,0.19106133557634228,0.016338770174356868,0.12013801014124474,0.10605758362106948,0.1736713576272528,0.4325852578424265,-0.6776238422346081,0.7715837307664057,-0.6954598240690629,-0.774779321641152,0.06620056339612278,-0.6907984973798352,-0.32444533327281116,-0.3264243923453358,0.48763138797157146,0.3960495114130622,0.9544864015275751,0.9839562432164976,-0.5723494117309197,-1.3633214076605367,0.28671345941091203,-0.12289320135931257
-3.554957511570188,-0.8084529709340229,-0.23596540028821014,-1.5984917020830867,4.159540287255142,-2.031394722529624,-0.07914623254624467,4.481646423242315,2.5767960535375303,1.7576480147420672,-1.096513279872196,2.6792151647817053,2.9148490116794448,3.411309020896636,-1.842228779658065,-4.051859111921973,1.2772517059600463,1.1601541214685214,-4.897065198749421,-0.6421147821761671,2.1714522694741403,-0.12509470317655536,3.16039269386878,3.367806919634298,0.9242692127128385,-1.6616454310957482,-1.8587003433814082,-0.8362535763968834,-1.0829747200966098,-4.053337265183461,4.533864787594467,1.2670842100379733,1.2633489564800826,-0.149883900260438,7.7525548447420665,-0.5173881549203446,-1.6775772348763225,-0.3236917890377947,0.6820333312923293,0.12902422544616604,-0.7570199860893143,1.0686376327200457,-2.685185302952714,-1.3897656340864435
-2.0836924262237844,-0.12704749985177172,-0.18492622537834583,-0.7850406208834988,2.5507857999706873,-1.2728782327202324,0.2962351212892432,2.5767960535375303,1.6804702482845033,1.6246962922352142,-0.18772834388358123,1.6713707203292285,1.869425810941262,2.3668776482853686,-0.6053430736290203,-1.6680792182226303,0.3722799154124833,1.2126591595744853,-3.099972507354598,0.09725328013378706,0.5887071828458597,-0.1363863138976281,1.9552115334676523,1.9816933318851029,0.5917551015903484,-0.9112955013562538,-0.9935736106359888,-0.25707131339179184,-1.0069606989387394,-1.9716498648878809,2.28639089816443,0.33407458918713256,0.7735694078058019,-0.4592194756439846,4.361516605653274,-0.4572067418474872,-0.7413720685207754,0.02714060595154371,0.9066281783965878,0.6045529790522388,-0.746370753294281,-0.10467528537893973,-1.4208753789742072,-0.876906382138746
-1.627989169407444,0.9357765007174108,-0.3412449877652822,-0.3038725129125724,2.094063399240032,-1.3185228751170186,1.1079205049262228,1.7576480147420672,1.6246962922352142,2.891751488628713,1.1006908666256574,1.451137916044699,1.9678897631503918,2.597073170934762,0.7805845147041497,0.6709556377840391,-0.8607172030333077,2.301768314788603,-2.7936011005578507,1.4465894614318444,-1.4957128416868226,-0.3864950325167676,1.6799074887805396,1.3663931371823954,0.583237654117745,-0.5845632750070592,-0.4831304852837967,0.44822914745697506,-1.753460116427433,-0.23536895177832573,0.6050201346680453,-0.8681158969307252,0.696900695804027,-1.4209854342987092,2.6756093156940084,-0.921187186450714,0.1818243794414918,0.6049335367272418,2.1279877318209155,1.9184177559868971,-1.4840520116450464,-1.9561827792386024,-0.5676441663771437,-0.8290622852607411
0.74814756522719,1.0585474556919652,-0.08744129994259246,0.666553603354008,-0.6777458594622732,0.1751519828359421,0.8517321294419503,-1.096513279872196,-0.18772834388358123,1.1006908666256574,1.3598883204824723,-0.36566272288721724,-0.16294498206454405,0.08739179584471121,1.5374278700839672,2.5904694394625265,-1.2603273986279917,1.0284636762319523,0.556859173641858,1.3259648193713682,-2.171469898980835,-0.17257782952076198,-0.45625650429372183,-0.7663297314255709,-0.06365752681339458,0.4817074435474702,0.6338183548483809,0.7562975361906291,-0.6605840568137279,1.9324869484994593,-1.9332467401442341,-1.284921974484384,-0.1754326430459254,-0.9086912681499246,-2.156382200721571,-0.34663927856260657,0.9994901545381497,0.5963211575210142,1.132868946835269,1.2837336097749323,-0.6267681620843982,-1.982140265337687,0.9914654190051037,0.1386131441391795
-2.160078405478928,-0.2649356096334976,-0.1603282076615378,-0.8668155921468771,2.5990543415183094,-1.2577718887081801,0.1780841897633347,2.6792151647817053,1.6713707203292285,1.451137916044699,-0.36566272288721724,1.7052496908975867,1.865501571570623,2.319505450234016,-0.8003527855957344,-1.9902310505466088,0.5100959510688011,1.0664643377085445,-3.127080410926091,-0.09781848576043939,0.8804950191761602,-0.11258096475239875,2.0073166389349586,2.058081447256031,0.6031839953011399,-0.9608121952619771,-1.0624852612791897,-0.3466153451813289,-0.9084643583829762,-2.2018321412405495,2.529132863501538,0.49222302804964874,0.7826297583643865,-0.31939186972376776,4.6105250221470575,-0.41855857904902505,-0.8471922728784329,-0.047781199561514165,0.7569588392034529,0.4262924616735219,-0.6562654087800773,0.1475551214383018,-1.5307890215003634,-0.897524758804695
-2.440272769717053,-0.029593043402954915,-0.27734416050338545,-0.9849787337341872,2.8394196007582173,-1.6044248893724915,0.32421397108893535,2.9148490116794448,1.869425810941262,1.9678897631503918,-0.16294498206454405,1.865501571570623,2.2794219522422217,2.6162940871394382,-0.7025363436995915,-1.8295700608764656,0.3008162924729206,1.4053236618257092,-3.4627857788034158,0.2531393784917294,0.5370316240578599,-0.2609171922422437,2.202568071396115,2.145670504020368,0.6728748475898397,-1.0905795742547155,-1.1255716175409531,-0.2603156236320971,-1.1759872858886382,-2.1065764863459,2.4963208922969167,0.34395658255849054,0.9179591279342871,-0.6290513734013237,4.889329194063383,-0.6595662577551289,-0.7855891512414508,0.05298066135464963,1.1552934767032315,0.7774294348679474,-0.9792126551870204,-0.10182515907657393,-1.538088087741213,-1.0219466659843393
-2.7728470277942283,0.07368458369685127,-0.256680720938833,-0.9235960916293225,3.494097205562948,-1.729195531476348,0.6639420458698094,3.411309020896636,2.3668776482853686,2.597073170934762,0.08739179584471121,2.319505450234016,2.6162940871394382,3.450689625177801,-0.45069852534875876,-1.720398974916605,0.20155552582696667,2.021420069196472,-4.3290177578134585,0.44875683171453784,0.30365689514180366,-0.21607868391108878,2.714254072414057,2.6709954354831695,0.8450233786988512,-1.1610172630148479,-1.255910274300885,-0.16563302180457046,-1.6127978510907581,-2.3479254675524834,2.802738577686991,0.13387391568584917,1.055967011531771,-0.8744542072167167,5.7274454504809515,-0.7300630420008427,-0.8001735188495984,0.19849076723708078,1.596103999991032,1.1978655288500346,-1.2189271125684011,-0.7081662286862618,-1.7893145722003432,-1.2344198862036784
1.3719206725343374,1.158487958328542,-0.021518593528829615,0.9708720755164908,-1.3564367764820129,0.5801928967138562,0.8863057083673725,-1.842228779658065,-0.6053430736290203,0.7805845147041497,1.5374278700839672,-0.8003527855957344,-0.7025363436995915,-0.45069852534875876,1.8718905668620973,3.260710407107796,-1.451123102957976,0.8375608629595214,1.3529339262769409,1.3852534572721593,-2.5046284494967974,-0.11424431778619742,-0.9729322604072556,-1.288079118596047,-0.20874660931333933,0.7814552564672691,0.946714908787262,0.8922431457620095,-0.4771209259536977,2.5809241908617673,-2.6665887656009177,-1.5038230808185056,-0.40179848492629616,-0.8542045010594987,-3.4290471377541234,-0.22472083487239583,1.2801262653150196,0.6483955840152349,0.9920688859064353,1.2430290406511804,-0.4622519470294604,-2.1938555511240816,1.418607798266789,0.3790122847953831
3.0213966591295027,2.0030979483139877,-0.008189132441430755,1.8436179639731165,-3.2503701611809728,1.3541191166601725,1.281446835881913,-4.051859111921973,-1.6680792182226303,0.6709556377840391,2.5904694394625265,-1.9902310505466088,-1.8295700608764656,-1.720398974916605,3.260710407107796,6.029492348869542,-2.5373515938568505,0.8872289456287685,3.4782717862282504,2.318290147513334,-4.384527559906843,-0.192086061239896,-2.387924190172531,-2.959496437024264,-0.6067986423034567,1.6129215159644674,1.9445903147370356,1.5668411361274257,-0.39395197662452036,5.0416507466553595,-5.306737431364082,-2.572872806966631,-0.9455769432687563,-1.2600443565179824,-7.388580609870083,-0.21985436963942864,2.3690180375281815,1.0587913243656397,1.2953100028219895,1.8199059144269976,-0.5129355875095408,-3.4911134708733584,2.918830452381261,0.9644905968160744
-0.8534860812218749,-1.0097274407484518,0.07554260160844188,-0.6346489665583529,0.9170520555227704,-0.2721905881511299,-0.7327283162541264,1.2772517059600463,0.3722799154124833,-0.8607172030333077,-1.2603273986279917,0.5100959510688011,0.3008162924729206,0.20155552582696667,-1.451123102957976,-2.5373515938568505,1.2518652305748252,-0.8166768945042615,-0.8588104426814694,-1.2091201891282912,2.0595189767841746,0.18331232168209347,0.5982727932266579,0.9293991527014849,0.10376821873632758,-0.5042570179591702,-0.6830032862760562,-0.7259420420436568,0.5151206521314651,-1.9971461230132088,1.9973928923618995,1.2158179013321646,0.23497762329164248,0.7914186102288715,2.392159663566203,0.3363781531659671,-1.029509649749325,-0.5477878714866397,-0.9811161119374199,-1.121202822838582,0.5358481213920285,1.787775256392616,-1.0682132516193275,-0.1967593605538185
-1.0833193517538682,0.8274265384970942,-0.2275318189173894,-0.08149578734945329,1.5047930410400137,-0.8882731095694565,0.9788033416556783,1.1601541214685214,1.2126591595744853,2.301768314788603,1.0284636762319523,1.0664643377085445,1.4053236618257092,2.021420069196472,0.8375608629595214,0.8872289456287685,-0.8166768945042615,1.9061442406101916,-2.064558221316033,1.2298070580930451,-1.4045053325733505,-0.27370392801212057,1.232994021841443,0.9624083994771784,0.4396683055271492,-0.3354777783849985,-0.2642779570342425,0.45479331318746496,-1.4164569282500419,0.06118887893564705,0.2148371649652051,-0.848321515534377,0.4829829835719563,-1.1620670975010072,1.7380029513504842,-0.6987563709379448,0.27416462421720533,0.5487303075676727,1.7508170601425612,1.6203681356466826,-1.1715342690137,-1.8185171498403427,-0.30358917220568177,-0.6155459467592416
3.931624681718963,0.40432763680826445,0.307066027248964,1.540952956344971,-4.776698513396926,2.344028159692173,-0.41579999812492874,-4.897065198749421,-3.099972507354598,-2.7936011005578507,0.556859173641858,-3.127080410926091,-3.4627857788034158,-4.3290177578134585,1.3529339262769409,3.4782717862282504,-0.8588104426814694,-2.064558221316033,5.7778828943318885,0.05137203922397711,-1.438217886299761,0.21984347521135186,-3.676973509286227,-3.7578082262686516,-1.108428966187089,1.7414329484126578,1.9197644921765888,0.5845312380084697,1.7321688688313404,3.9230124874570675,-4.510215599175055,-0.8081498240504285,-1.446155259081693,0.6899742797001893,-8.358803316638827,0.7964156226037683,1.5054951509081098,0.042888811619509644,-1.4969582662798364,-0.9068875582619123,1.275156408561146,-0.10439558734243913,2.758158568484533,1.6470687788161622
0.32263710639404886,1.0982066935637875,-0.18162205845089524,0.45892612665809973,-0.24855206265418534,-0.18284376971651647,0.8545686664775036,-0.6421147821761671,0.09725328013378706,1.4465894614318444,1.3259648193713682,-0.09781848576043939,0.2531393784917294,0.44875683171453784,1.3852534572721593,2.318290147513334,-1.2091201891282912,1.2298070580930451,0.05137203922397711,1.4533064705345986,-2.134465511506518,-0.2669763263598801,-0.1476123536112498,-0.49075246316628846,0.009913045727876362,0.2825638476361246,0.4528202826456439,0.7101374466500374,-0.8474992711426659,1.6375421434683826,-1.5850818450135173,-1.2073889417316916,-0.010998635425714552,-1.0567531736422964,-1.4443869569942325,-0.47823616367997396,0.8510139696147858,0.6051147918990517,1.3313482144609294,1.4217494461378348,-0.8249141734517296,-1.924065542364338,0.7793700555476821,-0.009736559512715369
-1.4930027957975807,-1.7269091639441954,0.149435350023428,-1.13336124737865,1.5228783256069363,-0.42255962244291423,-1.2629896279024664,2.1714522694741403,0.5887071828458597,-1.4957128416868226,-2.171469898980835,0.8804950191761602,0.5370316240578599,0.30365689514180366,-2.5046284494967974,-4.384527559906843,2.0595189767841746,-1.4045053325733505,-1.438217886299761,-2.134465511506518,3.5693670652330134,0.29313023676001265,1.0752415430710325,1.586163842917161,0.21829432832625717,-0.8837279439218864,-1.167453461951556,-1.2322356157955732,0.8848040475242113,-3.4158001271748724,3.470302991268224,2.07106704262928,0.396536464570079,1.3916553635358244,4.173813855726313,0.5026113425537593,-1.7002981477573593,-0.9366274178468541,-1.6472564135462473,-1.933409233193623,0.8968008590400303,3.059873001099236,-1.8233595701402978,-0.37921885151296525
0.1878372151964785,-0.1918592574030602,0.08227146033746457,0.06968798715683622,-0.1515720139888949,0.2100999256392368,-0.11845510650923881,-0.12509470317655536,-0.1363863138976281,-0.3864950325167676,-0.17257782952076198,-0.11258096475239875,-0.2609171922422437,-0.21607868391108878,-0.11424431778619742,-0.192086061239896,0.18331232168209347,-0.27370392801212057,0.21984347521135186,-0.2669763263598801,0.29313023676001265,0.10657084624005522,-0.13941405377856833,-0.05160469143533833,-0.04862751313109134,0.07819628107925433,0.023342845894675775,-0.08262082103439629,0.22184237658836595,-0.10628007710491226,0.05371194249451311,0.13761856190650903,-0.08075082478504528,0.22390287325567662,-0.15843003370513653,0.17327739240408188,-0.07595141032953638,-0.09148962766615902,-0.30464576884463906,-0.2734325189740419,0.2339042123274827,0.2368953280050211,-0.013265614958066923,0.08512471099683619
-2.5587691066982714,-0.3254795136171019,-0.18302995324654153,-1.046537809350549,3.04658307743933,-1.4740436011297615,0.19106133557634228,3.16039269386878,1.9552115334676523,1.6799074887805396,-0.45625650429372183,2.0073166389349586,2.202568071396115,2.714254072414057,-0.9729322604072556,-2.387924190172531,0.5982727932266579,1.232994021841443,-3.676973509286227,-0.1476123536112498,1.0752415430710325,-0.13941405377856833,2.381613278436284,2.426344629116887,0.7173644886170514,-1.1454397294984033,-1.2545148669800703,-0.41755029286835027,-1.0552661318814107,-2.6175220409133577,3.0114316753915618,0.6003322337661855,0.9212820217251775,-0.3562128755762542,5.469737078497473,-0.5063623810856582,-0.9994076962130349,-0.06582813816568592,0.8787344132970778,0.4761162320331618,-0.7708223585804439,0.20582816686995692,-1.8116087110835601,-1.067796545895055
-2.642826714151805,-0.6048820386927868,-0.14158485098748588,-1.1333064112386357,3.172728609463796,-1.4417865002633425,0.016338770174356868,3.367806919634298,1.9816933318851029,1.3663931371823954,-0.7663297314255709,2.058081447256031,2.145670504020368,2.6709954354831695,-1.288079118596047,-2.959496437024264,0.9293991527014849,0.9624083994771784,-3.7578082262686516,-0.49075246316628846,1.586163842917161,-0.05160469143533833,2.426344629116887,2.5975698208432076,0.719612014039555,-1.2132386563870607,-1.3815195543225698,-0.5980767487206583,-0.8697196868955644,-3.0445299437139948,3.4110787094368935,0.8877357925411851,0.9334733894809374,-0.11510533199456374,5.861434850841229,-0.36351532474735,-1.2255278618878196,-0.21298776581508502,0.5537512580765105,0.1476206024550821,-0.5621334475153505,0.6461116190854593,-2.0329938764351976,-1.056969735762512
-0.7513150142016065,-0.04710603431460628,-0.05754735573251391,-0.2885131324688284,0.9040848697564252,-0.43347634405037555,0.12013801014124474,0.9242692127128385,0.5917551015903484,0.583237654117745,-0.06365752681339458,0.6031839953011399,0.6728748475898397,0.8450233786988512,-0.20874660931333933,-0.6067986423034567,0.10376821873632758,0.4396683055271492,-1.108428966187089,0.009913045727876362,0.21829432832625717,-0.04862751313109134,0.7173644886170514,0.719612014039555,0.23228120198524183,-0.3316433128666741,-0.3555446770545297,-0.08775032711181995,-0.3649350894197529,-0.7011548938378439,0.8315567263588208,0.10661336480527854,0.2742594106950221,-0.15442103752457295,1.5909865955411175,-0.18801227410673085,-0.23554943026413105,0.01107551496525179,0.3371559867089461,0.21730986291482185,-0.2714775999995506,-0.05539825865585579,-0.5114753818853591,-0.3251832331516403
1.3630400689221889,0.322823158968675,0.11595733250574257,0.6743885813623012,-1.4935943765956736,0.7893045366289271,0.10605758362106948,-1.6616454310957482,-0.9112955013562538,-0.5845632750070592,0.4817074435474702,-0.9608121952619771,-1.0905795742547155,-1.1610172630148479,0.7814552564672691,1.6129215159644674,-0.5042570179591702,-0.3354777783849985,1.7414329484126578,0.2825638476361246,-0.8837279439218864,0.07819628107925433,-1.1454397294984033,-1.2132386563870607,-0.3316433128666741,0.6650642933354911,0.7058497229139516,0.3490060935140497,0.3581592361363106,1.5369609780760976,-1.7228245992876086,-0.5423107127006066,-0.47039065563203236,0.017135761544217667,-2.8950610377977224,0.21502508714884108,0.6411837849422771,0.15682834613069058,-0.18884813561785513,0.02986929971848405,0.26439554294266465,-0.5530622212121618,1.007938699722935,0.5053645646360221
1.4606235668234568,0.47256808299999586,0.07972211853976259,0.7140257731593852,-1.6683613476221046,0.7994108315560523,0.1736713576272528,-1.8587003433814082,-0.9935736106359888,-0.4831304852837967,0.6338183548483809,-1.0624852612791897,-1.1255716175409531,-1.255910274300885,0.946714908787262,1.9445903147370356,-0.6830032862760562,-0.2642779570342425,1.9197644921765888,0.4528202826456439,-1.167453461951556,0.023342845894675775,-1.2545148669800703,-1.3815195543225698,-0.3555446770545297,0.7058497229139516,0.8033337941229053,0.43777024121957114,0.29815080728596716,1.8313136121727855,-2.0138568885077457,-0.6859630242222778,-0.5043157940212716,-0.08991811158709226,-3.25537116577334,0.14195092124005765,0.7911745561789514,0.22031287305736486,-0.07283138083503551,0.16056583463892646,0.18439218114157774,-0.7342204875370039,1.1666853591527127,0.5430380911776888
0.595098571598284,0.5894185047803936,-0.02639737546496308,0.43449765476831725,-0.6016490312228099,0.2184280741430551,0.4325852578424265,-0.8362535763968834,-0.25707131339179184,0.44822914745697506,0.7562975361906291,-0.3466153451813289,-0.2603156236320971,-0.16563302180457046,0.8922431457620095,1.5668411361274257,-0.7259420420436568,0.45479331318746496,0.5845312380084697,0.7101374466500374,-1.2322356157955732,-0.08262082103439629,-0.41755029286835027,-0.5980767487206583,-0.08775032711181995,0.3490060935140497,0.43777024121957114,0.44006111816224697,-0.2701526609659327,1.2293554074613144,-1.253813892471551,-0.7310867401015954,-0.16769172440236366,-0.4482938124152639,-1.5642144303360532,-0.14822068305512368,0.611539207676264,0.3262238903998258,0.5390634057444661,0.6445691806461383,-0.27433313420054056,-1.0748723163572687,0.6711892641766068,0.14912574526285333
1.0074580315770494,-0.5545893423010333,0.1976468215618123,0.18453080669162122,-1.3002761327523333,0.7681593904194908,-0.6776238422346081,-1.0829747200966098,-1.0069606989387394,-1.753460116427433,-0.6605840568137279,-0.9084643583829762,-1.1759872858886382,-1.6127978510907581,-0.4771209259536977,-0.39395197662452036,0.5151206521314651,-1.4164569282500419,1.7321688688313404,-0.8474992711426659,0.8848040475242113,0.22184237658836595,-1.0552661318814107,-0.8697196868955644,-0.3649350894197529,0.3581592361363106,0.29815080728596716,-0.2701526609659327,1.0853175199658385,0.18298908660835936,-0.4158578144285975,0.5228299852307502,-0.41769288342485006,0.8395028484127859,-1.691055829074501,0.5483869341884097,-0.1085558600790381,-0.3697939624350112,-1.28536799029406,-1.157116110024502,0.8868296803601169,1.2056223441732417,0.372947948966027,0.5134245025362336
3.0804061427881884,1.506567188157128,0.04948470894712121,1.633437583225897,-3.502104867620296,1.4853128425791844,0.7715837307664057,-4.053337265183461,-1.9716498648878809,-0.23536895177832573,1.9324869484994593,-2.2018321412405495,-2.1065764863459,-2.3479254675524834,2.5809241908617673,5.0416507466553595,-1.9971461230132088,0.06118887893564705,3.9230124874570675,1.6375421434683826,-3.4158001271748724,-0.10628007710491226,-2.6175220409133577,-3.0445299437139948,-0.7011548938378439,1.5369609780760976,1.8313136121727855,1.2293554074613144,0.18298908660835936,4.5286257968473524,-4.855508129595326,-1.984018755619246,-1.0122583963000675,-0.7169187952591058,-7.275525246350617,0.006496321094896035,2.041146902371458,0.73537089796045,0.5255012943564837,1.0298880191369237,-0.054861028594823634,-2.398368152134665,2.7427820477282374,1.0911623011116725
-3.506592083008246,-1.486751928549533,-0.09611252500027535,-1.8037892775529485,3.9776889496109447,-1.7380380111201161,-0.6954598240690629,4.533864787594467,2.28639089816443,0.6050201346680453,-1.9332467401442341,2.529132863501538,2.4963208922969167,2.802738577686991,-2.6665887656009177,-5.306737431364082,1.9973928923618995,0.2148371649652051,-4.510215599175055,-1.5850818450135173,3.470302991268224,0.05371194249451311,3.0114316753915618,3.4110787094368935,0.8315567263588208,-1.7228245992876086,-2.0138568885077457,-1.253813892471551,-0.4158578144285975,-4.855508129595326,5.271132954479527,2.008175029058397,1.163632698305545,0.6024458839539538,8.114823811830368,-0.14801361741540248,-2.1320970474402885,-0.7089068731612694,-0.28893283660272806,-0.8677702895204289,-0.13167061934762853,2.3265868882485634,-2.9939798780426856,-1.276639309420933
-0.9015634098297739,-0.9884024368108668,0.052610122228433996,-0.7049197301916599,0.8721617543652972,-0.31248810276068584,-0.774779321641152,1.2670842100379733,0.33407458918713256,-0.8681158969307252,-1.284921974484384,0.49222302804964874,0.34395658255849054,0.13387391568584917,-1.5038230808185056,-2.572872806966631,1.2158179013321646,-0.848321515534377,-0.8081498240504285,-1.2073889417316916,2.07106704262928,0.13761856190650903,0.6003322337661855,0.8877357925411851,0.10661336480527854,-0.5423107127006066,-0.6859630242222778,-0.7310867401015954,0.5228299852307502,-1.984018755619246,2.008175029058397,1.2397274759110772,0.24290342801472561,0.793953061682401,2.4076130835349163,0.27795026113028537,-1.013056946695035,-0.5550373761029929,-0.9712183955576901,-1.1358238934364424,0.505815316469725,1.8562725298058336,-1.0541564244986732,-0.21130900070623596
-1.0326381820928425,-0.10521531821963369,-0.09945605395205971,-0.4371418640833643,1.2055933265899248,-0.6493538004241769,0.06620056339612278,1.2633489564800826,0.7735694078058019,0.696900695804027,-0.1754326430459254,0.7826297583643865,0.9179591279342871,1.055967011531771,-0.40179848492629616,-0.9455769432687563,0.23497762329164248,0.4829829835719563,-1.446155259081693,-0.010998635425714552,0.396536464570079,-0.08075082478504528,0.9212820217251775,0.9334733894809374,0.2742594106950221,-0.47039065563203236,-0.5043157940212716,-0.16769172440236366,-0.41769288342485006,-1.0122583963000675,1.163632698305545,0.24290342801472561,0.38182828481496844,-0.17512671086620113,2.1404965490241405,-0.22274745396676163,-0.40358884415595786,-0.027878059172130477,0.36472928181598663,0.20598279398889077,-0.33324135976822117,0.11299879437731342,-0.7038339842916977,-0.41834434642731266
0.25555275002638767,-0.7535452039965914,0.17036092794602842,-0.14068522634639752,-0.41226955594400627,0.4279415585674228,-0.6907984973798352,-0.149883900260438,-0.4592194756439846,-1.4209854342987092,-0.9086912681499246,-0.31939186972376776,-0.6290513734013237,-0.8744542072167167,-0.8542045010594987,-1.2600443565179824,0.7914186102288715,-1.1620670975010072,0.6899742797001893,-1.0567531736422964,1.3916553635358244,0.22390287325567662,-0.3562128755762542,-0.11510533199456374,-0.15442103752457295,0.017135761544217667,-0.08991811158709226,-0.4482938124152639,0.8395028484127859,-0.7169187952591058,0.6024458839539538,0.793953061682401,-0.17512671086620113,0.8714128854476302,0.0034083967730676066,0.4633993182685827,-0.44742386093902076,-0.4365292310119905,-1.173901693314563,-1.1615805576785139,0.7720037964967456,1.4082620275584898,-0.22565935022985878,0.21526209583664857
-6.151634382132419,-1.6103263381827195,-0.345438980494369,-2.8380689946395288,7.130921925436635,-3.3619905890400488,-0.32444533327281116,7.7525548447420665,4.361516605653274,2.6756093156940084,-2.156382200721571,4.6105250221470575,4.889329194063383,5.7274454504809515,-3.4290471377541234,-7.388580609870083,2.392159663566203,1.7380029513504842,-8.358803316638827,-1.4443869569942325,4.173813855726313,-0.15843003370513653,5.469737078497473,5.861434850841229,1.5909865955411175,-2.8950610377977224,-3.25537116577334,-1.5642144303360532,-1.691055829074501,-7.275525246350617,8.114823811830368,2.4076130835349163,2.1404965490241405,0.0034083967730676066,13.584825094578756,-0.7969314394588406,-3.0105840165397226,-0.6691533604922485,0.895339502556045,-0.08850743015096081,-1.1145442062899698,2.1971742629230233,-4.750208270649361,-2.3922792634665337
0.5383202219353628,-0.33448320683781735,0.1356855312054486,0.15642258257489167,-0.5838267334930668,0.4530019445956198,-0.3264243923453358,-0.5173881549203446,-0.4572067418474872,-0.921187186450714,-0.34663927856260657,-0.41855857904902505,-0.6595662577551289,-0.7300630420008427,-0.22472083487239583,-0.21985436963942864,0.3363781531659671,-0.6987563709379448,0.7964156226037683,-0.47823616367997396,0.5026113425537593,0.17327739240408188,-0.5063623810856582,-0.36351532474735,-0.18801227410673085,0.21502508714884108,0.14195092124005765,-0.14822068305512368,0.5483869341884097,0.006496321094896035,-0.14801361741540248,0.27795026113028537,-0.22274745396676163,0.4633993182685827,-0.7969314394588406,0.3661069503821352,-0.10521591966709735,-0.19043323199823503,-0.6972993628133538,-0.6084693658960166,0.508168913135067,0.575117312597108,0.13926155198764845,0.2652066162762305
1.2405849257043338,0.7739521664660881,0.003915857693287943,0.7164576565866811,-1.3940307999751904,0.5993443239300041,0.48763138797157146,-1.6775772348763225,-0.7413720685207754,0.1818243794414918,0.9994901545381497,-0.8471922728784329,-0.7855891512414508,-0.8001735188495984,1.2801262653150196,2.3690180375281815,-1.029509649749325,0.27416462421720533,1.5054951509081098,0.8510139696147858,-1.7002981477573593,-0.07595141032953638,-0.9994076962130349,-1.2255278618878196,-0.23554943026413105,0.6411837849422771,0.7911745561789514,0.611539207676264,-0.1085558600790381,2.041146902371458,-2.1320970474402885,-1.013056946695035,-0.40358884415595786,-0.44742386093902076,-3.0105840165397226,-0.10521591966709735,0.9907419893142928,0.4002596716480562,0.46095983329855356,0.6609785492848154,-0.16664981198238277,-1.3320094482382483,1.183135197607775,0.4051928102541852
0.188693932216318,0.47219038022675586,-0.05106369298310754,0.24184607740934094,-0.13328262548887795,-0.004463348613994456,0.3960495114130622,-0.3236917890377947,0.02714060595154371,0.6049335367272418,0.5963211575210142,-0.047781199561514165,0.05298066135464963,0.19849076723708078,0.6483955840152349,1.0587913243656397,-0.5477878714866397,0.5487303075676727,0.042888811619509644,0.6051147918990517,-0.9366274178468541,-0.09148962766615902,-0.06582813816568592,-0.21298776581508502,0.01107551496525179,0.15682834613069058,0.22031287305736486,0.3262238903998258,-0.3697939624350112,0.73537089796045,-0.7089068731612694,-0.5550373761029929,-0.027878059172130477,-0.4365292310119905,-0.6691533604922485,-0.19043323199823503,0.4002596716480562,0.2752011140690942,0.576151115499664,0.6193928544648634,-0.33604729749339923,-0.8999076382473029,0.35274220480962465,-0.0014201107791099775
-0.7369830597290377,0.9380091485766492,-0.2289129825173021,0.03365245259112509,1.023996366854151,-0.739005178937996,0.9544864015275751,0.6820333312923293,0.9066281783965878,2.1279877318209155,1.132868946835269,0.7569588392034529,1.1552934767032315,1.596103999991032,0.9920688859064353,1.2953100028219895,-0.9811161119374199,1.7508170601425612,-1.4969582662798364,1.3313482144609294,-1.6472564135462473,-0.30464576884463906,0.8787344132970778,0.5537512580765105,0.3371559867089461,-0.18884813561785513,-0.07283138083503551,0.5390634057444661,-1.28536799029406,0.5255012943564837,-0.28893283660272806,-0.9712183955576901,0.36472928181598663,-1.173901693314563,0.895339502556045,-0.6972993628133538,0.46095983329855356,0.576151115499664,1.7005877506845424,1.6084406690823998,-1.131595852084298,-1.8693784721788753,0.007993011994800167,-0.4720783100170091
-0.27679122402082884,1.0368867731395721,-0.19831118455026314,0.2595807575926444,0.525942220764217,-0.48214854135278307,0.9839562432164976,0.12902422544616604,0.6045529790522388,1.9184177559868971,1.2837336097749323,0.4262924616735219,0.7774294348679474,1.1978655288500346,1.2430290406511804,1.8199059144269976,-1.121202822838582,1.6203681356466826,-0.9068875582619123,1.4217494461378348,-1.933409233193623,-0.2734325189740419,0.4761162320331618,0.1476206024550821,0.21730986291482185,0.02986929971848405,0.16056583463892646,0.6445691806461383,-1.157116110024502,1.0298880191369237,-0.8677702895204289,-1.1358238934364424,0.20598279398889077,-1.1615805576785139,-0.08850743015096081,-0.6084693658960166,0.6609785492848154,0.6193928544648634,1.6084406690823998,1.6025466140775506,-1.0265915301925554,-2.0272528236278515,0.33688533362263323,-0.2888531455701223
0.7518738108767408,-0.5544462795559428,0.1871791004220537,0.13549327138341138,-0.928920446096387,0.6677334099538376,-0.5723494117309197,-0.7570199860893143,-0.746370753294281,-1.4840520116450464,-0.6267681620843982,-0.6562654087800773,-0.9792126551870204,-1.2189271125684011,-0.4622519470294604,-0.5129355875095408,0.5358481213920285,-1.1715342690137,1.275156408561146,-0.8249141734517296,0.8968008590400303,0.2339042123274827,-0.7708223585804439,-0.5621334475153505,-0.2714775999995506,0.26439554294266465,0.18439218114157774,-0.27433313420054056,0.8868296803601169,-0.054861028594823634,-0.13167061934762853,0.505815316469725,-0.33324135976822117,0.7720037964967456,-1.1145442062899698,0.508168913135067,-0.16664981198238277,-0.33604729749339923,-1.131595852084298,-1.0265915301925554,0.7956818045459709,1.0558105533252091,0.17704640788271184,0.398478308885065
-0.6941556450227007,-1.505984074888954,0.11900423881126639,-0.8722772528318371,0.4268779825484086,-0.08737987263062866,-1.3633214076605367,1.0686376327200457,-0.10467528537893973,-1.9561827792386024,-1.982140265337687,0.1475551214383018,-0.10182515907657393,-0.7081662286862618,-2.1938555511240816,-3.4911134708733584,1.787775256392616,-1.8185171498403427,-0.10439558734243913,-1.924065542364338,3.059873001099236,0.2368953280050211,0.20582816686995692,0.6461116190854593,-0.05539825865585579,-0.5530622212121618,-0.7342204875370039,-1.0748723163572687,1.2056223441732417,-2.398368152134665,2.3265868882485634,1.8562725298058336,0.11299879437731342,1.4082620275584898,2.1971742629230233,0.575117312597108,-1.3320094482382483,-0.8999076382473029,-1.8693784721788753,-2.0272528236278515,1.0558105533252091,3.0468401407548993,-1.1387539863888838,-0.004231375791225339
2.0797381080624433,0.7687645524416297,0.07988159114194175,1.018955275622233,-2.403385217720782,1.0690685372598687,0.28671345941091203,-2.685185302952714,-1.4208753789742072,-0.5676441663771437,0.9914654190051037,-1.5307890215003634,-1.538088087741213,-1.7893145722003432,1.418607798266789,2.918830452381261,-1.0682132516193275,-0.30358917220568177,2.758158568484533,0.7793700555476821,-1.8233595701402978,-0.013265614958066923,-1.8116087110835601,-2.0329938764351976,-0.5114753818853591,1.007938699722935,1.1666853591527127,0.6711892641766068,0.372947948966027,2.7427820477282374,-2.9939798780426856,-1.0541564244986732,-0.7038339842916977,-0.22565935022985878,-4.750208270649361,0.13926155198764845,1.183135197607775,0.35274220480962465,0.007993011994800167,0.33688533362263323,0.17704640788271184,-1.1387539863888838,1.7318317713019529,0.7701045742906881
1.1420998114515575,0.08469915208238739,0.09230470025558432,0.45744408967452327,-1.3528117973613538,0.6852436750105406,-0.12289320135931257,-1.3897656340864435,-0.876906382138746,-0.8290622852607411,0.1386131441391795,-0.897524758804695,-1.0219466659843393,-1.2344198862036784,0.3790122847953831,0.9644905968160744,-0.1967593605538185,-0.6155459467592416,1.6470687788161622,-0.009736559512715369,-0.37921885151296525,0.08512471099683619,-1.067796545895055,-1.056969735762512,-0.3251832331516403,0.5053645646360221,0.5430380911776888,0.14912574526285333,0.5134245025362336,1.0911623011116725,-1.276639309420933,-0.21130900070623596,-0.41834434642731266,0.21526209583664857,-2.3922792634665337,0.2652066162762305,0.4051928102541852,-0.0014201107791099775,-0.4720783100170091,-0.2888531455701223,0.398478308885065,-0.004231375791225339,0.7701045742906881,0.4906137365272877
