V1,V2,V3,V4,V5,V6,V7,V8,V9,V10,V11,V12,V13,V14,V15,V16,V17,V18,V19,V20,V21,V22,V23,V24,V25,V26,V27,V28,V29,V30,V31,V32,V33,V34,V35,V36,V37,V38,V39,V40,V41,V42,V43
52.424382132066924,7.35317348919403,8.873292973873237,-52.19236494529405,-78.02583360849347,50.45322552353157,31.201489558200436,-43.32210111175419,-23.419479558112645,55.150316787525036,-20.37407841684541,-6.92328289736972,-14.368996118299608,40.60324419184136,-98.78193353894628,-13.177440987406372,19.19690856245284,-29.15888757645803,-31.797560175679095,-27.525415583178575,-8.834346369456046,-22.03335088669773,46.77862478636194,-91.24929451052664,39.02682779714843,-46.00792163551788,33.041360001263996,11.357163965657932,11.88402397394751,-60.801056529059075,-21.924911880216104,11.896031426665266,1.6010438332313486,-56.91445360661219,19.79031888963881,-21.195873002510048,10.120359749855295,-55.88119516562713,6.3954920096755625,-13.826538366167583,-7.295824907621505,62.83151605954335,10.387494235263851
7.35317348919403,1.2614779126790994,1.3776983061861798,-7.446183828912002,-10.720985015135149,6.544645100063269,4.221957274834408,-6.0737592091270685,-3.373895272752214,7.389151157007276,-3.3279060503556037,-0.875386568614562,-1.752914961014585,5.1551425857282975,-14.48428491469849,-2.1159507327768203,2.7467622560357396,-3.376525785605488,-3.9117746954178485,-3.864534514382961,-0.8766753482507258,-3.4593276293694664,6.324334307592079,-12.142217473235805,5.405758610892635,-6.747930729943881,4.694466091119695,1.8079091404540364,1.3530522642524858,-8.733137624177676,-3.2377621443328746,1.8471549179500462,0.03455341590071523,-7.934344725912762,2.5137646849409956,-4.2119710667177,1.5985130723318084,-7.795826626224964,0.8608370074119156,-2.081062377368565,-1.0133771349862775,8.85512797945348,1.2916677380896382
8.873292973873237,1.3776983061861798,1.58078866463429,-8.907641386518693,-13.076664913912301,8.230351954036857,5.190174041754199,-7.329860795548346,-4.014824156191622,9.131882331102016,-3.72260092212028,-1.1170064679991232,-2.27949716330074,6.559837141811516,-17.08546921158777,-2.385085416637637,3.280679396433504,-4.519701960608803,-5.064608196984111,-4.660929622343274,-1.2865506467738772,-3.942412868291667,7.780030245072985,-15.06387475816247,6.5655677781107045,-7.9594353369462505,5.626804125690437,2.0463048756144824,1.8299904774162117,-10.409440257854197,-3.804857115217843,2.1162580623583436,0.16066585130171482,-9.603735784540355,3.19706098200261,-4.30682910819226,1.8177293680182471,-9.435174649892312,1.0610324650030105,-2.4230405267968327,-1.2299018452225499,10.658350292544801,1.6623943103257837
-52.19236494529405,-7.446183828912002,-8.907641386518693,52.03127973286132,77.55920404426752,-49.93848379488279,-30.977641057349135,43.128878420757694,23.364493850860995,-54.71558512437625,20.5423155128054,6.840412436287318,14.161320526621147,-40.12868006364885,98.69210280948592,13.266263444877206,-19.141612895609192,28.638231062072663,31.357386000145446,27.406017205477077,8.59780341118932,22.137156686861008,-46.44236423166361,90.48733846154299,-38.81651330272987,45.96732739696063,-32.92847009003336,-11.424778365091692,-11.660162411901446,60.64502062984183,21.91727488968875,-11.94110488009167,-1.4891760167850507,56.635618479853356,-19.55892171154901,21.78218093023423,-10.17448138227204,55.61118439253436,-6.346359281455665,13.84372343187782,7.258686859169053,-62.57704104170988,-10.25124797849867
-78.02583360849347,-10.720985015135149,-13.076664913912301,77.55920404426752,116.34767520280813,-75.60846809728486,-46.58844915949706,64.48234656675012,34.77088791918638,-82.41956753727881,29.86766389958754,10.396398720224544,21.64055331963242,-60.95557039204275,146.41503689460936,19.354524407246117,-28.519026797437554,44.09106451218732,47.85752335329977,40.9644833411364,13.499636311300765,32.43584239741015,-69.85347036313746,136.44909829592163,-58.15206567472776,68.1908882083291,-49.12006665295454,-16.695959854812134,-17.991962388098425,90.29607154819611,32.47538419416242,-17.5331839680314,-2.5663600764299512,84.75691461367663,-29.70936973939814,30.34719210525565,-14.889109764082715,83.21077156177833,-9.553091084769065,20.441730834797443,10.868229499543773,-93.47582550149141,-15.620634597433536
50.45322552353157,6.544645100063269,8.230351954036857,-49.93848379488279,-75.60846809728486,49.78827470303549,30.38694728882057,-41.70016177753507,-22.333110627325265,53.87968643892454,-18.51857806513142,-6.8840182352187345,-14.436697233458622,40.32563510743831,-93.61016431053373,-12.062457398124812,18.349564136868405,-29.715143305152036,-31.870365810311032,-26.48160491573746,-9.340042763986325,-20.351762403216092,45.56797638054038,-89.33764892802326,37.717693035030365,-43.59459515914797,31.660002010232212,10.432855557314046,12.16320202075883,-58.04040719227787,-20.72457043461318,11.035846163287749,1.9811376084285393,-54.887712736191034,19.65324972913599,-17.52986927944562,9.324475067959646,-53.876637229281016,6.239335965778608,-12.97806877544483,-7.0437412181779075,60.37167939033412,10.379253430151566
31.201489558200436,4.221957274834408,5.190174041754199,-30.977641057349135,-46.58844915949706,30.38694728882057,18.67585814231837,-25.78637295701048,-13.878994452751213,33.05876911928516,-11.808036773275683,-4.184606510358162,-8.729196527805838,24.528616179908195,-58.36565533201421,-7.6622980075659735,11.389080009234899,-17.836611293170314,-19.293359957751534,-16.379561693355914,-5.500525814923905,-12.866198859522482,28.000541129831866,-54.74997049669486,23.274008783848632,-27.182091330245054,19.62466068216439,6.614843709960108,7.28361950494972,-36.04853081770719,-12.939399372526584,6.960233631597541,1.0815079546424304,-33.90735840030584,11.955579374012952,-11.77912019085902,5.901676241142941,-33.28651258341499,3.831849471606924,-8.132786311499904,-4.348156574108142,37.36710779754729,6.29343043293246
-43.32210111175419,-6.0737592091270685,-7.329860795548346,43.128878420757694,64.48234656675012,-41.70016177753507,-25.78637295701048,35.80158116296429,19.35302982287668,-45.58007190206473,16.830361236585745,5.721680251312594,11.877328706747907,-33.55984707904452,81.62485965935726,10.887450955387749,-15.86305829316385,24.105754746398873,26.283058685633293,22.74674526714478,7.303974419232465,18.203767747302425,-38.660080212774524,75.41489275147181,-32.251883801512,38.016377551467386,-27.304834286429994,-9.383590981330945,-9.8242660520075,50.24326325928508,18.11702904881242,-9.829381300688548,-1.324792641996251,47.03443092401597,-16.35775965201353,17.501898682740958,-8.360807463562749,46.178186932496686,-5.285157519827195,11.424280544181986,6.028826024489273,-51.923127196846444,-8.585997407549794
-23.419479558112645,-3.373895272752214,-4.014824156191622,23.364493850860995,34.77088791918638,-22.333110627325265,-13.878994452751213,19.35302982287668,10.497477710782947,-24.50386417908378,9.283562632895002,3.055257011296537,6.317329494396812,-17.92960907124032,44.37404536875918,5.991352060577324,-8.596753320997845,12.750401259738624,13.9923762981821,12.29837870959328,3.8055870464477466,9.986042756408228,-20.806175443847682,40.51015897855008,-17.408293387368463,20.667525452822925,-14.78473975714133,-5.157510621921399,-5.1872864660701294,27.24198852837375,9.85793315025848,-5.3841645135690435,-0.6410445348610593,25.407539831536855,-8.739721805291005,9.949860880095502,-4.590428849082684,24.946980612348575,-2.8427873336752403,6.231781192211959,3.2552957399800166,-28.085876669463403,-4.5765529692082545
55.150316787525036,7.389151157007276,9.131882331102016,-54.71558512437625,-82.41956753727881,53.87968643892454,33.05876911928516,-45.58007190206473,-24.50386417908378,58.54274177432932,-20.72259878527703,-7.42676897609191,-15.512485330848012,43.527770079388304,-102.9676467560346,-13.459366861997372,20.113443433321915,-31.753304297774207,-34.27666501160174,-28.951044657707797,-9.838208608516402,-22.624064197036247,49.56830851267276,-96.98353244461252,41.15970481888818,-47.95366158452752,34.66928937460276,11.624211022606618,12.974327842867062,-63.653647545881306,-22.82010394531941,12.246165392954396,1.9712485409362768,-59.94874945498002,21.215334953531105,-20.428356186873522,10.37527841527451,-58.849050792950926,6.783589827839031,-14.330812613389428,-7.689114496294793,66.03568919915368,11.17668635289131
-20.37407841684541,-3.3279060503556037,-3.72260092212028,20.5423155128054,29.86766389958754,-18.51857806513142,-11.808036773275683,16.830361236585745,9.283562632895002,-20.72259878527703,8.882207672978364,2.495293300785992,5.046533305962245,-14.675992392629965,39.681229732549326,5.6693455539722395,-7.57145450296439,9.870030481471055,11.236671193108714,10.705436795683672,2.69332085336401,9.316740094000851,-17.69543166086861,34.12035194361126,-15.027137747214129,18.486080897061225,-12.964269819435149,-4.85356247647475,-3.9771658542551656,24.04964583102598,8.853580068815312,-4.9883257942757355,-0.23246101951892406,22.018679122032037,-7.1543073420004895,10.775466428621987,-4.301008926463283,21.632414639307537,-2.410238098878904,5.664709479797547,2.8161339099310583,-24.504950459699703,-3.699011900447313
-6.92328289736972,-0.875386568614562,-1.1170064679991232,6.840412436287318,10.396398720224544,-6.8840182352187345,-4.184606510358162,5.721680251312594,3.055257011296537,-7.42676897609191,2.495293300785992,0.9544952985323835,2.006801564640545,-5.586730950897656,12.78265505803103,1.6282423794258716,-2.5127282404435247,4.1470405188882005,4.427400280926063,3.63316081378222,1.3178652776601145,2.7561642431224698,-6.275865727926955,12.32314240398894,-5.182152226266308,5.9530947129122795,-4.337911282803036,-1.4099625261490727,-1.7000250419871976,7.943506252506943,2.8274347792946246,-1.4962119724577296,-0.290843759796271,7.535746003005096,-2.7223180107840554,2.2830764065467117,-1.2620982283472886,7.397782295832303,-0.8598608939036414,1.7669007194294655,0.9677710486345593,-8.279440236717196,-1.4404703551808953
-14.368996118299608,-1.752914961014585,-2.27949716330074,14.161320526621147,21.64055331963242,-14.436697233458622,-8.729196527805838,11.877328706747907,6.317329494396812,-15.512485330848012,5.046533305962245,2.006801564640545,4.238533586633613,-11.745279976212892,26.3547686571539,3.3056922330464773,-5.199774165436572,8.807864623304232,9.341282235634509,7.539898329718385,2.834867663645259,5.618135819837071,-13.091909662422031,25.759879283339934,-10.774978314026631,12.272561080683493,-8.987395806308681,-2.867231229874499,-3.615490062452891,16.43031277751221,5.823582504738997,-3.056608067327411,-0.6563982408435458,15.655401969208556,-5.723915126963408,4.3929943512834235,-2.568754596141762,15.364267083836094,-1.794854527977582,3.6273224950130007,2.0106538327945738,-17.17307313970584,-3.0357570803677434
40.60324419184136,5.1551425857282975,6.559837141811516,-40.12868006364885,-60.95557039204275,40.32563510743831,24.528616179908195,-33.55984707904452,-17.92960907124032,43.527770079388304,-14.675992392629965,-5.586730950897656,-11.745279976212892,32.715027142676206,-75.03080412262375,-9.577684441627673,14.741008316250573,-24.25878181469859,-25.914407979680483,-21.309834459595695,-7.693023418364565,-16.19925103407001,36.786652986720405,-72.21483778111191,30.38696741227339,-34.94144837824682,25.449856629778452,8.291653210373163,9.940961406784352,-46.6096957601649,-16.5996224778853,8.79437972471677,1.6862477905821964,-44.195017811660456,15.943086803050015,-13.507553088061227,7.417868342201343,-43.37941244216236,5.038458350194814,-10.37599877039656,-5.673895974671931,48.564578133409874,8.433177921059672
-98.78193353894628,-14.48428491469849,-17.08546921158777,98.69210280948592,146.41503689460936,-93.61016431053373,-58.36565533201421,81.62485965935726,44.37404536875918,-102.9676467560346,39.681229732549326,12.78265505803103,26.3547686571539,-75.03080412262375,187.86795459601313,25.56681804712757,-36.32035473642275,52.986542943838955,58.41508707351101,51.877849666139795,15.655335931107222,42.52582961392536,-87.49716814872505,170.14530721885032,-73.35010623689743,87.50504196120046,-62.42674247705335,-21.990739103017127,-21.534575000124757,115.13189938345657,41.7600518502466,-22.905948890260735,-2.4928458571721563,107.1102861860069,-36.57208978725273,43.34103074935838,-19.562832708489292,105.18036431714232,-11.948142739456609,26.44413907913693,13.721687825954756,-118.5104060137718,-19.121026019263017
-13.177440987406372,-2.1159507327768203,-2.385085416637637,13.266263444877206,19.354524407246117,-12.062457398124812,-7.6622980075659735,10.887450955387749,5.991352060577324,-13.459366861997372,5.6693455539722395,1.6282423794258716,3.3056922330464773,-9.577684441627673,25.56681804712757,3.62573522224362,-4.888369243516654,6.498405169048354,7.354356253223846,6.924077278812918,1.7984067090574662,5.967870287058247,-11.483345792027043,22.17361274904517,-9.730482297241673,11.90953853970938,-8.37672187582083,-3.106149286610001,-2.6218674229484766,15.523719318718651,5.701397242013953,-3.199088132360413,-0.17985528145589927,14.250448095251029,-4.669384772032145,6.7738238115861815,-2.753042662195209,13.996782400336858,-1.5643168092876958,3.6413239445296424,1.8225516278141964,-15.844078487715054,-2.4187880581939925
19.19690856245284,2.7467622560357396,3.280679396433504,-19.141612895609192,-28.519026797437554,18.349564136868405,11.389080009234899,-15.86305829316385,-8.596753320997845,20.113443433321915,-7.57145450296439,-2.5127282404435247,-5.199774165436572,14.741008316250573,-36.32035473642275,-4.888369243516654,7.042527262414804,-10.509348983089408,-11.514544178687368,-10.080209957240365,-3.149540001814501,-8.155236181709881,17.07370888554271,-33.25912473116496,14.274858933475585,-16.916594683116507,12.113314655712875,4.20944406908181,4.277665799822779,-22.312514472554497,-8.066685535803025,4.398089335121051,0.5414736774817577,-20.829543358103972,7.185030755096289,-8.05357656111418,3.7481754741104063,-20.45298034106235,2.3334737578264346,-5.096358937261871,-2.6693522860507026,23.01773410136089,3.7648193693947016
-29.15888757645803,-3.376525785605488,-4.519701960608803,28.638231062072663,44.09106451218732,-29.715143305152036,-17.836611293170314,24.105754746398873,12.750401259738624,-31.753304297774207,9.870030481471055,4.1470405188882005,8.807864623304232,-24.25878181469859,52.986542943838955,6.498405169048354,-10.509348983089408,18.43640587161732,19.386835392350385,15.29795139455465,6.036559151940543,11.11156681039513,-26.753914518398698,52.790877198846424,-21.919699850646072,24.671781787693508,-18.191419168172775,-5.650084294806688,-7.583136493238447,33.181311871748974,11.690357393479282,-6.062983723416341,-1.4813879678730297,31.808780040845292,-11.822069464614403,7.940185647761981,-5.071283820852967,31.210709073189214,-3.6710386345503956,7.2489925580679575,4.087451155715084,-34.816916725629035,-6.290397143735907
-31.797560175679095,-3.9117746954178485,-5.064608196984111,31.357386000145446,47.85752335329977,-31.870365810311032,-19.293359957751534,26.283058685633293,13.9923762981821,-34.27666501160174,11.236671193108714,4.427400280926063,9.341282235634509,-25.914407979680483,58.41508707351101,7.354356253223846,-11.514544178687368,19.386835392350385,20.593328688565514,16.68610609891585,6.222350442467477,12.484938041301703,-28.937703308960376,56.911397211813046,-23.83403748513855,27.20270490065926,-19.89748406090937,-6.376071483084168,-7.956208052092185,36.38935699483493,12.910959616572045,-6.789612696986838,-1.4244054651807512,34.63664980796573,-12.628364628066562,9.901954379680975,-5.711353497157612,33.99454596252328,-3.9655697454482057,8.048344418561998,4.448720169403475,-38.00916860142476,-6.694293741516369
-27.525415583178575,-3.864534514382961,-4.660929622343274,27.406017205477077,40.9644833411364,-26.48160491573746,-16.379561693355914,22.74674526714478,12.29837870959328,-28.951044657707797,10.705436795683672,3.63316081378222,7.539898329718385,-21.309834459595695,51.877849666139795,6.924077278812918,-10.080209957240365,15.29795139455465,16.68610609891585,14.452700548622293,4.632242593581818,11.574840875737006,-24.557572481360655,47.900160488205714,-20.490021165584157,24.16200831337238,-17.350062161899565,-5.967179158463443,-6.234471835193598,31.92786593916871,11.514858244615638,-6.249430575121741,-0.8368839919172144,29.882667192897205,-10.386607683546671,11.150963486834371,-5.316941959072048,29.339501466547453,-3.356929285573371,7.262322717468481,3.830571638638743,-32.99105501141918,-5.451315839333679
-8.834346369456046,-0.8766753482507258,-1.2865506467738772,8.59780341118932,13.499636311300765,-9.340042763986325,-5.500525814923905,7.303974419232465,3.8055870464477466,-9.838208608516402,2.69332085336401,1.3178652776601145,2.834867663645259,-7.693023418364565,15.655335931107222,1.7984067090574662,-3.149540001814501,6.036559151940543,6.222350442467477,4.632242593581818,2.0606476823060653,3.1313747740119116,-8.255808616989517,16.4111214465658,-6.683821595147026,7.2892411185503985,-5.472746709034392,-1.5747074752230836,-2.497371864480663,9.922405476771566,3.4384935204612446,-1.7227529733534188,-0.5693864308490851,9.666587825806447,-3.7474735637065315,1.6197354931258878,-1.4237052357491105,9.483783533305662,-1.134559526611506,2.1069553900903215,1.245419172779243,-10.520944420956775,-2.010742581598294
-22.03335088669773,-3.4593276293694664,-3.942412868291667,22.137156686861008,32.43584239741015,-20.351762403216092,-12.866198859522482,18.203767747302425,9.986042756408228,-22.624064197036247,9.316740094000851,2.7561642431224698,5.618135819837071,-16.19925103407001,42.52582961392536,5.967870287058247,-8.155236181709881,11.11156681039513,12.484938041301703,11.574840875737006,3.1313747740119116,9.852101056383622,-19.280820383316893,37.29830573519834,-16.29322014170318,19.809076014021183,-13.983541905579218,-5.11825535166054,-4.4912907937989415,25.883082502142262,9.475473166564033,-5.286373666409166,-0.36797169352702186,23.842958037009687,-7.897498714424922,10.89557277239726,-4.540540110804427,23.418443346226432,-2.629927584583944,6.038329823998613,3.0503620842360357,-26.475423400119027,-4.100785808371712
46.77862478636194,6.324334307592079,7.780030245072985,-46.44236423166361,-69.85347036313746,45.56797638054038,28.000541129831866,-38.660080212774524,-20.806175443847682,49.56830851267276,-17.69543166086861,-6.275865727926955,-13.091909662422031,36.786652986720405,-87.49716814872505,-11.483345792027043,17.07370888554271,-26.753914518398698,-28.937703308960376,-24.557572481360655,-8.255808616989517,-19.280820383316893,41.98528483308203,-82.09923765996936,34.89439863326209,-40.74978056789619,29.421834463670386,9.913223425123135,10.927341708514819,-54.042796468336896,-19.396825011012666,10.431484158286112,1.6239587437874634,-50.83591443680468,17.92916069469664,-17.637901801619165,8.846028649167103,-49.906130492445364,5.743806121712216,-12.191653021228547,-6.520208066291338,56.022243601549455,9.439138018787324
-91.24929451052664,-12.142217473235805,-15.06387475816247,90.48733846154299,136.44909829592163,-89.33764892802326,-54.74997049669486,75.41489275147181,40.51015897855008,-96.98353244461252,34.12035194361126,12.32314240398894,25.759879283339934,-72.21483778111191,170.14530721885032,22.17361274904517,-33.25912473116496,52.790877198846424,56.911397211813046,47.900160488205714,16.4111214465658,37.29830573519834,-82.09923765996936,160.70307356564047,-68.12474622709561,79.2399540134764,-57.340940670614515,-19.155403891698473,-21.581062784827544,105.24573364038396,37.699303031051215,-20.197112855031406,-3.328657505953514,99.20439436923314,-35.195215132147794,33.357608374788256,-17.104178924210352,97.38553521049245,-11.234690657892385,23.66200166478741,12.727117646241327,-109.24466424334405,-18.55219781595543
39.02682779714843,5.405758610892635,6.5655677781107045,-38.81651330272987,-58.15206567472776,37.717693035030365,23.274008783848632,-32.251883801512,-17.408293387368463,41.15970481888818,-15.027137747214129,-5.182152226266308,-10.774978314026631,30.38696741227339,-73.35010623689743,-9.730482297241673,14.274858933475585,-21.919699850646072,-23.83403748513855,-20.490021165584157,-6.683821595147026,-16.29322014170318,34.89439863326209,-68.12474622709561,29.07367415486778,-34.16211356774226,24.57969389598034,8.391067312571849,8.939994755782562,-45.202009097644236,-16.273598866309623,8.80307367856558,1.248347566268794,-42.38438684812391,14.810817769181295,-15.41075943478672,7.480517527871595,-41.61243271056416,4.772008715254253,-10.25073392237643,-5.434027705533615,46.762033702760945,7.781991079673663
-46.00792163551788,-6.747930729943881,-7.9594353369462505,45.96732739696063,68.1908882083291,-43.59459515914797,-27.182091330245054,38.016377551467386,20.667525452822925,-47.95366158452752,18.486080897061225,5.9530947129122795,12.272561080683493,-34.94144837824682,87.50504196120046,11.90953853970938,-16.916594683116507,24.671781787693508,27.20270490065926,24.16200831337238,7.2892411185503985,19.809076014021183,-40.74978056789619,79.2399540134764,-34.16211356774226,40.75871362178558,-29.07543491210464,-10.243577931236068,-10.027543097821681,53.624239763382164,19.45101040228872,-10.66961869802675,-1.1596577010554059,49.88571628416996,-17.031103407172566,20.196244806091038,-9.113174064559301,48.98806765921886,-5.564416662375992,12.317819494159119,6.391051764070019,-55.19630074432751,-8.904211332168508
33.041360001263996,4.694466091119695,5.626804125690437,-32.92847009003336,-49.12006665295454,31.660002010232212,19.62466068216439,-27.304834286429994,-14.78473975714133,34.66928937460276,-12.964269819435149,-4.337911282803036,-8.987395806308681,25.449856629778452,-62.42674247705335,-8.37672187582083,12.113314655712875,-18.191419168172775,-19.89748406090937,-17.350062161899565,-5.472746709034392,-13.983541905579218,29.421834463670386,-57.340940670614515,24.57969389598034,-29.07543491210464,20.841900390021664,7.215237410360903,7.408029824970337,-38.37608388391263,-13.861887129328464,7.545274172236023,0.9583910519533377,-35.859642572881576,12.404814254104116,-13.685465753274006,6.425737070739951,-35.20858486277223,4.020718406874698,-8.752004724047788,-4.595767631020593,39.61295676412705,6.503870471923375
11.357163965657932,1.8079091404540364,2.0463048756144824,-11.424778365091692,-16.695959854812134,10.432855557314046,6.614843709960108,-9.383590981330945,-5.157510621921399,11.624211022606618,-4.85356247647475,-1.4099625261490727,-2.867231229874499,8.291653210373163,-21.990739103017127,-3.106149286610001,4.20944406908181,-5.650084294806688,-6.376071483084168,-5.967179158463443,-1.5747074752230836,-5.11825535166054,9.913223425123135,-19.155403891698473,8.391067312571849,-10.243577931236068,7.215237410360903,2.6621572377945997,2.2811655998384848,-13.364869848554957,-4.90241509828662,2.744800047914887,0.16836406476320745,-12.285241631994925,4.042450332160662,-5.752138085746529,2.3601833464065662,-12.066227355868445,1.3510501856778503,-3.1283109168770786,-1.571329448082185,13.652322669644468,2.0959804479455926
11.88402397394751,1.3530522642524858,1.8299904774162117,-11.660162411901446,-17.991962388098425,12.16320202075883,7.28361950494972,-9.8242660520075,-5.1872864660701294,12.974327842867062,-3.9771658542551656,-1.7000250419871976,-3.615490062452891,9.940961406784352,-21.534575000124757,-2.6218674229484766,4.277665799822779,-7.583136493238447,-7.956208052092185,-6.234471835193598,-2.497371864480663,-4.4912907937989415,10.927341708514819,-21.581062784827544,8.939994755782562,-10.027543097821681,7.408029824970337,2.2811655998384848,3.1223325893840816,-13.503131845141477,-4.748469647748405,2.452993477941626,0.6223065261195292,-12.968013648405028,4.843778885157646,-3.1142193130065663,2.049869082512024,-12.725131788783768,1.499076189660669,-2.9410538926747503,-1.6674015125174453,14.185514673812328,2.5801590778487005
-60.801056529059075,-8.733137624177676,-10.409440257854197,60.64502062984183,90.29607154819611,-58.04040719227787,-36.04853081770719,50.24326325928508,27.24198852837375,-63.653647545881306,24.04964583102598,7.943506252506943,16.43031277751221,-46.6096957601649,115.13189938345657,15.523719318718651,-22.312514472554497,33.181311871748974,36.38935699483493,31.92786593916871,9.922405476771566,25.883082502142262,-54.042796468336896,105.24573364038396,-45.202009097644236,53.624239763382164,-38.37608388391263,-13.364869848554957,-13.503131845141477,70.70133955343086,25.57446358647521,-13.957258025202275,-1.6859559614792687,65.96628124459265,-22.718771038068365,25.69153031638212,-11.897878698178763,64.77195905050878,-7.383860120780396,16.163194665278404,8.452909624387868,-72.91052592564085,-11.900021080256243
-21.924911880216104,-3.2377621443328746,-3.804857115217843,21.91727488968875,32.47538419416242,-20.72457043461318,-12.939399372526584,18.11702904881242,9.85793315025848,-22.82010394531941,8.853580068815312,2.8274347792946246,5.823582504738997,-16.5996224778853,41.7600518502466,5.701397242013953,-8.066685535803025,11.690357393479282,12.910959616572045,11.514858244615638,3.4384935204612446,9.475473166564033,-19.396825011012666,37.699303031051215,-16.273598866309623,19.45101040228872,-13.861887129328464,-4.90241509828662,-4.748469647748405,25.57446358647521,9.285121944274644,-5.102022987101702,-0.5344779731082715,23.768965774631926,-8.091479100631428,9.742353436427125,-4.359489759091123,23.340350194528554,-2.648322529905954,5.883293688508795,3.0443383976161105,-26.30827165526368,-4.227516813859538
11.896031426665266,1.8471549179500462,2.1162580623583436,-11.94110488009167,-17.5331839680314,11.035846163287749,6.960233631597541,-9.829381300688548,-5.3841645135690435,12.246165392954396,-4.9883257942757355,-1.4962119724577296,-3.056608067327411,8.79437972471677,-22.905948890260735,-3.199088132360413,4.398089335121051,-6.062983723416341,-6.789612696986838,-6.249430575121741,-1.7227529733534188,-5.286373666409166,10.431484158286112,-20.197112855031406,8.80307367856558,-10.66961869802675,7.545274172236023,2.744800047914887,2.452993477941626,-13.957258025202275,-5.102022987101702,2.8388815981716444,0.2150916626997596,-12.878062396269494,4.287481425317492,-5.773387807790357,2.4356448526155523,-12.64714229971471,1.4226885821755109,-3.247867827467656,-1.6477442377193758,14.291394561165836,2.228859664701829
1.6010438332313486,0.03455341590071523,0.16066585130171482,-1.4891760167850507,-2.5663600764299512,1.9811376084285393,1.0815079546424304,-1.324792641996251,-0.6410445348610593,1.9712485409362768,-0.23246101951892406,-0.290843759796271,-0.6563982408435458,1.6862477905821964,-2.4928458571721563,-0.17985528145589927,0.5414736774817577,-1.4813879678730297,-1.4244054651807512,-0.8368839919172144,-0.5693864308490851,-0.36797169352702186,1.6239587437874634,-3.328657505953514,1.248347566268794,-1.1596577010554059,0.9583910519533377,0.16836406476320745,0.6223065261195292,-1.6859559614792687,-0.5344779731082715,0.2150916626997596,0.20713409566465635,-1.77797756041206,0.8213227543343,0.3802372806552446,0.16017966233647066,-1.7414314283291237,0.22619344278229184,-0.30423764587227914,-0.2306389765372629,1.883055268260469,0.45373091967823176
-56.91445360661219,-7.934344725912762,-9.603735784540355,56.635618479853356,84.75691461367663,-54.887712736191034,-33.90735840030584,47.03443092401597,25.407539831536855,-59.94874945498002,22.018679122032037,7.535746003005096,15.655401969208556,-44.195017811660456,107.1102861860069,14.250448095251029,-20.829543358103972,31.808780040845292,34.63664980796573,29.882667192897205,9.666587825806447,23.842958037009687,-50.83591443680468,99.20439436923314,-42.38438684812391,49.88571628416996,-35.859642572881576,-12.285241631994925,-12.968013648405028,65.96628124459265,23.768965774631926,-12.878062396269494,-1.77797756041206,61.800913781364414,-21.54141186583931,22.74958202326925,-10.948823291253813,60.67530952738269,-6.950919598601504,14.980648483058065,7.922341698145952,-68.20515950433321,-11.312274992381097
19.79031888963881,2.5137646849409956,3.19706098200261,-19.55892171154901,-29.70936973939814,19.65324972913599,11.955579374012952,-16.35775965201353,-8.739721805291005,21.215334953531105,-7.1543073420004895,-2.7223180107840554,-5.723915126963408,15.943086803050015,-36.57208978725273,-4.669384772032145,7.185030755096289,-11.822069464614403,-12.628364628066562,-10.386607683546671,-3.7474735637065315,-7.897498714424922,17.92916069469664,-35.195215132147794,14.810817769181295,-17.031103407172566,12.404814254104116,4.042450332160662,4.843778885157646,-22.718771038068365,-8.091479100631428,4.287481425317492,0.8213227543343,-21.54141186583931,7.77009897175255,-6.5879359104949655,3.6156852381792195,-21.142738222599764,2.4560083848376,-5.057542517027155,-2.765045027980148,23.67111539072308,4.109680574763948
-21.195873002510048,-4.2119710667177,-4.30682910819226,21.78218093023423,30.34719210525565,-17.52986927944562,-11.77912019085902,17.501898682740958,9.949860880095502,-20.428356186873522,10.775466428621987,2.2830764065467117,4.3929943512834235,-13.507553088061227,43.34103074935838,6.7738238115861815,-8.05357656111418,7.940185647761981,9.901954379680975,11.150963486834371,1.6197354931258878,10.89557277239726,-17.637901801619165,33.357608374788256,-15.41075943478672,20.196244806091038,-13.685465753274006,-5.752138085746529,-3.1142193130065663,25.69153031638212,9.742353436427125,-5.773387807790357,0.3802372806552446,22.74958202326925,-6.5879359104949655,15.257131120494808,-5.059952962747142,22.367155293570992,-2.387532150163395,6.356970352808518,2.8979614830038933,-25.63334761365028,-3.309575255110499
10.120359749855295,1.5985130723318084,1.8177293680182471,-10.17448138227204,-14.889109764082715,9.324475067959646,5.901676241142941,-8.360807463562749,-4.590428849082684,10.37527841527451,-4.301008926463283,-1.2620982283472886,-2.568754596141762,7.417868342201343,-19.562832708489292,-2.753042662195209,3.7481754741104063,-5.071283820852967,-5.711353497157612,-5.316941959072048,-1.4237052357491105,-4.540540110804427,8.846028649167103,-17.104178924210352,7.480517527871595,-9.113174064559301,6.425737070739951,2.3601833464065662,2.049869082512024,-11.897878698178763,-4.359489759091123,2.4356448526155523,0.16017966233647066,-10.948823291253813,3.6156852381792195,-5.059952962747142,2.0943130219491297,-10.755479748586595,1.2055847200653282,-2.780464250934645,-1.401347391303413,12.162472174048732,1.876587335083225
-55.88119516562713,-7.795826626224964,-9.435174649892312,55.61118439253436,83.21077156177833,-53.876637229281016,-33.28651258341499,46.178186932496686,24.946980612348575,-58.849050792950926,21.632414639307537,7.397782295832303,15.364267083836094,-43.37941244216236,105.18036431714232,13.996782400336858,-20.45298034106235,31.210709073189214,33.99454596252328,29.339501466547453,9.483783533305662,23.418443346226432,-49.906130492445364,97.38553521049245,-41.61243271056416,48.98806765921886,-35.20858486277223,-12.066227355868445,-12.725131788783768,64.77195905050878,23.340350194528554,-12.64714229971471,-1.7414314283291237,60.67530952738269,-21.142738222599764,22.367155293570992,-10.755479748586595,59.574729472526016,-6.82390319154708,14.712512475599324,7.779178884032508,-66.96591436227139,-11.102686189208114
6.3954920096755625,0.8608370074119156,1.0610324650030105,-6.346359281455665,-9.553091084769065,6.239335965778608,3.831849471606924,-5.285157519827195,-2.8427873336752403,6.783589827839031,-2.410238098878904,-0.8598608939036414,-1.794854527977582,5.038458350194814,-11.948142739456609,-1.5643168092876958,2.3334737578264346,-3.6710386345503956,-3.9655697454482057,-3.356929285573371,-1.134559526611506,-2.629927584583944,5.743806121712216,-11.234690657892385,4.772008715254253,-5.564416662375992,4.020718406874698,1.3510501856778503,1.499076189660669,-7.383860120780396,-2.648322529905954,1.4226885821755109,0.22619344278229184,-6.950919598601504,2.4560083848376,-2.387532150163395,1.2055847200653282,-6.82390319154708,0.7869331518974213,-1.6635408693419007,-0.8912656094513319,7.657713095308977,1.2932743324133813
-13.826538366167583,-2.081062377368565,-2.4230405267968327,13.84372343187782,20.441730834797443,-12.97806877544483,-8.132786311499904,11.424280544181986,6.231781192211959,-14.330812613389428,5.664709479797547,1.7669007194294655,3.6273224950130007,-10.37599877039656,26.44413907913693,3.6413239445296424,-5.096358937261871,7.2489925580679575,8.048344418561998,7.262322717468481,2.1069553900903215,6.038329823998613,-12.191653021228547,23.66200166478741,-10.25073392237643,12.317819494159119,-8.752004724047788,-3.1283109168770786,-2.9410538926747503,16.163194665278404,5.883293688508795,-3.247867827467656,-0.30423764587227914,14.980648483058065,-5.057542517027155,6.356970352808518,-2.780464250934645,14.712512475599324,-1.6635408693419007,3.734916714324245,1.9185342547028865,-16.597800003191445,-2.637752098822739
-7.295824907621505,-1.0133771349862775,-1.2299018452225499,7.258686859169053,10.868229499543773,-7.0437412181779075,-4.348156574108142,6.028826024489273,3.2552957399800166,-7.689114496294793,2.8161339099310583,0.9677710486345593,2.0106538327945738,-5.673895974671931,13.721687825954756,1.8225516278141964,-2.6693522860507026,4.087451155715084,4.448720169403475,3.830571638638743,1.245419172779243,3.0503620842360357,-6.520208066291338,12.727117646241327,-5.434027705533615,6.391051764070019,-4.595767631020593,-1.571329448082185,-1.6674015125174453,8.452909624387868,3.0443383976161105,-1.6477442377193758,-0.2306389765372629,7.922341698145952,-2.765045027980148,2.8979614830038933,-1.401347391303413,7.779178884032508,-0.8912656094513319,1.9185342547028865,1.016158816807538,-8.742214401232655,-1.452715152268815
62.83151605954335,8.85512797945348,10.658350292544801,-62.57704104170988,-93.47582550149141,60.37167939033412,37.36710779754729,-51.923127196846444,-28.085876669463403,66.03568919915368,-24.504950459699703,-8.279440236717196,-17.17307313970584,48.564578133409874,-118.5104060137718,-15.844078487715054,23.01773410136089,-34.816916725629035,-38.00916860142476,-32.99105501141918,-10.520944420956775,-26.475423400119027,56.022243601549455,-109.24466424334405,46.762033702760945,-55.19630074432751,39.61295676412705,13.652322669644468,14.185514673812328,-72.91052592564085,-26.30827165526368,14.291394561165836,1.883055268260469,-68.20515950433321,23.67111539072308,-25.63334761365028,12.162472174048732,-66.96591436227139,7.657713095308977,-16.597800003191445,-8.742214401232655,75.31401450467072,12.419344550306377
10.387494235263851,1.2916677380896382,1.6623943103257837,-10.25124797849867,-15.620634597433536,10.379253430151566,6.29343043293246,-8.585997407549794,-4.5765529692082545,11.17668635289131,-3.699011900447313,-1.4404703551808953,-3.0357570803677434,8.433177921059672,-19.121026019263017,-2.4187880581939925,3.7648193693947016,-6.290397143735907,-6.694293741516369,-5.451315839333679,-2.010742581598294,-4.100785808371712,9.439138018787324,-18.55219781595543,7.781991079673663,-8.904211332168508,6.503870471923375,2.0959804479455926,2.5801590778487005,-11.900021080256243,-4.227516813859538,2.228859664701829,0.45373091967823176,-11.312274992381097,4.109680574763948,-3.309575255110499,1.876587335083225,-11.102686189208114,1.2932743324133813,-2.637752098822739,-1.452715152268815,12.419344550306377,2.176999947730101
