V1,V2,V3,V4,V5,V6,V7,V8,V9,V10,V11,V12,V13,V14,V15,V16,V17,V18,V19,V20,V21,V22,V23,V24,V25,V26,V27,V28,V29,V30,V31,V32,V33,V34,V35,V36,V37,V38,V39,V40,V41,V42,V43,V44
4.78142293237537,3.6629796890696684,2.033494776037819,1.3097600378734997,-0.07706029768932798,3.5339684564779046,1.2882327474791508,-1.6400486439762005,-1.6798064594458937,0.4352037853815414,-0.05906956981568222,1.808197327286198,-5.528944845918364,-1.4486727011772624,-0.7410077599323218,0.4905329282273868,0.5740092182569901,0.924820054424644,-2.3683284390571977,-2.7914240184236503,-5.137214655717136,-3.821538623084526,-1.6030098363853034,-9.046171910163231,3.1032740261496974,3.404328633231181,-3.21257004825598,1.6088045815187715,-2.1901717177748417,0.5892722827281255,-3.992631498219306,-0.27058395095637255,-1.7957498471106061,-6.410345644289664,-3.6237043630665022,0.8747389230707033,2.155323483873896,-0.8907761067537739,2.184109459112071,-1.3779774304947083,-5.239930613797074,4.260826582605513,2.149509871669637,-7.699917852553295
3.6629796890696684,3.236421263530256,1.7016851318616082,0.5595920207062038,-0.19793909965060646,2.495272067299442,1.3438051365081938,-1.5770230240917946,-1.5737292151707072,-0.06295961514300015,-0.023579996513340473,1.3379887396898196,-4.232563802444479,-1.209560378557098,-0.17364442018451468,0.41201119175352185,0.4865350085083672,0.7272180805584262,-2.2345519461663357,-1.9349526831213866,-4.641290091679475,-3.046679429226495,-1.4921241565180157,-7.768643255290115,2.74884922046913,3.071602227089623,-2.6681024290080915,1.6097895931872228,-2.035117513508114,0.2479319492951091,-3.687385998498131,0.03145527664243593,-1.1449780323325853,-5.034017097680183,-2.8624895709057454,0.7441122923728122,1.7751562393211542,-1.0219012967210985,1.8431642825977972,-0.9381664355012717,-4.595757215967108,3.4030867081157417,1.8520911712929895,-6.4333349549154955
2.033494776037819,1.7016851318616082,1.7012432468102476,0.4581779027293826,-0.12952402730129575,1.7859529933754381,0.8315887094427318,-0.7952932688305477,-0.6436112286269763,0.362585654589641,0.10263119707265683,0.1284218454054811,-3.0495234417424393,-0.624276741240623,-0.6012214665181802,-0.17143687884640932,0.05188181511303351,1.0042555217102351,-0.721121151250414,-1.2398574869876335,-2.889616968004624,-1.7180553634596651,-1.2170364737977548,-5.106319886073141,1.7324859643351889,1.5515463842146224,-1.7491617298625644,0.9968933894013977,-1.141992566369415,0.2865877994881739,-2.5161848146591548,-0.37055678007508674,-1.1174995862384836,-3.164566638681103,-1.885037144331857,0.5546265290770289,1.6222700840246809,-0.33191198023358515,1.6001113579237742,-0.7819476436577351,-2.6899272752957137,1.6702694410172376,0.6556672417501335,-4.426300030421855
1.3097600378734997,0.5595920207062038,0.4581779027293826,1.7294474976326744,0.009367987918062847,0.9268550679871016,-0.1195495091229052,-0.11373740650076634,-0.037366493668470314,0.9863542528674605,-0.19735207445580577,0.9265859957390371,-1.3421939726041259,-0.4509334201237696,-0.8724324893061975,-0.03100715353829455,0.39532394249629027,0.12792383670617286,0.03331317143870334,-0.9246447211988263,-0.8384774876642576,-1.3563340507672317,-0.012259011548945169,-1.2040103989376865,0.563183732545681,0.19791677585630138,-0.4376550892599366,-0.8445571926592618,0.07507454367438958,0.2863285881773237,0.07430760648800874,0.4081715022019637,-1.1607853581734469,-1.48977056020935,-1.1023272516349463,0.999187827641434,1.1457091438486862,0.5292479207696811,1.0046671856632463,-0.7341393248828185,-0.5453237852379119,1.1584081511392574,0.5132558754576965,-1.341596804204716
-0.07706029768932798,-0.19793909965060646,-0.12952402730129575,0.009367987918062847,0.18704404293146842,0.18909524020305857,-0.12126825016292715,0.21076780787856167,0.11310222313604862,-0.012873667367632501,0.020732793107395793,0.02374007532755913,-0.050705391528180106,0.11326967661466988,-0.013610019867139984,-0.03622978133683857,-0.1424008366781477,-0.04683232490944436,0.20412934407578778,-0.07457412630865926,0.3223040380883962,0.21259143189303983,0.09020879804827521,0.4073318333159913,-0.2227823671223493,-0.1664823264573805,0.021179074813246414,0.0066188785433405764,0.07687056097183012,0.13147762152812803,0.28491417178596956,-0.27447240876517803,0.17336495913152364,0.04118596723057636,0.16852829094387378,-0.2512867727778951,-0.2670363329082988,0.10609650117354269,-0.33466462008769426,0.06923136201112456,0.33868363140088437,-0.0926308769495291,-0.16193719713810178,0.35635458318652924
3.5339684564779046,2.495272067299442,1.7859529933754381,0.9268550679871016,0.18909524020305857,3.250718033108887,0.9134470927183007,-0.9055910021006884,-1.0248825919370526,0.43328772795940096,0.10501905339799149,0.9827062716819817,-4.729332246970224,-0.8898689428439017,-0.8196781318986286,0.11220770704120092,0.07065111694100332,0.995831543461561,-1.3046470182168717,-2.3121638485837552,-3.6313015153239103,-2.54773066880927,-1.354875889662993,-6.912604386565253,2.1643038819588907,2.3568083826213564,-2.6485967332854505,1.5050171902194296,-1.6479872877901982,0.7241230163776314,-3.054101258153343,-0.9448809368282696,-1.339929216260155,-5.073884686402822,-2.6460482213418763,0.24237525248642144,1.5061323383293201,-0.4493053599599617,1.4142245686261237,-1.049758081949272,-3.6740970216206823,2.9602130589941607,1.1863288827278982,-5.902477991361986
1.2882327474791508,1.3438051365081938,0.8315887094427318,-0.1195495091229052,-0.12126825016292715,0.9134470927183007,0.7885798714063151,-0.6829738242006905,-0.6878346223883189,-0.2524710981594964,0.024351258985974303,0.3160923407364672,-1.687533332698822,-0.4337338123936942,0.09219246447087043,0.028681014185094007,0.03441132684284114,0.3677406156974913,-0.9268102952781584,-0.6022151622276161,-2.136690837583352,-1.1118888940420169,-0.7855576426761468,-3.4047247048975504,1.1836833854400937,1.3503816521726568,-1.1865576748462496,0.8892406769395562,-0.9651086624419832,0.006439730489899062,-1.7687017667687024,-0.046936020763538734,-0.2676198456790656,-1.9812052089968306,-1.042585754851289,0.21828729795353483,0.7342666295709119,-0.529455980540934,0.7602326907698361,-0.24626717324681716,-1.934883931049176,1.2129942456314575,0.632885815621008,-2.6942015326036213
-1.6400486439762005,-1.5770230240917946,-0.7952932688305477,-0.11373740650076634,0.21076780787856167,-0.9055910021006884,-0.6829738242006905,0.8966776169015215,0.8239461081387129,0.10865693718739562,0.044739151063040765,-0.5769232744096785,1.7616968297521116,0.6131833591058395,-0.026613637064433867,-0.25357248712564473,-0.3228552815811683,-0.3230424869053351,1.198059085469008,0.7700559178440437,2.2912113591714838,1.4437863083911238,0.7276373117028971,3.6922360649240185,-1.3617844302601863,-1.5242710996208249,1.1688978708832927,-0.7657474330378009,0.9929749426139699,0.00371787446898791,1.8539268038388066,-0.20762119438778798,0.5298153940711154,2.221880010844516,1.3363718507724605,-0.43021439408259315,-0.8783121495953617,0.627749332553429,-0.975040342573437,0.39226352152967026,2.2944326437499205,-1.568321515431095,-0.9635703695849478,3.0548957237103593
-1.6798064594458937,-1.5737292151707072,-0.6436112286269763,-0.037366493668470314,0.11310222313604862,-1.0248825919370526,-0.6878346223883189,0.8239461081387129,0.8603916571377557,0.23730281277895232,0.03047494846342479,-0.7029645942929461,1.788564990437846,0.579549464328265,-0.13173351538351985,-0.2980792586409044,-0.2562617010123669,-0.2131622191928908,1.249688304283489,0.812125283142548,2.1982185034236577,1.3809463030114886,0.6689643425681366,3.5771846633652884,-1.2745366168427728,-1.5686320698775174,1.2101445716392152,-0.8652278634530224,1.025513896990778,-0.037545446594803585,1.7623499987186555,-0.08612012316884239,0.34685796988370665,2.2685273718894483,1.2387769051427362,-0.23853559061026125,-0.622286200806342,0.644519539076579,-0.6971685375973059,0.30665762567288296,2.2155374948898454,-1.6138870424923095,-0.9665062458567244,2.8762888207099238
0.4352037853815414,-0.06295961514300015,0.362585654589641,0.9863542528674605,-0.012873667367632501,0.43328772795940096,-0.2524710981594964,0.10865693718739562,0.23730281277895232,0.8263227245700676,-0.05089762979060219,0.12579995607921268,-0.573085917321617,-0.13580561829120405,-0.7469583139490348,-0.11380939822043082,0.16331112384527105,0.2809621988478183,0.44346378802971526,-0.4377167171344549,0.022681346750940176,-0.4964160782688883,0.010551809628584539,-0.17589862261452957,0.09997215473380545,-0.30140618771408073,-0.028323821547881056,-0.6108076623213329,0.26853028277858654,0.21833864383720553,0.1825623660644869,0.062188776388257,-0.8765390811737691,-0.4523948218372164,-0.5094545415375102,0.5371153919912728,0.7058153715013898,0.46474452429002083,0.672247609597298,-0.47985533473556186,0.04279952776949602,0.2195308312135235,-0.012545109489855755,-0.5006692202397865
-0.05906956981568222,-0.023579996513340473,0.10263119707265683,-0.19735207445580577,0.020732793107395793,0.10501905339799149,0.024351258985974303,0.044739151063040765,0.03047494846342479,-0.05089762979060219,0.1095304214455427,-0.23578429480010196,-0.11718176303328946,0.06102683588806629,0.005810565307978036,-0.030853433821968267,-0.08354775532033157,0.13670759708272798,0.05802464876146625,0.008311277963003879,0.04063753613476164,0.14567000744670786,-0.08864471988203444,-0.18792079935207875,0.0034077604643727526,0.010067875782841407,-0.07478593185481043,0.2521769421844593,-0.06305343142820645,0.03388909859766847,-0.21337147072314952,-0.22121164887796485,0.017701958851327117,-0.0010329947005565936,0.019618575268054075,-0.16416385054187407,-0.0652925412784996,-0.009582271739382486,-0.05626963919067101,0.0038283284091650163,-0.0688279593392989,-0.12443153117992663,-0.11706500879029605,-0.14747917883058012
1.808197327286198,1.3379887396898196,0.1284218454054811,0.9265859957390371,0.02374007532755913,0.9827062716819817,0.3160923407364672,-0.5769232744096785,-0.7029645942929461,0.12579995607921268,-0.23578429480010196,1.4980941998030575,-1.4567734198468885,-0.6391488461221552,-0.06146027174198683,0.3904195385186247,0.4425138899581693,-0.24992450391650628,-1.0362503238842313,-0.9717198131622381,-1.6363731191444413,-1.6253600036057367,-0.1652128319631391,-2.2995016137504276,0.9477780375240746,1.1643564040562773,-0.8524968098055714,-0.05719913057137307,-0.5653638463002093,0.14608379903159205,-0.6131845972815966,0.5147368955454503,-0.4430575411751893,-2.072088540912224,-1.1810289319320328,0.5836166264396273,0.5522694622405718,-0.24430382643075052,0.5404995597680471,-0.4112185738793066,-1.4917456749899858,1.8381435229506498,1.117351813592329,-1.8845854951718777
-5.528944845918364,-4.232563802444479,-3.0495234417424393,-1.3421939726041259,-0.050705391528180106,-4.729332246970224,-1.687533332698822,1.7616968297521116,1.788564990437846,-0.573085917321617,-0.11718176303328946,-1.4567734198468885,7.324391560789725,1.5425613497705473,1.1266217953958348,-0.15139379715946505,-0.27015981976031617,-1.6377109148508862,2.3293274110874935,3.4246699084440015,6.365148109345347,4.253964441445331,2.320165904071637,11.506402133035587,-3.779027519355648,-3.9833722945836922,4.207677272929798,-2.3812651367888376,2.759515093101231,-0.8891023973385065,5.252302258513058,1.0327018898154392,2.1774336323541386,7.981752944930404,4.344751913557249,-0.7702014624639308,-2.811169165994599,0.904654066387574,-2.7063000693913075,1.6781650791001321,6.255713395717901,-4.754396736948838,-2.0602734488077226,9.792186362450972
-1.4486727011772624,-1.209560378557098,-0.624276741240623,-0.4509334201237696,0.11326967661466988,-0.8898689428439017,-0.4337338123936942,0.6131833591058395,0.579549464328265,-0.13580561829120405,0.06102683588806629,-0.6391488461221552,1.5425613497705473,0.5274225717375239,0.16145990585933062,-0.18242277003781543,-0.2947768267387133,-0.23963896795995487,0.8072703868782866,0.767629684651226,1.7274389779407489,1.3037541424447818,0.48852178076365177,2.7944950445096666,-1.053371580873306,-1.092231692106342,0.9123497142781205,-0.36334359719643333,0.6619370180430895,-0.08278880591627039,1.2444868577613823,-0.19593352311867615,0.595652545779846,1.8879543039148812,1.1689612400286034,-0.47041613021413314,-0.7992575938198929,0.30679255100262615,-0.8308999242208626,0.43627911550312876,1.6919714753412793,-1.3488584694962114,-0.7764534298915354,2.38232899479649
-0.7410077599323218,-0.17364442018451468,-0.6012214665181802,-0.8724324893061975,-0.013610019867139984,-0.8196781318986286,0.09219246447087043,-0.026613637064433867,-0.13173351538351985,-0.7469583139490348,0.005810565307978036,-0.06146027174198683,1.1266217953958348,0.16145990585933062,0.8241483363621834,0.1717993491075828,-0.041586171157081034,-0.42207641994565276,-0.2726091583932081,0.654362318855616,0.371523106040404,0.6069133026561095,0.20474827232500611,1.028609490101752,-0.303626927869517,0.012415729511417728,0.396508069627534,0.2395943425479705,-0.031234845531925487,-0.31625246802747975,0.23518325784986394,0.23027261658401502,0.9024836889808409,1.0073118016390987,0.7085009783166166,-0.39510589355116466,-0.7611275150026888,-0.36021042157202476,-0.7149326547598724,0.5307063993271585,0.36738535112796583,-0.44470833924458447,-0.02676255929928104,1.1761857140978318
0.4905329282273868,0.41201119175352185,-0.17143687884640932,-0.03100715353829455,-0.03622978133683857,0.11220770704120092,0.028681014185094007,-0.25357248712564473,-0.2980792586409044,-0.11380939822043082,-0.030853433821968267,0.3904195385186247,-0.15139379715946505,-0.18242277003781543,0.1717993491075828,0.35587871775727453,0.24516103848865958,-0.1363881548252388,-0.5270163907345019,-0.1945599190365032,-0.2593331819487852,-0.34459960784040194,0.026387988136069997,-0.5392317347491229,0.20720977412438404,0.41880318721456505,-0.13190444519386163,0.17933120834878394,-0.22925549152029354,-0.026231527503520247,-0.3003624513336938,0.1430218563042551,-0.04112838738944556,-0.3992740808703274,-0.25040081805233033,-0.025887269810930313,-0.13088989440759619,-0.27846591347522287,-0.02521939369872544,-0.028184586262168732,-0.5609365323527931,0.49803245104740324,0.42544989162336444,-0.43614594628146436
0.5740092182569901,0.4865350085083672,0.05188181511303351,0.39532394249629027,-0.1424008366781477,0.07065111694100332,0.03441132684284114,-0.3228552815811683,-0.2562617010123669,0.16331112384527105,-0.08354775532033157,0.4425138899581693,-0.27015981976031617,-0.2947768267387133,-0.041586171157081034,0.24516103848865958,0.38525217974683285,-0.04333871123819613,-0.4202484718536266,-0.22429300531265486,-0.5374990309542461,-0.6343061717814951,-0.014985827461562339,-0.7388309396727457,0.3887638807574475,0.37794110554997756,-0.12199606109249837,-0.1522728308438703,-0.14431380513980896,-0.06587256767662564,-0.2960032341553686,0.44318031348346204,-0.38816181046193343,-0.5084491942403916,-0.48233114358226237,0.4196808338775046,0.3664391361989348,-0.09690637282150912,0.42757804391356047,-0.21019579157412122,-0.6296230448278008,0.5953110627351035,0.49176616561479014,-0.699689042448609
0.924820054424644,0.7272180805584262,1.0042555217102351,0.12792383670617286,-0.04683232490944436,0.995831543461561,0.3677406156974913,-0.3230424869053351,-0.2131622191928908,0.2809621988478183,0.13670759708272798,-0.24992450391650628,-1.6377109148508862,-0.23963896795995487,-0.42207641994565276,-0.1363881548252388,-0.04333871123819613,0.7191193904104519,-0.16675328589168467,-0.6311006810428735,-1.2977073327402462,-0.7036511069998519,-0.6958639127900262,-2.615130963053302,0.8181301489602791,0.657636484882604,-0.8883124949562384,0.6346822289011399,-0.5689964249605106,0.2004778252881222,-1.4233852982487003,-0.4364063623765912,-0.6785563967509531,-1.5424092229864887,-0.9350797851349549,0.1564395874845822,0.8419059710688626,-0.12393881585888009,0.8481420366978395,-0.4278854340442938,-1.3218951673505028,0.638379629070961,0.14448424799119444,-2.3426961591975464
-2.3683284390571977,-2.2345519461663357,-0.721121151250414,0.03331317143870334,0.20412934407578778,-1.3046470182168717,-0.9268102952781584,1.198059085469008,1.249688304283489,0.44346378802971526,0.05802464876146625,-1.0362503238842313,2.3293274110874935,0.8072703868782866,-0.2726091583932081,-0.5270163907345019,-0.4202484718536266,-0.16675328589168467,1.9715472892322272,1.097147054146503,2.972031924729565,1.8939779537274979,0.8230528409698618,4.901766303289162,-1.7410805051268274,-2.258523608844299,1.6465358149373832,-1.2698588845184053,1.4450160793491582,0.0011942199190209599,2.4111512573434712,-0.16298661477935808,0.39070785199561986,3.082704323420408,1.6705279183423376,-0.2698503778097975,-0.7130640562784197,0.9935722918920794,-0.8344785242522743,0.39613245838134276,3.156066812221072,-2.3191239318628916,-1.4503141241389041,3.902651904929995
-2.7914240184236503,-1.9349526831213866,-1.2398574869876335,-0.9246447211988263,-0.07457412630865926,-2.3121638485837552,-0.6022151622276161,0.7700559178440437,0.812125283142548,-0.4377167171344549,0.008311277963003879,-0.9717198131622381,3.4246699084440015,0.767629684651226,0.654362318855616,-0.1945599190365032,-0.22429300531265486,-0.6311006810428735,1.097147054146503,1.7878256986698349,2.724456606989471,2.118435999221946,0.8918825986145918,5.077531503849414,-1.6658272596238997,-1.7788444853469296,1.8808912200593393,-0.8833023253749422,1.1539154402216403,-0.5059835998696179,2.132119296641989,0.4431278486441148,1.129437510988357,3.815953537520133,2.1004996611317277,-0.38991401247821345,-1.2241146663460432,0.34903077097891716,-1.1828087710522752,0.8706906456291637,2.8121345857099413,-2.401373428159405,-1.078417170486316,4.400142229748291
-5.137214655717136,-4.641290091679475,-2.889616968004624,-0.8384774876642576,0.3223040380883962,-3.6313015153239103,-2.136690837583352,2.2912113591714838,2.1982185034236577,0.022681346750940176,0.04063753613476164,-1.6363731191444413,6.365148109345347,1.7274389779407489,0.371523106040404,-0.2593331819487852,-0.5374990309542461,-1.2977073327402462,2.972031924729565,2.724456606989471,7.149060654260382,4.430955572684693,2.4083080845306957,11.618852035739389,-4.138137101151694,-4.410764265874221,3.9871881103928404,-2.2980486872499655,2.9736323515075966,-0.3210572177586996,5.536468848542256,-0.025042696426025635,1.734112122060041,7.383991203760438,4.197380680025992,-1.2630824909313603,-2.9936802768578428,1.375343860489721,-3.000072052611373,1.3809275187476928,6.642811431620082,-4.76365556171703,-2.4696488014623434,9.629829604985753
-3.821538623084526,-3.046679429226495,-1.7180553634596651,-1.3563340507672317,0.21259143189303983,-2.54773066880927,-1.1118888940420169,1.4437863083911238,1.3809463030114886,-0.4964160782688883,0.14567000744670786,-1.6253600036057367,4.253964441445331,1.3037541424447818,0.6069133026561095,-0.34459960784040194,-0.6343061717814951,-0.7036511069998519,1.8939779537274979,2.118435999221946,4.430955572684693,3.3912157141476538,1.288154839345519,7.2658343904871465,-2.6741532226194322,-2.7162170569280035,2.464790827157061,-0.8835565856260491,1.673458658238336,-0.3186696054072468,3.14513254099186,-0.31477629591271,1.6322501047940245,5.043961513718622,3.0565880578409987,-1.2104104455166602,-2.162492492136048,0.635173507574637,-2.183735271050344,1.20385647227519,4.247900720483192,-3.4937470029254247,-1.862532729234156,6.223171346552626
-1.6030098363853034,-1.4921241565180157,-1.2170364737977548,-0.012259011548945169,0.09020879804827521,-1.354875889662993,-0.7855576426761468,0.7276373117028971,0.6689643425681366,0.010551809628584539,-0.08864471988203444,-0.1652128319631391,2.320165904071637,0.48852178076365177,0.20474827232500611,0.026387988136069997,-0.014985827461562339,-0.6958639127900262,0.8230528409698618,0.8918825986145918,2.4083080845306957,1.288154839345519,1.0351509001929216,4.1864309771412,-1.397035371528011,-1.4392140865801022,1.4584950982935543,-1.0476868704878626,1.0928654113181662,-0.17800459823022294,2.1802755450313676,0.30210413697823596,0.6184548769473444,2.4973296397006854,1.3907257082161488,-0.2525815152322104,-1.0377898691415335,0.49458603934073014,-1.0860504776886464,0.45172224782139375,2.2883735752513368,-1.366918883513855,-0.6100429291534246,3.5038852225340835
-9.046171910163231,-7.768643255290115,-5.106319886073141,-1.2040103989376865,0.4073318333159913,-6.912604386565253,-3.4047247048975504,3.6922360649240185,3.5771846633652884,-0.17589862261452957,-0.18792079935207875,-2.2995016137504276,11.506402133035587,2.7944950445096666,1.028609490101752,-0.5392317347491229,-0.7388309396727457,-2.615130963053302,4.901766303289162,5.077531503849414,11.618852035739389,7.2658343904871465,4.1864309771412,20.264200480713868,-6.903593771116791,-7.440114891311427,7.047457010655033,-4.551054008274239,5.136399507515672,-0.9016779063616798,9.837893515752087,0.9294210511848163,3.245197252415242,12.992785952835533,7.296095293698266,-1.5141029733730158,-4.787661249874478,2.3344912991266233,-4.878500783065796,2.5424566758458425,11.53319213279433,-8.03048958979362,-3.9580986681836436,16.967531133058745
3.1032740261496974,2.74884922046913,1.7324859643351889,0.563183732545681,-0.2227823671223493,2.1643038819588907,1.1836833854400937,-1.3617844302601863,-1.2745366168427728,0.09997215473380545,0.0034077604643727526,0.9477780375240746,-3.779027519355648,-1.053371580873306,-0.303626927869517,0.20720977412438404,0.3887638807574475,0.8181301489602791,-1.7410805051268274,-1.6658272596238997,-4.138137101151694,-2.6741532226194322,-1.397035371528011,-6.903593771116791,2.4742704954718575,2.568007282903474,-2.3207678371577174,1.3322055672330022,-1.7091472640327692,0.21395769288634167,-3.2992467502507825,0.033261295400873116,-1.1683527058227645,-4.3658161063676975,-2.582942091630183,0.7987569196049706,1.8228181718563046,-0.7872546610324637,1.858881126232017,-0.9179992501265158,-3.9982675678289894,2.832876696621777,1.4913649459407043,-5.797198837842013
3.404328633231181,3.071602227089623,1.5515463842146224,0.19791677585630138,-0.1664823264573805,2.3568083826213564,1.3503816521726568,-1.5242710996208249,-1.5686320698775174,-0.30140618771408073,0.010067875782841407,1.1643564040562773,-3.9833722945836922,-1.092231692106342,0.012415729511417728,0.41880318721456505,0.37794110554997756,0.657636484882604,-2.258523608844299,-1.7788444853469296,-4.410764265874221,-2.7162170569280035,-1.4392140865801022,-7.440114891311427,2.568007282903474,3.0485347689680506,-2.582124559781745,1.8215141780951454,-2.0434846783508975,0.20452371982161416,-3.6339712592789404,-0.1461020958435628,-0.8538025791490991,-4.768861869503249,-2.5716443625206007,0.42815438513384524,1.4241336274939662,-1.129896709436083,1.49224298824487,-0.7347794454996527,-4.418272745342859,3.175459877857177,1.7361358716102262,-6.050569937190713
-3.21257004825598,-2.6681024290080915,-1.7491617298625644,-0.4376550892599366,0.021179074813246414,-2.6485967332854505,-1.1865576748462496,1.1688978708832927,1.2101445716392152,-0.028323821547881056,-0.07478593185481043,-0.8524968098055714,4.207677272929798,0.9123497142781205,0.396508069627534,-0.13190444519386163,-0.12199606109249837,-0.8883124949562384,1.6465358149373832,1.8808912200593393,3.9871881103928404,2.464790827157061,1.4584950982935543,7.047457010655033,-2.3207678371577174,-2.582124559781745,2.5732642203526663,-1.6627786477563435,1.8136810038659341,-0.4212350383109708,3.3385503770766256,0.5572238845267908,1.0253648367248853,4.689535676369506,2.484562418550191,-0.355326100131168,-1.5325691786762736,0.7617062395497276,-1.5107589526185587,0.8502273423413863,3.9048296989819478,-2.8335711854962495,-1.2995262368852187,5.852860192423499
1.6088045815187715,1.6097895931872228,0.9968933894013977,-0.8445571926592618,0.0066188785433405764,1.5050171902194296,0.8892406769395562,-0.7657474330378009,-0.8652278634530224,-0.6108076623213329,0.2521769421844593,-0.05719913057137307,-2.3812651367888376,-0.36334359719643333,0.2395943425479705,0.17933120834878394,-0.1522728308438703,0.6346822289011399,-1.2698588845184053,-0.8833023253749422,-2.2980486872499655,-0.8835565856260491,-1.0476868704878626,-4.551054008274239,1.3322055672330022,1.8215141780951454,-1.6627786477563435,1.9559674918154237,-1.420279345640984,0.17691340706743353,-2.6222187554393304,-0.8716590678107046,-0.052639951650681624,-2.601779587410838,-1.1520651605468621,-0.5453142009171283,0.28090595086709064,-0.9095579330350472,0.34970421785133365,-0.17985650623714233,-2.622559057840818,1.3677853157179263,0.6207394208849248,-3.5716198019289482
-2.1901717177748417,-2.035117513508114,-1.141992566369415,0.07507454367438958,0.07687056097183012,-1.6479872877901982,-0.9651086624419832,0.9929749426139699,1.025513896990778,0.26853028277858654,-0.06305343142820645,-0.5653638463002093,2.759515093101231,0.6619370180430895,-0.031234845531925487,-0.22925549152029354,-0.14431380513980896,-0.5689964249605106,1.4450160793491582,1.1539154402216403,2.9736323515075966,1.673458658238336,1.0928654113181662,5.136399507515672,-1.7091472640327692,-2.0434846783508975,1.8136810038659341,-1.420279345640984,1.4660098127081926,-0.15932554829661222,2.6360903852430626,0.2983806679577152,0.5130140643614249,3.1948907319069764,1.6655703150055161,-0.14122554813116162,-0.9252010324077632,0.8049857310598183,-0.9826448896872552,0.44202243309359207,2.9890281116873085,-2.001645474377247,-1.0304396926387558,4.172106996936752
0.5892722827281255,0.2479319492951091,0.2865877994881739,0.2863285881773237,0.13147762152812803,0.7241230163776314,0.006439730489899062,0.00371787446898791,-0.037545446594803585,0.21833864383720553,0.03388909859766847,0.14608379903159205,-0.8891023973385065,-0.08278880591627039,-0.31625246802747975,-0.026231527503520247,-0.06587256767662564,0.2004778252881222,0.0011942199190209599,-0.5059835998696179,-0.3210572177586996,-0.3186696054072468,-0.17800459823022294,-0.9016779063616798,0.21395769288634167,0.20452371982161416,-0.4212350383109708,0.17691340706743353,-0.15932554829661222,0.270230910637186,-0.29116480996450195,-0.3576686662650121,-0.28151542434364096,-0.8580954122008633,-0.4148138795129755,-0.05392134399196047,0.17874151360129523,0.05950993602494219,0.14607914073145356,-0.22373038569610462,-0.38203445775351186,0.42285726905861853,0.07531018376001632,-0.8408756014097216
-3.992631498219306,-3.687385998498131,-2.5161848146591548,0.07430760648800874,0.28491417178596956,-3.054101258153343,-1.7687017667687024,1.8539268038388066,1.7623499987186555,0.1825623660644869,-0.21337147072314952,-0.6131845972815966,5.252302258513058,1.2444868577613823,0.23518325784986394,-0.3003624513336938,-0.2960032341553686,-1.4233852982487003,2.4111512573434712,2.132119296641989,5.536468848542256,3.14513254099186,2.1802755450313676,9.837893515752087,-3.2992467502507825,-3.6339712592789404,3.3385503770766256,-2.6222187554393304,2.6360903852430626,-0.29116480996450195,5.20005522112821,0.5926421887720177,1.3918858255526736,5.880596349132257,3.293339122238537,-0.4590790415518205,-2.131039374335789,1.3722115269411481,-2.2843053301852914,1.0351371084171026,5.6801326609106875,-3.4853526774365378,-1.7510487279631255,8.17497119869347
-0.27058395095637255,0.03145527664243593,-0.37055678007508674,0.4081715022019637,-0.27447240876517803,-0.9448809368282696,-0.046936020763538734,-0.20762119438778798,-0.08612012316884239,0.062188776388257,-0.22121164887796485,0.5147368955454503,1.0327018898154392,-0.19593352311867615,0.23027261658401502,0.1430218563042551,0.44318031348346204,-0.4364063623765912,-0.16298661477935808,0.4431278486441148,-0.025042696426025635,-0.31477629591271,0.30210413697823596,0.9294210511848163,0.033261295400873116,-0.1461020958435628,0.5572238845267908,-0.8716590678107046,0.2983806679577152,-0.3576686662650121,0.5926421887720177,1.1790770366501013,-0.05591241783610041,0.7650866968698743,0.06588477579118908,0.7951633190581665,0.2955210780221919,0.060822008748528465,0.3649298491115395,0.009664668338794397,0.2565344298140658,0.016384782227977034,0.35821762140995783,0.7667494958800918
-1.7957498471106061,-1.1449780323325853,-1.1174995862384836,-1.1607853581734469,0.17336495913152364,-1.339929216260155,-0.2676198456790656,0.5298153940711154,0.34685796988370665,-0.8765390811737691,0.017701958851327117,-0.4430575411751893,2.1774336323541386,0.595652545779846,0.9024836889808409,-0.04112838738944556,-0.38816181046193343,-0.6785563967509531,0.39070785199561986,1.129437510988357,1.734112122060041,1.6322501047940245,0.6184548769473444,3.245197252415242,-1.1683527058227645,-0.8538025791490991,1.0253648367248853,-0.052639951650681624,0.5130140643614249,-0.28151542434364096,1.3918858255526736,-0.05591241783610041,1.4951905791915028,2.3134238696737417,1.6304795632941833,-0.8539342079828584,-1.4757031467045085,-0.08199522177886372,-1.520733379903926,0.8709923249206237,1.7891682449430504,-1.4114997612422089,-0.657428305617374,3.091395123826099
-6.410345644289664,-5.034017097680183,-3.164566638681103,-1.48977056020935,0.04118596723057636,-5.073884686402822,-1.9812052089968306,2.221880010844516,2.2685273718894483,-0.4523948218372164,-0.0010329947005565936,-2.072088540912224,7.981752944930404,1.8879543039148812,1.0073118016390987,-0.3992740808703274,-0.5084491942403916,-1.5424092229864887,3.082704323420408,3.815953537520133,7.383991203760438,5.043961513718622,2.4973296397006854,12.992785952835533,-4.3658161063676975,-4.768861869503249,4.689535676369506,-2.601779587410838,3.1948907319069764,-0.8580954122008633,5.880596349132257,0.7650866968698743,2.3134238696737417,9.042619338961849,4.935120977730535,-0.9855986200111216,-3.0649822279485845,1.2639397570213358,-3.009102645276114,1.8081939640219076,7.288406301242148,-5.6804546037960675,-2.6978418156686534,10.956323241619517
-3.6237043630665022,-2.8624895709057454,-1.885037144331857,-1.1023272516349463,0.16852829094387378,-2.6460482213418763,-1.042585754851289,1.3363718507724605,1.2387769051427362,-0.5094545415375102,0.019618575268054075,-1.1810289319320328,4.344751913557249,1.1689612400286034,0.7085009783166166,-0.25040081805233033,-0.48233114358226237,-0.9350797851349549,1.6705279183423376,2.1004996611317277,4.197380680025992,3.0565880578409987,1.3907257082161488,7.296095293698266,-2.582942091630183,-2.5716443625206007,2.484562418550191,-1.1520651605468621,1.6655703150055161,-0.4148138795129755,3.293339122238537,0.06588477579118908,1.6304795632941833,4.935120977730535,2.9797266803977016,-0.9623114185483748,-2.0833402794938474,0.6135523792226454,-2.1115565830394076,1.2114823259066256,4.181996906741226,-3.1986113606904625,-1.6054854481904395,6.309321513496228
0.8747389230707033,0.7441122923728122,0.5546265290770289,0.999187827641434,-0.2512867727778951,0.24237525248642144,0.21828729795353483,-0.43021439408259315,-0.23853559061026125,0.5371153919912728,-0.16416385054187407,0.5836166264396273,-0.7702014624639308,-0.47041613021413314,-0.39510589355116466,-0.025887269810930313,0.4196808338775046,0.1564395874845822,-0.2698503778097975,-0.38991401247821345,-1.2630824909313603,-1.2104104455166602,-0.2525815152322104,-1.5141029733730158,0.7987569196049706,0.42815438513384524,-0.355326100131168,-0.5453142009171283,-0.14122554813116162,-0.05392134399196047,-0.4590790415518205,0.7951633190581665,-0.8539342079828584,-0.9855986200111216,-0.9623114185483748,1.1037332315284176,1.2172127904836532,0.13871075094071508,1.216042004665838,-0.53398874982077,-0.8984361108703945,0.8756035843997043,0.5655399699506933,-1.4700030009526934
2.155323483873896,1.7751562393211542,1.6222700840246809,1.1457091438486862,-0.2670363329082988,1.5061323383293201,0.7342666295709119,-0.8783121495953617,-0.622286200806342,0.7058153715013898,-0.0652925412784996,0.5522694622405718,-2.811169165994599,-0.7992575938198929,-0.7611275150026888,-0.13088989440759619,0.3664391361989348,0.8419059710688626,-0.7130640562784197,-1.2241146663460432,-2.9936802768578428,-2.162492492136048,-1.0377898691415335,-4.787661249874478,1.8228181718563046,1.4241336274939662,-1.5325691786762736,0.28090595086709064,-0.9252010324077632,0.17874151360129523,-2.131039374335789,0.2955210780221919,-1.4757031467045085,-3.0649822279485845,-2.0833402794938474,1.2172127904836532,2.09471995400602,-0.11964175994830734,2.058459919060677,-0.9735077024780353,-2.591398677448128,1.8953460761017455,0.8959110837669262,-4.277171947397585
-0.8907761067537739,-1.0219012967210985,-0.33191198023358515,0.5292479207696811,0.10609650117354269,-0.4493053599599617,-0.529455980540934,0.627749332553429,0.644519539076579,0.46474452429002083,-0.009582271739382486,-0.24430382643075052,0.904654066387574,0.30679255100262615,-0.36021042157202476,-0.27846591347522287,-0.09690637282150912,-0.12393881585888009,0.9935722918920794,0.34903077097891716,1.375343860489721,0.635173507574637,0.49458603934073014,2.3344912991266233,-0.7872546610324637,-1.129896709436083,0.7617062395497276,-0.9095579330350472,0.8049857310598183,0.05950993602494219,1.3722115269411481,0.060822008748528465,-0.08199522177886372,1.2639397570213358,0.6135523792226454,0.13871075094071508,-0.11964175994830734,0.7228838622179138,-0.24837376007339482,0.010749642397426954,1.5515720796977392,-0.8905209613425518,-0.6012701137112119,1.7919244400026542
2.184109459112071,1.8431642825977972,1.6001113579237742,1.0046671856632463,-0.33466462008769426,1.4142245686261237,0.7602326907698361,-0.975040342573437,-0.6971685375973059,0.672247609597298,-0.05626963919067101,0.5404995597680471,-2.7063000693913075,-0.8308999242208626,-0.7149326547598724,-0.02521939369872544,0.42757804391356047,0.8481420366978395,-0.8344785242522743,-1.1828087710522752,-3.000072052611373,-2.183735271050344,-1.0860504776886464,-4.878500783065796,1.858881126232017,1.49224298824487,-1.5107589526185587,0.34970421785133365,-0.9826448896872552,0.14607914073145356,-2.2843053301852914,0.3649298491115395,-1.520733379903926,-3.009102645276114,-2.1115565830394076,1.216042004665838,2.058459919060677,-0.24837376007339482,2.134607738561063,-0.9603384400114018,-2.7431370360936893,1.8931882822177282,0.9729646556360052,-4.373401018188792
-1.3779774304947083,-0.9381664355012717,-0.7819476436577351,-0.7341393248828185,0.06923136201112456,-1.049758081949272,-0.24626717324681716,0.39226352152967026,0.30665762567288296,-0.47985533473556186,0.0038283284091650163,-0.4112185738793066,1.6781650791001321,0.43627911550312876,0.5307063993271585,-0.028184586262168732,-0.21019579157412122,-0.4278854340442938,0.39613245838134276,0.8706906456291637,1.3809275187476928,1.20385647227519,0.45172224782139375,2.5424566758458425,-0.9179992501265158,-0.7347794454996527,0.8502273423413863,-0.17985650623714233,0.44202243309359207,-0.22373038569610462,1.0351371084171026,0.009664668338794397,0.8709923249206237,1.8081939640219076,1.2114823259066256,-0.53398874982077,-0.9735077024780353,0.010749642397426954,-0.9603384400114018,0.6275645652182484,1.407972311245555,-1.1504465155195924,-0.5197796040151837,2.337840202784355
-5.239930613797074,-4.595757215967108,-2.6899272752957137,-0.5453237852379119,0.33868363140088437,-3.6740970216206823,-1.934883931049176,2.2944326437499205,2.2155374948898454,0.04279952776949602,-0.0688279593392989,-1.4917456749899858,6.255713395717901,1.6919714753412793,0.36738535112796583,-0.5609365323527931,-0.6296230448278008,-1.3218951673505028,3.156066812221072,2.8121345857099413,6.642811431620082,4.247900720483192,2.2883735752513368,11.53319213279433,-3.9982675678289894,-4.418272745342859,3.9048296989819478,-2.622559057840818,2.9890281116873085,-0.38203445775351186,5.6801326609106875,0.2565344298140658,1.7891682449430504,7.288406301242148,4.181996906741226,-0.8984361108703945,-2.591398677448128,1.5515720796977392,-2.7431370360936893,1.407972311245555,6.816882773795744,-4.729379450504006,-2.520753142771843,9.640150827392919
4.260826582605513,3.4030867081157417,1.6702694410172376,1.1584081511392574,-0.0926308769495291,2.9602130589941607,1.2129942456314575,-1.568321515431095,-1.6138870424923095,0.2195308312135235,-0.12443153117992663,1.8381435229506498,-4.754396736948838,-1.3488584694962114,-0.44470833924458447,0.49803245104740324,0.5953110627351035,0.638379629070961,-2.3191239318628916,-2.401373428159405,-4.76365556171703,-3.4937470029254247,-1.366918883513855,-8.03048958979362,2.832876696621777,3.175459877857177,-2.8335711854962495,1.3677853157179263,-2.001645474377247,0.42285726905861853,-3.4853526774365378,0.016384782227977034,-1.4114997612422089,-5.6804546037960675,-3.1986113606904625,0.8756035843997043,1.8953460761017455,-0.8905209613425518,1.8931882822177282,-1.1504465155195924,-4.729379450504006,3.948171715776656,2.083560319571155,-6.743675290644037
2.149509871669637,1.8520911712929895,0.6556672417501335,0.5132558754576965,-0.16193719713810178,1.1863288827278982,0.632885815621008,-0.9635703695849478,-0.9665062458567244,-0.012545109489855755,-0.11706500879029605,1.117351813592329,-2.0602734488077226,-0.7764534298915354,-0.02676255929928104,0.42544989162336444,0.49176616561479014,0.14448424799119444,-1.4503141241389041,-1.078417170486316,-2.4696488014623434,-1.862532729234156,-0.6100429291534246,-3.9580986681836436,1.4913649459407043,1.7361358716102262,-1.2995262368852187,0.6207394208849248,-1.0304396926387558,0.07531018376001632,-1.7510487279631255,0.35821762140995783,-0.657428305617374,-2.6978418156686534,-1.6054854481904395,0.5655399699506933,0.8959110837669262,-0.6012701137112119,0.9729646556360052,-0.5197796040151837,-2.520753142771843,2.083560319571155,1.29049614933146,-3.2822664965549944
-7.699917852553295,-6.4333349549154955,-4.426300030421855,-1.341596804204716,0.35635458318652924,-5.902477991361986,-2.6942015326036213,3.0548957237103593,2.8762888207099238,-0.5006692202397865,-0.14747917883058012,-1.8845854951718777,9.792186362450972,2.38232899479649,1.1761857140978318,-0.43614594628146436,-0.699689042448609,-2.3426961591975464,3.902651904929995,4.400142229748291,9.629829604985753,6.223171346552626,3.5038852225340835,16.967531133058745,-5.797198837842013,-6.050569937190713,5.852860192423499,-3.5716198019289482,4.172106996936752,-0.8408756014097216,8.17497119869347,0.7667494958800918,3.091395123826099,10.956323241619517,6.309321513496228,-1.4700030009526934,-4.277171947397585,1.7919244400026542,-4.373401018188792,2.337840202784355,9.640150827392919,-6.743675290644037,-3.2822664965549944,14.41686410142574
