V1,V2,V3,V4,V5,V6,V7,V8,V9,V10,V11,V12,V13,V14,V15,V16,V17,V18,V19,V20,V21,V22,V23,V24,V25,V26,V27,V28,V29,V30,V31,V32,V33,V34,V35,V36,V37,V38,V39,V40,V41,V42,V43,V44
10.494422264444513,3.115038325201519,-8.00998974679117,3.2216316017738236,3.785390967178075,7.632581002273057,-2.8041555575358483,0.4901780500044288,-3.1947094348039222,-2.3402634815134453,-1.202720751805173,11.927872546822979,-5.210510333895498,-0.8302471926890668,1.809625834922921,6.151719549626475,1.6982132547780382,-6.301479956370715,-7.08298219457,-7.1617672738178095,3.2326929146692636,-3.085845753988448,5.163559785069325,1.1206332988637777,-2.09415514560249,4.569771966571102,-2.210997409660957,1.5796616204534457,-1.2022119369240436,3.311306647786935,5.396290904399591,-3.329975025394844,3.5027585851339857,-9.296585522907288,-0.6668049659180447,-6.118740456875467,-9.759545233596803,-2.165866031977737,-10.49569025909184,0.7198604277200845,-1.1952191287574558,10.559024257060237,5.455295413224873,2.8046959104473816
3.115038325201519,1.3195189750332428,-2.900807875622675,0.8139544943934545,1.3371456773314343,2.6234512429066683,-0.8731019649802406,0.2621320141844452,-1.108288832762929,-0.6527903646676702,-0.720239484065748,3.772400967394702,-1.1094353492221913,-0.6098245834782071,0.4051133442783768,1.7437527342198624,0.4109901026108613,-2.3953985768001567,-2.4209091894394033,-2.669934114918836,1.00465479078068,-1.3714913518254277,1.4290689432154726,0.34304363660725884,-0.6401014832878116,1.566405158667444,-0.792697577288949,0.5023583002650511,-0.5453403771990867,0.8839166436868515,1.6689266246593333,-1.0854505094903961,1.067262903755549,-3.174033680631923,-0.436093768494996,-2.1194847075880117,-3.269197252483948,-0.5666112024215936,-3.1141168136105146,0.3078558324187897,-0.7999188561769947,3.2347074093683843,2.3318566397559795,0.579010917267408
-8.00998974679117,-2.900807875622675,7.787053858654338,-2.193371048726646,-3.0646399814214784,-6.606211535919699,2.5128135535134333,-0.15800186196141083,2.916889187520762,1.3098110157702627,1.5950606919108477,-10.116007782711197,2.9698858872069693,1.9381885605648936,-0.9298194518710925,-4.40709810100756,-0.7013362820160635,5.788607308566854,5.962621516548451,6.554904264690956,-2.5357766835750093,3.173662118287492,-3.781026125155121,-0.5773589792361227,1.8650061862071599,-3.8400447387039027,2.138437377910829,-1.2898898657727247,1.198199059307164,-2.1849644135642157,-4.347710223592086,2.745031029329042,-2.642341270831585,7.738502870583442,1.4344279120138574,5.512447203031035,8.474393378742423,1.6277566292297685,7.915781205335097,-0.9313041921643803,2.367825188067692,-8.022671286259524,-6.175195576174239,-1.1854262841450223
3.2216316017738236,0.8139544943934545,-2.193371048726646,1.148881484495179,1.0796038290181547,2.193245957921026,-0.8720163688421698,0.12379558067404,-0.8879134474041318,-0.7675319747449942,-0.09351890151765431,3.486509529250043,-2.0251566523773246,-0.00807625085980367,0.6271389380899649,1.9535370843465067,0.5311211671671333,-1.7068638721952196,-1.9993208062829466,-1.9908804726209492,0.8684516250049854,-0.7390080207611579,1.5977648626499463,0.5133410252832463,-0.5248054559236517,1.404716362619559,-0.6737391504006774,0.5100951515890909,-0.34723423985279833,1.1622312823208096,1.554883191820979,-0.985531939827434,1.1379083908778547,-2.6298183231089265,-0.04607715902523267,-1.5772852627101144,-2.777970340032613,-0.6393391598734585,-3.3983062473886405,0.10479143033158875,-0.07980411675725804,3.241006853269035,1.216577868041877,1.0485147804918795
3.785390967178075,1.3371456773314343,-3.0646399814214784,1.0796038290181547,1.6039457029962059,2.8513192392590443,-0.9329562245101182,0.36559055282343433,-1.1639161513234537,-0.9318584212731859,-0.7156450283411893,4.371725190949188,-1.5578857798315513,-0.3636241523383916,0.6073189038263307,2.2206010874451128,0.7103292746010028,-2.506667423811588,-2.682264983946523,-2.7504011735489704,1.0787362629831143,-1.3525524696815512,1.7691901668135643,0.33161682122366865,-0.8591757245624917,1.6554128660445395,-0.7299501382726411,0.5726436009648398,-0.4526270748828171,1.0176775932616644,2.0345992370323347,-1.2125232959475802,1.242350512367555,-3.6496701906056566,-0.3041100878023632,-2.4819411574412764,-3.670304668994861,-0.7466083724981417,-3.593250498500725,0.3808753065865261,-0.7039702014287248,3.91567331646531,2.2793027354917075,0.9469119972670129
7.632581002273057,2.6234512429066683,-6.606211535919699,2.193245957921026,2.8513192392590443,6.037315957788826,-2.2252649338181016,0.3415367028392035,-2.5708636748505493,-1.5021063126818215,-1.2147945745543673,9.069978019232147,-3.334785809527851,-1.218905907643789,1.11973136490344,4.332439124426327,0.984320637511908,-5.197112470113585,-5.532286904923561,-5.90663901534533,2.4519340593374546,-2.7493749836626318,3.6928841323858563,0.8105499191424311,-1.5299531322406408,3.609903376289873,-1.8889986010072284,1.2072372326833571,-1.1055005838896783,2.3409321833012022,3.988416773564961,-2.5365038631519448,2.598155682210165,-7.1336229622056475,-0.8582653132271197,-4.773895110604435,-7.585578852680354,-1.505880812510602,-7.748609206998343,0.654363325433383,-1.4552541386307694,7.727390770139076,4.916235834747205,1.643526922751038
-2.8041555575358483,-0.8731019649802406,2.5128135535134333,-0.8720163688421698,-0.9329562245101182,-2.2252649338181016,1.0939758379069187,-0.03566580172440312,0.8752552657782012,0.4782526418877813,0.3332197035573804,-3.196102136880317,1.5613730928162308,0.49501980095115783,-0.34957251966371894,-1.5012328887445598,-0.1590013260031409,1.785291386481777,1.998290211236082,2.350425939029969,-0.702113989851111,0.9983214958054056,-1.3319305522640512,-0.3879970318467036,0.44740205725606014,-1.4229027759467214,0.7779578116383122,-0.474941618626885,0.4708551951463526,-0.8654000524649241,-1.3561892959260733,0.8954055812263689,-1.0693532561349215,2.4267438315471854,0.28830398775426797,1.5827398772947656,2.646265413187525,0.555428635848854,2.991205742208771,-0.23461299793403756,0.587204972732088,-2.739320167832453,-1.758587484408592,-0.5658502606724808
0.4901780500044288,0.2621320141844452,-0.15800186196141083,0.12379558067404,0.36559055282343433,0.3415367028392035,-0.03566580172440312,0.3808567299405646,-0.017228684265078384,-0.3608314449768228,-0.2019498860019881,0.2831199227999482,-0.22652351794452522,0.21834680183863284,0.14598870772969538,0.3955580381101505,0.39073150988996314,-0.37244914691592157,-0.37299321061964974,-0.36371053510943374,0.003302074568009995,-0.27862908146899074,0.15918701355512777,0.13239728703774964,-0.09776770019968006,0.20633149489066943,0.07118562265902037,0.07594350821524322,-0.04502961618628939,0.09274565944241958,0.24012132062629313,-0.09836125162783846,0.20374913807099626,-0.6133058948998086,0.19310157661745495,-0.3753269774202601,-0.32565763120585645,-0.03163096876411279,-0.3955943720286404,0.06332748954566093,0.04511773694168802,0.6762143133762305,0.06670391001114834,0.35352944059016705
-3.1947094348039222,-1.108288832762929,2.916889187520762,-0.8879134474041318,-1.1639161513234537,-2.5708636748505493,0.8752552657782012,-0.017228684265078384,1.2423453960139936,0.5424178414521198,0.5364149349336794,-4.087412063020791,1.15438497944318,0.7243455317553102,-0.4379682312564456,-1.7916538675863496,-0.34102048583373173,2.2631080917915973,2.3129723692079605,2.4616163138485594,-1.1518320803465711,1.1216314109170387,-1.617666921670788,-0.19120744112044982,0.7713291113068884,-1.470738955514829,0.8354628997888396,-0.47151169371259727,0.44377927527672173,-0.9297196934837235,-1.7911466537889431,1.063932314908638,-1.0550391869820264,3.040231947888112,0.5312089254062531,2.084507243808413,3.3192892516890034,0.6427810213536072,3.1765307828066556,-0.33515586676719894,0.7935044035533045,-3.2284589182531374,-2.297630818146109,-0.5475675665843616
-2.3402634815134453,-0.6527903646676702,1.3098110157702627,-0.7675319747449942,-0.9318584212731859,-1.5021063126818215,0.4782526418877813,-0.3608314449768228,0.5424178414521198,0.8226635722238643,0.2098461924196516,-2.3292464438844593,1.4012039463318189,-0.23662956909228453,-0.5348068166843115,-1.51259336163507,-0.6821026585056236,1.2191929750203214,1.4601128429483377,1.349242458772934,-0.5727469373395422,0.554576597159912,-1.12764890216564,-0.3308113221330955,0.4523509970135266,-0.9282476978562,0.2674913788659182,-0.30659854739950987,0.19832410865918507,-0.7381602709258823,-1.1821353533800536,0.6464603713462194,-0.845476163324134,2.049278949960829,-0.18592953605687934,1.255431189792091,1.8646745691494793,0.44333551564495016,2.2795015830400236,-0.12069134478562507,-0.08855828931320062,-2.497161722774692,-0.6706870350734238,-0.9926303274578681
-1.202720751805173,-0.720239484065748,1.5950606919108477,-0.09351890151765431,-0.7156450283411893,-1.2147945745543673,0.3332197035573804,-0.2019498860019881,0.5364149349336794,0.2098461924196516,0.8130699059833476,-1.7785427821350026,-0.31006263921030225,0.6156892630282753,-0.037721975930763124,-0.5399215994913149,-0.151441866101034,1.2849453212488977,1.1465858679169083,1.3514615264856162,-0.3689455452578762,0.9213440335614419,-0.47565050219443467,0.20613863180407863,0.5275965887754184,-0.549112716484699,0.2524852022038541,-0.13023433878065835,0.18546362965676316,0.021056150006972862,-0.8749804135500149,0.41054474051337786,-0.3321146340905316,1.6290685669375102,0.4401809793924225,1.3959630460523165,1.5876574517423834,0.26824361348414805,0.7695689184241319,-0.4023179526370443,0.9244796268596936,-1.2597047738489051,-1.6975560420992095,0.10367103951537826
11.927872546822979,3.772400967394702,-10.116007782711197,3.486509529250043,4.371725190949188,9.069978019232147,-3.196102136880317,0.2831199227999482,-4.087412063020791,-2.3292464438844593,-1.7785427821350026,14.567341749871744,-4.989244559130595,-1.8533015946089066,1.8265754056901904,6.870520027299338,1.6011536309357488,-7.737423198789434,-8.290542371590194,-8.484433144664434,3.9120827367263558,-3.8260333508299222,5.87482535739301,0.8818506305093884,-2.776723244770574,5.226077459990563,-2.759424224299182,1.7706066854766949,-1.400007283881115,3.505469793784674,6.472383214746308,-3.8923060150597917,3.8623732803460307,-10.995554012324648,-1.485042563472287,-7.631643979918008,-11.870442098025368,-2.4851861347276123,-11.691460072555286,1.1161279847777728,-2.298479641718267,11.989573585961665,7.528239618281603,2.5233780355909876
-5.210510333895498,-1.1094353492221913,2.9698858872069693,-2.0251566523773246,-1.5578857798315513,-3.334785809527851,1.5613730928162308,-0.22652351794452522,1.15438497944318,1.4012039463318189,-0.31006263921030225,-4.989244559130595,4.250858418406486,-0.5071442488892862,-1.131098976169313,-3.225868545168263,-0.8887335951118494,2.319089285396638,3.1144233467539735,3.0814081584760205,-1.2711585413048934,0.8978613893697072,-2.617188275719806,-1.2260402797089913,0.4476824651431871,-2.3916791016549133,1.086168549786577,-0.8598725198144713,0.6463230540841219,-2.184052859867922,-2.1993746596555637,1.5603120236394712,-2.039259038465686,3.800143453200676,-0.4233232809201266,1.9222125818831428,3.955170137265567,0.989947820776496,5.947490723072509,0.08904115437533994,-0.6245771611076829,-5.212656164564443,-1.013465585824242,-2.1667828863160263
-0.8302471926890668,-0.6098245834782071,1.9381885605648936,-0.00807625085980367,-0.3636241523383916,-1.218905907643789,0.49501980095115783,0.21834680183863284,0.7243455317553102,-0.23662956909228453,0.6156892630282753,-1.8533015946089066,-0.5071442488892862,1.226508262337735,0.1939465757635019,-0.22747971398776948,0.36683566249647837,1.2596526210162642,0.9853469727547234,1.394206411091087,-0.4322962135339569,0.8003505259647544,-0.37267997094691363,0.24170558003560907,0.43197421325081975,-0.5833001239962855,0.5386485399055798,-0.14807150013384393,0.2936018728195915,0.028072772313757766,-0.6825834648389723,0.38134879672972627,-0.2536999725468849,1.2203661967237218,0.8296179518391824,1.1345081031447857,1.5727099460513467,0.18089824608452149,0.7259350350688655,-0.3831966578410495,1.2615063358655267,-0.793280457785417,-2.0818198295960486,0.564204206383138
1.809625834922921,0.4051133442783768,-0.9298194518710925,0.6271389380899649,0.6073189038263307,1.11973136490344,-0.34957251966371894,0.14598870772969538,-0.4379682312564456,-0.5348068166843115,-0.037721975930763124,1.8265754056901904,-1.131098976169313,0.1939465757635019,0.4578976428945742,1.1401220894673052,0.46045053785815626,-0.8537808619009419,-1.0764272794618264,-0.9172499096775661,0.5670816771729101,-0.3153633168953481,0.9353187573870477,0.274515792403541,-0.2878468969611204,0.6909365578504086,-0.2702671459004393,0.2398496390350114,-0.12804969202175287,0.6864039384346962,0.8883067917695591,-0.5177520976565733,0.6113132858058988,-1.4562431764409465,0.12429414606497954,-0.8404404870083155,-1.432789404496839,-0.38157584247989335,-1.8461451021243056,0.012241755309055871,0.22057996235473162,1.8469188277315387,0.41760725672747034,0.751056165728184
6.151719549626475,1.7437527342198624,-4.40709810100756,1.9535370843465067,2.2206010874451128,4.332439124426327,-1.5012328887445598,0.3955580381101505,-1.7916538675863496,-1.51259336163507,-0.5399215994913149,6.870520027299338,-3.225868545168263,-0.22747971398776948,1.1401220894673052,3.862288050940536,1.2420739207381557,-3.536094583271426,-4.025935959717576,-3.8318479512932533,1.9629677708992175,-1.59105554269439,2.9855246274550034,0.7899411654807257,-1.2464323365753633,2.595254725392525,-1.1794644453717258,0.9723365856763561,-0.6187285934125556,2.0791373543298803,3.0840541937449806,-1.9801507298307122,1.9684002144421067,-5.405495987952106,-0.2782573215555793,-3.5967547891734797,-5.669650243254619,-1.23676001027019,-6.187876607473303,0.2988923318356834,-0.41628040680757894,6.301972575538971,2.8142504298601247,1.8441431462447602
1.6982132547780382,0.4109901026108613,-0.7013362820160635,0.5311211671671333,0.7103292746010028,0.984320637511908,-0.1590013260031409,0.39073150988996314,-0.34102048583373173,-0.6821026585056236,-0.151441866101034,1.6011536309357488,-0.8887335951118494,0.36683566249647837,0.46045053785815626,1.2420739207381557,0.7817654009047167,-0.824349006158637,-1.0034442648708108,-0.6986223870159057,0.5349240743039868,-0.31717891492553857,0.8439357808886638,0.1854555289961179,-0.41435671437020855,0.5298464501922617,-0.03949875189809915,0.2286263561046501,-0.017311539871761636,0.5517333046831634,0.8690927237525987,-0.4687498661750761,0.47928149059473685,-1.5233750191693745,0.22865163738708405,-1.0065238248801887,-1.3250395612825168,-0.3365851847848341,-1.5159303792068504,0.07175705601857704,0.2182898469404536,1.878930736895121,0.27326534453531376,0.8443128425855574
-6.301479956370715,-2.3953985768001567,5.788607308566854,-1.7068638721952196,-2.506667423811588,-5.197112470113585,1.785291386481777,-0.37244914691592157,2.2631080917915973,1.2191929750203214,1.2849453212488977,-7.737423198789434,2.319089285396638,1.2596526210162642,-0.8537808619009419,-3.536094583271426,-0.824349006158637,4.66321137154335,4.746463931761486,5.148955307236881,-2.0658877816323806,2.5630887093096124,-3.0185112101825093,-0.5686796187966255,1.3761954263998204,-3.045066777849785,1.601314918500646,-0.9897234421812872,0.9698946446948455,-1.8126484946908683,-3.420304317443834,2.125576271865825,-2.133092916105182,6.205042020275089,0.8849310358893643,4.216241715246081,6.528297756096265,1.208228375443472,6.288181701378362,-0.6675123838666099,1.547867943655174,-6.473043965535513,-4.5599917437412225,-1.1884721124761448
-7.08298219457,-2.4209091894394033,5.962621516548451,-1.9993208062829466,-2.682264983946523,-5.532286904923561,1.998290211236082,-0.37299321061964974,2.3129723692079605,1.4601128429483377,1.1465858679169083,-8.290542371590194,3.1144233467539735,0.9853469727547234,-1.0764272794618264,-4.025935959717576,-1.0034442648708108,4.746463931761486,5.166803903230617,5.413902533852885,-2.308508937604277,2.523202274060574,-3.4529013583293175,-0.7349935077302057,1.3944239056010412,-3.3040895575733766,1.6934805376930728,-1.1018003862504315,1.0036226689194963,-2.1504742841609814,-3.6948266508678835,2.351844031584523,-2.4042250188347714,6.606880937354674,0.6751357141093023,4.420755340957863,6.959391962966913,1.4069715029969716,7.142180497298143,-0.6110463993319505,1.2002841045175556,-7.170215791166478,-4.401891143690493,-1.620257402317813
-7.1617672738178095,-2.669934114918836,6.554904264690956,-1.9908804726209492,-2.7504011735489704,-5.90663901534533,2.350425939029969,-0.36371053510943374,2.4616163138485594,1.349242458772934,1.3514615264856162,-8.484433144664434,3.0814081584760205,1.394206411091087,-0.9172499096775661,-3.8318479512932533,-0.6986223870159057,5.148955307236881,5.413902533852885,6.187583664054226,-2.093165924296843,2.9465076050781014,-3.44734754769235,-0.762220307788396,1.3454511843551862,-3.6089586075260804,1.912450474550115,-1.1320675456638343,1.2332033285534576,-2.036428573054629,-3.7543301119224606,2.344229888888498,-2.637733086994953,6.814091548763647,0.8470925732302333,4.458400601672234,7.126009155384863,1.3560024563119166,7.337863897003952,-0.7574649369791268,1.731926785745257,-7.2307565067786825,-5.019224904429669,-1.3769113748054098
3.2326929146692636,1.00465479078068,-2.5357766835750093,0.8684516250049854,1.0787362629831143,2.4519340593374546,-0.702113989851111,0.003302074568009995,-1.1518320803465711,-0.5727469373395422,-0.3689455452578762,3.9120827367263558,-1.2711585413048934,-0.4322962135339569,0.5670816771729101,1.9629677708992175,0.5349240743039868,-2.0658877816323806,-2.308508937604277,-2.093165924296843,1.5352630718707418,-0.8979502856566466,1.6721733578664852,0.31119800248828466,-0.6627867677812609,1.387821216481319,-0.7858957112517729,0.5059428272620651,-0.37694069785158624,1.1960935021762915,1.671989095824418,-1.1869486111593948,0.8833302740970184,-2.939779475487635,-0.396706950801307,-2.0279284105700768,-3.319723333256606,-0.7023929456476231,-3.2923503155052827,0.10210755977366887,-0.26223818673988686,3.216943783718393,1.8870237870904951,0.7194597525828331
-3.085845753988448,-1.3714913518254277,3.173662118287492,-0.7390080207611579,-1.3525524696815512,-2.7493749836626318,0.9983214958054056,-0.27862908146899074,1.1216314109170387,0.554576597159912,0.9213440335614419,-3.8260333508299222,0.8978613893697072,0.8003505259647544,-0.3153633168953481,-1.59105554269439,-0.31717891492553857,2.5630887093096124,2.523202274060574,2.9465076050781014,-0.8979502856566466,1.626010781557934,-1.3961128644904204,-0.23914169311091205,0.6762505662677998,-1.6128231933110995,0.8432681199904557,-0.4921233961385133,0.5719205318148983,-0.7400512819095355,-1.704897929902232,1.061991158701195,-1.0836439767140666,3.249145014145717,0.5327244294409317,2.2627022087356843,3.345419924402336,0.5740507792323705,2.9996844527127,-0.4496439468008157,1.0946326551538563,-3.158414294965709,-2.6769709292305777,-0.3990287303296245
5.163559785069325,1.4290689432154726,-3.781026125155121,1.5977648626499463,1.7691901668135643,3.6928841323858563,-1.3319305522640512,0.15918701355512777,-1.617666921670788,-1.12764890216564,-0.47565050219443467,5.87482535739301,-2.617188275719806,-0.37267997094691363,0.9353187573870477,2.9855246274550034,0.8439357808886638,-3.0185112101825093,-3.4529013583293175,-3.44734754769235,1.6721733578664852,-1.3961128644904204,2.6995342961030757,0.47217942136455054,-1.020344456696388,2.2049040761630714,-1.0990400728547,0.7321008505562497,-0.5652372112375644,1.6457170522423892,2.702194292481221,-1.583395072211448,1.771338088762013,-4.449734781342649,-0.2376215608877545,-2.8312804791990045,-4.673341446539359,-1.0721165354665645,-5.207981179119074,0.37761233812109524,-0.44888989477137564,5.173080963393732,2.4987016716296924,1.4619654706536116
1.1206332988637777,0.34304363660725884,-0.5773589792361227,0.5133410252832463,0.33161682122366865,0.8105499191424311,-0.3879970318467036,0.13239728703774964,-0.19120744112044982,-0.3308113221330955,0.20613863180407863,0.8818506305093884,-1.2260402797089913,0.24170558003560907,0.274515792403541,0.7899411654807257,0.1854555289961179,-0.5686796187966255,-0.7349935077302057,-0.762220307788396,0.31119800248828466,-0.23914169311091205,0.47217942136455054,0.6536582091382583,0.1630145427448094,0.7134955830165214,-0.3689367745520986,0.28990715680014173,-0.27946611179687825,0.7529259242648573,0.2727951928322925,-0.4313201684375681,0.49161918825485856,-0.8044540304876632,0.16505724706423539,-0.24104908033187314,-0.8713449076949141,-0.11793005941173983,-1.6422850507112525,-0.23574797516984647,0.41274010329615285,1.1903964013791362,0.03168017556160416,0.560391764999932
-2.09415514560249,-0.6401014832878116,1.8650061862071599,-0.5248054559236517,-0.8591757245624917,-1.5299531322406408,0.44740205725606014,-0.09776770019968006,0.7713291113068884,0.4523509970135266,0.5275965887754184,-2.776723244770574,0.4476824651431871,0.43197421325081975,-0.2878468969611204,-1.2464323365753633,-0.41435671437020855,1.3761954263998204,1.3944239056010412,1.3454511843551862,-0.6627867677812609,0.6762505662677998,-1.020344456696388,0.1630145427448094,0.8134101108084856,-0.7108844776805892,0.3031268862039805,-0.24589269512060916,0.0880046477830411,-0.34742136416331265,-1.3277565965409446,0.6262430564691956,-0.5589593800739044,2.089822375557054,0.3911612756500002,1.7107618914194365,2.188155157005307,0.490037143810071,1.6368071416996117,-0.38603781604102927,0.7361984609706489,-2.1342902333275315,-1.5765310931595815,-0.32913213587466483
4.569771966571102,1.566405158667444,-3.8400447387039027,1.404716362619559,1.6554128660445395,3.609903376289873,-1.4229027759467214,0.20633149489066943,-1.470738955514829,-0.9282476978562,-0.549112716484699,5.226077459990563,-2.3916791016549133,-0.5833001239962855,0.6909365578504086,2.595254725392525,0.5298464501922617,-3.045066777849785,-3.3040895575733766,-3.6089586075260804,1.387821216481319,-1.6128231933110995,2.2049040761630714,0.7134955830165214,-0.7108844776805892,2.2961040931310244,-1.210619348720601,0.7608059336068623,-0.7595826854007685,1.5580905650692802,2.2507892038704695,-1.5302598774738763,1.671178675582806,-4.134001201248835,-0.3696293941062318,-2.574678756557356,-4.3947077945291255,-0.8479274028946857,-4.908804493812114,0.2744899383252709,-0.6388761171500621,4.630145865263036,2.665769526332066,1.1175775561976018
-2.210997409660957,-0.792697577288949,2.138437377910829,-0.6737391504006774,-0.7299501382726411,-1.8889986010072284,0.7779578116383122,0.07118562265902037,0.8354628997888396,0.2674913788659182,0.2524852022038541,-2.759424224299182,1.086168549786577,0.5386485399055798,-0.2702671459004393,-1.1794644453717258,-0.03949875189809915,1.601314918500646,1.6934805376930728,1.912450474550115,-0.7858957112517729,0.8432681199904557,-1.0990400728547,-0.3689367745520986,0.3031268862039805,-1.210619348720601,0.7869257206958247,-0.40074495668527715,0.4447615225042321,-0.8142147698132438,-1.0933048044791758,0.8062770388277691,-0.8184357294266861,1.9981808693417058,0.3713470344485288,1.2606471731907758,2.3258595229924564,0.4020187979369406,2.5184043145944806,-0.1314225024066648,0.44425580473682774,-2.1751923438696648,-1.580132672531716,-0.3397917406344959
1.5796616204534457,0.5023583002650511,-1.2898898657727247,0.5100951515890909,0.5726436009648398,1.2072372326833571,-0.474941618626885,0.07594350821524322,-0.47151169371259727,-0.30659854739950987,-0.13023433878065835,1.7706066854766949,-0.8598725198144713,-0.14807150013384393,0.2398496390350114,0.9723365856763561,0.2286263561046501,-0.9897234421812872,-1.1018003862504315,-1.1320675456638343,0.5059428272620651,-0.4921233961385133,0.7321008505562497,0.28990715680014173,-0.24589269512060916,0.7608059336068623,-0.40074495668527715,0.31391593138462565,-0.22671108914517676,0.5816160223012465,0.7245207153597638,-0.5635717763721904,0.5040405104651762,-1.3996976040345372,-0.144458266888023,-0.9157046014428089,-1.546674150138239,-0.29649303084815204,-1.7002881601660382,0.049893005284094065,-0.19240010546756237,1.5978027389362564,0.8534877696519229,0.3846579106547884
-1.2022119369240436,-0.5453403771990867,1.198199059307164,-0.34723423985279833,-0.4526270748828171,-1.1055005838896783,0.4708551951463526,-0.04502961618628939,0.44377927527672173,0.19832410865918507,0.18546362965676316,-1.400007283881115,0.6463230540841219,0.2936018728195915,-0.12804969202175287,-0.6187285934125556,-0.017311539871761636,0.9698946446948455,1.0036226689194963,1.2332033285534576,-0.37694069785158624,0.5719205318148983,-0.5652372112375644,-0.27946611179687825,0.0880046477830411,-0.7595826854007685,0.4447615225042321,-0.22671108914517676,0.33307470567115444,-0.4469272197600296,-0.5571562637600797,0.4430540737779105,-0.5180383920604069,1.1527090240617177,0.14696391512829815,0.6381361126413785,1.2354894344508773,0.1779003280815502,1.4453579016923679,-0.06002550606209536,0.25073132114567936,-1.2305251214326132,-0.8911064201682989,-0.22534397075704324
3.311306647786935,0.8839166436868515,-2.1849644135642157,1.1622312823208096,1.0176775932616644,2.3409321833012022,-0.8654000524649241,0.09274565944241958,-0.9297196934837235,-0.7381602709258823,0.021056150006972862,3.505469793784674,-2.184052859867922,0.028072772313757766,0.6864039384346962,2.0791373543298803,0.5517333046831634,-1.8126484946908683,-2.1504742841609814,-2.036428573054629,1.1960935021762915,-0.7400512819095355,1.6457170522423892,0.7529259242648573,-0.34742136416331265,1.5580905650692802,-0.8142147698132438,0.5816160223012465,-0.4469272197600296,1.4870918020308865,1.4548261685776118,-1.143152790921958,1.1163463803239002,-2.675503272630952,-0.03381612733350846,-1.5130228454091272,-2.9506616819347307,-0.6408612075517676,-3.7721885832056476,-0.10885640552641665,0.238357991501522,3.330459980664645,1.1486099065236073,1.1195557836009347
5.396290904399591,1.6689266246593333,-4.347710223592086,1.554883191820979,2.0345992370323347,3.988416773564961,-1.3561892959260733,0.24012132062629313,-1.7911466537889431,-1.1821353533800536,-0.8749804135500149,6.472383214746308,-2.1993746596555637,-0.6825834648389723,0.8883067917695591,3.0840541937449806,0.8690927237525987,-3.420304317443834,-3.6948266508678835,-3.7543301119224606,1.671989095824418,-1.704897929902232,2.702194292481221,0.2727951928322925,-1.3277565965409446,2.2507892038704695,-1.0933048044791758,0.7245207153597638,-0.5571562637600797,1.4548261685776118,3.013644287024074,-1.6539909655540486,1.7818868090966795,-4.987040281883433,-0.515369059191625,-3.4366211423851394,-5.179699645309266,-1.1423984244190213,-5.105373557888217,0.5876349278103408,-0.98262326274756,5.458308753672273,3.230925390163156,1.2754573521872827
-3.329975025394844,-1.0854505094903961,2.745031029329042,-0.985531939827434,-1.2125232959475802,-2.5365038631519448,0.8954055812263689,-0.09836125162783846,1.063932314908638,0.6464603713462194,0.41054474051337786,-3.8923060150597917,1.5603120236394712,0.38134879672972627,-0.5177520976565733,-1.9801507298307122,-0.4687498661750761,2.125576271865825,2.351844031584523,2.344229888888498,-1.1869486111593948,1.061991158701195,-1.583395072211448,-0.4313201684375681,0.6262430564691956,-1.5302598774738763,0.8062770388277691,-0.5635717763721904,0.4430540737779105,-1.143152790921958,-1.6539909655540486,1.1897432528664593,-1.0219475187152727,3.0265000226967778,0.36371095056032976,2.051595692971524,3.33374379786227,0.6821164839267976,3.414297262430642,-0.1579032217278389,0.44118741373372766,-3.325869692913132,-1.9519476530697677,-0.7506657307170721
3.5027585851339857,1.067262903755549,-2.642341270831585,1.1379083908778547,1.242350512367555,2.598155682210165,-1.0693532561349215,0.20374913807099626,-1.0550391869820264,-0.845476163324134,-0.3321146340905316,3.8623732803460307,-2.039259038465686,-0.2536999725468849,0.6113132858058988,1.9684002144421067,0.47928149059473685,-2.133092916105182,-2.4042250188347714,-2.637733086994953,0.8833302740970184,-1.0836439767140666,1.771338088762013,0.49161918825485856,-0.5589593800739044,1.671178675582806,-0.8184357294266861,0.5040405104651762,-0.5180383920604069,1.1163463803239002,1.7818868090966795,-1.0219475187152727,1.4132145627121135,-3.033594219471834,-0.06229132432167776,-1.7886373084887395,-3.0567516032224806,-0.6466070777055007,-3.712836965738583,0.27240189495031386,-0.3204744291895909,3.5786630549198355,1.6803080470582143,1.06780099401724
-9.296585522907288,-3.174033680631923,7.738502870583442,-2.6298183231089265,-3.6496701906056566,-7.1336229622056475,2.4267438315471854,-0.6133058948998086,3.040231947888112,2.049278949960829,1.6290685669375102,-10.995554012324648,3.800143453200676,1.2203661967237218,-1.4562431764409465,-5.405495987952106,-1.5233750191693745,6.205042020275089,6.606880937354674,6.814091548763647,-2.939779475487635,3.249145014145717,-4.449734781342649,-0.8044540304876632,2.089822375557054,-4.134001201248835,1.9981808693417058,-1.3996976040345372,1.1527090240617177,-2.675503272630952,-4.987040281883433,3.0265000226967778,-3.033594219471834,8.828072371987963,0.9489131202766058,6.049651331690923,9.167527375502935,1.8768385082621628,9.029176045811475,-0.8640847678595472,1.731709708486652,-9.504144429136575,-5.80979437367586,-2.1376608614846146
-0.6668049659180447,-0.436093768494996,1.4344279120138574,-0.04607715902523267,-0.3041100878023632,-0.8582653132271197,0.28830398775426797,0.19310157661745495,0.5312089254062531,-0.18592953605687934,0.4401809793924225,-1.485042563472287,-0.4233232809201266,0.8296179518391824,0.12429414606497954,-0.2782573215555793,0.22865163738708405,0.8849310358893643,0.6751357141093023,0.8470925732302333,-0.396706950801307,0.5327244294409317,-0.2376215608877545,0.16505724706423539,0.3911612756500002,-0.3696293941062318,0.3713470344485288,-0.144458266888023,0.14696391512829815,-0.03381612733350846,-0.515369059191625,0.36371095056032976,-0.06229132432167776,0.9489131202766058,0.7081849727481614,0.9741579900961125,1.3182377852676301,0.17283960596200382,0.495780729629977,-0.21831250566786006,0.929709865645102,-0.5989557743329221,-1.5429363477145508,0.4742105819539047
-6.118740456875467,-2.1194847075880117,5.512447203031035,-1.5772852627101144,-2.4819411574412764,-4.773895110604435,1.5827398772947656,-0.3753269774202601,2.084507243808413,1.255431189792091,1.3959630460523165,-7.631643979918008,1.9222125818831428,1.1345081031447857,-0.8404404870083155,-3.5967547891734797,-1.0065238248801887,4.216241715246081,4.420755340957863,4.458400601672234,-2.0279284105700768,2.2627022087356843,-2.8312804791990045,-0.24104908033187314,1.7107618914194365,-2.574678756557356,1.2606471731907758,-0.9157046014428089,0.6381361126413785,-1.5130228454091272,-3.4366211423851394,2.051595692971524,-1.7886373084887395,6.049651331690923,0.9741579900961125,4.618273070690735,6.431659898803047,1.3056042863346333,5.548516481622459,-0.7584741394017844,1.6431747602761573,-6.220930767890912,-4.4524339227823155,-1.060733934422629
-9.759545233596803,-3.269197252483948,8.474393378742423,-2.777970340032613,-3.670304668994861,-7.585578852680354,2.646265413187525,-0.32565763120585645,3.3192892516890034,1.8646745691494793,1.5876574517423834,-11.870442098025368,3.955170137265567,1.5727099460513467,-1.432789404496839,-5.669650243254619,-1.3250395612825168,6.528297756096265,6.959391962966913,7.126009155384863,-3.319723333256606,3.345419924402336,-4.673341446539359,-0.8713449076949141,2.188155157005307,-4.3947077945291255,2.3258595229924564,-1.546674150138239,1.2354894344508773,-2.9506616819347307,-5.179699645309266,3.33374379786227,-3.0567516032224806,9.167527375502935,1.3182377852676301,6.431659898803047,9.952005913988552,2.008086998949773,9.630883841710277,-0.8296202804597226,1.9514100760412887,-9.823003762381914,-6.406806274943415,-1.9435766538935126
-2.165866031977737,-0.5666112024215936,1.6277566292297685,-0.6393391598734585,-0.7466083724981417,-1.505880812510602,0.555428635848854,-0.03163096876411279,0.6427810213536072,0.44333551564495016,0.26824361348414805,-2.4851861347276123,0.989947820776496,0.18089824608452149,-0.38157584247989335,-1.23676001027019,-0.3365851847848341,1.208228375443472,1.4069715029969716,1.3560024563119166,-0.7023929456476231,0.5740507792323705,-1.0721165354665645,-0.11793005941173983,0.490037143810071,-0.8479274028946857,0.4020187979369406,-0.29649303084815204,0.1779003280815502,-0.6408612075517676,-1.1423984244190213,0.6821164839267976,-0.6466070777055007,1.8768385082621628,0.17283960596200382,1.3056042863346333,2.008086998949773,0.5234827151182191,2.0390946534576395,-0.15791479206195266,0.2631990476206691,-2.1029300909122552,-1.1455356472299252,-0.5384900348435336
-10.49569025909184,-3.1141168136105146,7.915781205335097,-3.3983062473886405,-3.593250498500725,-7.748609206998343,2.991205742208771,-0.3955943720286404,3.1765307828066556,2.2795015830400236,0.7695689184241319,-11.691460072555286,5.947490723072509,0.7259350350688655,-1.8461451021243056,-6.187876607473303,-1.5159303792068504,6.288181701378362,7.142180497298143,7.337863897003952,-3.2923503155052827,2.9996844527127,-5.207981179119074,-1.6422850507112525,1.6368071416996117,-4.908804493812114,2.5184043145944806,-1.7002881601660382,1.4453579016923679,-3.7721885832056476,-5.105373557888217,3.414297262430642,-3.712836965738583,9.029176045811475,0.495780729629977,5.548516481622459,9.630883841710277,2.0390946534576395,11.226848025531321,-0.42947829669970045,0.6979641384222518,-10.585147244481039,-5.0372305762711385,-3.00446275018521
0.7198604277200845,0.3078558324187897,-0.9313041921643803,0.10479143033158875,0.3808753065865261,0.654363325433383,-0.23461299793403756,0.06332748954566093,-0.33515586676719894,-0.12069134478562507,-0.4023179526370443,1.1161279847777728,0.08904115437533994,-0.3831966578410495,0.012241755309055871,0.2988923318356834,0.07175705601857704,-0.6675123838666099,-0.6110463993319505,-0.7574649369791268,0.10210755977366887,-0.4496439468008157,0.37761233812109524,-0.23574797516984647,-0.38603781604102927,0.2744899383252709,-0.1314225024066648,0.049893005284094065,-0.06002550606209536,-0.10885640552641665,0.5876349278103408,-0.1579032217278389,0.27240189495031386,-0.8640847678595472,-0.21831250566786006,-0.7584741394017844,-0.8296202804597226,-0.15791479206195266,-0.42947829669970045,0.35453256428734126,-0.6155578699639291,0.7505899030543666,0.9212330783691688,-0.01879064057079117
-1.1952191287574558,-0.7999188561769947,2.367825188067692,-0.07980411675725804,-0.7039702014287248,-1.4552541386307694,0.587204972732088,0.04511773694168802,0.7935044035533045,-0.08855828931320062,0.9244796268596936,-2.298479641718267,-0.6245771611076829,1.2615063358655267,0.22057996235473162,-0.41628040680757894,0.2182898469404536,1.547867943655174,1.2002841045175556,1.731926785745257,-0.26223818673988686,1.0946326551538563,-0.44888989477137564,0.41274010329615285,0.7361984609706489,-0.6388761171500621,0.44425580473682774,-0.19240010546756237,0.25073132114567936,0.238357991501522,-0.98262326274756,0.44118741373372766,-0.3204744291895909,1.731709708486652,0.929709865645102,1.6431747602761573,1.9514100760412887,0.2631990476206691,0.6979641384222518,-0.6155578699639291,1.7673320103790748,-1.1814396679111143,-2.528627371236623,0.6000352349790989
10.559024257060237,3.2347074093683843,-8.022671286259524,3.241006853269035,3.91567331646531,7.727390770139076,-2.739320167832453,0.6762143133762305,-3.2284589182531374,-2.497161722774692,-1.2597047738489051,11.989573585961665,-5.212656164564443,-0.793280457785417,1.8469188277315387,6.301972575538971,1.878930736895121,-6.473043965535513,-7.170215791166478,-7.2307565067786825,3.216943783718393,-3.158414294965709,5.173080963393732,1.1903964013791362,-2.1342902333275315,4.630145865263036,-2.1751923438696648,1.5978027389362564,-1.2305251214326132,3.330459980664645,5.458308753672273,-3.325869692913132,3.5786630549198355,-9.504144429136575,-0.5989557743329221,-6.220930767890912,-9.823003762381914,-2.1029300909122552,-10.585147244481039,0.7505899030543666,-1.1814396679111143,10.804702209366148,5.456194181475938,2.950542546774644
5.455295413224873,2.3318566397559795,-6.175195576174239,1.216577868041877,2.2793027354917075,4.916235834747205,-1.758587484408592,0.06670391001114834,-2.297630818146109,-0.6706870350734238,-1.6975560420992095,7.528239618281603,-1.013465585824242,-2.0818198295960486,0.41760725672747034,2.8142504298601247,0.27326534453531376,-4.5599917437412225,-4.401891143690493,-5.019224904429669,1.8870237870904951,-2.6769709292305777,2.4987016716296924,0.03168017556160416,-1.5765310931595815,2.665769526332066,-1.580132672531716,0.8534877696519229,-0.8911064201682989,1.1486099065236073,3.230925390163156,-1.9519476530697677,1.6803080470582143,-5.80979437367586,-1.5429363477145508,-4.4524339227823155,-6.406806274943415,-1.1455356472299252,-5.0372305762711385,0.9212330783691688,-2.528627371236623,5.456194181475938,5.505334077300631,0.20807111359860578
2.8046959104473816,0.579010917267408,-1.1854262841450223,1.0485147804918795,0.9469119972670129,1.643526922751038,-0.5658502606724808,0.35352944059016705,-0.5475675665843616,-0.9926303274578681,0.10367103951537826,2.5233780355909876,-2.1667828863160263,0.564204206383138,0.751056165728184,1.8441431462447602,0.8443128425855574,-1.1884721124761448,-1.620257402317813,-1.3769113748054098,0.7194597525828331,-0.3990287303296245,1.4619654706536116,0.560391764999932,-0.32913213587466483,1.1175775561976018,-0.3397917406344959,0.3846579106547884,-0.22534397075704324,1.1195557836009347,1.2754573521872827,-0.7506657307170721,1.06780099401724,-2.1376608614846146,0.4742105819539047,-1.060733934422629,-1.9435766538935126,-0.5384900348435336,-3.00446275018521,-0.01879064057079117,0.6000352349790989,2.950542546774644,0.20807111359860578,1.46091477125796
