V1,V2,V3,V4,V5,V6,V7,V8,V9,V10,V11,V12,V13,V14,V15,V16,V17,V18,V19,V20,V21,V22,V23,V24,V25,V26,V27,V28,V29,V30,V31,V32,V33,V34,V35,V36,V37,V38,V39,V40,V41,V42,V43,V44
1.9083797211665963,-0.9385686645714656,3.6119244927066063,0.9414925530488345,-0.26814316369147634,-0.6313678089377304,0.3123089040050989,0.10542378163628177,0.4996549520944361,-1.4395797718679013,1.642378724099437,-0.9458967600279452,-3.8072220918749755,3.2009218209434143,1.6952718837324572,0.7942936102417144,1.2753337073886237,1.605041622478306,-0.32082584336873987,0.6932182823600402,0.9358600672304938,1.5765365560422764,2.2915763365798703,0.45012706887043685,0.9435263941573148,0.0724807453739464,0.45170464777482855,-0.40576670326128367,0.16586007931589342,1.4139456449359393,0.5892484704884062,0.2300755003291903,1.3597408106220068,0.6137161617618386,3.0249000634719865,2.4386546895609307,1.8652465756970003,-0.6148805611586882,-2.537915579596647,-0.7212351065104705,4.458718326833075,1.4980442201458266,-4.766162569251649,3.307329204686284
-0.9385686645714656,0.7899749446244466,-2.061385325849231,-0.9666812518967208,0.48553364938331267,0.4942572628524007,0.02745242257068229,0.16842082778932527,-0.44275151773761373,0.6450306368291597,-1.7827184708473078,0.7525714482498855,3.260101176121452,-2.0078245564421993,-0.9149776448741385,-0.8612695084188099,-0.5111280773911654,-1.2781612726265303,-0.24553668772572634,-0.9513590741473111,-0.4207753655447911,-1.3831096197108834,-0.9397525177326033,-1.1184739266203216,-0.9321510078991486,-0.27410036107540003,0.03599248276018175,-0.10708884439402025,-0.0152362253767236,-1.5326921332383212,0.28603758739576396,0.10225371841066586,-0.6505880124600021,-0.9080882998538783,-1.5789864123638677,-1.8428440242485273,-1.0099547191885994,0.18667612577935985,2.1849109967387754,0.983549795638633,-3.0047435441866788,-0.7578446403884924,3.3389775851205528,-1.9362077914378344
3.6119244927066063,-2.061385325849231,7.48959268823712,2.623803178995281,-0.6797787334000054,-1.5017553289895647,0.5764868100339728,0.4998190579191997,1.5039013574100906,-3.0545891046027163,4.499134191643573,-2.5443799958995186,-9.399605260996513,7.228052455689288,3.4085386389742482,2.7790752395555987,2.8895682913970218,3.639068242117382,0.03899741670223459,2.569703150949859,1.5591961085410293,3.7951795592868103,3.6738014307377855,2.6458651888358733,2.458319421201579,0.508420206585287,0.7349011603918808,-0.11990357676162344,0.2837383310571655,4.113706564138382,0.04986731470311421,-0.015084481622637536,2.3725345368031068,1.703382418117175,6.032133417717588,5.1790083802539275,3.5236024324123956,-0.8257690484381146,-6.197483277371328,-2.4870116862952942,9.89270965244076,3.2870483744922345,-10.86050464172155,7.061588905717046
0.9414925530488345,-0.9666812518967208,2.623803178995281,1.643577685862437,-0.540050333784964,-0.7407721459639843,0.01832945694573772,0.20551858165858086,0.9367145318517477,-0.9976608280192967,2.8518941967990528,-1.4121729395253906,-4.999490803397904,3.038535717112794,1.0901970104445053,1.9833998147021912,1.027781280621941,1.7193029236258461,0.7576579100218767,2.008493543270356,0.22257476776196244,1.9948429147576694,0.3402443917511692,2.616666400420744,1.4507395915801462,0.567126083933374,-0.06973112883927748,0.6536330747807474,0.007301008823933927,2.695272658884415,-1.1604891619617834,-0.48223889489402366,0.4561795422814337,1.2486440498168012,1.8590645136410755,2.1949340427050754,0.9731148061278528,0.11203410968383296,-3.272154571972524,-1.8990259039387498,4.195275639202589,1.2052213853975597,-4.854157209711325,2.6394842660807747
-0.26814316369147634,0.48553364938331267,-0.6797787334000054,-0.540050333784964,0.4638361660635693,0.23799847529170529,0.19862963861193692,0.38614009914910485,-0.15219932871502742,0.0052751372477424455,-1.09754865926172,0.2739312315941728,1.6990710141615435,-0.6514916297476452,-0.28336295473847023,-0.3287021514304239,0.13605449088592303,-0.6933930591710112,-0.2899708363026065,-0.512493232756748,-0.14821644885204038,-0.7823771880457425,-0.28932506568065214,-0.6886800095230073,-0.5479251477175862,-0.21363930002211828,0.2487524617589271,-0.14450397744283758,0.05738854389562502,-0.8623203849361311,0.348315088631639,0.1113625650172554,-0.232819019799149,-0.7335557217253635,-0.44945934489493283,-1.0360124916195272,-0.391611162173363,0.04122378609030171,1.1712995511356585,0.5865833324825335,-1.2531273058949666,-0.08915981488853873,1.4146545306610787,-0.6209827886241049
-0.6313678089377304,0.4942572628524007,-1.5017553289895647,-0.7407721459639843,0.23799847529170529,0.3657199012908861,-0.05354332866751232,-0.0896467983373423,-0.4154506429600814,0.5793851762736283,-1.2852793316594109,0.6565893741987906,2.395180452396123,-1.589079290997629,-0.6538280208339621,-0.840554756276644,-0.5673724825139004,-0.8695236824693432,-0.22687533300267762,-0.8359281893334063,-0.22278343409352575,-0.9655991025653156,-0.4725837883230822,-1.0180353858386977,-0.6708863822196486,-0.21834677279734352,-0.042970280474979694,-0.17511636486462834,-0.027625414897608485,-1.1937960905217775,0.3326612520690791,0.14028776716097996,-0.37145595010875987,-0.5477944452511502,-1.1355394461643105,-1.1701140021898593,-0.6372322870552404,0.052873733933622956,1.5744340022783019,0.8002667488634658,-2.202844120220794,-0.6646869070939879,2.486576706286311,-1.460853566857148
0.3123089040050989,0.02745242257068229,0.5764868100339728,0.01832945694573772,0.19862963861193692,-0.05354332866751232,0.2011069291800529,0.3113937789579621,0.10969502062990899,-0.4060114588438581,-0.07675124416007684,-0.17383473213614486,-0.20561871527727102,0.5639232452410714,0.2777699627268036,0.17540802153308305,0.4744061817081459,0.055101554316361954,-0.17060703945190006,0.032353039036155426,0.11253321201084229,0.02212915291083029,0.3014616991288799,-0.06334968622682836,-0.010200159073218936,-0.06269918053922767,0.2526605201151021,-0.10071114761553025,0.0734321497076394,0.01988346053522898,0.2151254782517051,0.06374116992927384,0.16777583905687704,-0.22818158382529993,0.523863605169361,0.04507740758810618,0.223419329836735,-0.08084558287826532,-0.10305531569001836,0.026456220742672336,0.5442843515600414,0.38561981446565535,-0.5750376650267323,0.5576952384876885
0.10542378163628177,0.16842082778932527,0.4998190579191997,0.20551858165858086,0.38614009914910485,-0.0896467983373423,0.3113937789579621,0.7498202838399071,0.36660300626185394,-0.5894157791278644,0.1000083842027266,-0.47200255051632084,-0.4817116759052696,0.8495971475152185,0.19521638027110633,0.7820469951096892,0.8457265923174286,-0.02494908645205688,0.07200164752370257,0.5120893817122114,-0.1376772011801888,0.02305367380646495,-0.3583148664002275,0.658663659708338,0.06150169653230402,0.04227672453224387,0.32346676017696097,0.23739436917216605,0.08690029800837833,0.38111389894984504,-0.26866271189310437,-0.16351412919701475,-0.13717623109345167,-0.3532515393303285,0.3796488835447909,-0.29313531106778845,-0.06613941312040915,0.17719913585519487,-0.21834162163857807,-0.31766375442870537,0.6087558644813625,0.59436234182502,-0.7818963156329876,0.6213830732955246
0.4996549520944361,-0.44275151773761373,1.5039013574100906,0.9367145318517477,-0.15219932871502742,-0.4154506429600814,0.10969502062990899,0.36660300626185394,0.6237157503099339,-0.7106089418308222,1.542676461954216,-0.9048492655101871,-2.781005379112383,1.861496885117036,0.6143785131455568,1.3247630171267961,0.8118703592136612,0.8821419390092303,0.4440312274457696,1.2456713135675805,0.050618602586770645,1.0473645322055456,8.851761269374429e-4,1.6372962792091872,0.7837244778436262,0.31615236317051665,0.061615360956879986,0.44848997143551295,0.030144976785616187,1.5583612832960312,-0.7358518601108903,-0.3235023798654945,0.16831155252852928,0.5406279465569104,1.0593762676588043,1.0238520288140123,0.457742221931131,0.13723777138953666,-1.7858718458791973,-1.1193217684395074,2.3679805141284125,0.8195703245433561,-2.7845626632438845,1.561601459641559
-1.4395797718679013,0.6450306368291597,-3.0545891046027163,-0.9976608280192967,0.0052751372477424455,0.5793851762736283,-0.4060114588438581,-0.5894157791278644,-0.7106089418308222,1.4672718676606384,-1.5753654682490976,1.1393050422037263,3.5486571769415276,-3.088332635483175,-1.383926922719435,-1.3360292252493455,-1.5271537770404393,-1.2835573644686913,0.03605405399133315,-1.0968278254562427,-0.5446027147221614,-1.3397603413346546,-1.2822928300908272,-1.1402226656980712,-0.8752926292751281,-0.16091436917419608,-0.4877592092311011,-0.002651286371636518,-0.16416880567221848,-1.5856415541182685,-0.015633188844476873,0.036762424282647505,-0.8549744100584368,-0.36265615160594655,-2.475278524802959,-1.7150035585574717,-1.3046344665011018,0.258884121992057,2.2892237423666204,0.970943618745533,-3.9144734023630825,-1.5374902497433016,4.3370931940140265,-2.9415887011915682
1.642378724099437,-1.7827184708473078,4.499134191643573,2.8518941967990528,-1.09754865926172,-1.2852793316594109,-0.07675124416007684,0.1000083842027266,1.542676461954216,-1.5753654682490976,5.052329120964674,-2.3495297750020385,-8.736898961250803,5.1165314613036985,1.8710970938925842,3.256204529188315,1.5228420530208757,3.069385650990302,1.3242845158039802,3.3910727303333017,0.447893984296434,3.5408813958650716,0.7300541012490575,4.433672700626272,2.5620799381945565,0.9869317706921097,-0.23996842370055374,1.0840112742344334,-0.01700046945923502,4.669127714724849,-1.9696019637472053,-0.7999797052701288,0.867953784910633,2.3511975856554135,3.172616797351274,4.007437186422942,1.7584106543444704,0.1369354012450616,-5.753740041462479,-3.266473286445702,7.251157829013346,1.9358055665754972,-8.379272045436474,4.483290894417516
-0.9458967600279452,0.7525714482498855,-2.5443799958995186,-1.4121729395253906,0.2739312315941728,0.6565893741987906,-0.17383473213614486,-0.47200255051632084,-0.9048492655101871,1.1393050422037263,-2.3495297750020385,1.3499334339063032,4.337004021825212,-2.956598803644379,-1.071312063941999,-1.888607684287174,-1.246121175059216,-1.44343852102147,-0.564485418222723,-1.7854094118809323,-0.20742273835612876,-1.665952232406747,-0.34351574639964716,-2.2787518225115933,-1.2096883592089498,-0.4475968012241928,-0.12664010901458875,-0.5461924750081981,-0.05841185601754579,-2.322505881793686,0.9186004759826425,0.40431942263486054,-0.42743102076786677,-0.8550243405171976,-1.8595715226230034,-1.7748619352482626,-0.8951627596966003,-0.09325478609462877,2.80363640226031,1.626799575305969,-3.8516555052515833,-1.3007591116197195,4.452159542066713,-2.5740354599076056
-3.8072220918749755,3.260101176121452,-9.399605260996513,-4.999490803397904,1.6990710141615435,2.395180452396123,-0.20561871527727102,-0.4817116759052696,-2.781005379112383,3.5486571769415276,-8.736898961250803,4.337004021825212,15.88802861556424,-10.16278644885229,-4.039463546416502,-5.701586833853425,-3.4594085402801102,-5.7004856567760624,-1.7925021985987668,-5.7464607543369635,-1.2638969520245027,-6.40729030302146,-2.5456624267417727,-7.1853479256402455,-4.513904431911335,-1.5529582986502755,-0.062198343178421815,-1.427408999057126,-0.11747677566420169,-8.106178894105476,2.6472367731349755,1.1002858305458867,-2.1816005908041753,-3.8262794452919575,-6.970690775126759,-7.591212637058283,-3.8939908499548856,0.15482910365016186,10.449000708153036,5.510119680354619,-14.155884294136738,-4.13805305260744,16.10573941653345,-9.209491899635983
3.2009218209434143,-2.0078245564421993,7.228052455689288,3.038535717112794,-0.6514916297476452,-1.589079290997629,0.5639232452410714,0.8495971475152185,1.861496885117036,-3.088332635483175,5.1165314613036985,-2.956598803644379,-10.16278644885229,7.500350726042118,3.2019925821160933,3.658391217642672,3.1108746912805896,3.6837678346025515,0.5778596549996012,3.3969868226639646,1.1683736432435157,4.001444040850101,2.60639689898679,3.940051013571367,2.7237417991210515,0.755438632175604,0.6188922630321878,0.47873467559229055,0.24452660816239427,4.87667391142076,-0.8845166672098856,-0.4179750655952794,1.8937388991436652,1.861981348374624,5.6342231322920044,4.943801661401602,3.0764084618234366,-0.4114701528969305,-6.636414308524992,-3.1716610232230913,10.01493203130969,3.389672759610264,-11.22649419744831,7.000224515745746
1.6952718837324572,-0.9149776448741385,3.4085386389742482,1.0901970104445053,-0.28336295473847023,-0.6538280208339621,0.2777699627268036,0.19521638027110633,0.6143785131455568,-1.383926922719435,1.8710970938925842,-1.071312063941999,-4.039463546416502,3.2019925821160933,1.5681687075744615,1.0970124562310692,1.2896993227664437,1.6037861867265877,-0.0916599361981574,0.9989118129473471,0.7649255177311807,1.6423668346191556,1.8323804795892338,0.941931992550231,1.0386536461400353,0.1775637937022533,0.3709269940671225,-0.16480110064411252,0.13947752335043712,1.6879703720896717,0.20152995998544512,0.06749838061514775,1.1435481876015217,0.6997077736903419,2.7842517828657565,2.3295146816749246,1.6526572950986613,-0.44253965363130265,-2.6704917243593385,-0.9798722272149287,4.402234118401504,1.474113286437165,-4.788589149272989,3.1844005268302267
0.7942936102417144,-0.8612695084188099,2.7790752395555987,1.9833998147021912,-0.3287021514304239,-0.840554756276644,0.17540802153308305,0.7820469951096892,1.3247630171267961,-1.3360292252493455,3.256204529188315,-1.888607684287174,-5.701586833853425,3.658391217642672,1.0970124562310692,2.8703837820396134,1.595691908751484,1.7474898882766856,1.0827616274644436,2.7263044498705917,-0.04923489039652764,2.1346586610340093,-0.39727024054075866,3.661585457517947,1.6360596467577366,0.7221187342874599,0.03877107688211644,1.0958339524884047,0.0327071268134292,3.3198656201206256,-1.797524820212167,-0.7815779790762294,0.14233043739168552,1.1594170877640317,1.871388969274211,1.9422073913734479,0.7176517292805328,0.4209341491245548,-3.6497539404875545,-2.440053463940407,4.6220148791901075,1.5829999941926043,-5.507576916660405,2.9622740603388387
1.2753337073886237,-0.5111280773911654,2.8895682913970218,1.027781280621941,0.13605449088592303,-0.5673724825139004,0.4744061817081459,0.8457265923174286,0.8118703592136612,-1.5271537770404393,1.5228420530208757,-1.246121175059216,-3.4594085402801102,3.1108746912805896,1.2896993227664437,1.595691908751484,1.71614208069963,1.1528896777714042,0.06292969634930534,1.2832488768663364,0.38637441701638986,1.2446779857469588,0.8897628608291303,1.4219494478897556,0.8436342993305038,0.2017561359390783,0.5412804592910242,0.16042061044716333,0.17276949515372841,1.657268800042547,-0.20616027163098222,-0.14475732167343539,0.6496494712207203,0.21740429916075135,2.316103200201529,1.4137694956396538,1.0900633105099242,-0.11519589209932973,-2.1902642825330756,-1.079720992771235,3.7613778065739454,1.6100170273212018,-4.216382440265632,2.8583008800508214
1.605041622478306,-1.2781612726265303,3.639068242117382,1.7193029236258461,-0.6933930591710112,-0.8695236824693432,0.055101554316361954,-0.02494908645205688,0.8821419390092303,-1.2835573644686913,3.069385650990302,-1.44343852102147,-5.7004856567760624,3.6837678346025515,1.6037861867265877,1.7474898882766856,1.1528896777714042,2.1558085175136092,0.4599657572243838,1.8110014846018776,0.6502631123372489,2.3557776780388537,1.4304071639858054,2.156596931649365,1.6070268950909508,0.4893326632427255,0.04121484031481182,0.28140524010456813,0.05261826189167666,2.7459849638197587,-0.6092252027419912,-0.24286569175214112,1.0342319472077381,1.42531904333272,2.780366705149076,3.012557464051048,1.6680613389118373,-0.24153315013096802,-3.7827861805765854,-1.7955476522162226,5.2876119387235825,1.4806318401199934,-5.914653616911413,3.475200682905674
-0.32082584336873987,-0.24553668772572634,0.03899741670223459,0.7576579100218767,-0.2899708363026065,-0.22687533300267762,-0.17060703945190006,0.07200164752370257,0.4440312274457696,0.03605405399133315,1.3242845158039802,-0.564485418222723,-1.7925021985987668,0.5778596549996012,-0.0916599361981574,1.0827616274644436,0.06292969634930534,0.4599657572243838,0.7679891408596528,1.1676901969566948,-0.3365692327480681,0.6886922874027736,-0.9867744751460987,1.7759088707699218,0.6121771016522136,0.39970111479089754,-0.31776501919503536,0.7278774030163867,-0.08918620070114625,1.3150593009371643,-1.2230755655143288,-0.49805282436025844,-0.3867707883795206,0.6537064554287979,-0.23289344298583237,0.38099421338243006,-0.26580916673640315,0.42035297682326334,-1.1518666704798075,-1.0748032204430888,0.7946445438532723,0.09148898997184586,-1.1387624103744813,0.21441504536482586
0.6932182823600402,-0.9513590741473111,2.569703150949859,2.008493543270356,-0.512493232756748,-0.8359281893334063,0.032353039036155426,0.5120893817122114,1.2456713135675805,-1.0968278254562427,3.3910727303333017,-1.7854094118809323,-5.7464607543369635,3.3969868226639646,0.9989118129473471,2.7263044498705917,1.2832488768663364,1.8110014846018776,1.1676901969566948,2.6986691279894104,-0.054222984459156506,2.213926558028512,-0.42035493469364427,3.6622193142414585,1.6931016352789316,0.7662058991899574,-0.12984544964854222,1.112120671867547,-0.013936159260958229,3.3523297966013534,-1.8769719503742854,-0.7935836254222877,0.12485292377411646,1.3787748523376226,1.6755404660278603,2.089926025023232,0.6897888155720594,0.4193073336200442,-3.7111189964408955,-2.4705653550193833,4.476622763102175,1.3627711085671823,-5.337155411638318,2.734807769899494
0.9358600672304938,-0.4207753655447911,1.5591961085410293,0.22257476776196244,-0.14821644885204038,-0.22278343409352575,0.11253321201084229,-0.1376772011801888,0.050618602586770645,-0.5446027147221614,0.447893984296434,-0.20742273835612876,-1.2638969520245027,1.1683736432435157,0.7649255177311807,-0.04923489039652764,0.38637441701638986,0.6502631123372489,-0.3365692327480681,-0.054222984459156506,0.5421382461860458,0.5750465481415802,1.3676666721219133,-0.33503880107685874,0.28896761941493976,-0.06559843425855301,0.2071880173323932,-0.4045672901738125,0.07731946575145666,0.2790772786901628,0.6078229122482439,0.2553634168140515,0.750970372538791,0.2209352984364754,1.3731215292233223,1.1167099746577953,0.942784227721228,-0.41998955767762164,-0.8756322856290174,-0.023850331806691244,1.7595658052824459,0.5416171616097499,-1.7882291194347908,1.3505873243169926
1.5765365560422764,-1.3831096197108834,3.7951795592868103,1.9948429147576694,-0.7823771880457425,-0.9655991025653156,0.02212915291083029,0.02305367380646495,1.0473645322055456,-1.3397603413346546,3.5408813958650716,-1.665952232406747,-6.40729030302146,4.001444040850101,1.6423668346191556,2.1346586610340093,1.2446779857469588,2.3557776780388537,0.6886922874027736,2.213926558028512,0.5750465481415802,2.6279104160101077,1.1972890742087863,2.741627426764603,1.8327840409946239,0.6190961359574975,-0.03168251095793602,0.49866026143348385,0.03314373434319734,3.2153198086978523,-0.975722728875483,-0.3938252063025086,0.9581213552134757,1.6397535410764748,2.8290790759562077,3.2117011988196187,1.6507567264284653,-0.12787987065023265,-4.237671154321593,-2.1647880920751468,5.713641702778729,1.5804766552090437,-6.460255454685485,3.6785845018607524
2.2915763365798703,-0.9397525177326033,3.6738014307377855,0.3402443917511692,-0.28932506568065214,-0.4725837883230822,0.3014616991288799,-0.3583148664002275,8.851761269374429e-4,-1.2822928300908272,0.7300541012490575,-0.34351574639964716,-2.5456624267417727,2.60639689898679,1.8323804795892338,-0.39727024054075866,0.8897628608291303,1.4304071639858054,-0.9867744751460987,-0.42035493469364427,1.3676666721219133,1.1972890742087863,3.491731618592041,-1.245723048537935,0.53419637528378106,-0.2476948449548637,0.5629978202329006,-1.14433947407999,0.20259794015117447,0.32983434552483004,1.7428219458998513,0.7297141048081298,1.8720642064135218,0.3697444842710904,3.3068384838444533,2.5641588618983624,2.299842034144181,-1.1012864366398925,-1.7872424702247969,0.2099724081523963,3.9679970184054985,1.2496034265949094,-3.9366568825636197,3.1345460297559575
0.45012706887043685,-1.1184739266203216,2.6458651888358733,2.616666400420744,-0.6886800095230073,-1.0180353858386977,-0.06334968622682836,0.658663659708338,1.6372962792091872,-1.1402226656980712,4.433672700626272,-2.2787518225115933,-7.1853479256402455,3.940051013571367,0.941931992550231,3.661585457517947,1.4219494478897556,2.156596931649365,1.7759088707699218,3.6622193142414585,-0.33503880107685874,2.741627426764603,-1.245723048537935,5.128835265366776,2.1725877232288657,1.0750991862529764,-0.34113704967366365,1.713287198671265,-0.07294353818195852,4.41919073125762,-2.86265089869778,-1.201680859955075,-0.1932970750575101,1.8431695527622107,1.5222699811443758,2.3336400919573923,0.46692074110622317,0.7711417005555085,-4.62549707136671,-3.3396433489086035,5.143198267375558,1.4994209820034743,-6.305263940214194,2.963655681170887
0.9435263941573148,-0.9321510078991486,2.458319421201579,1.4507395915801462,-0.5479251477175862,-0.6708863822196486,-0.010200159073218936,0.06150169653230402,0.7837244778436262,-0.8752926292751281,2.5620799381945565,-1.2096883592089498,-4.513904431911335,2.7237417991210515,1.0386536461400353,1.6360596467577366,0.8436342993305038,1.6070268950909508,0.6121771016522136,1.6931016352789316,0.28896761941493976,1.8327840409946239,0.53419637528378106,2.1725877232288657,1.309654248789777,0.48396336425733394,-0.07680132298869732,0.48942918591295215,0.005414596978934914,2.3625333494302874,-0.9033666219821469,-0.3679550076134614,0.523888214948283,1.1783788265601252,1.774113253000443,2.1253363054422527,0.9954717905077842,0.01765827792668227,-2.974076540854403,-1.6335939841873897,3.8546354566169354,1.0560029771426531,-4.418202982184889,2.4271379287791115
0.0724807453739464,-0.27410036107540003,0.508420206585287,0.567126083933374,-0.21363930002211828,-0.21834677279734352,-0.06269918053922767,0.04227672453224387,0.31615236317051665,-0.16091436917419608,0.9869317706921097,-0.4475968012241928,-1.5529582986502755,0.755438632175604,0.1775637937022533,0.7221187342874599,0.2017561359390783,0.4893326632427255,0.39970111479089754,0.7662058991899574,-0.06559843425855301,0.6190961359574975,-0.2476948449548637,1.0750991862529764,0.48396336425733394,0.24700721321710734,-0.12769170048082337,0.35902267149480427,-0.03125055797254262,0.9478143134432384,-0.6247556344316578,-0.2545641735875846,-0.038979999834794575,0.4692127611677715,0.277214789402158,0.5669215390748489,0.10299054470569587,0.15595114071861732,-1.0117224186838694,-0.7189449943359711,1.0671903718706972,0.24834966597552163,-1.2946950621085664,0.5665275285220587
0.45170464777482855,0.03599248276018175,0.7349011603918808,-0.06973112883927748,0.2487524617589271,-0.042970280474979694,0.2526605201151021,0.32346676017696097,0.061615360956879986,-0.4877592092311011,-0.23996842370055374,-0.12664010901458875,-0.062198343178421815,0.6188922630321878,0.3709269940671225,0.03877107688211644,0.5412804592910242,0.04121484031481182,-0.31776501919503536,-0.12984544964854222,0.2071880173323932,-0.03168251095793602,0.5629978202329006,-0.34113704967366365,-0.07680132298869732,-0.12769170048082337,0.33675278493153515,-0.2405449770330851,0.09839008130111461,-0.14296249291112112,0.44819133779627857,0.15677257607908904,0.2884705106441048,-0.32756137809690433,0.7034291491078135,0.07369927318102136,0.34692042480715807,-0.17619502705843318,-0.01204090989481384,0.17661191526659933,0.6093307164652354,0.4486693181542865,-0.5943165032076191,0.6756612380948752
-0.40576670326128367,-0.10708884439402025,-0.11990357676162344,0.6536330747807474,-0.14450397744283758,-0.17511636486462834,-0.10071114761553025,0.23739436917216605,0.44848997143551295,-0.002651286371636518,1.0840112742344334,-0.5461924750081981,-1.427408999057126,0.47873467559229055,-0.16480110064411252,1.0958339524884047,0.16042061044716333,0.28140524010456813,0.7278774030163867,1.112120671867547,-0.4045672901738125,0.49866026143348385,-1.14433947407999,1.713287198671265,0.48942918591295215,0.35902267149480427,-0.2405449770330851,0.7399761621594821,-0.07105335562914525,1.1598973909684855,-1.2016842724656327,-0.5019026527127266,-0.48046960968685787,0.45191176752081763,-0.34909474863413387,0.0806108522686939,-0.39594203048686333,0.465217077142084,-0.8886523171773688,-0.9806372099128343,0.5140427661244157,0.11092307897307123,-0.8448966630108367,0.08947526154630285
0.16586007931589342,-0.0152362253767236,0.2837383310571655,0.007301008823933927,0.05738854389562502,-0.027625414897608485,0.0734321497076394,0.08690029800837833,0.030144976785616187,-0.16416880567221848,-0.01700046945923502,-0.05841185601754579,-0.11747677566420169,0.24452660816239427,0.13947752335043712,0.0327071268134292,0.17276949515372841,0.05261826189167666,-0.08918620070114625,-0.013936159260958229,0.07731946575145666,0.03314373434319734,0.20259794015117447,-0.07294353818195852,0.005414596978934914,-0.03125055797254262,0.09839008130111461,-0.07105335562914525,0.029740561433104593,0.0020232323502018014,0.12922679759445252,0.04561884601272162,0.10944987114387261,-0.06798680203448283,0.25935843281928606,0.08171280004131581,0.1373941751597538,-0.06071325601314352,-0.07060072311862164,0.025476603103590876,0.2736162919501485,0.15508656201106163,-0.27961497246752315,0.26082873971242565
1.4139456449359393,-1.5326921332383212,4.113706564138382,2.695272658884415,-0.8623203849361311,-1.1937960905217775,0.01988346053522898,0.38111389894984504,1.5583612832960312,-1.5856415541182685,4.669127714724849,-2.322505881793686,-8.106178894105476,4.87667391142076,1.6879703720896717,3.3198656201206256,1.657268800042547,2.7459849638197587,1.3150593009371643,3.3523297966013534,0.2790772786901628,3.2153198086978523,0.32983434552483004,4.41919073125762,2.3625333494302874,0.9478143134432384,-0.14296249291112112,1.1598973909684855,0.0020232323502018014,4.440404854747957,-2.0313677828126715,-0.8458761783410834,0.6353166255434661,2.0297713757461504,2.867091647060746,3.4497807402489182,1.460200491491893,0.2591379277074525,-5.295967623446963,-3.1542319639954814,6.6868769617029455,1.925812161871561,-7.790781736270383,4.176435133208301
0.5892484704884062,0.28603758739576396,0.04986731470311421,-1.1604891619617834,0.348315088631639,0.3326612520690791,0.2151254782517051,-0.26866271189310437,-0.7358518601108903,-0.015633188844476873,-1.9696019637472053,0.9186004759826425,2.6472367731349755,-0.8845166672098856,0.20152995998544512,-1.797524820212167,-0.20616027163098222,-0.6092252027419912,-1.2230755655143288,-1.8769719503742854,0.6078229122482439,-0.975722728875483,1.7428219458998513,-2.86265089869778,-0.9033666219821469,-0.6247556344316578,0.44819133779627857,-1.2016842724656327,0.12922679759445252,-2.0313677828126715,1.986745150491843,0.8202997748500667,0.7117541177093726,-0.8966291710947063,0.45979260601494626,-0.378898468303542,0.5389324814904415,-0.7261290185674765,1.6755731203093092,1.688986871523031,-1.0932547747440193,-0.18068755307817846,1.6418168867410676,-0.26671528818971046
0.2300755003291903,0.10225371841066586,-0.015084481622637536,-0.48223889489402366,0.1113625650172554,0.14028776716097996,0.06374116992927384,-0.16351412919701475,-0.3235023798654945,0.036762424282647505,-0.7999797052701288,0.40431942263486054,1.1002858305458867,-0.4179750655952794,0.06749838061514775,-0.7815779790762294,-0.14475732167343539,-0.24286569175214112,-0.49805282436025844,-0.7935836254222877,0.2553634168140515,-0.3938252063025086,0.7297141048081298,-1.201680859955075,-0.3679550076134614,-0.2545641735875846,0.15677257607908904,-0.5019026527127266,0.04561884601272162,-0.8458761783410834,0.8202997748500667,0.34285068902792576,0.2975390553266133,-0.33456235521914657,0.158734601573333,-0.12941371178290734,0.2231777175917243,-0.30562144539423514,0.689915168684604,0.7035542889232187,-0.48319263945961327,-0.11603655393644256,0.7169544623858303,-0.15180087854487181
1.3597408106220068,-0.6505880124600021,2.3725345368031068,0.4561795422814337,-0.232819019799149,-0.37145595010875987,0.16777583905687704,-0.13717623109345167,0.16831155252852928,-0.8549744100584368,0.867953784910633,-0.42743102076786677,-2.1816005908041753,1.8937388991436652,1.1435481876015217,0.14233043739168552,0.6496494712207203,1.0342319472077381,-0.3867707883795206,0.12485292377411646,0.750970372538791,0.9581213552134757,1.8720642064135218,-0.1932970750575101,0.523888214948283,-0.038979999834794575,0.2884705106441048,-0.48046960968685787,0.10944987114387261,0.6353166255434661,0.7117541177093726,0.2975390553266133,1.0566410734034652,0.3966619504095065,2.0451091841328912,1.6979406898819382,1.3647532075058406,-0.5528206228344013,-1.4899260450128888,-0.21342767926123138,2.786626183121959,0.8677118752851485,-2.895487540349075,2.0955855663808296
0.6137161617618386,-0.9080882998538783,1.703382418117175,1.2486440498168012,-0.7335557217253635,-0.5477944452511502,-0.22818158382529993,-0.3532515393303285,0.5406279465569104,-0.36265615160594655,2.3511975856554135,-0.8550243405171976,-3.8262794452919575,1.861981348374624,0.6997077736903419,1.1594170877640317,0.21740429916075135,1.42531904333272,0.6537064554287979,1.3787748523376226,0.2209352984364754,1.6397535410764748,0.3697444842710904,1.8431695527622107,1.1783788265601252,0.4692127611677715,-0.32756137809690433,0.45191176752081763,-0.06798680203448283,2.0297713757461504,-0.8966291710947063,-0.33456235521914657,0.3966619504095065,1.3175766201770382,1.1490068007253265,1.9711467327176817,0.7667569643222055,0.025614349192532287,-2.5691887352122205,-1.4159425782751691,2.961363907663987,0.5376717577446648,-3.409304373026923,1.6561021937061295
3.0249000634719865,-1.5789864123638677,6.032133417717588,1.8590645136410755,-0.44945934489493283,-1.1355394461643105,0.523863605169361,0.3796488835447909,1.0593762676588043,-2.475278524802959,3.172616797351274,-1.8595715226230034,-6.970690775126759,5.6342231322920044,2.7842517828657565,1.871388969274211,2.316103200201529,2.780366705149076,-0.23289344298583237,1.6755404660278603,1.3731215292233223,2.8290790759562077,3.3068384838444533,1.5222699811443758,1.774113253000443,0.277214789402158,0.7034291491078135,-0.34909474863413387,0.25935843281928606,2.867091647060746,0.45979260601494626,0.158734601573333,2.0451091841328912,1.1490068007253265,4.952557101498487,4.052990029061436,2.93544695476883,-0.8110583493863219,-4.605830058459448,-1.6398468599557448,7.7165106510586945,2.6229737550607535,-8.371547882469654,5.626737885653359
2.4386546895609307,-1.8428440242485273,5.1790083802539275,2.1949340427050754,-1.0360124916195272,-1.1701140021898593,0.04507740758810618,-0.29313531106778845,1.0238520288140123,-1.7150035585574717,4.007437186422942,-1.7748619352482626,-7.591212637058283,4.943801661401602,2.3295146816749246,1.9422073913734479,1.4137694956396538,3.012557464051048,0.38099421338243006,2.089926025023232,1.1167099746577953,3.2117011988196187,2.5641588618983624,2.3336400919573923,2.1253363054422527,0.5669215390748489,0.07369927318102136,0.0806108522686939,0.08171280004131581,3.4497807402489182,-0.378898468303542,-0.12941371178290734,1.6979406898819382,1.9711467327176817,4.052990029061436,4.384637412295568,2.5661727277585333,-0.5582819705702496,-5.082127752693391,-2.1597582838630522,7.302151055779717,1.9603925978349006,-8.043360495937955,4.838755758806255
1.8652465756970003,-1.0099547191885994,3.5236024324123956,0.9731148061278528,-0.391611162173363,-0.6372322870552404,0.223419329836735,-0.06613941312040915,0.457742221931131,-1.3046344665011018,1.7584106543444704,-0.8951627596966003,-3.8939908499548856,3.0764084618234366,1.6526572950986613,0.7176517292805328,1.0900633105099242,1.6680613389118373,-0.26580916673640315,0.6897888155720594,0.942784227721228,1.6507567264284653,2.299842034144181,0.46692074110622317,0.9954717905077842,0.10299054470569587,0.34692042480715807,-0.39594203048686333,0.1373941751597538,1.460200491491893,0.5389324814904415,0.2231777175917243,1.3647532075058406,0.7667569643222055,2.93544695476883,2.5661727277585333,1.8702933046788897,-0.6206841831157685,-2.616074171275625,-0.7551120694658986,4.424943215806157,1.3758264740312527,-4.724438766585731,3.2043189249537765
-0.6148805611586882,0.18667612577935985,-0.8257690484381146,0.11203410968383296,0.04122378609030171,0.052873733933622956,-0.08084558287826532,0.17719913585519487,0.13723777138953666,0.258884121992057,0.1369354012450616,-0.09325478609462877,0.15482910365016186,-0.4114701528969305,-0.44253965363130265,0.4209341491245548,-0.11519589209932973,-0.24153315013096802,0.42035297682326334,0.4193073336200442,-0.41998955767762164,-0.12787987065023265,-1.1012864366398925,0.7711417005555085,0.01765827792668227,0.15595114071861732,-0.17619502705843318,0.465217077142084,-0.06071325601314352,0.2591379277074525,-0.7261290185674765,-0.30562144539423514,-0.5528206228344013,0.025614349192532287,-0.8110583493863219,-0.5582819705702496,-0.6206841831157685,0.37908264438819367,0.14483977525146402,-0.3280693559465532,-0.7123274468274654,-0.2206839803711123,0.6098312138737211,-0.6436771519846738
-2.537915579596647,2.1849109967387754,-6.197483277371328,-3.272154571972524,1.1712995511356585,1.5744340022783019,-0.10305531569001836,-0.21834162163857807,-1.7858718458791973,2.2892237423666204,-5.753740041462479,2.80363640226031,10.449000708153036,-6.636414308524992,-2.6704917243593385,-3.6497539404875545,-2.1902642825330756,-3.7827861805765854,-1.1518666704798075,-3.7111189964408955,-0.8756322856290174,-4.237671154321593,-1.7872424702247969,-4.62549707136671,-2.974076540854403,-1.0117224186838694,-0.01204090989481384,-0.8886523171773688,-0.07060072311862164,-5.295967623446963,1.6755731203093092,0.689915168684604,-1.4899260450128888,-2.5691887352122205,-4.605830058459448,-5.082127752693391,-2.616074171275625,0.14483977525146402,6.886521879059387,3.5836819248601963,-9.320064007996958,-2.675555180163287,10.583036465866847,-6.047148671082153
-0.7212351065104705,0.983549795638633,-2.4870116862952942,-1.8990259039387498,0.5865833324825335,0.8002667488634658,0.026456220742672336,-0.31766375442870537,-1.1193217684395074,0.970943618745533,-3.266473286445702,1.626799575305969,5.510119680354619,-3.1716610232230913,-0.9798722272149287,-2.440053463940407,-1.079720992771235,-1.7955476522162226,-1.0748032204430888,-2.4705653550193833,-0.023850331806691244,-2.1647880920751468,0.2099724081523963,-3.3396433489086035,-1.6335939841873897,-0.7189449943359711,0.17661191526659933,-0.9806372099128343,0.025476603103590876,-3.1542319639954814,1.688986871523031,0.7035542889232187,-0.21342767926123138,-1.4159425782751691,-1.6398468599557448,-2.1597582838630522,-0.7551120694658986,-0.3280693559465532,3.5836819248601963,2.3007083031433857,-4.307193988968681,-1.2239523989954075,5.098203824798567,-2.6014888340272693
4.458718326833075,-3.0047435441866788,9.89270965244076,4.195275639202589,-1.2531273058949666,-2.202844120220794,0.5442843515600414,0.6087558644813625,2.3679805141284125,-3.9144734023630825,7.251157829013346,-3.8516555052515833,-14.155884294136738,10.01493203130969,4.402234118401504,4.6220148791901075,3.7613778065739454,5.2876119387235825,0.7946445438532723,4.476622763102175,1.7595658052824459,5.713641702778729,3.9679970184054985,5.143198267375558,3.8546354566169354,1.0671903718706972,0.6093307164652354,0.5140427661244157,0.2736162919501485,6.6868769617029455,-1.0932547747440193,-0.48319263945961327,2.786626183121959,2.961363907663987,7.7165106510586945,7.302151055779717,4.424943215806157,-0.7123274468274654,-9.320064007996958,-4.307193988968681,13.813649220980482,4.35352806820512,-15.39556928376646,9.477622104681549
1.4980442201458266,-0.7578446403884924,3.2870483744922345,1.2052213853975597,-0.08915981488853873,-0.6646869070939879,0.38561981446565535,0.59436234182502,0.8195703245433561,-1.5374902497433016,1.9358055665754972,-1.3007591116197195,-4.13805305260744,3.389672759610264,1.474113286437165,1.5829999941926043,1.6100170273212018,1.4806318401199934,0.09148898997184586,1.3627711085671823,0.5416171616097499,1.5804766552090437,1.2496034265949094,1.4994209820034743,1.0560029771426531,0.24834966597552163,0.4486693181542865,0.11092307897307123,0.15508656201106163,1.925812161871561,-0.18068755307817846,-0.11603655393644256,0.8677118752851485,0.5376717577446648,2.6229737550607535,1.9603925978349006,1.3758264740312527,-0.2206839803711123,-2.675555180163287,-1.2239523989954075,4.35352806820512,1.641340313027495,-4.850171150191844,3.18633423406369
-4.766162569251649,3.3389775851205528,-10.86050464172155,-4.854157209711325,1.4146545306610787,2.486576706286311,-0.5750376650267323,-0.7818963156329876,-2.7845626632438845,4.3370931940140265,-8.379272045436474,4.452159542066713,16.10573941653345,-11.22649419744831,-4.788589149272989,-5.507576916660405,-4.216382440265632,-5.914653616911413,-1.1387624103744813,-5.337155411638318,-1.7882291194347908,-6.460255454685485,-3.9366568825636197,-6.305263940214194,-4.418202982184889,-1.2946950621085664,-0.5943165032076191,-0.8448966630108367,-0.27961497246752315,-7.790781736270383,1.6418168867410676,0.7169544623858303,-2.895487540349075,-3.409304373026923,-8.371547882469654,-8.043360495937955,-4.724438766585731,0.6098312138737211,10.583036465866847,5.098203824798567,-15.39556928376646,-4.850171150191844,17.279830413065078,-10.482827725908916
3.307329204686284,-1.9362077914378344,7.061588905717046,2.6394842660807747,-0.6209827886241049,-1.460853566857148,0.5576952384876885,0.6213830732955246,1.561601459641559,-2.9415887011915682,4.483290894417516,-2.5740354599076056,-9.209491899635983,7.000224515745746,3.1844005268302267,2.9622740603388387,2.8583008800508214,3.475200682905674,0.21441504536482586,2.734807769899494,1.3505873243169926,3.6785845018607524,3.1345460297559575,2.963655681170887,2.4271379287791115,0.5665275285220587,0.6756612380948752,0.08947526154630285,0.26082873971242565,4.176435133208301,-0.26671528818971046,-0.15180087854487181,2.0955855663808296,1.6561021937061295,5.626737885653359,4.838755758806255,3.2043189249537765,-0.6436771519846738,-6.047148671082153,-2.6014888340272693,9.477622104681549,3.18633423406369,-10.482827725908916,6.7247828206581515
