V1,V2,V3,V4,V5,V6,V7,V8,V9,V10,V11,V12,V13,V14,V15,V16,V17,V18,V19,V20,V21,V22,V23,V24,V25,V26,V27,V28,V29,V30,V31,V32,V33,V34,V35,V36,V37,V38,V39,V40,V41,V42,V43,V44
1681.2652711958372,541.8580594574227,-1387.6963534992701,500.96995648886724,617.7483190588753,1282.1863921641943,-472.7094316021841,69.99269679521261,-545.6579474262609,-347.39900425536155,-229.01585152755058,1970.6839229368775,-783.3081677326049,-213.25244662896165,262.5286007072937,971.9901092680259,235.8643410341157,-1083.675372103998,-1179.9965447430175,-1229.1424441977483,530.3320351205391,-551.4033107792985,818.9940548577388,180.43082090586896,-339.18605864251214,768.4245507360822,-393.2905031513805,262.32395983809056,-221.3308179687578,523.3511236773433,872.57221518313645,-550.7728081222979,567.0511270661383,-1533.2254894365954,-159.7465606394723,-1022.732489293333,-1630.9576913107553,-336.83348683007637,-1699.2707937309203,131.80795779375552,-268.8047016821373,1697.7813824956622,994.2113436464329,395.9675246449168
541.8580594574227,174.91931621181237,-447.30668465867126,161.43711885284551,199.31788083799887,413.4103687629779,-152.50053744055205,22.909365564919685,-175.73269855159458,-112.14576217737267,-74.01736244203336,634.7844382278133,-252.58698040439424,-68.61452568384762,84.56480583574545,313.2153621643888,76.08745543952163,-349.508462085973,-380.4993802433625,-396.6594549406259,170.6033547475371,-178.1014810701511,263.81127582301684,58.374349406976236,-109.14508230899692,247.8883862515567,-126.74714778319094,84.59305537397228,-71.51859950799232,168.5992114679955,281.1243863102597,-177.47981995628797,182.95036849997484,-494.352939212325,-51.29534466493066,-329.5928753671219,-525.531452055554,-108.4322823473344,-547.7582433386639,42.52107959252196,-86.72525045717339,547.3241368287041,320.47089654200573,127.72120551341472
-1387.6963534992701,-447.30668465867126,1146.18249098894,-413.6195276034644,-509.6620456396049,-1058.6602071917036,390.734003764987,-57.3635598778961,450.5798614903733,286.33375577579073,188.84811553371466,-1626.878654584377,646.8932366524857,176.64184262707823,-216.44009863408795,-802.0152623129671,-193.9613848988126,894.664367259859,974.077759868677,1015.2084705131757,-437.5614183390189,455.30133310174034,-675.9627016313087,-149.1413526912819,279.7280416567935,-634.6610150507123,325.12071016761223,-216.64302809269287,182.99009352964143,-432.087703220709,-720.0715482465297,454.6767504057035,-468.26715719336926,1265.3291249872989,132.22518821755668,843.8947837010239,1346.388169550498,277.9608889150089,1403.0886070413105,-108.78060039118402,222.35027316305417,-1401.152637889948,-821.2091286025703,-326.40513089948684
500.96995648886724,161.43711885284551,-413.6195276034644,149.34525073840734,183.98783269197324,382.10496045065014,-140.98968762522784,20.738588986384663,-162.61232553397852,-103.42077530249803,-68.11696053831812,587.2340544073201,-233.6025530570303,-63.627654850732604,78.18662098193872,289.5905022450611,70.10682144934253,-322.89292914793384,-351.59449596363095,-366.3440448787357,157.98529480693804,-164.28369371313747,244.0282577116046,53.87250318532008,-100.97131996341946,229.06955854034186,-117.31658923219427,78.21227427995836,-66.01992097399719,156.03509718050455,259.9260834662364,-164.14344062968226,169.01678467132336,-456.7535648293026,-47.66025510604324,-304.61220843502787,-485.9946439028365,-100.35307160173598,-506.52200814822766,39.219767866375854,-80.11576355002649,505.8403814903814,296.2730874925424,117.92712132149957
617.7483190588753,199.31788083799887,-509.6620456396049,183.98783269197324,227.2951778175556,471.1072263629311,-173.52948153812827,26.18773868298098,-200.3095503191615,-127.96189411669793,-84.4413415161155,723.7475248447887,-287.66190369829724,-78.02149830131656,96.51310611524987,357.2467118925336,87.05429442382854,-398.31790097105824,-433.6718741894134,-451.7006967176779,194.6918597378381,-202.85963998628134,300.77479541533387,66.36163353724494,-124.64433370531326,282.32797346879744,-144.26565148981592,96.38307700206725,-81.31485693698207,192.16794051784402,320.6051126154663,-202.3433423053327,208.34629792928476,-563.6619245323775,-58.45295664022789,-375.99401390222107,-599.1783749678347,-123.69288481456054,-624.1484085971384,48.4766346047902,-98.7085686451577,624.0165620369901,365.18031749841094,145.7049473625403
1282.1863921641943,413.4103687629779,-1058.6602071917036,382.10496045065014,471.1072263629311,978.1098381093143,-360.8618309364206,53.39911800363973,-416.17636057570354,-264.86703695317414,-174.65354929483317,1502.8289615163046,-597.6645056631041,-162.86175941827548,200.08441009915023,741.1247773819549,179.60125689107846,-826.6897429368419,-900.0796319087682,-938.0264371548365,404.19756521753277,-420.801792318807,624.5476601686454,137.83537773539416,-258.4540332532433,586.3628648167271,-300.17866803719073,200.13003540881357,-169.05518756837083,399.1502516038289,665.3399347253641,-420.0234835047961,432.7217157490231,-1169.29718227051,-121.84247257761467,-779.771786260218,-1243.797693644773,-256.7608978219146,-1296.271248527333,100.55128965763122,-205.22933587493853,1294.810292543527,758.458027479358,301.8915565802842
-472.7094316021841,-152.50053744055205,390.734003764987,-140.98968762522784,-173.52948153812827,-360.8618309364206,133.56983680410778,-19.457676271555908,153.4716724033957,97.4123971343153,64.22559315127043,-553.9667767934479,220.88759027669326,60.342787989731775,-73.60469283752798,-272.9400731686947,-65.63488935190682,304.8850188588852,331.96182294496487,346.53759669340917,-148.7367142780651,155.34534724810015,-230.2314898131644,-51.10816093955028,94.92076664997677,-216.58964137656503,111.05360322712343,-73.86613539654239,62.651513384933885,-147.26725769594339,-245.0971445024184,154.86490285619027,-159.84664209219017,430.8710093585714,44.99279387209982,287.0315217218842,458.4790441659819,94.58985991322005,478.4225209316038,-37.014878344903465,75.86250005576308,-477.20679057591303,-279.84657718714925,-111.11066096320363
69.99269679521261,22.909365564919685,-57.3635598778961,20.738588986384663,26.18773868298098,53.39911800363973,-19.457676271555908,3.7206495932301853,-22.44219786541207,-15.012690037342525,-9.951773712599548,81.44709118835111,-32.47068061817879,-8.337597962948557,11.031477625199678,40.66329402352525,10.485174716595061,-45.37264046792761,-49.311784010204555,-51.35685117125351,21.797960757580867,-23.357716217454733,33.90500436483016,7.671593636265682,-14.114139980915672,32.008204938524976,-16.00962176191504,10.919678501136614,-9.234190237936872,21.61705876611693,36.31109688700065,-22.845261603561507,23.688725206237176,-64.30533060894487,-6.181569662822823,-42.83499205360521,-67.68167908248535,-13.864470414676806,-70.50100215563697,5.569434926713062,-11.02988541115601,71.07170710948442,41.095911222416575,16.91831612169394
-545.6579474262609,-175.73269855159458,450.5798614903733,-162.61232553397852,-200.3095503191615,-416.17636057570354,153.4716724033957,-22.44219786541207,177.2743669436057,112.55502759619573,74.19303975132269,-639.9252063841067,254.16712528849257,69.50684830859943,-85.16147391880146,-315.43240087429007,-76.36297408475768,351.69727780919675,382.9288964735808,398.8653833380371,-172.28084597427687,178.8097965650019,-265.9287820464658,-58.44664814960504,110.16194722435787,-249.37545078573692,127.7840806951392,-85.1297724567574,71.81411813096527,-169.89437078884694,-283.2642337489425,178.75906673366742,-184.0256836577107,497.49585777113214,52.04771981697989,331.91140390153663,529.458611213936,109.35130572784482,551.5846497710594,-42.81187934520839,87.36361315883612,-550.9470561507856,-322.8586663782364,-128.35364649254785
-347.39900425536155,-112.14576217737267,286.33375577579073,-103.42077530249803,-127.96189411669793,-264.86703695317414,97.4123971343153,-15.012690037342525,112.55502759619573,72.19436623886965,47.600777733944135,-406.81643719683706,161.67729462915793,43.62115808329157,-54.362136102222244,-201.02539252296347,-49.285533474856855,224.02058635743592,243.8991480629735,253.91115997830175,-109.47499347494328,114.11490968788031,-169.12795787086947,-37.31787036154676,70.14812920315025,-158.68702550008376,80.9409491514983,-54.177339016458184,45.66701296859083,-108.01837827065256,-180.32995894202855,113.73928177597186,-117.15682556378752,317.12948249724764,32.66803032296175,211.55267577872377,336.8461056951479,69.52243551040486,350.8570619434929,-27.28935727967692,55.342691300424434,-351.0812913806038,-205.13992585663084,-82.15964334563706
-229.01585152755058,-74.01736244203336,188.84811553371466,-68.11696053831812,-84.4413415161155,-174.65354929483317,64.22559315127043,-9.951773712599548,74.19303975132269,47.600777733944135,31.539328731795937,-268.18316137600726,106.42462138751672,28.801722108098474,-35.80552251413138,-132.45398162015664,-32.48438105947775,147.7678850561774,160.8528353388908,167.52121984344896,-72.11658224421419,75.36819465646238,-111.45732751144234,-24.53223864280682,46.27633734882012,-104.61801025425633,53.33073496963896,-35.69462903405869,30.121845227915617,-71.09833685806298,-118.91770401348315,74.97681156194025,-77.22917201712893,209.16735400153456,21.56106785245806,139.5653329914978,222.0965345420858,45.841520764840155,231.17827992998534,-18.055008238838052,36.6304927473231,-231.43284071122943,-135.40812294156768,-54.09526397048617
1970.6839229368775,634.7844382278133,-1626.878654584377,587.2340544073201,723.7475248447887,1502.8289615163046,-553.9667767934479,81.44709118835111,-639.9252063841067,-406.81643719683706,-268.18316137600726,2310.742380723136,-917.8108420370056,-250.46218950328236,307.68656764211653,1139.3904776642808,276.22862182693046,-1270.0625842104173,-1382.9156952984679,-1440.162994649592,622.1133119788562,-645.8530576143402,960.1798535850488,211.13945708026344,-397.9078729036952,900.44781489649,-461.13744135841347,307.45644004442045,-259.21190362718716,613.524702418499,1022.9736429449431,-645.6609883561684,664.394261139887,-1796.9576258539928,-187.75828869697207,-1198.9907092192518,-1912.1261297354442,-394.9693666938408,-1991.7089227353235,154.52315240122613,-315.2688506017163,1989.8690143661142,1165.7030094095787,463.778548644662
-783.3081677326049,-252.58698040439424,646.8932366524857,-233.6025530570303,-287.66190369829724,-597.6645056631041,220.88759027669326,-32.47068061817879,254.16712528849257,161.67729462915793,106.42462138751672,-917.8108420370056,365.8564475814364,99.51088941381174,-122.1532209589587,-452.57271247664295,-109.2850124246549,504.98333649254613,549.9095870675783,573.5324387027546,-246.64730511813042,257.15690305522037,-381.492823372154,-84.60897371128759,157.46540023478016,-358.5804648251135,183.6801634178112,-122.35683881555691,103.55575909001878,-244.058702669152,-406.1912160556569,256.62426804597186,-264.62850693603326,714.0492941609081,74.35085951137505,475.8249780637686,759.6560707859205,156.7876757526968,792.4565166668873,-61.26359538836301,125.28710085923741,-790.8856353263503,-463.2128502654232,-184.42023727943584
-213.25244662896165,-68.61452568384762,176.64184262707823,-63.627654850732604,-78.02149830131656,-162.86175941827548,60.342787989731775,-8.337597962948557,69.50684830859943,43.62115808329157,28.801722108098474,-250.46218950328236,99.51088941381174,27.708005419604298,-33.12230468308739,-123.07917285412934,-29.29307620006943,137.5314388576166,149.6935407689626,156.2392131298557,-67.34312246088894,69.87257819199944,-104.01561300219257,-22.86741206030426,42.96310596412378,-97.6716581332176,50.31482730833909,-33.31763266415208,28.226350233741893,-66.4789133136171,-110.67704339596644,69.89776553773129,-72.0528053181624,194.22116644265233,20.66517518600202,129.5209561752514,207.08765892336905,42.73875223912372,215.91329849071417,-16.745923648640453,34.47549050305546,-215.1469845435852,-126.61458012291108,-49.82340295622908
262.5286007072937,84.56480583574545,-216.44009863408795,78.18662098193872,96.51310611524987,200.08441009915023,-73.60469283752798,11.031477625199678,-85.16147391880146,-54.362136102222244,-35.80552251413138,307.68656764211653,-122.1532209589587,-33.12230468308739,41.079976350631895,151.87895563830173,37.06973542947221,-169.13632142987515,-184.19601859439337,-191.63803080564605,82.9108104039219,-86.00252371673182,127.90644933986783,28.072013011448494,-53.07668939340139,119.8215569289764,-61.24515761936592,40.92317878368566,-34.43419874785202,81.68616008003131,136.31528525556652,-85.98407526973027,88.44097440548305,-239.4650829978559,-24.860426966571545,-159.81760002605304,-254.63604442962415,-52.62735309724234,-265.14793821000217,20.58697522173898,-41.82446579552881,265.1644038597474,155.06883967572267,61.949907762843885
971.9901092680259,313.2153621643888,-802.0152623129671,289.5905022450611,357.2467118925336,741.1247773819549,-272.9400731686947,40.66329402352525,-315.43240087429007,-201.02539252296347,-132.45398162015664,1139.3904776642808,-452.57271247664295,-123.07917285412934,151.87895563830173,562.2490249391869,136.7975202565601,-626.4650009519842,-682.0919868805253,-710.0839839501083,306.78228504944576,-318.6254235291837,473.4488301227943,104.2291404198,-196.33340090692195,444.0108951595141,-227.1320764897019,151.6532834376438,-127.7476320755721,302.5711004475521,504.54384767177413,-318.4404129317265,327.60925379624746,-886.5731835828046,-92.32732117655421,-591.616506522481,-943.0212888975299,-194.74087467965413,-982.1406305194218,76.19753887602614,-155.25082273487973,981.7169765751909,574.6093208924749,229.07425016626198
235.8643410341157,76.08745543952163,-193.9613848988126,70.10682144934253,87.05429442382854,179.60125689107846,-65.63488935190682,10.485174716595061,-76.36297408475768,-49.285533474856855,-32.48438105947775,276.22862182693046,-109.2850124246549,-29.29307620006943,37.06973542947221,136.7975202565601,34.075907586014154,-152.029295427031,-165.48905512969645,-171.74399484774514,74.56019241141794,-77.31264324055086,114.83272313540945,25.10505581663329,-47.957491867879085,107.37525722621655,-54.57091590310724,36.71356316153055,-30.712712574091235,73.23880933303224,122.6014089593997,-77.20344549158239,79.27074023688701,-215.54922088287537,-22.060818308281537,-144.05930378921374,-228.74444744688952,-47.241436814579494,-237.7436473221072,18.576828920626816,-37.36102781316766,238.56653134615658,139.02189555499513,56.01155687632163
-1083.675372103998,-349.508462085973,894.664367259859,-322.89292914793384,-398.31790097105824,-826.6897429368419,304.8850188588852,-45.37264046792761,351.69727780919675,224.02058635743592,147.7678850561774,-1270.0625842104173,504.98333649254613,137.5314388576166,-169.13632142987515,-626.4650009519842,-152.029295427031,698.8100192576075,760.7865367901065,792.8160072038946,-341.5794271838554,355.7672264990483,-527.8141494070808,-116.48492217193258,218.50178793930192,-495.55180416367205,253.5798475514861,-169.13919340698084,142.85851181004824,-337.27554984795233,-562.3702208417621,354.9671708193104,-365.7222238801609,988.4470605928954,102.87884480130933,659.200606994384,1051.2164366554982,216.96468799623736,1095.456004872325,-85.040727345182475,173.45622367323693,-1094.4839484672118,-641.0078528737442,-255.25835255449743
-1179.9965447430175,-380.4993802433625,974.077759868677,-351.59449596363095,-433.6718741894134,-900.0796319087682,331.96182294496487,-49.311784010204555,382.9288964735808,243.8991480629735,160.8528353388908,-1382.9156952984679,549.9095870675783,149.6935407689626,-184.19601859439337,-682.0919868805253,-165.48905512969645,760.7865367901065,828.3557400031783,863.1781956004326,-371.97780746942266,387.2963573576968,-574.7610249783133,-126.79119808266942,237.90178197054487,-539.5410963516392,276.102957823246,-184.13870113950264,155.52324098101835,-367.26130201996716,-612.354703189485,386.5166484196553,-398.19763871265656,1076.2017662107473,111.99782465052016,717.7062771630058,1144.5894654477754,236.3031075073482,1192.7866811085414,-92.56814191485364,188.7745756787697,-1191.6701445299261,-697.8805984970132,-277.9509359254458
-1229.1424441977483,-396.6594549406259,1015.2084705131757,-366.3440448787357,-451.7006967176779,-938.0264371548365,346.53759669340917,-51.35685117125351,398.8653833380371,253.91115997830175,167.52121984344896,-1440.162994649592,573.5324387027546,156.2392131298557,-191.63803080564605,-710.0839839501083,-171.74399484774514,792.8160072038946,863.1781956004326,900.4316708639577,-386.90691770356807,403.97805936337676,-598.6183095547923,-132.54926187761947,247.25422038163782,-562.6876554517497,288.06950338295883,-191.91766356517886,162.5392059606345,-382.610100134112,-637.5869738656835,402.5712313867812,-415.34708901663623,1120.923450810672,116.58332233900569,747.0123037600753,1192.05237176388,245.9520025907448,1243.1662720257088,-96.431402192404,196.9592036780929,-1241.2348264086668,-727.2592194230762,-289.39219615833525
530.3320351205391,170.6033547475371,-437.5614183390189,157.98529480693804,194.6918597378381,404.19756521753277,-148.7367142780651,21.797960757580867,-172.28084597427687,-109.47499347494328,-72.11658224421419,622.1133119788562,-246.64730511813042,-67.34312246088894,82.9108104039219,306.78228504944576,74.56019241141794,-341.5794271838554,-371.97780746942266,-386.90691770356807,167.7592632727052,-173.45728375315477,258.5113685528266,56.527746250766114,-107.3633418756684,241.97498594917295,-123.9217121439346,82.66581849142203,-69.4869578121359,165.09317554353458,275.4561429458726,-173.75886022184625,178.53591016687693,-483.54614384120595,-50.609186747292505,-322.8814377671804,-514.6694413427155,-106.40583860840167,-535.6844767814517,41.591634481472106,-84.68740875660308,535.4783234334919,313.5692074268958,124.83405763835279
-551.4033107792985,-178.1014810701511,455.30133310174034,-164.28369371313747,-202.85963998628134,-420.801792318807,155.34534724810015,-23.357716217454733,178.8097965650019,114.11490968788031,75.36819465646238,-645.8530576143402,257.15690305522037,69.87257819199944,-86.00252371673182,-318.6254235291837,-77.31264324055086,355.7672264990483,387.2963573576968,403.97805936337676,-173.45728375315477,181.4108705645968,-268.4296672483781,-59.49587748505079,110.94796539227373,-252.4056471884905,129.05931505190276,-86.0974779002702,72.90149766609913,-171.54621843294538,-286.0268550031423,180.58772884732667,-186.30366845594767,503.0779679727833,52.15847033112637,335.29171179043027,534.7300411974242,110.29627556924541,557.5224688434852,-43.290683690371395,88.3437480614322,-556.9597441034854,-326.2015870263106,-129.94861245551832
818.9940548577388,263.81127582301684,-675.9627016313087,244.0282577116046,300.77479541533387,624.5476601686454,-230.2314898131644,33.90500436483016,-265.9287820464658,-169.12795787086947,-111.45732751144234,960.1798535850488,-381.492823372154,-104.01561300219257,127.90644933986783,473.4488301227943,114.83272313540945,-527.8141494070808,-574.7610249783133,-598.6183095547923,258.5113685528266,-268.4296672483781,399.1227839257547,87.72858757554408,-165.30917399797636,374.2321906594304,-191.62347310171216,127.731987865176,-107.75573074813812,254.9398031181928,425.15557638102484,-268.2571590154203,276.2196462687448,-746.7628486295654,-77.87602211988637,-498.14396557626503,-794.4819467791407,-164.12504949430394,-827.7572268996258,64.2526314342497,-130.91904904974814,826.9846963328536,484.30897984536387,192.851188625369
180.43082090586896,58.374349406976236,-149.1413526912819,53.87250318532008,66.36163353724494,137.83537773539416,-51.10816093955028,7.671593636265682,-58.44664814960504,-37.31787036154676,-24.53223864280682,211.13945708026344,-84.60897371128759,-22.86741206030426,28.072013011448494,104.2291404198,25.10505581663329,-116.48492217193258,-126.79119808266942,-132.54926187761947,56.527746250766114,-59.49587748505079,87.72858757554408,19.81456880447356,-36.04075370840934,82.87244867573413,-42.411467679915276,28.276899953860255,-24.054999455403184,56.28359581965499,93.3915069702064,-59.12741837743405,61.14061631613283,-164.54048664003642,-17.01995397036622,-109.46653001361722,-174.91544872086203,-35.99260163055682,-182.80832637351742,14.062026446849202,-28.902945084540384,182.2624692615667,106.69965860821591,42.537809542149
-339.18605864251214,-109.14508230899692,279.7280416567935,-100.97131996341946,-124.64433370531326,-258.4540332532433,94.92076664997677,-14.114139980915672,110.16194722435787,70.14812920315025,46.27633734882012,-397.9078729036952,157.46540023478016,42.96310596412378,-53.07668939340139,-196.33340090692195,-47.957491867879085,218.50178793930192,237.90178197054487,247.25422038163782,-107.3633418756684,110.94796539227373,-165.30917399797636,-36.04075370840934,68.8312800181832,-154.61590558241167,79.08305790351919,-52.842165104018186,44.32798808931525,-105.50099230556046,-176.26359345565007,111.12572434963316,-114.06869984564777,309.43895315674223,32.3400284935681,206.76565631648845,329.2284279662471,68.06470067790852,342.3618227789141,-26.655092136283574,54.15791157733099,-342.5814066832118,-200.54247256501208,-79.90800592517617
768.4245507360822,247.8883862515567,-634.6610150507123,229.06955854034186,282.32797346879744,586.3628648167271,-216.58964137656503,32.008204938524976,-249.37545078573692,-158.68702550008376,-104.61801025425633,900.44781489649,-358.5804648251135,-97.6716581332176,119.8215569289764,444.0108951595141,107.37525722621655,-495.55180416367205,-539.5410963516392,-562.6876554517497,241.97498594917295,-252.4056471884905,374.2321906594304,82.87244867573413,-154.61590558241167,351.71930599395074,-180.0941935607478,120.00233629002322,-101.55155283606345,239.27926841822733,398.58177624807723,-251.72037651116452,259.56730675604564,-700.6986876505049,-72.95818198282483,-467.0342688609035,-745.309725629811,-153.7899133260012,-777.2063825616133,60.22168724230894,-123.06927628272406,775.9606461525033,454.6034538371291,180.89809176918757
-393.2905031513805,-126.74714778319094,325.12071016761223,-117.31658923219427,-144.26565148981592,-300.17866803719073,111.05360322712343,-16.00962176191504,127.7840806951392,80.9409491514983,53.33073496963896,-461.13744135841347,183.6801634178112,50.31482730833909,-61.24515761936592,-227.1320764897019,-54.57091590310724,253.5798475514861,276.102957823246,288.06950338295883,-123.9217121439346,129.05931505190276,-191.62347310171216,-42.411467679915276,79.08305790351919,-180.0941935607478,92.42236688763282,-61.44533044910895,52.03616146016397,-122.56582595870863,-203.97888718893978,128.8711517982563,-132.88994191227914,358.4056226588905,37.57048945090743,238.8606921437605,381.5633098111238,78.74842518469816,398.00935906983534,-30.791336522820064,63.12322327923056,-396.9833317343387,-232.86941666403024,-92.36758045952637
262.32395983809056,84.59305537397228,-216.64302809269287,78.21227427995836,96.38307700206725,200.13003540881357,-73.86613539654239,10.919678501136614,-85.1297724567574,-54.177339016458184,-35.69462903405869,307.45644004442045,-122.35683881555691,-33.31763266415208,40.92317878368566,151.6532834376438,36.71356316153055,-169.13919340698084,-184.13870113950264,-191.91766356517886,82.66581849142203,-86.0974779002702,127.731987865176,28.276899953860255,-52.842165104018186,120.00233629002322,-61.44533044910895,40.9862666109102,-34.60845964251383,81.71051123088611,136.07187855492225,-85.96399930665108,88.52743367593611,-239.21630751002095,-24.956029571807736,-159.52426870961895,-254.50026217893267,-52.519211449205905,-265.27176631174797,20.530268893323957,-41.99217393222333,264.9106069330748,155.17589087689996,61.75061963840185
-221.3308179687578,-71.51859950799232,182.99009352964143,-66.01992097399719,-81.31485693698207,-169.05518756837083,62.651513384933885,-9.234190237936872,71.81411813096527,45.66701296859083,30.121845227915617,-259.21190362718716,103.55575909001878,28.226350233741893,-34.43419874785202,-127.7476320755721,-30.712712574091235,142.85851181004824,155.52324098101835,162.5392059606345,-69.4869578121359,72.90149766609913,-107.75573074813812,-24.054999455403184,44.32798808931525,-101.55155283606345,52.03616146016397,-34.60845964251383,29.447527292576815,-68.9416971512309,-114.69854292977608,72.48979774618631,-74.97114849235096,201.7915149443415,20.97081256740613,134.30802114241789,214.58938627299085,44.222865990843836,224.11776121950533,-17.34450919690801,35.55032061777102,-223.48802583572382,-131.03312690594763,-52.07238490334121
523.3511236773433,168.5992114679955,-432.087703220709,156.03509718050455,192.16794051784402,399.1502516038289,-147.26725769594339,21.61705876611693,-169.89437078884694,-108.01837827065256,-71.09833685806298,613.524702418499,-244.058702669152,-66.4789133136171,81.68616008003131,302.5711004475521,73.23880933303224,-337.27554984795233,-367.26130201996716,-382.610100134112,165.09317554353458,-171.54621843294538,254.9398031181928,56.28359581965499,-105.50099230556046,239.27926841822733,-122.56582595870863,81.71051123088611,-68.9416971512309,163.0498561399587,271.5363886540605,-171.48909449725184,176.5352777300573,-477.12168236550974,-49.82021577564694,-318.2232876297572,-507.7377527550679,-104.84413861823263,-529.1695800884856,40.94716150374133,-83.66027483617829,528.4324904614265,309.47781896479927,123.19201253432242
872.57221518313645,281.1243863102597,-720.0715482465297,259.9260834662364,320.6051126154663,665.3399347253641,-245.0971445024184,36.31109688700065,-283.2642337489425,-180.32995894202855,-118.91770401348315,1022.9736429449431,-406.1912160556569,-110.67704339596644,136.31528525556652,504.54384767177413,122.6014089593997,-562.3702208417621,-612.354703189485,-637.5869738656835,275.4561429458726,-286.0268550031423,425.15557638102484,93.3915069702064,-176.26359345565007,398.58177624807723,-203.97888718893978,136.07187855492225,-114.69854292977608,271.5363886540605,453.0280394442443,-285.8209229292292,294.1546924596489,-795.800686102132,-82.94737227662995,-531.0027082171678,-846.5299362577139,-174.87673499370322,-881.6534634852544,68.4854906496272,-139.48151920012262,881.1717160651508,515.9897023748351,205.52236056633512
-550.7728081222979,-177.47981995628797,454.6767504057035,-164.14344062968226,-202.3433423053327,-420.0234835047961,154.86490285619027,-22.845261603561507,178.75906673366742,113.73928177597186,74.97681156194025,-645.6609883561684,256.62426804597186,69.89776553773129,-85.98407526973027,-318.4404129317265,-77.20344549158239,354.9671708193104,386.5166484196553,402.5712313867812,-173.75886022184625,180.58772884732667,-268.2571590154203,-59.12741837743405,111.12572434963316,-251.72037651116452,128.8711517982563,-85.96399930665108,72.48979774618631,-171.48909449725184,-285.8209229292292,180.48346533052208,-185.6957489114643,502.2413583209174,52.42769377904524,335.072361990117,534.3808255807594,110.37012309073992,556.6813941697633,-43.13389121699818,88.09112168269768,-556.1372148493672,-325.748081317662,-129.64415588181538
567.0511270661383,182.95036849997484,-468.26715719336926,169.01678467132336,208.34629792928476,432.7217157490231,-159.84664209219017,23.688725206237176,-184.0256836577107,-117.15682556378752,-77.22917201712893,664.394261139887,-264.62850693603326,-72.0528053181624,88.44097440548305,327.60925379624746,79.27074023688701,-365.7222238801609,-398.19763871265656,-415.34708901663623,178.53591016687693,-186.30366845594767,276.2196462687448,61.14061631613283,-114.06869984564777,259.56730675604564,-132.88994191227914,88.52743367593611,-74.97114849235096,176.5352777300573,294.1546924596489,-185.6957489114643,191.63966582097748,-517.0831530338763,-53.735325765712034,-344.57152605587606,-549.882054122091,-113.4618865863077,-573.5505818994689,44.48527212330903,-90.77983022622335,572.6517162143011,335.4090914301153,133.5695787828302
-1533.2254894365954,-494.352939212325,1265.3291249872989,-456.7535648293026,-563.6619245323775,-1169.29718227051,430.8710093585714,-64.30533060894487,497.49585777113214,317.12948249724764,209.16735400153456,-1796.9576258539928,714.0492941609081,194.22116644265233,-239.4650829978559,-886.5731835828046,-215.54922088287537,988.4470605928954,1076.2017662107473,1120.923450810672,-483.54614384120595,503.0779679727833,-746.7628486295654,-164.54048664003642,309.43895315674223,-700.6986876505049,358.4056226588905,-239.21630751002095,201.7915149443415,-477.12168236550974,-795.800686102132,502.2413583209174,-517.0831530338763,1398.5896358521254,145.49574978881762,933.0105349849522,1487.3440865045993,307.1002589926312,1549.3788237290476,-120.29741007666138,245.13525325641552,-1548.5408279308106,-906.6276875897686,-361.29967996522345
-159.7465606394723,-51.29534466493066,132.22518821755668,-47.66025510604324,-58.45295664022789,-121.84247257761467,44.99279387209982,-6.181569662822823,52.04771981697989,32.66803032296175,21.56106785245806,-187.75828869697207,74.35085951137505,20.66517518600202,-24.860426966571545,-92.32732117655421,-22.060818308281537,102.87884480130933,111.99782465052016,116.58332233900569,-50.609186747292505,52.15847033112637,-77.87602211988637,-17.01995397036622,32.3400284935681,-72.95818198282483,37.57048945090743,-24.956029571807736,20.97081256740613,-49.82021577564694,-82.94737227662995,52.42769377904524,-53.735325765712034,145.49574978881762,15.590741224373138,97.22725340060813,155.26967121062742,32.102378965354916,161.52448183691573,-12.48756969048566,25.760120149455354,-161.12369514120465,-94.80242423526968,-37.28682380495762
-1022.732489293333,-329.5928753671219,843.8947837010239,-304.61220843502787,-375.99401390222107,-779.771786260218,287.0315217218842,-42.83499205360521,331.91140390153663,211.55267577872377,139.5653329914978,-1198.9907092192518,475.8249780637686,129.5209561752514,-159.81760002605304,-591.616506522481,-144.05930378921374,659.200606994384,717.7062771630058,747.0123037600753,-322.8814377671804,335.29171179043027,-498.14396557626503,-109.46653001361722,206.76565631648845,-467.0342688609035,238.8606921437605,-159.52426870961895,134.30802114241789,-318.2232876297572,-531.0027082171678,335.072361990117,-344.57152605587606,933.0105349849522,97.22725340060813,622.7826393605894,992.3694934358685,204.96794168053452,1033.1089262480737,-80.25692991413034,163.480122893075,-1032.9665559611756,-604.7792443266022,-240.96415587182412
-1630.9576913107553,-525.531452055554,1346.388169550498,-485.9946439028365,-599.1783749678347,-1243.797693644773,458.4790441659819,-67.68167908248535,529.458611213936,336.8461056951479,222.0965345420858,-1912.1261297354442,759.6560707859205,207.08765892336905,-254.63604442962415,-943.0212888975299,-228.74444744688952,1051.2164366554982,1144.5894654477754,1192.05237176388,-514.6694413427155,534.7300411974242,-794.4819467791407,-174.91544872086203,329.2284279662471,-745.309725629811,381.5633098111238,-254.50026217893267,214.58938627299085,-507.7377527550679,-846.5299362577139,534.3808255807594,-549.882054122091,1487.3440865045993,155.26967121062742,992.3694934358685,1582.4675123817312,326.8191695378922,1648.3392304130969,-127.85694572084266,260.91705697283567,-1646.9299502181657,-964.7052512874143,-383.9185432615192
-336.83348683007637,-108.4322823473344,277.9608889150089,-100.35307160173598,-123.69288481456054,-256.7608978219146,94.58985991322005,-13.864470414676806,109.35130572784482,69.52243551040486,45.841520764840155,-394.9693666938408,156.7876757526968,42.73875223912372,-52.62735309724234,-194.74087467965413,-47.241436814579494,216.96468799623736,236.3031075073482,245.9520025907448,-106.40583860840167,110.29627556924541,-164.12504949430394,-35.99260163055682,68.06470067790852,-153.7899133260012,78.74842518469816,-52.519211449205905,44.222865990843836,-104.84413861823263,-174.87673499370322,110.37012309073992,-113.4618865863077,307.1002589926312,32.102378965354916,204.96794168053452,326.8191695378922,67.5758734652047,340.29357510762844,-26.389648486723136,53.82035207899434,-340.04478796102745,-199.1814016999511,-79.26243977089176
-1699.2707937309203,-547.7582433386639,1403.0886070413105,-506.52200814822766,-624.1484085971384,-1296.271248527333,478.4225209316038,-70.50100215563697,551.5846497710594,350.8570619434929,231.17827992998534,-1991.7089227353235,792.4565166668873,215.91329849071417,-265.14793821000217,-982.1406305194218,-237.7436473221072,1095.456004872325,1192.7866811085414,1243.1662720257088,-535.6844767814517,557.5224688434852,-827.7572268996258,-182.80832637351742,342.3618227789141,-777.2063825616133,398.00935906983534,-265.27176631174797,224.11776121950533,-529.1695800884856,-881.6534634852544,556.6813941697633,-573.5505818994689,1549.3788237290476,161.52448183691573,1033.1089262480737,1648.3392304130969,340.29357510762844,1718.2391316670232,-133.1403519018946,271.87895670968584,-1715.8691874227545,-1005.0611794050918,-400.0445327453503
131.80795779375552,42.52107959252196,-108.78060039118402,39.219767866375854,48.4766346047902,100.55128965763122,-37.014878344903465,5.569434926713062,-42.81187934520839,-27.28935727967692,-18.055008238838052,154.52315240122613,-61.26359538836301,-16.745923648640453,20.58697522173898,76.19753887602614,18.576828920626816,-85.040727345182475,-92.56814191485364,-96.431402192404,41.591634481472106,-43.290683690371395,64.2526314342497,14.062026446849202,-26.655092136283574,60.22168724230894,-30.791336522820064,20.530268893323957,-17.34450919690801,40.94716150374133,68.4854906496272,-43.13389121699818,44.48527212330903,-120.29741007666138,-12.48756969048566,-80.25692991413034,-127.85694572084266,-26.389648486723136,-133.1403519018946,10.424176499334655,-21.12644134536202,133.1644095032784,78.00544712178296,31.070364340463385
-268.8047016821373,-86.72525045717339,222.35027316305417,-80.11576355002649,-98.7085686451577,-205.22933587493853,75.86250005576308,-11.02988541115601,87.36361315883612,55.342691300424434,36.6304927473231,-315.2688506017163,125.28710085923741,34.47549050305546,-41.82446579552881,-155.25082273487973,-37.36102781316766,173.45622367323693,188.7745756787697,196.9592036780929,-84.68740875660308,88.3437480614322,-130.91904904974814,-28.902945084540384,54.15791157733099,-123.06927628272406,63.12322327923056,-41.99217393222333,35.55032061777102,-83.66027483617829,-139.48151920012262,88.09112168269768,-90.77983022622335,245.13525325641552,25.760120149455354,163.480122893075,260.91705697283567,53.82035207899434,271.87895670968584,-21.12644134536202,43.34293215614923,-271.37670540195285,-159.39998597029637,-63.04972862022086
1697.7813824956622,547.3241368287041,-1401.152637889948,505.8403814903814,624.0165620369901,1294.810292543527,-477.20679057591303,71.07170710948442,-550.9470561507856,-351.0812913806038,-231.43284071122943,1989.8690143661142,-790.8856353263503,-215.1469845435852,265.1644038597474,981.7169765751909,238.56653134615658,-1094.4839484672118,-1191.6701445299261,-1241.2348264086668,535.4783234334919,-556.9597441034854,826.9846963328536,182.2624692615667,-342.5814066832118,775.9606461525033,-396.9833317343387,264.9106069330748,-223.48802583572382,528.4324904614265,881.1717160651508,-556.1372148493672,572.6517162143011,-1548.5408279308106,-161.12369514120465,-1032.9665559611756,-1646.9299502181657,-340.04478796102745,-1715.8691874227545,133.1644095032784,-271.37670540195285,1714.7185197646643,1003.852342075276,400.08086003778334
994.2113436464329,320.47089654200573,-821.2091286025703,296.2730874925424,365.18031749841094,758.458027479358,-279.84657718714925,41.095911222416575,-322.8586663782364,-205.13992585663084,-135.40812294156768,1165.7030094095787,-463.2128502654232,-126.61458012291108,155.06883967572267,574.6093208924749,139.02189555499513,-641.0078528737442,-697.8805984970132,-727.2592194230762,313.5692074268958,-326.2015870263106,484.30897984536387,106.69965860821591,-200.54247256501208,454.6034538371291,-232.86941666403024,155.17589087689996,-131.03312690594763,309.47781896479927,515.9897023748351,-325.748081317662,335.4090914301153,-906.6276875897686,-94.80242423526968,-604.7792443266022,-964.7052512874143,-199.1814016999511,-1005.0611794050918,78.00544712178296,-159.39998597029637,1003.852342075276,588.4901239063789,233.79263165039555
395.9675246449168,127.72120551341472,-326.40513089948684,117.92712132149957,145.7049473625403,301.8915565802842,-111.11066096320363,16.91831612169394,-128.35364649254785,-82.15964334563706,-54.09526397048617,463.778548644662,-184.42023727943584,-49.82340295622908,61.949907762843885,229.07425016626198,56.01155687632163,-255.25835255449743,-277.9509359254458,-289.39219615833525,124.83405763835279,-129.94861245551832,192.851188625369,42.537809542149,-79.90800592517617,180.89809176918757,-92.36758045952637,61.75061963840185,-52.07238490334121,123.19201253432242,205.52236056633512,-129.64415588181538,133.5695787828302,-361.29967996522345,-37.28682380495762,-240.96415587182412,-383.9185432615192,-79.26243977089176,-400.0445327453503,31.070364340463385,-63.04972862022086,400.08086003778334,233.79263165039555,93.59646627063873
