V1,V2,V3,V4,V5,V6,V7,V8,V9,V10,V11,V12,V13,V14,V15,V16,V17,V18,V19,V20,V21,V22,V23,V24,V25,V26,V27,V28,V29,V30,V31,V32,V33,V34,V35,V36,V37,V38,V39,V40,V41,V42,V43,V44
0.4808003959148303,0.20080365379899504,0.1667166534496272,0.008905639537826013,0.12255482129923609,0.18925273425490563,0.033847089166879146,-0.064106782521633,-0.12906621236399599,0.0567749631640415,-0.03320450807668373,0.02882336778855324,-0.4631524638034625,-0.11442893973507684,-0.0902015129979441,0.010013203692987584,0.022877759446427823,-4.6320596419399863e-4,-0.2674480126125317,-0.28461764130935047,-0.3488043301229164,-0.20365049952983497,0.12413704573861772,-0.516863772378351,0.32649488227622697,0.1280273823595405,-0.13309107314864105,-0.03453842579964971,-0.12023798267972687,-0.04233490978566093,-0.2779560524317678,0.10598495778014677,-0.030483281578224598,-0.4739827114257982,-0.12643961781615254,0.17935881277221694,0.24692488159011503,-0.14504578270323093,0.03745215442841567,-0.07293979003283264,-0.4070275347460979,0.3725332192074567,0.17159415384211416,-0.3777594406304558
0.20080365379899504,4.933517737028061,2.2644718807550586,0.6640197902515524,2.276541218882827,-0.22195808886318347,3.4351832606930297,0.07552493147472931,-3.905589564037734,-2.1350630717085464,1.9701294741509308,2.2437580505430925,2.7870360093034665,-0.9387148290518309,0.5448250385392444,1.3189558261830394,0.008868497106853246,-0.8086244531002772,1.9948111472673622,0.2002641150340791,1.0783293541895713,3.26709193521335,-0.8062774215471717,0.9643878565758718,-0.8810509990755558,-0.2128634920159053,0.6734028947699903,-0.4853840236340422,-1.2137882232424597,0.4353472769714722,2.497672304523282,0.9279924606431962,0.3417576253157539,-2.3455709778297726,-3.405260727824769,2.2403492848461983,0.22760913097343854,1.0748527907431513,0.8186912238067103,-2.107194511932301,-2.2036612290339517,3.0727149878483404,0.9169469013306478,-1.6439211291716662
0.1667166534496272,2.2644718807550586,1.9933638549272759,0.6707703475404284,1.4639142239313627,-0.6144002837197383,2.5038669106039935,-0.3568252252772449,-2.6005260797439917,-1.2064188355608605,0.4128363998312864,2.17175236964742,1.6610566959434514,-0.42132095072787984,0.5233026507612689,1.1584568945136131,-0.5797415359553189,-0.48961381459000136,1.8574989296839415,0.9360361260562686,0.7429850689339585,1.8231763960033138,-0.29450400279373257,0.34352858902402716,-0.9534573462325662,-0.14436083498766503,0.19452182510835198,-0.36492635849863214,-0.8671418161480597,0.15796901908041125,0.6318185087922275,-0.027408978743082065,0.17549928041558827,-2.202231480693979,-1.4200149374894249,1.342033356938395,-0.49611117050839637,1.1450495907264424,0.250059176384542,-1.763034226529303,-1.2615517785181283,1.4855350648589627,0.2103635866006791,-0.6480953588146632
0.008905639537826013,0.6640197902515524,0.6707703475404284,0.5353794127007017,0.47241701013525045,-0.34139509506607646,1.0410072082094832,-0.28896775176917416,-1.0435843356271075,-0.6664721086497524,-0.11573956570313393,0.9981546139615678,0.7182774873352082,-0.1899770281808134,0.3390325933428882,0.4453637708364794,-0.42180812273392926,-0.3389642124108438,0.8300354930439776,0.6912934836004321,0.2729275103831883,0.6705152334015853,-0.10776610440092177,-0.10324516622577257,-0.5203350373531944,-0.0850055728170843,0.05467370689499369,0.1072777007038511,-0.3547019559564025,0.13735090354654442,0.024928013709281095,-0.11903898929529218,0.06188521448465816,-1.0023121163555584,-0.3155655017872259,0.5685723631629969,-0.24370532670166165,0.5177501594282704,-0.01022793543964877,-0.824413636188847,-0.3535573692876772,0.45655339612677065,6.798278730250815e-4,0.04864858167480715
0.12255482129923609,2.276541218882827,1.4639142239313627,0.47241701013525045,1.483411607724109,-0.419271468509898,2.0575977716011966,-0.05990862804566681,-2.2671494959875567,-1.174367909244546,0.7011849119469076,1.6133964472219406,1.5348612728657682,-0.4787766556186491,0.4109749859193643,0.9185754807613089,-0.2940159859969036,-0.59915039115757,1.4199387304258857,0.5355156283023188,0.8001122813376607,1.9334152136524179,-0.1150893662405616,0.680048136450634,-0.7406114228016923,-0.2906819384905754,0.4884882416199386,-0.5119328616085103,-0.6594624050967164,0.10981252096898628,1.0817751769761925,0.3577699208563781,0.2087000721181528,-1.6179688211786425,-1.3696425876340945,1.3751317955495268,-0.23545065713684293,0.7787477033014384,0.13205033880744033,-1.4127274704483173,-1.0919305407421966,1.605085984156499,0.3344765811713448,-0.3550775538442394
0.18925273425490563,-0.22195808886318347,-0.6144002837197383,-0.34139509506607646,-0.419271468509898,0.6677297883734268,-0.8824043989796055,0.15531446431930102,0.7760548174936377,0.4664970877590748,0.3442520029792871,-0.7685254195133292,-0.9215242063198982,0.03285428460207781,-0.20087878943874302,-0.3905354956640763,0.4694682658026147,0.26223966304520313,-0.7843144269469647,-0.66293169639139915,-0.4444935597710068,-0.6240427371372135,-0.00884955658159383,-0.572855894966608,0.5711505970278702,0.25487272536607547,-0.1361070793449288,0.15525265148765496,0.23347235317228648,-0.010531736357646029,-0.15481725254930964,0.16519645308698247,-0.19190167152708001,0.4870110280320058,-0.09871688655384728,-0.45668818244014875,0.432332532729274,-0.529945655802928,0.09622074905299717,0.6916296545825704,0.01907696868273654,0.012607413001796292,0.18123180177656123,-0.4203714068555046
0.033847089166879146,3.4351832606930297,2.5038669106039935,1.0410072082094832,2.0575977716011966,-0.8824043989796055,3.6437608933710703,-0.33676206727667796,-3.723312901594393,-2.009838992662313,0.6701376067373591,2.8629230889457484,2.6499729372180707,-0.7783917782107002,0.8029038146980866,1.520958772450417,-0.705895645307715,-0.8734241746040479,2.565972331610688,1.2698658202125022,1.0903369006677424,2.7654399610849882,-0.4909957128486794,0.6686521882713499,-1.4126833328030162,-0.27618517007947363,0.5234150054835021,-0.4097727402558898,-1.1993596746672084,0.2910242491379888,1.2693237536201283,0.13661935449071477,0.2890926762813493,-2.863209036957354,-2.021906840951512,2.0940521113809947,-0.5485030438236862,1.5022009354894579,0.3565002441038976,-2.5219680762369516,-1.711317364939479,2.2206111942833964,0.33747440387434435,-0.5337569039289244
-0.064106782521633,0.07552493147472931,-0.3568252252772449,-0.28896775176917416,-0.05990862804566681,0.15531446431930102,-0.33676206727667796,0.3653965565066567,0.3369297536285849,0.1628798948779748,0.29490941259216674,-0.6422055165431525,-0.05170816619613909,-0.0426626169756087,-0.1324174586230967,-0.2663355180488855,0.34233063784062967,0.09905227523782614,-0.40911563178167276,-0.5651351647837588,-0.0146147392760481,-0.07210571129199445,0.13320946882341875,0.448734212258941,0.26379740426953263,-0.09022204233372286,0.22658386276093176,-0.16247792837596595,0.22031634260568078,-0.12738708297372217,0.4675393095164838,0.27926105145022684,0.05344392148599245,0.6052697504921423,-0.12887978142281542,-0.12246366027125637,0.2856327261082433,-0.3141006977103888,0.010247422218425664,0.3471293049694483,0.08798304451042756,0.07165559012288833,0.06211021277203451,0.05112565002140821
-0.12906621236399599,-3.905589564037734,-2.6005260797439917,-1.0435843356271075,-2.2671494959875567,0.7760548174936377,-3.723312901594393,0.3369297536285849,4.029985327260083,2.1530368052499624,-1.015341680718437,-2.9860432103901102,-2.8173978475898447,0.8082943969462707,-0.7895052878833311,-1.6064251761685977,0.6479328975648897,0.9611452505473105,-2.622853381847205,-1.2028681535568535,-1.2497578281538573,-3.1356681122656194,0.523717487382407,-0.7644366373301735,1.4131117836461862,0.3304125252249912,-0.545936541139069,0.4633022865479551,1.2640608185548408,-0.3959522032336088,-1.5987259952223751,-0.3290837223367052,-0.3351836420197521,2.9762619309253258,2.415233981679361,-2.2370840563993775,0.424745896410352,-1.558853399799757,-0.43143374293850284,2.5473226607679433,1.8931905729772414,-2.509812395397376,-0.5020660538747485,0.7964980291754413
0.0567749631640415,-2.1350630717085464,-1.2064188355608605,-0.6664721086497524,-1.174367909244546,0.4664970877590748,-2.009838992662313,0.1628798948779748,2.1530368052499624,1.4007234583512245,-0.5421369986758939,-1.549663082337356,-1.7330611879622273,0.4800346340814573,-0.47575901272429766,-0.842830819217253,0.34823073113114433,0.6558915516793525,-1.4702082026337324,-0.7784034238117716,-0.7148566282780788,-1.8016642654567723,0.41836699511966363,-0.4493804332442166,0.8479511023044586,0.23515158638473355,-0.4175221885103581,0.07622310861749275,0.6931174395601615,-0.3278243675624533,-1.0019480930940958,-0.22726743739808006,-0.22780367097571694,1.4286973924292337,1.239994735048331,-1.3306293556643796,0.16699313953747064,-0.7871342972786968,-0.19347523852693735,1.423216269938751,0.8673756775392987,-1.312913727132462,-0.26496847236692306,0.15398046297695478
-0.03320450807668373,1.9701294741509308,0.4128363998312864,-0.11573956570313393,0.7011849119469076,0.3442520029792871,0.6701376067373591,0.29490941259216674,-1.015341680718437,-0.5421369986758939,1.4309868142730848,0.2834160667036454,0.8746010065210366,-0.2668737597982278,0.13793352565053657,0.29823102860320455,0.4472615283245732,-0.13937733162139032,0.5008352202379504,-0.3817037692713722,0.5643241448356046,1.2325129178798468,-0.32179296394500806,0.5727289727888818,-0.09951573906683987,-0.09045868742690813,0.3881501439844767,-0.18595391203480016,-0.18383321512009512,0.18911973119999512,1.388464779140146,0.5877417592982739,0.1057528538545519,-0.23951264868988578,-1.6888773380608135,0.48848540507714383,0.39412414606619073,0.09755391902349686,0.3590943300767966,-0.2575211841964651,-0.6614821723315182,1.213394351796895,0.48408336059031243,-0.8417040415763758
0.02882336778855324,2.2437580505430925,2.17175236964742,0.9981546139615678,1.6133964472219406,-0.7685254195133292,2.8629230889457484,-0.6422055165431525,-2.9860432103901102,-1.549663082337356,0.2834160667036454,3.1475522794431283,1.9281971264899225,-0.3195008962574923,0.813795966640337,1.4798391300211333,-0.9566569705780221,-0.8244577964086354,2.4380371828701537,1.7802498258845199,1.1102329096869867,2.2938440060935474,-0.36523526217806346,0.08153998596904947,-1.5070168211944983,-0.24402592743091184,0.05943546669081958,-0.19643909266958184,-0.984851142748865,0.43136239798461246,0.369363177454222,-0.21655756917214344,0.09564905153291249,-2.6827140674051364,-1.274786513145621,1.4462924362245408,-1.0773433344187233,1.6301195019808254,0.11698422901558554,-2.1871687388445222,-1.149579376496494,1.5290049989206222,0.14443942936107637,-0.36663419190141355
-0.4631524638034625,2.7870360093034665,1.6610566959434514,0.7182774873352082,1.5348612728657682,-0.9215242063198982,2.6499729372180707,-0.05170816619613909,-2.8173978475898447,-1.7330611879622273,0.8746010065210366,1.9281971264899225,2.9916037992747713,-0.4430433126377181,0.6331628145917041,1.0884852999582157,-0.48383017677396734,-0.7097066896911556,2.1819093424799516,0.9849070634680938,1.4594360722686444,2.5860682371355646,-0.487109754905183,1.6242884214298905,-1.3050691295104855,-0.5635760483699755,0.6550281839621208,-0.2721729315093712,-0.7196265985274958,0.3363695481521741,1.891520752688102,0.27335816591303463,0.5127251855932319,-1.3226644168182673,-1.8352894703468894,1.4625044389045194,-0.36309827253301596,1.2358927816582808,0.2813757424429272,-1.7682940751824259,-0.8356338387955966,1.340586235782385,0.18217654713289158,-0.15862973124637347
-0.11442893973507684,-0.9387148290518309,-0.42132095072787984,-0.1899770281808134,-0.4787766556186491,0.03285428460207781,-0.7783917782107002,-0.0426626169756087,0.8082943969462707,0.4800346340814573,-0.2668737597982278,-0.3195008962574923,-0.4430433126377181,0.3982926768783996,-0.1741315435824578,-0.24475015589905805,-0.029430507347364642,0.20249505530888687,-0.42119180853709565,0.011133932685640937,-0.07147493942446152,-0.49219404735732025,0.05513623313257276,-0.026773983564326302,0.10848277375786969,0.0017936111741607746,-0.3014866134881493,0.08588608295297835,0.2495143255702454,-0.0034667970754268997,-0.38915522739256014,-0.14457938060553116,-0.07484277006597062,0.6685456758440154,0.5514819050581182,-0.6191359517668725,-0.22446765033037341,-0.08172022770159745,-0.08427668170171579,0.5198623063736512,0.5619180020812596,-0.7299975204592262,-0.17130404026323834,0.045771888060684524
-0.0902015129979441,0.5448250385392444,0.5233026507612689,0.3390325933428882,0.4109749859193643,-0.20087878943874302,0.8029038146980866,-0.1324174586230967,-0.7895052878833311,-0.47575901272429766,0.13793352565053657,0.813795966640337,0.6331628145917041,-0.1741315435824578,0.4530981578791997,0.41896327976340736,-0.26390603799667733,-0.20745209705184298,0.9365729027134247,0.5605261041124444,0.43069286768574777,0.5466554747060286,0.013938397283718202,0.032301911796543355,-0.4839205814270298,-0.13476800922833768,0.21229386566902644,0.06839592739069014,-0.14238805960801937,0.0453489780791183,0.12087729318479848,-0.1474023766581987,0.07139500677024806,-0.8033523759495195,-0.45762009586157976,0.3189946546709276,-0.20908684726068644,0.40572494942200893,-0.1084053424446798,-0.6832099766780263,-0.23170943466774707,0.4608234740687538,-0.04230828395978358,0.10136330390738432
0.010013203692987584,1.3189558261830394,1.1584568945136131,0.4453637708364794,0.9185754807613089,-0.3905354956640763,1.520958772450417,-0.2663355180488855,-1.6064251761685977,-0.842830819217253,0.29823102860320455,1.4798391300211333,1.0884852999582157,-0.24475015589905805,0.41896327976340736,0.8623633766741239,-0.37388681650663286,-0.3910294978976322,1.3945884668015005,0.8447610422287036,0.6087785502312072,1.2684225101375854,-0.2823620052095345,0.14902294270837274,-0.7711843216372471,-0.09788967933550492,0.20310903935709154,-0.15562903220947613,-0.5615095699493194,0.21024508382886317,0.35886375664642267,-0.10281396522293743,0.10438015784346998,-1.3849588173570435,-0.7606286962673198,0.8893045283574305,-0.4305732199638991,0.7429080796813929,0.05876356323300687,-1.1481366126544192,-0.6380185630515637,0.8757765891932071,0.1170072898036517,-0.15400532418684154
0.022877759446427823,0.008868497106853246,-0.5797415359553189,-0.42180812273392926,-0.2940159859969036,0.4694682658026147,-0.705895645307715,0.34233063784062967,0.6479328975648897,0.34823073113114433,0.4472615283245732,-0.9566569705780221,-0.48383017677396734,-0.029430507347364642,-0.26390603799667733,-0.37388681650663286,0.5844328231317625,0.23421777779088473,-0.689737528052828,-0.7738655385169853,-0.29271071718433456,-0.3521442262991146,-0.06263571855604012,0.026502075959516064,0.48819920304740394,0.1413602084681193,0.10355952369366123,-0.015170412325539907,0.20664442533799401,-0.0465926572320362,0.3049947114034547,0.2592631004381894,-0.062154553757294034,0.7534073323644996,-0.14111248143079255,-0.261295092797842,0.5014846729736695,-0.5285507047647587,0.1341590855603554,0.6614714692475433,0.07061429074453571,0.018911591298195765,0.16934083841229697,-0.1859829255001147
-4.6320596419399863e-4,-0.8086244531002772,-0.48961381459000136,-0.3389642124108438,-0.59915039115757,0.26223966304520313,-0.8734241746040479,0.09905227523782614,0.9611452505473105,0.6558915516793525,-0.13937733162139032,-0.8244577964086354,-0.7097066896911556,0.20249505530888687,-0.20745209705184298,-0.3910294978976322,0.23421777779088473,0.4639601689873363,-0.6392187611114569,-0.49572214132908354,-0.39369344487450186,-0.9358486988854006,0.05984440990532262,-0.19851607854665818,0.4502891107891674,0.17199859631001108,-0.21478495865003044,0.1086958238627508,0.3044672782755815,-0.18094101795855302,-0.3626934367660441,-0.14300222198049886,-0.0898452480167617,0.6831501616791158,0.28217313417525053,-0.7119572226344791,0.171803734325053,-0.38296174210668094,0.02081581179926118,0.6651911798829405,0.3245355653589014,-0.5912563882770148,-0.11541637082735239,-0.24784196441109338
-0.2674480126125317,1.9948111472673622,1.8574989296839415,0.8300354930439776,1.4199387304258857,-0.7843144269469647,2.565972331610688,-0.40911563178167276,-2.622853381847205,-1.4702082026337324,0.5008352202379504,2.4380371828701537,2.1819093424799516,-0.42119180853709565,0.9365729027134247,1.3945884668015005,-0.689737528052828,-0.6392187611114569,2.7431504260682207,1.6391219362287777,1.2980151130372581,2.1044089281506912,-0.3768757263602137,0.5466639780464123,-1.4898371092234586,-0.3164292268537562,0.55013268365891,-0.11406302797258874,-0.7539765090422867,0.3013515206893683,0.7018958578586698,-0.3248462607849119,0.2911541907576894,-2.195274551227362,-1.2787885276388375,1.3201636168990225,-0.7072211890247151,1.3235523972362355,-0.04091294141937333,-1.9574902357894677,-0.8001433761758742,1.2576730648961545,-0.0016813095585188015,0.18076794380550962
-0.28461764130935047,0.2002641150340791,0.9360361260562686,0.6912934836004321,0.5355156283023188,-0.66293169639139915,1.2698658202125022,-0.5651351647837588,-1.2028681535568535,-0.7784034238117716,-0.3817037692713722,1.7802498258845199,0.9849070634680938,0.011133932685640937,0.5605261041124444,0.8447610422287036,-0.7738655385169853,-0.49572214132908354,1.6391219362287777,1.691458686397667,0.7024980026793568,1.033714546026707,-0.2512424734082263,-0.10480554322740891,-1.1825859285326235,-0.15686232535645445,0.025454867389764164,0.12250579344308529,-0.45292526547576284,0.33103866053722514,-0.35640108734543074,-0.5532608210976854,0.016482638244543078,-1.2878530592165132,0.20575076334158518,0.5916149827216577,-0.9595032027713212,1.0114830520242744,-0.20879833128201794,-1.1304347903107816,-0.016326068687977903,0.09975584575720656,-0.24615854026016598,0.6587491694842447
-0.3488043301229164,1.0783293541895713,0.7429850689339585,0.2729275103831883,0.8001122813376607,-0.4444935597710068,1.0903369006677424,-0.0146147392760481,-1.2497578281538573,-0.7148566282780788,0.5643241448356046,1.1102329096869867,1.4594360722686444,-0.07147493942446152,0.43069286768574777,0.6087785502312072,-0.29271071718433456,-0.39369344487450186,1.2980151130372581,0.7024980026793568,1.119019008858689,1.4449947686875035,-0.007243724686693911,0.9977436354630829,-0.8155099034439456,-0.43562442777916127,0.4081796710439483,-0.2405031675425404,-0.16045318775204612,0.15008043327275897,0.9212355475913916,0.10173779682721851,0.2381870640085959,-0.5720484955916476,-0.802667372247902,0.5178464826345329,-0.4000606409984911,0.69226552560774,-0.06977814386031057,-0.7872208922999422,-0.16447581450615992,0.5662034058682768,0.01831835725050344,0.19117614273041045
-0.20365049952983497,3.26709193521335,1.8231763960033138,0.6705152334015853,1.9334152136524179,-0.6240427371372135,2.7654399610849882,-0.07210571129199445,-3.1356681122656194,-1.8016642654567723,1.2325129178798468,2.2938440060935474,2.5860682371355646,-0.49219404735732025,0.5466554747060286,1.2684225101375854,-0.3521442262991146,-0.9358486988854006,2.1044089281506912,1.033714546026707,1.4449947686875035,3.1538076714205316,-0.4909541337563616,1.273859589979383,-1.3379231051660798,-0.4745894938692808,0.6560994421553354,-0.5614735174234303,-0.9081325496521905,0.4491627425656938,1.8829969983259103,0.5495849445538346,0.29052611568798203,-1.7679309013378948,-1.9332521919984698,1.827800431689986,-0.4833810710785395,1.2664095307269065,0.30838688385046586,-1.7997416011037661,-1.1829608227280972,1.9919285853144038,0.4613474983137738,-0.327846245445843
0.12413704573861772,-0.8062774215471717,-0.29450400279373257,-0.10776610440092177,-0.1150893662405616,-0.00884955658159383,-0.4909957128486794,0.13320946882341875,0.523717487382407,0.41836699511966363,-0.32179296394500806,-0.36523526217806346,-0.487109754905183,0.05513623313257276,0.013938397283718202,-0.2823620052095345,-0.06263571855604012,0.05984440990532262,-0.3768757263602137,-0.2512424734082263,-0.007243724686693911,-0.4909541337563616,0.7773662693264268,0.13649494227950235,0.24227800578944458,-0.23989570297426765,0.09628755654964453,-0.18822189430272834,0.4065701333757045,-0.3550601524707138,-0.2961846778544394,0.011647463249860286,0.006671203371718306,0.17173847870080908,0.4817238825199958,-0.3406227866125887,0.07009877157217906,-0.19336673841470056,-0.372030253249123,0.25139915596455054,0.24239625445359778,-0.19759052533025415,-0.1523846848132811,0.4388746472888346
-0.516863772378351,0.9643878565758718,0.34352858902402716,-0.10324516622577257,0.680048136450634,-0.572855894966608,0.6686521882713499,0.448734212258941,-0.7644366373301735,-0.4493804332442166,0.5727289727888818,0.08153998596904947,1.6242884214298905,-0.026773983564326302,0.032301911796543355,0.14902294270837274,0.026502075959516064,-0.19851607854665818,0.5466639780464123,-0.10480554322740891,0.9977436354630829,1.273859589979383,0.13649494227950235,2.097360975883605,-0.4509685107903166,-0.6182042600158436,0.6267408271789092,-0.6158918964351648,0.07096695128138128,-0.12851561736894726,1.6526299746755537,0.4479891171668059,0.4262244283573779,0.5581338129894842,-0.6719924698628776,0.3581362193995194,-0.1213793429767236,0.3390604594841277,-0.0049394985447478385,-0.25394110272012205,0.08921124481274728,0.24998791847674534,-0.025281038650146564,0.294087874193167
0.32649488227622697,-0.8810509990755558,-0.9534573462325662,-0.5203350373531944,-0.7406114228016923,0.5711505970278702,-1.4126833328030162,0.26379740426953263,1.4131117836461862,0.8479511023044586,-0.09951573906683987,-1.5070168211944983,-1.3050691295104855,0.10848277375786969,-0.4839205814270298,-0.7711843216372471,0.48819920304740394,0.4502891107891674,-1.4898371092234586,-1.1825859285326235,-0.8155099034439456,-1.3379231051660798,0.24227800578944458,-0.4509685107903166,1.062738389092799,0.23673834389938986,-0.22390896604932667,0.09166235056588362,0.4207996894978144,-0.25370515119076914,-0.3689477886158895,0.2374924622929128,-0.08910967562551898,1.0426963963278724,0.37831077046046485,-0.6738207705394476,0.7098491714962364,-0.9204975571022379,0.048251750491525636,1.0588784432619225,0.2312742650970602,-0.4849648950004209,0.0876801666581258,-0.3453707759965191
0.1280273823595405,-0.2128634920159053,-0.14436083498766503,-0.0850055728170843,-0.2906819384905754,0.25487272536607547,-0.27618517007947363,-0.09022204233372286,0.3304125252249912,0.23515158638473355,-0.09045868742690813,-0.24402592743091184,-0.5635760483699755,0.0017936111741607746,-0.13476800922833768,-0.09788967933550492,0.1413602084681193,0.17199859631001108,-0.3164292268537562,-0.15686232535645445,-0.43562442777916127,-0.4745894938692808,-0.23989570297426765,-0.6182042600158436,0.23673834389938986,0.34501704159059854,-0.22602459154583274,0.15585390181472975,-0.07302978774248636,0.045553537890757514,-0.42179254222782453,-0.12519412305678887,-0.1499436655981341,0.0014925788979806415,0.1589885169297923,-0.14297222155792882,0.10718644855711046,-0.211120764450007,0.14294486824809347,0.2394534668603417,-0.07059356494549275,-0.13244344582247164,0.04968083169733147,-0.24817846200060684
-0.13309107314864105,0.6734028947699903,0.19452182510835198,0.05467370689499369,0.4884882416199386,-0.1361070793449288,0.5234150054835021,0.22658386276093176,-0.545936541139069,-0.4175221885103581,0.3881501439844767,0.05943546669081958,0.6550281839621208,-0.3014866134881493,0.21229386566902644,0.20310903935709154,0.10355952369366123,-0.21478495865003044,0.55013268365891,0.025454867389764164,0.4081796710439483,0.6560994421553354,0.09628755654964453,0.6267408271789092,-0.22390896604932667,-0.22602459154583274,0.6182411042127898,-0.22170420863863022,-0.035123068801447166,-0.09013314346868695,0.6976068295053193,0.20619328598602069,0.1858929987503379,-0.1917404817316525,-0.39272466405991013,0.5238726899171481,0.16041604792440378,0.0010157197163988055,-0.13981820021654875,-0.3519403150885555,-0.1649278685869521,0.542648480928721,0.0628918979190681,0.4394999139819778
-0.03453842579964971,-0.4853840236340422,-0.36492635849863214,0.1072777007038511,-0.5119328616085103,0.15525265148765496,-0.4097727402558898,-0.16247792837596595,0.4633022865479551,0.07622310861749275,-0.18595391203480016,-0.19643909266958184,-0.2721729315093712,0.08588608295297835,0.06839592739069014,-0.15562903220947613,-0.015170412325539907,0.1086958238627508,-0.11406302797258874,0.12250579344308529,-0.2405031675425404,-0.5614735174234303,-0.18822189430272834,-0.6158918964351648,0.09166235056588362,0.15585390181472975,-0.22170420863863022,0.5492352756593942,0.08558330721144297,0.15625390085524485,-0.45457034154917125,-0.24572973525627967,-0.05556616886256872,0.17202458545558127,0.17130116263353376,-0.34393730738901823,0.13660495887164004,-0.11555518510949035,0.010495427984676323,0.1771142137802945,0.26901786953442847,-0.4033888913023428,-0.08204290676903431,-0.007262102677877438
-0.12023798267972687,-1.2137882232424597,-0.8671418161480597,-0.3547019559564025,-0.6594624050967164,0.23347235317228648,-1.1993596746672084,0.22031634260568078,1.2640608185548408,0.6931174395601615,-0.18383321512009512,-0.984851142748865,-0.7196265985274958,0.2495143255702454,-0.14238805960801937,-0.5615095699493194,0.20664442533799401,0.3044672782755815,-0.7539765090422867,-0.45292526547576284,-0.16045318775204612,-0.9081325496521905,0.4065701333757045,0.07096695128138128,0.4207996894978144,-0.07302978774248636,-0.035123068801447166,0.08558330721144297,0.5794783050187036,-0.21849944406185862,-0.27638975201464744,-0.026290386122476916,-0.04615705290461387,1.036145571552054,0.5882942570269026,-0.8290488922261169,0.1738727014857325,-0.47108999289944714,-0.23204610580216103,0.8149052139977057,0.6599022746325841,-0.7302283845381699,-0.1965438574891482,0.3314305067556695
-0.04233490978566093,0.4353472769714722,0.15796901908041125,0.13735090354654442,0.10981252096898628,-0.010531736357646029,0.2910242491379888,-0.12738708297372217,-0.3959522032336088,-0.3278243675624533,0.18911973119999512,0.43136239798461246,0.3363695481521741,-0.0034667970754268997,0.0453489780791183,0.21024508382886317,-0.0465926572320362,-0.18094101795855302,0.3013515206893683,0.33103866053722514,0.15008043327275897,0.4491627425656938,-0.3550601524707138,-0.12851561736894726,-0.25370515119076914,0.045553537890757514,-0.09013314346868695,0.15625390085524485,-0.21849944406185862,0.3284845693102629,0.14437851369022855,-0.0016036469375168632,0.0022173036476768764,-0.20129818512756234,-0.2088743094015486,0.2348533710623904,-0.09034042799106186,0.24073267467267054,0.15717341776339455,-0.2116815971899614,-0.10447242514451341,0.14723575509211279,0.09903196182941719,-0.07826639776985353
-0.2779560524317678,2.497672304523282,0.6318185087922275,0.024928013709281095,1.0817751769761925,-0.15481725254930964,1.2693237536201283,0.4675393095164838,-1.5987259952223751,-1.0019480930940958,1.388464779140146,0.369363177454222,1.891520752688102,-0.38915522739256014,0.12087729318479848,0.35886375664642267,0.3049947114034547,-0.3626934367660441,0.7018958578586698,-0.35640108734543074,0.9212355475913916,1.8829969983259103,-0.2961846778544394,1.6526299746755537,-0.3689477886158895,-0.42179254222782453,0.6976068295053193,-0.45457034154917125,-0.27638975201464744,0.14437851369022855,2.2345627070378056,0.817944538061077,0.37915094084135226,-0.04513174552126447,-1.8372329461993553,0.9140913870738102,0.3403206018786552,0.31678233830456864,0.3777792249241476,-0.58201435825176,-0.682227284449411,1.297506132638938,0.4425778164372528,-0.528671989116706
0.10598495778014677,0.9279924606431962,-0.027408978743082065,-0.11903898929529218,0.3577699208563781,0.16519645308698247,0.13661935449071477,0.27926105145022684,-0.3290837223367052,-0.22726743739808006,0.5877417592982739,-0.21655756917214344,0.27335816591303463,-0.14457938060553116,-0.1474023766581987,-0.10281396522293743,0.2592631004381894,-0.14300222198049886,-0.3248462607849119,-0.5532608210976854,0.10173779682721851,0.5495849445538346,0.011647463249860286,0.4479891171668059,0.2374924622929128,-0.12519412305678887,0.20619328598602069,-0.24572973525627967,-0.026290386122476916,-0.0016036469375168632,0.817944538061077,0.6225452539942813,0.09046519696940598,0.20149939202845013,-0.6641673628605361,0.34041059683098096,0.3590668653549389,-0.186751791520976,0.17323382001246473,0.051304739895826686,-0.31961731265095517,0.6118264090553721,0.3154936800050339,-0.3857770273095018
-0.030483281578224598,0.3417576253157539,0.17549928041558827,0.06188521448465816,0.2087000721181528,-0.19190167152708001,0.2890926762813493,0.05344392148599245,-0.3351836420197521,-0.22780367097571694,0.1057528538545519,0.09564905153291249,0.5127251855932319,-0.07484277006597062,0.07139500677024806,0.10438015784346998,-0.062154553757294034,-0.0898452480167617,0.2911541907576894,0.016482638244543078,0.2381870640085959,0.29052611568798203,0.006671203371718306,0.4262244283573779,-0.08910967562551898,-0.1499436655981341,0.1858929987503379,-0.05556616886256872,-0.04615705290461387,0.0022173036476768764,0.37915094084135226,0.09046519696940598,0.23158704156860652,-0.05913915291661251,-0.24746206183106043,0.24200357253679938,0.08318627548211632,0.08594268371561695,-0.01794873603876492,-0.21026686560783933,-0.05028537147240548,0.11144041017061715,0.011042673204353145,0.0949905927495037
-0.4739827114257982,-2.3455709778297726,-2.202231480693979,-1.0023121163555584,-1.6179688211786425,0.4870110280320058,-2.863209036957354,0.6052697504921423,2.9762619309253258,1.4286973924292337,-0.23951264868988578,-2.6827140674051364,-1.3226644168182673,0.6685456758440154,-0.8033523759495195,-1.3849588173570435,0.7534073323644996,0.6831501616791158,-2.195274551227362,-1.2878530592165132,-0.5720484955916476,-1.7679309013378948,0.17173847870080908,0.5581338129894842,1.0426963963278724,0.0014925788979806415,-0.1917404817316525,0.17202458545558127,1.036145571552054,-0.20129818512756234,-0.04513174552126447,0.20149939202845013,-0.05913915291661251,3.2209716012775877,1.3631782573095597,-1.6399760266206846,0.4730374840312711,-1.2067543936700864,-0.09818898727543189,2.1695503988793767,1.604918432460231,-1.9333567951545996,-0.2761939852899646,0.49505693359321906
-0.12643961781615254,-3.405260727824769,-1.4200149374894249,-0.3155655017872259,-1.3696425876340945,-0.09871688655384728,-2.021906840951512,-0.12887978142281542,2.415233981679361,1.239994735048331,-1.6888773380608135,-1.274786513145621,-1.8352894703468894,0.5514819050581182,-0.45762009586157976,-0.7606286962673198,-0.14111248143079255,0.28217313417525053,-1.2787885276388375,0.20575076334158518,-0.802667372247902,-1.9332521919984698,0.4817238825199958,-0.6719924698628776,0.37831077046046485,0.1589885169297923,-0.39272466405991013,0.17130116263353376,0.5882942570269026,-0.2088743094015486,-1.8372329461993553,-0.6641673628605361,-0.24746206183106043,1.3631782573095597,2.893284678276371,-1.0463061442795951,-0.3846359451808184,-0.6103377579121682,-0.6077807252272054,1.2177572650872177,1.4638665049533903,-2.0837699347605674,-0.6364731087322302,1.6984673213207016
0.17935881277221694,2.2403492848461983,1.342033356938395,0.5685723631629969,1.3751317955495268,-0.45668818244014875,2.0940521113809947,-0.12246366027125637,-2.2370840563993775,-1.3306293556643796,0.48848540507714383,1.4462924362245408,1.4625044389045194,-0.6191359517668725,0.3189946546709276,0.8893045283574305,-0.261295092797842,-0.7119572226344791,1.3201636168990225,0.5916149827216577,0.5178464826345329,1.827800431689986,-0.3406227866125887,0.3581362193995194,-0.6738207705394476,-0.14297222155792882,0.5238726899171481,-0.34393730738901823,-0.8290488922261169,0.2348533710623904,0.9140913870738102,0.34041059683098096,0.24200357253679938,-1.6399760266206846,-1.0463061442795951,1.722848922059399,-0.046668748166116686,0.6398462828540467,0.19372356983782607,-1.4534673630057027,-1.1104000476963158,1.526716230031983,0.38082681755799447,-0.040410915492103565
0.24692488159011503,0.22760913097343854,-0.49611117050839637,-0.24370532670166165,-0.23545065713684293,0.432332532729274,-0.5485030438236862,0.2856327261082433,0.424745896410352,0.16699313953747064,0.39412414606619073,-1.0773433344187233,-0.36309827253301596,-0.22446765033037341,-0.20908684726068644,-0.4305732199638991,0.5014846729736695,0.171803734325053,-0.7072211890247151,-0.9595032027713212,-0.4000606409984911,-0.4833810710785395,0.07009877157217906,-0.1213793429767236,0.7098491714962364,0.10718644855711046,0.16041604792440378,0.13660495887164004,0.1738727014857325,-0.09034042799106186,0.3403206018786552,0.3590668653549389,0.08318627548211632,0.4730374840312711,-0.3846359451808184,-0.046668748166116686,0.9898913348568397,-0.666349151556059,0.14762031174534176,0.49026170451166484,-0.16197069859078342,0.18197584577946785,0.2351943955609831,-0.2756342949497106
-0.14504578270323093,1.0748527907431513,1.1450495907264424,0.5177501594282704,0.7787477033014384,-0.529945655802928,1.5022009354894579,-0.3141006977103888,-1.558853399799757,-0.7871342972786968,0.09755391902349686,1.6301195019808254,1.2358927816582808,-0.08172022770159745,0.40572494942200893,0.7429080796813929,-0.5285507047647587,-0.38296174210668094,1.3235523972362355,1.0114830520242744,0.69226552560774,1.2664095307269065,-0.19336673841470056,0.3390604594841277,-0.9204975571022379,-0.211120764450007,0.0010157197163988055,-0.11555518510949035,-0.47108999289944714,0.24073267467267054,0.31678233830456864,-0.186751791520976,0.08594268371561695,-1.2067543936700864,-0.6103377579121682,0.6398462828540467,-0.666349151556059,1.0238473681301408,0.09353968295837554,-1.0946968794156644,-0.4565580118924576,0.590037781911063,-0.015688952897713777,-0.12242378527095106
0.03745215442841567,0.8186912238067103,0.250059176384542,-0.01022793543964877,0.13205033880744033,0.09622074905299717,0.3565002441038976,0.010247422218425664,-0.43143374293850284,-0.19347523852693735,0.3590943300767966,0.11698422901558554,0.2813757424429272,-0.08427668170171579,-0.1084053424446798,0.05876356323300687,0.1341590855603554,0.02081581179926118,-0.04091294141937333,-0.20879833128201794,-0.06977814386031057,0.30838688385046586,-0.372030253249123,-0.0049394985447478385,0.048251750491525636,0.14294486824809347,-0.13981820021654875,0.010495427984676323,-0.23204610580216103,0.15717341776339455,0.3777792249241476,0.17323382001246473,-0.01794873603876492,-0.09818898727543189,-0.6077807252272054,0.19372356983782607,0.14762031174534176,0.09353968295837554,0.3918611066174996,-0.09314739098644084,-0.3941569017409431,0.32417613350811775,0.20688806165464602,-0.6510022237424615
-0.07293979003283264,-2.107194511932301,-1.763034226529303,-0.824413636188847,-1.4127274704483173,0.6916296545825704,-2.5219680762369516,0.3471293049694483,2.5473226607679433,1.423216269938751,-0.2575211841964651,-2.1871687388445222,-1.7682940751824259,0.5198623063736512,-0.6832099766780263,-1.1481366126544192,0.6614714692475433,0.6651911798829405,-1.9574902357894677,-1.1304347903107816,-0.7872208922999422,-1.7997416011037661,0.25139915596455054,-0.25394110272012205,1.0588784432619225,0.2394534668603417,-0.3519403150885555,0.1771142137802945,0.8149052139977057,-0.2116815971899614,-0.58201435825176,0.051304739895826686,-0.21026686560783933,2.1695503988793767,1.2177572650872177,-1.4534673630057027,0.49026170451166484,-1.0946968794156644,-0.09314739098644084,1.9181352851701097,1.1035353683074343,-1.4564172477474235,-0.14741085205878385,0.1970004799194642
-0.4070275347460979,-2.2036612290339517,-1.2615517785181283,-0.3535573692876772,-1.0919305407421966,0.01907696868273654,-1.711317364939479,0.08798304451042756,1.8931905729772414,0.8673756775392987,-0.6614821723315182,-1.149579376496494,-0.8356338387955966,0.5619180020812596,-0.23170943466774707,-0.6380185630515637,0.07061429074453571,0.3245355653589014,-0.8001433761758742,-0.016326068687977903,-0.16447581450615992,-1.1829608227280972,0.24239625445359778,0.08921124481274728,0.2312742650970602,-0.07059356494549275,-0.1649278685869521,0.26901786953442847,0.6599022746325841,-0.10447242514451341,-0.682227284449411,-0.31961731265095517,-0.05028537147240548,1.604918432460231,1.4638665049533903,-1.1104000476963158,-0.16197069859078342,-0.4565580118924576,-0.3941569017409431,1.1035353683074343,1.3701564752904698,-1.5837830203028096,-0.447271282742847,0.931468664542807
0.3725332192074567,3.0727149878483404,1.4855350648589627,0.45655339612677065,1.605085984156499,0.012607413001796292,2.2206111942833964,0.07165559012288833,-2.509812395397376,-1.312913727132462,1.213394351796895,1.5290049989206222,1.340586235782385,-0.7299975204592262,0.4608234740687538,0.8757765891932071,0.018911591298195765,-0.5912563882770148,1.2576730648961545,0.09975584575720656,0.5662034058682768,1.9919285853144038,-0.19759052533025415,0.24998791847674534,-0.4849648950004209,-0.13244344582247164,0.542648480928721,-0.4033888913023428,-0.7302283845381699,0.14723575509211279,1.297506132638938,0.6118264090553721,0.11144041017061715,-1.9333567951545996,-2.0837699347605674,1.526716230031983,0.18197584577946785,0.590037781911063,0.32417613350811775,-1.4564172477474235,-1.5837830203028096,2.3414302053720615,0.6191897751708914,-0.9024965239228512
0.17159415384211416,0.9169469013306478,0.2103635866006791,6.798278730250815e-4,0.3344765811713448,0.18123180177656123,0.33747440387434435,0.06211021277203451,-0.5020660538747485,-0.26496847236692306,0.48408336059031243,0.14443942936107637,0.18217654713289158,-0.17130404026323834,-0.04230828395978358,0.1170072898036517,0.16934083841229697,-0.11541637082735239,-0.0016813095585188015,-0.24615854026016598,0.01831835725050344,0.4613474983137738,-0.1523846848132811,-0.025281038650146564,0.0876801666581258,0.04968083169733147,0.0628918979190681,-0.08204290676903431,-0.1965438574891482,0.09903196182941719,0.4425778164372528,0.3154936800050339,0.011042673204353145,-0.2761939852899646,-0.6364731087322302,0.38082681755799447,0.2351943955609831,-0.015688952897713777,0.20688806165464602,-0.14741085205878385,-0.447271282742847,0.6191897751708914,0.30267907016784523,-0.46829274235299767
-0.3777594406304558,-1.6439211291716662,-0.6480953588146632,0.04864858167480715,-0.3550775538442394,-0.4203714068555046,-0.5337569039289244,0.05112565002140821,0.7964980291754413,0.15398046297695478,-0.8417040415763758,-0.36663419190141355,-0.15862973124637347,0.045771888060684524,0.10136330390738432,-0.15400532418684154,-0.1859829255001147,-0.24784196441109338,0.18076794380550962,0.6587491694842447,0.19117614273041045,-0.327846245445843,0.4388746472888346,0.294087874193167,-0.3453707759965191,-0.24817846200060684,0.4394999139819778,-0.007262102677877438,0.3314305067556695,-0.07826639776985353,-0.528671989116706,-0.3857770273095018,0.0949905927495037,0.49505693359321906,1.6984673213207016,-0.040410915492103565,-0.2756342949497106,-0.12242378527095106,-0.6510022237424615,0.1970004799194642,0.931468664542807,-0.9024965239228512,-0.46829274235299767,2.119481931780862
