V1,V2,V3,V4,V5,V6,V7,V8,V9,V10,V11,V12,V13,V14,V15,V16,V17,V18,V19,V20,V21,V22,V23,V24,V25,V26,V27,V28,V29,V30,V31,V32,V33,V34,V35,V36,V37,V38,V39,V40,V41,V42,V43,V44
4.3874258137551365,-3.298910373264734,10.203455678073126,4.790829121668979,-1.5453833562656887,-2.3907648474172847,0.44305290172774736,0.6198223945145939,2.6984747018418447,-3.897637891210308,8.279294655986066,-4.276599645143669,-15.652239136659079,10.612868027780312,4.46481273687977,5.30101026862404,3.826615485364218,5.7350901106132,1.260340549539866,5.262098879651189,1.6522241673804523,6.337830309635777,3.5082282235053515,6.35071683387082,4.355302430620357,1.3827252771297656,0.39421259168176626,0.9931875431048347,0.26417947020597815,7.6643295790179415,-1.9158329554601703,-0.7439240645956856,2.693939042791033,3.5037503089934603,7.710927006876235,7.835061181721985,4.415582592742447,-0.41807744405016406,-10.27713799104307,-5.057316008511887,14.706404180676564,4.485705617679612,-16.492852791454386,9.837199139477942
-3.298910373264734,3.022487508963275,-8.065843069849059,-3.919392540519881,1.6615886452379898,1.6162995790914305,-0.538427195861537,-0.6058082165319767,-2.113832849408184,2.3032503854940702,-5.999880117865076,3.2431201047557305,11.690997354432778,-8.224330870112734,-3.3473326423101137,-3.3132408298648723,-2.871514259229861,-4.370798399288264,-0.5624794000608019,-3.744093439071006,-1.6508330864393275,-4.961713121555303,-2.785192482921274,-4.826059918161605,-3.3986571871218607,-1.66302470444814,-0.3313092042325805,-1.3019189178343038,-0.8076976573193465,-5.756806003245149,2.00848023976908,-0.1890924616367078,-2.7404094746376058,-2.8060913767922337,-5.137126639591553,-6.3637062204711485,-3.4796674777814642,-0.49898336886024974,7.427819543396595,3.667245157760473,-11.604039164591406,-3.444289458247141,12.390186808805801,-7.523218635351417
10.203455678073126,-8.065843069849059,24.0263415444177,11.36605319291517,-3.9646690480230267,-5.422246663491856,1.1944737720711227,1.5659979784324738,6.349084535977361,-8.575115558952998,19.075686251094336,-9.962000313512425,-36.31855210144986,24.85324752528699,10.381170864159904,11.799001101984972,8.89324027456249,13.364964830963068,2.6327160869004316,12.053815920488601,4.156502297029559,14.889936686374877,8.254938613669848,14.799961496517495,10.213184389266972,3.677802110013249,0.9393638423905838,2.7150564114088502,1.0778213613244976,17.795489361547254,-4.895212411757741,-1.1697180186377654,6.798281562217119,8.263904708937682,17.416661193648064,18.581248648091233,10.390204355174317,-0.34157566866062417,-23.654408231134386,-11.638376589027501,34.59628029633321,10.479395851929473,-38.31916622238894,22.950245966334847
4.790829121668979,-3.919392540519881,11.36605319291517,5.424921182037342,-1.9739684029091555,-2.5085982631772277,0.5933384385361085,0.7395604456672851,2.98520837096066,-3.9179805060643083,8.922770213160575,-4.689467202248222,-17.069869711517224,11.738622685756562,4.866722299516759,5.4285421861592384,4.176941224152809,6.310683655163744,1.1669378014858538,5.646653685120429,2.0298455110968714,7.0290996339369665,3.92641150009747,6.971572574433031,4.833874109378642,1.8686805047726431,0.4536670925101417,1.4092606646668209,0.6281399772470659,8.38803130375042,-2.403637983271177,-0.38632040835367354,3.3501918713997907,3.9344633699300258,8.062288222059992,8.81994817144105,4.911859984163785,-0.01138103428368351,-11.071690482590395,-5.464338922516359,16.3826889552253,4.944667644007322,-18.02881507882248,10.833347055635018
-1.5453833562656887,1.6615886452379898,-3.9646690480230267,-1.9739684029091555,1.010911125614058,0.6702683039185833,-0.35679271496255355,-0.36591692835969836,-1.0387078372892502,0.7669955411859203,-2.6958620052406492,1.5285032740699274,5.419546391715051,-3.9580454800065725,-1.567279461176591,-1.214323669444479,-1.3410374029976342,-2.061232907682155,-0.07369487051353042,-1.6334894929279895,-0.9721780777890042,-2.4195841468018275,-1.362561382573149,-2.278106345522555,-1.6434330396851076,-1.068491081148689,-0.16858245928726273,-0.8625919413188343,-0.6712339728210373,-2.673436869017508,1.2197853494081332,-0.44072471807369495,-1.6183652646238407,-1.3847574384876604,-2.0781279538626225,-3.208118622905036,-1.7062215345077019,-0.6341247873785105,3.320276245081804,1.636248794285123,-5.6810204343113435,-1.6418002507517182,5.77514880364236,-3.565574434785051
-2.3907648474172847,1.6162995790914305,-5.422246663491856,-2.5085982631772277,0.6702683039185833,1.3674461225753591,-0.16371347474148837,-0.27619194122426066,-1.4342995937396044,2.3550160586109246,-4.596325599665641,2.323686891327437,8.57166097478776,-5.705402687436606,-2.4331292653706105,-3.139086038084643,-2.088105537744857,-3.1153915512201453,-0.8273552235766976,-2.957065024791115,-0.7530372881695104,-3.3832190843656758,-1.8692185709765978,-3.447881245420022,-2.335436048946337,-0.5393892718394071,-0.205026897168119,-0.35444593728179885,0.07287119047028892,-4.194310917779221,0.8370627379199665,0.6659418674022759,-1.2206199543625527,-1.8574914974322676,-4.445126193266758,-4.101334550148439,-2.3497984519646624,0.5250387863583167,5.718230710362043,2.816890353235179,-7.832599383740928,-2.4236455268730968,9.00939830616538,-5.330181511497631
0.44305290172774736,-0.538427195861537,1.1944737720711227,0.5933384385361085,-0.35679271496255355,-0.16371347474148837,0.14461733268956645,0.1510163367330387,0.3232309644476521,-0.10393067939832196,0.7269712040006949,-0.43602346860725644,-1.5099249083891713,1.1541590056034359,0.45416379912707716,0.21841175323392037,0.3813946864072108,0.5771781340475375,-0.04724394180123471,0.40551674172512486,0.34763317764377494,0.7264504979116273,0.3933000395061107,0.6499070954148728,0.4776268975555474,0.389103695729317,0.04852742161805024,0.3129333439801646,0.28923483116478155,0.7329238936987019,-0.44924566608218286,0.23313053905341305,0.5631604035513005,0.4045340159861761,0.4735492770499674,0.9947848049452048,0.5135864253969535,0.3262848931613651,-0.8800102102929662,-0.4212692232423688,1.6875093331836588,0.47258655322595594,-1.6159191921409737,1.0112111626011757
0.6198223945145939,-0.6058082165319767,1.5659979784324738,0.7395604456672851,-0.36591692835969836,-0.27619194122426066,0.1510163367330387,0.18265671143744538,0.4349278071883097,-0.3020440561093273,1.0715931882160945,-0.600950407433847,-2.122189113815961,1.5445540433679201,0.6394394503787996,0.47236557737630785,0.5343851625073658,0.7846562773559986,0.030819217904171123,0.612916680318469,0.381209685576234,0.9653544152825158,0.5055487126141059,0.8916439258833846,0.631794267310384,0.37724930049368005,0.05689141311079172,0.286482725514583,0.2467933270045934,1.0157799970092765,-0.4838771744366092,0.12779937408246167,0.5974220027182262,0.5155277072644031,0.8288983922087833,1.2683171653954968,0.6763516219300393,0.24972594258280745,-1.300846140188466,-0.6155336619586733,2.209777171334534,0.6389533777247903,-2.2509182822902,1.3717361369066343
2.6984747018418447,-2.113832849408184,6.349084535977361,2.98520837096066,-1.0387078372892502,-1.4342995937396044,0.3232309644476521,0.4349278071883097,1.6906960511405407,-2.251937675841407,5.035001433012551,-2.629286182213224,-9.577208199821547,6.555786447998464,2.750341411709124,3.0994283874483215,2.3500197278654045,3.5143758584354576,0.6887266185217163,3.162068286782377,1.1027014328870344,3.938978597680944,2.165442364382677,3.9034766495282507,2.6896476393593174,0.9589484049631837,0.24355411649523787,0.6988759093331159,0.28587750948271057,4.677245958312985,-1.3029956515236842,-0.3195305811188417,1.7857927692747806,2.168988808775341,4.591001953914021,4.913765119797357,2.7468274171735287,-0.0771590606632741,-6.233989446902731,-3.05437335205474,9.125373392624605,2.7626487092218492,-10.100669783217503,6.042347930265959
-3.897637891210308,2.3032503854940702,-8.575115558952998,-3.9179805060643083,0.7669955411859203,2.3550160586109246,-0.10393067939832196,-0.3020440561093273,-2.251937675841407,4.317499135958613,-7.6755174640639545,3.782866662351128,14.09825119555766,-9.171977491210564,-3.9617266361554533,-5.640004670020783,-3.413392352855652,-5.087541386532442,-1.6364923735052226,-5.032416511192884,-0.9323169500830508,-5.374009974350316,-2.9875057146374293,-5.610964407636244,-3.7489423229110406,-0.4759597079133194,-0.3214204704871332,-0.23564674483010906,0.547506549707555,-6.912920769690728,0.9468075598229697,1.5856738402942712,-1.5180111718002478,-2.949351318665573,-7.748018178986277,-6.355162797658419,-3.721503187099598,1.4583000767773409,9.586196923014386,4.743836004705125,-12.446196863135617,-3.9216262302338674,14.777350196942619,-8.66795087126416
8.279294655986066,-5.999880117865076,19.075686251094336,8.922770213160575,-2.6958620052406492,-4.596325599665641,0.7269712040006949,1.0715931882160945,5.035001433012551,-7.6755174640639545,15.745168406554072,-8.065929870914573,-29.617227659441834,19.938126450632847,8.422326761596302,10.353193011648926,7.226894626315577,10.826219695750861,2.5713688177717873,10.069957723943391,2.9192387778559374,11.864718582639078,6.5782211632483225,11.976271085233687,8.178125293657454,2.3362263977860382,0.7347736367539516,1.641839377180401,0.209766981935411,14.510710342649348,-3.334435174664435,-1.741643069458007,4.764564552454734,6.556981943867099,14.887007213635183,14.56212644307099,8.258631719811424,-1.1935608899348116,-19.56905339732181,-9.643339490291478,27.531588871677645,8.444035714631104,-31.17989474094212,18.545909510132418
-4.276599645143669,3.2431201047557305,-9.962000313512425,-4.689467202248222,1.5285032740699274,2.323686891327437,-0.43602346860725644,-0.600950407433847,-2.629286182213224,3.782866662351128,-8.065929870914573,4.172293657193359,15.265812058569265,-10.360710751754388,-4.349744690893051,-5.151074609025572,-3.730587293857421,-5.600624151409633,-1.2173331876471254,-5.131529010222562,-1.623667204630146,-6.183926511201803,-3.4318579527875,-6.196397099477328,-4.25454999862129,-1.3757077796876376,-0.387388680090829,-0.9956647549950285,-0.27920223853212606,-7.482253195334077,1.8849818532007814,0.6942873547355976,-2.65642609398017,-3.4282945746476923,-7.498723959900128,-7.654118712770675,-4.310556280835608,0.3837756529330329,10.0154811971095,4.933692590307182,-14.364568412531908,-4.378196452880347,16.089334253310284,-9.60409308995245
-15.652239136659079,11.690997354432778,-36.31855210144986,-17.069869711517224,5.419546391715051,8.57166097478776,-1.5099249083891713,-2.122189113815961,-9.577208199821547,14.09825119555766,-29.617227659441834,15.265812058569265,55.934544747131035,-37.84861426092679,-15.91752547919025,-19.129504098570187,-13.658409152879912,-20.500365389744424,-4.608418064129401,-18.89228162866134,-5.785790334600985,-22.55853331390174,-12.527494812915519,-22.672042769308195,-15.538839097398718,-4.8190063300770545,-1.41061951242596,-3.46037086182393,-0.7934623437736208,-27.421702394680118,6.676105715682695,2.8079482748269524,-9.470014256989266,-12.503624744289008,-27.710172862683237,-27.837646377568092,-15.7172107800312,1.7237821695140112,36.79494871257479,18.136609736008587,-52.398882691602736,-16.007950741442315,58.930885837337904,-35.1368475936589
10.612868027780312,-8.224330870112734,24.85324752528699,11.738622685756562,-3.9580454800065725,-5.705402687436606,1.1541590056034359,1.5445540433679201,6.555786447998464,-9.171977491210564,19.938126450632847,-10.360710751754388,-37.84861426092679,25.788306556021276,10.792739956081514,12.550657182698298,9.255340924934478,13.91208697849174,2.8896625176325292,12.655876080092535,4.168290781012796,15.413317891836448,8.561172145506092,15.391269509978597,10.596172936448106,3.620050097527593,0.9718310193295635,2.652423504908027,0.8980874086813435,18.557446088627017,-4.871028769701309,-1.4734467331266936,6.8295743111392015,8.560182509072526,18.38132537064842,19.15413748407955,10.750102023266447,-0.673699546624279,-24.74739611564011,-12.191740827953105,35.823880276510515,10.887056233083516,-39.91395083710173,23.8685144860665
4.46481273687977,-3.3473326423101137,10.381170864159904,4.866722299516759,-1.567279461176591,-2.4331292653706105,0.45416379912707716,0.6394394503787996,2.750341411709124,-3.9617266361554533,8.422326761596302,-4.349744690893051,-15.91752547919025,10.792739956081514,4.546167369833403,5.38729843259436,3.8934533581422768,5.827871839662456,1.2806971895573074,5.344631960172884,1.682129558596647,6.449625383798304,3.5622413798364985,6.458725410093798,4.427260799746968,1.4001866358783377,0.3991461251095393,1.0015706261685944,0.26783716076561526,7.78781272680953,-1.9524138433532785,-0.7626883954755802,2.7349650291637007,3.5582072712670176,7.841863963383591,7.972474426838663,4.493015306781566,-0.42097265743845685,-10.450323392857479,-5.137001565414382,14.95497938678235,4.56114625794738,-16.77001687209586,9.999330304804994
5.30101026862404,-3.3132408298648723,11.799001101984972,5.4285421861592384,-1.214323669444479,-3.139086038084643,0.21841175323392037,0.47236557737630785,3.0994283874483215,-5.640004670020783,10.353193011648926,-5.151074609025572,-19.129504098570187,12.550657182698298,5.38729843259436,7.420026720038651,4.63906889344101,6.92791104184151,2.0847327841748204,6.754075357640996,1.4148993007825748,7.379629132749541,4.105110214005472,7.64273926094747,5.135666372660776,0.8601552433899048,0.44664444438340534,0.5059655562999584,-0.5283571368701996,9.382381817007754,-1.4933624742511225,-1.8973402130758212,2.310791994435068,4.062134370910082,10.29442772741407,8.810719854247413,5.1170059665768335,-1.6874389411449187,-12.918493244486628,-6.390318385486302,17.10639466532094,5.3539708542370805,-20.074254854655734,11.81754871454202
3.826615485364218,-2.871514259229861,8.89324027456249,4.176941224152809,-1.3410374029976342,-2.088105537744857,0.3813946864072108,0.5343851625073658,2.3500197278654045,-3.413392352855652,7.226894626315577,-3.730587293857421,-13.658409152879912,9.255340924934478,3.8934533581422768,4.63906889344101,3.338068024206947,5.004859698451639,1.1073313139121679,4.598016060791599,1.4332124432838578,5.523866759245297,3.060592823539746,5.540097948238799,3.7986832571427436,1.1977510235357225,0.34412307349677995,0.8602323620511548,0.21969293902382186,6.690259412988496,-1.6596436741087772,-0.6599200210370864,2.3393791504294734,3.0561556220527586,6.739794129111042,6.825302790569252,3.848603286318652,-0.3811592529063156,-8.972958326364298,-4.417552103164851,12.821811085009866,3.912632747930932,-14.391245017919898,8.582863711347942
5.7350901106132,-4.370798399288264,13.364964830963068,6.310683655163744,-2.061232907682155,-3.1153915512201453,0.5771781340475375,0.7846562773559986,3.5143758584354576,-5.087541386532442,10.826219695750861,-5.600624151409633,-20.500365389744424,13.91208697849174,5.827871839662456,6.92791104184151,5.004859698451639,7.5315799418469,1.6391799910624687,6.907864753481089,2.174669385073296,8.29218417659136,4.621181417266914,8.320390723512018,5.717533600026934,1.8605501588717333,0.5245546334751259,1.356483161068363,0.3750531935553139,10.063750067873961,-2.5202015151886648,-0.9187594903845911,3.576503004460899,4.61518470029053,10.0703234876807,10.26571528893885,5.781686811294416,-0.5264926276734881,-13.45302258706041,-6.640382139904859,19.289591046897883,5.880459049123926,-21.610946331981975,12.908030374800077
1.260340549539866,-0.5624794000608019,2.6327160869004316,1.1669378014858538,-0.07369487051353042,-0.8273552235766976,-0.04724394180123471,0.030819217904171123,0.6887266185217163,-1.6364923735052226,2.5713688177717873,-1.2173331876471254,-4.608418064129401,2.8896625176325292,1.2806971895573074,2.0847327841748204,1.1073313139121679,1.6391799910624687,0.6750314422558384,1.7243478706949276,0.14986060877126878,1.6652176191230492,0.9260214293833137,1.8036792980660483,1.175858936341909,-0.06274006104869614,0.094867838757582,-0.11136130610224575,-0.3994780201479857,2.2595743208683956,-0.09274803320703844,-0.7776779593901255,0.2396292955489064,0.9040385024143235,2.757859091943497,1.8828578187489682,1.1458699760554134,-0.7781807262858839,-3.2255639867693437,-1.6011854993975658,3.844021652119543,1.2485684947757238,-4.807874896949332,2.7775833675546804
5.262098879651189,-3.744093439071006,12.053815920488601,5.646653685120429,-1.6334894929279895,-2.957065024791115,0.40551674172512486,0.612916680318469,3.162068286782377,-5.032416511192884,10.069957723943391,-5.131529010222562,-18.89228162866134,12.655876080092535,5.344631960172884,6.754075357640996,4.598016060791599,6.907864753481089,1.7243478706949276,6.491961005669271,1.766987971494967,7.499365986366129,4.186133096083371,7.621053720116016,5.194995502446085,1.3871255728396594,0.46920007159978355,0.9700325831024156,0.0107978074921615,9.278948943806038,-1.9895462557395998,-1.2365604405338528,2.909103080228305,4.165655285473499,9.622958840959756,9.16107673951307,5.218589933337502,-0.9468960815968236,-12.53869791187253,-6.200999990629683,17.43574621018682,5.368941627180007,-19.883385219465165,11.814304399499568
1.6522241673804523,-1.6508330864393275,4.156502297029559,2.0298455110968714,-0.9721780777890042,-0.7530372881695104,0.34763317764377494,0.381209685576234,1.1027014328870344,-0.9323169500830508,2.9192387778559374,-1.623667204630146,-5.785790334600985,4.168290781012796,1.682129558596647,1.4148993007825748,1.4332124432838578,2.174669385073296,0.14986060877126878,1.766987971494967,0.9610742237456433,2.5490699491828153,1.4120279393810813,2.4167448183418507,1.7223987436708292,1.0061577562584352,0.1692465975573933,0.7949187858760657,0.5965266351782802,2.8348233842493524,-1.1978280364115212,0.31318148146259367,1.5772333439520336,1.4315942780259305,2.340331867471986,3.33576110766856,1.7914998717028427,0.5274181174828813,-3.5910819931005866,-1.7566119237489903,5.943919656962611,1.7339544571033956,-6.14793425040277,3.7635040130007242
6.337830309635777,-4.961713121555303,14.889936686374877,7.0290996339369665,-2.4195841468018275,-3.3832190843656758,0.7264504979116273,0.9653544152825158,3.938978597680944,-5.374009974350316,11.864718582639078,-6.183926511201803,-22.55853331390174,15.413317891836448,6.449625383798304,7.379629132749541,5.523866759245297,8.29218417659136,1.6652176191230492,7.499365986366129,2.5490699491828153,9.233424181344803,5.111932763527486,9.186107796064306,6.330978593323159,2.230403188899382,0.5795809821438909,1.636948815302251,0.6197214289173908,11.047522702291511,-2.995124580876697,-0.7900193612160609,4.161597742521013,5.115351069337992,10.869007389387624,11.50279530110103,6.439997420114433,-0.2763041240355874,-14.71244870259975,-7.235594278732993,21.438854642696832,6.501668869824359,-23.795340277667787,14.239154552752636
3.5082282235053515,-2.785192482921274,8.254938613669848,3.92641150009747,-1.362561382573149,-1.8692185709765978,0.3933000395061107,0.5055487126141059,2.165442364382677,-2.9875057146374293,6.5782211632483225,-3.4318579527875,-12.527494812915519,8.561172145506092,3.5622413798364985,4.105110214005472,3.060592823539746,4.621181417266914,0.9260214293833137,4.186133096083371,1.4120279393810813,5.111932763527486,2.8588079455460096,5.100948222074583,3.523629046261312,1.2652038890810824,0.32845654625206105,0.9438681006972637,0.35187070939634507,6.158114879172604,-1.6545367953882226,-0.4101689053992103,2.333013507548963,2.859682227568971,6.029007501794537,6.374683140017966,3.568580721702068,-0.1600008051736876,-8.171674853452922,-4.037738883347904,11.912241697508938,3.6125972623265006,-13.22139797292588,7.92478067455872
6.35071683387082,-4.826059918161605,14.799961496517495,6.971572574433031,-2.278106345522555,-3.447881245420022,0.6499070954148728,0.8916439258833846,3.9034766495282507,-5.610964407636244,11.976271085233687,-6.196397099477328,-22.672042769308195,15.391269509978597,6.458725410093798,7.64273926094747,5.540097948238799,8.320390723512018,1.8036792980660483,7.621053720116016,2.4167448183418507,9.186107796064306,5.100948222074583,9.20397675289724,6.321193013694809,2.053855507166248,0.5765301863309297,1.48931781987726,0.4231896930218638,11.115040695158896,-2.806016877519963,-1.0185625624743444,3.9568152906620693,5.095540125865258,11.127782745575056,11.373435045497908,6.403348606492855,-0.5594517458216253,-14.871778310704078,-7.328195753777672,21.34239828672687,6.504109922859433,-23.896992106489705,14.26779205602809
4.355302430620357,-3.3986571871218607,10.213184389266972,4.833874109378642,-1.6434330396851076,-2.335436048946337,0.4776268975555474,0.631794267310384,2.6896476393593174,-3.7489423229110406,8.178125293657454,-4.25454999862129,-15.538839097398718,10.596172936448106,4.427260799746968,5.135666372660776,3.7986832571427436,5.717533600026934,1.175858936341909,5.194995502446085,1.7223987436708292,6.330978593323159,3.523629046261312,6.321193013694809,4.3561017956532675,1.509753004629539,0.4014122551003578,1.1122240290421288,0.38773662258198444,7.624557084390856,-2.0145408523807355,-0.57767683417081,2.8292296255925296,3.523797387409222,7.527237838832272,7.875459670437304,4.41704776603676,-0.2548183000112565,-10.15324821002485,-5.006208774657659,14.726526885730317,4.472688189674837,-16.39011374510389,9.80783801775948
1.3827252771297656,-1.66302470444814,3.677802110013249,1.8686805047726431,-1.068491081148689,-0.5393892718394071,0.389103695729317,0.37724930049368005,0.9589484049631837,-0.4759597079133194,2.3362263977860382,-1.3757077796876376,-4.8190063300770545,3.620050097527593,1.4001866358783377,0.8601552433899048,1.1977510235357225,1.8605501588717333,-0.06274006104869614,1.3871255728396594,1.0061577562584352,2.230403188899382,1.2652038890810824,2.053855507166248,1.509753004629539,1.1608512478527095,0.16173553406183838,0.9530747093870615,0.8027439916043466,2.385656904728191,-1.2813377173503233,0.6412705348445784,1.6833957942634052,1.2931701107144824,1.6375338692442534,3.0275561532322968,1.579492819526376,0.839978326855794,-2.86817903319641,-1.415559026664292,5.260677106715802,1.4915537033380208,-5.15849438701473,3.228152320274195
0.39421259168176626,-0.3313092042325805,0.9393638423905838,0.4536670925101417,-0.16858245928726273,-0.205026897168119,0.04852742161805024,0.05689141311079172,0.24355411649523787,-0.3214204704871332,0.7347736367539516,-0.387388680090829,-1.41061951242596,0.9718310193295635,0.3991461251095393,0.44664444438340534,0.34412307349677995,0.5245546334751259,0.094867838757582,0.46920007159978355,0.1692465975573933,0.5795809821438909,0.32845654625206105,0.5765301863309297,0.4014122551003578,0.16173553406183838,0.038768229528296984,0.12474211219506391,0.056100233214362694,0.6971026772354284,-0.20000790691325812,-0.023717420188847795,0.28397263752113294,0.3290132670496078,0.6620793401803594,0.7293202055959573,0.40560698944511897,0.0019203035700669647,-0.9139406752779914,-0.4542552130482473,1.357933186895161,0.40951163078238173,-1.491435530869802,0.8988886189954687
0.9931875431048347,-1.3019189178343038,2.7150564114088502,1.4092606646668209,-0.8625919413188343,-0.35444593728179885,0.3129333439801646,0.286482725514583,0.6988759093331159,-0.23564674483010906,1.641839377180401,-0.9956647549950285,-3.46037086182393,2.652423504908027,1.0015706261685944,0.5059655562999584,0.8602323620511548,1.356483161068363,-0.11136130610224575,0.9700325831024156,0.7949187858760657,1.636948815302251,0.9438681006972637,1.48931781987726,1.1122240290421288,0.9530747093870615,0.12474211219506391,0.7941015294088256,0.686465314501001,1.7260434896692898,-1.0191348980500907,0.6008235237511652,1.34415356016602,0.9678283510292467,1.0638987129070971,2.2601455781411417,1.163761388421803,0.7442309114405709,-2.0162292821404346,-1.0033086738776498,3.8888669971361884,1.0883158187672135,-3.7190270773635397,2.3545046563492784
0.26417947020597815,-0.8076976573193465,1.0778213613244976,0.6281399772470659,-0.6712339728210373,0.07287119047028892,0.28923483116478155,0.2467933270045934,0.28587750948271057,0.547506549707555,0.209766981935411,-0.27920223853212606,-0.7934623437736208,0.8980874086813435,0.26783716076561526,-0.5283571368701996,0.21969293902382186,0.3750531935553139,-0.3994780201479857,0.0107978074921615,0.5965266351782802,0.6197214289173908,0.35187070939634507,0.4231896930218638,0.38773662258198444,0.8027439916043466,0.056100233214362694,0.686465314501001,0.7470527601134643,0.3967245785759767,-0.8130377090487347,0.8319950786388639,0.9947341704638673,0.38262344692120764,-0.3586280891781852,1.038280890365721,0.45548400914511955,0.9770709164755937,-0.21642934075875975,-0.0956588622902066,1.4917799685826914,0.3389351077714582,-0.9131863433676256,0.689564235027238
7.6643295790179415,-5.756806003245149,17.795489361547254,8.38803130375042,-2.673436869017508,-4.194310917779221,0.7329238936987019,1.0157799970092765,4.677245958312985,-6.912920769690728,14.510710342649348,-7.482253195334077,-27.421702394680118,18.557446088627017,7.78781272680953,9.382381817007754,6.690259412988496,10.063750067873961,2.2595743208683956,9.278948943806038,2.8348233842493524,11.047522702291511,6.158114879172604,11.115040695158896,7.624557084390856,2.385656904728191,0.6971026772354284,1.7260434896692898,0.3967245785759767,13.46251325439944,-3.2672099320566574,-1.3515153177504684,4.662518938548338,6.14546989026108,13.577440047209153,13.638260019970707,7.699708282590288,-0.8484876015858137,-18.039023973513792,-8.907353392527137,25.695346161117666,7.850077786419135,-28.896844759210577,17.240156506712005
-1.9158329554601703,2.00848023976908,-4.895212411757741,-2.403637983271177,1.2197853494081332,0.8370627379199665,-0.44924566608218286,-0.4838771744366092,-1.3029956515236842,0.9468075598229697,-3.334435174664435,1.8849818532007814,6.676105715682695,-4.871028769701309,-1.9524138433532785,-1.4933624742511225,-1.6596436741087772,-2.5202015151886648,-0.09274803320703844,-1.9895462557395998,-1.1978280364115212,-2.995124580876697,-1.6545367953882226,-2.806016877519963,-2.0145408523807355,-1.2813377173503233,-0.20000790691325812,-1.0191348980500907,-0.8130377090487347,-3.2672099320566574,1.5079309509408505,-0.5049666199901918,-1.962690238811663,-1.6831422693576448,-2.5726635614217113,-3.961737481691852,-2.108864124554727,-0.782200040222541,4.090588632308619,1.9942085935201368,-6.985223843350341,-2.018947694388203,7.104795615368164,-4.3712845694492986
-0.7439240645956856,-0.1890924616367078,-1.1697180186377654,-0.38632040835367354,-0.44072471807369495,0.6659418674022759,0.23313053905341305,0.12779937408246167,-0.3195305811188417,1.5856738402942712,-1.741643069458007,0.6942873547355976,2.8079482748269524,-1.4734467331266936,-0.7626883954755802,-1.8973402130758212,-0.6599200210370864,-0.9187594903845911,-0.7776779593901255,-1.2365604405338528,0.31318148146259367,-0.7900193612160609,-0.4101689053992103,-1.0185625624743444,-0.57767683417081,0.6412705348445784,-0.023717420188847795,0.6008235237511652,0.8319950786388639,-1.3515153177504684,-0.5049666199901918,1.1874506769922772,0.5530813512871459,-0.3731511013578448,-2.281402985028911,-0.6484836788304346,-0.5203634004074571,1.261907438949385,2.2059949873906217,1.0872548397010418,-1.7444216104953887,-0.6703020406258288,2.862572067376035,-1.5269301250783094
2.693939042791033,-2.7404094746376058,6.798281562217119,3.3501918713997907,-1.6183652646238407,-1.2206199543625527,0.5631604035513005,0.5974220027182262,1.7857927692747806,-1.5180111718002478,4.764564552454734,-2.65642609398017,-9.470014256989266,6.8295743111392015,2.7349650291637007,2.310791994435068,2.3393791504294734,3.576503004460899,0.2396292955489064,2.909103080228305,1.5772333439520336,4.161597742521013,2.333013507548963,3.9568152906620693,2.8292296255925296,1.6833957942634052,0.28397263752113294,1.34415356016602,0.9947341704638673,4.662518938548338,-1.962690238811663,0.5530813512871459,2.6156468748031205,2.3645080048661993,3.8127541201832353,5.456661928359358,2.928380228821321,0.8714022496445303,-5.874429032386603,-2.891777157100683,9.746238075758884,2.8417804556254445,-10.070837231719633,6.17945186576702
3.5037503089934603,-2.8060913767922337,8.263904708937682,3.9344633699300258,-1.3847574384876604,-1.8574914974322676,0.4045340159861761,0.5155277072644031,2.168988808775341,-2.949351318665573,6.556981943867099,-3.4282945746476923,-12.503624744289008,8.560182509072526,3.5582072712670176,4.062134370910082,3.0561556220527586,4.61518470029053,0.9040385024143235,4.165655285473499,1.4315942780259305,5.115351069337992,2.859682227568971,5.095540125865258,3.523797387409222,1.2931701107144824,0.3290132670496078,0.9678283510292467,0.38262344692120764,6.14546989026108,-1.6831422693576448,-0.3731511013578448,2.3645080048661993,2.8622340562756645,5.985289225532006,6.3906180257413165,3.5722787767437585,-0.11607531770637403,-8.142629996503782,-4.0216789997633535,11.921292322662396,3.610092925345491,-13.19869177318468,7.91679832195408
7.710927006876235,-5.137126639591553,17.416661193648064,8.062288222059992,-2.0781279538626225,-4.445126193266758,0.4735492770499674,0.8288983922087833,4.591001953914021,-7.748018178986277,14.887007213635183,-7.498723959900128,-27.710172862683237,18.38132537064842,7.841863963383591,10.29442772741407,6.739794129111042,10.0703234876807,2.757859091943497,9.622958840959756,2.340331867471986,10.869007389387624,6.029007501794537,11.127782745575056,7.527237838832272,1.6375338692442534,0.6620793401803594,1.0638987129070971,-0.3586280891781852,13.577440047209153,-2.5726635614217113,-2.281402985028911,3.8127541201832353,5.985289225532006,14.496167226165229,13.132889468335028,7.5483201823595,-1.8781254828272769,-18.540743854645093,-9.150794139280984,25.1939944870818,7.816160335763954,-29.116213047815176,17.212290043041566
7.835061181721985,-6.3637062204711485,18.581248648091233,8.81994817144105,-3.208118622905036,-4.101334550148439,0.9947848049452048,1.2683171653954968,4.913765119797357,-6.355162797658419,14.56212644307099,-7.654118712770675,-27.837646377568092,19.15413748407955,7.972474426838663,8.810719854247413,6.825302790569252,10.26571528893885,1.8828578187489682,9.16107673951307,3.33576110766856,11.50279530110103,6.374683140017966,11.373435045497908,7.875459670437304,3.0275561532322968,0.7293202055959573,2.2601455781411417,1.038280890365721,13.638260019970707,-3.961737481691852,-0.6484836788304346,5.456661928359358,6.3906180257413165,13.132889468335028,14.431266242036285,8.032486798944456,0.029857098868334615,-18.042145944766222,-8.870678809900278,26.733714829550067,8.064488845668617,-29.392571303913815,17.643815181991062
4.415582592742447,-3.4796674777814642,10.390204355174317,4.911859984163785,-1.7062215345077019,-2.3497984519646624,0.5135864253969535,0.6763516219300393,2.7468274171735287,-3.721503187099598,8.258631719811424,-4.310556280835608,-15.7172107800312,10.750102023266447,4.493015306781566,5.1170059665768335,3.848603286318652,5.781686811294416,1.1458699760554134,5.218589933337502,1.7914998717028427,6.439997420114433,3.568580721702068,6.403348606492855,4.41704776603676,1.579492819526376,0.40560698944511897,1.163761388421803,0.45548400914511955,7.699708282590288,-2.108864124554727,-0.5203634004074571,2.928380228821321,3.5722787767437585,7.5483201823595,8.032486798944456,4.493700608343955,-0.16191675468519806,-10.240755870102136,-5.037530943368703,14.960610519144865,4.533128467112194,-16.581174093149635,9.927979523105565
-0.41807744405016406,-0.49898336886024974,-0.34157566866062417,-0.01138103428368351,-0.6341247873785105,0.5250387863583167,0.3262848931613651,0.24972594258280745,-0.0771590606632741,1.4583000767773409,-1.1935608899348116,0.3837756529330329,1.7237821695140112,-0.673699546624279,-0.42097265743845685,-1.6874389411449187,-0.3811592529063156,-0.5264926276734881,-0.7781807262858839,-0.9468960815968236,0.5274181174828813,-0.2763041240355874,-0.1600008051736876,-0.5594517458216253,-0.2548183000112565,0.839978326855794,0.0019203035700669647,0.7442309114405709,0.9770709164755937,-0.8484876015858137,-0.782200040222541,1.261907438949385,0.8714022496445303,-0.11607531770637403,-1.8781254828272769,0.029857098868334615,-0.16191675468519806,1.4277591795027855,1.5523671176385172,0.7919159636794846,-0.5953642214419061,-0.34175710870200704,1.7153029596964748,-0.8318003572480276
-10.27713799104307,7.427819543396595,-23.654408231134386,-11.071690482590395,3.320276245081804,5.718230710362043,-0.8800102102929662,-1.300846140188466,-6.233989446902731,9.586196923014386,-19.56905339732181,10.0154811971095,36.79494871257479,-24.74739611564011,-10.450323392857479,-12.918493244486628,-8.972958326364298,-13.45302258706041,-3.2255639867693437,-12.53869791187253,-3.5910819931005866,-14.71244870259975,-8.171674853452922,-14.871778310704078,-10.15324821002485,-2.86817903319641,-0.9139406752779914,-2.0162292821404346,-0.21642934075875975,-18.039023973513792,4.090588632308619,2.2059949873906217,-5.874429032386603,-8.142629996503782,-18.540743854645093,-18.042145944766222,-10.240755870102136,1.5523671176385172,24.332377948706014,12.001459594467661,-34.15833583290858,-10.48426738638227,38.735297074848205,-23.037166038064093
-5.057316008511887,3.667245157760473,-11.638376589027501,-5.464338922516359,1.636248794285123,2.816890353235179,-0.4212692232423688,-0.6155336619586733,-3.05437335205474,4.743836004705125,-9.643339490291478,4.933692590307182,18.136609736008587,-12.191740827953105,-5.137001565414382,-6.390318385486302,-4.417552103164851,-6.640382139904859,-1.6011854993975658,-6.200999990629683,-1.7566119237489903,-7.235594278732993,-4.037738883347904,-7.328195753777672,-5.006208774657659,-1.415559026664292,-0.4542552130482473,-1.0033086738776498,-0.0956588622902066,-8.907353392527137,1.9942085935201368,1.0872548397010418,-2.891777157100683,-4.0216789997633535,-9.150794139280984,-8.870678809900278,-5.037530943368703,0.7919159636794846,12.001459594467661,5.933058622181883,-16.82528804874193,-5.167274817195946,19.096817104776665,-11.362965839249263
14.706404180676564,-11.604039164591406,34.59628029633321,16.3826889552253,-5.6810204343113435,-7.832599383740928,1.6875093331836588,2.209777171334534,9.125373392624605,-12.446196863135617,27.531588871677645,-14.364568412531908,-52.398882691602736,35.823880276510515,14.95497938678235,17.10639466532094,12.821811085009866,19.289591046897883,3.844021652119543,17.43574621018682,5.943919656962611,21.438854642696832,11.912241697508938,21.34239828672687,14.726526885730317,5.260677106715802,1.357933186895161,3.8888669971361884,1.4917799685826914,25.695346161117666,-6.985223843350341,-1.7444216104953887,9.746238075758884,11.921292322662396,25.1939944870818,26.733714829550067,14.960610519144865,-0.5953642214419061,-34.15833583290858,-16.82528804874193,49.84843094200608,15.110160930717155,-55.284624114355466,33.109874134165636
4.485705617679612,-3.444289458247141,10.479395851929473,4.944667644007322,-1.6418002507517182,-2.4236455268730968,0.47258655322595594,0.6389533777247903,2.7626487092218492,-3.9216262302338674,8.444035714631104,-4.378196452880347,-16.007950741442315,10.887056233083516,4.56114625794738,5.3539708542370805,3.912632747930932,5.880459049123926,1.2485684947757238,5.368941627180007,1.7339544571033956,6.501668869824359,3.6125972623265006,6.504109922859433,4.472688189674837,1.4915537033380208,0.40951163078238173,1.0883158187672135,0.3389351077714582,7.850077786419135,-2.018947694388203,-0.6703020406258288,2.8417804556254445,3.610092925345491,7.816160335763954,8.064488845668617,4.533128467112194,-0.34175710870200704,-10.48426738638227,-5.167274817195946,15.110160930717155,4.598862394913816,-16.878068364250197,10.085739062078295
-16.492852791454386,12.390186808805801,-38.31916622238894,-18.02881507882248,5.77514880364236,9.00939830616538,-1.6159191921409737,-2.2509182822902,-10.100669783217503,14.777350196942619,-31.17989474094212,16.089334253310284,58.930885837337904,-39.91395083710173,-16.77001687209586,-20.074254854655734,-14.391245017919898,-21.610946331981975,-4.807874896949332,-19.883385219465165,-6.14793425040277,-23.795340277667787,-13.22139797292588,-23.896992106489705,-16.39011374510389,-5.15849438701473,-1.491435530869802,-3.7190270773635397,-0.9131863433676256,-28.896844759210577,7.104795615368164,2.862572067376035,-10.070837231719633,-13.19869177318468,-29.116213047815176,-29.392571303913815,-16.581174093149635,1.7153029596964748,38.735297074848205,19.096817104776665,-55.284624114355466,-16.878068364250197,62.09834785637523,-37.043088992688716
9.837199139477942,-7.523218635351417,22.950245966334847,10.833347055635018,-3.565574434785051,-5.330181511497631,1.0112111626011757,1.3717361369066343,6.042347930265959,-8.66795087126416,18.545909510132418,-9.60409308995245,-35.1368475936589,23.8685144860665,9.999330304804994,11.81754871454202,8.582863711347942,12.908030374800077,2.7775833675546804,11.814304399499568,3.7635040130007242,14.239154552752636,7.92478067455872,14.26779205602809,9.80783801775948,3.228152320274195,0.8988886189954687,2.3545046563492784,0.689564235027238,17.240156506712005,-4.3712845694492986,-1.5269301250783094,6.17945186576702,7.91679832195408,17.212290043041566,17.643815181991062,9.927979523105565,-0.8318003572480276,-23.037166038064093,-11.362965839249263,33.109874134165636,10.085739062078295,-37.043088992688716,22.13047505654554
