V1,V2,V3,V4,V5,V6,V7,V8,V9,V10,V11,V12,V13,V14,V15,V16,V17,V18,V19,V20,V21,V22,V23,V24,V25,V26,V27,V28,V29,V30,V31,V32,V33,V34,V35,V36,V37,V38,V39,V40,V41,V42,V43,V44
0.6672661647093818,-0.8936340561247764,0.28355192882713753,-0.15662662359338214,-0.13629341544056472,-0.579923873553199,1.175487135950555,-0.5124541864404498,-0.4116506796426042,0.21187091434914773,0.09288462708000919,2.098223048039613,1.4147080979775215,0.031496692128556956,0.4348310616353598,1.086299074359545,1.0191829761156497,0.35855268659428335,0.2575661621973181,2.4806691535676935,1.7067304493230349,1.515834667489125,0.7907295035260985,-1.2261328059473076,-1.4390411835008787,-1.177439498638478,0.5319840701363818,-0.147841900781302,1.1451144966693563,0.030338893928968994,1.1072500200195192,-0.3038525050570402,-0.9840792052092661,-0.4480458694403068,-0.569471925828106,-1.3629422943260232,-1.328976902059298,-0.6033841606951899,0.7054107277409681,-0.014295731950469404,0.4372677827440187,0.5903702420937454,-0.10583801801949362,0.1646350979145524
-0.8936340561247764,1.8514140378983297,-0.38304854206274525,0.2726796776800777,0.7224851326705105,0.8571873574067472,-1.3034129147165154,0.9243474999470769,0.24209234840903512,-0.8838048588093852,0.08328646397117484,-2.623834474066178,-1.758754057064086,-0.1124292075518932,-0.3924879110500933,-1.0033386985239374,-1.186343443020822,-0.6640738786218577,0.011298451837595402,-3.1717767332218787,-2.423438346821056,-2.1025416551227716,-1.150100871613092,1.7517022040261607,1.7887451512362251,1.357773020952759,-0.5987668391033703,0.007915287880963334,-1.8768048332075162,-0.08210355162465958,-1.177340096844135,0.21804807663286804,1.0199976708498482,0.26012808230172,0.9718914071821545,1.6829761462670312,1.62319027385979,0.8760381083577969,-1.1331286318814737,-0.16810807354643065,-0.8742714113686187,-0.5952417949044096,0.16668242062018915,-0.09854688902095074
0.28355192882713753,-0.38304854206274525,0.6234351618157173,0.043687535662588824,-0.12159179142022145,-0.376612088508364,0.9284719290607564,-0.2782121452067949,-0.37331931555777875,0.05247641879322066,-0.21334663570924361,0.9543878691783881,0.9146534012268751,0.1904137253367146,0.18644706984902265,0.3788700343491381,0.47889619145902723,0.2088327828003532,0.08589269907425065,1.082070578607422,1.034895724270935,0.8240447629390443,0.2546998478907256,-0.49802796319859904,-0.7432875627381261,-0.42871534483680185,0.40607338513702923,0.03031516087103108,0.7391193068976535,0.15631598016828227,0.36944577214670576,0.09626103862586008,-0.14627515322822485,-0.4500522296056158,-0.6831151380446022,-0.5538212391341188,-0.41311892743397344,-0.20505934555261932,0.7421607560945453,0.0046434681305836684,0.26479197468493737,0.5046992108491596,0.03639139892225345,-0.07147505477374591
-0.15662662359338214,0.2726796776800777,0.043687535662588824,0.6730958282619612,0.049669420359636056,0.617610077230558,0.3838172480250639,0.3017105304335069,-0.311466515243405,-0.2699300466021035,0.4172207869224014,0.13891837745403407,-0.32819981094593087,-0.025995993385012576,0.3484282323759131,-0.14533687300406853,0.06881794240429956,0.05682174033583679,0.2513576704937443,-0.053989326301997285,0.07913023755015144,-0.40614901442141943,-0.04113279106456134,0.22855690030326847,0.12599341979515133,0.2875432411724322,0.017534262207372642,0.27780870949132525,0.07039856522961106,0.11898252105089939,-0.5023280745447184,0.4007870685782325,0.045268543671339506,0.13529701541750758,-0.29572503947060413,0.04020103939354683,0.014083253808313774,0.9181490322596617,-0.24025669645950412,0.1661066449863168,0.15651726487939246,-0.1664568512335393,0.25722738903257275,0.1919660296411385
-0.13629341544056472,0.7224851326705105,-0.12159179142022145,0.049669420359636056,0.5031511555450824,0.20218907538100073,-0.07503111598749995,0.33797028331204354,-0.10746757533602953,-0.5875786853478884,0.13151457227875424,-0.3396032546807512,-0.22554796190993323,-0.04594201192331087,0.06465601595218075,0.18903731938657814,-0.01286369160450458,-0.22649617062011104,0.219781875605665,-0.39289124718002655,-0.5299458181622607,-0.4728579175117428,-0.24830842930120856,0.32441185775728926,0.19064681926766822,0.02278888846984308,-0.008609373841600319,-0.15530354426764822,-0.5439083564625212,-0.05275323753305117,0.03765102695138197,-0.14997512847651703,-0.10655347423451703,-0.18494426979120263,0.39855022546289937,0.05836066916355492,0.13813206564969238,0.10985118167069931,-0.3185367412932245,-0.11015176539889508,-0.33650733899404034,0.012765894972593408,0.03284986441288293,0.09307559001624495
-0.579923873553199,0.8571873574067472,-0.376612088508364,0.617610077230558,0.20218907538100073,1.0851733918177913,-0.8142844057242941,0.9187869391387528,0.3023544123855167,-0.29366546468993493,0.34729783145430004,-1.6133719822858585,-1.5399469633519758,0.007667454867321942,-0.008269197446367985,-0.9754044207723496,-0.5926980335780369,-0.33677724760725297,-0.11741717970774801,-2.027874038213937,-1.4080070871065835,-1.5822573742874915,-0.5417156332437967,1.1481397473099575,1.3158469356271854,1.2310508826192494,-0.4505693306909805,0.3937788805915457,-0.8695512335108282,-0.09720875374231325,-1.2694715054435042,0.5631021172892197,0.7689773872482019,0.5630030169978523,0.495275689820207,1.158065297530777,0.9437518105075732,1.4232755668196702,-1.0032612251107598,0.14972664863923743,-0.06966798066582298,-0.6310044378902591,0.11942115166660161,0.3063316790963433
1.175487135950555,-1.3034129147165154,0.9284719290607564,0.3838172480250639,-0.07503111598749995,-0.8142844057242941,3.334881437709282,-1.1141878340734381,-1.6213727462861227,-0.3032928499660075,0.48633684235817937,4.792884303455254,3.024900105046385,-0.017483320726672472,1.2756556456762411,2.474372105770235,2.204605677793232,0.9432779122879552,1.109584547994191,5.449502138028854,3.8728594528865474,2.7834342062914956,1.4167412883299209,-2.42724628071181,-3.1997585676180136,-2.552925783052194,1.3377919736032744,-0.2591834296206174,2.454970317075389,0.45281565095314313,2.0272923323909753,-0.420904823164635,-2.235218699201189,-1.172562874300133,-1.7787920563535535,-3.284186587454977,-2.7448630548440667,-0.8535217475334783,1.6775681756455825,0.14014453420195244,0.7343251580411599,1.2259652468919873,0.3220548851253051,0.15333046162065472
-0.5124541864404498,0.9243474999470769,-0.2782121452067949,0.3017105304335069,0.33797028331204354,0.9187869391387528,-1.1141878340734381,1.2353944713045386,0.6432367299371577,-0.19413583777452606,0.035700059419258606,-2.104175650581336,-1.5357435776073087,0.23135164113810036,-0.17471444819692175,-1.095093744913027,-0.5427913041088271,-0.5910020074664848,-0.4302447262267377,-2.4750377703313693,-1.7255931112180471,-1.549186858366414,-0.5899742435155584,1.308719504426569,1.4988425511225492,1.4322314324469199,-0.4525208637481821,0.38950282411001014,-1.0254493283900754,-0.31092365551176776,-1.201422013443033,0.5687666377015747,1.073686300551323,0.4133857940251742,0.8309507617950922,1.5224427362449975,1.135144447695366,1.3958584036787078,-1.029233720079904,0.008720104986818328,-0.01996240870986648,-0.4125946624476265,-0.18905124915869181,0.47856271156322533
-0.4116506796426042,0.24209234840903512,-0.37331931555777875,-0.311466515243405,-0.10746757533602953,0.3023544123855167,-1.6213727462861227,0.6432367299371577,1.0393918376960958,0.41013875186941295,-0.4206380669191874,-2.2704099685474537,-1.3372772902068526,0.20692694753221763,-0.61948617562822,-1.2293497811523633,-0.808076728187405,-0.4437278731163086,-0.8005402334428272,-2.4502537486252702,-1.6728996980027317,-1.1635890638649993,-0.51420650403786206,0.9896357013880137,1.4452243220369279,1.2331118312305844,-0.5653705841036127,0.2213134805766262,-0.8760438654714483,-0.3144988256553145,-0.9436593229856344,0.27304725668394586,1.135268771912314,0.5641829141318394,0.8914223987744243,1.4782327661912602,1.214984413939599,0.40148079534617687,-0.6673900909183752,0.011321188412674222,-0.05467259458190442,-0.47852436701485973,-0.33534966666093996,0.10314425483465875
0.21187091434914773,-0.8838048588093852,0.05247641879322066,-0.2699300466021035,-0.5875786853478884,-0.29366546468993493,-0.3032928499660075,-0.19413583777452606,0.41013875186941295,1.0019378330538655,-0.19184455390856012,0.10508904810970743,0.13560599907453988,0.09128454219518453,-0.20975033541343638,-0.4349809615097012,-0.10116680955756954,0.062001154493873036,-0.48248504828914746,0.08804609147861225,0.3608234896247903,0.714266816337007,0.35085727990398025,-0.23257208445715763,0.006988966035476529,0.23594200843192847,-0.14015793952588823,0.23785549296375239,0.47623171212625004,-0.1660850312702422,-0.03039344545927856,0.2230656189700079,0.3901286467281397,0.31316518243250824,-0.2208806923035496,0.4838800817036526,-0.08523161862487451,0.05155621871684829,0.12005630462520628,-0.052872034403885396,0.47243420134284625,0.027487885900599734,-0.3175686254128041,0.065657903758222
0.09288462708000919,0.08328646397117484,-0.21334663570924361,0.4172207869224014,0.13151457227875424,0.34729783145430004,0.48633684235817937,0.035700059419258606,-0.4206380669191874,-0.19184455390856012,0.6545749503033699,0.9314880074753847,0.08380047624976604,-0.2440891993840948,0.4418426079817338,0.4073602694508471,0.2854622240563504,0.1003775493607673,0.46031915506070165,0.8510604503903275,0.44478949076961344,0.20195556123259018,0.27981945667406877,-0.22171476132878623,-0.3502994071804918,-0.2824138362960753,0.04861096218451799,0.03912586905278436,0.15625628332623087,0.014473388961471325,0.16455286916250617,0.002222047073811448,-0.5450224761096409,0.07689631263384922,-0.1764256368157943,-0.36194219016115214,-0.6017102579231945,0.4904399254360378,-0.315730681134185,-0.002792742000622531,0.08413641631590453,-0.07084002268072936,0.14441736430961868,0.2472487566273196
2.098223048039613,-2.623834474066178,0.9543878691783881,0.13891837745403407,-0.3396032546807512,-1.6133719822858585,4.792884303455254,-2.104175650581336,-2.2704099685474537,0.10508904810970743,0.9314880074753847,8.007596667491967,4.90237714913023,-0.27929376979469395,1.8836344522518629,4.096889945410473,3.4395568999638946,1.524208569692175,1.6516177514038821,9.147859271057502,6.2546996103141845,5.008925168016325,2.627664585496621,-4.259547437073155,-5.244963706436588,-4.37323308799609,1.912207818980792,-0.5714469085181489,3.9339027856830406,0.49243895016225125,3.7261187320186653,-1.045448687404344,-3.9025496206678714,-1.5503082727577402,-2.513367717150191,-5.226107752680233,-4.813807782435809,-1.841246217300915,2.403155021265714,0.06558046698348827,1.202216422265777,1.809063627807383,0.2388111966330447,0.2932891631643222
1.4147080979775215,-1.758754057064086,0.9146534012268751,-0.32819981094593087,-0.22554796190993323,-1.5399469633519758,3.024900105046385,-1.5357435776073087,-1.3372772902068526,0.13560599907453988,0.08380047624976604,4.90237714913023,3.5207748415444753,-0.01571805082500092,0.9362588848188351,2.6534667701868835,2.162685813142593,0.9261674640369243,0.8489123526004105,5.750426969694754,4.015991315774541,3.4773230494355865,1.5821188963542643,-2.791399626124973,-3.4584875093900367,-2.9163252107367574,1.332742125758021,-0.5189546847441566,2.5371804649808376,0.32316343402604714,2.640832725089589,-0.8143561930200042,-2.309809686083412,-1.2962026883233106,-1.6091947660334995,-3.3288235584285846,-2.89347604504997,-1.8139496930740147,1.9839834556067133,-0.06903698723290415,0.6558560764462004,1.4478884062253163,0.025763577279481892,-0.0453902389848219
0.031496692128556956,-0.1124292075518932,0.1904137253367146,-0.025995993385012576,-0.04594201192331087,0.007667454867321942,-0.017483320726672472,0.23135164113810036,0.20692694753221763,0.09128454219518453,-0.2440891993840948,-0.27929376979469395,-0.01571805082500092,0.24756889876593435,-0.03324568131113052,-0.1793411012533028,0.1340294682730713,-0.05897383174961179,-0.2534386559248237,-0.22423679752817222,-0.02739965806638295,-0.07296265133343924,-0.01703078404942475,0.06504449000934188,0.0917080308487584,0.2008060988521538,0.0715701972971527,0.13126199792538798,0.13856914791616207,-0.05369795793824439,-0.16430239968538884,0.17877484405743155,0.26621650106511136,-0.0634417534419939,0.01890258411988708,0.09826429262943641,0.15281829878405478,0.14914624264809906,0.1301249361799831,0.070043878088782,0.20847136673032973,0.11910021957143299,-0.11825785203449568,0.13126975326640594
0.4348310616353598,-0.3924879110500933,0.18644706984902265,0.3484282323759131,0.06465601595218075,-0.008269197446367985,1.2756556456762411,-0.17471444819692175,-0.61948617562822,-0.20975033541343638,0.4418426079817338,1.8836344522518629,0.9362588848188351,-0.03324568131113052,0.659402276462696,0.9604042632955317,0.9562103000711831,0.31564750125194746,0.49717442159196584,2.094639805324729,1.4041213116619613,0.8696476107222397,0.5996628064079838,-0.8614352115798388,-1.1469350309040431,-0.8907540055531359,0.4781468216037645,-0.010471678583756257,0.893670764482022,0.10873550033022118,0.6580770119721695,-0.07904031901037528,-0.9498120433105769,-0.33312344946142886,-0.5635773518688365,-1.2553350262881255,-1.1566782655035044,0.08087550311523259,0.3484158469138345,0.09947600251448183,0.37163601266061247,0.3668551561220387,0.12515982704076054,0.29356171901972944
1.086299074359545,-1.0033386985239374,0.3788700343491381,-0.14533687300406853,0.18903731938657814,-0.9754044207723496,2.474372105770235,-1.095093744913027,-1.2293497811523633,-0.4349809615097012,0.4073602694508471,4.096889945410473,2.6534667701868835,-0.1793411012533028,0.9604042632955317,2.564012708344778,1.9174569532461645,0.7235227655146307,1.021176664296786,4.85522108323426,3.010934548300737,2.3853130833389247,1.2244439745730806,-2.261415481015004,-2.8543854914510756,-2.6462862882400393,1.0915357413114581,-0.6118903871053779,1.7405684646666884,0.26136284505499136,2.292692520838989,-0.9469133507211202,-2.401416812383264,-1.073743804943391,-0.9289558975568272,-3.1576557861105936,-2.556184647072155,-1.5044205513818725,1.2707113068281537,-0.0020026174606492366,0.28188350769018505,1.0158667881932468,0.15044812131884105,0.08215337407448368
1.0191829761156497,-1.186343443020822,0.47889619145902723,0.06881794240429956,-0.01286369160450458,-0.5926980335780369,2.204605677793232,-0.5427913041088271,-0.808076728187405,-0.10116680955756954,0.2854622240563504,3.4395568999638946,2.162685813142593,0.1340294682730713,0.9562103000711831,1.9174569532461645,1.9391991915527031,0.6013220378962107,0.5756211598284589,4.112040760772748,2.757536310907084,2.013946508700677,1.209464490083572,-1.927969302402301,-2.366073134161469,-1.9354847634997014,1.0051264164734126,-0.19045299954569525,1.875560794460697,0.1218907305471216,1.6273737333173695,-0.4118838905905568,-1.7771481394513824,-0.8174715570342359,-0.8856535100822815,-2.5870570019144687,-2.1994577396815305,-0.6715278003753139,1.0931021149066262,0.1622037727751363,0.7483690932651925,0.9303336384609091,-0.019152851664295128,0.43876911953387954
0.35855268659428335,-0.6640738786218577,0.2088327828003532,0.05682174033583679,-0.22649617062011104,-0.33677724760725297,0.9432779122879552,-0.5910020074664848,-0.4437278731163086,0.062001154493873036,0.1003775493607673,1.524208569692175,0.9261674640369243,-0.05897383174961179,0.31564750125194746,0.7235227655146307,0.6013220378962107,0.43314670139551803,0.2966512874989505,1.790334149323073,1.2844321296716115,0.8769733032361706,0.46671140037071596,-0.8897171126859617,-1.0273691769760906,-0.8810554064220275,0.3759690903458082,-0.1055170513438776,0.8723514908181306,0.2110196859565097,0.615398648100447,-0.19906854214808734,-0.7571440634653154,-0.23297988287528834,-0.6168895612471368,-1.1753942530031238,-0.8589935567152077,-0.5258931134972343,0.63095502363893885,0.14212834541332742,0.23475605045676398,0.2497875678441269,0.1625140309829625,-0.10172135042904475
0.2575661621973181,0.011298451837595402,0.08589269907425065,0.2513576704937443,0.219781875605665,-0.11741717970774801,1.109584547994191,-0.4302447262267377,-0.8005402334428272,-0.48248504828914746,0.46031915506070165,1.6516177514038821,0.8489123526004105,-0.2534386559248237,0.49717442159196584,1.021176664296786,0.5756211598284589,0.2966512874989505,0.7160691734978999,1.7821713196250313,1.0575037214979794,0.6749548436583691,0.33780926884552626,-0.6861085871281235,-1.0214428576454315,-0.9804454557767246,0.3700736582567299,-0.24605557806275616,0.4495393380997888,0.21790339092396324,0.7423892792732931,-0.32787378683056795,-1.0113234341861987,-0.38244938691710684,-0.4746312005550519,-1.1701634662303892,-0.9379791628842112,-0.3128255976695979,0.29931068496808966,-0.01761173867374404,-0.09563191804314458,0.2531488848836345,0.28757436213628984,-0.051987075983115805
2.4806691535676935,-3.1717767332218787,1.082070578607422,-0.053989326301997285,-0.39289124718002655,-2.027874038213937,5.449502138028854,-2.4750377703313693,-2.4502537486252702,0.08804609147861225,0.8510604503903275,9.147859271057502,5.750426969694754,-0.22423679752817222,2.094639805324729,4.85522108323426,4.112040760772748,1.790334149323073,1.7821713196250313,10.655746924704186,7.199580849856079,5.72489925326799,3.028381585389154,-5.0665633757904285,-6.145933101471293,-5.231637650857244,2.2829470980814772,-0.7660724449657734,4.597438109687402,0.560786794124129,4.443867983337024,-1.380988675123632,-4.626081235566388,-1.874775629375394,-2.7242975406219654,-6.35369834571188,-5.5706951529004645,-2.540493054577527,2.948789349452395,0.16152480721442652,1.380424207130501,2.130288015492451,0.22246076677485205,0.30898619156370727
1.7067304493230349,-2.423438346821056,1.034895724270935,0.07913023755015144,-0.5299458181622607,-1.4080070871065835,3.8728594528865474,-1.7255931112180471,-1.6728996980027317,0.3608234896247903,0.44478949076961344,6.2546996103141845,4.015991315774541,-0.02739965806638295,1.4041213116619613,3.010934548300737,2.757536310907084,1.2844321296716115,1.0575037214979794,7.199580849856079,5.180966067719865,4.112247457447582,2.111377517893962,-3.437524629628482,-4.172398732977956,-3.328286774213993,1.588408405068936,-0.3075165856468378,3.4419953997856503,0.4376890756627521,2.7945696353225205,-0.6260718121150859,-2.801312412562835,-1.2429242536262484,-2.2430008413414595,-4.084654762183888,-3.6823014220739365,-1.4745759821432296,2.2359287045993463,0.14474788938480346,1.1864907381552046,1.5321399627273862,0.1458074506299074,0.17695798356415438
1.515834667489125,-2.1025416551227716,0.8240447629390443,-0.40614901442141943,-0.4728579175117428,-1.5822573742874915,2.7834342062914956,-1.549186858366414,-1.1635890638649993,0.714266816337007,0.20195556123259018,5.008925168016325,3.4773230494355865,-0.07296265133343924,0.8696476107222397,2.3853130833389247,2.013946508700677,0.8769733032361706,0.6749548436583691,5.72489925326799,4.112247457447582,3.926123735936884,1.8109814768080321,-2.813953962047863,-3.366678720945294,-2.686867686579223,1.1513966267875586,-0.3594402536234978,2.6463266040728466,0.15269487876507337,2.620148949961422,-0.6625503299412868,-2.086554036816489,-1.041639506045742,-1.6778412402924294,-2.7960140145617047,-2.9929990355010054,-1.5075612218785752,1.7751904246194656,-0.21513655337288498,0.885901836108795,1.41731264123341,-0.18770523348609192,0.0882660398475701
0.7907295035260985,-1.150100871613092,0.2546998478907256,-0.04113279106456134,-0.24830842930120856,-0.5417156332437967,1.4167412883299209,-0.5899742435155584,-0.51420650403786206,0.35085727990398025,0.27981945667406877,2.627664585496621,1.5821188963542643,-0.01703078404942475,0.5996628064079838,1.2244439745730806,1.209464490083572,0.46671140037071596,0.33780926884552626,3.028381585389154,2.111377517893962,1.8109814768080321,1.023973410501644,-1.470799052199654,-1.6909557749991262,-1.3320075314079274,0.5845383569951178,-0.08068115709955156,1.4396216505370858,0.03128724454158622,1.2112740744149209,-0.2623643269178437,-1.1881106517447113,-0.3855721703066725,-0.7543120603261347,-1.5746206937810205,-1.6628575457916939,-0.46980404938922277,0.7145780572738514,0.020612462849197426,0.6248039029134209,0.6030534855011785,-0.09853720713981157,0.27244110451900194
-1.2261328059473076,1.7517022040261607,-0.49802796319859904,0.22855690030326847,0.32441185775728926,1.1481397473099575,-2.42724628071181,1.308719504426569,0.9896357013880137,-0.23257208445715763,-0.22171476132878623,-4.259547437073155,-2.791399626124973,0.06504449000934188,-0.8614352115798388,-2.261415481015004,-1.927969302402301,-0.8897171126859617,-0.6861085871281235,-5.0665633757904285,-3.437524629628482,-2.813953962047863,-1.470799052199654,2.5190222947629395,2.9374324873731084,2.5405294913330576,-1.0710727662161241,0.40030694683691576,-2.264904246764743,-0.2511734395513582,-2.180294725446524,0.7372505271595226,2.1689935533099267,0.8569687029286417,1.2443063107221157,3.068879557365641,2.6201332435123916,1.509816810113138,-1.5327447004849606,-0.1034288686687836,-0.6897806012402832,-1.0097911128269257,-0.03364587017270797,-0.06993850421366592
-1.4390411835008787,1.7887451512362251,-0.7432875627381261,0.12599341979515133,0.19064681926766822,1.3158469356271854,-3.1997585676180136,1.4988425511225492,1.4452243220369279,0.006988966035476529,-0.3502994071804918,-5.244963706436588,-3.4584875093900367,0.0917080308487584,-1.1469350309040431,-2.8543854914510756,-2.366073134161469,-1.0273691769760906,-1.0214428576454315,-6.145933101471293,-4.172398732977956,-3.366678720945294,-1.6909557749991262,2.9374324873731084,3.605290545294788,3.086884610729658,-1.3717509704622484,0.5084788765783829,-2.6421115434893268,-0.35521839120408477,-2.653024173631858,0.85427198046544,2.6446288396197684,1.215562079520927,1.6008327571771652,3.708720220446507,3.1594546392974943,1.6698133471780798,-1.8591202371268805,-0.05921913614337697,-0.7215898841315436,-1.3292176118798729,-0.12868477524703983,-0.08047408634721571
-1.177439498638478,1.357773020952759,-0.42871534483680185,0.2875432411724322,0.02278888846984308,1.2310508826192494,-2.552925783052194,1.4322314324469199,1.2331118312305844,0.23594200843192847,-0.2824138362960753,-4.37323308799609,-2.9163252107367574,0.2008060988521538,-0.8907540055531359,-2.6462862882400393,-1.9354847634997014,-0.8810554064220275,-0.9804454557767246,-5.231637650857244,-3.328286774213993,-2.686867686579223,-1.3320075314079274,2.5405294913330576,3.086884610729658,2.8800438943544826,-1.1398447957194109,0.668137519488249,-1.9945445605667627,-0.33571670685248656,-2.464960972976655,1.0504026619159532,2.5135854319734188,1.0753610522536075,1.108001309070356,3.4131334233098025,2.6851218176161242,1.9083060393730618,-1.550638118600748,-0.0397709632864435,-0.32201053330594714,-1.0432298862853733,-0.17135012129751623,0.09107958309265815
0.5319840701363818,-0.5987668391033703,0.40607338513702923,0.017534262207372642,-0.008609373841600319,-0.4505693306909805,1.3377919736032744,-0.4525208637481821,-0.5653705841036127,-0.14015793952588823,0.04861096218451799,1.912207818980792,1.332742125758021,0.0715701972971527,0.4781468216037645,1.0915357413114581,1.0051264164734126,0.3759690903458082,0.3700736582567299,2.2829470980814772,1.588408405068936,1.1513966267875586,0.5845383569951178,-1.0710727662161241,-1.3717509704622484,-1.1398447957194109,0.6084301427296052,-0.16259979205250524,1.0424878176503793,0.1647665841377059,0.9358322779708641,-0.2571901140879313,-0.9563887371225728,-0.5641691487390866,-0.6281340133264265,-1.491392191350764,-1.1352429022318635,-0.5689402839137973,0.7981385229006565,0.07741590793607321,0.3079734493626274,0.574948860824197,0.07168604633274901,0.0674302321745332
-0.147841900781302,0.007915287880963334,0.03031516087103108,0.27780870949132525,-0.15530354426764822,0.3937788805915457,-0.2591834296206174,0.38950282411001014,0.2213134805766262,0.23785549296375239,0.03912586905278436,-0.5714469085181489,-0.5189546847441566,0.13126199792538798,-0.010471678583756257,-0.6118903871053779,-0.19045299954569525,-0.1055170513438776,-0.24605557806275616,-0.7660724449657734,-0.3075165856468378,-0.3594402536234978,-0.08068115709955156,0.40030694683691576,0.5084788765783829,0.668137519488249,-0.16259979205250524,0.3518427539735389,-0.03886194884006909,-0.07245064873579343,-0.6321078260513188,0.46882734747566857,0.5620417448409658,0.2864068384514212,-0.03705556709340989,0.6629509950577891,0.37413856574596877,0.8005754230356296,-0.27120967812519303,0.0764975543808698,0.26513828384381816,-0.16571786963386143,-0.052586319347939496,0.20313128789517482
1.1451144966693563,-1.8768048332075162,0.7391193068976535,0.07039856522961106,-0.5439083564625212,-0.8695512335108282,2.454970317075389,-1.0254493283900754,-0.8760438654714483,0.47623171212625004,0.15625628332623087,3.9339027856830406,2.5371804649808376,0.13856914791616207,0.893670764482022,1.7405684646666884,1.875560794460697,0.8723514908181306,0.4495393380997888,4.597438109687402,3.4419953997856503,2.6463266040728466,1.4396216505370858,-2.264904246764743,-2.6421115434893268,-1.9945445605667627,1.0424878176503793,-0.03886194884006909,2.4693678463756408,0.25522830980286587,1.6177870387489937,-0.22751905518407436,-1.6336957648076684,-0.7020034021848942,-1.5099378024426748,-2.611249603293981,-2.3312993295759568,-0.8076282109497949,1.5371540371947627,0.22008717293087426,1.0329356366472,0.9791471426452538,0.022366332132336925,0.21655904164882214
0.030338893928968994,-0.08210355162465958,0.15631598016828227,0.11898252105089939,-0.05275323753305117,-0.09720875374231325,0.45281565095314313,-0.31092365551176776,-0.3144988256553145,-0.1660850312702422,0.014473388961471325,0.49243895016225125,0.32316343402604714,-0.05369795793824439,0.10873550033022118,0.26136284505499136,0.1218907305471216,0.2110196859565097,0.21790339092396324,0.560786794124129,0.4376890756627521,0.15269487876507337,0.03128724454158622,-0.2511734395513582,-0.35521839120408477,-0.33571670685248656,0.1647665841377059,-0.07245064873579343,0.25522830980286587,0.20586472225833535,0.13835422860083033,-0.07045334527061826,-0.26705360833037106,-0.13972435497018323,-0.34226924244335427,-0.5046710581414077,-0.18379959334403403,-0.2656938691553179,0.3320871445323459,0.09307589774429513,-0.048508131175420875,0.05617823331099873,0.21502527188690804,-0.20124399677769844
1.1072500200195192,-1.177340096844135,0.36944577214670576,-0.5023280745447184,0.03765102695138197,-1.2694715054435042,2.0272923323909753,-1.201422013443033,-0.9436593229856344,-0.03039344545927856,0.16455286916250617,3.7261187320186653,2.640832725089589,-0.16430239968538884,0.6580770119721695,2.292692520838989,1.6273737333173695,0.615398648100447,0.7423892792732931,4.443867983337024,2.7945696353225205,2.620148949961422,1.2112740744149209,-2.180294725446524,-2.653024173631858,-2.464960972976655,0.9358322779708641,-0.6321078260513188,1.6177870387489937,0.13835422860083033,2.34312686728985,-0.9813419829011425,-2.074059766481698,-0.9927775656450115,-0.8092998383931674,-2.6558375503539557,-2.3456159992550423,-1.739903853410164,1.2725682188213912,-0.16749717865146138,0.2554300860028685,1.0452787540508444,-0.06281363531894285,-0.020850564101430307
-0.3038525050570402,0.21804807663286804,0.09626103862586008,0.4007870685782325,-0.14997512847651703,0.5631021172892197,-0.420904823164635,0.5687666377015747,0.27304725668394586,0.2230656189700079,0.002222047073811448,-1.045448687404344,-0.8143561930200042,0.17877484405743155,-0.07904031901037528,-0.9469133507211202,-0.4118838905905568,-0.19906854214808734,-0.32787378683056795,-1.380988675123632,-0.6260718121150859,-0.6625503299412868,-0.2623643269178437,0.7372505271595226,0.85427198046544,1.0504026619159532,-0.2571901140879313,0.46882734747566857,-0.22751905518407436,-0.07045334527061826,-0.9813419829011425,0.6809812337527833,0.922672382556317,0.36436695369127164,-0.03743363843432652,1.0954107633894563,0.7215245494400117,1.1296741560851953,-0.3873166457997283,0.07368759535146578,0.24268265250059695,-0.2426139837540644,-0.02622760976337393,0.19678626693754392
-0.9840792052092661,1.0199976708498482,-0.14627515322822485,0.045268543671339506,-0.10655347423451703,0.7689773872482019,-2.235218699201189,1.073686300551323,1.135268771912314,0.3901286467281397,-0.5450224761096409,-3.9025496206678714,-2.309809686083412,0.26621650106511136,-0.9498120433105769,-2.401416812383264,-1.7771481394513824,-0.7571440634653154,-1.0113234341861987,-4.626081235566388,-2.801312412562835,-2.086554036816489,-1.1881106517447113,2.1689935533099267,2.6446288396197684,2.5135854319734188,-0.9563887371225728,0.5620417448409658,-1.6336957648076684,-0.26705360833037106,-2.074059766481698,0.922672382556317,2.403104879952141,0.8238147121489314,0.8217531325446,3.0917165791854173,2.47202947527978,1.3705004490654016,-1.0512466277462433,-0.0972548675058485,-0.2783379639669163,-0.7562142785185653,-0.21382663697249638,-0.09208206407450967
-0.4480458694403068,0.26012808230172,-0.4500522296056158,0.13529701541750758,-0.18494426979120263,0.5630030169978523,-1.172562874300133,0.4133857940251742,0.5641829141318394,0.31316518243250824,0.07689631263384922,-1.5503082727577402,-1.2962026883233106,-0.0634417534419939,-0.33312344946142886,-1.073743804943391,-0.8174715570342359,-0.23297988287528834,-0.38244938691710684,-1.874775629375394,-1.2429242536262484,-1.041639506045742,-0.3855721703066725,0.8569687029286417,1.215562079520927,1.0753610522536075,-0.5641691487390866,0.2864068384514212,-0.7020034021848942,-0.13972435497018323,-0.9927775656450115,0.36436695369127164,0.8238147121489314,0.70961762371566806,0.4593107471647961,1.2506968773510836,0.8973661921264706,0.7368961947898344,-0.766766886632314,0.06589664620333502,-0.05334840793040789,-0.6440610728512977,-0.0403680139423904,0.04520918218172466
-0.569471925828106,0.9718914071821545,-0.6831151380446022,-0.29572503947060413,0.39855022546289937,0.495275689820207,-1.7787920563535535,0.8309507617950922,0.8914223987744243,-0.2208806923035496,-0.1764256368157943,-2.513367717150191,-1.6091947660334995,0.01890258411988708,-0.5635773518688365,-0.9289558975568272,-0.8856535100822815,-0.6168895612471368,-0.4746312005550519,-2.7242975406219654,-2.2430008413414595,-1.6778412402924294,-0.7543120603261347,1.2443063107221157,1.6008327571771652,1.108001309070356,-0.6281340133264265,-0.03705556709340989,-1.5099378024426748,-0.34226924244335427,-0.8092998383931674,-0.03743363843432652,0.8217531325446,0.4593107471647961,1.3713352937463927,1.3903589898257758,1.2668592319611167,0.31960793707506013,-1.0689741377575503,-0.08868769798750917,-0.5154565005860349,-0.5912987937040007,-0.23841649050102695,0.11777512455765407
-1.3629422943260232,1.6829761462670312,-0.5538212391341188,0.04020103939354683,0.05836066916355492,1.158065297530777,-3.284186587454977,1.5224427362449975,1.4782327661912602,0.4838800817036526,-0.36194219016115214,-5.226107752680233,-3.3288235584285846,0.09826429262943641,-1.2553350262881255,-3.1576557861105936,-2.5870570019144687,-1.1753942530031238,-1.1701634662303892,-6.35369834571188,-4.084654762183888,-2.7960140145617047,-1.5746206937810205,3.068879557365641,3.708720220446507,3.4131334233098025,-1.491392191350764,0.6629509950577891,-2.611249603293981,-0.5046710581414077,-2.6558375503539557,1.0954107633894563,3.0917165791854173,1.2506968773510836,1.3903589898257758,4.492829345474355,3.2175575312354865,2.025930648236625,-1.9316511052795453,-0.34763358405779693,-0.581194222996949,-1.1513882952431362,-0.35166199642633095,-0.022585374633986664
-1.328976902059298,1.62319027385979,-0.41311892743397344,0.014083253808313774,0.13813206564969238,0.9437518105075732,-2.7448630548440667,1.135144447695366,1.214984413939599,-0.08523161862487451,-0.6017102579231945,-4.813807782435809,-2.89347604504997,0.15281829878405478,-1.1566782655035044,-2.556184647072155,-2.1994577396815305,-0.8589935567152077,-0.9379791628842112,-5.5706951529004645,-3.6823014220739365,-2.9929990355010054,-1.6628575457916939,2.6201332435123916,3.1594546392974943,2.6851218176161242,-1.1352429022318635,0.37413856574596877,-2.3312993295759568,-0.18379959334403403,-2.3456159992550423,0.7215245494400117,2.47202947527978,0.8973661921264706,1.2668592319611167,3.2175575312354865,3.020595549094026,1.1194829990704842,-1.2992250980970457,-0.037327381696694285,-0.7721970082927957,-1.0760472009225903,-0.027748303427682083,-0.33863937484907713
-0.6033841606951899,0.8760381083577969,-0.20505934555261932,0.9181490322596617,0.10985118167069931,1.4232755668196702,-0.8535217475334783,1.3958584036787078,0.40148079534617687,0.05155621871684829,0.4904399254360378,-1.841246217300915,-1.8139496930740147,0.14914624264809906,0.08087550311523259,-1.5044205513818725,-0.6715278003753139,-0.5258931134972343,-0.3128255976695979,-2.540493054577527,-1.4745759821432296,-1.5075612218785752,-0.46980404938922277,1.509816810113138,1.6698133471780798,1.9083060393730618,-0.5689402839137973,0.8005754230356296,-0.8076282109497949,-0.2656938691553179,-1.739903853410164,1.1296741560851953,1.3705004490654016,0.7368961947898344,0.31960793707506013,2.025930648236625,1.1194829990704842,2.492875322876684,-1.308305841822882,0.050130059223676346,0.30326283406950233,-0.5827011931770244,-0.05311386924768588,0.6603937274043652
0.7054107277409681,-1.1331286318814737,0.7421607560945453,-0.24025669645950412,-0.3185367412932245,-1.0032612251107598,1.6775681756455825,-1.029233720079904,-0.6673900909183752,0.12005630462520628,-0.315730681134185,2.403155021265714,1.9839834556067133,0.1301249361799831,0.3484158469138345,1.2707113068281537,1.0931021149066262,0.63095502363893885,0.29931068496808966,2.948789349452395,2.2359287045993463,1.7751904246194656,0.7145780572738514,-1.5327447004849606,-1.8591202371268805,-1.550638118600748,0.7981385229006565,-0.27120967812519303,1.5371540371947627,0.3320871445323459,1.2725682188213912,-0.3873166457997283,-1.0512466277462433,-0.766766886632314,-1.0689741377575503,-1.9316511052795453,-1.2992250980970457,-1.308305841822882,1.4915994556512109,0.11205255858913721,0.3628694350128616,0.8015165302844072,0.11319474069802196,-0.2825401162369228
-0.014295731950469404,-0.16810807354643065,0.0046434681305836684,0.1661066449863168,-0.11015176539889508,0.14972664863923743,0.14014453420195244,0.008720104986818328,0.011321188412674222,-0.052872034403885396,-0.002792742000622531,0.06558046698348827,-0.06903698723290415,0.070043878088782,0.09947600251448183,-0.0020026174606492366,0.1622037727751363,0.14212834541332742,-0.01761173867374404,0.16152480721442652,0.14474788938480346,-0.21513655337288498,0.020612462849197426,-0.1034288686687836,-0.05921913614337697,-0.0397709632864435,0.07741590793607321,0.0764975543808698,0.22008717293087426,0.09307589774429513,-0.16749717865146138,0.07368759535146578,-0.0972548675058485,0.06589664620333502,-0.08868769798750917,-0.34763358405779693,-0.037327381696694285,0.050130059223676346,0.11205255858913721,0.2292574291079641,0.14231544038569352,-0.09769493831030293,0.11558517002351476,0.027977874989981163
0.4372677827440187,-0.8742714113686187,0.26479197468493737,0.15651726487939246,-0.33650733899404034,-0.06966798066582298,0.7343251580411599,-0.01996240870986648,-0.05467259458190442,0.47243420134284625,0.08413641631590453,1.202216422265777,0.6558560764462004,0.20847136673032973,0.37163601266061247,0.28188350769018505,0.7483690932651925,0.23475605045676398,-0.09563191804314458,1.380424207130501,1.1864907381552046,0.885901836108795,0.6248039029134209,-0.6897806012402832,-0.7215898841315436,-0.32201053330594714,0.3079734493626274,0.26513828384381816,1.0329356366472,-0.048508131175420875,0.2554300860028685,0.24268265250059695,-0.2783379639669163,-0.05334840793040789,-0.5154565005860349,-0.581194222996949,-0.7721970082927957,0.30326283406950233,0.3628694350128616,0.14231544038569352,0.7294511513999703,0.3108609589610834,-0.15175079505368194,0.38623239086001626
0.5903702420937454,-0.5952417949044096,0.5046992108491596,-0.1664568512335393,0.012765894972593408,-0.6310044378902591,1.2259652468919873,-0.4125946624476265,-0.47852436701485973,0.027487885900599734,-0.07084002268072936,1.809063627807383,1.4478884062253163,0.11910021957143299,0.3668551561220387,1.0158667881932468,0.9303336384609091,0.2497875678441269,0.2531488848836345,2.130288015492451,1.5321399627273862,1.41731264123341,0.6030534855011785,-1.0097911128269257,-1.3292176118798729,-1.0432298862853733,0.574948860824197,-0.16571786963386143,0.9791471426452538,0.05617823331099873,1.0452787540508444,-0.2426139837540644,-0.7562142785185653,-0.6440610728512977,-0.5912987937040007,-1.1513882952431362,-1.0760472009225903,-0.5827011931770244,0.8015165302844072,-0.09769493831030293,0.3108609589610834,0.7313053629763291,-0.09766257673964052,0.08951780860657842
-0.10583801801949362,0.16668242062018915,0.03639139892225345,0.25722738903257275,0.03284986441288293,0.11942115166660161,0.3220548851253051,-0.18905124915869181,-0.33534966666093996,-0.3175686254128041,0.14441736430961868,0.2388111966330447,0.025763577279481892,-0.11825785203449568,0.12515982704076054,0.15044812131884105,-0.019152851664295128,0.1625140309829625,0.28757436213628984,0.22246076677485205,0.1458074506299074,-0.18770523348609192,-0.09853720713981157,-0.03364587017270797,-0.12868477524703983,-0.17135012129751623,0.07168604633274901,-0.052586319347939496,0.022366332132336925,0.21502527188690804,-0.06281363531894285,-0.02622760976337393,-0.21382663697249638,-0.0403680139423904,-0.23841649050102695,-0.35166199642633095,-0.027748303427682083,-0.05311386924768588,0.11319474069802196,0.11558517002351476,-0.15175079505368194,-0.09766257673964052,0.29647271938707725,-0.18920696991492433
0.1646350979145524,-0.09854688902095074,-0.07147505477374591,0.1919660296411385,0.09307559001624495,0.3063316790963433,0.15333046162065472,0.47856271156322533,0.10314425483465875,0.065657903758222,0.2472487566273196,0.2932891631643222,-0.0453902389848219,0.13126975326640594,0.29356171901972944,0.08215337407448368,0.43876911953387954,-0.10172135042904475,-0.051987075983115805,0.30898619156370727,0.17695798356415438,0.0882660398475701,0.27244110451900194,-0.06993850421366592,-0.08047408634721571,0.09107958309265815,0.0674302321745332,0.20313128789517482,0.21655904164882214,-0.20124399677769844,-0.020850564101430307,0.19678626693754392,-0.09208206407450967,0.04520918218172466,0.11777512455765407,-0.022585374633986664,-0.33863937484907713,0.6603937274043652,-0.2825401162369228,0.027977874989981163,0.38623239086001626,0.08951780860657842,-0.18920696991492433,0.5312372605875668
