V1,V2,V3,V4,V5,V6,V7,V8,V9,V10,V11,V12,V13,V14,V15,V16,V17,V18,V19,V20,V21,V22,V23,V24,V25,V26,V27,V28,V29,V30,V31,V32,V33,V34,V35,V36,V37,V38,V39,V40,V41,V42,V43,V44
95.79631794938895,26.3540165185921,-215.98206232823293,-581.2544298766192,-141.88273453245066,-45.44105621419766,330.5184043892301,-206.1307049919717,932.7723524422964,548.0831094192953,1.2624897281176704,-353.38062719687974,207.91689052495536,340.92247220087165,53.597892689651346,-55.68335344267011,354.42433712187886,117.59383006120814,230.27181344738702,-331.4080213856216,330.7330372618697,174.26927801512772,151.55638126436511,-478.89822984844227,-701.845230634258,-410.91293933202854,-55.88006305948796,-10.919155601588999,-757.8315535316902,-354.91244376544296,-318.8404755279017,76.28667633544407,-267.77976287543095,-153.56515228001396,-625.8986384523931,85.0120357439773,-164.1609681497233,-100.72496560718817,276.58307034479964,135.9243244565671,-789.799757190545,-686.0218611871999,176.40192581802745,-439.6813906924767
26.3540165185921,7.303597058412652,-59.48244541616326,-159.9582097400493,-39.088572221812804,-12.575271415244686,90.96053443020541,-56.84838358705121,256.6770758755562,150.96354360198313,0.39524495045698305,-97.30150997273103,57.35434086614946,93.69646524195478,14.540167121650027,-15.335138882637835,97.51931394832333,32.45790826584514,63.13561533891356,-91.12143493939368,91.03548746343755,47.9192040155208,41.6552153625316,-131.65393533920124,-193.0898882205855,-113.08453849463318,-15.534082565426514,-3.4599990572198256,-208.44325760732576,-97.65843322631328,-87.70097788475167,20.992798781972436,-73.577142207232,-41.91516886156688,-172.341964552051,23.45111755584808,-44.830725045186696,-27.938892392168086,76.20547702659462,37.41593086688245,-217.47861735191438,-188.6589402431382,48.49585463579586,-120.89205516259831
-215.98206232823293,-59.48244541616326,487.04750234205073,1310.5521613486776,319.9803100161549,102.54486516593514,-745.2312395792496,464.9304286748119,-2103.120948554499,-1235.934639433654,-2.919091171003038,796.8406068928731,-468.9758126671438,-768.522090433756,-120.56228314990801,125.57542418745489,-799.1101365283745,-265.2701610169189,-518.8766162142327,747.1312377063527,-745.7184545529074,-392.8815627222306,-341.63869225221,1079.5904644277655,1582.3902464795667,926.495146371441,126.20208522848816,25.234207109016033,1708.5422917272008,800.2106046682559,718.8277778960078,-172.01091399393763,603.5968937274262,345.78108209822875,1411.3506819120876,-191.77072445590625,369.66105088577996,227.4019752835869,-623.7348191862735,-306.4793442411407,1780.9542870351452,1546.598514455081,-397.6871756266227,991.2018357912875
-581.2544298766192,-159.9582097400493,1310.5521613486776,3526.9227667375767,860.9229649468058,275.7825404277326,-2005.497044992594,1250.843105559189,-5659.81129047763,-3325.745126744293,-7.684383844539996,2144.2657854879967,-1261.685653052313,-2068.538114610859,-325.0701420150857,337.8628147374985,-2150.5408529555475,-713.603422095768,-1397.0715967485603,2010.8307951799443,-2006.8297846479452,-1057.3858652355495,-919.5780352760652,2905.744456524071,4258.588422059106,2493.3215835933015,339.1783942680958,66.57612403503796,4598.268071817593,2153.5141314853086,1934.6226789469613,-462.8849331562368,1624.7576495485455,931.5467878157391,3797.872759545901,-515.8584681152587,995.854177962088,611.3295724958505,-1678.3041576875787,-824.7674424761298,4792.397872446741,4162.524737835106,-1070.3122903398598,2667.8136874167803
-141.88273453245066,-39.088572221812804,319.9803100161549,860.9229649468058,210.2381466045884,67.38744801796474,-489.5664419160879,305.47404897626075,-1381.5938992972679,-811.9563788116741,-1.9461891571484313,523.484036734092,-308.1383968740135,-504.8152459092399,-79.10976232118882,82.5103424901855,-524.9548367288951,-174.30171589359975,-340.7593434539064,490.7855766103358,-489.8749929921785,-258.0843247685261,-224.40141274269374,709.1478258200408,1039.4897830161574,608.6384529410135,82.969514332985,16.77018628533254,1122.3315568664293,525.6731231689396,472.18938145932975,-113.00403435509708,396.45384256625385,227.0083063636969,927.188534488002,-126.01823115964069,242.68409088969685,149.47878075870523,-409.7820304913551,-201.33339648795828,1170.0136261799742,1015.936146143791,-261.24666957777595,651.0896353795672
-45.44105621419766,-12.575271415244686,102.54486516593514,275.7825404277326,67.38744801796474,21.66038388710042,-156.8278192742754,97.97948185806379,-442.5487935741511,-260.2377588642449,-0.6716828851681715,167.74443587573103,-98.84911698015625,-161.57864093270015,-25.124516584533673,26.4414384812187,-168.14123860154476,-55.93470080652095,-108.91391239354996,157.12954585846794,-156.94611335981526,-82.63131388253016,-71.82959048147632,227.02132280769595,332.9240555706864,194.96998263238555,26.740567924803464,5.844607698003159,359.4066637204451,168.3773188724955,151.21553522839477,-36.19607366486413,126.88070533465779,72.35951111408818,297.11020696193594,-40.42239907362228,77.38180410676397,48.11158015644395,-131.36163907139863,-64.5050930799917,374.9258899824302,325.3026041401474,-83.6311147601662,208.45676731743094
330.5184043892301,90.96053443020541,-745.2312395792496,-2005.497044992594,-489.5664419160879,-156.8278192742754,1140.386557536118,-711.2879456864248,3218.3281753796505,1891.127671475638,4.386428476100266,-1219.2987962298248,717.4587361971757,1176.2060482802876,184.79756136112533,-192.13117011014742,1222.8583314018665,405.79364320800346,794.3592818378261,-1143.4056192094156,1141.133521772999,601.2564714896987,522.8803760717939,-1652.253626024708,-2421.5396746572656,-1417.772009758435,-192.89911240329192,-37.95646932251324,-2614.6735178384383,-1224.544741290278,-1100.065053826351,263.21292950491426,-923.8455798759426,-529.630319127125,-2159.593629785768,293.35446345069533,-566.1877936901994,-347.6668585297031,954.3475870231626,468.9841588513706,-2725.122341551932,-2366.893409110294,608.6107304719516,-1516.9619017669538
-206.1307049919717,-56.84838358705121,464.9304286748119,1250.843105559189,305.47404897626075,97.97948185806379,-711.2879456864248,443.93696449927285,-2007.2845713048214,-1179.8307375690442,-2.8624942278118106,760.6199768976767,-447.82108043706614,-733.3213752983554,-114.74621996988084,119.87642093759776,-762.6814341444651,-253.33370133457495,-494.875685064167,712.9734647483649,-711.7721746718764,-374.92526756859894,-325.99145652164754,1030.1952967695374,1510.2165927772894,884.2917163463974,120.6930959570416,24.787021887536465,1630.5364757224913,763.7367675827711,686.0127512252993,-164.17448967538766,575.9172752186962,329.4967019525826,1347.2031441059503,-183.1250228418093,352.2841944058858,217.38148035214797,-595.4591261564119,-292.53152245496767,1700.0203347079816,1475.9360685381018,-379.4984267673103,945.8790358803402
932.7723524422964,256.6770758755562,-2103.120948554499,-5659.81129047763,-1381.5938992972679,-442.5487935741511,3218.3281753796505,-2007.2845713048214,9082.600603181485,5336.958312443104,12.344612506428035,-3441.0050585204885,2024.6835507069522,3319.5023529711957,521.659507864981,-542.2052511240635,3451.0936192938084,1145.1500943900332,2241.9503075859566,-3226.901446846243,3220.4355327456487,1696.8535552520732,1475.6823528268178,-4662.991518511211,-6833.975792543273,-4001.1577588734467,-544.2882231886897,-106.82531867198719,-7379.065001107567,-3455.852607173212,-3104.5730989315666,742.8258270968744,-2607.306746779034,-1494.9140829031821,-6094.628105186504,827.8500069594888,-1598.0922688984301,-981.0237121051539,2693.2507483960585,1323.5374163300216,-7690.608487168271,-6679.804251012247,1717.6146641851178,-4281.160241790004
548.0831094192953,150.96354360198313,-1235.934639433654,-3325.745126744293,-811.9563788116741,-260.2377588642449,1891.127671475638,-1179.8307375690442,5336.958312443104,3136.405545589254,7.38753920673897,-2022.1074337436621,1190.0982951426352,1950.2236441001164,305.9525797437361,-318.6403504520203,2027.8436817641723,673.1645025181259,1316.739434596578,-1895.9332224096404,1892.4061162923979,996.9789404042359,866.9755903386297,-2739.6305091206787,-4015.5436880577486,-2351.120036345632,-320.2601695032861,-64.02981780017745,-4335.692750580867,-2030.6520014885764,-1824.1539540944561,436.48664697232937,-1531.754470297251,-877.4699213824729,-3581.519157135512,486.60664694953203,-938.0933431041003,-577.0657710435514,1582.8264471203515,777.7483489484744,-4519.418581039133,-3924.7420696924755,1009.1492943019451,-2515.3478209650384
1.2624897281176704,0.39524495045698305,-2.919091171003038,-7.684383844539996,-1.9461891571484313,-0.6716828851681715,4.386428476100266,-2.8624942278118106,12.344612506428035,7.38753920673897,0.0796237111801765,-4.735669685836581,2.903378334617789,4.38579008342993,0.47594004906366427,-0.7648149363190077,4.683434905883123,1.6621574615416888,2.7851615250911967,-4.312743969437402,4.385433720225368,2.273650685702123,1.9405598677055558,-6.186184088913188,-9.23593533551584,-5.444985741462757,-0.9106720997994838,-0.6490764804823543,-9.90879129183797,-4.686900089584155,-4.166176925722359,1.016202630541154,-3.4012276305174995,-1.6544039817842036,-8.392630120782043,1.206193050127203,-1.7806929020992623,-1.5769498465166176,3.760002613417825,1.805841509851927,-10.60995670989209,-8.93216912260303,2.30135321786472,-5.693320398969587
-353.38062719687974,-97.30150997273103,796.8406068928731,2144.2657854879967,523.484036734092,167.74443587573103,-1219.2987962298248,760.6199768976767,-3441.0050585204885,-2022.1074337436621,-4.735669685836581,1303.7174064968108,-767.2306655165091,-1257.4783740059013,-197.38809200345582,205.43741722379332,-1307.4593663110365,-433.96317424202385,-849.1053010734718,1222.4490925420175,-1220.1105536070015,-642.8245846185744,-559.0111689833797,1766.4527922576706,2589.047152944508,1515.8777708743858,206.3924817120984,41.00892650752604,2795.493582978467,1309.2658903219678,1176.143484891305,-281.4259335572537,987.6618886646885,565.9550881938543,2309.117765994178,-313.7078189737731,605.0406227552818,371.92930060446935,-1020.4685877384326,-501.44459198347346,2913.809003103687,2530.5469525261956,-650.6793938320685,1621.8275429857965
207.91689052495536,57.35434086614946,-468.9758126671438,-1261.685653052313,-308.1383968740135,-98.84911698015625,717.4587361971757,-447.82108043706614,2024.6835507069522,1190.0982951426352,2.903378334617789,-767.2306655165091,451.7463323218804,739.642506140322,115.67768066439396,-120.92335250584739,769.2894406728695,255.55816759576882,499.09413286234815,-719.1338220118363,717.947661022233,378.16625137138476,328.8001294327878,-1039.0841972877556,-1523.2929161988482,-891.9595117973724,-121.78751264792355,-25.140786754111662,-1644.6381669669308,-770.3543148624004,-691.9469443955934,165.59764369412216,-580.8732491013287,-332.24903038100246,-1358.9122027333585,184.73117433440532,-355.23086455976573,-219.3338648999128,600.6487907855502,295.0699750045339,-1714.7998338376938,-1488.692040005658,382.7761247362208,-954.0456342738731
340.92247220087165,93.69646524195478,-768.522090433756,-2068.538114610859,-504.8152459092399,-161.57864093270015,1176.2060482802876,-733.3213752983554,3319.5023529711957,1950.2236441001164,4.38579008342993,-1257.4783740059013,739.642506140322,1213.490298631475,191.16354604128747,-198.11953339920063,1261.323714014825,418.2930611978927,819.9511772550109,-1179.5357314077391,1176.95963978504,620.2440051879692,539.4621581184354,-1704.5469261751534,-2497.784205948754,-1462.3187704787167,-198.54747374233062,-37.93817683862334,-2697.1405856647493,-1263.0596865051875,-1134.7579256964357,271.4807792453651,-953.2032259415885,-547.188609327581,-2227.2069474738455,302.4057003449722,-584.9130470528457,-358.007271296513,984.1008153424317,483.7016806240831,-2810.4106607824338,-2441.631962233585,627.8464726927579,-1564.9297706811137
53.597892689651346,14.540167121650027,-120.56228314990801,-325.0701420150857,-79.10976232118882,-25.124516584533673,184.79756136112533,-114.74621996988084,521.659507864981,305.9525797437361,0.47594004906366427,-197.38809200345582,115.67768066439396,191.16354604128747,30.885285333894217,-31.05409777566305,198.24886065717718,65.34575556244474,129.7955574605238,-185.6426130793371,184.89730951496537,97.59978443775968,84.99752927383314,-268.40425080154836,-392.707719708388,-229.7705371135931,-30.575517912860153,-4.130577301738927,-424.2688677106374,-198.5195358684659,-178.50141098360552,42.648905545418394,-150.28111971695347,-87.36431433357718,-349.59089397697414,47.255321070331206,-93.322695501867,-55.372289234981835,154.2784780697869,75.97767371885992,-441.08093596287097,-384.2108709403975,98.81331814294919,-246.3586581428982
-55.68335344267011,-15.335138882637835,125.57542418745489,337.8628147374985,82.5103424901855,26.4414384812187,-192.13117011014742,119.87642093759776,-542.2052511240635,-318.6403504520203,-0.7648149363190077,205.43741722379332,-120.92335250584739,-198.11953339920063,-31.05409777566305,32.385974274957746,-206.01938264761648,-68.39976045199755,-133.73664165133292,192.61424576780425,-192.24537526564333,-101.28865180449783,-88.06495104595918,278.3057802973138,407.94615689378077,238.85805790202542,32.55530546579644,6.565587254361235,440.45659993989864,206.2984949057549,185.30899641900024,-44.34929331958891,155.58619379694457,89.10180814069128,363.867500144049,-49.45775125024282,95.24943066262372,58.654821329117574,-160.8132030134905,-79.01086846639222,459.16535729284715,398.7038214230156,-102.53184191364538,255.51875491373366
354.42433712187886,97.51931394832333,-799.1101365283745,-2150.5408529555475,-524.9548367288951,-168.14123860154476,1222.8583314018665,-762.6814341444651,3451.0936192938084,2027.8436817641723,4.683434905883123,-1307.4593663110365,769.2894406728695,1261.323714014825,198.24886065717718,-206.01938264761648,1311.305938527164,435.1029037712679,851.9066715563789,-1226.1311005841546,1223.6544092911467,644.7558736121591,560.7189491197977,-1771.806307233532,-2596.695665139713,-1520.307685452927,-206.7846127513901,-40.51266294150421,-2803.819915101881,-1313.1123649541828,-1179.6417047450188,282.25051519452893,-990.7082285289364,-568.0771750238164,-2315.7411464544025,314.5484415669673,-607.2804426634668,-372.7190045724267,1023.3308252615915,502.89835425076774,-2922.1569206209333,-2538.1271781237074,652.6474933161037,-1626.7169682569152
117.59383006120814,32.45790826584514,-265.2701610169189,-713.603422095768,-174.30171589359975,-55.93470080652095,405.79364320800346,-253.33370133457495,1145.1500943900332,673.1645025181259,1.6621574615416888,-433.96317424202385,255.55816759576882,418.2930611978927,65.34575556244474,-68.39976045199755,435.1029037712679,144.5806269841802,282.19513717852243,-406.71015263812444,406.0733242227623,213.87552091724976,185.94687008339835,-587.6494850317014,-861.5493837475187,-504.4909075393406,-68.94202650875464,-14.39490069178453,-930.1596892496298,-435.7054232713249,-391.345232997618,93.662711864036993,-328.4928915015332,-187.78642265877747,-768.6337563531819,104.50857923873022,-200.78281565420878,-124.13887048174158,339.75955933878447,166.8939272015256,-969.9366835268248,-841.9476746452992,216.48133827424772,-539.5627147992203
230.27181344738702,63.13561533891356,-518.8766162142327,-1397.0715967485603,-340.7593434539064,-108.91391239354996,794.3592818378261,-494.875685064167,2241.9503075859566,1316.739434596578,2.7851615250911967,-849.1053010734718,499.09413286234815,819.9511772550109,129.7955574605238,-133.73664165133292,851.9066715563789,282.19513717852243,554.5515712882146,-796.8667043501703,794.8611559364662,419.00679051982064,364.5293399327887,-1151.6680187706245,-1687.1216690715244,-987.6071163397555,-133.58893785649352,-24.135223652231996,-1821.9568022912051,-853.0806906868078,-766.5475281804919,183.3409487128366,-644.1837280147571,-370.6797098323046,-1503.8952889762134,204.0170328164858,-396.1878006968937,-241.0726592889358,664.3492537230073,326.6593806600013,-1897.6498462396066,-1649.4666404267932,424.15284069849235,-1057.2895268179807
-331.4080213856216,-91.12143493939368,747.1312377063527,2010.8307951799443,490.7855766103358,157.12954585846794,-1143.4056192094156,712.9734647483649,-3226.901446846243,-1895.9332224096404,-4.312743969437402,1222.4490925420175,-719.1338220118363,-1179.5357314077391,-185.6426130793371,192.61424576780425,-1226.1311005841546,-406.71015263812444,-796.8667043501703,1146.5718013166522,-1144.1375554368103,-602.9146740500407,-524.3617464480462,1656.875243119417,2428.064385376094,1421.5325372920354,193.1484076609999,37.28850370080474,2621.8056556743686,1227.817690497569,1103.0621539171507,-263.9115384406496,926.5009476276108,531.6181631740208,2165.1672259902516,-294.03194162675334,568.2803726983436,348.2188161473531,-956.7299373107022,-470.2150493615177,2732.1395579196605,2373.4043829385555,-610.3021102736175,1521.1755693248688
330.7330372618697,91.03548746343755,-745.7184545529074,-2006.8297846479452,-489.8749929921785,-156.94611335981526,1141.133521772999,-711.7721746718764,3220.4355327456487,1892.4061162923979,4.385433720225368,-1220.1105536070015,717.947661022233,1176.95963978504,184.89730951496537,-192.24537526564333,1223.6544092911467,406.0733242227623,794.8611559364662,-1144.1375554368103,1141.904302246992,601.6398749898461,523.2271916491948,-1653.3314047275262,-2423.125729572146,-1418.7064250347948,-193.0458310322145,-38.032324214575944,-2616.390090128014,-1225.3502362077716,-1100.7937667807928,263.3788406347991,-924.4582976001502,-529.9377833250574,-2161.0311908148733,293.53614398371025,-566.532224582822,-347.9209662217149,954.9910401441884,469.29955315403055,-2726.92435646136,-2368.4454371291486,608.9869486585638,-1517.9606468472575
174.26927801512772,47.9192040155208,-392.8815627222306,-1057.3858652355495,-258.0843247685261,-82.63131388253016,601.2564714896987,-374.92526756859894,1696.8535552520732,996.9789404042359,2.273650685702123,-642.8245846185744,378.16625137138476,620.2440051879692,97.59978443775968,-101.28865180449783,644.7558736121591,213.87552091724976,419.00679051982064,-602.9146740500407,601.6398749898461,317.03812893963214,275.72764190763206,-871.2481184293204,-1276.783511520372,-747.5075794545515,-101.58049880744932,-19.650243443904255,-1378.6553477702041,-645.6420430377798,-580.035718834262,138.7776732486016,-487.18384579781383,-279.5176559432231,-1138.553281692513,154.62336412617523,-298.79460306524857,-183.12976234177333,503.10064161918,247.26091908452074,-1436.6981155541225,-1248.0323064782458,320.92320628271284,-799.8926764770554
151.55638126436511,41.6552153625316,-341.63869225221,-919.5780352760652,-224.40141274269374,-71.82959048147632,522.8803760717939,-325.99145652164754,1475.6823528268178,866.9755903386297,1.9405598677055558,-559.0111689833797,328.8001294327878,539.4621581184354,84.99752927383314,-88.06495104595918,560.7189491197977,185.94687008339835,364.5293399327887,-524.3617464480462,523.2271916491948,275.72764190763206,239.8271361323804,-757.7702001172934,-1110.3945872120423,-650.0750924087627,-88.25502580080341,-16.833624647224845,-1199.027972046926,-561.4952210941638,-504.4662270200826,120.68266738701541,-423.7660586712907,-243.27544610086497,-990.1026357191786,134.41974760804268,-260.05392242897057,-159.13750254231906,437.4790750877526,215.03259428712886,-1249.3571459019286,-1085.4436218638375,279.101251420852,-695.705426152561
-478.89822984844227,-131.65393533920124,1079.5904644277655,2905.744456524071,709.1478258200408,227.02132280769595,-1652.253626024708,1030.1952967695374,-4662.991518511211,-2739.6305091206787,-6.186184088913188,1766.4527922576706,-1039.0841972877556,-1704.5469261751534,-268.40425080154836,278.3057802973138,-1771.806307233532,-587.6494850317014,-1151.6680187706245,1656.875243119417,-1653.3314047275262,-871.2481184293204,-757.7702001172934,2394.3470154596025,3508.679195120204,2054.1664719433006,279.0038171047309,53.57486435790573,3788.692105948798,1774.2516231950515,1594.0074879976428,-381.35329942706716,1338.9310413197888,768.4377523920562,3128.688550691172,-424.82467053574214,821.4356325794288,503.0406997736375,-1382.4551774485137,-679.4794052371122,3947.9472181518536,3429.7582504431043,-881.915971477813,2198.244609183132
-701.845230634258,-193.0898882205855,1582.3902464795667,4258.588422059106,1039.4897830161574,332.9240555706864,-2421.5396746572656,1510.2165927772894,-6833.975792543273,-4015.5436880577486,-9.23593533551584,2589.047152944508,-1523.2929161988482,-2497.784205948754,-392.707719708388,407.94615689378077,-2596.695665139713,-861.5493837475187,-1687.1216690715244,2428.064385376094,-2423.125729572146,-1276.783511520372,-1110.3945872120423,3508.679195120204,5142.0989122141045,3010.5646890639687,409.3899981551724,79.94866859296343,5552.294067481646,2600.2780984681167,2336.0021246125907,-558.9163661069887,1961.9216894696513,1125.1321500382755,4585.65622959124,-622.82859776508,1202.7765755556868,737.9389075453669,-2026.383173727925,-995.8557439889074,5786.472216411093,5026.174512017517,-1292.4068254351057,3221.3566226093535
-410.91293933202854,-113.08453849463318,926.495146371441,2493.3215835933015,608.6384529410135,194.96998263238555,-1417.772009758435,884.2917163463974,-4001.1577588734467,-2351.120036345632,-5.444985741462757,1515.8777708743858,-891.9595117973724,-1462.3187704787167,-229.7705371135931,238.85805790202542,-1520.307685452927,-504.4909075393406,-987.6071163397555,1421.5325372920354,-1418.7064250347948,-747.5075794545515,-650.0750924087627,2054.1664719433006,3010.5646890639687,1762.6329202882966,239.80365628895512,47.1400722448145,3250.685111715478,1522.4062109858082,1367.6537259433285,-327.23586361578646,1148.5810431231937,658.4939936037414,2684.8876864246026,-364.6997344475112,703.9489028101033,432.20996636260037,-1186.4757800055904,-583.0614418031041,3387.9693713375223,2942.636096182705,-756.6494919604684,1885.9651595093371
-55.88006305948796,-15.534082565426514,126.20208522848816,339.1783942680958,82.969514332985,26.740567924803464,-192.89911240329192,120.6930959570416,-544.2882231886897,-320.2601695032861,-0.9106720997994838,206.3924817120984,-121.78751264792355,-198.54747374233062,-30.575517912860153,32.55530546579644,-206.7846127513901,-68.94202650875464,-133.58893785649352,193.1484076609999,-193.0458310322145,-101.58049880744932,-88.25502580080341,279.0038171047309,409.3899981551724,239.80365628895512,33.128357735214294,7.89262447000677,441.8688546340818,207.07371982600557,185.90868283090728,-44.52421991927274,155.85774013321875,88.46668494145418,365.5703603434956,-49.82251447992501,94.62828968419221,59.51355864318833,-161.7024661030069,-79.34633714177676,461.33978075019553,399.88819890346826,-102.80542006836362,256.20980907730154
-10.919155601588999,-3.4599990572198256,25.234207109016033,66.57612403503796,16.77018628533254,5.844607698003159,-37.95646932251324,24.787021887536465,-106.82531867198719,-64.02981780017745,-0.6490764804823543,41.00892650752604,-25.140786754111662,-37.93817683862334,-4.130577301738927,6.565587254361235,-40.51266294150421,-14.39490069178453,-24.135223652231996,37.28850370080474,-38.032324214575944,-19.650243443904255,-16.833624647224845,53.57486435790573,79.94866859296343,47.1400722448145,7.89262447000677,5.612407470642505,85.8107905489807,40.575972453958634,36.1064469995442,-8.767450420601975,29.5193568231261,14.315584002893548,72.67255299584913,-10.366308041940359,15.461031988890875,13.652765203872137,-32.565933035034774,-15.65543052946436,91.8216428702349,77.3619657750518,-19.84430524208709,49.33713102203179
-757.8315535316902,-208.44325760732576,1708.5422917272008,4598.268071817593,1122.3315568664293,359.4066637204451,-2614.6735178384383,1630.5364757224913,-7379.065001107567,-4335.692750580867,-9.90879129183797,2795.493582978467,-1644.6381669669308,-2697.1405856647493,-424.2688677106374,440.45659993989864,-2803.819915101881,-930.1596892496298,-1821.9568022912051,2621.8056556743686,-2616.390090128014,-1378.6553477702041,-1199.027972046926,3788.692105948798,5552.294067481646,3250.685111715478,441.8688546340818,85.8107905489807,5995.276857076959,2807.6908388933466,2522.3797754616608,-603.4895476721721,2118.55271716344,1215.260367983182,4951.303932609637,-672.4237526543737,1299.1117501505237,796.5490881747402,-2187.9095486309247,-1075.2796469929015,6247.849644219807,5427.220145859708,-1395.5253177840623,3478.425331959186
-354.91244376544296,-97.65843322631328,800.2106046682559,2153.5141314853086,525.6731231689396,168.3773188724955,-1224.544741290278,763.7367675827711,-3455.852607173212,-2030.6520014885764,-4.686900089584155,1309.2658903219678,-770.3543148624004,-1263.0596865051875,-198.5195358684659,206.2984949057549,-1313.1123649541828,-435.7054232713249,-853.0806906868078,1227.817690497569,-1225.3502362077716,-645.6420430377798,-561.4952210941638,1774.2516231950515,2600.2780984681167,1522.4062109858082,207.07371982600557,40.575972453958634,2807.6908388933466,1314.92501822184,1181.272600449286,-282.6372126999932,992.0809156377036,568.8545920364944,2318.940619427302,-314.9762101491782,608.1169440394624,373.2375372180753,-1024.7464341358705,-503.59463727049587,2926.189657595571,2541.631434622032,-653.5401789493728,1628.9648876805757
-318.8404755279017,-87.70097788475167,718.8277778960078,1934.6226789469613,472.18938145932975,151.21553522839477,-1100.065053826351,686.0127512252993,-3104.5730989315666,-1824.1539540944561,-4.166176925722359,1176.143484891305,-691.9469443955934,-1134.7579256964357,-178.50141098360552,185.30899641900024,-1179.6417047450188,-391.345232997618,-766.5475281804919,1103.0621539171507,-1100.7937667807928,-580.035718834262,-504.4662270200826,1594.0074879976428,2336.0021246125907,1367.6537259433285,185.90868283090728,36.1064469995442,2522.3797754616608,1181.272600449286,1061.2388822729274,-253.90177437991906,891.3389112979567,511.29034685856186,2083.1530465755272,-282.9010714800134,546.5723800556528,335.13253389081854,-920.515916059702,-452.4020186357571,2628.6420613839136,2283.384034781786,-587.128764875571,1463.4732995696615
76.28667633544407,20.992798781972436,-172.01091399393763,-462.8849331562368,-113.00403435509708,-36.19607366486413,263.21292950491426,-164.17448967538766,742.8258270968744,436.48664697232937,1.016202630541154,-281.4259335572537,165.59764369412216,271.4807792453651,42.648905545418394,-44.34929331958891,282.25051519452893,93.662711864036993,183.3409487128366,-263.9115384406496,263.3788406347991,138.7776732486016,120.68266738701541,-381.35329942706716,-558.9163661069887,-327.23586361578646,-44.52421991927274,-8.767450420601975,-603.4895476721721,-282.6372126999932,-253.90177437991906,60.75538226343333,-213.225146114202,-122.23946129759518,-498.4559424944525,67.71683850000998,-130.67364471079142,-80.24770796293306,220.27276980558983,108.24452680305946,-628.9900281811024,-546.2975792658357,140.4795470600379,-350.1244082239744
-267.77976287543095,-73.577142207232,603.5968937274262,1624.7576495485455,396.45384256625385,126.88070533465779,-923.8455798759426,575.9172752186962,-2607.306746779034,-1531.754470297251,-3.4012276305174995,987.6618886646885,-580.8732491013287,-953.2032259415885,-150.28111971695347,155.58619379694457,-990.7082285289364,-328.4928915015332,-644.1837280147571,926.5009476276108,-924.4582976001502,-487.18384579781383,-423.7660586712907,1338.9310413197888,1961.9216894696513,1148.5810431231937,155.85774013321875,29.5193568231261,2118.55271716344,992.0809156377036,891.3389112979567,-213.225146114202,748.7929019899792,429.99804025360226,1749.3123999121133,-237.46373335071075,459.64799692352864,281.06443577404116,-772.914356822533,-379.9265982201692,2207.355077290003,1917.878720019739,-493.14497973510936,1229.2606619135618
-153.56515228001396,-41.91516886156688,345.78108209822875,931.5467878157391,227.0083063636969,72.35951111408818,-529.630319127125,329.4967019525826,-1494.9140829031821,-877.4699213824729,-1.6544039817842036,565.9550881938543,-332.24903038100246,-547.188609327581,-87.36431433357718,89.10180814069128,-568.0771750238164,-187.78642265877747,-370.6797098323046,531.6181631740208,-529.9377833250574,-279.5176559432231,-243.27544610086497,768.4377523920562,1125.1321500382755,658.4939936037414,88.46668494145418,14.315584002893548,1215.260367983182,568.8545920364944,511.29034685856186,-122.23946129759518,429.99804025360226,248.49999404530163,1002.3773427894586,-135.78496185548656,265.5320983143269,159.88184627398567,-442.61766754042725,-217.775579587199,1264.778258115052,1100.337019201892,-282.9726716802103,705.4017067328202
-625.8986384523931,-172.341964552051,1411.3506819120876,3797.872759545901,927.188534488002,297.11020696193594,-2159.593629785768,1347.2031441059503,-6094.628105186504,-3581.519157135512,-8.392630120782043,2309.117765994178,-1358.9122027333585,-2227.2069474738455,-349.59089397697414,363.867500144049,-2315.7411464544025,-768.6337563531819,-1503.8952889762134,2165.1672259902516,-2161.0311908148733,-1138.553281692513,-990.1026357191786,3128.688550691172,4585.65622959124,2684.8876864246026,365.5703603434956,72.67255299584913,4951.303932609637,2318.940619427302,2083.1530465755272,-498.4559424944525,1749.3123999121133,1002.3773427894586,4089.8637107678746,-555.6390457905591,1071.604063379459,658.7707827234245,-1807.4376925784895,-888.1474211604434,5160.882676701094,4482.033864160762,-1152.4664190508586,2872.532986410204
85.0120357439773,23.45111755584808,-191.77072445590625,-515.8584681152587,-126.01823115964069,-40.42239907362228,293.35446345069533,-183.1250228418093,827.8500069594888,486.60664694953203,1.206193050127203,-313.7078189737731,184.73117433440532,302.4057003449722,47.255321070331206,-49.45775125024282,314.5484415669673,104.50857923873022,204.0170328164858,-294.03194162675334,293.53614398371025,154.62336412617523,134.41974760804268,-424.82467053574214,-622.82859776508,-364.6997344475112,-49.82251447992501,-10.366308041940359,-672.4237526543737,-314.9762101491782,-282.9010714800134,67.71683850000998,-237.46373335071075,-135.78496185548656,-555.6390457905591,75.56280358949002,-145.16896643444932,-89.72063857543999,245.60318035221752,120.64291758580995,-701.1705593994749,-608.6545037365814,156.51888671027555,-390.05244165803265
-164.1609681497233,-44.830725045186696,369.66105088577996,995.854177962088,242.68409088969685,77.38180410676397,-566.1877936901994,352.2841944058858,-1598.0922688984301,-938.0933431041003,-1.7806929020992623,605.0406227552818,-355.23086455976573,-584.9130470528457,-93.322695501867,95.24943066262372,-607.2804426634668,-200.78281565420878,-396.1878006968937,568.2803726983436,-566.532224582822,-298.79460306524857,-260.05392242897057,821.4356325794288,1202.7765755556868,703.9489028101033,94.62828968419221,15.461031988890875,1299.1117501505237,608.1169440394624,546.5723800556528,-130.67364471079142,459.64799692352864,265.5320983143269,1071.604063379459,-145.16896643444932,283.7464407451526,170.99419471139208,-473.20385479147296,-232.81388500443046,1352.1233025839604,1176.2480263808748,-302.4794359822175,754.0617852978321
-100.72496560718817,-27.938892392168086,227.4019752835869,611.3295724958505,149.47878075870523,48.11158015644395,-347.6668585297031,217.38148035214797,-981.0237121051539,-577.0657710435514,-1.5769498465166176,371.92930060446935,-219.3338648999128,-358.007271296513,-55.372289234981835,58.654821329117574,-372.7190045724267,-124.13887048174158,-241.0726592889358,348.2188161473531,-347.9209662217149,-183.12976234177333,-159.13750254231906,503.0406997736375,737.9389075453669,432.20996636260037,59.51355864318833,13.652765203872137,796.5490881747402,373.2375372180753,335.13253389081854,-80.24770796293306,281.06443577404116,159.88184627398567,658.7707827234245,-89.72063857543999,170.99419471139208,106.988560974157,-291.3338266234012,-143.00070834106896,831.3372866097459,720.912514317152,-185.34648124456416,461.9223598674227
276.58307034479964,76.20547702659462,-623.7348191862735,-1678.3041576875787,-409.7820304913551,-131.36163907139863,954.3475870231626,-595.4591261564119,2693.2507483960585,1582.8264471203515,3.760002613417825,-1020.4685877384326,600.6487907855502,984.1008153424317,154.2784780697869,-160.8132030134905,1023.3308252615915,339.75955933878447,664.3492537230073,-956.7299373107022,954.9910401441884,503.10064161918,437.4790750877526,-1382.4551774485137,-2026.383173727925,-1186.4757800055904,-161.7024661030069,-32.565933035034774,-2187.9095486309247,-1024.7464341358705,-920.515916059702,220.27276980558983,-772.914356822533,-442.61766754042725,-1807.4376925784895,245.60318035221752,-473.20385479147296,-291.3338266234012,798.8105428590594,392.487269038954,-2280.764912715005,-1980.5132475719531,509.2424238526856,-1269.2851246335183
135.9243244565671,37.41593086688245,-306.4793442411407,-824.7674424761298,-201.33339648795828,-64.5050930799917,468.9841588513706,-292.53152245496767,1323.5374163300216,777.7483489484744,1.805841509851927,-501.44459198347346,295.0699750045339,483.7016806240831,75.97767371885992,-79.01086846639222,502.89835425076774,166.8939272015256,326.6593806600013,-470.2150493615177,469.29955315403055,247.26091908452074,215.03259428712886,-679.4794052371122,-995.8557439889074,-583.0614418031041,-79.34633714177676,-15.65543052946436,-1075.2796469929015,-503.59463727049587,-452.4020186357571,108.24452680305946,-379.9265982201692,-217.775579587199,-888.1474211604434,120.64291758580995,-232.81388500443046,-143.00070834106896,392.487269038954,192.87329467988192,-1120.7216392746539,-973.3776047486934,250.28132343234918,-623.8458277409203
-789.799757190545,-217.47861735191438,1780.9542870351452,4792.397872446741,1170.0136261799742,374.9258899824302,-2725.122341551932,1700.0203347079816,-7690.608487168271,-4519.418581039133,-10.60995670989209,2913.809003103687,-1714.7998338376938,-2810.4106607824338,-441.08093596287097,459.16535729284715,-2922.1569206209333,-969.9366835268248,-1897.6498462396066,2732.1395579196605,-2726.92435646136,-1436.6981155541225,-1249.3571459019286,3947.9472181518536,5786.472216411093,3387.9693713375223,461.33978075019553,91.8216428702349,6247.849644219807,2926.189657595571,2628.6420613839136,-628.9900281811024,2207.355077290003,1264.778258115052,5160.882676701094,-701.1705593994749,1352.1233025839604,831.3372866097459,-2280.764912715005,-1120.7216392746539,6512.382450658785,5655.686623212758,-1454.2604611487382,3624.715502580951
-686.0218611871999,-188.6589402431382,1546.598514455081,4162.524737835106,1015.936146143791,325.3026041401474,-2366.893409110294,1475.9360685381018,-6679.804251012247,-3924.7420696924755,-8.93216912260303,2530.5469525261956,-1488.692040005658,-2441.631962233585,-384.2108709403975,398.7038214230156,-2538.1271781237074,-841.9476746452992,-1649.4666404267932,2373.4043829385555,-2368.4454371291486,-1248.0323064782458,-1085.4436218638375,3429.7582504431043,5026.174512017517,2942.636096182705,399.88819890346826,77.3619657750518,5427.220145859708,2541.631434622032,2283.384034781786,-546.2975792658357,1917.878720019739,1100.337019201892,4482.033864160762,-608.6545037365814,1176.2480263808748,720.912514317152,-1980.5132475719531,-973.3776047486934,5655.686623212758,4913.0116966047635,-1263.3051425438227,3148.8761548148414
176.40192581802745,48.49585463579586,-397.6871756266227,-1070.3122903398598,-261.24666957777595,-83.6311147601662,608.6107304719516,-379.4984267673103,1717.6146641851178,1009.1492943019451,2.30135321786472,-650.6793938320685,382.7761247362208,627.8464726927579,98.81331814294919,-102.53184191364538,652.6474933161037,216.48133827424772,424.15284069849235,-610.3021102736175,608.9869486585638,320.92320628271284,279.101251420852,-881.915971477813,-1292.4068254351057,-756.6494919604684,-102.80542006836362,-19.84430524208709,-1395.5253177840623,-653.5401789493728,-587.128764875571,140.4795470600379,-493.14497973510936,-282.9726716802103,-1152.4664190508586,156.51888671027555,-302.4794359822175,-185.34648124456416,509.2424238526856,250.28132343234918,-1454.2604611487382,-1263.3051425438227,324.8638477843952,-809.6805661703846
-439.6813906924767,-120.89205516259831,991.2018357912875,2667.8136874167803,651.0896353795672,208.45676731743094,-1516.9619017669538,945.8790358803402,-4281.160241790004,-2515.3478209650384,-5.693320398969587,1621.8275429857965,-954.0456342738731,-1564.9297706811137,-246.3586581428982,255.51875491373366,-1626.7169682569152,-539.5627147992203,-1057.2895268179807,1521.1755693248688,-1517.9606468472575,-799.8926764770554,-695.705426152561,2198.244609183132,3221.3566226093535,1885.9651595093371,256.20980907730154,49.33713102203179,3478.425331959186,1628.9648876805757,1463.4732995696615,-350.1244082239744,1229.2606619135618,705.4017067328202,2872.532986410204,-390.05244165803265,754.0617852978321,461.9223598674227,-1269.2851246335183,-623.8458277409203,3624.715502580951,3148.8761548148414,-809.6805661703846,2018.212345314791
