V1,V2,V3,V4,V5,V6,V7,V8,V9,V10,V11,V12,V13,V14,V15,V16,V17,V18,V19,V20,V21,V22,V23,V24,V25,V26,V27,V28,V29,V30,V31,V32,V33,V34,V35,V36,V37,V38,V39,V40,V41,V42,V43,V44
3.4344018463861072,-1.04883109259969,-0.16807801950780007,0.5778340804612138,-1.9614925630805666,1.8529006571877467,-0.3358014079534954,-3.8443707128202202,0.7469566298334622,4.229819186801813,-0.2296535564403971,1.8035585323610897,-4.190192268845772,-3.402406432930749,0.1336518018653839,0.042392901338545,-0.7139247367797393,-1.2838216251175922,2.1479145703817903,-3.517070116948266,0.1332452422242793,0.6615574065354367,-3.924578319650528,0.9162895843776745,1.8028230138530292,1.8952543378768678,1.1973279919882542,-3.9712502636785882,-2.153655062209264,2.0925920424762503,1.4388329785912382,1.506749556291042,2.9534721876253007,-0.3232364900810931,-1.3982842542192575,3.322454437077069,1.6004897904141417,-0.7570812027592717,1.7474640563672574,3.4748506505151893,-0.763543255422943,-0.9742687449507735,3.7328420844262107,3.7647830665054793
-1.04883109259969,0.5667683445915895,-0.03316897857079648,-0.2233007057260069,0.5230580457232081,-0.7360227196548224,0.32348757773223435,1.2671076462575743,-0.2134737242043484,-1.5095551762593047,0.2323378986321428,-0.6547248396066385,1.7210813906679208,1.1036130200025314,-0.2801426827682207,0.012427974697858515,0.14861999711660573,0.7152246277483261,-1.010177213428806,1.2559601227461354,0.029870929380365653,-0.23426428410091418,1.3770895103962777,-0.2611163787680868,-0.5508141156820778,-0.748730817965359,-0.39121443488911334,1.2486533510506084,0.7559331406428155,-0.5706321663570105,-0.4758575679353789,-0.30012087898839085,-0.8137395673728238,0.5825847558931508,0.13870685391250298,-1.1696212152315428,-0.24433212093333007,0.058082167938861715,-0.6482746349667803,-1.1883682159758997,0.19633216851833402,0.3921134268390309,-1.1986569674443877,-1.4426813757558743
-0.16807801950780007,-0.03316897857079648,0.2815336072442951,0.041496755658132246,0.20701705829869854,0.024475325311345775,-0.02537272421192363,-0.038135142172127025,-0.10693478393925998,-0.016356450381555317,-0.023006916713813077,-0.0020670407216239906,-0.37261697898827495,0.0853374429894858,0.2819208710703244,0.011453884755217919,0.028306126139487214,-0.13787859949747003,0.21357522739513166,0.007233389219680423,-0.1354221864634721,0.06442893102964278,-0.06919858189158591,-0.023487901691966115,0.09744276859210542,0.09564932369912027,0.35367274553682093,0.28737923655653935,-0.07608093095438376,0.11733177051830114,0.039338581282436905,0.15557576701623782,0.12854466314165497,-0.3662077211965672,0.16576805884965118,0.14895102193409554,-0.13024219527474584,0.3161303379981648,-0.11696791382670091,0.23601680466858244,0.2401389817038716,0.024444349114451567,0.04407483174877687,0.08652439012721455
0.5778340804612138,-0.2233007057260069,0.041496755658132246,0.4767380473475198,-0.20204171600397486,0.3064332057676232,-0.2491290036013696,-0.4163303349016918,-0.19428611410392926,0.29306606218019005,0.016739367379905296,0.40814529378381037,-0.7001172602826798,-0.5705309454655151,0.03595230434197315,-0.025867151387509293,-0.1731844429892135,-0.11023019425457359,0.21750065008647157,-0.30697856707805365,-0.05495303879014835,-0.08907856604731414,-0.5867014361426218,0.32832733000920655,0.6137413309944023,0.36160774310832366,0.15805671504043797,-0.5048956255001014,0.11430979832474623,0.4565204154410476,0.22068016994200784,0.06631443663578765,0.5505487281472159,-0.05315276959755008,0.07020887016925013,0.4184055661682389,0.223445007534296,-0.03286547889170886,0.19625955046174337,0.35310204383014293,0.25740663272354686,0.11287220168549186,0.40340555514720516,0.5459736163925523
-1.9614925630805666,0.5230580457232081,0.20701705829869854,-0.20204171600397486,1.2772240693941272,-0.9417853704311292,0.12944349465029137,2.2449562495068225,-0.4172567458960542,-2.4753722274480583,0.09786421881609772,-0.9622578898815483,2.1422642067967708,2.0449058620753062,0.15836083634423118,-0.04153893114406314,0.4073974597542183,0.6665753976495994,-1.0025949119350295,2.0175197386935184,-0.09674055841195744,-0.4012005691342028,2.2255056991587554,-0.5667492189712305,-0.9566121510184276,-1.063182194467968,-0.5173489441695543,2.5865322326584863,1.2334107350933154,-1.1308754833119623,-0.8805066925552939,-0.8647014950488358,-1.6711957079269435,-0.17272033977140844,0.9474042062594836,-1.8399285384242008,-1.1375976558929897,0.6617422441121649,-1.000880873470804,-1.948326028585333,0.6570181494600698,0.5109769000080188,-2.104488260385706,-2.2224361260017083
1.8529006571877467,-0.7360227196548224,0.024475325311345775,0.3064332057676232,-0.9417853704311292,1.3439235690158124,-0.2972829414412975,-2.243068612862873,0.4375868536876269,2.6322064427367557,-0.344524710581236,1.2035750808301213,-2.851526384641526,-1.9365463834671546,0.38567936994120045,0.11893749171937411,-0.5012420242622996,-1.0840329743680623,1.660393962381992,-2.1098436576822683,-0.009922924464031322,0.5276275162178184,-2.406571940139759,0.48890226393811576,0.9764987441238578,1.2487213513181583,0.866588798324623,-2.0001562691058346,-1.4462809292527867,1.2522690883667578,0.9347077491734342,0.9324735420020528,1.6546406815404424,-0.7125355057546692,-0.6066521814600637,2.11342684809457,0.6758031342989044,-0.22151643389032408,1.07311359160719,2.1418959370540134,-0.25040888548460455,-0.6304085133046643,2.344815429160301,2.4267343397720995
-0.3358014079534954,0.32348757773223435,-0.02537272421192363,-0.2491290036013696,0.12944349465029137,-0.2972829414412975,0.35914299114082215,0.2962267881380006,0.12203543745672842,-0.39878899590432465,0.1433379757253475,-0.34484449043649945,0.6536794064922528,0.42209265608827806,-0.13157808870728177,-0.02166342173043927,0.019868144138712452,0.29299930635438654,-0.3128394502268004,0.2386951459660653,0.09215795488039949,-0.010511450395774098,0.46471568135975716,-0.2032292712106654,-0.29468222335668626,-0.34018878368032207,0.004148564184781364,0.4417813406453082,0.026197943203019547,-0.19436734295291525,-0.2304025154346566,0.13749988084821432,-0.2496008165187126,0.2992034029487648,-0.1943023870106534,-0.35243915727501046,-0.025928640975378087,0.004064642049487687,-0.2262975759725061,-0.25586128391283697,-0.07464846659014403,-0.03557279317056864,-0.2987948072860006,-0.6166571528738584
-3.8443707128202202,1.2671076462575743,-0.038135142172127025,-0.4163303349016918,2.2449562495068225,-2.243068612862873,0.2962267881380006,5.547627809862651,-1.0995697476474897,-6.224668801644582,0.31777085848354414,-1.9238472925859564,5.549370091866228,4.456957640092409,-0.025018247424934328,0.04483509760474845,0.8577973491370188,1.8600007788431323,-2.616114272441807,4.5626093164605575,-0.06802356233863317,-0.9953980140590437,5.326684760443273,-1.3424499118587423,-2.186098184702045,-2.5109361882295413,-1.5410082523464987,6.211345543883309,2.9363677235738788,-2.5666277904286727,-1.9395720162604793,-2.2346556077250033,-4.048300544962044,0.14769898516598767,1.850651406689337,-4.801751735043345,-2.8411814069876407,1.1551825272213396,-2.522620849871163,-4.9846090342874945,1.3841323482067545,1.0940015787636814,-4.739867566586381,-5.3808593586411355
0.7469566298334622,-0.2134737242043484,-0.10693478393925998,-0.19428611410392926,-0.4172567458960542,0.4375868536876269,0.12203543745672842,-1.0995697476474897,0.7954327596810529,1.4364197216785932,-0.05108500335904321,0.16471777885441993,-0.9052260356077337,-0.5648408276809104,0.06314791417935829,-0.017781167160409395,0.0326825931932506,-0.20667316604416974,0.605972049843194,-0.9061051238244208,0.22059118886731546,0.26394718156773606,-0.8691346666948152,0.0012964040245643617,0.013501230333795959,0.17522338927268538,0.2630921360519477,-1.0651197071098222,-0.9244938495110797,0.31891600656444447,0.14695834178045758,0.46443709276807177,0.6360340420949145,-0.1392326593718972,-0.7265780636787653,0.9673027182552899,0.452707270298315,-0.2650927563414715,0.6653941648475376,0.951573586518726,-0.6437667224387585,-0.5625893404017182,0.9790085778524171,0.6659453111226459
4.229819186801813,-1.5095551762593047,-0.016356450381555317,0.29306606218019005,-2.4753722274480583,2.6322064427367557,-0.39878899590432465,-6.224668801644582,1.4364197216785932,7.271001594571883,-0.5028435191148636,2.188954549835584,-6.264127953707464,-4.919533672041385,0.11809066419568641,0.005855547792469279,-0.8992428676826308,-2.2201580539376575,3.0780668626206595,-5.094750529810447,0.10209403968408813,1.2273529171096917,-5.969346449824923,1.4230125795487776,2.2082471410410167,2.7933301006712954,1.5983194915182175,-7.001573873244118,-3.4901409473720513,2.7490868420824786,2.1989080478608622,2.3940884264979285,4.397126545465271,-0.36781182482838254,-2.0977734384308055,5.467081776097135,3.114992765123215,-1.3342226129034376,2.983190098106519,5.586672935316476,-1.7345323101657997,-1.341181308989006,5.39969712691735,6.132926186699783
-0.2296535564403971,0.2323378986321428,-0.023006916713813077,0.016739367379905296,0.09786421881609772,-0.344524710581236,0.1433379757253475,0.31777085848354414,-0.05108500335904321,-0.5028435191148636,0.21155177038219775,-0.28362168545803385,0.6494801272463245,0.2933724109136318,-0.23060137537083647,-0.05925345511639383,0.09011355422932271,0.4277773577698124,-0.5253243146240455,0.44113558493505123,0.04875249962075702,-0.16643473366384387,0.42372576205307955,-0.002697611115192677,-0.048972939555502124,-0.2981183360742018,-0.15035551404651307,0.14495550515692227,0.36368589333125867,-0.12026675498819328,-0.199120140110941,-0.0723649329416112,-0.09662934701144996,0.454201486676486,-0.07991181528644192,-0.35518145949541957,0.14814443667702704,-0.08464053465908844,-0.1879319983163056,-0.3545962872771521,-0.0024663007462631197,0.18832019633470173,-0.43235127321772016,-0.5380584686933662
1.8035585323610897,-0.6547248396066385,-0.0020670407216239906,0.40814529378381037,-0.9622578898815483,1.2035750808301213,-0.34484449043649945,-1.9238472925859564,0.16471777885441993,2.188954549835584,-0.28362168545803385,1.24480940353904,-2.540052000912639,-1.8707458892439102,0.2954218503721808,0.1620183000073168,-0.524027471148119,-0.9215414891847558,1.3927839768454746,-1.8228662307715497,-0.06727448087836864,0.44594006512594303,-2.1792796503433216,0.532861305960682,1.0616296642447924,1.2119917433780252,0.7748212834263124,-1.7436014947133887,-1.1580141156101411,1.264120572929984,0.9592799640105417,0.8029902066212217,1.584927780403538,-0.5245755493816981,-0.5107766936831067,1.814113702943098,0.6221354443819958,-0.22808885163536277,0.850570767447754,1.8628690589988546,-0.07230842836649466,-0.4303336941464033,2.1454756865968982,2.2458327016313957
-4.190192268845772,1.7210813906679208,-0.37261697898827495,-0.7001172602826798,2.1422642067967708,-2.851526384641526,0.6536794064922528,5.549370091866228,-0.9052260356077337,-6.264127953707464,0.6494801272463245,-2.540052000912639,6.930829095698358,4.572059982455031,-0.9570708663760146,-0.10437098040762816,0.9558250238749695,2.559251390870946,-3.830201832732365,5.09123946975182,0.1530987654420975,-1.2003012152939831,5.76201216157502,-1.1603994223938987,-2.455071405693863,-2.9940878034752587,-2.3126118686122816,5.0484543636705235,3.3986765432150654,-2.9320270570250573,-2.145169886518567,-2.317762631548542,-4.100841847346674,1.674176604386558,1.3273246291795617,-5.112670001039118,-1.7644046396943434,0.3242713006536216,-2.3954759576071987,-5.4269543236715405,0.66977607304588,1.4387570849387645,-5.349012755096185,-5.814761383820607
-3.402406432930749,1.1036130200025314,0.0853374429894858,-0.5705309454655151,2.0449058620753062,-1.9365463834671546,0.42209265608827806,4.456957640092409,-0.5648408276809104,-4.919533672041385,0.2933724109136318,-1.8707458892439102,4.572059982455031,3.960224666603376,0.10902080192087776,-0.041488134300346605,0.8798437997535932,1.563562900098642,-2.0703270321516314,3.7435867879736633,0.008368454563227844,-0.7596970231948085,4.484007088723646,-1.2932011403494268,-2.053683267942385,-2.2554255576906086,-1.139129814106089,5.153888669247351,2.171425457232252,-2.260902710825801,-1.7836967165871913,-1.7115391328683056,-3.37782655597834,-0.040796969912210684,1.3925108747053014,-3.8375758694799678,-2.341148365478375,1.071316184249911,-2.007491007636243,-3.943639040869882,0.9349769810588553,0.7087733905917847,-3.963059595323181,-4.652669337982546
0.1336518018653839,-0.2801426827682207,0.2819208710703244,0.03595230434197315,0.15836083634423118,0.38567936994120045,-0.13157808870728177,-0.025018247424934328,0.06314791417935829,0.11809066419568641,-0.23060137537083647,0.2954218503721808,-0.9570708663760146,0.10902080192087776,0.7659489364945565,0.0683140604147388,0.023243180973540185,-0.49583913997550666,0.952581950433444,-0.41863683139141566,-0.11160834066921288,0.19776107694736533,-0.22204337945836244,-0.293331253853839,0.01064827129691818,0.2299338648436851,0.633338980709858,0.9554893486747414,-0.5207912704214718,0.15901034282148427,0.0336139145529841,0.12814027858043145,-0.039444808199605184,-1.2252685469500102,0.29065841274049303,0.2385428270657078,-0.8573021646560025,0.6875070018594414,-0.08234950284803258,0.39071410718200694,0.3916383298041623,-0.40468924493353414,0.41859127671590396,0.1376630164583894
0.042392901338545,0.012427974697858515,0.011453884755217919,-0.025867151387509293,-0.04153893114406314,0.11893749171937411,-0.02166342173043927,0.04483509760474845,-0.017781167160409395,0.005855547792469279,-0.05925345511639383,0.1620183000073168,-0.10437098040762816,-0.041488134300346605,0.0683140604147388,0.19947215017506845,-0.05125122260556212,0.007118760310661518,0.06231978336175707,0.11282763513101225,-0.052318568401028775,0.13600315972338892,-0.04129409379778408,0.03285722376802176,-0.014594222333510582,0.04816609373943619,0.13056709301457142,0.2414926378886242,-0.15008815113567178,0.1939656028362776,0.18326671154783478,0.15100895904650652,0.14905781853026953,-0.05347243248068716,-0.14933741729529124,0.08184966510863485,0.0026667118374934288,-0.011190568567170333,-0.044567257207726696,0.036632763537301744,0.09699435498115877,0.03872394592395184,0.22504786364402327,0.1050349567625462
-0.7139247367797393,0.14861999711660573,0.028306126139487214,-0.1731844429892135,0.4073974597542183,-0.5012420242622996,0.019868144138712452,0.8577973491370188,0.0326825931932506,-0.8992428676826308,0.09011355422932271,-0.524027471148119,0.9558250238749695,0.8798437997535932,0.023243180973540185,-0.05125122260556212,0.4339858723670322,0.4042703703805981,-0.4882115442206836,0.8232219676282532,0.02813605516171871,-0.1812572317386988,0.9618905673896847,-0.30276425122680684,-0.527339431449336,-0.5524305829178673,-0.32687498376390534,0.8423645329573677,0.39610527862233896,-0.5777130470775098,-0.4326854788176187,-0.4779896765265764,-0.6869029416927855,-0.028302630632538423,0.22371908202282648,-0.7485355935630454,-0.43272072622598945,0.18600472007602156,-0.3327922263547347,-0.7929656965290344,-0.03496045307273624,0.08967254965761677,-0.9164280492774636,-1.0036530140841111
-1.2838216251175922,0.7152246277483261,-0.13787859949747003,-0.11023019425457359,0.6665753976495994,-1.0840329743680623,0.29299930635438654,1.8600007788431323,-0.20667316604416974,-2.2201580539376575,0.4277773577698124,-0.9215414891847558,2.559251390870946,1.563562900098642,-0.49583913997550666,0.007118760310661518,0.4042703703805981,1.3205567602181483,-1.658095135145824,2.0429972936433933,0.11543149823798365,-0.4856409877405932,2.015977330652799,-0.2628008306320027,-0.6905846041568063,-1.191081634946273,-0.761556422068156,1.5758633828833024,1.2885048470687048,-0.7676850628582377,-0.7388984127327872,-0.6571297122344679,-1.0177720207733902,0.9848558270063072,0.08450842764781455,-1.6789280871520316,-0.21011204635177946,-0.06768780802686641,-0.803556460877211,-1.8661705363102505,0.19738448820730134,0.6389988756849844,-1.8010405991078298,-2.2055049234117963
2.1479145703817903,-1.010177213428806,0.21357522739513166,0.21750065008647157,-1.0025949119350295,1.660393962381992,-0.3128394502268004,-2.616114272441807,0.605972049843194,3.0780668626206595,-0.5253243146240455,1.3927839768454746,-3.830201832732365,-2.0703270321516314,0.952581950433444,0.06231978336175707,-0.4882115442206836,-1.658095135145824,2.610072035002404,-2.94344126113866,-0.04935771430308383,0.7257811800199311,-2.839566421237125,0.19652461300934745,0.9847990358435471,1.536703141589019,1.434441644766425,-1.6317945309244137,-2.1134814293372326,1.3310048363991973,0.9474418565810945,1.1371625315649796,1.6416325122387232,-1.6961004362882288,-0.4511143404438473,2.462062436328094,0.029492740576577487,0.2902579815760928,1.115020455718624,2.752907873513858,-0.18288042431876558,-1.1736507905279367,2.849306843874628,2.7603316723739524
-3.517070116948266,1.2559601227461354,0.007233389219680423,-0.30697856707805365,2.0175197386935184,-2.1098436576822683,0.2386951459660653,4.5626093164605575,-0.9061051238244208,-5.094750529810447,0.44113558493505123,-1.8228662307715497,5.09123946975182,3.7435867879736633,-0.41863683139141566,0.11282763513101225,0.8232219676282532,2.0429972936433933,-2.94344126113866,4.565728000274023,-0.08570097281875122,-0.8997916904263985,4.550711939077707,-0.7641774106451251,-1.755724037762068,-2.2918853071627816,-1.5635805502408984,4.428187000961774,2.8266135552059697,-2.012939325678292,-1.515977359920411,-1.80422270743751,-2.9276867673794955,0.9216799887788575,1.2236291679643634,-3.845531395287523,-1.4249130822727432,0.517312302931071,-1.9678247983427977,-4.257579529178497,0.9802767440117889,1.4370300186344678,-4.181012843126207,-4.485157845349026
0.1332452422242793,0.029870929380365653,-0.1354221864634721,-0.05495303879014835,-0.09674055841195744,-0.009922924464031322,0.09215795488039949,-0.06802356233863317,0.22059118886731546,0.10209403968408813,0.04875249962075702,-0.06727448087836864,0.1530987654420975,0.008368454563227844,-0.11160834066921288,-0.052318568401028775,0.02813605516171871,0.11543149823798365,-0.04935771430308383,-0.08570097281875122,0.13429800398388272,-0.033352535290765734,0.02010987832933869,-0.05094269240961259,-0.08722591818437245,-0.11761740247259919,-0.11387560175405667,-0.15400552868311906,-0.061730574730843535,-0.06283722576560902,-0.10443547039660675,-0.01115110373881849,-0.030530253879832006,0.15084418849575434,-0.1921239624427339,-0.008376205725842408,0.06943507352156794,-0.13688044172944236,0.11375145549929944,-0.03835669440634921,-0.1969785447262249,-0.12381384230442762,0.02385644215094363,-0.14470587733884713
0.6615574065354367,-0.23426428410091418,0.06442893102964278,-0.08907856604731414,-0.4012005691342028,0.5276275162178184,-0.010511450395774098,-0.9953980140590437,0.26394718156773606,1.2273529171096917,-0.16643473366384387,0.44594006512594303,-1.2003012152939831,-0.7596970231948085,0.19776107694736533,0.13600315972338892,-0.1812572317386988,-0.4856409877405932,0.7257811800199311,-0.8997916904263985,-0.033352535290765734,0.37742718864876124,-1.000209993970327,0.1295016953030469,0.2554123716822985,0.5081942532509643,0.4968483335528834,-0.76355735652161,-0.8557197338663198,0.538124161212309,0.4687085158020842,0.576420703701432,0.729126461122521,-0.30374312713360124,-0.41970760127624723,0.9569058784223682,0.32586468959551795,-0.08307305759995964,0.39351445704311966,1.0404738317568971,-0.21339486967147542,-0.32561495635095583,1.0973341904884677,1.066204640049883
-3.924578319650528,1.3770895103962777,-0.06919858189158591,-0.5867014361426218,2.2255056991587554,-2.406571940139759,0.46471568135975716,5.326684760443273,-0.8691346666948152,-5.969346449824923,0.42372576205307955,-2.1792796503433216,5.76201216157502,4.484007088723646,-0.22204337945836244,-0.04129409379778408,0.9618905673896847,2.015977330652799,-2.839566421237125,4.550711939077707,0.02010987832933869,-1.000209993970327,5.33445433084362,-1.3445386851269554,-2.3059538326417943,-2.6520688975113265,-1.6420413215359286,5.714327404613077,2.8600133964670538,-2.664456861257987,-2.0260349725932634,-2.1374253961062006,-3.9591190167450057,0.48976308385587436,1.5952588569595363,-4.700222053951705,-2.4692684940278213,0.955087469998267,-2.395271563897609,-4.876701378554913,1.0432807214042004,1.062936429448676,-4.807418389374672,-5.445582025157238
0.9162895843776745,-0.2611163787680868,-0.023487901691966115,0.32832733000920655,-0.5667492189712305,0.48890226393811576,-0.2032292712106654,-1.3424499118587423,0.0012964040245643617,1.4230125795487776,-0.002697611115192677,0.532861305960682,-1.1603994223938987,-1.2932011403494268,-0.293331253853839,0.03285722376802176,-0.30276425122680684,-0.2628008306320027,0.19652461300934745,-0.7641774106451251,-0.05094269240961259,0.1295016953030469,-1.3445386851269554,0.6739157998165048,0.7951279244455973,0.6716340450975377,0.14288349390422822,-1.9959349391593537,-0.28654127860011375,0.7724182879510284,0.6269073018409957,0.47502148834237007,1.2326185141924109,0.48192004910814334,-0.43549616267724994,1.1881411570359408,1.1918156353639702,-0.5719753955628237,0.6512770237744473,1.0694338358683033,-0.2496714936312393,0.14965534353773136,1.0324843620982107,1.5005006655725852
1.8028230138530292,-0.5508141156820778,0.09744276859210542,0.6137413309944023,-0.9566121510184276,0.9764987441238578,-0.29468222335668626,-2.186098184702045,0.013501230333795959,2.2082471410410167,-0.048972939555502124,1.0616296642447924,-2.455071405693863,-2.053683267942385,0.01064827129691818,-0.014594222333510582,-0.527339431449336,-0.6905846041568063,0.9847990358435471,-1.755724037762068,-0.08722591818437245,0.2554123716822985,-2.3059538326417943,0.7951279244455973,1.410798618333948,1.2203127997461956,0.7447710026951835,-2.4538835685677824,-0.7963917756872869,1.3743616690721696,0.920555827808248,0.8872580052497302,1.9352054787360387,0.012074484434545105,-0.537648760873344,1.9338218709894546,1.2010547713828799,-0.3918607208981625,0.8858746331918161,2.0042654150334505,-0.09703082208358645,-0.15324597894233308,1.9605634257790276,2.3143348263603385
1.8952543378768678,-0.748730817965359,0.09564932369912027,0.36160774310832366,-1.063182194467968,1.2487213513181583,-0.34018878368032207,-2.5109361882295413,0.17522338927268538,2.7933301006712954,-0.2981183360742018,1.2119917433780252,-2.9940878034752587,-2.2554255576906086,0.2299338648436851,0.04816609373943619,-0.5524305829178673,-1.191081634946273,1.536703141589019,-2.2918853071627816,-0.11761740247259919,0.5081942532509643,-2.6520688975113265,0.6716340450975377,1.2203127997461956,1.4665943653594409,0.8658627347552317,-2.588898483605056,-1.3489231916953506,1.3214107514659819,1.0866769516565158,0.9829049690171466,1.8534053100358605,-0.46066969724705936,-0.5110903616452527,2.2400204513087965,0.9880120980607966,-0.319144141503919,1.0592887876635884,2.373308925319435,-0.29207945441042343,-0.47180491092739646,2.3541472720050542,2.825116084922691
1.1973279919882542,-0.39121443488911334,0.35367274553682093,0.15805671504043797,-0.5173489441695543,0.866588798324623,0.004148564184781364,-1.5410082523464987,0.2630921360519477,1.5983194915182175,-0.15035551404651307,0.7748212834263124,-2.3126118686122816,-1.139129814106089,0.633338980709858,0.13056709301457142,-0.32687498376390534,-0.761556422068156,1.434441644766425,-1.5635805502408984,-0.11387560175405667,0.4968483335528834,-1.6420413215359286,0.14288349390422822,0.7447710026951835,0.8658627347552317,1.294153047979725,-0.5953283788476992,-1.290218230908816,1.1002071165979495,0.6273356257340235,1.0828343588354759,1.3261833703651282,-0.8953134678558794,-0.4806012772763204,1.5264323555661257,0.1583101216252061,0.3267446817045177,0.4067244849929165,1.8249147099659628,0.13088131177511209,-0.5748334369468929,1.7908033116092765,1.4806834202504424
-3.9712502636785882,1.2486533510506084,0.28737923655653935,-0.5048956255001014,2.5865322326584863,-2.0001562691058346,0.4417813406453082,6.211345543883309,-1.0651197071098222,-7.001573873244118,0.14495550515692227,-1.7436014947133887,5.0484543636705235,5.153888669247351,0.9554893486747414,0.2414926378886242,0.8423645329573677,1.5758633828833024,-1.6317945309244137,4.428187000961774,-0.15400552868311906,-0.76355735652161,5.714327404613077,-1.9959349391593537,-2.4538835685677824,-2.588898483605056,-0.5953283788476992,8.684841343330513,2.38628173147927,-2.472012710303928,-2.125317903605547,-1.962941512069541,-4.494400222068847,-1.3231078663332656,2.1184740929599366,-5.1278698772813165,-4.384521035762576,2.2258147076839365,-3.1048438853792963,-5.012151154356821,2.147594800652251,0.5576187615210515,-4.521914259586837,-6.080827033877106
-2.153655062209264,0.7559331406428155,-0.07608093095438376,0.11430979832474623,1.2334107350933154,-1.4462809292527867,0.026197943203019547,2.9363677235738788,-0.9244938495110797,-3.4901409473720513,0.36368589333125867,-1.1580141156101411,3.3986765432150654,2.171425457232252,-0.5207912704214718,-0.15008815113567178,0.39610527862233896,1.2885048470687048,-2.1134814293372326,2.8266135552059697,-0.061730574730843535,-0.8557197338663198,2.8600133964670538,-0.28654127860011375,-0.7963917756872869,-1.3489231916953506,-1.290218230908816,2.38628173147927,2.349807341922015,-1.392798063960876,-1.0569565041130973,-1.44783007329826,-1.9873048820980905,0.8906489242567901,1.1560063411575063,-2.6523157609964616,-0.8096226592358066,0.22633421804974077,-1.2566755768868403,-2.9190462684163747,0.7451328072802161,1.128025078460429,-2.9870276217190748,-2.7875869569363636
2.0925920424762503,-0.5706321663570105,0.11733177051830114,0.4565204154410476,-1.1308754833119623,1.2522690883667578,-0.19436734295291525,-2.5666277904286727,0.31891600656444447,2.7490868420824786,-0.12026675498819328,1.264120572929984,-2.9320270570250573,-2.260902710825801,0.15901034282148427,0.1939656028362776,-0.5777130470775098,-0.7676850628582377,1.3310048363991973,-2.012939325678292,-0.06283722576560902,0.538124161212309,-2.664456861257987,0.7724182879510284,1.3743616690721696,1.3214107514659819,1.1002071165979495,-2.472012710303928,-1.392798063960876,1.726489766226932,1.1603401273836933,1.3316790987644485,2.355516618423271,-0.14555131122019846,-1.0145334594009985,2.398935087597735,1.339282096792588,-0.43534452342418406,1.0378399694001512,2.4698739693544445,-0.212752053253906,-0.3651607663945811,2.6078856806842374,2.6237875593022246
1.4388329785912382,-0.4758575679353789,0.039338581282436905,0.22068016994200784,-0.8805066925552939,0.9347077491734342,-0.2304025154346566,-1.9395720162604793,0.14695834178045758,2.1989080478608622,-0.199120140110941,0.9592799640105417,-2.145169886518567,-1.7836967165871913,0.0336139145529841,0.18326671154783478,-0.4326854788176187,-0.7388984127327872,0.9474418565810945,-1.515977359920411,-0.10443547039660675,0.4687085158020842,-2.0260349725932634,0.6269073018409957,0.920555827808248,1.0866769516565158,0.6273356257340235,-2.125317903605547,-1.0569565041130973,1.1603401273836933,0.99027732112397,0.8849724160865821,1.642021653999973,-0.04236977854703192,-0.6596811200372159,1.7908123552254354,1.0803966777011427,-0.45204775560441585,0.8184842985199317,1.813669322533536,-0.2918449442294877,-0.20914588008531906,1.9066855142095296,2.2282871595218334
1.506749556291042,-0.30012087898839085,0.15557576701623782,0.06631443663578765,-0.8647014950488358,0.9324735420020528,0.13749988084821432,-2.2346556077250033,0.46443709276807177,2.3940884264979285,-0.0723649329416112,0.8029902066212217,-2.317762631548542,-1.7115391328683056,0.12814027858043145,0.15100895904650652,-0.4779896765265764,-0.6571297122344679,1.1371625315649796,-1.80422270743751,-0.01115110373881849,0.576420703701432,-2.1374253961062006,0.47502148834237007,0.8872580052497302,0.9829049690171466,1.0828343588354759,-1.962941512069541,-1.44783007329826,1.3316790987644485,0.8849724160865821,1.3988098077989188,1.8838554297233836,-0.07282528426219889,-1.0388978526259354,2.025334648376374,1.1533950712038035,-0.3258961933369806,0.8117802016726696,2.2049833017248086,-0.34995678879157627,-0.4631002741066039,2.181757691456795,2.04636774700649
2.9534721876253007,-0.8137395673728238,0.12854466314165497,0.5505487281472159,-1.6711957079269435,1.6546406815404424,-0.2496008165187126,-4.048300544962044,0.6360340420949145,4.397126545465271,-0.09662934701144996,1.584927780403538,-4.100841847346674,-3.37782655597834,-0.039444808199605184,0.14905781853026953,-0.6869029416927855,-1.0177720207733902,1.6416325122387232,-2.9276867673794955,-0.030530253879832006,0.729126461122521,-3.9591190167450057,1.2326185141924109,1.9352054787360387,1.8534053100358605,1.3261833703651282,-4.494400222068847,-1.9873048820980905,2.355516618423271,1.642021653999973,1.8838554297233836,3.5396583051305974,0.1964507618731905,-1.619600865741817,3.6616503946569767,2.471784896028143,-0.9347950803738495,1.7492701367327752,3.7040198363679764,-0.7334552847981232,-0.46943905406296205,3.650340323781661,3.951955705236308
-0.3232364900810931,0.5825847558931508,-0.3662077211965672,-0.05315276959755008,-0.17272033977140844,-0.7125355057546692,0.2992034029487648,0.14769898516598767,-0.1392326593718972,-0.36781182482838254,0.454201486676486,-0.5245755493816981,1.674176604386558,-0.040796969912210684,-1.2252685469500102,-0.05347243248068716,-0.028302630632538423,0.9848558270063072,-1.6961004362882288,0.9216799887788575,0.15084418849575434,-0.30374312713360124,0.48976308385587436,0.48192004910814334,0.012074484434545105,-0.46066969724705936,-0.8953134678558794,-1.3231078663332656,0.8906489242567901,-0.14555131122019846,-0.04236977854703192,-0.07282528426219889,0.1964507618731905,2.0896074337061763,-0.57975318870489,-0.4212858411565682,1.4749938173548507,-1.0676925512570223,0.0011182206328264905,-0.6496291963958486,-0.520126081998333,0.7621599791048885,-0.710682852516212,-0.40077123595896474
-1.3982842542192575,0.13870685391250298,0.16576805884965118,0.07020887016925013,0.9474042062594836,-0.6066521814600637,-0.1943023870106534,1.850651406689337,-0.7265780636787653,-2.0977734384308055,-0.07991181528644192,-0.5107766936831067,1.3273246291795617,1.3925108747053014,0.29065841274049303,-0.14933741729529124,0.22371908202282648,0.08450842764781455,-0.4511143404438473,1.2236291679643634,-0.1921239624427339,-0.41970760127624723,1.5952588569595363,-0.43549616267724994,-0.537648760873344,-0.5110903616452527,-0.4806012772763204,2.1184740929599366,1.1560063411575063,-1.0145334594009985,-0.6596811200372159,-1.0388978526259354,-1.619600865741817,-0.57975318870489,1.3711905317063784,-1.598464215533088,-1.394373534884153,0.7548602681271808,-0.8562523075968155,-1.5934410158156347,0.7772861399979599,0.36967973895982364,-1.74046010986763,-1.4355471397491473
3.322454437077069,-1.1696212152315428,0.14895102193409554,0.4184055661682389,-1.8399285384242008,2.11342684809457,-0.35243915727501046,-4.801751735043345,0.9673027182552899,5.467081776097135,-0.35518145949541957,1.814113702943098,-5.112670001039118,-3.8375758694799678,0.2385428270657078,0.08184966510863485,-0.7485355935630454,-1.6789280871520316,2.462062436328094,-3.845531395287523,-0.008376205725842408,0.9569058784223682,-4.700222053951705,1.1881411570359408,1.9338218709894546,2.2400204513087965,1.5264323555661257,-5.1278698772813165,-2.6523157609964616,2.398935087597735,1.7908123552254354,2.025334648376374,3.6616503946569767,-0.4212858411565682,-1.598464215533088,4.337826188370408,2.385376511820987,-0.8673028038873517,2.2003228281226916,4.426779285843463,-1.0246030371992962,-0.9266200743305198,4.292508970551932,4.774872299292875
1.6004897904141417,-0.24433212093333007,-0.13024219527474584,0.223445007534296,-1.1375976558929897,0.6758031342989044,-0.025928640975378087,-2.8411814069876407,0.452707270298315,3.114992765123215,0.14814443667702704,0.6221354443819958,-1.7644046396943434,-2.341148365478375,-0.8573021646560025,0.0026667118374934288,-0.43272072622598945,-0.21011204635177946,0.029492740576577487,-1.4249130822727432,0.06943507352156794,0.32586468959551795,-2.4692684940278213,1.1918156353639702,1.2010547713828799,0.9880120980607966,0.1583101216252061,-4.384521035762576,-0.8096226592358066,1.339282096792588,1.0803966777011427,1.1533950712038035,2.471784896028143,1.4749938173548507,-1.394373534884153,2.385376511820987,2.826128421137394,-1.4201988443113651,1.3944965873988546,2.1923785936382827,-1.052562329027825,0.18276943016939032,1.9552369359293789,2.6569656369972714
-0.7570812027592717,0.058082167938861715,0.3161303379981648,-0.03286547889170886,0.6617422441121649,-0.22151643389032408,0.004064642049487687,1.1551825272213396,-0.2650927563414715,-1.3342226129034376,-0.08464053465908844,-0.22808885163536277,0.3242713006536216,1.071316184249911,0.6875070018594414,-0.011190568567170333,0.18600472007602156,-0.06768780802686641,0.2902579815760928,0.517312302931071,-0.13688044172944236,-0.08307305759995964,0.955087469998267,-0.5719753955628237,-0.3918607208981625,-0.319144141503919,0.3267446817045177,2.2258147076839365,0.22633421804974077,-0.43534452342418406,-0.45204775560441585,-0.3258961933369806,-0.9347950803738495,-1.0676925512570223,0.7548602681271808,-0.8673028038873517,-1.4201988443113651,0.9619890208519924,-0.7018785977832106,-0.6729158497171962,0.7108686856546879,-0.12726221904411952,-0.7319248066869137,-1.0810399258824142
1.7474640563672574,-0.6482746349667803,-0.11696791382670091,0.19625955046174337,-1.000880873470804,1.07311359160719,-0.2262975759725061,-2.522620849871163,0.6653941648475376,2.983190098106519,-0.1879319983163056,0.850570767447754,-2.3954759576071987,-2.007491007636243,-0.08234950284803258,-0.044567257207726696,-0.3327922263547347,-0.803556460877211,1.115020455718624,-1.9678247983427977,0.11375145549929944,0.39351445704311966,-2.395271563897609,0.6512770237744473,0.8858746331918161,1.0592887876635884,0.4067244849929165,-3.1048438853792963,-1.2566755768868403,1.0378399694001512,0.8184842985199317,0.8117802016726696,1.7492701367327752,0.0011182206328264905,-0.8562523075968155,2.2003228281226916,1.3944965873988546,-0.7018785977832106,1.3647470499113405,2.112157662534012,-0.8022402214402449,-0.49518867645370607,2.0744562006774903,2.4371147133107867
3.4748506505151893,-1.1883682159758997,0.23601680466858244,0.35310204383014293,-1.948326028585333,2.1418959370540134,-0.25586128391283697,-4.9846090342874945,0.951573586518726,5.586672935316476,-0.3545962872771521,1.8628690589988546,-5.4269543236715405,-3.943639040869882,0.39071410718200694,0.036632763537301744,-0.7929656965290344,-1.8661705363102505,2.752907873513858,-4.257579529178497,-0.03835669440634921,1.0404738317568971,-4.876701378554913,1.0694338358683033,2.0042654150334505,2.373308925319435,1.8249147099659628,-5.012151154356821,-2.9190462684163747,2.4698739693544445,1.813669322533536,2.2049833017248086,3.7040198363679764,-0.6496291963958486,-1.5934410158156347,4.426779285843463,2.1923785936382827,-0.6729158497171962,2.112157662534012,4.740782830478847,-1.0037905425495979,-1.132423062070663,4.506850033142273,4.8977858031133295
-0.763543255422943,0.19633216851833402,0.2401389817038716,0.25740663272354686,0.6570181494600698,-0.25040888548460455,-0.07464846659014403,1.3841323482067545,-0.6437667224387585,-1.7345323101657997,-0.0024663007462631197,-0.07230842836649466,0.66977607304588,0.9349769810588553,0.3916383298041623,0.09699435498115877,-0.03496045307273624,0.19738448820730134,-0.18288042431876558,0.9802767440117889,-0.1969785447262249,-0.21339486967147542,1.0432807214042004,-0.2496714936312393,-0.09703082208358645,-0.29207945441042343,0.13088131177511209,2.147594800652251,0.7451328072802161,-0.212752053253906,-0.2918449442294877,-0.34995678879157627,-0.7334552847981232,-0.520126081998333,0.7772861399979599,-1.0246030371992962,-1.052562329027825,0.7108686856546879,-0.8022402214402449,-1.0037905425495979,1.021928887339397,0.3463620501324652,-0.8659688854307308,-1.086850794233794
-0.9742687449507735,0.3921134268390309,0.024444349114451567,0.11287220168549186,0.5109769000080188,-0.6304085133046643,-0.03557279317056864,1.0940015787636814,-0.5625893404017182,-1.341181308989006,0.18832019633470173,-0.4303336941464033,1.4387570849387645,0.7087733905917847,-0.40468924493353414,0.03872394592395184,0.08967254965761677,0.6389988756849844,-1.1736507905279367,1.4370300186344678,-0.12381384230442762,-0.32561495635095583,1.062936429448676,0.14965534353773136,-0.15324597894233308,-0.47180491092739646,-0.5748334369468929,0.5576187615210515,1.128025078460429,-0.3651607663945811,-0.20914588008531906,-0.4631002741066039,-0.46943905406296205,0.7621599791048885,0.36967973895982364,-0.9266200743305198,0.18276943016939032,-0.12726221904411952,-0.49518867645370607,-1.132423062070663,0.3463620501324652,0.8049911264862561,-1.1887447578355501,-0.8739987241419758
3.7328420844262107,-1.1986569674443877,0.04407483174877687,0.40340555514720516,-2.104488260385706,2.344815429160301,-0.2987948072860006,-4.739867566586381,0.9790085778524171,5.39969712691735,-0.43235127321772016,2.1454756865968982,-5.349012755096185,-3.963059595323181,0.41859127671590396,0.22504786364402327,-0.9164280492774636,-1.8010405991078298,2.849306843874628,-4.181012843126207,0.02385644215094363,1.0973341904884677,-4.807418389374672,1.0324843620982107,1.9605634257790276,2.3541472720050542,1.7908033116092765,-4.521914259586837,-2.9870276217190748,2.6078856806842374,1.9066855142095296,2.181757691456795,3.650340323781661,-0.710682852516212,-1.74046010986763,4.292508970551932,1.9552369359293789,-0.7319248066869137,2.0744562006774903,4.506850033142273,-0.8659688854307308,-1.1887447578355501,4.729721942645961,4.78398810693481
3.7647830665054793,-1.4426813757558743,0.08652439012721455,0.5459736163925523,-2.2224361260017083,2.4267343397720995,-0.6166571528738584,-5.3808593586411355,0.6659453111226459,6.132926186699783,-0.5380584686933662,2.2458327016313957,-5.814761383820607,-4.652669337982546,0.1376630164583894,0.1050349567625462,-1.0036530140841111,-2.2055049234117963,2.7603316723739524,-4.485157845349026,-0.14470587733884713,1.066204640049883,-5.445582025157238,1.5005006655725852,2.3143348263603385,2.825116084922691,1.4806834202504424,-6.080827033877106,-2.7875869569363636,2.6237875593022246,2.2282871595218334,2.04636774700649,3.951955705236308,-0.40077123595896474,-1.4355471397491473,4.774872299292875,2.6569656369972714,-1.0810399258824142,2.4371147133107867,4.8977858031133295,-1.086850794233794,-0.8739987241419758,4.78398810693481,5.861654568511783
