V1,V2,V3,V4,V5,V6,V7,V8,V9,V10,V11,V12,V13,V14,V15,V16,V17,V18,V19,V20,V21,V22,V23,V24,V25,V26,V27,V28,V29,V30,V31,V32,V33,V34,V35,V36,V37,V38,V39,V40,V41,V42,V43,V44
0.9137973105430663,-0.039714938678069356,-0.9125958785055789,-2.4967028714099153,-0.7386074399644375,-0.16303677407766098,1.5005568127207451,-1.3949109176653305,4.823421588482771,2.9631134014883167,0.20032938785349022,-1.7241391994261102,0.5272232047205677,1.5393909110003627,0.3668681320969903,-0.42019803967997993,1.9804522286838881,0.826397746468057,1.1949181306703538,-1.6585030181354983,1.736200147460939,0.7063232791171806,0.44571687249632636,-2.2304346703556504,-3.0476558814708734,-2.0474635141933186,-0.055939984375633876,-0.4798312837052347,-3.6715157111467978,-1.436560926880094,-1.651238007223826,0.417882778252885,-0.7287782299505282,-0.829859182057658,-3.2856779133699723,0.8374955464015212,-0.5448997388519203,-0.44224969379677953,1.6025365815946864,1.0175208512692366,-3.880878379187268,-3.386167984240436,1.047657322177971,-2.1612355838870765
-0.039714938678069356,0.14551509860665565,-0.39040931600980855,-0.9684527744579471,-0.19437057276093425,-0.10910363614609309,0.5390321149652387,-0.17965583803399682,1.2100206636424133,0.722679920533821,-0.054733009112122,-0.5029830232157828,0.5484971684300995,0.5009575663170605,-0.0340288294653585,-0.007596553634407583,0.36332570184447033,0.09621237108513912,0.2214080408909906,-0.4352584384976376,0.4332117835523142,0.28984151720314943,0.324438644311192,-0.6910368846213272,-1.1206287999793518,-0.5592295509924281,-0.21460219740435782,0.013708358264987246,-1.074204785344994,-0.6173329652697505,-0.39921124885088916,0.09379562792515049,-0.5827405247727242,-0.07452602373401888,-0.82399490995551,-0.048035926895009066,-0.23510297694838858,-0.22962611001399313,0.3416065285593139,0.07086307814070698,-1.1481097091131485,-0.9391477427368128,0.1642872588580797,-0.5900041251255533
-0.9125958785055789,-0.39040931600980855,2.664960228278144,6.845100799641283,1.7481080436907463,0.46985423301754325,-3.8211888954195734,2.1852822053258296,-10.341952319109561,-6.157849965560305,0.16746575700105432,3.898012741767544,-2.6702015170190894,-3.733970775969584,-0.3920192150137032,0.5137420338142176,-3.7204971756960705,-1.0281839020608883,-2.571075626704981,3.9141678130137443,-3.694016758543179,-2.120341149844459,-1.769792286286138,5.439628808363467,8.176365511740501,4.505347161774585,0.889718086089674,0.11564282348530273,8.638922029929983,4.225217147481756,3.425463965665546,-0.8394035231512776,3.436985187826996,1.5300652967586192,6.961563974216302,-0.7188695532277388,1.9364074110724299,1.3376533326675162,-3.0446407146127306,-1.3315481188359255,9.013768831140768,7.741020349285913,-2.0036056805318787,4.711831959082402
-2.4967028714099153,-0.9684527744579471,6.845100799641283,18.210490482051053,4.482768061072278,1.3215282114156315,-10.182940747257327,5.919629468124477,-27.872144306870894,-16.487814600441887,0.34222198090222444,10.564365715892949,-6.795914060015243,-10.20659294983754,-1.3903193533566904,1.4439902210077258,-10.274352843846067,-2.9465999998932713,-7.0586363121235305,10.363039699591848,-9.908070074885572,-5.6174830987075675,-4.755383410960705,14.667377392675826,21.796539399540617,12.19834215607075,2.0120319311942763,0.013796334452963677,23.228352216023808,11.156148779866756,9.347547087544132,-2.3243914343295318,8.930230915316546,4.492139760279229,18.727165984355494,-2.0976567317634145,5.317347370932115,3.2541983064439792,-8.106571196790878,-3.790753437514075,24.022807884352122,20.833846520208102,-5.355530363457793,12.921159231662795
-0.7386074399644375,-0.19437057276093425,1.7481080436907463,4.482768061072278,1.2892023254206009,0.28627094306597345,-2.469874058229853,1.5779152167486887,-6.7928568910355285,-4.150620599297122,0.10506989970140712,2.5256360018234174,-1.6103355942146378,-2.2937863797403004,-0.22077122357220352,0.3577556652766153,-2.480633030116813,-0.6329835498764591,-1.7246359576047912,2.704001444977209,-2.42366529073845,-1.4292142787054907,-1.0095968877316006,3.5285141183831508,5.3064350853269815,2.88981200838578,0.5447117121310213,0.27598770966819036,5.718341170685846,2.7145811947798864,2.173340333610027,-0.5966854020334115,2.1396616907094685,0.9543014247561932,4.649929062918413,-0.5952681509721812,1.18635268212821,0.9308837294876634,-2.0066824950531545,-0.9916930856941341,5.9923464377047635,5.075710078728279,-1.4460093937048466,2.916125379989442
-0.16303677407766098,-0.10910363614609309,0.46985423301754325,1.3215282114156315,0.28627094306597345,0.27324930005135706,-0.7697204042190826,0.4422775196440253,-2.1938633389982587,-1.2038544862664302,-0.11402530915598132,0.9507908834439841,-0.6536630171391956,-0.891597722734847,-0.06816646105258531,0.15748221379034463,-0.9621170194218699,-0.4957676043632122,-0.30801666749166606,0.5627369043710004,-0.7636148084600523,-0.31983489798260245,-0.4728274495150534,1.0853253902149436,1.6168247776988223,1.0725191055761316,0.18694101606598745,0.13060783247610022,1.6512799763952355,0.8410528797959546,0.8190836047661193,-0.113450185037999,0.5451114301197989,0.21273156316836486,1.5117154856149613,-0.14487909530433055,0.2401358578921891,0.26895478426639835,-0.6316019637219835,-0.27061854945237757,1.9100971211230526,1.5306947958603045,-0.24194229051999389,1.1964511470126324
1.5005568127207451,0.5390321149652387,-3.8211888954195734,-10.182940747257327,-2.469874058229853,-0.7697204042190826,5.803802850106207,-3.4382366237849817,15.951037976550351,9.409967450621743,-0.06955938795979343,-6.049644474381888,3.7915704195627584,5.8654294478445275,0.8395168097049355,-0.893814858538211,5.9174551091281336,1.8552317415438038,3.944516240494581,-5.791442957158661,5.658729725415926,3.0999520059579324,2.6760874461625335,-8.281031964067845,-12.233397384526924,-7.007848628793801,-1.0778235393985378,-0.11245546812736053,-13.116925703408809,-6.230313006532838,-5.405857836137332,1.3299029482601827,-4.845751296105883,-2.565128681101222,-10.694491350051873,1.3037749725927963,-2.8799645536998972,-1.8123308151128488,4.711278259020494,2.2400551254689764,-13.62246524271,-11.829480789776806,3.0227595517776815,-7.472076411904928
-1.3949109176653305,-0.17965583803399682,2.1852822053258296,5.919629468124477,1.5779152167486887,0.4422775196440253,-3.4382366237849817,2.788288172731152,-10.193394909543521,-6.3511005832612,-0.20501363214186205,3.792493114625102,-1.7648520105415717,-3.3620180130742656,-0.5248174666498153,0.7233592355595713,-3.964115061320981,-1.5069686230596318,-2.400010364659509,3.5821270975484847,-3.603552890890799,-1.7348707455453898,-1.202994537586955,4.878957904676744,7.099309896064637,4.369340478320546,0.4608144162030411,0.973117204074459,8.070042829867601,3.452548816324806,3.400125688794675,-0.9762133031332739,2.1355978228911097,1.4591067491221803,6.986023189817182,-1.4727616660870506,1.15875196292993,1.2047741743604747,-3.2792290734133345,-1.8977675362438513,8.558758821438348,7.244399039589496,-2.1042530768113856,4.508205413739272
4.823421588482771,1.2100206636424133,-10.341952319109561,-27.872144306870894,-6.7928568910355285,-2.1938633389982587,15.951037976550351,-10.193394909543521,45.4098891117037,26.700116454579188,0.2470654501848417,-17.163991248615133,9.826342049816395,16.541602978432067,2.6822682925295247,-2.8014218270130455,17.327710046055806,5.9862590581063,11.102163532413766,-15.919541740165023,16.041275155769085,8.299028971830229,7.206785791998911,-23.07366667511431,-33.742911250662964,-20.011854404749872,-2.562112141121619,-0.7637867118345651,-36.59698166193984,-16.972499770806795,-15.574530146109069,3.7252454281434044,-12.5486357585623,-7.476892572802216,-30.451903276190222,4.4139142957737425,-7.699162320343711,-4.824876966117099,13.581122137611732,6.789096889602417,-38.25712095173357,-33.209865998654294,8.60753563620142,-21.409129747564826
2.9631134014883167,0.722679920533821,-6.157849965560305,-16.487814600441887,-4.150620599297122,-1.2038544862664302,9.409967450621743,-6.3511005832612,26.700116454579188,16.2307790457142,0.09845836500397635,-9.97291308577084,5.644747123190975,9.377450298225432,1.422075210218062,-1.583184344270181,10.01907478347913,3.388863416418092,6.518495776083939,-9.596800882214454,9.404410930963897,4.972555305216263,3.9237994326352252,-13.411998767198327,-19.76548208461122,-11.57276868533734,-1.58837500798711,-1.0915644890228808,-21.70419846974633,-9.877652221555145,-8.96288218422512,2.3037096031126336,-7.197198113340313,-4.166273809097972,-18.030943088802644,2.8297123778257496,-4.1561739263658835,-3.088847480292204,8.192745794016377,4.282106756275694,-22.70640289404424,-19.546618921047653,5.3111586221745455,-12.123377618084492
0.20032938785349022,-0.054733009112122,0.16746575700105432,0.34222198090222444,0.10506989970140712,-0.11402530915598132,-0.06955938795979343,-0.20501363214186205,0.2470654501848417,0.09845836500397635,0.2854582524610937,-0.13635893568303836,-0.18111720100296272,0.09432900342370938,0.07218629167870713,-0.13991571815997628,0.299920388897724,0.4649546979870176,-0.194531243757665,0.2725872247420527,0.04397768201244231,-0.22068423405951865,-0.061707956397168535,0.13155786324047974,0.316003891397479,-0.18606059548688186,0.13840148101184888,-0.3205356557770184,0.18840901124202253,0.23175037348787492,-0.19311789520922357,-0.02016934877240497,0.5308046315909726,0.03147425336572728,-0.18235761464662592,0.27335941818181914,0.33930547512120873,0.05805916308761398,0.18448218079612988,0.20145733407065627,-0.02851349618129839,0.05723724174374057,-0.0574226552730182,-0.25890764581221615
-1.7241391994261102,-0.5029830232157828,3.898012741767544,10.564365715892949,2.5256360018234174,0.9507908834439841,-6.049644474381888,3.792493114625102,-17.163991248615133,-9.97291308577084,-0.13635893568303836,6.626076967136437,-3.900322270475912,-6.336403914391437,-0.9363382521131632,1.0979277022344491,-6.651246842722886,-2.378307416361151,-4.038245020837667,5.8778277440630555,-6.098548855669318,-3.093024878459749,-2.8485384351076544,8.731695531595452,12.81141190880879,7.666050674764186,1.0439996289644977,0.33521346845375544,13.737295498050287,6.485709865192897,5.946362401262607,-1.3831510677672865,4.760432187968806,2.679158422075774,11.554955997095565,-1.5908723066591983,2.8303530813388287,1.8742747373455677,-5.084169728156103,-2.4520137190200155,14.502342453836851,12.475466950541636,-3.0851897130993633,8.248003525464863
0.5272232047205677,0.5484971684300995,-2.6702015170190894,-6.795914060015243,-1.6103355942146378,-0.6536630171391956,3.7915704195627584,-1.7648520105415717,9.826342049816395,5.644747123190975,-0.18111720100296272,-3.900322270475912,3.164463829611277,3.7980206821214253,0.20562994845294583,-0.45086843389173564,3.526340030823511,1.0486112613698269,2.165607248274938,-3.52622760943009,3.526444149656716,2.0456586292182872,2.0574498913182593,-5.28912828060037,-8.130283145149265,-4.461467352339856,-1.1283316100004015,0.051613080548096046,-8.181899390195996,-4.322063896211083,-3.3427838766858042,0.6801656915959947,-3.6774884714118246,-1.212700996218415,-6.620119310709432,0.30619869817427253,-1.885119308653008,-1.4047585752011287,2.7772263056673885,0.9339256361093701,-8.751767363821099,-7.365293552945935,1.601119579434271,-4.746298350206712
1.5393909110003627,0.5009575663170605,-3.733970775969584,-10.20659294983754,-2.2937863797403004,-0.891597722734847,5.8654294478445275,-3.3620180130742656,16.541602978432067,9.377450298225432,0.09432900342370938,-6.336403914391437,3.7980206821214253,6.393830665031839,1.1372584814582236,-0.995490355462131,6.381215011160948,2.2429958091535918,4.047159827944467,-5.597424889805644,5.830746187352222,2.9975377001495978,2.966619301383244,-8.594141389913126,-12.459485589769415,-7.434958023198267,-0.9056040030322584,0.32800596525303566,-13.315167267907253,-6.332770212139345,-5.816767620167618,1.2468004906865864,-4.836913178664049,-2.9679187695301263,-10.946227651680974,1.3208930409401858,-3.1652433688920594,-1.5389874618694068,4.802084560540278,2.250391885385943,-13.811619736267891,-12.175830997403587,2.907295711223604,-8.191710050235324
0.3668681320969903,-0.0340288294653585,-0.3920192150137032,-1.3903193533566904,-0.22077122357220352,-0.06816646105258531,0.8395168097049355,-0.5248174666498153,2.6822682925295247,1.422075210218062,0.07218629167870713,-0.9363382521131632,0.20562994845294583,1.1372584814582236,0.5590754675973456,-0.2019052999335341,1.1321172742906582,0.4272415382048038,0.9066851112303596,-0.8704562504563971,0.8452152251253062,0.4126573480029208,0.41523679388922763,-1.4051212181730834,-1.8012049349393313,-1.1985384222629323,0.18660170818868035,0.46933759719807044,-2.1459153553912422,-0.8055238583853708,-1.0423146776596648,0.21913488054735358,-0.5751407756950511,-0.9688445499790188,-1.6435009490970856,0.33823165917245834,-0.7613388604538974,0.110647907430657,0.7123823755033893,0.5254279185537213,-1.953876764908134,-2.0397355222826263,0.5404288720163511,-1.4697880635217306
-0.42019803967997993,-0.007596553634407583,0.5137420338142176,1.4439902210077258,0.3577556652766153,0.15748221379034463,-0.893814858538211,0.7233592355595713,-2.8014218270130455,-1.583184344270181,-0.13991571815997628,1.0979277022344491,-0.45086843389173564,-0.995490355462131,-0.2019052999335341,0.30984374814935306,-1.2019366980910946,-0.5565069905632483,-0.6046214879683532,0.8544245141842612,-0.9987227425016821,-0.37755679031714645,-0.35799912834277736,1.2983103213333715,1.8237588396018818,1.282051656326338,0.07757397231798904,0.22070859190298708,2.022367354367874,0.8777398403347706,1.0318641642539315,-0.23438986603159487,0.4480628234773087,0.427728769222042,1.8981584785121013,-0.435813172070235,0.2838845577226693,0.2576322067320731,-0.8594688461720797,-0.4711968389814898,2.2365894860776305,1.8948830628699196,-0.4848711729147645,1.407327531939397
1.9804522286838881,0.36332570184447033,-3.7204971756960705,-10.274352843846067,-2.480633030116813,-0.9621170194218699,5.9174551091281336,-3.964115061320981,17.327710046055806,10.01907478347913,0.299920388897724,-6.651246842722886,3.526340030823511,6.381215011160948,1.1321172742906582,-1.2019366980910946,6.946838525186926,2.623724984713177,4.098991915446139,-5.788474455934228,6.13014244137238,2.9569282237727488,2.7411960152963455,-8.704232456528901,-12.544355484024214,-7.739702324754479,-0.814665394483573,-0.4085309912393572,-13.691867238246259,-6.273781304784405,-6.055696729755365,1.3746923358745506,-4.336630538511619,-2.893734158529062,-11.645246785183412,1.8448756706448595,-2.7790246037031303,-1.6941919329588526,5.17472822762764,2.6633610820096294,-14.433317669504738,-12.49254618939133,3.1325929155426806,-8.406016168722154
0.826397746468057,0.09621237108513912,-1.0281839020608883,-2.9465999998932713,-0.6329835498764591,-0.4957676043632122,1.8552317415438038,-1.5069686230596318,5.9862590581063,3.388863416418092,0.4649546979870176,-2.378307416361151,1.0486112613698269,2.2429958091535918,0.4272415382048038,-0.5565069905632483,2.623724984713177,1.5113568575917846,1.0161487455513871,-1.4609698812645178,2.0411618770589324,0.6588299609629026,0.8800062233749438,-2.657017029811727,-3.747456166977264,-2.8182081045389653,-0.15733756775056476,-0.531493047724195,-4.191040857788699,-1.7841938222489762,-2.26865166788733,0.3942256224361786,-0.8042122929565945,-0.8380566948206459,-4.040423486143127,0.8964429512315744,-0.44256792315016125,-0.5180503150329422,1.9221502880006556,1.0640495549112015,-4.783404598467567,-3.997437997216372,0.8859827049933346,-3.142497674556514
1.1949181306703538,0.2214080408909906,-2.571075626704981,-7.0586363121235305,-1.7246359576047912,-0.30801666749166606,3.944516240494581,-2.400010364659509,11.102163532413766,6.518495776083939,-0.194531243757665,-4.038245020837667,2.165607248274938,4.047159827944467,0.9066851112303596,-0.6046214879683532,4.098991915446139,1.0161487455513871,3.2695370428677624,-4.320310184996644,3.9270587702242796,2.2453243264318976,1.7234890958074371,-5.915041134444755,-8.514586768401916,-4.758406123139921,-0.4490322346638933,0.4409846589342752,-9.348422636685191,-4.258474693534491,-3.7479419180986113,1.0085500028328138,-3.4497180450536096,-2.332983455299601,-7.334606025905506,0.998198651797591,-2.490096950456893,-0.9572533935098627,3.1746379677054573,1.6744208463319972,-9.257308755726351,-8.415039740533762,2.345819659633513,-5.135416025807091
-1.6585030181354983,-0.4352584384976376,3.9141678130137443,10.363039699591848,2.704001444977209,0.5627369043710004,-5.791442957158661,3.5821270975484847,-15.919541740165023,-9.596800882214454,0.2725872247420527,5.8778277440630555,-3.52622760943009,-5.597424889805644,-0.8704562504563971,0.8544245141842612,-5.788474455934228,-1.4609698812645178,-4.320310184996644,6.279535986996736,-5.655438553570056,-3.2945836697854314,-2.43281507207816,8.362450476286638,12.359843920315372,6.7967479272050975,1.0179804488167938,0.08173367372180723,13.42623681157636,6.254992305282667,5.233042765020084,-1.4496441283023453,4.9926652111307375,2.724210703354585,10.7041344336339,-1.3973901441002081,3.0951781469218695,1.833171023209038,-4.663353012776546,-2.353843459374312,13.682444375878134,11.98711211520666,-3.3459929708291156,7.103122045159092
1.736200147460939,0.4332117835523142,-3.694016758543179,-9.908070074885572,-2.42366529073845,-0.7636148084600523,5.658729725415926,-3.603552890890799,16.041275155769085,9.404410930963897,0.04397768201244231,-6.098548855669318,3.526444149656716,5.830746187352222,0.8452152251253062,-0.9987227425016821,6.13014244137238,2.0411618770589324,3.9270587702242796,-5.655438553570056,5.840971935033648,2.9384692711112828,2.590936566130588,-8.228526994493972,-11.949482836209844,-7.067557370251733,-0.9794327283570538,-0.3495474765004317,-12.9308954741884,-6.091087544831708,-5.480645752932044,1.2983502766732355,-4.5145579364937705,-2.540614206374495,-10.80194352269581,1.4935419479227687,-2.7486531016961644,-1.7753190717708993,4.847094007535942,2.3208363378520316,-13.510584018621756,-11.716679927763884,2.984352729474407,-7.584521860372626
0.7063232791171806,0.28984151720314943,-2.120341149844459,-5.6174830987075675,-1.4292142787054907,-0.31983489798260245,3.0999520059579324,-1.7348707455453898,8.299028971830229,4.972555305216263,-0.22068423405951865,-3.093024878459749,2.0456586292182872,2.9975377001495978,0.4126573480029208,-0.37755679031714645,2.9569282237727488,0.6588299609629026,2.2453243264318976,-3.2945836697854314,2.9384692711112828,1.8181930839005078,1.3932357377823932,-4.453406663613694,-6.6710625145413935,-3.560436725931654,-0.6171807711140224,0.11448577680981668,-7.109675954297191,-3.417965231513249,-2.701742112034952,0.738535499266447,-2.866019073890295,-1.4005265103233682,-5.5707845360976265,0.5754238923285775,-1.7299433783301075,-0.9932995076711734,2.3688070736824147,1.123997658836183,-7.233031012753739,-6.315258130022232,1.7150567325230146,-3.7011451158165363
0.44571687249632636,0.324438644311192,-1.769792286286138,-4.755383410960705,-1.0095968877316006,-0.4728274495150534,2.6760874461625335,-1.202994537586955,7.206785791998911,3.9237994326352252,-0.061707956397168535,-2.8485384351076544,2.0574498913182593,2.966619301383244,0.41523679388922763,-0.35799912834277736,2.7411960152963455,0.8800062233749438,1.7234890958074371,-2.43281507207816,2.590936566130588,1.3932357377823932,1.578361873323537,-3.942746403245417,-5.787640251351471,-3.3211976363188986,-0.5766994618701982,0.4375119628226561,-5.921957317447375,-3.053555796557129,-2.5614002422169433,0.458838076480928,-2.5604850810995705,-1.2494946728018257,-4.744127091946785,0.24318291876204587,-1.6277715057647186,-0.7181059384673174,1.9850830786004583,0.719803970387695,-6.142077921408428,-5.413730366345077,1.1092742241126292,-3.7313471300576704
-2.2304346703556504,-0.6910368846213272,5.439628808363467,14.667377392675826,3.5285141183831508,1.0853253902149436,-8.281031964067845,4.878957904676744,-23.07366667511431,-13.411998767198327,0.13155786324047974,8.731695531595452,-5.28912828060037,-8.594141389913126,-1.4051212181730834,1.2983103213333715,-8.704232456528901,-2.657017029811727,-5.915041134444755,8.362450476286638,-8.228526994493972,-4.453406663613694,-3.942746403245417,12.12349931163336,17.69141228514482,10.162090179041945,1.3997047634616973,-0.22762235793278576,19.0017674954324,9.020118786891826,7.878653076524733,-1.8755996025242831,7.061294079107841,4.024924814070207,15.402117509233461,-1.8457690253448666,4.51427664130058,2.388721537576305,-6.713179865963322,-3.201811025326487,19.543161672266866,17.167946744075216,-4.350558691624667,10.975512638767945
-3.0476558814708734,-1.1206287999793518,8.176365511740501,21.796539399540617,5.3064350853269815,1.6168247776988223,-12.233397384526924,7.099309896064637,-33.742911250662964,-19.76548208461122,0.316003891397479,12.81141190880879,-8.130283145149265,-12.459485589769415,-1.8012049349393313,1.8237588396018818,-12.544355484024214,-3.747456166977264,-8.514586768401916,12.359843920315372,-11.949482836209844,-6.6710625145413935,-5.787640251351471,17.69141228514482,26.226777797222375,14.850035154895227,2.335112399711795,-0.13922775522028397,27.906421820577375,13.39304582243832,11.430514605635736,-2.76947589789325,10.651954049927566,5.556899008660773,22.60095261450012,-2.5867328145776978,6.4516590817203125,3.7983982883959033,-9.774272289633467,-4.548057177869277,28.909466448571607,25.13141240388158,-6.397527779564514,15.83271685297104
-2.0474635141933186,-0.5592295509924281,4.505347161774585,12.19834215607075,2.88981200838578,1.0725191055761316,-7.007848628793801,4.369340478320546,-20.011854404749872,-11.57276868533734,-0.18606059548688186,7.666050674764186,-4.461467352339856,-7.434958023198267,-1.1985384222629323,1.282051656326338,-7.739702324754479,-2.8182081045389653,-4.758406123139921,6.7967479272050975,-7.067557370251733,-3.560436725931654,-3.3211976363188986,10.162090179041945,14.850035154895227,8.948634264412377,1.1437558889903694,0.22656416104899266,15.957859274328383,7.489740105735762,6.980577661312753,-1.5741551468858495,5.51810003312278,3.2653866191930088,13.403800353858507,-1.863457010076035,3.3874755182614393,2.0769524781418482,-5.92423975243333,-2.8751911778400947,16.804845821997073,14.559488666825679,-3.6129716020506786,9.673866937712999
-0.055939984375633876,-0.21460219740435782,0.889718086089674,2.0120319311942763,0.5447117121310213,0.18694101606598745,-1.0778235393985378,0.4608144162030411,-2.562112141121619,-1.58837500798711,0.13840148101184888,1.0439996289644977,-1.1283316100004015,-0.9056040030322584,0.18660170818868035,0.07757397231798904,-0.814665394483573,-0.15733756775056476,-0.4490322346638933,1.0179804488167938,-0.9794327283570538,-0.6171807711140224,-0.5766994618701982,1.3997047634616973,2.335112399711795,1.1437558889903694,0.5727213500347893,0.2538706912729217,2.2117127705313337,1.3165184700302122,0.7893342132191382,-0.14728226339810085,1.1824898638147803,0.02574618040309229,1.7925174476922277,0.03513345475252796,0.3809148030257396,0.629303538189666,-0.7777238357464451,-0.11723604867366987,2.508629407115325,1.930363845672111,-0.3939674056479477,1.1073808415923565
-0.4798312837052347,0.013708358264987246,0.11564282348530273,0.013796334452963677,0.27598770966819036,0.13060783247610022,-0.11245546812736053,0.973117204074459,-0.7637867118345651,-1.0915644890228808,-0.3205356557770184,0.33521346845375544,0.051613080548096046,0.32800596525303566,0.46933759719807044,0.22070859190298708,-0.4085309912393572,-0.531493047724195,0.4409846589342752,0.08173367372180723,-0.3495474765004317,0.11448577680981668,0.4375119628226561,-0.22762235793278576,-0.13922775522028397,0.22656416104899266,0.2538706912729217,1.9019020004528042,0.18173500787642977,-0.14417360952149008,0.07935598465656968,-0.16473764540342947,-0.862603919232043,-0.8230547392616427,0.8790329180436789,-0.7393818105330697,-1.2428530516155953,0.6639033235358655,-0.729707800004014,-0.5456080250012229,0.8755167301553325,0.04537386515750555,-0.21382585443274557,-0.14741966205083848
-3.6715157111467978,-1.074204785344994,8.638922029929983,23.228352216023808,5.718341170685846,1.6512799763952355,-13.116925703408809,8.070042829867601,-36.59698166193984,-21.70419846974633,0.18840901124202253,13.737295498050287,-8.181899390195996,-13.315167267907253,-2.1459153553912422,2.022367354367874,-13.691867238246259,-4.191040857788699,-9.348422636685191,13.42623681157636,-12.9308954741884,-7.109675954297191,-5.921957317447375,19.0017674954324,27.906421820577375,15.957859274328383,2.2117127705313337,0.18173500787642977,30.229876578196112,14.111701590739553,12.345110625364473,-3.0960840172143667,10.906116271020503,6.220151922888902,24.525857063306816,-3.2198360733749016,6.773505213467652,3.961018331485352,-10.803846663918533,-5.383491142699552,31.147534068420043,27.210401943041607,-7.149633402715691,16.99389288066564
-1.436560926880094,-0.6173329652697505,4.225217147481756,11.156148779866756,2.7145811947798864,0.8410528797959546,-6.230313006532838,3.452548816324806,-16.972499770806795,-9.877652221555145,0.23175037348787492,6.485709865192897,-4.322063896211083,-6.332770212139345,-0.8055238583853708,0.8777398403347706,-6.273781304784405,-1.7841938222489762,-4.258474693534491,6.254992305282667,-6.091087544831708,-3.417965231513249,-3.053555796557129,9.020118786891826,13.39304582243832,7.489740105735762,1.3165184700302122,-0.14417360952149008,14.111701590739553,6.9330909275021755,5.730966463478332,-1.3422242990685265,5.625191628316432,2.716981872070797,11.368362148555002,-1.1163804840486329,3.3622007745440867,1.9865726522407159,-4.894126788126172,-2.131995410508263,14.63136514127605,12.693243882539766,-3.1425685184408594,8.0043151369947
-1.651238007223826,-0.39921124885088916,3.425463965665546,9.347547087544132,2.173340333610027,0.8190836047661193,-5.405857836137332,3.400125688794675,-15.574530146109069,-8.96288218422512,-0.19311789520922357,5.946362401262607,-3.3427838766858042,-5.816767620167618,-1.0423146776596648,1.0318641642539315,-6.055696729755365,-2.26865166788733,-3.7479419180986113,5.233042765020084,-5.480645752932044,-2.701742112034952,-2.5614002422169433,7.878653076524733,11.430514605635736,6.980577661312753,0.7893342132191382,0.07935598465656968,12.345110625364473,5.730966463478332,5.498579108949636,-1.214100222887464,4.186799925790954,2.6692138479511422,10.387595775925341,-1.4976977852753544,2.6708312046344487,1.5069288476806102,-4.60696481315899,-2.279026503071104,12.959304352480466,11.323398374318163,-2.8030424577402564,7.612899801834186
0.417882778252885,0.09379562792515049,-0.8394035231512776,-2.3243914343295318,-0.5966854020334115,-0.113450185037999,1.3299029482601827,-0.9762133031332739,3.7252454281434044,2.3037096031126336,-0.02016934877240497,-1.3831510677672865,0.6801656915959947,1.2468004906865864,0.21913488054735358,-0.23438986603159487,1.3746923358745506,0.3942256224361786,1.0085500028328138,-1.4496441283023453,1.2983502766732355,0.738535499266447,0.458838076480928,-1.8755996025242831,-2.76947589789325,-1.5741551468858495,-0.14728226339810085,-0.16473764540342947,-3.0960840172143667,-1.3422242990685265,-1.214100222887464,0.4424243295906364,-0.9539229091088163,-0.6096929753394086,-2.542609315140252,0.49088166501764174,-0.5692856738053519,-0.41856493434298825,1.115833181520172,0.6582691351335872,-3.1442482765150674,-2.7230153701806583,0.8275340204416831,-1.617132862907978
-0.7287782299505282,-0.5827405247727242,3.436985187826996,8.930230915316546,2.1396616907094685,0.5451114301197989,-4.845751296105883,2.1355978228911097,-12.5486357585623,-7.197198113340313,0.5308046315909726,4.760432187968806,-3.6774884714118246,-4.836913178664049,-0.5751407756950511,0.4480628234773087,-4.336630538511619,-0.8042122929565945,-3.4497180450536096,4.9926652111307375,-4.5145579364937705,-2.866019073890295,-2.5604850810995705,7.061294079107841,10.651954049927566,5.51810003312278,1.1824898638147803,-0.862603919232043,10.906116271020503,5.625191628316432,4.186799925790954,-0.9539229091088163,5.15643216303923,2.1879681614835524,8.312182650673234,-0.3083279559446549,3.1722629394701545,1.4971215512496188,-3.3838594916232365,-1.2395432594968645,11.040238817191588,9.763218389597105,-2.367086673714807,5.89723171686411
-0.829859182057658,-0.07452602373401888,1.5300652967586192,4.492139760279229,0.9543014247561932,0.21273156316836486,-2.565128681101222,1.4591067491221803,-7.476892572802216,-4.166273809097972,0.03147425336572728,2.679158422075774,-1.212700996218415,-2.9679187695301263,-0.9688445499790188,0.427728769222042,-2.893734158529062,-0.8380566948206459,-2.332983455299601,2.724210703354585,-2.540614206374495,-1.4005265103233682,-1.2494946728018257,4.024924814070207,5.556899008660773,3.2653866191930088,0.02574618040309229,-0.8230547392616427,6.220151922888902,2.716981872070797,2.6692138479511422,-0.6096929753394086,2.1879681614835524,2.043545714191525,4.762470996784924,-0.6688062806462235,1.9587018314073439,0.26698192329450415,-2.0585584669870456,-1.1798974445042136,5.949937786370016,5.723687934561899,-1.5194298945098863,3.7438320037477464
-3.2856779133699723,-0.82399490995551,6.961563974216302,18.727165984355494,4.649929062918413,1.5117154856149613,-10.694491350051873,6.986023189817182,-30.451903276190222,-18.030943088802644,-0.18235761464662592,11.554955997095565,-6.620119310709432,-10.946227651680974,-1.6435009490970856,1.8981584785121013,-11.645246785183412,-4.040423486143127,-7.334606025905506,10.7041344336339,-10.80194352269581,-5.5707845360976265,-4.744127091946785,15.402117509233461,22.60095261450012,13.403800353858507,1.7925174476922277,0.8790329180436789,24.525857063306816,11.368362148555002,10.387595775925341,-2.542609315140252,8.312182650673234,4.762470996784924,20.55189120657695,-3.04254731548066,4.928683242836673,3.401128204970384,-9.153087306489834,-4.605522221135923,25.780246839027086,22.193867132218625,-5.790973054833076,14.232779708076922
0.8374955464015212,-0.048035926895009066,-0.7188695532277388,-2.0976567317634145,-0.5952681509721812,-0.14487909530433055,1.3037749725927963,-1.4727616660870506,4.4139142957737425,2.8297123778257496,0.27335941818181914,-1.5908723066591983,0.30619869817427253,1.3208930409401858,0.33823165917245834,-0.435813172070235,1.8448756706448595,0.8964429512315744,0.998198651797591,-1.3973901441002081,1.4935419479227687,0.5754238923285775,0.24318291876204587,-1.8457690253448666,-2.5867328145776978,-1.863457010076035,0.03513345475252796,-0.7393818105330697,-3.2198360733749016,-1.1163804840486329,-1.4976977852753544,0.49088166501764174,-0.3083279559446549,-0.6688062806462235,-3.04254731548066,1.0352104024907107,-0.16405066702501822,-0.423363283070456,1.5269611687918137,1.085037371039802,-3.4979150408911455,-2.92765969754294,1.0030055877439066,-1.8845728953026253
-0.5448997388519203,-0.23510297694838858,1.9364074110724299,5.317347370932115,1.18635268212821,0.2401358578921891,-2.8799645536998972,1.15875196292993,-7.699162320343711,-4.1561739263658835,0.33930547512120873,2.8303530813388287,-1.885119308653008,-3.1652433688920594,-0.7613388604538974,0.2838845577226693,-2.7790246037031303,-0.44256792315016125,-2.490096950456893,3.0951781469218695,-2.7486531016961644,-1.7299433783301075,-1.6277715057647186,4.51427664130058,6.4516590817203125,3.3874755182614393,0.3809148030257396,-1.2428530516155953,6.773505213467652,3.3622007745440867,2.6708312046344487,-0.5692856738053519,3.1722629394701545,1.9587018314073439,4.928683242836673,-0.16405066702501822,2.486394883497551,0.4776791457960878,-1.942378769620323,-0.806005527603086,6.450344350505023,6.1446172226411795,-1.4918110343850903,3.856122866589925
-0.44224969379677953,-0.22962611001399313,1.3376533326675162,3.2541983064439792,0.9308837294876634,0.26895478426639835,-1.8123308151128488,1.2047741743604747,-4.824876966117099,-3.088847480292204,0.05805916308761398,1.8742747373455677,-1.4047585752011287,-1.5389874618694068,0.110647907430657,0.2576322067320731,-1.6941919329588526,-0.5180503150329422,-0.9572533935098627,1.833171023209038,-1.7753190717708993,-0.9932995076711734,-0.7181059384673174,2.388721537576305,3.7983982883959033,2.0769524781418482,0.629303538189666,0.6639033235358655,3.961018331485352,1.9865726522407159,1.5069288476806102,-0.41856493434298825,1.4971215512496188,0.26698192329450415,3.401128204970384,-0.423363283070456,0.4776791457960878,0.944024849764972,-1.5447205121863377,-0.6402457952927361,4.415986404332893,3.478299599756165,-0.9357545626736823,1.989824868739292
1.6025365815946864,0.3416065285593139,-3.0446407146127306,-8.106571196790878,-2.0066824950531545,-0.6316019637219835,4.711278259020494,-3.2792290734133345,13.581122137611732,8.192745794016377,0.18448218079612988,-5.084169728156103,2.7772263056673885,4.802084560540278,0.7123823755033893,-0.8594688461720797,5.17472822762764,1.9221502880006556,3.1746379677054573,-4.663353012776546,4.847094007535942,2.3688070736824147,1.9850830786004583,-6.713179865963322,-9.774272289633467,-5.92423975243333,-0.7777238357464451,-0.729707800004014,-10.803846663918533,-4.894126788126172,-4.60696481315899,1.115833181520172,-3.3838594916232365,-2.0585584669870456,-9.153087306489834,1.5269611687918137,-1.942378769620323,-1.5447205121863377,4.3031964045384,2.205955875651099,-11.404337865016066,-9.803236011986847,2.601948051937249,-6.266516780692255
1.0175208512692366,0.07086307814070698,-1.3315481188359255,-3.790753437514075,-0.9916930856941341,-0.27061854945237757,2.2400551254689764,-1.8977675362438513,6.789096889602417,4.282106756275694,0.20145733407065627,-2.4520137190200155,0.9339256361093701,2.250391885385943,0.5254279185537213,-0.4711968389814898,2.6633610820096294,1.0640495549112015,1.6744208463319972,-2.353843459374312,2.3208363378520316,1.123997658836183,0.719803970387695,-3.201811025326487,-4.548057177869277,-2.8751911778400947,-0.11723604867366987,-0.5456080250012229,-5.383491142699552,-2.131995410508263,-2.279026503071104,0.6582691351335872,-1.2395432594968645,-1.1798974445042136,-4.605522221135923,1.085037371039802,-0.806005527603086,-0.6402457952927361,2.205955875651099,1.4490608789385249,-5.5942703834426935,-4.865319853076532,1.4817532147551178,-2.985599438996264
-3.880878379187268,-1.1481097091131485,9.013768831140768,24.022807884352122,5.9923464377047635,1.9100971211230526,-13.62246524271,8.558758821438348,-38.25712095173357,-22.70640289404424,-0.02851349618129839,14.502342453836851,-8.751767363821099,-13.811619736267891,-1.953876764908134,2.2365894860776305,-14.433317669504738,-4.783404598467567,-9.257308755726351,13.682444375878134,-13.510584018621756,-7.233031012753739,-6.142077921408428,19.543161672266866,28.909466448571607,16.804845821997073,2.508629407115325,0.8755167301553325,31.147534068420043,14.63136514127605,12.959304352480466,-3.1442482765150674,11.040238817191588,5.949937786370016,25.780246839027086,-3.4979150408911455,6.450344350505023,4.415986404332893,-11.404337865016066,-5.5942703834426935,32.68776192088685,28.115468625471763,-7.300235532772035,17.77049770644214
-3.386167984240436,-0.9391477427368128,7.741020349285913,20.833846520208102,5.075710078728279,1.5306947958603045,-11.829480789776806,7.244399039589496,-33.209865998654294,-19.546618921047653,0.05723724174374057,12.475466950541636,-7.365293552945935,-12.175830997403587,-2.0397355222826263,1.8948830628699196,-12.49254618939133,-3.997437997216372,-8.415039740533762,11.98711211520666,-11.716679927763884,-6.315258130022232,-5.413730366345077,17.167946744075216,25.13141240388158,14.559488666825679,1.930363845672111,0.04537386515750555,27.210401943041607,12.693243882539766,11.323398374318163,-2.7230153701806583,9.763218389597105,5.723687934561899,22.193867132218625,-2.92765969754294,6.1446172226411795,3.478299599756165,-9.803236011986847,-4.865319853076532,28.115468625471763,24.62830383508281,-6.395102450686253,15.600492780989935
1.047657322177971,0.1642872588580797,-2.0036056805318787,-5.355530363457793,-1.4460093937048466,-0.24194229051999389,3.0227595517776815,-2.1042530768113856,8.60753563620142,5.3111586221745455,-0.0574226552730182,-3.0851897130993633,1.601119579434271,2.907295711223604,0.5404288720163511,-0.4848711729147645,3.1325929155426806,0.8859827049933346,2.345819659633513,-3.3459929708291156,2.984352729474407,1.7150567325230146,1.1092742241126292,-4.350558691624667,-6.397527779564514,-3.6129716020506786,-0.3939674056479477,-0.21382585443274557,-7.149633402715691,-3.1425685184408594,-2.8030424577402564,0.8275340204416831,-2.367086673714807,-1.5194298945098863,-5.790973054833076,1.0030055877439066,-1.4918110343850903,-0.9357545626736823,2.601948051937249,1.4817532147551178,-7.300235532772035,-6.395102450686253,1.9493572563542547,-3.698927720831073
-2.1612355838870765,-0.5900041251255533,4.711831959082402,12.921159231662795,2.916125379989442,1.1964511470126324,-7.472076411904928,4.508205413739272,-21.409129747564826,-12.123377618084492,-0.25890764581221615,8.248003525464863,-4.746298350206712,-8.191710050235324,-1.4697880635217306,1.407327531939397,-8.406016168722154,-3.142497674556514,-5.135416025807091,7.103122045159092,-7.584521860372626,-3.7011451158165363,-3.7313471300576704,10.975512638767945,15.83271685297104,9.673866937712999,1.1073808415923565,-0.14741966205083848,16.99389288066564,8.0043151369947,7.612899801834186,-1.617132862907978,5.89723171686411,3.7438320037477464,14.232779708076922,-1.8845728953026253,3.856122866589925,1.989824868739292,-6.266516780692255,-2.985599438996264,17.77049770644214,15.600492780989935,-3.698927720831073,10.700501101750978
