V1,V2,V3,V4,V5,V6,V7,V8,V9,V10,V11,V12,V13,V14,V15,V16,V17,V18,V19,V20,V21,V22,V23,V24,V25,V26,V27,V28,V29,V30,V31,V32,V33,V34,V35,V36,V37,V38,V39,V40,V41,V42,V43,V44,V45
1.0379980856779583,0.13249306089439308,-0.10851991819543905,0.005677160925919165,-0.2327061133656537,-0.41862447490540977,-0.346878045821974,-0.14080342900894408,0.04062947805289986,-0.00498774944285388,0.12430543087120326,0.14454483094278806,0.20254354733874336,0.21017888301077997,0.27773067078083735,-0.4089173896982827,-0.2761536540703628,0.0027796597437945284,0.09119716137868171,0.129139580308421,-0.12655022360091436,-0.05910283984873528,-0.13757110479487042,0.052248914986260865,-0.23936917881946462,0.18052830235968065,0.04841201475518195,-0.2200625629192629,-0.0591786993142319,0.0038209470763607123,0.04202434553622267,-0.075146209173647,0.05606572079326402,-0.08288388781680625,-0.1252752221498458,0.12890149681904436,-0.012220507133967114,-0.3203481571314353,0.18020763079065294,0.008047268202703283,-0.20416986702069231,-0.48884810069545687,-0.3728675110046707,0.04904001342241428,-0.1830401158107715
0.13249306089439308,1.0859208979717088,-0.14462323187260046,-0.26863715743094796,-0.0608520244909597,-0.13828973291399055,-0.364060112668022,-0.15324036748993894,0.02556791707914071,-0.4155722971184622,-0.04148660186132743,0.13055482033269303,0.27086738662982485,0.4114774942935439,-0.16856260964657438,0.26447745960158187,-0.2688357507291969,-0.2611462709002689,-0.27175471507233967,0.25654821522555704,-0.04378030650274016,0.1254723659264896,0.21412110241948012,0.09901013453378403,0.003260291944900945,0.23844346945890715,-0.054473764670458814,0.3998671110884051,0.09805506578251448,0.06193167551613158,0.052325791005478725,0.07672258224381068,-0.07206404962936559,0.06300862590820665,0.340700217792797,-0.2791881992692699,-0.36093914677894773,0.30748501878779555,0.3843155637319274,0.5623144537393077,-0.5926447382649929,-0.13666458566981982,0.060484298743627686,0.016257360446164954,-0.4006448374971536
-0.10851991819543905,-0.14462323187260046,0.7427159194966111,0.05181194452276005,0.08355372891067477,0.0327544516882615,-0.3223243095339123,-0.03219345675808621,-0.04643297276253183,0.4747252535299535,-0.3049466174168392,0.010674828280896852,0.11247450847108381,-0.11727086137773024,0.17030150420516849,0.27043809575688554,0.11088222295030362,0.3153423637063889,-0.24590810957462084,0.3427158767088891,-0.08684095202696941,0.08705815407763577,-0.10836182501552996,-0.13225651645083586,-0.016673144537980956,0.0029271634069269518,-0.14535657756849718,0.308013619598753,0.26310423831344376,0.2810425992924869,-0.07833940295572288,-0.07177310580166667,-0.07666084992830283,0.04858367051934595,-0.08162423677128076,0.3838345415713341,0.2957874515442092,-0.5028243038421343,-0.029938194781942824,-0.20561178015381146,0.312998285273205,0.0908145039747466,-0.025179492879056877,0.0662679466916386,-0.28846653416950757
0.005677160925919165,-0.26863715743094796,0.05181194452276005,0.8813298633042269,0.06912042022484549,0.37887553408390456,-0.029994471399868154,0.1715673114146529,-0.13961197736646572,0.15249574605538255,0.08718165058711418,0.1727832645530825,0.1948796630964148,-0.20199656317549597,0.09420088464184237,-0.37644517328712945,0.19708754470457818,0.3099828680723846,0.02029314489644254,0.37466746320776173,0.11251557738498161,0.25595269897211376,0.01359021828942926,-0.3222694739362303,-0.4072018146176089,0.23295938824073437,0.2836271020063409,-0.37117458420634253,0.14977737174100267,-0.04549135347130173,0.031360139229935254,-0.20709623462212925,0.5709205012132996,0.07898837466813799,0.223593933395766,0.3636231997470813,-0.17956031688291385,-0.112321052848755,0.0243684295983928,-0.08670690910658028,0.07281962471727753,-0.07534374720188947,0.10717598862676901,0.11426585765119679,0.4167249806210787
-0.2327061133656537,-0.0608520244909597,0.08355372891067477,0.06912042022484549,1.2510309684062082,-0.10272040458536669,0.21691595883916018,0.25164419892830536,-0.05425308136426103,0.24512610471232862,0.22112787336086287,0.5015665502431205,-0.35497285714580445,-0.2781927792524986,-0.08369753317449084,0.09146766857330706,0.5936416714678614,0.08461519056116883,0.3999246648984438,-0.14725711785219583,0.21213909787047522,0.08264321052355987,0.016264024284873668,0.14396625085426493,0.020957871737801802,-0.31224002116098526,-0.0364034432806359,0.05981125952214388,-0.291044302680608,-0.06672401345058712,-0.10050080829740533,-0.16108819473488487,-0.024066137109483663,-0.23815662328791684,-0.06154974099292059,0.22849952050096067,0.4050731222322871,-0.2730161400192184,0.08342503168253743,-0.09740317129440348,0.08999047313739945,0.30750933437198236,-0.10282896593916425,0.107478599438592,-0.2792957721229331
-0.41862447490540977,-0.13828973291399055,0.0327544516882615,0.37887553408390456,-0.10272040458536669,0.7501977244869479,-0.023123296898273544,0.08407730846248687,-0.10486129707733138,-0.04211391734395175,-0.044080170225511944,0.010872434725392748,0.027678208947956102,-0.09110052169174074,0.003638972302092255,0.26400462700143945,0.2622834429200986,0.09289720602341979,0.05798544509590363,0.01899896387806546,0.21340629106874184,0.31663023407633684,0.42176695486417964,-0.07064805930540653,-0.19822604437299499,0.1258134420762515,-0.0326842181527559,0.07169286794915856,0.20399788435087127,0.3820881032884325,-0.33496007674965583,-0.05223374423958233,0.39087163705574846,0.006940470739554955,0.33083479960431833,0.13140762904003833,-0.36660285548982896,0.6168724539801833,0.16696107919417688,0.009713796857935903,-0.044604415094469434,0.13977209614826958,0.12539508400942684,0.06073030631834197,0.23554981872076744
-0.346878045821974,-0.364060112668022,-0.3223243095339123,-0.029994471399868154,0.21691595883916018,-0.023123296898273544,1.6937270382547138,-0.3873134356941765,0.021820801140668165,0.1324403821103299,0.014413738002033853,-0.08928226523976578,-0.688903573815601,-0.12173387906117317,-0.4054753973558104,0.046600416217943384,-0.20124946851988829,0.1022862283276255,0.5840045296548056,0.27734392045492323,0.012135243503143552,-0.22819594703924181,-0.35621885761076777,0.30056460755256253,-0.2782129758737512,-0.6546186473127124,0.13968289835746373,0.1532236886706532,-0.4889156705891948,-0.43777425941287934,-0.34716445930283685,-0.13609275167101131,-0.051955899529610786,-0.19199360461328122,-0.07413775338723126,0.1463574557923345,-0.25702555430064655,0.9123411297549239,-0.05778485527457042,0.05448454593802625,0.30750674013061213,0.4695638512675845,-0.06807135544386389,-0.03577503568223796,0.17785331112663305
-0.14080342900894408,-0.15324036748993894,-0.03219345675808621,0.1715673114146529,0.25164419892830536,0.08407730846248687,-0.3873134356941765,1.086133286450845,-0.2753575271894286,-0.023187391569497565,0.22482621821315396,0.351078428576494,0.004205998026861389,-0.06561934097762308,-0.05791730161597846,-0.22264538692252742,0.48506909452046887,-0.28630895015842284,-0.008175032643458329,-0.5012792205826123,-0.27679642156511086,0.07929995282957347,0.09664714221157661,-0.15158975751062825,-0.04365269915966288,0.08165877864240968,0.2890967847637038,-0.33914852938695683,0.2573583197762496,-0.05861819793489521,0.7841714123024596,-0.04224969164741363,-0.15585493322288865,0.13374977886083853,-0.10959138635705776,-0.21343434611133885,0.42369208463718133,-0.59208586278949,-0.14334428799221685,-0.5033077145699172,0.028723484152992793,-0.17205356210316286,0.0660805315531629,-0.06976535175344824,0.31002250607941934
0.04062947805289986,0.02556791707914071,-0.04643297276253183,-0.13961197736646572,-0.05425308136426103,-0.10486129707733138,0.021820801140668165,-0.2753575271894286,0.6254918027490955,-0.0019291799193591915,0.05291972423461432,-0.23369916902144514,0.1799432188615591,-0.26051065647870325,0.15498548302782772,0.08844776261775898,0.010990646216521497,-0.061874397931018066,-0.3526199405530929,0.11413998113236784,0.10974056581338369,-0.22780550330652136,-0.01881205828269397,-0.03889575892449343,-0.16467966294561592,0.17833029498934527,0.02066116448117277,0.07956282588755442,-0.15143717508099733,-0.08930413894665694,-0.07532708851715599,0.03425317069006358,0.27917354156388197,0.07721759319540543,-0.353683124523613,0.2615049127611219,0.006004528105992284,-0.15893744926031717,-0.22539672271831507,0.02287116271506863,0.04299153842497468,-0.1766305344315801,-0.3867235965168988,0.009930981323522554,0.12053709299510754
-0.00498774944285388,-0.4155722971184622,0.4747252535299535,0.15249574605538255,0.24512610471232862,-0.04211391734395175,0.1324403821103299,-0.023187391569497565,-0.0019291799193591915,1.0085499493641792,-0.09770982874066363,-0.03979219508716492,-0.12485708404017748,-0.08836390407873002,0.0648735592156767,-0.05541239725221759,0.1703049635116147,0.2293972793873051,0.00401413800193371,-0.0984172379382803,-0.20051674993167778,-0.059814377400236624,-0.2111800927618742,-0.03514701355991412,0.04118501243764771,-0.0828888139935805,-0.06419480121970944,0.05564808726526888,-0.1103916839167275,0.3593377627978117,-0.07167297846400443,-0.39394909559590474,-0.19788538093567348,0.2229296909374354,-0.20054249178747682,0.4886222983805701,0.2649612101344163,-0.33101952877901003,-0.031400279030858576,-0.1421713656195219,0.27376447064883574,0.0427504559641709,-0.2824683459836569,0.125859522609015,-0.09368273383732448
0.12430543087120326,-0.04148660186132743,-0.3049466174168392,0.08718165058711418,0.22112787336086287,-0.044080170225511944,0.014413738002033853,0.22482621821315396,0.05291972423461432,-0.09770982874066363,0.49176894728048126,0.15696831991943944,0.09538177002091881,-0.10716837611006619,-0.0072049463177148,-0.31571728538852134,0.1562562264613446,-0.10334832961183173,0.17207606226749647,-0.317725847513076,-0.3049725179234272,2.2360353764607727e-4,-0.11366641499805592,-0.05412586898186077,0.0963799314570565,0.019247646354409398,0.2877526837846341,-0.21570560225949179,-0.24808566759995074,-0.25526849528097195,0.08758644762592031,-0.25544208642329647,0.2250324844398817,0.13096416853403797,0.05974017203376881,-0.09921058450738289,-0.029024902493751146,-0.17244144120095828,7.389843841533684e-4,0.07727216041328958,-0.30596114528799956,-0.11922542356612127,0.24395748516910093,-0.07492267991746027,-0.07593841691927485
0.14454483094278806,0.13055482033269303,0.010674828280896852,0.1727832645530825,0.5015665502431205,0.010872434725392748,-0.08928226523976578,0.351078428576494,-0.23369916902144514,-0.03979219508716492,0.15696831991943944,0.7170298175033999,-0.04614264281516426,0.07286792584406197,-0.012883370980220781,0.018600263053845992,0.11597426135134833,0.17045686980564492,0.24969896441995734,-0.08799830735247968,0.022675143982594417,0.3503441975247606,-0.08292810545251302,-0.019476900963219863,-0.11906767185497769,-0.11502620964957094,-0.05324060357149622,-0.12389129621491109,0.07145379117650921,0.21863710719084603,0.37867473230403115,-0.31042208411941075,0.26249455634323465,-0.16746791329898883,0.1783657941302285,0.030164664737001894,0.07980689332408343,-0.3321012354943638,0.10760638363131154,-0.013348692333879933,-0.16066169523927817,-0.07651865964716753,0.0353171475960998,-0.006782518291826986,-0.24558016043389086
0.20254354733874336,0.27086738662982485,0.11247450847108381,0.1948796630964148,-0.35497285714580445,0.027678208947956102,-0.688903573815601,0.004205998026861389,0.1799432188615591,-0.12485708404017748,0.09538177002091881,-0.04614264281516426,0.81107146714057,0.07898652961409708,0.4251656276336103,-0.11026756176486183,-0.12160299280177103,0.06974492007711418,-0.19660375857556023,0.24516717668473287,-0.19114595800029938,-0.019426597486347605,-0.07098305945840053,-0.17428474297550078,0.07969304539519703,0.27803542870735826,0.19030725610866667,-0.13975745223385763,0.20546827212582403,-0.2795191411902639,0.2933529843630864,-0.12306488474259875,0.4375132906429527,0.24235895415612232,0.08382606537037919,0.08664244024346113,-0.07812226099535734,-0.576166510630959,-0.15671361232170117,0.06021416231625759,-0.28537315173751165,-0.31284426453512104,0.050371392880939586,2.194798022558163e-5,-0.08044654337839494
0.21017888301077997,0.4114774942935439,-0.11727086137773024,-0.20199656317549597,-0.2781927792524986,-0.09110052169174074,-0.12173387906117317,-0.06561934097762308,-0.26051065647870325,-0.08836390407873002,-0.10716837611006619,0.07286792584406197,0.07898652961409708,0.7211624398791242,-0.1498823508035606,0.20136549291805894,-0.5224164895521265,-0.24149762167895528,0.2874449590126004,-0.19809879413092432,-0.14729021191491024,0.11225500721878416,0.11737898713334959,0.40271618470138504,0.3413297832690662,0.008177477261248053,-0.20487363280528678,0.053847851458254284,0.09606487873493749,0.05689391165416454,0.05066381878007538,-0.18872357055071395,-0.37298012214075066,-0.09275818824244735,0.3280959325381916,-0.306361729826697,-0.20793248852941068,0.38592063567680984,0.06536973192872371,0.32145639628658584,-0.28648221237982513,-0.06711641101971794,-0.056373572226088624,0.11600112441861259,-0.15180709829909952
0.27773067078083735,-0.16856260964657438,0.17030150420516849,0.09420088464184237,-0.08369753317449084,0.003638972302092255,-0.4054753973558104,-0.05791730161597846,0.15498548302782772,0.0648735592156767,-0.0072049463177148,-0.012883370980220781,0.4251656276336103,-0.1498823508035606,1.076282260583052,-0.17485705978814828,0.3432240194860472,0.23983272546321943,0.1609041274538825,0.07674934349453698,0.20523420155314742,-0.24735950075684512,-0.2912481132783628,-0.12254072078642876,-0.34161973998633033,0.16793393102426257,0.1544309850351499,-0.3923557787141192,0.48270165488219047,-0.4260544159002424,0.11133443018291668,0.2781716199844177,0.2328760861806882,-0.0696021996649529,-0.1070846877731739,0.36019481686549837,0.3510669089404072,-0.4486016728859759,-0.32227201178677456,-0.4796351595701022,0.10228858685180678,-0.026706669742671104,-0.12309535199339597,0.08450434469198231,-0.11164933478319743
-0.4089173896982827,0.26447745960158187,0.27043809575688554,-0.37644517328712945,0.09146766857330706,0.26400462700143945,0.046600416217943384,-0.22264538692252742,0.08844776261775898,-0.05541239725221759,-0.31571728538852134,0.018600263053845992,-0.11026756176486183,0.20136549291805894,-0.17485705978814828,1.2080156825465693,-0.3176939796615041,-0.21996536992647872,-0.03533295606886435,0.1988861249978836,0.18417377681904773,-0.0031182315217619812,0.4360518504043682,0.4632846895595709,-0.054087647763389715,-0.12874777273773147,-0.43030024709381254,0.41601286468205906,-0.05936375663839296,0.45347234203794395,-0.4127413464828111,0.26931102758134623,0.10402783309686946,-0.3857871269063041,0.17952445646668364,0.11133279284505695,-0.27044886847166816,0.43617008629231596,-0.020614249499208658,0.05715838854171431,0.1951484627084515,-0.06723362131729795,-0.17321282767727864,0.1794177808340651,-0.34129104987372355
-0.2761536540703628,-0.2688357507291969,0.11088222295030362,0.19708754470457818,0.5936416714678614,0.2622834429200986,-0.20124946851988829,0.48506909452046887,0.010990646216521497,0.1703049635116147,0.1562562264613446,0.11597426135134833,-0.12160299280177103,-0.5224164895521265,0.3432240194860472,-0.3176939796615041,1.1849310114240905,0.14017562281589782,0.08585305190040722,-0.24709964480714486,0.11246204669874396,0.07611074211762353,0.16125607764684308,-0.2377257762173139,-0.03829630307836271,0.004081117493742805,0.32989031959178805,0.04590901976613887,0.27219453013044564,-0.040916878639899706,-0.06400344219679006,0.11196239891642887,-0.041322180657128255,0.07864921325263478,-0.27973061864266136,0.13084542559207157,0.4937059368532158,-0.08549260137107749,0.1755569768282702,-0.3545566152194193,0.12546357033620956,0.2408510085287425,-0.11101664920895064,0.027870405506606705,0.18474743247956116
0.0027796597437945284,-0.2611462709002689,0.3153423637063889,0.3099828680723846,0.08461519056116883,0.09289720602341979,0.1022862283276255,-0.28630895015842284,-0.061874397931018066,0.2293972793873051,-0.10334832961183173,0.17045686980564492,0.06974492007711418,-0.24149762167895528,0.23983272546321943,-0.21996536992647872,0.14017562281589782,0.6959134911236486,0.12603484240373078,0.3535621793276389,0.11771165245880255,0.1794853132235673,-0.3543844556622397,-0.28926163571307395,-0.026944647048801694,-0.20201349772617133,-0.06811501902247345,0.05917367980079942,0.1349127611468021,0.12452603685513874,-0.10760395583612951,-0.27898375295493233,0.3547283592353967,0.04220898618468374,-0.004578058017007505,0.31880663253926617,0.06382829227169111,-0.21530523136896837,0.0654655230102047,7.752170688431884e-4,0.18788534393186954,0.20538308350307166,0.12133474053798031,-0.041363268198313895,-0.1194983482192339
0.09119716137868171,-0.27175471507233967,-0.24590810957462084,0.02029314489644254,0.3999246648984438,0.05798544509590363,0.5840045296548056,-0.008175032643458329,-0.3526199405530929,0.00401413800193371,0.17207606226749647,0.24969896441995734,-0.19660375857556023,0.2874449590126004,0.1609041274538825,-0.03533295606886435,0.08585305190040722,0.12603484240373078,1.3825400662653322,-0.1824878849861036,0.027114299854760663,-0.15338190919611713,-0.05661570812007932,0.6044595503554292,0.18041590491242007,-0.699015947401865,-0.06174215997394338,-0.08078294518384983,-0.20112842156296368,-0.45621877242976455,-0.41112373756726145,-0.3253141633182641,-0.1154430005251119,-0.3380066417710653,0.09657624753361571,0.06859007295238415,0.0403927179996698,0.6090970908644129,0.06803747412965952,-0.16952050432370097,0.12140695076299561,0.33895662862020953,-0.2057975635763495,0.15094994529158076,-0.07490023887748003
0.129139580308421,0.25654821522555704,0.3427158767088891,0.37466746320776173,-0.14725711785219583,0.01899896387806546,0.27734392045492323,-0.5012792205826123,0.11413998113236784,-0.0984172379382803,-0.317725847513076,-0.08799830735247968,0.24516717668473287,-0.19809879413092432,0.07674934349453698,0.1988861249978836,-0.24709964480714486,0.3535621793276389,-0.1824878849861036,1.4436294835241665,0.1309048924140275,-0.09109011681584885,-0.07330364075525093,-0.0993400962885447,-0.7090059676490149,-0.050040296237789376,0.20323207251100112,0.33184534174798236,0.04193515519984991,-0.2875418932617776,-0.3683204521620546,0.2800457114330069,0.5294752056058976,-0.15174302816344362,0.0214379003607114,0.5407927944539818,-0.35323413916142743,0.09288670837262675,0.21116518363456577,0.005677642987131034,0.28131167005747154,-0.08925315065393186,-0.1474591515081175,0.10919016055407342,-0.0618682225530345
-0.12655022360091436,-0.04378030650274016,-0.08684095202696941,0.11251557738498161,0.21213909787047522,0.21340629106874184,0.012135243503143552,-0.27679642156511086,0.10974056581338369,-0.20051674993167778,-0.3049725179234272,0.022675143982594417,-0.19114595800029938,-0.14729021191491024,0.20523420155314742,0.18417377681904773,0.11246204669874396,0.11771165245880255,0.027114299854760663,0.1309048924140275,1.0695313523751961,0.042417477475345286,0.3549587777864882,0.015392683965155505,-0.4362212070927629,0.05503771322396639,-0.48962356285371617,-0.09915284805461531,0.0488867818660573,0.24027829234200557,-0.19281882790799595,0.3798722346482198,0.15543319651141632,-0.3243817794658066,-0.013022311703223976,0.24565088643738783,-0.029041122521532958,0.2967434773733277,-0.020994398966405096,-0.17487899902107354,0.16800456119640447,0.3265892415225886,-0.39560549894097424,0.06865394090738497,0.27841567321854155
-0.05910283984873528,0.1254723659264896,0.08705815407763577,0.25595269897211376,0.08264321052355987,0.31663023407633684,-0.22819594703924181,0.07929995282957347,-0.22780550330652136,-0.059814377400236624,2.2360353764607727e-4,0.3503441975247606,-0.019426597486347605,0.11225500721878416,-0.24735950075684512,-0.0031182315217619812,0.07611074211762353,0.1794853132235673,-0.15338190919611713,-0.09109011681584885,0.042417477475345286,0.7029410014656796,0.19870762252875948,-0.16067372380586228,0.21299751065576086,0.17799530953141962,-0.07747718770600312,0.14785789773856223,0.18691404941917736,0.5088155660987582,0.03914347827582985,-0.3425000000621081,0.1385554166603188,-0.020875834460856883,0.37785658840496794,-0.15997558430596331,-0.18404265374837908,0.11709415871905601,0.2906420826870159,0.4106773219257272,-0.38399847901277323,0.1073710925717791,0.23882498186227216,-0.03741229900646312,-0.10628230810595089
-0.13757110479487042,0.21412110241948012,-0.10836182501552996,0.01359021828942926,0.016264024284873668,0.42176695486417964,-0.35621885761076777,0.09664714221157661,-0.01881205828269397,-0.2111800927618742,-0.11366641499805592,-0.08292810545251302,-0.07098305945840053,0.11737898713334959,-0.2912481132783628,0.4360518504043682,0.16125607764684308,-0.3543844556622397,-0.05661570812007932,-0.07330364075525093,0.3549587777864882,0.19870762252875948,0.8957750853248087,0.2533025255343091,0.03751498727053356,0.16207617202273847,-0.21188011019427888,0.24384109284490849,-0.08817000677730502,0.5237901588638674,-0.43532964986774625,0.2401254883023684,0.01353004238223326,-0.17271884375824936,0.10409827154612833,-0.09815566731046056,-0.3162632574394056,0.6448526824283106,0.383125830181443,0.12992518977516998,-0.11034849041132892,-0.10333985244519919,-0.3578503275545019,0.15546392888206229,0.23023339526708475
0.052248914986260865,0.09901013453378403,-0.13225651645083586,-0.3222694739362303,0.14396625085426493,-0.07064805930540653,0.30056460755256253,-0.15158975751062825,-0.03889575892449343,-0.03514701355991412,-0.05412586898186077,-0.019476900963219863,-0.17428474297550078,0.40271618470138504,-0.12254072078642876,0.4632846895595709,-0.2377257762173139,-0.28926163571307395,0.6044595503554292,-0.0993400962885447,0.015392683965155505,-0.16067372380586228,0.2533025255343091,0.6727265067682556,0.2220695984923169,-0.3180073212980301,-0.1824331057657545,0.16582677216491865,-0.23219176940464253,-0.12641774657573052,-0.38865189327696037,6.144097735382081e-4,-0.28473762695297855,-0.35887126319727014,0.009996683599318918,-0.051051253097922154,-0.08007085503516918,0.5665581995390496,0.01685325790902085,0.06796464366034595,0.06998191315411482,0.020066369781416352,-0.40781391605968526,0.20590453897638122,-0.10823805829661753
-0.23936917881946462,0.003260291944900945,-0.016673144537980956,-0.4072018146176089,0.020957871737801802,-0.19822604437299499,-0.2782129758737512,-0.04365269915966288,-0.16467966294561592,0.04118501243764771,0.0963799314570565,-0.11906767185497769,0.07969304539519703,0.3413297832690662,-0.34161973998633033,-0.054087647763389715,-0.03829630307836271,-0.026944647048801694,0.18041590491242007,-0.7090059676490149,-0.4362212070927629,0.21299751065576086,0.03751498727053356,0.2220695984923169,1.576339722384714,-0.3255697763177362,-0.05928765241556478,0.17818219713766686,-0.21191246318351756,0.010530519312974239,0.04784556849652238,-0.3470156144786132,-0.4645580845846511,0.09686889919370162,-0.0025484637632028147,-0.7372373797707978,0.19605573626996345,-0.1474249346399465,0.002116206125446736,0.5764060259975936,-0.24448930232513985,0.10422958811859151,0.27647712603521507,-0.054871588148885715,-0.23052317950878778
0.18052830235968065,0.23844346945890715,0.0029271634069269518,0.23295938824073437,-0.31224002116098526,0.1258134420762515,-0.6546186473127124,0.08165877864240968,0.17833029498934527,-0.0828888139935805,0.019247646354409398,-0.11502620964957094,0.27803542870735826,0.008177477261248053,0.16793393102426257,-0.12874777273773147,0.004081117493742805,-0.20201349772617133,-0.699015947401865,-0.050040296237789376,0.05503771322396639,0.17799530953141962,0.16207617202273847,-0.3180073212980301,-0.3255697763177362,0.8167949503294032,0.09865124296718894,-0.21253747645868568,0.37921397820422686,0.1809424262004264,0.11287013036170407,0.14185908321995147,0.10322156392426536,0.17578235632381534,0.19890504395101877,0.038908131666429376,-0.10355203715596946,-0.1475253200472872,-0.06480225509723193,0.10284495601807928,-0.26802373141495855,-0.27575432214851525,0.12872391221828916,0.06568461448559512,0.17406364873449826
0.04841201475518195,-0.054473764670458814,-0.14535657756849718,0.2836271020063409,-0.0364034432806359,-0.0326842181527559,0.13968289835746373,0.2890967847637038,0.02066116448117277,-0.06419480121970944,0.2877526837846341,-0.05324060357149622,0.19030725610866667,-0.20487363280528678,0.1544309850351499,-0.43030024709381254,0.32989031959178805,-0.06811501902247345,-0.06174215997394338,0.20323207251100112,-0.48962356285371617,-0.07747718770600312,-0.21188011019427888,-0.1824331057657545,-0.05928765241556478,0.09865124296718894,0.7951175186844129,-0.2382802037648072,0.10610645134059424,-0.6578242410565928,0.22212250893450775,0.12271653195571237,0.17743538928614616,0.11716114657190958,-0.058219381055610656,-0.0902288871386738,0.0465104850247862,-0.1727822677186217,-0.04424728460588278,-0.04742259224634903,-0.06574650342312124,-0.22577816007566132,0.21810301391885464,-4.0858393880265894e-4,0.17038639003170494
-0.2200625629192629,0.3998671110884051,0.308013619598753,-0.37117458420634253,0.05981125952214388,0.07169286794915856,0.1532236886706532,-0.33914852938695683,0.07956282588755442,0.05564808726526888,-0.21570560225949179,-0.12389129621491109,-0.13975745223385763,0.053847851458254284,-0.3923557787141192,0.41601286468205906,0.04590901976613887,0.05917367980079942,-0.08078294518384983,0.33184534174798236,-0.09915284805461531,0.14785789773856223,0.24384109284490849,0.16582677216491865,0.17818219713766686,-0.21253747645868568,-0.2382802037648072,1.0179787229990789,-0.10096835778974247,0.3580421690698683,-0.5909809147783811,-0.20802197597380948,-0.302396526179578,0.09824938609572768,-0.02474059224000253,0.05629276266598365,-0.1635631141843381,0.6047115713695732,0.5066193132526287,0.36489320552344556,-0.12139681808266622,0.35117401630257505,-0.14871472115785056,-0.03281244033682402,-0.37099257761621823
-0.0591786993142319,0.09805506578251448,0.26310423831344376,0.14977737174100267,-0.291044302680608,0.20399788435087127,-0.4889156705891948,0.2573583197762496,-0.15143717508099733,-0.1103916839167275,-0.24808566759995074,0.07145379117650921,0.20546827212582403,0.09606487873493749,0.48270165488219047,-0.05936375663839296,0.27219453013044564,0.1349127611468021,-0.20112842156296368,0.04193515519984991,0.0488867818660573,0.18691404941917736,-0.08817000677730502,-0.23219176940464253,-0.21191246318351756,0.37921397820422686,0.10610645134059424,-0.10096835778974247,0.9021411269091798,-0.049686548964844285,0.29222884569933016,0.18186419929568268,-0.14089098677425974,0.008811958453773928,0.13282219617358965,-0.018236502307188814,0.2590089389615334,-0.07198867333695397,-0.15400204506351428,-0.2341425509716523,0.0806880728819183,0.05715859954960713,0.13944569923345718,0.06293757635847312,0.14205004617965147
0.0038209470763607123,0.06193167551613158,0.2810425992924869,-0.04549135347130173,-0.06672401345058712,0.3820881032884325,-0.43777425941287934,-0.05861819793489521,-0.08930413894665694,0.3593377627978117,-0.25526849528097195,0.21863710719084603,-0.2795191411902639,0.05689391165416454,-0.4260544159002424,0.45347234203794395,-0.040916878639899706,0.12452603685513874,-0.45621877242976455,-0.2875418932617776,0.24027829234200557,0.5088155660987582,0.5237901588638674,-0.12641774657573052,0.010530519312974239,0.1809424262004264,-0.6578242410565928,0.3580421690698683,-0.049686548964844285,1.584778874692463,-0.23405696349818367,-0.22841399237665844,0.1093045532767357,0.06345239118414524,0.11451120279192802,0.08149345785850745,-0.3085834810187664,0.23971321461836617,0.5153105244933821,0.26687203645034296,-0.07729652713104897,-0.20637313611016225,-0.20146934977519965,-0.002432552800791363,-0.1465504564066214
0.04202434553622267,0.052325791005478725,-0.07833940295572288,0.031360139229935254,-0.10050080829740533,-0.33496007674965583,-0.34716445930283685,0.7841714123024596,-0.07532708851715599,-0.07167297846400443,0.08758644762592031,0.37867473230403115,0.2933529843630864,0.05066381878007538,0.11133443018291668,-0.4127413464828111,-0.06400344219679006,-0.10760395583612951,-0.41112373756726145,-0.3683204521620546,-0.19281882790799595,0.03914347827582985,-0.43532964986774625,-0.38865189327696037,0.04784556849652238,0.11287013036170407,0.22212250893450775,-0.5909809147783811,0.29222884569933016,-0.23405696349818367,1.564617605212899,-0.07318481372955639,-0.02539012541125318,0.25080992360642895,-0.19434376181087507,-0.3375956507218494,0.4544557320444186,-1.2677682247420863,-0.5176637006838385,-0.3161447288607822,-0.1469787569235839,-0.27858214634377726,0.08263275558137052,-0.26334887515292565,0.20737292698133608
-0.075146209173647,0.07672258224381068,-0.07177310580166667,-0.20709623462212925,-0.16108819473488487,-0.05223374423958233,-0.13609275167101131,-0.04224969164741363,0.03425317069006358,-0.39394909559590474,-0.25544208642329647,-0.31042208411941075,-0.12306488474259875,-0.18872357055071395,0.2781716199844177,0.26931102758134623,0.11196239891642887,-0.27898375295493233,-0.3253141633182641,0.2800457114330069,0.3798722346482198,-0.3425000000621081,0.2401254883023684,6.144097735382081e-4,-0.3470156144786132,0.14185908321995147,0.12271653195571237,-0.20802197597380948,0.18186419929568268,-0.22841399237665844,-0.07318481372955639,1.1161837467523392,-0.07630125263457857,-0.34059489524790093,-0.11687351114152607,-0.15651208746801484,0.06315736694661048,0.09988240874355798,-0.07511321161668169,-0.33878811817380594,0.3210839758587228,-0.15305734483641614,0.013142866744511872,0.055777299969462804,0.11234805827687847
0.05606572079326402,-0.07206404962936559,-0.07666084992830283,0.5709205012132996,-0.024066137109483663,0.39087163705574846,-0.051955899529610786,-0.15585493322288865,0.27917354156388197,-0.19788538093567348,0.2250324844398817,0.26249455634323465,0.4375132906429527,-0.37298012214075066,0.2328760861806882,0.10402783309686946,-0.041322180657128255,0.3547283592353967,-0.1154430005251119,0.5294752056058976,0.15543319651141632,0.1385554166603188,0.01353004238223326,-0.28473762695297855,-0.4645580845846511,0.10322156392426536,0.17743538928614616,-0.302396526179578,-0.14089098677425974,0.1093045532767357,-0.02539012541125318,-0.07630125263457857,1.2992642381523307,-0.050751311863160786,0.14750372381673707,0.39992547262957606,-0.4906133266622862,-0.24456851114308847,-0.030234424451541283,0.04666041677889604,-0.03577521764055235,-0.44522461321967044,0.07757550145381228,0.01217685815895269,0.06698693592026475
-0.08288388781680625,0.06300862590820665,0.04858367051934595,0.07898837466813799,-0.23815662328791684,0.006940470739554955,-0.19199360461328122,0.13374977886083853,0.07721759319540543,0.2229296909374354,0.13096416853403797,-0.16746791329898883,0.24235895415612232,-0.09275818824244735,-0.0696021996649529,-0.3857871269063041,0.07864921325263478,0.04220898618468374,-0.3380066417710653,-0.15174302816344362,-0.3243817794658066,-0.020875834460856883,-0.17271884375824936,-0.35887126319727014,0.09686889919370162,0.17578235632381534,0.11716114657190958,0.09824938609572768,0.008811958453773928,0.06345239118414524,0.25080992360642895,-0.34059489524790093,-0.050751311863160786,0.5787266127732142,-0.034015455763111414,-0.012016825363845376,-0.009803836577514395,-0.24837597718000926,0.041248224540589525,0.09144677204994421,-0.23451947297633124,0.03165128617683852,0.21868685713942698,-0.16802722339385218,0.060300907627853326
-0.1252752221498458,0.340700217792797,-0.08162423677128076,0.223593933395766,-0.06154974099292059,0.33083479960431833,-0.07413775338723126,-0.10959138635705776,-0.353683124523613,-0.20054249178747682,0.05974017203376881,0.1783657941302285,0.08382606537037919,0.3280959325381916,-0.1070846877731739,0.17952445646668364,-0.27973061864266136,-0.004578058017007505,0.09657624753361571,0.0214379003607114,-0.013022311703223976,0.37785658840496794,0.10409827154612833,0.009996683599318918,-0.0025484637632028147,0.19890504395101877,-0.058219381055610656,-0.02474059224000253,0.13282219617358965,0.11451120279192802,-0.19434376181087507,-0.11687351114152607,0.14750372381673707,-0.034015455763111414,0.7699141096696626,-0.16806378422262883,-0.4774924079834115,0.47809252124400103,0.1982831924979587,0.40976676338648915,-0.4503376980412035,0.15351784184683676,0.6386728815335438,0.036008679682701376,-0.2977083400383498
0.12890149681904436,-0.2791881992692699,0.3838345415713341,0.3636231997470813,0.22849952050096067,0.13140762904003833,0.1463574557923345,-0.21343434611133885,0.2615049127611219,0.4886222983805701,-0.09921058450738289,0.030164664737001894,0.08664244024346113,-0.306361729826697,0.36019481686549837,0.11133279284505695,0.13084542559207157,0.31880663253926617,0.06859007295238415,0.5407927944539818,0.24565088643738783,-0.15997558430596331,-0.09815566731046056,-0.051051253097922154,-0.7372373797707978,0.038908131666429376,-0.0902288871386738,0.05629276266598365,-0.018236502307188814,0.08149345785850745,-0.3375956507218494,-0.15651208746801484,0.39992547262957606,-0.012016825363845376,-0.16806378422262883,0.88100263888662,0.03908698622720736,-0.16215128364096787,-0.07041505826682012,-0.3631845848086688,0.35945118420712013,0.016218505921710598,-0.451388797606222,0.16987386328763554,0.023745901395750963
-0.012220507133967114,-0.36093914677894773,0.2957874515442092,-0.17956031688291385,0.4050731222322871,-0.36660285548982896,-0.25702555430064655,0.42369208463718133,0.006004528105992284,0.2649612101344163,-0.029024902493751146,0.07980689332408343,-0.07812226099535734,-0.20793248852941068,0.3510669089404072,-0.27044886847166816,0.4937059368532158,0.06382829227169111,0.0403927179996698,-0.35323413916142743,-0.029041122521532958,-0.18404265374837908,-0.3162632574394056,-0.08007085503516918,0.19605573626996345,-0.10355203715596946,0.0465104850247862,-0.1635631141843381,0.2590089389615334,-0.3085834810187664,0.4544557320444186,0.06315736694661048,-0.4906133266622862,-0.009803836577514395,-0.4774924079834115,0.03908698622720736,0.893689424564117,-0.8681195557916671,-0.37822636558242334,-0.5366061127638002,0.3586628935479669,0.16567466448469576,-0.17442535835505799,-0.023092558953423728,0.019109725803778503
-0.3203481571314353,0.30748501878779555,-0.5028243038421343,-0.112321052848755,-0.2730161400192184,0.6168724539801833,0.9123411297549239,-0.59208586278949,-0.15893744926031717,-0.33101952877901003,-0.17244144120095828,-0.3321012354943638,-0.576166510630959,0.38592063567680984,-0.4486016728859759,0.43617008629231596,-0.08549260137107749,-0.21530523136896837,0.6090970908644129,0.09288670837262675,0.2967434773733277,0.11709415871905601,0.6448526824283106,0.5665581995390496,-0.1474249346399465,-0.1475253200472872,-0.1727822677186217,0.6047115713695732,-0.07198867333695397,0.23971321461836617,-1.2677682247420863,0.09988240874355798,-0.24456851114308847,-0.24837597718000926,0.47809252124400103,-0.16215128364096787,-0.8681195557916671,2.360635432076774,0.6498705905166707,0.5457964559985669,-0.15330090554148965,0.45666450819954896,-0.09476378850546452,0.19871693368905835,0.22657540748688398
0.18020763079065294,0.3843155637319274,-0.029938194781942824,0.0243684295983928,0.08342503168253743,0.16696107919417688,-0.05778485527457042,-0.14334428799221685,-0.22539672271831507,-0.031400279030858576,7.389843841533684e-4,0.10760638363131154,-0.15671361232170117,0.06536973192872371,-0.32227201178677456,-0.020614249499208658,0.1755569768282702,0.0654655230102047,0.06803747412965952,0.21116518363456577,-0.020994398966405096,0.2906420826870159,0.383125830181443,0.01685325790902085,0.002116206125446736,-0.06480225509723193,-0.04424728460588278,0.5066193132526287,-0.15400204506351428,0.5153105244933821,-0.5176637006838385,-0.07511321161668169,-0.030234424451541283,0.041248224540589525,0.1982831924979587,-0.07041505826682012,-0.37822636558242334,0.6498705905166707,0.8189096645094589,0.39648102727942447,-0.33224497691094723,0.03658785660266092,-0.013135995016403633,-0.0032735322799636274,-0.2611922291477488
0.008047268202703283,0.5623144537393077,-0.20561178015381146,-0.08670690910658028,-0.09740317129440348,0.009713796857935903,0.05448454593802625,-0.5033077145699172,0.02287116271506863,-0.1421713656195219,0.07727216041328958,-0.013348692333879933,0.06021416231625759,0.32145639628658584,-0.4796351595701022,0.05715838854171431,-0.3545566152194193,7.752170688431884e-4,-0.16952050432370097,0.005677642987131034,-0.17487899902107354,0.4106773219257272,0.12992518977516998,0.06796464366034595,0.5764060259975936,0.10284495601807928,-0.04742259224634903,0.36489320552344556,-0.2341425509716523,0.26687203645034296,-0.3161447288607822,-0.33878811817380594,0.04666041677889604,0.09144677204994421,0.40976676338648915,-0.3631845848086688,-0.5366061127638002,0.5457964559985669,0.39648102727942447,0.9788258551511948,-0.6097182318307507,0.003308612735765852,0.27403252914238296,-0.00904248867862262,-0.30636808816444505
-0.20416986702069231,-0.5926447382649929,0.312998285273205,0.07281962471727753,0.08999047313739945,-0.044604415094469434,0.30750674013061213,0.028723484152992793,0.04299153842497468,0.27376447064883574,-0.30596114528799956,-0.16066169523927817,-0.28537315173751165,-0.28648221237982513,0.10228858685180678,0.1951484627084515,0.12546357033620956,0.18788534393186954,0.12140695076299561,0.28131167005747154,0.16800456119640447,-0.38399847901277323,-0.11034849041132892,0.06998191315411482,-0.24448930232513985,-0.26802373141495855,-0.06574650342312124,-0.12139681808266622,0.0806880728819183,-0.07729652713104897,-0.1469787569235839,0.3210839758587228,-0.03577521764055235,-0.23451947297633124,-0.4503376980412035,0.35945118420712013,0.3586628935479669,-0.15330090554148965,-0.33224497691094723,-0.6097182318307507,0.9582598595967052,-0.04007871456531955,-0.3235491507875575,0.16186140513015332,0.38930492603827294
-0.48884810069545687,-0.13666458566981982,0.0908145039747466,-0.07534374720188947,0.30750933437198236,0.13977209614826958,0.4695638512675845,-0.17205356210316286,-0.1766305344315801,0.0427504559641709,-0.11922542356612127,-0.07651865964716753,-0.31284426453512104,-0.06711641101971794,-0.026706669742671104,-0.06723362131729795,0.2408510085287425,0.20538308350307166,0.33895662862020953,-0.08925315065393186,0.3265892415225886,0.1073710925717791,-0.10333985244519919,0.020066369781416352,0.10422958811859151,-0.27575432214851525,-0.22577816007566132,0.35117401630257505,0.05715859954960713,-0.20637313611016225,-0.27858214634377726,-0.15305734483641614,-0.44522461321967044,0.03165128617683852,0.15351784184683676,0.016218505921710598,0.16567466448469576,0.45666450819954896,0.03658785660266092,0.003308612735765852,-0.04007871456531955,0.937742433794591,0.24457058558331934,-0.10958135955148539,-0.09691440927126858
-0.3728675110046707,0.060484298743627686,-0.025179492879056877,0.10717598862676901,-0.10282896593916425,0.12539508400942684,-0.06807135544386389,0.0660805315531629,-0.3867235965168988,-0.2824683459836569,0.24395748516910093,0.0353171475960998,0.050371392880939586,-0.056373572226088624,-0.12309535199339597,-0.17321282767727864,-0.11101664920895064,0.12133474053798031,-0.2057975635763495,-0.1474591515081175,-0.39560549894097424,0.23882498186227216,-0.3578503275545019,-0.40781391605968526,0.27647712603521507,0.12872391221828916,0.21810301391885464,-0.14871472115785056,0.13944569923345718,-0.20146934977519965,0.08263275558137052,0.013142866744511872,0.07757550145381228,0.21868685713942698,0.6386728815335438,-0.451388797606222,-0.17442535835505799,-0.09476378850546452,-0.013135995016403633,0.27403252914238296,-0.3235491507875575,0.24457058558331934,1.3534373302657676,-0.22725351292439339,-0.38785803969646593
