V1,V2,V3,V4,V5,V6,V7,V8,V9,V10,V11,V12,V13,V14,V15,V16,V17,V18,V19,V20,V21,V22,V23,V24,V25,V26,V27,V28,V29,V30,V31,V32,V33,V34,V35,V36,V37,V38,V39,V40,V41,V42,V43,V44,V45
0.916111718146068,-0.06853986618367569,-0.12776042217728256,0.3515317156667441,-0.11104909197874611,0.06441287919684527,-0.2510863445417534,-0.48371781258006125,0.0026140020333924405,-0.1438548844142943,0.10146664116322164,0.17557343520158397,0.0015767213340188845,-0.08904081164073864,0.3194405724215341,-0.4159804202813438,-0.09860420452989571,0.13129727385090217,0.13095031412212085,0.22895663118848528,0.0688086915343847,0.3930559558447913,0.02409251102308107,-0.06641578174074433,-0.2863852545542545,0.24368253634178186,-0.06492487184274125,-0.24030471170019896,-0.03482266749680559,0.33060660113206675,-0.26021593067829363,0.12927985563311445,0.29354151455583233,-0.17624906913025395,0.05596607739292367,0.1352356559429897,-0.21425745791504192,0.23203680280673664,0.20843868271155627,0.19097645576759475,-0.19519298895580442,-0.19693652148727378,-0.10227725562156356,0.27723187751433176,-0.09814987208967912
-0.06853986618367569,0.9574899557578116,0.25535231308409656,-0.1614693654736077,-0.33251138967087474,-0.10779438752199123,-0.6139016691095494,0.09166752631745456,-0.1972934464161226,-0.39141364501661324,0.03929777809408908,0.3198696251410404,0.23572519608948847,0.2906664365586296,-0.3095669823710186,0.031730213291725415,-0.1122854973390175,-0.030059054539894336,-0.6694447535569775,0.30710378477405315,-0.22487257042362763,0.3783125134687705,0.15351680588039762,-0.1769165138240974,0.2828235621399426,0.2627635968731544,0.21479765724231817,0.19473173897471607,0.3226899924912115,0.12788171439086155,0.5346768427444484,0.07116214713191517,0.12821281472832705,0.11735900068507568,0.1635599170728855,-0.24452849298625665,-0.13920567934308717,-0.4661087918551725,0.24916214988728422,0.396640821255644,-0.43769925213208666,-0.11072156915957676,0.3745749205704645,-0.013037526991122175,-0.3092521929746707
-0.12776042217728256,0.25535231308409656,0.6594504193824621,-0.08890818565174267,-0.03757849226107391,-0.025720817575229236,-0.1455390884491364,0.03445061630239246,-0.2084305454802127,0.41937076521516686,-0.1570783252769397,0.10732448850193271,-0.020693416659846486,0.09155890515797721,0.042720179456899966,0.1043731351723144,0.2780239657167887,0.32734238198367027,-0.06395226756449625,0.37630624375817273,-0.24939739925558543,-0.03616464273189426,-0.08202388109751939,-0.01734034181486419,-0.04398221746635748,-0.09386871574669159,0.09525033824677451,0.4332835444351025,0.36286003506465636,0.152286085182529,-0.1646858128951101,-0.16318523290865541,-0.15829900219073675,0.13023581623675373,-0.09723084415536021,0.40969130227091644,0.1954925426574184,-0.1750441659202221,0.2825631148975893,-0.14789582537907786,0.22867971279753346,0.13938602691664462,-0.034608873254347194,0.08851214167174935,-0.29815444791689816
0.3515317156667441,-0.1614693654736077,-0.08890818565174267,0.63249902286865,0.022915062364338292,0.23703611715479922,0.019008320184559634,-0.30135689513076197,0.03715422337179883,0.011386555685329718,-0.08953716345435034,-0.12578315742483567,0.2746245291936943,0.014491541960082626,0.3549105301266215,-0.29270155488478855,-0.14549726225236506,0.02736919159818681,0.28015003669949246,0.40916366762580947,0.07653032049646101,0.22652649337342234,-0.056705744003343675,0.009836236115456688,-0.25734903010798543,0.20381398919400048,0.027429108520632312,-0.22198930162259436,0.09613461922190569,-0.24964735218299217,-0.09560504437074757,0.04053268342494735,0.0738303767694466,0.02119574092698564,0.21062172238233046,0.1882839288915568,-0.14595466528944545,0.3618963912783861,-0.16819358542611212,0.08640426070191864,-0.06867837124834496,0.10740317888695124,-0.13495303801769293,0.3201600708327578,0.26811030626294396
-0.11104909197874611,-0.33251138967087474,-0.03757849226107391,0.022915062364338292,0.9064742258676514,-0.039085998351940675,0.39492842987768617,0.017569970432866136,0.2781387026421783,0.25112940707647646,-0.04817371485652189,-0.2936890138346902,-0.3726316390254789,-0.30667110188964236,0.05875419792944537,-0.1912429830571922,0.47042337626050224,0.022426263918446477,-0.06835086034437526,0.03709718435005511,0.22420457013918785,0.037600265455714106,-0.12690418235183187,-0.03964337996118882,-0.09970563096270306,-0.019207433268490327,-0.04528068128472885,0.05932137216604812,-0.14553654643512962,0.08124959099245824,-0.14644925904749548,0.38913283754288763,-0.48089050707453995,0.13953357587329976,-0.21366031661618534,0.20049439480003933,0.4110842472723866,0.14096036863971098,0.042286352921335944,-0.11967470963298708,0.09256882177068551,0.3483597802532787,-0.41074551612933635,-0.023887259646560972,0.13148171577627443
0.06441287919684527,-0.10779438752199123,-0.025720817575229236,0.23703611715479922,-0.039085998351940675,0.325901547946702,-0.1900784357001207,-0.019770047071477097,0.0460398382089117,-0.07870328700444455,-0.12025886043838963,-0.19641846065379645,0.22476979384201803,-0.01796863359740586,0.2074869278584069,0.25697098137926006,-0.12427028179758222,-0.2319113274034979,0.1102186431506793,0.15454333360319958,-0.0484491550299264,0.02735622435487889,0.1814957021936856,0.07739484403916938,-0.24690196940180428,0.15563565356275186,-0.11881417115450668,-1.3036526889389008e-4,0.053016934080607585,0.0443770285577232,-0.18990629520989927,0.23013908243989772,0.017832915588409735,0.01671893703820899,0.20397814084101978,0.018489106510374054,-0.17296331996865802,0.3833707539523146,-0.11008184958688894,-0.09176933173016269,0.02754427326682408,-0.08339744184536194,-0.004530908350954004,0.18700238561272461,0.08395971797531644
-0.2510863445417534,-0.6139016691095494,-0.1455390884491364,0.019008320184559634,0.39492842987768617,-0.1900784357001207,1.7028520705165036,-0.17698142295545663,0.2357490399762803,0.361675682553819,0.08068071601189784,-0.03608144915256186,-0.5960340773632802,-0.10460787364799008,-0.42646203878223143,0.041749891269827644,-0.1661482077596372,0.22508847436072724,0.5518116679152568,0.37754126883740313,-0.02484127820302023,-0.3092396532612325,-0.4093755251333869,0.4095247695347426,-0.2142634219783422,-0.7017795884968322,0.26748682328168594,0.008917917092110886,-0.5605564893809983,-0.5062225661704151,-0.1997862654637907,-0.3406888524143769,0.12367635905146453,-0.2602641925050151,-0.40856120226950066,0.4925587515773977,-3.184232743359627e-4,0.29351175980752536,-0.22217757586650327,-0.1566180169436203,0.5324665943048612,0.19014510465007348,-0.6124245680632208,-0.05204340080164973,0.3653688411539083
-0.48371781258006125,0.09166752631745456,0.03445061630239246,-0.30135689513076197,0.017569970432866136,-0.019770047071477097,-0.17698142295545663,0.7633916167257422,-0.25082695697097185,0.02842007931072435,0.19328986064618264,0.03746059506315969,-0.06418651474794881,0.26888197939388164,-0.21613922981168343,0.13475227656461808,0.20285211808691378,-0.2724417675144659,-0.17736153105610866,-0.649938517515251,-0.2749475842109534,-0.09132171220992544,0.033667117886055704,-0.005412380523830492,0.18885298489629937,0.1954302794364279,0.22535941353551106,-0.03534391489523707,0.2889522656176584,-0.16597689452550837,0.2211065279605317,-0.18279892048291704,-0.3924099986744771,0.12459920851052086,0.25557374516064363,-0.2631103146966124,0.22030438431364,-0.2717813996943607,-0.020229239800462075,-0.1616657963686254,-0.20293383157835776,0.045867153980868776,0.4256483695871025,-0.3007475381153437,-0.09826894637145626
0.0026140020333924405,-0.1972934464161226,-0.2084305454802127,0.03715422337179883,0.2781387026421783,0.0460398382089117,0.2357490399762803,-0.25082695697097185,0.5769967604792275,-0.15571887533572767,-0.013586419052456559,-0.2028237658589112,0.17864373598990463,-0.48424252650930527,0.4085671783860857,0.057652733992510176,0.07078703983074419,0.027956616177913663,-0.12660689125401692,0.22948245747240262,0.21862056214775233,-0.15661262778964663,-0.2408233252805542,-0.17472906489429588,-0.3781966347169666,-0.005065759585915472,-0.06106788277054949,-0.04074032340801748,-0.15922959095477657,-0.15614735561764861,0.07952077480133568,0.3173359476043204,0.316935004627131,0.0803952271631332,-0.20985142105612675,0.14498105444706821,0.03540421180744415,-0.011679592631967918,-0.3071208122371118,-0.10812469475540966,0.0478196190612737,-0.011278529070841424,-0.21450949527487315,-0.06048594732076859,0.07305522202302951
-0.1438548844142943,-0.39141364501661324,0.41937076521516686,0.011386555685329718,0.25112940707647646,-0.07870328700444455,0.361675682553819,0.02842007931072435,-0.15571887533572767,1.3013356617163276,-0.12998984348181652,0.04189132016285376,-0.2099022049814747,-0.09252192826896782,0.09100114860600475,0.08418661591165542,0.341571711958059,0.14984678476882138,0.3161919789904458,-0.369363823289804,-0.27732079556249234,-0.2823673710263684,-0.18841174383234927,0.07183218839795111,0.06068803390288686,-0.31630008673667265,-0.0024617160424984757,0.26914911307616074,-0.1965874234281372,0.22767430537929761,-0.23505868173106884,-0.6467485141060959,-0.35280623278748946,0.15001653210831886,-0.15346590174568925,0.3555247417936118,0.22626881149846947,-0.04938021842198299,0.11512104882003811,-0.10912377419254544,0.25397506525897595,0.1131808379009754,-0.20734565653795203,0.08872684217625113,-0.29915021015401344
0.10146664116322164,0.03929777809408908,-0.1570783252769397,-0.08953716345435034,-0.04817371485652189,-0.12025886043838963,0.08068071601189784,0.19328986064618264,-0.013586419052456559,-0.12998984348181652,0.7221957962403428,0.160106534366334,6.769410236027159e-4,0.15993932576296271,-0.19728805483036946,-0.598108229330181,0.02625710046152225,0.13575282128784447,0.022445804296804435,-0.3630700736903991,-0.4468872363098643,0.12661824398292787,-0.285033165136926,-0.057454472872448,0.3521292586447445,0.05116375796473355,0.3944945341491572,-0.34257406425344933,-0.16509211607162988,-0.19074526830548702,0.20868453811977752,-0.45626760598552607,0.25832727607371314,0.3062790469233932,0.024782883442495532,0.09468475780413245,-0.0017233861036147647,-0.48377205111217325,0.03572482777451116,0.12219492853929885,-0.4635831310752906,0.023526688876567618,0.32080869601643414,-0.21608328967999946,-0.11139821936168563
0.17557343520158397,0.3198696251410404,0.10732448850193271,-0.12578315742483567,-0.2936890138346902,-0.19641846065379645,-0.03608144915256186,0.03746059506315969,-0.2028237658589112,0.04189132016285376,0.160106534366334,0.5907434618096655,-0.3168642895142229,8.211721941057628e-4,-0.38630092070510874,-0.12241350808156232,-0.060592831737177145,-0.14837525542644583,-0.16158471803809812,-0.2794432647180119,-0.27173655844294725,0.25648808337267565,0.02435751037622063,-0.025274193431192207,0.02109123777294953,0.01876543659047384,0.05062704762833184,0.07139164079016505,-7.970066391380973e-4,0.206225527379878,0.43698524112430986,-0.43128949858519605,0.020607325454509082,-0.11696143477084917,-0.19312078597823104,-0.12454460185294232,0.012310928023876407,-0.24394894631809744,-0.03582287254669168,0.15710942891172125,-0.062427869472499,-0.0172279534464115,0.20599443261067027,0.1838676810383789,-0.12953420491324313
0.0015767213340188845,0.23572519608948847,-0.020693416659846486,0.2746245291936943,-0.3726316390254789,0.22476979384201803,-0.5960340773632802,-0.06418651474794881,0.17864373598990463,-0.2099022049814747,6.769410236027159e-4,-0.3168642895142229,1.1055052209006373,0.13415374706724903,0.7311912673568224,0.013383070994227496,-0.14932719040362394,0.27388873588354345,-0.16711654739145176,0.39469910963101795,-0.09957800792200264,-0.09341642600059374,-0.2333340960047335,-0.32821814068020727,0.010341099608326604,0.33029882642582287,0.2729604479663418,-0.11734271228947493,0.36243209582675356,-0.4481598095758378,0.017085322621785234,0.014082910459561275,0.5679340383504485,0.33443639709756023,0.5523053546589831,-0.022044076051781564,-0.320379791982434,-0.26664315986357434,-0.0023845766301115122,0.18494364625199283,-0.5104727835776754,-0.2922061440838089,0.3646146656877422,-0.28649570932991847,-0.2555659631128274
-0.08904081164073864,0.2906664365586296,0.09155890515797721,0.014491541960082626,-0.30667110188964236,-0.01796863359740586,-0.10460787364799008,0.26888197939388164,-0.48424252650930527,-0.09252192826896782,0.15993932576296271,8.211721941057628e-4,0.13415374706724903,0.993228982262517,-0.24905091608416705,-0.13978759978382232,-0.3626628145283463,0.3516340976116154,0.05567116565322694,0.045246833123066085,-0.3242719280127749,0.20922836566359038,-0.14150366039237072,0.20480223606240092,0.6447607645656666,0.14389011515805022,0.3562811350943812,-0.42470764120203935,0.4641127256663332,-0.04765662681360858,0.028118825275534498,-0.15525607134655403,-0.0048711649185880215,0.05539611762023771,0.5590863508533617,-0.035315166686222976,-0.1704574561408528,-0.14565813455828705,0.2504125249201297,0.26664891904520427,-0.23127870938214,-0.24890440019496274,0.23262757193559364,-0.15543391903619214,0.004435459869252804
0.3194405724215341,-0.3095669823710186,0.042720179456899966,0.3549105301266215,0.05875419792944537,0.2074869278584069,-0.42646203878223143,-0.21613922981168343,0.4085671783860857,0.09100114860600475,-0.19728805483036946,-0.38630092070510874,0.7311912673568224,-0.24905091608416705,1.528494354890438,-0.07794683040697044,0.3018574739686218,0.41711950697465194,0.018208212413034133,0.38098754164839116,0.5019128293571804,-0.36462724870847085,-0.4401636327881448,-0.3543147286920639,-0.8420566092708522,0.47689685027294676,0.06427274431368,-0.47617698932220953,0.6402942351786476,-0.3791140641311716,-0.24601865804046735,0.5673513909103708,0.4023546189300893,0.05845195097199772,0.24578850014959963,0.5458477349792993,0.15863866494473983,-0.1602975441885791,-0.24840893256838154,-0.4839862108938983,0.021776556559502593,-0.15671570576292718,-0.15201978561693488,-0.08458961321557452,-0.1029961744387329
-0.4159804202813438,0.031730213291725415,0.1043731351723144,-0.29270155488478855,-0.1912429830571922,0.25697098137926006,0.041749891269827644,0.13475227656461808,0.057652733992510176,0.08418661591165542,-0.598108229330181,-0.12241350808156232,0.013383070994227496,-0.13978759978382232,-0.07794683040697044,1.406188192110257,-0.2858415867402944,-0.5906353175810435,-0.16422923251932522,0.15331267408001115,0.07669435213253349,-0.4022716030110966,0.5196965265218524,0.2560409571097698,-0.5044085778975571,-0.1644772833865055,-0.3152143673742157,0.47214728455648536,-0.1171328573506348,0.3366389088149836,-0.1852737034062988,0.4956328990165384,0.027641537189209427,-0.4023095863831188,0.07326078314563689,-0.242297158016483,-0.3360720301491273,0.5035703896943027,-0.08121629606279475,-0.24580380552844447,0.4427244127202645,-0.4659468468304884,-0.12702127736747557,0.0663283016270544,-0.16591866848993875
-0.09860420452989571,-0.1122854973390175,0.2780239657167887,-0.14549726225236506,0.47042337626050224,-0.12427028179758222,-0.1661482077596372,0.20285211808691378,0.07078703983074419,0.341571711958059,0.02625710046152225,-0.060592831737177145,-0.14932719040362394,-0.3626628145283463,0.3018574739686218,-0.2858415867402944,0.738830387119792,0.14538324311041922,-0.13086432930797828,-0.1886089036151372,0.11710401868227623,-0.1269673118845149,-0.140672963083232,-0.25619388432531304,-0.17861871724186257,0.07582047772158884,0.029351123831102388,0.24956845673781547,0.18408747921183552,-0.030198027981494034,-0.1250600675909872,0.013095734747645391,-0.4243341994052504,0.21585859672944802,-0.23430034155613963,0.24998679936613943,0.5549333246539481,-0.29714173107237907,0.15584249847069537,-0.31404834417472494,0.02034581273373581,0.406991995228061,-0.03877203849950617,-0.14286812598886553,-0.19828991470142343
0.13129727385090217,-0.030059054539894336,0.32734238198367027,0.02736919159818681,0.022426263918446477,-0.2319113274034979,0.22508847436072724,-0.2724417675144659,0.027956616177913663,0.14984678476882138,0.13575282128784447,-0.14837525542644583,0.27388873588354345,0.3516340976116154,0.41711950697465194,-0.5906353175810435,0.14538324311041922,1.1966086211225813,0.15706441579034697,0.6472568529433024,-0.0853870170591144,-0.07295363761327538,-0.7703700198158104,-0.1565223402960529,0.32405362460901743,-0.16849149081663675,0.40568371174997164,-0.13518609744323404,0.44494251982067456,-0.2619787315944106,-0.3437049324300841,-0.23116808201955763,0.34855909607802543,0.23942192303290766,0.03813705933581058,0.616498925707397,0.1632052534931413,-0.4507742262068857,0.374085345598019,0.06159258906786854,0.033088944092164854,-0.0013503425865781554,-0.14421542426617795,-0.3606509753616399,-0.18448286747819034
0.13095031412212085,-0.6694447535569775,-0.06395226756449625,0.28015003669949246,-0.06835086034437526,0.1102186431506793,0.5518116679152568,-0.17736153105610866,-0.12660689125401692,0.3161919789904458,0.022445804296804435,-0.16158471803809812,-0.16711654739145176,0.05567116565322694,0.018208212413034133,-0.16422923251932522,-0.13086432930797828,0.15706441579034697,0.831769030454738,-0.00743668473422465,0.028472129514609253,-0.24299690826009387,-0.04370244907485623,0.32724139723562257,-0.0550942990809608,-0.3587809504681362,-0.08755492508315123,-0.13661655758381636,-0.2686098520316465,-0.23555838741018806,-0.5614907721462008,-0.36827689349678455,-0.015014604424981953,-0.13150879873387133,-0.08051721457289161,0.3357601924400867,-0.06420869022017821,0.45658612663798176,-0.09390658314903431,-0.2507994267530516,0.41238855395380286,0.1624052457263342,-0.27097497158750483,0.1545975372882942,0.3320563064287038
0.22895663118848528,0.30710378477405315,0.37630624375817273,0.40916366762580947,0.03709718435005511,0.15454333360319958,0.37754126883740313,-0.649938517515251,0.22948245747240262,-0.369363823289804,-0.3630700736903991,-0.2794432647180119,0.39469910963101795,0.045246833123066085,0.38098754164839116,0.15331267408001115,-0.1886089036151372,0.6472568529433024,-0.00743668473422465,1.9665744769789315,0.21223300084504607,0.06862410992639108,-0.16360153314675074,0.06878169023747585,-0.6168666323196323,-0.1142331980501998,0.32402063854973473,0.2949073272251351,0.29697862018387156,-0.39266667683778134,-0.5106826414646871,0.6673121959414854,0.579819734791038,-0.1598352466463635,0.066066240629235,0.7605047384685907,-0.3207752900052787,0.3042470811230136,0.3311375798291575,-0.002306574321532346,0.22552231911454987,-0.02345791501142979,-0.5326227163727631,0.12008549830291253,-0.010462821556868234
0.0688086915343847,-0.22487257042362763,-0.24939739925558543,0.07653032049646101,0.22420457013918785,-0.0484491550299264,-0.02484127820302023,-0.2749475842109534,0.21862056214775233,-0.27732079556249234,-0.4468872363098643,-0.27173655844294725,-0.09957800792200264,-0.3242719280127749,0.5019128293571804,0.07669435213253349,0.11710401868227623,-0.0853870170591144,0.028472129514609253,0.21223300084504607,1.0741006326082447,-0.31289741413347194,0.2196093220554104,-0.01028327364894822,-0.525208846402925,0.052769388911328687,-0.37216095170075464,-0.28674330908409024,0.02707718258259469,-0.1934220985177336,-0.10854472868711526,0.8778748536619199,-0.08935546091503398,-0.4102721230643989,-0.2045169709543437,0.03481356135898204,0.18906276067464758,0.19379321341033787,-0.23290311366488112,-0.3877213859796731,0.3937816343939934,0.1504634933262756,-0.46995147555490696,0.0881355450159201,0.39750627623125034
0.3930559558447913,0.3783125134687705,-0.03616464273189426,0.22652649337342234,0.037600265455714106,0.02735622435487889,-0.3092396532612325,-0.09132171220992544,-0.15661262778964663,-0.2823673710263684,0.12661824398292787,0.25648808337267565,-0.09341642600059374,0.20922836566359038,-0.36462724870847085,-0.4022716030110966,-0.1269673118845149,-0.07295363761327538,-0.24299690826009387,0.06862410992639108,-0.31289741413347194,0.7560453826345823,0.07098073722045196,-0.07850036118674056,0.3194246037160558,0.31291242358244864,0.03008563227897284,0.02170777672725334,0.1277837460483291,0.36597837125473626,0.24954023676083703,-0.06976916243402578,-0.16901778154440766,0.10960209089228096,0.16604941454259609,-0.2736563666382352,-0.08994941567234002,0.13090227969666715,0.18638109435566666,0.5409740013281249,-0.4090617193350134,0.01935388409084792,0.17420325851067434,0.24173823080116075,0.009620018524526267
0.02409251102308107,0.15351680588039762,-0.08202388109751939,-0.056705744003343675,-0.12690418235183187,0.1814957021936856,-0.4093755251333869,0.033667117886055704,-0.2408233252805542,-0.18841174383234927,-0.285033165136926,0.02435751037622063,-0.2333340960047335,-0.14150366039237072,-0.4401636327881448,0.5196965265218524,-0.140672963083232,-0.7703700198158104,-0.04370244907485623,-0.16360153314675074,0.2196093220554104,0.07098073722045196,0.8877073637405707,0.2211094293161852,-0.0948720747269901,-0.006687045565917159,-0.44606198914272704,0.3221837741211958,-0.3851790215739422,0.4303415371134842,-0.14417615131155295,0.37699080898309834,-0.31774738516955625,-0.3005575172496599,-0.015691774467357072,-0.45353657775750555,-0.24264614162367945,0.5091881380057539,0.13427259512648837,0.002304594388485985,0.07374711582341278,-0.01666645383269756,0.0032584371354608317,0.31071236848080186,0.051054591490947404
-0.06641578174074433,-0.1769165138240974,-0.01734034181486419,0.009836236115456688,-0.03964337996118882,0.07739484403916938,0.4095247695347426,-0.005412380523830492,-0.17472906489429588,0.07183218839795111,-0.057454472872448,-0.025274193431192207,-0.32821814068020727,0.20480223606240092,-0.3543147286920639,0.2560409571097698,-0.25619388432531304,-0.1565223402960529,0.32724139723562257,0.06878169023747585,-0.01028327364894822,-0.07850036118674056,0.2211094293161852,0.38903706596019527,-0.010841450924663175,-0.23952448252410669,-0.07833918943737203,-0.04728548147763692,-0.22545203821247897,0.06947373444010513,-0.2260779326643446,0.03852683091161447,-0.08351610760382579,-0.23235474236039516,-0.031080589589386847,0.09563108158582595,-0.15199899163265665,0.3787308084955895,-0.015134750179645405,-0.11315313089493333,0.3127276326501596,-0.023978624670039157,-0.22022414996131404,0.1806143202337468,0.2138314736745225
-0.2863852545542545,0.2828235621399426,-0.04398221746635748,-0.25734903010798543,-0.09970563096270306,-0.24690196940180428,-0.2142634219783422,0.18885298489629937,-0.3781966347169666,0.06068803390288686,0.3521292586447445,0.02109123777294953,0.010341099608326604,0.6447607645656666,-0.8420566092708522,-0.5044085778975571,-0.17861871724186257,0.32405362460901743,-0.0550942990809608,-0.6168666323196323,-0.525208846402925,0.3194246037160558,-0.0948720747269901,-0.010841450924663175,1.5674032770391688,-0.22308398123685408,0.06129662119361513,0.008494219091385062,-0.20388245797648774,0.31249226136165636,0.22481217454829647,-0.7234880442609933,-0.24329045535530158,0.48745003786584173,0.1667558511377198,-0.534236860851526,-0.03330569495086577,-0.3917873148607178,0.389075418108393,0.7204671532873084,-0.4452611486907187,0.009053495566979397,0.41553816837827245,-0.3176387684429552,-0.07520950051410125
0.24368253634178186,0.2627635968731544,-0.09386871574669159,0.20381398919400048,-0.019207433268490327,0.15563565356275186,-0.7017795884968322,0.1954302794364279,-0.005065759585915472,-0.31630008673667265,0.05116375796473355,0.01876543659047384,0.33029882642582287,0.14389011515805022,0.47689685027294676,-0.1644772833865055,0.07582047772158884,-0.16849149081663675,-0.3587809504681362,-0.1142331980501998,0.052769388911328687,0.31291242358244864,-0.006687045565917159,-0.23952448252410669,-0.22308398123685408,0.6949889538639367,0.0979330296002765,-0.3802940414653214,0.5645909290168494,-0.00484054667483821,0.2942988198233939,0.3724415465894838,-0.046584174309027955,0.08396438728060258,0.4172433967138567,-0.15122696156185064,0.052545147189311525,-0.11930303658418241,-0.10573637837776029,0.04062767679038752,-0.43741940623422554,-0.11674435734232798,0.2825472110720233,0.04575983846979608,-0.04761045720594276
-0.06492487184274125,0.21479765724231817,0.09525033824677451,0.027429108520632312,-0.04528068128472885,-0.11881417115450668,0.26748682328168594,0.22535941353551106,-0.06106788277054949,-0.0024617160424984757,0.3944945341491572,0.05062704762833184,0.2729604479663418,0.3562811350943812,0.06427274431368,-0.3152143673742157,0.029351123831102388,0.40568371174997164,-0.08755492508315123,0.32402063854973473,-0.37216095170075464,0.03008563227897284,-0.44606198914272704,-0.07833918943737203,0.06129662119361513,0.0979330296002765,0.7164203292345317,-0.17018401266700067,0.25408355772020547,-0.5559192829596328,0.083838688501799,-0.3097544060042075,0.31206307478298606,0.17894471820860902,0.30523156115543637,0.2922806191837748,-0.061192172217462655,-0.46834715281635003,0.20417719853883787,0.11407139590542441,-0.4355195668262722,-0.057720821605636824,0.21530452938307001,-0.37056534892557474,-0.25482711540450614
-0.24030471170019896,0.19473173897471607,0.4332835444351025,-0.22198930162259436,0.05932137216604812,-1.3036526889389008e-4,0.008917917092110886,-0.03534391489523707,-0.04074032340801748,0.26914911307616074,-0.34257406425344933,0.07139164079016505,-0.11734271228947493,-0.42470764120203935,-0.47617698932220953,0.47214728455648536,0.24956845673781547,-0.13518609744323404,-0.13661655758381636,0.2949073272251351,-0.28674330908409024,0.02170777672725334,0.3221837741211958,-0.04728548147763692,0.008494219091385062,-0.3802940414653214,-0.17018401266700067,1.198340272549038,-0.2544438075352954,0.29372824850423024,-0.32587812621917917,-0.31711384386742386,-0.3096127302304725,0.040919971069058626,-0.27702757733673405,-0.15189766554598433,-0.012175603032348555,0.2711614144116393,0.43329799266225144,0.13988890967071013,0.15319224784514404,0.2039593431341984,1.9171863293078613e-4,2.1955900475414356e-4,-0.36624997422440897
-0.03482266749680559,0.3226899924912115,0.36286003506465636,0.09613461922190569,-0.14553654643512962,0.053016934080607585,-0.5605564893809983,0.2889522656176584,-0.15922959095477657,-0.1965874234281372,-0.16509211607162988,-7.970066391380973e-4,0.36243209582675356,0.4641127256663332,0.6402942351786476,-0.1171328573506348,0.18408747921183552,0.44494251982067456,-0.2686098520316465,0.29697862018387156,0.02707718258259469,0.1277837460483291,-0.3851790215739422,-0.22545203821247897,-0.20388245797648774,0.5645909290168494,0.25408355772020547,-0.2544438075352954,1.21772586104511,-0.23323934626005777,0.14689728921302406,0.2533424313537291,-0.11643254011400293,0.0742913025576592,0.4151119622434864,0.2111956013615788,0.31473621346333386,-0.28397910537712634,-0.04065998058756031,-0.20331659651633394,-0.021070273380099116,-0.021533954582434064,0.2117041867419412,-0.09213054244212393,-0.0354972564580541
0.33060660113206675,0.12788171439086155,0.152286085182529,-0.24964735218299217,0.08124959099245824,0.0443770285577232,-0.5062225661704151,-0.16597689452550837,-0.15614735561764861,0.22767430537929761,-0.19074526830548702,0.206225527379878,-0.4481598095758378,-0.04765662681360858,-0.3791140641311716,0.3366389088149836,-0.030198027981494034,-0.2619787315944106,-0.23555838741018806,-0.39266667683778134,-0.1934220985177336,0.36597837125473626,0.4303415371134842,0.06947373444010513,0.31249226136165636,-0.00484054667483821,-0.5559192829596328,0.29372824850423024,-0.23323934626005777,1.305541504876012,-0.11915064352712308,0.21154439056542026,-0.3113790436579855,-0.05951281664534941,-0.153397270975347,-0.3253689243967528,-0.0594818733123595,0.2955491079128173,0.3460448858910271,0.2731917157304698,0.10824777929586418,-0.3126434924510298,-0.06608910921900188,0.3385986735225172,-0.2899402640025495
-0.26021593067829363,0.5346768427444484,-0.1646858128951101,-0.09560504437074757,-0.14644925904749548,-0.18990629520989927,-0.1997862654637907,0.2211065279605317,0.07952077480133568,-0.23505868173106884,0.20868453811977752,0.43698524112430986,0.017085322621785234,0.028118825275534498,-0.24601865804046735,-0.1852737034062988,-0.1250600675909872,-0.3437049324300841,-0.5614907721462008,-0.5106826414646871,-0.10854472868711526,0.24954023676083703,-0.14417615131155295,-0.2260779326643446,0.22481217454829647,0.2942988198233939,0.083838688501799,-0.32587812621917917,0.14689728921302406,-0.11915064352712308,1.1898317371111589,-0.1872708707655904,0.038736513981505384,0.1711660711680645,-0.08572708158523012,-0.3944406000880555,0.136341887611515,-0.6131766749925439,-0.5701249643021249,0.24382466885794277,-0.30437384700580655,0.05085973998219372,0.37055196267225765,0.09416371453514695,0.14882345418910461
0.12927985563311445,0.07116214713191517,-0.16318523290865541,0.04053268342494735,0.38913283754288763,0.23013908243989772,-0.3406888524143769,-0.18279892048291704,0.3173359476043204,-0.6467485141060959,-0.45626760598552607,-0.43128949858519605,0.014082910459561275,-0.15525607134655403,0.5673513909103708,0.4956328990165384,0.013095734747645391,-0.23116808201955763,-0.36827689349678455,0.6673121959414854,0.8778748536619199,-0.06976916243402578,0.37699080898309834,0.03852683091161447,-0.7234880442609933,0.3724415465894838,-0.3097544060042075,-0.31711384386742386,0.2533424313537291,0.21154439056542026,-0.1872708707655904,1.6313592022863426,0.023956135227613147,-0.3580219759560022,0.07795815303117906,0.09769822175059024,0.002825769649061444,0.362231202450117,-0.05939805629659408,-0.3764674572710842,0.2484754918635813,-0.190900509109259,-0.46861286763610416,0.15397528191490156,0.22127499507295353
0.29354151455583233,0.12821281472832705,-0.15829900219073675,0.0738303767694466,-0.48089050707453995,0.017832915588409735,0.12367635905146453,-0.3924099986744771,0.316935004627131,-0.35280623278748946,0.25832727607371314,0.020607325454509082,0.5679340383504485,-0.0048711649185880215,0.4023546189300893,0.027641537189209427,-0.4243341994052504,0.34855909607802543,-0.015014604424981953,0.579819734791038,-0.08935546091503398,-0.16901778154440766,-0.31774738516955625,-0.08351610760382579,-0.24329045535530158,-0.046584174309027955,0.31206307478298606,-0.3096127302304725,-0.11643254011400293,-0.3113790436579855,0.038736513981505384,0.023956135227613147,1.0768403151168366,-0.024776083364987173,0.09009213895539354,0.2776710435336811,-0.49200893877718954,-0.2996087641058528,-0.07469033352084863,0.0928261016368873,-0.20288777013188447,-0.48522910605701475,0.05708821548907223,-0.16457375408203187,-0.2056391871687935
-0.17624906913025395,0.11735900068507568,0.13023581623675373,0.02119574092698564,0.13953357587329976,0.01671893703820899,-0.2602641925050151,0.12459920851052086,0.0803952271631332,0.15001653210831886,0.3062790469233932,-0.11696143477084917,0.33443639709756023,0.05539611762023771,0.05845195097199772,-0.4023095863831188,0.21585859672944802,0.23942192303290766,-0.13150879873387133,-0.1598352466463635,-0.4102721230643989,0.10960209089228096,-0.3005575172496599,-0.23235474236039516,0.48745003786584173,0.08396438728060258,0.17894471820860902,0.040919971069058626,0.0742913025576592,-0.05951281664534941,0.1711660711680645,-0.3580219759560022,-0.024776083364987173,0.5918618208619792,0.07483317646166915,0.059917541127400296,0.1486248186783874,-0.3993188752638737,0.04047600164379716,0.18228384709911413,-0.35866881537471523,0.1653408283069092,0.26879654518968754,-0.15783088544127843,-0.15165133061042313
0.05596607739292367,0.1635599170728855,-0.09723084415536021,0.21062172238233046,-0.21366031661618534,0.20397814084101978,-0.40856120226950066,0.25557374516064363,-0.20985142105612675,-0.15346590174568925,0.024782883442495532,-0.19312078597823104,0.5523053546589831,0.5590863508533617,0.24578850014959963,0.07326078314563689,-0.23430034155613963,0.03813705933581058,-0.08051721457289161,0.066066240629235,-0.2045169709543437,0.16604941454259609,-0.015691774467357072,-0.031080589589386847,0.1667558511377198,0.4172433967138567,0.30523156115543637,-0.27702757733673405,0.4151119622434864,-0.153397270975347,-0.08572708158523012,0.07795815303117906,0.09009213895539354,0.07483317646166915,0.7571981364928588,-0.21563512128278148,-0.2987958856030703,0.051566940898928465,0.19535003650212254,0.24988649211475567,-0.5034451500045836,-0.35909964186787946,0.33360054714094695,-0.21892566790400556,-0.15838542496776303
0.1352356559429897,-0.24452849298625665,0.40969130227091644,0.1882839288915568,0.20049439480003933,0.018489106510374054,0.4925587515773977,-0.2631103146966124,0.14498105444706821,0.3555247417936118,0.09468475780413245,-0.12454460185294232,-0.022044076051781564,-0.035315166686222976,0.5458477349792993,-0.242297158016483,0.24998679936613943,0.616498925707397,0.3357601924400867,0.7605047384685907,0.03481356135898204,-0.2736563666382352,-0.45353657775750555,0.09563108158582595,-0.534236860851526,-0.15122696156185064,0.2922806191837748,-0.15189766554598433,0.2111956013615788,-0.3253689243967528,-0.3944406000880555,0.09769822175059024,0.2776710435336811,0.059917541127400296,-0.21563512128278148,1.0488552803492501,0.19701213992406774,-0.12578550397556096,0.0073506241440193226,-0.48853898817724695,0.38524449212781375,0.19573794736114236,-0.44797004282657577,0.11165653363669786,-0.008703266465148886
-0.21425745791504192,-0.13920567934308717,0.1954925426574184,-0.14595466528944545,0.4110842472723866,-0.17296331996865802,-3.184232743359627e-4,0.22030438431364,0.03540421180744415,0.22626881149846947,-0.0017233861036147647,0.012310928023876407,-0.320379791982434,-0.1704574561408528,0.15863866494473983,-0.3360720301491273,0.5549333246539481,0.1632052534931413,-0.06420869022017821,-0.3207752900052787,0.18906276067464758,-0.08994941567234002,-0.24264614162367945,-0.15199899163265665,-0.03330569495086577,0.052545147189311525,-0.061192172217462655,-0.012175603032348555,0.31473621346333386,-0.0594818733123595,0.136341887611515,0.002825769649061444,-0.49200893877718954,0.1486248186783874,-0.2987958856030703,0.19701213992406774,0.6418581331650387,-0.28385382548347315,-0.13855858149559733,-0.33873984473793506,0.23641219072448927,0.44521865786735576,-0.09096396089084183,-0.03254810290716571,0.12340118215981448
0.23203680280673664,-0.4661087918551725,-0.1750441659202221,0.3618963912783861,0.14096036863971098,0.3833707539523146,0.29351175980752536,-0.2717813996943607,-0.011679592631967918,-0.04938021842198299,-0.48377205111217325,-0.24394894631809744,-0.26664315986357434,-0.14565813455828705,-0.1602975441885791,0.5035703896943027,-0.29714173107237907,-0.4507742262068857,0.45658612663798176,0.3042470811230136,0.19379321341033787,0.13090227969666715,0.5091881380057539,0.3787308084955895,-0.3917873148607178,-0.11930303658418241,-0.46834715281635003,0.2711614144116393,-0.28397910537712634,0.2955491079128173,-0.6131766749925439,0.362231202450117,-0.2996087641058528,-0.3993188752638737,0.051566940898928465,-0.12578550397556096,-0.28385382548347315,1.183383428380699,-0.033011388469025425,-0.04338632068510165,0.4307967752560774,-0.013245851740836586,-0.41731445562129443,0.44207493524720565,0.3809613535212269
0.20843868271155627,0.24916214988728422,0.2825631148975893,-0.16819358542611212,0.042286352921335944,-0.11008184958688894,-0.22217757586650327,-0.020229239800462075,-0.3071208122371118,0.11512104882003811,0.03572482777451116,-0.03582287254669168,-0.0023845766301115122,0.2504125249201297,-0.24840893256838154,-0.08121629606279475,0.15584249847069537,0.374085345598019,-0.09390658314903431,0.3311375798291575,-0.23290311366488112,0.18638109435566666,0.13427259512648837,-0.015134750179645405,0.389075418108393,-0.10573637837776029,0.20417719853883787,0.43329799266225144,-0.04065998058756031,0.3460448858910271,-0.5701249643021249,-0.05939805629659408,-0.07469033352084863,0.04047600164379716,0.19535003650212254,0.0073506241440193226,-0.13855858149559733,-0.033011388469025425,0.9127530704390213,0.32239236952687306,-0.30583266703792905,-0.1331738658831207,0.05803064167711704,-0.27595854597734165,-0.5376002049307472
0.19097645576759475,0.396640821255644,-0.14789582537907786,0.08640426070191864,-0.11967470963298708,-0.09176933173016269,-0.1566180169436203,-0.1616657963686254,-0.10812469475540966,-0.10912377419254544,0.12219492853929885,0.15710942891172125,0.18494364625199283,0.26664891904520427,-0.4839862108938983,-0.24580380552844447,-0.31404834417472494,0.06159258906786854,-0.2507994267530516,-0.002306574321532346,-0.3877213859796731,0.5409740013281249,0.002304594388485985,-0.11315313089493333,0.7204671532873084,0.04062767679038752,0.11407139590542441,0.13988890967071013,-0.20331659651633394,0.2731917157304698,0.24382466885794277,-0.3764674572710842,0.0928261016368873,0.18228384709911413,0.24988649211475567,-0.48853898817724695,-0.33873984473793506,-0.04338632068510165,0.32239236952687306,0.8307470969964362,-0.5845089138569753,-0.20147111868754128,0.258125691256818,-0.07266150928004446,-0.1925772578776768
-0.19519298895580442,-0.43769925213208666,0.22867971279753346,-0.06867837124834496,0.09256882177068551,0.02754427326682408,0.5324665943048612,-0.20293383157835776,0.0478196190612737,0.25397506525897595,-0.4635831310752906,-0.062427869472499,-0.5104727835776754,-0.23127870938214,0.021776556559502593,0.4427244127202645,0.02034581273373581,0.033088944092164854,0.41238855395380286,0.22552231911454987,0.3937816343939934,-0.4090617193350134,0.07374711582341278,0.3127276326501596,-0.4452611486907187,-0.43741940623422554,-0.4355195668262722,0.15319224784514404,-0.021070273380099116,0.10824777929586418,-0.30437384700580655,0.2484754918635813,-0.20288777013188447,-0.35866881537471523,-0.5034451500045836,0.38524449212781375,0.23641219072448927,0.4307967752560774,-0.30583266703792905,-0.5845089138569753,1.0204315174672285,0.1922946146071276,-0.5626193038474504,0.33618400387446074,0.3920609609492665
-0.19693652148727378,-0.11072156915957676,0.13938602691664462,0.10740317888695124,0.3483597802532787,-0.08339744184536194,0.19014510465007348,0.045867153980868776,-0.011278529070841424,0.1131808379009754,0.023526688876567618,-0.0172279534464115,-0.2922061440838089,-0.24890440019496274,-0.15671570576292718,-0.4659468468304884,0.406991995228061,-0.0013503425865781554,0.1624052457263342,-0.02345791501142979,0.1504634933262756,0.01935388409084792,-0.01666645383269756,-0.023978624670039157,0.009053495566979397,-0.11674435734232798,-0.057720821605636824,0.2039593431341984,-0.021533954582434064,-0.3126434924510298,0.05085973998219372,-0.190900509109259,-0.48522910605701475,0.1653408283069092,-0.35909964186787946,0.19573794736114236,0.44521865786735576,-0.013245851740836586,-0.1331738658831207,-0.20147111868754128,0.1922946146071276,0.7076323977412067,-0.13983497154807825,0.14838915075358436,0.3223452763136597
-0.10227725562156356,0.3745749205704645,-0.034608873254347194,-0.13495303801769293,-0.41074551612933635,-0.004530908350954004,-0.6124245680632208,0.4256483695871025,-0.21450949527487315,-0.20734565653795203,0.32080869601643414,0.20599443261067027,0.3646146656877422,0.23262757193559364,-0.15201978561693488,-0.12702127736747557,-0.03877203849950617,-0.14421542426617795,-0.27097497158750483,-0.5326227163727631,-0.46995147555490696,0.17420325851067434,0.0032584371354608317,-0.22022414996131404,0.41553816837827245,0.2825472110720233,0.21530452938307001,1.9171863293078613e-4,0.2117041867419412,-0.06608910921900188,0.37055196267225765,-0.46861286763610416,0.05708821548907223,0.26879654518968754,0.33360054714094695,-0.44797004282657577,-0.09096396089084183,-0.41731445562129443,0.05803064167711704,0.258125691256818,-0.5626193038474504,-0.13983497154807825,0.6968732709150257,-0.24792214787672037,-0.2712815614060604
