V1,V2,V3,V4,V5,V6,V7,V8,V9,V10,V11,V12,V13,V14,V15,V16,V17,V18,V19,V20,V21,V22,V23,V24,V25,V26,V27,V28,V29,V30,V31,V32,V33,V34,V35,V36,V37,V38,V39,V40,V41,V42,V43,V44
1.0516401100062647,-1.3136545121784313,-0.38997752177123557,3.364416843004901,0.5231842140518652,-2.8083753284744537,-0.4960101220377847,7.784516483197686,-9.98685654372221,2.491235032720866,0.7586598763067479,3.0785778952494756,-0.04923351405466416,-4.1415017056300405,2.8999315188789256,-0.0018531650098796248,2.2171335985359004,-3.0520522539411727,0.8752861525904422,1.9278831933744767,3.268844828043442,-5.986819033635602,1.9884847165382864,0.6226864950854213,5.086697663412252,1.254364027015296,2.2751759534660634,1.6387728666696775,-1.415582379533841,-1.5596474361296908,-2.4480648791681046,-3.2213313470924274,-2.350481742656401,-1.212259168937012,5.491709923920423,0.3419227728037226,0.26973314188688513,-4.433309221670618,0.7424681770678169,1.7771911619459488,7.369541207874584,-0.04896340501293632,-0.5274213603686791,3.9113466439999223
-1.3136545121784313,3.61910672863677,1.1072590405176534,-11.176831177976858,-2.79598365804599,9.623704643156307,0.9285303302866115,-24.206348885646428,33.07891251807458,-8.596133108101558,-2.52937340390032,-9.540909553760379,1.2240886089026515,13.601936424972633,-10.1838827505482,-0.21965520181579212,-8.506827463889934,10.439198223960199,-2.6173348530406995,-6.582761556855845,-10.59816439834486,19.08010034104553,-6.22697558128176,-2.3497313429900424,-16.338124491468314,-4.182343380001781,-8.729000457953466,-5.394213509120174,5.948849077311278,4.856825776016026,7.670717946407577,9.094483161301703,7.160565622185291,4.329188216113682,-18.367034157378377,-2.4364568808784206,-1.4169270610598779,13.747650338203547,-2.3496329882284472,-7.702708627939381,-24.794923360770422,-0.05844336785106919,1.4210156293445373,-13.961260526737425
-0.38997752177123557,1.1072590405176534,1.2605744319611802,-4.397552137483712,-0.8248383306478946,3.4135210244820136,0.2672093342391408,-7.7868420784558205,11.434659358225748,-2.4151030937668927,-1.0092481999901666,-3.2783442591436014,0.25854653007848494,4.843494824122363,-3.344477665470437,0.1264975836145167,-3.6771332210047243,3.4259414142895013,-0.40106508641393535,-1.9939564219030879,-4.0199434017937135,6.575433409372736,-2.2512916495465323,-0.7706690456620415,-5.626270194224233,-1.3603286711286564,-2.543697340928724,-1.766501659119671,2.226646303811527,1.9369851461671541,2.8112605484810453,3.590624365637105,2.8207535882958275,1.3429178113869886,-6.91634261733454,-0.8987147689074292,-0.24613463165818264,4.694349119462401,-1.0062923652272058,-2.625101998600025,-8.79004682355663,0.15116549013541677,0.5165301101621812,-5.028707676853432
3.364416843004901,-11.176831177976858,-4.397552137483712,36.543051678173704,9.28575197487619,-31.307511166209597,-2.691598223001392,76.92180807232373,-106.7694226994597,27.390177666437342,8.321784045522506,30.586095607831034,-4.128534028412751,-43.927967725121334,32.934010624955796,0.5544890606382293,28.611073620699447,-33.61357989851786,7.78710015597145,21.078861736824436,34.49437662158074,-61.25337608665454,20.126776227809497,7.527132682265604,52.55237006218043,13.434580384182425,28.13761184944459,17.331639179337277,-19.914219732403453,-15.853071902812713,-24.754011914621344,-29.3070238233527,-23.235504347111775,-13.952822445184868,60.0023288440964,8.449023929787412,4.527813291614329,-43.936210370957376,7.72395169787686,25.54743628175511,80.43871089342285,0.0934014314986836,-4.419727295334394,45.65462968696618
0.5231842140518652,-2.79598365804599,-0.8248383306478946,9.28575197487619,2.6862598447460693,-8.187551154728231,-0.586717327067003,19.89514694345114,-27.74237662595874,7.3956229181442,2.1368077959903,7.828718512135744,-1.2882793321248722,-11.318304608899611,8.741596474262519,0.23426695413930948,7.3851885393218,-8.855077315497443,2.1083105707740555,5.637093788293505,8.807570668892733,-15.781390123295745,5.1314872792044195,1.9800864210545304,13.610096455304042,3.5301971590489964,7.679218912097402,4.550971395966895,-5.376942963229309,-3.99429435550321,-6.317680538619805,-7.227046802610736,-5.805140112542639,-3.752657296177347,15.473362924950882,2.4183878958952323,1.3805815678208277,-11.242692448133848,1.9130760499618833,6.992805671767895,20.91977013594184,0.11246059765305742,-1.0541000846542512,12.004137280391925
-2.8083753284744537,9.623704643156307,3.4135210244820136,-31.307511166209597,-8.187551154728231,27.34936443376736,2.300797877435896,-67.0890153434168,92.99664047948552,-23.981567848673347,-7.290249652299161,-26.501706016981654,3.57761026699938,37.909490034391695,-28.75504741269986,-0.657079772060506,-24.789964523754758,29.144334802244554,-6.926671648467303,-18.456845723261644,-30.019901831856036,53.18270077689941,-17.85894427579675,-6.1049164500626265,-45.76043032293331,-11.670308018167113,-24.890255162551725,-15.501386483002562,17.716881816336855,13.895997196136772,21.663287151286255,25.46729626871513,20.158087645431834,12.220483314906748,-52.259979048585095,-7.735444555571824,-4.146477462807432,38.46411659771157,-6.7251158730851985,-22.294153155354625,-70.26831948312903,-0.017824189868228948,3.669570642773957,-39.771509536183125
-0.4960101220377847,0.9285303302866115,0.2672093342391408,-2.691598223001392,-0.586717327067003,2.300797877435896,0.4635881892693252,-6.071988842306528,8.060676679721185,-2.1505556186831116,-0.5542897885469066,-2.4689895727919304,0.2731912340850154,3.3803497565957326,-2.4252572039777878,-0.14230325457812826,-1.8679841438233034,2.5281229508601246,-0.7247283060361452,-1.7232162225100596,-2.4858437087047336,4.83740612969726,-1.4844937545210284,-0.6270440913091037,-3.9802443247035253,-1.0528068659312655,-2.0309725110732866,-1.2584055515909671,1.265915429493953,1.1874535250420528,1.8125267715086684,2.2734869265010675,1.7891800295604203,1.0438784461271173,-4.349623390297166,-0.3973971160737479,-0.21110567374588,3.3468916014634034,-0.5291885056960028,-1.7108381736549685,-5.890651370214011,-0.07609400155129419,0.4021704236776305,-3.2444911134511116
7.784516483197686,-24.206348885646428,-7.7868420784558205,76.92180807232373,19.89514694345114,-67.0890153434168,-6.071988842306528,166.62029367753013,-229.30725526137059,59.542711942500304,17.736749966299552,65.77954946132428,-8.641036490834512,-93.5425622157256,70.85429018098469,1.6677612105109618,59.94845817922959,-72.01035046303728,17.69566478012669,45.72665378569739,73.7118698780713,-131.5424242705375,43.92932663209699,15.32246257764212,113.00216591451421,28.88599291158045,61.20110762342319,38.076396246766684,-42.72715951791266,-34.05355281637508,-53.299381388516224,-62.87855402665222,-49.647542558253534,-30.135901479655974,128.1275306579764,18.325674045155516,10.094222875813333,-95.13460099682695,16.410808543874207,54.305341867973596,172.74289704294182,0.2282914037839156,-9.260834988425957,97.36219158669194
-9.98685654372221,33.07891251807458,11.434659358225748,-106.7694226994597,-27.74237662595874,92.99664047948552,8.060676679721185,-229.30725526137059,317.1471163562577,-82.00172259962247,-24.686166895793967,-90.69175372918133,12.179793316900527,129.3867011074566,-98.04922036894115,-2.2018663283134776,-84.00559708516018,99.4891624964368,-23.940563430553944,-62.981219028095474,-102.25185846729794,181.5747706338866,-60.79696226020424,-21.08008760446978,-156.12223632185982,-39.8801609612295,-84.70367187805704,-52.63757286948873,59.824540960303196,47.269121936370624,73.76467668805712,86.87555339301738,68.73973181987702,41.667613276197244,-177.84235596904125,-25.99937914712018,-13.9985153637709,131.28315486299607,-22.889193524564774,-75.738003137717,-239.33080082588796,-0.1816638103275819,12.62628550742484,-135.25567230268982
2.491235032720866,-8.596133108101558,-2.4151030937668927,27.390177666437342,7.3956229181442,-23.981567848673347,-2.1505556186831116,59.542711942500304,-82.00172259962247,21.904160663340754,6.213216151426027,23.623327378879885,-3.418938259509651,-33.52379768350911,25.61762022159778,0.6235675419721469,21.171912908627707,-26.07633705702957,6.484462672877167,16.633491250088802,26.015723944392473,-46.987220145557465,15.300756977903518,5.774871638823741,40.400006510642,10.465104314780412,22.173638577117575,13.340482659761005,-15.215785605759839,-11.860402136057207,-18.723666335400896,-21.987860460074522,-17.389880607854703,-10.965041812629016,45.51903445108277,6.51716251694658,3.7707977450728785,-33.58343623027613,5.644502797884825,19.927366464940242,61.530163994312616,0.3252541371110737,-3.229608386140547,34.93940713752391
0.7586598763067479,-2.52937340390032,-1.0092481999901666,8.321784045522506,2.1368077959903,-7.290249652299161,-0.5542897885469066,17.736749966299552,-24.686166895793967,6.213216151426027,2.00436980950128,6.962953751100232,-0.8751736863170628,-10.012161939694112,7.584474372925583,0.1512655208260844,6.730720798186464,-7.64452812350467,1.7587525945343614,4.805994145580444,8.093144865251588,-14.064167113238634,4.869819799530355,1.4877966856655698,12.157993877972245,3.0514591052388367,6.582255411350828,4.226549279695228,-4.837798565953527,-3.7811822199873,-5.863349011561329,-6.883392562422705,-5.430528951424081,-3.2064087042542972,14.023308644836995,2.168709658996354,1.109521900165825,-10.317958717539979,1.8639984876232416,5.8628016918989125,18.787387471992716,-0.090953234331556,-0.9520814971207961,10.60571308604172
3.0785778952494756,-9.540909553760379,-3.2783442591436014,30.586095607831034,7.828718512135744,-26.501706016981654,-2.4689895727919304,65.77954946132428,-90.69175372918133,23.623327378879885,6.962953751100232,26.198284547642828,-3.4299105239462335,-37.09180737555017,28.036569734013344,0.5750516192058944,23.747480841931843,-28.540271986742667,6.923712988150289,18.109084422468644,29.126345068791213,-52.06096321863893,17.27041165381575,6.173066534756947,44.69392849328253,11.464589549868014,24.015873324233166,14.840415711845791,-16.768772334491228,-13.437560102099502,-20.972773515198192,-24.94409802480198,-19.666068889079185,-11.910069918822009,50.71000225950644,7.115446449776178,3.871263158879675,-37.45005785552613,6.455633387615852,21.556153432898576,68.22163032079159,0.15212150169597854,-3.6568513420847397,38.50682576230539
-0.04923351405466416,1.2240886089026515,0.25854653007848494,-4.128534028412751,-1.2882793321248722,3.57761026699938,0.2731912340850154,-8.641036490834512,12.179793316900527,-3.418938259509651,-0.8751736863170628,-3.4299105239462335,0.8088102479238715,5.102543342789003,-3.910950525311975,-0.18106112875180969,-3.2163325307706416,4.026298265550603,-1.00844898750043,-2.552100764806774,-3.7227783063230726,6.960099210709866,-2.0122121863884685,-1.110599305795197,-5.913415669075802,-1.6086561061045022,-3.5262443616295975,-1.8379618606822627,2.341343417024254,1.6050256370525495,2.6087038384663472,2.8374628842483727,2.39290677451094,1.709801274897925,-6.623060207930284,-1.0677574604962903,-0.6373626281874408,4.757270596347168,-0.7802894811857473,-3.294623055581178,-9.058558160747765,-0.1581081312111317,0.4809829341675938,-5.349856492107796
-4.1415017056300405,13.601936424972633,4.843494824122363,-43.927967725121334,-11.318304608899611,37.909490034391695,3.3803497565957326,-93.5425622157256,129.3867011074566,-33.52379768350911,-10.012161939694112,-37.09180737555017,5.102543342789003,53.162061799747676,-39.99109701958144,-0.8539768177391435,-34.231107135218956,40.80938966259706,-9.729458276081967,-25.755830377503692,-41.569855384358085,74.29008952807754,-24.34261336862763,-9.107182452333545,-63.69943733899082,-16.34110143638513,-34.380763702048974,-21.084160476216574,24.085805170392003,19.08968435017932,29.902599575611003,35.276256588235384,27.970270490338603,16.996935382510515,-72.38949484681494,-10.2193880789507,-5.602466413568753,53.275093102314095,-9.242659531469464,-30.962599340944035,-97.34569413385682,-0.20730990357694914,5.32058597266102,-55.21667697128609
2.8999315188789256,-10.1838827505482,-3.344477665470437,32.934010624955796,8.741596474262519,-28.75504741269986,-2.4252572039777878,70.85429018098469,-98.04922036894115,25.61762022159778,7.584474372925583,28.036569734013344,-3.910950525311975,-39.99109701958144,30.4784194378753,0.6575744152096832,25.890230509485836,-30.899528075081058,7.451060011776793,19.5752153995792,31.46623459048034,-56.05458054879646,18.62638233306183,6.6410326526964525,48.264470775105096,12.385236749513155,26.352312103755512,16.184015376961778,-18.498437333735787,-14.476656180699988,-22.670938486441134,-26.61572771559019,-21.075071659973798,-12.993521231547215,54.87297238784466,8.078572328307029,4.440955546550274,-40.391254151298014,6.967543614831116,23.684972327742237,73.91409926093007,0.15758932827502448,-3.850113548444702,41.88772340726435
-0.0018531650098796248,-0.21965520181579212,0.1264975836145167,0.5544890606382293,0.23426695413930948,-0.657079772060506,-0.14230325457812826,1.6677612105109618,-2.2018663283134776,0.6235675419721469,0.1512655208260844,0.5750516192058944,-0.18106112875180969,-0.8539768177391435,0.6575744152096832,0.2434266422873727,0.4690179875394669,-0.6628834483285129,0.322641993172444,0.5555654904586329,0.6238668192759415,-1.3167059354031072,0.4837163632108214,0.06923734591965172,1.0218276872190717,0.2730114537659527,0.806368080465474,0.4989352743490159,-0.5346693195685276,-0.3214019890623646,-0.4987885422929371,-0.4219731307295568,-0.4214323689653203,-0.2958721045572188,1.097344253395675,0.28185925695085523,0.13174961090396725,-0.9793552480528227,0.1585218794774739,0.5106092969962036,1.6727881344933826,0.022159378869990226,-0.07709988968534807,0.9116408625791634
2.2171335985359004,-8.506827463889934,-3.6771332210047243,28.611073620699447,7.3851885393218,-24.789964523754758,-1.8679841438233034,59.94845817922959,-84.00559708516018,21.171912908627707,6.730720798186464,23.747480841931843,-3.2163325307706416,-34.231107135218956,25.890230509485836,0.4690179875394669,23.192549795219794,-26.124105558786695,5.863557053666936,16.352018731148895,27.481199775877023,-47.82972875129134,16.336618240402277,5.359573640918391,41.24828387246973,10.43690832762361,22.34670188130835,14.074371002599362,-16.42025242595554,-12.791165978941969,-19.747954770966263,-23.194742782344107,-18.4330106750384,-10.94198275490552,47.73127188395639,7.391892793143456,3.6783708431319355,-34.77469283391143,6.310170729562701,20.280968589348777,63.82786946642289,-0.17840845597146823,-3.254933363378835,36.213947655194396
-3.0520522539411727,10.439198223960199,3.4259414142895013,-33.61357989851786,-8.855077315497443,29.144334802244554,2.5281229508601246,-72.01035046303728,99.4891624964368,-26.07633705702957,-7.64452812350467,-28.540271986742667,4.026298265550603,40.80938966259706,-30.899528075081058,-0.6628834483285129,-26.124105558786695,31.529493082703155,-7.592818734072071,-19.943645339401858,-31.808731279931397,57.03653852397916,-18.6170234538135,-7.05781652557869,-48.99492803231869,-12.619271231686461,-26.62937207786072,-16.170105382264655,18.506538852525523,14.53410580231468,22.864550295192306,26.902000104253922,21.31752754320507,13.161237614605076,-55.49893216620211,-7.874731725454221,-4.444081261536295,40.831276107305236,-6.990539194301408,-24.017766166112427,-74.78242513388497,-0.2602959119225265,4.032543691108602,-42.478054032102264
0.8752861525904422,-2.6173348530406995,-0.40106508641393535,7.78710015597145,2.1083105707740555,-6.926671648467303,-0.7247283060361452,17.69566478012669,-23.940563430553944,6.484462672877167,1.7587525945343614,6.923712988150289,-1.00844898750043,-9.729458276081967,7.451060011776793,0.322641993172444,5.863557053666936,-7.592818734072071,2.147270567757132,4.914123828871808,7.512554161179219,-13.80247970093418,4.54281305610753,1.6357911614673357,11.788994586283533,3.060682780732606,6.603490704035355,4.005037150480015,-4.339764273393501,-3.4351236423841827,-5.480113878625951,-6.337697329080335,-5.038200395075646,-3.2078605238197486,13.061098982507856,1.869815530381151,1.1235456869338223,-9.989947087239331,1.638567642427006,5.641878155922775,17.906319342159744,0.11590862255399265,-0.9642753098330271,10.023890091099837
1.9278831933744767,-6.582761556855845,-1.9939564219030879,21.078861736824436,5.637093788293505,-18.456845723261644,-1.7232162225100596,45.72665378569739,-62.981219028095474,16.633491250088802,4.805994145580444,18.109084422468644,-2.552100764806774,-25.755830377503692,19.5752153995792,0.5555654904586329,16.352018731148895,-19.943645339401858,4.914123828871808,12.803967381793308,20.0253896061645,-36.164478512067646,11.84443723628453,4.387926589931109,30.995338001463246,7.997566490924122,16.96077476363654,10.325232714221498,-11.726128182328425,-9.197658410500214,-14.43823180938887,-16.973101021969264,-13.464585244439135,-8.354867200447734,35.02399692490986,4.972608298352732,2.8094827864596343,-25.839196682424358,4.36616257223885,15.168387612604633,47.29811217086867,0.21378728098719602,-2.5405236252225443,26.802796480344036
3.268844828043442,-10.59816439834486,-4.0199434017937135,34.49437662158074,8.807570668892733,-30.019901831856036,-2.4858437087047336,73.7118698780713,-102.25185846729794,26.015723944392473,8.093144865251588,29.126345068791213,-3.7227783063230726,-41.569855384358085,31.46623459048034,0.6238668192759415,27.481199775877023,-31.808731279931397,7.512554161179219,20.0253896061645,33.3330795792539,-58.41686266009094,19.982393409395176,6.432010704952886,50.34452396035407,12.745112164622718,27.15746973541353,17.2093931814527,-19.559641520795044,-15.5226974704952,-24.061506577336395,-28.39812687360272,-22.421695222284946,-13.320210716677979,57.74257614160186,8.654903032725244,4.467197456203101,-42.620812727249344,7.619395496232955,24.235916813910556,77.50312620374423,-0.17258962443752343,-4.014462794021392,43.670936661200976
-5.986819033635602,19.08010034104553,6.575433409372736,-61.25337608665454,-15.781390123295745,53.18270077689941,4.83740612969726,-131.5424242705375,181.5747706338866,-46.987220145557465,-14.064167113238634,-52.06096321863893,6.960099210709866,74.29008952807754,-56.05458054879646,-1.3167059354031072,-47.82972875129134,57.03653852397916,-13.80247970093418,-36.164478512067646,-58.41686266009094,104.24016687909882,-34.598564363985794,-12.323601259888719,-89.41038012246652,-22.873741141420716,-48.32753465587953,-29.962806388192984,33.90097923233087,26.984420063777225,42.15097307871138,49.74457702224733,39.37469412180304,23.83307231272398,-101.61153283876469,-14.495087152536662,-7.871900869730558,75.1171150043663,-13.040473114930714,-43.1479101487131,-136.7749406615817,-0.19688995984622867,7.384523431818816,-77.2694615476873
1.9884847165382864,-6.22697558128176,-2.2512916495465323,20.126776227809497,5.1314872792044195,-17.85894427579675,-1.4844937545210284,43.92932663209699,-60.79696226020424,15.300756977903518,4.869819799530355,17.27041165381575,-2.0122121863884685,-24.34261336862763,18.62638233306183,0.4837163632108214,16.336618240402277,-18.6170234538135,4.54281305610753,11.84443723628453,19.982393409395176,-34.598564363985794,12.448528095589793,3.256652489000849,29.907431121534703,7.484588717121581,16.261107418739947,10.681832996165754,-11.919696090894496,-9.47892474677134,-14.543155180209634,-17.146625206125044,-13.492202306422357,-7.8589866343562615,34.483678403475565,5.4904966876526435,2.679803718912328,-25.741936766065102,4.6542604844233075,14.172055070669014,46.37608260264827,-0.26787169554648094,-2.248383209843695,25.836726234286818
0.6226864950854213,-2.3497313429900424,-0.7706690456620415,7.527132682265604,1.9800864210545304,-6.1049164500626265,-0.6270440913091037,15.32246257764212,-21.08008760446978,5.774871638823741,1.4877966856655698,6.173066534756947,-1.110599305795197,-9.107182452333545,6.6410326526964525,0.06923734591965172,5.359573640918391,-7.05781652557869,1.6357911614673357,4.387926589931109,6.432010704952886,-12.323601259888719,3.256652489000849,2.280344395433238,10.374289510074005,2.806931678327357,5.528914525119883,2.870192222152431,-3.4186115417709546,-2.72984140614055,-4.4978557730119215,-5.291274890258292,-4.3088639188441125,-2.858396663412746,11.40140786890753,1.154181288741254,0.8568823264235192,-8.186273064823357,1.263945210705344,5.293077041312108,15.376448818868894,0.3158357222014383,-1.0786459751058957,9.008882262820505
5.086697663412252,-16.338124491468314,-5.626270194224233,52.55237006218043,13.610096455304042,-45.76043032293331,-3.9802443247035253,113.00216591451421,-156.12223632185982,40.400006510642,12.157993877972245,44.69392849328253,-5.913415669075802,-63.69943733899082,48.264470775105096,1.0218276872190717,41.24828387246973,-48.99492803231869,11.788994586283533,30.995338001463246,50.34452396035407,-89.41038012246652,29.907431121534703,10.374289510074005,76.93844201999569,19.646464992824193,41.60987669488546,25.884338983650935,-29.351349669373544,-23.26617387403051,-36.33176361351874,-42.884938089923345,-33.84809296437265,-20.515825066827187,87.54103258362892,12.691259109253236,6.896192359713102,-64.65658352349952,11.255517330391767,37.202970690700504,117.78479155387078,0.07971191515618689,-6.216907618334813,66.54155769522944
1.254364027015296,-4.182343380001781,-1.3603286711286564,13.434580384182425,3.5301971590489964,-11.670308018167113,-1.0528068659312655,28.88599291158045,-39.8801609612295,10.465104314780412,3.0514591052388367,11.464589549868014,-1.6086561061045022,-16.34110143638513,12.385236749513155,0.2730114537659527,10.43690832762361,-12.619271231686461,3.060682780732606,7.997566490924122,12.745112164622718,-22.873741141420716,7.484588717121581,2.806931678327357,19.646464992824193,5.072928522031122,10.669425353288458,6.48654669260779,-7.4044990988673005,-5.845134032803345,-9.160176717057466,-10.806516542338272,-8.552709624410735,-5.282889926270519,22.233818090933575,3.161733929601018,1.7669283051733917,-16.38893057973261,2.8003092723660603,9.605730097014774,29.966322131205224,0.10728626663370877,-1.601123477574211,16.99820841165475
2.2751759534660634,-8.729000457953466,-2.543697340928724,28.13761184944459,7.679218912097402,-24.890255162551725,-2.0309725110732866,61.20110762342319,-84.70367187805704,22.173638577117575,6.582255411350828,24.015873324233166,-3.5262443616295975,-34.380763702048974,26.352312103755512,0.806368080465474,22.34670188130835,-26.62937207786072,6.603490704035355,16.96077476363654,27.15746973541353,-48.32753465587953,16.261107418739947,5.528914525119883,41.60987669488546,10.669425353288458,23.19828931440494,14.273170052465192,-16.332129546579694,-12.515706178363425,-19.634695607216585,-22.700747321148604,-18.092295028807516,-11.259353543549386,47.321753936945605,7.352194667822206,4.010964375429006,-35.05205103040398,6.064361425369958,20.562151778435016,64.01947058715005,0.09673084980023583,-3.242185124870866,36.257350040807985
1.6387728666696775,-5.394213509120174,-1.766501659119671,17.331639179337277,4.550971395966895,-15.501386483002562,-1.2584055515909671,38.076396246766684,-52.63757286948873,13.340482659761005,4.226549279695228,14.840415711845791,-1.8379618606822627,-21.084160476216574,16.184015376961778,0.4989352743490159,14.074371002599362,-16.170105382264655,4.005037150480015,10.325232714221498,17.2093931814527,-29.962806388192984,10.681832996165754,2.870192222152431,25.884338983650935,6.48654669260779,14.273170052465192,9.311734034312165,-10.395712794663353,-8.136973930967203,-12.575546403983878,-14.643124821986666,-11.570011086132324,-6.870630071635743,29.76408081350422,4.80812006441329,2.430100316688523,-22.256748108301657,3.9846728011412953,12.356640897332158,40.13960743479741,-0.20587740123183276,-1.9476708626448993,22.425725170370264
-1.415582379533841,5.948849077311278,2.226646303811527,-19.914219732403453,-5.376942963229309,17.716881816336855,1.265915429493953,-42.72715951791266,59.824540960303196,-15.215785605759839,-4.837798565953527,-16.768772334491228,2.341343417024254,24.085805170392003,-18.498437333735787,-0.5346693195685276,-16.42025242595554,18.506538852525523,-4.339764273393501,-11.726128182328425,-19.559641520795044,33.90097923233087,-11.919696090894496,-3.4186115417709546,-29.351349669373544,-7.4044990988673005,-16.332129546579694,-10.395712794663353,12.11238117718611,9.165221247074786,14.154804416356658,16.38038781658811,13.026795555232278,7.849543442004435,-33.98716881445104,-5.691126266096508,-2.8326143480428594,24.957762955695042,-4.528372233143265,-14.538336824113477,-45.685814547885045,0.20110735772901525,2.132422575508358,-25.857511468943024
-1.5596474361296908,4.856825776016026,1.9369851461671541,-15.853071902812713,-3.99429435550321,13.895997196136772,1.1874535250420528,-34.05355281637508,47.269121936370624,-11.860402136057207,-3.7811822199873,-13.437560102099502,1.6050256370525495,19.08968435017932,-14.476656180699988,-0.3214019890623646,-12.791165978941969,14.53410580231468,-3.4351236423841827,-9.197658410500214,-15.5226974704952,26.984420063777225,-9.47892474677134,-2.72984140614055,-23.26617387403051,-5.845134032803345,-12.515706178363425,-8.136973930967203,9.165221247074786,7.33997348639394,11.25334566876342,13.32471114326901,10.497179413433603,6.1197270833739585,-26.83235821046209,-4.126990575766804,-2.024154100948171,19.87120971039039,-3.6011541817981154,-11.05876990436212,-35.96603875139739,0.17046928077863405,1.810562724301653,-20.142283617562576
-2.4480648791681046,7.670717946407577,2.8112605484810453,-24.754011914621344,-6.317680538619805,21.663287151286255,1.8125267715086684,-53.299381388516224,73.76467668805712,-18.723666335400896,-5.863349011561329,-20.972773515198192,2.6087038384663472,29.902599575611003,-22.670938486441134,-0.4987885422929371,-19.747954770966263,22.864550295192306,-5.480113878625951,-14.43823180938887,-24.061506577336395,42.15097307871138,-14.543155180209634,-4.4978557730119215,-36.33176361351874,-9.160176717057466,-19.634695607216585,-12.575546403983878,14.154804416356658,11.25334566876342,17.458662738174375,20.559268540663748,16.212337860088027,9.604654524996288,-41.65716988388702,-6.291008412854158,-3.251205785437229,30.894138011369794,-5.51366977897543,-17.352418662670587,-55.968693092500374,0.1774530818546192,2.8800700792316256,-31.443844481427476
-3.2213313470924274,9.094483161301703,3.590624365637105,-29.3070238233527,-7.227046802610736,25.46729626871513,2.2734869265010675,-62.87855402665222,86.87555339301738,-21.987860460074522,-6.883392562422705,-24.94409802480198,2.8374628842483727,35.276256588235384,-26.61572771559019,-0.4219731307295568,-23.194742782344107,26.902000104253922,-6.337697329080335,-16.973101021969264,-28.39812687360272,49.74457702224733,-17.146625206125044,-5.291274890258292,-42.884938089923345,-10.806516542338272,-22.700747321148604,-14.643124821986666,16.38038781658811,13.32471114326901,20.559268540663748,24.642960017435794,19.261020098636866,11.236456419642264,-49.153524352299016,-7.0765233571922215,-3.632224309652382,36.370958104178705,-6.483437235931602,-20.20018580921398,-65.80422155716164,0.2082161164761805,3.4330272484432274,-36.886175823793565
-2.350481742656401,7.160565622185291,2.8207535882958275,-23.235504347111775,-5.805140112542639,20.158087645431834,1.7891800295604203,-49.647542558253534,68.73973181987702,-17.389880607854703,-5.430528951424081,-19.666068889079185,2.39290677451094,27.970270490338603,-21.075071659973798,-0.4214323689653203,-18.4330106750384,21.31752754320507,-5.038200395075646,-13.464585244439135,-22.421695222284946,39.37469412180304,-13.492202306422357,-4.3088639188441125,-33.84809296437265,-8.552709624410735,-18.092295028807516,-11.570011086132324,13.026795555232278,10.497179413433603,16.212337860088027,19.261020098636866,15.1889798884188,8.907601294222161,-38.83397737456107,-5.681599984139691,-2.880598608696881,28.7089495004775,-5.1256239672877975,-16.10262833290348,-52.06010785319178,0.12748767486980675,2.7479689037390953,-29.238959217838733
-1.212259168937012,4.329188216113682,1.3429178113869886,-13.952822445184868,-3.752657296177347,12.220483314906748,1.0438784461271173,-30.135901479655974,41.667613276197244,-10.965041812629016,-3.2064087042542972,-11.910069918822009,1.709801274897925,16.996935382510515,-12.993521231547215,-0.2958721045572188,-10.94198275490552,13.161237614605076,-3.2078605238197486,-8.354867200447734,-13.320210716677979,23.83307231272398,-7.8589866343562615,-2.858396663412746,-20.515825066827187,-5.282889926270519,-11.259353543549386,-6.870630071635743,7.849543442004435,6.1197270833739585,9.604654524996288,11.236456419642264,8.907601294222161,5.575479120457166,-23.270886167979928,-3.4364393919148375,-1.9169166834748241,17.13456063539197,-2.9300788469455785,-10.11269457937246,-31.38054620842146,-0.09797006016192282,1.6286081917016062,-17.801980600037385
5.491709923920423,-18.367034157378377,-6.91634261733454,60.0023288440964,15.473362924950882,-52.259979048585095,-4.349623390297166,128.1275306579764,-177.84235596904125,45.51903445108277,14.023308644836995,50.71000225950644,-6.623060207930284,-72.38949484681494,54.87297238784466,1.097344253395675,47.73127188395639,-55.49893216620211,13.061098982507856,35.02399692490986,57.74257614160186,-101.61153283876469,34.483678403475565,11.40140786890753,87.54103258362892,22.233818090933575,47.321753936945605,29.76408081350422,-33.98716881445104,-26.83235821046209,-41.65716988388702,-49.153524352299016,-38.83397737456107,-23.270886167979928,100.31687367185934,14.96631901096484,7.808493653253563,-73.80191987506193,13.074527209402554,42.434996263892174,134.63455524948742,-0.15770685615621852,-6.961483160888088,76.04458558832508
0.3419227728037226,-2.4364568808784206,-0.8987147689074292,8.449023929787412,2.4183878958952323,-7.735444555571824,-0.3973971160737479,18.325674045155516,-25.99937914712018,6.51716251694658,2.168709658996354,7.115446449776178,-1.0677574604962903,-10.2193880789507,8.078572328307029,0.28185925695085523,7.391892793143456,-7.874731725454221,1.869815530381151,4.972608298352732,8.654903032725244,-14.495087152536662,5.4904966876526435,1.154181288741254,12.691259109253236,3.161733929601018,7.352194667822206,4.80812006441329,-5.691126266096508,-4.126990575766804,-6.291008412854158,-7.0765233571922215,-5.681599984139691,-3.4364393919148375,14.96631901096484,2.9937513888989806,1.3572273105339983,-11.027473848387451,2.097775797959585,6.4578747425231,20.165804874731645,-0.2130960827187753,-0.7590235587013346,11.363789949696649
0.26973314188688513,-1.4169270610598779,-0.24613463165818264,4.527813291614329,1.3805815678208277,-4.146477462807432,-0.21110567374588,10.094222875813333,-13.9985153637709,3.7707977450728785,1.109521900165825,3.871263158879675,-0.6373626281874408,-5.602466413568753,4.440955546550274,0.13174961090396725,3.6783708431319355,-4.444081261536295,1.1235456869338223,2.8094827864596343,4.467197456203101,-7.871900869730558,2.679803718912328,0.8568823264235192,6.896192359713102,1.7669283051733917,4.010964375429006,2.430100316688523,-2.8326143480428594,-2.024154100948171,-3.251205785437229,-3.632224309652382,-2.880598608696881,-1.9169166834748241,7.808493653253563,1.3572273105339983,0.8169786742679304,-5.786428680525143,0.9849168967177654,3.540059089673303,10.644832588255413,0.008612012586465588,-0.4663833703322771,6.085965959334598
-4.433309221670618,13.747650338203547,4.694349119462401,-43.936210370957376,-11.242692448133848,38.46411659771157,3.3468916014634034,-95.13460099682695,131.28315486299607,-33.58343623027613,-10.317958717539979,-37.45005785552613,4.757270596347168,53.275093102314095,-40.391254151298014,-0.9793552480528227,-34.77469283391143,40.831276107305236,-9.989947087239331,-25.839196682424358,-42.620812727249344,75.1171150043663,-25.741936766065102,-8.186273064823357,-64.65658352349952,-16.38893057973261,-35.05205103040398,-22.256748108301657,24.957762955695042,19.87120971039039,30.894138011369794,36.370958104178705,28.7089495004775,17.13456063539197,-73.80191987506193,-11.027473848387451,-5.786428680525143,54.95185593190083,-9.705602927389014,-30.877896824314227,-99.39147413497781,0.1777163490969647,5.164759446131643,-55.81579841071696
0.7424681770678169,-2.3496329882284472,-1.0062923652272058,7.72395169787686,1.9130760499618833,-6.7251158730851985,-0.5291885056960028,16.410808543874207,-22.889193524564774,5.644502797884825,1.8639984876232416,6.455633387615852,-0.7802894811857473,-9.242659531469464,6.967543614831116,0.1585218794774739,6.310170729562701,-6.990539194301408,1.638567642427006,4.36616257223885,7.619395496232955,-13.040473114930714,4.6542604844233075,1.263945210705344,11.255517330391767,2.8003092723660603,6.064361425369958,3.9846728011412953,-4.528372233143265,-3.6011541817981154,-5.51366977897543,-6.483437235931602,-5.1256239672877975,-2.9300788469455785,13.074527209402554,2.097775797959585,0.9849168967177654,-9.705602927389014,1.8360120522272256,5.334079869607153,17.50940483992462,-0.1413083461840602,-0.8720332939324454,9.800669655543466
1.7771911619459488,-7.702708627939381,-2.625101998600025,25.54743628175511,6.992805671767895,-22.294153155354625,-1.7108381736549685,54.305341867973596,-75.738003137717,19.927366464940242,5.8628016918989125,21.556153432898576,-3.294623055581178,-30.962599340944035,23.684972327742237,0.5106092969962036,20.280968589348777,-24.017766166112427,5.641878155922775,15.168387612604633,24.235916813910556,-43.1479101487131,14.172055070669014,5.293077041312108,37.202970690700504,9.605730097014774,20.562151778435016,12.356640897332158,-14.538336824113477,-11.05876990436212,-17.352418662670587,-20.20018580921398,-16.10262833290348,-10.11269457937246,42.434996263892174,6.4578747425231,3.540059089673303,-30.877896824314227,5.334079869607153,18.78833085374307,57.125005181950925,0.19293832028431554,-2.8989277631071704,32.65536499750682
7.369541207874584,-24.794923360770422,-8.79004682355663,80.43871089342285,20.91977013594184,-70.26831948312903,-5.890651370214011,172.74289704294182,-239.33080082588796,61.530163994312616,18.787387471992716,68.22163032079159,-9.058558160747765,-97.34569413385682,73.91409926093007,1.6727881344933826,63.82786946642289,-74.78242513388497,17.906319342159744,47.29811217086867,77.50312620374423,-136.7749406615817,46.37608260264827,15.376448818868894,117.78479155387078,29.966322131205224,64.01947058715005,40.13960743479741,-45.685814547885045,-35.96603875139739,-55.968693092500374,-65.80422155716164,-52.06010785319178,-31.38054620842146,134.63455524948742,20.165804874731645,10.644832588255413,-99.39147413497781,17.50940483992462,57.125005181950925,181.0852464978821,-0.11655706287608279,-9.361506345923786,102.22051048793001
-0.04896340501293632,-0.05844336785106919,0.15116549013541677,0.0934014314986836,0.11246059765305742,-0.017824189868228948,-0.07609400155129419,0.2282914037839156,-0.1816638103275819,0.3252541371110737,-0.090953234331556,0.15212150169597854,-0.1581081312111317,-0.20730990357694914,0.15758932827502448,0.022159378869990226,-0.17840845597146823,-0.2602959119225265,0.11590862255399265,0.21378728098719602,-0.17258962443752343,-0.19688995984622867,-0.26787169554648094,0.3158357222014383,0.07971191515618689,0.10728626663370877,0.09673084980023583,-0.20587740123183276,0.20110735772901525,0.17046928077863405,0.1774530818546192,0.2082161164761805,0.12748767486980675,-0.09797006016192282,-0.15770685615621852,-0.2130960827187753,0.008612012586465588,0.1777163490969647,-0.1413083461840602,0.19293832028431554,-0.11655706287608279,0.18192575129966507,-0.06610688130627602,0.03611487369324367
-0.5274213603686791,1.4210156293445373,0.5165301101621812,-4.419727295334394,-1.0541000846542512,3.669570642773957,0.4021704236776305,-9.260834988425957,12.62628550742484,-3.229608386140547,-0.9520814971207961,-3.6568513420847397,0.4809829341675938,5.32058597266102,-3.850113548444702,-0.07709988968534807,-3.254933363378835,4.032543691108602,-0.9642753098330271,-2.5405236252225443,-4.014462794021392,7.384523431818816,-2.248383209843695,-1.0786459751058957,-6.216907618334813,-1.601123477574211,-3.242185124870866,-1.9476708626448993,2.132422575508358,1.810562724301653,2.8800700792316256,3.4330272484432274,2.7479689037390953,1.6286081917016062,-6.961483160888088,-0.7590235587013346,-0.4663833703322771,5.164759446131643,-0.8720332939324454,-2.8989277631071704,-9.361506345923786,-0.06610688130627602,0.65089348801462,-5.301395636090154
3.9113466439999223,-13.961260526737425,-5.028707676853432,45.65462968696618,12.004137280391925,-39.771509536183125,-3.2444911134511116,97.36219158669194,-135.25567230268982,34.93940713752391,10.60571308604172,38.50682576230539,-5.349856492107796,-55.21667697128609,41.88772340726435,0.9116408625791634,36.213947655194396,-42.478054032102264,10.023890091099837,26.802796480344036,43.670936661200976,-77.2694615476873,25.836726234286818,9.008882262820505,66.54155769522944,16.99820841165475,36.257350040807985,22.425725170370264,-25.857511468943024,-20.142283617562576,-31.443844481427476,-36.886175823793565,-29.238959217838733,-17.801980600037385,76.04458558832508,11.363789949696649,6.085965959334598,-55.81579841071696,9.800669655543466,32.65536499750682,102.22051048793001,0.03611487369324367,-5.301395636090154,58.015261639212774
