V1,V2,V3,V4,V5,V6,V7,V8,V9,V10,V11,V12,V13,V14,V15,V16,V17,V18,V19,V20,V21,V22,V23,V24,V25,V26,V27,V28,V29,V30,V31,V32,V33,V34,V35,V36,V37,V38,V39,V40,V41,V42,V43,V44
0.6046275560611837,-0.5172146094715406,-1.0646117815927711,-0.7337194221932308,-0.5267907236945399,-0.8583401626046798,-0.19178265081444265,0.7054486647346078,-0.25538347679469,-0.47433433855609475,-0.2527680215608869,0.4140540025833868,-0.5254946586747945,-0.5952303139335597,0.5019332994770833,0.09224951090799716,0.6601822311858352,-0.04208182386077754,1.2452564116408404,-0.3508581858674859,0.32373818955650385,0.6044150318474979,0.04064238570303729,0.875138918911592,0.35118157822596774,-0.9381176629920344,0.18352966279997454,-0.4887783262112836,0.6314782581030124,0.1905988073551638,-0.17321600177310847,0.47822644777648793,0.4712884828398617,-0.009358486314728713,-0.13489105867380663,-0.10264964454279774,0.22628195171051807,-0.4513436300682432,-0.1528363261341961,-0.5612723010291802,1.1788384689604756,0.3996959609467444,-1.252717679937706,1.2514137066630517
-0.5172146094715406,1.0897762908773065,0.8929269273313286,0.7912342269849826,0.6657405098491471,0.5949808052228313,0.7979459515450935,-0.41167113741363626,-0.646113655200636,-0.37466636508718526,0.3112999314211247,0.11341400070152617,0.607269530498171,0.10940593837681375,-0.08648519513668122,0.12358039683900073,-0.5007527847027761,-0.043395768672849624,-0.10390310729148863,0.1760817979178899,-0.06147359475703841,-0.36584106804827016,-0.30654275791951074,-0.2187509958740503,-0.3429333829283609,0.45427421876410334,0.040857460732846844,0.18813083054858387,-0.5636645970393228,0.08643727777087286,0.09244827712904878,-0.1224534297340423,-0.25845494556462467,-0.4120822468204963,-0.45044328897031316,0.10296974025140652,-0.047741482001310905,0.5596805194727259,0.24316808380448568,0.13834321626338658,-1.075331876057138,-0.03458523699575028,1.0998360514483099,-0.9448926312998066
-1.0646117815927711,0.8929269273313286,7.006620477996146,3.2638157970749564,2.0702485555267107,2.362269705945517,0.3675898690426377,-3.0960935219195287,2.434417595080159,2.9335619689017096,2.5852030743570382,-2.030763084290404,0.29762178286485313,4.933371605383468,-1.8745643274902892,0.8787764516701271,-2.0724142843804145,0.7965504675326109,-6.045709825386846,3.3833690767138056,-0.7101029433327074,0.6926724206448025,1.4015465252489319,-3.252310343711333,-1.1867302394641204,4.379209711768705,-0.8896222644383437,2.2238736785239395,-2.626060679863689,-0.12372576163944583,1.841413661447885,-2.6471794181941193,-1.5544836936973807,0.5456265559844179,2.53170761210919,3.2545087846425704,-0.8294148251436557,1.730033960225034,-1.4683953458871928,0.5802364900366297,-2.078702860677205,-0.05736019728589545,1.3072010516702095,-3.265775057419756
-0.7337194221932308,0.7912342269849826,3.2638157970749564,2.08007747162159,1.0351311325799357,1.494982544501104,0.4379700925281894,-1.4094633266537173,0.8014708757120375,0.8238626735930912,1.3002500402171893,-1.06235458293299,-0.1975589407390517,2.2181870901501197,-0.7394152316124034,0.3638324297272008,-1.001240469757578,0.5360019233818044,-2.4372616838962506,1.3085233830441247,-0.43670215180866057,-0.4550633227995828,0.3497925852739486,-1.2499987801386907,-0.4140739110942748,2.016563475192948,-0.31975429265216015,0.9877177849170532,-1.2647968187546805,0.2739257530174581,0.449879236553782,-1.0563567524720234,-0.840397839323508,0.2408192383747221,0.9186932945637698,1.2010754151722118,-0.05896722296159235,1.0149470358962116,-0.5737210968563464,0.5004622498567755,-1.0851249503766411,-0.2314796677880053,1.0255189647214904,-1.6778401365036975
-0.5267907236945399,0.6657405098491471,2.0702485555267107,1.0351311325799357,0.8657229123010536,0.8632317043407289,0.3484700579438124,-1.0337387496608303,0.4416564007601046,0.8551078163727625,0.6523090185536716,-0.39093110752373317,0.6995185190169784,1.2234451602100551,-0.6688207810661599,0.20021809266150362,-0.8343493161002093,0.05454813488865278,-1.7970383671048775,0.9578503405784214,-0.2360725468384608,0.07432909314746096,0.2610967040348305,-1.169729363678977,-0.5774704274466274,1.3519304213662184,-0.245708041555057,0.6713824496366755,-0.9405542864714522,-0.20746229684093564,0.6745213253034562,-0.7948496209095988,-0.5854070603257204,-0.07146684356605205,0.4098011649379273,0.8547680924962489,-0.3883463886674224,0.6882629476095684,-0.12346131763922603,0.2655352771063575,-1.2585505105933703,-0.06293214995251041,1.042925103384071,-1.4282741247824355
-0.8583401626046798,0.5949808052228313,2.362269705945517,1.494982544501104,0.8632317043407289,1.4706175327122937,0.146227914121086,-1.3084925350187204,0.8662164570985229,1.0863392120670292,0.7507608047293689,-0.9561299513803613,0.38503500169158444,1.6133037512543649,-0.9016234480655734,-6.947964045338387e-4,-1.0518056685599213,0.2766100040650422,-2.5137977104526867,0.9273403336989717,-0.5479565216931328,-0.7675017337126708,0.2170299568817751,-1.5308918568574605,-0.5035263961667138,1.8387089561354781,-0.37452137215027553,0.9411718300522337,-1.1099887868149771,-0.17505452678128036,0.4029938648751913,-0.9810701422667181,-0.8485704257698113,0.23940470308179168,0.6993342513996227,0.6236957471097103,-0.3102186727243383,0.8106390957763265,-0.13796775802520322,0.8264822371036971,-1.535832613617129,-0.5590586258689161,1.582333958363534,-1.9091184984112917
-0.19178265081444265,0.7979459515450935,0.3675898690426377,0.4379700925281894,0.3484700579438124,0.146227914121086,0.7226907504709335,-0.023729165550030525,-0.8043775937285593,-0.7513789798483954,0.24564145089201994,0.25759891090476994,0.12476588059045841,-0.12316687192022201,0.2685334006336902,0.19289868460455833,-0.11215667383770428,0.022910741429721826,0.6092141526756764,-0.02104381168900086,0.10566489263083648,-0.06853123616378039,-0.30543702611775914,0.33990604567867516,-0.08537448903335021,-0.02840154188954555,0.14686120561803467,-0.041202449999506334,-0.22265447023087634,0.2832195876640344,-0.1136798960498321,0.1576699833533755,0.05399524909247338,-0.3677575269219084,-0.4639262294932581,0.03817782483349555,0.1297108703685787,0.3018509307848094,0.0623554007934243,-0.15565652807556746,-0.30485788293029853,0.16743516897322697,0.3034173329479368,-0.1894956721162804
0.7054486647346078,-0.41167113741363626,-3.0960935219195287,-1.4094633266537173,-1.0337387496608303,-1.3084925350187204,-0.023729165550030525,1.6589929841530058,-1.2862269068681746,-1.7671354923002127,-0.9538636321250062,0.9740347340368435,-0.6580171581856041,-2.2104549190465197,1.153572712405255,-0.1639595050590375,1.2030762378950703,-0.2545799377662236,3.2962832151414547,-1.4797860892781316,0.4791237510295494,-0.0871236584964309,-0.606597258897383,1.9864309172995551,0.7393523208428401,-2.2335089648376067,0.5024455215770599,-1.1547595838163858,1.3222466510846176,0.40275633457062254,-0.9711272472665984,1.3275208618290084,0.8756520435933925,-0.24560896023796852,-1.1111781477394276,-1.325531637581262,0.6105078213511596,-0.8229090932081397,0.3987434585708645,-0.5598523720660556,1.5410369367325958,0.28249208399505804,-1.2326155681798237,2.0465166294968453
-0.25538347679469,-0.646113655200636,2.434417595080159,0.8014708757120375,0.4416564007601046,0.8662164570985229,-0.8043775937285593,-1.2862269068681746,2.115338850627403,2.2471426287132434,0.7281271645512513,-1.217314523802904,0.05624853924903938,2.2048744822066206,-1.1825670779030053,0.08798422114164502,-0.7729296632780355,0.2643582604382112,-3.4134600804071544,1.4521405670186396,-0.47910507102909744,0.27221025881476324,0.9683888176027532,-1.9015663162713985,-0.40994771521557444,1.909370223893119,-0.5755848118945402,1.0221039919016823,-0.8393073841815145,-0.455868753172442,0.9094285415643206,-1.3584415029431853,-0.7744170387728838,0.7293945583676948,1.6501222066597898,1.2323379381025583,-0.5430857320147738,0.3512940822376753,-0.6377214033594768,0.5446241329974523,-0.6111146352520985,-0.3032853792200205,0.3233055480251102,-1.2167078503931334
-0.47433433855609475,-0.37466636508718526,2.9335619689017096,0.8238626735930912,0.8551078163727625,1.0863392120670292,-0.7513789798483954,-1.7671354923002127,2.2471426287132434,3.0865397423317225,0.6296836227953732,-1.007660707468832,1.190152608816078,2.309989427459475,-1.7216925507300052,-0.017283077204319295,-1.2332434110773784,-0.01881193238181757,-4.309626186511327,1.7406012303168097,-0.5188367403780044,0.5808222624712072,1.1049227576037863,-2.7099810213340647,-0.9397263575290118,2.400898578507168,-0.7224583019709557,1.20324987537698,-1.1976078772510232,-1.044754041890278,1.580508841521967,-1.6603428918801242,-1.0613461825386283,0.4592503547100451,1.5565980838468871,1.6024057643991252,-1.0463767000054216,0.6270176924897564,-0.30772124766189035,0.5905084334922768,-1.6242298568844624,-0.31181814340417563,1.136500122632761,-2.1276521948165854
-0.2527680215608869,0.3112999314211247,2.5852030743570382,1.3002500402171893,0.6523090185536716,0.7507608047293689,0.24564145089201994,-0.9538636321250062,0.7281271645512513,0.6296836227953732,1.153185392512482,-0.780271858037781,-0.4672414279552174,1.8944713982649088,-0.37722775631898237,0.4709707875288924,-0.5463661425153642,0.4681673924980763,-1.7692595919523402,1.220020268590154,-0.17920993304944896,0.3193030915311746,0.49024370442129217,-0.7558223627949533,-0.21935550924903136,1.4409207737247647,-0.24878553309077803,0.7525753547883769,-0.8633743765230277,0.28038073640174827,0.4373689521549206,-0.8287311454166916,-0.40413214310712164,0.2618002837001738,0.9947790894427584,1.2367319274357742,-0.08211838083389889,0.5988720494633664,-0.8177594449142155,0.04188515319323776,-0.2181136089104674,0.10467397871672822,-0.049649318010140144,-0.7391445768239183
0.4140540025833868,0.11341400070152617,-2.030763084290404,-1.06235458293299,-0.39093110752373317,-0.9561299513803613,0.25759891090476994,0.9740347340368435,-1.217314523802904,-1.007660707468832,-0.780271858037781,1.1287909461837968,0.455800070010299,-1.7504524667802714,0.6278484082851056,-0.11196069994183094,0.6040240933043817,-0.45446147049152436,2.2288899957007726,-0.9346416056994064,0.4394489118134105,0.3529308958439478,-0.44267204188254394,1.0991202248138106,0.1346229338314781,-1.50219338587941,0.3575061509231479,-0.8255941014337296,0.7396621505960405,-0.055205042628975354,-0.21503101712313455,0.8995184930990392,0.5371557917015052,-0.5601207664735324,-1.1389541095392268,-0.692347649630873,0.12015438199861443,-0.37941165898222634,0.5762300506233419,-0.5769319137759693,0.42564367786008406,0.3833033720456025,-0.39163495522173114,0.9678374928472478
-0.5254946586747945,0.607269530498171,0.29762178286485313,-0.1975589407390517,0.6995185190169784,0.38503500169158444,0.12476588059045841,-0.6580171581856041,0.05624853924903938,1.190152608816078,-0.4672414279552174,0.455800070010299,2.338582494368645,-0.3479941134091188,-0.8968531836161038,-0.29185680200806857,-0.8400180570744306,-0.7259222213754818,-1.2570753095159883,0.28604191986552635,-0.1278108472375857,0.14685540295072055,0.02589333156190767,-1.4163382068602637,-0.9263862884589202,0.5890393730647631,-0.20232797735394153,0.26168548453731616,-0.5535382978443197,-1.081129197948787,0.9896539789823862,-0.4754482442540698,-0.5220687887196089,-0.5192417623246119,-0.49184305705948894,0.08812058958179343,-0.8758148008102318,0.38035441889012844,0.9052686134872968,0.32669752699198823,-2.1355068033244873,-0.16986217837959544,1.9274018489867712,-1.6735176030776444
-0.5952303139335597,0.10940593837681375,4.933371605383468,2.2181870901501197,1.2234451602100551,1.6133037512543649,-0.12316687192022201,-2.2104549190465197,2.2048744822066206,2.309989427459475,1.8944713982649088,-1.7504524667802714,-0.3479941134091188,3.893664215051415,-1.306066507745494,0.5873923277556959,-1.32668036621017,0.7822768753280038,-4.597282505096364,2.4544625325029172,-0.5780630243367858,0.5704815279035534,1.1793752827827777,-2.3416673557458325,-0.6498349658675765,3.1917799355404157,-0.695323039657834,1.6882696690592394,-1.744897786342414,-0.025360937917605016,1.1918996041678631,-1.9319430522532384,-1.0343809956842789,0.7280408332657932,2.2493301258164204,2.3806764730180907,-0.53055590797145,1.0479326527512614,-1.36037267942537,0.45756082121023856,-0.9187090786950161,-0.1049246874496602,0.381160144676647,-1.999115819127238
0.5019332994770833,-0.08648519513668122,-1.8745643274902892,-0.7394152316124034,-0.6688207810661599,-0.9016234480655734,0.2685334006336902,1.153572712405255,-1.1825670779030053,-1.7216925507300052,-0.37722775631898237,0.6278484082851056,-0.8968531836161038,-1.306066507745494,1.0996783767817448,0.04697083409082639,0.900503620069558,0.038584973637177084,2.5979586718054533,-0.9859129004966203,0.387719596345794,0.02186901342193746,-0.5052910264573515,1.7029822691094294,0.6343372356498582,-1.5370799637781287,0.4196974908458029,-0.7471775566551294,0.8534707355422827,0.6003786314393775,-0.8844926317680009,1.018741039967158,0.7665827742629676,-0.186111657501042,-0.747870962853365,-0.8092340304036504,0.593974064321554,-0.5148557556234874,-8.797083572923781e-5,-0.5302822387978466,1.3859423666135031,0.31432260407220436,-1.1922493231795934,1.6237524528831546
0.09224951090799716,0.12358039683900073,0.8787764516701271,0.3638324297272008,0.20021809266150362,-6.947964045338387e-4,0.19289868460455833,-0.1639595050590375,0.08798422114164502,-0.017283077204319295,0.4709707875288924,-0.11196069994183094,-0.29185680200806857,0.5873923277556959,0.04697083409082639,0.3294953715907428,-0.03153339323821022,0.1452625984485762,-0.21494628670608296,0.47967180135883825,0.07798419782884997,0.4327303430559392,0.2004773177610728,0.027980183277112252,-0.014979565405736143,0.2743580465245128,-0.011137753790247392,0.13460448272351522,-0.21349018969582415,0.24240263989204344,0.17823580769618455,-0.21107699042728015,-0.013859218706752713,0.018416445787656666,0.2993355380298671,0.5571991472744973,0.050981001628592294,0.1522719591094277,-0.3941260600776474,-0.25151776836496836,0.23552670635014883,0.28119187204993146,-0.42121654551220244,0.09941075388559527
0.6601822311858352,-0.5007527847027761,-2.0724142843804145,-1.001240469757578,-0.8343493161002093,-1.0518056685599213,-0.11215667383770428,1.2030762378950703,-0.7729296632780355,-1.2332434110773784,-0.5463661425153642,0.6040240933043817,-0.8400180570744306,-1.32668036621017,0.900503620069558,-0.03153339323821022,0.983079830577345,-0.04372252407935406,2.3317347313700045,-0.9609566252528531,0.3821497466429126,0.16444749783649032,-0.30904501779092747,1.5370264259994268,0.6330195339845479,-1.5841954578504411,0.35306422563505924,-0.8179298255915115,0.9997174307431114,0.4014481311197213,-0.6996396077866041,0.9428378371711904,0.7075369914312077,-0.06474757355847796,-0.5611567000787161,-0.7436758052614112,0.5036842253684348,-0.6543347269687239,0.03729895267534902,-0.5404379506503003,1.5214175505941252,0.3065965753612042,-1.3632393286936446,1.7400023451445719
-0.04208182386077754,-0.043395768672849624,0.7965504675326109,0.5360019233818044,0.05454813488865278,0.2766100040650422,0.022910741429721826,-0.2545799377662236,0.2643582604382112,-0.01881193238181757,0.4681673924980763,-0.45446147049152436,-0.7259222213754818,0.7822768753280038,0.038584973637177084,0.1452625984485762,-0.04372252407935406,0.39126050540840873,-0.4317229567718334,0.27283323152068556,-0.09926453680359702,-0.08198667518645754,0.11180771211820457,-0.0038910441660779294,0.14026603710397392,0.4413817368828016,-0.05665667361403595,0.2414896064227035,-0.19503485210295235,0.32032865004624633,-0.1439353674279104,-0.16538641223622308,-0.0396961448130767,0.2449242615150034,0.46985565317112427,0.33112643833558153,0.17330777665478495,0.12045000346840046,-0.4548053832254208,0.04974267556582632,0.34341877130315035,-0.03757000348439166,-0.3372547065239151,0.0010245350640244516
1.2452564116408404,-0.10390310729148863,-6.045709825386846,-2.4372616838962506,-1.7970383671048775,-2.5137977104526867,0.6092141526756764,3.2962832151414547,-3.4134600804071544,-4.309626186511327,-1.7692595919523402,2.2288899957007726,-1.2570753095159883,-4.597282505096364,2.5979586718054533,-0.21494628670608296,2.3317347313700045,-0.4317229567718334,7.3123504611911585,-3.1408763990160544,1.0506506622602498,-0.28934730166896167,-1.5733759003322254,4.370887678920754,1.433691305105041,-4.593818842300726,1.175218301700482,-2.4097997355416947,2.498514991370325,1.091980441262796,-2.1123856229170284,2.915673142173356,1.8413703174358986,-0.8511006634911442,-2.738213839653124,-2.6871181454753903,1.4043376766281939,-1.4214116945882413,0.9092602717280878,-1.2797241842440965,2.868783629633511,0.7038421493382122,-2.2153149833599475,3.9358419210557494
-0.3508581858674859,0.1760817979178899,3.3833690767138056,1.3085233830441247,0.9578503405784214,0.9273403336989717,-0.02104381168900086,-1.4797860892781316,1.4521405670186396,1.7406012303168097,1.220020268590154,-0.9346416056994064,0.28604191986552635,2.4544625325029172,-0.9859129004966203,0.47967180135883825,-0.9609566252528531,0.27283323152068556,-3.1408763990160544,1.8406684177529704,-0.2903642530815486,0.7479230087739577,0.8919878555445541,-1.731390232603016,-0.6258581960222079,2.1047666979108217,-0.47858412362283875,1.104644151250398,-1.2264734140874631,-0.20757583929506482,1.1254912113745121,-1.4086940668164194,-0.734964636648076,0.32478098731868904,1.4027441759925652,1.752303758803613,-0.5492839121453703,0.7376957384477225,-0.7991919265700783,0.16102447152692778,-0.8877822458177753,0.10421730225125453,0.3726224681613468,-1.4247553530966919
0.32373818955650385,-0.06147359475703841,-0.7101029433327074,-0.43670215180866057,-0.2360725468384608,-0.5479565216931328,0.10566489263083648,0.4791237510295494,-0.47910507102909744,-0.5188367403780044,-0.17920993304944896,0.4394489118134105,-0.1278108472375857,-0.5780630243367858,0.387719596345794,0.07798419782884997,0.3821497466429126,-0.09926453680359702,1.0506506622602498,-0.2903642530815486,0.26361917507568094,0.38435684715708635,-0.09234126146311272,0.6538036186981796,0.15733630667469292,-0.6784699059186692,0.16773226343177788,-0.36535112475674136,0.36624329652567345,0.12735591020774734,-0.10788254493491249,0.3913013028933172,0.3305268182533311,-0.1832496966300476,-0.3322452475546703,-0.10984560091718223,0.13742888994157634,-0.2120342118820017,0.019710033918323697,-0.41808655759818564,0.5658739658970037,0.3069448509342878,-0.6188689082747332,0.7098369600817134
0.6044150318474979,-0.36584106804827016,0.6926724206448025,-0.4550633227995828,0.07432909314746096,-0.7675017337126708,-0.06853123616378039,-0.0871236584964309,0.27221025881476324,0.5808222624712072,0.3193030915311746,0.3529308958439478,0.14685540295072055,0.5704815279035534,0.02186901342193746,0.4327303430559392,0.16444749783649032,-0.08198667518645754,-0.28934730166896167,0.7479230087739577,0.38435684715708635,1.8445598231709235,0.6166241797451395,-0.06676529020096639,-0.1962220085444055,0.05483129631812502,-0.05207986783130553,0.041953500363273326,-0.01972163895316505,-0.17065527925718435,0.8147123909150441,-0.22164334774419805,0.27545194456282346,-0.11279304830596518,0.4682841346915061,1.16216409975284,-0.3434049159243288,-0.10721213639931226,-0.5713513867060263,-0.8888534366944663,0.6866861032936057,0.8011542142690647,-1.3368333531144732,0.5827493617183337
0.04064238570303729,-0.30654275791951074,1.4015465252489319,0.3497925852739486,0.2610967040348305,0.2170299568817751,-0.30543702611775914,-0.606597258897383,0.9683888176027532,1.1049227576037863,0.49024370442129217,-0.44267204188254394,0.02589333156190767,1.1793752827827777,-0.5052910264573515,0.2004773177610728,-0.30904501779092747,0.11180771211820457,-1.5733759003322254,0.8919878555445541,-0.09234126146311272,0.6166241797451395,0.6011867043686641,-0.8279378098588803,-0.23839776303161953,0.8940033078301655,-0.2628987187586835,0.4688288733585049,-0.4118123297927129,-0.19700372898638746,0.6340872288320292,-0.6682917736065247,-0.28819114737978685,0.26825306016076383,0.852532579541996,0.9277721585477772,-0.30395425370607027,0.18933251670568038,-0.47139521264060164,-0.03182050185239244,-0.08499793204520806,0.1121339823515367,-0.22002449091965973,-0.3939320876172448
0.875138918911592,-0.2187509958740503,-3.252310343711333,-1.2499987801386907,-1.169729363678977,-1.5308918568574605,0.33990604567867516,1.9864309172995551,-1.9015663162713985,-2.7099810213340647,-0.7558223627949533,1.0991202248138106,-1.4163382068602637,-2.3416673557458325,1.7029822691094294,0.027980183277112252,1.5370264259994268,-0.0038910441660779294,4.370887678920754,-1.731390232603016,0.6538036186981796,-0.06676529020096639,-0.8279378098588803,2.8475833447227146,1.0501240709332598,-2.660916951241741,0.7017196352423024,-1.3960994202925632,1.5107087010376965,0.942358922292507,-1.3971107898351822,1.720355375348744,1.1891145921121438,-0.3381942384692467,-1.31365953698855,-1.3710123946757309,1.023843683414853,-0.8762849522281665,0.16239392289327867,-0.8850865821005088,2.2677689088910373,0.5088324243416119,-1.9035354275101046,2.6914292714562307
0.35118157822596774,-0.3429333829283609,-1.1867302394641204,-0.4140739110942748,-0.5774704274466274,-0.5035263961667138,-0.08537448903335021,0.7393523208428401,-0.40994771521557444,-0.9397263575290118,-0.21935550924903136,0.1346229338314781,-0.9263862884589202,-0.6498349658675765,0.6343372356498582,-0.014979565405736143,0.6330195339845479,0.14026603710397392,1.433691305105041,-0.6258581960222079,0.15733630667469292,-0.1962220085444055,-0.23839776303161953,1.0501240709332598,0.5393589356539201,-0.9091732572486069,0.21990647430674892,-0.4442503569264655,0.6116193405640559,0.44998845632313594,-0.6752409030062002,0.5818462473767321,0.43155749749460687,0.10998325865954738,-0.22305490082845383,-0.5603579472773884,0.4763101848904061,-0.40864430713500993,-0.10254807383173735,-0.19914153225728307,1.1084616449128277,0.07120383999652588,-0.9002891200163291,1.1350481996346171
-0.9381176629920344,0.45427421876410334,4.379209711768705,2.016563475192948,1.3519304213662184,1.8387089561354781,-0.02840154188954555,-2.2335089648376067,1.909370223893119,2.400898578507168,1.4409207737247647,-1.50219338587941,0.5890393730647631,3.1917799355404157,-1.5370799637781287,0.2743580465245128,-1.5841954578504411,0.4413817368828016,-4.593818842300726,2.1047666979108217,-0.6784699059186692,0.05483129631812502,0.8940033078301655,-2.660916951241741,-0.9091732572486069,3.133708977410358,-0.7117999872248625,1.6309944389949134,-1.8006898546535544,-0.4440680438124035,1.2273097795579628,-1.866333711934321,-1.1924665603252187,0.47075010435325265,1.7127074206770614,1.84810522712653,-0.7734715437704187,1.1288767714706067,-0.7164456827800403,0.8041372203120615,-1.8995712262100932,-0.42017502692713465,1.5018940549322872,-2.657212273181861
0.18352966279997454,0.040857460732846844,-0.8896222644383437,-0.31975429265216015,-0.245708041555057,-0.37452137215027553,0.14686120561803467,0.5024455215770599,-0.5755848118945402,-0.7224583019709557,-0.24878553309077803,0.3575061509231479,-0.20232797735394153,-0.695323039657834,0.4196974908458029,-0.011137753790247392,0.35306422563505924,-0.05665667361403595,1.175218301700482,-0.47858412362283875,0.16773226343177788,-0.05207986783130553,-0.2628987187586835,0.7017196352423024,0.21990647430674892,-0.7117999872248625,0.1983477086556944,-0.37623175999503555,0.36883087604655723,0.2084806900718592,-0.3340438540092123,0.45955817688134115,0.27910013783820986,-0.15163037375069793,-0.45405250107779943,-0.4012035317087627,0.243490628817748,-0.19113545157649123,0.14180793782631776,-0.21141962186605578,0.4345150376244839,0.13142332513106197,-0.3285075281643428,0.5995490900353528
-0.4887783262112836,0.18813083054858387,2.2238736785239395,0.9877177849170532,0.6713824496366755,0.9411718300522337,-0.041202449999506334,-1.1547595838163858,1.0221039919016823,1.20324987537698,0.7525753547883769,-0.8255941014337296,0.26168548453731616,1.6882696690592394,-0.7471775566551294,0.13460448272351522,-0.8179298255915115,0.2414896064227035,-2.4097997355416947,1.104644151250398,-0.36535112475674136,0.041953500363273326,0.4688288733585049,-1.3960994202925632,-0.4442503569264655,1.6309944389949134,-0.37623175999503555,0.9103364766557561,-0.9283883010281372,-0.2212357266251967,0.5801455511528173,-0.9771397296145232,-0.5738437728570674,0.29593262602152143,0.9332390583116513,0.9066529693977667,-0.41086234824857776,0.5435269882310232,-0.42855463581023207,0.45053205335190216,-0.9350437170562615,-0.23931633411582395,0.7302810829096656,-1.3332598908784248
0.6314782581030124,-0.5636645970393228,-2.626060679863689,-1.2647968187546805,-0.9405542864714522,-1.1099887868149771,-0.22265447023087634,1.3222466510846176,-0.8393073841815145,-1.1976078772510232,-0.8633743765230277,0.7396621505960405,-0.5535382978443197,-1.744897786342414,0.8534707355422827,-0.21349018969582415,0.9997174307431114,-0.19503485210295235,2.498514991370325,-1.2264734140874631,0.36624329652567345,-0.01972163895316505,-0.4118123297927129,1.5107087010376965,0.6116193405640559,-1.8006898546535544,0.36883087604655723,-0.9283883010281372,1.1425271192549833,0.22994918609454063,-0.7394036142247801,1.0638881121592452,0.7100219462940571,-0.115660683651788,-0.7927642387233406,-1.0569057397665473,0.45801279974695175,-0.7528125346253296,0.3192397427861959,-0.4339845370031674,1.3441842803355106,0.1903295452486383,-1.0970287951827145,1.6876873501860672
0.1905988073551638,0.08643727777087286,-0.12372576163944583,0.2739257530174581,-0.20746229684093564,-0.17505452678128036,0.2832195876640344,0.40275633457062254,-0.455868753172442,-1.044754041890278,0.28038073640174827,-0.055205042628975354,-1.081129197948787,-0.025360937917605016,0.6003786314393775,0.24240263989204344,0.4014481311197213,0.32032865004624633,1.091980441262796,-0.20757583929506482,0.12735591020774734,-0.17065527925718435,-0.19700372898638746,0.942358922292507,0.44998845632313594,-0.4440680438124035,0.2084806900718592,-0.2212357266251967,0.22994918609454063,0.7182154346058816,-0.5825645275567909,0.34931785412845345,0.27892104171240084,0.06986937356575541,-0.07338406838428442,-0.12547715377149948,0.5609146049998185,-0.07974044189081565,-0.34338482114334234,-0.23544476182027496,0.9263538560626056,0.18464902712713266,-0.784067531066432,0.8116336007277836
-0.17321600177310847,0.09244827712904878,1.841413661447885,0.449879236553782,0.6745213253034562,0.4029938648751913,-0.1136798960498321,-0.9711272472665984,0.9094285415643206,1.580508841521967,0.4373689521549206,-0.21503101712313455,0.9896539789823862,1.1918996041678631,-0.8844926317680009,0.17823580769618455,-0.6996396077866041,-0.1439353674279104,-2.1123856229170284,1.1254912113745121,-0.10788254493491249,0.8147123909150441,0.6340872288320292,-1.3971107898351822,-0.6752409030062002,1.2273097795579628,-0.3340438540092123,0.5801455511528173,-0.7394036142247801,-0.5825645275567909,1.1488614989279677,-0.8968227711334888,-0.5317974703287253,-0.026344919427939407,0.6529472975508833,1.1826444946451566,-0.6522394132198652,0.4485210514497943,-0.15655572511341845,-0.014729066191658806,-0.98876858891885,0.1530222343076697,0.5320854205366065,-1.1509724682365237
0.47822644777648793,-0.1224534297340423,-2.6471794181941193,-1.0563567524720234,-0.7948496209095988,-0.9810701422667181,0.1576699833533755,1.3275208618290084,-1.3584415029431853,-1.6603428918801242,-0.8287311454166916,0.8995184930990392,-0.4754482442540698,-1.9319430522532384,1.018741039967158,-0.21107699042728015,0.9428378371711904,-0.16538641223622308,2.915673142173356,-1.4086940668164194,0.3913013028933172,-0.22164334774419805,-0.6682917736065247,1.720355375348744,0.5818462473767321,-1.866333711934321,0.45955817688134115,-0.9771397296145232,1.0638881121592452,0.34931785412845345,-0.8968227711334888,1.2462759419665028,0.7526923667598139,-0.3254242969116811,-1.1376501117543742,-1.1873727756900225,0.5389087375026819,-0.6003787176727149,0.4384224389656425,-0.44526072929061034,1.132936099070928,0.1846173212286729,-0.8159951950309853,1.5352590912658823
0.4712884828398617,-0.25845494556462467,-1.5544836936973807,-0.840397839323508,-0.5854070603257204,-0.8485704257698113,0.05399524909247338,0.8756520435933925,-0.7744170387728838,-1.0613461825386283,-0.40413214310712164,0.5371557917015052,-0.5220687887196089,-1.0343809956842789,0.7665827742629676,-0.013859218706752713,0.7075369914312077,-0.0396961448130767,1.8413703174358986,-0.734964636648076,0.3305268182533311,0.27545194456282346,-0.28819114737978685,1.1891145921121438,0.43155749749460687,-1.1924665603252187,0.27910013783820986,-0.5738437728570674,0.7100219462940571,0.27892104171240084,-0.5317974703287253,0.7526923667598139,0.6440214632554778,-0.14092681373506016,-0.5038793553928681,-0.5496709647080344,0.31723257482609213,-0.504733067128044,0.014601314735851656,-0.4702359460396109,1.0920165621525508,0.2768741358735907,-1.0378366195554543,1.278606663063258
-0.009358486314728713,-0.4120822468204963,0.5456265559844179,0.2408192383747221,-0.07146684356605205,0.23940470308179168,-0.3677575269219084,-0.24560896023796852,0.7293945583676948,0.4592503547100451,0.2618002837001738,-0.5601207664735324,-0.5192417623246119,0.7280408332657932,-0.186111657501042,0.018416445787656666,-0.06474757355847796,0.2449242615150034,-0.8511006634911442,0.32478098731868904,-0.1832496966300476,-0.11279304830596518,0.26825306016076383,-0.3381942384692467,0.10998325865954738,0.47075010435325265,-0.15163037375069793,0.29593262602152143,-0.115660683651788,0.06986937356575541,-0.026344919427939407,-0.3254242969116811,-0.14092681373506016,0.42145776801113644,0.6466469358296388,0.2099684939108752,0.02070789151137002,-0.016244661412630156,-0.3651704145332697,0.23126206254312537,0.24514998844102234,-0.17201624951983413,-0.22649752594442224,-0.03728711679728105
-0.13489105867380663,-0.45044328897031316,2.53170761210919,0.9186932945637698,0.4098011649379273,0.6993342513996227,-0.4639262294932581,-1.1111781477394276,1.6501222066597898,1.5565980838468871,0.9947790894427584,-1.1389541095392268,-0.49184305705948894,2.2493301258164204,-0.747870962853365,0.2993355380298671,-0.5611567000787161,0.46985565317112427,-2.738213839653124,1.4027441759925652,-0.3322452475546703,0.4682841346915061,0.852532579541996,-1.31365953698855,-0.22305490082845383,1.7127074206770614,-0.45405250107779943,0.9332390583116513,-0.7927642387233406,-0.07338406838428442,0.6529472975508833,-1.1376501117543742,-0.5038793553928681,0.6466469358296388,1.5961934661208808,1.3281285234955145,-0.3213470505443083,0.3418325753233882,-0.936780694740198,0.2504881964179932,-0.08163253862499499,-0.08712019275840481,-0.2568962832796728,-0.7575644893140561
-0.10264964454279774,0.10296974025140652,3.2545087846425704,1.2010754151722118,0.8547680924962489,0.6236957471097103,0.03817782483349555,-1.325531637581262,1.2323379381025583,1.6024057643991252,1.2367319274357742,-0.692347649630873,0.08812058958179343,2.3806764730180907,-0.8092340304036504,0.5571991472744973,-0.7436758052614112,0.33112643833558153,-2.6871181454753903,1.752303758803613,-0.10984560091718223,1.16216409975284,0.9277721585477772,-1.3710123946757309,-0.5603579472773884,1.84810522712653,-0.4012035317087627,0.9066529693977667,-1.0569057397665473,-0.12547715377149948,1.1826444946451566,-1.1873727756900225,-0.5496709647080344,0.2099684939108752,1.3281285234955145,1.9831635524839697,-0.4703550957744659,0.685163143081152,-0.9069074160905719,-0.21305116107153765,-0.4242563965692161,0.36475097134477275,-0.18622601703447594,-1.0323866474151282
0.22628195171051807,-0.047741482001310905,-0.8294148251436557,-0.05896722296159235,-0.3883463886674224,-0.3102186727243383,0.1297108703685787,0.6105078213511596,-0.5430857320147738,-1.0463767000054216,-0.08211838083389889,0.12015438199861443,-0.8758148008102318,-0.53055590797145,0.593974064321554,0.050981001628592294,0.5036842253684348,0.17330777665478495,1.4043376766281939,-0.5492839121453703,0.13742888994157634,-0.3434049159243288,-0.30395425370607027,1.023843683414853,0.4763101848904061,-0.7734715437704187,0.243490628817748,-0.41086234824857776,0.45801279974695175,0.5609146049998185,-0.6522394132198652,0.5389087375026819,0.31723257482609213,0.02070789151137002,-0.3213470505443083,-0.4703550957744659,0.5514294180775965,-0.22759109913227313,-0.05875377165933776,-0.1764821639492213,0.8833253908043044,0.08754910980041047,-0.6410887777948708,0.8932897471688526
-0.4513436300682432,0.5596805194727259,1.730033960225034,1.0149470358962116,0.6882629476095684,0.8106390957763265,0.3018509307848094,-0.8229090932081397,0.3512940822376753,0.6270176924897564,0.5988720494633664,-0.37941165898222634,0.38035441889012844,1.0479326527512614,-0.5148557556234874,0.1522719591094277,-0.6543347269687239,0.12045000346840046,-1.4214116945882413,0.7376957384477225,-0.2120342118820017,-0.10721213639931226,0.18933251670568038,-0.8762849522281665,-0.40864430713500993,1.1288767714706067,-0.19113545157649123,0.5435269882310232,-0.7528125346253296,-0.07974044189081565,0.4485210514497943,-0.6003787176727149,-0.504733067128044,-0.016244661412630156,0.3418325753233882,0.685163143081152,-0.22759109913227313,0.6362278169176496,-0.13918191339934277,0.25472752059029374,-0.9452331074551891,-0.09939733037996148,0.8488438929540877,-1.1393612972099805
-0.1528363261341961,0.24316808380448568,-1.4683953458871928,-0.5737210968563464,-0.12346131763922603,-0.13796775802520322,0.0623554007934243,0.3987434585708645,-0.6377214033594768,-0.30772124766189035,-0.8177594449142155,0.5762300506233419,0.9052686134872968,-1.36037267942537,-8.797083572923781e-5,-0.3941260600776474,0.03729895267534902,-0.4548053832254208,0.9092602717280878,-0.7991919265700783,0.019710033918323697,-0.5713513867060263,-0.47139521264060164,0.16239392289327867,-0.10254807383173735,-0.7164456827800403,0.14180793782631776,-0.42855463581023207,0.3192397427861959,-0.34338482114334234,-0.15655572511341845,0.4384224389656425,0.014601314735851656,-0.3651704145332697,-0.936780694740198,-0.9069074160905719,-0.05875377165933776,-0.13918191339934277,0.8903663777279538,0.20048460625428632,-0.6677196879467252,-0.22135775496622223,0.9145129413240528,-0.1922123052382258
-0.5612723010291802,0.13834321626338658,0.5802364900366297,0.5004622498567755,0.2655352771063575,0.8264822371036971,-0.15565652807556746,-0.5598523720660556,0.5446241329974523,0.5905084334922768,0.04188515319323776,-0.5769319137759693,0.32669752699198823,0.45756082121023856,-0.5302822387978466,-0.25151776836496836,-0.5404379506503003,0.04974267556582632,-1.2797241842440965,0.16102447152692778,-0.41808655759818564,-0.8888534366944663,-0.03182050185239244,-0.8850865821005088,-0.19914153225728307,0.8041372203120615,-0.21141962186605578,0.45053205335190216,-0.4339845370031674,-0.23544476182027496,-0.014729066191658806,-0.44526072929061034,-0.4702359460396109,0.23126206254312537,0.2504881964179932,-0.21305116107153765,-0.1764821639492213,0.25472752059029374,0.20048460625428632,0.7672493042714706,-0.9921880306567691,-0.5988627501489173,1.199537036176619,-1.074851683375546
1.1788384689604756,-1.075331876057138,-2.078702860677205,-1.0851249503766411,-1.2585505105933703,-1.535832613617129,-0.30485788293029853,1.5410369367325958,-0.6111146352520985,-1.6242298568844624,-0.2181136089104674,0.42564367786008406,-2.1355068033244873,-0.9187090786950161,1.3859423666135031,0.23552670635014883,1.5214175505941252,0.34341877130315035,2.868783629633511,-0.8877822458177753,0.5658739658970037,0.6866861032936057,-0.08499793204520806,2.2677689088910373,1.1084616449128277,-1.8995712262100932,0.4345150376244839,-0.9350437170562615,1.3441842803355106,0.9263538560626056,-0.98876858891885,1.132936099070928,1.0920165621525508,0.24514998844102234,-0.08163253862499499,-0.4242563965692161,0.8833253908043044,-0.9452331074551891,-0.6677196879467252,-0.9921880306567691,3.005010034588622,0.6407257687623967,-2.9288767301910186,2.8976411901610684
0.3996959609467444,-0.03458523699575028,-0.05736019728589545,-0.2314796677880053,-0.06293214995251041,-0.5590586258689161,0.16743516897322697,0.28249208399505804,-0.3032853792200205,-0.31181814340417563,0.10467397871672822,0.3833033720456025,-0.16986217837959544,-0.1049246874496602,0.31432260407220436,0.28119187204993146,0.3065965753612042,-0.03757000348439166,0.7038421493382122,0.10421730225125453,0.3069448509342878,0.8011542142690647,0.1121339823515367,0.5088324243416119,0.07120383999652588,-0.42017502692713465,0.13142332513106197,-0.23931633411582395,0.1903295452486383,0.18464902712713266,0.1530222343076697,0.1846173212286729,0.2768741358735907,-0.17201624951983413,-0.08712019275840481,0.36475097134477275,0.08754910980041047,-0.09939733037996148,-0.22135775496622223,-0.5988627501489173,0.6407257687623967,0.5205050152789715,-0.8653330227025092,0.6808886813888515
-1.252717679937706,1.0998360514483099,1.3072010516702095,1.0255189647214904,1.042925103384071,1.582333958363534,0.3034173329479368,-1.2326155681798237,0.3233055480251102,1.136500122632761,-0.049649318010140144,-0.39163495522173114,1.9274018489867712,0.381160144676647,-1.1922493231795934,-0.42121654551220244,-1.3632393286936446,-0.3372547065239151,-2.2153149833599475,0.3726224681613468,-0.6188689082747332,-1.3368333531144732,-0.22002449091965973,-1.9035354275101046,-0.9002891200163291,1.5018940549322872,-0.3285075281643428,0.7302810829096656,-1.0970287951827145,-0.784067531066432,0.5320854205366065,-0.8159951950309853,-1.0378366195554543,-0.22649752594442224,-0.2568962832796728,-0.18622601703447594,-0.6410887777948708,0.8488438929540877,0.9145129413240528,1.199537036176619,-2.9288767301910186,-0.8653330227025092,3.1444220988066642,-2.728558565158847
1.2514137066630517,-0.9448926312998066,-3.265775057419756,-1.6778401365036975,-1.4282741247824355,-1.9091184984112917,-0.1894956721162804,2.0465166294968453,-1.2167078503931334,-2.1276521948165854,-0.7391445768239183,0.9678374928472478,-1.6735176030776444,-1.999115819127238,1.6237524528831546,0.09941075388559527,1.7400023451445719,0.0010245350640244516,3.9358419210557494,-1.4247553530966919,0.7098369600817134,0.5827493617183337,-0.3939320876172448,2.6914292714562307,1.1350481996346171,-2.657212273181861,0.5995490900353528,-1.3332598908784248,1.6876873501860672,0.8116336007277836,-1.1509724682365237,1.5352590912658823,1.278606663063258,-0.03728711679728105,-0.7575644893140561,-1.0323866474151282,0.8932897471688526,-1.1393612972099805,-0.1922123052382258,-1.074851683375546,2.8976411901610684,0.6808886813888515,-2.728558565158847,3.195878635047612
