V1,V2,V3,V4,V5,V6,V7,V8,V9,V10,V11,V12,V13,V14,V15,V16,V17,V18,V19,V20,V21,V22,V23,V24,V25,V26,V27,V28,V29,V30,V31,V32,V33,V34,V35,V36,V37,V38,V39,V40,V41,V42,V43,V44
2.501588478118165,-3.5740513939846323,-0.37383072885338653,-3.7951868543319396,-0.8618962851827519,-3.223372475184339,-2.6573268271571355,0.20799008396809793,3.1262847202081225,4.648553258132605,-0.7052791684405324,1.1625785514694866,1.8025445953306376,0.6641741950643202,-1.1271152684033223,0.4220640727185358,0.8104053841371398,-1.2249237171102934,-2.4163917764157397,2.001019930119843,1.013085751943668,6.028945338973452,2.7812417412395343,-1.603063994393604,-0.7488724074222053,-0.40719091827332154,-0.5982829258395203,-0.17100109103591002,0.9350956805736649,-2.2571020523033094,3.416696143048791,-1.0342709056141732,0.5709719526299427,0.3530630185864851,2.0604850102434416,2.9468154161290343,-1.9921246209572685,-1.3914920152159906,-0.9720858288361939,-2.2769870614806322,2.0638383484121876,1.955054697153464,-4.114197023946522,2.1093688652583973
-3.5740513939846323,5.299698010959435,0.7458933240464197,5.788477757751484,1.3176679150856228,4.82591246241603,3.9697986096838287,-0.14916079361690027,-4.5651133529246275,-7.036247527501065,1.374783490990745,-1.7057399575454069,-3.0344729133215798,-0.7929301621658209,1.8653423009391108,-0.42976432035137174,-1.0903607625649723,1.873270108569561,3.692136531855111,-2.771739763174503,-1.413924858448105,-8.857803233831714,-3.992077143749537,2.545689357098935,1.249033284804287,0.5951635175435583,0.906500306363524,0.2998773683620111,-1.3559884374975397,3.55537390993119,-5.090805531949888,1.5504188272757555,-0.7979757555716677,-0.36098389124485136,-2.924778338758769,-4.171032319045754,2.9815925057776154,2.2282936368410478,1.107128983495065,3.2056225188830862,-2.728302191281288,-2.781527828006378,5.748595399096268,-2.81148442704984
-0.37383072885338653,0.7458933240464197,1.0397544833158474,1.4317032270129153,0.09720938985751988,0.5975471123042875,0.7883142486705526,-0.08613797646343653,-0.6423075450857344,-1.6759648593195946,0.760598033216747,-0.7835649326668637,-1.7295392742855995,0.6617967824309575,0.5862668160957162,0.34047881587461293,0.024335005709019263,0.8027301225875352,0.7921679304856891,-0.13736667872520178,-0.17218899979022811,-1.2260641036654807,-0.5532548410101503,0.9762055825129256,0.5669125098308823,0.17131685932789067,0.22393951387883967,0.0634281227155976,-0.25984361770297615,1.3538472120929075,-1.109938217843174,0.1379911219476565,0.0458325620415108,0.13546925856475361,0.014505040621113735,-0.25365281013490837,1.0555216047463019,0.16016828433798827,-0.4124180414725822,0.2656990717890304,0.5296353900071166,-0.1521288719078595,-0.11970578396646742,0.11363042951735099
-3.7951868543319396,5.788477757751484,1.4317032270129153,7.038669602564875,1.4166937651935256,5.4317009315190985,4.532268666272227,0.019925776369620157,-4.9180199454223725,-8.238535087762946,2.1466937924150904,-2.2398673761785632,-4.485861722567885,-0.3178749997290388,2.3956261087013546,-0.11178461429922018,-0.9102576612905223,2.3795896779273726,4.305152069830035,-2.664823049825769,-1.568755550628146,-9.771799669459996,-4.233559975141754,3.2668609068905874,1.6922860093176981,0.775335679249881,1.0428688963181867,0.4108722309670227,-1.5399403954599789,4.498069889914392,-5.97079709266088,1.6211809619725706,-0.9485414748684043,-0.15875347363257594,-2.7415178470420143,-4.346376967979399,3.6882543226057547,2.6853728402643844,0.5588347785172304,3.483610822916697,-2.159210543385269,-2.9126033061373984,5.582405079118645,-2.378387136790204
-0.8618962851827519,1.3176679150856228,0.09720938985751988,1.4166937651935256,0.3715762719461186,1.2269320326239028,0.9468315283115626,0.07619568803251078,-1.057249910788626,-1.6945548209371344,0.35444617616618074,-0.3435916426351166,-0.6367404644313294,-0.3062058028494537,0.4562402076512682,-0.06448668180166432,-0.25754222149215167,0.3359069942445183,0.9345721501269534,-0.603317939298614,-0.3342010904465147,-2.2325708936869426,-0.9322374944631231,0.5811521512995137,0.3021585944435412,0.09439700394172146,0.22666555171870592,0.06766309796539272,-0.31332122680185187,0.8465915997235287,-1.2123345269791388,0.3498131534818293,-0.27100036804622574,-0.046347108280549665,-0.7555493746200421,-1.0717932997130593,0.6799114633197525,0.6413767596481135,0.2877050669190888,0.8149413843603027,-0.7518113864366807,-0.6817843002083983,1.5220059913773738,-0.6363570744202336
-3.223372475184339,4.82591246241603,0.5975471123042875,5.4317009315190985,1.2269320326239028,4.600187654318944,3.644351977056899,0.004658263152952532,-4.183835380027439,-6.418459869802796,1.4876473917729163,-1.461961332666037,-2.9829019949119924,-0.6606491286007176,1.8659181453581724,-0.3907718379304651,-0.8688234068128972,1.7474081043312357,3.3905978122353697,-2.466561977134191,-1.282361924267696,-8.0518741705725,-3.542715384780876,2.3622941233865338,1.1671829051226137,0.6441355733773946,0.794162649032751,0.37035757445427164,-1.2324184472893605,3.1668347415508067,-4.713958789420591,1.5172112689151138,-0.7610564413982523,-0.2469126890063182,-2.547450264081187,-3.7200818704691634,2.5855226154592086,2.3565976668347197,0.7223489621815801,2.906030523345211,-2.28444224248913,-2.5856914265222213,5.096026252413188,-2.335405530221918
-2.6573268271571355,3.9697986096838287,0.7883142486705526,4.532268666272227,0.9468315283115626,3.644351977056899,3.0945857561289025,-0.22066198241270388,-3.565590126457356,-5.430042441565765,1.2217322623636866,-1.3827315429774256,-2.7120517128211925,-0.2839653583234995,1.5499010571492147,-0.3108639823485008,-0.7430431594414444,1.679363187428738,2.8001677680050605,-2.1031387284520995,-1.0585294024637462,-6.48607751825548,-3.004437400785477,2.086252972195153,0.9974912157324475,0.5926826228052985,0.6784250035662468,0.28720795767081736,-1.0668899401294996,2.776215353774944,-3.950387596056531,1.2609520327633925,-0.484758287385862,-0.2922732132705778,-2.022666690001098,-2.9346123465960514,2.3213381053473956,1.7078183996118461,0.5622454468136707,2.307009295351481,-1.6909069766121871,-2.054904068442847,3.92603661599975,-1.9807264345989497
0.20799008396809793,-0.14916079361690027,-0.08613797646343653,0.019925776369620157,0.07619568803251078,0.004658263152952532,-0.22066198241270388,0.5673622038313695,0.5601197145386861,0.15366557953181864,0.21516416333384286,0.10353384596281634,0.09909478290979248,-0.2523208491761689,-0.02680769559186406,0.3383225941855438,0.19569794371626917,-0.4821414703912765,0.06641100663296251,0.5639069657100649,0.05280606650912946,-0.0739018731915534,0.36446045728578824,-0.0812952161718062,0.0819208061473089,-0.2319170491383523,-0.001300804553738848,-0.03389843727665234,0.12150049456691273,0.08037881404316252,0.16523393313593415,-0.3190852789251293,-0.35280961219781837,0.31062374331026676,0.13081868108542208,-0.05953863585840101,-0.0576494315429656,0.29275487077913026,-0.1266930660628129,0.05298068070384888,0.04855502632828369,0.153489835800186,0.04752972477588935,0.5569531318551323
3.1262847202081225,-4.5651133529246275,-0.6423075450857344,-4.9180199454223725,-1.057249910788626,-4.183835380027439,-3.565590126457356,0.5601197145386861,4.414337566934894,5.993670761567852,-1.1766318428311628,1.3823818557778114,2.808206286300379,0.3390652094785659,-1.7555887163014288,0.6880427686047741,0.9787656433304024,-2.0801844609486806,-3.0305569129519023,2.8053838500363013,1.192269834252427,7.183226947468878,3.575666529298482,-2.2458158937807644,-0.9675552286885027,-0.8330134662240036,-0.7209547190750493,-0.38175191120505614,1.24596563120365,-2.7763786679236038,4.42774962106975,-1.7320173413571769,0.3078357972452136,0.5543866682212208,2.4533133077766345,3.267760894830963,-2.366612391358331,-1.8922709337551817,-0.7402321486192642,-2.5354801196859977,2.1063176043525917,2.486142188363317,-4.543262768937671,2.6702958512702706
4.648553258132605,-7.036247527501065,-1.6759648593195946,-8.238535087762946,-1.6945548209371344,-6.418459869802796,-5.430042441565765,0.15366557953181864,5.993670761567852,9.907960182349775,-2.3163611560832837,2.7032944049752783,5.09198790369674,0.4886363219754314,-2.7483521423473394,0.22779441105933143,1.2806124123730824,-2.858146187181279,-5.143131878307599,3.4281430662986483,1.8784645313454356,11.871472573810568,5.267058037607654,-3.861019933203656,-2.000106670570922,-0.8401760231881001,-1.28158037195888,-0.42544396930268785,1.8401470421435169,-5.421397301626428,7.112029463624988,-1.96782534832204,1.0109182517368107,0.26490750343535224,3.5357008639148053,5.3470183636169,-4.470387402682152,-2.9259317570491894,-0.9980451427171878,-4.178805818609038,2.9102396215616713,3.535659444053277,-6.971461894430747,3.2566943528847108
-0.7052791684405324,1.374783490990745,0.760598033216747,2.1466937924150904,0.35444617616618074,1.4876473917729163,1.2217322623636866,0.21516416333384286,-1.1766318428311628,-2.3163611560832837,1.2280307652697697,-0.5962392272521333,-2.0586686544560933,0.4662987721397479,1.0291267026015092,0.2592633154113222,0.0663225477595662,0.8955986045212029,1.2220168274449899,-0.36551777075339714,-0.26994039182013085,-2.155965321890653,-0.8134728475301715,1.1908285197597217,0.6720839482570182,0.33321843034865595,0.26060179740886463,0.2556479067751475,-0.3651682243854834,1.4520363251991513,-1.6389131878593537,0.5143051124607069,-0.10436479589779185,0.23256870961062584,-0.27362804842064237,-0.6161355098391542,0.9619909923278219,1.033788304377533,-0.6584685063248793,0.5502734149430504,0.3269216736875158,-0.5508329587279508,0.4975509440321807,0.07489209228832878
1.1625785514694866,-1.7057399575454069,-0.7835649326668637,-2.2398673761785632,-0.3435916426351166,-1.461961332666037,-1.3827315429774256,0.10353384596281634,1.3823818557778114,2.7032944049752783,-0.5962392272521333,1.0258969670947282,1.6291019672679878,-0.06716926238769967,-0.639471297398352,-0.08903585139430541,0.3030183342837254,-0.8313557339600104,-1.3495335196120462,0.7479649202583168,0.528776598689714,3.0827888571308657,1.3558554757273464,-1.1330443718024426,-0.6278719253231156,-0.1729532612917219,-0.36810481137564205,-0.038145199494919,0.4904549863213046,-1.7157665152475672,1.9293320475392717,-0.3059518609305935,0.29940508739165117,0.03241370956330077,0.7444568206653747,1.3784695549573038,-1.4990236663806895,-0.46966970080667764,-0.27150620018962596,-1.127677715638622,0.5409644594647028,0.8039982991440155,-1.582651924401809,0.7117117922383316
1.8025445953306376,-3.0344729133215798,-1.7295392742855995,-4.485861722567885,-0.6367404644313294,-2.9829019949119924,-2.7120517128211925,0.09909478290979248,2.808206286300379,5.09198790369674,-2.0586686544560933,1.6291019672679878,4.18999949273043,-0.9789693985632547,-1.9074143378974404,-0.2732939655640822,0.1630506337141922,-2.145147522682412,-2.5307561586832863,1.2591522233989947,0.7429157148757624,4.874432789676887,2.173446717313473,-2.507520514312875,-1.347528052208694,-0.739886182780069,-0.6010350948457557,-0.4148978818310039,0.8925440458177825,-3.165387347345549,3.66157867478805,-1.0843471481590923,0.11132815699241132,-0.1663766150229248,0.8162324463613139,1.6281048013750625,-2.402617783269089,-1.5574675003302847,0.7971184872796324,-1.4245136835635506,-0.274585362946558,1.3339166306579096,-1.4756453903011346,0.5484635018969881
0.6641741950643202,-0.7929301621658209,0.6617967824309575,-0.3178749997290388,-0.3062058028494537,-0.6606491286007176,-0.2839653583234995,-0.2523208491761689,0.3390652094785659,0.4886363219754314,0.4662987721397479,-0.06716926238769967,-0.9789693985632547,1.1379049383857114,0.24643133086097935,0.20915515463712556,0.3712966365318214,0.5779922099040979,-0.4000189794465891,0.3628410490255867,0.2820573545174299,1.7125360869325388,0.564368965635628,0.2355054932401306,0.11367658059205969,0.2599840933700439,-0.1052843239428601,0.13987985655615506,0.10438695517265695,0.0037653253573070983,0.36649124216143625,0.07189188764876424,0.5640417871349751,0.14462937906677772,0.9123856363424826,1.246304004929568,-0.13770728595772264,-0.2883755852890991,-1.0299856289177427,-0.8863653510182989,1.554926668923961,0.5642047240102532,-2.118234950027375,0.8258956125527822
-1.1271152684033223,1.8653423009391108,0.5862668160957162,2.3956261087013546,0.4562402076512682,1.8659181453581724,1.5499010571492147,-0.02680769559186406,-1.7555887163014288,-2.7483521423473394,1.0291267026015092,-0.639471297398352,-1.9074143378974404,0.24643133086097935,1.058984771168268,-0.024093277718935855,-0.18485715794575253,1.0624296561967752,1.414745780278666,-0.9005541719626761,-0.4161442913445141,-2.8874463109360136,-1.3086277247385956,1.237041408613076,0.6265482179367897,0.4165940383151448,0.31697962624636883,0.2617124767305203,-0.5008975679649491,1.4807619443421172,-1.9943023514253524,0.7647318234696467,-0.07631314859462195,0.01646367391730034,-0.7211987021198725,-1.0670991540249974,1.0744161096563791,1.0688847430091133,-0.2760371472139641,0.8631911667731184,-0.24353948481811258,-0.9063953677346144,1.2741650761500976,-0.5761461143524682
0.4220640727185358,-0.42976432035137174,0.34047881587461293,-0.11178461429922018,-0.06448668180166432,-0.3907718379304651,-0.3108639823485008,0.3383225941855438,0.6880427686047741,0.22779441105933143,0.2592633154113222,-0.08903585139430541,-0.2732939655640822,0.20915515463712556,-0.024093277718935855,0.462534160079593,0.24518102385817417,-0.21975927156972372,-0.05333227032166583,0.6700928905584396,0.14361762868769284,0.4910924109811439,0.4766862709347917,0.060966484933700126,0.15908237832428587,-0.20185701528849867,0.004365817416941615,-0.064634956003664,0.13844255876035827,0.2641377730788725,0.2702147036379635,-0.38327467396311127,-0.11178730458197024,0.31659241669588967,0.4252525944832323,0.34407132905836596,0.10597525989060215,-0.10524118457824867,-0.33183580908426913,-0.24537224130184615,0.5595267590174201,0.40702267556087607,-0.7045994720163143,0.7337199930067514
0.8104053841371398,-1.0903607625649723,0.024335005709019263,-0.9102576612905223,-0.25754222149215167,-0.8688234068128972,-0.7430431594414444,0.19569794371626917,0.9787656433304024,1.2806124123730824,0.0663225477595662,0.3030183342837254,0.1630506337141922,0.3712966365318214,-0.18485715794575253,0.24518102385817417,0.404584838929928,-0.2818360960151533,-0.6469407736710118,0.7575745810466181,0.3027542431798406,1.852310404904949,0.928173971182819,-0.3389724264477824,-0.1479940135301822,-0.052733996172560735,-0.18269275327550039,0.012578026816250462,0.26369897150486504,-0.5594046448527387,0.9134507300553474,-0.31533815741015375,0.11571552771549137,0.20804468653854627,0.8093954085073806,0.9941005685547396,-0.5568734422034419,-0.20522941901918068,-0.589320908764857,-0.7083686151646035,0.9488630391931243,0.6302458231142836,-1.5079296151926733,0.9480196943106726
-1.2249237171102934,1.873270108569561,0.8027301225875352,2.3795896779273726,0.3359069942445183,1.7474081043312357,1.679363187428738,-0.4821414703912765,-2.0801844609486806,-2.858146187181279,0.8955986045212029,-0.8313557339600104,-2.145147522682412,0.5779922099040979,1.0624296561967752,-0.21975927156972372,-0.2818360960151533,1.4924805246922233,1.3321959658493023,-1.2536413910959099,-0.4577219517967969,-2.709624718438341,-1.5393899292396584,1.3510537745888296,0.6001677681695627,0.595954700615205,0.317397812623624,0.27812335465309107,-0.5888878868010239,1.511871201690105,-2.1175381791279113,0.9323917334043972,0.20633424805044315,-0.18827323196826343,-0.6912458895217725,-0.9389099963678245,1.2117129268092999,0.7376039367437147,-0.24446625977939357,0.782276719542157,-0.09420630210812038,-0.9461838448202237,1.0175530269352946,-0.8902496636607783
-2.4163917764157397,3.692136531855111,0.7921679304856891,4.305152069830035,0.9345721501269534,3.3905978122353697,2.8001677680050605,0.06641100663296251,-3.0305569129519023,-5.143131878307599,1.2220168274449899,-1.3495335196120462,-2.5307561586832863,-0.4000189794465891,1.414745780278666,-0.05333227032166583,-0.6469407736710118,1.3321959658493023,2.7276521571537398,-1.680069100295884,-0.9763997018536673,-6.2929880370319955,-2.6981867619562343,1.9710707468922428,1.039031533588333,0.3654214483895561,0.6762706614315298,0.20363276850862036,-0.9424623610733072,2.8220225065512663,-3.6795561463690984,0.9568701026124776,-0.645466407453005,-0.08403514983431791,-1.8845479584259435,-2.873665485619446,2.301464313779532,1.622738859084068,0.5647716168121709,2.2404424271930092,-1.622238748975062,-1.840883638682566,3.791144851703965,-1.628080734335256
2.001019930119843,-2.771739763174503,-0.13736667872520178,-2.664823049825769,-0.603317939298614,-2.466561977134191,-2.1031387284520995,0.5639069657100649,2.8053838500363013,3.4281430662986483,-0.36551777075339714,0.7479649202583168,1.2591522233989947,0.3628410490255867,-0.9005541719626761,0.6700928905584396,0.7575745810466181,-1.2536413910959099,-1.680069100295884,2.012863998006464,0.7474113542456005,4.3359997793607565,2.319948922571157,-1.1671608057337524,-0.439687984344974,-0.510654941787279,-0.4101212365417345,-0.20720722854358672,0.7522933810263158,-1.413051398673543,2.5728577591756223,-1.146602905337164,0.07230551233772627,0.4898445027157438,1.6938719746737063,2.086222741524696,-1.2878635327852233,-0.9370383857947783,-0.7691234971477923,-1.5616315228841957,1.6244485002365279,1.619001665168783,-3.0426789446597295,2.0588051549125956
1.013085751943668,-1.413924858448105,-0.17218899979022811,-1.568755550628146,-0.3342010904465147,-1.282361924267696,-1.0585294024637462,0.05280606650912946,1.192269834252427,1.8784645313454356,-0.26994039182013085,0.528776598689714,0.7429157148757624,0.2820573545174299,-0.4161442913445141,0.14361762868769284,0.3027542431798406,-0.4577219517967969,-0.9763997018536673,0.7474113542456005,0.4435636881063057,2.4673111303146116,1.105810937797126,-0.6385352610675371,-0.30393420745575006,-0.1498369597176862,-0.24350538952872594,-0.05522294773811276,0.38300292902671723,-0.9409586126586943,1.3978407359236174,-0.3424087899905128,0.3091305080721914,0.13316063658402807,0.7937019915143512,1.2371835830751718,-0.8629896990834898,-0.5523352151858753,-0.41829418537982654,-0.9842923376594159,0.8270489371250517,0.7783430605187929,-1.6882383564518215,0.7981356697989739
6.028945338973452,-8.857803233831714,-1.2260641036654807,-9.771799669459996,-2.2325708936869426,-8.0518741705725,-6.48607751825548,-0.0739018731915534,7.183226947468878,11.871472573810568,-2.155965321890653,3.0827888571308657,4.874432789676887,1.7125360869325388,-2.8874463109360136,0.4910924109811439,1.852310404904949,-2.709624718438341,-6.2929880370319955,4.3359997793607565,2.4673111303146116,15.451261116757266,6.643722004496649,-4.185262217966956,-2.200536821659141,-0.6914842997529258,-1.5787869771908192,-0.3461081102530654,2.2099437900604615,-6.244670066880027,8.57307407561381,-2.176021720710408,1.741028044583901,0.41418486339632216,4.984577545130098,7.460405136895468,-5.300799745003322,-3.611688172135432,-2.2241633271893,-5.7431944111739375,4.927701363995848,4.666505358450798,-10.190141575576293,4.604457939464244
2.7812417412395343,-3.992077143749537,-0.5532548410101503,-4.233559975141754,-0.9322374944631231,-3.542715384780876,-3.004437400785477,0.36446045728578824,3.575666529298482,5.267058037607654,-0.8134728475301715,1.3558554757273464,2.173446717313473,0.564368965635628,-1.3086277247385956,0.4766862709347917,0.928173971182819,-1.5393899292396584,-2.6981867619562343,2.319948922571157,1.105810937797126,6.643722004496649,3.162475059940717,-1.877934171760163,-0.8742782945004812,-0.49090067811884536,-0.681515155153457,-0.20083576874302045,1.056682660862367,-2.612684823676511,3.8459378900553873,-1.2212366007932185,0.49100578291912633,0.4068650928223044,2.2795345985845366,3.183567404840706,-2.284063853611842,-1.4329475206026543,-1.028170516707907,-2.4385245235434425,2.1734557084608572,2.1509804261465835,-4.4012750133208876,2.412170783401739
-1.603063994393604,2.545689357098935,0.9762055825129256,3.2668609068905874,0.5811521512995137,2.3622941233865338,2.086252972195153,-0.0812952161718062,-2.2458158937807644,-3.861019933203656,1.1908285197597217,-1.1330443718024426,-2.507520514312875,0.2355054932401306,1.237041408613076,0.060966484933700126,-0.3389724264477824,1.3510537745888296,1.9710707468922428,-1.1671608057337524,-0.6385352610675371,-4.185262217966956,-1.877934171760163,1.6970622211975446,0.8902140470135645,0.4180520675765919,0.4853822577273839,0.2212508926164116,-0.6973681583676088,2.2598571879856206,-2.757375028112974,0.7890579949167658,-0.22889281397590167,-0.0018455193534484978,-1.046982734325692,-1.6840377845301713,1.783548945370703,1.1158912448207379,-0.04272209379166455,1.3541784415230305,-0.531305658458043,-1.195069047949224,1.977907533565626,-0.9026174124596733
-0.7488724074222053,1.249033284804287,0.5669125098308823,1.6922860093176981,0.3021585944435412,1.1671829051226137,0.9974912157324475,0.0819208061473089,-0.9675552286885027,-2.000106670570922,0.6720839482570182,-0.6278719253231156,-1.347528052208694,0.11367658059205969,0.6265482179367897,0.15908237832428587,-0.1479940135301822,0.6001677681695627,1.039031533588333,-0.439687984344974,-0.30393420745575006,-2.200536821659141,-0.8742782945004812,0.8902140470135645,0.5366557270273514,0.12335555595261026,0.26562758524493,0.08562698750698296,-0.3116948900184919,1.2929907261708415,-1.3868953024468726,0.2968115778995135,-0.17140819515540676,0.11401067149618939,-0.4928728585277057,-0.8704902750179474,0.9880440754149554,0.5535658067580851,-0.05542163064468446,0.6867355677330677,-0.2197580973149217,-0.5469662335517763,0.9682421062716268,-0.3155732664672648
-0.40719091827332154,0.5951635175435583,0.17131685932789067,0.775335679249881,0.09439700394172146,0.6441355733773946,0.5926826228052985,-0.2319170491383523,-0.8330134662240036,-0.8401760231881001,0.33321843034865595,-0.1729532612917219,-0.739886182780069,0.2599840933700439,0.4165940383151448,-0.20185701528849867,-0.052733996172560735,0.595954700615205,0.3654214483895561,-0.510654941787279,-0.1498369597176862,-0.6914842997529258,-0.49090067811884536,0.4180520675765919,0.12335555595261026,0.34084228382402676,0.058155092508215184,0.1638693875686589,-0.21822757448282432,0.2854053971166807,-0.6925816499829018,0.45338289018450817,0.13594565747414994,-0.1448082021881147,-0.16382981350235107,-0.1865612540344214,0.23298989067782852,0.3789465206690719,-0.21933196736211089,0.20084145550042987,0.0689364952590224,-0.36141181414427803,0.20311941214581028,-0.2919877012051003
-0.5982829258395203,0.906500306363524,0.22393951387883967,1.0428688963181867,0.22666555171870592,0.794162649032751,0.6784250035662468,-0.001300804553738848,-0.7209547190750493,-1.28158037195888,0.26060179740886463,-0.36810481137564205,-0.6010350948457557,-0.1052843239428601,0.31697962624636883,0.004365817416941615,-0.18269275327550039,0.317397812623624,0.6762706614315298,-0.4101212365417345,-0.24350538952872594,-1.5787869771908192,-0.681515155153457,0.4853822577273839,0.26562758524493,0.058155092508215184,0.1793596082628921,0.027056580621580246,-0.23012495446791004,0.7406295643879124,-0.9024660798678955,0.20126085981297037,-0.16150801484677396,-0.019531021130712527,-0.4828854694590805,-0.7348455428257823,0.6163312740709777,0.32670974551694887,0.19611481237155068,0.5645521424846716,-0.43238075160622313,-0.4395465728699201,0.9622398139968257,-0.43046013416150825
-0.17100109103591002,0.2998773683620111,0.0634281227155976,0.4108722309670227,0.06766309796539272,0.37035757445427164,0.28720795767081736,-0.03389843727665234,-0.38175191120505614,-0.42544396930268785,0.2556479067751475,-0.038145199494919,-0.4148978818310039,0.13987985655615506,0.2617124767305203,-0.064634956003664,0.012578026816250462,0.27812335465309107,0.20363276850862036,-0.20720722854358672,-0.05522294773811276,-0.3461081102530654,-0.20083576874302045,0.2212508926164116,0.08562698750698296,0.1638693875686589,0.027056580621580246,0.10937901999414404,-0.09053771876440043,0.15392368430109765,-0.33947089210588244,0.24127283143317044,0.06177817823644996,-0.008233780707012472,-0.06561022122057367,-0.06376926131174655,0.07164608558169817,0.2900709056063662,-0.19747882144755402,0.06695806664588119,0.09122745164773378,-0.16829548829261506,0.05917771482188637,-0.061274186066166685
0.9350956805736649,-1.3559884374975397,-0.25984361770297615,-1.5399403954599789,-0.31332122680185187,-1.2324184472893605,-1.0668899401294996,0.12150049456691273,1.24596563120365,1.8401470421435169,-0.3651682243854834,0.4904549863213046,0.8925440458177825,0.10438695517265695,-0.5008975679649491,0.13844255876035827,0.26369897150486504,-0.5888878868010239,-0.9424623610733072,0.7522933810263158,0.38300292902671723,2.2099437900604615,1.056682660862367,-0.6973681583676088,-0.3116948900184919,-0.21822757448282432,-0.23012495446791004,-0.09053771876440043,0.38403562287114645,-0.9188786177683498,1.3618032941834426,-0.4276368004134351,0.17765993029243743,0.14165602780681852,0.6959062178962444,1.026479878337517,-0.8037869391733251,-0.5490537867389601,-0.24129026356467895,-0.8227424594970425,0.6088451211796452,0.7184663840610658,-1.376099440354389,0.7229413361406922
-2.2571020523033094,3.55537390993119,1.3538472120929075,4.498069889914392,0.8465915997235287,3.1668347415508067,2.776215353774944,0.08037881404316252,-2.7763786679236038,-5.421397301626428,1.4520363251991513,-1.7157665152475672,-3.165387347345549,0.0037653253573070983,1.4807619443421172,0.2641377730788725,-0.5594046448527387,1.511871201690105,2.8220225065512663,-1.413051398673543,-0.9409586126586943,-6.244670066880027,-2.612684823676511,2.2598571879856206,1.2929907261708415,0.2854053971166807,0.7406295643879124,0.15392368430109765,-0.9188786177683498,3.3800852375635304,-3.7840015054100564,0.7541122894164998,-0.5867886267362039,0.10738465591816668,-1.6199178099180385,-2.7006677706969158,2.724363827593467,1.3485540714970232,0.34202249515337946,2.117025672114843,-1.124128212825357,-1.6125890926715645,3.2427642249227913,-1.2922168148477797
3.416696143048791,-5.090805531949888,-1.109938217843174,-5.97079709266088,-1.2123345269791388,-4.713958789420591,-3.950387596056531,0.16523393313593415,4.42774962106975,7.112029463624988,-1.6389131878593537,1.9293320475392717,3.66157867478805,0.36649124216143625,-1.9943023514253524,0.2702147036379635,0.9134507300553474,-2.1175381791279113,-3.6795561463690984,2.5728577591756223,1.3978407359236174,8.57307407561381,3.8459378900553873,-2.757375028112974,-1.3868953024468726,-0.6925816499829018,-0.9024660798678955,-0.33947089210588244,1.3618032941834426,-3.7840015054100564,5.191413956276313,-1.4932058170862226,0.7438870048753026,0.25450303925187884,2.5438638964330833,3.891670428069992,-3.1622830454097226,-2.180459946795878,-0.7204432628280485,-3.0832301360493917,2.1223049185154386,2.6390808573024356,-5.088094432492283,2.4066520508242166
-1.0342709056141732,1.5504188272757555,0.1379911219476565,1.6211809619725706,0.3498131534818293,1.5172112689151138,1.2609520327633925,-0.3190852789251293,-1.7320173413571769,-1.96782534832204,0.5143051124607069,-0.3059518609305935,-1.0843471481590923,0.07189188764876424,0.7647318234696467,-0.38327467396311127,-0.31533815741015375,0.9323917334043972,0.9568701026124776,-1.146602905337164,-0.3424087899905128,-2.176021720710408,-1.2212366007932185,0.7890579949167658,0.2968115778995135,0.45338289018450817,0.20126085981297037,0.24127283143317044,-0.4276368004134351,0.7541122894164998,-1.4932058170862226,0.8692098637596191,0.13156820284848905,-0.23117832155480855,-0.7950905450481982,-0.8697896013634053,0.5732931860286605,0.7783458164798962,0.0025482138118918933,0.6598586502292084,-0.5217579786995636,-0.8928022912358087,1.2593949604959342,-0.9535792536506289
0.5709719526299427,-0.7979757555716677,0.0458325620415108,-0.9485414748684043,-0.27100036804622574,-0.7610564413982523,-0.484758287385862,-0.35280961219781837,0.3078357972452136,1.0109182517368107,-0.10436479589779185,0.29940508739165117,0.11132815699241132,0.5640417871349751,-0.07631314859462195,-0.11178730458197024,0.11571552771549137,0.20633424805044315,-0.645466407453005,0.07230551233772627,0.3091305080721914,1.741028044583901,0.49100578291912633,-0.22889281397590167,-0.17140819515540676,0.13594565747414994,-0.16150801484677396,0.06177817823644996,0.17765993029243743,-0.5867886267362039,0.7438870048753026,0.13156820284848905,0.5941231611266582,-0.051427718407974374,0.5007694219659036,1.0233583384845997,-0.5587950439361773,-0.45268501280113466,-0.4520225805485376,-0.8383725531150404,0.7662154667449855,0.42148888216866787,-1.4257593509251774,0.2395934566535749
0.3530630185864851,-0.36098389124485136,0.13546925856475361,-0.15875347363257594,-0.046347108280549665,-0.2469126890063182,-0.2922732132705778,0.31062374331026676,0.5543866682212208,0.26490750343535224,0.23256870961062584,0.03241370956330077,-0.1663766150229248,0.14462937906677772,0.01646367391730034,0.31659241669588967,0.20804468653854627,-0.18827323196826343,-0.08403514983431791,0.4898445027157438,0.13316063658402807,0.41418486339632216,0.4068650928223044,-0.0018455193534484978,0.11401067149618939,-0.1448082021881147,-0.019531021130712527,-0.008233780707012472,0.14165602780681852,0.10738465591816668,0.25450303925187884,-0.23117832155480855,-0.051427718407974374,0.29896474203764734,0.3206395955930804,0.29853012756936237,-0.05238236195196789,0.012883355678676049,-0.32015545792251154,-0.2379888312952102,0.44509835557678923,0.2879894604268372,-0.5614067789454803,0.5779830536158429
2.0604850102434416,-2.924778338758769,0.014505040621113735,-2.7415178470420143,-0.7555493746200421,-2.547450264081187,-2.022666690001098,0.13081868108542208,2.4533133077766345,3.5357008639148053,-0.27362804842064237,0.7444568206653747,0.8162324463613139,0.9123856363424826,-0.7211987021198725,0.4252525944832323,0.8093954085073806,-0.6912458895217725,-1.8845479584259435,1.6938719746737063,0.7937019915143512,4.984577545130098,2.2795345985845366,-1.046982734325692,-0.4928728585277057,-0.16382981350235107,-0.4828854694590805,-0.06561022122057367,0.6959062178962444,-1.6199178099180385,2.5438638964330833,-0.7950905450481982,0.5007694219659036,0.3206395955930804,1.9518232561209714,2.5717916526140705,-1.4407650037846098,-1.0306428547245101,-1.157076415963008,-1.886484917587962,2.1700511232840003,1.621478914834618,-3.805492280778627,1.9995206507843395
2.9468154161290343,-4.171032319045754,-0.25365281013490837,-4.346376967979399,-1.0717932997130593,-3.7200818704691634,-2.9346123465960514,-0.05953863585840101,3.267760894830963,5.3470183636169,-0.6161355098391542,1.3784695549573038,1.6281048013750625,1.246304004929568,-1.0670991540249974,0.34407132905836596,0.9941005685547396,-0.9389099963678245,-2.873665485619446,2.086222741524696,1.2371835830751718,7.460405136895468,3.183567404840706,-1.6840377845301713,-0.8704902750179474,-0.1865612540344214,-0.7348455428257823,-0.06376926131174655,1.026479878337517,-2.7006677706969158,3.891670428069992,-0.8697896013634053,1.0233583384845997,0.29853012756936237,2.5717916526140705,3.840538744967606,-2.421497795745207,-1.576972046616016,-1.532246006837556,-2.9425995769786244,2.8768287771390186,2.2805793740150766,-5.41135871083499,2.4465892398225977
-1.9921246209572685,2.9815925057776154,1.0555216047463019,3.6882543226057547,0.6799114633197525,2.5855226154592086,2.3213381053473956,-0.0576494315429656,-2.366612391358331,-4.470387402682152,0.9619909923278219,-1.4990236663806895,-2.402617783269089,-0.13770728595772264,1.0744161096563791,0.10597525989060215,-0.5568734422034419,1.2117129268092999,2.301464313779532,-1.2878635327852233,-0.8629896990834898,-5.300799745003322,-2.284063853611842,1.783548945370703,0.9880440754149554,0.23298989067782852,0.6163312740709777,0.07164608558169817,-0.8037869391733251,2.724363827593467,-3.1622830454097226,0.5732931860286605,-0.5587950439361773,-0.05238236195196789,-1.4407650037846098,-2.421497795745207,2.3288739077845935,0.9708149685603454,0.557403993394492,1.923689434679917,-1.1908984860895944,-1.4148702024892401,2.98115474473344,-1.2968435049994076
-1.3914920152159906,2.2282936368410478,0.16016828433798827,2.6853728402643844,0.6413767596481135,2.3565976668347197,1.7078183996118461,0.29275487077913026,-1.8922709337551817,-2.9259317570491894,1.033788304377533,-0.46966970080667764,-1.5574675003302847,-0.2883755852890991,1.0688847430091133,-0.10524118457824867,-0.20522941901918068,0.7376039367437147,1.622738859084068,-0.9370383857947783,-0.5523352151858753,-3.611688172135432,-1.4329475206026543,1.1158912448207379,0.5535658067580851,0.3789465206690719,0.32670974551694887,0.2900709056063662,-0.5490537867389601,1.3485540714970232,-2.180459946795878,0.7783458164798962,-0.45268501280113466,0.012883355678676049,-1.0306428547245101,-1.576972046616016,0.9708149685603454,1.5929745790776857,-0.05687391899424908,1.2784500979539586,-0.809187490740656,-1.1843363785524679,2.173883476138896,-0.6885118885597507
-0.9720858288361939,1.107128983495065,-0.4124180414725822,0.5588347785172304,0.2877050669190888,0.7223489621815801,0.5622454468136707,-0.1266930660628129,-0.7402321486192642,-0.9980451427171878,-0.6584685063248793,-0.27150620018962596,0.7971184872796324,-1.0299856289177427,-0.2760371472139641,-0.33183580908426913,-0.589320908764857,-0.24446625977939357,0.5647716168121709,-0.7691234971477923,-0.41829418537982654,-2.2241633271893,-1.028170516707907,-0.04272209379166455,-0.05542163064468446,-0.21933196736211089,0.19611481237155068,-0.19747882144755402,-0.24129026356467895,0.34202249515337946,-0.7204432628280485,0.0025482138118918933,-0.4520225805485376,-0.32015545792251154,-1.157076415963008,-1.532246006837556,0.557403993394492,-0.05687391899424908,1.3679032222438476,1.0889056803465504,-1.7880512263835995,-0.7189706244059758,2.4509133736392252,-1.3478833729882143
-2.2769870614806322,3.2056225188830862,0.2656990717890304,3.483610822916697,0.8149413843603027,2.906030523345211,2.307009295351481,0.05298068070384888,-2.5354801196859977,-4.178805818609038,0.5502734149430504,-1.127677715638622,-1.4245136835635506,-0.8863653510182989,0.8631911667731184,-0.24537224130184615,-0.7083686151646035,0.782276719542157,2.2404424271930092,-1.5616315228841957,-0.9842923376594159,-5.7431944111739375,-2.4385245235434425,1.3541784415230305,0.6867355677330677,0.20084145550042987,0.5645521424846716,0.06695806664588119,-0.8227424594970425,2.117025672114843,-3.0832301360493917,0.6598586502292084,-0.8383725531150404,-0.2379888312952102,-1.886484917587962,-2.9425995769786244,1.923689434679917,1.2784500979539586,1.0889056803465504,2.312816131127299,-2.0953408006712597,-1.762386663764637,4.082932753054233,-1.7756088050979837
2.0638383484121876,-2.728302191281288,0.5296353900071166,-2.159210543385269,-0.7518113864366807,-2.28444224248913,-1.6909069766121871,0.04855502632828369,2.1063176043525917,2.9102396215616713,0.3269216736875158,0.5409644594647028,-0.274585362946558,1.554926668923961,-0.24353948481811258,0.5595267590174201,0.9488630391931243,-0.09420630210812038,-1.622238748975062,1.6244485002365279,0.8270489371250517,4.927701363995848,2.1734557084608572,-0.531305658458043,-0.2197580973149217,0.0689364952590224,-0.43238075160622313,0.09122745164773378,0.6088451211796452,-1.124128212825357,2.1223049185154386,-0.5217579786995636,0.7662154667449855,0.44509835557678923,2.1700511232840003,2.8768287771390186,-1.1908984860895944,-0.809187490740656,-1.7880512263835995,-2.0953408006712597,2.8868951852577687,1.6411166504330827,-4.480716902484538,2.264601668032454
1.955054697153464,-2.781527828006378,-0.1521288719078595,-2.9126033061373984,-0.6817843002083983,-2.5856914265222213,-2.054904068442847,0.153489835800186,2.486142188363317,3.535659444053277,-0.5508329587279508,0.8039982991440155,1.3339166306579096,0.5642047240102532,-0.9063953677346144,0.40702267556087607,0.6302458231142836,-0.9461838448202237,-1.840883638682566,1.619001665168783,0.7783430605187929,4.666505358450798,2.1509804261465835,-1.195069047949224,-0.5469662335517763,-0.36141181414427803,-0.4395465728699201,-0.16829548829261506,0.7184663840610658,-1.6125890926715645,2.6390808573024356,-0.8928022912358087,0.42148888216866787,0.2879894604268372,1.621478914834618,2.2805793740150766,-1.4148702024892401,-1.1843363785524679,-0.7189706244059758,-1.762386663764637,1.6411166504330827,1.5831256645414231,-3.234982769283176,1.669347364245521
-4.114197023946522,5.748595399096268,-0.11970578396646742,5.582405079118645,1.5220059913773738,5.096026252413188,3.92603661599975,0.04752972477588935,-4.543262768937671,-6.971461894430747,0.4975509440321807,-1.582651924401809,-1.4756453903011346,-2.118234950027375,1.2741650761500976,-0.7045994720163143,-1.5079296151926733,1.0175530269352946,3.791144851703965,-3.0426789446597295,-1.6882383564518215,-10.190141575576293,-4.4012750133208876,1.977907533565626,0.9682421062716268,0.20311941214581028,0.9622398139968257,0.05917771482188637,-1.376099440354389,3.2427642249227913,-5.088094432492283,1.2593949604959342,-1.4257593509251774,-0.5614067789454803,-3.805492280778627,-5.41135871083499,2.98115474473344,2.173883476138896,2.4509133736392252,4.082932753054233,-4.480716902484538,-3.234982769283176,7.916729502137465,-3.715197059470264
2.1093688652583973,-2.81148442704984,0.11363042951735099,-2.378387136790204,-0.6363570744202336,-2.335405530221918,-1.9807264345989497,0.5569531318551323,2.6702958512702706,3.2566943528847108,0.07489209228832878,0.7117117922383316,0.5484635018969881,0.8258956125527822,-0.5761461143524682,0.7337199930067514,0.9480196943106726,-0.8902496636607783,-1.628080734335256,2.0588051549125956,0.7981356697989739,4.604457939464244,2.412170783401739,-0.9026174124596733,-0.3155732664672648,-0.2919877012051003,-0.43046013416150825,-0.061274186066166685,0.7229413361406922,-1.2922168148477797,2.4066520508242166,-0.9535792536506289,0.2395934566535749,0.5779830536158429,1.9995206507843395,2.4465892398225977,-1.2968435049994076,-0.6885118885597507,-1.3478833729882143,-1.7756088050979837,2.264601668032454,1.669347364245521,-3.715197059470264,2.4164874801185694
