V1,V2,V3,V4,V5,V6,V7,V8,V9,V10,V11,V12,V13,V14,V15,V16,V17,V18,V19,V20,V21,V22,V23,V24,V25,V26,V27,V28,V29,V30,V31,V32,V33,V34,V35,V36,V37,V38,V39,V40,V41,V42,V43,V44
1.8098516249444105,-1.0672289767245509,-3.3904816095201666,1.8862231342194824,3.4458093221881017,-0.6348620256078402,0.06975826524402289,-3.7258227515753517,1.0589052777212806,-0.7910396487433453,-1.4970691338708288,2.3393454611340765,0.019593893170203845,7.9538275336131266,1.747782611634325,0.05405844252939604,-1.072735199334781,2.3450380036777654,0.6042810192797625,0.4966092249405671,-2.0392427208622514,4.872962611730685,-0.8120599442898262,-3.583329031986014,-0.3018303473858445,-0.7922869855190471,2.5253852970786954,2.3720661756842514,-0.7418803863566207,2.8696277969962667,0.42853951960014947,1.0509172865912852,-0.6868626424124894,2.202436099683535,-1.526885118239515,1.2089768366875955,1.357094011281531,1.9059499796060788,-1.026912851432883,-0.44210001449013214,2.4619116555265004,4.066626341287455,-1.663368103306232,0.8934114230873625
-1.0672289767245509,0.8137780632080219,2.186355288255323,-1.2759711258978288,-2.3017047116413942,0.5994470257359018,-0.11614682394501863,2.601370842909921,-0.8139752083020712,0.5302577326465938,1.0141675354981086,-1.3749740639204167,-0.09265814475365709,-5.5789349132588955,-1.1578551727298927,0.12542296871001463,0.8027441958256938,-1.7386750750249358,-0.5225086601483216,-0.49017369789450405,1.5063555612386965,-3.4654444826967383,0.6344898714120287,2.5576138979151612,0.1575264921142725,0.631963712972144,-1.786182311454489,-1.636875411695262,0.4648307334292774,-1.9293334304334726,-0.23528546148493845,-0.7895094351436927,0.532640178986582,-1.701415592916052,1.0506804746042278,-0.9781271166749901,-1.149475723132362,-1.3998342961734205,0.5389066811832093,0.3502540614904844,-1.740564118667121,-2.6469391637715556,1.280022780928233,-0.5646499454389687
-3.3904816095201666,2.186355288255323,7.383197602676057,-3.319558682146119,-8.058847827370158,1.2968055742061726,0.2059885663444532,8.06227464228915,-1.9837887344556195,0.9553431416959848,3.201424701006286,-5.402518411597953,-0.6133177761982016,-16.59792232671477,-4.656307284341105,-1.529471871864446,1.4426965107327325,-5.901648367496802,-2.777368129444402,-1.3203469634714236,3.710396034408662,-10.27390234201738,2.808164505064242,6.345644604190992,1.0017109028717677,2.1983462191496557,-6.040877061307166,-4.405379473944003,2.4109129492359744,-6.305891726283611,0.562414216053028,-2.591259846928232,2.017518156591414,-5.445377969561316,3.0714306923176737,-2.2918965434565077,-2.803279080476532,-3.0867165020997445,1.0825278599749022,0.13011300177808152,-5.518929428371677,-7.940867016187768,3.6269530728551986,-2.1602830064506406
1.8862231342194824,-1.2759711258978288,-3.319558682146119,2.2866251648238665,3.2277088797682914,-0.9107133228885359,0.3231635416508926,-3.938615035973016,1.3592947328733875,-1.1477574354000124,-1.5572585354457031,1.9732562873463384,-0.13144713499460334,8.717220257563229,1.3686138549459572,-0.8010567034177449,-1.604479717877192,2.237535493182467,0.1096634882649856,0.6065600552666781,-2.584678681389798,5.354684714591442,-0.47377767383732883,-4.498461018082476,-0.0900798741985045,-0.7244608648502412,2.4358124358091273,2.805568794374835,-0.3491927254468527,2.889597202135567,1.0408569282273754,1.0414336708043173,-0.5584408665549426,2.24035447000735,-1.6997567788373837,1.6053963258186668,1.7649013462050835,2.577416403433288,-1.3610556224854886,-0.8983960291744855,2.5436742612723973,4.429312745260517,-1.9048102935694236,0.7597056083358825
3.4458093221881017,-2.3017047116413942,-8.058847827370158,3.2277088797682914,9.064299272010649,-1.3502735261225303,-0.4087529291268732,-8.751581378940813,1.9902019854391217,-0.6623030172409435,-3.459193208370928,6.067329501323108,0.9387232915855662,17.70948951479584,5.497044428038914,2.3875111542715928,-1.1204839847180947,6.8065565709697715,3.7293479231869515,1.5368073308805927,-3.665397225735043,11.01019511421182,-3.561154286567591,-6.179865161447479,-1.2686320314180537,-2.613951540324697,6.843090269392349,4.426733579941727,-3.0260600502513264,6.902963689648179,-1.3429301796735797,2.96202568025975,-2.446564573473529,6.226414452865115,-3.217289597475602,2.3081546246389135,2.948298107376396,2.8235310430989555,-0.6336198006325565,0.27791277495285693,6.082750760686213,8.217077291251753,-3.9337443621917467,2.4669536361891438
-0.6348620256078402,0.5994470257359018,1.2968055742061726,-0.9107133228885359,-1.3502735261225303,0.5244944964835649,-0.1805980655173916,1.7043103902070615,-0.6301994493717119,0.4417068372610612,0.6492705926603924,-0.6638762080041423,-0.03678766614496143,-3.7647178396259826,-0.5863009485087152,0.40326635745688116,0.6900762516655539,-1.0979595793680048,-0.2013673256946095,-0.38830009743025357,1.1465911132446396,-2.3601880167272706,0.3127777805763075,1.9215871474845647,0.014696927402827558,0.40058025588731344,-1.1098444981840925,-1.17231602737535,0.14899030637346722,-1.1969403689859202,-0.32368331410885,-0.5126857923092825,0.3086049823032476,-1.1345865718354469,0.7091277064598213,-0.7822198774664884,-0.9190521880997277,-1.1155046624015392,0.389817818985903,0.3754954537015796,-1.1287188948664177,-1.7179088408152432,0.9189139619269298,-0.29816136647285674
0.06975826524402289,-0.11614682394501863,0.2059885663444532,0.3231635416508926,-0.4087529291268732,-0.1805980655173916,0.23916000733294923,0.02181788486991977,0.21200463173324344,-0.34779211063534365,0.017120712509090405,-0.41684247577092226,-0.2073712385865736,0.27968926272304334,-0.4977519029985621,-0.8434931231928944,-0.474051056713142,-0.32573503602028975,-0.6354151787726844,0.0061381107367009646,-0.40801546319954696,0.1647963404928896,0.45991024294093097,-0.7239845971526494,0.22142048371178505,0.171036100819721,-0.27388878048501375,0.3311132550934984,0.4493644991889706,-0.13166131878564247,0.672173996868854,-0.11059239820385636,0.2180160556039315,-0.19831014515615242,-0.09084090372280668,0.2730639822446042,0.24193548782669824,0.5614612078050966,-0.3922794408983753,-0.4397905418323865,-0.08912635420347505,0.22256011289530273,-0.0835518051845759,-0.16891936620261824
-3.7258227515753517,2.601370842909921,8.06227464228915,-3.938615035973016,-8.751581378940813,1.7043103902070615,0.02181788486991977,9.097007389212612,-2.4430559460396517,1.2942246217346514,3.5806566168466825,-5.62558541733344,-0.6141410576832748,-18.963988375083918,-4.8796069897012915,-1.0373500507423052,1.9905577603200364,-6.528112833841147,-2.788444164589973,-1.6083183145948743,4.530576969747524,-11.767673292227803,2.9164652579159047,7.699286638552744,0.9426912789294724,2.4288873640992423,-6.6584453120566485,-5.18376680875629,2.383081424418276,-6.98006418572853,0.233722154775205,-2.8955778079879115,2.175861041863925,-6.1473402642943835,3.519021790884251,-2.8781140381870114,-3.4852970882564995,-3.9184192534217397,1.34930813026038,0.4746009024641391,-6.192941544227468,-8.974160409631292,4.246312850511394,-2.2803013250415707
1.0589052777212806,-0.8139752083020712,-1.9837887344556195,1.3592947328733875,1.9902019854391217,-0.6301994493717119,0.21200463173324344,-2.4430559460396517,0.85893992660140694,-0.663112357999006,-0.9509319063095811,1.1303517382491706,-0.017701020878518912,5.386793637688356,0.8671761789030702,-0.4928998292106802,-0.9721467267450875,1.4760189643433792,0.18659039060715152,0.45036609191550975,-1.6015300853349193,3.3357613483335022,-0.3773007239192367,-2.741681839254613,-0.051406611957377495,-0.5077595231029076,1.5526109579717176,1.6970870048015025,-0.23554183654673044,1.7655051900256786,0.5410898382177155,0.6863266840293906,-0.39623491385011833,1.4950096742272379,-1.0347516264147238,1.0356923433836094,1.1744069764841487,1.5737663216672575,-0.7090129705622309,-0.5309321809851121,1.5968874573983727,2.619653596241189,-1.2330925663429073,0.4586170064106228
-0.7910396487433453,0.5302577326465938,0.9553431416959848,-1.1477574354000124,-0.6623030172409435,0.4417068372610612,-0.34779211063534365,1.2942246217346514,-0.663112357999006,0.7852642260483751,0.5150734978607648,-0.2992924421356663,0.3107144372659262,-3.22223698256489,0.07494080639752482,1.1500891439417067,1.0486221691421398,-0.339731155521611,0.7177223279718705,-0.15073561617965237,1.2909529598637877,-1.9512972758816143,-0.3861552216511682,2.2966801541324817,-0.19731552471403727,0.01883544287851939,-0.4964387913271004,-1.3167643779174165,-0.36682465292721533,-0.8504313741677969,-1.1306735272460557,-0.20151944043305103,-0.07968147430439887,-0.459921286000214,0.678857331637718,-0.7897434819156084,-0.7800411578182511,-1.4665292303660329,0.9702279979656376,0.7798462346134336,-0.7433954435331375,-1.8138262656069448,0.6839883410672336,-0.08832657105912456
-1.4970691338708288,1.0141675354981086,3.201424701006286,-1.5572585354457031,-3.459193208370928,0.6492705926603924,0.017120712509090405,3.5806566168466825,-0.9509319063095811,0.5150734978607648,1.4150401541905246,-2.251747358084139,-0.22932297903238652,-7.462355839102724,-1.927724598680837,-0.4286003170401142,0.7775839628806457,-2.5531755531859885,-1.079577887333533,-0.6107499827292404,1.7728627125916623,-4.624101874465801,1.1357657039349918,3.0262267316766644,0.37805227940502634,0.9437955939019658,-2.6170991481473456,-2.045999535329387,0.9435435896926924,-2.7581846814651567,0.07889585362004571,-1.1312989264530586,0.8469736422857367,-2.3938483599814164,1.3883941391099897,-1.1131744937309644,-1.3427111029206429,-1.5346221883770783,0.5598839065209675,0.1822992125997305,-2.4340125583393193,-3.562835503020691,1.653459732354273,-0.9062933295637944
2.3393454611340765,-1.3749740639204167,-5.402518411597953,1.9732562873463384,6.067329501323108,-0.6638762080041423,-0.41684247577092226,-5.62558541733344,1.1303517382491706,-0.2992924421356663,-2.251747358084139,4.273952297467073,0.6244167345333819,11.228708581724737,3.784205729801102,2.0104193558104946,-0.48105045475128044,4.419379243542188,2.5769263752499727,0.8689226750321577,-2.1186763212886266,6.945751576470711,-2.4216348105013665,-3.6217265544586295,-0.9479141240971882,-1.6861298170039511,4.483934005275281,2.715708618870101,-2.1701057814349,4.544141892534465,-1.0886383328473963,1.9021625155775752,-1.618433951206936,3.947053208233275,-2.0411217120112988,1.2620739301765063,1.630610990984683,1.525722655452502,-0.3866109283528505,0.39141243046861307,3.9235731474514686,5.336739844868154,-2.3960901101231724,1.699129761421517
0.019593893170203845,-0.09265814475365709,-0.6133177761982016,-0.13144713499460334,0.9387232915855662,-0.03678766614496143,-0.2073712385865736,-0.6141410576832748,-0.017701020878518912,0.3107144372659262,-0.22932297903238652,0.6244167345333819,0.32723800320830126,0.9472342959063526,0.8101700285656311,0.863433545647064,0.34737361481529305,0.8575844489628975,0.9457751728074723,0.20412017889805928,0.08925564374450366,0.63518888323838,-0.7403991756547248,0.2439718443638327,-0.2628972356759155,-0.40181542661274555,0.7520632092173849,-0.031136464690842247,-0.6035314448642334,0.5405520515384709,-0.793885623753098,0.35073032716277863,-0.41668390265635336,0.73655492933643,-0.11671170409632937,-0.012075016389609717,0.11417483446807437,-0.3059054811675386,0.47250322266980876,0.41990323019714515,0.5141537918629345,0.19462857771344294,-0.27102047566525217,0.28969896906942266
7.9538275336131266,-5.5789349132588955,-16.59792232671477,8.717220257563229,17.70948951479584,-3.7647178396259826,0.27968926272304334,-18.963988375083918,5.386793637688356,-3.22223698256489,-7.462355839102724,11.228708581724737,0.9472342959063526,40.001728471555616,9.481269299242078,0.9848470852653155,-4.8346085710085775,13.114223412379612,4.853418866392334,3.315858597053456,-10.031349421189953,24.790908413739526,-5.389369044782863,-17.120395805591095,-1.6617798017430603,-4.792673481553099,13.4905642512351,11.314439664732086,-4.334905486707795,14.409408716420412,0.5229730739003187,5.863655272764128,-4.204355435782811,12.486142847176962,-7.488376535073933,6.36402836948087,7.560563689644251,8.98347349817189,-3.4590856894836883,-1.6246998210420078,12.794148488185424,19.13801964658091,-8.948734116912327,4.53400923886259
1.747782611634325,-1.1578551727298927,-4.656307284341105,1.3686138549459572,5.497044428038914,-0.5863009485087152,-0.4977519029985621,-4.8796069897012915,0.8671761789030702,0.07494080639752482,-1.927724598680837,3.784205729801102,0.8101700285656311,9.481269299242078,3.6455554375789934,2.3140458842661893,-0.04944798305344375,4.221806017257849,2.9009474171718863,0.8999118709777607,-1.5545335082522103,5.925453878333753,-2.575351335861428,-2.544356392152995,-0.9590802443785842,-1.6939112409205273,4.1472107344919795,2.03574346488888,-2.2179967944053205,3.9637334167169582,-1.60918013910296,1.802876999841421,-1.648682557532072,3.7638109043382966,-1.6641345562648073,0.9904620233435034,1.411741223443079,0.8908677795523245,0.20747746052621105,0.687728946882447,3.4934731388084317,4.2034523677777065,-2.1235115926902077,1.5576146104779525
0.05405844252939604,0.12542296871001463,-1.529471871864446,-0.8010567034177449,2.3875111542715928,0.40326635745688116,-0.8434931231928944,-1.0373500507423052,-0.4928998292106802,1.1500891439417067,-0.4286003170401142,2.0104193558104946,0.863433545647064,0.9848470852653155,2.3140458842661893,3.141134786313326,1.5128184217542413,1.9371571882226233,2.6682979893297842,0.20706365720741077,0.9900988431911278,0.6694985055812057,-2.025971609024992,1.822447283348054,-0.8907205284721954,-0.9161434077948839,1.7286619948857522,-0.6630071910299238,-1.8786435352851103,1.1878145088156191,-2.5218665075193036,0.7369912406376248,-1.0490241794136574,1.4452360141583391,-0.02562585371287998,-0.6465124748228442,-0.43444731757937766,-1.6239832838919677,1.3741436285772326,1.554979949539879,0.9895135034856889,0.04133938329109956,-0.18857758348438108,0.8425425342846942
-1.072735199334781,0.8027441958256938,1.4426965107327325,-1.604479717877192,-1.1204839847180947,0.6900762516655539,-0.474051056713142,1.9905577603200364,-0.9721467267450875,1.0486221691421398,0.7775839628806457,-0.48105045475128044,0.34737361481529305,-4.8346085710085775,-0.04944798305344375,1.5128184217542413,1.4455062567119623,-0.7071076485603204,0.7894321618452307,-0.3087708494379447,1.8585006275430016,-2.955423297642512,-0.36918211621198604,3.2571372987648397,-0.24219736199095923,0.1401558311967423,-0.882479598246622,-1.8726653830652098,-0.4101105992515398,-1.312503066849023,-1.4257945394725073,-0.3831579026203907,-0.004241767447808652,-0.8748366794295114,0.993630657103366,-1.1743751185180096,-1.20884099430042,-2.0581458533814767,1.2280630945266053,1.039720030191949,-1.1841083000189274,-2.579258323991565,1.0781437102727773,-0.1685424288370895
2.3450380036777654,-1.7386750750249358,-5.901648367496802,2.237535493182467,6.8065565709697715,-1.0979595793680048,-0.32573503602028975,-6.528112833841147,1.4760189643433792,-0.339731155521611,-2.5531755531859885,4.419379243542188,0.8575844489628975,13.114223412379612,4.221806017257849,1.9371571882226233,-0.7071076485603204,5.29943205785437,3.120056257083454,1.2857328278702018,-2.6570818279467403,8.205992602923544,-2.8955861767509283,-4.385204118145854,-0.9761509732464495,-2.0908879540121403,5.228675968543938,3.1575446227804975,-2.3717301742877237,5.119004804105146,-1.3199321519786618,2.304986174964413,-1.9575483869981172,4.877829589369993,-2.345545839502096,1.7486434476584698,2.3070060614035754,1.958134982334022,-0.14541110976797414,0.3345946419396022,4.587945563945808,5.843699428210546,-3.0172008803556896,1.8454060680803372
0.6042810192797625,-0.5225086601483216,-2.777368129444402,0.1096634882649856,3.7293479231869515,-0.2013673256946095,-0.6354151787726844,-2.788444164589973,0.18659039060715152,0.7177223279718705,-1.079577887333533,2.5769263752499727,0.9457751728074723,4.853418866392334,2.9009474171718863,2.6682979893297842,0.7894321618452307,3.120056257083454,2.947292218748509,0.677874431698042,-0.21869608810331134,3.11588665683029,-2.3949905607888162,-0.15581748307442642,-0.8850532543370586,-1.373897675732566,2.882224697940615,0.5126557000374814,-2.018300456506152,2.383609151710776,-2.2418372503836683,1.2945798898952245,-1.40086130814443,2.6989257513199925,-0.7465728000366669,0.21786716355780344,0.6034781841902861,-0.45841819558798963,1.0759123640426853,1.1576355969794296,2.162386809350883,1.7046362015972356,-1.1912093803883401,1.1209254751035411
0.4966092249405671,-0.49017369789450405,-1.3203469634714236,0.6065600552666781,1.5368073308805927,-0.38830009743025357,0.0061381107367009646,-1.6083183145948743,0.45036609191550975,-0.15073561617965237,-0.6107499827292404,0.8689226750321577,0.20412017889805928,3.315858597053456,0.8999118709777607,0.20706365720741077,-0.3087708494379447,1.2857328278702018,0.677874431698042,0.39134063055101487,-0.789941519933031,2.0951866180489582,-0.6454146200818388,-1.2741286996817818,-0.1647368038485139,-0.5171856778014818,1.2403752142276552,0.8435329165696999,-0.4585982807873632,1.197921160608552,-0.20664867784596216,0.5719377011440454,-0.4616610922793034,1.2425652035184378,-0.5923692899324089,0.5612996130312261,0.725259580544656,0.6451545887732612,-0.035282261147900944,-0.037824019341094195,1.1241679535312792,1.3980741065330964,-0.8239407358920147,0.38741378859262837
-2.0392427208622514,1.5063555612386965,3.710396034408662,-2.584678681389798,-3.665397225735043,1.1465911132446396,-0.40801546319954696,4.530576969747524,-1.6015300853349193,1.2909529598637877,1.7728627125916623,-2.1186763212886266,0.08925564374450366,-10.031349421189953,-1.5545335082522103,0.9900988431911278,1.8585006275430016,-2.6570818279467403,-0.21869608810331134,-0.789941519933031,3.007698736072599,-6.195582030019453,0.6092734055628717,5.179703490037717,0.0789904483977106,0.8918376222433455,-2.8328111972035264,-3.2054128986022565,0.3860741329605599,-3.2807988164629283,-1.1262145963408643,-1.2397352754896918,0.6850866158407335,-2.6917149417547774,1.9398494237562536,-1.9198761962127353,-2.1511921003972323,-2.983559102876728,1.432293269407744,1.0386939013093235,-2.94344612176725,-4.9579584344944685,2.2630782260514843,-0.8449170796358274
4.872962611730685,-3.4654444826967383,-10.27390234201738,5.354684714591442,11.01019511421182,-2.3601880167272706,0.1647963404928896,-11.767673292227803,3.3357613483335022,-1.9512972758816143,-4.624101874465801,6.945751576470711,0.63518888323838,24.790908413739526,5.925453878333753,0.6694985055812057,-2.955423297642512,8.205992602923544,3.11588665683029,2.0951866180489582,-6.195582030019453,15.379880593395063,-3.4183129887515027,-10.549257239399786,-1.0434267342398462,-3.015856796700019,8.412195795580914,6.977673855200649,-2.7290916359306165,8.93554742977107,0.22502334869308316,3.66723256334886,-2.6484785353435996,7.8153152681854285,-4.629766872218977,3.9504593360376417,4.716914497551405,5.523077290567914,-2.0496543284620548,-0.964223460211013,7.954710085683435,11.79269181817642,-5.573641407535953,2.819250408706752
-0.8120599442898262,0.6344898714120287,2.808164505064242,-0.47377767383732883,-3.561154286567591,0.3127777805763075,0.45991024294093097,2.9164652579159047,-0.3773007239192367,-0.3861552216511682,1.1357657039349918,-2.4216348105013665,-0.7403991756547248,-5.389369044782863,-2.575351335861428,-2.025971609024992,-0.36918211621198604,-2.8955861767509283,-2.3949905607888162,-0.6454146200818388,0.6092734055628717,-3.4183129887515027,2.0125107324301124,0.8830411174577338,0.7322446160402138,1.2287241455952422,-2.7394926750501654,-0.8898335365711508,1.69117044046985,-2.4144701337936603,1.6334019344536304,-1.2194383753252507,1.223872194710629,-2.552527273179435,0.8892370652087956,-0.44179541333002853,-0.7784267835193689,-0.06146031834785005,-0.6343476974542896,-0.786312490202313,-2.174046211812901,-2.12854965206069,1.2783882744514459,-1.0355244837714352
-3.583329031986014,2.5576138979151612,6.345644604190992,-4.498461018082476,-6.179865161447479,1.9215871474845647,-0.7239845971526494,7.699286638552744,-2.741681839254613,2.2966801541324817,3.0262267316766644,-3.6217265544586295,0.2439718443638327,-17.120395805591095,-2.544356392152995,1.822447283348054,3.2571372987648397,-4.385204118145854,-0.15581748307442642,-1.2741286996817818,5.179703490037717,-10.549257239399786,0.8830411174577338,8.970684778024195,0.10328947491201042,1.4326078911669369,-4.736425709459005,-5.5495868812927425,0.5659538429943423,-5.581705496629705,-2.122067148056052,-2.051959338223637,1.0817139449083364,-4.44485489901309,3.3295589501975877,-3.26917555084559,-3.6215351412022865,-5.185575683563117,2.625965894943633,1.859018681653474,-4.971300421671625,-8.583883879216895,3.8106419673321525,-1.4227251763299913
-0.3018303473858445,0.1575264921142725,1.0017109028717677,-0.0900798741985045,-1.2686320314180537,0.014696927402827558,0.22142048371178505,0.9426912789294724,-0.051406611957377495,-0.19731552471403727,0.37805227940502634,-0.9479141240971882,-0.2628972356759155,-1.6617798017430603,-0.9590802443785842,-0.8907205284721954,-0.24219736199095923,-0.9761509732464495,-0.8850532543370586,-0.1647368038485139,0.0789904483977106,-1.0434267342398462,0.7322446160402138,0.10328947491201042,0.30145949670877625,0.4108586064897667,-0.9369734134983408,-0.21706548293829311,0.661574159257448,-0.8275037057225861,0.6596988792790678,-0.40105488288553587,0.4277518928090189,-0.8183980268121592,0.26937373951163096,-0.04095743901238537,-0.13666059904480699,0.12821498896461583,-0.24192993643483685,-0.3654455087588254,-0.7125565274536889,-0.6888974310538003,0.35715111876877964,-0.38837082923959515
-0.7922869855190471,0.631963712972144,2.1983462191496557,-0.7244608648502412,-2.613951540324697,0.40058025588731344,0.171036100819721,2.4288873640992423,-0.5077595231029076,0.01883544287851939,0.9437955939019658,-1.6861298170039511,-0.40181542661274555,-4.792673481553099,-1.6939112409205273,-0.9161434077948839,0.1401558311967423,-2.0908879540121403,-1.373897675732566,-0.5171856778014818,0.8918376222433455,-3.015856796700019,1.2287241455952422,1.4326078911669369,0.4108586064897667,0.849950655972318,-2.0267522859271683,-1.068597385330029,0.99512048825105,-1.916445986831134,0.7047515968670783,-0.9045841089130326,0.8056139418214308,-1.916324924145158,0.8403706794584075,-0.608764535122731,-0.8454619332492496,-0.5836551158881,-0.11304928291582207,-0.23946350933943192,-1.7354506852250322,-2.0478275507765527,1.1308694484267447,-0.7168681985802968
2.5253852970786954,-1.786182311454489,-6.040877061307166,2.4358124358091273,6.843090269392349,-1.1098444981840925,-0.27388878048501375,-6.6584453120566485,1.5526109579717176,-0.4964387913271004,-2.6170991481473456,4.483934005275281,0.7520632092173849,13.4905642512351,4.1472107344919795,1.7286619948857522,-0.882479598246622,5.228675968543938,2.882224697940615,1.2403752142276552,-2.8328111972035264,8.412195795580914,-2.7394926750501654,-4.736425709459005,-0.9369734134983408,-2.0267522859271683,5.218486460366408,3.364571493675169,-2.2717893595706755,5.2144810553588385,-1.0480047536552723,2.281105372159265,-1.8852221587697688,4.817316529980943,-2.4404724755670393,1.824203732962134,2.346323851772511,2.1867397089128455,-0.3970052959768221,0.1881948104331973,4.638747866649877,6.157840677042515,-3.0526452695978077,1.8479507094754817
2.3720661756842514,-1.636875411695262,-4.405379473944003,2.805568794374835,4.426733579941727,-1.17231602737535,0.3311132550934984,-5.18376680875629,1.6970870048015025,-1.3167643779174165,-2.045999535329387,2.715708618870101,-0.031136464690842247,11.314439664732086,2.03574346488888,-0.6630071910299238,-1.8726653830652098,3.1575446227804975,0.5126557000374814,0.8435329165696999,-3.2054128986022565,6.977673855200649,-0.8898335365711508,-5.5495868812927425,-0.21706548293829311,-1.068597385330029,3.364571493675169,3.5203217641409905,-0.6757708412578004,3.838223220761219,0.9893384516946594,1.4480416104975435,-0.8638022853464262,3.1053438084731626,-2.174609247619008,2.007802900495454,2.2639976871879854,3.1098969580965252,-1.5172081712308056,-0.9551256260023746,3.3956735023628197,5.626499659666134,-2.496778882986635,1.072720122816308
-0.7418803863566207,0.4648307334292774,2.4109129492359744,-0.3491927254468527,-3.0260600502513264,0.14899030637346722,0.4493644991889706,2.383081424418276,-0.23554183654673044,-0.36682465292721533,0.9435435896926924,-2.1701057814349,-0.6035314448642334,-4.334905486707795,-2.2179967944053205,-1.8786435352851103,-0.4101105992515398,-2.3717301742877237,-2.018300456506152,-0.4585982807873632,0.3860741329605599,-2.7290916359306165,1.69117044046985,0.5659538429943423,0.661574159257448,0.99512048825105,-2.2717893595706755,-0.6757708412578004,1.4845032413072388,-2.0275169650339997,1.4214533313485427,-0.9877818064812806,1.0123443223192672,-2.0405227650421645,0.7161646510131109,-0.2497402418493036,-0.49718817024724776,0.08155177202230816,-0.5033057595501786,-0.738741958322305,-1.7786901208137904,-1.7870652962305378,0.9723291475940089,-0.9017381914498311
2.8696277969962667,-1.9293334304334726,-6.305891726283611,2.889597202135567,6.902963689648179,-1.1969403689859202,-0.13166131878564247,-6.98006418572853,1.7655051900256786,-0.8504313741677969,-2.7581846814651567,4.544141892534465,0.5405520515384709,14.409408716420412,3.9637334167169582,1.1878145088156191,-1.312503066849023,5.119004804105146,2.383609151710776,1.197921160608552,-3.2807988164629283,8.93554742977107,-2.4144701337936603,-5.581705496629705,-0.8275037057225861,-1.916445986831134,5.2144810553588385,3.838223220761219,-2.0275169650339997,5.421636947976529,-0.4493710085752946,2.253974277077077,-1.747069868292289,4.758402727590146,-2.66131320662576,2.0602045037137517,2.524411339201508,2.7498262084894947,-0.9080143228211294,-0.16834575450587186,4.7796931540010545,6.8256050389250165,-3.193188109122122,1.833459627163495
0.42853951960014947,-0.23528546148493845,0.562414216053028,1.0408569282273754,-1.3429301796735797,-0.32368331410885,0.672173996868854,0.233722154775205,0.5410898382177155,-1.1306735272460557,0.07889585362004571,-1.0886383328473963,-0.793885623753098,0.5229730739003187,-1.60918013910296,-2.5218665075193036,-1.4257945394725073,-1.3199321519786618,-2.2418372503836683,-0.20664867784596216,-1.1262145963408643,0.22502334869308316,1.6334019344536304,-2.122067148056052,0.6596988792790678,0.7047515968670783,-1.0480047536552723,0.9893384516946594,1.4214533313485427,-0.4493710085752946,2.266425956954873,-0.4890915906396501,0.8140451900582812,-0.9781485797542067,-0.2554011496197651,0.6488026543462675,0.43840377232063094,1.6518967487335958,-1.4898649319510786,-1.3620125649823813,-0.43048104192974407,0.8275690170553387,-0.03125318125160536,-0.5120453204137263
1.0509172865912852,-0.7895094351436927,-2.591259846928232,1.0414336708043173,2.96202568025975,-0.5126857923092825,-0.11059239820385636,-2.8955778079879115,0.6863266840293906,-0.20151944043305103,-1.1312989264530586,1.9021625155775752,0.35073032716277863,5.863655272764128,1.802876999841421,0.7369912406376248,-0.3831579026203907,2.304986174964413,1.2945798898952245,0.5719377011440454,-1.2397352754896918,3.66723256334886,-1.2194383753252507,-2.051959338223637,-0.40105488288553587,-0.9045841089130326,2.281105372159265,1.4480416104975435,-0.9877818064812806,2.253974277077077,-0.4890915906396501,1.0080122974305774,-0.8379934035410724,2.137678255197468,-1.0556856783101556,0.8166281344240436,1.0600645011410121,0.9515126583370443,-0.1206815753289527,0.08374296104440421,2.0246637890341717,2.6275602041452606,-1.3527379526617034,0.794430727800149
-0.6868626424124894,0.532640178986582,2.017518156591414,-0.5584408665549426,-2.446564573473529,0.3086049823032476,0.2180160556039315,2.175861041863925,-0.39623491385011833,-0.07968147430439887,0.8469736422857367,-1.618433951206936,-0.41668390265635336,-4.204355435782811,-1.648682557532072,-1.0490241794136574,-0.004241767447808652,-1.9575483869981172,-1.40086130814443,-0.4616610922793034,0.6850866158407335,-2.6484785353435996,1.223872194710629,1.0817139449083364,0.4277518928090189,0.8056139418214308,-1.8852221587697688,-0.8638022853464262,1.0123443223192672,-1.747069868292289,0.8140451900582812,-0.8379934035410724,0.7801301386456249,-1.7670495611558121,0.7249999398817768,-0.47001523393519307,-0.6895430533946314,-0.3677246445470778,-0.2097325230344046,-0.33471887861708044,-1.5738101941756797,-1.7663267529471733,0.9871517043635049,-0.6854015019948301
2.202436099683535,-1.701415592916052,-5.445377969561316,2.24035447000735,6.226414452865115,-1.1345865718354469,-0.19831014515615242,-6.1473402642943835,1.4950096742272379,-0.459921286000214,-2.3938483599814164,3.947053208233275,0.73655492933643,12.486142847176962,3.7638109043382966,1.4452360141583391,-0.8748366794295114,4.877829589369993,2.6989257513199925,1.2425652035184378,-2.6917149417547774,7.8153152681854285,-2.552527273179435,-4.44485489901309,-0.8183980268121592,-1.916324924145158,4.817316529980943,3.1053438084731626,-2.0405227650421645,4.758402727590146,-0.9781485797542067,2.137678255197468,-1.7670495611558121,4.548913762401888,-2.2483265284250447,1.7891064805464025,2.313643652716844,2.0936087708420725,-0.2655959916067715,0.1227520174991367,4.29337927715744,5.56802403655443,-2.903365823106324,1.6564838119390284
-1.526885118239515,1.0506804746042278,3.0714306923176737,-1.6997567788373837,-3.217289597475602,0.7091277064598213,-0.09084090372280668,3.519021790884251,-1.0347516264147238,0.678857331637718,1.3883941391099897,-2.0411217120112988,-0.11671170409632937,-7.488376535073933,-1.6641345562648073,-0.02562585371287998,0.993630657103366,-2.345545839502096,-0.7465728000366669,-0.5923692899324089,1.9398494237562536,-4.629766872218977,0.8892370652087956,3.3295589501975877,0.26937373951163096,0.8403706794584075,-2.4404724755670393,-2.174609247619008,0.7161646510131109,-2.66131320662576,-0.2554011496197651,-1.0556856783101556,0.7249999398817768,-2.2483265284250447,1.4157175409386864,-1.2194334575717904,-1.4226739541552293,-1.7810083305436788,0.7588484092258029,0.39253366060828243,-2.353836411948324,-3.6392057352785714,1.6608250964577713,-0.8143112907501509
1.2089768366875955,-0.9781271166749901,-2.2918965434565077,1.6053963258186668,2.3081546246389135,-0.7822198774664884,0.2730639822446042,-2.8781140381870114,1.0356923433836094,-0.7897434819156084,-1.1131744937309644,1.2620739301765063,-0.012075016389609717,6.36402836948087,0.9904620233435034,-0.6465124748228442,-1.1743751185180096,1.7486434476584698,0.21786716355780344,0.5612996130312261,-1.9198761962127353,3.9504593360376417,-0.44179541333002853,-3.26917555084559,-0.04095743901238537,-0.608764535122731,1.824203732962134,2.007802900495454,-0.2497402418493036,2.0602045037137517,0.6488026543462675,0.8166281344240436,-0.47001523393519307,1.7891064805464025,-1.2194334575717904,1.2592901754842902,1.4356984255625214,1.8900622441438515,-0.8125768656972413,-0.6508994399742718,1.8834862022849101,3.05486077446603,-1.4818640812015744,0.5219659625811998
1.357094011281531,-1.149475723132362,-2.803279080476532,1.7649013462050835,2.948298107376396,-0.9190521880997277,0.24193548782669824,-3.4852970882564995,1.1744069764841487,-0.7800411578182511,-1.3427111029206429,1.630610990984683,0.11417483446807437,7.560563689644251,1.411741223443079,-0.43444731757937766,-1.20884099430042,2.3070060614035754,0.6034781841902861,0.725259580544656,-2.1511921003972323,4.716914497551405,-0.7784267835193689,-3.6215351412022865,-0.13666059904480699,-0.8454619332492496,2.346323851772511,2.2639976871879854,-0.49718817024724776,2.524411339201508,0.43840377232063094,1.0600645011410121,-0.6895430533946314,2.313643652716844,-1.4226739541552293,1.4356984255625214,1.6905715801677792,2.0368070559241986,-0.7295555935590837,-0.58793579743967594,2.3251222494659465,3.512243514324298,-1.7908247010786233,0.6927237375758019
1.9059499796060788,-1.3998342961734205,-3.0867165020997445,2.577416403433288,2.8235310430989555,-1.1155046624015392,0.5614612078050966,-3.9184192534217397,1.5737663216672575,-1.4665292303660329,-1.5346221883770783,1.525722655452502,-0.3059054811675386,8.98347349817189,0.8908677795523245,-1.6239832838919677,-2.0581458533814767,1.958134982334022,-0.45841819558798963,0.6451545887732612,-2.983559102876728,5.523077290567914,-0.06146031834785005,-5.185575683563117,0.12821498896461583,-0.5836551158881,2.1867397089128455,3.1098969580965252,0.08155177202230816,2.7498262084894947,1.6518967487335958,0.9515126583370443,-0.3677246445470778,2.0936087708420725,-1.7810083305436788,1.8900622441438515,2.0368070559241986,3.1159660513162737,-1.6848967109781177,-1.3170881906682852,2.465598766593772,4.592011825300135,-2.009604882993886,0.5889034207059479
-1.026912851432883,0.5389066811832093,1.0825278599749022,-1.3610556224854886,-0.6336198006325565,0.389817818985903,-0.3922794408983753,1.34930813026038,-0.7090129705622309,0.9702279979656376,0.5598839065209675,-0.3866109283528505,0.47250322266980876,-3.4590856894836883,0.20747746052621105,1.3741436285772326,1.2280630945266053,-0.14541110976797414,1.0759123640426853,-0.035282261147900944,1.432293269407744,-2.0496543284620548,-0.6343476974542896,2.625965894943633,-0.24192993643483685,-0.11304928291582207,-0.3970052959768221,-1.5172081712308056,-0.5033057595501786,-0.9080143228211294,-1.4898649319510786,-0.1206815753289527,-0.2097325230344046,-0.2655959916067715,0.7588484092258029,-0.8125768656972413,-0.7295555935590837,-1.6848967109781177,1.3185407898103638,0.9446320120290769,-0.7272347944067697,-2.1532108398003262,0.6443834082735855,-0.08047523162896002
-0.44210001449013214,0.3502540614904844,0.13011300177808152,-0.8983960291744855,0.27791277495285693,0.3754954537015796,-0.4397905418323865,0.4746009024641391,-0.5309321809851121,0.7798462346134336,0.1822992125997305,0.39141243046861307,0.41990323019714515,-1.6246998210420078,0.687728946882447,1.554979949539879,1.039720030191949,0.3345946419396022,1.1576355969794296,-0.037824019341094195,1.0386939013093235,-0.964223460211013,-0.786312490202313,1.859018681653474,-0.3654455087588254,-0.23946350933943192,0.1881948104331973,-0.9551256260023746,-0.738741958322305,-0.16834575450587186,-1.3620125649823813,0.08374296104440421,-0.33471887861708044,0.1227520174991367,0.39253366060828243,-0.6508994399742718,-0.58793579743967594,-1.3170881906682852,0.9446320120290769,0.8934852506628286,-0.16439284274282293,-1.0492260012185655,0.35628326168167296,0.18535148669620602
2.4619116555265004,-1.740564118667121,-5.518929428371677,2.5436742612723973,6.082750760686213,-1.1287188948664177,-0.08912635420347505,-6.192941544227468,1.5968874573983727,-0.7433954435331375,-2.4340125583393193,3.9235731474514686,0.5141537918629345,12.794148488185424,3.4934731388084317,0.9895135034856889,-1.1841083000189274,4.587945563945808,2.162386809350883,1.1241679535312792,-2.94344612176725,7.954710085683435,-2.174046211812901,-4.971300421671625,-0.7125565274536889,-1.7354506852250322,4.638747866649877,3.3956735023628197,-1.7786901208137904,4.7796931540010545,-0.43048104192974407,2.0246637890341717,-1.5738101941756797,4.29337927715744,-2.353836411948324,1.8834862022849101,2.3251222494659465,2.465598766593772,-0.7272347944067697,-0.16439284274282293,4.251419465430742,5.972268117053866,-2.8841308804824948,1.6034132963757415
4.066626341287455,-2.6469391637715556,-7.940867016187768,4.429312745260517,8.217077291251753,-1.7179088408152432,0.22256011289530273,-8.974160409631292,2.619653596241189,-1.8138262656069448,-3.562835503020691,5.336739844868154,0.19462857771344294,19.13801964658091,4.2034523677777065,0.04133938329109956,-2.579258323991565,5.843699428210546,1.7046362015972356,1.3980741065330964,-4.9579584344944685,11.79269181817642,-2.12854965206069,-8.583883879216895,-0.6888974310538003,-2.0478275507765527,6.157840677042515,5.626499659666134,-1.7870652962305378,6.8256050389250165,0.8275690170553387,2.6275602041452606,-1.7663267529471733,5.56802403655443,-3.6392057352785714,3.05486077446603,3.512243514324298,4.592011825300135,-2.1532108398003262,-1.0492260012185655,5.972268117053866,9.480368375701207,-4.1583008820987235,2.0945975002551136
-1.663368103306232,1.280022780928233,3.6269530728551986,-1.9048102935694236,-3.9337443621917467,0.9189139619269298,-0.0835518051845759,4.246312850511394,-1.2330925663429073,0.6839883410672336,1.653459732354273,-2.3960901101231724,-0.27102047566525217,-8.948734116912327,-2.1235115926902077,-0.18857758348438108,1.0781437102727773,-3.0172008803556896,-1.1912093803883401,-0.8239407358920147,2.2630782260514843,-5.573641407535953,1.2783882744514459,3.8106419673321525,0.35715111876877964,1.1308694484267447,-3.0526452695978077,-2.496778882986635,0.9723291475940089,-3.193188109122122,-0.03125318125160536,-1.3527379526617034,0.9871517043635049,-2.903365823106324,1.6608250964577713,-1.4818640812015744,-1.7908247010786233,-2.009604882993886,0.6443834082735855,0.35628326168167296,-2.8841308804824948,-4.1583008820987235,2.066563286204224,-0.9942084859158397
0.8934114230873625,-0.5646499454389687,-2.1602830064506406,0.7597056083358825,2.4669536361891438,-0.29816136647285674,-0.16891936620261824,-2.2803013250415707,0.4586170064106228,-0.08832657105912456,-0.9062933295637944,1.699129761421517,0.28969896906942266,4.53400923886259,1.5576146104779525,0.8425425342846942,-0.1685424288370895,1.8454060680803372,1.1209254751035411,0.38741378859262837,-0.8449170796358274,2.819250408706752,-1.0355244837714352,-1.4227251763299913,-0.38837082923959515,-0.7168681985802968,1.8479507094754817,1.072720122816308,-0.9017381914498311,1.833459627163495,-0.5120453204137263,0.794430727800149,-0.6854015019948301,1.6564838119390284,-0.8143112907501509,0.5219659625811998,0.6927237375758019,0.5889034207059479,-0.08047523162896002,0.18535148669620602,1.6034132963757415,2.0945975002551136,-0.9942084859158397,0.6899998275642146
