V1,V2,V3,V4,V5,V6,V7,V8,V9,V10,V11,V12,V13,V14,V15,V16,V17,V18,V19,V20,V21,V22,V23,V24,V25,V26,V27,V28,V29,V30,V31,V32,V33,V34,V35,V36,V37,V38,V39,V40,V41,V42,V43,V44
1.2955439513823803,-1.0970940638932585,-0.1540938536801667,-1.018483701810074,-1.6570538071851273,0.27976914004163805,-3.153806894848948,0.5482196074042671,0.988824872154793,-1.9637293021969007,-1.882666993790974,-0.1783272484958875,-1.3754575882879803,-1.2623840973287455,0.8491577464881482,1.3455005596123575,-0.4266051904716931,1.9356419248827392,0.1585275307053314,-0.1330722038834862,0.4062115748730678,0.9162008161167634,-1.9155197570836102,0.5699632450156523,-1.0457568051786112,-0.5451350803556535,1.4405170205268234,-0.9975988908923572,0.27221634788574645,0.1684707903974724,0.0011548957629166057,0.4909274327658022,0.45413894313866454,-0.8169639194374566,-0.383817844153415,-4.321811814754971,-0.08262438381863718,-1.6256192269732892,0.5692914965584893,-1.2361990251148602,1.0056682620838,0.7200300654553072,1.3715174220077857,0.15215513036687894
-1.0970940638932585,1.6262274506846386,-0.5332183150242394,0.725329945492081,1.8105130605883444,-0.07127121292731711,2.8659409343470847,-0.7964677710276683,-0.7430633852129005,1.3899677102695092,1.7229909611488972,0.5276321476245336,1.1781874406736266,0.8264226962615046,-0.8409814411446253,-0.6113858181395988,0.5464799510839702,-1.6304668790344143,0.09729173596724176,0.5746618599103113,-0.41943443995919827,-0.6188658871631151,1.4018159200245763,-0.6522140514434562,0.7108709924780893,0.45183920121872717,-1.2886511273535421,0.43442822006927007,-0.38028714176301653,0.1055480693159667,0.4667266482043769,-1.064598618716281,-0.9417302914720717,0.7157340421434842,0.7153956471998357,3.30684603741797,-0.45329039236797,1.0102524201952845,-0.8059529002875103,1.053744015155879,-0.579373175691157,-0.9054843459769558,-0.7081436767677753,-0.06451048523291007
-0.1540938536801667,-0.5332183150242394,0.8454835140127838,0.442458426829163,0.08302855724422721,-0.3703272934376811,0.46998588721006623,0.2296973967498979,-0.3218094014081149,0.6861580905701492,0.30882035947654624,-0.4226013236837729,0.19111999128947832,0.7791738051485623,0.00772189414104507,-0.8552235762635924,-0.18925472047624614,-0.42179669071155446,-0.28542889864775406,-0.48621566879339356,-0.08118737019483022,-0.5374003938834488,0.7244278954912924,0.1097155843093501,0.497190906437723,-0.021143905677762052,-0.22405035577808313,0.7186516853327322,0.0180590479053619,-0.3231215056688166,-0.49392704745168065,0.47157000286661527,0.3949308486259146,0.044983766302731175,-0.3014876963896066,1.3564519864808602,0.5613840702540193,0.5658128103812934,0.2086017063342174,0.1534913876437978,-0.7152740394758608,0.22308468458080025,-0.9918307005663828,-0.15948914020484384
-1.018483701810074,0.725329945492081,0.442458426829163,1.1823686701089806,1.4547944596653088,-0.29049926072202553,3.014446860354849,-0.42872068957505005,-0.8613534551971775,2.085960587848265,1.6755579598092931,0.13251008787473342,1.1768788654797757,1.5562259077036134,-0.6980007592827674,-1.5473830624978657,0.3285774421598936,-1.7499128350062787,-0.35592281718445484,1.7884558277810741e-4,-0.2223837726544266,-0.8888923067892276,1.9163119163060542,-0.44352192898522064,1.0950142425907203,0.6578108133492486,-1.3010338085957251,1.246319121939127,-0.02195436832622864,-0.16562095015969694,-0.2720262821793517,-0.2249492102563606,-0.175635074240417,0.7000677337072436,0.0564103768721019,4.251983616705251,0.11338503345767821,1.725981574943601,-0.4236668525584787,1.1041853617262543,-0.826900789766367,-0.5299194616404076,-1.4684701916468208,-0.12134774683248778
-1.6570538071851273,1.8105130605883444,0.08302855724422721,1.4547944596653088,2.9591174228455186,-0.6893138982065948,4.5174222360626635,-0.9211682488428052,-1.5051683792622501,2.596549374643354,2.823251799336017,0.28529329309789786,1.9545107181217236,2.1116437719351286,-1.1753861404478076,-1.685339848817479,0.45559598306463206,-2.8816891687189594,-0.10673844370820088,0.2591078089833134,-0.8968488744010601,-1.7496668087158909,2.854277629699132,-0.8472749322406081,1.5594203344290132,0.2702481357669841,-2.1002646144147725,1.3434045988705634,-0.7831524955740361,-0.32187426487899523,0.31824742108950277,-1.2751878847875866,-1.1980505242113184,0.8763397973542701,0.8180005196629674,6.072730714280523,-0.10754544217908138,1.6820267972059892,-0.9165086378758754,1.5858054618683766,-2.1674456332390055,-0.990860569480466,-2.206997649667892,-0.4497808419824735
0.27976914004163805,-0.07127121292731711,-0.3703272934376811,-0.29049926072202553,-0.6893138982065948,0.49238414489102295,-0.6905398381189035,0.041416969386764986,0.4457855133161826,-0.4604238755480281,-0.5808540717980267,0.25760298714136287,-0.39313974680680536,-0.6806918097597637,0.13617556051780516,0.46469041797481164,0.1456930509183741,0.639562664430078,0.00878784959454857,0.19468337763474258,0.41138966818346046,0.7539209087344795,-0.7451136768712068,0.07747048367099288,-0.451764087692496,0.3852588298081941,0.3833610605358314,-0.39358122284906516,0.40918474753443707,0.31901616489398454,-0.007174698416125658,0.22312506845171373,0.2884844267134534,0.004791316849964455,-0.17727553414943115,-1.3102421029152858,-0.26054847812403853,-0.06777538451674724,0.014871303114916041,-0.17225463997794135,1.1904373321298753,0.006575358186778094,0.9306902678274052,0.310912691569047
-3.153806894848948,2.8659409343470847,0.46998588721006623,3.014446860354849,4.5174222360626635,-0.6905398381189035,8.815048891430282,-1.5943439929593863,-2.454438602008,5.602735623986445,4.9865146790705515,0.7778450560425068,3.6182540416598195,3.8540615567201497,-2.210646926298922,-3.755910929924171,1.216370225776984,-5.060044167339807,-0.6314128659940985,0.604795327087596,-0.7562795510865494,-2.2528177997210928,5.223599105694691,-1.5728612909439792,2.8212872270315326,1.7431797284894277,-3.821809016956323,2.942214063681556,-0.31375139227884197,-0.2887167785322444,-0.12535404676898057,-1.3383062876284928,-1.178739412649902,2.14240560291871,0.7225739128809404,11.72188847827638,-0.14634989361088463,4.524926584913751,-1.5081299800955241,3.2641650960394113,-2.17597217702512,-1.9230348579492398,-3.6529663426710743,-0.29776222552589177
0.5482196074042671,-0.7964677710276683,0.2296973967498979,-0.42872068957505005,-0.9211682488428052,0.041416969386764986,-1.5943439929593863,0.4382719524791192,0.34650752820927455,-0.8270401957908253,-0.8869323177980633,-0.3180166923745959,-0.6406817566574435,-0.5203824585959149,0.4319421256696544,0.3845985192995904,-0.30970332836832515,0.8100128316539419,-0.019294073859625047,-0.3777393254754263,0.13259135979544184,0.2427275820895631,-0.7492280428535592,0.3659836948325159,-0.36841921923061766,-0.2963184125169167,0.6577342161610146,-0.28992323313784335,0.08229336946658991,-0.0758790617064088,-0.19415774575466416,0.516020625098627,0.4681570900861283,-0.40144081949583,-0.28833375488329543,-1.7865921898531745,0.27667478165588993,-0.6059523351612314,0.37165695826246875,-0.5550304603517995,0.17042527106289299,0.49302780179826594,0.3787420498194653,0.01177153391670358
0.988824872154793,-0.7430633852129005,-0.3218094014081149,-0.8613534551971775,-1.5051683792622501,0.4457855133161826,-2.454438602008,0.34650752820927455,1.0242437341919437,-1.5362687705948723,-1.6055495952903533,-0.021210799038467273,-1.1456205449976473,-1.1919983008859432,0.6212827874240965,1.1355340036874306,-0.1974786381964558,1.7554960042296275,0.15231444217929635,0.14276913640005096,0.5052284430686254,1.1365818836687094,-1.8004826017860942,0.4128613740132753,-0.9471941313511885,-0.10455850459847044,1.2037906600814392,-0.9140196346912591,0.4783238542994032,0.32189204549324146,-0.038297238675842483,0.42530441669634356,0.415264898241927,-0.4595760643388132,-0.35688497237196554,-3.6173713477074063,-0.22252081614710062,-1.110635376349753,0.44296057230411995,-0.9491573468275256,1.5159645041052272,0.35473569503844704,1.4775282966828378,0.29099830533636323
-1.9637293021969007,1.3899677102695092,0.6861580905701492,2.085960587848265,2.596549374643354,-0.4604238755480281,5.602735623986445,-0.8270401957908253,-1.5362687705948723,3.9358664611616554,3.046668539932352,0.3318571124892674,2.307626784334242,2.6886154354194813,-1.3640106957045195,-2.8550886680840026,0.6819907805483069,-3.237284304755883,-0.6597699357125006,0.09085932749509965,-0.33182793288500007,-1.4471299826490955,3.476880134561466,-0.9057439148886093,1.939838455451129,1.3348431078391614,-2.412228536469852,2.235240291211043,0.052823500401214175,-0.3052418041121466,-0.45923893275303523,-0.38333574826084643,-0.29862733565826155,1.3885255628920228,0.09335949916720981,7.827946146994579,0.1418909232811726,3.2926723713801542,-0.7552320355380279,2.102793349066405,-1.3230906143725758,-1.075467707399434,-2.5254019123701834,-0.1799615008470795
-1.882666993790974,1.7229909611488972,0.30882035947654624,1.6755579598092931,2.823251799336017,-0.5808540717980267,4.9865146790705515,-0.8869323177980633,-1.6055495952903533,3.046668539932352,3.059749516036114,0.29633834258073327,2.0795312641631107,2.2381544502997475,-1.2738582646119279,-2.0440109819835808,0.6208165536418835,-3.0950394092836486,-0.2569091097236517,0.2202522283157723,-0.7168109879829786,-1.6114749348252182,3.1602572228733328,-0.8702056028151,1.7097220082006903,0.6657887696601603,-2.28770404279907,1.6209569326189137,-0.5508625353943453,-0.28048402416191537,0.08513568651361594,-0.9540603617830136,-0.8573416809715563,1.1469947425839242,0.6891922036629388,6.8562404886859,0.06592587703385235,2.3393149321972215,-0.9842613745722383,1.8479045292786453,-1.8380933798336259,-1.0166249603934212,-2.4096700159509545,-0.2778026001836938
-0.1783272484958875,0.5276321476245336,-0.4226013236837729,0.13251008787473342,0.28529329309789786,0.25760298714136287,0.7778450560425068,-0.3180166923745959,-0.021210799038467273,0.3318571124892674,0.29633834258073327,0.5046232833937536,0.2899935790569717,-0.04095137965201195,-0.22113167343851156,0.056863059470531094,0.34427167768341316,-0.23439309867635416,0.008393692559651566,0.44873652656941365,0.20849361204966105,0.2987903315220005,0.1517528363412654,-0.27005688227629987,-0.06077546689436681,0.3999862251786524,-0.2435935911504183,-0.030814178300390314,0.20303561726622554,0.2430508769482008,0.21201406407358378,-0.28165200154175496,-0.21273523572987368,0.24036522030382249,0.08753423119887702,0.4496545195509408,-0.4449421836010475,0.35134896833811186,-0.26556967711530177,0.3024004865519095,0.5518697481885555,-0.3032774345473272,0.30010365396072114,0.17221931705662466
-1.3754575882879803,1.1781874406736266,0.19111999128947832,1.1768788654797757,1.9545107181217236,-0.39313974680680536,3.6182540416598195,-0.6406817566574435,-1.1456205449976473,2.307626784334242,2.0795312641631107,0.2899935790569717,1.6754033476314298,1.5310195851687465,-0.9426367498900234,-1.5713229829479542,0.4409300708832072,-2.228358078641268,-0.22691633752246093,0.16599998301811325,-0.41743340896411263,-1.1057375066290944,2.2453040664542754,-0.7057111521872356,1.161383133006943,0.5233429221080151,-1.6088330103302677,1.2002013670544551,-0.2751839452945754,-0.2630627369203114,0.029682340407247595,-0.5894091871705246,-0.5785274378040263,0.8217779398416946,0.334022808227431,4.865212483639701,-0.003951237228592227,1.7657890545594455,-0.5468295209216094,1.3741575184777624,-1.3153754028005646,-0.7668243910471167,-1.5731771439004618,-0.2601757342813779
-1.2623840973287455,0.8264226962615046,0.7791738051485623,1.5562259077036134,2.1116437719351286,-0.6806918097597637,3.8540615567201497,-0.5203824585959149,-1.1919983008859432,2.6886154354194813,2.2381544502997475,-0.04095137965201195,1.5310195851687465,2.3289972765699045,-0.8526340299405395,-2.0900051683331196,0.24330560360396075,-2.330259849812265,-0.4367420096849049,-0.10526913764329268,-0.5116534007637921,-1.4841924911342415,2.6294523303370356,-0.532824428329059,1.5588283836321424,0.5037532618321764,-1.6944427568362483,1.7115291338556877,-0.24697542239080628,-0.38547577501823166,-0.34529183129571733,-0.41324736200107853,-0.3870801821189493,0.772332746124315,0.1385337559829597,5.660695756541164,0.26642673534356326,1.9717431827361414,-0.4634185770813002,1.3095231892327583,-1.6544071027517582,-0.6100713329270218,-2.3033370627993044,-0.3384558950438646
0.8491577464881482,-0.8409814411446253,0.00772189414104507,-0.6980007592827674,-1.1753861404478076,0.13617556051780516,-2.210646926298922,0.4319421256696544,0.6212827874240965,-1.3640106957045195,-1.2738582646119279,-0.22113167343851156,-0.9426367498900234,-0.8526340299405395,0.6033583168379888,0.8735835489931596,-0.3299589666914851,1.3100269469781822,0.11677349035001237,-0.1716532495957941,0.23650897553713354,0.5550146940248222,-1.272994089958216,0.421533310562793,-0.6839501384543668,-0.4422066195139631,0.9911717190229045,-0.6522117814545076,0.1385533766120962,0.062087759302623925,-0.047593734235374774,0.41243043047281314,0.3594942867448724,-0.563350762904566,-0.26665497796006954,-2.9126616557805356,0.07183954476176596,-1.1058661216386214,0.43019360852766486,-0.8472797502886371,0.5499030811430284,0.5395337872738595,0.8281812719717764,0.07368977066411087
1.3455005596123575,-0.6113858181395988,-0.8552235762635924,-1.5473830624978657,-1.685339848817479,0.46469041797481164,-3.755910929924171,0.3845985192995904,1.1355340036874306,-2.8550886680840026,-2.0440109819835808,0.056863059470531094,-1.5713229829479542,-2.0900051683331196,0.8735835489931596,2.3143979786207955,-0.286461218819841,2.2816909820098017,0.5836037135175021,0.28380767566674553,0.29390596115947354,1.26099405687038,-2.5419052944738296,0.5022236804514537,-1.5079917188164695,-0.8569765972142563,1.646978297184917,-1.8040005926520275,-0.026526241091032104,0.390477444592871,0.5881846424480187,-0.031793553481672135,-0.0446586093162743,-0.8925514507649503,0.13378903770508138,-5.65606731238796,-0.40859108634360064,-2.3999699551554436,0.3318077106246964,-1.4263039122178607,1.272561091301821,0.5873925835263252,2.0607296665043524,0.24017313462653514
-0.4266051904716931,0.5464799510839702,-0.18925472047624614,0.3285774421598936,0.45559598306463206,0.1456930509183741,1.216370225776984,-0.30970332836832515,-0.1974786381964558,0.6819907805483069,0.6208165536418835,0.34427167768341316,0.4409300708832072,0.24330560360396075,-0.3299589666914851,-0.286461218819841,0.36070356526142155,-0.5398465983147834,-0.043258429629048,0.33922791738826225,0.0999133679141093,0.09475785740250159,0.5114600547780874,-0.2768470770957805,0.20143500615628357,0.4809454867941412,-0.4743750494170635,0.21551230421015674,0.1416155914997732,0.16462254068766802,0.07777131287880618,-0.20808147986655604,-0.14528899519512334,0.40882344991383923,0.13074284106138317,1.3105711813624037,-0.2229313130374666,0.6993185976924978,-0.3202431507669528,0.4845775932267062,0.32741200054866026,-0.3641469535859826,-0.12188390021631208,0.1548598695367761
1.9356419248827392,-1.6304668790344143,-0.42179669071155446,-1.7499128350062787,-2.8816891687189594,0.639562664430078,-5.060044167339807,0.8100128316539419,1.7554960042296275,-3.237284304755883,-3.0950394092836486,-0.23439309867635416,-2.228358078641268,-2.330259849812265,1.3100269469781822,2.2816909820098017,-0.5398465983147834,3.328102169264901,0.37130937942769615,0.039036140173260375,0.7747008136212175,1.85105691634074,-3.3771299198359523,0.8697532506909996,-1.821118491640162,-0.6533926061679838,2.379423270752479,-1.7998975013029213,0.6124589216193173,0.43058760129144413,-0.00990526374106119,0.8368309751736149,0.7464440718805297,-1.0941192908252788,-0.5972273270095587,-7.177153729066949,-0.18116893218024124,-2.473290544131194,0.9291932764429974,-1.9310656943671332,2.216444991384259,0.923729220389374,2.56703524763363,0.3857555214729297
0.1585275307053314,0.09729173596724176,-0.28542889864775406,-0.35592281718445484,-0.10673844370820088,0.00878784959454857,-0.6314128659940985,-0.019294073859625047,0.15231444217929635,-0.6597699357125006,-0.2569091097236517,0.008393692559651566,-0.22691633752246093,-0.4367420096849049,0.11677349035001237,0.5836037135175021,-0.043258429629048,0.37130937942769615,0.2606613057894155,0.17496688002396352,-0.09489027735130517,0.14246586248704163,-0.48380635870867916,0.03841825752755036,-0.2901094033699725,-0.344493817078738,0.26146927972909056,-0.4798639997716294,-0.19097488830487128,0.0706150958152379,0.2819730139240986,-0.25052369608368963,-0.2792868082558102,-0.15745000381240823,0.23089845072074408,-1.0713335499449785,-0.11862616452111598,-0.6484228051492346,0.001896062015957807,-0.2659297153105216,0.03283419694804938,0.0054359572515693235,0.35915943360554486,-0.020333304417060445
-0.1330722038834862,0.5746618599103113,-0.48621566879339356,1.7884558277810741e-4,0.2591078089833134,0.19468337763474258,0.604795327087596,-0.3777393254754263,0.14276913640005096,0.09085932749509965,0.2202522283157723,0.44873652656941365,0.16599998301811325,-0.10526913764329268,-0.1716532495957941,0.28380767566674553,0.33922791738826225,0.039036140173260375,0.17496688002396352,0.6977465988852751,0.16951545346040645,0.44869215225900233,-0.11026250011348095,-0.2623474815370305,-0.15701092198635383,0.25359004680161334,-0.11083590990340682,-0.23537523303012403,0.18692781704049902,0.30978189335361467,0.2888090065394843,-0.43795790662930234,-0.4109668087616559,0.2590965398803491,0.20003474426633697,0.05840720008415477,-0.5031056401506451,0.07319425562047015,-0.21755491679745914,0.14879959664209336,0.7280005232306805,-0.42100331054111706,0.3915422130057511,0.1858351254143923
0.4062115748730678,-0.41943443995919827,-0.08118737019483022,-0.2223837726544266,-0.8968488744010601,0.41138966818346046,-0.7562795510865494,0.13259135979544184,0.5052284430686254,-0.33182793288500007,-0.7168109879829786,0.20849361204966105,-0.41743340896411263,-0.5116534007637921,0.23650897553713354,0.29390596115947354,0.0999133679141093,0.7747008136212175,-0.09489027735130517,0.16951545346040645,0.5906113767718273,0.8416721863484689,-0.709684657495826,0.12132873934434779,-0.4508049876187198,0.4003892972736853,0.5057275574753862,-0.2208235203865119,0.6193539501075488,0.27426800744646745,-0.19358238760896762,0.47374746137246343,0.48195446436096573,-0.030201976653521163,-0.42212634392623655,-1.3254258957994705,-0.17985851596948094,0.02378757832229801,0.2083865862974365,-0.25352273724644503,1.2887394065283928,0.12852202180987182,0.7919329281447566,0.31859983462194785
0.9162008161167634,-0.6188658871631151,-0.5374003938834488,-0.8888923067892276,-1.7496668087158909,0.7539209087344795,-2.2528177997210928,0.2427275820895631,1.1365818836687094,-1.4471299826490955,-1.6114749348252182,0.2987903315220005,-1.1057375066290944,-1.4841924911342415,0.5550146940248222,1.26099405687038,0.09475785740250159,1.85105691634074,0.14246586248704163,0.44869215225900233,0.8416721863484689,1.6789526919890059,-1.9126254768046171,0.3005821321561747,-1.1353669227187146,0.3074129321993847,1.204815628997896,-1.021666151670013,0.803050799734784,0.5597567326835771,4.6225954623998935e-4,0.5254108817658855,0.5505637638187719,-0.2362607282754412,-0.3998255711643784,-3.6943409909201046,-0.4196545571565069,-0.7782789677063622,0.3219690820972697,-0.802321323367125,2.347127382473156,0.23579506430513433,1.8587362230316564,0.5649228689918802
-1.9155197570836102,1.4018159200245763,0.7244278954912924,1.9163119163060542,2.854277629699132,-0.7451136768712068,5.223599105694691,-0.7492280428535592,-1.8004826017860942,3.476880134561466,3.1602572228733328,0.1517528363412654,2.2453040664542754,2.6294523303370356,-1.272994089958216,-2.5419052944738296,0.5114600547780874,-3.3771299198359523,-0.48380635870867916,-0.11026250011348095,-0.709684657495826,-1.9126254768046171,3.590208189186971,-0.8397726328699464,1.9486793434095,0.6904517097768272,-2.4094596143181937,2.047061766684141,-0.5049604793413534,-0.4883283850927884,-0.17015926165803044,-0.6605982647095939,-0.5937416845102882,1.1112997578830321,0.44798291277591584,7.556607036786439,0.3113020256272465,2.671918794940732,-0.8492365592942233,1.9512241702915127,-2.269026853931832,-0.837700954751074,-2.871225376490773,-0.38549794524574693
0.5699632450156523,-0.6522140514434562,0.1097155843093501,-0.44352192898522064,-0.8472749322406081,0.07747048367099288,-1.5728612909439792,0.3659836948325159,0.4128613740132753,-0.9057439148886093,-0.8702056028151,-0.27005688227629987,-0.7057111521872356,-0.532824428329059,0.421533310562793,0.5022236804514537,-0.2768470770957805,0.8697532506909996,0.03841825752755036,-0.2623474815370305,0.12132873934434779,0.3005821321561747,-0.8397726328699464,0.3644486214806826,-0.39048438503766775,-0.2769190133925007,0.6661070998839433,-0.37678074073870804,0.06958059921652204,0.01186386950042719,-0.12523821495807486,0.37656997668547715,0.35407399115577975,-0.38382937422946556,-0.20482816873745172,-1.880813084721272,0.16772377484206544,-0.6938743422897842,0.29639630714618476,-0.5881875052760314,0.3087630070571309,0.41555256117370176,0.46227432662021317,0.04525368080981722
-1.0457568051786112,0.7108709924780893,0.497190906437723,1.0950142425907203,1.5594203344290132,-0.451764087692496,2.8212872270315326,-0.36841921923061766,-0.9471941313511885,1.939838455451129,1.7097220082006903,-0.06077546689436681,1.161383133006943,1.5588283836321424,-0.6839501384543668,-1.5079917188164695,0.20143500615628357,-1.821118491640162,-0.2901094033699725,-0.15701092198635383,-0.4508049876187198,-1.1353669227187146,1.9486793434095,-0.39048438503766775,1.1600582106171808,0.39141317589273966,-1.3111497219464892,1.1952831501234888,-0.2858822482385464,-0.2972980075028025,-0.20870054849745306,-0.3090049423564695,-0.27164936113002924,0.6156411008516162,0.2074743800990177,4.234638351981596,0.26154059648043065,1.490777863873904,-0.41995202605456233,1.0303053147140138,-1.29015410961309,-0.471038668404251,-1.6616652255213105,-0.24160743628043987
-0.5451350803556535,0.45183920121872717,-0.021143905677762052,0.6578108133492486,0.2702481357669841,0.3852588298081941,1.7431797284894277,-0.2963184125169167,-0.10455850459847044,1.3348431078391614,0.6657887696601603,0.3999862251786524,0.5233429221080151,0.5037532618321764,-0.4422066195139631,-0.8569765972142563,0.4809454867941412,-0.6533926061679838,-0.344493817078738,0.25359004680161334,0.4003892972736853,0.3074129321993847,0.6904517097768272,-0.2769190133925007,0.39141317589273966,1.1801286979509467,-0.6211798647506137,0.6348599323518282,0.6169131087280695,0.26251215585635923,-0.34110875065962926,0.20599431490770143,0.32867409941737824,0.6877686337790359,-0.2496410301055019,2.1046435636675938,-0.19614380294802,1.5422704806854257,-0.2938762544743949,0.739236516632531,0.9831443098926528,-0.48302760346025203,-0.09176499192803508,0.33551237026671626
1.4405170205268234,-1.2886511273535421,-0.22405035577808313,-1.3010338085957251,-2.1002646144147725,0.3833610605358314,-3.821809016956323,0.6577342161610146,1.2037906600814392,-2.412228536469852,-2.28770404279907,-0.2435935911504183,-1.6088330103302677,-1.6944427568362483,0.9911717190229045,1.646978297184917,-0.4743750494170635,2.379423270752479,0.26146927972909056,-0.11083590990340682,0.5057275574753862,1.204815628997896,-2.4094596143181937,0.6661070998839433,-1.3111497219464892,-0.6211798647506137,1.7592740227178634,-1.2885704774623354,0.34910754034329405,0.2200887447623435,-0.004921811147340786,0.6483527994192897,0.5604178084784254,-0.8886723554157434,-0.44202733580546105,-5.277924997978206,-0.043001106629607724,-1.902529175216517,0.7271020844577083,-1.4496866552058276,1.3278108562468383,0.7808565924880873,1.7651991911425746,0.20221423025407909
-0.9975988908923572,0.43442822006927007,0.7186516853327322,1.246319121939127,1.3434045988705634,-0.39358122284906516,2.942214063681556,-0.28992323313784335,-0.9140196346912591,2.235240291211043,1.6209569326189137,-0.030814178300390314,1.2002013670544551,1.7115291338556877,-0.6522117814545076,-1.8040005926520275,0.21551230421015674,-1.7998975013029213,-0.4798639997716294,-0.23537523303012403,-0.2208235203865119,-1.021666151670013,2.047061766684141,-0.37678074073870804,1.1952831501234888,0.6348599323518282,-1.2885704774623354,1.4561387983538647,0.01156116873570203,-0.3075791907829233,-0.4621674181553725,0.019182057637962813,0.04166733045458798,0.6550888166150582,-0.11428310774027176,4.444593970407203,0.31399277293854505,1.8515009646392695,-0.28161651909401175,1.0940744368766007,-1.0517307969430965,-0.3926509777221349,-1.6944144873598088,-0.18653723108127337
0.27221634788574645,-0.38028714176301653,0.0180590479053619,-0.02195436832622864,-0.7831524955740361,0.40918474753443707,-0.31375139227884197,0.08229336946658991,0.4783238542994032,0.052823500401214175,-0.5508625353943453,0.20303561726622554,-0.2751839452945754,-0.24697542239080628,0.1385533766120962,-0.026526241091032104,0.1416155914997732,0.6124589216193173,-0.19097488830487128,0.18692781704049902,0.6193539501075488,0.803050799734784,-0.5049604793413534,0.06958059921652204,-0.2858822482385464,0.6169131087280695,0.34910754034329405,0.01156116873570203,0.7479311263321281,0.2684023083936014,-0.3452499609614489,0.5361091848796252,0.5462288514635283,0.11752865883330957,-0.5271142683610445,-0.7068250548849679,-0.16205724025919624,0.38876700704116396,0.22031842480945707,-0.09595043779265662,1.368328044510909,0.0028957390496369673,0.6500113592915491,0.32868961536785507
0.1684707903974724,0.1055480693159667,-0.3231215056688166,-0.16562095015969694,-0.32187426487899523,0.31901616489398454,-0.2887167785322444,-0.0758790617064088,0.32189204549324146,-0.3052418041121466,-0.28048402416191537,0.2430508769482008,-0.2630627369203114,-0.38547577501823166,0.062087759302623925,0.390477444592871,0.16462254068766802,0.43058760129144413,0.0706150958152379,0.30978189335361467,0.27426800744646745,0.5597567326835771,-0.4883283850927884,0.01186386950042719,-0.2972980075028025,0.26251215585635923,0.2200887447623435,-0.3075791907829233,0.2684023083936014,0.29996367605286894,0.07804194191029089,-0.0160957448881491,0.03739777408644025,0.054945126240124605,-0.019034354773849786,-0.7975233782672824,-0.28372299924426125,-0.08689412029641104,-0.07466705096216697,-0.1095076365458696,0.9062782154778926,-0.08944441032474998,0.6021514972800609,0.24360409312249148
0.0011548957629166057,0.4667266482043769,-0.49392704745168065,-0.2720262821793517,0.31824742108950277,-0.007174698416125658,-0.12535404676898057,-0.19415774575466416,-0.038297238675842483,-0.45923893275303523,0.08513568651361594,0.21201406407358378,0.029682340407247595,-0.34529183129571733,-0.047593734235374774,0.5881846424480187,0.07777131287880618,-0.00990526374106119,0.2819730139240986,0.2888090065394843,-0.19358238760896762,4.6225954623998935e-4,-0.17015926165803044,-0.12523821495807486,-0.20870054849745306,-0.34110875065962926,-0.004921811147340786,-0.4621674181553725,-0.3452499609614489,0.07804194191029089,0.5165739928280625,-0.5638871952749771,-0.5391493894121042,-0.10074263456481442,0.4455074687919385,-0.5378844689246176,-0.2954068975433255,-0.584951576805841,-0.22553012971012706,-0.0709656971381174,-0.19956002783221935,-0.10530510271658251,0.24846455622309982,-0.04367650257714934
0.4909274327658022,-1.064598618716281,0.47157000286661527,-0.2249492102563606,-1.2751878847875866,0.22312506845171373,-1.3383062876284928,0.516020625098627,0.42530441669634356,-0.38333574826084643,-0.9540603617830136,-0.28165200154175496,-0.5894091871705246,-0.41324736200107853,0.41243043047281314,-0.031793553481672135,-0.20808147986655604,0.8368309751736149,-0.25052369608368963,-0.43795790662930234,0.47374746137246343,0.5254108817658855,-0.6605982647095939,0.37656997668547715,-0.3090049423564695,0.20599431490770143,0.6483527994192897,0.019182057637962813,0.5361091848796252,-0.0160957448881491,-0.5638871952749771,1.0038280327933324,0.9484776969729914,-0.19654805989657834,-0.6728277331331582,-1.3729775307111622,0.37884674541410873,0.05396626526187791,0.4939267446493149,-0.39427746300496874,0.7591478123015452,0.49030405999554016,0.4169203770518594,0.1789892671728393
0.45413894313866454,-0.9417302914720717,0.3949308486259146,-0.175635074240417,-1.1980505242113184,0.2884844267134534,-1.178739412649902,0.4681570900861283,0.415264898241927,-0.29862733565826155,-0.8573416809715563,-0.21273523572987368,-0.5785274378040263,-0.3870801821189493,0.3594942867448724,-0.0446586093162743,-0.14528899519512334,0.7464440718805297,-0.2792868082558102,-0.4109668087616559,0.48195446436096573,0.5505637638187719,-0.5937416845102882,0.35407399115577975,-0.27164936113002924,0.32867409941737824,0.5604178084784254,0.04166733045458798,0.5462288514635283,0.03739777408644025,-0.5391493894121042,0.9484776969729914,0.9491094112179568,-0.140524452589305,-0.6235521565657381,-1.1842526586721764,0.31506694452168893,0.16016906845451767,0.3768572073405357,-0.3232233537469522,0.865037696874415,0.44651420570865485,0.4270576717494092,0.2373662718126701
-0.8169639194374566,0.7157340421434842,0.044983766302731175,0.7000677337072436,0.8763397973542701,0.004791316849964455,2.14240560291871,-0.40144081949583,-0.4595760643388132,1.3885255628920228,1.1469947425839242,0.24036522030382249,0.8217779398416946,0.772332746124315,-0.563350762904566,-0.8925514507649503,0.40882344991383923,-1.0941192908252788,-0.15745000381240823,0.2590965398803491,-0.030201976653521163,-0.2362607282754412,1.1112997578830321,-0.38382937422946556,0.6156411008516162,0.6877686337790359,-0.8886723554157434,0.6550888166150582,0.11752865883330957,0.054945126240124605,-0.10074263456481442,-0.19654805989657834,-0.140524452589305,0.6812128745150325,0.13169317992137522,2.775387497731893,-0.056868152932586555,1.3068883839863032,-0.388955782720819,0.8335594186787124,0.0030987632509386497,-0.5632536175185376,-0.6694069029877711,0.0873320816609578
-0.383817844153415,0.7153956471998357,-0.3014876963896066,0.0564103768721019,0.8180005196629674,-0.17727553414943115,0.7225739128809404,-0.28833375488329543,-0.35688497237196554,0.09335949916720981,0.6891922036629388,0.08753423119887702,0.334022808227431,0.1385337559829597,-0.26665497796006954,0.13378903770508138,0.13074284106138317,-0.5972273270095587,0.23089845072074408,0.20003474426633697,-0.42212634392623655,-0.3998255711643784,0.44798291277591584,-0.20482816873745172,0.2074743800990177,-0.2496410301055019,-0.44202733580546105,-0.11428310774027176,-0.5271142683610445,-0.019034354773849786,0.4455074687919385,-0.6728277331331582,-0.6235521565657381,0.13169317992137522,0.6133635764543843,0.868981729423903,-0.11407164914548679,-0.13322228509507886,-0.41463387441886357,0.24459825135567687,-0.6528350959218655,-0.26002841446534,-0.36951989652969336,-0.10368008397627138
-4.321811814754971,3.30684603741797,1.3564519864808602,4.251983616705251,6.072730714280523,-1.3102421029152858,11.72188847827638,-1.7865921898531745,-3.6173713477074063,7.827946146994579,6.8562404886859,0.4496545195509408,4.865212483639701,5.660695756541164,-2.9126616557805356,-5.65606731238796,1.3105711813624037,-7.177153729066949,-1.0713335499449785,0.05840720008415477,-1.3254258957994705,-3.6943409909201046,7.556607036786439,-1.880813084721272,4.234638351981596,2.1046435636675938,-5.277924997978206,4.444593970407203,-0.7068250548849679,-0.7975233782672824,-0.5378844689246176,-1.3729775307111622,-1.1842526586721764,2.775387497731893,0.868981729423903,16.640115208346682,0.4923200688621831,6.290272075735409,-1.8915779781124624,4.38483686349901,-3.942337075327025,-2.213456739902859,-5.828426604738466,-0.6096013872811405
-0.08262438381863718,-0.45329039236797,0.5613840702540193,0.11338503345767821,-0.10754544217908138,-0.26054847812403853,-0.14634989361088463,0.27667478165588993,-0.22252081614710062,0.1418909232811726,0.06592587703385235,-0.4449421836010475,-0.003951237228592227,0.26642673534356326,0.07183954476176596,-0.40859108634360064,-0.2229313130374666,-0.18116893218024124,-0.11862616452111598,-0.5031056401506451,-0.17985851596948094,-0.4196545571565069,0.3113020256272465,0.16772377484206544,0.26154059648043065,-0.19614380294802,-0.043001106629607724,0.31399277293854505,-0.16205724025919624,-0.28372299924426125,-0.2954068975433255,0.37884674541410873,0.31506694452168893,-0.056868152932586555,-0.11407164914548679,0.4923200688621831,0.5451652342771197,0.1538153746426312,0.16675705604820173,-0.0014720220090026017,-0.6679892013009993,0.2605881702185766,-0.6046653453798754,-0.1445532446852859
-1.6256192269732892,1.0102524201952845,0.5658128103812934,1.725981574943601,1.6820267972059892,-0.06777538451674724,4.524926584913751,-0.6059523351612314,-1.110635376349753,3.2926723713801542,2.3393149321972215,0.35134896833811186,1.7657890545594455,1.9717431827361414,-1.1058661216386214,-2.3999699551554436,0.6993185976924978,-2.473290544131194,-0.6484228051492346,0.07319425562047015,0.02378757832229801,-0.7782789677063622,2.671918794940732,-0.6938743422897842,1.490777863873904,1.5422704806854257,-1.902529175216517,1.8515009646392695,0.38876700704116396,-0.08689412029641104,-0.584951576805841,0.05396626526187791,0.16016906845451767,1.3068883839863032,-0.13322228509507886,6.290272075735409,0.1538153746426312,3.1155430904822494,-0.6206304473791059,1.8113454050798838,-0.3374656389979968,-0.8844546549284777,-1.7539130167806385,0.09106396108107488
0.5692914965584893,-0.8059529002875103,0.2086017063342174,-0.4236668525584787,-0.9165086378758754,0.014871303114916041,-1.5081299800955241,0.37165695826246875,0.44296057230411995,-0.7552320355380279,-0.9842613745722383,-0.26556967711530177,-0.5468295209216094,-0.4634185770813002,0.43019360852766486,0.3318077106246964,-0.3202431507669528,0.9291932764429974,0.001896062015957807,-0.21755491679745914,0.2083865862974365,0.3219690820972697,-0.8492365592942233,0.29639630714618476,-0.41995202605456233,-0.2938762544743949,0.7271020844577083,-0.28161651909401175,0.22031842480945707,-0.07466705096216697,-0.22553012971012706,0.4939267446493149,0.3768572073405357,-0.388955782720819,-0.41463387441886357,-1.8915779781124624,0.16675705604820173,-0.6206304473791059,0.5372551427343708,-0.5790888430184404,0.2802931259824613,0.3734026071762009,0.5033956253812839,-0.04273278340090429
-1.2361990251148602,1.053744015155879,0.1534913876437978,1.1041853617262543,1.5858054618683766,-0.17225463997794135,3.2641650960394113,-0.5550304603517995,-0.9491573468275256,2.102793349066405,1.8479045292786453,0.3024004865519095,1.3741575184777624,1.3095231892327583,-0.8472797502886371,-1.4263039122178607,0.4845775932267062,-1.9310656943671332,-0.2659297153105216,0.14879959664209336,-0.25352273724644503,-0.802321323367125,1.9512241702915127,-0.5881875052760314,1.0303053147140138,0.739236516632531,-1.4496866552058276,1.0940744368766007,-0.09595043779265662,-0.1095076365458696,-0.0709656971381174,-0.39427746300496874,-0.3232233537469522,0.8335594186787124,0.24459825135567687,4.38483686349901,-0.0014720220090026017,1.8113454050798838,-0.5790888430184404,1.2909949495439432,-0.7584743890593485,-0.6971425101513621,-1.2846116896174011,-0.07700492620884376
1.0056682620838,-0.579373175691157,-0.7152740394758608,-0.826900789766367,-2.1674456332390055,1.1904373321298753,-2.17597217702512,0.17042527106289299,1.5159645041052272,-1.3230906143725758,-1.8380933798336259,0.5518697481885555,-1.3153754028005646,-1.6544071027517582,0.5499030811430284,1.272561091301821,0.32741200054866026,2.216444991384259,0.03283419694804938,0.7280005232306805,1.2887394065283928,2.347127382473156,-2.269026853931832,0.3087630070571309,-1.29015410961309,0.9831443098926528,1.3278108562468383,-1.0517307969430965,1.368328044510909,0.9062782154778926,-0.19956002783221935,0.7591478123015452,0.865037696874415,0.0030987632509386497,-0.6528350959218655,-3.942337075327025,-0.6679892013009993,-0.3374656389979968,0.2802931259824613,-0.7584743890593485,3.6456078295745136,0.05473329787638064,2.432608976774949,0.9149304316979985
0.7200300654553072,-0.9054843459769558,0.22308468458080025,-0.5299194616404076,-0.990860569480466,0.006575358186778094,-1.9230348579492398,0.49302780179826594,0.35473569503844704,-1.075467707399434,-1.0166249603934212,-0.3032774345473272,-0.7668243910471167,-0.6100713329270218,0.5395337872738595,0.5873925835263252,-0.3641469535859826,0.923729220389374,0.0054359572515693235,-0.42100331054111706,0.12852202180987182,0.23579506430513433,-0.837700954751074,0.41555256117370176,-0.471038668404251,-0.48302760346025203,0.7808565924880873,-0.3926509777221349,0.0028957390496369673,-0.08944441032474998,-0.10530510271658251,0.49030405999554016,0.44651420570865485,-0.5632536175185376,-0.26002841446534,-2.213456739902859,0.2605881702185766,-0.8844546549284777,0.3734026071762009,-0.6971425101513621,0.05473329787638064,0.6608481654579103,0.40124450549437213,-0.004988692745438006
1.3715174220077857,-0.7081436767677753,-0.9918307005663828,-1.4684701916468208,-2.206997649667892,0.9306902678274052,-3.6529663426710743,0.3787420498194653,1.4775282966828378,-2.5254019123701834,-2.4096700159509545,0.30010365396072114,-1.5731771439004618,-2.3033370627993044,0.8281812719717764,2.0607296665043524,-0.12188390021631208,2.56703524763363,0.35915943360554486,0.3915422130057511,0.7919329281447566,1.8587362230316564,-2.871225376490773,0.46227432662021317,-1.6616652255213105,-0.09176499192803508,1.7651991911425746,-1.6944144873598088,0.6500113592915491,0.6021514972800609,0.24846455622309982,0.4169203770518594,0.4270576717494092,-0.6694069029877711,-0.36951989652969336,-5.828426604738466,-0.6046653453798754,-1.7539130167806385,0.5033956253812839,-1.2846116896174011,2.432608976774949,0.40124450549437213,2.7592263495298788,0.4771298000761981
0.15215513036687894,-0.06451048523291007,-0.15948914020484384,-0.12134774683248778,-0.4497808419824735,0.310912691569047,-0.29776222552589177,0.01177153391670358,0.29099830533636323,-0.1799615008470795,-0.2778026001836938,0.17221931705662466,-0.2601757342813779,-0.3384558950438646,0.07368977066411087,0.24017313462653514,0.1548598695367761,0.3857555214729297,-0.020333304417060445,0.1858351254143923,0.31859983462194785,0.5649228689918802,-0.38549794524574693,0.04525368080981722,-0.24160743628043987,0.33551237026671626,0.20221423025407909,-0.18653723108127337,0.32868961536785507,0.24360409312249148,-0.04367650257714934,0.1789892671728393,0.2373662718126701,0.0873320816609578,-0.10368008397627138,-0.6096013872811405,-0.1445532446852859,0.09106396108107488,-0.04273278340090429,-0.07700492620884376,0.9149304316979985,-0.004988692745438006,0.4771298000761981,0.2790795786510361
