V1,V2,V3,V4,V5,V6,V7,V8,V9,V10,V11,V12,V13,V14,V15,V16,V17,V18,V19,V20,V21,V22,V23,V24,V25,V26,V27,V28,V29,V30,V31,V32,V33,V34,V35,V36,V37,V38,V39,V40,V41,V42,V43,V44
14.430554304477367,-10.128719358095772,-12.929186168422861,16.97920333495779,20.501019128277257,-5.08242843242851,17.98808616125592,-33.73141291363006,-27.17780637853203,20.20701774996918,-0.030143291999206786,-19.14996771332659,-2.1816105722766,21.278442398765755,22.534990304547136,38.07973950572489,0.4586504720194857,9.385490311480208,-1.5131680433285857,-17.29746387395104,5.150890458219314,-9.325646895102517,24.745721576380472,1.341658240301274,-19.14206728594554,10.52386826052469,-10.261126012023821,8.34508846832956,-0.4534666859695008,-20.085525672779603,-25.390912232041003,2.218096806434894,-25.581945222385656,-3.182078691602308,17.91540480082979,6.289308240907102,-17.990346521684362,2.4474553079843253,-5.271192844351156,16.82561126776162,14.797110081773555,-17.18587232685754,8.766934034910566,-19.975281776141095
-10.128719358095772,7.678652839225198,8.840472511368137,-11.718617554797767,-14.218270948273542,3.7287575322451922,-12.970577726095001,22.815170889551165,18.644610532534553,-13.628381488680205,0.14383213488098126,13.56144662560917,0.8304424603855551,-13.956335716586274,-15.54736598972344,-25.941103595017417,-0.1575217198568653,-6.570749780240735,0.901638845328123,11.248448032276434,-2.7531526031108915,5.935482305485669,-17.163247097850466,-1.6226794690343724,12.884647427105545,-6.581273016357312,6.948086364785659,-5.815749228842224,0.7024910014324424,13.053416153294727,17.364087400815766,-1.7723504361753035,17.07116143520076,2.3859876626687724,-12.382224926553082,-3.9704963341512602,11.611189631709008,-1.137979649533464,4.138716591732115,-11.674203043626832,-10.238958426483215,11.647701054566042,-6.194461547109134,13.59846781495472
-12.929186168422861,8.840472511368137,11.96024169127951,-15.598738450910178,-18.916213528073477,4.342180449612932,-16.07912956825476,31.281838411685424,24.927818099131105,-18.71179308886117,-0.10361085821379304,17.214367593620636,2.4352459320175757,-19.75826987844543,-20.49799631669223,-35.1986057578311,-0.5150740399506452,-8.632676544045042,1.489142624876899,16.4167004832796,-5.1861777610452755,8.629748912717318,-22.450299405633437,-0.6446204526060659,17.714046735065946,-10.268330687239176,9.484715363475836,-7.859835683775657,0.34024904810242784,18.914911673641843,23.36211173476445,-1.8174580197375834,23.925373720416694,2.6063409694787736,-16.427953897176916,-6.080028674150853,16.86825607227451,-2.666676013768845,4.530363966699356,-15.340591034980749,-13.723234416200324,15.829263609824405,-7.98671123100563,18.490528340278082
16.97920333495779,-11.718617554797767,-15.598738450910178,20.412530815293962,24.743025002428777,-5.771530268539463,21.185192158308716,-40.73333444320719,-32.591056773946185,24.39265754561335,0.08850821327347114,-22.596332796766045,-3.000957884847233,25.634290492244183,26.851316484211097,45.884296994595736,0.6064636268462451,11.315912252815565,-1.8395303028037266,-21.23824881581141,6.607677120311333,-11.203793126275736,29.37780543844042,1.0740504874262926,-23.041842140067757,13.222185986095363,-12.381534202249789,10.233852375905885,-0.5223835067011832,-24.456387860788666,-30.447495255443147,2.4314591591605637,-31.064115073309306,-3.4401879331888687,21.453665555804584,7.793213972386539,-21.80941185492353,3.3453314551792337,-6.034844425953215,20.098798625128815,17.912088685519812,-20.625499581925187,10.47578197996168,-24.09390558171637
20.501019128277257,-14.218270948273542,-18.916213528073477,24.743025002428777,30.0593429523269,-6.942474052036853,25.66872019169649,-49.35711267719557,-39.46195349711429,29.527080985264675,0.12163519880996387,-27.338748777584144,-3.6010426356105287,30.933931358762905,32.47596743068944,55.6084341673687,0.7163531432407706,13.76510304423086,-2.2070571076235166,-25.729797398032005,7.962708148119257,-13.47041261719462,35.52790003345391,1.2930948920704226,-27.880833491071574,16.060925126805774,-14.995373127198523,12.493998787563056,-0.7242668738714672,-29.566619399560377,-36.85687770368437,2.9349756281104034,-37.63624102655645,-4.089379739969625,25.99545829549149,9.446599959088545,-26.320301862497317,4.051670797221477,-7.339993866028985,24.346331575790344,21.76826337059305,-24.94735445123349,12.718505693349863,-29.20200082284309
-5.08242843242851,3.7287575322451922,4.342180449612932,-5.771530268539463,-6.942474052036853,1.9594668542718803,-6.385218514842102,11.249433468659031,9.236523896258234,-6.720731115936447,0.0989496800382012,6.7390236258348715,0.43383659537115793,-7.041958124980958,-7.789386285646573,-12.799904484498652,-0.07234453356270135,-3.2245463825257947,0.40017940554542547,5.463493786162737,-1.4553200795716537,3.1293836601303044,-8.563003824905744,-0.8841855375708811,6.393949815968483,-3.185629790841494,3.444304387471274,-2.7073273448692716,0.2231654611950363,6.462749651564753,8.549077167977119,-0.8911086583460776,8.372207702637604,1.2660851874634098,-6.074140847401081,-1.9262485308571666,5.837110740811545,-0.5619654593866241,2.0147222920218324,-5.8170684306309015,-4.938752752647157,5.750608026994332,-3.0318343631699824,6.674405024235617
17.98808616125592,-12.970577726095001,-16.07912956825476,21.185192158308716,25.66872019169649,-6.385218514842102,22.6964822461786,-41.770342097939036,-33.79357510197518,25.007738402122015,-0.08578381745666498,-23.97324986722,-2.348106079083268,25.98369605656272,28.027939478399322,47.258216543822954,0.45793525742311897,11.802506919934206,-1.7489908644583503,-21.199930785542257,5.987121771113464,-11.259123011941835,30.779877014314085,2.0145671827110045,-23.61945553772547,12.819416217265594,-12.721792908701712,10.517808766691934,-0.859380290226682,-24.516642544148503,-31.484919547471637,2.8569049655632157,-31.551734764962994,-3.9409973358521664,22.314133328063388,7.6217648513234355,-21.86536943366723,2.788912328333883,-6.829851039239894,20.993873969606103,18.515432252295195,-21.253403043385852,11.020590159512185,-24.789543237965102
-33.73141291363006,22.815170889551165,31.281838411685424,-40.73333444320719,-49.35711267719557,11.249433468659031,-41.770342097939036,81.96063609892215,65.17813366662595,-49.036662352693824,-0.32210878806432014,44.851085491259006,6.670559631897024,-52.00358600540589,-53.55278287189622,-92.12510254697717,-1.4397523983691385,-22.479458358127722,4.014471300001667,43.23049566865331,-13.884898206762738,22.77299560272837,-58.65918260013596,-1.3583868772439576,46.46358467495666,-27.11309487439097,24.830649763410275,-20.505031182924515,0.6927950182214708,49.83626440786566,61.167896933081614,-4.658937690436433,62.805671983998344,6.779567302463325,-42.94188367756463,-16.083622036371224,44.48840030209434,-7.191757482219067,11.62194896765733,-40.036068379735816,-35.83589741261802,41.48892644497942,-20.79721644734115,48.4085192555418
-27.17780637853203,18.644610532534553,24.927818099131105,-32.591056773946185,-39.46195349711429,9.236523896258234,-33.79357510197518,65.17813366662595,52.14080663562769,-39.07491600768553,-0.13646706272994286,36.10700040172208,4.913384037583077,-41.16292677606215,-42.95845471821057,-73.37833763739992,-1.0127792352205853,-18.03410117280977,2.989293728211269,34.03350209535419,-10.65368354691299,18.04132274746163,-47.03582109494896,-1.6290491187468037,36.92664818117862,-21.154611029511837,19.805763865463856,-16.28919713768963,0.7404676605200591,39.25118944429594,48.72602800676872,-3.8894549382576415,49.732484664389126,5.544021270237118,-34.30789688130546,-12.502692548580534,35.0475624163038,-5.393587701182185,9.565365875684,-32.11083096347124,-28.573347383232626,33.06094193892867,-16.70541913949472,38.53241744201542
20.20701774996918,-13.628381488680205,-18.71179308886117,24.39265754561335,29.527080985264675,-6.720731115936447,25.007738402122015,-49.036662352693824,-39.07491600768553,29.447387658280586,0.17973988901494556,-26.814371991528432,-4.0333176249014935,31.103014656016928,32.08482446986679,55.09626936341188,0.8505525701228274,13.449723957987285,-2.3434391670022547,-25.89609604044625,8.3208294003003,-13.64513748397081,35.1175277376644,0.784345191547512,-27.799180757457037,16.215882091184696,-14.884946341856475,12.260975895372525,-0.43188491357185055,-29.80198766406748,-36.57006186705026,2.7810394473237725,-37.562964920343845,-3.995341835392369,25.695683779756738,9.566688527366109,-26.60204765188981,4.3273947417707435,-6.903144616445239,23.95858170089275,21.43725158251246,-24.882182916477753,12.438916654560883,-28.962050049495716
-0.030143291999206786,0.14383213488098126,-0.10361085821379304,0.08850821327347114,0.12163519880996387,0.0989496800382012,-0.08578381745666498,-0.32210878806432014,-0.13646706272994286,0.17973988901494556,0.0670274222516049,0.03601921704573437,-0.20699132483365704,0.27510227966616224,0.05558999871556092,0.31182426019409654,0.0568329013210856,0.033843578200686265,-0.08387052192153732,-0.3427638704669546,0.2483507552620584,-0.11479195310276132,0.041348306428286546,-0.24586450165360269,-0.1839825305140117,0.30593719598122415,-0.08522876759500486,0.10278228973887527,0.07089214858463147,-0.3548463431452255,-0.19239988993030616,-0.07493227308777035,-0.344959441631102,0.0760375946134195,0.09827361384796912,0.17264783274824586,-0.30151653487781976,0.18548425175668626,0.11114511411286811,0.04253919395773391,0.12223314350660582,-0.1414548553055063,0.00704896308131739,-0.1792466977220673
-19.14996771332659,13.56144662560917,17.214367593620636,-22.596332796766045,-27.338748777584144,6.7390236258348715,-23.97324986722,44.851085491259006,36.10700040172208,-26.814371991528432,0.03601921704573437,25.49282837315504,2.815033828697057,-28.166341955848175,-29.921711331592874,-50.665779881011524,-0.593481701942508,-12.529350578517617,2.0161757355381305,22.95860633842856,-6.7336788575100845,12.270394876085396,-32.875390601134505,-1.8321512772702078,25.424763940182732,-13.981574679963847,13.625425823475341,-11.189967903080026,0.698675692723012,26.635997862887763,33.77168469634759,-2.9637107072092155,34.0082198871794,4.2196828687933,-23.842152198122115,-8.370199154799337,23.808842389111295,-3.211011158424263,7.097802041378926,-22.3831843663428,-19.747049457483143,22.80318539322206,-11.697031558417622,26.57620017053255
-2.1816105722766,0.8304424603855551,2.4352459320175757,-3.000957884847233,-3.6010426356105287,0.43383659537115793,-2.348106079083268,6.670559631897024,4.913384037583077,-4.0333176249014935,-0.20699132483365704,2.815033828697057,1.3672488488431411,-4.671267713086942,-3.8437959802523713,-7.253111594822731,-0.3297154132721852,-1.5485214835489431,0.539632074578823,4.172385993780493,-1.9778400918385226,2.1572617076508176,-4.138736143113881,0.8969372218997493,3.8431888560423006,-2.947804036539785,1.9861358569692422,-1.5843691984211627,-0.3559506146295676,4.7470394572897705,4.753395863672002,-0.014551764559012442,5.460074013211515,0.19093378038772646,-3.1770906284448936,-1.7227113245853691,4.26254428382856,-1.2574517372689873,0.23094083684751898,-2.8175431044398183,-2.705295041306515,3.3362620343728304,-1.3619423684335081,3.8507032301298945
21.278442398765755,-13.956335716586274,-19.75826987844543,25.634290492244183,30.933931358762905,-7.041958124980958,25.98369605656272,-52.00358600540589,-41.16292677606215,31.103014656016928,0.27510227966616224,-28.166341955848175,-4.671267713086942,33.535131504493336,33.840579387224565,58.337032416163126,1.072228492909659,14.01709412317906,-2.7550727152909924,-27.722700821049024,9.310700593119106,-14.835734494948785,37.07093494432897,0.4410361122006685,-29.620464386616046,17.453590418829187,-15.730818843549999,12.755202744745313,-0.009430913532340527,-32.12903624133856,-38.815464843962864,2.828341142756412,-40.042746606111876,-4.37882249096649,27.10106158526991,10.44583536993852,-28.800289957278576,4.8525397008591575,-7.015855826072282,25.207060362969553,22.48055047162104,-26.364267761110032,12.974033480917466,-30.658177347917107
22.534990304547136,-15.54736598972344,-20.49799631669223,26.851316484211097,32.47596743068944,-7.789386285646573,28.027939478399322,-53.55278287189622,-42.95845471821057,32.08482446986679,0.05558999871556092,-29.921711331592874,-3.8437959802523713,33.840579387224565,35.508754441974716,60.36314001993452,0.7826237655434075,14.871334412587954,-2.394609427409718,-27.758932691888187,8.60506462594002,-14.880224957602389,38.872819492208656,1.6510000585856965,-30.362660593604744,17.155407119558983,-16.29197899619668,13.29928482948846,-0.6131364109964814,-32.11731989092865,-40.108949135424865,3.300561718982386,-40.76232294818089,-4.730175552509457,28.255187162986367,10.16221362095395,-28.725213928823994,4.2602946878971,-8.031567277871968,26.53299348972822,23.45717275915676,-27.180674388712838,13.78946055084361,-31.66825719786788
38.07973950572489,-25.941103595017417,-35.1986057578311,45.884296994595736,55.6084341673687,-12.799904484498652,47.258216543822954,-92.12510254697717,-73.37833763739992,55.09626936341188,0.31182426019409654,-50.665779881011524,-7.253111594822731,58.337032416163126,60.36314001993452,103.64466111719452,1.5532176521797678,25.36828157637959,-4.433193309895498,-48.381926597527645,15.366783506109554,-25.525587155179814,66.12380121756695,1.8459950569369474,-52.21560407926585,30.25513954623842,-27.92398795866385,23.064353755843847,-0.8929665368391327,-55.81518474255849,-68.81750881791261,5.346741655916363,-70.49240225870356,-7.7341228789714584,48.355755747731784,17.95281727064204,-49.81604864927829,7.89169567882684,-13.282453299731161,45.150017522034446,40.3387591069097,-46.63097169941825,23.472180467189393,-54.43924413338613
0.4586504720194857,-0.1575217198568653,-0.5150740399506452,0.6064636268462451,0.7163531432407706,-0.07234453356270135,0.45793525742311897,-1.4397523983691385,-1.0127792352205853,0.8505525701228274,0.0568329013210856,-0.593481701942508,-0.3297154132721852,1.072228492909659,0.7826237655434075,1.5532176521797678,0.10789206349844227,0.2851323218360175,-0.19384950780180527,-0.9454017256860283,0.43834456491445895,-0.4725271808193675,0.883169578628347,-0.2504736271029258,-0.8563619597023205,0.6452188824668659,-0.40819337674200756,0.33236455591653374,0.11818034893218192,-1.1051167179172605,-1.0639473729508635,0.005927075285144958,-1.2187252352633247,-0.08788574269065122,0.6888629827063558,0.4235873397678453,-0.9977210872347159,0.2796483997805035,-0.032755515207455434,0.5631614557292238,0.5641296993446862,-0.7354652895430162,0.2686970787865916,-0.8350865983242693
9.385490311480208,-6.570749780240735,-8.632676544045042,11.315912252815565,13.76510304423086,-3.2245463825257947,11.802506919934206,-22.479458358127722,-18.03410117280977,13.449723957987285,0.033843578200686265,-12.529350578517617,-1.5485214835489431,14.01709412317906,14.871334412587954,25.36828157637959,0.2851323218360175,6.341938023409769,-0.9276400933888346,-11.62089175018246,3.546079202636702,-6.112584585526092,16.24412114621128,0.7255616422208846,-12.686699809991978,7.240586442853484,-6.846287855896022,5.7015616834675376,-0.3894138481004858,-13.357496892624981,-16.778588035055908,1.3697114256114744,-17.086067095737743,-1.868673149839457,11.861283082316026,4.235581393974572,-11.880052987180395,1.782372588097382,-3.423032481071571,11.163751029068605,9.939978792203071,-11.346856373558952,5.833675205376797,-13.3037170978513
-1.5131680433285857,0.901638845328123,1.489142624876899,-1.8395303028037266,-2.2070571076235166,0.40017940554542547,-1.7489908644583503,4.014471300001667,2.989293728211269,-2.3434391670022547,-0.08387052192153732,2.0161757355381305,0.539632074578823,-2.7550727152909924,-2.394609427409718,-4.433193309895498,-0.19384950780180527,-0.9276400933888346,0.44409667855193985,2.347507978107236,-0.8410351039480357,1.1488531701100309,-2.721725171373334,0.2544890816585682,2.339845658998614,-1.4887400566222122,1.1551198186339477,-0.9877838921006108,-0.12576475771128087,2.7561407849071533,3.059357391546786,-0.1629915767721385,3.2409536631154654,0.38121648034086164,-2.0595495645558066,-0.9979640512505594,2.4679487056282343,-0.4809458763330492,0.41377810433936923,-1.7647284889789834,-1.6885376493368773,2.055075555417563,-0.9029696169555539,2.3660869773217548
-17.29746387395104,11.248448032276434,16.4167004832796,-21.23824881581141,-25.729797398032005,5.463493786162737,-21.199930785542257,43.23049566865331,34.03350209535419,-25.89609604044625,-0.3427638704669546,22.95860633842856,4.172385993780493,-27.722700821049024,-27.758932691888187,-48.381926597527645,-0.9454017256860283,-11.62089175018246,2.347507978107236,23.424618987627184,-7.9667166568880345,12.132607380561957,-30.363846314193278,0.15531289242638247,24.540661974868865,-14.947625422788382,13.06187201946297,-10.842835885764504,0.07449294299535661,26.863073695444523,32.124216823153716,-2.1451290677498496,33.46368792479356,3.253104635472989,-22.426592775466467,-8.853517176386738,23.93988051332729,-4.334229683117648,5.568843426105546,-20.716467737873444,-18.80027289507042,21.858723706210466,-10.70805354403984,25.49040297343242
5.150890458219314,-2.7531526031108915,-5.1861777610452755,6.607677120311333,7.962708148119257,-1.4553200795716537,5.987121771113464,-13.884898206762738,-10.65368354691299,8.3208294003003,0.2483507552620584,-6.7336788575100845,-1.9778400918385226,9.310700593119106,8.60506462594002,15.366783506109554,0.43834456491445895,3.546079202636702,-0.8410351039480357,-7.9667166568880345,3.345960536750711,-4.269440592459686,9.276511013110554,-0.75661394799191,-7.915443000820436,5.391898445264168,-4.197640388620323,3.323518009107126,0.3688163922488458,-9.1320131548033,-10.08861113353995,0.3878676432360191,-10.974572413732254,-0.7651945188929612,6.916640987409425,3.1267803082209182,-8.211574405616641,1.9340045774939345,-1.209370982041793,6.3789965163768105,5.826289356077361,-6.947315843858408,3.180150858001791,-8.09654441926284
-9.325646895102517,5.935482305485669,8.629748912717318,-11.203793126275736,-13.47041261719462,3.1293836601303044,-11.259123011941835,22.77299560272837,18.04132274746163,-13.64513748397081,-0.11479195310276132,12.270394876085396,2.1572617076508176,-14.835734494948785,-14.880224957602389,-25.525587155179814,-0.4725271808193675,-6.112584585526092,1.1488531701100309,12.132607380561957,-4.269440592459686,6.710854912822446,-16.23829046031187,-0.1541470067430249,12.991536300873362,-7.685379936592096,6.91010958526838,-5.4460179352431926,-0.1213479647457172,14.124506052771865,16.924336282357583,-1.210587519112346,17.51483996412755,1.9058536747039736,-11.798276731513065,-4.563252917154717,12.746786856507144,-2.211606560034944,2.954715109735069,-11.051316472549338,-9.733581661385028,11.54509453903434,-5.6372370790667725,13.387354751950816
24.745721576380472,-17.163247097850466,-22.450299405633437,29.37780543844042,35.52790003345391,-8.563003824905744,30.779877014314085,-58.65918260013596,-47.03582109494896,35.1175277376644,0.041348306428286546,-32.875390601134505,-4.138736143113881,37.07093494432897,38.872819492208656,66.12380121756695,0.883169578628347,16.24412114621128,-2.721725171373334,-30.363846314193278,9.276511013110554,-16.23829046031187,42.67060089556876,1.854788594382174,-33.286215306853514,18.67408380017886,-17.808706483044983,14.574861307588979,-0.7000636771965674,-35.19073426161165,-44.01917129146091,3.6838286302891188,-44.64705281525741,-5.300867949280898,31.005973671465,11.1471718260901,-31.479581829159283,4.563936366626214,-8.875922222097529,29.04131507519706,25.697670253698895,-29.81377313064407,15.117442820033647,-34.700962496800194
1.341658240301274,-1.6226794690343724,-0.6446204526060659,1.0740504874262926,1.2930948920704226,-0.8841855375708811,2.0145671827110045,-1.3583868772439576,-1.6290491187468037,0.784345191547512,-0.24586450165360269,-1.8321512772702078,0.8969372218997493,0.4410361122006685,1.6510000585856965,1.8459950569369474,-0.2504736271029258,0.7255616422208846,0.2544890816585682,0.15531289242638247,-0.75661394799191,-0.1541470067430249,1.854788594382174,1.360422589455052,-0.7339752584510938,-0.5270224759146257,-0.4805002137603615,0.3233227089128768,-0.43074613016110247,0.015868497515419713,-1.2917799817444313,0.5446504736474809,-0.5761967075812819,-0.6271378007109112,1.092129347942188,-0.2854104405522854,-0.007655773642277954,-0.717016038419545,-1.0686263275803474,1.2754059781717553,0.7767315692813666,-0.7508104963512903,0.7393140064293148,-0.8936894328590377
-19.14206728594554,12.884647427105545,17.714046735065946,-23.041842140067757,-27.880833491071574,6.393949815968483,-23.61945553772547,46.46358467495666,36.92664818117862,-27.799180757457037,-0.1839825305140117,25.424763940182732,3.8431888560423006,-29.620464386616046,-30.362660593604744,-52.21560407926585,-0.8563619597023205,-12.686699809991978,2.339845658998614,24.540661974868865,-7.915443000820436,12.991536300873362,-33.286215306853514,-0.7339752584510938,26.40039997072488,-15.354847650877407,14.065789081510877,-11.557457299172151,0.29874974163301604,28.36780733768265,34.723071771481344,-2.648567133955219,35.6434781610333,3.9273565626814886,-24.339556290227872,-9.163787188619104,25.349409257508434,-4.093404240578388,6.55631878946702,-22.670022693101316,-20.25128514113381,23.551274138709644,-11.746336539173468,27.43752459576662
10.52386826052469,-6.581273016357312,-10.268330687239176,13.222185986095363,16.060925126805774,-3.185629790841494,12.819416217265594,-27.11309487439097,-21.154611029511837,16.215882091184696,0.30593719598122415,-13.981574679963847,-2.947804036539785,17.453590418829187,17.155407119558983,30.25513954623842,0.6452188824668659,7.240586442853484,-1.4887400566222122,-14.947625422788382,5.391898445264168,-7.685379936592096,18.67408380017886,-0.5270224759146257,-15.354847650877407,9.778785404531531,-8.186185330791705,6.825236681129291,0.06851412071863898,-17.05811470970039,-19.970004002618285,1.1442690395134782,-21.114263634321222,-1.7735709502423989,13.89265925715809,5.72215808267407,-15.182707017304544,3.044863583187545,-3.1908971409306806,12.826132525339906,11.753495184091094,-13.605201255740988,6.600840388078725,-15.941859830056872
-10.261126012023821,6.948086364785659,9.484715363475836,-12.381534202249789,-14.995373127198523,3.444304387471274,-12.721792908701712,24.830649763410275,19.805763865463856,-14.884946341856475,-0.08522876759500486,13.625425823475341,1.9861358569692422,-15.730818843549999,-16.29197899619668,-27.92398795866385,-0.40819337674200756,-6.846287855896022,1.1551198186339477,13.06187201946297,-4.197640388620323,6.91010958526838,-17.808706483044983,-0.4805002137603615,14.065789081510877,-8.186185330791705,7.547552182705827,-6.2022349519245035,0.22521377546780744,15.042301424422696,18.520272743564377,-1.41597032582886,18.996486862989,2.0410975442018446,-13.01920246807929,-4.819979263930749,13.426057031610975,-2.1586696609511273,3.5419634304459873,-12.178154660617206,-10.866764287172549,12.57447860883089,-6.318780686252946,14.667181515639067
8.34508846832956,-5.815749228842224,-7.859835683775657,10.233852375905885,12.493998787563056,-2.7073273448692716,10.517808766691934,-20.505031182924515,-16.28919713768963,12.260975895372525,0.10278228973887527,-11.189967903080026,-1.5843691984211627,12.755202744745313,13.29928482948846,23.064353755843847,0.33236455591653374,5.7015616834675376,-0.9877838921006108,-10.842835885764504,3.323518009107126,-5.4460179352431926,14.574861307588979,0.3233227089128768,-11.557457299172151,6.825236681129291,-6.2022349519245035,5.3341939776593374,-0.36692589321912084,-12.350587799508599,-15.288812543538766,1.1569673559746811,-15.722556525825297,-1.568269119637316,10.780176812351021,4.015529915123705,-10.915716747306147,1.7735512734112875,-2.9829266954641667,9.996822142708615,9.114723229666003,-10.344677001243868,5.259450204135772,-12.146083350325902
-0.4534666859695008,0.7024910014324424,0.34024904810242784,-0.5223835067011832,-0.7242668738714672,0.2231654611950363,-0.859380290226682,0.6927950182214708,0.7404676605200591,-0.43188491357185055,0.07089214858463147,0.698675692723012,-0.3559506146295676,-0.009430913532340527,-0.6131364109964814,-0.8929665368391327,0.11818034893218192,-0.3894138481004858,-0.12576475771128087,0.07449294299535661,0.3688163922488458,-0.1213479647457172,-0.7000636771965674,-0.43074613016110247,0.29874974163301604,0.06851412071863898,0.22521377546780744,-0.36692589321912084,0.37471594481234916,-0.017600647103634397,0.5527438638087441,-0.19574967243620459,0.35226797546387373,0.061023541883345106,-0.5174531186639382,0.09196807399036652,-0.09971958531123214,0.23995223436143356,0.44210426784383616,-0.5233022941806533,-0.5071397607375828,0.3510166400544352,-0.3715540059105104,0.4650672771020722
-20.085525672779603,13.053416153294727,18.914911673641843,-24.456387860788666,-29.566619399560377,6.462749651564753,-24.516642544148503,49.83626440786566,39.25118944429594,-29.80198766406748,-0.3548463431452255,26.635997862887763,4.7470394572897705,-32.12903624133856,-32.11731989092865,-55.81518474255849,-1.1051167179172605,-13.357496892624981,2.7561407849071533,26.863073695444523,-9.1320131548033,14.124506052771865,-35.19073426161165,0.015868497515419713,28.36780733768265,-17.05811470970039,15.042301424422696,-12.350587799508599,-0.017600647103634397,31.014934787976298,37.12149954497957,-2.552092382297082,38.53950985772632,3.980060910841993,-25.875451496756895,-10.199624285741114,27.717034369443766,-4.89716766239808,6.5001302598489525,-23.945296691643485,-21.57594558071354,25.221352763376114,-12.334879927186485,29.37154396877067
-25.390912232041003,17.364087400815766,23.36211173476445,-30.447495255443147,-36.85687770368437,8.549077167977119,-31.484919547471637,61.167896933081614,48.72602800676872,-36.57006186705026,-0.19239988993030616,33.77168469634759,4.753395863672002,-38.815464843962864,-40.108949135424865,-68.81750881791261,-1.0639473729508635,-16.778588035055908,3.059357391546786,32.124216823153716,-10.08861113353995,16.924336282357583,-44.01917129146091,-1.2917799817444313,34.723071771481344,-19.970004002618285,18.520272743564377,-15.288812543538766,0.5527438638087441,37.12149954497957,45.8313674693292,-3.607691506389248,46.83133915252981,5.305002189701122,-32.17590000912666,-11.944077565304799,33.136264066160244,-5.139752187624898,8.899834431414488,-29.97190098520191,-26.77123646066365,31.0262213914655,-15.583781348664802,36.16747236348894
2.218096806434894,-1.7723504361753035,-1.8174580197375834,2.4314591591605637,2.9349756281104034,-0.8911086583460776,2.8569049655632157,-4.658937690436433,-3.8894549382576415,2.7810394473237725,-0.07493227308777035,-2.9637107072092155,-0.014551764559012442,2.828341142756412,3.300561718982386,5.346741655916363,0.005927075285144958,1.3697114256114744,-0.1629915767721385,-2.1451290677498496,0.3878676432360191,-1.210587519112346,3.6838286302891188,0.5446504736474809,-2.648567133955219,1.1442690395134782,-1.41597032582886,1.1569673559746811,-0.19574967243620459,-2.552092382297082,-3.607691506389248,0.46976095562145176,-3.409630143761612,-0.6154348548463772,2.598001051592329,0.7250510073591695,-2.302538623443196,0.0805913186467511,-0.9823985355063641,2.4685342591841373,2.0891892796398546,-2.4164679967548244,1.3209461524518251,-2.7913738019043217
-25.581945222385656,17.07116143520076,23.925373720416694,-31.064115073309306,-37.63624102655645,8.372207702637604,-31.551734764962994,62.805671983998344,49.732484664389126,-37.562964920343845,-0.344959441631102,34.0082198871794,5.460074013211515,-40.042746606111876,-40.76232294818089,-70.49240225870356,-1.2187252352633247,-17.086067095737743,3.2409536631154654,33.46368792479356,-10.974572413732254,17.51483996412755,-44.64705281525741,-0.5761967075812819,35.6434781610333,-21.114263634321222,18.996486862989,-15.722556525825297,0.35226797546387373,38.53950985772632,46.83133915252981,-3.409630143761612,48.33013320416762,5.069444916932341,-32.7919219762672,-12.554110750789564,34.37793397560297,-5.793226557113931,8.621990392086097,-30.45651753689167,-27.398971097939818,31.772435025113012,-15.78652241786615,37.07585854064338
-3.182078691602308,2.3859876626687724,2.6063409694787736,-3.4401879331888687,-4.089379739969625,1.2660851874634098,-3.9409973358521664,6.779567302463325,5.544021270237118,-3.995341835392369,0.0760375946134195,4.2196828687933,0.19093378038772646,-4.37882249096649,-4.730175552509457,-7.7341228789714584,-0.08788574269065122,-1.868673149839457,0.38121648034086164,3.253104635472989,-0.7651945188929612,1.9058536747039736,-5.300867949280898,-0.6271378007109112,3.9273565626814886,-1.7735709502423989,2.0410975442018446,-1.568269119637316,0.061023541883345106,3.980060910841993,5.305002189701122,-0.6154348548463772,5.069444916932341,0.9940345864671867,-3.7238699879904686,-1.2025888033029715,3.6241508976178958,-0.22516154723214019,1.311726666430785,-3.5067600232003207,-2.933626014973352,3.5148053033243687,-1.8196970618454154,4.039208685708736
17.91540480082979,-12.382224926553082,-16.427953897176916,21.453665555804584,25.99545829549149,-6.074140847401081,22.314133328063388,-42.94188367756463,-34.30789688130546,25.695683779756738,0.09827361384796912,-23.842152198122115,-3.1770906284448936,27.10106158526991,28.255187162986367,48.355755747731784,0.6888629827063558,11.861283082316026,-2.0595495645558066,-22.426592775466467,6.916640987409425,-11.798276731513065,31.005973671465,1.092129347942188,-24.339556290227872,13.89265925715809,-13.01920246807929,10.780176812351021,-0.5174531186639382,-25.875451496756895,-32.17590000912666,2.598001051592329,-32.7919219762672,-3.7238699879904686,22.648669319543263,8.273715795262955,-23.081662150460843,3.4890395513901553,-6.371376771751405,21.13045816017348,18.85813424765541,-21.78903100111912,11.017598780616185,-25.408717935153746
6.289308240907102,-3.9704963341512602,-6.080028674150853,7.793213972386539,9.446599959088545,-1.9262485308571666,7.6217648513234355,-16.083622036371224,-12.502692548580534,9.566688527366109,0.17264783274824586,-8.370199154799337,-1.7227113245853691,10.44583536993852,10.16221362095395,17.95281727064204,0.4235873397678453,4.235581393974572,-0.9979640512505594,-8.853517176386738,3.1267803082209182,-4.563252917154717,11.1471718260901,-0.2854104405522854,-9.163787188619104,5.72215808267407,-4.819979263930749,4.015529915123705,0.09196807399036652,-10.199624285741114,-11.944077565304799,0.7250510073591695,-12.554110750789564,-1.2025888033029715,8.273715795262955,3.4520863637234056,-9.09469708992703,1.7453356801132163,-1.946838268689683,7.585014638295113,6.938321813418493,-8.091901245536702,3.901564533292142,-9.463496953876296
-17.990346521684362,11.611189631709008,16.86825607227451,-21.80941185492353,-26.320301862497317,5.837110740811545,-21.86536943366723,44.48840030209434,35.0475624163038,-26.60204765188981,-0.30151653487781976,23.808842389111295,4.26254428382856,-28.800289957278576,-28.725213928823994,-49.81604864927829,-0.9977210872347159,-11.880052987180395,2.4679487056282343,23.93988051332729,-8.211574405616641,12.746786856507144,-31.479581829159283,-0.007655773642277954,25.349409257508434,-15.182707017304544,13.426057031610975,-10.915716747306147,-0.09971958531123214,27.717034369443766,33.136264066160244,-2.302538623443196,34.37793397560297,3.6241508976178958,-23.081662150460843,-9.09469708992703,24.850510971781098,-4.367671051910283,5.770762272744153,-21.385909334634235,-19.177390443144137,22.53924368536789,-10.994092190264164,26.200486115203535
2.4474553079843253,-1.137979649533464,-2.666676013768845,3.3453314551792337,4.051670797221477,-0.5619654593866241,2.788912328333883,-7.191757482219067,-5.393587701182185,4.3273947417707435,0.18548425175668626,-3.211011158424263,-1.2574517372689873,4.8525397008591575,4.2602946878971,7.89169567882684,0.2796483997805035,1.782372588097382,-0.4809458763330492,-4.334229683117648,1.9340045774939345,-2.211606560034944,4.563936366626214,-0.717016038419545,-4.093404240578388,3.044863583187545,-2.1586696609511273,1.7735512734112875,0.23995223436143356,-4.89716766239808,-5.139752187624898,0.0805913186467511,-5.793226557113931,-0.22516154723214019,3.4890395513901553,1.7453356801132163,-4.367671051910283,1.216390151294994,-0.4303321435125553,3.1623335607274057,3.006378201156076,-3.5634490739510447,1.5682530010543676,-4.175781403423965
-5.271192844351156,4.138716591732115,4.530363966699356,-6.034844425953215,-7.339993866028985,2.0147222920218324,-6.829851039239894,11.62194896765733,9.565365875684,-6.903144616445239,0.11114511411286811,7.097802041378926,0.23094083684751898,-7.015855826072282,-8.031567277871968,-13.282453299731161,-0.032755515207455434,-3.423032481071571,0.41377810433936923,5.568843426105546,-1.209370982041793,2.954715109735069,-8.875922222097529,-1.0686263275803474,6.55631878946702,-3.1908971409306806,3.5419634304459873,-2.9829266954641667,0.44210426784383616,6.5001302598489525,8.899834431414488,-0.9823985355063641,8.621990392086097,1.311726666430785,-6.371376771751405,-1.946838268689683,5.770762272744153,-0.4303321435125553,2.2878092292510375,-6.053489108246149,-5.26127958133926,5.916864903657929,-3.2291713365003356,6.945165908670486
16.82561126776162,-11.674203043626832,-15.340591034980749,20.098798625128815,24.346331575790344,-5.8170684306309015,20.993873969606103,-40.036068379735816,-32.11083096347124,23.95858170089275,0.04253919395773391,-22.3831843663428,-2.8175431044398183,25.207060362969553,26.53299348972822,45.150017522034446,0.5631614557292238,11.163751029068605,-1.7647284889789834,-20.716467737873444,6.3789965163768105,-11.051316472549338,29.04131507519706,1.2754059781717553,-22.670022693101316,12.826132525339906,-12.178154660617206,9.996822142708615,-0.5233022941806533,-23.945296691643485,-29.97190098520191,2.4685342591841373,-30.45651753689167,-3.5067600232003207,21.13045816017348,7.585014638295113,-21.385909334634235,3.1623335607274057,-6.053489108246149,19.85699332272388,17.58507464136504,-20.28255412485034,10.33751354634094,-23.681527958335817
14.797110081773555,-10.238958426483215,-13.723234416200324,17.912088685519812,21.76826337059305,-4.938752752647157,18.515432252295195,-35.83589741261802,-28.573347383232626,21.43725158251246,0.12223314350660582,-19.747049457483143,-2.705295041306515,22.48055047162104,23.45717275915676,40.3387591069097,0.5641296993446862,9.939978792203071,-1.6885376493368773,-18.80027289507042,5.826289356077361,-9.733581661385028,25.697670253698895,0.7767315692813666,-20.25128514113381,11.753495184091094,-10.866764287172549,9.114723229666003,-0.5071397607375828,-21.57594558071354,-26.77123646066365,2.0891892796398546,-27.398971097939818,-2.933626014973352,18.85813424765541,6.938321813418493,-19.177390443144137,3.006378201156076,-5.26127958133926,17.58507464136504,15.815386027575794,-18.122764380242465,9.193889175150995,-21.2061527486742
-17.18587232685754,11.647701054566042,15.829263609824405,-20.625499581925187,-24.94735445123349,5.750608026994332,-21.253403043385852,41.48892644497942,33.06094193892867,-24.882182916477753,-0.1414548553055063,22.80318539322206,3.3362620343728304,-26.364267761110032,-27.180674388712838,-46.63097169941825,-0.7354652895430162,-11.346856373558952,2.055075555417563,21.858723706210466,-6.947315843858408,11.54509453903434,-29.81377313064407,-0.7508104963512903,23.551274138709644,-13.605201255740988,12.57447860883089,-10.344677001243868,0.3510166400544352,25.221352763376114,31.0262213914655,-2.4164679967548244,31.772435025113012,3.5148053033243687,-21.78903100111912,-8.091901245536702,22.53924368536789,-3.5634490739510447,5.916864903657929,-20.28255412485034,-18.122764380242465,21.090913973044284,-10.535311714251161,24.51694223829088
8.766934034910566,-6.194461547109134,-7.98671123100563,10.47578197996168,12.718505693349863,-3.0318343631699824,11.020590159512185,-20.79721644734115,-16.70541913949472,12.438916654560883,0.00704896308131739,-11.697031558417622,-1.3619423684335081,12.974033480917466,13.78946055084361,23.472180467189393,0.2686970787865916,5.833675205376797,-0.9029696169555539,-10.70805354403984,3.180150858001791,-5.6372370790667725,15.117442820033647,0.7393140064293148,-11.746336539173468,6.600840388078725,-6.318780686252946,5.259450204135772,-0.3715540059105104,-12.334879927186485,-15.583781348664802,1.3209461524518251,-15.78652241786615,-1.8196970618454154,11.017598780616185,3.901564533292142,-10.994092190264164,1.5682530010543676,-3.2291713365003356,10.33751354634094,9.193889175150995,-10.535311714251161,5.421068232807602,-12.318889516099656
-19.975281776141095,13.59846781495472,18.490528340278082,-24.09390558171637,-29.20200082284309,6.674405024235617,-24.789543237965102,48.4085192555418,38.53241744201542,-28.962050049495716,-0.1792466977220673,26.57620017053255,3.8507032301298945,-30.658177347917107,-31.66825719786788,-54.43924413338613,-0.8350865983242693,-13.3037170978513,2.3660869773217548,25.49040297343242,-8.09654441926284,13.387354751950816,-34.700962496800194,-0.8936894328590377,27.43752459576662,-15.941859830056872,14.667181515639067,-12.146083350325902,0.4650672771020722,29.37154396877067,36.16747236348894,-2.7913738019043217,37.07585854064338,4.039208685708736,-25.408717935153746,-9.463496953876296,26.200486115203535,-4.175781403423965,6.945165908670486,-23.681527958335817,-21.2061527486742,24.51694223829088,-12.318889516099656,28.612862727937287
