V1,V2,V3,V4,V5,V6,V7,V8,V9,V10,V11,V12,V13,V14,V15,V16,V17,V18,V19,V20,V21,V22,V23,V24,V25,V26,V27,V28,V29,V30,V31,V32,V33,V34,V35,V36,V37,V38,V39,V40,V41,V42,V43,V44
64.76777168875728,-42.334858983040824,-58.52591022292894,75.0521963539031,91.97732892718594,-21.760224176541243,78.27715014337178,-154.35363761362257,-122.5795735494921,91.94955049661975,1.0867748864399898,-83.49260947676682,-11.241804762793175,97.37076414615566,99.6153321324574,172.07886900511616,3.092656098201574,41.497887005772974,-7.757049751925876,-80.5083518533371,27.15715233569769,-43.16013964438082,111.1492837902834,2.5257296374144715,-87.52994614072077,50.01847173007914,-46.64216700080741,39.097121322279634,-1.8161862967662046,-92.67141330849309,-115.10729262168174,8.313629300099798,-117.63643650526167,-14.111807244745627,79.81572146314167,29.377854681042898,-83.11717651869874,12.479801809784933,-22.479015862400217,75.51101856865323,67.32295467986265,-78.24014653987237,39.349762207090336,-90.49695602991441
-42.334858983040824,30.469063465818554,39.95583284615197,-53.308548637116665,-63.189810431760314,14.349304211502501,-54.11047838971305,103.56108132388322,82.86366267788328,-62.31587048723652,0.44363674357145944,58.721788281447395,8.974666425201143,-66.24694884750961,-69.3116727078373,-117.79653784390592,-1.3833111072624524,-28.935789357063,5.016286629375784,54.87079171206019,-15.719405299085674,28.35894179853543,-74.35306003615196,-2.5874860807989295,58.747182721511074,-34.46908019068608,31.467526111965157,-25.166874214143295,0.30637553511718657,63.93162978349554,77.96286497470055,-6.460421238892572,79.70803233707319,8.278862980417767,-55.433851615986,-21.02992445681273,56.75989386949247,-9.547527217725433,14.892493035133288,-50.89443601701164,-45.450349624390746,52.34024700594361,-26.36190871597661,61.771267760194164
-58.52591022292894,39.95583284615197,54.156968249695446,-70.78678779059595,-85.48595184165902,19.693799483226023,-72.70265434813722,141.62359772870994,112.8807428976885,-84.80908294916964,-0.2981899068525958,78.09903971041511,11.310894082063381,-89.74634687741975,-92.93930071866245,-159.3765767712443,-2.3369920063371263,-38.9165526147852,6.791481230021664,74.44753668497148,-23.50522428814991,39.21337658141549,-101.6371374613734,-2.788154503269895,80.23109447942154,-46.666049700399434,42.953178678957535,-35.2856723196428,1.1897633384526303,86.01354851753932,105.85733017604412,-8.10387628521166,108.4018261679607,11.869509547453099,-74.341212186664393,-27.735274003539956,76.73012996719544,-12.343312640770005,20.378118393852674,-69.44363941598236,-62.004794730076775,71.61035094144832,-36.086417813283965,83.68855648818243
75.0521963539031,-53.308548637116665,-70.78678779059595,94.11931725536346,112.03989487910789,-25.329865208881053,95.4413599228653,-183.70587027230496,-146.92097054910076,110.5247656287417,-0.566047425380847,-103.27878788846398,-15.764635521700729,116.92904498921664,122.34380216620232,208.42084474985987,2.461351397381381,51.25656774430571,-8.556089843224116,-97.20828319648052,28.637499934772244,-50.317871659986245,131.57423351188666,4.190975374478228,-103.99186537609738,61.37375078824554,-55.87357335385931,45.01722752062155,-0.8843327252888841,-112.84406846825866,-137.79722431906126,10.980481243009834,-141.16115206262532,-14.41452003075556,97.72163323537184,36.965572418727014,-100.18447829065924,17.03857134863344,-26.29063837310168,90.29024878585454,80.70909126477237,-92.64115012218775,46.825381362754946,-109.28946000099246
91.97732892718594,-63.189810431760314,-85.48595184165902,112.03989487910789,135.2336435832523,-30.91598882601162,114.87517969119119,-223.32261275007758,-178.13399974347521,133.84532525137286,0.48213640078171865,-123.34137826370834,-18.093705968892063,141.68819201014128,147.05136919195203,251.79686810147348,3.5357937516672946,61.82690399624029,-10.52763326830427,-117.61435491317464,36.89134037915413,-61.87528012050558,160.1416769848617,4.620486553922818,-126.53825082457239,73.73681366082333,-67.82166065120542,55.58714221932709,-1.8690741284974624,-135.73176222443124,-166.8649999891646,13.092791924303627,-171.07540647637194,-18.218949589697516,117.64730399106776,43.783838138809344,-121.01627761416026,19.577197202009614,-31.95742029246741,109.53105736504719,97.8247774514793,-113.01794957483709,56.85317831504306,-132.2156289351145
-21.760224176541243,14.349304211502501,19.693799483226023,-25.329865208881053,-30.91598882601162,7.350235719050901,-26.377842661421326,51.85671392649216,41.205953102764475,-30.906938124864322,-0.27564766660396156,28.220726570958778,3.813290369826542,-32.76469888554082,-33.55414567890926,-57.89145975859151,-1.0397355797257168,-13.934685867967811,2.631422689154502,27.048246120240794,-8.980010509001632,14.464696985913427,-37.374028585623506,-0.887256899938489,29.42322603678931,-16.81023686908652,15.663241612100764,-13.06725869964149,0.5389529801722215,31.231332759873183,38.73673705117839,-2.8146853260688762,39.535089901931954,4.784755103643988,-26.873402539585744,-9.946286633283371,27.99347660501631,-4.225083722535837,7.590761074274196,-25.38219097295437,-22.62625049860047,26.27803921739449,-13.229878342484303,30.445888366127807
78.27715014337178,-54.11047838971305,-72.70265434813722,95.4413599228653,114.87517969119119,-26.377842661421326,97.91062273987733,-189.80671022018933,-151.4258075342531,113.76197970811727,0.24262029591100698,-105.33653528452518,-15.419909973385664,120.69796440336468,125.22415405993279,214.2056197843402,3.0235442380695035,52.457682578762416,-9.173107137712567,-99.99567858833537,30.932833274150713,-52.536328577248256,136.3067657356643,4.088466555377768,-107.64873896994736,62.545162103175805,-57.59691336845016,47.03351132059286,-1.3736985612738433,-115.68882280031396,-142.14280863079821,11.28237420439809,-145.50890123805578,-15.758944184759983,100.22690092673767,37.41885906212895,-103.13612594736318,16.604533888057343,-27.288008367347683,93.09838033237845,83.10288940687053,-96.11527189312837,48.30985672125697,-112.47496813795993
-154.35363761362257,103.56108132388322,141.62359772870994,-183.70587027230496,-223.32261275007758,51.85671392649216,-189.80671022018933,371.6524867805993,295.7816881278433,-222.0915432367904,-1.6661816239893268,203.20139237552226,28.727244728881853,-235.14053647061772,-242.3591521318087,-416.7849189081474,-6.628127086405892,-101.47163361133428,18.083535399551387,194.84709600538375,-63.31392797136707,103.42449517377239,-266.97850086923216,-6.850665449873987,210.6459562817868,-121.6846563003569,112.58277808885691,-93.2631378768357,3.702363390225103,224.61078810571541,277.3950363824067,-20.9268228879823,284.01652290140174,32.00266043750027,-194.0359770397153,-71.89972832898492,200.823815689445,-31.42902594098847,53.57666578010092,-182.0216855772496,-162.44389385226256,188.20127226750856,-94.65833149032096,218.99292012362153
-122.5795735494921,82.86366267788328,112.8807428976885,-146.92097054910076,-178.13399974347521,41.205953102764475,-151.4258075342531,295.7816881278433,235.5852759143483,-176.9242641095712,-1.0577393468244882,162.29853335865332,23.185301941183624,-187.28540295497385,-193.46158022060018,-332.24142232730753,-5.098003498645435,-81.04593481196153,14.26450843822033,155.2736381653527,-49.859926881604956,82.15810907540849,-212.3867826779785,-5.655248517584705,167.62316965814142,-97.10321598281641,89.667457550078,-74.02391616702971,2.7710348257158395,179.10237154222398,220.8884367664756,-16.812610465474513,226.19978738374638,25.127745477113645,-154.83191636559536,-57.480896260677746,159.98025147881438,-25.321477427645213,42.5944026163013,-144.94974430157092,-129.3861623636293,149.7193358437453,-75.34501608043516,174.5334005418785
91.94955049661975,-62.31587048723652,-84.80908294916964,110.5247656287417,133.84532525137286,-30.906938124864322,113.76197970811727,-222.0915432367904,-176.9242641095712,132.89822278123472,0.6896084462782226,-122.0133988908822,-17.5167001303246,140.62582996368224,145.3765844976045,249.57979117573186,3.769416925589472,60.891404719230565,-10.675686788866946,-116.64157111884273,37.28795399182852,-61.61603141066858,159.41907197997028,4.2494956305142155,-125.82768016275273,73.02927270304987,-67.34113227691965,55.51871639342476,-2.021811848302634,-134.59577722304445,-165.88135626214665,12.605483385872333,-169.88478920155922,-18.768807392931095,116.32213961930067,43.26243856673965,-120.17032693191638,19.148272887064376,-31.962665407310883,108.85539031855197,97.18588473522205,-112.3548200929527,56.58267431536253,-131.0891811730706
1.0867748864399898,0.44363674357145944,-0.2981899068525958,-0.566047425380847,0.48213640078171865,-0.27564766660396156,0.24262029591100698,-1.6661816239893268,-1.0577393468244882,0.6896084462782226,0.7890038520918358,0.3597488860267101,0.4530434670520768,0.9628492663672034,0.24217038205307936,1.0883456205723891,0.3683407251556409,0.29614063331947316,-0.19183159470130007,-0.6299189545993816,1.5185704338123496,-0.9806294367652187,1.3350214870761667,-0.15641963117741461,-1.0976589001049837,-0.03568258675372281,-0.45204651441577903,0.9033160446604166,-0.4637969209108116,-0.21042017230660584,-0.8984457970966933,0.13774214605854032,-1.0444229159585627,-0.50849265917435,0.35406485467662113,-0.36453424614829344,-0.5116837658442654,-0.5944976421192943,-0.18514429870358634,0.6588297329302076,0.5183787769280066,-1.2016710777197452,0.32959210011182366,-0.6979718745185121
-83.49260947676682,58.721788281447395,78.09903971041511,-103.27878788846398,-123.34137826370834,28.220726570958778,-105.33653528452518,203.20139237552226,162.29853335865332,-122.0133988908822,0.3597488860267101,113.87980815367885,17.012411057735775,-129.44649718980807,-134.79238879972527,-230.01684800844657,-3.0096150753668036,-56.27704640495889,9.835586549852627,107.27949369644023,-32.06426358381799,55.88014857103225,-145.8717983597068,-4.557026581307797,115.19600033496255,-67.35710930292504,61.67756615123814,-49.89859323277508,1.0390764139653468,124.60993694273813,152.53508458316477,-12.149616883528411,156.01611472425614,16.66703637162178,-107.79763955539099,-40.670724161494675,110.85455988826278,-18.32449940035288,29.258300084266995,-99.75990393899048,-89.08549730414379,102.67905151197371,-51.75816572441614,120.68486895674485
-11.241804762793175,8.974666425201143,11.310894082063381,-15.764635521700729,-18.093705968892063,3.813290369826542,-15.419909973385664,28.727244728881853,23.185301941183624,-17.5167001303246,0.4530434670520768,17.012411057735775,3.0633797509350873,-18.663293017410584,-20.033822536524493,-33.477273494331605,-0.14399672458014617,-8.4888368770646,1.2292337850153516,15.578916310201642,-3.6875511640699825,7.715065804860866,-20.416830224444087,-0.933376442008606,16.288364741251122,-9.986317942265286,8.815773804858612,-6.679814469285797,-0.18757282776960055,18.28418545267788,21.74146530862435,-2.0702059712237983,22.384678643342045,1.7034582207262536,-15.980335839419006,-6.247991237833969,16.035691927509653,-3.1248841925964563,3.9518992917075018,-14.170779940775285,-12.714371582102178,14.464132899823829,-7.273731835320132,17.50446385598824
97.37076414615566,-66.24694884750961,-89.74634687741975,116.92904498921664,141.68819201014128,-32.76469888554082,120.69796440336468,-235.14053647061772,-187.28540295497385,140.62582996368224,0.9628492663672034,-129.44649718980807,-18.663293017410584,149.69898494235218,154.36355521750437,264.69830452770503,4.1532598643100505,64.73053202023151,-11.637871006893741,-123.71701991317984,39.38489745360697,-65.6208242194175,169.05866420660186,4.846368070623256,-133.62084899046567,76.90976082970278,-71.2627730264505,58.611074694189256,-1.9390039113455495,-142.83090219534463,-175.9136777921572,14.077874350223807,-180.12294657259181,-20.05544904140087,123.76004282152783,45.86525277266219,-127.67071066471007,19.895027410724385,-33.75890516957759,115.11564429236277,102.69443718308104,-119.46891187513165,59.70998345605826,-139.13532241220022
99.6153321324574,-69.3116727078373,-92.93930071866245,122.34380216620232,147.05136919195203,-33.55414567890926,125.22415405993279,-242.3591521318087,-193.46158022060018,145.3765844976045,0.24217038205307936,-134.79238879972527,-20.033822536524493,154.36355521750437,160.39770597594153,274.031156857791,3.746299956610826,67.37346344403956,-11.592855879844405,-127.92844457642843,39.24071294846246,-67.10725473095361,173.91148000623633,5.383346183055697,-137.50521963432325,80.05933519740829,-73.60855127664948,59.92811773879326,-1.643527136117981,-147.97680737781042,-181.50061435911667,14.695736081635475,-185.9741410662821,-19.693307325505312,128.39245203235913,47.94366445945284,-131.84142478029074,21.40134497987318,-34.671283068250005,118.87963094610498,106.14618120266088,-122.79641375937304,61.62272675344205,-143.8815695264002
172.07886900511616,-117.79653784390592,-159.3765767712443,208.42084474985987,251.79686810147348,-57.89145975859151,214.2056197843402,-416.7849189081474,-332.24142232730753,249.57979117573186,1.0883456205723891,-230.01684800844657,-33.477273494331605,264.69830452770503,274.031156857791,469.5547937859174,6.89714965805683,114.9675440227391,-20.081966064111022,-219.34492681211987,69.0835382333065,-115.69369613200732,299.20431184447506,8.546659700137578,-236.37818180388453,137.13635436336534,-126.43578309667849,103.74721391831147,-3.4225982175876166,-253.3243360771108,-311.6393053130272,24.495717950702005,-319.2449099240212,-34.74550410488785,219.3762253995168,81.63396119748833,-226.06009865565528,36.112934507451186,-59.806373581889176,204.28820397582945,182.36397569270554,-211.13374230088993,106.0400312832614,-246.62212473084097
3.092656098201574,-1.3833111072624524,-2.3369920063371263,2.461351397381381,3.5357937516672946,-1.0397355797257168,3.0235442380695035,-6.628127086405892,-5.098003498645435,3.769416925589472,0.3683407251556409,-3.0096150753668036,-0.14399672458014617,4.1532598643100505,3.746299956610826,6.89714965805683,0.3768999918115493,1.5290264920566756,-0.48119736805018365,-3.2766756148094998,1.7586244850898531,-2.0895422060423146,4.909928139750828,-0.04755284980885254,-3.859505487201033,1.8118027719386416,-1.9403980877513176,1.8846573355447542,-0.22534885400701904,-3.6457900954277513,-4.848437709441287,0.28933778883876266,-4.909457847602863,-1.0153445671397219,3.067065784183279,0.9677093778030679,-3.4443754717835287,0.15799369790064458,-1.0240462343713872,3.1578995961050578,2.770911942127953,-3.513352754496865,1.6598442609290076,-3.7040036927906326
41.497887005772974,-28.935789357063,-38.9165526147852,51.25656774430571,61.82690399624029,-13.934685867967811,52.457682578762416,-101.47163361133428,-81.04593481196153,60.891404719230565,0.29614063331947316,-56.27704640495889,-8.4888368770646,64.73053202023151,67.37346344403956,114.9675440227391,1.5290264920566756,28.588595623831907,-4.695946456546117,-53.679863797564316,16.593702484857744,-28.259560431736826,72.70640961090972,2.3825521734031585,-57.621479736298376,33.530845502839284,-30.882338324609726,25.158559269442563,-0.7936712240985105,-61.83968932335006,-75.81847705058875,6.428717857849238,-77.91897416325482,-7.871914562646367,53.96642205304025,19.954931109686004,-55.10716951864543,8.90730734937249,-14.340688352351847,49.76177589187898,44.43792475487647,-51.5682970110564,25.736054829098702,-60.389725568812885
-7.757049751925876,5.016286629375784,6.791481230021664,-8.556089843224116,-10.52763326830427,2.631422689154502,-9.173107137712567,18.083535399551387,14.26450843822033,-10.675686788866946,-0.19183159470130007,9.835586549852627,1.2292337850153516,-11.637871006893741,-11.592855879844405,-20.081966064111022,-0.48119736805018365,-4.695946456546117,1.182358600817035,9.405309357149127,-3.165817615403717,5.15624804877299,-13.216579696972977,-0.32446418231869295,10.383937482047473,-5.614700451853895,5.392744128816896,-4.513763612439596,0.12898669997348022,10.96961273275863,13.664439225479477,-1.0983203113768623,13.820534684040277,1.9983689186794058,-9.396330725721196,-3.4729242427549547,9.933166125300762,-1.2494390042711176,2.6979318687531446,-8.768092494364721,-7.769398134578098,9.306804677700262,-4.555477889837417,10.588603701466779
-80.5083518533371,54.87079171206019,74.44753668497148,-97.20828319648052,-117.61435491317464,27.048246120240794,-99.99567858833537,194.84709600538375,155.2736381653527,-116.64157111884273,-0.6299189545993816,107.27949369644023,15.578916310201642,-123.71701991317984,-127.92844457642843,-219.34492681211987,-3.2766756148094998,-53.679863797564316,9.405309357149127,102.54214640964699,-32.54439319151921,54.15573760535303,-139.86476331963425,-3.9036105424177654,110.51219355311768,-64.07861123617295,59.10846698392401,-48.5926991100848,1.6559357285595453,118.32011846672845,145.63037030526368,-11.388349581914,149.21925514909387,16.288889914208507,-102.43871043995613,-38.06417308431094,105.6301035907756,-16.81103935002013,27.928470777389713,-95.46879248732405,-85.23121451931893,98.73758332908724,-49.555509619712225,115.22912146029596
27.15715233569769,-15.719405299085674,-23.50522428814991,28.637499934772244,36.89134037915413,-8.980010509001632,30.932833274150713,-63.31392797136707,-49.859926881604956,37.28795399182852,1.5185704338123496,-32.06426358381799,-3.6875511640699825,39.38489745360697,39.24071294846246,69.0835382333065,1.7586244850898531,16.593702484857744,-3.165817615403717,-32.54439319151921,13.207479636989827,-18.326230603889016,45.61469874732714,0.46578641761165146,-35.94271654301436,19.889951031117967,-19.070443365638063,16.885866745916662,-1.496871990784028,-36.629721008225964,-46.488495721879126,3.0231182991777112,-47.745970227157926,-6.2758810513561265,31.543512862897064,10.975328620663012,-33.283508734731804,4.227046100246879,-9.153359675348373,30.778398839140042,27.402384780145887,-32.37074228444591,16.092902622731604,-36.50247489952872
-43.16013964438082,28.35894179853543,39.21337658141549,-50.317871659986245,-61.87528012050558,14.464696985913427,-52.536328577248256,103.42449517377239,82.15810907540849,-61.61603141066858,-0.9806294367652187,55.88014857103225,7.715065804860866,-65.6208242194175,-67.10725473095361,-115.69369613200732,-2.0895422060423146,-28.259560431736826,5.15624804877299,54.15573760535303,-18.326230603889016,29.202774775690024,-74.4295710032717,-1.897963179530767,58.82826080200717,-33.43173053551741,31.299873515234076,-26.19084425754289,1.2282887454164468,62.1340633421651,77.04926606344162,-6.068565402481624,78.97666291296991,9.12932200605827,-53.87819522605147,-19.625941527734064,55.77580647313816,-8.232645996211758,14.839105998379893,-50.52914561037471,-45.03790974337527,52.73189369912125,-26.230513029671034,60.9016246408322
111.1492837902834,-74.35306003615196,-101.6371374613734,131.57423351188666,160.1416769848617,-37.374028585623506,136.3067657356643,-266.97850086923216,-212.3867826779785,159.41907197997028,1.3350214870761667,-145.8717983597068,-20.416830224444087,169.05866420660186,173.91148000623633,299.20431184447506,4.909928139750828,72.70640961090972,-13.216579696972977,-139.86476331963425,45.61469874732714,-74.4295710032717,192.01318485184703,4.955178013991199,-151.44760007495506,87.08674554483363,-80.81125997643825,67.02637120430094,-2.668901199122348,-161.2879410139004,-199.3893223291848,15.118937068971643,-203.99254966812484,-23.39487752580799,139.33210995202828,51.54598110244257,-144.3310338343658,22.267067395428548,-38.595363975727516,130.70267848459304,116.58567397679336,-135.35037233873314,67.96879114758033,-157.25667077614693
2.5257296374144715,-2.5874860807989295,-2.788154503269895,4.190975374478228,4.620486553922818,-0.887256899938489,4.088466555377768,-6.850665449873987,-5.655248517584705,4.2494956305142155,-0.15641963117741461,-4.557026581307797,-0.933376442008606,4.846368070623256,5.383346183055697,8.546659700137578,-0.04755284980885254,2.3825521734031585,-0.32446418231869295,-3.9036105424177654,0.46578641761165146,-1.897963179530767,4.955178013991199,0.582512909844061,-4.024476649317904,2.3214090675327337,-2.138738352152196,1.4093138316488674,0.1807355858210579,-4.641194871201759,-5.370706268755217,0.9595975777107657,-5.533161526872985,-0.22731856239238055,4.369076359963225,1.6315114080919928,-4.040328379433034,0.7231419294489386,-0.895986384665353,3.402330737705642,3.0202343650555723,-3.639933348115442,1.6705940381231013,-4.4795711583242905
-87.52994614072077,58.747182721511074,80.23109447942154,-103.99186537609738,-126.53825082457239,29.42322603678931,-107.64873896994736,210.6459562817868,167.62316965814142,-125.82768016275273,-1.0976589001049837,115.19600033496255,16.288364741251122,-133.62084899046567,-137.50521963432325,-236.37818180388453,-3.859505487201033,-57.621479736298376,10.383937482047473,110.51219355311768,-35.94271654301436,58.82826080200717,-151.44760007495506,-4.024476649317904,119.583856190419,-68.74938679162548,63.796174848708915,-52.83022505517076,2.042790834440657,127.38480110480215,157.31938565291705,-12.179316801924662,161.06802913683902,18.25078704358718,-110.19578894665284,-40.719229035516236,113.97646565043235,-17.603550675861502,30.336012906142177,-103.10824247841164,-91.97733678856726,106.91711417495628,-53.56373539726833,124.26213478029905
50.01847173007914,-34.46908019068608,-46.666049700399434,61.37375078824554,73.73681366082333,-16.81023686908652,62.545162103175805,-121.6846563003569,-97.10321598281641,73.02927270304987,-0.03568258675372281,-67.35710930292504,-9.986317942265286,76.90976082970278,80.05933519740829,137.13635436336534,1.8118027719386416,33.530845502839284,-5.614700451853895,-64.07861123617295,19.889951031117967,-33.43173053551741,87.08674554483363,2.3214090675327337,-68.74938679162548,40.53393827381218,-36.96771977712471,30.232363332069763,-0.9461998001968415,-74.07570327622149,-90.89743509995854,6.74694301717202,-93.17617345632581,-9.8121612695273015,63.91413427810362,24.040111941517935,-65.91256365663159,11.047685169674223,-17.443852967007743,59.74235815452926,53.4217763792205,-61.26068469447996,31.069945966106594,-71.93789092894401
-46.64216700080741,31.467526111965157,42.953178678957535,-55.87357335385931,-67.82166065120542,15.663241612100764,-57.59691336845016,112.58277808885691,89.667457550078,-67.34113227691965,-0.45204651441577903,61.67756615123814,8.815773804858612,-71.2627730264505,-73.60855127664948,-126.43578309667849,-1.9403980877513176,-30.882338324609726,5.392744128816896,59.10846698392401,-19.070443365638063,31.299873515234076,-80.81125997643825,-2.138738352152196,63.796174848708915,-36.96771977712471,34.14335686346157,-28.216302684156542,1.0931476879232211,68.10920107112231,84.02063132674631,-6.398230914974063,86.08603481207821,9.511280347132193,-58.91389777092257,-21.830442597397145,60.845000432377894,-9.623482373405418,16.182343705358615,-55.16814188849389,-49.25199224197568,57.00114061786992,-28.672878424925532,66.42772284396604
39.097121322279634,-25.166874214143295,-35.2856723196428,45.01722752062155,55.58714221932709,-13.06725869964149,47.03351132059286,-93.2631378768357,-74.02391616702971,55.51871639342476,0.9033160446604166,-49.89859323277508,-6.679814469285797,58.611074694189256,59.92811773879326,103.74721391831147,1.8846573355447542,25.158559269442563,-4.513763612439596,-48.5926991100848,16.885866745916662,-26.19084425754289,67.02637120430094,1.4093138316488674,-52.83022505517076,30.232363332069763,-28.216302684156542,23.856582420896945,-1.3398971029671694,-55.622202634925706,-69.25719358896008,4.940758916258235,-70.97236661502272,-8.33448179729402,48.00658828185072,17.486460619973396,-49.93663633914352,7.459989543484174,-13.473205984369212,45.608483307262745,40.68394849137245,-47.28656362332381,23.771124581808717,-54.576036288782994
-1.8161862967662046,0.30637553511718657,1.1897633384526303,-0.8843327252888841,-1.8690741284974624,0.5389529801722215,-1.3736985612738433,3.702363390225103,2.7710348257158395,-2.021811848302634,-0.4637969209108116,1.0390764139653468,-0.18757282776960055,-1.9390039113455495,-1.643527136117981,-3.4225982175876166,-0.22534885400701904,-0.7936712240985105,0.12898669997348022,1.6559357285595453,-1.496871990784028,1.2282887454164468,-2.668901199122348,0.1807355858210579,2.042790834440657,-0.9461998001968415,1.0931476879232211,-1.3398971029671694,0.45270703665588863,1.5327033018126286,2.4109827208935752,0.04432298722950938,2.554847777429127,0.5092778577769924,-1.3414260264925078,-0.2033072170867364,1.5476896573133718,0.07017709134676667,0.5425907146521858,-1.759623149122177,-1.5482254597518197,1.9148763038363386,-0.9606991383729423,1.8344084144057025
-92.67141330849309,63.93162978349554,86.01354851753932,-112.84406846825866,-135.73176222443124,31.231332759873183,-115.68882280031396,224.61078810571541,179.10237154222398,-134.59577722304445,-0.21042017230660584,124.60993694273813,18.28418545267788,-142.83090219534463,-147.97680737781042,-253.3243360771108,-3.6457900954277513,-61.83968932335006,10.96961273275863,118.32011846672845,-36.629721008225964,62.1340633421651,-161.2879410139004,-4.641194871201759,127.38480110480215,-74.07570327622149,68.10920107112231,-55.622202634925706,1.5327033018126286,137.03448912050231,168.2545124109455,-13.171952053188102,172.18915720189528,18.824857974276384,-118.43980923808454,-44.38787750424883,122.17646562253996,-19.7427038948718,32.30786906151539,-110.11410890575792,-98.30913481873117,113.6540608925506,-57.1617953954912,133.00797889385598
-115.10729262168174,77.96286497470055,105.85733017604412,-137.79722431906126,-166.8649999891646,38.73673705117839,-142.14280863079821,277.3950363824067,220.8884367664756,-165.88135626214665,-0.8984457970966933,152.53508458316477,21.74146530862435,-175.9136777921572,-181.50061435911667,-311.6393053130272,-4.848437709441287,-75.81847705058875,13.664439225479477,145.63037030526368,-46.488495721879126,77.04926606344162,-199.3893223291848,-5.370706268755217,157.31938565291705,-90.89743509995854,84.02063132674631,-69.25719358896008,2.4109827208935752,168.2545124109455,207.45482264656948,-15.875111133134393,212.22827444853266,23.92692131590698,-145.33809933879402,-54.076874116530135,150.32836375145297,-23.658708065233604,40.05313232202988,-135.89273586262632,-121.2588725926376,140.48299696840928,-70.62942087573096,163.71467828515011
8.313629300099798,-6.460421238892572,-8.10387628521166,10.980481243009834,13.092791924303627,-2.8146853260688762,11.28237420439809,-20.9268228879823,-16.812610465474513,12.605483385872333,0.13774214605854032,-12.149616883528411,-2.0702059712237983,14.077874350223807,14.695736081635475,24.495717950702005,0.28933778883876266,6.428717857849238,-1.0983203113768623,-11.388349581914,3.0231182991777112,-6.068565402481624,15.118937068971643,0.9595975777107657,-12.179316801924662,6.74694301717202,-6.398230914974063,4.940758916258235,0.04432298722950938,-13.171952053188102,-15.875111133134393,2.112183173598427,-16.387268929123284,-1.4012284371257342,11.941967541191797,4.291287407036931,-11.755976288462751,1.7077529112150434,-2.8061025410380003,10.210749359354757,9.066389157411432,-11.036919833551254,5.142358044467096,-12.91625013961262
-117.63643650526167,79.70803233707319,108.4018261679607,-141.16115206262532,-171.07540647637194,39.535089901931954,-145.50890123805578,284.01652290140174,226.19978738374638,-169.88478920155922,-1.0444229159585627,156.01611472425614,22.384678643342045,-180.12294657259181,-185.9741410662821,-319.2449099240212,-4.909457847602863,-77.91897416325482,13.820534684040277,149.21925514909387,-47.745970227157926,78.97666291296991,-203.99254966812484,-5.533161526872985,161.06802913683902,-93.17617345632581,86.08603481207821,-70.97236661502272,2.554847777429127,172.18915720189528,212.22827444853266,-16.387268929123284,217.33750806479722,24.128571121535376,-148.92063761526725,-55.29697015204497,153.8215654265491,-24.278422318873567,40.842750289354434,-139.13368528132668,-124.17411168803325,143.89295367425973,-72.27295099195483,167.71607938213882
-14.111807244745627,8.278862980417767,11.869509547453099,-14.41452003075556,-18.218949589697516,4.784755103643988,-15.758944184759983,32.00266043750027,25.127745477113645,-18.768807392931095,-0.50849265917435,16.66703637162178,1.7034582207262536,-20.05544904140087,-19.693307325505312,-34.74550410488785,-1.0153445671397219,-7.871914562646367,1.9983689186794058,16.288889914208507,-6.2758810513561265,9.12932200605827,-23.39487752580799,-0.22731856239238055,18.25078704358718,-9.8121612695273015,9.511280347132193,-8.33448179729402,0.5092778577769924,18.824857974276384,23.92692131590698,-1.4012284371257342,24.128571121535376,3.9121205643763433,-15.859029191564149,-5.766274069367197,17.138589008662198,-2.0381703334192998,4.93972638515186,-15.54900579703668,-13.778706300492228,16.307502694338215,-8.181000865232967,18.350798041913716
79.81572146314167,-55.433851615986,-74.341212186664393,97.72163323537184,117.64730399106776,-26.873402539585744,100.22690092673767,-194.0359770397153,-154.83191636559536,116.32213961930067,0.35406485467662113,-107.79763955539099,-15.980335839419006,123.76004282152783,128.39245203235913,219.3762253995168,3.067065784183279,53.96642205304025,-9.396330725721196,-102.43871043995613,31.543512862897064,-53.87819522605147,139.33210995202828,4.369076359963225,-110.19578894665284,63.91413427810362,-58.91389777092257,48.00658828185072,-1.3414260264925078,-118.43980923808454,-145.33809933879402,11.941967541191797,-148.92063761526725,-15.859029191564149,102.88114560225968,38.30598869388598,-105.61676384596812,16.929727492572578,-27.728616985738118,95.11185757007992,84.8987808841682,-98.47918902945403,49.2730383674471,-115.21904466376249
29.377854681042898,-21.02992445681273,-27.735274003539956,36.965572418727014,43.783838138809344,-9.946286633283371,37.41885906212895,-71.89972832898492,-57.480896260677746,43.26243856673965,-0.36453424614829344,-40.670724161494675,-6.247991237833969,45.86525277266219,47.94366445945284,81.63396119748833,0.9677093778030679,19.954931109686004,-3.4729242427549547,-38.06417308431094,10.975328620663012,-19.625941527734064,51.54598110244257,1.6315114080919928,-40.719229035516236,24.040111941517935,-21.830442597397145,17.486460619973396,-0.2033072170867364,-44.38787750424883,-54.076874116530135,4.291287407036931,-55.29697015204497,-5.766274069367197,38.30598869388598,14.641388280422547,-39.392854955630796,6.737294095795619,-10.331799358555077,35.31701861566579,31.567853108765945,-36.224060897037454,18.322781304050796,-42.79115105422673
-83.11717651869874,56.75989386949247,76.73012996719544,-100.18447829065924,-121.01627761416026,27.99347660501631,-103.13612594736318,200.823815689445,159.98025147881438,-120.17032693191638,-0.5116837658442654,110.85455988826278,16.035691927509653,-127.67071066471007,-131.84142478029074,-226.06009865565528,-3.4443754717835287,-55.10716951864543,9.933166125300762,105.6301035907756,-33.283508734731804,55.77580647313816,-144.3310338343658,-4.040328379433034,113.97646565043235,-65.91256365663159,60.845000432377894,-49.93663633914352,1.5476896573133718,122.17646562253996,150.32836375145297,-11.755976288462751,153.8215654265491,17.138589008662198,-105.61676384596812,-39.392854955630796,109.10641730439364,-17.27192480084306,28.91174571127932,-98.36238040395682,-87.78166481616437,101.77655828039047,-51.07261145036629,118.75252160293117
12.479801809784933,-9.547527217725433,-12.343312640770005,17.03857134863344,19.577197202009614,-4.225083722535837,16.604533888057343,-31.42902594098847,-25.321477427645213,19.148272887064376,-0.5944976421192943,-18.32449940035288,-3.1248841925964563,19.895027410724385,21.40134497987318,36.112934507451186,0.15799369790064458,8.90730734937249,-1.2494390042711176,-16.81103935002013,4.227046100246879,-8.232645996211758,22.267067395428548,0.7231419294489386,-17.603550675861502,11.047685169674223,-9.623482373405418,7.459989543484174,0.07017709134676667,-19.7427038948718,-23.658708065233604,1.7077529112150434,-24.278422318873567,-2.0381703334192998,16.929727492572578,6.737294095795619,-17.27192480084306,3.540690713970541,-4.464711851418902,15.569176388773304,13.99422641795994,-15.510379658243153,8.090399033250488,-18.833586710809215
-22.479015862400217,14.892493035133288,20.378118393852674,-26.29063837310168,-31.95742029246741,7.590761074274196,-27.288008367347683,53.57666578010092,42.5944026163013,-31.962665407310883,-0.18514429870358634,29.258300084266995,3.9518992917075018,-33.75890516957759,-34.671283068250005,-59.806373581889176,-1.0240462343713872,-14.340688352351847,2.6979318687531446,27.928470777389713,-9.153359675348373,14.839105998379893,-38.595363975727516,-0.895986384665353,30.336012906142177,-17.443852967007743,16.182343705358615,-13.473205984369212,0.5425907146521858,32.30786906151539,40.05313232202988,-2.8061025410380003,40.842750289354434,4.93972638515186,-27.728616985738118,-10.331799358555077,28.91174571127932,-4.464711851418902,7.881837127419215,-26.259141150064288,-23.412349253496174,27.044701102058273,-13.704238256895579,31.41890090279421
75.51101856865323,-50.89443601701164,-69.44363941598236,90.29024878585454,109.53105736504719,-25.38219097295437,93.09838033237845,-182.0216855772496,-144.94974430157092,108.85539031855197,0.6588297329302076,-99.75990393899048,-14.170779940775285,115.11564429236277,118.87963094610498,204.28820397582945,3.1578995961050578,49.76177589187898,-8.768092494364721,-95.46879248732405,30.778398839140042,-50.52914561037471,130.70267848459304,3.402330737705642,-103.10824247841164,59.74235815452926,-55.16814188849389,45.608483307262745,-1.759623149122177,-110.11410890575792,-135.89273586262632,10.210749359354757,-139.13368528132668,-15.54900579703668,95.11185757007992,35.31701861566579,-98.36238040395682,15.569176388773304,-26.259141150064288,89.2146561348879,79.63197916426599,-92.07181510458567,46.398796997100476,-107.30941384815058
67.32295467986265,-45.450349624390746,-62.004794730076775,80.70909126477237,97.8247774514793,-22.62625049860047,83.10288940687053,-162.44389385226256,-129.3861623636293,97.18588473522205,0.5183787769280066,-89.08549730414379,-12.714371582102178,102.69443718308104,106.14618120266088,182.36397569270554,2.770911942127953,44.43792475487647,-7.769398134578098,-85.23121451931893,27.402384780145887,-45.03790974337527,116.58567397679336,3.0202343650555723,-91.97733678856726,53.4217763792205,-49.25199224197568,40.68394849137245,-1.5482254597518197,-98.30913481873117,-121.2588725926376,9.066389157411432,-124.17411168803325,-13.778706300492228,84.8987808841682,31.567853108765945,-87.78166481616437,13.99422641795994,-23.412349253496174,79.63197916426599,71.10374291445292,-82.11440328248179,41.422193742836384,-95.78244197458041
-78.24014653987237,52.34024700594361,71.61035094144832,-92.64115012218775,-113.01794957483709,26.27803921739449,-96.11527189312837,188.20127226750856,149.7193358437453,-112.3548200929527,-1.2016710777197452,102.67905151197371,14.464132899823829,-119.46891187513165,-122.79641375937304,-211.13374230088993,-3.513352754496865,-51.5682970110564,9.306804677700262,98.73758332908724,-32.37074228444591,52.73189369912125,-135.35037233873314,-3.639933348115442,106.91711417495628,-61.26068469447996,57.00114061786992,-47.28656362332381,1.9148763038363386,113.6540608925506,140.48299696840928,-11.036919833551254,143.89295367425973,16.307502694338215,-98.47918902945403,-36.224060897037454,101.77655828039047,-15.510379658243153,27.044701102058273,-92.07181510458567,-82.11440328248179,95.69643123653849,-47.80354151310364,111.03599485660256
39.349762207090336,-26.36190871597661,-36.086417813283965,46.825381362754946,56.85317831504306,-13.229878342484303,48.30985672125697,-94.65833149032096,-75.34501608043516,56.58267431536253,0.32959210011182366,-51.75816572441614,-7.273731835320132,59.70998345605826,61.62272675344205,106.0400312832614,1.6598442609290076,25.736054829098702,-4.555477889837417,-49.555509619712225,16.092902622731604,-26.230513029671034,67.96879114758033,1.6705940381231013,-53.56373539726833,31.069945966106594,-28.672878424925532,23.771124581808717,-0.9606991383729423,-57.1617953954912,-70.62942087573096,5.142358044467096,-72.27295099195483,-8.181000865232967,49.2730383674471,18.322781304050796,-51.07261145036629,8.090399033250488,-13.704238256895579,46.398796997100476,41.422193742836384,-47.80354151310364,24.166529332375948,-55.69291362761458
-90.49695602991441,61.771267760194164,83.68855648818243,-109.28946000099246,-132.2156289351145,30.445888366127807,-112.47496813795993,218.99292012362153,174.5334005418785,-131.0891811730706,-0.6979718745185121,120.68486895674485,17.50446385598824,-139.13532241220022,-143.8815695264002,-246.62212473084097,-3.7040036927906326,-60.389725568812885,10.588603701466779,115.22912146029596,-36.50247489952872,60.9016246408322,-157.25667077614693,-4.4795711583242905,124.26213478029905,-71.93789092894401,66.42772284396604,-54.576036288782994,1.8344084144057025,133.00797889385598,163.71467828515011,-12.91625013961262,167.71607938213882,18.350798041913716,-115.21904466376249,-42.79115105422673,118.75252160293117,-18.833586710809215,31.41890090279421,-107.30941384815058,-95.78244197458041,111.03599485660256,-55.69291362761458,129.57549400543041
