V1,V2,V3,V4,V5,V6,V7,V8,V9,V10,V11,V12,V13,V14,V15,V16,V17,V18,V19,V20,V21,V22,V23,V24,V25,V26,V27,V28,V29,V30,V31,V32,V33,V34,V35,V36,V37,V38,V39,V40,V41,V42,V43
735.8854051329281,-1523.159335919739,1201.8878769191097,7764.827888919795,265.8679801669155,-3564.1181541615083,2124.707162295133,88.5688840802879,-503.90350454576594,-1126.0472532764384,-2936.583861965165,1247.6555797928597,-5150.623986293351,8126.206263953253,1540.6192125260213,2456.8367353749627,3147.780731496693,-1986.4259621720507,-932.3693444651029,4907.309454481142,-3592.4433010602575,-4343.617605291593,-1916.4424856588853,3535.981999684195,647.7306811402265,-5388.008692439356,-5069.740567693354,-1018.720523263398,2368.864131252199,4355.928200258099,-198.6843183566429,-1839.693873078784,-7928.532000697212,-1939.110317719999,5239.908821230034,-1823.9780029243543,1027.132146737862,1375.3008889900757,2871.39574770953,-1181.9999099545,-4667.923118498075,4273.648318749051,-4616.898153837792
-1523.159335919739,3156.696247521569,-2489.3395961538054,-16087.929924674958,-548.3898242550533,7382.781542695487,-4402.21542032632,-182.34108930347887,1044.926285789876,2332.4721599775958,6083.259793441355,-2584.87820010782,10672.03760776752,-16837.869273953733,-3192.4226180331584,-5092.97157240557,-6522.764180468131,4114.801667850827,1929.867986815499,-10167.599367546432,7442.368186005167,8999.901900275288,3970.281420521232,-7323.757577894104,-1343.313374153546,11165.335825997572,10505.274703268746,2110.6084121987014,-4907.639800913088,-9026.190540094587,414.5744026490794,3811.774491329573,16426.746973080215,4017.138666611617,-10857.41724970384,3778.7835437592967,-2128.5730492425423,-2851.045434498625,-5949.172125013769,2453.0266556298575,9672.8367151226,-8853.728740046554,9564.863552877854
1201.8878769191097,-2489.3395961538054,1963.6536955770657,12688.466856082958,433.4519569534621,-5823.413110369605,3471.989371622289,144.2556118784223,-823.7882412959646,-1839.8313642771836,-4798.233110310304,2038.7322603073214,-8416.80083803214,13279.482108387128,2517.688122108662,4015.7861062674347,5144.132764909659,-3245.6548014751793,-1522.8045042932097,8019.073589673304,-5870.065313413417,-7098.034629274267,-3131.4900115658097,5777.13951117736,1058.975134996768,-8805.304791506087,-8284.96316118243,-1664.6551546343624,3870.7845678831764,7118.46981148545,-325.85776755284206,-3006.2822972304602,-12955.827953833348,-3168.487302005726,8562.859810011818,-2980.4261828062013,1678.618821072063,2248.0081845111335,4692.1066142847985,-1933.1458592869167,-7628.390758923418,6983.208190568748,-7544.093380542903
7764.827888919795,-16087.929924674958,12688.466856082958,81996.10478850243,2797.709218864309,-37630.04399698876,22436.934025056675,930.6262174405676,-5324.746876834253,-11888.66027467393,-31005.979664614646,13174.619794247947,-54392.155469311365,85817.03662989766,16270.51127330416,25954.6664102741,33243.905502845606,-20973.058125984895,-9838.143093938945,51821.5081386381,-37932.75311267607,-45869.814151725805,-20235.949304749873,37330.01458510987,6845.119603275072,-56904.765526901276,-53541.30681006195,-10757.32055940966,25013.44195323193,46002.94092357216,-2109.7708204022747,-19427.521011763372,-83723.3663589802,-20474.887698272014,55336.55931601411,-19259.846252593048,10848.292021955376,14529.339374475025,30321.496769753452,-12498.011744141693,-49298.48587104556,45126.129715610405,-48750.65187948341
265.8679801669155,-548.3898242550533,433.4519569534621,2797.709218864309,96.96757757808433,-1284.9848867956077,765.5245825567619,32.46663641582236,-181.13479863493254,-405.99900056138927,-1058.5636741115625,449.6022569043653,-1855.572824871011,2927.343656414584,554.8946750887321,883.9446113886738,1133.7406934150758,-716.1347506732573,-336.8465966396036,1768.0559349064267,-1294.7615529158336,-1564.8522451880333,-690.6914506604828,1275.1948621219542,232.76978715547287,-1940.4070514836947,-1826.0395659242247,-367.08701691889036,853.7075089665876,1568.914915688544,-70.19432273929539,-662.7960943528583,-2856.864872063872,-698.9102712966359,1887.5565354112186,-657.3380148625494,369.861749018718,494.78310435047695,1034.6110493891385,-423.9528077193878,-1681.221495666831,1540.2160162347482,-1663.9118340169323
-3564.1181541615083,7382.781542695487,-5823.413110369605,-37630.04399698876,-1284.9848867956077,17270.085425406352,-10296.848155091788,-427.5824356244111,2443.279884459419,5456.248675346994,14229.855301060306,-6046.217586334581,24961.707421138843,-39383.053949160145,-7466.7634794636615,-11910.109646230921,-15256.075884500284,9625.425931226291,4515.778173101475,-23782.107890036837,17408.62348075184,21050.636775723047,9286.945117408579,-17132.704436905336,-3140.850017112283,26114.185000748756,24570.883554369277,4936.8334563047565,-11479.460335544927,-21111.399326070557,966.9840609288311,8915.721121107961,38422.88070018619,9396.64582751016,-25394.95170320971,8838.953466500428,-4978.354263756575,-6667.209294904484,-13915.31439967331,5733.92769816195,22623.71114495566,-20709.853546142363,22373.255252138544
2124.707162295133,-4402.21542032632,3471.989371622289,22436.934025056675,765.5245825567619,-10296.848155091788,6139.511672046869,254.63976297438597,-1457.0413060158237,-3253.1376002176125,-8484.284502223822,3605.0244646404726,-14883.555580436314,23482.483196695397,4452.171480619321,7102.1090085042,9096.676325752107,-5738.936281952037,-2692.033139935067,14180.13557117392,-10379.68854428125,-12551.551011502366,-5537.2427936174645,10214.742666983919,1873.0710080371937,-15571.105832051702,-14650.74235950179,-2943.569445602046,6844.527818545128,12587.986699971285,-577.3339981504425,-5316.034243090778,-22909.568219331857,-5602.623445178942,15141.98053865975,-5270.148520675194,2968.4676358257884,3975.738716591975,8296.996164104112,-3419.9224576318093,-13489.76248100769,12348.041735835079,-13339.83429950081
88.5688840802879,-182.34108930347887,144.2556118784223,930.6262174405676,32.46663641582236,-427.5824356244111,254.63976297438597,10.90022420704314,-60.17602181021769,-135.1008133817219,-352.20883074100306,149.5667703003415,-617.1947939189486,973.6442716698509,184.54342093812636,293.8056677721073,377.0499642354722,-238.2888985963283,-112.21201666515759,588.1102040042113,-430.7571320280439,-520.4985602645258,-229.78416194544022,424.3884466552099,77.3179953230034,-645.2882444316041,-607.3003486023981,-122.11380724956742,284.0108232634075,521.782579132022,-23.09819193296175,-220.46141159458838,-950.3347409000414,-232.52744570339925,627.8001098550866,-218.68295991014128,122.9907828901111,164.44974230216903,344.1572925516703,-140.67540743046317,-559.1205782515857,512.4071193928256,-553.556731247331
-503.90350454576594,1044.926285789876,-823.7882412959646,-5324.746876834253,-181.13479863493254,2443.279884459419,-1457.0413060158237,-60.17602181021769,345.98111982665404,771.908698646366,2013.26708568127,-855.5166004598166,3532.277837771902,-5573.140429271123,-1056.6834732602122,-1686.0595892088725,-2159.02271406116,1361.7770565795568,638.4568679660839,-3365.272497040446,2463.136956965579,2978.822939142507,1314.0158810600042,-2423.634681544159,-444.79943918978466,3695.768182395991,3477.2061126451254,698.5528935323631,-1624.2587360591779,-2987.641424619203,137.65388423376257,1261.630028557377,5436.833511982814,1329.5083673811946,-3593.69301751268,1250.6463457144675,-704.5795046585446,-943.8675029595413,-1969.0336091053898,812.5049835792278,3201.7005739208143,-2930.261932326122,3165.625073242403
-1126.0472532764384,2332.4721599775958,-1839.8313642771836,-11888.66027467393,-405.99900056138927,5456.248675346994,-3253.1376002176125,-135.1008133817219,771.908698646366,1723.8282378871786,4495.725330508844,-1910.2152669649674,7886.280066896967,-12442.485075530487,-2359.0099506436545,-3762.795512789601,-4819.9237193379895,3041.021574555486,1426.7146633079687,-7513.606441721744,5500.00794539795,6650.635780151203,2934.0784396509866,-5412.853201734743,-992.2915719220999,8250.372542813975,7762.796137432461,1559.7209829462352,-3626.7715046595954,-6669.824366470794,305.47264757109514,2816.7900475853844,12139.14933357255,2968.7379065275686,-8023.153045161405,2792.541001257935,-1572.8329531547165,-2106.3898798169057,-4396.340191854677,1811.506294825431,7147.614786815321,-6542.983427604355,7068.511360106272
-2936.583861965165,6083.259793441355,-4798.233110310304,-31005.979664614646,-1058.5636741115625,14229.855301060306,-8484.284502223822,-352.20883074100306,2013.26708568127,4495.725330508844,11724.861199557537,-4981.881814561001,20567.709248126277,-32450.514079974604,-6152.417532798085,-9813.799374328224,-12570.609868155765,7930.970973053717,3720.686837064618,-19595.72740904424,14344.088079839408,17345.10014914479,7652.1167950335675,-14116.591461902148,-2588.078660469185,21517.447509096753,20245.75701720118,4067.789451440266,-9458.679601383932,-17395.23764481956,797.0300117763101,7346.285993383576,31659.21951438878,7742.496945224784,-20924.724449927126,7282.992892012632,-4102.05008173103,-5493.713990389928,-11465.777940630342,4724.944543100653,18641.355680119646,-17064.19602793642,18434.783015958397
1247.6555797928597,-2584.87820010782,2038.7322603073214,13174.619794247947,449.6022569043653,-6046.217586334581,3605.0244646404726,149.5667703003415,-855.5166004598166,-1910.2152669649674,-4981.881814561001,2116.8199412388376,-8739.374308337638,13788.502298330022,2614.229522260466,4170.142494060053,5341.392093473102,-3369.8490641310555,-1580.7960724638904,8326.349603608916,-6094.824337785978,-7370.061403396029,-3251.398783289797,5998.035598660689,1099.7872331323408,-9143.03495426059,-8602.63739132036,-1728.421414804109,4019.0167547205438,7391.4247473816795,-338.885240566562,-3121.488261082536,-13452.15765110923,-3289.793576202819,8891.101910622468,-3094.5619169503557,1743.0198312526015,2334.4298613396577,4871.870185761496,-2007.9643754929523,-7920.924631336447,7250.611867764446,-7832.978878178578
-5150.623986293351,10672.03760776752,-8416.80083803214,-54392.155469311365,-1855.572824871011,24961.707421138843,-14883.555580436314,-617.1947939189486,3532.277837771902,7886.280066896967,20567.709248126277,-8739.374308337638,36081.11774474497,-56926.913251384765,-10793.100384698892,-17217.352228631367,-22052.46444542151,13912.386088224372,6525.913251225255,-34375.84052379885,25162.6152416599,30427.806682612078,13423.48069161679,-24762.597228375304,-4540.86377329596,37748.03030101685,35516.802995089274,7135.864763739651,-16592.631214544137,-30516.208173426036,1399.8602647773346,12887.269033235312,55537.89288897677,13581.967920642608,-36707.63428513029,12775.991592270042,-7196.273735042591,-9638.227655036604,-20113.77163906019,8291.036625246206,32702.335803902788,-29934.341967183263,32338.66530228942
8126.206263953253,-16837.869273953733,13279.482108387128,85817.03662989766,2927.343656414584,-39383.053949160145,23482.483196695397,973.6442716698509,-5573.140429271123,-12442.485075530487,-32450.514079974604,13788.502298330022,-56926.913251384765,89816.3786896225,17028.82457580909,27164.92072629007,34793.30069782665,-21950.12040660325,-10296.02036144167,54236.38218561821,-39700.138011597315,-48007.40966119004,-21178.806090137008,39068.82564295519,7164.4780751597145,-59557.045175833475,-56036.660861770564,-11258.57749392883,26178.920958926195,48146.9738715609,-2208.9570739400524,-20332.857878970728,-87624.67879958272,-21428.846421304886,57915.442090653836,-20157.24131946961,11353.948553138991,15206.858358764137,31734.426609847833,-13081.614738828766,-51596.154877727975,47228.71038508598,-51022.118369103984
1540.6192125260213,-3192.4226180331584,2517.688122108662,16270.51127330416,554.8946750887321,-7466.7634794636615,4452.171480619321,184.54342093812636,-1056.6834732602122,-2359.0099506436545,-6152.417532798085,2614.229522260466,-10793.100384698892,17028.82457580909,3228.6057540507163,5150.468072271536,6596.689829744071,-4161.599794212894,-1951.9877523362413,10282.973337230445,-7526.92356447769,-9101.999200219967,-4015.3847972771837,7407.1529723412295,1358.4122320416066,-11291.830095220372,-10624.351323394347,-2134.570379349152,4963.382658407458,9128.49683504085,-418.94575087456184,-3855.020825212891,-16613.214812406157,-4062.786179135306,10980.539285624982,-3821.704478833557,2152.677583542119,2883.223336147743,6016.696708342428,-2480.40405292386,-9782.456178541543,8954.304657254042,-9673.515137371563
2456.8367353749627,-5092.97157240557,4015.7861062674347,25954.6664102741,883.9446113886738,-11910.109646230921,7102.1090085042,293.8056677721073,-1686.0595892088725,-3762.795512789601,-9813.799374328224,4170.142494060053,-17217.352228631367,27164.92072629007,5150.468072271536,8217.328141013928,10523.456773009344,-6638.138711670659,-3112.858609778505,16403.44252687759,-12006.52332133996,-14519.66304740989,-6405.1341715453145,11814.657395997285,2167.5706117438212,-18013.649349766376,-16948.57069821075,-3405.021679855342,7917.370947636639,14562.320067148166,-669.7501831946477,-6149.574465013699,-26501.16677024535,-6480.695099960684,17516.5478518519,-6096.215534527852,3434.172638549167,4600.083901053093,9597.781859852224,-3958.7389246815655,-15605.625079414327,14283.463780781565,-15430.72410353592
3147.780731496693,-6522.764180468131,5144.132764909659,33243.905502845606,1133.7406934150758,-15256.075884500284,9096.676325752107,377.0499642354722,-2159.02271406116,-4819.9237193379895,-12570.609868155765,5341.392093473102,-22052.46444542151,34793.30069782665,6596.689829744071,10523.456773009344,13478.36249895178,-8502.972838388305,-3988.2854944504156,21010.170306524178,-15379.002258600312,-18597.206010770573,-8204.230098755326,15134.273640968993,2775.517894891055,-23071.480705599814,-21707.682959609363,-4361.353105969273,10141.179180409645,18651.352234903796,-856.0134902172247,-7876.578742256771,-33944.11436309071,-8301.079754128485,22435.44267564509,-7808.503424968653,4398.35415619336,5891.014082360034,12293.312913277206,-5067.99380839118,-19987.523480709486,18295.426804182483,-19764.917068711333
-1986.4259621720507,4114.801667850827,-3245.6548014751793,-20973.058125984895,-716.1347506732573,9625.425931226291,-5738.936281952037,-238.2888985963283,1361.7770565795568,3041.021574555486,7930.970973053717,-3369.8490641310555,13912.386088224372,-21950.12040660325,-4161.599794212894,-6638.138711670659,-8502.972838388305,5364.701492081854,2516.8246500590776,-13254.93135388761,9702.658217067023,11732.553688644988,5176.059338987929,-9548.842031313272,-1750.5748638367818,14554.747697807603,13694.577521033338,2751.536429043775,-6398.054696410946,-11766.435497460172,539.006653063994,4969.168419895332,21414.937343908423,5237.198701154444,-14153.862176740575,4926.373351128762,-2774.68888956883,-3715.9925147298004,-7755.681792370544,3195.8795447240136,12609.325173633864,-11542.59413419538,12469.688117789003
-932.3693444651029,1929.867986815499,-1522.8045042932097,-9838.143093938945,-336.8465966396036,4515.778173101475,-2692.033139935067,-112.21201666515759,638.4568679660839,1426.7146633079687,3720.686837064618,-1580.7960724638904,6525.913251225255,-10296.02036144167,-1951.9877523362413,-3112.858609778505,-3988.2854944504156,2516.8246500590776,1181.315554583933,-6217.629040898109,4551.670876325792,5503.4246506867485,2428.1570932926516,-4480.125856568446,-820.6898650229401,6826.690000784807,6423.436891500785,1290.7325298153253,-3001.381343605055,-5519.026215512889,251.74988163669488,2330.9179442513964,10045.55669288638,2456.8769611255157,-6639.040329583124,2311.003495666456,-1301.3926658608843,-1742.5324938365545,-3638.0974017638196,1497.6295807519052,5914.329287988589,-5414.766794557919,5849.668937572566
4907.309454481142,-10167.599367546432,8019.073589673304,51821.5081386381,1768.0559349064267,-23782.107890036837,14180.13557117392,588.1102040042113,-3365.272497040446,-7513.606441721744,-19595.72740904424,8326.349603608916,-34375.84052379885,54236.38218561821,10282.973337230445,16403.44252687759,21010.170306524178,-13254.93135388761,-6217.629040898109,32751.180204904464,-23973.45479342571,-28989.720028646476,-12789.09742402391,23592.461218588283,4326.162707568234,-35963.86574380801,-33838.13623465153,-6798.619715870092,15808.470491159067,29073.88642968897,-1333.4874904451735,-12278.190717693084,-52913.122828092935,-12940.102185796777,34972.71856535425,-12172.203650260777,6856.1343798378075,9182.597627617573,19163.172268165832,-7898.895406713331,-31156.67838183727,28519.665118917528,-30810.360151857014
-3592.4433010602575,7442.368186005167,-5870.065313413417,-37932.75311267607,-1294.7615529158336,17408.62348075184,-10379.68854428125,-430.7571320280439,2463.136956965579,5500.00794539795,14344.088079839408,-6094.824337785978,25162.6152416599,-39700.138011597315,-7526.92356447769,-12006.52332133996,-15379.002258600312,9702.658217067023,4551.670876325792,-23973.45479342571,17548.480788768917,21220.059620490807,9361.563348899577,-17269.971487971765,-3166.407739802028,26324.69633469567,24768.833871451985,4976.52965724288,-11571.713000606029,-21281.488972458155,975.4274973431307,8987.468841265016,38731.885474930335,9472.121927900733,-25599.43356461077,8909.985982771286,-5018.506614328957,-6721.198256872963,-14027.238855717718,5780.973638853072,22806.01742188406,-20876.26100959293,22553.033710131953
-4343.617605291593,8999.901900275288,-7098.034629274267,-45869.814151725805,-1564.8522451880333,21050.636775723047,-12551.551011502366,-520.4985602645258,2978.822939142507,6650.635780151203,17345.10014914479,-7370.061403396029,30427.806682612078,-48007.40966119004,-9101.999200219967,-14519.66304740989,-18597.206010770573,11732.553688644988,5503.4246506867485,-28989.720028646476,21220.059620490807,25660.275630881264,11320.248360376792,-20882.72876231305,-3829.3776803661967,31833.532049524332,29951.905080354685,6017.794588413606,-13992.84607450083,-25734.820790585167,1180.5058029638726,10868.048669006526,46836.03611791268,11453.904021557519,-30956.155922729402,10774.20943702564,-6068.7348592021945,-8128.067961399579,-16962.28037958122,6991.942474000117,27578.417262007162,-25244.136724092852,27271.74309027982
-1916.4424856588853,3970.281420521232,-3131.4900115658097,-20235.949304749873,-690.6914506604828,9286.945117408579,-5537.2427936174645,-229.78416194544022,1314.0158810600042,2934.0784396509866,7652.1167950335675,-3251.398783289797,13423.48069161679,-21178.806090137008,-4015.3847972771837,-6405.1341715453145,-8204.230098755326,5176.059338987929,2428.1570932926516,-12789.09742402391,9361.563348899577,11320.248360376792,4994.100499320326,-9212.971596332136,-1689.192917688983,14043.429101579584,13213.418482093972,2654.8237806167826,-6173.1467108633415,-11353.026626128381,520.3886240349158,4794.537502116698,20662.258194359336,5053.079006469053,-13656.513550342777,4753.198583445247,-2677.2223325036184,-3585.5662336617283,-7483.097022052941,3084.009533525685,12166.317609421361,-11136.830811775944,12031.336760432132
3535.981999684195,-7323.757577894104,5777.13951117736,37330.01458510987,1275.1948621219542,-17132.704436905336,10214.742666983919,424.3884466552099,-2423.634681544159,-5412.853201734743,-14116.591461902148,5998.035598660689,-24762.597228375304,39068.82564295519,7407.1529723412295,11814.657395997285,15134.273640968993,-9548.842031313272,-4480.125856568446,23592.461218588283,-17269.971487971765,-20882.72876231305,-9212.971596332136,16996.553729291656,3115.5706193356414,-25905.615700296938,-24374.737967663335,-4897.485607042297,11388.007919350754,20942.86218208103,-958.7339423039264,-8844.613297630642,-38116.5967030736,-9321.81763314438,25192.315005768734,-8768.53702850234,4938.5760630263285,6613.761681531237,13804.378080053228,-5687.462432935521,-22443.074733617545,20544.88531152103,-22195.032662288042
647.7306811402265,-1343.313374153546,1058.975134996768,6845.119603275072,232.76978715547287,-3140.850017112283,1873.0710080371937,77.3179953230034,-444.79943918978466,-992.2915719220999,-2588.078660469185,1099.7872331323408,-4540.86377329596,7164.4780751597145,1358.4122320416066,2167.5706117438212,2775.517894891055,-1750.5748638367818,-820.6898650229401,4326.162707568234,-3166.407739802028,-3829.3776803661967,-1689.192917688983,3115.5706193356414,571.8468121874873,-4751.085587673107,-4470.095560393412,-898.0078225914087,2088.01879542617,3840.740952053428,-177.0582862382974,-1621.866746267293,-6989.197906465815,-1709.1052416024568,4619.8282326099625,-1607.7321169109046,905.7735755126313,1213.423136248449,2531.2486956085913,-1044.6378485182552,-4115.928102241418,3766.90977780358,-4069.4746072606454
-5388.008692439356,11165.335825997572,-8805.304791506087,-56904.765526901276,-1940.4070514836947,26114.185000748756,-15571.105832051702,-645.2882444316041,3695.768182395991,8250.372542813975,21517.447509096753,-9143.03495426059,37748.03030101685,-59557.045175833475,-11291.830095220372,-18013.649349766376,-23071.480705599814,14554.747697807603,6826.690000784807,-35963.86574380801,26324.69633469567,31833.532049524332,14043.429101579584,-25905.615700296938,-4751.085587673107,39492.468904080495,37157.941163058094,7465.473944252288,-17358.971845799642,-31926.29768236172,1465.5732819173613,13482.629846485186,58103.3000289728,14209.198781799332,-38403.62840921632,13366.058132186752,-7528.865966852703,-10084.019651354101,-21042.890313263357,8675.485753566596,34213.49252342474,-31316.840289778906,33832.21401506486
-5069.740567693354,10505.274703268746,-8284.96316118243,-53541.30681006195,-1826.0395659242247,24570.883554369277,-14650.74235950179,-607.3003486023981,3477.2061126451254,7762.796137432461,20245.75701720118,-8602.63739132036,35516.802995089274,-56036.660861770564,-10624.351323394347,-16948.57069821075,-21707.682959609363,13694.577521033338,6423.436891500785,-33838.13623465153,24768.833871451985,29951.905080354685,13213.418482093972,-24374.737967663335,-4470.095560393412,37157.941163058094,34961.48441663892,7024.2237210538005,-16332.991763290687,-30039.0847909726,1378.5638164288973,12685.699378758203,54669.04726777857,13369.404247288086,-36133.599441997816,12576.074260030202,-7083.798215107624,-9487.779963452595,-19799.121119034593,8162.17368275574,32191.0613707535,-29465.911679168137,31832.615510201216
-1018.720523263398,2110.6084121987014,-1664.6551546343624,-10757.32055940966,-367.08701691889036,4936.8334563047565,-2943.569445602046,-122.11380724956742,698.5528935323631,1559.7209829462352,4067.789451440266,-1728.421414804109,7135.864763739651,-11258.57749392883,-2134.570379349152,-3405.021679855342,-4361.353105969273,2751.536429043775,1290.7325298153253,-6798.619715870092,4976.52965724288,6017.794588413606,2654.8237806167826,-4897.485607042297,-898.0078225914087,7465.473944252288,7024.2237210538005,1411.2873735297762,-3281.597925570402,-6035.245006887935,276.73162819646626,2548.75389547827,10983.932184429777,2686.1728864686656,-7259.756586447206,2526.7642615536934,-1423.2119353714309,-1906.118799879841,-3977.9714664317926,1639.5754269949896,6467.593434347364,-5920.251289170114,6395.764349879365
2368.864131252199,-4907.639800913088,3870.7845678831764,25013.44195323193,853.7075089665876,-11479.460335544927,6844.527818545128,284.0108232634075,-1624.2587360591779,-3626.7715046595954,-9458.679601383932,4019.0167547205438,-16592.631214544137,26178.920958926195,4963.382658407458,7917.370947636639,10141.179180409645,-6398.054696410946,-3001.381343605055,15808.470491159067,-11571.713000606029,-13992.84607450083,-6173.1467108633415,11388.007919350754,2088.01879542617,-17358.971845799642,-16332.991763290687,-3281.597925570402,7630.553025057908,14033.378417828928,-643.3047603038143,-5926.479183598738,-25540.390666283663,-6246.047291635737,16880.68837676931,-5875.372123342953,3309.295217581218,4432.111354069041,9249.77535564874,-3812.191623201911,-15038.68312910987,13766.101708589615,-14871.79009454222
4355.928200258099,-9026.190540094587,7118.46981148545,46002.94092357216,1568.914915688544,-21111.399326070557,12587.986699971285,521.782579132022,-2987.641424619203,-6669.824366470794,-17395.23764481956,7391.4247473816795,-30516.208173426036,48146.9738715609,9128.49683504085,14562.320067148166,18651.352234903796,-11766.435497460172,-5519.026215512889,29073.88642968897,-21281.488972458155,-25734.820790585167,-11353.026626128381,20942.86218208103,3840.740952053428,-31926.29768236172,-30039.0847909726,-6035.245006887935,14033.378417828928,25809.734538294302,-1184.5002990397402,-10899.613452644478,-46971.89685479528,-11487.049138878136,31046.16682716528,-10805.418345761076,6086.437529040534,8151.961885358807,17011.496629589492,-7013.02182103759,-27658.725325849362,25317.239870418976,-27350.722391578263
-198.6843183566429,414.5744026490794,-325.85776755284206,-2109.7708204022747,-70.19432273929539,966.9840609288311,-577.3339981504425,-23.09819193296175,137.65388423376257,305.47264757109514,797.0300117763101,-338.885240566562,1399.8602647773346,-2208.9570739400524,-418.94575087456184,-669.7501831946477,-856.0134902172247,539.006653063994,251.74988163669488,-1333.4874904451735,975.4274973431307,1180.5058029638726,520.3886240349158,-958.7339423039264,-177.0582862382974,1465.5732819173613,1378.5638164288973,276.73162819646626,-643.3047603038143,-1184.5002990397402,56.409836307594524,499.9575639226636,2153.950738005985,526.4579051877005,-1424.4439773040044,495.33113090764783,-279.4628810306818,-374.9788535061076,-780.1278027264527,324.5176341389392,1269.4583392400657,-1160.494716865602,1253.7221726401795
-1839.693873078784,3811.774491329573,-3006.2822972304602,-19427.521011763372,-662.7960943528583,8915.721121107961,-5316.034243090778,-220.46141159458838,1261.630028557377,2816.7900475853844,7346.285993383576,-3121.488261082536,12887.269033235312,-20332.857878970728,-3855.020825212891,-6149.574465013699,-7876.578742256771,4969.168419895332,2330.9179442513964,-12278.190717693084,8987.468841265016,10868.048669006526,4794.537502116698,-8844.613297630642,-1621.866746267293,13482.629846485186,12685.699378758203,2548.75389547827,-5926.479183598738,-10899.613452644478,499.9575639226636,4603.009609399902,19836.754458089374,4851.146534092682,-13111.040150378829,4563.269503764429,-2570.323509867456,-3442.5143170932624,-7184.138278080376,2961.29941351452,11680.44087067011,-10691.810871771297,11550.575820246731
-7928.532000697212,16426.746973080215,-12955.827953833348,-83723.3663589802,-2856.864872063872,38422.88070018619,-22909.568219331857,-950.3347409000414,5436.833511982814,12139.14933357255,31659.21951438878,-13452.15765110923,55537.89288897677,-87624.67879958272,-16613.214812406157,-26501.16677024535,-33944.11436309071,21414.937343908423,10045.55669288638,-52913.122828092935,38731.885474930335,46836.03611791268,20662.258194359336,-38116.5967030736,-6989.197906465815,58103.3000289728,54669.04726777857,10983.932184429777,-25540.390666283663,-46971.89685479528,2153.950738005985,19836.754458089374,85487.04547822896,20906.239593259692,-56502.15562666327,19665.586209962174,-11076.77169722718,-14835.261745957412,-30960.230136358885,12760.920668119981,50336.84282356362,-46076.79415668714,49777.67142659741
-1939.110317719999,4017.138666611617,-3168.487302005726,-20474.887698272014,-698.9102712966359,9396.64582751016,-5602.623445178942,-232.52744570339925,1329.5083673811946,2968.7379065275686,7742.496945224784,-3289.793576202819,13581.967920642608,-21428.846421304886,-4062.786179135306,-6480.695099960684,-8301.079754128485,5237.198701154444,2456.8769611255157,-12940.102185796777,9472.121927900733,11453.904021557519,5053.079006469053,-9321.81763314438,-1709.1052416024568,14209.198781799332,13369.404247288086,2686.1728864686656,-6246.047291635737,-11487.049138878136,526.4579051877005,4851.146534092682,20906.239593259692,5112.756714625912,-13817.742256339034,4809.330599719626,-2708.822106280481,-3627.8629887511465,-7571.456299546057,3120.320144037932,12309.937340735798,-11268.351772045498,12173.420808908548
5239.908821230034,-10857.41724970384,8562.859810011818,55336.55931601411,1887.5565354112186,-25394.95170320971,15141.98053865975,627.8001098550866,-3593.69301751268,-8023.153045161405,-20924.724449927126,8891.101910622468,-36707.63428513029,57915.442090653836,10980.539285624982,17516.5478518519,22435.44267564509,-14153.862176740575,-6639.040329583124,34972.71856535425,-25599.43356461077,-30956.155922729402,-13656.513550342777,25192.315005768734,4619.8282326099625,-38403.62840921632,-36133.599441997816,-7259.756586447206,16880.68837676931,31046.16682716528,-1424.4439773040044,-13111.040150378829,-56502.15562666327,-13817.742256339034,37345.066169955644,-12997.789696370197,7321.265511499946,9805.723708203996,20462.998079088065,-8435.377865765762,-33270.27331852122,30454.008592475268,-32900.073736451486
-1823.9780029243543,3778.7835437592967,-2980.4261828062013,-19259.846252593048,-657.3380148625494,8838.953466500428,-5270.148520675194,-218.68295991014128,1250.6463457144675,2792.541001257935,7282.992892012632,-3094.5619169503557,12775.991592270042,-20157.24131946961,-3821.704478833557,-6096.215534527852,-7808.503424968653,4926.373351128762,2311.003495666456,-12172.203650260777,8909.985982771286,10774.20943702564,4753.198583445247,-8768.53702850234,-1607.7321169109046,13366.058132186752,12576.074260030202,2526.7642615536934,-5875.372123342953,-10805.418345761076,495.33113090764783,4563.269503764429,19665.586209962174,4809.330599719626,-12997.789696370197,4523.918233902225,-2548.090543658168,-3412.636158429234,-7122.140610465941,2935.309939560339,11579.482602718144,-10599.621080803754,11450.97882272013
1027.132146737862,-2128.5730492425423,1678.618821072063,10848.292021955376,369.861749018718,-4978.354263756575,2968.4676358257884,122.9907828901111,-704.5795046585446,-1572.8329531547165,-4102.05008173103,1743.0198312526015,-7196.273735042591,11353.948553138991,2152.677583542119,3434.172638549167,4398.35415619336,-2774.68888956883,-1301.3926658608843,6856.1343798378075,-5018.506614328957,-6068.7348592021945,-2677.2223325036184,4938.5760630263285,905.7735755126313,-7528.865966852703,-7083.798215107624,-1423.2119353714309,3309.295217581218,6086.437529040534,-279.4628810306818,-2570.323509867456,-11076.77169722718,-2708.822106280481,7321.265511499946,-2548.090543658168,1435.3092560276739,1922.4475169723053,4011.60308166539,-1653.9821908085946,-6522.472172590435,5970.205483288473,-6449.733872181277
1375.3008889900757,-2851.045434498625,2248.0081845111335,14529.339374475025,494.78310435047695,-6667.209294904484,3975.738716591975,164.44974230216903,-943.8675029595413,-2106.3898798169057,-5493.713990389928,2334.4298613396577,-9638.227655036604,15206.858358764137,2883.223336147743,4600.083901053093,5891.014082360034,-3715.9925147298004,-1742.5324938365545,9182.597627617573,-6721.198256872963,-8128.067961399579,-3585.5662336617283,6613.761681531237,1213.423136248449,-10084.019651354101,-9487.779963452595,-1906.118799879841,4432.111354069041,8151.961885358807,-374.9788535061076,-3442.5143170932624,-14835.261745957412,-3627.8629887511465,9805.723708203996,-3412.636158429234,1922.4475169723053,2575.141653377664,5372.8063529399815,-2216.1653244915187,-8736.004843615414,7995.821762376815,-8638.053561863935
2871.39574770953,-5949.172125013769,4692.1066142847985,30321.496769753452,1034.6110493891385,-13915.31439967331,8296.996164104112,344.1572925516703,-1969.0336091053898,-4396.340191854677,-11465.777940630342,4871.870185761496,-20113.77163906019,31734.426609847833,6016.696708342428,9597.781859852224,12293.312913277206,-7755.681792370544,-3638.0974017638196,19163.172268165832,-14027.238855717718,-16962.28037958122,-7483.097022052941,13804.378080053228,2531.2486956085913,-21042.890313263357,-19799.121119034593,-3977.9714664317926,9249.77535564874,17011.496629589492,-780.1278027264527,-7184.138278080376,-30960.230136358885,-7571.456299546057,20462.998079088065,-7122.140610465941,4011.60308166539,5372.8063529399815,11212.645558077491,-4621.5967137798825,-18230.158832302077,16687.291839996964,-18027.61157373218
-1181.9999099545,2453.0266556298575,-1933.1458592869167,-12498.011744141693,-423.9528077193878,5733.92769816195,-3419.9224576318093,-140.67540743046317,812.5049835792278,1811.506294825431,4724.944543100653,-2007.9643754929523,8291.036625246206,-13081.614738828766,-2480.40405292386,-3958.7389246815655,-5067.99380839118,3195.8795447240136,1497.6295807519052,-7898.895406713331,5780.973638853072,6991.942474000117,3084.009533525685,-5687.462432935521,-1044.6378485182552,8675.485753566596,8162.17368275574,1639.5754269949896,-3812.191623201911,-7013.02182103759,324.5176341389392,2961.29941351452,12760.920668119981,3120.320144037932,-8435.377865765762,2935.309939560339,-1653.9821908085946,-2216.1653244915187,-4621.5967137798825,1909.0453757610082,7515.561408194181,-6877.375824677564,7429.788512640082
-4667.923118498075,9672.8367151226,-7628.390758923418,-49298.48587104556,-1681.221495666831,22623.71114495566,-13489.76248100769,-559.1205782515857,3201.7005739208143,7147.614786815321,18641.355680119646,-7920.924631336447,32702.335803902788,-51596.154877727975,-9782.456178541543,-15605.625079414327,-19987.523480709486,12609.325173633864,5914.329287988589,-31156.67838183727,22806.01742188406,27578.417262007162,12166.317609421361,-22443.074733617545,-4115.928102241418,34213.49252342474,32191.0613707535,6467.593434347364,-15038.68312910987,-27658.725325849362,1269.4583392400657,11680.44087067011,50336.84282356362,12309.937340735798,-33270.27331852122,11579.482602718144,-6522.472172590435,-8736.004843615414,-18230.158832302077,7515.561408194181,29640.181597055333,-27130.879272150432,29310.034328831716
4273.648318749051,-8853.728740046554,6983.208190568748,45126.129715610405,1540.2160162347482,-20709.853546142363,12348.041735835079,512.4071193928256,-2930.261932326122,-6542.983427604355,-17064.19602793642,7250.611867764446,-29934.341967183263,47228.71038508598,8954.304657254042,14283.463780781565,18295.426804182483,-11542.59413419538,-5414.766794557919,28519.665118917528,-20876.26100959293,-25244.136724092852,-11136.830811775944,20544.88531152103,3766.90977780358,-31316.840289778906,-29465.911679168137,-5920.251289170114,13766.101708589615,25317.239870418976,-1160.494716865602,-10691.810871771297,-46076.79415668714,-11268.351772045498,30454.008592475268,-10599.621080803754,5970.205483288473,7995.821762376815,16687.291839996964,-6877.375824677564,-27130.879272150432,24835.10394880639,-26829.84997551007
-4616.898153837792,9564.863552877854,-7544.093380542903,-48750.65187948341,-1663.9118340169323,22373.255252138544,-13339.83429950081,-553.556731247331,3165.625073242403,7068.511360106272,18434.783015958397,-7832.978878178578,32338.66530228942,-51022.118369103984,-9673.515137371563,-15430.72410353592,-19764.917068711333,12469.688117789003,5849.668937572566,-30810.360151857014,22553.033710131953,27271.74309027982,12031.336760432132,-22195.032662288042,-4069.4746072606454,33832.21401506486,31832.615510201216,6395.764349879365,-14871.79009454222,-27350.722391578263,1253.7221726401795,11550.575820246731,49777.67142659741,12173.420808908548,-32900.073736451486,11450.97882272013,-6449.733872181277,-8638.053561863935,-18027.61157373218,7429.788512640082,29310.034328831716,-26829.84997551007,28984.81344268532
