V1,V2,V3,V4,V5,V6,V7,V8,V9,V10,V11,V12,V13,V14,V15,V16,V17,V18,V19,V20,V21,V22,V23,V24,V25,V26,V27,V28,V29,V30,V31,V32,V33,V34,V35,V36,V37,V38,V39,V40,V41,V42,V43
1867.0440545089425,891.6389471006213,-1408.1799875520344,-5379.146799805672,6406.354304330774,-3077.8994383140766,5461.610216672545,-2250.335099034277,-1428.4255696279959,1800.4774887963551,1022.6972065846765,-229.43297713668557,-4808.3623554114,-10643.868897248425,3847.2485758632756,1912.1435016084245,-5412.789299396209,-1715.4734272116063,2178.4811779029606,-3490.989933018579,52.68758215071357,3220.0609550645386,-3510.5421553981173,1948.0296463251248,876.8716124887717,-4794.743603278709,-362.8688963986442,1341.9567524143417,-4232.717244298643,-8709.80560156331,1660.4996791679143,7240.822231628336,-3278.6509380753823,-1134.8533165761557,-2625.5105048325363,-1023.7008506830967,3245.255524444868,-6055.6624833919295,155.33910285662725,2040.9007351648681,732.9169393706743,3059.125093870158,-7029.503950541791
891.6389471006213,427.6216038560523,-674.443950249588,-2570.404236954769,3063.795245295931,-1470.621741575882,2611.293914899594,-1074.197094478781,-684.6888722797552,860.48869401041,489.15354177428543,-109.26983484479055,-2298.5846946708994,-5089.582457104837,1838.5693056186494,912.8983356327059,-2587.977562421583,-820.1283415164637,1041.1734381684228,-1668.21343688486,25.035906681342542,1539.4403898212358,-1679.0782677057227,929.50445520119,419.2036175473079,-2293.5765576298995,-172.89365137642528,642.9553872763163,-2025.122639402513,-4166.204647922859,793.9941199030295,3462.5487260815544,-1566.862644300403,-542.0817825565833,-1255.4321705284322,-488.1657380061654,1552.1890094504754,-2896.107394204122,73.9994661933629,974.3728928755761,351.88908451718225,1462.5226699414422,-3360.6642224746306
-1408.1799875520344,-674.443950249588,1064.2072556854694,4058.7491307899577,-4836.5595032611345,2322.2173778667793,-4122.578052707698,1696.7443656458292,1080.0907731780244,-1358.6689723178224,-772.162283528785,172.72535115886947,3629.0750631757874,8034.910271259328,-2903.059132782935,-1441.8987277314714,4085.74655419563,1294.8249434688928,-1643.9439840469227,2634.1254275004508,-39.617066714554035,-2430.4401670959246,2650.5508503727874,-1468.369866108647,-661.8498700426576,3620.4283841262513,273.23470044550163,-1014.4033296695374,3196.477258835844,6576.486685976574,-1253.467857625699,-5466.210167097245,2474.028811304412,856.0620140747441,1981.9612495575545,771.3314666718741,-2450.235662986453,4571.842044613936,-116.95753805973523,-1538.9855278256127,-554.820032550187,-2309.0029294453816,5305.791405725599
-5379.146799805672,-2570.404236954769,4058.7491307899577,15499.320999445023,-18461.183454164464,8868.382351178356,-15738.101013186868,6483.063135724549,4117.5862737975185,-5187.92105972945,-2947.174461613284,660.816268238949,13855.324708661954,30671.783395534425,-11085.390368919927,-5508.883151178211,15597.487759535114,4943.243949977123,-6277.1136118304275,10058.825271494317,-151.70015274326505,-9278.763873925474,10116.578937860297,-5611.78138763519,-2526.8050379475076,13817.452493690607,1045.0120625354066,-3868.101002385007,12198.145473687597,25099.791227258254,-4784.944279252438,-20865.580236425358,9447.07220930913,3269.779975026898,7565.781054619541,2948.794113094626,-9351.987144672348,17450.596697293848,-447.34065303478894,-5879.763881399619,-2113.2459184791037,-8815.034136056525,20256.003983878603
6406.354304330774,3063.795245295931,-4836.5595032611345,-18461.183454164464,21992.664964876138,-10562.87993584236,18747.71639398369,-7720.38598782473,-4907.449703072692,6179.5248503072635,3511.012494338467,-786.5909932566954,-16504.36726979257,-36537.95432577227,13204.025751659718,6560.4702757536625,-18580.257041833793,-5888.463870355742,7476.9221761298995,-11981.136108880035,180.47743700917363,11052.949398037494,-12052.055048408482,6682.230504533095,3009.936693499738,-16461.369159185484,-1243.9964586357623,4609.709035793639,-14532.7664790897,-29902.337590685085,5700.100869584111,24856.5348639504,-11252.624610975841,-3894.338735748729,-9012.788883557998,-3510.8892012443084,11141.193303389111,-20788.800468357556,532.4778811051149,7002.1687452206625,2519.4374233247436,10500.581649648882,-24129.184422030514
-3077.8994383140766,-1470.621741575882,2322.2173778667793,8868.382351178356,-10562.87993584236,5074.363980061664,-9004.896498115462,3709.577429738705,2355.817736024611,-2968.408988970653,-1686.2734499772027,378.10689658255734,7927.682614960906,17549.45661017369,-6342.853951679403,-3152.1421725048017,8924.40663086721,2828.3673773346814,-3591.645430921218,5755.445450794977,-86.82517749209289,-5309.0808081318255,5788.322852415389,-3211.11731452902,-1445.7511570702359,7905.840206439112,598.0389953644257,-2213.09065680922,6979.298553101755,14361.153436219767,-2737.785210836682,-11938.64465916303,5405.431306332953,1870.9031785186412,4328.886049570069,1687.3217266635602,-5350.881204089467,9984.667344333626,-256.0298709110144,-3364.375481353666,-1208.9947810046212,-5043.748604432901,11589.90410861484
5461.610216672545,2611.293914899594,-4122.578052707698,-15738.101013186868,18747.71639398369,-9004.896498115462,15981.823206101377,-6582.040738980905,-4182.783306355225,5267.980792413626,2992.950150596964,-670.6921728923173,-14069.603530383629,-31147.19683573205,11256.349987498546,5593.096795003503,-15839.040924038623,-5019.748245669461,6373.995864086476,-10213.869482827173,153.91633951874104,9422.333633671791,-10273.72343628022,5697.115577391483,2565.878430454882,-14032.3479813289,-1060.7249527167028,3929.114429174527,-12388.177337759746,-25490.025667651993,4859.114270707571,21189.16623547595,-9592.781668688605,-3319.9820875704695,-7683.053671620107,-2993.4099663527377,9497.283905504808,-17721.478826332397,454.0428338590953,5969.678655856082,2147.168680534428,8951.452180239734,-20569.429142754794
-2250.335099034277,-1074.197094478781,1696.7443656458292,6483.063135724549,-7720.38598782473,3709.577429738705,-6582.040738980905,2712.450364047061,1720.9943370666292,-2169.9343445158447,-1232.452015069941,276.62236025048804,5794.872650474972,12827.282299393646,-4636.7258191823585,-2304.7720680116854,6523.204621528762,2067.4204903163127,-2625.491383005788,4207.395605246294,-63.538646537112214,-3880.676957069761,4230.562332317831,-2348.1624123445595,-1056.777821919245,5778.070971148711,437.4562154868232,-1616.8961311755447,5100.676484572654,10496.103089873199,-2001.1244057209262,-8726.097537010293,3951.441712664665,1367.806389618195,3164.096783246945,1234.05577304896,-3910.856879681612,7297.752019231754,-187.27103176548144,-2459.957550447184,-882.881859410563,-3686.7172975669964,8471.66852146857
-1428.4255696279959,-684.6888722797552,1080.0907731780244,4117.5862737975185,-4907.449703072692,2355.817736024611,-4182.783306355225,1720.9943370666292,1096.3929962408076,-1378.4050892979858,-783.4944972781476,175.13085840197445,3681.9464638582303,8152.425046387721,-2945.179870079268,-1462.549419287337,4145.443607450696,1313.7162475780726,-1667.8210415708347,2672.3290891543197,-40.13274998663948,-2465.8914042711112,2689.463326913616,-1489.2235846439476,-671.5060107352004,3673.6504815843923,277.0210664084238,-1029.6294620826525,3243.5866506758134,6673.1238996878965,-1271.8132009557569,-5546.214330208945,2509.9358114522242,868.4186167115105,2010.9517057487617,782.2050199255549,-2486.197527778577,4638.846366698349,-118.55870755027485,-1561.023365720272,-563.3777554034242,-2342.6811767482545,5383.203932165427
1800.4774887963551,860.48869401041,-1358.6689723178224,-5187.92105972945,6179.5248503072635,-2968.408988970653,5267.980792413626,-2169.9343445158447,-1378.4050892979858,1736.521583973469,986.5044581287241,-221.15902520259885,-4637.746741066165,-10266.721988231442,3710.5274232256193,1843.8750657986736,-5220.912710177171,-1654.6415814559587,2101.094882729717,-3366.9083057347702,50.759121712255656,3105.8426470629233,-3386.324175021702,1878.2669257515786,845.7752925085271,-4625.166862089694,-349.76356730696523,1294.8678349332522,-4083.158337726868,-8401.728785484818,1601.6658086906675,6984.321802760319,-3162.1455486054797,-1094.4418956118045,-2532.4882712740573,-986.9506691242606,3130.413188712877,-5841.255486868568,149.71275565563988,1968.0299733120926,707.466430367046,2950.622234641755,-6780.203946379846
1022.6972065846765,489.15354177428543,-772.162283528785,-2947.174461613284,3511.012494338467,-1686.2734499772027,2992.950150596964,-1232.452015069941,-783.4944972781476,986.5044581287241,560.5238104576614,-125.56014590013832,-2634.7965845105396,-5833.076418986294,2107.9065401299795,1047.2948283217,-2966.2144850241702,-940.0490310224016,1193.6302759437228,-1912.6750482078705,28.815870608873947,1764.5319920113059,-1924.0668496605922,1066.7224483097168,480.5243973319983,-2627.9870532874947,-198.56943795603144,735.9479523621865,-2320.107368169331,-4773.779887903978,909.9792726824755,3968.210725912102,-1796.3843048959116,-621.6914079573463,-1438.8357773136356,-560.447257043629,1778.6366615437005,-3318.8242553429736,85.00463467625924,1117.7951188319792,402.2616444902399,1676.3529144749332,-3852.0732836884845
-229.43297713668557,-109.26983484479055,172.72535115886947,660.816268238949,-786.5909932566954,378.10689658255734,-670.6921728923173,276.62236025048804,175.13085840197445,-221.15902520259885,-125.56014590013832,28.26125404769103,590.5170684740193,1307.004405675422,-472.57000968855743,-235.02919829682065,664.7134192149271,210.68458592168722,-267.5710541434358,428.8463751903682,-6.4869982013523595,-395.43779899552345,431.0240316421952,-239.49990548631467,-107.6999289787745,588.6292324850867,44.622799352328904,-164.58241142154478,519.568261965095,1069.309763706332,-203.90887745985117,-889.0890195985103,402.7268423786637,139.45516975982102,322.4101188583934,125.92184482453216,-398.4349454702636,743.5172398437866,-19.09148859630976,-250.842122574071,-89.77634587382894,-375.66650024019725,863.2960414710943
-4808.3623554114,-2298.5846946708994,3629.0750631757874,13855.324708661954,-16504.36726979257,7927.682614960906,-14069.603530383629,5794.872650474972,3681.9464638582303,-4637.746741066165,-2634.7965845105396,590.5170684740193,12386.293468386502,27420.291354923444,-9909.73673529418,-4924.169740435466,13943.880203394569,4419.143857727928,-5611.44679667969,8991.975811193166,-135.5301325653359,-8294.985805325041,9044.29923399687,-5015.87327606467,-2258.858310077138,12353.127241221478,933.9832605567135,-3458.7047129113885,10905.62513482088,22439.693127551123,-4277.706696501457,-18653.753361637748,8445.179899236517,2922.844534471917,6763.736445751269,2635.526365803451,-8360.806414643488,15600.932156420213,-399.7940991200469,-5255.742269485355,-1889.929983652306,-7880.441164060671,18108.317408322728
-10643.868897248425,-5089.582457104837,8034.910271259328,30671.783395534425,-36537.95432577227,17549.45661017369,-31147.19683573205,12827.282299393646,8152.425046387721,-10266.721988231442,-5833.076418986294,1307.004405675422,27420.291354923444,60703.4284377426,-21937.358964292096,-10900.045257036947,30868.94639323443,9783.043706972758,-12422.232001689506,19905.660370919497,-299.9376916306443,-18363.272656274694,20022.858910803334,-11102.58314273761,-5000.695431780842,27348.207718878857,2067.017725614113,-7657.930231449011,24143.943788843677,49678.52879406291,-9470.00907617187,-41296.06387988457,18695.258328846092,6470.209651809462,14973.66736139836,5833.490451970522,-18509.57740877294,34537.8973043513,-884.7926732616838,-11633.90264144465,-4185.129028330121,-17445.57817356877,40088.02013961177
3847.2485758632756,1838.5693056186494,-2903.059132782935,-11085.390368919927,13204.025751659718,-6342.853951679403,11256.349987498546,-4636.7258191823585,-2945.179870079268,3710.5274232256193,2107.9065401299795,-472.57000968855743,-9909.73673529418,-21937.358964292096,7928.547423568898,3939.9928309943643,-11155.753847419273,-3535.5348209771355,4489.558019933086,-7194.2898617675455,108.48374718528109,6636.438673336889,-7235.662207903291,4013.565452500245,1807.2066378076017,-9882.727024583279,-747.4365088374949,2766.69745499175,-8724.575202297683,-17952.19662519706,3422.3358367987394,14923.707000724475,-6756.778000865747,-2338.575991697822,-5411.257499400194,-2108.9491918430135,6688.855874702892,-12481.237892947194,319.9586899426571,4205.289586000362,1511.5643204362502,6304.770556206955,-14487.601551034213
1912.1435016084245,912.8983356327059,-1441.8987277314714,-5508.883151178211,6560.4702757536625,-3152.1421725048017,5593.096795003503,-2304.7720680116854,-1462.549419287337,1843.8750657986736,1047.2948283217,-235.02919829682065,-4924.169740435466,-10900.045257036947,3939.9928309943643,1958.3806933634546,-5543.104877991778,-1756.7871196622057,2230.9821868169697,-3575.1687391000555,53.979778431405016,3297.5999522525553,-3594.982010500204,1995.2056780694577,897.9985782494032,-4910.010667846106,-371.67630779786197,1374.0605117941623,-4334.413795418084,-8919.226942892345,1700.4652743376532,7415.059562334139,-3357.687063124131,-1162.258398307436,-2688.705891163631,-1048.5412002083053,3323.299836676649,-6201.333639188768,159.10992966769177,2090.239860235993,750.3452163234831,3132.784587776393,-7198.794757736386
-5412.789299396209,-2587.977562421583,4085.74655419563,15597.487759535114,-18580.257041833793,8924.40663086721,-15839.040924038623,6523.204621528762,4145.443607450696,-5220.912710177171,-2966.2144850241702,664.7134192149271,13943.880203394569,30868.94639323443,-11155.753847419273,-5543.104877991778,15697.566415492292,4974.90746575106,-6317.0284948193,10122.612900073917,-152.51810675335062,-9338.145427009913,10181.972705410964,-5646.159948610685,-2542.9627892177487,13907.013620085398,1051.2031919004623,-3894.039292110939,12277.534941089862,25262.363794510293,-4815.725331464067,-20999.8714029287,9507.059038088215,3290.3287627513555,7614.427891997406,2966.6463213946054,-9412.451283203609,17563.16653222364,-449.94533636610146,-5916.311520701659,-2128.0228781056976,-8871.460595852697,20385.674638332224
-1715.4734272116063,-820.1283415164637,1294.8249434688928,4943.243949977123,-5888.463870355742,2828.3673773346814,-5019.748245669461,2067.4204903163127,1313.7162475780726,-1654.6415814559587,-940.0490310224016,210.68458592168722,4419.143857727928,9783.043706972758,-3535.5348209771355,-1756.7871196622057,4974.90746575106,1576.6770596977312,-2002.0184978358936,3208.1183273217757,-48.34848433727073,-2959.4579050685015,3226.8758249727885,-1789.4482776449136,-805.9267978774487,4407.403499476055,333.1613369737362,-1234.062843723053,3890.9738504198726,8006.160594858206,-1526.2047747385197,-6655.3040141932215,3013.0190756522475,1042.7959164039369,2413.1904290413377,940.2522931084804,-2982.998112433705,5566.133739994713,-142.59980912186532,-1875.06700164632,-674.3615257485951,-2811.561065315698,6460.690976336388
2178.4811779029606,1041.1734381684228,-1643.9439840469227,-6277.1136118304275,7476.9221761298995,-3591.645430921218,6373.995864086476,-2625.491383005788,-1667.8210415708347,2101.094882729717,1193.6302759437228,-267.5710541434358,-5611.44679667969,-12422.232001689506,4489.558019933086,2230.9821868169697,-6317.0284948193,-2002.0184978358936,2542.228918033996,-4073.7727230160876,61.42719121122233,3757.930731477474,-4097.2836335361435,2272.619980797213,1023.343830936103,-5596.22872185709,-423.2132340562707,1566.7323193615068,-4940.430394979242,-10165.667360801246,1937.9233742379283,8450.698395156493,-3826.0414196480665,-1324.20823479267,-3064.171338034647,-1194.1407526445746,3787.645825998696,-7067.640577339317,181.17208829236094,2381.202159796413,856.0111892797581,3570.124680927839,-8203.705037114285
-3490.989933018579,-1668.21343688486,2634.1254275004508,10058.825271494317,-11981.136108880035,5755.445450794977,-10213.869482827173,4207.395605246294,2672.3290891543197,-3366.9083057347702,-1912.6750482078705,428.8463751903682,8991.975811193166,19905.660370919497,-7194.2898617675455,-3575.1687391000555,10122.612900073917,3208.1183273217757,-4073.7727230160876,6528.06256389151,-98.43006731934496,-6021.811254408192,6565.536531216617,-3641.9208375466874,-1639.846352405944,8967.413983634475,678.2103758220599,-2510.4050250967794,7916.506061171622,16289.539649105538,-3105.3967901018973,-13541.548453810605,6131.039953324349,2122.032014826193,4910.118001883667,1913.7053864078962,-6069.360747474055,11325.275804607556,-290.3038015930613,-3815.8939863169885,-1371.5078903859128,-5720.853697383602,13145.893401998163
52.68758215071357,25.035906681342542,-39.617066714554035,-151.70015274326505,180.47743700917363,-86.82517749209289,153.91633951874104,-63.538646537112214,-40.13274998663948,50.759121712255656,28.815870608873947,-6.4869982013523595,-135.5301325653359,-299.9376916306443,108.48374718528109,53.979778431405016,-152.51810675335062,-48.34848433727073,61.42719121122233,-98.43006731934496,1.5216935435836638,90.75866252837072,-98.89779400996213,55.04513933011987,24.723843944608134,-135.0433715126119,-10.269721667783113,37.72321921486409,-119.1884813467938,-245.33046073940312,46.76589402651987,204.02679315143055,-92.44281053691748,-32.00922115964256,-73.98007264488355,-28.935427994951922,91.41512788728936,-170.6117079776635,4.42110528796158,57.60131287984427,20.552789730835034,86.23216936206227,-198.13522166020655
3220.0609550645386,1539.4403898212358,-2430.4401670959246,-9278.763873925474,11052.949398037494,-5309.0808081318255,9422.333633671791,-3880.676957069761,-2465.8914042711112,3105.8426470629233,1764.5319920113059,-395.43779899552345,-8294.985805325041,-18363.272656274694,6636.438673336889,3297.5999522525553,-9338.145427009913,-2959.4579050685015,3757.930731477474,-6021.811254408192,90.75866252837072,5555.1147835667625,-6056.976969024829,3359.0033510019875,1512.7536584254897,-8272.898013209218,-625.4356110813297,2316.358539513762,-7303.533405015744,-15027.863502935079,2864.75503796775,12492.366587295035,-5655.641650168082,-1957.3854747180908,-4529.637094112697,-1764.9035435958322,5599.2226153080055,-10447.914238444922,267.7324605530529,3519.6262012733187,1265.7801733189715,5277.492757153784,-12127.046992989332
-3510.5421553981173,-1679.0782677057227,2650.5508503727874,10116.578937860297,-12052.055048408482,5788.322852415389,-10273.72343628022,4230.562332317831,2689.463326913616,-3386.324175021702,-1924.0668496605922,431.0240316421952,9044.29923399687,20022.858910803334,-7235.662207903291,-3594.982010500204,10181.972705410964,3226.8758249727885,-4097.2836335361435,6565.536531216617,-98.89779400996213,-6056.976969024829,6604.644259476887,-3661.6182699683422,-1649.4704358450826,9020.950698268218,681.580022077537,-2526.265379811122,7964.108033127104,16386.727919316534,-3123.6503238944892,-13621.431808919851,6166.322471386489,2134.0488086497076,4939.0321711701,1923.8189696225143,-6105.432175894925,11392.333681752774,-291.7453810470452,-3836.984481531122,-1380.8324012057094,-5754.288481849034,13222.787350161867
1948.0296463251248,929.50445520119,-1468.369866108647,-5611.78138763519,6682.230504533095,-3211.11731452902,5697.115577391483,-2348.1624123445595,-1489.2235846439476,1878.2669257515786,1066.7224483097168,-239.49990548631467,-5015.87327606467,-11102.58314273761,4013.565452500245,1995.2056780694577,-5646.159948610685,-1789.4482776449136,2272.619980797213,-3641.9208375466874,55.04513933011987,3359.0033510019875,-3661.6182699683422,2032.9543625433646,914.7005918634533,-5000.969326855004,-378.82713262216777,1399.1935226702612,-4414.592482427926,-9084.456824289608,1732.0456625217805,7552.795184760142,-3420.372311934878,-1184.0176886253748,-2738.636396172314,-1068.4195988820688,3384.919620128329,-6316.426880613545,162.20799668575538,2129.5486992745527,763.8414215260565,3191.1119106972365,-7332.742941316815
876.8716124887717,419.2036175473079,-661.8498700426576,-2526.8050379475076,3009.936693499738,-1445.7511570702359,2565.878430454882,-1056.777821919245,-671.5060107352004,845.7752925085271,480.5243973319983,-107.6999289787745,-2258.858310077138,-5000.695431780842,1807.2066378076017,897.9985782494032,-2542.9627892177487,-805.9267978774487,1023.343830936103,-1639.846352405944,24.723843944608134,1512.7536584254897,-1649.4704358450826,914.7005918634533,411.9735481577069,-2252.8780991213625,-170.27563347614165,630.7918770043727,-1988.9017871942908,-4092.4239863942976,780.1224408167826,3401.917529553049,-1540.1213002460909,-533.0412049998541,-1233.5212666203006,-480.6158903004753,1524.7805423802083,-2845.17180619815,72.8924627899562,958.4347614566785,344.7101028018245,1437.15532017894,-3302.460324173013
-4794.743603278709,-2293.5765576298995,3620.4283841262513,13817.452493690607,-16461.369159185484,7905.840206439112,-14032.3479813289,5778.070971148711,3673.6504815843923,-4625.166862089694,-2627.9870532874947,588.6292324850867,12353.127241221478,27348.207718878857,-9882.727024583279,-4910.010667846106,13907.013620085398,4407.403499476055,-5596.22872185709,8967.413983634475,-135.0433715126119,-8272.898013209218,9020.950698268218,-5000.969326855004,-2252.8780991213625,12321.387709504053,930.9224806966008,-3450.6854549804675,10877.937244955436,22381.96591827158,-4266.449964935658,-18604.86507496843,8422.1816410916,2914.695712424453,6745.965648110348,2627.46737476946,-8339.164987637041,15560.296989059541,-398.46464287631744,-5240.58610674868,-1886.1888447346164,-7859.473323414367,18060.211865014284
-362.8688963986442,-172.89365137642528,273.23470044550163,1045.0120625354066,-1243.9964586357623,598.0389953644257,-1060.7249527167028,437.4562154868232,277.0210664084238,-349.76356730696523,-198.56943795603144,44.622799352328904,933.9832605567135,2067.017725614113,-747.4365088374949,-371.67630779786197,1051.2031919004623,333.1613369737362,-423.2132340562707,678.2103758220599,-10.269721667783113,-625.4356110813297,681.580022077537,-378.82713262216777,-170.27563347614165,930.9224806966008,70.69868372229197,-260.3042949297502,821.7095564724954,1691.0272483861122,-322.4664324411313,-1406.125780798308,636.9599564545777,220.50359432098168,509.8478876231101,199.1139550539639,-630.1274927121553,1175.9049031133636,-30.28285982919605,-396.74240888161347,-141.97396992273843,-594.1727871911764,1365.2339870795458
1341.9567524143417,642.9553872763163,-1014.4033296695374,-3868.101002385007,4609.709035793639,-2213.09065680922,3929.114429174527,-1616.8961311755447,-1029.6294620826525,1294.8678349332522,735.9479523621865,-164.58241142154478,-3458.7047129113885,-7657.930231449011,2766.69745499175,1374.0605117941623,-3894.039292110939,-1234.062843723053,1566.7323193615068,-2510.4050250967794,37.72321921486409,2316.358539513762,-2526.265379811122,1399.1935226702612,630.7918770043727,-3450.6854549804675,-260.3042949297502,966.9810679500126,-3046.661782888543,-6268.145901337461,1194.670815018994,5209.765769705628,-2357.824332496318,-815.8338058375174,-1888.9825635843313,-734.9706915501461,2335.332334134939,-4357.397668169471,111.40279331699078,1466.5722314916732,528.9833974882118,2200.61701661371,-5056.782066300596
-4232.717244298643,-2025.122639402513,3196.477258835844,12198.145473687597,-14532.7664790897,6979.298553101755,-12388.177337759746,5100.676484572654,3243.5866506758134,-4083.158337726868,-2320.107368169331,519.568261965095,10905.62513482088,24143.943788843677,-8724.575202297683,-4334.413795418084,12277.534941089862,3890.9738504198726,-4940.430394979242,7916.506061171622,-119.1884813467938,-7303.533405015744,7964.108033127104,-4414.592482427926,-1988.9017871942908,10877.937244955436,821.7095564724954,-3046.661782888543,9603.673124746456,19759.890331301587,-3766.5661732975323,-16425.061316579966,7435.195182866994,2573.0698919498664,5955.570716870376,2319.3264488756804,-7362.191027148055,13737.26959463501,-351.71590244180305,-4626.233158590306,-1665.5065982864292,-6938.556547401455,15944.043381651507
-8709.80560156331,-4166.204647922859,6576.486685976574,25099.791227258254,-29902.337590685085,14361.153436219767,-25490.025667651993,10496.103089873199,6673.1238996878965,-8401.728785484818,-4773.779887903978,1069.309763706332,22439.693127551123,49678.52879406291,-17952.19662519706,-8919.226942892345,25262.363794510293,8006.160594858206,-10165.667360801246,16289.539649105538,-245.33046073940312,-15027.863502935079,16386.727919316534,-9084.456824289608,-4092.4239863942976,22381.96591827158,1691.0272483861122,-6268.145901337461,19759.890331301587,40657.200941078314,-7750.077349888724,-33796.05296103157,15299.08075670919,5294.645759604384,12254.192100168424,4772.9439446042925,-15148.218707558177,28265.52521454478,-723.8105015751124,-9519.703038401422,-3426.2045015328704,-14276.874971519532,32806.77700085972
1660.4996791679143,793.9941199030295,-1253.467857625699,-4784.944279252438,5700.100869584111,-2737.785210836682,4859.114270707571,-2001.1244057209262,-1271.8132009557569,1601.6658086906675,909.9792726824755,-203.90887745985117,-4277.706696501457,-9470.00907617187,3422.3358367987394,1700.4652743376532,-4815.725331464067,-1526.2047747385197,1937.9233742379283,-3105.3967901018973,46.76589402651987,2864.75503796775,-3123.6503238944892,1732.0456625217805,780.1224408167826,-4266.449964935658,-322.4664324411313,1194.670815018994,-3766.5661732975323,-7750.077349888724,1477.3921112402045,6442.373241555758,-2916.5592006581455,-1009.3937253935186,-2335.9668189237764,-910.0621516115976,2887.5828802105343,-5388.067237070299,138.0074388687453,1814.9667485929738,652.8937112276682,2721.579854675533,-6253.9093698558445
7240.822231628336,3462.5487260815544,-5466.210167097245,-20865.580236425358,24856.5348639504,-11938.64465916303,21189.16623547595,-8726.097537010293,-5546.214330208945,6984.321802760319,3968.210725912102,-889.0890195985103,-18653.753361637748,-41296.06387988457,14923.707000724475,7415.059562334139,-20999.8714029287,-6655.3040141932215,8450.698395156493,-13541.548453810605,204.02679315143055,12492.366587295035,-13621.431808919851,7552.795184760142,3401.917529553049,-18604.86507496843,-1406.125780798308,5209.765769705628,-16425.061316579966,-33796.05296103157,6442.373241555758,28093.414785976667,-12718.150826401572,-4401.5679975145085,-10186.460587663865,-3968.330499094749,12591.963401612207,-23495.913271166704,601.897357230667,7914.295353981766,2847.2627220303048,11868.069290398415,-27271.48817087568
-3278.6509380753823,-1566.862644300403,2474.028811304412,9447.07220930913,-11252.624610975841,5405.431306332953,-9592.781668688605,3951.441712664665,2509.9358114522242,-3162.1455486054797,-1796.3843048959116,402.7268423786637,8445.179899236517,18695.258328846092,-6756.778000865747,-3357.687063124131,9507.059038088215,3013.0190756522475,-3826.0414196480665,6131.039953324349,-92.44281053691748,-5655.641650168082,6166.322471386489,-3420.372311934878,-1540.1213002460909,8422.1816410916,636.9599564545777,-2357.824332496318,7435.195182866994,15299.08075670919,-2916.5592006581455,-12718.150826401572,5758.191029194805,1992.9570591809477,4611.534121372554,1797.2528663302398,-5700.3223322628955,10636.651895152367,-272.66062339446626,-3583.7755636715033,-1288.1922031985775,-5372.988396480503,12346.48582218958
-1134.8533165761557,-542.0817825565833,856.0620140747441,3269.779975026898,-3894.338735748729,1870.9031785186412,-3319.9820875704695,1367.806389618195,868.4186167115105,-1094.4418956118045,-621.6914079573463,139.45516975982102,2922.844534471917,6470.209651809462,-2338.575991697822,-1162.258398307436,3290.3287627513555,1042.7959164039369,-1324.20823479267,2122.032014826193,-32.00922115964256,-1957.3854747180908,2134.0488086497076,-1184.0176886253748,-533.0412049998541,2914.695712424453,220.50359432098168,-815.8338058375174,2573.0698919498664,5294.645759604384,-1009.3937253935186,-4401.5679975145085,1992.9570591809477,689.8299547482194,1596.0049319265217,622.1980160974877,-1972.7570364789485,3681.1465534067574,-94.38391766108091,-1240.5045711202497,-445.6326321005493,-1859.5528472987232,4273.076359477332
-2625.5105048325363,-1255.4321705284322,1981.9612495575545,7565.781054619541,-9012.788883557998,4328.886049570069,-7683.053671620107,3164.096783246945,2010.9517057487617,-2532.4882712740573,-1438.8357773136356,322.4101188583934,6763.736445751269,14973.66736139836,-5411.257499400194,-2688.705891163631,7614.427891997406,2413.1904290413377,-3064.171338034647,4910.118001883667,-73.98007264488355,-4529.637094112697,4939.0321711701,-2738.636396172314,-1233.5212666203006,6745.965648110348,509.8478876231101,-1888.9825635843313,5955.570716870376,12254.192100168424,-2335.9668189237764,-10186.460587663865,4611.534121372554,1596.0049319265217,3693.557216966324,1438.9482655458362,-4565.747210091117,8519.43459994714,-218.2280516909771,-2869.7246162452416,-1032.3462986962597,-4303.271538517788,9888.483724304651
-1023.7008506830967,-488.1657380061654,771.3314666718741,2948.794113094626,-3510.8892012443084,1687.3217266635602,-2993.4099663527377,1234.05577304896,782.2050199255549,-986.9506691242606,-560.447257043629,125.92184482453216,2635.526365803451,5833.490451970522,-2108.9491918430135,-1048.5412002083053,2966.6463213946054,940.2522931084804,-1194.1407526445746,1913.7053864078962,-28.935427994951922,-1764.9035435958322,1923.8189696225143,-1068.4195988820688,-480.6158903004753,2627.46737476946,199.1139550539639,-734.9706915501461,2319.3264488756804,4772.9439446042925,-910.0621516115976,-3968.330499094749,1797.2528663302398,622.1980160974877,1438.9482655458362,561.5845094552362,-1778.439152396176,3318.6858320904294,-85.23786810274649,-1119.1454179197667,-401.11584778607653,-1676.6857222924411,3852.851443671741
3245.255524444868,1552.1890094504754,-2450.235662986453,-9351.987144672348,11141.193303389111,-5350.881204089467,9497.283905504808,-3910.856879681612,-2486.197527778577,3130.413188712877,1778.6366615437005,-398.4349454702636,-8360.806414643488,-18509.57740877294,6688.855874702892,3323.299836676649,-9412.451283203609,-2982.998112433705,3787.645825998696,-6069.360747474055,91.41512788728936,5599.2226153080055,-6105.432175894925,3384.919620128329,1524.7805423802083,-8339.164987637041,-630.1274927121553,2335.332334134939,-7362.191027148055,-15148.218707558177,2887.5828802105343,12591.963401612207,-5700.3223322628955,-1972.7570364789485,-4565.747210091117,-1778.439152396176,5644.00025612423,-10531.338471631709,269.7158617507432,3547.0498460403346,1276.4444142496548,5319.408654915992,-12223.420101621658
-6055.6624833919295,-2896.107394204122,4571.842044613936,17450.596697293848,-20788.800468357556,9984.667344333626,-17721.478826332397,7297.752019231754,4638.846366698349,-5841.255486868568,-3318.8242553429736,743.5172398437866,15600.932156420213,34537.8973043513,-12481.237892947194,-6201.333639188768,17563.16653222364,5566.133739994713,-7067.640577339317,11325.275804607556,-170.6117079776635,-10447.914238444922,11392.333681752774,-6316.426880613545,-2845.17180619815,15560.296989059541,1175.9049031133636,-4357.397668169471,13737.26959463501,28265.52521454478,-5388.067237070299,-23495.913271166704,10636.651895152367,3681.1465534067574,8519.43459994714,3318.6858320904294,-10531.338471631709,19650.850283405638,-503.3444838732061,-6618.855265548859,-2381.542528893374,-9925.792696171646,22808.3577944818
155.33910285662725,73.9994661933629,-116.95753805973523,-447.34065303478894,532.4778811051149,-256.0298709110144,454.0428338590953,-187.27103176548144,-118.55870755027485,149.71275565563988,85.00463467625924,-19.09148859630976,-399.7940991200469,-884.7926732616838,319.9586899426571,159.10992966769177,-449.94533636610146,-142.59980912186532,181.17208829236094,-290.3038015930613,4.42110528796158,267.7324605530529,-291.7453810470452,162.20799668575538,72.8924627899562,-398.46464287631744,-30.28285982919605,111.40279331699078,-351.71590244180305,-723.8105015751124,138.0074388687453,601.897357230667,-272.66062339446626,-94.38391766108091,-218.2280516909771,-85.23786810274649,269.7158617507432,-503.3444838732061,12.998818466123994,169.82972526764456,60.75432118230673,254.35735578085763,-584.400964675354
2040.9007351648681,974.3728928755761,-1538.9855278256127,-5879.763881399619,7002.1687452206625,-3364.375481353666,5969.678655856082,-2459.957550447184,-1561.023365720272,1968.0299733120926,1117.7951188319792,-250.842122574071,-5255.742269485355,-11633.90264144465,4205.289586000362,2090.239860235993,-5916.311520701659,-1875.06700164632,2381.202159796413,-3815.8939863169885,57.60131287984427,3519.6262012733187,-3836.984481531122,2129.5486992745527,958.4347614566785,-5240.58610674868,-396.74240888161347,1466.5722314916732,-4626.233158590306,-9519.703038401422,1814.9667485929738,7914.295353981766,-3583.7755636715033,-1240.5045711202497,-2869.7246162452416,-1119.1454179197667,3547.0498460403346,-6618.855265548859,169.82972526764456,2231.0104225835144,800.8478831014276,3343.711811835954,-7683.441496254027
732.9169393706743,351.88908451718225,-554.820032550187,-2113.2459184791037,2519.4374233247436,-1208.9947810046212,2147.168680534428,-882.881859410563,-563.3777554034242,707.466430367046,402.2616444902399,-89.77634587382894,-1889.929983652306,-4185.129028330121,1511.5643204362502,750.3452163234831,-2128.0228781056976,-674.3615257485951,856.0111892797581,-1371.5078903859128,20.552789730835034,1265.7801733189715,-1380.8324012057094,763.8414215260565,344.7101028018245,-1886.1888447346164,-141.97396992273843,528.9833974882118,-1665.5065982864292,-3426.2045015328704,652.8937112276682,2847.2627220303048,-1288.1922031985775,-445.6326321005493,-1032.3462986962597,-401.11584778607653,1276.4444142496548,-2381.542528893374,60.75432118230673,800.8478831014276,289.6906909944813,1202.5411395852252,-2763.329015053452
3059.125093870158,1462.5226699414422,-2309.0029294453816,-8815.034136056525,10500.581649648882,-5043.748604432901,8951.452180239734,-3686.7172975669964,-2342.6811767482545,2950.622234641755,1676.3529144749332,-375.66650024019725,-7880.441164060671,-17445.57817356877,6304.770556206955,3132.784587776393,-8871.460595852697,-2811.561065315698,3570.124680927839,-5720.853697383602,86.23216936206227,5277.492757153784,-5754.288481849034,3191.1119106972365,1437.15532017894,-7859.473323414367,-594.1727871911764,2200.61701661371,-6938.556547401455,-14276.874971519532,2721.579854675533,11868.069290398415,-5372.988396480503,-1859.5528472987232,-4303.271538517788,-1676.6857222924411,5319.408654915992,-9925.792696171646,254.35735578085763,3343.711811835954,1202.5411395852252,5013.752081309696,-11520.995098888958
-7029.503950541791,-3360.6642224746306,5305.791405725599,20256.003983878603,-24129.184422030514,11589.90410861484,-20569.429142754794,8471.66852146857,5383.203932165427,-6780.203946379846,-3852.0732836884845,863.2960414710943,18108.317408322728,40088.02013961177,-14487.601551034213,-7198.794757736386,20385.674638332224,6460.690976336388,-8203.705037114285,13145.893401998163,-198.13522166020655,-12127.046992989332,13222.787350161867,-7332.742941316815,-3302.460324173013,18060.211865014284,1365.2339870795458,-5056.782066300596,15944.043381651507,32806.77700085972,-6253.9093698558445,-27271.48817087568,12346.48582218958,4273.076359477332,9888.483724304651,3852.851443671741,-12223.420101621658,22808.3577944818,-584.400964675354,-7683.441496254027,-2763.329015053452,-11520.995098888958,26474.018617775444
