V1,V2,V3,V4,V5,V6,V7,V8,V9,V10,V11,V12,V13,V14,V15,V16,V17,V18,V19,V20,V21,V22,V23,V24,V25,V26,V27,V28,V29,V30,V31,V32,V33,V34,V35,V36,V37,V38,V39,V40,V41,V42,V43
2.1537256256329425,4.572415577651573,2.029499833983452,2.427398029678787,0.899310070670043,6.202308936199968,-4.142851366867727,7.672612350293993,1.3097439517671472,-1.9895806555323072,-9.196615597102166,-1.9468165478520723,2.670683091148375,2.9273586765021524,-4.601074689753544,-9.126897601374134,-0.8259107212078954,-0.5592110757901443,-0.2209870421218686,-0.10189485235215749,1.7207718923575193,-2.585587258074192,-1.7035672431371938,-8.864625951879427,0.6136353116910955,3.019591498133723,1.9654390928868901,3.4308458559797432,0.410998221061741,-0.8267140167618351,-0.7455430254485447,3.0223902286402202,5.039137971614222,-6.458188636142655,-4.977113056158646,-6.178179845047875,-2.1175349203085947,6.602898878992842,10.146365598958187,0.1028191987849662,-0.4023322566638365,-5.058335298265158,-3.102775628304222
4.572415577651573,19.275100141370388,13.645471159061097,9.073287759715681,4.335373167220134,31.03662096149175,-22.444574754956502,31.291692610620117,9.11594872151954,-11.382975883447706,-41.84377247327707,-8.713098561304575,14.659801415676775,13.88975353874757,-20.329017572317248,-40.98357808962054,-6.046914487817319,-1.2922846706718663,-2.1002152417294195,1.5086058991432785,10.486472369385943,-10.3562906636764,-10.698413331952938,-41.317118629437545,4.501613744706706,15.061252540391337,10.012988195254467,15.539302667567803,1.0990369244445484,-2.871602393833624,-3.743172659839808,13.743030597269255,26.72188105808238,-30.841306188299903,-24.19944010151234,-27.795912121002118,-9.714290552892303,27.562796675412216,47.74563557954066,1.277553921140463,-3.915814376578693,-25.15350221824257,-15.791626648745762
2.029499833983452,13.645471159061097,11.299050445503607,5.930677922883439,3.6014245736470882,23.23163566445521,-17.30249303174705,21.289064804451822,7.322955603717457,-9.270401760709905,-30.39318950912106,-6.284474922917429,11.500773634544222,10.151510756113307,-14.334988089876884,-29.815073158164093,-4.895055391007051,-0.8057637242078617,-1.869522334296708,1.5498325890378257,8.140994573492845,-7.000625970932629,-8.641958745518398,-30.227242017703606,3.6507199541951967,11.511349695982211,7.688571875381568,11.175336918473294,0.7265038876441542,-2.001822518579935,-2.828882384941984,9.96124964040753,20.566039188047338,-22.931880394040512,-17.955235749108486,-19.959045913854244,-7.1791535326790035,19.43516992260943,35.097448272383666,0.9962101823253285,-3.5590374563921103,-18.90309577818898,-11.838067573771404
2.427398029678787,9.073287759715681,5.930677922883439,4.544636960251456,1.7829816394249114,14.217883479388453,-10.242663727756842,15.24081653305769,4.147388276464457,-4.825987524267585,-19.622953091808775,-4.166175829897115,6.614156267861311,6.533986816082414,-9.637534560312936,-18.93300852343687,-2.75452482075415,-0.7704493230886915,-0.909904767784748,0.7977224236249199,4.6545589936047085,-4.9745306079690765,-4.7531381178622345,-19.340262176837026,2.0370672248293133,6.701419418252407,4.634341353087246,7.320872057659953,0.4599158672253289,-1.2275238053552406,-1.704796309279674,6.5189657817044,12.183261455785752,-14.13840797794602,-11.051337637284094,-13.15054695977874,-4.306995211969315,12.955541585257478,22.09999185355901,0.38220051958869405,-1.4603709760090202,-11.370950934727345,-7.3623960574991525
0.899310070670043,4.335373167220134,3.6014245736470882,1.7829816394249114,1.5790311904084005,7.005005068873568,-5.295574827770685,6.167720787837789,2.0220183348195704,-3.2015760262039965,-9.426347552298326,-1.9700654672917575,3.721096452941998,3.055370243846584,-4.152139585291858,-9.45563966176223,-1.3396212505561829,-0.58222379101756,-0.6072868529454686,0.40865708482270574,2.159603373116155,-2.0252084824832064,-2.681549286973691,-9.341176008763174,0.977861059962225,3.7419028746714345,2.535424427989959,3.351962161628887,0.4090234962881822,-0.7954196267204388,-0.8833462765712485,3.055945498706786,6.440798666663466,-7.1822137830668975,-5.4130311119433765,-6.059774990771709,-2.2955897732548505,6.176051149029237,10.77558350185969,0.02307246083689409,-1.184713081318825,-5.810543726269756,-3.5467498633413164
6.202308936199968,31.03662096149175,23.23163566445521,14.217883479388453,7.005005068873568,51.44075591118261,-37.355052958647796,50.120399034139496,15.599570337438523,-19.148913720505245,-68.05516183369313,-14.035363470560606,24.34934679601934,22.742368029291992,-33.151158257541844,-66.80280706831547,-10.385936653133015,-1.4445306428989138,-3.609383375108352,2.655139760943657,18.02556675696197,-16.656648183436783,-18.08503592191729,-67.44184823245445,7.744721975392978,24.96222726375366,16.361694463339585,25.323212748500985,1.6147450811589905,-4.554634572376572,-6.19306021468242,22.255583093817606,44.315585824566504,-50.6797239679026,-40.06248542478136,-45.16807356789066,-16.073618493493782,44.37473454992,78.31263118953264,2.6921373324695974,-7.029716840240848,-41.76928071356668,-26.06122460788248
-4.142851366867727,-22.444574754956502,-17.30249303174705,-10.242663727756842,-5.295574827770685,-37.355052958647796,27.492043375546654,-36.040143249006285,-11.538928407012015,14.125150399081212,49.56551167376318,10.312967127788687,-18.0463668587564,-16.554708357624808,23.78104251349424,48.34476370550345,7.696341611506284,1.376086106406613,2.795176994448256,-2.3313195591782745,-12.94362571559116,11.844026759303867,13.428962862698665,49.15048586842844,-5.743932900741439,-18.165970958889925,-12.205207466474626,-18.34703163257965,-1.1283055779179798,3.1834946024064075,4.522780831661706,-16.321179582996717,-32.63578946534243,36.87373565685815,28.94090085658288,32.788917402846934,11.466903734328287,-32.009120549207054,-56.862000105380154,-1.5520491048472775,5.141055387187039,30.223038441389654,19.102648929915492
7.672612350293993,31.291692610620117,21.289064804451822,15.24081653305769,6.167720787837789,50.120399034139496,-36.040143249006285,52.21484354388653,14.825278269077163,-17.36661570168823,-67.96667648845624,-14.224888875921016,23.192809933867817,22.668027794097153,-33.54164808594454,-66.00541483481939,-9.84723443729811,-1.9343952969162912,-3.2473144322170144,2.554095945083339,17.054437197600443,-17.206437238332043,-16.927996604998956,-67.0413027526973,7.332252211088751,23.7693011244217,15.955498680684892,25.42575287958723,1.5267119627517975,-4.353523009849726,-5.976902083832563,22.450579230262218,42.7289675466064,-49.5575872157793,-39.08193215848882,-45.46050290603679,-15.396376299652745,44.718453649225445,77.26996002356005,2.170309218181583,-5.709924375238601,-40.31478841245739,-25.681715535197785
1.3097439517671472,9.11594872151954,7.322955603717457,4.147388276464457,2.0220183348195704,15.599570337438523,-11.538928407012015,14.825278269077163,5.040088733171381,-5.795641370745478,-20.40650115948574,-4.232030218843852,7.508287120397015,6.893356376027319,-9.891701116356172,-19.79834383451974,-3.3823965863873897,-0.3761113744446739,-1.2084503409345584,1.119168344109737,5.60344394416891,-4.8552867862643385,-5.688109872124212,-20.309516090428502,2.507020767876724,7.477401949523752,5.033595647953218,7.59187697944924,0.35259246340512146,-1.1840719072202308,-1.861669526078982,6.718153858193229,13.616140412970045,-15.21525052687696,-12.052704045262958,-13.552154173453305,-4.690675834712974,12.967941738977839,23.52452212519711,0.8042252033548716,-2.181621824903495,-12.563544380409192,-8.020785873416177
-1.9895806555323072,-11.382975883447706,-9.270401760709905,-4.825987524267585,-3.2015760262039965,-19.148913720505245,14.125150399081212,-17.36661570168823,-5.795641370745478,7.889472157693453,25.036639870646578,5.1172844914812305,-9.455757223886385,-8.280846036943139,11.764301715270896,24.907110608719556,3.8497540054856847,0.6626953059422602,1.4889676997542514,-0.9697410329350178,-6.645715906093495,5.805600180693238,7.045966823113663,24.841630168154662,-2.880248276103644,-9.688944606418701,-6.281589672143791,-9.173460526038554,-0.7483221227613437,1.86544209789802,2.3496607505569957,-8.129327656007018,-16.865557450538333,19.041381519180423,14.897055029615021,16.365131800125244,6.150758347317422,-16.274664737037707,-29.01253078464291,-0.9106851932605384,3.071919680766516,15.744282224260084,9.601968712539536
-9.196615597102166,-41.84377247327707,-30.39318950912106,-19.622953091808775,-9.426347552298326,-68.05516183369313,49.56551167376318,-67.96667648845624,-20.40650115948574,25.036639870646578,91.44517120541605,19.087505065710467,-32.38839767714456,-30.436462338559686,44.25156687545143,89.20708811764355,13.568473936306518,2.8137103104461327,4.781406896261259,-3.7717060390192776,-23.150582635390027,22.38182579557026,23.792516941794332,90.41287139471079,-10.112881202183042,-32.92749357849652,-22.10670285294697,-33.935695777402806,-2.225906384783755,6.030335434729495,8.214088717256999,-30.12748605143758,-58.923765793224895,67.45273411890113,52.901879175028654,60.704319650802475,21.030420121019016,-59.75449474441848,-104.38696856433417,-2.683554076224541,8.696541088136858,55.01471956490436,34.78526162358053
-1.9468165478520723,-8.713098561304575,-6.284474922917429,-4.166175829897115,-1.9700654672917575,-14.035363470560606,10.312967127788687,-14.224888875921016,-4.232030218843852,5.1172844914812305,19.087505065710467,4.042196346593433,-6.76561888497415,-6.351644760857461,9.145846811118343,18.448158189830952,2.8173879783686426,0.7683247745279058,1.013272623487943,-0.9218348070755669,-4.649596142255113,4.622347763892173,4.938223228775288,18.87189585627756,-2.0995844086642963,-6.749856164156273,-4.68381999796029,-7.05992899268135,-0.4487747903819548,1.194878240983127,1.706639136216077,-6.344352483956014,-12.277831457403668,13.957907617647997,10.850779075617845,12.67097313461579,4.238215581233966,-12.419036714655256,-21.625062894289613,-0.32937206090297,1.6927780421159984,11.270847522379979,7.263262038172708
2.670683091148375,14.659801415676775,11.500773634544222,6.614156267861311,3.721096452941998,24.34934679601934,-18.0463668587564,23.192809933867817,7.508287120397015,-9.455757223886385,-32.38839767714456,-6.76561888497415,11.97116506921971,10.790229460670693,-15.328150254744164,-31.62745478474391,-5.009465824139511,-1.0940305279432123,-1.8831855885906272,1.6021400204989311,8.295104981516904,-7.591371437203327,-8.873461089385657,-32.14102692008315,3.7291932066696045,11.969973762729204,8.119324526066137,11.917574603824585,0.804244727996654,-2.1214221326824227,-2.9721872442286785,10.664168183787455,21.493024120956584,-24.146686188078025,-18.818087887510416,-21.344295925320683,-7.4822990609311635,20.891131718926808,37.1004128575842,0.8046745678595616,-3.439964212627892,-19.730762628255004,-12.475793080393851
2.9273586765021524,13.88975353874757,10.151510756113307,6.533986816082414,3.055370243846584,22.742368029291992,-16.554708357624808,22.668027794097153,6.893356376027319,-8.280846036943139,-30.436462338559686,-6.351644760857461,10.790229460670693,10.184226199191686,-14.81188736654333,-29.664104636063247,-4.595892772118446,-0.8489919512022793,-1.5891794267719814,1.3161233748407493,7.807230792651568,-7.461598109071837,-7.952508063769972,-30.15929144882323,3.4111310785056634,10.935519761951692,7.344012027026408,11.320656589085427,0.7012698656937791,-1.9525023448880443,-2.7407909323484554,10.008454346629755,19.657756806114563,-22.446631883991152,-17.65572577428107,-20.25495556810598,-6.9878847731751685,19.833012032022733,34.78536307074701,0.946265627586907,-2.9031161790951137,-18.360303497059242,-11.636160735466543
-4.601074689753544,-20.329017572317248,-14.334988089876884,-9.637534560312936,-4.152139585291858,-33.151158257541844,23.78104251349424,-33.54164808594454,-9.891701116356172,11.764301715270896,44.25156687545143,9.145846811118343,-15.328150254744164,-14.81188736654333,21.933374549098588,43.35178283706944,6.582396909992526,0.8822533635746117,2.159243276344887,-1.5471845844577954,-11.570879437828511,11.159228350989865,11.2950189673431,43.76947547346778,-4.879425415390112,-15.856346598008814,-10.370513762569521,-16.571421670954045,-1.0214872076574084,2.9297223754109663,3.9424409306636874,-14.46965389590654,-28.176121488933003,32.62743182629608,25.90129005103411,29.57156938524471,10.350809132910786,-29.08208630963474,-50.72712416080904,-1.8409556377933667,4.139162003652241,26.834207222186503,16.821805390104927
-9.126897601374134,-40.98357808962054,-29.815073158164093,-18.93300852343687,-9.45563966176223,-66.80280706831547,48.34476370550345,-66.00541483481939,-19.79834383451974,24.907110608719556,89.20708811764355,18.448158189830952,-31.62745478474391,-29.664104636063247,43.35178283706944,87.7555541335934,13.150088656318115,2.3480738670712893,4.590433268545159,-3.1713585110293288,-22.925632626973297,21.94309711895476,23.238979393504167,88.2165108625035,-9.77334534669252,-32.59775766331251,-21.399839998033862,-33.126530315128704,-2.3536195475825332,6.207593741718525,8.041791871430464,-29.156208106362453,-57.52299416273674,66.21260692745864,52.121512352538716,59.180234420944416,21.060097778880372,-58.61446278316762,-102.285205054426,-3.188241584654558,8.895659812213133,54.32196326018068,33.83100917842156
-0.8259107212078954,-6.046914487817319,-4.895055391007051,-2.75452482075415,-1.3396212505561829,-10.385936653133015,7.696341611506284,-9.84723443729811,-3.3823965863873897,3.8497540054856847,13.568473936306518,2.8173879783686426,-5.009465824139511,-4.595892772118446,6.582396909992526,13.150088656318115,2.2742412751545524,0.2452472222246792,0.8114436106896742,-0.7762297097204925,-3.7382244303484837,3.2175997090000545,3.800544682030142,13.520005185983296,-1.6787549452521615,-4.967946164462777,-3.3577189163145804,-5.049122655078261,-0.2254271312564548,0.7705925400459196,1.2363230796874798,-4.464369930846652,-9.078709513940698,10.114001243011744,8.014380620286575,9.019352358557025,3.1068537687742395,-8.594870622194785,-15.642220145434559,-0.5325114339186441,1.452249377654353,8.355922314089549,5.352856429051818
-0.5592110757901443,-1.2922846706718663,-0.8057637242078617,-0.7704493230886915,-0.58222379101756,-1.4445306428989138,1.376086106406613,-1.9343952969162912,-0.3761113744446739,0.6626953059422602,2.8137103104461327,0.7683247745279058,-1.0940305279432123,-0.8489919512022793,0.8822533635746117,2.3480738670712893,0.2452472222246792,0.844122908187166,0.21826027383645608,-0.4481675216738965,0.06484142482012684,0.455328867633125,0.6455698226960274,2.721223516350991,-0.17958258443800887,-0.7565043975773263,-0.9777966008126345,-0.8967285478243899,-0.134190595050125,0.11208079166425708,0.2299003214842605,-1.0914062114740244,-1.7716115225512883,1.7579243642677045,0.9599867935294086,1.7659504818329321,0.24145560383455775,-1.777267666500713,-2.651569826810648,0.7742627224365943,-0.04838614199850103,1.010919066670215,0.9862385178953367
-0.2209870421218686,-2.1002152417294195,-1.869522334296708,-0.909904767784748,-0.6072868529454686,-3.609383375108352,2.795176994448256,-3.2473144322170144,-1.2084503409345584,1.4889676997542514,4.781406896261259,1.013272623487943,-1.8831855885906272,-1.5891794267719814,2.159243276344887,4.590433268545159,0.8114436106896742,0.21826027383645608,0.34737021112815086,-0.3575926163326211,-1.227830118027259,1.027486143035325,1.4258964651109445,4.745960350476978,-0.6011691663189529,-1.796457051299393,-1.28780192055593,-1.7314829766228779,-0.09465691156122259,0.2714175110280258,0.4365177996188602,-1.6038739616342994,-3.3195989250683176,3.584282135044871,2.7548955359012397,3.1125400791263367,1.0540070196869404,-2.9595300248373517,-5.4630135005565,-0.058735120455870704,0.5489652376666253,2.8986013502288688,1.9001619367894451
-0.10189485235215749,1.5086058991432785,1.5498325890378257,0.7977224236249199,0.40865708482270574,2.655139760943657,-2.3313195591782745,2.554095945083339,1.119168344109737,-0.9697410329350178,-3.7717060390192776,-0.9218348070755669,1.6021400204989311,1.3161233748407493,-1.5471845844577954,-3.1713585110293288,-0.7762297097204925,-0.4481675216738965,-0.3575926163326211,0.7226800709159916,0.7627736260957921,-0.654545116006168,-1.213613185246656,-3.827197107243138,0.5631841869198042,1.166947653471957,1.202389438825004,1.333349219305922,-0.03550711418611141,0.020130766852438396,-0.3404522368133401,1.3814328716925275,2.7604356411656576,-2.6043317395331003,-1.8488003581954466,-2.4849368733222787,-0.47626284543943087,2.0501687267200386,4.038963690753424,-0.37990593497851904,-0.24251812874559506,-1.9288629423250163,-1.6285614599982987
1.7207718923575193,10.486472369385943,8.140994573492845,4.6545589936047085,2.159603373116155,18.02556675696197,-12.94362571559116,17.054437197600443,5.60344394416891,-6.645715906093495,-23.150582635390027,-4.649596142255113,8.295104981516904,7.807230792651568,-11.570879437828511,-22.925632626973297,-3.7382244303484837,0.06484142482012684,-1.227830118027259,0.7627736260957921,6.76111219728783,-5.775038111387135,-6.318908248739579,-22.993793919167896,2.7996449539867836,8.690961401152956,5.401726666577164,8.71403630885247,0.4576247219034124,-1.550469832001726,-2.1295320146772183,7.48222790695469,15.230788291993028,-17.492847786491097,-14.126272681056337,-15.416175585161167,-5.72071250350876,15.02209277196631,27.064297271115585,1.5276733585126987,-2.6613014208642354,-14.718729526720947,-8.98791195811716
-2.585587258074192,-10.3562906636764,-7.000625970932629,-4.9745306079690765,-2.0252084824832064,-16.656648183436783,11.844026759303867,-17.206437238332043,-4.8552867862643385,5.805600180693238,22.38182579557026,4.622347763892173,-7.591371437203327,-7.461598109071837,11.159228350989865,21.94309711895476,3.2175997090000545,0.455328867633125,1.027486143035325,-0.654545116006168,-5.775038111387135,5.747310413299495,5.554456601657559,22.07646406181211,-2.397598644979493,-7.942680270247408,-5.1569458786495295,-8.400006121002521,-0.5368801123848059,1.5199696842586974,1.9808463940880967,-7.326765435973641,-14.035808172327037,16.432713481471197,13.058973853462934,14.978860781207239,5.243168562361247,-14.841217952580394,-25.606175501234965,-0.9456824807772749,1.989218448248014,13.48563354406814,8.423131103219585
-1.7035672431371938,-10.698413331952938,-8.641958745518398,-4.7531381178622345,-2.681549286973691,-18.08503592191729,13.428962862698665,-16.927996604998956,-5.688109872124212,7.045966823113663,23.792516941794332,4.938223228775288,-8.873461089385657,-7.952508063769972,11.2950189673431,23.238979393504167,3.800544682030142,0.6455698226960274,1.4258964651109445,-1.213613185246656,-6.318908248739579,5.554456601657559,6.65339271167064,23.637496260438965,-2.836276452984543,-8.873285262860023,-5.964545156014648,-8.77283960923817,-0.53810427401395,1.5241263551472626,2.19636351957292,-7.8260768643517205,-15.94279313295748,17.835557562469702,13.979321546898372,15.674071180734423,5.545303203101753,-15.238971683522898,-27.392519343663604,-0.7540074365908284,2.647183203078505,14.660988504119437,9.247156413849213
-8.864625951879427,-41.317118629437545,-30.227242017703606,-19.340262176837026,-9.341176008763174,-67.44184823245445,49.15048586842844,-67.0413027526973,-20.309516090428502,24.841630168154662,90.41287139471079,18.87189585627756,-32.14102692008315,-30.15929144882323,43.76947547346778,88.2165108625035,13.520005185983296,2.721223516350991,4.745960350476978,-3.827197107243138,-22.993793919167896,22.07646406181211,23.637496260438965,89.5210324722392,-10.059259775108389,-32.60444410208374,-21.900025487344955,-33.55394242332688,-2.1847391130049636,5.917317985657709,8.160583700969529,-29.747909474294513,-58.43699349390493,66.74708389511902,52.36965274989108,60.04511101575812,20.80964112321745,-59.0133194859727,-103.28385336882634,-2.6438047658560233,8.698837677553884,54.515865862273415,34.46866878227189
0.6136353116910955,4.501613744706706,3.6507199541951967,2.0370672248293133,0.977861059962225,7.744721975392978,-5.743932900741439,7.332252211088751,2.507020767876724,-2.880248276103644,-10.112881202183042,-2.0995844086642963,3.7291932066696045,3.4111310785056634,-4.879425415390112,-9.77334534669252,-1.6787549452521615,-0.17958258443800887,-0.6011691663189529,0.5631841869198042,2.7996449539867836,-2.397598644979493,-2.836276452984543,-10.059259775108389,1.2687836194347402,3.7004430440919385,2.4955344756913886,3.765503950527853,0.15815011465239212,-0.5767929097665829,-0.9365595164701331,3.3518507432914957,6.768301573246934,-7.549765178612908,-5.974683419266523,-6.699441854083433,-2.3112726764601548,6.4108200677186415,11.666640509118471,0.3846641814690583,-1.0916413494647956,-6.230272422537439,-3.976332639957548
3.019591498133723,15.061252540391337,11.511349695982211,6.701419418252407,3.7419028746714345,24.96222726375366,-18.165970958889925,23.7693011244217,7.477401949523752,-9.688944606418701,-32.92749357849652,-6.749856164156273,11.969973762729204,10.935519761951692,-15.856346598008814,-32.59775766331251,-4.967946164462777,-0.7565043975773263,-1.796457051299393,1.166947653471957,8.690961401152956,-7.942680270247408,-8.873285262860023,-32.60444410208374,3.7004430440919385,12.361242427387804,8.00445520195423,12.183075193751977,0.9042469970356602,-2.368727197224463,-3.0133911224069005,10.710448723808042,21.622610483894636,-24.731916818300686,-19.48152601065495,-21.726704496579057,-7.95942996893967,21.539489086313846,37.998777249882984,1.3235762332496084,-3.6339090789126876,-20.414197549428895,-12.560392047540033
1.9654390928868901,10.012988195254467,7.688571875381568,4.634341353087246,2.535424427989959,16.361694463339585,-12.205207466474626,15.955498680684892,5.033595647953218,-6.281589672143791,-22.10670285294697,-4.68381999796029,8.119324526066137,7.344012027026408,-10.370513762569521,-21.399839998033862,-3.3577189163145804,-0.9777966008126345,-1.28780192055593,1.202389438825004,5.401726666577164,-5.1569458786495295,-5.964545156014648,-21.900025487344955,2.4955344756913886,8.00445520195423,5.598274957343205,8.107310918881103,0.5444942287050224,-1.3938487298309592,-2.0036014487347726,7.345910161319398,14.560371899054374,-16.310680190195555,-12.598187988207323,-14.572420812806397,-4.9337219848038005,14.241934810721489,25.102293437596884,0.2883940483840197,-2.1612352133918202,-13.174285550912476,-8.485406917788785
3.4308458559797432,15.539302667567803,11.175336918473294,7.320872057659953,3.351962161628887,25.323212748500985,-18.34703163257965,25.42575287958723,7.59187697944924,-9.173460526038554,-33.935695777402806,-7.05992899268135,11.917574603824585,11.320656589085427,-16.571421670954045,-33.126530315128704,-5.049122655078261,-0.8967285478243899,-1.7314829766228779,1.333349219305922,8.71403630885247,-8.400006121002521,-8.77283960923817,-33.55394242332688,3.765503950527853,12.183075193751977,8.107310918881103,12.642350333574,0.794438828290095,-2.227545667339276,-3.0411400953213152,11.161826294576233,21.77348650407162,-25.023734401268367,-19.717595776673296,-22.582652905762437,-7.838555042966532,22.204187716346375,38.79987781411659,1.1522072701182042,-3.201147172899714,-20.470870786333666,-12.912846146432205
0.410998221061741,1.0990369244445484,0.7265038876441542,0.4599158672253289,0.4090234962881822,1.6147450811589905,-1.1283055779179798,1.5267119627517975,0.35259246340512146,-0.7483221227613437,-2.225906384783755,-0.4487747903819548,0.804244727996654,0.7012698656937791,-1.0214872076574084,-2.3536195475825332,-0.2254271312564548,-0.134190595050125,-0.09465691156122259,-0.03550711418611141,0.4576247219034124,-0.5368801123848059,-0.53810427401395,-2.1847391130049636,0.15815011465239212,0.9042469970356602,0.5444942287050224,0.794438828290095,0.1515121039341008,-0.2622815824776455,-0.20495744996659065,0.6873184919191646,1.4043604036005477,-1.702139030832968,-1.290017283436143,-1.4372655549178506,-0.6132639416903166,1.591306943397734,2.5499015041335777,0.03965421931362651,-0.2681562866736325,-1.3886711143850512,-0.7657972882288061
-0.8267140167618351,-2.871602393833624,-2.001822518579935,-1.2275238053552406,-0.7954196267204388,-4.554634572376572,3.1834946024064075,-4.353523009849726,-1.1840719072202308,1.86544209789802,6.030335434729495,1.194878240983127,-2.1214221326824227,-1.9525023448880443,2.9297223754109663,6.207593741718525,0.7705925400459196,0.11208079166425708,0.2714175110280258,0.020130766852438396,-1.550469832001726,1.5199696842586974,1.5241263551472626,5.917317985657709,-0.5767929097665829,-2.368727197224463,-1.3938487298309592,-2.227545667339276,-0.2622815824776455,0.5824031914789947,0.5492964905919036,-1.9052309122798226,-3.8332442553752357,4.604008050422689,3.636252551998653,3.9514953117595497,1.6128996594587426,-4.143391002478098,-7.016212547435156,-0.34084967799961385,0.7136674810005437,3.833683305206016,2.1876759503333396
-0.7455430254485447,-3.743172659839808,-2.828882384941984,-1.704796309279674,-0.8833462765712485,-6.19306021468242,4.522780831661706,-5.976902083832563,-1.861669526078982,2.3496607505569957,8.214088717256999,1.706639136216077,-2.9721872442286785,-2.7407909323484554,3.9424409306636874,8.041791871430464,1.2363230796874798,0.2299003214842605,0.4365177996188602,-0.3404522368133401,-2.1295320146772183,1.9808463940880967,2.19636351957292,8.160583700969529,-0.9365595164701331,-3.0133911224069005,-2.0036014487347726,-3.0411400953213152,-0.20495744996659065,0.5492964905919036,0.7718733294007198,-2.698633620387903,-5.384830480993778,6.1183947580190585,4.797094939592514,5.4313787492913566,1.924318262288485,-5.367227974157155,-9.43178846083017,-0.23181162413148104,0.8627530048324222,5.024801911831068,3.1341486464831894
3.0223902286402202,13.743030597269255,9.96124964040753,6.5189657817044,3.055945498706786,22.255583093817606,-16.321179582996717,22.450579230262218,6.718153858193229,-8.129327656007018,-30.12748605143758,-6.344352483956014,10.664168183787455,10.008454346629755,-14.46965389590654,-29.156208106362453,-4.464369930846652,-1.0914062114740244,-1.6038739616342994,1.3814328716925275,7.48222790695469,-7.326765435973641,-7.8260768643517205,-29.747909474294513,3.3518507432914957,10.710448723808042,7.345910161319398,11.161826294576233,0.6873184919191646,-1.9052309122798226,-2.698633620387903,10.018007893658249,19.392846960704556,-22.10131106297457,-17.246010252983734,-19.979808129275707,-6.756879321486459,19.59959004275373,34.23319350564495,0.6746761091380629,-2.7381597906433814,-17.898722125467852,-11.46859171867363
5.039137971614222,26.72188105808238,20.566039188047338,12.183261455785752,6.440798666663466,44.315585824566504,-32.63578946534243,42.7289675466064,13.616140412970045,-16.865557450538333,-58.923765793224895,-12.277831457403668,21.493024120956584,19.657756806114563,-28.176121488933003,-57.52299416273674,-9.078709513940698,-1.7716115225512883,-3.3195989250683176,2.7604356411656576,15.230788291993028,-14.035808172327037,-15.94279313295748,-58.43699349390493,6.768301573246934,21.622610483894636,14.560371899054374,21.77348650407162,1.4043604036005477,-3.8332442553752357,-5.384830480993778,19.392846960704556,38.799955082021754,-43.832377425286296,-34.319339099030834,-38.9478764863284,-13.633973928392509,38.116045429701344,67.53430578976361,1.701871143304707,-6.113227812196075,-35.87975519247393,-22.661082627778068
-6.458188636142655,-30.841306188299903,-22.931880394040512,-14.13840797794602,-7.1822137830668975,-50.6797239679026,36.87373565685815,-49.5575872157793,-15.21525052687696,19.041381519180423,67.45273411890113,13.957907617647997,-24.146686188078025,-22.446631883991152,32.62743182629608,66.21260692745864,10.114001243011744,1.7579243642677045,3.584282135044871,-2.6043317395331003,-17.492847786491097,16.432713481471197,17.835557562469702,66.74708389511902,-7.549765178612908,-24.731916818300686,-16.310680190195555,-25.023734401268367,-1.702139030832968,4.604008050422689,6.1183947580190585,-22.10131106297457,-43.832377425286296,50.16723825773026,39.46739433614936,44.675952399228116,15.869544952891408,-44.08024766406551,-77.41787187744883,-2.3726024534093515,6.879534986889232,41.172966863037615,25.709876493868396
-4.977113056158646,-24.19944010151234,-17.955235749108486,-11.051337637284094,-5.4130311119433765,-40.06248542478136,28.94090085658288,-39.08193215848882,-12.052704045262958,14.897055029615021,52.901879175028654,10.850779075617845,-18.818087887510416,-17.65572577428107,25.90129005103411,52.121512352538716,8.014380620286575,0.9599867935294086,2.7548955359012397,-1.8488003581954466,-14.126272681056337,13.058973853462934,13.979321546898372,52.36965274989108,-5.974683419266523,-19.48152601065495,-12.598187988207323,-19.717595776673296,-1.290017283436143,3.636252551998653,4.797094939592514,-17.246010252983734,-34.319339099030834,39.46739433614936,31.297691486228022,35.1243978966742,12.648455061339872,-34.624284931695954,-60.99364040379688,-2.3425388487550385,5.507251683963674,32.61127229916511,20.201283634884998
-6.178179845047875,-27.795912121002118,-19.959045913854244,-13.15054695977874,-6.059774990771709,-45.16807356789066,32.788917402846934,-45.46050290603679,-13.552154173453305,16.365131800125244,60.704319650802475,12.67097313461579,-21.344295925320683,-20.25495556810598,29.57156938524471,59.180234420944416,9.019352358557025,1.7659504818329321,3.1125400791263367,-2.4849368733222787,-15.416175585161167,14.978860781207239,15.674071180734423,60.04511101575812,-6.699441854083433,-21.726704496579057,-14.572420812806397,-22.582652905762437,-1.4372655549178506,3.9514953117595497,5.4313787492913566,-19.979808129275707,-38.9478764863284,44.675952399228116,35.1243978966742,40.4041324606012,13.930821772665821,-39.70010943254006,-69.27833322439983,-1.8721257832657174,5.650099350386238,36.46946137764492,23.099419245500563
-2.1175349203085947,-9.714290552892303,-7.1791535326790035,-4.306995211969315,-2.2955897732548505,-16.073618493493782,11.466903734328287,-15.396376299652745,-4.690675834712974,6.150758347317422,21.030420121019016,4.238215581233966,-7.4822990609311635,-6.9878847731751685,10.350809132910786,21.060097778880372,3.1068537687742395,0.24145560383455775,1.0540070196869404,-0.47626284543943087,-5.72071250350876,5.243168562361247,5.545303203101753,20.80964112321745,-2.3112726764601548,-7.95942996893967,-4.9337219848038005,-7.838555042966532,-0.6132639416903166,1.6128996594587426,1.924318262288485,-6.756879321486459,-13.633973928392509,15.869544952891408,12.648455061339872,13.930821772665821,5.278139690053108,-13.948532671415043,-24.431118721810712,-1.1517834708625465,2.367229154817929,13.234752560777327,7.954511140390754
6.602898878992842,27.562796675412216,19.43516992260943,12.955541585257478,6.176051149029237,44.37473454992,-32.009120549207054,44.718453649225445,12.967941738977839,-16.274664737037707,-59.75449474441848,-12.419036714655256,20.891131718926808,19.833012032022733,-29.08208630963474,-58.61446278316762,-8.594870622194785,-1.777267666500713,-2.9595300248373517,2.0501687267200386,15.02209277196631,-14.841217952580394,-15.238971683522898,-59.0133194859727,6.4108200677186415,21.539489086313846,14.241934810721489,22.204187716346375,1.591306943397734,-4.143391002478098,-5.367227974157155,19.59959004275373,38.116045429701344,-44.08024766406551,-34.624284931695954,-39.70010943254006,-13.948532671415043,39.453562543267,68.2437046963489,1.8893411967071112,-5.629571420444061,-36.000055432761535,-22.51330824142516
10.146365598958187,47.74563557954066,35.097448272383666,22.09999185355901,10.77558350185969,78.31263118953264,-56.862000105380154,77.26996002356005,23.52452212519711,-29.01253078464291,-104.38696856433417,-21.625062894289613,37.1004128575842,34.78536307074701,-50.72712416080904,-102.285205054426,-15.642220145434559,-2.651569826810648,-5.4630135005565,4.038963690753424,27.064297271115585,-25.606175501234965,-27.392519343663604,-103.28385336882634,11.666640509118471,37.998777249882984,25.102293437596884,38.79987781411659,2.5499015041335777,-7.016212547435156,-9.43178846083017,34.23319350564495,67.53430578976361,-77.41787187744883,-60.99364040379688,-69.27833322439983,-24.431118721810712,68.2437046963489,119.69896804532392,3.7123061129578208,-10.38578528851384,-63.51142057806454,-39.78367584209209
0.1028191987849662,1.277553921140463,0.9962101823253285,0.38220051958869405,0.02307246083689409,2.6921373324695974,-1.5520491048472775,2.170309218181583,0.8042252033548716,-0.9106851932605384,-2.683554076224541,-0.32937206090297,0.8046745678595616,0.946265627586907,-1.8409556377933667,-3.188241584654558,-0.5325114339186441,0.7742627224365943,-0.058735120455870704,-0.37990593497851904,1.5276733585126987,-0.9456824807772749,-0.7540074365908284,-2.6438047658560233,0.3846641814690583,1.3235762332496084,0.2883940483840197,1.1522072701182042,0.03965421931362651,-0.34084967799961385,-0.23181162413148104,0.6746761091380629,1.701871143304707,-2.3726024534093515,-2.3425388487550385,-1.8721257832657174,-1.1517834708625465,1.8893411967071112,3.7123061129578208,1.1425088212761922,-0.6232510332146146,-2.408963834466065,-1.0679410431892737
-0.4023322566638365,-3.915814376578693,-3.5590374563921103,-1.4603709760090202,-1.184713081318825,-7.029716840240848,5.141055387187039,-5.709924375238601,-2.181621824903495,3.071919680766516,8.696541088136858,1.6927780421159984,-3.439964212627892,-2.9031161790951137,4.139162003652241,8.895659812213133,1.452249377654353,-0.04838614199850103,0.5489652376666253,-0.24251812874559506,-2.6613014208642354,1.989218448248014,2.647183203078505,8.698837677553884,-1.0916413494647956,-3.6339090789126876,-2.1612352133918202,-3.201147172899714,-0.2681562866736325,0.7136674810005437,0.8627530048324222,-2.7381597906433814,-6.113227812196075,6.879534986889232,5.507251683963674,5.650099350386238,2.367229154817929,-5.629571420444061,-10.38578528851384,-0.6232510332146146,1.37493105719182,5.8898753667829675,3.4006976786508214
-5.058335298265158,-25.15350221824257,-18.90309577818898,-11.370950934727345,-5.810543726269756,-41.76928071356668,30.223038441389654,-40.31478841245739,-12.563544380409192,15.744282224260084,55.01471956490436,11.270847522379979,-19.730762628255004,-18.360303497059242,26.834207222186503,54.32196326018068,8.355922314089549,1.010919066670215,2.8986013502288688,-1.9288629423250163,-14.718729526720947,13.48563354406814,14.660988504119437,54.515865862273415,-6.230272422537439,-20.414197549428895,-13.174285550912476,-20.470870786333666,-1.3886711143850512,3.833683305206016,5.024801911831068,-17.898722125467852,-35.87975519247393,41.172966863037615,32.61127229916511,36.46946137764492,13.234752560777327,-36.000055432761535,-63.51142057806454,-2.408963834466065,5.8898753667829675,34.0640682248563,21.021179650484882
-3.102775628304222,-15.791626648745762,-11.838067573771404,-7.3623960574991525,-3.5467498633413164,-26.06122460788248,19.102648929915492,-25.681715535197785,-8.020785873416177,9.601968712539536,34.78526162358053,7.263262038172708,-12.475793080393851,-11.636160735466543,16.821805390104927,33.83100917842156,5.352856429051818,0.9862385178953367,1.9001619367894451,-1.6285614599982987,-8.98791195811716,8.423131103219585,9.247156413849213,34.46866878227189,-3.976332639957548,-12.560392047540033,-8.485406917788785,-12.912846146432205,-0.7657972882288061,2.1876759503333396,3.1341486464831894,-11.46859171867363,-22.661082627778068,25.709876493868396,20.201283634884998,23.099419245500563,7.954511140390754,-22.51330824142516,-39.78367584209209,-1.0679410431892737,3.4006976786508214,21.021179650484882,13.376017961387433
