V1,V2,V3,V4,V5,V6,V7,V8,V9,V10,V11,V12,V13,V14,V15,V16,V17,V18,V19,V20,V21,V22,V23,V24,V25,V26,V27,V28,V29,V30,V31,V32,V33,V34,V35,V36,V37,V38,V39,V40,V41,V42,V43
1.3551096859389478,-0.5731410844030463,0.2930586742854891,-0.6039531544244893,-0.8488425401687112,-0.16740949271976965,-0.21482500242703262,0.7799314376506425,0.5606664782478961,0.21818560523081554,-0.38399611182020493,0.009495935075177228,0.2871486995600244,0.8206670605155888,-0.371097871282985,-0.0606952062878312,0.9013558912545433,-0.9704841012774593,-1.1866586620826558,0.04012024823408785,-0.10924918235490108,0.12177214448091755,0.19453813935974643,0.06285597079754116,-0.8493248266005374,-0.6597235574568713,0.7689930408376983,-0.08796618211671316,0.7404705364107679,-0.8438062360783074,-0.34463104154278223,0.4444857234752001,0.05294291604602041,-1.6025090802056536,0.4917443538868775,0.03710213041082668,-0.7715539998035651,-1.0956884806957161,-0.008102466845144379,-0.5117854674425398,-0.7152829865344474,-0.10973235727199829,-0.9544272066971342
-0.5731410844030463,0.6185520115776787,-0.24097527028690344,0.5906656019440233,1.1121697146549463,0.3883360600728533,-0.14858197397168668,-0.32931552889979526,-0.5538228686044554,0.5181261699110483,0.08370272612102336,0.7135683212768406,-0.2815509797144538,-0.850231970007174,0.18017944610391456,0.41821082598610143,-0.40308788591848116,0.7862794599510379,1.1144315524071622,-0.23786742450781972,0.703931387272384,0.12410260574014521,-0.624572429535156,-0.28232066147859153,0.3200031232397371,1.0179645100690686,-0.3773512782209238,0.5944780186020526,-0.5540721973269767,0.5756881332111482,0.7582805632113965,-0.5009360276624523,-0.00842280983435027,1.5274956202764085,-0.19338140891163308,-0.34247857793825537,0.7950076482134478,0.6504098641770999,0.37436245405556556,0.3850018897091129,0.5598101441671386,0.28288172438261233,0.21840112991948274
0.2930586742854891,-0.24097527028690344,0.37295763784961455,-0.42865080238717956,-0.38418299649316573,-0.28364029701577387,-0.036950233799867435,0.6426894640822917,-0.03852205892198413,0.02036907211677246,-0.13783571584353116,0.17309324862606298,-0.15051153726690816,0.30231770080085746,-0.22380977564693708,0.25760971026733903,0.26359463691512136,-0.8188899644762428,-0.2295843372459191,0.23946156079670006,-0.17163106597019107,-0.009351648782970548,0.10227824546241937,0.004269676897357126,-0.6805551512813207,-0.69640519178991,0.3826689630003883,-0.005975234362518455,0.27371526903366944,-0.33904825029702923,-0.4570486716563886,0.09134640149347657,0.05102034597347295,-0.5474467580412142,0.5136619934765202,-0.15602758667021946,-0.410694002423856,-0.4474373715977897,-0.25810881041409806,-0.31557936814053245,-0.1609430078590264,-0.21819295452110524,-0.45607924083512164
-0.6039531544244893,0.5906656019440233,-0.42865080238717956,0.7670238857002578,0.9596502259092742,0.4630994055351065,-0.16631131387076756,-0.5499554477673965,-0.26281748876589034,0.3583500065289497,0.18107367934432544,0.3628342715871739,-0.06293456569316407,-0.8853065468963343,0.29419880279538735,0.39821034283867646,-0.3773731533377022,1.0474554140259371,1.048866666540747,-0.18014832129540054,0.6604132816749909,0.026379450509289477,-0.43070361105142146,-0.11469081866136724,0.7783822541675993,1.0159789568825615,-0.44556033490697233,0.4969198129951637,-0.48639099555050536,0.6622061250414367,0.7643789452662979,-0.5550371885205437,-0.13431419025203567,1.2863441684363686,-0.49022563406149,-0.17475010053045897,0.9656523836490598,0.8133867633545496,0.5649966941720895,0.3458328052052661,0.5637724747175903,0.3258275569572105,0.35525736356022997
-0.8488425401687112,1.1121697146549463,-0.38418299649316573,0.9596502259092742,2.1973906564126757,0.645191124467133,-0.39720872972978194,-0.4181146119477551,-1.1458307644034866,1.0604646897248522,-0.005275907806133965,1.5660511397351227,-0.5127214663115083,-1.555209621135552,0.27887639783721235,0.7440476101653825,-0.694995915529295,1.2161958543450275,1.982090867919736,-0.5194364858386213,1.3627434654978723,0.31395765246268587,-1.4283510197258205,-0.57749673885211394,0.10930431896266807,1.9177120262418492,-0.6443899382230968,1.162683257178042,-1.0120130669320289,1.0031207211616355,1.3944138648124584,-0.8196278286616958,0.058460917259606456,2.7904406026686246,-0.19677117004209582,-0.6711933414185602,1.2839108283085374,0.9410278601204531,0.6053436760371822,0.6829591219012588,0.9009424362528627,0.5506692383547315,0.23291958606904545
-0.16740949271976965,0.3883360600728533,-0.28364029701577387,0.4630994055351065,0.645191124467133,0.45716727714504857,0.048049115509774205,-0.5227546438921878,-0.14642775521065546,0.4066010293395878,0.04293392337207811,0.2871137847409574,-0.07568598414802905,-0.40119858377689105,0.1305604220244516,-0.03968594069126447,-0.17414132255306009,0.8638843705496992,0.39393800047130456,-0.31872391647756865,0.4673716906004007,0.1512264004146631,-0.27023498425563436,-0.246351195248296,0.513663078528304,0.9946475951823112,-0.25881703273859047,0.34058348330903254,-0.23303334717538787,0.2328138079724931,0.7660497685644557,-0.19612400398352217,0.03338171066341607,0.9555075439226371,-0.38999260919819145,-0.08920950789399469,0.4911260582951815,0.3347933269600424,0.40731583609537075,0.38747509215003556,0.26303343126552003,0.31221077106223216,0.20397988882798584
-0.21482500242703262,-0.14858197397168668,-0.036950233799867435,-0.16631131387076756,-0.39720872972978194,0.048049115509774205,0.8054102307852312,-0.7975627150060003,0.17307583209850638,-0.52291291215158,0.04702100277286175,-0.7980948418830578,-0.008759279308931538,0.49745008470368324,0.09509276367793999,-1.049012612887974,-0.3222556080109161,0.43465975760769926,-0.8228338771231584,-0.08528669096477758,-0.7328701457865063,0.009371452883102866,0.5704720865428153,-0.07892801565376968,0.3881692208205301,0.16645350662660324,-0.2937199124521237,-0.5394122397413937,0.3123909604116843,-0.2975512814235463,0.0059095061239794675,0.525807025025175,0.24041213470043424,0.03984982772140996,-0.6091870891743273,0.5127206064194099,-0.5497820441235083,-0.28248770968052567,-0.2965088946868338,0.39085207885017986,-0.18423216984996882,0.07202848995790503,0.6469996084372432
0.7799314376506425,-0.32931552889979526,0.6426894640822917,-0.5499554477673965,-0.4181146119477551,-0.5227546438921878,-0.7975627150060003,1.8889232521683328,-0.03223830113135521,0.45088102060230034,-0.3570837160863963,0.9055994968935162,-0.1507371248922388,-0.0070107967109036455,-0.3997917793761738,1.6331830430537642,0.8330552844080561,-1.8753546242138226,0.26117681733931236,0.7242239283509004,0.3059925811551589,-0.08874976504345912,-0.23814460183082944,0.19058410075443366,-1.5524577166897848,-1.5251571500794057,0.996075633733305,0.564244219547523,0.5551512501720701,-0.38203661989279636,-0.8862516911581582,-0.3793082800903939,-0.19096095236389798,-1.2621824002329558,1.2176349535832645,-0.642084018073026,-0.23054688943539908,-0.7378369069306775,0.014007369714766894,-1.0622490137149119,-0.13166798256648476,-0.3672572400295857,-1.502624406071759
0.5606664782478961,-0.5538228686044554,-0.03852205892198413,-0.26281748876589034,-1.1458307644034866,-0.14642775521065546,0.17307583209850638,-0.03223830113135521,0.9034091725413277,-0.5529076118014552,-0.013311421848185062,-1.0303986076910094,0.5096092599886729,0.6896173885534539,-0.007118465316737822,-0.35708451782681205,0.44013977413081923,-0.2802947684883988,-1.1427306689894552,0.29770683842117807,-0.6324131561644325,-0.1918288640171352,0.813826767538943,0.4044516718792023,0.29836692355270444,-0.7788331957112915,0.2850988139318757,-0.5410795479397553,0.7507370062774361,-0.4912262042220724,-0.5349912132540051,0.3709548341303223,-0.12355651317518106,-1.6102081388223024,-0.32718494377922563,0.5206027112443141,-0.4989802185991982,-0.5156280312190487,0.041992723614036866,-0.3723044826361698,-0.4923526049572768,-0.10457682541634017,-0.09805178433921018
0.21818560523081554,0.5181261699110483,0.02036907211677246,0.3583500065289497,1.0604646897248522,0.4066010293395878,-0.52291291215158,0.45088102060230034,-0.5529076118014552,1.1596911665017424,-0.169471792247389,1.4095288820228924,-0.37156116070237954,-0.6888970276773526,-0.1359881421560309,0.9196247381727582,0.1969945938677648,0.17176099359762287,1.0113653959363522,-0.2783025837856838,1.1511696194629109,0.29796448696292943,-0.8746527017409728,-0.44347766652853843,-0.373482729329425,0.865653308718111,0.1971443946859185,0.9938720450509331,-0.3598577209098732,0.20166587046205275,0.823651430116943,-0.5571600887408688,0.011211798316798208,1.1289561966077863,0.44575434506195843,-0.7457269606856665,0.6827522105868903,0.18894133375843555,0.530320583212763,0.07734286880571599,0.3815185303566768,0.2403040037703827,-0.6574043258290384
-0.38399611182020493,0.08370272612102336,-0.13783571584353116,0.18107367934432544,-0.005275907806133965,0.04293392337207811,0.04702100277286175,-0.3570837160863963,-0.013311421848185062,-0.169471792247389,0.30656076772519025,-0.26749628686521354,0.012449026068675293,-0.002493683670949385,0.04984261223813848,-0.2684410553121889,-0.20248279912000552,0.42185276773957325,0.2358795158888991,-0.1845113426101564,-0.006402794786863822,-0.0746112226094059,0.15282124949948556,0.043191594660856696,0.6853647116475023,0.1581422724419702,-0.23041661377005151,-0.242783167669871,-0.5175245898864127,0.2812825304108307,0.07434463098955899,-0.06767278591484605,-0.0794860108371205,0.27505355826466643,-0.019580206432642123,0.021995917600557212,0.3148356685535749,0.671439075098995,-0.09850936883951565,0.2019252611056508,0.16355780423502844,-0.10899194685256029,0.4453711573777806
0.009495935075177228,0.7135683212768406,0.17309324862606298,0.3628342715871739,1.5660511397351227,0.2871137847409574,-0.7980948418830578,0.9055994968935162,-1.0303986076910094,1.4095288820228924,-0.26749628686521354,2.074752997813902,-0.6288827553734082,-1.1246463982843908,-0.15849944764353513,1.5292690050950175,0.07960661009042513,-0.18308233929922318,1.6888531111251892,-0.1555650540613998,1.447760160814811,0.32447325178675085,-1.3676411356435207,-0.5309005248798789,-0.9725557538747449,0.8010598120517423,0.21816983046039376,1.3763050710360818,-0.5462225005777741,0.4256897427928822,0.7724826731386636,-0.8402681851379284,0.014401065680001619,1.6148231588109192,0.8033445908002741,-1.0880708385796733,0.845963165034812,0.23351290495969246,0.48424438372517337,-0.02328230971626766,0.6072525669023193,0.21849026580882722,-0.8988292331344477
0.2871486995600244,-0.2815509797144538,-0.15051153726690816,-0.06293456569316407,-0.5127214663115083,-0.07568598414802905,-0.008759279308931538,-0.1507371248922388,0.5096092599886729,-0.37156116070237954,0.012449026068675293,-0.6288827553734082,0.41746509196367837,0.31557005357881107,0.06131522817214774,-0.34804164663168247,0.1748302134826897,-0.011929345285077993,-0.6040068406357976,0.04259558991606514,-0.3080719449574997,-0.10620777166901417,0.31581333505053605,0.2782189045888658,0.24017790383140766,-0.2722659818955974,0.028451788719029758,-0.36994411874037436,0.24745298427474638,-0.1289094753365668,-0.23671287212266867,0.23616126870405466,-0.09502064525072702,-0.860834721275658,-0.2569179638887806,0.36903025643847254,-0.20559909720992167,-0.15959122997054487,0.02416448436193473,-0.145290757518779,-0.3086975948800045,-0.020966463685117755,0.0808091184397157
0.8206670605155888,-0.850231970007174,0.30231770080085746,-0.8853065468963343,-1.555209621135552,-0.40119858377689105,0.49745008470368324,-0.0070107967109036455,0.6896173885534539,-0.6888970276773526,-0.002493683670949385,-1.1246463982843908,0.31557005357881107,1.5640578289322324,-0.3494891766170102,-1.4193006378915047,0.4528650561363047,-0.6666938765492169,-1.883169177458617,-0.17019089819475786,-1.047241459261646,-0.015495225327467652,0.9566118160397572,0.15577750726880216,-0.11187734307981599,-0.8968329004821438,0.37228311831559247,-1.1223027587869476,0.3876492934139081,-0.9016131515259014,-0.7248226698344951,1.018301614703589,0.1907614077528497,-1.7638774066183054,0.30700747262057054,0.5441528906549296,-1.242952916902764,-0.7185039616810537,-0.7679832545490723,-0.11063941751163704,-0.8839096012917891,-0.40937464868920215,0.05527341772063858
-0.371097871282985,0.18017944610391456,-0.22380977564693708,0.29419880279538735,0.27887639783721235,0.1305604220244516,0.09509276367793999,-0.3997917793761738,-0.007118465316737822,-0.1359881421560309,0.04984261223813848,-0.15849944764353513,0.06131522817214774,-0.3494891766170102,0.23404360989352163,0.024026093933257064,-0.28334145727867416,0.4566639651736137,0.24351256734523352,0.06840061871962821,-0.008061212824553137,-0.059124239420353775,-0.03910425220086404,0.05542702907512578,0.3376922521068277,0.29774587478949105,-0.299194293338595,0.06524873308363816,0.026173178041108955,0.25614315802439874,0.1680276290453152,-0.12854098330947802,-0.04221582308333695,0.38779567689794275,-0.49523199313827665,0.1537274770671003,0.238714878738108,0.17983217254089798,0.19347440202940228,0.13833354156070055,0.18043749980236964,0.1776485662870451,0.32340942397106176
-0.0606952062878312,0.41821082598610143,0.25760971026733903,0.39821034283867646,0.7440476101653825,-0.03968594069126447,-1.049012612887974,1.6331830430537642,-0.35708451782681205,0.9196247381727582,-0.2684410553121889,1.5292690050950175,-0.34804164663168247,-1.4193006378915047,0.024026093933257064,2.952343694185536,0.430794341926272,-0.9948040479767802,1.8360600623987353,1.0614334087645672,1.1043601736211823,-0.17632895267560483,-0.7253475175903485,0.1538805310179025,-0.9514777224156858,-0.7685474486517111,0.6315481541800867,1.5302035435426808,0.49480403117243993,0.3906384548529401,-0.22219436416743263,-1.3628942422509844,-0.44259298372008354,0.16799974471410345,0.5376542533439981,-0.9673006286470067,0.9929917633948512,-0.05464921750760152,0.9289311468316133,-0.9860404224091588,0.7318146998696072,0.06725171459915913,-1.4263835256537891
0.9013558912545433,-0.40308788591848116,0.26359463691512136,-0.3773731533377022,-0.694995915529295,-0.17414132255306009,-0.3222556080109161,0.8330552844080561,0.44013977413081923,0.1969945938677648,-0.20248279912000552,0.07960661009042513,0.1748302134826897,0.4528650561363047,-0.28334145727867416,0.430794341926272,0.7496387838870159,-0.8788283262910173,-0.5583848494231836,0.24093075059411181,0.02864105260126737,-0.012195107382097765,0.20845060839993193,0.1490903768314776,-0.5394643552176481,-0.7892911232414989,0.6838600330764447,0.058446303632120555,0.5328598593956188,-0.5242059466441116,-0.40965981766241966,0.07047223417770025,-0.09862592214412104,-1.2978128941613765,0.5082768336637891,-0.12445886985314364,-0.3352075923827048,-0.6154650245132295,0.09699493229975396,-0.5776447565790562,-0.3749720102265107,-0.1760798137431467,-0.8586866518243463
-0.9704841012774593,0.7862794599510379,-0.8188899644762428,1.0474554140259371,1.2161958543450275,0.8638843705496992,0.43465975760769926,-1.8753546242138226,-0.2802947684883988,0.17176099359762287,0.42185276773957325,-0.18308233929922318,-0.011929345285077993,-0.6666938765492169,0.4566639651736137,-0.9948040479767802,-0.8788283262910173,2.362614658730851,0.6912662042322131,-0.8957191205288826,0.4881416870860948,0.18591401862121787,-0.27645811448102026,-0.37510941411271437,1.8193705428890201,2.224632596225502,-1.0771125636332275,0.04401847082485744,-0.9941834640253964,0.8004451313334857,1.498956401399386,-0.15277128702848392,0.08183068608699502,2.2058501909944814,-1.163969982047771,0.21858546440015728,1.015605274666982,1.2944102399139283,0.4521419474405424,1.1893705234087195,0.5616672030083446,0.5500379656155392,1.3668229979732571
-1.1866586620826558,1.1144315524071622,-0.2295843372459191,1.048866666540747,1.982090867919736,0.39393800047130456,-0.8228338771231584,0.26117681733931236,-1.1427306689894552,1.0113653959363522,0.2358795158888991,1.6888531111251892,-0.6040068406357976,-1.883169177458617,0.24351256734523352,1.8360600623987353,-0.5583848494231836,0.6912662042322131,2.788333511668808,-0.001766378181408901,1.5319913441987862,0.024884563622554756,-1.2770656028415404,-0.2767057609207623,0.25582039014417435,1.0234753255086761,-0.39967765641755193,1.3358267962293102,-1.1844743128670812,1.3077506955566418,0.8536016361426563,-1.409795337483066,-0.2836391330776168,2.4543621040169263,0.27928587231767515,-1.0305983450332015,1.8006801182788201,1.4988717987031344,0.6825787193039147,0.1790836182194371,1.2579400089774964,0.22333898789361897,-0.05976000763961801
0.04012024823408785,-0.23786742450781972,0.23946156079670006,-0.18014832129540054,-0.5194364858386213,-0.31872391647756865,-0.08528669096477758,0.7242239283509004,0.29770683842117807,-0.2783025837856838,-0.1845113426101564,-0.1555650540613998,0.04259558991606514,-0.17019089819475786,0.06840061871962821,1.0614334087645672,0.24093075059411181,-0.8957191205288826,-0.001766378181408901,0.9476263118870755,-0.3297224637595993,-0.28320460925324986,0.3352993493673569,0.3724693191190587,-0.542623090057129,-1.211396573383042,0.3787501497225177,0.2144010335643337,0.9679203337127713,-0.20460763002311008,-0.7872449522302322,-0.2690499538205023,-0.18978287252844683,-0.9692645239936456,-0.08311747910603196,0.036763922734670204,-0.1985059070409248,-0.6211930409268187,0.1892255350298271,-0.7144043666238775,0.021270248738093852,-0.08467620794615484,-0.5531891395156198
-0.10924918235490108,0.703931387272384,-0.17163106597019107,0.6604132816749909,1.3627434654978723,0.4673716906004007,-0.7328701457865063,0.3059925811551589,-0.6324131561644325,1.1511696194629109,-0.006402794786863822,1.447760160814811,-0.3080719449574997,-1.047241459261646,-0.008061212824553137,1.1043601736211823,0.02864105260126737,0.4881416870860948,1.5319913441987862,-0.3297224637595993,1.3804039759678268,0.22625221608844426,-1.042884292006563,-0.35647135463115137,0.004055206381472064,1.0664569870197311,-0.008894629114607923,1.062131491382672,-0.7455501444835266,0.6044996497188979,0.9438232187073461,-0.8155202995095133,-0.12909693056275082,1.4653373658794069,0.37118829076771115,-0.8047216158642608,1.1421302705504959,0.7269681159681829,0.6591930607076619,0.13488495691277427,0.6064128001069377,0.25790219641646733,-0.4463654473260058
0.12177214448091755,0.12410260574014521,-0.009351648782970548,0.026379450509289477,0.31395765246268587,0.1512264004146631,0.009371452883102866,-0.08874976504345912,-0.1918288640171352,0.29796448696292943,-0.0746112226094059,0.32447325178675085,-0.10620777166901417,-0.015495225327467652,-0.059124239420353775,-0.17632895267560483,-0.012195107382097765,0.18591401862121787,0.024884563622554756,-0.28320460925324986,0.22625221608844426,0.16951742335752315,-0.2557394315559398,-0.22653211670710324,-0.11976524375234825,0.47796438439394245,-0.03099542940851786,0.14041095795754135,-0.15822652399121723,-0.032459380168908675,0.3542639583608899,0.06215843234310024,0.1210543400719442,0.4303154030153513,0.07002711478835488,-0.11014162915877582,0.006441264361755689,-0.03826378896786573,0.019100785635682658,0.20784688122810802,-0.007434565849582549,0.10524506402171192,-0.03359099206887035
0.19453813935974643,-0.624572429535156,0.10227824546241937,-0.43070361105142146,-1.4283510197258205,-0.27023498425563436,0.5704720865428153,-0.23814460183082944,0.813826767538943,-0.8746527017409728,0.15282124949948556,-1.3676411356435207,0.31581333505053605,0.9566118160397572,-0.03910425220086404,-0.7253475175903485,0.20845060839993193,-0.27645811448102026,-1.2770656028415404,0.3352993493673569,-1.042884292006563,-0.2557394315559398,1.1859669377726572,0.368543030822891,0.508925840650511,-1.00292241294224,0.1737791946466813,-0.8717211705061176,0.6571119788011799,-0.5547493048226604,-0.7507838246593649,0.5226403319437297,-0.033001349662807794,-1.4948535236490779,-0.30173761908337593,0.6065373737222403,-0.701324559160325,-0.3754159368228827,-0.3239440971534386,-0.22269772803009782,-0.4393088546928838,-0.27599206532346127,0.26362591294883464
0.06285597079754116,-0.28232066147859153,0.004269676897357126,-0.11469081866136724,-0.57749673885211394,-0.246351195248296,-0.07892801565376968,0.19058410075443366,0.4044516718792023,-0.44347766652853843,0.043191594660856696,-0.5309005248798789,0.2782189045888658,0.15577750726880216,0.05542702907512578,0.1538805310179025,0.1490903768314776,-0.37510941411271437,-0.2767057609207623,0.3724693191190587,-0.35647135463115137,-0.22653211670710324,0.368543030822891,0.37141346065895053,0.061234745652586624,-0.7489791932447037,0.12252458711465014,-0.265887903757349,0.32056458325918125,-0.057103609440136545,-0.5571513031706707,0.02021506649920377,-0.17452629265149816,-0.9270819317461663,-0.07718211394370948,0.22738848468315268,-0.13842140807229025,-0.1114289551770064,-0.02685216596662614,-0.3665239290585786,-0.14708195219075204,-0.14977378809782116,-0.05272851522677251
-0.8493248266005374,0.3200031232397371,-0.6805551512813207,0.7783822541675993,0.10930431896266807,0.513663078528304,0.3881692208205301,-1.5524577166897848,0.29836692355270444,-0.373482729329425,0.6853647116475023,-0.9725557538747449,0.24017790383140766,-0.11187734307981599,0.3376922521068277,-0.9514777224156858,-0.5394643552176481,1.8193705428890201,0.25582039014417435,-0.542623090057129,0.004055206381472064,-0.11976524375234825,0.508925840650511,0.061234745652586624,2.2324402405131565,1.0650075015121503,-0.7617767357590772,-0.5067032084312652,-0.868604728778432,0.6221516599870748,0.701158323741605,-0.09748647891630415,-0.16622051323315726,0.85550986334883,-0.8792303302024129,0.3708854878366032,0.8715681532528972,1.4684140291240733,0.23299026664375666,0.7313096927747926,0.37647365710717723,0.11432688820111202,1.3068022799459598
-0.6597235574568713,1.0179645100690686,-0.69640519178991,1.0159789568825615,1.9177120262418492,0.9946475951823112,0.16645350662660324,-1.5251571500794057,-0.7788331957112915,0.865653308718111,0.1581422724419702,0.8010598120517423,-0.2722659818955974,-0.8968329004821438,0.29774587478949105,-0.7685474486517111,-0.7892911232414989,2.224632596225502,1.0234753255086761,-1.211396573383042,1.0664569870197311,0.47796438439394245,-1.00292241294224,-0.7489791932447037,1.0650075015121503,2.79125463533376,-0.9572694218826062,0.5543408375957195,-1.2054661415836379,0.7740379670491667,1.952467771457445,-0.2147880042696349,0.2528075469905909,2.8822513993374037,-0.739470680432564,-0.18898068657399583,1.0448293519244771,1.0656547475325424,0.5091782962864227,1.3094303103947584,0.5861266874527342,0.6952429575027069,0.9317672534737566
0.7689930408376983,-0.3773512782209238,0.3826689630003883,-0.44556033490697233,-0.6443899382230968,-0.25881703273859047,-0.2937199124521237,0.996075633733305,0.2850988139318757,0.1971443946859185,-0.23041661377005151,0.21816983046039376,0.028451788719029758,0.37228311831559247,-0.299194293338595,0.6315481541800867,0.6838600330764447,-1.0771125636332275,-0.39967765641755193,0.3787501497225177,-0.008894629114607923,-0.03099542940851786,0.1737791946466813,0.12252458711465014,-0.7617767357590772,-0.9572694218826062,0.7105626411538253,0.14047314126757557,0.5799626706323755,-0.5196529883552989,-0.5313371859444983,0.0035520781527368555,-0.07466626070219125,-1.1831327931421258,0.6117436675884226,-0.2138609831957526,-0.37784392482698226,-0.6749727478067089,0.017083909440569617,-0.6309376424708854,-0.29249608040985914,-0.2183072491728682,-0.9191274529352343
-0.08796618211671316,0.5944780186020526,-0.005975234362518455,0.4969198129951637,1.162683257178042,0.34058348330903254,-0.5394122397413937,0.564244219547523,-0.5410795479397553,0.9938720450509331,-0.242783167669871,1.3763050710360818,-0.36994411874037436,-1.1223027587869476,0.06524873308363816,1.5302035435426808,0.058446303632120555,0.04401847082485744,1.3358267962293102,0.2144010335643337,1.062131491382672,0.14041095795754135,-0.8717211705061176,-0.265887903757349,-0.5067032084312652,0.5543408375957195,0.14047314126757557,1.2257693597400101,0.053328442893722704,0.3470084337390624,0.5994930744247726,-0.8271149940721296,-0.0947242898326968,1.1163711730219088,0.10964487720351462,-0.6876063582184103,0.7986958645390068,0.04360325032289746,0.745941530185477,-0.14773025736763057,0.5739853302943885,0.3382394183435338,-0.7103180993991097
0.7404705364107679,-0.5540721973269767,0.27371526903366944,-0.48639099555050536,-1.0120130669320289,-0.23303334717538787,0.3123909604116843,0.5551512501720701,0.7507370062774361,-0.3598577209098732,-0.5175245898864127,-0.5462225005777741,0.24745298427474638,0.3876492934139081,0.026173178041108955,0.49480403117243993,0.5328598593956188,-0.9941834640253964,-1.1844743128670812,0.9679203337127713,-0.7455501444835266,-0.15822652399121723,0.6571119788011799,0.32056458325918125,-0.868604728778432,-1.2054661415836379,0.5799626706323755,0.053328442893722704,1.8590758353471808,-0.8792916741811865,-0.7637628180122071,0.2661307289583093,0.01479335146294228,-1.693600433141886,-0.5105241062781385,0.4419429143251341,-0.9451388485342075,-1.6594851334540437,0.260093152803851,-0.7342042364995586,-0.4829386479848576,0.11916018784210032,-0.7595664243247001
-0.8438062360783074,0.5756881332111482,-0.33904825029702923,0.6622061250414367,1.0031207211616355,0.2328138079724931,-0.2975512814235463,-0.38203661989279636,-0.4912262042220724,0.20166587046205275,0.2812825304108307,0.4256897427928822,-0.1289094753365668,-0.9016131515259014,0.25614315802439874,0.3906384548529401,-0.5242059466441116,0.8004451313334857,1.3077506955566418,-0.20460763002311008,0.6044996497188979,-0.032459380168908675,-0.5547493048226604,-0.057103609440136545,0.6221516599870748,0.7740379670491667,-0.5196529883552989,0.3470084337390624,-0.8792916741811865,0.8594883840917332,0.5088889823245536,-0.5733269304032829,-0.15628091512536213,1.3514316320711717,-0.1511597023445553,-0.263250059393422,0.9758406412145603,1.0906414821576618,0.246842304568079,0.3250970763645084,0.6120206258788751,0.13297372599539384,0.4783033611134192
-0.34463104154278223,0.7582805632113965,-0.4570486716563886,0.7643789452662979,1.3944138648124584,0.7660497685644557,0.0059095061239794675,-0.8862516911581582,-0.5349912132540051,0.823651430116943,0.07434463098955899,0.7724826731386636,-0.23671287212266867,-0.7248226698344951,0.1680276290453152,-0.22219436416743263,-0.40965981766241966,1.498956401399386,0.8536016361426563,-0.7872449522302322,0.9438232187073461,0.3542639583608899,-0.7507838246593649,-0.5571513031706707,0.701158323741605,1.952467771457445,-0.5313371859444983,0.5994930744247726,-0.7637628180122071,0.5088889823245536,1.4436242890763549,-0.2967177349220795,0.13599896380680832,2.0206637762214386,-0.4355003340535705,-0.27725125300386405,0.8594662576771556,0.7159554189691673,0.5281799973123712,0.8208663344183064,0.4724789020975892,0.5121220720701408,0.41563065129166454
0.4444857234752001,-0.5009360276624523,0.09134640149347657,-0.5550371885205437,-0.8196278286616958,-0.19612400398352217,0.525807025025175,-0.3793082800903939,0.3709548341303223,-0.5571600887408688,-0.06767278591484605,-0.8402681851379284,0.23616126870405466,1.018301614703589,-0.12854098330947802,-1.3628942422509844,0.07047223417770025,-0.15277128702848392,-1.409795337483066,-0.2690499538205023,-0.8155202995095133,0.06215843234310024,0.5226403319437297,0.02021506649920377,-0.09748647891630415,-0.2147880042696349,0.0035520781527368555,-0.8271149940721296,0.2661307289583093,-0.5733269304032829,-0.2967177349220795,0.8648823426906098,0.2532183054358422,-0.8563368305562655,-0.10324016731211547,0.5514885821726625,-0.9707867782828997,-0.5973208095834769,-0.570833668173498,0.17222108959375243,-0.6443810048024439,-0.12022625620453488,0.31860330268546094
0.05294291604602041,-0.00842280983435027,0.05102034597347295,-0.13431419025203567,0.058460917259606456,0.03338171066341607,0.24041213470043424,-0.19096095236389798,-0.12355651317518106,0.011211798316798208,-0.0794860108371205,0.014401065680001619,-0.09502064525072702,0.1907614077528497,-0.04221582308333695,-0.44259298372008354,-0.09862592214412104,0.08183068608699502,-0.2836391330776168,-0.18978287252844683,-0.12909693056275082,0.1210543400719442,-0.033001349662807794,-0.17452629265149816,-0.16622051323315726,0.2528075469905909,-0.07466626070219125,-0.0947242898326968,0.01479335146294228,-0.15628091512536213,0.13599896380680832,0.2532183054358422,0.18220863634960033,0.22292204935430704,-0.04059223552711944,0.0746488956887409,-0.282328130896181,-0.2184403322556816,-0.17483526026504662,0.2169612412265091,-0.11145083782497661,0.05508106700821008,0.12182284149250519
-1.6025090802056536,1.5274956202764085,-0.5474467580412142,1.2863441684363686,2.7904406026686246,0.9555075439226371,0.03984982772140996,-1.2621824002329558,-1.6102081388223024,1.1289561966077863,0.27505355826466643,1.6148231588109192,-0.860834721275658,-1.7638774066183054,0.38779567689794275,0.16799974471410345,-1.2978128941613765,2.2058501909944814,2.4543621040169263,-0.9692645239936456,1.4653373658794069,0.4303154030153513,-1.4948535236490779,-0.9270819317461663,0.85550986334883,2.8822513993374037,-1.1831327931421258,1.1163711730219088,-1.693600433141886,1.3514316320711717,2.0206637762214386,-0.8563368305562655,0.22292204935430704,4.242223367675559,-0.4675467513374139,-0.7223559648932283,1.6480384252657378,1.6684514664567323,0.4859497081429491,1.3868719275909431,1.2938784783360908,0.6614268918722369,1.010470140955909
0.4917443538868775,-0.19338140891163308,0.5136619934765202,-0.49022563406149,-0.19677117004209582,-0.38999260919819145,-0.6091870891743273,1.2176349535832645,-0.32718494377922563,0.44575434506195843,-0.019580206432642123,0.8033445908002741,-0.2569179638887806,0.30700747262057054,-0.49523199313827665,0.5376542533439981,0.5082768336637891,-1.163969982047771,0.27928587231767515,-0.08311747910603196,0.37118829076771115,0.07002711478835488,-0.30173761908337593,-0.07718211394370948,-0.8792303302024129,-0.739470680432564,0.6117436675884226,0.10964487720351462,-0.5105241062781385,-0.1511597023445553,-0.4355003340535705,-0.10324016731211547,-0.04059223552711944,-0.4675467513374139,1.4422632459390445,-0.656925166012479,-0.0908544744567049,0.07316703183591984,-0.42166179839076823,-0.41217076625360005,-0.10659691330990347,-0.4884211148585625,-0.7918049933153444
0.03710213041082668,-0.34247857793825537,-0.15602758667021946,-0.17475010053045897,-0.6711933414185602,-0.08920950789399469,0.5127206064194099,-0.642084018073026,0.5206027112443141,-0.7457269606856665,0.021995917600557212,-1.0880708385796733,0.36903025643847254,0.5441528906549296,0.1537274770671003,-0.9673006286470067,-0.12445886985314364,0.21858546440015728,-1.0305983450332015,0.036763922734670204,-0.8047216158642608,-0.11014162915877582,0.6065373737222403,0.22738848468315268,0.3708854878366032,-0.18898068657399583,-0.2138609831957526,-0.6876063582184103,0.4419429143251341,-0.263250059393422,-0.27725125300386405,0.5514885821726625,0.0746488956887409,-0.7223559648932283,-0.656925166012479,0.6929022042836734,-0.5721497382683248,-0.35580585993896746,-0.21127625326678462,0.10977610482786274,-0.3860708429768747,0.0319349955881665,0.5309796252583802
-0.7715539998035651,0.7950076482134478,-0.410694002423856,0.9656523836490598,1.2839108283085374,0.4911260582951815,-0.5497820441235083,-0.23054688943539908,-0.4989802185991982,0.6827522105868903,0.3148356685535749,0.845963165034812,-0.20559909720992167,-1.242952916902764,0.238714878738108,0.9929917633948512,-0.3352075923827048,1.015605274666982,1.8006801182788201,-0.1985059070409248,1.1421302705504959,0.006441264361755689,-0.701324559160325,-0.13842140807229025,0.8715681532528972,1.0448293519244771,-0.37784392482698226,0.7986958645390068,-0.9451388485342075,0.9758406412145603,0.8594662576771556,-0.9707867782828997,-0.282328130896181,1.6480384252657378,-0.0908544744567049,-0.5721497382683248,1.4939564262822538,1.3461510528165772,0.6907103650816853,0.2592753802790562,0.8610311454391163,0.22952538636902578,0.1755344659192079
-1.0956884806957161,0.6504098641770999,-0.4474373715977897,0.8133867633545496,0.9410278601204531,0.3347933269600424,-0.28248770968052567,-0.7378369069306775,-0.5156280312190487,0.18894133375843555,0.671439075098995,0.23351290495969246,-0.15959122997054487,-0.7185039616810537,0.17983217254089798,-0.05464921750760152,-0.6154650245132295,1.2944102399139283,1.4988717987031344,-0.6211930409268187,0.7269681159681829,-0.03826378896786573,-0.3754159368228827,-0.1114289551770064,1.4684140291240733,1.0656547475325424,-0.6749727478067089,0.04360325032289746,-1.6594851334540437,1.0906414821576618,0.7159554189691673,-0.5973208095834769,-0.2184403322556816,1.6684514664567323,0.07316703183591984,-0.35580585993896746,1.3461510528165772,1.9483655212055293,0.08701225675816639,0.6143827284173787,0.7473783298958603,-0.056123444678163645,0.9006712548924493
-0.008102466845144379,0.37436245405556556,-0.25810881041409806,0.5649966941720895,0.6053436760371822,0.40731583609537075,-0.2965088946868338,0.014007369714766894,0.041992723614036866,0.530320583212763,-0.09850936883951565,0.48424438372517337,0.02416448436193473,-0.7679832545490723,0.19347440202940228,0.9289311468316133,0.09699493229975396,0.4521419474405424,0.6825787193039147,0.1892255350298271,0.6591930607076619,0.019100785635682658,-0.3239440971534386,-0.02685216596662614,0.23299026664375666,0.5091782962864227,0.017083909440569617,0.745941530185477,0.260093152803851,0.246842304568079,0.5281799973123712,-0.570833668173498,-0.17483526026504662,0.4859497081429491,-0.42166179839076823,-0.21127625326678462,0.6907103650816853,0.08701225675816639,0.8156279449768352,-0.09801636399619816,0.355296807007391,0.3630549320827516,-0.32906294924987894
-0.5117854674425398,0.3850018897091129,-0.31557936814053245,0.3458328052052661,0.6829591219012588,0.38747509215003556,0.39085207885017986,-1.0622490137149119,-0.3723044826361698,0.07734286880571599,0.2019252611056508,-0.02328230971626766,-0.145290757518779,-0.11063941751163704,0.13833354156070055,-0.9860404224091588,-0.5776447565790562,1.1893705234087195,0.1790836182194371,-0.7144043666238775,0.13488495691277427,0.20784688122810802,-0.22269772803009782,-0.3665239290585786,0.7313096927747926,1.3094303103947584,-0.6309376424708854,-0.14773025736763057,-0.7342042364995586,0.3250970763645084,0.8208663344183064,0.17222108959375243,0.2169612412265091,1.3868719275909431,-0.41217076625360005,0.10977610482786274,0.2592753802790562,0.6143827284173787,-0.09801636399619816,0.832283932534041,0.19235910925460908,0.2271751962355847,0.8583208273615459
-0.7152829865344474,0.5598101441671386,-0.1609430078590264,0.5637724747175903,0.9009424362528627,0.26303343126552003,-0.18423216984996882,-0.13166798256648476,-0.4923526049572768,0.3815185303566768,0.16355780423502844,0.6072525669023193,-0.3086975948800045,-0.8839096012917891,0.18043749980236964,0.7318146998696072,-0.3749720102265107,0.5616672030083446,1.2579400089774964,0.021270248738093852,0.6064128001069377,-0.007434565849582549,-0.4393088546928838,-0.14708195219075204,0.37647365710717723,0.5861266874527342,-0.29249608040985914,0.5739853302943885,-0.4829386479848576,0.6120206258788751,0.4724789020975892,-0.6443810048024439,-0.11145083782497661,1.2938784783360908,-0.10659691330990347,-0.3860708429768747,0.8610311454391163,0.7473783298958603,0.355296807007391,0.19235910925460908,0.6499895653134429,0.15571004108678038,0.16129331799183386
-0.10973235727199829,0.28288172438261233,-0.21819295452110524,0.3258275569572105,0.5506692383547315,0.31221077106223216,0.07202848995790503,-0.3672572400295857,-0.10457682541634017,0.2403040037703827,-0.10899194685256029,0.21849026580882722,-0.020966463685117755,-0.40937464868920215,0.1776485662870451,0.06725171459915913,-0.1760798137431467,0.5500379656155392,0.22333898789361897,-0.08467620794615484,0.25790219641646733,0.10524506402171192,-0.27599206532346127,-0.14977378809782116,0.11432688820111202,0.6952429575027069,-0.2183072491728682,0.3382394183435338,0.11916018784210032,0.13297372599539384,0.5121220720701408,-0.12022625620453488,0.05508106700821008,0.6614268918722369,-0.4884211148585625,0.0319349955881665,0.22952538636902578,-0.056123444678163645,0.3630549320827516,0.2271751962355847,0.15571004108678038,0.3381484712264019,0.096661704683908
-0.9544272066971342,0.21840112991948274,-0.45607924083512164,0.35525736356022997,0.23291958606904545,0.20397988882798584,0.6469996084372432,-1.502624406071759,-0.09805178433921018,-0.6574043258290384,0.4453711573777806,-0.8988292331344477,0.0808091184397157,0.05527341772063858,0.32340942397106176,-1.4263835256537891,-0.8586866518243463,1.3668229979732571,-0.05976000763961801,-0.5531891395156198,-0.4463654473260058,-0.03359099206887035,0.26362591294883464,-0.05272851522677251,1.3068022799459598,0.9317672534737566,-0.9191274529352343,-0.7103180993991097,-0.7595664243247001,0.4783033611134192,0.41563065129166454,0.31860330268546094,0.12182284149250519,1.010470140955909,-0.7918049933153444,0.5309796252583802,0.1755344659192079,0.9006712548924493,-0.32906294924987894,0.8583208273615459,0.16129331799183386,0.096661704683908,1.462174228503713
