V1,V2,V3,V4,V5,V6,V7,V8,V9,V10,V11,V12,V13,V14,V15,V16,V17,V18,V19,V20,V21,V22,V23,V24,V25,V26,V27,V28,V29,V30,V31,V32,V33,V34,V35,V36,V37,V38,V39,V40,V41,V42,V43,V44
2.053124413115088,0.32466260484898524,-1.3011085743488175,0.6636368933060234,0.894438261811492,0.6380135332142441,-0.17663011078869997,0.18808441962804823,-0.7331438455875411,-0.40243226255482617,-1.2970284711823599,1.3086566224126879,-0.7683206001018129,-0.4847396790988233,-0.2658334682571305,0.4397202810405008,-0.18167594463888004,-1.285518899839748,-2.328640218912463,-1.954688300944169,-0.031351963723865665,-0.826394531699673,1.42782021216421,0.8316812820518451,0.2629325917156444,0.5510677808083778,-0.2414866962679509,-0.32581110537174907,-0.2769517186585161,-0.028532869838553673,1.0067866507163639,0.04201887977089586,0.7948186238655598,-1.40276592842801,0.5769461685971846,-0.3328759283279633,-1.2548736128636007,-0.783017886079845,-1.7394105809627505,0.041942551582512054,-0.6022030237622407,1.560835178485684,0.9632206995006535,0.6887201115187671
0.32466260484898524,0.4495284870581063,-0.6828029385096281,0.003521326003732098,0.005282696856516882,0.6882832998112398,-0.21771458640315888,0.163957953446625,0.254915131766355,-0.128061535909841,0.3618764299749138,0.747241825782857,-0.23019599488757586,-0.021618623600504885,0.3321772596145591,0.6533090301870447,0.549152205213327,-0.23560831089594386,-0.0018522630414902377,-0.25297408113979514,0.2690368091914554,-0.20943032942245315,0.04634777709861212,-0.1593919170652076,-0.23771617805412465,0.24977398064223932,-0.45106871652390923,0.29123065116203717,-0.1084435632483505,0.4136823594570942,0.14268616946140414,-0.5104224594241891,0.06552442265423976,-0.14805663386029605,-0.3142483746547497,-0.7705412555025556,-0.6972845422189552,0.24319510888031703,-0.4118106615223315,-0.07671078935854528,0.10668363272527003,0.6457511254111469,0.3205014556671701,0.0941540091208441
-1.3011085743488175,-0.6828029385096281,1.4123103686845007,-0.3780929766965527,-0.4298096199257365,-1.1131770131629586,0.32487066653337804,-0.18699410812213785,0.07024102629450787,0.3299749598870378,0.19720128089452751,-1.4346982594925677,0.6242246297766989,0.3179209662567626,-0.30368779396786655,-0.9664317857579842,-0.4883438354968332,0.8703416249440611,1.0443087636541002,1.1508899426966408,-0.34546336893997753,0.6235150480209042,-0.7555576269602257,-0.15626947754788023,0.10887541208937179,-0.5710491118597755,0.6878446570180439,-0.13830175618619897,0.25763279783179477,-0.42605668925341783,-0.5859204139669856,0.5510824400798716,-0.4529864037638149,0.8810819420595174,0.09941881672749778,1.073671145876137,1.3489955496554864,0.0865492755483152,1.2554132854787499,0.058234878805269896,0.22906253076395072,-1.4081859453483474,-0.8094348418152228,-0.4376404473451388
0.6636368933060234,0.003521326003732098,-0.3780929766965527,0.6643529828466007,0.44842268019038467,0.25859279496896337,-0.03200639858743442,-0.544172600602581,-0.6921610394381914,-0.08788081126965425,-0.6264112672142971,0.329136488587047,-0.2962893065852763,-0.49532271347708406,0.05241286356372891,0.03651449169246473,-0.6755167951732133,-0.4992503088069846,-0.6486958210534204,-0.37292289212354857,0.29477949519126884,-0.18532652969963137,0.7347642644728923,0.0778058960823778,0.282675177513792,0.3787577530862772,-0.13499299399959108,-0.3882657078061527,-0.07239884733252645,-0.2834313093299379,0.1912180747532211,0.24932625228419594,0.36224314424011345,-1.1064158783487732,0.22236871608833156,-0.06282474685934245,-0.1786830649611718,-0.47719585189432634,-0.5615721084523929,0.18985575996148787,-0.666463231982852,0.16810149351977047,0.3002809393044935,0.24550032820655907
0.894438261811492,0.005282696856516882,-0.4298096199257365,0.44842268019038467,0.4787995389352157,0.06730919826828505,0.020943860504915264,-0.10325645340599522,-0.5156965784823538,-0.15098838529253192,-0.8680818295872805,0.29186186921399015,-0.304747336256849,-0.359509144454685,-0.2169617951130487,-0.03706060192197579,-0.4176604117024767,-0.5755301322298785,-1.1756497052255324,-0.8547050555901665,-0.06680383141266247,-0.3508395654428537,0.7994913066987472,0.4413503553284213,0.3225532355513682,0.21714688705132773,-0.03245223699216012,-0.37883555538575786,-0.10855513131309696,-0.25922019413998837,0.3896875462082058,0.2732747059582974,0.4030338297846632,-0.7425016395201428,0.44087813395456116,0.10928185068547606,-0.2929885739940058,-0.5170166193248412,-0.6847523866023326,0.06282193081612991,-0.4779227380564012,0.4422938665101514,0.35372588930892646,0.34316784111406246
0.6380135332142441,0.6882832998112398,-1.1131770131629586,0.25859279496896337,0.06730919826828505,1.9813661950566572,-0.8178807667071615,-0.3530162150659766,-0.28473599866313853,-0.14655689681770323,1.4774088325343246,2.48532931747928,-0.6139442185281325,0.17886375550778372,1.076926186321249,1.5119819686637384,0.6073010582980903,-0.4973952983972679,1.0225683544333075,0.365640347510424,1.3977644961073186,0.08118374878016214,-0.2949044810835567,-0.9772196457930208,-1.162031176461113,0.982589662620146,-0.5165844163524874,1.0470803683578724,-0.06003396303065512,1.175268411684208,0.38804530877778937,-1.2646542563547076,0.08537642637649036,-1.581267945289861,-1.2890802434578008,-1.815771893925912,-1.7163321809337653,0.3776160971399904,-1.1889634301335472,0.3144002371063275,0.18088369328405474,1.3445679191723847,0.7725937133328962,-0.183390058564641
-0.17663011078869997,-0.21771458640315888,0.32487066653337804,-0.03200639858743442,0.020943860504915264,-0.8178807667071615,0.37863436406734413,0.14543206603526623,0.1547662867978144,0.028587052690010526,-0.7731585315997762,-1.0979087839774302,0.22492258696094047,-0.19854402169341434,-0.453812614318973,-0.6024157914324416,-0.25406777211808257,0.13476645323250167,-0.6247738309121503,-0.3109666868086115,-0.6230263327788403,-0.13916549346965346,0.28528384695077363,0.47303793532724436,0.6166991787611644,-0.40065791870427103,0.08550502732438219,-0.5480532939729266,-0.015074346425572812,-0.5598631805997184,-0.1663307193054481,0.561825090525531,0.021801153765544517,0.6681186630509853,0.6294887488440064,0.7163339581618208,0.7073808341364254,-0.18192118039156438,0.46444160949805424,-0.17398049213841052,-0.17698558469547257,-0.5318112508642968,-0.28567043587773094,0.1680332803624718
0.18808441962804823,0.163957953446625,-0.18699410812213785,-0.544172600602581,-0.10325645340599522,-0.3530162150659766,0.14543206603526623,0.9698689708758602,0.7212425089556996,-0.11859444310986601,-0.28518013901037303,-0.27568559836858003,0.06837130267855553,0.24540745466199004,-0.4169343567526127,-0.02404233402369853,0.7959883317567482,-0.002207564625710646,-0.8129567790179353,-0.8408297386560092,-0.7543307027548475,-0.36012637289736427,0.0035751487185009664,0.6149676928236627,0.12652818837818028,-0.4082048454229379,-0.04382318976439703,0.04628627001939334,-0.09791367633695738,0.09797251301767895,0.20499757260891158,-0.07823922237383212,-0.02108271736451083,1.1418650317792463,0.35173166221771035,0.1551132724317905,-0.15508430786770552,0.16948127830527815,0.017687170797535658,-0.37713636353797153,0.4675589207845984,0.4360244943104796,0.01574833902003803,0.1906616696707515
-0.7331438455875411,0.254915131766355,0.07024102629450787,-0.6921610394381914,-0.5156965784823538,-0.28473599866313853,0.1547662867978144,0.7212425089556996,1.1418896527665976,0.02940535011242519,0.47869463670487683,-0.6655422267358405,0.33156558371102907,0.2881255990930383,-0.01677554265265129,0.08990848591304149,0.9841738623247749,0.5105098532347976,0.41909049726062236,0.11738362916402957,-0.48695049350600217,-0.05462100355045152,-0.5636679208544187,0.016092601153363254,0.008337009640450789,-0.4915893427688328,-0.28952236054283176,0.21417255853248687,-0.02563307622076024,0.201448995128306,-0.3443313294766727,-0.28775726251492206,-0.35547239433540656,1.6106500643267478,-0.08476040143769345,-0.12294241232098474,0.23467323998714487,0.6578348772853099,0.7496082695753981,-0.409107945235208,0.6180579484188712,-0.18770451695679033,-0.32510328974740915,-0.07325927087741316
-0.40243226255482617,-0.128061535909841,0.3299749598870378,-0.08788081126965425,-0.15098838529253192,-0.14655689681770323,0.028587052690010526,-0.11859444310986601,0.02940535011242519,0.09563901925060432,0.23908412848923113,-0.24709952177467467,0.15027934769578624,0.09652273270595366,0.042863966665775154,-0.14112852051106511,-0.08393638668884577,0.2511812454931186,0.49238838847877464,0.44768957643827023,0.04627418454816056,0.2102703385399329,-0.2805876553528221,-0.18305379709123643,-0.06530058732925954,-0.08554093673404918,0.12270000166793181,0.051567399181164514,0.07384005690751246,-0.02409489023036962,-0.19086699933145218,0.039614346563923784,-0.1491791392568787,0.15335606569773486,-0.11417316543402715,0.12929284607918634,0.2852039846716828,0.09680952135893418,0.3288572652291572,0.040768578324122326,0.08012771272015076,-0.35625494516676925,-0.1984105718799147,-0.16017399057481363
-1.2970284711823599,0.3618764299749138,0.19720128089452751,-0.6264112672142971,-0.8680818295872805,1.4774088325343246,-0.7731585315997762,-0.28518013901037303,0.47869463670487683,0.23908412848923113,3.0422661114319753,1.5867538883330419,0.10777671770530044,0.9603414093042687,1.315863487182106,1.1933994056792225,1.052798091458202,0.7713628770637622,3.4192883075338174,2.269735606834798,1.4343998512424767,0.9570027385485003,-1.9536997804353498,-1.7911572771888964,-1.750438031096835,0.44478643664664813,-0.09068421462850378,1.6864693323206918,0.2413166882650718,1.4853618446879062,-0.4225481707450744,-1.517201165754497,-0.7525804055087345,-0.1612936117594868,-2.02911520538048,-1.5604145006782015,-0.7676004220222691,1.2222476170443295,0.3456610919685049,0.29060023243634386,1.084443656938464,0.11793854347405135,-0.09873061668839699,-0.9626575449618169
1.3086566224126879,0.747241825782857,-1.4346982594925677,0.329136488587047,0.29186186921399015,2.48532931747928,-1.0979087839774302,-0.27568559836858003,-0.6655422267358405,-0.24709952177467467,1.5867538883330419,3.5096242288556425,-0.9198190301291349,0.35159517694427855,1.1250469253297335,1.8355581074836302,0.6735454796712266,-0.8826154672900248,0.7418651359279235,0.02670999481953368,1.6581349676499824,0.025628083380997473,-0.20491207097306163,-0.9374140349968346,-1.5692875104655033,1.2979251480492506,-0.35458375854910457,1.3683611559987838,-0.07811586415998809,1.5264556875008772,0.8593560341022083,-1.53162818437178,0.25645486240366805,-2.3226480538346332,-1.4774899080023722,-2.103396709588324,-2.4471149880481535,0.20327551175456093,-1.959404337046234,0.4683141135026172,0.26248693338437157,2.1004429007871837,1.1683434545436975,-0.17039038058806247
-0.7683206001018129,-0.23019599488757586,0.6242246297766989,-0.2962893065852763,-0.304747336256849,-0.6139442185281325,0.22492258696094047,0.06837130267855553,0.33156558371102907,0.15027934769578624,0.10777671770530044,-0.9198190301291349,0.36976190064765657,0.1365229159324755,-0.15249008246081835,-0.4391671261096577,-0.013684214132013595,0.5077014321323159,0.4939835269867998,0.5018363753980215,-0.30967051155907277,0.22718765197410748,-0.39911830544087334,-0.03633438431788596,0.14965883068841898,-0.3931685959670527,0.1787564582562108,-0.09707784629902261,0.09477887236930832,-0.21465551071907318,-0.3836420312836017,0.22993659215635656,-0.27188336045131956,0.825477738755537,0.0894298850954083,0.47333643779261725,0.7270709009578452,0.18526506693336023,0.7882021477007484,-0.09702983875693666,0.18639031586316962,-0.7346482505252812,-0.457790115588303,-0.17325613634546697
-0.4847396790988233,-0.021618623600504885,0.3179209662567626,-0.49532271347708406,-0.359509144454685,0.17886375550778372,-0.19854402169341434,0.24540745466199004,0.2881255990930383,0.09652273270595366,0.9603414093042687,0.35159517694427855,0.1365229159324755,0.5687315906740972,0.17936209397919278,0.18643771975963386,0.499425886780402,0.36636033926829364,0.9956026963236481,0.6335790423446199,0.16360136856715335,0.34571215607671385,-0.8223314718098776,-0.3678456917321947,-0.635914806307727,-0.06886013325172329,0.24445237641010548,0.6357737181961354,0.11537781045080338,0.5108196830688414,-0.05274425412685566,-0.438331311867898,-0.32177124458921397,0.35933032947487903,-0.5524060097422181,-0.20335823861394697,-0.16257147032396935,0.40528038389014465,0.20649802695244573,0.03202860811161647,0.6250066563922314,0.05444955488422468,-0.1252730727259058,-0.3683400006399537
-0.2658334682571305,0.3321772596145591,-0.30368779396786655,0.05241286356372891,-0.2169617951130487,1.076926186321249,-0.453812614318973,-0.4169343567526127,-0.01677554265265129,0.042863966665775154,1.315863487182106,1.1250469253297335,-0.15249008246081835,0.17936209397919278,0.815032321281066,0.8140476903006545,0.328984328349905,0.08152721275271262,1.4270854732364793,0.9161910924754717,0.9669585293941402,0.3239740616968718,-0.5803693052568193,-0.9386787164627916,-0.7663599865981725,0.49079521256618114,-0.2979668224706288,0.7016729953923885,0.04871061946743444,0.6957142429964037,-0.1220661565433766,-0.7754753252617387,-0.17982476814308057,-0.6744078745381064,-0.9998713364826639,-1.0630060653983533,-0.6372594044974652,0.46007824103100997,-0.1825178047342561,0.21365641618305317,0.1997147564413261,0.2750154672770536,0.17792487599899806,-0.325222990706414
0.4397202810405008,0.6533090301870447,-0.9664317857579842,0.03651449169246473,-0.03706060192197579,1.5119819686637384,-0.6024157914324416,-0.02404233402369853,0.08990848591304149,-0.14112852051106511,1.1933994056792225,1.8355581074836302,-0.4391671261096577,0.18643771975963386,0.8140476903006545,1.2515268276085378,0.7816808900877447,-0.3358817355097112,0.7275205692315294,0.14881865076176207,0.9293989577888776,-0.03052086536935109,-0.28459734957564914,-0.6846931196637522,-0.8771440029493272,0.6555371932219685,-0.5261515894008267,0.8557704990200267,-0.08117631689592217,0.9793937892325735,0.2769417032074079,-1.078183304766339,0.021514604401871078,-0.8295806083566657,-0.9821176854028938,-1.4913002456987168,-1.3739298567017388,0.4424338602084042,-0.835517948287335,0.11343777882485186,0.2871821506596137,1.1257008538024553,0.5825321900669165,-0.10373418513851793
-0.18167594463888004,0.549152205213327,-0.4883438354968332,-0.6755167951732133,-0.4176604117024767,0.6073010582980903,-0.25406777211808257,0.7959883317567482,0.9841738623247749,-0.08393638668884577,1.052798091458202,0.6735454796712266,-0.013684214132013595,0.499425886780402,0.328984328349905,0.7816808900877447,1.3765678519362734,0.16843766736998786,0.5665139916909937,-0.016055565871087578,0.02058220381615381,-0.09144668883808446,-0.663465513902222,-0.231086501142081,-0.6068311414545167,-0.061362328850852195,-0.38801236123932115,0.7742835206630146,-0.06491573811692966,0.8229535971789781,0.04745485137403285,-0.893454244949753,-0.2622959077194259,0.8930071638957349,-0.6005995233314572,-0.8846295455046084,-0.7508380906999944,0.7526159535848391,-0.025054120846076545,-0.2814405437245922,0.8233822918982647,0.7172878600028674,0.13265842190350569,-0.1199453081112327
-1.285518899839748,-0.23560831089594386,0.8703416249440611,-0.4992503088069846,-0.5755301322298785,-0.4973952983972679,0.13476645323250167,-0.002207564625710646,0.5105098532347976,0.2511812454931186,0.7713628770637622,-0.8826154672900248,0.5077014321323159,0.36636033926829364,0.08152721275271262,-0.3358817355097112,0.16843766736998786,0.8275840397489869,1.3768743007131072,1.1541844102485328,-0.09031773790330434,0.5071543233674147,-0.9242627512806968,-0.4343757059378155,-0.16250035872261737,-0.41432480489903056,0.2179933382972115,0.21291033242701765,0.1775580248663663,0.015231502916127133,-0.6003405869899986,-0.002494689477717644,-0.5114128062521732,1.0173564203111531,-0.30715897231300376,0.3012970170567818,0.8095705575713337,0.48773883531256057,1.1110002764251794,-0.0558793588285888,0.4498086833534491,-0.9617458912400546,-0.6252979741273194,-0.4311956689322337
-2.328640218912463,-0.0018522630414902377,1.0443087636541002,-0.6486958210534204,-1.1756497052255324,1.0225683544333075,-0.6247738309121503,-0.8129567790179353,0.41909049726062236,0.49238838847877464,3.4192883075338174,0.7418651359279235,0.4939835269867998,0.9956026963236481,1.4270854732364793,0.7275205692315294,0.5665139916909937,1.3768743007131072,4.577009832241013,3.426227752769483,1.57989324902732,1.4693306850958534,-2.4679589120844354,-2.2564394862964874,-1.7052698313248476,0.2554251031236519,0.15050119616477847,1.591357698111623,0.4190448427797349,1.2159343160634342,-0.9974111346096445,-1.240001468306668,-1.0717737646756214,0.0735648512756456,-2.1946703302816433,-1.1432398140676028,0.14615959585858354,1.3572096575256412,1.247787290376212,0.42274563524759784,1.0399162722783102,-0.9937113420892014,-0.6383029819078017,-1.3072689440634961
-1.954688300944169,-0.25297408113979514,1.1508899426966408,-0.37292289212354857,-0.8547050555901665,0.365640347510424,-0.3109666868086115,-0.8408297386560092,0.11738362916402957,0.44768957643827023,2.269735606834798,0.02670999481953368,0.5018363753980215,0.6335790423446199,0.9161910924754717,0.14881865076176207,-0.016055565871087578,1.1541844102485328,3.426227752769483,2.7498469335020386,1.0741833556768379,1.2091075955699466,-1.7777839613299158,-1.6341666885366937,-1.0346752167052218,0.07680823682897138,0.29428719614102805,0.9144317423878853,0.36724923202263876,0.5773237640355562,-0.8970362953133638,-0.568900518472204,-0.8144269002059851,0.05516915153155469,-1.4264442980160943,-0.4174043289525652,0.5977792356923045,0.8445186520312965,1.215951215612933,0.3728467098354026,0.5816818532004469,-1.2264202866395237,-0.6783714014840342,-1.001992678070107
-0.031351963723865665,0.2690368091914554,-0.34546336893997753,0.29477949519126884,-0.06680383141266247,1.3977644961073186,-0.6230263327788403,-0.7543307027548475,-0.48695049350600217,0.04627418454816056,1.4343998512424767,1.6581349676499824,-0.30967051155907277,0.16360136856715335,0.9669585293941402,0.9293989577888776,0.02058220381615381,-0.09031773790330434,1.57989324902732,1.0741833556768379,1.3495423200407586,0.44009821612826366,-0.5297328592246034,-1.131180621049214,-0.9813014651918539,0.7760426702971855,-0.17751848609546553,0.8079299738247543,0.08203232224076025,0.7906299651073675,0.01731681774113815,-0.8320664462586239,-0.09031210673557072,-1.4455559559803075,-1.1900579909052962,-1.2015797255846463,-0.8773989134400754,0.29159867880494433,-0.5305224553705693,0.4313736781908948,0.0485999303164285,0.42814136764537947,0.34030734064948986,-0.3906161411308297
-0.826394531699673,-0.20943032942245315,0.6235150480209042,-0.18532652969963137,-0.3508395654428537,0.08118374878016214,-0.13916549346965346,-0.36012637289736427,-0.05462100355045152,0.2102703385399329,0.9570027385485003,0.025628083380997473,0.22718765197410748,0.34571215607671385,0.3239740616968718,-0.03052086536935109,-0.09144668883808446,0.5071543233674147,1.4693306850958534,1.2091075955699466,0.44009821612826366,0.5772128537566916,-0.8076906876018488,-0.668139361766905,-0.494131254028034,0.017472182279130697,0.2821207471852017,0.4160444272294015,0.1870375666656973,0.23942880694553306,-0.33646317314200674,-0.19178488222478882,-0.35481944839216545,-0.03525021551175093,-0.5958355533955974,-0.04824409679144724,0.2879070784898166,0.2969942664641508,0.49928797157647475,0.20363534017502988,0.2814300532736247,-0.543091307320626,-0.307537581818391,-0.470755092655437
1.42782021216421,0.04634777709861212,-0.7555576269602257,0.7347642644728923,0.7994913066987472,-0.2949044810835567,0.28528384695077363,0.0035751487185009664,-0.5636679208544187,-0.2805876553528221,-1.9536997804353498,-0.20491207097306163,-0.39911830544087334,-0.8223314718098776,-0.5803693052568193,-0.28459734957564914,-0.663465513902222,-0.9242627512806968,-2.4679589120844354,-1.7777839613299158,-0.5297328592246034,-0.8076906876018488,1.6095073013193175,1.0501977487050687,1.0099333696159138,0.11601149338505805,-0.2428375022070132,-1.0086004854049389,-0.24903369396052333,-0.7575700851971354,0.5159042056615322,0.7187225774647255,0.7103110126505401,-0.6733388456932635,1.1427609960804261,0.4347667410042572,-0.14137803392692141,-0.8806863181117813,-0.8608273293872596,-0.09878994426962029,-0.9275695199055684,0.5079700441457309,0.46198190662119687,0.7689987048367923
0.8316812820518451,-0.1593919170652076,-0.15626947754788023,0.0778058960823778,0.4413503553284213,-0.9772196457930208,0.47303793532724436,0.6149676928236627,0.016092601153363254,-0.18305379709123643,-1.7911572771888964,-0.9374140349968346,-0.03633438431788596,-0.3678456917321947,-0.9386787164627916,-0.6846931196637522,-0.231086501142081,-0.4343757059378155,-2.2564394862964874,-1.6341666885366937,-1.131180621049214,-0.668139361766905,1.0501977487050687,1.2794743698501938,0.9711920387903831,-0.4251832702584395,0.10205003228116327,-0.8704243306489373,-0.1657688879089442,-0.7487201980647655,0.3693465515083503,0.7978099854118827,0.40559874810431223,0.5638520677526468,1.2670836809222514,0.9629696685814922,0.3226697034638639,-0.6212683653664278,-0.22644350054575382,-0.3095814502234779,-0.35303782510315246,0.17022218167270695,0.07328647243969884,0.5968729833592185
0.2629325917156444,-0.23771617805412465,0.10887541208937179,0.282675177513792,0.3225532355513682,-1.162031176461113,0.6166991787611644,0.12652818837818028,0.008337009640450789,-0.06530058732925954,-1.750438031096835,-1.5692875104655033,0.14965883068841898,-0.635914806307727,-0.7663599865981725,-0.8771440029493272,-0.6068311414545167,-0.16250035872261737,-1.7052698313248476,-1.0346752167052218,-0.9813014651918539,-0.494131254028034,1.0099333696159138,0.9711920387903831,1.237488768892146,-0.4672662268425218,-0.055947292794537855,-1.1409144161239646,-0.12151670275148287,-1.0507777108924703,-0.08076325123217848,1.0129510820171699,0.2967391201130445,0.6145174422341501,1.249556050424423,1.0584378094371891,0.9128529863442273,-0.5508656864856846,0.33098774515732726,-0.2709845650383234,-0.6384704439064599,-0.5663553688551851,-0.21356926988457986,0.5226852613864807
0.5510677808083778,0.24977398064223932,-0.5710491118597755,0.3787577530862772,0.21714688705132773,0.982589662620146,-0.40065791870427103,-0.4082048454229379,-0.4915893427688328,-0.08554093673404918,0.44478643664664813,1.2979251480492506,-0.3931685959670527,-0.06886013325172329,0.49079521256618114,0.6555371932219685,-0.061362328850852195,-0.41432480489903056,0.2554251031236519,0.07680823682897138,0.7760426702971855,0.017472182279130697,0.11601149338505805,-0.4251832702584395,-0.4672662268425218,0.6062032500259867,-0.18982729050678637,0.3500939807486272,-0.03306333254877584,0.4272662188986617,0.2765386769034661,-0.4543597778222638,0.17581923979605305,-1.237820527226494,-0.5152690944344432,-0.7880193388873769,-0.8383890750921901,-0.0560340492537823,-0.7815889977385816,0.2605899297063994,-0.16872860030870596,0.6607059411613062,0.4622183476081021,-0.024169523169169094
-0.2414866962679509,-0.45106871652390923,0.6878446570180439,-0.13499299399959108,-0.03245223699216012,-0.5165844163524874,0.08550502732438219,-0.04382318976439703,-0.28952236054283176,0.12270000166793181,-0.09068421462850378,-0.35458375854910457,0.1787564582562108,0.24445237641010548,-0.2979668224706288,-0.5261515894008267,-0.38801236123932115,0.2179933382972115,0.15050119616477847,0.29428719614102805,-0.17751848609546553,0.2821207471852017,-0.2428375022070132,0.10205003228116327,-0.055947292794537855,-0.18982729050678637,0.5918359159112049,-0.022477590963828856,0.13548601572581068,-0.17318640947375064,9.403148028914692e-4,0.32307015655084825,-0.09999148445026201,0.04692647229947305,0.12821731941600992,0.6612677469643495,0.436301162834185,-0.19618002499310067,0.23093983880296193,0.12673867540803224,0.10314323036899213,-0.39330534334067796,-0.23705398784146353,-0.1878126789392853
-0.32581110537174907,0.29123065116203717,-0.13830175618619897,-0.3882657078061527,-0.37883555538575786,1.0470803683578724,-0.5480532939729266,0.04628627001939334,0.21417255853248687,0.051567399181164514,1.6864693323206918,1.3683611559987838,-0.09707784629902261,0.6357737181961354,0.7016729953923885,0.8557704990200267,0.7742835206630146,0.21291033242701765,1.591357698111623,0.9144317423878853,0.8079299738247543,0.4160444272294015,-1.0086004854049389,-0.8704243306489373,-1.1409144161239646,0.3500939807486272,-0.022477590963828856,1.0974377338559047,0.096576325125306825,1.0224088541859675,0.03833488094766409,-1.0061342216691127,-0.3232417466478534,-0.27530674047636633,-1.1614021661382155,-1.0282860940521004,-0.8487943234001327,0.6276567861934889,-0.21211919603335896,0.16444607105049316,0.7062099359011736,0.54751624010273,0.1657832150726271,-0.4760048090307202
-0.2769517186585161,-0.1084435632483505,0.25763279783179477,-0.07239884733252645,-0.10855513131309696,-0.06003396303065512,-0.015074346425572812,-0.09791367633695738,-0.02563307622076024,0.07384005690751246,0.2413166882650718,-0.07811586415998809,0.09477887236930832,0.11537781045080338,0.04871061946743444,-0.08117631689592217,-0.06491573811692966,0.1775580248663663,0.4190448427797349,0.36724923202263876,0.08203232224076025,0.1870375666656973,-0.24903369396052333,-0.1657688879089442,-0.12151670275148287,-0.03306333254877584,0.13548601572581068,0.096576325125306825,0.06576591563629022,0.031136885419949672,-0.1089635976510641,-0.0048660660239990714,-0.11437655384370554,0.0357547136568453,-0.13578611149388756,0.07452072055185087,0.15628762421949624,0.06676459955577227,0.19325260751030185,0.05981492730080445,0.08768824581575911,-0.2191886041888256,-0.12621309573881728,-0.14725312733645227
-0.028532869838553673,0.4136823594570942,-0.42605668925341783,-0.2834313093299379,-0.25922019413998837,1.175268411684208,-0.5598631805997184,0.09797251301767895,0.201448995128306,-0.02409489023036962,1.4853618446879062,1.5264556875008772,-0.21465551071907318,0.5108196830688414,0.6957142429964037,0.9793937892325735,0.8229535971789781,0.015231502916127133,1.2159343160634342,0.5773237640355562,0.7906299651073675,0.23942880694553306,-0.7575700851971354,-0.7487201980647655,-1.0507777108924703,0.4272662188986617,-0.17318640947375064,1.0224088541859675,0.031136885419949672,1.016659064900912,0.15413938751475814,-1.0301065323990177,-0.20115976882463463,-0.40322048386145853,-1.0683636446073765,-1.158286320160157,-1.0494630980503454,0.5597633231129672,-0.4454899915023371,0.12709729667187353,0.6000089441394262,0.7922722420644445,0.31643544547410607,-0.33617004987764365
1.0067866507163639,0.14268616946140414,-0.5859204139669856,0.1912180747532211,0.3896875462082058,0.38804530877778937,-0.1663307193054481,0.20499757260891158,-0.3443313294766727,-0.19086699933145218,-0.4225481707450744,0.8593560341022083,-0.3836420312836017,-0.05274425412685566,-0.1220661565433766,0.2769417032074079,0.04745485137403285,-0.6003405869899986,-0.9974111346096445,-0.8970362953133638,0.01731681774113815,-0.33646317314200674,0.5159042056615322,0.3693465515083503,-0.08076325123217848,0.2765386769034661,9.403148028914692e-4,0.03833488094766409,-0.1089635976510641,0.15413938751475814,0.5731681569630066,-0.10576449186003616,0.33952621220478074,-0.675969482377818,0.15265210477132118,-0.20697557584745907,-0.7561477978148601,-0.32802747492979073,-0.9230069391928387,0.044164760213964635,-0.11192499485176811,0.9027958214109345,0.497470523047243,0.2545018062549584
0.04201887977089586,-0.5104224594241891,0.5510824400798716,0.24932625228419594,0.2732747059582974,-1.2646542563547076,0.561825090525531,-0.07823922237383212,-0.28775726251492206,0.039614346563923784,-1.517201165754497,-1.53162818437178,0.22993659215635656,-0.438331311867898,-0.7754753252617387,-1.078183304766339,-0.893454244949753,-0.002494689477717644,-1.240001468306668,-0.568900518472204,-0.8320664462586239,-0.19178488222478882,0.7187225774647255,0.7978099854118827,1.0129510820171699,-0.4543597778222638,0.32307015655084825,-1.0061342216691127,-0.0048660660239990714,-1.0301065323990177,-0.10576449186003616,1.0863230560087724,0.19615504162448621,0.37500169143878775,1.0985182658809012,1.2958490447248041,1.0856498517339608,-0.622212119745849,0.42974722159226836,-0.09402776257760642,-0.5637375602389187,-0.807192309673441,-0.33537152220207783,0.30274447310532815
0.7948186238655598,0.06552442265423976,-0.4529864037638149,0.36224314424011345,0.4030338297846632,0.08537642637649036,0.021801153765544517,-0.02108271736451083,-0.35547239433540656,-0.1491791392568787,-0.7525804055087345,0.25645486240366805,-0.27188336045131956,-0.32177124458921397,-0.17982476814308057,0.021514604401871078,-0.2622959077194259,-0.5114128062521732,-1.0717737646756214,-0.8144269002059851,-0.09031210673557072,-0.35481944839216545,0.7103110126505401,0.40559874810431223,0.2967391201130445,0.17581923979605305,-0.09999148445026201,-0.3232417466478534,-0.11437655384370554,-0.20115976882463463,0.33952621220478074,0.19615504162448621,0.35234823748489646,-0.554592422626403,0.3885631561820932,0.03316451012526784,-0.299271234782479,-0.40633867864221085,-0.5993431275987091,0.012304044620573879,-0.39104572966217216,0.44013328141575997,0.3246418491273623,0.32723664455056
-1.40276592842801,-0.14805663386029605,0.8810819420595174,-1.1064158783487732,-0.7425016395201428,-1.581267945289861,0.6681186630509853,1.1418650317792463,1.6106500643267478,0.15335606569773486,-0.1612936117594868,-2.3226480538346332,0.825477738755537,0.35933032947487903,-0.6744078745381064,-0.8295806083566657,0.8930071638957349,1.0173564203111531,0.0735648512756456,0.05516915153155469,-1.4455559559803075,-0.03525021551175093,-0.6733388456932635,0.5638520677526468,0.6145174422341501,-1.237820527226494,0.04692647229947305,-0.27530674047636633,0.0357547136568453,-0.40322048386145853,-0.675969482377818,0.37500169143878775,-0.554592422626403,3.0256885755296845,0.6041427730503383,0.9828650205215471,1.3561475885532193,0.6338928120717648,1.7137800460703945,-0.682748986837033,0.7638514753080058,-1.085695525943782,-0.9182420598999013,-0.05539936251980092
0.5769461685971846,-0.3142483746547497,0.09941881672749778,0.22236871608833156,0.44087813395456116,-1.2890802434578008,0.6294887488440064,0.35173166221771035,-0.08476040143769345,-0.11417316543402715,-2.02911520538048,-1.4774899080023722,0.0894298850954083,-0.5524060097422181,-0.9998713364826639,-0.9821176854028938,-0.6005995233314572,-0.30715897231300376,-2.1946703302816433,-1.4264442980160943,-1.1900579909052962,-0.5958355533955974,1.1427609960804261,1.2670836809222514,1.249556050424423,-0.5152690944344432,0.12821731941600992,-1.1614021661382155,-0.13578611149388756,-1.0683636446073765,0.15265210477132118,1.0985182658809012,0.3885631561820932,0.6041427730503383,1.442036618706341,1.2596360790226047,0.7913757431144648,-0.7178400648228318,0.09564826846743453,-0.2860290266691532,-0.5843964723703485,-0.3214596654428153,-0.12026760945881772,0.5986208144488824
-0.3328759283279633,-0.7705412555025556,1.073671145876137,-0.06282474685934245,0.10928185068547606,-1.815771893925912,0.7163339581618208,0.1551132724317905,-0.12294241232098474,0.12929284607918634,-1.5604145006782015,-2.103396709588324,0.47333643779261725,-0.20335823861394697,-1.0630060653983533,-1.4913002456987168,-0.8846295455046084,0.3012970170567818,-1.1432398140676028,-0.4174043289525652,-1.2015797255846463,-0.04824409679144724,0.4347667410042572,0.9629696685814922,1.0584378094371891,-0.7880193388873769,0.6612677469643495,-1.0282860940521004,0.07452072055185087,-1.158286320160157,-0.20697557584745907,1.2958490447248041,0.03316451012526784,0.9828650205215471,1.2596360790226047,1.8142576244619584,1.5273647799463226,-0.5936484110130211,0.8479665183644207,-0.15808457145606983,-0.3229449766165604,-1.170145573393593,-0.620117002764244,0.18425221570520264
-1.2548736128636007,-0.6972845422189552,1.3489955496554864,-0.1786830649611718,-0.2929885739940058,-1.7163321809337653,0.7073808341364254,-0.15508430786770552,0.23467323998714487,0.2852039846716828,-0.7676004220222691,-2.4471149880481535,0.7270709009578452,-0.16257147032396935,-0.6372594044974652,-1.3739298567017388,-0.7508380906999944,0.8095705575713337,0.14615959585858354,0.5977792356923045,-0.8773989134400754,0.2879070784898166,-0.14137803392692141,0.3226697034638639,0.9128529863442273,-0.8383890750921901,0.436301162834185,-0.8487943234001327,0.15628762421949624,-1.0494630980503454,-0.7561477978148601,1.0856498517339608,-0.299271234782479,1.3561475885532193,0.7913757431144648,1.5273647799463226,1.911953546156571,-0.12216289989717675,1.5613060703833204,-0.15735841524950633,-0.19424667731007636,-1.8069732953453363,-0.9554237850511937,-0.09871443824177403
-0.783017886079845,0.24319510888031703,0.0865492755483152,-0.47719585189432634,-0.5170166193248412,0.3776160971399904,-0.18192118039156438,0.16948127830527815,0.6578348772853099,0.09680952135893418,1.2222476170443295,0.20327551175456093,0.18526506693336023,0.40528038389014465,0.46007824103100997,0.4424338602084042,0.7526159535848391,0.48773883531256057,1.3572096575256412,0.8445186520312965,0.29159867880494433,0.2969942664641508,-0.8806863181117813,-0.6212683653664278,-0.5508656864856846,-0.0560340492537823,-0.19618002499310067,0.6276567861934889,0.06676459955577227,0.5597633231129672,-0.32802747492979073,-0.622212119745849,-0.40633867864221085,0.6338928120717648,-0.7178400648228318,-0.5936484110130211,-0.12216289989717675,0.7017079402836188,0.47351570593410064,-0.08006732917599824,0.5920935256124819,-0.0891202176945662,-0.1858580253231497,-0.34865590206281505
-1.7394105809627505,-0.4118106615223315,1.2554132854787499,-0.5615721084523929,-0.6847523866023326,-1.1889634301335472,0.46444160949805424,0.017687170797535658,0.7496082695753981,0.3288572652291572,0.3456610919685049,-1.959404337046234,0.7882021477007484,0.20649802695244573,-0.1825178047342561,-0.835517948287335,-0.025054120846076545,1.1110002764251794,1.247787290376212,1.215951215612933,-0.5305224553705693,0.49928797157647475,-0.8608273293872596,-0.22644350054575382,0.33098774515732726,-0.7815889977385816,0.23093983880296193,-0.21211919603335896,0.19325260751030185,-0.4454899915023371,-0.9230069391928387,0.42974722159226836,-0.5993431275987091,1.7137800460703945,0.09564826846743453,0.8479665183644207,1.5613060703833204,0.47351570593410064,1.7493430539798032,-0.20333726610546762,0.3327943323100502,-1.6413821233763843,-0.986675015332232,-0.37810829702554677
0.041942551582512054,-0.07671078935854528,0.058234878805269896,0.18985575996148787,0.06282193081612991,0.3144002371063275,-0.17398049213841052,-0.37713636353797153,-0.409107945235208,0.040768578324122326,0.29060023243634386,0.4683141135026172,-0.09702983875693666,0.03202860811161647,0.21365641618305317,0.11343777882485186,-0.2814405437245922,-0.0558793588285888,0.42274563524759784,0.3728467098354026,0.4313736781908948,0.20363534017502988,-0.09878994426962029,-0.3095814502234779,-0.2709845650383234,0.2605899297063994,0.12673867540803224,0.16444607105049316,0.05981492730080445,0.12709729667187353,0.044164760213964635,-0.09402776257760642,0.012304044620573879,-0.682748986837033,-0.2860290266691532,-0.15808457145606983,-0.15735841524950633,-0.08006732917599824,-0.20333726610546762,0.22483127681063822,-0.09278565006710084,0.026164492043724646,0.08586247097958477,-0.14023949036363637
-0.6022030237622407,0.10668363272527003,0.22906253076395072,-0.666463231982852,-0.4779227380564012,0.18088369328405474,-0.17698558469547257,0.4675589207845984,0.6180579484188712,0.08012771272015076,1.084443656938464,0.26248693338437157,0.18639031586316962,0.6250066563922314,0.1997147564413261,0.2871821506596137,0.8233822918982647,0.4498086833534491,1.0399162722783102,0.5816818532004469,0.0485999303164285,0.2814300532736247,-0.9275695199055684,-0.35303782510315246,-0.6384704439064599,-0.16872860030870596,0.10314323036899213,0.7062099359011736,0.08768824581575911,0.6000089441394262,-0.11192499485176811,-0.5637375602389187,-0.39104572966217216,0.7638514753080058,-0.5843964723703485,-0.3229449766165604,-0.19424667731007636,0.5920935256124819,0.3327943323100502,-0.09278565006710084,0.7852907873225979,0.10343769503214295,-0.15940681659442144,-0.3553347069636824
1.560835178485684,0.6457511254111469,-1.4081859453483474,0.16810149351977047,0.4422938665101514,1.3445679191723847,-0.5318112508642968,0.4360244943104796,-0.18770451695679033,-0.35625494516676925,0.11793854347405135,2.1004429007871837,-0.7346482505252812,0.05444955488422468,0.2750154672770536,1.1257008538024553,0.7172878600028674,-0.9617458912400546,-0.9937113420892014,-1.2264202866395237,0.42814136764537947,-0.543091307320626,0.5079700441457309,0.17022218167270695,-0.5663553688551851,0.6607059411613062,-0.39330534334067796,0.54751624010273,-0.2191886041888256,0.7922722420644445,0.9027958214109345,-0.807192309673441,0.44013328141575997,-1.085695525943782,-0.3214596654428153,-1.170145573393593,-1.8069732953453363,-0.0891202176945662,-1.6413821233763843,0.026164492043724646,0.10343769503214295,1.8950919960258539,0.9812313070686075,0.3186242703172215
0.9632206995006535,0.3205014556671701,-0.8094348418152228,0.3002809393044935,0.35372588930892646,0.7725937133328962,-0.28567043587773094,0.01574833902003803,-0.32510328974740915,-0.1984105718799147,-0.09873061668839699,1.1683434545436975,-0.457790115588303,-0.1252730727259058,0.17792487599899806,0.5825321900669165,0.13265842190350569,-0.6252979741273194,-0.6383029819078017,-0.6783714014840342,0.34030734064948986,-0.307537581818391,0.46198190662119687,0.07328647243969884,-0.21356926988457986,0.4622183476081021,-0.23705398784146353,0.1657832150726271,-0.12621309573881728,0.31643544547410607,0.497470523047243,-0.33537152220207783,0.3246418491273623,-0.9182420598999013,-0.12026760945881772,-0.620117002764244,-0.9554237850511937,-0.1858580253231497,-0.986675015332232,0.08586247097958477,-0.15940681659442144,0.9812313070686075,0.5792400081827666,0.21982094262672147
0.6887201115187671,0.0941540091208441,-0.4376404473451388,0.24550032820655907,0.34316784111406246,-0.183390058564641,0.1680332803624718,0.1906616696707515,-0.07325927087741316,-0.16017399057481363,-0.9626575449618169,-0.17039038058806247,-0.17325613634546697,-0.3683400006399537,-0.325222990706414,-0.10373418513851793,-0.1199453081112327,-0.4311956689322337,-1.3072689440634961,-1.001992678070107,-0.3906161411308297,-0.470755092655437,0.7689987048367923,0.5968729833592185,0.5226852613864807,-0.024169523169169094,-0.1878126789392853,-0.4760048090307202,-0.14725312733645227,-0.33617004987764365,0.2545018062549584,0.30274447310532815,0.32723664455056,-0.05539936251980092,0.5986208144488824,0.18425221570520264,-0.09871443824177403,-0.34865590206281505,-0.37810829702554677,-0.14023949036363637,-0.3553347069636824,0.3186242703172215,0.21982094262672147,0.4129498865560289
