V1,V2,V3,V4,V5,V6,V7,V8,V9,V10,V11,V12,V13,V14,V15,V16,V17,V18,V19,V20,V21,V22,V23,V24,V25,V26,V27,V28,V29,V30,V31,V32,V33,V34,V35,V36,V37,V38,V39,V40,V41,V42,V43,V44
2.589781427482889,0.5512314684964652,-1.8822333421601662,1.3751863493259402,1.2094665095782524,1.7717369556556715,-0.6064796693072734,-0.6713212258542168,-1.5367316125068327,-0.4375889777143606,-0.8479538625633392,2.6623961702055428,-1.2252226859829896,-0.7911166249197605,0.39234614796325135,1.1178707704443611,-0.6098989689483741,-1.7444655257873762,-1.8358927523565338,-1.6103468888236045,1.0732050300530274,-0.7238224083649443,1.6816001755780239,0.16630752243524832,-0.1483541298774576,1.3479651433462507,-0.4814847540706532,-0.09818548109961024,-0.280773652587371,0.2875566462657625,1.1905706768627975,-0.32365008203335927,1.009348885202165,-3.1846876389519956,-0.02128348460289283,-1.1898042230075565,-1.9822140370291539,-0.938568272885628,-2.531686750605765,0.44467287225728674,-1.0768265692948946,2.027130932691626,1.4519165702936545,0.673811314245899
0.5512314684964652,0.6055762534222449,-0.8152737225975464,-0.7423724647934506,-0.15447186904283294,0.6452300382302251,-0.287179539105243,1.2324654111578444,0.8665532718184223,-0.24277982350099486,0.6364188764704203,1.103981267436958,-0.23459709264242054,0.5672555367909208,0.050793009957094896,0.848988767224642,1.5576759094898478,-0.21494984118211458,-0.38156427783292046,-0.8490113789143395,-0.23199103721474124,-0.36980926098692346,-0.32714368487344675,0.2384033180363272,-0.6249319366651835,-0.014636473174155925,-0.24355561433640768,0.8321470968766945,-0.1440343484864345,0.9031645408268807,0.5130101035484699,-0.9033516664246704,-0.030730003436785686,0.7448840595101178,-0.32452536159069395,-0.8287929863117423,-1.236886495187435,0.5114427314389903,-0.6528970316646175,-0.31751475418944786,0.888082659149866,1.391318769426122,0.44992872851155596,0.11651993429709326
-1.8822333421601662,-0.8152737225975464,1.7413141698884544,-0.15128859112214016,-0.5301652638966216,-1.5608306557678426,0.5865566169757472,-0.6524189558903933,0.11852379639416612,0.4631319192371359,-0.08246005917439216,-2.404519428499689,0.8795834829567597,-0.039219766607081756,-0.29224554330286195,-1.3357084337372114,-0.964443094887852,1.16177092637543,1.3197163288207028,1.5837065718341166,-0.39076029415290614,0.7111019209718591,-0.6493876808524398,-0.2791917757234011,0.6046759197621412,-0.7390054815752435,0.4941003176183027,-0.6331357909854133,0.2890003958268037,-0.9192806807374098,-1.0709075335940539,0.9436297444121725,-0.5328174262991964,1.1258597369429626,0.28913628774660727,1.3555658692255426,2.143644226766806,0.07940638059309739,1.9603666309720913,0.02747484108674389,-0.14853040375742627,-2.297562214254788,-1.1699780519673457,-0.474297114373652
1.3751863493259402,-0.7423724647934506,-0.15128859112214016,3.1282294162719326,1.5344481261400322,0.5018527310706711,-0.011997986385548715,-3.3444564700115227,-3.396914345949339,0.11524873513485825,-2.1410732123084517,0.3212265557526425,-0.7615255382057037,-2.050514350625762,0.3398956874703955,-0.7018690986608684,-3.9644404766917165,-1.2940093056656217,-0.8902043274501281,0.29078303661036825,1.6043913986416465,0.04041433747863955,2.3990517038489836,-0.37825274404295295,1.2118859402373081,1.3854314829104175,0.0019409917919089624,-1.961087600486228,0.041624193913243464,-1.6634292492656766,0.05509900105635565,1.6545458384682927,1.00426998179251,-4.802030902394618,0.6339734065947839,0.6297804086912192,0.7177551272057201,-1.9167794171620083,-1.115870605256534,1.1006753482663612,-2.9792444151337873,-0.9933427942558299,0.45985699742242914,0.4549134342327332
1.2094665095782524,-0.15447186904283294,-0.5301652638966216,1.5344481261400322,0.9632544433792957,0.5806598961861209,-0.10687933453752387,-1.5374702370423778,-1.8171713237054945,-0.1030880644718617,-1.1045575653674091,0.7438248875516167,-0.605086645018623,-1.0601857995031438,0.244811842793667,-0.009629976716052103,-1.789556933740169,-0.9515317370993788,-0.8765444976390688,-0.2811042658131181,0.9363402637666375,-0.12175780513668859,1.4169549281242177,-0.13250231576072985,0.47008204875794857,0.9362232236466003,-0.07827255191129896,-0.7442612699215122,-0.06365666375550522,-0.6399281281502263,0.2987136594617222,0.5982891471893047,0.7232075454725041,-2.7888063383404242,0.3107365408712428,-0.06941636542759912,-0.2159331342758816,-1.08247718224289,-1.1270284352098952,0.6128697107235311,-1.5306782436015836,0.06186911416231363,0.5699792337915414,0.39572335954775334
1.7717369556556715,0.6452300382302251,-1.5608306557678426,0.5018527310706711,0.5806598961861209,1.546015984682013,-0.5756343995402932,0.2532887311155501,-0.4061829705464184,-0.3802801469335519,-0.03772389533994045,2.2459724878769096,-0.8745948342154586,-0.12190977975226328,0.3392244615279728,1.136554483195473,0.4956682183788166,-1.1642709722188023,-1.1406529535624514,-1.3126423632771518,0.5140467128341032,-0.6337937249654866,0.7600899787178683,0.18496426916165806,-0.46189699299173964,0.7805806144831008,-0.4714887850380946,0.3432162923982143,-0.24634348311546952,0.6997709405124147,0.9479101858169228,-0.699364585272158,0.5079072434287453,-1.441830628224063,-0.2722177493151779,-1.1378555467065932,-1.8492136073610166,-0.16627075215372142,-1.8406540015869393,0.05388833136447368,-0.10088037502809273,1.9757144148718584,1.0583692161791358,0.4272785775972281
-0.6064796693072734,-0.287179539105243,0.5865566169757472,-0.011997986385548715,-0.10687933453752387,-0.5756343995402932,0.2543979885244437,-0.3058660349983835,-0.085200814555219,0.1286056367542447,-0.11326222768487335,-0.8752081171786903,0.28696152841812944,-0.10621086982315531,-0.08660626652716834,-0.48736582339428225,-0.4507126377205365,0.37201817006985755,0.3714680138064561,0.5436314289150627,-0.09241720742531269,0.2612641256005083,-0.12440501395344407,-0.10583498041511887,0.2719479845584888,-0.19394616658173944,0.19466083528373343,-0.22193562803863814,0.09105446953791549,-0.4051048858693323,-0.38795844994977674,0.3913890055959584,-0.11229263617890581,0.248233415257924,0.1801397676650156,0.47533138647045575,0.7560993115011321,-0.05513465968236796,0.6107828386625851,0.07339970721767657,-0.17112175642097263,-0.8617736648584433,-0.3773688954841206,-0.09488039196298383
-0.6713212258542168,1.2324654111578444,-0.6524189558903933,-3.3444564700115227,-1.5374702370423778,0.2532887311155501,-0.3058660349983835,4.259777775656693,3.9373081278029414,-0.2666372702725463,2.5442678781636796,0.8214341571376895,0.40733516018919663,2.3879421235665923,-0.3028047433775311,1.415625870727316,5.103677776473887,0.9292915307157584,0.4718642733595036,-1.1193663571432846,-1.712340522880058,-0.4839888581065308,-2.440454812551964,0.6424318973693949,-1.6681485141845904,-1.3207634238402408,-0.24465922982596255,2.418778863943165,-0.14609476357452592,2.368802428148851,0.4886579719350183,-2.2894363365479866,-1.0435309745155674,5.086214056477659,-0.9077419672879644,-1.2329941868795269,-1.776016224420112,2.3514088780757834,0.40405540318576627,-1.3770529282272894,3.6014103750775934,2.2744331552929933,-0.0018389037542978894,-0.27397328269721644
-1.5367316125068327,0.8665532718184223,0.11852379639416612,-3.396914345949339,-1.8171713237054945,-0.4061829705464184,-0.085200814555219,3.9373081278029414,4.0403484960588365,-0.048109512800512476,2.5140366838792305,-0.24019112075563806,0.8122536615438902,2.3908765673283203,-0.4213842398985136,0.834200353282613,4.678460598405743,1.4410543017726931,1.1026489888825275,-0.4013525063346034,-1.8957740867269697,-0.17648784863913228,-2.7632898226261475,0.502744203287699,-1.4088877201140992,-1.6710343388700828,-0.0795237207681548,2.0860447260126667,-0.024559313631400414,1.9914778506618918,0.005504932845075945,-1.902179951051316,-1.3012941517703422,5.619320242120157,-0.827290546854476,-0.6438766364730285,-0.8107113330443202,2.388057173887925,1.329097514109829,-1.4007447753390452,3.548082053265215,1.2800240407026036,-0.5434172184531617,-0.5391150188840892
-0.4375889777143606,-0.24277982350099486,0.4631319192371359,0.11524873513485825,-0.1030880644718617,-0.3802801469335519,0.1286056367542447,-0.2666372702725463,-0.048109512800512476,0.17709079308531858,-0.0884346636641751,-0.5839771883683716,0.1997037111730562,-0.06523809571569801,-0.102671181536704,-0.37027220012561607,-0.35675634383726684,0.2740487006005293,0.34897420042920707,0.40663049016865926,-0.04186037741883869,0.15632792620534564,-0.09559061636908495,-0.0625770943170739,0.18714002655755332,-0.17761507926147416,0.12107689997844855,-0.27619418265517126,0.10123578377984081,-0.27359282615211633,-0.24560898568972614,0.3053851723881769,-0.15627309000158518,0.1479346203191872,0.05559959540589128,0.3924249163766721,0.6062341126922315,0.003472477610297186,0.5216670896280574,0.013104909986266917,-0.10309877488842635,-0.6181722491683234,-0.2918187717053337,-0.13990695154077157
-0.8479538625633392,0.6364188764704203,-0.08246005917439216,-2.1410732123084517,-1.1045575653674091,-0.03772389533994045,-0.11326222768487335,2.5442678781636796,2.5140366838792305,-0.0884346636641751,1.7373093211917636,0.1256366340312803,0.4162640114743799,1.5324198792892214,-0.15576349192075534,0.6833682531086038,3.064656578924281,0.8237249035046603,0.7058510113976219,-0.2827342786591051,-1.101494290439696,-0.12703871403633538,-1.738043972463508,0.26642647567125494,-1.000093107188501,-0.9455705997218652,-0.07635575745180574,1.4662096481902926,-0.03741233289081208,1.3679481945819016,0.06137200978515849,-1.3163663542991522,-0.7915825350817605,3.4196221912521234,-0.594245801355411,-0.5733824861483283,-0.7491533241747608,1.569939325636396,0.6179354233891502,-0.8497905741124738,2.282379931712529,0.9951022260971762,-0.24033743709345629,-0.2850150082988562
2.6623961702055428,1.103981267436958,-2.404519428499689,0.3212265557526425,0.7438248875516167,2.2459724878769096,-0.8752081171786903,0.8214341571376895,-0.24019112075563806,-0.5839771883683716,0.1256366340312803,3.5139769025862813,-1.2404203527725168,0.08807495125989183,0.40983127509402045,1.8805991333112606,1.2626441264900323,-1.6272112477608045,-1.782913286759643,-2.1780469981076602,0.6442092460123374,-1.0042168983251787,0.9144798488728091,0.39574132424165015,-0.8941898934156937,1.0564140087992568,-0.7250402598098059,0.8455576117424857,-0.3714542087837409,1.3066706514822675,1.543177487266583,-1.3251919791975062,0.7160838428353502,-1.7024954038904347,-0.502006499740204,-1.9476182658746446,-3.045064825472577,-0.076984158063214,-2.7457860533573872,-0.01633191588448238,0.2049271453352768,3.2050119478604056,1.645921209160304,0.5501705442205693
-1.2252226859829896,-0.23459709264242054,0.8795834829567597,-0.7615255382057037,-0.605086645018623,-0.8745948342154586,0.28696152841812944,0.40733516018919663,0.8122536615438902,0.1997037111730562,0.4162640114743799,-1.2404203527725168,0.6089721883435775,0.438283375541231,-0.21580544876188382,-0.4944670685148557,0.39299602981857173,0.8524846761374613,0.829835520318844,0.70311055567048,-0.5450200604928158,0.32914440783273774,-0.8462938499662086,-0.04296549799622716,0.030906766220375803,-0.6671658924304729,0.21421996553368017,0.11593355996231794,0.12744319251112446,-0.08224230275057348,-0.5350760913192968,0.08710493064372588,-0.47513907171918224,1.617730149333977,-0.005044604833439748,0.5017493599859895,0.876384498491361,0.4616770698235243,1.2100761220609475,-0.23334085629111687,0.5817169345042568,-0.9092021505261576,-0.6766333620386464,-0.3534572865180171
-0.7911166249197605,0.5672555367909208,-0.039219766607081756,-2.050514350625762,-1.0601857995031438,-0.12190977975226328,-0.10621086982315531,2.3879421235665923,2.3908765673283203,-0.06523809571569801,1.5324198792892214,0.08807495125989183,0.438283375541231,1.4838290382346513,-0.2121035958653219,0.6076012327352012,2.847786847315458,0.7876916451275239,0.5729561625463183,-0.3332394736886617,-1.0818424228531454,-0.14099743152900648,-1.632434971603557,0.32421739559617113,-0.9235230220612111,-0.9328742943893413,-0.1058766177318991,1.333787720733307,-0.036992314638092154,1.2763717753056685,0.08254241284286984,-1.2399337898189988,-0.7267855790983133,3.2741410333731924,-0.5503375396389231,-0.5467158189941728,-0.7060972665350904,1.4330236224680324,0.6325493776342158,-0.8194468796675005,2.151233106722906,0.9250933201854595,-0.2439164671777423,-0.35567449478708235
0.39234614796325135,0.050793009957094896,-0.29224554330286195,0.3398956874703955,0.244811842793667,0.3392244615279728,-0.08660626652716834,-0.3028047433775311,-0.4213842398985136,-0.102671181536704,-0.15576349192075534,0.40983127509402045,-0.21580544876188382,-0.2121035958653219,0.16775635844367096,0.14311235503448785,-0.31668129484335594,-0.32233320308373137,-0.24737637911170593,-0.12646654102331611,0.2619482312303794,-0.060469616769715816,0.3379384056329839,-0.05580045295152502,0.02605804513073951,0.30675047059963745,-0.0972300387752691,-0.0626315810722993,-0.060876263941400555,-0.046087948852765064,0.11132861215625799,0.013392035030578993,0.2182761721222318,-0.7124697286826105,0.01750041659075998,-0.19003688305171199,-0.2920750431846141,-0.21239660166739321,-0.4654258225482775,0.1505033336124168,-0.31981847183338163,0.20952814324924762,0.2139115387627487,0.12176795762708442
1.1178707704443611,0.848988767224642,-1.3357084337372114,-0.7018690986608684,-0.009629976716052103,1.136554483195473,-0.48736582339428225,1.415625870727316,0.834200353282613,-0.37027220012561607,0.6833682531086038,1.8805991333112606,-0.4944670685148557,0.6076012327352012,0.14311235503448785,1.2719593073745048,1.853765513847415,-0.5596039115087298,-0.7510197866514776,-1.3155151406109549,-0.09043720705373048,-0.5803958095230809,-0.15630602035918803,0.3147344340240819,-0.8408695130090537,0.21045140553884653,-0.4064289358628386,1.0351752332690998,-0.22571597934576865,1.2104295865401955,0.850999177496085,-1.2181393526767696,0.12181822187274656,0.3929832309870266,-0.45413569526937125,-1.2735482791723773,-1.9116514191488065,0.4944403359062136,-1.2384283730666756,-0.324658055769728,0.9506877415488755,2.102696510866551,0.8071072178686384,0.2150281710537581
-0.6098989689483741,1.5576759094898478,-0.964443094887852,-3.9644404766917165,-1.789556933740169,0.4956682183788166,-0.4507126377205365,5.103677776473887,4.678460598405743,-0.35675634383726684,3.064656578924281,1.2626441264900323,0.39299602981857173,2.847786847315458,-0.31668129484335594,1.853765513847415,6.184743684634533,0.9866651894436054,0.4752579011140128,-1.4727573986699898,-1.9639670251985475,-0.6386380132398548,-2.862805572603727,0.7545416340499022,-2.077567981831669,-1.4866453405160964,-0.35022489831822595,2.9501021083626813,-0.20017089651955752,2.9475806259429818,0.7012313257840576,-2.8546628607169557,-1.1955907284188532,5.902330850896162,-1.1536445975386347,-1.6353164677567285,-2.3369756793277374,2.7764809713496765,0.2951934598670274,-1.6418310014153457,4.300573154719013,2.9725408008058922,0.12956887716284218,-0.29688679606714075
-1.7444655257873762,-0.21494984118211458,1.16177092637543,-1.2940093056656217,-0.9515317370993788,-1.1642709722188023,0.37201817006985755,0.9292915307157584,1.4410543017726931,0.2740487006005293,0.8237249035046603,-1.6272112477608045,0.8524846761374613,0.7876916451275239,-0.32233320308373137,-0.5596039115087298,0.9866651894436054,1.2630769293993136,1.2283606644929868,0.8970590939885978,-0.8707010375630737,0.4129876668809979,-1.3641093461040539,-0.019438914968243053,-0.10143418397444084,-1.0278485386346226,0.2992067474650722,0.36320602054718043,0.18105666975095316,0.0837289863173659,-0.6944415070993645,-0.052649184365509374,-0.7721634369868549,2.6343342865330075,-0.09251453947328424,0.6096831629124655,1.0803771752476272,0.8724819750155357,1.7030545572213551,-0.43342891567076397,1.111379059944911,-1.0717034115529023,-0.9266061747638985,-0.4831440531790932
-1.8358927523565338,-0.38156427783292046,1.3197163288207028,-0.8902043274501281,-0.8765444976390688,-1.1406529535624514,0.3714680138064561,0.4718642733595036,1.1026489888825275,0.34897420042920707,0.7058510113976219,-1.782913286759643,0.829835520318844,0.5729561625463183,-0.24737637911170593,-0.7510197866514776,0.4752579011140128,1.2283606644929868,1.4377653911602768,1.1957318065211948,-0.709018740751454,0.5058220555779501,-1.230479284449699,-0.16590642405311493,0.04893890680446005,-0.947327858934914,0.34349152727025994,0.057059219655810484,0.2204740296288335,-0.14229275493563182,-0.8240318006331367,0.20420057543595965,-0.7831295063757775,2.211940065455061,-0.07255123279503115,0.8474289316451143,1.4018165208791513,0.7416742442110005,1.7972977222282096,-0.3346367241224003,0.8101221141171457,-1.3844284279617063,-1.0221786686626892,-0.48427613183922474
-1.6103468888236045,-0.8490113789143395,1.5837065718341166,0.29078303661036825,-0.2811042658131181,-1.3126423632771518,0.5436314289150627,-1.1193663571432846,-0.4013525063346034,0.40663049016865926,-0.2827342786591051,-2.1780469981076602,0.70311055567048,-0.3332394736886617,-0.12646654102331611,-1.3155151406109549,-1.4727573986699898,0.8970590939885978,1.1957318065211948,1.6219480673006652,-0.09404401661406424,0.7164713815013178,-0.2985110403513758,-0.39579070909890784,0.711048597648731,-0.4433092395892977,0.45132672109895977,-0.8050093333623302,0.25884842635996425,-1.085944381594966,-1.0492684137156092,1.0874076012511817,-0.34168129036824973,0.33798272685639064,0.33899492817002863,1.3073149168808351,2.068464837624234,-0.17570913839781024,1.626533412175091,0.21575012022432846,-0.5735906064542814,-2.307236649334339,-1.034739725010871,-0.35645270240843335
1.0732050300530274,-0.23199103721474124,-0.39076029415290614,1.6043913986416465,0.9363402637666375,0.5140467128341032,-0.09241720742531269,-1.712340522880058,-1.8957740867269697,-0.04186037741883869,-1.101494290439696,0.6442092460123374,-0.5450200604928158,-1.0818424228531454,0.2619482312303794,-0.09043720705373048,-1.9639670251985475,-0.8707010375630737,-0.709018740751454,-0.09404401661406424,1.0132050551474534,-0.04870202344804434,1.3825535939495344,-0.20170098390969537,0.4935756351396994,0.9321694983761466,-0.07108068941732747,-0.8081274326391014,-0.02818714343261244,-0.7107193368109436,0.21915659794968723,0.6632248597066246,0.6909158655348119,-2.856326410881435,0.2698551545017293,-0.028429608070030955,-0.07391031859683943,-1.0919371591464133,-0.9879806687085595,0.6566115303447281,-1.5974544426642217,-0.14724605530841275,0.49311839690190085,0.3008533732487339
-0.7238224083649443,-0.36980926098692346,0.7111019209718591,0.04041433747863955,-0.12175780513668859,-0.6337937249654866,0.2612641256005083,-0.4839888581065308,-0.17648784863913228,0.15632792620534564,-0.12703871403633538,-1.0042168983251787,0.32914440783273774,-0.14099743152900648,-0.060469616769715816,-0.5803958095230809,-0.6386380132398548,0.4129876668809979,0.5058220555779501,0.7164713815013178,-0.04870202344804434,0.3515484454062735,-0.1505692286107549,-0.19198133888583768,0.3068003458139717,-0.18994134296280898,0.23065703495553364,-0.2976735112997465,0.10685016993699356,-0.47862636871576825,-0.47446740202963206,0.46266870338857097,-0.11833920273309963,0.1596807944842862,0.17428387432720374,0.5606161125167834,0.9102466784547364,-0.12872619183972808,0.7164821818273812,0.11666077737073352,-0.26065746161321074,-1.0257576130977601,-0.4510433061566439,-0.1488736587124666
1.6816001755780239,-0.32714368487344675,-0.6493876808524398,2.3990517038489836,1.4169549281242177,0.7600899787178683,-0.12440501395344407,-2.440454812551964,-2.7632898226261475,-0.09559061636908495,-1.738043972463508,0.9144798488728091,-0.8462938499662086,-1.632434971603557,0.3379384056329839,-0.15630602035918803,-2.862805572603727,-1.3641093461040539,-1.230479284449699,-0.2985110403513758,1.3825535939495344,-0.1505692286107549,2.1329961857258475,-0.20226216106585568,0.8019267563836976,1.3456410863997654,-0.11594763705318283,-1.2776085099067576,-0.07063695361486602,-1.0796126373940695,0.36000785075084624,1.0246036426577105,1.0417957940190008,-4.157091773054242,0.49530436622573487,0.04169367511635451,-0.11055208483386972,-1.6373077850601199,-1.5181586123151172,0.9149269305636314,-2.3670196022147034,-0.12142911746385815,0.7473441527579314,0.5355014201836069
0.16630752243524832,0.2384033180363272,-0.2791917757234011,-0.37825274404295295,-0.13250231576072985,0.18496426916165806,-0.10583498041511887,0.6424318973693949,0.502744203287699,-0.0625770943170739,0.26642647567125494,0.39574132424165015,-0.04296549799622716,0.32421739559617113,-0.05580045295152502,0.3147344340240819,0.7545416340499022,-0.019438914968243053,-0.16590642405311493,-0.39579070909890784,-0.20170098390969537,-0.19198133888583768,-0.20226216106585568,0.1915444690423752,-0.2610017789895813,-0.11345119838254937,-0.1166836241347398,0.3298954709442087,-0.044850836414246885,0.394045279380164,0.22101284372485938,-0.38010057104340544,-0.07987887235537841,0.5529964529197675,-0.14028956239570742,-0.3046598671868449,-0.4843411814698066,0.3099258829984258,-0.1631775549594012,-0.202466742422145,0.48947337979855526,0.5586447344182379,0.133615179860393,-0.013221051450974962
-0.1483541298774576,-0.6249319366651835,0.6046759197621412,1.2118859402373081,0.47008204875794857,-0.46189699299173964,0.2719479845584888,-1.6681485141845904,-1.4088877201140992,0.18714002655755332,-1.000093107188501,-0.8941898934156937,0.030906766220375803,-0.9235230220612111,0.02605804513073951,-0.8408695130090537,-2.077567981831669,-0.10143418397444084,0.04893890680446005,0.711048597648731,0.4935756351396994,0.3068003458139717,0.8019267563836976,-0.2610017789895813,0.7999536469832332,0.3072902517560591,0.2068303785725619,-1.0627527385734354,0.1095100212467861,-1.1132019982345067,-0.42168594642638296,1.0943851893192618,0.2712925995473463,-1.583001887186007,0.4610007404775575,0.8069588924615841,1.157379671121634,-0.8445273707640781,0.2731954813150367,0.49528065859539266,-1.3710077638835667,-1.3471962470196146,-0.258570295262362,0.06102476815967999
1.3479651433462507,-0.014636473174155925,-0.7390054815752435,1.3854314829104175,0.9362232236466003,0.7805806144831008,-0.19394616658173944,-1.3207634238402408,-1.6710343388700828,-0.17761507926147416,-0.9455705997218652,1.0564140087992568,-0.6671658924304729,-0.9328742943893413,0.30675047059963745,0.21045140553884653,-1.4866453405160964,-1.0278485386346226,-0.947327858934914,-0.4433092395892977,0.9321694983761466,-0.18994134296280898,1.3456410863997654,-0.11345119838254937,0.3072902517560591,0.9800383239988499,-0.16208165737166655,-0.5375267678466688,-0.10897211298305547,-0.4236763662625055,0.4091716188883899,0.3652665708673815,0.7470101013461578,-2.7036338772854167,0.20935743763433295,-0.31668820272311765,-0.550652476724239,-0.9905108561725036,-1.323308426156259,0.5682419532852164,-1.360581976660046,0.3884976380703374,0.6844738239341139,0.39862621405991155
-0.4814847540706532,-0.24355561433640768,0.4941003176183027,0.0019409917919089624,-0.07827255191129896,-0.4714887850380946,0.19466083528373343,-0.24465922982596255,-0.0795237207681548,0.12107689997844855,-0.07635575745180574,-0.7250402598098059,0.21421996553368017,-0.1058766177318991,-0.0972300387752691,-0.4064289358628386,-0.35022489831822595,0.2992067474650722,0.34349152727025994,0.45132672109895977,-0.07108068941732747,0.23065703495553364,-0.11594763705318283,-0.1166836241347398,0.2068303785725619,-0.16208165737166655,0.23678373931838456,-0.1862702981775306,0.09020553018702106,-0.31362493908663064,-0.29356767310442106,0.3348728025756977,-0.11350986632217086,0.1550555535426944,0.1471420105493836,0.4610169252403927,0.6764566202638365,-0.07902844192990045,0.5110323024648419,0.058106927959318586,-0.13683928478505636,-0.6703934540799922,-0.29474090018755333,-0.03311693664429963
-0.09818548109961024,0.8321470968766945,-0.6331357909854133,-1.961087600486228,-0.7442612699215122,0.3432162923982143,-0.22193562803863814,2.418778863943165,2.0860447260126667,-0.27619418265517126,1.4662096481902926,0.8455576117424857,0.11593355996231794,1.333787720733307,-0.0626315810722993,1.0351752332690998,2.9501021083626813,0.36320602054718043,0.057059219655810484,-0.8050093333623302,-0.8081274326391014,-0.2976735112997465,-1.2776085099067576,0.3298954709442087,-1.0627527385734354,-0.5375267678466688,-0.1862702981775306,1.6093971957387807,-0.13997835920366294,1.4574631977612968,0.40648474317752115,-1.4725136192436783,-0.40939598446021674,2.560785583132228,-0.5413105430131713,-1.02591440283986,-1.4047579914492225,1.2235367125696928,-0.14969954851647932,-0.6733876075361631,1.9759952251309714,1.5677186603609161,0.2128515137073586,-0.08358485702012851
-0.280773652587371,-0.1440343484864345,0.2890003958268037,0.041624193913243464,-0.06365666375550522,-0.24634348311546952,0.09105446953791549,-0.14609476357452592,-0.024559313631400414,0.10123578377984081,-0.03741233289081208,-0.3714542087837409,0.12744319251112446,-0.036992314638092154,-0.060876263941400555,-0.22571597934576865,-0.20017089651955752,0.18105666975095316,0.2204740296288335,0.25884842635996425,-0.02818714343261244,0.10685016993699356,-0.07063695361486602,-0.044850836414246885,0.1095100212467861,-0.10897211298305547,0.09020553018702106,-0.13997835920366294,0.06268053086736966,-0.16738251084245429,-0.15719998264107915,0.18416539773646093,-0.09470326640968986,0.10803024632259524,0.041641183687327624,0.23911958208986137,0.3722529723289176,0.006283042519084646,0.3193291938050466,0.014848445723108047,-0.05488200989756121,-0.38807126491151234,-0.17875714808759358,-0.07312349209567952
0.2875566462657625,0.9031645408268807,-0.9192806807374098,-1.6634292492656766,-0.6399281281502263,0.6997709405124147,-0.4051048858693323,2.368802428148851,1.9914778506618918,-0.27359282615211633,1.3679481945819016,1.3066706514822675,-0.08224230275057348,1.2763717753056685,-0.046087948852765064,1.2104295865401955,2.9475806259429818,0.0837289863173659,-0.14229275493563182,-1.085944381594966,-0.7107193368109436,-0.47862636871576825,-1.0796126373940695,0.394045279380164,-1.1132019982345067,-0.4236763662625055,-0.31362493908663064,1.4574631977612968,-0.16738251084245429,1.5821556441239746,0.6332674885320159,-1.5463197213605735,-0.369433902256241,2.1966864445271685,-0.6371245268263315,-1.1354911787489619,-1.6630084738106914,1.1720776019295351,-0.43546935450607965,-0.7219739348524143,1.9193485583298828,1.9861494690180932,0.39852442633339946,-0.04877141903516967
1.1905706768627975,0.5130101035484699,-1.0709075335940539,0.05509900105635565,0.2987136594617222,0.9479101858169228,-0.38795844994977674,0.4886579719350183,0.005504932845075945,-0.24560898568972614,0.06137200978515849,1.543177487266583,-0.5350760913192968,0.08254241284286984,0.11132861215625799,0.850999177496085,0.7012313257840576,-0.6944415070993645,-0.8240318006331367,-1.0492684137156092,0.21915659794968723,-0.47446740202963206,0.36000785075084624,0.22101284372485938,-0.42168594642638296,0.4091716188883899,-0.29356767310442106,0.40648474317752115,-0.15719998264107915,0.6332674885320159,0.7311666184657746,-0.6240500364260226,0.28640977050632055,-0.6240755395690174,-0.22172089758911492,-0.8463809580050048,-1.347175994903086,-0.013592996120765422,-1.1740287682724109,-0.057435667468483685,0.17707022616571785,1.4934543301388878,0.7414839668801291,0.2537085191765125
-0.32365008203335927,-0.9033516664246704,0.9436297444121725,1.6545458384682927,0.5982891471893047,-0.699364585272158,0.3913890055959584,-2.2894363365479866,-1.902179951051316,0.3053851723881769,-1.3163663542991522,-1.3251919791975062,0.08710493064372588,-1.2399337898189988,0.013392035030578993,-1.2181393526767696,-2.8546628607169557,-0.052649184365509374,0.20420057543595965,1.0874076012511817,0.6632248597066246,0.46266870338857097,1.0246036426577105,-0.38010057104340544,1.0943851893192618,0.3652665708673815,0.3348728025756977,-1.4725136192436783,0.18416539773646093,-1.5463197213605735,-0.6240500364260226,1.542228119206999,0.2999903230744956,-2.083414450106796,0.6123552669906878,1.193902031192649,1.7090382083346758,-1.1026078357603686,0.500226959543338,0.6713473479356149,-1.8376153392900234,-1.9626770768689399,-0.4223103593706443,0.04877984061852469
1.009348885202165,-0.030730003436785686,-0.5328174262991964,1.00426998179251,0.7232075454725041,0.5079072434287453,-0.11229263617890581,-1.0435309745155674,-1.3012941517703422,-0.15627309000158518,-0.7915825350817605,0.7160838428353502,-0.47513907171918224,-0.7267855790983133,0.2182761721222318,0.12181822187274656,-1.1955907284188532,-0.7721634369868549,-0.7831295063757775,-0.34168129036824973,0.6909158655348119,-0.11833920273309963,1.0417957940190008,-0.07987887235537841,0.2712925995473463,0.7470101013461578,-0.11350986632217086,-0.40939598446021674,-0.09470326640968986,-0.369433902256241,0.28640977050632055,0.2999903230744956,0.6172987143893623,-2.0608721557409115,0.21188680960901543,-0.23324612866804934,-0.38954916290885194,-0.8326497727189153,-0.9910789944932418,0.45625582534411335,-1.0874372682224822,0.23937130712523624,0.5083547785748127,0.29744746899436464
-3.1846876389519956,0.7448840595101178,1.1258597369429626,-4.802030902394618,-2.7888063383404242,-1.441830628224063,0.248233415257924,5.086214056477659,5.619320242120157,0.1479346203191872,3.4196221912521234,-1.7024954038904347,1.617730149333977,3.2741410333731924,-0.7124697286826105,0.3929832309870266,5.902330850896162,2.6343342865330075,2.211940065455061,0.33798272685639064,-2.856326410881435,0.1596807944842862,-4.157091773054242,0.5529964529197675,-1.583001887186007,-2.7036338772854167,0.1550555535426944,2.560785583132228,0.10803024632259524,2.1966864445271685,-0.6240755395690174,-2.083414450106796,-2.0608721557409115,8.418569453549877,-0.9324206173680861,-0.14500529309910215,0.04577261909087294,3.352260810960376,2.881210711721534,-1.896675088692082,4.800457499944041,0.44459787826804825,-1.4126158616344147,-0.9805736908860664
-0.02128348460289283,-0.32452536159069395,0.28913628774660727,0.6339734065947839,0.3107365408712428,-0.2722177493151779,0.1801397676650156,-0.9077419672879644,-0.827290546854476,0.05559959540589128,-0.594245801355411,-0.502006499740204,-0.005044604833439748,-0.5503375396389231,0.01750041659075998,-0.45413569526937125,-1.1536445975386347,-0.09251453947328424,-0.07255123279503115,0.33899492817002863,0.2698551545017293,0.17428387432720374,0.49530436622573487,-0.14028956239570742,0.4610007404775575,0.20935743763433295,0.1471420105493836,-0.5413105430131713,0.041641183687327624,-0.6371245268263315,-0.22172089758911492,0.6123552669906878,0.21188680960901543,-0.9324206173680861,0.32028299622807305,0.43697363630138786,0.6040894791208599,-0.5330129429977918,0.06649480907281857,0.30556010583890514,-0.8032708955488135,-0.7155040404994745,-0.10176492771034902,0.10838974392647296
-1.1898042230075565,-0.8287929863117423,1.3555658692255426,0.6297804086912192,-0.06941636542759912,-1.1378555467065932,0.47533138647045575,-1.2329941868795269,-0.6438766364730285,0.3924249163766721,-0.5733824861483283,-1.9476182658746446,0.5017493599859895,-0.5467158189941728,-0.19003688305171199,-1.2735482791723773,-1.6353164677567285,0.6096831629124655,0.8474289316451143,1.3073149168808351,-0.028429608070030955,0.5606161125167834,0.04169367511635451,-0.3046598671868449,0.8069588924615841,-0.31668820272311765,0.4610169252403927,-1.02591440283986,0.23911958208986137,-1.1354911787489619,-0.8463809580050048,1.193902031192649,-0.23324612866804934,-0.14500529309910215,0.43697363630138786,1.3866091000020477,1.9936062893487336,-0.3854630399216264,1.3402299670280395,0.22700520854796363,-0.7936860967328121,-2.03079977657912,-0.8451684578343511,-0.1674851558530766
-1.9822140370291539,-1.236886495187435,2.143644226766806,0.7177551272057201,-0.2159331342758816,-1.8492136073610166,0.7560993115011321,-1.776016224420112,-0.8107113330443202,0.6062341126922315,-0.7491533241747608,-3.045064825472577,0.876384498491361,-0.7060972665350904,-0.2920750431846141,-1.9116514191488065,-2.3369756793277374,1.0803771752476272,1.4018165208791513,2.068464837624234,-0.07391031859683943,0.9102466784547364,-0.11055208483386972,-0.4843411814698066,1.157379671121634,-0.550652476724239,0.6764566202638365,-1.4047579914492225,0.3722529723289176,-1.6630084738106914,-1.347175994903086,1.7090382083346758,-0.38954916290885194,0.04577261909087294,0.6040894791208599,1.9936062893487336,3.0156093762837703,-0.5006764425856052,2.183251084360619,0.33086164519966976,-1.0762684163953935,-3.173568292189115,-1.3439443662517652,-0.36980640340392623
-0.938568272885628,0.5114427314389903,0.07940638059309739,-1.9167794171620083,-1.08247718224289,-0.16627075215372142,-0.05513465968236796,2.3514088780757834,2.388057173887925,0.003472477610297186,1.569939325636396,-0.076984158063214,0.4616770698235243,1.4330236224680324,-0.21239660166739321,0.4944403359062136,2.7764809713496765,0.8724819750155357,0.7416742442110005,-0.17570913839781024,-1.0919371591464133,-0.12872619183972808,-1.6373077850601199,0.3099258829984258,-0.8445273707640781,-0.9905108561725036,-0.07902844192990045,1.2235367125696928,0.006283042519084646,1.1720776019295351,-0.013592996120765422,-1.1026078357603686,-0.8326497727189153,3.352260810960376,-0.5330129429977918,-0.3854630399216264,-0.5006764425856052,1.5621766069527954,0.7782341507370146,-0.8345073423431313,2.1463318799221565,0.7075492863266587,-0.345288361496663,-0.3338941416848652
-2.531686750605765,-0.6528970316646175,1.9603666309720913,-1.115870605256534,-1.1270284352098952,-1.8406540015869393,0.6107828386625851,0.40405540318576627,1.329097514109829,0.5216670896280574,0.6179354233891502,-2.7457860533573872,1.2100761220609475,0.6325493776342158,-0.4654258225482775,-1.2384283730666756,0.2951934598670274,1.7030545572213551,1.7972977222282096,1.626533412175091,-0.9879806687085595,0.7164821818273812,-1.5181586123151172,-0.1631775549594012,0.2731954813150367,-1.323308426156259,0.5110323024648419,-0.14969954851647932,0.3193291938050466,-0.43546935450607965,-1.1740287682724109,0.500226959543338,-0.9910789944932418,2.881210711721534,0.06649480907281857,1.3402299670280395,2.183251084360619,0.7782341507370146,2.6028394988444123,-0.40281590987358945,0.8605432824887712,-2.1614801700730792,-1.456867414436228,-0.6842653604373543
0.44467287225728674,-0.31751475418944786,0.02747484108674389,1.1006753482663612,0.6128697107235311,0.05388833136447368,0.07339970721767657,-1.3770529282272894,-1.4007447753390452,0.013104909986266917,-0.8497905741124738,-0.01633191588448238,-0.23334085629111687,-0.8194468796675005,0.1505033336124168,-0.324658055769728,-1.6418310014153457,-0.43342891567076397,-0.3346367241224003,0.21575012022432846,0.6566115303447281,0.11666077737073352,0.9149269305636314,-0.202466742422145,0.49528065859539266,0.5682419532852164,0.058106927959318586,-0.6733876075361631,0.014848445723108047,-0.7219739348524143,-0.057435667468483685,0.6713473479356149,0.45625582534411335,-1.896675088692082,0.30556010583890514,0.22700520854796363,0.33086164519966976,-0.8345073423431313,-0.40281590987358945,0.5142737324412969,-1.2339514897219626,-0.5505270511345092,0.15157057903113946,0.1705518593887999
-1.0768265692948946,0.888082659149866,-0.14853040375742627,-2.9792444151337873,-1.5306782436015836,-0.10088037502809273,-0.17112175642097263,3.6014103750775934,3.548082053265215,-0.10309877488842635,2.282379931712529,0.2049271453352768,0.5817169345042568,2.151233106722906,-0.31981847183338163,0.9506877415488755,4.300573154719013,1.111379059944911,0.8101221141171457,-0.5735906064542814,-1.5974544426642217,-0.26065746161321074,-2.3670196022147034,0.48947337979855526,-1.3710077638835667,-1.360581976660046,-0.13683928478505636,1.9759952251309714,-0.05488200989756121,1.9193485583298828,0.17707022616571785,-1.8376153392900234,-1.0874372682224822,4.800457499944041,-0.8032708955488135,-0.7936860967328121,-1.0762684163953935,2.1463318799221565,0.8605432824887712,-1.2339514897219626,3.1956084710310635,1.4786122736100553,-0.3017801333047538,-0.42385814066747174
2.027130932691626,1.391318769426122,-2.297562214254788,-0.9933427942558299,0.06186911416231363,1.9757144148718584,-0.8617736648584433,2.2744331552929933,1.2800240407026036,-0.6181722491683234,0.9951022260971762,3.2050119478604056,-0.9092021505261576,0.9250933201854595,0.20952814324924762,2.102696510866551,2.9725408008058922,-1.0717034115529023,-1.3844284279617063,-2.307236649334339,-0.14724605530841275,-1.0257576130977601,-0.12142911746385815,0.5586447344182379,-1.3471962470196146,0.3884976380703374,-0.6703934540799922,1.5677186603609161,-0.38807126491151234,1.9861494690180932,1.4934543301388878,-1.9626770768689399,0.23937130712523624,0.44459787826804825,-0.7155040404994745,-2.03079977657912,-3.173568292189115,0.7075492863266587,-2.1614801700730792,-0.5505270511345092,1.4786122736100553,3.6230822058671737,1.399470044581542,0.4213130793662046
1.4519165702936545,0.44992872851155596,-1.1699780519673457,0.45985699742242914,0.5699792337915414,1.0583692161791358,-0.3773688954841206,-0.0018389037542978894,-0.5434172184531617,-0.2918187717053337,-0.24033743709345629,1.645921209160304,-0.6766333620386464,-0.2439164671777423,0.2139115387627487,0.8071072178686384,0.12956887716284218,-0.9266061747638985,-1.0221786686626892,-1.034739725010871,0.49311839690190085,-0.4510433061566439,0.7473441527579314,0.133615179860393,-0.258570295262362,0.6844738239341139,-0.29474090018755333,0.2128515137073586,-0.17875714808759358,0.39852442633339946,0.7414839668801291,-0.4223103593706443,0.5083547785748127,-1.4126158616344147,-0.10176492771034902,-0.8451684578343511,-1.3439443662517652,-0.345288361496663,-1.456867414436228,0.15157057903113946,-0.3017801333047538,1.399470044581542,0.8647494284320995,0.3756162426303005
0.673811314245899,0.11651993429709326,-0.474297114373652,0.4549134342327332,0.39572335954775334,0.4272785775972281,-0.09488039196298383,-0.27397328269721644,-0.5391150188840892,-0.13990695154077157,-0.2850150082988562,0.5501705442205693,-0.3534572865180171,-0.35567449478708235,0.12176795762708442,0.2150281710537581,-0.29688679606714075,-0.4831440531790932,-0.48427613183922474,-0.35645270240843335,0.3008533732487339,-0.1488736587124666,0.5355014201836069,-0.013221051450974962,0.06102476815967999,0.39862621405991155,-0.03311693664429963,-0.08358485702012851,-0.07312349209567952,-0.04877141903516967,0.2537085191765125,0.04877984061852469,0.29744746899436464,-0.9805736908860664,0.10838974392647296,-0.1674851558530766,-0.36980640340392623,-0.3338941416848652,-0.6842653604373543,0.1705518593887999,-0.42385814066747174,0.4213130793662046,0.3756162426303005,0.32696057963436226
