V1,V2,V3,V4,V5,V6,V7,V8,V9,V10,V11,V12,V13,V14,V15,V16,V17,V18,V19,V20,V21,V22,V23,V24,V25,V26,V27,V28,V29
1.9862905962393154,-2.0560088169730517,-0.36970979897199524,0.9436428459153631,-0.051602718155431736,0.3061331523315531,1.4597835170296034,-0.46062549088681026,-1.4933925315386078,-1.1938253294645027,1.5205888478492244,0.11203951916664583,1.8627139245206008,-1.4526778112702625,-2.166152371316316,-0.7560064549400488,-0.16265537868237956,-0.7328507345096785,1.6869026284918387,0.008837250228032506,-1.10471411673477,0.9916939215717511,1.5652473482354146,1.0718063766347317,-1.9357524334657492,0.28827029991100894,-0.960175633159037,3.4132201804160873,0.36887079809594875
-2.0560088169730517,2.8753216306450864,0.08229971316878604,-0.9465734873472988,-0.6611513342569021,-0.5804489905335075,-0.8898545674285717,0.5203252124542453,1.388611558594878,0.6199124472876122,-1.4343006126439113,0.27726824564212577,-1.2474943294314667,1.8950639294571079,1.805413671222485,0.6020050829103918,1.674122419576522,0.18228839499884064,-1.8473597641328772,-1.0232448313625377,1.0196814042225069,-1.745561373148494,-1.9649933469325211,-0.6773573409873507,1.4975865797323213,-0.06287302820591359,1.0196442247539557,-3.7931218707509804,-0.26433363825841655
-0.36970979897199524,0.08229971316878604,0.5143165644520159,-0.2897517532974703,0.4996387842106893,0.7528613722376999,-1.1303418298068528,-0.040763733764620405,-0.019246787415576505,0.8066586452986967,-0.19330179608603382,-0.7301139633133299,-0.9854637991977248,-0.3937009235315254,1.1924293189565016,0.5182239410786444,-1.6592691884899715,0.7970343474313745,-0.7281693502010759,0.9088912438800213,0.4140561661902318,0.6383251266716583,0.010385231755789554,-0.7548256395939579,1.4097269478859225,-0.4539467746441129,0.12652529269542206,-1.1560913295533706,-0.35444465418379484
0.9436428459153631,-0.9465734873472988,-0.2897517532974703,0.517361328313378,-0.10923900323412941,-0.07801608633180727,0.7172195770100313,-0.16300872827881088,-0.6541680959493633,-0.5808778958034316,0.6407184758254767,0.18197108906121948,1.0096899271212654,-0.5209078172588868,-1.1614028849988667,-0.4306711727409934,0.19394923592646016,-0.45098874719996823,0.9690030835372583,-0.2855812923675792,-0.5487806366521105,0.1520986543587875,0.621060138004124,0.5882572792330129,-1.1128018184855573,0.14505293612665834,-0.43258690256977494,1.7847293147597298,0.2869789399802239
-0.051602718155431736,-0.6611513342569021,0.4996387842106893,-0.10923900323412941,0.8246760074890848,0.7048618732225123,-1.0927055744742762,-0.11099104441848096,-0.03241862661653616,0.896217998526172,-0.11364766132204811,-0.7525986319048481,-0.9771979649900611,-0.6851364223908654,0.916552076716,0.4214423618946409,-2.2158033925905984,0.8833237206110343,-0.23130693766699004,1.2958479945359602,0.2874342197826515,0.9956898198138461,0.3672949789525584,-0.701597907612976,1.135670429206063,-0.45001128919255,-0.028983795707952027,-0.2296781964078848,-0.2710914653318997
0.3061331523315531,-0.5804489905335075,0.7528613722376999,-0.07801608633180727,0.7048618732225123,1.7107396857107933,-1.4279102068360734,-0.3471252177841629,-0.9625569239355363,0.8624010636467173,0.4639909624924344,-1.3735703038869103,-0.8229223035635257,-1.5283109652816256,1.24021876855534,0.6639423289549667,-3.0753038890046542,1.0871290435365237,-0.6990631211229649,1.4777751749611499,0.27046891554374336,1.5847073963137241,0.6942308925128444,-0.844845503468168,1.8355063513588386,-0.7462677710700574,-0.259894462701819,-0.7483234036875098,-0.5093632861082229
1.4597835170296034,-0.8898545674285717,-1.1303418298068528,0.7172195770100313,-1.0927055744742762,-1.4279102068360734,3.9672788272111092,-0.12386414297366383,-0.38422460421427634,-2.8383180745322365,1.3215679970406584,1.8145882978620977,2.9328405635754105,0.3521766227886539,-3.7307282741091488,-1.6163551092505832,4.189718726332508,-2.2862834529623632,1.8708975529471943,-1.4396321953867572,-1.5775486510896446,-0.313624921615386,0.9574593643804088,2.2332169837107596,-4.1637054385093855,1.5176403155303597,-0.645752594136142,3.5276814551478646,0.6623611829762011
-0.46062549088681026,0.5203252124542453,-0.040763733764620405,-0.16300872827881088,-0.11099104441848096,-0.3471252177841629,-0.12386414297366383,0.21880949953361326,0.31411257414606136,0.09562920341647498,-0.3189209813374874,0.14137979391543623,-0.13774777740301009,0.5798586957622931,0.1988226424951454,-0.030816065919800833,0.5742203650952877,-0.0784123812690906,-0.22165584718641224,-0.3963950255292149,0.07072634486457183,-0.6036690382280813,-0.4035171620167449,-0.10529950440482651,0.06766302421088723,-0.03812184349149732,0.2433491602548711,-0.6781684712043361,0.03063748409554611
-1.4933925315386078,1.388611558594878,-0.019246787415576505,-0.6541680959493633,-0.03241862661653616,-0.9625569239355363,-0.38422460421427634,0.31411257414606136,1.9343927753864263,0.627293184553246,-1.4953905355997545,0.6257294664112527,-1.3712057970165084,1.5510686396400937,1.121097468081288,0.44242251802517124,1.0027311327779052,0.3023534082055418,-0.7758422186130963,0.006316433552155791,0.948173390344337,-0.8705725388525734,-1.3716146081081597,-0.42330474129002793,0.6415688975384157,0.34160385124835196,0.777417872608741,-1.588771958191651,-0.08771334907661642
-1.1938253294645027,0.6199124472876122,0.8066586452986967,-0.5808778958034316,0.896217998526172,0.8624010636467173,-2.8383180745322365,0.09562920341647498,0.627293184553246,2.1526647642391663,-1.1670509204768331,-1.1952919136111526,-2.360340241831829,-0.11535505828241176,2.770441518377727,1.2086935510996155,-3.0269627746678744,1.7209893847627287,-1.3265564064969546,1.2341809277890958,1.2549106409896242,0.28277099818114965,-0.7737125300601588,-1.6381252052005078,3.0058980608116577,-0.9936185068376104,0.5325547050950271,-2.48016244792344,-0.4845341536567117
1.5205888478492244,-1.4343006126439113,-0.19330179608603382,0.6407184758254767,-0.11364766132204811,0.4639909624924344,1.3215679970406584,-0.3189209813374874,-1.4953905355997545,-1.1670509204768331,1.4862870018965753,-0.05747341900487483,1.6423328815725653,-1.2014096985229659,-1.745037102893222,-0.7045088466280806,0.05402504229397838,-0.7113260485664392,1.0354936922363713,-0.03967385818306668,-1.0917679834278176,0.8870876170607512,1.4079595000020892,0.8384187240278309,-1.4792298078392534,0.1691653653994886,-0.7730003277307185,2.170771156907516,0.16896553347615606
0.11203951916664583,0.27726824564212577,-0.7301139633133299,0.18197108906121948,-0.7525986319048481,-1.3735703038869103,1.8145882978620977,0.14137979391543623,0.6257294664112527,-1.1952919136111526,-0.05747341900487483,1.3297773380530047,1.1101815101125294,1.0545354405590985,-1.5423442843812143,-0.6913518358458539,2.9341297792472476,-1.1655306136370556,0.7829383143006097,-1.2117596846688352,-0.3985694598967169,-1.0253387639185039,-0.3161539137860417,1.044099128844566,-2.0297157859128543,0.8932700856705086,0.039488900244887916,1.224417057566826,0.44685764431192865
1.8627139245206008,-1.2474943294314667,-0.9854637991977248,1.0096899271212654,-0.9771979649900611,-0.8229223035635257,2.9328405635754105,-0.13774777740301009,-1.3712057970165084,-2.360340241831829,1.6423328815725653,1.1101815101125294,3.1256311208714846,-0.29999648463266704,-3.4428604379731325,-1.4976264375929216,2.902260660960952,-1.9684481202375381,2.0042497322042516,-1.7034675764669585,-1.6797089116583446,-0.4551221525950873,1.1568188190605553,1.9176086610568457,-3.5707051347292356,0.8140037236987514,-0.8337779232633727,3.5249239895665165,0.7320000423680075
-1.4526778112702625,1.8950639294571079,-0.3937009235315254,-0.5209078172588868,-0.6851364223908654,-1.5283109652816256,0.3521766227886539,0.5798586957622931,1.5510686396400937,-0.11535505828241176,-1.2014096985229659,1.0545354405590985,-0.29999648463266704,2.1654515293541854,0.2610161299798089,-0.1127231583790851,2.849103931521026,-0.5403671068182568,-0.5589043721617133,-1.4006710157302074,0.3981389416143502,-2.002665098145726,-1.545478711492044,0.07525955395652814,-0.34952673731103695,0.4312042109102388,0.8003235372357977,-1.6594052495203497,0.1825516071889435
-2.166152371316316,1.805413671222485,1.1924293189565016,-1.1614028849988667,0.916552076716,1.24021876855534,-3.7307282741091488,0.1988226424951454,1.121097468081288,2.770441518377727,-1.745037102893222,-1.5423442843812143,-3.4428604379731325,0.2610161299798089,4.195560400669815,1.797169597404267,-3.39819087024312,2.2776993432677934,-2.5945721787190013,1.5509690844804818,1.9203828399633682,0.2344286549311925,-1.4503471913526105,-2.3268680722592325,4.474447416145396,-1.2097978533534821,0.9691373896328316,-4.688389779543132,-0.8754760877033877
-0.7560064549400488,0.6020050829103918,0.5182239410786444,-0.4306711727409934,0.4214423618946409,0.6639423289549667,-1.6163551092505832,-0.030816065919800833,0.44242251802517124,1.2086935510996155,-0.7045088466280806,-0.6913518358458539,-1.4976264375929216,-0.1127231583790851,1.797169597404267,0.8587731302362893,-1.7317317316093936,1.0646098779159159,-1.028014206066822,0.8441509317864371,0.9029797991394198,0.3322889055882677,-0.5458583448730745,-0.9707381211608405,1.957156814942368,-0.4800431753357856,0.33372553451867654,-1.7093338423799058,-0.3807667226645316
-0.16265537868237956,1.674122419576522,-1.6592691884899715,0.19394923592646016,-2.2158033925905984,-3.0753038890046542,4.189718726332508,0.5742203650952877,1.0027311327779052,-3.0269627746678744,0.05402504229397838,2.9341297792472476,2.902260660960952,2.849103931521026,-3.39819087024312,-1.7317317316093936,7.7293075655999255,-3.029555594792613,1.1120972443921961,-3.67968121937578,-1.1457719360617535,-3.0901159416097066,-1.0175000001307075,2.3562654534290255,-4.449966589476308,1.8376180376786713,0.2638927760575643,1.2664528580592047,0.932470423069606
-0.7328507345096785,0.18228839499884064,0.7970343474313745,-0.45098874719996823,0.8833237206110343,1.0871290435365237,-2.2862834529623632,-0.0784123812690906,0.3023534082055418,1.7209893847627287,-0.7113260485664392,-1.1655306136370556,-1.9684481202375381,-0.5403671068182568,2.2776993432677934,1.0646098779159159,-3.029555594792613,1.548539889319057,-1.1128524735893937,1.494191463473183,1.008135930743484,0.8383951273032512,-0.30286587675452337,-1.3698210834034408,2.5837908074607,-0.8003748414347196,0.29447790097002763,-1.8093418753775095,-0.5105586433858961
1.6869026284918387,-1.8473597641328772,-0.7281693502010759,0.9690030835372583,-0.23130693766699004,-0.6990631211229649,1.8708975529471943,-0.22165584718641224,-0.7758422186130963,-1.3265564064969546,1.0354936922363713,0.7829383143006097,2.0042497322042516,-0.5589043721617133,-2.5945721787190013,-1.028014206066822,1.1120972443921961,-1.1128524735893937,2.113854658814856,-0.6435026522973799,-1.1239862087328512,0.07860712841073524,1.0975845444581236,1.3430912492236298,-2.714273232733637,0.5727726015593588,-0.7469787375903392,3.8008215593128085,0.6634049988791418
0.008837250228032506,-1.0232448313625377,0.9088912438800213,-0.2855812923675792,1.2958479945359602,1.4777751749611499,-1.4396321953867572,-0.3963950255292149,0.006316433552155791,1.2341809277890958,-0.03967385818306668,-1.2117596846688352,-1.7034675764669585,-1.4006710157302074,1.5509690844804818,0.8441509317864371,-3.67968121937578,1.494191463473183,-0.6435026522973799,2.6057401169844625,0.6036958374163464,2.274753583322168,0.7436824401995303,-1.0661979823963446,1.9697978756610186,-0.47386709023652585,-0.124364529527522,-0.4058357406621246,-0.6284899399318937
-1.10471411673477,1.0196814042225069,0.4140561661902318,-0.5487806366521105,0.2874342197826515,0.27046891554374336,-1.5775486510896446,0.07072634486457183,0.948173390344337,1.2549106409896242,-1.0917679834278176,-0.3985694598967169,-1.6797089116583446,0.3981389416143502,1.9203828399633682,0.9029797991394198,-1.1457719360617535,1.008135930743484,-1.1239862087328512,0.6036958374163464,1.1087213331713608,-0.09873295187408718,-0.9720472566183213,-0.9627585633724536,1.91229024088909,-0.3325978120323043,0.5344150212328719,-1.9861495071436104,-0.3294693012813837
0.9916939215717511,-1.745561373148494,0.6383251266716583,0.1520986543587875,0.9956898198138461,1.5847073963137241,-0.313624921615386,-0.6036690382280813,-0.8705725388525734,0.28277099818114965,0.8870876170607512,-1.0253387639185039,-0.4551221525950873,-2.002665098145726,0.2344286549311925,0.3322889055882677,-3.0901159416097066,0.8383951273032512,0.07860712841073524,2.274753583322168,-0.09873295187408718,2.609162502245669,1.5022924062409542,-0.3344697102417361,0.7614833579207021,-0.21295135593507394,-0.6105179242247594,1.0839528274540962,-0.4517831813440378
1.5652473482354146,-1.9649933469325211,0.010385231755789554,0.621060138004124,0.3672949789525584,0.6942308925128444,0.9574593643804088,-0.4035171620167449,-1.3716146081081597,-0.7737125300601588,1.4079595000020892,-0.3161539137860417,1.1568188190605553,-1.545478711492044,-1.4503471913526105,-0.5458583448730745,-1.0175000001307075,-0.30286587675452337,1.0975845444581236,0.7436824401995303,-0.9720472566183213,1.5022924062409542,1.6703668730533756,0.5754305453128422,-1.122762811236193,0.060833254477589846,-0.8201834401527683,2.42297361262583,0.0669912849016812
1.0718063766347317,-0.6773573409873507,-0.7548256395939579,0.5882572792330129,-0.701597907612976,-0.844845503468168,2.2332169837107596,-0.10529950440482651,-0.42330474129002793,-1.6381252052005078,0.8384187240278309,1.044099128844566,1.9176086610568457,0.07525955395652814,-2.3268680722592325,-0.9707381211608405,2.3562654534290255,-1.3698210834034408,1.3430912492236298,-1.0661979823963446,-0.9627585633724536,-0.3344697102417361,0.5754305453128422,1.3889340652791398,-2.546282009966398,0.8117415246034795,-0.46736562035033746,2.44361599519239,0.49888601575510927
-1.9357524334657492,1.4975865797323213,1.4097269478859225,-1.1128018184855573,1.135670429206063,1.8355063513588386,-4.1637054385093855,0.06766302421088723,0.6415688975384157,3.0058980608116577,-1.4792298078392534,-2.0297157859128543,-3.5707051347292356,-0.34952673731103695,4.474447416145396,1.957156814942368,-4.449966589476308,2.5837908074607,-2.714273232733637,1.9697978756610186,1.91229024088909,0.7614833579207021,-1.122762811236193,-2.546282009966398,4.987669680861441,-1.4921611165867894,0.8131942465331522,-4.758253019029955,-1.010534488403782
0.28827029991100894,-0.06287302820591359,-0.4539467746441129,0.14505293612665834,-0.45001128919255,-0.7462677710700574,1.5176403155303597,-0.03812184349149732,0.34160385124835196,-0.9936185068376104,0.1691653653994886,0.8932700856705086,0.8140037236987514,0.4312042109102388,-1.2097978533534821,-0.4800431753357856,1.8376180376786713,-0.8003748414347196,0.5727726015593588,-0.47386709023652585,-0.3325978120323043,-0.21295135593507394,0.060833254477589846,0.8117415246034795,-1.4921611165867894,0.7455509648859977,-0.09704402073769224,1.1500538520516712,0.2322304845230968
-0.960175633159037,1.0196442247539557,0.12652529269542206,-0.43258690256977494,-0.028983795707952027,-0.259894462701819,-0.645752594136142,0.2433491602548711,0.777417872608741,0.5325547050950271,-0.7730003277307185,0.039488900244887916,-0.8337779232633727,0.8003235372357977,0.9691373896328316,0.33372553451867654,0.2638927760575643,0.29447790097002763,-0.7469787375903392,-0.124364529527522,0.5344150212328719,-0.6105179242247594,-0.8201834401527683,-0.46736562035033746,0.8131942465331522,-0.09704402073769224,0.4826761875059105,-1.5634177270724092,-0.13003545386635018
3.4132201804160873,-3.7931218707509804,-1.1560913295533706,1.7847293147597298,-0.2296781964078848,-0.7483234036875098,3.5276814551478646,-0.6781684712043361,-1.588771958191651,-2.48016244792344,2.170771156907516,1.224417057566826,3.5249239895665165,-1.6594052495203497,-4.688389779543132,-1.7093338423799058,1.2664528580592047,-1.8093418753775095,3.8008215593128085,-0.4058357406621246,-1.9861495071436104,1.0839528274540962,2.42297361262583,2.44361599519239,-4.758253019029955,1.1500538520516712,-1.5634177270724092,7.303880370893049,1.0330265462814123
0.36887079809594875,-0.26433363825841655,-0.35444465418379484,0.2869789399802239,-0.2710914653318997,-0.5093632861082229,0.6623611829762011,0.03063748409554611,-0.08771334907661642,-0.4845341536567117,0.16896553347615606,0.44685764431192865,0.7320000423680075,0.1825516071889435,-0.8754760877033877,-0.3807667226645316,0.932470423069606,-0.5105586433858961,0.6634049988791418,-0.6284899399318937,-0.3294693012813837,-0.4517831813440378,0.0669912849016812,0.49888601575510927,-1.010534488403782,0.2322304845230968,-0.13003545386635018,1.0330265462814123,0.29741347652161104
