V1,V2,V3,V4,V5,V6,V7,V8,V9,V10,V11,V12,V13,V14,V15,V16,V17,V18,V19,V20,V21,V22,V23,V24,V25,V26,V27,V28,V29,V30,V31,V32,V33,V34,V35,V36,V37,V38,V39,V40,V41,V42,V43,V44
10.741431531071253,-2.9914202675108887,-3.044373745124318,-4.217259235156637,9.057924432435476,6.174900611305437,2.5670607313759013,2.622854693544395,-2.813754568691501,3.011025821772041,0.19101659805675206,-5.882973432972266,2.5826666911113185,-2.532150558414564,-4.441408101584428,-2.0513329088225443,6.152376199675251,-5.198880577987273,-3.091687725986762,-2.577913446273338,-1.6755370952364999,-5.6984831658090584,2.7185019007339957,-2.4229282501369207,-0.390340413799942,2.544755762650561,-0.20678999322283895,-6.428920068634448,4.90459115277357,-0.48364159719420063,4.629474653946904,-5.583586465249232,-6.528722700531659,-5.4573746690882325,-1.1741793092397872,1.6774514211612983,2.761313492725536,0.32930863480375205,3.2676276983293624,-14.1269515461673,-2.59302710203715,-0.05126194168804395,-6.200004690040073,0.9228225318298531
-2.9914202675108887,1.4944694177294773,0.2622341276237667,0.7748722625289103,-1.8767020019377996,-1.8780448458458734,-0.9742929475639784,-0.9542407248000413,0.6254850393234447,-1.5990492042477027,0.1672687352878516,1.6948413741283468,-0.6885067713500398,0.339478306520432,1.1674775515432851,1.3746284759689733,-1.7329684305382467,1.3434717580411493,1.3294303217273395,0.9741186277082532,-0.05924053369177321,1.2451488803211785,-0.9206842581777925,0.5324764810679335,-0.0681172498549547,-1.4713022049573534,0.021362687868731748,1.1001769008439455,-2.133715812194878,0.13552584197423978,-0.5284059846978711,0.6503940922615032,0.8912582515759403,1.276546829182468,1.0716926617932487,-1.1180020308551735,-0.9964253972177525,-1.1303325917519296,-1.2026403573502902,3.7257827909409387,-0.07554126366942908,-0.11069374835133491,1.787807005564205,-0.4684781507225806
-3.044373745124318,0.2622341276237667,1.4784586858917728,1.6320725121671436,-3.198438818949023,-1.5717062657011174,-0.46322166055646563,-0.5587790473355778,0.9894454782123772,-0.160972156379507,-0.22192409083582074,1.6517562560741657,-0.7562252194068286,1.1509266836403704,1.3268652533275287,-0.19420375280447633,-1.7723417498425689,1.605762458151572,0.4511184631078318,0.5111288500002557,1.0111597254036386,1.9422594748590294,-0.601056656817234,0.7631391684858915,0.28216903608193017,-0.058601745042420626,0.0984206498639005,2.4524217467828304,-0.762694017449043,0.18770844796064762,-2.039743782745876,2.4811352574352306,2.6934012270817127,1.7631401862127691,-0.4134515158842914,0.18242393366535023,-0.5502218272389682,0.8617352865966801,-0.6607632873132407,4.254099436797705,1.4904736266687242,0.11647234323826186,1.6736686658870097,-0.09039386603076742
-4.217259235156637,0.7748722625289103,1.6320725121671436,1.9697447691384002,-3.9988196251563752,-2.2956204767584194,-0.8217418277850304,-0.9061365904292124,1.2447695151752902,-0.7062502245630208,-0.18530747676529255,2.3071496820345074,-1.0306910062019072,1.3092737180187444,1.792212756781732,0.2650173266471397,-2.4435056759351177,2.13826869870965,0.920922019421891,0.8627218121681628,1.0372130495157368,2.4653256522274596,-0.9471769017626438,0.9954963997967105,0.2728075819114858,-0.5477955132389448,0.10944122499608136,2.9595862359670564,-1.5065003100138463,0.23390935745705413,-2.3242044029467404,2.8234881146659756,3.14482651172048,2.290311890171196,-0.06416011158541067,-0.19570767772903624,-0.9213944563695261,0.5295908131722626,-1.102040507593981,5.730511360548443,1.5433265254445705,0.08949028599432875,2.3734786265265893,-0.24774142808531469
9.057924432435476,-1.8767020019377996,-3.198438818949023,-3.9988196251563752,8.306913986676921,5.028666531176902,1.890501442307964,2.001494119853235,-2.5590135820298507,1.784541398151534,0.3601509872658456,-4.9289860591225425,2.2068459075451377,-2.5599017036600946,-3.817996916824143,-0.9059699597566804,5.197621041281023,-4.510282858269033,-2.1422072643008594,-1.9272322947893294,-1.9709505767138322,-5.15473846734952,2.1172639754786937,-2.152461580753816,-0.5109511066161156,1.4075172976431973,-0.21424119382789117,-6.109150572245025,3.418008977551069,-0.4389630572601016,4.680742523676547,-5.652902493523287,-6.426845501758036,-4.84008421435544,-0.20883719566631953,0.7291885840817339,2.0887064578319388,-0.7593744989702496,2.467190661236776,-12.158564876970411,-2.996932353796442,-0.161329773718469,-5.152010649698403,0.5809185664655665
6.174900611305437,-1.8780448458458734,-1.5717062657011174,-2.2956204767584194,5.028666531176902,3.602920395389614,1.5514146213997304,1.5560200688754067,-1.5592212998189052,1.9206445218091142,0.06765415018312454,-3.3812692868595433,1.4782461301034393,-1.3248248310919852,-2.5337687179958825,-1.396938587275327,3.5232659304720206,-2.9480615166386293,-1.8939417575138777,-1.540770522748426,-0.8090960980765348,-3.1842132331302473,1.6117442836821756,-1.3781919141473504,-0.17618192099482233,1.640988743530507,-0.10724218651419605,-3.5223739822427214,2.982765609674637,-0.25780878400112006,2.4577234547264912,-2.954426954615121,-3.521724155870374,-3.07874481629818,-0.8878252916431438,1.1521545488879987,1.6536441074236485,0.45226032192147114,1.9505938516474484,-8.044816525787002,-1.2799517641303275,-0.0025379855977160316,-3.5899979831492224,0.5749621176280895
2.5670607313759013,-0.9742929475639784,-0.46322166055646563,-0.8217418277850304,1.890501442307964,1.5514146213997304,0.7280255590719218,0.7096798816897151,-0.5919302146665562,1.0244165982498394,-0.03099165222626383,-1.416680797861084,0.6069897096201882,-0.4227351950386551,-1.0321711678251206,-0.8284547510366881,1.4618049878056818,-1.1872795607404087,-0.9258889282816287,-0.7136235336855352,-0.16936218085754812,-1.2195589279796835,0.7221655748858499,-0.5413088974579017,-0.01869023612738473,0.9025567442156552,-0.03235880320825808,-1.2592380869263202,1.4543125406980792,-0.09744593833337943,0.7891043376004063,-0.9453496505291,-1.1895131757174662,-1.2083836573548827,-0.6036030592743582,0.685551514632396,0.760812058759574,0.49844241318905436,0.8985487057763223,-3.2718494293944023,-0.2895019321088056,0.03285246072338532,-1.51695227698094,0.29771437015276714
2.622854693544395,-0.9542407248000413,-0.5587790473355778,-0.9061365904292124,2.001494119853235,1.5560200688754067,0.7096798816897151,0.7181674022728175,-0.6408494129021426,0.9899412034808074,-0.031754587311654994,-1.4603559136613908,0.619683716897313,-0.5099209966795429,-1.0619145761671351,-0.7637543841954746,1.5153451560998155,-1.239697740120469,-0.9120193141388351,-0.7172012436278214,-0.24103490430974617,-1.2791157143020693,0.7158516589155914,-0.536424357090162,-0.03757089026335811,0.8811654240880158,-0.03937063275622731,-1.3389272584298386,1.4648401078859143,-0.1256040288402401,0.880446081064266,-1.0708897569141202,-1.283582435214407,-1.2503795853073978,-0.5265364232791738,0.6183962572675172,0.746873244474863,0.4270253447992797,0.8960277953141887,-3.3880227151253393,-0.37013772274367346,0.031104410849243046,-1.5303947641303584,0.2991362781923693
-2.813754568691501,0.6254850393234447,0.9894454782123772,1.2447695151752902,-2.5590135820298507,-1.5592212998189052,-0.5919302146665562,-0.6408494129021426,0.8027666294638646,-0.5967225468053855,-0.08813610280271356,1.5461095705520091,-0.6823140706355942,0.8093780424089474,1.183642985537161,0.3109552275804827,-1.6316114497914955,1.4081318507599914,0.6922872609189064,0.6179182656483229,0.6025217558823723,1.5875852389279193,-0.6598888006535292,0.6421856227067297,0.1525606140468323,-0.4909519707066266,0.06699072677998628,1.8595077798854156,-1.1293241885373435,0.15403039974526572,-1.4235242141354767,1.7312347410355913,1.943912430347622,1.4882531770932643,0.08299094524006602,-0.24018862685249887,-0.6524959929959339,0.18097144140626312,-0.7828082652587347,3.78567948391749,0.8964203315550482,0.038726939326856384,1.5938639042691982,-0.19975166107983303
3.011025821772041,-1.5990492042477027,-0.160972156379507,-0.7062502245630208,1.784541398151534,1.9206445218091142,1.0244165982498394,0.9899412034808074,-0.5967225468053855,1.7225445144954132,-0.19461216310636817,-1.706683848192945,0.6886760964759507,-0.2677229793516309,-1.1636794533086843,-1.511341704159278,1.737991196503385,-1.3295814708600058,-1.4077341629599467,-1.016093788546952,0.14916711743128416,-1.1991620442252364,0.9553592631072693,-0.5251047444573955,0.09695498035418562,1.588005921196937,-0.014858045955218228,-1.004422079116318,2.2476717589681456,-0.12655834781181816,0.41194074173491924,-0.5053521795872347,-0.7593021977913177,-1.249893929888984,-1.2026219326007446,1.23446673671239,1.041212817033121,1.2938287255834267,1.253278370684386,-3.706864778856509,0.20020456102829415,0.12821127307758548,-1.8135358418954184,0.498772925416123
0.19101659805675206,0.1672687352878516,-0.22192409083582074,-0.18530747676529255,0.3601509872658456,0.06765415018312454,-0.03099165222626383,-0.031754587311654994,-0.08813610280271356,-0.19461216310636817,0.08486370084776197,-0.07672929871922753,0.0571617781054716,-0.13624350298612467,-0.10052533136423536,0.21318296991476635,0.09010279369351487,-0.11596270050607274,0.09858897265156984,0.04192782662975123,-0.18551890236313995,-0.20847444516485306,7.024028218350739e-4,-0.10466640280326468,-0.06164794131655891,-0.2129517913707922,-0.013510180451927345,-0.33968466823074706,-0.18351796391556238,0.005959278561014275,0.32094440138367514,-0.37365381708573686,-0.4196060064176609,-0.1778276927965981,0.20315014800128314,-0.16408980762907677,-0.01756247274258788,-0.33064087786569857,-0.03726534532383366,-0.3027926931346324,-0.29849937509475893,-0.04539148328305413,-0.09857930429336142,-0.05883706392857403
-5.882973432972266,1.6948413741283468,1.6517562560741657,2.3071496820345074,-4.9289860591225425,-3.3812692868595433,-1.416680797861084,-1.4603559136613908,1.5461095705520091,-1.706683848192945,-0.07672929871922753,3.2429111094757666,-1.4128660560873896,1.3952951595241359,2.4303562024041176,1.1695002594714672,-3.388466018288147,2.852432773761411,1.7276742559462186,1.4347556653384472,0.899906766845507,3.1019218288808794,-1.4929831115339065,1.298466382410217,0.204060656670065,-1.461457840671273,0.1124781192034093,3.4717005647246664,-2.769923793254981,0.2836911330137559,-2.491124990464523,3.017866021165456,3.5083612641064517,2.968098464704685,0.6745951591561385,-0.945924140885489,-1.5231560194391633,-0.25487656796788505,-1.8148585286804966,7.746322255691605,1.3711875257350565,0.017128284172841166,3.3931654897342174,-0.528523865442866
2.5826666911113185,-0.6885067713500398,-0.7562252194068286,-1.0306910062019072,2.2068459075451377,1.4782461301034393,0.6069897096201882,0.619683716897313,-0.6823140706355942,0.6886760964759507,0.0571617781054716,-1.4128660560873896,0.6241785295332202,-0.6227976893523363,-1.0716011330671973,-0.4580836879940469,1.4774101320534634,-1.2535550288924513,-0.7208541025703158,-0.6068062581939571,-0.42616391678761945,-1.3863675321119284,0.6457475990208903,-0.5914692864642672,-0.10176719704784598,0.5753490096804454,-0.05091988623826712,-1.5782100969583315,1.141481636658663,-0.11456830975548207,1.147689017823816,-1.3829689160906788,-1.6139836790525577,-1.3231860929681234,-0.2499778772552678,0.3760891460455817,0.6557017074161031,0.031220834221087575,0.7736340510685167,-3.4064012847228384,-0.6596487156204953,-0.020201052540468067,-1.4904075283046936,0.21143286853385213
-2.532150558414564,0.339478306520432,1.1509266836403704,1.3092737180187444,-2.5599017036600946,-1.3248248310919852,-0.4227351950386551,-0.5099209966795429,0.8093780424089474,-0.2677229793516309,-0.13624350298612467,1.3952951595241359,-0.6227976893523363,0.9228685416201512,1.0931722624247047,-0.03309530453007808,-1.4915643572371253,1.3281750342783258,0.45765693695384135,0.47389982011651016,0.7659454312652089,1.5602205626770715,-0.5225535049603437,0.5941281776330279,0.2066611820600812,-0.19186050161485937,0.07744414185691267,1.9195819268877068,-0.7907913235967109,0.17171353007001142,-1.5731812742194264,1.9270909646700314,2.0776965767998488,1.4220175104725277,-0.2333221807690529,0.05635842858613735,-0.49078042032614216,0.5369634246740236,-0.6020343826837748,3.5202935166145175,1.1083611558832869,0.07193756689754036,1.3951415166605354,-0.11855202211358513
-4.441408101584428,1.1674775515432851,1.3268652533275287,1.792212756781732,-3.817996916824143,-2.5337687179958825,-1.0321711678251206,-1.0619145761671351,1.183642985537161,-1.1636794533086843,-0.10052533136423536,2.4303562024041176,-1.0716011330671973,1.0931722624247047,1.8447662105172307,0.759575584263248,-2.545325249174968,2.163294385216977,1.227796527315366,1.0389550727253758,0.753588183112705,2.3942882111508235,-1.104844534230437,1.0138613159501002,0.18100257212217005,-0.9723077190975793,0.08967630178554029,2.733153256532083,-1.9507987871435362,0.2036055969440089,-1.998299394111984,2.411224427976971,2.7998419084906985,2.282005912276904,0.40092010898125896,-0.6199130890637121,-1.1166578493235428,-0.02412913344929129,-1.3208873288814915,5.868977489063189,1.1599310586679221,0.03473906438847875,2.556186151645549,-0.36020178330335223
-2.0513329088225443,1.3746284759689733,-0.19420375280447633,0.2650173266471397,-0.9059699597566804,-1.396938587275327,-0.8284547510366881,-0.7637543841954746,0.3109552275804827,-1.511341704159278,0.21318296991476635,1.1695002594714672,-0.4580836879940469,-0.03309530453007808,0.759575584263248,1.4102891208119077,-1.1683633226265904,0.8396850199717522,1.1662848647731678,0.798643614649025,-0.36549669474916857,0.656961117794508,-0.7340545723556415,0.3227789625461197,-0.15009838336607784,-1.404018966792288,-0.009616545982147024,0.37664052800745784,-1.8345336849984817,0.059257676981213016,0.07571270601130735,-0.09702859484504824,0.10621660135664508,0.7460137070056458,1.186377871707693,-1.165040266058476,-0.8243333846009947,-1.3480362947735194,-0.9838372894968266,2.4013990670837555,-0.5063143243416942,-0.13605261553056325,1.277988939282462,-0.422513709492706
6.152376199675251,-1.7329684305382467,-1.7723417498425689,-2.4435056759351177,5.197621041281023,3.5232659304720206,1.4618049878056818,1.5153451560998155,-1.6316114497914955,1.737991196503385,0.09010279369351487,-3.388466018288147,1.4774101320534634,-1.4915643572371253,-2.545325249174968,-1.1683633226265904,3.546480229343346,-2.9935073910739405,-1.779329488429104,-1.4872122745196248,-0.9780701887452707,-3.265710613597256,1.5500680963550872,-1.3603652045687138,-0.22545272590055807,1.485631651709095,-0.12095086234373179,-3.671650972291252,2.856711051129657,-0.30149386614482715,2.6549897921900745,-3.2181223170663036,-3.7235334145389225,-3.118984139935299,-0.6531559637010492,0.9415680907124188,1.5742412677323676,0.20224954277425916,1.877928148933259,-8.117248536925386,-1.4853531281069248,-0.022183358425327815,-3.539704516810806,0.542267282679001
-5.198880577987273,1.3434717580411493,1.605762458151572,2.13826869870965,-4.510282858269033,-2.9480615166386293,-1.1872795607404087,-1.239697740120469,1.4081318507599914,-1.3295814708600058,-0.11596270050607274,2.852432773761411,-1.2535550288924513,1.3281750342783258,2.163294385216977,0.8396850199717522,-2.9935073910739405,2.5491911686699114,1.4183422227524176,1.2103892994028187,0.9228827271078281,2.8220574380985215,-1.2799504518290117,1.1748318356366967,0.22294116771642636,-1.1165656135318216,0.10898727823469286,3.2283703838835605,-2.2742384830238027,0.2550356430921304,-2.3828650388663997,2.8852095020831356,3.315224264567652,2.6802052344226266,0.41517959269951527,-0.6756604674582504,-1.2877443222275984,0.01903254562920862,-1.5327049541181286,6.897193300063501,1.4011226616243277,0.040832397021515886,2.978985464859235,-0.41992346747870624
-3.091687725986762,1.3294303217273395,0.4511184631078318,0.920922019421891,-2.1422072643008594,-1.8939417575138777,-0.9258889282816287,-0.9120193141388351,0.6922872609189064,-1.4077341629599467,0.09858897265156984,1.7276742559462186,-0.7208541025703158,0.45765693695384135,1.227796527315366,1.1662848647731678,-1.779329488429104,1.4183422227524176,1.2239204892557034,0.9235927694146407,0.10120584586856989,1.3947214392796368,-0.9016643793013895,0.6013458522103192,-0.01458655649115725,-1.272194491357673,0.033263595246352806,1.3581343885719712,-1.9501759520220145,0.13405914411367678,-0.7871062443041571,0.9546491971283961,1.2182664023374112,1.3985578700320367,0.8753703318510968,-0.9522365586316297,-0.9579865172192018,-0.8350583599690423,-1.1472496749954653,3.909598527283873,0.1753338298971862,-0.07429981869457625,1.8296093673797096,-0.41404506462056345
-2.577913446273338,0.9741186277082532,0.5111288500002557,0.8627218121681628,-1.9272322947893294,-1.540770522748426,-0.7136235336855352,-0.7172012436278214,0.6179182656483229,-1.016093788546952,0.04192782662975123,1.4347556653384472,-0.6068062581939571,0.47389982011651016,1.0389550727253758,0.798643614649025,-1.4872122745196248,1.2103892994028187,0.9235927694146407,0.7192833554717324,0.20285384084044134,1.23645898431073,-0.714482345924477,0.5221795555086588,0.0262561603483854,-0.907922189173992,0.036367276894818105,1.2758174315010673,-1.4786781844594117,0.12003210935783662,-0.8198019639426583,0.995928529193363,1.2078110557647581,1.2157777212496834,0.5643070643251928,-0.6483162008708755,-0.7474372136867924,-0.4793742755411973,-0.8960766313659458,3.313069094982349,0.3163623019566903,-0.037967287217611105,1.5083225941693892,-0.30488809921621285
-1.6755370952364999,-0.05924053369177321,1.0111597254036386,1.0372130495157368,-1.9709505767138322,-0.8090960980765348,-0.16936218085754812,-0.24103490430974617,0.6025217558823723,0.14916711743128416,-0.18551890236313995,0.899906766845507,-0.42616391678761945,0.7659454312652089,0.753588183112705,-0.36549669474916857,-0.9780701887452707,0.9228827271078281,0.10120584586856989,0.20285384084044134,0.7321151854380615,1.1792412209466112,-0.27552793160207467,0.45561923031685064,0.2123757919591967,0.20135927117383556,0.06645845516600289,1.567247990819387,-0.1925421126172236,0.1125439043312626,-1.3671762751039844,1.6626045911683194,1.7738446869247275,1.045219245664933,-0.4729812226593323,0.31495905884673847,-0.22860629735683433,0.8011852404595485,-0.2737900076217194,2.4191463992146036,1.075556391093902,0.10249765078220344,0.8985319815438891,0.012884517280090574
-5.6984831658090584,1.2451488803211785,1.9422594748590294,2.4653256522274596,-5.15473846734952,-3.1842132331302473,-1.2195589279796835,-1.2791157143020693,1.5875852389279193,-1.1991620442252364,-0.20847444516485306,3.1019218288808794,-1.3863675321119284,1.5602205626770715,2.3942882111508235,0.656961117794508,-3.265710613597256,2.8220574380985215,1.3947214392796368,1.23645898431073,1.1792412209466112,3.206762041345509,-1.3507532784728113,1.346980407176766,0.3023476032544695,-0.9585682462726013,0.13020180229570635,3.7729668473754616,-2.2180214922780173,0.2690820186935578,-2.863475657388889,3.4553531268756403,3.9495827483623818,3.021052051873193,0.21579249062375433,-0.5332702942737555,-1.340468507329547,0.3716390427594801,-1.5816303548804145,7.62029310845527,1.800810169719206,0.09083147545616131,3.2512784782459034,-0.38421505779973253
2.7185019007339957,-0.9206842581777925,-0.601056656817234,-0.9471769017626438,2.1172639754786937,1.6117442836821756,0.7221655748858499,0.7158516589155914,-0.6598888006535292,0.9553592631072693,7.024028218350739e-4,-1.4929831115339065,0.6457475990208903,-0.5225535049603437,-1.104844534230437,-0.7340545723556415,1.5500680963550872,-1.2799504518290117,-0.9016643793013895,-0.714482345924477,-0.27552793160207467,-1.3507532784728113,0.7354522212398752,-0.5900828356414225,-0.051140471788531455,0.8298216958712301,-0.04158768930698219,-1.451051476956915,1.418293185337264,-0.1097223423740557,0.9692976611933607,-1.1637795227634202,-1.4164330578485347,-1.3208955784740388,-0.5035453300124985,0.6058524772159734,0.7621872872652228,0.3497227606665895,0.9002146337320995,-3.505948035547171,-0.44622605403037563,0.01685463263326888,-1.5907328244181014,0.281859005237909
-2.4229282501369207,0.5324764810679335,0.7631391684858915,0.9954963997967105,-2.152461580753816,-1.3781919141473504,-0.5413088974579017,-0.536424357090162,0.6421856227067297,-0.5251047444573955,-0.10466640280326468,1.298466382410217,-0.5914692864642672,0.5941281776330279,1.0138613159501002,0.3227789625461197,-1.3603652045687138,1.1748318356366967,0.6013458522103192,0.5221795555086588,0.45561923031685064,1.346980407176766,-0.5900828356414225,0.6030189740549171,0.1184846401903122,-0.40304470135308523,0.05031786603394725,1.589665882590658,-0.9141121513122344,0.08271917841564413,-1.1809310436663638,1.405043392913484,1.661931149981973,1.2827848193038118,0.1487016859111394,-0.2801786374116487,-0.5904728226245041,0.13164482200291558,-0.6780393604121926,3.199166681406537,0.7318540161707143,0.04383348021153438,1.401301221076814,-0.15429270729899375
-0.390340413799942,-0.0681172498549547,0.28216903608193017,0.2728075819114858,-0.5109511066161156,-0.17618192099482233,-0.01869023612738473,-0.03757089026335811,0.1525606140468323,0.09695498035418562,-0.06164794131655891,0.204060656670065,-0.10176719704784598,0.2066611820600812,0.18100257212217005,-0.15009838336607784,-0.22545272590055807,0.22294116771642636,-0.01458655649115725,0.0262561603483854,0.2123757919591967,0.3023476032544695,-0.051140471788531455,0.1184846401903122,0.06385716251188331,0.10944189752964607,0.018406226884327647,0.4210600697597978,0.01903637184202551,0.025150791494084983,-0.38003717328403364,0.4599384690417977,0.4885578653452596,0.2635273538260746,-0.16977255446855524,0.1255707997519032,-0.034858238998329356,0.27115174954955384,-0.039645973958591145,0.5793004328833669,0.31507026696176205,0.03407300947089883,0.20454970386999857,0.020512259460905846
2.544755762650561,-1.4713022049573534,-0.058601745042420626,-0.5477955132389448,1.4075172976431973,1.640988743530507,0.9025567442156552,0.8811654240880158,-0.4909519707066266,1.588005921196937,-0.2129517913707922,-1.461457840671273,0.5753490096804454,-0.19186050161485937,-0.9723077190975793,-1.404018966792288,1.485631651709095,-1.1165656135318216,-1.272194491357673,-0.907922189173992,0.20135927117383556,-0.9585682462726013,0.8298216958712301,-0.40304470135308523,0.10944189752964607,1.4850399905823763,-0.008416575558914993,-0.7279633959341212,2.054208897761168,-0.12174514920782818,0.2257298422421908,-0.29125245379035164,-0.4786206756104525,-1.0126499875504626,-1.126456730458655,1.1372376713292818,0.9113194073833127,1.271961900909114,1.1096394613727512,-3.113226257750984,0.3001080598419254,0.1342516973147232,-1.5343561956778078,0.4650369328285404
-0.20678999322283895,0.021362687868731748,0.0984206498639005,0.10944122499608136,-0.21424119382789117,-0.10724218651419605,-0.03235880320825808,-0.03937063275622731,0.06699072677998628,-0.014858045955218228,-0.013510180451927345,0.1124781192034093,-0.05091988623826712,0.07744414185691267,0.08967630178554029,-0.009616545982147024,-0.12095086234373179,0.10898727823469286,0.033263595246352806,0.036367276894818105,0.06645845516600289,0.13020180229570635,-0.04158768930698219,0.05031786603394725,0.018406226884327647,-0.008416575558914993,0.006677188094959763,0.16277850295834195,-0.056628403184031506,0.013278016876791891,-0.1349485964541007,0.16456805636046876,0.17781653216507182,0.11852665165605951,-0.024965666127956778,0.009936636036539378,-0.03799548625897457,0.05312805135720594,-0.046145728299953614,0.28817724758133634,0.09738312758259757,0.006807666637201525,0.11336645461368453,-0.007533907967139747
-6.428920068634448,1.1001769008439455,2.4524217467828304,2.9595862359670564,-6.109150572245025,-3.5223739822427214,-1.2592380869263202,-1.3389272584298386,1.8595077798854156,-1.004422079116318,-0.33968466823074706,3.4717005647246664,-1.5782100969583315,1.9195819268877068,2.733153256532083,0.37664052800745784,-3.671650972291252,3.2283703838835605,1.3581343885719712,1.2758174315010673,1.567247990819387,3.7729668473754616,-1.451051476956915,1.589665882590658,0.4210600697597978,-0.7279633959341212,0.16277850295834195,4.574672492769429,-2.1443891318046995,0.29948728004492875,-3.5765869341387475,4.306896490532951,4.882576911687828,3.5202152113438148,-0.09284029749969866,-0.30877914915938426,-1.4108309653458688,0.8952253439808394,-1.650800435815531,8.6883711595791,2.3957518877055537,0.1611421338864415,3.642995601504697,-0.3340808498478648
4.90459115277357,-2.133715812194878,-0.762694017449043,-1.5065003100138463,3.418008977551069,2.982765609674637,1.4543125406980792,1.4648401078859143,-1.1293241885373435,2.2476717589681456,-0.18351796391556238,-2.769923793254981,1.141481636658663,-0.7907913235967109,-1.9507987871435362,-1.8345336849984817,2.856711051129657,-2.2742384830238027,-1.9501759520220145,-1.4786781844594117,-0.1925421126172236,-2.2180214922780173,1.418293185337264,-0.9141121513122344,0.01903637184202551,2.054208897761168,-0.056628403184031506,-2.1443891318046995,3.159462014885339,-0.2496998501565334,1.2594388064619022,-1.551704884144032,-1.9165747882761397,-2.2099516216008177,-1.3537850390941866,1.4773035280852838,1.5078177826555341,1.3372691591776715,1.8281215442402785,-6.243409320551582,-0.2844751353298812,0.12686017585602272,-2.8856343072090502,0.6755982941565112
-0.48364159719420063,0.13552584197423978,0.18770844796064762,0.23390935745705413,-0.4389630572601016,-0.25780878400112006,-0.09744593833337943,-0.1256040288402401,0.15403039974526572,-0.12655834781181816,0.005959278561014275,0.2836911330137559,-0.11456830975548207,0.17171353007001142,0.2036055969440089,0.059257676981213016,-0.30149386614482715,0.2550356430921304,0.13405914411367678,0.12003210935783662,0.1125439043312626,0.2690820186935578,-0.1097223423740557,0.08271917841564413,0.025150791494084983,-0.12174514920782818,0.013278016876791891,0.29948728004492875,-0.2496998501565334,0.04941626352315944,-0.23610448115019833,0.3021355765349563,0.30522387031014814,0.24582706972662496,0.00741131861647498,-0.03315998655626114,-0.10844472263661231,0.002891306229586372,-0.1444467873153336,0.6710094411515973,0.14217582246869903,-0.002275963278700126,0.2638758845511408,-0.05012804685059999
4.629474653946904,-0.5284059846978711,-2.039743782745876,-2.3242044029467404,4.680742523676547,2.4577234547264912,0.7891043376004063,0.880446081064266,-1.4235242141354767,0.41194074173491924,0.32094440138367514,-2.491124990464523,1.147689017823816,-1.5731812742194264,-1.998299394111984,0.07571270601130735,2.6549897921900745,-2.3828650388663997,-0.7871062443041571,-0.8198019639426583,-1.3671762751039844,-2.863475657388889,0.9692976611933607,-1.1809310436663638,-0.38003717328403364,0.2257298422421908,-0.1349485964541007,-3.5765869341387475,1.2594388064619022,-0.23610448115019833,2.901230576447123,-3.502406424662769,-3.894144941388917,-2.6324290842261586,0.39936682643104404,-0.07093230661301567,0.9121425637002881,-1.0733129226063673,1.069141236105499,-6.366307432186414,-2.063302638160726,-0.16213390870010497,-2.586551235322395,0.1631230667942357
-5.583586465249232,0.6503940922615032,2.4811352574352306,2.8234881146659756,-5.652902493523287,-2.954426954615121,-0.9453496505291,-1.0708897569141202,1.7312347410355913,-0.5053521795872347,-0.37365381708573686,3.017866021165456,-1.3829689160906788,1.9270909646700314,2.411224427976971,-0.09702859484504824,-3.2181223170663036,2.8852095020831356,0.9546491971283961,0.995928529193363,1.6626045911683194,3.4553531268756403,-1.1637795227634202,1.405043392913484,0.4599384690417977,-0.29125245379035164,0.16456805636046876,4.306896490532951,-1.551704884144032,0.3021355765349563,-3.502406424662769,4.23963271920183,4.686484953186336,3.1703768838488,-0.4963598610723127,0.09995261319177771,-1.0946311781526863,1.2861056105785387,-1.2935865437499223,7.696925265120442,2.4895166156596904,0.19069249637071548,3.1114298192688907,-0.20622313816376045
-6.528722700531659,0.8912582515759403,2.6934012270817127,3.14482651172048,-6.426845501758036,-3.521724155870374,-1.1895131757174662,-1.283582435214407,1.943912430347622,-0.7593021977913177,-0.4196060064176609,3.5083612641064517,-1.6139836790525577,2.0776965767998488,2.7998419084906985,0.10621660135664508,-3.7235334145389225,3.315224264567652,1.2182664023374112,1.2078110557647581,1.7738446869247275,3.9495827483623818,-1.4164330578485347,1.661931149981973,0.4885578653452596,-0.4786206756104525,0.17781653216507182,4.882576911687828,-1.9165747882761397,0.30522387031014814,-3.894144941388917,4.686484953186336,5.276795272153818,3.6579344767280375,-0.35147058683140353,-0.08899507000194658,-1.3548391079608884,1.2654712872840344,-1.576966384416659,8.897419582397816,2.707320883533387,0.20701250241467986,3.6786487443230724,-0.26735776028044994
-5.4573746690882325,1.276546829182468,1.7631401862127691,2.290311890171196,-4.84008421435544,-3.07874481629818,-1.2083836573548827,-1.2503795853073978,1.4882531770932643,-1.249893929888984,-0.1778276927965981,2.968098464704685,-1.3231860929681234,1.4220175104725277,2.282005912276904,0.7460137070056458,-3.118984139935299,2.6802052344226266,1.3985578700320367,1.2157777212496834,1.045219245664933,3.021052051873193,-1.3208955784740388,1.2827848193038118,0.2635273538260746,-1.0126499875504626,0.11852665165605951,3.5202152113438148,-2.2099516216008177,0.24582706972662496,-2.6324290842261586,3.1703768838488,3.6579344767280375,2.8623642789863637,0.3218782990642598,-0.6118881423148103,-1.3186601492366945,0.2150384843118549,-1.552180052436554,7.254403716418312,1.6112671146893887,0.07162276629695193,3.1269759823053835,-0.39123193403658474
-1.1741793092397872,1.0716926617932487,-0.4134515158842914,-0.06416011158541067,-0.20883719566631953,-0.8878252916431438,-0.6036030592743582,-0.5265364232791738,0.08299094524006602,-1.2026219326007446,0.20315014800128314,0.6745951591561385,-0.2499778772552678,-0.2333221807690529,0.40092010898125896,1.186377871707693,-0.6531559637010492,0.41517959269951527,0.8753703318510968,0.5643070643251928,-0.4729812226593323,0.21579249062375433,-0.5035453300124985,0.1487016859111394,-0.16977255446855524,-1.126456730458655,-0.024965666127956778,-0.09284029749969866,-1.3537850390941866,0.00741131861647498,0.39936682643104404,-0.4963598610723127,-0.35147058683140353,0.3218782990642598,1.0452720458430935,-0.989139983681571,-0.5849419926372466,-1.2378299307524605,-0.6915294721592108,1.2496200657112153,-0.6595199550553802,-0.12812135110405512,0.772111265890739,-0.32494123991562307
1.6774514211612983,-1.1180020308551735,0.18242393366535023,-0.19570767772903624,0.7291885840817339,1.1521545488879987,0.685551514632396,0.6183962572675172,-0.24018862685249887,1.23446673671239,-0.16408980762907677,-0.945924140885489,0.3760891460455817,0.05635842858613735,-0.6199130890637121,-1.165040266058476,0.9415680907124188,-0.6756604674582504,-0.9522365586316297,-0.6483162008708755,0.31495905884673847,-0.5332702942737555,0.6058524772159734,-0.2801786374116487,0.1255707997519032,1.1372376713292818,0.009936636036539378,-0.30877914915938426,1.4773035280852838,-0.03315998655626114,-0.07093230661301567,0.09995261319177771,-0.08899507000194658,-0.6118881423148103,-0.989139983681571,0.9712633660556301,0.6815022988937931,1.1031993694738973,0.8039019986716655,-1.9464324013587364,0.42138637248723376,0.10713678944162368,-1.0535721591024816,0.3387373886210264
2.761313492725536,-0.9964253972177525,-0.5502218272389682,-0.9213944563695261,2.0887064578319388,1.6536441074236485,0.760812058759574,0.746873244474863,-0.6524959929959339,1.041212817033121,-0.01756247274258788,-1.5231560194391633,0.6557017074161031,-0.49078042032614216,-1.1166578493235428,-0.8243333846009947,1.5742412677323676,-1.2877443222275984,-0.9579865172192018,-0.7474372136867924,-0.22860629735683433,-1.340468507329547,0.7621872872652228,-0.5904728226245041,-0.034858238998329356,0.9113194073833127,-0.03799548625897457,-1.4108309653458688,1.5078177826555341,-0.10844472263661231,0.9121425637002881,-1.0946311781526863,-1.3548391079608884,-1.3186601492366945,-0.5849419926372466,0.6815022988937931,0.7995644749567059,0.4522894655817609,0.944246141096412,-3.5412623582190808,-0.37753108061312196,0.02522341653173835,-1.6259794105790895,0.30447602920897027
0.32930863480375205,-1.1303325917519296,0.8617352865966801,0.5295908131722626,-0.7593744989702496,0.45226032192147114,0.49844241318905436,0.4270253447992797,0.18097144140626312,1.2938287255834267,-0.33064087786569857,-0.25487656796788505,0.031220834221087575,0.5369634246740236,-0.02412913344929129,-1.3480362947735194,0.20224954277425916,0.01903254562920862,-0.8350583599690423,-0.4793742755411973,0.8011852404595485,0.3716390427594801,0.3497227606665895,0.13164482200291558,0.27115174954955384,1.271961900909114,0.05312805135720594,0.8952253439808394,1.3372691591776715,0.002891306229586372,-1.0733129226063673,1.2861056105785387,1.2654712872840344,0.2150384843118549,-1.2378299307524605,1.1031993694738973,0.4522894655817609,1.655125777326466,0.5611460389056183,-0.08020458853016747,1.1919787729362847,0.19265136674355768,-0.29573907696947416,0.35491960401149963
3.2676276983293624,-1.2026403573502902,-0.6607632873132407,-1.102040507593981,2.467190661236776,1.9505938516474484,0.8985487057763223,0.8960277953141887,-0.7828082652587347,1.253278370684386,-0.03726534532383366,-1.8148585286804966,0.7736340510685167,-0.6020343826837748,-1.3208873288814915,-0.9838372894968266,1.877928148933259,-1.5327049541181286,-1.1472496749954653,-0.8960766313659458,-0.2737900076217194,-1.5816303548804145,0.9002146337320995,-0.6780393604121926,-0.039645973958591145,1.1096394613727512,-0.046145728299953614,-1.650800435815531,1.8281215442402785,-0.1444467873153336,1.069141236105499,-1.2935865437499223,-1.576966384416659,-1.552180052436554,-0.6915294721592108,0.8039019986716655,0.944246141096412,0.5611460389056183,1.1255755619788632,-4.203403153450308,-0.43374950930735207,0.037334356246642185,-1.9167838225576503,0.37290623193099176
-14.1269515461673,3.7257827909409387,4.254099436797705,5.730511360548443,-12.158564876970411,-8.044816525787002,-3.2718494293944023,-3.3880227151253393,3.78567948391749,-3.706864778856509,-0.3027926931346324,7.746322255691605,-3.4064012847228384,3.5202935166145175,5.868977489063189,2.4013990670837555,-8.117248536925386,6.897193300063501,3.909598527283873,3.313069094982349,2.4191463992146036,7.62029310845527,-3.505948035547171,3.199166681406537,0.5793004328833669,-3.113226257750984,0.28817724758133634,8.6883711595791,-6.243409320551582,0.6710094411515973,-6.366307432186414,7.696925265120442,8.897419582397816,7.254403716418312,1.2496200657112153,-1.9464324013587364,-3.5412623582190808,-0.08020458853016747,-4.203403153450308,18.693191449373806,3.696589595241612,0.10368661854821444,8.117625900306775,-1.1572990429373133
-2.59302710203715,-0.07554126366942908,1.4904736266687242,1.5433265254445705,-2.996932353796442,-1.2799517641303275,-0.2895019321088056,-0.37013772274367346,0.8964203315550482,0.20020456102829415,-0.29849937509475893,1.3711875257350565,-0.6596487156204953,1.1083611558832869,1.1599310586679221,-0.5063143243416942,-1.4853531281069248,1.4011226616243277,0.1753338298971862,0.3163623019566903,1.075556391093902,1.800810169719206,-0.44622605403037563,0.7318540161707143,0.31507026696176205,0.3001080598419254,0.09738312758259757,2.3957518877055537,-0.2844751353298812,0.14217582246869903,-2.063302638160726,2.4895166156596904,2.707320883533387,1.6112671146893887,-0.6595199550553802,0.42138637248723376,-0.37753108061312196,1.1919787729362847,-0.43374950930735207,3.696589595241612,1.614029588807018,0.15972995278943727,1.4091284670061404,0.024546981895438722
-0.05126194168804395,-0.11069374835133491,0.11647234323826186,0.08949028599432875,-0.161329773718469,-0.0025379855977160316,0.03285246072338532,0.031104410849243046,0.038726939326856384,0.12821127307758548,-0.04539148328305413,0.017128284172841166,-0.020201052540468067,0.07193756689754036,0.03473906438847875,-0.13605261553056325,-0.022183358425327815,0.040832397021515886,-0.07429981869457625,-0.037967287217611105,0.10249765078220344,0.09083147545616131,0.01685463263326888,0.04383348021153438,0.03407300947089883,0.1342516973147232,0.006807666637201525,0.1611421338864415,0.12686017585602272,-0.002275963278700126,-0.16213390870010497,0.19069249637071548,0.20701250241467986,0.07162276629695193,-0.12812135110405512,0.10713678944162368,0.02522341653173835,0.19265136674355768,0.037334356246642185,0.10368661854821444,0.15972995278943727,0.02688809181636832,0.02276037820372937,0.0373694591410369
-6.200004690040073,1.787807005564205,1.6736686658870097,2.3734786265265893,-5.152010649698403,-3.5899979831492224,-1.51695227698094,-1.5303947641303584,1.5938639042691982,-1.8135358418954184,-0.09857930429336142,3.3931654897342174,-1.4904075283046936,1.3951415166605354,2.556186151645549,1.277988939282462,-3.539704516810806,2.978985464859235,1.8296093673797096,1.5083225941693892,0.8985319815438891,3.2512784782459034,-1.5907328244181014,1.401301221076814,0.20454970386999857,-1.5343561956778078,0.11336645461368453,3.642995601504697,-2.8856343072090502,0.2638758845511408,-2.586551235322395,3.1114298192688907,3.6786487443230724,3.1269759823053835,0.772111265890739,-1.0535721591024816,-1.6259794105790895,-0.29573907696947416,-1.9167838225576503,8.117625900306775,1.4091284670061404,0.02276037820372937,3.595241461167165,-0.5469301311469716
0.9228225318298531,-0.4684781507225806,-0.09039386603076742,-0.24774142808531469,0.5809185664655665,0.5749621176280895,0.29771437015276714,0.2991362781923693,-0.19975166107983303,0.498772925416123,-0.05883706392857403,-0.528523865442866,0.21143286853385213,-0.11855202211358513,-0.36020178330335223,-0.422513709492706,0.542267282679001,-0.41992346747870624,-0.41404506462056345,-0.30488809921621285,0.012884517280090574,-0.38421505779973253,0.281859005237909,-0.15429270729899375,0.020512259460905846,0.4650369328285404,-0.007533907967139747,-0.3340808498478648,0.6755982941565112,-0.05012804685059999,0.1631230667942357,-0.20622313816376045,-0.26735776028044994,-0.39123193403658474,-0.32494123991562307,0.3387373886210264,0.30447602920897027,0.35491960401149963,0.37290623193099176,-1.1572990429373133,0.024546981895438722,0.0373694591410369,-0.5469301311469716,0.14981877457796128
