V1,V2,V3,V4,V5,V6,V7,V8,V9,V10,V11,V12,V13,V14,V15,V16,V17,V18,V19,V20,V21,V22,V23,V24,V25,V26,V27,V28,V29,V30,V31,V32,V33,V34,V35,V36,V37,V38,V39,V40,V41,V42,V43,V44
55.751245190233206,34.39413669447242,84.55209463362993,71.707245747104,7.453449835010522,76.92541288795402,45.57275854861907,-23.71061848068403,50.7074327085279,-13.634695329586155,58.344398872757196,24.768228590223544,20.509510189518927,122.20919720269325,-18.47889451203162,-45.765605431716246,-38.16293637571009,24.454815553678646,4.018428772429442,16.971834606388523,56.77145198387247,-19.148615624245515,38.15469900218392,-97.3275488058307,6.87541443157895,-63.064658903028935,7.767398289946603,-56.97976727354179,-110.87664009151514,74.17135007048964,1.3404353143786951,47.96823579503023,-70.82966747437096,-45.40297151781197,-79.21840297651325,81.13721630139867,43.52599317397925,-24.194831517270586,4.282334893653793,8.469525332570761,-0.48295771432072643,-23.02962383069342,-71.60817113003773,-35.09651574245324
34.39413669447242,22.10398172376251,53.616285181353085,45.39865555431193,3.9332923567383964,48.22333168218679,28.663123823397548,-14.930025116848649,32.55329824992889,-8.925282436357966,37.001053824425796,16.016146051414786,12.993508269309947,77.60018671613331,-11.457947636236815,-28.71872415766376,-24.1489308059274,15.923102349946454,2.8257724748942703,10.940329773536572,35.86350416846606,-11.81226970718725,23.621797291154287,-61.38387355347728,4.238517718243321,-40.18584361890476,4.911236454768295,-35.38361682350939,-70.56699424677988,47.167459748050284,0.5999922265527762,30.461154012713976,-44.486314819913865,-27.972536471887068,-50.080347888949746,51.134160326636156,27.311422920524763,-15.20323010665625,2.5691386390708146,6.160016271483018,0.1256591129924829,-14.561097205124037,-44.916603511816255,-22.26694998368259
84.55209463362993,53.616285181353085,131.31701604917413,111.45145684847155,10.069705037864013,118.06607545987691,70.28777920676556,-36.97441094108985,79.01130278061477,-21.55412298344498,90.220677687637,38.84934955711963,31.708673191324046,189.49400514940154,-28.048839218491697,-70.63002765253167,-59.71830181217947,38.69174254165063,6.790381865537347,26.75645480173444,87.95358208467894,-28.92523009613703,58.30019423857221,-150.29414606560925,10.638118924904907,-97.9417262277091,12.08137757715984,-87.062735795633,-172.2698992107034,114.94570299796099,1.4069744683769274,74.85704343106734,-108.7328529225607,-69.19105382698748,-122.47387527015358,125.42643820787981,67.16234004387537,-37.367421534618735,6.416166063281119,14.884352137885767,-0.18704952474417438,-35.90494158616733,-110.11907369956329,-54.40182650974919
71.707245747104,45.39865555431193,111.45145684847155,95.10202219578322,8.577909964114914,100.0656437800408,59.68527845391436,-31.938437584336977,66.55932505235982,-18.386925887753854,76.17587531041568,32.94170153615045,26.939537634939914,160.47798682300882,-23.682543638575254,-60.03729472453872,-51.364574141964525,32.75492306286247,5.769764669065396,22.863617807887554,74.83369099646903,-24.521104599344284,49.623257287005856,-127.55908209272992,9.187871244242592,-82.89147115072858,10.28258500875787,-73.97292423246158,-146.26165421162887,97.30428239697683,1.1491725592815867,63.76036608907531,-91.99413803171939,-59.269312479451415,-103.7865237151275,106.54258930843949,57.153129313901445,-32.01976745328871,5.337059544793475,12.92679675451399,-0.5433076923084341,-30.79959823021428,-93.36789463404794,-46.07046058678801
7.453449835010522,3.9332923567383964,10.069705037864013,8.577909964114914,1.6197298144961683,9.660374036157485,5.57659530950881,-2.9609797494232506,5.701600780748644,-1.413087411304959,6.971339479410641,2.7378513882753692,2.3854713128566774,14.473236594654356,-2.4486566905360396,-5.670600938858286,-4.607131329790117,2.5668513806103332,0.21928919566050978,1.9099321263252087,6.897321760405775,-2.516130169894109,5.097856274533011,-11.906906028199941,0.941948926752901,-7.45902204717407,0.9253195612409685,-7.53117057642878,-13.075306578889837,8.717338073796784,0.3848478822355012,5.6910801304300085,-8.894033756976038,-6.183548498192666,-9.531309697619005,9.890482402804118,5.417564790734009,-3.081999023869091,0.5712715734385598,0.40075071020782116,-0.5093040250438944,-2.7521264438939483,-8.902528231986,-4.218611238602689
76.92541288795402,48.22333168218679,118.06607545987691,100.0656437800408,9.660374036157485,106.86620336193756,63.4191802604086,-33.03745719077474,71.11578980594665,-19.243201226753595,81.39995346986994,34.806065312762186,28.623248995707407,170.66652237465038,-25.56020503600138,-63.66889505735029,-53.27862290229892,34.51946839996805,5.853445984591987,23.86005567904807,79.14965834019289,-26.40505214254953,52.74256284587081,-135.5608569458222,9.5153383616685,-88.16009990726101,10.835797324459849,-78.83756617713883,-154.96087110241106,103.6260162665115,1.597963984965228,67.04725425591329,-98.42800839512087,-62.657516148446234,-110.4546987701016,113.00913220344785,60.53798764908197,-33.62240009840982,5.870245323311335,12.553290830195088,-0.27854124560760896,-32.15548184701226,-99.52590540111332,-48.98959153992717
45.57275854861907,28.663123823397548,70.28777920676556,59.68527845391436,5.57659530950881,63.4191802604086,37.803086884694935,-19.771658973819157,42.277321882301116,-11.546111737868385,48.325793905094535,20.616644193949703,17.20403044966178,101.49884268926237,-15.140021769099555,-37.91399193554039,-31.856006637693916,20.61418480740619,3.621999620924453,14.30410922776182,47.06928100814427,-15.74054562327496,31.19582841860674,-80.6422125180502,5.659648167826512,-52.38978652993592,6.4824607418813605,-46.74916034315771,-92.26476256201586,61.6524940965265,0.9173629672686051,39.90351125462663,-58.43312327550489,-37.192927022288124,-65.68840801540769,67.3059971844137,36.11108564282461,-20.040078825760173,3.5679581885680403,7.55470033198668,-0.13633114458409346,-19.3539531122949,-59.24504398173475,-29.098816404022024
-23.71061848068403,-14.930025116848649,-36.97441094108985,-31.938437584336977,-2.9609797494232506,-33.03745719077474,-19.771658973819157,11.172678411930864,-21.54094369960902,6.100095620057681,-24.85230119852252,-10.833397424708485,-8.873573314787285,-52.80692231503729,7.781622489875524,20.028499564007443,17.69590877058869,-10.762810596653361,-1.8567314405433792,-7.761368473885568,-24.999555909497346,8.016477358878346,-16.692463120570668,42.296348146045695,-3.265481130907212,27.302356998699306,-3.4393583709386983,24.741919472958152,48.470664979738245,-31.913534987957295,-0.293946405696772,-21.427954921653093,30.283136399362892,20.25277659301267,34.21001390038753,-35.39842795789922,-19.13379636640555,10.936270361672062,-1.6706529288809677,-4.571241440571841,0.6435651347480036,10.520569795440531,30.83948088444014,15.209178599984293
50.7074327085279,32.55329824992889,79.01130278061477,66.55932505235982,5.701600780748644,71.11578980594665,42.277321882301116,-21.54094369960902,48.34354572054726,-13.073895269900348,54.79628103390647,23.565286635651987,19.20693460169518,114.60783062116337,-16.92882511840374,-42.27832882788509,-35.09044330990218,23.52688156917229,4.221677905551464,15.96367229961246,52.67308574001003,-17.48846770266068,34.60684754098269,-90.42216230783164,6.099948624534014,-59.26877436685574,7.234776502834433,-51.94975908496758,-103.8651629654935,69.69762574647298,0.91305757654671,44.685982753864224,-65.66080611826874,-40.70716135491547,-73.9409270173918,75.32286116048441,40.13882493749751,-22.106625663608096,3.93941264541022,8.798323649086141,0.562362933796724,-21.261162497501317,-66.31335527702697,-32.836529428410444
-13.634695329586155,-8.925282436357966,-21.55412298344498,-18.386925887753854,-1.413087411304959,-19.243201226753595,-11.546111737868385,6.100095620057681,-13.073895269900348,3.7283580614493586,-14.798643147764299,-6.440014543999434,-5.343718295143592,-31.166093681599488,4.5285339751791085,11.508537384898963,9.844243747328672,-6.4779723019048925,-1.2668167209783572,-4.488264255894354,-14.397026508918781,4.7675102835725705,-9.322352946945857,24.650882143285497,-1.679797608661639,16.138239301202823,-1.9898553198502296,14.060609579364776,28.49506369416757,-18.992330420126557,-0.2340822752990566,-12.225826320524833,17.76773437982291,11.166896587214717,20.084949250160275,-20.555751807806686,-10.998878915647897,6.172921998924711,-1.032039630472364,-2.6192892774174314,-0.07371480447418843,6.004186756683206,18.02634361008485,8.918581680792508
58.344398872757196,37.001053824425796,90.220677687637,76.17587531041568,6.971339479410641,81.39995346986994,48.325793905094535,-24.85230119852252,54.79628103390647,-14.798643147764299,62.46806126230911,26.81413242175402,21.80107503418643,130.66054309453344,-19.39300713391455,-48.41175208895737,-40.38067614188925,26.62323225704645,4.672585980230477,18.182801014387163,60.28558958433494,-20.03277139001067,39.96563251294034,-103.37399782071176,7.1094752569843935,-67.55595454326667,8.269741851378566,-59.813878870131305,-118.46291449932396,79.34913229932937,1.1247903885824444,51.15065438105189,-75.0949436868507,-47.10713090966752,-84.38355437245255,86.13787304284683,45.975497279045804,-25.44838482255392,4.474378492710806,9.859257452926315,0.22120473045161537,-24.319630004490207,-75.84809288306421,-37.49213028608955
24.768228590223544,16.016146051414786,38.84934955711963,32.94170153615045,2.7378513882753692,34.806065312762186,20.616644193949703,-10.833397424708485,23.565286635651987,-6.440014543999434,26.81413242175402,11.867135376163843,9.139003752904639,56.20544835771668,-8.144342240520183,-20.70175152530012,-17.660621844688865,11.565135959805442,2.0236911157876882,7.854340666126364,26.041479342220192,-8.352609009242693,17.234481591331797,-44.3170571740573,3.1051425652369193,-29.09554045261534,3.5449560734999506,-25.54483249651981,-51.0647352937405,34.063053375154524,0.31032226741486035,22.27042582254083,-31.985497826376452,-20.203235914099604,-36.20342644249693,36.91176045746157,19.57786523779474,-10.990944246100053,1.6877603948378794,4.845842908101364,0.10345027470277723,-10.33464382713066,-32.271523664432586,-16.144375995708938
20.509510189518927,12.993508269309947,31.708673191324046,26.939537634939914,2.3854713128566774,28.623248995707407,17.20403044966178,-8.873573314787285,19.20693460169518,-5.343718295143592,21.80107503418643,9.139003752904639,8.116335292365763,45.88548462453976,-6.891385127983794,-17.140384501604135,-14.209160708128223,9.365253179104707,1.750073544363474,6.5461964779468955,21.152487780236225,-7.30020326962111,13.764632057653706,-36.48106130038558,2.461282959801553,-23.649735471012924,2.946139095632831,-20.929977380602836,-41.791896421127994,28.020784285564798,0.50646752781764115,17.800119569196813,-26.4611994217776,-16.616533223699253,-29.731481289246624,30.470497426456145,16.42601410356287,-9.023447222913445,1.7590566655432738,3.1957836403288447,0.08172386811136445,-8.958512591073964,-26.923081979593974,-13.087919832518633
122.20919720269325,77.60018671613331,189.49400514940154,160.47798682300882,14.473236594654356,170.66652237465038,101.49884268926237,-52.80692231503729,114.60783062116337,-31.166093681599488,130.66054309453344,56.20544835771668,45.88548462453976,273.9896283439333,-40.59665277064792,-101.79995879443791,-85.48712096049667,55.91631125356281,9.826128877496181,38.440003555397666,126.78066759617721,-41.949796766456124,83.91121463451907,-217.0296144240486,15.115141204887918,-141.60797564584394,17.404973098023397,-125.51010128911149,-248.81229739524693,166.36170916886041,2.205246357182213,107.69587481020274,-157.28258056159132,-99.35238496446436,-177.02898416054407,180.9735278799047,96.74971021741409,-53.69590219098541,9.32163881860983,21.126103595288292,0.16268646529013556,-51.51813804002504,-159.11178401883473,-78.602267525706
-18.47889451203162,-11.457947636236815,-28.048839218491697,-23.682543638575254,-2.4486566905360396,-25.56020503600138,-15.140021769099555,7.781622489875524,-16.92882511840374,4.5285339751791085,-19.39300713391455,-8.144342240520183,-6.891385127983794,-40.59665277064792,6.205298490180423,15.196887607023527,12.48522875844622,-8.147523251905431,-1.333591119461047,-5.659788701492776,-18.790604894768162,6.387206986391825,-12.558849159318598,32.32090897059911,-2.2457005783803803,20.98435156757197,-2.569305995151287,18.87265360847042,36.817365102653184,-24.691708981599895,-0.4642770794840989,-15.819621216561709,23.60149750163049,14.970258913398522,26.324598376441003,-26.925912718913803,-14.483189400333947,7.974877045638416,-1.479244682244846,-2.696280890159921,0.08204160390772977,7.669142370547103,23.816996661969586,11.656561225350648
-45.765605431716246,-28.71872415766376,-70.63002765253167,-60.03729472453872,-5.670600938858286,-63.66889505735029,-37.91399193554039,20.028499564007443,-42.27832882788509,11.508537384898963,-48.41175208895737,-20.70175152530012,-17.140384501604135,-101.79995879443791,15.196887607023527,38.14953131408994,32.20449278780082,-20.666430295405295,-3.548308941959228,-14.402036986230586,-47.37553804047734,15.68005256821729,-31.517975865460798,80.9617636052637,-5.792708157021332,52.563555445009264,-6.508135372310678,47.073685204148845,92.57293828695477,-61.74743731302716,-0.8273980784971409,-40.25852272125425,58.5988988543376,37.58448262940122,65.91118456300832,-67.61309894516515,-36.31528823775198,20.178595221567807,-3.5292553986212494,-7.729566865135174,0.297419390542325,19.45689728912222,59.41314168757836,29.22497510834037
-38.16293637571009,-24.1489308059274,-59.71830181217947,-51.364574141964525,-4.607131329790117,-53.27862290229892,-31.856006637693916,17.69590877058869,-35.09044330990218,9.844243747328672,-40.38067614188925,-17.660621844688865,-14.209160708128223,-85.48712096049667,12.48522875844622,32.20449278780082,28.320755284138855,-17.490295590590808,-3.0964453412487347,-12.396475499005529,-40.2555462393814,12.879756138272981,-26.83243238885865,68.17964169283464,-5.157756046600329,44.179341639555446,-5.538464857902866,39.7306533114354,78.2276378164354,-51.64974073057657,-0.4333111314831181,-34.540968678280784,48.850451306574584,32.23025875632734,55.28035000667111,-57.03715672656321,-30.675583715805747,17.446999450393964,-2.693400591331681,-7.461686222947135,0.7379660432657125,16.72069129051449,49.720915166123184,24.60748783170063
24.454815553678646,15.923102349946454,38.69174254165063,32.75492306286247,2.5668513806103332,34.51946839996805,20.61418480740619,-10.762810596653361,23.52688156917229,-6.4779723019048925,26.62323225704645,11.565135959805442,9.365253179104707,55.91631125356281,-8.147523251905431,-20.666430295405295,-17.490295590590808,11.617532967222278,2.162771504158197,7.949815073255623,25.81216255605538,-8.388838126932479,16.8489171203343,-44.11130082584974,3.0451334760899513,-28.94886134799193,3.5529380756450912,-25.247240496851852,-50.853807619393315,33.9639604191951,0.3005309759070904,22.025215193867943,-31.84522557315485,-19.900494903355604,-36.03358414299727,36.80763523718135,19.64774281221614,-10.88565012235981,1.8649163106954671,4.70012536817144,0.22192461036010758,-10.54981199442242,-32.24726354514289,-16.03439300405918
4.018428772429442,2.8257724748942703,6.790381865537347,5.769764669065396,0.21928919566050978,5.853445984591987,3.621999620924453,-1.8567314405433792,4.221677905551464,-1.2668167209783572,4.672585980230477,2.0236911157876882,1.750073544363474,9.826128877496181,-1.333591119461047,-3.548308941959228,-3.0964453412487347,2.162771504158197,0.5734038140750458,1.4561113347392183,4.432565751247108,-1.471471331243328,2.698428077694139,-7.661732778444781,0.4692675469200933,-5.091170781381767,0.6403061700681572,-4.181395488840914,-9.00108911286686,6.008222485656813,0.029129935897263204,3.794277493687306,-5.464827229709618,-3.2068861888535816,-6.265264768590272,6.412399060933514,3.41620297097392,-1.8895977112959808,0.3681635905981594,0.9551952197944172,0.1711886426508208,-1.948195637591803,-5.620416133173181,-2.794158041959817
16.971834606388523,10.940329773536572,26.75645480173444,22.863617807887554,1.9099321263252087,23.86005567904807,14.30410922776182,-7.761368473885568,15.96367229961246,-4.488264255894354,18.182801014387163,7.854340666126364,6.5461964779468955,38.440003555397666,-5.659788701492776,-14.402036986230586,-12.396475499005529,7.949815073255623,1.4561113347392183,5.622032785995632,17.939776554946203,-5.826136031685726,11.767416100698059,-30.564348961939007,2.215515564015238,-19.918306117016634,2.4761358895871495,-17.64049972118639,-35.1685451137016,23.329501781685913,0.21737145957698475,15.316844132702775,-22.004432431259207,-14.152335938048648,-24.839807302640452,25.553797028988765,13.77403784270769,-7.715888331277229,1.2980940904434055,3.2446249904548607,-0.1252146643960601,-7.537062868814542,-22.34064436698304,-11.042728698554537
56.77145198387247,35.86350416846606,87.95358208467894,74.83369099646903,6.897321760405775,79.14965834019289,47.06928100814427,-24.999555909497346,52.67308574001003,-14.397026508918781,60.28558958433494,26.041479342220192,21.152487780236225,126.78066759617721,-18.790604894768162,-47.37553804047734,-40.2555462393814,25.81216255605538,4.432565751247108,17.939776554946203,59.04990735751577,-19.344034598669666,39.27688223394948,-100.7075289043174,7.226426203580009,-65.51701782042595,8.087327630628732,-58.49897101362437,-115.3663529511818,76.86082597523912,0.9334329835888032,50.27741615660518,-72.7872776945918,-46.733302809623396,-81.99773308798407,84.05427302275193,45.04218390210473,-25.16327688404938,4.208800973197337,10.036871806582136,-0.3604268767937404,-24.092773052391436,-73.72113351015476,-36.419031162599296
-19.148615624245515,-11.81226970718725,-28.92523009613703,-24.521104599344284,-2.516130169894109,-26.40505214254953,-15.74054562327496,8.016477358878346,-17.48846770266068,4.7675102835725705,-20.03277139001067,-8.352609009242693,-7.30020326962111,-41.949796766456124,6.387206986391825,15.68005256821729,12.879756138272981,-8.388838126932479,-1.471471331243328,-5.826136031685726,-19.344034598669666,6.773553647350264,-12.835240838173716,33.425983334990626,-2.255603339635508,21.60128616818191,-2.6749982990417105,19.41782522608932,38.07718215608671,-25.585825237679785,-0.5879394321905672,-16.199852853720337,24.386031453064028,15.40972785169056,27.217777062260165,-27.85861805651419,-14.981667688006082,8.264897112347457,-1.5952278638390347,-2.626719791525574,0.043326672590877004,8.017707678535563,24.724669945174163,11.98937415801963
38.15469900218392,23.621797291154287,58.30019423857221,49.623257287005856,5.097856274533011,52.74256284587081,31.19582841860674,-16.692463120570668,34.60684754098269,-9.322352946945857,39.96563251294034,17.234481591331797,13.764632057653706,83.91121463451907,-12.558849159318598,-31.517975865460798,-26.83243238885865,16.8489171203343,2.698428077694139,11.767416100698059,39.27688223394948,-12.835240838173716,26.581885325405327,-66.87024385251182,4.931326357638484,-43.37393459322083,5.352357657191941,-39.3396889893652,-76.2683666340877,50.72454333286678,0.6904685809571319,33.46711246979091,-48.44775938812427,-31.551009875836378,-54.34376711073236,55.79794412796606,29.919672180046053,-16.810233796967275,2.7374452302118306,6.425335235699245,-0.6123225007050653,-15.830738927748126,-48.9621607634549,-24.180839455298475
-97.3275488058307,-61.38387355347728,-150.29414606560925,-127.55908209272992,-11.906906028199941,-135.5608569458222,-80.6422125180502,42.296348146045695,-90.42216230783164,24.650882143285497,-103.37399782071176,-44.3170571740573,-36.48106130038558,-217.0296144240486,32.32090897059911,80.9617636052637,68.17964169283464,-44.11130082584974,-7.661732778444781,-30.564348961939007,-100.7075289043174,33.425983334990626,-66.87024385251182,172.34442119290958,-12.151640703802546,112.14556537280335,-13.828632464122409,100.00863711346192,197.29464878405093,-131.7449158552249,-1.8617479870900902,-85.48078170984378,124.88647437660278,79.54418517864292,140.3736386911908,-143.74992693295974,-77.04034118293596,42.87696417156827,-7.435740825460332,-16.481713312299625,0.3461349240874667,41.160163037559165,126.42076264691192,62.29220517123154
6.87541443157895,4.238517718243321,10.638118924904907,9.187871244242592,0.941948926752901,9.5153383616685,5.659648167826512,-3.265481130907212,6.099948624534014,-1.679797608661639,7.1094752569843935,3.1051425652369193,2.461282959801553,15.115141204887918,-2.2457005783803803,-5.792708157021332,-5.157756046600329,3.0451334760899513,0.4692675469200933,2.215515564015238,7.226426203580009,-2.255603339635508,4.931326357638484,-12.151640703802546,0.993908253178161,-7.818758397264796,0.9882755031497723,-7.221821193609205,-13.849077186918993,9.076675088084617,0.056816578977088805,6.240001109870305,-8.696841536685554,-5.947243477872547,-9.808015701650467,10.18247737291745,5.5135901501586595,-3.16345636177957,0.4617300352650249,1.3246521161930904,-0.27566912675649874,-2.99621411374725,-8.841631924155033,-4.3761606995701765
-63.064658903028935,-40.18584361890476,-97.9417262277091,-82.89147115072858,-7.45902204717407,-88.16009990726101,-52.38978652993592,27.302356998699306,-59.26877436685574,16.138239301202823,-67.55595454326667,-29.09554045261534,-23.649735471012924,-141.60797564584394,20.98435156757197,52.563555445009264,44.179341639555446,-28.94886134799193,-5.091170781381767,-19.918306117016634,-65.51701782042595,21.60128616818191,-43.37393459322083,112.14556537280335,-7.818758397264796,73.29860805525206,-8.984194154429364,64.89336263291428,128.65812867131982,-85.9712767623844,-1.1145751351111863,-55.67871752526348,81.32732239020989,51.31778631351562,91.44254798315902,-93.47211933525044,-49.978974628187956,27.78438845659856,-4.772742579342729,-11.032134799563703,-0.05940466812871579,26.599365037659997,82.1568207313135,40.66736415299998
7.767398289946603,4.911236454768295,12.08137757715984,10.28258500875787,0.9253195612409685,10.835797324459849,6.4824607418813605,-3.4393583709386983,7.234776502834433,-1.9898553198502296,8.269741851378566,3.5449560734999506,2.946139095632831,17.404973098023397,-2.569305995151287,-6.508135372310678,-5.538464857902866,3.5529380756450912,0.6403061700681572,2.4761358895871495,8.087327630628732,-2.6749982990417105,5.352357657191941,-13.828632464122409,0.9882755031497723,-8.984194154429364,1.1223679756527045,-8.010570148282625,-15.841732696718308,10.552208382657042,0.13206220343747574,6.8931389882439635,-9.984913503818037,-6.380711232360724,-11.253665691398243,11.555326264903023,6.200657194754865,-3.4604666552042787,0.6062629987800379,1.3644996376158938,-0.0393691337489489,-3.347707313999024,-10.142866289177697,-4.991738939823801
-56.97976727354179,-35.38361682350939,-87.062735795633,-73.97292423246158,-7.53117057642878,-78.83756617713883,-46.74916034315771,24.741919472958152,-51.94975908496758,14.060609579364776,-59.813878870131305,-25.54483249651981,-20.929977380602836,-125.51010128911149,18.87265360847042,47.073685204148845,39.7306533114354,-25.247240496851852,-4.181395488840914,-17.64049972118639,-58.49897101362437,19.41782522608932,-39.3396889893652,100.00863711346192,-7.221821193609205,64.89336263291428,-8.010570148282625,58.62692993986085,114.0967514646368,-76.04247433203987,-1.182581516384862,-49.658159293773124,72.61174672049248,46.8372781315685,81.28444779456191,-83.41471910986719,-44.80167913046791,25.05697504960286,-4.285549266921754,-9.23943516827665,0.7074166725844259,23.821507614408258,73.39687915044601,36.11747942862815
-110.87664009151514,-70.56699424677988,-172.2698992107034,-146.26165421162887,-13.075306578889837,-154.96087110241106,-92.26476256201586,48.470664979738245,-103.8651629654935,28.49506369416757,-118.46291449932396,-51.0647352937405,-41.791896421127994,-248.81229739524693,36.817365102653184,92.57293828695477,78.2276378164354,-50.853807619393315,-9.00108911286686,-35.1685451137016,-115.3663529511818,38.07718215608671,-76.2683666340877,197.29464878405093,-13.849077186918993,128.65812867131982,-15.841732696718308,114.0967514646368,226.36202401994078,-151.08439004808866,-1.9562418257569232,-98.04708523376759,142.7847740679207,90.65353169436332,160.7676919858368,-164.55076752215976,-88.09148512400637,49.090893867947806,-8.381244890151473,-19.534069076366375,0.13293757992038796,47.16482329890377,144.5297883613462,71.3991216944537
74.17135007048964,47.167459748050284,114.94570299796099,97.30428239697683,8.717338073796784,103.6260162665115,61.6524940965265,-31.913534987957295,69.69762574647298,-18.992330420126557,79.34913229932937,34.063053375154524,28.020784285564798,166.36170916886041,-24.691708981599895,-61.74743731302716,-51.64974073057657,33.9639604191951,6.008222485656813,23.329501781685913,76.86082597523912,-25.585825237679785,50.72454333286678,-131.7449158552249,9.076675088084617,-85.9712767623844,10.552208382657042,-76.04247433203987,-151.08439004808866,101.13185308727101,1.4237818707905447,65.16048977649031,-95.54253210162481,-60.1387756393813,-107.50148083383233,109.8242234426365,58.72160744294516,-32.52872448418462,5.715844743331995,12.651064727192999,0.240417645932217,-31.29830688974402,-96.65165651356635,-47.68594674748489
1.3404353143786951,0.5999922265527762,1.4069744683769274,1.1491725592815867,0.3848478822355012,1.597963984965228,0.9173629672686051,-0.293946405696772,0.91305757654671,-0.2340822752990566,1.1247903885824444,0.31032226741486035,0.50646752781764115,2.205246357182213,-0.4642770794840989,-0.8273980784971409,-0.4333111314831181,0.3005309759070904,0.029129935897263204,0.21737145957698475,0.9334329835888032,-0.5879394321905672,0.6904685809571319,-1.8617479870900902,0.056816578977088805,-1.1145751351111863,0.13206220343747574,-1.182581516384862,-1.9562418257569232,1.4237818707905447,0.23185350376276517,0.602270442902621,-1.5344976572337623,-0.9079594462187114,-1.4855256092587532,1.4928709414569825,0.8289590293944975,-0.4478333044303539,0.1665085897017454,-0.3112491471082143,-0.03913537180557471,-0.4045432438282305,-1.5104506290820972,-0.6144110647214652
47.96823579503023,30.461154012713976,74.85704343106734,63.76036608907531,5.6910801304300085,67.04725425591329,39.90351125462663,-21.427954921653093,44.685982753864224,-12.225826320524833,51.15065438105189,22.27042582254083,17.800119569196813,107.69587481020274,-15.819621216561709,-40.25852272125425,-34.540968678280784,22.025215193867943,3.794277493687306,15.316844132702775,50.27741615660518,-16.199852853720337,33.46711246979091,-85.48078170984378,6.240001109870305,-55.67871752526348,6.8931389882439635,-49.658159293773124,-98.04708523376759,65.16048977649031,0.602270442902621,43.0368291036843,-61.60264801758389,-39.704982242837325,-69.5929447582778,71.41267238139707,38.23390148599555,-21.425697855779607,3.476862086081456,8.986889680048817,-0.36108607720618946,-20.47218739893796,-62.43107201246308,-30.965658259825084
-70.82966747437096,-44.486314819913865,-108.7328529225607,-91.99413803171939,-8.894033756976038,-98.42800839512087,-58.43312327550489,30.283136399362892,-65.66080611826874,17.76773437982291,-75.0949436868507,-31.985497826376452,-26.4611994217776,-157.28258056159132,23.60149750163049,58.5988988543376,48.850451306574584,-31.84522557315485,-5.464827229709618,-22.004432431259207,-72.7872776945918,24.386031453064028,-48.44775938812427,124.88647437660278,-8.696841536685554,81.32732239020989,-9.984913503818037,72.61174672049248,142.7847740679207,-95.54253210162481,-1.5344976572337623,-61.60264801758389,90.8334662393636,57.51293380409499,101.74882647420576,-104.07372901117519,-55.77600155922959,30.936867200003544,-5.495816632368923,-11.407997192575497,0.1680232982391589,29.626396055820777,91.75566453385349,45.15924285372439
-45.40297151781197,-27.972536471887068,-69.19105382698748,-59.269312479451415,-6.183548498192666,-62.657516148446234,-37.192927022288124,20.25277659301267,-40.70716135491547,11.166896587214717,-47.10713090966752,-20.203235914099604,-16.616533223699253,-99.35238496446436,14.970258913398522,37.58448262940122,32.23025875632734,-19.900494903355604,-3.2068861888535816,-14.152335938048648,-46.733302809623396,15.40972785169056,-31.551009875836378,79.54418517864292,-5.947243477872547,51.31778631351562,-6.380711232360724,46.8372781315685,90.65353169436332,-60.1387756393813,-0.9079594462187114,-39.704982242837325,57.51293380409499,37.98124857764884,64.47164846640604,-66.41922178399561,-35.819742739992904,20.227876253449818,-3.300905443419146,-7.5008736262836315,1.0439715154095932,19.246811143221514,58.29382414337734,28.61092832957281
-79.21840297651325,-50.080347888949746,-122.47387527015358,-103.7865237151275,-9.531309697619005,-110.4546987701016,-65.68840801540769,34.21001390038753,-73.9409270173918,20.084949250160275,-84.38355437245255,-36.20342644249693,-29.731481289246624,-177.02898416054407,26.324598376441003,65.91118456300832,55.28035000667111,-36.03358414299727,-6.265264768590272,-24.839807302640452,-81.99773308798407,27.217777062260165,-54.34376711073236,140.3736386911908,-9.808015701650467,91.44254798315902,-11.253665691398243,81.28444779456191,160.7676919858368,-107.50148083383233,-1.4855256092587532,-69.5929447582778,101.74882647420576,64.47164846640604,114.47359044548095,-117.08393593176353,-62.66216069479048,34.7470212101566,-6.078208166867487,-13.437646674876644,0.012303104307235942,33.385156290948444,102.98179243775151,50.77600627732905
81.13721630139867,51.134160326636156,125.42643820787981,106.54258930843949,9.890482402804118,113.00913220344785,67.3059971844137,-35.39842795789922,75.32286116048441,-20.555751807806686,86.13787304284683,36.91176045746157,30.470497426456145,180.9735278799047,-26.925912718913803,-67.61309894516515,-57.03715672656321,36.80763523718135,6.412399060933514,25.553797028988765,84.05427302275193,-27.85861805651419,55.79794412796606,-143.74992693295974,10.18247737291745,-93.47211933525044,11.555326264903023,-83.41471910986719,-164.55076752215976,109.8242234426365,1.4928709414569825,71.41267238139707,-104.07372901117519,-66.41922178399561,-117.08393593176353,119.99853175551537,64.35600759685624,-35.77820964562493,6.240243198823095,13.821231685873453,-0.3328541393250489,-34.4499003210567,-105.46595527571291,-51.932565954851086
43.52599317397925,27.311422920524763,67.16234004387537,57.153129313901445,5.417564790734009,60.53798764908197,36.11108564282461,-19.13379636640555,40.13882493749751,-10.998878915647897,45.975497279045804,19.57786523779474,16.42601410356287,96.74971021741409,-14.483189400333947,-36.31528823775198,-30.675583715805747,19.64774281221614,3.41620297097392,13.77403784270769,45.04218390210473,-14.981667688006082,29.919672180046053,-77.04034118293596,5.5135901501586595,-49.978974628187956,6.200657194754865,-44.80167913046791,-88.09148512400637,58.72160744294516,0.8289590293944975,38.23390148599555,-55.77600155922959,-35.819742739992904,-62.66216069479048,64.35600759685624,34.64458838693724,-19.259341970726954,3.4102122597488957,7.274830525275296,-0.35011578013369404,-18.657272101377934,-56.57975061334652,-27.7742620335976
-24.194831517270586,-15.20323010665625,-37.367421534618735,-32.01976745328871,-3.081999023869091,-33.62240009840982,-20.040078825760173,10.936270361672062,-22.106625663608096,6.172921998924711,-25.44838482255392,-10.990944246100053,-9.023447222913445,-53.69590219098541,7.974877045638416,20.178595221567807,17.446999450393964,-10.88565012235981,-1.8895977112959808,-7.715888331277229,-25.16327688404938,8.264897112347457,-16.810233796967275,42.87696417156827,-3.16345636177957,27.78438845659856,-3.4604666552042787,25.05697504960286,49.090893867947806,-32.52872448418462,-0.4478333044303539,-21.425697855779607,30.936867200003544,20.227876253449818,34.7470212101566,-35.77820964562493,-19.259341970726954,10.94147440775138,-1.754702686045326,-4.29220341728603,0.44800184955187033,10.439321318655304,31.361193586563907,15.452659002561303
4.282334893653793,2.5691386390708146,6.416166063281119,5.337059544793475,0.5712715734385598,5.870245323311335,3.5679581885680403,-1.6706529288809677,3.93941264541022,-1.032039630472364,4.474378492710806,1.6877603948378794,1.7590566655432738,9.32163881860983,-1.479244682244846,-3.5292553986212494,-2.693400591331681,1.8649163106954671,0.3681635905981594,1.2980940904434055,4.208800973197337,-1.5952278638390347,2.7374452302118306,-7.435740825460332,0.4617300352650249,-4.772742579342729,0.6062629987800379,-4.285549266921754,-8.381244890151473,5.715844743331995,0.1665085897017454,3.476862086081456,-5.495816632368923,-3.300905443419146,-6.078208166867487,6.240243198823095,3.4102122597488957,-1.754702686045326,0.4987277730065703,0.3533691037484704,0.07185069507851873,-1.8533703871214615,-5.625063296765452,-2.643843832256372
8.469525332570761,6.160016271483018,14.884352137885767,12.92679675451399,0.40075071020782116,12.553290830195088,7.55470033198668,-4.571241440571841,8.798323649086141,-2.6192892774174314,9.859257452926315,4.845842908101364,3.1957836403288447,21.126103595288292,-2.696280890159921,-7.729566865135174,-7.461686222947135,4.70012536817144,0.9551952197944172,3.2446249904548607,10.036871806582136,-2.626719791525574,6.425335235699245,-16.481713312299625,1.3246521161930904,-11.032134799563703,1.3644996376158938,-9.23943516827665,-19.534069076366375,12.651064727192999,-0.3112491471082143,8.986889680048817,-11.407997192575497,-7.5008736262836315,-13.437646674876644,13.821231685873453,7.274830525275296,-4.29220341728603,0.3533691037484704,3.048384385270668,0.003782831288374784,-4.044573633836498,-11.615116198728652,-6.110667317216727
-0.48295771432072643,0.1256591129924829,-0.18704952474417438,-0.5433076923084341,-0.5093040250438944,-0.27854124560760896,-0.13633114458409346,0.6435651347480036,0.562362933796724,-0.07371480447418843,0.22120473045161537,0.10345027470277723,0.08172386811136445,0.16268646529013556,0.08204160390772977,0.297419390542325,0.7379660432657125,0.22192461036010758,0.1711886426508208,-0.1252146643960601,-0.3604268767937404,0.043326672590877004,-0.6123225007050653,0.3461349240874667,-0.27566912675649874,-0.05940466812871579,-0.0393691337489489,0.7074166725844259,0.13293757992038796,0.240417645932217,-0.03913537180557471,-0.36108607720618946,0.1680232982391589,1.0439715154095932,0.012303104307235942,-0.3328541393250489,-0.35011578013369404,0.44800184955187033,0.07185069507851873,0.003782831288374784,0.668122944297909,0.2973937571449191,0.20888290404419974,0.03659425643729137
-23.02962383069342,-14.561097205124037,-35.90494158616733,-30.79959823021428,-2.7521264438939483,-32.15548184701226,-19.3539531122949,10.520569795440531,-21.261162497501317,6.004186756683206,-24.319630004490207,-10.33464382713066,-8.958512591073964,-51.51813804002504,7.669142370547103,19.45689728912222,16.72069129051449,-10.54981199442242,-1.948195637591803,-7.537062868814542,-24.092773052391436,8.017707678535563,-15.830738927748126,41.160163037559165,-2.99621411374725,26.599365037659997,-3.347707313999024,23.821507614408258,47.16482329890377,-31.29830688974402,-0.4045432438282305,-20.47218739893796,29.626396055820777,19.246811143221514,33.385156290948444,-34.4499003210567,-18.657272101377934,10.439321318655304,-1.8533703871214615,-4.044573633836498,0.2973937571449191,10.305207043144126,30.221961914897552,14.76953935006953
-71.60817113003773,-44.916603511816255,-110.11907369956329,-93.36789463404794,-8.902528231986,-99.52590540111332,-59.24504398173475,30.83948088444014,-66.31335527702697,18.02634361008485,-75.84809288306421,-32.271523664432586,-26.923081979593974,-159.11178401883473,23.816996661969586,59.41314168757836,49.720915166123184,-32.24726354514289,-5.620416133173181,-22.34064436698304,-73.72113351015476,24.724669945174163,-48.9621607634549,126.42076264691192,-8.841631924155033,82.1568207313135,-10.142866289177697,73.39687915044601,144.5297883613462,-96.65165651356635,-1.5104506290820972,-62.43107201246308,91.75566453385349,58.29382414337734,102.98179243775151,-105.46595527571291,-56.57975061334652,31.361193586563907,-5.625063296765452,-11.615116198728652,0.20888290404419974,30.221961914897552,92.93392380917935,45.63813087153475
-35.09651574245324,-22.26694998368259,-54.40182650974919,-46.07046058678801,-4.218611238602689,-48.98959153992717,-29.098816404022024,15.209178599984293,-32.836529428410444,8.918581680792508,-37.49213028608955,-16.144375995708938,-13.087919832518633,-78.602267525706,11.656561225350648,29.22497510834037,24.60748783170063,-16.03439300405918,-2.794158041959817,-11.042728698554537,-36.419031162599296,11.98937415801963,-24.180839455298475,62.29220517123154,-4.3761606995701765,40.66736415299998,-4.991738939823801,36.11747942862815,71.3991216944537,-47.68594674748489,-0.6144110647214652,-30.965658259825084,45.15924285372439,28.61092832957281,50.77600627732905,-51.932565954851086,-27.7742620335976,15.452659002561303,-2.643843832256372,-6.110667317216727,0.03659425643729137,14.76953935006953,45.63813087153475,22.5831997157263
