V1,V2,V3,V4,V5,V6,V7,V8,V9,V10,V11,V12,V13,V14,V15,V16,V17,V18,V19,V20,V21,V22,V23,V24,V25,V26,V27,V28,V29,V30,V31,V32,V33,V34,V35,V36,V37,V38,V39,V40,V41,V42,V43,V44
2.1073776650122853,0.6949649103412457,1.125338451681201,0.8764168847088438,0.5606540422120434,1.7590524540142536,1.0246267814794805,-0.24929072237590663,1.129180339599911,-0.06403962350523358,1.0719005723840227,0.17698837716143437,0.39677777215856735,2.0706366136878773,-0.6181911753818085,-0.9038828330050522,-0.3188299384817104,-0.18159863739568147,-0.5418842618405858,-0.031027445804717443,0.8791488370759984,-0.7807197613055581,0.9724496355753566,-2.3498371242402927,-0.1260820675150598,-1.174510186307636,0.07880527849277054,-1.7866905691922352,-1.7597611213217301,1.5448463595304676,-0.004719746283752843,0.7468836642976273,-2.065001851369829,-1.4306959675560789,-1.8945110925921516,1.4850219365739228,1.1732628206995093,-0.8272859435870458,0.02028986246148885,-1.1880375104811771,0.12317365215677031,-0.1513276095524195,-1.3842235027615533,-0.8181884281449064
0.6949649103412457,1.2090524346951534,0.7239650088058787,0.7339984843306285,-0.43993544550381697,0.3616879073492106,0.7055675186023739,-0.5316760031806713,1.5060291239521182,0.1515358363650351,0.8004894876489415,0.6518185774065466,-0.08087183769509604,1.5977211101775537,-0.1471683297599948,-0.3038045367120294,-0.7602299461389251,-0.441909424827695,-1.197445694118694,0.01637268905158043,0.3588782936041819,-0.16521177529906886,0.7532719350776405,-1.9803673469091438,-0.3948536893058151,-0.8123827912351945,-0.2644237378403223,-0.7082854529803394,-1.47861885732185,1.1211022259699908,-0.9117034731889668,1.0458004464706718,-1.268449934242183,-0.6185495204980703,-1.3613506711437684,1.0339283818572207,0.6726179645954866,-0.9098069232589483,-0.8688226529863293,-0.06494879526620323,0.5266293888952875,0.35384143028527004,0.40035713254826355,-1.1483907468336363
1.125338451681201,0.7239650088058787,3.5748106824125534,2.811308512401011,0.482844007268863,2.796328975082082,1.3122459735157304,-0.9804607362479807,1.282435354326629,-0.3868010693092983,1.9921901690712074,0.5704628032744259,0.9348668476050273,4.304371418861637,-0.694138229162126,-1.5430114926448113,-1.4260990468934551,1.4968553393999313,0.5388532905985508,1.057921790743366,1.9774371100120793,-0.44517457139547933,1.0459354854431373,-2.7479414801790565,0.48070282247110446,-1.6183224180360742,0.372100512880713,-1.252400399665811,-3.822741823610355,2.1105186277733217,0.6989195369142185,1.1214125382466835,-1.8361782957344834,-1.0635733931057274,-1.9206123071213395,2.822878532475229,1.0452768271900141,-0.11735322580327848,0.577054807942441,1.0982949229792198,-0.5996757371021506,-1.25359501497126,-2.7416552705997432,-0.9828997309817227
0.8764168847088438,0.7339984843306285,2.811308512401011,2.3332413944902743,0.23567704331557382,2.1455950601231346,1.1824625896831291,-0.7838846027639512,1.097149799220675,-0.3958918593082373,1.6731369062469925,0.6506826955710582,0.7175030122643719,3.5636767552592485,-0.47524003420777006,-1.3051242346017595,-1.211800380696319,1.1647074007556761,0.5596301650452981,0.7906603700692817,1.6722124253331947,-0.35066793227059445,0.897634953647986,-2.2750315064599778,0.4287910655579471,-1.5414170288571745,0.2760014287830076,-1.055997720071639,-3.21473353620488,1.838966378659271,0.36882115997485543,1.1384910369739196,-1.4925602678376904,-0.8633274122342852,-1.7375068817348267,2.390706816672079,0.9211067771366034,-0.19532481955931583,0.36705625737729103,1.027639722758676,-0.3493565390210879,-0.9806041719253964,-2.229733770895038,-0.7977861688722034
0.5606540422120434,-0.43993544550381697,0.482844007268863,0.23567704331557382,1.0114289968534846,0.9297224390777908,0.3976870305336288,0.0739569532536626,-0.5342585608028639,0.19018964050202156,0.3194785650682766,-0.5101333041921907,0.529527131018142,0.390109772532804,-0.46281069966486094,-0.4728507253229143,0.343235053489911,0.11499515648367366,0.373063808879021,0.13363297840551688,0.197295975174321,-0.47084710761466714,0.2591510473121817,-0.07408311689577951,0.32445414418702184,0.16531390800166132,0.08680992917917034,-0.3161162848920411,-0.07994219574171216,7.247296792189305e-4,0.8689744334641142,-0.574921866762406,-0.38164473612391353,-0.2920248568925263,0.07198199907914203,0.6907129635194795,0.14185583295249296,0.49112777723764395,0.6709512502489617,-0.48302740929482724,-0.6551271785768302,-0.5150065623295912,-1.3226899489985524,0.24035208704258745
1.7590524540142536,0.3616879073492106,2.796328975082082,2.1455950601231346,0.9297224390777908,2.856250087724643,1.2721749217425264,-0.562576334229578,0.8170576434885367,-0.37716846460655074,1.6858845887324223,0.19800892022238023,0.9561382106869971,3.5029198720764856,-0.8000013842868331,-1.523712181421533,-0.7901148358173301,1.1034342870141958,0.6674716143369934,0.6846672532831992,1.7492793677633776,-0.7509539050670812,0.9940789868448523,-2.3963124667305498,0.48175965426999307,-1.4889797565725402,0.42032248654981547,-1.6472569382534148,-3.024311484270968,1.8926559568972696,0.9164803762125181,0.7423724833793897,-1.9541342557988306,-1.3330265814454887,-1.8723441020445177,2.4474764083357092,1.150061323754657,-0.13738185499706898,0.8415145397484496,0.05366241972241478,-0.6048698215313812,-1.1519954380106028,-3.021712153009696,-0.6098043987726668
1.0246267814794805,0.7055675186023739,1.3122459735157304,1.1824625896831291,0.3976870305336288,1.2721749217425264,1.125745019062668,-0.41274464650735726,0.7950876828917919,0.05790051319241174,1.1563092819721705,0.3518323597082469,0.47499654588635476,2.1193262960060633,-0.45318111308762543,-0.899804802891893,-0.509286094058206,0.016090185888402858,-0.16295400273593552,0.20194638656052416,0.8163136320784642,-0.5307271804026877,0.9091019231392297,-1.8013927539655155,0.15300236795768554,-0.9666339597909609,-0.05715281550216541,-0.9640612489336191,-1.7772272083650953,1.224217807849269,-0.014601763520010982,0.694456310788442,-1.3953798810331355,-0.7983402433424912,-1.3569076318334523,1.7939048706598222,0.8044002287923349,-0.33091234186701196,-0.03156484486245861,-0.05570083505847568,-0.10558915903785131,-0.3573352964571248,-1.2963620281079766,-0.6706482805537056
-0.24929072237590663,-0.5316760031806713,-0.9804607362479807,-0.7838846027639512,0.0739569532536626,-0.562576334229578,-0.41274464650735726,0.4305285172204472,-0.7553708744214231,-0.07093252301840207,-0.6171404311398481,-0.2842917655707359,-0.1393881927316902,-1.3134326129334228,0.1833009669817856,0.3134705714908494,0.5710029402833547,-0.14766256544048098,0.4385633916098504,-0.27810813868309536,-0.4052269896807007,0.0705021802193003,-0.4162869106185776,1.1242198565056347,0.07407535514743772,0.39764938641491626,0.0562951094963467,0.2851077602665758,1.164339424152541,-0.6533750449735063,0.155618169268848,-0.465641528623137,0.6677494221748419,0.28683112379255765,0.6386006858867037,-0.839857850913442,-0.31168019506985006,0.24480031841888186,0.2300342924608605,-0.3136003410281667,-0.001815246803828059,0.10647826095145034,0.1966968504245603,0.6207920382743216
1.129180339599911,1.5060291239521182,1.282435354326629,1.097149799220675,-0.5342585608028639,0.8170576434885367,0.7950876828917919,-0.7553708744214231,2.1235438736761445,0.11199583720640012,1.0831612093113623,0.7817172417117118,-0.07593309429950308,2.338164770272621,-0.26807399296727424,-0.4202886690162848,-1.098636200238612,-0.3307076668482054,-1.6070372007552873,0.14111834701821024,0.6225237370885405,-0.20486408361714203,0.9463154874932599,-2.7996654975453668,-0.5726916874639161,-1.093805966425887,-0.22150719877476624,-1.0984443177962795,-2.1770586671724868,1.5951138885030862,-1.0164583667212952,1.3608027938960716,-1.815182109979859,-0.9567178391227177,-1.8760337566593606,1.2955185588732467,0.9316641919495176,-1.2444678566596967,-1.0055163548904231,-0.1750352318684079,0.6378536028136577,0.38035622654510637,0.379267254730204,-1.5837189913775678
-0.06403962350523358,0.1515358363650351,-0.3868010693092983,-0.3958918593082373,0.19018964050202156,-0.37716846460655074,0.05790051319241174,-0.07093252301840207,0.11199583720640012,0.5759467465687431,-0.0806685613323314,-0.24082511643162338,-0.05481386840428039,-0.402867419998596,-0.15125289780788298,0.2379538606524696,0.17392873900622358,-0.7029611222526935,-0.983711499769697,-0.11617306421066156,-0.5653823246909983,-0.08994276607908505,0.17960938389682884,-0.12035987730805231,-0.2682924551567233,0.6125123660760801,-0.32559120680397374,0.24886927207001566,0.5531528419073999,-0.3616807216286756,-0.18424088977738257,-0.3724893078443411,-0.11550404790551441,0.09781399024965876,0.3309342265869434,-0.013579033932798334,-0.13281124150702028,0.00991466708829203,-0.3978270020174053,-0.45681945361401477,-0.039471770888764864,0.3515989479000375,0.771730836939567,-0.2920239180411874
1.0719005723840227,0.8004894876489415,1.9921901690712074,1.6731369062469925,0.3194785650682766,1.6858845887324223,1.1563092819721705,-0.6171404311398481,1.0831612093113623,-0.0806685613323314,1.4085532568835133,0.47568961726453995,0.555964820112391,2.813409551832453,-0.5014989256443786,-1.0515630785049839,-0.8516159486510078,0.42993064629793615,-0.08350475399704521,0.45045588056469665,1.1578706222971213,-0.471893283157105,0.9586491148188995,-2.196412345573505,0.18100391040170996,-1.19784970984222,0.057251058080103834,-1.0749801789341196,-2.4500940766243677,1.5435022794287232,0.08937754214333263,0.9091582778236348,-1.575933825553127,-0.8992292548699378,-1.597998636719287,2.0625935474514536,0.897967321237632,-0.36821847197952784,0.05056730662064564,0.2874620042401554,-0.16957824722423873,-0.5525040416382914,-1.5727262388727796,-0.8575088153514963
0.17698837716143437,0.6518185774065466,0.5704628032744259,0.6506826955710582,-0.5101333041921907,0.19800892022238023,0.3518323597082469,-0.2842917655707359,0.7817172417117118,-0.24082511643162338,0.47568961726453995,0.6122774553868311,-0.06275546686821523,1.0806569427966106,0.09478647511799639,-0.2574079660152725,-0.5908066323980117,0.14964617989201462,-0.07330002731671659,0.0838299372210634,0.49017565186672085,0.058601934360769443,0.29250133109259147,-0.9351517541114192,-0.05138785640210023,-0.8100202451566321,-0.004356382020826644,-0.36512835193782156,-1.129103555411377,0.7820936793800962,-0.5273266276656061,0.8748643796397849,-0.4821113744813257,-0.2574626757896058,-0.8815718040481785,0.5786466537681305,0.3771776022189951,-0.4964235918170823,-0.35911737296198926,0.4751933437820765,0.372006234769589,0.032839376046706496,-0.057119564536947505,-0.4689177040900544
0.39677777215856735,-0.08087183769509604,0.9348668476050273,0.7175030122643719,0.529527131018142,0.9561382106869971,0.47499654588635476,-0.1393881927316902,-0.07593309429950308,-0.05481386840428039,0.555964820112391,-0.06275546686821523,0.4501372696816406,1.053094966266983,-0.30830310369070474,-0.5705154288000139,-0.13010076105457027,0.4249599589423796,0.4893197839193612,0.2790609256184628,0.5479886445665331,-0.28247908890524503,0.3084484874686076,-0.48019369277394686,0.3275165357721847,-0.3324208977088839,0.13559524903621836,-0.36024227345251125,-0.8336256860612453,0.43180954681945544,0.550220260799382,0.0093559161877437,-0.45317147222759996,-0.30005955431605214,-0.35177294151610944,0.9269497138459052,0.2652840618322227,0.24911483576046428,0.473582698823373,0.14367428216262917,-0.4247494628282317,-0.5483835022502336,-1.2831053323997994,0.004196006909588246
2.0706366136878773,1.5977211101775537,4.304371418861637,3.5636767552592485,0.390109772532804,3.5029198720764856,2.1193262960060633,-1.3134326129334228,2.338164770272621,-0.402867419998596,2.813409551832453,1.0806569427966106,1.053094966266983,5.87296275065256,-0.9128615567104905,-2.083786245132954,-1.9386999238458023,1.257611687920309,0.013618933857623194,1.044106188173846,2.540201226885047,-0.7770152892634863,1.7732718439230017,-4.453683025510302,0.3530153659637856,-2.580137948448556,0.2652223132028311,-2.1735660332442155,-5.242383566582399,3.245387024171321,0.19176173609647823,2.018984473983185,-3.084137643295777,-1.799456848385886,-3.2993095112694757,3.980384210303899,1.7930417362737898,-0.8169102399056687,0.1639309195356601,0.8813197080021062,-0.27185602862258745,-1.1896898913970622,-3.1682495978160468,-1.7465171554016021
-0.6181911753818085,-0.1471683297599948,-0.694138229162126,-0.47524003420777006,-0.46281069966486094,-0.8000013842868331,-0.45318111308762543,0.1833009669817856,-0.26807399296727424,-0.15125289780788298,-0.5014989256443786,0.09478647511799639,-0.30830310369070474,-0.9128615567104905,0.35885176986872336,0.403549882783653,0.11643427824666147,-0.008656416013532744,0.21988749150132245,-0.1476436098924168,-0.30017742893686605,0.32771691772173056,-0.41431100120229963,0.8199245750298215,-0.04286597525036827,0.18844280655646334,0.0068447501891344105,0.4682664384782974,0.6771854363212876,-0.4368867116668181,-0.26187640606747237,-0.02050038325171005,0.7201487902924353,0.4253557959138199,0.45492976619728087,-0.7898405282878896,-0.33014916441624415,0.02693011021158082,-0.13408030178781732,0.2956083201191726,0.23945976634352734,0.22400683219993675,0.6978344066118262,0.3002618251490903
-0.9038828330050522,-0.3038045367120294,-1.5430114926448113,-1.3051242346017595,-0.4728507253229143,-1.523712181421533,-0.899804802891893,0.3134705714908494,-0.4202886690162848,0.2379538606524696,-1.0515630785049839,-0.2574079660152725,-0.5705154288000139,-2.083786245132954,0.403549882783653,0.9648978128698842,0.47083140259293,-0.5790089523005167,-0.5600541689901644,-0.35244106537894715,-1.0559778168095877,0.4398873961910081,-0.6443137865814501,1.348614760186901,-0.374710549761875,1.0161243848713344,-0.19432918487947234,0.911222493689357,1.8104609047299909,-1.147896819548778,-0.4121065921244703,-0.5678486355023873,1.0788344246931105,0.7148950391992942,1.1619039408129928,-1.6042179091817463,-0.695157465059011,0.06817868138214554,-0.43259911570378057,-0.21807084182989167,0.30155048564548165,0.6835563961533491,1.842249406322905,0.3019018736929985
-0.3188299384817104,-0.7602299461389251,-1.4260990468934551,-1.211800380696319,0.343235053489911,-0.7901148358173301,-0.509286094058206,0.5710029402833547,-1.098636200238612,0.17392873900622358,-0.8516159486510078,-0.5908066323980117,-0.13010076105457027,-1.9386999238458023,0.11643427824666147,0.47083140259293,0.9158185488975897,-0.4542952296816779,0.25791651076224087,-0.39352407946551227,-0.7724578000514006,-8.05741949273626e-4,-0.48109576161503703,1.5236285914117154,0.04404117307265976,0.8622822966957578,-0.03932749310502353,0.48005325185140235,1.8408442204774729,-1.0790260021518843,0.2970597672439199,-0.9160609097277634,0.8436077159196873,0.41151169849172964,1.0723536830276352,-1.0814520191596593,-0.4856253955702559,0.4439259858803821,0.2706787156384272,-0.675947942524725,-0.1417212265749891,0.20055530125132243,0.3981853928166686,0.7823113013504516
-0.18159863739568147,-0.441909424827695,1.4968553393999313,1.1647074007556761,0.11499515648367366,1.1034342870141958,0.016090185888402858,-0.14766256544048098,-0.3307076668482054,-0.7029611222526935,0.42993064629793615,0.14964617989201462,0.4249599589423796,1.257611687920309,-0.008656416013532744,-0.5790089523005167,-0.4542952296816779,1.5374808150234551,1.6424712356472209,0.6193152452442944,1.0555077724956967,0.1265950774733846,-0.1964716256183526,0.1273604757005299,0.6196719294507189,-0.6479767046893364,0.5431084295888153,-0.09393704449380601,-1.2747201070258982,0.4826148884796442,0.8705743374042489,0.22869826508103877,0.21359841520209139,-0.005166781831198956,-0.178817784456198,0.5585616353220507,0.050912669479103737,0.49353038822432715,0.9519069335207558,1.196667335984727,-0.5001415636069451,-0.9922549216999316,-1.7520311857684332,0.4110578504441292
-0.5418842618405858,-1.197445694118694,0.5388532905985508,0.5596301650452981,0.373063808879021,0.6674716143369934,-0.16295400273593552,0.4385633916098504,-1.6070372007552873,-0.983711499769697,-0.08350475399704521,-0.07330002731671659,0.4893197839193612,0.013618933857623194,0.21988749150132245,-0.5600541689901644,0.25791651076224087,1.6424712356472209,3.0053439298377618,0.34078265071055974,0.9114744287191577,0.11143879050481274,-0.6208791341600555,1.6603921572975484,1.0938935514191483,-0.5324785285479473,0.705294940824068,0.19325509217444306,-0.1734588876477132,-0.14293458602193976,1.2917349352295229,-0.21822058452507226,1.1044584466728216,0.35403424515667137,0.4590927267444775,0.03493220448457675,-0.23636120616825668,1.0342203177236395,1.5647665342915327,1.2068741877963152,-0.6772848857938406,-1.2345123952175552,-2.405507517276812,1.4721642576967342
-0.031027445804717443,0.01637268905158043,1.057921790743366,0.7906603700692817,0.13363297840551688,0.6846672532831992,0.20194638656052416,-0.27810813868309536,0.14111834701821024,-0.11617306421066156,0.45045588056469665,0.0838299372210634,0.2790609256184628,1.044106188173846,-0.1476436098924168,-0.35244106537894715,-0.39352407946551227,0.6193152452442944,0.34078265071055974,0.40895968055715526,0.5090200119838928,-9.640185388746394e-4,0.13228946733649113,-0.4100769110022468,0.21195808900987337,-0.2525488464547072,0.142539547405574,-0.05619901549841267,-0.9279553961371666,0.36583928561205203,0.3628798839811771,0.1380481589802187,-0.18993110435226562,-0.07300863170383093,-0.20046040685479502,0.6470059413949307,0.09320809209884702,0.19845971717735233,0.28509193636185926,0.595531060885202,-0.30884642056586153,-0.4570320097292949,-0.7506747888833131,-0.12776018969601677
0.8791488370759984,0.3588782936041819,1.9774371100120793,1.6722124253331947,0.197295975174321,1.7492793677633776,0.8163136320784642,-0.4052269896807007,0.6225237370885405,-0.5653823246909983,1.1578706222971213,0.49017565186672085,0.5479886445665331,2.540201226885047,-0.30017742893686605,-1.0559778168095877,-0.7724578000514006,1.0555077724956967,0.9114744287191577,0.5090200119838928,1.4238844827946309,-0.29602668469689314,0.5547385765515315,-1.5055220029338996,0.43330685730782953,-1.3971618750518515,0.37216544299083987,-1.0250781489705822,-2.3647368145820415,1.4562527704232167,0.4064785207356265,0.9120921713163499,-1.0751457809260871,-0.7677921135606592,-1.4294211893637565,1.6253323912469533,0.7737311117281676,-0.17712510699489312,0.5261089697397878,0.6347247503724077,-0.21369928764444443,-0.8371097727000051,-2.071222365892766,-0.32868711456980076
-0.7807197613055581,-0.16521177529906886,-0.44517457139547933,-0.35066793227059445,-0.47084710761466714,-0.7509539050670812,-0.5307271804026877,0.0705021802193003,-0.20486408361714203,-0.08994276607908505,-0.471893283157105,0.058601934360769443,-0.28247908890524503,-0.7770152892634863,0.32771691772173056,0.4398873961910081,-8.05741949273626e-4,0.1265950774733846,0.11143879050481274,-9.640185388746394e-4,-0.29602668469689314,0.4102103575116221,-0.4402687915956581,0.7885853133398226,-0.06382926729576688,0.324536909240141,0.008506083950492578,0.6193726919417114,0.5693414552513013,-0.48818074143915,-0.17500510575391795,-0.09294597255520153,0.7755544730659845,0.5113718474674657,0.590528501796862,-0.7661233881001073,-0.42075277073500356,0.11577269447052968,-0.13031558068163043,0.4849650150804337,0.14097637303087057,0.17055493057025015,0.7760844919222628,0.21841556017515085
0.9724496355753566,0.7532719350776405,1.0459354854431373,0.897634953647986,0.2591510473121817,0.9940789868448523,0.9091019231392297,-0.4162869106185776,0.9463154874932599,0.17960938389682884,0.9586491148188995,0.29250133109259147,0.3084484874686076,1.7732718439230017,-0.41431100120229963,-0.6443137865814501,-0.48109576161503703,-0.1964716256183526,-0.6208791341600555,0.13228946733649113,0.5547385765515315,-0.4402687915956581,0.8296483469638256,-1.7792154881922264,-0.06672441290848698,-0.720028525583891,-0.13121605064358316,-0.8585687060866792,-1.4733321545837577,1.051844138795536,-0.19027110785453208,0.610461878300463,-1.3456519903753403,-0.7405201767390477,-1.2068816751622489,1.4342649700548533,0.706014761195442,-0.4579965308388275,-0.2538668712822312,-0.25822262582667416,0.02413358304611844,-0.10383341544155923,-0.6945957736682099,-0.7990493503949624
-2.3498371242402927,-1.9803673469091438,-2.7479414801790565,-2.2750315064599778,-0.07408311689577951,-2.3963124667305498,-1.8013927539655155,1.1242198565056347,-2.7996654975453668,-0.12035987730805231,-2.196412345573505,-0.9351517541114192,-0.48019369277394686,-4.453683025510302,0.8199245750298215,1.348614760186901,1.5236285914117154,0.1273604757005299,1.6603921572975484,-0.4100769110022468,-1.5055220029338996,0.7885853133398226,-1.7792154881922264,4.548978297249153,0.39654159157355734,1.9689882997654873,0.15839588614965275,2.1784678035648253,3.927814231761488,-2.785968088403252,0.7221892677739036,-1.8579677815447915,3.256783678870321,1.854337382610783,3.158740393382986,-2.987349157099802,-1.7332810185502805,1.482251123017381,0.7824306440328337,0.42842922282320056,-0.37839459701405637,0.10751439976029663,1.1918790457523634,2.1610679973840954
-0.1260820675150598,-0.3948536893058151,0.48070282247110446,0.4287910655579471,0.32445414418702184,0.48175965426999307,0.15300236795768554,0.07407535514743772,-0.5726916874639161,-0.2682924551567233,0.18100391040170996,-0.05138785640210023,0.3275165357721847,0.3530153659637856,-0.04286597525036827,-0.374710549761875,0.04404117307265976,0.6196719294507189,1.0938935514191483,0.21195808900987337,0.43330685730782953,-0.06382926729576688,-0.06672441290848698,0.39654159157355734,0.47815097012854957,-0.22448875786149927,0.22865364036164693,0.02142386339636146,-0.30469183319539495,0.052052895387650684,0.5928818278030161,-0.10335042226016683,0.23314124273797915,0.06651397981382189,0.09026578738045284,0.3915994580457454,-0.01773099432299345,0.46917469088605807,0.6329734016752318,0.49132054043432877,-0.3962666727692849,-0.5828884473655429,-1.174781965055746,0.4659442134761805
-1.174510186307636,-0.8123827912351945,-1.6183224180360742,-1.5414170288571745,0.16531390800166132,-1.4889797565725402,-0.9666339597909609,0.39764938641491626,-1.093805966425887,0.6125123660760801,-1.19784970984222,-0.8100202451566321,-0.3324208977088839,-2.580137948448556,0.18844280655646334,1.0161243848713344,0.8622822966957578,-0.6479767046893364,-0.5324785285479473,-0.2525488464547072,-1.3971618750518515,0.324536909240141,-0.720028525583891,1.9689882997654873,-0.22448875786149927,1.781524408425068,-0.25706318995811417,1.3411359960679756,2.4936053856228746,-1.7772025060793069,0.1959981377516916,-1.3939190535072672,1.4014671855779819,0.9834507395079587,1.9620787557494495,-1.6190497380622308,-1.0269874066564293,0.6963850713089891,-0.07907367601976459,-0.3754941354022469,-0.25245852818525383,0.47794868715035405,1.628888591493068,0.5994065703904128
0.07880527849277054,-0.2644237378403223,0.372100512880713,0.2760014287830076,0.08680992917917034,0.42032248654981547,-0.05715281550216541,0.0562951094963467,-0.22150719877476624,-0.32559120680397374,0.057251058080103834,-0.004356382020826644,0.13559524903621836,0.2652223132028311,0.0068447501891344105,-0.19432918487947234,-0.03932749310502353,0.5431084295888153,0.705294940824068,0.142539547405574,0.37216544299083987,0.008506083950492578,-0.13121605064358316,0.15839588614965275,0.22865364036164693,-0.25706318995811417,0.2493041523040814,-0.14411588332268355,-0.3051393789665755,0.14772191623384923,0.3648109300647367,0.03904989399329511,0.08431805265700133,-0.06656914732169107,-0.07598461804309758,0.04429171171383266,0.04287836904021804,0.14994420326037503,0.43191782544709634,0.22946408000766896,-0.15141126242764683,-0.3460635218514956,-0.7131835093846342,0.26353723975516946
-1.7866905691922352,-0.7082854529803394,-1.252400399665811,-1.055997720071639,-0.3161162848920411,-1.6472569382534148,-0.9640612489336191,0.2851077602665758,-1.0984443177962795,0.24886927207001566,-1.0749801789341196,-0.36512835193782156,-0.36024227345251125,-2.1735660332442155,0.4682664384782974,0.911222493689357,0.48005325185140235,-0.09393704449380601,0.19325509217444306,-0.05619901549841267,-1.0250781489705822,0.6193726919417114,-0.8585687060866792,2.1784678035648253,0.02142386339636146,1.3411359960679756,-0.14411588332268355,1.6231042519064443,1.9474003696635822,-1.587323731323537,0.060489319862599755,-0.9331084416634767,1.8155317871019179,1.2700973232829067,1.8792440958836374,-1.4632968366965131,-1.1046595647652677,0.7795038691355249,-0.0456318538269776,0.6919015883404952,-0.16715553422294166,0.24754697437876094,1.4247376281189952,0.7300605822209071
-1.7597611213217301,-1.47861885732185,-3.822741823610355,-3.21473353620488,-0.07994219574171216,-3.024311484270968,-1.7772272083650953,1.164339424152541,-2.1770586671724868,0.5531528419073999,-2.4500940766243677,-1.129103555411377,-0.8336256860612453,-5.242383566582399,0.6771854363212876,1.8104609047299909,1.8408442204774729,-1.2747201070258982,-0.1734588876477132,-0.9279553961371666,-2.3647368145820415,0.5693414552513013,-1.4733321545837577,3.927814231761488,-0.30469183319539495,2.4936053856228746,-0.3051393789665755,1.9474003696635822,4.79139337387456,-2.987962381537116,-0.030300575171109574,-2.017269189002051,2.6466998273243605,1.577835394865587,3.046894423824361,-3.3827819495727063,-1.6069188369904894,0.8481858549133391,-0.10385273932132505,-0.9824052157333715,0.08476076784735523,1.0333743327254459,2.7280460735720093,1.5357056144404597
1.5448463595304676,1.1211022259699908,2.1105186277733217,1.838966378659271,7.247296792189305e-4,1.8926559568972696,1.224217807849269,-0.6533750449735063,1.5951138885030862,-0.3616807216286756,1.5435022794287232,0.7820936793800962,0.43180954681945544,3.245387024171321,-0.4368867116668181,-1.147896819548778,-1.0790260021518843,0.4826148884796442,-0.14293458602193976,0.36583928561205203,1.4562527704232167,-0.48818074143915,1.051844138795536,-2.785968088403252,0.052052895387650684,-1.7772025060793069,0.14772191623384923,-1.587323731323537,-2.987962381537116,2.078520717815035,-0.24185091215235296,1.458521507120281,-1.9957174281683179,-1.257911018103239,-2.283859031041792,2.0961151704400445,1.2309400408365156,-0.8655309820965272,-0.11305269724534797,0.14053641931349298,0.19465214027360808,-0.43432738477331884,-1.5905533508481673,-1.0901414027807201
-0.004719746283752843,-0.9117034731889668,0.6989195369142185,0.36882115997485543,0.8689744334641142,0.9164803762125181,-0.014601763520010982,0.155618169268848,-1.0164583667212952,-0.18424088977738257,0.08937754214333263,-0.5273266276656061,0.550220260799382,0.19176173609647823,-0.26187640606747237,-0.4121065921244703,0.2970597672439199,0.8705743374042489,1.2917349352295229,0.3628798839811771,0.4064785207356265,-0.17500510575391795,-0.19027110785453208,0.7221892677739036,0.5928818278030161,0.1959981377516916,0.3648109300647367,0.060489319862599755,-0.030300575171109574,-0.24185091215235296,1.2694835984768083,-0.6959145233945642,0.3160531960218412,0.05940890903374885,0.5195619228359002,0.2962968919122091,-0.16191444599633315,0.8739057634948223,1.1301901202686564,0.2232830749405461,-0.8460003545650069,-0.8675230121823537,-1.6733826231877522,0.7181430128404492
0.7468836642976273,1.0458004464706718,1.1214125382466835,1.1384910369739196,-0.574921866762406,0.7423724833793897,0.694456310788442,-0.465641528623137,1.3608027938960716,-0.3724893078443411,0.9091582778236348,0.8748643796397849,0.0093559161877437,2.018984473983185,-0.02050038325171005,-0.5678486355023873,-0.9160609097277634,0.22869826508103877,-0.21822058452507226,0.1380481589802187,0.9120921713163499,-0.09294597255520153,0.610461878300463,-1.8579677815447915,-0.10335042226016683,-1.3939190535072672,0.03904989399329511,-0.9331084416634767,-2.017269189002051,1.458521507120281,-0.6959145233945642,1.3812577048379076,-1.1552070853770957,-0.7017413865916116,-1.6636529440885575,1.1264269191811944,0.7954695933152451,-0.876332549050053,-0.4620452032773564,0.39446125709711766,0.5269637781946677,-0.014864514797345331,-0.4227277651074135,-0.8477547959952121
-2.065001851369829,-1.268449934242183,-1.8361782957344834,-1.4925602678376904,-0.38164473612391353,-1.9541342557988306,-1.3953798810331355,0.6677494221748419,-1.815182109979859,-0.11550404790551441,-1.575933825553127,-0.4821113744813257,-0.45317147222759996,-3.084137643295777,0.7201487902924353,1.0788344246931105,0.8436077159196873,0.21359841520209139,1.1044584466728216,-0.18993110435226562,-1.0751457809260871,0.7755544730659845,-1.3456519903753403,3.256783678870321,0.23314124273797915,1.4014671855779819,0.08431805265700133,1.8155317871019179,2.6466998273243605,-1.9957174281683179,0.3160531960218412,-1.1552070853770957,2.5214714760647974,1.5228211891079704,2.32262710121632,-2.203019430000125,-1.3525421892463951,1.0254464916037953,0.37057597932569575,0.7666161670146058,-0.17239201632981194,0.13318342996769533,1.2186930346872384,1.4229054846366291
-1.4306959675560789,-0.6185495204980703,-1.0635733931057274,-0.8633274122342852,-0.2920248568925263,-1.3330265814454887,-0.7983402433424912,0.28683112379255765,-0.9567178391227177,0.09781399024965876,-0.8992292548699378,-0.2574626757896058,-0.30005955431605214,-1.799456848385886,0.4253557959138199,0.7148950391992942,0.41151169849172964,-0.005166781831198956,0.35403424515667137,-0.07300863170383093,-0.7677921135606592,0.5113718474674657,-0.7405201767390477,1.854337382610783,0.06651397981382189,0.9834507395079587,-0.06656914732169107,1.2700973232829067,1.577835394865587,-1.257911018103239,0.05940890903374885,-0.7017413865916116,1.5228211891079704,1.0204595794594329,1.4810350049985646,-1.2340769740150117,-0.8777982746529372,0.6226619944351721,0.027679303305289234,0.5893513158139356,-0.10279154098357515,0.16799631735548115,1.0405389067189146,0.6866874632054172
-1.8945110925921516,-1.3613506711437684,-1.9206123071213395,-1.7375068817348267,0.07198199907914203,-1.8723441020445177,-1.3569076318334523,0.6386006858867037,-1.8760337566593606,0.3309342265869434,-1.597998636719287,-0.8815718040481785,-0.35177294151610944,-3.2993095112694757,0.45492976619728087,1.1619039408129928,1.0723536830276352,-0.178817784456198,0.4590927267444775,-0.20046040685479502,-1.4294211893637565,0.590528501796862,-1.2068816751622489,3.158740393382986,0.09026578738045284,1.9620787557494495,-0.07598461804309758,1.8792440958836374,3.046894423824361,-2.283859031041792,0.5195619228359002,-1.6636529440885575,2.32262710121632,1.4810350049985646,2.6318455829035403,-2.1490523052284862,-1.4287485187336701,1.174610721772867,0.3358341720625058,0.2174385707213859,-0.41960377584337194,0.22876751403182344,1.4208593116481456,1.2768106314740946
1.4850219365739228,1.0339283818572207,2.822878532475229,2.390706816672079,0.6907129635194795,2.4474764083357092,1.7939048706598222,-0.839857850913442,1.2955185588732467,-0.013579033932798334,2.0625935474514536,0.5786466537681305,0.9269497138459052,3.980384210303899,-0.7898405282878896,-1.6042179091817463,-1.0814520191596593,0.5585616353220507,0.03493220448457675,0.6470059413949307,1.6253323912469533,-0.7661233881001073,1.4342649700548533,-2.987349157099802,0.3915994580457454,-1.6190497380622308,0.04429171171383266,-1.4632968366965131,-3.3827819495727063,2.0961151704400445,0.2962968919122091,1.1264269191811944,-2.203019430000125,-1.2340769740150117,-2.1490523052284862,3.1496063403098833,1.2504868381686003,-0.3233621079643317,0.1984999604318005,0.4081991024626216,-0.41283547399245063,-0.9043231887463404,-2.522530633829997,-1.0925444626425553
1.1732628206995093,0.6726179645954866,1.0452768271900141,0.9211067771366034,0.14185583295249296,1.150061323754657,0.8044002287923349,-0.31168019506985006,0.9316641919495176,-0.13281124150702028,0.897967321237632,0.3771776022189951,0.2652840618322227,1.7930417362737898,-0.33014916441624415,-0.695157465059011,-0.4856253955702559,0.050912669479103737,-0.23636120616825668,0.09320809209884702,0.7737311117281676,-0.42075277073500356,0.706014761195442,-1.7332810185502805,-0.01773099432299345,-1.0269874066564293,0.04287836904021804,-1.1046595647652677,-1.6069188369904894,1.2309400408365156,-0.16191444599633315,0.7954695933152451,-1.3525421892463951,-0.8777982746529372,-1.4287485187336701,1.2504868381686003,0.8144097706614138,-0.5847251182852632,-0.09115783709969945,-0.2918836392094932,0.14163658052145942,-0.17282577324772816,-0.9527823369356021,-0.6563327816382923
-0.8272859435870458,-0.9098069232589483,-0.11735322580327848,-0.19532481955931583,0.49112777723764395,-0.13738185499706898,-0.33091234186701196,0.24480031841888186,-1.2444678566596967,0.00991466708829203,-0.36821847197952784,-0.4964235918170823,0.24911483576046428,-0.8169102399056687,0.02693011021158082,0.06817868138214554,0.4439259858803821,0.49353038822432715,1.0342203177236395,0.19845971717735233,-0.17712510699489312,0.11577269447052968,-0.4579965308388275,1.482251123017381,0.46917469088605807,0.6963850713089891,0.14994420326037503,0.7795038691355249,0.8481858549133391,-0.8655309820965272,0.8739057634948223,-0.876332549050053,1.0254464916037953,0.6226619944351721,1.174610721772867,-0.3233621079643317,-0.5847251182852632,0.9823518297019318,0.7466382618496804,0.5000752150403417,-0.6690005131021,-0.5035802087790748,-0.5908545892227132,0.8440493505926001
0.02028986246148885,-0.8688226529863293,0.577054807942441,0.36705625737729103,0.6709512502489617,0.8415145397484496,-0.03156484486245861,0.2300342924608605,-1.0055163548904231,-0.3978270020174053,0.05056730662064564,-0.35911737296198926,0.473582698823373,0.1639309195356601,-0.13408030178781732,-0.43259911570378057,0.2706787156384272,0.9519069335207558,1.5647665342915327,0.28509193636185926,0.5261089697397878,-0.13031558068163043,-0.2538668712822312,0.7824306440328337,0.6329734016752318,-0.07907367601976459,0.43191782544709634,-0.0456318538269776,-0.10385273932132505,-0.11305269724534797,1.1301901202686564,-0.4620452032773564,0.37057597932569575,0.027679303305289234,0.3358341720625058,0.1984999604318005,-0.09115783709969945,0.7466382618496804,1.128567313584824,0.3113740626617153,-0.6770311435329125,-0.8525096367089094,-1.7325730899399228,0.809635510079219
-1.1880375104811771,-0.06494879526620323,1.0982949229792198,1.027639722758676,-0.48302740929482724,0.05366241972241478,-0.05570083505847568,-0.3136003410281667,-0.1750352318684079,-0.45681945361401477,0.2874620042401554,0.4751933437820765,0.14367428216262917,0.8813197080021062,0.2956083201191726,-0.21807084182989167,-0.675947942524725,1.196667335984727,1.2068741877963152,0.595531060885202,0.6347247503724077,0.4849650150804337,-0.25822262582667416,0.42842922282320056,0.49132054043432877,-0.3754941354022469,0.22946408000766896,0.6919015883404952,-0.9824052157333715,0.14053641931349298,0.2232830749405461,0.39446125709711766,0.7666161670146058,0.5893513158139356,0.2174385707213859,0.4081991024626216,-0.2918836392094932,0.5000752150403417,0.3113740626617153,1.9509037263768654,-0.2547729584544618,-0.6390893400635826,-0.5866409609169028,0.22417879365530494
0.12317365215677031,0.5266293888952875,-0.5996757371021506,-0.3493565390210879,-0.6551271785768302,-0.6048698215313812,-0.10558915903785131,-0.001815246803828059,0.6378536028136577,-0.039471770888764864,-0.16957824722423873,0.372006234769589,-0.4247494628282317,-0.27185602862258745,0.23945976634352734,0.30155048564548165,-0.1417212265749891,-0.5001415636069451,-0.6772848857938406,-0.30884642056586153,-0.21369928764444443,0.14097637303087057,0.02413358304611844,-0.37839459701405637,-0.3962666727692849,-0.25245852818525383,-0.15141126242764683,-0.16715553422294166,0.08476076784735523,0.19465214027360808,-0.8460003545650069,0.5269637781946677,-0.17239201632981194,-0.10279154098357515,-0.41960377584337194,-0.41283547399245063,0.14163658052145942,-0.6690005131021,-0.6770311435329125,-0.2547729584544618,0.6608964475705608,0.593271833557832,1.055767991057016,-0.3645859403602899
-0.1513276095524195,0.35384143028527004,-1.25359501497126,-0.9806041719253964,-0.5150065623295912,-1.1519954380106028,-0.3573352964571248,0.10647826095145034,0.38035622654510637,0.3515989479000375,-0.5525040416382914,0.032839376046706496,-0.5483835022502336,-1.1896898913970622,0.22400683219993675,0.6835563961533491,0.20055530125132243,-0.9922549216999316,-1.2345123952175552,-0.4570320097292949,-0.8371097727000051,0.17055493057025015,-0.10383341544155923,0.10751439976029663,-0.5828884473655429,0.47794868715035405,-0.3460635218514956,0.24754697437876094,1.0333743327254459,-0.43432738477331884,-0.8675230121823537,-0.014864514797345331,0.13318342996769533,0.16799631735548115,0.22876751403182344,-0.9043231887463404,-0.17282577324772816,-0.5035802087790748,-0.8525096367089094,-0.6390893400635826,0.593271833557832,0.8874990958254987,1.814301709131203,-0.31014060694290985
-1.3842235027615533,0.40035713254826355,-2.7416552705997432,-2.229733770895038,-1.3226899489985524,-3.021712153009696,-1.2963620281079766,0.1966968504245603,0.379267254730204,0.771730836939567,-1.5727262388727796,-0.057119564536947505,-1.2831053323997994,-3.1682495978160468,0.6978344066118262,1.842249406322905,0.3981853928166686,-1.7520311857684332,-2.405507517276812,-0.7506747888833131,-2.071222365892766,0.7760844919222628,-0.6945957736682099,1.1918790457523634,-1.174781965055746,1.628888591493068,-0.7131835093846342,1.4247376281189952,2.7280460735720093,-1.5905533508481673,-1.6733826231877522,-0.4227277651074135,1.2186930346872384,1.0405389067189146,1.4208593116481456,-2.522530633829997,-0.9527823369356021,-0.5908545892227132,-1.7325730899399228,-0.5866409609169028,1.055767991057016,1.814301709131203,4.41503797749815,-0.38378420019711934
-0.8181884281449064,-1.1483907468336363,-0.9828997309817227,-0.7977861688722034,0.24035208704258745,-0.6098043987726668,-0.6706482805537056,0.6207920382743216,-1.5837189913775678,-0.2920239180411874,-0.8575088153514963,-0.4689177040900544,0.004196006909588246,-1.7465171554016021,0.3002618251490903,0.3019018736929985,0.7823113013504516,0.4110578504441292,1.4721642576967342,-0.12776018969601677,-0.32868711456980076,0.21841556017515085,-0.7990493503949624,2.1610679973840954,0.4659442134761805,0.5994065703904128,0.26353723975516946,0.7300605822209071,1.5357056144404597,-1.0901414027807201,0.7181430128404492,-0.8477547959952121,1.4229054846366291,0.6866874632054172,1.2768106314740946,-1.0925444626425553,-0.6563327816382923,0.8440493505926001,0.809635510079219,0.22417879365530494,-0.3645859403602899,-0.31014060694290985,-0.38378420019711934,1.2801293139682068
