V1,V2,V3,V4,V5,V6,V7,V8,V9,V10,V11,V12,V13,V14,V15,V16,V17,V18,V19,V20,V21,V22,V23,V24,V25,V26,V27,V28,V29,V30,V31,V32,V33,V34,V35,V36,V37,V38,V39,V40,V41,V42,V43,V44
29.629027772450083,-26.294209010425433,12.494108784031246,16.677429649254453,14.15900909085683,-1.6991421201472927,13.425812880251346,17.02184285394593,0.30331245850012595,2.7227645340168127,32.28740560303926,14.212186849923754,-15.134852960876454,22.985649931952786,25.064281088722595,5.584009647438741,-28.40649068751904,-7.905051667115037,26.123817715796935,-30.910964296578843,-5.8632415034654155,-15.743535740265704,18.71507110691968,-3.499267884379903,-5.340707483258924,12.789850859609292,7.669382533523211,-9.542890600631436,12.398755333813554,-4.345475104732217,9.177275180646676,7.04114448341058,9.233796828533809,16.87008975847322,-4.305773524662448,10.922229582295811,-17.418071269296032,-0.006671781425680416,6.931570198773956,-7.310772403802999,3.4380340370609153,19.309078202236094,-20.575792575069126,-2.2996685403969392
-26.294209010425433,24.331901220415233,-11.464530319482643,-14.795059223473668,-12.334912743460524,1.558813847654221,-12.258864983921029,-15.135785149468145,-0.5094753564911819,-3.23915017409858,-28.699182230534856,-12.628937247728597,13.619733727117616,-20.935934691080437,-22.77872212187634,-4.743873970050225,25.790495960778404,7.413756140825764,-23.082730489250878,28.418804912869845,5.27058571822661,14.080537478550678,-16.676309831639152,3.4029275515662163,4.452930752188852,-12.3036314398079,-7.178828096253745,8.074275358424297,-11.923169292937494,4.15803929165064,-7.950408866223453,-6.910889491015674,-9.092024437154434,-15.602260620253281,4.187571303595276,-9.819540686813177,16.076649894057404,-0.114680330926212,-6.281959164366015,6.6167888333900295,-3.468989689203916,-17.480777330583987,18.468387061775015,1.8088193296265733
12.494108784031246,-11.464530319482643,5.854086344402173,7.236464848862938,5.678808725907014,-0.4407948610630212,6.002884139210588,7.034149351990389,0.48195573128306013,1.6821455300938672,13.637122627098632,6.004740013378569,-6.293568759089881,10.389229986486562,10.663820583589468,1.916760456592647,-12.296587368786806,-3.3610915955733653,10.728781370018254,-13.405054133881869,-2.2098407542636407,-6.592236354206248,7.9734680917168355,-1.9711164343654395,-2.007123438292825,5.77987505499406,3.422649974356084,-3.800461110525816,5.436232639134273,-1.6845291797423445,3.5926366993240952,3.632138461352345,4.238983177479348,7.25488829395637,-2.393717981162336,5.037952846073663,-7.406130437874935,0.16612642145791637,3.0219199577537394,-3.059858830976527,1.819369887399233,8.140855768082808,-8.942336194875754,-0.9327781546742735
16.677429649254453,-14.795059223473668,7.236464848862938,9.580930994180383,7.740953431622016,-0.8075769020733867,7.607062182642499,9.613894081096015,0.22789854288151465,1.6589842613550816,18.062781534048554,7.950645374897221,-8.447961663654146,13.034267006802208,13.95917092809044,2.80154713555818,-15.834264448963143,-4.304360842438276,14.493192908319257,-17.220527051983982,-3.011775315810617,-8.700317339800897,10.584197886449592,-1.9324248691189119,-2.974597950545065,7.228272588943889,4.254010376980505,-5.221050715227863,6.974407784249683,-2.322232639096653,4.882231924147921,4.216110450226448,5.301961331451071,9.394545867190525,-2.7140479889305267,6.4344758601628405,-9.504578745051429,0.3646955590971921,3.9932669947892485,-3.994240946053178,2.1554176726193934,10.78853140310702,-11.5980269718227,-1.2798797654307006
14.15900909085683,-12.334912743460524,5.678808725907014,7.740953431622016,7.120824188149699,-0.9612473692423842,6.297242686891287,8.047876351706492,0.05678038240020181,0.9539105301759868,15.585666025559794,6.848098564209201,-7.265212501868016,10.815437339882005,12.04345856032353,3.143954517180992,-13.683019875614814,-3.8615052341613225,12.779256072429636,-14.777108502806437,-3.15643208408804,-7.717829568339998,8.865225119070242,-1.7242917869915728,-2.6447062887428463,5.827666983660558,3.68195248903373,-4.874684952688892,5.662439087112203,-2.1389748196748575,4.807233092037489,2.913335430321641,4.035464403696822,8.045153874275877,-1.6309231735725853,4.853103683568449,-8.566517503919485,-0.5447048077439168,3.158476886265452,-3.6173460576174454,1.2571997292613,9.229323667888652,-9.805762937157454,-1.1999236519086056
-1.6991421201472927,1.558813847654221,-0.4407948610630212,-0.8075769020733867,-0.9612473692423842,0.3634849886025853,-0.6420203507570631,-1.1350099184115403,0.18565564813564459,-0.0157584591147352,-1.8915941076960605,-0.8227795866372245,0.9829175102058375,-0.9716887674548499,-1.557718121322183,-0.5919062497410388,1.6016081055029234,0.5028122323400506,-1.716687639539538,1.8266785009630155,0.5834663239429363,0.9427434067949961,-1.0438944959192642,-0.11594061279701547,0.4229777937386417,-0.7841195805035871,-0.3979698549945304,0.5477630801474465,-0.9217029221666581,0.4523517955398691,-0.6659366632787205,-0.1251396888713683,-0.5796654325096404,-1.1011580613338454,-0.09346165633295,-0.3850255570900028,1.1456797684714046,0.02165284986493768,-0.3961474095801908,0.48431706939147157,-0.09445558810033604,-1.2185907041680857,1.0544519788732694,0.0977737340983327
13.425812880251346,-12.258864983921029,6.002884139210588,7.607062182642499,6.297242686891287,-0.6420203507570631,6.343943464566416,7.583894581835849,0.3923887139894943,1.6176533931703523,14.712824954116302,6.485028645547502,-6.84024267080994,10.924446729210041,11.547992017678125,2.3687262464149574,-13.235420212169917,-3.731738248173229,11.736282512514725,-14.446048020997978,-2.6007813333754015,-7.205982852899463,8.518026036047932,-2.017972085316388,-2.2266407364109466,6.12482854113127,3.6773513614364255,-4.221774890912531,5.8169364297397035,-1.9419333859835581,4.09054580745749,3.599235103670909,4.4420929203566315,7.83866896105461,-2.2602149652918886,5.119255256891302,-8.141674145566595,-0.09346654637337791,3.1794826578496322,-3.369427740416808,1.7299908494214167,8.814734578429528,-9.525948177923445,-0.990789090075894
17.02184285394593,-15.135785149468145,7.034149351990389,9.613894081096015,8.047876351706492,-1.1350099184115403,7.583894581835849,10.03386825412563,-0.04080425378197679,1.5201050782526304,18.437487366770284,8.112186126572183,-8.75526363133221,12.823882380517428,14.345522253306516,3.1444934305383048,-16.045441874298806,-4.42089541985324,15.011158171167795,-17.576754985399052,-3.3267945882309786,-8.884998064203037,10.771372904535472,-1.5178574218184464,-3.1908944423417207,7.436259892029454,4.252414144976972,-5.292132301308256,7.388697941938158,-2.605496138607888,5.101525234270382,3.965893563151804,5.487563598805899,9.709576824414034,-2.3735792728478,6.295543500406205,-9.808339430870197,0.4404240704908561,4.083432994605116,-4.134138835311566,2.1070257119882188,11.137225203275628,-11.649642169944684,-1.2531165710169718
0.30331245850012595,-0.5094753564911819,0.48195573128306013,0.22789854288151465,0.05678038240020181,0.18565564813564459,0.3923887139894943,-0.04080425378197679,0.31654854085369893,0.35841067279467564,0.4167143751638476,0.18316049999457543,-0.11223129250396933,0.810287534527089,0.3933785566023858,-0.09805693572476498,-0.6572643296758958,-0.23117155679966503,0.15030883036588688,-0.6920547953397239,0.016279682786821147,-0.2709970430508395,0.21951497069555467,-0.5869400437247836,0.1565956072544732,0.3263797975543483,0.29499078556091457,-0.09502290645843409,0.13360359895757362,0.04721108796542731,0.07250126404518507,0.4584052257178448,0.21445100527802843,0.29166667870836166,-0.38209837989079354,0.2764917373163815,-0.40297735244556154,-0.22168848953029863,0.06353959318479586,-0.12286350380848209,0.13520358887826436,0.21051962174817804,-0.44367761571274256,-0.019198662929444357
2.7227645340168127,-3.23915017409858,1.6821455300938672,1.6589842613550816,0.9539105301759868,-0.0157584591147352,1.6176533931703523,1.5201050782526304,0.35841067279467564,1.0754318847102413,2.954658615372091,1.3123830869845556,-1.4648604577419302,2.7857450193960855,2.656316034777075,0.0894061501966707,-3.0790818686521275,-0.9949889958782834,2.1265617815003366,-3.6186777604089895,-0.3772056030210709,-1.4637226457283687,1.8118956179629928,-0.7338971713632293,-0.17492979370936737,1.994405276763838,1.0190326732120745,-0.4746716001558596,1.8390095617719984,-0.5060894469145008,0.5170491102651152,1.4435005258433438,1.633397900264567,1.9883287672982508,-0.9771048286639819,1.331233748407142,-1.972860876546149,0.23539138329026965,0.7784237974132558,-0.7176509425153433,0.8044630505965513,1.9926913721921151,-2.130801556924131,-0.020751380938507653
32.28740560303926,-28.699182230534856,13.637122627098632,18.062781534048554,15.585666025559794,-1.8915941076960605,14.712824954116302,18.437487366770284,0.4167143751638476,2.954658615372091,35.35762262605067,15.558693153651816,-16.497120411697388,25.234422898389766,27.471457464091674,6.300485736241731,-31.24370241023495,-8.733831512905333,28.6229377253919,-33.936298400158464,-6.58427743128172,-17.313806769365094,20.37153969738306,-4.085830612480198,-5.778308261280866,13.944869579272185,8.47254585830869,-10.532654850804459,13.468363672539773,-4.753210087415522,10.22730722307071,7.6184596056472484,9.966078595008788,18.495683245493847,-4.585013935810121,11.780771267476922,-19.26861661768641,-0.38973131714938036,7.495876760491928,-8.075986009838223,3.605747795504067,21.075474070282038,-22.523267591433722,-2.5418359328879845
14.212186849923754,-12.628937247728597,6.004740013378569,7.950645374897221,6.848098564209201,-0.8227795866372245,6.485028645547502,8.112186126572183,0.18316049999457543,1.3123830869845556,15.558693153651816,6.876162582019964,-7.2525639466343375,11.117492893951058,12.095904840139081,2.773545951787928,-13.757883410440018,-3.8475957973784936,12.575448110690434,-14.958706137730411,-2.8854731402943004,-7.610987706870998,8.970119585799054,-1.8085291663534375,-2.538845050252397,6.165785885228489,3.7225047869997905,-4.609761377603466,5.947668296608283,-2.07835332437996,4.497491052563359,3.369273010579756,4.407619371296883,8.129312993954521,-2.0267355540265903,5.185886056955795,-8.497524174144207,-0.16331314383372517,3.290102526389311,-3.551488888487124,1.6013858955210134,9.28791144194188,-9.900521132274108,-1.1050766915177812
-15.134852960876454,13.619733727117616,-6.293568759089881,-8.447961663654146,-7.265212501868016,0.9829175102058375,-6.84024267080994,-8.75526363133221,-0.11223129250396933,-1.4648604577419302,-16.497120411697388,-7.2525639466343375,7.84004765846395,-11.664343443567725,-12.944956106463781,-2.9392591176338643,14.58418692309186,4.160102561204984,-13.41944162465836,15.975269670356061,3.1119789274322796,8.099703077655029,-9.554260364840824,1.7017542476141894,2.7232158418255072,-6.694195275470573,-3.974465003941824,4.835137325394643,-6.547303062746526,2.376222014098522,-4.724068565448401,-3.5751229466077583,-4.885880935563952,-8.775976144682245,2.1168245360714306,-5.465756646345174,9.078552581580091,0.02903423244572275,-3.5434330735324044,3.7799022532686535,-1.7563921343560402,-9.97894926383276,10.48113602421899,1.1204086035802732
22.985649931952786,-20.935934691080437,10.389229986486562,13.034267006802208,10.815437339882005,-0.9716887674548499,10.924446729210041,12.823882380517428,0.810287534527089,2.7857450193960855,25.234422898389766,11.117492893951058,-11.664343443567725,18.939736886117334,19.757850613444884,4.053080650927064,-22.784524259494088,-6.416753590845323,20.0563644245212,-24.778463690947984,-4.445001516775546,-12.407105386455058,14.575895359363196,-3.7393109746169255,-3.742992488904903,10.392302121338195,6.373698160612449,-7.343495161831213,9.751932908648604,-3.2300960799259326,7.0767707671545415,6.221365656699682,7.46916467933636,13.37471700430304,-3.9605638911885293,8.788606612654599,-13.996441174229192,-0.38341504356227735,5.377343593143636,-5.779874298678539,2.8991720968771566,15.03784713299144,-16.4146851581087,-1.7607502443053942
25.064281088722595,-22.77872212187634,10.663820583589468,13.95917092809044,12.04345856032353,-1.557718121322183,11.547992017678125,14.345522253306516,0.3933785566023858,2.656316034777075,27.471457464091674,12.095904840139081,-12.944956106463781,19.757850613444884,21.63450713548355,4.889099426808896,-24.54455803561426,-7.031533437240383,22.22839158020794,-26.870502970046232,-5.2254642921481125,-13.5340896123617,15.8313973251003,-3.2595899864399622,-4.3655194482442745,11.301056324184046,6.7658590241859695,-8.006023582316411,10.941400617086787,-3.90298526307578,7.912366715339305,6.148994084230749,8.185578794411148,14.699180576784027,-3.640060283900247,9.100127062049552,-15.346981688703696,-0.31422598073105856,5.854289404821071,-6.359194995222411,2.94567922310346,16.575384543080016,-17.54501368219196,-1.8447780155648312
5.584009647438741,-4.743873970050225,1.916760456592647,2.80154713555818,3.143954517180992,-0.5919062497410388,2.3687262464149574,3.1444934305383048,-0.09805693572476498,0.0894061501966707,6.300485736241731,2.773545951787928,-2.9392591176338643,4.053080650927064,4.889099426808896,1.7355650115650314,-5.53172466900526,-1.6523666518279534,5.351962144898114,-5.93629126537887,-1.629828628295985,-3.237647816383285,3.4237146081206506,-0.6631917408789991,-1.135971445106301,2.1445030817063517,1.4782434876777713,-2.1600579244744544,2.136883112186985,-0.9748298347506049,2.299459776588792,0.7163074602142476,1.3469089904498976,3.2383881393729004,-0.18987506133682677,1.5161091230100319,-3.6993681167901435,-0.7019235749258922,1.1120077385062925,-1.5640124127915158,0.15348683345443276,3.7086121546159885,-3.808919184295585,-0.5229408374058542
-28.40649068751904,25.790495960778404,-12.296587368786806,-15.834264448963143,-13.683019875614814,1.6016081055029234,-13.235420212169917,-16.045441874298806,-0.6572643296758958,-3.0790818686521275,-31.24370241023495,-13.757883410440018,14.58418692309186,-22.784524259494088,-24.54455803561426,-5.53172466900526,28.060128156223197,8.01511834471599,-25.159530805957903,30.59478688357019,5.912127353704823,15.43556019099932,-17.941202312375555,4.140424935244028,4.837223366766207,-12.750044168078974,-7.785756656308284,9.196352201484675,-12.186576515019707,4.282405865966029,-9.064110068972404,-7.102921553154732,-9.13167651937991,-16.636227008143933,4.269892292105814,-10.382929448964074,17.50976755357938,0.6601482243211371,-6.577804920517592,7.247810167382482,-3.285187278305908,-18.721346164743196,20.05696568293546,2.1587236851697207
-7.905051667115037,7.413756140825764,-3.3610915955733653,-4.304360842438276,-3.8615052341613225,0.5028122323400506,-3.731738248173229,-4.42089541985324,-0.23117155679966503,-0.9949889958782834,-8.733831512905333,-3.8475957973784936,4.160102561204984,-6.416753590845323,-7.031533437240383,-1.6523666518279534,8.01511834471599,2.4815852027853076,-7.073632590605986,8.833393868641911,1.7720165689081968,4.448871308841549,-4.976495002417795,1.2905836781581177,1.2653301745907413,-3.727307276353454,-2.3134258869712085,2.5906763935971284,-3.540370099376178,1.3417912533490912,-2.6262684015710325,-2.005478705567172,-2.689240263938927,-4.810307142414812,1.1558556902209072,-2.729977503960622,5.185787689578188,0.4259075934239238,-1.7994157592151223,2.1050806821611245,-0.8511061109678755,-5.3409726610777035,5.615421268871662,0.5280243187098101
26.123817715796935,-23.082730489250878,10.728781370018254,14.493192908319257,12.779256072429636,-1.716687639539538,11.736282512514725,15.011158171167795,0.15030883036588688,2.1265617815003366,28.6229377253919,12.575448110690434,-13.41944162465836,20.0563644245212,22.22839158020794,5.351962144898114,-25.159530805957903,-7.073632590605986,23.361396574471662,-27.321830834336314,-5.5096602819732885,-14.054369112866716,16.43829312868708,-3.0379348496513776,-4.80258091889971,11.114095401220888,6.781250520578086,-8.641219308134028,10.842669085287778,-3.962718492458376,8.436036336937937,5.818768398086723,7.918156135626351,14.953960550756497,-3.3866439415961334,9.292207538547876,-15.605894972287194,-0.4202499651139431,6.028086215363667,-6.565327034379066,2.7260908590967805,17.075082678527348,-18.102340913605317,-2.0725807904520717
-30.910964296578843,28.418804912869845,-13.405054133881869,-17.220527051983982,-14.777108502806437,1.8266785009630155,-14.446048020997978,-17.576754985399052,-0.6920547953397239,-3.6186777604089895,-33.936298400158464,-14.958706137730411,15.975269670356061,-24.778463690947984,-26.870502970046232,-5.93629126537887,30.59478688357019,8.833393868641911,-27.321830834336314,33.57036813769664,6.443821268884543,16.77082935504911,-19.548748830749943,4.378428917370003,5.216018323958599,-14.257442009253126,-8.532516452439841,9.779842551728548,-13.709516858538402,4.824296637907455,-9.731579586308253,-7.9070849505822745,-10.343425433736549,-18.316263334505972,4.7194774474689565,-11.314427112981477,19.209492663830044,0.4959644929663032,-7.222981363559039,7.909484287899162,-3.767926378486814,-20.529578460960106,21.794292199875084,2.2259767269387503
-5.8632415034654155,5.27058571822661,-2.2098407542636407,-3.011775315810617,-3.15643208408804,0.5834663239429363,-2.6007813333754015,-3.3267945882309786,0.016279682786821147,-0.3772056030210709,-6.58427743128172,-2.8854731402943004,3.1119789274322796,-4.445001516775546,-5.2254642921481125,-1.629828628295985,5.912127353704823,1.7720165689081968,-5.5096602819732885,6.443821268884543,1.6394238311123766,3.3609800861286994,-3.6316420607441695,0.7518662364713867,1.1042513310957007,-2.536316811638841,-1.6348425664430752,2.096399087020716,-2.5180790148919714,1.0653555736686566,-2.2519627954358503,-1.0352233322246778,-1.7092486589302147,-3.548940092282465,0.40933886061840374,-1.7478187303223454,3.939744292185165,0.542288590087918,-1.2398550440318679,1.6370367812490818,-0.3762282084487173,-3.956279233543467,4.074830105758827,0.49137826162411863
-15.743535740265704,14.080537478550678,-6.592236354206248,-8.700317339800897,-7.717829568339998,0.9427434067949961,-7.205982852899463,-8.884998064203037,-0.2709970430508395,-1.4637226457283687,-17.313806769365094,-7.610987706870998,8.099703077655029,-12.407105386455058,-13.5340896123617,-3.237647816383285,15.43556019099932,4.448871308841549,-14.054369112866716,16.77082935504911,3.3609800861286994,8.611409365372856,-9.902481816978046,2.198834926557481,2.757883213700035,-6.818898687617368,-4.2594624188165975,5.265654373152074,-6.529900590175774,2.391338438496213,-5.166256525321958,-3.665040195152169,-4.8273674136187035,-9.116921489179635,2.1658225130807818,-5.579138213305853,9.664946707358524,0.5417461660228178,-3.5821942718293123,4.025846718246835,-1.6166667130197816,-10.338350968772973,11.041285828109451,1.2368247803010537
18.71507110691968,-16.676309831639152,7.9734680917168355,10.584197886449592,8.865225119070242,-1.0438944959192642,8.518026036047932,10.771372904535472,0.21951497069555467,1.8118956179629928,20.37153969738306,8.970119585799054,-9.554260364840824,14.575895359363196,15.8313973251003,3.4237146081206506,-17.941202312375555,-4.976495002417795,16.43829312868708,-19.548748830749943,-3.6316420607441695,-9.902481816978046,11.843009093656955,-2.2111917143567723,-3.3489773936344114,8.162039634736674,4.84643472174401,-5.949646364790118,7.910697803251626,-2.7326045383393356,5.704565082903799,4.561730654362588,5.929870657518419,10.675432188129701,-2.8178073087418425,6.987786871621577,-10.965702866499347,0.11564014315332796,4.415907884678492,-4.594620338809472,2.265714763977406,12.20275737448508,-13.00849878501691,-1.4302723955666372
-3.499267884379903,3.4029275515662163,-1.9711164343654395,-1.9324248691189119,-1.7242917869915728,-0.11594061279701547,-2.017972085316388,-1.5178574218184464,-0.5869400437247836,-0.7338971713632293,-4.085830612480198,-1.8085291663534375,1.7017542476141894,-3.7393109746169255,-3.2595899864399622,-0.6631917408789991,4.140424935244028,1.2905836781581177,-3.0379348496513776,4.378428917370003,0.7518662364713867,2.198834926557481,-2.2111917143567723,1.5547676230543626,0.2711260910478641,-1.6967302592344826,-1.3359032988417778,1.3339057691816651,-1.2775266615059755,0.357264216032084,-1.3188498537730526,-1.2924449477327593,-1.0580185163848783,-2.1848628814301914,0.893365866716326,-1.3659894779702315,2.646038523093981,0.8095530326340973,-0.7017886028797649,1.0376672788060737,-0.33553962278874067,-2.2977161825102717,2.8696336642061357,0.31590675198293144
-5.340707483258924,4.452930752188852,-2.007123438292825,-2.974597950545065,-2.6447062887428463,0.4229777937386417,-2.2266407364109466,-3.1908944423417207,0.1565956072544732,-0.17492979370936737,-5.778308261280866,-2.538845050252397,2.7232158418255072,-3.742992488904903,-4.3655194482442745,-1.135971445106301,4.837223366766207,1.2653301745907413,-4.80258091889971,5.216018323958599,1.1042513310957007,2.757883213700035,-3.3489773936344114,0.2711260910478641,1.132377537149125,-2.0534870986103417,-1.2012424294731867,1.7773014390074688,-2.1010904632926843,0.78696476394070225,-1.7024662199238503,-0.9467810680187653,-1.4585249898816945,-2.8895759943404453,0.5208327638512907,-1.8646408558554195,2.923920024854565,-0.11080888853493905,-1.2369338979000402,1.2741343232616422,-0.5046944502331216,-3.419763594337773,3.5495496210139743,0.4617704627803275
12.789850859609292,-12.3036314398079,5.77987505499406,7.228272588943889,5.827666983660558,-0.7841195805035871,6.12482854113127,7.436259892029454,0.3263797975543483,1.994405276763838,13.944869579272185,6.165785885228489,-6.694195275470573,10.392302121338195,11.301056324184046,2.1445030817063517,-12.750044168078974,-3.727307276353454,11.114095401220888,-14.257442009253126,-2.536316811638841,-6.818898687617368,8.162039634736674,-1.6967302592344826,-2.0534870986103417,6.510508498007445,3.6075190582459884,-3.625728243558243,6.33813047581798,-2.1419140046094545,3.6921965125636067,3.7176329988815278,4.928784025442726,7.864898999785145,-2.2407639775027,4.905655757284171,-8.044960872267332,0.2960382661891121,3.14678074734372,-3.2531236201292884,1.9791264276427576,8.671919183562167,-9.031677412069788,-0.7466090555149292
7.669382533523211,-7.178828096253745,3.422649974356084,4.254010376980505,3.68195248903373,-0.3979698549945304,3.6773513614364255,4.252414144976972,0.29499078556091457,1.0190326732120745,8.47254585830869,3.7225047869997905,-3.974465003941824,6.373698160612449,6.7658590241859695,1.4782434876777713,-7.785756656308284,-2.3134258869712085,6.781250520578086,-8.532516452439841,-1.6348425664430752,-4.2594624188165975,4.84643472174401,-1.3359032988417778,-1.2012424294731867,3.6075190582459884,2.245245145918923,-2.480972097758069,3.3912329192855353,-1.2072031077443561,2.4705810512503166,2.0716250959891163,2.5973391868133384,4.629481768160941,-1.2558711188762928,2.798378938342675,-4.9362390281298065,-0.3221385823324171,1.7652478027578982,-2.0092031195227134,0.9146737554452686,5.121389487002996,-5.515259182743283,-0.5525651377717734
-9.542890600631436,8.074275358424297,-3.800461110525816,-5.221050715227863,-4.874684952688892,0.5477630801474465,-4.221774890912531,-5.292132301308256,-0.09502290645843409,-0.4746716001558596,-10.532654850804459,-4.609761377603466,4.835137325394643,-7.343495161831213,-8.006023582316411,-2.1600579244744544,9.196352201484675,2.5906763935971284,-8.641219308134028,9.779842551728548,2.096399087020716,5.265654373152074,-5.949646364790118,1.3339057691816651,1.7773014390074688,-3.625728243558243,-2.480972097758069,3.5014517355996158,-3.428869981184607,1.3298946578171915,-3.3418795621153916,-1.8615512007162296,-2.4135627784877376,-5.2625984747932915,1.0919251738289242,-3.235618507341034,5.685349213500747,0.6176922535537338,-2.0659519770096124,2.425334277014625,-0.6738204349243146,-6.107329624392212,6.655002549152373,0.8869476099045188
12.398755333813554,-11.923169292937494,5.436232639134273,6.974407784249683,5.662439087112203,-0.9217029221666581,5.8169364297397035,7.388697941938158,0.13360359895757362,1.8390095617719984,13.468363672539773,5.947668296608283,-6.547303062746526,9.751932908648604,10.941400617086787,2.136883112186985,-12.186576515019707,-3.540370099376178,10.842669085287778,-13.709516858538402,-2.5180790148919714,-6.529900590175774,7.910697803251626,-1.2775266615059755,-2.1010904632926843,6.33813047581798,3.3912329192855353,-3.428869981184607,6.3214656291843765,-2.1819547763349507,3.540630652237251,3.4544713361987447,4.853772121181047,7.651635653341798,-2.0026093593445236,4.691718742981486,-7.717033284946346,0.514182051385585,3.0953375270618824,-3.137675689876375,1.9473055336756782,8.44864289777516,-8.624633536210814,-0.6929605617982253
-4.345475104732217,4.15803929165064,-1.6845291797423445,-2.322232639096653,-2.1389748196748575,0.4523517955398691,-1.9419333859835581,-2.605496138607888,0.04721108796542731,-0.5060894469145008,-4.753210087415522,-2.07835332437996,2.376222014098522,-3.2300960799259326,-3.90298526307578,-0.9748298347506049,4.282405865966029,1.3417912533490912,-3.962718492458376,4.824296637907455,1.0653555736686566,2.391338438496213,-2.7326045383393356,0.357264216032084,0.78696476394070225,-2.1419140046094545,-1.2072031077443561,1.3298946578171915,-2.1819547763349507,0.8926917786196624,-1.4130971287101666,-0.9761580634793415,-1.6165796673340673,-2.7311372633415707,0.4673654992576901,-1.4139159644324062,2.839543640199796,0.029257343910262742,-1.030281809293554,1.154565095653765,-0.5017718610998916,-3.0134545658861285,2.971173479878758,0.2473033256094813
9.177275180646676,-7.950408866223453,3.5926366993240952,4.882231924147921,4.807233092037489,-0.6659366632787205,4.09054580745749,5.101525234270382,0.07250126404518507,0.5170491102651152,10.22730722307071,4.497491052563359,-4.724068565448401,7.0767707671545415,7.912366715339305,2.299459776588792,-9.064110068972404,-2.6262684015710325,8.436036336937937,-9.731579586308253,-2.2519627954358503,-5.166256525321958,5.704565082903799,-1.3188498537730526,-1.7024662199238503,3.6921965125636067,2.4705810512503166,-3.3418795621153916,3.540630652237251,-1.4130971287101666,3.3772046682695933,1.7277187125990952,2.4463634090017017,5.258062084158677,-0.8861248870617057,2.948597778992585,-5.805030880027452,-0.768392620097534,1.9482627315540144,-2.4429291937159006,0.606017851552858,6.006139395497912,-6.403401148154908,-0.8212875893492356
7.04114448341058,-6.910889491015674,3.632138461352345,4.216110450226448,2.913335430321641,-0.1251396888713683,3.599235103670909,3.965893563151804,0.4584052257178448,1.4435005258433438,7.6184596056472484,3.369273010579756,-3.5751229466077583,6.221365656699682,6.148994084230749,0.7163074602142476,-7.102921553154732,-2.005478705567172,5.818768398086723,-7.9070849505822745,-1.0352233322246778,-3.665040195152169,4.561730654362588,-1.2924449477327593,-0.9467810680187653,3.7176329988815278,2.0716250959891163,-1.8615512007162296,3.4544713361987447,-0.9761580634793415,1.7277187125990952,2.5745333475355103,2.876867990846215,4.286577868987998,-1.7748741653472162,3.108897131137407,-4.2603634499462855,0.3688194238362075,1.817452257069445,-1.699555098898822,1.3736459814754711,4.688610448182711,-5.156624574805556,-0.39612330162880677
9.233796828533809,-9.092024437154434,4.238983177479348,5.301961331451071,4.035464403696822,-0.5796654325096404,4.4420929203566315,5.487563598805899,0.21445100527802843,1.633397900264567,9.966078595008788,4.407619371296883,-4.885880935563952,7.46916467933636,8.185578794411148,1.3469089904498976,-9.13167651937991,-2.689240263938927,7.918156135626351,-10.343425433736549,-1.7092486589302147,-4.8273674136187035,5.929870657518419,-1.0580185163848783,-1.4585249898816945,4.928784025442726,2.5973391868133384,-2.4135627784877376,4.853772121181047,-1.6165796673340673,2.4463634090017017,2.876867990846215,3.8606320913233643,5.765651505693697,-1.7678324417508284,3.66533069218033,-5.7401172458552026,0.5480926268555781,2.3633916846720426,-2.2965736317336125,1.6403495417274798,6.326357946961937,-6.4861273437166425,-0.45167320867135385
16.87008975847322,-15.602260620253281,7.25488829395637,9.394545867190525,8.045153874275877,-1.1011580613338454,7.83866896105461,9.709576824414034,0.29166667870836166,1.9883287672982508,18.495683245493847,8.129312993954521,-8.775976144682245,13.37471700430304,14.699180576784027,3.2383881393729004,-16.636227008143933,-4.810307142414812,14.953960550756497,-18.316263334505972,-3.548940092282465,-9.116921489179635,10.675432188129701,-2.1848628814301914,-2.8895759943404453,7.864898999785145,4.629481768160941,-5.2625984747932915,7.651635653341798,-2.7311372633415707,5.258062084158677,4.286577868987998,5.765651505693697,10.076730126258274,-2.5141424771898864,6.159562046296939,-10.464266177549739,-0.11271254478135549,3.9938850345712655,-4.308558187193569,2.1085280718608206,11.252168848105221,-11.842564691950184,-1.1802315168333883
-4.305773524662448,4.187571303595276,-2.393717981162336,-2.7140479889305267,-1.6309231735725853,-0.09346165633295,-2.2602149652918886,-2.3735792728478,-0.38209837989079354,-0.9771048286639819,-4.585013935810121,-2.0267355540265903,2.1168245360714306,-3.9605638911885293,-3.640060283900247,-0.18987506133682677,4.269892292105814,1.1558556902209072,-3.3866439415961334,4.7194774474689565,0.40933886061840374,2.1658225130807818,-2.8178073087418425,0.893365866716326,0.5208327638512907,-2.2407639775027,-1.2558711188762928,1.0919251738289242,-2.0026093593445236,0.4673654992576901,-0.8861248870617057,-1.7748741653472162,-1.7678324417508284,-2.5141424771898864,1.3406583531393605,-2.1037984876870954,2.412346997681982,-0.3739188168598006,-1.1462939746615062,0.9633895609682694,-0.9566226763325327,-2.7864178849999046,3.2026000795795855,0.24951814741337644
10.922229582295811,-9.819540686813177,5.037952846073663,6.4344758601628405,4.853103683568449,-0.3850255570900028,5.119255256891302,6.295543500406205,0.2764917373163815,1.331233748407142,11.780771267476922,5.185886056955795,-5.465756646345174,8.788606612654599,9.100127062049552,1.5161091230100319,-10.382929448964074,-2.729977503960622,9.292207538547876,-11.314427112981477,-1.7478187303223454,-5.579138213305853,6.987786871621577,-1.3659894779702315,-1.8646408558554195,4.905655757284171,2.798378938342675,-3.235618507341034,4.691718742981486,-1.4139159644324062,2.948597778992585,3.108897131137407,3.66533069218033,6.159562046296939,-2.1037984876870954,4.517045434786404,-6.084488351225008,0.5355875139028943,2.7100812433142014,-2.553868766248451,1.673472789465595,7.029495413716087,-7.6794318126911625,-0.8142679155824483
-17.418071269296032,16.076649894057404,-7.406130437874935,-9.504578745051429,-8.566517503919485,1.1456797684714046,-8.141674145566595,-9.808339430870197,-0.40297735244556154,-1.972860876546149,-19.26861661768641,-8.497524174144207,9.078552581580091,-13.996441174229192,-15.346981688703696,-3.6993681167901435,17.50976755357938,5.185787689578188,-15.605894972287194,19.209492663830044,3.939744292185165,9.664946707358524,-10.965702866499347,2.646038523093981,2.923920024854565,-8.044960872267332,-4.9362390281298065,5.685349213500747,-7.717033284946346,2.839543640199796,-5.805030880027452,-4.2603634499462855,-5.7401172458552026,-10.464266177549739,2.412346997681982,-6.084488351225008,11.227018985144845,0.7612064462383303,-3.9551607450359065,4.598081074621346,-1.8901207951127628,-11.667282618806542,12.315731321748007,1.2728927318985641
-0.006671781425680416,-0.114680330926212,0.16612642145791637,0.3646955590971921,-0.5447048077439168,0.02165284986493768,-0.09346654637337791,0.4404240704908561,-0.22168848953029863,0.23539138329026965,-0.38973131714938036,-0.16331314383372517,0.02903423244572275,-0.38341504356227735,-0.31422598073105856,-0.7019235749258922,0.6601482243211371,0.4259075934239238,-0.4202499651139431,0.4959644929663032,0.542288590087918,0.5417461660228178,0.11564014315332796,0.8095530326340973,-0.11080888853493905,0.2960382661891121,-0.3221385823324171,0.6176922535537338,0.514182051385585,0.029257343910262742,-0.768392620097534,0.3688194238362075,0.5480926268555781,-0.11271254478135549,-0.3739188168598006,0.5355875139028943,0.7612064462383303,1.3609908786840612,0.3011119857040664,0.29202052785689064,0.6399805356384638,-0.0408936534489496,0.23188965748472534,0.14189319785786147
6.931570198773956,-6.281959164366015,3.0219199577537394,3.9932669947892485,3.158476886265452,-0.3961474095801908,3.1794826578496322,4.083432994605116,0.06353959318479586,0.7784237974132558,7.495876760491928,3.290102526389311,-3.5434330735324044,5.377343593143636,5.854289404821071,1.1120077385062925,-6.577804920517592,-1.7994157592151223,6.028086215363667,-7.222981363559039,-1.2398550440318679,-3.5821942718293123,4.415907884678492,-0.7017886028797649,-1.2369338979000402,3.14678074734372,1.7652478027578982,-2.0659519770096124,3.0953375270618824,-1.030281809293554,1.9482627315540144,1.817452257069445,2.3633916846720426,3.9938850345712655,-1.1462939746615062,2.7100812433142014,-3.9551607450359065,0.3011119857040664,1.726674803954213,-1.6623554217664829,0.9886250068634332,4.531860088747304,-4.80396859632992,-0.47768255035869567
-7.310772403802999,6.6167888333900295,-3.059858830976527,-3.994240946053178,-3.6173460576174454,0.48431706939147157,-3.369427740416808,-4.134138835311566,-0.12286350380848209,-0.7176509425153433,-8.075986009838223,-3.551488888487124,3.7799022532686535,-5.779874298678539,-6.359194995222411,-1.5640124127915158,7.247810167382482,2.1050806821611245,-6.565327034379066,7.909484287899162,1.6370367812490818,4.025846718246835,-4.594620338809472,1.0376672788060737,1.2741343232616422,-3.2531236201292884,-2.0092031195227134,2.425334277014625,-3.137675689876375,1.154565095653765,-2.4429291937159006,-1.699555098898822,-2.2965736317336125,-4.308558187193569,0.9633895609682694,-2.553868766248451,4.598081074621346,0.29202052785689064,-1.6623554217664829,1.914040604415189,-0.7532741086001254,-4.843624434871492,5.13885989897417,0.5620862306519685
3.4380340370609153,-3.468989689203916,1.819369887399233,2.1554176726193934,1.2571997292613,-0.09445558810033604,1.7299908494214167,2.1070257119882188,0.13520358887826436,0.8044630505965513,3.605747795504067,1.6013858955210134,-1.7563921343560402,2.8991720968771566,2.94567922310346,0.15348683345443276,-3.285187278305908,-0.8511061109678755,2.7260908590967805,-3.767926378486814,-0.3762282084487173,-1.6166667130197816,2.265714763977406,-0.33553962278874067,-0.5046944502331216,1.9791264276427576,0.9146737554452686,-0.6738204349243146,1.9473055336756782,-0.5017718610998916,0.606017851552858,1.3736459814754711,1.6403495417274798,2.1085280718608206,-0.9566226763325327,1.673472789465595,-1.8901207951127628,0.6399805356384638,0.9886250068634332,-0.7532741086001254,0.8997449286789172,2.3096599297115894,-2.436900177215383,-0.13614789717502426
19.309078202236094,-17.480777330583987,8.140855768082808,10.78853140310702,9.229323667888652,-1.2185907041680857,8.814734578429528,11.137225203275628,0.21051962174817804,1.9926913721921151,21.075474070282038,9.28791144194188,-9.97894926383276,15.03784713299144,16.575384543080016,3.7086121546159885,-18.721346164743196,-5.3409726610777035,17.075082678527348,-20.529578460960106,-3.956279233543467,-10.338350968772973,12.20275737448508,-2.2977161825102717,-3.419763594337773,8.671919183562167,5.121389487002996,-6.107329624392212,8.44864289777516,-3.0134545658861285,6.006139395497912,4.688610448182711,6.326357946961937,11.252168848105221,-2.7864178849999046,7.029495413716087,-11.667282618806542,-0.0408936534489496,4.531860088747304,-4.843624434871492,2.3096599297115894,12.757263333177017,-13.42418466860325,-1.405996453724552
-20.575792575069126,18.468387061775015,-8.942336194875754,-11.5980269718227,-9.805762937157454,1.0544519788732694,-9.525948177923445,-11.649642169944684,-0.44367761571274256,-2.130801556924131,-22.523267591433722,-9.900521132274108,10.48113602421899,-16.4146851581087,-17.54501368219196,-3.808919184295585,20.05696568293546,5.615421268871662,-18.102340913605317,21.794292199875084,4.074830105758827,11.041285828109451,-13.00849878501691,2.8696336642061357,3.5495496210139743,-9.031677412069788,-5.515259182743283,6.655002549152373,-8.624633536210814,2.971173479878758,-6.403401148154908,-5.156624574805556,-6.4861273437166425,-11.842564691950184,3.2026000795795855,-7.6794318126911625,12.315731321748007,0.23188965748472534,-4.80396859632992,5.13885989897417,-2.436900177215383,-13.42418466860325,14.494732876087864,1.6052405561266567
-2.2996685403969392,1.8088193296265733,-0.9327781546742735,-1.2798797654307006,-1.1999236519086056,0.0977737340983327,-0.990789090075894,-1.2531165710169718,-0.019198662929444357,-0.020751380938507653,-2.5418359328879845,-1.1050766915177812,1.1204086035802732,-1.7607502443053942,-1.8447780155648312,-0.5229408374058542,2.1587236851697207,0.5280243187098101,-2.0725807904520717,2.2259767269387503,0.49137826162411863,1.2368247803010537,-1.4302723955666372,0.31590675198293144,0.4617704627803275,-0.7466090555149292,-0.5525651377717734,0.8869476099045188,-0.6929605617982253,0.2473033256094813,-0.8212875893492356,-0.39612330162880677,-0.45167320867135385,-1.1802315168333883,0.24951814741337644,-0.8142679155824483,1.2728927318985641,0.14189319785786147,-0.47768255035869567,0.5620862306519685,-0.13614789717502426,-1.405996453724552,1.6052405561266567,0.2747301704307183
