V1,V2,V3,V4,V5,V6,V7,V8,V9,V10,V11,V12,V13,V14,V15,V16,V17,V18,V19,V20,V21,V22,V23,V24,V25,V26,V27,V28,V29,V30,V31,V32,V33,V34,V35,V36,V37,V38,V39,V40,V41,V42,V43,V44
1.36653652222259,-1.1604941407966778,0.04835067996672351,-1.323159892223083,0.11432639897905938,-0.6167292899345255,-0.9185120576265772,0.14594240750795967,1.0802925800375662,1.8572168453500304,0.09601940493197211,0.8029621099507497,0.19930351112920244,0.5741693329061899,-0.46703075766610297,-0.09229223578823076,0.1476512714714918,-0.5107781099015666,-1.0155327191972008,0.34193097103763614,0.6459594179569673,2.173396770377649,1.6441012052793724,-0.8415437238750466,-0.1527452125458048,-0.48286452350651,-0.2068125052298758,-0.7451682276793644,0.26331886704508506,-0.8291250338247625,1.0542655683923141,0.17932591355391336,-0.14635510310596342,-0.3133545834517805,0.3183544419429658,1.088928730131686,-0.7760502421400522,-0.4865589773866128,-0.3666565641550937,-0.6423178907679258,0.4321595812692412,1.0765630842846827,-1.365833886332457,0.37204383917684125
-1.1604941407966778,2.158870586071491,0.29938976718193033,1.9405785120755032,0.68206202755564,1.6185783980465331,1.3010830573874885,-0.22772248120520794,-1.4677013022087129,-2.7386927079118926,0.6457232429451525,-0.5728931183393351,-1.006856320999284,-0.1669898833118278,0.5294227075847077,0.18208039911490836,-0.40309044330308164,0.6624599151579218,1.4019249017226278,-0.6420429974192434,-0.5708196291576737,-3.049361640695708,-1.3577189651525423,0.6774641070895061,0.37918087978221915,-0.22977505542419127,0.298209630867804,-0.23955344062059636,-1.0064555013650853,1.4138726431919466,-1.4021012173463587,0.1602776843786458,-0.771834688353891,-0.30243515111941527,-0.7481954089342506,-1.483478794101332,1.0705344433809287,0.2579342510325303,0.21226900256456857,1.0186112100309739,-1.1856763246335815,-0.9911890450185242,1.8058836256067792,-1.0372202441291334
0.04835067996672351,0.29938976718193033,1.0470151706860074,0.9616040304162534,0.12531281809593728,0.9049764473242105,0.5291085157128833,-0.16450124238049857,0.10388616291931506,0.013899140464491352,0.4794224233226191,-0.04332397391916656,-0.24304423237202746,0.9044986755819749,-0.050333953550403286,-0.4696038735964272,-0.3721529046551095,0.25157169756806985,-0.3128217918214373,-0.09469961110779955,0.34263915615693485,-0.4452979539609273,0.22880294033688245,-0.4024836383715446,0.1331887218869477,0.23537289995475205,0.051790234692653085,-0.010140864307207445,-0.375595816561594,0.47963404500985446,-0.5168817388506416,0.5809462768583611,-0.16593403619248034,-0.17733117420494357,-0.6957423955485244,0.46003218693846143,0.3532715742633347,0.5203567215746643,0.09784627246486839,0.39699724203265346,-0.10238958553717223,-0.0834539535329737,0.19512107527936404,-0.5203182368238818
-1.323159892223083,1.9405785120755032,0.9616040304162534,2.8109175470964733,0.1958669821217097,2.0153676183247096,1.8600691430036624,-0.1983626759164914,-1.3815887234250173,-2.6755780821175383,0.6587457142141597,-0.8426311463975206,-0.8482330811627843,0.36790871638332195,0.665207993578098,-0.43910649912842836,-0.6272203700036693,0.9243363405937458,1.3615365319980912,-0.8263539097522214,-0.3256868020039546,-3.507692879094394,-1.6353302543739958,0.6173459934258264,0.4660951310572809,0.39813092103116915,0.4010638608385184,0.40294094080668674,-0.8879124977645857,1.8068223554976794,-2.025247863848047,0.6828204087492233,-0.26455620056625656,-0.022341367630458412,-1.4521296876992928,-0.9833231274484534,1.4945815891041039,0.9876602147544074,0.5709638276218967,1.2520260209526537,-0.7091320720683968,-1.3440027003862118,1.763707022528743,-1.0665125388337344
0.11432639897905938,0.68206202755564,0.12531281809593728,0.1958669821217097,0.8369697254541193,0.655687948309454,0.046188933971763116,-0.03334705391145997,-0.3888846438005234,-0.47872833305655155,0.5529147493536334,0.16117309210511505,-0.878962303368102,0.06462106971871674,0.03414351763819233,0.28740743630341636,-0.13560324029694465,-0.012151838488441521,0.06907686776571043,-0.282883598092122,-0.13417718453991476,-0.5341494048457249,0.3757810594812784,0.05391022291504179,0.15244156316524546,-0.3804299870651528,0.010640158766104649,-0.7856835786759708,-0.26551409187411446,0.12188728450169882,-0.17701276049201048,0.08759656564220364,-0.6720873151142746,-0.42061622358185247,0.03126004131102463,-0.5643963652164673,-0.037010450102846905,-0.15514482846125852,-0.24570853506524987,0.29281659724578474,-0.7667699434900636,0.3142482931229811,0.6328599054890309,-0.5639689521211498
-0.6167292899345255,1.6185783980465331,0.9049764473242105,2.0153676183247096,0.655687948309454,1.9859290967117982,1.2383352784561439,-0.10248366637357931,-1.044768328434224,-1.8074876168899057,0.8543033331716168,-0.36487226414336055,-1.347290993512126,0.5107121102522544,0.3907919153699441,-0.35126570852774475,-0.4740613220815672,0.6118519154836142,0.6988595498099025,-0.8224006366457263,-0.057327935962087614,-2.5179495025698375,-0.5236879439254924,0.3425446823993822,0.5320359985782277,-0.014584119864758832,0.25950209019577897,-0.37650627956103977,-0.6571886288087334,1.2997129593869605,-1.6682551037930555,0.8696497264116627,-0.6021268119586591,-0.41158218382291023,-1.183186799691794,-0.8553110627066539,1.0250861542323428,0.7115362504861127,0.19992874795754562,1.1191582518760905,-0.8540774994901126,-0.5339215225569411,1.5297160825776657,-1.1043822575570428
-0.9185120576265772,1.3010830573874885,0.5291085157128833,1.8600691430036624,0.046188933971763116,1.2383352784561439,1.3232251403963133,-0.09231566889020168,-1.0097232255140955,-1.9122062021456028,0.35945734785855155,-0.569814571776263,-0.42684154926166284,0.1255490918061888,0.5019033608865872,-0.28686733770857026,-0.38010036031965544,0.60774653336903,1.1018330894142427,-0.5662446171076113,-0.2284930115058164,-2.3756301470971657,-1.251166895313303,0.4933086512469053,0.2944947299316448,0.24757537264017193,0.30057949709264276,0.33277367116930684,-0.5671642723443497,1.2462786803938588,-1.3404877750187694,0.43086773709642007,-0.09536530195088913,0.008057410861954096,-1.02296022909983,-0.6649755921530413,1.0442980711537977,0.6430684209413509,0.44984095061619667,0.7397272198264667,-0.3985803598325331,-0.966815630503004,1.1018144091818747,-0.6031394512650727
0.14594240750795967,-0.22772248120520794,-0.16450124238049857,-0.1983626759164914,-0.03334705391145997,-0.10248366637357931,-0.09231566889020168,0.20601479411158985,-0.08315794937338122,0.17145375724967338,-0.0595207270637184,0.12042708021465967,-0.21889012067051666,-0.16249064700012442,0.0814767292570504,-0.06662229630827393,0.10928745713859538,-0.08897507268493846,0.0228049819934201,-0.20628780741099867,0.08622416980102861,0.1921521006068897,0.18535336013881545,0.2159896867959279,0.07495583918920311,0.009491123404823444,0.007266511900967817,-0.06828375663903316,0.38997748782994013,-0.1525017827774507,-0.1330215791331048,0.22330995308852195,0.21350085412618716,0.004322233614907471,-0.06334699779505647,-0.051348314671489564,-0.07194160066369606,0.12087026210818226,0.008984826105764138,-0.027873336392883367,0.16206584162033774,0.24410073781974606,-0.022588822887928572,0.15151484135703436
1.0802925800375662,-1.4677013022087129,0.10388616291931506,-1.3815887234250173,-0.3888846438005234,-1.044768328434224,-1.0097232255140955,-0.08315794937338122,1.4992620351856407,2.1649257188554656,-0.2552314749053188,0.5213111967136606,0.9961352628289435,0.6396645640973436,-0.6263862284969615,-0.13109066171726524,0.13831889809800793,-0.4471540269085073,-1.2724892825659313,0.8103848912950762,0.5564742550166232,2.4430672316287088,1.2467500372463054,-1.1012888477421583,-0.36775379470957,-0.12878670104236192,-0.2697656805090946,-0.07941554656974573,0.11788189470690957,-0.9112409590620897,1.4051744027819508,-0.24815632290510353,0.10205396094110039,0.03890175278753853,0.5836635232599923,1.468699755166937,-0.8029988535887879,-0.5269996720030572,-0.27243361429250956,-0.7951905568875771,0.7282384859445266,0.656012066702033,-1.6817719248524627,0.579113988263859
1.8572168453500304,-2.7386927079118926,0.013899140464491352,-2.6755780821175383,-0.47872833305655155,-1.8074876168899057,-1.9122062021456028,0.17145375724967338,2.1649257188554656,4.069914307408873,-0.5345801998349213,1.0040185155566754,1.0116609067036033,0.6293283647355083,-0.9527204901743043,-0.2357596109259953,0.4633728596084399,-0.956101595649649,-2.437967618694064,0.9690066044668574,0.9727021290518453,4.462312357470817,2.4909043949075547,-1.2677032573910663,-0.4669926397651901,0.12147179562527308,-0.491131916958233,-0.15522084313465412,1.1469258986600623,-1.9947112918516423,1.9899852159872993,-0.05532410210710402,0.614808351627125,0.047526141529124794,1.0235700544803839,2.1606006786773646,-1.5958510259165508,-0.3876448484368673,-0.5298304940287183,-1.2569081039465193,1.2585093221768435,1.7226898323704116,-2.322469734484693,1.0446570367509114
0.09601940493197211,0.6457232429451525,0.4794224233226191,0.6587457142141597,0.5529147493536334,0.8543033331716168,0.35945734785855155,-0.0595207270637184,-0.2552314749053188,-0.5345801998349213,0.6136484830691675,0.10076541776662175,-0.6817244350859283,0.4501923570149104,0.08519794577961232,-0.03145312410209148,-0.29255608243328723,0.15150900673410045,0.158829650901444,-0.2976642877001105,0.06159628130700601,-0.744629651332283,0.2351116832821582,-0.12551588657243548,0.18182101451724123,-0.265378180179795,0.0717694626352346,-0.5631411283633807,-0.4409561217169128,0.43113303966587296,-0.4035941027763985,0.35380825923580667,-0.5437881144622411,-0.34296387664883177,-0.38481972317048485,-0.21714766738208266,0.22186391623636734,0.05071174549314336,-0.06859700128552086,0.3927856640492728,-0.5163501950279633,0.0652844303015229,0.43503627594491795,-0.5709074476017353
0.8029621099507497,-0.5728931183393351,-0.04332397391916656,-0.8426311463975206,0.16117309210511505,-0.36487226414336055,-0.569814571776263,0.12042708021465967,0.5213111967136606,1.0040185155566754,0.10076541776662175,0.5910333477278139,-0.04652581841483198,0.24824893672323564,-0.22702498022480977,0.026113284775988947,0.09777517398841665,-0.32297096897821653,-0.5133470967095655,0.13847878576384937,0.39091707456658514,1.3202346767070745,1.0348212690266752,-0.39600345956187666,-0.0553451870609316,-0.4100218790709982,-0.11562504264543826,-0.5768473578686955,0.1790698059592551,-0.5115503432600678,0.5790323197357701,0.17371039367762842,-0.1208099653251088,-0.2635804271516459,0.19179759855949724,0.5034030222291243,-0.5048497596309124,-0.32502635860339374,-0.2748965896089586,-0.3196878245647701,0.16928893873792103,0.7607491331769326,-0.6879381188897836,0.19427171716010028
0.19930351112920244,-1.006856320999284,-0.24304423237202746,-0.8482330811627843,-0.878962303368102,-1.347290993512126,-0.42684154926166284,-0.21889012067051666,0.9961352628289435,1.0116609067036033,-0.6817244350859283,-0.04652581841483198,1.8506824274921796,0.06062370049157009,-0.36018993173956965,0.034599526765262276,0.14530329095974512,-0.19726809218964217,-0.3408584614360408,0.979787687148893,0.079177644947943715,1.4433566596663818,-0.2436489225114081,-0.682172216147912,-0.5503288601547291,0.1773477286519524,-0.13065439704513163,0.7824370913092444,-0.18709630420835258,-0.4510117656676763,1.3304923910558712,-0.8571837864713553,0.4017377800363392,0.4414999173208705,0.5683425054265856,1.137948530644553,-0.3544629019835704,-0.504080850597811,0.11656526077873061,-0.9168218022043585,0.7989019234383227,-0.33444307857977745,-1.4845518800889752,0.7852580101330846
0.5741693329061899,-0.1669898833118278,0.9044986755819749,0.36790871638332195,0.06462106971871674,0.5107121102522544,0.1255490918061888,-0.16249064700012442,0.6396645640973436,0.6293283647355083,0.4501923570149104,0.24824893672323564,0.06062370049157009,1.1196229002335967,-0.243624548792166,-0.4407916229755602,-0.31553694299736795,0.0727805358974703,-0.5614587590921181,0.15132589040456032,0.5350679840690302,0.38650710390433485,0.7212864040488963,-0.8415450074483003,0.020800620407912425,-0.10508417801370899,-0.02149316956980174,-0.28925476049865406,-0.46836388456347794,0.2125880941232609,0.07650523826028936,0.4733269822080325,-0.305774856169699,-0.2447793699534987,-0.47548993068852563,0.8970144731403704,0.06282780265724346,0.0839324677017182,-0.03975734461011601,0.0639772585314651,0.1153548611181462,0.16918727840277942,-0.5516935401836949,-0.2789378469791086
-0.46703075766610297,0.5294227075847077,-0.050333953550403286,0.665207993578098,0.03414351763819233,0.3907919153699441,0.5019033608865872,0.0814767292570504,-0.6263862284969615,-0.9527204901743043,0.08519794577961232,-0.22702498022480977,-0.36018993173956965,-0.243624548792166,0.3467800796608181,-0.0067119717384039514,-0.09767737108421971,0.2155942005164103,0.6668562444575935,-0.4048908570145619,-0.2186559051524067,-1.0936664308589779,-0.616832241143025,0.49389771705608704,0.1577914951839919,0.10644831833118143,0.1493315031219815,0.1389900228618445,-0.006449181574151615,0.4351219295692238,-0.6516892072740333,0.16912812113318793,0.08631571035928785,0.07768013466037785,-0.3367228499292427,-0.5679597039709627,0.37791749176605033,0.26638324307671896,0.18622863949121995,0.33691950201713966,-0.17382830220077877,-0.33655924927921044,0.6218691490169627,-0.16875660306854687
-0.09229223578823076,0.18208039911490836,-0.4696038735964272,-0.43910649912842836,0.28740743630341636,-0.35126570852774475,-0.28686733770857026,-0.06662229630827393,-0.13109066171726524,-0.2357596109259953,-0.03145312410209148,0.026113284775988947,0.034599526765262276,-0.4407916229755602,-0.0067119717384039514,0.5336275308368511,0.0641605083754878,-0.13744493839982222,0.1722467876754456,0.14413074171786905,-0.37091178645638534,0.043204152228933035,-0.10902190777675674,0.11122115364433184,-0.14289039113168836,-0.22772594341536442,-0.048857831924913435,-0.19579037545283934,-0.12120127983201627,-0.24044687728136432,0.4753914217916867,-0.5881132339111207,-0.2681481317663641,-0.0031700836199223745,0.6052366593462783,-0.43094605451003154,-0.29017089296190407,-0.4866614108617482,-0.17977610882157705,-0.1605844289920233,-0.3685230300220375,0.05148904284546831,0.12500044017529888,0.0026049481234305355
0.1476512714714918,-0.40309044330308164,-0.3721529046551095,-0.6272203700036693,-0.13560324029694465,-0.4740613220815672,-0.38010036031965544,0.10928745713859538,0.13831889809800793,0.4633728596084399,-0.29255608243328723,0.09777517398841665,0.14530329095974512,-0.31553694299736795,-0.09767737108421971,0.0641605083754878,0.255027451961553,-0.18409191927802154,-0.2025076931627678,0.10854340740054316,0.031182360684776127,0.6540521642838965,0.18155993035991086,0.09346785717864342,-0.05459487845357995,-0.022049189896054127,-0.07462476025113896,0.028803883499815854,0.3697952799007833,-0.3855091497235298,0.26884300019677465,-0.11623223051905489,0.2013010482710002,0.04194768957118856,0.2796723319717837,0.05334056063550248,-0.24074621413322253,-0.10162876393100256,-0.07060980034853145,-0.25023205349643196,0.2195832235171301,0.22980813720987003,-0.24375512734715082,0.31868370910547583
-0.5107781099015666,0.6624599151579218,0.25157169756806985,0.9243363405937458,-0.012151838488441521,0.6118519154836142,0.60774653336903,-0.08897507268493846,-0.4471540269085073,-0.956101595649649,0.15150900673410045,-0.32297096897821653,-0.19726809218964217,0.0727805358974703,0.2155942005164103,-0.13744493839982222,-0.18409191927802154,0.33774267310384226,0.504125918302415,-0.22168085941146,-0.13649809557390133,-1.1934237156561218,-0.6547745337605057,0.2160950302751735,0.14390344083679324,0.1043695486820163,0.13330298687050365,0.19329837565736577,-0.34475187775835253,0.6288716627653488,-0.6607580966377812,0.16824772347481487,-0.08131507677371155,0.02638633767952577,-0.4549312223107224,-0.3518062744509124,0.5334760012331622,0.2841334100500484,0.20303454704863408,0.41756256559544125,-0.20489050112511606,-0.5432526208340679,0.5652501474342805,-0.31573526746680725
-1.0155327191972008,1.4019249017226278,-0.3128217918214373,1.3615365319980912,0.06907686776571043,0.6988595498099025,1.1018330894142427,0.0228049819934201,-1.2724892825659313,-2.437967618694064,0.158829650901444,-0.5133470967095655,-0.3408584614360408,-0.5614587590921181,0.6668562444575935,0.1722467876754456,-0.2025076931627678,0.504125918302415,1.7554609548503042,-0.5844317159285894,-0.5712803488848308,-2.4651014025529228,-1.6068592993509907,0.8400506303425674,0.21880613566842255,-0.17739395041787956,0.329261361445444,0.15713108269623036,-0.5711063336245064,1.12582668928016,-1.0189980620670296,-0.026692536762291712,-0.1793902278486548,0.0775633439429004,-0.59099348285245,-1.2195427799340444,0.9027738899278009,0.08462735825535012,0.3924814918207066,0.5289805713741211,-0.49409616320026684,-1.043951429596247,1.0324329035219497,-0.32201484759551585
0.34193097103763614,-0.6420429974192434,-0.09469961110779955,-0.8263539097522214,-0.282883598092122,-0.8224006366457263,-0.5662446171076113,-0.20628780741099867,0.8103848912950762,0.9690066044668574,-0.2976642877001105,0.13847878576384937,0.979787687148893,0.15132589040456032,-0.4048908570145619,0.14413074171786905,0.10854340740054316,-0.22168085941146,-0.5844317159285894,0.7459252445358875,0.10213986859115998,1.3066824887467585,0.3010114955505134,-0.627253357506613,-0.3625462038371482,-0.07298846261491682,-0.17214619899838338,0.16240182661488028,-0.19195831342305356,-0.4932066228374767,1.0723106228718182,-0.5946937150221777,-0.020898193559814586,0.0982262104406442,0.589818961445932,0.7505964285153618,-0.444085047280078,-0.49286312035860264,-0.1412441332872291,-0.5741280911458319,0.3001041486408356,0.08447855287855088,-0.9390011979122194,0.3606850767262977
0.6459594179569673,-0.5708196291576737,0.34263915615693485,-0.3256868020039546,-0.13417718453991476,-0.057327935962087614,-0.2284930115058164,0.08622416980102861,0.5564742550166232,0.9727021290518453,0.06159628130700601,0.39091707456658514,0.079177644947943715,0.5350679840690302,-0.2186559051524067,-0.37091178645638534,0.031182360684776127,-0.13649809557390133,-0.5712803488848308,0.10213986859115998,0.5672676356288648,1.0189696934468049,0.8175066947053289,-0.4526783561202492,0.023650573065729284,-0.11917262970521007,-0.06757795813503588,-0.22630696606303152,0.15396288814654174,-0.2100760962334335,0.16859456315419946,0.4815339571580646,0.09161808165951216,-0.18629681028282755,-0.26218838036870284,0.7711543061994184,-0.16476250832356745,0.08627268750764626,-0.07080708928092432,-0.1639063299757176,0.4096602192638359,0.4721721394255596,-0.6650459323736913,0.15448170578802906
2.173396770377649,-3.049361640695708,-0.4452979539609273,-3.507692879094394,-0.5341494048457249,-2.5179495025698375,-2.3756301470971657,0.1921521006068897,2.4430672316287088,4.462312357470817,-0.744629651332283,1.3202346767070745,1.4433566596663818,0.38650710390433485,-1.0936664308589779,0.043204152228933035,0.6540521642838965,-1.1934237156561218,-2.4651014025529228,1.3066824887467585,1.0189696934468049,5.411922635158461,2.7414283254472265,-1.4152446935254723,-0.6554837021723181,-0.2833702453400359,-0.5693508751371097,-0.36469235238275344,1.1304242643102602,-2.38643319894287,2.712463285816889,-0.39529127146339027,0.5564151761711404,-0.021131657527337748,1.4524615295507761,2.3529794630969882,-1.9681335238483506,-0.912872838148722,-0.6938556545271046,-1.6923743939705687,1.389576121928306,1.9904543245755526,-2.913348026700272,1.4002494014609856
1.6441012052793724,-1.3577189651525423,0.22880294033688245,-1.6353302543739958,0.3757810594812784,-0.5236879439254924,-1.251166895313303,0.18535336013881545,1.2467500372463054,2.4909043949075547,0.2351116832821582,1.0348212690266752,-0.2436489225114081,0.7212864040488963,-0.616832241143025,-0.10902190777675674,0.18155993035991086,-0.6547745337605057,-1.6068592993509907,0.3010114955505134,0.8175066947053289,2.7414283254472265,2.3377694828754407,-0.9281424269297172,-0.08315004151953422,-0.46990471316965127,-0.3067814424578098,-1.0370808097097326,0.543373234647352,-1.1725538384706073,1.0704563505206177,0.4127900098694583,-0.19841489525166023,-0.4771061683028133,0.44206476912492504,1.168363794734642,-1.0637241360576883,-0.3811304217982209,-0.5848180554285416,-0.5450611464467113,0.3323146656752802,1.6123489786838514,-1.2434213680422452,0.24260381505755965
-0.8415437238750466,0.6774641070895061,-0.4024836383715446,0.6173459934258264,0.05391022291504179,0.3425446823993822,0.4933086512469053,0.2159896867959279,-1.1012888477421583,-1.2677032573910663,-0.12551588657243548,-0.39600345956187666,-0.682172216147912,-0.8415450074483003,0.49389771705608704,0.11122115364433184,0.09346785717864342,0.2160950302751735,0.8400506303425674,-0.627253357506613,-0.4526783561202492,-1.4152446935254723,-0.9281424269297172,1.0948283878713412,0.24945883115335574,0.29978450183797234,0.16030898383989534,0.3105385906411992,0.4265947480407097,0.33811205551127604,-1.0054316511431496,0.14458150930528374,0.3331695445570485,0.16914535078868184,-0.22600387574000044,-1.1369926032579765,0.41891969472794527,0.49876175362163555,0.21396957115651022,0.47722588713764724,-0.2644495130378714,-0.34326443532209117,1.2027055624681944,-0.12643866791635683
-0.1527452125458048,0.37918087978221915,0.1331887218869477,0.4660951310572809,0.15244156316524546,0.5320359985782277,0.2944947299316448,0.07495583918920311,-0.36775379470957,-0.4669926397651901,0.18182101451724123,-0.0553451870609316,-0.5503288601547291,0.020800620407912425,0.1577914951839919,-0.14289039113168836,-0.05459487845357995,0.14390344083679324,0.21880613566842255,-0.3625462038371482,0.023650573065729284,-0.6554837021723181,-0.08315004151953422,0.24945883115335574,0.22602805268995727,-0.022670097344453813,0.08133130441243223,-0.145572372016642,0.02892122057369506,0.30650972977762164,-0.6121319354928628,0.3971735166898656,-0.056797714988694785,-0.12022675597604576,-0.3795188594149857,-0.3410052886135151,0.27893455314433285,0.26641380385516045,0.052666272733271506,0.35378106415534943,-0.1638294459255899,-0.0430369132590041,0.487922177410575,-0.23442031618073372
-0.48286452350651,-0.22977505542419127,0.23537289995475205,0.39813092103116915,-0.3804299870651528,-0.014584119864758832,0.24757537264017193,0.009491123404823444,-0.12878670104236192,0.12147179562527308,-0.265378180179795,-0.4100218790709982,0.1773477286519524,-0.10508417801370899,0.10644831833118143,-0.22772594341536442,-0.022049189896054127,0.1043695486820163,-0.17739395041787956,-0.07298846261491682,-0.11917262970521007,-0.2833702453400359,-0.46990471316965127,0.29978450183797234,-0.022670097344453813,0.8662813122327697,0.016517702393586915,0.8532919961547596,0.4679813479960011,-0.02519605612368045,-0.39131857005629167,0.028069380956654313,0.6448175907476458,0.4173321275474216,-0.10133362741979349,0.06270574162042282,0.1299328256573883,0.6715420881551136,0.24726525983843292,0.12062639387980134,0.2709858833264592,-0.26176378495936065,0.35833103516148246,0.06073644533415787
-0.2068125052298758,0.298209630867804,0.051790234692653085,0.4010638608385184,0.010640158766104649,0.25950209019577897,0.30057949709264276,0.007266511900967817,-0.2697656805090946,-0.491131916958233,0.0717694626352346,-0.11562504264543826,-0.13065439704513163,-0.02149316956980174,0.1493315031219815,-0.048857831924913435,-0.07462476025113896,0.13330298687050365,0.329261361445444,-0.17214619899838338,-0.06757795813503588,-0.5693508751371097,-0.3067814424578098,0.16030898383989534,0.08133130441243223,0.016517702393586915,0.08468668597687723,0.04780116712473616,-0.10411630845255916,0.28721801261179675,-0.3235066026651311,0.11233143325440201,-0.010313278540081574,0.005898911604593874,-0.23909002749365166,-0.20578869041771508,0.23902412149811572,0.12079508668980533,0.10406296055428042,0.16594253696384625,-0.08190866907591567,-0.21180971129534742,0.24995000017079333,-0.11073503643345328
-0.7451682276793644,-0.23955344062059636,-0.010140864307207445,0.40294094080668674,-0.7856835786759708,-0.37650627956103977,0.33277367116930684,-0.06828375663903316,-0.07941554656974573,-0.15522084313465412,-0.5631411283633807,-0.5768473578686955,0.7824370913092444,-0.28925476049865406,0.1389900228618445,-0.19579037545283934,0.028803883499815854,0.19329837565736577,0.15713108269623036,0.16240182661488028,-0.22630696606303152,-0.36469235238275344,-1.0370808097097326,0.3105385906411992,-0.145572372016642,0.8532919961547596,0.04780116712473616,1.2349879655361757,0.26370171392803265,0.10959976957231463,-0.22086793101719027,-0.27246462566600643,0.7917360460051038,0.6209476513314786,-0.04299701563837678,0.12563099750827483,0.2679588669966189,0.5049564456347784,0.3889505195968547,-0.030289143252664266,0.49691647598476607,-0.7039989951645932,0.09704705322640904,0.317262539989273
0.26331886704508506,-1.0064555013650853,-0.375595816561594,-0.8879124977645857,-0.26551409187411446,-0.6571886288087334,-0.5671642723443497,0.38997748782994013,0.11788189470690957,1.1469258986600623,-0.4409561217169128,0.1790698059592551,-0.18709630420835258,-0.46836388456347794,-0.006449181574151615,-0.12120127983201627,0.3697952799007833,-0.34475187775835253,-0.5711063336245064,-0.19195831342305356,0.15396288814654174,1.1304242643102602,0.543373234647352,0.4265947480407097,0.02892122057369506,0.4679813479960011,-0.10411630845255916,0.26370171392803265,1.2590782395891802,-0.8165522435191198,0.006562518979538059,0.2550019530548628,0.8117141125482039,0.23052584931488376,0.2580857758492404,0.12441601307132644,-0.4779605352519219,0.4063414083049584,-0.04349091268194735,-0.23237378012701518,0.5558362594698455,0.6978792885667386,-0.12593439382807203,0.5167274111868067
-0.8291250338247625,1.4138726431919466,0.47963404500985446,1.8068223554976794,0.12188728450169882,1.2997129593869605,1.2462786803938588,-0.1525017827774507,-0.9112409590620897,-1.9947112918516423,0.43113303966587296,-0.5115503432600678,-0.4510117656676763,0.2125880941232609,0.4351219295692238,-0.24044687728136432,-0.3855091497235298,0.6288716627653488,1.12582668928016,-0.4932066228374767,-0.2100760962334335,-2.38643319894287,-1.1725538384706073,0.33811205551127604,0.30650972977762164,-0.02519605612368045,0.28721801261179675,0.10959976957231463,-0.8165522435191198,1.3211145976804621,-1.2405555885608652,0.38374445663641604,-0.34916094832275185,-0.10220890712065414,-0.9830323801025188,-0.6924750158261916,1.0613671878847415,0.4081219182871416,0.3736030481199824,0.7587999369759034,-0.49136753851380555,-0.9996964664865509,1.0048829403161486,-0.6538538282265937
1.0542655683923141,-1.4021012173463587,-0.5168817388506416,-2.025247863848047,-0.17701276049201048,-1.6682551037930555,-1.3404877750187694,-0.1330215791331048,1.4051744027819508,1.9899852159872993,-0.4035941027763985,0.5790323197357701,1.3304923910558712,0.07650523826028936,-0.6516892072740333,0.4753914217916867,0.26884300019677465,-0.6607580966377812,-1.0189980620670296,1.0723106228718182,0.16859456315419946,2.712463285816889,1.0704563505206177,-1.0054316511431496,-0.6121319354928628,-0.39131857005629167,-0.3235066026651311,-0.22086793101719027,0.006562518979538059,-1.2405555885608652,2.136931205262181,-1.0110355412145293,-0.11053661427171915,0.06207218128429663,1.2864155621608824,1.1510548575561854,-1.1630991174774763,-1.131722301820995,-0.424602045892398,-1.1917556209778863,0.45277184249124375,0.6994347894888207,-1.802155209329454,0.7463908046255019
0.17932591355391336,0.1602776843786458,0.5809462768583611,0.6828204087492233,0.08759656564220364,0.8696497264116627,0.43086773709642007,0.22330995308852195,-0.24815632290510353,-0.05532410210710402,0.35380825923580667,0.17371039367762842,-0.8571837864713553,0.4733269822080325,0.16912812113318793,-0.5881132339111207,-0.11623223051905489,0.16824772347481487,-0.026692536762291712,-0.5946937150221777,0.4815339571580646,-0.39529127146339027,0.4127900098694583,0.14458150930528374,0.3971735166898656,0.028069380956654313,0.11233143325440201,-0.27246462566600643,0.2550019530548628,0.38374445663641604,-1.0110355412145293,1.1155166608821674,0.1251817996716267,-0.26585098021035286,-0.9382300388342774,0.06516818074288964,0.38057803351271025,0.6802744946066909,0.10208232411059649,0.5052599026498936,0.1107175143533426,0.2708790117450457,0.35773407916151834,-0.27452027939137985
-0.14635510310596342,-0.771834688353891,-0.16593403619248034,-0.26455620056625656,-0.6720873151142746,-0.6021268119586591,-0.09536530195088913,0.21350085412618716,0.10205396094110039,0.614808351627125,-0.5437881144622411,-0.1208099653251088,0.4017377800363392,-0.305774856169699,0.08631571035928785,-0.2681481317663641,0.2013010482710002,-0.08131507677371155,-0.1793902278486548,-0.020898193559814586,0.09161808165951216,0.5564151761711404,-0.19841489525166023,0.3331695445570485,-0.056797714988694785,0.6448175907476458,-0.010313278540081574,0.7917360460051038,0.8117141125482039,-0.34916094832275185,-0.11053661427171915,0.1251817996716267,0.9289777117745549,0.44481296939160975,-0.02087001615742884,0.3079026563509555,-0.09345488562341381,0.494492852426387,0.21629770153588077,-0.18096984604459293,0.7162928806738328,0.029268042192641643,-0.21717679249901212,0.5291732856740663
-0.3133545834517805,-0.30243515111941527,-0.17733117420494357,-0.022341367630458412,-0.42061622358185247,-0.41158218382291023,0.008057410861954096,0.004322233614907471,0.03890175278753853,0.047526141529124794,-0.34296387664883177,-0.2635804271516459,0.4414999173208705,-0.2447793699534987,0.07768013466037785,-0.0031700836199223745,0.04194768957118856,0.02638633767952577,0.0775633439429004,0.0982262104406442,-0.18629681028282755,-0.021131657527337748,-0.4771061683028133,0.16914535078868184,-0.12022675597604576,0.4173321275474216,0.005898911604593874,0.6209476513314786,0.23052584931488376,-0.10220890712065414,0.06207218128429663,-0.26585098021035286,0.44481296939160975,0.4017521344435197,0.17098105262590638,0.041779600666097844,-0.006507994123609189,0.1266442686279885,0.1631459796589214,-0.10843644004812322,0.30091787862519276,-0.2925324079167726,-0.07365066208469119,0.26646909838166355
0.3183544419429658,-0.7481954089342506,-0.6957423955485244,-1.4521296876992928,0.03126004131102463,-1.183186799691794,-1.02296022909983,-0.06334699779505647,0.5836635232599923,1.0235700544803839,-0.38481972317048485,0.19179759855949724,0.5683425054265856,-0.47548993068852563,-0.3367228499292427,0.6052366593462783,0.2796723319717837,-0.4549312223107224,-0.59099348285245,0.589818961445932,-0.26218838036870284,1.4524615295507761,0.44206476912492504,-0.22600387574000044,-0.3795188594149857,-0.10133362741979349,-0.23909002749365166,-0.04299701563837678,0.2580857758492404,-0.9830323801025188,1.2864155621608824,-0.9382300388342774,-0.02087001615742884,0.17098105262590638,1.2282454344388207,0.13442689813949088,-0.8605253470249953,-0.7351760604969246,-0.3475803006481054,-0.6394942920571853,0.03246750622084368,0.4357162783478144,-0.6020274699882494,0.4383847852754487
1.088928730131686,-1.483478794101332,0.46003218693846143,-0.9833231274484534,-0.5643963652164673,-0.8553110627066539,-0.6649755921530413,-0.051348314671489564,1.468699755166937,2.1606006786773646,-0.21714766738208266,0.5034030222291243,1.137948530644553,0.8970144731403704,-0.5679597039709627,-0.43094605451003154,0.05334056063550248,-0.3518062744509124,-1.2195427799340444,0.7505964285153618,0.7711543061994184,2.3529794630969882,1.168363794734642,-1.1369926032579765,-0.3410052886135151,0.06270574162042282,-0.20578869041771508,0.12563099750827483,0.12441601307132644,-0.6924750158261916,1.1510548575561854,0.06516818074288964,0.3079026563509555,0.041779600666097844,0.13442689813949088,1.803142178718409,-0.5795096160697614,-0.17455832046916508,-0.09396449837657013,-0.7737673559635754,0.9416827620316767,0.5693719634845078,-1.774515224710801,0.5749177502814701
-0.7760502421400522,1.0705344433809287,0.3532715742633347,1.4945815891041039,-0.037010450102846905,1.0250861542323428,1.0442980711537977,-0.07194160066369606,-0.8029988535887879,-1.5958510259165508,0.22186391623636734,-0.5048497596309124,-0.3544629019835704,0.06282780265724346,0.37791749176605033,-0.29017089296190407,-0.24074621413322253,0.5334760012331622,0.9027738899278009,-0.444085047280078,-0.16476250832356745,-1.9681335238483506,-1.0637241360576883,0.41891969472794527,0.27893455314433285,0.1299328256573883,0.23902412149811572,0.2679588669966189,-0.4779605352519219,1.0613671878847415,-1.1630991174774763,0.38057803351271025,-0.09345488562341381,-0.006507994123609189,-0.8605253470249953,-0.5795096160697614,0.9319201618203784,0.5064773235324915,0.37305925610250373,0.6377839581155262,-0.2741892352682584,-0.8628031304802075,0.8862680222084273,-0.4528017906115783
-0.4865589773866128,0.2579342510325303,0.5203567215746643,0.9876602147544074,-0.15514482846125852,0.7115362504861127,0.6430684209413509,0.12087026210818226,-0.5269996720030572,-0.3876448484368673,0.05071174549314336,-0.32502635860339374,-0.504080850597811,0.0839324677017182,0.26638324307671896,-0.4866614108617482,-0.10162876393100256,0.2841334100500484,0.08462735825535012,-0.49286312035860264,0.08627268750764626,-0.912872838148722,-0.3811304217982209,0.49876175362163555,0.26641380385516045,0.6715420881551136,0.12079508668980533,0.5049564456347784,0.4063414083049584,0.4081219182871416,-1.131722301820995,0.6802744946066909,0.494492852426387,0.1266442686279885,-0.7351760604969246,-0.17455832046916508,0.5064773235324915,1.0009049515826924,0.29797993931210986,0.5333472804933671,0.10515673284042136,-0.20493275760956106,0.8010614846021394,-0.24994870589693952
-0.3666565641550937,0.21226900256456857,0.09784627246486839,0.5709638276218967,-0.24570853506524987,0.19992874795754562,0.44984095061619667,0.008984826105764138,-0.27243361429250956,-0.5298304940287183,-0.06859700128552086,-0.2748965896089586,0.11656526077873061,-0.03975734461011601,0.18622863949121995,-0.17977610882157705,-0.07060980034853145,0.20303454704863408,0.3924814918207066,-0.1412441332872291,-0.07080708928092432,-0.6938556545271046,-0.5848180554285416,0.21396957115651022,0.052666272733271506,0.24726525983843292,0.10406296055428042,0.3889505195968547,-0.04349091268194735,0.3736030481199824,-0.424602045892398,0.10208232411059649,0.21629770153588077,0.1631459796589214,-0.3475803006481054,-0.09396449837657013,0.37305925610250373,0.29797993931210986,0.25452433957148307,0.14282929243073486,0.11071814203889739,-0.4356627881777794,0.205817629988808,-0.009510083243449846
-0.6423178907679258,1.0186112100309739,0.39699724203265346,1.2520260209526537,0.29281659724578474,1.1191582518760905,0.7397272198264667,-0.027873336392883367,-0.7951905568875771,-1.2569081039465193,0.3927856640492728,-0.3196878245647701,-0.9168218022043585,0.0639772585314651,0.33691950201713966,-0.1605844289920233,-0.25023205349643196,0.41756256559544125,0.5289805713741211,-0.5741280911458319,-0.1639063299757176,-1.6923743939705687,-0.5450611464467113,0.47722588713764724,0.35378106415534943,0.12062639387980134,0.16594253696384625,-0.030289143252664266,-0.23237378012701518,0.7587999369759034,-1.1917556209778863,0.5052599026498936,-0.18096984604459293,-0.10843644004812322,-0.6394942920571853,-0.7737673559635754,0.6377839581155262,0.5333472804933671,0.14282929243073486,0.8199231986486396,-0.503374454453481,-0.39983731046293686,1.1978663829016583,-0.6309989820212479
0.4321595812692412,-1.1856763246335815,-0.10238958553717223,-0.7091320720683968,-0.7667699434900636,-0.8540774994901126,-0.3985803598325331,0.16206584162033774,0.7282384859445266,1.2585093221768435,-0.5163501950279633,0.16928893873792103,0.7989019234383227,0.1153548611181462,-0.17382830220077877,-0.3685230300220375,0.2195832235171301,-0.20489050112511606,-0.49409616320026684,0.3001041486408356,0.4096602192638359,1.389576121928306,0.3323146656752802,-0.2644495130378714,-0.1638294459255899,0.2709858833264592,-0.08190866907591567,0.49691647598476607,0.5558362594698455,-0.49136753851380555,0.45277184249124375,0.1107175143533426,0.7162928806738328,0.30091787862519276,0.03246750622084368,0.9416827620316767,-0.2741892352682584,0.10515673284042136,0.11071814203889739,-0.503374454453481,0.9645658539687981,0.21285063096532916,-1.0656111953128493,0.7107502111294924
1.0765630842846827,-0.9911890450185242,-0.0834539535329737,-1.3440027003862118,0.3142482931229811,-0.5339215225569411,-0.966815630503004,0.24410073781974606,0.656012066702033,1.7226898323704116,0.0652844303015229,0.7607491331769326,-0.33444307857977745,0.16918727840277942,-0.33655924927921044,0.05148904284546831,0.22980813720987003,-0.5432526208340679,-1.043951429596247,0.08447855287855088,0.4721721394255596,1.9904543245755526,1.6123489786838514,-0.34326443532209117,-0.0430369132590041,-0.26176378495936065,-0.21180971129534742,-0.7039989951645932,0.6978792885667386,-0.9996964664865509,0.6994347894888207,0.2708790117450457,0.029268042192641643,-0.2925324079167726,0.4357162783478144,0.5693719634845078,-0.8628031304802075,-0.20493275760956106,-0.4356627881777794,-0.39983731046293686,0.21285063096532916,1.2950141637861874,-0.6716493345515859,0.25771667667135784
-1.365833886332457,1.8058836256067792,0.19512107527936404,1.763707022528743,0.6328599054890309,1.5297160825776657,1.1018144091818747,-0.022588822887928572,-1.6817719248524627,-2.322469734484693,0.43503627594491795,-0.6879381188897836,-1.4845518800889752,-0.5516935401836949,0.6218691490169627,0.12500044017529888,-0.24375512734715082,0.5652501474342805,1.0324329035219497,-0.9390011979122194,-0.6650459323736913,-2.913348026700272,-1.2434213680422452,1.2027055624681944,0.487922177410575,0.35833103516148246,0.24995000017079333,0.09704705322640904,-0.12593439382807203,1.0048829403161486,-1.802155209329454,0.35773407916151834,-0.21717679249901212,-0.07365066208469119,-0.6020274699882494,-1.774515224710801,0.8862680222084273,0.8010614846021394,0.205817629988808,1.1978663829016583,-1.0656111953128493,-0.6716493345515859,2.3514697264535864,-0.9618001448739482
0.37204383917684125,-1.0372202441291334,-0.5203182368238818,-1.0665125388337344,-0.5639689521211498,-1.1043822575570428,-0.6031394512650727,0.15151484135703436,0.579113988263859,1.0446570367509114,-0.5709074476017353,0.19427171716010028,0.7852580101330846,-0.2789378469791086,-0.16875660306854687,0.0026049481234305355,0.31868370910547583,-0.31573526746680725,-0.32201484759551585,0.3606850767262977,0.15448170578802906,1.4002494014609856,0.24260381505755965,-0.12643866791635683,-0.23442031618073372,0.06073644533415787,-0.11073503643345328,0.317262539989273,0.5167274111868067,-0.6538538282265937,0.7463908046255019,-0.27452027939137985,0.5291732856740663,0.26646909838166355,0.4383847852754487,0.5749177502814701,-0.4528017906115783,-0.24994870589693952,-0.009510083243449846,-0.6309989820212479,0.7107502111294924,0.25771667667135784,-0.9618001448739482,0.7529498348570474
