V1,V2,V3,V4,V5,V6,V7,V8,V9,V10,V11,V12,V13,V14,V15,V16,V17,V18,V19,V20,V21,V22,V23,V24,V25,V26,V27,V28,V29,V30,V31,V32,V33,V34,V35,V36,V37,V38,V39,V40,V41,V42,V43,V44,V45
0.2215613745691451,0.03315603331876933,-0.2122953646520655,0.08358652174996407,-0.33859282674342756,-0.8850702503903266,-0.16091609499423432,0.21584138572560121,-0.17986513906035587,0.0021238987236916773,-0.5802012255739389,-0.504153982829653,-0.2528075776518395,0.7805031937779991,0.030080315540179405,0.031246518643174973,1.10734551203135,-0.04830454749353867,0.2938333388335562,0.1956708136024426,0.7164041876449568,-0.4991650672195773,-0.19375628851295312,-0.19657413997812237,-0.6420149453401932,-0.07126395424241175,0.052280628917137646,-0.35239249740829676,1.126761480287598,-0.2686586981877267,0.39355602717510146,0.03546264588555761,0.518292230646427,-0.9428382360753332,-0.5788962960762827,0.23688094802909365,-0.060947635117750115,0.03135879454744222,-0.36365463590184177,0.0537846666099483,0.11078078759148423,-0.4225694047194049,0.061983692871060446,-0.7266701295461647,0.0054089443999040315
0.03315603331876933,0.07913971943298942,0.03372438736470893,0.02708330636168462,-0.2312519422598817,-0.5084716812692756,-0.13841349009663448,-0.008965463272551977,0.12461930883004435,-0.14527456540059228,0.5527269851529742,0.2819848971124886,-0.034567261082693944,-0.11861555352868802,0.12379958346965475,0.20607765162321506,0.17258744455712646,-0.06007259644121149,0.26487327781697795,0.06321763264390819,0.27052578039160485,-0.28848745223853267,0.2031795331636323,0.1422515398240855,-0.016438453165028805,-0.32857083012609956,-0.44915215963405003,-0.33041959484960576,0.11508501562904408,-0.05648210878384627,-0.4511830751604757,-0.23683026385323755,-0.171269461290151,-0.06193448804454909,-0.24932491025135223,-0.06323309163826368,-0.40110087056563,0.025078160539425735,-0.214841348788545,-0.05159691751836165,0.18801687652691948,0.045716834173754925,-0.5683473070764937,-0.5439145655303861,0.13017496598202127
-0.2122953646520655,0.03372438736470893,0.26126271206568646,-0.06715917231948607,0.165070346522801,0.5152689955921087,0.05326391759256528,-0.2431375709228251,0.3069875202052767,-0.1306663414107919,1.1210902161812464,0.7990790984196038,0.24503466500580626,-0.9558253920001699,0.07685836372443257,0.1483965056180441,-1.0543997648371652,-2.884097246806806e-4,-0.08601432598539115,-0.15699181893905723,-0.5419726090740901,0.2890831081880527,0.3907636624820167,0.33951220750325733,0.6856374352064404,-0.21281606003999945,-0.4542366349418556,0.09209487563150254,-1.1265425706468286,0.2430508629011316,-0.8279419840713629,-0.24799827511155084,-0.7161273763126532,0.9728980045823057,0.4105445846143677,-0.3142124812561412,-0.28846302623570075,-0.011655933443875936,0.2070450109637611,-0.10433150596775748,0.04558659465172983,0.5009495256568814,-0.5695794776349103,0.31112607893037447,0.10907500402890483
0.08358652174996407,0.02708330636168462,-0.06715917231948607,0.042179880965521034,-0.15747933982108897,-0.49688776433605847,-0.08158495066448407,0.08667260005939155,0.05082808460590301,-0.03776513873723339,-0.047661973063692346,-0.0807253067596343,-0.10487758744419348,0.2419384250065746,0.07224909726297277,0.10665340553666489,0.4861493591174354,-0.01987535696525446,0.2089042388755434,0.1394291102798612,0.3353712360409278,-0.2815298060564122,-0.016124442672782124,-0.08468921893532985,-0.21307903951348547,-0.13434553252510656,-0.1396418860281594,-0.23055102680233514,0.46068972173208766,-0.10532368556973215,-3.417703910244565e-4,-0.05851165195805168,0.17006732038100017,-0.39026329304823737,-0.30687820324201165,0.06059846255987239,-0.18033370954165875,0.05896711748775262,-0.14546411446826352,-0.005665904542764061,0.11531586462141474,-0.15708572255989053,-0.1075680547975933,-0.46309360353298307,0.0316226131155687
-0.33859282674342756,-0.2312519422598817,0.165070346522801,-0.15747933982108897,0.9613510647669319,2.202154873467237,0.525444277635668,-0.21953927019663372,-0.028229922535238546,0.3438397361449096,-0.6364943447078618,-0.07055991371224381,0.3709126739494234,-0.6243860579998268,-0.30868501129948744,-0.497156467727039,-1.659515839858703,0.2089301623594529,-0.946423890347044,-0.3380714895732049,-1.4680491496407144,1.245463721652417,-0.26069810707595964,-0.1502476392899014,0.7972917365281957,0.8495630540050317,0.9810912490539964,1.182728573422007,-1.557613105899827,0.4496385965860095,0.60432277447644,0.5172862885030982,-0.16901895858463836,1.2111911393631725,1.239001117453709,-0.12874475617490558,0.9879417862429618,-0.06566275225255679,0.963516281865776,0.052477896856746156,-0.5571965828883315,0.3664823596961275,1.2985094151696341,2.093447266172202,-0.320122610892109
-0.8850702503903266,-0.5084716812692756,0.5152689955921087,-0.49688776433605847,2.202154873467237,6.462138651292875,1.2041747640667166,-0.8059236790413801,-1.0680808293539015,0.8436051683450408,-1.4463476903024914,-0.2476256257976733,1.1094945303036934,-1.8526334605244927,-1.1539735355847551,-1.779077799197912,-5.226021766756618,0.3608200175436537,-2.919442761157538,-1.628727145067253,-4.0676912375888215,3.6641763398390204,-0.5330271587887349,0.4219634844069273,2.006437723135174,2.4115703217107476,2.9046402297765983,3.3083343960444633,-4.7577728661155145,1.164530757225481,1.5702338273150482,1.3642810595931023,-1.077271243061441,3.9389271028469524,3.7844610935093566,-0.338540434295812,3.15057265645102,-0.7225884128396023,1.9995375150489292,0.2505746316803653,-1.7678708656743365,1.354092293758299,2.880543301935189,6.293523055494175,-0.7250760657598483
-0.16091609499423432,-0.13841349009663448,0.05326391759256528,-0.08158495066448407,0.525444277635668,1.2041747640667166,0.2934288022681051,-0.09043366206204971,-0.08471386157302233,0.2208302385737161,-0.5550072250670572,-0.17668407700697086,0.17650853729071392,-0.2053289600584723,-0.198054978763662,-0.3217999792650769,-0.8011589603933547,0.1183237700518884,-0.5427126261657694,-0.18236165359452133,-0.7653027130092757,0.6815907076622798,-0.21480348890977546,-0.13089098080649017,0.34632015978058706,0.5325494584512037,0.6521219611028398,0.6751389026561497,-0.7264406924677821,0.22005950851517364,0.49039493581479465,0.3424776491767938,0.011879914324731069,0.552540581692788,0.6596601254646972,-0.021877328625825036,0.6319742572880674,-0.045371731356029926,0.5161548257644475,0.04995611068257006,-0.3365490050656286,0.13508848985084293,0.8416978098170651,1.1773518243695194,-0.20247253638712093
0.21584138572560121,-0.008965463272551977,-0.2431375709228251,0.08667260005939155,-0.21953927019663372,-0.8059236790413801,-0.09043366206204971,0.25613449684668255,-0.10695621983611371,0.0659735633579194,-0.842816388786434,-0.6226310324495045,-0.2655024937854227,0.8805668243857673,0.027217517149977014,0.013277631597190209,1.189957815622633,-0.002677947685461139,0.2571287958444699,0.2728779723253334,0.6636924948729483,-0.4552113739050062,-0.2984298636039653,-0.3629444860016712,-0.6466057407109573,0.03021819788499669,0.1857570070649753,-0.26267955350277467,1.206587553518483,-0.2539888639933147,0.5837669513379133,0.12752698251137662,0.6835310201068202,-1.0485261207280914,-0.5704160496919689,0.269567083231479,0.020854859650357636,0.09321721521390214,-0.22512670409536056,0.061146656489497714,0.08090645302335554,-0.5049958813575893,0.35175571368264263,-0.6433216500170468,-0.05955240951094478
-0.17986513906035587,0.12461930883004435,0.3069875202052767,0.05082808460590301,-0.028229922535238546,-1.0680808293539015,-0.08471386157302233,-0.10695621983611371,1.4722572914488938,-0.4129648193142087,2.298829418571106,1.5885426771369549,0.09599593321467344,-1.1864613313969998,0.6475864228103121,1.0182398227477023,-0.11883933861051489,0.03111342692317273,0.8374180613054237,0.5842650260716532,0.12923651924287025,-0.6167784920295768,0.7614854553896974,0.004254997615645749,0.8382406943577198,-1.1059943434962856,-1.7715980120004964,-0.7732454208863642,-0.49719702598480164,0.1760838562323586,-1.9173050750491654,-0.801452652996714,-0.6614428226539955,0.3545313494203372,-0.5083467379387641,-0.501271602297787,-1.669795932218954,0.5092500961507255,0.23346438478313536,-0.328291707197178,0.7157343669518546,0.34776608303872536,-1.4301184067739794,-1.4815628839475834,0.30748181241778516
0.0021238987236916773,-0.14527456540059228,-0.1306663414107919,-0.03776513873723339,0.3438397361449096,0.8436051683450408,0.2208302385737161,0.0659735633579194,-0.4129648193142087,0.2985298943551162,-1.319175319809274,-0.7566216865301966,0.0041528772016098305,0.4775648153305442,-0.2818157419977965,-0.46578058448100007,-0.08868763374215277,0.09207810062756833,-0.5007091517159512,-0.14017946902156975,-0.35593517728993124,0.48037347934850444,-0.472093096755884,-0.28217066501205745,-0.1797247471205226,0.6808846374465694,0.9864959604538915,0.596747688024895,0.056839254482532714,0.030359848204232088,1.06713426397547,0.5067183943983867,0.46337632992226885,-0.10025923653854972,0.38611847883243244,0.20796621472721566,0.8715967540536526,-0.09492004377474186,0.2816165329948313,0.13580942518577885,-0.3864237622538528,-0.19348723283392946,1.1566749135406338,0.9795761429248289,-0.2591899394414313
-0.5802012255739389,0.5527269851529742,1.1210902161812464,-0.047661973063692346,-0.6364943447078618,-1.4463476903024914,-0.5550072250670572,-0.842816388786434,2.298829418571106,-1.319175319809274,7.300888610797013,4.632314947505358,0.6307737010608745,-4.110604899671858,1.1693888853961023,1.978745901226507,-2.447878522835707,-0.27791435613876925,1.4553630921973328,0.1256057528124947,-0.27462767379852165,-0.836097585532831,2.57578804512149,1.735432936703302,2.447075670671001,-2.818049119642354,-4.484845878129221,-1.72359453300021,-3.1422054466012486,0.5587114427135061,-5.713448675025506,-2.323082501346064,-3.3654776905306973,2.858077184478608,-0.21788173625015397,-1.5262390062084699,-3.6909721313544948,0.3464145679784736,-0.29442145318585233,-0.7385606039795108,1.4215175190085347,1.9343343630582308,-5.244997934513714,-2.4552472474617626,1.1256080927482834
-0.504153982829653,0.2819848971124886,0.7990790984196038,-0.0807253067596343,-0.07055991371224381,-0.2476256257976733,-0.17668407700697086,-0.6226310324495045,1.5885426771369549,-0.7566216865301966,4.632314947505358,3.0679787945639507,0.5398249845188273,-2.942265540548463,0.6955592885891895,1.1785656742436248,-2.1484048600465933,-0.1006044115825496,0.6716695092101392,0.015823780417236553,-0.6766968275067244,-0.15272857000925394,1.6170285820501977,1.0510004940418773,1.9128792498397589,-1.5968630280183644,-2.6723655411853744,-0.7534592319735279,-2.5893285381244273,0.5290357113323155,-3.5989113889902242,-1.370237536448447,-2.2602288029151016,2.274107605655868,0.2481046157419778,-1.061999083338441,-2.155826993207739,0.24461461251560124,0.17201139143432465,-0.4816854099880993,0.775147774073513,1.3904034706539756,-3.0126583877512845,-0.9655524461214969,0.6320640618704002
-0.2528075776518395,-0.034567261082693944,0.24503466500580626,-0.10487758744419348,0.3709126739494234,1.1094945303036934,0.17650853729071392,-0.2655024937854227,0.09599593321467344,0.0041528772016098305,0.6307737010608745,0.5398249845188273,0.3018284234275281,-0.8927746856334932,-0.07790613153542608,-0.09887028048822116,-1.3506014416262264,0.041408597160484235,-0.3967900183756809,-0.2986093250154766,-0.8532814309466832,0.6269068787460185,0.2164980986917932,0.28954862491324873,0.7184866765912381,0.1259811544054236,0.010936488125878234,0.44598400046237335,-1.3481482196770729,0.30683515741544937,-0.4081594549083407,-0.019423979628314766,-0.6328755997349996,1.1446240631104603,0.727050472071501,-0.26240466695070136,0.15700182042075062,-0.09111001550357724,0.3775716633123487,-0.04543500858115757,-0.17079158949690357,0.5118229037757511,-0.07338657732256376,0.9448502228642182,-0.0059063551079585564
0.7805031937779991,-0.11861555352868802,-0.9558253920001699,0.2419384250065746,-0.6243860579998268,-1.8526334605244927,-0.2053289600584723,0.8805668243857673,-1.1864613313969998,0.4775648153305442,-4.110604899671858,-2.942265540548463,-0.8927746856334932,3.5018575166979384,-0.30292014858028765,-0.5737881333407223,3.82507814825297,-0.00952414455290969,0.28992491563853645,0.5340129285707899,1.978819239210596,-1.0386481558418765,-1.4286086529622426,-1.2015310118684888,-2.5253926947268908,0.7942226092172797,1.6907432666971098,-0.325372488389055,4.10212006623072,-0.8941542802711218,3.044577426272805,0.9130449828907505,2.596673441659174,-3.532298529370016,-1.4773928628707216,1.1553010569831148,1.0942963969532462,0.010945723384502398,-0.7907979711421131,0.39027132577317586,-0.1860167368909352,-1.8190692446089936,2.0657243785137207,-1.0952912587841235,-0.3948683468661738
0.030080315540179405,0.12379958346965475,0.07685836372443257,0.07224909726297277,-0.30868501129948744,-1.1539735355847551,-0.198054978763662,0.027217517149977014,0.6475864228103121,-0.2818157419977965,1.1693888853961023,0.6955592885891895,-0.07790613153542608,-0.30292014858028765,0.376380971795355,0.5944724001862933,0.48415676795163204,-0.049481675072509335,0.6583382527667012,0.36500530128873016,0.5188383363115785,-0.6581750808921772,0.40180886702545976,0.036223031448367526,0.10592731117473969,-0.737668558652511,-1.0630116691863123,-0.7017336079348712,0.28887854120665607,-0.06634878991036754,-1.0010411354457844,-0.5017264908141715,-0.2170545263168256,-0.2419474888769435,-0.612388418514077,-0.17177107497052363,-1.0256246254299766,0.24476609354027956,-0.19533706773988394,-0.15720103682671696,0.48263129964186074,0.026061202650280984,-1.004714027974524,-1.2967032221578914,0.2288413660957029
0.031246518643174973,0.20607765162321506,0.1483965056180441,0.10665340553666489,-0.497156467727039,-1.779077799197912,-0.3217999792650769,0.013277631597190209,1.0182398227477023,-0.46578058448100007,1.978745901226507,1.1785656742436248,-0.09887028048822116,-0.5737881333407223,0.5944724001862933,0.9443319190251469,0.6512396312420607,-0.08820195750037405,1.0296669595511247,0.53872049981633785,0.7790278195713518,-1.01481015922256,0.6838154177305975,0.12372338921261024,0.22163930842132157,-1.1930771571234298,-1.7280837205180801,-1.1096223615431553,0.34123679949966335,-0.08753951610983418,-1.6749951721437693,-0.8252989934059055,-0.4360633788314947,-0.2741381852749967,-0.9250572057604982,-0.30127570166986023,-1.6439952647395133,0.3663740891409875,-0.32148445757344124,-0.25557924766759826,0.7643051526366005,0.10073333134894132,-1.6837864200049422,-2.019337830945945,0.3816031434352184
1.10734551203135,0.17258744455712646,-1.0543997648371652,0.4861493591174354,-1.659515839858703,-5.226021766756618,-0.8011589603933547,1.189957815622633,-0.11883933861051489,-0.08868763374215277,-2.447878522835707,-2.1484048600465933,-1.3506014416262264,3.82507814825297,0.48415676795163204,0.6512396312420607,6.112605401894215,-0.17108833561288653,1.9598624176466066,1.4889160903662988,3.8800501693516316,-2.9557784271106016,-0.8490184128096068,-1.34788197616684,-3.0851683865925184,-0.7733248548734768,-0.3805600345851236,-2.1578396523299044,6.023829199368811,-1.3508764484381734,1.500964441759569,-0.054701169005779524,2.7691266843873845,-5.136653187190379,-3.395262956709264,1.0939380222014543,-1.0330302001318954,0.5302234368275947,-1.6320526695435267,0.14061403600612882,0.9128005622409692,-2.2661738452715214,0.10578991318936629,-4.56342233785894,0.07490046998001676
-0.04830454749353867,-0.06007259644121149,-2.884097246806806e-4,-0.01987535696525446,0.2089301623594529,0.3608200175436537,0.1183237700518884,-0.002677947685461139,0.03111342692317273,0.09207810062756833,-0.27791435613876925,-0.1006044115825496,0.041408597160484235,-0.00952414455290969,-0.049481675072509335,-0.08820195750037405,-0.17108833561288653,0.0579851664848555,-0.16008005955760188,-6.631132162988009e-4,-0.23549395741527113,0.20365149748604613,-0.11039881358142907,-0.12913578417293056,0.0984018133701459,0.19149068876994899,0.23600646917345192,0.22632493310445223,-0.15578012992891946,0.0693092854201374,0.22298402528900804,0.1374609055762516,0.09055034667839285,0.0929353214158194,0.1786770378380317,0.008107749115237694,0.20232006159918597,0.027064422898947144,0.21968996364045187,0.014778540040262949,-0.10155436499192072,-0.00688277017174209,0.3783557526198486,0.3523072749292426,-0.08866395086899492
0.2938333388335562,0.26487327781697795,-0.08601432598539115,0.2089042388755434,-0.946423890347044,-2.919442761157538,-0.5427126261657694,0.2571287958444699,0.8374180613054237,-0.5007091517159512,1.4553630921973328,0.6716695092101392,-0.3967900183756809,0.28992491563853645,0.6583382527667012,1.0296669595511247,1.9598624176466066,-0.16008005955760188,1.431408085595451,0.77460957956161,1.6682790018161007,-1.6583339478481163,0.5142523920239683,-0.06040429478612596,-0.5194835580741728,-1.3573379031771962,-1.7803930700803166,-1.5966652799435,1.658755607242139,-0.4101662377741528,-1.3385463489154914,-0.8448793044060029,0.11084626133090068,-1.3666021607197758,-1.6492002433468245,-0.045665149254981094,-1.8125049556946495,0.40528541470490903,-0.796622231076124,-0.2063195775947754,0.9373260896843687,-0.3698684970211722,-1.7606813839577218,-2.986305500669283,0.4216736753439854
0.1956708136024426,0.06321763264390819,-0.15699181893905723,0.1394291102798612,-0.3380714895732049,-1.628727145067253,-0.18236165359452133,0.2728779723253334,0.5842650260716532,-0.14017946902156975,0.1256057528124947,0.015823780417236553,-0.2986093250154766,0.5340129285707899,0.36500530128873016,0.53872049981633785,1.4889160903662988,-6.631132162988009e-4,0.77460957956161,0.6349226210540977,0.957446687347646,-0.926587431496378,0.021172535366509086,-0.430442641184192,-0.4283083902132657,-0.5493232733753786,-0.690172868880345,-0.7643941439145213,1.3199132154494302,-0.2505308253378402,-0.2541026050537916,-0.26371016484044973,0.5213198661402607,-1.1760469930446944,-1.0138421929507975,0.09292485777431751,-0.8418768324445067,0.36382336173691693,-0.21831507371457137,-0.08767374383784847,0.4781279929425023,-0.46778590186544483,-0.3418922523550553,-1.624612841229174,0.09550906414778793
0.7164041876449568,0.27052578039160485,-0.5419726090740901,0.3353712360409278,-1.4680491496407144,-4.0676912375888215,-0.7653027130092757,0.6636924948729483,0.12923651924287025,-0.35593517728993124,-0.27462767379852165,-0.6766968275067244,-0.8532814309466832,1.978819239210596,0.5188383363115785,0.7790278195713518,3.8800501693516316,-0.23549395741527113,1.6682790018161007,0.957446687347646,2.816054005803289,-2.3019458507460886,-0.06714874668914281,-0.44540416159257595,-1.8433758080788518,-1.121248958193571,-1.1322482440254222,-1.9334280365988457,3.7210983779911646,-0.9077976790704226,-0.056657069316251876,-0.5215965560176542,1.2273856830525403,-3.086925143229907,-2.4697740164339845,0.5088802605380238,-1.400850130082172,0.3292482308738473,-1.4304209734208921,-0.017810344757926512,0.9046601092663117,-1.207375268024132,-1.1454084081565503,-3.7465880601522246,0.31997838366793174
-0.4991650672195773,-0.28848745223853267,0.2890831081880527,-0.2815298060564122,1.245463721652417,3.6641763398390204,0.6815907076622798,-0.4552113739050062,-0.6167784920295768,0.48037347934850444,-0.836097585532831,-0.15272857000925394,0.6269068787460185,-1.0386481558418765,-0.6581750808921772,-1.01481015922256,-2.9557784271106016,0.20365149748604613,-1.6583339478481163,-0.926587431496378,-2.3019458507460886,2.0777681070820733,-0.30738364589685785,0.23942846038300644,1.128109741898224,1.372963442149046,1.6572729350116697,1.8775552797950366,-2.6877341070919423,0.6572493977924289,0.9033452069448412,0.7780181067404262,-0.6046785540215709,2.225813987370125,2.1450744055802584,-0.187502123958476,1.7957851712160915,-0.4132874021016738,1.1285779921211163,0.14444583946668488,-1.005902824937736,0.76350753030227,1.6400884249642953,3.5722042893534223,-0.412437382712699
-0.19375628851295312,0.2031795331636323,0.3907636624820167,-0.016124442672782124,-0.26069810707595964,-0.5330271587887349,-0.21480348890977546,-0.2984298636039653,0.7614854553896974,-0.472093096755884,2.57578804512149,1.6170285820501977,0.2164980986917932,-1.4286086529622426,0.40180886702545976,0.6838154177305975,-0.8490184128096068,-0.11039881358142907,0.5142523920239683,0.021172535366509086,-0.06714874668914281,-0.30738364589685785,0.9127392106957622,0.6445772870230209,0.8304424132281176,-0.9984285276917392,-1.577688735918674,-0.6238286624341955,-1.0856339561302142,0.18287749777102594,-2.0117111621785853,-0.8244111231368607,-1.1979033005619257,0.9991628973769835,-0.08548528819092265,-0.5297517599065886,-1.290938401727836,0.09936678021287801,-0.15010844934557283,-0.2545192389684982,0.4979006467548129,0.6827426775327049,-1.8876832756316784,-0.8776416814258198,0.40625982958019613
-0.19657413997812237,0.1422515398240855,0.33951220750325733,-0.08468921893532985,-0.1502476392899014,0.4219634844069273,-0.13089098080649017,-0.3629444860016712,0.004254997615645749,-0.28217066501205745,1.735432936703302,1.0510004940418773,0.28954862491324873,-1.2015310118684888,0.036223031448367526,0.12372338921261024,-1.34788197616684,-0.12913578417293056,-0.06040429478612596,-0.430442641184192,-0.44540416159257595,0.23942846038300644,0.6445772870230209,0.8235576113921279,0.6771033322652407,-0.4164532546339327,-0.7079587683264418,-0.08507068928641215,-1.3858615542411874,0.20505350242167786,-1.2530144204148788,-0.45346192422258247,-1.1689340911490171,1.3047367884150782,0.45861434168795456,-0.3851117145736548,-0.3959166953872389,-0.22606528455625952,-0.18098356783905525,-0.10473370516945506,0.07177821491258157,0.7355150960275876,-1.2923453901286346,0.22619692939734906,0.27089738645095324
-0.6420149453401932,-0.016438453165028805,0.6856374352064404,-0.21307903951348547,0.7972917365281957,2.006437723135174,0.34632015978058706,-0.6466057407109573,0.8382406943577198,-0.1797247471205226,2.447075670671001,1.9128792498397589,0.7184866765912381,-2.5253926947268908,0.10592731117473969,0.22163930842132157,-3.0851683865925184,0.0984018133701459,-0.5194835580741728,-0.4283083902132657,-1.8433758080788518,1.128109741898224,0.8304424132281176,0.6771033322652407,1.9693398569774683,-0.21287462056765277,-0.7629004144997978,0.6483366686496415,-3.2426054904744275,0.7596942220840696,-1.772436009585336,-0.40492218448836476,-1.7284136118252669,2.73022383097611,1.4047940099446554,-0.8086858110139356,-0.38368456716458327,0.005846324914218336,0.921937094787085,-0.24459585923708543,-0.06782594247916189,1.3084276338027498,-0.8301146484478499,1.4590217034934476,0.13043560211765529
-0.07126395424241175,-0.32857083012609956,-0.21281606003999945,-0.13434553252510656,0.8495630540050317,2.4115703217107476,0.5325494584512037,0.03021819788499669,-1.1059943434962856,0.6808846374465694,-2.818049119642354,-1.5968630280183644,0.1259811544054236,0.7942226092172797,-0.737668558652511,-1.1930771571234298,-0.7733248548734768,0.19149068876994899,-1.3573379031771962,-0.5493232733753786,-1.121248958193571,1.372963442149046,-0.9984285276917392,-0.4164532546339327,-0.21287462056765277,1.6456755052291747,2.3442146025139605,1.552416144868064,-0.3996582044703106,0.16061680189701116,2.3406639827823215,1.166995544559758,0.7642608645181795,0.25379550431193476,1.2103355019464002,0.4010398651343219,2.16425890430615,-0.34694809888346734,0.6699362626424125,0.3206909695778765,-1.0008264869263688,-0.22076057484502865,2.5566647721217866,2.6971124371802477,-0.5802505701016412
0.052280628917137646,-0.44915215963405003,-0.4542366349418556,-0.1396418860281594,0.9810912490539964,2.9046402297765983,0.6521219611028398,0.1857570070649753,-1.7715980120004964,0.9864959604538915,-4.484845878129221,-2.6723655411853744,0.010936488125878234,1.6907432666971098,-1.0630116691863123,-1.7280837205180801,-0.3805600345851236,0.23600646917345192,-1.7803930700803166,-0.690172868880345,-1.1322482440254222,1.6572729350116697,-1.577688735918674,-0.7079587683264418,-0.7629004144997978,2.3442146025139605,3.45017522663121,2.0125950446914582,0.18335003868536578,0.04374370332515653,3.670163556274365,1.7176237720902165,1.4457849298477192,-0.2620561377114118,1.371172598685074,0.7478576054507593,3.119223195226858,-0.5040387134774585,0.6943346937717456,0.5075268358780448,-1.3864270168130624,-0.6004368395684019,3.7294461988007725,3.43478491062281,-0.8329322972806791
-0.35239249740829676,-0.33041959484960576,0.09209487563150254,-0.23055102680233514,1.182728573422007,3.3083343960444633,0.6751389026561497,-0.26267955350277467,-0.7732454208863642,0.596747688024895,-1.72359453300021,-0.7534592319735279,0.44598400046237335,-0.325372488389055,-0.7017336079348712,-1.1096223615431553,-2.1578396523299044,0.22632493310445223,-1.5966652799435,-0.7643941439145213,-1.9334280365988457,1.8775552797950366,-0.6238286624341955,-0.08507068928641215,0.6483366686496415,1.552416144868064,2.0125950446914582,1.8381721235501263,-1.8468256469622024,0.4924891596625094,1.5524897944015252,0.9845924989593509,-0.02242723635374974,1.4804811213088067,1.8424658881246034,0.04459488313315465,2.008847400452865,-0.36484876969560376,1.0502324896785484,0.21652581599414333,-1.038422027388248,0.36971974586925105,2.160410215895828,3.357207486704137,-0.5159225262719339
1.126761480287598,0.11508501562904408,-1.1265425706468286,0.46068972173208766,-1.557613105899827,-4.7577728661155145,-0.7264406924677821,1.206587553518483,-0.49719702598480164,0.056839254482532714,-3.1422054466012486,-2.5893285381244273,-1.3481482196770729,4.10212006623072,0.28887854120665607,0.34123679949966335,6.023829199368811,-0.15578012992891946,1.658755607242139,1.3199132154494302,3.7210983779911646,-2.6877341070919423,-1.0856339561302142,-1.3858615542411874,-3.2426054904744275,-0.3996582044703106,0.18335003868536578,-1.8468256469622024,6.042223511836745,-1.3591036018493783,2.0816066279550713,0.2110008977099855,2.954225426849344,-5.149045380924137,-3.1615416151266946,1.2203256103925553,-0.5030594705286012,0.4003729382690763,-1.595855134563443,0.23219666958078908,0.6757470059096853,-2.340685092932393,0.628627898247347,-3.994524830621066,-0.041173857384139256
-0.2686586981877267,-0.05648210878384627,0.2430508629011316,-0.10532368556973215,0.4496385965860095,1.164530757225481,0.22005950851517364,-0.2539888639933147,0.1760838562323586,0.030359848204232088,0.5587114427135061,0.5290357113323155,0.30683515741544937,-0.8941542802711218,-0.06634878991036754,-0.08753951610983418,-1.3508764484381734,0.0693092854201374,-0.4101662377741528,-0.2505308253378402,-0.9077976790704226,0.6572493977924289,0.18287749777102594,0.20505350242167786,0.7596942220840696,0.16061680189701116,0.04374370332515653,0.4924891596625094,-1.3591036018493783,0.32941843203403764,-0.3604978314723836,0.01253239344991613,-0.5761818240545465,1.1308530934944483,0.7432410305368916,-0.2646624748973805,0.16783581529306504,-0.0467555926578679,0.4738758144968958,-0.050724501349601873,-0.1758821239629816,0.4903783313024966,0.05331039365277747,0.986849638463727,-0.0353588834684368
0.39355602717510146,-0.4511830751604757,-0.8279419840713629,-3.417703910244565e-4,0.60432277447644,1.5702338273150482,0.49039493581479465,0.5837669513379133,-1.9173050750491654,1.06713426397547,-5.713448675025506,-3.5989113889902242,-0.4081594549083407,3.044577426272805,-1.0010411354457844,-1.6749951721437693,1.500964441759569,0.22298402528900804,-1.3385463489154914,-0.2541026050537916,-0.056657069316251876,0.9033452069448412,-2.0117111621785853,-1.2530144204148788,-1.772436009585336,2.3406639827823215,3.670163556274365,1.5524897944015252,2.0816066279550713,-0.3604978314723836,4.510428478371811,1.8800037526904485,2.485418633507058,-1.9061376559896053,0.4435409901942749,1.1580638555103913,3.089288492504569,-0.35400193627842935,0.31175325926851044,0.5946698058068219,-1.231069548445954,-1.3807509626773111,4.191316773364728,2.3480141355869546,-0.9059798685109197
0.03546264588555761,-0.23683026385323755,-0.24799827511155084,-0.05851165195805168,0.5172862885030982,1.3642810595931023,0.3424776491767938,0.12752698251137662,-0.801452652996714,0.5067183943983867,-2.323082501346064,-1.370237536448447,-0.019423979628314766,0.9130449828907505,-0.5017264908141715,-0.8252989934059055,-0.054701169005779524,0.1374609055762516,-0.8448793044060029,-0.26371016484044973,-0.5215965560176542,0.7780181067404262,-0.8244111231368607,-0.45346192422258247,-0.40492218448836476,1.166995544559758,1.7176237720902165,0.9845924989593509,0.2110008977099855,0.01253239344991613,1.8800037526904485,0.8721007612237949,0.8220155767411923,-0.25271713080877456,0.615063045424677,0.3893970873481938,1.520942484937082,-0.1963561762645464,0.3927281547946435,0.2478215051162699,-0.6664353472170642,-0.3637093284136477,1.9500706055904706,1.6275679387362771,-0.43443484000814647
0.518292230646427,-0.171269461290151,-0.7161273763126532,0.17006732038100017,-0.16901895858463836,-1.077271243061441,0.011879914324731069,0.6835310201068202,-0.6614428226539955,0.46337632992226885,-3.3654776905306973,-2.2602288029151016,-0.6328755997349996,2.596673441659174,-0.2170545263168256,-0.4360633788314947,2.7691266843873845,0.09055034667839285,0.11084626133090068,0.5213198661402607,1.2273856830525403,-0.6046785540215709,-1.1979033005619257,-1.1689340911490171,-1.7284136118252669,0.7642608645181795,1.4457849298477192,-0.02242723635374974,2.954225426849344,-0.5761818240545465,2.485418633507058,0.8220155767411923,2.117652795280209,-2.6219731179743886,-0.9785656985121558,0.8569287183003811,0.930538541253174,0.13480982688811707,-0.24256993245746,0.28304081688499183,-0.1960248444909387,-1.4114094870012979,2.030084241280207,-0.5514950141276191,-0.40877016019469387
-0.9428382360753332,-0.06193448804454909,0.9728980045823057,-0.39026329304823737,1.2111911393631725,3.9389271028469524,0.552540581692788,-1.0485261207280914,0.3545313494203372,-0.10025923653854972,2.858077184478608,2.274107605655868,1.1446240631104603,-3.532298529370016,-0.2419474888769435,-0.2741381852749967,-5.136653187190379,0.0929353214158194,-1.3666021607197758,-1.1760469930446944,-3.086925143229907,2.225813987370125,0.9991628973769835,1.3047367884150782,2.73022383097611,0.25379550431193476,-0.2620561377114118,1.4804811213088067,-5.149045380924137,1.1308530934944483,-1.9061376559896053,-0.25271713080877456,-2.6219731179743886,4.4194550892256785,2.653813912987644,-1.0529480298319587,0.3583397645355932,-0.38946347695006955,1.2265957244672885,-0.20083725428878263,-0.545031149220609,2.037331839866393,-0.7677449932390428,3.294113597908431,0.08821726455700472
-0.5788962960762827,-0.24932491025135223,0.4105445846143677,-0.30687820324201165,1.239001117453709,3.7844610935093566,0.6596601254646972,-0.5704160496919689,-0.5083467379387641,0.38611847883243244,-0.21788173625015397,0.2481046157419778,0.727050472071501,-1.4773928628707216,-0.612388418514077,-0.9250572057604982,-3.395262956709264,0.1786770378380317,-1.6492002433468245,-1.0138421929507975,-2.4697740164339845,2.1450744055802584,-0.08548528819092265,0.45861434168795456,1.4047940099446554,1.2103355019464002,1.371172598685074,1.8424658881246034,-3.1615416151266946,0.7432410305368916,0.4435409901942749,0.615063045424677,-0.9785656985121558,2.653813912987644,2.2798884985529275,-0.33431447832458905,1.6025342370260058,-0.439959511047098,1.1330746969404126,0.09372195836143928,-0.9548631021281593,1.0036289503255138,1.231832566440659,3.6045356042330097,-0.3281172876442737
0.23688094802909365,-0.06323309163826368,-0.3142124812561412,0.06059846255987239,-0.12874475617490558,-0.338540434295812,-0.021877328625825036,0.269567083231479,-0.501271602297787,0.20796621472721566,-1.5262390062084699,-1.061999083338441,-0.26240466695070136,1.1553010569831148,-0.17177107497052363,-0.30127570166986023,1.0939380222014543,0.008107749115237694,-0.045665149254981094,0.09292485777431751,0.5088802605380238,-0.187502123958476,-0.5297517599065886,-0.3851117145736548,-0.8086858110139356,0.4010398651343219,0.7478576054507593,0.04459488313315465,1.2203256103925553,-0.2646624748973805,1.1580638555103913,0.3893970873481938,0.8569287183003811,-1.0529480298319587,-0.33431447832458905,0.3959020069275156,0.5533168004247567,-0.04564574846800991,-0.20349328374531855,0.1540409426749157,-0.15771644661726242,-0.5737627503535857,0.8558275843761348,-0.0731663596224954,-0.1713407307822044
-0.060947635117750115,-0.40110087056563,-0.28846302623570075,-0.18033370954165875,0.9879417862429618,3.15057265645102,0.6319742572880674,0.020854859650357636,-1.669795932218954,0.8715967540536526,-3.6909721313544948,-2.155826993207739,0.15700182042075062,1.0942963969532462,-1.0256246254299766,-1.6439952647395133,-1.0330302001318954,0.20232006159918597,-1.8125049556946495,-0.8418768324445067,-1.400850130082172,1.7957851712160915,-1.290938401727836,-0.3959166953872389,-0.38368456716458327,2.16425890430615,3.119223195226858,2.008847400452865,-0.5030594705286012,0.16783581529306504,3.089288492504569,1.520942484937082,0.930538541253174,0.3583397645355932,1.6025342370260058,0.5533168004247567,2.917941978599013,-0.5618008913980992,0.7074638952578768,0.4474548309265596,-1.3478755536461335,-0.2626893157461144,3.2158035319266336,3.5677747798084054,-0.7280979526954099
0.03135879454744222,0.025078160539425735,-0.011655933443875936,0.05896711748775262,-0.06566275225255679,-0.7225884128396023,-0.045371731356029926,0.09321721521390214,0.5092500961507255,-0.09492004377474186,0.3464145679784736,0.24461461251560124,-0.09111001550357724,0.010945723384502398,0.24476609354027956,0.3663740891409875,0.5302234368275947,0.027064422898947144,0.40528541470490903,0.36382336173691693,0.3292482308738473,-0.4132874021016738,0.09936678021287801,-0.22606528455625952,0.005846324914218336,-0.34694809888346734,-0.5040387134774585,-0.36484876969560376,0.4003729382690763,-0.0467555926578679,-0.35400193627842935,-0.1963561762645464,0.13480982688811707,-0.38946347695006955,-0.439959511047098,-0.04564574846800991,-0.5618008913980992,0.24918610692298745,0.03341211304423967,-0.08772788045247916,0.28368727944200134,-0.13556071651886697,-0.24683903502433224,-0.7959813031434764,0.059403538167945504
-0.36365463590184177,-0.214841348788545,0.2070450109637611,-0.14546411446826352,0.963516281865776,1.9995375150489292,0.5161548257644475,-0.22512670409536056,0.23346438478313536,0.2816165329948313,-0.29442145318585233,0.17201139143432465,0.3775716633123487,-0.7907979711421131,-0.19533706773988394,-0.32148445757344124,-1.6320526695435267,0.21968996364045187,-0.796622231076124,-0.21831507371457137,-1.4304209734208921,1.1285779921211163,-0.15010844934557283,-0.18098356783905525,0.921937094787085,0.6699362626424125,0.6943346937717456,1.0502324896785484,-1.595855134563443,0.4738758144968958,0.31175325926851044,0.3927281547946435,-0.24256993245746,1.2265957244672885,1.1330746969404126,-0.20349328374531855,0.7074638952578768,0.03341211304423967,1.0134065838546837,-0.0018664504492983632,-0.4334593926095525,0.4009886319200309,1.0951775261980294,1.8245391888366314,-0.27620221827036623
0.0537846666099483,-0.05159691751836165,-0.10433150596775748,-0.005665904542764061,0.052477896856746156,0.2505746316803653,0.04995611068257006,0.061146656489497714,-0.328291707197178,0.13580942518577885,-0.7385606039795108,-0.4816854099880993,-0.04543500858115757,0.39027132577317586,-0.15720103682671696,-0.25557924766759826,0.14061403600612882,0.014778540040262949,-0.2063195775947754,-0.08767374383784847,-0.017810344757926512,0.14444583946668488,-0.2545192389684982,-0.10473370516945506,-0.24459585923708543,0.3206909695778765,0.5075268358780448,0.21652581599414333,0.23219666958078908,-0.050724501349601873,0.5946698058068219,0.2478215051162699,0.28304081688499183,-0.20083725428878263,0.09372195836143928,0.1540409426749157,0.4474548309265596,-0.08772788045247916,-0.0018664504492983632,0.08708090250493591,-0.18388333214692407,-0.15530068550563084,0.5114918183356156,0.3628527366792632,-0.11032961613808523
0.11078078759148423,0.18801687652691948,0.04558659465172983,0.11531586462141474,-0.5571965828883315,-1.7678708656743365,-0.3365490050656286,0.08090645302335554,0.7157343669518546,-0.3864237622538528,1.4215175190085347,0.775147774073513,-0.17079158949690357,-0.1860167368909352,0.48263129964186074,0.7643051526366005,0.9128005622409692,-0.10155436499192072,0.9373260896843687,0.4781279929425023,0.9046601092663117,-1.005902824937736,0.4979006467548129,0.07177821491258157,-0.06782594247916189,-1.0008264869263688,-1.3864270168130624,-1.038422027388248,0.6757470059096853,-0.1758821239629816,-1.231069548445954,-0.6664353472170642,-0.1960248444909387,-0.545031149220609,-0.9548631021281593,-0.15771644661726242,-1.3478755536461335,0.28368727944200134,-0.4334593926095525,-0.18388333214692407,0.6556531650350864,-0.05709597684044873,-1.3934857786169652,-1.8988593616368858,0.3230162927729092
-0.4225694047194049,0.045716834173754925,0.5009495256568814,-0.15708572255989053,0.3664823596961275,1.354092293758299,0.13508848985084293,-0.5049958813575893,0.34776608303872536,-0.19348723283392946,1.9343343630582308,1.3904034706539756,0.5118229037757511,-1.8190692446089936,0.026061202650280984,0.10073333134894132,-2.2661738452715214,-0.00688277017174209,-0.3698684970211722,-0.46778590186544483,-1.207375268024132,0.76350753030227,0.6827426775327049,0.7355150960275876,1.3084276338027498,-0.22076057484502865,-0.6004368395684019,0.36971974586925105,-2.340685092932393,0.4903783313024966,-1.3807509626773111,-0.3637093284136477,-1.4114094870012979,2.037331839866393,1.0036289503255138,-0.5737627503535857,-0.2626893157461144,-0.13556071651886697,0.4009886319200309,-0.15530068550563084,-0.05709597684044873,1.0127263024252957,-0.9238665196256145,1.0002504115361528,0.16949283857875713
0.061983692871060446,-0.5683473070764937,-0.5695794776349103,-0.1075680547975933,1.2985094151696341,2.880543301935189,0.8416978098170651,0.35175571368264263,-1.4301184067739794,1.1566749135406338,-5.244997934513714,-3.0126583877512845,-0.07338657732256376,2.0657243785137207,-1.004714027974524,-1.6837864200049422,0.10578991318936629,0.3783557526198486,-1.7606813839577218,-0.3418922523550553,-1.1454084081565503,1.6400884249642953,-1.8876832756316784,-1.2923453901286346,-0.8301146484478499,2.5566647721217866,3.7294461988007725,2.160410215895828,0.628627898247347,0.05331039365277747,4.191316773364728,1.9500706055904706,2.030084241280207,-0.7677449932390428,1.231832566440659,0.8558275843761348,3.2158035319266336,-0.24683903502433224,1.0951775261980294,0.5114918183356156,-1.3934857786169652,-0.9238665196256145,4.554575439567504,3.417685344722381,-1.0152060522963553
-0.7266701295461647,-0.5439145655303861,0.31112607893037447,-0.46309360353298307,2.093447266172202,6.293523055494175,1.1773518243695194,-0.6433216500170468,-1.4815628839475834,0.9795761429248289,-2.4552472474617626,-0.9655524461214969,0.9448502228642182,-1.0952912587841235,-1.2967032221578914,-2.019337830945945,-4.56342233785894,0.3523072749292426,-2.986305500669283,-1.624612841229174,-3.7465880601522246,3.5722042893534223,-0.8776416814258198,0.22619692939734906,1.4590217034934476,2.6971124371802477,3.43478491062281,3.357207486704137,-3.994524830621066,0.986849638463727,2.3480141355869546,1.6275679387362771,-0.5514950141276191,3.294113597908431,3.6045356042330097,-0.0731663596224954,3.5677747798084054,-0.7959813031434764,1.8245391888366314,0.3628527366792632,-1.8988593616368858,1.0002504115361528,3.417685344722381,6.311792369788599,-0.8320405327914558
