V1,V2,V3,V4,V5,V6,V7,V8,V9,V10,V11,V12,V13,V14,V15,V16,V17,V18,V19,V20,V21,V22,V23,V24,V25,V26,V27,V28,V29,V30,V31,V32,V33,V34,V35,V36,V37,V38,V39,V40,V41,V42,V43,V44,V45
20.58453343982985,-7.0211652155268585,10.909395851001785,28.98057272496414,-1.4702656478857596,28.512934711365606,15.189790986967347,17.69921803727953,-0.6808274464404813,9.238077411914071,44.62079161305275,10.518263364609481,-5.917042044768988,-10.767652247503914,7.565611151396236,5.091162963851115,-16.640642282989564,-27.608356495091382,16.1829713344046,-27.27613741763105,-6.074041241514083,-10.27695143258807,-25.464471700936347,-1.1602529068346379,-22.26661570601367,-11.083912507568265,-27.448953235806886,-4.882759742254615,11.599085260393215,-19.047654553175754,-9.43496541873168,-22.23614988796803,-16.56538156190666,2.0196495125910388,40.264482438735214,-20.702528248402977,20.514352179048828,41.5865325907598,-18.199261617006687,11.067493081398956,-21.699033970866807,4.475663084184303,-6.837972644059423,3.5767439401736434,-26.656506407613826
-7.0211652155268585,2.499289131284523,-3.6900921088913208,-9.900652801980993,0.32230816689377684,-9.445677408723954,-5.033558321394447,-6.229009205551273,0.12309360484258654,-2.8666218737241853,-15.221621635396051,-3.3926218319947754,1.8983010663447402,3.609847857756179,-2.834307840875856,-1.8446231020296038,5.531926311588561,9.564983044385867,-5.1589222928891285,9.120420183403299,1.9343024115499678,3.31108840464316,8.521117472817865,0.2589808582068456,7.324921411864674,3.682152364178744,9.341611053274233,1.5860055397676402,-3.736044449092962,6.443305161092183,3.122337316594403,7.298484912334981,5.51029267730526,-0.5154094821992496,-13.590629694133114,7.105218166828134,-6.746738571830289,-13.866714156364397,5.978419821072593,-3.709312036535869,7.377645291254869,-1.5287268224505648,2.1613991528012075,-1.2760594805562206,8.903943998810785
10.909395851001785,-3.6900921088913208,5.825130724738515,15.379687435747167,-0.8644262096843777,15.310992520016615,8.111070602543482,9.322597576001932,-0.4419203129193036,5.005959614337059,23.867236003431337,5.609244901364461,-3.185172145170816,-5.670639156125884,4.0694910720710045,2.601527552785226,-8.883251236088688,-14.643923864240188,8.772917790680287,-14.52945470827302,-3.2739874110862726,-5.50102518365656,-13.580731888992993,-0.7269801489967493,-12.088033912804208,-5.958185678882222,-14.518243262440036,-2.5499784215901715,6.222790900775635,-10.162983527259437,-5.07329485137544,-11.953517873250302,-8.761280544499128,1.1058689691197934,21.442741632107968,-10.973020971082638,11.023053637677664,22.14458282434083,-9.669842257218596,5.857233784082817,-11.55518658019651,2.396511104735245,-3.703803604075314,1.881010315299028,-14.282431295661434
28.98057272496414,-9.900652801980993,15.379687435747167,40.850685928348575,-2.0439965119222663,40.1762191278996,21.373925731912184,24.950629680628346,-0.9625800207353278,12.96766252483186,62.99589230628629,14.75086407054971,-8.322395492927068,-15.100794975207691,10.793590172034618,7.149438293812199,-23.424893918455282,-38.95271233151297,22.77694551012938,-38.38218807556003,-8.52996252730052,-14.442476282819397,-35.85419954478642,-1.6677311222416984,-31.456657357202626,-15.630610545011985,-38.609620157524724,-6.822381312849049,16.276987429954815,-26.84912302262015,-13.29870777020721,-31.33048132423724,-23.25018356204472,2.7927368351476365,56.69748162592877,-29.16522674381643,28.89157380234672,58.50219191941326,-25.53625601058712,15.561736070676066,-30.571994515640156,6.332512963129191,-9.617089191486404,5.045776336921252,-37.587071264453186
-1.4702656478857596,0.32230816689377684,-0.8644262096843777,-2.0439965119222663,0.510725461456156,-2.6555989100265025,-1.3481881823865616,-0.9082850946519928,0.31093082639124076,-1.211729397576848,-3.3321174477775344,-1.1028131072814735,0.6636460086710786,0.8579981315736424,-0.1745160990456828,-0.11897561770034296,1.4496858178893268,1.7237982075622764,-1.9081152772993817,2.306694908948965,0.6900378600068355,1.0437563858253773,2.139560366326553,0.3666191714468934,2.227305628983726,1.0250678301910108,1.9932360617639375,0.46168526159383755,-1.2793319323359786,1.5078784731561203,0.9000754775556263,2.1597616074542687,1.4184626370892044,-0.47381992454437183,-3.2084870593618606,1.4160255388666338,-2.009456310984976,-3.5975419900982124,1.7188231547904116,-0.8917539156311913,1.6418904236696665,-0.3043929444526538,0.833725034903018,-0.1406842564768436,2.311092211423349
28.512934711365606,-9.445677408723954,15.310992520016615,40.1762191278996,-2.6555989100265025,40.75115924730442,21.527340972321632,23.991162415037678,-1.459241923459349,13.68620753484986,62.824489999210236,14.992457975913991,-8.574250614853819,-14.794920343485298,10.452122757957197,6.413568370488099,-23.551327410265337,-38.08018368059561,23.786133441093273,-38.36114701960228,-8.860371842030053,-14.749475594916158,-35.82428408409861,-2.2887498967729,-32.490565120868254,-15.836463771894428,-37.92549662205474,-6.672549945711369,16.72760010928923,-26.707883525700055,-13.501459059192399,-31.908471085464882,-23.029881108197117,3.1760410977976594,56.40750875407169,-28.573574237420843,29.3968364608708,58.47037056466071,-25.61118863795069,15.319072878205684,-30.37573910168195,6.3182293625895545,-10.070448690498802,4.8211819083201135,-37.86560770928152
15.189790986967347,-5.033558321394447,8.111070602543482,21.373925731912184,-1.3481881823865616,21.527340972321632,11.44596914322579,12.792356557072742,-0.6963725051889517,7.239370373728813,33.14790761742762,8.006624718373883,-4.54113853125906,-7.957581944042609,5.376308638097381,3.5158338934478084,-12.520843163717348,-20.21470186255574,12.523784710257956,-20.399020356780113,-4.694184723987617,-7.872048727486819,-19.033478253738977,-1.1136488578223573,-17.000042155326625,-8.347364153358052,-20.242182812839108,-3.638330642112706,8.880807782323613,-14.151813144917956,-7.121922450165215,-16.871185671234077,-12.34291368925784,1.702847631880942,29.950887629958462,-15.205628660200306,15.536397824507333,31.11192412515077,-13.687690145134518,8.200668515543976,-16.10591940248352,3.3354106377231894,-5.310898984259926,2.573350419838507,-20.022968461194452
17.69921803727953,-6.229009205551273,9.322597576001932,24.950629680628346,-0.9082850946519928,23.991162415037678,12.792356557072742,15.58327815000733,-0.3753533970702961,7.404888780531705,38.39743007723998,8.669457033197524,-4.85678778788631,-9.12765724874765,7.000477678378212,4.571006347642697,-14.045614891141614,-24.028023657346882,13.23271359153859,-23.105143566617677,-4.9688619608410365,-8.486923031422123,-21.58969274323878,-0.7550147360000835,-18.661549286516614,-9.342632101223165,-23.548624001154455,-4.033626486644968,9.544965984716422,-16.275106602424728,-7.9277916632248955,-18.59110261999967,-13.96188024694997,1.3975860029476068,34.34632893820691,-17.880245134597867,17.16032096223561,35.13876372574568,-15.19842801569579,9.384146207678356,-18.61463808034009,3.8665522366693263,-5.555123895367784,3.1882890601689664,-22.57558833313603
-0.6808274464404813,0.12309360484258654,-0.4419203129193036,-0.9625800207353278,0.31093082639124076,-1.459241923459349,-0.6963725051889517,-0.3753533970702961,0.24177758751010514,-0.6677079482384303,-1.9008244313771283,-0.517070045670372,0.34825616471825577,0.3033713564620005,-0.2564250381186459,0.09931897951451221,0.7500942098861697,0.8459486834206156,-1.0972454503447204,1.1366945165420577,0.38269824363591015,0.53753852916257,1.0603839667841255,0.31264876185608426,1.4124068139902806,0.5633475878823977,0.8693085737451436,0.11653662263479504,-0.6617490781154611,0.76144487982986,0.4904269164235437,1.177740370000103,0.5775039987212838,-0.2202795185366623,-1.5955135437344774,0.643007469804417,-1.080500297310413,-1.7239433373593411,0.7636832496395958,-0.35156951790255925,0.8567856005208057,-0.1910624854028467,0.47033706315810586,-0.06440549975040501,1.2605372586536543
9.238077411914071,-2.8666218737241853,5.005959614337059,12.96766252483186,-1.211729397576848,13.68620753484986,7.239370373728813,7.404888780531705,-0.6677079482384303,4.96987323542691,20.221994281253473,5.247317758715072,-3.00569920753863,-4.952400960367955,2.8236253169793244,1.9087334129474909,-7.887544743153138,-12.015524429910581,8.36128083195246,-12.773028597829903,-3.1224521807978567,-5.133669202864052,-11.901523284134724,-0.9542175855627582,-10.925381980640799,-5.29529438299364,-12.354718586548545,-2.3544760012531185,5.855231942561082,-8.735211352292733,-4.543195323396327,-10.834190173314635,-7.773297882609319,1.3815285446091043,18.52965167225794,-9.172329757409619,9.977960927235749,19.565762574546493,-8.774800439074486,5.107326565056113,-9.865242851154443,2.014006652328669,-3.5781370708238462,1.4477208212029227,-12.569287727768913
44.62079161305275,-15.221621635396051,23.867236003431337,62.99589230628629,-3.3321174477775344,62.824489999210236,33.14790761742762,38.39743007723998,-1.9008244313771283,20.221994281253473,99.12265843720438,22.500057784375212,-12.893149771343321,-22.599979294991815,18.003782429751638,10.218476614448317,-36.34527045503956,-60.451654109521236,35.84462375283485,-59.2591083714721,-13.335296915844879,-22.304076122308366,-55.3794872408121,-3.2383139996301686,-50.32421951547251,-24.45600877795822,-59.114428096783314,-9.816021664708344,25.173708882753964,-41.61825015709595,-20.766851790129728,-48.904339603633964,-35.13619234012942,4.069875180134695,87.74250500532676,-44.866246570330624,45.01371764708423,89.9823949711231,-38.82507552455859,23.489587139252684,-47.61781943292725,10.062426984564631,-15.081408419189815,7.843788004885733,-58.74625596058731
10.518263364609481,-3.3926218319947754,5.609244901364461,14.75086407054971,-1.1028131072814735,14.992457975913991,8.006624718373883,8.669457033197524,-0.517070045670372,5.247317758715072,22.500057784375212,5.791840396606623,-3.250738530532758,-5.721357647002131,3.1841337173637463,2.4966424456762666,-8.733593908801705,-13.74342921989145,8.87991523350413,-14.27694474756291,-3.3443392797203493,-5.59666681266954,-13.303194258213033,-0.7596726470022432,-11.642803993600513,-5.810231525694926,-14.126274869721811,-2.7479008338512623,6.361721203782784,-9.80329319930964,-4.975763365907538,-11.820993811057594,-8.839654406388254,1.4143970391100944,20.806626892663477,-10.500946499798516,10.911233557190895,21.9002749337734,-9.832562324716893,5.8459779450695155,-11.06722881815561,2.2250420986262958,-3.7961109095987196,1.7013486808576896,-13.861476566366763
-5.917042044768988,1.8983010663447402,-3.185172145170816,-8.322395492927068,0.6636460086710786,-8.574250614853819,-4.54113853125906,-4.85678778788631,0.34825616471825577,-3.00569920753863,-12.893149771343321,-3.250738530532758,1.854711813472058,3.1545059383788727,-1.9146224629693214,-1.3157064334455801,4.959004130798042,7.774161235672653,-5.118937522679009,8.068679586153609,1.9085241094877214,3.170650297328996,7.525063621023075,0.5119081732219496,6.7836617497435245,3.325501260758646,7.909251138251239,1.4864807113656247,-3.611622074161593,5.560075362453822,2.847558124584611,6.756758754340384,4.917043318735544,-0.7890684474075662,-11.77068270649869,5.904915788603969,-6.231044251505014,-12.352166705134302,5.497958406510411,-3.2532984946742376,6.284910199242522,-1.2835659062463898,2.182779953499929,-0.9564727745767194,7.919874546443215
-10.767652247503914,3.609847857756179,-5.670639156125884,-15.100794975207691,0.8579981315736424,-14.794920343485298,-7.957581944042609,-9.12765724874765,0.3033713564620005,-4.952400960367955,-22.599979294991815,-5.721357647002131,3.1545059383788727,5.916626155173158,-3.3002345798893016,-2.8626387227827186,8.693444972193676,14.16594368953532,-8.467939728730277,14.345479522587276,3.2085737766588123,5.4675382463434525,13.382108493339786,0.471781340617422,11.196236399135099,5.7471316271218065,14.500156114270814,2.8493110851356525,-6.199676322722819,9.91914465169766,4.913669761770779,11.606225572501305,9.004767434852564,-1.2728718137783521,-21.030373200093578,10.823092199840325,-10.743339869205547,-22.02835682743061,9.874196550474386,-6.004009723691826,11.181328588103325,-2.217114024643997,3.6081201997661574,-1.7993685428959982,13.770041978830989
7.565611151396236,-2.834307840875856,4.0694910720710045,10.793590172034618,-0.1745160990456828,10.452122757957197,5.376308638097381,7.000477678378212,-0.2564250381186459,2.8236253169793244,18.003782429751638,3.1841337173637463,-1.9146224629693214,-3.3002345798893016,4.4810890665306635,1.5805487608235205,-5.949595220690576,-10.913290958828108,5.5561639583383835,-9.657547032187555,-2.0152608042492126,-3.33300256081062,-9.065137754335003,-0.576174921343521,-8.886700121418214,-4.104674961854796,-9.77528208984364,-1.0735270970128181,3.732902896021778,-7.0704252060029935,-3.4270191308613147,-7.9288707514696455,-5.216847189670231,0.09937140676141154,14.740184247585159,-7.698140400455996,7.26355455105995,14.365641086983628,-5.697364895555345,3.5562261042655834,-8.306499486634728,1.9010571962358966,-2.260213888781602,1.5214281263103446,-9.967332772701706
5.091162963851115,-1.8446231020296038,2.601527552785226,7.149438293812199,-0.11897561770034296,6.413568370488099,3.5158338934478084,4.571006347642697,0.09931897951451221,1.9087334129474909,10.218476614448317,2.4966424456762666,-1.3157064334455801,-2.8626387227827186,1.5805487608235205,1.6805840071468847,-3.8562496241270927,-6.794815451903987,3.353666277044557,-6.505524536626305,-1.2922174758900267,-2.320184266111429,-6.08220961964468,0.09627097283615213,-4.527981764807932,-2.5079378354300297,-6.901451544824199,-1.39847981373594,2.6015821781568054,-4.564316553894662,-2.133585388304803,-4.977600198265682,-4.221841286532187,0.4234768993066861,9.655926724043917,-5.18850930033544,4.633520078423269,10.020153702742308,-4.476430037320805,2.868795800513333,-5.125138369736729,0.988288835162911,-1.4198950124155065,0.9066856757190105,-6.077830725925852
-16.640642282989564,5.531926311588561,-8.883251236088688,-23.424893918455282,1.4496858178893268,-23.551327410265337,-12.520843163717348,-14.045614891141614,0.7500942098861697,-7.887544743153138,-36.34527045503956,-8.733593908801705,4.959004130798042,8.693444972193676,-5.949595220690576,-3.8562496241270927,13.704786445988837,22.17601785968792,-13.672439682145919,22.320355916739857,5.118991975002466,8.597496518144608,20.825492686998892,1.2039950149378087,18.601859308495143,9.129630014619957,22.16208646071319,3.965321741278978,-9.696797910958558,15.49634841987452,7.790623687569177,18.443967419657472,13.487371843504246,-1.8319064484708119,-32.79054048368226,16.66179929680129,-16.987030202361233,-34.030084649612085,14.94477392407168,-8.964674420420776,17.649445709629806,-3.6597900224496773,5.793869204252771,-2.8301355200231657,21.919310099443397
-27.608356495091382,9.564983044385867,-14.643923864240188,-38.95271233151297,1.7237982075622764,-38.08018368059561,-20.21470186255574,-24.028023657346882,0.8459486834206156,-12.015524429910581,-60.451654109521236,-13.74342921989145,7.774161235672653,14.16594368953532,-10.913290958828108,-6.794815451903987,22.17601785968792,37.410666996640956,-21.355348001315086,36.34485056847687,7.986909869160275,13.517955282417848,33.96806067030166,1.5469571985524666,29.989108661925442,14.832967804801921,36.68437393571909,6.242821741435887,-15.216885496764096,25.55599733220038,12.58961817978168,29.5945525576606,21.81733966449809,-2.371104104959545,-53.90266124136714,27.83299377000126,-27.277323422736227,-55.26490779867861,23.910033061622762,-14.63586213014814,29.200553347542794,-6.107788811091297,8.981342428306759,-4.9033529009907,35.726905674323405
16.1829713344046,-5.1589222928891285,8.772917790680287,22.77694551012938,-1.9081152772993817,23.786133441093273,12.523784710257956,13.23271359153859,-1.0972454503447204,8.36128083195246,35.84462375283485,8.87991523350413,-5.118937522679009,-8.467939728730277,5.5561639583383835,3.353666277044557,-13.672439682145919,-21.355348001315086,14.302199208299324,-22.155712571515025,-5.314767741248298,-8.742212318145503,-20.673136059309066,-1.6211862014785556,-19.14606262753221,-9.225562478151044,-21.543379865830666,-3.8887856076938827,9.962743429774978,-15.298178691131817,-7.890742917750666,-18.732933317711066,-13.298274671197985,2.1370901981829946,32.35342635743158,-16.131873776880802,17.248029593637106,33.82848971503306,-14.95839128317586,8.783251323070216,-17.344348673331236,3.59507788842966,-6.085218203627311,2.625360340360785,-21.94224093623998
-27.27613741763105,9.120420183403299,-14.52945470827302,-38.38218807556003,2.306694908948965,-38.36114701960228,-20.399020356780113,-23.105143566617677,1.1366945165420577,-12.773028597829903,-59.2591083714721,-14.27694474756291,8.068679586153609,14.345479522587276,-9.657547032187555,-6.505524536626305,22.320355916739857,36.34485056847687,-22.155712571515025,36.487394848245586,8.302589067273841,13.952007296609832,34.051336239269716,1.8191045895728193,30.11254591584057,14.89848354953592,36.3949832705612,6.577091107330828,-15.787797215900682,25.365147380730615,12.704853815774047,30.021472679013655,22.169759661284367,-2.983583771498242,-53.6531528930821,27.358586987219436,-27.68622543882082,-55.692734929907665,24.507303602776215,-14.759564264534449,28.83429116372097,-5.934225599877012,9.390759307878946,-4.636326949880669,35.71860155099937
-6.074041241514083,1.9343024115499678,-3.2739874110862726,-8.52996252730052,0.6900378600068355,-8.860371842030053,-4.694184723987617,-4.9688619608410365,0.38269824363591015,-3.1224521807978567,-13.335296915844879,-3.3443392797203493,1.9085241094877214,3.2085737766588123,-2.0152608042492126,-1.2922174758900267,5.118991975002466,7.986909869160275,-5.314767741248298,8.302589067273841,1.992208196511597,3.288595253125499,7.740721110958135,0.5741414522058923,7.078376872595012,3.4314204133493806,8.104104553071407,1.486078553445525,-3.7279447429055965,5.711990205760187,2.9333835585820007,6.985722943340354,5.01927685692865,-0.8074004778560923,-12.108780469399996,6.047682695672478,-6.425651727621964,-12.681085240581362,5.635579987077987,-3.309330917733275,6.482271109302478,-1.3391892905552583,2.2653932111493393,-0.987804844397209,8.17876322098448
-10.27695143258807,3.31108840464316,-5.50102518365656,-14.442476282819397,1.0437563858253773,-14.749475594916158,-7.872048727486819,-8.486923031422123,0.53753852916257,-5.133669202864052,-22.304076122308366,-5.59666681266954,3.170650297328996,5.4675382463434525,-3.33300256081062,-2.320184266111429,8.597496518144608,13.517955282417848,-8.742212318145503,13.952007296609832,3.288595253125499,5.51560473468845,13.010485890831536,0.837757886252997,11.629956511799268,5.6997161873482085,13.721272007265602,2.565010694873121,-6.192663703715356,9.595528443418084,4.878481213435267,11.627653544010409,8.50234653139553,-1.309866297701824,-20.35272712811785,10.243182632746674,-10.690968601476353,-21.319646448213774,9.477540429967435,-5.624913870021247,10.886775946737092,-2.2457497295606217,3.7254036244477846,-1.6938981391531003,13.66348009478359
-25.464471700936347,8.521117472817865,-13.580731888992993,-35.85419954478642,2.139560366326553,-35.82428408409861,-19.033478253738977,-21.58969274323878,1.0603839667841255,-11.901523284134724,-55.3794872408121,-13.303194258213033,7.525063621023075,13.382108493339786,-9.065137754335003,-6.08220961964468,20.825492686998892,33.96806067030166,-20.673136059309066,34.051336239269716,7.740721110958135,13.010485890831536,31.80232424484624,1.7136175150294304,28.15394898986088,13.92318992072991,33.96156999319713,6.121102169486619,-14.707106068658634,23.70514598779356,11.869722719578524,28.040334692179766,20.67144217132161,-2.7661117634143846,-50.0975379957268,25.562580003889735,-25.852375225068567,-51.971945753177586,22.847836967718887,-13.78418718653348,26.91683894193836,-5.549500348001783,8.75634662655497,-4.332946523958665,33.36262834724524
-1.1602529068346379,0.2589808582068456,-0.7269801489967493,-1.6677311222416984,0.3666191714468934,-2.2887498967729,-1.1136488578223573,-0.7550147360000835,0.31264876185608426,-0.9542175855627582,-3.2383139996301686,-0.7596726470022432,0.5119081732219496,0.471781340617422,-0.576174921343521,0.09627097283615213,1.2039950149378087,1.5469571985524666,-1.6211862014785556,1.8191045895728193,0.5741414522058923,0.837757886252997,1.7136175150294304,0.46720796464635844,2.239601637615558,0.8911291475811496,1.45936645738379,0.14892910934389858,-0.9508129930584966,1.2526637053653977,0.7578429725855169,1.848659628112309,0.8875524893060672,-0.25210637019889603,-2.604355286172553,1.1134670374657398,-1.6577005976600712,-2.7185245306572683,1.143054045460864,-0.5660940917254682,1.426545187466773,-0.35614658075764355,0.6888641936519374,-0.15325340915840654,2.043535254395612
-22.26661570601367,7.324921411864674,-12.088033912804208,-31.456657357202626,2.227305628983726,-32.490565120868254,-17.000042155326625,-18.661549286516614,1.4124068139902806,-10.925381980640799,-50.32421951547251,-11.642803993600513,6.7836617497435245,11.196236399135099,-8.886700121418214,-4.527981764807932,18.601859308495143,29.989108661925442,-19.14606262753221,30.11254591584057,7.078376872595012,11.629956511799268,28.15394898986088,2.239601637615558,26.5914862550399,12.641353902677887,29.42299608442016,4.839176346655941,-13.176306893209755,21.057120649995767,10.752601660741922,25.428853320928425,17.64211775986869,-2.3984758218876308,-44.36167120146972,22.29013373452272,-23.359068784279525,-45.71909615865163,19.77990159791706,-11.731879746756585,24.0349418599123,-5.126574117181927,8.079746158964323,-3.7883906657318343,30.16632828240514
-11.083912507568265,3.682152364178744,-5.958185678882222,-15.630610545011985,1.0250678301910108,-15.836463771894428,-8.347364153358052,-9.342632101223165,0.5633475878823977,-5.29529438299364,-24.45600877795822,-5.810231525694926,3.325501260758646,5.7471316271218065,-4.104674961854796,-2.5079378354300297,9.129630014619957,14.832967804801921,-9.225562478151044,14.89848354953592,3.4314204133493806,5.6997161873482085,13.92318992072991,0.8911291475811496,12.641353902677887,6.170257760516367,14.747182324167968,2.5846996457947413,-6.474723777569249,10.39777792847698,5.25226184828959,12.398583700589604,8.94010528943131,-1.2216449050032836,-21.93194882860227,11.123711991901263,-11.423631371211563,-22.715718691673807,9.939123937159328,-5.960249576272701,11.805996785854042,-2.457312726509828,3.9047358254120454,-1.8732844309392522,14.72219669092219
-27.448953235806886,9.341611053274233,-14.518243262440036,-38.609620157524724,1.9932360617639375,-37.92549662205474,-20.242182812839108,-23.548624001154455,0.8693085737451436,-12.354718586548545,-59.114428096783314,-14.126274869721811,7.909251138251239,14.500156114270814,-9.77528208984364,-6.901451544824199,22.16208646071319,36.68437393571909,-21.543379865830666,36.3949832705612,8.104104553071407,13.721272007265602,33.96156999319713,1.45936645738379,29.42299608442016,14.747182324167968,36.688957002742505,6.658746311240494,-15.516860809211096,25.36490837944269,12.557660467618385,29.602396262635867,22.25817895600057,-2.791686133944404,-53.66105519086729,27.602265480253028,-27.332812669333858,-55.571548903630955,24.438757627337075,-14.860373100986497,28.84842005025263,-5.901407364610515,9.120888552182876,-4.7342115468352945,35.43365540702074
-4.882759742254615,1.5860055397676402,-2.5499784215901715,-6.822381312849049,0.46168526159383755,-6.672549945711369,-3.638330642112706,-4.033626486644968,0.11653662263479504,-2.3544760012531185,-9.816021664708344,-2.7479008338512623,1.4864807113656247,2.8493110851356525,-1.0735270970128181,-1.39847981373594,3.965321741278978,6.242821741435887,-3.8887856076938827,6.577091107330828,1.486078553445525,2.565010694873121,6.121102169486619,0.14892910934389858,4.839176346655941,2.5846996457947413,6.658746311240494,1.4824318779353427,-2.9183313423833557,4.472215494486703,2.226379868139901,5.285595011754455,4.300649541894088,-0.724591285906901,-9.528261716963463,4.890307034601396,-4.910065053627939,-10.19641493209539,4.7094401100022205,-2.855833385341985,4.975652688521129,-0.9365194249406142,1.6792664542355247,-0.7654684082554214,6.174384030164542
11.599085260393215,-3.736044449092962,6.222790900775635,16.276987429954815,-1.2793319323359786,16.72760010928923,8.880807782323613,9.544965984716422,-0.6617490781154611,5.855231942561082,25.173708882753964,6.361721203782784,-3.611622074161593,-6.199676322722819,3.732902896021778,2.6015821781568054,-9.696797910958558,-15.216885496764096,9.962743429774978,-15.787797215900682,-3.7279447429055965,-6.192663703715356,-14.707106068658634,-0.9508129930584966,-13.176306893209755,-6.474723777569249,-15.516860809211096,-2.9183313423833557,7.072915058311817,-10.861457487437775,-5.5491658027942234,-13.15965517945965,-9.644551405775514,1.536736547718459,23.035979489988932,-11.569106848083653,12.15077861216055,24.162301600861284,-10.774401620368463,6.362028148774089,-12.309653507367628,2.496606448528708,-4.247071414251195,1.8850176260395939,-15.443645823584776
-19.047654553175754,6.443305161092183,-10.162983527259437,-26.84912302262015,1.5078784731561203,-26.707883525700055,-14.151813144917956,-16.275106602424728,0.76144487982986,-8.735211352292733,-41.61825015709595,-9.80329319930964,5.560075362453822,9.91914465169766,-7.0704252060029935,-4.564316553894662,15.49634841987452,25.55599733220038,-15.298178691131817,25.365147380730615,5.711990205760187,9.595528443418084,23.70514598779356,1.2526637053653977,21.057120649995767,10.39777792847698,25.36490837944269,4.472215494486703,-10.861457487437775,17.737352801156693,8.85110939861913,20.854022560857985,15.318583470750356,-1.9394336526262541,-37.42940351520819,19.159105597234504,-19.233408617039878,-38.672521907805226,16.902180706811812,-10.240758826434499,20.16150628270275,-4.175253040983226,6.462450365323383,-3.2789539504323577,24.91557472974896
-9.43496541873168,3.122337316594403,-5.07329485137544,-13.29870777020721,0.9000754775556263,-13.501459059192399,-7.121922450165215,-7.9277916632248955,0.4904269164235437,-4.543195323396327,-20.766851790129728,-4.975763365907538,2.847558124584611,4.913669761770779,-3.4270191308613147,-2.133585388304803,7.790623687569177,12.58961817978168,-7.890742917750666,12.704853815774047,2.9333835585820007,4.878481213435267,11.869722719578524,0.7578429725855169,10.752601660741922,5.25226184828959,12.557660467618385,2.226379868139901,-5.5491658027942234,8.85110939861913,4.479721038275927,10.574638407002775,7.643055782936556,-1.0700023898393896,-18.679586580290454,9.462752260556291,-9.750704768429587,-19.382406616154583,8.501006409847765,-5.0889690623926365,10.044407121517144,-2.0806593617580242,3.341505775519523,-1.5860091755873782,12.535739633632126
-22.23614988796803,7.298484912334981,-11.953517873250302,-31.33048132423724,2.1597616074542687,-31.908471085464882,-16.871185671234077,-18.59110261999967,1.177740370000103,-10.834190173314635,-48.904339603633964,-11.820993811057594,6.756758754340384,11.606225572501305,-7.9288707514696455,-4.977600198265682,18.443967419657472,29.5945525576606,-18.732933317711066,30.021472679013655,6.985722943340354,11.627653544010409,28.040334692179766,1.848659628112309,25.428853320928425,12.398583700589604,29.602396262635867,5.285595011754455,-13.15965517945965,20.854022560857985,10.574638407002775,25.044443580913647,18.074651174821273,-2.5906466814959432,-44.05560689100441,22.261068115355258,-23.05477385996825,-45.79898224732444,20.132773933456143,-12.017970784723763,23.67065489592927,-4.920896914871998,7.945663153093251,-3.7221894857609077,29.61734404022381
-16.56538156190666,5.51029267730526,-8.761280544499128,-23.25018356204472,1.4184626370892044,-23.029881108197117,-12.34291368925784,-13.96188024694997,0.5775039987212838,-7.773297882609319,-35.13619234012942,-8.839654406388254,4.917043318735544,9.004767434852564,-5.216847189670231,-4.221841286532187,13.487371843504246,21.81733966449809,-13.298274671197985,22.169759661284367,5.01927685692865,8.50234653139553,20.67144217132161,0.8875524893060672,17.64211775986869,8.94010528943131,22.25817895600057,4.300649541894088,-9.644551405775514,15.318583470750356,7.643055782936556,18.074651174821273,13.792739328694262,-1.982529521675916,-32.47637424868904,16.616998612632834,-16.710999627738612,-33.99797032625964,15.188128702686578,-9.176254286180248,17.308858647486364,-3.4668648041992554,5.66612520197102,-2.7585280187062984,21.41142780174445
2.0196495125910388,-0.5154094821992496,1.1058689691197934,2.7927368351476365,-0.47381992454437183,3.1760410977976594,1.702847631880942,1.3975860029476068,-0.2202795185366623,1.3815285446091043,4.069875180134695,1.4143970391100944,-0.7890684474075662,-1.2728718137783521,0.09937140676141154,0.4234768993066861,-1.8319064484708119,-2.371104104959545,2.1370901981829946,-2.983583771498242,-0.8074004778560923,-1.309866297701824,-2.7661117634143846,-0.25210637019889603,-2.3984758218876308,-1.2216449050032836,-2.791686133944404,-0.724591285906901,1.536736547718459,-1.9394336526262541,-1.0700023898393896,-2.5906466814959432,-1.982529521675916,0.5552153411524986,4.1642990435877145,-1.9701884158368588,2.406611034014273,4.684545634561537,-2.28430759570936,1.2743958095153978,-2.100696286300645,0.37021457095268717,-0.9421482631788944,0.23121648086088492,-2.821100259680557
40.264482438735214,-13.590629694133114,21.442741632107968,56.69748162592877,-3.2084870593618606,56.40750875407169,29.950887629958462,34.34632893820691,-1.5955135437344774,18.52965167225794,87.74250500532676,20.806626892663477,-11.77068270649869,-21.030373200093578,14.740184247585159,9.655926724043917,-32.79054048368226,-53.90266124136714,32.35342635743158,-53.6531528930821,-12.108780469399996,-20.35272712811785,-50.0975379957268,-2.604355286172553,-44.36167120146972,-21.93194882860227,-53.66105519086729,-9.528261716963463,23.035979489988932,-37.42940351520819,-18.679586580290454,-44.05560689100441,-32.47637424868904,4.1642990435877145,79.09013658027426,-40.45164469476747,40.634731020140656,81.81406177056793,-35.83831270793666,21.66484202467839,-42.59342002653458,8.798044211259494,-13.682225344438061,6.919579248259187,-52.6045074289004
-20.702528248402977,7.105218166828134,-10.973020971082638,-29.16522674381643,1.4160255388666338,-28.573574237420843,-15.205628660200306,-17.880245134597867,0.643007469804417,-9.172329757409619,-44.866246570330624,-10.500946499798516,5.904915788603969,10.823092199840325,-7.698140400455996,-5.18850930033544,16.66179929680129,27.83299377000126,-16.131873776880802,27.358586987219436,6.047682695672478,10.243182632746674,25.562580003889735,1.1134670374657398,22.29013373452272,11.123711991901263,27.602265480253028,4.890307034601396,-11.569106848083653,19.159105597234504,9.462752260556291,22.261068115355258,16.616998612632834,-1.9701884158368588,-40.45164469476747,20.859873681368846,-20.548085360433124,-41.715179092118376,18.223765428660887,-11.130263605386837,21.800310208447744,-4.493903222610014,6.806737446430967,-3.6132207449790115,26.736237390519204
20.514352179048828,-6.746738571830289,11.023053637677664,28.89157380234672,-2.009456310984976,29.3968364608708,15.536397824507333,17.16032096223561,-1.080500297310413,9.977960927235749,45.01371764708423,10.911233557190895,-6.231044251505014,-10.743339869205547,7.26355455105995,4.633520078423269,-16.987030202361233,-27.277323422736227,17.248029593637106,-27.68622543882082,-6.425651727621964,-10.690968601476353,-25.852375225068567,-1.6577005976600712,-23.359068784279525,-11.423631371211563,-27.332812669333858,-4.910065053627939,12.15077861216055,-19.233408617039878,-9.750704768429587,-23.05477385996825,-16.710999627738612,2.406611034014273,40.634731020140656,-20.548085360433124,21.254335890901878,42.263660588535394,-18.602837494759704,11.107109306300957,-21.819676255066458,4.506942646188414,-7.3158252372439545,3.425917150527767,-27.26932392022177
41.5865325907598,-13.866714156364397,22.14458282434083,58.50219191941326,-3.5975419900982124,58.47037056466071,31.11192412515077,35.13876372574568,-1.7239433373593411,19.565762574546493,89.9823949711231,21.9002749337734,-12.352166705134302,-22.02835682743061,14.365641086983628,10.020153702742308,-34.030084649612085,-55.26490779867861,33.82848971503306,-55.692734929907665,-12.681085240581362,-21.319646448213774,-51.971945753177586,-2.7185245306572683,-45.71909615865163,-22.715718691673807,-55.571548903630955,-10.19641493209539,24.162301600861284,-38.672521907805226,-19.382406616154583,-45.79898224732444,-33.99797032625964,4.684545634561537,81.81406177056793,-41.715179092118376,42.263660588535394,85.1086250944353,-37.57758004442659,22.633996240635387,-43.876891702929925,8.977554878825368,-14.35632611673773,7.0175668555213155,-54.40137817858423
-18.199261617006687,5.978419821072593,-9.669842257218596,-25.53625601058712,1.7188231547904116,-25.61118863795069,-13.687690145134518,-15.19842801569579,0.7636832496395958,-8.774800439074486,-38.82507552455859,-9.832562324716893,5.497958406510411,9.874196550474386,-5.697364895555345,-4.476430037320805,14.94477392407168,23.910033061622762,-14.95839128317586,24.507303602776215,5.635579987077987,9.477540429967435,22.847836967718887,1.143054045460864,19.77990159791706,9.939123937159328,24.438757627337075,4.7094401100022205,-10.774401620368463,16.902180706811812,8.501006409847765,20.132773933456143,15.188128702686578,-2.28430759570936,-35.83831270793666,18.223765428660887,-18.602837494759704,-37.57758004442659,16.80753946503816,-10.079080031266148,19.09372669163361,-3.833818111687612,6.37924723127489,-2.995862440372064,23.74880241918823
11.067493081398956,-3.709312036535869,5.857233784082817,15.561736070676066,-0.8917539156311913,15.319072878205684,8.200668515543976,9.384146207678356,-0.35156951790255925,5.107326565056113,23.489587139252684,5.8459779450695155,-3.2532984946742376,-6.004009723691826,3.5562261042655834,2.868795800513333,-8.964674420420776,-14.63586213014814,8.783251323070216,-14.759564264534449,-3.309330917733275,-5.624913870021247,-13.78418718653348,-0.5660940917254682,-11.731879746756585,-5.960249576272701,-14.860373100986497,-2.855833385341985,6.362028148774089,-10.240758826434499,-5.0889690623926365,-12.017970784723763,-9.176254286180248,1.2743958095153978,21.66484202467839,-11.130263605386837,11.107109306300957,22.633996240635387,-10.079080031266148,6.133892073924827,-11.54534521135406,2.3216352188131024,-3.7360999483050694,1.8555963200061367,-14.26948214113949
-21.699033970866807,7.377645291254869,-11.55518658019651,-30.571994515640156,1.6418904236696665,-30.37573910168195,-16.10591940248352,-18.61463808034009,0.8567856005208057,-9.865242851154443,-47.61781943292725,-11.06722881815561,6.284910199242522,11.181328588103325,-8.306499486634728,-5.125138369736729,17.649445709629806,29.200553347542794,-17.344348673331236,28.83429116372097,6.482271109302478,10.886775946737092,26.91683894193836,1.426545187466773,24.0349418599123,11.805996785854042,28.84842005025263,4.975652688521129,-12.309653507367628,20.16150628270275,10.044407121517144,23.67065489592927,17.308858647486364,-2.100696286300645,-42.59342002653458,21.800310208447744,-21.819676255066458,-43.876891702929925,19.09372669163361,-11.54534521135406,23.033300208962693,-4.799658792402035,7.317835927979436,-3.7793745718762195,28.373417628664154
4.475663084184303,-1.5287268224505648,2.396511104735245,6.332512963129191,-0.3043929444526538,6.3182293625895545,3.3354106377231894,3.8665522366693263,-0.1910624854028467,2.014006652328669,10.062426984564631,2.2250420986262958,-1.2835659062463898,-2.217114024643997,1.9010571962358966,0.988288835162911,-3.6597900224496773,-6.107788811091297,3.59507788842966,-5.934225599877012,-1.3391892905552583,-2.2457497295606217,-5.549500348001783,-0.35614658075764355,-5.126574117181927,-2.457312726509828,-5.901407364610515,-0.9365194249406142,2.496606448528708,-4.175253040983226,-2.0806593617580242,-4.920896914871998,-3.4668648041992554,0.37021457095268717,8.798044211259494,-4.493903222610014,4.506942646188414,8.977554878825368,-3.833818111687612,2.3216352188131024,-4.799658792402035,1.0407006619352404,-1.509454817340554,0.801396421014979,-5.928775932115941
-6.837972644059423,2.1613991528012075,-3.703803604075314,-9.617089191486404,0.833725034903018,-10.070448690498802,-5.310898984259926,-5.555123895367784,0.47033706315810586,-3.5781370708238462,-15.081408419189815,-3.7961109095987196,2.182779953499929,3.6081201997661574,-2.260213888781602,-1.4198950124155065,5.793869204252771,8.981342428306759,-6.085218203627311,9.390759307878946,2.2653932111493393,3.7254036244477846,8.75634662655497,0.6888641936519374,8.079746158964323,3.9047358254120454,9.120888552182876,1.6792664542355247,-4.247071414251195,6.462450365323383,3.341505775519523,7.945663153093251,5.66612520197102,-0.9421482631788944,-13.682225344438061,6.806737446430967,-7.3158252372439545,-14.35632611673773,6.37924723127489,-3.7360999483050694,7.317835927979436,-1.509454817340554,2.595591035858747,-1.095745510126493,9.279414809466171
3.5767439401736434,-1.2760594805562206,1.881010315299028,5.045776336921252,-0.1406842564768436,4.8211819083201135,2.573350419838507,3.1882890601689664,-0.06440549975040501,1.4477208212029227,7.843788004885733,1.7013486808576896,-0.9564727745767194,-1.7993685428959982,1.5214281263103446,0.9066856757190105,-2.8301355200231657,-4.9033529009907,2.625360340360785,-4.636326949880669,-0.987804844397209,-1.6938981391531003,-4.332946523958665,-0.15325340915840654,-3.7883906657318343,-1.8732844309392522,-4.7342115468352945,-0.7654684082554214,1.8850176260395939,-3.2789539504323577,-1.5860091755873782,-3.7221894857609077,-2.7585280187062984,0.23121648086088492,6.919579248259187,-3.6132207449790115,3.425917150527767,7.0175668555213155,-2.995862440372064,1.8555963200061367,-3.7793745718762195,0.801396421014979,-1.095745510126493,0.6647075872014928,-4.55600860559114
-26.656506407613826,8.903943998810785,-14.282431295661434,-37.587071264453186,2.311092211423349,-37.86560770928152,-20.022968461194452,-22.57558833313603,1.2605372586536543,-12.569287727768913,-58.74625596058731,-13.861476566366763,7.919874546443215,13.770041978830989,-9.967332772701706,-6.077830725925852,21.919310099443397,35.726905674323405,-21.94224093623998,35.71860155099937,8.17876322098448,13.66348009478359,33.36262834724524,2.043535254395612,30.16632828240514,14.72219669092219,35.43365540702074,6.174384030164542,-15.443645823584776,24.91557472974896,12.535739633632126,29.61734404022381,21.41142780174445,-2.821100259680557,-52.6045074289004,26.736237390519204,-27.26932392022177,-54.40137817858423,23.74880241918823,-14.26948214113949,28.373417628664154,-5.928775932115941,9.279414809466171,-4.55600860559114,35.26585559654603
