V1,V2,V3,V4,V5,V6,V7,V8,V9,V10,V11,V12,V13,V14,V15,V16,V17,V18,V19,V20,V21,V22,V23,V24,V25,V26,V27,V28,V29,V30,V31,V32,V33,V34,V35,V36,V37,V38,V39,V40,V41,V42,V43
2.024646596045677,-0.299915484526549,1.6475729106405643,1.371464300294488,-1.6083200320388922,-0.5010936099237446,0.828666691581783,-0.376260150024435,0.596140910966059,1.7682076477749387,0.4481219129281365,2.4536468585653277,-1.0538876709270861,0.0888160270346004,-0.8725165283856843,-3.2361341399445602,0.6160578572268536,0.9948850632349722,2.294146037280499,-1.377977334793442,-0.12196564466401885,-1.6563856560960841,-0.6860258511015319,2.134736760582526e-4,0.35298484019229653,-0.27387190741200645,0.1298634373122507,0.09389548906543538,-1.6181439267840232,0.8014114852804436,-0.26339317998745115,0.20464867915251275,-0.44887532449606865,1.3393576892590575,0.30381517431165805,-1.58850137437009,0.6309222424735901,-0.8044662433101762,0.5892228356258125,1.1114119769841033,0.5443159019551486,0.18818308430040065,-1.5672880562637665
-0.299915484526549,0.9183285944588834,-0.5574542341338021,-0.8326737869988515,0.9172693082917195,0.6019741167567272,-0.24320065860266174,0.199698002640203,0.43047525817224047,-0.07685604509413942,-0.39877588068642356,-1.3327204308848142,1.494378453081176,-0.21289889546408466,0.19128619886444512,1.9077709480460907,-0.1480048644250929,0.08312817034687443,-2.3063855155376416,0.5371526561867487,0.17561931726262633,0.7956057991234148,-0.13221837848519596,-0.23639173701199587,0.6967796946406308,0.230434750026758,0.5451942796674512,-0.07745151890369024,0.9877654709924961,-0.5655902444379602,0.18731060575325983,-0.4974552168213922,0.45537055729186754,-1.2072641345357986,-0.404025685811466,-0.2843605734853929,-1.4051612918285494,1.1463688391462166,-0.3973089213326956,-0.2701738365698347,-1.124352359803616,-1.177488550308502,0.47062661379093107
1.6475729106405643,-0.5574542341338021,1.7712352791995047,1.4745975676578293,-2.2950933394009896,-0.9521467986388727,0.6586548105930875,0.14319871060279626,0.8370279105993316,2.727602835547674,0.4462448324992477,2.445528752220633,-1.237037061251932,0.8939476386422646,-1.127892729943105,-3.7498043107267036,0.9580240923950202,0.9309320031891898,2.4229449821394615,-1.053212899596571,0.12340500059566105,-1.6048346929319592,-0.36511942134179365,0.26857638750345114,0.12029536719833248,-0.6401477772177467,-0.3712608123215615,0.30505271175276955,-1.5717785393426968,0.7541442392443738,-0.2529173002576738,1.3395596615370555,-0.870979751238398,1.5419182920734993,0.8251861062730845,-0.7922896109530922,1.2202987989415734,-1.4037353518828337,0.2726191596538529,1.0891742342008077,0.9153221634769688,0.5690277636625433,-1.4731070697230302
1.371464300294488,-0.8326737869988515,1.4745975676578293,1.4770623317720535,-1.8984359672475792,-0.8989104999612221,0.605322423598875,-0.09481833874231049,0.3511538371807097,1.6873209945103964,0.5429006409222332,2.3929108580195,-1.7071822114488582,0.5308579813258796,-0.8719293601980506,-3.4605106973307755,0.6467778028327721,0.6277693985915579,2.9614040621406916,-1.0970061689324841,-0.06840084807141186,-1.6061945944571954,-0.25088499517934626,0.23946332948290944,-0.2775047868395558,-0.4721264920805121,-0.42144758880773125,0.21266360780567856,-1.645115154683526,0.8471692400762083,-0.32942254279089633,0.9005620989330356,-0.7131403918003256,1.7016100983017404,0.7724083779474865,-0.6016955197176612,1.419652536609967,-1.410799977449551,0.4857991861366917,0.9101611227851679,1.1332930700199761,0.9243265667698227,-1.238558186697448
-1.6083200320388922,0.9172693082917195,-2.2950933394009896,-1.8984359672475792,3.5446410689808294,1.6450230739819205,-0.609292154083841,-0.7725684417550647,-1.3470892176182439,-4.439841423749402,-0.5285731437500986,-2.935225606873765,1.6592817336227772,-1.9833468181111877,1.679312988681989,5.088666581038322,-1.5547432751151449,-1.0948527890304802,-3.015132490357294,0.9150639053824076,-0.43888233204474464,1.8947823769188552,0.10681801569656876,-0.6130170876929797,0.06910167238061016,1.1814004311230146,0.9742786772217208,-0.6083631373670467,1.8396590860169906,-0.8485419999483131,0.29990480446594714,-2.8779879257290366,1.509832619036245,-2.067070196913037,-1.5989420974973356,0.1310003032899975,-2.060181014122123,2.3198847467860975,0.03431200377223336,-1.310009962180032,-1.467376768780853,-1.045038805123762,1.6838806993378133
-0.5010936099237446,0.6019741167567272,-0.9521467986388727,-0.8989104999612221,1.6450230739819205,0.8638737699236719,-0.1976623532617223,-0.42264417213221495,-0.511528842109109,-1.8840228423382066,-0.2820992157888355,-1.2980076271113068,1.0133682966860895,-0.9907383016091525,0.751577225251264,2.3277526685029613,-0.6789523835891108,-0.3623989732516399,-1.6309342829553244,0.33435867533745184,-0.19511059880111828,0.8587843247198934,-0.09319837758459332,-0.3417176520422016,0.26693200537616446,0.5754616529199422,0.6057838589684206,-0.30521465284964616,0.8498471468731805,-0.40846339995574776,0.1784372948663881,-1.4596959844093527,0.7357266755861067,-1.0651871897815635,-0.8891663604073407,-0.24650635821116534,-1.1714636126998998,1.2181465573524901,0.02511945681482596,-0.5186854082686027,-0.8520578930490488,-0.7187676158564416,0.6239523757234716
0.828666691581783,-0.24320065860266174,0.6586548105930875,0.605322423598875,-0.609292154083841,-0.1976623532617223,0.37526376133207356,-0.29192927784566464,0.028844413452548966,0.42066876768877876,0.2293150673241831,1.1238028259422599,-0.6014124649013477,-0.08193588588079834,-0.2601930721936831,-1.4153894582825648,0.17606299133354036,0.3217968582200576,1.21295791932135,-0.6438567954886741,-0.12930109210064755,-0.714247198378351,-0.2689602608705408,0.0017204527495513918,0.031470938511253516,-0.071763585561773,0.020841559922127405,0.0011833741204905733,-0.7605444739302387,0.3974665857296679,-0.10823152932103974,-0.041299118998216006,-0.18025173933885516,0.6563137904358579,0.034691571185760994,-0.6225433621050682,0.41905626154352243,-0.41534023859635966,0.3444913409239588,0.43363885889079323,0.361148928361734,0.24959413504318498,-0.6725385918910811
-0.376260150024435,0.199698002640203,0.14319871060279626,-0.09481833874231049,-0.7725684417550647,-0.42264417213221495,-0.29192927784566464,0.9589811780369698,0.956858016012963,1.9158668879910479,-0.17535473361373952,-0.46957010650621717,0.47515014357527546,1.1508203239452888,-0.5501340268744298,-0.09686405306322161,0.5723279276423281,0.2229569063939424,-0.9112715445750471,0.6035334310558237,0.5036519846516301,0.21657709824891225,0.2606599309890436,0.2394959064274501,0.1907786350434628,-0.47342696897867276,-0.34700480459431504,0.3205585803912,0.42301782304901686,-0.3049371249698534,0.02600011569388859,1.4763946652442284,-0.3957941458957418,-0.23130168918593255,0.7600409776780418,0.6606801635422619,-0.032583459311218844,-0.23465326828111976,-0.6669675202869801,0.03544166828912905,-0.15813731332681227,-0.2645664096097218,0.21224669895111747
0.596140910966059,0.43047525817224047,0.8370279105993316,0.3511538371807097,-1.3470892176182439,-0.511528842109109,0.028844413452548966,0.956858016012963,1.6361625752977353,3.0622205183087217,-0.08806285493221415,0.29598877260505285,0.4774109592500902,1.2058330905588122,-1.0692218541196827,-1.0941202785297057,0.900398554785131,0.86231201020272,-0.6132855285587628,0.10309116204078896,0.552252996924919,-0.4217123152512758,-0.1584677163619859,0.14838111897780254,0.6726588337481983,-0.5685056432090697,-0.06079143162951649,0.3817017057302009,-0.048397315201197014,-0.11010737138403894,-0.09297811965863687,1.4929747634072288,-0.4590123723327122,0.020228388565784107,0.9333585158919816,-0.324082780523432,-0.32014936960213713,-0.186767173370205,-0.5585461361609891,0.5662147697485869,-0.3658485546516882,-0.7046183234802877,-0.40394142205731215
1.7682076477749387,-0.07685604509413942,2.727602835547674,1.6873209945103964,-4.439841423749402,-1.8840228423382066,0.42066876768877876,1.9158668879910479,3.0622205183087217,7.439503406790796,0.18311776896022702,2.35459682229915,-0.312741298756959,3.2509985467664055,-2.537108568522945,-5.078626912793731,2.3943544333285316,1.8371206894614258,1.0290769196882066,-0.3366169845978329,1.1332175406184393,-1.6750297179519846,-0.18316766690712413,0.7218698852101763,0.8716013846109152,-1.692333522121287,-0.9194204837445518,0.9706635599230105,-1.2211413740285264,0.3665724098541193,-0.2091586880487056,4.372095426808441,-1.8352484240800886,1.3843597167183248,2.278788312034708,-0.20479911467302941,1.205609454146407,-2.059012466357031,-0.911496149892547,1.6024915811801992,0.631421553415035,-0.11111982183913047,-1.7357132476863273
0.4481219129281365,-0.39877588068642356,0.4462448324992477,0.5429006409222332,-0.5285731437500986,-0.2820992157888355,0.2293150673241831,-0.17535473361373952,-0.08806285493221415,0.18311776896022702,0.23748477710889151,0.8966050080633161,-0.7830942117508073,0.010489191814192217,-0.200678019191248,-1.1825758092655536,0.10839104474893588,0.123176106031478,1.2946182951903684,-0.4551972084463488,-0.11789536476416627,-0.5962560640036003,-0.07682032874774215,0.06366542277430343,-0.22654779468882175,-0.09318343190271985,-0.1482407489848636,0.02796613644092527,-0.6504285712079486,0.3575085903731576,-0.13852759991298566,0.10419677179164324,-0.19311495296526046,0.6806491726467941,0.19892601528159926,-0.2045424228416779,0.5898272396565595,-0.5092517402228506,0.28414146690909603,0.27867546338521176,0.49322136402280464,0.4640160181844623,-0.4062924861593239
2.4536468585653277,-1.3327204308848142,2.445528752220633,2.3929108580195,-2.935225606873765,-1.2980076271113068,1.1238028259422599,-0.46957010650621717,0.29598877260505285,2.35459682229915,0.8966050080633161,4.083599581997122,-2.712287934815126,0.5633995652951758,-1.2360478271146464,-5.701259453728746,0.9465186400126795,1.0069703701070327,4.90094232115268,-1.9794877963730055,-0.23788518905478248,-2.622492831173468,-0.5377334547961,0.32181100763330317,-0.3658381447554217,-0.6526668036944363,-0.558591038635437,0.24576081209773948,-2.7826059504832417,1.4470169812365437,-0.4678548185903743,1.083464109839576,-1.0970009089319992,2.762977120138614,0.8798370519547484,-1.2417924113609193,2.3071587563635587,-2.2427370610728885,0.9575134907055062,1.5069733821994855,1.854619988709264,1.5115293525502196,-2.209051756982677
-1.0538876709270861,1.494378453081176,-1.237037061251932,-1.7071822114488582,1.6592817336227772,1.0133682966860895,-0.6014124649013477,0.47515014357527546,0.4774109592500902,-0.312741298756959,-0.7830942117508073,-2.712287934815126,2.7597559871827064,-0.13922563883239422,0.5545352198696994,3.6576007197859037,-0.28113940873201837,-0.1641013561913824,-4.349547764313272,1.290461476885135,0.37366896816894674,1.8016058326897115,0.0343772153689952,-0.28946202167289303,1.030921153100711,0.33039863068627245,0.6883018043006642,-0.11283483876375079,2.020558747750519,-1.132446823758214,0.4612366001286885,-0.5135977539963263,0.6693079550182913,-2.2679329568774764,-0.7854936386047136,0.18736362788965627,-2.168804620786124,1.810700016873113,-0.8747793805492969,-0.7308376613342661,-1.7987068525026804,-1.7970130343623412,1.068973377004277
0.0888160270346004,-0.21289889546408466,0.8939476386422646,0.5308579813258796,-1.9833468181111877,-0.9907383016091525,-0.08193588588079834,1.1508203239452888,1.2058330905588122,3.2509985467664055,0.010489191814192217,0.5633995652951758,-0.13922563883239422,1.8259165460378675,-1.0062595635454865,-1.889063783565866,1.071923635555248,0.4826321920232266,0.2167889506898432,0.3059119509962078,0.624699116092232,-0.3572254839985042,0.28241088792469465,0.4868740759248293,0.07714845794320825,-0.8800767996107244,-0.7673207389922284,0.5093995650222248,-0.21624429327305286,0.0012469056647321085,-0.02532207543762998,2.4920317679207713,-0.9658030590124235,0.5138103723720664,1.1964169713432655,0.7803597218023783,0.8675196441231099,-1.1582797184660754,-0.6541646206291211,0.42303508311488286,0.48604877497863114,0.2702974613262675,-0.37538686098569707
-0.8725165283856843,0.19128619886444512,-1.127892729943105,-0.8719293601980506,1.679312988681989,0.751577225251264,-0.2601930721936831,-0.5501340268744298,-1.0692218541196827,-2.537108568522945,-0.200678019191248,-1.2360478271146464,0.5545352198696994,-1.0062595635454865,1.0062991011265943,2.2232674785101088,-0.8228262856204422,-0.7310052593301699,-1.0391650278402857,0.38895769144242637,-0.29879351679597843,0.9459113477896386,0.14540816342189505,-0.22833919283071288,-0.19013016790461681,0.5732142074265194,0.3030645429590901,-0.33337837504805345,0.7622432013103451,-0.318010751287349,0.20128595760327037,-1.3778417898928743,0.6304737744491501,-0.813741582964286,-0.9341217960837099,0.3157965469897275,-0.5653584886333932,0.8304987944623196,0.12719467759412467,-0.7093516888530333,-0.37663107361055354,-0.10487566465149167,0.7533493085117645
-3.2361341399445602,1.9077709480460907,-3.7498043107267036,-3.4605106973307755,5.088666581038322,2.3277526685029613,-1.4153894582825648,-0.09686405306322161,-1.0941202785297057,-5.078626912793731,-1.1825758092655536,-5.701259453728746,3.6576007197859037,-1.889063783565866,2.2232674785101088,8.658908301594487,-1.9042147155787263,-1.5891402296131,-6.580597659658901,2.389794282946738,-0.0749154914531357,3.638734255233985,0.5063544135282271,-0.7384858432804753,0.46073126804537656,1.409903783978428,1.240420966967218,-0.6390876925470221,3.7788363528702007,-1.8983316250180906,0.6184989561971133,-2.9991098125248854,2.0569148864250026,-3.9515847049570683,-1.8860780929622323,1.0827590999563648,-3.6184152684940196,3.6991335009131214,-0.8459195528174686,-2.220740573314959,-2.7719682260100638,-2.197920421714362,3.1220849654811427
0.6160578572268536,-0.1480048644250929,0.9580240923950202,0.6467778028327721,-1.5547432751151449,-0.6789523835891108,0.17606299133354036,0.5723279276423281,0.900398554785131,2.3943544333285316,0.10839104474893588,0.9465186400126795,-0.28113940873201837,1.071923635555248,-0.8228262856204422,-1.9042147155787263,0.7909861922801228,0.572865306050453,0.6297425974066143,-0.1836856334526445,0.33847938295901736,-0.6307963290875502,-0.04329181014173976,0.26676655312193875,0.19502517985608625,-0.5752867063956959,-0.37201709120427773,0.317761616469219,-0.5253268695405937,0.19375877366859917,-0.07710741357572083,1.4737480538146084,-0.6608455811378474,0.6020127742424211,0.75159750808369,-0.0234888351212593,0.5932340645362643,-0.8288986065593247,-0.23738377828854357,0.5489700429041124,0.36390263816627694,0.13208646347218872,-0.6400194630504903
0.9948850632349722,0.08312817034687443,0.9309320031891898,0.6277693985915579,-1.0948527890304802,-0.3623989732516399,0.3217968582200576,0.2229569063939424,0.86231201020272,1.8371206894614258,0.123176106031478,1.0069703701070327,-0.1641013561913824,0.4826321920232266,-0.7310052593301699,-1.5891402296131,0.572865306050453,0.7120674994165759,0.5601303150792898,-0.4712167144540103,0.16869163839105564,-0.7646480519264713,-0.3296238348706486,0.04757014739620136,0.41899075501624505,-0.31204833105842944,0.04754017713759006,0.17710065159171748,-0.603170401684021,0.24497150116926011,-0.1271594656756638,0.6255335772720642,-0.33061347084810727,0.4758985181488157,0.4497866138946252,-0.7447259311650113,0.06987617635408112,-0.3381380583701909,1.4625454468851463e-4,0.6316980673697732,0.028968598723502093,-0.23860803284779547,-0.7410868820394899
2.294146037280499,-2.3063855155376416,2.4229449821394615,2.9614040621406916,-3.015132490357294,-1.6309342829553244,1.21295791932135,-0.9112715445750471,-0.6132855285587628,1.0290769196882066,1.2946182951903684,4.90094232115268,-4.349547764313272,0.2167889506898432,-1.0391650278402857,-6.580597659658901,0.6297425974066143,0.5601303150792898,7.166943307896481,-2.4015891206171367,-0.6086736962899779,-3.1726474819998125,-0.30280122408913773,0.4355211902357403,-1.3597312351935613,-0.5793620884997525,-0.9781987662000744,0.17630777977745954,-3.544434484174452,1.9502287353833532,-0.7072998581390308,0.8190211514993381,-1.1794066577014584,3.786267324139626,1.1049206543957197,-0.820088607086329,3.486085766464154,-2.9995899774679726,1.509205109041998,1.455092190841193,2.8811589970493716,2.754020414151924,-2.2032875001545618
-1.377977334793442,0.5371526561867487,-1.053212899596571,-1.0970061689324841,0.9150639053824076,0.33435867533745184,-0.6438567954886741,0.6035334310558237,0.10309116204078896,-0.3366169845978329,-0.4551972084463488,-1.9794877963730055,1.290461476885135,0.3059119509962078,0.38895769144242637,2.389794282946738,-0.1836856334526445,-0.4712167144540103,-2.4015891206171367,1.175766872385658,0.3082497892779503,1.3062225497872275,0.44268970080317327,0.019218780946748466,0.10614562795919454,0.053096806032001884,-0.03602907307735239,0.032203349668840676,1.3949949380525857,-0.7507589371114732,0.24792567442377528,0.27633483021642136,0.23591703110962262,-1.2440343903176239,-0.08498316656120139,1.070370602315811,-0.7870895514841273,0.7121494235455992,-0.7063971694232644,-0.7119711183740294,-0.7082849297713107,-0.5617241834809075,1.088643438668233
-0.12196564466401885,0.17561931726262633,0.12340500059566105,-0.06840084807141186,-0.43888233204474464,-0.19511059880111828,-0.12930109210064755,0.5036519846516301,0.552252996924919,1.1332175406184393,-0.11789536476416627,-0.23788518905478248,0.37366896816894674,0.624699116092232,-0.29879351679597843,-0.0749154914531357,0.33847938295901736,0.16869163839105564,-0.6086736962899779,0.3082497892779503,0.2889510618881562,0.13347814070658126,0.0968639916380279,0.11953700699248307,0.1973784576838167,-0.25677168439593406,-0.14466998212395007,0.16759341334028005,0.23938855161604664,-0.17932518994489535,0.04525291218933149,0.7918876724541658,-0.22003579767390316,-0.1731774670599325,0.3452716944651783,0.27093700252843245,-0.0811012424766994,-0.09367398906810233,-0.37109635002929375,0.044555106595662246,-0.14010629098382785,-0.2219395851761222,0.04806270804352605
-1.6563856560960841,0.7956057991234148,-1.6048346929319592,-1.6061945944571954,1.8947823769188552,0.8587843247198934,-0.714247198378351,0.21657709824891225,-0.4217123152512758,-1.6750297179519846,-0.5962560640036003,-2.622492831173468,1.8016058326897115,-0.3572254839985042,0.9459113477896386,3.638734255233985,-0.6307963290875502,-0.7646480519264713,-3.1726474819998125,1.3062225497872275,0.13347814070658126,1.8184721607783407,0.39570261969322357,-0.16813200191524158,0.19505799016665223,0.4156421925119454,0.28061287938989804,-0.18411022059469798,1.8174321054059157,-0.9381291584436834,0.39094825621280566,-0.654867921895779,0.6397110325823816,-1.7945110367292327,-0.7528065822463457,0.9656766737249459,-1.3033205904525738,1.3205827926675886,-0.6109429430387355,-1.0391479534521764,-1.0727989535252596,-0.8230648252571305,1.3836271679633676
-0.6860258511015319,-0.13221837848519596,-0.36511942134179365,-0.25088499517934626,0.10681801569656876,-0.09319837758459332,-0.2689602608705408,0.2606599309890436,-0.1584677163619859,-0.18316766690712413,-0.07682032874774215,-0.5377334547961,0.0343772153689952,0.28241088792469465,0.14540816342189505,0.5063544135282271,-0.04329181014173976,-0.3296238348706486,-0.30280122408913773,0.44268970080317327,0.0968639916380279,0.39570261969322357,0.3332711230530178,0.12749643789825055,-0.28502026356031557,-0.07790546138652726,-0.28983492124577587,0.055474772851702804,0.3527428305517312,-0.17249603430852123,0.05645749566946453,0.40272888075361385,-0.0789200418990163,-0.15245765753716,0.14654372692552037,0.7862230058437333,0.21899498246434249,-0.13427970474837156,-0.2257484585123016,-0.29951608492267817,0.12976891247396646,0.24635140602618166,0.4274064483529201
2.134736760582526e-4,-0.23639173701199587,0.26857638750345114,0.23946332948290944,-0.6130170876929797,-0.3417176520422016,0.0017204527495513918,0.2394959064274501,0.14838111897780254,0.7218698852101763,0.06366542277430343,0.32181100763330317,-0.28946202167289303,0.4868740759248293,-0.22833919283071288,-0.7384858432804753,0.26676655312193875,0.04757014739620136,0.4355211902357403,0.019218780946748466,0.11953700699248307,-0.16813200191524158,0.12749643789825055,0.1734597712366057,-0.1401183903167986,-0.25212155585926926,-0.31411941205043875,0.13212929686812444,-0.19185989725919705,0.08518939992102016,-0.019270279348110077,0.708559823797918,-0.3229829132030163,0.320257200929525,0.33278565072141825,0.32914863106412223,0.501695903427871,-0.5058471414714285,-0.09862426062724189,0.1070389189946862,0.34624927119047005,0.32120831078368445,-0.13932583060534673
0.35298484019229653,0.6967796946406308,0.12029536719833248,-0.2775047868395558,0.06910167238061016,0.26693200537616446,0.031470938511253516,0.1907786350434628,0.6726588337481983,0.8716013846109152,-0.22654779468882175,-0.3658381447554217,1.030921153100711,0.07714845794320825,-0.19013016790461681,0.46073126804537656,0.19502517985608625,0.41899075501624505,-1.3597312351935613,0.10614562795919454,0.1973784576838167,0.19505799016665223,-0.28502026356031557,-0.1401183903167986,0.7458062021008601,0.005398012393899153,0.41285621714054405,0.01909320580960698,0.3711282668785421,-0.2652888542985655,0.11080856506160859,-0.046239026029651444,0.1261360664790233,-0.6173517175787449,-0.17110795259699696,-0.606593188579729,-0.9132315437930644,0.6021327303510424,-0.2627508298610058,0.14040565070210653,-0.7543810422309841,-0.9351598673994365,-0.12543502144156995
-0.27387190741200645,0.230434750026758,-0.6401477772177467,-0.4721264920805121,1.1814004311230146,0.5754616529199422,-0.071763585561773,-0.47342696897867276,-0.5685056432090697,-1.692333522121287,-0.09318343190271985,-0.6526668036944363,0.33039863068627245,-0.8800767996107244,0.5732142074265194,1.409903783978428,-0.5752867063956959,-0.31204833105842944,-0.5793620884997525,0.053096806032001884,-0.25677168439593406,0.4156421925119454,-0.07790546138652726,-0.25212155585926926,0.005398012393899153,0.46203257399704395,0.40517626725270295,-0.2542875675666338,0.36848163814940277,-0.14226031702734313,0.05709334066955186,-1.2334029092539025,0.5447090584183845,-0.5024574411965541,-0.6246602865298393,-0.23943152985205163,-0.6245865113209056,0.7464529470322744,0.20245858738665087,-0.3366701375108407,-0.4050942632942075,-0.27576227497400496,0.38262154869277526
0.1298634373122507,0.5451942796674512,-0.3712608123215615,-0.42144758880773125,0.9742786772217208,0.6057838589684206,0.020841559922127405,-0.34700480459431504,-0.06079143162951649,-0.9194204837445518,-0.1482407489848636,-0.558591038635437,0.6883018043006642,-0.7673207389922284,0.3030645429590901,1.240420966967218,-0.37201709120427773,0.04754017713759006,-0.9781987662000744,-0.03602907307735239,-0.14466998212395007,0.28061287938989804,-0.28983492124577587,-0.31411941205043875,0.41285621714054405,0.40517626725270295,0.6136291588197782,-0.2072874643391222,0.36321389652797004,-0.18466232152743073,0.05023422459442899,-1.1556023567362483,0.546241937365236,-0.6348291232130908,-0.5636126254967245,-0.718376197678757,-1.0264484670709024,0.9509841039215794,0.11074456252975438,-0.11680815760433351,-0.7329497380174338,-0.7440410233925451,0.1634973120946906
0.09389548906543538,-0.07745151890369024,0.30505271175276955,0.21266360780567856,-0.6083631373670467,-0.30521465284964616,0.0011833741204905733,0.3205585803912,0.3817017057302009,0.9706635599230105,0.02796613644092527,0.24576081209773948,-0.11283483876375079,0.5093995650222248,-0.33337837504805345,-0.6390876925470221,0.317761616469219,0.17710065159171748,0.17630777977745954,0.032203349668840676,0.16759341334028005,-0.18411022059469798,0.055474772851702804,0.13212929686812444,0.01909320580960698,-0.2542875675666338,-0.2072874643391222,0.1500774275202936,-0.12775552124278017,0.035128143403301955,-0.03657357900514382,0.6959065007078089,-0.2750310851441081,0.20676719865159926,0.384277895762152,0.15316273857674595,0.25484563400466875,-0.3433092560439744,-0.15777715389472993,0.16387285024902673,0.15159268518847388,0.07961270700328525,-0.14364109283807194
-1.6181439267840232,0.9877654709924961,-1.5717785393426968,-1.645115154683526,1.8396590860169906,0.8498471468731805,-0.7605444739302387,0.42301782304901686,-0.048397315201197014,-1.2211413740285264,-0.6504285712079486,-2.7826059504832417,2.020558747750519,-0.21624429327305286,0.7622432013103451,3.7788363528702007,-0.5253268695405937,-0.603170401684021,-3.544434484174452,1.3949949380525857,0.23938855161604664,1.8174321054059157,0.3527428305517312,-0.19185989725919705,0.3711282668785421,0.36848163814940277,0.36321389652797004,-0.12775552124278017,1.940469764233817,-1.0281391151759292,0.3580748700030553,-0.5238227791193935,0.6668263094706054,-1.9423281590561936,-0.5796354556319314,0.8502530115199347,-1.5966536693611602,1.493201929754517,-0.748048866493515,-0.980366623104604,-1.3131626730598938,-1.1212930546575033,1.4354527956547818
0.8014114852804436,-0.5655902444379602,0.7541442392443738,0.8471692400762083,-0.8485419999483131,-0.40846339995574776,0.3974665857296679,-0.3049371249698534,-0.11010737138403894,0.3665724098541193,0.3575085903731576,1.4470169812365437,-1.132446823758214,0.0012469056647321085,-0.318010751287349,-1.8983316250180906,0.19375877366859917,0.24497150116926011,1.9502287353833532,-0.7507589371114732,-0.17932518994489535,-0.9381291584436834,-0.17249603430852123,0.08518939992102016,-0.2652888542985655,-0.14226031702734313,-0.18466232152743073,0.035128143403301955,-1.0281391151759292,0.5579383543426771,-0.19243437493903448,0.135545435727583,-0.30468993944414047,1.0342866472120842,0.24229192120886123,-0.4264686157688008,0.8682603556740662,-0.767628969490677,0.4492621482238741,0.47142073210659785,0.7256570340717989,0.6553678671557994,-0.7139181491748849
-0.26339317998745115,0.18731060575325983,-0.2529173002576738,-0.32942254279089633,0.29990480446594714,0.1784372948663881,-0.10823152932103974,0.02600011569388859,-0.09297811965863687,-0.2091586880487056,-0.13852759991298566,-0.4678548185903743,0.4612366001286885,-0.02532207543762998,0.20128595760327037,0.6184989561971133,-0.07710741357572083,-0.1271594656756638,-0.7072998581390308,0.24792567442377528,0.04525291218933149,0.39094825621280566,0.05645749566946453,-0.019270279348110077,0.11080856506160859,0.05709334066955186,0.05023422459442899,-0.03657357900514382,0.3580748700030553,-0.19243437493903448,0.12820925726212654,-0.06334234468618627,0.07460917512786157,-0.3784152003435867,-0.23490113206598576,0.17470468443978723,-0.2273860263399042,0.21679658270971203,-0.1384302109275604,-0.18475869260944394,-0.20479538780249912,-0.1748862612611325,0.1832356542612612
0.20464867915251275,-0.4974552168213922,1.3395596615370555,0.9005620989330356,-2.8779879257290366,-1.4596959844093527,-0.041299118998216006,1.4763946652442284,1.4929747634072288,4.372095426808441,0.10419677179164324,1.083464109839576,-0.5135977539963263,2.4920317679207713,-1.3778417898928743,-2.9991098125248854,1.4737480538146084,0.6255335772720642,0.8190211514993381,0.27633483021642136,0.7918876724541658,-0.654867921895779,0.40272888075361385,0.708559823797918,-0.046239026029651444,-1.2334029092539025,-1.1556023567362483,0.6959065007078089,-0.5238227791193935,0.135545435727583,-0.06334234468618627,3.453488131289583,-1.4097676891589477,0.9655873124866814,1.6596461610449715,1.1072857921267225,1.5054890931881388,-1.8313830237961697,-0.7801703315981399,0.632399239816949,0.9213508971375232,0.6426990874763411,-0.6369024953734446
-0.44887532449606865,0.45537055729186754,-0.870979751238398,-0.7131403918003256,1.509832619036245,0.7357266755861067,-0.18025173933885516,-0.3957941458957418,-0.4590123723327122,-1.8352484240800886,-0.19311495296526046,-1.0970009089319992,0.6693079550182913,-0.9658030590124235,0.6304737744491501,2.0569148864250026,-0.6608455811378474,-0.33061347084810727,-1.1794066577014584,0.23591703110962262,-0.22003579767390316,0.6397110325823816,-0.0789200418990163,-0.3229829132030163,0.1261360664790233,0.5447090584183845,0.546241937365236,-0.2750310851441081,0.6668263094706054,-0.30468993944414047,0.07460917512786157,-1.4097676891589477,0.7102730270388344,-0.8322604281697236,-0.670369404098036,-0.2608008465230784,-1.027566233071592,1.0954114863262663,0.09493353805297083,-0.4481799975910272,-0.7167971406099201,-0.5790033159596772,0.609767591533457
1.3393576892590575,-1.2072641345357986,1.5419182920734993,1.7016100983017404,-2.067070196913037,-1.0651871897815635,0.6563137904358579,-0.23130168918593255,0.020228388565784107,1.3843597167183248,0.6806491726467941,2.762977120138614,-2.2679329568774764,0.5138103723720664,-0.813741582964286,-3.9515847049570683,0.6020127742424211,0.4758985181488157,3.786267324139626,-1.2440343903176239,-0.1731774670599325,-1.7945110367292327,-0.15245765753716,0.320257200929525,-0.6173517175787449,-0.5024574411965541,-0.6348291232130908,0.20676719865159926,-1.9423281590561936,1.0342866472120842,-0.3784152003435867,0.9655873124866814,-0.8322604281697236,2.0998675685382127,0.8350590488916804,-0.38495420237960293,1.9595426171632537,-1.8014815153433141,0.6547073981085767,0.9125945512631554,1.572139859047631,1.4285126931684689,-1.3128670918365601
0.30381517431165805,-0.404025685811466,0.8251861062730845,0.7724083779474865,-1.5989420974973356,-0.8891663604073407,0.034691571185760994,0.7600409776780418,0.9333585158919816,2.278788312034708,0.19892601528159926,0.8798370519547484,-0.7854936386047136,1.1964169713432655,-0.9341217960837099,-1.8860780929622323,0.75159750808369,0.4497866138946252,1.1049206543957197,-0.08498316656120139,0.3452716944651783,-0.7528065822463457,0.14654372692552037,0.33278565072141825,-0.17110795259699696,-0.6246602865298393,-0.5636126254967245,0.384277895762152,-0.5796354556319314,0.24229192120886123,-0.23490113206598576,1.6596461610449715,-0.670369404098036,0.8350590488916804,1.1984549090685062,0.3226452514334562,0.809301121583828,-0.9783437764665615,-0.24534916254018832,0.47916355717587295,0.5619277919668261,0.40451588706980923,-0.36290249728041296
-1.58850137437009,-0.2843605734853929,-0.7922896109530922,-0.6016955197176612,0.1310003032899975,-0.24650635821116534,-0.6225433621050682,0.6606801635422619,-0.324082780523432,-0.20479911467302941,-0.2045424228416779,-1.2417924113609193,0.18736362788965627,0.7803597218023783,0.3157965469897275,1.0827590999563648,-0.0234888351212593,-0.7447259311650113,-0.820088607086329,1.070370602315811,0.27093700252843245,0.9656766737249459,0.7862230058437333,0.32914863106412223,-0.606593188579729,-0.23943152985205163,-0.718376197678757,0.15316273857674595,0.8502530115199347,-0.4264686157688008,0.17470468443978723,1.1072857921267225,-0.2608008465230784,-0.38495420237960293,0.3226452514334562,1.8910451815026963,0.5594821207665028,-0.3829230149837946,-0.5885752585218506,-0.6818981684848746,0.31407887350243524,0.5668503790843746,0.9427405823974063
0.6309222424735901,-1.4051612918285494,1.2202987989415734,1.419652536609967,-2.060181014122123,-1.1714636126998998,0.41905626154352243,-0.032583459311218844,-0.32014936960213713,1.205609454146407,0.5898272396565595,2.3071587563635587,-2.168804620786124,0.8675196441231099,-0.5653584886333932,-3.6184152684940196,0.5932340645362643,0.06987617635408112,3.486085766464154,-0.7870895514841273,-0.0811012424766994,-1.3033205904525738,0.21899498246434249,0.501695903427871,-0.9132315437930644,-0.6245865113209056,-1.0264484670709024,0.25484563400466875,-1.5966536693611602,0.8682603556740662,-0.2273860263399042,1.5054890931881388,-1.027566233071592,1.9595426171632537,0.809301121583828,0.5594821207665028,2.4087279922199496,-2.1192042845868406,0.41769206196222625,0.5873831982171214,1.8464472218698507,1.8301886448901175,-0.9847858796061988
-0.8044662433101762,1.1463688391462166,-1.4037353518828337,-1.410799977449551,2.3198847467860975,1.2181465573524901,-0.41534023859635966,-0.23465326828111976,-0.186767173370205,-2.059012466357031,-0.5092517402228506,-2.2427370610728885,1.810700016873113,-1.1582797184660754,0.8304987944623196,3.6991335009131214,-0.8288986065593247,-0.3381380583701909,-2.9995899774679726,0.7121494235455992,-0.09367398906810233,1.3205827926675886,-0.13427970474837156,-0.5058471414714285,0.6021327303510424,0.7464529470322744,0.9509841039215794,-0.3433092560439744,1.493201929754517,-0.767628969490677,0.21679658270971203,-1.8313830237961697,1.0954114863262663,-1.8014815153433141,-0.9783437764665615,-0.3829230149837946,-2.1192042845868406,2.01209896635091,-0.2214506850749686,-0.7225351487588074,-1.5858055600118603,-1.459577978768695,1.0740666002158048
0.5892228356258125,-0.3973089213326956,0.2726191596538529,0.4857991861366917,0.03431200377223336,0.02511945681482596,0.3444913409239588,-0.6669675202869801,-0.5585461361609891,-0.911496149892547,0.28414146690909603,0.9575134907055062,-0.8747793805492969,-0.6541646206291211,0.12719467759412467,-0.8459195528174686,-0.23738377828854357,1.4625454468851463e-4,1.509205109041998,-0.7063971694232644,-0.37109635002929375,-0.6109429430387355,-0.2257484585123016,-0.09862426062724189,-0.2627508298610058,0.20245858738665087,0.11074456252975438,-0.15777715389472993,-0.748048866493515,0.4492621482238741,-0.1384302109275604,-0.7801703315981399,0.09493353805297083,0.6547073981085767,-0.24534916254018832,-0.5885752585218506,0.41769206196222625,-0.2214506850749686,0.5999103156278299,0.2116246159205352,0.4337170897069404,0.46255060491649336,-0.4329982762009191
1.1114119769841033,-0.2701738365698347,1.0891742342008077,0.9101611227851679,-1.310009962180032,-0.5186854082686027,0.43363885889079323,0.03544166828912905,0.5662147697485869,1.6024915811801992,0.27867546338521176,1.5069733821994855,-0.7308376613342661,0.42303508311488286,-0.7093516888530333,-2.220740573314959,0.5489700429041124,0.6316980673697732,1.455092190841193,-0.7119711183740294,0.044555106595662246,-1.0391479534521764,-0.29951608492267817,0.1070389189946862,0.14040565070210653,-0.3366701375108407,-0.11680815760433351,0.16387285024902673,-0.980366623104604,0.47142073210659785,-0.18475869260944394,0.632399239816949,-0.4481799975910272,0.9125945512631554,0.47916355717587295,-0.6818981684848746,0.5873831982171214,-0.7225351487588074,0.2116246159205352,0.7041724904093922,0.4534723515785232,0.22480465581348685,-0.9174519326757886
0.5443159019551486,-1.124352359803616,0.9153221634769688,1.1332930700199761,-1.467376768780853,-0.8520578930490488,0.361148928361734,-0.15813731332681227,-0.3658485546516882,0.631421553415035,0.49322136402280464,1.854619988709264,-1.7987068525026804,0.48604877497863114,-0.37663107361055354,-2.7719682260100638,0.36390263816627694,0.028968598723502093,2.8811589970493716,-0.7082849297713107,-0.14010629098382785,-1.0727989535252596,0.12976891247396646,0.34624927119047005,-0.7543810422309841,-0.4050942632942075,-0.7329497380174338,0.15159268518847388,-1.3131626730598938,0.7256570340717989,-0.20479538780249912,0.9213508971375232,-0.7167971406099201,1.572139859047631,0.5619277919668261,0.31407887350243524,1.8464472218698507,-1.5858055600118603,0.4337170897069404,0.4534723515785232,1.4450750114285604,1.4499743358654003,-0.7724403382544569
0.18818308430040065,-1.177488550308502,0.5690277636625433,0.9243265667698227,-1.045038805123762,-0.7187676158564416,0.24959413504318498,-0.2645664096097218,-0.7046183234802877,-0.11111982183913047,0.4640160181844623,1.5115293525502196,-1.7970130343623412,0.2702974613262675,-0.10487566465149167,-2.197920421714362,0.13208646347218872,-0.23860803284779547,2.754020414151924,-0.5617241834809075,-0.2219395851761222,-0.8230648252571305,0.24635140602618166,0.32120831078368445,-0.9351598673994365,-0.27576227497400496,-0.7440410233925451,0.07961270700328525,-1.1212930546575033,0.6553678671557994,-0.1748862612611325,0.6426990874763411,-0.5790033159596772,1.4285126931684689,0.40451588706980923,0.5668503790843746,1.8301886448901175,-1.459577978768695,0.46255060491649336,0.22480465581348685,1.4499743358654003,1.5589387054796213,-0.4972186509050283
-1.5672880562637665,0.47062661379093107,-1.4731070697230302,-1.238558186697448,1.6838806993378133,0.6239523757234716,-0.6725385918910811,0.21224669895111747,-0.40394142205731215,-1.7357132476863273,-0.4062924861593239,-2.209051756982677,1.068973377004277,-0.37538686098569707,0.7533493085117645,3.1220849654811427,-0.6400194630504903,-0.7410868820394899,-2.2032875001545618,1.088643438668233,0.04806270804352605,1.3836271679633676,0.4274064483529201,-0.13932583060534673,-0.12543502144156995,0.38262154869277526,0.1634973120946906,-0.14364109283807194,1.4354527956547818,-0.7139181491748849,0.1832356542612612,-0.6369024953734446,0.609767591533457,-1.3128670918365601,-0.36290249728041296,0.9427405823974063,-0.9847858796061988,1.0740666002158048,-0.4329982762009191,-0.9174519326757886,-0.7724403382544569,-0.4972186509050283,1.3639963664597312
