V1,V2,V3,V4,V5,V6,V7,V8,V9,V10,V11,V12,V13,V14,V15,V16,V17,V18,V19,V20,V21,V22,V23,V24,V25,V26,V27,V28,V29,V30,V31,V32,V33,V34,V35,V36,V37,V38,V39,V40,V41,V42,V43
1.2593637227381758,-1.0966874130342847,1.3013205348739667,-0.8409461327318754,0.021471402973739458,0.18719810037438106,-0.5891087456083671,0.3246485169647249,-2.104758273633821,1.278069151236568,-0.4070993052500026,-0.3757608976087907,-1.0697498607225606,-0.8571972093201699,0.12729254000171195,1.7754375915282008,-0.6808072240157961,-0.4201319065738806,0.13325451515224782,-0.5657759217772611,-0.0908695359643329,-1.2640976477834915,1.3200166526432207,-1.394618299467166,0.3411848088725188,-1.6356678985637323,-0.6811666012688821,0.6031658822782059,-1.2457552276897272,1.5639733638155544,0.40259530328983123,-1.009545312110318,0.07154853145361205,-0.2902370384168133,-0.10469381988079213,0.6225395119595531,1.5555605308503724,0.44259524825985275,0.4453101939540572,-0.09296946043826329,-0.9003912552201696,-1.6478988089153266,-1.4759632111517098
-1.0966874130342847,0.9602391540810367,-1.0644112005753266,0.7291653027479497,-0.0877220965269385,-0.25828925834839056,0.5375072196556487,-0.301970803732273,1.7607081287648922,-1.117491484996627,0.30723241519253575,0.19021721044666914,0.8195744638883765,0.7466090772382904,-0.11006356797223914,-1.5336713253453143,0.6634582733370343,0.2706388508875013,-0.21239908553861947,0.46480067052797813,0.12435192235055274,1.0784167135827063,-1.043453813677278,1.2071004740522815,-0.21651473462391607,1.3655165144029815,0.657755629997933,-0.5126129868541973,1.1233618604940006,-1.44740519838131,-0.43574163145590317,0.9241326085844636,-0.07695076706408957,0.18274275096227693,0.2070651234818331,-0.5547961311713158,-1.4513268296508268,-0.3113324943059253,-0.5028986827212514,0.09815510706744131,0.7943345826676276,1.5075016839071511,1.2654805357241008
1.3013205348739667,-1.0644112005753266,2.2528643937122,-0.9106014102166282,-0.8887823821772892,-1.0639572016805763,-0.2854578709052967,0.08129479097046631,-3.1273862202955445,1.2610815836477953,-1.0446633749739889,-2.1964855155819483,-2.583472740646519,-0.8838994671391279,0.14192553448754275,1.9986065488762266,0.22818480838328065,-1.6908983290135395,-1.1340407822264618,-0.9527504888194437,0.5029293939653803,-1.601757893065281,2.7636879318512566,-1.5383656215431858,1.416292857952021,-2.467097713557845,0.14841692607637166,0.7900919909327692,-0.7787750473186376,0.488215344088977,-0.7078111952136882,-0.44935059347329004,-0.11934374348846068,-1.2238015454047035,1.4214294150200575,0.4760199552864291,0.33107537193321934,1.4351858226700003,-1.0590592250189323,0.1308807591044707,-0.7951154192702812,-0.7463249087937751,-1.7868368193719446
-0.8409461327318754,0.7291653027479497,-0.9106014102166282,0.5634615392159417,0.027427134028784217,-0.06735339620677135,0.3785620521823076,-0.20513206107627346,1.4491319769850304,-0.8507107183724276,0.30045145038536814,0.3338249761973477,0.7821038243266413,0.572306791373549,-0.08548086024378052,-1.1930792666005423,0.4118988681462774,0.33817180064631597,-0.030669967324871043,0.3946797828013757,0.033311680462575106,0.8576584220183561,-0.9456293824303683,0.9357265914941386,-0.2766024544552717,1.127851516479563,0.41577988342367617,-0.4104185966229236,0.8085374014345622,-0.9926327348046045,-0.21730823099050145,0.6469012032710899,-0.03891525135115006,0.2361655239636474,-2.3080169688825502e-4,-0.4080314887226101,-0.9802088896365502,-0.3403768554740735,-0.22770884873245847,0.051672624021016564,0.5950396408302355,1.0565254188454336,0.9975849940192475
0.021471402973739458,-0.0877220965269385,-0.8887823821772892,0.027427134028784217,0.9141238787160575,1.2644323680634095,-0.33431164252358403,0.26048268667551727,0.9195369413637615,0.08154105309899114,0.6189704318946145,1.8073330881514453,1.4643678828877544,-0.016475488062947956,-0.008252993200590673,-0.13425018361863564,-0.9461331719566041,1.2534521652159276,1.2778986080398593,0.3596054894380992,-0.6002018160656878,0.27489806441192394,-1.381471166444454,0.0738042401392707,-1.0611795436577045,0.7514261838014111,-0.8664998884301393,-0.15705768790856128,-0.5312780246956286,1.15797900032009,1.1341229280487575,-0.6128581800359116,0.19508735386565804,0.9217746543908676,-1.5360763611399577,0.17838526201525037,1.3067367610754927,-0.9732922794629136,1.531448337862264,-0.22922682882456374,-0.15103852714731802,-0.987496107735182,0.23733652235423086
0.18719810037438106,-0.25828925834839056,-1.0639572016805763,-0.06735339620677135,1.2644323680634095,1.7686908634730651,-0.5351470552690605,0.4001564533248697,1.0058871102509748,0.2724498047299025,0.8034191281746094,2.4476144557619572,1.8874002341364127,-0.1299881248391866,0.004533158490907581,0.03682512743791344,-1.391104852075641,1.6775526817089317,1.7805304375615814,0.4255714382742221,-0.8398162264976207,0.2212826434286859,-1.7416689810995045,-0.07261211179906989,-1.422039294665679,0.8325380388364755,-1.2812333632678792,-0.14132102338362115,-0.8891736863429663,1.7940088710780968,1.6157767294373013,-0.9722223272325097,0.2782267798199784,1.2359944288588176,-2.13331645339215,0.32410982906284613,1.9982836742015302,-1.288041301825631,2.1695394393742236,-0.3280295948774742,-0.32112485973401284,-1.569196886688875,0.14293146130859585
-0.5891087456083671,0.5375072196556487,-0.2854578709052967,0.3785620521823076,-0.33431164252358403,-0.5351470552690605,0.3906500811905987,-0.2423386207266295,0.6455169352513821,-0.6190649495049003,-0.031684419954502184,-0.46786811560787933,-0.0257221630522179,0.4016399498090644,-0.05584823713903985,-0.7721366776324121,0.6501078849720461,-0.2508236742380319,-0.5150161974800546,0.13362428608764632,0.2549506191632458,0.4861217800684867,-0.11925308789872191,0.6177509909862074,0.21904489577568678,0.4885833680502046,0.6220145868998278,-0.2227671793528247,0.7637374747827027,-1.1330681900566506,-0.5883589893394396,0.6836253517461122,-0.10226717983090303,-0.1931003284891785,0.593446093436156,-0.3507489794221481,-1.1819736087330792,0.14103379540378982,-0.7490838621005741,0.12427181862826456,0.4693397317686658,1.1113166569891826,0.5972783607245528
0.3246485169647249,-0.301970803732273,0.08129479097046631,-0.20513206107627346,0.26048268667551727,0.4001564533248697,-0.2423386207266295,0.15482344101164128,-0.2760085014139814,0.34614106019488666,0.06969040017407144,0.4091860315199818,0.13789465203058776,-0.2214947241054623,0.029905795448617843,0.4117829047581285,-0.4362457908576277,0.24342037240211897,0.39026481234447935,-0.042824845226369285,-0.19045563038996163,-0.2431561232301694,-0.05144072057416349,-0.33228884598053054,-0.20975016102595856,-0.20421811439502335,-0.4141181285126247,0.10879851609455372,-0.4634473637402789,0.7188222201232571,0.41830109535358,-0.4264399142384178,0.07253537797169413,0.18374560919755106,-0.45507298308397626,0.2072933749165601,0.7581984659735614,-0.15956822557518668,0.5399665587873246,-0.08748110480423876,-0.2699678686620535,-0.692492211946352,-0.30724423674706125
-2.104758273633821,1.7607081287648922,-3.1273862202955445,1.4491319769850304,0.9195369413637615,1.0058871102509748,0.6455169352513821,-0.2760085014139814,4.516640833777962,-2.0735456382081883,1.334830342222011,2.5244444798106884,3.3380676305659547,1.430676531144018,-0.22364121132203707,-3.1392879113355354,0.16068756316923308,2.0202562444493224,1.1110845809832326,1.3316623502983505,-0.47408017447851863,2.422637353084797,-3.674120425999601,2.432838775229184,-1.6858658779645426,3.5485182629430585,0.24455893803794068,-1.1830350178608373,1.5487193223048807,-1.430949734632801,0.5058057548768071,1.0644344944638617,0.08312905467160477,1.4540476821403545,-1.429277055286547,-0.8650208264566162,-1.2611989035385822,-1.765264683059797,0.8490970871263918,-0.08264299204332996,1.3629380663283863,1.75096516182987,2.7412285026525254
1.278069151236568,-1.117491484996627,1.2610815836477953,-0.8507107183724276,0.08154105309899114,0.2724498047299025,-0.6190649495049003,0.34614106019488666,-2.0735456382081883,1.3009631405011903,-0.3722180689154787,-0.2627479703199677,-0.9886971832033847,-0.8700467790479418,0.12850472967707446,1.7910522627549812,-0.7520284964246949,-0.3439464020919637,0.21864218667257723,-0.5500361785154836,-0.13136191162141828,-1.263489537655871,1.2478247172738486,-1.4089542995568007,0.2764856908629269,-1.6090080845437056,-0.7471862881031929,0.6011845331665706,-1.297603155046707,1.6611731095490145,0.4822841213793059,-1.0634876941610951,0.08528783269743687,-0.2339501433592336,-0.20656664473142758,0.6427538366800506,1.6623717189622604,0.3850327227484098,0.5515703710639805,-0.10923336362793083,-0.9226381075773237,-1.7350989230855733,-1.4807248411538914
-0.4070993052500026,0.30723241519253575,-1.0446633749739889,0.30045145038536814,0.6189704318946145,0.8034191281746094,-0.031684419954502184,0.06969040017407144,1.334830342222011,-0.3722180689154787,0.5603385771455507,1.3638547185434673,1.3613706033182529,0.2758206296152878,-0.04828851735065506,-0.686618663553728,-0.42006069140598457,0.9993154986508206,0.8307114563135616,0.4358240432355056,-0.38069476111935346,0.6116939531248969,-1.3884112359939718,0.5176637983203095,-0.8411688989886601,1.0625619666950192,-0.36539254293716733,-0.30960489536582014,0.053330028275515876,0.26936850015930996,0.6420147813509747,-0.08166587239755878,0.10966797157346947,0.7286137987993003,-1.0171262967214199,-0.08631940314694313,0.37408329891567127,-0.8149330014649526,0.8998698444398388,-0.12587861933026612,0.19811472995038756,-0.12448104104226129,0.6569267135874433
-0.3757608976087907,0.19021721044666914,-2.1964855155819483,0.3338249761973477,1.8073330881514453,2.4476144557619572,-0.46786811560787933,0.4091860315199818,2.5244444798106884,-0.2627479703199677,1.3638547185434673,3.7122638339920604,3.2620570657915864,0.2520640427828491,-0.05867568276071728,-0.8563075866027648,-1.651826878531499,2.6275922581424447,2.492271123358173,0.9017528950474836,-1.1611725898752963,0.9656063295676275,-3.1806592817394628,0.6098139447671628,-2.219715102968205,2.0349265744327014,-1.4936401780726065,-0.5121325936241633,-0.6406997863297146,1.778936506835364,2.1174039286072133,-0.8810936346296553,0.36346483337585184,1.9260750038693069,-3.014231250155984,0.1472692287551109,2.077004708660649,-2.0789493160632944,2.8918679029955525,-0.4241164269085079,-6.749839038625431e-4,-1.4126681941792134,0.9614398134062264
-1.0697498607225606,0.8195744638883765,-2.583472740646519,0.7821038243266413,1.4643678828877544,1.8874002341364127,-0.0257221630522179,0.13789465203058776,3.3380676305659547,-0.9886971832033847,1.3613706033182529,3.2620570657915864,3.314280161863223,0.7251087016919999,-0.12504427656549089,-1.775065725566845,-0.9380000402181174,2.4022813791312005,1.9565695058616421,1.0797192669867333,-0.8941540062143942,1.5547744514214525,-3.3992892792598783,1.3429741616924098,-2.021064262692687,2.6538699973367885,-0.8084755967306086,-0.78387265061562,0.23062180054827608,0.5071150578118805,1.487045272323021,-0.10891633224737023,0.25378216584627505,1.7501823699277839,-2.4005313318676795,-0.2565877040707318,0.7558595262228227,-1.967405092609563,2.09424977290302,-0.29038986087809526,0.5446686015552006,-0.1568970748520238,1.6796616323350908
-0.8571972093201699,0.7466090772382904,-0.8838994671391279,0.572306791373549,-0.016475488062947956,-0.1299881248391866,0.4016399498090644,-0.2214947241054623,1.430676531144018,-0.8700467790479418,0.2758206296152878,0.2520640427828491,0.7251087016919999,0.5834674943355567,-0.08661803972705072,-1.2081302522004722,0.4653001097479464,0.28339253307440193,-0.09330424874394147,0.384346033762012,0.06307401617177087,0.8598144949685853,-0.8956129737832645,0.9490578586734147,-0.23005275468965955,1.1117394311465518,0.4653817199462013,-0.41020690740587146,0.8489809968620451,-1.0668441442021845,-0.276328588736672,0.6883711641722373,-0.04909543092497642,0.19566443695723926,0.07439634486170633,-0.42408206403241094,-1.0614213982079526,-0.2992582359097534,-0.30620662253289765,0.06374694120823256,0.613134947006266,1.1236241052194926,1.0040884518228281
0.12729254000171195,-0.11006356797223914,0.14192553448754275,-0.08548086024378052,-0.008252993200590673,0.004533158490907581,-0.05584823713903985,0.029905795448617843,-0.22364121132203707,0.12850472967707446,-0.04828851735065506,-0.05867568276071728,-0.12504427656549089,-0.08661803972705072,0.012987879475166232,0.18133402453891892,-0.058154085491008194,-0.056850630429346974,-0.0010863921293943887,-0.061400767684811404,-0.0023531617225225885,-0.13115354732805493,0.14944516288680024,-0.14207891463311156,0.04666081194130872,-0.17422200915980843,-0.059099475848418306,0.0628769149517958,-0.12009311827552045,0.14517074631424867,0.027832219306221023,-0.09524554552556147,0.005020088189900488,-0.03990801153103455,0.006927879170765829,0.06100809649864676,0.14262166051976927,0.055925181316376825,0.027628608528573118,-0.006798199389478021,-0.0894614975414999,-0.15561062309758,-0.15218351515375939
1.7754375915282008,-1.5336713253453143,1.9986065488762266,-1.1930792666005423,-0.13425018361863564,0.03682512743791344,-0.7721366776324121,0.4117829047581285,-3.1392879113355354,1.7910522627549812,-0.686618663553728,-0.8563075866027648,-1.775065725566845,-1.2081302522004722,0.18133402453891892,2.5326156828147948,-0.7915354388902439,-0.8192721043407151,-0.04181602396589004,-0.8641090958326889,-0.020318883423590697,-1.8354872917096283,2.113733065940792,-1.9836887982149458,0.6731117102929356,-2.4462637347881073,-0.8063813915546502,0.8804675494051203,-1.6644172865220028,2.0011783662467626,0.3646123840430803,-1.3160003293875837,0.06596265076298849,-0.5760281905177531,0.12865524621745827,0.8474411129890325,1.9625085211807172,0.800564513562656,0.3534266566342092,-0.09007954204878542,-1.2449321216304818,-2.150445756967043,-2.1280621786168528
-0.6808072240157961,0.6634582733370343,0.22818480838328065,0.4118988681462774,-0.9461331719566041,-1.391104852075641,0.6501078849720461,-0.4362457908576277,0.16068756316923308,-0.7520284964246949,-0.42006069140598457,-1.651826878531499,-0.9380000402181174,0.4653001097479464,-0.058154085491008194,-0.7915354388902439,1.3238077469414797,-1.062144242278128,-1.376655631287849,-0.07178750517695331,0.6613821851619018,0.38017852651376577,0.7222895758518989,0.6541261547012148,0.906803675310683,0.08721070538830503,1.2425526346272207,-0.154924785423217,1.1950805649560343,-2.0025041274755258,-1.3705206639870078,1.1549400767347402,-0.23695259821360173,-0.7908846469017472,1.6257589759896705,-0.5081266403218347,-2.150241620935079,0.7638655962530021,-1.7992236208432624,0.2830742573575685,0.6255194880541032,1.8720522614021147,0.5294335913889123
-0.4201319065738806,0.2706388508875013,-1.6908983290135395,0.33817180064631597,1.2534521652159276,1.6775526817089317,-0.2508236742380319,0.24342037240211897,2.0202562444493224,-0.3439464020919637,0.9993154986508206,2.6275922581424447,2.4022813791312005,0.28339253307440193,-0.056850630429346974,-0.8192721043407151,-1.062144242278128,1.8793065265814697,1.7154012124166025,0.6981676605990171,-0.7955885881167146,0.8306939920346913,-2.3772978783833323,0.5998809689549444,-1.5858511018719343,1.6208139386962686,-0.9521530547327671,-0.43208694320103663,-0.2880659244239146,1.0390145980869328,1.4208560805028216,-0.48496215740934606,0.24359023647385628,1.3753281495128522,-2.081789629731325,0.023778060434360492,1.2472449126192617,-1.5008129426153076,1.9537436567181476,-0.2830422582733112,0.11318385984731681,-0.7738531352651732,0.8545422386607757
0.13325451515224782,-0.21239908553861947,-1.1340407822264618,-0.030669967324871043,1.2778986080398593,1.7805304375615814,-0.5150161974800546,0.39026481234447935,1.1110845809832326,0.21864218667257723,0.8307114563135616,2.492271123358173,1.9565695058616421,-0.09330424874394147,-0.0010863921293943887,-0.04181602396589004,-1.376655631287849,1.7154012124166025,1.7949105261047769,0.45562136390798513,-0.8453521112321808,0.28009725177078326,-1.8203221090814372,-0.011336296613367445,-1.4534562506985726,0.914874260095707,-1.2655142366391976,-0.16979379231794003,-0.8438495869717428,1.7448353626162514,1.6162816771325739,-0.9383589424826051,0.27821467141404665,1.2630171953181963,-2.152996855541322,0.30008811734466717,1.9518150310234819,-1.3224421316812514,2.1744553768462227,-0.32763370231961875,-0.28469308751859124,-1.513726555296828,0.21028948727464195
-0.5657759217772611,0.46480067052797813,-0.9527504888194437,0.3946797828013757,0.3596054894380992,0.4255714382742221,0.13362428608764632,-0.042824845226369285,1.3316623502983505,-0.5500361785154836,0.4358240432355056,0.9017528950474836,1.0797192669867333,0.384346033762012,-0.061400767684811404,-0.8641090958326889,-0.07178750517695331,0.6981676605990171,0.45562136390798513,0.4033946300170661,-0.20109524168900533,0.6876995139315241,-1.1603795982518668,0.6659742266270448,-0.5844574431009611,1.0497578501363793,-0.03944314146033843,-0.33859987228080807,0.353550314466376,-0.24545263092043013,0.27466140402945033,0.21284061837522358,0.046199025580276554,0.5048819259198501,-0.5729822962498021,-0.21188067937220426,-0.18150162808745182,-0.5951977804752655,0.4157352902679166,-0.050225027775449245,0.3496744013314871,0.3526245007711704,0.7691639885193863
-0.0908695359643329,0.12435192235055274,0.5029293939653803,0.033311680462575106,-0.6002018160656878,-0.8398162264976207,0.2549506191632458,-0.19045563038996163,-0.47408017447851863,-0.13136191162141828,-0.38069476111935346,-1.1611725898752963,-0.8941540062143942,0.06307401617177087,-0.0023531617225225885,-0.020318883423590697,0.6613821851619018,-0.7955885881167146,-0.8453521112321808,-0.20109524168900533,0.3987696499983354,-0.10301054809150849,0.8245829969976162,0.03669552649863018,0.6744332716362563,-0.3925533038663845,0.609231333231634,0.06611495575057211,0.4240479894872888,-0.854040560261959,-0.7675804715032832,0.4630857236626322,-0.13217618820591048,-0.5862053909991513,1.012761031042825,-0.15483822528044958,-0.9509870896971181,0.6106658291092874,-1.0304918869889272,0.15585102057671968,0.1538634659024237,0.7474704261372132,-0.06548393355635636
-1.2640976477834915,1.0784167135827063,-1.601757893065281,0.8576584220183561,0.27489806441192394,0.2212826434286859,0.4861217800684867,-0.2431561232301694,2.422637353084797,-1.263489537655871,0.6116939531248969,0.9656063295676275,1.5547744514214525,0.8598144949685853,-0.13115354732805493,-1.8354872917096283,0.38017852651376577,0.8306939920346913,0.28009725177078326,0.6876995139315241,-0.10301054809150849,1.3650269386780507,-1.7804726846226284,1.431519756161068,-0.6886339572743747,1.8946501899138073,0.40637686044793403,-0.6597243242001914,1.084964289271389,-1.2028183338799912,-0.0383915795671568,0.8200943647166032,-0.008920957412320464,0.5919847563258028,-0.3926852436484936,-0.5704487526342548,-1.1460658130181505,-0.7624722819990071,0.04739985924903926,0.019464448674392665,0.8597549713675458,1.3428318051788606,1.5666755682189641
1.3200166526432207,-1.043453813677278,2.7636879318512566,-0.9456293824303683,-1.381471166444454,-1.7416689810995045,-0.11925308789872191,-0.05144072057416349,-3.674120425999601,1.2478247172738486,-1.3884112359939718,-3.1806592817394628,-3.3992892792598783,-0.8956129737832645,0.14944516288680024,2.113733065940792,0.7222895758518989,-2.3772978783833323,-1.8203221090814372,-1.1603795982518668,0.8245829969976162,-1.7804726846226284,3.5407998155426723,-1.6117237222533938,1.9970522214136899,-2.9118595895377015,0.5995463945204588,0.8893379596263765,-0.5220699795003318,-0.09896757583629869,-1.310039100509849,-0.1429603373045348,-0.22288139867710216,-1.7281145237706603,2.2477037607222994,0.39473713320123205,-0.33657090242895843,1.9709579008744904,-1.8746257199952103,0.2523270368181293,-0.7352750613768786,-0.2531325977291151,-1.950385750456682
-1.394618299467166,1.2071004740522815,-1.5383656215431858,0.9357265914941386,0.0738042401392707,-0.07261211179906989,0.6177509909862074,-0.33228884598053054,2.432838775229184,-1.4089542995568007,0.5176637983203095,0.6098139447671628,1.3429741616924098,0.9490578586734147,-0.14207891463311156,-1.9836887982149458,0.6541261547012148,0.5998809689549444,-0.011336296613367445,0.6659742266270448,0.03669552649863018,1.431519756161068,-1.6117237222533938,1.554821750023019,-0.49177699335051267,1.8945647168327213,0.6630294452783249,-0.685817588733279,1.3250756468240832,-1.6111231776523696,-0.32545016199955484,1.0543583328739325,-0.05852908014518452,0.4203749552526207,-0.047918290760430055,-0.6714811527910678,-1.5859052433663468,-0.5948753376354781,-0.3304016952524981,0.0786423319557092,0.9826026849589419,1.722417786491993,1.6625160438782847
0.3411848088725188,-0.21651473462391607,1.416292857952021,-0.2766024544552717,-1.0611795436577045,-1.422039294665679,0.21904489577568678,-0.20975016102595856,-1.6858658779645426,0.2764856908629269,-0.8411688989886601,-2.219715102968205,-2.021064262692687,-0.23005275468965955,0.04666081194130872,0.6731117102929356,0.906803675310683,-1.5858511018719343,-1.4534562506985726,-0.5844574431009611,0.6744332716362563,-0.6886339572743747,1.9970522214136899,-0.49177699335051267,1.3383720068201814,-1.3531438534337545,0.8137103803121135,0.35881614095186787,0.25808313654379816,-0.8973364738087423,-1.2072347374551127,0.4220346763942434,-0.2069961088041522,-1.1607674773361765,1.7632427317960693,-0.0272529065070343,-1.0734881655701758,1.2652345731421268,-1.6587656346505975,0.2406335000856578,-0.08549093007097126,0.6738611479792864,-0.7063929911005868
-1.6356678985637323,1.3655165144029815,-2.467097713557845,1.127851516479563,0.7514261838014111,0.8325380388364755,0.4885833680502046,-0.20421811439502335,3.5485182629430585,-1.6090080845437056,1.0625619666950192,2.0349265744327014,2.6538699973367885,1.1117394311465518,-0.17422200915980843,-2.4462637347881073,0.08721070538830503,1.6208139386962686,0.914874260095707,1.0497578501363793,-0.3925533038663845,1.8946501899138073,-2.9118595895377015,1.8945647168327213,-1.3531438534337545,2.7890704410203524,0.15560022248303662,-0.9261176936019349,1.1829889795797017,-1.066427255539738,0.4385119799904728,0.8031934982099652,0.07241608562898631,1.1673332633481592,-1.1725819220157085,-0.6654669621868089,-0.9285074260673049,-1.4113699350445836,0.7212734752742077,-0.07340219844066957,1.0537103189125105,1.3220431157704293,2.1408719396803066
-0.6811666012688821,0.657755629997933,0.14841692607637166,0.41577988342367617,-0.8664998884301393,-1.2812333632678792,0.6220145868998278,-0.4141181285126247,0.24455893803794068,-0.7471862881031929,-0.36539254293716733,-1.4936401780726065,-0.8084755967306086,0.4653817199462013,-0.059099475848418306,-0.8063813915546502,1.2425526346272207,-0.9521530547327671,-1.2655142366391976,-0.03944314146033843,0.609231333231634,0.40637686044793403,0.5995463945204588,0.6630294452783249,0.8137103803121135,0.15560022248303662,1.1682388248078868,-0.1696821451091013,1.1509817882700648,-1.9043483163402541,-1.2723877257663159,1.1033137101416344,-0.22007621947445125,-0.7100322621112551,1.4920643073890003,-0.49368143850384383,-2.0391057289433716,0.6782532628453677,-1.666537758418817,0.26325995851547873,0.6139505912442503,1.7889027495660148,0.5527340799136105
0.6031658822782059,-0.5126129868541973,0.7900919909327692,-0.4104185966229236,-0.15705768790856128,-0.14132102338362115,-0.2227671793528247,0.10879851609455372,-1.1830350178608373,0.6011845331665706,-0.30960489536582014,-0.5121325936241633,-0.78387265061562,-0.41020690740587146,0.0628769149517958,0.8804675494051203,-0.154924785423217,-0.43208694320103663,-0.16979379231794003,-0.33859987228080807,0.06611495575057211,-0.6597243242001914,0.8893379596263765,-0.685817588733279,0.35881614095186787,-0.9261176936019349,-0.1696821451091013,0.3195307556524132,-0.5032377855548179,0.5418692943718928,-0.013621512950974841,-0.37443165045532095,-0.0012364425259269972,-0.3087237074538943,0.23084639930918394,0.2674354881230803,0.5105707802631644,0.3916053037103645,-0.06579225616174525,-0.0028364461134518697,-0.4063890920160677,-0.6135454751408733,-0.754980774839584
-1.2457552276897272,1.1233618604940006,-0.7787750473186376,0.8085374014345622,-0.5312780246956286,-0.8891736863429663,0.7637374747827027,-0.4634473637402789,1.5487193223048807,-1.297603155046707,0.053330028275515876,-0.6406997863297146,0.23062180054827608,0.8489809968620451,-0.12009311827552045,-1.6644172865220028,1.1950805649560343,-0.2880659244239146,-0.8438495869717428,0.353550314466376,0.4240479894872888,1.084964289271389,-0.5220699795003318,1.3250756468240832,0.25808313654379816,1.1829889795797017,1.1509817882700648,-0.5032377855548179,1.5169987759541153,-2.1785599836873923,-1.0274598757778408,1.3311157906457898,-0.17898860193674593,-0.2301761297063331,0.9599872916616247,-0.7094640796744218,-2.253351799045612,0.10967014775437557,-1.2910781697448446,0.21903403082813225,0.9663981126416528,2.1656292738220966,1.3134846154331348
1.5639733638155544,-1.44740519838131,0.488215344088977,-0.9926327348046045,1.15797900032009,1.7940088710780968,-1.1330681900566506,0.7188222201232571,-1.430949734632801,1.6611731095490145,0.26936850015930996,1.778936506835364,0.5071150578118805,-1.0668441442021845,0.14517074631424867,2.0011783662467626,-2.0025041274755258,1.0390145980869328,1.7448353626162514,-0.24545263092043013,-0.854040560261959,-1.2028183338799912,-0.09896757583629869,-1.6111231776523696,-0.8973364738087423,-1.066427255539738,-1.9043483163402541,0.5418692943718928,-2.1785599836873923,3.342942310370743,1.8956260562479939,-1.9911966805225534,0.32888062279147806,0.7869293688900345,-2.029625732275965,0.9808382846792938,3.516848201332383,-0.6647189316387376,2.439689077199425,-0.39730220494888996,-1.2861660897577265,-3.234331584939101,-1.507955868878089
0.40259530328983123,-0.43574163145590317,-0.7078111952136882,-0.21730823099050145,1.1341229280487575,1.6157767294373013,-0.5883589893394396,0.41830109535358,0.5058057548768071,0.4822841213793059,0.6420147813509747,2.1174039286072133,1.487045272323021,-0.276328588736672,0.027832219306221023,0.3646123840430803,-1.3705206639870078,1.4208560805028216,1.6162816771325739,0.27466140402945033,-0.7675804715032832,-0.0383915795671568,-1.310039100509849,-0.32545016199955484,-1.2072347374551127,0.4385119799904728,-1.2723877257663159,-0.013621512950974841,-1.0274598757778408,1.8956260562479939,1.5193491381752957,-1.0575540561790258,0.2620380836781764,1.050470656422073,-1.9262569618021381,0.405987883108794,2.076629075637307,-1.0685239522715209,2.022264635666752,-0.3105530442609496,-0.4552289906853639,-1.7103770928510682,-0.1480007190001829
-1.009545312110318,0.9241326085844636,-0.44935059347329004,0.6469012032710899,-0.6128581800359116,-0.9722223272325097,0.6836253517461122,-0.4264399142384178,1.0644344944638617,-1.0634876941610951,-0.08166587239755878,-0.8810936346296553,-0.10891633224737023,0.6883711641722373,-0.09524554552556147,-1.3160003293875837,1.1549400767347402,-0.48496215740934606,-0.9383589424826051,0.21284061837522358,0.4630857236626322,0.8200943647166032,-0.1429603373045348,1.0543583328739325,0.4220346763942434,0.8031934982099652,1.1033137101416344,-0.37443165045532095,1.3311157906457898,-1.9911966805225534,-1.0575540561790258,1.1975643659211541,-0.1837310408566476,-0.3714348848918501,1.084080494282341,-0.6084127394948248,-2.0815161893732403,0.2845755655659464,-1.3503214159296355,0.22292002741620612,0.8102311902511433,1.946411932914248,1.012061289490794
0.07154853145361205,-0.07695076706408957,-0.11934374348846068,-0.03891525135115006,0.19508735386565804,0.2782267798199784,-0.10226717983090303,0.07253537797169413,0.08312905467160477,0.08528783269743687,0.10966797157346947,0.36346483337585184,0.25378216584627505,-0.04909543092497642,0.005020088189900488,0.06596265076298849,-0.23695259821360173,0.24359023647385628,0.27821467141404665,0.046199025580276554,-0.13217618820591048,-0.008920957412320464,-0.22288139867710216,-0.05852908014518452,-0.2069961088041522,0.07241608562898631,-0.22007621947445125,-0.0012364425259269972,-0.17898860193674593,0.32888062279147806,0.2620380836781764,-0.1837310408566476,0.045196905080074144,0.1801290864868585,-0.3314722757571976,0.07096408091475336,0.35999435068947594,-0.18295451355849654,0.3486084968639864,-0.05357982346651538,-0.07994220395128415,-0.2971751562403864,-0.02816026295766189
-0.2902370384168133,0.18274275096227693,-1.2238015454047035,0.2361655239636474,0.9217746543908676,1.2359944288588176,-0.1931003284891785,0.18374560919755106,1.4540476821403545,-0.2339501433592336,0.7286137987993003,1.9260750038693069,1.7501823699277839,0.19566443695723926,-0.03990801153103455,-0.5760281905177531,-0.7908846469017472,1.3753281495128522,1.2630171953181963,0.5048819259198501,-0.5862053909991513,0.5919847563258028,-1.7281145237706603,0.4203749552526207,-1.1607674773361765,1.1673332633481592,-0.7100322621112551,-0.3087237074538943,-0.2301761297063331,0.7869293688900345,1.050470656422073,-0.3714348848918501,0.1801290864868585,1.0067613771935728,-1.5319352605908225,0.02667997269637867,0.939882239768165,-1.0967574517172045,1.442850172850581,-0.2094461969159721,0.06989454764060114,-0.5932355335405184,0.6063814749378789
-0.10469381988079213,0.2070651234818331,1.4214294150200575,-2.3080169688825502e-4,-1.5360763611399577,-2.13331645339215,0.593446093436156,-0.45507298308397626,-1.429277055286547,-0.20656664473142758,-1.0171262967214199,-3.014231250155984,-2.4005313318676795,0.07439634486170633,0.006927879170765829,0.12865524621745827,1.6257589759896705,-2.081789629731325,-2.152996855541322,-0.5729822962498021,1.012761031042825,-0.3926852436484936,2.2477037607222994,-0.047918290760430055,1.7632427317960693,-1.1725819220157085,1.4920643073890003,0.23084639930918394,0.9599872916616247,-2.029625732275965,-1.9262569618021381,1.084080494282341,-0.3314722757571976,-1.5319352605908225,2.5849595093166595,-0.3334659727004943,-2.278947219471635,1.6101343291263277,-2.595725375830689,0.38996894385236835,0.3026826800503482,1.7479548501466147,-0.3180758418300035
0.6225395119595531,-0.5547961311713158,0.4760199552864291,-0.4080314887226101,0.17838526201525037,0.32410982906284613,-0.3507489794221481,0.2072933749165601,-0.8650208264566162,0.6427538366800506,-0.08631940314694313,0.1472692287551109,-0.2565877040707318,-0.42408206403241094,0.06100809649864676,0.8474411129890325,-0.5081266403218347,0.023778060434360492,0.30008811734466717,-0.21188067937220426,-0.15483822528044958,-0.5704487526342548,0.39473713320123205,-0.6714811527910678,-0.0272529065070343,-0.6654669621868089,-0.49368143850384383,0.2674354881230803,-0.7094640796744218,0.9808382846792938,0.405987883108794,-0.6084127394948248,0.07096408091475336,0.02667997269637867,-0.3334659727004943,0.3385452488007735,1.0040189529465142,0.03869915691486503,0.4999179282885738,-0.08775584535094128,-0.47000164966304736,-0.990764445686906,-0.681410922572981
1.5555605308503724,-1.4513268296508268,0.33107537193321934,-0.9802088896365502,1.3067367610754927,1.9982836742015302,-1.1819736087330792,0.7581984659735614,-1.2611989035385822,1.6623717189622604,0.37408329891567127,2.077004708660649,0.7558595262228227,-1.0614213982079526,0.14262166051976927,1.9625085211807172,-2.150241620935079,1.2472449126192617,1.9518150310234819,-0.18150162808745182,-0.9509870896971181,-1.1460658130181505,-0.33657090242895843,-1.5859052433663468,-1.0734881655701758,-0.9285074260673049,-2.0391057289433716,0.5105707802631644,-2.253351799045612,3.516848201332383,2.076629075637307,-2.0815161893732403,0.35999435068947594,0.939882239768165,-2.278947219471635,1.0040189529465142,3.715074486902462,-0.8275079418630135,2.6850338897147337,-0.43377664157015483,-1.3022621418283382,-3.3796630076670495,-1.455320045576226
0.44259524825985275,-0.3113324943059253,1.4351858226700003,-0.3403768554740735,-0.9732922794629136,-1.288041301825631,0.14103379540378982,-0.15956822557518668,-1.765264683059797,0.3850327227484098,-0.8149330014649526,-2.0789493160632944,-1.967405092609563,-0.2992582359097534,0.055925181316376825,0.800564513562656,0.7638655962530021,-1.5008129426153076,-1.3224421316812514,-0.5951977804752655,0.6106658291092874,-0.7624722819990071,1.9709579008744904,-0.5948753376354781,1.2652345731421268,-1.4113699350445836,0.6782532628453677,0.3916053037103645,0.10967014775437557,-0.6647189316387376,-1.0685239522715209,0.2845755655659464,-0.18295451355849654,-1.0967574517172045,1.6101343291263277,0.03869915691486503,-0.8275079418630135,1.2083907439104606,-1.4792233768925387,0.2116802816318984,-0.17078836548544502,0.45069054451564783,-0.8004899636291452
0.4453101939540572,-0.5028986827212514,-1.0590592250189323,-0.22770884873245847,1.531448337862264,2.1695394393742236,-0.7490838621005741,0.5399665587873246,0.8490970871263918,0.5515703710639805,0.8998698444398388,2.8918679029955525,2.09424977290302,-0.30620662253289765,0.027628608528573118,0.3534266566342092,-1.7992236208432624,1.9537436567181476,2.1744553768462227,0.4157352902679166,-1.0304918869889272,0.04739985924903926,-1.8746257199952103,-0.3304016952524981,-1.6587656346505975,0.7212734752742077,-1.666537758418817,-0.06579225616174525,-1.2910781697448446,2.439689077199425,2.022264635666752,-1.3503214159296355,0.3486084968639864,1.442850172850581,-2.595725375830689,0.4999179282885738,2.6850338897147337,-1.4792233768925387,2.698766670351406,-0.4125070823218494,-0.5446611450378005,-2.1826667201811603,-0.08413304785158265
-0.09296946043826329,0.09815510706744131,0.1308807591044707,0.051672624021016564,-0.22922682882456374,-0.3280295948774742,0.12427181862826456,-0.08748110480423876,-0.08264299204332996,-0.10923336362793083,-0.12587861933026612,-0.4241164269085079,-0.29038986087809526,0.06374694120823256,-0.006798199389478021,-0.09007954204878542,0.2830742573575685,-0.2830422582733112,-0.32763370231961875,-0.050225027775449245,0.15585102057671968,0.019464448674392665,0.2523270368181293,0.0786423319557092,0.2406335000856578,-0.07340219844066957,0.26325995851547873,-0.0028364461134518697,0.21903403082813225,-0.39730220494888996,-0.3105530442609496,0.22292002741620612,-0.05357982346651538,-0.2094461969159721,0.38996894385236835,-0.08775584535094128,-0.43377664157015483,0.2116802816318984,-0.4125070823218494,0.06357669673632657,0.10027213374512708,0.3606727293671209,0.043560567115312185
-0.9003912552201696,0.7943345826676276,-0.7951154192702812,0.5950396408302355,-0.15103852714731802,-0.32112485973401284,0.4693397317686658,-0.2699678686620535,1.3629380663283863,-0.9226381075773237,0.19811472995038756,-6.749839038625431e-4,0.5446686015552006,0.613134947006266,-0.0894614975414999,-1.2449321216304818,0.6255194880541032,0.11318385984731681,-0.28469308751859124,0.3496744013314871,0.1538634659024237,0.8597549713675458,-0.7352750613768786,0.9826026849589419,-0.08549093007097126,1.0537103189125105,0.6139505912442503,-0.4063890920160677,0.9663981126416528,-1.2861660897577265,-0.4552289906853639,0.8102311902511433,-0.07994220395128415,0.06989454764060114,0.3026826800503482,-0.47000164966304736,-1.3022621418283382,-0.17078836548544502,-0.5446611450378005,0.10027213374512708,0.6638901426786834,1.3206402043134189,1.0162716067784412
-1.6478988089153266,1.5075016839071511,-0.7463249087937751,1.0565254188454336,-0.987496107735182,-1.569196886688875,1.1113166569891826,-0.692492211946352,1.75096516182987,-1.7350989230855733,-0.12448104104226129,-1.4126681941792134,-0.1568970748520238,1.1236241052194926,-0.15561062309758,-2.150445756967043,1.8720522614021147,-0.7738531352651732,-1.513726555296828,0.3526245007711704,0.7474704261372132,1.3428318051788606,-0.2531325977291151,1.722417786491993,0.6738611479792864,1.3220431157704293,1.7889027495660148,-0.6135454751408733,2.1656292738220966,-3.234331584939101,-1.7103770928510682,1.946411932914248,-0.2971751562403864,-0.5932355335405184,1.7479548501466147,-0.990764445686906,-3.3796630076670495,0.45069054451564783,-2.1826667201811603,0.3606727293671209,1.3206402043134189,3.163663748440368,1.6556972182210747
-1.4759632111517098,1.2654805357241008,-1.7868368193719446,0.9975849940192475,0.23733652235423086,0.14293146130859585,0.5972783607245528,-0.30724423674706125,2.7412285026525254,-1.4807248411538914,0.6569267135874433,0.9614398134062264,1.6796616323350908,1.0040884518228281,-0.15218351515375939,-2.1280621786168528,0.5294335913889123,0.8545422386607757,0.21028948727464195,0.7691639885193863,-0.06548393355635636,1.5666755682189641,-1.950385750456682,1.6625160438782847,-0.7063929911005868,2.1408719396803066,0.5527340799136105,-0.754980774839584,1.3134846154331348,-1.507955868878089,-0.1480007190001829,1.012061289490794,-0.02816026295766189,0.6063814749378789,-0.3180758418300035,-0.681410922572981,-1.455320045576226,-0.8004899636291452,-0.08413304785158265,0.043560567115312185,1.0162716067784412,1.6556972182210747,1.8052305629361858
