V1,V2,V3,V4,V5,V6,V7,V8,V9,V10,V11,V12,V13,V14,V15,V16,V17,V18,V19,V20,V21,V22,V23,V24,V25,V26,V27,V28,V29,V30,V31,V32,V33,V34,V35,V36,V37,V38,V39,V40,V41,V42,V43
4.600931499388626,-0.14675167811912246,-2.240616097551824,2.999973629978298,-2.1938969630566914,3.0343740900325584,-3.142770041620536,0.008327826966802293,5.0402953162201944,3.3509264589620558,1.2932086247527361,-0.7725603843991389,2.84262340497655,0.4116871104645684,-0.5223849716064569,2.454267865772119,4.827913677579871,3.4847077129895023,-0.35508861249448537,-1.2662224640946704,4.43321291378545,-0.09257725685558091,1.8544774456366508,0.9830911345604937,7.216626374203399,1.8190892527366396,2.5114588651243155,1.3414583520263332,-0.2769765824270073,-0.24799735262280542,3.1301535048376063,-2.212997188547078,-2.3678216699997843,-4.434154986775247,-0.26969158016420475,-0.9115781461287286,4.8408932885307525,3.115262714867244,5.339266825748141,-1.4437969968346211,-0.12758652561644973,0.42506572578847507,-2.8722729355746885
-0.14675167811912246,0.007427231617110316,0.10926008030998582,-0.1205322834729887,0.09201641596255256,-0.1268567373977404,0.07018671771197608,0.0911706296013584,-0.20297350963906216,-0.08329590522160216,-0.064093388907663,0.09797828641168502,-0.1215628154288223,-0.043381231493500066,0.0046644544702619676,0.013527464980212192,-0.14513391475765997,-0.20394144247562374,0.06243118803228694,0.0802819968735965,-0.12601715237928515,0.001966941877875386,-0.09750238340526007,-0.033794429395870317,-0.3367232603125487,-0.11886933942378769,-0.04977822234696894,2.992521490027618e-4,0.025785366588555785,0.005978513219505285,-0.14041745538931677,0.04446133468953654,0.07579358789370295,0.14191024250092743,0.06740939772221538,-0.011008583286327428,-0.1646454589814902,-0.13472263202586995,-0.18239753227710792,0.007024526159499721,0.01615430221723818,-0.02580800954488669,0.03079351927108959
-2.240616097551824,0.10926008030998582,1.7296949734177984,-1.8848298556575769,1.4275651151833564,-1.990057063719203,1.0211633736569283,1.5131370140836837,-3.1666324786735736,-1.248709643270731,-1.009585433740449,1.5971085455768577,-1.907869100149825,-0.6954210418005695,0.04249258075927269,0.32667277437141623,-2.213464393911119,-3.2535351985975414,1.0207958047541934,1.2936577333755541,-1.902711461893413,0.022099818322782048,-1.553503264997898,-0.5257785463373822,-5.308108493515741,-1.9061419957459502,-0.7278700287308558,0.06301119297345198,0.4191215965222989,0.09039068837006413,-2.1970374060649345,0.6391060392061022,1.1646080680998607,2.1756947740140613,1.1071227958113756,-0.22831085596385403,-2.5429877776656067,-2.10857915645163,-2.8089643219773737,0.0541737437941028,0.26407024680726454,-0.42002950572390374,0.4002531833155494
2.999973629978298,-0.1205322834729887,-1.8848298556575769,2.237668206048895,-1.6684220908314595,2.318893368867165,-1.7110465522656588,-1.000680309483035,3.7590864432143585,1.931180072599856,1.0951486043784653,-1.3135365061416493,2.2011619325089624,0.5963981584840449,-0.19954364839610608,0.5912974359679597,3.0569788324411133,3.3049741086032456,-0.7937496661058406,-1.275197895020514,2.720636693000841,-0.045029500504014844,1.6410131420638616,0.6724085697483189,5.896109048593384,1.8629790016102636,1.3094436319828116,0.39963154340694645,-0.3691186976935665,-0.14162854314599893,2.4871342755754626,-1.1519990065260144,-1.5517763719977566,-2.9023048819584427,-0.8229302610192933,-0.14836766140665672,3.2801204921543166,2.4237118223990586,3.62027531531257,-0.5111744234767646,-0.21710515408633907,0.41869231289727976,-1.2111741772387967
-2.1938969630566914,0.09201641596255256,1.4275651151833564,-1.6684220908314595,1.2495449883508538,-1.7345409440434083,1.2122444103866605,0.8523437959052229,-2.8040182903662862,-1.3806430966455268,-0.8308840705722519,1.0570040889662673,-1.649737879696962,-0.4763848430343493,0.13090509759702387,-0.31088791199283006,-2.2234892645905404,-2.538349015552793,0.6479846363803445,0.984273816253146,-1.969478726864837,0.03153549496252076,-1.2498353865512595,-0.494690190324808,-4.450514669548273,-1.4423063372800473,-0.917285112361562,-0.23547929388221459,0.29237341378055354,0.10091226178877151,-1.8721708894159228,0.8080741242355688,1.1348703458301337,2.1226816073287074,0.6792697092487683,0.05598684789336976,-2.4112107614993046,-1.8187484798476024,-2.662810097065945,0.32202892739562244,0.17470880903252625,-0.32201597748614236,0.8047536486135105
3.0343740900325584,-0.1268567373977404,-1.990057063719203,2.318893368867165,-1.7345409440434083,2.4127113833683347,-1.6639632138524192,-1.2107513214879926,3.8954322752990493,1.9032068243235112,1.1574477103338983,-1.4884667358821335,2.2950730496904175,0.6680122638377336,-0.17396427857688557,0.3989617629166996,3.07403753927076,3.546683893913936,-0.9138749397505848,-1.378577168695859,2.718300465921727,-0.042484865105453073,1.7449935788861453,0.6863148258371518,6.198712730964877,2.0179077206128313,1.259666005334958,0.31041534737829773,-0.41059395157266293,-0.13928750292555622,2.603767257565835,-1.1077987531564173,-1.5711282315578368,-2.937676867471616,-0.9600345947008083,-0.06209435742047913,3.342080004761803,2.528971170496207,3.689252186504448,-0.4320962252086988,-0.24598569093442044,0.45136450448213516,-1.0944625931434255
-3.142770041620536,0.07018671771197608,1.0211633736569283,-1.7110465522656588,1.2122444103866605,-1.6639632138524192,2.553048321655399,-1.215613736039919,-2.874914475478227,-2.5944037346689104,-0.5804654018706018,-0.44595743528847787,-1.524082761458091,0.11340802158520859,0.5259660089659534,-2.8900860668352495,-3.4075191100869207,-1.13884425557106,-0.43361315430787156,0.32484868532586103,-3.2325569313211076,0.08164392113915175,-0.747918120469149,-0.6339487819357231,-3.4987837734889444,-0.42882288780864103,-2.110322442901386,-1.487555874565931,-0.03750265732761979,0.1936066869267259,-1.6016841222492146,1.861474478770666,1.6081451084188778,3.0157619478924205,-0.5939478818447835,1.1588515937642956,-3.1585739337268297,-1.656221655628399,-3.480509434341414,1.5037511288753351,-0.07390334389307773,-0.12035947252159036,2.758144538069947
0.008327826966802293,0.0911706296013584,1.5131370140836837,-1.000680309483035,0.8523437959052229,-1.2107513214879926,-1.215613736039919,3.61115442124783,-1.6829802677003516,0.9200426220370466,-0.9013700123405715,2.9035192633429805,-1.2384001303954324,-1.1788064137201182,-0.502355129558518,3.6276639861291535,0.33841215610440467,-3.6946362290218238,2.017685428755084,1.6057098164677308,0.6175062369553274,-0.054153218941098244,-1.5414225434826059,-0.108836402705323,-4.249808815241957,-2.42310123843507,1.1848157049366,1.707098172626247,0.6757826669081782,-0.07317131662044182,-1.5952675302619823,-1.0471473544024632,0.021654191857860928,0.02886974248572138,2.3218579999512268,-1.6001383379163239,-0.42895359017542684,-1.400974979762804,-0.48520437628547086,-1.547561369912645,0.48017960230132034,-0.5043654851876613,-2.384516987825697
5.0402953162201944,-0.20297350963906216,-3.1666324786735736,3.7590864432143585,-2.8040182903662862,3.8954322752990493,-2.874914475478227,-1.6829802677003516,6.3156563420532335,3.243509400033179,1.8402815945924444,-2.2079309971528076,3.697878319960816,1.0030499587045265,-0.33604169146498,0.9912760859638993,5.135315574212449,5.5532912189860975,-1.3346280485155781,-2.142081770974979,4.570805058730854,-0.07581338575964731,2.7568185161516214,1.1293650617971585,9.905997770265328,3.1306066330488838,2.1989493410804917,0.6706991020357705,-0.6204160129201743,-0.23778159088867898,4.17929080240309,-1.9351869415503813,-2.6067059242676676,-4.875698511028374,-1.3837208786177233,-0.2489441694883948,5.509928132885124,4.072366362933155,6.081920048659889,-0.8579050385652538,-0.36497799258565505,0.7031697511899245,-2.0328274441866685
3.3509264589620558,-0.08329590522160216,-1.248709643270731,1.931180072599856,-1.3806430966455268,1.9032068243235112,-2.5944037346689104,0.9200426220370466,3.243509400033179,2.6725118146408753,0.7132397600064757,0.17225536664019175,1.756416103068723,8.082652944336671e-4,-0.5064093621553185,2.7048825212364105,3.6002891861640096,1.6024668231315249,0.2523350150757015,-0.5163231906504879,3.382902331420398,-0.08093875831166328,0.9606994498492338,0.6884001225969559,4.179136759184182,0.711336570853901,2.128365883645607,1.4083967832345485,-0.030599488485059004,-0.1991583535730066,1.8746264006288738,-1.8755629210263387,-1.7183970127172334,-3.2207173964688356,0.39130469494574954,-1.0680136605480473,3.416171291965383,1.9132750074447205,3.7641156454862936,-1.442754670145102,0.028612125158215696,0.18229882367589503,-2.6950212170250274
1.2932086247527361,-0.064093388907663,-1.009585433740449,1.0951486043784653,-0.8308840705722519,1.1574477103338983,-0.5804654018706018,-0.9013700123405715,1.8402815945924444,0.7132397600064757,0.589681655470893,-0.9441770158967292,1.1103410384883572,0.4108486160464707,-0.021195395658405093,-0.21679314985774345,1.2745796509855314,1.9058222370258269,-0.604878982840273,-0.7584970195885306,1.0935172671501088,-0.012536751811893083,0.9079834870856777,0.30405038189449907,3.0955867608409178,1.1185714824449553,0.41059798206326265,-0.049566574707586686,-0.24709215516889022,-0.051525689066661384,1.2805010464299726,-0.3609659064938571,-0.6720858593553027,-1.255629754256939,-0.6569814661452879,0.1438572006670013,1.4704012226097058,1.2277190329772145,1.6247151780369267,-0.019256214789018445,-0.15607728560853845,0.24593034091023944,-0.2120431915925494
-0.7725603843991389,0.09797828641168502,1.5971085455768577,-1.3135365061416493,1.0570040889662673,-1.4884667358821335,-0.44595743528847787,2.9035192633429805,-2.2079309971528076,0.17225536664019175,-0.9441770158967292,2.4667109158619533,-1.4781233588705376,-1.0177680760832728,-0.31614652422803513,2.5023397887691416,-0.5457737604240801,-3.5628813346745667,1.6832208654101108,1.506723938390062,-0.2540557098572257,-0.028019600313283086,-1.554554771048577,-0.2542726870943922,-4.6420112182793005,-2.257615760504571,0.5274834918800058,1.1460974612844703,0.5905871365557042,-0.016788949740315025,-1.8134951066499025,-0.46766202168601234,0.41869743654055325,0.774488078168022,1.9134440819080072,-1.1330245487609976,-1.1655600203389154,-1.654816203522214,-1.295009221004699,-1.0003160868420211,0.4078898397697816,-0.47798989879922543,-1.4312492420759657
2.84262340497655,-0.1215628154288223,-1.907869100149825,2.2011619325089624,-1.649737879696962,2.2950730496904175,-1.524082761458091,-1.2384001303954324,3.697878319960816,1.756416103068723,1.1103410384883572,-1.4781233588705376,2.1857150358248014,0.6599307947331379,-0.1487303126762236,0.2691214046579393,2.870140974539701,3.42903345473125,-0.9143829149208328,-1.3375914232690924,2.5289811339125516,-0.03823151376984969,1.6790404284231193,0.6460555401225604,5.929449815840231,1.96026809166939,1.1459145365290653,0.24163600953914538,-0.4041699989454978,-0.12835684316844964,2.485367515866468,-1.0077317020223264,-1.4725007467463145,-2.752966570688916,-0.9663298517034717,-0.012167484860946513,3.143202592432247,2.4096334685706613,3.470215887955183,-0.36014418668396386,-0.24429184399050916,0.4373009703031626,-0.9564490935490473
0.4116871104645684,-0.043381231493500066,-0.6954210418005695,0.5963981584840449,-0.4763848430343493,0.6680122638377336,0.11340802158520859,-1.1788064137201182,1.0030499587045265,8.082652944336671e-4,0.4108486160464707,-1.0177680760832728,0.6599307947331379,0.4225197213665473,0.1163127368726608,-0.9640944927599987,0.323822494670017,1.5197579936482255,-0.6911033527046182,-0.637713482458472,0.19768496042701503,0.009138322486215428,0.6697276382698429,0.1237675575177382,2.0366422383293914,0.9548235025010324,-0.1612185561263567,-0.4367380101048918,-0.24562222793271551,0.001664791052694217,0.8029995137453091,0.14250198480283538,-0.21998477493583857,-0.40834117308928736,-0.7826612233782577,0.4401747323162879,0.5752030027612937,0.737936609876882,0.6388983690183473,0.37551703598372127,-0.1682750890341002,0.2025395945324138,0.5208304337750878
-0.5223849716064569,0.0046644544702619676,0.04249258075927269,-0.19954364839610608,0.13090509759702387,-0.17396427857688557,0.5259660089659534,-0.502355129558518,-0.33604169146498,-0.5064093621553185,-0.021195395658405093,-0.31614652422803513,-0.1487303126762236,0.1163127368726608,0.130460100703603,-0.7812131846646668,-0.5929945170438998,0.12005657022786902,-0.23986572683849933,-0.08124268280441187,-0.5881324569759917,0.018432637153351857,0.005464768616348679,-0.09560165499192377,-0.22430903971332694,0.13131322402584902,-0.4482339242683466,-0.3891470911983849,-0.062618033031565,0.038050232612906694,-0.13297123369044156,0.396482195667476,0.2645078410730835,0.4975077188063641,-0.2918391423888848,0.32614227302823173,-0.4870213252137381,-0.15780778177697977,-0.5363818990288708,0.37829144840833945,-0.05227387088654756,0.02274754786966978,0.6551196138473633
2.454267865772119,0.013527464980212192,0.32667277437141623,0.5912974359679597,-0.31088791199283006,0.3989617629166996,-2.8900860668352495,3.6276639861291535,0.9912760859638993,2.7048825212364105,-0.21679314985774345,2.5023397887691416,0.2691214046579393,-0.9640944927599987,-0.7812131846646668,4.945024210656337,2.906330894719885,-1.8539339707757456,1.8357982252103562,0.937391104984352,2.9761988672862025,-0.1038008090883426,-0.5602302540687181,0.4135373201502752,-0.4263354281243006,-1.4640929314292506,2.5240574742660242,2.425949122896175,0.5309697515383567,-0.20533472302705055,0.0636342838866554,-2.2271847034171213,-1.2371887403898332,-2.3285036000502495,2.1861860751412965,-2.08993954373839,2.143804557765311,0.2506785686666288,2.3521081589362685,-2.3206751910312065,0.41401118452076785,-0.2799877868245595,-3.9200188164563987
4.827913677579871,-0.14513391475765997,-2.213464393911119,3.0569788324411133,-2.2234892645905404,3.07403753927076,-3.4075191100869207,0.33841215610440467,5.135315574212449,3.6002891861640096,1.2745796509855314,-0.5457737604240801,2.870140974539701,0.323822494670017,-0.5929945170438998,2.906330894719885,5.096832752456763,3.319949917296977,-0.18830731012126223,-1.18298093347347,4.707473123695278,-0.10171208628254355,1.8059470202721695,1.0219376020872384,7.185419929836459,1.6880094296454513,2.7436592854411685,1.563174099272026,-0.22905564502273817,-0.26699499976551055,3.1384293635313054,-2.4170960209820773,-2.4827494464438025,-4.650129369178237,-0.07099392635812554,-1.1019909726854564,5.0409163335458445,3.14090060012879,5.558125162679581,-1.6560758412002228,-0.09010249157446758,0.4005615196931991,-3.2320048804385006
3.4847077129895023,-0.20394144247562374,-3.2535351985975414,3.3049741086032456,-2.538349015552793,3.546683893913936,-1.13884425557106,-3.6946362290218238,5.5532912189860975,1.6024668231315249,1.9058222370258269,-3.5628813346745667,3.42903345473125,1.5197579936482255,0.12005657022786902,-1.8539339707757456,3.319949917296977,6.434583426739824,-2.3373256545136534,-2.6091259628596957,2.73282827010106,-0.014282383147333431,2.9897259888319847,0.8587646797498618,9.838567803783285,3.865728754247228,0.6935521574885061,-0.7311997868657203,-0.9030767110239379,-0.11354809901081313,4.011587652480809,-0.606514149160134,-1.8208474083557178,-3.397334348662939,-2.584424478765203,0.948748763897574,4.117375970571479,3.8017956160903053,4.552373912353371,0.48967187452094646,-0.5891192051921696,0.8407998465426229,0.2614063074047028
-0.35508861249448537,0.06243118803228694,1.0207958047541934,-0.7937496661058406,0.6479846363803445,-0.9138749397505848,-0.43361315430787156,2.017685428755084,-1.3346280485155781,0.2523350150757015,-0.604878982840273,1.6832208654101108,-0.9143829149208328,-0.6911033527046182,-0.23986572683849933,1.8357982252103562,-0.18830731012126223,-2.3373256545136534,1.1555977000782787,0.9963907820718652,-0.0015537841421132028,-0.023236024429885777,-1.0063709290086982,-0.13771303866333717,-2.939255880604836,-1.4965681172283176,0.46586300042472034,0.8492847273481973,0.39948244972205876,-0.021522714085759467,-1.1363267316311405,-0.41229113494923564,0.19724952971106333,0.36271709582865974,1.318723367129902,-0.8229987560973773,-0.6180232631862058,-1.026548401677119,-0.6885925934241748,-0.7522611257812969,0.27834066932659673,-0.31511249995712676,-1.10829934561297
-1.2662224640946704,0.0802819968735965,1.2936577333755541,-1.275197895020514,0.984273816253146,-1.378577168695859,0.32484868532586103,1.6057098164677308,-2.142081770974979,-0.5163231906504879,-0.7584970195885306,1.506723938390062,-1.3375914232690924,-0.637713482458472,-0.08124268280441187,0.937391104984352,-1.18298093347347,-2.6091259628596957,0.9963907820718652,1.0665099820582427,-0.9484978603987383,9.102577572326479e-4,-1.2000006821560367,-0.3205750685123989,-3.887909784894865,-1.5821959265934096,-0.16654362972209472,0.3900671158546497,0.3776115363958003,0.0360953438828798,-1.5744608747605657,0.1440799964878887,0.6640464748939697,1.2377007555961475,1.108312182910333,-0.46170990017393265,-1.5292742763364497,-1.4843986649841845,-1.6910302781617659,-0.29046863851022386,0.2491078685825266,-0.3429265699031682,-0.2674648591661586
4.43321291378545,-0.12601715237928515,-1.902711461893413,2.720636693000841,-1.969478726864837,2.718300465921727,-3.2325569313211076,0.6175062369553274,4.570805058730854,3.382902331420398,1.0935172671501088,-0.2540557098572257,2.5289811339125516,0.19768496042701503,-0.5881324569759917,2.9761988672862025,4.707473123695278,2.73282827010106,-0.0015537841421132028,-0.9484978603987383,4.374533510577322,-0.09822503632370001,1.5259420162082535,0.9285414333305319,6.2336678651518325,1.3432062524920148,2.619043323483378,1.580256332438907,-0.15281124890822065,-0.25119908437771915,2.745814909477162,-2.308385625234151,-2.2770789732906946,-4.266155260870195,0.13215950926395947,-1.1482359678894736,4.590287679022951,2.764231755517216,5.060977547368316,-1.6517926392636604,-0.04183963175481768,0.3242370227946185,-3.1689601533487606
-0.09257725685558091,0.001966941877875386,0.022099818322782048,-0.045029500504014844,0.03153549496252076,-0.042484865105453073,0.08164392113915175,-0.054153218941098244,-0.07581338575964731,-0.08093875831166328,-0.012536751811893083,-0.028019600313283086,-0.03823151376984969,0.009138322486215428,0.018432637153351857,-0.1038008090883426,-0.10171208628254355,-0.014282383147333431,-0.023236024429885777,9.102577572326479e-4,-0.09822503632370001,0.0034098500891407892,-0.013884696173386401,-0.01779531729270014,-0.08093031798420035,2.3714622180358235e-4,-0.0678362151325677,-0.0526227804608407,-0.004940251148267994,0.006043328916163613,-0.03918594873890983,0.060486210742597794,0.04691643103758282,0.08850740625209023,-0.029115417095243217,0.04243850926450663,-0.09060715123697878,-0.04154892933737967,-0.09985130228481827,0.0526272050618116,-0.004666135687124552,-5.688348089966291e-4,0.0931733319650581
1.8544774456366508,-0.09750238340526007,-1.553503264997898,1.6410131420638616,-1.2498353865512595,1.7449935788861453,-0.747918120469149,-1.5414225434826059,2.7568185161516214,0.9606994498492338,0.9079834870856777,-1.554554771048577,1.6790404284231193,0.6697276382698429,0.005464768616348679,-0.5602302540687181,1.8059470202721695,2.9897259888319847,-1.0063709290086982,-1.2000006821560367,1.5259420162082535,-0.013884696173386401,1.4100005734518875,0.4442361528831277,4.735646666270582,1.7721903012024876,0.5082341941904758,-0.18863062788885873,-0.4010430326712183,-0.0690652068498778,1.9465779009120576,-0.4453364833613971,-0.9662156081262,-1.8040403300447252,-1.1022630648437794,0.3171906956686791,2.1404483766815696,1.857988327609433,2.3648376862782357,0.07873744320567014,-0.2570613837279547,0.3883998298604133,-0.14128900546984527
0.9830911345604937,-0.033794429395870317,-0.5257785463373822,0.6724085697483189,-0.494690190324808,0.6863148258371518,-0.6339487819357231,-0.108836402705323,1.1293650617971585,0.6884001225969559,0.30405038189449907,-0.2542726870943922,0.6460555401225604,0.1237675575177382,-0.09560165499192377,0.4135373201502752,1.0219376020872384,0.8587646797498618,-0.13771303866333717,-0.3205750685123989,0.9285414333305319,-0.01779531729270014,0.4442361528831277,0.2137734594557259,1.6738696029092341,0.4635138503550694,0.5008615798964348,0.23433391859733996,-0.08004925767591736,-0.050846607101883885,0.7178645928140992,-0.4406648613165313,-0.5070830053958945,-0.9489578240896819,-0.1287377486083448,-0.14549104950021027,1.0485259152583293,0.7089722683602558,1.1564505228551285,-0.26111529047186716,-0.04202444972902397,0.10674603232305187,-0.5413875756493667
7.216626374203399,-0.3367232603125487,-5.308108493515741,5.896109048593384,-4.450514669548273,6.198712730964877,-3.4987837734889444,-4.249808815241957,9.905997770265328,4.179136759184182,3.0955867608409178,-4.6420112182793005,5.929449815840231,2.0366422383293914,-0.22430903971332694,-0.4263354281243006,7.185419929836459,9.838567803783285,-2.939255880604836,-3.887909784894865,6.2336678651518325,-0.08093031798420035,4.735646666270582,1.6738696029092341,16.358399789681485,5.719433755077692,2.547601291627697,0.0915339453293015,-1.2329617112490698,-0.3035709072069169,6.799884999117911,-2.2390293308046445,-3.7460374525365667,-7.000409023672449,-3.1646025774194277,0.4586387060218742,8.11374666195078,6.548102995408053,8.96123941120727,-0.4414262608774454,-0.7673670072993882,1.2647865115187682,-1.6993995990914907
1.8190892527366396,-0.11886933942378769,-1.9061419957459502,1.8629790016102636,-1.4423063372800473,2.0179077206128313,-0.42882288780864103,-2.42310123843507,3.1306066330488838,0.711336570853901,1.1185714824449553,-2.257615760504571,1.96026809166939,0.9548235025010324,0.13131322402584902,-1.4640929314292506,1.6880094296454513,3.865728754247228,-1.4965681172283176,-1.5821959265934096,1.3432062524920148,2.3714622180358235e-4,1.7721903012024876,0.4635138503550694,5.719433755077692,2.35037585984784,0.2005219227000766,-0.6151398521875299,-0.5641889964778313,-0.04930626763910773,2.313219064264451,-0.17365025691630917,-0.9541390706869958,-1.7785360025347134,-1.6670261046252501,0.7141561260807947,2.209185000583534,2.17717561544508,2.4441024576154464,0.46740702436335824,-0.3733445469070615,0.5082009924101095,0.4623259273459813
2.5114588651243155,-0.04977822234696894,-0.7278700287308558,1.3094436319828116,-0.917285112361562,1.259666005334958,-2.110322442901386,1.1848157049366,2.1989493410804917,2.128365883645607,0.41059798206326265,0.5274834918800058,1.1459145365290653,-0.1612185561263567,-0.4482339242683466,2.5240574742660242,2.7436592854411685,0.6935521574885061,0.46586300042472034,-0.16654362972209472,2.619043323483378,-0.0678362151325677,0.5082341941904758,0.5008615798964348,2.547601291627697,0.2005219227000766,1.7571352779552893,1.2893218405853515,0.06969752594488604,-0.15924453182755338,1.1853674034645059,-1.5486490877616133,-1.284434348762746,-2.4088572794998426,0.6118245284034739,-1.0196293069319677,2.500349509492907,1.2410570612189649,2.7532701792551895,-1.2930383077655843,0.08730458309785133,0.06748084609151092,-2.3461959165662107
1.3414583520263332,2.992521490027618e-4,0.06301119297345198,0.39963154340694645,-0.23547929388221459,0.31041534737829773,-1.487555874565931,1.707098172626247,0.6706991020357705,1.4083967832345485,-0.049566574707586686,1.1460974612844703,0.24163600953914538,-0.4367380101048918,-0.3891470911983849,2.425949122896175,1.563174099272026,-0.7311997868657203,0.8492847273481973,0.3900671158546497,1.580256332438907,-0.0526227804608407,-0.18863062788885873,0.23433391859733996,0.0915339453293015,-0.6151398521875299,1.2893218405853515,1.195869663772993,0.23858326021580079,-0.10662284533854986,0.15689827245006327,-1.1377190230852856,-0.6780331007849589,-1.27538558579596,1.0175933836942,-1.0204006892915172,1.204689315057799,0.24423356630059828,1.3230271320851164,-1.1503370786354015,0.18957839444302862,-0.11459914758069803,-1.960530311448449
-0.2769765824270073,0.025785366588555785,0.4191215965222989,-0.3691186976935665,0.29237341378055354,-0.41059395157266293,-0.03750265732761979,0.6757826669081782,-0.6204160129201743,-0.030599488485059004,-0.24709215516889022,0.5905871365557042,-0.4041699989454978,-0.24562222793271551,-0.062618033031565,0.5309697515383567,-0.22905564502273817,-0.9030767110239379,0.39948244972205876,0.3776115363958003,-0.15281124890822065,-0.004940251148267994,-0.4010430326712183,-0.08004925767591736,-1.2329617112490698,-0.5641889964778313,0.06969752594488604,0.23858326021580079,0.14359329616346694,0.0013111856678196965,-0.4881875632579187,-0.06231442859663332,0.14756134720138656,0.2738722500872257,0.4510173836599563,-0.24453752616295962,-0.3734548655602762,-0.4510352749472346,-0.41415280042542624,-0.2027030749295715,0.09766591124846828,-0.1203633738086701,-0.272642510376428
-0.24799735262280542,0.005978513219505285,0.09039068837006413,-0.14162854314599893,0.10091226178877151,-0.13928750292555622,0.1936066869267259,-0.07317131662044182,-0.23778159088867898,-0.1991583535730066,-0.051525689066661384,-0.016788949740315025,-0.12835684316844964,0.001664791052694217,0.038050232612906694,-0.20533472302705055,-0.26699499976551055,-0.11354809901081313,-0.021522714085759467,0.0360953438828798,-0.25119908437771915,0.006043328916163613,-0.0690652068498778,-0.050846607101883885,-0.3035709072069169,-0.04930626763910773,-0.15924453182755338,-0.10662284533854986,0.0013111856678196965,0.014862844648254393,-0.13649696538332698,0.14024476548847556,0.12719966883478814,0.23838659096008277,-0.03221644199503079,0.08122515672586043,-0.2523721801651581,-0.13966377090781573,-0.2779791524741701,0.1089743504019283,-0.0027866213888833383,-0.012857577149058719,0.20292488234660763
3.1301535048376063,-0.14041745538931677,-2.1970374060649345,2.4871342755754626,-1.8721708894159228,2.603767257565835,-1.6016841222492146,-1.5952675302619823,4.17929080240309,1.8746264006288738,1.2805010464299726,-1.8134951066499025,2.485367515866468,0.8029995137453091,-0.13297123369044156,0.0636342838866554,3.1384293635313054,4.011587652480809,-1.1363267316311405,-1.5744608747605657,2.745814909477162,-0.03918594873890983,1.9465779009120576,0.7178645928140992,6.799884999117911,2.313219064264451,1.1853674034645059,0.15689827245006327,-0.4881875632579187,-0.13649696538332698,2.8393952368331825,-1.0431888895863526,-1.622416758940003,-3.0330376180283136,-1.2130467134996452,0.08847247923816182,3.4876236114429227,2.743077110576655,3.8520285173522977,-0.2974977223734685,-0.29973337093064034,0.5130686641411565,-0.8994328050978843
-2.212997188547078,0.04446133468953654,0.6391060392061022,-1.1519990065260144,0.8080741242355688,-1.1077987531564173,1.861474478770666,-1.0471473544024632,-1.9351869415503813,-1.8755629210263387,-0.3609659064938571,-0.46766202168601234,-1.0077317020223264,0.14250198480283538,0.396482195667476,-2.2271847034171213,-2.4170960209820773,-0.606514149160134,-0.41229113494923564,0.1440799964878887,-2.308385625234151,0.060486210742597794,-0.4453364833613971,-0.4406648613165313,-2.2390293308046445,-0.17365025691630917,-1.5486490877616133,-1.1377190230852856,-0.06231442859663332,0.14024476548847556,-1.0431888895863526,1.365988416323352,1.1311566173493068,2.1218707984841454,-0.5410938467560378,0.9004393790386327,-2.2015715750161915,-1.091958311967839,-2.424982625371786,1.1409191193541843,-0.0774689644997712,-0.05817988195166303,2.068574896397948
-2.3678216699997843,0.07579358789370295,1.1646080680998607,-1.5517763719977566,1.1348703458301337,-1.5711282315578368,1.6081451084188778,0.021654191857860928,-2.6067059242676676,-1.7183970127172334,-0.6720858593553027,0.41869743654055325,-1.4725007467463145,-0.21998477493583857,0.2645078410730835,-1.2371887403898332,-2.4827494464438025,-1.8208474083557178,0.19724952971106333,0.6640464748939697,-2.2770789732906946,0.04691643103758282,-0.9662156081262,-0.5070830053958945,-3.7460374525365667,-0.9541390706869958,-1.284434348762746,-0.6780331007849589,0.14756134720138656,0.12719966883478814,-1.622416758940003,1.1311566173493068,1.2191440482119382,2.282655159867865,0.15544425566356215,0.4573049870786403,-2.4953009300569415,-1.6136166724263745,-2.751851409928867,0.7318937415979936,0.06915521991227566,-0.22285949458105223,1.4617071919355704
-4.434154986775247,0.14191024250092743,2.1756947740140613,-2.9023048819584427,2.1226816073287074,-2.937676867471616,3.0157619478924205,0.02886974248572138,-4.875698511028374,-3.2207173964688356,-1.255629754256939,0.774488078168022,-2.752966570688916,-0.40834117308928736,0.4975077188063641,-2.3285036000502495,-4.650129369178237,-3.397334348662939,0.36271709582865974,1.2377007555961475,-4.266155260870195,0.08850740625209023,-1.8040403300447252,-0.9489578240896819,-7.000409023672449,-1.7785360025347134,-2.4088572794998426,-1.27538558579596,0.2738722500872257,0.23838659096008277,-3.0330376180283136,2.1218707984841454,2.282655159867865,4.2744434288102235,0.2837565522359906,0.8616944953692619,-4.671045372646996,-3.0170373522668226,-5.151319570261796,1.3758060381624524,0.1279805248606951,-0.41542427899673523,2.744612154014453
-0.26969158016420475,0.06740939772221538,1.1071227958113756,-0.8229302610192933,0.6792697092487683,-0.9600345947008083,-0.5939478818447835,2.3218579999512268,-1.3837208786177233,0.39130469494574954,-0.6569814661452879,1.9134440819080072,-0.9663298517034717,-0.7826612233782577,-0.2918391423888848,2.1861860751412965,-0.07099392635812554,-2.584424478765203,1.318723367129902,1.108312182910333,0.13215950926395947,-0.029115417095243217,-1.1022630648437794,-0.1287377486083448,-3.1646025774194277,-1.6670261046252501,0.6118245284034739,1.0175933836942,0.4510173836599563,-0.03221644199503079,-1.2130467134996452,-0.5410938467560378,0.15544425566356215,0.2837565522359906,1.5094397680473197,-0.9746344329757773,-0.5653827715960364,-1.0872008003598523,-0.6312266812448046,-0.9087894048156964,0.3164649396502366,-0.3498028151774121,-1.361732660641301
-0.9115781461287286,-0.011008583286327428,-0.22831085596385403,-0.14836766140665672,0.05598684789336976,-0.06209435742047913,1.1588515937642956,-1.6001383379163239,-0.2489441694883948,-1.0680136605480473,0.1438572006670013,-1.1330245487609976,-0.012167484860946513,0.4401747323162879,0.32614227302823173,-2.08993954373839,-1.1019909726854564,0.948748763897574,-0.8229987560973773,-0.46170990017393265,-1.1482359678894736,0.04243850926450663,0.3171906956686791,-0.14549104950021027,0.4586387060218742,0.7141561260807947,-1.0196293069319677,-1.0204006892915172,-0.24453752616295962,0.08122515672586043,0.08847247923816182,0.9004393790386327,0.4573049870786403,0.8616944953692619,-0.9746344329757773,0.8886030626405951,-0.7644396928622916,0.0056812702386254636,-0.8383573993364947,0.9698811214218149,-0.18746345884825155,0.13989466032793924,1.6216737213062278
4.8408932885307525,-0.1646454589814902,-2.5429877776656067,3.2801204921543166,-2.4112107614993046,3.342080004761803,-3.1585739337268297,-0.42895359017542684,5.509928132885124,3.416171291965383,1.4704012226097058,-1.1655600203389154,3.143202592432247,0.5752030027612937,-0.4870213252137381,2.143804557765311,5.0409163335458445,4.117375970571479,-0.6180232631862058,-1.5292742763364497,4.590287679022951,-0.09060715123697878,2.1404483766815696,1.0485259152583293,8.11374666195078,2.209185000583534,2.500349509492907,1.204689315057799,-0.3734548655602762,-0.2523721801651581,3.4876236114429227,-2.2015715750161915,-2.4953009300569415,-4.671045372646996,-0.5653827715960364,-0.7644396928622916,5.148863521425745,3.449000153223657,5.679058679023109,-1.3322213089546544,-0.1925847253794602,0.509546763763539,-2.7354009480139827
3.115262714867244,-0.13472263202586995,-2.10857915645163,2.4237118223990586,-1.8187484798476024,2.528971170496207,-1.656221655628399,-1.400974979762804,4.072366362933155,1.9132750074447205,1.2277190329772145,-1.654816203522214,2.4096334685706613,0.737936609876882,-0.15780778177697977,0.2506785686666288,3.14090060012879,3.8017956160903053,-1.026548401677119,-1.4843986649841845,2.764231755517216,-0.04154892933737967,1.857988327609433,0.7089722683602558,6.548102995408053,2.17717561544508,1.2410570612189649,0.24423356630059828,-0.4510352749472346,-0.13966377090781573,2.743077110576655,-1.091958311967839,-1.6136166724263745,-3.0170373522668226,-1.0872008003598523,0.0056812702386254636,3.449000153223657,2.6575036311998046,3.808383372311582,-0.375902092338107,-0.2735361968498515,0.48488286967183447,-1.0185507762977046
5.339266825748141,-0.18239753227710792,-2.8089643219773737,3.62027531531257,-2.662810097065945,3.689252186504448,-3.480509434341414,-0.48520437628547086,6.081920048659889,3.7641156454862936,1.6247151780369267,-1.295009221004699,3.470215887955183,0.6388983690183473,-0.5363818990288708,2.3521081589362685,5.558125162679581,4.552373912353371,-0.6885925934241748,-1.6910302781617659,5.060977547368316,-0.09985130228481827,2.3648376862782357,1.1564505228551285,8.96123941120727,2.4441024576154464,2.7532701792551895,1.3230271320851164,-0.41415280042542624,-0.2779791524741701,3.8520285173522977,-2.424982625371786,-2.751851409928867,-5.151319570261796,-0.6312266812448046,-0.8383573993364947,5.679058679023109,3.808383372311582,6.264783228456655,-1.4639964881099654,-0.2138947213970472,0.563040045934947,-3.0081765076687406
-1.4437969968346211,0.007024526159499721,0.0541737437941028,-0.5111744234767646,0.32202892739562244,-0.4320962252086988,1.5037511288753351,-1.547561369912645,-0.8579050385652538,-1.442754670145102,-0.019256214789018445,-1.0003160868420211,-0.36014418668396386,0.37551703598372127,0.37829144840833945,-2.3206751910312065,-1.6560758412002228,0.48967187452094646,-0.7522611257812969,-0.29046863851022386,-1.6517926392636604,0.0526272050618116,0.07873744320567014,-0.26111529047186716,-0.4414262608774454,0.46740702436335824,-1.2930383077655843,-1.1503370786354015,-0.2027030749295715,0.1089743504019283,-0.2974977223734685,1.1409191193541843,0.7318937415979936,1.3758060381624524,-0.9087894048156964,0.9698811214218149,-1.3322213089546544,-0.375902092338107,-1.4639964881099654,1.1145015515215024,-0.16552518246364067,0.08280356665094477,1.9195704320182063
-0.12758652561644973,0.01615430221723818,0.26407024680726454,-0.21710515408633907,0.17470880903252625,-0.24598569093442044,-0.07390334389307773,0.48017960230132034,-0.36497799258565505,0.028612125158215696,-0.15607728560853845,0.4078898397697816,-0.24429184399050916,-0.1682750890341002,-0.05227387088654756,0.41401118452076785,-0.09010249157446758,-0.5891192051921696,0.27834066932659673,0.2491078685825266,-0.04183963175481768,-0.004666135687124552,-0.2570613837279547,-0.04202444972902397,-0.7673670072993882,-0.3733445469070615,0.08730458309785133,0.18957839444302862,0.09766591124846828,-0.0027866213888833383,-0.29973337093064034,-0.0774689644997712,0.06915521991227566,0.1279805248606951,0.3164649396502366,-0.18746345884825155,-0.1925847253794602,-0.2735361968498515,-0.2138947213970472,-0.16552518246364067,0.06749102649823548,-0.07909967142756398,-0.23684172756920158
0.42506572578847507,-0.02580800954488669,-0.42002950572390374,0.41869231289727976,-0.32201597748614236,0.45136450448213516,-0.12035947252159036,-0.5043654851876613,0.7031697511899245,0.18229882367589503,0.24593034091023944,-0.47798989879922543,0.4373009703031626,0.2025395945324138,0.02274754786966978,-0.2799877868245595,0.4005615196931991,0.8407998465426229,-0.31511249995712676,-0.3429265699031682,0.3242370227946185,-5.688348089966291e-4,0.3883998298604133,0.10674603232305187,1.2647865115187682,0.5082009924101095,0.06748084609151092,-0.11459914758069803,-0.1203633738086701,-0.012857577149058719,0.5130686641411565,-0.05817988195166303,-0.22285949458105223,-0.41542427899673523,-0.3498028151774121,0.13989466032793924,0.509546763763539,0.48488286967183447,0.563040045934947,0.08280356665094477,-0.07909967142756398,0.11061985516909803,0.06673400467389384
-2.8722729355746885,0.03079351927108959,0.4002531833155494,-1.2111741772387967,0.8047536486135105,-1.0944625931434255,2.758144538069947,-2.384516987825697,-2.0328274441866685,-2.6950212170250274,-0.2120431915925494,-1.4312492420759657,-0.9564490935490473,0.5208304337750878,0.6551196138473633,-3.9200188164563987,-3.2320048804385006,0.2614063074047028,-1.10829934561297,-0.2674648591661586,-3.1689601533487606,0.0931733319650581,-0.14128900546984527,-0.5413875756493667,-1.6993995990914907,0.4623259273459813,-2.3461959165662107,-1.960530311448449,-0.272642510376428,0.20292488234660763,-0.8994328050978843,2.068574896397948,1.4617071919355704,2.744612154014453,-1.361732660641301,1.6216737213062278,-2.7354009480139827,-1.0185507762977046,-3.0081765076687406,1.9195704320182063,-0.23684172756920158,0.06673400467389384,3.362076348496052
