V1,V2,V3,V4,V5,V6,V7,V8,V9,V10,V11,V12,V13,V14,V15,V16,V17,V18,V19,V20,V21,V22,V23,V24,V25,V26,V27,V28,V29,V30,V31,V32,V33,V34,V35,V36,V37,V38,V39,V40,V41,V42,V43
3020.3468555276145,1519.1201406522,851.9794766231146,270.47577320115516,1230.7135891988426,1429.7045979541183,1124.059545509371,-1629.1526340923556,588.1539582134349,-753.2043551966999,36.898702046869644,1190.0227959239792,1122.673184305243,-2436.931381569369,-82.08754519984586,103.70874915902445,-441.62114553193226,1445.1737397045597,-558.5027159798683,-1838.232026880292,-619.9685420727247,-1097.8145455865508,-1860.8562358145364,-1058.8111378231022,1916.9667109728914,1004.8881425526524,2246.161932173985,-575.5675291479014,-773.6879889776183,358.19827942954834,-129.31839259863938,-3591.6960396104496,1255.179730730655,-517.4013683514889,-1571.9824309287646,-4444.117764619104,-2702.730270650675,2207.4616463932784,1076.8187976084082,1019.9484320916297,-1830.8644280704377,-2336.2297536988203,-1460.9534498730511
1519.1201406522,764.5808191229797,429.1497062180865,136.10337432166858,619.1465490360794,719.7930094263687,565.8332195386644,-819.5211385451572,294.8879789767512,-378.7304574479755,18.87269393822422,598.6617611746517,565.0059359070565,-1226.4903239527025,-41.65164442447485,51.72024060936,-221.93862946176813,726.518353813254,-281.310791790935,-925.1151478587569,-311.64507833822364,-553.0823268602267,-936.6791952231022,-533.0031281217375,964.1449347720073,504.94894091548,1130.6466858702372,-289.7571792077329,-389.4657830097815,180.88884637221997,-65.01975880231925,-1808.0114155496458,631.9409997268261,-260.339714663169,-790.2219176599513,-2235.6677073594124,-1360.1165078737129,1110.391317508817,542.2525610167295,513.2933537388691,-921.542069235785,-1175.2013878102928,-734.9447352129238
851.9794766231146,429.1497062180865,241.1099432753855,76.36241462310421,347.3364811030926,404.1533893403083,317.65225869763555,-459.6991079188529,164.76659299894166,-212.33177874249495,10.789576621482642,335.84264890842053,317.104601876918,-688.3884745684779,-23.59217232722758,28.710615598493828,-124.35439245610648,407.2327774922523,-158.04201381916272,-519.2101273617911,-174.66831173924442,-310.79244650977967,-525.8123054784384,-299.23847896020624,540.7237964370571,282.8795387188599,634.7115570683904,-162.69337633602947,-218.63779211313403,101.9314156931989,-36.44452062929458,-1014.992117979181,354.8247124046608,-146.07014270694728,-442.9120315689009,-1254.1281693326287,-763.2845309456771,622.833420667358,304.5399276857016,288.0623628058107,-517.2837459929518,-659.2028132018519,-412.2798064897766
270.47577320115516,136.10337432166858,76.36241462310421,24.25621723404003,110.2354061044275,128.11904212338433,100.72115733048406,-145.9011491309901,52.56442140020173,-67.45610835653932,3.3521653480745193,106.56957464943481,100.56289080101327,-218.34914511918024,-7.419281530310591,9.245538741707614,-39.5258745865615,129.3672735229086,-50.04314351748066,-164.68124380123706,-55.4951470983328,-98.45038786079002,-166.73786062483887,-94.86984205938981,171.64784735331028,89.93759896411125,201.2668260165592,-51.560401898301976,-69.34327932991009,32.17107445930955,-11.597281967895208,-321.8713238653801,112.50770436482327,-46.35600077221262,-140.6912915595155,-398.0609253955991,-242.15720858801967,197.69769473507986,96.52984162513096,91.39202626994206,-164.0559677313527,-209.2434245475043,-130.83582120405302
1230.7135891988426,619.1465490360794,347.3364811030926,110.2354061044275,501.5523748211444,582.7800027310255,458.16439728544486,-663.8870925494533,239.37298024184395,-306.93262677707315,15.134968391248343,484.9455903201694,457.5297092323325,-993.251894377387,-33.5498653599816,42.144272579273704,-179.91524767465648,588.7650986931988,-227.6588927645079,-749.2084384058652,-252.58273559964897,-447.61549580475196,-758.4705136851384,-431.5828577409674,781.0954167876574,409.3402470951339,915.5302079179557,-234.61557850373813,-315.36392702515826,146.17903153481473,-52.697899472181845,-1464.0076872722952,511.65449373098767,-210.8451693931087,-640.4129115313206,-1811.0065061385876,-1101.5165430350398,899.5345285168225,438.9826682361036,415.6862738506476,-746.2300950686571,-951.9965917353887,-595.3316503042282
1429.7045979541183,719.7930094263687,404.1533893403083,128.11904212338433,582.7800027310255,677.7341148085868,532.7337376609115,-771.3528454836975,277.1096417168722,-356.43666417154395,17.89760708415274,563.4813532658153,531.8900257481358,-1154.6616437858113,-39.3405047317645,48.493739183404536,-208.80982467955783,683.5963318937878,-264.9115372874675,-870.9044779222708,-293.23576107260993,-520.9181561913874,-881.8616001751168,-501.8281364497634,907.3811221375602,475.0355625407952,1064.4867891377305,-272.821120012183,-366.68732546103695,170.55535106013951,-61.18111433875448,-1702.2652221068902,595.0202442735658,-245.06060407352146,-743.5466706530304,-2104.268839413778,-1280.3715092245895,1045.0846411551242,510.6251241926888,483.2040073143417,-867.5856495104467,-1106.0896372545749,-691.7474978981686
1124.059545509371,565.8332195386644,317.65225869763555,100.72115733048406,458.16439728544486,532.7337376609115,418.7699001886459,-606.42926689426,218.0193424701945,-280.2449769223547,14.020839040238057,442.99668687773936,418.1321973993367,-907.683949473322,-30.875581106690056,38.19489716436142,-164.19476240007978,537.5109610848212,-208.21918160301252,-684.6294636194341,-230.5722388966421,-409.4081485613073,-693.2179756063318,-394.4703786159161,713.4032482058801,373.5546693156897,836.7724462634784,-214.45084598155077,-288.2437803938118,133.9764471849054,-48.104886227504004,-1338.1064406627827,467.7146379428637,-192.65832118597984,-584.6560234735756,-1654.3439745296955,-1006.5349199370648,821.6417151373536,401.3578479723477,379.8590741951979,-682.0041139991092,-869.6033051025037,-543.8432559029351
-1629.1526340923556,-819.5211385451572,-459.6991079188529,-145.9011491309901,-663.8870925494533,-771.3528454836975,-606.42926689426,878.8057306440617,-316.98523474116774,406.29334935556346,-19.9782593284162,-641.9260705382159,-605.6472291118222,1314.6754509703874,44.34107554867183,-55.835068136030365,238.1751122789954,-779.4182382536235,301.34319155937584,991.6682703473467,334.37405197496776,592.3640777937795,1003.9104651119669,571.2267391162537,-1033.9899378595112,-541.923522132633,-1211.7823704385135,310.52955917499264,417.4031946331992,-193.3877853942229,69.73866483382783,1937.7219688362675,-677.1875592665126,279.10909987754644,847.846530966254,2397.2280695309673,1457.9973189140242,-1190.7124260409598,-580.9956678464323,-550.2170809263552,987.7085962483428,1260.16986875581,788.0690598599647
588.1539582134349,294.8879789767512,164.76659299894166,52.56442140020173,239.37298024184395,277.1096417168722,218.0193424701945,-316.98523474116774,116.28693317861828,-146.7748616026273,6.6184341070184285,231.49789730489218,217.98452033674633,-473.0530141029998,-15.36987796034871,20.99222936321009,-86.30475157162698,282.0801876771723,-108.03216020879236,-356.9498334504881,-121.02803401145984,-212.13121910179652,-361.02809476406327,-205.35091252121876,373.32896646906175,196.52153502417963,435.7487874179479,-111.58352523535932,-150.05861398093072,68.4302811477797,-25.241959904966674,-696.6157713897445,243.2753589395453,-100.55335690665669,-306.81711662428626,-864.6059864402596,-524.9823905761277,429.65572924924646,208.48711945343499,198.08703381354653,-355.3042343852588,-454.662794360303,-284.2209747212753
-753.2043551966999,-378.7304574479755,-212.33177874249495,-67.45610835653932,-306.93262677707315,-356.43666417154395,-280.2449769223547,406.29334935556346,-146.7748616026273,187.9684564646657,-9.162189351515732,-296.7442035110109,-279.8776664609175,607.6442098497515,20.39054683763026,-25.961072022312763,110.19092448693735,-360.42321119096215,139.15551737742882,458.33610251100663,154.65736583904348,273.63097379063873,463.9374459132689,263.96957506189744,-478.01945942038145,-250.70148346284762,-560.0010450031448,143.49235563963998,192.9098965512253,-89.21836630781289,32.26396082270682,895.5244493528436,-312.94184206520697,129.00900002754707,392.1069397929267,1108.2158679376778,673.8835334251684,-550.4744463387099,-268.4663604433954,-254.30341561939227,456.45564922386404,582.5567613945785,364.2977346742159
36.898702046869644,18.87269393822422,10.789576621482642,3.3521653480745193,15.134968391248343,17.89760708415274,14.020839040238057,-19.9782593284162,6.6184341070184285,-9.162189351515732,0.6477157071332,14.613384804465461,13.906179023920874,-30.278072474003437,-1.229991559198615,1.007595037573355,-5.293116693069018,17.440792698161342,-7.049300104905555,-22.799895861952074,-7.471562225656439,-13.987373052943802,-23.186070683324115,-13.219492961448058,23.39892372936944,11.995453223438544,28.002751114731254,-7.1947110952326545,-9.660921899005384,4.824751703209812,-1.5762837982226388,-44.831630894413884,15.732771773156884,-6.381026316685914,-18.933019198593826,-54.5759870837679,-33.48347006088761,27.05010188464198,13.563344760000525,12.644665044341384,-22.789243841127924,-28.643568518311476,-17.92537787739533
1190.0227959239792,598.6617611746517,335.84264890842053,106.56957464943481,484.9455903201694,563.4813532658153,442.99668687773936,-641.9260705382159,231.49789730489218,-296.7442035110109,14.613384804465461,468.9130194688479,442.41549655283757,-960.3528486110581,-32.41837252332062,40.750979102692064,-173.9621650050033,569.3199381816563,-220.14921682211755,-724.4114720834503,-244.23162978470896,-432.7602214388147,-733.3616053021117,-417.29505237226704,755.2894004731514,395.8118346057292,885.2169576113815,-226.85373759590502,-304.90847022173426,141.3117817541784,-50.939866546137424,-1415.4981964356425,494.6892629342288,-203.8707958984304,-619.2710811757335,-1751.0879306248864,-1065.0483597682544,869.7811240563793,424.4233763353331,401.9229738451626,-721.5247774049251,-920.5128103533914,-575.6548220330593
1122.673184305243,565.0059359070565,317.104601876918,100.56289080101327,457.5297092323325,531.8900257481358,418.1321973993367,-605.6472291118222,217.98452033674633,-279.8776664609175,13.906179023920874,442.41549655283757,417.58232259518866,-906.3164193094234,-30.72660666266948,38.239901413111745,-164.0184065903098,536.9358160588658,-207.9109331108191,-683.6207829623316,-230.32156009055626,-408.62272678406174,-692.1620983593186,-393.84723224295556,712.5505235219013,373.20427161025174,835.4812444397727,-214.11070985120216,-287.7849957634775,133.6050631726751,-48.0235860562133,-1336.0027050190442,466.94138842516094,-192.41532711680208,-584.0877943463444,-1652.1585758133097,-1005.0710275408767,820.566328500581,400.67076981066083,379.3095371505156,-680.9715689704932,-868.4819234820227,-543.1607051650926
-2436.931381569369,-1226.4903239527025,-688.3884745684779,-218.34914511918024,-993.251894377387,-1154.6616437858113,-907.683949473322,1314.6754509703874,-473.0530141029998,607.6442098497515,-30.278072474003437,-960.3528486110581,-906.3164193094234,1967.5292181750474,66.79876240526649,-83.00673233132285,356.0596870863578,-1165.4556348325345,451.20499995103614,1484.0418490483546,499.95601566711673,887.2325960054047,1502.5774215375068,855.0203643488557,-1546.6283048442092,-810.0627357193677,-1813.7370560953084,464.81436487690723,624.7819688238164,-290.16622038746726,104.32081297771083,2900.390897562927,-1013.7550006576263,417.61974399672323,1267.6644651155493,3586.4130645510563,2181.854362003118,-1781.267939329494,-869.8793865392672,-823.4049143747874,1478.2916547739944,1885.2125177432376,1178.9610406814472
-82.08754519984586,-41.65164442447485,-23.59217232722758,-7.419281530310591,-33.5498653599816,-39.3405047317645,-30.875581106690056,44.34107554867183,-15.36987796034871,20.39054683763026,-1.229991559198615,-32.41837252332062,-30.72660666266948,66.79876240526649,2.517357439277896,-2.5234570842972923,11.875004015553857,-39.04087441831128,15.43996437700543,50.343850405782725,16.722700270794,30.50957575288948,51.092422226489774,29.097873110793476,-52.07570608510001,-26.98469146871705,-61.69017774038097,15.816947085105886,21.269224586276597,-10.245777442900229,3.5227617380324183,98.69773711862751,-34.57535675302639,14.134598848240781,42.37893954249905,121.11756056351273,74.00791044009368,-60.09136461351655,-29.728638340853745,-27.942695265951183,50.25564250910602,63.62741993178136,39.78586051140153
103.70874915902445,51.72024060936,28.710615598493828,9.245538741707614,42.144272579273704,48.493739183404536,38.19489716436142,-55.835068136030365,20.99222936321009,-25.961072022312763,1.007595037573355,40.750979102692064,38.239901413111745,-83.00673233132285,-2.5234570842972923,3.943568662403385,-15.319907439288695,49.918499618066,-18.816335430894142,-62.653191178412285,-21.43732191871544,-36.93256677625384,-63.273815760832214,-35.96827698425529,65.82665065803133,34.90774101589656,76.36140595036288,-19.53178768966229,-26.29567165039195,11.687487315097748,-4.472757052012803,-122.06078457401736,42.57838031026139,-17.673125099556636,-54.314481711771045,-152.23621384419968,-92.19022448698506,75.70244073325506,36.43095695232963,34.77644849259344,-62.29384747608246,-80.08410500612948,-50.035229176337154
-441.62114553193226,-221.93862946176813,-124.35439245610648,-39.5258745865615,-179.91524767465648,-208.80982467955783,-164.19476240007978,238.1751122789954,-86.30475157162698,110.19092448693735,-5.293116693069018,-173.9621650050033,-164.0184065903098,356.0596870863578,11.875004015553857,-15.319907439288695,64.64333290307057,-211.4239420828075,81.50649599952374,268.6001145580049,90.71573918024973,160.21288059286988,271.8383515199387,154.66590475130525,-280.28921613685907,-147.09510426099806,-328.12160119090123,84.07302507497437,113.01727355069349,-52.13378958574654,18.920701078638764,524.6644076807621,-183.31968621287635,75.60613449308362,229.9894720367686,649.6528450524271,394.9298581198152,-322.73368091028686,-157.23380469055542,-149.02767398197423,267.4676156742273,341.53298652520937,213.56093128992876
1445.1737397045597,726.518353813254,407.2327774922523,129.3672735229086,588.7650986931988,683.5963318937878,537.5109610848212,-779.4182382536235,282.0801876771723,-360.42321119096215,17.440792698161342,569.3199381816563,536.9358160588658,-1165.4556348325345,-39.04087441831128,49.918499618066,-211.4239420828075,691.7401340462574,-266.9623671675924,-879.181969633519,-296.7569969319264,-524.6596014601339,-889.8788218472124,-506.3131477399282,917.2482938809774,481.1302461365615,1074.1244373955997,-275.21915640533916,-369.9612013866164,170.8953444328931,-61.894841019882044,-1717.4879106723613,600.1391273847516,-247.48123031379984,-752.4274845413182,-2126.108708632611,-1292.6952378637982,1056.154014057308,514.7769993874552,487.81844388982074,-875.5690864390209,-1117.7332804229077,-698.9346715598389
-558.5027159798683,-281.310791790935,-158.04201381916272,-50.04314351748066,-227.6588927645079,-264.9115372874675,-208.21918160301252,301.34319155937584,-108.03216020879236,139.15551737742882,-7.049300104905555,-220.14921682211755,-207.9109331108191,451.20499995103614,15.43996437700543,-18.816335430894142,81.50649599952374,-266.9623671675924,103.63520250653278,340.3238219570631,114.49648233106709,203.67035959043616,344.65685840006364,196.13030665081342,-354.48270155203056,-185.44319713706346,-416.0266425064458,106.63565485691466,143.3003116179395,-66.78103230886846,23.867646485590047,665.2676215509974,-232.55358955311473,95.77241017014708,290.3959972089905,822.0873954283023,500.31229066928546,-408.2572835725131,-199.59797110750912,-188.82372682992178,339.06452653606124,432.1204498710065,270.2811732311563
-1838.232026880292,-925.1151478587569,-519.2101273617911,-164.68124380123706,-749.2084384058652,-870.9044779222708,-684.6294636194341,991.6682703473467,-356.9498334504881,458.33610251100663,-22.799895861952074,-724.4114720834503,-683.6207829623316,1484.0418490483546,50.343850405782725,-62.653191178412285,268.6001145580049,-879.181969633519,340.3238219570631,1119.3886463600331,377.1454185036653,669.1491872082092,1133.3444486843603,644.9178766898177,-1166.6716743342904,-611.0910730684092,-1368.0403959789078,350.6012441751287,471.2366881798772,-218.7972506972528,78.68655804765538,2187.623292457692,-764.6102104774016,314.9955559996149,956.2736457875782,2705.2431827664805,1645.724674851659,-1343.6439643582858,-656.0792499683125,-621.0691377429115,1115.0290078855976,1422.0400542863329,889.303235373917
-619.9685420727247,-311.64507833822364,-174.66831173924442,-55.4951470983328,-252.58273559964897,-293.23576107260993,-230.5722388966421,334.37405197496776,-121.02803401145984,154.65736583904348,-7.471562225656439,-244.23162978470896,-230.32156009055626,499.95601566711673,16.722700270794,-21.43732191871544,90.71573918024973,-296.7569969319264,114.49648233106709,377.1454185036653,127.32077358051163,225.0373506498247,381.7228018174471,217.18753218407963,-393.4869829735834,-206.42724281608434,-460.75688821260195,118.06000887978063,158.7019593735838,-73.28696442924732,26.552573868851233,736.7498196293609,-257.4355625427063,106.16227274467553,322.81591015504404,912.0704644723231,554.5232296922366,-453.0773677343838,-220.81911553048565,-209.25592130102615,375.5804201028419,479.48478374546755,299.8328477653614
-1097.8145455865508,-553.0823268602267,-310.79244650977967,-98.45038786079002,-447.61549580475196,-520.9181561913874,-409.4081485613073,592.3640777937795,-212.13121910179652,273.63097379063873,-13.987373052943802,-432.7602214388147,-408.62272678406174,887.2325960054047,30.50957575288948,-36.93256677625384,160.21288059286988,-524.6596014601339,203.67035959043616,669.1491872082092,225.0373506498247,400.7136754232745,677.6960853083125,385.68202142990833,-696.7107277842387,-364.4218648762575,-818.0648067790934,209.67942131491967,281.82376907838636,-131.50816234610528,46.994324945020395,1308.261834949976,-457.3880173083329,188.23677723473733,570.5678697994065,1616.1448398944212,983.7341189914856,-802.5946271424791,-392.5835554575177,-371.2647533246092,666.7095935282192,849.4620157007067,531.2423983332313
-1860.8562358145364,-936.6791952231022,-525.8123054784384,-166.73786062483887,-758.4705136851384,-881.8616001751168,-693.2179756063318,1003.9104651119669,-361.02809476406327,463.9374459132689,-23.186070683324115,-733.3616053021117,-692.1620983593186,1502.5774215375068,51.092422226489774,-63.273815760832214,271.8383515199387,-889.8788218472124,344.65685840006364,1133.3444486843603,381.7228018174471,677.6960853083125,1147.542695929329,653.0026581340098,-1181.0237848721083,-618.4522204418183,-1385.1826547448493,354.9970243274201,477.1517194755087,-221.73306996671118,79.64743950631306,2215.067239057973,-774.238093828026,318.92143326394336,967.90022444392,2738.694214338485,1666.2383846761427,-1360.2118579550618,-664.3779736661195,-628.8217581547633,1128.9876178898212,1439.6011573301641,900.2989448232496
-1058.8111378231022,-533.0031281217375,-299.23847896020624,-94.86984205938981,-431.5828577409674,-501.8281364497634,-394.4703786159161,571.2267391162537,-205.35091252121876,263.96957506189744,-13.219492961448058,-417.29505237226704,-393.84723224295556,855.0203643488557,29.097873110793476,-35.96827698425529,154.66590475130525,-506.3131477399282,196.13030665081342,644.9178766898177,217.18753218407963,385.68202142990833,653.0026581340098,371.6006222064422,-671.9920483382726,-351.8554489692775,-788.2359782721925,202.02279402995396,271.5181636416417,-126.22763724021712,45.31885439887667,1260.472666386457,-440.5834744388563,181.4564841180955,550.6855508928028,1558.3244181040372,948.1309760455024,-773.9720856484979,-378.0745090274809,-357.8102354728916,642.4383140051095,819.1328055607812,512.2685609236647
1916.9667109728914,964.1449347720073,540.7237964370571,171.64784735331028,781.0954167876574,907.3811221375602,713.4032482058801,-1033.9899378595112,373.32896646906175,-478.01945942038145,23.39892372936944,755.2894004731514,712.5505235219013,-1546.6283048442092,-52.07570608510001,65.82665065803133,-280.28921613685907,917.2482938809774,-354.48270155203056,-1166.6716743342904,-393.4869829735834,-696.7107277842387,-1181.0237848721083,-671.9920483382726,1216.6842406891528,637.7962184521392,1425.5604047272718,-365.29855236116686,-491.0212794321692,227.30883138869154,-82.06283481906925,-2279.495341661629,796.5975401802083,-328.3825953665609,-997.7457003455031,-2820.5732520228244,-1715.3322160874338,1401.030117538346,683.3980051276969,647.3255913622086,-1161.986786064468,-1482.7587339578795,-927.2488727742826
1004.8881425526524,504.94894091548,282.8795387188599,89.93759896411125,409.3402470951339,475.0355625407952,373.5546693156897,-541.923522132633,196.52153502417963,-250.70148346284762,11.995453223438544,395.8118346057292,373.20427161025174,-810.0627357193677,-26.98469146871705,34.90774101589656,-147.09510426099806,481.1302461365615,-185.44319713706346,-611.0910730684092,-206.42724281608434,-364.4218648762575,-618.4522204418183,-351.8554489692775,637.7962184521392,334.76219287958844,746.4902410062753,-191.24931981764834,-257.11815754450106,118.51820652215416,-43.050021876039615,-1193.6181428785894,417.04212614084855,-172.04857393772735,-523.3888975279592,-1478.1921621887666,-898.5489350518492,734.3267782026929,357.6809115054769,339.07781178430287,-608.5223557262832,-777.1288216073117,-485.9386604771233
2246.161932173985,1130.6466858702372,634.7115570683904,201.2668260165592,915.5302079179557,1064.4867891377305,836.7724462634784,-1211.7823704385135,435.7487874179479,-560.0010450031448,28.002751114731254,885.2169576113815,835.4812444397727,-1813.7370560953084,-61.69017774038097,76.36140595036288,-328.12160119090123,1074.1244373955997,-416.0266425064458,-1368.0403959789078,-460.75688821260195,-818.0648067790934,-1385.1826547448493,-788.2359782721925,1425.5604047272718,746.4902410062753,1672.038222004986,-428.51569385645894,-575.9654721113112,267.67800923605324,-96.14402812118948,-2673.784785320673,934.5811970013384,-384.95401625060947,-1168.2837883255659,-3305.78591354139,-2011.2821991835917,1641.8683135539131,801.9719281881166,759.0360932720381,-1362.784475291811,-1737.691011448642,-1086.7131840805414
-575.5675291479014,-289.7571792077329,-162.69337633602947,-51.560401898301976,-234.61557850373813,-272.821120012183,-214.45084598155077,310.52955917499264,-111.58352523535932,143.49235563963998,-7.1947110952326545,-226.85373759590502,-214.11070985120216,464.81436487690723,15.816947085105886,-19.53178768966229,84.07302507497437,-275.21915640533916,106.63565485691466,350.6012441751287,118.06000887978063,209.67942131491967,354.9970243274201,202.02279402995396,-365.29855236116686,-191.24931981764834,-428.51569385645894,109.83896535914134,147.60206503270092,-68.6443496336275,24.625718163503425,685.2347248571618,-239.51354000266917,98.63679592562323,299.3518048973295,847.1057308465543,515.4137722644576,-420.73534409830734,-205.5392807802749,-194.5062277273157,349.24546992316306,445.27772654250714,278.4781854183501
-773.6879889776183,-389.4657830097815,-218.63779211313403,-69.34327932991009,-315.36392702515826,-366.68732546103695,-288.2437803938118,417.4031946331992,-150.05861398093072,192.9098965512253,-9.660921899005384,-304.90847022173426,-287.7849957634775,624.7819688238164,21.269224586276597,-26.29567165039195,113.01727355069349,-369.9612013866164,143.3003116179395,471.2366881798772,158.7019593735838,281.82376907838636,477.1517194755087,271.5181636416417,-491.0212794321692,-257.11815754450106,-575.9654721113112,147.60206503270092,198.4130020830471,-92.2278585982472,33.12481155872129,921.0628892228575,-321.9523756108386,132.60798817586442,402.3919737348323,1138.706288674006,692.8244194291893,-565.5417027539843,-276.2738042811901,-261.46855820462065,469.4384603567599,598.5539308897553,374.3175062256035
358.19827942954834,180.88884637221997,101.9314156931989,32.17107445930955,146.17903153481473,170.55535106013951,133.9764471849054,-193.3877853942229,68.4302811477797,-89.21836630781289,4.824751703209812,141.3117817541784,133.6050631726751,-290.16622038746726,-10.245777442900229,11.687487315097748,-52.13378958574654,170.8953444328931,-66.78103230886846,-218.7972506972528,-73.28696442924732,-131.50816234610528,-221.73306996671118,-126.22763724021712,227.30883138869154,118.51820652215416,267.67800923605324,-68.6443496336275,-92.2278585982472,43.51527326772964,-15.312653255325325,-428.13473217381573,149.7624996572375,-61.50078764535018,-185.82482805376685,-527.6868607258118,-321.5858020390242,261.9771432539393,128.63825363999837,121.3782162684604,-218.09917606482898,-277.2958241877933,-173.4522579938547
-129.31839259863938,-65.01975880231925,-36.44452062929458,-11.597281967895208,-52.697899472181845,-61.18111433875448,-48.104886227504004,69.73866483382783,-25.241959904966674,32.26396082270682,-1.5762837982226388,-50.939866546137424,-48.0235860562133,104.32081297771083,3.5227617380324183,-4.472757052012803,18.920701078638764,-61.894841019882044,23.867646485590047,78.68655804765538,26.552573868851233,46.994324945020395,79.64743950631306,45.31885439887667,-82.06283481906925,-43.050021876039615,-96.14402812118948,24.625718163503425,33.12481155872129,-15.312653255325325,5.559746387679065,153.7474589268099,-53.73702553109937,22.142077560529607,67.28386683402607,190.28329491110338,115.71643663015831,-94.52402489674873,-46.089112687549445,-43.667587573028754,78.37532310980846,100.0319432437223,62.528504308014355
-3591.6960396104496,-1808.0114155496458,-1014.992117979181,-321.8713238653801,-1464.0076872722952,-1702.2652221068902,-1338.1064406627827,1937.7219688362675,-696.6157713897445,895.5244493528436,-44.831630894413884,-1415.4981964356425,-1336.0027050190442,2900.390897562927,98.69773711862751,-122.06078457401736,524.6644076807621,-1717.4879106723613,665.2676215509974,2187.623292457692,736.7498196293609,1308.261834949976,2215.067239057973,1260.472666386457,-2279.495341661629,-1193.6181428785894,-2673.784785320673,685.2347248571618,921.0628892228575,-428.13473217381573,153.7474589268099,4275.773523659375,-1494.5536693837569,615.5901771755139,1868.0754634999212,5286.172370307696,3216.244068397806,-2625.414995554138,-1282.511272826707,-1213.785667187293,2179.2446887172246,2778.6515537949954,1737.7108069856
1255.179730730655,631.9409997268261,354.8247124046608,112.50770436482327,511.65449373098767,595.0202442735658,467.7146379428637,-677.1875592665126,243.2753589395453,-312.94184206520697,15.732771773156884,494.6892629342288,466.94138842516094,-1013.7550006576263,-34.57535675302639,42.57838031026139,-183.31968621287635,600.1391273847516,-232.55358955311473,-764.6102104774016,-257.4355625427063,-457.3880173083329,-774.238093828026,-440.5834744388563,796.5975401802083,417.04212614084855,934.5811970013384,-239.51354000266917,-321.9523756108386,149.7624996572375,-53.73702553109937,-1494.5536693837569,522.4320752756195,-215.14813156814216,-652.7281458017507,-1847.443133196404,-1124.131754084028,917.5257504035703,448.32858295747343,424.24262154921985,-761.7150135910925,-971.0860469227847,-607.2912043245327
-517.4013683514889,-260.339714663169,-146.07014270694728,-46.35600077221262,-210.8451693931087,-245.06060407352146,-192.65832118597984,279.10909987754644,-100.55335690665669,129.00900002754707,-6.381026316685914,-203.8707958984304,-192.41532711680208,417.61974399672323,14.134598848240781,-17.673125099556636,75.60613449308362,-247.48123031379984,95.77241017014708,314.9955559996149,106.16227274467553,188.23677723473733,318.92143326394336,181.4564841180955,-328.3825953665609,-172.04857393772735,-384.95401625060947,98.63679592562323,132.60798817586442,-61.50078764535018,22.142077560529607,615.5901771755139,-215.14813156814216,88.67988580533728,269.22161831224133,761.3952115680021,463.1446208027278,-378.15164547510733,-184.6019966168429,-174.7929885629981,313.77450651962386,400.2410865533538,250.30787321644956
-1571.9824309287646,-790.2219176599513,-442.9120315689009,-140.6912915595155,-640.4129115313206,-743.5466706530304,-584.6560234735756,847.846530966254,-306.81711662428626,392.1069397929267,-18.933019198593826,-619.2710811757335,-584.0877943463444,1267.6644651155493,42.37893954249905,-54.314481711771045,229.9894720367686,-752.4274845413182,290.3959972089905,956.2736457875782,322.81591015504404,570.5678697994065,967.90022444392,550.6855508928028,-997.7457003455031,-523.3888975279592,-1168.2837883255659,299.3518048973295,402.3919737348323,-185.82482805376685,67.28386683402607,1868.0754634999212,-652.7281458017507,269.22161831224133,818.5905357677531,2312.6065719486373,1406.0182494606374,-1148.772136695925,-559.9031392959995,-530.5888894274062,952.3129646979028,1215.7634044804067,760.2936949039681
-4444.117764619104,-2235.6677073594124,-1254.1281693326287,-398.0609253955991,-1811.0065061385876,-2104.268839413778,-1654.3439745296955,2397.2280695309673,-864.6059864402596,1108.2158679376778,-54.5759870837679,-1751.0879306248864,-1652.1585758133097,3586.4130645510563,121.11756056351273,-152.23621384419968,649.6528450524271,-2126.108708632611,822.0873954283023,2705.2431827664805,912.0704644723231,1616.1448398944212,2738.694214338485,1558.3244181040372,-2820.5732520228244,-1478.1921621887666,-3305.78591354139,847.1057308465543,1138.706288674006,-527.6868607258118,190.28329491110338,5286.172370307696,-1847.443133196404,761.3952115680021,2312.6065719486373,6539.464138066115,3977.456290138557,-3248.157595492479,-1585.0136807488416,-1501.0178552831387,2694.527546616828,3437.663482807889,2149.741385154809
-2702.730270650675,-1360.1165078737129,-763.2845309456771,-242.15720858801967,-1101.5165430350398,-1280.3715092245895,-1006.5349199370648,1457.9973189140242,-524.9823905761277,673.8835334251684,-33.48347006088761,-1065.0483597682544,-1005.0710275408767,2181.854362003118,74.00791044009368,-92.19022448698506,394.9298581198152,-1292.6952378637982,500.31229066928546,1645.724674851659,554.5232296922366,983.7341189914856,1666.2383846761427,948.1309760455024,-1715.3322160874338,-898.5489350518492,-2011.2821991835917,515.4137722644576,692.8244194291893,-321.5858020390242,115.71643663015831,3216.244068397806,-1124.131754084028,463.1446208027278,1406.0182494606374,3977.456290138557,2419.6257251729094,-1975.515269327265,-964.5445295780904,-913.1374626943386,1639.3374229426674,2090.805849038755,1307.5017671800372
2207.4616463932784,1110.391317508817,622.833420667358,197.69769473507986,899.5345285168225,1045.0846411551242,821.6417151373536,-1190.7124260409598,429.65572924924646,-550.4744463387099,27.05010188464198,869.7811240563793,820.566328500581,-1781.267939329494,-60.09136461351655,75.70244073325506,-322.73368091028686,1056.154014057308,-408.2572835725131,-1343.6439643582858,-453.0773677343838,-802.5946271424791,-1360.2118579550618,-773.9720856484979,1401.030117538346,734.3267782026929,1641.8683135539131,-420.73534409830734,-565.5417027539843,261.9771432539393,-94.52402489674873,-2625.414995554138,917.5257504035703,-378.15164547510733,-1148.772136695925,-3248.157595492479,-1975.515269327265,1613.4081567251444,787.1656767414992,745.5098346927076,-1338.28196428956,-1707.5097895901185,-1067.774530918742
1076.8187976084082,542.2525610167295,304.5399276857016,96.52984162513096,438.9826682361036,510.6251241926888,401.3578479723477,-580.9956678464323,208.48711945343499,-268.4663604433954,13.563344760000525,424.4233763353331,400.67076981066083,-869.8793865392672,-29.728638340853745,36.43095695232963,-157.23380469055542,514.7769993874552,-199.59797110750912,-656.0792499683125,-220.81911553048565,-392.5835554575177,-664.3779736661195,-378.0745090274809,683.3980051276969,357.6809115054769,801.9719281881166,-205.5392807802749,-276.2738042811901,128.63825363999837,-46.089112687549445,-1282.511272826707,448.32858295747343,-184.6019966168429,-559.9031392959995,-1585.0136807488416,-964.5445295780904,787.1656767414992,384.76507773692396,364.0189250866667,-653.6173741093821,-833.1233569892673,-521.031775630252
1019.9484320916297,513.2933537388691,288.0623628058107,91.39202626994206,415.6862738506476,483.2040073143417,379.8590741951979,-550.2170809263552,198.08703381354653,-254.30341561939227,12.644665044341384,401.9229738451626,379.3095371505156,-823.4049143747874,-27.942695265951183,34.77644849259344,-149.02767398197423,487.81844388982074,-188.82372682992178,-621.0691377429115,-209.25592130102615,-371.2647533246092,-628.8217581547633,-357.8102354728916,647.3255913622086,339.07781178430287,759.0360932720381,-194.5062277273157,-261.46855820462065,121.3782162684604,-43.667587573028754,-1213.785667187293,424.24262154921985,-174.7929885629981,-530.5888894274062,-1501.0178552831387,-913.1374626943386,745.5098346927076,364.0189250866667,344.61152975402933,-618.6704019717778,-789.0285704779247,-493.4280067434162
-1830.8644280704377,-921.542069235785,-517.2837459929518,-164.0559677313527,-746.2300950686571,-867.5856495104467,-682.0041139991092,987.7085962483428,-355.3042343852588,456.45564922386404,-22.789243841127924,-721.5247774049251,-680.9715689704932,1478.2916547739944,50.25564250910602,-62.29384747608246,267.4676156742273,-875.5690864390209,339.06452653606124,1115.0290078855976,375.5804201028419,666.7095935282192,1128.9876178898212,642.4383140051095,-1161.986786064468,-608.5223557262832,-1362.784475291811,349.24546992316306,469.4384603567599,-218.09917606482898,78.37532310980846,2179.2446887172246,-761.7150135910925,313.77450651962386,952.3129646979028,2694.527546616828,1639.3374229426674,-1338.28196428956,-653.6173741093821,-618.6704019717778,1110.7439372244532,1416.394478556955,885.7701559268221
-2336.2297536988203,-1175.2013878102928,-659.2028132018519,-209.2434245475043,-951.9965917353887,-1106.0896372545749,-869.6033051025037,1260.16986875581,-454.662794360303,582.5567613945785,-28.643568518311476,-920.5128103533914,-868.4819234820227,1885.2125177432376,63.62741993178136,-80.08410500612948,341.53298652520937,-1117.7332804229077,432.1204498710065,1422.0400542863329,479.48478374546755,849.4620157007067,1439.6011573301641,819.1328055607812,-1482.7587339578795,-777.1288216073117,-1737.691011448642,445.27772654250714,598.5539308897553,-277.2958241877933,100.0319432437223,2778.6515537949954,-971.0860469227847,400.2410865533538,1215.7634044804067,3437.663482807889,2090.805849038755,-1707.5097895901185,-833.1233569892673,-789.0285704779247,1416.394478556955,1807.1295473076084,1130.0786378106193
-1460.9534498730511,-734.9447352129238,-412.2798064897766,-130.83582120405302,-595.3316503042282,-691.7474978981686,-543.8432559029351,788.0690598599647,-284.2209747212753,364.2977346742159,-17.92537787739533,-575.6548220330593,-543.1607051650926,1178.9610406814472,39.78586051140153,-50.035229176337154,213.56093128992876,-698.9346715598389,270.2811732311563,889.303235373917,299.8328477653614,531.2423983332313,900.2989448232496,512.2685609236647,-927.2488727742826,-485.9386604771233,-1086.7131840805414,278.4781854183501,374.3175062256035,-173.4522579938547,62.528504308014355,1737.7108069856,-607.2912043245327,250.30787321644956,760.2936949039681,2149.741385154809,1307.5017671800372,-1067.774530918742,-521.031775630252,-493.4280067434162,885.7701559268221,1130.0786378106193,706.7216994593118
