V1,V2,V3,V4,V5,V6,V7,V8,V9,V10,V11,V12,V13,V14,V15,V16,V17,V18,V19,V20,V21,V22,V23,V24,V25,V26,V27,V28,V29,V30,V31,V32,V33,V34,V35,V36,V37,V38,V39,V40,V41,V42,V43,V44
2.487624322239658,0.07087703991742361,-2.502408607394039,2.164440696527571,2.3147527447844918,-8.457924775417693,-2.0313279374709934,1.6534439483967778,1.685099400712028,-0.041427258119694714,-0.5868265755885449,-2.5048881584736846,2.059040297059458,-0.949009544937594,-2.665540728104848,-0.5706041738378426,7.646315590995946,-3.0319471350138683,0.12859737981039587,6.413457164901331,-1.3925261859907743,-0.001935063555242677,-6.543431943696533,-3.2096657995232456,-4.314670266695188,1.1636439751939676,-0.9513435073346729,-1.6545320053699728,3.387096392762202,0.26720066653521996,-5.071755392022418,3.190696528353377,1.837099865544625,-3.5127309758998524,-8.909541071000854,4.665698721176009,-7.098604186864526,-1.2034706831034012,-3.2210288613067077,-0.003451571129936236,0.6137748065050268,6.324023930061465,1.1240895956432775,3.2184606967012868
0.07087703991742361,0.2350815406504743,0.06929007238499951,-0.0227043007213724,-0.3539541981409304,0.36409716331149167,0.18018662659445286,-0.37742944419194135,-0.19059490285421818,-0.18313939342834154,0.22073293933843416,-0.094791426065365,-0.1321022720144316,-0.11483149816687302,0.12800618454304047,0.3003043148251268,-0.46191310031921706,0.20848546358441303,0.16956468598262653,-0.2362544840579791,-0.08166986276975309,-0.09365296705203273,0.16945181680166901,-0.13731682604504286,0.15517549222169413,-0.006316813046615352,0.2418812140598539,0.19362348665132248,-0.14676143963479008,0.22204151539842518,-0.06950053603997905,-0.08341318981618603,-0.12176876380967656,0.29857751054153864,-0.1265642466609634,-0.2483275437648328,0.3515229996687945,0.11585465030546405,0.048858521797986276,0.04306849601608269,0.009157760815998384,-0.39355715344104136,0.08902107285990493,-0.21717360922143764
-2.502408607394039,0.06929007238499951,3.421661623026813,-2.497262649362369,-3.8592118875384682,11.529944490048477,3.020717752341607,-2.8889513553385218,-2.736175954892966,-0.18496833211375868,1.1384406853848623,2.785166939939925,-3.1141187480035857,0.7014051666948404,4.019168634090145,1.4459575983125135,-10.50356592450967,3.8991044541918374,0.6452752885686438,-8.455334342896698,1.3619737066883677,0.08960062577797381,8.095339075774438,3.7248407571694333,5.675754902185513,-1.2483245557316704,1.616136316207322,2.393433680697513,-4.231110461810342,0.5330350182733697,5.699208749078178,-4.59148535885956,-2.6519821870597853,4.63987772751525,10.341646950117644,-6.223995261323867,9.916767358122028,1.660939796622227,4.189198410718521,0.10013892744268187,-0.716804214561291,-8.782547419100728,-1.0103031033922933,-4.070131950863529
2.164440696527571,-0.0227043007213724,-2.497262649362369,2.0195264883557034,2.5789387870095104,-8.387990081730035,-2.1234062295490217,1.8779860290201857,1.8542064052764364,0.05586407585543681,-0.711826959682582,-2.265703444779422,2.1526787401045904,-0.7475816942966004,-2.7863695386188634,-0.8167267727093304,7.649872633339195,-2.982447378480436,-0.16173063417440275,6.289335352287465,-1.1791484042749987,-0.02905502524253775,-6.259368720734638,-2.9744847967135875,-4.1990975776900354,1.0566200520576998,-1.0791822825811368,-1.7103108991279732,3.229270389275044,-0.02805738844037097,-4.5898290838067215,3.2394528860958616,1.8993716805115421,-3.471500739348389,-8.211611303408262,4.597258279301242,-7.16547624664458,-1.2205749724008308,-3.0973998350178933,-0.054681412293517535,0.5719294941412784,6.356752196938132,0.9545079915541073,3.120854825050792
2.3147527447844918,-0.3539541981409304,-3.8592118875384682,2.5789387870095104,5.035048591834022,-13.290083439484794,-3.528098039317799,4.018374675579519,3.4878052187379134,0.42030748415955277,-1.5858436103732119,-2.740890715965199,3.8932013483019245,-0.3706231959490184,-4.856043193600429,-2.33806299260071,12.206034673436141,-4.399340142101355,-1.3949596545391818,9.425698134761875,-1.0969074099440372,-0.0746629775843974,-8.741318789959676,-3.624900141862661,-6.278368835140612,1.2058755687343798,-2.162729375012354,-2.8969526301430135,4.710717665868133,-1.2229268283075052,-5.6975112924797235,5.357398858882396,3.1623475091067297,-5.280241430426646,-10.503152139443133,7.074120725440883,-11.46267893504381,-1.945554757869152,-4.688602906798338,-0.21289260328700224,0.7547368307991327,10.214970817716575,0.7424179109179472,4.481661183523508
-8.457924775417693,0.36409716331149167,11.529944490048477,-8.387990081730035,-13.290083439484794,39.494639680221816,10.078581516465208,-10.242881870214893,-9.315279833209416,-0.6462193708439344,3.975801391098917,9.362198168924648,-10.821488128494954,2.1981503132987004,13.734152053116363,5.337018229244149,-35.83683744183575,13.170337722360035,2.4546666490486255,-28.557769356076285,4.486437638557968,0.16138765185461645,27.346756177533546,12.301155643461287,19.248637613100577,-4.131385662114505,5.5775374425444,8.174020510441153,-14.539146500104357,2.040679475194331,19.33648165918601,-15.68453788284382,-9.010291251619396,15.734126417582353,34.8032276827748,-21.158045612050525,33.65289279519381,5.6620815519505605,14.40383949893638,0.3178101261738083,-2.433526331259699,-29.98901016527703,-3.2037740754307826,-13.711176324493616
-2.0313279374709934,0.18018662659445286,3.020717752341607,-2.1234062295490217,-3.528098039317799,10.078581516465208,2.969634985697768,-2.568594472964167,-2.4783857822204265,-0.3612808208129671,1.1987459312276145,2.2937711666089684,-2.5621987963419035,0.5786564145176325,3.494866461832074,1.1370884473424057,-9.381604562278996,3.4811319551200786,0.5035994511193679,-7.632284401470177,1.2589482375388272,0.05640755422317798,7.091445469294678,3.179649911232114,5.144546702025137,-1.1344783383064465,1.5348966476298134,2.1731886206091424,-3.6406207898196525,0.5883475016557711,4.859033387630716,-3.943662236998903,-2.2967222290396156,4.277292511702499,8.939072080553238,-5.663443931750142,8.799366549457508,1.437866882091193,3.5785289469981203,0.1104955881205408,-0.5890825568158933,-7.819621835902708,-0.892875445830188,-3.7536180897902205
1.6534439483967778,-0.37742944419194135,-2.8889513553385218,1.8779860290201857,4.018374675579519,-10.242881870214893,-2.568594472964167,3.4412322828818462,2.73766263561943,0.40038000719774175,-1.263385838492415,-1.9773653951580623,3.1634946509959496,-0.10273074282166078,-3.7661600039628915,-2.176573822162242,9.367506661207884,-3.298735515682614,-1.3215558322865781,7.00305489183062,-0.6542237868550075,9.631716097490313e-4,-6.464087897225315,-2.464561922703208,-4.699284399041535,0.7810454866127727,-1.7868541935183146,-2.275955307082571,3.654321181023134,-1.1917231846244996,-4.143286846924669,4.105813761625513,2.4688749713147806,-4.0018509707914856,-7.5520764818185935,5.320098535140082,-8.70264340843722,-1.5274465968592497,-3.6169895641252325,-0.17414698100153655,0.5651383717071413,7.825720875874947,0.33992397275096997,3.329045715859365
1.685099400712028,-0.19059490285421818,-2.736175954892966,1.8542064052764364,3.4878052187379134,-9.315279833209416,-2.4783857822204265,2.73766263561943,2.4722106141841413,0.25373942098405566,-1.029996455022625,-1.9930236517510733,2.72594533360053,-0.3297505183717883,-3.418707302623583,-1.5273420194232976,8.565096933473761,-3.1245052903765616,-0.9441663810245494,6.6868205397095615,-0.7983751546712788,-0.09935047172498805,-6.221355226058929,-2.6509537586520966,-4.386731272346466,0.8755918375834937,-1.4687714505142682,-2.014468401655176,3.283325297363199,-0.7468583493962845,-4.067693411259084,3.7670016448499988,2.2301295684265363,-3.6901135661670725,-7.555177089381714,4.957259743160416,-8.078476203300609,-1.3460985724973749,-3.284177666502114,-0.1604082131932165,0.5519597424306888,7.110246705696158,0.5867410502340441,3.1492366091193444
-0.041427258119694714,-0.18313939342834154,-0.18496833211375868,0.05586407585543681,0.42030748415955277,-0.6462193708439344,-0.3612808208129671,0.40038000719774175,0.25373942098405566,0.2571814077490326,-0.247578646653415,0.031537435508657695,0.13074773547742352,0.089268288835368,-0.20786116768902876,-0.21623441219556735,0.7460122852388316,-0.26329131364031244,-0.11268852217015841,0.5488694234072731,-0.024692947894752716,0.06089418084878563,-0.35814126104935046,0.014545232285999798,-0.40121578426432003,0.02134390857795074,-0.29486587739586617,-0.25751446754362056,0.21984054850223986,-0.28617803872593295,-0.08632146748613334,0.17097313881114504,0.17348762188543565,-0.45476467978880364,-0.20351678608241272,0.4519261498839083,-0.6208413453866132,-0.12968485305908536,-0.15204476918476603,-0.030425822084816465,0.003860463913222188,0.597570313929397,-0.06980957802433127,0.36556319638850077
-0.5868265755885449,0.22073293933843416,1.1384406853848623,-0.711826959682582,-1.5858436103732119,3.975801391098917,1.1987459312276145,-1.263385838492415,-1.029996455022625,-0.247578646653415,0.6732831633019529,0.6950094153957159,-1.0774101724968996,0.03567078309551799,1.3981727625696958,0.7408241377678384,-3.7295903755826476,1.3204228560784887,0.3813583136377524,-2.8605738996994514,0.36131989040687035,-0.053763371024232634,2.557609982927918,0.966336154188353,2.0047624070227634,-0.35380296639762915,0.7453116582088336,0.9319546724944877,-1.416882029948082,0.5046447608329155,1.6277045161561805,-1.5540448878167168,-0.909018587162842,1.7059577851561796,2.9643545603091335,-2.240123349700244,3.451368307549171,0.5978502186887303,1.3580701279711616,0.04491147641446702,-0.17714238130323096,-3.1894244753199557,-0.1769788000191427,-1.4455492116715596
-2.5048881584736846,-0.094791426065365,2.785166939939925,-2.265703444779422,-2.740890715965199,9.362198168924648,2.2937711666089684,-1.9773653951580623,-1.9930236517510733,0.031537435508657695,0.6950094153957159,2.6360483807292923,-2.389996712610806,0.8959786003914962,3.097623773736603,0.8004935797740136,-8.45764345669109,3.254340288986251,0.10393989388482869,-6.993110810031347,1.3836874613185286,0.07638691043483417,6.989723684440566,3.409012501574794,4.70306497047744,-1.1801622659080702,1.104800821255963,1.832718005153824,-3.624508453852424,-0.06110880505910148,5.272455016268185,-3.6351011585579505,-2.0876052699490812,3.7772420069137045,9.393777613779987,-5.092392006995407,7.922909308853157,1.3274007813738098,3.532018554124414,0.03454324306777994,-0.6522881461408946,-7.0121320271654435,-1.1054717176239457,-3.4202610612475888
2.059040297059458,-0.1321022720144316,-3.1141187480035857,2.1526787401045904,3.8932013483019245,-10.821488128494954,-2.5621987963419035,3.1634946509959496,2.72594533360053,0.13074773547742352,-1.0774101724968996,-2.389996712610806,3.292533980171242,-0.3582760137981448,-3.9521473652658132,-1.94327134043339,9.725118676599381,-3.4873171575783033,-1.1457895243226586,7.468908168787477,-0.8759854293359151,-0.08710648407602062,-7.1094237858066425,-3.0605667894786572,-4.965267908386875,0.9462582196983034,-1.60565645276213,-2.2597679742416723,3.886000186587025,-0.8422806704093629,-4.824187805326126,4.433412254789426,2.5649699664022365,-4.070440523355965,-8.749907128034415,5.55646727519228,-9.191862727036497,-1.573752798207229,-3.9153088301312464,-0.13188298564423273,0.6500029053746781,8.15647473532392,0.6161321382038365,3.4535340300625212
-0.949009544937594,-0.11483149816687302,0.7014051666948404,-0.7475816942966004,-0.3706231959490184,2.1981503132987004,0.5786564145176325,-0.10273074282166078,-0.3297505183717883,0.089268288835368,0.03567078309551799,0.8959786003914962,-0.3582760137981448,0.5178745243046051,0.5839768504035261,-0.2581188230190664,-2.029945885506157,0.9199254188650745,-0.3905307607155844,-1.9304147572388686,0.6093703926277404,0.027922098738108737,2.0873830016921016,1.1776682054413354,1.2612640497654437,-0.4798698235299484,0.11518581142452818,0.3783701106944879,-0.9661428420046381,-0.44975843982489805,1.7626374454641482,-0.751812870416381,-0.43305674984601755,1.014460169712914,3.1117737131302112,-1.349567082404647,1.8641503562048458,0.2818321796176307,0.8803600799579913,-0.012929845422625295,-0.2076275168263073,-1.6174202011511407,-0.5638401330869768,-1.0167408981398331
-2.665540728104848,0.12800618454304047,4.019168634090145,-2.7863695386188634,-4.856043193600429,13.734152053116363,3.494866461832074,-3.7661600039628915,-3.418707302623583,-0.20786116768902876,1.3981727625696958,3.097623773736603,-3.9521473652658132,0.5839768504035261,4.977932336308634,2.1129230020597545,-12.439600073782094,4.496390125032603,1.2109324838459876,-9.765216487758803,1.314721755782713,0.14019957852165685,9.229671559415833,4.105830531214312,6.514069175124854,-1.3208490972098568,1.9892338726790224,2.843334462578471,-4.905543252962482,0.9511646738484908,6.291854692178132,-5.594526487643378,-3.220718047522339,5.315744448243564,11.500800561916583,-7.221154506800073,11.784350424729865,1.9763803071001638,4.959929518972911,0.16841027078268478,-0.8298540782944009,-10.423026576601728,-0.9550145553951624,-4.564529692491229
-0.5706041738378426,0.3003043148251268,1.4459575983125135,-0.8167267727093304,-2.33806299260071,5.337018229244149,1.1370884473424057,-2.176573822162242,-1.5273420194232976,-0.21623441219556735,0.7408241377678384,0.8004935797740136,-1.94327134043339,-0.2581188230190664,2.1129230020597545,1.7518701608598843,-4.76292971529215,1.5780446913995514,1.1500073159453401,-3.2140131936238134,-0.009116171568273844,-0.03613301960251378,2.9442890783333677,0.9348667857584977,2.2034029131854793,-0.17961939581947858,1.0720576043120538,1.2356831991115684,-1.8437502946833209,1.02783973776359,1.6527881319660964,-2.2652704885828148,-1.388785593439092,1.895553829705832,2.99702950537526,-2.5138102996892817,4.503719226088518,0.8884859588338787,1.839286259423365,0.10712252845869229,-0.2504763805372308,-4.100760233723812,0.14051077013390678,-1.468164087375169
7.646315590995946,-0.46191310031921706,-10.50356592450967,7.649872633339195,12.206034673436141,-35.83683744183575,-9.381604562278996,9.367506661207884,8.565096933473761,0.7460122852388316,-3.7295903755826476,-8.45764345669109,9.725118676599381,-2.029945885506157,-12.439600073782094,-4.76292971529215,32.74241914155223,-12.120348412022727,-2.1558079406704187,26.151742568103874,-4.110967104878097,-0.14034528074002023,-24.962787264857564,-11.148602985433003,-17.582370438270754,3.8235015467852254,-5.189695133435347,-7.516640419563413,13.20616353415323,-1.8499852756335295,-17.50869112185593,14.135935302513978,8.20681158587441,-14.510948344083326,-31.64396604042434,19.398308507962312,-30.668450723463877,-5.157259523800088,-12.991569570520737,-0.33715778409674896,2.1998948715455797,27.325950802663638,2.96543942161068,12.671620877515583
-3.0319471350138683,0.20848546358441303,3.8991044541918374,-2.982447378480436,-4.399340142101355,13.170337722360035,3.4811319551200786,-3.298735515682614,-3.1245052903765616,-0.26329131364031244,1.3204228560784887,3.254340288986251,-3.4873171575783033,0.9199254188650745,4.496390125032603,1.5780446913995514,-12.120348412022727,4.657453066960063,0.5967344918913694,-9.803193909982756,1.6248790156857624,0.028786220510419663,9.513164213602348,4.3139671123363,6.510694182998786,-1.5452707323283983,1.8852308230815087,2.79032397444796,-4.939636565445278,0.4191778776021005,6.695857226647129,-5.126327236369141,-3.0304859441450263,5.487930134207252,12.100204190754487,-7.223363387974395,11.344722598649607,1.9317864173503057,4.756647431695332,0.1407079041626828,-0.8437805609669103,-10.072985497388807,-1.2759201858115932,-4.845761978125431
0.12859737981039587,0.16956468598262653,0.6452752885686438,-0.16173063417440275,-1.3949596545391818,2.4546666490486255,0.5035994511193679,-1.3215558322865781,-0.9441663810245494,-0.11268852217015841,0.3813583136377524,0.10393989388482869,-1.1457895243226586,-0.3905307607155844,1.2109324838459876,1.1500073159453401,-2.1558079406704187,0.5967344918913694,1.0325421576287495,-1.2512201731937242,-0.3380735540476055,0.057500299576939466,0.9260056090948179,0.11217944734632468,0.7514981568044667,0.08324261953767809,0.5670381847167786,0.5827355304619183,-0.637382980685615,0.821773249535691,0.17026546579998558,-1.2096321851171852,-0.7162280030908528,0.6715861503183058,0.4948821967565304,-0.9744637362442883,2.1368039646215666,0.38993565331926144,0.7789762227923447,0.11515551110471638,-0.08780719609498183,-1.8513325723247305,0.31713413489390013,-0.3884710367198577
6.413457164901331,-0.2362544840579791,-8.455334342896698,6.289335352287465,9.425698134761875,-28.557769356076285,-7.632284401470177,7.00305489183062,6.6868205397095615,0.5488694234072731,-2.8605738996994514,-6.993110810031347,7.468908168787477,-1.9304147572388686,-9.765216487758803,-3.2140131936238134,26.151742568103874,-9.803193909982756,-1.2512201731937242,21.2438523515266,-3.626847534344154,-0.1399756121279645,-20.351589129345875,-9.328798554570358,-14.2484280879619,3.2617290061506523,-3.977061483570544,-5.943585694919818,10.582131461962707,-1.0625013229684495,-14.484847528723567,11.183631875891589,6.460545735431599,-11.734115571597322,-26.18196230762068,15.6582450052806,-24.51555706540945,-4.059201785366224,-10.386980317290112,-0.23298471447812158,1.7968080866672835,21.76720842425454,2.691313693743943,10.34948500676001
-1.3925261859907743,-0.08166986276975309,1.3619737066883677,-1.1791484042749987,-1.0969074099440372,4.486437638557968,1.2589482375388272,-0.6542237868550075,-0.7983751546712788,-0.024692947894752716,0.36131989040687035,1.3836874613185286,-0.8759854293359151,0.6093703926277404,1.314721755782713,-0.009116171568273844,-4.110967104878097,1.6248790156857624,-0.3380735540476055,-3.626847534344154,0.9600042006904466,-0.008453502582967525,3.6197276247937538,1.8582871888350094,2.5167593803594333,-0.6997944497180109,0.4628293302379312,0.8638395827955733,-1.810038866675818,-0.23694771110049004,2.9116882993612827,-1.63231089929027,-0.898652171502619,1.9921486798192578,5.1126389545670525,-2.642785457211965,3.7989652493601755,0.6020067564091025,1.7201216906331944,-0.03774232223307354,-0.31571516792538756,-3.406869074560524,-0.721778013579432,-1.868219298642605
-0.001935063555242677,-0.09365296705203273,0.08960062577797381,-0.02905502524253775,-0.0746629775843974,0.16138765185461645,0.05640755422317798,9.631716097490313e-4,-0.09935047172498805,0.06089418084878563,-0.053763371024232634,0.07638691043483417,-0.08710648407602062,0.027922098738108737,0.14019957852165685,-0.03613301960251378,-0.14034528074002023,0.028786220510419663,0.057500299576939466,-0.1399756121279645,-0.008453502582967525,0.10391746159619383,0.09310677312212208,0.11853760940849778,0.044861706227448395,-0.016213106549267907,-0.025308640899126007,-7.793049196148603e-4,-9.902755460081758e-4,-0.01395529560923849,0.026082514465425987,-0.12598940803754863,-0.06864508834015913,-0.014135086555583504,0.17628734982735478,-0.06641112138464782,0.18844184618145338,-0.005283899855627359,0.0685135042446541,0.027478542104861704,-0.020675669204834768,-0.08904349535457011,-0.037437416087553695,0.00679192484185959
-6.543431943696533,0.16945181680166901,8.095339075774438,-6.259368720734638,-8.741318789959676,27.346756177533546,7.091445469294678,-6.464087897225315,-6.221355226058929,-0.35814126104935046,2.557609982927918,6.989723684440566,-7.1094237858066425,2.0873830016921016,9.229671559415833,2.9442890783333677,-24.962787264857564,9.513164213602348,0.9260056090948179,-20.351589129345875,3.6197276247937538,0.09310677312212208,19.859793462375688,9.24141885363819,13.639697203607419,-3.2486747664100317,3.6734331852957953,5.62882538397395,-10.31423571444425,0.6238710907390446,14.346692634750704,-10.652985999026763,-6.1819652649848384,11.242539973057456,25.7630240712752,-14.953593012369018,23.392876422056055,3.934930671283317,10.021990651757475,0.19461225789533898,-1.7821221267277887,-20.7832107674504,-2.7907097076981318,-9.992151249255722
-3.2096657995232456,-0.13731682604504286,3.7248407571694333,-2.9744847967135875,-3.624900141862661,12.301155643461287,3.179649911232114,-2.464561922703208,-2.6509537586520966,0.014545232285999798,0.966336154188353,3.409012501574794,-3.0605667894786572,1.1776682054413354,4.105830531214312,0.9348667857584977,-11.148602985433003,4.3139671123363,0.11217944734632468,-9.328798554570358,1.8582871888350094,0.11853760940849778,9.24141885363819,4.600815180615039,6.250189465895845,-1.5841450679581681,1.4471872394069634,2.4269442644241868,-4.664720719093166,-0.05610033013812442,6.866281768566668,-4.834276606261564,-2.7523112538436454,5.024104074593805,12.343629706473843,-6.7434399986164655,10.57772856536206,1.7519575050423108,4.572618551105564,0.046237643165110975,-0.8438122975625961,-9.29726573386301,-1.5070282470680723,-4.548673765859359
-4.314670266695188,0.15517549222169413,5.675754902185513,-4.1990975776900354,-6.278368835140612,19.248637613100577,5.144546702025137,-4.699284399041535,-4.386731272346466,-0.40121578426432003,2.0047624070227634,4.70306497047744,-4.965267908386875,1.2612640497654437,6.514069175124854,2.2034029131854793,-17.582370438270754,6.510694182998786,0.7514981568044667,-14.2484280879619,2.5167593803594333,0.044861706227448395,13.639697203607419,6.250189465895845,9.733763933378198,-2.146713721319105,2.704107293754771,3.9953340447240424,-7.186461401805306,0.8151371454591894,9.81976935252963,-7.509997429722907,-4.314374800931657,7.915227531681381,17.63394747154457,-10.571899646955828,16.447993073341546,2.7560685940510106,7.038506962112647,0.10076479796423621,-1.179026862384945,-14.714468793047416,-1.764230523944735,-6.99363011011812
1.1636439751939676,-0.006316813046615352,-1.2483245557316704,1.0566200520576998,1.2058755687343798,-4.131385662114505,-1.1344783383064465,0.7810454866127727,0.8755918375834937,0.02134390857795074,-0.35380296639762915,-1.1801622659080702,0.9462582196983034,-0.4798698235299484,-1.3208490972098568,-0.17961939581947858,3.8235015467852254,-1.5452707323283983,0.08324261953767809,3.2617290061506523,-0.6997944497180109,-0.016213106549267907,-3.2486747664100317,-1.5841450679581681,-2.146713721319105,0.6415460194576904,-0.4768594408807494,-0.8298524450745876,1.6173267520260797,0.14036429149740554,-2.4297507959159947,1.5572786761314676,0.8897856252780664,-1.8041276488741775,-4.353703625557982,2.382205198549742,-3.5487533354138217,-0.5718327058365924,-1.5424282201026889,-0.03275556995810336,0.2923205925709638,3.1674940636944076,0.6061599530245577,1.6496167166358
-0.9513435073346729,0.2418812140598539,1.616136316207322,-1.0791822825811368,-2.162729375012354,5.5775374425444,1.5348966476298134,-1.7868541935183146,-1.4687714505142682,-0.29486587739586617,0.7453116582088336,1.104800821255963,-1.60565645276213,0.11518581142452818,1.9892338726790224,1.0720576043120538,-5.189695133435347,1.8852308230815087,0.5670381847167786,-3.977061483570544,0.4628293302379312,-0.025308640899126007,3.6734331852957953,1.4471872394069634,2.704107293754771,-0.4768594408807494,1.020732745969861,1.2860519582806398,-2.0226637137081216,0.609838373166749,2.36085858953015,-2.183474750104771,-1.3451046655750662,2.3298855070390174,4.32374885009517,-3.0141812337826033,4.825330981216911,0.8646298203886438,1.936469113471154,0.08201416064639895,-0.29995429741307306,-4.341603431595214,-0.2586808609197257,-1.9819485173567704
-1.6545320053699728,0.19362348665132248,2.393433680697513,-1.7103108991279732,-2.8969526301430135,8.174020510441153,2.1731886206091424,-2.275955307082571,-2.014468401655176,-0.25751446754362056,0.9319546724944877,1.832718005153824,-2.2597679742416723,0.3783701106944879,2.843334462578471,1.2356831991115684,-7.516640419563413,2.79032397444796,0.5827355304619183,-5.943585694919818,0.8638395827955733,-7.793049196148603e-4,5.62882538397395,2.4269442644241868,3.9953340447240424,-0.8298524450745876,1.2860519582806398,1.7905049469339567,-3.0064064893149074,0.5528764046791274,3.848761211971972,-3.2103905704965356,-1.900746816612206,3.3701306255354626,6.96874307322911,-4.436157995301163,7.033472840796024,1.2090814240568148,2.9122828864015307,0.08691258781365106,-0.4805252761228144,-6.287514807249351,-0.5941028704051323,-2.918636763280693
3.387096392762202,-0.14676143963479008,-4.231110461810342,3.229270389275044,4.710717665868133,-14.539146500104357,-3.6406207898196525,3.654321181023134,3.283325297363199,0.21984054850223986,-1.416882029948082,-3.624508453852424,3.886000186587025,-0.9661428420046381,-4.905543252962482,-1.8437502946833209,13.20616353415323,-4.939636565445278,-0.637382980685615,10.582131461962707,-1.810038866675818,-9.902755460081758e-4,-10.31423571444425,-4.664720719093166,-7.186461401805306,1.6173267520260797,-2.0226637137081216,-3.0064064893149074,5.52950141810922,-0.5329728360673492,-7.480798505621273,5.657698713623213,3.2798943035780423,-5.903152776227655,-13.311024822648854,7.866498248965906,-12.293909871956473,-2.1111430082387384,-5.3676939203417176,-0.08729567304226005,0.9181448677719075,11.042369009062043,1.3088692783054514,5.203828957777377
0.26720066653521996,0.22204151539842518,0.5330350182733697,-0.02805738844037097,-1.2229268283075052,2.040679475194331,0.5883475016557711,-1.1917231846244996,-0.7468583493962845,-0.28617803872593295,0.5046447608329155,-0.06110880505910148,-0.8422806704093629,-0.44975843982489805,0.9511646738484908,1.02783973776359,-1.8499852756335295,0.4191778776021005,0.821773249535691,-1.0625013229684495,-0.23694771110049004,-0.01395529560923849,0.6238710907390446,-0.05610033013812442,0.8151371454591894,0.14036429149740554,0.609838373166749,0.5528764046791274,-0.5329728360673492,0.9653618632818872,0.014640726892057521,-0.9481750363873988,-0.5710339348819604,0.6944893437970344,0.1447471744142457,-0.9049807906509764,1.7827712965368072,0.3524684811445094,0.6257752224569452,0.062468510739783385,-0.015825626932890073,-1.6618221770120725,0.38397200261684417,-0.42495391743553246
-5.071755392022418,-0.06950053603997905,5.699208749078178,-4.5898290838067215,-5.6975112924797235,19.33648165918601,4.859033387630716,-4.143286846924669,-4.067693411259084,-0.08632146748613334,1.6277045161561805,5.272455016268185,-4.824187805326126,1.7626374454641482,6.291854692178132,1.6527881319660964,-17.50869112185593,6.695857226647129,0.17026546579998558,-14.484847528723567,2.9116882993612827,0.026082514465425987,14.346692634750704,6.866281768566668,9.81976935252963,-2.4297507959159947,2.36085858953015,3.848761211971972,-7.480798505621273,0.014640726892057521,10.847234117076878,-7.436698681687888,-4.216862230033169,7.931345736030758,19.196830624977256,-10.62635394156481,16.324761059506255,2.720490847451896,7.255453537005227,0.026562716921543994,-1.3012558693452425,-14.570695105599592,-2.211724819384276,-7.147605361813577
3.190696528353377,-0.08341318981618603,-4.59148535885956,3.2394528860958616,5.357398858882396,-15.68453788284382,-3.943662236998903,4.105813761625513,3.7670016448499988,0.17097313881114504,-1.5540448878167168,-3.6351011585579505,4.433412254789426,-0.751812870416381,-5.594526487643378,-2.2652704885828148,14.135935302513978,-5.126327236369141,-1.2096321851171852,11.183631875891589,-1.63231089929027,-0.12598940803754863,-10.652985999026763,-4.834276606261564,-7.509997429722907,1.5572786761314676,-2.183474750104771,-3.2103905704965356,5.657698713623213,-0.9481750363873988,-7.436698681687888,6.3921684203937055,3.6137818890706,-6.068537177993386,-13.46442352096452,8.254566744462556,-13.41421873112877,-2.2490379012784203,-5.7146553482905675,-0.13344067006734775,0.9492799423137851,11.89451206554189,1.176507993300719,5.240953352791783
1.837099865544625,-0.12176876380967656,-2.6519821870597853,1.8993716805115421,3.1623475091067297,-9.010291251619396,-2.2967222290396156,2.4688749713147806,2.2301295684265363,0.17348762188543565,-0.909018587162842,-2.0876052699490812,2.5649699664022365,-0.43305674984601755,-3.220718047522339,-1.388785593439092,8.20681158587441,-3.0304859441450263,-0.7162280030908528,6.460545735431599,-0.898652171502619,-0.06864508834015913,-6.1819652649848384,-2.7523112538436454,-4.314374800931657,0.8897856252780664,-1.3451046655750662,-1.900746816612206,3.2798943035780423,-0.5710339348819604,-4.216862230033169,3.6137818890706,2.142147424090636,-3.57529953141557,-7.691850285664878,4.766943210906345,-7.753805322910474,-1.3388401254125535,-3.240235318122814,-0.11440167072867996,0.5561725299202974,6.856589584363524,0.6646368218684388,3.0961301915350616
-3.5127309758998524,0.29857751054153864,4.63987772751525,-3.471500739348389,-5.280241430426646,15.734126417582353,4.277292511702499,-4.0018509707914856,-3.6901135661670725,-0.45476467978880364,1.7059577851561796,3.7772420069137045,-4.070440523355965,1.014460169712914,5.315744448243564,1.895553829705832,-14.510948344083326,5.487930134207252,0.6715861503183058,-11.734115571597322,1.9921486798192578,-0.014135086555583504,11.242539973057456,5.024104074593805,7.915227531681381,-1.8041276488741775,2.3298855070390174,3.3701306255354626,-5.903152776227655,0.6944893437970344,7.931345736030758,-6.068537177993386,-3.57529953141557,6.652590216840791,14.278531559588414,-8.707634050642753,13.519022159457952,2.3016747575621643,5.684425710155968,0.14203200363448562,-0.9687709976973645,-12.101084378912814,-1.4389898050827767,-5.853172470229141
-8.909541071000854,-0.1265642466609634,10.341646950117644,-8.211611303408262,-10.503152139443133,34.8032276827748,8.939072080553238,-7.5520764818185935,-7.555177089381714,-0.20351678608241272,2.9643545603091335,9.393777613779987,-8.749907128034415,3.1117737131302112,11.500800561916583,2.99702950537526,-31.64396604042434,12.100204190754487,0.4948821967565304,-26.18196230762068,5.1126389545670525,0.17628734982735478,25.7630240712752,12.343629706473843,17.63394747154457,-4.353703625557982,4.32374885009517,6.96874307322911,-13.311024822648854,0.1447471744142457,19.196830624977256,-13.46442352096452,-7.691850285664878,14.278531559588414,34.28662680485786,-19.166189374815307,29.598121949359896,4.892019849824451,12.96239711358514,0.12798852676024086,-2.3366570757160106,-26.277490807184883,-3.9577058981894493,-12.854351116651141
4.665698721176009,-0.2483275437648328,-6.223995261323867,4.597258279301242,7.074120725440883,-21.158045612050525,-5.663443931750142,5.320098535140082,4.957259743160416,0.4519261498839083,-2.240123349700244,-5.092392006995407,5.55646727519228,-1.349567082404647,-7.221154506800073,-2.5138102996892817,19.398308507962312,-7.223363387974395,-0.9744637362442883,15.6582450052806,-2.642785457211965,-0.06641112138464782,-14.953593012369018,-6.7434399986164655,-10.571899646955828,2.382205198549742,-3.0141812337826033,-4.436157995301163,7.866498248965906,-0.9049807906509764,-10.62635394156481,8.254566744462556,4.766943210906345,-8.707634050642753,-19.166189374815307,11.651300595395869,-18.104002277392787,-3.0072721659185078,-7.6904889442611415,-0.16882736185049524,1.298051428220167,16.190311471881152,1.9162947149541676,7.663770241216034
-7.098604186864526,0.3515229996687945,9.916767358122028,-7.16547624664458,-11.46267893504381,33.65289279519381,8.799366549457508,-8.70264340843722,-8.078476203300609,-0.6208413453866132,3.451368307549171,7.922909308853157,-9.191862727036497,1.8641503562048458,11.784350424729865,4.503719226088518,-30.668450723463877,11.344722598649607,2.1368039646215666,-24.51555706540945,3.7989652493601755,0.18844184618145338,23.392876422056055,10.57772856536206,16.447993073341546,-3.5487533354138217,4.825330981216911,7.033472840796024,-12.293909871956473,1.7827712965368072,16.324761059506255,-13.41421873112877,-7.753805322910474,13.519022159457952,29.598121949359896,-18.104002277392787,28.920936919700925,4.865917927692636,12.167678980874097,0.31475646575010513,-2.063130654768285,-25.658804781318377,-2.7746775239625534,-11.788396935569413
-1.2034706831034012,0.11585465030546405,1.660939796622227,-1.2205749724008308,-1.945554757869152,5.6620815519505605,1.437866882091193,-1.5274465968592497,-1.3460985724973749,-0.12968485305908536,0.5978502186887303,1.3274007813738098,-1.573752798207229,0.2818321796176307,1.9763803071001638,0.8884859588338787,-5.157259523800088,1.9317864173503057,0.38993565331926144,-4.059201785366224,0.6020067564091025,-0.005283899855627359,3.934930671283317,1.7519575050423108,2.7560685940510106,-0.5718327058365924,0.8646298203886438,1.2090814240568148,-2.1111430082387384,0.3524684811445094,2.720490847451896,-2.2490379012784203,-1.3388401254125535,2.3016747575621643,4.892019849824451,-3.0072721659185078,4.865917927692636,0.8793336651754693,2.0418844419946964,0.05380204981174232,-0.3430166732089899,-4.345269887195556,-0.43067340046714697,-2.001754801797368
-3.2210288613067077,0.048858521797986276,4.189198410718521,-3.0973998350178933,-4.688602906798338,14.40383949893638,3.5785289469981203,-3.6169895641252325,-3.284177666502114,-0.15204476918476603,1.3580701279711616,3.532018554124414,-3.9153088301312464,0.8803600799579913,4.959929518972911,1.839286259423365,-12.991569570520737,4.756647431695332,0.7789762227923447,-10.386980317290112,1.7201216906331944,0.0685135042446541,10.021990651757475,4.572618551105564,7.038506962112647,-1.5424282201026889,1.936469113471154,2.9122828864015307,-5.3676939203417176,0.6257752224569452,7.255453537005227,-5.7146553482905675,-3.240235318122814,5.684425710155968,12.96239711358514,-7.6904889442611415,12.167678980874097,2.0418844419946964,5.344409923048077,0.08846864616735521,-0.9036591565396698,-10.878539531991427,-1.2275325254742024,-4.974256878622435
-0.003451571129936236,0.04306849601608269,0.10013892744268187,-0.054681412293517535,-0.21289260328700224,0.3178101261738083,0.1104955881205408,-0.17414698100153655,-0.1604082131932165,-0.030425822084816465,0.04491147641446702,0.03454324306777994,-0.13188298564423273,-0.012929845422625295,0.16841027078268478,0.10712252845869229,-0.33715778409674896,0.1407079041626828,0.11515551110471638,-0.23298471447812158,-0.03774232223307354,0.027478542104861704,0.19461225789533898,0.046237643165110975,0.10076479796423621,-0.03275556995810336,0.08201416064639895,0.08691258781365106,-0.08729567304226005,0.062468510739783385,0.026562716921543994,-0.13344067006734775,-0.11440167072867996,0.14203200363448562,0.12798852676024086,-0.16882736185049524,0.31475646575010513,0.05380204981174232,0.08846864616735521,0.04769767514490376,-0.023475221372187098,-0.2561934415235189,-0.0050210858832145525,-0.10661782032244789
0.6137748065050268,0.009157760815998384,-0.716804214561291,0.5719294941412784,0.7547368307991327,-2.433526331259699,-0.5890825568158933,0.5651383717071413,0.5519597424306888,0.003860463913222188,-0.17714238130323096,-0.6522881461408946,0.6500029053746781,-0.2076275168263073,-0.8298540782944009,-0.2504763805372308,2.1998948715455797,-0.8437805609669103,-0.08780719609498183,1.7968080866672835,-0.31571516792538756,-0.020675669204834768,-1.7821221267277887,-0.8438122975625961,-1.179026862384945,0.2923205925709638,-0.29995429741307306,-0.4805252761228144,0.9181448677719075,-0.015825626932890073,-1.3012558693452425,0.9492799423137851,0.5561725299202974,-0.9687709976973645,-2.3366570757160106,1.298051428220167,-2.063130654768285,-0.3430166732089899,-0.9036591565396698,-0.023475221372187098,0.17434331131427833,1.808130445070911,0.25963706272872333,0.8627636157351671
6.324023930061465,-0.39355715344104136,-8.782547419100728,6.356752196938132,10.214970817716575,-29.98901016527703,-7.819621835902708,7.825720875874947,7.110246705696158,0.597570313929397,-3.1894244753199557,-7.0121320271654435,8.15647473532392,-1.6174202011511407,-10.423026576601728,-4.100760233723812,27.325950802663638,-10.072985497388807,-1.8513325723247305,21.76720842425454,-3.406869074560524,-0.08904349535457011,-20.7832107674504,-9.29726573386301,-14.714468793047416,3.1674940636944076,-4.341603431595214,-6.287514807249351,11.042369009062043,-1.6618221770120725,-14.570695105599592,11.89451206554189,6.856589584363524,-12.101084378912814,-26.277490807184883,16.190311471881152,-25.658804781318377,-4.345269887195556,-10.878539531991427,-0.2561934415235189,1.808130445070911,22.945413597738376,2.430245758676807,10.544109047628611
1.1240895956432775,0.08902107285990493,-1.0103031033922933,0.9545079915541073,0.7424179109179472,-3.2037740754307826,-0.892875445830188,0.33992397275096997,0.5867410502340441,-0.06980957802433127,-0.1769788000191427,-1.1054717176239457,0.6161321382038365,-0.5638401330869768,-0.9550145553951624,0.14051077013390678,2.96543942161068,-1.2759201858115932,0.31713413489390013,2.691313693743943,-0.721778013579432,-0.037437416087553695,-2.7907097076981318,-1.5070282470680723,-1.764230523944735,0.6061599530245577,-0.2586808609197257,-0.5941028704051323,1.3088692783054514,0.38397200261684417,-2.211724819384276,1.176507993300719,0.6646368218684388,-1.4389898050827767,-3.9577058981894493,1.9162947149541676,-2.7746775239625534,-0.43067340046714697,-1.2275325254742024,-0.0050210858832145525,0.25963706272872333,2.430245758676807,0.6642753790954606,1.3824708912973036
3.2184606967012868,-0.21717360922143764,-4.070131950863529,3.120854825050792,4.481661183523508,-13.711176324493616,-3.7536180897902205,3.329045715859365,3.1492366091193444,0.36556319638850077,-1.4455492116715596,-3.4202610612475888,3.4535340300625212,-1.0167408981398331,-4.564529692491229,-1.468164087375169,12.671620877515583,-4.845761978125431,-0.3884710367198577,10.34948500676001,-1.868219298642605,0.00679192484185959,-9.992151249255722,-4.548673765859359,-6.99363011011812,1.6496167166358,-1.9819485173567704,-2.918636763280693,5.203828957777377,-0.42495391743553246,-7.147605361813577,5.240953352791783,3.0961301915350616,-5.853172470229141,-12.854351116651141,7.663770241216034,-11.788396935569413,-2.001754801797368,-4.974256878622435,-0.10661782032244789,0.8627636157351671,10.544109047628611,1.3824708912973036,5.206672491674811
