V1,V2,V3,V4,V5,V6,V7,V8,V9,V10,V11,V12,V13,V14,V15,V16,V17,V18,V19,V20,V21,V22,V23,V24,V25,V26,V27,V28,V29,V30,V31,V32,V33,V34,V35,V36,V37,V38,V39,V40,V41,V42,V43,V44
1.20054715272393,0.08161976022244317,0.09450821839863563,0.4413183567200008,-1.4059460956716279,0.7397347336325254,-0.12608832712637533,-1.4441004711888161,-0.9225549003083102,-0.9120583322576787,0.17202532569805448,-0.9713908595313784,-1.0094686901608203,-1.2676514459732513,0.3477641733994537,0.97236845005961,-0.2054498321686209,-0.6439320795675163,1.6551336569408361,-0.06821680973087726,-0.31864782770763317,0.05429433341778215,-1.0209158205182565,-1.0684343601413948,-0.30974529528436673,0.5605663134426849,0.5527632641147924,0.16359540166213252,0.6047241445641166,1.0862578155706155,-1.3184994410257305,-0.10930724215446198,-0.4563599126650005,0.277630530576162,-2.497104017178425,0.25579344000266957,0.43286357781756063,-0.03739677438448472,-0.6096495320865402,-0.30343642207629934,0.3974876939135268,0.021291040808452465,0.7780024826348898,0.46916172673167406
0.08161976022244317,0.7973506965541755,-0.045154524027482545,0.36093755804637223,-0.12207587922959541,-0.484452114164772,0.7744802616250602,-0.23878864130366598,0.15051930048318835,0.5615430327520604,0.5973458801843816,0.21886433799618865,0.2940452432927772,0.28033578305704826,0.6236816768415034,0.7469794585295585,-0.7268782262186577,0.8185598836269989,-0.097103267228704,0.6556860009459217,-1.0589303054995516,0.04771619912642123,-0.2663301515552662,-0.4174928683926519,0.09120634588061736,-0.2944012089331906,0.39761741147502194,0.2756943282293215,-0.8115278025622429,0.8233529647785306,-0.6051486544670366,-0.8716701456132536,0.2251120890909084,-0.28283670406109546,-0.29987821147528443,-0.30095003872008225,0.14154987876166064,0.4948473377320845,1.2211035072678025,0.7013153668493152,-0.20710794911015376,-1.1286922652998916,0.2657380046432301,-0.276457178031495
0.09450821839863563,-0.045154524027482545,0.06305227752931122,0.051942818709989264,-0.16366116123679378,0.006078880670274382,-0.04007435668222526,-0.10951003656392534,-0.12593726866270474,-0.2410440807449454,-0.14484161127192913,-0.03438319277097353,-0.17906601249615509,-0.21234570734744923,-0.07106596248885762,-0.1343235992620287,0.051510110803711456,-0.13203893505061312,0.23915300083454727,-0.12419499915581964,0.0853810036909487,0.09669953229841557,-0.20233887163648107,-0.13844858515013445,-0.06232349905010512,-0.05848154606133623,0.08225009548217233,-0.02871684858199925,0.03377296449491597,0.026430269652479615,0.004636233157921338,-0.06177893404032578,0.002585641544118808,0.13924790006113566,-0.08541743372000797,0.07628897031337284,-0.056339802066985724,0.005308107240421645,-0.004469892215750264,-0.17421961022256297,0.17677550817048185,0.11876893492488289,0.03590454446945071,0.029986811451923955
0.4413183567200008,0.36093755804637223,0.051942818709989264,0.4087941204084085,-0.5822859142285683,-0.010352978179466392,0.2777697851577153,-0.5942082094830703,-0.2524058911354832,-0.16087546069405226,0.18443832050122264,-0.14305730517280482,-0.33682968507458044,-0.41274678161786665,0.381278852272091,0.5349878606734021,-0.34374991603606825,0.06586238021259948,0.6829635289757483,0.2529436659349363,-0.5540693845380045,0.1478258752660291,-0.7101286170492298,-0.6565851801631357,-0.10501825565009862,-0.06610672734566314,0.41325402421563606,0.11136903570472977,-0.25951098874879003,0.761060706110431,-0.6226881885312854,-0.5789260319853604,0.006580938492337062,0.003585883700174513,-0.8951595047641125,0.011661299707816297,0.09144809894694622,0.2839373603350142,0.5512861416299409,0.09784108684138143,0.17874703984854068,-0.4264830813838539,0.39463695380675584,0.0651099993008446
-1.4059460956716279,-0.12207587922959541,-0.16366116123679378,-0.5822859142285683,1.762663758296008,-0.7360750333196528,0.10322363491091828,1.7055066195834387,1.1333283726902494,1.2796436778252163,-0.018322599596292656,1.033547741042592,1.262712669964736,1.6202140295798295,-0.3318463590528079,-0.8394778328920659,0.22142725953199158,0.8120437063135875,-2.099890415803178,0.1956682921101306,0.2805492112501015,-0.20847521911559075,1.420871782655487,1.3951977681314087,0.3992210745802753,-0.4234003959366757,-0.7270135306310889,-0.09117656907958323,-0.5986379224327334,-1.2378111704646961,1.4243191867450073,0.26693671942306296,0.45237251922662275,-0.48848264314285994,2.768738745945072,-0.3398443368746892,-0.3428658471915983,-0.028202730069026738,0.49983350139970156,0.4994464161280166,-0.6619102194580101,-0.12003150718255937,-0.8596697378863656,-0.5012734663459425
0.7397347336325254,-0.484452114164772,0.006078880670274382,-0.010352978179466392,-0.7360750333196528,1.1343713751179316,-0.6520085634004996,-0.7878633829070982,-0.646656121315795,-0.54276999336199,0.05004067220665508,-0.9267798181118388,-0.78885387221332,-0.7834561617207589,0.09690356246529064,0.7498135049211812,0.22207959845326744,-0.8365124705468042,1.0113556482086343,-0.2568467154831831,0.24389772881635502,-0.22180467489433442,-0.1678600434644369,-0.18954448216147674,-0.21499598253237726,0.9205032266975464,-0.03347708917455514,0.06287821700587695,1.0761608042675865,0.27629429223412566,-0.7072322212061168,0.6428363449569429,-0.6303828236896457,0.03246676322434888,-1.7371664158836069,0.2579699573988419,0.5613132696779708,-0.3956613336196072,-1.4530077117275757,-0.35320763939539046,0.027542053773143175,0.5404954978475378,0.4216851655327717,0.6041257716353506
-0.12608832712637533,0.7744802616250602,-0.04007435668222526,0.2777697851577153,0.10322363491091828,-0.6520085634004996,0.8165369897060306,0.03432709528104979,0.2870847460022446,0.5999149758774591,0.5179787167190907,0.38779165833309537,0.4717869068589514,0.468462653161047,0.48432498378660055,0.4410833192000863,-0.6617678375606488,0.9114274449123372,-0.38088121029215627,0.5662216846462285,-0.9107392433404794,0.06289212870117061,-0.10400251452487978,-0.23755166011045412,0.1518389084423084,-0.4431234151528365,0.3267443406377707,0.23593104554074934,-0.896102146389152,0.5790591750053006,-0.3224224714214229,-0.8056222569522252,0.31705704711330485,-0.22620653774803992,0.19362808282059674,-0.3433791557715768,0.027503233611919503,0.49840357259808843,1.2823428603205824,0.6872842051133451,-0.21120869642690593,-1.0619631209454483,0.09183072003948192,-0.4068796569636187
-1.4441004711888161,-0.23878864130366598,-0.10951003656392534,-0.5942082094830703,1.7055066195834387,-0.7878633829070982,0.03432709528104979,1.8758920193772248,1.0699481079672748,0.9577059412571856,-0.2488256400929187,1.0634123121884422,1.1925476510559747,1.5113003503215388,-0.5477282588936444,-1.296436609248031,0.4147067197369509,0.6576367684536767,-1.9810793810999332,-0.10092511818000498,0.6128212830298766,-0.11789575309682626,1.302052664560059,1.434474324383608,0.3568036203797236,-0.6030096624702439,-0.736721080062412,-0.21135491155878805,-0.4810231094014177,-1.5036922511429571,1.659883786195745,0.4346550896618366,0.46831932212809607,-0.248507928045393,2.987602918041999,-0.3056638200941911,-0.47364624315901416,-0.027524064630285665,0.33768336750344935,0.257010828432527,-0.46884791322942565,0.250571445889203,-1.0272459731366623,-0.5568201206731397
-0.9225549003083102,0.15051930048318835,-0.12593726866270474,-0.2524058911354832,1.1333283726902494,-0.646656121315795,0.2870847460022446,1.0699481079672748,0.8268401051070529,0.9827685834432192,0.12924988055165956,0.790198627388303,0.9187025508084953,1.1340878418051246,-0.05717900547737079,-0.40305511686579354,-0.04617667045446771,0.7385724796594748,-1.4067348294333852,0.32465861805426416,-0.08557153615918289,-0.10077124375818725,0.7936155229412335,0.7635647704054079,0.3036703868501375,-0.41879828028479993,-0.3639998857587596,-0.023934703481693353,-0.683704040952181,-0.5831540340688373,0.8283182553917092,-0.10401806358037642,0.39940863659272396,-0.3878521954271034,1.8053779574855835,-0.3069766317284779,-0.26067957386234997,0.1439542468717906,0.7700630615836906,0.4990635089946524,-0.4567568966697308,-0.38793195914548473,-0.5031614993398965,-0.4152878730190594
-0.9120583322576787,0.5615430327520604,-0.2410440807449454,-0.16087546069405226,1.2796436778252163,-0.54276999336199,0.5999149758774591,0.9577059412571856,0.9827685834432192,2.1826863797199514,0.8943097351435855,0.7974399986455484,1.0977903093584505,1.7024449526141596,0.8228122674025031,1.0241873250386433,-0.6454912221455354,1.5066944515616092,-1.6495333973796513,1.1800233271773763,-1.2773184285370849,-0.3271930299380118,1.146093352727076,0.921767251796169,0.28980928683717494,-0.0685360331620315,-0.3734819143819228,0.3911165326289219,-1.018293008021136,0.05561514734105736,0.06018393920333823,-0.6542061013535134,0.28728001278251897,-1.2420289151006647,1.26221232184141,-0.5617056882981754,0.4041808281257596,0.36396769567819043,1.2767324155385043,1.432323898024087,-1.1620637948694303,-1.4712399169703194,-0.18932659049951603,-0.3074377387667615
0.17202532569805448,0.5973458801843816,-0.14484161127192913,0.18443832050122264,-0.018322599596292656,0.05004067220665508,0.5179787167190907,-0.2488256400929187,0.12924988055165956,0.8943097351435855,0.977060780306889,-0.17439955070997665,0.3028407425353746,0.4485565534025881,0.7740417092274209,1.4406616629037974,-0.6845306523865075,0.7701299405612214,-0.24196306973026635,0.7546420663553867,-1.1221014513379362,-0.3096921234066663,0.22489892935613975,-0.055313969674865904,0.12225538949332564,0.3397708112341123,0.17870428032846128,0.4877590590977775,-0.3156311908931827,0.8254682797202176,-0.916704600458382,-0.3680037031000416,-0.09733109395486116,-0.5952936723451142,-0.8575453803451644,-0.39211283009796905,0.6359664766635503,0.26634222986020156,0.386878989286801,0.9102172225073131,-0.6235857346214669,-1.1338491007189098,0.3702437523544494,-0.07989268719624448
-0.9713908595313784,0.21886433799618865,-0.03438319277097353,-0.14305730517280482,1.033547741042592,-0.9267798181118388,0.38779165833309537,1.0634123121884422,0.790198627388303,0.7974399986455484,-0.17439955070997665,1.053572049827604,0.8073375633875318,0.9969442657389684,-0.10847270355645502,-0.8203799510034416,-0.05868564968350905,0.7464614736531167,-1.2172967030491952,0.2538781287084005,-0.06829903284241719,0.16662991637606714,0.46077124928446433,0.5539713477011523,0.2271426712025515,-0.8101803202256651,-0.2450614674123501,-0.16468421288795962,-0.9765755580157593,-0.6006113308223706,1.0216568265161932,-0.4846889308977346,0.5760987924739192,-0.23075039112768816,2.153783173732795,-0.20778427601323093,-0.5321037380146169,0.2845185655561449,1.3032272688076008,0.34478947956122247,-0.1798531716336434,-0.35992383568509895,-0.5605876541862962,-0.47503855263204775
-1.0094686901608203,0.2940452432927772,-0.17906601249615509,-0.33682968507458044,1.262712669964736,-0.78885387221332,0.4717869068589514,1.1925476510559747,0.9187025508084953,1.0977903093584505,0.3028407425353746,0.8073375633875318,1.2204856428067763,1.367233730304267,-0.06777716128798972,-0.415877166961672,-0.15016449844825355,0.9678545405838865,-1.7301321456988001,0.33332003533656246,-0.121232957934117,-0.19758047984430077,1.0642106912450122,0.8884881671961518,0.4018822634400205,-0.4495278827543298,-0.3798480636001237,0.029921220468467263,-0.7124727721264762,-0.6495909871530998,0.8076893869220723,0.03161679278042326,0.418275081681329,-0.36714295643203454,1.9338839764269553,-0.44008302974743385,-0.21754136826845696,0.14900504380268423,0.7205224928228483,0.6842547751757303,-0.6025071808517558,-0.5121412088194174,-0.6021381937978644,-0.5922459625240426
-1.2676514459732513,0.28033578305704826,-0.21234570734744923,-0.41274678161786665,1.6202140295798295,-0.7834561617207589,0.468462653161047,1.5113003503215388,1.1340878418051246,1.7024449526141596,0.4485565534025881,0.9969442657389684,1.367233730304267,1.8046042363704797,0.15954032327742898,-0.12810429092466635,-0.21272979385466073,1.2732634465186634,-2.074937305131541,0.5904350187893026,-0.39779004521513633,-0.27608891488947096,1.398552165305054,1.2582138697594911,0.4080313215370268,-0.3800838993580828,-0.5616833933627405,0.12596968922855317,-0.849332472652126,-0.7439315221802888,0.874726219370631,-0.08732227600632862,0.4200626329148971,-0.7631645519709651,2.2841515303973523,-0.5300918785236778,-0.02929614694858846,0.19937832889181045,0.8912571312391423,0.9983921815515537,-0.9234467112271638,-0.7595311982720514,-0.6693182574196607,-0.5620062850260653
0.3477641733994537,0.6236816768415034,-0.07106596248885762,0.381278852272091,-0.3318463590528079,0.09690356246529064,0.48432498378660055,-0.5477282588936444,-0.05717900547737079,0.8228122674025031,0.7740417092274209,-0.10847270355645502,-0.06777716128798972,0.15954032327742898,1.0057744304517677,1.5399324152033342,-0.760661077669344,0.6667324007419417,0.30488267705804756,0.864538875694529,-1.3513667311481337,-0.08809198503638774,-0.2315122992838218,-0.3688178154526579,-0.063648804677077,0.23062989046771842,0.2995666960668171,0.3891370076554072,-0.452933766937222,1.0833490677248419,-1.0923452478474447,-0.8328306113919843,-0.10063308027893385,-0.6626962295066048,-1.1247363320435837,-0.20653420309735285,0.6010809839718001,0.39552510672829166,0.8050700364656501,0.8436420713677558,-0.44792758675157046,-1.1838667432856158,0.5318393532558001,0.11622547365379894
0.97236845005961,0.7469794585295585,-0.1343235992620287,0.5349878606734021,-0.8394778328920659,0.7498135049211812,0.4410833192000863,-1.296436609248031,-0.40305511686579354,1.0241873250386433,1.4406616629037974,-0.8203799510034416,-0.415877166961672,-0.12810429092466635,1.5399324152033342,3.002286746412273,-1.084430373427477,0.6517847340132622,0.8256020802173916,1.243980141809957,-2.0134180990541486,-0.39904333050758267,-0.2987668489908515,-0.6432158102019404,-0.13593255814281782,1.0300464223426493,0.4856238753335472,0.82180867098804,-0.05632859822645603,1.9301211138335155,-2.194036052426592,-0.7936655082205797,-0.5058351979322511,-1.0134181047146558,-2.858862537196921,-0.277723358932059,1.336836378257134,0.3323585511843812,0.24486981294703095,1.1781817342231682,-0.7727377385836763,-1.659973823822711,1.1385173388060597,0.4393547235587008
-0.2054498321686209,-0.7268782262186577,0.051510110803711456,-0.34374991603606825,0.22142725953199158,0.22207959845326744,-0.6617678375606488,0.4147067197369509,-0.04617667045446771,-0.6454912221455354,-0.6845306523865075,-0.05868564968350905,-0.15016449844825355,-0.21272979385466073,-0.760661077669344,-1.084430373427477,0.7699623896924621,-0.754050401406452,-0.047723793352656904,-0.7171465057320346,1.1652097897517617,0.021832731159943743,0.2063398906003552,0.40758178126608346,-0.05030825597000788,0.05039402418800318,-0.3695788418824785,-0.3452609672450131,0.6533965392861852,-0.945381599905829,0.8142625579506876,0.8396801304044105,-0.0839868888896167,0.40820389556226544,0.6552541468749942,0.27214675005835276,-0.349701219109019,-0.42470988918886743,-1.014710600110237,-0.7504206179270846,0.30466380879019883,1.1809584422530408,-0.39242614358542777,0.12819360138622168
-0.6439320795675163,0.8185598836269989,-0.13203893505061312,0.06586238021259948,0.8120437063135875,-0.8365124705468042,0.9114274449123372,0.6576367684536767,0.7385724796594748,1.5066944515616092,0.7701299405612214,0.7464614736531167,0.9678545405838865,1.2732634465186634,0.6667324007419417,0.6517847340132622,-0.754050401406452,1.4704253433415437,-1.2276750855798058,0.9062972683810381,-1.203938309140497,-0.1085120097887789,0.5884870993466788,0.39547151775573436,0.27044969328268853,-0.4321201204423346,0.02455311147021631,0.36847053266691093,-1.1664160567139867,0.3038418960720412,-0.06614542869765454,-0.8498538386270128,0.41066874177241364,-0.72362294397782,1.0117045610162794,-0.5514894587659058,0.18842895632091536,0.5399696902660521,1.5379161620544863,1.1865318550120896,-0.7213840747008212,-1.4323193586012914,-0.12449918414272183,-0.5304300735204084
1.6551336569408361,-0.097103267228704,0.23915300083454727,0.6829635289757483,-2.099890415803178,1.0113556482086343,-0.38088121029215627,-1.9810793810999332,-1.4067348294333852,-1.6495333973796513,-0.24196306973026635,-1.2172967030491952,-1.7301321456988001,-2.074937305131541,0.30488267705804756,0.8256020802173916,-0.047723793352656904,-1.2276750855798058,2.707034062676983,-0.34315861825081706,-0.13395112354117072,0.31940123971914103,-1.8171901141414484,-1.6161743804134756,-0.5719945582380626,0.5331076281092084,0.7791117450675774,-0.001371661456484138,0.8472382643518646,1.3207716570184354,-1.5231900940343452,-0.2796805888128299,-0.5777024394921348,0.5786797188443586,-3.210220634644366,0.5598239897973875,0.3421427775503746,-0.025238686350651105,-0.7145258686343292,-0.8187100046871141,0.900264531914117,0.4577852273939529,1.0037330533384112,0.7597229848802394
-0.06821680973087726,0.6556860009459217,-0.12419499915581964,0.2529436659349363,0.1956682921101306,-0.2568467154831831,0.5662216846462285,-0.10092511818000498,0.32465861805426416,1.1800233271773763,0.7546420663553867,0.2538781287084005,0.33332003533656246,0.5904350187893026,0.864538875694529,1.243980141809957,-0.7171465057320346,0.9062972683810381,-0.34315861825081706,1.0010223213172669,-1.3067462007906774,-0.10694983675191712,0.07462700082092341,-0.09162300830696687,0.07571160320608246,0.023899878859495554,0.14358657917654458,0.35300127716349367,-0.7757597111251424,0.8056999817974797,-0.645880308716077,-0.8822908923990357,0.13464581901569742,-0.7829710369396576,-0.2667555853255662,-0.29607201581204085,0.3623268177283902,0.40885630214715,1.1652119609363107,0.9653943835315281,-0.5718360904302724,-1.3046516120146603,0.32332654704731567,-0.057979531581910417
-0.31864782770763317,-1.0589303054995516,0.0853810036909487,-0.5540693845380045,0.2805492112501015,0.24389772881635502,-0.9107392433404794,0.6128212830298766,-0.08557153615918289,-1.2773184285370849,-1.1221014513379362,-0.06829903284241719,-0.121232957934117,-0.39779004521513633,-1.3513667311481337,-2.0134180990541486,1.1652097897517617,-1.203938309140497,-0.13395112354117072,-1.3067462007906774,2.0262709931711256,0.06741000447505693,0.3128421570038281,0.5389579905509557,0.016212908798521903,-0.08198423193302734,-0.5052047200055831,-0.6146455553271483,0.9801121532900914,-1.5464937635957732,1.3947122409125265,1.4024706052783733,-0.06981819895211633,0.9087857215019476,1.1696880033883312,0.38380212994674584,-0.6933410849929419,-0.667467253301057,-1.5663636239632523,-1.2743391147885639,0.6078881115014264,1.9011875438693453,-0.6997374560198147,0.03977088306763754
0.05429433341778215,0.04771619912642123,0.09669953229841557,0.1478258752660291,-0.20847521911559075,-0.22180467489433442,0.06289212870117061,-0.11789575309682626,-0.10077124375818725,-0.3271930299380118,-0.3096921234066663,0.16662991637606714,-0.19758047984430077,-0.27608891488947096,-0.08809198503638774,-0.39904333050758267,0.021832731159943743,-0.1085120097887789,0.31940123971914103,-0.10694983675191712,0.06741000447505693,0.2694455217877972,-0.446635849897342,-0.31395931129478616,-0.08881584949521436,-0.34482381678662166,0.16307787447092978,-0.1445853088231775,-0.2205902608999935,0.0460962755557837,0.12856330912875477,-0.3368167599920325,0.15156984428343473,0.22248145864662916,0.15054818358545488,0.1285057503866008,-0.28927163273095435,0.11641190518948674,0.4368453639480857,-0.23851922017839178,0.34917313594239163,0.08647689176663195,-8.217969744114293e-4,-0.02251349662938145
-1.0209158205182565,-0.2663301515552662,-0.20233887163648107,-0.7101286170492298,1.420871782655487,-0.1678600434644369,-0.10400251452487978,1.302052664560059,0.7936155229412335,1.146093352727076,0.22489892935613975,0.46077124928446433,1.0642106912450122,1.398552165305054,-0.2315122992838218,-0.2987668489908515,0.2063398906003552,0.5884870993466788,-1.8171901141414484,0.07462700082092341,0.3128421570038281,-0.446635849897342,1.679862615130218,1.4346064567686507,0.3366254788953462,0.1516218029889538,-0.7709417894730155,0.055450005108639774,0.048514010261182954,-1.1182553795885666,0.8927141900355133,0.7529783035449323,0.06023252908959189,-0.4892755004117663,1.7815001889187823,-0.32286282200392163,0.12490484513956959,-0.29421911539149276,-0.4744320192127283,0.5195694215747991,-0.8335445790403377,-0.004253907163011989,-0.6828215698041504,-0.29184052658937865
-1.0684343601413948,-0.4174928683926519,-0.13844858515013445,-0.6565851801631357,1.3951977681314087,-0.18954448216147674,-0.23755166011045412,1.434474324383608,0.7635647704054079,0.921767251796169,-0.055313969674865904,0.5539713477011523,0.8884881671961518,1.2582138697594911,-0.3688178154526579,-0.6432158102019404,0.40758178126608346,0.39547151775573436,-1.6161743804134756,-0.09162300830696687,0.5389579905509557,-0.31395931129478616,1.4346064567686507,1.4235677292549598,0.26165765750523107,-0.003979823802384361,-0.7813970371136328,-0.07335828796342352,0.06722174041127603,-1.2832921560065476,1.1369455372717765,0.7410040243437449,0.10301985288412409,-0.37791266704450616,2.000065230332894,-0.22128212580383977,-0.03246992096247963,-0.2572319253520146,-0.4360241180950995,0.27376151102550583,-0.6331991407122243,0.31076381377313,-0.7637003025370664,-0.24625168012320803
-0.30974529528436673,0.09120634588061736,-0.06232349905010512,-0.10501825565009862,0.3992210745802753,-0.21499598253237726,0.1518389084423084,0.3568036203797236,0.3036703868501375,0.28980928683717494,0.12225538949332564,0.2271426712025515,0.4018822634400205,0.4080313215370268,-0.063648804677077,-0.13593255814281782,-0.05030825597000788,0.27044969328268853,-0.5719945582380626,0.07571160320608246,0.016212908798521903,-0.08881584949521436,0.3366254788953462,0.26165765750523107,0.17751924315070627,-0.11900516378361281,-0.10373712235933186,0.016498944102681105,-0.2197518874264346,-0.1874890178759553,0.2817303096799574,0.06434149479695962,0.13418085631042692,-0.06919153379463444,0.5996528908829319,-0.1631096376638293,-0.0792754549322844,0.034805466498038846,0.19158758537760912,0.1860774563863862,-0.1762599687706831,-0.16067354038810208,-0.17740488763930246,-0.21023651097417223
0.5605663134426849,-0.2944012089331906,-0.05848154606133623,-0.06610672734566314,-0.4234003959366757,0.9205032266975464,-0.4431234151528365,-0.6030096624702439,-0.41879828028479993,-0.0685360331620315,0.3397708112341123,-0.8101803202256651,-0.4495278827543298,-0.3800838993580828,0.23062989046771842,1.0300464223426493,0.05039402418800318,-0.4321201204423346,0.5331076281092084,0.023899878859495554,-0.08198423193302734,-0.34482381678662166,0.1516218029889538,-0.003979823802384361,-0.11900516378361281,0.9512676977642579,-0.06703227306105504,0.23794358097656262,0.8562296962180254,0.349172277891989,-0.7749822565739709,0.5452431636210229,-0.5500746176457587,-0.2119063799348063,-1.5335073993055244,0.09879362033208453,0.6638118814376541,-0.3355457936594768,-1.2350599592505387,0.005784212837640713,-0.25914271110721127,0.14538479698340007,0.41667514798084565,0.4670848444612691
0.5527632641147924,0.39761741147502194,0.08225009548217233,0.41325402421563606,-0.7270135306310889,-0.03347708917455514,0.3267443406377707,-0.736721080062412,-0.3639998857587596,-0.3734819143819228,0.17870428032846128,-0.2450614674123501,-0.3798480636001237,-0.5616833933627405,0.2995666960668171,0.4856238753335472,-0.3695788418824785,0.02455311147021631,0.7791117450675774,0.14358657917654458,-0.5052047200055831,0.16307787447092978,-0.7709417894730155,-0.7813970371136328,-0.10373712235933186,-0.06703227306105504,0.5164553754587952,0.15271909602113196,-0.2048844697582726,0.8306722832680258,-0.7063445663242726,-0.5467181220186136,-0.0020971475562310596,0.16698609365905706,-1.0615354710990925,0.015033711091696827,0.09226478157579156,0.25877538039332454,0.4505754808973226,0.012024752979637548,0.27886001440272545,-0.4070517413360541,0.44206570529533173,0.017144955415946316
0.16359540166213252,0.2756943282293215,-0.02871684858199925,0.11136903570472977,-0.09117656907958323,0.06287821700587695,0.23593104554074934,-0.21135491155878805,-0.023934703481693353,0.3911165326289219,0.4877590590977775,-0.16468421288795962,0.029921220468467263,0.12596968922855317,0.3891370076554072,0.82180867098804,-0.3452609672450131,0.36847053266691093,-0.001371661456484138,0.35300127716349367,-0.6146455553271483,-0.1445853088231775,0.055450005108639774,-0.07335828796342352,0.016498944102681105,0.23794358097656262,0.15271909602113196,0.33621007915105083,-0.11227510485198536,0.505693274371932,-0.5525029042379395,-0.23055209968478424,-0.07610604824425685,-0.2824462775264535,-0.5884989038132926,-0.17566097235466885,0.4017396475874059,0.12450472623858036,0.1259387246375826,0.4093994087288561,-0.274694123777227,-0.5807043445633321,0.2737347458307106,-0.00881435405359334
0.6047241445641166,-0.8115278025622429,0.03377296449491597,-0.25951098874879003,-0.5986379224327334,1.0761608042675865,-0.896102146389152,-0.4810231094014177,-0.683704040952181,-1.018293008021136,-0.3156311908931827,-0.9765755580157593,-0.7124727721264762,-0.849332472652126,-0.452933766937222,-0.05632859822645603,0.6533965392861852,-1.1664160567139867,0.8472382643518646,-0.7757597111251424,0.9801121532900914,-0.2205902608999935,0.048514010261182954,0.06722174041127603,-0.2197518874264346,0.8562296962180254,-0.2048844697582726,-0.11227510485198536,1.4797575628748836,-0.3565358959139412,-0.24241029569884529,1.2433597248586574,-0.6474677981921491,0.4149745783838702,-1.2861865850597907,0.3582518360354692,0.32344147677359275,-0.6446498323873124,-2.133397712856147,-0.7673885376097307,0.2182142238722783,1.2493962928641742,0.10477956103257392,0.5250157500566989
1.0862578155706155,0.8233529647785306,0.026430269652479615,0.761060706110431,-1.2378111704646961,0.27629429223412566,0.5790591750053006,-1.5036922511429571,-0.5831540340688373,0.05561514734105736,0.8254682797202176,-0.6006113308223706,-0.6495909871530998,-0.7439315221802888,1.0833490677248419,1.9301211138335155,-0.945381599905829,0.3038418960720412,1.3207716570184354,0.8056999817974797,-1.5464937635957732,0.0460962755557837,-1.1182553795885666,-1.2832921560065476,-0.1874890178759553,0.349172277891989,0.8306722832680258,0.505693274371932,-0.3565358959139412,1.9050235448189394,-1.8092007648367332,-1.1142635847465896,-0.19320474356128686,-0.2995566633165965,-2.517866525289044,-0.07121289699310779,0.6412989048294949,0.4745298953966921,0.8088506514093985,0.5473379558883533,0.0014723808613413963,-1.2717982275196578,1.064466366076895,0.25082466121561797
-1.3184994410257305,-0.6051486544670366,0.004636233157921338,-0.6226881885312854,1.4243191867450073,-0.7072322212061168,-0.3224224714214229,1.659883786195745,0.8283182553917092,0.06018393920333823,-0.916704600458382,1.0216568265161932,0.8076893869220723,0.874726219370631,-1.0923452478474447,-2.194036052426592,0.8142625579506876,-0.06614542869765454,-1.5231900940343452,-0.645880308716077,1.3947122409125265,0.12856330912875477,0.8927141900355133,1.1369455372717765,0.2817303096799574,-0.7749822565739709,-0.7063445663242726,-0.5525029042379395,-0.24241029569884529,-1.8092007648367332,2.1134422296990985,0.6202802150423175,0.5140694431273538,0.3113241362841732,3.1508972379495193,0.017848062245978243,-0.9562658805338646,-0.2405603213257497,0.07405059885759488,-0.5059138215994406,0.12490759170700451,0.9869056991258977,-1.100352206510293,-0.4444830141666323
-0.10930724215446198,-0.8716701456132536,-0.06177893404032578,-0.5789260319853604,0.26693671942306296,0.6428363449569429,-0.8056222569522252,0.4346550896618366,-0.10401806358037642,-0.6542061013535134,-0.3680037031000416,-0.4846889308977346,0.03161679278042326,-0.08732227600632862,-0.8328306113919843,-0.7936655082205797,0.8396801304044105,-0.8498538386270128,-0.2796805888128299,-0.8822908923990357,1.4024706052783733,-0.3368167599920325,0.7529783035449323,0.7410040243437449,0.06434149479695962,0.5452431636210229,-0.5467181220186136,-0.23055209968478424,1.2433597248586574,-1.1142635847465896,0.6202802150423175,1.6175685131599464,-0.38640657192754774,0.4172408939141955,0.21214197766402523,0.14416215691099749,0.00995705759489868,-0.6911802780706896,-2.0390368433886725,-0.6510336253804173,-0.003771100214737927,1.382022241155875,-0.4347553024391287,0.1416323050442733
-0.4563599126650005,0.2251120890909084,0.002585641544118808,0.006580938492337062,0.45237251922662275,-0.6303828236896457,0.31705704711330485,0.46831932212809607,0.39940863659272396,0.28728001278251897,-0.09733109395486116,0.5760987924739192,0.418275081681329,0.4200626329148971,-0.10063308027893385,-0.5058351979322511,-0.0839868888896167,0.41066874177241364,-0.5777024394921348,0.13464581901569742,-0.06981819895211633,0.15156984428343473,0.06023252908959189,0.10301985288412409,0.13418085631042692,-0.5500746176457587,-0.0020971475562310596,-0.07610604824425685,-0.6474677981921491,-0.19320474356128686,0.5140694431273538,-0.38640657192754774,0.3929421681098864,-0.008294139677257615,1.0978664391701383,-0.12068833317317763,-0.38795116915367756,0.21133609099574208,0.8823985841692268,0.13289394287149076,0.029637858104600116,-0.266677023014097,-0.24761821644955143,-0.32153575640952947
0.277630530576162,-0.28283670406109546,0.13924790006113566,0.003585883700174513,-0.48848264314285994,0.03246676322434888,-0.22620653774803992,-0.248507928045393,-0.3878521954271034,-1.2420289151006647,-0.5952936723451142,-0.23075039112768816,-0.36714295643203454,-0.7631645519709651,-0.6626962295066048,-1.0134181047146558,0.40820389556226544,-0.72362294397782,0.5786797188443586,-0.7829710369396576,0.9087857215019476,0.22248145864662916,-0.4892755004117663,-0.37791266704450616,-0.06919153379463444,-0.2119063799348063,0.16698609365905706,-0.2824462775264535,0.4149745783838702,-0.2995566633165965,0.3113241362841732,0.4172408939141955,-0.008294139677257615,0.8372610803982552,-0.1048236382331387,0.24739002186402292,-0.42651634266914323,-0.18773444378318885,-0.5715082155332255,-0.8375820308956673,0.6975514058375419,0.8741118584751991,-0.10814949086442296,-0.034123446881500534
-2.497104017178425,-0.29987821147528443,-0.08541743372000797,-0.8951595047641125,2.768738745945072,-1.7371664158836069,0.19362808282059674,2.987602918041999,1.8053779574855835,1.26221232184141,-0.8575453803451644,2.153783173732795,1.9338839764269553,2.2841515303973523,-1.1247363320435837,-2.858862537196921,0.6552541468749942,1.0117045610162794,-3.210220634644366,-0.2667555853255662,1.1696880033883312,0.15054818358545488,1.7815001889187823,2.000065230332894,0.5996528908829319,-1.5335073993055244,-1.0615354710990925,-0.5884989038132926,-1.2861865850597907,-2.517866525289044,3.1508972379495193,0.21214197766402523,1.0978664391701383,-0.1048236382331387,5.585634387843739,-0.35582664525205415,-1.3404445332389894,0.048658971888219577,1.3624348213577975,0.13379338181854383,-0.34507782689363564,0.3940471709809004,-1.766467206418558,-1.049747487435261
0.25579344000266957,-0.30095003872008225,0.07628897031337284,0.011661299707816297,-0.3398443368746892,0.2579699573988419,-0.3433791557715768,-0.3056638200941911,-0.3069766317284779,-0.5617056882981754,-0.39211283009796905,-0.20778427601323093,-0.44008302974743385,-0.5300918785236778,-0.20653420309735285,-0.277723358932059,0.27214675005835276,-0.5514894587659058,0.5598239897973875,-0.29607201581204085,0.38380212994674584,0.1285057503866008,-0.32286282200392163,-0.22128212580383977,-0.1631096376638293,0.09879362033208453,0.015033711091696827,-0.17566097235466885,0.3582518360354692,-0.07121289699310779,0.017848062245978243,0.14416215691099749,-0.12068833317317763,0.24739002186402292,-0.35582664525205415,0.2930273869516059,-0.1253725330206491,-0.17295626281271595,-0.39783005644257885,-0.4650296895854278,0.3300737032660091,0.516764193218789,0.077342643171348,0.24499750189233332
0.43286357781756063,0.14154987876166064,-0.056339802066985724,0.09144809894694622,-0.3428658471915983,0.5613132696779708,0.027503233611919503,-0.47364624315901416,-0.26067957386234997,0.4041808281257596,0.6359664766635503,-0.5321037380146169,-0.21754136826845696,-0.02929614694858846,0.6010809839718001,1.336836378257134,-0.349701219109019,0.18842895632091536,0.3421427775503746,0.3623268177283902,-0.6933410849929419,-0.28927163273095435,0.12490484513956959,-0.03246992096247963,-0.0792754549322844,0.6638118814376541,0.09226478157579156,0.4017396475874059,0.32344147677359275,0.6412989048294949,-0.9562658805338646,0.00995705759489868,-0.38795116915367756,-0.42651634266914323,-1.3404445332389894,-0.1253725330206491,0.7876412834332295,0.005883085581060684,-0.45118323268803434,0.46578227337239975,-0.43517334672450164,-0.49138933037552035,0.4331782385861998,0.24606879484765368
-0.03739677438448472,0.4948473377320845,0.005308107240421645,0.2839373603350142,-0.028202730069026738,-0.3956613336196072,0.49840357259808843,-0.027524064630285665,0.1439542468717906,0.36396769567819043,0.26634222986020156,0.2845185655561449,0.14900504380268423,0.19937832889181045,0.39552510672829166,0.3323585511843812,-0.42470988918886743,0.5399696902660521,-0.025238686350651105,0.40885630214715,-0.667467253301057,0.11641190518948674,-0.29421911539149276,-0.2572319253520146,0.034805466498038846,-0.3355457936594768,0.25877538039332454,0.12450472623858036,-0.6446498323873124,0.4745298953966921,-0.2405603213257497,-0.6911802780706896,0.21133609099574208,-0.18773444378318885,0.048658971888219577,-0.17295626281271595,0.005883085581060684,0.40589478945615554,1.003365693700164,0.40460732055068926,-0.0661769983339395,-0.677407821884586,0.11919366594452735,-0.19116350466857654
-0.6096495320865402,1.2211035072678025,-0.004469892215750264,0.5512861416299409,0.49983350139970156,-1.4530077117275757,1.2823428603205824,0.33768336750344935,0.7700630615836906,1.2767324155385043,0.386878989286801,1.3032272688076008,0.7205224928228483,0.8912571312391423,0.8050700364656501,0.24486981294703095,-1.014710600110237,1.5379161620544863,-0.7145258686343292,1.1652119609363107,-1.5663636239632523,0.4368453639480857,-0.4744320192127283,-0.4360241180950995,0.19158758537760912,-1.2350599592505387,0.4505754808973226,0.1259387246375826,-2.133397712856147,0.8088506514093985,0.07405059885759488,-2.0390368433886725,0.8823985841692268,-0.5715082155332255,1.3624348213577975,-0.39783005644257885,-0.45118323268803434,1.003365693700164,3.225899569197764,1.0280333401487594,-0.1565965172888497,-1.825930593257594,0.037448392154456715,-0.6119793486298349
-0.30343642207629934,0.7013153668493152,-0.17421961022256297,0.09784108684138143,0.4994464161280166,-0.35320763939539046,0.6872842051133451,0.257010828432527,0.4990635089946524,1.432323898024087,0.9102172225073131,0.34478947956122247,0.6842547751757303,0.9983921815515537,0.8436420713677558,1.1781817342231682,-0.7504206179270846,1.1865318550120896,-0.8187100046871141,0.9653943835315281,-1.2743391147885639,-0.23851922017839178,0.5195694215747991,0.27376151102550583,0.1860774563863862,0.005784212837640713,0.012024752979637548,0.4093994087288561,-0.7673885376097307,0.5473379558883533,-0.5059138215994406,-0.6510336253804173,0.13289394287149076,-0.8375820308956673,0.13379338181854383,-0.4650296895854278,0.46578227337239975,0.40460732055068926,1.0280333401487594,1.1804913361144778,-0.8088490554915677,-1.3569215503039875,0.11290865383651603,-0.24405719740326096
0.3974876939135268,-0.20710794911015376,0.17677550817048185,0.17874703984854068,-0.6619102194580101,0.027542053773143175,-0.21120869642690593,-0.46884791322942565,-0.4567568966697308,-1.1620637948694303,-0.6235857346214669,-0.1798531716336434,-0.6025071808517558,-0.9234467112271638,-0.44792758675157046,-0.7727377385836763,0.30466380879019883,-0.7213840747008212,0.900264531914117,-0.5718360904302724,0.6078881115014264,0.34917313594239163,-0.8335445790403377,-0.6331991407122243,-0.1762599687706831,-0.25914271110721127,0.27886001440272545,-0.274694123777227,0.2182142238722783,0.0014723808613413963,0.12490759170700451,-0.003771100214737927,0.029637858104600116,0.6975514058375419,-0.34507782689363564,0.3300737032660091,-0.43517334672450164,-0.0661769983339395,-0.1565965172888497,-0.8088490554915677,0.7775715004875932,0.6747850921407071,0.07370973817319558,0.10084029206022949
0.021291040808452465,-1.1286922652998916,0.11876893492488289,-0.4264830813838539,-0.12003150718255937,0.5404954978475378,-1.0619631209454483,0.250571445889203,-0.38793195914548473,-1.4712399169703194,-1.1338491007189098,-0.35992383568509895,-0.5121412088194174,-0.7595311982720514,-1.1838667432856158,-1.659973823822711,1.1809584422530408,-1.4323193586012914,0.4577852273939529,-1.3046516120146603,1.9011875438693453,0.08647689176663195,-0.004253907163011989,0.31076381377313,-0.16067354038810208,0.14538479698340007,-0.4070517413360541,-0.5807043445633321,1.2493962928641742,-1.2717982275196578,0.9869056991258977,1.382022241155875,-0.266677023014097,0.8741118584751991,0.3940471709809004,0.516764193218789,-0.49138933037552035,-0.677407821884586,-1.825930593257594,-1.3569215503039875,0.6747850921407071,2.0301361476458837,-0.4690584802530781,0.28115017606973547
0.7780024826348898,0.2657380046432301,0.03590454446945071,0.39463695380675584,-0.8596697378863656,0.4216851655327717,0.09183072003948192,-1.0272459731366623,-0.5031614993398965,-0.18932659049951603,0.3702437523544494,-0.5605876541862962,-0.6021381937978644,-0.6693182574196607,0.5318393532558001,1.1385173388060597,-0.39242614358542777,-0.12449918414272183,1.0037330533384112,0.32332654704731567,-0.6997374560198147,-8.217969744114293e-4,-0.6828215698041504,-0.7637003025370664,-0.17740488763930246,0.41667514798084565,0.44206570529533173,0.2737347458307106,0.10477956103257392,1.064466366076895,-1.100352206510293,-0.4347553024391287,-0.24761821644955143,-0.10814949086442296,-1.766467206418558,0.077342643171348,0.4331782385861998,0.11919366594452735,0.037448392154456715,0.11290865383651603,0.07370973817319558,-0.4690584802530781,0.6879882967612656,0.31084663560802045
0.46916172673167406,-0.276457178031495,0.029986811451923955,0.0651099993008446,-0.5012734663459425,0.6041257716353506,-0.4068796569636187,-0.5568201206731397,-0.4152878730190594,-0.3074377387667615,-0.07989268719624448,-0.47503855263204775,-0.5922459625240426,-0.5620062850260653,0.11622547365379894,0.4393547235587008,0.12819360138622168,-0.5304300735204084,0.7597229848802394,-0.057979531581910417,0.03977088306763754,-0.02251349662938145,-0.29184052658937865,-0.24625168012320803,-0.21023651097417223,0.4670848444612691,0.017144955415946316,-0.00881435405359334,0.5250157500566989,0.25082466121561797,-0.4444830141666323,0.1416323050442733,-0.32153575640952947,-0.034123446881500534,-1.049747487435261,0.24499750189233332,0.24606879484765368,-0.19116350466857654,-0.6119793486298349,-0.24405719740326096,0.10084029206022949,0.28115017606973547,0.31084663560802045,0.4404285806383647
