V1,V2,V3,V4,V5,V6,V7,V8,V9,V10,V11,V12,V13,V14,V15,V16,V17,V18,V19,V20,V21,V22,V23,V24,V25,V26,V27,V28,V29,V30,V31,V32,V33,V34,V35,V36,V37,V38,V39,V40,V41,V42,V43,V44
0.9158036254043903,0.14511971344842586,-0.004489392706289877,0.30784742553526917,-0.9516594322406767,0.7382107076795243,-0.05894188193741408,-1.1078987431267333,-0.6205600399649268,-0.18166174839468538,0.5089549787782616,-0.835206666427144,-0.6655269875091074,-0.6916878675357131,0.5879248517066866,1.4072024034758361,-0.34203680504264716,-0.23258014549603453,1.0837623688597406,0.26705276007635714,-0.6478716810584848,-0.1578648540834888,-0.49007879588264674,-0.6348772079342604,-0.20931694906876055,0.7288751624294814,0.34739290014339436,0.3286666701271248,0.47704164497542484,1.0324947057012992,-1.3227293893924064,-0.1012993443996929,-0.46887199819840597,-0.17270584246388207,-2.19413135737978,0.06982160614771694,0.6851681220213125,-0.01677273391692846,-0.5291105937580899,0.15201710172569108,-0.07390140097484496,-0.34484358403367515,0.7195824725874952,0.42824754818800087
0.14511971344842586,1.180534744798026,0.326590383694247,1.039709977273591,-0.7864859411168479,-1.6408898591872907,1.2392604786835535,-0.5658780873776977,-0.05037284100780974,-0.6730535757883613,-0.5615949473811008,1.0666712151154947,-0.292182136782464,-0.6967941547095333,0.23003080846887985,-0.9380227692634246,-0.7368189767853437,0.561693644143153,0.9527669298124767,0.3384542006665349,-0.8783416153279336,1.1304193667920996,-2.139766657081693,-1.7375117328923573,-0.13145068712394584,-1.87819154903437,1.1452345434902351,-0.2728868022209622,-2.032468060107148,1.0997434144938014,0.06926012091302958,-2.405778441598084,1.0232058203444878,0.6236632153671231,0.6326303406285885,0.09183814294219239,-1.161230902840906,1.1174748046440661,3.415890518865983,-0.18005357101736247,1.2001781778766056,-0.9957877746177681,0.25067970241708865,-0.5459973021202962
-0.004489392706289877,0.326590383694247,0.09874553513537375,0.2822740315341935,-0.17777597769662667,-0.5086920485473652,0.3574577996373467,-0.10566267929881311,0.013829579831819953,-0.18542725258831058,-0.19019775379042683,0.34932966388681025,-0.0522279651070351,-0.1643884555188108,0.03743444099155689,-0.33788595929971377,-0.19347708733223562,0.17364435800887004,0.2184951021367224,0.08048105873078065,-0.22165837090068324,0.33639546607876025,-0.5897449763027545,-0.46468295560447753,-0.028135879120068912,-0.5760242688053187,0.3127665328932909,-0.09196176636035663,-0.6071992123348587,0.26392240461946126,0.08541230745988108,-0.6875711567583789,0.31574264899655763,0.18847303243150867,0.29551441725077876,0.02378019298009401,-0.36760398200517586,0.3219069763256459,1.0086988458242876,-0.06072220269644975,0.3500193925124604,-0.2688997541176289,0.03572526528702218,-0.1804475036665813
0.30784742553526917,1.039709977273591,0.2822740315341935,0.9593922610878927,-0.8689070884473119,-1.2688693802079662,1.0518113254624353,-0.7121012067676613,-0.16602843264395686,-0.6166263822074852,-0.3840297878052333,0.7565112540526203,-0.3824203696137809,-0.7376958479772758,0.3181457010948754,-0.5256715625373347,-0.7010274281100713,0.4412754722796012,1.0380608837696146,0.33827881637672047,-0.8870516018395266,0.9439328275308345,-1.9476365415393257,-1.6306720279674873,-0.15699227519014272,-1.4755923412245455,1.055509211973367,-0.16417056708795394,-1.6626112943002191,1.159973813536166,-0.20760638197694178,-2.0974237096023494,0.7891227826824422,0.5074941245393537,0.11150645532631645,0.09214917063592587,-0.8728899946348426,0.9599307746648977,2.8463478141511946,-0.12820362806884805,1.025548553714978,-0.9226383067425651,0.35945480676206326,-0.39313003815075337
-0.9516594322406767,-0.7864859411168479,-0.17777597769662667,-0.8689070884473119,1.3522085188584505,0.22018989667262714,-0.6295202696280408,1.374871242824073,0.6191835352832938,0.5442213662335124,-0.16811589973374091,0.19210099967921562,0.7962816441341184,1.0398550962861672,-0.6907013806869388,-0.8123457136799063,0.7344446201604687,-0.098116977014767,-1.5613772842540985,-0.43549306048377,1.1088171773322018,-0.4842173331805267,1.6607858187206348,1.578833155503304,0.2790652438067098,0.35901865041794745,-0.9674517483455928,-0.16487809775089424,0.6853424517773684,-1.594388107097403,1.2280807414395905,1.4364834215264755,-0.12283301415933398,-0.18070282322264608,1.724986151346255,-0.11421473385104372,0.007188993743843191,-0.6033151213519108,-1.403766745780916,-0.042880233275930595,-0.602297686694681,0.872007226736959,-0.8202380479172506,-0.0951606039605722
0.7382107076795243,-1.6408898591872907,-0.5086920485473652,-1.2688693802079662,0.22018989667262714,3.345958626564989,-1.9502488832690292,-0.2914125047958229,-0.5945321977964669,0.8369676271555045,1.4108686789596028,-2.5537739614704003,-0.2506987917598923,0.33269953807581343,0.27281186569196486,2.9475865044027123,0.7545098398771233,-1.136783852323137,-0.3226665390979786,-0.23052254350696463,0.6717043316275987,-1.912703512612895,2.791893436795972,2.029970086598552,0.004409208140876815,3.6758554638902523,-1.3960933289995305,0.7476003818711239,3.662577661733232,-0.6188787448286621,-1.4786836423517442,3.6143055062455374,-2.077100491458812,-1.1306427316652568,-3.307202125702158,-0.07558233536378048,2.551608019281316,-1.739775830666505,-5.841351156404924,0.44857869754931484,-1.944102127450777,1.1396132701572557,0.3723724298610489,1.3173338142167603
-0.05894188193741408,1.2392604786835535,0.3574577996373467,1.0518113254624353,-0.6295202696280408,-1.9502488832690292,1.3565376075291278,-0.35396978789379085,0.08689923573674213,-0.6885824145474138,-0.7317661552078478,1.3524115300182127,-0.15953899467499547,-0.5883967317894485,0.1128440888939644,-1.3459607933829985,-0.7190662179958638,0.6613774401782323,0.7737369911876852,0.30015830332426563,-0.8009039849860872,1.266523299088092,-2.200882479524131,-1.7307779978250637,-0.09246102220771246,-2.206011411829736,1.1599563767193901,-0.37345467509876146,-2.3117280381140057,0.9455737345613394,0.38456181690685226,-2.5765006950866596,1.2153103068770936,0.7159431950584001,1.2059061414498309,0.08190666621271667,-1.4206985816986655,1.2114388371274614,3.822910836873339,-0.2296242375437621,1.3162383760549796,-0.9946415828005792,0.10059367958704934,-0.6936823668125147
-1.1078987431267333,-0.5658780873776977,-0.10566267929881311,-0.7121012067676613,1.374871242824073,-0.2914125047958229,-0.35396978789379085,1.48740521303749,0.7419931403144067,0.4418717499021648,-0.39336577236681725,0.5964570989522153,0.870492454779676,1.0363751906404042,-0.7626179135470798,-1.3079202793123088,0.6522491524535105,0.07427468495604714,-1.5817848002286232,-0.4168822134151861,1.0516113611740556,-0.20951265245315248,1.3039721843039076,1.338368376337154,0.28788053812929026,-0.20232909580333397,-0.7946998244110824,-0.2900277534369173,0.148088977264476,-1.573265824706129,1.512141151526027,0.934698460294932,0.195783058886598,-0.01676845507037481,2.31709127180112,-0.10703652983471582,-0.3876221823700995,-0.35947594470997546,-0.5593140690137495,-0.1160996312870107,-0.3273386338861383,0.7288255688538835,-0.9182738551885794,-0.3028962493315158
-0.6205600399649268,-0.05037284100780974,0.013829579831819953,-0.16602843264395686,0.6191835352832938,-0.5945321977964669,0.08689923573674213,0.7419931403144067,0.44677973224403017,0.09999285940328202,-0.37164657053812034,0.6307980659659091,0.4515422624724766,0.4462102005599665,-0.3995593827133699,-1.0187546842008934,0.21549370377170698,0.19440931157878547,-0.7057350308635861,-0.16684065552100186,0.4105754563059147,0.14920860978097433,0.237069494415704,0.35008829130880104,0.13145077397218405,-0.5947859160519048,-0.19264695417937447,-0.2328690740717116,-0.43338782397584386,-0.6493251508538039,0.9082657205896919,-0.051013488269540976,0.37714306525237923,0.14323583810394372,1.5389388644326507,-0.037597472116477855,-0.5403895956873462,0.06581009102968473,0.530193146217645,-0.12039074188890914,0.11193968588177139,0.19641911963768835,-0.48325772730867705,-0.32902683965821083
-0.18166174839468538,-0.6730535757883613,-0.18542725258831058,-0.6166263822074852,0.5442213662335124,0.8369676271555045,-0.6885824145474138,0.4418717499021648,0.09999285940328202,0.40511098805913276,0.2648067097284083,-0.505107717810476,0.23671545923851722,0.46600208972293744,-0.19172168499532496,0.37231819239853,0.4515008537403769,-0.28500204055147094,-0.6504991154863784,-0.2145741271546748,0.5629763419277322,-0.6201906941884243,1.2540669181654454,1.0443959117956758,0.0947061807270451,0.9712530651681637,-0.6828105761926333,0.11679299887191426,1.0849477376755223,-0.7307652559134911,0.1054964033967192,1.35369204110378,-0.5204510423260295,-0.3331454377167882,-0.11591844278528698,-0.05991528111476017,0.5783501889677096,-0.6217114633263526,-1.856924962624332,0.0843885377531256,-0.6637462669938579,0.5923001117781554,-0.22168627828226323,0.260211818253117
0.5089549787782616,-0.5615949473811008,-0.19019775379042683,-0.3840297878052333,-0.16811589973374091,1.4108686789596028,-0.7317661552078478,-0.39336577236681725,-0.37164657053812034,0.2648067097284083,0.6558115018655977,-1.1481723056031936,-0.2628052834557642,-0.05819629753585809,0.2510373418762334,1.4451228379121226,0.1901410409101912,-0.47138702518060654,0.16277904683282962,-0.011964954709296148,0.0781059444764157,-0.7462973957788982,0.8909824999870567,0.5722992709694703,-0.05295482366966763,1.5328867456100217,-0.42106439194033896,0.36134739366597046,1.457128363165384,0.04407546381037531,-0.8859626794922771,1.2898376805678857,-0.8779542821095272,-0.4621038505212526,-1.7783804759612807,-0.010430330961521557,1.1061137390992588,-0.6382248039064976,-2.271171189674789,0.19907190424894697,-0.7255950296442952,0.32690149579101363,0.3228909018934569,0.5896480254127815
-0.835206666427144,1.0666712151154947,0.34932966388681025,0.7565112540526203,0.19210099967921562,-2.5537739614704003,1.3524115300182127,0.5964570989522153,0.6307980659659091,-0.505107717810476,-1.1481723056031936,2.0528059180870186,0.41473824864501735,0.023783781676809296,-0.3954125742131433,-2.521743071890143,-0.3935308887667064,0.8665573668214082,-0.17044643753621858,0.057240430956668566,-0.22434066322738602,1.3656227775919871,-1.7330819259548242,-1.162063356229774,0.07292856393374834,-2.776904840688846,0.8274546857325741,-0.6279950965188363,-2.6809582461902948,0.053450664972376,1.48684322658318,-2.4356530382200825,1.5889812543148782,0.8387498667810314,3.055971123234116,0.02593749828259877,-1.995982709644497,1.1965043550011372,4.189827706973463,-0.3613073336592802,1.3591390695302548,-0.6514002941307985,-0.5154856672958168,-1.0611430707546186
-0.6655269875091074,-0.292182136782464,-0.0522279651070351,-0.3824203696137809,0.7962816441341184,-0.2506987917598923,-0.15953899467499547,0.870492454779676,0.4515422624724766,0.23671545923851722,-0.2628052834557642,0.41473824864501735,0.5263698751910905,0.6003694787611034,-0.4460819441477207,-0.8354868129505494,0.3601977690442601,0.07339452948181074,-0.9191044413146525,-0.24324024412006257,0.5989363100186771,-0.07689938082118333,0.6886058408553456,0.7223661900207099,0.17148710812576387,-0.2138816421613195,-0.43309140471168733,-0.19125089519902916,-0.010572174438610594,-0.8989334319497012,0.917540937835894,0.45828495962543886,0.16648666654637906,0.024034220266776266,1.43855636483967,-0.06285538624695508,-0.302419583248572,-0.1673531083438405,-0.1714222511701045,-0.07859520935133808,-0.1395893342717218,0.40121717286458525,-0.5494123906938136,-0.21863070543446356
-0.6916878675357131,-0.6967941547095333,-0.1643884555188108,-0.7376958479772758,1.0398550962861672,0.33269953807581343,-0.5883967317894485,1.0363751906404042,0.4462102005599665,0.46600208972293744,-0.05819629753585809,0.023783781676809296,0.6003694787611034,0.8270847582025276,-0.5145480445805631,-0.4793647093406581,0.6046856562337352,-0.12870080838199208,-1.2208175349963741,-0.34969911056048747,0.8851656081709295,-0.46733890470359657,1.4240619571259177,1.3135668372819185,0.20666161255446505,0.4609683144258267,-0.8178027892635849,-0.0869535726468621,0.7135350130788752,-1.2626592177164453,0.8578763804108912,1.2964070375655778,-0.20350487259548633,-0.20538002074046516,1.163212026496974,-0.09447796459416645,0.12448919761319091,-0.5587827631679416,-1.3814407188296038,-0.0076737375164500025,-0.5650083680672504,0.7404725279890014,-0.615737633172093,-0.01111451329121381
0.5879248517066866,0.23003080846887985,0.03743444099155689,0.3181457010948754,-0.6907013806869388,0.27281186569196486,0.1128440888939644,-0.7626179135470798,-0.3995593827133699,-0.19172168499532496,0.2510373418762334,-0.3954125742131433,-0.4460819441477207,-0.5145480445805631,0.4073166108788331,0.7761207819281575,-0.3064996590964712,-0.07780233539584319,0.7939365477818032,0.20124266944423527,-0.5145220470307339,0.03947229059089821,-0.564149644168667,-0.6041891734923545,-0.1442654864907531,0.2269478375987975,0.35118550087314565,0.16992812772604288,0.054396814198890364,0.7778133584511796,-0.8213740432241833,-0.3525573649499715,-0.17498530157363598,-0.025949977068686302,-1.2943087485830622,0.050981290629469406,0.2900345737686012,0.12396395780246226,0.08294347056013938,0.07579029824165459,0.09970716094119572,-0.33757549382522417,0.4733922848666403,0.19864880773017063
1.4072024034758361,-0.9380227692634246,-0.33788595929971377,-0.5256715625373347,-0.8123457136799063,2.9475865044027123,-1.3459607933829985,-1.3079202793123088,-1.0187546842008934,0.37231819239853,1.4451228379121226,-2.521743071890143,-0.8354868129505494,-0.4793647093406581,0.7761207819281575,3.3705229477304885,0.15295317923608956,-0.9805160327506165,0.8802085475609237,0.11632227271516012,-0.21377498706582676,-1.4183540961433811,1.3405718904188162,0.697725096881272,-0.20455877074689072,3.158451044107151,-0.567709950925024,0.827441083176281,2.888991062147896,0.6362754236530365,-2.308299000472453,2.2743911267354058,-1.8427353962338222,-0.9172695222462716,-4.3858724605561425,0.01930873761277161,2.372407561082315,-1.1594721314984062,-4.37949649841174,0.44481195609508734,-1.3491635931911161,0.40293494618629166,0.9697906383585185,1.2955991834423144
-0.34203680504264716,-0.7368189767853437,-0.19347708733223562,-0.7010274281100713,0.7344446201604687,0.7545098398771233,-0.7190662179958638,0.6522491524535105,0.21549370377170698,0.4515008537403769,0.1901410409101912,-0.3935308887667064,0.3601977690442601,0.6046856562337352,-0.3064996590964712,0.15295317923608956,0.5399942177807957,-0.26419207552135765,-0.8675248815137454,-0.2702280823509311,0.703761718044875,-0.6292539047435317,1.401089633531037,1.2050869208741026,0.1323874752038043,0.9018015915837531,-0.7763302278282957,0.07078925189995508,1.063118711758472,-0.9361918566594424,0.3309429201136033,1.4423562343153957,-0.4679565553276658,-0.32318519907937704,0.24086915560057687,-0.06875168867255052,0.49033430494076036,-0.6522140207537335,-1.8671426525960084,0.059684522386535224,-0.6864449535192302,0.6849406680818113,-0.34912362250017304,0.20201635005081509
-0.23258014549603453,0.561693644143153,0.17364435800887004,0.4412754722796012,-0.098116977014767,-1.136783852323137,0.6613774401782323,0.07427468495604714,0.19440931157878547,-0.28500204055147094,-0.47138702518060654,0.8665573668214082,0.07339452948181074,-0.12870080838199208,-0.07780233539584319,-0.9805160327506165,-0.26419207552135765,0.39910685933632273,0.1381212182260903,0.07871519877348856,-0.24580093529795838,0.6511607386995322,-0.973686795756196,-0.7195036895140523,-0.011097196967246545,-1.2507836785672417,0.4829598639192842,-0.2428253936413944,-1.2582727052825526,0.24169382123888028,0.47320084763253706,-1.2535399786219077,0.7059714595654596,0.38646705874507786,1.090165204865381,0.028588361522690318,-0.86868331863247,0.5992019845207296,2.0048285970744173,-0.15369888456990558,0.6747182119486475,-0.39395306845235056,-0.1134762738084287,-0.4521066032104718
1.0837623688597406,0.9527669298124767,0.2184951021367224,1.0380608837696146,-1.5613772842540985,-0.3226665390979786,0.7737369911876852,-1.5817848002286232,-0.7057350308635861,-0.6504991154863784,0.16277904683282962,-0.17044643753621858,-0.9191044413146525,-1.2208175349963741,0.7939365477818032,0.8802085475609237,-0.8675248815137454,0.1381212182260903,1.8229177793685614,0.5098037426011284,-1.298114023095851,0.6009945125994809,-1.9887361154139758,-1.8700266540793617,-0.3202468604617278,-0.49374286937069606,1.1508952996951254,0.1752012165007641,-0.8740746071899792,1.8657606749887927,-1.3836896016932256,-1.7518776871328239,0.18896507925667805,0.24255869250137546,-1.9317571467387131,0.13739005890930167,-0.05358450328367945,0.7428589677543029,1.757673430350929,0.039294085187953645,0.7429257229259952,-1.0422740276428166,0.9447084419070071,0.08527054912183395
0.26705276007635714,0.3384542006665349,0.08048105873078065,0.33827881637672047,-0.43549306048377,-0.23052254350696463,0.30015830332426563,-0.4168822134151861,-0.16684065552100186,-0.2145741271546748,-0.011964954709296148,0.057240430956668566,-0.24324024412006257,-0.34969911056048747,0.20124266944423527,0.11632227271516012,-0.2702280823509311,0.07871519877348856,0.5098037426011284,0.16146307684401326,-0.3827644574484323,0.24436013042628787,-0.6582933950034371,-0.5905006582659575,-0.0840064121588032,-0.2854846712210753,0.3782339396336655,0.011370511557569412,-0.3872653164027182,0.532863259553042,-0.31248961181438245,-0.6281225295470477,0.1392103736764104,0.1076737249544205,-0.3948279559995013,0.042415118862028776,-0.11441017172646958,0.2784795270834346,0.7193078224686154,-0.00573098023956789,0.2787100134054096,-0.34035726849513376,0.24603249326691654,-0.02361193576100372
-0.6478716810584848,-0.8783416153279336,-0.22165837090068324,-0.8870516018395266,1.1088171773322018,0.6717043316275987,-0.8009039849860872,1.0516113611740556,0.4105754563059147,0.5629763419277322,0.0781059444764157,-0.22434066322738602,0.5989363100186771,0.8851656081709295,-0.5145220470307339,-0.21377498706582676,0.703761718044875,-0.24580093529795838,-1.298114023095851,-0.3827644574484323,0.9911053241622505,-0.6760076348972242,1.7485236627023477,1.5620133312844853,0.21882404446847634,0.8396505052832283,-0.9848495474285339,-0.016928782328174123,1.0957065799570518,-1.36800994856239,0.7553653039164566,1.6948093862431428,-0.4094319502710728,-0.3192213685025305,0.8842401693790924,-0.10308822295319468,0.38047577210432143,-0.7460088725360924,-2.001982124929822,0.03257125406242521,-0.7740766061359453,0.8776972762869534,-0.5993623933515466,0.11845847961139841
-0.1578648540834888,1.1304193667920996,0.33639546607876025,0.9439328275308345,-0.4842173331805267,-1.912703512612895,1.266523299088092,-0.20951265245315248,0.14920860978097433,-0.6201906941884243,-0.7462973957788982,1.3656227775919871,-0.07689938082118333,-0.46733890470359657,0.03947229059089821,-1.4183540961433811,-0.6292539047435317,0.6511607386995322,0.6009945125994809,0.24436013042628787,-0.6760076348972242,1.2069060025683604,-2.001711987181752,-1.5484670762477775,-0.07002424940482949,-2.142988769799838,1.0425620648885026,-0.3789624768896179,-2.217027805109445,0.7682263290612873,0.5000644907667956,-2.3935787854960235,1.1855073100675153,0.6868402674117141,1.3779761058603062,0.06890129330484601,-1.4121267401182285,1.1307923853467954,3.6311039585896165,-0.2311420613427958,1.240853838586544,-0.8785196898823618,0.012154028961088898,-0.7022487564461372
-0.49007879588264674,-2.139766657081693,-0.5897449763027545,-1.9476365415393257,1.6607858187206348,2.791893436795972,-2.200882479524131,1.3039721843039076,0.237069494415704,1.2540669181654454,0.8909824999870567,-1.7330819259548242,0.6886058408553456,1.4240619571259177,-0.564149644168667,1.3405718904188162,1.401089633531037,-0.973686795756196,-1.9887361154139758,-0.6582933950034371,1.7485236627023477,-2.001711987181752,3.9967904105694174,3.3123426547552555,0.2999963432523726,3.2152771779399365,-2.1476922520427677,0.3928018756002965,3.570523583987206,-2.257710846871042,0.22177036940691966,4.375143523599583,-1.7307283446306383,-1.085367203713726,-0.6080871632204605,-0.18428138412174425,1.9541372815160611,-2.010375297529069,-6.048871564130997,0.2986330481985576,-2.1662963077510513,1.8590415523471429,-0.6291723266081183,0.9024946804675672
-0.6348772079342604,-1.7375117328923573,-0.46468295560447753,-1.6306720279674873,1.578833155503304,2.029970086598552,-1.7307779978250637,1.338368376337154,0.35008829130880104,1.0443959117956758,0.5722992709694703,-1.162063356229774,0.7223661900207099,1.3135668372819185,-0.6041891734923545,0.697725096881272,1.2050869208741026,-0.7195036895140523,-1.8700266540793617,-0.5905006582659575,1.5620133312844853,-1.5484670762477775,3.3123426547552555,2.815417741495501,0.29853261326769887,2.3668764979853063,-1.798733119891995,0.22219426015991384,2.72064554848254,-2.0730178873408374,0.5333151571135812,3.5079407421232784,-1.2548103168576046,-0.8157534152807051,0.09665989884729102,-0.16360526506437273,1.384627805181398,-1.5925653027702635,-4.677423591037995,0.19792588166230773,-1.7066519753211353,1.5625473381877326,-0.6916920424987558,0.6106855122898243
-0.20931694906876055,-0.13145068712394584,-0.028135879120068912,-0.15699227519014272,0.2790652438067098,0.004409208140876815,-0.09246102220771246,0.28788053812929026,0.13145077397218405,0.0947061807270451,-0.05295482366966763,0.07292856393374834,0.17148710812576387,0.20666161255446505,-0.1442654864907531,-0.20455877074689072,0.1323874752038043,-0.011097196967246545,-0.3202468604617278,-0.0840064121588032,0.21882404446847634,-0.07002424940482949,0.2999963432523726,0.29853261326769887,0.06952199107669985,0.02177668854921903,-0.17406556115627644,-0.05221873351421644,0.08952262138546033,-0.32193828767077354,0.2839472622853708,0.2462674485609361,0.004504888217956661,-0.015549018135099894,0.40661615303085846,-0.02554058167106635,-0.030544479122273687,-0.09659615387148482,-0.2019906004313892,-0.014800568361350751,-0.09625088012463398,0.1539782866001304,-0.17495327579954353,-0.036593471811732205
0.7288751624294814,-1.87819154903437,-0.5760242688053187,-1.4755923412245455,0.35901865041794745,3.6758554638902523,-2.206011411829736,-0.20232909580333397,-0.5947859160519048,0.9712530651681637,1.5328867456100217,-2.776904840688846,-0.2138816421613195,0.4609683144258267,0.2269478375987975,3.158451044107151,0.9018015915837531,-1.2507836785672417,-0.49374286937069606,-0.2854846712210753,0.8396505052832283,-2.142988769799838,3.2152771779399365,2.3668764979853063,0.02177668854921903,4.08219741677089,-1.615070746700812,0.8165252587714013,4.082113828555065,-0.8212187310531461,-1.522995305436761,4.102065650537961,-2.2944850618038903,-1.27294126373291,-3.476959831780924,-0.08866790290412775,2.798249689427079,-1.9646402085330328,-6.552468903700478,0.48722495132516036,-2.1904660728479652,1.3475992180349616,0.3442416050925898,1.438062421889009
0.34739290014339436,1.1452345434902351,0.3127665328932909,1.055509211973367,-0.9674517483455928,-1.3960933289995305,1.1599563767193901,-0.7946998244110824,-0.19264695417937447,-0.6828105761926333,-0.42106439194033896,0.8274546857325741,-0.43309140471168733,-0.8178027892635849,0.35118550087314565,-0.567709950925024,-0.7763302278282957,0.4829598639192842,1.1508952996951254,0.3782339396336655,-0.9848495474285339,1.0425620648885026,-2.1476922520427677,-1.798733119891995,-0.17406556115627644,-1.615070746700812,1.1718491794112564,-0.1777487203908242,-1.8251850802194909,1.2826759463176862,-0.24095656885825023,-2.307002504063798,0.8626766407099455,0.5500320873589102,0.10665502505926495,0.1035376791068524,-0.952037453215988,1.0562603591494824,3.123890434533068,-0.14011244717576748,1.1268786350030013,-1.0162550461476556,0.40505095065066654,-0.425813486741433
0.3286666701271248,-0.2728868022209622,-0.09196176636035663,-0.16417056708795394,-0.16487809775089424,0.7476003818711239,-0.37345467509876146,-0.2900277534369173,-0.2328690740717116,0.11679299887191426,0.36134739366597046,-0.6279950965188363,-0.19125089519902916,-0.0869535726468621,0.16992812772604288,0.827441083176281,0.07078925189995508,-0.2428253936413944,0.1752012165007641,0.011370511557569412,-0.016928782328174123,-0.3789624768896179,0.3928018756002965,0.22219426015991384,-0.05221873351421644,0.8165252587714013,-0.1777487203908242,0.21814053957107507,0.7499262048114566,0.11679695020661171,-0.5537367451694312,0.62019128456936,-0.46995445592867496,-0.24255012904433584,-1.0578187778764157,0.0027096767076362424,0.5960691574841925,-0.31569528171136985,-1.1585709726401112,0.10687623324319213,-0.35790047278527687,0.14149973568145624,0.2241093206097662,0.3200564649352498
0.47704164497542484,-2.032468060107148,-0.6071992123348587,-1.6626112943002191,0.6853424517773684,3.662577661733232,-2.3117280381140057,0.148088977264476,-0.43338782397584386,1.0849477376755223,1.457128363165384,-2.6809582461902948,-0.010572174438610594,0.7135350130788752,0.054396814198890364,2.888991062147896,1.063118711758472,-1.2582727052825526,-0.8740746071899792,-0.3872653164027182,1.0957065799570518,-2.217027805109445,3.570523583987206,2.72064554848254,0.08952262138546033,4.082113828555065,-1.8251850802194909,0.7499262048114566,4.180721292738874,-1.211850287556331,-1.1845564726682476,4.381879230364852,-2.28040169131168,-1.2926153632565045,-2.979038708662368,-0.11707773468823963,2.7489216518146598,-2.0793265470866125,-6.7740950509109,0.47181796776393803,-2.3037043092175984,1.529687547551334,0.12717496940095221,1.3922848146092686
1.0324947057012992,1.0997434144938014,0.26392240461946126,1.159973813536166,-1.594388107097403,-0.6188787448286621,0.9455737345613394,-1.573265824706129,-0.6493251508538039,-0.7307652559134911,0.04407546381037531,0.053450664972376,-0.8989334319497012,-1.2626592177164453,0.7778133584511796,0.6362754236530365,-0.9361918566594424,0.24169382123888028,1.8657606749887927,0.532863259553042,-1.36800994856239,0.7682263290612873,-2.257710846871042,-2.0730178873408374,-0.32193828767077354,-0.8212187310531461,1.2826759463176862,0.11679695020661171,-1.211850287556331,1.9531596567265415,-1.2724816472938953,-2.0885724418622886,0.3752286504130687,0.3470702787366383,-1.6652471681883432,0.1480643898235079,-0.2873824593392751,0.9037728267008769,2.2947386125935707,-0.004305204567792466,0.9257378938334777,-1.1503700313339649,0.9247314487321944,-0.038009135576908305
-1.3227293893924064,0.06926012091302958,0.08541230745988108,-0.20760638197694178,1.2280807414395905,-1.4786836423517442,0.38456181690685226,1.512141151526027,0.9082657205896919,0.1054964033967192,-0.8859626794922771,1.48684322658318,0.917540937835894,0.8578763804108912,-0.8213740432241833,-2.308299000472453,0.3309429201136033,0.47320084763253706,-1.3836896016932256,-0.31248961181438245,0.7553653039164566,0.5000644907667956,0.22177036940691966,0.5333151571135812,0.2839472622853708,-1.522995305436761,-0.24095656885825023,-0.5537367451694312,-1.1845564726682476,-1.2724816472938953,1.9858050081482221,-0.41870355310819163,0.9404614558950162,0.4049329544648463,3.4017212376605817,-0.08097249487932988,-1.285848258102146,0.2900761779837973,1.5916041375928744,-0.26955188303230687,0.3921934704867594,0.2687851048209063,-1.0045592648298556,-0.760803556199622
-0.1012993443996929,-2.405778441598084,-0.6875711567583789,-2.0974237096023494,1.4364834215264755,3.6143055062455374,-2.5765006950866596,0.934698460294932,-0.051013488269540976,1.35369204110378,1.2898376805678857,-2.4356530382200825,0.45828495962543886,1.2964070375655778,-0.3525573649499715,2.2743911267354058,1.4423562343153957,-1.2535399786219077,-1.7518776871328239,-0.6281225295470477,1.6948093862431428,-2.3935787854960235,4.375143523599583,3.5079407421232784,0.2462674485609361,4.102065650537961,-2.307002504063798,0.62019128456936,4.381879230364852,-2.0885724418622886,-0.41870355310819163,5.0317284024943545,-2.2478880026121972,-1.3418402220704075,-1.825804870302445,-0.18351564570718665,2.610436352161124,-2.3426746321465637,-7.281746325727236,0.42737480321198473,-2.5493067562287823,1.9850311707465278,-0.35965969022341254,1.2650963265846238
-0.46887199819840597,1.0232058203444878,0.31574264899655763,0.7891227826824422,-0.12283301415933398,-2.077100491458812,1.2153103068770936,0.195783058886598,0.37714306525237923,-0.5204510423260295,-0.8779542821095272,1.5889812543148782,0.16648666654637906,-0.20350487259548633,-0.17498530157363598,-1.8427353962338222,-0.4679565553276658,0.7059714595654596,0.18896507925667805,0.1392103736764104,-0.4094319502710728,1.1855073100675153,-1.7307283446306383,-1.2548103168576046,0.004504888217956661,-2.2944850618038903,0.8626766407099455,-0.46995445592867496,-2.28040169131168,0.3752286504130687,0.9404614558950162,-2.2478880026121972,1.3003082849696264,0.7114648886319292,2.0750507770362905,0.04435856140010651,-1.5891542805209422,1.0814483686450158,3.6396311380362265,-0.2822905651650355,1.210383043218542,-0.7142697242684327,-0.23898070351543846,-0.8221224018525791
-0.17270584246388207,0.6236632153671231,0.18847303243150867,0.5074941245393537,-0.18070282322264608,-1.1306427316652568,0.7159431950584001,-0.01676845507037481,0.14323583810394372,-0.3331454377167882,-0.4621038505212526,0.8387498667810314,0.024034220266776266,-0.20538002074046516,-0.025949977068686302,-0.9172695222462716,-0.32318519907937704,0.38646705874507786,0.24255869250137546,0.1076737249544205,-0.3192213685025305,0.6868402674117141,-1.085367203713726,-0.8157534152807051,-0.015549018135099894,-1.27294126373291,0.5500320873589102,-0.24255012904433584,-1.2926153632565045,0.3470702787366383,0.4049329544648463,-1.3418402220704075,0.7114648886319292,0.414487026440145,0.9685312413742503,0.031338273643641515,-0.8554081425327585,0.6393441457537492,2.097461539627154,-0.14633825836023118,0.7093092155061608,-0.46873113584046006,-0.05927509082273152,-0.43741680237381686
-2.19413135737978,0.6326303406285885,0.29551441725077876,0.11150645532631645,1.724986151346255,-3.307202125702158,1.2059061414498309,2.31709127180112,1.5389388644326507,-0.11591844278528698,-1.7783804759612807,3.055971123234116,1.43855636483967,1.163212026496974,-1.2943087485830622,-4.3858724605561425,0.24086915560057687,1.090165204865381,-1.9317571467387131,-0.3948279559995013,0.8842401693790924,1.3779761058603062,-0.6080871632204605,0.09665989884729102,0.40661615303085846,-3.476959831780924,0.10665502505926495,-1.0578187778764157,-2.979038708662368,-1.6652471681883432,3.4017212376605817,-1.825804870302445,2.0750507770362905,0.9685312413742503,6.127592112185666,-0.09535871175789204,-2.7661801798740475,1.0054107926023303,4.301875954218404,-0.5496880481880606,1.234206408455075,0.03322531288829781,-1.6104801068772974,-1.5758346636215765
0.06982160614771694,0.09183814294219239,0.02378019298009401,0.09214917063592587,-0.11421473385104372,-0.07558233536378048,0.08190666621271667,-0.10703652983471582,-0.037597472116477855,-0.05991528111476017,-0.010430330961521557,0.02593749828259877,-0.06285538624695508,-0.09447796459416645,0.050981290629469406,0.01930873761277161,-0.06875168867255052,0.028588361522690318,0.13739005890930167,0.042415118862028776,-0.10308822295319468,0.06890129330484601,-0.18428138412174425,-0.16360526506437273,-0.02554058167106635,-0.08866790290412775,0.1035376791068524,0.0027096767076362424,-0.11707773468823963,0.1480643898235079,-0.08097249487932988,-0.18351564570718665,0.04435856140010651,0.031338273643641515,-0.09535871175789204,0.0182258107759246,-0.04095733863021958,0.08172512275947261,0.2128707929137174,-0.00547883314989699,0.08275074144533104,-0.09049253992912863,0.06533740440753487,-0.012881132626940763
0.6851681220213125,-1.161230902840906,-0.36760398200517586,-0.8728899946348426,0.007188993743843191,2.551608019281316,-1.4206985816986655,-0.3876221823700995,-0.5403895956873462,0.5783501889677096,1.1061137390992588,-1.995982709644497,-0.302419583248572,0.12448919761319091,0.2900345737686012,2.372407561082315,0.49033430494076036,-0.86868331863247,-0.05358450328367945,-0.11441017172646958,0.38047577210432143,-1.4121267401182285,1.9541372815160611,1.384627805181398,-0.030544479122273687,2.798249689427079,-0.952037453215988,0.5960691574841925,2.7489216518146598,-0.2873824593392751,-1.285848258102146,2.610436352161124,-1.5891542805209422,-0.8554081425327585,-2.7661801798740475,-0.04095733863021958,1.9854284278144683,-1.2644332433923817,-4.344415865481321,0.35393623931448664,-1.4317534414241613,0.7657844734841219,0.3925023436029756,1.0399950789897094
-0.01677273391692846,1.1174748046440661,0.3219069763256459,0.9599307746648977,-0.6033151213519108,-1.739775830666505,1.2114388371274614,-0.35947594470997546,0.06581009102968473,-0.6217114633263526,-0.6382248039064976,1.1965043550011372,-0.1673531083438405,-0.5587827631679416,0.12396395780246226,-1.1594721314984062,-0.6522140207537335,0.5992019845207296,0.7428589677543029,0.2784795270834346,-0.7460088725360924,1.1307923853467954,-2.010375297529069,-1.5925653027702635,-0.09659615387148482,-1.9646402085330328,1.0562603591494824,-0.31569528171136985,-2.0793265470866125,0.9037728267008769,0.2900761779837973,-2.3426746321465637,1.0814483686450158,0.6393441457537492,1.0054107926023303,0.08172512275947261,-1.2644332433923817,1.0984744576829484,3.4385496285786616,-0.2087352234991246,1.1947999083223182,-0.9054615553854686,0.11892194925765855,-0.6191206897284754
-0.5291105937580899,3.415890518865983,1.0086988458242876,2.8463478141511946,-1.403766745780916,-5.841351156404924,3.822910836873339,-0.5593140690137495,0.530193146217645,-1.856924962624332,-2.271171189674789,4.189827706973463,-0.1714222511701045,-1.3814407188296038,0.08294347056013938,-4.37949649841174,-1.8671426525960084,2.0048285970744173,1.757673430350929,0.7193078224686154,-2.001982124929822,3.6311039585896165,-6.048871564130997,-4.677423591037995,-0.2019906004313892,-6.552468903700478,3.123890434533068,-1.1585709726401112,-6.7740950509109,2.2947386125935707,1.5916041375928744,-7.281746325727236,3.6396311380362265,2.097461539627154,4.301875954218404,0.2128707929137174,-4.344415865481321,3.4385496285786616,11.065632074676301,-0.73132575384579,3.785985085709748,-2.6461912735204027,-0.006808473033783291,-2.174553356119079
0.15201710172569108,-0.18005357101736247,-0.06072220269644975,-0.12820362806884805,-0.042880233275930595,0.44857869754931484,-0.2296242375437621,-0.1160996312870107,-0.12039074188890914,0.0843885377531256,0.19907190424894697,-0.3613073336592802,-0.07859520935133808,-0.0076737375164500025,0.07579029824165459,0.44481195609508734,0.059684522386535224,-0.15369888456990558,0.039294085187953645,-0.00573098023956789,0.03257125406242521,-0.2311420613427958,0.2986330481985576,0.19792588166230773,-0.014800568361350751,0.48722495132516036,-0.14011244717576748,0.10687623324319213,0.47181796776393803,-0.004305204567792466,-0.26955188303230687,0.42737480321198473,-0.2822905651650355,-0.14633825836023118,-0.5496880481880606,-0.00547883314989699,0.35393623931448664,-0.2087352234991246,-0.73132575384579,0.0725903478524617,-0.24200749172550312,0.10998388630850364,0.09442348867617333,0.1908841021399085
-0.07390140097484496,1.2001781778766056,0.3500193925124604,1.025548553714978,-0.602297686694681,-1.944102127450777,1.3162383760549796,-0.3273386338861383,0.11193968588177139,-0.6637462669938579,-0.7255950296442952,1.3591390695302548,-0.1395893342717218,-0.5650083680672504,0.09970716094119572,-1.3491635931911161,-0.6864449535192302,0.6747182119486475,0.7429257229259952,0.2787100134054096,-0.7740766061359453,1.240853838586544,-2.1662963077510513,-1.7066519753211353,-0.09625088012463398,-2.1904660728479652,1.1268786350030013,-0.35790047278527687,-2.3037043092175984,0.9257378938334777,0.3921934704867594,-2.5493067562287823,1.210383043218542,0.7093092155061608,1.234206408455075,0.08275074144533104,-1.4317534414241613,1.1947999083223182,3.785985085709748,-0.24200749172550312,1.3150042425272253,-0.957788849234347,0.08386263432611873,-0.709559227886004
-0.34484358403367515,-0.9957877746177681,-0.2688997541176289,-0.9226383067425651,0.872007226736959,1.1396132701572557,-0.9946415828005792,0.7288255688538835,0.19641911963768835,0.5923001117781554,0.32690149579101363,-0.6514002941307985,0.40121717286458525,0.7404725279890014,-0.33757549382522417,0.40293494618629166,0.6849406680818113,-0.39395306845235056,-1.0422740276428166,-0.34035726849513376,0.8776972762869534,-0.8785196898823618,1.8590415523471429,1.5625473381877326,0.1539782866001304,1.3475992180349616,-1.0162550461476556,0.14149973568145624,1.529687547551334,-1.1503700313339649,0.2687851048209063,1.9850311707465278,-0.7142697242684327,-0.46873113584046006,0.03322531288829781,-0.09049253992912863,0.7657844734841219,-0.9054615553854686,-2.6461912735204027,0.10998388630850364,-0.957788849234347,0.9096394547927146,-0.37986447484054425,0.335895943562942
0.7195824725874952,0.25067970241708865,0.03572526528702218,0.35945480676206326,-0.8202380479172506,0.3723724298610489,0.10059367958704934,-0.9182738551885794,-0.48325772730867705,-0.22168627828226323,0.3228909018934569,-0.5154856672958168,-0.5494123906938136,-0.615737633172093,0.4733922848666403,0.9697906383585185,-0.34912362250017304,-0.1134762738084287,0.9447084419070071,0.24603249326691654,-0.5993623933515466,0.012154028961088898,-0.6291723266081183,-0.6916920424987558,-0.17495327579954353,0.3442416050925898,0.40505095065066654,0.2241093206097662,0.12717496940095221,0.9247314487321944,-1.0045592648298556,-0.35965969022341254,-0.23898070351543846,-0.05927509082273152,-1.6104801068772974,0.06533740440753487,0.3925023436029756,0.11892194925765855,-0.006808473033783291,0.09442348867617333,0.08386263432611873,-0.37986447484054425,0.5875393533410597,0.26623483913687657
0.42824754818800087,-0.5459973021202962,-0.1804475036665813,-0.39313003815075337,-0.0951606039605722,1.3173338142167603,-0.6936823668125147,-0.3028962493315158,-0.32902683965821083,0.260211818253117,0.5896480254127815,-1.0611430707546186,-0.21863070543446356,-0.01111451329121381,0.19864880773017063,1.2955991834423144,0.20201635005081509,-0.4521066032104718,0.08527054912183395,-0.02361193576100372,0.11845847961139841,-0.7022487564461372,0.9024946804675672,0.6106855122898243,-0.036593471811732205,1.438062421889009,-0.425813486741433,0.3200564649352498,1.3922848146092686,-0.038009135576908305,-0.760803556199622,1.2650963265846238,-0.8221224018525791,-0.43741680237381686,-1.5758346636215765,-0.012881132626940763,1.0399950789897094,-0.6191206897284754,-2.174553356119079,0.1908841021399085,-0.709559227886004,0.335895943562942,0.26623483913687657,0.5567781546309534
