V1,V2,V3,V4,V5,V6,V7,V8,V9,V10,V11,V12,V13,V14,V15,V16,V17,V18,V19,V20,V21,V22,V23,V24,V25,V26,V27,V28,V29,V30,V31,V32,V33,V34,V35,V36,V37,V38,V39,V40,V41,V42,V43
0.6846829342766272,0.6005929553757039,-1.015044804480369,0.24889055469544977,0.8039883647698036,0.39821789555743564,-4.7331207249336795e-4,-0.7971058725688065,0.3519599887716428,0.42066724268835115,0.32073031546949565,0.28553342639756885,-1.4160979468731725,-0.4199783890954127,0.7911512583528343,0.14572300718878653,-0.05301321795220291,-0.8404564068493966,0.17476082550619162,-0.3118886389179544,-0.4445267931804379,0.06668650177238003,0.5695412387798127,0.2866067557686234,-0.785853917937732,-0.7818539269925479,-1.214951625426969,0.8253472018509599,-0.27996196262717454,-0.11319114045018366,0.23679749891207497,-0.37338343495615905,-1.140630918663673,-0.4027483272623825,-0.5735078669203758,-0.6939356624370214,-0.07799433044857916,-0.7686058856825289,-0.6770452935274366,1.1805368970867962,-0.46982402671674134,-0.05777530126822274,0.6281793504717703
0.6005929553757039,0.7883675195341217,-1.2965213329733878,0.028062462712815726,0.858487079877222,0.33242658763159827,-0.6151424753351841,-0.7988332524269068,0.7961990372273219,0.12068345411062638,0.83753217095795,0.4094251018435182,-0.9212129360799372,-0.4254159397631519,0.6000256313172461,-0.09291163561070066,0.5223234882563225,-0.8020452898051715,0.0020445423121121017,0.19664180180767454,-0.16647229465535426,0.15983290685938087,0.20880802065893783,0.7784542826011319,-0.6647073240950773,-0.8380998129128726,-1.1842880176408703,0.8929559035217977,-0.18978424947637765,0.2523979009473169,-0.22378370257487346,-0.775598082351428,-1.2388459793185878,-0.6519577769463201,-0.4916385991844243,-0.6610619636441937,-0.42491240691595755,-0.8210361029087768,-0.6578302215256977,0.6747587363043535,-0.4596757305512203,-0.006074855140755464,0.6000585684591455
-1.015044804480369,-1.2965213329733878,2.241321696781497,0.10028173695781349,-1.5245005513510688,-0.5560834816114263,1.1781028934314697,1.405758524479766,-1.4537760050387125,-0.1725443608857191,-1.5952777927648212,-0.7353631336286512,1.5537115919028361,0.7747902475250826,-1.0153002760852077,0.025911353204833672,-0.955469751591426,1.3992666534191247,-0.06282783385187934,-0.5846073131573629,0.3319358307155389,-0.29415789656312263,-0.2842381973490995,-1.4738343451417686,1.1239425768178606,1.4819615791527432,2.064359157771646,-1.6101092131486454,0.37486622326046654,-0.3547432150677973,0.4799402138009518,1.3656498579461311,2.1136374870752146,1.2118545383445591,0.860213810337304,1.1737815352180971,0.8229679510369543,1.3492463149349565,1.2025793889770493,-1.101480040268472,0.786720184153513,-0.001503610501353069,-0.9729729977306434
0.24889055469544977,0.028062462712815726,0.10028173695781349,2.5933034538798285,-1.4156051012498645,1.431079137695487,-0.1573889831386178,0.04153723234544923,-0.3217788170716284,0.5012537317712247,-1.382225299826342,0.007165148213370277,-0.8430130078448531,2.9114476537257534,-0.043286315022451,-0.28605359575082884,0.3170095482739602,-0.2567942850329095,-0.29893337863617186,-0.7871234045789869,-0.8441495056765285,-1.1273658968966638,2.419619966368112,-1.5902309178940504,-1.2308313386011642,0.9468644100148842,-0.9553683173344983,0.024696851154343082,0.9534665173147039,1.9653717893767326,0.8308283251793617,-1.637114430693375,0.12537634032430486,0.6755957447485998,0.14777105293870305,-0.28723683333482847,-0.14981202492374907,1.0858788485303172,-0.5151151058820417,1.547695465567417,-0.6593178422719398,-1.0929175017444033,2.837106549698451
0.8039883647698036,0.858487079877222,-1.5245005513510688,-1.4156051012498645,2.121675906584073,-0.4270169774736403,0.12086433318064625,-1.158209258528849,0.7180021850699809,0.25163505820257487,1.394518107609627,0.3977400617038745,-1.4208439225198004,-2.614738482160781,1.1543920890189394,0.3579782411731247,-0.29122923482051266,-1.0118919449654058,0.43176632721452046,0.05119715065831185,-0.02265359382933599,0.8776613319797513,-0.865535938846198,1.49732331564477,-0.2633564775338919,-1.7629108259984143,-1.0565977488737597,1.1407591030831412,-1.0445425496123892,-1.4944651147543002,-0.22873665981712574,0.5992390053271254,-1.722354480300815,-1.0279756789087762,-0.9156114566118709,-0.7784181036223651,0.007072456628700013,-1.872945708226232,-0.5845234706537451,0.6024210869969278,-0.2106899324959587,0.6760703258758058,-1.0645736560051184
0.39821789555743564,0.33242658763159827,-0.5560834816114263,1.431079137695487,-0.4270169774736403,1.0009179438123512,-0.5388613438958095,-0.36286509983547705,0.2798952963953465,0.299366673027436,-0.27421928810983626,0.22862109432638902,-0.8581941611588664,1.5410874580298475,0.2126376122166458,-0.106746539023987,0.5305541119641682,-0.5331081114533734,-0.1372415259734706,-0.1128015826226056,-0.6092126460216245,-0.5883105265346451,1.466575909885775,-0.4500239239936031,-1.0208350404312285,0.15519410194686434,-1.1391546561691,0.49311840410021307,0.45564111580325706,1.2661250116368503,0.2744475985362792,-1.4077273531307601,-0.47235211211470923,0.011075283836160106,-0.13629610896229125,-0.5038891899144997,-0.39967143159538776,0.3487028494758768,-0.6766500654267396,1.148293744464557,-0.6043550879068128,-0.6517885951512868,1.939523243708032
-4.7331207249336795e-4,-0.6151424753351841,1.1781028934314697,-0.1573889831386178,0.12086433318064625,-0.5388613438958095,2.3822503975771245,0.3104761244503253,-1.611823570559034,0.6995171972657876,-1.5394761290830536,-0.5729249543810983,-0.8452788374582921,-1.1098627730678134,0.4418029425480736,0.45218195603098443,-2.1303198820024662,0.30557627080189476,0.4596848136896208,-1.8797540724312976,-0.21920965348276186,0.15988353030853172,0.05439126094886878,-1.2898445243308432,0.37281756803520133,0.08332160356511263,0.794770508034044,-0.6881772863067351,-0.5095517867813724,-1.8246128335687426,1.2851287472340978,2.2501182053574866,0.5369803507605393,0.8577561771649346,-0.12247411500040252,0.3423247770258607,1.468508772355293,-0.3083375043371541,0.5931548850203852,0.7003295669563178,0.4074697682495677,0.33208526087260165,-1.263017167565717
-0.7971058725688065,-0.7988332524269068,1.405758524479766,0.04153723234544923,-1.158209258528849,-0.36286509983547705,0.3104761244503253,1.0219079947983412,-0.695433217600696,-0.34911292494911494,-0.7988141668168387,-0.42641263484133246,1.4942737000965554,0.7584827185790372,-0.9070558819898195,-0.17322271132226616,-0.18244525296068012,1.0313464663928658,-0.19877067563974973,-0.007126091987875151,0.40595740459070245,-0.21255529683144556,-0.35300841343161155,-0.7503305167057591,0.8383984194494707,1.0931178814685136,1.4591868570170508,-1.1021305103344687,0.40629182072834263,0.1699325576632903,0.004067017130953437,0.5392337542515412,1.4733330844469497,0.7057515497174364,0.7046611280568468,0.8569030145479768,0.28129921853851536,1.031006722779694,0.8428757150259791,-1.129262009916125,0.5367497454074109,-0.03238709756252013,-0.5450142483657837
0.3519599887716428,0.7961990372273219,-1.4537760050387125,-0.3217788170716284,0.7180021850699809,0.2798952963953465,-1.611823570559034,-0.695433217600696,1.4004627769561264,-0.35244573507894966,1.566269544099323,0.5640234820661056,-0.05300722909796694,-0.149457385096492,0.1727469923872381,-0.19562788951608387,1.3796437445296936,-0.6488648494583823,-0.16339380206172827,1.2671847838238475,0.1010265335716182,0.1899643610279018,-0.25689130565650864,1.4249740352295515,-0.4414707743831785,-0.7379123722148168,-1.0478358720500351,0.9517654423818416,-0.022169526800123112,0.7688800997953813,-0.9381739927205703,-1.4109606903943104,-1.0896520772326996,-0.9824272154720437,-0.2871464294835099,-0.5769475002544255,-1.0229527460184138,-0.5123857538947812,-0.6807411758010663,-0.14544283390448753,-0.41017585160231146,-0.011960865011753986,0.6026788464280036
0.42066724268835115,0.12068345411062638,-0.1725443608857191,0.5012537317712247,0.25163505820257487,0.299366673027436,0.6995171972657876,-0.34911292494911494,-0.35244573507894966,0.5391083363520657,-0.5119485021139197,-0.013413876781070313,-1.2046930682775505,-0.08675001332531436,0.5710875104683905,0.22287618016335134,-0.6413369734418171,-0.4238130812993926,0.2130604971496396,-0.8368030870182555,-0.486565875740353,-0.10646609988689261,0.7432499966537343,-0.49424957512260204,-0.5323791544975315,-0.2541768431810101,-0.6027331386393348,0.26923995899846986,-0.1669776990364534,-0.32860578345931274,0.663707837122673,0.21363404278106835,-0.4354696737928956,0.14157530875855245,-0.33909567360609316,-0.3416622779990243,0.3720164620289015,-0.3127083309924056,-0.3037306743562187,1.142657304296067,-0.24755461763417508,-0.11686081861905574,0.4306318638890271
0.32073031546949565,0.83753217095795,-1.5952777927648212,-1.382225299826342,1.394518107609627,-0.27421928810983626,-1.5394761290830536,-0.7988141668168387,1.566269544099323,-0.5119485021139197,2.1743907229291324,0.5901244371229909,0.13930007965129662,-1.4099415052442292,0.2773337722356609,-0.04420645934392407,1.2312173564882514,-0.632434781113669,-0.011323869870874494,1.5686028543461037,0.39515607859144036,0.665751688621222,-1.2018600321151853,2.1153594663549264,-0.012521722246553145,-1.2159939028884148,-0.7799428499200187,1.0320523421696368,-0.4549841262377984,-0.07804647384147577,-1.25478212053628,-0.7598417509004085,-1.257383725549612,-1.3066936760977905,-0.41225669874212334,-0.5338057179465053,-0.9667759396716858,-1.0389842031126995,-0.5431407484394266,-0.6579775131862967,-0.1845667717367753,0.4369146251411993,-0.5177055860993307
0.28553342639756885,0.4094251018435182,-0.7353631336286512,0.007165148213370277,0.3977400617038745,0.22862109432638902,-0.5729249543810983,-0.42641263484133246,0.5640234820661056,-0.013413876781070313,0.5901244371229909,0.2640900320480687,-0.36733956841676324,-0.06890057693432636,0.2399397678008195,-0.029566050484377254,0.47900752207471925,-0.427908026750464,-0.019035803572871386,0.3661632512385861,-0.09648583798134654,0.05040718949470432,0.10570160715025025,0.5254802227857216,-0.36803744494355456,-0.4124267224758328,-0.6732931288614713,0.5274831415983304,-0.04952152471354114,0.2887895529778839,-0.2544839849686312,-0.624021010372867,-0.6351871448924451,-0.4216723846677672,-0.22890894108624346,-0.37158145476639026,-0.3845145488572649,-0.3176525651869337,-0.4133908436286921,0.26191249560755997,-0.2690896575327501,-0.047828407088999866,0.4298274601253193
-1.4160979468731725,-0.9212129360799372,1.5537115919028361,-0.8430130078448531,-1.4208439225198004,-0.8581941611588664,-0.8452788374582921,1.4942737000965554,-0.05300722909796694,-1.2046930682775505,0.13930007965129662,-0.36733956841676324,3.3440763203347776,0.7465154987944096,-1.7534329622490294,-0.5243357736280807,0.867053964716207,1.6359790864174997,-0.5264226439870237,1.3624823681324136,1.1892116789080618,0.011697467004737967,-1.5982027222768165,0.16465101898435913,1.6643968270522025,1.3835703077850485,2.3378781079841264,-1.4445489408357592,0.618401756287816,0.6370943479391051,-1.0928034694447089,0.18684311396927178,2.040961359118639,0.3960254169998913,1.185302233437895,1.343961067814436,-0.3398552239149425,1.407297768960971,1.2811850793383277,-2.929752075406475,0.9105196683923924,0.19049891733722354,-1.2755339312418852
-0.4199783890954127,-0.4254159397631519,0.7747902475250826,2.9114476537257534,-2.614738482160781,1.5410874580298475,-1.1098627730678134,0.7584827185790372,-0.149457385096492,-0.08675001332531436,-1.4099415052442292,-0.06890057693432636,0.7465154987944096,4.4212357987196835,-1.0467731865981322,-0.5600303138304431,1.2290696271467176,0.43977892026130994,-0.6659810171654096,0.18376935184168977,-0.5459844325099888,-1.51550510568495,2.3446317769541127,-1.7372893294353058,-0.825877033682724,1.9384378133279117,-0.21433532239097178,-0.5401665932713416,1.6191132258313785,3.1384400096251124,0.2688917930687447,-2.446651607305593,1.1806501015696795,0.8993632369446612,0.8195181665280216,0.22415913364937423,-0.6827428134487444,2.315925317518683,-0.19298093312749232,0.4067886978624321,-0.468056037217475,-1.4061048869548352,3.269721242846395
0.7911512583528343,0.6000256313172461,-1.0153002760852077,-0.043286315022451,1.1543920890189394,0.2126376122166458,0.4418029425480736,-0.9070558819898195,0.1727469923872381,0.5710875104683905,0.2773337722356609,0.2399397678008195,-1.7534329622490294,-1.0467731865981322,1.033606312995057,0.3027253126267706,-0.4841315224940089,-0.9247598085216153,0.33380442735019394,-0.604318452124571,-0.47989445525971636,0.24126962576223243,0.4070296778510573,0.30397095482667424,-0.7309722799920214,-1.036146693623103,-1.2048170320332667,0.8683926478122197,-0.5436715221948515,-0.7031101994799838,0.4139426905706075,0.1496153132035223,-1.2833944364360366,-0.412787902702258,-0.7285162603368514,-0.7400553466469951,0.18355927532348815,-1.0981832762836363,-0.6510041796156213,1.3602892253322234,-0.41286263373064674,0.11885458771966415,0.1899580644017878
0.14572300718878653,-0.09291163561070066,0.025911353204833672,-0.28605359575082884,0.3579782411731247,-0.106746539023987,0.45218195603098443,-0.17322271132226616,-0.19562788951608387,0.22287618016335134,-0.04420645934392407,-0.029566050484377254,-0.5243357736280807,-0.5600303138304431,0.3027253126267706,0.3738214556131053,-0.5012067595284129,-0.16224796907581826,0.27098244587786824,-0.1786607912605523,-0.21726296246070861,0.1253184289600004,-0.02531889933127674,-0.013894139537915776,-0.040851226191077644,-0.2771652088732149,-0.12200145858014441,0.14640972745758418,-0.3143987965824431,-0.6941423644658598,0.22791964651585822,0.505721909537897,-0.13423825415353938,-0.0375532824864928,-0.20574442426951312,-0.13677444756986976,0.232089812345164,-0.219832469124395,-0.11417743406502787,0.35812840277381297,0.010093735716904261,0.1273178046834253,-0.34831270706828577
-0.05301321795220291,0.5223234882563225,-0.955469751591426,0.3170095482739602,-0.29122923482051266,0.5305541119641682,-2.1303198820024662,-0.18244525296068012,1.3796437445296936,-0.6413369734418171,1.2312173564882514,0.47900752207471925,0.867053964716207,1.2290696271467176,-0.4841315224940089,-0.5012067595284129,1.9417042848190784,-0.19308238462354035,-0.48021818683284717,1.6018843545992707,0.22291987484441805,-0.2207536579452616,0.047898965419514626,1.0054913259525526,-0.3279858590118269,0.07605256660311402,-0.6321296139096467,0.5085327874729677,0.5664819094769392,1.8137839780729912,-1.11285193041833,-2.0864381343000216,-0.3678134741158024,-0.665028124642484,0.186544556174222,-0.23732109768671028,-1.2997922506088673,0.39399384058152315,-0.4645217455528382,-0.6600818066503289,-0.357122085871013,-0.35983877783042323,1.2588684626962712
-0.8404564068493966,-0.8020452898051715,1.3992666534191247,-0.2567942850329095,-1.0118919449654058,-0.5331081114533734,0.30557627080189476,1.0313464663928658,-0.6488648494583823,-0.4238130812993926,-0.632434781113669,-0.427908026750464,1.6359790864174997,0.43977892026130994,-0.9247598085216153,-0.16224796907581826,-0.19308238462354035,1.0777984725155025,-0.18042933869023947,0.09817499476667109,0.5236689519229447,-0.08375505882606175,-0.648472152231747,-0.5591016086930548,0.9956814913550721,1.0004519245933896,1.5910886659493935,-1.1195862253929765,0.31127530941851417,-0.02867190038318688,-0.10907978053394814,0.7110204173904912,1.4733413767918533,0.6295435883235346,0.7011170875979228,0.9039790689407763,0.28806677350203996,0.9160755426471963,0.9174205410493217,-1.3449714500118026,0.6197375645798711,0.09267687487119045,-0.8735483864891477
0.17476082550619162,0.0020445423121121017,-0.06282783385187934,-0.29893337863617186,0.43176632721452046,-0.1372415259734706,0.4596848136896208,-0.19877067563974973,-0.16339380206172827,0.2130604971496396,-0.011323869870874494,-0.019035803572871386,-0.5264226439870237,-0.6659810171654096,0.33380442735019394,0.27098244587786824,-0.48021818683284717,-0.18042933869023947,0.2286377868662502,-0.2661875412820373,-0.143283884525997,0.17066732612482433,-0.0824296887319623,0.036196209873041486,-0.034279652388842625,-0.3354276988131688,-0.12964277577108085,0.14988363481577938,-0.3211368531130426,-0.6750244129482547,0.215056710306949,0.5151635839191627,-0.2263223829759499,-0.05682371614588873,-0.22395978190689048,-0.13570587780700866,0.2508375955170178,-0.3531245203171312,-0.08118868101376059,0.3382826076317155,0.008325165510492638,0.16363849992354626,-0.3855830357723524
-0.3118886389179544,0.19664180180767454,-0.5846073131573629,-0.7871234045789869,0.05119715065831185,-0.1128015826226056,-1.8797540724312976,-0.007126091987875151,1.2671847838238475,-0.8368030870182555,1.5686028543461037,0.3661632512385861,1.3624823681324136,0.18376935184168977,-0.604318452124571,-0.1786607912605523,1.6018843545992707,0.09817499476667109,-0.2661875412820373,1.9782584221732886,0.4870297493126477,0.16813775360792022,-0.9335110639650172,1.4234229733261834,0.319927393215751,-0.08702611425233843,0.02690360586671374,0.3106084147768327,0.18197671388537282,0.827659885670628,-1.3631228226173333,-1.1793168425168505,-0.035945769402346166,-0.7784014152480911,0.234782437254705,0.012947577930588886,-1.1375582018427488,0.2758960821018877,-0.15987443495502546,-1.3850436693346897,0.024215814013805965,0.0644444408184401,-0.05091748092654015
-0.4445267931804379,-0.16647229465535426,0.3319358307155389,-0.8441495056765285,-0.02265359382933599,-0.6092126460216245,-0.21920965348276186,0.40595740459070245,0.1010265335716182,-0.486565875740353,0.39515607859144036,-0.09648583798134654,1.1892116789080618,-0.5459844325099888,-0.47989445525971636,-0.21726296246070861,0.22291987484441805,0.5236689519229447,-0.143283884525997,0.4870297493126477,0.6324498370567675,0.3076721326753855,-1.0848532991264526,0.4684445521232954,0.7781448499382124,0.13352672546122737,0.8995133912186974,-0.43045127493144314,-0.0330568618854426,-0.2164612139764705,-0.5326583738882731,0.42175609760464133,0.47088569440362893,-0.058560127783426334,0.3004512743602359,0.465684003915125,-0.052386412958340414,0.0222034580937646,0.5345567203906026,-1.247541806035129,0.41531737945690195,0.3419785058076457,-1.0520190017069848
0.06668650177238003,0.15983290685938087,-0.29415789656312263,-1.1273658968966638,0.8776613319797513,-0.5883105265346451,0.15988353030853172,-0.21255529683144556,0.1899643610279018,-0.10646609988689261,0.665751688621222,0.05040718949470432,0.011697467004737967,-1.51550510568495,0.24126962576223243,0.1253184289600004,-0.2207536579452616,-0.08375505882606175,0.17066732612482433,0.16813775360792022,0.3076721326753855,0.5565184122274172,-0.9882275950802437,0.7700519281165512,0.3861755068732318,-0.6441671084531524,0.16602512257366242,0.16389804664785387,-0.5204715892110124,-0.9719970590179219,-0.28060837465249555,0.7368244692320522,-0.36018617212851584,-0.3822749376371379,-0.21863128303025056,-0.023462255368489546,0.11144992184568135,-0.758301911883048,0.11001381277136942,-0.4040979200506009,0.19973127836296548,0.5123095722341365,-1.199456364522035
0.5695412387798127,0.20880802065893783,-0.2842381973490995,2.419619966368112,-0.865535938846198,1.466575909885775,0.05439126094886878,-0.35300841343161155,-0.25689130565650864,0.7432499966537343,-1.2018600321151853,0.10570160715025025,-1.5982027222768165,2.3446317769541127,0.4070296778510573,-0.02531889933127674,0.047898965419514626,-0.648472152231747,-0.0824296887319623,-0.9335110639650172,-1.0848532991264526,-0.9882275950802437,2.5092966819668527,-1.4012177384019393,-1.4952613478795682,0.46553295503329856,-1.441038457004553,0.41861577609687567,0.646837776216068,1.4927514751576683,0.983631447559666,-1.4668402780955003,-0.3825637073271836,0.4629674801603328,-0.17930232043536334,-0.6101939079524512,-0.07081908189039128,0.6408460900059029,-0.8138828526468435,2.0976324062093874,-0.8051742244129291,-1.0029245563605147,2.777362387523978
0.2866067557686234,0.7784542826011319,-1.4738343451417686,-1.5902309178940504,1.49732331564477,-0.4500239239936031,-1.2898445243308432,-0.7503305167057591,1.4249740352295515,-0.49424957512260204,2.1153594663549264,0.5254802227857216,0.16465101898435913,-1.7372893294353058,0.30397095482667424,-0.013894139537915776,1.0054913259525526,-0.5591016086930548,0.036196209873041486,1.4234229733261834,0.4684445521232954,0.7700519281165512,-1.4012177384019393,2.1023567701226806,0.14038350109363257,-1.261128239844324,-0.5928076658387824,0.9335445632191791,-0.5631839875820384,-0.38684439190999476,-1.1961486418675553,-0.4078084656864746,-1.1977480166106411,-1.2595224471604258,-0.4202476218177376,-0.45514770552786804,-0.8024439398714915,-1.1550667269174282,-0.4147257356505694,-0.7442278556287545,-0.08166021879915887,0.557546140293676,-0.8733343063583392
-0.785853917937732,-0.6647073240950773,1.1239425768178606,-1.2308313386011642,-0.2633564775338919,-1.0208350404312285,0.37281756803520133,0.8383984194494707,-0.4414707743831785,-0.5323791544975315,-0.012521722246553145,-0.36803744494355456,1.6643968270522025,-0.825877033682724,-0.7309722799920214,-0.040851226191077644,-0.3279858590118269,0.9956814913550721,-0.034279652388842625,0.319927393215751,0.7781448499382124,0.3861755068732318,-1.4952613478795682,0.14038350109363257,1.31585554588047,0.44641219058881787,1.7080273845198837,-0.9527353383438049,-0.12726105353091077,-0.8279099336010997,-0.3870733474575166,1.2824271707268105,1.159550524906362,0.27326666646235886,0.5150193470801445,0.8693034712501351,0.3369401456065861,0.29190202052378056,0.984361530835455,-1.7072587555981595,0.7799538650403115,0.5203732443233902,-1.8700773155085557
-0.7818539269925479,-0.8380998129128726,1.4819615791527432,0.9468644100148842,-1.7629108259984143,0.15519410194686434,0.08332160356511263,1.0931178814685136,-0.7379123722148168,-0.2541768431810101,-1.2159939028884148,-0.4124267224758328,1.3835703077850485,1.9384378133279117,-1.036146693623103,-0.2771652088732149,0.07605256660311402,1.0004519245933896,-0.3354276988131688,-0.08702611425233843,0.13352672546122737,-0.6441671084531524,0.46553295503329856,-1.261128239844324,0.44641219058881787,1.512475484491511,1.1772981217986929,-1.11786487504217,0.804965378839309,0.9904712665601502,0.19034810691267914,-0.16791116213556317,1.6161838769998447,0.9248646559560039,0.8211516477441669,0.7912449122697917,0.12383128119966788,1.5549711985607328,0.6659895475716789,-0.7312578020467839,0.31860877226661677,-0.45003936524012206,0.5004219166595949
-1.214951625426969,-1.1842880176408703,2.064359157771646,-0.9553683173344983,-1.0565977488737597,-1.1391546561691,0.794770508034044,1.4591868570170508,-1.0478358720500351,-0.6027331386393348,-0.7799428499200187,-0.6732931288614713,2.3378781079841264,-0.21433532239097178,-1.2048170320332667,-0.12200145858014441,-0.6321296139096467,1.5910886659493935,-0.12964277577108085,0.02690360586671374,0.8995133912186974,0.16602512257366242,-1.441038457004553,-0.5928076658387824,1.7080273845198837,1.1772981217986929,2.5292628502581214,-1.654671536465349,0.14801039762564394,-0.7267723132708916,-0.1575332514687443,1.6663183145576144,2.0709269449106498,0.8398197280540411,0.9183252406039644,1.3660050588622947,0.6431722605871666,0.9569590819834265,1.477842227960781,-2.1154279102415106,1.0627967563507674,0.42518238847939516,-2.0260205442212476
0.8253472018509599,0.8929559035217977,-1.6101092131486454,0.024696851154343082,1.1407591030831412,0.49311840410021307,-0.6881772863067351,-1.1021305103344687,0.9517654423818416,0.26923995899846986,1.0320523421696368,0.5274831415983304,-1.4445489408357592,-0.5401665932713416,0.8683926478122197,0.14640972745758418,0.5085327874729677,-1.1195862253929765,0.14988363481577938,0.3106084147768327,-0.43045127493144314,0.16389804664785387,0.41861577609687567,0.9335445632191791,-0.9527353383438049,-1.11786487504217,-1.654671536465349,1.2526360340159008,-0.33050481374641827,0.12141355106164163,-0.18127443393622897,-0.929200202198775,-1.582414906933749,-0.8480789601994401,-0.7067686369722532,-0.9500253013194154,-0.5240760129251414,-0.9633912862516406,-0.9891413073095866,1.1042698195243281,-0.6312733972389732,-0.04587490503773545,0.816541921696421
-0.27996196262717454,-0.18978424947637765,0.37486622326046654,0.9534665173147039,-1.0445425496123892,0.45564111580325706,-0.5095517867813724,0.40629182072834263,-0.022169526800123112,-0.1669776990364534,-0.4549841262377984,-0.04952152471354114,0.618401756287816,1.6191132258313785,-0.5436715221948515,-0.3143987965824431,0.5664819094769392,0.31127530941851417,-0.3211368531130426,0.18197671388537282,-0.0330568618854426,-0.5204715892110124,0.646837776216068,-0.5631839875820384,-0.12726105353091077,0.804965378839309,0.14801039762564394,-0.33050481374641827,0.6467839447486419,1.2224964020225113,-0.03693448638447966,-0.8820217075340371,0.5762306009449634,0.34206331116292643,0.4057559527359864,0.213332974857104,-0.2876375068605981,0.9072814169139166,0.07168764639668464,-0.17221586800760327,-0.08071026010302466,-0.47016411458405755,1.0382260098274387
-0.11319114045018366,0.2523979009473169,-0.3547432150677973,1.9653717893767326,-1.4944651147543002,1.2661250116368503,-1.8246128335687426,0.1699325576632903,0.7688800997953813,-0.32860578345931274,-0.07804647384147577,0.2887895529778839,0.6370943479391051,3.1384400096251124,-0.7031101994799838,-0.6941423644658598,1.8137839780729912,-0.02867190038318688,-0.6750244129482547,0.827659885670628,-0.2164612139764705,-0.9719970590179219,1.4927514751576683,-0.38684439190999476,-0.8279099336010997,0.9904712665601502,-0.7267723132708916,0.12141355106164163,1.2224964020225113,2.8815565199213435,-0.4117975761965608,-2.6799516195856663,0.18207097661810698,0.0775516234502089,0.46109307690089413,-0.13264861379019838,-1.116804461914545,1.3127360207391752,-0.4701087109224475,0.10050268552535994,-0.573594496980095,-1.0168112663067777,2.7453620580771965
0.23679749891207497,-0.22378370257487346,0.4799402138009518,0.8308283251793617,-0.22873665981712574,0.2744475985362792,1.2851287472340978,0.004067017130953437,-0.9381739927205703,0.663707837122673,-1.25478212053628,-0.2544839849686312,-1.0928034694447089,0.2688917930687447,0.4139426905706075,0.22791964651585822,-1.11285193041833,-0.10907978053394814,0.215056710306949,-1.3631228226173333,-0.5326583738882731,-0.28060837465249555,0.983631447559666,-1.1961486418675553,-0.3870733474575166,0.19034810691267914,-0.1575332514687443,-0.18127443393622897,-0.03693448638447966,-0.4117975761965608,1.058377655097548,0.6316478195417151,0.0986176273681239,0.6143155380515005,-0.15304884749882366,-0.06986637260309714,0.7515608582326934,0.04266597400207093,-0.009684623778841323,1.1941618394918039,-0.10047734450518767,-0.19968553594789565,0.38826801914856707
-0.37338343495615905,-0.775598082351428,1.3656498579461311,-1.637114430693375,0.5992390053271254,-1.4077273531307601,2.2501182053574866,0.5392337542515412,-1.4109606903943104,0.21363404278106835,-0.7598417509004085,-0.624021010372867,0.18684311396927178,-2.446651607305593,0.1496153132035223,0.505721909537897,-2.0864381343000216,0.7110204173904912,0.5151635839191627,-1.1793168425168505,0.42175609760464133,0.7368244692320522,-1.4668402780955003,-0.4078084656864746,1.2824271707268105,-0.16791116213556317,1.6663183145576144,-0.929200202198775,-0.8820217075340371,-2.6799516195856663,0.6316478195417151,3.064832168446045,0.8135585355528074,0.5535009229144338,0.010458148488520119,0.711769215575713,1.4442465348739129,-0.6092120722599189,1.0590861793551467,-0.6194428846084996,0.892299906121761,0.9180373083459001,-2.9087479558847695
-1.140630918663673,-1.2388459793185878,2.1136374870752146,0.12537634032430486,-1.722354480300815,-0.47235211211470923,0.5369803507605393,1.4733330844469497,-1.0896520772326996,-0.4354696737928956,-1.257383725549612,-0.6351871448924451,2.040961359118639,1.1806501015696795,-1.2833944364360366,-0.13423825415353938,-0.3678134741158024,1.4733413767918533,-0.2263223829759499,-0.035945769402346166,0.47088569440362893,-0.36018617212851584,-0.3825637073271836,-1.1977480166106411,1.159550524906362,1.6161838769998447,2.0709269449106498,-1.582414906933749,0.5762306009449634,0.18207097661810698,0.0986176273681239,0.8135585355528074,2.182213281692139,1.0651807809856901,1.0031702830900402,1.2110372009175654,0.44297781848115647,1.582419048761724,1.1687662295394103,-1.4978780784908818,0.7589461133712658,-0.09023143535183913,-0.7221869612604063
-0.4027483272623825,-0.6519577769463201,1.2118545383445591,0.6755957447485998,-1.0279756789087762,0.011075283836160106,0.8577561771649346,0.7057515497174364,-0.9824272154720437,0.14157530875855245,-1.3066936760977905,-0.4216723846677672,0.3960254169998913,0.8993632369446612,-0.412787902702258,-0.0375532824864928,-0.665028124642484,0.6295435883235346,-0.05682371614588873,-0.7784014152480911,-0.058560127783426334,-0.3822749376371379,0.4629674801603328,-1.2595224471604258,0.27326666646235886,0.9248646559560039,0.8398197280540411,-0.8480789601994401,0.34206331116292643,0.0775516234502089,0.6143155380515005,0.5535009229144338,1.0651807809856901,0.8557088176743292,0.41713123654384454,0.5288360961871423,0.5666744029149183,0.8110471096610209,0.5335986941314754,-0.03461629984414207,0.26076724016318525,-0.21497604646644938,0.0644995362456052
-0.5735078669203758,-0.4916385991844243,0.860213810337304,0.14777105293870305,-0.9156114566118709,-0.13629610896229125,-0.12247411500040252,0.7046611280568468,-0.2871464294835099,-0.33909567360609316,-0.41225669874212334,-0.22890894108624346,1.185302233437895,0.8195181665280216,-0.7285162603368514,-0.20574442426951312,0.186544556174222,0.7011170875979228,-0.22395978190689048,0.234782437254705,0.3004512743602359,-0.21863128303025056,-0.17930232043536334,-0.4202476218177376,0.5150193470801445,0.8211516477441669,0.9183252406039644,-0.7067686369722532,0.4057559527359864,0.46109307690089413,-0.15304884749882366,0.010458148488520119,1.0031702830900402,0.41713123654384454,0.5390832801649694,0.5678033533280996,-0.011164487117051964,0.835421223955489,0.5136064341436158,-0.8719336554489432,0.30983302243308725,-0.11044879246072858,-0.11361812689908835
-0.6939356624370214,-0.6610619636441937,1.1737815352180971,-0.28723683333482847,-0.7784181036223651,-0.5038891899144997,0.3423247770258607,0.8569030145479768,-0.5769475002544255,-0.3416622779990243,-0.5338057179465053,-0.37158145476639026,1.343961067814436,0.22415913364937423,-0.7400553466469951,-0.13677444756986976,-0.23732109768671028,0.9039790689407763,-0.13570587780700866,0.012947577930588886,0.465684003915125,-0.023462255368489546,-0.6101939079524512,-0.45514770552786804,0.8693034712501351,0.7912449122697917,1.3660050588622947,-0.9500253013194154,0.213332974857104,-0.13264861379019838,-0.06986637260309714,0.711769215575713,1.2110372009175654,0.5288360961871423,0.5678033533280996,0.7675418885661471,0.29835278356940026,0.6857144070686724,0.8009011795446503,-1.1319391358241484,0.5430201010610347,0.12554354990272984,-0.8482821414222261
-0.07799433044857916,-0.42491240691595755,0.8229679510369543,-0.14981202492374907,0.007072456628700013,-0.39967143159538776,1.468508772355293,0.28129921853851536,-1.0229527460184138,0.3720164620289015,-0.9667759396716858,-0.3845145488572649,-0.3398552239149425,-0.6827428134487444,0.18355927532348815,0.232089812345164,-1.2997922506088673,0.28806677350203996,0.2508375955170178,-1.1375582018427488,-0.052386412958340414,0.11144992184568135,-0.07081908189039128,-0.8024439398714915,0.3369401456065861,0.12383128119966788,0.6431722605871666,-0.5240760129251414,-0.2876375068605981,-1.116804461914545,0.7515608582326934,1.4442465348739129,0.44297781848115647,0.5666744029149183,-0.011164487117051964,0.29835278356940026,0.919337233982137,-0.14170907920599465,0.4616032355826244,0.2683054466769469,0.31274947912235584,0.22976368600475672,-0.8854642702638712
-0.7686058856825289,-0.8210361029087768,1.3492463149349565,1.0858788485303172,-1.872945708226232,0.3487028494758768,-0.3083375043371541,1.031006722779694,-0.5123857538947812,-0.3127083309924056,-1.0389842031126995,-0.3176525651869337,1.407297768960971,2.315925317518683,-1.0981832762836363,-0.219832469124395,0.39399384058152315,0.9160755426471963,-0.3531245203171312,0.2758960821018877,0.0222034580937646,-0.758301911883048,0.6408460900059029,-1.1550667269174282,0.29190202052378056,1.5549711985607328,0.9569590819834265,-0.9633912862516406,0.9072814169139166,1.3127360207391752,0.04266597400207093,-0.6092120722599189,1.582419048761724,0.8110471096610209,0.835421223955489,0.6857144070686724,-0.14170907920599465,1.7600881959444385,0.4733402617932352,-0.6962330476824757,0.2065055179394502,-0.5859663691913646,0.8762727157652295
-0.6770452935274366,-0.6578302215256977,1.2025793889770493,-0.5151151058820417,-0.5845234706537451,-0.6766500654267396,0.5931548850203852,0.8428757150259791,-0.6807411758010663,-0.3037306743562187,-0.5431407484394266,-0.4133908436286921,1.2811850793383277,-0.19298093312749232,-0.6510041796156213,-0.11417743406502787,-0.4645217455528382,0.9174205410493217,-0.08118868101376059,-0.15987443495502546,0.5345567203906026,0.11001381277136942,-0.8138828526468435,-0.4147257356505694,0.984361530835455,0.6659895475716789,1.477842227960781,-0.9891413073095866,0.07168764639668464,-0.4701087109224475,-0.009684623778841323,1.0590861793551467,1.1687662295394103,0.5335986941314754,0.5136064341436158,0.8009011795446503,0.4616032355826244,0.4733402617932352,0.8947458836658588,-1.1605329807143292,0.6208868924431763,0.26401175459892834,-1.204254348581492
1.1805368970867962,0.6747587363043535,-1.101480040268472,1.547695465567417,0.6024210869969278,1.148293744464557,0.7003295669563178,-1.129262009916125,-0.14544283390448753,1.142657304296067,-0.6579775131862967,0.26191249560755997,-2.929752075406475,0.4067886978624321,1.3602892253322234,0.35812840277381297,-0.6600818066503289,-1.3449714500118026,0.3382826076317155,-1.3850436693346897,-1.247541806035129,-0.4040979200506009,2.0976324062093874,-0.7442278556287545,-1.7072587555981595,-0.7312578020467839,-2.1154279102415106,1.1042698195243281,-0.17221586800760327,0.10050268552535994,1.1941618394918039,-0.6194428846084996,-1.4978780784908818,-0.03461629984414207,-0.8719336554489432,-1.1319391358241484,0.2683054466769469,-0.6962330476824757,-1.1605329807143292,2.850243368224771,-0.919216144745133,-0.5217357405078717,1.9300992467524456
-0.46982402671674134,-0.4596757305512203,0.786720184153513,-0.6593178422719398,-0.2106899324959587,-0.6043550879068128,0.4074697682495677,0.5367497454074109,-0.41017585160231146,-0.24755461763417508,-0.1845667717367753,-0.2690896575327501,0.9105196683923924,-0.468056037217475,-0.41286263373064674,0.010093735716904261,-0.357122085871013,0.6197375645798711,0.008325165510492638,0.024215814013805965,0.41531737945690195,0.19973127836296548,-0.8051742244129291,-0.08166021879915887,0.7799538650403115,0.31860877226661677,1.0627967563507674,-0.6312733972389732,-0.08071026010302466,-0.573594496980095,-0.10047734450518767,0.892299906121761,0.7589461133712658,0.26076724016318525,0.30983302243308725,0.5430201010610347,0.31274947912235584,0.2065055179394502,0.6208868924431763,-0.919216144745133,0.48024091232640426,0.2968481490103454,-1.1225736181161945
-0.05777530126822274,-0.006074855140755464,-0.001503610501353069,-1.0929175017444033,0.6760703258758058,-0.6517885951512868,0.33208526087260165,-0.03238709756252013,-0.011960865011753986,-0.11686081861905574,0.4369146251411993,-0.047828407088999866,0.19049891733722354,-1.4061048869548352,0.11885458771966415,0.1273178046834253,-0.35983877783042323,0.09267687487119045,0.16363849992354626,0.0644444408184401,0.3419785058076457,0.5123095722341365,-1.0029245563605147,0.557546140293676,0.5203732443233902,-0.45003936524012206,0.42518238847939516,-0.04587490503773545,-0.47016411458405755,-1.0168112663067777,-0.19968553594789565,0.9180373083459001,-0.09023143535183913,-0.21497604646644938,-0.11044879246072858,0.12554354990272984,0.22976368600475672,-0.5859663691913646,0.26401175459892834,-0.5217357405078717,0.2968481490103454,0.5068966009290602,-1.3102296993048637
0.6281793504717703,0.6000585684591455,-0.9729729977306434,2.837106549698451,-1.0645736560051184,1.939523243708032,-1.263017167565717,-0.5450142483657837,0.6026788464280036,0.4306318638890271,-0.5177055860993307,0.4298274601253193,-1.2755339312418852,3.269721242846395,0.1899580644017878,-0.34831270706828577,1.2588684626962712,-0.8735483864891477,-0.3855830357723524,-0.05091748092654015,-1.0520190017069848,-1.199456364522035,2.777362387523978,-0.8733343063583392,-1.8700773155085557,0.5004219166595949,-2.0260205442212476,0.816541921696421,1.0382260098274387,2.7453620580771965,0.38826801914856707,-2.9087479558847695,-0.7221869612604063,0.0644995362456052,-0.11361812689908835,-0.8482821414222261,-0.8854642702638712,0.8762727157652295,-1.204254348581492,1.9300992467524456,-1.1225736181161945,-1.3102296993048637,3.827420744608011
