V1,V2,V3,V4,V5,V6,V7,V8,V9,V10,V11,V12,V13,V14,V15,V16,V17,V18,V19,V20,V21,V22,V23,V24,V25,V26,V27,V28,V29,V30,V31,V32,V33,V34,V35,V36,V37,V38,V39,V40,V41,V42,V43
2.1935776392654325,0.24591212654802996,0.82460580891746,3.1195881476851337,-0.2908528578506618,-1.316555868278714,2.77516792097014,3.0407395098679375,0.36926645739847347,-0.4125327568686288,1.5511002319732596,-4.192242240163505,-1.2382629857477891,-0.8077848442479114,-1.2739532165276914,-0.309639763096038,1.433729286789579,-3.8275689794729146,0.003653172585060339,-2.1802061143123965,-0.9011458515883449,-0.509316187889091,-1.0555655956386507,-0.11609754594396719,1.2044954703227666,0.17467872069570517,0.43992512945823703,0.47013711509755984,0.46283386140610455,-0.09947518823894337,1.1978757505019766,0.9449873472661848,1.8118978707078504,-1.6242036951270853,0.30770970129690733,-0.4260583188401278,2.3768152711227146,-2.4802002494415816,1.6822342777827444,-0.1655577646807409,1.4389650280313855,-2.1320732957946915,-0.9863708786760416
0.24591212654802996,0.1983374883334913,0.473137319253652,0.8550245398670805,-0.029435260672085163,-0.1578199436153876,0.24218397969932579,0.767129530204985,0.19798825649462737,-0.02594819480472712,0.7950687712295526,-0.8576609805277865,0.1437758378566634,0.09581016178380583,-0.12279151616739573,-0.19356032568162448,-0.01959357098286483,-1.0726851562894635,-0.19009544836469422,-0.28484399018697093,0.14208350100405268,-0.02081008157793262,-0.20211694441760078,0.12528778113339767,0.18066721508048897,-0.25244164360038396,0.29556314399235006,-0.024665935764175227,0.2965469153614774,-0.23727986450600702,0.1529377491913724,-0.0018842772048717547,0.585894921300311,-0.6646908623598913,0.20122371749324447,-0.38315579944285144,0.6809631231115714,-0.6104260334271423,0.161556749646771,0.0456585577516788,0.06547384821346634,-0.3359526791337897,0.05218845616158772
0.82460580891746,0.473137319253652,1.727930429460316,2.0728755916556496,-1.476034016170058,-0.5202840009616123,1.4083324334709584,1.904289565832946,0.5161475389574253,-1.0813482725423469,1.3780184436786067,-3.0228163040027187,-0.28461000703078077,-0.20178796763195112,-0.26456125498971905,-0.7679199210011884,-0.4842810986617573,-2.832603427766855,0.12072285249871424,-1.1666552135176642,-0.17840160670525018,0.08320569888366147,-1.3163481500997058,0.7248053989271065,0.3797147132192578,-0.03783019164141095,0.7252354419786602,0.9030636103453015,0.4881810446685044,-0.3294124558345867,1.0582899576544662,-0.24858531748734206,1.1767061926158626,-1.34041700883866,0.07106391379440988,-1.516008115598943,1.8445662966245617,-1.5491511090217467,0.14574999635207567,-0.016409126259501885,1.006999839842418,-1.1668440282495434,-0.15107437402148
3.1195881476851337,0.8550245398670805,2.0728755916556496,6.023041073324289,0.14532186069900704,-1.9023548542704474,3.535503446901421,5.662344750765061,0.978383566065252,-0.13958310332736792,4.281341149197344,-6.878672871937106,-0.7442947173906782,-0.47089986432675396,-1.8200337880889499,-0.791947121764839,1.7522780630485122,-7.36605612795783,-0.7759283082207018,-3.1188301874278253,-0.40930277054196484,-0.6946728577952711,-1.4558036210153102,0.06054290373573753,1.9177392206073833,-0.7575103501643597,1.3505440484448588,0.080345058013084,1.4746260870257808,-0.8952089814586897,1.5331310967166092,1.1695110669395017,3.8540626452191526,-3.8769009714446945,1.0975400510316238,-1.3563332745079808,4.596477881313128,-4.561705021859627,2.4821803539678586,-0.006579553260574343,1.4910866469003163,-3.259811849648921,-0.863879104825132
-0.2908528578506618,-0.029435260672085163,-1.476034016170058,0.14532186069900704,3.3924795737058107,0.16557048594231424,-1.631259088455986,0.06899235542748261,-0.09653407811052743,2.3985431945961397,1.2457243440620076,1.9388821651434307,1.2693734771013037,0.8900031419186597,-0.24371413440674464,0.7567331571077635,1.3005604652565412,0.3833114796651167,-1.3217005422231933,0.8979418668362631,1.0534747871431902,-0.40702937807515577,1.9312611845341725,-1.0966409778203563,0.26131820712689247,-1.2428604270074037,-0.07693420759206382,-2.2499385019237477,0.5024692854987018,-0.500058434903959,-1.5209729775138057,0.7488950358126151,0.6563735033768873,-0.6323594656030705,0.9718263674461933,1.5202527980065075,-0.3784600202657845,0.011075216324254419,0.8046281016261448,0.2546501699054593,-1.845645646284,0.6456470234995352,0.4797952621774146
-1.316555868278714,-0.1578199436153876,-0.5202840009616123,-1.9023548542704474,0.16557048594231424,0.7969642258681702,-1.6599391013898845,-1.8523811040540517,-0.23825162479132692,0.25165267677338626,-0.9710832749484277,2.5482318413554066,0.7223209505160633,0.4661318921133101,0.7641248033062668,0.1964094849885784,-0.8446865665558694,2.340327935631777,0.008238313318814751,1.3162228808555367,0.524913128466698,0.30556470388235646,0.6322281723166115,0.06079278751233779,-0.7239937582446311,-0.09096546544654803,-0.27991114233725933,-0.27520058853470714,-0.291670889625361,0.07092490783728048,-0.7248014695353503,-0.5585937894380052,-1.1189198951040364,1.003027173085144,-0.1943545347159663,0.2776471440960318,-1.448673155789531,1.5122386818762288,-1.0056337650199378,0.0974998837941569,-0.856223717522648,1.284003691971178,0.5828450067692894
2.77516792097014,0.24218397969932579,1.4083324334709584,3.535503446901421,-1.631259088455986,-1.6599391013898845,4.014226909852445,3.5004686669930436,0.4250933007128766,-1.415266499459369,1.169649031073819,-5.67413149008047,-2.0941952732277658,-1.3888729223612062,-1.4642738240758773,-0.5989076666583979,1.321854359083672,-4.541690156094326,0.5786334739357376,-2.9733777416559533,-1.5882452658891884,-0.48046215282384497,-1.9757915095507816,0.21771784627303545,1.3465686465161866,0.7894747030573166,0.46624449270047447,1.449618022115375,0.27569416010367176,0.15805707952057121,2.0230465817560934,0.9080705234999863,1.8049233671969118,-1.5436252772615062,-0.05874039253270979,-0.9584438869157057,2.8657202098049783,-2.8873141662685957,1.7507879023203043,-0.3232300972216941,2.4819994437035033,-2.7954056529583453,-1.4442028228276265
3.0407395098679375,0.767129530204985,1.904289565832946,5.662344750765061,0.06899235542748261,-1.8523811040540517,3.5004686669930436,5.34420307863138,0.8966973633767795,-0.1981437609690956,3.901080696392597,-6.588678538097686,-0.8581868483853714,-0.5458765963131728,-1.7728736189613588,-0.7266771205797121,1.7428408925856378,-6.929312363101822,-0.6526375758796227,-3.0399230858191437,-0.5135082283885312,-0.6814286359247727,-1.4240613052419437,0.03036505547700468,1.8415919281906727,-0.6048191985681194,1.2217523286412029,0.1561544905886724,1.3296529923964708,-0.7725642585309995,1.5192490399621505,1.1614833479870432,3.591454977359172,-3.57264515866409,0.9824583325435177,-1.2252977002420224,4.319981933774658,-4.311917662606028,2.406109826021349,-0.037265554647085454,1.526823355546339,-3.1474221585213837,-0.91315173748881
0.36926645739847347,0.19798825649462737,0.5161475389574253,0.978383566065252,-0.09653407811052743,-0.23825162479132692,0.4250933007128766,0.8966973633767795,0.2154975998089072,-0.09991678569156165,0.8083187044665177,-1.0974663058078709,0.03551702239275776,0.029839344765425282,-0.1893857543641328,-0.2121660954120358,0.04264416241332733,-1.2381985678429894,-0.1489503178749405,-0.42170880600136257,0.05603435482918304,-0.04631562855355302,-0.2795407769742702,0.12832365226526884,0.23496241753222555,-0.19510783612431087,0.3017029414845221,0.04516822156984927,0.2912085203318799,-0.21206969077166501,0.249243809993323,0.04161820244478338,0.6502325582902627,-0.6999921842647981,0.186001399970854,-0.40837709453879767,0.7784393915064767,-0.7213708545723234,0.2367276058075923,0.024432884110954057,0.18239374458854754,-0.4528548693081433,-0.023773180731249243
-0.4125327568686288,-0.02594819480472712,-1.0813482725423469,-0.13958310332736792,2.3985431945961397,0.25165267677338626,-1.415266499459369,-0.1981437609690956,-0.09991678569156165,1.738888955562032,0.7895797311814914,1.737334966439223,1.0329546618552656,0.7084116221954416,-0.04735242073045799,0.5469992272305337,0.7696370173616538,0.5730100125551116,-0.9523356836512956,0.8441799592564503,0.8497751576252092,-0.2303580598456605,1.4382724903946347,-0.7471410003503961,0.07762917756714116,-0.924311797371066,-0.07187000579506907,-1.6314949008068718,0.3370027050474801,-0.3707354111994692,-1.1905595189155418,0.43002410589871204,0.31464806874221823,-0.3433231002897906,0.6728280695957709,1.0781091795124123,-0.4427768973841102,0.2148714439990678,0.4084430663694563,0.20537495820265883,-1.4420576590129905,0.6435694033740593,0.4493763394435102
1.5511002319732596,0.7950687712295526,1.3780184436786067,4.281341149197344,1.2457243440620076,-0.9710832749484277,1.169649031073819,3.901080696392597,0.8083187044665177,0.7895797311814914,3.9764531395584433,-3.7772191261932186,0.6252895074491885,0.4409371724157739,-1.0049877937927452,-0.4880336284376772,0.9998952233016344,-5.0968407185982825,-1.2571006863168177,-1.426701867357924,0.6467446062598964,-0.43218647325014686,-0.281767586555967,-0.05796245391316959,1.1986454985818695,-1.388867278751937,1.1972560816197695,-0.8882484898622668,1.4579539270131354,-1.1122259110713155,0.32868820129317955,0.6525330937387488,3.055484110975556,-3.265620516187448,1.2583862505910404,-0.8900757226313896,3.15937362015899,-3.097307353368357,1.5331274289602406,0.21653777684299136,-0.041356199100184746,-1.7044446424102715,0.04356578747133092
-4.192242240163505,-0.8576609805277865,-3.0228163040027187,-6.878672871937106,1.9388821651434307,2.5482318413554066,-5.67413149008047,-6.588678538097686,-1.0974663058078709,1.737334966439223,-3.7772191261932186,9.494984765864688,2.1782043784824676,1.432333946771053,2.2170715346855574,1.2564430761483627,-1.6926946606458906,8.739428314041522,-0.12956428847263443,4.525793480524985,1.5574755773533013,0.6958366736624313,2.947443740375729,-0.5613696971723674,-2.2258928339436714,-0.23086549551415556,-1.4121571501843164,-1.6358708655618566,-1.2037531851595082,0.48508987599886577,-2.913393250227135,-1.1887839979167438,-3.9763599777245697,3.8468103068006454,-0.5423480955768676,2.197104468158455,-5.508483421451211,5.37229831166456,-2.716836493152329,0.2717357294280795,-3.2230884415524237,4.445545586392287,1.661917531051459
-1.2382629857477891,0.1437758378566634,-0.28461000703078077,-0.7442947173906782,1.2693734771013037,0.7223209505160633,-2.0941952732277658,-0.8581868483853714,0.03551702239275776,1.0329546618552656,0.6252895074491885,2.1782043784824676,1.5280330826957746,1.0211368974015862,0.6170892482377354,0.14701823549889037,-0.6196517396875533,1.0573380986282241,-0.7488893795869258,1.3622461041489857,1.2158463056093372,0.191490076155146,1.0454454777060644,-0.07050009084227085,-0.4670133751991939,-0.9464427749163445,0.15200038777972336,-1.1099183748184969,0.3267542799622536,-0.48449819894290835,-1.0908273573483644,-0.42537376931565857,-0.09620464236677566,-0.15686847509178106,0.4330343265854568,0.16626849930021384,-0.6789964993830899,0.746823587498551,-0.6581112503390845,0.2753241710895235,-1.5126528007996116,1.162473889297729,0.9394715551354644
-0.8077848442479114,0.09581016178380583,-0.20178796763195112,-0.47089986432675396,0.8900031419186597,0.4661318921133101,-1.3888729223612062,-0.5458765963131728,0.029839344765425282,0.7084116221954416,0.4409371724157739,1.432333946771053,1.0211368974015862,0.6869706788014296,0.3954038945736116,0.10501401785935549,-0.3856756418938036,0.6769376029465121,-0.51157304378365,0.8941076264665379,0.8123034949679812,0.11594522325613099,0.7153775689127181,-0.062176666044601064,-0.2985469773109383,-0.6385857794857883,0.10249531103881498,-0.7626312816295844,0.22460096502276702,-0.325216128354006,-0.7300048152547081,-0.266046590267088,-0.03708109562396423,-0.12110226083925475,0.3006995212194853,0.12726449353794977,-0.4414416408046663,0.47532242442121886,-0.4146485061301321,0.18256836188909184,-1.0163164706108123,0.7643853810950217,0.6199721208625737
-1.2739532165276914,-0.12279151616739573,-0.26456125498971905,-1.8200337880889499,-0.24371413440674464,0.7641248033062668,-1.4642738240758773,-1.7728736189613588,-0.1893857543641328,-0.04735242073045799,-1.0049877937927452,2.2170715346855574,0.6170892482377354,0.3954038945736116,0.7931816520510949,0.07248972553887863,-1.0384772213188218,2.1607139268407964,0.13799244373287906,1.185837298626468,0.4374228397274357,0.35849029316325753,0.3825084336989609,0.22113012903882073,-0.7460506887239965,0.01644993709824714,-0.22359391201569484,-0.01273284531378342,-0.3090756434855872,0.09410759461816287,-0.5252467789159184,-0.6696675508191803,-1.1164020400897046,0.9899377926210743,-0.2835436889088564,0.02660542570388918,-1.3229631581629577,1.4394231619691753,-1.1071091629053977,0.07507192259781649,-0.6432429756147856,1.1818227918067414,0.54928817212465475
-0.309639763096038,-0.19356032568162448,-0.7679199210011884,-0.791947121764839,0.7567331571077635,0.1964094849885784,-0.5989076666583979,-0.7266771205797121,-0.2121660954120358,0.5469992272305337,-0.4880336284376772,1.2564430761483627,0.14701823549889037,0.10501401785935549,0.07248972553887863,0.3468879046494774,0.2898312955778763,1.11711636559587,-0.1077450323274764,0.47936437196328646,0.10069059517640437,-0.06326593985936418,0.6103274853517009,-0.35278099692396075,-0.12115355754756357,-0.03451974216949746,-0.2967409959993019,-0.46443323520336904,-0.17202571739100103,0.11357072582808557,-0.48235873969607046,0.15679122499199763,-0.4242876858877885,0.49719100749351036,0.01916248358875036,0.6898936633726429,-0.735211673044907,0.5940557116288531,0.010456359418565663,0.014450842599809657,-0.46944371284342534,0.46914652887955227,0.06265679756018101
1.433729286789579,-0.01959357098286483,-0.4842810986617573,1.7522780630485122,1.3005604652565412,-0.8446865665558694,1.321854359083672,1.7428408925856378,0.04264416241332733,0.7696370173616538,0.9998952233016344,-1.6926946606458906,-0.6196517396875533,-0.3856756418938036,-1.0384772213188218,0.2898312955778763,1.8063763263084816,-1.8654035590307994,-0.3897835802791851,-1.100436256065617,-0.43024269893046224,-0.5816464007866186,0.19486024419769718,-0.7236284642317978,0.9302219681761876,-0.14765554100887204,0.01532642844688231,-0.5897802797332027,0.2965093597350271,-0.058266662023734185,0.14425240463966651,1.128361668784235,1.1670117381772107,-0.9295116114432139,0.47891097416812767,0.7390833434976385,1.0874532225155253,-1.4042194479399097,1.5935963201483805,-0.06919175445783947,0.30149616901696896,-1.1290879875097624,-0.6603377799058014
-3.8275689794729146,-1.0726851562894635,-2.832603427766855,-7.36605612795783,0.3833114796651167,2.340327935631777,-4.541690156094326,-6.929312363101822,-1.2381985678429894,0.5730100125551116,-5.0968407185982825,8.739428314041522,1.0573380986282241,0.6769376029465121,2.1607139268407964,1.11711636559587,-1.8654035590307994,9.112483673292912,0.7529775968641802,3.9416072184904993,0.6254019789374394,0.7685459574629252,2.096548190451649,-0.2838286524760235,-2.28602492551212,0.7577388500390931,-1.6962202123014498,-0.4577335042185346,-1.7471239274272072,1.0405498935719033,-2.120540081656992,-1.2685837942383136,-4.639059641075207,4.679988792441068,-1.1974451766176448,1.962792147065986,-5.706340520680078,5.593890187084331,-2.8641640681324456,0.04067881413224878,-2.096002980688587,4.073734426674792,1.0969443477748435
0.003653172585060339,-0.19009544836469422,0.12072285249871424,-0.7759283082207018,-1.3217005422231933,0.008238313318814751,0.5786334739357376,-0.6526375758796227,-0.1489503178749405,-0.9523356836512956,-1.2571006863168177,-0.12956428847263443,-0.7488893795869258,-0.51157304378365,0.13799244373287906,-0.1077450323274764,-0.3897835802791851,0.7529775968641802,0.7335706565106074,-0.20293231159607766,-0.6387638212109411,0.14477198257326862,-0.6114853643104978,0.2859845204014617,-0.21602426973625755,0.7851872087068054,-0.2641675741124183,0.9485244438125983,-0.49360685667507964,0.4548617321153069,0.5225347926989975,-0.22557434776806826,-0.7691895964196045,0.8675992057653218,-0.5843776116609113,-0.20807128409737963,-0.4326173759674358,0.4871717112920557,-0.3746945014843112,-0.164830617195154,0.7607774582925104,-0.03824184508053365,-0.32029293002757453
-2.1802061143123965,-0.28484399018697093,-1.1666552135176642,-3.1188301874278253,0.8979418668362631,1.3162228808555367,-2.9733777416559533,-3.0399230858191437,-0.42170880600136257,0.8441799592564503,-1.426701867357924,4.525793480524985,1.3622461041489857,0.8941076264665379,1.185837298626468,0.47936437196328646,-1.100436256065617,3.9416072184904993,-0.20293231159607766,2.295382392109218,1.0080856651351626,0.4122679543455577,1.3930325053567272,-0.12394442753850325,-1.128534099120473,-0.3360905892404365,-0.5012384177375555,-0.8500729350546994,-0.413858006733427,0.05580000598951573,-1.4519484207168993,-0.7493249243326657,-1.737092823289698,1.5731959880260138,-0.15863797817340694,0.7767161149585091,-2.470921478010418,2.4909265012787603,-1.4728378150981896,0.19429043052922843,-1.7109355768117906,2.20812167366116,1.0063252832883978
-0.9011458515883449,0.14208350100405268,-0.17840160670525018,-0.40930277054196484,1.0534747871431902,0.524913128466698,-1.5882452658891884,-0.5135082283885312,0.05603435482918304,0.8497751576252092,0.6467446062598964,1.5574755773533013,1.2158463056093372,0.8123034949679812,0.4374228397274357,0.10069059517640437,-0.43024269893046224,0.6254019789374394,-0.6387638212109411,1.0080856651351626,0.974186124806411,0.12931514798276958,0.8109338894079413,-0.0649169329744367,-0.3128921927922148,-0.7967798204638891,0.1633588298867393,-0.9097975007522285,0.3136349407524613,-0.42285072644780547,-0.844605464215492,-0.2981704603223153,0.04624354289227293,-0.2530499165821092,0.3913629281920521,0.10577130656797301,-0.40530361153875505,0.4595966442810368,-0.4437697229735846,0.22411429149332457,-1.186230075037471,0.8387107965628253,0.73312856129125
-0.509316187889091,-0.02081008157793262,0.08320569888366147,-0.6946728577952711,-0.40702937807515577,0.30556470388235646,-0.48046215282384497,-0.6814286359247727,-0.04631562855355302,-0.2303580598456605,-0.43218647325014686,0.6958366736624313,0.191490076155146,0.11594522325613099,0.35849029316325753,-0.06326593985936418,-0.5816464007866186,0.7685459574629252,0.14477198257326862,0.4122679543455577,0.12931514798276958,0.1934890348955216,-0.026966339101440494,0.21380300273659714,-0.3291643252475979,0.07302505090171847,-0.04669664195551882,0.18373402907829503,-0.1344234900915541,0.04664718503912621,-0.08221219737858843,-0.36583929465388837,-0.4662883768082079,0.39307723421881857,-0.17869564043398642,-0.1798360089086094,-0.4534437328197538,0.549907822188394,-0.5412955902002828,0.019631987776582913,-0.12062203289583286,0.4227912015590531,0.21477116756268802
-1.0555655956386507,-0.20211694441760078,-1.3163481500997058,-1.4558036210153102,1.9312611845341725,0.6322281723166115,-1.9757915095507816,-1.4240613052419437,-0.2795407769742702,1.4382724903946347,-0.281767586555967,2.947443740375729,1.0454454777060644,0.7153775689127181,0.3825084336989609,0.6103274853517009,0.19486024419769718,2.096548190451649,-0.6114853643104978,1.3930325053567272,0.8109338894079413,-0.026966339101440494,1.5078998411652949,-0.6068787851456579,-0.3781486531325002,-0.5984039781529555,-0.34461472443155405,-1.3560143631079233,-0.04436929372256908,-0.11232833690331315,-1.3117198939207668,0.0653714063461153,-0.582589553386849,0.5708140853100603,0.3089831252020143,1.1538924844422151,-1.385779334638933,1.1892486101066526,-0.24796784850111508,0.17120305306073358,-1.5283926145334303,1.2686685959239552,0.5793347329895735
-0.11609754594396719,0.12528778113339767,0.7248053989271065,0.06054290373573753,-1.0966409778203563,0.06079278751233779,0.21771784627303545,0.03036505547700468,0.12832365226526884,-0.7471410003503961,-0.05796245391316959,-0.5613696971723674,-0.07050009084227085,-0.062176666044601064,0.22113012903882073,-0.35278099692396075,-0.7236284642317978,-0.2838286524760235,0.2859845204014617,-0.12394442753850325,-0.0649169329744367,0.21380300273659714,-0.6068787851456579,0.4906256689495274,-0.168030915709491,0.17732429508707453,0.184525081311604,0.6409553190963189,-0.013513959146154698,-0.006591565528821674,0.4092757617596337,-0.43110358124282694,-0.07793604824942901,-0.024485246380772742,-0.21843444254705996,-0.7409201431341547,0.23209704084322616,-0.036087377606792176,-0.4555862889117302,-0.017655269364886834,0.39711663352112875,-0.08664328240645298,0.06818637277469386
1.2044954703227666,0.18066721508048897,0.3797147132192578,1.9177392206073833,0.26131820712689247,-0.7239937582446311,1.3465686465161866,1.8415919281906727,0.23496241753222555,0.07762917756714116,1.1986454985818695,-2.2258928339436714,-0.4670133751991939,-0.2985469773109383,-0.7460506887239965,-0.12115355754756357,0.9302219681761876,-2.28602492551212,-0.21602426973625755,-1.128534099120473,-0.3128921927922148,-0.3291643252475979,-0.3781486531325002,-0.168030915709491,0.7275322452304999,-0.1315074819323035,0.30399861439290554,-0.03796159734132844,0.3906260798918977,-0.18049944429656595,0.48831196990566883,0.6018563382363279,1.2059582361513104,-1.1273353970021485,0.34135449113374333,-0.13689649086228325,1.4082226100045305,-1.4885364344463694,1.0476181056441385,-0.04353458536914528,0.5562353495353862,-1.1512181089345863,-0.45407464611984977
0.17467872069570517,-0.25244164360038396,-0.03783019164141095,-0.7575103501643597,-1.2428604270074037,-0.09096546544654803,0.7894747030573166,-0.6048191985681194,-0.19510783612431087,-0.924311797371066,-1.388867278751937,-0.23086549551415556,-0.9464427749163445,-0.6385857794857883,0.01644993709824714,-0.03451974216949746,-0.14765554100887204,0.7577388500390931,0.7851872087068054,-0.3360905892404365,-0.7967798204638891,0.07302505090171847,-0.5984039781529555,0.17732429508707453,-0.1315074819323035,0.8925229752106089,-0.34796022717611874,0.9556388286248109,-0.557588579294147,0.5401192128047895,0.5667677899707111,-0.07427098353921625,-0.7822414081365069,0.9462625321267824,-0.6096160573574996,-0.037028741150732944,-0.4479542781169859,0.4424767390407109,-0.1999499535667454,-0.20179391083314285,0.8684695389398175,-0.14678832977070985,-0.46457650982928583
0.43992512945823703,0.29556314399235006,0.7252354419786602,1.3505440484448588,-0.07693420759206382,-0.27991114233725933,0.46624449270047447,1.2217523286412029,0.3017029414845221,-0.07187000579506907,1.1972560816197695,-1.4121571501843164,0.15200038777972336,0.10249531103881498,-0.22359391201569484,-0.2967409959993019,0.01532642844688231,-1.6962202123014498,-0.2641675741124183,-0.5012384177375555,0.1633588298867393,-0.04669664195551882,-0.34461472443155405,0.184525081311604,0.30399861439290554,-0.34796022717611874,0.44390457866997435,-0.0015974259139539962,0.4414368906957323,-0.3419248861213062,0.27811922886927337,0.027095632880673105,0.9106612055901747,-1.0156770393510564,0.29473441447894505,-0.580525995418859,1.0747404935324263,-0.9754356966514433,0.2902878347864051,0.057403133689364685,0.1622429540904965,-0.5700018402657092,0.03428392227090057
0.47013711509755984,-0.024665935764175227,0.9030636103453015,0.080345058013084,-2.2499385019237477,-0.27520058853470714,1.449618022115375,0.1561544905886724,0.04516822156984927,-1.6314949008068718,-0.8882484898622668,-1.6358708655618566,-1.1099183748184969,-0.7626312816295844,-0.01273284531378342,-0.46443323520336904,-0.5897802797332027,-0.4577335042185346,0.9485244438125983,-0.8500729350546994,-0.9097975007522285,0.18373402907829503,-1.3560143631079233,0.6409553190963189,-0.03796159734132844,0.9556388286248109,-0.0015974259139539962,1.562764009526908,-0.37750622214465773,0.4150199330767541,1.1410252785185555,-0.32218022350991254,-0.36157928429216873,0.4190439724947995,-0.6693465782979419,-0.900638707428733,0.36638236699061494,-0.17936217825701753,-0.30022528153169825,-0.2169531488302342,1.430863396798968,-0.6504466781673726,-0.5115329143331208
0.46283386140610455,0.2965469153614774,0.4881810446685044,1.4746260870257808,0.5024692854987018,-0.291670889625361,0.27569416010367176,1.3296529923964708,0.2912085203318799,0.3370027050474801,1.4579539270131354,-1.2037531851595082,0.3267542799622536,0.22460096502276702,-0.3090756434855872,-0.17202571739100103,0.2965093597350271,-1.7471239274272072,-0.49360685667507964,-0.413858006733427,0.3136349407524613,-0.1344234900915541,-0.04436929372256908,-0.013513959146154698,0.3906260798918977,-0.557588579294147,0.4414368906957323,-0.37750622214465773,0.542338029135747,-0.43125740415861297,0.04921932758723847,0.19261269984358376,1.0769414197625926,-1.1752645335174134,0.4733005819341284,-0.32329475638833904,1.084606481482568,-1.0505815427793141,0.48952343362317774,0.09667102384054618,-0.11038551366686393,-0.5281821023689187,0.08335311885500864
-0.09947518823894337,-0.23727986450600702,-0.3294124558345867,-0.8952089814586897,-0.500058434903959,0.07092490783728048,0.15805707952057121,-0.7725642585309995,-0.21206969077166501,-0.3707354111994692,-1.1122259110713155,0.48508987599886577,-0.48449819894290835,-0.325216128354006,0.09410759461816287,0.11357072582808557,-0.058266662023734185,1.0405498935719033,0.4548617321153069,0.05580000598951573,-0.42285072644780547,0.04664718503912621,-0.11232833690331315,-0.006591565528821674,-0.18049944429656595,0.5401192128047895,-0.3419248861213062,0.4150199330767541,-0.43125740415861297,0.3835083251880836,0.13276838780393913,-0.03571026423953244,-0.7204847521092801,0.841970515895164,-0.389822258651115,0.23702648858378692,-0.6475745653972914,0.5982749112292562,-0.1996160816320952,-0.11428865771556602,0.3142206126216701,0.17004406622545062,-0.22425223614780923
1.1978757505019766,0.1529377491913724,1.0582899576544662,1.5331310967166092,-1.5209729775138057,-0.7248014695353503,2.0230465817560934,1.5192490399621505,0.249243809993323,-1.1905595189155418,0.32868820129317955,-2.913393250227135,-1.0908273573483644,-0.7300048152547081,-0.5252467789159184,-0.48235873969607046,0.14425240463966651,-2.120540081656992,0.5225347926989975,-1.4519484207168993,-0.844605464215492,-0.08221219737858843,-1.3117198939207668,0.4092757617596337,0.48831196990566883,0.5667677899707111,0.27811922886927337,1.1410252785185555,0.04921932758723847,0.13276838780393913,1.2209611645194507,0.14234070465149445,0.678242196110723,-0.5949237338056828,-0.2279366294105781,-0.8741432731751521,1.3686216794278552,-1.2680617329744182,0.4910959656901371,-0.18096922766573786,1.4505036559398794,-1.3223745593903282,-0.6634609335579646
0.9449873472661848,-0.0018842772048717547,-0.24858531748734206,1.1695110669395017,0.7488950358126151,-0.5585937894380052,0.9080705234999863,1.1614833479870432,0.04161820244478338,0.43002410589871204,0.6525330937387488,-1.1887839979167438,-0.42537376931565857,-0.266046590267088,-0.6696675508191803,0.15679122499199763,1.128361668784235,-1.2685837942383136,-0.22557434776806826,-0.7493249243326657,-0.2981704603223153,-0.36583929465388837,0.0653714063461153,-0.43110358124282694,0.6018563382363279,-0.07427098353921625,0.027095632880673105,-0.32218022350991254,0.19261269984358376,-0.03571026423953244,0.14234070465149445,0.7073727976741169,0.7666889905293337,-0.6160982376733125,0.2930850681484574,0.41646215609769915,0.7453332617346958,-0.9377100227504854,1.0141427122463702,-0.04952566062671344,0.24665181458038124,-0.762203868972492,-0.43624877767364934
1.8118978707078504,0.585894921300311,1.1767061926158626,3.8540626452191526,0.6563735033768873,-1.1189198951040364,1.8049233671969118,3.591454977359172,0.6502325582902627,0.31464806874221823,3.055484110975556,-3.9763599777245697,-0.09620464236677566,-0.03708109562396423,-1.1164020400897046,-0.4242876858877885,1.1670117381772107,-4.639059641075207,-0.7691895964196045,-1.737092823289698,0.04624354289227293,-0.4662883768082079,-0.582589553386849,-0.07793604824942901,1.2059582361513104,-0.7822414081365069,0.9106612055901747,-0.36157928429216873,1.0769414197625926,-0.7204847521092801,0.678242196110723,0.7666889905293337,2.597239988520117,-2.6434294613841818,0.8928660817654381,-0.719901629595366,2.8715425585550842,-2.8798780737010294,1.5964068575113262,0.06610680945184948,0.537930817289881,-1.8815344357969883,-0.35954765340904976
-1.6242036951270853,-0.6646908623598913,-1.34041700883866,-3.8769009714446945,-0.6323594656030705,1.003027173085144,-1.5436252772615062,-3.57264515866409,-0.6999921842647981,-0.3433231002897906,-3.265620516187448,3.8468103068006454,-0.15686847509178106,-0.12110226083925475,0.9899377926210743,0.49719100749351036,-0.9295116114432139,4.679988792441068,0.8675992057653218,1.5731959880260138,-0.2530499165821092,0.39307723421881857,0.5708140853100603,-0.024485246380772742,-1.1273353970021485,0.9462625321267824,-1.0156770393510564,0.4190439724947995,-1.1752645335174134,0.841970515895164,-0.5949237338056828,-0.6160982376733125,-2.6434294613841818,2.7783927305490677,-0.9532163928973236,0.8933914488936611,-2.915417261401811,2.8529702678900932,-1.4286736812339378,-0.11821888374434128,-0.3798023807716595,1.762058424019901,0.18296936558967486
0.30770970129690733,0.20122371749324447,0.07106391379440988,1.0975400510316238,0.9718263674461933,-0.1943545347159663,-0.05874039253270979,0.9824583325435177,0.186001399970854,0.6728280695957709,1.2583862505910404,-0.5423480955768676,0.4330343265854568,0.3006995212194853,-0.2835436889088564,0.01916248358875036,0.47891097416812767,-1.1974451766176448,-0.5843776116609113,-0.15863797817340694,0.3913629281920521,-0.17869564043398642,0.3089831252020143,-0.21843444254705996,0.34135449113374333,-0.6096160573574996,0.29473441447894505,-0.6693465782979419,0.4733005819341284,-0.389822258651115,-0.2279366294105781,0.2930850681484574,0.8928660817654381,-0.9532163928973236,0.5114331930275097,0.057817367425454624,0.7182463579571103,-0.7650806528196564,0.5214855671363515,0.11049795866732162,-0.3906591825412247,-0.28437105690505493,0.12548312728724847
-0.4260583188401278,-0.38315579944285144,-1.516008115598943,-1.3563332745079808,1.5202527980065075,0.2776471440960318,-0.9584438869157057,-1.2252977002420224,-0.40837709453879767,1.0781091795124123,-0.8900757226313896,2.197104468158455,0.16626849930021384,0.12726449353794977,0.02660542570388918,0.6898936633726429,0.7390833434976385,1.962792147065986,-0.20807128409737963,0.7767161149585091,0.10577130656797301,-0.1798360089086094,1.1538924844422151,-0.7409201431341547,-0.13689649086228325,-0.037028741150732944,-0.580525995418859,-0.900638707428733,-0.32329475638833904,0.23702648858378692,-0.8741432731751521,0.41646215609769915,-0.719901629595366,0.8933914488936611,0.057817367425454624,1.3913306968687782,-1.304936107140418,1.0010997706680644,0.18182058773791365,0.009818717313218862,-0.8181969916820145,0.7642069735869365,0.02486284662595493
2.3768152711227146,0.6809631231115714,1.8445662966245617,4.596477881313128,-0.3784600202657845,-1.448673155789531,2.8657202098049783,4.319981933774658,0.7784393915064767,-0.4427768973841102,3.15937362015899,-5.508483421451211,-0.6789964993830899,-0.4414416408046663,-1.3229631581629577,-0.735211673044907,1.0874532225155253,-5.706340520680078,-0.4326173759674358,-2.470921478010418,-0.40530361153875505,-0.4534437328197538,-1.385779334638933,0.23209704084322616,1.4082226100045305,-0.4479542781169859,1.0747404935324263,0.36638236699061494,1.084606481482568,-0.6475745653972914,1.3686216794278552,0.7453332617346958,2.8715425585550842,-2.915417261401811,0.7182463579571103,-1.304936107140418,3.5846584346146066,-3.487017624644513,1.7373753650774506,-0.02717664285245911,1.3603302468739842,-2.5538131151314682,-0.6802613058788232
-2.4802002494415816,-0.6104260334271423,-1.5491511090217467,-4.561705021859627,0.011075216324254419,1.5122386818762288,-2.8873141662685957,-4.311917662606028,-0.7213708545723234,0.2148714439990678,-3.097307353368357,5.37229831166456,0.746823587498551,0.47532242442121886,1.4394231619691753,0.5940557116288531,-1.4042194479399097,5.593890187084331,0.4871717112920557,2.4909265012787603,0.4595966442810368,0.549907822188394,1.1892486101066526,-0.036087377606792176,-1.4885364344463694,0.4424767390407109,-0.9754356966514433,-0.17936217825701753,-1.0505815427793141,0.5982749112292562,-1.2680617329744182,-0.9377100227504854,-2.8798780737010294,2.8529702678900932,-0.7650806528196564,1.0010997706680644,-3.487017624644513,3.482340213703183,-1.9423751147117252,0.041795488086385606,-1.2880554172176206,2.565717086436165,0.766893324078861
1.6822342777827444,0.161556749646771,0.14574999635207567,2.4821803539678586,0.8046281016261448,-1.0056337650199378,1.7507879023203043,2.406109826021349,0.2367276058075923,0.4084430663694563,1.5331274289602406,-2.716836493152329,-0.6581112503390845,-0.4146485061301321,-1.1071091629053977,0.010456359418565663,1.5935963201483805,-2.8641640681324456,-0.3746945014843112,-1.4728378150981896,-0.4437697229735846,-0.5412955902002828,-0.24796784850111508,-0.4555862889117302,1.0476181056441385,-0.1999499535667454,0.2902878347864051,-0.30022528153169825,0.48952343362317774,-0.1996160816320952,0.4910959656901371,1.0141427122463702,1.5964068575113262,-1.4286736812339378,0.5214855671363515,0.18182058773791365,1.7373753650774506,-1.9423751147117252,1.6138975069243808,-0.06399285074587485,0.6097141930893336,-1.5081912708634624,-0.6749029093334674
-0.1655577646807409,0.0456585577516788,-0.016409126259501885,-0.006579553260574343,0.2546501699054593,0.0974998837941569,-0.3232300972216941,-0.037265554647085454,0.024432884110954057,0.20537495820265883,0.21653777684299136,0.2717357294280795,0.2753241710895235,0.18256836188909184,0.07507192259781649,0.014450842599809657,-0.06919175445783947,0.04067881413224878,-0.164830617195154,0.19429043052922843,0.22411429149332457,0.019631987776582913,0.17120305306073358,-0.017655269364886834,-0.04353458536914528,-0.20179391083314285,0.057403133689364685,-0.2169531488302342,0.09667102384054618,-0.11428865771556602,-0.18096922766573786,-0.04952566062671344,0.06610680945184948,-0.11821888374434128,0.11049795866732162,0.009818717313218862,-0.02717664285245911,0.041795488086385606,-0.06399285074587485,0.05379157852841459,-0.25991535856250625,0.14934536719907687,0.16021195657818227
1.4389650280313855,0.06547384821346634,1.006999839842418,1.4910866469003163,-1.845645646284,-0.856223717522648,2.4819994437035033,1.526823355546339,0.18239374458854754,-1.4420576590129905,-0.041356199100184746,-3.2230884415524237,-1.5126528007996116,-1.0163164706108123,-0.6432429756147856,-0.46944371284342534,0.30149616901696896,-2.096002980688587,0.7607774582925104,-1.7109355768117906,-1.186230075037471,-0.12062203289583286,-1.5283926145334303,0.39711663352112875,0.5562353495353862,0.8684695389398175,0.1622429540904965,1.430863396798968,-0.11038551366686393,0.3142206126216701,1.4505036559398794,0.24665181458038124,0.537930817289881,-0.3798023807716595,-0.3906591825412247,-0.8181969916820145,1.3603302468739842,-1.2880554172176206,0.6097141930893336,-0.25991535856250625,1.8137247066619226,-1.523744694929245,-0.9096064483392361
-2.1320732957946915,-0.3359526791337897,-1.1668440282495434,-3.259811849648921,0.6456470234995352,1.284003691971178,-2.7954056529583453,-3.1474221585213837,-0.4528548693081433,0.6435694033740593,-1.7044446424102715,4.445545586392287,1.162473889297729,0.7643853810950217,1.1818227918067414,0.46914652887955227,-1.1290879875097624,4.073734426674792,-0.03824184508053365,2.20812167366116,0.8387107965628253,0.4227912015590531,1.2686685959239552,-0.08664328240645298,-1.1512181089345863,-0.14678832977070985,-0.5700018402657092,-0.6504466781673726,-0.5281821023689187,0.17004406622545062,-1.3223745593903282,-0.762203868972492,-1.8815344357969883,1.762058424019901,-0.28437105690505493,0.7642069735869365,-2.5538131151314682,2.565717086436165,-1.5081912708634624,0.14934536719907687,-1.523744694929245,2.1673801743115133,0.9037447123585054
-0.9863708786760416,0.05218845616158772,-0.15107437402148,-0.863879104825132,0.4797952621774146,0.5828450067692894,-1.4442028228276265,-0.91315173748881,-0.023773180731249243,0.4493763394435102,0.04356578747133092,1.661917531051459,0.9394715551354644,0.6199721208625737,0.54928817212465475,0.06265679756018101,-0.6603377799058014,1.0969443477748435,-0.32029293002757453,1.0063252832883978,0.73312856129125,0.21477116756268802,0.5793347329895735,0.06818637277469386,-0.45407464611984977,-0.46457650982928583,0.03428392227090057,-0.5115329143331208,0.08335311885500864,-0.22425223614780923,-0.6634609335579646,-0.43624877767364934,-0.35954765340904976,0.18296936558967486,0.12548312728724847,0.02486284662595493,-0.6802613058788232,0.766893324078861,-0.6749029093334674,0.16021195657818227,-0.9096064483392361,0.9037447123585054,0.634761953019205
