V1,V2,V3,V4,V5,V6,V7,V8,V9,V10,V11,V12,V13,V14,V15,V16,V17,V18,V19,V20,V21,V22,V23,V24,V25,V26,V27,V28,V29,V30,V31,V32,V33,V34,V35,V36,V37,V38,V39,V40,V41,V42,V43
14.346630882779332,-1.2515017972127942,2.240093311058131,5.301173010018085,-3.8354305321707782,-4.044896410986742,-1.195094994467903,-17.814322102609925,-0.6623074356603916,-9.653337714132043,3.1550222756839643,-2.2250481876163795,-8.382801446461988,5.9729424473406345,4.319612518143016,2.7379335959309925,-1.5295077570428748,-1.2026130504361456,6.702664939625582,-23.194184085132196,-10.823665839603484,18.257244027149703,-8.283004075691771,-15.499891475990813,1.0588756649396207,6.202131937185888,1.6828598490589959,-6.594863745912751,-0.11609160288966086,18.843345213786268,-3.2065438246255487,-4.092686756676687,1.6762944834878308,8.047943156085925,-6.803840256139834,-3.9339782020193823,2.5912047032272407,-0.7631868247039761,-3.2144710325476313,-8.593042009933571,1.2806694048007814,3.2968736811800006,5.739905687128157
-1.2515017972127942,0.6080601276525827,9.105341463816522e-4,-0.7144332813893126,-0.013846102114706953,-0.08367439500499152,-0.5306587199083888,0.8930798453839693,0.027082574137642014,-0.3224979288273279,-0.8387641931396722,0.261605009206223,0.12027493914800008,-1.4172867291287763,-0.40382937943376335,0.4677354839689802,-0.772621501531941,0.5185236228744453,-0.3553993990774348,0.9704064692718873,-0.3579645715105045,-1.0577086292045454,0.129180459404834,1.6262531947437706,0.7502218541581439,0.06863174976157363,-0.14161831496248536,-0.015060478547028145,0.044622012064300366,-1.0037503271859398,-0.09771493501244811,0.11228775820824402,0.5272515530721391,-0.31292555219519835,0.5610996970756602,0.5551380171447358,-0.22004783737682634,-0.379607989833134,-0.06299101214048113,0.704428860479254,-0.5807540932965867,0.36455970019072165,0.14291122020287664
2.240093311058131,9.105341463816522e-4,0.4840484637483332,0.6300939837608301,-0.9213253647413933,-0.9827516943129924,-0.4711388403223156,-3.219504861954766,-0.23142662007377016,-2.294580205379756,0.3550588260841269,-0.2671520650210436,-1.5495058719734562,0.6967444443673217,0.6263170966664108,0.9082102636479524,-0.7433506145540522,-0.10358301029604745,1.1727529659760871,-4.508647203210809,-2.55319532058728,3.2985755406130344,-1.6357901592693187,-2.5071767065198713,0.6322238782913855,1.2197495785423342,0.1492709817668501,-1.4730885313428361,0.035612587653960935,3.460895985143067,-0.9346041517927395,-0.859045714183981,0.6588612334524327,1.5482787027299054,-1.0944344269124058,-0.6816158258971542,0.45469459568684106,-0.35007004318959994,-0.5751414575132479,-1.4352999287325297,0.030412425544149253,0.9963062950411321,1.312694958270208
5.301173010018085,-0.7144332813893126,0.6300939837608301,2.2739770035813267,-0.8964410465786514,-0.9384435836546162,-0.054825961987028014,-5.914691706175989,-0.014696070190866446,-2.363495893881326,1.277883603741132,-0.9613770837331518,-2.7924544322458176,2.431640940163187,1.6793664771772872,0.275401946516468,0.1611219877915072,-0.49518105841383975,2.29575050297042,-7.1555333195234185,-2.6861193419450937,6.030877652082047,-2.560154455200459,-5.500964430580719,-0.2810229575987897,1.9738727794115738,0.846937304310963,-1.7484329442338027,-0.13575438285129227,6.138018148044284,-0.4505356035259652,-1.1496609969873142,0.04084964795050316,2.522913970431007,-2.4600129845302035,-1.2677396683603281,0.8678964514659581,0.04850755597488581,-1.1321565103958127,-3.0120611987703847,0.6800641101799676,0.46627423704725396,1.488384458421288
-3.8354305321707782,-0.013846102114706953,-0.9213253647413933,-0.8964410465786514,1.919637059097627,2.0138875742033013,0.8765081530446521,5.845916053565707,0.59785340251682,4.535793420053082,-0.7851300275420164,0.3504798885130421,2.6543257569221015,-1.4008111352751942,-1.0091560171931635,-1.9314849897690198,1.5234760285403872,0.3380150735262356,-2.079805015054079,8.582231239954774,5.025864208545897,-6.083824245655715,3.007192793238809,4.6449700983995665,-1.3277441246812847,-2.099535541105465,-0.03730831642909143,2.904939913189278,-0.13136821752171957,-6.42676335653131,2.123460561725989,1.6979846122949411,-1.3645335453929925,-2.891163908916234,1.9114188534030634,1.459229864929699,-0.8595947934292938,0.6962118891644004,0.8724139942540704,2.5845214096160967,-0.06458300956583364,-2.1223174365214503,-2.5473009143117022
-4.044896410986742,-0.08367439500499152,-0.9827516943129924,-0.9384435836546162,2.0138875742033013,2.130242945640873,1.005515457435318,6.2037046925001595,0.6009686248148897,4.848587783394026,-0.7161328320207467,0.37762213559829155,2.887305354478345,-1.313966824914434,-1.0704988410593241,-2.0744591985115224,1.69732877554233,0.26917305094993954,-2.2123725730304797,9.05586275499198,5.375251125799155,-6.419067252674807,3.220072793988996,4.797109788685569,-1.479192090331703,-2.2985972217437785,-0.07360214692580491,3.08229867053367,-0.13193678063491443,-6.7825386173083215,2.208827938124597,1.7912371119725548,-1.4942096996772607,-3.064943768322501,2.0143695628259715,1.4580293910956863,-0.8932841984198583,0.785060383055008,0.9895176806630162,2.7118704890555816,-6.992794466815259e-4,-2.262077407616903,-2.730336161251283
-1.195094994467903,-0.5306587199083888,-0.4711388403223156,-0.054825961987028014,0.8765081530446521,1.005515457435318,0.9369398173850908,2.4389897747284586,0.1678184025089907,2.4999810336151502,0.4097735573963328,0.06553232833238797,1.4814724955621916,0.57162893387991,-0.2995375602277413,-1.2572553541244318,1.38793257512384,-0.3832300688315781,-0.8685190406222529,3.5735482062915698,2.7828386789275674,-2.3531734112764693,1.5122913766320039,1.0580231836957505,-1.2495281987292137,-1.301781019739706,-0.06710001652350693,1.433208919531967,-0.062046296666965074,-2.55017666737457,0.9368462210323327,0.7401766793304351,-1.0797121180391345,-1.2583911379610402,0.6211835633135103,0.1477808948251485,-0.25279092527599445,0.6774433091140953,0.6701053175127732,0.8256897326627042,0.47652062126931394,-1.249287442884691,-1.4084746530555219
-17.814322102609925,0.8930798453839693,-3.219504861954766,-5.914691706175989,5.845916053565707,6.2037046925001595,2.4389897747284586,23.594609038127622,1.2476512927668337,14.630307617317033,-3.4858733767529957,2.4844140283362472,11.208876441688664,-6.639703787743084,-5.204477993807809,-5.015310307428685,3.572289496282888,1.2333716779605073,-8.746356499124518,31.778875646170544,16.340558901281817,-24.176938441811096,11.433217506999327,19.54327054592128,-2.871937074771346,-8.525843689981684,-1.6927990709010843,9.671783026525548,-0.035446523857445456,-25.1482384020876,5.4506476276812865,5.828122134139303,-3.4026262364844277,-10.96165789425602,8.558659287861841,5.132876030146354,-3.381249855081104,1.7197055268106347,4.231903756659767,10.978802323338439,-1.0198258437056151,-5.714019802646221,-8.526440231028756
-0.6623074356603916,0.027082574137642014,-0.23142662007377016,-0.014696070190866446,0.59785340251682,0.6009686248148897,0.1678184025089907,1.2476512927668337,0.28034847331036006,1.2252631773417,-0.3092751850660951,-0.021729558832140273,0.41965820320948105,-0.48214338425278447,-0.11806168926186439,-0.6067684165860201,0.43357679682811107,0.21207083555177325,-0.400575478504467,2.153706294518856,1.3354333622631867,-1.3884985857637848,0.6518505961935865,1.1219039366011228,-0.3856809660550623,-0.3372872153948189,0.1797751019220777,0.7921829306447105,-0.08290721144393456,-1.48808091060602,0.79312188812476,0.47476366740854153,-0.39612108443988686,-0.68822543564015,0.35896974642689894,0.5056196629523225,-0.22073282480121031,0.17989395780168554,0.03263639986458274,0.5602094922438854,-0.06308676569534588,-0.6784585409299654,-0.6561330819049612
-9.653337714132043,-0.3224979288273279,-2.294580205379756,-2.363495893881326,4.535793420053082,4.848587783394026,2.4999810336151502,14.630307617317033,1.2252631773417,11.241213387486727,-1.3753026803746118,0.9939908670260528,7.054321537636004,-2.6764098710593895,-2.6149642011165257,-4.741999173535739,4.025656605585579,0.3646887101808644,-5.26359109267835,20.97741402535995,12.485484381924392,-15.000694638136899,7.624110605850136,10.997804583759484,-3.494414309173929,-5.63305947267392,-0.4021464643188942,7.105003542176914,-0.25022375331941643,-15.829215217374982,4.822390340248323,4.104532229278074,-3.4911268226671135,-7.161664655756239,4.777516667129224,3.117113027056287,-2.0445952665976304,1.8943744152465782,2.573850006465821,6.348332866969232,0.1376605813718246,-5.1322444959246365,-6.3736561139157395
3.1550222756839643,-0.8387641931396722,0.3550588260841269,1.277883603741132,-0.7851300275420164,-0.7161328320207467,0.4097735573963328,-3.4858733767529957,-0.3092751850660951,-1.3753026803746118,1.5412985468607883,-0.4578552102028475,-1.1296794047688936,2.5636913327862465,0.9215060968529303,0.159017784685655,0.48350273276508693,-0.9175767708561844,1.2854595283010968,-4.740072764315631,-1.5250753248087474,3.830519441642923,-1.3425638324625102,-4.085754539848474,-0.5041012429638262,0.6615499498343242,0.1486803091597951,-1.1483942765039632,0.0014067127170804068,3.9087865929302716,-0.7843929723785316,-0.8354228817143363,-0.1777271895215656,1.5497951039021376,-1.495826681831833,-1.41442055171824,0.6431043761538064,0.2646869267180389,-0.19163899414220978,-1.9571350993176144,0.831023443321155,0.38472301569984163,0.808318810075925
-2.2250481876163795,0.261605009206223,-0.2671520650210436,-0.9613770837331518,0.3504798885130421,0.37762213559829155,0.06553232833238797,2.4844140283362472,-0.021729558832140273,0.9939908670260528,-0.4578552102028475,0.41580609797500684,1.2234549742782852,-0.9140641089146627,-0.711504581662134,-0.11516656037021578,-0.02683036828384086,0.1452173889695036,-0.969797893148112,2.956046664701999,1.132076898673795,-2.507431518399581,1.090142161011242,2.229777267936836,0.08559049988699806,-0.8787054344050184,-0.38937091657983386,0.7231350377118243,0.06430926486662276,-2.549012262259983,0.1402580738356889,0.46920895875052043,-0.03608754367052297,-1.0560173460871347,1.029156252813229,0.4662511200057695,-0.3525022968720002,0.004450425854869667,0.5220953105207742,1.2501743290455258,-0.2470091619684379,-0.18455493555929559,-0.6326016831142395
-8.382801446461988,0.12027493914800008,-1.5495058719734562,-2.7924544322458176,2.6543257569221015,2.887305354478345,1.4814724955621916,11.208876441688664,0.41965820320948105,7.054321537636004,-1.1296794047688936,1.2234549742782852,5.654965288719958,-2.3771419596618992,-2.4902490710039786,-2.4553658602457746,2.015576776683846,0.17728172875238962,-4.19162121797744,14.818390764748544,7.901788088187628,-11.310102958376605,5.560218443081322,8.701123195330318,-1.6506462098610126,-4.379236628165126,-0.995899867275989,4.566110049317192,0.025295648657837736,-11.774175261914989,2.3235618812236596,2.690197229730136,-1.8013289088118727,-5.179959128346971,4.0142157701369285,2.0176148925270705,-1.5194806342514966,1.0005856052790867,2.30856915514132,5.077798417439718,-0.17643913847884182,-2.7139688379599978,-4.140415435847827
5.9729424473406345,-1.4172867291287763,0.6967444443673217,2.431640940163187,-1.4008111352751942,-1.313966824914434,0.57162893387991,-6.639703787743084,-0.48214338425278447,-2.6764098710593895,2.5636913327862465,-0.9140641089146627,-2.3771419596618992,4.389400817207579,1.7649539857905443,0.3355310081092783,0.6876550934852602,-1.4576539183501,2.4636787777479237,-8.84827474239546,-2.9717852396190323,7.187265128812556,-2.6305118645007597,-7.407131579792479,-0.7789231137049465,1.4871683830968028,0.4117084262893054,-2.1634190477249846,-0.02029813597725204,7.320302159548591,-1.3206371438258062,-1.5500118773122036,-0.22427064876874633,2.9533262891887833,-2.821005109228458,-2.3968409152059627,1.1735967009232142,0.3697380928661406,-0.5675916681820994,-3.6613913691540776,1.4078809674582955,0.7189372343831412,1.6019357578764974
4.319612518143016,-0.40382937943376335,0.6263170966664108,1.6793664771772872,-1.0091560171931635,-1.0704988410593241,-0.2995375602277413,-5.204477993807809,-0.11806168926186439,-2.6149642011165257,0.9215060968529303,-0.711504581662134,-2.4902490710039786,1.7649539857905443,1.3283833147522313,0.6456449064850374,-0.3076041571392814,-0.32970899656444985,1.9823207584845923,-6.599710680009306,-2.945732876717777,5.303577225335386,-2.387602264231004,-4.548796326581231,0.18016004668772315,1.8281893639294144,0.5899375408791728,-1.8090025786611574,-0.06517909549903171,5.454749473691584,-0.7439875433090204,-1.1299295660627144,0.3788413915308067,2.3061400716466336,-2.0329777761867502,-1.091022756152761,0.74766727399263,-0.1644551123532107,-0.9913408925890931,-2.5316916726132663,0.39919791801188964,0.8011705714213005,1.5783971512604584
2.7379335959309925,0.4677354839689802,0.9082102636479524,0.275401946516468,-1.9314849897690198,-2.0744591985115224,-1.2572553541244318,-5.015310307428685,-0.6067684165860201,-4.741999173535739,0.159017784685655,-0.11516656037021578,-2.4553658602457746,0.3355310081092783,0.6456449064850374,2.2950797030804404,-2.114626020114451,0.03131817789008122,1.739714077723994,-7.715784815891662,-5.245047765528652,5.147808546767709,-2.83226712950519,-3.3183120181926964,1.8970790483634552,2.0678449895422855,-0.12943577419160066,-2.890886296900747,0.1791596196540297,5.526586369031183,-2.2468007398392014,-1.6071970441200525,1.7613216804147893,2.602649034486494,-1.4206526719932675,-1.04953487791363,0.6802067160345605,-0.9843020326683812,-0.8569649848655753,-1.9871456817944433,-0.36181242967670896,2.411722291045845,2.6280821614067578
-1.5295077570428748,-0.772621501531941,-0.7433506145540522,0.1611219877915072,1.5234760285403872,1.69732877554233,1.38793257512384,3.572289496282888,0.43357679682811107,4.025656605585579,0.48350273276508693,-0.02683036828384086,2.015576776683846,0.6876550934852602,-0.3076041571392814,-2.114626020114451,2.2301067188583747,-0.43016677441093026,-1.2167894806155932,5.6395926830935155,4.450259959735586,-3.547995407704975,2.244860409569941,1.6532453138632457,-2.0082103504646756,-1.803293640703383,0.1305575385078067,2.331336360296859,-0.16155978365243906,-3.8698696183094254,1.8007550192333788,1.2283441084256486,-1.7497674617288586,-1.942285963188883,0.837081938235119,0.42082296050050993,-0.4117674367927897,1.0616944881974837,0.8124386092890399,1.208045190186292,0.6666688319121665,-2.135865080052328,-2.2292812803490967
-1.2026130504361456,0.5185236228744453,-0.10358301029604745,-0.49518105841383975,0.3380150735262356,0.26917305094993954,-0.3832300688315781,1.2333716779605073,0.21207083555177325,0.3646887101808644,-0.9175767708561844,0.1452173889695036,0.17728172875238962,-1.4576539183501,-0.32970899656444985,0.03131817789008122,-0.43016677441093026,0.6085156042099336,-0.4351769756207463,1.8299074079239945,0.39114264146425154,-1.4708474683891082,0.37728952056994236,1.8596926193294772,0.4107376468048705,-0.005435215254743848,0.059541738385459404,0.3977230988190956,-0.02251279970046417,-1.4930890338334937,0.4185139156902742,0.3350989178252563,0.21984258022269063,-0.55547816255646,0.5764342633124755,0.7839025144636771,-0.28574225350284993,-0.23727830844391581,-0.1295505343433097,0.7930049146066719,-0.5151198846333221,-0.09827615321313542,-0.1992742721548206
6.702664939625582,-0.3553993990774348,1.1727529659760871,2.29575050297042,-2.079805015054079,-2.2123725730304797,-0.8685190406222529,-8.746356499124518,-0.400575478504467,-5.26359109267835,1.2854595283010968,-0.969797893148112,-4.19162121797744,2.4636787777479237,1.9823207584845923,1.739714077723994,-1.2167894806155932,-0.4351769756207463,3.263726849882524,-11.637754374924285,-5.89096735791484,8.935478037158886,-4.216627918077625,-7.2534362117318425,0.9681352402734091,3.1789734184958545,0.7104569755335463,-3.49385047498879,-0.01280098563743185,9.281627224680998,-1.8620051112416414,-2.1042005116562676,1.178855836478085,4.026501402535677,-3.206854345226948,-1.8516186271823625,1.245202890149985,-0.5909751540069439,-1.6132885718388124,-4.0825021361376335,0.3902687001756919,1.9912150213005388,3.0827363761262205
-23.194184085132196,0.9704064692718873,-4.508647203210809,-7.1555333195234185,8.582231239954774,9.05586275499198,3.5735482062915698,31.778875646170544,2.153706294518856,20.97741402535995,-4.740072764315631,2.956046664701999,14.818390764748544,-8.84827474239546,-6.599710680009306,-7.715784815891662,5.6395926830935155,1.8299074079239945,-11.637754374924285,43.91066103764982,23.358049961485044,-32.756430311856796,15.602451341078421,26.226134992193803,-4.658739090809542,-11.361930322733748,-1.6661593503147931,13.763509896161823,-0.23980096393288533,-34.201602096009346,8.54262188016031,8.24849437627197,-5.2685306695457275,-15.033057434369526,11.245970625039885,7.308960332242795,-4.615197291643585,2.6544921034247366,5.354835113001186,14.646869179821772,-1.2147537506150397,-8.707687010218745,-12.083972557502344
-10.823665839603484,-0.3579645715105045,-2.55319532058728,-2.6861193419450937,5.025864208545897,5.375251125799155,2.7828386789275674,16.340558901281817,1.3354333622631867,12.485484381924392,-1.5250753248087474,1.132076898673795,7.901788088187628,-2.9717852396190323,-2.945732876717777,-5.245047765528652,4.450259959735586,0.39114264146425154,-5.89096735791484,23.358049961485044,13.87507858051216,-16.73755092531601,8.509922832875793,12.274753887771867,-3.865773839379856,-6.3061554294730575,-0.49179600732643974,7.893939537139983,-0.26615059644031064,-17.65946659111095,5.306673413492902,4.554757853910256,-3.8664552486573327,-7.978941789931932,5.349874474890269,3.4518938270611508,-2.2773293906859986,2.096223279807998,2.9004883037224287,7.090268441413943,0.15842153638362086,-5.6752854896114,-7.084018283627284
18.257244027149703,-1.0577086292045454,3.2985755406130344,6.030877652082047,-6.083824245655715,-6.419067252674807,-2.3531734112764693,-24.176938441811096,-1.3884985857637848,-15.000694638136899,3.830519441642923,-2.507431518399581,-11.310102958376605,7.187265128812556,5.303577225335386,5.147808546767709,-3.547995407704975,-1.4708474683891082,8.935478037158886,-32.756430311856796,-16.73755092531601,24.871256696342165,-11.659757877311018,-20.311207255717413,2.838751616548585,8.569225882591414,1.609420727440234,-9.959968781029922,0.06777248664013297,25.86915025153884,-5.776675047909999,-6.032800808839841,3.427234350963066,11.262800195090888,-8.782841467997248,-5.484193261411661,3.5117410248489325,-1.6906128353697194,-4.17282255459062,-11.31550394208505,1.1946263059419502,5.902933498458927,8.722810524813346
-8.283004075691771,0.129180459404834,-1.6357901592693187,-2.560154455200459,3.007192793238809,3.220072793988996,1.5122913766320039,11.433217506999327,0.6518505961935865,7.624110605850136,-1.3425638324625102,1.090142161011242,5.560218443081322,-2.6305118645007597,-2.387602264231004,-2.83226712950519,2.244860409569941,0.37728952056994236,-4.216627918077625,15.602451341078421,8.509922832875793,-11.659757877311018,5.70857638393963,9.024623373595324,-1.8806358055717511,-4.317184008298406,-0.7362458882866317,4.9349561210423945,-0.05475179559767368,-12.187678148645812,2.883786576477285,2.9064229315473473,-2.029979849078018,-5.3832692260732955,4.007344264803318,2.3396524569213257,-1.5983095956766613,1.0777203905045785,2.133416193802112,5.164657620472993,-0.21072866974403234,-3.1366927770504756,-4.408358199551676
-15.499891475990813,1.6262531947437706,-2.5071767065198713,-5.500964430580719,4.6449700983995665,4.797109788685569,1.0580231836957505,19.54327054592128,1.1219039366011228,10.997804583759484,-4.085754539848474,2.229777267936836,8.701123195330318,-7.407131579792479,-4.548796326581231,-3.3183120181926964,1.6532453138632457,1.8596926193294772,-7.2534362117318425,26.226134992193803,12.274753887771867,-20.311207255717413,9.024623373595324,17.637480090416716,-1.1606099898323259,-6.376607031924058,-1.373787507021355,7.574347507777615,-6.461186143290025e-4,-21.009511312843962,4.318902408264094,4.742844312463539,-1.912046574585012,-8.972245680613728,7.40695249652867,4.964277827732233,-2.9684990350696365,0.7637847480984882,3.0395304059540744,9.526869578014345,-1.6921014094763491,-4.036529363778927,-6.4409235984555755
1.0588756649396207,0.7502218541581439,0.6322238782913855,-0.2810229575987897,-1.3277441246812847,-1.479192090331703,-1.2495281987292137,-2.871937074771346,-0.3856809660550623,-3.494414309173929,-0.5041012429638262,0.08559049988699806,-1.6506462098610126,-0.7789231137049465,0.18016004668772315,1.8970790483634552,-2.0082103504646756,0.4107376468048705,0.9681352402734091,-4.658739090809542,-3.865773839379856,2.838751616548585,-1.8806358055717511,-1.1606099898323259,1.8328771489604985,1.5092597897923536,-0.1619310068950518,-2.0021927717097463,0.15012074004372056,3.132125974572872,-1.5883705130763028,-1.0289124271057155,1.5821346554767586,1.5923189156443056,-0.6061121738013835,-0.310116694261091,0.317362842180075,-0.9511045273991238,-0.6642955273373224,-0.8983471868968907,-0.6580911055513445,1.9025392488583976,1.9180308811192661
6.202131937185888,0.06863174976157363,1.2197495785423342,1.9738727794115738,-2.099535541105465,-2.2985972217437785,-1.301781019739706,-8.525843689981684,-0.3372872153948189,-5.63305947267392,0.6615499498343242,-0.8787054344050184,-4.379236628165126,1.4871683830968028,1.8281893639294144,2.0678449895422855,-1.803293640703383,-0.005435215254743848,3.1789734184958545,-11.361930322733748,-6.3061554294730575,8.569225882591414,-4.317184008298406,-6.376607031924058,1.5092597897923536,3.439509416056004,0.7268304218815538,-3.5957765648822066,-0.0021966158836441135,8.948555078562153,-1.8744915769638149,-2.0826246426897415,1.5673121682808944,3.9772324149240474,-2.982182838758291,-1.4410143818068,1.1337804985129,-0.8896769013363529,-1.8095314368942939,-3.782801231459545,-0.015823763291993417,2.244431634289476,3.2891127394493864
1.6828598490589959,-0.14161831496248536,0.1492709817668501,0.846937304310963,-0.03730831642909143,-0.07360214692580491,-0.06710001652350693,-1.6927990709010843,0.1797751019220777,-0.4021464643188942,0.1486803091597951,-0.38937091657983386,-0.995899867275989,0.4117084262893054,0.5899375408791728,-0.12943577419160066,0.1305575385078067,0.059541738385459404,0.7104569755335463,-1.6661593503147931,-0.49179600732643974,1.609420727440234,-0.7362458882866317,-1.373787507021355,-0.1619310068950518,0.7268304218815538,0.47654119076368645,-0.31055745042491295,-0.10436416128888472,1.6099537753786348,0.27935155116092836,-0.19194957009674432,-0.08070571307547642,0.6435985660481947,-0.7522045634573061,-0.10046006004381088,0.20065622695926041,0.03222626776312706,-0.5242690906549465,-0.8401044706364112,0.10874445069523243,-0.1170381700065819,0.30859889880137287
-6.594863745912751,-0.015060478547028145,-1.4730885313428361,-1.7484329442338027,2.904939913189278,3.08229867053367,1.433208919531967,9.671783026525548,0.7921829306447105,7.105003542176914,-1.1483942765039632,0.7231350377118243,4.566110049317192,-2.1634190477249846,-1.8090025786611574,-2.890886296900747,2.331336360296859,0.3977230988190956,-3.49385047498879,13.763509896161823,7.893939537139983,-9.959968781029922,4.9349561210423945,7.574347507777615,-2.0021927717097463,-3.5957765648822066,-0.31055745042491295,4.552967389503582,-0.14425167770705985,-10.475945906620941,3.052746136408035,2.6626975767350776,-2.0725933640189376,-4.692227309637791,3.244181250135786,2.1744467510641265,-1.381913577714977,1.0898195500162116,1.6330067070378187,4.295329680304811,-0.09242162113530435,-3.1730092913747203,-4.0393192503353665
-0.11609160288966086,0.044622012064300366,0.035612587653960935,-0.13575438285129227,-0.13136821752171957,-0.13193678063491443,-0.062046296666965074,-0.035446523857445456,-0.08290721144393456,-0.25022375331941643,0.0014067127170804068,0.06430926486662276,0.025295648657837736,-0.02029813597725204,-0.06517909549903171,0.1791596196540297,-0.16155978365243906,-0.02251279970046417,-0.01280098563743185,-0.23980096393288533,-0.26615059644031064,0.06777248664013297,-0.05475179559767368,-6.461186143290025e-4,0.15012074004372056,-0.0021966158836441135,-0.10436416128888472,-0.14425167770705985,0.03421764052086521,0.092427359294833,-0.21849512238313598,-0.08045505209713144,0.12949536971298006,0.06542909753076394,0.03759650438655977,-0.06881421518833322,0.014330542038441973,-0.06866162498517775,0.048552007794813376,0.0091629749279979,-0.030327040900170354,0.1880240997405947,0.12258488572501146
18.843345213786268,-1.0037503271859398,3.460895985143067,6.138018148044284,-6.42676335653131,-6.7825386173083215,-2.55017666737457,-25.1482384020876,-1.48808091060602,-15.829215217374982,3.9087865929302716,-2.549012262259983,-11.774175261914989,7.320302159548591,5.454749473691584,5.526586369031183,-3.8698696183094254,-1.4930890338334937,9.281627224680998,-34.201602096009346,-17.65946659111095,25.86915025153884,-12.187678148645812,-21.009511312843962,3.132125974572872,8.948555078562153,1.6099537753786348,-10.475945906620941,0.092427359294833,26.936491102023986,-6.1530760607586625,-6.320172874410697,3.710409565843097,11.747385639042156,-9.07954245696474,-5.701988731078661,3.6459767444378306,-1.8387993242995926,-4.334089772400315,-11.715532838854912,1.1539696653341112,6.30629417752764,9.183018901614206
-3.2065438246255487,-0.09771493501244811,-0.9346041517927395,-0.4505356035259652,2.123460561725989,2.208827938124597,0.9368462210323327,5.4506476276812865,0.79312188812476,4.822390340248323,-0.7843929723785316,0.1402580738356889,2.3235618812236596,-1.3206371438258062,-0.7439875433090204,-2.2468007398392014,1.8007550192333788,0.4185139156902742,-1.8620051112416414,8.54262188016031,5.306673413492902,-5.776675047909999,2.883786576477285,4.318902408264094,-1.5883705130763028,-1.8744915769638149,0.27935155116092836,3.052746136408035,-0.21849512238313598,-6.1530760607586625,2.577282494250775,1.7904543813534102,-1.5756794237080092,-2.8288153233048208,1.654767892441734,1.572176440598096,-0.8348379400509875,0.8089670810561329,0.6342433967819465,2.3601227760670827,-0.01700190497158274,-2.4556093368098315,-2.659456868664934
-4.092686756676687,0.11228775820824402,-0.859045714183981,-1.1496609969873142,1.6979846122949411,1.7912371119725548,0.7401766793304351,5.828122134139303,0.47476366740854153,4.104532229278074,-0.8354228817143363,0.46920895875052043,2.690197229730136,-1.5500118773122036,-1.1299295660627144,-1.6071970441200525,1.2283441084256486,0.3350989178252563,-2.1042005116562676,8.24849437627197,4.554757853910256,-6.032800808839841,2.9064229315473473,4.742844312463539,-1.0289124271057155,-2.0826246426897415,-0.19194957009674432,2.6626975767350776,-0.08045505209713144,-6.320172874410697,1.7904543813534102,1.594443965054306,-1.1093223430524446,-2.8108637810964225,2.0049449979957696,1.3839458517959213,-0.8509475586243584,0.5756673188687819,0.9395666284202913,2.653180951049137,-0.17550289650950676,-1.7948009553600364,-2.345692339121018
1.6762944834878308,0.5272515530721391,0.6588612334524327,0.04084964795050316,-1.3645335453929925,-1.4942096996772607,-1.0797121180391345,-3.4026262364844277,-0.39612108443988686,-3.4911268226671135,-0.1777271895215656,-0.03608754367052297,-1.8013289088118727,-0.22427064876874633,0.3788413915308067,1.7613216804147893,-1.7497674617288586,0.21984258022269063,1.178855836478085,-5.2685306695457275,-3.8664552486573327,3.427234350963066,-2.029979849078018,-1.912046574585012,1.5821346554767586,1.5673121682808944,-0.08070571307547642,-2.0725933640189376,0.12949536971298006,3.710409565843097,-1.5756794237080092,-1.1093223430524446,1.4177721608581946,1.794902343701933,-0.8863561349758866,-0.5445864915529043,0.42417776401834656,-0.8231445224607002,-0.6878329713973689,-1.2455508893737144,-0.4471881533210791,1.8077438753391584,1.9323139407897125
8.047943156085925,-0.31292555219519835,1.5482787027299054,2.522913970431007,-2.891163908916234,-3.064943768322501,-1.2583911379610402,-10.96165789425602,-0.68822543564015,-7.161664655756239,1.5497951039021376,-1.0560173460871347,-5.179959128346971,2.9533262891887833,2.3061400716466336,2.602649034486494,-1.942285963188883,-0.55547816255646,4.026501402535677,-15.033057434369526,-7.978941789931932,11.262800195090888,-5.3832692260732955,-8.972245680613728,1.5923189156443056,3.9772324149240474,0.6435985660481947,-4.692227309637791,0.06542909753076394,11.747385639042156,-2.8288153233048208,-2.8108637810964225,1.794902343701933,5.169510897655815,-3.8926852166043884,-2.428831897400819,1.5773019737683018,-0.9233067581115109,-1.9147335054741559,-5.049319807182253,0.39396017979478265,2.931703704433185,4.141858698870011
-6.803840256139834,0.5610996970756602,-1.0944344269124058,-2.4600129845302035,1.9114188534030634,2.0143695628259715,0.6211835633135103,8.558659287861841,0.35896974642689894,4.777516667129224,-1.495826681831833,1.029156252813229,4.0142157701369285,-2.821005109228458,-2.0329777761867502,-1.4206526719932675,0.837081938235119,0.5764342633124755,-3.206854345226948,11.245970625039885,5.349874474890269,-8.782841467997248,4.007344264803318,7.40695249652867,-0.6061121738013835,-2.982182838758291,-0.7522045634573061,3.244181250135786,0.03759650438655977,-9.07954245696474,1.654767892441734,2.0049449979957696,-0.8863561349758866,-3.8926852166043884,3.236635389216699,1.9118424723964444,-1.246554001021926,0.4115196527799941,1.5226329870302695,4.106066371141537,-0.5827033444803974,-1.690980624255093,-2.825688639534596
-3.9339782020193823,0.5551380171447358,-0.6816158258971542,-1.2677396683603281,1.459229864929699,1.4580293910956863,0.1477808948251485,5.132876030146354,0.5056196629523225,3.117113027056287,-1.41442055171824,0.4662511200057695,2.0176148925270705,-2.3968409152059627,-1.091022756152761,-1.04953487791363,0.42082296050050993,0.7839025144636771,-1.8516186271823625,7.308960332242795,3.4518938270611508,-5.484193261411661,2.3396524569213257,4.964277827732233,-0.310116694261091,-1.4410143818068,-0.10046006004381088,2.1744467510641265,-0.06881421518833322,-5.701988731078661,1.572176440598096,1.3839458517959213,-0.5445864915529043,-2.428831897400819,1.9118424723964444,1.6584905797267204,-0.8443541818383763,0.16317113984906348,0.5357538116607246,2.5483426373479463,-0.590413653266726,-1.2941792537006727,-1.7732086271067118
2.5912047032272407,-0.22004783737682634,0.45469459568684106,0.8678964514659581,-0.8595947934292938,-0.8932841984198583,-0.25279092527599445,-3.381249855081104,-0.22073282480121031,-2.0445952665976304,0.6431043761538064,-0.3525022968720002,-1.5194806342514966,1.1735967009232142,0.74766727399263,0.6802067160345605,-0.4117674367927897,-0.28574225350284993,1.245202890149985,-4.615197291643585,-2.2773293906859986,3.5117410248489325,-1.5983095956766613,-2.9684990350696365,0.317362842180075,1.1337804985129,0.20065622695926041,-1.381913577714977,0.014330542038441973,3.6459767444378306,-0.8348379400509875,-0.8509475586243584,0.42417776401834656,1.5773019737683018,-1.246554001021926,-0.8443541818383763,0.5094241700755856,-0.18979239089561226,-0.5289599810764406,-1.6175783728871764,0.23835765876905463,0.8005715862070039,1.1865157150515546
-0.7631868247039761,-0.379607989833134,-0.35007004318959994,0.04850755597488581,0.6962118891644004,0.785060383055008,0.6774433091140953,1.7197055268106347,0.17989395780168554,1.8943744152465782,0.2646869267180389,0.004450425854869667,1.0005856052790867,0.3697380928661406,-0.1644551123532107,-0.9843020326683812,1.0616944881974837,-0.23727830844391581,-0.5909751540069439,2.6544921034247366,2.096223279807998,-1.6906128353697194,1.0777203905045785,0.7637847480984882,-0.9511045273991238,-0.8896769013363529,0.03222626776312706,1.0898195500162116,-0.06866162498517775,-1.8387993242995926,0.8089670810561329,0.5756673188687819,-0.8231445224607002,-0.9233067581115109,0.4115196527799941,0.16317113984906348,-0.18979239089561226,0.5125342566446738,0.4226884451268984,0.5806235202844952,0.329527135820342,-0.9885021966697607,-1.0572145067508054
-3.2144710325476313,-0.06299101214048113,-0.5751414575132479,-1.1321565103958127,0.8724139942540704,0.9895176806630162,0.6701053175127732,4.231903756659767,0.03263639986458274,2.573850006465821,-0.19163899414220978,0.5220953105207742,2.30856915514132,-0.5675916681820994,-0.9913408925890931,-0.8569649848655753,0.8124386092890399,-0.1295505343433097,-1.6132885718388124,5.354835113001186,2.9004883037224287,-4.17282255459062,2.133416193802112,3.0395304059540744,-0.6642955273373224,-1.8095314368942939,-0.5242690906549465,1.6330067070378187,0.048552007794813376,-4.334089772400315,0.6342433967819465,0.9395666284202913,-0.6878329713973689,-1.9147335054741559,1.5226329870302695,0.5357538116607246,-0.5289599810764406,0.4226884451268984,1.0387755545218902,1.8716497831789969,0.05095816774917795,-0.9171972408272299,-1.539058505929774
-8.593042009933571,0.704428860479254,-1.4352999287325297,-3.0120611987703847,2.5845214096160967,2.7118704890555816,0.8256897326627042,10.978802323338439,0.5602094922438854,6.348332866969232,-1.9571350993176144,1.2501743290455258,5.077798417439718,-3.6613913691540776,-2.5316916726132663,-1.9871456817944433,1.208045190186292,0.7930049146066719,-4.0825021361376335,14.646869179821772,7.090268441413943,-11.31550394208505,5.164657620472993,9.526869578014345,-0.8983471868968907,-3.782801231459545,-0.8401044706364112,4.295329680304811,0.0091629749279979,-11.715532838854912,2.3601227760670827,2.653180951049137,-1.2455508893737144,-5.049319807182253,4.106066371141537,2.5483426373479463,-1.6175783728871764,0.5806235202844952,1.8716497831789969,5.2582202150001205,-0.748355097800687,-2.3487471726690363,-3.728241056352609
1.2806694048007814,-0.5807540932965867,0.030412425544149253,0.6800641101799676,-0.06458300956583364,-6.992794466815259e-4,0.47652062126931394,-1.0198258437056151,-0.06308676569534588,0.1376605813718246,0.831023443321155,-0.2470091619684379,-0.17643913847884182,1.4078809674582955,0.39919791801188964,-0.36181242967670896,0.6666688319121665,-0.5151198846333221,0.3902687001756919,-1.2147537506150397,0.15842153638362086,1.1946263059419502,-0.21072866974403234,-1.6921014094763491,-0.6580911055513445,-0.015823763291993417,0.10874445069523243,-0.09242162113530435,-0.030327040900170354,1.1539696653341112,-0.01700190497158274,-0.17550289650950676,-0.4471881533210791,0.39396017979478265,-0.5827033444803974,-0.590413653266726,0.23835765876905463,0.329527135820342,0.05095816774917795,-0.748355097800687,0.562166168154159,-0.25431959867715515,-0.04246587519580855
3.2968736811800006,0.36455970019072165,0.9963062950411321,0.46627423704725396,-2.1223174365214503,-2.262077407616903,-1.249287442884691,-5.714019802646221,-0.6784585409299654,-5.1322444959246365,0.38472301569984163,-0.18455493555929559,-2.7139688379599978,0.7189372343831412,0.8011705714213005,2.411722291045845,-2.135865080052328,-0.09827615321313542,1.9912150213005388,-8.707687010218745,-5.6752854896114,5.902933498458927,-3.1366927770504756,-4.036529363778927,1.9025392488583976,2.244431634289476,-0.1170381700065819,-3.1730092913747203,0.1880240997405947,6.30629417752764,-2.4556093368098315,-1.7948009553600364,1.8077438753391584,2.931703704433185,-1.690980624255093,-1.2941792537006727,0.8005715862070039,-0.9885021966697607,-0.9171972408272299,-2.3487471726690363,-0.25431959867715515,2.5665316939922436,2.851842064182841
5.739905687128157,0.14291122020287664,1.312694958270208,1.488384458421288,-2.5473009143117022,-2.730336161251283,-1.4084746530555219,-8.526440231028756,-0.6561330819049612,-6.3736561139157395,0.808318810075925,-0.6326016831142395,-4.140415435847827,1.6019357578764974,1.5783971512604584,2.6280821614067578,-2.2292812803490967,-0.1992742721548206,3.0827363761262205,-12.083972557502344,-7.084018283627284,8.722810524813346,-4.408358199551676,-6.4409235984555755,1.9180308811192661,3.2891127394493864,0.30859889880137287,-4.0393192503353665,0.12258488572501146,9.183018901614206,-2.659456868664934,-2.345692339121018,1.9323139407897125,4.141858698870011,-2.825688639534596,-1.7732086271067118,1.1865157150515546,-1.0572145067508054,-1.539058505929774,-3.728241056352609,-0.04246587519580855,2.851842064182841,3.6326301631889644
