V1,V2,V3,V4,V5,V6,V7,V8,V9,V10,V11,V12,V13,V14,V15,V16,V17,V18,V19,V20,V21,V22,V23,V24,V25,V26,V27,V28,V29,V30,V31,V32,V33,V34,V35,V36,V37,V38,V39,V40,V41,V42,V43,V44
0.5498473365861332,-0.5378935787907607,-0.3856007143840862,0.20744817238620947,0.6871234936025256,-0.491995159579023,-0.6596560840149334,0.5611541654103693,1.68740423588939,0.08085313484244654,-0.4115768332019917,-0.04789776392303612,0.6301840750282711,0.1874389063605067,-0.32641870440351817,0.9260983701701111,0.01806573898165571,-0.9744679807550356,0.328615569169169,1.4234885519635276,-0.4312450164685264,-0.08003706163489702,0.419645283438488,-0.6569727171007045,0.14247446291228769,-1.066329631340406,0.56660991937566,-0.15471297085390248,0.10711239382531372,0.9469657277416652,0.39939356934191195,-1.1292715354139669,-1.1869057424837943,0.9655235153416696,-0.18985322787971115,-0.5540867985674125,0.7194514982080802,0.11568190717345014,0.44642978182363474,0.512985264120026,-0.19938879889157313,0.9531268913732657,0.5379650818181745,0.8346288770414116
-0.5378935787907607,0.6006057980830054,0.21772485116223245,-0.13932718367563274,-0.6296930926634615,0.47318133577302807,0.7712911894057671,-0.79819080055373,-1.7372563616738474,-0.11962703241533236,0.41922392471692643,0.26137568075363904,-0.6007835461504041,0.21673578005901634,0.4737498690052437,-0.9977926567771357,-0.09705121652158222,1.1347300816382933,-0.29192847169928876,-1.4978871275488084,0.4649510509751797,0.35194199363105155,-0.49624094732512375,0.4361877849728024,-0.15489500477141865,1.1259613514973579,-0.5218412620810177,0.3650087234692294,-0.13414120368907514,-0.8076421142524541,-0.4502934895078334,1.3075073715405845,1.2311883012855547,-0.9374553190539242,0.11160378877239982,0.6731818374220077,-0.6708649930403305,-0.07334071239993666,-0.4509094918492724,-0.5903674850761453,0.34137922005624427,-0.8336752611265014,-0.6163764463469965,-0.7564345369415763
-0.3856007143840862,0.21772485116223245,1.0375772205195972,-0.531310824631375,-0.9908659154150115,0.14139664551732645,-0.1435461642212566,1.3204571537479717,-0.0046588558706097075,0.24579314100614633,0.3782178909394071,-0.7835297179840407,-0.013367018899398399,-2.495025048316903,-0.7279509838379294,0.07738791276822853,0.3064968069702123,-1.0001071458280502,-0.29159586408461186,0.04275799922298113,0.47985844347140943,-1.5951495981790191,0.4255928037795721,0.9704752322439494,0.1380848512715489,0.13629781101632626,-0.7536887180140279,-0.8005640487518986,0.2983829112768275,-0.7753227423257798,0.08597258454974445,-0.6310799092824062,0.04743930358633814,-0.611606206253045,0.47176299196366855,-0.4904313647804069,-0.37051645951227075,-0.5038849531541688,0.27580178726917376,0.19064238995007846,-0.8764009827870894,-1.0298698710644127,0.6431053900432414,-0.17214576287118308
0.20744817238620947,-0.13932718367563274,-0.531310824631375,0.34456652348663047,0.5218709441223182,-0.015626085615909144,0.07658632303443837,-0.8046391662284155,-0.15863895162347522,-0.19436084247812174,-0.2098670809120086,0.3470587732488279,-0.12410684534387934,1.3759935857655778,0.42310834972574346,-0.18627273525385274,-0.20268785222665933,0.6440566734286589,0.07721950837381705,-0.14513464321852979,-0.33423294861179476,0.8928688025448558,-0.22822219520448592,-0.4528509877542487,-0.09628641103731629,-0.017154357120576204,0.40549132003223765,0.4635952651291837,-0.15032874049957137,0.28015793673766853,-0.004531700885370637,0.429204117850217,0.10493523684174333,0.2629943631628528,-0.27541778521188964,0.32440267268337053,0.15428690971589462,0.3311042372596188,-0.30857527604907,-0.18767980042047297,0.5216376780432211,0.5272593513503282,-0.4663387521647734,-0.09286518320206572
0.6871234936025256,-0.6296930926634615,-0.9908659154150115,0.5218709441223182,1.3588242188238606,-0.3563539413993784,-0.4019833851487864,-0.7505828555812714,0.9483892382334893,-0.09179981084742064,-0.642324942440903,0.44351172484859736,0.2100414047556133,2.093061543785556,0.3703933124341845,0.5399755865310201,-0.15955911689109967,0.3678281578149597,0.4272847715239255,0.7812556568638733,-0.8363491571253044,1.2016895809263917,-0.15279328825707744,-0.936652177382143,-0.07613520581402497,-0.7665448184121476,1.0539046104627225,0.3629706163798059,-0.25629542862466953,1.044875941986571,0.18180664126762472,-0.22683305980118623,-0.7432940062715623,1.126851166078996,-0.44069061632915857,0.05247028148216897,0.635101756650358,0.5175696239423444,-0.062492595337269856,0.19956474870675334,0.5905329717383012,1.3825732783860056,-0.3189105590258754,0.4330514653119144
-0.491995159579023,0.47318133577302807,0.14139664551732645,-0.015626085615909144,-0.3563539413993784,0.6541743786007512,0.7889443038742783,-1.3431749051804278,-2.292537171627707,-0.2037042054837661,0.293367252649812,0.20426599506703458,-1.040153600829818,0.7923605647202465,0.7248799038196673,-1.282844430566763,-0.12863033007122496,1.8293556349100633,-0.3608385055670716,-1.9354948043201017,0.13974169367001904,0.7541348301586551,-0.746339220643761,0.6606078765092648,-0.2938671751712804,1.3164638988232453,-0.3213009513080508,0.41633111766160635,-0.306357374156189,-1.0946032763181712,-0.4928858078151942,1.6993752388492769,1.5806851097815793,-0.9745326805796349,0.06312842119113013,0.938496109494097,-0.8605725945235033,0.13650440187633273,-0.8893428486999062,-0.765034001753802,0.6543181657312597,-0.8066112666473562,-1.1368769764748203,-1.2895909605594338
-0.6596560840149334,0.7712911894057671,-0.1435461642212566,0.07658632303443837,-0.4019833851487864,0.7889443038742783,1.3655013323361287,-2.2169633752090467,-3.1319936919943703,-0.3514833838237189,0.41204342081020956,0.7189662703688446,-1.2493078011581522,1.8960831506425375,1.185969779244406,-1.8578284830222351,-0.31997048132965505,2.7275857280466558,-0.4134222482925324,-2.7209526863832365,0.28896144080135816,1.5715069584429386,-1.1548037194694718,0.36147515932758223,-0.37973421253908374,1.9119603340758882,-0.3951000061395395,0.9552636526652571,-0.45650010501358856,-1.1227294435375161,-0.7660505238787875,2.6276126492478293,2.19051295998277,-1.2688277135686,-0.03512769523291712,1.4953121794120863,-1.0424623909715178,0.28921831374676255,-1.1251859025582756,-1.1480896991372613,1.1275981266277086,-0.8484235359488769,-1.616822588986355,-1.4535686114085045
0.5611541654103693,-0.79819080055373,1.3204571537479717,-0.8046391662284155,-0.7505828555812714,-1.3431749051804278,-2.2169633752090467,5.5188644326474465,5.614707339488779,0.8598761359819734,-0.0850473842497807,-1.7886422981648682,2.609220621606932,-6.147648886116814,-2.9305525186602126,3.3307228597310194,0.8301475513260131,-6.192281651161258,0.47263039098511916,4.869586163200114,0.5250316539991058,-4.520228583120412,2.5501398160234685,0.011257358753206432,0.9412776302915363,-3.100864066055204,-0.44833511370273166,-2.3023059452560033,1.2497411181092295,1.438724064283771,1.3125606244272838,-5.212520173874195,-3.823801710603614,1.380479314477901,0.579792512016667,-3.182274143188082,1.5444265245168478,-1.215391029437862,2.6517820916809463,2.2206320289339287,-3.030580255634315,0.2602987233725094,3.8823990170740936,2.8960724779354536
1.68740423588939,-1.7372563616738474,-0.0046588558706097075,-0.15863895162347522,0.9483892382334893,-2.292537171627707,-3.1319936919943703,5.614707339488779,8.495169426160416,0.8752146553868608,-0.9516106870699218,-1.2381238889260924,3.7462113385706184,-4.1970167944284835,-3.010351789991461,4.829245474077786,0.6373930064375664,-7.2250886499644755,1.2242734500443724,7.217637347566659,-0.38094833773153064,-3.6051003595023765,2.9756301886709995,-1.8500004786542636,1.1145686593988975,-4.906565205113458,0.9103471189614207,-1.973575996448638,1.258065849517647,3.616680881246763,1.8881874263392526,-6.677569427908768,-5.858609290414631,3.362023831208559,-0.031272971562497726,-3.7685598315952076,3.0040983283566995,-0.7398105462343919,3.3371660897322686,2.940604862945543,-2.8253599896569304,2.508260314039833,4.449315014505535,4.5507779816095235
0.08085313484244654,-0.11962703241533236,0.24579314100614633,-0.19436084247812174,-0.09179981084742064,-0.2037042054837661,-0.3514833838237189,0.8598761359819734,0.8752146553868608,0.21699314899956781,-0.015132025141342835,-0.26898074319844145,0.36129360705571933,-0.9734401626904572,-0.46160062474482183,0.5720064363792221,0.172798126062053,-0.9088585846553587,0.09790326214544783,0.7330400093345603,0.07459847266582512,-0.7237906440920471,0.34411306178833406,0.06643987142600388,0.1305899370937926,-0.44401667751412993,-0.05804163622737801,-0.436220722961163,0.15033143193303275,0.2071801788474893,0.16305200949258938,-0.8351093842461715,-0.6161217345780582,0.23246435537056076,0.13889445601227787,-0.4898018432930998,0.1855441431066799,-0.21941963965256583,0.455607666469606,0.3762278157298793,-0.49427022626150247,0.010219160003491585,0.5981563577618548,0.4472786257250864
-0.4115768332019917,0.41922392471692643,0.3782178909394071,-0.2098670809120086,-0.642324942440903,0.293367252649812,0.41204342081020956,-0.0850473842497807,-0.9516106870699218,-0.015132025141342835,0.35372634885072723,-0.02896459098849296,-0.29661748537341637,-0.5415594193975839,0.07814111400423913,-0.5397483815364029,0.01129555911221434,0.33191955694448044,-0.23220114188387153,-0.8102148332016632,0.43181430318202646,-0.22276276823743943,-0.14930265448985397,0.4519896662433985,-0.0401333489193513,0.6584044864106208,-0.5121166368214767,0.033986271605647114,0.02172462027183698,-0.6206407614615742,-0.23336829403405546,0.569152087638057,0.693128617392371,-0.6951438798631447,0.17276872493547274,0.240052272115674,-0.44829500927900895,-0.18707785626858411,-0.15367704641136035,-0.2854083090948558,-0.04201569978090007,-0.7342915584135405,-0.14470578083167218,-0.4223881471456324
-0.04789776392303612,0.26137568075363904,-0.7835297179840407,0.3470587732488279,0.44351172484859736,0.20426599506703458,0.7189662703688446,-1.7886422981648682,-1.2381238889260924,-0.26898074319844145,-0.02896459098849296,0.9504627798703276,-0.4160972862989745,2.460038576740953,1.0089297288824244,-0.7742018645370025,-0.33976733599887093,1.7529926472272932,0.07598053630278258,-1.135355773465515,-0.07351069307758688,1.723216544988398,-0.7776362795104486,-0.5864319344957336,-0.23768863024108808,0.7237495517806004,0.30018950049087373,0.9878725371537452,-0.3848711997652012,0.15178227101556188,-0.4365478673638819,1.5251496543106882,0.835716598331175,-0.11665129208692213,-0.3295340370849986,0.9441951910544678,-0.1620320783799029,0.38706006768516793,-0.5294063345900072,-0.5922071680638441,1.037667879314396,0.33044932963344265,-1.022016556958451,-0.3411622631477172
0.6301840750282711,-0.6007835461504041,-0.013367018899398399,-0.12410684534387934,0.2100414047556133,-1.040153600829818,-1.2493078011581522,2.609220621606932,3.7462113385706184,0.36129360705571933,-0.29661748537341637,-0.4160972862989745,1.8842342453819072,-2.0444299938587056,-1.3298849943672244,2.1525465562122914,0.2856414258869778,-3.3626095444151924,0.5869146427021971,3.2025125065782776,0.12324180400534139,-1.683626489000545,1.3463965461220198,-0.9035404265081738,0.5416897504258467,-2.1349293569603995,0.23599665171580567,-0.7833922145662902,0.6115985811537125,1.689709818125617,0.7412135703811478,-2.883145255457621,-2.579133518403131,1.3707754505934773,-0.008331460567666387,-1.7097015265923845,1.3635977914302742,-0.45492544472773083,1.6519054114976364,1.3163184572455,-1.3062022533209943,0.9853461181246448,2.1474402069947414,2.2299095866984966
0.1874389063605067,0.21673578005901634,-2.495025048316903,1.3759935857655778,2.093061543785556,0.7923605647202465,1.8960831506425375,-6.147648886116814,-4.1970167944284835,-0.9734401626904572,-0.5415594193975839,2.460038576740953,-2.0444299938587056,8.457679157679301,3.2189383563914125,-2.6623562109722574,-1.085753700337684,6.226694579773975,0.0401775092896235,-3.7611906533925583,-1.2293792824104468,5.834218793826045,-2.583124381431622,-1.4699671174654911,-0.91193064329315765,2.1795449866756305,1.4797595440018414,2.86316085052335,-1.4060735082398303,0.05461153636978732,-1.074586365509246,4.819880980826614,2.8099039237803938,-0.11132684549200905,-1.0988105562296697,3.163334663819856,-0.6467484643010909,1.7436920405780307,-2.4444514032578337,-1.961256649031008,3.5808814744985975,1.3772383674939686,-3.9442159384024014,-1.9635031315790121
-0.32641870440351817,0.4737498690052437,-0.7279509838379294,0.42310834972574346,0.3703933124341845,0.7248799038196673,1.185969779244406,-2.9305525186602126,-3.010351789991461,-0.46160062474482183,0.07814111400423913,1.0089297288824244,-1.3298849943672244,3.2189383563914125,1.6156311072558176,-1.7416506455542644,-0.43192781501879307,3.27469471425001,-0.20887204438739576,-2.5893065131609987,-0.18919026313046233,2.3827772447665385,-1.3646766082817283,0.009526473377920338,-0.5064685855068207,1.6376915877039837,0.22409483092701032,1.2631083373379386,-0.6659153248060837,-0.7453241527252155,-0.7510899732062521,2.812324162098436,2.035863195154542,-0.7478341209117378,-0.3249464985287958,1.673717068882927,-0.8132252627597257,0.5845963610780371,-1.370519898515422,-1.1744136496672877,1.6199932870721967,-0.17106129095175368,-2.0343287367215157,-1.5012861522230911
0.9260983701701111,-0.9977926567771357,0.07738791276822853,-0.18627273525385274,0.5399755865310201,-1.282844430566763,-1.8578284830222351,3.3307228597310194,4.829245474077786,0.5720064363792221,-0.5397483815364029,-0.7742018645370025,2.1525465562122914,-2.6623562109722574,-1.7416506455542644,2.8937353358085143,0.4724654088005093,-4.157247319239715,0.7536800012402323,4.14466389724562,-0.17302446722458645,-2.229014686954506,1.6725684814705872,-0.8396150824490364,0.6183842527357024,-2.832937537734299,0.5151275121842038,-1.2928936088917675,0.6740042697134557,1.9906880002819494,1.0099245795739282,-3.8758344779874845,-3.3848370198801865,1.9189044978255434,0.049603819117042286,-2.2334300125316706,1.649417099183322,-0.5202231037310401,1.9727752771742164,1.7745496751984875,-1.68385630206644,1.3098151189329177,2.5972371803098806,2.573291542150808
0.01806573898165571,-0.09705121652158222,0.3064968069702123,-0.20268785222665933,-0.15955911689109967,-0.12863033007122496,-0.31997048132965505,0.8301475513260131,0.6373930064375664,0.172798126062053,0.01129555911221434,-0.33976733599887093,0.2856414258869778,-1.085753700337684,-0.43192781501879307,0.4724654088005093,0.19591669647537172,-0.8107067750700665,0.052546374718838336,0.5794602526669094,0.09533502920543009,-0.7681598432489408,0.31195453196767753,0.23756670901318613,0.10874222130975889,-0.36194321579097827,-0.10969502729573416,-0.4651362768067377,0.13778870931437082,0.03661478245427489,0.1289563717466026,-0.7085946801442266,-0.4620510993425958,0.11389015700174741,0.16007043123126818,-0.45812030841349183,0.0950600619296085,-0.23000324615260492,0.35785458386727725,0.33547080818492797,-0.475244135883195,-0.12933162343730695,0.5246889485412639,0.28650896480317467
-0.9744679807550356,1.1347300816382933,-1.0001071458280502,0.6440566734286589,0.3678281578149597,1.8293556349100633,2.7275857280466558,-6.192281651161258,-7.2250886499644755,-0.9088585846553587,0.33191955694448044,1.7529926472272932,-3.3626095444151924,6.226694579773975,3.27469471425001,-4.157247319239715,-0.8107067750700665,7.335301030992377,-0.7536727615251114,-6.220036297549062,-0.37449089993512447,4.738055006368009,-3.040031729247866,0.7075033659180798,-1.1303179308812674,4.0506346405417935,0.10676723545538867,2.347339054393271,-1.4543997172392553,-2.364960865474567,-1.6695165508794316,6.256140200592165,4.917360401995727,-2.1547083769308006,-0.4029181222853432,3.7348889087332093,-2.256809117507861,1.215201325898091,-3.2019891460242835,-2.670100254657366,3.311644236431322,-1.0379598596881925,-4.570351376184243,-3.843314064365277
0.328615569169169,-0.29192847169928876,-0.29159586408461186,0.07721950837381705,0.4272847715239255,-0.3608385055670716,-0.4134222482925324,0.47263039098511916,1.2242734500443724,0.09790326214544783,-0.23220114188387153,0.07598053630278258,0.5869146427021971,0.0401775092896235,-0.20887204438739576,0.7536800012402323,0.052546374718838336,-0.7536727615251114,0.32953186119425937,1.0380000246380063,-0.12499203557925909,-0.10390345103103141,0.2663887044051912,-0.48282577173955565,0.11213394658528839,-0.7591369082171169,0.34316381082921654,-0.09772224286300496,0.06302188763933715,0.7653336077916189,0.17415083343040288,-0.7896318679278361,-0.8870690745065953,0.6638231712535608,-0.11602354723406978,-0.4432725791854412,0.5207759692546895,-0.025980538641974932,0.47413943754590776,0.421105296874251,-0.1711397029809397,0.6080592013167206,0.48887252633128564,0.7542646770080746
1.4234885519635276,-1.4978871275488084,0.04275799922298113,-0.14513464321852979,0.7812556568638733,-1.9354948043201017,-2.7209526863832365,4.869586163200114,7.217637347566659,0.7330400093345603,-0.8102148332016632,-1.135355773465515,3.2025125065782776,-3.7611906533925583,-2.5893065131609987,4.14466389724562,0.5794602526669094,-6.220036297549062,1.0380000246380063,6.175543997574262,-0.3162335501766353,-3.1874298731691164,2.567432214391797,-1.459325314531134,0.9487200068114854,-4.221143965304402,0.763072698806924,-1.7487229390176866,1.0824211895320603,3.012140560215923,1.6145690924968599,-5.724292808234591,-4.990956739046326,2.8454683986166023,-0.012607900099723674,-3.265276627666859,2.54554571907099,-0.6632631947903936,2.831271855707687,2.535400973546793,-2.4474082270332898,2.074916506755539,3.819575191123022,3.8316933153694737
-0.4312450164685264,0.4649510509751797,0.47985844347140943,-0.33423294861179476,-0.8363491571253044,0.13974169367001904,0.28896144080135816,0.5250316539991058,-0.38094833773153064,0.07459847266582512,0.43181430318202646,-0.07351069307758688,0.12324180400534139,-1.2293792824104468,-0.18919026313046233,-0.17302446722458645,0.09533502920543009,-0.37449089993512447,-0.12499203557925909,-0.3162335501766353,0.6975097000330417,-0.7012457538348386,0.10273799910661022,0.3673709253430205,0.08009022527753236,0.3742731776642986,-0.6559089912622637,-0.11693498042414949,0.168289667242355,-0.37742641187494236,-0.19032491470969376,0.09999860834104968,0.30068420740394647,-0.6167353585286847,0.22992317852601818,-0.10058537704697083,-0.2656189058288418,-0.4052739902538278,0.25704743580211287,-0.048588541429454464,-0.36831465816218023,-0.7749860789422353,0.3627595075460336,0.04311276650071946
-0.08003706163489702,0.35194199363105155,-1.5951495981790191,0.8928688025448558,1.2016895809263917,0.7541348301586551,1.5715069584429386,-4.520228583120412,-3.6051003595023765,-0.7237906440920471,-0.22276276823743943,1.723216544988398,-1.683626489000545,5.834218793826045,2.3827772447665385,-2.229014686954506,-0.7681598432489408,4.738055006368009,-0.10390345103103141,-3.1874298731691164,-0.7012457538348386,4.109021569832759,-1.9653055406332325,-0.7582653864845808,-0.6961131981171526,1.930205499011801,0.819023149610322,2.0643734638587143,-1.0233713612671584,-0.34429435820124,-0.9011569086506207,3.8132751943287793,2.4349469556938015,-0.45709938603432637,-0.700820006095041,2.425228039927331,-0.7322002883490422,1.1791781095545264,-1.9029401158543764,-1.574884413064759,2.5881291817579353,0.590526341442269,-2.9776870650376726,-1.7218607333030358
0.419645283438488,-0.49624094732512375,0.4255928037795721,-0.22822219520448592,-0.15279328825707744,-0.746339220643761,-1.1548037194694718,2.5501398160234685,2.9756301886709995,0.34411306178833406,-0.14930265448985397,-0.7776362795104486,1.3463965461220198,-2.583124381431622,-1.3646766082817283,1.6725684814705872,0.31195453196767753,-3.040031729247866,0.2663887044051912,2.567432214391797,0.10273799910661022,-1.9653055406332325,1.2918202563436236,-0.28500373700310355,0.46641888663705394,-1.6839277431247253,-0.036828981764124795,-0.9610554587501792,0.6237968302421044,0.9327261490619403,0.7416915936782392,-2.5948577620192017,-2.010496603503383,0.884296421103132,0.150621832408877,-1.5356770082612436,0.9386613512112841,-0.46730926092451724,1.2576826481801584,1.0744258165094562,-1.3649816944779574,0.4434715411509714,1.8630511762419086,1.5209589492500686
-0.6569727171007045,0.4361877849728024,0.9704752322439494,-0.4528509877542487,-0.936652177382143,0.6606078765092648,0.36147515932758223,0.011257358753206432,-1.8500004786542636,0.06643987142600388,0.4519896662433985,-0.5864319344957336,-0.9035404265081738,-1.4699671174654911,0.009526473377920338,-0.8396150824490364,0.23756670901318613,0.7075033659180798,-0.48282577173955565,-1.459325314531134,0.3673709253430205,-0.7582653864845808,-0.28500373700310355,1.5434591248642064,-0.1661447831246872,1.064136501460634,-0.7380175186207316,-0.4797907703794061,-0.07214277927532414,-1.5913518710592542,-0.33165962273498034,0.7867378815082469,1.2550948376481947,-1.1774028317000296,0.4527821910705498,0.29419656322804,-1.0268146717698792,-0.3068976121891992,-0.5444116949566383,-0.37405703720470374,-0.18389906418536556,-1.4756056375709623,-0.44548929288280203,-1.293395373802932
0.14247446291228769,-0.15489500477141865,0.1380848512715489,-0.09628641103731629,-0.07613520581402497,-0.2938671751712804,-0.37973421253908374,0.9412776302915363,1.1145686593988975,0.1305899370937926,-0.0401333489193513,-0.23768863024108808,0.5416897504258467,-0.91193064329315765,-0.5064685855068207,0.6183842527357024,0.10874222130975889,-1.1303179308812674,0.11213394658528839,0.9487200068114854,0.08009022527753236,-0.6961131981171526,0.46641888663705394,-0.1661447831246872,0.18493404590157933,-0.6037565513397951,-0.03640253245415167,-0.32749532298231926,0.2321004404937288,0.394930895501859,0.25440274537284563,-0.940538874419614,-0.7490404553136638,0.31859122325601924,0.05792398534868235,-0.5584562923587092,0.3585535843603625,-0.17865057201638124,0.5083633817171053,0.399337047571894,-0.5030340067264913,0.16899387751753506,0.713039224638897,0.6295675563642651
-1.066329631340406,1.1259613514973579,0.13629781101632626,-0.017154357120576204,-0.7665448184121476,1.3164638988232453,1.9119603340758882,-3.100864066055204,-4.906565205113458,-0.44401667751412993,0.6584044864106208,0.7237495517806004,-2.1349293569603995,2.1795449866756305,1.6376915877039837,-2.832937537734299,-0.36194321579097827,4.0506346405417935,-0.7591369082171169,-4.221143965304402,0.3742731776642986,1.930205499011801,-1.6839277431247253,1.064136501460634,-0.6037565513397951,2.95872354395831,-0.7027504372671252,1.1062631467580342,-0.6730448543663164,-2.1294241365938373,-1.1084691831216948,3.8290143781422383,3.4160163921805093,-2.0722843390690864,0.09720518553314221,2.1720189799584495,-1.7912618547172299,0.3486077846262161,-1.8165149661927913,-1.7126445926405833,1.5084190025581548,-1.5972403198611003,-2.4501133171180918,-2.546543791575666
0.56660991937566,-0.5218412620810177,-0.7536887180140279,0.40549132003223765,1.0539046104627225,-0.3213009513080508,-0.3951000061395395,-0.44833511370273166,0.9103471189614207,-0.05804163622737801,-0.5121166368214767,0.30018950049087373,0.23599665171580567,1.4797595440018414,0.22409483092701032,0.5151275121842038,-0.10969502729573416,0.10676723545538867,0.34316381082921654,0.763072698806924,-0.6559089912622637,0.819023149610322,-0.036828981764124795,-0.7380175186207316,-0.03640253245415167,-0.7027504372671252,0.8323577864453808,0.23364083641319364,-0.16044633056337487,0.8585095345512038,0.19251667785403073,-0.32294128110534764,-0.6940783673536776,0.9390831830616494,-0.34438186162486184,-0.04609080572358606,0.5532979083590909,0.3745117255754154,0.009878234866147702,0.21108545518562968,0.38567757917273104,1.1126544055737442,-0.14779582366754926,0.4127505107668077
-0.15471297085390248,0.3650087234692294,-0.8005640487518986,0.4635952651291837,0.3629706163798059,0.41633111766160635,0.9552636526652571,-2.3023059452560033,-1.973575996448638,-0.436220722961163,0.033986271605647114,0.9878725371537452,-0.7833922145662902,2.86316085052335,1.2631083373379386,-1.2928936088917675,-0.4651362768067377,2.347339054393271,-0.09772224286300496,-1.7487229390176866,-0.11693498042414949,2.0643734638587143,-0.9610554587501792,-0.4797907703794061,-0.32749532298231926,1.1062631467580342,0.23364083641319364,1.23702248146149,-0.4379302834752262,-0.1929161758812357,-0.5033192546395735,2.097859683003743,1.3787553216476776,-0.41873462301448583,-0.38681625685481935,1.2795852941478543,-0.37335323393828296,0.5266916158883646,-0.9395892836208801,-0.9108653731162089,1.3134086059185979,0.1730887945611136,-1.4541295509592673,-0.8223961312833717
0.10711239382531372,-0.13414120368907514,0.2983829112768275,-0.15032874049957137,-0.25629542862466953,-0.306357374156189,-0.45650010501358856,1.2497411181092295,1.258065849517647,0.15033143193303275,0.02172462027183698,-0.3848711997652012,0.6115985811537125,-1.4060735082398303,-0.6659153248060837,0.6740042697134557,0.13778870931437082,-1.4543997172392553,0.06302188763933715,1.0824211895320603,0.168289667242355,-1.0233713612671584,0.6237968302421044,-0.07214277927532414,0.2321004404937288,-0.6730448543663164,-0.16044633056337487,-0.4379302834752262,0.33526695949128643,0.32612136605518877,0.32594867508692715,-1.146568764807366,-0.8243469690938373,0.25797504726075327,0.10652928085090645,-0.7007330936677473,0.3736118093644109,-0.26979172411353736,0.5863377873165869,0.4486003180148618,-0.6896697727554338,0.0509991304109265,0.9002659828432299,0.6716906723903304
0.9469657277416652,-0.8076421142524541,-0.7753227423257798,0.28015793673766853,1.044875941986571,-1.0946032763181712,-1.1227294435375161,1.438724064283771,3.616680881246763,0.2071801788474893,-0.6206407614615742,0.15178227101556188,1.689709818125617,0.05461153636978732,-0.7453241527252155,1.9906880002819494,0.03661478245427489,-2.364960865474567,0.7653336077916189,3.012140560215923,-0.37742641187494236,-0.34429435820124,0.9327261490619403,-1.5913518710592542,0.394930895501859,-2.1294241365938373,0.8585095345512038,-0.1929161758812357,0.32612136605518877,2.183953426089966,0.6791617644550846,-2.3317090811308008,-2.519134140601694,1.8248649782297395,-0.34705961469009267,-1.2330584050386355,1.5558209228716275,0.009883917686147672,1.3184870131666535,1.108157479471801,-0.5711007189291585,1.7813369507742567,1.485236930846339,2.1904495746236514
0.39939356934191195,-0.4502934895078334,0.08597258454974445,-0.004531700885370637,0.18180664126762472,-0.4928858078151942,-0.7660505238787875,1.3125606244272838,1.8881874263392526,0.16305200949258938,-0.23336829403405546,-0.4365478673638819,0.7412135703811478,-1.074586365509246,-0.7510899732062521,1.0099245795739282,0.1289563717466026,-1.6695165508794316,0.17415083343040288,1.6145690924968599,-0.19032491470969376,-0.9011569086506207,0.7416915936782392,-0.33165962273498034,0.25440274537284563,-1.1084691831216948,0.19251667785403073,-0.5033192546395735,0.32594867508692715,0.6791617644550846,0.5273368032985535,-1.5603506233732438,-1.276320749875997,0.7226903858946687,0.0029931333792288426,-0.8540789022573612,0.6522215114253552,-0.11463223431572489,0.6358533148377458,0.6280482737480223,-0.6757285638040071,0.541094620742151,0.9687129271909979,0.8763714806261298
-1.1292715354139669,1.3075073715405845,-0.6310799092824062,0.429204117850217,-0.22683305980118623,1.6993752388492769,2.6276126492478293,-5.212520173874195,-6.677569427908768,-0.8351093842461715,0.569152087638057,1.5251496543106882,-2.883145255457621,4.819880980826614,2.812324162098436,-3.8758344779874845,-0.7085946801442266,6.256140200592165,-0.7896318679278361,-5.724292808234591,0.09999860834104968,3.8132751943287793,-2.5948577620192017,0.7867378815082469,-0.940538874419614,3.8290143781422383,-0.32294128110534764,2.097859683003743,-1.146568764807366,-2.3317090811308008,-1.5603506233732438,5.675935427795845,4.596209271712852,-2.3161902671389862,-0.25969819054107285,3.281854270943234,-2.1295730160895996,0.860123710585817,-2.7343085354042955,-2.4511656991853084,2.741006312495071,-1.3690971664921017,-3.843188115249385,-3.3887771769590413
-1.1869057424837943,1.2311883012855547,0.04743930358633814,0.10493523684174333,-0.7432940062715623,1.5806851097815793,2.19051295998277,-3.823801710603614,-5.858609290414631,-0.6161217345780582,0.693128617392371,0.835716598331175,-2.579133518403131,2.8099039237803938,2.035863195154542,-3.3848370198801865,-0.4620510993425958,4.917360401995727,-0.8870690745065953,-4.990956739046326,0.30068420740394647,2.4349469556938015,-2.010496603503383,1.2550948376481947,-0.7490404553136638,3.4160163921805093,-0.6940783673536776,1.3787553216476776,-0.8243469690938373,-2.519134140601694,-1.276320749875997,4.596209271712852,4.0672850677095385,-2.3741486196169865,0.029586527490098023,2.597627001142097,-2.0733514725096915,0.5039446261603993,-2.2993551359534585,-2.0559312229110334,1.9105389254128557,-1.7666375391163565,-3.0360828534234976,-3.1293115128370577
0.9655235153416696,-0.9374553190539242,-0.611606206253045,0.2629943631628528,1.126851166078996,-0.9745326805796349,-1.2688277135686,1.380479314477901,3.362023831208559,0.23246435537056076,-0.6951438798631447,-0.11665129208692213,1.3707754505934773,-0.11132684549200905,-0.7478341209117378,1.9189044978255434,0.11389015700174741,-2.1547083769308006,0.6638231712535608,2.8454683986166023,-0.6167353585286847,-0.45709938603432637,0.884296421103132,-1.1774028317000296,0.31859122325601924,-2.0722843390690864,0.9390831830616494,-0.41873462301448583,0.25797504726075327,1.8248649782297395,0.7226903858946687,-2.3161902671389862,-2.3741486196169865,1.7913572117353238,-0.2811154332690565,-1.2012636079766836,1.3736856557280352,0.057846850581684206,1.0679438401524954,1.0847936616232658,-0.5686479595357826,1.661205328142083,1.2757992301405678,1.769717473055435
-0.18985322787971115,0.11160378877239982,0.47176299196366855,-0.27541778521188964,-0.44069061632915857,0.06312842119113013,-0.03512769523291712,0.579792512016667,-0.031272971562497726,0.13889445601227787,0.17276872493547274,-0.3295340370849986,-0.008331460567666387,-1.0988105562296697,-0.3249464985287958,0.049603819117042286,0.16007043123126818,-0.4029181222853432,-0.11602354723406978,-0.012607900099723674,0.22992317852601818,-0.700820006095041,0.150621832408877,0.4527821910705498,0.05792398534868235,0.09720518553314221,-0.34438186162486184,-0.38681625685481935,0.10652928085090645,-0.34705961469009267,0.0029931333792288426,-0.25969819054107285,0.029586527490098023,-0.2811154332690565,0.23763010766765605,-0.20473470964356624,-0.19580227314631382,-0.23674995050579586,0.1514599073003957,0.09983013180577095,-0.39251205786435694,-0.48664245533382294,0.28471658234235175,-0.06401759108975204
-0.5540867985674125,0.6731818374220077,-0.4904313647804069,0.32440267268337053,0.05247028148216897,0.938496109494097,1.4953121794120863,-3.182274143188082,-3.7685598315952076,-0.4898018432930998,0.240052272115674,0.9441951910544678,-1.7097015265923845,3.163334663819856,1.673717068882927,-2.2334300125316706,-0.45812030841349183,3.7348889087332093,-0.4432725791854412,-3.265276627666859,-0.10058537704697083,2.425228039927331,-1.5356770082612436,0.29419656322804,-0.5584562923587092,2.1720189799584495,-0.04609080572358606,1.2795852941478543,-0.7007330936677473,-1.2330584050386355,-0.8540789022573612,3.281854270943234,2.597627001142097,-1.2012636079766836,-0.20473470964356624,1.9645668626692308,-1.1696624535606948,0.6098216283835376,-1.6318638747040326,-1.4338519807072065,1.6839544457962556,-0.5894509303394121,-2.314571801260965,-1.9486176112984002
0.7194514982080802,-0.6708649930403305,-0.37051645951227075,0.15428690971589462,0.635101756650358,-0.8605725945235033,-1.0424623909715178,1.5444265245168478,3.0040983283566995,0.1855441431066799,-0.44829500927900895,-0.1620320783799029,1.3635977914302742,-0.6467484643010909,-0.8132252627597257,1.649417099183322,0.0950600619296085,-2.256809117507861,0.5207759692546895,2.54554571907099,-0.2656189058288418,-0.7322002883490422,0.9386613512112841,-1.0268146717698792,0.3585535843603625,-1.7912618547172299,0.5532979083590909,-0.37335323393828296,0.3736118093644109,1.5558209228716275,0.6522215114253552,-2.1295730160895996,-2.0733514725096915,1.3736856557280352,-0.19580227314631382,-1.1696624535606948,1.217349223825783,-0.08761590956457455,1.0793436355974957,0.9542999424587,-0.6966757889245984,1.2393340435556746,1.3724392992202494,1.6856101193764836
0.11568190717345014,-0.07334071239993666,-0.5038849531541688,0.3311042372596188,0.5175696239423444,0.13650440187633273,0.28921831374676255,-1.215391029437862,-0.7398105462343919,-0.21941963965256583,-0.18707785626858411,0.38706006768516793,-0.45492544472773083,1.7436920405780307,0.5845963610780371,-0.5202231037310401,-0.23000324615260492,1.215201325898091,-0.025980538641974932,-0.6632631947903936,-0.4052739902538278,1.1791781095545264,-0.46730926092451724,-0.3068976121891992,-0.17865057201638124,0.3486077846262161,0.3745117255754154,0.5266916158883646,-0.26979172411353736,0.009883917686147672,-0.11463223431572489,0.860123710585817,0.5039446261603993,0.057846850581684206,-0.23674995050579586,0.6098216283835376,-0.08761590956457455,0.43620519801835045,-0.5629578940869656,-0.3772415839865756,0.7156837535004884,0.37664245447365313,-0.8205340861822263,-0.4479839342280144
0.44642978182363474,-0.4509094918492724,0.27580178726917376,-0.30857527604907,-0.062492595337269856,-0.8893428486999062,-1.1251859025582756,2.6517820916809463,3.3371660897322686,0.455607666469606,-0.15367704641136035,-0.5294063345900072,1.6519054114976364,-2.4444514032578337,-1.370519898515422,1.9727752771742164,0.35785458386727725,-3.2019891460242835,0.47413943754590776,2.831271855707687,0.25704743580211287,-1.9029401158543764,1.2576826481801584,-0.5444116949566383,0.5083633817171053,-1.8165149661927913,0.009878234866147702,-0.9395892836208801,0.5863377873165869,1.3184870131666535,0.6358533148377458,-2.7343085354042955,-2.2993551359534585,1.0679438401524954,0.1514599073003957,-1.6318638747040326,1.0793436355974957,-0.5629578940869656,1.5987371442451495,1.2382348030177694,-1.4011701958790836,0.5881154857641995,2.0817433703309978,1.9684680730394835
0.512985264120026,-0.5903674850761453,0.19064238995007846,-0.18767980042047297,0.19956474870675334,-0.765034001753802,-1.1480896991372613,2.2206320289339287,2.940604862945543,0.3762278157298793,-0.2854083090948558,-0.5922071680638441,1.3163184572455,-1.961256649031008,-1.1744136496672877,1.7745496751984875,0.33547080818492797,-2.670100254657366,0.421105296874251,2.535400973546793,-0.048588541429454464,-1.574884413064759,1.0744258165094562,-0.37405703720470374,0.399337047571894,-1.7126445926405833,0.21108545518562968,-0.9108653731162089,0.4486003180148618,1.108157479471801,0.6280482737480223,-2.4511656991853084,-2.0559312229110334,1.0847936616232658,0.09983013180577095,-1.4338519807072065,0.9542999424587,-0.3772415839865756,1.2382348030177694,1.1168277425194717,-1.1469958461653045,0.6567793276817206,1.6685776041652238,1.547871225632738
-0.19938879889157313,0.34137922005624427,-0.8764009827870894,0.5216376780432211,0.5905329717383012,0.6543181657312597,1.1275981266277086,-3.030580255634315,-2.8253599896569304,-0.49427022626150247,-0.04201569978090007,1.037667879314396,-1.3062022533209943,3.5808814744985975,1.6199932870721967,-1.68385630206644,-0.475244135883195,3.311644236431322,-0.1711397029809397,-2.4474082270332898,-0.36831465816218023,2.5881291817579353,-1.3649816944779574,-0.18389906418536556,-0.5030340067264913,1.5084190025581548,0.38567757917273104,1.3134086059185979,-0.6896697727554338,-0.5711007189291585,-0.6757285638040071,2.741006312495071,1.9105389254128557,-0.5686479595357826,-0.39251205786435694,1.6839544457962556,-0.6966757889245984,0.7156837535004884,-1.4011701958790836,-1.1469958461653045,1.7056942171016702,0.07663463604554993,-2.0871327039284417,-1.4349555387136208
0.9531268913732657,-0.8336752611265014,-1.0298698710644127,0.5272593513503282,1.3825732783860056,-0.8066112666473562,-0.8484235359488769,0.2602987233725094,2.508260314039833,0.010219160003491585,-0.7342915584135405,0.33044932963344265,0.9853461181246448,1.3772383674939686,-0.17106129095175368,1.3098151189329177,-0.12933162343730695,-1.0379598596881925,0.6080592013167206,2.074916506755539,-0.7749860789422353,0.590526341442269,0.4434715411509714,-1.4756056375709623,0.16899387751753506,-1.5972403198611003,1.1126544055737442,0.1730887945611136,0.0509991304109265,1.7813369507742567,0.541094620742151,-1.3690971664921017,-1.7666375391163565,1.661205328142083,-0.48664245533382294,-0.5894509303394121,1.2393340435556746,0.37664245447365313,0.5881154857641995,0.6567793276817206,0.07663463604554993,1.8472879749272384,0.5572186242285295,1.383749879158238
0.5379650818181745,-0.6163764463469965,0.6431053900432414,-0.4663387521647734,-0.3189105590258754,-1.1368769764748203,-1.616822588986355,3.8823990170740936,4.449315014505535,0.5981563577618548,-0.14470578083167218,-1.022016556958451,2.1474402069947414,-3.9442159384024014,-2.0343287367215157,2.5972371803098806,0.5246889485412639,-4.570351376184243,0.48887252633128564,3.819575191123022,0.3627595075460336,-2.9776870650376726,1.8630511762419086,-0.44548929288280203,0.713039224638897,-2.4501133171180918,-0.14779582366754926,-1.4541295509592673,0.9002659828432299,1.485236930846339,0.9687129271909979,-3.843188115249385,-3.0360828534234976,1.2757992301405678,0.28471658234235175,-2.314571801260965,1.3724392992202494,-0.8205340861822263,2.0817433703309978,1.6685776041652238,-2.0871327039284417,0.5572186242285295,2.905239042168282,2.4620907985079836
0.8346288770414116,-0.7564345369415763,-0.17214576287118308,-0.09286518320206572,0.4330514653119144,-1.2895909605594338,-1.4535686114085045,2.8960724779354536,4.5507779816095235,0.4472786257250864,-0.4223881471456324,-0.3411622631477172,2.2299095866984966,-1.9635031315790121,-1.5012861522230911,2.573291542150808,0.28650896480317467,-3.843314064365277,0.7542646770080746,3.8316933153694737,0.04311276650071946,-1.7218607333030358,1.5209589492500686,-1.293395373802932,0.6295675563642651,-2.546543791575666,0.4127505107668077,-0.8223961312833717,0.6716906723903304,2.1904495746236514,0.8763714806261298,-3.3887771769590413,-3.1293115128370577,1.769717473055435,-0.06401759108975204,-1.9486176112984002,1.6856101193764836,-0.4479839342280144,1.9684680730394835,1.547871225632738,-1.4349555387136208,1.383749879158238,2.4620907985079836,2.7431492444386083
