V1,V2,V3,V4,V5,V6,V7,V8,V9,V10,V11,V12,V13,V14,V15,V16,V17,V18,V19,V20,V21,V22,V23,V24,V25,V26,V27,V28,V29,V30,V31,V32,V33,V34,V35,V36,V37,V38,V39,V40,V41,V42,V43,V44
11.189557394930189,16.46929838420628,-7.300200973288946,-3.4708044950423997,-37.728910156487,-25.7657694135638,8.14847791238496,-26.682181661115294,-37.94280538216899,28.748667626990954,64.23353851406351,17.346307447260372,-28.40098023318143,-3.0241829944975573,-9.638912127633345,61.79306955571129,-26.604047841106457,13.866893441843654,-2.0867058556913807,42.97835124099387,-10.65869702573393,-14.815198771032694,-6.960241105617369,-14.874556319589976,36.62331788496587,78.00988141594917,59.33671811135085,8.2846481041347,5.50301987127484,-47.06848775748164,0.7391356772151879,6.34019789558973,-15.467640759806777,-74.683153172232835,42.767994755139846,-13.35344990281788,23.733168308048377,19.387734034357976,-70.4548064426079,-42.310786092297974,20.464113080657526,25.61759297574254,18.04152224932552,6.278912939626458
16.46929838420628,24.469217430898446,-10.889546018574952,-5.34929019405743,-54.82465134748342,-37.75609175155648,11.815826318805522,-39.44908734527254,-55.87693268686583,42.39767997026026,94.73435375378433,25.33623888811689,-41.77319242395085,-4.212337230803674,-14.090978797479893,90.3086661590582,-38.92755646397892,20.447647685622094,-3.6130189269053603,63.35202824958858,-15.678018406292635,-21.311859347359732,-10.025781052071714,-21.539477742930845,53.83502470300623,114.96349667005504,87.51093423454591,11.931132024963471,8.13417117853172,-68.94570862329074,0.8230359236481527,9.175075177222865,-22.476477129506577,-109.29711077354187,62.57938228739926,-19.05033260973648,35.042920283077414,28.799338089826218,-103.72269415011579,-62.335980426514,29.584128025753262,37.66048992595686,26.307582158161857,9.473521390076385
-7.300200973288946,-10.889546018574952,4.881008867178975,2.4387620107817156,24.0554698379818,16.653632245635297,-5.175911641208893,17.517793453624677,24.737427332591842,-18.790937184156473,-41.998217037837364,-11.165047227593544,18.479423041754483,1.7866641427832286,6.215207673495146,-39.793560270426305,17.154294769804622,-9.067499629747351,1.750232891797849,-28.079235106210525,6.946224017636678,9.279553393754153,4.364338869471787,9.43306095874821,-23.816987036881972,-50.91713188025795,-38.783562270477255,-5.201869996815267,-3.610284396111929,30.40817603097667,-0.26553271985690813,-4.009459849777604,9.866083015425321,48.19581913228029,-27.585705250947626,8.243641483940964,-15.542933119853089,-12.833468005215956,45.91925469015154,27.610576222062566,-12.931376506547398,-16.650627581812923,-11.568366662988756,-4.262510804344656
-3.4708044950423997,-5.34929019405743,2.4387620107817156,1.3579182275181543,10.844563495182157,7.76246208866203,-2.3085660351026087,8.45581343564445,11.764133396321641,-8.984784843925764,-20.08985859953557,-5.142068101289365,8.738646874436231,0.647674656126835,2.878701565246128,-18.36435598918385,7.956144000107578,-4.338947478676504,1.2608548836658495,-13.407174454522389,3.2985184638901384,3.9963560108229075,1.8863501636087086,4.190597357786369,-11.243928554588507,-24.275735746421145,-18.54737399604019,-2.2552803963557517,-1.740689102496134,14.157142686078368,0.09606973742036672,-1.7744012040030612,4.450114944000971,22.369871410256483,-12.788947141272738,3.4187544623554973,-7.4706220766612,-6.306685271778837,21.806180436254515,13.154853562360168,-5.698251214508549,-7.858428632502546,-5.29008191259327,-2.216102530626011
-37.728910156487,-54.82465134748342,24.0554698379818,10.844563495182157,129.94768933499267,87.64308371316385,-28.16108033524396,89.43856941881363,128.01584851991632,-96.76674013321343,-216.1498336058443,-59.23693698064509,96.02275446633078,11.116904953619965,32.856854044591635,-210.92489119023787,90.67848788897419,-46.65760796763238,5.1423729192548855,-144.72974855404863,35.970273503073244,51.8462453947095,24.334790966981995,51.48677987857577,-123.88500927711597,-262.9291012334121,-199.72857007765492,-28.928050601391188,-18.458222945910823,160.17418465148717,-3.5416229291820915,-21.99647772377424,53.25721285622629,254.40382263771184,-145.76137966324282,47.303727267427334,-79.72356035363528,-64.47245173775273,237.80705112708569,142.6341101879075,-71.05822083038287,-86.6972305440589,-61.8194137679007,-20.34845686979692
-25.7657694135638,-37.75609175155648,16.653632245635297,7.76246208866203,87.64308371316385,59.56766101729982,-18.957252076140946,61.31953376092283,87.4275692293642,-66.17908783238866,-147.84081969600422,-40.15132107165203,65.49762852548187,7.223004791044437,22.290722339041356,-143.02632699756327,61.546448472173694,-31.91061838214476,4.3109495166207585,-98.94373270375223,24.54936340833711,34.642873704315086,16.274537569709544,34.61953310392734,-84.46809665147234,-179.68054795361493,-136.5939596007151,-19.35255936450385,-12.651766168098574,108.82620393352121,-2.0004717071272946,-14.7744420070611,35.922825444981704,172.72332316228776,-98.93980487347308,31.378698538000663,-54.58692978602594,-44.41208428093199,162.36369418695207,97.45526448939933,-47.6974217704019,-59.10620156975914,-41.82553907952949,-14.240055873862367
8.14847791238496,11.815826318805522,-5.175911641208893,-2.3085660351026087,-28.16108033524396,-18.957252076140946,6.112115934947887,-19.298466030844587,-27.649335108710353,20.891700895000806,46.66383243589968,12.818889709429564,-20.748205103638202,-2.433811191615735,-7.105754420496638,45.64338045678138,-19.614649433303214,10.069980714819033,-1.0453320904395877,31.250261114561063,-7.768601985715998,-11.265032606142947,-5.28820637938153,-11.16722244012282,26.77148498024692,56.77850010358673,43.11542700386623,6.285123657452586,3.9834028815267297,-34.641403798902864,0.8017304919289162,4.773417431489667,-11.540951324009946,-55.02992085004659,31.53342548924038,-10.300448401464793,17.203873960307885,13.893093489833337,-51.368338655063454,-30.803994767904424,15.420720903727084,18.737478559269572,13.385498080047984,4.362274811405892
-26.682181661115294,-39.44908734527254,17.517793453624677,8.45581343564445,89.43856941881363,61.31953376092283,-19.298466030844587,63.769344495638926,90.5112190716131,-68.62635236839209,-153.3333782274923,-41.223284073563164,67.71575335329354,7.031816137466575,22.913236548861857,-146.8829737483364,63.27343514275225,-33.09594579687661,5.388616417668078,-102.56628439321138,25.406646058270937,34.96095290399293,16.436431796805106,35.205853199858524,-87.28812248577812,-186.15184546950107,-141.6474202992469,-19.553650879597,-13.148281594108889,112.00118401835894,-1.5616255279045286,-14.999921776206802,36.665408784850214,177.63273941171136,-101.71637225312128,31.388144398623385,-56.68513873888076,-46.43796986861814,168.04360662849632,100.94713875827617,-48.39627892421004,-61.05998683244979,-42.83689774904353,-15.149042364913727
-37.94280538216899,-55.87693268686583,24.737427332591842,11.764133396321641,128.01584851991632,87.4275692293642,-27.649335108710353,90.5112190716131,128.72774674487079,-97.53100106698616,-217.89882811087776,-58.845019587956,96.36222876916071,10.280461299024088,32.692660303622795,-209.644552882552,90.27181394912051,-47.033074145032614,7.079650463592212,-145.78659389226627,36.13955248759421,50.28964199591972,23.6342425888551,50.46889753462851,-124.23936800692029,-264.66505466115206,-201.31013576506598,-28.109596033384175,-18.66774369923883,159.7092847257319,-2.542305820900843,-21.518195585898244,52.475197980243436,253.37898132230887,-145.1119733348715,45.329971494154094,-80.5138409906667,-65.75483622290803,239.02144575548303,143.53337796508464,-69.44715903356456,-86.91989203011501,-61.215087704006805,-21.292587681054798
28.748667626990954,42.39767997026026,-18.790937184156473,-8.984784843925764,-96.76674013321343,-66.17908783238866,20.891700895000806,-68.62635236839209,-97.53100106698616,73.91555119681604,165.1412946022054,44.525528084605405,-72.99509863715052,-7.712640902067855,-24.74096819901615,158.63354705043892,-68.31796249626932,35.64487534517044,-5.524898723283595,110.47897397162532,-27.37819113688764,-37.946141938304734,-17.83604774621354,-38.12822300664927,94.10450297172805,200.54867805827314,152.56605356028408,21.21319761982325,14.152775852871118,-120.89016241472684,1.8373384190409363,16.25117690992722,-39.667188007536915,-191.76950540026974,109.82212308264889,-34.1534328087118,61.0315188809157,49.89910267944027,-181.08878250522432,-108.75770409118341,52.44683656840982,65.83347651029672,46.2995820234791,16.202606698575252
64.23353851406351,94.73435375378433,-41.998217037837364,-20.08985859953557,-216.1498336058443,-147.84081969600422,46.66383243589968,-153.3333782274923,-217.89882811087776,165.1412946022054,368.9670274151649,99.46545954286243,-163.07885204980767,-17.214218271400068,-55.27395802518973,354.3755604533554,-152.61481315105652,79.64150976280824,-12.372529879561322,246.83695115852433,-61.171837192387194,-84.74293350762375,-39.83113280726226,-85.16397424786108,210.24307601709444,448.06107080966075,340.8653863458289,47.377883199700285,31.621135222348848,-270.06290896236777,4.0813949632218485,36.29776137338077,-88.60764938822457,-428.40542569837237,245.33466726721076,-76.26265204201188,136.3597172048921,111.50042869930355,-404.5823160568544,-242.9869402465569,117.13957864871743,147.0772360005737,103.42473536818076,36.21263365798721
17.346307447260372,25.33623888811689,-11.165047227593544,-5.142068101289365,-59.23693698064509,-40.15132107165203,12.818889709429564,-41.223284073563164,-58.845019587956,44.525528084605405,99.46545954286243,27.106259754484196,-44.10467677670958,-4.9368804511575775,-15.038728535332114,96.50848535549822,-41.51481932657489,21.47062156493702,-2.715657642632951,66.57825606935246,-16.530571656330192,-23.490808649499673,-11.028066209583542,-23.424770745907505,56.886645905505674,120.90945741522154,91.90152224800963,13.111961505038439,8.503550538446751,-73.37424161005862,1.4297891623545995,9.996013786789387,-24.277621574869034,-116.4943432001205,66.73143170037282,-21.325507107764658,36.71338803908576,29.81439299349295,-109.29762073570586,-65.58166986809564,32.28770542700505,39.79837263877075,28.237625073812712,9.508533663648807
-28.40098023318143,-41.77319242395085,18.479423041754483,8.738646874436231,96.02275446633078,65.49762852548187,-20.748205103638202,67.71575335329354,96.36222876916071,-72.99509863715052,-163.07885204980767,-44.10467677670958,72.15868314443246,7.765093893920681,24.49749474847995,-157.12031956818169,67.64011406989208,-35.19626689122284,5.163305461752189,-109.11476369950653,27.04915219680424,37.78354515753595,17.758146386794238,37.876643009252895,-93.03357406937712,-198.10612808784515,-150.66820259036888,-21.110298119165808,-13.966121105954565,119.6568537765522,-1.9760582022882984,-16.150130210000405,39.36042878931723,189.85291159098207,-108.73730023532646,34.09474013926048,-60.24397515642916,-49.15623201845193,178.94100766058946,107.43682668919953,-52.133852515106874,-65.08963732507391,-45.892914436051576,-15.874903914460958
-3.0241829944975573,-4.212337230803674,1.7866641427832286,0.647674656126835,11.116904953619965,7.223004791044437,-2.433811191615735,7.031816137466575,10.280461299024088,-7.712640902067855,-17.214218271400068,-4.9368804511575775,7.765093893920681,1.1327364625405894,2.7249992937670453,-17.566395216311115,7.513698348553807,-3.7139595858337575,-0.07173792622861008,-11.551899202360731,2.8879200032231074,4.640632351308125,2.1743609942659834,4.47027113204871,-10.036779532018079,-21.047134549410465,-15.920635136488505,-2.5741759820240415,-1.4563377882462083,13.214606279324212,-0.5527298923424483,-1.920694458319077,4.553271440200521,21.0522737587328,-12.083335510662437,4.37436801303189,-6.310484397690445,-4.934080285261471,19.125035066961086,11.424971506567914,-6.225260021868435,-7.035536153549866,-5.208524399399681,-1.4187369450723573
-9.638912127633345,-14.090978797479893,6.215207673495146,2.878701565246128,32.856854044591635,22.290722339041356,-7.105754420496638,22.913236548861857,32.692660303622795,-24.74096819901615,-55.27395802518973,-15.038728535332114,24.49749474847995,2.7249992937670453,8.35537344741409,-53.563262540157204,23.04561867110191,-11.932354800466188,1.5443818295035032,-36.99697292904426,9.1865376065522,13.006664695306467,6.10739849900129,12.988624376417583,-31.59570577819128,-67.18007529413093,-51.07091726083909,-7.262038031409589,-4.725563244582433,40.736184278026144,-0.7719145610812236,-5.541272330981099,13.469446920523156,64.67047943382956,-37.042044480128254,11.797938581558997,-20.40709055530157,-16.58195017523744,60.716579734039165,36.44083304766037,-17.894253924061232,-22.105403888341705,-15.669604225075686,-5.303007837255136
61.79306955571129,90.3086661590582,-39.793560270426305,-18.36435598918385,-210.92489119023787,-143.02632699756327,45.64338045678138,-146.8829737483364,-209.644552882552,158.63354705043892,354.3755604533554,96.50848535549822,-157.12031956818169,-17.566395216311115,-53.563262540157204,343.6969669547547,-147.85138382269102,76.49322334115935,-9.771881110009073,237.20136085949278,-58.88537857253779,-83.60019679350664,-39.257953374604064,-83.39593450099349,202.65237344461318,430.77861502167116,327.4258631143078,46.67657129068934,30.303452649733394,-261.3473948854194,5.065579504877597,35.59269533484567,-86.4516188268473,-414.9016034683659,237.67358948197707,-75.87613290763781,130.80532824013082,106.2450639566027,-389.37721411985234,-233.65872388218142,114.94540513127085,141.79452744897097,100.56387800972406,33.911277098000305
-26.604047841106457,-38.92755646397892,17.154294769804622,7.956144000107578,90.67848788897419,61.546448472173694,-19.614649433303214,63.27343514275225,90.27181394912051,-68.31796249626932,-152.61481315105652,-41.51481932657489,67.64011406989208,7.513698348553807,23.04561867110191,-147.85138382269102,63.623247827114355,-32.942377425934396,4.309529945814725,-102.14444305712748,25.352267076489092,35.89867570913017,16.85972190597806,35.835856720975976,-87.23140371248246,-185.50507096799205,-141.01545980503,-20.04283019717997,-13.052890358879472,112.46411584120732,-2.133414873318086,-15.294673394508846,37.16474058171198,178.52124307035993,-102.26052701787587,32.5535778889349,-56.34734830533009,-45.794722332215706,167.64890885023394,100.61398868019042,-49.38438598459719,-61.03649796828478,-43.25130458340797,-14.650054566832564
13.866893441843654,20.447647685622094,-9.067499629747351,-4.338947478676504,-46.65760796763238,-31.91061838214476,10.069980714819033,-33.09594579687661,-47.033074145032614,35.64487534517044,79.64150976280824,21.47062156493702,-35.19626689122284,-3.7139595858337575,-11.932354800466188,76.49322334115935,-32.942377425934396,17.19419743277736,-2.667589353598753,53.28099850047228,-13.207966243371427,-18.29061150940605,-8.594174750782306,-18.38280668177927,45.38022059318533,96.71180477516656,73.57426156075901,10.228816104901657,6.825810582395189,-58.29212407423919,0.8795351111345538,7.835351412007933,-19.127167769335887,-92.47410927105571,52.95510218926906,-16.46025598717277,29.433426160540588,24.06707197861884,-87.32728381539984,-52.44956262745135,25.284862819558786,31.744418369986434,22.324928824598903,7.817746262957931
-2.0867058556913807,-3.6130189269053603,1.750232891797849,1.2608548836658495,5.1423729192548855,4.3109495166207585,-1.0453320904395877,5.388616417668078,7.079650463592212,-5.524898723283595,-12.372529879561322,-2.715657642632951,5.163305461752189,-0.07173792622861008,1.5443818295035032,-9.771881110009073,4.309529945814725,-2.667589353598753,1.763258358684028,-8.195477175874052,1.9606691082951937,1.4480704685506152,0.7059652282938552,1.840720352921144,-6.5970456941414195,-14.756494807063996,-11.405111307438682,-0.8496940690462742,-1.1053605530907564,7.8156210501645065,0.5824584974562096,-0.7560319460709831,2.1147245335316027,12.185243475910296,-6.9379138030236875,0.8945089992727405,-4.671086690593413,-4.273723004177643,13.07185660874145,7.971095763588606,-2.387573661771445,-4.601881523948347,-2.6899471556701706,-1.7616746353318609
42.97835124099387,63.35202824958858,-28.079235106210525,-13.407174454522389,-144.72974855404863,-98.94373270375223,31.250261114561063,-102.56628439321138,-145.78659389226627,110.47897397162532,246.83695115852433,66.57825606935246,-109.11476369950653,-11.551899202360731,-36.99697292904426,237.20136085949278,-102.14444305712748,53.28099850047228,-8.195477175874052,165.14227316114554,-40.934657282654136,-56.772962776965414,-26.68175590812716,-57.035023947062285,140.6787141443216,299.7653916535533,228.03227950221685,31.743192619385592,21.151613718604846,-180.7411988977396,2.7714912820963598,24.311953106056784,-59.33114422495239,-286.73003299726025,164.20212576066572,-51.11890032944414,91.21653992448279,74.56390780375254,-270.69277269088064,-162.5712726927752,78.45715614429456,98.41362141615978,69.23787792406472,24.193735097885053
-10.65869702573393,-15.678018406292635,6.946224017636678,3.2985184638901384,35.970273503073244,24.54936340833711,-7.768601985715998,25.406646058270937,36.13955248759421,-27.37819113688764,-61.171837192387194,-16.530571656330192,27.04915219680424,2.8879200032231074,9.1865376065522,-58.88537857253779,25.352267076489092,-13.207966243371427,1.9606691082951937,-40.934657282654136,10.158273176320899,14.132473353502172,6.636783492555414,14.183446603089292,-34.88277496508649,-74.2969908061088,-56.50665507514804,-7.9052696325763545,-5.239188922540335,44.846819135296705,-0.7172663539902636,-6.0483825686741515,14.746622159022799,71.16471433390736,-40.75164333640663,12.7478807066421,-22.60156488947993,-18.455842508205016,67.10444386201375,40.300270639006385,-19.515605107821262,-24.400248921036106,-17.196618305693868,-5.971858269764748
-14.815198771032694,-21.311859347359732,9.279553393754153,3.9963560108229075,51.8462453947095,34.642873704315086,-11.265032606142947,34.96095290399293,50.28964199591972,-37.946141938304734,-84.74293350762375,-23.490808649499673,37.78354515753595,4.640632351308125,13.006664695306467,-83.60019679350664,35.89867570913017,-18.29061150940605,1.4480704685506152,-56.772962776965414,14.132473353502172,20.930557492613705,9.816116680454632,20.61859078639935,-48.76652330428997,-103.20589828714645,-78.32093104409601,-11.657550507078408,-7.218712651843809,63.334364136898024,-1.7027629991715776,-8.82174190955103,21.241979932590514,100.67348960205987,-57.703281551365336,19.260799635764673,-31.212984754705516,-25.047011171219882,93.45290422836418,55.99442452711926,-28.521351497473873,-34.136544282419024,-24.56921900051765,-7.7408887852668515
-6.960241105617369,-10.025781052071714,4.364338869471787,1.8863501636087086,24.334790966981995,16.274537569709544,-5.28820637938153,16.436431796805106,23.6342425888551,-17.83604774621354,-39.83113280726226,-11.028066209583542,17.758146386794238,2.1743609942659834,6.10739849900129,-39.257953374604064,16.85972190597806,-8.594174750782306,0.7059652282938552,-26.68175590812716,6.636783492555414,9.816116680454632,4.607387284386376,9.67459508621784,-22.915271728529632,-48.508708998507494,-36.81441386834174,-5.4663342636061945,-3.394100181542563,29.750801584925206,-0.7919413360872384,-4.139111346661352,9.970501478820273,47.28158156395807,-27.102229566666484,9.0269320244826,-14.671951715121613,-11.77969087753364,43.918693923909316,26.31617409581649,-13.381575885083372,-16.043548121328186,-11.536100842029848,-3.646178513946034
-14.874556319589976,-21.539477742930845,9.43306095874821,4.190597357786369,51.48677987857577,34.61953310392734,-11.16722244012282,35.205853199858524,50.46889753462851,-38.12822300664927,-85.16397424786108,-23.424770745907505,37.876643009252895,4.47027113204871,12.988624376417583,-83.39593450099349,35.835856720975976,-18.38280668177927,1.840720352921144,-57.035023947062285,14.183446603089292,20.61859078639935,9.67459508621784,20.426857701168622,-48.87491464905235,-103.62916059202281,-78.6970112327386,-11.497325730123423,-7.2660388363795905,63.27765266855448,-1.4914824645594424,-8.728494683736745,21.100749238671273,100.53280259072238,-57.60664377511803,18.86463531893098,-31.39694706098775,-25.32944855811249,93.76434186007216,56.2211765554508,-28.208119067808735,-34.204879860342025,-24.46252114423019,-7.9415229359868285
36.62331788496587,53.83502470300623,-23.816987036881972,-11.243928554588507,-123.88500927711597,-84.46809665147234,26.77148498024692,-87.28812248577812,-124.23936800692029,94.10450297172805,210.24307601709444,56.886645905505674,-93.03357406937712,-10.036779532018079,-31.59570577819128,202.65237344461318,-87.23140371248246,45.38022059318533,-6.5970456941414195,140.6787141443216,-34.88277496508649,-48.76652330428997,-22.915271728529632,-48.87491464905235,119.96364620005811,255.4065427312622,194.23470747203132,27.253609128990092,18.005946230618846,-154.3097609104188,2.573158786914792,20.841040700608144,-50.78298296292874,-244.85312414202986,140.23831871069288,-44.02440635689741,77.65962878876556,63.350195142119254,-230.71296287371675,-138.519452480665,67.27876825822204,83.92797860879554,59.199464693976935,20.4424487455821
78.00988141594917,114.96349667005504,-50.91713188025795,-24.275735746421145,-262.9291012334121,-179.68054795361493,56.77850010358673,-186.15184546950107,-264.66505466115206,200.54867805827314,448.06107080966075,120.90945741522154,-198.10612808784515,-21.047134549410465,-67.18007529413093,430.77861502167116,-185.50507096799205,96.71180477516656,-14.756494807063996,299.7653916535533,-74.2969908061088,-103.20589828714645,-48.508708998507494,-103.62916059202281,255.4065427312622,544.1877547174824,413.94745452832143,57.693147462975794,38.39292045831297,-328.22719307809183,5.1241529642844,44.180442901009116,-107.77999255849994,-520.6990407757,298.20324954338366,-92.9659003769488,165.57130994561834,135.28636632154323,-491.42345925617667,-295.1188679664101,142.57835959068478,178.68594405632547,125.76270832357467,43.861052604425026
59.33671811135085,87.51093423454591,-38.783562270477255,-18.54737399604019,-199.72857007765492,-136.5939596007151,43.11542700386623,-141.6474202992469,-201.31013576506598,152.56605356028408,340.8653863458289,91.90152224800963,-150.66820259036888,-15.920635136488505,-51.07091726083909,327.4258631143078,-141.01545980503,73.57426156075901,-11.405111307438682,228.03227950221685,-56.50665507514804,-78.32093104409601,-36.81441386834174,-78.6970112327386,194.23470747203132,413.94745452832143,314.9190238566799,43.77772954627835,29.211010081176596,-249.5280724755995,3.792182139389544,33.54139494279803,-81.87316684431961,-395.8240690910338,226.67967210720354,-70.48773550942056,125.97758660311257,102.99323058707003,-373.77742975126,-224.47950881360433,108.24870303002598,135.8818062086669,95.56336291103065,33.44618840011286
8.2846481041347,11.931132024963471,-5.201869996815267,-2.2552803963557517,-28.928050601391188,-19.35255936450385,6.285123657452586,-19.553650879597,-28.109596033384175,21.21319761982325,47.377883199700285,13.111961505038439,-21.110298119165808,-2.5741759820240415,-7.262038031409589,46.67657129068934,-20.04283019717997,10.228816104901657,-0.8496940690462742,31.743192619385592,-7.9052696325763545,-11.657550507078408,-5.4663342636061945,-11.497325730123423,27.253609128990092,57.693147462975794,43.77772954627835,6.504270085412697,4.039291122506936,-35.369187116701916,0.9307819583385554,4.92160703577489,-11.854605049124286,-56.22004360371267,32.22136566865847,-10.720572294614227,17.45005292200324,14.019572473046413,-52.234048057587,-31.306844966545885,15.902597989357735,19.07807072807079,13.716004514779458,4.343650799830143
5.50301987127484,8.13417117853172,-3.610284396111929,-1.740689102496134,-18.458222945910823,-12.651766168098574,3.9834028815267297,-13.148281594108889,-18.66774369923883,14.152775852871118,31.621135222348848,8.503550538446751,-13.966121105954565,-1.4563377882462083,-4.725563244582433,30.303452649733394,-13.052890358879472,6.825810582395189,-1.1053605530907564,21.151613718604846,-5.239188922540335,-7.218712651843809,-3.394100181542563,-7.2660388363795905,18.005946230618846,38.39292045831297,29.211010081176596,4.039291122506936,2.713144316277524,-23.105935255909152,0.32821794060980325,3.096624718958945,-7.566924682641606,-36.64577967058264,20.98570621195576,-6.48352625122404,11.688408187893595,9.571743059504557,-34.65920144982786,-20.820119131193678,9.991779588387606,12.59654101021691,8.83990136040774,3.1207020212728174
-47.06848775748164,-68.94570862329074,30.40817603097667,14.157142686078368,160.17418465148717,108.82620393352121,-34.641403798902864,112.00118401835894,159.7092847257319,-120.89016241472684,-270.06290896236777,-73.37424161005862,119.6568537765522,13.214606279324212,40.736184278026144,-261.3473948854194,112.46411584120732,-58.29212407423919,7.8156210501645065,-180.7411988977396,44.846819135296705,63.334364136898024,29.750801584925206,63.27765266855448,-154.3097609104188,-328.22719307809183,-249.5280724755995,-35.369187116701916,-23.105935255909152,198.84143235604682,-3.6762259595192672,-27.00180399246935,65.65080833317047,315.60221558951434,-180.78186617233496,57.37613217213108,-99.71617962504007,-81.10783143335804,296.60330824749485,178.02091281503755,-87.18183969957516,-107.97212190729535,-76.42977575994958,-25.993892826148784
0.7391356772151879,0.8230359236481527,-0.26553271985690813,0.09606973742036672,-3.5416229291820915,-2.0004717071272946,0.8017304919289162,-1.5616255279045286,-2.542305820900843,1.8373384190409363,4.0813949632218485,1.4297891623545995,-1.9760582022882984,-0.5527298923424483,-0.7719145610812236,5.065579504877597,-2.133414873318086,0.8795351111345538,0.5824584974562096,2.7714912820963598,-0.7172663539902636,-1.7027629991715776,-0.7919413360872384,-1.4914824645594424,2.573158786914792,5.1241529642844,3.792182139389544,0.9307819583385554,0.32821794060980325,-3.6762259595192672,0.45522829314783364,0.6577956234948275,-1.4450234140159597,-5.927806413896456,3.4241734845905296,-1.7562052679225122,1.4552152914986833,0.9368741560029611,-4.754646287562466,-2.7899834795427583,2.141106573107527,1.8189048001496002,1.5722680229201957,0.10184452555515468
6.34019789558973,9.175075177222865,-4.009459849777604,-1.7744012040030612,-21.99647772377424,-14.7744420070611,4.773417431489667,-14.999921776206802,-21.518195585898244,16.25117690992722,36.29776137338077,9.996013786789387,-16.150130210000405,-1.920694458319077,-5.541272330981099,35.59269533484567,-15.294673394508846,7.835351412007933,-0.7560319460709831,24.311953106056784,-6.0483825686741515,-8.82174190955103,-4.139111346661352,-8.728494683736745,20.841040700608144,44.180442901009116,33.54139494279803,4.92160703577489,3.096624718958945,-27.00180399246935,0.6577956234948275,3.734556574949415,-9.01402221821231,-42.900909897440854,24.58452172859576,-8.082508996606602,13.379416312065727,10.782633340810037,-39.977710347726614,-23.97029736727164,12.060927564995266,14.588822991947765,10.446546046442185,3.3716409918653736
-15.467640759806777,-22.476477129506577,9.866083015425321,4.450114944000971,53.25721285622629,35.922825444981704,-11.540951324009946,36.665408784850214,52.475197980243436,-39.667188007536915,-88.60764938822457,-24.277621574869034,39.36042878931723,4.553271440200521,13.469446920523156,-86.4516188268473,37.16474058171198,-19.127167769335887,2.1147245335316027,-59.33114422495239,14.746622159022799,21.241979932590514,9.970501478820273,21.100749238671273,-50.78298296292874,-107.77999255849994,-81.87316684431961,-11.854605049124286,-7.566924682641606,65.65080833317047,-1.4450234140159597,-9.01402221821231,21.829076191903575,104.2740520080285,-59.742894241482006,19.379033225886737,-32.680832855179396,-26.432735098049395,97.48068040929101,58.4709101610226,-29.11909859537548,-35.53873267513093,-25.337492927397374,-8.344675551360373
-74.683153172232835,-109.29711077354187,48.19581913228029,22.369871410256483,254.40382263771184,172.72332316228776,-55.02992085004659,177.63273941171136,253.37898132230887,-191.76950540026974,-428.40542569837237,-116.4943432001205,189.85291159098207,21.0522737587328,64.67047943382956,-414.9016034683659,178.52124307035993,-92.47410927105571,12.185243475910296,-286.73003299726025,71.16471433390736,100.67348960205987,47.28158156395807,100.53280259072238,-244.85312414202986,-520.6990407757,-395.8240690910338,-56.22004360371267,-36.64577967058264,315.60221558951434,-5.927806413896456,-42.900909897440854,104.2740520080285,500.97441784824247,-286.9659198016212,91.26403686763342,-158.16485212479628,-128.5868393183222,470.5765767728946,282.42348598508835,-138.52718117393138,-171.31985321127354,-121.35728615946074,-41.152446917760905
42.767994755139846,62.57938228739926,-27.585705250947626,-12.788947141272738,-145.76137966324282,-98.93980487347308,31.53342548924038,-101.71637225312128,-145.1119733348715,109.82212308264889,245.33466726721076,66.73143170037282,-108.73730023532646,-12.083335510662437,-37.042044480128254,237.67358948197707,-102.26052701787587,52.95510218926906,-6.9379138030236875,164.20212576066572,-40.75164333640663,-57.703281551365336,-27.102229566666484,-57.60664377511803,140.23831871069288,298.20324954338366,226.67967210720354,32.22136566865847,20.98570621195576,-180.78186617233496,3.4241734845905296,24.58452172859576,-59.742894241482006,-286.9659198016212,164.38393799251256,-52.32264643782405,90.57142173554413,73.61722719883895,-269.50574215757945,-161.74178993368227,79.38579081671826,98.12642487350713,69.52483585730356,23.546392079180265
-13.35344990281788,-19.05033260973648,8.243641483940964,3.4187544623554973,47.303727267427334,31.378698538000663,-10.300448401464793,31.388144398623385,45.329971494154094,-34.1534328087118,-76.26265204201188,-21.325507107764658,34.09474013926048,4.37436801303189,11.797938581558997,-75.87613290763781,32.5535778889349,-16.46025598717277,0.8945089992727405,-51.11890032944414,12.7478807066421,19.260799635764673,9.0269320244826,18.86463531893098,-44.02440635689741,-92.9659003769488,-70.48773550942056,-10.720572294614227,-6.48352625122404,57.37613217213108,-1.7562052679225122,-8.082508996606602,19.379033225886737,91.26403686763342,-52.32264643782405,17.84581276763564,-28.059689175556475,-22.377904583895734,84.25452880233028,50.45046341230576,-26.139149071110893,-30.82473777478994,-22.350166875568938,-6.799783971817281
23.733168308048377,35.042920283077414,-15.542933119853089,-7.4706220766612,-79.72356035363528,-54.58692978602594,17.203873960307885,-56.68513873888076,-80.5138409906667,61.0315188809157,136.3597172048921,36.71338803908576,-60.24397515642916,-6.310484397690445,-20.40709055530157,130.80532824013082,-56.34734830533009,29.433426160540588,-4.671086690593413,91.21653992448279,-22.60156488947993,-31.212984754705516,-14.671951715121613,-31.39694706098775,77.65962878876556,165.57130994561834,125.97758660311257,17.45005292200324,11.688408187893595,-99.71617962504007,1.4552152914986833,13.379416312065727,-32.680832855179396,-158.16485212479628,90.57142173554413,-28.059689175556475,50.40789448320732,41.24779337147738,-149.48118708170645,-89.78671006138434,43.173024554904195,54.32624031351288,38.16392650557037,13.428586175057838
19.387734034357976,28.799338089826218,-12.833468005215956,-6.306685271778837,-64.47245173775273,-44.41208428093199,13.893093489833337,-46.43796986861814,-65.75483622290803,49.89910267944027,111.50042869930355,29.81439299349295,-49.15623201845193,-4.934080285261471,-16.58195017523744,106.2450639566027,-45.794722332215706,24.06707197861884,-4.273723004177643,74.56390780375254,-18.455842508205016,-25.047011171219882,-11.77969087753364,-25.32944855811249,63.350195142119254,135.28636632154323,102.99323058707003,14.019572473046413,9.571743059504557,-81.10783143335804,0.9368741560029611,10.782633340810037,-26.432735098049395,-128.5868393183222,73.61722719883895,-22.377904583895734,41.24779337147738,33.915050594517105,-122.06116477093022,-73.35736496611038,34.77682438566616,44.306802166598295,30.940110762264073,11.164207563318422
-70.4548064426079,-103.72269415011579,45.91925469015154,21.806180436254515,237.80705112708569,162.36369418695207,-51.368338655063454,168.04360662849632,239.02144575548303,-181.08878250522432,-404.5823160568544,-109.29762073570586,178.94100766058946,19.125035066961086,60.716579734039165,-389.37721411985234,167.64890885023394,-87.32728381539984,13.07185660874145,-270.69277269088064,67.10444386201375,93.45290422836418,43.918693923909316,93.76434186007216,-230.71296287371675,-491.42345925617667,-373.77742975126,-52.234048057587,-34.65920144982786,296.60330824749485,-4.754646287562466,-39.977710347726614,97.48068040929101,470.5765767728946,-269.50574215757945,84.25452880233028,-149.48118708170645,-122.06116477093022,443.83174651270946,266.51119048577647,-129.03110587188445,-161.40755889126632,-113.70219691083595,-39.49840988056827
-42.310786092297974,-62.335980426514,27.610576222062566,13.154853562360168,142.6341101879075,97.45526448939933,-30.803994767904424,100.94713875827617,143.53337796508464,-108.75770409118341,-242.9869402465569,-65.58166986809564,107.43682668919953,11.424971506567914,36.44083304766037,-233.65872388218142,100.61398868019042,-52.44956262745135,7.971095763588606,-162.5712726927752,40.300270639006385,55.99442452711926,26.31617409581649,56.2211765554508,-138.519452480665,-295.1188679664101,-224.47950881360433,-31.306844966545885,-20.820119131193678,178.02091281503755,-2.7899834795427583,-23.97029736727164,58.4709101610226,282.42348598508835,-161.74178993368227,50.45046341230576,-89.78671006138434,-73.35736496611038,266.51119048577647,160.052813595764,-77.35338400137776,-96.90918912899161,-68.21905936622845,-23.774858015247137
20.464113080657526,29.584128025753262,-12.931376506547398,-5.698251214508549,-71.05822083038287,-47.6974217704019,15.420720903727084,-48.39627892421004,-69.44715903356456,52.44683656840982,117.13957864871743,32.28770542700505,-52.133852515106874,-6.225260021868435,-17.894253924061232,114.94540513127085,-49.38438598459719,25.284862819558786,-2.387573661771445,78.45715614429456,-19.515605107821262,-28.521351497473873,-13.381575885083372,-28.208119067808735,67.27876825822204,142.57835959068478,108.24870303002598,15.902597989357735,9.991779588387606,-87.18183969957516,2.141106573107527,12.060927564995266,-29.11909859537548,-138.52718117393138,79.38579081671826,-26.139149071110893,43.173024554904195,34.77682438566616,-129.03110587188445,-77.35338400137776,38.97762912828057,47.090434751519254,33.73754210755584,10.86005224476409
25.61759297574254,37.66048992595686,-16.650627581812923,-7.858428632502546,-86.6972305440589,-59.10620156975914,18.737478559269572,-61.05998683244979,-86.91989203011501,65.83347651029672,147.0772360005737,39.79837263877075,-65.08963732507391,-7.035536153549866,-22.105403888341705,141.79452744897097,-61.03649796828478,31.744418369986434,-4.601881523948347,98.41362141615978,-24.400248921036106,-34.136544282419024,-16.043548121328186,-34.204879860342025,83.92797860879554,178.68594405632547,135.8818062086669,19.07807072807079,12.59654101021691,-107.97212190729535,1.8189048001496002,14.588822991947765,-35.53873267513093,-171.31985321127354,98.12642487350713,-30.82473777478994,54.32624031351288,44.306802166598295,-161.40755889126632,-96.90918912899161,47.090434751519254,58.72433045798747,41.42718334762953,14.292889785717026
18.04152224932552,26.307582158161857,-11.568366662988756,-5.29008191259327,-61.8194137679007,-41.82553907952949,13.385498080047984,-42.83689774904353,-61.215087704006805,46.2995820234791,103.42473536818076,28.237625073812712,-45.892914436051576,-5.208524399399681,-15.669604225075686,100.56387800972406,-43.25130458340797,22.324928824598903,-2.6899471556701706,69.23787792406472,-17.196618305693868,-24.56921900051765,-11.536100842029848,-24.46252114423019,59.199464693976935,125.76270832357467,95.56336291103065,13.716004514779458,8.83990136040774,-76.42977575994958,1.5722680229201957,10.446546046442185,-25.337492927397374,-121.35728615946074,69.52483585730356,-22.350166875568938,38.16392650557037,30.940110762264073,-113.70219691083595,-68.21905936622845,33.73754210755584,41.42718334762953,29.447854855842078,9.830654639949376
6.278912939626458,9.473521390076385,-4.262510804344656,-2.216102530626011,-20.34845686979692,-14.240055873862367,4.362274811405892,-15.149042364913727,-21.292587681054798,16.202606698575252,36.21263365798721,9.508533663648807,-15.874903914460958,-1.4187369450723573,-5.303007837255136,33.911277098000305,-14.650054566832564,7.817746262957931,-1.7616746353318609,24.193735097885053,-5.971858269764748,-7.7408887852668515,-3.646178513946034,-7.9415229359868285,20.4424487455821,43.861052604425026,33.44618840011286,4.343650799830143,3.1207020212728174,-25.993892826148784,0.10184452555515468,3.3716409918653736,-8.344675551360373,-41.152446917760905,23.546392079180265,-6.799783971817281,13.428586175057838,11.164207563318422,-39.49840988056827,-23.774858015247137,10.86005224476409,14.292889785717026,9.830654639949376,3.7848768444755825
