V1,V2,V3,V4,V5,V6,V7,V8,V9,V10,V11,V12,V13,V14,V15,V16,V17,V18,V19,V20,V21,V22,V23,V24,V25,V26,V27,V28,V29,V30,V31,V32,V33,V34,V35,V36,V37,V38,V39,V40,V41,V42,V43,V44
0.1900991718884046,0.27727610696364363,-0.13412496195457457,-0.06261760477185933,-0.6125085107238687,-0.41725376850645013,0.13105286288274715,-0.4510122289546494,-0.6207987517714952,0.47496492015328573,1.0839565838774845,0.2822095477467007,-0.47332029029946077,-0.035109669649350576,-0.158310872584082,0.9970808837498245,-0.4286962414146752,0.23304372515286667,-0.05757329384846789,0.7127929032223097,-0.18501909432525038,-0.22071000183245004,-0.11153594627551416,-0.23217745420571703,0.6034913782076117,1.30257891007102,0.9981925048253326,0.1293218645339467,0.09461960595167998,-0.7713171724244232,0.00400129927183158,0.10238277953872656,-0.2394244408956818,-1.2210357142440056,0.6953496491474387,-0.18624428901983547,0.40372298112761373,0.33406672883794747,-1.1754389244782828,-0.7087377705063345,0.31011974071290244,0.42525341027623803,0.3047272740728991,0.12061117628855952
0.27727610696364363,0.6970584680633758,-0.3647666289509816,-0.41062656329161873,0.04556899109172153,-0.40140518231069156,-0.049381685124213065,-0.8737430671772013,-0.9797706607058569,0.8218001767418817,1.7884075689048848,0.1737612910982825,-0.6377114211913699,0.2313176136213455,-0.11501245832308878,0.6838805198582678,-0.3540058808406602,0.3914823148349391,-0.7336849260368435,1.191865340547857,-0.23533992120694291,0.2798801229505396,0.14050466493917763,0.09827844327010075,0.8118293935124103,2.053784721699283,1.6470870534459505,-0.14521308865432586,0.17615446596410747,-0.6825565873990718,-0.36134061844021,-0.0701742250083308,-0.02519441482609671,-0.9841381242224055,0.5461294722690561,0.442246033783901,0.703756668132299,0.8166665447122898,-1.720524120097001,-1.0907758655642161,-0.18676395236799528,0.5436006502670612,0.07352033738344313,0.4398182931177204
-0.13412496195457457,-0.3647666289509816,0.25405515590649935,0.2554826453514583,-0.2415225869574242,0.08493735559124467,0.07363555463568626,0.4524378051507208,0.3836492604136898,-0.3527043690834431,-0.8857491980870709,-0.0023491292325567097,0.2656476070558473,-0.2294148631675648,0.02008063286048587,-0.011407710911832587,0.031038926999810954,-0.18622952923585476,0.5359013054825639,-0.5197936721596524,0.14159782049445993,-0.34766110158117286,-0.13311398861306412,-0.18017862073371013,-0.3032222138555867,-0.9391702327462024,-0.7933991917881502,0.16683770464753506,-0.0884778616217499,0.1721653023731443,0.25101914683847903,0.07184767266218557,-0.14297197731830874,0.19675912796403303,-0.08669233903591396,-0.48841871881355947,-0.37305700564381905,-0.46401402985010315,0.7637883317081826,0.5120607964737003,0.33514266005415333,-0.22106451004356573,0.006082270738134031,-0.30690094508103777
-0.06261760477185933,-0.41062656329161873,0.2554826453514583,0.3827253383639469,-0.8925009336060064,-0.13342261327964383,0.23622998030028683,0.38538444617995304,0.23826114301079163,-0.2708191162887466,-0.5769692312547133,0.19586318705425063,0.07897958677251965,-0.3375910983201039,-0.08683437337145247,0.6327543285067438,-0.20848202651352601,-0.12902834287739548,0.7850684182008097,-0.3673210893840289,0.03426007015488079,-0.6587337166867699,-0.31294113634076615,-0.44771338768998303,-0.0840842659716241,-0.5576921131101622,-0.5230314285859282,0.3518794513103294,-0.07425284681126203,-0.29035248446167305,0.4216646625842883,0.21782973617283996,-0.33067870019291357,-0.5732640817553722,0.35063963496338535,-0.8154577115622855,-0.2642889072214774,-0.4859230639974502,0.35457801352550683,0.2801598654069866,0.6839512338729402,-0.03655409639013203,0.31164691248776266,-0.3610707827656191
-0.6125085107238687,0.04556899109172153,-0.2415225869574242,-0.8925009336060064,5.396552498177206,2.2484783733276377,-1.2902934077330022,0.7540926370406764,2.0057128074687065,-1.245951027186765,-2.8770255809105625,-1.8351519175006465,1.7979454770370045,1.2286353297601782,0.9518623823349271,-6.336465696027275,2.5385991734875324,-0.6106171005286025,-2.2085043932592843,-1.9802103389926609,0.6640054052167927,3.043152493293358,1.4373787743345345,2.4098764213021555,-2.3760441781382085,-3.92942936839061,-2.6863929552732357,-1.655048205181388,-0.1691660904025916,4.258463464395432,-1.3261317993508215,-1.1146663908078618,2.107574109377494,7.0946135440814295,-4.12883312385622,3.405573346685637,-0.9044377584636617,0.0733329146528675,3.9966897404244914,2.1971905345516016,-3.5264604754557722,-1.7284957551545803,-2.2324995918016235,0.643853374419595
-0.41725376850645013,-0.40140518231069156,0.08493735559124467,-0.13342261327964383,2.2484783733276377,1.2159117439045237,-0.5151981264394461,0.832747070290638,1.4720822750087035,-1.04110536962046,-2.2547409485270693,-0.8877459909560199,1.142109223784077,0.41654575730310395,0.4728815671830178,-3.1461615865451398,1.3163649214518434,-0.48888172950726966,-0.5285978127434201,-1.5715195622029203,0.39414685775564484,1.1653595030812605,0.5230938381050029,0.9812565453547284,-1.5091764807966466,-2.8853376224964196,-2.1048496970885777,-0.623120313683369,-0.17530756143061127,2.2173498692748184,-0.3450879193631099,-0.421110443806918,0.9470495076950687,3.607155132356118,-2.0931662907850788,1.2478272750675565,-0.7840726877290797,-0.4436138554449467,2.711402388117348,1.5689069231879118,-1.4354112373265384,-1.0555111433602953,-0.9566106521606927,0.03500533438306029
0.13105286288274715,-0.049381685124213065,0.07363555463568626,0.23622998030028683,-1.2902934077330022,-0.5151981264394461,0.3151603763484498,-0.13725690061885004,-0.4258281622145276,0.251787662386397,0.5960434435183437,0.42687098659750916,-0.39493592309126097,-0.3012741070838778,-0.2209347689620157,1.4707942409837824,-0.58151551392076,0.12342172789539428,0.5630735510522707,0.4059336677866211,-0.14944409910591613,-0.7373350467914582,-0.3505794527188683,-0.582777067806541,0.5207752982315337,0.8302201308159924,0.5550914887197091,0.3983244311671197,0.028994482186571618,-0.9803466042641722,0.3356748397781861,0.27177122126507114,-0.49371650752820884,-1.6390149928534439,0.9561825851289563,-0.831262545359015,0.18387555121565372,-0.0577489546901494,-0.8639298320495518,-0.4699498873201956,0.8469772760548715,0.38535177049353025,0.5302038717491415,-0.17411689704152458
-0.4510122289546494,-0.8737430671772013,0.4524378051507208,0.38538444617995304,0.7540926370406764,0.832747070290638,-0.13725690061885004,1.236915612574173,1.5228149535039301,-1.2176864919040935,-2.735465105124836,-0.4887521909059206,1.0830160713456756,-0.13694032367452622,0.28887465668988693,-1.7777044947650191,0.8037806191478905,-0.5898829559231087,0.6285274808887277,-1.7977726385922308,0.4211944452372913,0.06501746514025196,0.03861075793380843,0.22611113527976823,-1.3741702017128463,-3.2074462305791163,-2.5142801963047368,-0.050746175974189706,-0.2501630300465835,1.4995052314210908,0.2641191359536983,-0.08312954519556869,0.3110746123113167,2.2986361152789083,-1.29816173160024,-0.10529321876454886,-1.0526619755187145,-1.0436741129669989,2.7959423382126602,1.7299171216509266,-0.24679750512640147,-0.9542298471530835,-0.4516293094443352,-0.489255133880409
-0.6207987517714952,-0.9797706607058569,0.3836492604136898,0.23826114301079163,2.0057128074687065,1.4720822750087035,-0.4258281622145276,1.5228149535039301,2.2203818165579494,-1.6820245380669165,-3.6120755423689976,-0.9655432324174086,1.6018022800690488,0.19278935010122064,0.532954509958673,-3.495449639055721,1.5254789171915946,-0.7877928127206667,0.14740637004127086,-2.4897487392567723,0.5532406811758774,0.8368779944701417,0.35297217213680054,0.8174647672155454,-2.0976307561125727,-4.432288025394992,-3.3585252415706717,-0.44506752810815103,-0.31403819246691833,2.6242245707885448,0.0034404462228374995,-0.3176703102263058,0.904605175729547,4.16025383965391,-2.3967919813732954,0.7821107047424017,-1.3241882268175502,-1.115950744275954,3.9795228680107835,2.382512094999497,-1.1696763700592696,-1.4391283266054467,-0.9218823246824984,-0.34362702589241345
0.47496492015328573,0.8218001767418817,-0.3527043690834431,-0.2708191162887466,-1.245951027186765,-1.04110536962046,0.251787662386397,-1.2176864919040935,-1.6820245380669165,1.3007582403088116,2.8057741468252693,0.6578049095815681,-1.1979321739270095,-0.049782729617543375,-0.3694063185282648,2.3939838865734697,-1.061846358677521,0.6120849281618934,-0.315041281756115,1.9184753179879992,-0.4197516541409764,-0.43677611913731573,-0.18092275023056087,-0.48041967312525585,1.5586142265483736,3.3959749988894994,2.6040486667033225,0.23634345683664235,0.2522419290456789,-1.8488135402051866,-0.11186790507124401,0.17729778824012987,-0.5729004975840709,-2.902152462236347,1.6638942019025371,-0.3513854716986486,1.0435860851791106,0.946648427010372,-3.0127602610005106,-1.8219675349648756,0.6716925490818308,1.0656883297496507,0.605819330479389,0.35327580230273026
1.0839565838774845,1.7884075689048848,-0.8857491980870709,-0.5769692312547133,-2.8770255809105625,-2.2547409485270693,0.5960434435183437,-2.735465105124836,-3.6120755423689976,2.8057741468252693,6.354448272452815,1.4539522240192368,-2.6727631851214575,-0.004900178585303945,-0.8278291572705133,5.190474280687283,-2.2670274819445444,1.3676731492094485,-0.7695047307696254,4.182353071100327,-1.040879120338195,-0.8588916685544312,-0.4318219659133528,-1.0436356352667424,3.4071276868369575,7.573459911782958,5.846996680189079,0.5077705933257833,0.5599825424444418,-4.12769725893751,-0.22077123190807488,0.4455820804438412,-1.1432241246391697,-6.464646721253256,3.6754254665489667,-0.5852975591514763,2.3967868216364043,2.1381304160540284,-6.743331820198391,-4.106684208110069,1.347402241992789,2.3886079065134314,1.4914993175719438,0.8630640544013615
0.2822095477467007,0.1737612910982825,-0.0023491292325567097,0.19586318705425063,-1.8351519175006465,-0.8877459909560199,0.42687098659750916,-0.4887521909059206,-0.9655432324174086,0.6578049095815681,1.4539522240192368,0.6801512261427257,-0.7885047499036762,-0.3737993081469059,-0.35794213204724923,2.380441894219767,-0.9798849542613665,0.3139653996374618,0.5736315062768655,1.0091243639856935,-0.27906964235070697,-0.9865796445780063,-0.4546544822122309,-0.8063038486387796,1.0416665694008669,1.8971498228259633,1.3574959542911194,0.5342220195347323,0.10584983292694516,-1.6464344107856288,0.3571792256706413,0.3589914499418052,-0.7484073503864878,-2.704564675962424,1.570134247910224,-1.0775864292067923,0.4898040164273403,0.18829507634561898,-1.8295405818451675,-1.0405108272109913,1.181611835703162,0.7375301912031167,0.7728807633477472,-0.11303010093197453
-0.47332029029946077,-0.6377114211913699,0.2656476070558473,0.07897958677251965,1.7979454770370045,1.142109223784077,-0.39493592309126097,1.0830160713456756,1.6018022800690488,-1.1979321739270095,-2.6727631851214575,-0.7885047499036762,1.2168951729689454,0.1973233264267734,0.43370274092575606,-2.798411947093547,1.1947517260048315,-0.5770232282001708,-0.056956891884960226,-1.7964347869751456,0.45203646499667405,0.7670857522118654,0.35984690340176884,0.7268147968066714,-1.573215481250838,-3.275175601134344,-2.473181811086112,-0.42584393439461427,-0.22614774030383913,2.092064352001321,-0.10936223709476085,-0.3127556639629367,0.7360350104547959,3.3409680161443673,-1.9176193608614378,0.7345995784606008,-0.9766465767793049,-0.748699614039121,2.985160153256192,1.7786454966453267,-1.0168767162746493,-1.1022921898548386,-0.8373426292195457,-0.20459450928086018
-0.035109669649350576,0.2313176136213455,-0.2294148631675648,-0.3375910983201039,1.2286353297601782,0.41654575730310395,-0.3012741070838778,-0.13694032367452622,0.19278935010122064,-0.049782729617543375,-0.004900178585303945,-0.3737993081469059,0.1973233264267734,0.41677099810879464,0.1802827546201259,-1.3097447436775795,0.5166713040875338,-0.005500141477390604,-0.8008000048966079,-0.09348900426401188,0.024107515132345093,0.8606576149805301,0.37076407886808116,0.6086768909424376,-0.3049372637741781,-0.20384670513311914,-0.03659272182892014,-0.4459308956446099,0.020236106215113764,0.7540956461604812,-0.42138542091059533,-0.26078193073751926,0.5461072325542614,1.3167059295636385,-0.7897757843259106,1.0404273574221834,0.06615702446032065,0.3133037462681257,0.32375843194627535,0.11347228773310761,-0.9574777441997796,-0.2090019373230482,-0.4296261618078503,0.3381724504069543
-0.158310872584082,-0.11501245832308878,0.02008063286048587,-0.08683437337145247,0.9518623823349271,0.4728815671830178,-0.2209347689620157,0.28887465668988693,0.532954509958673,-0.3694063185282648,-0.8278291572705133,-0.35794213204724923,0.43370274092575606,0.1802827546201259,0.19050160043624287,-1.252701790968004,0.5166715888171128,-0.17754574696134587,-0.2650098053202832,-0.5655151296555119,0.15830690016212365,0.4943176541814565,0.23139105273198765,0.41280284930179945,-0.568058976057065,-1.0629230528606894,-0.7700644244728676,-0.26955184860070164,-0.061990159198567304,0.8786648968314403,-0.17110248687048837,-0.18458541233810302,0.3822540258785823,1.437111950142796,-0.8320206842590094,0.531972084619233,-0.2851239288159439,-0.13160658981759102,1.01588510646716,0.5836909080788744,-0.5968993188927163,-0.40414527161244784,-0.4093221347142609,0.03607004286578298
0.9970808837498245,0.6838805198582678,-0.011407710911832587,0.6327543285067438,-6.336465696027275,-3.1461615865451398,1.4707942409837824,-1.7777044947650191,-3.495449639055721,2.3939838865734697,5.190474280687283,2.380441894219767,-2.798411947093547,-1.3097447436775795,-1.252701790968004,8.380525346709343,-3.4663136728846524,1.1256421804931458,1.9435115657635653,3.6484832054777194,-0.9589447830215477,-3.4375521283304904,-1.556064850192227,-2.804492550930086,3.7158129501658093,6.786890114641197,4.85913271770168,1.8435608057642028,0.3826606701628283,-5.782997767837607,1.196996384781814,1.2254674918168704,-2.6401991782130465,-9.489455589976451,5.518422918151283,-3.7659845669299825,1.7496358838432968,0.7248915894165925,-6.511588612094191,-3.7062424038492425,4.135362360456354,2.6117092526289265,2.6434104833079117,-0.37490538345414287
-0.4286962414146752,-0.3540058808406602,0.031038926999810954,-0.20848202651352601,2.5385991734875324,1.3163649214518434,-0.58151551392076,0.8037806191478905,1.5254789171915946,-1.061846358677521,-2.2670274819445444,-0.9798849542613665,1.1947517260048315,0.5166713040875338,0.5166715888171128,-3.4663136728846524,1.4480363595231256,-0.4949662513039289,-0.714436517621771,-1.6066845829989418,0.3984036487400047,1.3692046656334254,0.6096708606513593,1.120811197232829,-1.5910201131451007,-2.949640710418603,-2.1265087201746913,-0.7323604363996294,-0.1745178248816414,2.4012197374776596,-0.441393740218375,-0.48009004578969444,1.0849737908513937,3.9284917805322124,-2.284332338423512,1.4937045149644175,-0.768962943080046,-0.37330294781308987,2.801038389907805,1.6016624272518925,-1.664072307374448,-1.1071596293750237,-1.0586788796657507,0.1132415919250834
0.23304372515286667,0.3914823148349391,-0.18622952923585476,-0.12902834287739548,-0.6106171005286025,-0.48888172950726966,0.12342172789539428,-0.5898829559231087,-0.7877928127206667,0.6120849281618934,1.3676731492094485,0.3139653996374618,-0.5770232282001708,-0.005500141477390604,-0.17754574696134587,1.1256421804931458,-0.4949662513039289,0.2970713877978443,-0.1661846533869596,0.9106306069218157,-0.21815951398686304,-0.1891719674107957,-0.08939130661101084,-0.2227237889403589,0.7405459791342698,1.6369188383598212,1.2615906633808385,0.110029200541673,0.12187589980798112,-0.88903810423433,-0.05114485436004672,0.09209163541942555,-0.2544306099746543,-1.3936199703331238,0.7933641784062221,-0.13301330164618214,0.512675487829475,0.46112710306345644,-1.45535830573262,-0.8840591640796182,0.29696234523723564,0.5140384511745676,0.31186212446392503,0.18181798700121182
-0.05757329384846789,-0.7336849260368435,0.5359013054825639,0.7850684182008097,-2.2085043932592843,-0.5285978127434201,0.5630735510522707,0.6285274808887277,0.14740637004127086,-0.315041281756115,-0.7695047307696254,0.5736315062768655,-0.056956891884960226,-0.8008000048966079,-0.2650098053202832,1.9435115657635653,-0.714436517621771,-0.1661846533869596,1.7170253430055844,-0.4058651532691629,0.030558546259613698,-1.602160832991425,-0.721737651387453,-1.1056206940081692,0.1460783472659581,-0.5692744445948222,-0.6696208086732968,0.8409115097412471,-0.11852891951957391,-1.0192607207263549,0.9135346664034687,0.5077279534480684,-0.903736373792005,-1.8678625160516755,1.1313196416775153,-1.964163585498091,-0.4124584217028105,-0.9113885831921679,0.20095963310698411,0.2789264364222096,1.7203973734979778,0.1249114102546821,0.7629034447057407,-0.7736548470097706
0.7127929032223097,1.191865340547857,-0.5197936721596524,-0.3673210893840289,-1.9802103389926609,-1.5715195622029203,0.4059336677866211,-1.7977726385922308,-2.4897487392567723,1.9184753179879992,4.182353071100327,1.0091243639856935,-1.7964347869751456,-0.09348900426401188,-0.5655151296555119,3.6484832054777194,-1.6066845829989418,0.9106306069218157,-0.4058651532691629,2.840569800300846,-0.6435933302611797,-0.7075560517959568,-0.307175276837161,-0.7630772775493129,2.3306021310716174,5.060167045826437,3.875766265271564,0.38950656089535846,0.37239640674365004,-2.8148840724369113,-0.12203363094235938,0.2960778364051828,-0.8784734638687459,-4.429183508798306,2.5366363948929593,-0.5819014156495738,1.5539361868117783,1.3805205316324172,-4.506773217412772,-2.7223038944132547,1.0591394248840003,1.602905652832529,0.9632385139045173,0.504930855900508
-0.18501909432525038,-0.23533992120694291,0.14159782049445993,0.03426007015488079,0.6640054052167927,0.39414685775564484,-0.14944409910591613,0.4211944452372913,0.5532406811758774,-0.4197516541409764,-1.040879120338195,-0.27906964235070697,0.45203646499667405,0.024107515132345093,0.15830690016212365,-0.9589447830215477,0.3984036487400047,-0.21815951398686304,0.030558546259613698,-0.6435933302611797,0.20412386026516224,0.21952935768240314,0.1307605747869574,0.2431778596327169,-0.55979948707318,-1.2294651765841556,-0.9453517071061299,-0.13700507069102857,-0.08474422689923686,0.7630876587797549,-0.03449901625772708,-0.1247526086916185,0.21304074711877985,1.2093090393245394,-0.6830290181283907,0.17383018475165968,-0.3943630097233712,-0.3037370129998193,1.1232616515864755,0.6820070889883181,-0.29867398923725064,-0.412566098969931,-0.34493567913131534,-0.11452752893815231
-0.22071000183245004,0.2798801229505396,-0.34766110158117286,-0.6587337166867699,3.043152493293358,1.1653595030812605,-0.7373350467914582,0.06501746514025196,0.8368779944701417,-0.43677611913731573,-0.8588916685544312,-0.9865796445780063,0.7670857522118654,0.8606576149805301,0.4943176541814565,-3.4375521283304904,1.3692046656334254,-0.1891719674107957,-1.602160832991425,-0.7075560517959568,0.21952935768240314,1.9267883097827727,0.8598017671464745,1.4367304075817617,-1.0716213376351336,-1.4146802124282944,-0.8414076608328598,-1.015391310270512,-0.02452333861621542,2.157463085699944,-0.8887757483624859,-0.6369929684781876,1.2764489352495896,3.6651901950123666,-2.1638616641245374,2.250354258428892,-0.18864016561006564,0.3906982785071274,1.5728018490996045,0.7879681233916485,-2.1883267779646807,-0.7607711727577062,-1.1569624909911953,0.5981730703531538
-0.11153594627551416,0.14050466493917763,-0.13311398861306412,-0.31294113634076615,1.4373787743345345,0.5230938381050029,-0.3505794527188683,0.03861075793380843,0.35297217213680054,-0.18092275023056087,-0.4318219659133528,-0.4546544822122309,0.35984690340176884,0.37076407886808116,0.23139105273198765,-1.556064850192227,0.6096708606513593,-0.08939130661101084,-0.721737651387453,-0.307175276837161,0.1307605747869574,0.8598017671464745,0.4074446935472633,0.6570668389385537,-0.48160793617204944,-0.6626335142774203,-0.40884532546200747,-0.46638538928351236,-0.013453314407190914,1.0020530871454687,-0.4170099025948103,-0.3067988140526097,0.556345964906685,1.6981779054266752,-0.9934115270786845,0.9874800937590942,-0.10942972326773334,0.16987370857725811,0.7415731076688682,0.38036640219708473,-0.9707208994425024,-0.35807217856865875,-0.5771231835100415,0.2510049483081025
-0.23217745420571703,0.09827844327010075,-0.18017862073371013,-0.44771338768998303,2.4098764213021555,0.9812565453547284,-0.582777067806541,0.22611113527976823,0.8174647672155454,-0.48041967312525585,-1.0436356352667424,-0.8063038486387796,0.7268147968066714,0.6086768909424376,0.41280284930179945,-2.804492550930086,1.120811197232829,-0.2227237889403589,-1.1056206940081692,-0.7630772775493129,0.2431778596327169,1.4367304075817617,0.6570668389385537,1.1099184617458049,-0.9825980576959163,-1.508949744348126,-0.988562385246336,-0.7646822569884736,-0.05114091158136393,1.8311742555436046,-0.6364267445085954,-0.5000507687433211,0.9758839031230963,3.072253036064669,-1.8013369789469418,1.6429865497738447,-0.30298749810059045,0.14257600498514292,1.57504004581121,0.8418177394291037,-1.6520077033852403,-0.7078155309130864,-0.9568643941328614,0.3669897526071311
0.6034913782076117,0.8118293935124103,-0.3032222138555867,-0.0840842659716241,-2.3760441781382085,-1.5091764807966466,0.5207752982315337,-1.3741702017128463,-2.0976307561125727,1.5586142265483736,3.4071276868369575,1.0416665694008669,-1.573215481250838,-0.3049372637741781,-0.568058976057065,3.7158129501658093,-1.5910201131451007,0.7405459791342698,0.1460783472659581,2.3306021310716174,-0.55979948707318,-1.0716213376351336,-0.48160793617204944,-0.9825980576959163,2.054734082338891,4.215771305872348,3.164657164725965,0.5831186424254938,0.28777014159237546,-2.7387731297977633,0.16637668095676963,0.4113066589395005,-1.0123470792813019,-4.385616583963314,2.5263148769277213,-1.0599247112425663,1.231962951024677,0.9304180209341775,-3.8474526157506372,-2.2806166683110902,1.407341915596509,1.426368507688891,1.07451196891801,0.21762883469220792
1.30257891007102,2.053784721699283,-0.9391702327462024,-0.5576921131101622,-3.92942936839061,-2.8853376224964196,0.8302201308159924,-3.2074462305791163,-4.432288025394992,3.3959749988894994,7.573459911782958,1.8971498228259633,-3.275175601134344,-0.20384670513311914,-1.0629230528606894,6.786890114641197,-2.949640710418603,1.6369188383598212,-0.5692744445948222,5.060167045826437,-1.2294651765841556,-1.4146802124282944,-0.6626335142774203,-1.508949744348126,4.215771305872348,9.13983212268587,6.992950108271976,0.7972405341509038,0.6591181047463561,-5.250961965009554,-0.0921872853513696,0.6319185796889485,-1.6267674118622204,-8.28292522662061,4.734658170098638,-1.1820976913820056,2.819550805850362,2.4168322339457196,-8.190979759570633,-4.946868620950925,2.0491823554136817,2.9394553945865005,1.9266214256033538,0.8674324480047045
0.9981925048253326,1.6470870534459505,-0.7933991917881502,-0.5230314285859282,-2.6863929552732357,-2.1048496970885777,0.5550914887197091,-2.5142801963047368,-3.3585252415706717,2.6040486667033225,5.846996680189079,1.3574959542911194,-2.473181811086112,-0.03659272182892014,-0.7700644244728676,4.85913271770168,-2.1265087201746913,1.2615906633808385,-0.6696208086732968,3.875766265271564,-0.9453517071061299,-0.8414076608328598,-0.40884532546200747,-0.988562385246336,3.164657164725965,6.992950108271976,5.389478611164009,0.48937036654195387,0.5172408595855884,-3.834623768536504,-0.19206366890643506,0.4127917992090669,-1.0961485857753905,-6.013311012235069,3.4243352142939236,-0.6080903417537481,2.1974955994064027,1.9560834763352268,-6.228277099616338,-3.7850860281383674,1.3004540757855394,2.2090522543822355,1.3726958727580378,0.7734986731613676
0.1293218645339467,-0.14521308865432586,0.16683770464753506,0.3518794513103294,-1.655048205181388,-0.623120313683369,0.3983244311671197,-0.050746175974189706,-0.44506752810815103,0.23634345683664235,0.5077705933257833,0.5342220195347323,-0.42584393439461427,-0.4459308956446099,-0.26955184860070164,1.8435608057642028,-0.7323604363996294,0.110029200541673,0.8409115097412471,0.38950656089535846,-0.13700507069102857,-1.015391310270512,-0.46638538928351236,-0.7646822569884736,0.5831186424254938,0.7972405341509038,0.48937036654195387,0.5462339351688035,0.018879292938543728,-1.173796984822482,0.47613146823570335,0.3474552678867479,-0.6732037363231395,-1.9903821491431872,1.1683017316947466,-1.1749095514539674,0.12158541533279767,-0.19326271600551756,-0.8807207707909601,-0.4481316761799938,1.1522659024621982,0.4200649610848089,0.6485798493314544,-0.3011944110622017
0.09461960595167998,0.17615446596410747,-0.0884778616217499,-0.07425284681126203,-0.1691660904025916,-0.17530756143061127,0.028994482186571618,-0.2501630300465835,-0.31403819246691833,0.2522419290456789,0.5599825424444418,0.10584983292694516,-0.22614774030383913,0.020236106215113764,-0.061990159198567304,0.3826606701628283,-0.1745178248816414,0.12187589980798112,-0.11852891951957391,0.37239640674365004,-0.08474422689923686,-0.02452333861621542,-0.013453314407190914,-0.05114091158136393,0.28777014159237546,0.6591181047463561,0.5172408595855884,0.018879292938543728,0.05417910959085787,-0.31482628191113965,-0.050519924652693386,0.01752213685572421,-0.07494131889952789,-0.48601648054482793,0.2738855800775068,0.0077463065472335,0.21292534608580624,0.2096374303380607,-0.5764878206655638,-0.3539673969177077,0.062462754906437615,0.19732545263379325,0.09916831011395527,0.09846667493308373
-0.7713171724244232,-0.6825565873990718,0.1721653023731443,-0.29035248446167305,4.258463464395432,2.2173498692748184,-0.9803466042641722,1.4995052314210908,2.6242245707885448,-1.8488135402051866,-4.12769725893751,-1.6464344107856288,2.092064352001321,0.7540956461604812,0.8786648968314403,-5.782997767837607,2.4012197374776596,-0.88903810423433,-1.0192607207263549,-2.8148840724369113,0.7630876587797549,2.157463085699944,1.0020530871454687,1.8311742555436046,-2.7387731297977633,-5.250961965009554,-3.834623768536504,-1.173796984822482,-0.31482628191113965,4.106490145054531,-0.687118127545754,-0.8152406928801168,1.7215149498546005,6.684210448177608,-3.8668031021808735,2.288833398871607,-1.4408492273099351,-0.7779205696875944,4.960118433891978,2.873792247108762,-2.643450859672863,-1.9395866860628073,-1.8460343135372284,0.07070331044551378
0.00400129927183158,-0.36134061844021,0.25101914683847903,0.4216646625842883,-1.3261317993508215,-0.3450879193631099,0.3356748397781861,0.2641191359536983,0.0034404462228374995,-0.11186790507124401,-0.22077123190807488,0.3571792256706413,-0.10936223709476085,-0.42138542091059533,-0.17110248687048837,1.196996384781814,-0.441393740218375,-0.05114485436004672,0.9135346664034687,-0.12203363094235938,-0.03449901625772708,-0.8887757483624859,-0.4170099025948103,-0.6364267445085954,0.16637668095676963,-0.0921872853513696,-0.19206366890643506,0.47613146823570335,-0.050519924652693386,-0.687118127545754,0.5062696350693406,0.3049256662240936,-0.5065922585079654,-1.2224405721313347,0.7275824531931705,-1.0640531830372821,-0.1447847325071913,-0.4371108143867645,-0.09162036188685989,0.02501669407226882,0.9620835484296439,0.14133378807095495,0.49326175127690675,-0.38956978660786806
0.10238277953872656,-0.0701742250083308,0.07184767266218557,0.21782973617283996,-1.1146663908078618,-0.421110443806918,0.27177122126507114,-0.08312954519556869,-0.3176703102263058,0.17729778824012987,0.4455820804438412,0.3589914499418052,-0.3127556639629367,-0.26078193073751926,-0.18458541233810302,1.2254674918168704,-0.48009004578969444,0.09209163541942555,0.5077279534480684,0.2960778364051828,-0.1247526086916185,-0.6369929684781876,-0.3067988140526097,-0.5000507687433211,0.4113066589395005,0.6319185796889485,0.4127917992090669,0.3474552678867479,0.01752213685572421,-0.8152406928801168,0.3049256662240936,0.23975251992606006,-0.41625294456940565,-1.369031180876977,0.7973057684150892,-0.7177148149514219,0.13176526727608798,-0.08177183910519159,-0.6749592539262814,-0.36218223226384577,0.725999182504971,0.3090804762074422,0.45951331965702136,-0.1658500548280844
-0.2394244408956818,-0.02519441482609671,-0.14297197731830874,-0.33067870019291357,2.107574109377494,0.9470495076950687,-0.49371650752820884,0.3110746123113167,0.904605175729547,-0.5729004975840709,-1.1432241246391697,-0.7484073503864878,0.7360350104547959,0.5461072325542614,0.3822540258785823,-2.6401991782130465,1.0849737908513937,-0.2544306099746543,-0.903736373792005,-0.8784734638687459,0.21304074711877985,1.2764489352495896,0.556345964906685,0.9758839031230963,-1.0123470792813019,-1.6267674118622204,-1.0961485857753905,-0.6732037363231395,-0.07494131889952789,1.7215149498546005,-0.5065922585079654,-0.41625294456940565,0.9242714345758677,2.8733772396285664,-1.6877847367183398,1.4633182390240038,-0.33862366430573876,0.025229765761501006,1.631952832247362,0.8828755601203948,-1.4926444099276757,-0.6984555270179793,-0.8191310172849906,0.28962249300940934
-1.2210357142440056,-0.9841381242224055,0.19675912796403303,-0.5732640817553722,7.0946135440814295,3.607155132356118,-1.6390149928534439,2.2986361152789083,4.16025383965391,-2.902152462236347,-6.464646721253256,-2.704564675962424,3.3409680161443673,1.3167059295636385,1.437111950142796,-9.489455589976451,3.9284917805322124,-1.3936199703331238,-1.8678625160516755,-4.429183508798306,1.2093090393245394,3.6651901950123666,1.6981779054266752,3.072253036064669,-4.385616583963314,-8.28292522662061,-6.013311012235069,-1.9903821491431872,-0.48601648054482793,6.684210448177608,-1.2224405721313347,-1.369031180876977,2.8733772396285664,10.91196340490986,-6.319125536234827,3.9261547026077643,-2.2348235181317166,-1.1094899096878428,7.871762083929937,4.536449361090155,-4.456095090013286,-3.1066513794030226,-3.047042290618812,0.22327386731526389
0.6953496491474387,0.5461294722690561,-0.08669233903591396,0.35063963496338535,-4.12883312385622,-2.0931662907850788,0.9561825851289563,-1.29816173160024,-2.3967919813732954,1.6638942019025371,3.6754254665489667,1.570134247910224,-1.9176193608614378,-0.7897757843259106,-0.8320206842590094,5.518422918151283,-2.284332338423512,0.7933641784062221,1.1313196416775153,2.5366363948929593,-0.6830290181283907,-2.1638616641245374,-0.9934115270786845,-1.8013369789469418,2.5263148769277213,4.734658170098638,3.4243352142939236,1.1683017316947466,0.2738855800775068,-3.8668031021808735,0.7275824531931705,0.7973057684150892,-1.6877847367183398,-6.319125536234827,3.6649857850609386,-2.333351446859765,1.2635503340804204,0.6058742112162789,-4.507566029986776,-2.5906417929678707,2.6251508670675,1.7854773939281934,1.7567947407874445,-0.1604430237755069
-0.18624428901983547,0.442246033783901,-0.48841871881355947,-0.8154577115622855,3.405573346685637,1.2478272750675565,-0.831262545359015,-0.10529321876454886,0.7821107047424017,-0.3513854716986486,-0.5852975591514763,-1.0775864292067923,0.7345995784606008,1.0404273574221834,0.531972084619233,-3.7659845669299825,1.4937045149644175,-0.13301330164618214,-1.964163585498091,-0.5819014156495738,0.17383018475165968,2.250354258428892,0.9874800937590942,1.6429865497738447,-1.0599247112425663,-1.1820976913820056,-0.6080903417537481,-1.1749095514539674,0.0077463065472335,2.288833398871607,-1.0640531830372821,-0.7177148149514219,1.4633182390240038,3.9261547026077643,-2.333351446859765,2.6690191320228043,-0.055208152453416384,0.6080811646328945,1.419911043733646,0.6584908326273218,-2.5349204135798225,-0.7445743759714948,-1.2501093972472892,0.778654074427033
0.40372298112761373,0.703756668132299,-0.37305700564381905,-0.2642889072214774,-0.9044377584636617,-0.7840726877290797,0.18387555121565372,-1.0526619755187145,-1.3241882268175502,1.0435860851791106,2.3967868216364043,0.4898040164273403,-0.9766465767793049,0.06615702446032065,-0.2851239288159439,1.7496358838432968,-0.768962943080046,0.512675487829475,-0.4124584217028105,1.5539361868117783,-0.3943630097233712,-0.18864016561006564,-0.10942972326773334,-0.30298749810059045,1.231962951024677,2.819550805850362,2.1974955994064027,0.12158541533279767,0.21292534608580624,-1.4408492273099351,-0.1447847325071913,0.13176526727608798,-0.33862366430573876,-2.2348235181317166,1.2635503340804204,-0.055208152453416384,0.918280289945024,0.8542148097277102,-2.4904809245124016,-1.5318271262543868,0.3555361475882102,0.869514254173496,0.5046426068301648,0.3810490734934928
0.33406672883794747,0.8166665447122898,-0.46401402985010315,-0.4859230639974502,0.0733329146528675,-0.4436138554449467,-0.0577489546901494,-1.0436741129669989,-1.115950744275954,0.946648427010372,2.1381304160540284,0.18829507634561898,-0.748699614039121,0.3133037462681257,-0.13160658981759102,0.7248915894165925,-0.37330294781308987,0.46112710306345644,-0.9113885831921679,1.3805205316324172,-0.3037370129998193,0.3906982785071274,0.16987370857725811,0.14257600498514292,0.9304180209341775,2.4168322339457196,1.9560834763352268,-0.19326271600551756,0.2096374303380607,-0.7779205696875944,-0.4371108143867645,-0.08177183910519159,0.025229765761501006,-1.1094899096878428,0.6058742112162789,0.6080811646328945,0.8542148097277102,0.9851832374079926,-2.0259559495097266,-1.2951416191546112,-0.2947757950444,0.6385506254675202,0.10865886127964834,0.5570019004618936
-1.1754389244782828,-1.720524120097001,0.7637883317081826,0.35457801352550683,3.9966897404244914,2.711402388117348,-0.8639298320495518,2.7959423382126602,3.9795228680107835,-3.0127602610005106,-6.743331820198391,-1.8295405818451675,2.985160153256192,0.32375843194627535,1.01588510646716,-6.511588612094191,2.801038389907805,-1.45535830573262,0.20095963310698411,-4.506773217412772,1.1232616515864755,1.5728018490996045,0.7415731076688682,1.57504004581121,-3.8474526157506372,-8.190979759570633,-6.228277099616338,-0.8807207707909601,-0.5764878206655638,4.960118433891978,-0.09162036188685989,-0.6749592539262814,1.631952832247362,7.871762083929937,-4.507566029986776,1.419911043733646,-2.4904809245124016,-2.0259559495097266,7.402443851554893,4.443971219805694,-2.166595750865885,-2.693881373540335,-1.9109393976339388,-0.6518283303291459
-0.7087377705063345,-1.0907758655642161,0.5120607964737003,0.2801598654069866,2.1971905345516016,1.5689069231879118,-0.4699498873201956,1.7299171216509266,2.382512094999497,-1.8219675349648756,-4.106684208110069,-1.0405108272109913,1.7786454966453267,0.11347228773310761,0.5836909080788744,-3.7062424038492425,1.6016624272518925,-0.8840591640796182,0.2789264364222096,-2.7223038944132547,0.6820070889883181,0.7879681233916485,0.38036640219708473,0.8418177394291037,-2.2806166683110902,-4.946868620950925,-3.7850860281383674,-0.4481316761799938,-0.3539673969177077,2.873792247108762,0.02501669407226882,-0.36218223226384577,0.8828755601203948,4.536449361090155,-2.5906417929678707,0.6584908326273218,-1.5318271262543868,-1.2951416191546112,4.443971219805694,2.6852032350157713,-1.1297700830684139,-1.6003601467118607,-1.0830712472530222,-0.46428979489841665
0.31011974071290244,-0.18676395236799528,0.33514266005415333,0.6839512338729402,-3.5264604754557722,-1.4354112373265384,0.8469772760548715,-0.24679750512640147,-1.1696763700592696,0.6716925490818308,1.347402241992789,1.181611835703162,-1.0168767162746493,-0.9574777441997796,-0.5968993188927163,4.135362360456354,-1.664072307374448,0.29696234523723564,1.7203973734979778,1.0591394248840003,-0.29867398923725064,-2.1883267779646807,-0.9707208994425024,-1.6520077033852403,1.407341915596509,2.0491823554136817,1.3004540757855394,1.1522659024621982,0.062462754906437615,-2.643450859672863,0.9620835484296439,0.725999182504971,-1.4926444099276757,-4.456095090013286,2.6251508670675,-2.5349204135798225,0.3555361475882102,-0.2947757950444,-2.166595750865885,-1.1297700830684139,2.5127065376742186,0.9908895524850209,1.3550947358320282,-0.6124981829060694
0.42525341027623803,0.5436006502670612,-0.22106451004356573,-0.03655409639013203,-1.7284957551545803,-1.0555111433602953,0.38535177049353025,-0.9542298471530835,-1.4391283266054467,1.0656883297496507,2.3886079065134314,0.7375301912031167,-1.1022921898548386,-0.2090019373230482,-0.40414527161244784,2.6117092526289265,-1.1071596293750237,0.5140384511745676,0.1249114102546821,1.602905652832529,-0.412566098969931,-0.7607711727577062,-0.35807217856865875,-0.7078155309130864,1.426368507688891,2.9394553945865005,2.2090522543822355,0.4200649610848089,0.19732545263379325,-1.9395866860628073,0.14133378807095495,0.3090804762074422,-0.6984555270179793,-3.1066513794030226,1.7854773939281934,-0.7445743759714948,0.869514254173496,0.6385506254675202,-2.693881373540335,-1.6003601467118607,0.9908895524850209,1.004652357030364,0.7954118025302754,0.15200403979287008
0.3047272740728991,0.07352033738344313,0.006082270738134031,0.31164691248776266,-2.2324995918016235,-0.9566106521606927,0.5302038717491415,-0.4516293094443352,-0.9218823246824984,0.605819330479389,1.4914993175719438,0.7728807633477472,-0.8373426292195457,-0.4296261618078503,-0.4093221347142609,2.6434104833079117,-1.0586788796657507,0.31186212446392503,0.7629034447057407,0.9632385139045173,-0.34493567913131534,-1.1569624909911953,-0.5771231835100415,-0.9568643941328614,1.07451196891801,1.9266214256033538,1.3726958727580378,0.6485798493314544,0.09916831011395527,-1.8460343135372284,0.49326175127690675,0.45951331965702136,-0.8191310172849906,-3.047042290618812,1.7567947407874445,-1.2501093972472892,0.5046426068301648,0.10865886127964834,-1.9109393976339388,-1.0830712472530222,1.3550947358320282,0.7954118025302754,0.9771469794387123,-0.16168524657026603
0.12061117628855952,0.4398182931177204,-0.30690094508103777,-0.3610707827656191,0.643853374419595,0.03500533438306029,-0.17411689704152458,-0.489255133880409,-0.34362702589241345,0.35327580230273026,0.8630640544013615,-0.11303010093197453,-0.20459450928086018,0.3381724504069543,0.03607004286578298,-0.37490538345414287,0.1132415919250834,0.18181798700121182,-0.7736548470097706,0.504930855900508,-0.11452752893815231,0.5981730703531538,0.2510049483081025,0.3669897526071311,0.21762883469220792,0.8674324480047045,0.7734986731613676,-0.3011944110622017,0.09846667493308373,0.07070331044551378,-0.38956978660786806,-0.1658500548280844,0.28962249300940934,0.22327386731526389,-0.1604430237755069,0.778654074427033,0.3810490734934928,0.5570019004618936,-0.6518283303291459,-0.46428979489841665,-0.6124981829060694,0.15200403979287008,-0.16168524657026603,0.40722597916702724
