V1,V2,V3,V4,V5,V6,V7,V8,V9,V10,V11,V12,V13,V14,V15,V16,V17,V18,V19,V20,V21,V22,V23,V24,V25,V26,V27,V28,V29,V30,V31,V32,V33,V34,V35,V36,V37,V38,V39,V40,V41,V42,V43,V44
13.443073086364667,19.495155178565998,-8.808271735054818,-4.086852447544254,-45.077938851238926,-30.693277621687173,9.741269274978803,-31.792157229870853,-45.204134807002355,34.22410334579566,76.6124815459025,20.767806416531712,-33.84868956701876,-3.5858299208484516,-11.525125460663746,73.79760548807458,-31.615462471702706,16.55226594032259,-2.3813701476866065,51.252703748112644,-12.7796211991217,-17.6545021689326,-8.273011594352077,-17.79833651368739,43.748384450268844,92.86717257196935,70.65796793574825,9.882183015872707,6.550749767717277,-56.05218714967502,0.7688141516166581,7.505400025817257,-18.473482161353218,-89.1042610742725,50.98754977524183,-15.943955148522766,28.2505885190705,23.13840141457733,-84.03201421396132,-50.402580696027215,24.399947652529345,30.493400663829537,21.4958095058101,7.459385597509928
19.495155178565998,29.275201732684657,-12.766375696278313,-6.374862759844011,-65.55734736480514,-45.06846945777413,14.089170858299859,-46.90802041194603,-66.58637393478386,50.519771085299624,112.75010848334394,30.174934856521748,-49.794895475508426,-5.136625952183879,-16.774070087893183,107.70906280001093,-46.653126925151135,24.349982722118305,-4.216833888208169,75.413504513205865,-18.586939671559794,-25.6248146947682,-12.06837996423453,-25.685595056847333,64.09576631041845,137.13275219177427,104.30776156156082,14.350014738501592,9.702384772867683,-82.43247835122473,1.2867633489338492,11.088689409807438,-26.901949118985737,-130.5049281696083,74.76388054147756,-22.90866439199386,41.728522766139264,34.12281054542517,-123.56809116267421,-74.29009647949682,35.50228147514721,44.934542060386576,31.490378243004372,11.156013876382497
-8.808271735054818,-12.766375696278313,6.023713736038139,2.746901643703127,29.00781251602619,19.755845908534976,-6.261862198685454,20.86425786049152,29.31694220703846,-22.344978117836874,-50.076294924949785,-13.565799344608395,22.044208415848637,2.1203826257757665,7.527128462040102,-47.913753941033775,20.49693315024135,-10.85137278696918,1.6659057415488197,-33.53962735654484,8.391895773585787,11.257250504407248,5.228837053372445,11.463993354664463,-28.539141896081418,-60.437368577748074,-46.06802209824298,-6.343283360778878,-4.27398280416148,36.287536494028195,-0.17964805020565303,-4.84105211637074,11.946191636197755,57.84383718772658,-33.0262980179532,9.962300677003862,-18.426890090408946,-15.261861264157686,54.73318944918081,32.88924277063068,-15.657495117829116,-19.795352255730073,-13.915307517408833,-4.885935075802856
-4.086852447544254,-6.374862759844011,2.746901643703127,1.6318290878744919,13.349018669095987,9.41511017187354,-2.7074642472810466,9.948733927817626,14.060743698246235,-10.624977302206998,-23.836100199972826,-6.167368878669946,10.430328467302353,0.9176273733239853,3.439586856843551,-22.127684842038512,9.58480797935498,-5.201439545496741,1.3630473875706899,-15.913933283861665,3.9346004846962988,5.00444845858369,2.351603916611827,5.0931977814068325,-13.402519523304077,-29.01362202398322,-22.082159306000463,-2.8404584144219363,-2.0406009001348755,17.142626568234125,-0.18136883714068458,-2.2107562488735355,5.4571480853067245,27.01410631605425,-15.451903890168351,4.3540642684722375,-8.787800748072982,-7.329442008416812,26.06832850405126,15.644754479301856,-7.019976457485618,-9.429020794354606,-6.438659000300442,-2.4932300497953976
-45.077938851238926,-65.55734736480514,29.00781251602619,13.349018669095987,153.9741340710947,104.26234407178504,-33.19068712352083,106.83238148298034,152.6437710741636,-115.3007475949339,-257.98486176053586,-70.33127632050196,114.36200342756318,12.864280253198727,39.068275750705844,-250.44335244458173,107.42201151401012,-55.7251353235812,6.988289032475929,-172.64768337875321,43.034390624157275,60.90881306859152,28.579914461068864,60.85254014808128,-147.56523750856508,-313.48636394216715,-238.27120328439904,-34.0335022684408,-21.97955835590003,190.30391958459793,-3.7816953332895316,-25.882657024726324,62.99573307603573,302.2078382794376,-173.0826749392968,55.39933807794579,-95.10194849091168,-77.29983489953777,283.594011089486,170.02040346140575,-83.68355941782593,-103.21754814462001,-73.27124580236645,-24.679440695863278
-30.693277621687173,-45.06846945777413,19.755845908534976,9.41511017187354,104.26234407178504,71.17951314671127,-22.444458614214117,73.1227685981646,104.42770660665742,-78.84635584958026,-176.25472181836614,-47.66938367507093,78.03819175534271,8.631798030360498,26.52406345710122,-170.15763258528847,73.08135527075905,-38.02421636025421,5.501325258293109,-117.92352432792892,29.288472161228555,41.06056357879272,19.30231074430195,41.1568094657899,-100.563251384028,-214.2847342671081,-162.92317211739572,-22.889131231438483,-15.030623591082945,129.57212133885062,-2.427359405283416,-17.451493050886075,42.62601291009415,205.45299822931534,-117.73013057109948,37.30845286258483,-65.09423414833307,-53.05135930363957,193.62466501540902,116.11599405581048,-56.50791629655342,-70.4763004170058,-49.67197058925018,-17.225147267830913
9.741269274978803,14.089170858299859,-6.261862198685454,-2.7074642472810466,-33.19068712352083,-22.444458614214117,7.3811269413586285,-23.081216335879827,-32.91639283632283,24.982677576582603,55.6829180621468,15.22139255263439,-24.704475432885175,-2.7981171307991852,-8.454673468515683,54.148636952173185,-23.358490745188504,11.937145252655087,-1.353939031707835,37.257942036571684,-9.209563569197728,-13.235960028217544,-6.247587541594085,-13.216377769650446,31.90480139037822,67.6071032975802,51.4106252073152,7.355227076097774,4.80809722176002,-41.07717621535058,0.7287351011710159,5.623032153389863,-13.620036498986925,-65.29176936412823,37.425924127790864,-12.071758469417338,20.64566681345492,16.67987103673717,-61.11736305735653,-36.74276516155252,18.22060971094289,22.27501971669657,15.85632849261416,5.328234858922136
-31.792157229870853,-46.90802041194603,20.86425786049152,9.948733927817626,106.83238148298034,73.1227685981646,-23.081216335879827,75.99322658855631,107.83534575617655,-81.79185325737645,-182.66424697095917,-49.245550896349634,80.7413645766068,8.462284980528901,27.364239241738453,-175.39290169534158,75.52248885981457,-39.43178717180962,6.144804293252411,-122.23440165840138,30.28695470389554,41.90434658741725,19.677308519041908,42.153600919338224,-104.05688790390283,-221.75099985163789,-168.7386544325099,-23.412064586837285,-15.64639460723116,133.5938542545303,-1.8987344543032907,-17.9477403602791,43.81473411678091,211.95551273418428,-121.36517334889494,37.64494061219623,-67.51768559922974,-55.27534678941147,200.231027256418,120.28805977091895,-57.91493948210195,-72.79073050489708,-51.154800662146265,-17.956853893645413
-45.204134807002355,-66.58637393478386,29.31694220703846,14.060743698246235,152.6437710741636,104.42770660665742,-32.91639283632283,107.83534575617655,153.65217594470474,-116.21022530874953,-259.653315713791,-70.03782546467514,114.84896699095559,12.386535516125159,38.94720010899395,-249.8585341929725,107.47034084316545,-56.017284044032195,8.545984276564623,-173.73306334981731,43.07172359062667,59.94561848133227,28.17424946498547,60.1850725930708,-148.03564720663195,-315.51466592266695,-239.96794858516137,-33.44385332646967,-22.218486741483407,190.3733220946372,-3.1744884079754487,-25.566095888325883,62.50801378239322,301.8698922342695,-172.93758188091752,54.22375129956238,-95.95622726515532,-78.37182145561998,284.9656498378503,171.0098206972249,-82.70530046797698,-103.63411156659097,-72.87579611558917,-25.50742710986928
34.22410334579566,50.519771085299624,-22.344978117836874,-10.624977302206998,-115.3007475949339,-78.84635584958026,24.982677576582603,-81.79185325737645,-116.21022530874953,88.18394967643225,196.7341481595696,53.09059314405499,-87.00785969482779,-9.239258141916816,-29.48752056686168,189.14799011928486,-81.58804279024727,42.440206753131726,-6.443865378600897,131.65702834272182,-32.54088540233719,-45.3587770590012,-21.327519123457495,-45.51451739188553,112.15845078349096,238.97408333653053,181.78598745129884,25.327608284825963,16.897285807341937,-144.11045357158355,2.1750050526656888,19.412535621132452,-47.33554982165208,-228.62564742149877,130.95084574202426,-40.82358720758098,72.76061776794828,59.42084113134491,-215.7010359768157,-129.62957419261286,62.67786034256071,78.4838336046948,55.213671390372355,19.248129283594228
76.6124815459025,112.75010848334394,-50.076294924949785,-23.836100199972826,-257.98486176053586,-176.25472181836614,55.6829180621468,-182.66424697095917,-259.653315713791,196.7341481595696,439.71315131952485,118.67619221622766,-194.36348817675992,-20.588022140046856,-65.94267151666625,422.67827368616673,-181.90308175410576,94.92986885535024,-14.492182196077552,294.16399975364817,-72.9768781503252,-101.17210478679694,-47.53261351424442,-101.66486420147902,250.64239291069612,533.8957749566184,406.14775808094134,56.583387781908385,37.654120378655065,-321.97438150281545,4.926392249947167,43.30774840572367,-105.73398670117543,-510.880265127798,292.5440085961903,-91.11350966505458,162.43670191386965,132.79986221666022,-482.2323292389833,-289.56332494110876,139.80599424106407,175.28453065063945,123.37244188566017,43.051843620592365
20.767806416531712,30.174934856521748,-13.565799344608395,-6.167368878669946,-70.33127632050196,-47.66938367507093,15.22139255263439,-49.245550896349634,-70.03782546467514,53.09059314405499,118.67619221622766,32.3928064945512,-52.54931155187566,-5.698681776706885,-17.93277590267714,114.95314977710811,-49.33066066155104,25.64703695307005,-3.298157143833562,79.47831238803626,-19.78248729081674,-27.79899571290695,-12.991045981946478,-27.840541547551943,67.86700292246599,143.97714392727582,109.49583453059888,15.54782371595066,10.124267472307178,-87.20951302425536,1.387936808884222,11.820849544794767,-28.869810467261114,-138.66801171491377,79.36710915133999,-25.118287586483763,43.7374511648402,35.71251202918883,-130.27795834268048,-78.16413244114506,38.2893952575613,47.33978724650758,33.53972808570847,11.348912132443383
-33.84868956701876,-49.794895475508426,22.044208415848637,10.430328467302353,114.36200342756318,78.03819175534271,-24.704475432885175,80.7413645766068,114.84896699095559,-87.00785969482779,-194.36348817675992,-52.54931155187566,86.00780457265559,9.226637637542902,29.193342559722154,-187.2296957017604,80.58345795731282,-41.95900875779232,6.18041600629851,-130.0630188577227,32.251363974840665,44.991284367109245,21.138262545709342,45.12689468268026,-110.86033118673662,-236.09538466687815,-179.57796967500357,-25.13282554536106,-16.642105672768064,142.57249421818148,-2.318330639246397,-19.234124101006845,46.884445877710235,226.20167633964468,-129.54830250211802,40.577332198292694,-71.81154429052748,-58.625189543546206,213.24538845986046,128.04388292984927,-62.079470624309096,-77.56243792439463,-54.67075218778089,-18.95705780329213
-3.5858299208484516,-5.136625952183879,2.1203826257757665,0.9176273733239853,12.864280253198727,8.631798030360498,-2.7981171307991852,8.462284980528901,12.386535516125159,-9.239258141916816,-20.588022140046856,-5.698681776706885,9.226637637542902,1.3088975556572695,3.2121322500420524,-20.557859950256372,8.781202364462034,-4.407636147336632,0.24820787036155273,-13.812927996149355,3.4243503987908666,5.252628749070089,2.476836247929121,5.16631979729966,-11.883508155895566,-25.18519624279716,-19.092985135415226,-2.879488794097574,-1.737389240116188,15.551587574632517,-0.5711319953749501,-2.1637722353747235,5.248722965324457,24.643105605428346,-14.173003092589765,4.986267003159366,-7.604963432626982,-6.023167872924238,22.802712484887312,13.630427810531152,-7.093750915893286,-8.38867815975467,-6.026505555035248,-1.9129531564343638
-11.525125460663746,-16.774070087893183,7.527128462040102,3.439586856843551,39.068275750705844,26.52406345710122,-8.454673468515683,27.364239241738453,38.94720010899395,-29.48752056686168,-65.94267151666625,-17.93277590267714,29.193342559722154,3.2121322500420524,10.002203033020049,-63.8381929307163,27.37321287029745,-14.233079051764795,1.856880859668928,-44.16538427714252,10.994383384998807,15.41135106053405,7.2110504300159874,15.48447384867665,-37.68609281442418,-80.00357748380256,-60.86441049647237,-8.610820190706981,-5.61628284121552,48.43668479072127,-0.7864368381741428,-6.564786267498827,16.030348632389256,76.96862669160964,-44.070007868378816,13.954874641814632,-24.318003239754223,-19.840446348480757,72.37225564929408,43.438793799945195,-21.238355626077034,-26.325481905993886,-18.628891979815975,-6.363875333197803
73.79760548807458,107.70906280001093,-47.913753941033775,-22.127684842038512,-250.44335244458173,-170.15763258528847,54.148636952173185,-175.39290169534158,-249.8585341929725,189.14799011928486,422.67827368616673,114.95314977710811,-187.2296957017604,-20.557859950256372,-63.8381929307163,409.1323939743526,-175.69230512712414,91.27404771018394,-12.124470447721894,283.01542863558427,-70.33324687732032,-98.95790291966813,-46.36231169727214,-99.09850920555284,241.5624680436104,513.2721400078215,390.32292200622675,55.254235292259175,36.089535881520725,-310.8154020003206,5.332489081837571,42.10022338488291,-102.7208506555625,-493.64142856497693,282.6805429676748,-89.61401391224193,155.94889439976586,127.1443043471899,-464.11082430519195,-278.4898821759638,136.2395256202442,168.83030620832093,119.42091799685605,40.72060235525824
-31.615462471702706,-46.653126925151135,20.49693315024135,9.58480797935498,107.42201151401012,73.08135527075905,-23.358490745188504,75.52248885981457,107.47034084316545,-81.58804279024727,-181.90308175410576,-49.33066066155104,80.58345795731282,8.781202364462034,27.37321287029745,-175.69230512712414,75.96943494144934,-39.232751688786706,5.404898089750077,-121.7560259778832,30.05003130839817,42.546734902685614,20.016143025236317,42.42835593384304,-103.89518344023847,-221.1625916613262,-168.14213288565477,-23.766701036679123,-15.660497696535936,133.8457578126591,-2.3504703574947583,-18.2348596242576,44.14851649942999,212.38272474678217,-121.6702412482844,38.370275613118736,-67.28299762836676,-54.6618712619908,199.60458596863842,119.99247663558879,-58.67321910940197,-72.7100597164019,-51.44184628571266,-17.497127520186947
16.55226594032259,24.349982722118305,-10.85137278696918,-5.201439545496741,-55.7251353235812,-38.02421636025421,11.937145252655087,-39.43178717180962,-56.017284044032195,42.440206753131726,94.92986885535024,25.64703695307005,-41.95900875779232,-4.407636147336632,-14.233079051764795,91.27404771018394,-39.232751688786706,20.559214237380576,-3.1265873241010587,63.51958886993919,-15.79113943419443,-21.836009500426744,-10.230444855291987,-21.93030557234284,54.119119703807726,115.24811568204258,87.66260879301711,12.245171267337373,8.110673231651674,-69.51790298921466,1.0523326825505246,9.351554773971772,-22.856440072665155,-110.34116064658835,63.15052182686883,-19.608852137068933,34.99672747667008,28.665543019181644,-104.12863530606538,-62.50060144344377,30.166586402059114,37.82986912357389,26.63486751170909,9.230867952077212
-2.3813701476866065,-4.216833888208169,1.6659057415488197,1.3630473875706899,6.988289032475929,5.501325258293109,-1.353939031707835,6.144804293252411,8.545984276564623,-6.443865378600897,-14.492182196077552,-3.298157143833562,6.18041600629851,0.24820787036155273,1.856880859668928,-12.124470447721894,5.404898089750077,-3.1265873241010587,1.7738356783175853,-9.549947519251962,2.29450534281832,2.2522938170887,1.1264391593295044,2.4509933647864712,-7.809290032525164,-17.713054461331392,-13.530408962164623,-1.296126191953567,-1.2668846767286936,9.851509484953938,0.059939170912262744,-1.1049764917091802,2.769404065700428,15.160957622774982,-8.716101341949429,1.7872443067364736,-5.457586329447894,-4.712133858799583,15.656133604754457,9.43987990257567,-3.3751876136214563,-5.598686265060075,-3.497049753966135,-1.9142204636102773
51.252703748112644,75.413504513205865,-33.53962735654484,-15.913933283861665,-172.64768337875321,-117.92352432792892,37.257942036571684,-122.23440165840138,-173.73306334981731,131.65702834272182,294.16399975364817,79.47831238803626,-130.0630188577227,-13.812927996149355,-44.16538427714252,283.01542863558427,-121.7560259778832,63.51958886993919,-9.549947519251962,196.9036811439755,-48.83093510695063,-67.7936408485576,-31.791217405651093,-68.10893496217285,167.74484469726048,357.138895879137,271.6969747420776,37.89595897716655,25.17467076453122,-215.43596986770484,3.2524654913629947,28.987209417697045,-70.83755885694558,-341.9029310742187,195.77412475572208,-61.05877470973443,108.63447643188304,88.85601612523192,-322.6286978776301,-193.71842422693175,93.64701021546624,117.26612871439376,82.53623637184205,28.74432328816226
-12.7796211991217,-18.586939671559794,8.391895773585787,3.9346004846962988,43.034390624157275,29.288472161228555,-9.209563569197728,30.28695470389554,43.07172359062667,-32.54088540233719,-72.9768781503252,-19.78248729081674,32.251363974840665,3.4243503987908666,10.994383384998807,-70.33324687732032,30.05003130839817,-15.79113943419443,2.29450534281832,-48.83093510695063,12.232930706327311,16.820742236124588,7.864485493530821,16.965927365377798,-41.62981971444681,-88.47754806741807,-67.32196006592297,-9.422762110906133,-6.193419687541264,53.42968123742002,-0.8122287058248487,-7.167502570902088,17.587037425085537,84.8834420299125,-48.56474131057168,15.181914874728617,-26.867227714864445,-22.044862521750336,80.09668556862938,47.99382453482917,-23.193772919576844,-29.058413947204443,-20.501239376586554,-7.121285552995962
-17.6545021689326,-25.6248146947682,11.257250504407248,5.00444845858369,60.90881306859152,41.06056357879272,-13.235960028217544,41.90434658741725,59.94561848133227,-45.3587770590012,-101.17210478679694,-27.79899571290695,44.991284367109245,5.252628749070089,15.41135106053405,-98.95790291966813,42.546734902685614,-21.836009500426744,2.2522938170887,-67.7936408485576,16.820742236124588,24.420770911704,11.443710604073058,24.224945797582944,-58.0333132048418,-123.0625870828972,-93.49101252548054,-13.593913491768877,-8.64085782960508,75.04107214658859,-1.6313236022718658,-10.326544467003378,25.001765676296046,119.23957351226751,-68.31849328423782,22.289115143588283,-37.32400336375839,-30.175907748152124,111.31509495840304,66.78713348995254,-33.41003904953276,-40.61938596905913,-28.974135528529512,-9.475269429492943
-8.273011594352077,-12.06837996423453,5.228837053372445,2.351603916611827,28.579914461068864,19.30231074430195,-6.247587541594085,19.677308519041908,28.17424946498547,-21.327519123457495,-47.53261351424442,-12.991045981946478,21.138262545709342,2.476836247929121,7.2110504300159874,-46.36231169727214,20.016143025236317,-10.230444855291987,1.1264391593295044,-31.791217405651093,7.864485493530821,11.443710604073058,5.418696034350683,11.343073438682481,-27.228964631148052,-57.88551453452403,-43.96883914315706,-6.363945830072478,-4.08876174251663,35.276763453428465,-0.817569867761604,-4.861891101087812,11.696009454387658,55.97828539864693,-32.093560367181716,10.451083978894523,-17.597598937844385,-14.158210272211377,52.275768179736005,31.40414694315664,-15.670689555205287,-19.115361623580213,-13.635252387236102,-4.497648693948492
-17.79833651368739,-25.685595056847333,11.463993354664463,5.0931977814068325,60.85254014808128,41.1568094657899,-13.216377769650446,42.153600919338224,60.1850725930708,-45.51451739188553,-101.66486420147902,-27.840541547551943,45.12689468268026,5.16631979729966,15.48447384867665,-99.09850920555284,42.42835593384304,-21.93030557234284,2.4509933647864712,-68.10893496217285,16.965927365377798,24.224945797582944,11.343073438682481,24.243917698197773,-58.23958715116293,-123.43724137302095,-93.8563060292428,-13.48022891210007,-8.650981242176274,75.0498569950464,-1.4054761279374242,-10.215159523319358,24.94197765875892,119.31671131872253,-68.34015383640002,22.10010125833506,-37.49548764396841,-30.468287608331355,111.74442980295117,67.02240000819097,-33.213948884561155,-40.724930157721296,-28.93378778949577,-9.685511622221489
43.748384450268844,64.09576631041845,-28.539141896081418,-13.402519523304077,-147.56523750856508,-100.563251384028,31.90480139037822,-104.05688790390283,-148.03564720663195,112.15845078349096,250.64239291069612,67.86700292246599,-110.86033118673662,-11.883508155895566,-37.68609281442418,241.5624680436104,-103.89518344023847,54.119119703807726,-7.809290032525164,167.74484469726048,-41.62981971444681,-58.0333132048418,-27.228964631148052,-58.23958715116293,143.07676340533615,304.28657179070797,231.44638503572787,32.44520325051786,21.47648237886355,-183.7890824134391,2.8623676709475894,24.77208148668778,-60.54541849925801,-291.81339674240013,167.0800378679956,-52.36850645543347,92.5452839177069,75.57844596439342,-274.98240428222266,-165.0771604116576,80.12409206614268,99.9523250492067,70.49026902466701,24.34779951232929
92.86717257196935,137.13275219177427,-60.437368577748074,-29.01362202398322,-313.48636394216715,-214.2847342671081,67.6071032975802,-221.75099985163789,-315.51466592266695,238.97408333653053,533.8957749566184,143.97714392727582,-236.09538466687815,-25.18519624279716,-80.00357748380256,513.2721400078215,-221.1625916613262,115.24811568204258,-17.713054461331392,357.138895879137,-88.47754806741807,-123.0625870828972,-57.88551453452403,-123.43724137302095,304.28657179070797,648.7589923492833,493.41009340408715,68.79586671238052,45.75442657961904,-391.36765332091164,6.426798185747756,52.71425788060372,-128.45308341698666,-620.6081043126067,355.47781507037604,-110.90911752619844,197.316058010507,161.09233204497525,-585.7002686221232,-351.7129505907811,169.96921940234503,213.01956984121765,149.93848659983823,52.275877093521636
70.65796793574825,104.30776156156082,-46.06802209824298,-22.082159306000463,-238.27120328439904,-162.92317211739572,51.4106252073152,-168.7386544325099,-239.96794858516137,181.78598745129884,406.14775808094134,109.49583453059888,-179.57796967500357,-19.092985135415226,-60.86441049647237,390.32292200622675,-168.14213288565477,87.66260879301711,-13.530408962164623,271.6969747420776,-67.32196006592297,-93.49101252548054,-43.96883914315706,-93.8563060292428,231.44638503572787,493.41009340408715,375.3148262590964,52.25744163597096,34.80292805471593,-297.55893119558283,4.7505148995862125,40.05190856179701,-97.64009299019709,-471.8898711908327,270.27666130049346,-84.2155948773122,150.11666729464602,122.62513071929892,-445.47545612867617,-267.5273453400925,129.15431351405348,162.00220874191018,113.98608603287745,39.826966136020204
9.882183015872707,14.350014738501592,-6.343283360778878,-2.8404584144219363,-34.0335022684408,-22.889131231438483,7.355227076097774,-23.412064586837285,-33.44385332646967,25.327608284825963,56.583387781908385,15.54782371595066,-25.13282554536106,-2.879488794097574,-8.610820190706981,55.254235292259175,-23.766701036679123,12.245171267337373,-1.296126191953567,37.89595897716655,-9.422762110906133,-13.593913491768877,-6.363945830072478,-13.48022891210007,32.44520325051786,68.79586671238052,52.25744163597096,7.61122972894575,4.829977643329188,-41.934191927346845,0.8931829758167832,5.782106924195515,-13.97746955786259,-66.6620375894161,38.17217513389505,-12.346299173553641,20.83366995964294,16.862172396136252,-62.23349338085827,-37.34465220618849,18.640186767157235,22.684555050711083,16.205596972595302,5.257644564777986
6.550749767717277,9.702384772867683,-4.27398280416148,-2.0406009001348755,-21.97955835590003,-15.030623591082945,4.80809722176002,-15.64639460723116,-22.218486741483407,16.897285807341937,37.654120378655065,10.124267472307178,-16.642105672768064,-1.737389240116188,-5.61628284121552,36.089535881520725,-15.660497696535936,8.110673231651674,-1.2668846767286936,25.17467076453122,-6.193419687541264,-8.64085782960508,-4.08876174251663,-8.650981242176274,21.47648237886355,45.75442657961904,34.80292805471593,4.829977643329188,3.284928949838029,-27.572646820128277,0.39200798057988867,3.7213388758702326,-9.040258412336387,-43.734688011835054,25.044955148136637,-7.750986843083086,13.970043230995177,11.365940498638906,-41.24925278129902,-24.826150457013917,11.972973466256844,15.01123635523346,10.567924456260782,3.6818412331167574
-56.05218714967502,-82.43247835122473,36.287536494028195,17.142626568234125,190.30391958459793,129.57212133885062,-41.07717621535058,133.5938542545303,190.3733220946372,-144.11045357158355,-321.97438150281545,-87.20951302425536,142.57249421818148,15.551587574632517,48.43668479072127,-310.8154020003206,133.8457578126591,-69.51790298921466,9.851509484953938,-215.43596986770484,53.42968123742002,75.04107214658859,35.276763453428465,75.0498569950464,-183.7890824134391,-391.36765332091164,-297.55893119558283,-41.934191927346845,-27.572646820128277,236.75736152226986,-4.276580455909591,-32.07455402269212,77.98518676809182,375.58472134148013,-215.13696637759622,67.83536666140326,-118.92601612533429,-96.83837654457507,353.50009682052473,212.20705696316944,-103.41210191292315,-128.651056684264,-90.89964435834523,-31.178558636834975
0.7688141516166581,1.2867633489338492,-0.17964805020565303,-0.18136883714068458,-3.7816953332895316,-2.427359405283416,0.7287351011710159,-1.8987344543032907,-3.1744884079754487,2.1750050526656888,4.926392249947167,1.387936808884222,-2.318330639246397,-0.5711319953749501,-0.7864368381741428,5.332489081837571,-2.3504703574947583,1.0523326825505246,0.059939170912262744,3.2524654913629947,-0.8122287058248487,-1.6313236022718658,-0.817569867761604,-1.4054761279374242,2.8623676709475894,6.426798185747756,4.7505148995862125,0.8931829758167832,0.39200798057988867,-4.276580455909591,0.6890930340080429,0.6985346730764899,-1.4384128395999751,-6.503116816515212,3.81666392410371,-1.6938151521414255,1.8217474466687837,1.2142303105815515,-5.734224064559788,-3.3471113280066227,2.07043870949968,2.1878968846852778,1.7135403846486836,0.38628485559390724
7.505400025817257,11.088689409807438,-4.84105211637074,-2.2107562488735355,-25.882657024726324,-17.451493050886075,5.623032153389863,-17.9477403602791,-25.566095888325883,19.412535621132452,43.30774840572367,11.820849544794767,-19.234124101006845,-2.1637722353747235,-6.564786267498827,42.10022338488291,-18.2348596242576,9.351554773971772,-1.1049764917091802,28.987209417697045,-7.167502570902088,-10.326544467003378,-4.861891101087812,-10.215159523319358,24.77208148668778,52.71425788060372,40.05190856179701,5.782106924195515,3.7213388758702326,-32.07455402269212,0.6985346730764899,4.462199539562413,-10.629735334280259,-50.89012055376315,29.154836954579874,-9.311843376299244,16.003158094487784,12.91838074714453,-47.574042614940666,-28.61175022452661,14.18730041718701,17.36221781594845,12.402106262022112,4.065786447842098
-18.473482161353218,-26.901949118985737,11.946191636197755,5.4571480853067245,62.99573307603573,42.62601291009415,-13.620036498986925,43.81473411678091,62.50801378239322,-47.33554982165208,-105.73398670117543,-28.869810467261114,46.884445877710235,5.248722965324457,16.030348632389256,-102.7208506555625,44.14851649942999,-22.856440072665155,2.769404065700428,-70.83755885694558,17.587037425085537,25.001765676296046,11.696009454387658,24.94197765875892,-60.54541849925801,-128.45308341698666,-97.64009299019709,-13.97746955786259,-9.040258412336387,77.98518676809182,-1.4384128395999751,-10.629735334280259,25.904035817507303,123.92448652712278,-70.9609599323147,22.67235417994029,-38.972601758589306,-31.681529159474202,116.16805517801323,69.71314323251272,-34.398524894509166,-42.28571386511642,-30.01407448370149,-10.024788239168524
-89.1042610742725,-130.5049281696083,57.84383718772658,27.01410631605425,302.2078382794376,205.45299822931534,-65.29176936412823,211.95551273418428,301.8698922342695,-228.62564742149877,-510.880265127798,-138.66801171491377,226.20167633964468,24.643105605428346,76.96862669160964,-493.64142856497693,212.38272474678217,-110.34116064658835,15.160957622774982,-341.9029310742187,84.8834420299125,119.23957351226751,55.97828539864693,119.31671131872253,-291.81339674240013,-620.6081043126067,-471.8898711908327,-66.6620375894161,-43.734688011835054,375.58472134148013,-6.503116816515212,-50.89012055376315,123.92448652712278,596.2902159710322,-341.45427961054247,107.7660463912028,-188.5852612059506,-153.6432519795167,560.8470238125625,336.6569482633128,-164.32118412685327,-204.04391261082267,-144.29319406684436,-49.25748440318394
50.98754977524183,74.76388054147756,-33.0262980179532,-15.451903890168351,-173.0826749392968,-117.73013057109948,37.425924127790864,-121.36517334889494,-172.93758188091752,130.95084574202426,292.5440085961903,79.36710915133999,-129.54830250211802,-14.173003092589765,-44.070007868378816,282.6805429676748,-121.6702412482844,63.15052182686883,-8.716101341949429,195.77412475572208,-48.56474131057168,-68.31849328423782,-32.093560367181716,-68.34015383640002,167.0800378679956,355.47781507037604,270.27666130049346,38.17217513389505,25.044955148136637,-215.13696637759622,3.81666392410371,29.154836954579874,-70.9609599323147,-341.45427961054247,195.57592287834623,-61.80441996244266,108.03040349856965,87.95984609365611,-321.1817287643157,-192.80719869493487,94.14352917455597,116.8829933026272,82.63840369100207,28.249680634364275
-15.943955148522766,-22.90866439199386,9.962300677003862,4.3540642684722375,55.39933807794579,37.30845286258483,-12.071758469417338,37.64494061219623,54.22375129956238,-40.82358720758098,-91.11350966505458,-25.118287586483763,40.577332198292694,4.986267003159366,13.954874641814632,-89.61401391224193,38.370275613118736,-19.608852137068933,1.7872443067364736,-61.05877470973443,15.181914874728617,22.289115143588283,10.451083978894523,22.10010125833506,-52.36850645543347,-110.90911752619844,-84.2155948773122,-12.346299173553641,-7.750986843083086,67.83536666140326,-1.6938151521414255,-9.311843376299244,22.67235417994029,107.7660463912028,-61.80441996244266,20.630482833273586,-33.61459701236709,-27.078529604042224,100.4456530025315,60.145080423112944,-30.384396596447807,-36.67551837078974,-26.192664810848992,-8.546049334564133
28.2505885190705,41.728522766139264,-18.426890090408946,-8.787800748072982,-95.10194849091168,-65.09423414833307,20.64566681345492,-67.51768559922974,-95.95622726515532,72.76061776794828,162.43670191386965,43.7374511648402,-71.81154429052748,-7.604963432626982,-24.318003239754223,155.94889439976586,-67.28299762836676,34.99672747667008,-5.457586329447894,108.63447643188304,-26.867227714864445,-37.32400336375839,-17.597598937844385,-37.49548764396841,92.5452839177069,197.316058010507,150.11666729464602,20.83366995964294,13.970043230995177,-118.92601612533429,1.8217474466687837,16.003158094487784,-38.972601758589306,-188.5852612059506,108.03040349856965,-33.61459701236709,60.14194434582924,49.079851217464615,-178.07815453093463,-107.01400339914595,51.600529335084055,64.78262872028644,45.5604032854802,15.998823390926873
23.13840141457733,34.12281054542517,-15.261861264157686,-7.329442008416812,-77.29983489953777,-53.05135930363957,16.67987103673717,-55.27534678941147,-78.37182145561998,59.42084113134491,132.79986221666022,35.71251202918883,-58.625189543546206,-6.023167872924238,-19.840446348480757,127.1443043471899,-54.6618712619908,28.665543019181644,-4.712133858799583,88.85601612523192,-22.044862521750336,-30.175907748152124,-14.158210272211377,-30.468287608331355,75.57844596439342,161.09233204497525,122.62513071929892,16.862172396136252,11.365940498638906,-96.83837654457507,1.2142303105815515,12.91838074714453,-31.681529159474202,-153.6432519795167,87.95984609365611,-27.078529604042224,49.079851217464615,40.31850588470908,-145.49984033563564,-87.37503282659311,41.76991235271277,52.8246434071637,37.00660200752315,13.180558305640535
-84.03201421396132,-123.56809116267421,54.73318944918081,26.06832850405126,283.594011089486,193.62466501540902,-61.11736305735653,200.231027256418,284.9656498378503,-215.7010359768157,-482.2323292389833,-130.27795834268048,213.24538845986046,22.802712484887312,72.37225564929408,-464.11082430519195,199.60458596863842,-104.12863530606538,15.656133604754457,-322.6286978776301,80.09668556862938,111.31509495840304,52.275768179736005,111.74442980295117,-274.98240428222266,-585.7002686221232,-445.47545612867617,-62.23349338085827,-41.24925278129902,353.50009682052473,-5.734224064559788,-47.574042614940666,116.16805517801323,560.8470238125625,-321.1817287643157,100.4456530025315,-178.07815453093463,-145.49984033563564,529.1371328683689,317.570811965355,-153.65971041264956,-192.3396518056607,-135.4690638350454,-47.12458492497181
-50.402580696027215,-74.29009647949682,32.88924277063068,15.644754479301856,170.02040346140575,116.11599405581048,-36.74276516155252,120.28805977091895,171.0098206972249,-129.62957419261286,-289.56332494110876,-78.16413244114506,128.04388292984927,13.630427810531152,43.438793799945195,-278.4898821759638,119.99247663558879,-62.50060144344377,9.43987990257567,-193.71842422693175,47.99382453482917,66.78713348995254,31.40414694315664,67.02240000819097,-165.0771604116576,-351.7129505907811,-267.5273453400925,-37.34465220618849,-24.826150457013917,212.20705696316944,-3.3471113280066227,-28.61175022452661,69.71314323251272,336.6569482633128,-192.80719869493487,60.145080423112944,-107.01400339914595,-87.37503282659311,317.570811965355,190.7650344698401,-92.26824080559135,-115.50846369301816,-81.35211773548303,-28.289014592412425
24.399947652529345,35.50228147514721,-15.657495117829116,-7.019976457485618,-83.68355941782593,-56.50791629655342,18.22060971094289,-57.91493948210195,-82.70530046797698,62.67786034256071,139.80599424106407,38.2893952575613,-62.079470624309096,-7.093750915893286,-21.238355626077034,136.2395256202442,-58.67321910940197,30.166586402059114,-3.3751876136214563,93.64701021546624,-23.193772919576844,-33.41003904953276,-15.670689555205287,-33.213948884561155,80.12409206614268,169.96921940234503,129.15431351405348,18.640186767157235,11.972973466256844,-103.41210191292315,2.07043870949968,14.18730041718701,-34.398524894509166,-164.32118412685327,94.14352917455597,-30.384396596447807,51.600529335084055,41.76991235271277,-153.65971041264956,-92.26824080559135,45.88712507106255,56.02445721902726,39.88438939757745,13.163261156886652
30.493400663829537,44.934542060386576,-19.795352255730073,-9.429020794354606,-103.21754814462001,-70.4763004170058,22.27501971669657,-72.79073050489708,-103.63411156659097,78.4838336046948,175.28453065063945,47.33978724650758,-77.56243792439463,-8.38867815975467,-26.325481905993886,168.83030620832093,-72.7100597164019,37.82986912357389,-5.598686265060075,117.26612871439376,-29.058413947204443,-40.61938596905913,-19.115361623580213,-40.724930157721296,99.9523250492067,213.01956984121765,162.00220874191018,22.684555050711083,15.01123635523346,-128.651056684264,2.1878968846852778,17.36221781594845,-42.28571386511642,-204.04391261082267,116.8829933026272,-36.67551837078974,64.78262872028644,52.8246434071637,-192.3396518056607,-115.50846369301816,56.02445721902726,70.02553887741782,49.34143128669535,17.10753845662399
21.4958095058101,31.490378243004372,-13.915307517408833,-6.438659000300442,-73.27124580236645,-49.67197058925018,15.85632849261416,-51.154800662146265,-72.87579611558917,55.213671390372355,123.37244188566017,33.53972808570847,-54.67075218778089,-6.026505555035248,-18.628891979815975,119.42091799685605,-51.44184628571266,26.63486751170909,-3.497049753966135,82.53623637184205,-20.501239376586554,-28.974135528529512,-13.635252387236102,-28.93378778949577,70.49026902466701,149.93848659983823,113.98608603287745,16.205596972595302,10.567924456260782,-90.89964435834523,1.7135403846486836,12.402106262022112,-30.01407448370149,-144.29319406684436,82.63840369100207,-26.192664810848992,45.5604032854802,37.00660200752315,-135.4690638350454,-81.35211773548303,39.88438939757745,49.34143128669535,35.020548759181175,11.831153317762684
7.459385597509928,11.156013876382497,-4.885935075802856,-2.4932300497953976,-24.679440695863278,-17.225147267830913,5.328234858922136,-17.956853893645413,-25.50742710986928,19.248129283594228,43.051843620592365,11.348912132443383,-18.95705780329213,-1.9129531564343638,-6.363875333197803,40.72060235525824,-17.497127520186947,9.230867952077212,-1.9142204636102773,28.74432328816226,-7.121285552995962,-9.475269429492943,-4.497648693948492,-9.685511622221489,24.34779951232929,52.275877093521636,39.826966136020204,5.257644564777986,3.6818412331167574,-31.178558636834975,0.38628485559390724,4.065786447842098,-10.024788239168524,-49.25748440318394,28.249680634364275,-8.546049334564133,15.998823390926873,13.180558305640535,-47.12458492497181,-28.289014592412425,13.163261156886652,17.10753845662399,11.831153317762684,4.54005886592133
