V1,V2,V3,V4,V5,V6,V7,V8,V9,V10,V11,V12,V13,V14,V15,V16,V17,V18,V19,V20,V21,V22,V23,V24,V25,V26,V27,V28,V29,V30,V31,V32,V33,V34,V35,V36,V37,V38,V39,V40,V41,V42,V43,V44
3.8219280246334404,4.624099431420176,-2.059774950956284,2.2735511832200404,-0.6515607167103786,0.13611904240122472,-1.5921015388136586,-3.0322063838611597,-1.957842507713165,-0.5706038578784748,1.29596607860018,-0.019012033991247134,-1.3216616482383903,0.782547008747473,1.4323227169286288,-2.0831568233789364,1.0432008535384685,-1.051122097733604,0.040111614617539586,0.6372937511962835,-0.5630069954319407,0.6819189303992437,-0.9345273319367253,1.3531483398981117,1.0582895729719735,2.6646485636493966,-0.9574947536722802,-1.3725783057923564,0.44394606847213774,-0.5982821284018824,1.8006730407161209,-0.7077495518915335,-0.6862746950969698,3.6852055883188126,-1.1957927000117787,0.7663831941369549,0.9534089546400998,4.79561058035022,-0.1611511276358221,-0.25782714913789817,1.2483313131882945,0.6489272880279282,-3.224331557946064,0.7660454133963625
4.624099431420176,6.6544063715035255,-2.3746169427371617,2.8724292521336934,-0.7798179999320476,-0.2532947800611068,-1.7215998587020132,-4.29289730102651,-2.875649468671428,-0.2791713344851974,1.4396862161866961,0.10648594590121165,-0.5240310788314223,0.49702381735243517,1.6437963019215773,-2.9569025510118774,1.4751549851820818,-1.9712397946866087,0.5781327334850478,0.675540401920618,0.7038532273335781,1.235367351778064,-1.1301769950305356,2.1375383239045136,1.5865461920679513,3.725342701948592,-0.3537545717439803,-1.7285950501794385,0.8038016910754588,-0.3675847330333786,2.545525266000826,-0.5672986689044531,-1.245311875017214,5.351635207843926,-1.4648022768223445,1.660719894385512,0.9665435131008208,6.029342251112139,0.07331047388401812,-1.1160704087671534,1.6619808723302578,0.7090157571916668,-4.946713747479683,0.7265631879886008
-2.059774950956284,-2.3746169427371617,1.573186919594265,-1.3106016327072827,0.3035242032987382,-0.3006479817683367,1.095944808575213,1.4389952163095836,0.8838238083427136,0.6369708402777297,-1.0388999151093996,0.16887790339233433,1.372903786023948,-0.5642251297777079,-0.8416889683578342,0.8269792484002635,-0.49672617199730795,0.2671482204131428,-0.016563655332898698,-0.6923387009530114,1.3274415307679504,-0.11630350864158086,0.8909079014105502,-0.7277504488086907,-0.4863634041204615,-1.2322816505536618,1.0706058445572357,0.7793461776971516,0.014057745868815854,0.5314520844236349,-0.756237460519184,0.7611097698151894,0.5373428875169947,-1.8441974241227599,0.7582422585443921,0.10920078819718139,-0.539169315374404,-2.8560891338805026,0.2592291514640967,-0.1719940175507984,-0.43219723082764727,-0.23284930083488398,1.2817439633564056,-0.4314184443688969
2.2735511832200404,2.8724292521336934,-1.3106016327072827,1.5692657090439408,-0.4860483486313645,0.124187488068333,-0.980661410382323,-1.8024351615451168,-1.1573733608137482,-0.34718823931750037,1.039421106574866,-0.18883702282206613,-1.0092611037982555,0.5739927353968305,0.9532131479240068,-1.3612415970703244,0.6830810499027918,-0.5272344837831708,0.16399642075247167,0.6453760969394269,-0.5795396502550275,0.4485884082301261,-0.7762419786373467,0.9707771117274576,0.7358767482232712,1.7097210730114514,-0.7013933868271006,-0.7772594455821529,0.3137988500092691,-0.42879007163968025,0.8779688798686544,-0.3983294842958522,-0.5169416797832486,2.534391964724542,-0.8605236649847865,0.5329649193048547,0.6884120255005308,3.4168312132083725,-0.08687182219779246,-0.14903811705635397,0.8771923241734684,0.2340490653529152,-2.091819534946366,0.5391367139376246
-0.6515607167103786,-0.7798179999320476,0.3035242032987382,-0.4860483486313645,0.34761051124999476,0.10831997200905537,0.3836400428200872,0.6403106391182021,0.24458974300018752,0.12715322459427403,-0.39840860016501917,0.45337346899876085,0.4953412449344875,-0.3804788125003191,-0.3071037189925463,0.6370869999438729,-0.15140665750934182,-0.1240599076253235,-0.07390515035881216,-0.434746115047355,0.6260588623476291,-0.1975469277585836,0.47719594104923946,-0.25515175124058453,-0.27791858837332994,-0.47616021692220545,0.4157760861474921,0.32923344796215,-0.1309532019698441,0.3171401885250818,-0.11112539910174747,0.13966799287826676,0.1383786374683692,-1.026413375992532,0.38731180673938426,-0.2050723622075631,-0.6085953391483409,-1.311925069053501,-0.2532907716542489,-0.1094544637403109,-0.348931775705445,0.1310148790075029,0.7293091807428566,-0.13252750955923126
0.13611904240122472,-0.2532947800611068,-0.3006479817683367,0.124187488068333,0.10831997200905537,0.4362250501500219,-0.0860366465663102,0.35741397210330744,0.10258283437726656,-0.20719367828734156,0.1857134367315939,0.2242135713956482,-0.530614016201626,0.0889916114157639,0.14047063945830007,0.28691791999839933,0.008412318235561876,0.10805129042716696,-0.22754346284622076,-0.010696332637540414,-0.46697188832475234,-0.2633122650393799,0.0709670531364031,-0.10701067274569781,-0.12768641421522917,-0.06086146259792312,-0.3543540706386244,0.1159569081724575,-0.13064242161262762,-0.10559486505665895,-0.12163512940963436,-0.127745691889034,0.11266722287130246,-0.4116582625361332,-0.01817624900876713,-0.3840606911487706,-0.20670324120134134,0.14634975590431476,-0.40386375827993887,0.2972614543619279,-0.06363338134779845,0.13524894186002698,0.5098689213767079,0.20315469751101312
-1.5921015388136586,-1.7215998587020132,1.095944808575213,-0.980661410382323,0.3836400428200872,-0.0860366465663102,0.9403158166335471,1.196762017633478,0.5806571078739514,0.5746627998072885,-0.8614193642116125,0.47629749997613596,1.2681741411877907,-0.6454071830224625,-0.6797246825709887,0.7926223680418668,-0.32842005850182726,-0.07671737628717835,-0.008576755640392354,-0.7225216937201245,1.4537064126776962,-0.1305335244686118,0.8413042627314508,-0.4670696520329674,-0.40141638650943956,-0.8463600867200095,1.0087538436584227,0.7374399486512292,0.018735253006432518,0.5848475610843277,-0.5173429661812521,0.6396846507727801,0.3829186702325021,-1.5890442000239093,0.6075373438486227,0.07058334617258195,-0.7995483836604296,-2.3244274559937295,-0.01938066649867123,-0.2955225043216615,-0.4022844326146038,-0.03253561423849834,1.0788518693413685,-0.3324529081524203
-3.0322063838611597,-4.29289730102651,1.4389952163095836,-1.8024351615451168,0.6403106391182021,0.35741397210330744,1.196762017633478,2.9700266648031843,1.8248541398571894,0.1816558905624761,-0.8728320575121589,0.18781408379402734,0.37181322420703133,-0.45944736662157687,-1.0317829243256058,2.0869507756968866,-0.8965937133301716,1.1268898812138795,-0.35028689912786226,-0.5184734743918737,-0.24210099387059378,-0.8828337577804513,0.8648852425675037,-1.3317466821772848,-1.0569408007903236,-2.3842459574983046,0.31284618632773226,1.2414581032342493,-0.5460476677939131,0.32598620840325637,-1.6576785409435029,0.4103136889585119,0.7625280983019711,-3.617263756512071,1.0143396284315602,-1.1250903016333111,-0.9244382256107017,-3.914355062869959,-0.2995382749402273,0.650408847256533,-1.1072300709215077,-0.39178168520790296,3.320808247706482,-0.3872063511416144
-1.957842507713165,-2.875649468671428,0.8838238083427136,-1.1573733608137482,0.24458974300018752,0.10258283437726656,0.5806571078739514,1.8248541398571894,1.3360724982839283,-0.05553793615074179,-0.3854387753581869,-0.34653999440623035,-0.1809976364776082,-0.016381969724150805,-0.6328880318169672,1.2478594186513947,-0.6623738042105225,1.124096477374052,-0.20293303205628646,0.019954849661365234,-0.9665513949563981,-0.5725341131750256,0.19394958066996282,-0.9159805373457718,-0.658916104824364,-1.6859364376860986,-0.17963046758955725,0.6367423600413487,-0.4306015264475644,-0.02994352144645251,-1.2246641665326536,0.06677604836051418,0.44259962659675783,-2.128477850069146,0.5439516392182954,-0.8608668104893998,-0.15150644120133613,-2.2643402015007537,0.034882943894768724,0.6680130854077115,-0.7189000346949944,-0.4671309938407883,2.149047203089061,-0.28387496309316235
-0.5706038578784748,-0.2791713344851974,0.6369708402777297,-0.34718823931750037,0.12715322459427403,-0.20719367828734156,0.5746627998072885,0.1816558905624761,-0.05553793615074179,0.6656766459594602,-0.6575576818819054,0.4873299467526903,1.2709877026104992,-0.5408465212417892,-0.38617069172210017,0.04261757462670407,-0.01971355994793915,-0.5675927546358482,0.07403442917377229,-0.6387178078569592,1.7711881938395904,0.22334790043824307,0.564342584015879,0.07005571682561812,-0.022672017074081733,0.09022396767360001,0.9926132387238125,0.4286049988804029,0.29610555912062175,0.5676876314563717,-0.01225846887067325,0.5910282255315565,0.19835623783866593,-0.3755242575654816,0.15144137982429667,0.5273377301444018,-0.579518043048669,-0.9931454367121058,0.10027151184176601,-0.6078753039117394,4.680720344395611e-4,0.17359027394528648,-0.056859655880032875,-0.24919751412092572
1.29596607860018,1.4396862161866961,-1.0388999151093996,1.039421106574866,-0.39840860016501917,0.1857134367315939,-0.8614193642116125,-0.8728320575121589,-0.3854387753581869,-0.6575576818819054,1.1587145235643983,-0.6909187119278497,-1.5605582879384854,0.7536071785389327,0.7517325411137785,-0.7024315270090367,0.3288878025688669,0.36231298482767643,0.16191697083274176,1.0338811404977093,-1.8597801190672971,0.06321276000443948,-0.9664967840157451,0.45378636482124707,0.4098444814631514,0.6708395870095143,-1.1645596561511384,-0.6363453616308056,-0.07119179781996057,-0.6998126547234014,0.17730637862654516,-0.6081829635718363,-0.4745970465720117,1.6378045527136165,-0.5638804275047323,-0.1043067593441111,0.8997497990259504,2.5849751068233475,-0.04472094972573159,0.41467992864200093,0.463544234694562,-0.22908893350146872,-0.9733072245637598,0.45961718264321305
-0.019012033991247134,0.10648594590121165,0.16887790339233433,-0.18883702282206613,0.45337346899876085,0.2242135713956482,0.47629749997613596,0.18781408379402734,-0.34653999440623035,0.4873299467526903,-0.6909187119278497,1.2545024538501217,1.1830101836555331,-0.7372248188372538,-0.23778447401181843,0.38340317180428507,0.1252627773202908,-1.040872126605622,-0.18338853447567346,-1.0657612835482817,2.16447504144645,0.02893800347533261,0.9664742140402777,0.09609198507145539,-0.13240759111287703,0.3011641188895575,1.0256359664216659,0.43102776498448736,0.1785166320990832,0.7384680089443562,0.4565457418115575,0.4354441444391859,0.23693819061775387,-0.8010326806827288,0.2892961503055698,0.2532237179400905,-1.2036534939145629,-1.1427493313781776,-0.5351080295362184,-0.6571678436888158,-0.10095976917840829,0.694138232896389,0.1378332682514907,-0.05604746870828407
-1.3216616482383903,-0.5240310788314223,1.372903786023948,-1.0092611037982555,0.4953412449344875,-0.530614016201626,1.2681741411877907,0.37181322420703133,-0.1809976364776082,1.2709877026104992,-1.5605582879384854,1.1830101836555331,3.0235207831554454,-1.3706952682240248,-0.890605502834344,0.2852130265645458,-0.08735935472024123,-1.3116263046458865,0.22951822184013929,-1.5124655807589773,3.9553518116397655,0.3727270513702792,1.3917091994620894,-0.0532029619426231,-0.1617242419033782,-0.1016888508537268,2.3071809841281095,0.7267901588645337,0.45287336765213504,1.2208877730146972,0.29659389582439094,1.1516783049317925,0.27065294089875735,-1.0351536951087896,0.6625369394512675,1.000480687026582,-1.3591977610865629,-2.729622153182334,0.20333234696690713,-1.3406207164503,-0.2543602257573121,0.3605484750568688,-0.013278825977363311,-0.6200297706301507
0.782547008747473,0.49702381735243517,-0.5642251297777079,0.5739927353968305,-0.3804788125003191,0.0889916114157639,-0.6454071830224625,-0.45944736662157687,-0.016381969724150805,-0.5408465212417892,0.7536071785389327,-0.7372248188372538,-1.3706952682240248,0.7593699796557047,0.4816884714325886,-0.46505135005749465,0.08460826493530627,0.6268392922688849,-0.06197037023428556,0.7867198792282657,-1.8261709796549042,-0.018991289791124886,-0.7302856741127702,0.07622497239208378,0.193686740187089,0.21742828911732862,-1.0639955398100143,-0.45986217242560595,-0.09712304473597633,-0.6444588134578207,-0.05946227764521382,-0.47141245204012505,-0.13153478631375656,0.8983434848221772,-0.40289027882529244,-0.22981741865049865,0.9087146722709498,1.618511223329016,0.11712375412022215,0.5975897422254078,0.3000532844948578,-0.23140701938008224,-0.38004864744773537,0.30278051724729266
1.4323227169286288,1.6437963019215773,-0.8416889683578342,0.9532131479240068,-0.3071037189925463,0.14047063945830007,-0.6797246825709887,-1.0317829243256058,-0.6328880318169672,-0.38617069172210017,0.7517325411137785,-0.23778447401181843,-0.890605502834344,0.4816884714325886,0.6790331892659788,-0.8229608256308301,0.39611182538358886,-0.11217784040215119,0.05088582739863891,0.5145097222451456,-0.7867222547130582,0.18269386776422436,-0.5015108158192753,0.43253693626072887,0.4065776976139868,0.8994025580817052,-0.6456433434176176,-0.5751908084420413,0.10063960455810268,-0.45174606020301433,0.523113689234576,-0.3353355395028503,-0.3081055977571929,1.5181169416587514,-0.46119101753257574,0.19172298331197665,0.5936662819422808,2.17869910484019,-0.06803913641920305,0.12691285114226597,0.5295205778011055,0.06374841371147416,-1.1624308960878038,0.41985117824109774
-2.0831568233789364,-2.9569025510118774,0.8269792484002635,-1.3612415970703244,0.6370869999438729,0.28691791999839933,0.7926223680418668,2.0869507756968866,1.2478594186513947,0.04261757462670407,-0.7024315270090367,0.38340317180428507,0.2852130265645458,-0.46505135005749465,-0.8229608256308301,1.8312940536260545,-0.6479092396763301,0.6183622654053507,-0.2783787359929594,-0.5033314339877076,-0.04431643871560135,-0.6931308221675162,0.6479117727761962,-0.8626569582438374,-0.8223947633934248,-1.7448350642987027,0.2705311694950881,0.8805333346210236,-0.5285028544308403,0.4348207988388687,-1.0101613470133661,0.0766856946143261,0.46636386232579297,-2.871881593969149,0.8151879181136581,-1.018833258065816,-0.9725021909741018,-3.2265537980736907,-0.4444989924203541,0.3306956525329805,-0.9916102860680718,-0.059127558323825796,2.5052862958057127,-0.36144429712668324
1.0432008535384685,1.4751549851820818,-0.49672617199730795,0.6830810499027918,-0.15140665750934182,0.008412318235561876,-0.32842005850182726,-0.8965937133301716,-0.6623738042105225,-0.01971355994793915,0.3288878025688669,0.1252627773202908,-0.08735935472024123,0.08460826493530627,0.39611182538358886,-0.6479092396763301,0.3714890822170942,-0.501237406114433,0.12080116146077843,0.09919549345781323,0.3272758383215342,0.286849407075439,-0.14999776239051388,0.49262074251004156,0.3595463075515465,0.8859272707158811,-0.007160652015512637,-0.31920894211027673,0.21636194963908237,-0.03706218720194526,0.5605528245952744,-0.050654031359287754,-0.2419178102461149,1.1703112633637096,-0.3007714072601761,0.431424325161863,0.1306453385523747,1.368542957218026,-0.07500454902842554,-0.2930191171343095,0.4357780602593051,0.20630194120510625,-1.1300739952195984,0.22811493696402219
-1.051122097733604,-1.9712397946866087,0.2671482204131428,-0.5272344837831708,-0.1240599076253235,0.10805129042716696,-0.07671737628717835,1.1268898812138795,1.124096477374052,-0.5675927546358482,0.36231298482767643,-1.040872126605622,-1.3116263046458865,0.6268392922688849,-0.11217784040215119,0.6183622654053507,-0.501237406114433,1.5617233374852975,-0.14147361778820347,0.7877826572580364,-2.5219327512317338,-0.5190559314679055,-0.5293402595059711,-0.7619682646520493,-0.39219090352668284,-1.3323946475521802,-1.088862761611844,0.057609212012422945,-0.4900986711750166,-0.6705580121454566,-1.075434868759499,-0.3809624292242139,0.1715379593842503,-0.9396138523816754,0.15983749202008948,-0.9417056464638831,0.7582216495226198,-0.5051225970628793,0.2215218076429256,1.111942742453946,-0.3982426695854247,-0.7187919638539099,1.473658049030903,-0.004907774349511484
0.040111614617539586,0.5781327334850478,-0.016563655332898698,0.16399642075247167,-0.07390515035881216,-0.22754346284622076,-0.008576755640392354,-0.35028689912786226,-0.20293303205628646,0.07403442917377229,0.16191697083274176,-0.18338853447567346,0.22951822184013929,-0.06197037023428556,0.05088582739863891,-0.2783787359929594,0.12080116146077843,-0.14147361778820347,0.3526515160981536,0.22902794274749763,0.23099835842282934,0.2093716004016176,-0.2129550110011837,0.27591644466055615,0.20101223192629508,0.214311848286293,0.18782054592343245,-0.12299059213512496,0.0883061680606276,0.029974487019979266,0.09116388895224306,0.04257365115056639,-0.30572311627006393,0.6822797119887879,-0.05267040244567355,0.32654139645793595,0.14173856599584922,0.4509536402429097,0.1789035739743256,-0.29703970481023084,0.13084450859597369,-0.18120445793289067,-0.6247156016859622,-0.03676737996258812
0.6372937511962835,0.675540401920618,-0.6923387009530114,0.6453760969394269,-0.434746115047355,-0.010696332637540414,-0.7225216937201245,-0.5184734743918737,0.019954849661365234,-0.6387178078569592,1.0338811404977093,-1.0657612835482817,-1.5124655807589773,0.7867198792282657,0.5145097222451456,-0.5033314339877076,0.09919549345781323,0.7877826572580364,0.22902794274749763,1.1940235921297178,-2.2539033290050208,-0.002108104785667662,-1.0988181224821543,0.2039435322631493,0.2752250955355655,0.14202994435373567,-1.20613260279932,-0.5545505782663743,-0.17333901204258734,-0.7702847257853022,-0.20465067230322587,-0.607268974801721,-0.4337710946971964,1.2801858523479546,-0.45427306801018935,-0.25655456772138063,1.1034672048290641,1.9736514243794403,0.2397281326188958,0.5743448009249701,0.2511697760829075,-0.5287171858876871,-0.5307152607659954,0.25874481394348303
-0.5630069954319407,0.7038532273335781,1.3274415307679504,-0.5795396502550275,0.6260588623476291,-0.46697188832475234,1.4537064126776962,-0.24210099387059378,-0.9665513949563981,1.7711881938395904,-1.8597801190672971,2.16447504144645,3.9553518116397655,-1.8261709796549042,-0.7867222547130582,-0.04431643871560135,0.3272758383215342,-2.5219327512317338,0.23099835842282934,-2.2539033290050208,6.1438542533285245,0.7703795461180815,2.028678749143798,0.5321595257927028,0.10946336475798697,0.9459930602638066,3.233467228295625,0.8822410459405214,0.8860037009531543,1.877258610584218,1.0048860349316917,1.5897435850572261,0.3252150775843703,-0.5741645206887791,0.6111116054350828,1.7723872706999952,-2.116858222715608,-2.4802812859581582,-0.19553801877753785,-2.220284165407438,0.19596112580133745,1.0549452347201722,-1.0526951263141004,-0.4750271933776402
0.6819189303992437,1.235367351778064,-0.11630350864158086,0.4485884082301261,-0.1975469277585836,-0.2633122650393799,-0.1305335244686118,-0.8828337577804513,-0.5725341131750256,0.22334790043824307,0.06321276000443948,0.02893800347533261,0.3727270513702792,-0.018991289791124886,0.18269386776422436,-0.6931308221675162,0.286849407075439,-0.5190559314679055,0.2093716004016176,-0.002108104785667662,0.7703795461180815,0.43599780247467895,-0.09240567492968549,0.4821409686972875,0.36475263428574534,0.7904311064617651,0.32071128918526925,-0.22248073914762748,0.3209182914184327,0.12373253318855852,0.4655252746761697,0.1433049522227734,-0.1833087061859085,1.1195381633996562,-0.2532003090633094,0.6551261870354808,0.15241124182530785,0.9178888129547845,0.18685625524573574,-0.4803607333710865,0.4311490209910973,0.12750088941565452,-1.2026605270390192,0.04351604496377408
-0.9345273319367253,-1.1301769950305356,0.8909079014105502,-0.7762419786373467,0.47719594104923946,0.0709670531364031,0.8413042627314508,0.8648852425675037,0.19394958066996282,0.564342584015879,-0.9664967840157451,0.9664742140402777,1.3917091994620894,-0.7302856741127702,-0.5015108158192753,0.6479117727761962,-0.14999776239051388,-0.5293402595059711,-0.2129550110011837,-1.0988181224821543,2.028678749143798,-0.09240567492968549,1.203962594285141,-0.42531068790016624,-0.36314121221494877,-0.4493211993015588,1.158835158213477,0.6147989954529582,0.09783533935443703,0.6668862417349679,0.01631470981259404,0.6625355168115631,0.4792318413506487,-1.5109322668064333,0.6477558076262765,0.19189338727067337,-1.029153386778592,-2.1743618480250815,-0.2828284126969046,-0.41343700236041186,-0.25850160456896115,0.377165511994901,0.772328979656127,-0.16340378537504532
1.3531483398981117,2.1375383239045136,-0.7277504488086907,0.9707771117274576,-0.25515175124058453,-0.10701067274569781,-0.4670696520329674,-1.3317466821772848,-0.9159805373457718,0.07005571682561812,0.45378636482124707,0.09609198507145539,-0.0532029619426231,0.07622497239208378,0.43253693626072887,-0.8626569582438374,0.49262074251004156,-0.7619682646520493,0.27591644466055615,0.2039435322631493,0.5321595257927028,0.4821409686972875,-0.42531068790016624,0.9333686493096025,0.5677735673399255,1.3233181809186543,0.037294033773196,-0.3693921416236162,0.3341707628168012,0.10831443296783975,0.6671067185699888,-0.10814843049100578,-0.4262932772524723,1.7322397878812676,-0.56677019263512185,0.6284687101468515,0.11430630547999591,1.917321688614283,-0.03440163412282697,-0.5850343374599535,0.5672099468132769,0.2723128324803446,-1.6671940177810647,0.17073744202474528
1.0582895729719735,1.5865461920679513,-0.4863634041204615,0.7358767482232712,-0.27791858837332994,-0.12768641421522917,-0.40141638650943956,-1.0569408007903236,-0.658916104824364,-0.022672017074081733,0.4098444814631514,-0.13240759111287703,-0.1617242419033782,0.193686740187089,0.4065776976139868,-0.8223947633934248,0.3595463075515465,-0.39219090352668284,0.20101223192629508,0.2752250955355655,0.10946336475798697,0.36475263428574534,-0.36314121221494877,0.5677735673399255,0.4427598864064309,0.9315109965736073,-0.10096332027040839,-0.40174864003638117,0.2474987195476187,-0.11183822829892684,0.5033994355783029,-0.08319528506928993,-0.3073507057295045,1.4632592719822535,-0.411401806544607,0.5083722940263554,0.36880568680708187,1.628974926391045,0.1138502194593204,-0.28090652481897416,0.49622186131918655,0.07577326736940718,-1.322239713270179,0.18261328239166566
2.6646485636493966,3.725342701948592,-1.2322816505536618,1.7097210730114514,-0.47616021692220545,-0.06086146259792312,-0.8463600867200095,-2.3842459574983046,-1.6859364376860986,0.09022396767360001,0.6708395870095143,0.3011641188895575,-0.1016888508537268,0.21742828911732862,0.8994025580817052,-1.7448350642987027,0.8859272707158811,-1.3323946475521802,0.214311848286293,0.14202994435373567,0.9459930602638066,0.7904311064617651,-0.4493211993015588,1.3233181809186543,0.9315109965736073,2.370154829771818,0.004680786414742848,-0.755975090583583,0.6427922044479952,-0.02010807960725093,1.3847847915665434,-0.08413169832262486,-0.5055994964476791,2.9588642127013074,-0.9469695615957301,1.132112917498131,0.33271914888743886,3.441767592196502,-0.04116512643734233,-0.775225962926529,1.0969022944284212,0.5882954654632889,-2.851603549353494,0.4453278106002647
-0.9574947536722802,-0.3537545717439803,1.0706058445572357,-0.7013933868271006,0.4157760861474921,-0.3543540706386244,1.0087538436584227,0.31284618632773226,-0.17963046758955725,0.9926132387238125,-1.1645596561511384,1.0256359664216659,2.3071809841281095,-1.0639955398100143,-0.6456433434176176,0.2705311694950881,-0.007160652015512637,-1.088862761611844,0.18782054592343245,-1.20613260279932,3.233467228295625,0.32071128918526925,1.158835158213477,0.037294033773196,-0.10096332027040839,0.004680786414742848,1.8584077722225034,0.6186972317935681,0.3775054808943429,1.0352400250665856,0.2473001793627276,0.9332703552814167,0.2225943012326859,-0.796044259173264,0.5476797672432536,0.8337596979822102,-1.1526540790104465,-2.074516046730449,0.016083374157354967,-1.1221940643325197,-0.10737750141200107,0.36599155760105095,-0.1098977242199968,-0.3947727832021224
-1.3725783057923564,-1.7285950501794385,0.7793461776971516,-0.7772594455821529,0.32923344796215,0.1159569081724575,0.7374399486512292,1.2414581032342493,0.6367423600413487,0.4286049988804029,-0.6363453616308056,0.43102776498448736,0.7267901588645337,-0.45986217242560595,-0.5751908084420413,0.8805333346210236,-0.31920894211027673,0.057609212012422945,-0.12299059213512496,-0.5545505782663743,0.8822410459405214,-0.22248073914762748,0.6147989954529582,-0.3693921416236162,-0.40174864003638117,-0.755975090583583,0.6186972317935681,0.7749902089948442,-0.04165838071842078,0.4960147522524453,-0.6652718369389694,0.44878558861828244,0.40852086858032427,-1.602510137568504,0.399071871749964,-0.18436232842354797,-0.7789040117875882,-1.9248720818638323,-0.1915236844622267,-0.11413694740056428,-0.40199401982646854,0.03861116374314478,1.2469363061110224,-0.24823177862434329
0.44394606847213774,0.8038016910754588,0.014057745868815854,0.3137988500092691,-0.1309532019698441,-0.13064242161262762,0.018735253006432518,-0.5460476677939131,-0.4306015264475644,0.29610555912062175,-0.07119179781996057,0.1785166320990832,0.45287336765213504,-0.09712304473597633,0.10063960455810268,-0.5285028544308403,0.21636194963908237,-0.4900986711750166,0.0883061680606276,-0.17333901204258734,0.8860037009531543,0.3209182914184327,0.09783533935443703,0.3341707628168012,0.2474987195476187,0.6427922044479952,0.3775054808943429,-0.04165838071842078,0.3219613107060781,0.1613213991226126,0.3146292921001362,0.2671241564932146,-0.0206643265927324,0.6949358342361562,-0.19751363910997902,0.5611072007765578,-0.02573662879897598,0.5907314918491768,0.11077177735182747,-0.39254265258456195,0.34964645758567614,0.1591520774591447,-0.8111347621495234,0.041693461871749694
-0.5982821284018824,-0.3675847330333786,0.5314520844236349,-0.42879007163968025,0.3171401885250818,-0.10559486505665895,0.5848475610843277,0.32598620840325637,-0.02994352144645251,0.5676876314563717,-0.6998126547234014,0.7384680089443562,1.2208877730146972,-0.6444588134578207,-0.45174606020301433,0.4348207988388687,-0.03706218720194526,-0.6705580121454566,0.029974487019979266,-0.7702847257853022,1.877258610584218,0.12373253318855852,0.6668862417349679,0.10831443296783975,-0.11183822829892684,-0.02010807960725093,1.0352400250665856,0.4960147522524453,0.1613213991226126,0.7637729864363837,0.053084037418943734,0.45074165924887694,0.17538918482276683,-0.768070420129259,0.2935199782484623,0.3121552646595948,-0.9053141770779587,-1.4370671275533575,-0.18805724014619424,-0.6839594060486379,-0.14877767536714784,0.35766368210484184,0.16983044505605277,-0.26037412553436573
1.8006730407161209,2.545525266000826,-0.756237460519184,0.8779688798686544,-0.11112539910174747,-0.12163512940963436,-0.5173429661812521,-1.6576785409435029,-1.2246641665326536,-0.01225846887067325,0.17730637862654516,0.4565457418115575,0.29659389582439094,-0.05946227764521382,0.523113689234576,-1.0101613470133661,0.5605528245952744,-1.075434868759499,0.09116388895224306,-0.20465067230322587,1.0048860349316917,0.4655252746761697,0.01631470981259404,0.6671067185699888,0.5033994355783029,1.3847847915665434,0.2473001793627276,-0.6652718369389694,0.3146292921001362,0.053084037418943734,1.322874134569192,-0.11328791901957619,-0.3562508315628727,1.6666964286614168,-0.31144640647555927,0.695579199803963,0.05761361161341959,1.607816747518282,-0.0646182900830781,-0.5815883373915943,0.5395335903346247,0.5285899938935043,-1.8268238674147235,0.22658691346753834
-0.7077495518915335,-0.5672986689044531,0.7611097698151894,-0.3983294842958522,0.13966799287826676,-0.127745691889034,0.6396846507727801,0.4103136889585119,0.06677604836051418,0.5910282255315565,-0.6081829635718363,0.4354441444391859,1.1516783049317925,-0.47141245204012505,-0.3353355395028503,0.0766856946143261,-0.050654031359287754,-0.3809624292242139,0.04257365115056639,-0.607268974801721,1.5897435850572261,0.1433049522227734,0.6625355168115631,-0.10814843049100578,-0.08319528506928993,-0.08413169832262486,0.9332703552814167,0.44878558861828244,0.2671241564932146,0.45074165924887694,-0.11328791901957619,0.6652896922024901,0.2661955830904812,-0.5130470678328807,0.26118404105399495,0.4831909475105632,-0.500714636190708,-1.0218997519361328,0.08238315481245816,-0.43829338163446907,0.03018220114516853,0.07513651451621504,0.10848818660402135,-0.14600401901352583
-0.6862746950969698,-1.245311875017214,0.5373428875169947,-0.5169416797832486,0.1383786374683692,0.11266722287130246,0.3829186702325021,0.7625280983019711,0.44259962659675783,0.19835623783866593,-0.4745970465720117,0.23693819061775387,0.27065294089875735,-0.13153478631375656,-0.3081055977571929,0.46636386232579297,-0.2419178102461149,0.1715379593842503,-0.30572311627006393,-0.4337710946971964,0.3252150775843703,-0.1833087061859085,0.4792318413506487,-0.4262932772524723,-0.3073507057295045,-0.5055994964476791,0.2225943012326859,0.40852086858032427,-0.0206643265927324,0.17538918482276683,-0.3562508315628727,0.2661955830904812,0.4630799407425485,-1.1368043371172212,0.24425848786677834,-0.1867153356517021,-0.3179200478671345,-1.231090417896358,-0.07801028488840327,0.16090929532126608,-0.2015338364888966,0.10137461598188606,0.9018675132635671,-0.09353454322491513
3.6852055883188126,5.351635207843926,-1.8441974241227599,2.534391964724542,-1.026413375992532,-0.4116582625361332,-1.5890442000239093,-3.617263756512071,-2.128477850069146,-0.3755242575654816,1.6378045527136165,-0.8010326806827288,-1.0351536951087896,0.8983434848221772,1.5181169416587514,-2.871881593969149,1.1703112633637096,-0.9396138523816754,0.6822797119887879,1.2801858523479546,-0.5741645206887791,1.1195381633996562,-1.5109322668064333,1.7322397878812676,1.4632592719822535,2.9588642127013074,-0.796044259173264,-1.602510137568504,0.6949358342361562,-0.768070420129259,1.6666964286614168,-0.5130470678328807,-1.1368043371172212,5.1255259667221384,-1.4289271832884398,1.4689846625718,1.65564115546972,5.890855292566472,0.5199421179295893,-0.5758022464558478,1.6131864788910457,0.030871705832239804,-4.356851358994645,0.6784284238039028
-1.1957927000117787,-1.4648022768223445,0.7582422585443921,-0.8605236649847865,0.38731180673938426,-0.01817624900876713,0.6075373438486227,1.0143396284315602,0.5439516392182954,0.15144137982429667,-0.5638804275047323,0.2892961503055698,0.6625369394512675,-0.40289027882529244,-0.46119101753257574,0.8151879181136581,-0.3007714072601761,0.15983749202008948,-0.05267040244567355,-0.45427306801018935,0.6111116054350828,-0.2532003090633094,0.6477558076262765,-0.56677019263512185,-0.411401806544607,-0.9469695615957301,0.5476797672432536,0.399071871749964,-0.19751363910997902,0.2935199782484623,-0.31144640647555927,0.26118404105399495,0.24425848786677834,-1.4289271832884398,0.672848346723624,-0.2186355582921345,-0.5094025319207736,-1.9992363550625336,-0.11556744143986482,-0.009936673091773398,-0.4394614401213489,-0.05975040889468989,1.0404892974971842,-0.19042948095480924
0.7663831941369549,1.660719894385512,0.10920078819718139,0.5329649193048547,-0.2050723622075631,-0.3840606911487706,0.07058334617258195,-1.1250903016333111,-0.8608668104893998,0.5273377301444018,-0.1043067593441111,0.2532237179400905,1.000480687026582,-0.22981741865049865,0.19172298331197665,-1.018833258065816,0.431424325161863,-0.9417056464638831,0.32654139645793595,-0.25655456772138063,1.7723872706999952,0.6551261870354808,0.19189338727067337,0.6284687101468515,0.5083722940263554,1.132112917498131,0.8337596979822102,-0.18436232842354797,0.5611072007765578,0.3121552646595948,0.695579199803963,0.4831909475105632,-0.1867153356517021,1.4689846625718,-0.2186355582921345,1.1729243267292195,0.024265964872181144,1.0182857625128836,0.26281188714274245,-0.8525810553837532,0.657113474279569,0.20345589341438602,-1.7446160949397391,0.061906597030726006
0.9534089546400998,0.9665435131008208,-0.539169315374404,0.6884120255005308,-0.6085953391483409,-0.20670324120134134,-0.7995483836604296,-0.9244382256107017,-0.15150644120133613,-0.579518043048669,0.8997497990259504,-1.2036534939145629,-1.3591977610865629,0.9087146722709498,0.5936662819422808,-0.9725021909741018,0.1306453385523747,0.7582216495226198,0.14173856599584922,1.1034672048290641,-2.116858222715608,0.15241124182530785,-1.029153386778592,0.11430630547999591,0.36880568680708187,0.33271914888743886,-1.1526540790104465,-0.7789040117875882,-0.02573662879897598,-0.9053141770779587,0.05761361161341959,-0.500714636190708,-0.3179200478671345,1.65564115546972,-0.5094025319207736,0.024265964872181144,1.4646119981951058,2.202437035695493,0.5420137272946982,0.6117843090218035,0.4478672014641683,-0.5137027931723508,-0.9407475976500849,0.26818145017489575
4.79561058035022,6.029342251112139,-2.8560891338805026,3.4168312132083725,-1.311925069053501,0.14634975590431476,-2.3244274559937295,-3.914355062869959,-2.2643402015007537,-0.9931454367121058,2.5849751068233475,-1.1427493313781776,-2.729622153182334,1.618511223329016,2.17869910484019,-3.2265537980736907,1.368542957218026,-0.5051225970628793,0.4509536402429097,1.9736514243794403,-2.4802812859581582,0.9178888129547845,-2.1743618480250815,1.917321688614283,1.628974926391045,3.441767592196502,-2.074516046730449,-1.9248720818638323,0.5907314918491768,-1.4370671275533575,1.607816747518282,-1.0218997519361328,-1.231090417896358,5.890855292566472,-1.9992363550625336,1.0182857625128836,2.202437035695493,8.009391994285668,0.2165446405370059,0.13030068220519847,1.9215496309413476,0.00755335294652477,-4.48548377978436,1.1819694731017092
-0.1611511276358221,0.07331047388401812,0.2592291514640967,-0.08687182219779246,-0.2532907716542489,-0.40386375827993887,-0.01938066649867123,-0.2995382749402273,0.034882943894768724,0.10027151184176601,-0.04472094972573159,-0.5351080295362184,0.20333234696690713,0.11712375412022215,-0.06803913641920305,-0.4444989924203541,-0.07500454902842554,0.2215218076429256,0.1789035739743256,0.2397281326188958,-0.19553801877753785,0.18685625524573574,-0.2828284126969046,-0.03440163412282697,0.1138502194593204,-0.04116512643734233,0.016083374157354967,-0.1915236844622267,0.11077177735182747,-0.18805724014619424,-0.0646182900830781,0.08238315481245816,-0.07801028488840327,0.5199421179295893,-0.11556744143986482,0.26281188714274245,0.5420137272946982,0.2165446405370059,0.5875167698918542,0.01995687086486185,0.07148658261681769,-0.34447014555999045,-0.3502836315663791,-0.17445412859800022
-0.25782714913789817,-1.1160704087671534,-0.1719940175507984,-0.14903811705635397,-0.1094544637403109,0.2972614543619279,-0.2955225043216615,0.650408847256533,0.6680130854077115,-0.6078753039117394,0.41467992864200093,-0.6571678436888158,-1.3406207164503,0.5975897422254078,0.12691285114226597,0.3306956525329805,-0.2930191171343095,1.111942742453946,-0.29703970481023084,0.5743448009249701,-2.220284165407438,-0.4803607333710865,-0.41343700236041186,-0.5850343374599535,-0.28090652481897416,-0.775225962926529,-1.1221940643325197,-0.11413694740056428,-0.39254265258456195,-0.6839594060486379,-0.5815883373915943,-0.43829338163446907,0.16090929532126608,-0.5758022464558478,-0.009936673091773398,-0.8525810553837532,0.6117843090218035,0.13030068220519847,0.01995687086486185,1.0398847420753317,-0.2482434544167685,-0.38531541447746004,1.0841062494831628,0.14913505339470876
1.2483313131882945,1.6619808723302578,-0.43219723082764727,0.8771923241734684,-0.348931775705445,-0.06363338134779845,-0.4022844326146038,-1.1072300709215077,-0.7189000346949944,4.680720344395611e-4,0.463544234694562,-0.10095976917840829,-0.2543602257573121,0.3000532844948578,0.5295205778011055,-0.9916102860680718,0.4357780602593051,-0.3982426695854247,0.13084450859597369,0.2511697760829075,0.19596112580133745,0.4311490209910973,-0.25850160456896115,0.5672099468132769,0.49622186131918655,1.0969022944284212,-0.10737750141200107,-0.40199401982646854,0.34964645758567614,-0.14877767536714784,0.5395335903346247,0.03018220114516853,-0.2015338364888966,1.6131864788910457,-0.4394614401213489,0.657113474279569,0.4478672014641683,1.9215496309413476,0.07148658261681769,-0.2482434544167685,0.720593643628546,0.12961040718511996,-1.5035317822299468,0.3370506904332515
0.6489272880279282,0.7090157571916668,-0.23284930083488398,0.2340490653529152,0.1310148790075029,0.13524894186002698,-0.03253561423849834,-0.39178168520790296,-0.4671309938407883,0.17359027394528648,-0.22908893350146872,0.694138232896389,0.3605484750568688,-0.23140701938008224,0.06374841371147416,-0.059127558323825796,0.20630194120510625,-0.7187919638539099,-0.18120445793289067,-0.5287171858876871,1.0549452347201722,0.12750088941565452,0.377165511994901,0.2723128324803446,0.07577326736940718,0.5882954654632889,0.36599155760105095,0.03861116374314478,0.1591520774591447,0.35766368210484184,0.5285899938935043,0.07513651451621504,0.10137461598188606,0.030871705832239804,-0.05975040889468989,0.20345589341438602,-0.5137027931723508,0.00755335294652477,-0.34447014555999045,-0.38531541447746004,0.12961040718511996,0.5796724834102932,-0.37822098586627606,0.06621223413595351
-3.224331557946064,-4.946713747479683,1.2817439633564056,-2.091819534946366,0.7293091807428566,0.5098689213767079,1.0788518693413685,3.320808247706482,2.149047203089061,-0.056859655880032875,-0.9733072245637598,0.1378332682514907,-0.013278825977363311,-0.38004864744773537,-1.1624308960878038,2.5052862958057127,-1.1300739952195984,1.473658049030903,-0.6247156016859622,-0.5307152607659954,-1.0526951263141004,-1.2026605270390192,0.772328979656127,-1.6671940177810647,-1.322239713270179,-2.851603549353494,-0.1098977242199968,1.2469363061110224,-0.8111347621495234,0.16983044505605277,-1.8268238674147235,0.10848818660402135,0.9018675132635671,-4.356851358994645,1.0404892974971842,-1.7446160949397391,-0.9407475976500849,-4.48548377978436,-0.3502836315663791,1.0841062494831628,-1.5035317822299468,-0.37822098586627606,4.198472458614554,-0.513271951741547
0.7660454133963625,0.7265631879886008,-0.4314184443688969,0.5391367139376246,-0.13252750955923126,0.20315469751101312,-0.3324529081524203,-0.3872063511416144,-0.28387496309316235,-0.24919751412092572,0.45961718264321305,-0.05604746870828407,-0.6200297706301507,0.30278051724729266,0.41985117824109774,-0.36144429712668324,0.22811493696402219,-0.004907774349511484,-0.03676737996258812,0.25874481394348303,-0.4750271933776402,0.04351604496377408,-0.16340378537504532,0.17073744202474528,0.18261328239166566,0.4453278106002647,-0.3947727832021224,-0.24823177862434329,0.041693461871749694,-0.26037412553436573,0.22658691346753834,-0.14600401901352583,-0.09353454322491513,0.6784284238039028,-0.19042948095480924,0.061906597030726006,0.26818145017489575,1.1819694731017092,-0.17445412859800022,0.14913505339470876,0.3370506904332515,0.06621223413595351,-0.513271951741547,0.3409914446376607
