V1,V2,V3,V4,V5,V6,V7,V8,V9,V10,V11,V12,V13,V14,V15,V16,V17,V18,V19,V20,V21,V22,V23,V24,V25,V26,V27,V28,V29,V30,V31,V32,V33,V34,V35,V36,V37,V38,V39,V40,V41,V42,V43,V44
0.7434974421211824,-4.906679247363459,4.611313751351011,3.0218155799525945,-4.676798540733321,1.4734598362857974,1.4098060707130666,1.5113958984521045,1.8417054336203427,6.080379215183593,-1.5598821732281563,-0.3654124334403234,-0.8174315774875809,2.7263179242504343,0.6805725652417396,-6.026352926888292,-0.03132966424346154,0.630043871049814,-3.7669861081642377,-1.83164699132185,3.802987164904468,2.154005167299314,1.4874277440247767,0.7830031366727075,1.1409081342319825,5.650402338206996,0.597411061512299,5.044511225868783,5.83012686898976,-0.016643622581290516,-5.311244875610688,6.2871794810233865,6.370171706104888,1.847330895896853,-5.908630719949454,4.921792534678911,1.8220321213390578,7.414792985565712,2.278472886554653,0.823288496195312,5.770227152989839,1.276756115986655,-0.6990124581729729,1.2779145054719465
-4.906679247363459,66.95398407231562,-59.6452583976454,-40.29965773258414,61.69802605259906,-19.713178612164707,-27.990891342077934,-23.12717044044945,-15.718269991097667,-76.6569663371515,20.979935154650697,7.248781274806391,1.4169722600619938,-38.75040639271551,-4.953263796025655,82.38561396742725,-3.2517263255693667,-9.41264671824528,47.92017485336346,26.45828843830536,-53.67387697119075,-32.05338338754134,-18.060382249955406,-11.386367399030744,-17.86476761609035,-75.84715439486527,-3.6774083901323698,-65.7409259429876,-76.11846123865695,-1.5214151971887282,75.03325601417335,-90.42878935423126,-89.551607268078385,-21.192794161250827,76.98628915263801,-67.41976787759356,-24.851357890304968,-103.90801936116705,-30.676409118315785,-16.500595604527085,-79.16547686782857,-12.031194061693109,9.84341105430445,-20.946827315405084
4.611313751351011,-59.6452583976454,53.708382177819196,36.15591677605403,-55.2319157635294,17.649640966353658,24.582732328659937,20.375123275207493,14.725841287610729,69.3409382426365,-18.479770724364286,-6.274057726443654,-2.0506309933362705,34.48917391065027,4.720168590694146,-73.80068979517165,2.626888355362649,8.09376937251491,-43.2038587935865,-23.56220075811422,47.77761337361239,28.249346658970204,16.593189059081343,10.103791280138887,15.861385319115369,68.04240640700709,3.4790965995422773,59.13919839328241,68.31060353692668,1.090864555549896,-66.80780647552197,80.35725057983957,79.81212181932469,19.405885169772052,-69.03575742399917,60.80023389256883,22.199924328930884,92.80627125035946,27.35157404251613,14.408048538135898,70.57623847484692,11.079055116187648,-8.94397637137535,18.326061925795393
3.0218155799525945,-40.29965773258414,36.15591677605403,24.58018623213839,-37.22599124615946,11.998963216226217,17.036275398981147,13.75335560484532,9.765708327497487,46.89359273492781,-12.478424215155053,-4.173661252000624,-1.1103202057653963,23.52062873705053,3.0521648710244316,-49.992616909341734,1.9305944114177793,5.502510723058443,-29.138507263587417,-15.899310367171564,32.41618150400615,19.292788518344757,11.190124665918164,6.783679751436761,10.801301683414174,46.112539610102544,2.2299780455059426,39.975707696856134,46.22359828872887,0.8803602082987338,-45.27050957890724,54.49530036008061,54.02367327862454,13.09769698521581,-46.690396778070074,41.31400533262634,14.967344255900352,63.02393139392926,18.466611442481927,9.913180435895107,47.97137725236222,7.353638525346941,-6.029383002556968,12.54228241279471
-4.676798540733321,61.69802605259906,-55.2319157635294,-37.22599124615946,57.213793749436924,-18.370212296133463,-25.513832032314212,-21.181280617115,-14.953430174327087,-71.2001433544819,19.302138989846615,6.506956670504091,1.8408809910878305,-35.50091368938516,-4.759938849057688,76.10499394520257,-2.9131972964210116,-8.63940562124176,44.47815958012491,24.346574016814643,-49.57818728484617,-29.56460093137169,-16.78770160197627,-10.495639240921287,-16.333072958050312,-70.34461007401863,-3.5487825374237487,-60.84535916120202,-70.56131174941989,-1.3023629248354631,69.15640535595936,-83.31786601142281,-82.67694902149071,-19.85260682910347,71.24697441193648,-62.35090414458867,-22.86392936503829,-95.95172444150435,-28.255699161509526,-15.024560807893574,-73.31896997503081,-11.253421207388906,8.971980537656943,-19.186408553379266
1.4734598362857974,-19.713178612164707,17.649640966353658,11.998963216226217,-18.370212296133463,6.00663185171737,8.332827029256661,6.714373085764151,4.785928680149927,22.942851938500056,-6.153123260596034,-1.977474705130754,-0.6001151052826016,11.396160282469946,1.5132096943494386,-24.46632478194392,1.0083019680541474,2.789790556071726,-14.299628719772484,-7.778625121707075,15.98232066420497,9.61343010865605,5.383336593865345,3.3364243136476106,5.219888168680084,22.750854270430946,1.1029184157799594,19.55128313175926,22.72859158601256,0.4653409360620798,-22.20281841301631,26.777362305247447,26.58126363879219,6.43253430802655,-22.89082961798782,20.12844765922176,7.2554066373472175,30.937857687616553,8.992650554385563,4.86057223065413,23.75764955484891,3.557831401763349,-2.818292911581185,6.196640162883788
1.4098060707130666,-27.990891342077934,24.582732328659937,17.036275398981147,-25.513832032314212,8.332827029256661,13.31547713594619,9.85922441662562,5.462921604317849,31.761201294150844,-8.664335377777803,-3.150141363929042,0.6822144972169911,16.720772457010096,1.4929569285979327,-34.85007766903544,1.9092633205772231,3.997044612826075,-19.76924205319003,-11.162557468939237,22.876662208324145,13.930560429170628,7.41795751618731,4.7730856652487095,7.8527550883590065,31.997353996903566,0.8901465225653662,27.40996479346627,31.749581324575868,0.9475187128696876,-31.91293549643833,38.5622449624966,37.939902976563964,8.525694855600555,-32.02554762024986,28.80117832082014,10.270268810943477,44.296577217693276,12.776873507173105,7.672884234321155,33.62421139795189,4.274438578785682,-4.182420865425584,9.269826864117276
1.5113958984521045,-23.12717044044945,20.375123275207493,13.75335560484532,-21.181280617115,6.714373085764151,9.85922441662562,8.281187966449457,5.054137955097634,25.91716698113689,-7.302158061073135,-2.6916510005592293,0.03476290591389091,13.209784860303715,1.4449284667122904,-28.19213573312527,1.29397502389167,3.2131204956812756,-16.25974783506413,-9.10449022567225,18.56155303609854,11.039905492315278,6.071800350400706,4.002836557300849,6.251502912632835,25.84931265189209,1.0830998997811732,22.326037988776065,25.997750925464345,0.6383112411636567,-25.905116624593017,31.246800223203877,30.847309987944172,7.011368174986925,-26.28390180115329,22.886141938364098,8.599312926040769,35.73118570846183,10.633875629400324,5.931231361703594,27.125077955817943,3.9191865751028234,-3.27559884529647,7.4490943667641565
1.8417054336203427,-15.718269991097667,14.725841287610729,9.765708327497487,-14.953430174327087,4.785928680149927,5.462921604317849,5.054137955097634,5.445420352964853,19.56067645307626,-4.810457708664029,-1.2780901381321927,-1.8467400983334963,8.832043206463334,1.7527999827734424,-19.58417745665081,0.26560584275540844,1.8058996674652839,-12.011230358893163,-5.8301961322492035,12.471850930082073,7.132139539329628,4.878197011438948,2.489288123985242,3.91761405788073,18.394820217337024,1.4872176010593778,16.179173171095503,18.768700025624437,0.12781616703793836,-17.332535251272002,20.53541805378898,20.742118744811687,5.9858068181751705,-18.839564444324637,16.37822726795844,5.8928362164488215,24.479118766849886,7.309868385518297,3.2516684223500776,18.84840378498636,3.620259062187438,-2.2201432907127963,4.4790534159729685
6.080379215183593,-76.6569663371515,69.3409382426365,46.89359273492781,-71.2001433544819,22.942851938500056,31.761201294150844,25.91716698113689,19.56067645307626,90.25183887019693,-23.586659558797546,-7.723452661296805,-3.0844133895133385,44.52696536176931,6.20898828977048,-95.36493502279667,3.3569150561285968,10.178429881564535,-55.99555697299702,-30.117930606467485,61.60692064088031,36.43253303635412,21.748808759522003,12.824825860285518,20.39123413510785,88.2105452772819,4.568217522753486,76.61477294828418,88.48701286885965,1.4233156482704659,-86.01063175105583,103.31455483415543,102.76426555161453,25.56500964122295,-89.2793924794446,79.08733689825439,28.515792640755517,119.99289715502088,35.13703674844066,18.492381421692638,91.37465891585015,14.450181887041385,-11.504968859439474,23.52675185679311
-1.5598821732281563,20.979935154650697,-18.479770724364286,-12.478424215155053,19.302138989846615,-6.153123260596034,-8.664335377777803,-7.302158061073135,-4.810457708664029,-23.586659558797546,6.738989355584695,2.3122428811769677,0.32240554407890104,-12.068323800945974,-1.5144932372649182,25.56876013372725,-1.0582118210205838,-3.152004061829468,14.837738070777187,8.260074864416,-16.82283417283118,-10.162326266696759,-5.383813448309809,-3.6012880985885993,-5.5351878783102295,-23.56407387901812,-1.1940643877988177,-20.340989723802135,-23.700714654229756,-0.5671408550851338,23.46171073005295,-28.33036797023716,-27.992301651981673,-6.440967269653745,23.98311386765614,-20.620365730727556,-7.7232589676138,-32.312052237448334,-9.630672664496,-5.1479198944296325,-24.824172505343498,-3.6921252503288318,2.930767780849384,-6.638492589060717
-0.3654124334403234,7.248781274806391,-6.274057726443654,-4.173661252000624,6.506956670504091,-1.977474705130754,-3.150141363929042,-2.6916510005592293,-1.2780901381321927,-7.723452661296805,2.3122428811769677,1.0055479836629964,-0.2645223216036112,-4.143478651731662,-0.3693221400365018,8.702182948476153,-0.4297618836179748,-1.0651944644316818,4.908085648762853,2.915274908097881,-5.73367046071895,-3.4038313678861636,-1.7746487829918252,-1.2996673711746476,-2.0061979353342485,-7.81311143299928,-0.2525776030819143,-6.803485177799148,-7.865046095995626,-0.18609904771665578,8.10639825064948,-9.797805664501068,-9.606734512120934,-1.966194255515268,8.015419306763858,-6.9326327028861705,-2.7188825590362447,-10.97252945493889,-3.3387364867191667,-1.9140410999825144,-8.215002046024026,-1.1050654984171235,1.086418783372719,-2.3473400295501605
-0.8174315774875809,1.4169722600619938,-2.0506309933362705,-1.1103202057653963,1.8408809910878305,-0.6001151052826016,0.6822144972169911,0.03476290591389091,-1.8467400983334963,-3.0844133895133385,0.32240554407890104,-0.2645223216036112,1.8049577855357595,-0.6177768180821887,-0.8786499930194259,2.073687561810044,0.5451270671098921,-0.018952558133337672,1.8228340418020166,0.4986725861679383,-0.9207527110594218,-0.27263049954039914,-0.9414689853752755,-0.14843526295152082,-0.029114151954355197,-2.2154572383790887,-0.7430720752674915,-2.187262785252532,-2.3785391125297077,0.3965753684182522,1.3030887942078673,-1.3885736084931943,-1.7690620459099664,-1.3048538967956849,2.376754190150114,-1.9585989359416671,-0.5636957371818954,-2.1366960291405337,-0.6547649422444887,0.4751767485656916,-1.8000162006964004,-1.1127546129216483,0.3199173514750873,0.2270887705456389
2.7263179242504343,-38.75040639271551,34.48917391065027,23.52062873705053,-35.50091368938516,11.396160282469946,16.720772457010096,13.209784860303715,8.832043206463334,44.52696536176931,-12.068323800945974,-4.143478651731662,-0.6177768180821887,22.983969822579805,2.840224920755149,-47.99768708620919,1.9247420349685134,5.5457475638193845,-27.77315040418312,-15.414421235710249,31.113186330515003,18.7271187656759,10.496513139629938,6.522571085174083,10.480336797054104,44.08412168328968,2.015211850143414,38.29375688596575,44.08212731776763,0.9223950999778848,-43.62746385639061,52.57946359782424,51.992677561730225,12.271248153627187,-44.64826013544178,39.53430461932758,14.336564614097309,60.468285497368775,17.70934929515575,9.668051803735253,45.98878644495909,6.849148013618159,-5.928814487249748,12.13309449438308
0.6805725652417396,-4.953263796025655,4.720168590694146,3.0521648710244316,-4.759938849057688,1.5132096943494386,1.4929569285979327,1.4449284667122904,1.7527999827734424,6.20898828977048,-1.5144932372649182,-0.3693221400365018,-0.8786499930194259,2.840224920755149,0.7541886568412876,-6.216941809701543,-0.05251537832809661,0.6803162280083288,-3.8727441066239847,-1.9623028281394996,3.8385216727969627,2.226477262029434,1.5299282312925973,0.7931610729228519,1.1592357259017614,5.8318883093182325,0.5802032384001565,5.221674199574464,5.88811477631685,-0.08996168599420236,-5.434965311566844,6.470996170895234,6.582385676450344,1.9019798293891568,-5.988027728475845,5.153302114928749,1.8446294323305368,7.583722780375775,2.2392816207559267,0.830394027281887,5.85476034848857,1.2806985318326816,-0.8233124267987989,1.2294859813571082
-6.026352926888292,82.38561396742725,-73.80068979517165,-49.992616909341734,76.10499394520257,-24.46632478194392,-34.85007766903544,-28.19213573312527,-19.58417745665081,-95.36493502279667,25.56876013372725,8.702182948476153,2.073687561810044,-47.99768708620919,-6.216941809701543,102.07098794571469,-3.972516317313005,-11.4240468638786,59.42938062483588,32.63357385015063,-66.24551833820172,-39.508661689048765,-22.645096051700502,-13.951462595005665,-22.069781952701092,-94.10234079739506,-4.475613837861714,-81.54083174124574,-94.22675462487952,-1.7500554090673555,92.58796504842478,-111.51293074139058,-110.55230164425525,-26.51255956026451,95.2098054488097,-84.08663955128841,-30.544683465573947,-128.59714268770742,-37.70502789698955,-20.313834463504506,-97.90542876791545,-14.853463185492519,12.339006509732174,-25.643097354443807
-0.03132966424346154,-3.2517263255693667,2.626888355362649,1.9305944114177793,-2.9131972964210116,1.0083019680541474,1.9092633205772231,1.29397502389167,0.26560584275540844,3.3569150561285968,-1.0582118210205838,-0.4297618836179748,0.5451270671098921,1.9247420349685134,-0.05251537832809661,-3.972516317313005,0.4502297631471684,0.5305085251410324,-2.10677070657712,-1.2827233296068246,2.8080520678062553,1.8183284113331488,0.6881913722878994,0.5814749146283762,0.9836218147984108,3.679284580462945,-0.07589999203081074,2.968498747834239,3.581222014333011,0.26500208245742857,-3.819465843957554,4.679330099399699,4.51593446504632,0.8064506877532338,-3.5643329907986296,3.2060704589669835,1.1658700752110103,5.27197742834401,1.4691027946330704,1.1374215591663126,4.069601289842778,0.2459352294435491,-0.3615612577710178,1.3210582385849752
0.630043871049814,-9.41264671824528,8.09376937251491,5.502510723058443,-8.63940562124176,2.789790556071726,3.997044612826075,3.2131204956812756,1.8058996674652839,10.178429881564535,-3.152004061829468,-1.0651944644316818,-0.018952558133337672,5.5457475638193845,0.6803162280083288,-11.4240468638786,0.5305085251410324,1.7863457593843453,-6.51256577149381,-3.837842715695852,7.593592052799731,4.818553931591627,2.0883814541848853,1.6729219922134122,2.443204267009351,10.537042222026098,0.5179697817308164,8.972398214828464,10.49109463942834,0.2887531532919824,-10.605523537886349,12.949890392138371,12.689303269472383,2.6435911999067363,-10.656489315857858,8.963179027407703,3.359325814972018,14.411491625233587,4.281544847804192,2.2932472793072587,11.298208768217076,1.4796491920482553,-1.296741963338176,2.9993888323774742
-3.7669861081642377,47.92017485336346,-43.2038587935865,-29.138507263587417,44.47815958012491,-14.299628719772484,-19.76924205319003,-16.25974783506413,-12.011230358893163,-55.99555697299702,14.837738070777187,4.908085648762853,1.8228340418020166,-27.77315040418312,-3.8727441066239847,59.42938062483588,-2.10677070657712,-6.51256577149381,34.87801633794672,18.90153262393503,-38.475230292556255,-22.81667072020074,-13.394268694238868,-8.071185036819495,-12.710805316198183,-54.95470858428268,-2.8450362106118496,-47.70683490512448,-55.103958726018604,-0.89612869969181,53.73690053587477,-64.60906190613835,-64.24734487601128,-15.762016431984463,55.63703257733211,-49.041280844630855,-17.777586479351044,-74.76865005312739,-21.93423441031112,-11.557316470901458,-56.998714637594375,-8.963011445715912,7.143455326526248,-14.726948556663165
-1.83164699132185,26.45828843830536,-23.56220075811422,-15.899310367171564,24.346574016814643,-7.778625121707075,-11.162557468939237,-9.10449022567225,-5.8301961322492035,-30.117930606467485,8.260074864416,2.915274908097881,0.4986725861679383,-15.414421235710249,-1.9623028281394996,32.63357385015063,-1.2827233296068246,-3.837842715695852,18.90153262393503,10.730456606665625,-21.18378105413742,-12.665643069855394,-7.085656801216065,-4.580758868239269,-7.085249884162586,-29.941968685222182,-1.3672447106549936,-25.953899880602194,-29.906051642574358,-0.5034412038820809,29.689448890935694,-35.94442683467962,-35.535676628705374,-8.177374442357172,30.328935625075438,-26.70483064926362,-9.823428268031485,-41.039494973520625,-12.051098474368924,-6.516162791641156,-31.14502886084777,-4.6929417300105865,4.064070130721125,-8.193496289917057
3.802987164904468,-53.67387697119075,47.77761337361239,32.41618150400615,-49.57818728484617,15.98232066420497,22.876662208324145,18.56155303609854,12.471850930082073,61.60692064088031,-16.82283417283118,-5.73367046071895,-0.9207527110594218,31.113186330515003,3.8385216727969627,-66.24551833820172,2.8080520678062553,7.593592052799731,-38.475230292556255,-21.18378105413742,43.32415433665264,25.97435234388903,14.440720537536599,9.141571930327096,14.377317644074601,61.18021822549522,2.8156388748704577,52.771974638813774,61.26111358235431,1.340436837942496,-60.37040235821384,72.77416067346276,72.06965400029027,17.02417032456721,-61.83117754117652,54.284441890196675,19.819330005414802,83.72670513229741,24.577274924172222,13.422427766262187,63.979893140193575,9.430244385046043,-7.762183462671748,16.981992891364634
2.154005167299314,-32.05338338754134,28.249346658970204,19.292788518344757,-29.56460093137169,9.61343010865605,13.930560429170628,11.039905492315278,7.132139539329628,36.43253303635412,-10.162326266696759,-3.4038313678861636,-0.27263049954039914,18.7271187656759,2.226477262029434,-39.508661689048765,1.8183284113331488,4.818553931591627,-22.81667072020074,-12.665643069855394,25.97435234388903,15.909939047620636,8.331930432902325,5.4311508249292455,8.566335279899905,36.57458295113349,1.6272842900019395,31.38388439748572,36.500311999033876,0.9588322383562868,-36.163909329653436,43.71957839516085,43.191854501016564,10.033394118602013,-36.84140565500352,32.21802347332677,11.751187458196359,50.09727399190465,14.620736976468951,8.142540373648686,38.53353063298513,5.456412881478375,-4.546036702446347,10.305624435128708
1.4874277440247767,-18.060382249955406,16.593189059081343,11.190124665918164,-16.78770160197627,5.383336593865345,7.41795751618731,6.071800350400706,4.878197011438948,21.748808759522003,-5.383813448309809,-1.7746487829918252,-0.9414689853752755,10.496513139629938,1.5299282312925973,-22.645096051700502,0.6881913722878994,2.0883814541848853,-13.394268694238868,-7.085656801216065,14.440720537536599,8.331930432902325,5.480718310183423,2.9735128030938305,4.851900515565303,20.89473719281859,1.0902876827199066,18.312335561754402,20.98808133183897,0.22600413597110522,-20.222032624327156,24.195591235732962,24.162815944480695,6.268913614425557,-21.178445580929317,19.09817635876757,6.819741856703831,28.411775438295045,8.28027240172767,4.325773152492847,21.35842864853029,3.59477598124034,-2.862811927096781,5.428632512933447
0.7830031366727075,-11.386367399030744,10.103791280138887,6.783679751436761,-10.495639240921287,3.3364243136476106,4.7730856652487095,4.002836557300849,2.489288123985242,12.824825860285518,-3.6012880985885993,-1.2996673711746476,-0.14843526295152082,6.522571085174083,0.7931610729228519,-13.951462595005665,0.5814749146283762,1.6729219922134122,-8.071185036819495,-4.580758868239269,9.141571930327096,5.4311508249292455,2.9735128030938305,2.0123997908104743,3.041038358086815,12.805735392514503,0.5763205997068706,11.047025363462915,12.839194592172793,0.23676257742840381,-12.761558521605034,15.4392774150765,15.252019157354825,3.4360077061520933,-12.995150494786689,11.299965877225471,4.203280432527158,17.57085057532245,5.223065676360236,2.8152493850952482,13.383802118420409,1.9521723645797928,-1.661323682155588,3.565840169884426
1.1409081342319825,-17.86476761609035,15.861385319115369,10.801301683414174,-16.333072958050312,5.219888168680084,7.8527550883590065,6.251502912632835,3.91761405788073,20.39123413510785,-5.5351878783102295,-2.0061979353342485,-0.029114151954355197,10.480336797054104,1.1592357259017614,-22.069781952701092,0.9836218147984108,2.443204267009351,-12.710805316198183,-7.085249884162586,14.377317644074601,8.566335279899905,4.851900515565303,3.041038358086815,4.900592945568154,20.218980202114892,0.8027849122699748,17.52642128661241,20.233629814942617,0.4564335498522999,-20.129543476361615,24.244764572766,23.955224359017777,5.565582289836258,-20.464615624177913,18.183787321090325,6.6445521204151445,27.884761909531957,8.185185790454243,4.601510369384757,21.08922925402569,3.042726578423977,-2.697433226056742,5.6963072898548095
5.650402338206996,-75.84715439486527,68.04240640700709,46.112539610102544,-70.34461007401863,22.750854270430946,31.997353996903566,25.84931265189209,18.394820217337024,88.2105452772819,-23.56407387901812,-7.81311143299928,-2.2154572383790887,44.08412168328968,5.8318883093182325,-94.10234079739506,3.679284580462945,10.537042222026098,-54.95470858428268,-29.941968685222182,61.18021822549522,36.57458295113349,20.89473719281859,12.805735392514503,20.218980202114892,87.0914248091203,4.232160023333099,75.2793049351397,87.14559629721414,1.654652489916555,-85.31208762258646,102.7192694137828,101.96754589328319,24.692547225776313,-87.91889071691132,77.56125860149292,28.03856502342036,118.68376525218532,34.68334920152077,18.65451476151884,90.67263136875964,13.755572919047749,-11.169465272732063,23.650251004797383
0.597411061512299,-3.6774083901323698,3.4790965995422773,2.2299780455059426,-3.5487825374237487,1.1029184157799594,0.8901465225653662,1.0830998997811732,1.4872176010593778,4.568217522753486,-1.1940643877988177,-0.2525776030819143,-0.7430720752674915,2.015211850143414,0.5802032384001565,-4.475613837861714,-0.07589999203081074,0.5179697817308164,-2.8450362106118496,-1.3672447106549936,2.8156388748704577,1.6272842900019395,1.0902876827199066,0.5763205997068706,0.8027849122699748,4.232160023333099,0.5354964445534655,3.7924927118650453,4.383689721579148,-0.029067153420211125,-3.9364384882525876,4.675422473269325,4.753786240025822,1.4452081841690072,-4.445460897869278,3.622660893681006,1.382179990433928,5.496120599901091,1.7093798439755277,0.5393138139649468,4.339817358720029,1.0229722591908086,-0.5116622245922942,0.9151954982593675
5.044511225868783,-65.7409259429876,59.13919839328241,39.975707696856134,-60.84535916120202,19.55128313175926,27.40996479346627,22.326037988776065,16.179173171095503,76.61477294828418,-20.340989723802135,-6.803485177799148,-2.187262785252532,38.29375688596575,5.221674199574464,-81.54083174124574,2.968498747834239,8.972398214828464,-47.70683490512448,-25.953899880602194,52.771974638813774,31.38388439748572,18.312335561754402,11.047025363462915,17.52642128661241,75.2793049351397,3.7924927118650453,65.40046194158047,75.430072835934,1.2879679105645558,-73.79939986627244,88.73892391221116,88.1556008664096,21.508584325338806,-76.21740935713869,67.32289654513994,24.4064510835485,102.61169598417983,30.068916909404194,15.983182202352111,78.12519525803727,12.181094688700492,-9.892782285277955,20.28145260121267
5.83012686898976,-76.11846123865695,68.31060353692668,46.22359828872887,-70.56131174941989,22.72859158601256,31.749581324575868,25.997750925464345,18.768700025624437,88.48701286885965,-23.700714654229756,-7.865046095995626,-2.3785391125297077,44.08212731776763,5.88811477631685,-94.22675462487952,3.581222014333011,10.49109463942834,-55.103958726018604,-29.906051642574358,61.26111358235431,36.500311999033876,20.98808133183897,12.839194592172793,20.233629814942617,87.14559629721414,4.383689721579148,75.430072835934,87.41966838611748,1.6555129288243553,-85.42800781509844,102.78373116618974,102.03269628009485,24.81221063772529,-88.20710706553022,77.56220764663546,28.184623493196106,118.8138050888679,34.90177255208742,18.587540761592244,90.7610404874256,13.940869431336118,-11.131464538692477,23.676279828356623
-0.016643622581290516,-1.5214151971887282,1.090864555549896,0.8803602082987338,-1.3023629248354631,0.4653409360620798,0.9475187128696876,0.6383112411636567,0.12781616703793836,1.4233156482704659,-0.5671408550851338,-0.18609904771665578,0.3965753684182522,0.9223950999778848,-0.08996168599420236,-1.7500554090673555,0.26500208245742857,0.2887531532919824,-0.89612869969181,-0.5034412038820809,1.340436837942496,0.9588322383562868,0.22600413597110522,0.23676257742840381,0.4564335498522999,1.654652489916555,-0.029067153420211125,1.2879679105645558,1.6555129288243553,0.24802198479079904,-1.7753404246754243,2.175122327032933,2.053937296079539,0.3524054220292203,-1.631041787707296,1.3383740315700607,0.5201776222470146,2.460170393766797,0.7121181525552117,0.6011075789906857,2.0028704547596594,0.07405245753841856,-0.05945021070443409,0.7307685016304504
-5.311244875610688,75.03325601417335,-66.80780647552197,-45.27050957890724,69.15640535595936,-22.20281841301631,-31.91293549643833,-25.905116624593017,-17.332535251272002,-86.01063175105583,23.46171073005295,8.10639825064948,1.3030887942078673,-43.62746385639061,-5.434965311566844,92.58796504842478,-3.819465843957554,-10.605523537886349,53.73690053587477,29.689448890935694,-60.37040235821384,-36.163909329653436,-20.222032624327156,-12.761558521605034,-20.129543476361615,-85.31208762258646,-3.9364384882525876,-73.79939986627244,-85.42800781509844,-1.7753404246754243,84.34768199515163,-101.64855061813154,-100.65023590461354,-23.739152533387273,86.33964029573106,-75.89753504632047,-27.770156043944063,-116.85084782920931,-34.33429698619927,-18.706226517523536,-89.07863401203691,-13.243780168946557,11.049679819107645,-23.614053634472526
6.2871794810233865,-90.42878935423126,80.35725057983957,54.49530036008061,-83.31786601142281,26.777362305247447,38.5622449624966,31.246800223203877,20.53541805378898,103.31455483415543,-28.33036797023716,-9.797805664501068,-1.3885736084931943,52.57946359782424,6.470996170895234,-111.51293074139058,4.679330099399699,12.949890392138371,-64.60906190613835,-35.94442683467962,72.77416067346276,43.71957839516085,24.195591235732962,15.4392774150765,24.244764572766,102.7192694137828,4.675422473269325,88.73892391221116,102.78373116618974,2.175122327032933,-101.64855061813154,122.7193397129224,121.38092082596182,28.39675693615411,-103.91730137694252,91.30607163181132,33.46542343911221,140.80889054428286,41.34430329349134,22.60248682388592,107.37245415645002,15.855778266564336,-13.323358005522147,28.509385712963947
6.370171706104888,-89.551607268078385,79.81212181932469,54.02367327862454,-82.67694902149071,26.58126363879219,37.939902976563964,30.847309987944172,20.742118744811687,102.76426555161453,-27.992301651981673,-9.606734512120934,-1.7690620459099664,51.992677561730225,6.582385676450344,-110.55230164425525,4.51593446504632,12.689303269472383,-64.24734487601128,-35.535676628705374,72.06965400029027,43.191854501016564,24.162815944480695,15.252019157354825,23.955224359017777,101.96754589328319,4.753786240025822,88.1556008664096,102.03269628009485,2.053937296079539,-100.65023590461354,121.38092082596182,120.24340144348176,28.393982110131898,-103.11309988185084,90.63516549502572,33.142460110796364,139.50418524416793,40.924545732314655,22.246044752482916,106.4002431267711,15.897738158237619,-13.194614265835314,28.113209388544334
1.847330895896853,-21.192794161250827,19.405885169772052,13.09769698521581,-19.85260682910347,6.43253430802655,8.525694855600555,7.011368174986925,5.9858068181751705,25.56500964122295,-6.440967269653745,-1.966194255515268,-1.3048538967956849,12.271248153627187,1.9019798293891568,-26.51255956026451,0.8064506877532338,2.6435911999067363,-15.762016431984463,-8.177374442357172,17.02417032456721,10.033394118602013,6.268913614425557,3.4360077061520933,5.565582289836258,24.692547225776313,1.4452081841690072,21.508584325338806,24.81221063772529,0.3524054220292203,-23.739152533387273,28.39675693615411,28.393982110131898,7.50989774917808,-24.966508518790214,22.212032233041825,7.933286337833942,33.367852264589686,9.71791639448562,4.982810327374393,25.46876290667535,4.256724496700177,-3.164173947945888,6.413440880319161
-5.908630719949454,76.98628915263801,-69.03575742399917,-46.690396778070074,71.24697441193648,-22.89082961798782,-32.02554762024986,-26.28390180115329,-18.839564444324637,-89.2793924794446,23.98311386765614,8.015419306763858,2.376754190150114,-44.64826013544178,-5.988027728475845,95.2098054488097,-3.5643329907986296,-10.656489315857858,55.63703257733211,30.328935625075438,-61.83117754117652,-36.84140565500352,-21.178445580929317,-12.995150494786689,-20.464615624177913,-87.91889071691132,-4.445460897869278,-76.21740935713869,-88.20710706553022,-1.631041787707296,86.33964029573106,-103.91730137694252,-103.11309988185084,-24.966508518790214,89.1034928143713,-78.31268672040414,-28.542674173948278,-119.96115620257372,-35.27974625001288,-18.741644901018898,-91.52681256897453,-14.146187982184216,11.364060703800533,-23.876434773557904
4.921792534678911,-67.41976787759356,60.80023389256883,41.31400533262634,-62.35090414458867,20.12844765922176,28.80117832082014,22.886141938364098,16.37822726795844,79.08733689825439,-20.620365730727556,-6.9326327028861705,-1.9585989359416671,39.53430461932758,5.153302114928749,-84.08663955128841,3.2060704589669835,8.963179027407703,-49.041280844630855,-26.70483064926362,54.284441890196675,32.21802347332677,19.09817635876757,11.299965877225471,18.183787321090325,77.56125860149292,3.622660893681006,67.32289654513994,77.56220764663546,1.3383740315700607,-75.89753504632047,91.30607163181132,90.63516549502572,22.212032233041825,-78.31268672040414,69.96658143733136,25.112353439858328,105.90354680953737,30.833181098541175,16.68039265210235,80.33645865657999,12.339434859928257,-10.35113100605449,20.890052280832414
1.8220321213390578,-24.851357890304968,22.199924328930884,14.967344255900352,-22.86392936503829,7.2554066373472175,10.270268810943477,8.599312926040769,5.8928362164488215,28.515792640755517,-7.7232589676138,-2.7188825590362447,-0.5636957371818954,14.336564614097309,1.8446294323305368,-30.544683465573947,1.1658700752110103,3.359325814972018,-17.777586479351044,-9.823428268031485,19.819330005414802,11.751187458196359,6.819741856703831,4.203280432527158,6.6445521204151445,28.03856502342036,1.382179990433928,24.4064510835485,28.184623493196106,0.5201776222470146,-27.770156043944063,33.46542343911221,33.142460110796364,7.933286337833942,-28.542674173948278,25.112353439858328,9.347293150277762,38.5161502286354,11.388841598152261,6.101275696945657,29.169740350387105,4.5755631584222245,-3.7325328319134092,7.7301689065927865
7.414792985565712,-103.90801936116705,92.80627125035946,63.02393139392926,-95.95172444150435,30.937857687616553,44.296577217693276,35.73118570846183,24.479118766849886,119.99289715502088,-32.312052237448334,-10.97252945493889,-2.1366960291405337,60.468285497368775,7.583722780375775,-128.59714268770742,5.27197742834401,14.411491625233587,-74.76865005312739,-41.039494973520625,83.72670513229741,50.09727399190465,28.411775438295045,17.57085057532245,27.884761909531957,118.68376525218532,5.496120599901091,102.61169598417983,118.8138050888679,2.460170393766797,-116.85084782920931,140.80889054428286,139.50418524416793,33.367852264589686,-119.96115620257372,105.90354680953737,38.5161502286354,162.4260221630254,47.552533037851006,25.9331386554089,123.78346890969895,18.528055486771205,-15.325672417044894,32.68767104371536
2.278472886554653,-30.676409118315785,27.35157404251613,18.466611442481927,-28.255699161509526,8.992650554385563,12.776873507173105,10.633875629400324,7.309868385518297,35.13703674844066,-9.630672664496,-3.3387364867191667,-0.6547649422444887,17.70934929515575,2.2392816207559267,-37.70502789698955,1.4691027946330704,4.281544847804192,-21.93423441031112,-12.051098474368924,24.577274924172222,14.620736976468951,8.28027240172767,5.223065676360236,8.185185790454243,34.68334920152077,1.7093798439755277,30.068916909404194,34.90177255208742,0.7121181525552117,-34.33429698619927,41.34430329349134,40.924545732314655,9.71791639448562,-35.27974625001288,30.833181098541175,11.388841598152261,47.552533037851006,14.125664654363863,7.544627509685519,36.236523731163985,5.501351944835423,-4.466223191170465,9.59482570823745
0.823288496195312,-16.500595604527085,14.408048538135898,9.913180435895107,-15.024560807893574,4.86057223065413,7.672884234321155,5.931231361703594,3.2516684223500776,18.492381421692638,-5.1479198944296325,-1.9140410999825144,0.4751767485656916,9.668051803735253,0.830394027281887,-20.313834463504506,1.1374215591663126,2.2932472793072587,-11.557316470901458,-6.516162791641156,13.422427766262187,8.142540373648686,4.325773152492847,2.8152493850952482,4.601510369384757,18.65451476151884,0.5393138139649468,15.983182202352111,18.587540761592244,0.6011075789906857,-18.706226517523536,22.60248682388592,22.246044752482916,4.982810327374393,-18.741644901018898,16.68039265210235,6.101275696945657,25.9331386554089,7.544627509685519,4.560213833763063,19.663669328319664,2.545425382018727,-2.35923272428347,5.532470787928089
5.770227152989839,-79.16547686782857,70.57623847484692,47.97137725236222,-73.31896997503081,23.75764955484891,33.62421139795189,27.125077955817943,18.84840378498636,91.37465891585015,-24.824172505343498,-8.215002046024026,-1.8000162006964004,45.98878644495909,5.85476034848857,-97.90542876791545,4.069601289842778,11.298208768217076,-56.998714637594375,-31.14502886084777,63.979893140193575,38.53353063298513,21.35842864853029,13.383802118420409,21.08922925402569,90.67263136875964,4.339817358720029,78.12519525803727,90.7610404874256,2.0028704547596594,-89.07863401203691,107.37245415645002,106.4002431267711,25.46876290667535,-91.52681256897453,80.33645865657999,29.169740350387105,123.78346890969895,36.236523731163985,19.663669328319664,94.89940473034424,14.061152402189554,-11.37072910734791,24.99141267351498
1.276756115986655,-12.031194061693109,11.079055116187648,7.353638525346941,-11.253421207388906,3.557831401763349,4.274438578785682,3.9191865751028234,3.620259062187438,14.450181887041385,-3.6921252503288318,-1.1050654984171235,-1.1127546129216483,6.849148013618159,1.2806985318326816,-14.853463185492519,0.2459352294435491,1.4796491920482553,-8.963011445715912,-4.6929417300105865,9.430244385046043,5.456412881478375,3.59477598124034,1.9521723645797928,3.042726578423977,13.755572919047749,1.0229722591908086,12.181094688700492,13.940869431336118,0.07405245753841856,-13.243780168946557,15.855778266564336,15.897738158237619,4.256724496700177,-14.146187982184216,12.339434859928257,4.5755631584222245,18.528055486771205,5.501351944835423,2.545425382018727,14.061152402189554,2.7256122731178936,-1.865842732778974,3.4302666350551547
-0.6990124581729729,9.84341105430445,-8.94397637137535,-6.029383002556968,8.971980537656943,-2.818292911581185,-4.182420865425584,-3.27559884529647,-2.2201432907127963,-11.504968859439474,2.930767780849384,1.086418783372719,0.3199173514750873,-5.928814487249748,-0.8233124267987989,12.339006509732174,-0.3615612577710178,-1.296741963338176,7.143455326526248,4.064070130721125,-7.762183462671748,-4.546036702446347,-2.862811927096781,-1.661323682155588,-2.697433226056742,-11.169465272732063,-0.5116622245922942,-9.892782285277955,-11.131464538692477,-0.05945021070443409,11.049679819107645,-13.323358005522147,-13.194614265835314,-3.164173947945888,11.364060703800533,-10.35113100605449,-3.7325328319134092,-15.325672417044894,-4.466223191170465,-2.35923272428347,-11.37072910734791,-1.865842732778974,1.7744383448273988,-2.885976587645755
1.2779145054719465,-20.946827315405084,18.326061925795393,12.54228241279471,-19.186408553379266,6.196640162883788,9.269826864117276,7.4490943667641565,4.4790534159729685,23.52675185679311,-6.638492589060717,-2.3473400295501605,0.2270887705456389,12.13309449438308,1.2294859813571082,-25.643097354443807,1.3210582385849752,2.9993888323774742,-14.726948556663165,-8.193496289917057,16.981992891364634,10.305624435128708,5.428632512933447,3.565840169884426,5.6963072898548095,23.650251004797383,0.9151954982593675,20.28145260121267,23.676279828356623,0.7307685016304504,-23.614053634472526,28.509385712963947,28.113209388544334,6.413440880319161,-23.876434773557904,20.890052280832414,7.7301689065927865,32.68767104371536,9.59482570823745,5.532470787928089,24.99141267351498,3.4302666350551547,-2.885976587645755,6.920075753477944
