V1,V2,V3,V4,V5,V6,V7,V8,V9,V10,V11,V12,V13,V14,V15,V16,V17,V18,V19,V20,V21,V22,V23,V24,V25,V26,V27,V28,V29,V30,V31,V32,V33,V34,V35,V36,V37,V38,V39,V40,V41,V42,V43,V44
0.15466122730482573,0.6425048056516595,0.32463300932482436,0.00252942797643477,0.13794284109557733,-0.234528523689758,0.35606896859881315,-0.29646679262459663,-0.37476377564821267,0.5993281644917327,-0.5137791578595591,0.7043339211601425,1.340522176399951,-0.654926330563106,-0.2071824356869233,-0.11798454603648378,0.24205646741364117,-1.0495469564982078,0.16361691456206354,-0.4806175908650172,2.052787943413657,0.2973575091441935,0.606694274968965,0.22213033355988052,0.15889161811192531,0.4638457612064253,1.0497318965242997,0.15073136718142752,0.39428626203506006,0.6555485362905533,0.4920955803843973,0.36685655652017923,-0.13138969654899163,0.22232424373485105,0.0431567606123395,0.61441195500374,-0.5660424882464867,-0.42129993742062327,0.07635126570610518,-0.7716286161367774,0.10130992451731193,0.43381822236340384,-0.6104030652364739,-0.09629729292760639
0.6425048056516595,6.843870076760132,2.4658891321118954,-0.2822973131803893,1.649760785934928,-2.0469918203418653,3.340621344010212,-3.7858665140275902,-4.916039706748807,4.9574186500090835,-4.610498279051565,6.234778688138974,11.970310253708696,-5.469102514568009,-1.5459022373893976,-1.7930293243430808,1.8121418390163146,-8.766777739102832,1.7410146841194905,-6.225364213980365,18.89863659404595,3.177955497202583,4.924346151753257,3.143828544077722,1.4110575595994082,4.86224273842901,9.82658771651435,1.3026604140075937,2.772078016398639,5.501361257730191,4.762524520753655,4.2185361605764085,-0.4445103837596518,1.8765392853474676,1.3318345733236665,6.481887942615749,-5.773817294077312,-4.322755125313152,-0.37582280921776584,-7.92409345540216,1.1748225428693684,3.182790330183543,-6.716077605653107,-1.4855421027335067
0.32463300932482436,2.4658891321118954,1.3841512514561374,0.0951634280659414,0.35704783104923055,-0.7936935808651623,1.5602357898190546,-1.415026708564094,-1.896834748826108,2.5147283001371448,-2.0540154049750847,2.6149293001961373,5.094356970009857,-2.141234225083336,-0.6465172729556607,-1.1199400915843125,0.8106866273017942,-3.6931487223791506,0.49515227632950404,-2.6049704322045986,8.263390355161956,1.4973065291493928,2.216014453140805,1.3196799294902832,0.66592147409932545,2.364782521581507,4.167084602230451,0.8783031563743084,1.6241296526020494,2.3573060179941074,1.630781775107433,2.1810391330054273,0.20185998439758313,0.9252893951369109,0.1179358108461688,3.008087706624614,-2.2837030050735385,-1.277910577119014,0.08001978199792531,-3.203158392231215,0.8937846922652661,1.435738441119376,-2.8208373205324406,-0.4724562609770488
0.00252942797643477,-0.2822973131803893,0.0951634280659414,0.10805740616489361,-0.18443762321168178,0.10341160672005183,0.014164243914039872,0.1036370458282066,0.09972799614277218,0.08641768463038985,0.04355018123815241,-0.1311532134572896,-0.2635014564830953,0.21894595261998134,0.055072246641073706,-0.1839117823389401,-0.029650838070609097,0.222784980148609,-0.16024753896335314,0.0245816857652518,-0.2478820011245731,0.02531693595385229,-0.06633893980556808,-0.03851904519833566,0.016054465668872402,0.1159334639689711,-0.1919223325646412,0.14566177145188333,0.12184401312510243,-0.11688373614358541,-0.28743060851327573,0.16119481256309584,0.24770924810555658,-0.004579671566615538,-0.21819149403585042,0.05400570440278366,0.16479042955411394,0.3416143259020094,0.06793897790380056,0.1822161336689612,0.1747618770057382,-0.03409468794156504,0.09254022745700047,0.053767538745646666
0.13794284109557733,1.649760785934928,0.35704783104923055,-0.18443762321168178,0.5472862051994556,-0.5303301990879629,0.6038100148742241,-0.8145597602315406,-1.0129843630191282,0.8555184908494462,-0.9465833413435746,1.3567175225044115,2.6469992562152407,-1.3521214542382696,-0.38460036864321673,-0.08675987683219247,0.39200918200667073,-2.0118674918738755,0.5334578645618001,-1.182004526534987,3.9401772200406153,0.5532814562698772,1.052667049810038,0.6418823361323621,0.2580964143170793,0.7654889127142788,2.128751974681541,0.06018061696745312,0.39571179996139066,1.2249337716387685,1.28133895009846,0.5694553276578637,-0.4234209203097529,0.38368672880477017,0.5202157312550078,1.15324702595505,-1.2970193217347854,-1.2522585177439511,-0.13691983684874318,-1.7255240273613701,-0.006162135134208616,0.6753246563929033,-1.3717020100713322,-0.31863876434204247
-0.234528523689758,-2.0469918203418653,-0.7936935808651623,0.10341160672005183,-0.5303301990879629,0.7557074374999131,-0.9929792784222992,1.0153220474477154,1.294606322706135,-1.598343465344651,1.4756823604475755,-1.974616161208728,-3.9725644870978205,1.8652784850201332,0.5683737709833161,0.39005119939086,-0.6212063290552858,2.9811906189658455,-0.6138726155867184,1.6395586380569431,-6.04542855521603,-0.94677807765833,-1.6815318495879619,-0.964382268891468,-0.41351815776694134,-1.3202039660469929,-3.1599165776554003,-0.32823188024094807,-0.9740357762924577,-1.8388389858927177,-1.6127768799503832,-1.1202466311779515,0.3408288257899824,-0.7196215264965385,-0.41695509159363386,-1.873889421649578,1.781102530326389,1.396492617322445,-0.007571618412194304,2.3941283528700072,-0.3268107439561676,-1.0554348135067944,1.9897562093450591,0.2812240989924361
0.35606896859881315,3.340621344010212,1.5602357898190546,0.014164243914039872,0.6038100148742241,-0.9929792784222992,2.0663303618037574,-2.1162515403642175,-2.8001582967377328,2.911726575863682,-2.4919264450120218,3.4789674983958143,6.355441410319947,-2.6220807068996677,-0.6818941563385057,-1.3128701987682074,1.027436212309374,-4.3815849125903945,0.7393500653222999,-3.3885033035341787,10.373239041921723,2.0224606666236933,2.658561575545588,1.6594236116446708,0.673111648609165,2.900629056069569,5.252372506957135,0.9925026776914301,1.8258010272130116,2.8485510085328016,2.2610933879573802,2.7433598334113833,0.18110559816800834,0.9685614196420067,0.3493665906989521,3.6849624848163107,-3.13701110515518,-1.9097229436838763,-0.10416631145787697,-4.206200427023367,1.0433989155717343,1.7108097467019103,-3.7121522241575815,-0.8139508343447405
-0.29646679262459663,-3.7858665140275902,-1.415026708564094,0.1036370458282066,-0.8145597602315406,1.0153220474477154,-2.1162515403642175,2.4462995729182233,3.212436156357449,-2.761970971551937,2.514643302661112,-3.630257483887063,-6.480756661636219,2.7129208347309683,0.6464057774354853,1.2880398236504347,-1.0093550320896483,4.397408845240284,-0.8780271554929718,3.7549420076983435,-10.606531224832676,-2.0852701111733136,-2.600454500212956,-1.7813787578819422,-0.6609520895253562,-2.97393118727317,-5.431740452779247,-0.8958822220049536,-1.58095570122814,-2.8631689272271372,-2.5132669924028423,-2.786502677489704,-0.11045313637381356,-0.8619678531767576,-0.6319491587968049,-3.79683998434348,3.3990613300654564,2.2800293291797007,0.33743946533028696,4.539641351238149,-0.9125266821051223,-1.6699212454887367,3.987966684712355,1.0542748450026702
-0.37476377564821267,-4.916039706748807,-1.896834748826108,0.09972799614277218,-1.0129843630191282,1.294606322706135,-2.8001582967377328,3.212436156357449,4.2404434277002565,-3.6770721695174124,3.3095215865661043,-4.737981908853105,-8.453655451665309,3.4882357143003873,0.8268688859105446,1.7987449265338067,-1.309121376085284,5.713163650952003,-1.096797933958415,5.015222874681108,-13.92939669505536,-2.772013237311247,-3.3994065716216957,-2.3741312926981006,-0.8857014786798941,-4.001738178622881,-7.111795036401241,-1.245441994961853,-2.1176587836505982,-3.7296348140875337,-3.2103946677694704,-3.774260215571868,-0.27267519632516185,-1.1326581713273178,-0.7717239232341847,-5.070441873030374,4.4407028673991364,2.8868887321538956,0.4500222754576525,5.950986999599561,-1.2818880702816215,-2.179224312340836,5.261974083269793,1.3834839799433223
0.5993281644917327,4.9574186500090835,2.5147283001371448,0.08641768463038985,0.8555184908494462,-1.598343465344651,2.911726575863682,-2.761970971551937,-3.6770721695174124,4.707396221069514,-3.9537822619602028,5.054619233360686,9.927664698468703,-4.273477773397798,-1.2880434122925057,-1.9827712708032914,1.5520211183377295,-7.265719866689186,1.082771564774015,-5.026281243497296,15.947372102575475,2.8095710550030537,4.280008954513761,2.622945840947993,1.2692805306183403,4.4139409614210425,8.107013917808079,1.5343624634279136,2.967488844293321,4.594383624996847,3.3725555757907077,4.001185339871077,0.19239143535789538,1.8029753010383969,0.45423690400996813,5.699473720109983,-4.486906376349085,-2.7212235461050795,0.046869641876598506,-6.255556382102968,1.5621690595790225,2.749713752206431,-5.4549429182447975,-0.8977649510462204
-0.5137791578595591,-4.610498279051565,-2.0540154049750847,0.04355018123815241,-0.9465833413435746,1.4756823604475755,-2.4919264450120218,2.514643302661112,3.3095215865661043,-3.9537822619602028,3.4559499476842026,-4.497519311352396,-8.820022819323071,3.914819515626359,1.1652010084982607,1.5244847143502624,-1.361086252320481,6.494091015714282,-1.1007657832886222,4.4135005647781345,-14.00456677819246,-2.389404026326527,-3.747192957821902,-2.311648435185482,-1.0870128947986866,-3.706615935196412,-7.192344014704006,-1.168575771338062,-2.401927539494749,-4.080361194279714,-3.215244025464496,-3.290518637338854,0.08531519666852,-1.5411769797263288,-0.6399675828455387,-4.875504562300793,4.053945363904554,2.7239131303504562,0.05704858677285859,5.608622568081782,-1.149576849498996,-2.406074667321047,4.818433237506145,0.8566530788456679
0.7043339211601425,6.234778688138974,2.6149293001961373,-0.1311532134572896,1.3567175225044115,-1.974616161208728,3.4789674983958143,-3.630257483887063,-4.737981908853105,5.054619233360686,-4.497519311352396,6.267308176516113,11.726371351417257,-5.139098951931798,-1.4111159199614718,-1.86140124872543,1.8824101842675947,-8.3704252212115,1.5633385213591773,-5.747643639879633,18.645432524740425,3.353928302530067,4.916524783826383,2.9391704957325686,1.219245850264939,4.774715809848573,9.5619405480994,1.4595151615009674,3.0991311693834143,5.332711336273882,4.475533777634879,4.332864850863979,-0.25123817695276524,1.8418418922763047,0.9293472295477783,6.268474391624058,-5.656025081459336,-3.8796913482521465,-0.16333988269901192,-7.556408961870843,1.4697894348688243,3.1703015430618224,-6.4880403490557415,-1.320352028918303
1.340522176399951,11.970310253708696,5.094356970009857,-0.2635014564830953,2.6469992562152407,-3.9725644870978205,6.355441410319947,-6.480756661636219,-8.453655451665309,9.927664698468703,-8.820022819323071,11.726371351417257,22.920557140970335,-10.285040139520133,-3.0298507314208014,-3.469810366971509,3.578540955366987,-16.841965763501413,3.073480619478482,-10.909428655573944,36.025017600920606,6.104161779617916,9.700734393081596,5.855352949196226,2.6154277482409203,9.061498880106345,18.574615273868964,2.7113479882147917,6.052044172882267,10.561399932864607,8.676360839496372,8.013647797487792,-0.7064420227125505,3.96704744229867,1.8841868959027341,12.116369957211214,-10.5794563077827,-7.420656347952044,-0.14238647038045538,-14.419153669365498,2.702025213025218,6.190726586674441,-12.295463343798133,-2.1336815547098054
-0.654926330563106,-5.469102514568009,-2.141234225083336,0.21894595261998134,-1.3521214542382696,1.8652784850201332,-2.6220807068996677,2.7129208347309683,3.4882357143003873,-4.273477773397798,3.914819515626359,-5.139098951931798,-10.285040139520133,4.863673400000529,1.4936499098321998,1.197534672743435,-1.5935825432386967,7.807316847982119,-1.4998289282457384,4.6112015759224345,-15.837473059906129,-2.4386749239788967,-4.364290844399583,-2.504791084286274,-1.2201352525547378,-3.729847500707984,-8.258923466175375,-0.9859915988017965,-2.522380049654737,-4.823174545530686,-4.060686874356658,-3.111909867499005,0.7193933498025704,-1.8076937189091198,-1.0238714828629076,-5.137064912193736,4.619970335971246,3.5750333306576696,0.02049696595518173,6.359330097609097,-0.8649662104851402,-2.8216362605467253,5.271567825271408,0.8760498718055278
-0.2071824356869233,-1.5459022373893976,-0.6465172729556607,0.055072246641073706,-0.38460036864321673,0.5683737709833161,-0.6818941563385057,0.6464057774354853,0.8268688859105446,-1.2880434122925057,1.1652010084982607,-1.4111159199614718,-3.0298507314208014,1.4936499098321998,0.5070913101171827,0.30925100610128414,-0.4560630545861985,2.4192948825079306,-0.43110425514619427,1.2630633764056098,-4.574856588412952,-0.6098983273124139,-1.3184931719634052,-0.7280315304540387,-0.416571027497771,-1.042851077530374,-2.400331307139015,-0.27108114492096425,-0.7629774966678418,-1.4634809452398614,-1.1639013775144431,-0.8116600812964548,0.2663294085148276,-0.604928883534404,-0.28515959040828553,-1.4749905782244157,1.245741942426775,1.0012690901188481,-0.05896858237260371,1.7815917032665964,-0.21358725601999115,-0.8530338209983834,1.444998169454755,0.1612742227898709
-0.11798454603648378,-1.7930293243430808,-1.1199400915843125,-0.1839117823389401,-0.08675987683219247,0.39005119939086,-1.3128701987682074,1.2880398236504347,1.7987449265338067,-1.9827712708032914,1.5244847143502624,-1.86140124872543,-3.469810366971509,1.197534672743435,0.30925100610128414,1.3676952654974375,-0.5045751234422732,2.3064566499533288,-0.16721656461818996,2.5350049845018607,-6.14277619024765,-1.3426435150812686,-1.4645014002215562,-1.1857859571510438,-0.5469998231889928,-2.267479917998492,-3.01692509126536,-0.9350576925462386,-1.243174744763144,-1.5391933438659833,-0.8688442310336018,-2.2282617136089957,-0.7612159118105896,-0.6007305239530542,0.05191665093679091,-2.6922402527935945,1.7159652229745974,0.5982637237252436,0.11449884505218533,2.4931459186598985,-1.0191170727959216,-0.9236369942177012,2.377101855968482,0.5293957260327647
0.24205646741364117,1.8121418390163146,0.8106866273017942,-0.029650838070609097,0.39200918200667073,-0.6212063290552858,1.027436212309374,-1.0093550320896483,-1.309121376085284,1.5520211183377295,-1.361086252320481,1.8824101842675947,3.578540955366987,-1.5935825432386967,-0.4560630545861985,-0.5045751234422732,0.5900899824642709,-2.595702829728627,0.4747311426780117,-1.5944211425848098,5.619440458708613,0.9802459282697692,1.5277441691533677,0.8435799902381668,0.3661689739374577,1.3724972825096755,2.8814620322334745,0.4266901087475122,0.9864891246706713,1.6431798515368277,1.3529927150278827,1.2309481837045644,-0.13970304619213178,0.5959562442087311,0.2444798959081007,1.827081331566351,-1.6615797642326375,-1.1482886763164915,0.017931625045056195,-2.216505823234752,0.4299120592183723,0.9894061490743308,-1.883525478032885,-0.32775093461239196
-1.0495469564982078,-8.766777739102832,-3.6931487223791506,0.222784980148609,-2.0118674918738755,2.9811906189658455,-4.3815849125903945,4.397408845240284,5.713163650952003,-7.265719866689186,6.494091015714282,-8.3704252212115,-16.841965763501413,7.807316847982119,2.4192948825079306,2.3064566499533288,-2.595702829728627,12.747737339396627,-2.2906547520736233,7.760789466216187,-26.166629917788654,-4.125713220590223,-7.197330583862618,-4.2377242447348475,-2.0719893207181888,-6.428302855576027,-13.565149608731673,-1.8517491588064277,-4.3729903874539735,-7.892243732216964,-6.400339618369448,-5.4690524415608595,0.8026571244429543,-3.055535189750528,-1.4522481344194424,-8.718306108391106,7.50636240487749,5.488786283070662,-0.012229296168634546,10.40017049357835,-1.728090660249653,-4.628306993073875,8.7320552444729,1.3627514751990846
0.16361691456206354,1.7410146841194905,0.49515227632950404,-0.16024753896335314,0.5334578645618001,-0.6138726155867184,0.7393500653222999,-0.8780271554929718,-1.096797933958415,1.082771564774015,-1.1007657832886222,1.5633385213591773,3.073480619478482,-1.4998289282457384,-0.43110425514619427,-0.16721656461818996,0.4747311426780117,-2.2906547520736233,0.5693800421210994,-1.2665503654803756,4.601773450887966,0.7010907757300158,1.2521397540528223,0.73426055906785,0.2775041330486955,0.9050979954392372,2.4496704839670618,0.13655996378239266,0.595884525149587,1.4071677814546741,1.3952974805588005,0.7335653991123431,-0.410399114082877,0.49600564535588115,0.4795229979303725,1.347376853934694,-1.4557700563193923,-1.293995309997245,-0.07765226607547868,-1.9184497747507452,0.11388996467926424,0.7843692957364127,-1.5596598359279723,-0.2906873329418978
-0.4806175908650172,-6.225364213980365,-2.6049704322045986,0.0245816857652518,-1.182004526534987,1.6395586380569431,-3.3885033035341787,3.7549420076983435,5.015222874681108,-5.026281243497296,4.4135005647781345,-5.747643639879633,-10.909428655573944,4.6112015759224345,1.2630633764056098,2.5350049845018607,-1.5944211425848098,7.760789466216187,-1.2665503654803756,6.65763596397344,-17.95484638278904,-3.3180797292236157,-4.487886125943058,-3.2260678331712946,-1.463112185842057,-5.391565746673098,-9.179885459233907,-1.7417067081699358,-2.857769521882079,-4.9578958828067945,-3.8728660000907724,-4.921528435589765,-0.533082696088581,-1.7211844087071986,-0.8808030226541467,-6.835453921680515,5.379624618805949,3.3859722453466503,0.46462213182475914,7.553373051510414,-1.7146541554915804,-2.880990060395977,6.667467844136719,1.5544979700443307
2.052787943413657,18.89863659404595,8.263390355161956,-0.2478820011245731,3.9401772200406153,-6.04542855521603,10.373239041921723,-10.606531224832676,-13.92939669505536,15.947372102575475,-14.00456677819246,18.645432524740425,36.025017600920606,-15.837473059906129,-4.574856588412952,-6.14277619024765,5.619440458708613,-26.166629917788654,4.601773450887966,-17.95484638278904,57.27404600410058,10.029869893474048,15.215781244259949,9.412753101080064,4.171380381846064,15.01645329107656,29.393566873823485,4.697083952500374,9.739391669710884,16.521522903927224,13.33077143506613,13.497223008273004,-0.3874985058170637,6.123249576997046,2.707756868066857,19.751665144651817,-16.86055228791806,-11.33394337959168,-0.36787133180094567,-23.021563608492464,4.7441056002931905,9.726292441623098,-19.839249846131906,-3.6499541510500357
0.2973575091441935,3.177955497202583,1.4973065291493928,0.02531693595385229,0.5532814562698772,-0.94677807765833,2.0224606666236933,-2.0852701111733136,-2.772013237311247,2.8095710550030537,-2.389404026326527,3.353928302530067,6.104161779617916,-2.4386749239788967,-0.6098983273124139,-1.3426435150812686,0.9802459282697692,-4.125713220590223,0.7010907757300158,-3.3180797292236157,10.029869893474048,2.032567221270735,2.53952379343607,1.680167369208042,0.6096709213515361,2.8372640827119744,5.064534853050199,0.9849777128820604,1.7842798721308575,2.694716975255752,2.1631191855969174,2.7424741997977535,0.2775677188078504,0.9462170020545202,0.33304126583023547,3.594605680077609,-3.05904515336522,-1.7839615949274348,-0.14503916595791655,-4.061041808141517,1.1048010045023506,1.5956666440517135,-3.6384678039411837,-0.7674059012438412
0.606694274968965,4.924346151753257,2.216014453140805,-0.06633893980556808,1.052667049810038,-1.6815318495879619,2.658561575545588,-2.600454500212956,-3.3994065716216957,4.280008954513761,-3.747192957821902,4.916524783826383,9.700734393081596,-4.364290844399583,-1.3184931719634052,-1.4645014002215562,1.5277441691533677,-7.197330583862618,1.2521397540528223,-4.487886125943058,15.215781244259949,2.53952379343607,4.158748509911069,2.438595223258371,1.131956884916715,3.814602831933807,7.827046201458733,1.1816333053638126,2.661822601323603,4.50174138600295,3.597834332737742,3.357819951787881,-0.2940931196654126,1.7352237923911977,0.6970117392481947,5.097430794092319,-4.381928584226918,-3.0187547108639947,0.03328684584515153,-5.992557510502727,1.1758804691797349,2.664971178310066,-5.098585647025215,-0.7990503515036739
0.22213033355988052,3.143828544077722,1.3196799294902832,-0.03851904519833566,0.6418823361323621,-0.964382268891468,1.6594236116446708,-1.7813787578819422,-2.3741312926981006,2.622945840947993,-2.311648435185482,2.9391704957325686,5.855352949196226,-2.504791084286274,-0.7280315304540387,-1.1857859571510438,0.8435799902381668,-4.2377242447348475,0.73426055906785,-3.2260678331712946,9.412753101080064,1.680167369208042,2.438595223258371,1.7791781650576373,0.7300991089937002,2.6093831257470614,4.840804762384201,0.8085642574921845,1.5498562204035877,2.6552168708003805,2.1454757572742835,2.375789388288111,0.13721206503273378,1.0671694276479116,0.5224201118014437,3.4246159174065025,-2.7685291771643867,-1.7815601039481148,-0.192029907809416,-3.8343292404853293,0.8893845117260991,1.489059220603392,-3.381846595178086,-0.5784596393667533
0.15889161811192531,1.4110575595994082,0.66592147409932545,0.016054465668872402,0.2580964143170793,-0.41351815776694134,0.673111648609165,-0.6609520895253562,-0.8857014786798941,1.2692805306183403,-1.0870128947986866,1.219245850264939,2.6154277482409203,-1.2201352525547378,-0.416571027497771,-0.5469998231889928,0.3661689739374577,-2.0719893207181888,0.2775041330486955,-1.463112185842057,4.171380381846064,0.6096709213515361,1.131956884916715,0.7300991089937002,0.4649342406263905,1.2313263753161543,2.153778330707221,0.40078839878266764,0.7176586775900636,1.2699636707285777,0.859601484258046,1.0194466634419297,0.0393409400126415,0.5185626267756666,0.16860746776537155,1.6004881221448546,-1.0947952971434465,-0.7294886176821099,0.0034854662965185935,-1.6804252450620174,0.32953728645681557,0.7498124544637318,-1.4285641539683005,-0.24201145627081144
0.4638457612064253,4.86224273842901,2.364782521581507,0.1159334639689711,0.7654889127142788,-1.3202039660469929,2.900629056069569,-2.97393118727317,-4.001738178622881,4.4139409614210425,-3.706615935196412,4.774715809848573,9.061498880106345,-3.729847500707984,-1.042851077530374,-2.267479917998492,1.3724972825096755,-6.428302855576027,0.9050979954392372,-5.391565746673098,15.01645329107656,2.8372640827119744,3.814602831933807,2.6093831257470614,1.2313263753161543,4.603360407555359,7.592822713230672,1.628418004802874,2.665413016456378,4.133793007643462,2.9856796064649185,4.263053022651135,0.6275150114425319,1.5020858007598539,0.4315090231762038,5.757222543940143,-4.35339300486746,-2.469899255060737,-0.2055556887424596,-6.129047729650812,1.6477617484218292,2.4654122343898583,-5.462658288060644,-1.1715471551628716
1.0497318965242997,9.82658771651435,4.167084602230451,-0.1919223325646412,2.128751974681541,-3.1599165776554003,5.252372506957135,-5.431740452779247,-7.111795036401241,8.107013917808079,-7.192344014704006,9.5619405480994,18.574615273868964,-8.258923466175375,-2.400331307139015,-3.01692509126536,2.8814620322334745,-13.565149608731673,2.4496704839670618,-9.179885459233907,29.393566873823485,5.064534853050199,7.827046201458733,4.840804762384201,2.153778330707221,7.592822713230672,15.137012563679997,2.302457620719563,4.899239219977944,8.533980846305688,6.979817615702922,6.763593288875312,-0.36812411705183173,3.1623491362624874,1.524299221878257,10.0644098238287,-8.672106046951233,-5.991183299737445,-0.21435265787745558,-11.855965550043484,2.2954399392897638,4.999938155112646,-10.166777718107742,-1.865103806304258
0.15073136718142752,1.3026604140075937,0.8783031563743084,0.14566177145188333,0.06018061696745312,-0.32823188024094807,0.9925026776914301,-0.8958822220049536,-1.245441994961853,1.5343624634279136,-1.168575771338062,1.4595151615009674,2.7113479882147917,-0.9859915988017965,-0.27108114492096425,-0.9350576925462386,0.4266901087475122,-1.8517491588064277,0.13655996378239266,-1.7417067081699358,4.697083952500374,0.9849777128820604,1.1816333053638126,0.8085642574921845,0.40078839878266764,1.628418004802874,2.302457620719563,0.6892768925634809,1.0054096667110757,1.2281527248956152,0.6902461524200424,1.5839221362046576,0.465933083560287,0.4722723468550896,-0.08628646439237751,1.9419206406086433,-1.284063915183079,-0.4721830304225589,-1.6417449186986087e-4,-1.8372887012870418,0.7305236746057576,0.7702362199069044,-1.7135395029238256,-0.346381195349837
0.39428626203506006,2.772078016398639,1.6241296526020494,0.12184401312510243,0.39571179996139066,-0.9740357762924577,1.8258010272130116,-1.58095570122814,-2.1176587836505982,2.967488844293321,-2.401927539494749,3.0991311693834143,6.052044172882267,-2.522380049654737,-0.7629774966678418,-1.243174744763144,0.9864891246706713,-4.3729903874539735,0.595884525149587,-2.857769521882079,9.739391669710884,1.7842798721308575,2.661822601323603,1.5498562204035877,0.7176586775900636,2.665413016456378,4.899239219977944,1.0054096667110757,1.9945777514794998,2.7860820134453745,1.9603388406814821,2.4879086057337516,0.1840485752265519,1.1460523159984857,0.10567591521027332,3.4209442741030043,-2.684495367545046,-1.4661704962535331,0.1452726626077383,-3.6743756864055204,1.0931333771339513,1.6955740050427976,-3.242848166803857,-0.4283341766343241
0.6555485362905533,5.501361257730191,2.3573060179941074,-0.11688373614358541,1.2249337716387685,-1.8388389858927177,2.8485510085328016,-2.8631689272271372,-3.7296348140875337,4.594383624996847,-4.080361194279714,5.332711336273882,10.561399932864607,-4.823174545530686,-1.4634809452398614,-1.5391933438659833,1.6431798515368277,-7.892243732216964,1.4071677814546741,-4.9578958828067945,16.521522903927224,2.694716975255752,4.50174138600295,2.6552168708003805,1.2699636707285777,4.133793007643462,8.533980846305688,1.2281527248956152,2.7860820134453745,4.9208477419298875,3.978643039888232,3.580287245925276,-0.40102648835179144,1.8660673946730402,0.8578414649008357,5.546999501554416,-4.7794775658509145,-3.407931670931727,-0.00952787429508546,-6.5831999005113,1.1692327321844347,2.8994941096229483,-5.564405113641902,-0.928678595446786
0.4920955803843973,4.762524520753655,1.630781775107433,-0.28743060851327573,1.28133895009846,-1.6127768799503832,2.2610933879573802,-2.5132669924028423,-3.2103946677694704,3.3725555757907077,-3.215244025464496,4.475533777634879,8.676360839496372,-4.060686874356658,-1.1639013775144431,-0.8688442310336018,1.3529927150278827,-6.400339618369448,1.3952974805588005,-3.8728660000907724,13.33077143506613,2.1631191855969174,3.597834332737742,2.1454757572742835,0.859601484258046,2.9856796064649185,6.979817615702922,0.6902461524200424,1.9603388406814821,3.978643039888232,3.655223860504103,2.5474511065813785,-0.7254246915824236,1.414404972081183,1.0592687543824761,4.172157332313791,-4.112069122594784,-3.2784486705347353,-0.17260335979078947,-5.463204890298617,0.6591052065213736,2.28135796993375,-4.546938436410246,-0.8411098323180703
0.36685655652017923,4.2185361605764085,2.1810391330054273,0.16119481256309584,0.5694553276578637,-1.1202466311779515,2.7433598334113833,-2.786502677489704,-3.774260215571868,4.001185339871077,-3.290518637338854,4.332864850863979,8.013647797487792,-3.111909867499005,-0.8116600812964548,-2.2282617136089957,1.2309481837045644,-5.4690524415608595,0.7335653991123431,-4.921528435589765,13.497223008273004,2.7424741997977535,3.357819951787881,2.375789388288111,1.0194466634419297,4.263053022651135,6.763593288875312,1.5839221362046576,2.4879086057337516,3.580287245925276,2.5474511065813785,4.094766970570529,0.812778436104984,1.291432824864111,0.2651056106623687,5.2595317644369635,-3.9619756153024386,-2.0402673403345077,-0.21143130858376125,-5.493315181242599,1.6961939854494599,2.1376562812902185,-5.001483370785592,-1.098580977294852
-0.13138969654899163,-0.4445103837596518,0.20185998439758313,0.24770924810555658,-0.4234209203097529,0.3408288257899824,0.18110559816800834,-0.11045313637381356,-0.27267519632516185,0.19239143535789538,0.08531519666852,-0.25123817695276524,-0.7064420227125505,0.7193933498025704,0.2663294085148276,-0.7612159118105896,-0.13970304619213178,0.8026571244429543,-0.410399114082877,-0.533082696088581,-0.3874985058170637,0.2775677188078504,-0.2940931196654126,0.13721206503273378,0.0393409400126415,0.6275150114425319,-0.36812411705183173,0.465933083560287,0.1840485752265519,-0.40102648835179144,-0.7254246915824236,0.812778436104984,0.9392110903538188,-0.12031133813585415,-0.4268583732254579,0.4845335926427892,0.1903310289458678,0.7965014793574805,-0.0915719694561482,0.1502854946415032,0.5867305778312635,-0.21068469657976252,-0.1428689241157118,-0.1157446787181231
0.22232424373485105,1.8765392853474676,0.9252893951369109,-0.004579671566615538,0.38368672880477017,-0.7196215264965385,0.9685614196420067,-0.8619678531767576,-1.1326581713273178,1.8029753010383969,-1.5411769797263288,1.8418418922763047,3.96704744229867,-1.8076937189091198,-0.604928883534404,-0.6007305239530542,0.5959562442087311,-3.055535189750528,0.49600564535588115,-1.7211844087071986,6.123249576997046,0.9462170020545202,1.7352237923911977,1.0671694276479116,0.5185626267756666,1.5020858007598539,3.1623491362624874,0.4722723468550896,1.1460523159984857,1.8660673946730402,1.414404972081183,1.291432824864111,-0.12031133813585415,0.8565468084242112,0.262601401791773,2.066525573958138,-1.6393045985326706,-1.1023190886850853,0.07902979607753838,-2.3161258961623816,0.5095532155026036,1.0695300874627536,-1.977902573395397,-0.1481500265190985
0.0431567606123395,1.3318345733236665,0.1179358108461688,-0.21819149403585042,0.5202157312550078,-0.41695509159363386,0.3493665906989521,-0.6319491587968049,-0.7717239232341847,0.45423690400996813,-0.6399675828455387,0.9293472295477783,1.8841868959027341,-1.0238714828629076,-0.28515959040828553,0.05191665093679091,0.2444798959081007,-1.4522481344194424,0.4795229979303725,-0.8808030226541467,2.707756868066857,0.33304126583023547,0.6970117392481947,0.5224201118014437,0.16860746776537155,0.4315090231762038,1.524299221878257,-0.08628646439237751,0.10567591521027332,0.8578414649008357,1.0592687543824761,0.2651056106623687,-0.4268583732254579,0.262601401791773,0.5673203181657791,0.7474886836114757,-0.9691602978978888,-1.0873069449765105,-0.20393758882793173,-1.2838665656972248,-0.13538100838341735,0.4179793549207481,-0.9996857778765107,-0.25220753496529985
0.61441195500374,6.481887942615749,3.008087706624614,0.05400570440278366,1.15324702595505,-1.873889421649578,3.6849624848163107,-3.79683998434348,-5.070441873030374,5.699473720109983,-4.875504562300793,6.268474391624058,12.116369957211214,-5.137064912193736,-1.4749905782244157,-2.6922402527935945,1.827081331566351,-8.718306108391106,1.347376853934694,-6.835453921680515,19.751665144651817,3.594605680077609,5.097430794092319,3.4246159174065025,1.6004881221448546,5.757222543940143,10.0644098238287,1.9419206406086433,3.4209442741030043,5.546999501554416,4.172157332313791,5.2595317644369635,0.4845335926427892,2.066525573958138,0.7474886836114757,7.351996613345565,-5.726878139284773,-3.4973285559740397,-0.23734318585063288,-8.038031633227071,1.958500798328551,3.265149106249548,-7.080198283730388,-1.4222905570290894
-0.5660424882464867,-5.773817294077312,-2.2837030050735385,0.16479042955411394,-1.2970193217347854,1.781102530326389,-3.13701110515518,3.3990613300654564,4.4407028673991364,-4.486906376349085,4.053945363904554,-5.656025081459336,-10.5794563077827,4.619970335971246,1.245741942426775,1.7159652229745974,-1.6615797642326375,7.50636240487749,-1.4557700563193923,5.379624618805949,-16.86055228791806,-3.05904515336522,-4.381928584226918,-2.7685291771643867,-1.0947952971434465,-4.35339300486746,-8.672106046951233,-1.284063915183079,-2.684495367545046,-4.7794775658509145,-4.112069122594784,-3.9619756153024386,0.1903310289458678,-1.6393045985326706,-0.9691602978978888,-5.726878139284773,5.190672701806137,3.603862863146451,0.2751814105219102,6.93141929002143,-1.3155526817502525,-2.7931073915146474,5.9756380857485665,1.2617685070029363
-0.42129993742062327,-4.322755125313152,-1.277910577119014,0.3416143259020094,-1.2522585177439511,1.396492617322445,-1.9097229436838763,2.2800293291797007,2.8868887321538956,-2.7212235461050795,2.7239131303504562,-3.8796913482521465,-7.420656347952044,3.5750333306576696,1.0012690901188481,0.5982637237252436,-1.1482886763164915,5.488786283070662,-1.293995309997245,3.3859722453466503,-11.33394337959168,-1.7839615949274348,-3.0187547108639947,-1.7815601039481148,-0.7294886176821099,-2.469899255060737,-5.991183299737445,-0.4721830304225589,-1.4661704962535331,-3.407931670931727,-3.2784486705347353,-2.0402673403345077,0.7965014793574805,-1.1023190886850853,-1.0873069449765105,-3.4973285559740397,3.603862863146451,3.088250442596482,0.24272299170686026,4.797927643891728,-0.3554902600567289,-1.9475179229240571,3.9282906395986457,0.8714476198888784
0.07635126570610518,-0.37582280921776584,0.08001978199792531,0.06793897790380056,-0.13691983684874318,-0.007571618412194304,-0.10416631145787697,0.33743946533028696,0.4500222754576525,0.046869641876598506,0.05704858677285859,-0.16333988269901192,-0.14238647038045538,0.02049696595518173,-0.05896858237260371,0.11449884505218533,0.017931625045056195,-0.012229296168634546,-0.07765226607547868,0.46462213182475914,-0.36787133180094567,-0.14503916595791655,0.03328684584515153,-0.192029907809416,0.0034854662965185935,-0.2055556887424596,-0.21435265787745558,-1.6417449186986087e-4,0.1452726626077383,-0.00952787429508546,-0.17260335979078947,-0.21143130858376125,-0.0915719694561482,0.07902979607753838,-0.20393758882793173,-0.23734318585063288,0.2751814105219102,0.24272299170686026,0.23662980672063502,0.34617551156469273,-0.010870699137974905,0.04133166777290572,0.33490037930947597,0.21313065967163514
-0.7716286161367774,-7.92409345540216,-3.203158392231215,0.1822161336689612,-1.7255240273613701,2.3941283528700072,-4.206200427023367,4.539641351238149,5.950986999599561,-6.255556382102968,5.608622568081782,-7.556408961870843,-14.419153669365498,6.359330097609097,1.7815917032665964,2.4931459186598985,-2.216505823234752,10.40017049357835,-1.9184497747507452,7.553373051510414,-23.021563608492464,-4.061041808141517,-5.992557510502727,-3.8343292404853293,-1.6804252450620174,-6.129047729650812,-11.855965550043484,-1.8372887012870418,-3.6743756864055204,-6.5831999005113,-5.463204890298617,-5.493315181242599,0.1502854946415032,-2.3161258961623816,-1.2838665656972248,-8.038031633227071,6.93141929002143,4.797927643891728,0.34617551156469273,9.48473134149874,-1.7964039596195405,-3.8478594174787375,8.16888879521707,1.7167821141041675
0.10130992451731193,1.1748225428693684,0.8937846922652661,0.1747618770057382,-0.006162135134208616,-0.3268107439561676,1.0433989155717343,-0.9125266821051223,-1.2818880702816215,1.5621690595790225,-1.149576849498996,1.4697894348688243,2.702025213025218,-0.8649662104851402,-0.21358725601999115,-1.0191170727959216,0.4299120592183723,-1.728090660249653,0.11388996467926424,-1.7146541554915804,4.7441056002931905,1.1048010045023506,1.1758804691797349,0.8893845117260991,0.32953728645681557,1.6477617484218292,2.2954399392897638,0.7305236746057576,1.0931333771339513,1.1692327321844347,0.6591052065213736,1.6961939854494599,0.5867305778312635,0.5095532155026036,-0.13538100838341735,1.958500798328551,-1.3155526817502525,-0.3554902600567289,-0.010870699137974905,-1.7964039596195405,0.8877472066851262,0.7082365138936905,-1.7523589320084005,-0.27996023919359225
0.43381822236340384,3.182790330183543,1.435738441119376,-0.03409468794156504,0.6753246563929033,-1.0554348135067944,1.7108097467019103,-1.6699212454887367,-2.179224312340836,2.749713752206431,-2.406074667321047,3.1703015430618224,6.190726586674441,-2.8216362605467253,-0.8530338209983834,-0.9236369942177012,0.9894061490743308,-4.628306993073875,0.7843692957364127,-2.880990060395977,9.726292441623098,1.5956666440517135,2.664971178310066,1.489059220603392,0.7498124544637318,2.4654122343898583,4.999938155112646,0.7702362199069044,1.6955740050427976,2.8994941096229483,2.28135796993375,2.1376562812902185,-0.21068469657976252,1.0695300874627536,0.4179793549207481,3.265149106249548,-2.7931073915146474,-1.9475179229240571,0.04133166777290572,-3.8478594174787375,0.7082365138936905,1.7526647864207574,-3.2439846901341443,-0.5583375499471355
-0.6104030652364739,-6.716077605653107,-2.8208373205324406,0.09254022745700047,-1.3717020100713322,1.9897562093450591,-3.7121522241575815,3.987966684712355,5.261974083269793,-5.4549429182447975,4.818433237506145,-6.4880403490557415,-12.295463343798133,5.271567825271408,1.444998169454755,2.377101855968482,-1.883525478032885,8.7320552444729,-1.5596598359279723,6.667467844136719,-19.839249846131906,-3.6384678039411837,-5.098585647025215,-3.381846595178086,-1.4285641539683005,-5.462658288060644,-10.166777718107742,-1.7135395029238256,-3.242848166803857,-5.564405113641902,-4.546938436410246,-5.001483370785592,-0.1428689241157118,-1.977902573395397,-0.9996857778765107,-7.080198283730388,5.9756380857485665,3.9282906395986457,0.33490037930947597,8.16888879521707,-1.7523589320084005,-3.2439846901341443,7.137294618284176,1.50961725439552
-0.09629729292760639,-1.4855421027335067,-0.4724562609770488,0.053767538745646666,-0.31863876434204247,0.2812240989924361,-0.8139508343447405,1.0542748450026702,1.3834839799433223,-0.8977649510462204,0.8566530788456679,-1.320352028918303,-2.1336815547098054,0.8760498718055278,0.1612742227898709,0.5293957260327647,-0.32775093461239196,1.3627514751990846,-0.2906873329418978,1.5544979700443307,-3.6499541510500357,-0.7674059012438412,-0.7990503515036739,-0.5784596393667533,-0.24201145627081144,-1.1715471551628716,-1.865103806304258,-0.346381195349837,-0.4283341766343241,-0.928678595446786,-0.8411098323180703,-1.098580977294852,-0.1157446787181231,-0.1481500265190985,-0.25220753496529985,-1.4222905570290894,1.2617685070029363,0.8714476198888784,0.21313065967163514,1.7167821141041675,-0.27996023919359225,-0.5583375499471355,1.50961725439552,0.5962658424614765
