V1,V2,V3,V4,V5,V6,V7,V8,V9,V10,V11,V12,V13,V14,V15,V16,V17,V18,V19,V20,V21,V22,V23,V24,V25,V26,V27,V28,V29,V30,V31,V32,V33,V34,V35,V36,V37,V38,V39,V40,V41,V42,V43,V44
0.22845625772708222,-0.4727973743521827,0.34245561341113767,-0.04428033230048783,-0.23819300457750453,-0.19040673158180393,-0.5552976172696367,0.30360205175334914,0.0864145436878619,-0.13069056423348754,-0.25558681378791565,-0.2741531344472481,-0.11408814485238541,0.012729323280883878,0.15248164099454772,-0.023028002113837216,-0.22435613373076987,0.0583956782108058,-0.06884463814384305,-0.24632796595128717,-0.039624766077980676,-0.23658699350589618,-9.971240369208872e-4,0.15068513582918142,0.04016330180873317,-0.304327132324522,0.20424286247631473,0.08272003359066835,-0.03710994945320662,-0.15860225422211577,-0.16192285661465067,0.2011152723280104,0.1618281942643489,-0.17415727365182318,-0.16907117282631878,-0.3550856895385471,0.29794381681948384,-0.19762529615407406,0.25286205566827535,-0.1873300355698687,-0.39787281728225204,0.3238362486566832,-0.1520776487005412,-0.058288816631331015
-0.4727973743521827,2.2821694954313823,-1.9443827751108813,-0.6147030215620491,1.3372182306580016,0.30464109792669847,0.7021969786143559,-1.0640655620519526,-0.17871194464972281,-0.935532484453588,0.7388254818596103,0.9559854391117658,0.33596486096503164,-0.9874000282638601,-0.46829497174027956,1.6254674980731914,0.5991064947857166,-0.2424766543167797,0.9501240744814838,1.2512836534653058,-0.4593267519862207,0.33952250267554357,-0.4658530404944851,-0.5662788447747761,-0.4887334188365757,-0.32224074907047895,-0.3463302689281359,-1.3973427473237456,-0.8910199330801089,0.5373736133981387,1.6194725567310406,-1.9357443512824155,-1.797119948108729,0.21101673127306494,1.6006985206292808,-0.6276523406807526,-1.2628713197063766,-1.1777417162665191,-1.0885542749861539,0.09893261972224289,0.2360441214773147,-0.9597171950620137,0.9397251618036491,0.04514968564346525
0.34245561341113767,-1.9443827751108813,1.8132352806282115,0.630161392744497,-1.0709533133291513,-0.3241912423200392,-0.39191597938158496,0.8620663934264601,-0.030620674611725428,1.0029706298690744,-0.5568282396908321,-0.8268024081887779,-0.16224424501904366,1.012925239895754,0.3910504624609712,-1.62557589051731,-0.5350465314068789,0.0720840116656254,-0.8715432178717634,-1.2607788748226942,0.4895057281868535,-0.3720200731129209,0.5842282455821199,0.5194897812056456,0.5357609573028341,0.35897166496859,0.2757074155792297,1.3745598536929329,0.7597560630090614,-0.5213025669332106,-1.4526232305888434,1.7988426557302513,1.6357693135137494,-0.17194996911722263,-1.4042610931399055,0.9591388918553216,1.106936020338115,1.1225237832873138,0.9202515573688336,-0.10469755470362774,-0.33712351415916997,0.8440318332718517,-1.0794315822849723,-0.12158221935092889
-0.04428033230048783,-0.6147030215620491,0.630161392744497,0.541420737322967,-0.5688727734841562,0.2515449917839918,0.6102376506988,0.17159566544217797,0.1168327217065632,1.0383390149682632,-0.08337600709757108,-0.00885263715502961,0.07889843273661941,0.5261589712186086,-0.013739425895314553,-1.0210248783107596,0.10363745093507586,-0.01369263127282904,-0.5577283330690209,-0.24395881612159243,0.6068701440226482,0.36331918733573115,0.3240965213993066,0.0669948500916984,0.2621300668587853,0.9702476106088679,-0.0762707727591576,0.8105625817668527,0.8788610202252144,0.03355443897812634,-0.8369031227536327,0.9739923183539891,0.9777702256694263,0.3271563116195296,-0.8386286757650581,1.1003285763391017,0.22384682453724056,1.3323038102460494,0.2656221496945956,0.2868123841174527,0.9449275687788906,0.0423791432690088,-0.15986409922942613,0.2478012563885443
-0.23819300457750453,1.3372182306580016,-1.0709533133291513,-0.5688727734841562,1.27898740982374,-0.3369435293853335,-0.04961479181116475,-0.47624607586894474,-0.3246389652549091,-1.0682809508568747,0.5769007301734288,0.2058866792567892,0.22851826173661227,-0.560243403568447,-0.22401783183437907,1.3018889764425758,0.048844565699758175,-0.4159776230869137,0.8210712925884862,0.566285840874453,-0.9092855012738172,-0.59330680691361,-0.09374985353018679,-0.2870645808491416,-0.20027699862965226,-1.1918332979970836,-0.23212158946310624,-1.045285367918958,-1.286367192110959,0.03939426194063173,1.3279153403931971,-1.6707443158377446,-1.6453983828890044,-0.22753935959984448,1.3746606636974577,-0.671122818051505,-0.4809419349459874,-1.5739012575355307,-0.6080819541363226,-0.10233537846777238,-1.3593539902938085,-0.32645856203230117,0.0930964081462593,-0.32407778641074364
-0.19040673158180393,0.30464109792669847,-0.3241912423200392,0.2515449917839918,-0.3369435293853335,0.669037271370457,0.8482148994998382,-0.33263350717500983,0.2192792793476879,0.61948034034905,0.042622940585685866,0.5421612673876542,0.027194547169451397,-0.027996256121239835,-0.16243305618064025,-0.31490344357873096,0.4725315147220405,0.24351150948282088,-0.2264061175012632,0.4008080862692133,0.6287615238872877,0.96770560332971,-0.18690234283040355,-0.16911817075415614,-0.11871978678173366,1.2146257677250434,-0.14536067636834438,0.16701187263377773,0.8175872201314568,0.40048837436817075,-0.2789377513817695,0.36903674738821574,0.46925945823303067,0.4877874313331619,-0.3384600264686091,0.5215651427259287,-0.45723974687499847,1.059567124408907,-0.2009306567152295,0.3383356198005483,1.8174949402560807,-0.46899645156913317,0.6254636003051505,0.4252314779105694
-0.5552976172696367,0.7021969786143559,-0.39191597938158496,0.6102376506988,-0.04961479181116475,0.8482148994998382,2.0038875453038183,-0.6344452491922137,0.0487366817202651,1.3711265550729035,0.4811104619629006,0.868050294412713,0.43037299189114314,0.28117782900235533,-0.4314281145569223,-0.7814444868120477,0.7847572520331985,-0.14699193966509175,-0.35012358598404814,0.5971126192380252,0.9157152796433418,1.178070274139748,0.2332007081228876,-0.36784692325195717,0.0699626339202915,1.8554372013876734,-0.4921781417447495,0.49143611382070745,1.1270156726224971,0.5745799139236702,-0.3537882761471382,0.40663291756989617,0.5230536217814491,0.8675164784599619,-0.40558508541556737,1.7868399519673308,-0.6890791921562284,1.840424021561331,-0.40166527011538494,0.7339914673508424,2.32791042871378,-0.8110475203989612,0.49771795241363087,0.5432627680689323
0.30360205175334914,-1.0640655620519526,0.8620663934264601,0.17159566544217797,-0.47624607586894474,-0.33263350717500983,-0.6344452491922137,0.7280217721187322,0.33680894911149506,0.2509264337502411,-0.35681908533469725,-0.57632728487586,-0.05090765749604577,0.21803580644972098,0.1260623732129164,-0.4071413359678394,-0.33219254973556595,-0.1823239339495895,-0.3022804437169554,-0.35523917863768384,0.0180127906140893,-0.4889602603078881,0.30201517383035426,0.22560679249306143,0.25976628735948715,-0.3030088450611046,0.20018978392968934,0.4418567838425635,0.2259740684686666,-0.2017605734667641,-0.5471552050565489,0.47810289698048064,0.4470691154745087,-0.09020666694823867,-0.5731305604916226,-0.04741992737449034,0.7231172688622015,0.20867975248958126,0.6018453311451264,-0.02163042453716666,-0.5792588427213373,0.5694729857427561,-0.326270745781795,0.052002237766247926
0.0864145436878619,-0.17871194464972281,-0.030620674611725428,0.1168327217065632,-0.3246389652549091,0.2192792793476879,0.0487366817202651,0.33680894911149506,0.767668213805021,0.37517631189892114,-0.1637289602921644,0.09957953390242245,0.15224410520685022,-0.32907028374496705,-0.2315492631146811,0.09712801127462047,0.24514292258241888,-0.24252350322400104,-0.11376207532667144,0.6257909847514379,0.3361118530639968,0.2733186573713916,0.03451669698911021,-0.13383857405962848,-7.612105991337934e-4,0.33627586931149966,0.031979945237016055,-0.003925524935651599,0.6168399044753442,0.4056396881145831,-0.1623799550901591,-0.0974886932320054,0.02451635670505034,0.43403382562694875,-0.31911061160749626,-0.14046724251630635,0.05104795098613892,0.5572214567369643,0.22614970841566442,0.350068433887134,0.8343000331069707,-0.022039151323672915,0.6757350176444857,0.5474697656147018
-0.13069056423348754,-0.935532484453588,1.0029706298690744,1.0383390149682632,-1.0682809508568747,0.61948034034905,1.3711265550729035,0.2509264337502411,0.37517631189892114,2.0978978549860376,-0.1357305242383612,0.18694172589771618,0.2908559119419936,0.8164575004641922,-0.152131206245247,-1.8334664562506091,0.372188086963543,-0.13469839024364447,-1.0261770544309048,-0.19211559877380682,1.362927378794882,0.9035983302606871,0.603769286451618,0.037319137086310995,0.458376439615928,2.0657790810036176,-0.14236657347920473,1.4551214337379081,1.8465433409846106,0.26761756933580083,-1.5036595095150282,1.7275798083568654,1.7663020523736623,0.8163464543898957,-1.5605663904223201,2.134108449587782,0.24690485807172585,2.6779809105333463,0.4357881281586134,0.6380157270669711,2.2240785563513734,-0.051140438001269946,-0.03794871451801093,0.6467965783220383
-0.25558681378791565,0.7388254818596103,-0.5568282396908321,-0.08337600709757108,0.5769007301734288,0.042622940585685866,0.4811104619629006,-0.35681908533469725,-0.1637289602921644,-0.1357305242383612,0.4352712949103132,0.2541508098404309,0.15781683712514646,-0.10331841031523152,-0.1926903089511778,0.3583599564433275,0.18360110731414042,-0.20556543342990427,0.25963766886970013,0.38128760595725447,-0.30629004896438955,-0.04683259049717799,0.033596992956223565,-0.23103902516280594,-0.04409014423573221,-0.11653119558381732,-0.2946060135460413,-0.31595771254627003,-0.34844194010548346,0.07979270713452198,0.46356953031417736,-0.6493920758220635,-0.5857846050072237,0.09210097503901725,0.5193384164624392,0.20014697036346343,-0.332821641354659,-0.21980598245815555,-0.3802850384515514,0.1630429128542941,-0.12039501469939627,-0.35299430271711474,0.12487885419116343,-0.030442850960911785
-0.2741531344472481,0.9559854391117658,-0.8268024081887779,-0.00885263715502961,0.2058866792567892,0.5421612673876542,0.868050294412713,-0.57632728487586,0.09957953390242245,0.18694172589771618,0.2541508098404309,0.7423975809127696,0.2260564894715442,-0.36507784313248676,-0.28372640978027064,0.308339615040679,0.5526103496237198,0.014438696465397556,0.15609846910283384,0.7201690299771812,0.4088877442904959,0.802909038047223,-0.21792727280300753,-0.3135592830008129,-0.2402719583657032,0.7474988952090172,-0.16659913076621502,-0.3200454689759586,0.3322772535304413,0.49698607465921973,0.3580786371270525,-0.36908846325493005,-0.28135190498716084,0.4350998699006171,0.26261568422473586,0.19541090887956006,-0.7551327208104568,0.3605164432235874,-0.4658681506206583,0.2593605857285523,1.353746918143896,-0.6077679906851913,0.7204019103533533,0.32924384468593176
-0.11408814485238541,0.33596486096503164,-0.16224424501904366,0.07889843273661941,0.22851826173661227,0.027194547169451397,0.43037299189114314,-0.05090765749604577,0.15224410520685022,0.2908559119419936,0.15781683712514646,0.2260564894715442,0.3909764334957317,-0.16660635758360412,-0.24512876951453286,0.09550057253190572,0.21758856400696638,-0.44956610208688147,0.07141572932589663,0.3697210588353747,0.23645879771365477,0.041011939016980484,0.2450429250238354,-0.14932599467114016,0.06972338556887625,0.1292189806288458,-0.05605673292909543,-0.043969157893635945,0.13766582089872673,0.2597604755774884,0.1881261298509849,-0.3026190995874714,-0.28960108413931424,0.2835287160448757,0.10435293416757369,0.3481374523555419,-0.16217172095432505,0.16190991139089528,-0.06584639596501472,0.18772160345358394,0.18723164010720708,-0.11933966730948217,0.14537587646808023,0.19204503341084248
0.012729323280883878,-0.9874000282638601,1.012925239895754,0.5261589712186086,-0.560243403568447,-0.027996256121239835,0.28117782900235533,0.21803580644972098,-0.32907028374496705,0.8164575004641922,-0.10331841031523152,-0.36507784313248676,-0.16660635758360412,0.935585465687376,0.25101472824826015,-1.2948795517130525,-0.24392137710712844,0.21366059352562153,-0.6209359241915297,-0.883690655839981,0.2595270285861127,-0.027772329358168393,0.3598425377102602,0.26119554984130633,0.34970830853610085,0.5960505444902975,-0.06190330679724895,1.0096039079465748,0.49729597237398027,-0.4019971218861515,-0.9988760539070282,1.2866937676652304,1.2026868130729647,-0.07235304314926956,-0.8691089080960175,1.1453450503811606,0.5172799978461234,1.0330443295571732,0.34792875410261553,0.03700193632685356,0.09921179195040318,0.27621904314683193,-0.7933288790358644,-0.16222203491741868
0.15248164099454772,-0.46829497174027956,0.3910504624609712,-0.013739425895314553,-0.22401783183437907,-0.16243305618064025,-0.4314281145569223,0.1260623732129164,-0.2315492631146811,-0.152131206245247,-0.1926903089511778,-0.28372640978027064,-0.24512876951453286,0.25101472824826015,0.26369795381536737,-0.24185570673575088,-0.28019766837669036,0.2872401917130339,-0.11664479965159195,-0.5325855792187932,-0.10252166460626477,-0.17769929527948725,-0.055997567829367136,0.20867030706599288,0.0321498331191775,-0.1939960570171054,0.14050036069381097,0.19632072890276925,-0.12436095926474072,-0.3085578944484906,-0.2444901328974844,0.43227137302004776,0.3530884328801932,-0.307009137631218,-0.1808385076076861,-0.15024274417072697,0.2591171871690342,-0.16456060556639515,0.15927113118044942,-0.2602567635342147,-0.43168904830471916,0.2659643690974423,-0.3948536735514434,-0.2501663183428577
-0.023028002113837216,1.6254674980731914,-1.62557589051731,-1.0210248783107596,1.3018889764425758,-0.31490344357873096,-0.7814444868120477,-0.4071413359678394,0.09712801127462047,-1.8334664562506091,0.3583599564433275,0.308339615040679,0.09550057253190572,-1.2948795517130525,-0.24185570673575088,2.2786067065959643,0.09274836959525279,-0.2798696446482445,1.184572379754417,1.1098209015075602,-1.1025590662668359,-0.5336963058770002,-0.5621640763776478,-0.3739118607403418,-0.535399681923658,-1.7177077098938935,-0.005887381725490864,-1.7697796226085063,-1.5393363630670365,0.2412097911886492,1.8481342282026438,-2.3610900823624035,-2.2647660362109203,-0.293737936077672,1.785743542907749,-2.0359498435220313,-0.6742289863742847,-2.3815879184626563,-0.6578236219031594,-0.26419090396818673,-1.3562765324404464,-0.32913344175975456,0.7931461741337147,-0.16182054775436014
-0.22435613373076987,0.5991064947857166,-0.5350465314068789,0.10363745093507586,0.048844565699758175,0.4725315147220405,0.7847572520331985,-0.33219254973556595,0.24514292258241888,0.372188086963543,0.18360110731414042,0.5526103496237198,0.21758856400696638,-0.24392137710712844,-0.28019766837669036,0.09274836959525279,0.47957678608088383,-0.07067122078172125,0.0197655631368333,0.6438482751762177,0.41115239940996373,0.6705699342159196,-0.0835637862877256,-0.26125268357143744,-0.1270938488538838,0.7459477121474484,-0.17182292347045353,-0.12254552503996599,0.4754257756868593,0.4590774580192378,0.12456947101190391,-0.19551553771113345,-0.09917990292684083,0.4645892274608467,0.0272524507207943,0.3237131780521521,-0.5055362479975527,0.5826758917355473,-0.2682742888266231,0.34689587406305783,1.2631567662755558,-0.4709295240977426,0.6356246987101926,0.38419993073796377
0.0583956782108058,-0.2424766543167797,0.0720840116656254,-0.01369263127282904,-0.4159776230869137,0.24351150948282088,-0.14699193966509175,-0.1823239339495895,-0.24252350322400104,-0.13469839024364447,-0.20556543342990427,0.014438696465397556,-0.44956610208688147,0.21366059352562153,0.2872401917130339,-0.2798696446482445,-0.07067122078172125,0.7365678739642011,-0.1632079671732174,-0.3925361811101811,0.08063236284072216,0.4370282039892411,-0.41034405172553,0.14550673334798223,-0.17549994842658034,0.3807844669989344,0.07539401515428173,0.13334916325246926,0.15644057096316952,-0.16426030285038273,-0.31159261193233795,0.6210024007247984,0.5880531182315495,-0.2064108789649295,-0.25556349223786445,-0.2091289269783223,-0.07534197850894107,0.16308203505012636,-0.03630685694839155,-0.19104208874814402,0.5412957005514931,-0.04588937834646624,-0.016664606227172828,-0.14483528586701386
-0.06884463814384305,0.9501240744814838,-0.8715432178717634,-0.5577283330690209,0.8210712925884862,-0.2264061175012632,-0.35012358598404814,-0.3022804437169554,-0.11376207532667144,-1.0261770544309048,0.25963766886970013,0.15609846910283384,0.07141572932589663,-0.6209359241915297,-0.11664479965159195,1.184572379754417,0.0197655631368333,-0.1632079671732174,0.6731876762700805,0.4857264186417187,-0.6468000613712794,-0.35527087514871436,-0.26435103378070374,-0.18462182029715013,-0.27161856137644363,-0.9819579201725185,-0.030986919314913403,-0.9456614019682019,-0.9558649022431684,0.07900982699105388,1.0546048223664453,-1.2851376650958115,-1.2669918952582235,-0.22259182144873405,1.0412595656680477,-0.9797781947566894,-0.38314338979652074,-1.3778389276226408,-0.4058574636321762,-0.17955921913533188,-0.923893188068266,-0.19389028251566093,0.26072881406104614,-0.20368729449532738
-0.24632796595128717,1.2512836534653058,-1.2607788748226942,-0.24395881612159243,0.566285840874453,0.4008080862692133,0.5971126192380252,-0.35523917863768384,0.6257909847514379,-0.19211559877380682,0.38128760595725447,0.7201690299771812,0.3697210588353747,-0.883690655839981,-0.5325855792187932,1.1098209015075602,0.6438482751762177,-0.3925361811101811,0.4857264186417187,1.4864761897394327,-0.02123168458481474,0.47495591207305277,-0.21892817069822826,-0.5415593085383907,-0.31797345904586743,0.10134908751327737,-0.26304351646588386,-0.8693039514988468,0.047139651111052415,0.720752080938256,0.8645355917728037,-1.3601256372116202,-1.1469399053202078,0.563952420452621,0.6871637137799596,-0.4726041700140467,-0.7482840061709836,-0.1445609421344672,-0.4639073305003225,0.4827078620515869,0.9464769014729887,-0.6581776426097707,1.24960571741117,0.5660737863174157
-0.039624766077980676,-0.4593267519862207,0.4895057281868535,0.6068701440226482,-0.9092855012738172,0.6287615238872877,0.9157152796433418,0.0180127906140893,0.3361118530639968,1.362927378794882,-0.30629004896438955,0.4088877442904959,0.23645879771365477,0.2595270285861127,-0.10252166460626477,-1.1025590662668359,0.41115239940996373,0.08063236284072216,-0.6468000613712794,-0.02123168458481474,1.3771051472004592,1.0732052068253184,0.17306737720582915,0.040195103082677985,0.1193187701414868,1.7139401524660947,0.13063427388713766,0.8386959465353357,1.499887475489997,0.43027090810022106,-0.919798017764236,1.2700560879336187,1.2528648539187912,0.6290564177064436,-1.0885109973744571,1.1289719580439972,-0.12501984518491496,1.79754312947136,0.24739561497272874,0.3112354092101215,2.1572965962217543,-0.1091105542330248,0.2724408208208073,0.5470564697046453
-0.23658699350589618,0.33952250267554357,-0.3720200731129209,0.36331918733573115,-0.59330680691361,0.96770560332971,1.178070274139748,-0.4889602603078881,0.2733186573713916,0.9035983302606871,-0.04683259049717799,0.802909038047223,0.041011939016980484,-0.027772329358168393,-0.17769929527948725,-0.5336963058770002,0.6705699342159196,0.4370282039892411,-0.35527087514871436,0.47495591207305277,1.0732052068253184,1.4963031027336007,-0.2990546011654518,-0.190214935509264,-0.2052937996126248,1.818848779741363,-0.10300536773882227,0.29465066590036515,1.2653115132636679,0.5941385888932926,-0.4507987681791081,0.7044281278657265,0.7942628850912501,0.6655976734940734,-0.5851706180031438,0.7060139325782776,-0.6718949998628743,1.5316635348961658,-0.23378474388236128,0.40876588993658164,2.7041434695127657,-0.6196720297133982,0.8416633924077421,0.5796219657692879
-9.971240369208872e-4,-0.4658530404944851,0.5842282455821199,0.3240965213993066,-0.09374985353018679,-0.18690234283040355,0.2332007081228876,0.30201517383035426,0.03451669698911021,0.603769286451618,0.033596992956223565,-0.21792727280300753,0.2450429250238354,0.3598425377102602,-0.055997567829367136,-0.5621640763776478,-0.0835637862877256,-0.41034405172553,-0.26435103378070374,-0.21892817069822826,0.17306737720582915,-0.2990546011654518,0.5100763169089023,0.05892417519002299,0.3238443074691435,0.09543560491196691,-0.045334659477251994,0.5112349576668328,0.24990359744904037,-0.08932386663831185,-0.3868450038659308,0.3496711375894245,0.31520609220350565,0.12029523045631663,-0.3812536881892143,0.775220804659749,0.36833062308433523,0.5138386806477051,0.275757043055907,0.1523759338770765,-0.2718492890604767,0.23017645761434016,-0.42241140597872984,0.04232903572389212
0.15068513582918142,-0.5662788447747761,0.5194897812056456,0.0669948500916984,-0.2870645808491416,-0.16911817075415614,-0.36784692325195717,0.22560679249306143,-0.13383857405962848,0.037319137086310995,-0.23103902516280594,-0.3135592830008129,-0.14932599467114016,0.26119554984130633,0.20867030706599288,-0.3739118607403418,-0.26125268357143744,0.14550673334798223,-0.18462182029715013,-0.5415593085383907,0.040195103082677985,-0.190214935509264,0.05892417519002299,0.23004755678823488,0.10802236802189721,-0.08735313481029766,0.1630132804900536,0.3060329049875679,0.02095043504642526,-0.2418311900293242,-0.3389118061974053,0.5169490453852056,0.4338395275338198,-0.21710898393850253,-0.3019224202944336,0.024001034012729197,0.3305595894848327,0.013723158739589368,0.24573830477001715,-0.19994047484745842,-0.361725752315843,0.309585297283281,-0.41512923767908044,-0.17819272163087618
0.04016330180873317,-0.4887334188365757,0.5357609573028341,0.2621300668587853,-0.20027699862965226,-0.11871978678173366,0.0699626339202915,0.25976628735948715,-7.612105991337934e-4,0.458376439615928,-0.04409014423573221,-0.2402719583657032,0.06972338556887625,0.34970830853610085,0.0321498331191775,-0.535399681923658,-0.1270938488538838,-0.17549994842658034,-0.27161856137644363,-0.31797345904586743,0.1193187701414868,-0.2052937996126248,0.3238443074691435,0.10802236802189721,0.2580468794949697,0.1324931308319115,-0.007819578066388177,0.4669086257538073,0.22041945947237157,-0.1465509397878802,-0.4297737878894035,0.4509941437018307,0.4264410248754168,0.042602209674916444,-0.38159532873656204,0.5705486538020821,0.34674013553244853,0.4501692800615672,0.23988802393447584,0.05886190315720517,-0.15863269424395793,0.21487269994505256,-0.3646331079930102,0.003966874962098273
-0.304327132324522,-0.32224074907047895,0.35897166496859,0.9702476106088679,-1.1918332979970836,1.2146257677250434,1.8554372013876734,-0.3030088450611046,0.33627586931149966,2.0657790810036176,-0.11653119558381732,0.7474988952090172,0.1292189806288458,0.5960505444902975,-0.1939960570171054,-1.7177077098938935,0.7459477121474484,0.3807844669989344,-0.9819579201725185,0.10134908751327737,1.7139401524660947,1.818848779741363,0.09543560491196691,-0.08735313481029766,0.1324931308319115,2.8848550745032524,-0.1968857663103641,1.2217992173467818,2.17491629360593,0.5822020390408411,-1.393609422295408,1.8049637578452706,1.902152471716289,1.0107368413809863,-1.4857810241419234,2.0262597723266214,-0.3914652776645679,2.9939962349390834,0.04416978959188297,0.6974167384639234,3.6389619920500884,-0.5643828758590196,0.5702069716501824,0.8116508461697
0.20424286247631473,-0.3463302689281359,0.2757074155792297,-0.0762707727591576,-0.23212158946310624,-0.14536067636834438,-0.4921781417447495,0.20018978392968934,0.031979945237016055,-0.14236657347920473,-0.2946060135460413,-0.16659913076621502,-0.05605673292909543,-0.06190330679724895,0.14050036069381097,-0.005887381725490864,-0.17182292347045353,0.07539401515428173,-0.030986919314913403,-0.26304351646588386,0.13063427388713766,-0.10300536773882227,-0.045334659477251994,0.1630132804900536,-0.007819578066388177,-0.1968857663103641,0.27863885393248683,0.03866869416112288,-0.002008273186503947,-0.07593348292753352,-0.089850321246517,0.2268235839383085,0.15194177382292823,-0.1558160462507878,-0.13484373626766524,-0.36266997640361465,0.175795858886643,-0.23548356182866806,0.20721271366580354,-0.24667938307605614,-0.2497621324585111,0.28238968594038216,-0.13763197528107526,-0.06984573146655342
0.08272003359066835,-1.3973427473237456,1.3745598536929329,0.8105625817668527,-1.045285367918958,0.16701187263377773,0.49143611382070745,0.4418567838425635,-0.003925524935651599,1.4551214337379081,-0.31595771254627003,-0.3200454689759586,-0.043969157893635945,1.0096039079465748,0.19632072890276925,-1.7697796226085063,-0.12254552503996599,0.13334916325246926,-0.9456614019682019,-0.8693039514988468,0.8386959465353357,0.29465066590036515,0.5112349576668328,0.3060329049875679,0.4669086257538073,1.2217992173467818,0.03866869416112288,1.4196921266562499,1.2001026428831942,-0.22278944954647092,-1.4814209512259955,1.839551438142797,1.7647220040939866,0.22306359045632512,-1.4359073581819966,1.552250129053714,0.6339400939744162,1.8340639873328441,0.5963767571843137,0.19562438272153113,0.9028374084441523,0.3602846469155532,-0.6533333552825076,0.1489840994842454
-0.03710994945320662,-0.8910199330801089,0.7597560630090614,0.8788610202252144,-1.286367192110959,0.8175872201314568,1.1270156726224971,0.2259740684686666,0.6168399044753442,1.8465433409846106,-0.34844194010548346,0.3322772535304413,0.13766582089872673,0.49729597237398027,-0.12436095926474072,-1.5393363630670365,0.4754257756868593,0.15644057096316952,-0.9558649022431684,0.047139651111052415,1.499887475489997,1.2653115132636679,0.24990359744904037,0.02095043504642526,0.22041945947237157,2.17491629360593,-0.002008273186503947,1.2001026428831942,2.0060174797391337,0.45904608486769327,-1.4144486499311713,1.6756887675532717,1.7392355262991344,0.835968373508567,-1.5733602920169434,1.4968715123863352,0.07191115673861176,2.5745118037424266,0.43290914678248416,0.5974516153729797,2.7590429246953727,-0.12041022772182494,0.42198743564598346,0.7884393134865421
-0.15860225422211577,0.5373736133981387,-0.5213025669332106,0.03355443897812634,0.03939426194063173,0.40048837436817075,0.5745799139236702,-0.2017605734667641,0.4056396881145831,0.26761756933580083,0.07979270713452198,0.49698607465921973,0.2597604755774884,-0.4019971218861515,-0.3085578944484906,0.2412097911886492,0.4590774580192378,-0.16426030285038273,0.07900982699105388,0.720752080938256,0.43027090810022106,0.5941385888932926,-0.08932386663831185,-0.2418311900293242,-0.1465509397878802,0.5822020390408411,-0.07593348292753352,-0.22278944954647092,0.45904608486769327,0.5445363646696616,0.20862274083247295,-0.3227851616124465,-0.23635891722163976,0.46203297415555356,0.04640306108088613,0.06700244603133593,-0.44863877770205585,0.4172523267696608,-0.176204494003577,0.3295376440268226,1.1345061008707145,-0.3823241763719469,0.7142218259112234,0.4263220420540523
-0.16192285661465067,1.6194725567310406,-1.4526232305888434,-0.8369031227536327,1.3279153403931971,-0.2789377513817695,-0.3537882761471382,-0.5471552050565489,-0.1623799550901591,-1.5036595095150282,0.46356953031417736,0.3580786371270525,0.1881261298509849,-0.9988760539070282,-0.2444901328974844,1.8481342282026438,0.12456947101190391,-0.31159261193233795,1.0546048223664453,0.8645355917728037,-0.919798017764236,-0.4507987681791081,-0.3868450038659308,-0.3389118061974053,-0.4297737878894035,-1.393609422295408,-0.089850321246517,-1.4814209512259955,-1.4144486499311713,0.20862274083247295,1.6838699039343152,-2.050352351811261,-2.010472926665168,-0.25907524892889533,1.6426820970763163,-1.400939082160649,-0.7016714317530017,-2.040494269728266,-0.6963414433593671,-0.21291441011490317,-1.245514251002154,-0.3888416469828352,0.4856458693334103,-0.2593079001653657
0.2011152723280104,-1.9357443512824155,1.7988426557302513,0.9739923183539891,-1.6707443158377446,0.36903674738821574,0.40663291756989617,0.47810289698048064,-0.0974886932320054,1.7275798083568654,-0.6493920758220635,-0.36908846325493005,-0.3026190995874714,1.2866937676652304,0.43227137302004776,-2.3610900823624035,-0.19551553771113345,0.6210024007247984,-1.2851376650958115,-1.3601256372116202,1.2700560879336187,0.7044281278657265,0.3496711375894245,0.5169490453852056,0.4509941437018307,1.8049637578452706,0.2268235839383085,1.839551438142797,1.6756887675532717,-0.3227851616124465,-2.050352351811261,2.757931038032447,2.620647203928423,0.1637553732493972,-1.999244917608752,1.685834300138065,0.7349092828755786,2.3606148123193207,0.7752788075339974,0.04529147514748679,1.563279321220153,0.4821469959302073,-0.7835753494856301,0.13275852451301157
0.1618281942643489,-1.797119948108729,1.6357693135137494,0.9777702256694263,-1.6453983828890044,0.46925945823303067,0.5230536217814491,0.4470691154745087,0.02451635670505034,1.7663020523736623,-0.5857846050072237,-0.28135190498716084,-0.28960108413931424,1.2026868130729647,0.3530884328801932,-2.2647660362109203,-0.09917990292684083,0.5880531182315495,-1.2669918952582235,-1.1469399053202078,1.2528648539187912,0.7942628850912501,0.31520609220350565,0.4338395275338198,0.4264410248754168,1.902152471716289,0.15194177382292823,1.7647220040939866,1.7392355262991344,-0.23635891722163976,-2.010472926665168,2.620647203928423,2.543707511568481,0.27760606543161953,-1.9565630855341425,1.6854917180791447,0.6556936065900424,2.4663842875884603,0.713362709409423,0.15498740017495585,1.8002165074771121,0.3701193365790993,-0.5715414920422215,0.25292695112511365
-0.17415727365182318,0.21101673127306494,-0.17194996911722263,0.3271563116195296,-0.22753935959984448,0.4877874313331619,0.8675164784599619,-0.09020666694823867,0.43403382562694875,0.8163464543898957,0.09210097503901725,0.4350998699006171,0.2835287160448757,-0.07235304314926956,-0.307009137631218,-0.293737936077672,0.4645892274608467,-0.2064108789649295,-0.22259182144873405,0.563952420452621,0.6290564177064436,0.6655976734940734,0.12029523045631663,-0.21710898393850253,0.042602209674916444,1.0107368413809863,-0.1558160462507878,0.22306359045632512,0.835968373508567,0.46203297415555356,-0.25907524892889533,0.1637553732493972,0.27760606543161953,0.6231545726612037,-0.3548770645010924,0.7073629735771241,-0.2692527512503414,1.104024541236346,-0.049328473100628656,0.4664397725015712,1.4867588572846344,-0.3435362103607545,0.5737718440535242,0.5424564542470721
-0.16907117282631878,1.6006985206292808,-1.4042610931399055,-0.8386286757650581,1.3746606636974577,-0.3384600264686091,-0.40558508541556737,-0.5731305604916226,-0.31911061160749626,-1.5605663904223201,0.5193384164624392,0.26261568422473586,0.10435293416757369,-0.8691089080960175,-0.1808385076076861,1.785743542907749,0.0272524507207943,-0.25556349223786445,1.0412595656680477,0.6871637137799596,-1.0885109973744571,-0.5851706180031438,-0.3812536881892143,-0.3019224202944336,-0.38159532873656204,-1.4857810241419234,-0.13484373626766524,-1.4359073581819966,-1.5733602920169434,0.04640306108088613,1.6426820970763163,-1.999244917608752,-1.9565630855341425,-0.3548770645010924,1.694237226755607,-1.3202786145523886,-0.6354004762191642,-2.1118008917241955,-0.7362427252527087,-0.2805110849880667,-1.4829396934392665,-0.36821484830807866,0.3155832207056873,-0.3726428700221138
-0.3550856895385471,-0.6276523406807526,0.9591388918553216,1.1003285763391017,-0.671122818051505,0.5215651427259287,1.7868399519673308,-0.04741992737449034,-0.14046724251630635,2.134108449587782,0.20014697036346343,0.19541090887956006,0.3481374523555419,1.1453450503811606,-0.15024274417072697,-2.0359498435220313,0.3237131780521521,-0.2091289269783223,-0.9797781947566894,-0.4726041700140467,1.1289719580439972,0.7060139325782776,0.775220804659749,0.024001034012729197,0.5705486538020821,2.0262597723266214,-0.36266997640361465,1.552250129053714,1.4968715123863352,0.06700244603133593,-1.400939082160649,1.685834300138065,1.6854917180791447,0.7073629735771241,-1.3202786145523886,2.747290406103829,0.17039098020859053,2.607328647103116,0.1968880772577391,0.622301113713818,1.7734567564276116,-0.18921564052132653,-0.5057071944940645,0.355604241675789
0.29794381681948384,-1.2628713197063766,1.106936020338115,0.22384682453724056,-0.4809419349459874,-0.45723974687499847,-0.6890791921562284,0.7231172688622015,0.05104795098613892,0.24690485807172585,-0.332821641354659,-0.7551327208104568,-0.16217172095432505,0.5172799978461234,0.2591171871690342,-0.6742289863742847,-0.5055362479975527,-0.07534197850894107,-0.38314338979652074,-0.7482840061709836,-0.12501984518491496,-0.6718949998628743,0.36833062308433523,0.3305595894848327,0.34674013553244853,-0.3914652776645679,0.175795858886643,0.6339400939744162,0.07191115673861176,-0.44863877770205585,-0.7016714317530017,0.7349092828755786,0.6556936065900424,-0.2692527512503414,-0.6354004762191642,0.17039098020859053,0.8827427717616192,0.18303763742148804,0.6325806520633444,-0.13064250685161696,-0.9604468637697429,0.6709150233375297,-0.723133701048695,-0.16749379860119745
-0.19762529615407406,-1.1777417162665191,1.1225237832873138,1.3323038102460494,-1.5739012575355307,1.059567124408907,1.840424021561331,0.20867975248958126,0.5572214567369643,2.6779809105333463,-0.21980598245815555,0.3605164432235874,0.16190991139089528,1.0330443295571732,-0.16456060556639515,-2.3815879184626563,0.5826758917355473,0.16308203505012636,-1.3778389276226408,-0.1445609421344672,1.79754312947136,1.5316635348961658,0.5138386806477051,0.013723158739589368,0.4501692800615672,2.9939962349390834,-0.23548356182866806,1.8340639873328441,2.5745118037424266,0.4172523267696608,-2.040494269728266,2.3606148123193207,2.4663842875884603,1.104024541236346,-2.1118008917241955,2.607328647103116,0.18303763742148804,3.68597684239221,0.49033732983746503,0.8964231415866761,3.4832653227202717,-0.235890152584959,0.24552355330857176,0.9293637213294133
0.25286205566827535,-1.0885542749861539,0.9202515573688336,0.2656221496945956,-0.6080819541363226,-0.2009306567152295,-0.40166527011538494,0.6018453311451264,0.22614970841566442,0.4357881281586134,-0.3802850384515514,-0.4658681506206583,-0.06584639596501472,0.34792875410261553,0.15927113118044942,-0.6578236219031594,-0.2682742888266231,-0.03630685694839155,-0.4058574636321762,-0.4639073305003225,0.24739561497272874,-0.23378474388236128,0.275757043055907,0.24573830477001715,0.23988802393447584,0.04416978959188297,0.20721271366580354,0.5963767571843137,0.43290914678248416,-0.176204494003577,-0.6963414433593671,0.7752788075339974,0.713362709409423,-0.049328473100628656,-0.7362427252527087,0.1968880772577391,0.6325806520633444,0.49033732983746503,0.5816632744725828,-0.016534573961582033,-0.19188179146973544,0.49981873239503954,-0.37250137061871347,0.04752624563449163
-0.1873300355698687,0.09893261972224289,-0.10469755470362774,0.2868123841174527,-0.10233537846777238,0.3383356198005483,0.7339914673508424,-0.02163042453716666,0.350068433887134,0.6380157270669711,0.1630429128542941,0.2593605857285523,0.18772160345358394,0.03700193632685356,-0.2602567635342147,-0.26419090396818673,0.34689587406305783,-0.19104208874814402,-0.17955921913533188,0.4827078620515869,0.3112354092101215,0.40876588993658164,0.1523759338770765,-0.19994047484745842,0.05886190315720517,0.6974167384639234,-0.24667938307605614,0.19562438272153113,0.5974516153729797,0.3295376440268226,-0.21291441011490317,0.04529147514748679,0.15498740017495585,0.4664397725015712,-0.2805110849880667,0.622301113713818,-0.13064250685161696,0.8964231415866761,-0.016534573961582033,0.48554416744842854,0.9950611884325687,-0.28624528158216594,0.4075911437160434,0.3994223199491478
-0.39787281728225204,0.2360441214773147,-0.33712351415916997,0.9449275687788906,-1.3593539902938085,1.8174949402560807,2.32791042871378,-0.5792588427213373,0.8343000331069707,2.2240785563513734,-0.12039501469939627,1.353746918143896,0.18723164010720708,0.09921179195040318,-0.43168904830471916,-1.3562765324404464,1.2631567662755558,0.5412957005514931,-0.923893188068266,0.9464769014729887,2.1572965962217543,2.7041434695127657,-0.2718492890604767,-0.361725752315843,-0.15863269424395793,3.6389619920500884,-0.2497621324585111,0.9028374084441523,2.7590429246953727,1.1345061008707145,-1.245514251002154,1.563279321220153,1.8002165074771121,1.4867588572846344,-1.4829396934392665,1.7734567564276116,-0.9604468637697429,3.4832653227202717,-0.19188179146973544,0.9950611884325687,5.265163331255812,-1.0396895909438366,1.5957473786662102,1.3378959976529177
0.3238362486566832,-0.9597171950620137,0.8440318332718517,0.0423791432690088,-0.32645856203230117,-0.46899645156913317,-0.8110475203989612,0.5694729857427561,-0.022039151323672915,-0.051140438001269946,-0.35299430271711474,-0.6077679906851913,-0.11933966730948217,0.27621904314683193,0.2659643690974423,-0.32913344175975456,-0.4709295240977426,-0.04588937834646624,-0.19389028251566093,-0.6581776426097707,-0.1091105542330248,-0.6196720297133982,0.23017645761434016,0.309585297283281,0.21487269994505256,-0.5643828758590196,0.28238968594038216,0.3602846469155532,-0.12041022772182494,-0.3823241763719469,-0.3888416469828352,0.4821469959302073,0.3701193365790993,-0.3435362103607545,-0.36821484830807866,-0.18921564052132653,0.6709150233375297,-0.235890152584959,0.49981873239503954,-0.28624528158216594,-1.0396895909438366,0.6338297557926861,-0.6246752209909131,-0.2262415153322623
-0.1520776487005412,0.9397251618036491,-1.0794315822849723,-0.15986409922942613,0.0930964081462593,0.6254636003051505,0.49771795241363087,-0.326270745781795,0.6757350176444857,-0.03794871451801093,0.12487885419116343,0.7204019103533533,0.14537587646808023,-0.7933288790358644,-0.3948536735514434,0.7931461741337147,0.6356246987101926,-0.016664606227172828,0.26072881406104614,1.24960571741117,0.2724408208208073,0.8416633924077421,-0.42241140597872984,-0.41512923767908044,-0.3646331079930102,0.5702069716501824,-0.13763197528107526,-0.6533333552825076,0.42198743564598346,0.7142218259112234,0.4856458693334103,-0.7835753494856301,-0.5715414920422215,0.5737718440535242,0.3155832207056873,-0.5057071944940645,-0.723133701048695,0.24552355330857176,-0.37250137061871347,0.4075911437160434,1.5957473786662102,-0.6246752209909131,1.3436550687470432,0.637267013136359
-0.058288816631331015,0.04514968564346525,-0.12158221935092889,0.2478012563885443,-0.32407778641074364,0.4252314779105694,0.5432627680689323,0.052002237766247926,0.5474697656147018,0.6467965783220383,-0.030442850960911785,0.32924384468593176,0.19204503341084248,-0.16222203491741868,-0.2501663183428577,-0.16182054775436014,0.38419993073796377,-0.14483528586701386,-0.20368729449532738,0.5660737863174157,0.5470564697046453,0.5796219657692879,0.04232903572389212,-0.17819272163087618,0.003966874962098273,0.8116508461697,-0.06984573146655342,0.1489840994842454,0.7884393134865421,0.4263220420540523,-0.2593079001653657,0.13275852451301157,0.25292695112511365,0.5424564542470721,-0.3726428700221138,0.355604241675789,-0.16749379860119745,0.9293637213294133,0.04752624563449163,0.3994223199491478,1.3378959976529177,-0.2262415153322623,0.637267013136359,0.5500750584592695
