V1,V2,V3,V4,V5,V6,V7,V8,V9,V10,V11,V12,V13,V14,V15,V16,V17,V18,V19,V20,V21,V22,V23,V24,V25,V26,V27,V28,V29,V30,V31,V32,V33,V34,V35,V36,V37,V38,V39,V40,V41,V42,V43
8.555083354340384,-8.055232927380258,-8.787798139767531,-0.7934162369499709,4.832499611782864,-4.553826692433553,3.95919313859612,3.489094619184328,4.0864307119607535,-5.2849257337716,2.0710986021271194,9.997209574410716,-5.612747264941992,0.37842633634959744,12.176126562091437,-1.140585878019654,0.6702671149830071,3.0326399983807333,3.98121411139254,-3.068623790933832,-8.630699305272353,2.3358709794016725,-5.332394540094115,0.37448810370082314,-5.458706734294575,4.515012122838257,-11.396983470791373,-2.9289116049436057,1.168429799027254,-0.061855074058135305,3.421619988347536,5.204095711865055,-7.9948006561051015,1.7118000780997333,-9.293550210073755,-1.7435660207961816,-0.9518954914082397,-0.40660212994825495,-3.320313623397302,0.688094201219816,3.0326921603413735,4.081374243823466,-4.854939301779455
-8.055232927380258,8.06477788391941,9.570357031204084,0.7605289341002296,-5.284787034712385,4.277303722882342,-4.8907090600925205,-3.027327370144377,-3.7037102965365274,5.038753667243481,-2.1099575730872364,-9.894539014605456,6.47521548145025,-0.09513657717634924,-12.651570428305424,1.1921775383544033,-0.037024184677863864,-2.699367111799415,-4.038208120511094,2.5815555838610162,8.925240827940849,-2.430110686286489,5.5185403438523934,-0.2350114474614556,5.786031828244076,-4.420802923710795,11.624271977531977,3.0659301104113132,-1.4780130171121264,-0.6292606007929191,-3.3816002930152855,-4.6843297400241815,8.022127426112323,-1.4800265813251394,9.664506732201126,1.880619252765825,1.4855821297751781,0.9876957355598066,3.1398605756363795,-1.0934687593283918,-3.7033653053284903,-3.1963383944024257,5.371903159402387
-8.787798139767531,9.570357031204084,12.76519672268839,0.8492558338045403,-7.051366665014302,4.65171881417532,-7.434685960462871,-2.8149679702536115,-3.7338203344570697,5.674538426440045,-2.6629620007486583,-11.647274731703538,9.168007668974916,0.4199030185336161,-15.964166766972218,1.5813201398239924,0.947870112537772,-2.778751783058932,-4.88011170264933,2.3518923957061726,11.182728835340978,-3.0440409162377264,6.8646174370813675,-0.07042316762581058,7.367220882664984,-5.1910386576377885,14.26518632078692,3.8491731879590594,-2.297596514186566,-1.833536572240391,-3.9429026508927123,-4.815306290761666,9.656818641896752,-1.2964518571884796,12.196399287316513,2.5048287249114876,2.6129556021027143,2.098832432509414,3.4504431203807755,-1.954451728078706,-5.529848114097308,-2.3085246437359044,7.199012276010873
-0.7934162369499709,0.7605289341002296,0.8492558338045403,0.09870611369077469,-0.5007669195768786,0.40165325690087483,-0.4286787473776778,-0.3397727369978701,-0.36753401601292635,0.43948884480464456,-0.18705255084027178,-0.895857298246808,0.5720644323196186,0.009993613437351483,-1.1469141741536157,0.1321668221581333,0.013575161352725419,-0.2450712872478625,-0.3775376210632896,0.23136130209968175,0.8329157794439296,-0.22252048643166644,0.5065076909499809,-0.03637510412355046,0.5607468559495321,-0.4060142036429459,1.1297543423557863,0.2782212122793878,-0.09777371099216188,-0.07389523107437784,-0.3022400934841536,-0.4069417807381194,0.7059781241856591,-0.16961326299172208,0.9211229451710696,0.1687153491837644,0.14215282577099275,0.08111573272738967,0.27205799164480227,-0.08174926527756192,-0.3525437391333648,-0.30581428834891583,0.4818050345724136
4.832499611782864,-5.284787034712385,-7.051366665014302,-0.5007669195768786,3.9473801813839144,-2.522891620736153,4.129943727136437,1.5866596265517559,2.0572352742506466,-3.0343556149341415,1.4404897680656878,6.346605793470379,-5.109749994270621,-0.28964949455329997,8.770539770224655,-0.9042438421938764,-0.6153956384202829,1.4750847356173735,2.690159121769063,-1.2019536592014046,-6.1732060917431,1.6811260304924873,-3.8166852426989117,0.03580843930338222,-4.112318108921828,2.8288916327321982,-7.93118110082027,-2.1220255220348245,1.2395725313465784,1.1155844020119507,2.148373526330283,2.536215744802954,-5.244950651057768,0.7231541171450239,-6.783658163681625,-1.3785839530537274,-1.5029790415034072,-1.2247340498378132,-1.8445905613779945,1.1093948613421256,3.11325773447528,1.1923724288149087,-3.997635236844691
-4.553826692433553,4.277303722882342,4.65171881417532,0.40165325690087483,-2.522891620736153,2.4540812864160033,-2.107065412404082,-1.8206776071360118,-2.16185166778323,2.870186454957677,-1.11556422700538,-5.370172835467053,2.930705481024992,-0.2506060889142502,-6.4940966471553,0.5713160027269811,-0.40208727959600227,-1.6328880243273822,-2.1237178319569288,1.7002421698223968,4.582697992502128,-1.2379379858976651,2.784167269330915,-0.2068333448342537,2.8879357701879975,-2.4151693035465494,6.010430776563379,1.564097862247313,-0.6408593358289996,0.09600624169238885,-1.8368271766872857,-2.836844905468219,4.304065968866055,-0.9246532707496913,4.882426836976545,0.9298299693735806,0.47571107967880083,0.15931568047873076,1.80551057690677,-0.3345692163980324,-1.584155422803338,-2.212555476671609,2.5691950859589343
3.95919313859612,-4.8907090600925205,-7.434685960462871,-0.4286787473776778,4.129943727136437,-2.107065412404082,5.111336519479849,0.8533898851034669,1.3674944606548338,-2.6600777739621106,1.4675467803806197,5.898795149368957,-5.627834453145113,-0.5511211009473082,8.837536171774065,-0.8583398693366977,-1.302241098365902,1.006641721888737,2.611418668705605,-0.7352239406054573,-6.143866908345536,1.647373083744772,-3.533960548249556,-0.06880148910414861,-4.267464827738949,2.5621663067631557,-7.649095530396161,-2.1503854021169824,1.5336043846048883,1.7649342757251554,1.9577115597799695,1.860927027323162,-5.010685676052425,0.4892024330704627,-6.657334745479174,-1.4792495158353456,-2.015453251180928,-1.6656461895276813,-1.5493094430677525,1.378229883530989,3.76342313611495,0.04685218615743912,-4.301856874978606
3.489094619184328,-3.027327370144377,-2.8149679702536115,-0.3397727369978701,1.5866596265517559,-1.8206776071360118,0.8533898851034669,1.6524785627950527,1.800798020360855,-2.03825089545283,0.7172999719506512,3.7146320655449516,-1.6374003590587791,0.26670127301274715,4.198558348870037,-0.4306188268825313,0.5817092291235357,1.2980380587126472,1.4380752211283032,-1.3342878062754724,-3.039257997428125,0.8316888682477181,-1.9702320163693914,0.19899321832926734,-1.8585053778005822,1.7087994481030788,-4.170751652286251,-1.0025995918869954,0.2160571956080509,-0.3593667437553844,1.2849979887782481,2.1588308564585525,-2.888372197916111,0.7740288145200223,-3.313498019477278,-0.5462722332366311,-0.06207977689138446,0.11912455591619531,-1.3021705486860924,0.05685618396179346,0.7373891507674258,2.0339080333183173,-1.5144994971352834
4.0864307119607535,-3.7037102965365274,-3.7338203344570697,-0.36753401601292635,2.0572352742506466,-2.16185166778323,1.3674944606548338,1.800798020360855,2.0648230452661194,-2.46581292905436,0.8884270012908908,4.580474771944394,-2.28585428740032,0.27927708766095277,5.333810763337188,-0.5041152472722263,0.5577032856152118,1.5032353804135548,1.7868018574835058,-1.517882638977278,-3.801272931304736,1.042400544997794,-2.470323449809068,0.1986943804468072,-2.3423839473273995,2.0844563030747185,-5.105740422994313,-1.2863592492245626,0.4135263216701671,-0.27260752710757236,1.5879084233286296,2.5475177704853826,-3.617878259725745,0.8368065596581763,-4.1291537163437235,-0.7290842103402031,-0.2280817049199247,-0.023001972670876357,-1.581298949518605,0.21595661796570323,1.078694227308955,2.2410212926030026,-2.037903384313201
-5.2849257337716,5.038753667243481,5.674538426440045,0.43948884480464456,-3.0343556149341415,2.870186454957677,-2.6600777739621106,-2.03825089545283,-2.46581292905436,3.4740116630316384,-1.4147530522545608,-6.3852576561895384,3.620876611640435,-0.26604358449814103,-7.844028463043179,0.6882629489361592,-0.44105426583738505,-1.9486146903118053,-2.5085951925540075,2.0176742407311035,5.514869144587249,-1.4971146036445193,3.3013481178644484,-0.1980695743022273,3.4302544562439845,-2.875864963283357,7.129404409568841,1.8598095763726639,-0.8460829033613598,0.0702698933670495,-2.174597348631318,-3.3764574058528147,5.175338462302476,-1.03020357307266,5.834414492772719,1.1215550033405548,0.598296323269045,0.2539500347370754,2.1418527390025814,-0.4313797834150824,-1.9818738750048532,-2.4756150361566274,3.096575678399399
2.0710986021271194,-2.1099575730872364,-2.6629620007486583,-0.18705255084027178,1.4404897680656878,-1.11556422700538,1.4675467803806197,0.7172999719506512,0.8884270012908908,-1.4147530522545608,0.6646895246961216,2.6489343516135206,-1.8179970538749515,-0.013322781747581516,3.5058818346531484,-0.3405154203518932,-0.030779566551137894,0.736916391940138,1.0699778056791893,-0.7188541391192544,-2.466928041815279,0.6682168366260258,-1.4208376320057305,0.03707442422679361,-1.5661178502314685,1.1936522444263462,-3.1313367895022566,-0.8147801999283741,0.45091393320570106,0.20252819703819325,0.8859907794778318,1.2612472506659302,-2.1919101193474013,0.3643693012809311,-2.6178813854858802,-0.5201405267049267,-0.42537005267376155,-0.2887674361126378,-0.8290187976358001,0.284816338219678,1.104684631758796,0.7065018363918292,-1.4543217219464726
9.997209574410716,-9.894539014605456,-11.647274731703538,-0.895857298246808,6.346605793470379,-5.370172835467053,5.898795149368957,3.7146320655449516,4.580474771944394,-6.3852576561895384,2.6489343516135206,12.308288877884642,-7.7517977984316015,0.238337432822479,15.572369199460914,-1.4108405611230443,0.25474983960845343,3.449311390856314,4.966969217620579,-3.408503300003977,-10.944145847692946,2.96672222616416,-6.667293106412962,0.3255341094223716,-7.015799234544277,5.506282984926996,-14.180464859158391,-3.7554092743214644,1.8208768014628207,0.5253819980765382,4.198035809816672,6.014147399159072,-9.992958031559613,1.85271473813344,-11.7429143345548,-2.308886488871827,-1.6725255752135777,-1.0141499043559166,-3.9721444554947345,1.221974066236894,4.401400143498434,4.1419770442984944,-6.494798191823076
-5.612747264941992,6.47521548145025,9.168007668974916,0.5720644323196186,-5.109749994270621,2.930705481024992,-5.627834453145113,-1.6374003590587791,-2.28585428740032,3.620876611640435,-1.8179970538749515,-7.7517977984316015,6.82042239238502,0.5271355393184569,-11.088269314137595,1.1475495665142093,1.0869788527062993,-1.6560329271011605,-3.325829438639537,1.2082735635456314,7.7594249567386475,-2.1207117529949158,4.822200578194548,0.05034460434590528,5.193463610221278,-3.441905825621675,9.843163835859826,2.6791263982014515,-1.7353295222590888,-1.7442164544400744,-2.61994796179508,-2.8579823475182526,6.495402119970962,-0.6955316124811655,8.555773310258719,1.7831145446467107,2.1367551826810973,1.8566580809191386,2.1735415501524527,-1.619237897876071,-4.197709550338634,-0.9443542350079263,5.208392486068015
0.37842633634959744,-0.09513657717634924,0.4199030185336161,0.009993613437351483,-0.28964949455329997,-0.2506060889142502,-0.5511211009473082,0.26670127301274715,0.27927708766095277,-0.26604358449814103,-0.013322781747581516,0.238337432822479,0.5271355393184569,0.278371009514865,-0.16577369028498096,0.1087529098748566,0.44303076154086407,0.21644865504621294,0.029538438486518832,-0.38480858099618365,0.12503659218017849,-0.03301763317894971,0.09986478853446805,0.07834017270339992,0.1424673457425416,0.08983443969323349,0.117334119448552,0.02839493560015684,-0.14796591375643028,-0.4870202222509868,0.10011954779724522,0.43851536945738423,-0.13211810891241077,0.20040836529543277,0.2391847420079293,0.07827170530922144,0.34302244373651264,0.39217336764253696,-0.20067166738899564,-0.26146794731012807,-0.4222362917546445,0.6590345538229967,0.24441296918462432
12.176126562091437,-12.651570428305424,-15.964166766972218,-1.1469141741536157,8.770539770224655,-6.4940966471553,8.837536171774065,4.198558348870037,5.333810763337188,-7.844028463043179,3.5058818346531484,15.572369199460914,-11.088269314137595,-0.16577369028498096,20.60799026829113,-1.9660003158246466,-0.546011700412958,4.01672686354633,6.418059764779968,-3.7274447113093583,-14.467856500394674,3.9226280525620405,-8.761072524068933,0.24923539728913438,-9.430413817016337,6.950792218420473,-18.577195599840646,-4.957512298642875,2.703673339062063,1.622397678899627,5.2775220914539975,6.986206430126694,-12.787462011320942,2.057197990654087,-15.627426804825522,-3.1494879811367884,-2.8573561283674995,-2.0679176442454246,-4.796180864923575,2.0693854569413426,6.597893225275881,4.0494198911524,-8.955698947812909
-1.140585878019654,1.1921775383544033,1.5813201398239924,0.1321668221581333,-0.9042438421938764,0.5713160027269811,-0.8583398693366977,-0.4306188268825313,-0.5041152472722263,0.6882629489361592,-0.3405154203518932,-1.4108405611230443,1.1475495665142093,0.1087529098748566,-1.9660003158246466,0.26890245311657573,0.10281147974975684,-0.3957914339020307,-0.5797832211843235,0.2790802606621928,1.4110766427680423,-0.385920980253901,0.9040027948054019,-0.0156052731366809,0.8877385977160422,-0.6711295134291465,1.8418155097031557,0.4520567335060529,-0.2518928039341358,-0.22768652050559404,-0.4687691340971959,-0.594014240963036,1.162844672054854,-0.13491357900740897,1.5956327349106387,0.30841452298434996,0.301787177518555,0.25955206609036063,0.4099241943248703,-0.24325380712123018,-0.6625299116317189,-0.30093131853895744,0.8467805373724333
0.6702671149830071,-0.037024184677863864,0.947870112537772,0.013575161352725419,-0.6153956384202829,-0.40208727959600227,-1.302241098365902,0.5817092291235357,0.5577032856152118,-0.44105426583738505,-0.030779566551137894,0.25474983960845343,1.0869788527062993,0.44303076154086407,-0.546011700412958,0.10281147974975684,0.9589816613894077,0.5158161971818032,-0.06729480292585698,-0.7000492941176936,0.3719098210507993,-0.09791514362371827,0.14446464475510784,0.14767176859996148,0.4969347634709176,0.17238103693810772,0.34902927600301165,0.16373216573948068,-0.34842094457270484,-1.0127220844553013,0.11260512561311174,0.8334379964492953,-0.09513343043422233,0.2507297162766112,0.4859749134090659,0.1822691882554507,0.7730494574211215,0.765467348060249,-0.32225638434465875,-0.5003012995210624,-0.9811893737114552,1.295506944374762,0.6600695082002664
3.0326399983807333,-2.699367111799415,-2.778751783058932,-0.2450712872478625,1.4750847356173735,-1.6328880243273822,1.006641721888737,1.2980380587126472,1.5032353804135548,-1.9486146903118053,0.736916391940138,3.449311390856314,-1.6560329271011605,0.21644865504621294,4.01672686354633,-0.3957914339020307,0.5158161971818032,1.223329175795094,1.2961688776603606,-1.243748627695866,-2.8445533038660136,0.7741996055422459,-1.7860678937149992,0.15264858772059767,-1.6535706732953894,1.6072994127591935,-3.7451539293591427,-0.9287270669310036,0.33961863295846,-0.31643649896832315,1.1779156939106146,2.026592709428762,-2.76087423592119,0.5718102457630738,-3.043903664102837,-0.5525417914930262,-0.09036089031054118,0.0641366064692464,-1.2195041719568303,0.11571843026835144,0.7500881335433733,1.6935871754963843,-1.4401243124985696
3.98121411139254,-4.038208120511094,-4.88011170264933,-0.3775376210632896,2.690159121769063,-2.1237178319569288,2.611418668705605,1.4380752211283032,1.7868018574835058,-2.5085951925540075,1.0699778056791893,4.966969217620579,-3.325829438639537,0.029538438486518832,6.418059764779968,-0.5797832211843235,-0.06729480292585698,1.2961688776603606,2.050146155824402,-1.2613334588878438,-4.510548011680787,1.2184509747274688,-2.738722066964617,0.11167854693813561,-2.9648076662172813,2.199197359023606,-5.84945949864672,-1.5617664174043926,0.778166070338453,0.3946742072884743,1.693982668108232,2.2922705783922184,-4.037597735485526,0.7421150140694074,-4.859976829017072,-0.9653061540943778,-0.81961604188956,-0.5489596569460095,-1.5534948750020912,0.5747195203174988,1.966521837976463,1.4857410626276386,-2.7665736469625375
-3.068623790933832,2.5815555838610162,2.3518923957061726,0.23136130209968175,-1.2019536592014046,1.7002421698223968,-0.7352239406054573,-1.3342878062754724,-1.517882638977278,2.0176742407311035,-0.7188541391192544,-3.408503300003977,1.2082735635456314,-0.38480858099618365,-3.7274447113093583,0.2790802606621928,-0.7000492941176936,-1.243748627695866,-1.2613334588878438,1.444151683450753,2.6312666438814643,-0.7024906590854454,1.5059034285997905,-0.20511128121678227,1.537945654271072,-1.5526025495908629,3.466861321337243,0.8706502405895961,-0.23787834570216837,0.5694961713966015,-1.1627900205133654,-2.1583239318000444,2.693639208143739,-0.719100758113362,2.6822103107659694,0.4823248919332988,-0.08574746946019807,-0.32914306900811574,1.2638302402753563,0.09700762580691116,-0.5411929990556191,-1.9191806092041153,1.2267177594984149
-8.630699305272353,8.925240827940849,11.182728835340978,0.8329157794439296,-6.1732060917431,4.582697992502128,-6.143866908345536,-3.039257997428125,-3.801272931304736,5.514869144587249,-2.466928041815279,-10.944145847692946,7.7594249567386475,0.12503659218017849,-14.467856500394674,1.4110766427680423,0.3719098210507993,-2.8445533038660136,-4.510548011680787,2.6312666438814643,10.190043305826967,-2.7675649414001615,6.173215271849122,-0.1834288298928212,6.6455687189998045,-4.895073640197064,13.1254410236854,3.4767089053085938,-1.8586172629445756,-1.1314192619576684,-3.706582309720804,-4.915450721907086,8.9689354158414325,-1.483070835880766,11.025096445918324,2.200178983048982,1.9886882061083666,1.4281529329815013,3.3697212657355258,-1.426630654659896,-4.622070210766599,-2.8945265712656654,6.265846447336618
2.3358709794016725,-2.430110686286489,-3.0440409162377264,-0.22252048643166644,1.6811260304924873,-1.2379379858976651,1.647373083744772,0.8316888682477181,1.042400544997794,-1.4971146036445193,0.6682168366260258,2.96672222616416,-2.1207117529949158,-0.03301763317894971,3.9226280525620405,-0.385920980253901,-0.09791514362371827,0.7741996055422459,1.2184509747274688,-0.7024906590854454,-2.7675649414001615,0.7599632889001772,-1.6984787720455063,0.03934675517254173,-1.798734837762418,1.326849300520453,-3.5617760866153905,-0.9433128419665782,0.5083086969558811,0.3106363821436876,1.008244917827903,1.3320423607132246,-2.4344602724959885,0.3958012761357297,-3.001245481706872,-0.5913814365922191,-0.5364413590350977,-0.39835512271555557,-0.917378347428389,0.3974528767304582,1.2449351886768192,0.7904670168466502,-1.7025741162529144
-5.332394540094115,5.5185403438523934,6.8646174370813675,0.5065076909499809,-3.8166852426989117,2.784167269330915,-3.533960548249556,-1.9702320163693914,-2.470323449809068,3.3013481178644484,-1.4208376320057305,-6.667293106412962,4.822200578194548,0.09986478853446805,-8.761072524068933,0.9040027948054019,0.14446464475510784,-1.7860678937149992,-2.738722066964617,1.5059034285997905,6.173215271849122,-1.6984787720455063,4.020278000451722,-0.08930918671943582,3.9662742422720676,-3.0115041958041675,8.032751700760228,2.113324802696935,-1.106732011726707,-0.6733307185969765,-2.2888320351900964,-3.009864443228315,5.448180644155246,-0.8115504611560342,6.832093495494786,1.329159603794144,1.1686528548107746,0.9622963733612008,2.06029985240819,-0.9772231308514989,-2.670311008996782,-1.9250314248726437,3.828809567328987
0.37448810370082314,-0.2350114474614556,-0.07042316762581058,-0.03637510412355046,0.03580843930338222,-0.2068333448342537,-0.06880148910414861,0.19899321832926734,0.1986943804468072,-0.1980695743022273,0.03707442422679361,0.3255341094223716,0.05034460434590528,0.07834017270339992,0.24923539728913438,-0.0156052731366809,0.14767176859996148,0.15264858772059767,0.11167854693813561,-0.20511128121678227,-0.1834288298928212,0.03934675517254173,-0.08930918671943582,0.05968303709607088,-0.10039596472159601,0.15583883436690107,-0.28437920036993114,-0.062356476592509404,-0.0362405877867992,-0.153723939950956,0.10961640950504214,0.26202013231411053,-0.22789042868983803,0.11422054394228726,-0.17758285958450606,-0.02927431065903923,0.07993992017068009,0.13674510324604852,-0.14013065353835283,-0.07683258363597599,-0.05573843688808895,0.31546275583811223,-0.030632071127239476
-5.458706734294575,5.786031828244076,7.367220882664984,0.5607468559495321,-4.112318108921828,2.8879357701879975,-4.267464827738949,-1.8585053778005822,-2.3423839473273995,3.4302544562439845,-1.5661178502314685,-7.015799234544277,5.193463610221278,0.1424673457425416,-9.430413817016337,0.8877385977160422,0.4969347634709176,-1.6535706732953894,-2.9648076662172813,1.537945654271072,6.6455687189998045,-1.798734837762418,3.9662742422720676,-0.10039596472159601,4.478177117502923,-3.0838032088278884,8.569485491501007,2.3026632692561004,-1.2428470877000184,-0.9833752362664435,-2.3769131128076246,-2.9445322806074703,5.744637924192397,-0.9933498091658501,7.183696719008343,1.4500406215023862,1.4873019170508304,1.0790409349349943,2.094849343848415,-1.0012737441024295,-3.2371646335761346,-1.5975850986217572,4.221291061786594
4.515012122838257,-4.420802923710795,-5.1910386576377885,-0.4060142036429459,2.8288916327321982,-2.4151693035465494,2.5621663067631557,1.7087994481030788,2.0844563030747185,-2.875864963283357,1.1936522444263462,5.506282984926996,-3.441905825621675,0.08983443969323349,6.950792218420473,-0.6711295134291465,0.17238103693810772,1.6072994127591935,2.199197359023606,-1.5526025495908629,-4.895073640197064,1.326849300520453,-3.0115041958041675,0.15583883436690107,-3.0838032088278884,2.497592907936706,-6.354626110879699,-1.6581517366104102,0.7984002502702012,0.18321419544259152,1.872513257976121,2.7388133398594374,-4.47044242782013,0.7987274702499281,-5.280432116678094,-1.032182536544846,-0.6994703878284163,-0.42108504168923233,-1.7876022687915574,0.5366926354202839,1.9067453423768101,1.909172661680681,-2.851520727013502
-11.396983470791373,11.624271977531977,14.26518632078692,1.1297543423557863,-7.93118110082027,6.010430776563379,-7.649095530396161,-4.170751652286251,-5.105740422994313,7.129404409568841,-3.1313367895022566,-14.180464859158391,9.843163835859826,0.117334119448552,-18.577195599840646,1.8418155097031557,0.34902927600301165,-3.7451539293591427,-5.84945949864672,3.466861321337243,13.1254410236854,-3.5617760866153905,8.032751700760228,-0.28437920036993114,8.569485491501007,-6.354626110879699,17.04523659383263,4.47461742940269,-2.2660664692383374,-1.3383120155451003,-4.8137873085742084,-6.438242258535417,11.552484089324095,-2.0152595193751317,14.263861063869516,2.805146865085381,2.461403191963255,1.7415358881347904,4.380793375333206,-1.7644014815463034,-5.811247634643378,-4.028706991798921,8.00278172789881
-2.9289116049436057,3.0659301104113132,3.8491731879590594,0.2782212122793878,-2.1220255220348245,1.564097862247313,-2.1503854021169824,-1.0025995918869954,-1.2863592492245626,1.8598095763726639,-0.8147801999283741,-3.7554092743214644,2.6791263982014515,0.02839493560015684,-4.957512298642875,0.4520567335060529,0.16373216573948068,-0.9287270669310036,-1.5617664174043926,0.8706502405895961,3.4767089053085938,-0.9433128419665782,2.113324802696935,-0.062356476592509404,2.3026632692561004,-1.6581517366104102,4.47461742940269,1.211088389645842,-0.6537613930874442,-0.42082900948105495,-1.2790111970093176,-1.6496274827056367,3.0743993826606504,-0.5130624300175184,3.7551714892761847,0.7606476194551258,0.7171868382886308,0.5144172303421591,1.1527978207029868,-0.5135933883086373,-1.6045869711035137,-0.968345381065102,2.1906612165279964
1.168429799027254,-1.4780130171121264,-2.297596514186566,-0.09777371099216188,1.2395725313465784,-0.6408593358289996,1.5336043846048883,0.2160571956080509,0.4135263216701671,-0.8460829033613598,0.45091393320570106,1.8208768014628207,-1.7353295222590888,-0.14796591375643028,2.703673339062063,-0.2518928039341358,-0.34842094457270484,0.33961863295846,0.778166070338453,-0.23787834570216837,-1.8586172629445756,0.5083086969558811,-1.106732011726707,-0.0362405877867992,-1.2428470877000184,0.7984002502702012,-2.2660664692383374,-0.6537613930874442,0.5076944020022642,0.49591469466921373,0.6096267119932762,0.6177118253372368,-1.5686784875913466,0.09554002364438746,-2.0078827015628375,-0.45376417575499645,-0.5847178669659031,-0.5056181334430672,-0.5035034326911424,0.4449993432447023,1.0937967664652877,0.03819142269503274,-1.305449203222192
-0.061855074058135305,-0.6292606007929191,-1.833536572240391,-0.07389523107437784,1.1155844020119507,0.09600624169238885,1.7649342757251554,-0.3593667437553844,-0.27260752710757236,0.0702698933670495,0.20252819703819325,0.5253819980765382,-1.7442164544400744,-0.4870202222509868,1.622397678899627,-0.22768652050559404,-1.0127220844553013,-0.31643649896832315,0.3946742072884743,0.5694961713966015,-1.1314192619576684,0.3106363821436876,-0.6733307185969765,-0.153723939950956,-0.9833752362664435,0.18321419544259152,-1.3383120155451003,-0.42082900948105495,0.49591469466921373,1.1449924383526182,0.1574304856943791,-0.5123762094006302,-0.550125216442464,-0.18376921683243116,-1.3527024543169752,-0.3473647596953416,-0.9447802469069964,-0.940428062813194,0.09489377249537101,0.6579470854479678,1.3378217555026752,-1.1175460756520281,-1.152314754686453
3.421619988347536,-3.3816002930152855,-3.9429026508927123,-0.3022400934841536,2.148373526330283,-1.8368271766872857,1.9577115597799695,1.2849979887782481,1.5879084233286296,-2.174597348631318,0.8859907794778318,4.198035809816672,-2.61994796179508,0.10011954779724522,5.2775220914539975,-0.4687691340971959,0.11260512561311174,1.1779156939106146,1.693982668108232,-1.1627900205133654,-3.706582309720804,1.008244917827903,-2.2888320351900964,0.10961640950504214,-2.3769131128076246,1.872513257976121,-4.8137873085742084,-1.2790111970093176,0.6096267119932762,0.1574304856943791,1.4388417722309217,2.0626006297012607,-3.4023168093699465,0.6373354609175689,-3.9846188045933317,-0.7777959535859086,-0.5518433787802427,-0.3402719894843712,-1.3614159190305308,0.41584148321812536,1.4631202721236656,1.4592663354115938,-2.2060886942928635
5.204095711865055,-4.6843297400241815,-4.815306290761666,-0.4069417807381194,2.536215744802954,-2.836844905468219,1.860927027323162,2.1588308564585525,2.5475177704853826,-3.3764574058528147,1.2612472506659302,6.014147399159072,-2.8579823475182526,0.43851536945738423,6.986206430126694,-0.594014240963036,0.8334379964492953,2.026592709428762,2.2922705783922184,-2.1583239318000444,-4.915450721907086,1.3320423607132246,-3.009864443228315,0.26202013231411053,-2.9445322806074703,2.7388133398594374,-6.438242258535417,-1.6496274827056367,0.6177118253372368,-0.5123762094006302,2.0626006297012607,3.480132569931783,-4.813041087927524,1.0566697515187575,-5.183704134148131,-0.9611951929649423,-0.21356405797557626,0.10357069361212508,-2.1212147635757463,0.1911721087421886,1.3732913094239159,2.8880855343450627,-2.5717892212613944
-7.9948006561051015,8.022127426112323,9.656818641896752,0.7059781241856591,-5.244950651057768,4.304065968866055,-5.010685676052425,-2.888372197916111,-3.617878259725745,5.175338462302476,-2.1919101193474013,-9.992958031559613,6.495402119970962,-0.13211810891241077,-12.787462011320942,1.162844672054854,-0.09513343043422233,-2.76087423592119,-4.037597735485526,2.693639208143739,8.9689354158414325,-2.4344602724959885,5.448180644155246,-0.22789042868983803,5.744637924192397,-4.47044242782013,11.552484089324095,3.0743993826606504,-1.5686784875913466,-0.550125216442464,-3.4023168093699465,-4.813041087927524,8.155416319364315,-1.4291339872530302,9.618749863370304,1.9108230469830956,1.456574435144541,0.939144739341535,3.201324212357312,-1.0763714799960615,-3.717341646574116,-3.1638932430212594,5.376712678215984
1.7118000780997333,-1.4800265813251394,-1.2964518571884796,-0.16961326299172208,0.7231541171450239,-0.9246532707496913,0.4892024330704627,0.7740288145200223,0.8368065596581763,-1.03020357307266,0.3643693012809311,1.85271473813344,-0.6955316124811655,0.20040836529543277,2.057197990654087,-0.13491357900740897,0.2507297162766112,0.5718102457630738,0.7421150140694074,-0.719100758113362,-1.483070835880766,0.3958012761357297,-0.8115504611560342,0.11422054394228726,-0.9933498091658501,0.7987274702499281,-2.0152595193751317,-0.5130624300175184,0.09554002364438746,-0.18376921683243116,0.6373354609175689,1.0566697515187575,-1.4291339872530302,0.49697487248506284,-1.5143650305925958,-0.25816797636834027,-0.05032595599629588,0.1258823105610613,-0.649417551378523,-0.052706906348821074,0.4231008263863489,0.9825562805600778,-0.755844326283329
-9.293550210073755,9.664506732201126,12.196399287316513,0.9211229451710696,-6.783658163681625,4.882426836976545,-6.657334745479174,-3.313498019477278,-4.1291537163437235,5.834414492772719,-2.6178813854858802,-11.7429143345548,8.555773310258719,0.2391847420079293,-15.627426804825522,1.5956327349106387,0.4859749134090659,-3.043903664102837,-4.859976829017072,2.6822103107659694,11.025096445918324,-3.001245481706872,6.832093495494786,-0.17758285958450606,7.183696719008343,-5.280432116678094,14.263861063869516,3.7551714892761847,-2.0078827015628375,-1.3527024543169752,-3.9846188045933317,-5.183704134148131,9.618749863370304,-1.5143650305925958,12.054829167082996,2.3904920033627004,2.219209046906915,1.6892275959897454,3.5768375284614673,-1.6577033701661583,-5.031446848408288,-3.0424308452229014,6.826619391160218
-1.7435660207961816,1.880619252765825,2.5048287249114876,0.1687153491837644,-1.3785839530537274,0.9298299693735806,-1.4792495158353456,-0.5462722332366311,-0.7290842103402031,1.1215550033405548,-0.5201405267049267,-2.308886488871827,1.7831145446467107,0.07827170530922144,-3.1494879811367884,0.30841452298434996,0.1822691882554507,-0.5525417914930262,-0.9653061540943778,0.4823248919332988,2.200178983048982,-0.5913814365922191,1.329159603794144,-0.02927431065903923,1.4500406215023862,-1.032182536544846,2.805146865085381,0.7606476194551258,-0.45376417575499645,-0.3473647596953416,-0.7777959535859086,-0.9611951929649423,1.9108230469830956,-0.25816797636834027,2.3904920033627004,0.5022973002857842,0.5130885915305896,0.38986744216735575,0.6868702828116611,-0.37545742161530554,-1.0848112403301924,-0.461605430622649,1.4126390767108186
-0.9518954914082397,1.4855821297751781,2.6129556021027143,0.14215282577099275,-1.5029790415034072,0.47571107967880083,-2.015453251180928,-0.06207977689138446,-0.2280817049199247,0.598296323269045,-0.42537005267376155,-1.6725255752135777,2.1367551826810973,0.34302244373651264,-2.8573561283674995,0.301787177518555,0.7730494574211215,-0.09036089031054118,-0.81961604188956,-0.08574746946019807,1.9886882061083666,-0.5364413590350977,1.1686528548107746,0.07993992017068009,1.4873019170508304,-0.6994703878284163,2.461403191963255,0.7171868382886308,-0.5847178669659031,-0.9447802469069964,-0.5518433787802427,-0.21356405797557626,1.456574435144541,-0.05032595599629588,2.219209046906915,0.5130885915305896,0.9169751064494753,0.8254658059288039,0.33493407264243014,-0.6322872943923369,-1.5034300936561271,0.46643557740360736,1.5687423491903743
-0.40660212994825495,0.9876957355598066,2.098832432509414,0.08111573272738967,-1.2247340498378132,0.15931568047873076,-1.6656461895276813,0.11912455591619531,-0.023001972670876357,0.2539500347370754,-0.2887674361126378,-1.0141499043559166,1.8566580809191386,0.39217336764253696,-2.0679176442454246,0.25955206609036063,0.765467348060249,0.0641366064692464,-0.5489596569460095,-0.32914306900811574,1.4281529329815013,-0.39835512271555557,0.9622963733612008,0.13674510324604852,1.0790409349349943,-0.42108504168923233,1.7415358881347904,0.5144172303421591,-0.5056181334430672,-0.940428062813194,-0.3402719894843712,0.10357069361212508,0.939144739341535,0.1258823105610613,1.6892275959897454,0.38986744216735575,0.8254658059288039,0.8693311165479934,0.11570202538472911,-0.6430818571220225,-1.2533624070192395,0.6771393684488132,1.2570471703219326
-3.320313623397302,3.1398605756363795,3.4504431203807755,0.27205799164480227,-1.8445905613779945,1.80551057690677,-1.5493094430677525,-1.3021705486860924,-1.581298949518605,2.1418527390025814,-0.8290187976358001,-3.9721444554947345,2.1735415501524527,-0.20067166738899564,-4.796180864923575,0.4099241943248703,-0.32225638434465875,-1.2195041719568303,-1.5534948750020912,1.2638302402753563,3.3697212657355258,-0.917378347428389,2.06029985240819,-0.14013065353835283,2.094849343848415,-1.7876022687915574,4.380793375333206,1.1527978207029868,-0.5035034326911424,0.09489377249537101,-1.3614159190305308,-2.1212147635757463,3.201324212357312,-0.649417551378523,3.5768375284614673,0.6868702828116611,0.33493407264243014,0.11570202538472911,1.3512140964354622,-0.2605520443988544,-1.1413435178508293,-1.634478079767934,1.892514766968121
0.688094201219816,-1.0934687593283918,-1.954451728078706,-0.08174926527756192,1.1093948613421256,-0.3345692163980324,1.378229883530989,0.05685618396179346,0.21595661796570323,-0.4313797834150824,0.284816338219678,1.221974066236894,-1.619237897876071,-0.26146794731012807,2.0693854569413426,-0.24325380712123018,-0.5003012995210624,0.11571843026835144,0.5747195203174988,0.09700762580691116,-1.426630654659896,0.3974528767304582,-0.9772231308514989,-0.07683258363597599,-1.0012737441024295,0.5366926354202839,-1.7644014815463034,-0.5135933883086373,0.4449993432447023,0.6579470854479678,0.41584148321812536,0.1911721087421886,-1.0763714799960615,-0.052706906348821074,-1.6577033701661583,-0.37545742161530554,-0.6322872943923369,-0.6430818571220225,-0.2605520443988544,0.5258176689448536,1.0055595563687867,-0.276498940229886,-1.1379887230440153
3.0326921603413735,-3.7033653053284903,-5.529848114097308,-0.3525437391333648,3.11325773447528,-1.584155422803338,3.76342313611495,0.7373891507674258,1.078694227308955,-1.9818738750048532,1.104684631758796,4.401400143498434,-4.197709550338634,-0.4222362917546445,6.597893225275881,-0.6625299116317189,-0.9811893737114552,0.7500881335433733,1.966521837976463,-0.5411929990556191,-4.622070210766599,1.2449351886768192,-2.670311008996782,-0.05573843688808895,-3.2371646335761346,1.9067453423768101,-5.811247634643378,-1.6045869711035137,1.0937967664652877,1.3378217555026752,1.4631202721236656,1.3732913094239159,-3.717341646574116,0.4231008263863489,-5.031446848408288,-1.0848112403301924,-1.5034300936561271,-1.2533624070192395,-1.1413435178508293,1.0055595563687867,2.830809967080413,0.07215160261135328,-3.210953805465489
4.081374243823466,-3.1963383944024257,-2.3085246437359044,-0.30581428834891583,1.1923724288149087,-2.212555476671609,0.04685218615743912,2.0339080333183173,2.2410212926030026,-2.4756150361566274,0.7065018363918292,4.1419770442984944,-0.9443542350079263,0.6590345538229967,4.0494198911524,-0.30093131853895744,1.295506944374762,1.6935871754963843,1.4857410626276386,-1.9191806092041153,-2.8945265712656654,0.7904670168466502,-1.9250314248726437,0.31546275583811223,-1.5975850986217572,1.909172661680681,-4.028706991798921,-0.968345381065102,0.03819142269503274,-1.1175460756520281,1.4592663354115938,2.8880855343450627,-3.1638932430212594,0.9825562805600778,-3.0424308452229014,-0.461605430622649,0.46643557740360736,0.6771393684488132,-1.634478079767934,-0.276498940229886,0.07215160261135328,3.0550176753363654,-1.1732780052578196
-4.854939301779455,5.371903159402387,7.199012276010873,0.4818050345724136,-3.997635236844691,2.5691950859589343,-4.301856874978606,-1.5144994971352834,-2.037903384313201,3.096575678399399,-1.4543217219464726,-6.494798191823076,5.208392486068015,0.24441296918462432,-8.955698947812909,0.8467805373724333,0.6600695082002664,-1.4401243124985696,-2.7665736469625375,1.2267177594984149,6.265846447336618,-1.7025741162529144,3.828809567328987,-0.030632071127239476,4.221291061786594,-2.851520727013502,8.00278172789881,2.1906612165279964,-1.305449203222192,-1.152314754686453,-2.2060886942928635,-2.5717892212613944,5.376712678215984,-0.755844326283329,6.826619391160218,1.4126390767108186,1.5687423491903743,1.2570471703219326,1.892514766968121,-1.1379887230440153,-3.210953805465489,-1.1732780052578196,4.129674191694736
