V1,V2,V3,V4,V5,V6,V7,V8,V9,V10,V11,V12,V13,V14,V15,V16,V17,V18,V19,V20,V21,V22,V23,V24,V25,V26,V27,V28,V29,V30,V31,V32,V33,V34,V35,V36,V37,V38,V39,V40,V41,V42,V43,V44
2.134015938196405,0.49895398203338853,0.05032504096724266,1.2446396170696823,-1.8250693327106493,0.6969162892642714,0.20774963681369765,-2.2188663649212512,-1.0412303878921194,-0.6520561915455313,0.8033708276581233,-1.4158429776770727,-1.4750319615576937,-1.4258408516804806,1.1732200116253781,2.481158160545946,-0.28089890773376797,-0.431734128358844,2.2636181891038683,0.8722943595099051,-1.5163349384863767,0.19057783663906872,-1.940749739372337,-1.7741204528361438,-0.7046515024666603,1.0824320167810981,0.9656793087507568,0.4597792629575981,0.5648302298902719,2.220974677405537,-2.798223324083524,-0.7211074313991791,-0.5647329933341195,-0.2686152806148273,-4.612998292899639,0.6584856331015733,0.5155363930715706,0.22047239112417363,-0.3507892231129774,0.2022201775000569,0.39742232146955125,-0.747363944106942,1.4681293069982684,0.9079317108138122
0.49895398203338853,0.3433599085027953,-0.06643559496293787,0.1459672774213916,-0.8082498590753889,0.14158730067419464,0.02319527857568734,-0.8229138434134774,-0.49371324729597854,-0.07304487444738826,0.31190498148419227,-0.5011556452262154,-0.29528735627037256,-0.675300773733276,0.34976298343121204,0.8825846291001024,-0.44625650942634765,-0.10834274370321649,0.9356527913351215,0.3510642734508862,-0.6401727443843667,-0.1357075150912167,-0.5658791451429457,-0.7355538407810419,-0.1537621032977448,0.20085106677599163,0.3386636020539614,0.2145004759770526,0.08629024256112786,0.9363097842629177,-0.9591353243819858,-0.31435140848161475,-0.17185258983937893,-0.15302083403629052,-1.4563065731430664,-0.12352572481870625,0.41750951540876335,0.10777956044198152,0.10490786017914082,0.1544560481051206,-0.0767758712936326,-0.23795481063507004,0.5844373957700955,0.20065373947211737
0.05032504096724266,-0.06643559496293787,0.32831427253834955,0.07355274005559861,-0.22192212772879752,0.9955552483671724,0.3087153578162699,-0.2750406362193029,-0.1378112505393031,-0.09802633070332692,0.1460278348684672,0.1919736449243226,-0.43616066182896834,0.17059264998314227,0.4336121760638352,0.24701429006116882,-0.6187629805080455,0.31265629699491504,-0.0034471254589539878,-0.6282970714322513,0.08091246241217173,0.1583811996605881,0.5003770523504758,0.31505783697324835,0.36087264867021934,0.06808526873460734,0.16137949163440551,0.18753036355512742,-0.26890754599316374,0.02770003415359053,0.3202848505635193,-0.3743239412089845,-0.2404582330278251,0.36806957898476694,0.534630893135415,-0.2160520827318729,0.641170861993854,0.13141052951095453,0.2019592860348839,0.005630346369082114,0.08946616698556566,-0.8017196691857517,-0.07182326740966395,-0.219992835203262
1.2446396170696823,0.1459672774213916,0.07355274005559861,0.9115344734176407,-0.6272293088023608,0.3163939886022382,0.19292964639339952,-0.9837009897811979,-0.3111238911253606,-0.3277690584589214,0.45360536292111137,-0.6417630773398835,-0.8336748013146437,-0.42996080836803313,0.6634732695528283,1.2717915111722418,0.1878737336412263,-0.15390360047494825,0.8683987865391046,0.5155247457759513,-0.7465190933141667,0.2800093106545536,-1.0502757643491702,-0.7450201696900728,-0.44545634734153156,0.6835716463464726,0.4435830037100925,0.19899670488592158,0.32419558185781644,0.9536394537227737,-1.4255290085279246,-0.3325413281405054,-0.26038597447094636,-0.1787619326325204,-2.407088614992325,0.6714431163377179,-0.0020101570570425845,0.09797586252689236,-0.29736516546405245,0.13485709369974047,0.33765217309060336,-0.46450454140709796,0.6494459642090427,0.5338534525300795
-1.8250693327106493,-0.8082498590753889,-0.22192212772879752,-0.6272293088023608,2.904926812881048,-1.736893108227589,-0.3133599456021988,2.9755057227661594,1.790190132164791,0.6920883998227452,-0.9382442473326693,1.4839297745256255,1.6798067236881542,2.086570671329596,-1.500648904573095,-2.883037777345365,1.8415419898787573,0.25440181443397636,-3.098685590153556,-0.1903741842839718,1.6653896472432606,0.1552164269127561,1.3674353987820682,1.9875368542447815,0.1503040290999586,-0.820627944067382,-1.285647307393282,-0.7875092037264068,-0.18165619951489748,-2.870365339539996,2.6479721823684095,1.2570092041079566,0.8793186124566763,-0.12358073964419379,4.158561195042547,0.44818171674918517,-1.8982155283246394,-0.4138974891504099,-0.23228764973605348,-0.21748966500681483,-0.08434475979741202,1.404411894006937,-1.743824161459595,-0.5167227507145649
0.6969162892642714,0.14158730067419464,0.9955552483671724,0.3163939886022382,-1.736893108227589,3.470638935754763,0.9842857523913686,-1.8505636052602454,-1.0740610945652609,-0.47960611981122453,0.7324538971617518,0.02226391605802322,-1.7860144101104476,-0.30355126468490723,1.7648104466792283,1.7222669971380886,-2.5527770959451113,0.8183739585503409,1.1304506021653655,-1.7472256050456205,-0.3817765017094207,0.32120157107392766,1.0143159250009843,0.18142304173269055,1.0286634789127205,0.42839990124490224,0.9301622512680079,0.829995129244115,-0.75380487076719,1.1461913327293962,0.00325849638893397,-1.5385376278224843,-0.9985594326125732,1.0985174630954673,0.15513327588346917,-0.927911768925632,2.6079637813501897,0.5406506187770811,0.7321684876206176,0.10064638886024006,0.21288843618123426,-2.7908042600779526,0.4294757104315427,-0.48138124121322623
0.20774963681369765,0.02319527857568734,0.3087153578162699,0.19292964639339952,-0.3133599456021988,0.9842857523913686,0.37123012434620184,-0.4184974466304751,-0.16708948757183908,-0.04067987810860423,0.2658542115108123,0.09791347976283252,-0.4990532972615874,0.1348056825813193,0.5812402641855191,0.5280270044788924,-0.6545165565211727,0.3550907415411393,0.10722597758594012,-0.45492581259826015,-0.14417046770350642,0.15829117095308884,0.3523319506818431,0.1837330592626128,0.2991424226461038,0.16062985725089923,0.2399374023833487,0.24612487859952945,-0.2758328926465741,0.24737923508543525,0.03978144638970174,-0.4727227977019343,-0.2624129179829861,0.26854889695902,0.1477563151786207,-0.17659345696223186,0.6765438206536437,0.1777426652825049,0.24275817137759156,0.10422717808413713,0.0682337733123553,-0.9382475507006622,0.05842432524763678,-0.14603473786618468
-2.2188663649212512,-0.8229138434134774,-0.2750406362193029,-0.9837009897811979,2.9755057227661594,-1.8505636052602454,-0.4184974466304751,3.2177975521865707,1.8075627658363236,0.7685247121453775,-1.1177147869482418,1.612754133851877,1.9469524554124378,2.0918367151955843,-1.730698209638277,-3.265095699405678,1.728066557641909,0.23950135569760017,-3.239414076053751,-0.3365504491216658,1.873966851718665,0.0020025124215182245,1.652284067432839,2.1282816463349223,0.28300092379456226,-1.0475085728587363,-1.3907802885283087,-0.8503455741255933,-0.2597193096960673,-3.079061213584905,3.02424845319333,1.3698325578433146,0.9518266891104633,-0.0669464961703155,4.8182453397314875,0.1527153970628149,-1.8500381498728475,-0.4418512826444528,-0.14196506217937288,-0.2909213457144449,-0.22156845218736224,1.6241974303682412,-1.8859042666916725,-0.6612420947302563
-1.0412303878921194,-0.49371324729597854,-0.1378112505393031,-0.3111238911253606,1.790190132164791,-1.0740610945652609,-0.16708948757183908,1.8075627658363236,1.1211645187589414,0.430367738427811,-0.5558968352878955,0.8810805283338738,0.9909500889369647,1.3070872791550368,-0.868984788134951,-1.6910655823717247,1.1871508074709385,0.16176800628907032,-1.9048883790631248,-0.05455891217260913,0.9643109157897789,0.11680062023703118,0.7770101730507927,1.20141412795367,0.05545417161919655,-0.44689777109753037,-0.7648867699696679,-0.47899789617979993,-0.09798645702509512,-1.719994144764836,1.5306313929888817,0.7583585028414539,0.536325414106843,-0.1077753425409399,2.415321950756652,0.33427005548931943,-1.2047302432261635,-0.24166284440336952,-0.16579393454618582,-0.11658763053762634,-0.033926395731955016,0.8291164115856346,-1.0416722866501333,-0.2685472136872501
-0.6520561915455313,-0.07304487444738826,-0.09802633070332692,-0.3277690584589214,0.6920883998227452,-0.47960611981122453,-0.04067987810860423,0.7685247121453775,0.430367738427811,0.3711698733446138,-0.17076765978080044,0.4298351574255859,0.5910201434500323,0.5359168804606429,-0.34287181959737617,-0.6616524948684755,0.19315915523221908,0.19703242348036187,-0.8021392938260897,0.0022088118507533443,0.29188201722234963,-0.08602664469924344,0.500644711978899,0.5038002764132238,0.13413743355082275,-0.3174871985523362,-0.32243526232462877,-0.1375258224123673,-0.19514140368879068,-0.6250113576820596,0.7035138398868513,0.21968768442328995,0.24559775807634326,-0.10028949486099346,1.2570179534466828,-0.14437057901456696,-0.29294589062893467,-0.04939067919362047,0.16566997894754784,0.06698122990581136,-0.19891790076160054,0.23550638238507368,-0.4171246956314375,-0.23312611610427206
0.8033708276581233,0.31190498148419227,0.1460278348684672,0.45360536292111137,-0.9382442473326693,0.7324538971617518,0.2658542115108123,-1.1177147869482418,-0.5558968352878955,-0.17076765978080044,0.5243320932048836,-0.4746923276824591,-0.7075321142062159,-0.5598969611071213,0.7374530412576561,1.273180159497621,-0.667662440127014,0.0778726003521817,1.0001236944454979,0.1294403970176189,-0.7386548367357606,0.07128150380064631,-0.5012852267615098,-0.6506860206248444,-0.06182029493214856,0.39738722252982556,0.4852167577783953,0.3548153445647857,-0.0016526721669697238,1.073817176038548,-1.0418274095315196,-0.5865364117034741,-0.3429799878989461,-0.005008668697314279,-1.6256168478891364,-0.0012586632172049592,0.6983943452404914,0.19246194891174642,0.1444899358422597,0.2175328193055326,0.07490145524714582,-0.8201531949325297,0.6317448732275391,0.18357465798675465
-1.4158429776770727,-0.5011556452262154,0.1919736449243226,-0.6417630773398835,1.4839297745256255,0.02226391605802322,0.09791347976283252,1.612754133851877,0.8810805283338738,0.4298351574255859,-0.4746923276824591,1.2276576530727852,0.7715597321288041,1.4085775316999667,-0.5642412801680127,-1.6898002853111487,0.13834849952689274,0.5559154955521995,-1.9241571602823246,-0.9453580715879019,1.193043453119783,0.10694102077521127,1.6719263042600219,1.6322176258010488,0.6550146972026459,-0.6489956445972099,-0.6636400362298526,-0.2632134541419831,-0.5413946036515866,-1.7814487023608836,2.257473737378509,0.35087125666252306,0.30492705682418325,0.37534597628102,3.674221021183529,-0.32307230550376,-0.24145886174425546,-0.10069964048144671,0.27270107967845536,-0.12036182911569858,-0.1262914650496675,0.023176023001786405,-1.2125754987544353,-0.7369482876402953
-1.4750319615576937,-0.29528735627037256,-0.43616066182896834,-0.8336748013146437,1.6798067236881542,-1.7860144101104476,-0.4990532972615874,1.9469524554124378,0.9909500889369647,0.5910201434500323,-0.7075321142062159,0.7715597321288041,1.5566729268658883,0.8965691959864,-1.3370619058979603,-2.016643143757179,1.116943379402719,-0.06256027818023938,-1.6848390421398198,0.24623873928620638,0.9431735101133825,-0.2574859921321971,0.6747638026175338,0.8849248548738089,-0.012540602934108655,-0.7825092189895092,-0.8979196510268198,-0.5664050066441912,-0.03507730715349562,-1.6395193518629678,1.51936046819668,0.9856063240600614,0.7139161631336046,-0.31463114170981543,2.473913422611795,-0.035247037757543384,-1.2877273407230456,-0.3253348302911075,-0.05124982701513203,-0.1174390102170743,-0.34046470980505017,1.4968227253148445,-0.9603675912369317,-0.3236391627577748
-1.4258408516804806,-0.675300773733276,0.17059264998314227,-0.42996080836803313,2.086570671329596,-0.30355126468490723,0.1348056825813193,2.0918367151955843,1.3070872791550368,0.5359168804606429,-0.5598969611071213,1.4085775316999667,0.8965691959864,1.9124047440477958,-0.658304783758666,-1.955491502309215,0.7368403859875422,0.6159535109936694,-2.525475937303634,-0.7845846812956421,1.33175907399356,0.2673798418549217,1.6802294630698817,1.9507817031336248,0.5351138773040854,-0.5757824735453267,-0.8298930303927731,-0.3991885591334386,-0.49999980856754045,-2.2099414109831748,2.4273311449439405,0.5445451285953353,0.4467355805406884,0.2579700014234036,3.9303130424587978,0.05937903630036928,-0.7742557572108175,-0.14929073235639087,0.10742700031992065,-0.1095924025217955,-0.026091487542017892,0.1555097096768834,-1.455155207657271,-0.656980012014258
1.1732200116253781,0.34976298343121204,0.4336121760638352,0.6634732695528283,-1.500648904573095,1.7648104466792283,0.5812402641855191,-1.730698209638277,-0.868984788134951,-0.34287181959737617,0.7374530412576561,-0.5642412801680127,-1.3370619058979603,-0.658304783758666,1.348985563222449,1.9221454224679528,-1.3165352406280513,0.2835933466153297,1.3903183065984985,-0.28888139097630056,-0.9472114010201477,0.18634299182165207,-0.34063580497194634,-0.6638124785112494,0.16828386485027472,0.6405989945324351,0.8276137765219583,0.5988277765296208,-0.17437782831219364,1.5176433854224498,-1.2454877555010992,-1.0526450282238007,-0.6576702248615216,0.2800694412385328,-1.8793378210046987,-0.19076267920454107,1.4057496364325552,0.3751919222499372,0.2877249679530867,0.23839014665025762,0.17734481205888716,-1.6627435196803937,0.8343113161528098,0.15634624200117433
2.481158160545946,0.8825846291001024,0.24701429006116882,1.2717915111722418,-2.883037777345365,1.7222669971380886,0.5280270044788924,-3.265095699405678,-1.6910655823717247,-0.6616524948684755,1.273180159497621,-1.6898002853111487,-2.016643143757179,-1.955491502309215,1.9221454224679528,3.59707126533825,-1.5365976102287684,-0.15896486218305778,3.184626230469007,0.6555485032141357,-2.1549130162526473,0.07779111296273493,-1.890308286786305,-2.20920442089655,-0.43092699508157156,1.2299749790447232,1.4478442670719351,0.8876407176362615,0.2787852291121218,3.2452546958721284,-3.391888023109071,-1.4439985449824546,-0.9363080673444443,-0.12155767772890265,-5.338989477398741,0.08506770143077064,1.6897198734182504,0.48942014019940794,0.12436564637131932,0.43966688671131227,0.24722803755228204,-1.7851142006732372,1.992841750425924,0.8093150230575178
-0.28089890773376797,-0.44625650942634765,-0.6187629805080455,0.1878737336412263,1.8415419898787573,-2.5527770959451113,-0.6545165565211727,1.728066557641909,1.1871508074709385,0.19315915523221908,-0.667662440127014,0.13834849952689274,1.116943379402719,0.7368403859875422,-1.3165352406280513,-1.5365976102287684,2.6153870539054425,-0.624274647357928,-1.3821745802741565,1.2134478997004858,0.5888311261353869,0.10563281707344178,-0.7934499176467716,0.25259516572072394,-0.8914131556131218,-0.09481230975582751,-0.8010314390036464,-0.7665363277479995,0.7014388979751869,-1.3624428539896112,0.20051351675536364,1.3377942858388279,0.7786645036353455,-0.7394481269369845,0.023000501660236688,1.2954477190255942,-2.481769356257097,-0.4751171077200384,-0.9156995403101827,-0.21268078500601253,0.17542196468458288,2.116596585963316,-0.593736944219892,0.5002032717538377
-0.431734128358844,-0.10834274370321649,0.31265629699491504,-0.15390360047494825,0.25440181443397636,0.8183739585503409,0.3550907415411393,0.23950135569760017,0.16176800628907032,0.19703242348036187,0.0778726003521817,0.5559154955521995,-0.06256027818023938,0.6159535109936694,0.2835933466153297,-0.15896486218305778,-0.624274647357928,0.5511106386238522,-0.6091999501585641,-0.7181725643287665,0.2730498228636389,0.11809897483358947,0.9749280039340308,0.7460531782151556,0.5344067963199888,-0.15914224531459756,-0.04503874974381209,0.1366282068587844,-0.4889054269176657,-0.40563976924657624,0.886608845803069,-0.3063316321903836,-0.09950690103049546,0.341180870298433,1.5634340708814214,-0.3790219298454601,0.5656229143423592,0.13012093910317937,0.39890114624379414,0.09077057671115371,-0.0628232186907391,-0.8190170002816373,-0.3856909537924466,-0.4445704094879004
2.2636181891038683,0.9356527913351215,-0.0034471254589539878,0.8683987865391046,-3.098685590153556,1.1304506021653655,0.10722597758594012,-3.239414076053751,-1.9048883790631248,-0.8021392938260897,1.0001236944454979,-1.9241571602823246,-1.6848390421398198,-2.525475937303634,1.3903183065984985,3.184626230469007,-1.3821745802741565,-0.6091999501585641,3.5842436269876083,0.8259673138134921,-2.0005039660525887,-0.19738704011556385,-2.1847838211388066,-2.6005454776945136,-0.5901382494992016,1.0018576873294132,1.3477035281655385,0.730710779617601,0.5384030496491836,3.2749433768868452,-3.4584933306580377,-1.1022690445218535,-0.8197847224922332,-0.19188150456749198,-5.5584379631290215,-0.07624776084218188,1.4829061858072954,0.33758100177437056,-0.03715435768992136,0.23602422150328906,0.1440291943580461,-0.9242311051097902,2.0900278806618777,0.8752378623856095
0.8722943595099051,0.3510642734508862,-0.6282970714322513,0.5155247457759513,-0.1903741842839718,-1.7472256050456205,-0.45492581259826015,-0.3365504491216658,-0.05455891217260913,0.0022088118507533443,0.1294403970176189,-0.9453580715879019,0.24623873928620638,-0.7845846812956421,-0.28888139097630056,0.6555485032141357,1.2134478997004858,-0.7181725643287665,0.8259673138134921,1.7373125275906212,-0.8915075265517745,-0.17284328763048296,-1.8513853882632925,-1.3302799453397662,-1.0585704669807483,0.3851912858377915,0.07691851459249632,-0.1653434935007983,0.751732061356396,0.873460259001399,-1.8906194918101151,0.4083185762490692,0.26248878060172653,-0.9280295055361975,-3.0968909942930445,0.8340914624176475,-1.1520915091795687,-0.14892480505025832,-0.5351052062845448,0.1615570621375243,8.718116171073343e-4,1.1703983565599756,0.7531212365831446,0.8496714650887099
-1.5163349384863767,-0.6401727443843667,0.08091246241217173,-0.7465190933141667,1.6653896472432606,-0.3817765017094207,-0.14417046770350642,1.873966851718665,0.9643109157897789,0.29188201722234963,-0.7386548367357606,1.193043453119783,0.9431735101133825,1.33175907399356,-0.9472114010201477,-2.1549130162526473,0.5888311261353869,0.2730498228636389,-2.0005039660525887,-0.8915075265517745,1.4783750050734874,0.07865535925613226,1.5256414462003345,1.618189416568405,0.5132410108120777,-0.7245392667038891,-0.8097533267062199,-0.4508589380784524,-0.326940824761018,-2.0702953860684006,2.3931941781556865,0.6875290383383912,0.4195168138079269,0.36697508087276864,3.744936322932812,-0.1694452074716744,-0.6529884688474015,-0.23758395025377965,0.008380102122830338,-0.32046651205192805,-0.05593058866958538,0.6267630491807824,-1.3237023130577248,-0.6530948363055773
0.19057783663906872,-0.1357075150912167,0.1583811996605881,0.2800093106545536,0.1552164269127561,0.32120157107392766,0.15829117095308884,0.0020025124215182245,0.11680062023703118,-0.08602664469924344,0.07128150380064631,0.10694102077521127,-0.2574859921321971,0.2673798418549217,0.18634299182165207,0.07779111296273493,0.10563281707344178,0.11809897483358947,-0.19738704011556385,-0.17284328763048296,0.07865535925613226,0.22588882810670902,0.07506302879104038,0.21731879386413686,0.030437448260759892,0.15033828930672208,0.018457358552502957,0.023216301558575465,-0.022135810212500603,-0.14389618262345086,0.09440676932187933,-0.07670725685481761,-0.06908791717851814,0.11272428872687312,0.06892906774021501,0.25035506669293167,-0.0255608319264767,0.01725411032409084,-0.08048907434400392,-0.005385420986869515,0.1813097433198842,-0.3033247120254517,-0.10011224048036313,0.005407951671178241
-1.940749739372337,-0.5658791451429457,0.5003770523504758,-1.0502757643491702,1.3674353987820682,1.0143159250009843,0.3523319506818431,1.652284067432839,0.7770101730507927,0.500644711978899,-0.5012852267615098,1.6719263042600219,0.6747638026175338,1.6802294630698817,-0.34063580497194634,-1.890308286786305,-0.7934499176467716,0.9749280039340308,-2.1847838211388066,-1.8513853882632925,1.5256414462003345,0.07506302879104038,2.700082608719417,2.226639914090012,1.2828182492484395,-0.9001239500615399,-0.6305041259691821,-0.10798227454270111,-1.0189495741164356,-2.031892895335361,3.165710125048877,0.027494139831295412,0.1348552620708392,0.8486338156143156,5.27700968145645,-1.011460504575218,0.6036978722254237,0.03338002536637438,0.705210148677754,-0.15199842926836674,-0.2515184043806602,-0.6924339155965319,-1.5040714678247438,-1.226457155379457
-1.7741204528361438,-0.7355538407810419,0.31505783697324835,-0.7450201696900728,1.9875368542447815,0.18142304173269055,0.1837330592626128,2.1282816463349223,1.20141412795367,0.5038002764132238,-0.6506860206248444,1.6322176258010488,0.8849248548738089,1.9507817031336248,-0.6638124785112494,-2.20920442089655,0.25259516572072394,0.7460531782151556,-2.6005454776945136,-1.3302799453397662,1.618189416568405,0.21731879386413686,2.226639914090012,2.239495095281441,0.8719849409572819,-0.773078870696264,-0.844754801602127,-0.3537337290831755,-0.7062251694208069,-2.399330101381535,2.995090340078044,0.44936540839159095,0.3661502181224797,0.5568237733462462,4.858572477369761,-0.3434791577209573,-0.3385000126353419,-0.1199112493258111,0.2907982324838982,-0.20277127635250494,-0.0853674699744072,-0.058477714549140226,-1.6310855890351477,-0.9356118935479659
-0.7046515024666603,-0.1537621032977448,0.36087264867021934,-0.44545634734153156,0.1503040290999586,1.0286634789127205,0.2991424226461038,0.28300092379456226,0.05545417161919655,0.13413743355082275,-0.06182029493214856,0.6550146972026459,-0.012540602934108655,0.5351138773040854,0.16828386485027472,-0.43092699508157156,-0.8914131556131218,0.5344067963199888,-0.5901382494992016,-1.0585704669807483,0.5132410108120777,0.030437448260759892,1.2828182492484395,0.8719849409572819,0.725399888074342,-0.3283447161873167,-0.0731692782949022,0.12466791182337197,-0.5657133400683232,-0.5424313249546157,1.2597711084807273,-0.28782544760760953,-0.1301272762938638,0.5352859379500214,2.152231414166653,-0.6763998104694107,0.7979288881044756,0.11839997783119412,0.46958701269151526,-0.03127246673988711,-0.114644254421682,-0.7718313673311963,-0.49117045841304813,-0.6063771683917258
1.0824320167810981,0.20085106677599163,0.06808526873460734,0.6835716463464726,-0.820627944067382,0.42839990124490224,0.16062985725089923,-1.0475085728587363,-0.44689777109753037,-0.3174871985523362,0.39738722252982556,-0.6489956445972099,-0.7825092189895092,-0.5757824735453267,0.6405989945324351,1.2299749790447232,-0.09481230975582751,-0.15914224531459756,1.0018576873294132,0.3851912858377915,-0.7245392667038891,0.15033828930672208,-0.9001239500615399,-0.773078870696264,-0.3283447161873167,0.5783711581971249,0.47935259673571673,0.2269870488312851,0.253214901531094,1.0313692872529365,-1.3315065750168655,-0.37499001115732034,-0.2888569175606184,-0.10814135295992729,-2.1879254468282037,0.3780090917821909,0.2335571291404915,0.12428136909978774,-0.1861958860955362,0.10096550928139794,0.23315860494758103,-0.4653571890517582,0.6771809668698262,0.4503201849064315
0.9656793087507568,0.3386636020539614,0.16137949163440551,0.4435830037100925,-1.285647307393282,0.9301622512680079,0.2399374023833487,-1.3907802885283087,-0.7648867699696679,-0.32243526232462877,0.4852167577783953,-0.6636400362298526,-0.8979196510268198,-0.8298930303927731,0.8276137765219583,1.4478442670719351,-0.8010314390036464,-0.04503874974381209,1.3477035281655385,0.07691851459249632,-0.8097533267062199,0.018457358552502957,-0.6305041259691821,-0.844754801602127,-0.0731692782949022,0.47935259673571673,0.6292246419268143,0.3867478089513021,0.06368378232436715,1.3242777032423076,-1.267832320480171,-0.6409218707727491,-0.43678816004121096,0.06708217848632012,-1.9845160639299877,-0.09732834266081214,0.8638600272662228,0.22114175156000204,0.08674461593668073,0.12818830066190587,0.10150042671000326,-0.8243212323034889,0.7964467426539169,0.27211128126938827
0.4597792629575981,0.2145004759770526,0.18753036355512742,0.19899670488592158,-0.7875092037264068,0.829995129244115,0.24612487859952945,-0.8503455741255933,-0.47899789617979993,-0.1375258224123673,0.3548153445647857,-0.2632134541419831,-0.5664050066441912,-0.3991885591334386,0.5988277765296208,0.8876407176362615,-0.7665363277479995,0.1366282068587844,0.730710779617601,-0.1653434935007983,-0.4508589380784524,0.023216301558575465,-0.10798227454270111,-0.3537337290831755,0.12466791182337197,0.2269870488312851,0.3867478089513021,0.3023466135896583,-0.11483095910451033,0.7584048549427628,-0.5460110254346349,-0.5153329552282335,-0.3104096801965021,0.14148742906016584,-0.8042043948204798,-0.21921053687614026,0.7693138820844724,0.178396559932182,0.20977084390395537,0.12439999941072433,0.020635864055710662,-0.7689957956775367,0.4118035036619074,0.015345104326964978
0.5648302298902719,0.08629024256112786,-0.26890754599316374,0.32419558185781644,-0.18165619951489748,-0.75380487076719,-0.2758328926465741,-0.2597193096960673,-0.09798645702509512,-0.19514140368879068,-0.0016526721669697238,-0.5413946036515866,-0.03507730715349562,-0.49999980856754045,-0.17437782831219364,0.2787852291121218,0.7014388979751869,-0.4889054269176657,0.5384030496491836,0.751732061356396,-0.326940824761018,-0.022135810212500603,-1.0189495741164356,-0.7062251694208069,-0.5657133400683232,0.253214901531094,0.06368378232436715,-0.11483095910451033,0.4877504307711782,0.40852861246432814,-0.9574225742086531,0.2579679357357295,0.08166979227928706,-0.35837899452049593,-1.6912197083868121,0.5270185502040613,-0.6132035673058672,-0.11373570871462758,-0.42337548185119256,-0.04534714631406124,0.12691021599623442,0.6746931463092936,0.38569244022897176,0.4801344686297386
2.220974677405537,0.9363097842629177,0.02770003415359053,0.9536394537227737,-2.870365339539996,1.1461913327293962,0.24737923508543525,-3.079061213584905,-1.719994144764836,-0.6250113576820596,1.073817176038548,-1.7814487023608836,-1.6395193518629678,-2.2099414109831748,1.5176433854224498,3.2452546958721284,-1.3624428539896112,-0.40563976924657624,3.2749433768868452,0.873460259001399,-2.0702953860684006,-0.14389618262345086,-2.031892895335361,-2.399330101381535,-0.5424313249546157,1.0313692872529365,1.3242777032423076,0.7584048549427628,0.40852861246432814,3.188253247958817,-3.3804253756140255,-1.175984880525661,-0.78826959428013,-0.2543152017124219,-5.325420009963901,-0.04581604348516565,1.4542153589758517,0.39154805979526053,0.066328257642803,0.3563602005597361,0.1071556048985951,-1.1601844069590603,2.004355521675667,0.8376707436701311
-2.798223324083524,-0.9591353243819858,0.3202848505635193,-1.4255290085279246,2.6479721823684095,0.00325849638893397,0.03978144638970174,3.02424845319333,1.5306313929888817,0.7035138398868513,-1.0418274095315196,2.257473737378509,1.51936046819668,2.4273311449439405,-1.2454877555010992,-3.391888023109071,0.20051351675536364,0.886608845803069,-3.4584933306580377,-1.8906194918101151,2.3931941781556865,0.09440676932187933,3.165710125048877,2.995090340078044,1.2597711084807273,-1.3315065750168655,-1.267832320480171,-0.5460110254346349,-0.9574225742086531,-3.3804253756140255,4.355394454481212,0.7643768457049949,0.577499690974556,0.7871798975058428,7.038917903681221,-0.766106950048476,-0.4096690285216589,-0.23667352672306496,0.4673627798310135,-0.3597730442341282,-0.26596761635188276,0.3087333340690709,-2.2814755536941,-1.4136562597660933
-0.7211074313991791,-0.31435140848161475,-0.3743239412089845,-0.3325413281405054,1.2570092041079566,-1.5385376278224843,-0.4727227977019343,1.3698325578433146,0.7583585028414539,0.21968768442328995,-0.5865364117034741,0.35087125666252306,0.9856063240600614,0.5445451285953353,-1.0526450282238007,-1.4439985449824546,1.3377942858388279,-0.3063316321903836,-1.1022690445218535,0.4083185762490692,0.6875290383383912,-0.07670725685481761,0.027494139831295412,0.44936540839159095,-0.28782544760760953,-0.37499001115732034,-0.6409218707727491,-0.5153329552282335,0.2579679357357295,-1.175984880525661,0.7643768457049949,0.8998909410257857,0.5402983872677007,-0.3043651432479044,1.090012347401753,0.39643305480751073,-1.349073444786928,-0.31747692775204134,-0.3832836299266082,-0.2020837682816929,-0.049342500418438434,1.41353854094973,-0.6121430384887173,0.02888782605535799
-0.5647329933341195,-0.17185258983937893,-0.2404582330278251,-0.26038597447094636,0.8793186124566763,-0.9985594326125732,-0.2624129179829861,0.9518266891104633,0.536325414106843,0.24559775807634326,-0.3429799878989461,0.30492705682418325,0.7139161631336046,0.4467355805406884,-0.6576702248615216,-0.9363080673444443,0.7786645036353455,-0.09950690103049546,-0.8197847224922332,0.26248878060172653,0.4195168138079269,-0.06908791717851814,0.1348552620708392,0.3661502181224797,-0.1301272762938638,-0.2888569175606184,-0.43678816004121096,-0.3104096801965021,0.08166979227928706,-0.78826959428013,0.577499690974556,0.5402983872677007,0.3683147534307637,-0.21944185787744824,0.8977842171820893,0.1814426907309261,-0.8192437167899447,-0.18225657298772613,-0.14691320112891768,-0.06638860298065985,-0.09413459372193247,0.8220060928533299,-0.4338846571366585,-0.045385037857291415
-0.2686152806148273,-0.15302083403629052,0.36806957898476694,-0.1787619326325204,-0.12358073964419379,1.0985174630954673,0.26854889695902,-0.0669464961703155,-0.1077753425409399,-0.10028949486099346,-0.005008668697314279,0.37534597628102,-0.31463114170981543,0.2579700014234036,0.2800694412385328,-0.12155767772890265,-0.7394481269369845,0.341180870298433,-0.19188150456749198,-0.9280295055361975,0.36697508087276864,0.11272428872687312,0.8486338156143156,0.5568237733462462,0.5352859379500214,-0.10814135295992729,0.06708217848632012,0.14148742906016584,-0.35837899452049593,-0.2543152017124219,0.7871798975058428,-0.3043651432479044,-0.21944185787744824,0.5245591338623042,1.272387490779519,-0.4223864565240959,0.7330398115350374,0.10434201858936408,0.25573060194092573,-0.09417548758127432,0.0490545605097159,-0.729103350822552,-0.26635675125384134,-0.3881568425304141
-4.612998292899639,-1.4563065731430664,0.534630893135415,-2.407088614992325,4.158561195042547,0.15513327588346917,0.1477563151786207,4.8182453397314875,2.415321950756652,1.2570179534466828,-1.6256168478891364,3.674221021183529,2.473913422611795,3.9303130424587978,-1.8793378210046987,-5.338989477398741,0.023000501660236688,1.5634340708814214,-5.5584379631290215,-3.0968909942930445,3.744936322932812,0.06892906774021501,5.27700968145645,4.858572477369761,2.152231414166653,-2.1879254468282037,-1.9845160639299877,-0.8042043948204798,-1.6912197083868121,-5.325420009963901,7.038917903681221,1.090012347401753,0.8977842171820893,1.272387490779519,11.523002795130541,-1.4801379728442676,-0.4105436814259828,-0.3038373030842577,0.9409097939429324,-0.5006510563589956,-0.5500271012685246,0.27438853473021196,-3.644002709290425,-2.357486460586503
0.6584856331015733,-0.12352572481870625,-0.2160520827318729,0.6714431163377179,0.44818171674918517,-0.927911768925632,-0.17659345696223186,0.1527153970628149,0.33427005548931943,-0.14437057901456696,-0.0012586632172049592,-0.32307230550376,-0.035247037757543384,0.05937903630036928,-0.19076267920454107,0.08506770143077064,1.2954477190255942,-0.3790219298454601,-0.07624776084218188,0.8340914624176475,-0.1694452074716744,0.25035506669293167,-1.011460504575218,-0.3434791577209573,-0.6763998104694107,0.3780090917821909,-0.09732834266081214,-0.21921053687614026,0.5270185502040613,-0.04581604348516565,-0.766106950048476,0.39643305480751073,0.1814426907309261,-0.4223864565240959,-1.4801379728442676,1.0368832992240473,-1.1166241667717802,-0.16629261179813853,-0.6088431888070258,-0.016346654374920597,0.3156044443996079,0.656503458944512,0.12295253769321618,0.5412683662831362
0.5155363930715706,0.41750951540876335,0.641170861993854,-0.0020101570570425845,-1.8982155283246394,2.6079637813501897,0.6765438206536437,-1.8500381498728475,-1.2047302432261635,-0.29294589062893467,0.6983943452404914,-0.24145886174425546,-1.2877273407230456,-0.7742557572108175,1.4057496364325552,1.6897198734182504,-2.481769356257097,0.5656229143423592,1.4829061858072954,-1.1520915091795687,-0.6529884688474015,-0.0255608319264767,0.6036978722254237,-0.3385000126353419,0.7979288881044756,0.2335571291404915,0.8638600272662228,0.7693138820844724,-0.6132035673058672,1.4542153589758517,-0.4096690285216589,-1.349073444786928,-0.8192437167899447,0.7330398115350374,-0.4105436814259828,-1.1166241667717802,2.407812881318876,0.4755929537768708,0.7964922658303561,0.18995203892820364,-0.07103793292666687,-2.14571337305071,0.6695080544506563,-0.38321947845218335
0.22047239112417363,0.10777956044198152,0.13141052951095453,0.09797586252689236,-0.4138974891504099,0.5406506187770811,0.1777426652825049,-0.4418512826444528,-0.24166284440336952,-0.04939067919362047,0.19246194891174642,-0.10069964048144671,-0.3253348302911075,-0.14929073235639087,0.3751919222499372,0.48942014019940794,-0.4751171077200384,0.13012093910317937,0.33758100177437056,-0.14892480505025832,-0.23758395025377965,0.01725411032409084,0.03338002536637438,-0.1199112493258111,0.11839997783119412,0.12428136909978774,0.22114175156000204,0.178396559932182,-0.11373570871462758,0.39154805979526053,-0.23667352672306496,-0.31747692775204134,-0.18225657298772613,0.10434201858936408,-0.3038373030842577,-0.16629261179813853,0.4755929537768708,0.1208376154396353,0.15214778108689517,0.07564834491009162,1.7924215740996313e-4,-0.510925989167848,0.19634462936863484,-0.019229925122284663
-0.3507892231129774,0.10490786017914082,0.2019592860348839,-0.29736516546405245,-0.23228764973605348,0.7321684876206176,0.24275817137759156,-0.14196506217937288,-0.16579393454618582,0.16566997894754784,0.1444899358422597,0.27270107967845536,-0.05124982701513203,0.10742700031992065,0.2877249679530867,0.12436564637131932,-0.9156995403101827,0.39890114624379414,-0.03715435768992136,-0.5351052062845448,0.008380102122830338,-0.08048907434400392,0.705210148677754,0.2907982324838982,0.46958701269151526,-0.1861958860955362,0.08674461593668073,0.20977084390395537,-0.42337548185119256,0.066328257642803,0.4673627798310135,-0.3832836299266082,-0.14691320112891768,0.25573060194092573,0.9409097939429324,-0.6088431888070258,0.7964922658303561,0.15214778108689517,0.47827340858880474,0.12095164588622054,-0.1910301026964233,-0.7053605493041438,-0.08145948731954265,-0.3820397511933889
0.2022201775000569,0.1544560481051206,0.005630346369082114,0.13485709369974047,-0.21748966500681483,0.10064638886024006,0.10422717808413713,-0.2909213457144449,-0.11658763053762634,0.06698122990581136,0.2175328193055326,-0.12036182911569858,-0.1174390102170743,-0.1095924025217955,0.23839014665025762,0.43966688671131227,-0.21268078500601253,0.09077057671115371,0.23602422150328906,0.1615570621375243,-0.32046651205192805,-0.005385420986869515,-0.15199842926836674,-0.20277127635250494,-0.03127246673988711,0.10096550928139794,0.12818830066190587,0.12439999941072433,-0.04534714631406124,0.3563602005597361,-0.3597730442341282,-0.2020837682816929,-0.06638860298065985,-0.09417548758127432,-0.5006510563589956,-0.016346654374920597,0.18995203892820364,0.07564834491009162,0.12095164588622054,0.15538426384936366,-0.04374924986387122,-0.28438992948580605,0.20116524145390316,0.04378015744883083
0.39742232146955125,-0.0767758712936326,0.08946616698556566,0.33765217309060336,-0.08434475979741202,0.21288843618123426,0.0682337733123553,-0.22156845218736224,-0.033926395731955016,-0.19891790076160054,0.07490145524714582,-0.1262914650496675,-0.34046470980505017,-0.026091487542017892,0.17734481205888716,0.24722803755228204,0.17542196468458288,-0.0628232186907391,0.1440291943580461,8.718116171073343e-4,-0.05593058866958538,0.1813097433198842,-0.2515184043806602,-0.0853674699744072,-0.114644254421682,0.23315860494758103,0.10150042671000326,0.020635864055710662,0.12691021599623442,0.1071556048985951,-0.26596761635188276,-0.049342500418438434,-0.09413459372193247,0.0490545605097159,-0.5500271012685246,0.3156044443996079,-0.07103793292666687,1.7924215740996313e-4,-0.1910301026964233,-0.04374924986387122,0.2101368180681247,-0.13511632189148795,0.09140348970017498,0.15378981080900483
-0.747363944106942,-0.23795481063507004,-0.8017196691857517,-0.46450454140709796,1.404411894006937,-2.7908042600779526,-0.9382475507006622,1.6241974303682412,0.8291164115856346,0.23550638238507368,-0.8201531949325297,0.023176023001786405,1.4968227253148445,0.1555097096768834,-1.6627435196803937,-1.7851142006732372,2.116596585963316,-0.8190170002816373,-0.9242311051097902,1.1703983565599756,0.6267630491807824,-0.3033247120254517,-0.6924339155965319,-0.058477714549140226,-0.7718313673311963,-0.4653571890517582,-0.8243212323034889,-0.7689957956775367,0.6746931463092936,-1.1601844069590603,0.3087333340690709,1.41353854094973,0.8220060928533299,-0.729103350822552,0.27438853473021196,0.656503458944512,-2.14571337305071,-0.510925989167848,-0.7053605493041438,-0.28438992948580605,-0.13511632189148795,2.554826570515584,-0.4709891903712548,0.336255976430868
1.4681293069982684,0.5844373957700955,-0.07182326740966395,0.6494459642090427,-1.743824161459595,0.4294757104315427,0.05842432524763678,-1.8859042666916725,-1.0416722866501333,-0.4171246956314375,0.6317448732275391,-1.2125754987544353,-0.9603675912369317,-1.455155207657271,0.8343113161528098,1.992841750425924,-0.593736944219892,-0.3856909537924466,2.0900278806618777,0.7531212365831446,-1.3237023130577248,-0.10011224048036313,-1.5040714678247438,-1.6310855890351477,-0.49117045841304813,0.6771809668698262,0.7964467426539169,0.4118035036619074,0.38569244022897176,2.004355521675667,-2.2814755536941,-0.6121430384887173,-0.4338846571366585,-0.26635675125384134,-3.644002709290425,0.12295253769321618,0.6695080544506563,0.19634462936863484,-0.08145948731954265,0.20116524145390316,0.09140348970017498,-0.4709891903712548,1.2992319929344314,0.6361901088166203
0.9079317108138122,0.20065373947211737,-0.219992835203262,0.5338534525300795,-0.5167227507145649,-0.48138124121322623,-0.14603473786618468,-0.6612420947302563,-0.2685472136872501,-0.23312611610427206,0.18357465798675465,-0.7369482876402953,-0.3236391627577748,-0.656980012014258,0.15634624200117433,0.8093150230575178,0.5002032717538377,-0.4445704094879004,0.8752378623856095,0.8496714650887099,-0.6530948363055773,0.005407951671178241,-1.226457155379457,-0.9356118935479659,-0.6063771683917258,0.4503201849064315,0.27211128126938827,0.015345104326964978,0.4801344686297386,0.8376707436701311,-1.4136562597660933,0.02888782605535799,-0.045385037857291415,-0.3881568425304141,-2.357486460586503,0.5412683662831362,-0.38321947845218335,-0.019229925122284663,-0.3820397511933889,0.04378015744883083,0.15378981080900483,0.336255976430868,0.6361901088166203,0.5957773875675543
