V1,V2,V3,V4,V5,V6,V7,V8,V9,V10,V11,V12,V13,V14,V15,V16,V17,V18,V19,V20,V21,V22,V23,V24,V25,V26,V27,V28,V29,V30,V31,V32,V33,V34,V35,V36,V37,V38,V39,V40,V41,V42,V43,V44
8.384519603375496,2.327487236768661,0.7448498965243084,4.558715270138186,-8.621619463767043,4.905687187653541,1.4154725282912817,-9.98530077470335,-4.997003841552919,-2.5973244649548652,3.7002346295403568,-5.521387287794174,-6.56994205787778,-6.0284109362534055,5.684877238763281,10.884756622890153,-3.453132119121262,-1.0460236330001393,9.797323359227395,2.301924168513709,-6.395774946736075,0.6091768269803225,-6.6421936971563955,-6.978261620058108,-1.8859018134883583,4.180351823118605,4.416517300562966,2.4504380840064743,1.4984235820340666,9.71119905340187,-10.89407479524662,-3.971954767569726,-2.8352512838645807,-0.4479899887890418,-17.591532000894862,1.320823031436586,4.190966800737329,1.2709345889283776,-0.4580561060609542,1.0116225373991228,1.2930938601105795,-4.821238646948451,6.139592850718372,2.998606641205717
2.327487236768661,1.2543676877854386,-0.1897518066452227,0.8280515605268879,-3.377108926346748,0.8392614019725672,0.07345994314990154,-3.5170359122063646,-2.0916286565736746,-0.601290115640764,1.1728333701677487,-2.1540238821187865,-1.5522684800594393,-2.862704575987962,1.4778643352811578,3.6145313809492325,-1.6023585197783046,-0.6001568336418671,3.996216779975584,1.2649594872209073,-2.447198487140241,-0.4051869374302545,-2.509894032000116,-3.04455244484715,-0.7019032382840233,1.0337048346982707,1.4501708171374303,0.8420063594255072,0.5147939319016818,3.8071347965593683,-3.986223272078934,-1.2266805916940138,-0.7886724904694522,-0.4172890863709339,-6.273733628103007,-0.26919731605168395,1.6204879773215262,0.4168706881414365,0.14555006520936212,0.4420547351630152,-0.05525172639260021,-0.8982484901218043,2.4158913574966454,0.9680134766436055
0.7448498965243084,-0.1897518066452227,0.3945924490269053,0.7510415521461726,-0.06938765012391919,0.9454441671160323,0.4268612329823301,-0.40560293135873987,0.04277306901465946,-0.2679311697482754,0.29368833361420715,6.9277956689489e-4,-0.8204189948920767,0.35676627456994753,0.684962613772069,0.6582968102750204,0.014764111651863658,0.2355954033941503,-0.04368931154751559,-0.28485373391448077,-0.13341022231960073,0.48066945161882785,-0.039954672973516216,0.2094148994192621,0.024250235141074845,0.49894218002563323,0.26097470247138316,0.16356959591811032,-0.015350560874791218,0.12672505360005806,-0.2619836253981037,-0.36786226878282247,-0.28338239892658235,0.20788956966263328,-0.5167918761190637,0.5178984734977337,0.1771659972614201,0.12459336233600136,-0.14494732610983485,0.03720976696531881,0.39597311124708956,-0.9298123744610174,0.05195253418479148,0.12268704035938356
4.558715270138186,0.8280515605268879,0.7510415521461726,3.019336205065722,-3.6745098829893745,3.204667856391131,1.1541383012477036,-4.812860069727423,-2.0717896065944843,-1.3677094898454376,2.010077335643939,-2.3623457210918657,-3.8484705285415526,-2.1461034834272184,3.336970204816499,5.583048831638561,-1.3975774606775273,-0.09186245380292268,4.188102492658711,0.7446612077082589,-2.9628724475617876,0.8797460888081068,-3.0383934602918625,-2.8003337036180818,-0.832631994635375,2.508680574576218,2.193425520342811,1.2883980304634077,0.6014441741914041,4.391879075391894,-5.0762921519115665,-2.1881501012916162,-1.5387075781423825,0.07197941994696803,-8.3797742599151,1.2696513633937558,1.9687459106389769,0.7278777158382815,-0.3696618688643228,0.5551356020597952,1.0815295098483895,-3.209058249669123,2.7384554351149033,1.4924785810067738
-8.621619463767043,-3.377108926346748,-0.06938765012391919,-3.6745098829893745,10.947076710557921,-4.124493492724327,-0.7409145329070739,11.666138955221774,6.532481657477852,2.6949669271281107,-3.9023681057212674,6.946747558437192,6.280435541485063,8.54599452174091,-5.485343690060461,-12.035578884688215,4.7178007401326365,1.9167954252355703,-12.520026150418488,-3.343745681321366,7.668452186636106,0.4844861179302682,7.999885571059671,9.24635085216092,2.2774560520112184,-3.9049428013290135,-4.9857020256457485,-2.7073771731594407,-1.8768395078053266,-11.921679516788023,12.927293878491243,4.168491925456786,2.9581695194898447,0.9961579279225863,20.54774794242973,-0.1404497823630635,-5.121292887714696,-1.3042477887287582,0.11937712615972587,-1.1133477298847543,-0.5693551255203025,3.929837276288975,-7.5880943738577455,-3.337571254296891
4.905687187653541,0.8392614019725672,0.9454441671160323,3.204667856391131,-4.124493492724327,3.897642848483888,1.3322393727916568,-5.311748725893253,-2.332714889919343,-1.576647229899249,2.171252897803044,-2.4932915295865996,-4.34219124565835,-2.309191433332859,3.72319579803221,6.048403146961388,-1.7825290731423622,-0.03549917117750663,4.562724621796308,0.47687792597308376,-3.111972177060594,0.9894298007585918,-3.0501655385051514,-2.898066844930197,-0.7324659917248947,2.686138409759836,2.437447964272093,1.439647744913339,0.5585064976332493,4.722571452939685,-5.298447749109962,-2.473631374065163,-1.7665528157704613,0.2603775774847032,-8.757521227831836,1.2376569402811417,2.411519480715161,0.8135489219053199,-0.35007158756011636,0.5360142138424789,1.2067793343249387,-3.7214735273710984,2.9131581471946077,1.5162279010981181
1.4154725282912817,0.07345994314990154,0.4268612329823301,1.1541383012477036,-0.7409145329070739,1.3322393727916568,0.6165766431921187,-1.2281690004208443,-0.33062212921543144,-0.3591156810490708,0.6824631028951975,-0.42976141760952125,-1.3318153681885556,-0.06658694752552287,1.237439190614129,1.6630095917015986,-0.3360186620585557,0.258510329542915,0.7146068812670525,-0.020379722624463845,-0.778722865513142,0.5170664451357182,-0.5723501946064272,-0.3602386783670922,-0.11927900113296254,0.8429745198537218,0.6309945054431555,0.4054569458777508,0.022976018753693254,0.9880930333438579,-1.206117218813567,-0.7599809700797597,-0.49787070150251916,0.11880287067589056,-1.977814308646509,0.5854041767484083,0.5669177777977139,0.2587210287441468,-0.09692393226518829,0.2179857619843982,0.4547084166460429,-1.4457336325313108,0.5707414046647425,0.36347778132365316
-9.98530077470335,-3.5170359122063646,-0.40560293135873987,-4.812860069727423,11.666138955221774,-5.311748725893253,-1.2281690004208443,12.949869643742929,6.9704589649870545,3.059275923950853,-4.536661810287832,7.416164988538552,7.563849152093094,8.844714505225804,-6.613349928259022,-13.665932937016885,5.0166978753350575,1.7258533432241334,-13.459018707297137,-3.3898278751065924,8.385620712356165,0.022709894460156477,8.757751596405967,9.777276114557141,2.4455227004774533,-4.800988658735292,-5.567337185467945,-3.1171588815179896,-1.9460781848339055,-12.995174078729038,14.162881573158327,4.886802243402581,3.431715525316514,0.8058478782452346,22.712366431929308,-0.6984290455319759,-5.665907311102031,-1.5766443938326615,0.2383068635727287,-1.3184730528811714,-1.0500043288918244,5.124915266396928,-8.231067804293922,-3.737618345924298
-4.997003841552919,-2.0916286565736746,0.04277306901465946,-2.0717896065944843,6.532481657477852,-2.332714889919343,-0.33062212921543144,6.9704589649870545,3.998098340964188,1.5744834124763405,-2.274175241665297,4.148411674404208,3.6320733462421613,5.2928840770803305,-3.148606387340307,-7.097522627946117,2.8796700101842787,1.1783452414222177,-7.630488458532026,-2.014936483420527,4.512320292938759,0.3864906164363394,4.83095963582081,5.631996608023874,1.347398846140223,-2.299271333831106,-2.923662874726256,-1.6214866906253196,-1.1152215769731915,-7.166194203605317,7.6593838616147165,2.452225189640177,1.731928864527934,0.5349769724155327,12.246579329128322,0.05114505996908586,-3.099685655791064,-0.7903188192958281,0.028773646702203174,-0.659783166045593,-0.3005990321401717,2.135876860357465,-4.5658698361866294,-1.9659809800402932
-2.5973244649548652,-0.601290115640764,-0.2679311697482754,-1.3677094898454376,2.6949669271281107,-1.576647229899249,-0.3591156810490708,3.059275923950853,1.5744834124763405,0.9878674472725614,-1.0161947799875117,1.7241912452805088,2.0870179437189247,1.9164979368585573,-1.6295074109474648,-3.1487686769302066,0.9655795038530623,0.4643851248947518,-3.0416831983550265,-0.5450969410319991,1.7746492808619359,-0.21871944934354223,2.034608169129002,2.125709452249179,0.5867359258352923,-1.2636441368015596,-1.344226255658731,-0.6875036684413588,-0.5659363990746201,-2.8453281888107496,3.2334993087087693,1.1085452301685397,0.8878980468229697,0.035980531354954375,5.3234081506147515,-0.4594601905319749,-1.2184926279140547,-0.32402216796654376,0.28564395028897677,-0.15676638549268287,-0.4854219389478947,1.3248513312442436,-1.83226912946615,-0.9289893178189976
3.7002346295403568,1.1728333701677487,0.29368833361420715,2.010077335643939,-3.9023681057212674,2.171252897803044,0.6824631028951975,-4.536661810287832,-2.274175241665297,-1.0161947799875117,1.7627757004068416,-2.4690894779177808,-2.875891228545132,-2.725824818782721,2.6291718611996737,5.038272415664827,-1.73118204445797,-0.3563635745580433,4.4461021490665376,1.1278349869075786,-3.025632352434142,0.2056047064974604,-2.9640848345375783,-3.192683580587888,-0.8120303512047119,1.8580290185770238,2.0001599300496835,1.1692428350305029,0.5707624380992197,4.505898517184785,-4.963377575076517,-1.8861879128837136,-1.26381013757947,-0.2581094847924371,-7.93083330518478,0.45895628921037906,2.013113642493514,0.626328786378765,-0.04988201151095356,0.5792843928154313,0.47869032304222703,-2.2844906801694878,2.8192212769376983,1.307733328963129
-5.521387287794174,-2.1540238821187865,6.9277956689489e-4,-2.3623457210918657,6.946747558437192,-2.4932915295865996,-0.42976141760952125,7.416164988538552,4.148411674404208,1.7241912452805088,-2.4690894779177808,4.477247560245462,3.9725311464959443,5.477318151070846,-3.4442142340405186,-7.649155313930374,2.888836913940969,1.2824164339702975,-7.999235524923325,-2.2229323887364267,4.905641995007765,0.3182237232428261,5.206337789696208,5.95639545770891,1.5214716563034227,-2.5015809145557557,-3.1595242729396245,-1.6921211581701672,-1.2523592272409731,-7.595949974988689,8.31824795030846,2.603221347781849,1.8610845833711578,0.6878749382682091,13.229181339664171,-0.15256050140907282,-3.1518317013064987,-0.8107643640632691,0.13039266185091167,-0.7017072118575931,-0.3717351996998903,2.388350848641866,-4.849495082265742,-2.18093271955272
-6.56994205787778,-1.5522684800594393,-0.8204189948920767,-3.8484705285415526,6.280435541485063,-4.34219124565835,-1.3318153681885556,7.563849152093094,3.6320733462421613,2.0870179437189247,-2.875891228545132,3.9725311464959443,5.424930843145595,4.162109745978874,-4.629786318801452,-8.345475224089896,2.534170257205364,0.5701911941470382,-7.142296963982272,-1.3647446554951816,4.66615966521165,-0.8002021293723554,4.844586936980651,4.893823733781721,1.3102332836965116,-3.4126043941724182,-3.374308177620114,-1.9067910158488013,-1.0341386377230843,-7.124450577812668,8.000566247593293,3.1650110266799016,2.2819169875213023,0.06068939026782071,13.060454860164949,-1.2946156926028636,-3.2423156163933244,-1.0279952224733855,0.44771681501218924,-0.7364250460337785,-1.274477588260236,4.1585742924476845,-4.466876972401726,-2.2606739786120813
-6.0284109362534055,-2.862704575987962,0.35676627456994753,-2.1461034834272184,8.54599452174091,-2.309191433332859,-0.06658694752552287,8.844714505225804,5.2928840770803305,1.9164979368585573,-2.725824818782721,5.477318151070846,4.162109745978874,7.280359840147637,-3.5754937012393975,-8.80065623851953,3.720181470991543,1.7969746163479434,-10.098426442459308,-2.879377765281242,5.794767567937473,0.8635928589571547,6.371355591890306,7.56914828095154,1.8140904884376354,-2.6512866576283085,-3.6435558166888913,-1.9816617828616196,-1.5291955550137697,-9.3211943307314,9.889493072031447,2.9035607140238597,2.070518707931946,0.8545319947583832,15.770896560740848,0.4088313673445061,-3.9012742970076513,-0.9347733491703518,-0.008589267754330682,-0.7939904281700376,-0.12262503693672062,2.0178700162485317,-5.967985560465927,-2.517716641483278
5.684877238763281,1.4778643352811578,0.684962613772069,3.336970204816499,-5.485343690060461,3.72319579803221,1.237439190614129,-6.613349928259022,-3.148606387340307,-1.6295074109474648,2.6291718611996737,-3.4442142340405186,-4.629786318801452,-3.5754937012393975,4.1491911946299025,7.466986818700486,-2.370018212417992,-0.35658859107352175,6.199628578224948,1.338015117509471,-4.272734916574463,0.6364006186210864,-4.181295922638657,-4.292017006147957,-1.1153614280384805,2.9595670596132497,2.9687205147763223,1.734759540496824,0.7913893226924741,6.363418881945924,-7.088313684827609,-2.880726238581556,-1.9774763404496916,-0.17324793853651851,-11.4233556284037,1.0170945868015837,2.932762272670051,0.9625823888779433,-0.21179526161857154,0.7979650637322363,0.9828239889051357,-3.8029816919020925,3.956022720348968,1.9335328392097797
10.884756622890153,3.6145313809492325,0.6582968102750204,5.583048831638561,-12.035578884688215,6.048403146961388,1.6630095917015986,-13.665932937016885,-7.097522627946117,-3.1487686769302066,5.038272415664827,-7.649155313930374,-8.345475224089896,-8.80065623851953,7.466986818700486,14.858430170068383,-5.200999011396997,-1.4713989395093068,13.828170081108667,3.5455978903933856,-9.009202884836435,0.3102521241491601,-9.140716433511333,-9.967877898795834,-2.5303695466125724,5.37053237018666,5.968145094139084,3.402992737793294,1.9040593125896115,13.696647172763148,-15.015881384977313,-5.423843629078999,-3.7317891920952144,-0.8304753784955631,-24.038945480292874,1.1097409506367635,6.015217420469993,1.7992369056382487,-0.22919573811641752,1.5626516268686914,1.2913763244848715,-6.1334106782004625,8.618384132246476,3.9778601123386337
-3.453132119121262,-1.6023585197783046,0.014764111651863658,-1.3975774606775273,4.7178007401326365,-1.7825290731423622,-0.3360186620585557,5.0166978753350575,2.8796700101842787,0.9655795038530623,-1.73118204445797,2.888836913940969,2.534170257205364,3.720181470991543,-2.370018212417992,-5.200999011396997,2.3637982072443022,0.6614502423076963,-5.418548453406551,-1.4134571051090052,3.346167509895439,0.3389189129261087,3.267333647041556,3.9815010049860367,0.8426158887616568,-1.5834041680836806,-2.1194469851576265,-1.2486203913577876,-0.6303869703617557,-5.217410433475673,5.42256217130019,1.8997650212762074,1.2468654653805147,0.39749512283076965,8.547697465803235,0.25204546309646825,-2.4483704252243146,-0.6313052157673014,-0.19945400106754757,-0.5973810812738524,-0.08737094511831921,1.7795590243551485,-3.281062029661876,-1.2956610052015733
-1.0460236330001393,-0.6001568336418671,0.2355954033941503,-0.09186245380292268,1.9167954252355703,-0.03549917117750663,0.258510329542915,1.7258533432241334,1.1783452414222177,0.4643851248947518,-0.3563635745580433,1.2824164339702975,0.5701911941470382,1.7969746163479434,-0.35658859107352175,-1.4713989395093068,0.6614502423076963,0.6910298139670997,-2.23552631890888,-0.7149930405076137,1.1134396789118262,0.39300471128490344,1.4141158538226486,1.7608356501840865,0.4710136938417346,-0.3113429728153031,-0.6821645128113971,-0.26750475306444776,-0.48481012264855516,-1.8707810794890551,2.0571322307172775,0.34514490302825845,0.335797176654641,0.3067833972000933,3.245498261998516,0.22953166495500707,-0.6329904913079111,-0.06926803485038821,0.08924498822988093,-0.018859863567884008,0.1087467755583736,-0.14520364584143391,-1.2481249342861105,-0.5431882196098671
9.797323359227395,3.996216779975584,-0.04368931154751559,4.188102492658711,-12.520026150418488,4.562724621796308,0.7146068812670525,-13.459018707297137,-7.630488458532026,-3.0416831983550265,4.4461021490665376,-7.999235524923325,-7.142296963982272,-10.098426442459308,6.199628578224948,13.828170081108667,-5.418548453406551,-2.23552631890888,14.661296939179664,3.9390223517581813,-8.762657547891159,-0.6346308850358782,-9.402818027309516,-10.808842383063675,-2.6463788546554934,4.553456191133933,5.664684346076904,3.13846093511045,2.1593110672190927,13.837895799532573,-14.876500513010166,-4.77378891441542,-3.3728882067212616,-1.0460578620568899,-23.80360311852015,0.08787953953056658,5.915181373221286,1.5503424288277963,-0.12374971430048197,1.2999452276083248,0.6700119076114345,-4.248898976137347,8.806297232113318,3.865733925390988
2.301924168513709,1.2649594872209073,-0.28485373391448077,0.7446612077082589,-3.343745681321366,0.47687792597308376,-0.020379722624463845,-3.3898278751065924,-2.014936483420527,-0.5450969410319991,1.1278349869075786,-2.2229323887364267,-1.3647446554951816,-2.879377765281242,1.338015117509471,3.5455978903933856,-1.4134571051090052,-0.7149930405076137,3.9390223517581813,1.5122582237821716,-2.5282607085476116,-0.4762755918365628,-2.6193480979305077,-3.1120037486157655,-0.8140570950675602,0.9573730085002142,1.4145345775814877,0.7662403500679783,0.6007768157547789,3.801336973891207,-4.121927035978194,-1.108026887683181,-0.71396793930918,-0.6224253231928335,-6.40799332930692,-0.21108745643634624,1.4142621311744994,0.3700690160651655,0.10449955029399757,0.44755604711250263,-0.13974164133773093,-0.6730423865127647,2.4352223349163653,1.0280220209051292
-6.395774946736075,-2.447198487140241,-0.13341022231960073,-2.9628724475617876,7.668452186636106,-3.111972177060594,-0.778722865513142,8.385620712356165,4.512320292938759,1.7746492808619359,-3.025632352434142,4.905641995007765,4.66615966521165,5.794767567937473,-4.272734916574463,-9.009202884836435,3.346167509895439,1.1134396789118262,-8.762657547891159,-2.5282607085476116,5.746288622186484,0.18310307415437013,5.744127668309003,6.496257728006188,1.64237808796067,-2.990572313479666,-3.6356324487956035,-2.0330265487906845,-1.2218383435121627,-8.630662458464725,9.443992473312523,3.1913713007018547,2.161270715691002,0.8076060422535764,14.915980558508757,-0.3089875621328966,-3.679949211804295,-1.0377230849379027,0.004838956934734547,-0.9969670264274072,-0.4579688496555451,3.294523216316054,-5.4495856742133295,-2.4393457429759944
0.6091768269803225,-0.4051869374302545,0.48066945161882785,0.8797460888081068,0.4844861179302682,0.9894298007585918,0.5170664451357182,0.022709894460156477,0.3864906164363394,-0.21871944934354223,0.2056047064974604,0.3182237232428261,-0.8002021293723554,0.8635928589571547,0.6364006186210864,0.3102521241491601,0.3389189129261087,0.39300471128490344,-0.6346308850358782,-0.4762755918365628,0.18310307415437013,0.6792013555665384,0.22757906169987493,0.6840681476132264,0.09274764147714973,0.5122474175093644,0.0901501144067357,0.07974904026689518,-0.0915679643449832,-0.38848463455423143,0.22515742340170206,-0.26152741879573743,-0.21385783752925985,0.32180537002432796,0.1696148194265715,0.7489031428999186,-0.07707606705784706,0.09327381064831737,-0.233345323812459,0.0010079441720585824,0.5374679690081989,-0.9759247906233628,-0.28146827962060267,0.05364299391817518
-6.6421936971563955,-2.509894032000116,-0.039954672973516216,-3.0383934602918625,7.999885571059671,-3.0501655385051514,-0.5723501946064272,8.757751596405967,4.83095963582081,2.034608169129002,-2.9640848345375783,5.206337789696208,4.844586936980651,6.371355591890306,-4.181295922638657,-9.140716433511333,3.267333647041556,1.4141158538226486,-9.402818027309516,-2.6193480979305077,5.744127668309003,0.22757906169987493,6.244880267677486,6.9559670439328745,1.8139486710014179,-3.1438423610260195,-3.712483223975274,-2.0361482810018288,-1.4578064633341847,-8.958114473420677,9.808143291286786,3.1242245460260936,2.218320440263924,0.7002554279169687,15.7499755010362,-0.3825077169491124,-3.675440915765156,-1.0105024364093904,0.2153028271225626,-0.8632926361743526,-0.5936191957502134,2.917903691779415,-5.712032470208765,-2.6268627784177188
-6.978261620058108,-3.04455244484715,0.2094148994192621,-2.8003337036180818,9.24635085216092,-2.898066844930197,-0.3602386783670922,9.777276114557141,5.631996608023874,2.125709452249179,-3.192683580587888,5.95639545770891,4.893823733781721,7.56914828095154,-4.292017006147957,-9.967877898795834,3.9815010049860367,1.7608356501840865,-10.808842383063675,-3.1120037486157655,6.496257728006188,0.6840681476132264,6.9559670439328745,8.12470339482706,2.0148404428697857,-3.1414389790711383,-4.090333007759769,-2.241548984433296,-1.633481520074175,-10.178178264598143,10.974213574438135,3.357015529659314,2.3452608329565456,0.9605869099773058,17.459968435987832,0.12555553956640192,-4.218578986975829,-1.066481477266984,0.02179913819281108,-0.9726704393549291,-0.2908294637845393,2.7590386899041692,-6.509048916583493,-2.82230757926622
-1.8859018134883583,-0.7019032382840233,0.024250235141074845,-0.832631994635375,2.2774560520112184,-0.7324659917248947,-0.11927900113296254,2.4455227004774533,1.347398846140223,0.5867359258352923,-0.8120303512047119,1.5214716563034227,1.3102332836965116,1.8140904884376354,-1.1153614280384805,-2.5303695466125724,0.8426158887616568,0.4710136938417346,-2.6463788546554934,-0.8140570950675602,1.64237808796067,0.09274764147714973,1.8139486710014179,2.0148404428697857,0.5716707387744622,-0.8510843556003324,-1.0383755284231615,-0.5368132280910948,-0.46928108787921224,-2.510208643771057,2.8297349619239065,0.8201327803156447,0.5963031709952662,0.2777437187218049,4.514779046550996,-0.1339540545604398,-0.9355578340493219,-0.24512900500891974,0.0977551956899078,-0.2257816940176722,-0.14173725981333704,0.718710842313807,-1.6198253263355187,-0.772267044748827
4.180351823118605,1.0337048346982707,0.49894218002563323,2.508680574576218,-3.9049428013290135,2.686138409759836,0.8429745198537218,-4.800988658735292,-2.299271333831106,-1.2636441368015596,1.8580290185770238,-2.5015809145557557,-3.4126043941724182,-2.6512866576283085,2.9595670596132497,5.37053237018666,-1.5834041680836806,-0.3113429728153031,4.553456191133933,0.9573730085002142,-2.990572313479666,0.5122474175093644,-3.1438423610260195,-3.1414389790711383,-0.8510843556003324,2.2408495452475643,2.1270734086300114,1.2418664608923127,0.6447293132048239,4.583794251455049,-5.1242499516621995,-2.037891399825956,-1.4329629380215902,-0.03879827639920069,-8.39728243136133,0.8474592766951912,2.0408025180164695,0.6964462144487986,-0.24952514727399075,0.5283231471860713,0.8100500883905172,-2.6364826445439573,2.8754721928179654,1.4446451025400986
4.416517300562966,1.4501708171374303,0.26097470247138316,2.193425520342811,-4.9857020256457485,2.437447964272093,0.6309945054431555,-5.567337185467945,-2.923662874726256,-1.344226255658731,2.0001599300496835,-3.1595242729396245,-3.374308177620114,-3.6435558166888913,2.9687205147763223,5.968145094139084,-2.1194469851576265,-0.6821645128113971,5.664684346076904,1.4145345775814877,-3.6356324487956035,0.0901501144067357,-3.712483223975274,-4.090333007759769,-1.0383755284231615,2.1270734086300114,2.4376375998656075,1.353930620199851,0.8223184902749796,5.553308671235949,-6.10750410487365,-2.1526086579425847,-1.5156345068579828,-0.34904951865319295,-9.766070506642517,0.41635653259253536,2.432634407114003,0.6939001557522837,-0.12936480740354836,0.5774881075699999,0.5078783902219851,-2.407366531584155,3.5090426298040653,1.6180348835642147
2.4504380840064743,0.8420063594255072,0.16356959591811032,1.2883980304634077,-2.7073771731594407,1.439647744913339,0.4054569458777508,-3.1171588815179896,-1.6214866906253196,-0.6875036684413588,1.1692428350305029,-1.6921211581701672,-1.9067910158488013,-1.9816617828616196,1.734759540496824,3.402992737793294,-1.2486203913577876,-0.26750475306444776,3.13846093511045,0.7662403500679783,-2.0330265487906845,0.07974904026689518,-2.0361482810018288,-2.241548984433296,-0.5368132280910948,1.2418664608923127,1.353930620199851,0.811744665801182,0.3862987188496003,3.124529675198028,-3.360048577478409,-1.2738930668694315,-0.8521104617409984,-0.13955249952371548,-5.4025371098564925,0.21670194550244948,1.4263971679940495,0.4354739629209445,-0.006235218900373565,0.3839839263277226,0.2972003553098722,-1.4590267605907163,1.9580317595379833,0.8709097382798541
1.4984235820340666,0.5147939319016818,-0.015350560874791218,0.6014441741914041,-1.8768395078053266,0.5585064976332493,0.022976018753693254,-1.9460781848339055,-1.1152215769731915,-0.5659363990746201,0.5707624380992197,-1.2523592272409731,-1.0341386377230843,-1.5291955550137697,0.7913893226924741,1.9040593125896115,-0.6303869703617557,-0.48481012264855516,2.1593110672190927,0.6007768157547789,-1.2218383435121627,-0.0915679643449832,-1.4578064633341847,-1.633481520074175,-0.46928108787921224,0.6447293132048239,0.8223184902749796,0.3862987188496003,0.4515206628198656,1.9546936336129859,-2.2258548630617576,-0.5807199279347752,-0.4783989975631036,-0.19703821492593263,-3.585688837374805,0.10715578288455041,0.7062651419535488,0.15693407468640236,-0.14572197782715413,0.09599347269225791,0.1265346479726369,-0.43927876491371726,1.2853366305174885,0.6186138013414725
9.71119905340187,3.8071347965593683,0.12672505360005806,4.391879075391894,-11.921679516788023,4.722571452939685,0.9880930333438579,-12.995174078729038,-7.166194203605317,-2.8453281888107496,4.505898517184785,-7.595949974988689,-7.124450577812668,-9.3211943307314,6.363418881945924,13.696647172763148,-5.217410433475673,-1.8707810794890551,13.837895799532573,3.801336973891207,-8.630662458464725,-0.38848463455423143,-8.958114473420677,-10.178178264598143,-2.510208643771057,4.583794251455049,5.553308671235949,3.124529675198028,1.9546936336129859,13.366081159647807,-14.436464282305403,-4.820326859430116,-3.3243539696188193,-1.0437608671738057,-23.01272482684491,0.3188775584304605,5.755621863200664,1.588249192995541,-0.057200596162292006,1.410181766245189,0.733412804459788,-4.688761880355125,8.462100087678497,3.7366530949996326
-10.89407479524662,-3.986223272078934,-0.2619836253981037,-5.0762921519115665,12.927293878491243,-5.298447749109962,-1.206117218813567,14.162881573158327,7.6593838616147165,3.2334993087087693,-4.963377575076517,8.31824795030846,8.000566247593293,9.889493072031447,-7.088313684827609,-15.015881384977313,5.42256217130019,2.0571322307172775,-14.876500513010166,-4.121927035978194,9.443992473312523,0.22515742340170206,9.808143291286786,10.974213574438135,2.8297349619239065,-5.1242499516621995,-6.10750410487365,-3.360048577478409,-2.2258548630617576,-14.436464282305403,15.865971093576576,5.257705360739565,3.6784774240887894,1.207738493889807,25.254831681820104,-0.689466084170681,-6.067020485511259,-1.6918649229027622,0.23317193570496333,-1.5009391949122355,-0.9487508920046297,5.32113253756366,-9.158289269064339,-4.177622728089119
-3.971954767569726,-1.2266805916940138,-0.36786226878282247,-2.1881501012916162,4.168491925456786,-2.473631374065163,-0.7599809700797597,4.886802243402581,2.452225189640177,1.1085452301685397,-1.8861879128837136,2.603221347781849,3.1650110266799016,2.9035607140238597,-2.880726238581556,-5.423843629078999,1.8997650212762074,0.34514490302825845,-4.77378891441542,-1.108026887683181,3.1913713007018547,-0.26152741879573743,3.1242245460260936,3.357015529659314,0.8201327803156447,-2.037891399825956,-2.1526086579425847,-1.2738930668694315,-0.5807199279347752,-4.820326859430116,5.257705360739565,2.07958969699636,1.4043148522161042,0.19419183444629232,8.421734692037962,-0.49092486840144195,-2.235862297717134,-0.7070722661043141,0.04475494660232251,-0.6075176227928109,-0.5564107458927053,2.538776146159334,-2.999394762028422,-1.3832621626303343
-2.8352512838645807,-0.7886724904694522,-0.28338239892658235,-1.5387075781423825,2.9581695194898447,-1.7665528157704613,-0.49787070150251916,3.431715525316514,1.731928864527934,0.8878980468229697,-1.26381013757947,1.8610845833711578,2.2819169875213023,2.070518707931946,-1.9774763404496916,-3.7317891920952144,1.2468654653805147,0.335797176654641,-3.3728882067212616,-0.71396793930918,2.161270715691002,-0.21385783752925985,2.218320440263924,2.3452608329565456,0.5963031709952662,-1.4329629380215902,-1.5156345068579828,-0.8521104617409984,-0.4783989975631036,-3.3243539696188193,3.6784774240887894,1.4043148522161042,1.010423586949768,0.10249160212880085,5.929315900176572,-0.4116001851094319,-1.517518171722076,-0.46431008025183806,0.13337450865861034,-0.3400091632914729,-0.4497599244339228,1.707264357845988,-2.080825435299165,-0.998453949089561
-0.4479899887890418,-0.4172890863709339,0.20788956966263328,0.07197941994696803,0.9961579279225863,0.2603775774847032,0.11880287067589056,0.8058478782452346,0.5349769724155327,0.035980531354954375,-0.2581094847924371,0.6878749382682091,0.06068939026782071,0.8545319947583832,-0.17324793853651851,-0.8304753784955631,0.39749512283076965,0.3067833972000933,-1.0460578620568899,-0.6224253231928335,0.8076060422535764,0.32180537002432796,0.7002554279169687,0.9605869099773058,0.2777437187218049,-0.03879827639920069,-0.34904951865319295,-0.13955249952371548,-0.19703821492593263,-1.0437608671738057,1.207738493889807,0.19419183444629232,0.10249160212880085,0.4221308710501434,1.6855097792038098,0.22038226806029476,-0.2841018240924489,-0.03705899828063833,-0.10268789820598717,-0.14355452973796234,0.2528653607939319,-0.052198803053573266,-0.6815623361711809,-0.2631126102099053
-17.591532000894862,-6.273733628103007,-0.5167918761190637,-8.3797742599151,20.54774794242973,-8.757521227831836,-1.977814308646509,22.712366431929308,12.246579329128322,5.3234081506147515,-7.93083330518478,13.229181339664171,13.060454860164949,15.770896560740848,-11.4233556284037,-24.038945480292874,8.547697465803235,3.245498261998516,-23.80360311852015,-6.40799332930692,14.915980558508757,0.1696148194265715,15.7499755010362,17.459968435987832,4.514779046550996,-8.39728243136133,-9.766070506642517,-5.4025371098564925,-3.585688837374805,-23.01272482684491,25.254831681820104,8.421734692037962,5.929315900176572,1.6855097792038098,40.46292152765017,-1.3168304502739625,-9.690147113486708,-2.7211419035877493,0.5116785537688059,-2.3344622862130957,-1.75282268891033,8.585761748057122,-14.615420127818492,-6.7199893505670225
1.320823031436586,-0.26919731605168395,0.5178984734977337,1.2696513633937558,-0.1404497823630635,1.2376569402811417,0.5854041767484083,-0.6984290455319759,0.05114505996908586,-0.4594601905319749,0.45895628921037906,-0.15256050140907282,-1.2946156926028636,0.4088313673445061,1.0170945868015837,1.1097409506367635,0.25204546309646825,0.22953166495500707,0.08787953953056658,-0.21108745643634624,-0.3089875621328966,0.7489031428999186,-0.3825077169491124,0.12555553956640192,-0.1339540545604398,0.8474592766951912,0.41635653259253536,0.21670194550244948,0.10715578288455041,0.3188775584304605,-0.689466084170681,-0.49092486840144195,-0.4116001851094319,0.22038226806029476,-1.3168304502739625,0.9779928344045559,0.09043372326744087,0.1547558260665751,-0.3629416832316859,0.04610255551318745,0.6677524572217036,-1.233851331294717,0.18726425755293372,0.3473022935111822
4.190966800737329,1.6204879773215262,0.1771659972614201,1.9687459106389769,-5.121292887714696,2.411519480715161,0.5669177777977139,-5.665907311102031,-3.099685655791064,-1.2184926279140547,2.013113642493514,-3.1518317013064987,-3.2423156163933244,-3.9012742970076513,2.932762272670051,6.015217420469993,-2.4483704252243146,-0.6329904913079111,5.915181373221286,1.4142621311744994,-3.679949211804295,-0.07707606705784706,-3.675440915765156,-4.218578986975829,-0.9355578340493219,2.0408025180164695,2.432634407114003,1.4263971679940495,0.7062651419535488,5.755621863200664,-6.067020485511259,-2.235862297717134,-1.517518171722076,-0.2841018240924489,-9.690147113486708,0.09043372326744087,2.7181378992625542,0.7596355968499084,0.058935626268805295,0.6396999313908251,0.37396087089868674,-2.353580335977649,3.5983014105039466,1.5291784762310956
1.2709345889283776,0.4168706881414365,0.12459336233600136,0.7278777158382815,-1.3042477887287582,0.8135489219053199,0.2587210287441468,-1.5766443938326615,-0.7903188192958281,-0.32402216796654376,0.626328786378765,-0.8107643640632691,-1.0279952224733855,-0.9347733491703518,0.9625823888779433,1.7992369056382487,-0.6313052157673014,-0.06926803485038821,1.5503424288277963,0.3700690160651655,-1.0377230849379027,0.09327381064831737,-1.0105024364093904,-1.066481477266984,-0.24512900500891974,0.6964462144487986,0.6939001557522837,0.4354739629209445,0.15693407468640236,1.588249192995541,-1.6918649229027622,-0.7070722661043141,-0.46431008025183806,-0.03705899828063833,-2.7211419035877493,0.1547558260665751,0.7596355968499084,0.2693183939380585,0.01199839631522213,0.22550509154540288,0.18485860991249334,-0.8597526313393478,0.9765950465300121,0.4373039577467395
-0.4580561060609542,0.14555006520936212,-0.14494732610983485,-0.3696618688643228,0.11937712615972587,-0.35007158756011636,-0.09692393226518829,0.2383068635727287,0.028773646702203174,0.28564395028897677,-0.04988201151095356,0.13039266185091167,0.44771681501218924,-0.008589267754330682,-0.21179526161857154,-0.22919573811641752,-0.19945400106754757,0.08924498822988093,-0.12374971430048197,0.10449955029399757,0.004838956934734547,-0.233345323812459,0.2153028271225626,0.02179913819281108,0.0977551956899078,-0.24952514727399075,-0.12936480740354836,-0.006235218900373565,-0.14572197782715413,-0.057200596162292006,0.23317193570496333,0.04475494660232251,0.13337450865861034,-0.10268789820598717,0.5116785537688059,-0.3629416832316859,0.058935626268805295,0.01199839631522213,0.25932287676642474,0.10555741717364968,-0.2704269077775532,0.1889503789309661,-0.058039036817319124,-0.164956446065958
1.0116225373991228,0.4420547351630152,0.03720976696531881,0.5551356020597952,-1.1133477298847543,0.5360142138424789,0.2179857619843982,-1.3184730528811714,-0.659783166045593,-0.15676638549268287,0.5792843928154313,-0.7017072118575931,-0.7364250460337785,-0.7939904281700376,0.7979650637322363,1.5626516268686914,-0.5973810812738524,-0.018859863567884008,1.2999452276083248,0.44755604711250263,-0.9969670264274072,0.0010079441720585824,-0.8632926361743526,-0.9726704393549291,-0.2257816940176722,0.5283231471860713,0.5774881075699999,0.3839839263277226,0.09599347269225791,1.410181766245189,-1.5009391949122355,-0.6075176227928109,-0.3400091632914729,-0.14355452973796234,-2.3344622862130957,0.04610255551318745,0.6396999313908251,0.22550509154540288,0.10555741717364968,0.2742541160730783,0.05021144405806559,-0.714211795511491,0.8661401755973702,0.3570825648807087
1.2930938601105795,-0.05525172639260021,0.39597311124708956,1.0815295098483895,-0.5693551255203025,1.2067793343249387,0.4547084166460429,-1.0500043288918244,-0.3005990321401717,-0.4854219389478947,0.47869032304222703,-0.3717351996998903,-1.274477588260236,-0.12262503693672062,0.9828239889051357,1.2913763244848715,-0.08737094511831921,0.1087467755583736,0.6700119076114345,-0.13974164133773093,-0.4579688496555451,0.5374679690081989,-0.5936191957502134,-0.2908294637845393,-0.14173725981333704,0.8100500883905172,0.5078783902219851,0.2972003553098722,0.1265346479726369,0.733412804459788,-0.9487508920046297,-0.5564107458927053,-0.4497599244339228,0.2528653607939319,-1.75282268891033,0.6677524572217036,0.37396087089868674,0.18485860991249334,-0.2704269077775532,0.05021144405806559,0.5618103081178749,-1.0675939713591827,0.44647034253734724,0.36920991028823025
-4.821238646948451,-0.8982484901218043,-0.9298123744610174,-3.209058249669123,3.929837276288975,-3.7214735273710984,-1.4457336325313108,5.124915266396928,2.135876860357465,1.3248513312442436,-2.2844906801694878,2.388350848641866,4.1585742924476845,2.0178700162485317,-3.8029816919020925,-6.1334106782004625,1.7795590243551485,-0.14520364584143391,-4.248898976137347,-0.6730423865127647,3.294523216316054,-0.9759247906233628,2.917903691779415,2.7590386899041692,0.718710842313807,-2.6364826445439573,-2.407366531584155,-1.4590267605907163,-0.43927876491371726,-4.688761880355125,5.32113253756366,2.538776146159334,1.707264357845988,-0.052198803053573266,8.585761748057122,-1.233851331294717,-2.353580335977649,-0.8597526313393478,0.1889503789309661,-0.714211795511491,-1.0675939713591827,3.9201807189226385,-2.858567812025175,-1.4644331314050265
6.139592850718372,2.4158913574966454,0.05195253418479148,2.7384554351149033,-7.5880943738577455,2.9131581471946077,0.5707414046647425,-8.231067804293922,-4.5658698361866294,-1.83226912946615,2.8192212769376983,-4.849495082265742,-4.466876972401726,-5.967985560465927,3.956022720348968,8.618384132246476,-3.281062029661876,-1.2481249342861105,8.806297232113318,2.4352223349163653,-5.4495856742133295,-0.28146827962060267,-5.712032470208765,-6.509048916583493,-1.6198253263355187,2.8754721928179654,3.5090426298040653,1.9580317595379833,1.2853366305174885,8.462100087678497,-9.158289269064339,-2.999394762028422,-2.080825435299165,-0.6815623361711809,-14.615420127818492,0.18726425755293372,3.5983014105039466,0.9765950465300121,-0.058039036817319124,0.8661401755973702,0.44647034253734724,-2.858567812025175,5.380213335376829,2.376761570631696
2.998606641205717,0.9680134766436055,0.12268704035938356,1.4924785810067738,-3.337571254296891,1.5162279010981181,0.36347778132365316,-3.737618345924298,-1.9659809800402932,-0.9289893178189976,1.307733328963129,-2.18093271955272,-2.2606739786120813,-2.517716641483278,1.9335328392097797,3.9778601123386337,-1.2956610052015733,-0.5431882196098671,3.865733925390988,1.0280220209051292,-2.4393457429759944,0.05364299391817518,-2.6268627784177188,-2.82230757926622,-0.772267044748827,1.4446451025400986,1.6180348835642147,0.8709097382798541,0.6186138013414725,3.7366530949996326,-4.177622728089119,-1.3832621626303343,-0.998453949089561,-0.2631126102099053,-6.7199893505670225,0.3473022935111822,1.5291784762310956,0.4373039577467395,-0.164956446065958,0.3570825648807087,0.36920991028823025,-1.4644331314050265,2.376761570631696,1.1572761058929315
