V1,V2,V3,V4,V5,V6,V7,V8,V9,V10,V11,V12,V13,V14,V15,V16,V17,V18,V19,V20,V21,V22,V23,V24,V25,V26,V27,V28,V29,V30,V31,V32,V33,V34,V35,V36,V37,V38,V39,V40,V41,V42,V43,V44
9.14334425739254,-6.786352653538095,7.782630423808745,14.198533993684372,9.108753311345096,15.86585142008758,8.822262359919224,1.5705116297952646,7.304051275144025,-2.959347321275353,3.2798535833464264,5.969690898868958,-12.33800211996166,15.638641348980318,10.304055947149731,4.079269896867643,5.83377083115489,6.964449696741198,-12.14893226760896,-7.9562108128578135,3.3370336779718426,11.152589526867015,4.77354166914044,12.224743067435341,1.789428863316811,7.873306947716946,0.9914857487232897,0.9391446926155076,-1.9562326970779846,-7.637099416133458,4.802429780227755,-4.005557556667027,-3.1657276199454287,5.051603249271622,5.034451254004608,12.17018615086885,-1.89374331022448,1.430205683950506,-3.5087193932747915,0.2657602541814192,8.52315698894378,-16.189415176415125,-5.53946018473109,0.5330980575726545
-6.786352653538095,6.090055147317931,-6.603441922726926,-11.268559909697665,-8.349464960187067,-12.617609639812622,-6.915823507558355,-2.2872962987227523,-6.303038536167613,2.2327457366679813,-2.2913025940719147,-5.249221792841371,10.064219880397756,-13.226244649474188,-7.7429358655764045,-2.6449421991093764,-5.322376755532177,-5.826964849437006,10.734860990723819,6.882012478141402,-3.190090572629353,-9.163136558654367,-4.435418306070625,-10.821852497126756,-1.4685009042188826,-6.360448128964112,-0.5968381052448388,-1.0927071258980492,1.663593436411592,7.029579056914614,-4.935294600306304,3.1556685179991173,2.3211226906567344,-4.1611595519709255,-5.684198494511549,-9.913568109196271,1.6222913463648463,-1.0086820773767828,3.1137153571704097,0.17489252784314982,-7.042791692490053,12.922377996931292,4.8349640970517855,-0.24922099281665322
7.782630423808745,-6.603441922726926,7.287168108802544,12.650233101888185,8.981881411767409,14.155068080134008,7.781599609053087,2.200655562620045,6.880801388372012,-2.5393263944716242,2.6920333052573198,5.697466509397045,-11.247872000769839,14.545861632071887,8.82530605339766,3.2160065296932525,5.73359418101759,6.437397313931192,-11.642486521604129,-7.522365339209675,3.3624699464001737,10.179998237213985,4.736786706691503,11.757771940754159,1.6126251802460565,7.120974846479398,0.7577694231258195,1.1493677981324781,-1.829967010645429,-7.530318224969817,5.135009419397431,-3.5774874942229866,-2.668729343174042,4.606039305682711,5.770549092030094,11.035900442683776,-1.7394077658603422,1.1795381478508555,-3.393586849628401,-0.0743522052598723,7.808148512532155,-14.498442528083512,-5.2436270982941595,0.3445296603522217
14.198533993684372,-11.268559909697665,12.650233101888185,22.707979101144122,15.483336635199342,25.37572841306929,14.168618680238223,3.3404973593877347,12.209104196797847,-4.599099403801335,5.038829458391963,10.08322368635029,-19.649100494427486,25.821586889895066,16.228507282456317,5.860166900588687,9.780593057395073,11.392496877210052,-20.445266757012543,-13.11273783607294,5.868163342488094,18.074231150464627,8.236152019473769,20.41831637547641,2.9998451908909027,12.52529489298795,1.319188829029264,1.469752172447765,-3.281705924629828,-13.111724895063915,8.632575853356895,-6.260970835298103,-4.911108023225801,8.213847829311785,9.514723615595557,19.665617693387862,-3.3118805512497884,2.216613709804703,-5.717699151811661,0.29016309707613225,13.760291736751531,-25.934234645156582,-9.39381468425172,0.6466645029905583
9.108753311345096,-8.349464960187067,8.981881411767409,15.483336635199342,11.861464797634618,17.31739962365249,9.679330671550979,3.4762674996184,9.02328618388091,-2.974335910676079,3.1096046927173377,7.57582070959316,-13.426965958872985,18.684325433915074,10.681973178253259,3.153297586668901,7.383208476360001,8.140694867113906,-15.341904734924356,-9.540148274255543,4.704983800589622,12.670843379243868,6.4441556862163,15.188266504484353,2.2083235513608233,8.52697656387736,0.564946779145976,1.1351458035728832,-2.412019654314812,-10.16073584428169,7.227207060426233,-4.12307840744775,-3.1286240769739986,5.793989770418784,8.530688351554662,13.709921890731165,-2.5812339385820375,1.3860768573814275,-4.135068375417733,-0.08429008831752066,9.633490544366268,-17.759714800085852,-7.076652466203082,0.18549959840545963
15.86585142008758,-12.617609639812622,14.155068080134008,25.37572841306929,17.31739962365249,28.384340104320508,15.834147140411707,3.7551523224853423,13.653780760033218,-5.152350723399441,5.610002857715075,11.268760259436522,-21.993400745837487,28.87722288754636,18.12793974598441,6.538120540658349,10.953748490529225,12.723081336316751,-22.865469950055136,-14.674019733288894,6.56972329368448,20.20674340982939,9.215135691968753,22.848640519512163,3.3523760404677194,14.012689840674566,1.484435865878205,1.6423434798917076,-3.666965990021821,-14.677553004657097,9.669769111921461,-6.990399413112391,-5.487013123527658,9.19236803160335,10.669271911350743,21.98024373057014,-3.6996737035271505,2.4813849160471344,-6.41601739815501,0.29951485323885063,15.387854557483537,-28.98855193745835,-10.505446656497734,0.7314796671151345
8.822262359919224,-6.915823507558355,7.781599609053087,14.168618680238223,9.679330671550979,15.834147140411707,8.953359638137655,2.0933817405551327,7.729781137525505,-2.839479529047115,3.165337243137201,6.398039715111268,-12.02049767578707,16.26132433007005,10.215749072346483,3.491195204303299,6.027901469589464,7.119040143367821,-12.8904432659707,-8.135316392909129,3.748774482050869,11.269730965995501,5.219611962879772,12.732714727750292,1.958981969057362,7.691413278282867,0.7314313716134029,0.6496571942838812,-2.102214868546353,-8.297090430963408,5.43709094945045,-3.794976842306011,-3.0663423770019707,5.143780647734805,6.0490057117003735,12.265904160887105,-2.2296027262589027,1.4125593304230133,-3.44657986527802,0.31701335630425503,8.51252543508731,-16.174386435766525,-6.0238980827576425,0.3561434764690628
1.5705116297952646,-2.2872962987227523,2.200655562620045,3.3404973593877347,3.4762674996184,3.7551523224853423,2.0933817405551327,1.6064685261511469,2.4341657208732106,-0.5282689426329144,0.4300374336713901,2.118759428713906,-2.946703831938505,4.787939743684516,2.0404361984812445,0.10037652834637809,2.1152922424410634,2.024924857056822,-4.299620159967403,-2.4925480581878108,1.504798688232385,2.982462068532633,1.9770999188869423,4.184244287750569,0.5857509346412368,1.8430252545582788,-0.10833269512727962,0.36596755253499025,-0.635542786096801,-3.052194205222666,2.50188861426101,-0.797091552771335,-0.5199609333015425,1.3889193228696395,3.281344646227224,3.1672171350523137,-0.7762418011877497,0.20670824264236023,-1.07759524592332,-0.2347832798645867,2.270947797924918,-3.8947031467423012,-1.9938176984081184,-0.1280304505267434
7.304051275144025,-6.303038536167613,6.880801388372012,12.209104196797847,9.02328618388091,13.653780760033218,7.729781137525505,2.4341657208732106,7.036383746981703,-2.367456315997237,2.550823232494676,5.888491095012481,-10.35328638386745,14.585774068225522,8.612621811259308,2.54755807917624,5.570306661334433,6.3301106384774775,-11.856360195474702,-7.3280877679300325,3.6131474579310234,9.89224934898771,4.9401193810955775,11.63560522850313,1.7830323337568283,6.611299406489627,0.44373001168057,0.608627638489607,-1.901575553336186,-7.801931503592046,5.394605607360881,-3.179285720800155,-2.529392859418359,4.540772695950005,6.293549859898865,10.730711759987745,-2.111804084666097,1.1490385209268983,-3.0889191200762913,0.13060112876064325,7.470503521534528,-13.96998245446264,-5.559038987917464,0.17190024230237042
-2.959347321275353,2.2327457366679813,-2.5393263944716242,-4.599099403801335,-2.974335910676079,-5.152350723399441,-2.839479529047115,-0.5282689426329144,-2.367456315997237,0.9951781190802576,-1.032986705582769,-1.9339357174734626,4.024914012111028,-5.0605657681273355,-3.309617455319543,-1.2964428814800475,-1.926660290685975,-2.2403078459106505,3.9465353334567936,2.6146513088598704,-1.113250409842649,-3.622478906161721,-1.5503285866259533,-3.9849146461451537,-0.5818395086225823,-2.566726619988683,-0.32233641720466244,-0.3207546353267754,0.6165165688174931,2.497764792455388,-1.5953168481945255,1.283381711759694,1.0243693213179956,-1.6586245567405553,-1.6671204993150355,-3.966326103031661,0.6187909375766399,-0.4518133543954292,1.1720316004752849,-0.04787303135701699,-2.7876925719325656,5.219263371992241,1.7946654619778666,-0.17462925176205377
3.2798535833464264,-2.2913025940719147,2.6920333052573198,5.038829458391963,3.1096046927173377,5.610002857715075,3.165337243137201,0.4300374336713901,2.550823232494676,-1.032986705582769,1.2380200256098892,2.087521817717356,-4.292894467325006,5.48556356468679,3.709875236127658,1.4943956451493854,1.9502209271395634,2.445420043915424,-4.19826581746362,-2.7265765245514717,1.1216938898073778,3.9223404472654555,1.627231952882635,4.194456657830762,0.6352056540702323,2.743828167103256,0.35415884833739486,0.23979124178017133,-0.7066176251908354,-2.618142134044298,1.5779143581196575,-1.4147765782879196,-1.1422589378843284,1.7604390484440549,1.6031711210245219,4.283104620576797,-0.6729727018128135,0.5312017609441229,-1.163797102506626,0.18791443566195445,2.9608868245614706,-5.750831121946157,-1.945951976807826,0.18582290728419507
5.969690898868958,-5.249221792841371,5.697466509397045,10.08322368635029,7.57582070959316,11.268760259436522,6.398039715111268,2.118759428713906,5.888491095012481,-1.9339357174734626,2.087521817717356,4.948717754696038,-8.50998243377219,12.162212978400932,7.080359394253283,1.9916877385374956,4.649620751757247,5.261992445767098,-9.93566138894581,-6.100437675700773,3.070054055065954,8.203029814483585,4.1662100262056665,9.71913684969953,1.4967823701943517,5.431637080841316,0.3154809447757534,0.47101334386311966,-1.5945571259278033,-6.579357511926096,4.590992407650978,-2.5945809023748696,-2.069592671034078,3.7692930883406564,5.40223143575753,8.891141332029997,-1.7987982496499693,0.9370139992146539,-2.5505340616745396,0.10565885980345216,6.182094937674392,-11.536368187215459,-4.682216842801041,0.10439498440095038
-12.33800211996166,10.064219880397756,-11.247872000769839,-19.649100494427486,-13.426965958872985,-21.993400745837487,-12.02049767578707,-2.946703831938505,-10.35328638386745,4.024914012111028,-4.292894467325006,-8.50998243377219,17.61264427452818,-22.09474372885022,-13.812670665324015,-5.428334788425998,-8.67075323584534,-9.845122529625717,17.46153467203395,11.473921014509965,-4.887924815141889,-15.680330843891792,-6.988245451308049,-17.777628345465097,-2.391153356495642,-11.145452733835342,-1.3703131018336003,-1.883843428054589,2.7468141286822427,11.15288294957044,-7.417928784182012,5.677921482509735,4.231223337029163,-7.068315990366434,-8.10088110859148,-17.0215522294569,2.4771122055916237,-1.8710913312666748,5.253293115340446,0.08654744604558699,-12.071345404683791,22.50729616245764,7.787775886904389,-0.6702808301458558
15.638641348980318,-13.226244649474188,14.545861632071887,25.821586889895066,18.684325433915074,28.87722288754636,16.26132433007005,4.787939743684516,14.585774068225522,-5.0605657681273355,5.48556356468679,12.162212978400932,-22.09474372885022,30.425159964237913,18.248815332338992,5.7760046718161915,11.61767404693497,13.266338066917081,-24.548182267156317,-15.346041870447175,7.353603516074306,20.82819161971429,10.137502740907985,24.244529578303755,3.641854435177582,14.086237172356348,1.1225740100139208,1.4528087173731636,-3.9406623800029155,-16.050831100787118,10.966229385986107,-6.866716393219055,-5.410547742363144,9.52174519888047,12.618933178001209,22.595597672473104,-4.223326090804005,2.4559571919945538,-6.557202826366166,0.255777313152228,15.766733827268792,-29.547169565998686,-11.429161117170358,0.4766088014334986
10.304055947149731,-7.7429358655764045,8.82530605339766,16.228507282456317,10.681973178253259,18.12793974598441,10.215749072346483,2.0404361984812445,8.612621811259308,-3.309617455319543,3.709875236127658,7.080359394253283,-13.812670665324015,18.248815332338992,11.835012924760312,4.324021440082444,6.7256282041069,8.066995868822788,-14.320844509184491,-9.157994158841888,4.041142592736826,12.802781087716857,5.716536802987111,14.209516404005253,2.186852289574564,8.848536674347786,0.9488426088588064,0.8151705580988028,-2.324041715760342,-9.084738443544667,5.798339662806993,-4.429721879193127,-3.576032591067377,5.830758208761604,6.270637466658639,13.9650925968967,-2.4249862953332104,1.6364429321466658,-3.9095751675755683,0.41436550286100504,9.713950722430823,-18.514101576407423,-6.644790586321598,0.5060525119899956
4.079269896867643,-2.6449421991093764,3.2160065296932525,5.860166900588687,3.153297586668901,6.538120540658349,3.491195204303299,0.10037652834637809,2.54755807917624,-1.2964428814800475,1.4943956451493854,1.9916877385374956,-5.428334788425998,5.7760046718161915,4.324021440082444,2.3617321917747147,2.1730149429152217,2.7242953842896074,-4.2020906845285575,-3.0465317256568087,0.873770562397922,4.449594524188628,1.4866118820058631,4.493026635162345,0.5425993177051225,3.444541058059655,0.7074573759314313,0.7420371117914912,-0.6745141966467824,-2.401665959121654,1.2795062442112786,-1.9112757598929613,-1.3936421485779822,1.9436480861408318,0.9891201212876984,4.87527701946478,-0.3723556800395329,0.6240462647659905,-1.490937418721563,0.06871269945677512,3.484001073929546,-6.713180601349846,-1.7278001831342968,0.404286554509994
5.83377083115489,-5.322376755532177,5.73359418101759,9.780593057395073,7.383208476360001,10.953748490529225,6.027901469589464,2.1152922424410634,5.570306661334433,-1.926660290685975,1.9502209271395634,4.649620751757247,-8.67075323584534,11.61767404693497,6.7256282041069,2.1730149429152217,4.693376538603743,5.1084112970167475,-9.503106134556438,-6.0361822502489195,2.8648246980229217,7.989436654756434,3.9588329857926587,9.52526192475733,1.324958566524154,5.486092141336941,0.4462673590511444,0.9135955403170235,-1.4570073652061863,-6.252581544417616,4.435858473685903,-2.6932433719478515,-1.9898192091834805,3.6462217264556633,5.167154766404123,8.647295167260026,-1.4989992428859786,0.8591187902941329,-2.705473423187238,-0.15037064796809813,6.137993546412001,-11.217175094437385,-4.305052275782419,0.18283316086822105
6.964449696741198,-5.826964849437006,6.437397313931192,11.392496877210052,8.140694867113906,12.723081336316751,7.119040143367821,2.024924857056822,6.3301106384774775,-2.2403078459106505,2.445420043915424,5.261992445767098,-9.845122529625717,13.266338066917081,8.066995868822788,2.7242953842896074,5.1084112970167475,5.855448396218036,-10.676453895243739,-6.741599643748194,3.121406928792525,9.163717488754644,4.381046352818256,10.608890587237225,1.5625134090427872,6.272763874753843,0.5521282383927234,0.8001655061955872,-1.6968724716423897,-6.913196991547652,4.702865125817319,-3.112967302485483,-2.3975834618206493,4.166829769093829,5.353206449845387,9.948489812460437,-1.7586006150651456,1.071546909514999,-2.9186231745378945,0.08486415349228293,6.978528048995412,-13.055029483448841,-4.903690147998334,0.2506331623850954
-12.14893226760896,10.734860990723819,-11.642486521604129,-20.445266757012543,-15.341904734924356,-22.865469950055136,-12.8904432659707,-4.299620159967403,-11.856360195474702,3.9465353334567936,-4.19826581746362,-9.93566138894581,17.46153467203395,-24.548182267156317,-14.320844509184491,-4.2020906845285575,-9.503106134556438,-10.676453895243739,20.0565428853052,12.409019554489085,-6.130884213281647,-16.633515731552794,-8.392530150208668,-19.729103446364405,-2.9776494909847684,-11.131740321581544,-0.7220116523978516,-1.1928564539466242,3.184582118485309,13.230108234704975,-9.255309999889139,5.3575183071982115,4.193804672511872,-7.6307260431899175,-10.861909828523974,-18.026798532701783,3.515684542169043,-1.8810738178823203,5.276883893125423,-0.09916619310388167,-12.601684451634178,23.41947222611213,9.351401950144183,-0.2682273304401189
-7.9562108128578135,6.882012478141402,-7.522365339209675,-13.11273783607294,-9.540148274255543,-14.674019733288894,-8.135316392909129,-2.4925480581878108,-7.3280877679300325,2.6146513088598704,-2.7265765245514717,-6.100437675700773,11.473921014509965,-15.346041870447175,-9.157994158841888,-3.0465317256568087,-6.0361822502489195,-6.741599643748194,12.409019554489085,7.896205221377664,-3.7003704869626013,-10.608080833522244,-5.113384156359798,-12.396934436517999,-1.7758041335302617,-7.283522945257072,-0.6401447994773367,-1.0281375051828037,1.937571184924639,8.104667569150502,-5.601543208132092,3.585572492358962,2.7342311128157912,-4.84307237778077,-6.4109587105724115,-11.50738402937734,2.0063286675899503,-1.201134981502112,3.485469444090982,0.042616722956258804,-8.113800964477974,15.001628013003105,5.674676163727997,-0.28175063684166246
3.3370336779718426,-3.190090572629353,3.3624699464001737,5.868163342488094,4.704983800589622,6.56972329368448,3.748774482050869,1.504798688232385,3.6131474579310234,-1.113250409842649,1.1216938898073778,3.070054055065954,-4.887924815141889,7.353603516074306,4.041142592736826,0.873770562397922,2.8648246980229217,3.121406928792525,-6.130884213281647,-3.7003704869626013,2.021275111488445,4.856139078678273,2.63291573993022,5.939640008612056,0.9329469923817638,3.1173645402649948,0.07298737407645879,0.20050908953379207,-0.9646362106561207,-4.162933479273617,3.009545364955407,-1.4208651706066968,-1.1603356364267694,2.2666337181819007,3.647467652328781,5.253701455683051,-1.1901981778240158,0.5151313277568318,-1.5247478258753098,0.012702952570801972,3.6479763249235906,-6.684959560972878,-2.9389252420005114,-0.009597907390794821
11.152589526867015,-9.163136558654367,10.179998237213985,18.074231150464627,12.670843379243868,20.20674340982939,11.269730965995501,2.982462068532633,9.89224934898771,-3.622478906161721,3.9223404472654555,8.203029814483585,-15.680330843891792,20.82819161971429,12.802781087716857,4.449594524188628,7.989436654756434,9.163717488754644,-16.633515731552794,-10.608080833522244,4.856139078678273,14.487473381060475,6.7693974553730705,16.59680766715017,2.4192723090675132,9.97373201815371,0.9656971884985499,1.2300818975741086,-2.649358264011599,-10.76415589987494,7.230690059838906,-4.954413285671075,-3.8482233878435315,6.591909781969911,8.112975556500945,15.736801529228625,-2.707819887483094,1.725577691393695,-4.635252860368157,0.13817424141958462,11.031573233089524,-20.66583421179802,-7.647405660321851,0.45132363038125434
4.77354166914044,-4.435418306070625,4.736786706691503,8.236152019473769,6.4441556862163,9.215135691968753,5.219611962879772,1.9770999188869423,4.9401193810955775,-1.5503285866259533,1.627231952882635,4.1662100262056665,-6.988245451308049,10.137502740907985,5.716536802987111,1.4866118820058631,3.9588329857926587,4.381046352818256,-8.392530150208668,-5.113384156359798,2.63291573993022,6.7693974553730705,3.568203844823083,8.203028595877456,1.251792409095151,4.454109036459836,0.20110211155189944,0.4524954661959631,-1.3271133026328574,-5.601758418097341,4.008600104953514,-2.105716282456093,-1.6467799360350763,3.1185777324875357,4.8113951044656895,7.319936169649057,-1.5189779259024017,0.7364350004191956,-2.148790811350596,0.010695909594490575,5.115520863507319,-9.447825234306105,-3.939662024498662,0.04832645325984641
12.224743067435341,-10.821852497126756,11.757771940754159,20.41831637547641,15.188266504484353,22.848640519512163,12.732714727750292,4.184244287750569,11.63560522850313,-3.9849146461451537,4.194456657830762,9.71913684969953,-17.777628345465097,24.244529578303755,14.209516404005253,4.493026635162345,9.52526192475733,10.608890587237225,-19.729103446364405,-12.396934436517999,5.939640008612056,16.59680766715017,8.203028595877456,19.61579037457731,2.834768385501187,11.288482749216216,0.8869144099985612,1.5242662561368387,-3.1045568094517435,-12.960506182875017,9.058501302277712,-5.518007221665085,-4.2009019991256205,7.57575505919682,10.531733910392804,17.972533581009028,-3.252240325496256,1.8653236174188939,-5.41718863681688,-0.06010777472450027,12.64485261940154,-23.408976993518166,-9.065705784369225,0.3560135983822692
1.789428863316811,-1.4685009042188826,1.6126251802460565,2.9998451908909027,2.2083235513608233,3.3523760404677194,1.958981969057362,0.5857509346412368,1.7830323337568283,-0.5818395086225823,0.6352056540702323,1.4967823701943517,-2.391153356495642,3.641854435177582,2.186852289574564,0.5425993177051225,1.324958566524154,1.5625134090427872,-2.9776494909847684,-1.7758041335302617,0.9329469923817638,2.4192723090675132,1.251792409095151,2.834768385501187,0.49973695676033275,1.5521977374728573,0.049241443090060746,0.005501213236107935,-0.48255928047433616,-1.9611295696110997,1.3407623747592607,-0.7122741276476714,-0.6266197621968571,1.132312348438669,1.5798580775970756,2.6418792791897165,-0.6222433324956079,0.29058186833438093,-0.6868651073727088,0.11317705821792155,1.804765540924474,-3.417256288824601,-1.4482595958858697,0.01924208931714068
7.873306947716946,-6.360448128964112,7.120974846479398,12.52529489298795,8.52697656387736,14.012689840674566,7.691413278282867,1.8430252545582788,6.611299406489627,-2.566726619988683,2.743828167103256,5.431637080841316,-11.145452733835342,14.086237172356348,8.848536674347786,3.444541058059655,5.486092141336941,6.272763874753843,-11.131740321581544,-7.283522945257072,3.1173645402649948,9.97373201815371,4.454109036459836,11.288482749216216,1.5521977374728573,7.0769983367158185,0.8580794031726311,1.1320576917953826,-1.7582866210346368,-7.088877422985879,4.699446561067082,-3.5918064270697534,-2.705945092251593,4.504900384706046,5.130740240695421,10.841884638413731,-1.618934510785365,1.202493752339679,-3.301487078604516,-0.00892782502644087,7.6684710116201895,-14.333073596891692,-4.979983191530709,0.4224666240237367
0.9914857487232897,-0.5968381052448388,0.7577694231258195,1.319188829029264,0.564946779145976,1.484435865878205,0.7314313716134029,-0.10833269512727962,0.44373001168057,-0.32233641720466244,0.35415884833739486,0.3154809447757534,-1.3703131018336003,1.1225740100139208,0.9488426088588064,0.7074573759314313,0.4462673590511444,0.5521282383927234,-0.7220116523978516,-0.6401447994773367,0.07298737407645879,0.9656971884985499,0.20110211155189944,0.8869144099985612,0.049241443090060746,0.8580794031726311,0.26846843257559416,0.27816066548708723,-0.12036692874818933,-0.35132220821807747,0.1175731588207124,-0.505133757335389,-0.33833204027163316,0.4034602221370272,-0.043833215298089236,1.0554211424685445,0.0538212025992105,0.1547121140969538,-0.37933637778725254,-0.036152699851047194,0.7811790583940099,-1.5131908582064169,-0.22732612887406978,0.14820474332730102
0.9391446926155076,-1.0927071258980492,1.1493677981324781,1.469752172447765,1.1351458035728832,1.6423434798917076,0.6496571942838812,0.36596755253499025,0.608627638489607,-0.3207546353267754,0.23979124178017133,0.47101334386311966,-1.883843428054589,1.4528087173731636,0.8151705580988028,0.7420371117914912,0.9135955403170235,0.8001655061955872,-1.1928564539466242,-1.0281375051828037,0.20050908953379207,1.2300818975741086,0.4524954661959631,1.5242662561368387,0.005501213236107935,1.1320576917953826,0.27816066548708723,0.8324660702263422,-0.10803126522677907,-0.6875315613270798,0.5879759470650779,-0.6974720211843565,-0.2748065477948075,0.4921343050640348,0.6014079213537364,1.3114548179512338,0.17114963841795422,0.06240309409384616,-0.6926535761763136,-0.343578505439939,1.1004398239525137,-1.7565628626000633,-0.26760742196049525,0.13355418869333308
-1.9562326970779846,1.663593436411592,-1.829967010645429,-3.281705924629828,-2.412019654314812,-3.666965990021821,-2.102214868546353,-0.635542786096801,-1.901575553336186,0.6165165688174931,-0.7066176251908354,-1.5945571259278033,2.7468141286822427,-3.9406623800029155,-2.324041715760342,-0.6745141966467824,-1.4570073652061863,-1.6968724716423897,3.184582118485309,1.937571184924639,-0.9646362106561207,-2.649358264011599,-1.3271133026328574,-3.1045568094517435,-0.48255928047433616,-1.7582866210346368,-0.12036692874818933,-0.10803126522677907,0.5354408666037338,2.096180110522181,-1.432959425010155,0.8451016263074055,0.6841138262430569,-1.208394704351181,-1.681974378010647,-2.8668883908255123,0.5749026852220835,-0.32585807046360266,0.7948184660569869,-0.07000360857655517,-1.9758754380848038,3.764320242355637,1.5101071424437689,-0.038148256622481724
-7.637099416133458,7.029579056914614,-7.530318224969817,-13.111724895063915,-10.16073584428169,-14.677553004657097,-8.297090430963408,-3.052194205222666,-7.801931503592046,2.497764792455388,-2.618142134044298,-6.579357511926096,11.15288294957044,-16.050831100787118,-9.084738443544667,-2.401665959121654,-6.252581544417616,-6.913196991547652,13.230108234704975,8.104667569150502,-4.162933479273617,-10.76415589987494,-5.601758418097341,-12.960506182875017,-1.9611295696110997,-7.088877422985879,-0.35132220821807747,-0.6875315613270798,2.096180110522181,8.855096398297652,-6.2976417772012585,3.351129136144521,2.6391908875613583,-4.958600083949773,-7.509042431266081,-11.639545987604656,2.386609164304526,-1.1802629238699072,3.4260398367515847,-0.02011857756082304,-8.127959863113537,15.018974727268521,6.230499171391384,-0.09270621862891522
4.802429780227755,-4.935294600306304,5.135009419397431,8.632575853356895,7.227207060426233,9.669769111921461,5.43709094945045,2.50188861426101,5.394605607360881,-1.5953168481945255,1.5779143581196575,4.590992407650978,-7.417928784182012,10.966229385986107,5.798339662806993,1.2795062442112786,4.435858473685903,4.702865125817319,-9.255309999889139,-5.601543208132092,3.009545364955407,7.230690059838906,4.008600104953514,9.058501302277712,1.3407623747592607,4.699446561067082,0.1175731588207124,0.5879759470650779,-1.432959425010155,-6.2976417772012585,4.691754843947961,-2.174211541105336,-1.6459630978768314,3.3434898879009802,5.759571941671717,7.795334194940052,-1.661692866408534,0.7146592946367992,-2.3876375901618565,-0.14384135889342306,5.479398482364193,-9.916469339183974,-4.329816601128424,-0.03229458723627335
-4.005557556667027,3.1556685179991173,-3.5774874942229866,-6.260970835298103,-4.12307840744775,-6.990399413112391,-3.794976842306011,-0.797091552771335,-3.179285720800155,1.283381711759694,-1.4147765782879196,-2.5945809023748696,5.677921482509735,-6.866716393219055,-4.429721879193127,-1.9112757598929613,-2.6932433719478515,-3.112967302485483,5.3575183071982115,3.585572492358962,-1.4208651706066968,-4.954413285671075,-2.105716282456093,-5.518007221665085,-0.7122741276476714,-3.5918064270697534,-0.505133757335389,-0.6974720211843565,0.8451016263074055,3.351129136144521,-2.174211541105336,1.8862004720172512,1.3675000635054073,-2.206641042533087,-2.2954458959372572,-5.3795726490640225,0.6846823442000989,-0.6043580705432287,1.6686041176901443,0.02304783996323848,-3.8288374314355367,7.183607297405477,2.337024151708227,-0.2547616810251806
-3.1657276199454287,2.3211226906567344,-2.668729343174042,-4.911108023225801,-3.1286240769739986,-5.487013123527658,-3.0663423770019707,-0.5199609333015425,-2.529392859418359,1.0243693213179956,-1.1422589378843284,-2.069592671034078,4.231223337029163,-5.410547742363144,-3.576032591067377,-1.3936421485779822,-1.9898192091834805,-2.3975834618206493,4.193804672511872,2.7342311128157912,-1.1603356364267694,-3.8482233878435315,-1.6467799360350763,-4.2009019991256205,-0.6266197621968571,-2.705945092251593,-0.33833204027163316,-0.2748065477948075,0.6841138262430569,2.6391908875613583,-1.6459630978768314,1.3675000635054073,1.1026850704847957,-1.7465950919347095,-1.7221646861764026,-4.201550668667392,0.6724403257032425,-0.5015859507787006,1.1903098506555931,-0.11506752088342415,-2.931855806252758,5.591051480181857,1.9299204937981018,-0.18125008311971771
5.051603249271622,-4.1611595519709255,4.606039305682711,8.213847829311785,5.793989770418784,9.19236803160335,5.143780647734805,1.3889193228696395,4.540772695950005,-1.6586245567405553,1.7604390484440549,3.7692930883406564,-7.068315990366434,9.52174519888047,5.830758208761604,1.9436480861408318,3.6462217264556633,4.166829769093829,-7.6307260431899175,-4.84307237778077,2.2666337181819007,6.591909781969911,3.1185777324875357,7.57575505919682,1.132312348438669,4.504900384706046,0.4034602221370272,0.4921343050640348,-1.208394704351181,-4.958600083949773,3.3434898879009802,-2.206641042533087,-1.7465950919347095,3.021466916121035,3.771981591302903,7.168980300142529,-1.2930666660518,0.7811949918473,-2.0964603137396756,0.07408728296090952,5.0162683353936215,-9.37245758827751,-3.536212876780799,0.19130826377712748
5.034451254004608,-5.684198494511549,5.770549092030094,9.514723615595557,8.530688351554662,10.669271911350743,6.0490057117003735,3.281344646227224,6.293549859898865,-1.6671204993150355,1.6031711210245219,5.40223143575753,-8.10088110859148,12.618933178001209,6.270637466658639,0.9891201212876984,5.167154766404123,5.353206449845387,-10.861909828523974,-6.4109587105724115,3.647467652328781,8.112975556500945,4.8113951044656895,10.531733910392804,1.5798580775970756,5.130740240695421,-0.043833215298089236,0.6014079213537364,-1.681974378010647,-7.509042431266081,5.759571941671717,-2.2954458959372572,-1.7221646861764026,3.771981591302903,7.273257593749697,8.708568592915785,-2.031413822570623,0.7504518216959636,-2.6849421982180552,-0.2279800143952848,6.116372900664881,-10.968989402691523,-5.125309988013632,-0.15807703510891616
12.17018615086885,-9.913568109196271,11.035900442683776,19.665617693387862,13.709921890731165,21.98024373057014,12.265904160887105,3.1672171350523137,10.730711759987745,-3.966326103031661,4.283104620576797,8.891141332029997,-17.0215522294569,22.595597672473104,13.9650925968967,4.87527701946478,8.647295167260026,9.948489812460437,-18.026798532701783,-11.50738402937734,5.253701455683051,15.736801529228625,7.319936169649057,17.972533581009028,2.6418792791897165,10.841884638413731,1.0554211424685445,1.3114548179512338,-2.8668883908255123,-11.639545987604656,7.795334194940052,-5.3795726490640225,-4.201550668667392,7.168980300142529,8.708568592915785,17.117665992298704,-2.9530997029199586,1.8803975566325821,-5.0167747732984855,0.17939479352972168,11.989761098493695,-22.464635521257716,-8.289303163799625,0.4999331720649743
-1.89374331022448,1.6222913463648463,-1.7394077658603422,-3.3118805512497884,-2.5812339385820375,-3.6996737035271505,-2.2296027262589027,-0.7762418011877497,-2.111804084666097,0.6187909375766399,-0.6729727018128135,-1.7987982496499693,2.4771122055916237,-4.223326090804005,-2.4249862953332104,-0.3723556800395329,-1.4989992428859786,-1.7586006150651456,3.515684542169043,2.0063286675899503,-1.1901981778240158,-2.707819887483094,-1.5189779259024017,-3.252240325496256,-0.6222433324956079,-1.618934510785365,0.0538212025992105,0.17114963841795422,0.5749026852220835,2.386609164304526,-1.661692866408534,0.6846823442000989,0.6724403257032425,-1.2930666660518,-2.031413822570623,-2.9530997029199586,0.8476274920819502,-0.3174473475119723,0.7135625325528452,-0.17628712595272633,-1.9808940439818634,3.749382637037655,1.7900793984117336,0.0386587478221414
1.430205683950506,-1.0086820773767828,1.1795381478508555,2.216613709804703,1.3860768573814275,2.4813849160471344,1.4125593304230133,0.20670824264236023,1.1490385209268983,-0.4518133543954292,0.5312017609441229,0.9370139992146539,-1.8710913312666748,2.4559571919945538,1.6364429321466658,0.6240462647659905,0.8591187902941329,1.071546909514999,-1.8810738178823203,-1.201134981502112,0.5151313277568318,1.725577691393695,0.7364350004191956,1.8653236174188939,0.29058186833438093,1.202493752339679,0.1547121140969538,0.06240309409384616,-0.32585807046360266,-1.1802629238699072,0.7146592946367992,-0.6043580705432287,-0.5015859507787006,0.7811949918473,0.7504518216959636,1.8803975566325821,-0.3174473475119723,0.24650709855488967,-0.5056279800447667,0.08725544127244629,1.2888409682611741,-2.5292193489242227,-0.8820872593987618,0.07901953953249856
-3.5087193932747915,3.1137153571704097,-3.393586849628401,-5.717699151811661,-4.135068375417733,-6.41601739815501,-3.44657986527802,-1.07759524592332,-3.0889191200762913,1.1720316004752849,-1.163797102506626,-2.5505340616745396,5.253293115340446,-6.557202826366166,-3.9095751675755683,-1.490937418721563,-2.705473423187238,-2.9186231745378945,5.276883893125423,3.485469444090982,-1.5247478258753098,-4.635252860368157,-2.148790811350596,-5.41718863681688,-0.6868651073727088,-3.301487078604516,-0.37933637778725254,-0.6926535761763136,0.7948184660569869,3.4260398367515847,-2.3876375901618565,1.6686041176901443,1.1903098506555931,-2.0964603137396756,-2.6849421982180552,-5.0167747732984855,0.7135625325528452,-0.5056279800447667,1.6472606110216743,0.15480856175004856,-3.6025099505104228,6.558224099546285,2.3182660702305533,-0.17707893106879904
0.2657602541814192,0.17489252784314982,-0.0743522052598723,0.29016309707613225,-0.08429008831752066,0.29951485323885063,0.31701335630425503,-0.2347832798645867,0.13060112876064325,-0.04787303135701699,0.18791443566195445,0.10565885980345216,0.08654744604558699,0.255777313152228,0.41436550286100504,0.06871269945677512,-0.15037064796809813,0.08486415349228293,-0.09916619310388167,0.042616722956258804,0.012702952570801972,0.13817424141958462,0.010695909594490575,-0.06010777472450027,0.11317705821792155,-0.00892782502644087,-0.036152699851047194,-0.343578505439939,-0.07000360857655517,-0.02011857756082304,-0.14384135889342306,0.02304783996323848,-0.11506752088342415,0.07408728296090952,-0.2279800143952848,0.17939479352972168,-0.17628712595272633,0.08725544127244629,0.15480856175004856,0.2624310017895646,0.022100734480744517,-0.30416921090381743,-0.1682577397709247,-0.0033793735039097487
8.52315698894378,-7.042791692490053,7.808148512532155,13.760291736751531,9.633490544366268,15.387854557483537,8.51252543508731,2.270947797924918,7.470503521534528,-2.7876925719325656,2.9608868245614706,6.182094937674392,-12.071345404683791,15.766733827268792,9.713950722430823,3.484001073929546,6.137993546412001,6.978528048995412,-12.601684451634178,-8.113800964477974,3.6479763249235906,11.031573233089524,5.115520863507319,12.64485261940154,1.804765540924474,7.6684710116201895,0.7811790583940099,1.1004398239525137,-1.9758754380848038,-8.127959863113537,5.479398482364193,-3.8288374314355367,-2.931855806252758,5.0162683353936215,6.116372900664881,11.989761098493695,-1.9808940439818634,1.2888409682611741,-3.6025099505104228,0.022100734480744517,8.459312330233658,-15.736686990838828,-5.73098821437904,0.3777381641497444
-16.189415176415125,12.922377996931292,-14.498442528083512,-25.934234645156582,-17.759714800085852,-28.98855193745835,-16.174386435766525,-3.8947031467423012,-13.96998245446264,5.219263371992241,-5.750831121946157,-11.536368187215459,22.50729616245764,-29.547169565998686,-18.514101576407423,-6.713180601349846,-11.217175094437385,-13.055029483448841,23.41947222611213,15.001628013003105,-6.684959560972878,-20.66583421179802,-9.447825234306105,-23.408976993518166,-3.417256288824601,-14.333073596891692,-1.5131908582064169,-1.7565628626000633,3.764320242355637,15.018974727268521,-9.916469339183974,7.183607297405477,5.591051480181857,-9.37245758827751,-10.968989402691523,-22.464635521257716,3.749382637037655,-2.5292193489242227,6.558224099546285,-0.30416921090381743,-15.736686990838828,29.675586517293397,10.733273854147832,-0.7370353970574078
-5.53946018473109,4.8349640970517855,-5.2436270982941595,-9.39381468425172,-7.076652466203082,-10.505446656497734,-6.0238980827576425,-1.9938176984081184,-5.559038987917464,1.7946654619778666,-1.945951976807826,-4.682216842801041,7.787775886904389,-11.429161117170358,-6.644790586321598,-1.7278001831342968,-4.305052275782419,-4.903690147998334,9.351401950144183,5.674676163727997,-2.9389252420005114,-7.647405660321851,-3.939662024498662,-9.065705784369225,-1.4482595958858697,-4.979983191530709,-0.22732612887406978,-0.26760742196049525,1.5101071424437689,6.230499171391384,-4.329816601128424,2.337024151708227,1.9299204937981018,-3.536212876780799,-5.125309988013632,-8.289303163799625,1.7900793984117336,-0.8820872593987618,2.3182660702305533,-0.1682577397709247,-5.73098821437904,10.733273854147832,4.480308624367517,-0.06953981214971228
0.5330980575726545,-0.24922099281665322,0.3445296603522217,0.6466645029905583,0.18549959840545963,0.7314796671151345,0.3561434764690628,-0.1280304505267434,0.17190024230237042,-0.17462925176205377,0.18582290728419507,0.10439498440095038,-0.6702808301458558,0.4766088014334986,0.5060525119899956,0.404286554509994,0.18283316086822105,0.2506331623850954,-0.2682273304401189,-0.28175063684166246,-0.009597907390794821,0.45132363038125434,0.04832645325984641,0.3560135983822692,0.01924208931714068,0.4224666240237367,0.14820474332730102,0.13355418869333308,-0.038148256622481724,-0.09270621862891522,-0.03229458723627335,-0.2547616810251806,-0.18125008311971771,0.19130826377712748,-0.15807703510891616,0.4999331720649743,0.0386587478221414,0.07901953953249856,-0.17707893106879904,-0.0033793735039097487,0.3777381641497444,-0.7370353970574078,-0.06953981214971228,0.09687922159882785
