V1,V2,V3,V4,V5,V6,V7,V8,V9,V10,V11,V12,V13,V14,V15,V16,V17,V18,V19,V20,V21,V22,V23,V24,V25,V26,V27,V28,V29,V30,V31,V32,V33,V34,V35,V36,V37,V38,V39,V40,V41,V42,V43,V44
78.84180773016156,-116.74069493403196,-23.339871033986736,-133.19730273447976,-28.177160113874855,-105.74557539899934,-88.63671868209973,3.0618377496327023,98.71637746375364,161.0791540632085,-32.88269583044091,43.93725672698357,75.92531894043896,13.53324459698148,-41.87358905793069,5.950505881220587,23.05427325390662,-43.78517973882449,-83.8771415145032,58.431133186092346,32.232422200227425,199.24339076178507,88.57649766735511,-60.330051974522775,-30.858944090243988,-12.602244773852405,-21.048788119269723,-5.857016711852131,30.4913923971174,-86.33544653911416,116.40682358128502,-31.279437151581156,18.896818594033068,6.127020906023747,61.652723938954956,92.8875798445984,-72.98721882186823,-46.619006096847166,-22.96014921141089,-72.43795280738149,55.53446093026686,60.20950576743015,-123.53201557224612,58.463573775739874
-116.74069493403196,174.11529200585872,34.79659654949841,197.34053523386126,42.434315403862186,156.9292584344208,131.9330192254939,-4.229997284613809,-147.0333982390977,-239.5349615584316,49.296534628933095,-64.20471800474803,-111.98489668932986,-20.349954749121704,62.59116686923754,-8.362683516601608,-34.5596616473099,64.66094053711909,125.03229024926497,-86.65946457848759,-47.167507785288734,-295.49929270161584,-131.44663325320735,89.7394501758971,45.912886203341834,18.248315550302603,31.44293093908548,8.698521725015919,-45.10162088405606,128.46290366515123,-172.1022109484904,46.829538487105026,-27.375210023042715,-9.008714425575581,-92.40386815450347,-137.3396087032878,107.8389960533697,69.49409026358373,33.92758647922392,106.45805394319032,-82.93863893898856,-88.90652212165482,183.44564173153827,-87.07197123284548
-23.339871033986736,34.79659654949841,7.308588730998539,39.55378550111909,8.42326649814347,31.025640709155294,26.629197429307666,-1.03879057862335,-29.542799067517954,-47.81398309362102,9.68678430167813,-12.930763486262624,-22.193719286711154,-4.013798434070887,12.259073418434133,-1.7363596039591105,-6.8874989521750845,12.844467721536223,24.916340040401856,-17.135738381686885,-9.525915738732905,-58.455843255776664,-26.19927057548426,17.84856568904304,8.919856316560244,3.782402350879246,6.2452024380771824,1.676865138746603,-9.146015370070062,25.5001506815633,-34.20758161875087,9.138397571994863,-5.630348203728582,-2.273680754965072,-18.35576251481727,-27.251062417490168,21.69964155072321,13.855243892133204,6.893131201367357,21.261573464369842,-16.56805783570339,-17.50374278059362,36.53857262205474,-17.356142594896582
-133.19730273447976,197.34053523386126,39.55378550111909,225.3863559825451,47.5962938527628,178.75441836465944,149.98680004736147,-5.02100860271072,-166.86531427631513,-272.2892303844767,55.74847781442471,-74.20207698125677,-128.34716632419898,-22.874233424701607,70.72893009574744,-10.148113476804108,-38.92040960478108,73.79780010599694,141.71307061731844,-98.52160258605544,-54.547069276263784,-336.4753272096836,-149.46916999713594,101.84274549517498,52.09114689593139,21.40932785711841,35.47782466557959,9.97113395944923,-51.50662792070946,145.76516967735608,-196.55855093980583,52.792523252393984,-32.068977148261176,-10.51842299864525,-104.13071352828665,-156.80595177418965,123.31624110096459,79.23342123819567,38.56479203177682,122.31867351694989,-93.77772491222613,-101.60034358383147,208.68635694318013,-98.57914779369489
-28.177160113874855,42.434315403862186,8.42326649814347,47.5962938527628,10.579937300356482,37.995248572035486,32.0195897266342,-0.9137670555226152,-35.7822411565297,-58.044089926401384,12.093715270314153,-15.124683148334483,-26.818109568191918,-5.050553899768851,15.395291892453805,-1.68210070100315,-8.35521898025622,15.608404646060325,30.584453319968112,-20.90539055890371,-11.13195221234731,-71.43613251027719,-31.891929891469225,21.91199880348512,11.086592890428864,4.228540661246892,7.749600638282767,2.0509099545662495,-10.97323102223705,31.212586838841197,-41.57291767590377,11.470406174581324,-6.501955975382433,-2.1068562727412106,-22.612067538143176,-33.12179666061118,25.89926142097573,16.83945634546675,8.238487023718937,25.53364480663742,-20.207038629252303,-21.403647046139486,44.43961347612352,-21.08785232378934
-105.74557539899934,156.9292584344208,31.025640709155294,178.75441836465944,37.995248572035486,142.42011926514397,118.84613178957248,-3.7352927275374355,-132.4592769123492,-216.4639213156586,44.5563982811368,-58.60704047212016,-102.03722265611258,-18.254423887109308,56.61639661655596,-7.884147358390023,-31.068378097747605,58.70546550552349,112.79131142950459,-78.56418178927935,-43.027649285794304,-268.0605189966097,-118.88895431192078,81.09112059528421,41.76956110746989,16.70467754228776,28.28396956275297,7.954649360599591,-40.692786000207505,116.1473458184358,-156.26529520474125,42.36017818327992,-25.027448862630948,-7.678857040191031,-83.12927674853862,-124.68263142175886,97.68569515563406,62.94163604345753,30.53463356043488,96.91088773168165,-74.62664311521272,-80.95244911522673,165.9351986203259,-78.54330060331951
-88.63671868209973,131.9330192254939,26.629197429307666,149.98680004736147,32.0195897266342,118.84613178957248,100.32395864508631,-3.3920829694250196,-111.64863172431947,-181.58592618119613,37.24166896963685,-48.98582082564201,-85.03855947693367,-15.320791598951253,47.21248902471852,-6.560073052119441,-26.056350259742544,49.08539050906608,94.64441098764802,-65.59261490127152,-36.038554888832856,-223.6502597027563,-99.60922209908566,67.94663419610326,34.5553758329174,14.172588646503657,23.760782979816298,6.647532609415313,-34.37413517151037,97.13387813210169,-130.57237307241104,35.29449571306111,-21.08528634451853,-7.316518356144011,-69.73050151537753,-104.11665367598962,81.97401753591305,52.83004450432271,25.716248730441734,81.01752323848629,-62.726043040299466,-67.36041869066632,139.01812628890028,-65.8400439158363
3.0618377496327023,-4.229997284613809,-1.03879057862335,-5.02100860271072,-0.9137670555226152,-3.7352927275374355,-3.3920829694250196,0.49272473187123134,3.83728050364839,5.887958778405428,-0.9560317776345523,1.8793532192881068,2.8511941316997733,0.35748296497928866,-1.382801853249742,0.3597884119738083,0.8175603225909213,-1.8367958414327836,-3.0282185170792544,2.2538173470359233,1.3658449959518995,7.097214425039796,3.4298314151799385,-2.2443086484590973,-0.9414694983718201,-0.6534349136621156,-0.7518107884487275,-0.14198802461691776,1.3235507970804434,-3.064350745009894,4.450285334109516,-1.0574365041606544,0.8314273236283901,0.5629717772391869,2.097698906528897,3.4480720838580163,-2.9023098134483507,-1.4583785664314948,-1.0412653046686324,-2.8914679453736647,1.9750698000736082,2.239900938492338,-4.485418636017563,2.2768640549304386
98.71637746375364,-147.0333982390977,-29.542799067517954,-166.86531427631513,-35.7822411565297,-132.4592769123492,-111.64863172431947,3.83728050364839,124.4622164182428,202.24043129578712,-41.527771695919505,54.35130599159722,94.65743974534332,17.052213542900038,-52.7992771856299,7.177372203011719,29.056219090930764,-54.815917694167005,-105.5720192844029,73.21239958768645,39.9734141795513,249.19149747277146,111.10002772504555,-75.83295072965146,-38.536037655082396,-15.678359705089632,-26.532908259730156,-7.3559858684258925,38.30793990329686,-108.2780803180872,145.5074467809457,-39.5191625266548,23.28886397732034,7.977381695813907,77.82071444260829,115.92847828171514,-91.16393769128797,-58.69927394418774,-28.681524085886423,-90.10592490821035,69.88919553484513,75.08952615910442,-154.80379126223872,73.48776811882935
161.0791540632085,-239.5349615584316,-47.81398309362102,-272.2892303844767,-58.044089926401384,-216.4639213156586,-181.58592618119613,5.887958778405428,202.24043129578712,330.14345768172063,-67.73915355826354,89.21915775463519,154.95991839520127,27.900696726447674,-85.99299738888388,11.961561487174638,47.60578471034597,-89.24995167885093,-171.9218498493706,119.61407998698783,65.46290680872733,407.89341906749746,181.14914498921968,-123.4866788130834,-63.456325118003626,-25.365276275299383,-43.17985045730858,-12.081229901297013,62.062139859293566,-177.04455424486483,237.57492272646937,-64.36049388787492,37.97418361626507,12.291648958305434,126.97460153393381,189.7384788210163,-149.00256780892806,-95.70581462357431,-46.747009841279855,-147.28882174419908,114.1230717416617,122.90223551379016,-252.94644528951022,119.96786987849708
-32.88269583044091,49.296534628933095,9.68678430167813,55.74847781442471,12.093715270314153,44.5563982811368,37.24166896963685,-0.9560317776345523,-41.527771695919505,-67.73915355826354,14.216568637406972,-17.86151905988444,-31.67700043817305,-5.788950933107005,17.905702622551058,-2.2985629177927023,-9.77954785644815,18.18270719536876,35.41343649482969,-24.452456079770357,-13.184230428712617,-83.59122047932586,-37.03284403494304,25.380019045718097,13.100387796011344,5.083237202258898,8.873171794111611,2.531392835003196,-12.626579206418585,36.331211772975145,-48.53492029677339,13.412900767838066,-7.587826119738617,-2.3134040530606357,-26.24097742551802,-38.68022129212841,30.235730207356774,19.95257241308473,9.326048416008009,29.833912173451438,-23.407774808278745,-25.116454930163776,51.781394130497745,-24.51707161800669
43.93725672698357,-64.20471800474803,-12.930763486262624,-74.20207698125677,-15.124683148334483,-58.60704047212016,-48.98582082564201,1.8793532192881068,54.35130599159722,89.21915775463519,-17.86151905988444,25.27107544151337,42.68430489995851,7.336650943723081,-22.75799613238255,3.7662878181103356,12.664558418007411,-24.435406450106477,-46.01314991519553,32.496365068943,18.440810706314235,110.84155781524383,49.086570923745676,-33.21179584059858,-17.12701942048922,-7.32265855548706,-11.515355271468383,-3.329817328668157,16.92205047736407,-47.73787440062991,64.93828943796767,-16.9770600771927,10.91046041228991,3.5279708433746295,33.60128465030731,51.986542495773634,-40.969453983669986,-25.659033867611647,-12.820792330594099,-40.9271444743544,30.563538002246386,33.710268025350544,-68.58733014564417,32.28851353918761
75.92531894043896,-111.98489668932986,-22.193719286711154,-128.34716632419898,-26.818109568191918,-102.03722265611258,-85.03855947693367,2.8511941316997733,94.65743974534332,154.95991839520127,-31.67700043817305,42.68430489995851,73.65788398378069,12.877903915243495,-40.24499741079124,6.053018784376156,22.10796444676011,-42.27708845799568,-80.38225730804884,56.395693699499404,31.27674740342925,192.22184986327733,85.13939065613789,-57.92273427378965,-29.91025653270247,-12.32211077214305,-20.12757988223789,-5.817105326331603,29.190699913341277,-83.02150382394426,112.29379711635832,-30.118767967733664,18.24978111228289,5.63119931820865,59.00444509462525,89.64522742659676,-70.31063365569098,-45.00161719410131,-21.83530352088854,-70.02714897755598,53.172279571991375,58.28724813772452,-118.83953497528098,56.11140113736857
13.53324459698148,-20.349954749121704,-4.013798434070887,-22.874233424701607,-5.050553899768851,-18.254423887109308,-15.320791598951253,0.35748296497928866,17.052213542900038,27.900696726447674,-5.788950933107005,7.336650943723081,12.877903915243495,2.5003326349143773,-7.325445659844058,0.8121050387190408,4.043643978732244,-7.39767437437591,-14.661027741796998,9.99732139899343,5.384420016443679,34.47495175123129,15.277575071485133,-10.469448571870618,-5.38186545569884,-1.9754743630333347,-3.712689369258789,-0.980916650157624,5.217317062292592,-15.04828484362458,19.953168541331,-5.425459906126113,3.181230528217905,0.9428766273600632,10.874759109215006,16.010737466594133,-12.499705827879959,-8.08513036534763,-3.9929834390714953,-12.326304570095777,9.776367365327301,10.30067580818434,-21.46019499006275,10.114148114622868
-41.87358905793069,62.59116686923754,12.259073418434133,70.72893009574744,15.395291892453805,56.61639661655596,47.21248902471852,-1.382801853249742,-52.7992771856299,-85.99299738888388,17.905702622551058,-22.75799613238255,-40.24499741079124,-7.325445659844058,22.81921621049945,-2.808341012156635,-12.36720871598463,23.31464040673732,45.10538065773391,-31.204406211922393,-16.726545775523558,-106.35233885279212,-47.28937527246765,32.409716213195814,16.61335977876131,6.421476622623115,11.360713169763105,3.1194260125019144,-16.160865598547566,46.24751910435407,-61.943894399619126,17.084994908076382,-9.662580021978266,-2.8742284393254782,-33.326170385458866,-49.30251185629087,38.49444378612371,25.017241530689457,12.089465863007453,38.1103502147589,-29.72367449587961,-32.04030816214487,65.83787851640821,-31.261726567362263
5.950505881220587,-8.362683516601608,-1.7363596039591105,-10.148113476804108,-1.68210070100315,-7.884147358390023,-6.560073052119441,0.3597884119738083,7.177372203011719,11.961561487174638,-2.2985629177927023,3.7662878181103356,6.053018784376156,0.8121050387190408,-2.808341012156635,1.0001885034941125,1.784127542332021,-3.314104632851757,-5.756944808667984,4.507642715692878,2.7586135257240216,14.896236458338242,6.445012020487602,-4.189575692752957,-2.3542899111393556,-1.240623431666385,-1.3566791373344285,-0.5925351804569832,2.1367785649468587,-6.217075931619551,8.680669551291768,-2.238412035008365,1.4467010047724098,0.5951018043872244,4.316955150867401,6.98585798866576,-5.627845284813692,-3.576410650046343,-1.5540874594402894,-5.572817802892453,3.967455539306603,4.620354768708869,-9.113629056164859,4.377675156842685
23.05427325390662,-34.5596616473099,-6.8874989521750845,-38.92040960478108,-8.35521898025622,-31.068378097747605,-26.056350259742544,0.8175603225909213,29.056219090930764,47.60578471034597,-9.77954785644815,12.664558418007411,22.10796444676011,4.043643978732244,-12.36720871598463,1.784127542332021,7.1498329552515365,-12.698443085748808,-24.68004273830774,17.32868262495935,9.257817720088786,58.74534034700886,26.006957974722706,-17.669213333219393,-9.304958502776548,-3.453446672151614,-6.19155198113588,-1.7372288793785267,8.7049498811996,-25.611353437009246,33.83163522773571,-9.386078409929247,5.063212119962773,1.6298059726148106,18.624556506095583,27.12864616236504,-21.34046545460647,-13.696167962804722,-6.711392633208451,-20.732839240251256,16.63590877553712,17.556021860417857,-36.39902456690639,17.56447517688433
-43.78517973882449,64.66094053711909,12.844467721536223,73.79780010599694,15.608404646060325,58.70546550552349,49.08539050906608,-1.8367958414327836,-54.815917694167005,-89.24995167885093,18.18270719536876,-24.435406450106477,-42.27708845799568,-7.39767437437591,23.31464040673732,-3.314104632851757,-12.698443085748808,24.563386081684182,46.502781373053296,-32.59693365956735,-17.874237902684776,-110.57057365885531,-49.269551033709774,33.5701554952388,17.108679241024397,7.082309509008357,11.71563452485195,3.2865131846019477,-16.97976215690325,47.85810031936378,-64.80636283737253,17.469085545252593,-10.428065187764863,-3.341393087037491,-34.07495484387791,-51.59897727335239,40.45810767087858,25.690170081104615,12.745958788611851,40.334268944081415,-30.661228864754055,-33.57437989831093,68.44112836890308,-32.45542264408431
-83.8771415145032,125.03229024926497,24.916340040401856,141.71307061731844,30.584453319968112,112.79131142950459,94.64441098764802,-3.0282185170792544,-105.5720192844029,-171.9218498493706,35.41343649482969,-46.01314991519553,-80.38225730804884,-14.661027741796998,45.10538065773391,-5.756944808667984,-24.68004273830774,46.502781373053296,90.02605238837167,-62.15495403780778,-33.81176506989561,-212.28941271888965,-94.52982465394847,64.63146201477997,32.92471372040169,13.018850998352633,22.651117871883677,6.111271486561927,-32.52602077221901,92.3275473912826,-123.82893910817047,33.63352191346062,-19.817075291942494,-6.3357404895264535,-66.33071680637212,-98.71013666739755,77.43330872574425,49.80984890065591,24.49637603059795,76.60622473465213,-59.504079843917204,-63.901297461874364,131.75514734231598,-62.44038266089382
58.431133186092346,-86.65946457848759,-17.135738381686885,-98.52160258605544,-20.90539055890371,-78.56418178927935,-65.59261490127152,2.2538173470359233,73.21239958768645,119.61407998698783,-24.452456079770357,32.496365068943,56.395693699499404,9.99732139899343,-31.204406211922393,4.507642715692878,17.32868262495935,-32.59693365956735,-62.15495403780778,43.70423251656637,23.745614350358856,148.19618138697334,65.78879340519866,-44.768557699001725,-23.16455763376305,-9.225624030529165,-15.646058469190903,-4.44631703744088,22.394369580111004,-64.22744630558162,86.29932520334785,-23.506172124138864,13.530545774921745,4.228240818808958,46.02056346975192,68.91722710959145,-54.00798546037227,-34.455012057342245,-16.961135328822095,-53.46361336956829,41.30936907772847,44.80278955330827,-91.67937356249023,43.694401126202735
32.232422200227425,-47.167507785288734,-9.525915738732905,-54.547069276263784,-11.13195221234731,-43.027649285794304,-36.038554888832856,1.3658449959518995,39.9734141795513,65.46290680872733,-13.184230428712617,18.440810706314235,31.27674740342925,5.384420016443679,-16.726545775523558,2.7586135257240216,9.257817720088786,-17.874237902684776,-33.81176506989561,23.745614350358856,13.546455023120785,81.13435073590244,35.966389609551015,-24.358761047867553,-12.4845813735499,-5.41524088680931,-8.411024141566878,-2.419991687165976,12.471783949138924,-34.92945633655949,47.57936696673529,-12.449923443920772,8.079967352105976,2.6927501813004464,24.63315734356251,38.02509504839563,-29.99885458301528,-19.000133338894347,-9.327807229719825,-29.956691622558484,22.397415729385308,24.65384189626989,-50.25532970987645,23.61961061759126
199.24339076178507,-295.49929270161584,-58.455843255776664,-336.4753272096836,-71.43613251027719,-268.0605189966097,-223.6502597027563,7.097214425039796,249.19149747277146,407.89341906749746,-83.59122047932586,110.84155781524383,192.22184986327733,34.47495175123129,-106.35233885279212,14.896236458338242,58.74534034700886,-110.57057365885531,-212.28941271888965,148.19618138697334,81.13435073590244,505.56891544653115,224.0753265702331,-152.66375827951293,-78.90665864661649,-31.261334946179463,-53.35626084417641,-14.960203548671654,76.50023817205849,-219.12345915439042,294.3924576630107,-79.58889600400491,47.046499101674726,14.30590444226621,156.68858969655614,235.3029822191067,-184.36039654119196,-117.95681046847228,-57.88260754310106,-182.7731508807665,140.87833781445116,152.63028082688015,-312.93765796162415,148.26391428000755
88.57649766735511,-131.44663325320735,-26.19927057548426,-149.46916999713594,-31.891929891469225,-118.88895431192078,-99.60922209908566,3.4298314151799385,111.10002772504555,181.14914498921968,-37.03284403494304,49.086570923745676,85.13939065613789,15.277575071485133,-47.28937527246765,6.445012020487602,26.006957974722706,-49.269551033709774,-94.52982465394847,65.78879340519866,35.966389609551015,224.0753265702331,99.72631237782781,-67.99888476995443,-34.760828250269384,-13.952308415165975,-23.788574161271026,-6.516909888164202,34.2656026748501,-97.25097619593635,130.82253893864225,-35.3551504660015,20.977249855142055,6.7128211156411055,69.60819482133181,104.35933119148766,-81.90444272981843,-52.23733337520041,-25.90967415039596,-81.18888720669023,62.5813502368598,67.6514954968428,-138.91618402895247,65.9153436599861
-60.330051974522775,89.7394501758971,17.84856568904304,101.84274549517498,21.91199880348512,81.09112059528421,67.94663419610326,-2.2443086484590973,-75.83295072965146,-123.4866788130834,25.380019045718097,-33.21179584059858,-57.92273427378965,-10.469448571870618,32.409716213195814,-4.189575692752957,-17.669213333219393,33.5701554952388,64.63146201477997,-44.768557699001725,-24.358761047867553,-152.66375827951293,-67.99888476995443,46.480094694277874,23.67076608904654,9.437493457751433,16.286211501682846,4.423756522932102,-23.402458014479677,66.33398204643555,-89.17400917641584,24.18759948549354,-14.269925247360579,-4.516787587521972,-47.5407123920618,-71.04749897837927,55.69833532410387,35.697197205105994,17.626569010443013,55.23835895777162,-42.66174883570925,-46.05758579049704,94.67044175734678,-44.85584565616051
-30.858944090243988,45.912886203341834,8.919856316560244,52.09114689593139,11.086592890428864,41.76956110746989,34.5553758329174,-0.9414694983718201,-38.536037655082396,-63.456325118003626,13.100387796011344,-17.12701942048922,-29.91025653270247,-5.38186545569884,16.61335977876131,-2.3542899111393556,-9.304958502776548,17.108679241024397,32.92471372040169,-23.16455763376305,-12.4845813735499,-78.90665864661649,-34.760828250269384,23.67076608904654,12.524609716315359,4.693453611734357,8.280093307700342,2.385350151840367,-11.642589151608492,34.21453432751824,-45.61573904528173,12.525566478366171,-6.997348391664249,-1.8798593268993198,-24.569345206403714,-36.56045517783005,28.532750845465344,18.340478155067736,8.88459372320442,28.147388001404313,-21.979175086726457,-23.770848686332155,48.6643316484806,-23.183372713731526
-12.602244773852405,18.248315550302603,3.782402350879246,21.40932785711841,4.228540661246892,16.70467754228776,14.172588646503657,-0.6534349136621156,-15.678359705089632,-25.365276275299383,5.083237202258898,-7.32265855548706,-12.32211077214305,-1.9754743630333347,6.421476622623115,-1.240623431666385,-3.453446672151614,7.082309509008357,13.018850998352633,-9.225624030529165,-5.41524088680931,-31.261334946179463,-13.952308415165975,9.437493457751433,4.693453611734357,2.3877006067986155,3.2198041484865274,1.0332998244898233,-4.960925576044414,13.347889808843858,-18.615611662144126,4.803929935183352,-3.2978086851624613,-1.3125342022579367,-9.314742863125126,-14.742638591062486,11.708024154032175,7.52710974523158,3.5332899602403223,11.846728654795575,-8.508106526944426,-9.6227028073779,19.418104379688447,-9.030326512258238
-21.048788119269723,31.44293093908548,6.2452024380771824,35.47782466557959,7.749600638282767,28.28396956275297,23.760782979816298,-0.7518107884487275,-26.532908259730156,-43.17985045730858,8.873171794111611,-11.515355271468383,-20.12757988223789,-3.712689369258789,11.360713169763105,-1.3566791373344285,-6.19155198113588,11.71563452485195,22.651117871883677,-15.646058469190903,-8.411024141566878,-53.35626084417641,-23.788574161271026,16.286211501682846,8.280093307700342,3.2198041484865274,5.758218369548998,1.5508971769122188,-8.170304136574691,23.245973713035916,-31.11841368895752,8.473953173073589,-4.917139007613291,-1.5555976097486164,-16.702159226620928,-24.833871703233317,19.427610524021457,12.40217929690958,6.207419148555506,19.24924818274677,-14.987741854964707,-16.065125830962653,33.13676024406968,-15.705683907692713
-5.857016711852131,8.698521725015919,1.676865138746603,9.97113395944923,2.0509099545662495,7.954649360599591,6.647532609415313,-0.14198802461691776,-7.3559858684258925,-12.081229901297013,2.531392835003196,-3.329817328668157,-5.817105326331603,-0.980916650157624,3.1194260125019144,-0.5925351804569832,-1.7372288793785267,3.2865131846019477,6.111271486561927,-4.44631703744088,-2.419991687165976,-14.960203548671654,-6.516909888164202,4.423756522932102,2.385350151840367,1.0332998244898233,1.5508971769122188,0.6211566707730588,-2.1637107439174685,6.401045625337295,-8.662053852378437,2.4102208418431705,-1.3039894124649811,-0.4300679696509785,-4.573472259615836,-6.9521097097716735,5.401342447114112,3.640627406390132,1.5281858979544236,5.398240090752107,-4.102333749051994,-4.571063981221291,9.230544052944646,-4.32122935447278
30.4913923971174,-45.10162088405606,-9.146015370070062,-51.50662792070946,-10.97323102223705,-40.692786000207505,-34.37413517151037,1.3235507970804434,38.30793990329686,62.062139859293566,-12.626579206418585,16.92205047736407,29.190699913341277,5.217317062292592,-16.160865598547566,2.1367785649468587,8.7049498811996,-16.97976215690325,-32.52602077221901,22.394369580111004,12.471783949138924,76.50023817205849,34.2656026748501,-23.402458014479677,-11.642589151608492,-4.960925576044414,-8.170304136574691,-2.1637107439174685,12.036236303432576,-33.18226746988845,45.03643817861764,-11.957146728652425,7.565096006714923,2.6480914056909395,23.614149070931127,35.79870501187673,-28.20226529027338,-17.944802471765414,-8.970304738948721,-28.129967947498233,21.349522339342606,23.156402902251674,-47.59625883271043,22.411455107344832
-86.33544653911416,128.46290366515123,25.5001506815633,145.76516967735608,31.212586838841197,116.1473458184358,97.13387813210169,-3.064350745009894,-108.2780803180872,-177.04455424486483,36.331211772975145,-47.73787440062991,-83.02150382394426,-15.04828484362458,46.24751910435407,-6.217075931619551,-25.611353437009246,47.85810031936378,92.3275473912826,-64.22744630558162,-34.92945633655949,-219.12345915439042,-97.25097619593635,66.33398204643555,34.21453432751824,13.347889808843858,23.245973713035916,6.401045625337295,-33.18226746988845,95.21124405882213,-127.46621162726863,34.60555108111519,-20.19220828332548,-6.2211657116843595,-68.30703995691478,-101.86655040956451,79.86976181605334,51.08616671219269,25.209732100943782,78.91997046291434,-61.31417083561816,-65.9818302122166,135.76480967394738,-64.46894929735869
116.40682358128502,-172.1022109484904,-34.20758161875087,-196.55855093980583,-41.57291767590377,-156.26529520474125,-130.57237307241104,4.450285334109516,145.5074467809457,237.57492272646937,-48.53492029677339,64.93828943796767,112.29379711635832,19.953168541331,-61.943894399619126,8.680669551291768,33.83163522773571,-64.80636283737253,-123.82893910817047,86.29932520334785,47.57936696673529,294.3924576630107,130.82253893864225,-89.17400917641584,-45.61573904528173,-18.615611662144126,-31.11841368895752,-8.662053852378437,45.03643817861764,-127.46621162726863,172.19066672758197,-46.222151824859395,28.004079898241727,8.751258392218858,90.80831345084191,137.32802651722437,-107.71090251529779,-68.72015866125908,-33.89774183704745,-107.24465487102755,81.77012129415964,89.12509923129056,-182.33350437090297,86.12211499720334
-31.279437151581156,46.829538487105026,9.138397571994863,52.792523252393984,11.470406174581324,42.36017818327992,35.29449571306111,-1.0574365041606544,-39.5191625266548,-64.36049388787492,13.412900767838066,-16.9770600771927,-30.118767967733664,-5.425459906126113,17.084994908076382,-2.238412035008365,-9.386078409929247,17.469085545252593,33.63352191346062,-23.506172124138864,-12.449923443920772,-79.58889600400491,-35.3551504660015,24.18759948549354,12.525566478366171,4.803929935183352,8.473953173073589,2.4102208418431705,-11.957146728652425,34.60555108111519,-46.222151824859395,12.927887076754256,-6.960743571406793,-2.0894296545408713,-25.063799085139244,-36.78814839973256,28.718602482253555,18.719481840346376,8.96776284134328,28.306587184439213,-22.266387389344146,-23.976006262173637,49.20713429717723,-23.54703271369754
18.896818594033068,-27.375210023042715,-5.630348203728582,-32.068977148261176,-6.501955975382433,-25.027448862630948,-21.08528634451853,0.8314273236283901,23.28886397732034,37.97418361626507,-7.587826119738617,10.91046041228991,18.24978111228289,3.181230528217905,-9.662580021978266,1.4467010047724098,5.063212119962773,-10.428065187764863,-19.817075291942494,13.530545774921745,8.079967352105976,47.046499101674726,20.977249855142055,-14.269925247360579,-6.997348391664249,-3.2978086851624613,-4.917139007613291,-1.3039894124649811,7.565096006714923,-20.19220828332548,28.004079898241727,-6.960743571406793,5.288973929036536,1.8075111807491366,13.965536038790834,22.306338710550374,-17.640056767011274,-11.101345238332064,-5.563173701367712,-17.948674800893926,12.880625342421752,14.372749152123417,-29.293301038507217,13.388567593653534
6.127020906023747,-9.008714425575581,-2.273680754965072,-10.51842299864525,-2.1068562727412106,-7.678857040191031,-7.316518356144011,0.5629717772391869,7.977381695813907,12.291648958305434,-2.3134040530606357,3.5279708433746295,5.63119931820865,0.9428766273600632,-2.8742284393254782,0.5951018043872244,1.6298059726148106,-3.341393087037491,-6.3357404895264535,4.228240818808958,2.6927501813004464,14.30590444226621,6.7128211156411055,-4.516787587521972,-1.8798593268993198,-1.3125342022579367,-1.5555976097486164,-0.4300679696509785,2.6480914056909395,-6.2211657116843595,8.751258392218858,-2.0894296545408713,1.8075111807491366,1.322026978210684,4.422165967149436,6.872179965507795,-5.780472559238595,-3.652105022205132,-1.8358134143052343,-5.674391422233335,4.1826590552544625,4.302743471381696,-9.293767219872883,4.327052909204536
61.652723938954956,-92.40386815450347,-18.35576251481727,-104.13071352828665,-22.612067538143176,-83.12927674853862,-69.73050151537753,2.097698906528897,77.82071444260829,126.97460153393381,-26.24097742551802,33.60128465030731,59.00444509462525,10.874759109215006,-33.326170385458866,4.316955150867401,18.624556506095583,-34.07495484387791,-66.33071680637212,46.02056346975192,24.63315734356251,156.68858969655614,69.60819482133181,-47.5407123920618,-24.569345206403714,-9.314742863125126,-16.702159226620928,-4.573472259615836,23.614149070931127,-68.30703995691478,90.80831345084191,-25.063799085139244,13.965536038790834,4.422165967149436,49.49148165601525,72.53791948515405,-56.89565423629805,-36.736821557360265,-17.980713921409645,-55.78923424771007,44.19637817540854,46.95022276870358,-97.20087692014228,46.45331341508653
92.8875798445984,-137.3396087032878,-27.251062417490168,-156.80595177418965,-33.12179666061118,-124.68263142175886,-104.11665367598962,3.4480720838580163,115.92847828171514,189.7384788210163,-38.68022129212841,51.986542495773634,89.64522742659676,16.010737466594133,-49.30251185629087,6.98585798866576,27.12864616236504,-51.59897727335239,-98.71013666739755,68.91722710959145,38.02509504839563,235.3029822191067,104.35933119148766,-71.04749897837927,-36.56045517783005,-14.742638591062486,-24.833871703233317,-6.9521097097716735,35.79870501187673,-101.86655040956451,137.32802651722437,-36.78814839973256,22.306338710550374,6.872179965507795,72.53791948515405,109.79655274413012,-86.06386299854947,-54.742870404081316,-27.092383343583876,-85.61588713472503,65.43576792352961,71.18013343619388,-145.7190064469741,68.82580240119799
-72.98721882186823,107.8389960533697,21.69964155072321,123.31624110096459,25.89926142097573,97.68569515563406,81.97401753591305,-2.9023098134483507,-91.16393769128797,-149.00256780892806,30.235730207356774,-40.969453983669986,-70.31063365569098,-12.499705827879959,38.49444378612371,-5.627845284813692,-21.34046545460647,40.45810767087858,77.43330872574425,-54.00798546037227,-29.99885458301528,-184.36039654119196,-81.90444272981843,55.69833532410387,28.532750845465344,11.708024154032175,19.427610524021457,5.401342447114112,-28.20226529027338,79.86976181605334,-107.71090251529779,28.718602482253555,-17.640056767011274,-5.780472559238595,-56.89565423629805,-86.06386299854947,67.76378628590805,42.98928255439155,21.361593707029954,67.21680263793486,-51.37667208170047,-55.69734419608017,114.33788435703202,-54.06930275909896
-46.619006096847166,69.49409026358373,13.855243892133204,79.23342123819567,16.83945634546675,62.94163604345753,52.83004450432271,-1.4583785664314948,-58.69927394418774,-95.70581462357431,19.95257241308473,-25.659033867611647,-45.00161719410131,-8.08513036534763,25.017241530689457,-3.576410650046343,-13.696167962804722,25.690170081104615,49.80984890065591,-34.455012057342245,-19.000133338894347,-117.95681046847228,-52.23733337520041,35.697197205105994,18.340478155067736,7.52710974523158,12.40217929690958,3.640627406390132,-17.944802471765414,51.08616671219269,-68.72015866125908,18.719481840346376,-11.101345238332064,-3.652105022205132,-36.736821557360265,-54.742870404081316,42.98928255439155,28.424772597283134,13.15118763369371,42.53967359306612,-32.91777900376489,-35.51746674366027,73.1762209145661,-34.45721349448978
-22.96014921141089,33.92758647922392,6.893131201367357,38.56479203177682,8.238487023718937,30.53463356043488,25.716248730441734,-1.0412653046686324,-28.681524085886423,-46.747009841279855,9.326048416008009,-12.820792330594099,-21.83530352088854,-3.9929834390714953,12.089465863007453,-1.5540874594402894,-6.711392633208451,12.745958788611851,24.49637603059795,-16.961135328822095,-9.327807229719825,-57.88260754310106,-25.90967415039596,17.626569010443013,8.88459372320442,3.5332899602403223,6.207419148555506,1.5281858979544236,-8.970304738948721,25.209732100943782,-33.89774183704745,8.96776284134328,-5.563173701367712,-1.8358134143052343,-17.980713921409645,-27.092383343583876,21.361593707029954,13.15118763369371,7.035576081114189,21.166256776788902,-16.267490960668056,-17.443273739155483,36.00325306810254,-17.118794788787184
-72.43795280738149,106.45805394319032,21.261573464369842,122.31867351694989,25.53364480663742,96.91088773168165,81.01752323848629,-2.8914679453736647,-90.10592490821035,-147.28882174419908,29.833912173451438,-40.9271444743544,-70.02714897755598,-12.326304570095777,38.1103502147589,-5.572817802892453,-20.732839240251256,40.334268944081415,76.60622473465213,-53.46361336956829,-29.956691622558484,-182.7731508807665,-81.18888720669023,55.23835895777162,28.147388001404313,11.846728654795575,19.24924818274677,5.398240090752107,-28.129967947498233,78.91997046291434,-107.24465487102755,28.306587184439213,-17.948674800893926,-5.674391422233335,-55.78923424771007,-85.61588713472503,67.21680263793486,42.53967359306612,21.166256776788902,67.30584592882954,-50.539024452954436,-55.52167226129473,113.24924164541959,-53.163473944240806
55.53446093026686,-82.93863893898856,-16.56805783570339,-93.77772491222613,-20.207038629252303,-74.62664311521272,-62.726043040299466,1.9750698000736082,69.88919553484513,114.1230717416617,-23.407774808278745,30.563538002246386,53.172279571991375,9.776367365327301,-29.72367449587961,3.967455539306603,16.63590877553712,-30.661228864754055,-59.504079843917204,41.30936907772847,22.397415729385308,140.87833781445116,62.5813502368598,-42.66174883570925,-21.979175086726457,-8.508106526944426,-14.987741854964707,-4.102333749051994,21.349522339342606,-61.31417083561816,81.77012129415964,-22.266387389344146,12.880625342421752,4.1826590552544625,44.19637817540854,65.43576792352961,-51.37667208170047,-32.91777900376489,-16.267490960668056,-50.539024452954436,39.7080008968791,42.28376903265731,-87.47512514890755,41.64900438673464
60.20950576743015,-88.90652212165482,-17.50374278059362,-101.60034358383147,-21.403647046139486,-80.95244911522673,-67.36041869066632,2.239900938492338,75.08952615910442,122.90223551379016,-25.116454930163776,33.710268025350544,58.28724813772452,10.30067580818434,-32.04030816214487,4.620354768708869,17.556021860417857,-33.57437989831093,-63.901297461874364,44.80278955330827,24.65384189626989,152.63028082688015,67.6514954968428,-46.05758579049704,-23.770848686332155,-9.6227028073779,-16.065125830962653,-4.571063981221291,23.156402902251674,-65.9818302122166,89.12509923129056,-23.976006262173637,14.372749152123417,4.302743471381696,46.95022276870358,71.18013343619388,-55.69734419608017,-35.51746674366027,-17.443273739155483,-55.52167226129473,42.28376903265731,46.28409700416357,-94.36817540173635,44.60559636770782
-123.53201557224612,183.44564173153827,36.53857262205474,208.68635694318013,44.43961347612352,165.9351986203259,139.01812628890028,-4.485418636017563,-154.80379126223872,-252.94644528951022,51.781394130497745,-68.58733014564417,-118.83953497528098,-21.46019499006275,65.83787851640821,-9.113629056164859,-36.39902456690639,68.44112836890308,131.75514734231598,-91.67937356249023,-50.25532970987645,-312.93765796162415,-138.91618402895247,94.67044175734678,48.6643316484806,19.418104379688447,33.13676024406968,9.230544052944646,-47.59625883271043,135.76480967394738,-182.33350437090297,49.20713429717723,-29.293301038507217,-9.293767219872883,-97.20087692014228,-145.7190064469741,114.33788435703202,73.1762209145661,36.00325306810254,113.24924164541959,-87.47512514890755,-94.36817540173635,194.05440950816651,-91.88563669994636
58.463573775739874,-87.07197123284548,-17.356142594896582,-98.57914779369489,-21.08785232378934,-78.54330060331951,-65.8400439158363,2.2768640549304386,73.48776811882935,119.96786987849708,-24.51707161800669,32.28851353918761,56.11140113736857,10.114148114622868,-31.261726567362263,4.377675156842685,17.56447517688433,-32.45542264408431,-62.44038266089382,43.694401126202735,23.61961061759126,148.26391428000755,65.9153436599861,-44.85584565616051,-23.183372713731526,-9.030326512258238,-15.705683907692713,-4.32122935447278,22.411455107344832,-64.46894929735869,86.12211499720334,-23.54703271369754,13.388567593653534,4.327052909204536,46.45331341508653,68.82580240119799,-54.06930275909896,-34.45721349448978,-17.118794788787184,-53.163473944240806,41.64900438673464,44.60559636770782,-91.88563669994636,43.990948882737705
