V1,V2,V3,V4,V5,V6,V7,V8,V9,V10,V11,V12,V13,V14,V15,V16,V17,V18,V19,V20,V21,V22,V23,V24,V25,V26,V27,V28,V29,V30,V31,V32,V33,V34,V35,V36,V37,V38,V39,V40,V41,V42,V43,V44
5.6173546458976125,-1.9405577370162412,-0.8911078130561386,0.7801884199125553,3.1601810504712042,-6.676862136708796,3.793564141249015,2.9297093379685353,-0.1301678838399298,0.9224242532299355,-11.857866809103864,-5.978265329168116,-0.12374839856215132,-2.7888448685090452,-5.854669705001344,-3.3336158641754765,-1.815767548054639,-3.076925654608453,-13.917324881312949,-8.260979340189726,-5.950359174071548,-3.5691719721038355,6.900006490659278,7.892743319187248,5.813581474485966,-2.1323173379752585,0.5227442269511896,-5.071203719951328,-0.8851071322364951,-2.744423590867227,2.6481367392026867,5.266143518228215,3.5288556034311487,1.2417524626733534,7.105866362128456,7.331280004792003,2.0067634284037292,-3.0473382350446587,0.4474285082663628,-2.001427202772972,-1.5258598724149923,0.38267078121397174,-1.4758207463411848,3.705752504435589
-1.9405577370162412,0.7336813276819412,0.2475619202110578,-0.2870208606856467,-1.1193208914063977,2.482403309989085,-1.3896749218823117,-1.019297107864534,0.06642319914890572,-0.31651510914123065,4.300762683207842,2.274585785127508,0.009438211708569826,1.0267616679688383,2.126428379863671,1.2938598186835328,0.7246993772592794,1.0589333988374794,4.968276209230562,2.9396241699433046,2.1770535836619618,1.2655994376595838,-2.47438441027497,-2.8455058742042088,-2.149975181421231,0.8140104032404937,-0.216999923547095,1.8897497498848383,0.303593860389222,1.0847475184615354,-0.8951042695876271,-1.9640696615495015,-1.2424581185586758,-0.5084976650276606,-2.6005117352193365,-2.699127289888039,-0.8429781619419316,1.1287131854718226,-0.223028755579151,0.7136517868248229,0.5911826422254541,-0.02696527267416774,0.5603806201010881,-1.3282723572314066
-0.8911078130561386,0.2475619202110578,0.6423893037877839,0.055962099336374554,-0.29931123282231253,0.24657723131873982,-0.3457662575030521,-0.2181453918238076,0.049202065733182136,-0.6036552927466754,0.7594984774775857,-0.359130122909298,0.19477490623952168,0.34436074161367264,0.15291736577834103,-0.5585721244312575,-0.2748267155400449,0.5358482878997057,0.6617262978986603,0.14846613946404447,-0.19761696170229004,0.12596450699750864,-0.4583480521177602,-0.5669223893694382,-0.003819161670984997,-0.06442737656344466,0.10403141717305492,-0.07462222492239498,-0.036752542056432976,-0.9549405075175145,-0.4701320302499926,-0.12249159718825885,-0.687232340628341,0.8977803944182983,0.16640604909509407,-0.39162848034600295,0.4494807672459042,-0.19501164790272418,-0.3208692322764334,0.21554026443573654,-0.47355671742565714,-0.41824780432397074,0.6221903908119443,-0.3749416215775584
0.7801884199125553,-0.2870208606856467,0.055962099336374554,0.30006413334376786,0.544736163012416,-1.0303756998458369,0.5578270828557366,0.27780933628498805,-0.13703940621291366,0.033072021475516515,-1.9003049534936232,-1.1141808585895243,0.007960440498447508,-0.43521041550961453,-0.9595337033210549,-0.7307400923619014,-0.5612257119532521,-0.438283161877089,-2.305046076283834,-1.346116035119671,-1.0005511531683182,-0.5721264159028125,1.1719921581848467,1.1463657102606994,1.0249196499691875,-0.27509569466521183,0.10585869895452339,-0.9368757411884233,-0.18654345023242314,-0.7858933509694579,0.3554334440451777,0.9110570442846794,0.4589740183057824,0.24090758468793366,1.3025415380022831,1.191582582216653,0.46545359443643297,-0.6413639977355537,-0.06926190421349698,-0.22826123702010653,-0.5326906146836903,-0.08514630546573693,-0.0415082494238888,0.5255931870983969
3.1601810504712042,-1.1193208914063977,-0.29931123282231253,0.544736163012416,1.8755770198007258,-4.025657477408951,2.2202686682786648,1.675356018300302,-0.08921792499906363,0.35845077888971755,-7.079832405559802,-3.8240332590929698,-0.013125981537327452,-1.6120458341596082,-3.575509039207521,-2.280559775520806,-1.2880526989311079,-1.7251495295926473,-8.403020555620541,-5.030982282580582,-3.742486936079186,-2.163194384208278,4.137665007757538,4.664952547214347,3.6117771064883617,-1.3181558711695613,0.3600785465694116,-3.1856742464408443,-0.563722589722677,-2.080304364878761,1.4670068975648227,3.221269476645556,1.9351881762455863,1.0427651347333777,4.475196954444845,4.406583323944819,1.4180580075227307,-1.9781239894277405,0.14034240415759516,-1.137860437315458,-1.1713482149660477,0.07076249926198686,-0.6762705668927181,2.144984502290171
-6.676862136708796,2.482403309989085,0.24657723131873982,-1.0303756998458369,-4.025657477408951,10.5173183461466,-5.181977220088716,-4.645514142121661,0.2488350069611973,0.7413512841950393,17.356427321383926,10.65860126372146,-0.25911065049663157,3.972424877691226,8.924728480427051,7.1936854860210735,3.419035083187215,3.4714698967590074,20.144999625012876,13.520512278781508,10.348304483458943,5.528649324169329,-9.750538022712016,-11.740679434939079,-9.673081497058094,4.252764064110134,-1.2840342506690445,8.767124833932046,1.2751063797645759,7.279232287173474,-2.720302816994574,-8.524879224786487,-3.887954756688539,-4.859514375909026,-11.91589229304545,-10.525894313762304,-4.74837447175578,5.732412507314372,0.14805941055121025,2.802381755549975,3.5234240043608582,0.49594325114559484,0.8001425236991596,-5.390513355504144
3.793564141249015,-1.3896749218823117,-0.3457662575030521,0.5578270828557366,2.2202686682786648,-5.181977220088716,2.7791307717858054,2.244892467695714,-0.07508650826463786,0.28675066009365113,-8.841179451309467,-4.965407041674701,0.045300281284327094,-2.0245743537737804,-4.474618135688405,-3.0096322327117986,-1.5289101489495627,-2.0328568338411346,-10.352095065574565,-6.421649736733468,-4.815487695008002,-2.7102044672224075,5.056811756394774,5.905311625669114,4.591887756659767,-1.831191155997142,0.5068374587193416,-4.065116439244706,-0.6704473601575155,-2.7594136988811417,1.7218337357099625,4.117130125027256,2.333692535168569,1.6426865448867431,5.650015141050418,5.500178516305437,1.9360222979218242,-2.518271074652197,0.233193592104938,-1.4717580391249172,-1.4142898799243775,-0.011336046175165345,-0.8327845309583489,2.726672112762314
2.9297093379685353,-1.019297107864534,-0.2181453918238076,0.27780933628498805,1.675356018300302,-4.645514142121661,2.244892467695714,2.300450154311108,0.022269510310855986,-0.45389668446632875,-7.563169229702929,-4.6482638738474416,0.11077200355035677,-1.6928111001892145,-3.920991087721395,-3.1537051621932,-1.260728521267003,-1.4895950695086395,-8.804557379301022,-6.129126064057985,-4.666081444965732,-2.4832760903888462,4.179947667585394,5.259305387169319,4.227204852395397,-1.9998050833482648,0.5711261548464631,-3.8128168123450097,-0.5453026251459366,-3.1711407128454376,1.187119350870874,3.6940454608642836,1.6670347065098186,2.418155882449006,5.225125376694657,4.51468026675584,2.0312480275981493,-2.4866465225200205,-0.1084017902820371,-1.306433852779655,-1.3950367062443076,-0.0913608642733711,-0.31354937091393553,2.418931890531502
-0.1301678838399298,0.06642319914890572,0.049202065733182136,-0.13703940621291366,-0.08921792499906363,0.2488350069611973,-0.07508650826463786,0.022269510310855986,0.2542682963308812,0.19864047065586182,0.46932684556489224,0.2646036347802621,0.02331913365933513,0.24828126522118904,0.12303668275923631,0.3055980155258539,0.27672123705136187,0.07780969261166482,0.31652468868796513,0.3984041673361517,0.17771247512214597,0.12001716946015843,-0.27027794009717104,-0.2608728443835226,-0.32988732839146034,0.12645529762123367,-0.06763064501454738,0.37234245677284805,-0.00917098018920789,0.4077220350286936,0.03339260069237523,-0.3415295466224734,-0.08515023379198085,-9.10481819674047e-4,-0.3125538090457729,-0.1665634533169022,-0.2372800517351956,0.3215683638953365,0.10999331022882154,8.258431990288131e-4,0.2608251612460081,0.11588709526992903,-0.0798300706835487,-0.19258349665343494
0.9224242532299355,-0.31651510914123065,-0.6036552927466754,0.033072021475516515,0.35845077888971755,0.7413512841950393,0.28675066009365113,-0.45389668446632875,0.19864047065586182,2.0116415509832968,0.49278365289200243,1.5796966148410563,-0.23326276095214818,0.12261363166989354,0.45237606799245145,2.1125573433100944,0.745329145696827,-0.649946566990013,0.341465191573133,1.7762305468736004,1.61281112331926,0.4932562272733933,-0.04669969685359256,-0.5501486950837265,-1.2559479745950963,1.0816854588837337,-0.45460463992954575,1.4352482090971435,-0.024390264767047497,3.0269515958682693,0.8873071325011177,-0.8901583699029403,0.9325884103524136,-2.5336993827482517,-1.5747377652483625,0.15931950187140714,-1.5169858107903964,1.3709269033956006,0.9904235208827524,-0.0751681187033768,1.2712100753324624,0.6712019883136918,-1.2881059235719217,-0.21508008039756865
-11.857866809103864,4.300762683207842,0.7594984774775857,-1.9003049534936232,-7.079832405559802,17.356427321383926,-8.841179451309467,-7.563169229702929,0.46932684556489224,0.49278365289200243,29.272187083903223,17.218823141387823,-0.24892753790640598,6.735968845754021,14.924057172272116,11.293095416568608,5.624952809793709,6.2706691925168645,34.15853584985715,22.25235519064634,16.81408579115776,9.225601741184567,-16.653526855895482,-19.661607554078934,-15.891635629194655,6.6592629787835635,-1.955563369370984,14.313880422406859,2.185891732018791,11.17282869525163,-5.037401678664278,-14.059318404818741,-7.009388367381073,-6.957590341637128,-19.583546276190358,-17.80540442811262,-7.320977812107305,9.256506144558156,0.07158494697577436,4.707960580232373,5.6219940880761765,0.43668982240976567,1.7458247917130967,-9.062789682373122
-5.978265329168116,2.274585785127508,-0.359130122909298,-1.1141808585895243,-3.8240332590929698,10.65860126372146,-4.965407041674701,-4.6482638738474416,0.2646036347802621,1.5796966148410563,17.218823141387823,11.440367579383022,-0.4536126815074339,3.8018683904208896,9.070234381398846,8.142081324950144,3.841657518092074,3.0200315384047305,20.14825222600775,14.02908376804768,10.99804403206627,5.638590552718903,-9.622260548356618,-11.627780782508955,-10.087424590673765,4.554637654529696,-1.4649337285219843,9.255532473980304,1.3423797141762268,8.709473027706057,-2.273937769275116,-8.762077872532535,-3.2753673871917424,-6.088070116513869,-12.584327586906358,-10.411455855865718,-5.441144858853931,6.252349945234669,0.6028086755563605,2.6771469008937796,4.203993272206972,0.9380272870928019,0.07629135936914334,-5.250125081326587
-0.12374839856215132,0.009438211708569826,0.19477490623952168,0.007960440498447508,-0.013125981537327452,-0.25911065049663157,0.045300281284327094,0.11077200355035677,0.02331913365933513,-0.23326276095214818,-0.24892753790640598,-0.4536126815074339,0.08750119132054575,-0.004494540910430769,-0.20407375629250796,-0.3969776755197021,-0.13776701789404136,0.09731167649464988,-0.3250069877133101,-0.37253791463937674,-0.3786167973791262,-0.11671790455505271,0.0984230129347585,0.17449124223395485,0.2804138969542531,-0.18072965906012659,0.07873842254440006,-0.27623508541551384,-0.04307687917751011,-0.5119416473199715,-0.08518618541901943,0.2207055298716002,-0.11795681735883368,0.4997987440078193,0.3897572634417016,0.18070502441501315,0.30094105172529834,-0.21896417955348063,-0.07454810281548208,-0.033100696045282534,-0.21197188312231607,-0.16468283194837047,0.16699740146820946,0.050544893654803476
-2.7888448685090452,1.0267616679688383,0.34436074161367264,-0.43521041550961453,-1.6120458341596082,3.972424877691226,-2.0245743537737804,-1.6928111001892145,0.24828126522118904,0.12261363166989354,6.735968845754021,3.8018683904208896,-0.004494540910430769,1.684946752477736,3.3135610015260317,2.5189945704681285,1.2951729379269596,1.4900453133188416,7.613939782733223,5.051706456898374,3.700940063789422,2.079117205604479,-3.809888611443094,-4.535044135535026,-3.6321898017069856,1.5491829035275713,-0.45384221119512363,3.302889169465508,0.433036841295585,2.4561217402991162,-1.1290918796568814,-3.269628313113654,-1.6947098313628488,-1.3607141593343202,-4.35446379045629,-4.006080498241937,-1.6600884291219724,2.142200582704809,-0.018211061067948866,1.0704430194219103,1.2368396486592526,0.09220440327689133,0.4918129638544839,-2.156344262434363
-5.854669705001344,2.126428379863671,0.15291736577834103,-0.9595337033210549,-3.575509039207521,8.924728480427051,-4.474618135688405,-3.920991087721395,0.12303668275923631,0.45237606799245145,14.924057172272116,9.070234381398846,-0.20407375629250796,3.3135610015260317,7.749155343906775,6.049116596170678,2.9509268806385314,3.0690771643653574,17.607584158929413,11.529386778743465,8.87367016771165,4.776465420608358,-8.484119049879547,-10.04062273573318,-8.239023582473704,3.4929900038587283,-1.0426905655016272,7.424989030376918,1.1650531994231066,6.1173447883062755,-2.4796995717538155,-7.208458105639229,-3.3788237940175887,-4.03338315991176,-10.258407896322485,-9.123345378972173,-3.926045819438073,4.836596877990248,0.1586608874456967,2.391761803885851,3.051742230244164,0.31758640109843644,0.6813077202615464,-4.553952398378888
-3.3336158641754765,1.2938598186835328,-0.5585721244312575,-0.7307400923619014,-2.280559775520806,7.1936854860210735,-3.0096322327117986,-3.1537051621932,0.3055980155258539,2.1125573433100944,11.293095416568608,8.142081324950144,-0.3969776755197021,2.5189945704681285,6.049116596170678,6.37661991513193,2.940505920978824,1.598718776546139,13.078452487237403,9.888511177835392,7.897532273409264,3.8750500582187293,-6.212422718481592,-7.728612548814737,-7.153580968616698,3.4900173469573343,-1.1859565864829609,6.7298063634334495,0.8321639281811255,7.262063059898082,-0.9555996043665788,-6.089129994086336,-1.5859731617142196,-5.205259368011685,-8.913733482378344,-6.560283615120903,-4.323517457958084,4.773573579364356,0.9557280910596746,1.6396797742662388,3.4441491615174,0.9687321369750529,-0.6539310785776442,-3.4608390748257474
-1.815767548054639,0.7246993772592794,-0.2748267155400449,-0.5612257119532521,-1.2880526989311079,3.419035083187215,-1.5289101489495627,-1.260728521267003,0.27672123705136187,0.745329145696827,5.624952809793709,3.841657518092074,-0.13776701789404136,1.2951729379269596,2.9509268806385314,2.940505920978824,1.6389691190400457,0.9347011406713621,6.5493354654358305,4.5726780338777875,3.6344060681469728,1.842772922233564,-3.217704165962838,-3.688305522499186,-3.4418782881336423,1.4721364979028109,-0.5252793781370727,3.2365726925031613,0.4309102443011288,3.33222608744822,-0.589619067837571,-2.9584197690728837,-0.936029821623416,-1.9897710743335222,-4.281506786744095,-3.329207595189305,-1.995363309905277,2.286112954822337,0.41425968934976565,0.7320352139429439,1.7626598252722594,0.46921298628583397,-0.1934645467827505,-1.6526429005748076
-3.076925654608453,1.0589333988374794,0.5358482878997057,-0.438283161877089,-1.7251495295926473,3.4714698967590074,-2.0328568338411346,-1.4895950695086395,0.07780969261166482,-0.649946566990013,6.2706691925168645,3.0200315384047305,0.09731167649464988,1.4900453133188416,3.0690771643653574,1.598718776546139,0.9347011406713621,1.7077022464756293,7.370719709669439,4.238355578043797,3.0116643995291117,1.8581098621155898,-3.6826500407971348,-4.147650339637905,-2.9942187371643705,1.031807359201147,-0.23920417575583924,2.589420352379119,0.46951780171209956,1.2223341844214193,-1.4788167593355912,-2.727844472938431,-1.9598323558146464,-0.4065819585124329,-3.6455230348092162,-3.900602365127731,-0.9398137826787095,1.5240187481816314,-0.2976577325517671,1.0574061690666754,0.7331535941326146,-0.26148630430513775,0.8820059058532598,-1.9538450175023057
-13.917324881312949,4.968276209230562,0.6617262978986603,-2.305046076283834,-8.403020555620541,20.144999625012876,-10.352095065574565,-8.804557379301022,0.31652468868796513,0.341465191573133,34.15853584985715,20.14825222600775,-0.3250069877133101,7.613939782733223,17.607584158929413,13.078452487237403,6.5493354654358305,7.370719709669439,40.42420903586464,25.952316026868747,19.74006679955671,10.829942019760052,-19.565128761184017,-22.865872332859155,-18.467286744767573,7.552551821715797,-2.2041736575350663,16.548814291756887,2.708664250249574,12.953398659136266,-6.083060768453341,-16.237478856506357,-8.156397216631973,-8.17735494498033,-23.003746108934195,-20.956822866560284,-8.366507938044036,10.674657012129535,0.14422842956738258,5.498279727935808,6.615133813579788,0.3934327114724016,1.939610013766997,-10.426531272914362
-8.260979340189726,2.9396241699433046,0.14846613946404447,-1.346116035119671,-5.030982282580582,13.520512278781508,-6.421649736733468,-6.129126064057985,0.3984041673361517,1.7762305468736004,22.25235519064634,14.02908376804768,-0.37253791463937674,5.051706456898374,11.529386778743465,9.888511177835392,4.5726780338777875,4.238355578043797,25.952316026868747,18.082249708122895,13.790547967620313,7.297616973108282,-12.486512537620236,-15.13698333015765,-12.74492112616266,5.731488776514262,-1.7617844416726265,11.655266467343791,1.6786794510331022,10.423536038719982,-3.227189812333412,-11.108591541962578,-4.591288737214262,-7.143473503496385,-15.801227277285381,-13.23672118637164,-6.451274329284573,7.846191709978439,0.775149139329593,3.533917772703567,5.01116467101451,0.7177218668014674,0.3342299415243983,-6.954192281400016
-5.950359174071548,2.1770535836619618,-0.19761696170229004,-1.0005511531683182,-3.742486936079186,10.348304483458943,-4.815487695008002,-4.666081444965732,0.17771247512214597,1.61281112331926,16.81408579115776,10.99804403206627,-0.3786167973791262,3.700940063789422,8.87367016771165,7.897532273409264,3.6344060681469728,3.0116643995291117,19.74006679955671,13.790547967620313,10.796605482642576,5.5760315937168,-9.40593981283259,-11.456857558988627,-9.833368592336676,4.505273108789142,-1.4143310735509078,9.015971983053376,1.285934125039368,8.460364771698229,-2.2540779062894303,-8.47949998638008,-3.2088457572702467,-5.991383583070761,-12.273745149953053,-10.054601440712965,-5.2082682160390235,6.096899958305089,0.6949009085839086,2.6357633985064077,4.048385959806636,0.7279329670859134,0.05406844778412946,-5.160431198706477
-3.5691719721038355,1.2655994376595838,0.12596450699750864,-0.5721264159028125,-2.163194384208278,5.528649324169329,-2.7102044672224075,-2.4832760903888462,0.12001716946015843,0.4932562272733933,9.225601741184567,5.638590552718903,-0.11671790455505271,2.079117205604479,4.776465420608358,3.8750500582187293,1.842772922233564,1.8581098621155898,10.829942019760052,7.297616973108282,5.5760315937168,2.9960257060045263,-5.223344164206325,-6.251739191854949,-5.1687407986772556,2.2562651215010496,-0.6760223439793881,4.692041435426897,0.7005560946997541,4.001571610927315,-1.4567926176447432,-4.506456176420939,-2.018033953135259,-2.667819902102511,-6.41731850350796,-5.538662145251387,-2.5052979254306837,3.107616483234887,0.2251362000285837,1.4697435842777669,1.9656579039561224,0.19746390059078803,0.29305525832644524,-2.855546578608223
6.900006490659278,-2.47438441027497,-0.4583480521177602,1.1719921581848467,4.137665007757538,-9.750538022712016,5.056811756394774,4.179947667585394,-0.27027794009717104,-0.04669969685359256,-16.653526855895482,-9.622260548356618,0.0984230129347585,-3.809888611443094,-8.484119049879547,-6.212422718481592,-3.217704165962838,-3.6826500407971348,-19.565128761184017,-12.486512537620236,-9.40593981283259,-5.223344164206325,9.562943690756793,11.112062470905718,8.93022256499134,-3.6019052652442403,1.0490174297343164,-8.013208093154732,-1.279521681976734,-6.092780985889129,3.0009588336733626,7.899351963406672,4.095632084544185,3.613081151068951,11.043204175247675,10.178308966652061,3.980673781173613,-5.158225531964035,-0.014122667275111469,-2.6549536766617368,-3.1679916304177898,-0.1562483337752162,-1.0707393656150401,5.111689395142855
7.892743319187248,-2.8455058742042088,-0.5669223893694382,1.1463657102606994,4.664952547214347,-11.740679434939079,5.905311625669114,5.259305387169319,-0.2608728443835226,-0.5501486950837265,-19.661607554078934,-11.627780782508955,0.17449124223395485,-4.535044135535026,-10.04062273573318,-7.728612548814737,-3.688305522499186,-4.147650339637905,-22.865872332859155,-15.13698333015765,-11.456857558988627,-6.251739191854949,11.112062470905718,13.325498469264089,10.755170126331436,-4.660529545906416,1.358202285788732,-9.704303893019436,-1.4265592976752004,-7.683889093452273,3.290613731327527,9.486241681405561,4.627823427572105,4.9926091047251475,13.223357290408693,11.872274973179143,5.0150686696980475,-6.291452108686231,-0.10906305363948349,-3.200643721619226,-3.754636033161652,-0.27658247806994396,-1.1100134323680697,6.143865849837746
5.813581474485966,-2.149975181421231,-0.003819161670984997,1.0249196499691875,3.6117771064883617,-9.673081497058094,4.591887756659767,4.227204852395397,-0.32988732839146034,-1.2559479745950963,-15.891635629194655,-10.087424590673765,0.2804138969542531,-3.6321898017069856,-8.239023582473704,-7.153580968616698,-3.4418782881336423,-2.9942187371643705,-18.467286744767573,-12.74492112616266,-9.833368592336676,-5.1687407986772556,8.93022256499134,10.755170126331436,9.148715783611838,-4.091815072153757,1.2825122579911676,-8.389326500313054,-1.1718119984069963,-7.561211160320175,2.226387766093698,7.973426017993783,3.2429092720871826,5.043813697997736,11.308426697376648,9.493997771981324,4.735089940843911,-5.641467348011135,-0.5142128713452846,-2.4657406347384287,-3.694975831862146,-0.6381488164145821,-0.2781292056375465,4.912195033943066
-2.1323173379752585,0.8140104032404937,-0.06442737656344466,-0.27509569466521183,-1.3181558711695613,4.252764064110134,-1.831191155997142,-1.9998050833482648,0.12645529762123367,1.0816854588837337,6.6592629787835635,4.554637654529696,-0.18072965906012659,1.5491829035275713,3.4929900038587283,3.4900173469573343,1.4721364979028109,1.031807359201147,7.552551821715797,5.731488776514262,4.505273108789142,2.2562651215010496,-3.6019052652442403,-4.660529545906416,-4.091815072153757,2.095843446297167,-0.6672306333181195,3.8227906739846493,0.4222312728542153,3.8357097207413617,-0.6448185741979199,-3.524155443720552,-1.095239934531267,-2.857657679146858,-5.007865997075398,-3.830893211494478,-2.3678950585204297,2.6417508216484666,0.3887291814882606,1.047913613244198,1.7129189303494956,0.4149388121702272,-0.12981335169100675,-2.1274517269568642
0.5227442269511896,-0.216999923547095,0.10403141717305492,0.10585869895452339,0.3600785465694116,-1.2840342506690445,0.5068374587193416,0.5711261548464631,-0.06763064501454738,-0.45460463992954575,-1.955563369370984,-1.4649337285219843,0.07873842254440006,-0.45384221119512363,-1.0426905655016272,-1.1859565864829609,-0.5252793781370727,-0.23920417575583924,-2.2041736575350663,-1.7617844416726265,-1.4143310735509078,-0.6760223439793881,1.0490174297343164,1.358202285788732,1.2825122579911676,-0.6672306333181195,0.23001600351592408,-1.2205472356409481,-0.12683525520626623,-1.3632256133381284,0.108784751930937,1.0936579078185018,0.23722291398356737,1.0011449666782675,1.5764632017790268,1.1115301976408203,0.820850111597038,-0.8753997694459433,-0.18301405889063763,-0.28341946234599663,-0.6230362626597754,-0.20680269245559604,0.1416201400844751,0.6139836938013564
-5.071203719951328,1.8897497498848383,-0.07462222492239498,-0.9368757411884233,-3.1856742464408443,8.767124833932046,-4.065116439244706,-3.8128168123450097,0.37234245677284805,1.4352482090971435,14.313880422406859,9.255532473980304,-0.27623508541551384,3.302889169465508,7.424989030376918,6.7298063634334495,3.2365726925031613,2.589420352379119,16.548814291756887,11.655266467343791,9.015971983053376,4.692041435426897,-8.013208093154732,-9.704303893019436,-8.389326500313054,3.8227906739846493,-1.2205472356409481,7.748998259523704,1.0325757259761212,7.2404332997290615,-1.8461277845826136,-7.292904169784265,-2.7732602387897067,-4.836096689227569,-10.350590958944224,-8.465528799588775,-4.48361420575984,5.279351733762776,0.6127366282776077,2.1804319568324937,3.525645842440474,0.6895988152363374,0.06213159110803206,-4.4376492895311275
-0.8851071322364951,0.303593860389222,-0.036752542056432976,-0.18654345023242314,-0.563722589722677,1.2751063797645759,-0.6704473601575155,-0.5453026251459366,-0.00917098018920789,-0.024390264767047497,2.185891732018791,1.3423797141762268,-0.04307687917751011,0.433036841295585,1.1650531994231066,0.8321639281811255,0.4309102443011288,0.46951780171209956,2.708664250249574,1.6786794510331022,1.285934125039368,0.7005560946997541,-1.279521681976734,-1.4265592976752004,-1.1718119984069963,0.4222312728542153,-0.12683525520626623,1.0325757259761212,0.22142080078405335,0.8353773276052602,-0.4311826266008119,-1.0204823410840647,-0.50998361011108,-0.5488051983193464,-1.519405337391418,-1.3966387557403084,-0.5131843492029627,0.6675174578815396,0.02051881654865777,0.35193783130067746,0.45154210377672155,0.03316229307621153,0.07949540790428523,-0.6341367629087815
-2.744423590867227,1.0847475184615354,-0.9549405075175145,-0.7858933509694579,-2.080304364878761,7.279232287173474,-2.7594136988811417,-3.1711407128454376,0.4077220350286936,3.0269515958682693,11.17282869525163,8.709473027706057,-0.5119416473199715,2.4561217402991162,6.1173447883062755,7.262063059898082,3.33222608744822,1.2223341844214193,12.953398659136266,10.423536038719982,8.460364771698229,4.001571610927315,-6.092780985889129,-7.683889093452273,-7.561211160320175,3.8357097207413617,-1.3632256133381284,7.2404332997290615,0.8353773276052602,8.63383422385146,-0.5006401461304804,-6.325000223701825,-1.0331722699295756,-6.279068895273883,-9.48436500695235,-6.309539175435843,-4.9547413294137135,5.330595911032781,1.4759858436211968,1.5056861374502861,4.092624945775951,1.3052972592470067,-1.3544247339971418,-3.39691012208398
2.6481367392026867,-0.8951042695876271,-0.4701320302499926,0.3554334440451777,1.4670068975648227,-2.720302816994574,1.7218337357099625,1.187119350870874,0.03339260069237523,0.8873071325011177,-5.037401678664278,-2.273937769275116,-0.08518618541901943,-1.1290918796568814,-2.4796995717538155,-0.9555996043665788,-0.589619067837571,-1.4788167593355912,-6.083060768453341,-3.227189812333412,-2.2540779062894303,-1.4567926176447432,3.0009588336733626,3.290613731327527,2.226387766093698,-0.6448185741979199,0.108784751930937,-1.8461277845826136,-0.4311826266008119,-0.5006401461304804,1.3987628708261999,2.0630515577901942,1.7290453946146436,0.02589594986595067,2.7688729223600266,3.261913439560462,0.4972560954286055,-0.9893139815581082,0.4103939349684564,-0.89845805686764,-0.37599263360424773,0.33321049695382987,-0.8895283209580106,1.5404864162219327
5.266143518228215,-1.9640696615495015,-0.12249159718825885,0.9110570442846794,3.221269476645556,-8.524879224786487,4.117130125027256,3.6940454608642836,-0.3415295466224734,-0.8901583699029403,-14.059318404818741,-8.762077872532535,0.2207055298716002,-3.269628313113654,-7.208458105639229,-6.089129994086336,-2.9584197690728837,-2.727844472938431,-16.237478856506357,-11.108591541962578,-8.47949998638008,-4.506456176420939,7.899351963406672,9.486241681405561,7.973426017993783,-3.524155443720552,1.0936579078185018,-7.292904169784265,-1.0204823410840647,-6.325000223701825,2.0630515577901942,7.019368009889328,3.0169529278980676,4.1211741294156505,9.803310099024863,8.431934298447684,4.0417064065607615,-4.857328471893471,-0.29950441535364225,-2.2036005280485593,-3.0981910246771305,-0.5209652544677643,-0.4305577506626279,4.376727622942949
3.5288556034311487,-1.2424581185586758,-0.687232340628341,0.4589740183057824,1.9351881762455863,-3.887954756688539,2.333692535168569,1.6670347065098186,-0.08515023379198085,0.9325884103524136,-7.009388367381073,-3.2753673871917424,-0.11795681735883368,-1.6947098313628488,-3.3788237940175887,-1.5859731617142196,-0.936029821623416,-1.9598323558146464,-8.156397216631973,-4.591288737214262,-3.2088457572702467,-2.018033953135259,4.095632084544185,4.627823427572105,3.2429092720871826,-1.095239934531267,0.23722291398356737,-2.7732602387897067,-0.50998361011108,-1.0331722699295756,1.7290453946146436,3.0169529278980676,2.3142227647477567,0.2182781298777567,3.906901449758563,4.411601209407362,0.9346601855875677,-1.565432892352277,0.5042184440545288,-1.2197533922443748,-0.6345845450494488,0.32329532366983144,-1.1751219672207445,2.2073035094264957
1.2417524626733534,-0.5084976650276606,0.8977803944182983,0.24090758468793366,1.0427651347333777,-4.859514375909026,1.6426865448867431,2.418155882449006,-9.10481819674047e-4,-2.5336993827482517,-6.957590341637128,-6.088070116513869,0.4997987440078193,-1.3607141593343202,-4.03338315991176,-5.205259368011685,-1.9897710743335222,-0.4065819585124329,-8.17735494498033,-7.143473503496385,-5.991383583070761,-2.667819902102511,3.613081151068951,4.9926091047251475,5.043813697997736,-2.857657679146858,1.0011449666782675,-4.836096689227569,-0.5488051983193464,-6.279068895273883,0.02589594986595067,4.1211741294156505,0.2182781298777567,5.25232622734094,6.431114359099402,3.9104323482126624,3.569735364601673,-3.598399845178176,-1.1185223334380399,-1.0269066411864056,-2.7272209173431894,-1.0041081616633651,1.2528829006835156,2.132247811903493
7.105866362128456,-2.6005117352193365,0.16640604909509407,1.3025415380022831,4.475196954444845,-11.91589229304545,5.650015141050418,5.225125376694657,-0.3125538090457729,-1.5747377652483625,-19.583546276190358,-12.584327586906358,0.3897572634417016,-4.35446379045629,-10.258407896322485,-8.913733482378344,-4.281506786744095,-3.6455230348092162,-23.003746108934195,-15.801227277285381,-12.273745149953053,-6.41731850350796,11.043204175247675,13.223357290408693,11.308426697376648,-5.007865997075398,1.5764632017790268,-10.350590958944224,-1.519405337391418,-9.48436500695235,2.7688729223600266,9.803310099024863,3.906901449758563,6.431114359099402,14.102722968226098,11.766012697153725,5.862765059101073,-6.976728053992244,-0.7171242834839922,-3.032966422980579,-4.660109042953422,-0.7990446128043106,-0.20386232946314153,5.9855717642038915
7.331280004792003,-2.699127289888039,-0.39162848034600295,1.191582582216653,4.406583323944819,-10.525894313762304,5.500178516305437,4.51468026675584,-0.1665634533169022,0.15931950187140714,-17.80540442811262,-10.411455855865718,0.18070502441501315,-4.006080498241937,-9.123345378972173,-6.560283615120903,-3.329207595189305,-3.900602365127731,-20.956822866560284,-13.23672118637164,-10.054601440712965,-5.538662145251387,10.178308966652061,11.872274973179143,9.493997771981324,-3.830893211494478,1.1115301976408203,-8.465528799588775,-1.3966387557403084,-6.309539175435843,3.261913439560462,8.431934298447684,4.411601209407362,3.9104323482126624,11.766012697153725,11.058254827427426,4.251240735896463,-5.363458475470844,0.21424240434308411,-2.9015022070277348,-3.229020800125219,-0.2365041688655784,-1.3005301355732306,5.433145144641278
2.0067634284037292,-0.8429781619419316,0.4494807672459042,0.46545359443643297,1.4180580075227307,-4.74837447175578,1.9360222979218242,2.0312480275981493,-0.2372800517351956,-1.5169858107903964,-7.320977812107305,-5.441144858853931,0.30094105172529834,-1.6600884291219724,-3.926045819438073,-4.323517457958084,-1.995363309905277,-0.9398137826787095,-8.366507938044036,-6.451274329284573,-5.2082682160390235,-2.5052979254306837,3.980673781173613,5.0150686696980475,4.735089940843911,-2.3678950585204297,0.820850111597038,-4.48361420575984,-0.5131843492029627,-4.9547413294137135,0.4972560954286055,4.0417064065607615,0.9346601855875677,3.569735364601673,5.862765059101073,4.251240735896463,2.9924267084001075,-3.192046563451657,-0.620953789649938,-1.0454391168417008,-2.328103880283711,-0.7682802344209566,0.4769594481659974,2.2438411534319247
-3.0473382350446587,1.1287131854718226,-0.19501164790272418,-0.6413639977355537,-1.9781239894277405,5.732412507314372,-2.518271074652197,-2.4866465225200205,0.3215683638953365,1.3709269033956006,9.256506144558156,6.252349945234669,-0.21896417955348063,2.142200582704809,4.836596877990248,4.773573579364356,2.286112954822337,1.5240187481816314,10.674657012129535,7.846191709978439,6.096899958305089,3.107616483234887,-5.158225531964035,-6.291452108686231,-5.641467348011135,2.6417508216484666,-0.8753997694459433,5.279351733762776,0.6675174578815396,5.330595911032781,-0.9893139815581082,-4.857328471893471,-1.565432892352277,-3.598399845178176,-6.976728053992244,-5.363458475470844,-3.192046563451657,3.705447724416766,0.6563996742164173,1.3543443288998716,2.589355085097016,0.5917351465273979,-0.2882685614081348,-2.8738453535975657
0.4474285082663628,-0.223028755579151,-0.3208692322764334,-0.06926190421349698,0.14034240415759516,0.14805941055121025,0.233193592104938,-0.1084017902820371,0.10999331022882154,0.9904235208827524,0.07158494697577436,0.6028086755563605,-0.07454810281548208,-0.018211061067948866,0.1586608874456967,0.9557280910596746,0.41425968934976565,-0.2976577325517671,0.14422842956738258,0.775149139329593,0.6949009085839086,0.2251362000285837,-0.014122667275111469,-0.10906305363948349,-0.5142128713452846,0.3887291814882606,-0.18301405889063763,0.6127366282776077,0.02051881654865777,1.4759858436211968,0.4103939349684564,-0.29950441535364225,0.5042184440545288,-1.1185223334380399,-0.7171242834839922,0.21424240434308411,-0.620953789649938,0.6563996742164173,0.637950977613472,-0.108168841036871,0.7081543936985176,0.2487263187885021,-0.7589045849529038,-0.015179035869656838
-2.001427202772972,0.7136517868248229,0.21554026443573654,-0.22826123702010653,-1.137860437315458,2.802381755549975,-1.4717580391249172,-1.306433852779655,8.258431990288131e-4,-0.0751681187033768,4.707960580232373,2.6771469008937796,-0.033100696045282534,1.0704430194219103,2.391761803885851,1.6396797742662388,0.7320352139429439,1.0574061690666754,5.498279727935808,3.533917772703567,2.6357633985064077,1.4697435842777669,-2.6549536766617368,-3.200643721619226,-2.4657406347384287,1.047913613244198,-0.28341946234599663,2.1804319568324937,0.35193783130067746,1.5056861374502861,-0.89845805686764,-2.2036005280485593,-1.2197533922443748,-1.0269066411864056,-3.032966422980579,-2.9015022070277348,-1.0454391168417008,1.3543443288998716,-0.108168841036871,0.8184151794288177,0.7079417669352678,-0.015879250763373993,0.41661983597248986,-1.4845897269499038
-1.5258598724149923,0.5911826422254541,-0.47355671742565714,-0.5326906146836903,-1.1713482149660477,3.5234240043608582,-1.4142898799243775,-1.3950367062443076,0.2608251612460081,1.2712100753324624,5.6219940880761765,4.203993272206972,-0.21197188312231607,1.2368396486592526,3.051742230244164,3.4441491615174,1.7626598252722594,0.7331535941326146,6.615133813579788,5.01116467101451,4.048385959806636,1.9656579039561224,-3.1679916304177898,-3.754636033161652,-3.694975831862146,1.7129189303494956,-0.6230362626597754,3.525645842440474,0.45154210377672155,4.092624945775951,-0.37599263360424773,-3.0981910246771305,-0.6345845450494488,-2.7272209173431894,-4.660109042953422,-3.229020800125219,-2.328103880283711,2.589355085097016,0.7081543936985176,0.7079417669352678,2.0714395335348703,0.603103445088961,-0.5965274686850854,-1.6528812294398163
0.38267078121397174,-0.02696527267416774,-0.41824780432397074,-0.08514630546573693,0.07076249926198686,0.49594325114559484,-0.011336046175165345,-0.0913608642733711,0.11588709526992903,0.6712019883136918,0.43668982240976567,0.9380272870928019,-0.16468283194837047,0.09220440327689133,0.31758640109843644,0.9687321369750529,0.46921298628583397,-0.26148630430513775,0.3934327114724016,0.7177218668014674,0.7279329670859134,0.19746390059078803,-0.1562483337752162,-0.27658247806994396,-0.6381488164145821,0.4149388121702272,-0.20680269245559604,0.6895988152363374,0.03316229307621153,1.3052972592470067,0.33321049695382987,-0.5209652544677643,0.32329532366983144,-1.0041081616633651,-0.7990446128043106,-0.2365041688655784,-0.7682802344209566,0.5917351465273979,0.2487263187885021,-0.015879250763373993,0.603103445088961,0.46019014044598683,-0.4322850483260975,-0.09550356866579245
-1.4758207463411848,0.5603806201010881,0.6221903908119443,-0.0415082494238888,-0.6762705668927181,0.8001425236991596,-0.8327845309583489,-0.31354937091393553,-0.0798300706835487,-1.2881059235719217,1.7458247917130967,0.07629135936914334,0.16699740146820946,0.4918129638544839,0.6813077202615464,-0.6539310785776442,-0.1934645467827505,0.8820059058532598,1.939610013766997,0.3342299415243983,0.05406844778412946,0.29305525832644524,-1.0707393656150401,-1.1100134323680697,-0.2781292056375465,-0.12981335169100675,0.1416201400844751,0.06213159110803206,0.07949540790428523,-1.3544247339971418,-0.8895283209580106,-0.4305577506626279,-1.1751219672207445,1.2528829006835156,-0.20386232946314153,-1.3005301355732306,0.4769594481659974,-0.2882685614081348,-0.7589045849529038,0.41661983597248986,-0.5965274686850854,-0.4322850483260975,1.1412013858127956,-0.5722747659481022
3.705752504435589,-1.3282723572314066,-0.3749416215775584,0.5255931870983969,2.144984502290171,-5.390513355504144,2.726672112762314,2.418931890531502,-0.19258349665343494,-0.21508008039756865,-9.062789682373122,-5.250125081326587,0.050544893654803476,-2.156344262434363,-4.553952398378888,-3.4608390748257474,-1.6526429005748076,-1.9538450175023057,-10.426531272914362,-6.954192281400016,-5.160431198706477,-2.855546578608223,5.111689395142855,6.143865849837746,4.912195033943066,-2.1274517269568642,0.6139836938013564,-4.4376492895311275,-0.6341367629087815,-3.39691012208398,1.5404864162219327,4.376727622942949,2.2073035094264957,2.132247811903493,5.9855717642038915,5.433145144641278,2.2438411534319247,-2.8738453535975657,-0.015179035869656838,-1.4845897269499038,-1.6528812294398163,-0.09550356866579245,-0.5722747659481022,2.8811944311616267
