V1,V2,V3,V4,V5,V6,V7,V8,V9,V10,V11,V12,V13,V14,V15,V16,V17,V18,V19,V20,V21,V22,V23,V24,V25,V26,V27,V28,V29,V30,V31,V32,V33,V34,V35,V36,V37,V38,V39,V40,V41,V42,V43
0.2370172034198111,0.017540003099237648,-0.18221842970510013,0.15406871042985398,-0.37854020487021767,-0.9361930921775857,-0.1998476410519625,0.21292948705289463,-0.08004606398708072,-0.10263636582287322,-0.5106246226188316,-0.544309628146729,-0.281438935047518,0.8280645583148902,0.01976453572125688,0.10413956696346831,1.3268100865148593,-0.09396092635874985,0.37660846374667356,0.29587059449335046,0.8695488844716619,-0.5178234265658594,-0.24823023910502792,-0.2399467856500435,-0.6638210005794097,-0.07554442715844678,-0.0013288595486330337,-0.42960367344264894,1.2541716437670318,-0.2806928362712201,0.3908603827603132,-0.019360370276879837,0.5477094323212276,-1.142318646576344,-0.6578491202656535,0.24884101384039894,-0.2500671373250118,0.04929696771732168,-0.35034632998454857,0.04778351036042144,0.1833921119186562,-0.40485406492564324,0.05651890573668035
0.017540003099237648,0.10663179396334668,-0.33274276860870167,-0.34527335725998015,0.17289455630212602,-0.8149726392775098,0.21633416218433676,0.24697507384559556,-0.023441378502285733,0.6192230842544642,-0.550803777413401,0.2250957475900038,-0.04417443418975982,0.09984555289291766,0.35568664002205047,-0.043258779999747136,-0.2744982187553338,0.36789417143198416,0.013673106413539986,-0.032035863945891085,-0.38342159476770543,-0.5086283475009742,0.29054940290385184,-0.25490153545144795,-0.10867319446766992,-0.3177369817173839,-0.1042184524198988,0.014614280462436256,0.17523357076638296,-0.05289991603642902,-0.0675357945986269,0.23014398262088193,0.35843882758857254,0.3365641113687502,-0.22577837807156037,-0.015143518386109483,0.6075749711214854,0.2594182104986747,-0.04480326198793559,-0.05787812198930278,-0.13021832485935847,-0.5162758969893634,0.0859964112902749
-0.18221842970510013,-0.33274276860870167,1.1235982580009143,0.9994831327907479,-0.33760576503847595,3.0371766386568755,-0.5579936104365237,-0.9011284782760512,0.1073718348501261,-1.8932387179637222,1.964881760846833,-0.4277888227776544,0.27893833736559426,-0.7744816397838898,-1.1458278254647156,0.06336135237821335,0.12191245577008392,-1.0843412365634049,-0.2718723155695591,-0.037872004574584006,0.7094631961516261,1.8942685670179107,-0.7698740674729377,0.913902688290303,0.6900164312625644,1.0290521067165126,0.3285279072721782,0.1863718230781598,-1.2319124395657501,0.33570389519871374,-0.008512450489622132,-0.7029539649473769,-1.4002576246127316,-0.44128588333657576,1.0778596800876443,-0.09770970264789614,-1.7541855068844203,-0.8445166512649598,0.3198892891231649,0.12971481923907638,0.2838921616339706,1.8484373459002255,-0.27042538895199786
0.15406871042985398,-0.34527335725998015,0.9994831327907479,1.3937092577425212,-0.9721669591304256,2.0499437006704015,-0.938549270199333,-0.7295317000954425,-0.009532529449525961,-2.357460875497967,1.4459138632229263,-1.3499094258531985,-0.1230012726223751,0.3591096670984491,-1.3192108593781522,0.2147331409135625,2.1534332572279395,-1.3780859903860863,0.2340684365706151,0.43566942214419085,2.1301614484980598,1.4201569369766138,-1.2641911725767023,0.672000752138263,-0.2315798448322282,1.0658254607714344,0.37932659363888294,-0.4439785196333073,0.4946131730753652,-0.021426196967577135,0.5800003913828129,-0.8339088268635124,-0.7568584969766351,-2.2688733852477054,0.254119847869667,0.2566134248365909,-2.396352461793371,-0.9069499843143669,-0.17938551575138165,0.19325430828925527,0.5808828551638553,1.5305544492974181,-0.19161144869503016
-0.37854020487021767,0.17289455630212602,-0.33760576503847595,-0.9721669591304256,1.0122193405896731,0.001699346230325593,0.7738560449329933,0.14637896241866274,0.10342948565636485,1.449285868003559,-0.18464085510063696,1.427532983776945,0.41514592107923937,-1.2229495816450786,0.7148570669514072,-0.24985089588619736,-2.845308688850017,0.8904567436083209,-0.5971063237208082,-0.6078387957015247,-2.2687269428522936,-0.1577617309734226,1.0159733371382988,-0.08237948997096538,0.9475743849633285,-0.5056357739324325,-0.2112505509856544,0.7786759344070443,-1.8236295879163087,0.359076150890318,-0.8077982374668288,0.4924409156639235,-0.24896937151856455,2.681196635237582,0.6690130998801975,-0.45137882519960437,1.6542275142482845,0.44807153321956794,0.5318304444419466,-0.16900467229864047,-0.5536265728370918,-0.35945795180069057,0.03974335804042331
-0.9361930921775857,-0.8149726392775098,3.0371766386568755,2.0499437006704015,0.001699346230325593,9.184922369042921,-0.8877223611188425,-2.609558512958587,0.41424812809593087,-4.293766907357516,5.712575116973496,0.11977164101206954,1.2470971330671132,-3.618690376691073,-2.791872534139793,-0.089813894382714,-2.556732874012685,-2.357183861667281,-1.4779660664343661,-0.6926367996328204,-0.18814278057522468,5.629561206854039,-1.2948290222090033,2.6658606577948847,3.041385542595884,2.5985353029619787,0.7850000336704491,1.356516026095445,-5.601730165008008,1.4169153851509473,-0.8615589062183325,-1.6209247280863393,-4.470741949163068,1.3748299934002406,3.979372014643829,-0.7742343854017628,-3.622005681324333,-2.118466356709763,1.493122383457487,0.1750511319371796,0.2549254896755825,5.2703785884037,-0.7271932101133162
-0.1998476410519625,0.21633416218433676,-0.5579936104365237,-0.938549270199333,0.7738560449329933,-0.8877223611188425,0.6839437233080373,0.35299991471483344,0.03393727274710453,1.512930505085927,-0.7080026922522632,1.0706660690961876,0.19197739427928148,-0.599496784442212,0.8006542390526271,-0.19233709747144107,-1.9458262131268484,0.9166021976184539,-0.3314338141980283,-0.3859904671067732,-1.7312405674027538,-0.6444283812943534,0.9043885643824998,-0.3260233328444473,0.42911588851618204,-0.6389854973684399,-0.23539986764926976,0.4664065037144799,-0.8642719531140978,0.15083146441362189,-0.5415129005457491,0.5358877761176688,0.24691856311521043,1.9175009878013671,0.14165274860267615,-0.27804881994030406,1.6195930817744901,0.5414004217164647,0.25883046196849824,-0.1613685538467299,-0.4630813105888187,-0.77010169873989065,0.11758113972583585
0.21292948705289463,0.24697507384559556,-0.9011284782760512,-0.7295317000954425,0.14637896241866274,-2.609558512958587,0.35299991471483344,0.7838739403763035,-0.09339343211254494,1.4504060289312866,-1.6243857306655956,0.19031284978533589,-0.2853002567192667,0.8775922223883549,0.9268754425032495,0.0076120798164390335,0.3459338541816221,0.7851079605567242,0.3662439867251115,0.08692670612533718,-0.248870839802113,-1.6612780912830913,0.5113196127063884,-0.7602501531824508,-0.724719341109754,-0.8102058501926606,-0.25756614778318954,-0.27663359313546426,1.3491242435039577,-0.3751508843646464,0.14080898304438674,0.527534472384308,1.2257535184370507,-0.0022222944279742763,-1.0616700470542422,0.16890047906876407,1.2617171213089284,0.6784787679147235,-0.34092934464609964,-0.04625888759450042,-0.12505130099934686,-1.5771047953491837,0.18144810639612097
-0.08004606398708072,-0.023441378502285733,0.1073718348501261,-0.009532529449525961,0.10342948565636485,0.41424812809593087,0.03393727274710453,-0.09339343211254494,0.03335931115030556,-0.03660378646651366,0.25008411698946836,0.15887377847814985,0.10262122937542748,-0.27620870302521633,-0.03952140850388806,-0.021452417803229366,-0.3915055517069701,-0.02147303873648019,-0.1129970536836218,-0.10297980863252386,-0.22832937577375037,0.22052881197385174,0.043571000349969635,0.1158069893947935,0.23467215024422194,0.06616785511624262,0.01218112505610493,0.13882934368779207,-0.42900270113892996,0.08963526329772153,-0.11555371652252604,-0.024775610516143253,-0.230782970961444,0.33549811754298714,0.23530100613740176,-0.07462317288453102,0.002381251572231503,-0.044701172156611464,0.12444472190904705,0.0031541150993889995,-0.03276302148535547,0.1886964948780076,-0.04249384221261436
-0.10263636582287322,0.6192230842544642,-1.8932387179637222,-2.357460875497967,1.449285868003559,-4.293766907357516,1.512930505085927,1.4504060289312866,-0.03660378646651366,4.104399589194791,-2.911509102748758,2.0060555175587202,0.02041466512129613,-0.03384247111065174,2.3593613351529807,-0.2983029513991639,-2.849176028486329,2.3648903367162624,-0.13224415860676908,-0.5681255478716332,-3.136633053992512,-2.8964885428141756,2.057153460454788,-1.35624321491037,-0.06353587238836841,-1.9384451089255852,-0.6731905860611301,0.47705667004699753,0.028841644210239232,-0.17207977266346317,-0.741892010739016,1.459331028482351,1.7260069889796383,3.197449805765481,-0.9299155261828648,-0.2706390572622979,4.057092457430007,1.6436699161894939,0.06990465006783927,-0.29642027764869566,-0.8856183775364279,-3.006855778449475,0.3669210898787733
-0.5106246226188316,-0.550803777413401,1.964881760846833,1.4459138632229263,-0.18464085510063696,5.712575116973496,-0.7080026922522632,-1.6243857306655956,0.25008411698946836,-2.911509102748758,3.6186925650050528,-0.16587846667306058,0.7108333960785463,-1.9939719300090477,-1.8304842370745444,0.012346371519233078,-1.0288432408956598,-1.6464040462607918,-0.7693398100120358,-0.34626979636886396,0.3316236968816251,3.483102562612422,-0.9967479316523462,1.6843301764088627,1.719943272469758,1.710768594804544,0.5226469579495626,0.6958489647470362,-3.1227779539250085,0.7853049044981101,-0.37192072756306815,-1.1040018245992755,-2.745758138855929,0.3625946320031782,2.3181086250725036,-0.3811688709775727,-2.565122300108593,-1.3860044502263982,0.8391687088178418,0.1747436631989074,0.2940487730879418,3.310205567108454,-0.4977902594621707
-0.544309628146729,0.2250957475900038,-0.4277888227776544,-1.3499094258531985,1.427532983776945,0.11977164101206954,1.0706660690961876,0.19031284978533589,0.15887377847814985,2.0060555175587202,-0.16587846667306058,2.0294009309125696,0.6091844640379627,-1.7490860637959833,0.9977444470802729,-0.33839299244463605,-4.018712213670688,1.2142432505724117,-0.8336341393782769,-0.8844139002261043,-3.180098801482984,-0.1825347186436693,1.4128557475758137,-0.07464233855890515,1.3765426208447034,-0.678712270309116,-0.29076023225092423,1.112098752851065,-2.6252692293521465,0.5041416918650043,-1.1396634651343673,0.6700699371406057,-0.4155675660540722,3.79838237985661,0.9711810673723101,-0.6345786106083786,2.2807477159995098,0.6141437159368889,0.7746579821965534,-0.21239365388694922,-0.7545635912856895,-0.4625335550590109,0.020847879976184563
-0.281438935047518,-0.04417443418975982,0.27893833736559426,-0.1230012726223751,0.41514592107923937,1.2470971330671132,0.19197739427928148,-0.2853002567192667,0.10262122937542748,0.02041466512129613,0.7108333960785463,0.6091844640379627,0.34364803289858203,-0.9811553152033533,-0.07247679454638124,-0.1067887710613434,-1.4994702732588312,0.03922079799649867,-0.43109162865090883,-0.35283811153863975,-0.9443204548277313,0.6827233025773147,0.2389380209884618,0.3318116729284758,0.8016932929405876,0.14593328407276016,0.018586987366955948,0.5015349694768289,-1.498303216915774,0.328910795623807,-0.4427106463283037,-0.020016357614931785,-0.7126817130681075,1.2854160149451337,0.802229404450618,-0.2839324156340813,0.18363436877871842,-0.09907834003245618,0.4236926111544131,-0.03297767049311111,-0.18042564708322334,0.5558306936771351,-0.09596689989938828
0.8280645583148902,0.09984555289291766,-0.7744816397838898,0.3591096670984491,-1.2229495816450786,-3.618690376691073,-0.599496784442212,0.8775922223883549,-0.27620870302521633,-0.03384247111065174,-1.9939719300090477,-1.7490860637959833,-0.9811553152033533,2.9356170151964713,0.2740163775643233,0.3603223557978824,4.483450953633789,-0.16465837480239867,1.344737678543014,0.9791964136809174,2.847641998425697,-2.0753832347125623,-0.7220390560775913,-0.9385943162875917,-2.339294267671653,-0.4107225026232424,-0.058899050220747866,-1.4796950846626142,4.43574397943475,-1.0227649714212406,1.3314159864464434,0.037933422448257405,2.0503121939943494,-3.7797084171920576,-2.410309600403887,0.8681692619319286,-0.5807623318445472,0.3077129950357613,-1.2222943643634399,0.17067438267675128,0.6032730046325177,-1.6759849501062813,0.19910043123185628
0.01976453572125688,0.35568664002205047,-1.1458278254647156,-1.3192108593781522,0.7148570669514072,-2.791872534139793,0.8006542390526271,0.9268754425032495,-0.03952140850388806,2.3593613351529807,-1.8304842370745444,0.9977444470802729,-0.07247679454638124,0.2740163775643233,1.3978353841253794,-0.12309432030251852,-1.1872775276361491,1.3263376927924488,0.0747420071394217,-0.2506180748936908,-1.5082980168702609,-1.8787975944944486,1.1059052524126507,-0.8559366634059722,-0.2528081805721072,-1.1455100298596057,-0.3930483884540161,0.131937045887417,0.4460398689606582,-0.2123532396748573,-0.2905409319626247,0.8345412859270411,1.1709684949462713,1.4760836732060525,-0.7773880016485556,-0.06298882119864811,2.260282262755584,0.9770433062338529,-0.06867615263696614,-0.13174371017702627,-0.42907707966313785,-1.896395026301806,0.2044437510692271
0.10413956696346831,-0.043258779999747136,0.06336135237821335,0.2147331409135625,-0.24985089588619736,-0.089813894382714,-0.19233709747144107,0.0076120798164390335,-0.021452417803229366,-0.2983029513991639,0.012346371519233078,-0.33839299244463605,-0.1067887710613434,0.3603223557978824,-0.12309432030251852,0.07849979624932535,0.7552500191792046,-0.2088953963842319,0.19046387841246892,0.13776860886177647,0.5850598233617187,-0.04961537833604594,-0.24166753905917204,0.0023430900902486253,-0.26184157170087624,0.1007948389819649,0.041225848706554664,-0.20900625511609308,0.5237912427324593,-0.12387084982458628,0.21916501608027766,-0.10966923968563129,0.09751821715830124,-0.675643310904667,-0.2282626169015831,0.131474713912008,-0.3794485445138515,-0.07999980229536577,-0.14030169978500048,0.0645441203196787,0.15829865286258762,0.01346823519661587,-0.029765116993030048
1.3268100865148593,-0.2744982187553338,0.12191245577008392,2.1534332572279395,-2.845308688850017,-2.556732874012685,-1.9458262131268484,0.3459338541816221,-0.3915055517069701,-2.849176028486329,-1.0288432408956598,-4.018712213670688,-1.4994702732588312,4.483450953633789,-1.1872775276361491,0.7552500191792046,8.756561767425728,-1.8689277826077844,2.1393516474573953,1.8672893378927091,6.4694711111475565,-1.1801746748346875,-2.5018160192402705,-0.4951531493597214,-3.505316272959035,0.7013706921857683,0.3698697550549223,-2.571721237988631,6.7154356267210655,-1.4406383900166442,2.5297403269198275,-0.9405063871608665,1.928753365977244,-7.918340500129739,-3.0288699025430583,1.5057780278068307,-3.6541233565123115,-0.6531547577025693,-1.8998555606690866,0.4695985110251708,1.527637395075269,-0.49627671071614593,0.04272425275520032
-0.09396092635874985,0.36789417143198416,-1.0843412365634049,-1.3780859903860863,0.8904567436083209,-2.357183861667281,0.9166021976184539,0.7851079605567242,-0.02147303873648019,2.3648903367162624,-1.6464040462607918,1.2142432505724117,0.03922079799649867,-0.16465837480239867,1.3263376927924488,-0.2088953963842319,-1.8689277826077844,1.3981579625401064,-0.16768568294674133,-0.34275149128581334,-1.9660566105419879,-1.5590104568052061,1.229361453374968,-0.76310796458008,0.05173951233529082,-1.1133035640670357,-0.38504803205296095,0.33972018818304256,-0.1810075009101623,-0.031614101955832065,-0.4983359174757726,0.8526148488985181,0.9345859212112066,2.007142002765772,-0.4146322668197451,-0.20792219879392868,2.3909165691406318,0.930851551243083,0.08049369790613325,-0.21225085311987837,-0.570970792852239,-1.6516954061079188,0.24215399108987443
0.37660846374667356,0.013673106413539986,-0.2718723155695591,0.2340684365706151,-0.5971063237208082,-1.4779660664343661,-0.3314338141980283,0.3662439867251115,-0.1129970536836218,-0.13224415860676908,-0.7693398100120358,-0.8336341393782769,-0.43109162865090883,1.344737678543014,0.0747420071394217,0.19046387841246892,2.1393516474573953,-0.16768568294674133,0.6414302700148791,0.4354450565280995,1.4097221772445383,-0.8729615024067616,-0.3971824877146448,-0.3658228789839278,-1.0449356352297683,-0.11742321134214702,-0.007454611540418055,-0.6837437605470589,2.010507047168652,-0.47817593460644425,0.6352425532525683,-0.03672379978349603,0.8521943931601504,-1.8028537033614829,-1.0782893547918933,0.41319291374830075,-0.40439386213769757,0.09433868945635841,-0.5436399061427724,0.11585274820359011,0.3288935309713375,-0.6787559421047861,0.044736603566501706
0.29587059449335046,-0.032035863945891085,-0.037872004574584006,0.43566942214419085,-0.6078387957015247,-0.6926367996328204,-0.3859904671067732,0.08692670612533718,-0.10297980863252386,-0.5681255478716332,-0.34626979636886396,-0.8844139002261043,-0.35283811153863975,0.9791964136809174,-0.2506180748936908,0.13776860886177647,1.8672893378927091,-0.34275149128581334,0.4354450565280995,0.4400629080044582,1.34874917439505,-0.2889789813800115,-0.5082050464859836,-0.1606834679141509,-0.7996371921601444,0.10642188194827813,0.07137938472186622,-0.565376058063713,1.4938592867726364,-0.2966845320380789,0.536520203886917,-0.16895105482919,0.4952582406437149,-1.712705582091499,-0.6721911387348755,0.3143581602316374,-0.7129777938854372,-0.12122688473292316,-0.43862361777379016,0.05858158909417951,0.2843617539031333,-0.152257289098624,0.06339547361541169
0.8695488844716619,-0.38342159476770543,0.7094631961516261,2.1301614484980598,-2.2687269428522936,-0.18814278057522468,-1.7312405674027538,-0.248870839802113,-0.22832937577375037,-3.136633053992512,0.3316236968816251,-3.180098801482984,-0.9443204548277313,2.847641998425697,-1.5082980168702609,0.5850598233617187,6.4694711111475565,-1.9660566105419879,1.4097221772445383,1.34874917439505,5.122732240736233,0.19139460780630793,-2.2561928298469365,0.14278252205553438,-2.1823304216576465,1.0830446631561415,0.4528154099097346,-1.7777658114445924,4.227683676046982,-0.8644968998574961,1.8445706170418399,-1.0768650896855896,0.6370382714920785,-6.037722206158691,-1.6148866733979943,1.0454806422760863,-3.644393328212458,-0.9471256712142174,-1.2141489504675398,0.41078823916020785,1.2708743849519797,0.6651020686648714,-0.11372535380433499
-0.5178234265658594,-0.5086283475009742,1.8942685670179107,1.4201569369766138,-0.1577617309734226,5.629561206854039,-0.6444283812943534,-1.6612780912830913,0.22052881197385174,-2.8964885428141756,3.483102562612422,-0.1825347186436693,0.6827233025773147,-2.0753832347125623,-1.8787975944944486,-0.04961537833604594,-1.1801746748346875,-1.5590104568052061,-0.8729615024067616,-0.2889789813800115,0.19139460780630793,3.5467810081804267,-0.9456217122179483,1.630111532927738,1.7120727537239862,1.6693616140601648,0.5212232402205781,0.7169435984561908,-3.1879845682458527,0.8575450476559544,-0.4254665536707926,-1.0625352692452978,-2.685488572034288,0.42309178607098136,2.385808362396823,-0.4302579591590285,-2.4660567623868515,-1.3898923556874996,0.820122646779102,0.08188883122706533,0.19204617230461976,3.3375274796787155,-0.3947583207943623
-0.24823023910502792,0.29054940290385184,-0.7698740674729377,-1.2641911725767023,1.0159733371382988,-1.2948290222090033,0.9043885643824998,0.5113196127063884,0.043571000349969635,2.057153460454788,-0.9967479316523462,1.4128557475758137,0.2389380209884618,-0.7220390560775913,1.1059052524126507,-0.24166753905917204,-2.5018160192402705,1.229361453374968,-0.3971824877146448,-0.5082050464859836,-2.2561928298469365,-0.9456217122179483,1.2035495770394167,-0.4607495532307723,0.5216860134819669,-0.8747097290783823,-0.3222286988396972,0.5910504333755033,-1.0443019824501665,0.16521112160944662,-0.6918214577193923,0.7240494841606204,0.3828348599630632,2.4978038969670027,0.11530758291183947,-0.34662971214853255,2.173401040307118,0.7467188628112998,0.3218721442051811,-0.19989077047405646,-0.5971247669612166,-1.0995090319489185,0.1485669832167218
-0.2399467856500435,-0.25490153545144795,0.913902688290303,0.672000752138263,-0.08237948997096538,2.6658606577948847,-0.3260233328444473,-0.7602501531824508,0.1158069893947935,-1.35624321491037,1.6843301764088627,-0.07464233855890515,0.3318116729284758,-0.9385943162875917,-0.8559366634059722,0.0023430900902486253,-0.4951531493597214,-0.76310796458008,-0.3658228789839278,-0.1606834679141509,0.14278252205553438,1.630111532927738,-0.4607495532307723,0.784517155413044,0.8060668433097665,0.7962988216052691,0.24346890831837542,0.3281777615513963,-1.4670847223899213,0.3711811315159057,-0.17820583242206106,-0.5127479102115847,-1.2809453759247136,0.1792830901537177,1.0881100345968477,-0.1815255573267964,-1.1899883079200446,-0.6465847297020797,0.3925180958260914,0.07679062840568156,0.13134062386072945,1.5473071122515438,-0.22774751128008366
-0.6638210005794097,-0.10867319446766992,0.6900164312625644,-0.2315798448322282,0.9475743849633285,3.041385542595884,0.42911588851618204,-0.724719341109754,0.23467215024422194,-0.06353587238836841,1.719943272469758,1.3765426208447034,0.8016932929405876,-2.339294267671653,-0.2528081805721072,-0.26184157170087624,-3.505316272959035,0.05173951233529082,-1.0449356352297683,-0.7996371921601444,-2.1823304216576465,1.7120727537239862,0.5216860134819669,0.8060668433097665,1.893404354233549,0.3870985892837737,0.06167091246166731,1.1770663665266723,-3.558097197985863,0.802706377983178,-1.0395770684733754,-0.07613669440776032,-1.7131340211513713,2.9633994890772426,1.9404352948834114,-0.6772631754984978,0.34816750875290836,-0.28079795362560017,0.9920676887760698,-0.09797655848606593,-0.4311737729044566,1.405664944528408,-0.20606131400988584
-0.07554442715844678,-0.3177369817173839,1.0290521067165126,1.0658254607714344,-0.5056357739324325,2.5985353029619787,-0.6389854973684399,-0.8102058501926606,0.06616785511624262,-1.9384451089255852,1.710768594804544,-0.678712270309116,0.14593328407276016,-0.4107225026232424,-1.1455100298596057,0.1007948389819649,0.7013706921857683,-1.1133035640670357,-0.11742321134214702,0.10642188194827813,1.0830446631561415,1.6693616140601648,-0.8747097290783823,0.7962988216052691,0.3870985892837737,0.9883365360452058,0.3274879639240835,-0.005740140956520549,-0.6719472825735306,0.21972862865176399,0.16103322119657512,-0.7052673852086694,-1.1413203018401805,-0.9515803225605969,0.7897121624029917,0.007589510185676499,-1.852721333836193,-0.8227512312007739,0.15703300588816543,0.13595708742464102,0.3508978946051626,1.6693861158882863,-0.22780695833654335
-0.0013288595486330337,-0.1042184524198988,0.3285279072721782,0.37932659363888294,-0.2112505509856544,0.7850000336704491,-0.23539986764926976,-0.25756614778318954,0.01218112505610493,-0.6731905860611301,0.5226469579495626,-0.29076023225092423,0.018586987366955948,-0.058899050220747866,-0.3930483884540161,0.041225848706554664,0.3698697550549223,-0.38504803205296095,-0.007454611540418055,0.07137938472186622,0.4528154099097346,0.5212232402205781,-0.3222286988396972,0.24346890831837542,0.06167091246166731,0.3274879639240835,0.11207122014199723,-0.04586772498841084,-0.10206106142398295,0.0505350158677609,0.09253808418642255,-0.2406393023212841,-0.3289313618227255,-0.4422633902836731,0.2055105858095262,0.025507296329735873,-0.6537349728984346,-0.27685693637760556,0.015708197281435195,0.04555625347333409,0.13252680202775668,0.5304516154691984,-0.06514116570923
-0.42960367344264894,0.014614280462436256,0.1863718230781598,-0.4439785196333073,0.7786759344070443,1.356516026095445,0.4664065037144799,-0.27663359313546426,0.13882934368779207,0.47705667004699753,0.6958489647470362,1.112098752851065,0.5015349694768289,-1.4796950846626142,0.131937045887417,-0.20900625511609308,-2.571721237988631,0.33972018818304256,-0.6837437605470589,-0.565376058063713,-1.7777658114445924,0.7169435984561908,0.5910504333755033,0.3281777615513963,1.1770663665266723,-0.005740140956520549,-0.04586772498841084,0.7997964056492318,-2.2332818502929914,0.4900554603680885,-0.7509458145685737,0.1404203302547345,-0.8494517047505222,2.2648854533308262,1.1071560209871032,-0.4641952961630888,0.7392028961055331,0.02973298880329092,0.6280914440139809,-0.10964909433837773,-0.39359711275969633,0.5065923780153736,-0.07064267299980803
1.2541716437670318,0.17523357076638296,-1.2319124395657501,0.4946131730753652,-1.8236295879163087,-5.601730165008008,-0.8642719531140978,1.3491242435039577,-0.42900270113892996,0.028841644210239232,-3.1227779539250085,-2.6252692293521465,-1.498303216915774,4.43574397943475,0.4460398689606582,0.5237912427324593,6.7154356267210655,-0.1810075009101623,2.010507047168652,1.4938592867726364,4.227683676046982,-3.1879845682458527,-1.0443019824501665,-1.4670847223899213,-3.558097197985863,-0.6719472825735306,-0.10206106142398295,-2.2332818502929914,6.721166559646411,-1.535996580052121,1.993377991342141,0.09666410453372272,3.1645005324844604,-5.666363103120956,-3.6595592728937723,1.2997334342031623,-0.7784963139237223,0.49650139452143677,-1.8611531629686036,0.22705889400595525,0.8704499648973146,-2.5940879450379155,0.3392406688887759
-0.2806928362712201,-0.05289991603642902,0.33570389519871374,-0.021426196967577135,0.359076150890318,1.4169153851509473,0.15083146441362189,-0.3751508843646464,0.08963526329772153,-0.17207977266346317,0.7853049044981101,0.5041416918650043,0.328910795623807,-1.0227649714212406,-0.2123532396748573,-0.12387084982458628,-1.4406383900166442,-0.031614101955832065,-0.47817593460644425,-0.2966845320380789,-0.8644968998574961,0.8575450476559544,0.16521112160944662,0.3711811315159057,0.802706377983178,0.21972862865176399,0.0505350158677609,0.4900554603680885,-1.535996580052121,0.37462621075285185,-0.4345016980422182,-0.07014068900005246,-0.7675985648088863,1.1630951553892548,0.8835943021173404,-0.29624388623037023,0.036477762862895356,-0.18122704584488572,0.4113333090711465,-0.06596809187641105,-0.1894033911673178,0.7175113948225215,-0.061659720433588756
0.3908603827603132,-0.0675357945986269,-0.008512450489622132,0.5800003913828129,-0.8077982374668288,-0.8615589062183325,-0.5415129005457491,0.14080898304438674,-0.11555371652252604,-0.741892010739016,-0.37192072756306815,-1.1396634651343673,-0.4427106463283037,1.3314159864464434,-0.2905409319626247,0.21916501608027766,2.5297403269198275,-0.4983359174757726,0.6352425532525683,0.536520203886917,1.8445706170418399,-0.4254665536707926,-0.6918214577193923,-0.17820583242206106,-1.0395770684733754,0.16103322119657512,0.09253808418642255,-0.7509458145685737,1.993377991342141,-0.4345016980422182,0.7335253922859267,-0.24389441793111227,0.6122169397982127,-2.2684420369154505,-0.9238860887479436,0.44160204418981525,-0.9853793958934154,-0.1518889618300446,-0.5604884322559974,0.13565767911137291,0.4350417047373355,-0.2237219169563255,0.017288551557645523
-0.019360370276879837,0.23014398262088193,-0.7029539649473769,-0.8339088268635124,0.4924409156639235,-1.6209247280863393,0.5358877761176688,0.527534472384308,-0.024775610516143253,1.459331028482351,-1.1040018245992755,0.6700699371406057,-0.020016357614931785,0.037933422448257405,0.8345412859270411,-0.10966923968563129,-0.9405063871608665,0.8526148488985181,-0.03672379978349603,-0.16895105482919,-1.0768650896855896,-1.0625352692452978,0.7240494841606204,-0.5127479102115847,-0.07613669440776032,-0.7052673852086694,-0.2406393023212841,0.1404203302547345,0.09666410453372272,-0.07014068900005246,-0.24389441793111227,0.526872813346898,0.6700072507222472,1.0625578302357324,-0.3709874460543967,-0.08608648276265361,1.4463561337245925,0.5897306287145951,-0.0060889428439966685,-0.11917367045314277,-0.32041188026366674,-1.0996979588443676,0.15435328754951722
0.5477094323212276,0.35843882758857254,-1.4002576246127316,-0.7568584969766351,-0.24896937151856455,-4.470741949163068,0.24691856311521043,1.2257535184370507,-0.230782970961444,1.7260069889796383,-2.745758138855929,-0.4155675660540722,-0.7126817130681075,2.0503121939943494,1.1709684949462713,0.09751821715830124,1.928753365977244,0.9345859212112066,0.8521943931601504,0.4952582406437149,0.6370382714920785,-2.685488572034288,0.3828348599630632,-1.2809453759247136,-1.7131340211513713,-1.1413203018401805,-0.3289313618227255,-0.8494517047505222,3.1645005324844604,-0.7675985648088863,0.6122169397982127,0.6700072507222472,2.2406432390206366,-1.3262265132908888,-2.089350249926322,0.48161565858546485,1.360157658596222,0.9166750944212704,-0.8599198257037676,-0.055594395303060255,3.163347137084652e-4,-2.4656045537018096,0.3570390304823937
-1.142318646576344,0.3365641113687502,-0.44128588333657576,-2.2688733852477054,2.681196635237582,1.3748299934002406,1.9175009878013671,-0.0022222944279742763,0.33549811754298714,3.197449805765481,0.3625946320031782,3.79838237985661,1.2854160149451337,-3.7797084171920576,1.4760836732060525,-0.675643310904667,-7.918340500129739,2.007142002765772,-1.8028537033614829,-1.712705582091499,-6.037722206158691,0.42309178607098136,2.4978038969670027,0.1792830901537177,2.9633994890772426,-0.9515803225605969,-0.4422633902836731,2.2648854533308262,-5.666363103120956,1.1630951553892548,-2.2684420369154505,1.0625578302357324,-1.3262265132908888,7.306499393348251,2.3663791832957375,-1.3114094782358778,3.8411986490468926,0.8703635892120525,1.6312373914412195,-0.42220109483007257,-1.429026641828236,-0.1650419484550724,-0.0024339973114485694
-0.6578491202656535,-0.22577837807156037,1.0778596800876443,0.254119847869667,0.6690130998801975,3.979372014643829,0.14165274860267615,-1.0616700470542422,0.23530100613740176,-0.9299155261828648,2.3181086250725036,0.9711810673723101,0.802229404450618,-2.410309600403887,-0.7773880016485556,-0.2282626169015831,-3.0288699025430583,-0.4146322668197451,-1.0782893547918933,-0.6721911387348755,-1.6148866733979943,2.385808362396823,0.11530758291183947,1.0881100345968477,1.9404352948834114,0.7897121624029917,0.2055105858095262,1.1071560209871032,-3.6595592728937723,0.8835943021173404,-0.9238860887479436,-0.3709874460543967,-2.089350249926322,2.3663791832957375,2.20260828533058,-0.6525175667519169,-0.46688008294808686,-0.6369831314888178,0.9893781791304778,-0.07335856859135854,-0.2920236802455067,2.0821137381100074,-0.24733517297020477
0.24884101384039894,-0.015143518386109483,-0.09770970264789614,0.2566134248365909,-0.45137882519960437,-0.7742343854017628,-0.27804881994030406,0.16890047906876407,-0.07462317288453102,-0.2706390572622979,-0.3811688709775727,-0.6345786106083786,-0.2839324156340813,0.8681692619319286,-0.06298882119864811,0.131474713912008,1.5057780278068307,-0.20792219879392868,0.41319291374830075,0.3143581602316374,1.0454806422760863,-0.4302579591590285,-0.34662971214853255,-0.1815255573267964,-0.6772631754984978,0.007589510185676499,0.025507296329735873,-0.4641952961630888,1.2997334342031623,-0.29624388623037023,0.44160204418981525,-0.08608648276265361,0.48161565858546485,-1.3114094782358778,-0.6525175667519169,0.2762612874921748,-0.43744604456991903,-0.013519342155039504,-0.35849060497699964,0.07989311127101861,0.24429129225435775,-0.30241027057641,0.022276328887507718
-0.2500671373250118,0.6075749711214854,-1.7541855068844203,-2.396352461793371,1.6542275142482845,-3.622005681324333,1.6195930817744901,1.2617171213089284,0.002381251572231503,4.057092457430007,-2.565122300108593,2.2807477159995098,0.18363436877871842,-0.5807623318445472,2.260282262755584,-0.3794485445138515,-3.6541233565123115,2.3909165691406318,-0.40439386213769757,-0.7129777938854372,-3.644393328212458,-2.4660567623868515,2.173401040307118,-1.1899883079200446,0.34816750875290836,-1.852721333836193,-0.6537349728984346,0.7392028961055331,-0.7784963139237223,0.036477762862895356,-0.9853793958934154,1.4463561337245925,1.360157658596222,3.8411986490468926,-0.46688008294808686,-0.43744604456991903,4.13661281197543,1.5645233185899978,0.27822748663722957,-0.35499624870510627,-1.015388463052124,-2.6581331141162674,0.36265370763161253
0.04929696771732168,0.2594182104986747,-0.8445166512649598,-0.9069499843143669,0.44807153321956794,-2.118466356709763,0.5414004217164647,0.6784787679147235,-0.044701172156611464,1.6436699161894939,-1.3860044502263982,0.6141437159368889,-0.09907834003245618,0.3077129950357613,0.9770433062338529,-0.07999980229536577,-0.6531547577025693,0.930851551243083,0.09433868945635841,-0.12122688473292316,-0.9471256712142174,-1.3898923556874996,0.7467188628112998,-0.6465847297020797,-0.28079795362560017,-0.8227512312007739,-0.27685693637760556,0.02973298880329092,0.49650139452143677,-0.18122704584488572,-0.1518889618300446,0.5897306287145951,0.9166750944212704,0.8703635892120525,-0.6369831314888178,-0.013519342155039504,1.5645233185899978,0.6935980991064005,-0.10558312502151757,-0.10012205971992252,-0.2890516221004393,-1.390151341267573,0.1686182538545146
-0.35034632998454857,-0.04480326198793559,0.3198892891231649,-0.17938551575138165,0.5318304444419466,1.493122383457487,0.25883046196849824,-0.34092934464609964,0.12444472190904705,0.06990465006783927,0.8391687088178418,0.7746579821965534,0.4236926111544131,-1.2222943643634399,-0.06867615263696614,-0.14030169978500048,-1.8998555606690866,0.08049369790613325,-0.5436399061427724,-0.43862361777379016,-1.2141489504675398,0.820122646779102,0.3218721442051811,0.3925180958260914,0.9920676887760698,0.15703300588816543,0.015708197281435195,0.6280914440139809,-1.8611531629686036,0.4113333090711465,-0.5604884322559974,-0.0060889428439966685,-0.8599198257037676,1.6312373914412195,0.9893781791304778,-0.35849060497699964,0.27822748663722957,-0.10558312502151757,0.5241082512252124,-0.051380101018609486,-0.24091433752154295,0.6589744244888639,-0.10689233230695548
0.04778351036042144,-0.05787812198930278,0.12971481923907638,0.19325430828925527,-0.16900467229864047,0.1750511319371796,-0.1613685538467299,-0.04625888759450042,0.0031541150993889995,-0.29642027764869566,0.1747436631989074,-0.21239365388694922,-0.03297767049311111,0.17067438267675128,-0.13174371017702627,0.0645441203196787,0.4695985110251708,-0.21225085311987837,0.11585274820359011,0.05858158909417951,0.41078823916020785,0.08188883122706533,-0.19989077047405646,0.07679062840568156,-0.09797655848606593,0.13595708742464102,0.04555625347333409,-0.10964909433837773,0.22705889400595525,-0.06596809187641105,0.13565767911137291,-0.11917367045314277,-0.055594395303060255,-0.42220109483007257,-0.07335856859135854,0.07989311127101861,-0.35499624870510627,-0.10012205971992252,-0.051380101018609486,0.06996972686555576,0.13455696207006762,0.12343813979836393,-0.06251578844864886
0.1833921119186562,-0.13021832485935847,0.2838921616339706,0.5808828551638553,-0.5536265728370918,0.2549254896755825,-0.4630813105888187,-0.12505130099934686,-0.03276302148535547,-0.8856183775364279,0.2940487730879418,-0.7545635912856895,-0.18042564708322334,0.6032730046325177,-0.42907707966313785,0.15829865286258762,1.527637395075269,-0.570970792852239,0.3288935309713375,0.2843617539031333,1.2708743849519797,0.19204617230461976,-0.5971247669612166,0.13134062386072945,-0.4311737729044566,0.3508978946051626,0.13252680202775668,-0.39359711275969633,0.8704499648973146,-0.1894033911673178,0.4350417047373355,-0.32041188026366674,3.163347137084652e-4,-1.429026641828236,-0.2920236802455067,0.24429129225435775,-1.015388463052124,-0.2890516221004393,-0.24091433752154295,0.13455696207006762,0.34645754775771853,0.3071307962878002,-0.0829628391900893
-0.40485406492564324,-0.5162758969893634,1.8484373459002255,1.5305544492974181,-0.35945795180069057,5.2703785884037,-0.77010169873989065,-1.5771047953491837,0.1886964948780076,-3.006855778449475,3.310205567108454,-0.4625335550590109,0.5558306936771351,-1.6759849501062813,-1.896395026301806,0.01346823519661587,-0.49627671071614593,-1.6516954061079188,-0.6787559421047861,-0.152257289098624,0.6651020686648714,3.3375274796787155,-1.0995090319489185,1.5473071122515438,1.405664944528408,1.6693861158882863,0.5304516154691984,0.5065923780153736,-2.5940879450379155,0.7175113948225215,-0.2237219169563255,-1.0996979588443676,-2.4656045537018096,-0.1650419484550724,2.0821137381100074,-0.30241027057641,-2.6581331141162674,-1.390151341267573,0.6589744244888639,0.12343813979836393,0.3071307962878002,3.1886918432286016,-0.3906503543134961
0.05651890573668035,0.0859964112902749,-0.27042538895199786,-0.19161144869503016,0.03974335804042331,-0.7271932101133162,0.11758113972583585,0.18144810639612097,-0.04249384221261436,0.3669210898787733,-0.4977902594621707,0.020847879976184563,-0.09596689989938828,0.19910043123185628,0.2044437510692271,-0.029765116993030048,0.04272425275520032,0.24215399108987443,0.044736603566501706,0.06339547361541169,-0.11372535380433499,-0.3947583207943623,0.1485669832167218,-0.22774751128008366,-0.20606131400988584,-0.22780695833654335,-0.06514116570923,-0.07064267299980803,0.3392406688887759,-0.061659720433588756,0.017288551557645523,0.15435328754951722,0.3570390304823937,-0.0024339973114485694,-0.24733517297020477,0.022276328887507718,0.36265370763161253,0.1686182538545146,-0.10689233230695548,-0.06251578844864886,-0.0829628391900893,-0.3906503543134961,0.10521742057551665
