V1,V2,V3,V4,V5,V6,V7,V8,V9,V10,V11,V12,V13,V14,V15,V16,V17,V18,V19,V20,V21,V22,V23,V24,V25,V26,V27,V28,V29,V30,V31,V32,V33,V34,V35,V36,V37,V38,V39,V40,V41,V42,V43
0.12119807967659067,0.016297741946543817,-0.10366930863288223,0.08116126920127628,-0.19412477047739357,-0.4885046036029784,-0.0941517949434705,0.09773133778411575,-0.04758874704571816,-0.06219699375945196,-0.2841770027950346,-0.2908337549291661,-0.15154356791190046,0.4103912227088916,-0.007348183300127647,0.041385998913077225,0.6614401428098473,-0.03688313929470301,0.17266171930821098,0.1669060526865722,0.4285282901128261,-0.2450991403518039,-0.123419241670775,-0.13149574596411104,-0.3443590143018769,-0.04207352779564524,9.913623849703262e-4,-0.2188238547352494,0.633761746446401,-0.12895648331619947,0.1926754256827953,-0.005487615692001212,0.2907175547546456,-0.5867070268068172,-0.32247531805784857,0.11881196190117072,-0.12013658211292197,0.01970982371885032,-0.18533452629488234,0.005552866759559043,0.07547788451919207,-0.1941724466241851,0.05026833428873895
0.016297741946543817,0.2690616431850351,-0.4819204993203817,-0.10183153570357235,0.06006441504154175,-0.7310333213619782,0.33934914022023516,-0.19353921568311053,-0.20915969289018624,0.028852605973571383,-0.9713549556779124,-0.26752218602546957,-0.25411409787874595,-0.30465079447653165,-0.32796742670179463,-0.3657656528950178,-0.5964500900185266,0.5112132360537404,-0.5636316051170893,0.4491699961758523,-0.639893685544291,0.3001529017553898,0.24312811283885322,-0.3949151336688182,-0.2200353007727,-0.2652507295875972,-0.004171841927362219,0.019012090265558515,-0.09247247893366606,0.3904606208480494,-0.23269579160375908,0.24583744572091176,0.5111283210188086,0.06059024217429669,0.271250419070288,-0.24659242933052924,0.5284901059538449,-0.027001313555489553,-0.21435691758709136,-0.5798783715377681,-0.5957659080737929,0.09952776892152654,0.6702452278464759
-0.10366930863288223,-0.4819204993203817,1.0272192566907556,0.40188815352881235,-0.13131404725509832,2.0081530394363285,-0.617708661064827,0.0049259801819477025,0.3415659237470034,-0.548557523074355,2.006472617140436,0.33777235591800653,0.47906484719825915,0.12194803891378389,0.15615479225798626,0.5321492433443322,0.7258841203307695,-1.0237446133305006,0.6910669265172882,-0.6962779662004439,1.0080797697551371,0.15265389178415412,-0.5307964193045611,0.851508769700958,0.5914782602987468,0.6750656323726972,0.0963415325486766,0.07830182866332275,-0.3641123182629059,-0.4357838823887928,0.2839615310866142,-0.5454276267517174,-1.1918201665930452,-0.06352063814571401,-0.011996587543919631,0.2975097816320752,-1.212830962215151,-0.19914103091828664,0.44168344608356996,0.866482321141169,0.9146234237519949,0.4153896621361639,-1.048859233244995
0.08116126920127628,-0.10183153570357235,0.40188815352881235,0.7369375731295936,-0.5058243576414209,0.9369175829340094,-0.3996498272673637,-0.4829060570136668,-0.07315282584037247,-1.3024221721624625,0.4987593504803447,-0.8212741519883878,-0.1429889676591836,0.060125297938751196,-0.8496291237361903,-0.009434638288553884,0.9408085472679087,-0.5911943047023512,-0.07816506122919678,0.3835424179012531,0.9331637458731594,0.9184893934592646,-0.6122313276288991,0.2512094279837201,-0.17512988259634565,0.5081674837946577,0.21050685783559822,-0.2225545656192622,0.18939940818399412,0.1336261759860352,0.2273434956228182,-0.38106527283292624,-0.27252936985524095,-1.1962428527958024,0.26350307316596955,0.04822813327061882,-1.1471818813483,-0.5179713283103361,-0.15787981940351167,-0.09200644339263232,0.11311499355072242,0.9067258856626447,0.11914770850654308
-0.19412477047739357,0.06006441504154175,-0.13131404725509832,-0.5058243576414209,0.5201985108388487,0.04216242397087919,0.3649010083947262,0.11653188601397531,0.07861538104775097,0.7771956290077603,-0.0037353069456493556,0.7785762450395185,0.2422339156345333,-0.5774843381140247,0.43158683706297885,-0.08246675837450364,-1.3920994157824726,0.4119974167412267,-0.22991576212920328,-0.37120168317124563,-1.099507361975855,-0.15382016649091237,0.5059836553716486,-0.007350394702891031,0.5050527822244338,-0.24451187001151942,-0.11418023623605329,0.39583033529802214,-0.9067282346279246,0.12853512444217965,-0.386264878533601,0.2344576857678764,-0.17008395050951838,1.3827155397289461,0.2907498972599468,-0.19903441293486435,0.8155167654402627,0.24949532677692862,0.29652015762687356,-0.01407208941011247,-0.21314620221064934,-0.23100847932204674,-0.06182180669413584
-0.4885046036029784,-0.7310333213619782,2.0081530394363285,0.9369175829340094,0.04216242397087919,5.149484856791635,-0.7889814569998278,-0.8627078614540802,0.5008078988765345,-1.7695283990393085,3.9283022568223114,0.6224383057006629,0.9764238915458092,-1.3247350598013239,-0.6767175230360855,0.45858755568598886,-0.6347712012791336,-1.6776195523712492,0.0833458126402833,-1.036806775065168,0.5559350390271692,2.0512680249445903,-0.8000372929132157,1.749003232779037,1.793372332639599,1.4773151232190598,0.3287781908417093,0.6752453739071657,-2.5914826316824464,0.11033733623153326,-0.14880610517773682,-1.0155932377639163,-2.763194001394396,0.8646238294385815,1.4633992957623134,-0.044499522356254456,-2.168824757884511,-0.8472071356844645,1.043128220187477,0.8972695522468376,0.9069834412701192,2.1565691346122615,-1.290498232088101
-0.0941517949434705,0.33934914022023516,-0.617708661064827,-0.3996498272673637,0.3649010083947262,-0.7889814569998278,0.5930517959646765,-0.16044415011288637,-0.1929160330199554,0.4658251810080458,-1.097328255594375,0.13858651267714614,-0.14907661953336057,-0.6849326374907764,-0.1347541435377597,-0.4645310454828187,-1.4795335811664103,0.8126028224315213,-0.777499097438119,0.29944135253920756,-1.3569655659090487,0.267794681178955,0.5626994559727196,-0.44866416162789924,0.043664933395210305,-0.43598356368390484,-0.06800554563634577,0.2503188785115574,-0.6349659348526298,0.5220109983003274,-0.48754865499287087,0.4103498936732229,0.4760284534188256,0.8600432479802212,0.48429589323541206,-0.3965398627339794,1.0592971093951078,0.10645788798881016,-0.07222085346306553,-0.6692677139576908,-0.8006258843267269,-0.005928384538951076,0.7278697531193205
0.09773133778411575,-0.19353921568311053,0.0049259801819477025,-0.4829060570136668,0.11653188601397531,-0.8627078614540802,-0.16044415011288637,0.8752660511590868,0.24574117905104786,1.1674736266638932,0.1983580584084734,0.6662004994645315,0.19923161002435177,0.9767505981386813,1.2312680839603547,0.5152042816787284,0.8556493113099906,-0.08068074015797116,1.0359413989556534,-0.6484583414746286,0.5338548015137485,-1.680364226943148,0.11965671243956835,0.006016652951968157,-0.12519847743174475,-0.2600378494065382,-0.20412547891839486,-0.15835615184012994,0.9591071390968929,-0.8125301572280917,0.3666029172394331,0.07813906505544867,0.13695120218330617,0.16412257089932739,-1.116753355398424,0.441581342540466,0.31889193798520443,0.5831709090577987,0.11119020183550554,0.7955569899933342,0.7237580632775646,-1.3449472246899599,-0.839514973105667
-0.04758874704571816,-0.20915969289018624,0.3415659237470034,-0.07315282584037247,0.07861538104775097,0.5008078988765345,-0.1929160330199554,0.24574117905104786,0.19812049767694265,0.24506324374535454,0.7616191306862299,0.4322933783652327,0.2651289391625796,0.1855640208492271,0.44780755543737877,0.30466304002539063,0.21937646679989764,-0.30803255127247675,0.4663868109799339,-0.4801271366973323,0.29141353206614834,-0.4014271945741722,-0.06492840348618184,0.3022799615681634,0.27079291820798657,0.12845329378703216,-0.03870671149535117,0.06023131663858823,-0.05185602157732422,-0.33762457001041835,0.12300916308494875,-0.1305630731277933,-0.4192575576223318,0.273225916560502,-0.23484147776172076,0.181284226294563,-0.1993696203835577,0.12348770510544227,0.23945038586768821,0.507144287987847,0.46938745031470136,-0.2370943421195183,-0.5969659711916501
-0.06219699375945196,0.028852605973571383,-0.548557523074355,-1.3024221721624625,0.7771956290077603,-1.7695283990393085,0.4658251810080458,1.1674736266638932,0.24506324374535454,2.4784613686716983,-0.5624272398333501,1.5351085898375958,0.32019182741936414,0.4582905534021302,1.8853935979899485,0.3074390993434402,-0.8434848397595127,0.7741225406663058,0.6956921547380429,-0.9125493162935965,-1.006454153396637,-2.2265698076303777,0.9228293089284746,-0.3378772968165459,0.1876389257101166,-0.8512520238238541,-0.40901494258024906,0.22797971759110772,0.2579967766819438,-0.6461254079937528,-0.11349243130029577,0.5729421796121178,0.44173188571419386,1.7802359046035405,-0.9913952043813878,0.18136642699793296,1.7781188026018788,1.0518549250111335,0.29183739156686384,0.5848705964801197,0.25601846590418365,-2.019837110543471,-0.6505271328753196
-0.2841770027950346,-0.9713549556779124,2.006472617140436,0.4987593504803447,-0.0037353069456493556,3.9283022568223114,-1.097328255594375,0.1983580584084734,0.7616191306862299,-0.5624272398333501,4.066072810266443,1.1448881228590808,1.107483323309746,0.12565897318738734,0.704159156078878,1.111255236898006,0.9423782877756604,-1.8801667568195572,1.4420332311961845,-1.6735370772228757,1.5973884464632553,-0.02201056496965418,-0.8137238677124767,1.7108995066505346,1.4065723366479332,1.2044798196949327,0.10932661028682741,0.31793041580653947,-1.0086681863690865,-0.9414080538843446,0.4473820814114379,-0.9761793194770461,-2.456536752599637,0.5422807396141506,-0.05961534048416104,0.573464663501976,-2.0112115403529094,-0.19499679169041859,1.0440962756304006,1.8588556950160633,1.8518638253815658,0.5220452076903765,-2.267964911307808
-0.2908337549291661,-0.26752218602546957,0.33777235591800653,-0.8212741519883878,0.7785762450395185,0.6224383057006629,0.13858651267714614,0.6662004994645315,0.4322933783652327,1.5351085898375958,1.1448881228590808,1.7166899276487844,0.7234084204839025,-0.2592440553329907,1.4166368995240832,0.43943629338256296,-1.2378018692970019,0.04346044786023643,0.5909308136448141,-1.2804946940566575,-0.8315773532982222,-1.0899633347038151,0.5519501795767795,0.43357718757067276,0.9954453388666976,-0.16268929045943084,-0.23556507113164618,0.5469085797346447,-1.0156515873976881,-0.48625477925938465,-0.22856697383514216,0.11323466237256216,-0.7967160901040585,2.136169064649902,-0.19273729639704168,0.10161931322424186,0.7747828584022796,0.5971802955556984,0.7364576654551861,0.8719511809534936,0.557715082022669,-0.882550538523649,-1.1050204444361045
-0.15154356791190046,-0.25411409787874595,0.47906484719825915,-0.1429889676591836,0.2422339156345333,0.9764238915458092,-0.14907661953336057,0.19923161002435177,0.2651289391625796,0.32019182741936414,1.107483323309746,0.7234084204839025,0.4251834035606508,-0.11697902490580002,0.5126723985088266,0.31633923038492207,-0.27276512231330213,-0.3290037661905746,0.39566451753879117,-0.6822930576538888,-0.002552462973440925,-0.25551161059110905,0.019584062715421516,0.4550768410838474,0.5866966461756367,0.18572101502707966,-0.043419826524469775,0.24345792932201596,-0.568313824691719,-0.28257232681239475,-0.012002518389482497,-0.14874823101728196,-0.7177807986236378,0.7758721073101673,-0.007601057039095823,0.1128327292770772,-0.14200285662555903,0.1214220134038201,0.4227903017311883,0.5769188312440754,0.4790327084593983,-0.10798526007169083,-0.7247611693729445
0.4103912227088916,-0.30465079447653165,0.12194803891378389,0.060125297938751196,-0.5774843381140247,-1.3247350598013239,-0.6849326374907764,0.9767505981386813,0.1855640208492271,0.4582905534021302,0.12565897318738734,-0.2592440553329907,-0.11697902490580002,2.086637496121035,0.983656388889738,0.7528929423019877,3.043581406291876,-0.6196438425291974,1.6310552072818378,-0.27130267980353795,2.188547434962134,-1.9856523849775796,-0.5256306096747521,-0.04051912390487909,-0.9214497787231982,-0.038873342272358925,-0.1109837779237906,-0.7741985203459889,2.5646973992110005,-1.213088964392607,1.007439002094946,-0.19325394625736883,0.5026060109635637,-1.744801756944629,-1.8698302651947518,0.8385132662879723,-0.6579768547361141,0.42074016099562006,-0.30641164073983196,0.9986495804899937,1.1842824235874774,-1.4563440348828138,-0.9356692171552877
-0.007348183300127647,-0.32796742670179463,0.15615479225798626,-0.8496291237361903,0.43158683706297885,-0.6767175230360855,-0.1347541435377597,1.2312680839603547,0.44780755543737877,1.8853935979899485,0.704159156078878,1.4166368995240832,0.5126723985088266,0.983656388889738,1.9224411073231122,0.7528044623332992,0.4772332798786015,-0.0908655415790213,1.3922980216587313,-1.2326947123630874,0.2845351326984018,-2.2869190007849385,0.3391530735373715,0.19170341959341433,0.26147931069847197,-0.3398427058494499,-0.316790424162258,0.0399016555384892,0.6592765662412493,-1.0990284349983812,0.3221086377667103,0.12113657669159225,-0.1814590803214709,1.016958877558816,-1.3138149584438332,0.5347143734544707,0.634997136482859,0.876727484461905,0.419491361631515,1.2389333650855407,1.037199942772624,-1.8291390924255404,-1.3821836256717674
0.041385998913077225,-0.3657656528950178,0.5321492433443322,-0.009434638288553884,-0.08246675837450364,0.45858755568598886,-0.4645310454828187,0.5152042816787284,0.30466304002539063,0.3074390993434402,1.111255236898006,0.43943629338256296,0.31633923038492207,0.7528929423019877,0.7528044623332992,0.5901106705198147,1.1158946970184482,-0.6243401644127866,1.0104980941334334,-0.6749022607028069,1.0094655134299377,-0.9210295503233089,-0.27523647027510273,0.4250131102233976,0.12961709084061532,0.21644991343481793,-0.05724103786427426,-0.1251515183953792,0.5584273135668099,-0.7313310299035363,0.4289727525589556,-0.2614761905898171,-0.47569257404425047,-0.16695366090675798,-0.7350082776040615,0.44938863919293415,-0.5432000352122868,0.21413108537726466,0.2350731641803129,0.914000105961414,0.9279665959370182,-0.5741617087246869,-1.0178057158509457
0.6614401428098473,-0.5964500900185266,0.7258841203307695,0.9408085472679087,-1.3920994157824726,-0.6347712012791336,-1.4795335811664103,0.8556493113099906,0.21937646679989764,-0.8434848397595127,0.9423782877756604,-1.2378018692970019,-0.27276512231330213,3.043581406291876,0.4772332798786015,1.1158946970184482,5.438454581133964,-1.6412713375116068,2.3045843241218824,-0.03675608528026295,4.245448342537245,-1.7918258395731486,-1.4783506846682286,0.31021128956138944,-1.4390505562178744,0.577060544095688,0.08471309062741414,-1.3368669896464287,3.8134278448349197,-1.6224468756823285,1.7121150560455136,-0.752853582303324,0.28643827116512355,-3.804424428489028,-2.3670341098921024,1.2760954734806187,-2.3289186593087434,0.005357659768489767,-0.5622780140788536,1.4096283374773344,1.9046335725655772,-1.0248425473626275,-1.3096727152593917
-0.03688313929470301,0.5112132360537404,-1.0237446133305006,-0.5911943047023512,0.4119974167412267,-1.6776195523712492,0.8126028224315213,-0.08068074015797116,-0.30803255127247675,0.7741225406663058,-1.8801667568195572,0.04346044786023643,-0.3290037661905746,-0.6196438425291974,-0.0908655415790213,-0.6243401644127866,-1.6412713375116068,1.2007891581355872,-0.9452256814721419,0.5265089468396599,-1.6724240094062146,0.04758079478543027,0.7703036564772433,-0.788334461958698,-0.22138969661700697,-0.7234287035807869,-0.12278116348667677,0.1907623916567201,-0.36640821533261375,0.6127508618447896,-0.5528193634779812,0.6285160180681701,0.9714745586051073,0.8568320178298638,0.3706227747542987,-0.46594631341689763,1.5490953857127403,0.23499893991329449,-0.24755146364813704,-0.9375871112863856,-1.088782436303011,-0.29594323031250835,1.0672747298270338
0.17266171930821098,-0.5636316051170893,0.6910669265172882,-0.07816506122919678,-0.22991576212920328,0.0833458126402833,-0.777499097438119,1.0359413989556534,0.4663868109799339,0.6956921547380429,1.4420332311961845,0.5909308136448141,0.39566451753879117,1.6310552072818378,1.3922980216587313,1.0104980941334334,2.3045843241218824,-0.9452256814721419,1.8437557756273242,-1.0150748731838581,1.8998086870145365,-1.9327404906019736,-0.45488356395178003,0.5170579334733247,-0.0960854626767151,0.2140864872649544,-0.133836003653887,-0.37961095521904725,1.5093408905045544,-1.353365072138552,0.8507748590513619,-0.35996924236588684,-0.4375520234113045,-0.6246998652957814,-1.5772506029927431,0.8456231996371052,-0.7868114701968961,0.47151774792487894,0.23170398205586606,1.5219496008012332,1.5744944284106328,-1.3110663006935055,-1.641866841701115
0.1669060526865722,0.4491699961758523,-0.6962779662004439,0.3835424179012531,-0.37120168317124563,-1.036806775065168,0.29944135253920756,-0.6484583414746286,-0.4801271366973323,-0.9125493162935965,-1.6735370772228757,-1.2804946940566575,-0.6822930576538888,-0.27130267980353795,-1.2326947123630874,-0.6749022607028069,-0.03675608528026295,0.5265089468396599,-1.0150748731838581,1.2340247880380453,-0.2749376718195359,1.0660748297998293,-0.05357782347234693,-0.6562062901837351,-0.764778853197816,-0.1692629940925399,0.14258299234862298,-0.2634472426821865,0.3678774563051081,0.7537608221740739,-0.15595840380268922,0.19220011139598697,0.9644886212955022,-1.1149210654362567,0.49494937063560407,-0.3575126619479507,0.10980849422593543,-0.4073539439766588,-0.6391567874428394,-1.163562960603389,-1.0026180033976155,0.7093982768548164,1.3905643487648913
0.4285282901128261,-0.639893685544291,1.0080797697551371,0.9331637458731594,-1.099507361975855,0.5559350390271692,-1.3569655659090487,0.5338548015137485,0.29141353206614834,-1.006454153396637,1.5973884464632553,-0.8315773532982222,-0.002552462973440925,2.188547434962134,0.2845351326984018,1.0094655134299377,4.245448342537245,-1.6724240094062146,1.8998086870145365,-0.2749376718195359,3.532891101882307,-1.0600262987796485,-1.3476604903188123,0.6206260796877395,-0.7734286504943423,0.765942783723719,0.12992195675632304,-0.9310684300800937,2.5336300500431266,-1.3046794522325662,1.3511193012945633,-0.8151306176168744,-0.35409251008703346,-2.8511520597404396,-1.6234984593096382,1.027612673637465,-2.3114818008955718,-0.1537971717571638,-0.22317299650778055,1.3484233165961144,1.7434869969726314,-0.4115955571976571,-1.353917150955981
-0.2450991403518039,0.3001529017553898,0.15265389178415412,0.9184893934592646,-0.15382016649091237,2.0512680249445903,0.267794681178955,-1.680364226943148,-0.4014271945741722,-2.2265698076303777,-0.02201056496965418,-1.0899633347038151,-0.25551161059110905,-1.9856523849775796,-2.2869190007849385,-0.9210295503233089,-1.7918258395731486,0.04758079478543027,-1.9327404906019736,1.0660748297998293,-1.0600262987796485,3.2684805399079924,-0.23513887229352787,0.14166182390145782,0.4450246448946179,0.5831217887997611,0.3934175189876693,0.3959625164052595,-2.1008982139211985,1.5255971766667238,-0.733522391261305,-0.20752969844681243,-0.5146712209417629,-0.0736454639059835,2.2246871341757646,-0.8421129772072821,-0.6891333163764412,-1.1244064417363064,-0.08091114453996998,-1.39301525329509,-1.2816044178277088,2.6492690076195187,1.4312798793767063
-0.123419241670775,0.24312811283885322,-0.5307964193045611,-0.6122313276288991,0.5059836553716486,-0.8000372929132157,0.5626994559727196,0.11965671243956835,-0.06492840348618184,0.9228293089284746,-0.8137238677124767,0.5519501795767795,0.019584062715421516,-0.5256306096747521,0.3391530735373715,-0.27523647027510273,-1.4783506846682286,0.7703036564772433,-0.45488356395178003,-0.05357782347234693,-1.3476604903188123,-0.23513887229352787,0.6560766239627772,-0.35217954151996367,0.1934464849692772,-0.4919272780424971,-0.14275268159177015,0.30671060215351464,-0.6132853729617007,0.2688226448394801,-0.44065690783022243,0.4262233038638483,0.3404197637394169,1.2254501448236115,0.22965649543440936,-0.28245831940980287,1.2056137870500852,0.31058217092974344,0.07961700608910965,-0.34523565168618714,-0.5386635624972613,-0.4006308251703042,0.3526582260628272
-0.13149574596411104,-0.3949151336688182,0.851508769700958,0.2512094279837201,-0.007350394702891031,1.749003232779037,-0.44866416162789924,0.006016652951968157,0.3022799615681634,-0.3378772968165459,1.7108995066505346,0.43357718757067276,0.4550768410838474,-0.04051912390487909,0.19170341959341433,0.4250131102233976,0.31021128956138944,-0.788334461958698,0.5170579334733247,-0.6562062901837351,0.6206260796877395,0.14166182390145782,-0.35217954151996367,0.7268754708576993,0.6141140716716584,0.5334851931970053,0.063949419706085,0.15321278341902658,-0.5242883491161792,-0.325393700467057,0.15340084794040662,-0.42000072245921094,-1.0585372283712968,0.22847787072577494,0.07865211541286495,0.20194124129053131,-0.8765745003130756,-0.13351269257704343,0.4366133863308016,0.7180978679085067,0.719798327495355,0.34185675823736966,-0.8887687876929921
-0.3443590143018769,-0.2200353007727,0.5914782602987468,-0.17512988259634565,0.5050527822244338,1.793372332639599,0.043664933395210305,-0.12519847743174475,0.27079291820798657,0.1876389257101166,1.4065723366479332,0.9954453388666976,0.5866966461756367,-0.9214497787231982,0.26147931069847197,0.12961709084061532,-1.4390505562178744,-0.22138969661700697,-0.0960854626767151,-0.764778853197816,-0.7734286504943423,0.4450246448946179,0.1934464849692772,0.6141140716716584,1.0920317627856047,0.2764928412510381,-0.005886710130135074,0.5917805805249481,-1.6762831008747001,0.08986426466832541,-0.3787922100110438,-0.13721471508809052,-1.1257482476066412,1.5972179479755504,0.6941531214453827,-0.1626352514908162,0.010404465654265718,-0.021356318154790353,0.6531195463539131,0.37182763379399086,0.18544212182262676,0.43915221695902146,-0.585068749029616
-0.04207352779564524,-0.2652507295875972,0.6750656323726972,0.5081674837946577,-0.24451187001151942,1.4773151232190598,-0.43598356368390484,-0.2600378494065382,0.12845329378703216,-0.8512520238238541,1.2044798196949327,-0.16268929045943084,0.18572101502707966,-0.038873342272358925,-0.3398427058494499,0.21644991343481793,0.577060544095688,-0.7234287035807869,0.2140864872649544,-0.1692629940925399,0.765942783723719,0.5831217887997611,-0.4919272780424971,0.5334851931970053,0.2764928412510381,0.5538396213724864,0.14363269050911315,-0.008475930572073406,-0.2555332134923614,-0.08832047045623631,0.17731106836891772,-0.4215431084963384,-0.7400409981083128,-0.4322373874775934,0.2174075185789436,0.11856887032340123,-1.050286294908308,-0.3433501383600395,0.1721362518696554,0.3337105812165034,0.43322154481455327,0.6775446703415515,-0.41704234984940075
9.913623849703262e-4,-0.004171841927362219,0.0963415325486766,0.21050685783559822,-0.11418023623605329,0.3287781908417093,-0.06800554563634577,-0.20412547891839486,-0.03870671149535117,-0.40901494258024906,0.10932661028682741,-0.23556507113164618,-0.043419826524469775,-0.1109837779237906,-0.316790424162258,-0.05724103786427426,0.08471309062741414,-0.12278116348667677,-0.133836003653887,0.14258299234862298,0.12992195675632304,0.3934175189876693,-0.14275268159177015,0.063949419706085,-0.005886710130135074,0.14363269050911315,0.06823172431667607,-0.02076955694921771,-0.0935391530218256,0.1208806885590156,0.0021627274692139257,-0.09353483252571368,-0.09297231819676852,-0.2509370599672688,0.19291188095262038,-0.041400175598098665,-0.28386908263359195,-0.177486628559312,-0.03574326518717861,-0.10231284777075035,-0.05297366109618309,0.35344128525761626,0.10954796162252073
-0.2188238547352494,0.019012090265558515,0.07830182866332275,-0.2225545656192622,0.39583033529802214,0.6752453739071657,0.2503188785115574,-0.15835615184012994,0.06023131663858823,0.22797971759110772,0.31793041580653947,0.5469085797346447,0.24345792932201596,-0.7741985203459889,0.0399016555384892,-0.1251515183953792,-1.3368669896464287,0.1907623916567201,-0.37961095521904725,-0.2634472426821865,-0.9310684300800937,0.3959625164052595,0.30671060215351464,0.15321278341902658,0.5917805805249481,-0.008475930572073406,-0.02076955694921771,0.40874630992171,-1.1493959808310155,0.2725309635019463,-0.39386300086581544,0.07856542620395222,-0.41579570709733177,1.1497520100006997,0.5857604183483074,-0.2497246968837857,0.3889578245544369,0.006598462449684659,0.31019539942430474,-0.08557130104298251,-0.2293320345547259,0.27804339023588825,-0.0023370971634482135
0.633761746446401,-0.09247247893366606,-0.3641123182629059,0.18939940818399412,-0.9067282346279246,-2.5914826316824464,-0.6349659348526298,0.9591071390968929,-0.05185602157732422,0.2579967766819438,-1.0086681863690865,-1.0156515873976881,-0.568313824691719,2.5646973992110005,0.6592765662412493,0.5584273135668099,3.8134278448349197,-0.36640821533261375,1.5093408905045544,0.3678774563051081,2.5336300500431266,-2.1008982139211985,-0.6132853729617007,-0.5242883491161792,-1.6762831008747001,-0.2555332134923614,-0.0935391530218256,-1.1493959808310155,3.5838023726191386,-1.1374396443943293,1.1850712715047276,-0.05944966782042565,1.3366900430519997,-2.797322255989362,-2.1948068082113656,0.8655887265247312,-0.5822971044559934,0.3883292582654715,-0.7874288062399167,0.5821786120064583,0.8925955393965556,-1.6312459467281188,-0.35755941562614707
-0.12895648331619947,0.3904606208480494,-0.4357838823887928,0.1336261759860352,0.12853512444217965,0.11033733623153326,0.5220109983003274,-0.8125301572280917,-0.33762457001041835,-0.6461254079937528,-0.9414080538843446,-0.48625477925938465,-0.28257232681239475,-1.213088964392607,-1.0990284349983812,-0.7313310299035363,-1.6224468756823285,0.6127508618447896,-1.353365072138552,0.7537608221740739,-1.3046794522325662,1.5255971766667238,0.2688226448394801,-0.325393700467057,0.08986426466832541,-0.08832047045623631,0.1208806885590156,0.2725309635019463,-1.1374396443943293,1.0027156893489135,-0.6069406848306628,0.213835201772888,0.24654209242571476,0.37752042887653064,1.2021927577433265,-0.6155368435716266,0.4432340397586968,-0.40217695537494585,-0.16258047248232774,-1.1038365504726277,-1.1256969971373427,1.071879416172935,1.1863640632527224
0.1926754256827953,-0.23269579160375908,0.2839615310866142,0.2273434956228182,-0.386264878533601,-0.14880610517773682,-0.48754865499287087,0.3666029172394331,0.12300916308494875,-0.11349243130029577,0.4473820814114379,-0.22856697383514216,-0.012002518389482497,1.007439002094946,0.3221086377667103,0.4289727525589556,1.7121150560455136,-0.5528193634779812,0.8507748590513619,-0.15595840380268922,1.3511193012945633,-0.733522391261305,-0.44065690783022243,0.15340084794040662,-0.3787922100110438,0.17731106836891772,0.0021627274692139257,-0.39386300086581544,1.1850712715047276,-0.6069406848306628,0.5570966640655282,-0.24295576495818227,0.009374095462791015,-1.0550655937206381,-0.8280788458489903,0.445769213434481,-0.7043520200232075,0.0694348618478602,-0.1091078760407388,0.5773427832757475,0.7104761783984284,-0.4492172428397774,-0.5693256207232013
-0.005487615692001212,0.24583744572091176,-0.5454276267517174,-0.38106527283292624,0.2344576857678764,-1.0155932377639163,0.4103498936732229,0.07813906505544867,-0.1305630731277933,0.5729421796121178,-0.9761793194770461,0.11323466237256216,-0.14874823101728196,-0.19325394625736883,0.12113657669159225,-0.2614761905898171,-0.752853582303324,0.6285160180681701,-0.35996924236588684,0.19220011139598697,-0.8151306176168744,-0.20752969844681243,0.4262233038638483,-0.42000072245921094,-0.13721471508809052,-0.4215431084963384,-0.09353483252571368,0.07856542620395222,-0.05944966782042565,0.213835201772888,-0.24295576495818227,0.3456381084368382,0.5382056241349198,0.4757641512125843,0.04178971894607024,-0.18676574419338945,0.8686663068692926,0.20566296253119545,-0.11766895592235686,-0.389980882013153,-0.4800289308459658,-0.34407787916588517,0.4533544575862348
0.2907175547546456,0.5111283210188086,-1.1918201665930452,-0.27252936985524095,-0.17008395050951838,-2.763194001394396,0.4760284534188256,0.13695120218330617,-0.4192575576223318,0.44173188571419386,-2.456536752599637,-0.7967160901040585,-0.7177807986236378,0.5026060109635637,-0.1814590803214709,-0.47569257404425047,0.28643827116512355,0.9714745586051073,-0.4375520234113045,0.9644886212955022,-0.35409251008703346,-0.5146712209417629,0.3404197637394169,-1.0585372283712968,-1.1257482476066412,-0.7400409981083128,-0.09297231819676852,-0.41579570709733177,1.3366900430519997,0.24654209242571476,0.009374095462791015,0.5382056241349198,1.6452215816213145,-0.8466598557593012,-0.4753035424329952,-0.11943624011006644,1.0280354271688392,0.22413677750498215,-0.7316339989282035,-0.8698583477633766,-0.8091079491770328,-0.7031808642285153,1.1398667305823802
-0.5867070268068172,0.06059024217429669,-0.06352063814571401,-1.1962428527958024,1.3827155397289461,0.8646238294385815,0.8600432479802212,0.16412257089932739,0.273225916560502,1.7802359046035405,0.5422807396141506,2.136169064649902,0.7758721073101673,-1.744801756944629,1.016958877558816,-0.16695366090675798,-3.804424428489028,0.8568320178298638,-0.6246998652957814,-1.1149210654362567,-2.8511520597404396,-0.0736454639059835,1.2254501448236115,0.22847787072577494,1.5972179479755504,-0.4322373874775934,-0.2509370599672688,1.1497520100006997,-2.797322255989362,0.37752042887653064,-1.0550655937206381,0.4757641512125843,-0.8466598557593012,3.785851322890872,1.0075712034134192,-0.5456046316640679,1.8471092958679471,0.5265163583961161,0.9315908347070132,0.06945714278239312,-0.45532228911706474,-0.2720830511936474,-0.32540762750796054
-0.32247531805784857,0.271250419070288,-0.011996587543919631,0.26350307316596955,0.2907498972599468,1.4633992957623134,0.48429589323541206,-1.116753355398424,-0.23484147776172076,-0.9913952043813878,-0.05961534048416104,-0.19273729639704168,-0.007601057039095823,-1.8698302651947518,-1.3138149584438332,-0.7350082776040615,-2.3670341098921024,0.3706227747542987,-1.5772506029927431,0.49494937063560407,-1.6234984593096382,2.2246871341757646,0.22965649543440936,0.07865211541286495,0.6941531214453827,0.2174075185789436,0.19291188095262038,0.5857604183483074,-2.1948068082113656,1.2021927577433265,-0.8280788458489903,0.04178971894607024,-0.4753035424329952,1.0075712034134192,1.8195045403838201,-0.7628729441387884,0.15486300367908548,-0.6117564282474,0.16004747375077072,-1.0281667264692513,-1.1016765047138333,1.7158264912530454,1.001214041666924
0.11881196190117072,-0.24659242933052924,0.2975097816320752,0.04822813327061882,-0.19903441293486435,-0.044499522356254456,-0.3965398627339794,0.441581342540466,0.181284226294563,0.18136642699793296,0.573464663501976,0.10161931322424186,0.1128327292770772,0.8385132662879723,0.5347143734544707,0.44938863919293415,1.2760954734806187,-0.46594631341689763,0.8456231996371052,-0.3575126619479507,1.027612673637465,-0.8421129772072821,-0.28245831940980287,0.20194124129053131,-0.1626352514908162,0.11856887032340123,-0.041400175598098665,-0.2497246968837857,0.8655887265247312,-0.6155368435716266,0.445769213434481,-0.18676574419338945,-0.11943624011006644,-0.5456046316640679,-0.7628729441387884,0.40668571453204005,-0.4661900844618352,0.1703128359817345,0.030193353429823,0.6531196194713528,0.7134776859054741,-0.5581416474591567,-0.6854709586141172
-0.12013658211292197,0.5284901059538449,-1.212830962215151,-1.1471818813483,0.8155167654402627,-2.168824757884511,1.0592971093951078,0.31889193798520443,-0.1993696203835577,1.7781188026018788,-2.0112115403529094,0.7747828584022796,-0.14200285662555903,-0.6579768547361141,0.634997136482859,-0.5432000352122868,-2.3289186593087434,1.5490953857127403,-0.7868114701968961,0.10980849422593543,-2.3114818008955718,-0.6891333163764412,1.2056137870500852,-0.8765745003130756,0.010404465654265718,-1.050286294908308,-0.28386908263359195,0.3889578245544369,-0.5822971044559934,0.4432340397586968,-0.7043520200232075,0.8686663068692926,1.0280354271688392,1.8471092958679471,0.15486300367908548,-0.4661900844618352,2.3330040103831053,0.6363363537576168,-0.0529529235601179,-0.741140955732875,-1.0565631201551131,-0.9871178280252282,0.8222810713775851
0.01970982371885032,-0.027001313555489553,-0.19914103091828664,-0.5179713283103361,0.24949532677692862,-0.8472071356844645,0.10645788798881016,0.5831709090577987,0.12348770510544227,1.0518549250111335,-0.19499679169041859,0.5971802955556984,0.1214220134038201,0.42074016099562006,0.876727484461905,0.21413108537726466,0.005357659768489767,0.23499893991329449,0.47151774792487894,-0.4073539439766588,-0.1537971717571638,-1.1244064417363064,0.31058217092974344,-0.13351269257704343,-0.021356318154790353,-0.3433501383600395,-0.177486628559312,0.006598462449684659,0.3883292582654715,-0.40217695537494585,0.0694348618478602,0.20566296253119545,0.22413677750498215,0.5265163583961161,-0.6117564282474,0.1703128359817345,0.6363363537576168,0.4720584763970854,0.08835325794499128,0.3574256134383482,0.24521577299974998,-0.978740321698955,-0.37876413942136844
-0.18533452629488234,-0.21435691758709136,0.44168344608356996,-0.15787981940351167,0.29652015762687356,1.043128220187477,-0.07222085346306553,0.11119020183550554,0.23945038586768821,0.29183739156686384,1.0440962756304006,0.7364576654551861,0.4227903017311883,-0.30641164073983196,0.419491361631515,0.2350731641803129,-0.5622780140788536,-0.24755146364813704,0.23170398205586606,-0.6391567874428394,-0.22317299650778055,-0.08091114453996998,0.07961700608910965,0.4366133863308016,0.6531195463539131,0.1721362518696554,-0.03574326518717861,0.31019539942430474,-0.7874288062399167,-0.16258047248232774,-0.1091078760407388,-0.11766895592235686,-0.7316339989282035,0.9315908347070132,0.16004747375077072,0.030193353429823,-0.0529529235601179,0.08835325794499128,0.4382752783692499,0.4647784887618943,0.3493478491896968,0.012415642128386804,-0.6133967307470625
0.005552866759559043,-0.5798783715377681,0.866482321141169,-0.09200644339263232,-0.01407208941011247,0.8972695522468376,-0.6692677139576908,0.7955569899933342,0.507144287987847,0.5848705964801197,1.8588556950160633,0.8719511809534936,0.5769188312440754,0.9986495804899937,1.2389333650855407,0.914000105961414,1.4096283374773344,-0.9375871112863856,1.5219496008012332,-1.163562960603389,1.3484233165961144,-1.39301525329509,-0.34523565168618714,0.7180978679085067,0.37182763379399086,0.3337105812165034,-0.10231284777075035,-0.08557130104298251,0.5821786120064583,-1.1038365504726277,0.5773427832757475,-0.389980882013153,-0.8698583477633766,0.06945714278239312,-1.0281667264692513,0.6531196194713528,-0.741140955732875,0.3574256134383482,0.4647784887618943,1.4466706547059363,1.425617316132553,-0.8675714398466311,-1.6376913038119543
0.07547788451919207,-0.5957659080737929,0.9146234237519949,0.11311499355072242,-0.21314620221064934,0.9069834412701192,-0.8006258843267269,0.7237580632775646,0.46938745031470136,0.25601846590418365,1.8518638253815658,0.557715082022669,0.4790327084593983,1.1842824235874774,1.037199942772624,0.9279665959370182,1.9046335725655772,-1.088782436303011,1.5744944284106328,-1.0026180033976155,1.7434869969726314,-1.2816044178277088,-0.5386635624972613,0.719798327495355,0.18544212182262676,0.43322154481455327,-0.05297366109618309,-0.2293320345547259,0.8925955393965556,-1.1256969971373427,0.7104761783984284,-0.4800289308459658,-0.8091079491770328,-0.45532228911706474,-1.1016765047138333,0.7134776859054741,-1.0565631201551131,0.24521577299974998,0.3493478491896968,1.425617316132553,1.4816261921365126,-0.7381563095039296,-1.5865316524063893
-0.1941724466241851,0.09952776892152654,0.4153896621361639,0.9067258856626447,-0.23100847932204674,2.1565691346122615,-0.005928384538951076,-1.3449472246899599,-0.2370943421195183,-2.019837110543471,0.5220452076903765,-0.882550538523649,-0.10798526007169083,-1.4563440348828138,-1.8291390924255404,-0.5741617087246869,-1.0248425473626275,-0.29594323031250835,-1.3110663006935055,0.7093982768548164,-0.4115955571976571,2.6492690076195187,-0.4006308251703042,0.34185675823736966,0.43915221695902146,0.6775446703415515,0.35344128525761626,0.27804339023588825,-1.6312459467281188,1.071879416172935,-0.4492172428397774,-0.34407787916588517,-0.7031808642285153,-0.2720830511936474,1.7158264912530454,-0.5581416474591567,-0.9871178280252282,-0.978740321698955,0.012415642128386804,-0.8675714398466311,-0.7381563095039296,2.2408430391592145,0.859666718906043
0.05026833428873895,0.6702452278464759,-1.048859233244995,0.11914770850654308,-0.06182180669413584,-1.290498232088101,0.7278697531193205,-0.839514973105667,-0.5969659711916501,-0.6505271328753196,-2.267964911307808,-1.1050204444361045,-0.7247611693729445,-0.9356692171552877,-1.3821836256717674,-1.0178057158509457,-1.3096727152593917,1.0672747298270338,-1.641866841701115,1.3905643487648913,-1.353917150955981,1.4312798793767063,0.3526582260628272,-0.8887687876929921,-0.585068749029616,-0.41704234984940075,0.10954796162252073,-0.0023370971634482135,-0.35755941562614707,1.1863640632527224,-0.5693256207232013,0.4533544575862348,1.1398667305823802,-0.32540762750796054,1.001214041666924,-0.6854709586141172,0.8222810713775851,-0.37876413942136844,-0.6133967307470625,-1.6376913038119543,-1.5865316524063893,0.859666718906043,1.8811189719599493
