V1,V2,V3,V4,V5,V6,V7,V8,V9,V10,V11,V12,V13,V14,V15,V16,V17,V18,V19,V20,V21,V22,V23,V24,V25,V26,V27,V28,V29,V30,V31,V32,V33,V34,V35,V36,V37,V38,V39,V40,V41,V42,V43
1.4120301582404347,-0.1806757019324068,0.819425188099072,1.054892461049362,1.484311589458653,0.21364912079438622,1.0688079725053405,0.11998553402656857,-0.0015968046589135234,0.034865382747485824,-0.13505680968152076,0.29189315927070203,-0.6812623756064421,-0.2770039115661045,1.613381601678133,-0.30234466826044326,-0.15337458776934615,-0.7688489398413098,0.15778334732295032,-2.3157396767218867,-0.2993733875201466,-0.4643010422328726,-0.68312298497515,1.7546788786538798,-0.4561155252190501,-0.20201737751506824,0.04480809172451228,2.074643088709639,0.17863442301042315,-0.6595692997434327,0.4041974119739057,-0.7398820643001275,-0.5444817610344073,-0.3685805131512772,-0.11291288469929658,0.08507602940814712,0.5025386775680479,-0.06504724752270959,-1.066338226435807,-1.2745020385049133,0.47264104932305706,-0.2592089763680329,0.3978168326063987
-0.1806757019324068,0.5551157649678596,-0.06062007395551732,-0.22247157855751937,0.2073118817906049,0.024016815342023608,-0.27308947498243435,-0.7939652021396345,-0.16096116439391644,0.46980901383202545,-0.4868677595750012,-0.2999942408546638,1.4915533234327032,-0.28972136755660605,-0.09130928833502806,-0.027496411262909717,-0.2803089446789768,-0.1183838583845221,-0.06308121365967113,0.06385665232194213,0.23686937520168638,0.1720950636982071,0.8707300428935068,0.29386038936590386,0.024826859596895876,-0.12137466071163534,-0.05267034397446515,0.2947514326834691,-0.2326402358016781,-0.35101767064118805,-0.5686277014060475,-0.16853586336467616,0.8973272799418182,0.26655098507603026,-0.15600266936642251,0.08426312997522006,0.06321286151512263,-0.46003767744826674,0.43603520129021495,-0.30696994160777,-0.06951288368059123,-0.06523151951520886,-0.5952591045217085
0.819425188099072,-0.06062007395551732,0.4817982495493825,0.6534695661945049,0.8745750723348008,0.056332923690205136,0.5543769603773622,0.03170284791063192,-0.03815079402692159,0.056884766672127524,-0.16742104298615587,0.09789341686595698,-0.2658805415719281,-0.2131482657139488,0.9711688075088093,-0.11985790491043267,-0.11809918467828151,-0.4790052014544433,0.043546314528616764,-1.279993332921726,-0.10016500901785123,-0.23547668020204124,-0.3160535042499463,1.084415701217708,-0.245878594677731,-0.1444585094891253,-0.006369773423501451,1.1885406199886634,0.13627036564108402,-0.3781784427160776,0.11624670732395757,-0.48882275189784236,-0.21703671951691106,-0.2546106928033935,-0.06027067851155835,0.11069651183099119,0.32380216024171626,-0.0313851863489233,-0.5880486149213635,-0.8204817493770512,0.2956000579601631,-0.20964202412198632,0.18027080279946778
1.054892461049362,-0.22247157855751937,0.6534695661945049,1.715615638739054,0.6704818839158417,-1.2010486402167162,-0.20459783701921194,0.721811012587072,-0.42249122515030846,-0.10469096232119084,-0.9040431137316622,-0.6723286850835932,-0.5016003358365081,-0.6301522300570076,1.6623609861408253,0.9339339652119053,-0.14296729942266004,-0.8168483729193041,-0.7106889343347745,-0.1274453315463835,0.8165081286813742,0.09706111632600879,-0.3526043446874753,1.6586147063847094,0.07094060632952005,-0.40802605344094345,-0.4941519361467551,0.2918826290162497,1.1090233503730371,0.3458704781021795,-1.0296468967438606,-1.2159154053228922,0.022998182556735036,-1.4199771806816932,0.3088309952395125,1.0519112169254512,0.7600001130334558,0.8804462341619254,-0.7354715658917343,-1.6605465888507036,0.7696296185973108,-1.1368713442202503,0.28675888531695365
1.484311589458653,0.2073118817906049,0.8745750723348008,0.6704818839158417,2.0096193472204105,0.8154150945221349,1.4408779604776234,-0.6612329894685958,0.06094557143171475,0.4125153666442634,-0.156387640400336,0.4921341061453997,0.23521758781393662,-0.3392512926186148,1.5875344873100032,-0.8366535148753043,-0.35354484752118226,-0.8564750659639803,0.4752663620797727,-3.247185919418288,-0.604760761708852,-0.5927785669462929,-0.25032916476570555,2.054866058399666,-0.6705470338271221,-0.2074933284229099,0.230798857467928,3.0758160176746885,-0.3534021847025729,-1.3319522891340618,0.617808130172417,-0.6857738826898029,-0.18550669498841352,0.22934987963200826,-0.39506212307398064,-0.2497210665058572,0.45782896798632083,-0.7664023226602753,-0.9425361569943903,-1.3698149522832783,0.32058410128204595,0.046077727588370525,0.05258615711635522
0.21364912079438622,0.024016815342023608,0.056332923690205136,-1.2010486402167162,0.8154150945221349,2.0397295061116028,1.667183982820774,-0.8035025944065824,0.6473249572071044,0.1291732512361662,1.2430215759589662,1.4013388587850295,-0.320431082415533,0.6325949784839413,-0.44962329954550756,-1.7535595675947646,0.06293437406028628,0.2745804630888232,1.2571376305362372,-2.6893951255774087,-1.6148013721732108,-0.744256840530824,-0.4520954517301661,-0.3256294815067501,-0.6737395284599278,0.3718014113936205,0.7950240828549132,2.094521547929955,-1.3868003501667365,-1.2776857872242156,2.1090997318564653,0.9088096455552506,-0.8404939190655352,1.6069686724461798,-0.5742808119464852,-1.4647097413381527,-0.5121991295466696,-1.3167465790507986,-0.29595655187568504,0.9253251640904546,-0.5439886565017681,1.371990722256134,0.15566915306944012
1.0688079725053405,-0.27308947498243435,0.5543769603773622,-0.20459783701921194,1.4408779604776234,1.667183982820774,1.995759734133875,-0.2758016213777159,0.5429853350693618,-0.035789465369446875,1.0220814971397079,1.336733887907198,-1.1431667005675077,0.408991263355579,0.6571775295984031,-1.5022467478154333,0.04799365827543989,-0.21409130012068692,1.068856378586513,-3.4502633287670696,-1.482331169551754,-0.8996394023742231,-1.0396675988345692,0.7091806494954409,-0.7928566820959585,0.20065997020512502,0.6471974944272192,2.736340506288487,-0.8679234872499204,-1.2491400949553935,2.029469728285439,0.30073342539311176,-1.2597307258878376,0.9097737623619437,-0.45183328400571643,-1.0875320160755142,-0.107715151795687,-0.8861838479933205,-1.0080515492835689,0.03812753189573553,-0.10601835023382121,0.9064748461432002,0.5528988942561619
0.11998553402656857,-0.7939652021396345,0.03170284791063192,0.721811012587072,-0.6612329894685958,-0.8035025944065824,-0.2758016213777159,1.4281201590863604,-0.0114526887757099,-0.720321281726024,0.23719769340731295,-0.10618698516935042,-1.981784634397872,0.18919535691149028,0.2313885573926458,0.705471691005056,0.3830984651300036,0.0983885311684804,-0.3851265809567973,1.0071177683191377,0.2762616658053622,0.050856559976232216,-1.0462852855536315,-0.37050134066113805,0.23455019095751045,0.043037497278466036,-0.22306318444171608,-1.287265943571159,0.8417645865558123,1.004611496816738,0.008781526600275041,-0.06766055073504487,-0.9452705062468992,-0.9644485380798827,0.4414614920635168,0.4222329105825608,0.07996793696149404,1.1503713211281241,-0.46808163592500407,0.1458540137461339,0.282542806277944,-0.4076672316991841,0.7753321752758668
-0.0015968046589135234,-0.16096116439391644,-0.03815079402692159,-0.42249122515030846,0.06094557143171475,0.6473249572071044,0.5429853350693618,-0.0114526887757099,0.2684542402987761,-0.1178816249202908,0.5873849327521407,0.5370558574574997,-0.5415742675278932,0.332580485929873,-0.2700904813927549,-0.5429978908271048,0.12916086812800326,0.20291225053889805,0.42262352108987233,-0.6940960174340924,-0.5858992343121576,-0.2604269006734713,-0.3770719683460935,-0.3713435713038975,-0.1885311480178895,0.18280109495235852,0.27667966751767437,0.3997166703290399,-0.39813866105830764,-0.24350031178865736,0.850809193684605,0.4270075920290722,-0.5276642508298387,0.47756275395706244,-0.12728722342130122,-0.5212888836751731,-0.23806112672987365,-0.27585460725778516,-0.1437086158695245,0.5290899045780318,-0.20131085395931653,0.5006183640910146,0.21349929416625618
0.034865382747485824,0.46980901383202545,0.056884766672127524,-0.10469096232119084,0.4125153666442634,0.1291732512361662,-0.035789465369446875,-0.720321281726024,-0.1178816249202908,0.42688054477661924,-0.4015712081809502,-0.17301384216305557,1.2215062942889008,-0.2692037736671899,0.11499177027086611,-0.13289100549301397,-0.2667879066398346,-0.19618861156048545,0.01390778075042951,-0.35492096447996796,0.10762249803858433,0.06236492476173907,0.6648867511107929,0.4805607756358396,-0.06465932256177191,-0.12010835083109596,-0.00977466923396918,0.6181850079808117,-0.23701035342578924,-0.4488281318913369,-0.3688941657367844,-0.21216814168916195,0.6918040705047314,0.2505788152487926,-0.1757946299054548,0.02895364051416448,0.10267227657176924,-0.4685072638007874,0.23424008704411545,-0.4051206973943924,-0.02034944415522026,-0.03871223929838352,-0.46970153123325653
-0.13505680968152076,-0.4868677595750012,-0.16742104298615587,-0.9040431137316622,-0.156387640400336,1.2430215759589662,1.0220814971397079,0.23719769340731295,0.5873849327521407,-0.4015712081809502,1.3504842248827447,1.126904188757682,-1.4969593254950178,0.7972006661754565,-0.7253134401069012,-1.0232684528048488,0.37430912082643253,0.5488310731293404,0.836371163961337,-1.0762234406157358,-1.2005584310921011,-0.5111054465580859,-0.9550467970361798,-1.0792299787102593,-0.31871801033933544,0.4317970396502604,0.5596889493418731,0.40199905024617777,-0.7314524369677197,-0.2685532891559896,1.8258641850766228,1.005704079649363,-1.2813467829088963,0.9030289035208328,-0.18200897650825057,-1.0725335973164107,-0.562427395911034,-0.3767007487671623,-0.28908776449427787,1.3298074758189946,-0.43939706837443315,1.0489730581132897,0.5748113020498541
0.29189315927070203,-0.2999942408546638,0.09789341686595698,-0.6723286850835932,0.4921341061453997,1.4013388587850295,1.336733887907198,-0.10618698516935042,0.5370558574574997,-0.17301384216305557,1.126904188757682,1.1445492595306987,-1.0778545828570913,0.5906459561069726,-0.20999448621655142,-1.204548678866137,0.1958614627115643,0.23244208468297098,0.9081005116383484,-1.963337445615371,-1.256766831169569,-0.6244726786141837,-0.8209104187798839,-0.3358862029134509,-0.4929926701700442,0.3185517983110034,0.5797930994874352,1.3442797069392376,-0.8216483079037931,-0.7055883217399469,1.7871618038750625,0.6992988615894693,-1.099752506244437,0.9488485778751561,-0.3125496966451304,-1.0558842100281005,-0.37370539458197155,-0.6532895979680396,-0.48122172871208646,0.7719725063081927,-0.322198293371601,0.9758561936518887,0.45318163898623987
-0.6812623756064421,1.4915533234327032,-0.2658805415719281,-0.5016003358365081,0.23521758781393662,-0.320431082415533,-1.1431667005675077,-1.981784634397872,-0.5415742675278932,1.2215062942889008,-1.4969593254950178,-1.0778545828570913,4.098344576820688,-0.8491710258463758,-0.35023938717404396,0.2709971159218181,-0.7381648416631169,-0.2739036514117566,-0.40745061340591504,0.9118462312283011,0.948573049567806,0.6422303573334349,2.4722252602142727,0.6348963632331246,0.23752902079812802,-0.36468282938739127,-0.28522720689846726,0.17372084418783584,-0.3944041598668558,-0.6310371885442155,-1.9292619339654506,-0.5222362123954675,2.595375457203221,0.46771332164248464,-0.30016144767850117,0.4722041397230271,0.19999789262515436,-0.9827332447955061,1.3340947900080766,-0.8309980254447841,-0.1435853955240606,-0.38509564464281687,-1.6550737811021143
-0.2770039115661045,-0.28972136755660605,-0.2131482657139488,-0.6301522300570076,-0.3392512926186148,0.6325949784839413,0.408991263355579,0.18919535691149028,0.332580485929873,-0.2692037736671899,0.7972006661754565,0.5906459561069726,-0.8491710258463758,0.5019459292749651,-0.6353724216799995,-0.5000254450128142,0.25400034307006164,0.4285176624115316,0.431472630134705,-0.22027214594833358,-0.6226859943287385,-0.21920245338458624,-0.4943660719861269,-0.887128751854613,-0.1020488072814224,0.2764860011463572,0.2993726486206817,-0.1408109182900021,-0.3980816333962046,-0.004856187885143733,0.9761853848139785,0.6748200586548193,-0.6944852042136649,0.5169025885886599,-0.06430186746625903,-0.5989728661418597,-0.3882333693378726,-0.14573285047838552,-0.03156094978792394,0.9475184587367935,-0.30387169429777094,0.6118232426729687,0.3068706793341895
1.613381601678133,-0.09130928833502806,0.9711688075088093,1.6623609861408253,1.5875344873100032,-0.44962329954550756,0.6571775295984031,0.2313885573926458,-0.2700904813927549,0.11499177027086611,-0.7253134401069012,-0.20999448621655142,-0.35023938717404396,-0.6353724216799995,2.116530044589529,0.23916548141904861,-0.2806874915207245,-1.0703950261918203,-0.2645354916650894,-1.8808356285509182,0.26014831804600586,-0.26507285249380447,-0.46165449774429773,2.3428393925385644,-0.3167305338244326,-0.40934055032889904,-0.23804001320155949,1.8840841133728368,0.6492428900865774,-0.44808582403882136,-0.38850103334696773,-1.2706245284266815,-0.14804912079509874,-0.9514976135375567,0.024480419241134702,0.6411427901693612,0.813207324529975,0.2684062618048479,-1.0960341372273334,-1.9676230916689434,0.7544671664002218,-0.8175210155844854,0.2846428594514976
-0.30234466826044326,-0.027496411262909717,-0.11985790491043267,0.9339339652119053,-0.8366535148753043,-1.7535595675947646,-1.5022467478154333,0.705471691005056,-0.5429978908271048,-0.13289100549301397,-1.0232684528048488,-1.204548678866137,0.2709971159218181,-0.5000254450128142,0.23916548141904861,1.5187142066619113,-0.027625683375548594,-0.1583480114660062,-1.0797808145396337,2.493119234403786,1.3892792331248771,0.6673033592937226,0.4093591704053891,0.10459980496702044,0.6128724645822702,-0.29235606824391347,-0.6773923569352266,-1.980863251742006,1.1719388202576702,1.1604825833156718,-1.8047959718331825,-0.697751355117404,0.7256006991938495,-1.343171928856125,0.5048677447835734,1.233189950088721,0.38682182537667203,1.1442267390442518,0.3300033294081611,-0.6573701242882808,0.42220078070046874,-1.1393329247947659,-0.14320591939278654
-0.15337458776934615,-0.2803089446789768,-0.11809918467828151,-0.14296729942266004,-0.35354484752118226,0.06293437406028628,0.04799365827543989,0.3830984651300036,0.12916086812800326,-0.2667879066398346,0.37430912082643253,0.1958614627115643,-0.7381648416631169,0.25400034307006164,-0.2806874915207245,-0.027625683375548594,0.19248211465279189,0.22943525948104715,0.07815467319387653,0.2495535569468191,-0.1706994781620041,-0.05254213646294321,-0.39180477087717297,-0.5197414499305466,0.033909094022585885,0.12897621767260728,0.06714378683964621,-0.4420829218662331,0.018814661665787446,0.25186165129152394,0.36805792839522106,0.28891730752131684,-0.45574114262504717,0.010625493306974395,0.07724765398858788,-0.14835977920737592,-0.16099968868269934,0.19872610639973465,-0.06237975900081637,0.47034106201591286,-0.0815689751960043,0.1652650397771991,0.2722132351646246
-0.7688489398413098,-0.1183838583845221,-0.4790052014544433,-0.8168483729193041,-0.8564750659639803,0.2745804630888232,-0.21409130012068692,0.0983885311684804,0.20291225053889805,-0.19618861156048545,0.5488310731293404,0.23244208468297098,-0.2739036514117566,0.4285176624115316,-1.0703950261918203,-0.1583480114660062,0.22943525948104715,0.5916969662351685,0.18605058034999708,0.8791990385194882,-0.24463768006992667,0.0660482042844815,-0.034483972761224536,-1.2985341949836307,0.1383299727990214,0.25569331718476035,0.15778299087971626,-1.002869377678027,-0.29839369980465774,0.30296032052555644,0.4220027951773708,0.7252737337078901,-0.21314027756341725,0.44890988045713087,0.01969605084265835,-0.3908923866659471,-0.4491057555034214,-0.033207083604017765,0.4249503789596219,1.1248235042984156,-0.380082179046721,0.4734159383213893,0.03564568037251207
0.15778334732295032,-0.06308121365967113,0.043546314528616764,-0.7106889343347745,0.4752663620797727,1.2571376305362372,1.068856378586513,-0.3851265809567973,0.42262352108987233,0.01390778075042951,0.836371163961337,0.9081005116383484,-0.40745061340591504,0.431472630134705,-0.2645354916650894,-1.0797808145396337,0.07815467319387653,0.18605058034999708,0.7857895986280315,-1.6715648788355755,-1.0311811998654834,-0.4841606481920066,-0.4017417254247173,-0.24192939832980648,-0.41997813802483513,0.24672983760825176,0.49866717886660245,1.253609693671802,-0.8242935145057597,-0.7404958987477707,1.3831597974888556,0.5849984178936872,-0.6454318477788358,0.9555468262993264,-0.33299991107073545,-0.9169323089585908,-0.32521764885708293,-0.7491966647618499,-0.24438532386747003,0.6144116993592321,-0.32623626504302095,0.8569519491330996,0.1798388878714529
-2.3157396767218867,0.06385665232194213,-1.279993332921726,-0.1274453315463835,-3.247185919418288,-2.6893951255774087,-3.4502633287670696,1.0071177683191377,-0.6940960174340924,-0.35492096447996796,-1.0762234406157358,-1.963337445615371,0.9118462312283011,-0.22027214594833358,-1.8808356285509182,2.493119234403786,0.2495535569468191,0.8791990385194882,-1.6715648788355755,6.579574278747121,2.2421692683045196,1.5043764518460014,1.2690308293714547,-2.362500852135139,1.458578272411497,-0.08618287174112284,-0.970154671433301,-5.644769871161742,1.4109486129523334,2.586008999073084,-2.864066623829602,0.11821724474851016,1.5006960981067219,-1.3905743336994354,0.8851744368871393,1.5389081995344445,-0.18514454291144009,1.7711301230455974,1.8072369313869208,0.9495315840295765,-0.06016283448004479,-1.175527146460617,-0.585841356802337
-0.2993733875201466,0.23686937520168638,-0.10016500901785123,0.8165081286813742,-0.604760761708852,-1.6148013721732108,-1.482331169551754,0.2762616658053622,-0.5858992343121576,0.10762249803858433,-1.2005584310921011,-1.256766831169569,0.948573049567806,-0.6226859943287385,0.26014831804600586,1.3892792331248771,-0.1706994781620041,-0.24463768006992667,-1.0311811998654834,2.2421692683045196,1.398035304467385,0.6837894093502113,0.7738739162036555,0.33018962477001074,0.5613805477616287,-0.34259903353783294,-0.6560035326959803,-1.6005329938006982,0.9894719086446572,0.8784406074928872,-1.9430209745625657,-0.7713713743134115,1.0891468983374966,-1.1423864333568499,0.38933694404197083,1.1970324513396489,0.4175122741957836,0.840016449837488,0.4676676390473332,-0.8283804678593052,0.38406864579558775,-1.1089249283095828,-0.4049534433423544
-0.4643010422328726,0.1720950636982071,-0.23547668020204124,0.09706111632600879,-0.5927785669462929,-0.744256840530824,-0.8996394023742231,0.050856559976232216,-0.2604269006734713,0.06236492476173907,-0.5111054465580859,-0.6244726786141837,0.6422303573334349,-0.21920245338458624,-0.26507285249380447,0.6673033592937226,-0.05254213646294321,0.0660482042844815,-0.4841606481920066,1.5043764518460014,0.6837894093502113,0.41093177079859095,0.5356339244636077,-0.2478774533528108,0.34857230055360483,-0.10730168458050665,-0.29578728005588445,-1.1539328781356004,0.3734130773746253,0.5131526906476076,-0.9598198885343383,-0.17032776319397933,0.6410257618477859,-0.3936791915252392,0.18599536318920973,0.5006648675632419,0.0671707127392821,0.35356864541718874,0.4699183706647633,-0.0784397892174028,0.05290117603100512,-0.4214761610175737,-0.29671428376005615
-0.68312298497515,0.8707300428935068,-0.3160535042499463,-0.3526043446874753,-0.25032916476570555,-0.4520954517301661,-1.0396675988345692,-1.0462852855536315,-0.3770719683460935,0.6648867511107929,-0.9550467970361798,-0.8209104187798839,2.4722252602142727,-0.4943660719861269,-0.46165449774429773,0.4093591704053891,-0.39180477087717297,-0.034483972761224536,-0.4017417254247173,1.2690308293714547,0.7738739162036555,0.5356339244636077,1.5738200933334463,0.050231788639403904,0.29877543966263,-0.20730834286230823,-0.2587893565133212,-0.5447607093851666,-0.09997758423813821,-0.08130647962190718,-1.4012299666727817,-0.25126706008467253,1.6596712168342125,0.15344606180174358,-0.08178130062136106,0.4140303495083616,0.07188516158513557,-0.3907303123604887,0.9917027982369975,-0.32204788324726,-0.1117417663850895,-0.3205915581179525,-1.0253782974356964
1.7546788786538798,0.29386038936590386,1.084415701217708,1.6586147063847094,2.054866058399666,-0.3256294815067501,0.7091806494954409,-0.37050134066113805,-0.3713435713038975,0.4805607756358396,-1.0792299787102593,-0.3358862029134509,0.6348963632331246,-0.887128751854613,2.3428393925385644,0.10459980496702044,-0.5197414499305466,-1.2985341949836307,-0.24192939832980648,-2.362500852135139,0.33018962477001074,-0.2478774533528108,0.050231788639403904,2.891089489191394,-0.4069483255172274,-0.5279677494406158,-0.24390020850815888,2.5713614468236825,0.4637777619357055,-0.8803291955055057,-0.6730665336305899,-1.5109602862182927,0.3981811860787529,-0.7698797359257804,-0.13318730594439593,0.6745028274584334,0.9410681037975627,-0.1333038239392403,-0.9809260965993553,-2.4144532471921236,0.7753979221213583,-0.8728877658475598,-0.08345346316228712
-0.4561155252190501,0.024826859596895876,-0.245878594677731,0.07094060632952005,-0.6705470338271221,-0.6737395284599278,-0.7928566820959585,0.23455019095751045,-0.1885311480178895,-0.06465932256177191,-0.31871801033933544,-0.4929926701700442,0.23752902079812802,-0.1020488072814224,-0.3167305338244326,0.6128724645822702,0.033909094022585885,0.1383299727990214,-0.41997813802483513,1.458578272411497,0.5613805477616287,0.34857230055360483,0.29877543966263,-0.4069483255172274,0.33016064650865756,-0.05056168495204651,-0.24963836356924116,-1.2241861499911006,0.3741313030612284,0.5817246809813464,-0.7281255475160928,-0.05861105981307736,0.37542707017235366,-0.38787491283691106,0.20960374204154206,0.4131167790519958,0.01000128056653418,0.42957828810413556,0.3747457907760041,0.09189238656885358,0.03248072063245237,-0.3368520442208514,-0.13867218871716097
-0.20201737751506824,-0.12137466071163534,-0.1444585094891253,-0.40802605344094345,-0.2074933284229099,0.3718014113936205,0.20065997020512502,0.043037497278466036,0.18280109495235852,-0.12010835083109596,0.4317970396502604,0.3185517983110034,-0.36468282938739127,0.2764860011463572,-0.40934055032889904,-0.29235606824391347,0.12897621767260728,0.25569331718476035,0.24672983760825176,-0.08618287174112284,-0.34259903353783294,-0.10730168458050665,-0.20730834286230823,-0.5279677494406158,-0.05056168495204651,0.1564032123535533,0.17148193462291345,-0.09281573777004826,-0.25738564633474786,-0.021389750496254765,0.5215762614683369,0.39638042438100524,-0.3255513537975889,0.3334747057448297,-0.04920795652717766,-0.3478269519308017,-0.23213194157735875,-0.12344384846193955,0.03573691700337316,0.554492098271146,-0.19299545611993166,0.35987405094547603,0.12453108070872855
0.04480809172451228,-0.05267034397446515,-0.006369773423501451,-0.4941519361467551,0.230798857467928,0.7950240828549132,0.6471974944272192,-0.22306318444171608,0.27667966751767437,-0.00977466923396918,0.5596889493418731,0.5797930994874352,-0.28522720689846726,0.2993726486206817,-0.23804001320155949,-0.6773923569352266,0.06714378683964621,0.15778299087971626,0.49866717886660245,-0.970154671433301,-0.6560035326959803,-0.29578728005588445,-0.2587893565133212,-0.24390020850815888,-0.24963836356924116,0.17148193462291345,0.31944742354943806,0.6999513695379604,-0.5275561902604234,-0.4321969395126351,0.8890204703180797,0.4139221805969866,-0.4220387082068002,0.6188698256220987,-0.2026355225337453,-0.5943082801796631,-0.23306870613563893,-0.46027749515946825,-0.12503128332643199,0.4617220547775853,-0.22755302403768704,0.5629036908804468,0.11924838977939788
2.074643088709639,0.2947514326834691,1.1885406199886634,0.2918826290162497,3.0758160176746885,2.094521547929955,2.736340506288487,-1.287265943571159,0.3997166703290399,0.6181850079808117,0.40199905024617777,1.3442797069392376,0.17372084418783584,-0.1408109182900021,1.8840841133728368,-1.980863251742006,-0.4420829218662331,-1.002869377678027,1.253609693671802,-5.644769871161742,-1.6005329938006982,-1.1539328781356004,-0.5447607093851666,2.5713614468236825,-1.2241861499911006,-0.09281573777004826,0.6999513695379604,5.127115610567839,-1.1600563598252582,-2.4070726961944464,1.8583979931618055,-0.46236420552389995,-0.6509226987172447,1.1049246257097782,-0.8115085069839335,-1.0567073845065365,0.3548944790383849,-1.6768315188954601,-1.3924607713770647,-1.3644997149252847,0.15506619923897158,0.7405588267044232,0.13893064595873844
0.17863442301042315,-0.2326402358016781,0.13627036564108402,1.1090233503730371,-0.3534021847025729,-1.3868003501667365,-0.8679234872499204,0.8417645865558123,-0.39813866105830764,-0.23701035342578924,-0.7314524369677197,-0.8216483079037931,-0.3944041598668558,-0.3980816333962046,0.6492428900865774,1.1719388202576702,0.018814661665787446,-0.29839369980465774,-0.8242935145057597,1.4109486129523334,0.9894719086446572,0.3734130773746253,-0.09997758423813821,0.4637777619357055,0.3741313030612284,-0.25738564633474786,-0.5275561902604234,-1.1600563598252582,1.0751891887514389,0.878742585734697,-1.2050212770277657,-0.7178650977952659,0.18790823955406966,-1.2756053899853967,0.42924211430625514,1.0079414922409868,0.431234389396286,1.0545762272393313,-0.1391904063420463,-0.7856282076384885,0.4911013456871794,-0.9827343027507809,0.16196911943682912
-0.6595692997434327,-0.35101767064118805,-0.3781784427160776,0.3458704781021795,-1.3319522891340618,-1.2776857872242156,-1.2491400949553935,1.004611496816738,-0.24350031178865736,-0.4488281318913369,-0.2685532891559896,-0.7055883217399469,-0.6310371885442155,-0.004856187885143733,-0.44808582403882136,1.1604825833156718,0.25186165129152394,0.30296032052555644,-0.7404958987477707,2.586008999073084,0.8784406074928872,0.5131526906476076,-0.08130647962190718,-0.8803291955055057,0.5817246809813464,-0.021389750496254765,-0.4321969395126351,-2.4070726961944464,0.878742585734697,1.308836200146968,-0.9557189420092006,-0.032344858037443365,0.05228050249353941,-0.9385238645595604,0.49893405671340163,0.7257171662605068,0.0015216085834362898,1.1294302712227047,0.34571481351226563,0.32010805095584877,0.13521966947759556,-0.6042605495581673,0.17574073250620684
0.4041974119739057,-0.5686277014060475,0.11624670732395757,-1.0296468967438606,0.617808130172417,2.1090997318564653,2.029469728285439,0.008781526600275041,0.850809193684605,-0.3688941657367844,1.8258641850766228,1.7871618038750625,-1.9292619339654506,0.9761853848139785,-0.38850103334696773,-1.8047959718331825,0.36805792839522106,0.4220027951773708,1.3831597974888556,-2.864066623829602,-1.9430209745625657,-0.9598198885343383,-1.4012299666727817,-0.6730665336305899,-0.7281255475160928,0.5215762614683369,0.8890204703180797,1.8583979931618055,-1.2050212770277657,-0.9557189420092006,2.8158480956498626,1.1399160604498633,-1.8379180825318775,1.4011354752195835,-0.43320522059401473,-1.625687003338247,-0.6092036094597953,-0.8854277397856266,-0.7677328601539706,1.310925803496745,-0.4998424792334927,1.509770161100809,0.7978724982677691
-0.7398820643001275,-0.16853586336467616,-0.48882275189784236,-1.2159154053228922,-0.6857738826898029,0.9088096455552506,0.30073342539311176,-0.06766055073504487,0.4270075920290722,-0.21216814168916195,1.005704079649363,0.6992988615894693,-0.5222362123954675,0.6748200586548193,-1.2706245284266815,-0.697751355117404,0.28891730752131684,0.7252737337078901,0.5849984178936872,0.11821724474851016,-0.7713713743134115,-0.17032776319397933,-0.25126706008467253,-1.5109602862182927,-0.05861105981307736,0.39638042438100524,0.4139221805969866,-0.46236420552389995,-0.7178650977952659,-0.032344858037443365,1.1399160604498633,1.064541318017369,-0.5619887478152352,0.942186877769408,-0.1390592911897383,-0.8683944556021269,-0.6401882216693922,-0.3932775430293612,0.32516583177853153,1.5083295595686217,-0.5643451086524672,0.9267137988299692,0.13817485225144716
-0.5444817610344073,0.8973272799418182,-0.21703671951691106,0.022998182556735036,-0.18550669498841352,-0.8404939190655352,-1.2597307258878376,-0.9452705062468992,-0.5276642508298387,0.6918040705047314,-1.2813467829088963,-1.099752506244437,2.595375457203221,-0.6944852042136649,-0.14804912079509874,0.7256006991938495,-0.45574114262504717,-0.21314027756341725,-0.6454318477788358,1.5006960981067219,1.0891468983374966,0.6410257618477859,1.6596712168342125,0.3981811860787529,0.37542707017235366,-0.3255513537975889,-0.4220387082068002,-0.6509226987172447,0.18790823955406966,0.05228050249353941,-1.8379180825318775,-0.5619887478152352,1.8483973262736082,-0.20347487814845092,0.0046548472161771284,0.7374520623569099,0.25591184107740067,-0.17564707309293165,0.9456536307371787,-0.7267108840561982,0.06087090373374933,-0.6477019346910565,-1.0622719607397004
-0.3685805131512772,0.26655098507603026,-0.2546106928033935,-1.4199771806816932,0.22934987963200826,1.6069686724461798,0.9097737623619437,-0.9644485380798827,0.47756275395706244,0.2505788152487926,0.9030289035208328,0.9488485778751561,0.46771332164248464,0.5169025885886599,-0.9514976135375567,-1.343171928856125,0.010625493306974395,0.44890988045713087,0.9555468262993264,-1.3905743336994354,-1.1423864333568499,-0.3936791915252392,0.15344606180174358,-0.7698797359257804,-0.38787491283691106,0.3334747057448297,0.6188698256220987,1.1049246257097782,-1.2756053899853967,-0.9385238645595604,1.4011354752195835,0.942186877769408,-0.20347487814845092,1.5324819885635892,-0.48408997841240714,-1.201798676181234,-0.5709057200712004,-1.2105799323929871,0.2677605478387404,1.0926831978748284,-0.6309611879513026,1.1917895476180878,-0.2069701486304009
-0.11291288469929658,-0.15600266936642251,-0.06027067851155835,0.3088309952395125,-0.39506212307398064,-0.5742808119464852,-0.45183328400571643,0.4414614920635168,-0.12728722342130122,-0.1757946299054548,-0.18200897650825057,-0.3125496966451304,-0.30016144767850117,-0.06430186746625903,0.024480419241134702,0.5048677447835734,0.07724765398858788,0.01969605084265835,-0.33299991107073545,0.8851744368871393,0.38933694404197083,0.18599536318920973,-0.08178130062136106,-0.13318730594439593,0.20960374204154206,-0.04920795652717766,-0.2026355225337453,-0.8115085069839335,0.42924211430625514,0.49893405671340163,-0.43320522059401473,-0.1390592911897383,0.0046548472161771284,-0.48408997841240714,0.20970812042698073,0.364197930124344,0.08115266503584438,0.49590869161119433,0.033376360362259105,-0.06176116734538343,0.131113752911419,-0.3313607858962128,0.1026458206950702
0.08507602940814712,0.08426312997522006,0.11069651183099119,1.0519112169254512,-0.2497210665058572,-1.4647097413381527,-1.0875320160755142,0.4222329105825608,-0.5212888836751731,0.02895364051416448,-1.0725335973164107,-1.0558842100281005,0.4722041397230271,-0.5989728661418597,0.6411427901693612,1.233189950088721,-0.14835977920737592,-0.3908923866659471,-0.9169323089585908,1.5389081995344445,1.1970324513396489,0.5006648675632419,0.4140303495083616,0.6745028274584334,0.4131167790519958,-0.3478269519308017,-0.5943082801796631,-1.0567073845065365,1.0079414922409868,0.7257171662605068,-1.625687003338247,-0.8683944556021269,0.7374520623569099,-1.201798676181234,0.364197930124344,1.126060018351742,0.4989705782609726,0.8490918690753021,0.11074940737543983,-1.024738674355796,0.4831923045081443,-1.0880883464491429,-0.18332128067176165
0.5025386775680479,0.06321286151512263,0.32380216024171626,0.7600001130334558,0.45782896798632083,-0.5121991295466696,-0.107715151795687,0.07996793696149404,-0.23806112672987365,0.10267227657176924,-0.562427395911034,-0.37370539458197155,0.19999789262515436,-0.3882333693378726,0.813207324529975,0.38682182537667203,-0.16099968868269934,-0.4491057555034214,-0.32521764885708293,-0.18514454291144009,0.4175122741957836,0.0671707127392821,0.07188516158513557,0.9410681037975627,0.01000128056653418,-0.23213194157735875,-0.23306870613563893,0.3548944790383849,0.431234389396286,0.0015216085834362898,-0.6092036094597953,-0.6401882216693922,0.25591184107740067,-0.5709057200712004,0.08115266503584438,0.4989705782609726,0.3895370319093412,0.24295677637551188,-0.2586789511249104,-0.915255088431101,0.35040145733251976,-0.5418997474120804,-0.03327552828449335
-0.06504724752270959,-0.46003767744826674,-0.0313851863489233,0.8804462341619254,-0.7664023226602753,-1.3167465790507986,-0.8861838479933205,1.1503713211281241,-0.27585460725778516,-0.4685072638007874,-0.3767007487671623,-0.6532895979680396,-0.9827332447955061,-0.14573285047838552,0.2684062618048479,1.1442267390442518,0.19872610639973465,-0.033207083604017765,-0.7491966647618499,1.7711301230455974,0.840016449837488,0.35356864541718874,-0.3907303123604887,-0.1333038239392403,0.42957828810413556,-0.12344384846193955,-0.46027749515946825,-1.6768315188954601,1.0545762272393313,1.1294302712227047,-0.8854277397856266,-0.3932775430293612,-0.17564707309293165,-1.2105799323929871,0.49590869161119433,0.8490918690753021,0.24295677637551188,1.2104846065097128,-0.11143506109629357,-0.2605311131770503,0.37341365021131934,-0.796641525722554,0.3676274171944044
-1.066338226435807,0.43603520129021495,-0.5880486149213635,-0.7354715658917343,-0.9425361569943903,-0.29595655187568504,-1.0080515492835689,-0.46808163592500407,-0.1437086158695245,0.23424008704411545,-0.28908776449427787,-0.48122172871208646,1.3340947900080766,-0.03156094978792394,-1.0960341372273334,0.3300033294081611,-0.06237975900081637,0.4249503789596219,-0.24438532386747003,1.8072369313869208,0.4676676390473332,0.4699183706647633,0.9917027982369975,-0.9809260965993553,0.3747457907760041,0.03573691700337316,-0.12503128332643199,-1.3924607713770647,-0.1391904063420463,0.34571481351226563,-0.7677328601539706,0.32516583177853153,0.9456536307371787,0.2677605478387404,0.033376360362259105,0.11074940737543983,-0.2586789511249104,-0.11143506109629357,0.987493783776024,0.6028170522202739,-0.31186447777678555,0.024271798824696936,-0.6190842074577871
-1.2745020385049133,-0.30696994160777,-0.8204817493770512,-1.6605465888507036,-1.3698149522832783,0.9253251640904546,0.03812753189573553,0.1458540137461339,0.5290899045780318,-0.4051206973943924,1.3298074758189946,0.7719725063081927,-0.8309980254447841,0.9475184587367935,-1.9676230916689434,-0.6573701242882808,0.47034106201591286,1.1248235042984156,0.6144116993592321,0.9495315840295765,-0.8283804678593052,-0.0784397892174028,-0.32204788324726,-2.4144532471921236,0.09189238656885358,0.554492098271146,0.4617220547775853,-1.3644997149252847,-0.7856282076384885,0.32010805095584877,1.310925803496745,1.5083295595686217,-0.7267108840561982,1.0926831978748284,-0.06176116734538343,-1.024738674355796,-0.915255088431101,-0.2605311131770503,0.6028170522202739,2.241953426245111,-0.775841446969569,1.1463310167853056,0.2078665441633639
0.47264104932305706,-0.06951288368059123,0.2956000579601631,0.7696296185973108,0.32058410128204595,-0.5439886565017681,-0.10601835023382121,0.282542806277944,-0.20131085395931653,-0.02034944415522026,-0.43939706837443315,-0.322198293371601,-0.1435853955240606,-0.30387169429777094,0.7544671664002218,0.42220078070046874,-0.0815689751960043,-0.380082179046721,-0.32623626504302095,-0.06016283448004479,0.38406864579558775,0.05290117603100512,-0.1117417663850895,0.7753979221213583,0.03248072063245237,-0.19299545611993166,-0.22755302403768704,0.15506619923897158,0.4911013456871794,0.13521966947759556,-0.4998424792334927,-0.5643451086524672,0.06087090373374933,-0.6309611879513026,0.131113752911419,0.4831923045081443,0.35040145733251976,0.37341365021131934,-0.31186447777678555,-0.775841446969569,0.347061508857468,-0.521128213802653,0.09700156676250146
-0.2592089763680329,-0.06523151951520886,-0.20964202412198632,-1.1368713442202503,0.046077727588370525,1.371990722256134,0.9064748461432002,-0.4076672316991841,0.5006183640910146,-0.03871223929838352,1.0489730581132897,0.9758561936518887,-0.38509564464281687,0.6118232426729687,-0.8175210155844854,-1.1393329247947659,0.1652650397771991,0.4734159383213893,0.8569519491330996,-1.175527146460617,-1.1089249283095828,-0.4214761610175737,-0.3205915581179525,-0.8728877658475598,-0.3368520442208514,0.35987405094547603,0.5629036908804468,0.7405588267044232,-0.9827343027507809,-0.6042605495581673,1.509770161100809,0.9267137988299692,-0.6477019346910565,1.1917895476180878,-0.3313607858962128,-1.0880883464491429,-0.5418997474120804,-0.796641525722554,0.024271798824696936,1.1463310167853056,-0.521128213802653,1.0738352617555034,0.13271396166457464
0.3978168326063987,-0.5952591045217085,0.18027080279946778,0.28675888531695365,0.05258615711635522,0.15566915306944012,0.5528988942561619,0.7753321752758668,0.21349929416625618,-0.46970153123325653,0.5748113020498541,0.45318163898623987,-1.6550737811021143,0.3068706793341895,0.2846428594514976,-0.14320591939278654,0.2722132351646246,0.03564568037251207,0.1798388878714529,-0.585841356802337,-0.4049534433423544,-0.29671428376005615,-1.0253782974356964,-0.08345346316228712,-0.13867218871716097,0.12453108070872855,0.11924838977939788,0.13893064595873844,0.16196911943682912,0.17574073250620684,0.7978724982677691,0.13817485225144716,-1.0622719607397004,-0.2069701486304009,0.1026458206950702,-0.18332128067176165,-0.03327552828449335,0.3676274171944044,-0.6190842074577871,0.2078665441633639,0.09700156676250146,0.13271396166457464,0.6800610016144432
