V1,V2,V3,V4,V5,V6,V7,V8,V9,V10,V11,V12,V13,V14,V15,V16,V17,V18,V19,V20,V21,V22,V23,V24,V25,V26,V27,V28,V29,V30,V31,V32,V33,V34,V35,V36,V37,V38,V39,V40,V41,V42,V43,V44
0.4469679847149929,-0.12976621193371324,-0.41149626351800234,0.25212596484915956,0.5644505121287131,0.027315522028616587,0.02226772436749764,-0.3267561886007872,0.06648420031578531,-0.07008690766925445,-0.07147654965573551,0.4635033879246249,-0.06382070359031163,0.8971997438574026,0.2763134478995885,0.150646311447597,-0.14366624534400846,0.11967265899543095,0.09404864811898372,-0.08078841982463118,-0.17322600951373038,0.48096124645341365,0.05555431110463362,-0.3704327597748227,-0.07750458783350245,-0.049612143940065925,0.300084638997739,0.16555925803415242,-0.060485371613906824,0.3510366483909608,0.12844870358100077,0.09018345404867793,-0.08438527037439096,0.1583774920316555,-0.21877490965968727,0.0967881922850217,-9.630915916837622e-5,0.18173683574859262,-0.16533795035065524,-0.08814225740455785,0.21762823210880983,0.6751295467379681,-0.15845588344246156,0.13028965978144236
-0.12976621193371324,9.940661808537753,6.593120860836461,2.2383448446392853,5.444185412691404,-1.9826860712506567,9.168665815245935,-0.3566165289503789,-10.01244155571469,-5.318037937383955,2.8376140378266848,7.082311847486044,7.393545972204216,-2.5920070654363223,1.8442701672660355,3.9988615340125766,-1.347126875543582,-2.5219584580800363,6.593556392220014,2.875064603633119,3.657602070798866,7.691331800670386,-1.1943457135221072,2.9415165153791896,-3.605802443105285,-0.9758070691816789,1.4636610960379202,-1.4645966530191967,-2.9632198118121282,0.6374252889561971,4.457911875943103,0.7954873522502783,1.0441696079444047,-7.212248785543342,-6.0087876991979146,5.367203513721269,-1.2475120239820556,3.661066510693214,0.9083987940147468,-6.264864986194731,-4.631289878099153,5.888820957698698,1.3581972395138358,-1.8126909780167513
-0.41149626351800234,6.593120860836461,5.111165582126933,1.1744961842701056,2.9039933323051534,-1.2727792821108244,6.085680342498349,0.5334568461378489,-6.688695090459293,-3.3136729770309836,2.2388769432240743,4.123706423367794,4.841973353954417,-3.083426562772028,0.8936492010395041,2.5111404000257993,-0.8124005832588809,-2.1109466407775765,4.290776238003726,1.7969051902274,2.726639160847311,4.1551356692680255,-0.558624653307132,2.5186159942812982,-2.2788846956709996,-0.4885546545636728,0.5201324063944275,-1.4140945241740324,-1.6965408017220183,-0.15153952176970328,2.8607461508165013,0.3800673310115274,0.8281814745657646,-5.018809754429087,-3.7030373192876858,3.414001238034368,-0.9983184041806539,2.1451991418366556,0.885742464548022,-4.0720087988799545,-3.473414672332437,3.123146542802522,1.1063453426248835,-1.3755089518202195
0.25212596484915956,2.2383448446392853,1.1744961842701056,0.8511794594175772,1.8387708127229474,-0.5872018936799113,2.2934790293760163,-0.5777911295860059,-2.3180398023027675,-1.3955269940613757,0.539588346067189,2.113528141365974,1.8302225630115116,0.5133503671941935,0.7873596829163397,1.0393843676870806,-0.5219014118658626,-0.27827293532671,1.8092144315649232,0.7219037621762713,0.6282491837826107,2.5327071486698527,-0.42448415380337,0.26012408172604046,-0.9547721033321989,-0.3171764496071552,0.7509100511031984,-0.02723123034866234,-0.8321654578953391,0.5664216930674156,1.122979668359413,0.3718728879714941,0.19646838793519822,-1.3938548530835668,-1.7085973908845407,1.5130538706751844,-0.154538187961444,1.1526701016342322,0.13204353862783522,-1.581886444940239,-0.7575971283900303,2.0244723646900686,0.059700412735652346,-0.3044295298967088
0.5644505121287131,5.444185412691404,2.9039933323051534,1.8387708127229474,4.378650326302857,-1.3452564423451807,5.407603648941059,-1.2390999767291098,-5.553300863678234,-3.2708465981215125,1.3293664318936944,4.905288151187996,4.336267147402339,0.864932436845249,1.6958125346112403,2.4879637758826396,-1.1149561265314043,-0.8007531851096833,4.211732428739882,1.7981579046522693,1.5644535840197884,5.9190361541319065,-0.8938721722115472,0.7163937990995669,-2.2287166170376826,-0.8563320085075585,1.6822869167083196,-0.3061587581193275,-1.9496668956088747,1.2242052466550062,2.6920167029267814,0.8005706179230537,0.32023298256174887,-3.499121022902574,-3.9871210661157117,3.516600802191565,-0.35793962320192446,2.6534294812539394,0.3455257394172015,-3.8075871070348666,-2.0066683483508125,4.718809290064999,0.2481678776210218,-0.784954263937383
0.027315522028616587,-1.9826860712506567,-1.2727792821108244,-0.5872018936799113,-1.3452564423451807,0.5983657254519603,-1.9765874178763763,0.2873811123734745,1.9558523232797573,1.166765507350108,-0.5138262943910354,-1.5296527751153104,-1.6872613492677313,0.02710836095968271,-0.5084311339692124,-0.8559908511920512,0.38929282261303116,0.34107331898151516,-1.592639204357071,-0.7814456624722641,-0.5961489284258621,-1.9556363182953531,0.3835286726758547,-0.3817507542409222,0.7702405924741429,0.34668276527330816,-0.5350306939082649,0.16536570836423808,0.6789409292244907,-0.33112665242648615,-0.9191252820741762,-0.22569292043854147,-0.10994621484433123,1.2080388840946534,1.3646553715081353,-1.2700860835733339,0.04662778580632939,-0.9060196991577532,-0.2919589021310582,1.3284236285148268,0.8052634437876446,-1.4079475664917525,-0.13103717432077264,0.30448292496788504
0.02226772436749764,9.168665815245935,6.085680342498349,2.2934790293760163,5.407603648941059,-1.9765874178763763,8.764968225317661,-0.5878674300189438,-9.3886476647944,-5.032324740379043,2.6744967107579587,6.803368841240217,6.9898732946412,-1.7322553790051094,1.97646550218843,3.7220024098186855,-1.4473923343107091,-2.1269941734969464,6.432434590716195,2.667053538785753,3.2656899218587236,7.60721458226992,-1.2161466076568392,2.5136158463794143,-3.4397171352397615,-0.9238861431826632,1.6312200094082165,-1.2182189421535619,-2.796909214501625,0.770212688689028,4.186970840936917,0.926914766581064,0.9833491313937579,-6.496860790950462,-5.814261354123075,5.289896970553327,-1.0515976534012748,3.6332639281390966,0.9135719853940166,-6.005553253545191,-4.113881906753225,5.808331197458513,0.9903105101764995,-1.6725615235156728
-0.3267561886007872,-0.3566165289503789,0.5334568461378489,-0.5777911295860059,-1.2390999767291098,0.2873811123734745,-0.5878674300189438,1.1818338992099187,0.45203204489862137,0.5090238316552015,0.26723024257340205,-1.029514617807723,-0.4585995395979698,-2.052528280323091,-0.6593786521722519,-0.21736689554444574,0.30616561776540674,-0.7259152695935719,-0.627932533271178,-0.27503568407453294,0.30958276774526083,-1.877543628678203,0.4767423058536567,0.6989281652323031,0.3239740567549052,0.25536331717629224,-0.7996946132620792,-0.5799002340416229,0.47238126040390044,-0.7657714818629351,-0.2235023191141248,-0.4722245088841024,0.0787777045435163,-0.1893013754759411,0.7441085196508149,-0.7066184160659308,-0.3079398015414191,-0.6954557522048248,0.18554095479842783,0.48120104240573197,-0.4741075453109308,-1.284711661133796,0.45872163513900394,-0.06440400717602758
0.06648420031578531,-10.01244155571469,-6.688695090459293,-2.3180398023027675,-5.553300863678234,1.9558523232797573,-9.3886476647944,0.45203204489862137,10.306615506622297,5.379656718071107,-2.957045803702399,-7.232797654006898,-7.374564082622093,2.4300465846838155,-1.9953533530026253,-3.945803892617047,1.441598617506821,2.414452335650455,-6.703717878899613,-2.679269617813253,-3.6892400447296363,-7.8496894296117965,1.223820620651148,-2.9842317192769605,3.684827969883243,0.8433751401881779,-1.4986426832249091,1.4511083220414869,2.978759737794257,-0.5755812276740409,-4.491865723332282,-0.9746449856256353,-1.200135618870656,7.319622011851511,6.1151510726497005,-5.559457618497806,1.3506447270724098,-3.74897180529562,-0.8733193642201499,6.444518358978753,4.597757726412677,-5.982704729841521,-1.2107135933053315,1.923452145046533
-0.07008690766925445,-5.318037937383955,-3.3136729770309836,-1.3955269940613757,-3.2708465981215125,1.166765507350108,-5.032324740379043,0.5090238316552015,5.379656718071107,2.9859172897890804,-1.4404950696649508,-4.06343048918762,-4.078387536710764,0.729280848409905,-1.2037224368786987,-2.22683666983287,0.8475196249796138,1.1544696548200448,-3.739961240524604,-1.607039913782452,-1.8069645881370795,-4.578368704578178,0.7741807205377137,-1.3203756691534996,2.016212823223457,0.597492689338037,-1.0401512537060358,0.591504445328266,1.7070251888991526,-0.6011886592132918,-2.4640805343997916,-0.5093367403502695,-0.5129482336240352,3.6922077168375447,3.398883041746052,-3.041466694753857,0.5697007522827648,-2.129223356758659,-0.452427467511454,3.457690168121683,2.30503728896584,-3.524582916046443,-0.5643560407265614,0.9037207703529605
-0.07147654965573551,2.8376140378266848,2.2388769432240743,0.539588346067189,1.3293664318936944,-0.5138262943910354,2.6744967107579587,0.26723024257340205,-2.957045803702399,-1.4404950696649508,1.0794672438446828,1.8804856260461162,2.023836735881732,-1.2977410897179642,0.4583470602399208,1.1247683928516736,-0.41561226574435006,-0.9512930704935052,1.909087846071377,0.6629070476682318,1.192506226568222,1.7717654795128615,-0.16634276018180325,1.096957779052793,-1.0151734781866038,-0.16878465207524324,0.2271308882975767,-0.6673707038528817,-0.7149932504597871,-0.09102374775243086,1.2872453390468424,0.18684268055044012,0.38664795188316026,-2.2095095246848837,-1.6199338692380862,1.4894722588139007,-0.531403430847513,0.9153064900567779,0.35417992024474443,-1.8022552137363628,-1.5290878196953415,1.4436252363956317,0.4458605030745017,-0.6273935873615042
0.4635033879246249,7.082311847486044,4.123706423367794,2.113528141365974,4.905288151187996,-1.5296527751153104,6.803368841240217,-1.029514617807723,-7.232797654006898,-4.06343048918762,1.8804856260461162,5.955583580476504,5.381865259372123,-0.11611117726108339,1.8918856933545423,3.100502851976665,-1.2751380289778045,-1.3893953122407725,5.092202548993841,2.0772863614653923,2.3264645109954567,6.719965785812187,-0.9779765394629082,1.4563896131001244,-2.781443393260442,-0.8410428290210747,1.6704851627825785,-0.6262487681444229,-2.355101298419677,1.1117442397787811,3.379317684312323,0.87258884246512,0.6665222650293059,-4.868202133299897,-4.815980579296882,4.2146366956801895,-0.7856921202743458,3.0848651954216977,0.4201747097888531,-4.69628730914284,-2.8805726196579657,5.402868253416559,0.6384241117624413,-1.1364990870715543
-0.06382070359031163,7.393545972204216,4.841973353954417,1.8302225630115116,4.336267147402339,-1.6872613492677313,6.9898732946412,-0.4585995395979698,-7.374564082622093,-4.078387536710764,2.023836735881732,5.381865259372123,5.813012363881172,-1.454242506113997,1.495325314681474,3.070222806585699,-1.0996945498653807,-1.7740926275901423,5.208691553052988,2.4134390649758473,2.5841664840600838,6.125494362029772,-1.0589066327923025,1.9569444035223056,-2.749149352583916,-0.8814165816760368,1.353960531474784,-0.9321657144698781,-2.2866670532329714,0.741581074537963,3.3864834731364177,0.5814759880698849,0.6461895299805106,-5.125906437456645,-4.677725165980522,4.193411509703001,-0.6845430932497139,2.926688262193897,0.8249770881451087,-4.780566449834189,-3.3291580781084376,4.639114106408758,0.8794393889155389,-1.2345693467858843
0.8971997438574026,-2.5920070654363223,-3.083426562772028,0.5133503671941935,0.864932436845249,0.02710836095968271,-1.7322553790051094,-2.052528280323091,2.4300465846838155,0.729280848409905,-1.2977410897179642,-0.11611117726108339,-1.454242506113997,4.96006860353858,0.7830233438285203,-0.7201864062347693,-0.2951575897696843,2.054944282340571,-0.7265215215505285,-0.3778993980212401,-1.7864896171545017,1.20751573969423,-0.3792607857155135,-2.3804321350817617,0.5030729308452987,-0.239146983704464,1.1881219174988868,1.5153020549806935,0.10033275810582201,1.3735687410545079,-0.8980219605608495,0.6292382203593051,-0.5599676377283649,2.77667114509621,0.3710666477746675,-0.3035258745686721,0.9795966199072782,0.240133733052837,-0.5750640967578653,1.0481882383414185,2.3703156445651206,0.8937008096317071,-1.3389672671567692,0.7771755709783194
0.2763134478995885,1.8442701672660355,0.8936492010395041,0.7873596829163397,1.6958125346112403,-0.5084311339692124,1.97646550218843,-0.6593786521722519,-1.9953533530026253,-1.2037224368786987,0.4583470602399208,1.8918856933545423,1.495325314681474,0.7830233438285203,0.7883177677791994,0.8539546650775577,-0.5119430568973408,-0.07754062701803131,1.5933995891499342,0.5460686130166779,0.45591118142118114,2.3446593110235385,-0.40149419918933166,0.10802308309052153,-0.8333374099223169,-0.2611635108573744,0.7331813125283521,0.048675815902357485,-0.735440769651134,0.5383726500169798,0.939923980485075,0.4272076775734696,0.18236371080416797,-1.0982696065517232,-1.4961503288549376,1.3649850688219995,-0.12028152135130409,1.0377146864904048,0.06919868340637726,-1.3774700709229144,-0.5280227042894299,1.84447587757891,-0.07538911761389805,-0.27787589941180807
0.150646311447597,3.9988615340125766,2.5111404000257993,1.0393843676870806,2.4879637758826396,-0.8559908511920512,3.7220024098186855,-0.21736689554444574,-3.945803892617047,-2.22683666983287,1.1247683928516736,3.100502851976665,3.070222806585699,-0.7201864062347693,0.8539546650775577,1.8016874445912658,-0.6263980912661414,-1.0782197946968357,2.8010972860360455,1.2594507789275224,1.402166411072505,3.306208960002171,-0.4474078259266004,1.010887847361574,-1.5075184038381115,-0.5023169015833806,0.7528360664977028,-0.5404718092668971,-1.2466311237501735,0.47975447795034765,1.924908800844151,0.24864450766358875,0.3055866770557596,-2.8153885416683835,-2.5488085995316214,2.1756505905209425,-0.4759889817530263,1.5526355126612024,0.34604932411317535,-2.549808947505091,-1.8439923565820688,2.7417434172956425,0.5517547921187351,-0.6177577453048316
-0.14366624534400846,-1.347126875543582,-0.8124005832588809,-0.5219014118658626,-1.1149561265314043,0.38929282261303116,-1.4473923343107091,0.30616561776540674,1.441598617506821,0.8475196249796138,-0.41561226574435006,-1.2751380289778045,-1.0996945498653807,-0.2951575897696843,-0.5119430568973408,-0.6263980912661414,0.37582534461523903,0.17079179720114437,-1.1781961489014952,-0.40371505628986587,-0.384315763680575,-1.5200815364664686,0.23405858411630368,-0.18638983313249283,0.5864490557256312,0.18884856644855028,-0.4585848486863494,0.0685062891027952,0.48863452534136675,-0.2918427454840413,-0.6848179061407274,-0.26115857350682786,-0.13643445013566827,0.8268641174505457,1.0366428954934337,-0.9638944842468956,0.11427889486986786,-0.6951075028455327,-0.12431662551274195,0.9803265958310661,0.4843349883969942,-1.213058145221216,0.002231747605894677,0.2243412585040526
0.11967265899543095,-2.5219584580800363,-2.1109466407775765,-0.27827293532671,-0.8007531851096833,0.34107331898151516,-2.1269941734969464,-0.7259152695935719,2.414452335650455,1.1544696548200448,-0.9512930704935052,-1.3893953122407725,-1.7740926275901423,2.054944282340571,-0.07754062701803131,-1.0782197946968357,0.17079179720114437,1.3020866573600887,-1.414071721537606,-0.6521671245217147,-1.2206787436316227,-0.8850187785420249,-0.0567036547860232,-1.2317143301899152,0.7998585488254737,0.13982372332063434,0.09273393362061286,0.8043715170868492,0.5078473440311427,0.23818535163572868,-1.1681080725256772,0.1832409143945692,-0.27783437215194523,2.140765324963612,1.2137049422711494,-0.9655856626214149,0.5716595190749045,-0.5590798587919962,-0.34821655047661026,1.416558743046961,1.6348169610797292,-0.9495818293961732,-0.7451627974680273,0.47126866524865507
0.09404864811898372,6.593556392220014,4.290776238003726,1.8092144315649232,4.211732428739882,-1.592639204357071,6.432434590716195,-0.627932533271178,-6.703717878899613,-3.739961240524604,1.909087846071377,5.092202548993841,5.208691553052988,-0.7265215215505285,1.5933995891499342,2.8010972860360455,-1.1781961489014952,-1.414071721537606,4.924692478777031,2.1041972073164086,2.217334505701376,5.879338407187185,-0.9780110079854689,1.574911223567012,-2.545560024286608,-0.8191434744763105,1.4234719254784225,-0.7665081507537215,-2.1049311435908007,0.7901305586176781,3.0885513466161805,0.6939232901811626,0.5860820868177805,-4.46468454294959,-4.358266964079421,3.9612357004189036,-0.6080195551527906,2.770417242160113,0.7295109505615226,-4.397144211955801,-2.8603601527851747,4.499685561218103,0.5890673550121325,-1.1351426917232805
-0.08078841982463118,2.875064603633119,1.7969051902274,0.7219037621762713,1.7981579046522693,-0.7814456624722641,2.667053538785753,-0.27503568407453294,-2.679269617813253,-1.607039913782452,0.6629070476682318,2.0772863614653923,2.4134390649758473,-0.3778993980212401,0.5460686130166779,1.2594507789275224,-0.40371505628986587,-0.6521671245217147,2.1041972073164086,1.2313110929547506,0.9253110515812464,2.598995192917151,-0.48404441149158156,0.604618435012692,-1.0498005721396888,-0.5426180162016716,0.6505333294383276,-0.3045615555674883,-0.9401157545900989,0.45739584692266233,1.3051862918376034,0.16106146987773073,0.0672463284921363,-1.8312086396596179,-1.8738035253242054,1.6325255384179154,-0.057442313128354745,1.211088424507558,0.403120806219043,-1.8067386821053688,-1.2573218134200301,1.9020530712098735,0.3699603090902791,-0.385734433712524
-0.17322600951373038,3.657602070798866,2.726639160847311,0.6282491837826107,1.5644535840197884,-0.5961489284258621,3.2656899218587236,0.30958276774526083,-3.6892400447296363,-1.8069645881370795,1.192506226568222,2.3264645109954567,2.5841664840600838,-1.7864896171545017,0.45591118142118114,1.402166411072505,-0.384315763680575,-1.2206787436316227,2.217334505701376,0.9253110515812464,1.5519436885033642,2.2114081196174435,-0.25524645504391963,1.4184151400663423,-1.2481690695642964,-0.22006077135233765,0.22065908660478953,-0.7696726389596088,-0.9323794287153311,-0.08336599902868687,1.583874412729044,0.17495424023360107,0.48781514108332374,-2.8742292163192134,-2.011756398267318,1.777519715363297,-0.6380447227091011,1.1401550357363175,0.3763894746991173,-2.193811226778166,-1.9299155986727674,1.7449667748006545,0.6993239937772243,-0.7419890668772298
0.48096124645341365,7.691331800670386,4.1551356692680255,2.5327071486698527,5.9190361541319065,-1.9556363182953531,7.60721458226992,-1.877543628678203,-7.8496894296117965,-4.578368704578178,1.7717654795128615,6.719965785812187,6.125494362029772,1.20751573969423,2.3446593110235385,3.306208960002171,-1.5200815364664686,-0.8850187785420249,5.879338407187185,2.598995192917151,2.2114081196174435,8.433932458634,-1.450255550614016,1.058330205734,-3.0971502045290538,-1.1818145518055083,2.333035154929487,-0.3007461891693232,-2.777164807546537,1.6435573041106384,3.603412692654738,1.2744385158459215,0.5540009731274517,-4.864524742963436,-5.573643994769924,5.022282058411048,-0.3880854256061483,3.7782891001988914,0.5249895573979073,-5.280619567200453,-2.711510771484061,6.35644708193035,0.30993837482949144,-1.1775117523311671
0.05555431110463362,-1.1943457135221072,-0.558624653307132,-0.42448415380337,-0.8938721722115472,0.3835286726758547,-1.2161466076568392,0.4767423058536567,1.223820620651148,0.7741807205377137,-0.16634276018180325,-0.9779765394629082,-1.0589066327923025,-0.3792607857155135,-0.40149419918933166,-0.4474078259266004,0.23405858411630368,-0.0567036547860232,-0.9780110079854689,-0.48404441149158156,-0.25524645504391963,-1.450255550614016,0.4358175154522865,-0.0892204473164613,0.4992217886149494,0.18930509130625645,-0.43038387769788444,-0.1133159496605825,0.507212469914718,-0.31973977606169374,-0.5161925987227893,-0.22806776040863933,-0.10094057657753001,0.6384375822187452,0.8752212022758822,-0.8539452776754471,-0.059370913927262695,-0.6318060530813606,-0.11109284266596327,0.8468244574918318,0.2980128801059172,-0.8915498555161815,0.05517257525593148,0.17612642937398706
-0.3704327597748227,2.9415165153791896,2.5186159942812982,0.26012408172604046,0.7163937990995669,-0.3817507542409222,2.5136158463794143,0.6989281652323031,-2.9842317192769605,-1.3203756691534996,1.096957779052793,1.4563896131001244,1.9569444035223056,-2.3804321350817617,0.10802308309052153,1.010887847361574,-0.18638983313249283,-1.2317143301899152,1.574911223567012,0.604618435012692,1.4184151400663423,1.058330205734,-0.0892204473164613,1.5273888002733695,-0.9107475962929658,-0.03180696325109634,-0.1801992671551839,-0.8612333084699488,-0.6107747904458007,-0.45583992717979016,1.1994380949298993,3.25111279689504e-4,0.5051359798387347,-2.504932242483562,-1.3282834565552917,1.223048743604829,-0.671912211132022,0.6395071578398674,0.3774628666351071,-1.655969567985475,-1.792606178677852,0.7986205743037539,0.7322324496458071,-0.7023076873258979
-0.07750458783350245,-3.605802443105285,-2.2788846956709996,-0.9547721033321989,-2.2287166170376826,0.7702405924741429,-3.4397171352397615,0.3239740567549052,3.684827969883243,2.016212823223457,-1.0151734781866038,-2.781443393260442,-2.749149352583916,0.5030729308452987,-0.8333374099223169,-1.5075184038381115,0.5864490557256312,0.7998585488254737,-2.545560024286608,-1.0498005721396888,-1.2481690695642964,-3.0971502045290538,0.4992217886149494,-0.9107475962929658,1.3771922025741856,0.3748485181503212,-0.6984433320231912,0.41715718610635405,1.138304605096886,-0.39016187628412874,-1.6780051013517776,-0.36425660153201483,-0.37249815093748007,2.533820409711566,2.3254118687916328,-2.0798341846324,0.4177640264237566,-1.4565410009359223,-0.3047847216266802,2.368516698142463,1.570295336248674,-2.41189080659884,-0.3729539713069389,0.6274687334337162
-0.049612143940065925,-0.9758070691816789,-0.4885546545636728,-0.3171764496071552,-0.8563320085075585,0.34668276527330816,-0.9238861431826632,0.25536331717629224,0.8433751401881779,0.597492689338037,-0.16878465207524324,-0.8410428290210747,-0.8814165816760368,-0.239146983704464,-0.2611635108573744,-0.5023169015833806,0.18884856644855028,0.13982372332063434,-0.8191434744763105,-0.5426180162016716,-0.22006077135233765,-1.1818145518055083,0.18930509130625645,-0.03180696325109634,0.3748485181503212,0.32325750336898806,-0.38031478973190386,0.05607646640298612,0.3829064817002834,-0.3180671714740606,-0.4782266270170297,-0.08259001371944337,0.09808537233977548,0.5038807087703754,0.7281580723405704,-0.6189818694106083,-0.08738060885482572,-0.5012472505298642,-0.13869903146581394,0.6332314983054128,0.36544147435056024,-0.8942881594914379,-0.07629362206791078,0.07938929606429798
0.300084638997739,1.4636610960379202,0.5201324063944275,0.7509100511031984,1.6822869167083196,-0.5350306939082649,1.6312200094082165,-0.7996946132620792,-1.4986426832249091,-1.0401512537060358,0.2271308882975767,1.6704851627825785,1.353960531474784,1.1881219174988868,0.7331813125283521,0.7528360664977028,-0.4585848486863494,0.09273393362061286,1.4234719254784225,0.6505333294383276,0.22065908660478953,2.333035154929487,-0.43038387769788444,-0.1801992671551839,-0.6984433320231912,-0.38031478973190386,0.8324212849245861,0.18226721167281182,-0.6788014236288524,0.696560801234464,0.7828401739912586,0.381398855960022,-0.006221954271645047,-0.6830023763171582,-1.359294132738728,1.2205789387492623,0.11197707326156564,1.0041882687069503,0.08472363368082529,-1.1577027132585778,-0.2811079870817713,1.793499796671749,-0.1592955730744453,-0.1236732039185722
0.16555925803415242,-1.4645966530191967,-1.4140945241740324,-0.02723123034866234,-0.3061587581193275,0.16536570836423808,-1.2182189421535619,-0.5799002340416229,1.4511083220414869,0.591504445328266,-0.6673707038528817,-0.6262487681444229,-0.9321657144698781,1.5153020549806935,0.048675815902357485,-0.5404718092668971,0.0685062891027952,0.8043715170868492,-0.7665081507537215,-0.3045615555674883,-0.7696726389596088,-0.3007461891693232,-0.1133159496605825,-0.8612333084699488,0.41715718610635405,0.05607646640298612,0.18226721167281182,0.640853275020587,0.22612171591155303,0.3449362996253222,-0.6247140360237842,0.0864716060737045,-0.1751679790300824,1.3239910077960466,0.5909868310346504,-0.5318376888399668,0.37905165809153274,-0.2260642518091938,-0.25503918914419516,0.8162470139591601,1.0596858051128268,-0.3184197308523816,-0.44580327295854727,0.3768780957974358
-0.060485371613906824,-2.9632198118121282,-1.6965408017220183,-0.8321654578953391,-1.9496668956088747,0.6789409292244907,-2.796909214501625,0.47238126040390044,2.978759737794257,1.7070251888991526,-0.7149932504597871,-2.355101298419677,-2.2866670532329714,0.10033275810582201,-0.735440769651134,-1.2466311237501735,0.48863452534136675,0.5078473440311427,-2.1049311435908007,-0.9401157545900989,-0.9323794287153311,-2.777164807546537,0.507212469914718,-0.6107747904458007,1.138304605096886,0.3829064817002834,-0.6788014236288524,0.22612171591155303,1.0187001571585865,-0.4487629045308994,-1.3665255824242006,-0.3360233313950689,-0.25375911633146775,1.9824729780887445,1.9422308597687574,-1.735918701175838,0.25400723575064854,-1.2474201480775784,-0.20285336827978936,1.928156345805828,1.18464839108395,-2.0923660600866665,-0.25974321166042674,0.4785404479926273
0.3510366483909608,0.6374252889561971,-0.15153952176970328,0.5664216930674156,1.2242052466550062,-0.33112665242648615,0.770212688689028,-0.7657714818629351,-0.5755812276740409,-0.6011886592132918,-0.09102374775243086,1.1117442397787811,0.741581074537963,1.3735687410545079,0.5383726500169798,0.47975447795034765,-0.2918427454840413,0.23818535163572868,0.7901305586176781,0.45739584692266233,-0.08336599902868687,1.6435573041106384,-0.31973977606169374,-0.45583992717979016,-0.39016187628412874,-0.3180671714740606,0.696560801234464,0.3449362996253222,-0.4487629045308994,0.7176281080784099,0.43610350710997364,0.21879877975055534,-0.13204733199448843,-0.09670901573107499,-0.8414887563040935,0.6667772671618227,0.2083730042204315,0.6694115771471644,-0.04890774990414087,-0.573120306194784,0.1019893559527293,1.3452069604453323,-0.18461396537626257,0.09755868853384803
0.12844870358100077,4.457911875943103,2.8607461508165013,1.122979668359413,2.6920167029267814,-0.9191252820741762,4.186970840936917,-0.2235023191141248,-4.491865723332282,-2.4640805343997916,1.2872453390468424,3.379317684312323,3.3864834731364177,-0.8980219605608495,0.939923980485075,1.924908800844151,-0.6848179061407274,-1.1681080725256772,3.0885513466161805,1.3051862918376034,1.583874412729044,3.603412692654738,-0.5161925987227893,1.1994380949298993,-1.6780051013517776,-0.4782266270170297,0.7828401739912586,-0.6247140360237842,-1.3665255824242006,0.43610350710997364,2.119299666134725,0.3224737038824563,0.4123349763052541,-3.1923193247866504,-2.8054644961385673,2.4576964303289386,-0.5656639849782242,1.7071346379708487,0.39021735209431707,-2.8919728046294217,-2.058719839793544,2.926519475072772,0.5660022619642519,-0.7480447985335327
0.09018345404867793,0.7954873522502783,0.3800673310115274,0.3718728879714941,0.8005706179230537,-0.22569292043854147,0.926914766581064,-0.4722245088841024,-0.9746449856256353,-0.5093367403502695,0.18684268055044012,0.87258884246512,0.5814759880698849,0.6292382203593051,0.4272076775734696,0.24864450766358875,-0.26115857350682786,0.1832409143945692,0.6939232901811626,0.16106146987773073,0.17495424023360107,1.2744385158459215,-0.22806776040863933,3.25111279689504e-4,-0.36425660153201483,-0.08259001371944337,0.381398855960022,0.0864716060737045,-0.3360233313950689,0.21879877975055534,0.3224737038824563,0.402696279118196,0.15488715226499467,-0.45029107790089856,-0.710075300831255,0.7379723067888619,-0.020482456267597433,0.5526957389212614,-0.0033108177998930803,-0.6375892403041831,-0.10875436766572333,0.8521766150186362,-0.15643877970532333,-0.19471605007054954
-0.08438527037439096,1.0441696079444047,0.8281814745657646,0.19646838793519822,0.32023298256174887,-0.10994621484433123,0.9833491313937579,0.0787777045435163,-1.200135618870656,-0.5129482336240352,0.38664795188316026,0.6665222650293059,0.6461895299805106,-0.5599676377283649,0.18236371080416797,0.3055866770557596,-0.13643445013566827,-0.27783437215194523,0.5860820868177805,0.0672463284921363,0.48781514108332374,0.5540009731274517,-0.10094057657753001,0.5051359798387347,-0.37249815093748007,0.09808537233977548,-0.006221954271645047,-0.1751679790300824,-0.25375911633146775,-0.13204733199448843,0.4123349763052541,0.15488715226499467,0.3221471591189744,-0.8920026921598867,-0.549421671639403,0.5470151487967791,-0.29897032241583604,0.31039057792098196,0.0465741703958242,-0.6412673652284107,-0.5081030479641795,0.39059263348444484,0.15047529995809042,-0.28674947227915215
0.1583774920316555,-7.212248785543342,-5.018809754429087,-1.3938548530835668,-3.499121022902574,1.2080388840946534,-6.496860790950462,-0.1893013754759411,7.319622011851511,3.6922077168375447,-2.2095095246848837,-4.868202133299897,-5.125906437456645,2.77667114509621,-1.0982696065517232,-2.8153885416683835,0.8268641174505457,2.140765324963612,-4.46468454294959,-1.8312086396596179,-2.8742292163192134,-4.864524742963436,0.6384375822187452,-2.504932242483562,2.533820409711566,0.5038807087703754,-0.6830023763171582,1.3239910077960466,1.9824729780887445,-0.09670901573107499,-3.1923193247866504,-0.45029107790089856,-0.8920026921598867,5.547547121258834,4.106537298619919,-3.63625228542643,1.1728730811323969,-2.3881053275967297,-0.6145462409170341,4.447755590668785,3.603843438189753,-3.8297183755818716,-1.1947292891314611,1.413560956872596
-0.21877490965968727,-6.0087876991979146,-3.7030373192876858,-1.7085973908845407,-3.9871210661157117,1.3646553715081353,-5.814261354123075,0.7441085196508149,6.1151510726497005,3.398883041746052,-1.6199338692380862,-4.815980579296882,-4.677725165980522,0.3710666477746675,-1.4961503288549376,-2.5488085995316214,1.0366428954934337,1.2137049422711494,-4.358266964079421,-1.8738035253242054,-2.011756398267318,-5.573643994769924,0.8752212022758822,-1.3282834565552917,2.3254118687916328,0.7281580723405704,-1.359294132738728,0.5909868310346504,1.9422308597687574,-0.8414887563040935,-2.8054644961385673,-0.710075300831255,-0.549421671639403,4.106537298619919,4.0546021224593325,-3.614448325181575,0.562387253460728,-2.6136408113984047,-0.5232126199843645,4.001897700343822,2.499369259226588,-4.329108616301931,-0.5418916280963867,0.9898176656749581
0.0967881922850217,5.367203513721269,3.414001238034368,1.5130538706751844,3.516600802191565,-1.2700860835733339,5.289896970553327,-0.7066184160659308,-5.559457618497806,-3.041466694753857,1.4894722588139007,4.2146366956801895,4.193411509703001,-0.3035258745686721,1.3649850688219995,2.1756505905209425,-0.9638944842468956,-0.9655856626214149,3.9612357004189036,1.6325255384179154,1.777519715363297,5.022282058411048,-0.8539452776754471,1.223048743604829,-2.0798341846324,-0.6189818694106083,1.2205789387492623,-0.5318376888399668,-1.735918701175838,0.6667772671618227,2.4576964303289386,0.7379723067888619,0.5470151487967791,-3.63625228542643,-3.614448325181575,3.345270581113312,-0.4670376203507631,2.3559516299501033,0.5302192209775021,-3.639449968655919,-2.203065016718526,3.744035311415117,0.37339615617387484,-0.9608223128943167
-9.630915916837622e-5,-1.2475120239820556,-0.9983184041806539,-0.154538187961444,-0.35793962320192446,0.04662778580632939,-1.0515976534012748,-0.3079398015414191,1.3506447270724098,0.5697007522827648,-0.531403430847513,-0.7856921202743458,-0.6845430932497139,0.9795966199072782,-0.12028152135130409,-0.4759889817530263,0.11427889486986786,0.5716595190749045,-0.6080195551527906,-0.057442313128354745,-0.6380447227091011,-0.3880854256061483,-0.059370913927262695,-0.671912211132022,0.4177640264237566,-0.08738060885482572,0.11197707326156564,0.37905165809153274,0.25400723575064854,0.2083730042204315,-0.5656639849782242,-0.020482456267597433,-0.29897032241583604,1.1728730811323969,0.562387253460728,-0.4670376203507631,0.4671481981191187,-0.23199659731180286,-0.020208781161143347,0.7051591840599425,0.7699438901958875,-0.4688478867228175,-0.32784990904672107,0.3176647530492623
0.18173683574859262,3.661066510693214,2.1451991418366556,1.1526701016342322,2.6534294812539394,-0.9060196991577532,3.6332639281390966,-0.6954557522048248,-3.74897180529562,-2.129223356758659,0.9153064900567779,3.0848651954216977,2.926688262193897,0.240133733052837,1.0377146864904048,1.5526355126612024,-0.6951075028455327,-0.5590798587919962,2.770417242160113,1.211088424507558,1.1401550357363175,3.7782891001988914,-0.6318060530813606,0.6395071578398674,-1.4565410009359223,-0.5012472505298642,1.0041882687069503,-0.2260642518091938,-1.2474201480775784,0.6694115771471644,1.7071346379708487,0.5526957389212614,0.31039057792098196,-2.3881053275967297,-2.6136408113984047,2.3559516299501033,-0.23199659731180286,1.7513951752099364,0.3150115083002422,-2.506586427995736,-1.38139252982002,2.8671392132319893,0.20986294466637836,-0.5775511298021557
-0.16533795035065524,0.9083987940147468,0.885742464548022,0.13204353862783522,0.3455257394172015,-0.2919589021310582,0.9135719853940166,0.18554095479842783,-0.8733193642201499,-0.452427467511454,0.35417992024474443,0.4201747097888531,0.8249770881451087,-0.5750640967578653,0.06919868340637726,0.34604932411317535,-0.12431662551274195,-0.34821655047661026,0.7295109505615226,0.403120806219043,0.3763894746991173,0.5249895573979073,-0.11109284266596327,0.3774628666351071,-0.3047847216266802,-0.13869903146581394,0.08472363368082529,-0.25503918914419516,-0.20285336827978936,-0.04890774990414087,0.39021735209431707,-0.0033108177998930803,0.0465741703958242,-0.6145462409170341,-0.5232126199843645,0.5302192209775021,-0.020208781161143347,0.3150115083002422,0.30424143139757776,-0.5963573600842835,-0.5397222269903446,0.3103983813486314,0.1399810499122552,-0.18288364168481958
-0.08814225740455785,-6.264864986194731,-4.0720087988799545,-1.581886444940239,-3.8075871070348666,1.3284236285148268,-6.005553253545191,0.48120104240573197,6.444518358978753,3.457690168121683,-1.8022552137363628,-4.69628730914284,-4.780566449834189,1.0481882383414185,-1.3774700709229144,-2.549808947505091,0.9803265958310661,1.416558743046961,-4.397144211955801,-1.8067386821053688,-2.193811226778166,-5.280619567200453,0.8468244574918318,-1.655969567985475,2.368516698142463,0.6332314983054128,-1.1577027132585778,0.8162470139591601,1.928156345805828,-0.573120306194784,-2.8919728046294217,-0.6375892403041831,-0.6412673652284107,4.447755590668785,4.001897700343822,-3.639449968655919,0.7051591840599425,-2.506586427995736,-0.5963573600842835,4.172344919515238,2.7831744348723593,-4.049727419434586,-0.6254322164451738,1.135429708236395
0.21762823210880983,-4.631289878099153,-3.473414672332437,-0.7575971283900303,-2.0066683483508125,0.8052634437876446,-4.113881906753225,-0.4741075453109308,4.597757726412677,2.30503728896584,-1.5290878196953415,-2.8805726196579657,-3.3291580781084376,2.3703156445651206,-0.5280227042894299,-1.8439923565820688,0.4843349883969942,1.6348169610797292,-2.8603601527851747,-1.2573218134200301,-1.9299155986727674,-2.711510771484061,0.2980128801059172,-1.792606178677852,1.570295336248674,0.36544147435056024,-0.2811079870817713,1.0596858051128268,1.18464839108395,0.1019893559527293,-2.058719839793544,-0.10875436766572333,-0.5081030479641795,3.603843438189753,2.499369259226588,-2.203065016718526,0.7699438901958875,-1.38139252982002,-0.5397222269903446,2.7831744348723593,2.5274569044118076,-2.182282156166339,-0.9129530429876433,0.9128818041341386
0.6751295467379681,5.888820957698698,3.123146542802522,2.0244723646900686,4.718809290064999,-1.4079475664917525,5.808331197458513,-1.284711661133796,-5.982704729841521,-3.524582916046443,1.4436252363956317,5.402868253416559,4.639114106408758,0.8937008096317071,1.84447587757891,2.7417434172956425,-1.213058145221216,-0.9495818293961732,4.499685561218103,1.9020530712098735,1.7449667748006545,6.35644708193035,-0.8915498555161815,0.7986205743037539,-2.41189080659884,-0.8942881594914379,1.793499796671749,-0.3184197308523816,-2.0923660600866665,1.3452069604453323,2.926519475072772,0.8521766150186362,0.39059263348444484,-3.8297183755818716,-4.329108616301931,3.744035311415117,-0.4688478867228175,2.8671392132319893,0.3103983813486314,-4.049727419434586,-2.182282156166339,5.192373319758927,0.3542704175828826,-0.8173908672267209
-0.15845588344246156,1.3581972395138358,1.1063453426248835,0.059700412735652346,0.2481678776210218,-0.13103717432077264,0.9903105101764995,0.45872163513900394,-1.2107135933053315,-0.5643560407265614,0.4458605030745017,0.6384241117624413,0.8794393889155389,-1.3389672671567692,-0.07538911761389805,0.5517547921187351,0.002231747605894677,-0.7451627974680273,0.5890673550121325,0.3699603090902791,0.6993239937772243,0.30993837482949144,0.05517257525593148,0.7322324496458071,-0.3729539713069389,-0.07629362206791078,-0.1592955730744453,-0.44580327295854727,-0.25974321166042674,-0.18461396537626257,0.5660022619642519,-0.15643877970532333,0.15047529995809042,-1.1947292891314611,-0.5418916280963867,0.37339615617387484,-0.32784990904672107,0.20986294466637836,0.1399810499122552,-0.6254322164451738,-0.9129530429876433,0.3542704175828826,0.525939539003136,-0.24429538213206428
0.13028965978144236,-1.8126909780167513,-1.3755089518202195,-0.3044295298967088,-0.784954263937383,0.30448292496788504,-1.6725615235156728,-0.06440400717602758,1.923452145046533,0.9037207703529605,-0.6273935873615042,-1.1364990870715543,-1.2345693467858843,0.7771755709783194,-0.27787589941180807,-0.6177577453048316,0.2243412585040526,0.47126866524865507,-1.1351426917232805,-0.385734433712524,-0.7419890668772298,-1.1775117523311671,0.17612642937398706,-0.7023076873258979,0.6274687334337162,0.07938929606429798,-0.1236732039185722,0.3768780957974358,0.4785404479926273,0.09755868853384803,-0.7480447985335327,-0.19471605007054954,-0.28674947227915215,1.413560956872596,0.9898176656749581,-0.9608223128943167,0.3176647530492623,-0.5775511298021557,-0.18288364168481958,1.135429708236395,0.9128818041341386,-0.8173908672267209,-0.24429538213206428,0.4440250683405067
