V1,V2,V3,V4,V5,V6,V7,V8,V9,V10,V11,V12,V13,V14,V15,V16,V17,V18,V19,V20,V21,V22,V23,V24,V25,V26,V27,V28,V29,V30,V31,V32,V33,V34,V35,V36,V37,V38,V39,V40,V41,V42,V43,V44
0.24783333639805766,-0.13379288188420227,0.09523399083286073,0.07627670787839513,0.185510151260491,-0.09632397262650523,0.10719399939227191,0.2160441559457243,0.0593761724270791,-0.008577646290184917,-0.4972106049365685,-0.40617961342473724,-0.21163610113999218,-0.08711477783123474,-0.3778658294051668,-0.29160634901568105,-0.22137013492854213,0.008758842796029478,-0.5054221499147239,-0.5148262822963784,-0.3287673630436127,-0.12336300593172325,0.24193643332443082,0.26602690006088764,0.35480983297495505,-0.1480280423296572,-0.08254893677087169,-0.18680478971633732,-0.031283560633644576,-0.17181024244812246,0.03706718726201711,-1.7367317998118951e-4,0.0711012338782603,0.040018196464086005,0.3729127196332247,0.19738437089002567,0.17890546441853822,-0.15501145822742468,-0.05278567583277961,-0.07779112646035133,-0.11633020726647006,-0.02453523728722721,-0.16935580508675765,0.00875226716089086
-0.13379288188420227,0.2578283306410873,-0.2449517403176499,-0.24056561880259955,-0.14518491432489994,-0.5285542302511059,0.30516080999182826,-0.2816294729801618,-0.21849930073956342,-0.030964437968355404,0.03217255956843915,0.29410339623476067,0.48060215175005344,-0.02079106464525737,0.3086952687205809,0.17389570778711042,0.26785521366151904,-0.3123404664730137,-0.15362344131693056,0.4579800210966432,0.050338130490293946,-0.11468500276963796,0.16609429570349313,0.022351583296345744,-0.4378406300336761,-0.06955233462746963,0.4160546566141573,-0.21289310498121866,-0.04758010334595868,-0.15946910212866897,-0.06623855416952243,0.7358986047539431,0.019232409858271966,0.21705375458125462,-0.171503842261982,0.27312322783435533,-0.08533786030592812,0.054442368524193735,0.09194479662038993,-0.06600409690333385,0.017312015067450975,0.0318768852207695,0.5943728384709794,0.37221919157464606
0.09523399083286073,-0.2449517403176499,0.6065468255543546,-0.24352428330233059,0.45215709700885187,0.9102530579586444,0.3242661481218734,0.4294378806325488,0.2927389913059457,0.43574498310581045,0.16339090721805918,-0.7786475744972285,-1.2625190016407295,0.3472101607128106,-0.6496435443494761,-0.5438727091462374,-0.585901315031684,0.5143813727463884,0.6967100191945432,-0.4249870703644906,0.28995155701139796,0.3861938722322994,-0.089402169424302,-0.6703341381523759,-0.6661074015470901,-0.5838119031167389,-0.24135546946506375,0.37651205185364217,-0.13858043426303107,0.47873412991246006,-0.39734888424498693,-0.9422490738755711,-0.1581619898025108,-0.7045921271452271,-0.11633598610556038,-0.4302325821749697,-0.023751745132962115,0.5124757073549071,-0.1839800508921492,-0.35172237134504003,0.3197300634943012,-0.3461769616522725,-0.3017918228546461,-0.364360777645828
0.07627670787839513,-0.24056561880259955,-0.24352428330233059,1.2723469609567766,-0.5471682033270806,0.3757102690022812,-1.6506120053817392,-0.043245339983336364,0.054508487572319186,-0.6464963995935943,0.15932336180969384,0.7729442589444127,0.7779990971066966,-0.45212631957937205,0.5378606115890983,0.7754535117950493,0.4063264106413523,0.23037896399173266,-0.12182298650759231,-0.37184744900082706,-0.3816911786649448,-0.1579099919293813,-0.6847651706669099,0.6198354796178187,2.3415881135043795,1.5384843841747984,-1.0034052294061664,0.34142853176371596,0.3819496132383815,-0.06076903297815383,0.8451008094060345,-0.8973264129711386,0.0719308158672305,0.4330675727903174,0.3324665674114474,-0.33853474696200875,0.21547484670228884,-0.9100937749973748,0.14002909722413007,0.9266961692684738,-0.49834548502180875,0.5230386693413652,-1.2855600306196113,-0.7775389564216242
0.185510151260491,-0.14518491432489994,0.45215709700885187,-0.5471682033270806,0.5812190849978882,0.2952437348140658,0.8100944167002005,0.4111815600940394,0.20703694848314533,0.44351602372709525,-0.3185909680302503,-0.9584334517125226,-1.0868926443288038,0.2928771755742281,-0.8056266363213058,-0.7847646780720126,-0.6386631641485254,0.17602415178221492,0.06374359451843276,-0.43175374637238195,0.07343492328307412,0.1730721674841849,0.34060820413545484,-0.3562309905079364,-0.9520267664982844,-0.9701067172318357,0.18734846433972577,-0.056003871778961364,-0.22267544847470422,0.15746049995414096,-0.47470070723897856,-0.1875659761425922,-0.05615659249693972,-0.5084017814822173,0.07107050190778776,-0.0034036940570207562,0.003120788024241252,0.49021503548772244,-0.20154078441921708,-0.5690366139663058,0.2727089959756663,-0.3916241280945089,0.1746379336613436,0.11360615771174988
-0.09632397262650523,-0.5285542302511059,0.9102530579586444,0.3757102690022812,0.2952437348140658,2.6667268104535986,-0.9602201783832852,0.5820734151734257,0.7173225053058447,0.37725427428487224,1.3626156818062032,-0.23761712674399008,-1.8723577496870187,0.5513235415370017,-0.3864911544700518,-0.09275810814735944,-0.7147860736219361,1.2699983445191645,2.324203155822158,-0.2734486544887138,0.8427113253141357,0.8923378439061084,-1.290305057029436,-1.3916245915513887,-0.050419491578437815,0.26156842127478325,-1.272931362360278,1.4678179741026482,0.12245636236617427,1.3156785837973408,-0.26208079346415764,-2.990908661589677,-0.4427216617317534,-1.390282891319667,-0.6826210310100432,-1.7500147355367897,-0.23443388786501757,0.6222389364237065,-0.26297331599070795,0.17802201100810544,0.42920805692746306,-0.20240572653990008,-1.5531002242440242,-1.555970736272887
0.10719399939227191,0.30516080999182826,0.3242661481218734,-1.6506120053817392,0.8100944167002005,-0.9602201783832852,2.5204975844353616,0.1254027145310686,-0.21130709514605814,0.830062021995505,-0.7822816411300063,-1.362924965899074,-0.9362004524017231,0.46939187034077484,-0.9329450949278522,-1.194344573849805,-0.5795068165501586,-0.43531566323522247,-0.5109817302970157,0.10216277153952623,0.15150878773676593,0.027920020173232453,1.3422815690333751,-0.4949473428027331,-2.891865041327652,-2.2060473421553355,1.4435976347974575,-0.7933922103076031,-0.5759021657800959,-0.21729296447074697,-1.0796549309029484,1.6245334526906827,-0.008407967106984198,-0.3144001919694388,-0.059669010418765094,0.909141695322954,-0.06512545152528942,1.0450070736611319,-0.16407815236719847,-1.3293841115477338,0.5680482212572748,-0.732791057994132,1.83715955543842,1.2523419091087213
0.2160441559457243,-0.2816294729801618,0.4294378806325488,-0.043245339983336364,0.4111815600940394,0.5820734151734257,0.1254027145310686,0.49706506357917796,0.2944367367023505,0.21750492034540747,-0.24139258802405783,-0.7698721945870096,-0.9077160311621806,0.1542345889612407,-0.6777324445804991,-0.5482664439913468,-0.5522832198444413,0.3395015956418038,0.08938604608999572,-0.7024193243666242,-0.043450612792737306,0.15316356371409634,-0.002705668139672217,-0.1621508814044117,-0.029970074422762037,-0.3787377507548488,-0.27783793158477815,0.15291982386276698,-0.08975025020978387,0.21180726805129352,-0.13992822075542982,-0.6995194608126292,-0.03726446757525343,-0.40958517714652254,0.20104198987404676,-0.21649476013389302,0.06214911469347258,0.16723222572726568,-0.16346417175775835,-0.23642226644584147,0.11731404280713634,-0.2360477339646063,-0.414270391194591,-0.2417707169412476
0.0593761724270791,-0.21849930073956342,0.2927389913059457,0.054508487572319186,0.20703694848314533,0.7173225053058447,-0.21130709514605814,0.2944367367023505,0.28823002185529856,0.12681039064551783,0.16641470535374175,-0.28133741152912395,-0.6702353636043762,0.14592248114068904,-0.32458099039316113,-0.23341863162089077,-0.3467550185787106,0.34241349834796714,0.4441462407530662,-0.286096764298175,0.13106470247904553,0.2052465243830344,-0.27229894183391146,-0.2634019473199833,0.044151511078646954,-0.071558189575298,-0.3503019436788545,0.324684093052869,0.017059690456955608,0.3082086936425238,-0.07641905184476129,-0.8365873264819909,-0.07798113765692939,-0.4164962545757709,-0.03941451387041165,-0.4412509248950195,-0.03853891099084673,0.14189975825219284,-0.12426237151965656,-0.029887403942983632,0.08867060217991542,-0.09089465119922668,-0.48910131736854084,-0.3817187578278808
-0.008577646290184917,-0.030964437968355404,0.43574498310581045,-0.6464963995935943,0.44351602372709525,0.37725427428487224,0.830062021995505,0.21750492034540747,0.12681039064551783,0.5137416547348103,0.10442661598242635,-0.6924841830457746,-1.0040571922835053,0.3852796111024332,-0.5275830320640152,-0.5693131263837371,-0.4537019993967111,0.21099065213690898,0.5236333394346624,-0.016211511948917734,0.36450206443069066,0.30732232319977354,0.2051359800362951,-0.6689995219674939,-1.3550265206708647,-0.9267325598867532,0.2676238647164176,0.10268000158605853,-0.22200893550427495,0.3168201249111264,-0.5716745412457565,-0.18452617949097816,-0.12818228217914757,-0.5738665610041226,-0.24027021943476654,-0.12853745321836213,-0.10773776638955984,0.6732529811986793,-0.1513954213743718,-0.5512192686067253,0.3941060931027122,-0.3982037002174939,0.35311899604527347,0.09153330854386448
-0.4972106049365685,0.03217255956843915,0.16339090721805918,0.15932336180969384,-0.3185909680302503,1.3626156818062032,-0.7822816411300063,-0.24139258802405783,0.16641470535374175,0.10442661598242635,1.6031397816153845,0.8587699776043336,-0.29940376892606124,0.3432485443167868,0.670464017534799,0.6633249643487492,0.20441814657210425,0.5457990097458325,1.980529031271014,0.9283991987989928,0.9401924327199984,0.5941642470169202,-1.0724211998440563,-1.0876408687612233,-0.4554068601561551,0.5823713952990692,-0.4938753195539511,1.0261429910810962,0.16943997542248251,0.8754167324060049,-0.12709228806337003,-1.3635178574511628,-0.33742802238609426,-0.6314190733814717,-1.0091997090539084,-1.1604832797302418,-0.3937276858003532,0.4655417593041045,0.0157053468494429,0.35494902873413986,0.32573450315732494,0.06752820118373878,-0.45979568673506205,-0.8112254056376486
-0.40617961342473724,0.29410339623476067,-0.7786475744972285,0.7729442589444127,-0.9584334517125226,-0.23761712674399008,-1.362924965899074,-0.7698721945870096,-0.28133741152912395,-0.6924841830457746,0.8587699776043336,1.8436416870740255,1.6930742586979441,-0.372607890604624,1.4516743152427378,1.3770442566491943,1.0246555688756653,-0.28188599798005004,0.30524729800836053,1.1039466996859575,0.09333040602337035,-0.1868846710964011,-0.7329884632320214,0.34613863467100026,1.2329302512208122,1.5671352462749957,-0.26681392010931837,0.2405509825593934,0.4057594406738521,-0.10615399064566204,0.6525461178225169,0.1442747214844288,0.003147350923063494,0.6401739709769266,-0.412704622027768,-0.25798412932476555,-0.14236019685800336,-0.6339529783250375,0.29377834033667566,0.9595470565794051,-0.37255200168127073,0.6746575584820662,-0.23506892783318972,-0.26781277504860845
-0.21163610113999218,0.48060215175005344,-1.2625190016407295,0.7779990971066966,-1.0868926443288038,-1.8723577496870187,-0.9362004524017231,-0.9077160311621806,-0.6702353636043762,-1.0040571922835053,-0.29940376892606124,1.6930742586979441,2.8218221160633647,-0.8057795921762414,1.4898614202007698,1.3208261001887152,1.3668246457188717,-0.9876623129166519,-1.4520377940956566,0.745437206828845,-0.6473268985854639,-0.805950933304527,0.0772266706055728,1.4644682787348133,1.7999885527820372,1.5317554183003368,0.31051825783534187,-0.7031639672972793,0.32338993460908744,-0.9877777457480623,1.0031973863482382,1.8379350024458616,0.34194981284688136,1.605075248678044,0.3129272429864188,0.9024515484499308,0.11250519630678256,-1.2222076437701652,0.4514640462904999,0.8878056622011965,-0.7150211789824894,0.7680970441003306,0.43260883608524153,0.6295065166991803
-0.08711477783123474,-0.02079106464525737,0.3472101607128106,-0.45212631957937205,0.2928771755742281,0.5513235415370017,0.46939187034077484,0.1542345889612407,0.14592248114068904,0.3852796111024332,0.3432485443167868,-0.372607890604624,-0.8057795921762414,0.3574190588608363,-0.29217864645702607,-0.32020043836268797,-0.33669614264210423,0.2447192927240924,0.7313195795469533,0.1303417179867119,0.4291854696816773,0.3278034489669218,-0.06166665672103641,-0.6724328692247853,-1.0790971879992932,-0.5835943011806203,0.10676661903118144,0.2639972258782852,-0.1357553933659318,0.3994655036495927,-0.43728887427289526,-0.4035508067195109,-0.16245056370637248,-0.546373296366303,-0.36352409612027264,-0.3275845027826285,-0.16957962634441584,0.5857442098903302,-0.12064720302923022,-0.3501172316813141,0.36113114693000364,-0.2932163934057918,0.17076826941893775,-0.07173242110265785
-0.3778658294051668,0.3086952687205809,-0.6496435443494761,0.5378606115890983,-0.8056266363213058,-0.3864911544700518,-0.9329450949278522,-0.6777324445804991,-0.32458099039316113,-0.5275830320640152,0.670464017534799,1.4516743152427378,1.4898614202007698,-0.29217864645702607,1.2341503705749362,1.1344759506644284,0.9160947387387942,-0.29091256471351146,0.1948364445254715,0.942117306190487,0.10860476546741732,-0.161066671225529,-0.5019675146683396,0.26377283199831963,0.795278015474246,1.1974317659605789,-0.07011224856817319,0.12257946236912023,0.2738095466559257,-0.12266470544057437,0.5034198517984169,0.37430490047343473,0.01493872315661898,0.6050417478687692,-0.35754650897348345,-0.06849283307065988,-0.12961490006704152,-0.4631797731897558,0.2770250069566188,0.7049529429388386,-0.24922777073554864,0.4900373910924919,0.030546248063750326,-0.06705037799632185
-0.29160634901568105,0.17389570778711042,-0.5438727091462374,0.7754535117950493,-0.7847646780720126,-0.09275810814735944,-1.194344573849805,-0.5482664439913468,-0.23341863162089077,-0.5693131263837371,0.6633249643487492,1.3770442566491943,1.3208261001887152,-0.32020043836268797,1.1344759506644284,1.1351703485337508,0.8248568962053291,-0.11468478812729511,0.2575019023282015,0.6818421893883643,0.036893370243874846,-0.12130935112276102,-0.6283421223808088,0.2855281306590181,1.2085085015907158,1.3680459734206551,-0.3644212051787254,0.25781617547926533,0.32380467626682147,-0.048890981639105345,0.5961340350836174,-0.060445979091157405,-0.003596049197411625,0.5425103760466943,-0.2524097933389387,-0.21871681641408433,-0.053758294559051935,-0.5620726990905535,0.25180757277368615,0.8177343311292344,-0.2961086224291768,0.5209358018616739,-0.3580135118038703,-0.3295659831379658
-0.22137013492854213,0.26785521366151904,-0.585901315031684,0.4063264106413523,-0.6386631641485254,-0.7147860736219361,-0.5795068165501586,-0.5522832198444413,-0.3467550185787106,-0.4537019993967111,0.20441814657210425,1.0246555688756653,1.3668246457188717,-0.33669614264210423,0.9160947387387942,0.8248568962053291,0.7903624638740486,-0.37218531700502777,-0.3075341062327564,0.5945757260683812,-0.1204524301116385,-0.27343457023219,-0.13991871821490645,0.46758411471831246,0.7518586165196466,0.8703075227838528,0.08028228104967013,-0.1516687551260055,0.183187785995352,-0.32304063821497686,0.4525564559879029,0.7019386374439596,0.10384369280081199,0.6980936957694689,-0.05670445137821182,0.26735454890981586,-0.0014475144638531631,-0.5001937945209702,0.25130147892199456,0.5041238670381274,-0.2861180409567372,0.40067696237071726,0.1740969130917423,0.15482139070318096
0.008758842796029478,-0.3123404664730137,0.5143813727463884,0.23037896399173266,0.17602415178221492,1.2699983445191645,-0.43531566323522247,0.3395015956418038,0.34241349834796714,0.21099065213690898,0.5457990097458325,-0.28188599798005004,-0.9876623129166519,0.2447192927240924,-0.29091256471351146,-0.11468478812729511,-0.37218531700502777,0.6742768967922783,1.029219827136983,-0.32124778684398897,0.341942548778403,0.43375903402368865,-0.5452732677134594,-0.6315504091592647,0.07772119189695965,0.08970795334098836,-0.6691063624641854,0.682128739226656,0.041887228416337574,0.6100405136054587,-0.110494560595814,-1.4836651733747992,-0.1910245531611506,-0.6477693418664755,-0.20337030359820732,-0.7726732852224364,-0.03725749239582295,0.2662561654339965,-0.12831456832001784,0.06197899329054352,0.19638250838074123,-0.12802230096101658,-0.8286553248035042,-0.774435688479443
-0.5054221499147239,-0.15362344131693056,0.6967100191945432,-0.12182298650759231,0.06374359451843276,2.324203155822158,-0.5109817302970157,0.08938604608999572,0.4441462407530662,0.5236333394346624,1.980529031271014,0.30524729800836053,-1.4520377940956566,0.7313195795469533,0.1948364445254715,0.2575019023282015,-0.3075341062327564,1.029219827136983,2.8977767439249105,0.7772112564887547,1.3702098456253051,1.0268448709271192,-1.2698317361775646,-1.8421479787231405,-1.2796674222668534,0.059164929261595334,-0.6842640699725111,1.4723949351646461,0.06119172031493592,1.419600710579575,-0.5402278518573701,-2.3083529122178423,-0.5360509947673983,-1.3514256677978216,-1.3011443060970365,-1.701938853942506,-0.5083846061679752,1.0451457259359886,-0.16066059681467118,0.0553349735308759,0.6974139582043777,-0.25621848988299195,-0.689166537112307,-1.1687833322935628
-0.5148262822963784,0.4579800210966432,-0.4249870703644906,-0.37184744900082706,-0.43175374637238195,-0.2734486544887138,0.10216277153952623,-0.7024193243666242,-0.286096764298175,-0.016211511948917734,0.9283991987989928,1.1039466996859575,0.745437206828845,0.1303417179867119,0.942117306190487,0.6818421893883643,0.5945757260683812,-0.32124778684398897,0.7772112564887547,1.4775602900835565,0.6002015235776575,0.10847044790076513,-0.22089067117822514,-0.4450217227263096,-1.0402210235789697,0.14378360587450917,0.5351052140778417,0.10886181912369627,0.06418126303072533,0.12412484785274201,-0.18633088874381024,0.6261763800805618,-0.1304917441220047,0.08053350887225787,-0.8292945028680673,-0.14232231969529358,-0.36088736847822167,0.330244306896267,0.13615398468407802,0.11867826864879359,0.18117678348126254,0.14402764070461296,0.8028056213985444,0.2712291920992641
-0.3287673630436127,0.050338130490293946,0.28995155701139796,-0.3816911786649448,0.07343492328307412,0.8427113253141357,0.15150878773676593,-0.043450612792737306,0.13106470247904553,0.36450206443069066,0.9401924327199984,0.09333040602337035,-0.6473268985854639,0.4291854696816773,0.10860476546741732,0.036893370243874846,-0.1204524301116385,0.341942548778403,1.3702098456253051,0.6002015235776575,0.777170351004206,0.49582429131130257,-0.42809617791113985,-0.9675623628208443,-1.2096111317336886,-0.2830698035013485,0.011812786377098292,0.568414054151741,-0.054586439868602614,0.6399629003733974,-0.41897961414447543,-0.6744545700824377,-0.25031443955059113,-0.6353986510000573,-0.733851697708995,-0.6572864732641681,-0.3260763475202603,0.6874961413020519,-0.07093051316668492,-0.1680642379305008,0.4467802560082888,-0.22702762311629296,0.113855582800885,-0.2548831347463249
-0.12336300593172325,-0.11468500276963796,0.3861938722322994,-0.1579099919293813,0.1730721674841849,0.8923378439061084,0.027920020173232453,0.15316356371409634,0.2052465243830344,0.30732232319977354,0.5941642470169202,-0.1868846710964011,-0.805950933304527,0.3278034489669218,-0.161066671225529,-0.12130935112276102,-0.27343457023219,0.43375903402368865,1.0268448709271192,0.10847044790076513,0.49582429131130257,0.41913662215607783,-0.3371353511001892,-0.7246713132306641,-0.6611055140066351,-0.23211465531484277,-0.21590014664503285,0.5032498770438313,-0.035687732995435616,0.5387128893994984,-0.2978857869757545,-0.8856179579214002,-0.19647904251786508,-0.5894253604456006,-0.3988998832602827,-0.5819656857570951,-0.15390103750136325,0.4853293278224481,-0.10865807868278284,-0.12605165326656542,0.3223977755920347,-0.20571500968567247,-0.23336187041851986,-0.3881249039411503
0.24193643332443082,0.16609429570349313,-0.089402169424302,-0.6847651706669099,0.34060820413545484,-1.290305057029436,1.3422815690333751,-0.002705668139672217,-0.27229894183391146,0.2051359800362951,-1.0724211998440563,-0.7329884632320214,0.0772266706055728,-0.06166665672103641,-0.5019675146683396,-0.6283421223808088,-0.13991871821490645,-0.5452732677134594,-1.2698317361775646,-0.22089067117822514,-0.42809617791113985,-0.3371353511001892,1.1294372375405688,0.45629045989548556,-0.8348752881062114,-1.0492534395314341,0.8910263578804459,-0.9081689551436918,-0.2643124113022367,-0.630019081352078,-0.30143620152992073,1.551122433924308,0.19389066651965753,0.3649407339442523,0.4861468913943175,1.051201055601935,0.20062721436201705,0.09254632466138717,-0.024665352919519896,-0.605322126213323,0.003770247001881005,-0.23213649837960457,1.0427542574780793,0.9759716924913444
0.26602690006088764,0.022351583296345744,-0.6703341381523759,0.6198354796178187,-0.3562309905079364,-1.3916245915513887,-0.4949473428027331,-0.1621508814044117,-0.2634019473199833,-0.6689995219674939,-1.0876408687612233,0.34613863467100026,1.4644682787348133,-0.6724328692247853,0.26377283199831963,0.2855281306590181,0.46758411471831246,-0.6315504091592647,-1.8421479787231405,-0.4450217227263096,-0.9675623628208443,-0.7246713132306641,0.45629045989548556,1.526864999119342,1.813778480027224,0.7026773546982793,0.0655546124990926,-0.8001611353242409,0.17708409616835644,-0.9495326683902912,0.7677911814824272,1.163591772523131,0.38553085982775437,1.1304070236740325,0.9123480136726523,0.8994742929073207,0.3500620969730703,-1.0817732846403432,0.16639546912615963,0.44049454295891566,-0.6547820308235632,0.4341522681582605,-0.08010522435866402,0.47983148298558054
0.35480983297495505,-0.4378406300336761,-0.6661074015470901,2.3415881135043795,-0.9520267664982844,-0.050419491578437815,-2.891865041327652,-0.029970074422762037,0.044151511078646954,-1.3550265206708647,-0.4554068601561551,1.2329302512208122,1.7999885527820372,-1.0790971879992932,0.795278015474246,1.2085085015907158,0.7518586165196466,0.07772119189695965,-1.2796674222668534,-1.0402210235789697,-1.2096111317336886,-0.6611055140066351,-0.8348752881062114,1.813778480027224,4.789206316340698,2.74151256129941,-1.636389152015776,0.11305014584991656,0.6854976688652561,-0.6030900821981336,1.7271737303949835,-0.9316165037169283,0.34057417771739223,1.186434094744077,1.1123421709360641,-0.0808235575062057,0.5612883671527573,-2.048763016304555,0.27380410397441823,1.6509336830567536,-1.191314521369432,1.0537535358071326,-2.2022579209832243,-1.042072166133633
-0.1480280423296572,-0.06955233462746963,-0.5838119031167389,1.5384843841747984,-0.9701067172318357,0.26156842127478325,-2.2060473421553355,-0.3787377507548488,-0.071558189575298,-0.9267325598867532,0.5823713952990692,1.5671352462749957,1.5317554183003368,-0.5835943011806203,1.1974317659605789,1.3680459734206551,0.8703075227838528,0.08970795334098836,0.059164929261595334,0.14378360587450917,-0.2830698035013485,-0.23211465531484277,-1.0492534395314341,0.7026773546982793,2.74151256129941,2.2025305972255533,-1.0649908954196086,0.46679883696678326,0.5244827849194651,-0.07108335031492295,1.1059129602658924,-0.7715174959984833,0.06998361151780902,0.6856031953920527,0.07819835736316792,-0.45941504163550084,0.09333602561252961,-1.134946929039756,0.28324082899534914,1.2956590900611786,-0.6266414430819741,0.7841529928040715,-1.2861428916030313,-0.848076513899841
-0.08254893677087169,0.4160546566141573,-0.24135546946506375,-1.0034052294061664,0.18734846433972577,-1.272931362360278,1.4435976347974575,-0.27783793158477815,-0.3503019436788545,0.2676238647164176,-0.4938753195539511,-0.26681392010931837,0.31051825783534187,0.10676661903118144,-0.07011224856817319,-0.3644212051787254,0.08028228104967013,-0.6691063624641854,-0.6842640699725111,0.5351052140778417,0.011812786377098292,-0.21590014664503285,0.8910263578804459,0.0655546124990926,-1.636389152015776,-1.0649908954196086,1.1994017026064603,-0.7545773939218846,-0.2876882714137397,-0.4337794700095169,-0.46564497393160403,1.7830820283635973,0.09512525733832708,0.2601707808952144,-0.07650344496663423,0.8529332836391673,-0.10479345338976993,0.4036383662990455,0.025725299508819136,-0.6468135852369492,0.19766361194588775,-0.2529420009816223,1.524764443370273,1.124784177454455
-0.18680478971633732,-0.21289310498121866,0.37651205185364217,0.34142853176371596,-0.056003871778961364,1.4678179741026482,-0.7933922103076031,0.15291982386276698,0.324684093052869,0.10268000158605853,1.0261429910810962,0.2405509825593934,-0.7031639672972793,0.2639972258782852,0.12257946236912023,0.25781617547926533,-0.1516687551260055,0.682128739226656,1.4723949351646461,0.10886181912369627,0.568414054151741,0.5032498770438313,-0.9081689551436918,-0.8001611353242409,0.11305014584991656,0.46679883696678326,-0.7545773939218846,0.9197090187902756,0.13147705746555813,0.7695326852017698,-0.03324185724619865,-1.6493607017544798,-0.26114816387522716,-0.6648674320810869,-0.5305186888632727,-1.0500955752750378,-0.18902226903536262,0.27376862730892443,-0.06836092318075168,0.27400215942393186,0.21187762075241698,-0.007732422634281502,-0.8687614623781036,-0.9236486451525858
-0.031283560633644576,-0.04758010334595868,-0.13858043426303107,0.3819496132383815,-0.22267544847470422,0.12245636236617427,-0.5759021657800959,-0.08975025020978387,0.017059690456955608,-0.22200893550427495,0.16943997542248251,0.4057594406738521,0.32338993460908744,-0.1357553933659318,0.2738095466559257,0.32380467626682147,0.183187785995352,0.041887228416337574,0.06119172031493592,0.06418126303072533,-0.054586439868602614,-0.035687732995435616,-0.2643124113022367,0.17708409616835644,0.6854976688652561,0.5244827849194651,-0.2876882714137397,0.13147705746555813,0.15578746866805487,-0.005211044256808786,0.2642256369566963,-0.2718051910732066,0.012775520812411305,0.1377261886699801,0.02377419737896634,-0.16320453467049215,0.026575149271572812,-0.27317669662352345,0.045428195762212346,0.337874519073921,-0.1555191392873603,0.20621319604292968,-0.3806070452805712,-0.24133489459907573
-0.17181024244812246,-0.15946910212866897,0.47873412991246006,-0.06076903297815383,0.15746049995414096,1.3156785837973408,-0.21729296447074697,0.21180726805129352,0.3082086936425238,0.3168201249111264,0.8754167324060049,-0.10615399064566204,-0.9877777457480623,0.3994655036495927,-0.12266470544057437,-0.048890981639105345,-0.32304063821497686,0.6100405136054587,1.419600710579575,0.12412484785274201,0.6399629003733974,0.5387128893994984,-0.630019081352078,-0.9495326683902912,-0.6030900821981336,-0.07108335031492295,-0.4337794700095169,0.7695326852017698,-0.005211044256808786,0.7589880926480558,-0.2987647784038868,-1.3441919623944685,-0.2713075692327824,-0.7858575855428312,-0.5651518444480976,-0.8910103763138957,-0.22628752660229118,0.5495183821073784,-0.12188633908276914,-0.04954136515251184,0.36876996663716965,-0.1995091423679811,-0.4688251376084621,-0.6514594962079059
0.03706718726201711,-0.06623855416952243,-0.39734888424498693,0.8451008094060345,-0.47470070723897856,-0.26208079346415764,-1.0796549309029484,-0.13992822075542982,-0.07641905184476129,-0.5716745412457565,-0.12709228806337003,0.6525461178225169,1.0031973863482382,-0.43728887427289526,0.5034198517984169,0.5961340350836174,0.4525564559879029,-0.110494560595814,-0.5402278518573701,-0.18633088874381024,-0.41897961414447543,-0.2978857869757545,-0.30143620152992073,0.7677911814824272,1.7271737303949835,1.1059129602658924,-0.46564497393160403,-0.03324185724619865,0.2642256369566963,-0.2987647784038868,0.7070294349325749,-0.04869795015388426,0.1533520592186684,0.6079074876979073,0.3568081061446396,0.06725950254173345,0.15456895069843263,-0.7984766384760483,0.15223170439385678,0.6538759476075403,-0.4444528853033794,0.42476728897386934,-0.6267688392335641,-0.22645116745989133
-1.7367317998118951e-4,0.7358986047539431,-0.9422490738755711,-0.8973264129711386,-0.1875659761425922,-2.990908661589677,1.6245334526906827,-0.6995194608126292,-0.8365873264819909,-0.18452617949097816,-1.3635178574511628,0.1442747214844288,1.8379350024458616,-0.4035508067195109,0.37430490047343473,-0.060445979091157405,0.7019386374439596,-1.4836651733747992,-2.3083529122178423,0.6261763800805618,-0.6744545700824377,-0.8856179579214002,1.551122433924308,1.163591772523131,-0.9316165037169283,-0.7715174959984833,1.7830820283635973,-1.6493607017544798,-0.2718051910732066,-1.3441919623944685,-0.04869795015388426,3.596566234355923,0.41489736336696104,1.3253033564007337,0.45494906193078494,1.9532020555401557,0.10684172515556323,-0.2858534172754005,0.2622441156622856,-0.5037437156959788,-0.25041138378478717,0.04469046738846454,2.2503222290412537,1.9612911434073135
0.0711012338782603,0.019232409858271966,-0.1581619898025108,0.0719308158672305,-0.05615659249693972,-0.4427216617317534,-0.008407967106984198,-0.03726446757525343,-0.07798113765692939,-0.12818228217914757,-0.33742802238609426,0.003147350923063494,0.34194981284688136,-0.16245056370637248,0.01493872315661898,-0.003596049197411625,0.10384369280081199,-0.1910245531611506,-0.5360509947673983,-0.1304917441220047,-0.25031443955059113,-0.19647904251786508,0.19389066651965753,0.38553085982775437,0.34057417771739223,0.06998361151780902,0.09512525733832708,-0.26114816387522716,0.012775520812411305,-0.2713075692327824,0.1533520592186684,0.41489736336696104,0.11887831223441458,0.28419638383567625,0.2548048627854071,0.3025884978333267,0.09077714521769602,-0.2439214386022517,0.04026070163231392,0.03922823677006897,-0.1571485343195431,0.07745537483332138,0.07775105078259197,0.2028048062062433
0.040018196464086005,0.21705375458125462,-0.7045921271452271,0.4330675727903174,-0.5084017814822173,-1.390282891319667,-0.3144001919694388,-0.40958517714652254,-0.4164962545757709,-0.5738665610041226,-0.6314190733814717,0.6401739709769266,1.605075248678044,-0.546373296366303,0.6050417478687692,0.5425103760466943,0.6980936957694689,-0.6477693418664755,-1.3514256677978216,0.08053350887225787,-0.6353986510000573,-0.5894253604456006,0.3649407339442523,1.1304070236740325,1.186434094744077,0.6856031953920527,0.2601707808952144,-0.6648674320810869,0.1377261886699801,-0.7858575855428312,0.6079074876979073,1.3253033564007337,0.28419638383567625,1.08546401217406,0.508942516003562,0.8308232029381721,0.2121138465403006,-0.8162384070404392,0.24090766488251344,0.40536184278707993,-0.47612471917652743,0.39675230885320895,0.29205009866454523,0.5375959595410834
0.3729127196332247,-0.171503842261982,-0.11633598610556038,0.3324665674114474,0.07107050190778776,-0.6826210310100432,-0.059669010418765094,0.20104198987404676,-0.03941451387041165,-0.24027021943476654,-1.0091997090539084,-0.412704622027768,0.3129272429864188,-0.36352409612027264,-0.35754650897348345,-0.2524097933389387,-0.05670445137821182,-0.20337030359820732,-1.3011443060970365,-0.8292945028680673,-0.733851697708995,-0.3988998832602827,0.4861468913943175,0.9123480136726523,1.1123421709360641,0.07819835736316792,-0.07650344496663423,-0.5305186888632727,0.02377419737896634,-0.5651518444480976,0.3568081061446396,0.45494906193078494,0.2548048627854071,0.508942516003562,0.8351931594729556,0.6135804619929909,0.36026708990338335,-0.5995043211878937,0.009182266380779859,0.06337922719914042,-0.37098750020513355,0.10723319624475182,-0.2433583258670117,0.22003033639732097
0.19738437089002567,0.27312322783435533,-0.4302325821749697,-0.33853474696200875,-0.0034036940570207562,-1.7500147355367897,0.909141695322954,-0.21649476013389302,-0.4412509248950195,-0.12853745321836213,-1.1604832797302418,-0.25798412932476555,0.9024515484499308,-0.3275845027826285,-0.06849283307065988,-0.21871681641408433,0.26735454890981586,-0.7726732852224364,-1.701938853942506,-0.14232231969529358,-0.6572864732641681,-0.5819656857570951,1.051201055601935,0.8994742929073207,-0.0808235575062057,-0.45941504163550084,0.8529332836391673,-1.0500955752750378,-0.16320453467049215,-0.8910103763138957,0.06725950254173345,1.9532020555401557,0.3025884978333267,0.8308232029381721,0.6135804619929909,1.270100219558663,0.24626145471039199,-0.3407089748866629,0.12455236601389744,-0.2940577059341273,-0.2466501751771571,0.012909308688860418,1.0278178789620978,1.057620509372589
0.17890546441853822,-0.08533786030592812,-0.023751745132962115,0.21547484670228884,0.003120788024241252,-0.23443388786501757,-0.06512545152528942,0.06214911469347258,-0.03853891099084673,-0.10773776638955984,-0.3937276858003532,-0.14236019685800336,0.11250519630678256,-0.16957962634441584,-0.12961490006704152,-0.053758294559051935,-0.0014475144638531631,-0.03725749239582295,-0.5083846061679752,-0.36088736847822167,-0.3260763475202603,-0.15390103750136325,0.20062721436201705,0.3500620969730703,0.5612883671527573,0.09333602561252961,-0.10479345338976993,-0.18902226903536262,0.026575149271572812,-0.22628752660229118,0.15456895069843263,0.10684172515556323,0.09077714521769602,0.2121138465403006,0.36026708990338335,0.24626145471039199,0.19991098827150935,-0.2738958314677775,0.01459149886745754,0.07311498770918842,-0.17512430984723465,0.07358975362743835,-0.17706909321232323,0.005447778156539614
-0.15501145822742468,0.054442368524193735,0.5124757073549071,-0.9100937749973748,0.49021503548772244,0.6222389364237065,1.0450070736611319,0.16723222572726568,0.14189975825219284,0.6732529811986793,0.4655417593041045,-0.6339529783250375,-1.2222076437701652,0.5857442098903302,-0.4631797731897558,-0.5620726990905535,-0.5001937945209702,0.2662561654339965,1.0451457259359886,0.330244306896267,0.6874961413020519,0.4853293278224481,0.09254632466138717,-1.0817732846403432,-2.048763016304555,-1.134946929039756,0.4036383662990455,0.27376862730892443,-0.27317669662352345,0.5495183821073784,-0.7984766384760483,-0.2858534172754005,-0.2439214386022517,-0.8162384070404392,-0.5995043211878937,-0.3407089748866629,-0.2738958314677775,1.0179610392664118,-0.18061006975076158,-0.6791247075096941,0.6118700252013022,-0.5098920238459305,0.5786189114963345,0.09299670731979476
-0.05278567583277961,0.09194479662038993,-0.1839800508921492,0.14002909722413007,-0.20154078441921708,-0.26297331599070795,-0.16407815236719847,-0.16346417175775835,-0.12426237151965656,-0.1513954213743718,0.0157053468494429,0.29377834033667566,0.4514640462904999,-0.12064720302923022,0.2770250069566188,0.25180757277368615,0.25130147892199456,-0.12831456832001784,-0.16066059681467118,0.13615398468407802,-0.07093051316668492,-0.10865807868278284,-0.024665352919519896,0.16639546912615963,0.27380410397441823,0.28324082899534914,0.025725299508819136,-0.06836092318075168,0.045428195762212346,-0.12188633908276914,0.15223170439385678,0.2622441156622856,0.04026070163231392,0.24090766488251344,0.009182266380779859,0.12455236601389744,0.01459149886745754,-0.18061006975076158,0.09148816879248274,0.15047194878627448,-0.10396875494334837,0.12242924581849184,0.07120730812270863,0.06389528417844928
-0.07779112646035133,-0.06600409690333385,-0.35172237134504003,0.9266961692684738,-0.5690366139663058,0.17802201100810544,-1.3293841115477338,-0.23642226644584147,-0.029887403942983632,-0.5512192686067253,0.35494902873413986,0.9595470565794051,0.8878056622011965,-0.3501172316813141,0.7049529429388386,0.8177343311292344,0.5041238670381274,0.06197899329054352,0.0553349735308759,0.11867826864879359,-0.1680642379305008,-0.12605165326656542,-0.605322126213323,0.44049454295891566,1.6509336830567536,1.2956590900611786,-0.6468135852369492,0.27400215942393186,0.337874519073921,-0.04954136515251184,0.6538759476075403,-0.5037437156959788,0.03922823677006897,0.40536184278707993,0.06337922719914042,-0.2940577059341273,0.07311498770918842,-0.6791247075096941,0.15047194878627448,0.7968451465778589,-0.37790608442085605,0.4840144893036915,-0.8126614727099785,-0.5243289396718724
-0.11633020726647006,0.017312015067450975,0.3197300634943012,-0.49834548502180875,0.2727089959756663,0.42920805692746306,0.5680482212572748,0.11731404280713634,0.08867060217991542,0.3941060931027122,0.32573450315732494,-0.37255200168127073,-0.7150211789824894,0.36113114693000364,-0.24922777073554864,-0.2961086224291768,-0.2861180409567372,0.19638250838074123,0.6974139582043777,0.18117678348126254,0.4467802560082888,0.3223977755920347,0.003770247001881005,-0.6547820308235632,-1.191314521369432,-0.6266414430819741,0.19766361194588775,0.21187762075241698,-0.1555191392873603,0.36876996663716965,-0.4444528853033794,-0.25041138378478717,-0.1571485343195431,-0.47612471917652743,-0.37098750020513355,-0.2466501751771571,-0.17512430984723465,0.6118700252013022,-0.10396875494334837,-0.37790608442085605,0.3968437116779471,-0.32040255971001474,0.29371738753542076,0.027313483440096528
-0.02453523728722721,0.0318768852207695,-0.3461769616522725,0.5230386693413652,-0.3916241280945089,-0.20240572653990008,-0.732791057994132,-0.2360477339646063,-0.09089465119922668,-0.3982037002174939,0.06752820118373878,0.6746575584820662,0.7680970441003306,-0.2932163934057918,0.4900373910924919,0.5209358018616739,0.40067696237071726,-0.12802230096101658,-0.25621848988299195,0.14402764070461296,-0.22702762311629296,-0.20571500968567247,-0.23213649837960457,0.4341522681582605,1.0537535358071326,0.7841529928040715,-0.2529420009816223,-0.007732422634281502,0.20621319604292968,-0.1995091423679811,0.42476728897386934,0.04469046738846454,0.07745537483332138,0.39675230885320895,0.10723319624475182,0.012909308688860418,0.07358975362743835,-0.5098920238459305,0.12242924581849184,0.4840144893036915,-0.32040255971001474,0.36341347998673557,-0.32425784519695977,-0.1639863212155632
-0.16935580508675765,0.5943728384709794,-0.3017918228546461,-1.2855600306196113,0.1746379336613436,-1.5531002242440242,1.83715955543842,-0.414270391194591,-0.48910131736854084,0.35311899604527347,-0.45979568673506205,-0.23506892783318972,0.43260883608524153,0.17076826941893775,0.030546248063750326,-0.3580135118038703,0.1740969130917423,-0.8286553248035042,-0.689166537112307,0.8028056213985444,0.113855582800885,-0.23336187041851986,1.0427542574780793,-0.08010522435866402,-2.2022579209832243,-1.2861428916030313,1.524764443370273,-0.8687614623781036,-0.3806070452805712,-0.4688251376084621,-0.6267688392335641,2.2503222290412537,0.07775105078259197,0.29205009866454523,-0.2433583258670117,1.0278178789620978,-0.17706909321232323,0.5786189114963345,0.07120730812270863,-0.8126614727099785,0.29371738753542076,-0.32425784519695977,2.013662952520672,1.3897516047943068
0.00875226716089086,0.37221919157464606,-0.364360777645828,-0.7775389564216242,0.11360615771174988,-1.555970736272887,1.2523419091087213,-0.2417707169412476,-0.3817187578278808,0.09153330854386448,-0.8112254056376486,-0.26781277504860845,0.6295065166991803,-0.07173242110265785,-0.06705037799632185,-0.3295659831379658,0.15482139070318096,-0.774435688479443,-1.1687833322935628,0.2712291920992641,-0.2548831347463249,-0.3881249039411503,0.9759716924913444,0.47983148298558054,-1.042072166133633,-0.848076513899841,1.124784177454455,-0.9236486451525858,-0.24133489459907573,-0.6514594962079059,-0.22645116745989133,1.9612911434073135,0.2028048062062433,0.5375959595410834,0.22003033639732097,1.057620509372589,0.005447778156539614,0.09299670731979476,0.06389528417844928,-0.5243289396718724,0.027313483440096528,-0.1639863212155632,1.3897516047943068,1.2014136389135428
