V1,V2,V3,V4,V5,V6,V7,V8,V9,V10,V11,V12,V13,V14,V15,V16,V17,V18,V19,V20,V21,V22,V23,V24,V25,V26,V27,V28,V29,V30,V31,V32,V33,V34,V35,V36,V37,V38,V39,V40,V41,V42,V43,V44
0.5577713866722169,-0.1056596835896385,0.1947173788408681,0.10535232271242405,0.3090290510021478,-0.30236626826005053,0.34692906558273806,0.29387910222944846,-0.001999754973668908,-0.0035037938385803673,-0.9838503619912687,-0.7250452399027703,-0.41291483838142085,-0.2226477612725964,-0.675593007432174,-0.5262376989890845,-0.3193987988247125,-0.025933058276902357,-1.120160832732685,-0.9789020991205629,-0.7741758672643797,-0.363126374415484,0.5040175025632307,0.2980743183580876,0.6689311891579385,-0.23289793443410794,-0.12570765707106274,-0.392155837838172,-0.1417471995462503,-0.38570028827420566,-0.05349357233876452,0.23002566543912037,0.12205047239719342,0.008605633148656911,0.6330322333988707,0.5306336306038552,0.40848797809517007,-0.3293737774514773,-0.004739107762938619,-0.21277105150751818,-0.3660340423551204,0.05159286692870275,-0.11261646362853232,-0.06763191474232814
-0.1056596835896385,0.35773163366178523,-0.274661541071271,-0.06458030170091218,-0.2932186437807208,-0.34895531359044707,0.018370780042161975,-0.4001694955742631,-0.24489799623072867,-0.1332038962393759,0.2319113081023482,0.6035378303301547,0.5415530949210987,-0.09501325336967298,0.5045598600060083,0.3847243287658822,0.40375813216521816,-0.265330050494582,-0.06276206458660429,0.5310077683160774,-0.030602539667557434,-0.1951609514536556,-0.09786634907766446,-0.1917594130635946,-0.10710907843858679,0.31082722312372213,0.21122473301842715,-0.047010605825603964,-0.02974326860492895,-0.10026349861558888,-0.05424543393680982,0.5853357808804688,-0.02784107603383,0.10012461196529851,-0.34350753459061917,0.14965778624871331,-0.07859349375355751,-0.06824474109987941,0.18313492088404484,0.07253914145860241,-0.16771360017684606,0.22695536425570476,0.49342675018437326,0.05671490892952068
0.1947173788408681,-0.274661541071271,0.7012655255389874,0.020388538569563762,0.36599411677551075,1.1213580055496344,0.1175873349243068,0.3850879031646752,0.2531432169935796,0.396937471949456,0.24733636599070233,-0.6915292113433642,-1.3598224022672554,0.27231240848695726,-0.6044308111979191,-0.4005762874869073,-0.5156407581792921,0.6845286238154337,0.7706458459057166,-0.5495908635068364,0.17553392682396604,0.3845449567503689,-0.18119618272933347,-0.8133121789379582,-0.25483928004973555,-0.318220021033816,-0.530786244225651,0.5157221553182127,-0.10528700585945887,0.5236913755274732,-0.37563915643675383,-1.246841721864038,-0.20123729824817868,-0.7649872452160682,-0.09546647792923267,-0.48739672874882817,0.1225016063675372,0.39519876019210465,-0.13073177971166056,-0.20992949843940106,0.1917058647868657,-0.2183567967703572,-0.5749753877346107,-0.7169872862885015
0.10535232271242405,-0.06458030170091218,0.020388538569563762,0.2756286529797039,-0.07339922795216387,0.006000534017902606,-0.20990490763028688,0.004466110144365955,-0.0354597482908731,-0.09275687605652186,-0.108100893221745,0.01050951723353254,0.06381561492185864,-0.12255573865121211,0.006761248435216387,0.09012438984018073,0.06497025042526715,0.07735527943193657,-0.16923533291764514,-0.22514590090021375,-0.18620194604135298,-0.06115145276720261,0.002629081469582408,0.12143178696523142,0.5255978704411085,0.23993667699071158,-0.21832487979162443,0.004548663297319772,0.04447599790068929,-0.07125501354919214,0.13115608926204358,-0.13300986020470218,0.025340642726942794,0.10074075018917507,0.1771225347151169,0.06145011176058519,0.1509238874558053,-0.208801026741346,0.039776318955230885,0.14134269704784547,-0.1386827591601402,0.0996518809718471,-0.25813609048190667,-0.17943058007481824
0.3090290510021478,-0.2932186437807208,0.36599411677551075,-0.07339922795216387,0.47105219979919166,0.33050501122344444,0.23066241309357,0.5174057452564063,0.28002727670715355,0.1816608025528101,-0.5258125883688,-0.8679403473157552,-0.836314592979256,0.08298018609638774,-0.7838598353778309,-0.6606612180452419,-0.5941792285999458,0.21847331175983117,-0.2760154572482608,-0.8122061476199859,-0.218935401538827,0.0331504718801284,0.1861424921331376,0.06989898607382693,0.07527311792745828,-0.4785960119065058,-0.17803343121517015,-0.047431164229906966,-0.09677748045138668,0.03325142334714554,-0.11200207078649613,-0.4505735313778549,0.02859082490326115,-0.2983381034354892,0.3810678387163196,-0.027370245146746443,0.12521485734256718,0.06324959622134743,-0.17842369345550066,-0.2758372808920947,0.03407689414231207,-0.21939323546032694,-0.34524948073007383,-0.0963659179277051
-0.30236626826005053,-0.34895531359044707,1.1213580055496344,0.006000534017902606,0.33050501122344444,3.3406319361130703,-0.773227552844563,0.4479574546482602,0.7727325357039936,0.6598327832219923,2.158902346048653,-0.026882462944414137,-2.4234466638978756,0.8707648555435675,-0.23967624045541483,-0.02790237171080946,-0.7643109063422969,1.4868455337986028,3.3717744568956003,0.30756629153690485,1.3711737887990685,1.1825583865260374,-1.684542241311062,-2.3795290269598275,-1.0680943254290924,0.09390348444237503,-1.2369952002952829,1.9347579075412014,0.02677036696575658,1.816307023153066,-0.7215669982802074,-3.4021777068540113,-0.6774905336172113,-2.027251773644869,-1.4254182829410642,-2.253156143747839,-0.49754368017413414,1.1747242090624228,-0.26287974064744807,0.0067709687636073376,0.6642329531637358,-0.27340275447434303,-1.2925992387895937,-1.865324531109092
0.34692906558273806,0.018370780042161975,0.1175873349243068,-0.20990490763028688,0.23066241309357,-0.773227552844563,0.8710291376357969,0.04320663749344703,-0.237794465005568,0.15595164836775022,-0.8706505327805556,-0.6818168412750767,-0.15459865057626151,-0.13054533678406266,-0.4811767455903515,-0.4337839075654216,-0.10110820468083351,-0.1733572509074678,-0.9851438227009824,-0.514144546361795,-0.499573805072422,-0.23813670887774438,0.8713300547248174,0.2638599053572571,-0.1346438918994547,-0.6079128021825485,0.3288887747958923,-0.5829387723860471,-0.18213199842166672,-0.45427031154948966,-0.19254631010500553,0.8053435740119492,0.12361852233863303,0.24216420838953368,0.543977032181718,0.8119957537073009,0.38273014467412425,-0.0679429721455829,0.018526243467715277,-0.35385361672615534,-0.11068053461971737,-0.10522033583026476,0.41941677783452147,0.38295154391972125
0.29387910222944846,-0.4001694955742631,0.3850879031646752,0.004466110144365955,0.5174057452564063,0.4479574546482602,0.04320663749344703,0.6978477000040051,0.4032632023970774,0.13829844146519982,-0.5929897194562297,-1.0020670025829386,-0.8546557209718301,0.08910739832806064,-0.88566011995861,-0.7473263723026171,-0.7020951923457865,0.2603012471874709,-0.29661475362930806,-1.0324533300246899,-0.20585945143398096,0.058602411974444164,0.0707309223178146,0.2304443077400906,0.2709811232972096,-0.4220243106046358,-0.2838558206291438,-5.561208140908868e-5,-0.07601638128174988,0.07720088291640792,0.023692382430247457,-0.6432865036334805,0.06565058324475356,-0.28376276486010477,0.4814705484150808,-0.13109236104401922,0.07311397029546877,0.009493762426233681,-0.2225713193491366,-0.2508980381406948,0.06734504913606978,-0.28236016674968245,-0.5468006378608541,-0.08388605352975347
-0.001999754973668908,-0.24489799623072867,0.2531432169935796,-0.0354597482908731,0.28002727670715355,0.7727325357039936,-0.237794465005568,0.4032632023970774,0.3905647399208251,0.11620159874734691,0.16183327010428655,-0.3295935594325938,-0.6642298252968468,0.21171137898320516,-0.3715615819922785,-0.3196789723645183,-0.4616730795811498,0.291923923896675,0.492118794026937,-0.27423610486238614,0.22568786042177724,0.2324814915669524,-0.3603414208851049,-0.17788324958059848,-0.08857632768298007,-0.14398737392144226,-0.28150993677777203,0.3341411790929597,0.018446563862389725,0.3554776333203799,-0.04001236538459091,-0.8639014410139877,-0.07142006139507832,-0.4425910426483255,-0.07850102013728175,-0.5518732031028329,-0.1729671012570828,0.19885924662191853,-0.17860952086990792,-0.07126358310268158,0.1771443054133015,-0.17513867386357795,-0.46777035704199116,-0.2564521935112281
-0.0035037938385803673,-0.1332038962393759,0.396937471949456,-0.09275687605652186,0.1816608025528101,0.6598327832219923,0.15595164836775022,0.13829844146519982,0.11620159874734691,0.2969303255651736,0.3369433426736813,-0.3124357856951936,-0.7658142964549286,0.2349081962350623,-0.24621584556955634,-0.1632966160155885,-0.24351074824343155,0.4025361345020382,0.7020450715253863,-0.06842510387412636,0.2968942106510318,0.33105725812753306,-0.09836693745317135,-0.5752731479796417,-0.4744670357508155,-0.2791446249424245,-0.203798610716488,0.3398565946215275,-0.049358640255871375,0.37531428577753856,-0.279939897798899,-0.7016650260919653,-0.14980317714606678,-0.44891394743910745,-0.1833610009780456,-0.33678598294299983,0.008741866776376133,0.37196187623663196,-0.08578333200467865,-0.1362074086875536,0.23679872667346336,-0.17853035258916986,-0.2227287557924991,-0.3431318087462621
-0.9838503619912687,0.2319113081023482,0.24733636599070233,-0.108100893221745,-0.5258125883688,2.158902346048653,-0.8706505327805556,-0.5929897194562297,0.16183327010428655,0.3369433426736813,2.924538169334436,1.5464806126964128,-0.512341501525109,0.7239258345714613,1.2592746412427718,1.1393028535138825,0.41056311489385305,0.8065332639909735,3.6089899971417743,2.0391941786766523,1.8399288127141473,1.0866292255330772,-1.6860069909548137,-2.138519013433906,-1.6095349719315943,0.6577848863511614,-0.47009858891735923,1.6919544916270064,0.20722390107106317,1.5359900825834767,-0.47856239817667307,-1.944749529018537,-0.6366826513416304,-1.1477489981149671,-2.0057418673256744,-1.906470601587778,-0.7843905986803638,1.1051188408571488,0.03526311458197977,0.4171181567361319,0.7301656080667175,0.019249558837666852,-0.2615908867727745,-1.1396689302692398
-0.7250452399027703,0.6035378303301547,-0.6915292113433642,0.01050951723353254,-0.8679403473157552,-0.026882462944414137,-0.6818168412750767,-1.0020670025829386,-0.3295935594325938,-0.3124357856951936,1.5464806126964128,1.993948405176784,1.3267872872561635,0.02377549494215542,1.6196717641788652,1.3336690213181666,1.0095827717488703,-0.32159714728531213,1.2105886498655178,1.9746172934565525,0.7394204445388332,0.08485127850872042,-0.8300808598310121,-0.5600989566948728,-0.47995089763219234,0.9880284062498469,0.25128828699874245,0.44716942960507117,0.23395705607523312,0.26804703636003674,0.06360664805258429,0.3659901369857143,-0.19524891538735797,0.14088011115761293,-1.2083550219028303,-0.5067869645094608,-0.5076840578807233,0.10751547554205447,0.27898569038386173,0.5682290209390016,0.017218989427101605,0.4639778911431343,0.5802973094500326,-0.08246728947880445
-0.41291483838142085,0.5415530949210987,-1.3598224022672554,0.06381561492185864,-0.836314592979256,-2.4234466638978756,-0.15459865057626151,-0.8546557209718301,-0.6642298252968468,-0.7658142964549286,-0.512341501525109,1.3267872872561635,2.8572454036174078,-0.5902616200488251,1.2932466112386656,0.9183036674047296,1.2013949513657387,-1.3143793852800203,-1.5685768836008034,1.0451943788204567,-0.3484498236530951,-0.7259637801328368,0.5212065292101713,1.6551218215195458,0.5590731680341955,0.6705233887657142,1.0577074025770186,-1.075738156462733,0.20226130049905233,-1.0964441747354103,0.8002569001108448,2.6069474114843363,0.42136866521927274,1.7189319048040286,0.30178297191567743,1.1657444522063112,-0.12047791175610127,-0.8193159658513817,0.32206494457687934,0.4533909568364617,-0.34471263706739297,0.4037212927128804,1.1695250988424315,1.4711763891593719
-0.2226477612725964,-0.09501325336967298,0.27231240848695726,-0.12255573865121211,0.08298018609638774,0.8707648555435675,-0.13054533678406266,0.08910739832806064,0.21171137898320516,0.2349081962350623,0.7239258345714613,0.02377549494215542,-0.5902616200488251,0.3264168106291477,0.00957926005926241,0.01655090192047845,-0.18344791188042628,0.3822814961590881,1.1248817755831713,0.29399387830429974,0.584393026805116,0.4333906849894183,-0.4461633127540473,-0.6438513828886908,-0.6290431211615752,-0.10416960996945533,-0.19329851276540677,0.5338672490030512,0.0216531765451675,0.5514639100143663,-0.20783936803094716,-0.8733109498750096,-0.19514519906831576,-0.508326471400465,-0.4715904352623078,-0.6612859714759886,-0.23662135796046563,0.4557886715798604,-0.10180005411759789,-0.031756592434518345,0.3444613260511845,-0.17379392038262362,-0.24061297444322652,-0.3422426977339105
-0.675593007432174,0.5045598600060083,-0.6044308111979191,0.006761248435216387,-0.7838598353778309,-0.23967624045541483,-0.4811767455903515,-0.88566011995861,-0.3715615819922785,-0.24621584556955634,1.2592746412427718,1.6196717641788652,1.2932466112386656,0.00957926005926241,1.4282810939566626,1.1729501886208817,0.9592759059276604,-0.29888936493076323,0.969376815670188,1.6722815008224368,0.6697359644978061,0.10213334201303984,-0.5682695359832152,-0.3573783970541579,-0.4858228080031893,0.7850527555757846,0.313778804540732,0.29138052279531446,0.18827988580804267,0.1684461394806085,0.11298667269776196,0.4990936326730497,-0.12851579607437572,0.30594318764899164,-0.9370996353704285,-0.27684252266077847,-0.40362908449941015,0.09630290074550206,0.2571890204715968,0.46965541196841276,0.09291585610408705,0.3204671099380559,0.5854741064890655,0.09668076517984221
-0.5262376989890845,0.3847243287658822,-0.4005762874869073,0.09012438984018073,-0.6606612180452419,-0.02790237171080946,-0.4337839075654216,-0.7473263723026171,-0.3196789723645183,-0.1632966160155885,1.1393028535138825,1.3336690213181666,0.9183036674047296,0.01655090192047845,1.1729501886208817,1.014859083029237,0.7986880226692673,-0.11574353062979663,0.9565800096131497,1.3511444886818509,0.567635484466746,0.1462739086481309,-0.49711116916612136,-0.4453039337364421,-0.3416766273083331,0.6944932241253491,0.12629879716870845,0.3423261483146701,0.1650043080117614,0.21177269341906396,0.05025269999673881,0.1968190107975436,-0.14833193994576035,0.17337362189057934,-0.7948578810653772,-0.29176364958256645,-0.26462731804644163,0.10266607888560433,0.22086909191838544,0.4265376140072269,0.07366327415606591,0.2864827558620671,0.35364141923677944,-0.10423118076702628
-0.3193987988247125,0.40375813216521816,-0.5156407581792921,0.06497025042526715,-0.5941792285999458,-0.7643109063422969,-0.10110820468083351,-0.7020951923457865,-0.4616730795811498,-0.24351074824343155,0.41056311489385305,1.0095827717488703,1.2013949513657387,-0.18344791188042628,0.9592759059276604,0.7986880226692673,0.8158221226480084,-0.3918999493817666,-0.004350981193126178,0.9525850259137277,0.1134164714963391,-0.15328843922215757,0.01308485615708825,0.0870889774801346,-0.05864538991397175,0.5128942590358792,0.3624148366548584,-0.153572843141545,0.09065780350649655,-0.2313408527526473,0.15206274386881352,0.9280530310199296,0.022356509085922852,0.5568452764296444,-0.317995827022688,0.31633404673670806,-0.059322249849503995,-0.16245247439201846,0.2549727915524369,0.30141154359750033,-0.10318664822990424,0.2874821579345515,0.601000914592157,0.2883438316259255
-0.025933058276902357,-0.265330050494582,0.6845286238154337,0.07735527943193657,0.21847331175983117,1.4868455337986028,-0.1733572509074678,0.2603012471874709,0.291923923896675,0.4025361345020382,0.8065332639909735,-0.32159714728531213,-1.3143793852800203,0.3822814961590881,-0.29888936493076323,-0.11574353062979663,-0.3918999493817666,0.8203130257028335,1.440826515177915,-0.13331705689821316,0.5348532316922489,0.5944227393180124,-0.5212687793429546,-1.0730714362308433,-0.42374925318075357,-0.11032201057074406,-0.6384812114345351,0.8228498632571357,-0.01429825120785144,0.7857163283370459,-0.3642465388439192,-1.6296989045961068,-0.30043493995043824,-0.8770957434208306,-0.4248660366628031,-0.8625394506193352,-0.03455492908774403,0.537076085385984,-0.1293702990742153,-0.05008368443735513,0.3315780554328009,-0.19825715830170343,-0.7053077423413107,-0.9002285210938376
-1.120160832732685,-0.06276206458660429,0.7706458459057166,-0.16923533291764514,-0.2760154572482608,3.3717744568956003,-0.9851438227009824,-0.29661475362930806,0.492118794026937,0.7020450715253863,3.6089899971417743,1.2105886498655178,-1.5685768836008034,1.1248817755831713,0.969376815670188,0.9565800096131497,-0.004350981193126178,1.440826515177915,4.90945132052392,2.019687385678466,2.4605103229748346,1.6771152970771859,-2.099889395506864,-2.864557879385495,-2.2113077383245052,0.385555194081864,-0.867284750889712,2.340290261268989,0.22783054269620845,2.2170716161333712,-0.7350313183093041,-3.2938309966435844,-0.8603572361779409,-1.8203930218115618,-2.3407235117920426,-2.6978721484678903,-0.9312303393462317,1.652513152088511,-0.1564408512957776,0.33797939237648766,1.1697176866084549,-0.2740044045463307,-0.8273383960469263,-1.663474793492726
-0.9789020991205629,0.5310077683160774,-0.5495908635068364,-0.22514590090021375,-0.8122061476199859,0.30756629153690485,-0.514144546361795,-1.0324533300246899,-0.27423610486238614,-0.06842510387412636,2.0391941786766523,1.9746172934565525,1.0451943788204567,0.29399387830429974,1.6722815008224368,1.3511444886818509,0.9525850259137277,-0.13331705689821316,2.019687385678466,2.386933268132589,1.281778452514006,0.46839533214407003,-0.8871095657807032,-0.8906304302035987,-1.2956248632292684,0.6595443012473442,0.3629894722512461,0.6706739734433733,0.25907871350236916,0.5788253889113668,-0.11116452279751733,0.03177225030829107,-0.3054260811631672,-0.034646744358398124,-1.487404053080415,-0.8125025498469958,-0.6679037153569632,0.5436364623587445,0.17868706076532223,0.4909899530488975,0.4114161539089698,0.23988380158912978,0.617526266121892,-0.03806549562744111
-0.7741758672643797,-0.030602539667557434,0.17553392682396604,-0.18620194604135298,-0.218935401538827,1.3711737887990685,-0.499573805072422,-0.20585945143398096,0.22568786042177724,0.2968942106510318,1.8399288127141473,0.7394204445388332,-0.3484498236530951,0.584393026805116,0.6697359644978061,0.567635484466746,0.1134164714963391,0.5348532316922489,2.4605103229748346,1.281778452514006,1.4326484904790162,0.8856403720522972,-0.9906581730146502,-1.101559124704528,-1.3227938332681837,0.12914721552409592,-0.1755787491259296,1.040819032362559,0.17766100107354754,1.0362130946740942,-0.21133544051850717,-1.3334847923953272,-0.3597712240989934,-0.6190571506267164,-1.1490094939320725,-1.2935511585810469,-0.6076035038447885,0.8464611280661275,-0.10381420886762664,0.20889962510172572,0.7415376219259715,-0.22872949943481288,-0.24063085788108332,-0.4251081743433685
-0.363126374415484,-0.1951609514536556,0.3845449567503689,-0.06115145276720261,0.0331504718801284,1.1825583865260374,-0.23813670887774438,0.058602411974444164,0.2324814915669524,0.33105725812753306,1.0866292255330772,0.08485127850872042,-0.7259637801328368,0.4333906849894183,0.10213334201303984,0.1462739086481309,-0.15328843922215757,0.5944227393180124,1.6771152970771859,0.46839533214407003,0.8856403720522972,0.69144217496763,-0.5510430922949675,-0.8254615892178698,-0.8085766570257853,-0.10106149381130357,-0.3145206627400822,0.7536523705968103,0.08960206358138213,0.7640117275581132,-0.22141133618593176,-1.2820844051034948,-0.2643631463689671,-0.5743135553586003,-0.5842546795858466,-0.8964160754320663,-0.2574462605710054,0.6227631922848507,-0.14114538901808107,0.056871320765204784,0.5340171954167243,-0.24801218645583817,-0.4462848668459002,-0.48053006434222056
0.5040175025632307,-0.09786634907766446,-0.18119618272933347,0.002629081469582408,0.1861424921331376,-1.684542241311062,0.8713300547248174,0.0707309223178146,-0.3603414208851049,-0.09836693745317135,-1.6860069909548137,-0.8300808598310121,0.5212065292101713,-0.4461633127540473,-0.5682695359832152,-0.49711116916612136,0.01308485615708825,-0.5212687793429546,-2.099889395506864,-0.8871095657807032,-0.9906581730146502,-0.5510430922949675,1.4164081882883368,1.3019164902847336,0.6159401538738837,-0.593077769180036,0.5085269679122428,-1.1819683792617224,-0.09481277794122973,-1.0430279287688424,0.20930771239730145,1.5264282016408528,0.38302534326240517,0.9627728853824773,1.263469756682067,1.440996111872203,0.6264328793036846,-0.5621905094460717,0.01627604575993451,-0.23493583762301978,-0.3172548333525123,-0.040906492232567065,0.3987120891409096,0.8905058486836236
0.2980743183580876,-0.1917594130635946,-0.8133121789379582,0.12143178696523142,0.06989898607382693,-2.3795290269598275,0.2638599053572571,0.2304443077400906,-0.17788324958059848,-0.5752731479796417,-2.138519013433906,-0.5600989566948728,1.6551218215195458,-0.6438513828886908,-0.3573783970541579,-0.4453039337364421,0.0870889774801346,-1.0730714362308433,-2.864557879385495,-0.8906304302035987,-1.101559124704528,-0.8254615892178698,1.3019164902847336,2.5948981740849764,1.2929784818593772,-0.28060491306079693,0.7826576596121748,-1.5816808114775307,0.09806402767625708,-1.4335116923572144,0.909186036625046,2.1181667585896147,0.6698033022340782,1.6792276535954616,1.6414394337792624,1.5414888772506663,0.3269542778647081,-1.045335358605721,-0.05808813861739024,0.0158789602804631,-0.37836014309621213,-0.022148382699998928,0.3547611878250222,1.6383903931979855
0.6689311891579385,-0.10710907843858679,-0.25483928004973555,0.5255978704411085,0.07527311792745828,-1.0680943254290924,-0.1346438918994547,0.2709811232972096,-0.08857632768298007,-0.4744670357508155,-1.6095349719315943,-0.47995089763219234,0.5590731680341955,-0.6290431211615752,-0.4858228080031893,-0.3416766273083331,-0.05864538991397175,-0.42374925318075357,-2.2113077383245052,-1.2956248632292684,-1.3227938332681837,-0.8085766570257853,0.6159401538738837,1.2929784818593772,1.8877596288314729,0.31636194569079873,-0.13846672840111607,-0.8160996416756466,-0.018580018140621102,-0.9155258611437705,0.5120345457173486,0.8537112112631775,0.372059157646933,0.6946691185044653,1.160767603536468,0.9686822298548139,0.5313136932754431,-1.0280583562148073,0.09156348322581012,0.09557430777831769,-0.7593317734409747,0.3056707499093189,-0.2351664829972074,0.2324830705301065
-0.23289793443410794,0.31082722312372213,-0.318220021033816,0.23993667699071158,-0.4785960119065058,0.09390348444237503,-0.6079128021825485,-0.4220243106046358,-0.14398737392144226,-0.2791446249424245,0.6577848863511614,0.9880284062498469,0.6705233887657142,-0.10416960996945533,0.7850527555757846,0.6944932241253491,0.5128942590358792,-0.11032201057074406,0.385555194081864,0.6595443012473442,0.12914721552409592,-0.10106149381130357,-0.593077769180036,-0.28060491306079693,0.31636194569079873,0.8228157487716805,-0.12475007191157661,0.2930665607959516,0.094434789649178,0.11531063647147535,0.13857505088990654,0.04672183981813467,-0.08131069724001533,0.027234563421890953,-0.5390384188794377,-0.26122336678381264,-0.19093515790434812,-0.16581482724164717,0.20730842006595476,0.3631439878212849,-0.19789533891581734,0.3505392797204266,0.09411985891772598,-0.2855291433544054
-0.12570765707106274,0.21122473301842715,-0.530786244225651,-0.21832487979162443,-0.17803343121517015,-1.2369952002952829,0.3288887747958923,-0.2838558206291438,-0.28150993677777203,-0.203798610716488,-0.47009858891735923,0.25128828699874245,1.0577074025770186,-0.19329851276540677,0.313778804540732,0.12629879716870845,0.3624148366548584,-0.6384812114345351,-0.867284750889712,0.3629894722512461,-0.1755787491259296,-0.3145206627400822,0.5085269679122428,0.7826576596121748,-0.13846672840111607,-0.12475007191157661,0.6847550506123362,-0.6527998263863595,0.012732325160646709,-0.5582249511493411,0.21839890363796496,1.3666026280790327,0.2119189464062155,0.7400248036043905,0.24461037690943468,0.6791117075719448,-0.03538131394310581,-0.22518721974568487,0.07398376167282784,-0.019707335730412688,-0.05644322081892864,0.032913418474093535,0.7182393664478297,0.880403214475798
-0.392155837838172,-0.047010605825603964,0.5157221553182127,0.004548663297319772,-0.047431164229906966,1.9347579075412014,-0.5829387723860471,-5.561208140908868e-5,0.3341411790929597,0.3398565946215275,1.6919544916270064,0.44716942960507117,-1.075738156462733,0.5338672490030512,0.29138052279531446,0.3423261483146701,-0.153572843141545,0.8228498632571357,2.340290261268989,0.6706739734433733,1.040819032362559,0.7536523705968103,-1.1819683792617224,-1.5816808114775307,-0.8160996416756466,0.2930665607959516,-0.6527998263863595,1.2660414076803466,0.05736456986044604,1.1596015061488598,-0.41079509624922284,-1.889970031308451,-0.45111171924900695,-1.1301933242042534,-1.1489139394428847,-1.422595385751031,-0.414913555427199,0.7494443465511306,-0.06516492196604982,0.12987914460184907,0.44084459058288356,-0.08391883130241959,-0.5799814842333747,-1.0965554541034748
-0.1417471995462503,-0.02974326860492895,-0.10528700585945887,0.04447599790068929,-0.09677748045138668,0.02677036696575658,-0.18213199842166672,-0.07601638128174988,0.018446563862389725,-0.049358640255871375,0.20722390107106317,0.23395705607523312,0.20226130049905233,0.0216531765451675,0.18827988580804267,0.1650043080117614,0.09065780350649655,-0.01429825120785144,0.22783054269620845,0.25907871350236916,0.17766100107354754,0.08960206358138213,-0.09481277794122973,0.09806402767625708,-0.018580018140621102,0.094434789649178,0.012732325160646709,0.05736456986044604,0.09723357120544095,0.04412663749260029,0.09948095508926755,-0.07766547920634607,-0.0034224107362822633,0.0986115191817023,-0.06618938896976473,-0.1311398002380663,-0.0799278461503009,0.009676504594189152,-0.020911356316050313,0.13248211478572977,0.08045042389802,0.010738051987111308,-0.07283168850708918,0.05150755310802299
-0.38570028827420566,-0.10026349861558888,0.5236913755274732,-0.07125501354919214,0.03325142334714554,1.816307023153066,-0.45427031154948966,0.07720088291640792,0.3554776333203799,0.37531428577753856,1.5359900825834767,0.26804703636003674,-1.0964441747354103,0.5514639100143663,0.1684461394806085,0.21177269341906396,-0.2313408527526473,0.7857163283370459,2.2170716161333712,0.5788253889113668,1.0362130946740942,0.7640117275581132,-1.0430279287688424,-1.4335116923572144,-0.9155258611437705,0.11531063647147535,-0.5582249511493411,1.1596015061488598,0.04412663749260029,1.1034355498449149,-0.39852934502977233,-1.7920532561632982,-0.4124519065655527,-1.0612678175526327,-1.0263037696292765,-1.3360336539870212,-0.40989043862830565,0.7745009635774116,-0.10894393654862977,0.05561179137460013,0.5038760238974268,-0.1735340131689675,-0.5415243667611928,-0.9321149660148214
-0.05349357233876452,-0.05424543393680982,-0.37563915643675383,0.13115608926204358,-0.11200207078649613,-0.7215669982802074,-0.19254631010500553,0.023692382430247457,-0.04001236538459091,-0.279939897798899,-0.47856239817667307,0.06360664805258429,0.8002569001108448,-0.20783936803094716,0.11298667269776196,0.05025269999673881,0.15206274386881352,-0.3642465388439192,-0.7350313183093041,-0.11116452279751733,-0.21133544051850717,-0.22141133618593176,0.20930771239730145,0.909186036625046,0.5120345457173486,0.13857505088990654,0.21839890363796496,-0.41079509624922284,0.09948095508926755,-0.39852934502977233,0.4416280989905123,0.6123259956049324,0.21841861791250133,0.63149292506351,0.4267747988606871,0.3535357073997412,-0.010480345213721471,-0.3763404929074861,-0.0012689784392421676,0.14376886627275517,-0.08157276292991249,0.017953328633910887,0.04497655211485949,0.541417753751437
0.23002566543912037,0.5853357808804688,-1.246841721864038,-0.13300986020470218,-0.4505735313778549,-3.4021777068540113,0.8053435740119492,-0.6432865036334805,-0.8639014410139877,-0.7016650260919653,-1.944749529018537,0.3659901369857143,2.6069474114843363,-0.8733109498750096,0.4990936326730497,0.1968190107975436,0.9280530310199296,-1.6296989045961068,-3.2938309966435844,0.03177225030829107,-1.3334847923953272,-1.2820844051034948,1.5264282016408528,2.1181667585896147,0.8537112112631775,0.04672183981813467,1.3666026280790327,-1.889970031308451,-0.07766547920634607,-1.7920532561632982,0.6123259956049324,3.6758149575288193,0.6330476122455791,1.936741040007241,1.1031015020428072,2.2360498743361776,0.38099597600705054,-1.1290279860142134,0.35681499546668094,-0.019147258966047055,-0.7444866939597758,0.39035714845681313,1.6294549171917996,1.8544873352658664
0.12205047239719342,-0.02784107603383,-0.20123729824817868,0.025340642726942794,0.02859082490326115,-0.6774905336172113,0.12361852233863303,0.06565058324475356,-0.07142006139507832,-0.14980317714606678,-0.6366826513416304,-0.19524891538735797,0.42136866521927274,-0.19514519906831576,-0.12851579607437572,-0.14833193994576035,0.022356509085922852,-0.30043493995043824,-0.8603572361779409,-0.3054260811631672,-0.3597712240989934,-0.2643631463689671,0.38302534326240517,0.6698033022340782,0.372059157646933,-0.08131069724001533,0.2119189464062155,-0.45111171924900695,-0.0034224107362822633,-0.4124519065655527,0.21841861791250133,0.6330476122455791,0.1874518194627274,0.4388317870605247,0.45980127480677835,0.4753202740535192,0.12001684796679456,-0.2985644111494866,0.0033522491385364886,-0.024643411254330717,-0.1432022602867284,0.007059075429210916,0.13884717457746448,0.4302222969939923
0.008605633148656911,0.10012461196529851,-0.7649872452160682,0.10074075018917507,-0.2983381034354892,-2.027251773644869,0.24216420838953368,-0.28376276486010477,-0.4425910426483255,-0.44891394743910745,-1.1477489981149671,0.14088011115761293,1.7189319048040286,-0.508326471400465,0.30594318764899164,0.17337362189057934,0.5568452764296444,-0.8770957434208306,-1.8203930218115618,-0.034646744358398124,-0.6190571506267164,-0.5743135553586003,0.9627728853824773,1.6792276535954616,0.6946691185044653,0.027234563421890953,0.7400248036043905,-1.1301933242042534,0.0986115191817023,-1.0612678175526327,0.63149292506351,1.936741040007241,0.4388317870605247,1.4380956226882227,0.9112547928893427,1.2568370474802624,0.2373748643225295,-0.7179127045418924,0.11823380790736507,0.15240145776489927,-0.2542606626989715,0.10900139440304575,0.6150001585256875,1.2456942492552583
0.6330322333988707,-0.34350753459061917,-0.09546647792923267,0.1771225347151169,0.3810678387163196,-1.4254182829410642,0.543977032181718,0.4814705484150808,-0.07850102013728175,-0.1833610009780456,-2.0057418673256744,-1.2083550219028303,0.30178297191567743,-0.4715904352623078,-0.9370996353704285,-0.7948578810653772,-0.317995827022688,-0.4248660366628031,-2.3407235117920426,-1.487404053080415,-1.1490094939320725,-0.5842546795858466,1.263469756682067,1.6414394337792624,1.160767603536468,-0.5390384188794377,0.24461037690943468,-1.1489139394428847,-0.06618938896976473,-1.0263037696292765,0.4267747988606871,1.1031015020428072,0.45980127480677835,0.9112547928893427,1.563604707330342,1.2787302196322745,0.6082334965111997,-0.737723081515126,-0.09224073513163958,-0.2173591249228643,-0.3633599225517129,-0.1153635726364042,-0.07134145189110255,0.8169298529072443
0.5306336306038552,0.14965778624871331,-0.48739672874882817,0.06145011176058519,-0.027370245146746443,-2.253156143747839,0.8119957537073009,-0.13109236104401922,-0.5518732031028329,-0.33678598294299983,-1.906470601587778,-0.5067869645094608,1.1657444522063112,-0.6612859714759886,-0.27684252266077847,-0.29176364958256645,0.31633404673670806,-0.8625394506193352,-2.6978721484678903,-0.8125025498469958,-1.2935511585810469,-0.8964160754320663,1.440996111872203,1.5414888772506663,0.9686822298548139,-0.26122336678381264,0.6791117075719448,-1.422595385751031,-0.1311398002380663,-1.3360336539870212,0.3535357073997412,2.2360498743361776,0.4753202740535192,1.2568370474802624,1.2787302196322745,1.7839247770785385,0.6289328897646704,-0.8655075098039505,0.1774717170700946,-0.16607362082601726,-0.5916504301884871,0.16457792145916608,0.7535465822743083,1.0797639740516976
0.40848797809517007,-0.07859349375355751,0.1225016063675372,0.1509238874558053,0.12521485734256718,-0.49754368017413414,0.38273014467412425,0.07311397029546877,-0.1729671012570828,0.008741866776376133,-0.7843905986803638,-0.5076840578807233,-0.12047791175610127,-0.23662135796046563,-0.40362908449941015,-0.26462731804644163,-0.059322249849503995,-0.03455492908774403,-0.9312303393462317,-0.6679037153569632,-0.6076035038447885,-0.2574462605710054,0.6264328793036846,0.3269542778647081,0.5313136932754431,-0.19093515790434812,-0.03538131394310581,-0.414913555427199,-0.0799278461503009,-0.40989043862830565,-0.010480345213721471,0.38099597600705054,0.12001684796679456,0.2373748643225295,0.6082334965111997,0.6289328897646704,0.45607925795451304,-0.29011188572048724,0.03822883381482086,-0.10187513528503783,-0.26547798470465167,0.053525107795464905,-0.028816777336569694,0.0381479219030245
-0.3293737774514773,-0.06824474109987941,0.39519876019210465,-0.208801026741346,0.06324959622134743,1.1747242090624228,-0.0679429721455829,0.009493762426233681,0.19885924662191853,0.37196187623663196,1.1051188408571488,0.10751547554205447,-0.8193159658513817,0.4557886715798604,0.09630290074550206,0.10266607888560433,-0.16245247439201846,0.537076085385984,1.652513152088511,0.5436364623587445,0.8464611280661275,0.6227631922848507,-0.5621905094460717,-1.045335358605721,-1.0280583562148073,-0.16581482724164717,-0.22518721974568487,0.7494443465511306,0.009676504594189152,0.7745009635774116,-0.3763404929074861,-1.1290279860142134,-0.2985644111494866,-0.7179127045418924,-0.737723081515126,-0.8655075098039505,-0.29011188572048724,0.7008483362722693,-0.10868064190717293,-0.05325485757274086,0.48636986381996483,-0.21733208827045192,-0.21957483512586887,-0.5022594433369503
-0.004739107762938619,0.18313492088404484,-0.13073177971166056,0.039776318955230885,-0.17842369345550066,-0.26287974064744807,0.018526243467715277,-0.2225713193491366,-0.17860952086990792,-0.08578333200467865,0.03526311458197977,0.27898569038386173,0.32206494457687934,-0.10180005411759789,0.2571890204715968,0.22086909191838544,0.2549727915524369,-0.1293702990742153,-0.1564408512957776,0.17868706076532223,-0.10381420886762664,-0.14114538901808107,0.01627604575993451,-0.05808813861739024,0.09156348322581012,0.20730842006595476,0.07398376167282784,-0.06516492196604982,-0.020911356316050313,-0.10894393654862977,-0.0012689784392421676,0.35681499546668094,0.0033522491385364886,0.11823380790736507,-0.09224073513163958,0.1774717170700946,0.03822883381482086,-0.10868064190717293,0.12679740183741783,0.058171646933120894,-0.13934544557182257,0.14305930328291275,0.23712235563893608,0.008737609288256563
-0.21277105150751818,0.07253914145860241,-0.20992949843940106,0.14134269704784547,-0.2758372808920947,0.0067709687636073376,-0.35385361672615534,-0.2508980381406948,-0.07126358310268158,-0.1362074086875536,0.4171181567361319,0.5682290209390016,0.4533909568364617,-0.031756592434518345,0.46965541196841276,0.4265376140072269,0.30141154359750033,-0.05008368443735513,0.33797939237648766,0.4909899530488975,0.20889962510172572,0.056871320765204784,-0.23493583762301978,0.0158789602804631,0.09557430777831769,0.3631439878212849,-0.019707335730412688,0.12987914460184907,0.13248211478572977,0.05561179137460013,0.14376886627275517,-0.019147258966047055,-0.024643411254330717,0.15240145776489927,-0.2173591249228643,-0.16607362082601726,-0.10187513528503783,-0.05325485757274086,0.058171646933120894,0.26976128113971715,0.010117946656164528,0.13750101721214852,-0.028636564507089346,-0.037823835309805015
-0.3660340423551204,-0.16771360017684606,0.1917058647868657,-0.1386827591601402,0.03407689414231207,0.6642329531637358,-0.11068053461971737,0.06734504913606978,0.1771443054133015,0.23679872667346336,0.7301656080667175,0.017218989427101605,-0.34471263706739297,0.3444613260511845,0.09291585610408705,0.07366327415606591,-0.10318664822990424,0.3315780554328009,1.1697176866084549,0.4114161539089698,0.7415376219259715,0.5340171954167243,-0.3172548333525123,-0.37836014309621213,-0.7593317734409747,-0.19789533891581734,-0.05644322081892864,0.44084459058288356,0.08045042389802,0.5038760238974268,-0.08157276292991249,-0.7444866939597758,-0.1432022602867284,-0.2542606626989715,-0.3633599225517129,-0.5916504301884871,-0.26547798470465167,0.48636986381996483,-0.13934544557182257,0.010117946656164528,0.5054206539212001,-0.2800560734430689,-0.22016558270799697,-0.07527040884670087
0.05159286692870275,0.22695536425570476,-0.2183567967703572,0.0996518809718471,-0.21939323546032694,-0.27340275447434303,-0.10522033583026476,-0.28236016674968245,-0.17513867386357795,-0.17853035258916986,0.019249558837666852,0.4639778911431343,0.4037212927128804,-0.17379392038262362,0.3204671099380559,0.2864827558620671,0.2874821579345515,-0.19825715830170343,-0.2740044045463307,0.23988380158912978,-0.22872949943481288,-0.24801218645583817,-0.040906492232567065,-0.022148382699998928,0.3056707499093189,0.3505392797204266,0.032913418474093535,-0.08391883130241959,0.010738051987111308,-0.1735340131689675,0.017953328633910887,0.39035714845681313,0.007059075429210916,0.10900139440304575,-0.1153635726364042,0.16457792145916608,0.053525107795464905,-0.21733208827045192,0.14305930328291275,0.13750101721214852,-0.2800560734430689,0.2809477130512794,0.20921696745199955,-0.0779467454022927
-0.11261646362853232,0.49342675018437326,-0.5749753877346107,-0.25813609048190667,-0.34524948073007383,-1.2925992387895937,0.41941677783452147,-0.5468006378608541,-0.46777035704199116,-0.2227287557924991,-0.2615908867727745,0.5802973094500326,1.1695250988424315,-0.24061297444322652,0.5854741064890655,0.35364141923677944,0.601000914592157,-0.7053077423413107,-0.8273383960469263,0.617526266121892,-0.24063085788108332,-0.4462848668459002,0.3987120891409096,0.3547611878250222,-0.2351664829972074,0.09411985891772598,0.7182393664478297,-0.5799814842333747,-0.07283168850708918,-0.5415243667611928,0.04497655211485949,1.6294549171917996,0.13884717457746448,0.6150001585256875,-0.07134145189110255,0.7535465822743083,-0.028816777336569694,-0.21957483512586887,0.23712235563893608,-0.028636564507089346,-0.22016558270799697,0.20921696745199955,1.0524933506305312,0.7082788555687615
-0.06763191474232814,0.05671490892952068,-0.7169872862885015,-0.17943058007481824,-0.0963659179277051,-1.865324531109092,0.38295154391972125,-0.08388605352975347,-0.2564521935112281,-0.3431318087462621,-1.1396689302692398,-0.08246728947880445,1.4711763891593719,-0.3422426977339105,0.09668076517984221,-0.10423118076702628,0.2883438316259255,-0.9002285210938376,-1.663474793492726,-0.03806549562744111,-0.4251081743433685,-0.48053006434222056,0.8905058486836236,1.6383903931979855,0.2324830705301065,-0.2855291433544054,0.880403214475798,-1.0965554541034748,0.05150755310802299,-0.9321149660148214,0.541417753751437,1.8544873352658664,0.4302222969939923,1.2456942492552583,0.8169298529072443,1.0797639740516976,0.0381479219030245,-0.5022594433369503,0.008737609288256563,-0.037823835309805015,-0.07527040884670087,-0.0779467454022927,0.7082788555687615,1.4257829592699847
