V1,V2,V3,V4,V5,V6,V7,V8,V9,V10,V11,V12,V13,V14,V15,V16,V17,V18,V19,V20,V21,V22,V23,V24,V25,V26,V27,V28,V29,V30,V31,V32,V33,V34,V35,V36,V37,V38,V39,V40,V41,V42,V43,V44
1307.69484816932,421.1317034307608,-1079.0681452728402,389.8491114153527,480.10963287272307,997.1956257428336,-367.65642986504594,54.39119373226251,-424.55332372657034,-269.97480392411336,-178.03761900743567,1532.805718061289,-608.9137876725067,-165.74266828712777,204.33219399398928,755.8547748344241,183.5662437548825,-842.9313639862065,-917.2084024178886,-955.8159761492469,412.3334142471334,-428.98180835018235,637.103040422674,140.16858316128793,-264.0144935439163,597.4887150970063,-305.766605425524,203.9090916672449,-171.85875642109497,407.2141430119053,678.8112721600784,-428.1506388410527,440.88600453874204,-1192.3530007253155,-124.36328931118601,-795.1643224785117,-1268.3012054200676,-262.1171602356062,-1321.4278054517831,102.4011721492875,-209.21803608206508,1320.34384399324,773.1229152756688,307.7991771391187
421.1317034307608,136.0757973502121,-348.05835496672296,125.43733783909587,154.94493337725163,321.4652427849756,-118.77825158636983,17.588767947801106,-136.60299455645904,-87.08548383031076,-57.405143165831895,493.46688815312626,-196.73543919367546,-53.646320304468844,65.56426402912027,243.39070734039805,58.739006236826796,-271.6261753126306,-296.0571638951346,-308.6371612048871,132.64236331088637,-138.35410501245926,205.03666719471482,45.54756712321048,-84.5958755465405,192.9254105451014,-98.81644587836193,65.84603655596368,-55.863239024122514,131.04640078080325,218.36237629668966,-138.08200500645367,142.3949517117382,-384.1413600546732,-39.93006065085134,-256.1062266970828,-408.6040909936695,-84.19128990337103,-426.13955460117825,33.079473008112636,-67.4380552565158,425.37482983126824,249.30423542105936,99.21856145716353
-1079.0681452728402,-348.05835496672296,891.2016496545606,-321.463964652802,-396.65904897636307,-823.2098032983607,303.698811071708,-44.859035613375134,350.2098027566299,222.97556414744855,146.96766734624765,-1264.873592558712,503.19082737654503,137.22951746140316,-168.27837676988366,-623.8419733249219,-151.02219065854277,695.662655806954,757.825712520581,789.4578927238508,-340.3370978617171,353.9894469552738,-525.5667080739049,-116.08600915238213,217.42134936419023,-493.5705335756545,252.75483213736663,-168.50889150166873,142.42622485292083,-335.863568566819,-559.8694347867482,353.67291098527437,-364.21578686837665,984.1330605478094,102.57023817044517,656.461179381926,1047.0003085930578,216.02280176346702,1091.1031854102657,-84.66084068415874,172.65413854582025,-1089.7702230704313,-638.4563951967083,-254.11774463974382
389.8491114153527,125.43733783909587,-321.463964652802,116.36519346868342,142.95090014121257,297.2528576443096,-109.6616699071062,16.304926888800967,-126.57167706631567,-80.41812546498767,-53.07556285151389,456.7842966145827,-181.43092252417404,-49.211067718251655,61.01662982669699,225.2009459483039,54.805238349046164,-251.36374529587644,-273.1093910120664,-284.9902609638812,122.68991317230304,-128.07664875731206,189.9375914365589,41.78356440568041,-78.7321297694239,178.0836329922974,-91.05416993937637,60.7347519367265,-51.12488718480685,121.48912531906147,202.38462260010726,-127.46293872704366,131.42352881378974,-355.37674780654226,-37.03038037976605,-236.78166608026336,-377.8539595620964,-78.19415740719714,-393.8348589377986,30.464785806967576,-62.426699697359126,393.53502866486787,230.31923578206022,91.7110749692943
480.10963287272307,154.94493337725163,-396.65904897636307,142.95090014121257,176.59872700034097,366.3092472802451,-135.12411868852345,19.930717945952022,-155.80603508259713,-99.24781008066742,-65.39755346772705,562.8272447296675,-223.97256899836148,-61.16393875155478,74.8045667874715,277.61548936272237,67.13510776823814,-309.5052593429255,-337.3776105756575,-351.30136824098923,151.51183881033984,-157.4395800020589,233.82775251669344,51.681044245890384,-96.68983091085526,219.66155506080196,-112.52753619290338,75.00662854847944,-63.45601386556424,149.3831301637579,249.07605376301697,-157.45416485875595,162.08404297342227,-437.92006257415625,-45.64172632877619,-292.1929252868532,-465.95254883881967,-96.07138239433112,-485.5481394652439,37.69576198874221,-76.80027135766855,484.9162277083749,284.1552351493501,113.09605739784338
997.1956257428336,321.4652427849756,-823.2098032983607,297.2528576443096,366.3092472802451,760.685963765887,-280.70992930383954,41.58514972937415,-323.6447298093724,-205.95435902774346,-135.82267267137323,1168.611170823042,-464.8282768330869,-126.52309280294492,155.65450333783267,576.2844692821027,139.69927456779595,-642.9615334233363,-699.8403167721934,-729.595376278932,314.17988362158775,-327.3971174194693,485.71177429520196,107.23218037298032,-200.96877422009902,456.03819501193965,-233.41114249994246,155.61036929356678,-131.43626682143673,310.48623314551475,517.4327956422394,-326.57398549825893,336.5409520868026,-909.3237432995495,-94.70901229824823,-606.2398448031353,-967.1505815195667,-199.71305827439525,-1008.1023177939596,78.1277417360724,-159.62193378453443,1006.9318844763018,589.739257797273,234.76956242902963
-367.65642986504594,-118.77825158636983,303.698811071708,-109.6616699071062,-135.12411868852345,-280.70992930383954,103.9104833210167,-15.515804242358467,119.21752729766739,75.97069578759694,50.14333304390453,-430.4441307341078,171.82060704270472,46.637413724543485,-57.29540530270165,-212.24601107152003,-51.2682095711045,237.28642434947022,258.21042845023237,269.80552414099003,-115.38768053620105,121.14380545348259,-178.96127492655992,-39.88622524158774,73.73256871992702,-168.54333887615886,86.234470614543,-57.44132052518235,48.780498933868046,-114.49118770560281,-190.57813986511994,120.35132422986621,-124.42984365081634,335.2740973434568,34.740684098049755,223.16813112197818,356.3597848852278,73.49972887086696,372.04097797393865,-28.79756001689738,58.974643779268234,-371.26564422661914,-217.4940722158885,-86.5784805286609
54.39119373226251,17.588767947801106,-44.859035613375134,16.304926888800967,19.930717945952022,41.58514972937415,-15.515804242358467,2.405266183994327,-17.603687922726596,-11.215484337686899,-7.440435717270905,63.440857396668676,-25.49114564591493,-6.791612836445336,8.493329383909161,31.254928019257896,7.5651189410972854,-35.20818801991901,-38.08729179873616,-40.17549021655933,16.810420127713396,-18.1533539769225,26.439837125556483,5.999120176012437,-10.80934806978631,25.03284672533872,-12.753591797725338,8.480253546807594,-7.250248063322535,16.981292846683452,28.14467336914547,-17.700390551534554,18.49593944942499,-49.5600364686055,-5.058430041579099,-32.76599187233596,-52.50893826469172,-10.856283625040898,-55.07362630611294,4.211018374994153,-8.78788374737378,54.87782941078485,32.09425641528405,12.792121603567997
-424.55332372657034,-136.60299455645904,350.2098027566299,-126.57167706631567,-155.80603508259713,-323.6447298093724,119.21752729766739,-17.603687922726596,137.87737383956198,87.62104276845275,57.77525333999898,-497.7615744055387,197.5005835467689,53.774141241311376,-66.39511100257558,-245.4510755233363,-59.70015569812788,273.58881327219916,297.64091792132075,310.0146338659068,-133.99082743743483,139.14402438005845,-206.88816622576,-45.37060629117454,85.85764961729298,-193.8159486223384,99.18212337063869,-66.1626098623747,55.651780146974616,-132.21669309245547,-220.46068853932755,138.98577878818142,-143.00267969050094,387.08168284635707,40.43341545746185,258.2314539244566,411.79612281795863,85.1613376326692,428.8530858728539,-33.23785708974227,67.88870651888536,-428.63442753626174,-250.94482870803623,-99.91042899749348
-269.97480392411336,-87.08548383031076,222.97556414744855,-80.41812546498767,-99.24781008066742,-205.95435902774346,75.97069578759694,-11.215484337686899,87.62104276845275,55.798516492964865,36.77481774834564,-316.4882649076753,125.88839936274401,34.34141798703634,-42.104894972954554,-156.09624096900092,-37.786765647754194,174.03827294286856,189.62004082427208,197.49670885803857,-85.17822092151091,88.54265386041698,-131.49960263270557,-29.030963727258257,54.40775885084423,-123.47612954463712,63.234802330781605,-42.16131127948452,35.6349123707797,-84.02202260256439,-140.08392154599565,88.49334991528245,-91.1229787605713,246.23123738848906,25.66264066955918,164.2723523454157,261.9726517902205,54.05176431371696,272.984375400152,-21.197141723048347,43.186223634223715,-272.66285433453277,-159.74868936847824,-63.58552377917391
-178.03761900743567,-57.405143165831895,146.96766734624765,-53.07556285151389,-65.39755346772705,-135.82267267137323,50.14333304390453,-7.440435717270905,57.77525333999898,36.77481774834564,24.259906701347663,-208.60602019486112,83.0085252936671,22.578180266700066,-27.791592924754486,-102.86400286635016,-24.9315676247065,114.80617213313617,124.95109543735295,130.31522312634056,-56.05949483145729,58.48594407994438,-86.71701701766754,-19.157630805128505,35.860283531332065,-81.4398906171112,41.6753801301038,-27.77952007360771,23.48161083402295,-55.43088880153199,-92.37519594798128,58.29081436610353,-60.111149726998335,162.34668666069675,16.888711814369945,108.20424177384753,172.64223775763833,35.65251555526794,179.99635759910768,-13.952221584277062,28.502985379190388,-179.77295734721858,-105.28600733317793,-41.91947979396985
1532.805718061289,493.46688815312626,-1264.873592558712,456.7842966145827,562.8272447296675,1168.611170823042,-430.4441307341078,63.440857396668676,-497.7615744055387,-316.4882649076753,-208.60602019486112,1797.408532562689,-713.3651850244994,-194.48449998662548,239.53729676711137,886.411973958326,215.3353290370146,-987.7126720623942,-1075.2198217429323,-1119.3935681730607,484.07969633458663,-502.12986592657415,746.9036840158609,163.93126650120024,-309.86488138057393,699.9305191727781,-358.3144264828424,239.03164115244692,-201.20903760566705,477.2365219618473,795.8648410685272,-502.0885817428961,516.4286822257699,-1397.696112739748,-146.03704605163847,-932.7580040317488,-1487.2076560444596,-307.3480962345538,-1548.667763022002,120.15511328219635,-245.0420934899415,1547.745192155357,906.3648137927814,360.80710779546524
-608.9137876725067,-196.73543919367546,503.19082737654503,-181.43092252417404,-223.97256899836148,-464.8282768330869,171.82060704270472,-25.49114564591493,197.5005835467689,125.88839936274401,83.0085252936671,-713.3651850244994,284.4791757691445,77.49085832525587,-94.82131583916195,-351.8277651524885,-84.92963987481546,392.7996180753842,427.95941707652423,446.383044251024,-191.6296544655844,200.18018898340696,-296.4443720955174,-65.90359316226727,122.27544791916817,-278.9911258181516,142.86278221532058,-95.18869581950165,80.76792123458237,-189.51734577449992,-315.7072411538585,199.57588842734413,-205.92498081471373,555.3912359142748,57.69656391464326,370.14232332122714,590.6617199159299,121.73226511938731,616.1521687780746,-47.790559154821445,97.54798970034243,-615.0078333339956,-360.40579088166305,-143.43959572905186
-165.74266828712777,-53.646320304468844,137.22951746140316,-49.211067718251655,-61.16393875155478,-126.52309280294492,46.637413724543485,-6.791612836445336,53.774141241311376,34.34141798703634,22.578180266700066,-194.48449998662548,77.49085832525587,21.342988555289498,-25.705107034830323,-95.98470680271987,-23.051983731913047,106.7972289531584,116.85700385994166,121.31010853576426,-52.52866893422273,54.1779608044025,-80.69951806779929,-17.896392922896148,33.31713262480735,-75.92417141682516,38.98661289789982,-25.97966235840725,22.069288445910402,-51.48480027341672,-85.93998347035614,54.55282520577561,-56.01211845479104,151.2815807636984,15.80140833266027,101.15585443955823,161.14413045619236,33.09441055575619,167.80552153969717,-13.094138936246221,26.468113707850513,-167.51445643698003,-98.30770388961345,-39.09608186870483
204.33219399398928,65.56426402912027,-168.27837676988366,61.01662982669699,74.8045667874715,155.65450333783267,-57.29540530270165,8.493329383909161,-66.39511100257558,-42.104894972954554,-27.791592924754486,239.53729676711137,-94.82131583916195,-25.705107034830323,32.07849937195796,118.07729787343261,28.880065022106262,-131.65627091278088,-142.90333330538223,-148.98960403349898,64.42524828758091,-66.99542508422142,99.6205478685461,21.710210552154997,-41.460660557673975,93.11120637367837,-47.58357316422046,31.76532909379603,-26.58491056654241,63.70022317737423,106.18901830751695,-66.74584670830187,68.7072689891923,-186.2140233488957,-19.467539581119432,-124.15099126212118,-198.02811439084027,-41.07992168209479,-206.18152070543732,15.949862440534568,-32.677338112630785,206.21188832498018,120.6084370742819,48.03919615171365
755.8547748344241,243.39070734039805,-623.8419733249219,225.2009459483039,277.61548936272237,576.2844692821027,-212.24601107152003,31.254928019257896,-245.4510755233363,-156.09624096900092,-102.86400286635016,886.411973958326,-351.8277651524885,-95.98470680271987,118.07729787343261,437.17842205220285,106.15429709081783,-487.0409090245794,-530.3409588169606,-551.9788757569225,238.7949738223948,-247.5396133614487,368.2943438133385,80.8620821427996,-152.78811032946373,345.1746914626419,-176.73702247794387,117.90525394338864,-99.27001001737028,235.31109617459393,392.43794642269216,-247.66825916092088,254.66433489820082,-689.2728489997863,-72.0398866244586,-460.0824045614695,-733.4891988755525,-151.53390914346696,-763.7376682925658,59.27113249759501,-120.82005241894397,763.2672858515023,447.02111940881446,177.93776509349763
183.5662437548825,58.739006236826796,-151.02219065854277,54.805238349046164,67.13510776823814,139.69927456779595,-51.2682095711045,7.5651189410972854,-59.70015569812788,-37.786765647754194,-24.9315676247065,215.3353290370146,-84.92963987481546,-23.051983731913047,28.880065022106262,106.15429709081783,26.09367397073406,-118.17405304277302,-128.20350749716462,-133.4395569555617,58.04062718507212,-60.01484279663886,89.54772708584615,19.32592084198829,-37.43421184827099,83.43187267213591,-42.63033594109163,28.479807409481502,-23.687418789110026,57.235295255542596,95.49628231466914,-59.953669963221465,61.52874718966218,-167.2590072566783,-17.568976222767834,-111.64002477992882,-177.94151964501074,-36.97997728260159,-185.00081329796032,14.29595479998997,-29.308860435328327,185.21366818637074,108.265222338655,43.13321211462618
-842.9313639862065,-271.6261753126306,695.662655806954,-251.36374529587644,-309.5052593429255,-642.9615334233363,237.28642434947022,-35.20818801991901,273.58881327219916,174.03827294286856,114.80617213313617,-987.7126720623942,392.7996180753842,106.7972289531584,-131.65627091278088,-487.0409090245794,-118.17405304277302,543.5286085833766,591.3091773168329,616.6918289741399,-265.4311957277586,276.86001832813264,-410.58800915869654,-90.60397205947108,169.92630480427616,-385.4218821777019,197.2076305047553,-131.48100712027139,110.98910847534353,-262.51514367849643,-437.4193617368634,275.9231068361605,-284.43308878026687,768.5827632584129,80.03289391756176,512.2682030998287,817.3461227513004,168.868199501474,852.0240139058765,-65.98590728864382,134.95936271696993,-851.0858913644387,-498.3651346835182,-198.41259729881784
-917.2084024178886,-296.0571638951346,757.825712520581,-273.1093910120664,-337.3776105756575,-699.8403167721934,258.21042845023237,-38.08729179873616,297.64091792132075,189.62004082427208,124.95109543735295,-1075.2198217429323,427.95941707652423,116.85700385994166,-142.90333330538223,-530.3409588169606,-128.20350749716462,591.3091773168329,644.5839990617814,671.2549656719958,-289.41476707818833,300.8167174508642,-446.7027845394784,-98.77904363569091,184.66888418662822,-419.70595729844035,215.00783894953082,-143.31836430641218,121.2877558772918,-285.38417798474063,-475.8142842878759,300.7931525222564,-309.72292408514323,836.617501484095,87.17109381588867,558.1842840129972,890.1618530405539,183.5212345096846,927.6769392604268,-72.05001243848302,146.72761091672618,-926.4137027453054,-542.8948089978844,-216.06899704134952
-955.8159761492469,-308.6371612048871,789.4578927238508,-284.9902609638812,-351.30136824098923,-729.595376278932,269.80552414099003,-40.17549021655933,310.0146338659068,197.49670885803857,130.31522312634056,-1119.3935681730607,446.383044251024,121.31010853576426,-148.98960403349898,-551.9788757569225,-133.4395569555617,616.6918289741399,671.2549656719958,700.8200947762623,-300.3841336476046,314.5663278195591,-465.3515090018784,-103.42164654314554,191.94419461410732,-437.87972535965116,224.08513985130958,-149.29054055077813,126.61111332467567,-297.5949463819775,-495.6007549970292,312.9739748435435,-323.23366118153456,871.6437950909017,90.45168528822592,580.5077030659564,926.6711986978797,191.16045302801567,966.9665663398787,-74.89467374340559,153.2068802275722,-965.2044250601514,-565.4227182969853,-225.08830822102408
412.3334142471334,132.64236331088637,-340.3370978617171,122.68991317230304,151.51183881033984,314.17988362158775,-115.38768053620105,16.810420127713396,-133.99082743743483,-85.17822092151091,-56.05949483145729,484.07969633458663,-191.6296544655844,-52.52866893422273,64.42524828758091,238.7949738223948,58.04062718507212,-265.4311957277586,-289.41476707818833,-300.3841336476046,130.85332252253147,-134.50242278065517,201.01827767186288,43.807520085990944,-83.64825696930268,187.9782697877534,-96.34143036545336,64.31249346435325,-53.967884801369834,128.282692701209,214.24096397383153,-135.28614525392993,138.6482195587267,-376.0681439130444,-39.48940368002968,-251.50705992874433,-400.5354559141999,-82.74413189706492,-416.42118685074763,32.414322688050895,-65.75465451790531,416.43907680901987,243.95140587737143,97.09088354066893
-428.98180835018235,-138.35410501245926,353.9894469552738,-128.07664875731206,-157.4395800020589,-327.3971174194693,121.14380545348259,-18.1533539769225,139.14402438005845,88.54265386041698,58.48594407994438,-502.12986592657415,200.18018898340696,54.1779608044025,-66.99542508422142,-247.5396133614487,-60.01484279663886,276.86001832813264,300.8167174508642,314.5663278195591,-134.50242278065517,141.42896032310983,-208.86375273030106,-46.388989515498075,86.18520912043581,-196.4542129383341,100.4241401899253,-66.90572279713214,56.65810962452043,-133.67054442046742,-222.4635678830462,140.23263019184728,-145.0260644766548,391.07930733867175,40.53154427347407,260.16493296621144,415.535618515736,85.8660799195773,433.79722265604767,-33.50280573930745,68.83052615694274,-433.05724701599553,-253.51847886545968,-100.95578611102658
637.103040422674,205.03666719471482,-525.5667080739049,189.9375914365589,233.82775251669344,485.71177429520196,-178.96127492655992,26.439837125556483,-206.88816622576,-131.49960263270557,-86.71701701766754,746.9036840158609,-296.4443720955174,-80.69951806779929,99.6205478685461,368.2943438133385,89.54772708584615,-410.58800915869654,-446.7027845394784,-465.3515090018784,201.01827767186288,-208.86375273030106,310.4594292213613,68.12562649729354,-128.78457298621504,290.9090031360334,-148.8653306904859,99.29372763923188,-83.56809899771781,198.3984647050781,330.8095719134503,-208.56022233340653,214.6588983645013,-580.8759884311809,-60.64021159332959,-387.46464602674683,-617.92466810774,-127.77619021212888,-643.6095603327899,49.8903534956353,-101.88717072155738,643.2319689623836,376.59205467953444,149.9411880415503
140.16858316128793,45.54756712321048,-116.08600915238213,41.78356440568041,51.681044245890384,107.23218037298032,-39.88622524158774,5.999120176012437,-45.37060629117454,-29.030963727258257,-19.157630805128505,163.93126650120024,-65.90359316226727,-17.896392922896148,21.710210552154997,80.8620821427996,19.32592084198829,-90.60397205947108,-98.77904363569091,-103.42164654314554,43.807520085990944,-46.388989515498075,68.12562649729354,15.490372160485787,-27.831020127965143,64.58894072173416,-33.07656189105077,22.002389261156306,-18.902417143499843,43.624701689986566,72.49240911420038,-45.96529345268542,47.697473799147915,-127.89745801136408,-13.159184736741382,-85.01345249400444,-135.8866953622126,-27.885072719537863,-142.1926974779175,11.0079172496783,-22.54861367784102,141.6263743650408,83.0785640290203,33.04962836075109
-264.0144935439163,-84.5958755465405,217.42134936419023,-78.7321297694239,-96.68983091085526,-200.96877422009902,73.73256871992702,-10.80934806978631,85.85764961729298,54.40775885084423,35.860283531332065,-309.86488138057393,122.27544791916817,33.31713262480735,-41.460660557673975,-152.78811032946373,-37.43421184827099,169.92630480427616,184.66888418662822,191.94419461410732,-83.64825696930268,86.18520912043581,-128.78457298621504,-27.831020127965143,53.80112076177812,-120.05944774554611,61.41430720432315,-41.02871191966258,34.18856492990157,-82.26058320302027,-137.32074242890576,86.36459527080171,-88.54483327169135,240.6364104054027,25.30126224969125,160.77882116381528,256.1442003886357,53.14144091057645,266.22115667494273,-20.637937965313046,42.11864092639591,-266.47324392548535,-155.8772306096451,-62.07544524050806
597.4887150970063,192.9254105451014,-493.5705335756545,178.0836329922974,219.66155506080196,456.03819501193965,-168.54333887615886,25.03284672533872,-193.8159486223384,-123.47612954463712,-81.4398906171112,699.9305191727781,-278.9911258181516,-75.92417141682516,93.11120637367837,345.1746914626419,83.43187267213591,-385.4218821777019,-419.70595729844035,-437.87972535965116,187.9782697877534,-196.4542129383341,290.9090031360334,64.58894072173416,-120.05944774554611,273.6543217837776,-140.0869092085634,93.34513362578598,-79.12283481413827,185.99935827866648,309.8319287861422,-195.73873947634763,201.9806311780041,-544.9116865386933,-56.61561157437905,-363.09157193279276,-579.4531472449049,-119.5000917299372,-604.4405982302666,46.845630664754054,-95.72387438548779,603.4012910548272,353.52039630357916,140.71704662799257
-305.766605425524,-98.81644587836193,252.75483213736663,-91.05416993937637,-112.52753619290338,-233.41114249994246,86.234470614543,-12.753591797725338,99.18212337063869,63.234802330781605,41.6753801301038,-358.3144264828424,142.86278221532058,38.98661289789982,-47.58357316422046,-176.73702247794387,-42.63033594109163,197.2076305047553,215.00783894953082,224.08513985130958,-96.34143036545336,100.4241401899253,-148.8653306904859,-33.07656189105077,61.41430720432315,-140.0869092085634,71.76792152168473,-47.81957390838361,40.57902715522626,-95.13643891706461,-158.53688433710244,100.28672454059578,-103.3889352824278,278.92130332052074,29.003939027893217,185.9884917334155,296.71376815394706,61.11657620840872,309.42535431550425,-24.023245879935274,48.958592775052644,-308.8592690460994,-181.03801458809255,-72.04299816671428
203.9090916672449,65.84603655596368,-168.50889150166873,60.7347519367265,75.00662854847944,155.61036929356678,-57.44132052518235,8.480253546807594,-66.1626098623747,-42.16131127948452,-27.77952007360771,239.03164115244692,-95.18869581950165,-25.97966235840725,31.76532909379603,117.90525394338864,28.479807409481502,-131.48100712027139,-143.31836430641218,-149.29054055077813,64.31249346435325,-66.90572279713214,99.29372763923188,22.002389261156306,-41.02871191966258,93.34513362578598,-47.81957390838361,31.88436464757661,-26.99479058753083,63.458930438779966,105.7594453041293,-66.87158318197531,68.88789756701765,-186.00155215620023,-19.376507803447407,-124.08265750958795,-197.9067371463573,-40.787286501898876,-206.28658260783922,16.026061753629218,-32.63198678807764,205.9733553025323,120.71600803177164,48.03524235381958
-171.85875642109497,-55.863239024122514,142.42622485292083,-51.12488718480685,-63.45601386556424,-131.43626682143673,48.780498933868046,-7.250248063322535,55.651780146974616,35.6349123707797,23.48161083402295,-201.20903760566705,80.76792123458237,22.069288445910402,-26.58491056654241,-99.27001001737028,-23.687418789110026,110.98910847534353,121.2877558772918,126.61111332467567,-53.967884801369834,56.65810962452043,-83.56809899771781,-18.902417143499843,34.18856492990157,-79.12283481413827,40.57902715522626,-26.99479058753083,23.18229248034202,-53.41785751920023,-88.92446877232288,56.47147982261726,-58.430135552484,156.86365445963241,16.189238038557384,104.47840314639909,166.8129329572162,34.19386914201848,174.33557956834437,-13.563411484923552,27.578681413469635,-173.6999061698039,-101.95873973335884,-40.55409069937448
407.2141430119053,131.04640078080325,-335.863568566819,121.48912531906147,149.3831301637579,310.48623314551475,-114.49118770560281,16.981292846683452,-132.21669309245547,-84.02202260256439,-55.43088880153199,477.2365219618473,-189.51734577449992,-51.48480027341672,63.70022317737423,235.31109617459393,57.235295255542596,-262.51514367849643,-285.38417798474063,-297.5949463819775,128.282692701209,-133.67054442046742,198.3984647050781,43.624701689986566,-82.26058320302027,185.99935827866648,-95.13643891706461,63.458930438779966,-53.41785751920023,126.86951217031785,211.4045919058692,-133.21902010053486,137.24824276829858,-371.2404995888135,-38.71859064609636,-247.47034859264988,-394.80939020905976,-81.66664602031966,-411.3930789519149,31.84119301822396,-65.17877602868734,411.09752197400655,240.6399077679791,95.81076688653782
678.8112721600784,218.36237629668966,-559.8694347867482,202.38462260010726,249.07605376301697,517.4327956422394,-190.57813986511994,28.14467336914547,-220.46068853932755,-140.08392154599565,-92.37519594798128,795.8648410685272,-315.7072411538585,-85.93998347035614,106.18901830751695,392.43794642269216,95.49628231466914,-437.4193617368634,-475.8142842878759,-495.6007549970292,214.24096397383153,-222.4635678830462,330.8095719134503,72.49240911420038,-137.32074242890576,309.8319287861422,-158.53688433710244,105.7594453041293,-88.92446877232288,211.4045919058692,352.5218243015803,-222.18982342111556,228.60652144594093,-618.8793244787387,-64.64898103599646,-412.8651709817011,-658.3774051808357,-136.19044471868327,-685.615498380588,53.135760348082094,-108.53804628127166,685.3138756003706,401.18788667800266,159.73815566039647
-428.1506388410527,-138.08200500645367,353.67291098527437,-127.46293872704366,-157.45416485875595,-326.57398549825893,120.35132422986621,-17.700390551534554,138.98577878818142,88.49334991528245,58.29081436610353,-502.0885817428961,199.57588842734413,54.55282520577561,-66.74584670830187,-247.66825916092088,-59.953669963221465,275.9231068361605,300.7931525222564,312.9739748435435,-135.28614525392993,140.23263019184728,-208.56022233340653,-45.96529345268542,86.36459527080171,-195.73873947634763,100.28672454059578,-66.87158318197531,56.47147982261726,-133.21902010053486,-222.18982342111556,140.43740541476086,-144.41203629273542,390.52316779703733,40.77736655229961,260.7126599424789,415.62530964874463,85.72624341654688,432.87762490316373,-33.622423906002034,68.4451820641583,-432.4368983063096,-253.39169230121425,-100.84433243590668
440.88600453874204,142.3949517117382,-364.21578686837665,131.42352881378974,162.08404297342227,336.5409520868026,-124.42984365081634,18.49593944942499,-143.00267969050094,-91.1229787605713,-60.111149726998335,516.4286822257699,-205.92498081471373,-56.01211845479104,68.7072689891923,254.66433489820082,61.52874718966218,-284.43308878026687,-309.72292408514323,-323.23366118153456,138.6482195587267,-145.0260644766548,214.6588983645013,47.697473799147915,-88.54483327169135,201.9806311780041,-103.3889352824278,68.88789756701765,-58.430135552484,137.24824276829858,228.60652144594093,-144.41203629273542,149.10544536670957,-402.0896000514877,-41.741208535904846,-267.8683236079172,-427.53850504505414,-88.16809937315047,-446.0673171372224,34.58700066081661,-70.64631939980063,445.25527750526084,260.87289326769854,103.84216815578192
-1192.3530007253155,-384.1413600546732,984.1330605478094,-355.37674780654226,-437.92006257415625,-909.3237432995495,335.2740973434568,-49.5600364686055,387.08168284635707,246.23123738848906,162.34668666069675,-1397.696112739748,555.3912359142748,151.2815807636984,-186.2140233488957,-689.2728489997863,-167.2590072566783,768.5827632584129,836.617501484095,871.6437950909017,-376.0681439130444,391.07930733867175,-580.8759884311809,-127.89745801136408,240.6364104054027,-544.9116865386933,278.92130332052074,-186.00155215620023,156.86365445963241,-371.2404995888135,-618.8793244787387,390.52316779703733,-402.0896000514877,1087.2697560102306,113.40181538238363,725.1980455716639,1156.6239668521168,238.92713583897614,1205.0633143289097,-93.43370365416075,190.74829425249385,-1203.9807227834035,-705.0977435199328,-280.69567022009284
-124.36328931118601,-39.93006065085134,102.57023817044517,-37.03038037976605,-45.64172632877619,-94.70901229824823,34.740684098049755,-5.058430041579099,40.43341545746185,25.66264066955918,16.888711814369945,-146.03704605163847,57.69656391464326,15.80140833266027,-19.467539581119432,-72.0398866244586,-17.568976222767834,80.03289391756176,87.17109381588867,90.45168528822592,-39.48940368002968,40.53154427347407,-60.64021159332959,-13.159184736741382,25.30126224969125,-56.61561157437905,29.003939027893217,-19.376507803447407,16.189238038557384,-38.71859064609636,-64.64898103599646,40.77736655229961,-41.741208535904846,113.40181538238363,11.944204148620218,75.86011335812901,120.79375619064389,24.989343601682457,125.50692162245072,-9.750041636764893,19.827328089763657,-125.57732067499417,-73.52861495951349,-29.261730294542996
-795.1643224785117,-256.1062266970828,656.461179381926,-236.78166608026336,-292.1929252868532,-606.2398448031353,223.16813112197818,-32.76599187233596,258.2314539244566,164.2723523454157,108.20424177384753,-932.7580040317488,370.14232332122714,101.15585443955823,-124.15099126212118,-460.0824045614695,-111.64002477992882,512.2682030998287,558.1842840129972,580.5077030659564,-251.50705992874433,260.16493296621144,-387.46464602674683,-85.01345249400444,160.77882116381528,-363.09157193279276,185.9884917334155,-124.08265750958795,104.47840314639909,-247.47034859264988,-412.8651709817011,260.7126599424789,-267.8683236079172,725.1980455716639,75.86011335812901,484.32331892067293,771.9111303030201,159.3941457534229,803.5032611797411,-62.42418904801298,127.0311497587896,-803.0453794409516,-470.41702337711865,-187.2330991916102
-1268.3012054200676,-408.6040909936695,1047.0003085930578,-377.8539595620964,-465.95254883881967,-967.1505815195667,356.3597848852278,-52.50893826469172,411.79612281795863,261.9726517902205,172.64223775763833,-1487.2076560444596,590.6617199159299,161.14413045619236,-198.02811439084027,-733.4891988755525,-177.94151964501074,817.3461227513004,890.1618530405539,926.6711986978797,-400.5354559141999,415.535618515736,-617.92466810774,-135.8866953622126,256.1442003886357,-579.4531472449049,296.71376815394706,-197.9067371463573,166.8129329572162,-394.80939020905976,-658.3774051808357,415.62530964874463,-427.53850504505414,1156.6239668521168,120.79375619064389,771.9111303030201,1230.751790399673,254.1647044016238,1281.793046801347,-99.48515480419,202.7785239578663,-1280.7865153956127,-750.1975730766119,-298.6104376782711
-262.1171602356062,-84.19128990337103,216.02280176346702,-78.19415740719714,-96.07138239433112,-199.71305827439525,73.49972887086696,-10.856283625040898,85.1613376326692,54.05176431371696,35.65251555526794,-307.3480962345538,121.73226511938731,33.09441055575619,-41.07992168209479,-151.53390914346696,-36.97997728260159,168.868199501474,183.5212345096846,191.16045302801567,-82.74413189706492,85.8660799195773,-127.77619021212888,-27.885072719537863,53.14144091057645,-119.5000917299372,61.11657620840872,-40.787286501898876,34.19386914201848,-81.66664602031966,-136.19044471868327,85.72624341654688,-88.16809937315047,238.92713583897614,24.989343601682457,159.3941457534229,254.1647044016238,52.65559052976098,264.5851231507545,-20.490793238067678,41.90026504592736,-264.5788507109347,-154.81819283690317,-61.65207451540958
-1321.4278054517831,-426.13955460117825,1091.1031854102657,-393.8348589377986,-485.5481394652439,-1008.1023177939596,372.04097797393865,-55.07362630611294,428.8530858728539,272.984375400152,179.99635759910768,-1548.667763022002,616.1521687780746,167.80552153969717,-206.18152070543732,-763.7376682925658,-185.00081329796032,852.0240139058765,927.6769392604268,966.9665663398787,-416.42118685074763,433.79722265604767,-643.6095603327899,-142.1926974779175,266.22115667494273,-604.4405982302666,309.42535431550425,-206.28658260783922,174.33557956834437,-411.3930789519149,-685.615498380588,432.87762490316373,-446.0673171372224,1205.0633143289097,125.50692162245072,803.5032611797411,1281.793046801347,264.5851231507545,1336.0779044081576,-103.6040919381283,211.51120984177945,-1334.4242382154225,-781.6551464824795,-311.1437900215769
102.4011721492875,33.079473008112636,-84.66084068415874,30.464785806967576,37.69576198874221,78.1277417360724,-28.79756001689738,4.211018374994153,-33.23785708974227,-21.197141723048347,-13.952221584277062,120.15511328219635,-47.790559154821445,-13.094138936246221,15.949862440534568,59.27113249759501,14.29595479998997,-65.98590728864382,-72.05001243848302,-74.89467374340559,32.414322688050895,-33.50280573930745,49.8903534956353,11.0079172496783,-20.637937965313046,46.845630664754054,-24.023245879935274,16.026061753629218,-13.563411484923552,31.84119301822396,53.135760348082094,-33.622423906002034,34.58700066081661,-93.43370365416075,-9.750041636764893,-62.42418904801298,-99.48515480419,-20.490793238067678,-103.6040919381283,8.100461836990856,-16.354736811259585,103.4729776107356,60.676189473941456,24.14031218543441
-209.21803608206508,-67.4380552565158,172.65413854582025,-62.426699697359126,-76.80027135766855,-159.62193378453443,58.974643779268234,-8.78788374737378,67.88870651888536,43.186223634223715,28.502985379190388,-245.0420934899415,97.54798970034243,26.468113707850513,-32.677338112630785,-120.82005241894397,-29.308860435328327,134.95936271696993,146.72761091672618,153.2068802275722,-65.75465451790531,68.83052615694274,-101.88717072155738,-22.54861367784102,42.11864092639591,-95.72387438548779,48.958592775052644,-32.63198678807764,27.578681413469635,-65.17877602868734,-108.53804628127166,68.4451820641583,-70.64631939980063,190.74829425249385,19.827328089763657,127.0311497587896,202.7785239578663,41.90026504592736,211.51120984177945,-16.354736811259585,33.53271099488815,-211.22367473101102,-123.66928452144244,-49.237733373907055
1320.34384399324,425.37482983126824,-1089.7702230704313,393.53502866486787,484.9162277083749,1006.9318844763018,-371.26564422661914,54.87782941078485,-428.63442753626174,-272.66285433453277,-179.77295734721858,1547.745192155357,-615.0078333339956,-167.51445643698003,206.21188832498018,763.2672858515023,185.21366818637074,-851.0858913644387,-926.4137027453054,-965.2044250601514,416.43907680901987,-433.05724701599553,643.2319689623836,141.6263743650408,-266.47324392548535,603.4012910548272,-308.8592690460994,205.9733553025323,-173.6999061698039,411.09752197400655,685.3138756003706,-432.4368983063096,445.25527750526084,-1203.9807227834035,-125.57732067499417,-803.0453794409516,-1280.7865153956127,-264.5788507109347,-1334.4242382154225,103.4729776107356,-211.22367473101102,1333.226186441913,780.7906999100785,310.8251013476014
773.1229152756688,249.30423542105936,-638.4563951967083,230.31923578206022,284.1552351493501,589.739257797273,-217.4940722158885,32.09425641528405,-250.94482870803623,-159.74868936847824,-105.28600733317793,906.3648137927814,-360.40579088166305,-98.30770388961345,120.6084370742819,447.02111940881446,108.265222338655,-498.3651346835182,-542.8948089978844,-565.4227182969853,243.95140587737143,-253.51847886545968,376.59205467953444,83.0785640290203,-155.8772306096451,353.52039630357916,-181.03801458809255,120.71600803177164,-101.95873973335884,240.6399077679791,401.18788667800266,-253.39169230121425,260.87289326769854,-705.0977435199328,-73.52861495951349,-470.41702337711865,-750.1975730766119,-154.81819283690317,-781.6551464824795,60.676189473941456,-123.66928452144244,780.7906999100785,457.4229295179974,182.06287436072856
307.7991771391187,99.21856145716353,-254.11774463974382,91.7110749692943,113.09605739784338,234.76956242902963,-86.5784805286609,12.792121603567997,-99.91042899749348,-63.58552377917391,-41.91947979396985,360.80710779546524,-143.43959572905186,-39.09608186870483,48.03919615171365,177.93776509349763,43.13321211462618,-198.41259729881784,-216.06899704134952,-225.08830822102408,97.09088354066893,-100.95578611102658,149.9411880415503,33.04962836075109,-62.07544524050806,140.71704662799257,-72.04299816671428,48.03524235381958,-40.55409069937448,95.81076688653782,159.73815566039647,-100.84433243590668,103.84216815578192,-280.69567022009284,-29.261730294542996,-187.2330991916102,-298.6104376782711,-61.65207451540958,-311.1437900215769,24.14031218543441,-49.237733373907055,310.8251013476014,182.06287436072856,72.47722377488812
