V1,V2,V3,V4,V5,V6,V7,V8,V9,V10,V11,V12,V13,V14,V15,V16,V17,V18,V19,V20,V21,V22,V23,V24,V25,V26,V27,V28,V29,V30,V31,V32,V33,V34,V35,V36,V37,V38,V39,V40,V41,V42,V43,V44
11.578107563006919,3.3391662533778383,-7.98638513773339,2.7738933220934516,4.015055955274269,8.262551928182223,-2.874149871310931,0.20972999695238842,-3.7827476407709253,-2.565233369421598,-2.0492158474877153,12.929492556843453,-4.49840781523044,-1.1016430641946113,2.179713870983879,5.334755558968445,1.517005806336075,-6.87448064755798,-8.281837284791377,-8.82600127580473,3.995434362476865,-3.7062530188137233,6.789913766785441,-0.31618126173497574,-2.433633961242965,4.5148210668174915,-2.21827896864779,0.9268828362365988,-1.3025197509705375,2.5964281573388144,6.869805039062476,-2.985456635658214,4.436641635334101,-10.065637775151371,-0.11067263535643475,-6.132817911150471,-9.646601210308468,-2.7359030457715012,-10.606871232205709,1.6444281217541505,-1.33205140404276,11.050643846898845,6.062095025506418,3.1452201770480213
3.3391662533778383,1.1395362436465484,-2.9986617135667912,1.0936297556111283,1.2657580712453995,2.6328670979653426,-0.9982415501686708,0.17682398811254368,-1.0839926182276916,-0.6606967300593455,-0.39181541317164165,4.015121919727025,-1.6908404208461087,-0.4884109139823172,0.4647846459940191,2.131390165203172,0.48484184763895805,-2.2392289667899874,-2.3319691781588245,-2.3921103081139288,1.0049624292398744,-1.1047849760238346,1.4610268179627,0.5843103768415703,-0.6569163014517129,1.650742884562551,-0.857444593692113,0.6494489169131771,-0.4781574171433036,1.1830415552113027,1.6051632970667886,-1.2173310097006835,1.0476028818138043,-3.122531261753339,-0.4607633019991694,-2.165889009307352,-3.4802085080623875,-0.6063834207078936,-3.5413236129872305,0.1540662243835016,-0.6076454014067826,3.4700875875106387,2.104620171874751,0.7241596028772278
-7.98638513773339,-2.9986617135667912,8.301792191696979,-3.1212757257420773,-3.189199419523649,-6.709898871225257,2.664490292376309,-0.6300702599613535,2.5666252254097306,1.4575205032967111,0.5728405197777848,-10.058834958902493,4.695278845334218,1.4117264358807315,-0.8433926873094142,-6.09522066229062,-1.238111886126306,5.792062311927876,5.426808714589987,5.44676552008198,-2.138537555013967,2.7233691132872826,-2.6368509035800916,-2.5565742152963526,1.5053080821952014,-4.498219310686211,2.4017875349683324,-2.203845004537803,1.290821903704341,-3.5875788951156893,-3.2064572076208466,3.49267115173093,-2.113182391954048,7.818242830111749,1.8385687902962176,5.843285176576603,9.470926978621153,1.147308953853199,9.26477510373879,0.17958965007923422,1.846328543870789,-8.761518603770282,-5.577591881114893,-1.4212648432841304
2.7738933220934516,1.0936297556111283,-3.1212757257420773,1.206545587011535,1.1305585215829885,2.4170473438570723,-0.9880992357717608,0.2675773697447219,-0.8931599145527647,-0.466613216425703,-0.12663247724457694,3.59146386186932,-1.7610851909520482,-0.5390504943944512,0.2426224642368846,2.3289935442135548,0.46207453751741284,-2.11008651314351,-1.8316544026142112,-1.8249271896295043,0.6720948157132102,-0.9685989386965081,0.7343350182326307,1.1315269824213112,-0.5136851484709054,1.6866085462700688,-0.9035077547930818,0.8997555631659474,-0.47191476219706524,1.4147283174351775,0.9775869555705063,-1.3316975545447756,0.637846072881655,-2.790458928434829,-0.7956481431992608,-2.1553764456460622,-3.531064792314784,-0.3372386493609142,-3.3816866391147813,-0.19005175687501707,-0.7258392680215803,3.1408870579992807,2.0583938337694807,0.41962835943361393
4.015055955274269,1.2657580712453995,-3.189199419523649,1.1305585215829885,1.4715393798465133,3.0249505246952593,-1.092385501168035,0.14976712199734374,-1.2761345147204441,-0.8794954439646744,-0.5404184378566047,4.639710063483739,-1.8282156593510361,-0.45679613103945366,0.6402165461607744,2.2340899672234444,0.5187232414064055,-2.5445879652756886,-2.8322915175278265,-2.9705632172805196,1.303045225881068,-1.3190948397786897,2.0092561188952343,0.36088937138618027,-0.8095349769016201,1.743469738258834,-0.910279083631732,0.5875437100529777,-0.5143621874761598,1.1924521896735436,2.140071547383501,-1.2606858053795889,1.4177129483357778,-3.6130852860845835,-0.32878132261203824,-2.410611485272087,-3.7764338941374094,-0.825314609219715,-3.991646794118871,0.37886751390202816,-0.621839901960146,4.00387034963716,2.266418486607093,0.9880744349702918
8.262551928182223,2.6328670979653426,-6.709898871225257,2.4170473438570723,3.0249505246952593,6.27134011137215,-2.294515552496345,0.3357440809849934,-2.655541127140718,-1.7487499873411183,-1.1094861309223922,9.62237238029511,-3.8143778330623217,-0.9912912463784613,1.302912983473861,4.708667176424493,1.1235094785295854,-5.295956758030293,-5.788290517390934,-6.065117559727022,2.624896387966813,-2.722147655671848,4.057280077979199,0.8432847612170584,-1.6689162693781687,3.694241910746192,-1.90567334783875,1.2625161975494317,-1.0682612983766853,2.5391553246560696,4.330539300021634,-2.657190608720264,2.835920838748667,-7.490187759012682,-0.7501979086128713,-4.997382528435336,-7.912762654406508,-1.6725956162384565,-8.2953791162288,0.6928489203148229,-1.313602663604872,8.299227993009962,4.78271427900637,1.9766520990208047
-2.874149871310931,-0.9982415501686708,2.664490292376309,-0.9880992357717608,-1.092385501168035,-2.294515552496345,0.8842339278313284,-0.16847711365920606,0.9420268747531598,0.5440218881939027,0.3253420366549984,-3.493859412064141,1.4930199513534141,0.4444229052720688,-0.38732933470747277,-1.902190382532527,-0.4389992435700397,1.9610973998567756,1.987469487567379,2.0348349536661225,-0.8363001252332325,0.956925055233239,-1.2047007591960575,-0.572870965310314,0.5643250692329206,-1.4738652256603717,0.7592982608723666,-0.5966979581491174,0.4190398414456127,-1.0708806307119063,-1.337161279371605,1.086061893446737,-0.8620944218157147,2.7165672913206014,0.44376480079073694,1.8957551735628215,3.077213190884336,0.5041296989702155,3.0995963571065333,-0.08582288852230356,0.5466297662971119,-3.0208023680669966,-1.867713963007876,-0.5943930381275946
0.20972999695238842,0.17682398811254368,-0.6300702599613535,0.2675773697447219,0.14976712199734374,0.3357440809849934,-0.16847711365920606,0.10245546917765051,-0.03103827492403976,-0.022372850959831596,0.1637722873577092,0.4135639326975011,-0.3876622442489981,-0.09652241732039604,-0.08853174348445372,0.5498127262529756,0.03458252187158256,-0.32134690969141877,-0.06932421625161911,-0.042187712746782596,-0.04453980278330204,-0.11779572539383798,-0.28879449176036837,0.5518303854804963,-0.010407840375642423,0.292616743619172,-0.19794733272765325,0.32819748964439205,-0.08456928972854921,0.40541578077482604,-0.1635397143681616,-0.31099831514052856,-0.0759201036337359,-0.3238211335234659,-0.3484915465497881,-0.42930492168841505,-0.6755993900793669,0.09193899335311939,-0.5533590145333643,-0.21013810307308597,-0.21788335735464856,0.39951963381047695,0.2989938500631989,-0.07355506611759033
-3.7827476407709253,-1.0839926182276916,2.5666252254097306,-0.8931599145527647,-1.2761345147204441,-2.655541127140718,0.9420268747531598,-0.03103827492403976,1.3291615102893828,0.7395518662380817,0.8381030657754412,-4.25998941327948,1.3546169763735068,0.44529082112032087,-0.767928048448302,-1.618142348128467,-0.5879051865572253,2.2019778859371866,2.7595300999686714,2.8972145210454894,-1.3161865021068893,1.1598219605745037,-2.39942290305219,0.3500846849873918,0.8148329976577358,-1.5478056796274677,0.6869833908225158,-0.16751846314193256,0.42733185955185904,-0.7103334552162915,-2.3220409537687248,0.9258108015647561,-1.420364834311032,3.306100659916545,-0.09635674348041563,1.8545751970516204,3.0775554405264356,0.9442079413087145,3.368381650021738,-0.5692017832336699,0.33659200437821435,-3.5897093258624935,-2.114839736905837,-1.0262730693689863
-2.565233369421598,-0.6606967300593455,1.4575205032967111,-0.466613216425703,-0.8794954439646744,-1.7487499873411183,0.5440218881939027,-0.022372850959831596,0.7395518662380817,0.7211514484061026,0.37758906259080777,-2.6792014801879405,0.9200033952220417,0.06942040365342278,-0.5044518598533928,-1.0063524470540217,-0.20474088170367857,1.433092783572374,1.8234358038478984,2.02708313446533,-0.9595873911398357,0.8522929730619537,-1.5716753222527708,0.1589054447771673,0.5379654508331057,-0.7404195262817973,0.4226853735002755,-0.1522150772652713,0.23974194864902482,-0.4898941877954663,-1.6360895303700738,0.5330290019248017,-1.1420389095548478,2.0985202819357487,-0.059122894804193145,1.3194050970154239,1.8564221392527314,0.64540486462051,2.206805821343972,-0.503949554498354,0.2818864176431295,-2.3245444044829386,-1.016049133812882,-0.7981732256809705
-2.0492158474877153,-0.39181541317164165,0.5728405197777848,-0.12663247724457694,-0.5404184378566047,-1.1094861309223922,0.3253420366549984,0.1637722873577092,0.8381030657754412,0.37758906259080777,0.8836255024349466,-2.0346608310804255,0.16472707164194011,0.1656022852338494,-0.6598369138041539,-0.06253679922526999,-0.36558506996774026,0.8483470347054267,1.651116760523854,1.7697044082591207,-0.9033761987873724,0.5192478377705241,-2.0779114009409403,1.2447227775410818,0.5087233071371948,-0.5409023568302007,0.09085897348087518,0.49862952905582897,0.13122704873596985,0.2787066717711062,-1.772478217621546,0.05075381560873855,-1.0041399634900987,1.5706969596895868,-0.6959571403431318,0.39165948498342573,0.8042869272702098,0.772942140661374,1.176871786454089,-0.7147531034027412,-0.19089546411820565,-1.6067481880728427,-0.9184089372930547,-0.7652613328838122
12.929492556843453,4.015121919727025,-10.058834958902493,3.59146386186932,4.639710063483739,9.62237238029511,-3.493859412064141,0.4135639326975011,-4.25998941327948,-2.6792014801879405,-2.0346608310804255,14.936559692237978,-5.6207370852891305,-1.5523427390538704,2.190374421739356,6.893418564826581,1.826060861364798,-8.08781987375922,-9.163282340398188,-9.59525582304467,4.214241052519509,-4.176453294226381,6.834138356616627,0.6603484380509964,-2.6572694429017107,5.6590642229071735,-2.8192214052758255,1.6095428887446042,-1.619460717967885,3.567626122100018,7.078447179142883,-3.904082429381381,4.543201092889996,-11.615747245254568,-0.7822869236724007,-7.438416666691894,-11.905960239896274,-2.7757197650793337,-12.601036108852547,1.3086519975644784,-1.81659079850095,12.80368743447668,7.429229205530121,3.2005613473125747
-4.49840781523044,-1.6908404208461087,4.695278845334218,-1.7610851909520482,-1.8282156593510361,-3.8143778330623217,1.4930199513534141,-0.3876622442489981,1.3546169763735068,0.9200033952220417,0.16472707164194011,-5.6207370852891305,2.746219081731633,0.7065488878744736,-0.4257636807862724,-3.5353955070967773,-0.6053436453069285,3.296598719558223,3.0078664178998746,3.0610351277882057,-1.1987326496572348,1.5822515350288895,-1.3252191879112252,-1.6592810704982526,0.8287782697554893,-2.4526632098712207,1.3832364547232217,-1.36090013443684,0.7232165892523377,-2.1408467224481145,-1.742092868521408,2.00440134085057,-1.2272784210934355,4.379404396786288,1.149622319648341,3.4228468938255454,5.3838147163841725,0.6026391775508877,5.298923559201454,0.12180875482907505,1.127590873854834,-4.946338874238907,-2.9989192138197742,-0.8086972673362252
-1.1016430641946113,-0.4884109139823172,1.4117264358807315,-0.5390504943944512,-0.45679613103945366,-0.9912912463784613,0.4444229052720688,-0.09652241732039604,0.44529082112032087,0.06942040365342278,0.1656022852338494,-1.5523427390538704,0.7065488878744736,0.36310300036139775,-0.09840141263267624,-0.9735410410376395,-0.2806676734824232,0.8634415307365293,0.7923330345185985,0.7021088384375135,-0.2489048333348421,0.3343111586128979,-0.332616227037671,-0.39488836672899497,0.20561651071199197,-0.8488878229744106,0.3914851053244423,-0.3336753531439982,0.23017318694368072,-0.5384598949442562,-0.357228379913286,0.5912126982708028,-0.16447094711431812,1.1945587537385345,0.3045167752618145,0.8344951488784897,1.540820310149817,0.12824929567421436,1.3936116493979784,0.1276721649903478,0.24928146432402573,-1.3132556960830775,-1.0672670673219353,-0.11764783338498878
2.179713870983879,0.4647846459940191,-0.8433926873094142,0.2426224642368846,0.6402165461607744,1.302912983473861,-0.38732933470747277,-0.08853174348445372,-0.767928048448302,-0.5044518598533928,-0.6598369138041539,2.190374421739356,-0.4257636807862724,-0.09840141263267624,0.5895693410916611,0.3920073461716605,0.2890917430910944,-1.0338122443454185,-1.6456315499981493,-1.8128084757799496,0.8957107011234602,-0.6361381412531397,1.8332072581145515,-0.8130329207609692,-0.508376732286025,0.5694172512611315,-0.19884548970442695,-0.24907954475865632,-0.15455975586126677,0.013341856508096097,1.6806484338496024,-0.20926217170185982,1.0353346567467872,-1.7031061419359927,0.44563091240709857,-0.7112292985755907,-1.135471241758777,-0.7092071498610548,-1.503408226284103,0.6230660399153432,0.008515795900241683,1.8097448114145978,0.88704128605504,0.7610640217172918
5.334755558968445,2.131390165203172,-6.09522066229062,2.3289935442135548,2.2340899672234444,4.708667176424493,-1.902190382532527,0.5498127262529756,-1.618142348128467,-1.0063524470540217,-0.06253679922526999,6.893418564826581,-3.5353955070967773,-0.9735410410376395,0.3920073461716605,4.63905414011954,0.7810144667379739,-4.107686974251746,-3.5025212265757295,-3.497764026773354,1.2966667870802446,-1.9029123111556911,1.2063719920245437,2.4593838566520962,-0.9590477336595461,3.1872425724882194,-1.7967649347843355,1.8907937352369353,-0.9250534440403931,2.868779038994244,1.7837310618048043,-2.6411608591078437,1.2575636159269832,-5.364670896521902,-1.6842862589577856,-4.3385564466636355,-6.914243961057123,-0.58352953810992,-6.6367328650202815,-0.3999423174911869,-1.5018447323539912,6.080799342366729,3.8484547883955904,0.8085388791312949
1.517005806336075,0.48484184763895805,-1.238111886126306,0.46207453751741284,0.5187232414064055,1.1235094785295854,-0.4389992435700397,0.03458252187158256,-0.5879051865572253,-0.20474088170367857,-0.36558506996774026,1.826060861364798,-0.6053436453069285,-0.2806676734824232,0.2890917430910944,0.7810144667379739,0.3155185731206511,-0.9492120932723145,-1.0991585332171239,-1.1086009542711879,0.47334765417045216,-0.45248226183540985,0.8944940874888389,-0.050969397004782056,-0.3272780301925925,0.78332215274128,-0.32331436173475925,0.1183390386457312,-0.19986648897591544,0.3617991860859623,0.8458611466850273,-0.46032721524393033,0.4641346322370358,-1.4098839633991043,-0.03411222420128666,-0.7846266513942777,-1.42754878516488,-0.3476811301178907,-1.455135345870738,0.12844475444809134,-0.15658364023680602,1.5233016434850255,1.046451343659962,0.3425759601605121
-6.87448064755798,-2.2392289667899874,5.792062311927876,-2.11008651314351,-2.5445879652756886,-5.295956758030293,1.9610973998567756,-0.32134690969141877,2.2019778859371866,1.433092783572374,0.8483470347054267,-8.08781987375922,3.296598719558223,0.8634415307365293,-1.0338122443454185,-4.107686974251746,-0.9492120932723145,4.491535682236249,4.777523791034747,4.992605952231403,-2.129123430454675,2.285296804561026,-3.2080732224070188,-0.9277418747434762,1.3769908509154685,-3.173213128993577,1.6504310659282744,-1.1763810142164663,0.9130505593097864,-2.262417732766293,-3.4818734628667842,2.3185394305429416,-2.2846862891099673,6.295489747898421,0.7674010774968396,4.282518862074617,6.79760229423682,1.334064021823267,7.05153996078031,-0.47014824477308,1.1718113761959414,-6.990842783197891,-4.073581682314768,-1.584495599038846
-8.281837284791377,-2.3319691781588245,5.426808714589987,-1.8316544026142112,-2.8322915175278265,-5.788290517390934,1.987469487567379,-0.06932421625161911,2.7595300999686714,1.8234358038478984,1.651116760523854,-9.163282340398188,3.0078664178998746,0.7923330345185985,-1.6456315499981493,-3.5025212265757295,-1.0991585332171239,4.777523791034747,6.0330907725688805,6.4030313820041656,-2.9514088270519085,2.5896737358938364,-5.173054273666626,0.6504421175907891,1.7588847891535075,-3.1374537370258615,1.4907947827624197,-0.4309630243414092,0.9135621160584387,-1.5777278123851057,-5.1138416658300345,1.9771375269694502,-3.269404207728629,7.128981654982074,-0.18034101357973034,4.160942750257338,6.588955227726669,2.0540264670392467,7.350005669617305,-1.3443917633350246,0.7947572698656357,-7.7847582131891615,-4.2872244900899705,-2.335975807931024
-8.82600127580473,-2.3921103081139288,5.44676552008198,-1.8249271896295043,-2.9705632172805196,-6.065117559727022,2.0348349536661225,-0.042187712746782596,2.8972145210454894,2.02708313446533,1.7697044082591207,-9.59525582304467,3.0610351277882057,0.7021088384375135,-1.8128084757799496,-3.497764026773354,-1.1086009542711879,4.992605952231403,6.4030313820041656,6.889591437755121,-3.196432999083704,2.7806433063895666,-5.663569155600553,0.8991885838507915,1.890556978802986,-3.12969021321194,1.4927846361273118,-0.3369014562374297,0.911667119683231,-1.5465130931292088,-5.59656072795817,1.9454582329599315,-3.608539767191179,7.474292936989173,-0.3355858055162748,4.298391685109624,6.7004020025023605,2.2570131686735264,7.635226151001411,-1.567182626743373,0.7925514316017996,-8.161104300232724,-4.312175897677408,-2.575292937838528
3.995434362476865,1.0049624292398744,-2.138537555013967,0.6720948157132102,1.303045225881068,2.624896387966813,-0.8363001252332325,-0.04453980278330204,-1.3161865021068893,-0.9595873911398357,-0.9033761987873724,4.214241052519509,-1.1987326496572348,-0.2489048333348421,0.8957107011234602,1.2966667870802446,0.47334765417045216,-2.129123430454675,-2.9514088270519085,-3.196432999083704,1.5340512501932615,-1.2291091789386885,2.8124041621767013,-0.7433214611229824,-0.8748726723017974,1.2513334330153507,-0.5756196661728579,-0.03414564183984085,-0.37179102287762555,0.477054223769711,2.7184779023643983,-0.7155038868418965,1.750907833693413,-3.2817368758284444,0.36423774238841894,-1.7637666855633327,-2.7039766732796675,-1.1087748703510456,-3.2267990354340665,0.8734114119898665,-0.24314462872381326,3.561016772521554,1.791348751218734,1.25973453374444
-3.7062530188137233,-1.1047849760238346,2.7233691132872826,-0.9685989386965081,-1.3190948397786897,-2.722147655671848,0.956925055233239,-0.11779572539383798,1.1598219605745037,0.8522929730619537,0.5192478377705241,-4.176453294226381,1.5822515350288895,0.3343111586128979,-0.6361381412531397,-1.9029123111556911,-0.45248226183540985,2.285296804561026,2.5896737358938364,2.7806433063895666,-1.2291091789386885,1.2305450257526298,-1.9637486034199076,-0.18264995241683998,0.7618426036022286,-1.4799312233785848,0.7730789843951977,-0.4525821025986795,0.43080615653272747,-1.0087041508113912,-2.0742988711228536,1.053845839922388,-1.3799540055336543,3.257493705329672,0.20313868091674156,2.120664216385294,3.273180252303072,0.8107278255386073,3.5478600602349046,-0.4325941034914038,0.533398887508959,-3.6072620927087287,-1.9388636800527264,-0.9628229169174991
6.789913766785441,1.4610268179627,-2.6368509035800916,0.7343350182326307,2.0092561188952343,4.057280077979199,-1.2047007591960575,-0.28879449176036837,-2.39942290305219,-1.5716753222527708,-2.0779114009409403,6.834138356616627,-1.3252191879112252,-0.332616227037671,1.8332072581145515,1.2063719920245437,0.8944940874888389,-3.2080732224070188,-5.173054273666626,-5.663569155600553,2.8124041621767013,-1.9637486034199076,5.73762422046628,-2.5650289275922415,-1.577312972033597,1.7852931408708137,-0.6258178738945862,-0.7894200110611581,-0.4979702776282767,0.00887781857156784,5.2462994321938545,-0.6571011266492014,3.2366564118252996,-5.312595397078671,1.408901629580493,-2.215673835128435,-3.539220942256908,-2.209991705072934,-4.68291731955016,1.9601740468376414,0.04412670422602718,5.6398098004562955,2.789111105947891,2.380463170683821
-0.31618126173497574,0.5843103768415703,-2.5565742152963526,1.1315269824213112,0.36088937138618027,0.8432847612170584,-0.572870965310314,0.5518303854804963,0.3500846849873918,0.1589054447771673,1.2447227775410818,0.6603484380509964,-1.6592810704982526,-0.39488836672899497,-0.8130329207609692,2.4593838566520962,-0.050969397004782056,-0.9277418747434762,0.6504421175907891,0.8991885838507915,-0.7433214611229824,-0.18264995241683998,-2.5650289275922415,3.235211457670962,0.2717188232618606,1.045247497823136,-0.855911788416811,1.782373230285839,-0.32683183367448204,1.979777360645795,-1.8379469457689883,-1.4018480738204,-0.9787476199985559,-0.5251449922453966,-1.9938532699509468,-1.7055784366171158,-2.607405598052358,0.8964823341623116,-1.7961963899505717,-1.392650355685814,-1.0817912009087511,0.8380813280166511,0.8712661164947553,-0.8105491097721264
-2.433633961242965,-0.6569163014517129,1.5053080821952014,-0.5136851484709054,-0.8095349769016201,-1.6689162693781687,0.5643250692329206,-0.010407840375642423,0.8148329976577358,0.5379654508331057,0.5087233071371948,-2.6572694429017107,0.8287782697554893,0.20561651071199197,-0.508376732286025,-0.9590477336595461,-0.3272780301925925,1.3769908509154685,1.7588847891535075,1.890556978802986,-0.8748726723017974,0.7618426036022286,-1.577312972033597,0.2717188232618606,0.5277357807431869,-0.8792379931889498,0.40636293469571894,-0.07929826582704423,0.24735986274044494,-0.4197447273947734,-1.5472222801744975,0.5332069515230327,-0.9791681865199112,2.06685647799526,-0.10105429943853379,1.166828246423426,1.8489779395646035,0.6283232925223886,2.095688032753029,-0.4252455633435885,0.20995805361655026,-2.251680053324855,-1.2144835391126183,-0.7024320495191436
4.5148210668174915,1.650742884562551,-4.498219310686211,1.6866085462700688,1.743469738258834,3.694241910746192,-1.4738652256603717,0.292616743619172,-1.5478056796274677,-0.7404195262817973,-0.5409023568302007,5.6590642229071735,-2.4526632098712207,-0.8488878229744106,0.5694172512611315,3.1872425724882194,0.78332215274128,-3.173213128993577,-3.1374537370258615,-3.12969021321194,1.2513334330153507,-1.4799312233785848,1.7852931408708137,1.045247497823136,-0.8792379931889498,2.5433808771131434,-1.2723558383073987,1.0235086309014898,-0.7109156226711639,1.7910796051848243,1.9736910118522148,-1.8458901212449612,1.2169921941026927,-4.38983517525256,-0.8082090683391476,-3.062128362640474,-5.124684824575285,-0.7395963800241313,-5.034343907011475,0.0014071888428488998,-0.8930071006027174,4.870203021847716,3.2134807462851414,0.8427956334294131
-2.21827896864779,-0.857444593692113,2.4017875349683324,-0.9035077547930818,-0.910279083631732,-1.90567334783875,0.7592982608723666,-0.19794733272765325,0.6869833908225158,0.4226853735002755,0.09085897348087518,-2.8192214052758255,1.3832364547232217,0.3914851053244423,-0.19884548970442695,-1.7967649347843355,-0.32331436173475925,1.6504310659282744,1.4907947827624197,1.4927846361273118,-0.5756196661728579,0.7730789843951977,-0.6258178738945862,-0.855911788416811,0.40636293469571894,-1.2723558383073987,0.7044068723138737,-0.693926253773333,0.37219750879878405,-1.0831688573660434,-0.8252608296484357,1.0270207860358602,-0.5686818317999525,2.1936953968402397,0.596246975461702,1.7114087393164201,2.734701544044522,0.28286625679504535,2.6581364527172497,0.09494296034316788,0.564893382838613,-2.473434524451696,-1.557157527771186,-0.37442645266144947
0.9268828362365988,0.6494489169131771,-2.203845004537803,0.8997555631659474,0.5875437100529777,1.2625161975494317,-0.5966979581491174,0.32819748964439205,-0.16751846314193256,-0.1522150772652713,0.49862952905582897,1.6095428887446042,-1.36090013443684,-0.3336753531439982,-0.24907954475865632,1.8907937352369353,0.1183390386457312,-1.1763810142164663,-0.4309630243414092,-0.3369014562374297,-0.03414564183984085,-0.4525821025986795,-0.7894200110611581,1.782373230285839,-0.07929826582704423,1.0235086309014898,-0.693926253773333,1.0879123865486926,-0.31040291483454435,1.3560292625212358,-0.37682734946569696,-1.0748092958463393,-0.1282672642005763,-1.258340578204162,-1.1286916624515606,-1.5431694874033233,-2.3895203618466327,0.24264130512731397,-2.0220934388466696,-0.6249804113092331,-0.7320849603949597,1.5271315226973174,1.0771555381493518,-0.15577138098727486
-1.3025197509705375,-0.4781574171433036,1.290821903704341,-0.47191476219706524,-0.5143621874761598,-1.0682612983766853,0.4190398414456127,-0.08456928972854921,0.42733185955185904,0.23974194864902482,0.13122704873596985,-1.619460717967885,0.7232165892523377,0.23017318694368072,-0.15455975586126677,-0.9250534440403931,-0.19986648897591544,0.9130505593097864,0.9135621160584387,0.911667119683231,-0.37179102287762555,0.43080615653272747,-0.4979702776282767,-0.32683183367448204,0.24735986274044494,-0.7109156226711639,0.37219750879878405,-0.31040291483454435,0.20869608496172914,-0.5229264279915118,-0.5665729674878603,0.5356918704555952,-0.37020293068807136,1.2585365875170258,0.24293971519374025,0.9067746908222136,1.475512825539739,0.20718899767988214,1.4611434820783407,-0.010341597156181272,0.26694890220869655,-1.4024006075012363,-0.8948912443896503,-0.253150377046395
2.5964281573388144,1.1830415552113027,-3.5875788951156893,1.4147283174351775,1.1924521896735436,2.5391553246560696,-1.0708806307119063,0.40541578077482604,-0.7103334552162915,-0.4898941877954663,0.2787066717711062,3.567626122100018,-2.1408467224481145,-0.5384598949442562,0.013341856508096097,2.868779038994244,0.3617991860859623,-2.262417732766293,-1.5777278123851057,-1.5465130931292088,0.477054223769711,-1.0087041508113912,0.00887781857156784,1.979777360645795,-0.4197447273947734,1.7910796051848243,-1.0831688573660434,1.3560292625212358,-0.5229264279915118,1.8954377883026825,0.48042852071719094,-1.6227150855321162,0.42230130965231905,-2.7819087579668804,-1.300128990779161,-2.557519741255498,-4.017198039658605,-0.09048958088621632,-3.713907456906765,-0.5095078921259286,-1.0081952536417946,3.2159645957005045,2.0639645566891947,0.2281486225293091
6.869805039062476,1.6051632970667886,-3.2064572076208466,0.9775869555705063,2.140071547383501,4.330539300021634,-1.337161279371605,-0.1635397143681616,-2.3220409537687248,-1.6360895303700738,-1.772478217621546,7.078447179142883,-1.742092868521408,-0.357228379913286,1.6806484338496024,1.7837310618048043,0.8458611466850273,-3.4818734628667842,-5.1138416658300345,-5.59656072795817,2.7184779023643983,-2.0742988711228536,5.2462994321938545,-1.8379469457689883,-1.5472222801744975,1.9736910118522148,-0.8252608296484357,-0.37682734946569696,-0.5665729674878603,0.48042852071719094,4.952609238528137,-0.9696202402424362,3.1323428809793,-5.511034989254809,0.9684649352575527,-2.6834494741418795,-4.158810011045064,-2.0522807439765245,-5.184255810103056,1.7111081297376767,-0.22783862212607392,5.929522370599524,2.9250142119462783,2.273415163974725
-2.985456635658214,-1.2173310097006835,3.49267115173093,-1.3316975545447756,-1.2606858053795889,-2.657190608720264,1.086061893446737,-0.31099831514052856,0.9258108015647561,0.5330290019248017,0.05075381560873855,-3.904082429381381,2.00440134085057,0.5912126982708028,-0.20926217170185982,-2.6411608591078437,-0.46032721524393033,2.3185394305429416,1.9771375269694502,1.9454582329599315,-0.7155038868418965,1.053845839922388,-0.6571011266492014,-1.4018480738204,0.5332069515230327,-1.8458901212449612,1.0270207860358602,-1.0748092958463393,0.5356918704555952,-1.6227150855321162,-0.9696202402424362,1.5143542243337618,-0.6718017299129532,3.0354319564404846,0.9635506906851944,2.4474168730321697,3.942696923742444,0.3140893448024664,3.7550470217803427,0.2523670814533181,0.8433289922500206,-3.4351077693934826,-2.2333717630092957,-0.431922912260912
4.436641635334101,1.0476028818138043,-2.113182391954048,0.637846072881655,1.4177129483357778,2.835920838748667,-0.8620944218157147,-0.0759201036337359,-1.420364834311032,-1.1420389095548478,-1.0041399634900987,4.543201092889996,-1.2272784210934355,-0.16447094711431812,1.0353346567467872,1.2575636159269832,0.4641346322370358,-2.2846862891099673,-3.269404207728629,-3.608539767191179,1.750907833693413,-1.3799540055336543,3.2366564118252996,-0.9787476199985559,-0.9791681865199112,1.2169921941026927,-0.5686818317999525,-0.1282672642005763,-0.37020293068807136,0.42230130965231905,3.1323428809793,-0.6718017299129532,2.0516056919241166,-3.5466191371325064,0.5154198823505176,-1.8628058372128553,-2.752374916888063,-1.2810116005612677,-3.434862773313746,1.08150907607033,-0.2285920971203036,3.8490516980119445,1.7809456409407494,1.4716418320654947
-10.065637775151371,-3.122531261753339,7.818242830111749,-2.790458928434829,-3.6130852860845835,-7.490187759012682,2.7165672913206014,-0.3238211335234659,3.306100659916545,2.0985202819357487,1.5706969596895868,-11.615747245254568,4.379404396786288,1.1945587537385345,-1.7031061419359927,-5.364670896521902,-1.4098839633991043,6.295489747898421,7.128981654982074,7.474292936989173,-3.2817368758284444,3.257493705329672,-5.312595397078671,-0.5251449922453966,2.06685647799526,-4.38983517525256,2.1936953968402397,-1.258340578204162,1.2585365875170258,-2.7819087579668804,-5.511034989254809,3.0354319564404846,-3.5466191371325064,9.035418448957834,0.6123817303206209,5.796028010360732,9.258573548374894,2.159711609886505,9.809121285189583,-1.0230693632918015,1.4198807618004283,-9.962765216643641,-5.759989735271441,-2.496267019961272
-0.11067263535643475,-0.4607633019991694,1.8385687902962176,-0.7956481431992608,-0.32878132261203824,-0.7501979086128713,0.44376480079073694,-0.3484915465497881,-0.09635674348041563,-0.059122894804193145,-0.6959571403431318,-0.7822869236724007,1.149622319648341,0.3045167752618145,0.44563091240709857,-1.6842862589577856,-0.03411222420128666,0.7674010774968396,-0.18034101357973034,-0.3355858055162748,0.36423774238841894,0.20313868091674156,1.408901629580493,-1.9938532699509468,-0.10105429943853379,-0.8082090683391476,0.596246975461702,-1.1286916624515606,0.24293971519374025,-1.300128990779161,0.9684649352575527,0.9635506906851944,0.5154198823505176,0.6123817303206209,1.2440628045452669,1.2175361348709175,1.9087447155100772,-0.48532790642223733,1.4076326277587397,0.8381123359811761,0.7023273871883027,-0.8287050112415919,-0.7564937242806,0.43459581129614877
-6.132817911150471,-2.165889009307352,5.843285176576603,-2.1553764456460622,-2.410611485272087,-4.997382528435336,1.8957551735628215,-0.42930492168841505,1.8545751970516204,1.3194050970154239,0.39165948498342573,-7.438416666691894,3.4228468938255454,0.8344951488784897,-0.7112292985755907,-4.3385564466636355,-0.7846266513942777,4.282518862074617,4.160942750257338,4.298391685109624,-1.7637666855633327,2.120664216385294,-2.215673835128435,-1.7055784366171158,1.166828246423426,-3.062128362640474,1.7114087393164201,-1.5431694874033233,0.9067746908222136,-2.557519741255498,-2.6834494741418795,2.4474168730321697,-1.8628058372128553,5.796028010360732,1.2175361348709175,4.351482605725527,6.779639127856069,0.9698807058692378,6.8324582145401225,-0.09958928541269484,1.3528698431573873,-6.515606483826651,-3.809347895808017,-1.25260899520976
-9.646601210308468,-3.4802085080623875,9.470926978621153,-3.531064792314784,-3.7764338941374094,-7.912762654406508,3.077213190884336,-0.6755993900793669,3.0775554405264356,1.8564221392527314,0.8042869272702098,-11.905960239896274,5.3838147163841725,1.540820310149817,-1.135471241758777,-6.914243961057123,-1.42754878516488,6.79760229423682,6.588955227726669,6.7004020025023605,-2.7039766732796675,3.273180252303072,-3.539220942256908,-2.607405598052358,1.8489779395646035,-5.124684824575285,2.734701544044522,-2.3895203618466327,1.475512825539739,-4.017198039658605,-4.158810011045064,3.942696923742444,-2.752374916888063,9.258573548374894,1.9087447155100772,6.779639127856069,10.89111846458627,1.5201271345396221,10.824943924192489,-0.037817395882475326,2.0755081972790004,-10.35742807219652,-6.404817333753181,-1.8683411516769253
-2.7359030457715012,-0.6063834207078936,1.147308953853199,-0.3372386493609142,-0.825314609219715,-1.6725956162384565,0.5041296989702155,0.09193899335311939,0.9442079413087145,0.64540486462051,0.772942140661374,-2.7757197650793337,0.6026391775508877,0.12824929567421436,-0.7092071498610548,-0.58352953810992,-0.3476811301178907,1.334064021823267,2.0540264670392467,2.2570131686735264,-1.1087748703510456,0.8107278255386073,-2.209991705072934,0.8964823341623116,0.6283232925223886,-0.7395963800241313,0.28286625679504535,0.24264130512731397,0.20718899767988214,-0.09048958088621632,-2.0522807439765245,0.3140893448024664,-1.2810116005612677,2.159711609886505,-0.48532790642223733,0.9698807058692378,1.5201271345396221,0.8591144997654229,1.961592303168369,-0.7419168512927046,0.03324962970837353,-2.3080811617628574,-1.12854312505166,-0.936155225220589
-10.606871232205709,-3.5413236129872305,9.26477510373879,-3.3816866391147813,-3.991646794118871,-8.2953791162288,3.0995963571065333,-0.5533590145333643,3.368381650021738,2.206805821343972,1.176871786454089,-12.601036108852547,5.298923559201454,1.3936116493979784,-1.503408226284103,-6.6367328650202815,-1.455135345870738,7.05153996078031,7.350005669617305,7.635226151001411,-3.2267990354340665,3.5478600602349046,-4.68291731955016,-1.7961963899505717,2.095688032753029,-5.034343907011475,2.6581364527172497,-2.0220934388466696,1.4611434820783407,-3.713907456906765,-5.184255810103056,3.7550470217803427,-3.434862773313746,9.809121285189583,1.4076326277587397,6.8324582145401225,10.824943924192489,1.961592303168369,11.12621494644488,-0.5799053538450084,1.9287951698491876,-10.920890621814719,-6.41365687854773,-2.3683752228964456
1.6444281217541505,0.1540662243835016,0.17958965007923422,-0.19005175687501707,0.37886751390202816,0.6928489203148229,-0.08582288852230356,-0.21013810307308597,-0.5692017832336699,-0.503949554498354,-0.7147531034027412,1.3086519975644784,0.12180875482907505,0.1276721649903478,0.6230660399153432,-0.3999423174911869,0.12844475444809134,-0.47014824477308,-1.3443917633350246,-1.567182626743373,0.8734114119898665,-0.4325941034914038,1.9601740468376414,-1.392650355685814,-0.4252455633435885,0.0014071888428488998,0.09494296034316788,-0.6249804113092331,-0.010341597156181272,-0.5095078921259286,1.7111081297376767,0.2523670814533181,1.08150907607033,-1.0230693632918015,0.8381123359811761,-0.09958928541269484,-0.037817395882475326,-0.7419168512927046,-0.5799053538450084,0.8676071597761054,0.26651669271854456,1.0323640412758486,0.2298012097132387,0.8052612307706184
-1.33205140404276,-0.6076454014067826,1.846328543870789,-0.7258392680215803,-0.621839901960146,-1.313602663604872,0.5466297662971119,-0.21788335735464856,0.33659200437821435,0.2818864176431295,-0.19089546411820565,-1.81659079850095,1.127590873854834,0.24928146432402573,0.008515795900241683,-1.5018447323539912,-0.15658364023680602,1.1718113761959414,0.7947572698656357,0.7925514316017996,-0.24314462872381326,0.533398887508959,0.04412670422602718,-1.0817912009087511,0.20995805361655026,-0.8930071006027174,0.564893382838613,-0.7320849603949597,0.26694890220869655,-1.0081952536417946,-0.22783862212607392,0.8433289922500206,-0.2285920971203036,1.4198807618004283,0.7023273871883027,1.3528698431573873,2.0755081972790004,0.03324962970837353,1.9287951698491876,0.26651669271854456,0.5456931843177177,-1.6527792409495983,-1.015474387750098,-0.11908876477948842
11.050643846898845,3.4700875875106387,-8.761518603770282,3.1408870579992807,4.00387034963716,8.299227993009962,-3.0208023680669966,0.39951963381047695,-3.5897093258624935,-2.3245444044829386,-1.6067481880728427,12.80368743447668,-4.946338874238907,-1.3132556960830775,1.8097448114145978,6.080799342366729,1.5233016434850255,-6.990842783197891,-7.7847582131891615,-8.161104300232724,3.561016772521554,-3.6072620927087287,5.6398098004562955,0.8380813280166511,-2.251680053324855,4.870203021847716,-2.473434524451696,1.5271315226973174,-1.4024006075012363,3.2159645957005045,5.929522370599524,-3.4351077693934826,3.8490516980119445,-9.962765216643641,-0.8287050112415919,-6.515606483826651,-10.35742807219652,-2.3080811617628574,-10.920890621814719,1.0323640412758486,-1.6527792409495983,11.012009398226567,6.349196989612941,2.6969455601594157
6.062095025506418,2.104620171874751,-5.577591881114893,2.0583938337694807,2.266418486607093,4.78271427900637,-1.867713963007876,0.2989938500631989,-2.114839736905837,-1.016049133812882,-0.9184089372930547,7.429229205530121,-2.9989192138197742,-1.0672670673219353,0.88704128605504,3.8484547883955904,1.046451343659962,-4.073581682314768,-4.2872244900899705,-4.312175897677408,1.791348751218734,-1.9388636800527264,2.789111105947891,0.8712661164947553,-1.2144835391126183,3.2134807462851414,-1.557157527771186,1.0771555381493518,-0.8948912443896503,2.0639645566891947,2.9250142119462783,-2.2333717630092957,1.7809456409407494,-5.759989735271441,-0.7564937242806,-3.809347895808017,-6.404817333753181,-1.12854312505166,-6.41365687854773,0.2298012097132387,-1.015474387750098,6.349196989612941,4.136017121616215,1.2545677117173704
3.1452201770480213,0.7241596028772278,-1.4212648432841304,0.41962835943361393,0.9880744349702918,1.9766520990208047,-0.5943930381275946,-0.07355506611759033,-1.0262730693689863,-0.7981732256809705,-0.7652613328838122,3.2005613473125747,-0.8086972673362252,-0.11764783338498878,0.7610640217172918,0.8085388791312949,0.3425759601605121,-1.584495599038846,-2.335975807931024,-2.575292937838528,1.25973453374444,-0.9628229169174991,2.380463170683821,-0.8105491097721264,-0.7024320495191436,0.8427956334294131,-0.37442645266144947,-0.15577138098727486,-0.253150377046395,0.2281486225293091,2.273415163974725,-0.431922912260912,1.4716418320654947,-2.496267019961272,0.43459581129614877,-1.25260899520976,-1.8683411516769253,-0.936155225220589,-2.3683752228964456,0.8052612307706184,-0.11908876477948842,2.6969455601594157,1.2545677117173704,1.0617888883792315
