V1,V2,V3,V4,V5,V6,V7,V8,V9,V10,V11,V12,V13,V14,V15,V16,V17,V18,V19,V20,V21,V22,V23,V24,V25,V26,V27,V28,V29,V30,V31,V32,V33,V34,V35,V36,V37,V38,V39,V40,V41,V42,V43
10.674094037096303,7.098713687000361,-7.4411462319838275,3.4571754317414918,4.5725300860363465,0.21190086758740342,0.8355466719840041,11.797727540217675,10.1881727100283,-1.383880382802201,0.3549044431052912,2.1325850892601292,-2.197256541358197,5.897253686750099,-0.17269692945870058,3.8620993708435862,-14.236736388210419,-1.1037086052128013,-4.726176663246596,-2.5789014394109855,-9.024472412020751,4.944279371166315,5.228948475112335,-3.3853204737221705,5.648428560165582,7.514445921020133,-0.4664134732530259,-3.9633392447736377,-2.8017647844963984,8.205170355945562,2.6340515244797267,-2.678423523128229,-4.882675044951431,2.272585312276593,-1.8788282898964221,3.374218658358628,-5.064204619605704,6.366050668380275,-4.480192347693081,-0.33181751654588965,-1.0210565387061992,1.2057222336410969,-1.8760979570955647
7.098713687000361,8.57532032599187,-5.941311629369056,3.6257550296472356,4.521716945057281,-0.568801111664053,1.094641809823694,10.750428408067766,7.033378003522075,-1.9728470044874142,0.10713703561624745,1.8221700953151596,-2.8691026879231605,4.367118928975906,-0.5896428891261091,3.2688568866499654,-11.110806803800115,-1.7417644358946531,-5.173571154176836,-0.973016028616299,-7.780092470382306,4.111851589117186,4.822264617553018,-3.8970842198436495,3.735634606594586,6.271152881849705,0.14851132785253163,-2.5128213453296784,-1.6086702611657235,6.468069843497159,3.648631293080161,-3.993522459329923,-4.4409167255671225,1.9122633272000538,-1.4498257112685928,0.9660127078321413,-4.244853650982321,6.411123639468663,-3.5007756824460365,-0.1382168803643812,-0.45600142889584955,1.2959522789774967,-1.9831897884800118
-7.4411462319838275,-5.941311629369056,5.694867222345433,-2.7986868941322243,-3.6712420900608977,0.2537081009268331,-0.9231142797519948,-8.956686330302528,-7.192099009729679,1.076874592936379,-0.13174228452861386,-1.4495821829810716,1.959828433790418,-4.077659172715433,0.11284598708739235,-3.299524956458171,10.320015423089846,1.0726854607667677,3.7394381613743306,1.3593818911296713,6.9122623741741895,-3.765235073372323,-4.014786931474793,2.971063561785882,-4.153974446909623,-5.568042699878597,0.2502112342064683,2.8637520514847337,2.0212550579425965,-6.455631271144066,-2.6404117586957176,2.7429621089305205,3.9536458846876115,-1.5274854923888095,1.62618350859801,-1.7904673269597575,3.7344809256841702,-4.878355122231754,3.411476273964724,0.21146180395472233,0.8060200050683426,-0.743856672631189,1.5472076244195376
3.4571754317414918,3.6257550296472356,-2.7986868941322243,1.6467157416102316,1.921481056865869,-0.061712787629130225,0.4549567720375658,4.685658447211304,3.342096399488903,-0.6183981600103289,0.07241488815661119,0.5596643703778375,-1.144083846957926,2.011001067086627,0.043589990272115825,1.444431902291796,-5.178656836449317,-0.6913023960614865,-2.2582762466774406,-0.5980484556029645,-3.598615769591859,2.101062518377692,2.141989973065475,-1.6094185548955333,1.9564307844058646,2.786013248724404,-0.08369838201073021,-1.2812999645820482,-0.8067815670352152,2.967613573247568,1.485948753009741,-1.6071132549659535,-1.936722569018315,0.854244708041924,-0.7178554217632619,0.8293325646440701,-1.8545860501326152,2.6289196216161246,-1.635222977651091,-0.023690771640561874,-0.27725576259336754,0.4259787780276882,-0.7642488845288784
4.5725300860363465,4.521716945057281,-3.6712420900608977,1.921481056865869,2.6986407723790573,-0.4941234698999471,0.708027373158341,6.352691785052203,4.542793386286767,-1.165510601766201,0.03855026930987789,1.356946105054609,-1.6080172612199595,2.6721694678378025,-0.5515258742803465,2.2854232982834874,-6.709548090262026,-0.9070638312537774,-2.7131606154646017,-0.6191269110481196,-4.571714951582003,2.19040117413105,2.793948508904255,-2.288542767081814,2.3643174467024863,3.826839896684761,0.07044530441930565,-1.6882673889818514,-1.2127752959888958,4.280278745884547,2.1093641475261737,-2.2425552854129474,-2.7983882337126524,1.0465053667407362,-0.9947713269789723,0.5281246662793615,-2.6159039343457495,3.743885290942818,-2.217962590742694,-0.18283766072669497,-0.4146789136193711,0.7465264368766137,-1.2659578352299468
0.21190086758740342,-0.568801111664053,0.2537081009268331,-0.061712787629130225,-0.4941234698999471,0.7179902170681896,-0.3586323793910302,-0.61723717989075,0.01100565033981305,0.43210832336351146,0.1510763966122322,-0.5172260301952595,0.4368304358530029,0.10468751249338702,0.5715272618385885,-0.7482824691104422,-0.024546327796552886,0.2583308123695429,0.10225254802484453,-0.5711575133175846,0.2100079250328101,0.3500878029832293,-0.21134560619582018,0.6239233854592351,0.1576947800592323,-0.29888573016350056,-0.25927938915841303,-0.021204033787838,0.10905468482189566,-0.7595126996865788,-0.7801945394752469,0.8253540312739498,0.5914491489054091,0.13793936310195531,0.2517236480354164,1.0696177732699281,0.24927821509337225,-0.5699034935558209,0.20496598994644022,0.11660307930690679,0.08089612963563202,-0.10174020672049307,0.4124205667815652
0.8355466719840041,1.094641809823694,-0.9231142797519948,0.4549567720375658,0.708027373158341,-0.3586323793910302,0.3497656787412422,1.385658630483971,0.8719304908062492,-0.21777571880208443,-0.0853905651386498,0.23768175578914247,-0.47615525306376455,0.41465840192025494,-0.13470065063409714,0.8394691897447779,-1.310461982367715,-0.26952259225560876,-0.5634522332150916,0.16441075021546556,-1.0707602893356736,0.45441785099037885,0.6302029698370019,-0.708819141703299,0.5535259537259972,0.7966276664119152,0.015977252494109712,-0.40610533249557346,-0.3135011013210018,1.2458461050179932,0.8151319379982025,-0.8325798950101526,-0.8139348100704333,0.09758552514095489,-0.3625711615470547,-0.2967341615006031,-0.541137954104078,0.795638632633277,-0.5673969557948825,-0.01987481153637619,-0.15486316308732725,0.02924156276327898,-0.373122669374664
11.797727540217675,10.750428408067766,-8.956686330302528,4.685658447211304,6.352691785052203,-0.61723717989075,1.385658630483971,15.533061454991474,11.572803596045544,-2.6990471751162617,0.27262829014674317,3.217070491325676,-3.622230755641018,6.924576384776324,-1.0721859980612776,5.0366216764708325,-16.972461288419805,-2.0249861157251674,-6.671601868356141,-2.181323958559458,-11.234539072899548,5.656191222054685,6.831810805210539,-5.156710760666763,6.011001830538822,9.469203826394935,0.030065385320427854,-4.2406281292374635,-2.984878641504476,10.074971474722952,4.464887992817594,-4.770389296457873,-6.498304921384053,2.8041785365919156,-2.2486215268308154,2.34130640859431,-6.4527532082314005,9.04370232274567,-5.383628210979273,-0.4428718054437576,-0.9716060212362865,1.931621127670944,-2.8484303136304194
10.1881727100283,7.033378003522075,-7.192099009729679,3.342096399488903,4.542793386286767,0.01100565033981305,0.8719304908062492,11.572803596045544,9.794708311546872,-1.5210992926707265,0.3196856816187647,2.2668837849123946,-2.2435697594922384,5.670333792935975,-0.37853457480557834,3.8669997173148944,-13.695376390821385,-1.143320803864853,-4.605941610365689,-2.3509626946533735,-8.715931890312023,4.627224630133266,5.097836663081311,-3.4260780082127775,5.3366756760908745,7.345136466587463,-0.3336655375500773,-3.7649147621113626,-2.7028940927017047,8.045068671127297,2.709309986832508,-2.7851396326404476,-4.840290904821239,2.1751451421929042,-1.8536054182241433,2.966767762993679,-4.967772620797484,6.3513110164296105,-4.340367527279645,-0.3737480723162478,-0.9876752551429921,1.2488985314524907,-1.9223516726205918
-1.383880382802201,-1.9728470044874142,1.076874592936379,-0.6183981600103289,-1.165510601766201,0.43210832336351146,-0.21777571880208443,-2.6990471751162617,-1.5210992926707265,1.0144659303988899,-0.027524378393211223,-1.1414886652856864,0.7981516282375857,-1.0536124035025871,0.8692033056327972,-0.7502744537960644,2.3055251172722206,0.44606823240007215,1.110193972640086,0.13063670667514748,1.4648113942837104,-0.2787685115920073,-1.0802668927801842,0.9996556777537785,-0.33779915237577024,-1.5663262335135166,-0.32740218526702913,0.35023001626685846,0.3156610860789483,-1.3727624587993124,-0.8417585077251117,0.9584704737234631,1.071981138187753,-0.47954393213921237,0.16758761288319388,0.3135003782858942,1.1432608570937999,-1.9325494856609768,0.6833688714114807,0.18103340566224563,-0.0042540024597073345,-0.69090897905744,0.6888055941534864
0.3549044431052912,0.10713703561624745,-0.13174228452861386,0.07241488815661119,0.03855026930987789,0.1510763966122322,-0.0853905651386498,0.27262829014674317,0.3196856816187647,-0.027524378393211223,0.06550584469961378,0.0560291982531908,0.027453913923697604,0.22731800510992994,0.042789074796912546,-0.0879427738620682,-0.4330400167393231,0.01462494562332789,-0.12709551018703108,-0.23211508847652126,-0.18788241983723478,0.16739018838330175,0.11395015388479796,0.037023143826855294,0.14867045288831104,0.2046108906457051,-0.0160180518131508,-0.08079584624623412,-0.046859362503046724,0.043303280786147424,-0.1392604987380135,0.1271389585429535,-0.00501257123221572,0.11952221102406611,0.010446600571872279,0.3445777177535711,-0.13245749912032498,0.14143864782085766,-0.06739232084281337,-0.022463460814385303,-0.0056467653844306295,0.08155318418339841,0.025209176876838758
2.1325850892601292,1.8221700953151596,-1.4495821829810716,0.5596643703778375,1.356946105054609,-0.5172260301952595,0.23768175578914247,3.217070491325676,2.2668837849123946,-1.1414886652856864,0.0560291982531908,1.548328177124975,-0.7943563085303806,1.415463531863677,-1.0995670804207363,1.091166972754554,-3.016938736613641,-0.3909287487415204,-1.0356864810988082,-0.3475314348711114,-1.7620641606746144,0.24247469108313413,1.2452523498853805,-1.0857448390549822,0.6357522389145239,2.0076882337356916,0.34043288891021184,-0.6271623273292898,-0.6138156627066704,1.979687658390661,0.8107972828003905,-0.8890970012621021,-1.3595689412642193,0.5466011740752493,-0.3167739625703432,-0.13449015302951944,-1.465385009702441,2.21971150174899,-0.9503374061836714,-0.31141572396807576,-0.13426048852065003,0.8044274381488733,-0.8289078083789644
-2.197256541358197,-2.8691026879231605,1.959828433790418,-1.144083846957926,-1.6080172612199595,0.4368304358530029,-0.47615525306376455,-3.622230755641018,-2.2435697594922384,0.7981516282375857,0.027453913923697604,-0.7943563085303806,1.068556130279974,-1.3639724046583201,0.43962650226283556,-1.30967808479072,3.5197481982902743,0.6239578379461078,1.6547333900270151,0.10912550047779115,2.5241453043958266,-1.1265347874196354,-1.5957037272365602,1.4467749516281108,-1.1042800890727171,-2.0867877663396373,-0.12853895863816583,0.8043259593131217,0.5618827078521923,-2.3175365699557133,-1.4269830715871532,1.540210485570733,1.6212738484804485,-0.5591872164233342,0.5163102957078647,0.10511238228403379,1.4410740682603307,-2.2408027187525428,1.1806935909104317,0.07460903726837693,0.15791345463599776,-0.4634084081707838,0.7971127890387367
5.897253686750099,4.367118928975906,-4.077659172715433,2.011001067086627,2.6721694678378025,0.10468751249338702,0.41465840192025494,6.924576384776324,5.670333792935975,-1.0536124035025871,0.22731800510992994,1.415463531863677,-1.3639724046583201,3.412041544993062,-0.32439573127606336,2.0109985068355876,-8.075790810848282,-0.7076354883376997,-2.8777625352007417,-1.4651738384114308,-5.082628069545771,2.6849979104755457,3.0383422321100357,-1.9834374696367671,2.9482631104606267,4.339933270275835,-0.13863884542990118,-2.089684515638563,-1.458342979050964,4.4191143218642335,1.5085982789124275,-1.582710189533198,-2.732404270790016,1.3942861441079577,-0.9138101200945623,1.7796604266525713,-2.9517795794158874,3.9105580358129273,-2.4521353525776837,-0.20127310523189837,-0.4543436129103875,0.8992278786232837,-1.1326696737166575
-0.17269692945870058,-0.5896428891261091,0.11284598708739235,0.043589990272115825,-0.5515258742803465,0.5715272618385885,-0.13470065063409714,-1.0721859980612776,-0.37853457480557834,0.8692033056327972,0.042789074796912546,-1.0995670804207363,0.43962650226283556,-0.32439573127606336,1.067896794860716,-0.4311244488714956,0.42500713224581255,0.19696535121368042,0.2066150007939226,-0.18395071100617874,0.159184256941101,0.6473295365647763,-0.3130587333181952,0.5088805652192919,0.39587297564983565,-0.6041865920104902,-0.38074245949633223,-0.06822982119126024,0.09661011639354337,-0.5049615115593653,-0.43402204783776116,0.4772320791442505,0.5015862161527608,-0.12665573570667707,-0.06185959101879094,0.8612501145024312,0.5252533200100897,-1.0562215279560465,0.150112410168153,0.19541045478512684,-0.0813690009898752,-0.55585921489901,0.5202576840108287
3.8620993708435862,3.2688568866499654,-3.299524956458171,1.444431902291796,2.2854232982834874,-0.7482824691104422,0.8394691897447779,5.0366216764708325,3.8669997173148944,-0.7502744537960644,-0.0879427738620682,1.091166972754554,-1.30967808479072,2.0109985068355876,-0.4311244488714956,2.5289095199562146,-5.385913751109826,-0.6986158511931736,-1.8580129231760973,-0.22392804596067883,-3.8059618155745065,1.7018914479269571,2.2168539040451196,-2.032627757092175,2.216399115130484,3.111198186407641,-0.010064436155081971,-1.6208199551211229,-1.274379524003537,4.225625734829233,2.032392251765507,-2.0732233681615635,-2.6136476939847673,0.6009078673812382,-1.1628078701918543,0.08996681895754834,-2.119304439543933,2.81998174773059,-2.033633430533262,-0.19959746158586877,-0.5817374445915756,0.3288572752599036,-1.1337564416545196
-14.236736388210419,-11.110806803800115,10.320015423089846,-5.178656836449317,-6.709548090262026,-0.024546327796552886,-1.310461982367715,-16.972461288419805,-13.695376390821385,2.3055251172722206,-0.4330400167393231,-3.016938736613641,3.5197481982902743,-8.075790810848282,0.42500713224581255,-5.385913751109826,19.703648402151558,1.8936997387261885,7.188907852753554,3.1628606350520685,12.783829503114886,-6.952557452259412,-7.543137149760716,5.184745333892433,-7.5050595518430825,-10.563058860019021,0.42279220587934674,5.220761030535175,3.6144806358625865,-11.30732932503405,-4.265761018803605,4.4714266970688294,6.98551350184315,-3.2218215226718594,2.566303198778551,-4.019698334530325,7.1298988903898435,-9.423494687322142,6.1757689996646175,0.40679113518343185,1.2516396886843844,-1.8415122680745133,2.799547521720481
-1.1037086052128013,-1.7417644358946531,1.0726854607667677,-0.6913023960614865,-0.9070638312537774,0.2583308123695429,-0.26952259225560876,-2.0249861157251674,-1.143320803864853,0.44606823240007215,0.01462494562332789,-0.3909287487415204,0.6239578379461078,-0.7076354883376997,0.19696535121368042,-0.6986158511931736,1.8936997387261885,0.39904972867148236,0.9889021195616204,0.01112187403954824,1.41502927651948,-0.6802026665653536,-0.9017634689379237,0.8431068226920755,-0.5876864667147345,-1.145756163652458,-0.10069963938298748,0.3909306523957226,0.25919307771492406,-1.2438225911392398,-0.8437263978287928,0.9340032484982812,0.894618981908629,-0.30697317096312143,0.3087907011632233,0.08952951492917671,0.7801412271641942,-1.2633449148438436,0.636499695054167,0.043061305040043865,0.08190512007306434,-0.24746182840534853,0.4279442206818968
-4.726176663246596,-5.173571154176836,3.7394381613743306,-2.2582762466774406,-2.7131606154646017,0.10225254802484453,-0.5634522332150916,-6.671601868356141,-4.605941610365689,1.110193972640086,-0.12709551018703108,-1.0356864810988082,1.6547333900270151,-2.8777625352007417,0.2066150007939226,-1.8580129231760973,7.188907852753554,0.9889021195616204,3.2220725355884876,0.872029987781017,4.907377848629586,-2.7223792458380793,-3.0039438273758368,2.2465452817641647,-2.480863098055287,-3.9386263970272566,0.00806400591444588,1.661352802634826,1.0412559205320713,-3.9290328739121225,-2.0092151444763675,2.2034313036030633,2.6483176845553484,-1.2730885450998448,0.8461945410751927,-1.0465657186784874,2.6566022340755375,-3.8959116175659485,2.191373362849201,0.062283374464777046,0.2813893556610126,-0.8026179413445697,1.1327311150598938
-2.5789014394109855,-0.973016028616299,1.3593818911296713,-0.5980484556029645,-0.6191269110481196,-0.5711575133175846,0.16441075021546556,-2.181323958559458,-2.3509626946533735,0.13063670667514748,-0.23211508847652126,-0.3475314348711114,0.10912550047779115,-1.4651738384114308,-0.18395071100617874,-0.22392804596067883,3.1628606350520685,0.01112187403954824,0.872029987781017,1.1060134586611248,1.7016419596229775,-1.1514184487675514,-0.959489937544965,0.21339673812552473,-1.257615907415647,-1.507302572802175,0.21377951733872963,0.8466884027195178,0.5548244905468658,-1.1826647241379147,0.16967728549709363,-0.188561612049835,0.5926236758605695,-0.6441256156527554,0.17653450276729413,-1.5871532060757962,1.0013262716014564,-1.0804486831833051,0.7978608133275225,0.06935052725893515,0.15645090450179083,-0.33301815053548856,0.12905300167746578
-9.024472412020751,-7.780092470382306,6.9122623741741895,-3.598615769591859,-4.571714951582003,0.2100079250328101,-1.0707602893356736,-11.234539072899548,-8.715931890312023,1.4648113942837104,-0.18788241983723478,-1.7620641606746144,2.5241453043958266,-5.082628069545771,0.159184256941101,-3.8059618155745065,12.783829503114886,1.41502927651948,4.907377848629586,1.7016419596229775,8.581321427509259,-4.72686704452115,-5.047409230208404,3.6999869148936817,-4.952360862535488,-6.886725401324198,0.2633633193547187,3.397006517323682,2.3200439922648557,-7.647164956869414,-3.280469212774724,3.4527636766514576,4.789549579377726,-2.0070936421095698,1.8395656406978482,-2.2076985381648364,4.626327052625422,-6.223176268641031,4.119287645535542,0.20407458181467333,0.8493593778863602,-1.0505684970492317,1.9112171904457256
4.944279371166315,4.111851589117186,-3.765235073372323,2.101062518377692,2.19040117413105,0.3500878029832293,0.45441785099037885,5.656191222054685,4.627224630133266,-0.2787685115920073,0.16739018838330175,0.24247469108313413,-1.1265347874196354,2.6849979104755457,0.6473295365647763,1.7018914479269571,-6.952557452259412,-0.6802026665653536,-2.7223792458380793,-1.1514184487675514,-4.72686704452115,3.1499244805552156,2.6576315228658163,-1.7106201136609827,3.011800121043954,3.4889844315127725,-0.3873481334510441,-1.9028637600089942,-1.1751493544327685,3.810035352000817,1.4877712449386111,-1.575368604318487,-2.2867226393488362,1.1063689972136115,-1.0108712032825566,1.9234800144097284,-2.2589668284338345,2.852301437345497,-2.173156579022742,0.02549382618241413,-0.4849897915601584,0.2754667733363439,-0.6943080664789537
5.228948475112335,4.822264617553018,-4.014786931474793,2.141989973065475,2.793948508904255,-0.21134560619582018,0.6302029698370019,6.831810805210539,5.097836663081311,-1.0802668927801842,0.11395015388479796,1.2452523498853805,-1.5957037272365602,3.0383422321100357,-0.3130587333181952,2.2168539040451196,-7.543137149760716,-0.9017634689379237,-3.0039438273758368,-0.959489937544965,-5.047409230208404,2.6576315228658163,3.039181338155272,-2.2777277817534394,2.7507430030014297,4.149975380362315,-0.04993401662373112,-1.9084443999305516,-1.3084448531053556,4.45518849644717,2.0094899545935188,-2.1384074811044638,-2.862621837048376,1.2355712563784012,-1.0140744474666215,1.112326149548795,-2.8097533401216106,3.916164520952513,-2.3986683560370032,-0.14766905654435702,-0.4358231698267212,0.770146856327411,-1.2151062142930977
-3.3853204737221705,-3.8970842198436495,2.971063561785882,-1.6094185548955333,-2.288542767081814,0.6239233854592351,-0.708819141703299,-5.156710760666763,-3.4260780082127775,0.9996556777537785,0.037023143826855294,-1.0857448390549822,1.4467749516281108,-1.9834374696367671,0.5088805652192919,-2.032627757092175,5.184745333892433,0.8431068226920755,2.2465452817641647,0.21339673812552473,3.6999869148936817,-1.7106201136609827,-2.2777277817534394,2.047213525325456,-1.80984362959443,-3.042489632485926,-0.12401839309745957,1.2886017962925067,0.9345067773643375,-3.572967666973624,-2.010681761782692,2.1458322513340677,2.389775996696737,-0.7559992034872081,0.8817703754891755,-0.011474215278271053,2.0805457717753786,-3.0861137147149917,1.795688329334339,0.1401882368589463,0.3412054197741943,-0.5554076303614826,1.1075375829575096
5.648428560165582,3.735634606594586,-4.153974446909623,1.9564307844058646,2.3643174467024863,0.1576947800592323,0.5535259537259972,6.011001830538822,5.3366756760908745,-0.33779915237577024,0.14867045288831104,0.6357522389145239,-1.1042800890727171,2.9482631104606267,0.39587297564983565,2.216399115130484,-7.5050595518430825,-0.5876864667147345,-2.480863098055287,-1.257615907415647,-4.952360862535488,3.011800121043954,2.7507430030014297,-1.80984362959443,3.3339362419887824,3.8476668932022218,-0.4043700012412832,-2.2288806162041737,-1.5409675529706701,4.562397699789923,1.5308980393842866,-1.5444152827498416,-2.6301225466843046,1.0767551794157413,-1.2229143121681945,1.9388205441200357,-2.5289825644704362,3.0075530459636592,-2.466402811577616,-0.10387699254820632,-0.6757850749769898,0.29736415315193576,-0.8617820907472103
7.514445921020133,6.271152881849705,-5.568042699878597,2.786013248724404,3.826839896684761,-0.29888573016350056,0.7966276664119152,9.469203826394935,7.345136466587463,-1.5663262335135166,0.2046108906457051,2.0076882337356916,-2.0867877663396373,4.339933270275835,-0.6041865920104902,3.111198186407641,-10.563058860019021,-1.145756163652458,-3.9386263970272566,-1.507302572802175,-6.886725401324198,3.4889844315127725,4.149975380362315,-3.042489632485926,3.8476668932022218,5.863974541563126,-0.026902284173009283,-2.7088578949588067,-1.9449275797586465,6.28921370323418,2.543872527065321,-2.7054800072628242,-3.9651832063824526,1.7198986329941681,-1.4374179923839692,1.7113149709504372,-3.987835299191915,5.440097963042438,-3.3533642778195514,-0.3201960449952073,-0.674454657544462,1.156942523356691,-1.6932376126430435
-0.4664134732530259,0.14851132785253163,0.2502112342064683,-0.08369838201073021,0.07044530441930565,-0.25927938915841303,0.015977252494109712,0.030065385320427854,-0.3336655375500773,-0.32740218526702913,-0.0160180518131508,0.34043288891021184,-0.12853895863816583,-0.13863884542990118,-0.38074245949633223,-0.010064436155081971,0.42279220587934674,-0.10069963938298748,0.00806400591444588,0.21377951733872963,0.2633633193547187,-0.3873481334510441,-0.04993401662373112,-0.12401839309745957,-0.4043700012412832,-0.026902284173009283,0.23122631156264536,0.25295229745289266,0.12231233763509897,-0.15087112333840616,0.10799960974448082,-0.1748259079434862,-0.013039442036408918,-0.03571113198887269,0.05167566193362458,-0.4791924596804255,-0.015998768405892278,0.2319852037818603,0.13527643213181095,-0.09053477403782173,0.06629220393109932,0.18592608268853927,-0.11765901898073414
-3.9633392447736377,-2.5128213453296784,2.8637520514847337,-1.2812999645820482,-1.6882673889818514,-0.021204033787838,-0.40610533249557346,-4.2406281292374635,-3.7649147621113626,0.35023001626685846,-0.08079584624623412,-0.6271623273292898,0.8043259593131217,-2.089684515638563,-0.06822982119126024,-1.6208199551211229,5.220761030535175,0.3909306523957226,1.661352802634826,0.8466884027195178,3.397006517323682,-1.9028637600089942,-1.9084443999305516,1.2886017962925067,-2.2288806162041737,-2.7088578949588067,0.25295229745289266,1.565075442299265,1.1109750444213164,-3.2354067821147665,-1.097986826280183,1.0838317910728468,1.8867387513834581,-0.7485132756664293,0.8048125097534712,-1.1778641687897806,1.813040109530897,-2.186003418773668,1.727516733167996,0.08855222218227736,0.4495953278224432,-0.28369282469908896,0.6898955106112166
-2.8017647844963984,-1.6086702611657235,2.0212550579425965,-0.8067815670352152,-1.2127752959888958,0.10905468482189566,-0.3135011013210018,-2.984878641504476,-2.7028940927017047,0.3156610860789483,-0.046859362503046724,-0.6138156627066704,0.5618827078521923,-1.458342979050964,0.09661011639354337,-1.274379524003537,3.6144806358625865,0.25919307771492406,1.0412559205320713,0.5548244905468658,2.3200439922648557,-1.1751493544327685,-1.3084448531053556,0.9345067773643375,-1.5409675529706701,-1.9449275797586465,0.12231233763509897,1.1109750444213164,0.850114297037049,-2.4187903074832415,-0.7807360428581591,0.7697107382866444,1.3963017911024707,-0.47950877853448926,0.6269850762831853,-0.7113348884286009,1.315276195390235,-1.56738185108694,1.2382139584738867,0.12879808594184575,0.3662528771307338,-0.22578550963611496,0.5388213500041065
8.205170355945562,6.468069843497159,-6.455631271144066,2.967613573247568,4.280278745884547,-0.7595126996865788,1.2458461050179932,10.074971474722952,8.045068671127297,-1.3727624587993124,0.043303280786147424,1.979687658390661,-2.3175365699557133,4.4191143218642335,-0.5049615115593653,4.225625734829233,-11.30732932503405,-1.2438225911392398,-3.9290328739121225,-1.1826647241379147,-7.647164956869414,3.810035352000817,4.45518849644717,-3.572967666973624,4.562397699789923,6.28921370323418,-0.15087112333840616,-3.2354067821147665,-2.4187903074832415,7.737337125274868,3.288233745398846,-3.386309213746838,-4.737380743909246,1.5264937660198132,-2.0180996528367627,1.357582487288627,-4.253495490437358,5.567711814597448,-3.924607105295703,-0.3511368707856409,-1.0223274713199895,0.8222732057901404,-1.9525436406435663
2.6340515244797267,3.648631293080161,-2.6404117586957176,1.485948753009741,2.1093641475261737,-0.7801945394752469,0.8151319379982025,4.464887992817594,2.709309986832508,-0.8417585077251117,-0.1392604987380135,0.8107972828003905,-1.4269830715871532,1.5085982789124275,-0.43402204783776116,2.032392251765507,-4.265761018803605,-0.8437263978287928,-2.0092151444763675,0.16967728549709363,-3.280469212774724,1.4877712449386111,2.0094899545935188,-2.010681761782692,1.5308980393842866,2.543872527065321,0.10799960974448082,-1.097986826280183,-0.7807360428581591,3.288233745398846,2.164606697602534,-2.2754993713182845,-2.243503489152614,0.5408110916005407,-0.8537887150120419,-0.4830197114065187,-1.7366153838533192,2.675405144205129,-1.6009755483478634,-0.05905328919883343,-0.3053873346386063,0.35336551200964267,-1.0573533024067279
-2.678423523128229,-3.993522459329923,2.7429621089305205,-1.6071132549659535,-2.2425552854129474,0.8253540312739498,-0.8325798950101526,-4.770389296457873,-2.7851396326404476,0.9584704737234631,0.1271389585429535,-0.8890970012621021,1.540210485570733,-1.582710189533198,0.4772320791442505,-2.0732233681615635,4.4714266970688294,0.9340032484982812,2.2034313036030633,-0.188561612049835,3.4527636766514576,-1.575368604318487,-2.1384074811044638,2.1458322513340677,-1.5444152827498416,-2.7054800072628242,-0.1748259079434862,1.0838317910728468,0.7697107382866444,-3.386309213746838,-2.2754993713182845,2.440807977773185,2.3495214250969343,-0.5878221734094641,0.8956641923206154,0.5095710947851643,1.8462991016634944,-2.8995944665099214,1.6485649679485317,0.0822617692381287,0.3009229861644969,-0.42290443410540823,1.1115145002070874
-4.882675044951431,-4.4409167255671225,3.9536458846876115,-1.936722569018315,-2.7983882337126524,0.5914491489054091,-0.8139348100704333,-6.498304921384053,-4.840290904821239,1.071981138187753,-0.00501257123221572,-1.3595689412642193,1.6212738484804485,-2.732404270790016,0.5015862161527608,-2.6136476939847673,6.98551350184315,0.894618981908629,2.6483176845553484,0.5926236758605695,4.789549579377726,-2.2867226393488362,-2.862621837048376,2.389775996696737,-2.6301225466843046,-3.9651832063824526,-0.013039442036408918,1.8867387513834581,1.3963017911024707,-4.737380743909246,-2.243503489152614,2.3495214250969343,3.0129063011904242,-0.9887883830220728,1.182262654034087,-0.536488514649569,2.702764542380635,-3.732796692430367,2.401895428898471,0.20792215608122155,0.5435455683859589,-0.6381659694072177,1.3209657054851582
2.272585312276593,1.9122633272000538,-1.5274854923888095,0.854244708041924,1.0465053667407362,0.13793936310195531,0.09758552514095489,2.8041785365919156,2.1751451421929042,-0.47954393213921237,0.11952221102406611,0.5466011740752493,-0.5591872164233342,1.3942861441079577,-0.12665573570667707,0.6009078673812382,-3.2218215226718594,-0.30697317096312143,-1.2730885450998448,-0.6441256156527554,-2.0070936421095698,1.1063689972136115,1.2355712563784012,-0.7559992034872081,1.0767551794157413,1.7198986329941681,-0.03571113198887269,-0.7485132756664293,-0.47950877853448926,1.5264937660198132,0.5408110916005407,-0.5878221734094641,-0.9887883830220728,0.633171278505174,-0.2524022558441308,0.7763522885660525,-1.1705280461644871,1.6334098302501954,-0.9062881869830239,-0.05439783840604019,-0.09966470973949051,0.43728541450434066,-0.42299648420312463
-1.8788282898964221,-1.4498257112685928,1.62618350859801,-0.7178554217632619,-0.9947713269789723,0.2517236480354164,-0.3625711615470547,-2.2486215268308154,-1.8536054182241433,0.16758761288319388,0.010446600571872279,-0.3167739625703432,0.5163102957078647,-0.9138101200945623,-0.06185959101879094,-1.1628078701918543,2.566303198778551,0.3087907011632233,0.8461945410751927,0.17653450276729413,1.8395656406978482,-1.0108712032825566,-1.0140744474666215,0.8817703754891755,-1.2229143121681945,-1.4374179923839692,0.05167566193362458,0.8048125097534712,0.6269850762831853,-2.0180996528367627,-0.8537887150120419,0.8956641923206154,1.182262654034087,-0.2524022558441308,0.6674380850609531,-0.3262538804090375,0.9421776302476289,-1.1444686465591085,0.9772802272133899,0.10884359982601151,0.35606886014261613,-0.030332963255277238,0.4132614593112244
3.374218658358628,0.9660127078321413,-1.7904673269597575,0.8293325646440701,0.5281246662793615,1.0696177732699281,-0.2967341615006031,2.34130640859431,2.966767762993679,0.3135003782858942,0.3445777177535711,-0.13449015302951944,0.10511238228403379,1.7796604266525713,0.8612501145024312,0.08996681895754834,-4.019698334530325,0.08952951492917671,-1.0465657186784874,-1.5871532060757962,-2.2076985381648364,1.9234800144097284,1.112326149548795,-0.011474215278271053,1.9388205441200357,1.7113149709504372,-0.4791924596804255,-1.1778641687897806,-0.7113348884286009,1.357582487288627,-0.4830197114065187,0.5095710947851643,-0.536488514649569,0.7763522885660525,-0.3262538804090375,2.6471208711110576,-1.0634386544278223,0.8570237175512625,-0.9978013152009441,-0.011480423596024462,-0.2880514994101517,0.12575833269745212,0.1255762594687268
-5.064204619605704,-4.244853650982321,3.7344809256841702,-1.8545860501326152,-2.6159039343457495,0.24927821509337225,-0.541137954104078,-6.4527532082314005,-4.967772620797484,1.1432608570937999,-0.13245749912032498,-1.465385009702441,1.4410740682603307,-2.9517795794158874,0.5252533200100897,-2.119304439543933,7.1298988903898435,0.7801412271641942,2.6566022340755375,1.0013262716014564,4.626327052625422,-2.2589668284338345,-2.8097533401216106,2.0805457717753786,-2.5289825644704362,-3.987835299191915,-0.015998768405892278,1.813040109530897,1.315276195390235,-4.253495490437358,-1.7366153838533192,1.8462991016634944,2.702764542380635,-1.1705280461644871,0.9421776302476289,-1.0634386544278223,2.7280772441951235,-3.75413332332709,2.2596873997347617,0.2304829986821332,0.43624107176631555,-0.8402051755732403,1.191087902095935
6.366050668380275,6.411123639468663,-4.878355122231754,2.6289196216161246,3.743885290942818,-0.5699034935558209,0.795638632633277,9.04370232274567,6.3513110164296105,-1.9325494856609768,0.14143864782085766,2.21971150174899,-2.2408027187525428,3.9105580358129273,-1.0562215279560465,2.81998174773059,-9.423494687322142,-1.2633449148438436,-3.8959116175659485,-1.0804486831833051,-6.223176268641031,2.852301437345497,3.916164520952513,-3.0861137147149917,3.0075530459636592,5.440097963042438,0.2319852037818603,-2.186003418773668,-1.56738185108694,5.567711814597448,2.675405144205129,-2.8995944665099214,-3.732796692430367,1.6334098302501954,-1.1444686465591085,0.8570237175512625,-3.75413332332709,5.512564720197681,-2.952037257420693,-0.30993153479899327,-0.43099586059923695,1.3571978574178472,-1.782662336213807
-4.480192347693081,-3.5007756824460365,3.411476273964724,-1.635222977651091,-2.217962590742694,0.20496598994644022,-0.5673969557948825,-5.383628210979273,-4.340367527279645,0.6833688714114807,-0.06739232084281337,-0.9503374061836714,1.1806935909104317,-2.4521353525776837,0.150112410168153,-2.033633430533262,6.1757689996646175,0.636499695054167,2.191373362849201,0.7978608133275225,4.119287645535542,-2.173156579022742,-2.3986683560370032,1.795688329334339,-2.466402811577616,-3.3533642778195514,0.13527643213181095,1.727516733167996,1.2382139584738867,-3.924607105295703,-1.6009755483478634,1.6485649679485317,2.401895428898471,-0.9062881869830239,0.9772802272133899,-0.9978013152009441,2.2596873997347617,-2.952037257420693,2.0596326115064247,0.14496071555897225,0.4901419904520837,-0.4673940367567003,0.963713619036823
-0.33181751654588965,-0.1382168803643812,0.21146180395472233,-0.023690771640561874,-0.18283766072669497,0.11660307930690679,-0.01987481153637619,-0.4428718054437576,-0.3737480723162478,0.18103340566224563,-0.022463460814385303,-0.31141572396807576,0.07460903726837693,-0.20127310523189837,0.19541045478512684,-0.19959746158586877,0.40679113518343185,0.043061305040043865,0.062283374464777046,0.06935052725893515,0.20407458181467333,0.02549382618241413,-0.14766905654435702,0.1401882368589463,-0.10387699254820632,-0.3201960449952073,-0.09053477403782173,0.08855222218227736,0.12879808594184575,-0.3511368707856409,-0.05905328919883343,0.0822617692381287,0.20792215608122155,-0.05439783840604019,0.10884359982601151,-0.011480423596024462,0.2304829986821332,-0.30993153479899327,0.14496071555897225,0.10721179190016653,0.06943487388399908,-0.1252956369174388,0.11416651187938522
-1.0210565387061992,-0.45600142889584955,0.8060200050683426,-0.27725576259336754,-0.4146789136193711,0.08089612963563202,-0.15486316308732725,-0.9716060212362865,-0.9876752551429921,-0.0042540024597073345,-0.0056467653844306295,-0.13426048852065003,0.15791345463599776,-0.4543436129103875,-0.0813690009898752,-0.5817374445915756,1.2516396886843844,0.08190512007306434,0.2813893556610126,0.15645090450179083,0.8493593778863602,-0.4849897915601584,-0.4358231698267212,0.3412054197741943,-0.6757850749769898,-0.674454657544462,0.06629220393109932,0.4495953278224432,0.3662528771307338,-1.0223274713199895,-0.3053873346386063,0.3009229861644969,0.5435455683859589,-0.09966470973949051,0.35606886014261613,-0.2880514994101517,0.43624107176631555,-0.43099586059923695,0.4901419904520837,0.06943487388399908,0.22002734998862078,0.03188068156435871,0.15875665596259195
1.2057222336410969,1.2959522789774967,-0.743856672631189,0.4259787780276882,0.7465264368766137,-0.10174020672049307,0.02924156276327898,1.931621127670944,1.2488985314524907,-0.69090897905744,0.08155318418339841,0.8044274381488733,-0.4634084081707838,0.8992278786232837,-0.55585921489901,0.3288572752599036,-1.8415122680745133,-0.24746182840534853,-0.8026179413445697,-0.33301815053548856,-1.0505684970492317,0.2754667733363439,0.770146856327411,-0.5554076303614826,0.29736415315193576,1.156942523356691,0.18592608268853927,-0.28369282469908896,-0.22578550963611496,0.8222732057901404,0.35336551200964267,-0.42290443410540823,-0.6381659694072177,0.43728541450434066,-0.030332963255277238,0.12575833269745212,-0.8402051755732403,1.3571978574178472,-0.4673940367567003,-0.1252956369174388,0.03188068156435871,0.5499449751107551,-0.41455312638026404
-1.8760979570955647,-1.9831897884800118,1.5472076244195376,-0.7642488845288784,-1.2659578352299468,0.4124205667815652,-0.373122669374664,-2.8484303136304194,-1.9223516726205918,0.6888055941534864,0.025209176876838758,-0.8289078083789644,0.7971127890387367,-1.1326696737166575,0.5202576840108287,-1.1337564416545196,2.799547521720481,0.4279442206818968,1.1327311150598938,0.12905300167746578,1.9112171904457256,-0.6943080664789537,-1.2151062142930977,1.1075375829575096,-0.8617820907472103,-1.6932376126430435,-0.11765901898073414,0.6898955106112166,0.5388213500041065,-1.9525436406435663,-1.0573533024067279,1.1115145002070874,1.3209657054851582,-0.42299648420312463,0.4132614593112244,0.1255762594687268,1.191087902095935,-1.782662336213807,0.963713619036823,0.11416651187938522,0.15875665596259195,-0.41455312638026404,0.6828578232656198
