V1,V2,V3,V4,V5,V6,V7,V8,V9,V10,V11,V12,V13,V14,V15,V16,V17,V18,V19,V20,V21,V22,V23,V24,V25,V26,V27,V28,V29,V30,V31,V32,V33,V34,V35,V36,V37,V38,V39,V40,V41,V42,V43
37.416273077682135,30.715427698837743,-27.963395834113136,13.647190867144289,19.17182440127607,-1.9093947194514382,4.444294837140924,46.71286719963099,36.41094601731905,-7.3860299263610525,0.7233753893885043,9.91936507140595,-10.47330788946299,21.240950162973714,-3.0701862902846155,16.237592154787166,-52.11918104833588,-5.681832685896969,-19.19201539532104,-7.001952497749861,-34.206081599396924,17.246362916661486,20.454368847764933,-15.454545499517119,19.27262706100149,29.053379715579165,-0.26033518809031736,-13.735155374112308,-9.931893244761763,32.01983993501095,13.320061438008073,-13.86854476494915,-20.023652202502454,8.228809984886878,-7.408070645327379,7.679069361309778,-19.70927967054044,26.548409592301834,-16.913430016168167,-1.4673871698993366,-3.6001161334161846,5.38511092877533,-8.738990824692756
30.715427698837743,31.663348215267497,-24.236837375664898,14.00971687426901,17.007220868784625,-0.5981222194010338,3.788929774772782,41.84135151252729,29.862298492664753,-6.5002386750439065,0.8063663927698218,6.3989365020977065,-10.054369339298761,18.135793650473925,-0.9690564970162361,12.361102848879362,-45.808380746774965,-6.052489851903717,-19.62310651972573,-5.618673119315997,-31.12686469011392,17.485688441558334,18.873065093347343,-13.994265035720522,16.557055846636764,24.983395478783677,-0.2678050081339127,-11.077680149067959,-7.097062967272997,25.79992048173168,12.435557778378039,-13.673617494672683,-16.810543957707736,7.809746944174657,-5.813126756852361,7.090899979619223,-16.666492261544192,24.044083253874227,-14.202362110422195,-0.502930558358072,-2.197648028266946,4.714096810375937,-7.223339921465502
-27.963395834113136,-24.236837375664898,21.41141783906061,-10.742414030419583,-14.638138806311956,1.3192426942601923,-3.57539210879724,-35.73328271094095,-27.42555018286755,5.844696285224875,-0.6398384168317616,-7.135540738784433,8.150208905242259,-15.89202758593485,2.142284240004971,-12.288279224592543,39.71510523138479,4.517880523904053,14.915111701118011,4.969046084998851,26.223220700629593,-13.491168998604547,-15.81664522752634,11.80972543666436,-14.794871066340876,-21.947177719503657,0.18852881249522355,10.404041349886224,7.366862342599633,-24.23715725281022,-10.175198159796704,11.054162007272408,15.119380015548373,-6.2294192834808735,5.543993031329903,-5.735694350629355,14.739174009320507,-20.466362951377192,12.742444400326558,0.98283366848197,2.5399925538863077,-4.118333833640026,6.75897290429497
13.647190867144289,14.00971687426901,-10.742414030419583,6.255427575609442,7.494776344666616,-0.21497638136912336,1.5908620215162914,18.55221099023318,13.29926188601576,-2.865123486933272,0.3931327400559633,2.742706883877546,-4.422971892746326,8.09611278264177,-0.32408507279921467,5.440191216551647,-20.403739401322145,-2.6498615842978626,-8.728796043705012,-2.562187954877251,-13.867341703609151,7.779914946345358,8.390246803620467,-6.135222233920457,7.399052313416504,11.040348880462819,-0.16533495094550055,-4.927659335452946,-3.1519740506830503,11.406925710105586,5.426074405737984,-5.994697495530069,-7.479487226145146,3.471868793652269,-2.594507907361565,3.321623544983755,-7.403907603678316,10.669434491386307,-6.295448628649293,-0.2380575195829164,-0.9591942263649087,2.052214085544679,-3.084507946258076
19.17182440127607,17.007220868784625,-14.638138806311956,7.494776344666616,10.219750443674673,-1.0454460852068874,2.3980613015895313,24.770492428114792,18.713024512863633,-3.9989144018079292,0.36240233954878254,4.978233296431916,-5.767804483864868,11.037157304326195,-1.5047841951959307,8.399882967792895,-27.26939426996914,-3.190249048276469,-10.563541360994499,-3.4379600140955744,-18.138416438263,9.282902287097519,10.914446612588932,-8.356184873318055,9.951770533746231,15.221709780476894,-0.07566619478883899,-6.999514037373387,-4.961584306503434,16.574281284769324,7.3451290904288795,-7.717313472394613,-10.550161717893953,4.377824808301559,-3.8172564334644377,3.759335501708973,-10.323470076944831,14.187481887403777,-8.7956533934589185,-0.660784153627499,-1.7465744660093692,2.840066369207294,-4.576761275471913
-1.9093947194514382,-0.5981222194010338,1.3192426942601923,-0.21497638136912336,-1.0454460852068874,0.8086543695423588,-0.27477791806865015,-2.1902773100183355,-2.0309100904553024,0.5827343695354724,0.07435124508039832,-1.1785791053397792,0.49606315067187584,-1.050464629886051,0.7930487556679376,-1.5199330459698936,2.2201182198336604,0.13060922607890862,0.3095980447667409,0.15136031783126175,1.3992116329930848,0.09472302914695652,-0.8257596242567333,0.8993835435889199,-0.7774375168656756,-1.4693343570796793,-0.09816373367453074,0.7349185209731597,0.8043964073929792,-2.2590431614368915,-0.8739367570142644,0.6731220066506147,1.4865840363912957,-0.1707061285962979,0.6195493807962875,0.31034701002015913,1.1985856054731283,-1.3895877528735487,0.9919841779374684,0.3494836436033997,0.369870330428355,-0.24516611502237162,0.5037078160845476
4.444294837140924,3.788929774772782,-3.57539210879724,1.5908620215162914,2.3980613015895313,-0.27477791806865015,0.8720775454472529,5.66821108887006,4.432628748770143,-1.06032192329886,0.09721670506104917,1.310059847935933,-1.3299555151357103,2.356674967248241,-0.5882521761752513,2.19880382282059,-6.237875371849509,-0.7051145490560949,-2.1588926900390315,-0.5764790097807787,-4.028016783228289,2.09408342478915,2.5150491450979824,-1.9369529035923825,2.453055223588146,3.550159473787529,0.030190477155807926,-1.7511175972178141,-1.2762798366194794,4.119944692346713,1.6303688580845779,-1.9162763443982203,-2.3394933920024497,0.8912040141586778,-0.8554558697430589,0.603572565100932,-2.2374286273506354,3.2595726373630436,-2.020900960460014,-0.11759497606237755,-0.4393247306291972,0.7217935169813168,-1.385512643296731
46.71286719963099,41.84135151252729,-35.73328271094095,18.55221099023318,24.770492428114792,-2.1902773100183355,5.66821108887006,60.510701486367864,45.640448865162654,-9.721613126050638,0.9973354079997202,11.66442677636696,-13.98194815093235,26.948977360195528,-3.223192939390659,20.17342240748179,-66.87018000022083,-7.8798551822205765,-25.97008505836469,-8.489233002990899,-44.52052841403495,23.04236828642765,26.780251495065176,-20.142825817954435,24.48972116337245,36.96037809691052,-0.29418394183085156,-17.135143443120814,-11.985912502831761,40.16020083348209,17.614251786394263,-18.80440188788584,-25.559970599994315,10.771917292460623,-9.27740092695658,9.720513698806384,-25.023068126171534,34.691115018437486,-21.424877867371634,-1.5892881703460076,-4.122572771375232,6.909210358399132,-11.00823410569755
36.41094601731905,29.862298492664753,-27.42555018286755,13.29926188601576,18.713024512863633,-2.0309100904553024,4.432628748770143,45.640448865162654,35.71450646870715,-7.4535004755956,0.7768693201687907,9.704292680327885,-10.217552850650616,20.6431434093466,-3.1093274753263516,16.18183288568804,-50.93037472077319,-5.493868856480045,-18.504007690042716,-6.633296766510711,-33.411592748673606,16.62302603964892,20.056032502327376,-15.030845636106966,18.99789465023163,28.26411149010455,-0.2677491280047884,-13.516943578728783,-9.82183897181752,31.581155976002144,12.910847979741588,-13.681852999390347,-19.702414377427292,7.898861929722135,-7.313511675456204,7.365374687920541,-19.18130846907826,26.106707234178067,-16.527803263788293,-1.513088238013522,-3.495765016880702,5.233101322644141,-8.5483952242369
-7.3860299263610525,-6.5002386750439065,5.844696285224875,-2.865123486933272,-3.9989144018079292,0.5827343695354724,-1.06032192329886,-9.721613126050638,-7.4535004755956,1.811350587003242,-0.18401899833529095,-2.031419222124301,2.2515764863827608,-4.191109765004531,0.7572617558736424,-3.624311884798646,10.687843692456747,1.237232390263012,3.8557615153514444,1.1072246419570726,7.082002021851002,-3.3956634147873364,-4.329183224593769,3.223051238882736,-4.0332771987751554,-5.861517974712823,0.007999097647694789,2.8621384760514275,2.076932768686554,-6.8251601821915076,-2.787159626622503,3.191021902202976,4.249566580708665,-1.56870058627553,1.5819514521328144,-1.2697748617822653,3.957337922397646,-5.721932395043206,3.4699308429087634,0.3491723479936964,0.6763156727131275,-1.1247969868233152,1.9093247496731554
0.7233753893885043,0.8063663927698218,-0.6398384168317616,0.3931327400559633,0.36240233954878254,0.07435124508039832,0.09721670506104917,0.9973354079997202,0.7768693201687907,-0.18401899833529095,0.0814170670107793,0.024439240356709812,-0.20585691862183927,0.41265243266665447,0.06986562277929549,0.2748886387599271,-1.1906594752468047,-0.12196555349621734,-0.4656634008691002,-0.13373192335359832,-0.7889630513405217,0.5075971313080542,0.5068828993415458,-0.2518537639959125,0.5289946177513133,0.5471529274037236,-0.05249160367557543,-0.3047023014662766,-0.16831538452605863,0.6118007794757904,0.17138233877265585,-0.3223991684085067,-0.3594947413697114,0.1749395059822785,-0.11926231538217545,0.3106475173972519,-0.3315064565291281,0.6006253010608343,-0.31335650320208897,0.005048971340486659,-0.013948753601240269,0.09263081191592043,-0.13153220429342713
9.91936507140595,6.3989365020977065,-7.135540738784433,2.742706883877546,4.978233296431916,-1.1785791053397792,1.310059847935933,11.66442677636696,9.704292680327885,-2.031419222124301,0.024439240356709812,3.539226319511516,-2.5644697277882673,5.4401803861283655,-1.6583796065702114,4.974178519190625,-12.901534120069854,-1.185392254144679,-3.9664521874591254,-1.6741933632847612,-8.22222789086705,3.3347774662240646,4.868618875929006,-4.048273810776161,4.745078413165702,7.587004668772322,0.09073033497920606,-3.690409297527185,-3.033551922427964,9.019941131739127,3.509414259325783,-3.331234720449947,-5.503996356560932,1.8315018655738466,-2.1468681386964743,1.2255696007382777,-5.27772054877661,6.632250029777109,-4.511609460070419,-0.6567265639943102,-1.2500051989679566,1.4260342852547807,-2.5338561207598063
-10.47330788946299,-10.054369339298761,8.150208905242259,-4.422971892746326,-5.767804483864868,0.49606315067187584,-1.3299555151357103,-13.98194815093235,-10.217552850650616,2.2515764863827608,-0.20585691862183927,-2.5644697277882673,3.366104264812508,-6.134792253311987,0.6771078522609661,-4.513054321755879,15.254269431123937,1.898461118816493,6.263661268702496,1.8542026564268497,10.28313247963759,-5.430967250441948,-6.202496525652591,4.767411632289966,-5.480261022589302,-8.48403657708005,0.029693453069724034,3.7950817723231287,2.6075601700570172,-9.026440728697237,-4.242788084930336,4.513522756140781,5.860514584856121,-2.512302747586557,2.0726305957056512,-2.102120395183534,5.748748612933632,-8.0304764836526,4.8497870289366745,0.27843412189941225,0.8815323538888582,-1.589701868361821,2.5145268657102604
21.240950162973714,18.135793650473925,-15.89202758593485,8.09611278264177,11.037157304326195,-1.050464629886051,2.356674967248241,26.948977360195528,20.6431434093466,-4.191109765004531,0.41265243266665447,5.4401803861283655,-6.134792253311987,12.295406468551814,-1.5100889881249875,9.051847063653618,-29.914693712685832,-3.3326640279378785,-11.46522437724618,-4.098111349164692,-19.82034316943584,10.076483586251268,11.82559409993759,-8.959800285044125,10.889797272927852,16.640425607366176,-0.17225272580615317,-7.684820567270335,-5.49329842820196,18.01080894286781,7.835230466582673,-8.02095083355592,-11.54650990763055,4.861137009430606,-4.208226403779809,4.5209751239766565,-11.410516084304605,15.346639112813339,-9.654352263247157,-0.7899162773453656,-1.9751956187106543,3.0432261170810055,-4.7322375941425046
-3.0701862902846155,-0.9690564970162361,2.142284240004971,-0.32408507279921467,-1.5047841951959307,0.7930487556679376,-0.5882521761752513,-3.223192939390659,-3.1093274753263516,0.7572617558736424,0.06986562277929549,-1.6583796065702114,0.6771078522609661,-1.5100889881249875,1.0813124434000745,-2.0565454731501145,3.4927007350625283,0.18184584798704495,0.4851979389195651,0.31406615969495405,2.0455913121745866,-0.2875674805058161,-1.2260564504009965,1.2291747698537505,-1.352297137220503,-2.2862037458113926,-0.12788272217749955,1.2283519703238113,1.2185115142396121,-3.251725270510904,-1.0538279713407943,0.9175277246161504,1.8307557964831567,-0.31153469102357634,0.7770937721848922,0.18486178869379638,1.615741944996353,-1.8768743632228735,1.422066775179899,0.3621807824047466,0.554469504030986,-0.45540561391248296,1.0082338920510696
16.237592154787166,12.361102848879362,-12.288279224592543,5.440191216551647,8.399882967792895,-1.5199330459698936,2.19880382282059,20.17342240748179,16.18183288568804,-3.624311884798646,0.2748886387599271,4.974178519190625,-4.513054321755879,9.051847063653618,-2.0565454731501145,8.01155384464678,-22.36923269207495,-2.294221871606341,-7.469470085715037,-2.6216660943227352,-14.54925271881312,6.535857547611068,8.769512724577934,-6.756097405133552,8.435778126287277,12.576512789130643,3.2545158157415704e-4,-6.195358406126359,-4.758047961585169,14.851038035388653,5.811789623196891,-6.1794754446391025,-9.144554818983103,3.2094313717637646,-3.4904505808641484,2.575544127629216,-8.608964547372514,11.690642302654828,-7.484356678584804,-0.9122582264990824,-1.7379074076391872,2.350049986577453,-4.075922310356466
-52.11918104833588,-45.808380746774965,39.71510523138479,-20.403739401322145,-27.26939426996914,2.2201182198336604,-6.237875371849509,-66.87018000022083,-50.93037472077319,10.687843692456747,-1.1906594752468047,-12.901534120069854,15.254269431123937,-29.914693712685832,3.4927007350625283,-22.36923269207495,74.33335357683998,8.578270635613238,28.448795672967822,9.591567556429895,49.28666854386267,-25.549151127449804,-29.610396194378417,22.026386372027208,-27.426688270063693,-40.9161027042797,0.42911342843794814,19.213271800232505,13.460321784904174,-44.64001889979836,-19.06807296122081,20.51869288300821,28.203269432971407,-11.88253194438033,10.307963614697007,-11.210304274624336,27.64438851509504,-38.255487909413006,23.770789110261134,1.8034235486051446,4.622231609570259,-7.629725896493139,12.192597233442086
-5.681832685896969,-6.052489851903717,4.517880523904053,-2.6498615842978626,-3.190249048276469,0.13060922607890862,-0.7051145490560949,-7.8798551822205765,-5.493868856480045,1.237232390263012,-0.12196555349621734,-1.185392254144679,1.898461118816493,-3.3326640279378785,0.18184584798704495,-2.294221871606341,8.578270635613238,1.2645066053925664,3.6813895489466515,0.9667337633197989,5.871834776536759,-3.2864654453394078,-3.552684790078982,2.637890655759549,-3.0558049722309013,-4.6362685756468744,0.012811849612965122,2.0738727973457545,1.2836255451649299,-4.8348643062608305,-2.3607264318649737,2.6810016642402856,3.138125731233867,-1.449508140858562,1.1172073578433979,-1.248411553619824,3.0673064859228267,-4.553908672043167,2.686404760639607,0.12455133655253472,0.38314755572859693,-0.9166519429168384,1.4521680269700024
-19.19201539532104,-19.62310651972573,14.915111701118011,-8.728796043705012,-10.563541360994499,0.3095980447667409,-2.1588926900390315,-25.97008505836469,-18.504007690042716,3.8557615153514444,-0.4656634008691002,-3.9664521874591254,6.263661268702496,-11.46522437724618,0.4851979389195651,-7.469470085715037,28.448795672967822,3.6813895489466515,12.41922277849511,3.7468256733560272,19.36392606376428,-10.908577751627096,-11.645737556032195,8.731151169929076,-10.119241927218109,-15.603607984183395,0.19377209863667072,6.7730605714045105,4.362722956855943,-15.78441672882361,-7.796444797938509,8.275787916949302,10.48016398136881,-4.958024315111307,3.5948680600604703,-4.617057490249949,10.538502038362084,-14.80853042640524,8.807534909586083,0.28172262703631507,1.403309913286155,-2.8800891152494104,4.259736481669594
-7.001952497749861,-5.618673119315997,4.969046084998851,-2.562187954877251,-3.4379600140955744,0.15136031783126175,-0.5764790097807787,-8.489233002990899,-6.633296766510711,1.1072246419570726,-0.13373192335359832,-1.6741933632847612,1.8542026564268497,-4.098111349164692,0.31406615969495405,-2.6216660943227352,9.591567556429895,0.9667337633197989,3.7468256733560272,1.6231100237355194,6.301015461846606,-3.3398414008251374,-3.6859364786471067,2.767645021342269,-3.4431429315846818,-5.362557492619741,0.12318604895267551,2.412023681268881,1.71897478472133,-5.4950429486717765,-2.4007532965677565,2.222521629070289,3.5768049389828436,-1.669143611519006,1.2864856821006034,-1.7972629149157877,3.723138524707643,-4.696196253209154,3.067956286977191,0.21887460280630908,0.6651540988037915,-0.9336846210766919,1.3145230463394724
-34.206081599396924,-31.12686469011392,26.223220700629593,-13.867341703609151,-18.138416438263,1.3992116329930848,-4.028016783228289,-44.52052841403495,-33.411592748673606,7.082002021851002,-0.7889630513405217,-8.22222789086705,10.28313247963759,-19.82034316943584,2.0455913121745866,-14.54925271881312,49.28666854386267,5.871834776536759,19.36392606376428,6.301015461846606,32.906495366136824,-17.225237167467952,-19.776556382892654,14.726957887016335,-18.039923940374027,-27.05657165958804,0.2830089326982181,12.53916173003302,8.655287532178738,-29.233920997327218,-12.861563167132134,13.849959476082256,18.702273818125892,-7.985014415425976,6.775012438757248,-7.453896986072895,18.323034329426697,-25.528780710683066,15.69108671041537,1.1131400922259915,2.921634910802872,-5.034982812459441,7.925489903450045
17.246362916661486,17.485688441558334,-13.491168998604547,7.779914946345358,9.282902287097519,0.09472302914695652,2.09408342478915,23.04236828642765,16.62302603964892,-3.3956634147873364,0.5075971313080542,3.3347774662240646,-5.430967250441948,10.076483586251268,-0.2875674805058161,6.535857547611068,-25.549151127449804,-3.2864654453394078,-10.908577751627096,-3.3398414008251374,-17.225237167467952,10.076727787264561,10.416979410972562,-7.55173321799281,9.348854215002053,13.854475281939031,-0.23335673712311159,-6.224440432127196,-3.918003793499594,14.052060598788591,6.574138114797961,-7.317742963568212,-8.969590220346547,4.410642619445909,-3.097930649142277,4.411085506193906,-9.10498858500096,13.066371337666764,-7.8072511401803695,-0.15847785024961963,-1.2144530002756861,2.6199211419521764,-4.014939485321818
20.454368847764933,18.873065093347343,-15.81664522752634,8.390246803620467,10.914446612588932,-0.8257596242567333,2.5150491450979824,26.780251495065176,20.056032502327376,-4.329183224593769,0.5068828993415458,4.868618875929006,-6.202496525652591,11.82559409993759,-1.2260564504009965,8.769512724577934,-29.610396194378417,-3.552684790078982,-11.645737556032195,-3.6859364786471067,-19.776556382892654,10.416979410972562,11.950296229403014,-8.85434813770594,10.91841791137066,16.230044318634217,-0.17235366349701584,-7.533922791410075,-5.169650627768573,17.584392631386223,7.728432112014557,-8.430316382935073,-11.195106634713024,4.780216225970761,-4.030938196223159,4.410963202862581,-10.92721573400916,15.409801102494653,-9.396809053477538,-0.6355820956784749,-1.7107312039829272,3.0329212169290063,-4.809928021363852
-15.454545499517119,-13.994265035720522,11.80972543666436,-6.135222233920457,-8.356184873318055,0.8993835435889199,-1.9369529035923825,-20.142825817954435,-15.030845636106966,3.223051238882736,-0.2518537639959125,-4.048273810776161,4.767411632289966,-8.959800285044125,1.2291747698537505,-6.756097405133552,22.026386372027208,2.637890655759549,8.731151169929076,2.767645021342269,14.726957887016335,-7.55173321799281,-8.85434813770594,6.89747090389406,-7.9338021761265916,-12.383243173997553,0.026163003537940332,5.5762497381896265,3.9445858217458616,-13.344221710878127,-6.136695489524513,6.339322493296319,8.591326007243307,-3.5867515533169936,3.078035982933375,-2.9253796550190954,8.428550360075903,-11.529676315025931,7.1195161651620475,0.5057244347901947,1.4062677297374084,-2.307399882611057,3.6952336116769895
19.27262706100149,16.557055846636764,-14.794871066340876,7.399052313416504,9.951770533746231,-0.7774375168656756,2.453055223588146,24.48972116337245,18.99789465023163,-4.0332771987751554,0.5289946177513133,4.745078413165702,-5.480261022589302,10.889797272927852,-1.352297137220503,8.435778126287277,-27.426688270063693,-3.0558049722309013,-10.119241927218109,-3.4431429315846818,-18.039923940374027,9.348854215002053,10.91841791137066,-7.9338021761265916,10.399836775659098,14.989032621734813,-0.20917421648689855,-7.246343188947891,-5.0964053907689,16.693157035516748,6.740366976240079,-7.510506065769546,-10.305541258856303,4.251259537519379,-3.7957279620002455,4.176933106413403,-10.006670118203951,14.06061730466119,-8.741180259504468,-0.6847215278580223,-1.7085042152167733,2.7973859727817265,-4.596496435209553
29.053379715579165,24.983395478783677,-21.947177719503657,11.040348880462819,15.221709780476894,-1.4693343570796793,3.550159473787529,36.96037809691052,28.26411149010455,-5.861517974712823,0.5471529274037236,7.587004668772322,-8.48403657708005,16.640425607366176,-2.2862037458113926,12.576512789130643,-40.9161027042797,-4.6362685756468744,-15.603607984183395,-5.362557492619741,-27.05657165958804,13.854475281939031,16.230044318634217,-12.383243173997553,14.989032621734813,22.870883916212502,-0.15194871447718908,-10.59442850781308,-7.567726715172031,24.886325593355277,10.801244371512944,-11.243799472242928,-15.723963645450123,6.570444923472193,-5.724896775713559,5.856741745798337,-15.500760762782184,21.052716882604972,-13.212534884753115,-1.016705106848685,-2.7136797805716713,4.256399128650806,-6.854361090519945
-0.26033518809031736,-0.2678050081339127,0.18852881249522355,-0.16533495094550055,-0.07566619478883899,-0.09816373367453074,0.030190477155807926,-0.29418394183085156,-0.2677491280047884,0.007999097647694789,-0.05249160367557543,0.09073033497920606,0.029693453069724034,-0.17225272580615317,-0.12788272217749955,3.2545158157415704e-4,0.42911342843794814,0.012811849612965122,0.19377209863667072,0.12318604895267551,0.2830089326982181,-0.23335673712311159,-0.17235366349701584,0.026163003537940332,-0.20917421648689855,-0.15194871447718908,0.06248511032807174,0.08876186958740645,0.026532500268884606,-0.1104585499362191,0.005604836608383753,0.021583240709541644,0.08521562422347388,-0.08691660647403568,0.01636818955212041,-0.2512140537423426,0.10346091461570563,-0.16363248409537284,0.08691487941788789,-0.015938567077540884,-0.013314857788284213,0.001621824961311904,-0.058492434648259276
-13.735155374112308,-11.077680149067959,10.404041349886224,-4.927659335452946,-6.999514037373387,0.7349185209731597,-1.7511175972178141,-17.135143443120814,-13.516943578728783,2.8621384760514275,-0.3047023014662766,-3.690409297527185,3.7950817723231287,-7.684820567270335,1.2283519703238113,-6.195358406126359,19.213271800232505,2.0738727973457545,6.7730605714045105,2.412023681268881,12.53916173003302,-6.224440432127196,-7.533922791410075,5.5762497381896265,-7.246343188947891,-10.59442850781308,0.08876186958740645,5.208571094548954,3.7869273698261705,-12.02980286337978,-4.718074999370275,5.182618536066201,7.358270390204958,-2.9046375426453706,2.783380381524932,-2.7624949934717677,7.120460693507324,-9.805736972740613,6.237526543862634,0.5942237184553477,1.3315696383578153,-2.0049194013987135,3.374727288610456
-9.931893244761763,-7.097062967272997,7.366862342599633,-3.1519740506830503,-4.961584306503434,0.8043964073929792,-1.2762798366194794,-11.985912502831761,-9.82183897181752,2.076932768686554,-0.16831538452605863,-3.033551922427964,2.6075601700570172,-5.49329842820196,1.2185115142396121,-4.758047961585169,13.460321784904174,1.2836255451649299,4.362722956855943,1.71897478472133,8.655287532178738,-3.918003793499594,-5.169650627768573,3.9445858217458616,-5.0964053907689,-7.567726715172031,0.026532500268884606,3.7869273698261705,2.9363244583996453,-8.893829073418846,-3.322075330545231,3.490876521848647,5.402054519985032,-1.9365289300163058,2.092071418198037,-1.7392256487914632,5.174517329233316,-6.854127752684118,4.496150367194648,0.5521162483385328,1.0999360849340285,-1.410887938729995,2.4403435408630476
32.01983993501095,25.79992048173168,-24.23715725281022,11.406925710105586,16.574281284769324,-2.2590431614368915,4.119944692346713,40.16020083348209,31.581155976002144,-6.8251601821915076,0.6118007794757904,9.019941131739127,-9.026440728697237,18.01080894286781,-3.251725270510904,14.851038035388653,-44.64001889979836,-4.8348643062608305,-15.78441672882361,-5.4950429486717765,-29.233920997327218,14.052060598788591,17.584392631386223,-13.344221710878127,16.693157035516748,24.886325593355277,-0.1104585499362191,-12.02980286337978,-8.893829073418846,28.423961247744945,11.481668430212606,-12.27040798607505,-17.627270184475112,6.7104310764616875,-6.624333969655372,5.862948885184773,-16.904276561470624,23.101777018430127,-14.659953982030666,-1.5034196081774653,-3.1851738437440864,4.6528667984169125,-7.840161822697412
13.320061438008073,12.435557778378039,-10.175198159796704,5.426074405737984,7.3451290904288795,-0.8739367570142644,1.6303688580845779,17.614251786394263,12.910847979741588,-2.787159626622503,0.17138233877265585,3.509414259325783,-4.242788084930336,7.835230466582673,-1.0538279713407943,5.811789623196891,-19.06807296122081,-2.3607264318649737,-7.796444797938509,-2.4007532965677565,-12.861563167132134,6.574138114797961,7.728432112014557,-6.136695489524513,6.740366976240079,10.801244371512944,0.005604836608383753,-4.718074999370275,-3.322075330545231,11.481668430212606,5.578032574398051,-5.597875423706966,-7.548050977689826,3.1895072889899083,-2.6651368922454157,2.4033669390414705,-7.4166557944952025,10.105847195149167,-6.1955268013593034,-0.4281985118785377,-1.2018981744747066,2.001864199186769,-3.1306920242510414
-13.86854476494915,-13.673617494672683,11.054162007272408,-5.994697495530069,-7.717313472394613,0.6731220066506147,-1.9162763443982203,-18.80440188788584,-13.681852999390347,3.191021902202976,-0.3223991684085067,-3.331234720449947,4.513522756140781,-8.02095083355592,0.9175277246161504,-6.1794754446391025,20.51869288300821,2.6810016642402856,8.275787916949302,2.222521629070289,13.849959476082256,-7.317742963568212,-8.430316382935073,6.339322493296319,-7.510506065769546,-11.243799472242928,0.021583240709541644,5.182618536066201,3.490876521848647,-12.27040798607505,-5.597875423706966,6.3269570350162585,7.8253059693788956,-3.2632935268549326,2.808737985774345,-2.6970641467197667,7.500478679321036,-10.925281089998167,6.505194766901912,0.4008271681442022,1.1032414587663029,-2.16748353083195,3.563860338924102
-20.023652202502454,-16.810543957707736,15.119380015548373,-7.479487226145146,-10.550161717893953,1.4865840363912957,-2.3394933920024497,-25.559970599994315,-19.702414377427292,4.249566580708665,-0.3594947413697114,-5.503996356560932,5.860514584856121,-11.54650990763055,1.8307557964831567,-9.144554818983103,28.203269432971407,3.138125731233867,10.48016398136881,3.5768049389828436,18.702273818125892,-8.969590220346547,-11.195106634713024,8.591326007243307,-10.305541258856303,-15.723963645450123,0.08521562422347388,7.358270390204958,5.402054519985032,-17.627270184475112,-7.548050977689826,7.8253059693788956,11.327212504816915,-4.372112703540898,4.188175003482063,-3.773237745837149,10.876857558591329,-14.742971912950546,9.24057474512436,0.933018713095457,1.93295472381006,-2.866533531493685,4.602171705855878
8.228809984886878,7.809746944174657,-6.2294192834808735,3.471868793652269,4.377824808301559,-0.1707061285962979,0.8912040141586778,10.771917292460623,7.898861929722135,-1.56870058627553,0.1749395059822785,1.8315018655738466,-2.512302747586557,4.861137009430606,-0.31153469102357634,3.2094313717637646,-11.88253194438033,-1.449508140858562,-4.958024315111307,-1.669143611519006,-7.985014415425976,4.410642619445909,4.780216225970761,-3.5867515533169936,4.251259537519379,6.570444923472193,-0.08691660647403568,-2.9046375426453706,-1.9365289300163058,6.7104310764616875,3.1895072889899083,-3.2632935268549326,-4.372112703540898,2.082940098992749,-1.5276906674099708,1.9441891478466555,-4.450140141032203,6.100732564873465,-3.741551389823401,-0.17545096057495319,-0.6703644000442991,1.2203072293774935,-1.7978765064461502
-7.408070645327379,-5.813126756852361,5.543993031329903,-2.594507907361565,-3.8172564334644377,0.6195493807962875,-0.8554558697430589,-9.27740092695658,-7.313511675456204,1.5819514521328144,-0.11926231538217545,-2.1468681386964743,2.0726305957056512,-4.208226403779809,0.7770937721848922,-3.4904505808641484,10.307963614697007,1.1172073578433979,3.5948680600604703,1.2864856821006034,6.775012438757248,-3.097930649142277,-4.030938196223159,3.078035982933375,-3.7957279620002455,-5.724896775713559,0.01636818955212041,2.783380381524932,2.092071418198037,-6.624333969655372,-2.6651368922454157,2.808737985774345,4.188175003482063,-1.5276906674099708,1.6099532566585706,-1.3478690719650945,3.9708941207465824,-5.356493571431866,3.4275216878794406,0.42259286060094897,0.7609572122089577,-1.0577532410472519,1.7543046850577728
7.679069361309778,7.090899979619223,-5.735694350629355,3.321623544983755,3.759335501708973,0.31034701002015913,0.603572565100932,9.720513698806384,7.365374687920541,-1.2697748617822653,0.3106475173972519,1.2255696007382777,-2.102120395183534,4.5209751239766565,0.18486178869379638,2.575544127629216,-11.210304274624336,-1.248411553619824,-4.617057490249949,-1.7972629149157877,-7.453896986072895,4.411085506193906,4.410963202862581,-2.9253796550190954,4.176933106413403,5.856741745798337,-0.2512140537423426,-2.7624949934717677,-1.7392256487914632,5.862948885184773,2.4033669390414705,-2.6970641467197667,-3.773237745837149,1.9441891478466555,-1.3478690719650945,2.5766075792576135,-3.9275795211042026,5.4226212311534026,-3.3463080277786754,-0.11049659160961459,-0.5325100270878693,1.0331655160991602,-1.4076135405403214
-19.70927967054044,-16.666492261544192,14.739174009320507,-7.403907603678316,-10.323470076944831,1.1985856054731283,-2.2374286273506354,-25.023068126171534,-19.18130846907826,3.957337922397646,-0.3315064565291281,-5.27772054877661,5.748748612933632,-11.410516084304605,1.615741944996353,-8.608964547372514,27.64438851509504,3.0673064859228267,10.538502038362084,3.723138524707643,18.323034329426697,-9.10498858500096,-10.92721573400916,8.428550360075903,-10.006670118203951,-15.500760762782184,0.10346091461570563,7.120460693507324,5.174517329233316,-16.904276561470624,-7.4166557944952025,7.500478679321036,10.876857558591329,-4.450140141032203,3.9708941207465824,-3.9275795211042026,10.687135250018219,-14.275952943751081,8.99946837521181,0.785908740141865,1.8925848084149508,-2.8290712454297453,4.446969804167887
26.548409592301834,24.044083253874227,-20.466362951377192,10.669434491386307,14.187481887403777,-1.3895877528735487,3.2595726373630436,34.691115018437486,26.106707234178067,-5.721932395043206,0.6006253010608343,6.632250029777109,-8.0304764836526,15.346639112813339,-1.8768743632228735,11.690642302654828,-38.255487909413006,-4.553908672043167,-14.80853042640524,-4.696196253209154,-25.528780710683066,13.066371337666764,15.409801102494653,-11.529676315025931,14.06061730466119,21.052716882604972,-0.16363248409537284,-9.805736972740613,-6.854127752684118,23.101777018430127,10.105847195149167,-10.925281089998167,-14.742971912950546,6.100732564873465,-5.356493571431866,5.4226212311534026,-14.275952943751081,20.03258212522483,-12.26622684813604,-0.9675897290169121,-2.3066967273827497,3.93843960113324,-6.278563110000528
-16.913430016168167,-14.202362110422195,12.742444400326558,-6.295448628649293,-8.7956533934589185,0.9919841779374684,-2.020900960460014,-21.424877867371634,-16.527803263788293,3.4699308429087634,-0.31335650320208897,-4.511609460070419,4.8497870289366745,-9.654352263247157,1.422066775179899,-7.484356678584804,23.770789110261134,2.686404760639607,8.807534909586083,3.067956286977191,15.69108671041537,-7.8072511401803695,-9.396809053477538,7.1195161651620475,-8.741180259504468,-13.212534884753115,0.08691487941788789,6.237526543862634,4.496150367194648,-14.659953982030666,-6.1955268013593034,6.505194766901912,9.24057474512436,-3.741551389823401,3.4275216878794406,-3.3463080277786754,8.99946837521181,-12.26622684813604,7.74390395005271,0.7106524130951143,1.607552662104417,-2.4648146890208316,3.9954788875915916
-1.4673871698993366,-0.502930558358072,0.98283366848197,-0.2380575195829164,-0.660784153627499,0.3494836436033997,-0.11759497606237755,-1.5892881703460076,-1.513088238013522,0.3491723479936964,0.005048971340486659,-0.6567265639943102,0.27843412189941225,-0.7899162773453656,0.3621807824047466,-0.9122582264990824,1.8034235486051446,0.12455133655253472,0.28172262703631507,0.21887460280630908,1.1131400922259915,-0.15847785024961963,-0.6355820956784749,0.5057244347901947,-0.6847215278580223,-1.016705106848685,-0.015938567077540884,0.5942237184553477,0.5521162483385328,-1.5034196081774653,-0.4281985118785377,0.4008271681442022,0.933018713095457,-0.17545096057495319,0.42259286060094897,-0.11049659160961459,0.785908740141865,-0.9675897290169121,0.7106524130951143,0.2329630232432988,0.22765475758486214,-0.18200028651681488,0.33359520280469135
-3.6001161334161846,-2.197648028266946,2.5399925538863077,-0.9591942263649087,-1.7465744660093692,0.369870330428355,-0.4393247306291972,-4.122572771375232,-3.495765016880702,0.6763156727131275,-0.013948753601240269,-1.2500051989679566,0.8815323538888582,-1.9751956187106543,0.554469504030986,-1.7379074076391872,4.622231609570259,0.38314755572859693,1.403309913286155,0.6651540988037915,2.921634910802872,-1.2144530002756861,-1.7107312039829272,1.4062677297374084,-1.7085042152167733,-2.7136797805716713,-0.013314857788284213,1.3315696383578153,1.0999360849340285,-3.1851738437440864,-1.2018981744747066,1.1032414587663029,1.93295472381006,-0.6703644000442991,0.7609572122089577,-0.5325100270878693,1.8925848084149508,-2.3066967273827497,1.607552662104417,0.22765475758486214,0.46388893027297695,-0.4984836939653503,0.8690964670326167
5.38511092877533,4.714096810375937,-4.118333833640026,2.052214085544679,2.840066369207294,-0.24516611502237162,0.7217935169813168,6.909210358399132,5.233101322644141,-1.1247969868233152,0.09263081191592043,1.4260342852547807,-1.589701868361821,3.0432261170810055,-0.45540561391248296,2.350049986577453,-7.629725896493139,-0.9166519429168384,-2.8800891152494104,-0.9336846210766919,-5.034982812459441,2.6199211419521764,3.0329212169290063,-2.307399882611057,2.7973859727817265,4.256399128650806,0.001621824961311904,-2.0049194013987135,-1.410887938729995,4.6528667984169125,2.001864199186769,-2.16748353083195,-2.866533531493685,1.2203072293774935,-1.0577532410472519,1.0331655160991602,-2.8290712454297453,3.93843960113324,-2.4648146890208316,-0.18200028651681488,-0.4984836939653503,0.8403364854083593,-1.3976986818900337
-8.738990824692756,-7.223339921465502,6.75897290429497,-3.084507946258076,-4.576761275471913,0.5037078160845476,-1.385512643296731,-11.00823410569755,-8.5483952242369,1.9093247496731554,-0.13153220429342713,-2.5338561207598063,2.5145268657102604,-4.7322375941425046,1.0082338920510696,-4.075922310356466,12.192597233442086,1.4521680269700024,4.259736481669594,1.3145230463394724,7.925489903450045,-4.014939485321818,-4.809928021363852,3.6952336116769895,-4.596496435209553,-6.854361090519945,-0.058492434648259276,3.374727288610456,2.4403435408630476,-7.840161822697412,-3.1306920242510414,3.563860338924102,4.602171705855878,-1.7978765064461502,1.7543046850577728,-1.4076135405403214,4.446969804167887,-6.278563110000528,3.9954788875915916,0.33359520280469135,0.8690964670326167,-1.3976986818900337,2.5588611962416588
