V1,V2,V3,V4,V5,V6,V7,V8,V9,V10,V11,V12,V13,V14,V15,V16,V17,V18,V19,V20,V21,V22,V23,V24,V25,V26,V27,V28,V29,V30,V31,V32,V33,V34,V35,V36,V37,V38,V39,V40,V41,V42,V43
9.618253640951188,6.677370477384823,6.084758507994039,22.834523800287432,3.7594762288046857,1.0656080911395285,-4.033329236398541,1.651368615212603,4.464660094816947,16.22722500287409,-2.5891455315859906,2.499744052852525,-12.81868677314157,7.075579815801077,9.635871306040979,-6.317128240619494,6.332668296330167,1.4655449315519515,-10.39141345814866,11.358573054586156,-9.477466736217982,3.7793188069017987,-10.5836797717699,0.8558571378825501,3.957680352222357,-7.405176776265936,3.9087350420238427,13.545418485564731,2.489814288939452,25.826343631702407,11.5620876469501,0.3794949645465686,-21.590880478497795,-0.42496305592378486,14.775022073939684,0.19515914975668464,10.311016341612719,-2.609748184239081,5.39150161733024,-2.4877105425824655,13.684029891001074,-9.00485475821355,8.05860002056788
6.677370477384823,4.8953810823233415,4.39194611208572,16.47808409106184,2.701565964022199,0.6508321268953366,-2.5476657799748805,1.372343009681599,3.516876555760269,11.428350518133394,-1.8664534180440484,1.7347582979201033,-9.187219578485179,4.873851193787685,6.78635074532949,-4.631111493842676,4.44955400111473,1.003439247071439,-7.297533720795053,8.123332181334462,-6.741598647305302,2.6419978851430725,-7.676164391335933,0.72101702136578,2.9541408112986765,-5.563404436085253,2.8141017635748695,9.47312352134029,1.8698928501480814,18.458525269930274,8.148029915079116,0.5886339307532984,-15.408963120000823,-0.4639847584360252,10.647357438429964,0.21926239550221877,7.370951791674328,-1.82050277801095,3.7735804024372332,-1.7236586530997393,9.925193151887656,-6.52872397923386,5.863101646312143
6.084758507994039,4.39194611208572,5.541036773866589,17.166368110641372,2.6558634380126116,1.0896743722895903,-2.584872474288508,1.400098888671082,4.38156152610691,11.367346494101621,-1.2024296007054025,1.4740055723114522,-9.095447841696489,4.926020829584447,7.029452772616201,-4.9166914039193506,4.689588598923085,0.8724944704436921,-7.3304539195292575,8.147984815591533,-6.609827381426142,2.8160111996810557,-8.575599329245705,2.1042810956579685,4.450000781048281,-5.892412738902318,3.125908962222103,9.66638011416067,1.718679302514051,19.08210167741432,8.911010466815362,1.2696860622793045,-16.44201412773105,-0.12928904912115652,10.695877599848568,1.13646807547367,7.572406726945682,-2.1996324741930797,3.5852777620453424,-1.2327567912906405,10.338138214530417,-7.374232672160749,6.750321164569617
22.834523800287432,16.47808409106184,17.166368110641372,61.940189445653914,9.375498307244635,1.88535775277201,-9.047948588042894,5.5708073044490325,14.35764286399885,42.24813981924926,-6.195814191250888,7.427805497069312,-34.16011288570698,17.920034592365297,26.176391876222365,-17.915821532627135,16.99000854375371,4.7769658799151795,-26.034631944538138,29.802202381388028,-24.61298970335903,8.815492980961267,-28.813981346920635,3.2693003718400635,13.313681687509813,-21.760922161116373,11.279129535655104,35.29090447824484,7.226202972414809,69.4522637577555,31.04412538433695,3.1034158116099415,-57.719325525579734,-0.36105805037882166,38.365109752743194,2.000887862208314,26.495796876601077,-6.975367206442742,14.36877838501847,-5.145552144948555,37.27450759560206,-25.412301485904827,22.675478200093984
3.7594762288046857,2.701565964022199,2.6558634380126116,9.375498307244635,1.5348789990913876,0.48608238000309134,-1.521383809244266,0.7287197952370583,2.0421558558788253,6.4781200291199355,-0.9513476500855714,0.9096003948412242,-5.163412186982101,2.801527180571229,3.8638064872767663,-2.622549758056736,2.555621903102358,0.517494107489315,-4.183699574033913,4.600905450918778,-3.8009989567344062,1.5664248454131833,-4.46825331648905,0.6224396887438096,1.845746711304359,-3.1152095587635396,1.616037540260041,5.419087283334566,1.0015287637708183,10.506613351784267,4.737152970524863,0.36865881746598556,-8.877577284878559,-0.21287833760392488,6.040539654090847,0.23999435386099083,4.225864419139382,-1.0991907542355348,2.09955648174016,-0.9327373083117064,5.63804786352652,-3.787238041836367,3.4252584249189
1.0656080911395285,0.6508321268953366,1.0896743722895903,1.88535775277201,0.48608238000309134,0.7344851454155955,-0.6739935596068016,-0.14859210272212955,0.39198296272914246,1.2975796397096393,0.11215716052600831,-0.4090300473644017,-0.8224809704385629,0.7330598845000141,0.5845316619783999,-0.3630986876543195,0.5294112067628189,-0.40020289145316296,-1.2789252449046629,0.9907168303751168,-0.7597583044353979,0.8552161543596962,-1.3777367254169892,0.982855624548867,0.6052661207213315,-0.2437602810945473,0.2191604368554853,1.2264879430218572,-0.1129259498052734,2.070845917718028,1.2646143405285324,0.08811420745068575,-2.2958435755481847,-0.18842158836165462,1.5365647286906639,0.3058942883590109,1.274787797095387,-0.4625879368234352,0.13056496978754928,-0.2772754497712638,1.1148299557406383,-0.8855049078244525,0.9521522301779343
-4.033329236398541,-2.5476657799748805,-2.584872474288508,-9.047948588042894,-1.521383809244266,-0.6739935596068016,1.9767041972986819,-0.44066668660254754,-1.5624610664809688,-6.633424627126107,0.91607709541966,-0.9150295817583919,5.059156254407547,-3.0261544267641773,-3.924043833828566,2.4167897386865045,-2.6202303255304327,-0.521079374965255,4.353655421981028,-4.553610803700419,3.8090664794955207,-1.6774853522521154,4.292214544138715,-0.5086640081002519,-1.628130328725627,2.6791761121902558,-1.5491432371530471,-5.639679794853223,-0.8471693050148198,-10.370157852140835,-4.840133023438472,0.07228461689132305,8.828282565633947,0.032610322898650373,-5.898878075109893,-0.12370532603866713,-4.2182276156717196,1.1558614052183993,-2.1584501494798647,1.0235586098601737,-5.373956100440576,3.607454262028341,-3.248136125314204
1.651368615212603,1.372343009681599,1.400098888671082,5.5708073044490325,0.7287197952370583,-0.14859210272212955,-0.44066668660254754,0.7335212859217691,1.5452055518338772,3.588347381596973,-0.6061130794882134,0.8805612170681489,-3.083317677055526,1.3912989253056223,2.359855278360089,-1.7413497948472167,1.467244473132175,0.6282024518400906,-1.9878870694592718,2.568931895212197,-2.111408429105996,0.4921218259883411,-2.4522532291942145,0.10450770025887869,1.3159637675914353,-2.2691946672703134,1.0895522593440967,2.927916285669309,0.8108066698793658,6.157884496683179,2.5967424286025365,0.5183715124418049,-4.905461640856569,0.008249684871412298,3.231160661838721,0.21418175286543475,2.12405385641333,-0.5173885458904748,1.3311019180187114,-0.3069923181287123,3.386544025840339,-2.3169953010430255,2.0198298089637423
4.464660094816947,3.516876555760269,4.38156152610691,14.35764286399885,2.0421558558788253,0.39198296272914246,-1.5624610664809688,1.5452055518338772,4.056942535312071,9.178979192966933,-1.1020232607413738,1.5788839879513528,-7.635008132716115,3.7677664435498004,5.886435193558985,-4.318085986832179,3.822130499917619,1.0492790309969695,-5.5706162991814185,6.64348158133601,-5.373517962536726,1.8724455793708326,-6.93700852044636,1.4269157279423175,3.878537317486177,-5.427383637222291,2.729201542355734,7.692058906743155,1.701172255148825,15.818772714648409,7.128024181984985,1.4331962789867665,-13.283601484562144,-0.05510085659520257,8.605064705274721,0.9846182059262811,5.921594243038731,-1.6559733942774535,3.0665120461636675,-0.7949034279670231,8.702726511817753,-6.203750994698587,5.599721756262802
16.22722500287409,11.428350518133394,11.367346494101621,42.24813981924926,6.4781200291199355,1.2975796397096393,-6.633424627126107,3.588347381596973,9.178979192966933,29.345354514947527,-4.496320434465445,5.2416422758333745,-23.542980028715537,12.555987543361026,18.051152940533576,-12.092964892614289,11.706426845436217,3.3597068999847726,-18.11574499817976,20.53559293315503,-17.05804029531066,6.1150341162516435,-19.41292075021247,1.6386871797746385,8.455246859355617,-14.533596262042115,7.620739436379983,24.501742323153852,4.916060871980729,47.63088719110009,21.25330780846077,1.505251820053177,-39.44394156974928,-0.20933773835283118,26.353973441297878,0.9406866273084672,18.215693346295836,-4.726433572933548,10.051867207471604,-3.8121392663898206,25.36595451510068,-17.085443540644803,15.179697975658572
-2.5891455315859906,-1.8664534180440484,-1.2024296007054025,-6.195814191250888,-0.9513476500855714,0.11215716052600831,0.91607709541966,-0.6061130794882134,-1.1020232607413738,-4.496320434465445,0.982052633408156,-1.0464233642861216,3.669216629369885,-1.8573750112940846,-2.7256930605514955,1.7849432656380437,-1.7034587756310682,-0.6930781203183349,2.634379891994376,-3.098592845851766,2.6413928861795433,-0.7301644415992571,2.524781016017807,0.43965597987242494,-0.728776885096169,2.193275730429942,-1.0856229685213832,-3.639892107403343,-0.8778151300474624,-7.0558481452303035,-2.907572308721844,0.013921558871996354,5.5282055005394914,0.09256292815579091,-3.901590733972497,0.22951293376748422,-2.590368763675991,0.5327650770116146,-1.6742129669505355,0.7182663720880196,-3.7230018522368113,2.285320313211806,-1.9436982715192026
2.499744052852525,1.7347582979201033,1.4740055723114522,7.427805497069312,0.9096003948412242,-0.4090300473644017,-0.9150295817583919,0.8805612170681489,1.5788839879513528,5.2416422758333745,-1.0464233642861216,1.6195353815725042,-4.362788789890734,2.1098412772306157,3.4900790576963363,-2.296410402400222,2.1136710789197863,1.1988965184330478,-2.7319693997645427,3.526349759327388,-2.997790728069879,0.48454401903955874,-2.9027275987383194,-0.5977464914610939,1.3529845127220688,-2.906753162261474,1.4985258176560117,4.280302417716294,1.1668719084032628,8.501034693680154,3.5323967618163974,0.1708151295174542,-6.4748000875044065,0.2757957054531707,4.198252118202393,-0.053409368538632616,2.7165796313886275,-0.6206196300273601,2.1302194108486336,-0.5198664231227275,4.4544308414313845,-2.92245733776419,2.4211614240667765
-12.81868677314157,-9.187219578485179,-9.095447841696489,-34.16011288570698,-5.163412186982101,-0.8224809704385629,5.059156254407547,-3.083317677055526,-7.635008132716115,-23.542980028715537,3.669216629369885,-4.362788789890734,19.03358740209911,-9.970019829202347,-14.568732771516785,9.874181993667538,-9.404228347022281,-2.8346836851702726,14.385745607371026,-16.52092027063631,13.711057979198316,-4.736359885701708,15.6120994047649,-1.2168033831449967,-6.925136710360106,11.99039487477588,-6.208038954110096,-19.599703024589594,-4.091894961716668,-38.42419799896033,-17.022283756029378,-1.4244928692543366,31.677274371353107,0.17283765121469918,-21.167583449213495,-0.7928920391133041,-14.550741210155149,3.738582130924716,-8.132758400887774,2.972067475092143,-20.540378741863055,13.83836889945202,-12.26731058217394
7.075579815801077,4.873851193787685,4.926020829584447,17.920034592365297,2.801527180571229,0.7330598845000141,-3.0261544267641773,1.3912989253056223,3.7677664435498004,12.555987543361026,-1.8573750112940846,2.1098412772306157,-9.970019829202347,5.449987619476676,7.6646297055320805,-5.062536656855246,5.006352692205441,1.3240680530177924,-7.867448216462481,8.76165766142911,-7.280742966589776,2.7541790925720226,-8.320702371814185,0.8270561928277197,3.5662213623573145,-5.994227098445536,3.2019095393603245,10.532396592867203,1.9905451327021475,20.257083768743048,9.141468817374589,0.5157696669723839,-16.90044640249028,-0.08477104404098407,11.277613602660212,0.405475772655557,7.85911243968809,-2.0747593493700434,4.24213399024177,-1.6824955809864595,10.736766004862314,-7.249164977640952,6.466454992075547
9.635871306040979,6.78635074532949,7.029452772616201,26.176391876222365,3.8638064872767663,0.5845316619783999,-3.924043833828566,2.359855278360089,5.886435193558985,18.051152940533576,-2.7256930605514955,3.4900790576963363,-14.568732771516785,7.6646297055320805,11.303033565148555,-7.606606267198965,7.276691395767943,2.3227688965223496,-10.913815211765716,12.59632250043416,-10.453826449724618,3.510768952238292,-11.931318451806078,0.937745573458378,5.525187397158941,-9.2261156874356,4.844423129219211,15.07755452044308,3.1440012202108756,29.512070943479774,13.14797952258329,1.0911485380228816,-24.291587677594094,0.08562687697524207,16.021553007876047,0.7115278603794066,11.018535382793175,-2.893792682129497,6.301000355479169,-2.1424071835699223,15.71998398125196,-10.69194404453917,9.450869573494135
-6.317128240619494,-4.631111493842676,-4.9166914039193506,-17.915821532627135,-2.622549758056736,-0.3630986876543195,2.4167897386865045,-1.7413497948472167,-4.318085986832179,-12.092964892614289,1.7849432656380437,-2.296410402400222,9.874181993667538,-5.062536656855246,-7.606606267198965,5.266939942649059,-4.8975128533199275,-1.5262330674181215,7.299811706251784,-8.536427011121964,7.04140453352783,-2.3537811664394814,8.259237276673476,-0.8654532200038345,-3.995918151720012,6.480765956685081,-3.3292340626475827,-10.079139540792854,-2.1781711653994598,-20.052508219162636,-8.901825486899437,-1.0444692376153082,16.54571566120529,0.022716961814219824,-10.919123575628124,-0.6395609991541511,-7.485040238084876,1.9681925012590447,-4.188068615492543,1.3581360222033507,-10.795297122265326,7.400226238119273,-6.5719374894086275
6.332668296330167,4.44955400111473,4.689588598923085,16.99000854375371,2.555621903102358,0.5294112067628189,-2.6202303255304327,1.467244473132175,3.822130499917619,11.706426845436217,-1.7034587756310682,2.1136710789197863,-9.404228347022281,5.006352692205441,7.276691395767943,-4.8975128533199275,4.718505539495309,1.3766622757798426,-7.188828658544714,8.193421721808951,-6.78481387028512,2.4117514305832257,-7.860487993129821,0.8137645178055513,3.629070549074884,-5.901658880558161,3.1131316417862633,9.805876982182848,1.9680792388803647,19.135249081716566,8.594817684039095,0.7206272758851955,-15.881006389396909,0.0016557553970260495,10.487871683349152,0.5178770502363697,7.258832225632871,-1.9315010164904594,4.012695919386337,-1.418813131269023,10.201776258224635,-6.963585588598364,6.194191341720476
1.4655449315519515,1.003439247071439,0.8724944704436921,4.7769658799151795,0.517494107489315,-0.40020289145316296,-0.521079374965255,0.6282024518400906,1.0492790309969695,3.3597068999847726,-0.6930781203183349,1.1988965184330478,-2.8346836851702726,1.3240680530177924,2.3227688965223496,-1.5262330674181215,1.3766622757798426,0.9159710284630344,-1.6254296188457875,2.22781508204142,-1.9032344151086407,0.16572357718334393,-1.7716611777647897,-0.5292217465489153,0.9191823498555564,-1.9641209341172876,1.0160278663032452,2.7342429700494773,0.8131088169996832,5.491572751699522,2.2453420068899317,0.12436364699430193,-4.07093764687989,0.2791714189980331,2.5661154594647275,-0.036073369394415425,1.6176453624505374,-0.363850623096794,1.4423452171350888,-0.26274147555665783,2.862184018086153,-1.8939563489898086,1.53267604838636
-10.39141345814866,-7.297533720795053,-7.3304539195292575,-26.034631944538138,-4.183699574033913,-1.2789252449046629,4.353655421981028,-1.9878870694592718,-5.5706162991814185,-18.11574499817976,2.634379891994376,-2.7319693997645427,14.385745607371026,-7.867448216462481,-10.913815211765716,7.299811706251784,-7.188828658544714,-1.6254296188457875,11.5718764771085,-12.758549878934144,10.564163883600115,-4.233863233885763,12.302006453816002,-1.563638369803005,-5.183394901977623,8.636913101559083,-4.55914324976832,-15.191759802584201,-2.801545206385799,-29.298479837706598,-13.255942249385626,-0.8887842872450682,24.66094648505048,0.37006896880459034,-16.61033652483787,-0.6601340661240286,-11.621035908967787,3.0615954956212494,-5.964011934689928,2.5239217837452097,-15.6265026388312,10.538881870146598,-9.484007151916316
11.358573054586156,8.123332181334462,8.147984815591533,29.802202381388028,4.600905450918778,0.9907168303751168,-4.553610803700419,2.568931895212197,6.64348158133601,20.53559293315503,-3.098592845851766,3.526349759327388,-16.52092027063631,8.76165766142911,12.59632250043416,-8.536427011121964,8.193421721808951,2.22781508204142,-12.758549878934144,14.456367490170596,-11.973471526248023,4.383919457027619,-13.825100016489865,1.4122284958056912,6.081737819509684,-10.29359935778116,5.350399533234165,17.141207036509616,3.438767723082935,33.487885137067224,14.952888593711686,1.2481276762926667,-27.841451594125598,-0.26582853195774614,18.649402430055463,0.7711573537605254,12.90213479210923,-3.3536011926653564,6.958040833714226,-2.663962448201951,17.917602761293306,-12.101090998212126,10.797422882649876
-9.477466736217982,-6.741598647305302,-6.609827381426142,-24.61298970335903,-3.8009989567344062,-0.7597583044353979,3.8090664794955207,-2.111408429105996,-5.373517962536726,-17.05804029531066,2.6413928861795433,-2.997790728069879,13.711057979198316,-7.280742966589776,-10.453826449724618,7.04140453352783,-6.78481387028512,-1.9032344151086407,10.564163883600115,-11.973471526248023,9.940934332437667,-3.59075815254467,11.327536365347058,-0.9727089809595171,-4.87715309197236,8.479980891849303,-4.412936879059634,-14.221261084116835,-2.8678864615174295,-27.70706667245559,-12.330105191183016,-0.9158625363064777,22.95723809491796,0.2052107856910598,-15.41175970933145,-0.5296596041091691,-10.645099748474035,2.7393708193794617,-5.819511068539346,2.251870178741803,-14.789132037685725,9.933432478446006,-8.836905155804564
3.7793188069017987,2.6419978851430725,2.8160111996810557,8.815492980961267,1.5664248454131833,0.8552161543596962,-1.6774853522521154,0.4921218259883411,1.8724455793708326,6.1150341162516435,-0.7301644415992571,0.48454401903955874,-4.736359885701708,2.7541790925720226,3.510768952238292,-2.3537811664394814,2.4117514305832257,0.16572357718334393,-4.233863233885763,4.383919457027619,-3.59075815254467,1.8235767976688824,-4.487530926589293,1.0826307595337648,1.8249242463979476,-2.6727172981468996,1.441637587358512,5.196819139216314,0.7461688910174811,9.860118480394277,4.640532794459406,0.3227909020563276,-8.664658860242907,-0.3098304682596155,5.908160303024874,0.35171970403282565,4.256535683922953,-1.1780493488239714,1.8006337960383574,-0.9619771327301897,5.2884218348567424,-3.6155996011324203,3.3629100383260035
-10.5836797717699,-7.676164391335933,-8.575599329245705,-28.813981346920635,-4.46825331648905,-1.3777367254169892,4.292214544138715,-2.4522532291942145,-6.93700852044636,-19.41292075021247,2.524781016017807,-2.9027275987383194,15.6120994047649,-8.320702371814185,-11.931318451806078,8.259237276673476,-7.860487993129821,-1.7716611777647897,12.302006453816002,-13.825100016489865,11.327536365347058,-4.487530926589293,13.892003466008473,-2.4637379615976833,-6.6493600292876,9.956555120776276,-5.192065914926848,-16.330659353383773,-3.118177984134982,-32.1568632534419,-14.649193739490173,-1.7279275789090833,27.220578007462574,0.308476606325911,-18.0265763507145,-1.3201055770824206,-12.603072157945876,3.448953591850804,-6.338321139314479,2.334877544404132,-17.351728173533104,12.026664629087547,-10.882942913879827
0.8558571378825501,0.72101702136578,2.1042810956579685,3.2693003718400635,0.6224396887438096,0.982855624548867,-0.5086640081002519,0.10450770025887869,1.4269157279423175,1.6386871797746385,0.43965597987242494,-0.5977464914610939,-1.2168033831449967,0.8270561928277197,0.937745573458378,-0.8654532200038345,0.8137645178055513,-0.5292217465489153,-1.563638369803005,1.4122284958056912,-0.9727089809595171,1.0826307595337648,-2.4637379615976833,2.0623009650967608,1.81331102786409,-0.9576120372868708,0.5558872705888406,1.6012067738327551,-0.051614315733044855,3.341927128663647,2.0364314781566315,0.8642590854862473,-3.7017809307271166,-0.19004446786639745,2.2065786942762324,0.9849763981653711,1.799914587298845,-0.7599693075230763,0.0854727721929702,-0.014257921291507035,1.9986976517506125,-1.8258106920066501,1.9117653162767003
3.957680352222357,2.9541408112986765,4.450000781048281,13.313681687509813,1.845746711304359,0.6052661207213315,-1.628130328725627,1.3159637675914353,3.878537317486177,8.455246859355617,-0.728776885096169,1.3529845127220688,-6.925136710360106,3.5662213623573145,5.525187397158941,-3.995918151720012,3.629070549074884,0.9191823498555564,-5.183394901977623,6.081737819509684,-4.87715309197236,1.8249242463979476,-6.6493600292876,1.81331102786409,4.07716331827946,-4.939561413149086,2.605088186143533,7.220782411863618,1.4397565375590584,14.706688272855372,6.885507950574393,1.4119445854238692,-12.575427897589648,0.16369577343753164,7.847795268350623,1.2261161718568965,5.502679386359946,-1.6928032522426366,2.764573931129051,-0.563823312791907,8.04055569627758,-5.960352964075433,5.421435032482377
-7.405176776265936,-5.563404436085253,-5.892412738902318,-21.760922161116373,-3.1152095587635396,-0.2437602810945473,2.6791761121902558,-2.2691946672703134,-5.427383637222291,-14.533596262042115,2.193275730429942,-2.906753162261474,11.99039487477588,-5.994227098445536,-9.2261156874356,6.480765956685081,-5.901658880558161,-1.9641209341172876,8.636913101559083,-10.29359935778116,8.479980891849303,-2.6727172981468996,9.956555120776276,-0.9576120372868708,-4.939561413149086,8.078202240156754,-4.088200410182427,-12.066189659968652,-2.7472018604926176,-24.284608651395747,-10.68046241056536,-1.445119758602627,19.913033180716337,0.01805453946193158,-13.128411091393133,-0.8104360859146469,-8.930359965304273,2.3213028963063795,-5.095581329848028,1.5469436903359797,-13.1388390801339,9.011935387155326,-7.978927698629351
3.9087350420238427,2.8141017635748695,3.125908962222103,11.279129535655104,1.616037540260041,0.2191604368554853,-1.5491432371530471,1.0895522593440967,2.729201542355734,7.620739436379983,-1.0856229685213832,1.4985258176560117,-6.208038954110096,3.2019095393603245,4.844423129219211,-3.3292340626475827,3.1131316417862633,1.0160278663032452,-4.55914324976832,5.350399533234165,-4.412936879059634,1.441637587358512,-5.192065914926848,0.5558872705888406,2.605088186143533,-4.088200410182427,2.129851409033859,6.374155750749595,1.3700804955881942,12.653329567674994,5.652019283589779,0.6538109107767801,-10.431768228074334,0.07343369954284272,6.798446208999687,0.4464723114763987,4.6653864194022026,-1.2543257011711721,2.6623182238411562,-0.8027359458267272,6.78748162848512,-4.695312372265607,4.160320461715318
13.545418485564731,9.47312352134029,9.66638011416067,35.29090447824484,5.419087283334566,1.2264879430218572,-5.639679794853223,2.927916285669309,7.692058906743155,24.501742323153852,-3.639892107403343,4.280302417716294,-19.599703024589594,10.532396592867203,15.07755452044308,-10.079139540792854,9.805876982182848,2.7342429700494773,-15.191759802584201,17.141207036509616,-14.221261084116835,5.196819139216314,-16.330659353383773,1.6012067738327551,7.220782411863618,-12.066189659968652,6.374155750749595,20.51248010973025,4.030655608764119,39.79631403808848,17.868964725373203,1.275960823061962,-33.08184023917304,-0.12958553494236125,22.015779656283094,0.9002413761742133,15.269997612137114,-4.020512567057237,8.343308241460141,-3.1485355662120984,21.17724285571201,-14.343155552164626,12.772686109109468
2.489814288939452,1.8698928501480814,1.718679302514051,7.226202972414809,1.0015287637708183,-0.1129259498052734,-0.8471693050148198,0.8108066698793658,1.701172255148825,4.916060871980729,-0.8778151300474624,1.1668719084032628,-4.091894961716668,1.9905451327021475,3.1440012202108756,-2.1781711653994598,1.9680792388803647,0.8131088169996832,-2.801545206385799,3.438767723082935,-2.8678864615174295,0.7461688910174811,-3.118177984134982,-0.051614315733044855,1.4397565375590584,-2.7472018604926176,1.3700804955881942,4.030655608764119,1.0083328868086443,8.114172530847823,3.4518419950872135,0.3727323409299258,-6.4627728574092025,0.02458489408206019,4.308656137043732,0.10680844880756885,2.8685513187953005,-0.6868333830894519,1.8191973060121325,-0.5493553280906032,4.36157400187184,-2.9030349409739724,2.513510635474074
25.826343631702407,18.458525269930274,19.08210167741432,69.4522637577555,10.506613351784267,2.070845917718028,-10.370157852140835,6.157884496683179,15.818772714648409,47.63088719110009,-7.0558481452303035,8.501034693680154,-38.42419799896033,20.257083768743048,29.512070943479774,-20.052508219162636,19.135249081716566,5.491572751699522,-29.298479837706598,33.487885137067224,-27.70706667245559,9.860118480394277,-32.1568632534419,3.341927128663647,14.706688272855372,-24.284608651395747,12.653329567674994,39.79631403808848,8.114172530847823,78.03110794408066,34.874999223607134,3.183544865223809,-64.7390721810691,-0.28947401108867454,43.011454381071935,2.0691832014669758,29.70484967182148,-7.806688070838212,16.275411628090918,-5.856048906040963,41.7584608269102,-28.40625739669215,25.295864992852504
11.5620876469501,8.148029915079116,8.911010466815362,31.04412538433695,4.737152970524863,1.2646143405285324,-4.840133023438472,2.5967424286025365,7.128024181984985,21.25330780846077,-2.907572308721844,3.5323967618163974,-17.022283756029378,9.141468817374589,13.14797952258329,-8.901825486899437,8.594817684039095,2.2453420068899317,-13.255942249385626,14.952888593711686,-12.330105191183016,4.640532794459406,-14.649193739490173,2.0364314781566315,6.885507950574393,-10.68046241056536,5.652019283589779,17.868964725373203,3.4518419950872135,34.874999223607134,15.824029132521318,1.4775803866257031,-29.236410453676307,-0.08721072186590693,19.278920017137864,1.1673531507307044,13.433655611150298,-3.6482290201810548,7.128332390025592,-2.566171322127262,18.64744617641834,-12.839267882735337,11.510458307873593
0.3794949645465686,0.5886339307532984,1.2696860622793045,3.1034158116099415,0.36865881746598556,0.08811420745068575,0.07228461689132305,0.5183715124418049,1.4331962789867665,1.505251820053177,0.013921558871996354,0.1708151295174542,-1.4244928692543366,0.5157696669723839,1.0911485380228816,-1.0444692376153082,0.7206272758851955,0.12436364699430193,-0.8887842872450682,1.2481276762926667,-0.9158625363064777,0.3227909020563276,-1.7279275789090833,0.8642590854862473,1.4119445854238692,-1.445119758602627,0.6538109107767801,1.275960823061962,0.3727323409299258,3.183544865223809,1.4775803866257031,0.8648808141005979,-2.81496116338336,-0.047431311374019555,1.696200904697836,0.6044784966093899,1.1577723200647068,-0.39213844390604735,0.4285583243650291,0.10193412835151237,1.9344001534513569,-1.5682021123218934,1.4766177476221478
-21.590880478497795,-15.408963120000823,-16.44201412773105,-57.719325525579734,-8.877577284878559,-2.2958435755481847,8.828282565633947,-4.905461640856569,-13.283601484562144,-39.44394156974928,5.5282055005394914,-6.4748000875044065,31.677274371353107,-16.90044640249028,-24.291587677594094,16.54571566120529,-15.881006389396909,-4.07093764687989,24.66094648505048,-27.841451594125598,22.95723809491796,-8.664658860242907,27.220578007462574,-3.7017809307271166,-12.575427897589648,19.913033180716337,-10.431768228074334,-33.08184023917304,-6.4627728574092025,-64.7390721810691,-29.236410453676307,-2.81496116338336,54.24217112183089,0.39908725500324965,-36.00348704340535,-2.0523229501724414,-25.043420230104502,6.71141659726956,-13.192895200521477,4.880893901992039,-34.70392543782473,23.775067452057716,-21.32920265404415
-0.42496305592378486,-0.4639847584360252,-0.12928904912115652,-0.36105805037882166,-0.21287833760392488,-0.18842158836165462,0.032610322898650373,0.008249684871412298,-0.05510085659520257,-0.20933773835283118,0.09256292815579091,0.2757957054531707,0.17283765121469918,-0.08477104404098407,0.08562687697524207,0.022716961814219824,0.0016557553970260495,0.2791714189980331,0.37006896880459034,-0.26582853195774614,0.2052107856910598,-0.3098304682596155,0.308476606325911,-0.19004446786639745,0.16369577343753164,0.01805453946193158,0.07343369954284272,-0.12958553494236125,0.02458489408206019,-0.28947401108867454,-0.08721072186590693,-0.047431311374019555,0.39908725500324965,0.33787741056058335,-0.5521256297962945,0.07026710604868473,-0.408530468498182,0.044408745928909234,0.07685999909144003,0.2229159345594891,-0.24603424513022557,0.05544264781825409,-0.11965667938183498
14.775022073939684,10.647357438429964,10.695877599848568,38.365109752743194,6.040539654090847,1.5365647286906639,-5.898878075109893,3.231160661838721,8.605064705274721,26.353973441297878,-3.901590733972497,4.198252118202393,-21.167583449213495,11.277613602660212,16.021553007876047,-10.919123575628124,10.487871683349152,2.5661154594647275,-16.61033652483787,18.649402430055463,-15.41175970933145,5.908160303024874,-18.0265763507145,2.2065786942762324,7.847795268350623,-13.128411091393133,6.798446208999687,22.015779656283094,4.308656137043732,43.011454381071935,19.278920017137864,1.696200904697836,-36.00348704340535,-0.5521256297962945,24.23775703399459,1.0719461759817601,16.83538592663357,-4.3888582429360055,8.768880720688195,-3.5145399051246184,23.080608920825473,-15.595900954393828,13.999458784392756
0.19515914975668464,0.21926239550221877,1.13646807547367,2.000887862208314,0.23999435386099083,0.3058942883590109,-0.12370532603866713,0.21418175286543475,0.9846182059262811,0.9406866273084672,0.22951293376748422,-0.053409368538632616,-0.7928920391133041,0.405475772655557,0.7115278603794066,-0.6395609991541511,0.5178770502363697,-0.036073369394415425,-0.6601340661240286,0.7711573537605254,-0.5296596041091691,0.35171970403282565,-1.3201055770824206,0.9849763981653711,1.2261161718568965,-0.8104360859146469,0.4464723114763987,0.9002413761742133,0.10680844880756885,2.0691832014669758,1.1673531507307044,0.6044784966093899,-2.0523229501724414,0.07026710604868473,1.0719461759817601,0.6136853762716773,0.825802264626016,-0.38544446734021964,0.18225291875926872,0.14999452677027617,1.227016205010678,-1.1512232825459365,1.12831950996067
10.311016341612719,7.370951791674328,7.572406726945682,26.495796876601077,4.225864419139382,1.274787797095387,-4.2182276156717196,2.12405385641333,5.921594243038731,18.215693346295836,-2.590368763675991,2.7165796313886275,-14.550741210155149,7.85911243968809,11.018535382793175,-7.485040238084876,7.258832225632871,1.6176453624505374,-11.621035908967787,12.90213479210923,-10.645099748474035,4.256535683922953,-12.603072157945876,1.799914587298845,5.502679386359946,-8.930359965304273,4.6653864194022026,15.269997612137114,2.8685513187953005,29.70484967182148,13.433655611150298,1.1577723200647068,-25.043420230104502,-0.408530468498182,16.83538592663357,0.825802264626016,11.763714630968337,-3.1155230327198447,5.970633050505339,-2.453789821625863,15.92965758947333,-10.814550415508146,9.754764849804635
-2.609748184239081,-1.82050277801095,-2.1996324741930797,-6.975367206442742,-1.0991907542355348,-0.4625879368234352,1.1558614052183993,-0.5173885458904748,-1.6559733942774535,-4.726433572933548,0.5327650770116146,-0.6206196300273601,3.738582130924716,-2.0747593493700434,-2.893792682129497,1.9681925012590447,-1.9315010164904594,-0.363850623096794,3.0615954956212494,-3.3536011926653564,2.7393708193794617,-1.1780493488239714,3.448953591850804,-0.7599693075230763,-1.6928032522426366,2.3213028963063795,-1.2543257011711721,-4.020512567057237,-0.6868333830894519,-7.806688070838212,-3.6482290201810548,-0.39213844390604735,6.71141659726956,0.044408745928909234,-4.3888582429360055,-0.38544446734021964,-3.1155230327198447,0.8950852398913745,-1.5009369957893353,0.561955360860103,-4.187948884205636,2.951686983251498,-2.693452582246548
5.39150161733024,3.7735804024372332,3.5852777620453424,14.36877838501847,2.09955648174016,0.13056496978754928,-2.1584501494798647,1.3311019180187114,3.0665120461636675,10.051867207471604,-1.6742129669505355,2.1302194108486336,-8.132758400887774,4.24213399024177,6.301000355479169,-4.188068615492543,4.012695919386337,1.4423452171350888,-5.964011934689928,6.958040833714226,-5.819511068539346,1.8006337960383574,-6.338321139314479,0.0854727721929702,2.764573931129051,-5.095581329848028,2.6623182238411562,8.343308241460141,1.8191973060121325,16.275411628090918,7.128332390025592,0.4285583243650291,-13.192895200521477,0.07685999909144003,8.768880720688195,0.18225291875926872,5.970633050505339,-1.5009369957893353,3.6101412459405244,-1.2464957057950012,8.620665638409896,-5.753342121652406,5.021784703466563
-2.4877105425824655,-1.7236586530997393,-1.2327567912906405,-5.145552144948555,-0.9327373083117064,-0.2772754497712638,1.0235586098601737,-0.3069923181287123,-0.7949034279670231,-3.8121392663898206,0.7182663720880196,-0.5198664231227275,2.972067475092143,-1.6824955809864595,-2.1424071835699223,1.3581360222033507,-1.418813131269023,-0.26274147555665783,2.5239217837452097,-2.663962448201951,2.251870178741803,-0.9619771327301897,2.334877544404132,-0.014257921291507035,-0.563823312791907,1.5469436903359797,-0.8027359458267272,-3.1485355662120984,-0.5493553280906032,-5.856048906040963,-2.566171322127262,0.10193412835151237,4.880893901992039,0.2229159345594891,-3.5145399051246184,0.14999452677027617,-2.453789821625863,0.561955360860103,-1.2464957057950012,0.7394001159831746,-3.0777598444994134,1.8988714679714171,-1.6979611167266702
13.684029891001074,9.925193151887656,10.338138214530417,37.27450759560206,5.63804786352652,1.1148299557406383,-5.373956100440576,3.386544025840339,8.702726511817753,25.36595451510068,-3.7230018522368113,4.4544308414313845,-20.540378741863055,10.736766004862314,15.71998398125196,-10.795297122265326,10.201776258224635,2.862184018086153,-15.6265026388312,17.917602761293306,-14.789132037685725,5.2884218348567424,-17.351728173533104,1.9986976517506125,8.04055569627758,-13.1388390801339,6.78748162848512,21.17724285571201,4.36157400187184,41.7584608269102,18.64744617641834,1.9344001534513569,-34.70392543782473,-0.24603424513022557,23.080608920825473,1.227016205010678,15.92965758947333,-4.187948884205636,8.620665638409896,-3.0777598444994134,22.44233922043736,-15.301886384253361,13.659827079488835
-9.00485475821355,-6.52872397923386,-7.374232672160749,-25.412301485904827,-3.787238041836367,-0.8855049078244525,3.607454262028341,-2.3169953010430255,-6.203750994698587,-17.085443540644803,2.285320313211806,-2.92245733776419,13.83836889945202,-7.249164977640952,-10.69194404453917,7.400226238119273,-6.963585588598364,-1.8939563489898086,10.538881870146598,-12.101090998212126,9.933432478446006,-3.6155996011324203,12.026664629087547,-1.8258106920066501,-5.960352964075433,9.011935387155326,-4.695312372265607,-14.343155552164626,-2.9030349409739724,-28.40625739669215,-12.839267882735337,-1.5682021123218934,23.775067452057716,0.05544264781825409,-15.595900954393828,-1.1512232825459365,-10.814550415508146,2.951686983251498,-5.753342121652406,1.8988714679714171,-15.301886384253361,10.631886177638918,-9.534698013837744
8.05860002056788,5.863101646312143,6.750321164569617,22.675478200093984,3.4252584249189,0.9521522301779343,-3.248136125314204,2.0198298089637423,5.599721756262802,15.179697975658572,-1.9436982715192026,2.4211614240667765,-12.26731058217394,6.466454992075547,9.450869573494135,-6.5719374894086275,6.194191341720476,1.53267604838636,-9.484007151916316,10.797422882649876,-8.836905155804564,3.3629100383260035,-10.882942913879827,1.9117653162767003,5.421435032482377,-7.978927698629351,4.160320461715318,12.772686109109468,2.513510635474074,25.295864992852504,11.510458307873593,1.4766177476221478,-21.32920265404415,-0.11965667938183498,13.999458784392756,1.12831950996067,9.754764849804635,-2.693452582246548,5.021784703466563,-1.6979611167266702,13.659827079488835,-9.534698013837744,8.600470145690622
