V1,V2,V3,V4,V5,V6,V7,V8,V9,V10,V11,V12,V13,V14,V15,V16,V17,V18,V19,V20,V21,V22,V23,V24,V25,V26,V27,V28,V29,V30,V31,V32,V33,V34,V35,V36,V37,V38,V39,V40,V41,V42,V43,V44
15.30502626806075,-4.3117620836806045,5.284516122359247,48.508532895870935,-0.7497513180954736,9.086806741468353,-12.7830445529748,5.221491607603861,9.57695097467309,33.07263241929598,-5.751542567358138,16.984099375704236,-10.913539646870957,-6.63761680221126,-27.47731359734777,-3.4127161902251966,10.126094731302953,1.342335655351614,16.451830663096022,-14.486848835356554,5.105905314805315,-22.475609468534245,8.140469933061102,12.771063766302268,0.6228103819544044,-15.575335905188222,5.764107292823007,-37.75101709403,16.589926673660806,6.604258028726387,24.205010541380748,14.823609658368282,-31.79554352952616,-10.05494737778811,-17.088705423073858,28.778586393805586,26.800470814805035,22.09425793635355,24.01997210386025,-18.201554958925744,11.38115475041763,11.121184580584297,3.614259556995661,-2.1231011300219005
-4.3117620836806045,1.6539487132239066,-1.39526765142797,-14.600491650785758,0.2824077385983334,-2.4153136080702975,4.010062793095811,-1.7382635644889897,-3.0277346861752985,-10.029764949323818,1.792032652541735,-4.990481493297739,2.953615547911369,1.9904779143838025,8.354882656586856,1.113135748446927,-3.020430836177465,-0.24752409977032638,-5.058726215210451,4.218026163194843,-1.8752885579390304,6.472078182117273,-2.676150394521359,-4.533373108122113,0.04361013390919705,4.908429440062074,-1.9276611873782339,11.506728741235378,-5.356960186063814,-1.8726734278404662,-7.777748262465284,-4.438022308278709,9.43169386451642,2.5972592510347914,4.846649727144924,-8.652908034358568,-7.93630788189309,-6.848504093566481,-7.0425894294966,5.509061944475095,-3.848023035334277,-3.1423155163457595,-0.9692954279127921,0.04687806816006287
5.284516122359247,-1.39526765142797,2.04862154618663,16.522014679434132,-0.49297810434803657,3.101672906280523,-4.027028466350261,1.7116208995255968,3.2642048911370263,10.900020060084683,-1.8246105276391273,5.49970818844484,-3.8690179908343834,-2.0609305829792732,-9.485120725100092,-1.5757615018465827,3.158723455288441,0.3290956763155308,5.178722901259831,-4.887189209124307,1.5201018809224351,-7.561258394470864,3.062692802474677,3.689383109893632,0.3471874952343156,-5.155029577619197,1.7115340308403055,-12.527309531727106,5.64119992371503,2.214153873998043,8.357665439253681,4.9234875048651245,-10.625006063651687,-3.6258503378671203,-5.8659382304091086,9.873149782965628,9.202507375791317,7.647212792109392,7.868451481480726,-6.306083428506651,3.672771639513549,3.83995809342697,1.1601554266357776,-0.9762768054352985
48.508532895870935,-14.600491650785758,16.522014679434132,156.84864784711385,-2.3696848835777344,28.78267041826224,-41.674024548610454,17.3030525299735,31.16253681770533,106.81737477573651,-18.682669059088962,54.620427389208636,-34.38805409849673,-21.420349477779656,-88.76162932839829,-11.07114796312779,32.68822377001408,4.096887721802323,53.74195228627427,-46.51344058331743,17.452912619244167,-72.2292545032173,26.532370069011154,43.37948082023344,1.4170033240671558,-50.943162009601615,19.28523070142612,-122.42504496318924,54.30320052484751,21.264932476407374,79.11060653533497,47.963269061938504,-102.46853537021663,-31.304764799287977,-54.57022987997407,92.70602069028834,86.25188688684945,71.79992842412548,77.26612961012822,-58.613203644088046,37.81255296874294,35.21353029180552,11.563003452837428,-5.327827967401727
-0.7497513180954736,0.2824077385983334,-0.49297810434803657,-2.3696848835777344,0.5864150607195955,-0.21558846034821438,0.25949959393749805,-0.32421243572264524,-0.5839622205490731,-0.9926229732270603,0.1962231206641379,-0.22909094456415047,0.7488295717328708,0.16275442417325767,1.7654717652243588,1.0925339400660765,0.0889255569300206,0.4245713756601429,0.13015840940355636,0.6555065221159244,0.21157631385514936,0.8552934869578561,-0.966440729304945,0.2483194433920153,-0.27299449063445497,0.3952454263641271,0.1763613158872715,1.2176609125890345,-1.24949225439955,-0.053035096472809955,-1.8266050096491047,-0.42260267134158797,1.0174873522539856,0.7619390310504743,0.7688466514893537,-1.4629924374323695,-1.314396280976706,-1.5357598477669456,-0.4902108891657678,1.2708783489924618,-0.30148685697445676,-0.7096819374223995,-0.13083328774094422,0.30364444971593063
9.086806741468353,-2.4153136080702975,3.101672906280523,28.78267041826224,-0.21558846034821438,5.584225522980917,-7.6456233714527215,3.045877206944538,5.615187665771003,19.712125320354975,-3.3897108832871177,10.291565986930278,-6.42006033894618,-3.927206255045634,-16.087837847910333,-1.7046299563795422,6.170365100544628,1.0073680176319277,10.085569357715377,-8.624190669134155,3.1672854563055477,-13.51822847327897,4.540477931479854,7.783462676985974,0.33033412349697716,-9.344325402747836,3.572987624286274,-22.578741496333016,9.539315262643779,4.092877918989272,13.9957985648041,8.928388180624184,-19.068148769462184,-5.933436697597255,-10.246208645645318,17.002089214353305,15.897062666922032,12.87951340549211,14.496553369694187,-10.594884217397968,6.75182754884957,6.511308303429383,2.1806427022493913,-1.2815131920734817
-12.7830445529748,4.010062793095811,-4.027028466350261,-41.674024548610454,0.25949959393749805,-7.6456233714527215,11.582782467866991,-4.707626759357981,-8.339858262453705,-28.93367938520886,5.1429519442067635,-14.960205498011954,8.834021423612443,5.914047348020884,23.39452437743085,2.3382480878962464,-9.096944804966872,-1.2740857089071396,-14.926131861863874,12.395681026062144,-5.046263650233693,19.298176084409096,-6.626781823184166,-12.54519487264123,-0.15283013481364977,13.813581560415578,-5.53544160986394,33.07009432671349,-14.392406911121995,-5.7330785082661935,-20.891739729220507,-12.960266821705224,27.555203454609266,7.993921424125989,14.444391029565598,-24.556120252007744,-22.780559325666093,-18.86412780745769,-20.98393899092427,15.402989868929385,-10.396847794400763,-9.240805232369555,-3.1124499795306453,0.9776205819740106
5.221491607603861,-1.7382635644889897,1.7116208995255968,17.3030525299735,-0.32421243572264524,3.045877206944538,-4.707626759357981,2.036373498530328,3.5546403935804753,11.716969845799241,-2.1062816983919608,5.946107900018129,-3.661098672860448,-2.3684962818790476,-9.883755953090754,-1.3793498304068408,3.506702676960415,0.2856514289785992,5.838764951579269,-5.099472401532673,1.987766716840143,-7.896141478879474,2.9719060006643527,5.035411731511472,0.12697856824449305,-5.62537192321297,2.170529651521356,-13.503954701388698,6.199663118478356,2.2728225728468523,9.02686787324046,5.2710206492244565,-11.189776587958912,-3.341373103209178,-5.933723207749449,10.173736550463808,9.40079308393981,8.041990933494656,8.389004465012759,-6.531840187452112,4.288467197633528,3.8384276321022353,1.2621700926153836,-0.347270658168821
9.57695097467309,-3.0277346861752985,3.2642048911370263,31.16253681770533,-0.5839622205490731,5.615187665771003,-8.339858262453705,3.5546403935804753,6.412819192719146,21.090504694880757,-3.696268168673967,10.746678096738691,-6.6601080773171235,-4.1033466959492015,-17.78407275330425,-2.5024071872580884,6.28362239640975,0.5974135843318478,10.452579914572526,-9.160398162110303,3.5493598613031354,-14.212788722371211,5.410343912450732,8.661052215617064,0.2830925256684931,-10.14045829190937,3.831426286446763,-24.29597387037056,10.91921222307878,4.17689779306314,16.108297994317212,9.515571787784136,-20.237085405096355,-6.180752510417945,-10.812260502725982,18.452935138597365,17.013509708723323,14.369918868330329,15.125672852949965,-11.750457797973535,7.607898347622379,6.952543071338763,2.1669690265169557,-0.8501886478455593
33.07263241929598,-10.029764949323818,10.900020060084683,106.81737477573651,-0.9926229732270603,19.712125320354975,-28.93367938520886,11.716969845799241,21.090504694880757,73.79127122700848,-12.922892796566272,37.96228752959328,-23.17067068625272,-14.932691667725605,-60.035700657378165,-6.346903383832334,23.098120913512314,3.3672911869647932,37.76842702949486,-31.745076844225533,12.45457873827013,-49.33412809028351,17.519009595403936,30.715391870745375,0.5986353074955294,-35.17700930700076,13.68674214561512,-84.21540468552381,36.67196004579844,14.674195516455098,53.258740411928336,32.98821803161997,-70.44989815949859,-20.920304436500615,-37.120757845777064,63.18287288442685,58.770334463900916,48.438336595959626,53.50581399559155,-39.57136391679173,26.18450800013708,23.867521775531838,7.909512455823641,-3.297512972339828
-5.751542567358138,1.792032652541735,-1.8246105276391273,-18.682669059088962,0.1962231206641379,-3.3897108832871177,5.1429519442067635,-2.1062816983919608,-3.696268168673967,-12.922892796566272,2.325824115333977,-6.630070980829866,4.069934995120615,2.718481433291476,10.548724559765901,1.1327356471914312,-4.043528310020741,-0.5195951415998044,-6.5661714933218445,5.58996773733929,-2.118808704302803,8.652441603463728,-3.026603323211548,-5.47090723647842,-0.12253728504780545,6.090806678293752,-2.386513877172336,14.713497021641128,-6.557152150626801,-2.501428353756166,-9.403907557909298,-5.7463685339464226,12.279713113254573,3.6535524558771626,6.459444507162387,-11.002555422102189,-10.244246530564338,-8.536644656439409,-9.35540947573629,6.977289408897343,-4.582990182412478,-4.218911390245308,-1.4520020715779114,0.53339807047996
16.984099375704236,-4.990481493297739,5.49970818844484,54.620427389208636,-0.22909094456415047,10.291565986930278,-14.960205498011954,5.946107900018129,10.746678096738691,37.96228752959328,-6.630070980829866,19.737779453745137,-11.795887501425947,-7.680391611076079,-30.490555922371133,-2.8346358676371826,12.046747973500487,1.9529924250232666,19.68446209641355,-16.293191613335374,6.505663542977532,-25.44257192641722,8.589532931133865,15.949912514439175,0.2741443497329105,-18.091168179261526,7.173458891717578,-43.32468985110762,18.434346753088914,7.675584241424237,26.84248916273825,17.034426149076985,-36.30920664206397,-10.70291067115371,-19.123320457457158,32.26496643728847,30.040571165184346,24.490095425001243,27.711030818501136,-20.052488974102353,13.389241096839376,12.174912728909888,4.086630631047978,-1.722871023883158
-10.913539646870957,2.953615547911369,-3.8690179908343834,-34.38805409849673,0.7488295717328708,-6.42006033894618,8.834021423612443,-3.661098672860448,-6.6601080773171235,-23.17067068625272,4.069934995120615,-11.795887501425947,8.055892076729037,4.799343531643042,19.605632316589404,2.701356464889506,-7.012764733939857,-0.825868568321036,-11.276822560431295,10.351856325625837,-3.205366288689571,15.986486656175758,-5.898516249274923,-8.491777259939113,-0.6301706629243186,10.740560223015871,-3.7984077785955517,26.393729813776215,-11.926240438816775,-4.556032771990833,-17.17648998377397,-10.34178680439408,22.327220466310685,7.376194752190449,12.13365242470866,-20.357922651579894,-19.09305130011729,-15.837440972350935,-16.8458241912457,13.055343115110093,-7.776824071786081,-8.062395722308482,-2.7102399994765234,1.848365476106645
-6.63761680221126,1.9904779143838025,-2.0609305829792732,-21.420349477779656,0.16275442417325767,-3.927206255045634,5.914047348020884,-2.3684962818790476,-4.1033466959492015,-14.932691667725605,2.718481433291476,-7.680391611076079,4.799343531643042,3.282908332391506,12.031454271760392,1.1077064130981955,-4.78225047157493,-0.6986259579850109,-7.645913718717156,6.490080629227097,-2.330830220162854,10.028138409299459,-3.3514889020709604,-6.275014271854139,-0.157869453887004,6.929094627378505,-2.723967862615276,16.883136252433143,-7.5082954453376,-2.860817896546414,-10.57278087512665,-6.586065454390694,14.147178822327914,4.231996401157211,7.418598972832811,-12.57750701392404,-11.810687709024366,-9.747640046454459,-10.886833869407306,7.974376460285838,-5.182872034360777,-4.909252388273981,-1.7870852604324001,0.7418276770523835
-27.47731359734777,8.354882656586856,-9.485120725100092,-88.76162932839829,1.7654717652243588,-16.087837847910333,23.39452437743085,-9.883755953090754,-17.78407275330425,-60.035700657378165,10.548724559765901,-30.490555922371133,19.605632316589404,12.031454271760392,50.605094842828564,6.989045569871896,-18.05510880590967,-1.8944255589599805,-29.6653222670178,26.296457519148873,-9.516045317942643,40.685484737608284,-15.428177326353115,-23.92312039840446,-0.9992939221788935,28.533333208920723,-10.56786365340013,68.83593631732818,-31.12518976658903,-11.795847463082122,-45.348111839360534,-26.919413284395205,57.58999641858737,17.941778600955875,30.83700336473371,-52.52320563404678,-48.78150965349079,-40.99381634024141,-43.219156314063866,33.515101540059426,-21.21953292443161,-20.098068371938936,-6.504993321174952,3.133390603479649
-3.4127161902251966,1.113135748446927,-1.5757615018465827,-11.07114796312779,1.0925339400660765,-1.7046299563795422,2.3382480878962464,-1.3793498304068408,-2.5024071872580884,-6.346903383832334,1.1327356471914312,-2.8346358676371826,2.701356464889506,1.1077064130981955,6.989045569871896,2.467594965774359,-1.1999954699696456,0.6045312065779938,-2.1307392901181665,3.167004320534148,-0.4960391432788664,4.718277102140186,-2.7875534723838844,-1.5692461035169374,-0.545938874983333,2.980021013985519,-0.6060588682413688,7.575274216562045,-4.491605480713273,-1.1013866804198074,-6.737578418039971,-2.914151852694535,6.311212564395111,2.6997183232974553,3.811511427817922,-6.6126270346722835,-6.018050148758075,-5.806112994091336,-4.224926942420152,4.7655649033299134,-2.221367785565494,-2.721136276946827,-0.686632045570088,0.6725079037838042
10.126094731302953,-3.020430836177465,3.158723455288441,32.68822377001408,0.0889255569300206,6.170365100544628,-9.096944804966872,3.506702676960415,6.28362239640975,23.098120913512314,-4.043528310020741,12.046747973500487,-7.012764733939857,-4.78225047157493,-18.05510880590967,-1.1999954699696456,7.564871367594497,1.428461019933465,12.27668349673134,-9.781397137597843,4.0893325103234455,-15.274389796786963,4.965984492589887,10.024086493251097,-0.0021236527389258968,-11.007807016479862,4.496646710033213,-26.207978495946257,10.957594454710922,4.6489321041570255,15.77000623779245,10.284041264939166,-21.947109359603232,-6.199252538770305,-11.368627540059416,19.293613283880468,18.03203258787236,14.519037629886729,16.915141509187535,-11.839176340360575,8.184449968274164,7.219515428004222,2.509031491211676,-0.9150708977189765
1.342335655351614,-0.24752409977032638,0.3290956763155308,4.096887721802323,0.4245713756601429,1.0073680176319277,-1.2740857089071396,0.2856514289785992,0.5974135843318478,3.3672911869647932,-0.5195951415998044,1.9529924250232666,-0.825868568321036,-0.6986259579850109,-1.8944255589599805,0.6045312065779938,1.428461019933465,0.6543848239856884,2.264805035155828,-1.270155212166346,0.8011759195145901,-2.102359445636559,0.24387608488396043,1.6821879549389487,-0.16870743794572832,-1.6501988334256816,0.848411109902104,-3.707645114458565,0.9254682405358817,0.817698904810321,1.3109189135596901,1.4999950560620732,-3.1873493497869805,-0.6385754495136453,-1.5048057867678595,2.4242702297239025,2.355365107151696,1.4328368427863372,2.6715852559058293,-1.1588234210206692,1.1361999172096424,0.802121519804513,0.34713563560263544,-0.1394605939691211
16.451830663096022,-5.058726215210451,5.178722901259831,53.74195228627427,0.13015840940355636,10.085569357715377,-14.926131861863874,5.838764951579269,10.452579914572526,37.76842702949486,-6.5661714933218445,19.68446209641355,-11.276822560431295,-7.645913718717156,-29.6653222670178,-2.1307392901181665,12.27668349673134,2.264805035155828,20.194186288860838,-15.947936983454243,6.973103955260423,-24.99411968728851,8.263776983029187,16.74562496985902,-0.10137231637562728,-18.24580909128043,7.5102436458496244,-43.1148658297683,18.009833775443486,7.700644203774494,26.132726954870993,16.93197395611077,-35.98450776910706,-9.981269908420488,-18.613999526257206,31.6724616390856,29.540952965711373,23.905098617069964,27.603704675488828,-19.3864603099746,13.636783022227046,11.645358757187262,3.9934555959628115,-1.199601391858639
-14.486848835356554,4.218026163194843,-4.887189209124307,-46.51344058331743,0.6555065221159244,-8.624190669134155,12.395681026062144,-5.099472401532673,-9.160398162110303,-31.745076844225533,5.58996773733929,-16.293191613335374,10.351856325625837,6.490080629227097,26.296457519148873,3.167004320534148,-9.781397137597843,-1.270155212166346,-15.947936983454243,13.898539230536349,-5.009957550997544,21.576191477428186,-7.701514934208112,-12.733445625215781,-0.5070213852392825,14.987657861414082,-5.66418479582992,36.285363058830946,-16.059286850710308,-6.306937202242131,-23.271439070050352,-14.230789323423854,30.457452749529747,9.433404717391443,16.271406671676434,-27.458089156833854,-25.61663345312453,-21.234566498751395,-23.0627074740864,17.39605939985238,-11.06349169406486,-10.566930543462064,-3.552242275564724,1.7823576381943327
5.105905314805315,-1.8752885579390304,1.5201018809224351,17.452912619244167,0.21157631385514936,3.1672854563055477,-5.046263650233693,1.987766716840143,3.5493598613031354,12.45457873827013,-2.118808704302803,6.505663542977532,-3.205366288689571,-2.330830220162854,-9.516045317942643,-0.4960391432788664,4.0893325103234455,0.8011759195145901,6.973103955260423,-5.009957550997544,2.8295112201616046,-7.92640473501101,2.700782568193408,6.2492136704675465,-0.3255921334117585,-6.326168147543507,2.7954117445595617,-14.370130218899291,5.8112337164565995,2.5984980087014504,8.654594075007013,5.63596506935498,-11.789072660628266,-2.7850765877119636,-5.8831195947943185,10.2986965234314,9.459544146654077,7.689081586723278,8.995390236778373,-6.119035479168511,4.888746614323688,3.4618373692363074,1.0928479568191556,0.19838766836879268
-22.475609468534245,6.472078182117273,-7.561258394470864,-72.2292545032173,0.8552934869578561,-13.51822847327897,19.298176084409096,-7.896141478879474,-14.212788722371211,-49.33412809028351,8.652441603463728,-25.44257192641722,15.986486656175758,10.028138409299459,40.685484737608284,4.718277102140186,-15.274389796786963,-2.102359445636559,-24.99411968728851,21.576191477428186,-7.92640473501101,33.61108449236348,-11.770335563723492,-19.964233009067502,-0.7436567866947031,23.37535932717577,-8.926986527293433,56.489000335592095,-24.719943754232702,-9.927685882121065,-35.922568228144925,-22.199971300549052,47.43111443424861,14.59412071239263,25.333441440387283,-42.58683863848297,-39.75647897533957,-32.811250344818845,-35.952984733616994,26.86167792286098,-17.21408980676898,-16.312740064145665,-5.509074019915148,2.727292691784774
8.140469933061102,-2.676150394521359,3.062692802474677,26.532370069011154,-0.966440729304945,4.540477931479854,-6.626781823184166,2.9719060006643527,5.410343912450732,17.519009595403936,-3.026603323211548,8.589532931133865,-5.898516249274923,-3.3514889020709604,-15.428177326353115,-2.7875534723838844,4.965984492589887,0.24387608488396043,8.263776983029187,-7.701514934208112,2.700782568193408,-11.770335563723492,5.272965704322066,6.6130707459821725,0.34013136185755355,-8.439373336719727,2.879783880061406,-20.164525768333966,9.639582481942192,3.328102051730098,14.131026927946161,7.809737506043886,-16.7900211180038,-5.374634319197271,-9.042612991661581,15.83666479060269,14.619230318071299,12.632846458434265,12.316376668182475,-10.255052114544165,6.33707517145156,5.999446987415137,1.7644733415197953,-0.9159407691345255
12.771063766302268,-4.533373108122113,3.689383109893632,43.37948082023344,0.2483194433920153,7.783462676985974,-12.54519487264123,5.035411731511472,8.661052215617064,30.715391870745375,-5.47090723647842,15.949912514439175,-8.491777259939113,-6.275014271854139,-23.92312039840446,-1.5692461035169374,10.024086493251097,1.6821879549389487,16.74562496985902,-12.733445625215781,6.2492136704675465,-19.964233009067502,6.6130707459821725,15.024012666504863,-0.45309561313429947,-15.107371923015025,6.547050975056999,-35.22857219222777,14.969448710448248,6.141355103172657,21.643074139678333,13.769482200879713,-28.995750499260087,-7.343800019412419,-14.656114687175164,25.388627850426385,23.528061763735828,19.43874353825159,22.248570758264417,-15.550990871196923,11.684777548503606,9.041614649761614,3.1612864777499046,0.04658984577418265
0.6228103819544044,0.04361013390919705,0.3471874952343156,1.4170033240671558,-0.27299449063445497,0.33033412349697716,-0.15283013481364977,0.12697856824449305,0.2830925256684931,0.5986353074955294,-0.12253728504780545,0.2741443497329105,-0.6301706629243186,-0.157869453887004,-0.9992939221788935,-0.545938874983333,-0.0021236527389258968,-0.16870743794572832,-0.10137231637562728,-0.5070213852392825,-0.3255921334117585,-0.7436567866947031,0.34013136185755355,-0.45309561313429947,0.3093180179745312,-0.08936314668157236,-0.18561934079055403,-0.6924467997431702,0.5451152439268535,0.10202415614929947,0.7911068356361328,0.2922906567851952,-0.7266583740601992,-0.7149472498436549,-0.6545616348586417,0.8465637696435063,0.8315044291153041,0.7752039587192755,0.4662400543903254,-0.7452342999251251,-0.06663232850234217,0.5645785406319622,0.1859450975199242,-0.50643216023846
-15.575335905188222,4.908429440062074,-5.155029577619197,-50.943162009601615,0.3952454263641271,-9.344325402747836,13.813581560415578,-5.62537192321297,-10.14045829190937,-35.17700930700076,6.090806678293752,-18.091168179261526,10.740560223015871,6.929094627378505,28.533333208920723,2.980021013985519,-11.007807016479862,-1.6501988334256816,-18.24580909128043,14.987657861414082,-6.326168147543507,23.37535932717577,-8.439373336719727,-15.107371923015025,-0.08936314668157236,17.057939844901483,-6.743653381936969,40.33808528125035,-17.41842883213104,-7.089930671426962,-25.500866054081687,-15.805531454719992,33.60916653066573,9.657814327365115,17.58958813171003,-30.127488396024365,-27.95025392948456,-23.068013164072987,-25.443990078439846,18.714940790917144,-12.777909454760367,-11.111002777752233,-3.6080138422684427,1.1939826137296976
5.764107292823007,-1.9276611873782339,1.7115340308403055,19.28523070142612,0.1763613158872715,3.572987624286274,-5.53544160986394,2.170529651521356,3.831426286446763,13.68674214561512,-2.386513877172336,7.173458891717578,-3.7984077785955517,-2.723967862615276,-10.56786365340013,-0.6060588682413688,4.496646710033213,0.848411109902104,7.5102436458496244,-5.66418479582992,2.7954117445595617,-8.926986527293433,2.879783880061406,6.547050975056999,-0.18561934079055403,-6.743653381936969,2.915654298794428,-15.702060879510828,6.460481383718938,2.8143329698820407,9.444508923565563,6.1684671888973925,-12.990526958914677,-3.334984271834174,-6.60367860605314,11.327501050122828,10.500165958462656,8.524502964291468,9.977320481672676,-6.853882669718845,5.138101340752936,4.021007181234388,1.3735569699967412,-0.09636775751332136
-37.75101709403,11.506728741235378,-12.527309531727106,-122.42504496318924,1.2176609125890345,-22.578741496333016,33.07009432671349,-13.503954701388698,-24.29597387037056,-84.21540468552381,14.713497021641128,-43.32468985110762,26.393729813776215,16.883136252433143,68.83593631732818,7.575274216562045,-26.207978495946257,-3.707645114458565,-43.1148658297683,36.285363058830946,-14.370130218899291,56.489000335592095,-20.164525768333966,-35.22857219222777,-0.6924467997431702,40.33808528125035,-15.702060879510828,96.41479384979334,-42.02317384695289,-16.863586149175934,-61.25294950746728,-37.79977484079789,80.58178796253505,23.906384429417578,42.53620835455825,-72.33660986651222,-67.24801525849531,-55.579775462069215,-61.047585674188625,45.32410060440522,-30.049078476475238,-27.197235044310595,-8.976941805385268,3.614972655011401
16.589926673660806,-5.356960186063814,5.64119992371503,54.30320052484751,-1.24949225439955,9.539315262643779,-14.392406911121995,6.199663118478356,10.91921222307878,36.67196004579844,-6.557152150626801,18.434346753088914,-11.926240438816775,-7.5082954453376,-31.12518976658903,-4.491605480713273,10.957594454710922,0.9254682405358817,18.009833775443486,-16.059286850710308,5.8112337164565995,-24.719943754232702,9.639582481942192,14.969448710448248,0.5451152439268535,-17.41842883213104,6.460481383718938,-42.02317384695289,19.529354044912118,7.005389968271607,28.19147152435841,16.346455304390954,-34.98511681019258,-10.769163234572451,-18.619107945317477,32.05922113039749,29.763294382610816,25.37735632514432,26.21499424774928,-20.64816228467093,13.156485367070914,12.273186637379913,4.0335075014724495,-1.608155663675604
6.604258028726387,-1.8726734278404662,2.214153873998043,21.264932476407374,-0.053035096472809955,4.092877918989272,-5.7330785082661935,2.2728225728468523,4.17689779306314,14.674195516455098,-2.501428353756166,7.675584241424237,-4.556032771990833,-2.860817896546414,-11.795847463082122,-1.1013866804198074,4.6489321041570255,0.817698904810321,7.700644203774494,-6.306937202242131,2.5984980087014504,-9.927685882121065,3.328102051730098,6.141355103172657,0.10202415614929947,-7.089930671426962,2.8143329698820407,-16.863586149175934,7.005389968271607,3.0833028116153023,10.341134048898303,6.664759212684668,-14.160165218808281,-4.167038549327263,-7.495682020925467,12.553711685500781,11.705448210532504,9.457915985239948,10.76887475572109,-7.720018922499833,5.19227199365614,4.659776855190323,1.5430420621089613,-0.7008630221305531
24.205010541380748,-7.777748262465284,8.357665439253681,79.11060653533497,-1.8266050096491047,13.9957985648041,-20.891739729220507,9.02686787324046,16.108297994317212,53.258740411928336,-9.403907557909298,26.84248916273825,-17.17648998377397,-10.57278087512665,-45.348111839360534,-6.737578418039971,15.77000623779245,1.3109189135596901,26.132726954870993,-23.271439070050352,8.654594075007013,-35.922568228144925,14.131026927946161,21.643074139678333,0.7911068356361328,-25.500866054081687,9.444508923565563,-61.25294950746728,28.19147152435841,10.341134048898303,41.170660504652105,23.888824253918305,-50.99026008359853,-15.714186288147033,-27.234807947893486,46.80383111179097,43.29296840282533,36.87068892743291,38.04718988354721,-30.032816473008044,19.201717038901794,17.756479733540207,5.638186074153523,-2.2782983695895465
14.823609658368282,-4.438022308278709,4.9234875048651245,47.963269061938504,-0.42260267134158797,8.928388180624184,-12.960266821705224,5.2710206492244565,9.515571787784136,32.98821803161997,-5.7463685339464226,17.034426149076985,-10.34178680439408,-6.586065454390694,-26.919413284395205,-2.914151852694535,10.284041264939166,1.4999950560620732,16.93197395611077,-14.230789323423854,5.63596506935498,-22.199971300549052,7.809737506043886,13.769482200879713,0.2922906567851952,-15.805531454719992,6.1684671888973925,-37.79977484079789,16.346455304390954,6.664759212684668,23.888824253918305,14.848800363027303,-31.627451028124042,-9.410139115862604,-16.73209922733475,28.32750165288358,26.34228105847133,21.698797708065737,23.976153072625387,-17.71155480589681,11.729721001573154,10.651688795238325,3.521739370705824,-1.4713321861329665
-31.79554352952616,9.43169386451642,-10.625006063651687,-102.46853537021663,1.0174873522539856,-19.068148769462184,27.555203454609266,-11.189776587958912,-20.237085405096355,-70.44989815949859,12.279713113254573,-36.30920664206397,22.327220466310685,14.147178822327914,57.58999641858737,6.311212564395111,-21.947109359603232,-3.1873493497869805,-35.98450776910706,30.457452749529747,-11.789072660628266,47.43111443424861,-16.7900211180038,-28.995750499260087,-0.7266583740601992,33.60916653066573,-12.990526958914677,80.58178796253505,-34.98511681019258,-14.160165218808281,-50.99026008359853,-31.627451028124042,67.51387314243368,20.288201164450502,35.768357971462805,-60.57618441795276,-56.3920394797798,-46.42407219617314,-51.19139984357218,37.94988970577687,-24.881968792199554,-22.913386885201408,-7.58227060579744,3.416120228158375
-10.05494737778811,2.5972592510347914,-3.6258503378671203,-31.304764799287977,0.7619390310504743,-5.933436697597255,7.993921424125989,-3.341373103209178,-6.180752510417945,-20.920304436500615,3.6535524558771626,-10.70291067115371,7.376194752190449,4.231996401157211,17.941778600955875,2.6997183232974553,-6.199252538770305,-0.6385754495136453,-9.981269908420488,9.433404717391443,-2.7850765877119636,14.59412071239263,-5.374634319197271,-7.343800019412419,-0.7149472498436549,9.657814327365115,-3.334984271834174,23.906384429417578,-10.769163234572451,-4.167038549327263,-15.714186288147033,-9.410139115862604,20.288201164450502,6.937593330188529,11.191903297459179,-18.57243592270943,-17.34811543854791,-14.404059624842672,-15.229247212955778,11.971037763618364,-6.913361725693327,-7.424043577299848,-2.4166715861921944,1.8462383805158815
-17.088705423073858,4.846649727144924,-5.8659382304091086,-54.57022987997407,0.7688466514893537,-10.246208645645318,14.444391029565598,-5.933723207749449,-10.812260502725982,-37.120757845777064,6.459444507162387,-19.123320457457158,12.13365242470866,7.418598972832811,30.83700336473371,3.811511427817922,-11.368627540059416,-1.5048057867678595,-18.613999526257206,16.271406671676434,-5.8831195947943185,25.333441440387283,-9.042612991661581,-14.656114687175164,-0.6545616348586417,17.58958813171003,-6.60367860605314,42.53620835455825,-18.619107945317477,-7.495682020925467,-27.234807947893486,-16.73209922733475,35.768357971462805,11.191903297459179,19.217879578584885,-32.269758547440375,-30.058949848509258,-24.818186797299507,-27.012423099196877,20.380020775851744,-12.88577373233176,-12.384355214780527,-4.069859988208532,2.2149122640708305
28.778586393805586,-8.652908034358568,9.873149782965628,92.70602069028834,-1.4629924374323695,17.002089214353305,-24.556120252007744,10.173736550463808,18.452935138597365,63.18287288442685,-11.002555422102189,32.26496643728847,-20.357922651579894,-12.57750701392404,-52.52320563404678,-6.6126270346722835,19.293613283880468,2.4242702297239025,31.6724616390856,-27.458089156833854,10.2986965234314,-42.58683863848297,15.83666479060269,25.388627850426385,0.8465637696435063,-30.127488396024365,11.327501050122828,-72.33660986651222,32.05922113039749,12.553711685500781,46.80383111179097,28.32750165288358,-60.57618441795276,-18.57243592270943,-32.269758547440375,54.93103822144158,51.037281249942936,42.441269165915514,45.62960380505794,-34.70297878841326,22.33180709327378,20.860726985469096,6.7343729008954085,-3.235443993525247
26.800470814805035,-7.93630788189309,9.202507375791317,86.25188688684945,-1.314396280976706,15.897062666922032,-22.780559325666093,9.40079308393981,17.013509708723323,58.770334463900916,-10.244246530564338,30.040571165184346,-19.09305130011729,-11.810687709024366,-48.78150965349079,-6.018050148758075,18.03203258787236,2.355365107151696,29.540952965711373,-25.61663345312453,9.459544146654077,-39.75647897533957,14.619230318071299,23.528061763735828,0.8315044291153041,-27.95025392948456,10.500165958462656,-67.24801525849531,29.763294382610816,11.705448210532504,43.29296840282533,26.34228105847133,-56.3920394797798,-17.34811543854791,-30.058949848509258,51.037281249942936,47.55966989064942,39.43988613862331,42.5564226105251,-32.234009705085995,20.653740016829268,19.4507888288863,6.3912178247161515,-3.189340556573466
22.09425793635355,-6.848504093566481,7.647212792109392,71.79992842412548,-1.5357598477669456,12.87951340549211,-18.86412780745769,8.041990933494656,14.369918868330329,48.438336595959626,-8.536644656439409,24.490095425001243,-15.837440972350935,-9.747640046454459,-40.99381634024141,-5.806112994091336,14.519037629886729,1.4328368427863372,23.905098617069964,-21.234566498751395,7.689081586723278,-32.811250344818845,12.632846458434265,19.43874353825159,0.7752039587192755,-23.068013164072987,8.524502964291468,-55.579775462069215,25.37735632514432,9.457915985239948,36.87068892743291,21.698797708065737,-46.42407219617314,-14.404059624842672,-24.818186797299507,42.441269165915514,39.43988613862331,33.317297593060935,34.790682320219105,-27.148183810403506,17.230059656191127,16.2077623075769,5.276623431275955,-2.4119691278066133
24.01997210386025,-7.0425894294966,7.868451481480726,77.26612961012822,-0.4902108891657678,14.496553369694187,-20.98393899092427,8.389004465012759,15.125672852949965,53.50581399559155,-9.35540947573629,27.711030818501136,-16.8458241912457,-10.886833869407306,-43.219156314063866,-4.224926942420152,16.915141509187535,2.6715852559058293,27.603704675488828,-23.0627074740864,8.995390236778373,-35.952984733616994,12.316376668182475,22.248570758264417,0.4662400543903254,-25.443990078439846,9.977320481672676,-61.047585674188625,26.21499424774928,10.76887475572109,38.04718988354721,23.976153072625387,-51.19139984357218,-15.229247212955778,-27.012423099196877,45.62960380505794,42.5564226105251,34.790682320219105,39.025945780851586,-28.458372336875946,18.815543356566756,17.28739721058608,5.836940343110168,-2.5841141658973816
-18.201554958925744,5.509061944475095,-6.306083428506651,-58.613203644088046,1.2708783489924618,-10.594884217397968,15.402989868929385,-6.531840187452112,-11.750457797973535,-39.57136391679173,6.977289408897343,-20.052488974102353,13.055343115110093,7.974376460285838,33.515101540059426,4.7655649033299134,-11.839176340360575,-1.1588234210206692,-19.3864603099746,17.39605939985238,-6.119035479168511,26.86167792286098,-10.255052114544165,-15.550990871196923,-0.7452342999251251,18.714940790917144,-6.853882669718845,45.32410060440522,-20.64816228467093,-7.720018922499833,-30.032816473008044,-17.71155480589681,37.94988970577687,11.971037763618364,20.380020775851744,-34.70297878841326,-32.234009705085995,-27.148183810403506,-28.458372336875946,22.242090495331258,-13.9063861817815,-13.372631041947935,-4.325245071663666,2.1895545570953536
11.38115475041763,-3.848023035334277,3.672771639513549,37.81255296874294,-0.30148685697445676,6.75182754884957,-10.396847794400763,4.288467197633528,7.607898347622379,26.18450800013708,-4.582990182412478,13.389241096839376,-7.776824071786081,-5.182872034360777,-21.21953292443161,-2.221367785565494,8.184449968274164,1.1361999172096424,13.636783022227046,-11.06349169406486,4.888746614323688,-17.21408980676898,6.33707517145156,11.684777548503606,-0.06663232850234217,-12.777909454760367,5.138101340752936,-30.049078476475238,13.156485367070914,5.19227199365614,19.201717038901794,11.729721001573154,-24.881968792199554,-6.913361725693327,-12.88577373233176,22.33180709327378,20.653740016829268,17.230059656191127,18.815543356566756,-13.9063861817815,9.734602513399974,8.136793526615776,2.641607695556238,-0.5268850909995538
11.121184580584297,-3.1423155163457595,3.83995809342697,35.21353029180552,-0.7096819374223995,6.511308303429383,-9.240805232369555,3.8384276321022353,6.952543071338763,23.867521775531838,-4.218911390245308,12.174912728909888,-8.062395722308482,-4.909252388273981,-20.098068371938936,-2.721136276946827,7.219515428004222,0.802121519804513,11.645358757187262,-10.566930543462064,3.4618373692363074,-16.312740064145665,5.999446987415137,9.041614649761614,0.5645785406319622,-11.111002777752233,4.021007181234388,-27.197235044310595,12.273186637379913,4.659776855190323,17.756479733540207,10.651688795238325,-22.913386885201408,-7.424043577299848,-12.384355214780527,20.860726985469096,19.4507888288863,16.2077623075769,17.28739721058608,-13.372631041947935,8.136793526615776,8.202609331299499,2.7094602839410546,-1.642793129339557
3.614259556995661,-0.9692954279127921,1.1601554266357776,11.563003452837428,-0.13083328774094422,2.1806427022493913,-3.1124499795306453,1.2621700926153836,2.1669690265169557,7.909512455823641,-1.4520020715779114,4.086630631047978,-2.7102399994765234,-1.7870852604324001,-6.504993321174952,-0.686632045570088,2.509031491211676,0.34713563560263544,3.9934555959628115,-3.552242275564724,1.0928479568191556,-5.509074019915148,1.7644733415197953,3.1612864777499046,0.1859450975199242,-3.6080138422684427,1.3735569699967412,-8.976941805385268,4.0335075014724495,1.5430420621089613,5.638186074153523,3.521739370705824,-7.58227060579744,-2.4166715861921944,-4.069859988208532,6.7343729008954085,6.3912178247161515,5.276623431275955,5.836940343110168,-4.325245071663666,2.641607695556238,2.7094602839410546,1.042321406281007,-0.5679484186349604
-2.1231011300219005,0.04687806816006287,-0.9762768054352985,-5.327827967401727,0.30364444971593063,-1.2815131920734817,0.9776205819740106,-0.347270658168821,-0.8501886478455593,-3.297512972339828,0.53339807047996,-1.722871023883158,1.848365476106645,0.7418276770523835,3.133390603479649,0.6725079037838042,-0.9150708977189765,-0.1394605939691211,-1.199601391858639,1.7823576381943327,0.19838766836879268,2.727292691784774,-0.9159407691345255,0.04658984577418265,-0.50643216023846,1.1939826137296976,-0.09636775751332136,3.614972655011401,-1.608155663675604,-0.7008630221305531,-2.2782983695895465,-1.4713321861329665,3.416120228158375,1.8462383805158815,2.2149122640708305,-3.235443993525247,-3.189340556573466,-2.4119691278066133,-2.5841141658973816,2.1895545570953536,-0.5268850909995538,-1.642793129339557,-0.5679484186349604,1.2116615301840397
