V1,V2,V3,V4,V5,V6,V7,V8,V9,V10,V11,V12,V13,V14,V15,V16,V17,V18,V19,V20,V21,V22,V23,V24,V25,V26,V27,V28,V29,V30,V31,V32,V33,V34,V35,V36,V37,V38,V39,V40,V41,V42,V43,V44
2.42956331645009,-0.08537836408817438,-0.9766174880093712,0.9022787830284604,0.29032711601554795,1.1958158862175825,0.11994979858162641,-0.08270522588736452,-1.0262860928832034,-0.26404312422289045,-0.17650465463891374,3.2870069424540036,0.12468287736978587,0.17579775275869475,0.8357471074860879,1.5477818887592003,1.0704852924677293,-1.200493702414638,-0.45733513771031437,-0.05769659426359519,1.181750421141545,-0.2914599517970049,1.4510546265480637,-0.5516716651410164,-1.3646287412422689,0.06942179886522483,0.09752758977597711,0.06328483832514097,0.6863351863710582,0.9264307201989026,1.7512294355985354,-0.4647707881366064,-0.00490722175604366,-1.9478617193133012,-0.5067379828252295,-1.570600817995001,-2.1769636665704333,-0.9213794482484619,-1.330366496719259,0.039342108092828995,-0.24334763328384926,2.169256805067548,0.8433013854022288,0.40540395729097345
-0.08537836408817438,0.8618176068612035,-0.7978641449151834,-0.04976057228099347,0.44605827581786617,0.6840439889176353,-1.0320823131412686,0.3877113758918198,0.33278672539987025,-0.18667995616994412,-0.1781412886612527,-0.9871802667826418,-1.3332849073708293,-0.25035892467344656,-0.4262932943802463,-0.4667830630832353,-0.7762916052118559,-0.5001204877392093,-0.9566183538673745,-2.123275019309152,-0.9224413762528357,-0.9065079783378788,-0.3734509309707288,0.9758973194351144,1.064486128964228,1.1570138612212266,-0.6249976775665365,0.26789237346476485,-1.0446068969033406,-0.1131940172366534,-0.61600001096389,-0.09453170103413455,0.9592549653780253,-0.1066387820952526,0.43632988997516475,0.6084986528120652,0.30889161092551287,0.47392566979357964,-1.0856364267741299,0.06495439824490229,-0.2469346727224869,0.1057214922476231,0.3659229953298163,0.11857540667414584
-0.9766174880093712,-0.7978641449151834,1.419728463990889,-0.16587764300633953,-0.7126035865151227,-1.0965741432895144,0.6841882625555136,-0.10461365010537628,0.1984206071813802,0.33150703198803977,0.2127941546575939,-0.972960019800917,1.1411746044369784,0.44451112659037817,0.11473406864510703,-0.5227062584874245,0.2721854655633564,0.8024998142080647,1.424642124169022,1.5971425850306213,-0.15367269800606104,0.5263904104727566,-0.33623428688072166,-0.5265064119469081,-0.2686207715593734,-1.0094881634067885,0.6108387776852104,-0.3320448775778572,0.6868413883037503,-0.19309283260552207,-0.24252369023593687,0.5435825152269211,-0.7579710632585746,1.0514264381680605,-0.03283103321298267,0.6113994543409516,1.118524904058992,-0.04362224241632432,1.6112625722146328,-0.1699689754731216,0.2170404275780436,-1.15584674443062,-0.9457307186251231,-0.32067951543851203
0.9022787830284604,-0.04976057228099347,-0.16587764300633953,0.5370689545296404,-0.07672693009652357,0.5276151757493946,-0.22925464751141905,0.1719449514239278,-0.34029760678803517,-0.014676394075476612,-0.10934846689047481,0.7729533850576932,-0.03581556668184647,0.307665685760243,0.38474948364698214,0.27251242618414745,0.3914547613328627,-0.6434965973426421,0.1484813228476882,-0.4775200180584097,-0.08725215171288786,-0.5621334947842477,0.4977899704488526,-0.057489909752306056,-0.35294546211388406,0.1867834476388057,0.07699730441049893,-0.033858817187980304,0.2378262213934075,0.4498953498627182,0.5793670656052994,0.07457205978985622,0.13956950719144842,-0.6170475654873544,-0.032633344660564174,-0.04335254950931238,-0.36113950266702727,-0.34106537623491373,-0.5149554679103989,-0.0887580781104307,-0.21563132597397183,0.690618147842825,0.13689335610128905,0.09421696087718884
0.29032711601554795,0.44605827581786617,-0.7126035865151227,-0.07672693009652357,0.4348234538762279,0.44277064150183193,-0.2705098279402079,0.012723717498658913,-0.008230113696707161,-0.2038004213356081,-0.08445552463491626,0.3416014861000371,-0.5895548788621177,-0.3153713140117108,-0.16508992837664654,0.24410174169064308,-0.23312533671552338,-0.2484825728549358,-0.8313702970520539,-0.6925994962211657,0.1499905266077876,-0.10822060468375967,0.047847162420293965,0.29243890614848017,0.21812342619170966,0.46463162275119757,-0.33788534090892824,0.19387934951127933,-0.42266443176650226,-0.025154677410934023,-0.010417167906841844,-0.3292245154017573,0.36279120402237003,-0.42096594940217913,0.02150307606907828,-0.3798891941602156,-0.534363219720091,0.11607627422014292,-0.7162733753085065,0.12684941167129307,-0.04884439019720995,0.45733098065370636,0.4632623089124969,0.16807609362109266
1.1958158862175825,0.6840439889176353,-1.0965741432895144,0.5276151757493946,0.44277064150183193,1.2599546652305744,-0.9685705113153648,0.38540963843088527,-0.22644655244300493,-0.25774197792811726,-0.2573507422380532,0.6385793608583255,-1.132209727268354,-5.900790986316078e-4,0.1036789673233455,0.25144040660219596,-0.12470298754442978,-1.1556379927593228,-0.9005495746323803,-2.0976945494815893,-0.44173962888922985,-1.1657519597931543,0.41504803901481224,0.63477855119337,0.2835581463563669,1.10991325107279,-0.4713803734446515,0.23753610333990882,-0.550144571812516,0.44346815443056664,0.34840192076753024,-0.19867317445377017,0.9024663686836164,-1.0478232240176786,0.1848236143714913,-0.0227938565906101,-0.6395531232380417,-0.07104101774948157,-1.6449566500423294,0.023709221007813048,-0.40991224562971257,1.1603151110289438,0.6583759867271328,0.28581954019422395
0.11994979858162641,-1.0320823131412686,0.6841882625555136,-0.22925464751141905,-0.2705098279402079,-0.9685705113153648,1.695625688340281,-0.7721447451235864,-0.48427160176526346,0.10817401035423053,0.2639839970236977,1.9206290241300636,1.7858536198783397,-0.05625136001131131,0.428894405588523,1.0478490591130152,1.0021850734177211,0.9046264099465752,0.7015210674280622,3.3259307674480976,1.9348810446130498,1.8058997751653358,0.5370587888646027,-1.445536561509825,-1.5630343145306398,-1.6623934777142941,0.7217431356229899,-0.2508244355473533,1.3243845195779642,-0.02000321059244561,0.8806497345178925,-0.25814575940144363,-1.413858831582433,-0.05490259763162432,-0.7669714446626651,-1.5754295498455977,-1.0775454739261705,-0.5948458288384807,1.3754359978248927,0.07471894635431904,0.5030347910251887,0.06712712252634606,-0.1642213657247753,-0.059601525245540805
-0.08270522588736452,0.3877113758918198,-0.10461365010537628,0.1719449514239278,0.012723717498658913,0.38540963843088527,-0.7721447451235864,0.4361583224216878,0.23923939514137063,-0.020684328236511146,-0.12666729761469006,-1.0558503992130848,-0.7079894093494854,0.18433257608566292,-0.13152270855486758,-0.5821976410738127,-0.37811695866186673,-0.4367094480584174,-0.08195942737979278,-1.500518814742478,-1.043390943798439,-0.9396609941573626,-0.26156313915690604,0.640385021997422,0.6939786894962762,0.6951090858722505,-0.2325138786491712,0.06238838644558312,-0.5132715130107106,0.0457026246081219,-0.39665673146789093,0.24632793946322865,0.6130883076857618,0.09822766758974676,0.39644123080462446,0.9008633504480948,0.7033054915153598,0.24273354909705597,-0.4893299727940824,-0.08107376119077378,-0.24904645758065788,-0.11507143158931973,-0.08303387840720981,0.0035611302798538615
-1.0262860928832034,0.33278672539987025,0.1984206071813802,-0.34029760678803517,-0.008230113696707161,-0.22644655244300493,-0.48427160176526346,0.23923939514137063,0.5693638474114066,0.04283499449000703,0.013273076173963404,-1.8537655458967575,-0.5501851691959984,-0.06624401845898154,-0.4752857135138168,-0.8916779704424467,-0.7286394148749592,0.2580768710637852,-0.05407855570498864,-0.866565719836967,-0.9643229484461657,-0.34416995602257205,-0.7523272263052587,0.6300299294799097,0.9843883033845084,0.40273547740612226,-0.2446937084901955,0.058521412797727504,-0.6525274619633575,-0.38613522694694863,-0.9558585036308671,0.23482993893616097,0.39603042100368646,0.8000806988136899,0.40638308070297613,1.0068998956636876,1.1505738736797053,0.5490130803634107,0.16126969546622416,-0.016504572026664083,-0.030159133162766857,-0.8916123543616585,-0.30774148124214923,-0.13047219117725978
-0.26404312422289045,-0.18667995616994412,0.33150703198803977,-0.014676394075476612,-0.2038004213356081,-0.25774197792811726,0.10817401035423053,-0.020684328236511146,0.04283499449000703,0.12806446692292428,0.03489538289372014,-0.297327527994173,0.24978048523417568,0.08887525556999391,0.021584869594576766,-0.1837639595644089,0.046806501256062366,0.18288647696433805,0.37034454636023373,0.32154799760411973,-0.11650467072155672,0.08883027373967002,-0.08903817360739884,-0.11358963899085003,-0.022445662791138268,-0.18333356695466632,0.13091039168384416,-0.09315551051293675,0.1403679978541798,-0.04875488966147144,-0.09498728864630657,0.15285794276415662,-0.17573895594976208,0.28568531302531386,0.012982006241759053,0.248967401366768,0.3239648052013385,0.001239409071394039,0.37967609756015885,-0.06444593296615447,0.04234675303579772,-0.3164243822477069,-0.20333279095195667,-0.1072143322419108
-0.17650465463891374,-0.1781412886612527,0.2127941546575939,-0.10934846689047481,-0.08445552463491626,-0.2573507422380532,0.2639839970236977,-0.12666729761469006,0.013273076173963404,0.03489538289372014,0.08434327069783455,0.02916804581724723,0.277799791242029,-0.0042416232412526515,0.0020084485649860123,0.029528434716597957,0.0505244702558299,0.24636388607299461,0.1776474768074434,0.5392286331270719,0.213192357948117,0.3061548474925438,-0.03625117259072145,-0.17923082164899415,-0.14179609403444698,-0.300879865947559,0.10891538835288642,-0.042408092512346396,0.1688240395434128,-0.06481364133830532,0.004066137869756439,0.009272317423328043,-0.21737740761416127,0.17340994890253003,-0.09423551387367625,-0.11544822559460886,0.026423175741759737,-0.026165380012362224,0.3338522231184531,0.010209648421939634,0.08777765667502985,-0.18414335241680832,-0.13303373317405004,-0.046546100518297
3.2870069424540036,-0.9871802667826418,-0.972960019800917,0.7729533850576932,0.3416014861000371,0.6385793608583255,1.9206290241300636,-1.0558503992130848,-1.8537655458967575,-0.297327527994173,0.02916804581724723,6.573792241504035,1.8031322154586695,-0.15989855240586084,1.3861965446131526,3.3034572478102366,2.2836862548391252,-0.5511018104218486,-0.3738610525616555,3.3525963135825383,3.856128663361386,1.7455800774863148,2.447171711683986,-2.174914203423553,-3.3322738130127343,-1.491230772015277,0.6860212076013764,-0.07268792522021014,2.0582624646713263,1.0737843545833674,3.141832675293989,-1.1362093788135663,-1.4156164138636194,-2.7305677037545366,-1.5211479844980103,-4.043152173737793,-4.359160458822156,-1.7321589915798021,-0.5535866010057597,0.230969171241338,0.2689448408790168,3.0444990221776638,1.25840806825255,0.5197860486734359
0.12468287736978587,-1.3332849073708293,1.1411746044369784,-0.03581556668184647,-0.5895548788621177,-1.132209727268354,1.7858536198783397,-0.7079894093494854,-0.5501851691959984,0.24978048523417568,0.277799791242029,1.8031322154586695,2.1588828907640676,0.2513216830590305,0.631879081791071,0.9118313641277829,1.2546867875699352,0.8993605765899231,1.3156702861746215,3.614550660744712,1.744762349469324,1.6911372217199712,0.6096875460845005,-1.6329406525397951,-1.7626076252339578,-1.8965248912567394,0.970112329234399,-0.39547341205913544,1.6501718736512896,0.10419175662992505,1.0032619823643416,0.005151021519212307,-1.6052524913392425,0.0921584814713979,-0.7593214127552548,-1.2647627725281292,-0.746932044811059,-0.7431049477494028,1.7334822556049585,-0.045078536260005624,0.4754259497335998,-0.09222962870124089,-0.4535396701227793,-0.15285823915613475
0.17579775275869475,-0.25035892467344656,0.44451112659037817,0.307665685760243,-0.3153713140117108,-5.900790986316078e-4,-0.05625136001131131,0.18433257608566292,-0.06624401845898154,0.08887525556999391,-0.0042416232412526515,-0.15989855240586084,0.2513216830590305,0.44056317981857535,0.25661842025571496,-0.1677221012211686,0.2577678836884952,-0.2024576092609616,0.6309754733636765,-0.04836348590913293,-0.36232435131883817,-0.38937363022254196,0.11200067167775082,-0.07375118078394896,-0.16170636131414914,-0.13129841308733656,0.23788161428585436,-0.12831623964306665,0.2991191784352812,0.2258567457850018,0.18198377572271787,0.3237698591654781,-0.043827015347066664,0.04290436644777664,0.06265405864034966,0.41270047721376674,0.3888498875855624,-0.17433098173884343,0.1860798853238828,-0.13376369193264895,-0.11699019342356158,-0.038579364310850066,-0.3369774952755412,-0.05052492230038017
0.8357471074860879,-0.4262932943802463,0.11473406864510703,0.38474948364698214,-0.16508992837664654,0.1036789673233455,0.428894405588523,-0.13152270855486758,-0.4752857135138168,0.021584869594576766,0.0020084485649860123,1.3861965446131526,0.631879081791071,0.25661842025571496,0.49778381091725127,0.6295268900449608,0.7177433639403099,-0.22957967674516155,0.3914797818375549,0.8124384555796647,0.6403119766820925,0.17247140076768774,0.6344294117062269,-0.583508904014032,-0.8901522496512775,-0.45627931374480507,0.33840824115119283,-0.12149070263477348,0.7009778838175106,0.3877421968295215,0.8356815528318253,-0.0281376242747508,-0.3985493190941313,-0.5626673732231474,-0.31072879965465305,-0.6249707396065474,-0.7124462991995257,-0.5192118920875718,0.060165769634859055,-0.048536654046810186,-0.0032534636830199924,0.6320596472885749,0.05299662258170396,0.0646681727267943
1.5477818887592003,-0.4667830630832353,-0.5227062584874245,0.27251242618414745,0.24410174169064308,0.25144040660219596,1.0478490591130152,-0.5821976410738127,-0.8916779704424467,-0.1837639595644089,0.029528434716597957,3.3034572478102366,0.9118313641277829,-0.1677221012211686,0.6295268900449608,1.703666897324584,1.102691435281058,-0.1649549632100609,-0.3039479092479374,1.8165400847618067,2.0631225034170857,1.0331969251895512,1.1741707691613283,-1.1032958102763109,-1.6570261295794155,-0.7951780600966538,0.32294553882796395,-0.012414178733285897,0.9954977170390935,0.4577717382320998,1.5218656830094646,-0.6417705274005786,-0.7435748552754108,-1.3380990166774254,-0.7850535693797727,-2.1612505318400856,-2.2533174200523565,-0.8215036628461242,-0.22769461835564705,0.15594578785658375,0.18878718454298218,1.4887903252408412,0.6598627882567647,0.2757801057595198
1.0704852924677293,-0.7762916052118559,0.2721854655633564,0.3914547613328627,-0.23312533671552338,-0.12470298754442978,1.0021850734177211,-0.37811695866186673,-0.7286394148749592,0.046806501256062366,0.0505244702558299,2.2836862548391252,1.2546867875699352,0.2577678836884952,0.7177433639403099,1.102691435281058,1.1749471599773198,-0.03222511969898782,0.6004515957523507,1.9201737915630852,1.3614999942959272,0.740786886375105,0.9368553721629466,-1.1227068030485465,-1.5268922950205186,-0.9889262232492481,0.6006663724959275,-0.21185023506898706,1.2039180303065096,0.4511686393585444,1.2708032476454687,-0.14508082584599183,-0.8851833155329261,-0.7509968500971504,-0.5916260014152666,-1.2596931795667416,-1.238462372727586,-0.7936735265144296,0.4269091288295049,-0.032015939364369514,0.15220863179374466,0.8354931377184267,0.0787242671175485,0.07795021177408677
-1.200493702414638,-0.5001204877392093,0.8024998142080647,-0.6434965973426421,-0.2484825728549358,-1.1556379927593228,0.9046264099465752,-0.4367094480584174,0.2580768710637852,0.18288647696433805,0.24636388607299461,-0.5511018104218486,0.8993605765899231,-0.2024576092609616,-0.22957967674516155,-0.1649549632100609,-0.03222511969898782,1.162129582710702,0.518527687091423,1.9188941829208126,0.5623232543554845,1.2420197750390745,-0.4529546766269129,-0.5224259267234012,-0.16105853274827966,-0.9543580963334022,0.31247140446123983,-0.1492449837588585,0.346678662850853,-0.519946903702885,-0.424964545672404,0.032531844995211036,-0.7863323821547525,0.9584802258064969,-0.19211106424198185,-0.1650487776065806,0.4277983000526055,0.1624604876078938,1.417702701236036,0.04666257672753279,0.42600572986913166,-1.0630022042863227,-0.46118425362793786,-0.23353033601286344
-0.45733513771031437,-0.9566183538673745,1.424642124169022,0.1484813228476882,-0.8313702970520539,-0.9005495746323803,0.7015210674280622,-0.08195942737979278,-0.05407855570498864,0.37034454636023373,0.1776474768074434,-0.3738610525616555,1.3156702861746215,0.6309754733636765,0.3914797818375549,-0.3039479092479374,0.6004515957523507,0.518527687091423,1.6484244264964025,1.6488858561532644,-0.06204930858083429,0.3578511209139218,0.0061909702466667865,-0.7126030853454662,-0.6243087290657542,-1.06388771427466,0.7366526654280631,-0.394064449322447,0.9720077207727033,0.07625082736973005,0.1723254433132412,0.5939441824792427,-0.830474326929701,0.7244364907360099,-0.12364790998152662,0.5056669471148907,0.8575427606240541,-0.30816458184364265,1.4759402641635557,-0.23444343453674546,0.13345457671905533,-0.7874981620798331,-0.9006123115246677,-0.2973616065982146
-0.05769659426359519,-2.123275019309152,1.5971425850306213,-0.4775200180584097,-0.6925994962211657,-2.0976945494815893,3.3259307674480976,-1.500518814742478,-0.866565719836967,0.32154799760411973,0.5392286331270719,3.3525963135825383,3.614550660744712,-0.04836348590913293,0.8124384555796647,1.8165400847618067,1.9201737915630852,1.9188941829208126,1.6488858561532644,6.630051421169614,3.583405377939276,3.545213960639094,0.915390080258826,-2.8439922247317906,-2.9695702136929607,-3.3290904275129733,1.4801042729080818,-0.5542913131879893,2.624561696371701,-0.10493214766792457,1.5562820744500128,-0.36061502153987335,-2.8462472489270882,0.183743321938907,-1.4455568290411147,-2.7726742391687424,-1.7464337948378055,-1.1110518298719583,2.971975207830938,0.09300146743163053,1.0053746710919091,-0.19002744131728044,-0.4917794532451401,-0.2144075726595784
1.181750421141545,-0.9224413762528357,-0.15367269800606104,-0.08725215171288786,0.1499905266077876,-0.44173962888922985,1.9348810446130498,-1.043390943798439,-0.9643229484461657,-0.11650467072155672,0.213192357948117,3.856128663361386,1.744762349469324,-0.36232435131883817,0.6403119766820925,2.0631225034170857,1.3614999942959272,0.5623232543554845,-0.06204930858083429,3.583405377939276,3.0175336124856225,2.1513297025838063,1.1938457903979283,-1.7482849675230911,-2.212616575498947,-1.647930452896328,0.6050896052119584,-0.10851294933079454,1.4897935844770576,0.23900894363728947,1.6569417817492027,-0.8070379512845853,-1.4627775854312375,-1.0686127204963751,-1.1387555914764351,-2.8763844178608498,-2.6035646571934996,-0.9387184509967901,0.6339180125784585,0.23472377539155798,0.5215181976616775,1.1936035149656135,0.5379046914572037,0.19527360885623887
-0.2914599517970049,-0.9065079783378788,0.5263904104727566,-0.5621334947842477,-0.10822060468375967,-1.1657519597931543,1.8058997751653358,-0.9396609941573626,-0.34416995602257205,0.08883027373967002,0.3061548474925438,1.7455800774863148,1.6911372217199712,-0.38937363022254196,0.17247140076768774,1.0331969251895512,0.740786886375105,1.2420197750390745,0.3578511209139218,3.545213960639094,2.1513297025838063,2.212416854242572,0.3142339232772226,-1.4059890148700802,-1.3689819195084472,-1.6685321043596089,0.5800773041724054,-0.18077717212759356,1.1034065006885256,-0.2870170805094754,0.5890969545294085,-0.440019953822569,-1.4558505672729978,0.1529177543796153,-0.7939337315064254,-1.7539690062466242,-1.1448203197226827,-0.39647745738339335,1.4757804367762792,0.1687637086634561,0.639475007647951,-0.1677682374977719,-0.03595115780798652,-0.08031283017600728
1.4510546265480637,-0.3734509309707288,-0.33623428688072166,0.4977899704488526,0.047847162420293965,0.41504803901481224,0.5370587888646027,-0.26156313915690604,-0.7523272263052587,-0.08903817360739884,-0.03625117259072145,2.447171711683986,0.6096875460845005,0.11200067167775082,0.6344294117062269,1.1741707691613283,0.9368553721629466,-0.4529546766269129,0.0061909702466667865,0.915390080258826,1.1938457903979283,0.3142339232772226,1.0135975543498676,-0.749462196514352,-1.2534497128219402,-0.42970402596993607,0.2826406732305069,-0.054159730592817965,0.8044103276616751,0.5516788434223159,1.279277521342402,-0.3096736364279656,-0.42122178417729994,-1.1340489466864285,-0.5059106965039935,-1.2990979609481033,-1.5315892788673797,-0.721695173795981,-0.35838382845814654,0.023034157300548776,-0.007432877260289359,1.2650570167385415,0.4339762981758264,0.20072100773413343
-0.5516716651410164,0.9758973194351144,-0.5265064119469081,-0.057489909752306056,0.29243890614848017,0.63477855119337,-1.445536561509825,0.640385021997422,0.6300299294799097,-0.11358963899085003,-0.17923082164899415,-2.174914203423553,-1.6329406525397951,-0.07375118078394896,-0.583508904014032,-1.1032958102763109,-1.1227068030485465,-0.5224259267234012,-0.7126030853454662,-2.8439922247317906,-1.7482849675230911,-1.4059890148700802,-0.749462196514352,1.3765494818978448,1.616640354107847,1.4230515209269605,-0.6969549580293285,0.2530087117595836,-1.334537760479166,-0.19821176479922395,-1.0947154986152559,0.20986213406755724,1.2487497965985939,0.35751154767358867,0.7260562987723367,1.4693798555690298,1.1897119289897853,0.71849782199773915,-1.011312364565037,-0.019376462760502332,-0.364382199156622,-0.4026506472223169,0.0502280753634506,0.0188421342690238
-1.3646287412422689,1.064486128964228,-0.2686207715593734,-0.35294546211388406,0.21812342619170966,0.2835581463563669,-1.5630343145306398,0.6939786894962762,0.9843883033845084,-0.022445662791138268,-0.14179609403444698,-3.3322738130127343,-1.7626076252339578,-0.16170636131414914,-0.8901522496512775,-1.6570261295794155,-1.5268922950205186,-0.16105853274827966,-0.6243087290657542,-2.9695702136929607,-2.212616575498947,-1.3689819195084472,-1.2534497128219402,1.616640354107847,2.146659339820716,1.4946363755199132,-0.7750026327917334,0.24397200820685702,-1.6366407328066954,-0.5154405184903277,-1.7219320748554543,0.3568288908881249,1.306649540590375,0.9959548888617262,0.9262380625259554,2.0496263395010277,1.9311946737255634,1.0546624221447272,-0.6448412784603973,-0.03544448579887975,-0.2968315093495217,-1.1178744293506475,-0.1877290623085432,-0.11741303105798122
0.06942179886522483,1.1570138612212266,-1.0094881634067885,0.1867834476388057,0.46463162275119757,1.10991325107279,-1.6623934777142941,0.6951090858722505,0.40273547740612226,-0.18333356695466632,-0.300879865947559,-1.491230772015277,-1.8965248912567394,-0.13129841308733656,-0.45627931374480507,-0.7951780600966538,-0.9889262232492481,-0.9543580963334022,-1.06388771427466,-3.3290904275129733,-1.647930452896328,-1.6685321043596089,-0.42970402596993607,1.4230515209269605,1.4946363755199132,1.7530998386575016,-0.821149237365067,0.3165478883632834,-1.398587203906161,0.01021449750952568,-0.7761700467676028,0.05181958441592043,1.4363581100624534,-0.19902990050619687,0.6961362072120282,1.2095945374060517,0.6516792669928789,0.580064419961916,-1.6162092020534597,-0.009426057416704362,-0.47083161089534137,0.20542268665066551,0.42953431601373115,0.13487927212484574
0.09752758977597711,-0.6249976775665365,0.6108387776852104,0.07699730441049893,-0.33788534090892824,-0.4713803734446515,0.7217431356229899,-0.2325138786491712,-0.2446937084901955,0.13091039168384416,0.10891538835288642,0.6860212076013764,0.970112329234399,0.23788161428585436,0.33840824115119283,0.32294553882796395,0.6006663724959275,0.31247140446123983,0.7366526654280631,1.4801042729080818,0.6050896052119584,0.5800773041724054,0.2826406732305069,-0.6969549580293285,-0.7750026327917334,-0.821149237365067,0.4755172933978927,-0.20407605434519915,0.7714087542344888,0.10719665517665464,0.4649219907572693,0.10209213773116489,-0.679106124663562,0.05314280872707209,-0.29006911510272504,-0.39293690978135143,-0.1841943782213137,-0.3566731169104327,0.7794856277774096,-0.06021639613421138,0.1633087262833866,-0.05347695415526989,-0.28961157121171477,-0.0783270759439041
0.06328483832514097,0.26789237346476485,-0.3320448775778572,-0.033858817187980304,0.19387934951127933,0.23753610333990882,-0.2508244355473533,0.06238838644558312,0.058521412797727504,-0.09315551051293675,-0.042408092512346396,-0.07268792522021014,-0.39547341205913544,-0.12831623964306665,-0.12149070263477348,-0.012414178733285897,-0.21185023506898706,-0.1492449837588585,-0.394064449322447,-0.5542913131879893,-0.10851294933079454,-0.18077717212759356,-0.054159730592817965,0.2530087117595836,0.24397200820685702,0.3165478883632834,-0.20407605434519915,0.10482861520427449,-0.2967669351134888,-0.023565825833846078,-0.10892966536994063,-0.10704251178614552,0.27155137626979714,-0.1264706317249931,0.07448317904014946,-0.006443671255918139,-0.0948671168480368,0.11311856604978957,-0.3876558173747489,0.05213611895742245,-0.05871291184302178,0.13971708519445544,0.18254595877171345,0.06690270556914453
0.6863351863710582,-1.0446068969033406,0.6868413883037503,0.2378262213934075,-0.42266443176650226,-0.550144571812516,1.3243845195779642,-0.5132715130107106,-0.6525274619633575,0.1403679978541798,0.1688240395434128,2.0582624646713263,1.6501718736512896,0.2991191784352812,0.7009778838175106,0.9954977170390935,1.2039180303065096,0.346678662850853,0.9720077207727033,2.624561696371701,1.4897935844770576,1.1034065006885256,0.8044103276616751,-1.334537760479166,-1.6366407328066954,-1.398587203906161,0.7714087542344888,-0.2967669351134888,1.421705562429932,0.3336837406702494,1.1739877887237866,-0.046919974613170545,-1.1831748174063061,-0.3705339482760545,-0.6679028035777258,-1.2166695742008904,-0.9828380442233956,-0.7886875055127633,0.9914988639704271,-0.04799525707687411,0.26693106816511475,0.42444461994109195,-0.19796348210527812,-0.02968931470000177
0.9264307201989026,-0.1131940172366534,-0.19309283260552207,0.4498953498627182,-0.025154677410934023,0.44346815443056664,-0.02000321059244561,0.0457026246081219,-0.38613522694694863,-0.04875488966147144,-0.06481364133830532,1.0737843545833674,0.10419175662992505,0.2258567457850018,0.3877421968295215,0.4577717382320998,0.4511686393585444,-0.519946903702885,0.07625082736973005,-0.10493214766792457,0.23900894363728947,-0.2870170805094754,0.5516788434223159,-0.19821176479922395,-0.5154405184903277,0.01021449750952568,0.10719665517665464,-0.023565825833846078,0.3336837406702494,0.4204740115387764,0.6736599097583105,-0.03264435985694719,0.0077450598139153365,-0.6644689365776449,-0.14597711245414524,-0.35469905320291484,-0.6002462121560612,-0.3851303065344382,-0.4309226651741613,-0.04213535868359081,-0.14500893332185028,0.746121402594642,0.1787328616840378,0.11654148778584196
1.7512294355985354,-0.61600001096389,-0.24252369023593687,0.5793670656052994,-0.010417167906841844,0.34840192076753024,0.8806497345178925,-0.39665673146789093,-0.9558585036308671,-0.09498728864630657,0.004066137869756439,3.141832675293989,1.0032619823643416,0.18198377572271787,0.8356815528318253,1.5218656830094646,1.2708032476454687,-0.424964545672404,0.1723254433132412,1.5562820744500128,1.6569417817492027,0.5890969545294085,1.279277521342402,-1.0947154986152559,-1.7219320748554543,-0.7761700467676028,0.4649219907572693,-0.10892966536994063,1.1739877887237866,0.6736599097583105,1.6587837980633877,-0.3687007014897921,-0.6991159832555304,-1.3410582663778867,-0.7035056560456611,-1.7297303300560496,-1.9197822132507385,-0.9555941983180813,-0.203839555477435,0.029489292319872552,0.0498340026935571,1.4993475717481206,0.43380637634750563,0.22948342773936434
-0.4647707881366064,-0.09453170103413455,0.5435825152269211,0.07457205978985622,-0.3292245154017573,-0.19867317445377017,-0.25814575940144363,0.24632793946322865,0.23482993893616097,0.15285794276415662,0.009272317423328043,-1.1362093788135663,0.005151021519212307,0.3237698591654781,-0.0281376242747508,-0.6417705274005786,-0.14508082584599183,0.032531844995211036,0.5939441824792427,-0.36061502153987335,-0.8070379512845853,-0.440019953822569,-0.3096736364279656,0.20986213406755724,0.3568288908881249,0.05181958441592043,0.10209213773116489,-0.10704251178614552,-0.046919974613170545,-0.03264435985694719,-0.3687007014897921,0.42045761763406136,0.09615254573889308,0.5302750736634991,0.25380637910598935,0.922415913990479,0.9801877496123063,0.135592290893151,0.3493154549015149,-0.1398419226193903,-0.09095224068282265,-0.5834110100836798,-0.46286038378360644,-0.15086491605358346
-0.00490722175604366,0.9592549653780253,-0.7579710632585746,0.13956950719144842,0.36279120402237003,0.9024663686836164,-1.413858831582433,0.6130883076857618,0.39603042100368646,-0.17573895594976208,-0.21737740761416127,-1.4156164138636194,-1.6052524913392425,-0.043827015347066664,-0.3985493190941313,-0.7435748552754108,-0.8851833155329261,-0.7863323821547525,-0.830474326929701,-2.8462472489270882,-1.4627775854312375,-1.4558505672729978,-0.42122178417729994,1.2487497965985939,1.306649540590375,1.4363581100624534,-0.679106124663562,0.27155137626979714,-1.1831748174063061,0.0077450598139153365,-0.6991159832555304,0.09615254573889308,1.2472684501476572,-0.08497186179878274,0.6066843107726676,1.097403097126985,0.6811670272941824,0.5107077464158378,-1.316516970184062,-0.0045091711972843704,-0.41512075009096283,0.09112406021985013,0.25095083298852905,0.11179688315690439
-1.9478617193133012,-0.1066387820952526,1.0514264381680605,-0.6170475654873544,-0.42096594940217913,-1.0478232240176786,-0.05490259763162432,0.09822766758974676,0.8000806988136899,0.28568531302531386,0.17340994890253003,-2.7305677037545366,0.0921584814713979,0.04290436644777664,-0.5626673732231474,-1.3380990166774254,-0.7509968500971504,0.9584802258064969,0.7244364907360099,0.183743321938907,-1.0686127204963751,0.1529177543796153,-1.1340489466864285,0.35751154767358867,0.9959548888617262,-0.19902990050619687,0.05314280872707209,-0.1264706317249931,-0.3705339482760545,-0.6644689365776449,-1.3410582663778867,0.5302750736634991,-0.08497186179878274,1.6679472824588157,0.4044229454509663,1.4512818448603317,1.9575979994187065,0.6586872980201152,1.2613194284516547,-0.09716054709282164,0.16523668785191775,-1.8480836983336946,-0.8707238052587478,-0.380923255488588
-0.5067379828252295,0.43632988997516475,-0.03283103321298267,-0.032633344660564174,0.02150307606907828,0.1848236143714913,-0.7669714446626651,0.39644123080462446,0.40638308070297613,0.012982006241759053,-0.09423551387367625,-1.5211479844980103,-0.7593214127552548,0.06265405864034966,-0.31072879965465305,-0.7850535693797727,-0.5916260014152666,-0.19211106424198185,-0.12364790998152662,-1.4455568290411147,-1.1387555914764351,-0.7939337315064254,-0.5059106965039935,0.7260562987723367,0.9262380625259554,0.6961362072120282,-0.29006911510272504,0.07448317904014946,-0.6679028035777258,-0.14597711245414524,-0.7035056560456611,0.25380637910598935,0.6066843107726676,0.4044229454509663,0.4545554776822242,1.057646397496311,0.9611195111561345,0.4175159556336049,-0.30102099811867833,-0.061720400851126074,-0.1831884173326086,-0.45643211514090093,-0.14474091784568704,-0.05576826452451956
-1.570600817995001,0.6084986528120652,0.6113994543409516,-0.04335254950931238,-0.3798891941602156,-0.0227938565906101,-1.5754295498455977,0.9008633504480948,1.0068998956636876,0.248967401366768,-0.11544822559460886,-4.043152173737793,-1.2647627725281292,0.41270047721376674,-0.6249707396065474,-2.1612505318400856,-1.2596931795667416,-0.1650487776065806,0.5056669471148907,-2.7726742391687424,-2.8763844178608498,-1.7539690062466242,-1.2990979609481033,1.4693798555690298,2.0496263395010277,1.2095945374060517,-0.39293690978135143,-0.006443671255918139,-1.2166695742008904,-0.35469905320291484,-1.7297303300560496,0.922415913990479,1.097403097126985,1.4512818448603317,1.057646397496311,2.9326318022073874,2.8600144499485083,0.9164430900861258,2.3808932376183129e-4,-0.2708170257976629,-0.3869289413729669,-1.6142516860792009,-0.8071882332924601,-0.3206926546363209
-2.1769636665704333,0.30889161092551287,1.118524904058992,-0.36113950266702727,-0.534363219720091,-0.6395531232380417,-1.0775454739261705,0.7033054915153598,1.1505738736797053,0.3239648052013385,0.026423175741759737,-4.359160458822156,-0.746932044811059,0.3888498875855624,-0.7124462991995257,-2.2533174200523565,-1.238462372727586,0.4277983000526055,0.8575427606240541,-1.7464337948378055,-2.6035646571934996,-1.1448203197226827,-1.5315892788673797,1.1897119289897853,1.9311946737255634,0.6516792669928789,-0.1841943782213137,-0.0948671168480368,-0.9828380442233956,-0.6002462121560612,-1.9197822132507385,0.9801877496123063,0.6811670272941824,1.9575979994187065,0.9611195111561345,2.8600144499485083,3.136557944673118,0.9798910400662336,0.7871851706476176,-0.2524453799011765,-0.17607580934685207,-2.173480397919712,-1.131571961909709,-0.43137044420137954
-0.9213794482484619,0.47392566979357964,-0.04362224241632432,-0.34106537623491373,0.11607627422014292,-0.07104101774948157,-0.5948458288384807,0.24273354909705597,0.5490130803634107,0.001239409071394039,-0.026165380012362224,-1.7321589915798021,-0.7431049477494028,-0.17433098173884343,-0.5192118920875718,-0.8215036628461242,-0.7936735265144296,0.1624604876078938,-0.30816458184364265,-1.1110518298719583,-0.9387184509967901,-0.39647745738339335,-0.721695173795981,0.71849782199773915,1.0546624221447272,0.580064419961916,-0.3566731169104327,0.11311856604978957,-0.7886875055127633,-0.3851303065344382,-0.9555941983180813,0.135592290893151,0.5107077464158378,0.6586872980201152,0.4175159556336049,0.9164430900861258,0.9798910400662336,0.5796110813622373,-0.08248913410007817,0.012211046159159581,-0.05134156642599496,-0.7391502520467638,-0.1346674141457995,-0.08736941671985128
-1.330366496719259,-1.0856364267741299,1.6112625722146328,-0.5149554679103989,-0.7162733753085065,-1.6449566500423294,1.3754359978248927,-0.4893299727940824,0.16126969546622416,0.37967609756015885,0.3338522231184531,-0.5535866010057597,1.7334822556049585,0.1860798853238828,0.060165769634859055,-0.22769461835564705,0.4269091288295049,1.417702701236036,1.4759402641635557,2.971975207830938,0.6339180125784585,1.4757804367762792,-0.35838382845814654,-1.011312364565037,-0.6448412784603973,-1.6162092020534597,0.7794856277774096,-0.3876558173747489,0.9914988639704271,-0.4309226651741613,-0.203839555477435,0.3493154549015149,-1.316516970184062,1.2613194284516547,-0.30102099811867833,2.3808932376183129e-4,0.7871851706476176,-0.08248913410007817,2.2574294398499855,-0.08918352053677903,0.5104226811235945,-1.3951480893812978,-0.9519443539523422,-0.3791198111955613
0.039342108092828995,0.06495439824490229,-0.1699689754731216,-0.0887580781104307,0.12684941167129307,0.023709221007813048,0.07471894635431904,-0.08107376119077378,-0.016504572026664083,-0.06444593296615447,0.010209648421939634,0.230969171241338,-0.045078536260005624,-0.13376369193264895,-0.048536654046810186,0.15594578785658375,-0.032015939364369514,0.04666257672753279,-0.23444343453674546,0.09300146743163053,0.23472377539155798,0.1687637086634561,0.023034157300548776,-0.019376462760502332,-0.03544448579887975,-0.009426057416704362,-0.06021639613421138,0.05213611895742245,-0.04799525707687411,-0.04213535868359081,0.029489292319872552,-0.1398419226193903,-0.0045091711972843704,-0.09716054709282164,-0.061720400851126074,-0.2708170257976629,-0.2524453799011765,0.012211046159159581,-0.08918352053677903,0.064780697345703,0.04305993167770004,0.10867419982324313,0.12902506476527675,0.045571387712808414
-0.24334763328384926,-0.2469346727224869,0.2170404275780436,-0.21563132597397183,-0.04884439019720995,-0.40991224562971257,0.5030347910251887,-0.24904645758065788,-0.030159133162766857,0.04234675303579772,0.08777765667502985,0.2689448408790168,0.4754259497335998,-0.11699019342356158,-0.0032534636830199924,0.18878718454298218,0.15220863179374466,0.42600572986913166,0.13345457671905533,1.0053746710919091,0.5215181976616775,0.639475007647951,-0.007432877260289359,-0.364382199156622,-0.2968315093495217,-0.47083161089534137,0.1633087262833866,-0.05871291184302178,0.26693106816511475,-0.14500893332185028,0.0498340026935571,-0.09095224068282265,-0.41512075009096283,0.16523668785191775,-0.1831884173326086,-0.3869289413729669,-0.17607580934685207,-0.05134156642599496,0.5104226811235945,0.04305993167770004,0.20090828359625285,-0.18674511956359877,-0.0636464405846757,-0.04766662620566102
2.169256805067548,0.1057214922476231,-1.15584674443062,0.690618147842825,0.45733098065370636,1.1603151110289438,0.06712712252634606,-0.11507143158931973,-0.8916123543616585,-0.3164243822477069,-0.18414335241680832,3.0444990221776638,-0.09222962870124089,-0.038579364310850066,0.6320596472885749,1.4887903252408412,0.8354931377184267,-1.0630022042863227,-0.7874981620798331,-0.19002744131728044,1.1936035149656135,-0.1677682374977719,1.2650570167385415,-0.4026506472223169,-1.1178744293506475,0.20542268665066551,-0.05347695415526989,0.13971708519445544,0.42444461994109195,0.746121402594642,1.4993475717481206,-0.5834110100836798,0.09112406021985013,-1.8480836983336946,-0.45643211514090093,-1.6142516860792009,-2.173480397919712,-0.7391502520467638,-1.3951480893812978,0.10867419982324313,-0.18674511956359877,2.051070768754714,0.9562937743304117,0.4211553894151483
0.8433013854022288,0.3659229953298163,-0.9457307186251231,0.13689335610128905,0.4632623089124969,0.6583759867271328,-0.1642213657247753,-0.08303387840720981,-0.30774148124214923,-0.20333279095195667,-0.13303373317405004,1.25840806825255,-0.4535396701227793,-0.3369774952755412,0.05299662258170396,0.6598627882567647,0.0787242671175485,-0.46118425362793786,-0.9006123115246677,-0.4917794532451401,0.5379046914572037,-0.03595115780798652,0.4339762981758264,0.0502280753634506,-0.1877290623085432,0.42953431601373115,-0.28961157121171477,0.18254595877171345,-0.19796348210527812,0.1787328616840378,0.43380637634750563,-0.46286038378360644,0.25095083298852905,-0.8707238052587478,-0.14474091784568704,-0.8071882332924601,-1.131571961909709,-0.1346674141457995,-0.9519443539523422,0.12902506476527675,-0.0636464405846757,0.9562937743304117,0.7276644293298481,0.22836185130488687
0.40540395729097345,0.11857540667414584,-0.32067951543851203,0.09421696087718884,0.16807609362109266,0.28581954019422395,-0.059601525245540805,0.0035611302798538615,-0.13047219117725978,-0.1072143322419108,-0.046546100518297,0.5197860486734359,-0.15285823915613475,-0.05052492230038017,0.0646681727267943,0.2757801057595198,0.07795021177408677,-0.23353033601286344,-0.2973616065982146,-0.2144075726595784,0.19527360885623887,-0.08031283017600728,0.20072100773413343,0.0188421342690238,-0.11741303105798122,0.13487927212484574,-0.0783270759439041,0.06690270556914453,-0.02968931470000177,0.11654148778584196,0.22948342773936434,-0.15086491605358346,0.11179688315690439,-0.380923255488588,-0.05576826452451956,-0.3206926546363209,-0.43137044420137954,-0.08736941671985128,-0.3791198111955613,0.045571387712808414,-0.04766662620566102,0.4211553894151483,0.22836185130488687,0.11075136451475508
