V1,V2,V3,V4,V5,V6,V7,V8,V9,V10,V11,V12,V13,V14,V15,V16,V17,V18,V19,V20,V21,V22,V23,V24,V25,V26,V27,V28,V29,V30,V31,V32,V33,V34,V35,V36,V37,V38,V39,V40,V41,V42,V43,V44
5026.636153170108,-3747.282122998563,11658.198211509636,5476.181050990423,-1734.4909076265697,-2753.943360632008,483.6122278728035,681.5175631491426,3075.07769738298,-4532.117003921518,9511.179186222058,-4900.705404937429,-17958.710140213578,12149.732699966358,5111.788464008638,6146.878497897752,4385.39020655692,6580.340909639825,1482.3154347313923,6065.547535294028,1854.717889037859,7241.584641767214,4020.6939092043444,7277.9646287308415,4987.168570747104,1540.0181963616358,452.3924906580485,1104.063085689095,249.1006645972563,8802.565660021572,-2137.908969707315,-909.2282256320213,3033.8269007840822,4011.5909730140006,8903.107291211274,8934.097197013192,5045.455146382666,-560.6205509072997,-11815.950481658707,-5822.638876810528,16818.085719563347,5139.168694723062,-18920.429165263427,11279.489534179176
-3747.282122998563,2793.9389314892637,-8692.011378744955,-4083.109584216245,1293.342168651398,2053.5010600683518,-360.55223481627337,-508.1939550425876,-2292.837272166426,3378.819080679003,-7091.551403039499,3654.2081660841804,13389.851501530902,-9058.538027123226,-3811.1011255873154,-4583.218843214473,-3269.7552384462533,-4906.348600834972,-1105.5890744761898,-4522.930812578735,-1382.5505080489538,-5399.418719213334,-2997.1946490159426,-5426.769154804045,-3718.5044506401982,-1148.385539616078,-337.23947916779235,-823.3546906170702,-185.70028007322762,-6563.247652061974,1594.5749312943497,678.0441334723362,-2261.5521122634086,-2991.2449024956177,-6637.793220446891,-6661.219117491447,-3761.7176552856054,417.7515510941533,8809.699255467116,4341.628545152599,-12539.322584465373,-3831.436453408699,14106.70680027977,-8409.547365796125
11658.198211509636,-8692.011378744955,27041.27314095791,12702.41682762104,-4023.5377889994156,-6388.395223615439,1121.744847629049,1580.921783781666,7132.973265938638,-10511.759202735944,22061.741873866642,-11368.149925412816,-41655.82341840604,28181.365208591174,11856.55121659227,14258.149111305118,10172.183709114464,15263.684648340895,3439.200128346537,14070.462302815778,4301.3856422568615,16797.52938133453,9324.854845221942,16882.26325801494,11568.203858317043,3572.4259716067304,1049.2559689369436,2561.2336341232162,577.759333451129,20418.095524487904,-4960.229175976245,-2109.2096173476793,7036.0858792898825,9305.677489960344,20650.54653291874,20723.185310572215,11703.01686317408,-1299.8475399917183,-27407.026635171427,-13506.521146278541,39010.05461681832,11919.747997585671,-43886.30921485336,26162.456487039915
5476.181050990423,-4083.109584216245,12702.41682762104,5967.59863074754,-1890.2067620160296,-3001.0867203717953,526.7840964687554,742.796314868848,3350.8491233187588,-4937.66580181363,10364.060110458935,-5340.413137884641,-19568.929581596254,13238.36462549833,5569.594830792359,6698.613002472679,4778.799712735728,7170.355865679688,1616.011624477305,6610.514599877381,2020.242501191595,7891.169777363688,4379.735918060651,7931.492600418107,5434.537436303682,1678.7712414049781,492.7098249465052,1203.5494730204514,271.3003050922466,9592.20185916829,-2330.9654170221793,-991.2296055886725,3304.684781689089,4371.550796571876,9700.53093459618,9735.017433248444,5497.08593125257,-610.2991239284871,-12875.195393399481,-6345.53851253337,18325.62427649617,5599.5197803867295,-20615.873907880497,12289.887756010738
-1734.4909076265697,1293.342168651398,-4023.5377889994156,-1890.2067620160296,598.773355071707,950.6740660360334,-166.8695254887474,-235.25055100288594,-1061.3292545184624,1563.8990355363374,-3282.687591015904,1691.6179418210113,6198.318442427263,-4193.167148181332,-1764.1833408041275,-2121.6583656590055,-1513.7381933560696,-2271.2749182235584,-511.8847865940761,-2093.92473426388,-639.8862880659607,-2499.5805427674845,-1387.3541439934222,-2512.119095809906,-1721.3840379491744,-531.7850942666008,-156.10004023616023,-381.12179015187155,-85.93797514841148,-3038.2018325481017,738.3282486477037,313.92286750233933,-1046.6934024068441,-1384.7325125449454,-3072.7177409491123,-3083.695859780538,-1741.2942555265936,193.32444140227662,4078.0634923811417,2009.935303923261,-5804.693350176615,-1773.5529379762754,6529.971142974613,-3892.7702340169017
-2753.943360632008,2053.5010600683518,-6388.395223615439,-3001.0867203717953,950.6740660360334,1509.4124141933096,-264.97676080446183,-373.5151610211726,-1685.1552328177831,2483.1473622926746,-5212.084827989185,2685.8794035881197,9841.259764821982,-6657.7119791866435,-2801.053089032595,-3368.5891248943353,-2403.3380140307218,-3606.1760655335324,-812.7276512100811,-3324.530382721028,-1016.0085503912695,-3968.619339253556,-2202.756550271755,-3988.579726312507,-2733.087984773348,-844.2144171334955,-247.86220715132288,-605.1274367091985,-136.46622537819673,-4823.846838874321,1172.2082142618715,498.38757053933944,-1661.9565250561016,-2198.607996135544,-4878.653975982299,-4896.041468875262,-2764.781612175346,306.9637970160022,6474.855609636461,3191.1753000838007,-9216.264161906774,-2815.9115080759007,10367.985721614066,-6180.724298876888
483.6122278728035,-360.55223481627337,1121.744847629049,526.7840964687554,-166.8695254887474,-264.97676080446183,46.57075615450621,65.56063863946227,295.89783647054026,-436.10896188217697,915.098346664843,-471.5627231954952,-1727.736833340535,1168.9887618805633,491.800171374421,591.310139885621,421.83863089552256,633.1080348985581,142.61724190729743,583.5119352689666,178.47554801277695,696.6686988986795,386.8408253541693,700.176135112769,479.7999212334533,148.03085847754124,43.55228463298598,106.20827722484105,23.990868585591187,846.8497217079503,-205.62757229594484,-87.41975840456854,291.958346591692,385.9992332481449,856.5696562572396,859.5229652290171,485.5276504771177,-53.95322119388217,-1136.731331872871,-560.1164683898519,1618.0178386492084,494.380016516903,-1820.4521858355363,1085.2213124959267
681.5175631491426,-508.1939550425876,1580.921783781666,742.796314868848,-235.25055100288594,-373.5151610211726,65.56063863946227,92.49745038877755,417.15192723500866,-614.6037558278291,1290.1205781548224,-664.761270520871,-2435.755708814346,1647.7519649216597,693.1436195223725,833.8855348666035,594.7332145822661,892.430870720291,201.24063011989142,822.8701646318016,251.3890921582538,982.1569666016999,544.8786311630989,987.4665203570638,676.4454238531832,208.92491143514522,61.284025065828466,149.94444726070142,33.7625792376741,1194.0390925351478,-290.28021194909604,-123.44138870629337,411.269872339735,544.1468242442912,1207.2222977170243,1211.550577112598,684.1014079934254,-75.88208182343472,-1602.5817490829186,-789.8819423881378,2280.8050127243114,696.9321946393065,-2566.0293007009673,1529.6151171124409
3075.07769738298,-2292.837272166426,7132.973265938638,3350.8491233187588,-1061.3292545184624,-1685.1552328177831,295.89783647054026,417.15192723500866,1881.8645507025344,-2773.002411550963,5820.104678096018,-2998.9995352249693,-10988.634569272719,7434.057951831541,3127.4037053627594,3761.5280659953596,2683.1098761049543,4026.321810034577,907.5272790553294,3711.8905797663924,1134.4922979479422,4430.943656307899,2459.086156203878,4454.133819991104,3051.6628618046966,942.2644654946366,276.66407451629794,676.0376186344452,152.3997532086643,5386.473878524811,-1308.893607394389,-556.568369587837,1855.9178514262876,2454.8752972857988,5446.934752208175,5466.197509259732,3086.8811604560715,-342.6577775980782,-7229.845885293747,-3563.09527511513,10290.137183069422,3144.2354460421193,-11576.964404600685,6901.225274409297
-4532.117003921518,3378.819080679003,-10511.759202735944,-4937.66580181363,1563.8990355363374,2483.1473622926746,-436.10896188217697,-614.6037558278291,-2773.002411550963,4086.6546631173255,-8576.373667408096,4419.1026057577055,16192.932922911312,-10955.201382372956,-4608.910163415737,-5542.674127157981,-3953.869331722899,-5933.236666516815,-1336.8543988127128,-5469.281224223761,-1672.2164972124133,-6529.387484287257,-3624.6712430835933,-6562.96827411977,-4496.838571985899,-1388.3100478736633,-407.8375418075198,-995.8576425903962,-224.63198208618408,-7937.2881093214955,1928.0226643599099,819.9091702658068,-2735.472525338196,-3617.320747008907,-8027.2190809247295,-8055.231784171171,-4549.244190905205,505.29800200846427,10654.082990235927,5250.1853986987435,-15163.976592510651,-4633.66125533671,17060.296398659935,-10170.228004697461
9511.179186222058,-7091.551403039499,22061.741873866642,10364.060110458935,-3282.687591015904,-5212.084827989185,915.098346664843,1290.1205781548224,5820.104678096018,-8576.373667408096,18000.656504859682,-9275.363594629498,-33986.97237973822,22992.73182880849,9673.072067110146,11633.965598831737,8299.091600076907,12453.198819874335,2806.6458643627143,11480.56315970721,3508.9661743918823,13704.805675728323,7606.433173953789,13775.649375274703,9438.533939224417,2914.807731771255,855.7587760217218,2090.5594537274724,471.3090830362139,16659.701045845137,-4048.0751549305487,-1721.3904646487852,5740.120819410797,7592.541102946388,16847.437802986646,16907.02005739476,9547.50829935515,-1059.9910744822848,-22361.41425463011,-11020.41200164746,31827.112282621874,9725.08315032479,-35806.21300068739,21345.08521512559
-4900.705404937429,3654.2081660841804,-11368.149925412816,-5340.413137884641,1691.6179418210113,2685.8794035881197,-471.5627231954952,-664.761270520871,-2998.9995352249693,4419.1026057577055,-9275.363594629498,4779.647493165836,17512.80278260257,-11847.692384608084,-4984.3560954334525,-5994.661634839759,-4276.45603305024,-6417.076438357749,-1446.3585139589431,-5915.951701377533,-1808.0057623953478,-7061.987602544214,-3919.41137069696,-7098.256255910557,-4863.568695827901,-1501.9912259290425,-441.0087867715042,-1077.1474858622787,-242.86453331084223,-8584.362133221426,2086.0508298414784,886.9530762928197,-2957.6262852159457,-3912.475260571174,-8681.27214477425,-8712.130331950028,-4919.840573782515,546.1550697438375,11522.238585345158,5678.703729605882,-16400.082068503594,-5010.971160729176,18450.301041457984,-10998.68215248346
-17958.710140213578,13389.851501530902,-41655.82341840604,-19568.929581596254,6198.318442427263,9841.259764821982,-1727.736833340535,-2435.755708814346,-10988.634569272719,16192.932922911312,-33986.97237973822,17512.80278260257,64171.99786798072,-43413.163688179266,-18264.52303328923,-21966.17013745736,-15670.492397014077,-23513.590809942,-5298.9306562363945,-21676.833110922984,-6625.543683734823,-25876.954369559186,-14363.11844617065,-26009.218779645733,-17821.228684488935,-5504.17201308592,-1615.9306276454115,-3946.6125653382396,-889.8404532164552,-31455.35143807807,7642.908093732013,3250.0892549908467,-10838.058314917724,-14335.541775327307,-31811.151394611454,-31923.655966857845,-18027.238014037954,2001.7105511145157,42221.421324936215,20808.05107741077,-60094.85117240084,-18362.535054340307,67606.53153442938,-40302.71910180343
12149.732699966358,-9058.538027123226,28181.365208591174,13238.36462549833,-4193.167148181332,-6657.7119791866435,1168.9887618805633,1647.7519649216597,7434.057951831541,-10955.201382372956,22992.73182880849,-11847.692384608084,-43413.163688179266,29370.044912093377,12356.38032246502,14860.08358302849,10601.06135280816,15907.305565073875,3584.53935330812,14664.188775667619,4482.61515610055,17505.932252001694,9717.360813203453,17595.24980715833,12056.219110119908,3723.135437209312,1093.3252786880482,2669.763799211193,602.0876090699527,21279.80242616951,-5169.948869610759,-2198.4611614748424,7332.668066055503,9698.201247882738,21520.980708986517,21596.77381502083,12196.142640783226,-1354.409482822516,-28563.329041437224,-14076.502078294583,40655.06793159487,12422.553959242297,-45737.41418717906,27265.736406839675
5111.788464008638,-3811.1011255873154,11856.55121659227,5569.594830792359,-1764.1833408041275,-2801.053089032595,491.800171374421,693.1436195223725,3127.4037053627594,-4608.910163415737,9673.072067110146,-4984.3560954334525,-18264.52303328923,12356.38032246502,5198.746738987881,6251.633022600706,4460.2819535023355,6692.560987080784,1507.8416980773488,6169.333999287606,1886.0295844931209,7365.157856833134,4088.849105605292,7402.017390850262,5072.208007389663,1566.5540072173887,460.07248421313966,1122.8805290921393,253.30218678148293,8952.493571964558,-2174.7760834220003,-924.810635971707,3085.0382456093776,4080.085483397881,9054.65720907118,9086.490461625754,5131.30503532352,-570.003838806496,-12017.010466976664,-5922.112845299315,17104.616671272135,5226.4726695134905,-19242.317479177324,11471.309168899163
6146.878497897752,-4583.218843214473,14258.149111305118,6698.613002472679,-2121.6583656590055,-3368.5891248943353,591.310139885621,833.8855348666035,3761.5280659953596,-5542.674127157981,11633.965598831737,-5994.661634839759,-21966.17013745736,14860.08358302849,6251.633022600706,7519.45881633794,5363.925075472304,8048.528200637994,1814.143475123853,7420.326936874367,2267.625189813153,8857.62894417713,4915.657844715256,8903.681520846038,6100.261102429868,1884.2462595824325,552.9560590860888,1351.3388462984162,304.5332544740779,10767.501181159592,-2616.7532589914817,-1112.7915904456345,3709.473807873864,4907.076555969367,10888.344260921824,10927.056487541802,6170.18892354222,-684.8939505692492,-14452.476187812568,-7122.917884129512,20570.017002519537,6285.415989199426,-23141.35961072977,13795.199523419216
4385.39020655692,-3269.7552384462533,10172.183709114464,4778.799712735728,-1513.7381933560696,-2403.3380140307218,421.83863089552256,594.7332145822661,2683.1098761049543,-3953.869331722899,8299.091600076907,-4276.45603305024,-15670.492397014077,10601.06135280816,4460.2819535023355,5363.925075472304,3827.081625898027,5742.093073559951,1293.908957775924,5293.586425165058,1617.8726629508178,6319.340500955618,3507.8020715630973,6350.876745224157,4351.904129453558,1344.5285499196314,394.65933265576996,963.4517488538908,217.25007134886548,7681.067488008493,-1866.3736272875014,-793.645544432448,2646.367125082596,3500.641409335991,7768.5250834231765,7796.13692267558,4402.236378573045,-488.8811720933134,-10310.231686820449,-5081.380914834221,14675.377050826744,4484.087069833192,-16508.831129420578,9841.765022367952
6580.340909639825,-4906.348600834972,15263.684648340895,7170.355865679688,-2271.2749182235584,-3606.1760655335324,633.1080348985581,892.430870720291,4026.321810034577,-5933.236666516815,12453.198819874335,-6417.076438357749,-23513.590809942,15907.305565073875,6692.560987080784,8048.528200637994,5742.093073559951,8615.974134649265,1941.5836454247556,7942.821108703872,2427.739904270639,9481.919208199144,5263.219991623004,9529.814963767,6530.0175208181,2016.8806759235567,592.1985610911505,1445.8527296358486,326.07009453054354,11525.556813163383,-2800.385394073102,-1190.7612361855224,3971.225679925596,5252.8779532706785,11656.46818915637,11697.745142532227,6605.772731585403,-733.5433371743146,-15470.461745359777,-7624.388867883322,22020.09286790698,6728.246402543534,-24772.19024026424,14767.677030173269
1482.3154347313923,-1105.5890744761898,3439.200128346537,1616.011624477305,-511.8847865940761,-812.7276512100811,142.61724190729743,201.24063011989142,907.5272790553294,-1336.8543988127128,2806.6458643627143,-1446.3585139589431,-5298.9306562363945,3584.53935330812,1507.8416980773488,1814.143475123853,1293.908957775924,1941.5836454247556,438.0130736751532,1790.4632883782144,546.7200970293761,2136.8103586184466,1185.1157363424309,2148.34090868769,1471.670349435044,454.6340845951556,133.3080925306885,326.23915128795767,73.43712196228905,2597.6426380906555,-631.8081490071232,-268.59431040637145,894.4426576101348,1183.943971102704,2626.213488912143,2635.833908880384,1488.242834616645,-164.96116259002824,-3486.259679343645,-1718.5629202868574,4961.896447504339,1515.9830201939262,-5582.24156873157,3327.4784536538295
6065.547535294028,-4522.930812578735,14070.462302815778,6610.514599877381,-2093.92473426388,-3324.530382721028,583.5119352689666,822.8701646318016,3711.8905797663924,-5469.281224223761,11480.56315970721,-5915.951701377533,-21676.833110922984,14664.188775667619,6169.333999287606,7420.326936874367,5293.586425165058,7942.821108703872,1790.4632883782144,7323.070139582527,2237.5624985676727,8741.32464990814,4850.914492706026,8786.234992904936,6020.038763595932,1859.732451878466,545.728584412602,1333.3727539043696,300.5029506181244,10625.581317080632,-2582.595743409462,-1098.1264331495006,3660.240584839271,4842.674738723081,10745.155774507773,10783.65863356877,6089.096401500512,-675.8052674480156,-14261.909189330729,-7029.36222164835,20299.497609131817,6202.409711741028,-22836.390969380638,13613.396961046332
1854.717889037859,-1382.5505080489538,4301.3856422568615,2020.242501191595,-639.8862880659607,-1016.0085503912695,178.47554801277695,251.3890921582538,1134.4922979479422,-1672.2164972124133,3508.9661743918823,-1808.0057623953478,-6625.543683734823,4482.61515610055,1886.0295844931209,2267.625189813153,1617.8726629508178,2427.739904270639,546.7200970293761,2237.5624985676727,684.4351194249219,2671.617666029717,1483.6975133577996,2684.8443152710456,1839.8922465821195,567.9994836503292,166.96696937959447,407.19703544674604,91.93875238691028,3247.454554859482,-788.4501111260995,-335.3213441967446,1119.527856859549,1479.9856252746085,3284.8610132706417,3296.150038515597,1861.6492212612154,-206.95912158100097,-4359.299448440518,-2147.9804817279446,6204.868603140204,1896.0682183023214,-6980.625316279671,4161.583177400986
7241.584641767214,-5399.418719213334,16797.52938133453,7891.169777363688,-2499.5805427674845,-3968.619339253556,696.6686988986795,982.1569666016999,4430.943656307899,-6529.387484287257,13704.805675728323,-7061.987602544214,-25876.954369559186,17505.932252001694,7365.157856833134,8857.62894417713,6319.340500955618,9481.919208199144,2136.8103586184466,8741.32464990814,2671.617666029717,10435.006688388667,5792.036159003374,10487.773064859868,7186.369274072647,2219.831664422061,651.6642662834511,1591.2419982409815,358.7975955332647,12684.05193832033,-3082.068844042354,-1310.564119981638,4370.137391791575,5780.798720442462,12827.92839833397,12873.470398907162,7269.486058340227,-807.1894202483697,-17025.427167848855,-8390.883316618314,24233.277426791046,7404.512415090407,-27261.702943665863,16251.806442707375
4020.6939092043444,-2997.1946490159426,9324.854845221942,4379.735918060651,-1387.3541439934222,-2202.756550271755,386.8408253541693,544.8786311630989,2459.086156203878,-3624.6712430835933,7606.433173953789,-3919.41137069696,-14363.11844617065,9717.360813203453,4088.849105605292,4915.657844715256,3507.8020715630973,5263.219991623004,1185.1157363424309,4850.914492706026,1483.6975133577996,5792.036159003374,3216.9683475912198,5819.705485569876,3988.6588849507425,1231.830735690824,362.05162015381813,882.3417046811852,199.26115416583121,7039.713363754792,-1709.2116402440572,-726.8702769465352,2426.710740620307,3208.3706674512214,7121.6050606770195,7146.247338606835,4035.94048419732,-448.7657083100676,-9450.195522836644,-4656.641132519046,13451.833785916533,4110.405973606512,-15132.521721543455,9021.738008019154
7277.9646287308415,-5426.769154804045,16882.26325801494,7931.492600418107,-2512.119095809906,-3988.579726312507,700.176135112769,987.4665203570638,4454.133819991104,-6562.96827411977,13775.649375274703,-7098.256255910557,-26009.218779645733,17595.24980715833,7402.017390850262,8903.681520846038,6350.876745224157,9529.814963767,2148.34090868769,8786.234992904936,2684.8443152710456,10487.773064859868,5819.705485569876,10543.103891447272,7223.093360212761,2230.8105982486686,654.6374695820898,1600.4267252185264,360.5998415501506,12749.583841864123,-3098.7387885892085,-1317.712862277718,4392.144524159081,5810.417932428658,12891.90545265684,12937.824117538627,7305.689353495738,-810.7368253899582,-17112.507409287122,-8434.023593776887,24355.59543037796,7442.096371872226,-27400.854496673564,16334.061342434801
4987.168570747104,-3718.5044506401982,11568.203858317043,5434.537436303682,-1721.3840379491744,-2733.087984773348,479.7999212334533,676.4454238531832,3051.6628618046966,-4496.838571985899,9438.533939224417,-4863.568695827901,-17821.228684488935,12056.219110119908,5072.208007389663,6100.261102429868,4351.904129453558,6530.0175208181,1471.670349435044,6020.038763595932,1839.8922465821195,7186.369274072647,3988.6588849507425,7223.093360212761,4949.1788436071165,1528.6415445416294,448.7520957725334,1096.0356686276102,247.10746045578773,8735.496027068411,-2122.6707334213415,-902.613944891266,3009.7044540913075,3981.1982386570676,8834.248754116235,8865.593775662803,5006.334562715863,-555.8366318008927,-11725.273439861754,-5778.710327269127,16688.985046255228,5099.387695239896,-18774.962143197114,11192.397457422348
1540.0181963616358,-1148.385539616078,3572.4259716067304,1678.7712414049781,-531.7850942666008,-844.2144171334955,148.03085847754124,208.92491143514522,942.2644654946366,-1388.3100478736633,2914.807731771255,-1501.9912259290425,-5504.17201308592,3723.135437209312,1566.5540072173887,1884.2462595824325,1344.5285499196314,2016.8806759235567,454.6340845951556,1859.732451878466,567.9994836503292,2219.831664422061,1231.830735690824,2230.8105982486686,1528.6415445416294,472.76771787040553,138.53374110757207,338.4451384206818,76.21983577658953,2697.9817145586826,-655.972520779763,-278.9609937340158,929.0256719257125,1229.5441660190004,2728.516572492202,2738.4799393013895,1545.9040138195712,-171.5683129510106,-3621.404679894059,-1785.1490324158626,5154.686663114391,1574.9787171654805,-5797.9695792554785,3456.5400188780714
452.3924906580485,-337.23947916779235,1049.2559689369436,492.7098249465052,-156.10004023616023,-247.86220715132288,43.55228463298598,61.284025065828466,276.66407451629794,-407.8375418075198,855.7587760217218,-441.0087867715042,-1615.9306276454115,1093.3252786880482,460.07248421313966,552.9560590860888,394.65933265576996,592.1985610911505,133.3080925306885,545.728584412602,166.96696937959447,651.6642662834511,362.05162015381813,654.6374695820898,448.7520957725334,138.53374110757207,40.779922099569646,99.19980831905484,22.434461484164498,791.9573647594553,-192.21658161612459,-81.71537230477767,273.08445081778285,360.9931298484765,801.339932296885,804.0958751150887,454.20684684101315,-50.53636803664676,-1063.1703554600788,-523.852046195942,1513.5049150830162,462.4345742632042,-1702.616198065242,1015.0909505053672
1104.063085689095,-823.3546906170702,2561.2336341232162,1203.5494730204514,-381.12179015187155,-605.1274367091985,106.20827722484105,149.94444726070142,676.0376186344452,-995.8576425903962,2090.5594537274724,-1077.1474858622787,-3946.6125653382396,2669.763799211193,1122.8805290921393,1351.3388462984162,963.4517488538908,1445.8527296358486,326.23915128795767,1333.3727539043696,407.19703544674604,1591.2419982409815,882.3417046811852,1600.4267252185264,1096.0356686276102,338.4451384206818,99.19980831905484,243.2249071321598,54.694265857562385,1934.8647258440767,-470.5991467363442,-200.13504765899955,666.2589662484811,881.6991052136417,1955.6237872788563,1962.69321101681,1108.1790986986978,-122.79132481935167,-2596.644811101206,-1279.9176312435457,3695.1584043891753,1129.1483816111613,-4157.61804894932,2478.178856942419
249.1006645972563,-185.70028007322762,577.759333451129,271.3003050922466,-85.93797514841148,-136.46622537819673,23.990868585591187,33.7625792376741,152.3997532086643,-224.63198208618408,471.3090830362139,-242.86453331084223,-889.8404532164552,602.0876090699527,253.30218678148293,304.5332544740779,217.25007134886548,326.07009453054354,73.43712196228905,300.5029506181244,91.93875238691028,358.7975955332647,199.26115416583121,360.5998415501506,247.10746045578773,76.21983577658953,22.434461484164498,54.694265857562385,12.3602368027996,436.15001656613373,-105.87587797841613,-45.01434694236869,150.39552590254584,198.79816102811515,441.1734697081035,442.67689898311914,250.076982315081,-27.79842415322038,-585.4579728140741,-288.45886026198804,833.3351442759214,254.6292966823601,-937.619941363936,558.9423734700307
8802.565660021572,-6563.247652061974,20418.095524487904,9592.20185916829,-3038.2018325481017,-4823.846838874321,846.8497217079503,1194.0390925351478,5386.473878524811,-7937.2881093214955,16659.701045845137,-8584.362133221426,-31455.35143807807,21279.80242616951,8952.493571964558,10767.501181159592,7681.067488008493,11525.556813163383,2597.6426380906555,10625.581317080632,3247.454554859482,12684.05193832033,7039.713363754792,12749.583841864123,8735.496027068411,2697.9817145586826,791.9573647594553,1934.8647258440767,436.15001656613373,15418.785546232373,-3746.7499313585704,-1593.287615749282,5312.28924708361,7026.930183290698,15592.419358083742,15647.686598988554,8836.095847377037,-980.9594915129824,-20695.780694685127,-10199.702681489045,29456.376810471964,9000.697144703707,-33138.68002417618,19754.95304413865
-2137.908969707315,1594.5749312943497,-4960.229175976245,-2330.9654170221793,738.3282486477037,1172.2082142618715,-205.62757229594484,-290.28021194909604,-1308.893607394389,1928.0226643599099,-4048.0751549305487,2086.0508298414784,7642.908093732013,-5169.948869610759,-2174.7760834220003,-2616.7532589914817,-1866.3736272875014,-2800.385394073102,-631.8081490071232,-2582.595743409462,-788.4501111260995,-3082.068844042354,-1709.2116402440572,-3098.7387885892085,-2122.6707334213415,-655.972520779763,-192.21658161612459,-470.5991467363442,-105.87587797841613,-3746.7499313585704,911.4580504731748,387.5180679240869,-1289.894169334255,-1707.5924963751713,-3787.804445426433,-3801.7683204961586,-2146.331756897004,237.8633712756039,5028.440420975114,2478.9072856023927,-7156.7369266030055,-2186.603491982222,8051.196055064639,-4799.223690007552
-909.2282256320213,678.0441334723362,-2109.2096173476793,-991.2296055886725,313.92286750233933,498.38757053933944,-87.41975840456854,-123.44138870629337,-556.568369587837,819.9091702658068,-1721.3904646487852,886.9530762928197,3250.0892549908467,-2198.4611614748424,-924.810635971707,-1112.7915904456345,-793.645544432448,-1190.7612361855224,-268.59431040637145,-1098.1264331495006,-335.3213441967446,-1310.564119981638,-726.8702769465352,-1317.712862277718,-902.613944891266,-278.9609937340158,-81.71537230477767,-200.13504765899955,-45.01434694236869,-1593.287615749282,387.5180679240869,164.81280247460447,-548.5653827300299,-726.0441939038847,-1610.7010487495518,-1616.574576696058,-912.6134435804078,101.17110799164853,2138.37679017507,1054.0991675595315,-3043.282039155563,-929.9222740047478,3423.6377623248895,-2040.8374975394768
3033.8269007840822,-2261.5521122634086,7036.0858792898825,3304.684781689089,-1046.6934024068441,-1661.9565250561016,291.958346591692,411.269872339735,1855.9178514262876,-2735.472525338196,5740.120819410797,-2957.6262852159457,-10838.058314917724,7332.668066055503,3085.0382456093776,3709.473807873864,2646.367125082596,3971.225679925596,894.4426576101348,3660.240584839271,1119.527856859549,4370.137391791575,2426.710740620307,4392.144524159081,3009.7044540913075,929.0256719257125,273.08445081778285,666.2589662484811,150.39552590254584,5312.28924708361,-1289.894169334255,-548.5653827300299,1831.292573199088,2421.009978113426,5373.132712477189,5391.631097594329,3045.198842623128,-338.452562144297,-7130.920302814329,-3513.69105937379,10149.674409965131,3101.5127408632115,-11418.946762880365,6807.4079446813585
4011.5909730140006,-2991.2449024956177,9305.677489960344,4371.550796571876,-1384.7325125449454,-2198.607996135544,385.9992332481449,544.1468242442912,2454.8752972857988,-3617.320747008907,7592.541102946388,-3912.475260571174,-14335.541775327307,9698.201247882738,4080.085483397881,4907.076555969367,3500.641409335991,5252.8779532706785,1183.943971102704,4842.674738723081,1479.9856252746085,5780.798720442462,3208.3706674512214,5810.417932428658,3981.1982386570676,1229.5441660190004,360.9931298484765,881.6991052136417,198.79816102811515,7026.930183290698,-1707.5924963751713,-726.0441939038847,2421.009978113426,3202.6502569140252,7106.303008802716,7131.573520467854,4027.2462501300315,-447.07014617425955,-9431.817641447005,-4648.46451439171,13424.74945823523,4101.85905443882,-15102.908868474371,9003.2329827535
8903.107291211274,-6637.793220446891,20650.54653291874,9700.53093459618,-3072.7177409491123,-4878.653975982299,856.5696562572396,1207.2222977170243,5446.934752208175,-8027.2190809247295,16847.437802986646,-8681.27214477425,-31811.151394611454,21520.980708986517,9054.65720907118,10888.344260921824,7768.5250834231765,11656.46818915637,2626.213488912143,10745.155774507773,3284.8610132706417,12827.92839833397,7121.6050606770195,12891.90545265684,8834.248754116235,2728.516572492202,801.339932296885,1955.6237872788563,441.1734697081035,15592.419358083742,-3787.804445426433,-1610.7010487495518,5373.132712477189,7106.303008802716,15770.54498329469,15826.045337723366,8937.25490574375,-992.7869459118066,-20929.86402886222,-10314.525191985971,29791.116098291688,9102.859022409095,-33514.17060015041,19979.505023599675
8934.097197013192,-6661.219117491447,20723.185310572215,9735.017433248444,-3083.695859780538,-4896.041468875262,859.5229652290171,1211.550577112598,5466.197509259732,-8055.231784171171,16907.02005739476,-8712.130331950028,-31923.655966857845,21596.77381502083,9086.490461625754,10927.056487541802,7796.13692267558,11697.745142532227,2635.833908880384,10783.65863356877,3296.150038515597,12873.470398907162,7146.247338606835,12937.824117538627,8865.593775662803,2738.4799393013895,804.0958751150887,1962.69321101681,442.67689898311914,15647.686598988554,-3801.7683204961586,-1616.574576696058,5391.631097594329,7131.573520467854,15826.045337723366,15882.071025349947,8968.612612247387,-996.0699253045103,-21003.776025045277,-10351.362878860265,29896.395385983087,9134.854571015061,-33632.28019051826,20049.7986298738
5045.455146382666,-3761.7176552856054,11703.01686317408,5497.08593125257,-1741.2942555265936,-2764.781612175346,485.5276504771177,684.1014079934254,3086.8811604560715,-4549.244190905205,9547.50829935515,-4919.840573782515,-18027.238014037954,12196.142640783226,5131.30503532352,6170.18892354222,4402.236378573045,6605.772731585403,1488.242834616645,6089.096401500512,1861.6492212612154,7269.486058340227,4035.94048419732,7305.689353495738,5006.334562715863,1545.9040138195712,454.20684684101315,1108.1790986986978,250.076982315081,8836.095847377037,-2146.331756897004,-912.6134435804078,3045.198842623128,4027.2462501300315,8937.25490574375,8968.612612247387,5065.066538381925,-562.6893106385784,-11860.78074354389,-5845.015067844981,16882.571269592732,5158.473644275247,-18992.84380774182,11322.515934652643
-560.6205509072997,417.7515510941533,-1299.8475399917183,-610.2991239284871,193.32444140227662,306.9637970160022,-53.95322119388217,-75.88208182343472,-342.6577775980782,505.29800200846427,-1059.9910744822848,546.1550697438375,2001.7105511145157,-1354.409482822516,-570.003838806496,-684.8939505692492,-488.8811720933134,-733.5433371743146,-164.96116259002824,-675.8052674480156,-206.95912158100097,-807.1894202483697,-448.7657083100676,-810.7368253899582,-555.8366318008927,-171.5683129510106,-50.53636803664676,-122.79132481935167,-27.79842415322038,-980.9594915129824,237.8633712756039,101.17110799164853,-338.452562144297,-447.07014617425955,-992.7869459118066,-996.0699253045103,-562.6893106385784,62.705136678577844,1317.0593688685342,648.7873288481392,-1874.9010846618128,-572.9560050619441,2109.1464251573275,-1257.5648115443923
-11815.950481658707,8809.699255467116,-27407.026635171427,-12875.195393399481,4078.0634923811417,6474.855609636461,-1136.731331872871,-1602.5817490829186,-7229.845885293747,10654.082990235927,-22361.41425463011,11522.238585345158,42221.421324936215,-28563.329041437224,-12017.010466976664,-14452.476187812568,-10310.231686820449,-15470.461745359777,-3486.259679343645,-14261.909189330729,-4359.299448440518,-17025.427167848855,-9450.195522836644,-17112.507409287122,-11725.273439861754,-3621.404679894059,-1063.1703554600788,-2596.644811101206,-585.4579728140741,-20695.780694685127,5028.440420975114,2138.37679017507,-7130.920302814329,-9431.817641447005,-20929.86402886222,-21003.776025045277,-11860.78074354389,1317.0593688685342,27779.32100589635,13690.396583505715,-39538.820897869424,-12081.597417828094,44481.10017200454,-26516.877933144027
-5822.638876810528,4341.628545152599,-13506.521146278541,-6345.53851253337,2009.935303923261,3191.1753000838007,-560.1164683898519,-789.8819423881378,-3563.09527511513,5250.1853986987435,-11020.41200164746,5678.703729605882,20808.05107741077,-14076.502078294583,-5922.112845299315,-7122.917884129512,-5081.380914834221,-7624.388867883322,-1718.5629202868574,-7029.36222164835,-2147.9804817279446,-8390.883316618314,-4656.641132519046,-8434.023593776887,-5778.710327269127,-1785.1490324158626,-523.852046195942,-1279.9176312435457,-288.45886026198804,-10199.702681489045,2478.9072856023927,1054.0991675595315,-3513.69105937379,-4648.46451439171,-10314.525191985971,-10351.362878860265,-5845.015067844981,648.7873288481392,13690.396583505715,6747.524224791582,-19485.86239964819,-5953.945676160057,21921.143086761564,-13067.86817354323
16818.085719563347,-12539.322584465373,39010.05461681832,18325.62427649617,-5804.693350176615,-9216.264161906774,1618.0178386492084,2280.8050127243114,10290.137183069422,-15163.976592510651,31827.112282621874,-16400.082068503594,-60094.85117240084,40655.06793159487,17104.616671272135,20570.017002519537,14675.377050826744,22020.09286790698,4961.896447504339,20299.497609131817,6204.868603140204,24233.277426791046,13451.833785916533,24355.59543037796,16688.985046255228,5154.686663114391,1513.5049150830162,3695.1584043891753,833.3351442759214,29456.376810471964,-7156.7369266030055,-3043.282039155563,10149.674409965131,13424.74945823523,29791.116098291688,29896.395385983087,16882.571269592732,-1874.9010846618128,-39538.820897869424,-19485.86239964819,56277.81620709972,17195.999683086233,-63311.36939942978,37742.632325729064
5139.168694723062,-3831.436453408699,11919.747997585671,5599.5197803867295,-1773.5529379762754,-2815.9115080759007,494.380016516903,696.9321946393065,3144.2354460421193,-4633.66125533671,9725.08315032479,-5010.971160729176,-18362.535054340307,12422.553959242297,5226.4726695134905,6285.415989199426,4484.087069833192,6728.246402543534,1515.9830201939262,6202.409711741028,1896.0682183023214,7404.512415090407,4110.405973606512,7442.096371872226,5099.387695239896,1574.9787171654805,462.4345742632042,1129.1483816111613,254.6292966823601,9000.697144703707,-2186.603491982222,-929.9222740047478,3101.5127408632115,4101.85905443882,9102.859022409095,9134.854571015061,5158.473644275247,-572.9560050619441,-12081.597417828094,-5953.945676160057,17195.999683086233,5254.5774967182515,-19345.337555825856,11532.669999863185
-18920.429165263427,14106.70680027977,-43886.30921485336,-20615.873907880497,6529.971142974613,10367.985721614066,-1820.4521858355363,-2566.0293007009673,-11576.964404600685,17060.296398659935,-35806.21300068739,18450.301041457984,67606.53153442938,-45737.41418717906,-19242.317479177324,-23141.35961072977,-16508.831129420578,-24772.19024026424,-5582.24156873157,-22836.390969380638,-6980.625316279671,-27261.702943665863,-15132.521721543455,-27400.854496673564,-18774.962143197114,-5797.9695792554785,-1702.616198065242,-4157.61804894932,-937.619941363936,-33138.68002417618,8051.196055064639,3423.6377623248895,-11418.946762880365,-15102.908868474371,-33514.17060015041,-33632.28019051826,-18992.84380774182,2109.1464251573275,44481.10017200454,21921.143086761564,-63311.36939942978,-19345.337555825856,71226.05067170548,-42460.37998094931
11279.489534179176,-8409.547365796125,26162.456487039915,12289.887756010738,-3892.7702340169017,-6180.724298876888,1085.2213124959267,1529.6151171124409,6901.225274409297,-10170.228004697461,21345.08521512559,-10998.68215248346,-40302.71910180343,27265.736406839675,11471.309168899163,13795.199523419216,9841.765022367952,14767.677030173269,3327.4784536538295,13613.396961046332,4161.583177400986,16251.806442707375,9021.738008019154,16334.061342434801,11192.397457422348,3456.5400188780714,1015.0909505053672,2478.178856942419,558.9423734700307,19754.95304413865,-4799.223690007552,-2040.8374975394768,6807.4079446813585,9003.2329827535,19979.505023599675,20049.7986298738,11322.515934652643,-1257.5648115443923,-26516.877933144027,-13067.86817354323,37742.632325729064,11532.669999863185,-42460.37998094931,25312.465168214534
