V1,V2,V3,V4,V5,V6,V7,V8,V9,V10,V11,V12,V13,V14,V15,V16,V17,V18,V19,V20,V21,V22,V23,V24,V25,V26,V27,V28,V29,V30,V31,V32,V33,V34,V35,V36,V37,V38,V39,V40,V41,V42,V43,V44,V45,V46,V47,V48,V49
0.2992235996915185,0.29554530892077135,-0.14641191432965328,0.0022373562091686405,-0.35993873448151364,-0.21265214688711148,0.1000807906350152,-0.08999849746760391,0.31369619562343104,-0.040377355877542216,0.11584152341186325,0.03616592561413684,-0.07399473363355195,0.14815091427272312,0.1335657160044939,-0.10163623860869744,-0.2643562673557704,0.12592797277603784,0.20872506596811538,0.3455788990320422,0.13215584005852746,-0.19789129225076016,0.029745304191924588,-0.026638687445845587,-0.027918198871998753,0.025556741102001596,0.07982784363473679,-0.31908734586582976,0.2944749189170304,0.11770487085303202,-0.2025194541601775,0.04531919130553216,-0.04586413408293802,-0.10366222796673408,-0.3802620459461129,0.11436195927866329,-0.1987332563619948,0.008590827147079655,-0.0740482661116489,0.2981062336624705,-0.3348714268846032,0.04251556428228901,0.09687362554125586,0.25922920666347715,0.1870052669228952,0.1538620917905052,-0.06421288709678902,-0.10515089486697199,-0.17643610600954507
0.29554530892077135,1.3170428968534216,-0.6922383734424943,0.2573187865435289,-0.74741954828252255,-1.2010867440997022,2.5501702899277867,-0.7385189731637062,1.122099183823947,-0.43814380564526245,1.7823296404845133,-0.30677781115619707,-0.11056492434883278,-0.08566436605677297,2.91044904004357,0.49438615587124773,-2.1261185457663467,1.0799911403376727,0.9507870809663548,1.3775216426872952,0.13855610988841122,-0.8766121612330534,0.187816623247208,-1.9283692700647983,-1.0485058865478325,0.7493373853506032,0.9802294709249886,-0.7235660741590138,-0.03920570278135271,-0.500820427794861,-1.1691378545476947,-0.0588776376530256,-0.4320888999947341,1.1812401291473604,-1.4804972088716837,0.3421079943264321,-0.7945485007832109,0.4703751216628373,-0.7860425072792501,0.8043846780593176,-0.5958397156094557,-1.6564397616829178,-0.4806994103297592,0.09379820749673166,0.38494037041613766,0.03904825557466275,-0.7198381701035351,0.24838950507702562,0.7906541436533294
-0.14641191432965328,-0.6922383734424943,0.6280434170642331,-0.18215813256792465,0.35282889331792405,0.31604371889469035,-1.1599749610676044,0.4672651110036929,-0.4796954645204556,0.12281431992393288,-0.7911600497620946,-0.026293415575512822,-0.22058036765688624,0.2058306690785432,-1.1139919072891318,-0.02003191454164022,0.9706900115635347,-0.3513898023150861,-0.3471478111387286,-0.6978941791643345,0.0017314910792816682,0.07544149956581016,-0.03573555375365826,0.9247097772433068,0.30032870500494346,-0.1235594949092837,-0.33456856160763854,0.4481430814999399,0.18547960472847674,0.20724761749619722,0.6191530572060668,0.06997162176485361,0.2313683534724898,-0.40182273043203526,0.6977789831861078,-0.16998231046937462,0.3044335715453114,-0.1950658315030811,0.15068843581254407,-0.5247033362377816,0.2671847921150321,0.5496267628042705,0.28141204026001293,0.004119906369363857,-0.3658959698793076,0.11667510249892551,0.30078054555328515,0.05861140873879557,-0.35961090408949115
0.0022373562091686405,0.2573187865435289,-0.18215813256792465,0.2676985685622737,-0.14822678084030075,-0.20868458636642964,0.9713582511913935,-0.10975109000105233,0.3512805855905596,-0.161398014676188,0.7008481349372468,-0.06250768022319918,-0.038567368037188784,-0.30208698671494,1.159683169734148,0.30218535121017953,-0.8714144131608532,0.29056950782404223,0.16001139505545636,0.4077598323107458,0.008251991387294967,-0.16417288104929748,-0.03915885705830512,-0.6883841675330598,-0.2901646601171811,0.17988457051321485,0.4838055108944685,0.15246194124603155,-0.18565774201106205,-0.24035249358879474,-0.4247951949267666,-0.13242027961019556,-0.3228752469103206,0.6399953555123782,-0.4471640075363387,0.0801816689576397,-0.2936752928136294,0.28265910805384276,-0.1672317009569821,0.1954916732997836,-0.08427370524596428,-0.841697927602781,-0.13098201399744464,0.03392132691528161,-0.024786638747801095,-0.16378889042655878,-0.36799494639391583,0.3795491677266957,0.4037906399951613
-0.35993873448151364,-0.74741954828252255,0.35282889331792405,-0.14822678084030075,0.6839530360397551,0.7571206944442135,-1.207455685903594,0.4231199358889919,-0.7929315151684054,0.1733171009317638,-1.0007955356377165,0.1199484457149506,0.16476197161801787,-0.09430064246480489,-1.5606117377069844,-0.26929922124182926,1.2327667375204603,-0.7024671563641688,-0.6298955732139632,-0.8527432027661397,-0.12471730370008804,0.6145615537041511,-0.020872380656145686,0.9094806912802309,0.6054585530400552,-0.3587071145678456,-0.5815223571455834,0.4444792948545443,-0.3120738095295452,0.21158547192053337,0.6521862215676023,0.031598370807181114,0.36933761614933053,-0.6083677745308819,1.015301690608433,-0.24451258733664474,0.5799159205510851,-0.17833242738223673,0.4675068458265814,-0.5865900572086974,0.5586201351667871,0.864381223601492,-0.026019499314380343,-0.3209484296930652,-0.1421036690143912,-0.06566247250530918,0.5226230322566907,-0.20265728162830482,-0.2625572174225415
-0.21265214688711148,-1.2010867440997022,0.31604371889469035,-0.20868458636642964,0.7571206944442135,2.791816594830663,-3.612726073239381,0.6628037732798068,-1.813422052719276,0.6282838888500607,-2.8101973830942484,0.5900940909836045,1.6810553958758008,0.43299669926543277,-4.109555667834944,-0.9267384495179013,2.807902049468487,-2.1973290777526295,-1.5818299965613942,-2.054341147039097,-0.19065677765215228,1.6613501582191268,-0.3371174168397579,2.847203984380385,2.7300755510874186,-2.030143400043404,-2.192865573041907,-0.7446251316161545,-0.08668714892469048,1.1080162331315184,1.6096813133916117,0.42687240009254335,0.8354729717541076,-1.8513589492713938,2.232437904906038,-0.749662616760084,0.8289227756322999,-0.6277000971401473,2.35910368335303,-0.5164305443257804,0.8151451635121791,2.9533469565318624,-0.29249965868956557,-0.5241316694693905,0.7576023222151465,-0.011449675787744269,1.8047599237259644,-1.0213266131472722,-1.293672101095504
0.1000807906350152,2.5501702899277867,-1.1599749610676044,0.9713582511913935,-1.207455685903594,-3.612726073239381,8.055310916787287,-1.4520215048900544,3.3258163399328695,-1.4062949938860347,5.82739246399281,-1.2476359902666088,-1.673245242827926,-1.4110200812976847,9.03468659675135,2.65367247475788,-6.486580312561311,3.762541721864705,2.619607890396262,3.431322103938971,-0.1108892519906741,-2.1951398536097617,0.29017343909832777,-6.0227721136386485,-3.906412326694826,3.278628604616031,3.9898009977579396,0.7069156224803019,-0.7088655385565655,-1.9514463140687177,-3.4237239974298195,-0.8645091570825049,-1.8128104113592005,4.759826592785788,-3.810545406130378,1.1385461500159808,-1.694987831450629,1.58694791314492,-3.4156855861410826,1.2154019982810467,-0.8098103554731196,-6.327074140144701,-0.8156003693450603,0.17237996522332855,-0.5410152229154747,-0.6592067694741698,-3.056612387925481,2.206439020411595,3.162621266435295
-0.08999849746760391,-0.7385189731637062,0.4672651110036929,-0.10975109000105233,0.4231199358889919,0.6628037732798068,-1.4520215048900544,0.743026820355774,-0.6603363838676544,0.16002064020059184,-1.1106561012995844,0.16268683046261717,-0.13619112480809142,0.0042418329923638665,-1.658415619079261,-0.36191528341568985,1.1983091156893633,-0.805106435664712,-0.5887150960820885,-0.6057844652943832,0.09725355364926724,0.40559001506120307,0.03908234518920547,1.3320542911794213,0.7103093237121942,-0.4852937175739419,-0.4966423482906202,0.46315336548402847,0.043722559489648906,0.35426124840012174,0.6380741152876336,-0.060610538462757525,0.42856369532512956,-0.8563308276272189,0.8529260474857776,-0.27759293032068855,0.466465442505663,-0.1223284923045566,0.4952195597760089,-0.48868681156265487,0.2676519750580236,0.9179060325028653,0.0866968931247753,0.032797118828416266,-0.1811450411406794,0.11111464689609678,0.40760149109619037,-0.06644922948594456,-0.49277251741071404
0.31369619562343104,1.122099183823947,-0.4796954645204556,0.3512805855905596,-0.7929315151684054,-1.813422052719276,3.3258163399328695,-0.6603363838676544,1.860005392756846,-0.5885863383638446,2.5694316677742584,-0.5353741625563267,-1.1271227158098436,-0.5346968363507426,3.644070006364215,1.1865624284846972,-2.8721255656809803,1.918994871489863,1.3952262935153923,1.6412084057033298,-0.05158855119223651,-1.030999162058216,0.06164815087391538,-2.4743433528002994,-1.8511787583484234,1.7094297340590912,1.908079199393249,0.4635475034273343,0.12857360718875235,-0.647395983136853,-1.6109919304057487,-0.40543626669254235,-0.9187845822748896,1.9828687655564898,-1.9309263373490282,0.7338895431299312,-0.7170875576744671,0.5552552248893081,-1.8681252859767483,0.6251711181066113,-0.5974750418762108,-2.611524983529533,0.1295372108379063,0.4435018723784249,-0.38127315266922496,-0.23433578326519133,-1.4942185583858387,0.9470888341310699,1.0998834016447214
-0.040377355877542216,-0.43814380564526245,0.12281431992393288,-0.161398014676188,0.1733171009317638,0.6282838888500607,-1.4062949938860347,0.16002064020059184,-0.5885863383638446,0.3627066928746093,-0.9275550276065141,0.264738572811871,0.35767392103823664,0.21226928826983849,-1.55462305646059,-0.4719680174307022,1.1178997974528204,-0.5930698714757947,-0.4501337879694616,-0.5870390258697116,-0.05156060188963281,0.45459405442673323,-0.10462981488550267,0.9838711646300129,0.6053272639221382,-0.6480821328654337,-0.7244493458588511,-0.11648737743458931,0.10720232188519775,0.2408471499751176,0.588475564026751,0.10416976448320306,0.23117654166998752,-0.7846394679135842,0.6183636538493438,-0.20425475675706473,0.30952204782993115,-0.34207626424709353,0.604333414689376,-0.15815272922058476,0.1376328210340883,1.070206605853905,0.20100064490109515,-0.02408142019162907,0.030659322168199315,0.006436471169461129,0.4112732272704554,-0.37468385873464244,-0.4705594957948823
0.11584152341186325,1.7823296404845133,-0.7911600497620946,0.7008481349372468,-1.0007955356377165,-2.8101973830942484,5.82739246399281,-1.1106561012995844,2.5694316677742584,-0.9275550276065141,4.447800059119002,-0.9244792134071701,-1.4156531021231886,-1.0096167814917973,6.731826085279624,2.116605118995082,-4.843611584261487,3.0241208574195633,2.0854557183955578,2.528084689143913,-0.15238543965693696,-1.70937732142138,0.08829710663510507,-4.423414666828819,-3.1019204883930387,2.4755909470807613,3.0724083328041463,0.7347122601234878,-0.27245172360355996,-1.5278879981208895,-2.4645711389872065,-0.7713993306128981,-1.5305457009895065,3.6503648140736207,-2.9250491678590205,0.9031599477848504,-1.2768972790201303,1.031413752703488,-2.700217655625329,0.9006884485461503,-0.69102521768366,-4.76931603039943,-0.2403641482453058,0.3023296194884137,-0.7169616061481574,-0.5908624607799807,-2.5726184756828547,1.8693924431520168,2.3316723718619214
0.03616592561413684,-0.30677781115619707,-0.026293415575512822,-0.06250768022319918,0.1199484457149506,0.5900940909836045,-1.2476359902666088,0.16268683046261717,-0.5353741625563267,0.264738572811871,-0.9244792134071701,0.40613461975544835,0.40854940971689524,0.09521483552095071,-1.4988107685282432,-0.7531176173449359,1.0028080623785558,-0.7366128838950962,-0.5421389029189343,-0.33893969457023354,0.09516590608669757,0.45690196921241477,-0.04127041689824926,0.8534758500373246,0.6529802004219076,-0.72407636976086,-0.6559775940562032,-0.1263182460402987,-0.06207380821942926,0.257148487161625,0.40449332265748655,0.1807621754626682,0.19667299115003917,-0.9536676949916159,0.43340246062153415,-0.16189813629732697,0.14957759204148044,-0.15424251410662912,0.7237113785428615,-0.008106706898758066,0.026839475689012866,1.064220111601689,0.15360152324062173,0.03483228319592386,0.23822386589868158,0.10186537355873312,0.5133759966656668,-0.48241170517528137,-0.5307610886514634
-0.07399473363355195,-0.11056492434883278,-0.22058036765688624,-0.038567368037188784,0.16476197161801787,1.6810553958758008,-1.673245242827926,-0.13619112480809142,-1.1271227158098436,0.35767392103823664,-1.4156531021231886,0.40854940971689524,1.8715015689207999,0.5562359412588395,-1.6586654076940197,-0.7207477062864858,1.27781710385854,-1.3595271427677562,-0.9174539457903462,-1.0050019130819776,-0.013963088234320534,0.7456949724466974,-0.1916506121427216,1.1583966787456734,1.7451839366556239,-1.6141475464836579,-1.5746800385266921,-1.5686560489828978,-0.1921455006508875,0.4986349289865317,0.8392754946956885,0.5597554594957878,0.44417115521292544,-0.9385135569520775,1.015635829980113,-0.5367904912351945,0.007474840148507248,-0.28879025827436183,1.9210007973071164,0.17175619640304385,0.28302296009251665,1.6527424278067497,-0.6276093651647978,-0.5387303816665542,1.1068439014312006,0.09690668201828159,1.3069518903065125,-0.9312488546622525,-0.6371183327772122
0.14815091427272312,-0.08566436605677297,0.2058306690785432,-0.30208698671494,-0.09430064246480489,0.43299669926543277,-1.4110200812976847,0.0042418329923638665,-0.5346968363507426,0.21226928826983849,-1.0096167814917973,0.09521483552095071,0.5562359412588395,0.8220861016169401,-1.2219239149650698,-0.43302609576293877,1.0591211314982505,-0.5503438141554872,-0.20511403725912408,-0.5572459129594313,0.1336732515298052,-0.0713919161034181,0.01155928050685248,1.0096781849033947,0.6830101149888256,-0.6475524108024137,-0.8995785341341959,-0.9630937584648442,0.48211643514480595,0.38478317849534516,0.690605359642405,0.3945209186435891,0.43169821320060014,-0.8628648665660353,0.5191098539856154,-0.25147219538952365,-0.013295302162816764,-0.36886220608323506,0.6902296492531171,0.003744213348172653,-0.09804316883634077,1.206329488816533,0.0030921750878182496,-0.049713930117021445,0.37965725790730037,0.3979949484183732,0.7396205406732327,-0.5834423494848657,-0.6850592152459863
0.1335657160044939,2.91044904004357,-1.1139919072891318,1.159683169734148,-1.5606117377069844,-4.109555667834944,9.03468659675135,-1.658415619079261,3.644070006364215,-1.55462305646059,6.731826085279624,-1.4988107685282432,-1.6586654076940197,-1.2219239149650698,10.934459743321378,3.3120230333410223,-7.540013677785306,4.330392872591832,3.0805668475166605,3.785760824759392,-0.04123249402711651,-2.9665439058528666,0.2055998778407297,-6.767097539011812,-4.431832299372058,3.4050657196870233,4.5006833747967585,0.48312369757254137,-0.45946253478335863,-2.3827680987467206,-3.5938536587280208,-0.9924428538161999,-2.208497732595466,5.694732466707309,-4.349357124667432,1.1062865326624014,-2.3392821958870327,1.7600404605507458,-3.5975928531889694,1.4551865054279214,-1.068716637921065,-7.454826455847591,-0.8731194366181655,0.2305854480077465,-0.7653749752910356,-0.6984890959457312,-3.617606687685633,2.931394161024161,3.6212636677033974
-0.10163623860869744,0.49438615587124773,-0.02003191454164022,0.30218535121017953,-0.26929922124182926,-0.9267384495179013,2.65367247475788,-0.36191528341568985,1.1865624284846972,-0.4719680174307022,2.116605118995082,-0.7531176173449359,-0.7207477062864858,-0.43302609576293877,3.3120230333410223,1.8269693221595733,-2.356543051687091,1.5998563494910747,1.0930951761863197,0.6115241265240814,-0.36698053103731887,-0.6996711050289982,-0.15954555962834135,-1.8472268728311856,-1.2404006849259168,1.3752071963127632,1.5071721286672362,0.5612539267280258,0.105595955630999,-0.5763712764535575,-0.8928872419249144,-0.5437512189292116,-0.7523514832259158,2.3139962011103314,-0.9259781125302264,0.3664252399227075,-0.3822780003952814,0.3224584645816718,-1.3960237479021018,0.08331777514404126,0.027791623647961422,-2.441018463273615,-0.1339415534917203,-0.022020658269790737,-0.6628645990336659,-0.5190295414463736,-1.309933491968906,1.3498709745021746,1.2037199516294546
-0.2643562673557704,-2.1261185457663467,0.9706900115635347,-0.8714144131608532,1.2327667375204603,2.807902049468487,-6.486580312561311,1.1983091156893633,-2.8721255656809803,1.1178997974528204,-4.843611584261487,1.0028080623785558,1.27781710385854,1.0591211314982505,-7.540013677785306,-2.356543051687091,5.556123674627295,-3.153520673686912,-2.245909066572511,-2.8266814844905612,0.09016732072311276,1.8546958429153446,-0.07952448367628327,4.787226372330285,3.019739583800869,-2.5248329336262043,-3.3019823114315363,-0.4173739013819015,0.255149747959527,1.496299436369799,2.7912628088816804,0.7763295592612907,1.658430474787462,-4.0453981083594535,3.248263354550905,-0.9481570800359526,1.5622843887023612,-1.2329544867367674,2.658961467362187,-1.1708038096858993,0.8251066263411625,5.198030048462306,0.508327411665623,-0.33205788490408805,0.4400444975019097,0.5832919281275583,2.6581998841931638,-2.0122408056613317,-2.466492886379302
0.12592797277603784,1.0799911403376727,-0.3513898023150861,0.29056950782404223,-0.7024671563641688,-2.1973290777526295,3.762541721864705,-0.805106435664712,1.918994871489863,-0.5930698714757947,3.0241208574195633,-0.7366128838950962,-1.3595271427677562,-0.5503438141554872,4.330392872591832,1.5998563494910747,-3.153520673686912,2.4102970663204637,1.6497633035868822,1.6100162503117743,-0.19807512203017477,-1.2723755214091348,0.0189370941854642,-2.939567249638257,-2.404483121596816,2.0652637685929567,2.1923336192743994,0.7288219090578794,0.12613674614749326,-0.9841110134375736,-1.6108011523890284,-0.5393346537636815,-1.0841851563845037,2.502148896273956,-2.011874370159525,0.7770376380111448,-0.725401633353195,0.4916247186312364,-2.2871243694873193,0.4795930862453754,-0.49943709216246784,-3.147307755809623,0.24042281838855614,0.34933272560112383,-0.7880191116857344,-0.37467339858671267,-1.8991282791221238,1.3040565612920452,1.4629395237358795
0.20872506596811538,0.9507870809663548,-0.3471478111387286,0.16001139505545636,-0.6298955732139632,-1.5818299965613942,2.619607890396262,-0.5887150960820885,1.3952262935153923,-0.4501337879694616,2.0854557183955578,-0.5421389029189343,-0.9174539457903462,-0.20511403725912408,3.0805668475166605,1.0930951761863197,-2.245909066572511,1.6497633035868822,1.340298495157657,1.251202703270485,-0.07955149770892281,-0.9915323611771295,0.0831099594255503,-1.9690701756281428,-1.616935417873252,1.39399722870053,1.4864018900008986,0.19314914323207757,0.280995914309321,-0.602111420410559,-1.1099098614454608,-0.41270760615888774,-0.6301133909524519,1.5928196723491987,-1.4517408238080967,0.5149686426083533,-0.5595022615578658,0.30688626105176964,-1.5890943620550022,0.45020171603573456,-0.4875869851634959,-2.0445996927088634,0.06266753641905383,0.26025648745492685,-0.43652757696049893,-0.1618324328783451,-1.2731602927418322,0.8408129645994824,0.9286266173626199
0.3455788990320422,1.3775216426872952,-0.6978941791643345,0.4077598323107458,-0.8527432027661397,-2.054341147039097,3.431322103938971,-0.6057844652943832,1.6412084057033298,-0.5870390258697116,2.528084689143913,-0.33893969457023354,-1.0050019130819776,-0.5572459129594313,3.785760824759392,0.6115241265240814,-2.8266814844905612,1.6100162503117743,1.251202703270485,2.100053043348466,0.26002380157752986,-1.2167582867278741,0.28993922877202943,-2.5418482138622736,-1.9253473854757224,1.34429095685572,1.8296011136264185,0.1935488283552428,-0.10101700219657353,-0.86108698802349,-1.666395675033764,-0.40079783480819997,-0.7458339673483989,1.552308794037239,-2.1317917225987184,0.5898281853400194,-0.8944553170721574,0.7400264169244798,-1.5700835504293476,0.82294092964383,-0.8375098383744677,-2.5563583533587333,-0.13613505766406547,0.4565679184796267,-0.1487522460742273,-0.043418199642815465,-1.4861960158095473,0.7675171607994511,1.1420413106515102
0.13215584005852746,0.13855610988841122,0.0017314910792816682,0.008251991387294967,-0.12471730370008804,-0.19065677765215228,-0.1108892519906741,0.09725355364926724,-0.05158855119223651,-0.05156060188963281,-0.15238543965693696,0.09516590608669757,-0.013963088234320534,0.1336732515298052,-0.04123249402711651,-0.36698053103731887,0.09016732072311276,-0.19807512203017477,-0.07955149770892281,0.26002380157752986,0.2880225140129238,-0.2719806391586713,0.14528816864196253,0.13155764577974002,0.019923178633512013,-0.17350902282228592,-0.05793377146486975,-0.22729296042993546,0.053488837809476865,0.012138667222067731,0.0030196290108460374,0.11134235294850907,0.12458304974606461,-0.3404538033619318,-0.15900337812257317,-0.04847236324587482,-0.1840239410407412,0.11380620076839125,0.17263292741470104,0.11771089414396259,-0.24713217261306328,0.13028105309881807,-0.04331860320759985,0.13522871065950667,0.18159944487376609,0.267675462421874,0.11285186850902591,-0.141544414634935,-0.17244487107702938
-0.19789129225076016,-0.8766121612330534,0.07544149956581016,-0.16417288104929748,0.6145615537041511,1.6613501582191268,-2.1951398536097617,0.40559001506120307,-1.030999162058216,0.45459405442673323,-1.70937732142138,0.45690196921241477,0.7456949724466974,-0.0713919161034181,-2.9665439058528666,-0.6996711050289982,1.8546958429153446,-1.2723755214091348,-0.9915323611771295,-1.2167582867278741,-0.2719806391586713,1.4113068798914779,-0.19859450157467665,1.6634010750305044,1.499302337153917,-1.0130299468601665,-1.2330797920580168,0.06375712927333609,-0.27119975909216565,0.6674491826039236,0.8200265481763722,0.140593485729156,0.47493795570418523,-1.2736535532941748,1.3856303369034513,-0.321977813251934,0.8220504349463812,-0.42251957038898447,1.135863592545856,-0.4081666555325328,0.6345609994638174,1.9050598067683429,-0.012913594404910024,-0.30240108799247456,0.29600091219792435,-0.18075501771899835,0.9982362644721781,-0.7405320002954721,-0.730333972564603
0.029745304191924588,0.187816623247208,-0.03573555375365826,-0.03915885705830512,-0.020872380656145686,-0.3371174168397579,0.29017343909832777,0.03908234518920547,0.06164815087391538,-0.10462981488550267,0.08829710663510507,-0.04127041689824926,-0.1916506121427216,0.01155928050685248,0.2055998778407297,-0.15954555962834135,-0.07952448367628327,0.0189370941854642,0.0831099594255503,0.28993922877202943,0.14528816864196253,-0.19859450157467665,0.20908540604341516,-0.16758336043496674,-0.2123173427796779,0.15337352288958214,0.10002824237044566,-0.06312284363339637,-0.08615130254341993,-0.07083987427291523,-0.14763352136173594,0.02627797455921994,0.1573501799230061,-0.13293355847416277,-0.1572490815990759,0.008681743491357814,-0.028272459451917448,0.12945868398351695,-0.17289773927974864,0.02877364283098876,-0.09688712048546698,-0.11203087829619039,-0.18319879534167616,-1.9412455065540785e-4,0.08552270708115528,0.17304986075547546,0.017468413795104897,-0.11801672053314016,0.06644737695472204
-0.026638687445845587,-1.9283692700647983,0.9247097772433068,-0.6883841675330598,0.9094806912802309,2.847203984380385,-6.0227721136386485,1.3320542911794213,-2.4743433528002994,0.9838711646300129,-4.423414666828819,0.8534758500373246,1.1583966787456734,1.0096781849033947,-6.767097539011812,-1.8472268728311856,4.787226372330285,-2.939567249638257,-1.9690701756281428,-2.5418482138622736,0.13155764577974002,1.6634010750305044,-0.16758336043496674,4.775262547324206,3.1437404139967384,-2.480171748578514,-2.9537179341803506,-0.5638865675811782,0.625377599037239,1.6003451401421889,2.578244042702092,0.5127093622659129,1.5125893060244828,-3.5406155495165246,2.952784344794759,-0.9198449781909503,1.381308455738986,-1.1421978576085312,2.604685792419759,-0.9710525908245603,0.6063574541704858,4.7331864108349535,0.41311615756414694,-0.10108027884306414,0.4456409726361178,0.4963677067688734,2.258541429056312,-1.5386065725827314,-2.381229238456164
-0.027918198871998753,-1.0485058865478325,0.30032870500494346,-0.2901646601171811,0.6054585530400552,2.7300755510874186,-3.906412326694826,0.7103093237121942,-1.8511787583484234,0.6053272639221382,-3.1019204883930387,0.6529802004219076,1.7451839366556239,0.6830101149888256,-4.431832299372058,-1.2404006849259168,3.019739583800869,-2.404483121596816,-1.616935417873252,-1.9253473854757224,0.019923178633512013,1.499302337153917,-0.2123173427796779,3.1437404139967384,2.9268297086678543,-2.1922342794718652,-2.391946597169789,-1.18305955247988,0.09671880820654255,1.283606128246783,1.6701955732294247,0.5787150148128013,1.0542553993923283,-2.2646683360592452,2.173596113858393,-0.7750065005645627,0.7546717874753543,-0.6382257643054723,2.5383867925075694,-0.38563254420543397,0.59499946418381,3.338545324829687,-0.3598616561538971,-0.41423547548341016,1.0505043303144461,0.2656549963927771,2.0344247757697813,-1.3185976515478297,-1.5933194792693668
0.025556741102001596,0.7493373853506032,-0.1235594949092837,0.17988457051321485,-0.3587071145678456,-2.030143400043404,3.278628604616031,-0.4852937175739419,1.7094297340590912,-0.6480821328654337,2.4755909470807613,-0.72407636976086,-1.6141475464836579,-0.6475524108024137,3.4050657196870233,1.3752071963127632,-2.5248329336262043,2.0652637685929567,1.39399722870053,1.34429095685572,-0.17350902282228592,-1.0130299468601665,0.15337352288958214,-2.480171748578514,-2.1922342794718652,2.201240754089645,2.0420947816656185,1.117032577446255,-0.03165567013530453,-0.7341361946871561,-1.4493818147721398,-0.47352390161962543,-0.7742392843751017,2.0515063659184545,-1.5805141533257758,0.7600844872163924,-0.34823182891308324,0.503022942173189,-2.344415622809032,0.13006381836694758,-0.2652003616936921,-2.6881196748084943,0.22345330434163968,0.2698775236858585,-0.8198086320392505,-0.26426156692104835,-1.5171852381574105,1.055067431192755,1.2356472991594887
0.07982784363473679,0.9802294709249886,-0.33456856160763854,0.4838055108944685,-0.5815223571455834,-2.192865573041907,3.9898009977579396,-0.4966423482906202,1.908079199393249,-0.7244493458588511,3.0724083328041463,-0.6559775940562032,-1.5746800385266921,-0.8995785341341959,4.5006833747967585,1.5071721286672362,-3.3019823114315363,2.1923336192743994,1.4864018900008986,1.8296011136264185,-0.05793377146486975,-1.2330797920580168,0.10002824237044566,-2.9537179341803506,-2.391946597169789,2.0420947816656185,2.456322153685198,1.212981326453171,-0.13032012333901694,-1.0400300631613144,-1.7440402334908116,-0.6896187109876771,-1.0999068675694992,2.4799949792627305,-2.0470702841459363,0.7377992069302054,-0.7563219381817817,0.7740691930776337,-2.25706328066475,0.4119646870055612,-0.48103618179008756,-3.4170685944879753,0.15273404243119057,0.40505958840506506,-0.8795439253566574,-0.3977256127910891,-1.9818990456293195,1.5384363064370998,1.5563848329696874
-0.31908734586582976,-0.7235660741590138,0.4481430814999399,0.15246194124603155,0.4444792948545443,-0.7446251316161545,0.7069156224803019,0.46315336548402847,0.4635475034273343,-0.11648737743458931,0.7347122601234878,-0.1263182460402987,-1.5686560489828978,-0.9630937584648442,0.48312369757254137,0.5612539267280258,-0.4173739013819015,0.7288219090578794,0.19314914323207757,0.1935488283552428,-0.22729296042993546,0.06375712927333609,-0.06312284363339637,-0.5638865675811782,-1.18305955247988,1.117032577446255,1.212981326453171,2.4312044800550483,-0.30541584726389653,-0.44954337485583296,-0.37589496347443996,-0.6050211342824072,-0.5441426976997046,0.6782699698368369,-0.19459332531239532,0.3411701337470801,0.3409988860127268,0.23423463124350216,-1.3509929462146253,-0.6153500747748494,0.31045865633206404,-1.2086217692695573,0.8314658834739852,0.3029856646160829,-1.4088781539959856,-0.4483884633501679,-1.003745350485465,1.0457866542915337,0.5482646432858186
0.2944749189170304,-0.03920570278135271,0.18547960472847674,-0.18565774201106205,-0.3120738095295452,-0.08668714892469048,-0.7088655385565655,0.043722559489648906,0.12857360718875235,0.10720232188519775,-0.27245172360355996,-0.06207380821942926,-0.1921455006508875,0.48211643514480595,-0.45946253478335863,0.105595955630999,0.255149747959527,0.12613674614749326,0.280995914309321,-0.10101700219657353,0.053488837809476865,-0.27119975909216565,-0.08615130254341993,0.625377599037239,0.09671880820654255,-0.03165567013530453,-0.13032012333901694,-0.30541584726389653,0.8006863001574313,0.2744043942941905,0.30777921653767926,-0.0413882612120847,0.07113833902517162,-0.23084069636444884,-0.005013705901209262,0.04314438026110036,0.004970110794040976,-0.345499517238177,-0.08403196504147857,0.044671675473240184,-0.3152553603914608,0.4911226137618667,0.43377653351578255,0.3322440782702217,-0.14630312926078315,0.15920252511996044,-0.08842555827036463,0.032982036527090856,-0.45615815606896454
0.11770487085303202,-0.500820427794861,0.20724761749619722,-0.24035249358879474,0.21158547192053337,1.1080162331315184,-1.9514463140687177,0.35426124840012174,-0.647395983136853,0.2408471499751176,-1.5278879981208895,0.257148487161625,0.4986349289865317,0.38478317849534516,-2.3827680987467206,-0.5763712764535575,1.496299436369799,-0.9841110134375736,-0.602111420410559,-0.86108698802349,0.012138667222067731,0.6674491826039236,-0.07083987427291523,1.6003451401421889,1.283606128246783,-0.7341361946871561,-1.0400300631613144,-0.44954337485583296,0.2744043942941905,0.7880692734586019,0.7266608806970027,0.2877381104492384,0.5379738588749164,-1.1879344764982305,0.9523244608770187,-0.21427267398599945,0.46838201596706924,-0.3784032555979499,0.8750054186891242,-0.2185623915189678,0.19179563702902075,1.7399330233081594,0.05384015131457133,-0.03669278619585992,0.4319143461883011,0.21227454581398353,0.9696688755196613,-0.7208922364940988,-0.9406752457662856
-0.2025194541601775,-1.1691378545476947,0.6191530572060668,-0.4247951949267666,0.6521862215676023,1.6096813133916117,-3.4237239974298195,0.6380741152876336,-1.6109919304057487,0.588475564026751,-2.4645711389872065,0.40449332265748655,0.8392754946956885,0.690605359642405,-3.5938536587280208,-0.8928872419249144,2.7912628088816804,-1.6108011523890284,-1.1099098614454608,-1.666395675033764,0.0030196290108460374,0.8200265481763722,-0.14763352136173594,2.578244042702092,1.6701955732294247,-1.4493818147721398,-1.7440402334908116,-0.37589496347443996,0.30777921653767926,0.7266608806970027,1.6911083266412168,0.3038678324650383,0.8328213592680354,-1.8058966724463144,1.8348946954604168,-0.6090033239452508,0.7386133199899135,-0.7245913599869718,1.5402572500411595,-0.6679002995030064,0.46436175169349303,2.584282292012618,0.22087941212888482,-0.2517313941468175,0.11488721960009468,0.22572981692351357,1.2665359373761749,-0.7480538981729178,-1.2135865740626584
0.04531919130553216,-0.0588776376530256,0.06997162176485361,-0.13242027961019556,0.031598370807181114,0.42687240009254335,-0.8645091570825049,-0.060610538462757525,-0.40543626669254235,0.10416976448320306,-0.7713993306128981,0.1807621754626682,0.5597554594957878,0.3945209186435891,-0.9924428538161999,-0.5437512189292116,0.7763295592612907,-0.5393346537636815,-0.41270760615888774,-0.40079783480819997,0.11134235294850907,0.140593485729156,0.02627797455921994,0.5127093622659129,0.5787150148128013,-0.47352390161962543,-0.6896187109876771,-0.6050211342824072,-0.0413882612120847,0.2877381104492384,0.3038678324650383,0.5024494117812511,0.2480673040558502,-0.6613493428829281,0.34090629378834586,-0.13303018344098017,-0.048666341987128714,-0.09312570150841584,0.6240875725933954,0.03717615971386203,0.04445244137277802,0.8318074224210427,-0.10012847796045739,-0.11965882499256492,0.5091562255219336,0.30128498483990135,0.7846014777129442,-0.657806622961366,-0.46638236297927527
-0.04586413408293802,-0.4320888999947341,0.2313683534724898,-0.3228752469103206,0.36933761614933053,0.8354729717541076,-1.8128104113592005,0.42856369532512956,-0.9187845822748896,0.23117654166998752,-1.5305457009895065,0.19667299115003917,0.44417115521292544,0.43169821320060014,-2.208497732595466,-0.7523514832259158,1.658430474787462,-1.0841851563845037,-0.6301133909524519,-0.7458339673483989,0.12458304974606461,0.47493795570418523,0.1573501799230061,1.5125893060244828,1.0542553993923283,-0.7742392843751017,-1.0999068675694992,-0.5441426976997046,0.07113833902517162,0.5379738588749164,0.8328213592680354,0.2480673040558502,0.8246026300697802,-1.3412479480444577,1.0384116371230052,-0.37374031678786146,0.5411384481074377,-0.327477595160406,0.863702664036923,-0.3359606867781307,0.22222521146953347,1.6702899499636525,-0.2627686541330131,-0.2176594368372745,0.40512392321101676,0.3283578038556234,0.9543109156902908,-0.7895860592673575,-0.734569477448763
-0.10366222796673408,1.1812401291473604,-0.40182273043203526,0.6399953555123782,-0.6083677745308819,-1.8513589492713938,4.759826592785788,-0.8563308276272189,1.9828687655564898,-0.7846394679135842,3.6503648140736207,-0.9536676949916159,-0.9385135569520775,-0.8628648665660353,5.694732466707309,2.3139962011103314,-4.0453981083594535,2.502148896273956,1.5928196723491987,1.552308794037239,-0.3404538033619318,-1.2736535532941748,-0.13293355847416277,-3.5406155495165246,-2.2646683360592452,2.0515063659184545,2.4799949792627305,0.6782699698368369,-0.23084069636444884,-1.1879344764982305,-1.8058966724463144,-0.6613493428829281,-1.3412479480444577,3.571460067795801,-2.0212674449270307,0.6589367016879369,-0.9431118895714639,0.7794431105565711,-2.0752612314726804,0.49453844771242506,-0.23913403646231965,-4.112051696807303,-0.294945721209105,0.03406006269533451,-0.7028957812170488,-0.7113080771409698,-2.089380880306616,1.8408029913377646,2.049514376362732
-0.3802620459461129,-1.4804972088716837,0.6977789831861078,-0.4471640075363387,1.015301690608433,2.232437904906038,-3.810545406130378,0.8529260474857776,-1.9309263373490282,0.6183636538493438,-2.9250491678590205,0.43340246062153415,1.015635829980113,0.5191098539856154,-4.349357124667432,-0.9259781125302264,3.248263354550905,-2.011874370159525,-1.4517408238080967,-2.1317917225987184,-0.15900337812257317,1.3856303369034513,-0.1572490815990759,2.952784344794759,2.173596113858393,-1.5805141533257758,-2.0470702841459363,-0.19459332531239532,-0.005013705901209262,0.9523244608770187,1.8348946954604168,0.34090629378834586,1.0384116371230052,-2.0212674449270307,2.4087689469114855,-0.7326584717184151,1.0978164726206503,-0.7323134599646077,1.7954818396267056,-0.9319693312648787,0.8872307431796035,2.962858187863619,-0.044797526017782606,-0.5191850345140622,0.22891306665119276,0.1173731075858075,1.6733920512795817,-0.935692968230271,-1.263224509030193
0.11436195927866329,0.3421079943264321,-0.16998231046937462,0.0801816689576397,-0.24451258733664474,-0.749662616760084,1.1385461500159808,-0.27759293032068855,0.7338895431299312,-0.20425475675706473,0.9031599477848504,-0.16189813629732697,-0.5367904912351945,-0.25147219538952365,1.1062865326624014,0.3664252399227075,-0.9481570800359526,0.7770376380111448,0.5149686426083533,0.5898281853400194,-0.04847236324587482,-0.321977813251934,0.008681743491357814,-0.9198449781909503,-0.7750065005645627,0.7600844872163924,0.7377992069302054,0.3411701337470801,0.04314438026110036,-0.21427267398599945,-0.6090033239452508,-0.13303018344098017,-0.37374031678786146,0.6589367016879369,-0.7326584717184151,0.3748800827624569,-0.17794258269548638,0.15623640581998693,-0.8242674227929416,0.19073521718695252,-0.21426677134753183,-0.8585542384168885,0.2353526962133555,0.21280916153086393,-0.2080413849045595,-0.09162034182511607,-0.5722646556737966,0.28159638667926623,0.33618401905605566
-0.1987332563619948,-0.7945485007832109,0.3044335715453114,-0.2936752928136294,0.5799159205510851,0.8289227756322999,-1.694987831450629,0.466465442505663,-0.7170875576744671,0.30952204782993115,-1.2768972790201303,0.14957759204148044,0.007474840148507248,-0.013295302162816764,-2.3392821958870327,-0.3822780003952814,1.5622843887023612,-0.725401633353195,-0.5595022615578658,-0.8944553170721574,-0.1840239410407412,0.8220504349463812,-0.028272459451917448,1.381308455738986,0.7546717874753543,-0.34823182891308324,-0.7563219381817817,0.3409988860127268,0.004970110794040976,0.46838201596706924,0.7386133199899135,-0.048666341987128714,0.5411384481074377,-0.9431118895714639,1.0978164726206503,-0.17794258269548638,0.901217831632267,-0.4394956443991834,0.3646042654823992,-0.587243452338937,0.45699253394983946,1.4110932713889959,0.15090013424364243,-0.15241606739651797,-0.1354603114680818,-0.0731034835610634,0.511317000247273,-0.4471160713075853,-0.5301308854580274
0.008590827147079655,0.4703751216628373,-0.1950658315030811,0.28265910805384276,-0.17833242738223673,-0.6277000971401473,1.58694791314492,-0.1223284923045566,0.5552552248893081,-0.34207626424709353,1.031413752703488,-0.15424251410662912,-0.28879025827436183,-0.36886220608323506,1.7600404605507458,0.3224584645816718,-1.2329544867367674,0.4916247186312364,0.30688626105176964,0.7400264169244798,0.11380620076839125,-0.42251957038898447,0.12945868398351695,-1.1421978576085312,-0.6382257643054723,0.503022942173189,0.7740691930776337,0.23423463124350216,-0.345499517238177,-0.3784032555979499,-0.7245913599869718,-0.09312570150841584,-0.327477595160406,0.7794431105565711,-0.7323134599646077,0.15623640581998693,-0.4394956443991834,0.5149997849145888,-0.47649504468927534,0.23772890951728734,-0.1382237316287749,-1.2918233508814716,-0.2915867765147026,0.028077878792722073,0.010759049253865026,-0.03527552178221393,-0.4302792222357939,0.4113558591409479,0.5978774471294244
-0.0740482661116489,-0.7860425072792501,0.15068843581254407,-0.1672317009569821,0.4675068458265814,2.35910368335303,-3.4156855861410826,0.4952195597760089,-1.8681252859767483,0.604333414689376,-2.700217655625329,0.7237113785428615,1.9210007973071164,0.6902296492531171,-3.5975928531889694,-1.3960237479021018,2.658961467362187,-2.2871243694873193,-1.5890943620550022,-1.5700835504293476,0.17263292741470104,1.135863592545856,-0.17289773927974864,2.604685792419759,2.5383867925075694,-2.344415622809032,-2.25706328066475,-1.3509929462146253,-0.08403196504147857,0.8750054186891242,1.5402572500411595,0.6240875725933954,0.863702664036923,-2.0752612314726804,1.7954818396267056,-0.8242674227929416,0.3646042654823992,-0.47649504468927534,2.6422699198719304,-0.16964928410285912,0.3978191794709006,2.870818981281057,-0.42273023958172673,-0.4233249863432671,1.0725834069757163,0.30028625102629436,1.8212511985258764,-1.2035984074650685,-1.3146695227603111
0.2981062336624705,0.8043846780593176,-0.5247033362377816,0.1954916732997836,-0.5865900572086974,-0.5164305443257804,1.2154019982810467,-0.48868681156265487,0.6251711181066113,-0.15815272922058476,0.9006884485461503,-0.008106706898758066,0.17175619640304385,0.003744213348172653,1.4551865054279214,0.08331777514404126,-1.1708038096858993,0.4795930862453754,0.45020171603573456,0.82294092964383,0.11771089414396259,-0.4081666555325328,0.02877364283098876,-0.9710525908245603,-0.38563254420543397,0.13006381836694758,0.4119646870055612,-0.6153500747748494,0.044671675473240184,-0.2185623915189678,-0.6679002995030064,0.03717615971386203,-0.3359606867781307,0.49453844771242506,-0.9319693312648787,0.19073521718695252,-0.587243452338937,0.23772890951728734,-0.16964928410285912,0.6674578888863195,-0.4654545994669438,-0.7308378843394177,-0.18413493431091096,0.1627349621278267,0.38613452825195826,0.0364307768556588,-0.34638088664450806,0.028439795074476745,0.28620326383569655
-0.3348714268846032,-0.5958397156094557,0.2671847921150321,-0.08427370524596428,0.5586201351667871,0.8151451635121791,-0.8098103554731196,0.2676519750580236,-0.5974750418762108,0.1376328210340883,-0.69102521768366,0.026839475689012866,0.28302296009251665,-0.09804316883634077,-1.068716637921065,0.027791623647961422,0.8251066263411625,-0.49943709216246784,-0.4875869851634959,-0.8375098383744677,-0.24713217261306328,0.6345609994638174,-0.09688712048546698,0.6063574541704858,0.59499946418381,-0.2652003616936921,-0.48103618179008756,0.31045865633206404,-0.3152553603914608,0.19179563702902075,0.46436175169349303,0.04445244137277802,0.22222521146953347,-0.23913403646231965,0.8872307431796035,-0.21426677134753183,0.45699253394983946,-0.1382237316287749,0.3978191794709006,-0.4654545994669438,0.602085546912074,0.5393506424660272,-0.15249143243435737,-0.37427177783050586,-0.06750399920480836,-0.168208304721325,0.4714919784826716,-0.11204324764237572,-0.09359726737438331
