V1,V2,V3,V4,V5,V6,V7,V8,V9,V10,V11,V12,V13,V14,V15,V16,V17,V18,V19,V20,V21,V22,V23,V24,V25,V26,V27,V28,V29,V30,V31,V32,V33,V34,V35,V36,V37,V38,V39,V40,V41,V42,V43,V44,V45,V46,V47,V48,V49
0.3818329801734314,0.2985874640624051,-0.1587455986851035,-0.002952398164945972,-0.4722262763699163,-0.07856400406420162,-0.024943044739465,-0.19185079865121837,0.4086282278010161,9.717104768815224e-4,0.10319843122384738,0.03999649525318277,0.03399761400780147,0.24079512641124148,0.05592977249257257,0.004254954023069567,-0.30341744925747627,0.20272599720509027,0.25758505907305346,0.23648998084260925,0.05627538269100182,-0.1452223174590411,-0.09104193552676801,0.031112577566292304,0.0882855986369445,0.001613621611837583,0.023643705584641826,-0.4391067982853048,0.45780952725466295,0.22960103906440466,-0.18980886302140634,0.0945984589939211,-0.1530593824348446,-0.02814431445468533,-0.3987302287932767,0.16308852842483634,-0.2475844402861219,-0.0830422675445839,-0.03658508041151343,0.3726333463434064,-0.35909465422924525,0.12942820216852527,0.23170094377438266,0.31605645706794505,0.22559754905838314,0.11104749836140788,-0.03350262389528563,-0.1161704963235215,-0.2835018550244975
0.2985874640624051,1.2024161621958418,-0.6990051592591625,0.17210779940671642,-0.6860558363627728,-0.6042034385966161,1.651605775250712,-0.8139530097299658,0.6713054166716677,-0.25529658176760417,1.06634146142576,-0.08863037318113225,0.5591360700900666,0.2072218612017243,1.9241924439285332,0.03750348223731054,-1.3939803992568809,0.5432993745363335,0.5221070472329267,0.9151314745571588,0.15830035003602128,-0.5893706604629778,0.11551318229336659,-1.3969374555553817,-0.4017238116451113,0.15541001434255272,0.27869261178251997,-1.2730869224889019,-0.09417379386627843,-0.2548195216070971,-0.8171560933344671,0.3095896801730454,-0.2674064803521272,0.6215844597922262,-1.0853262949476603,0.18355883596897996,-0.7924324085394033,0.3193217727635992,-0.06859017869761987,0.8479053905302679,-0.49941192476787133,-0.8357266456234621,-0.5480407901182026,-0.04838188770532695,0.8172931929607167,0.17396379589935923,-0.07653660542429033,-0.2810216495550842,0.3915613994442229
-0.1587455986851035,-0.6990051592591625,0.6196567786736144,-0.24210453092066475,0.38401700133466943,0.14161714081653823,-0.9232493253133998,0.4887876628296818,-0.28025985538582004,0.07923205462129107,-0.5642013116834781,-0.17426999813012956,-0.5711968481832209,0.10519698486805244,-0.9592859017728989,0.289057457147604,0.7836152824632646,-0.0649710978320682,-0.05095670461836851,-0.6320073921104972,-0.13234883202916015,0.10225231866446173,-0.029672851416000536,0.8353097053394841,0.06670115278058017,0.23081320430317764,-0.08426222911953041,0.6966582128399126,0.32236820528691473,0.2028984317122187,0.5501860369115315,-0.18536571420227804,0.24161847942938416,-0.2031875647209819,0.6809066592418941,-0.07362048754343564,0.5125738458686413,-0.280324864954106,-0.2824342032567388,-0.6270536244948931,0.30183385744343594,0.4054711807860102,0.35033147178437785,0.02114647111522892,-0.6257482136381113,-0.016893761869463633,0.010612021912995146,0.2539108743883714,-0.2337049877856023
-0.002952398164945972,0.17210779940671642,-0.24210453092066475,0.33390387977645036,-0.1071883636194667,-0.02940063402187175,0.6757366625038632,-0.00690312694977232,0.13422929872643724,-0.08080907462229962,0.4811099231525861,0.13168669532250632,0.1201067538810219,-0.3817776448486247,0.8469096710645618,-0.01807495170087723,-0.6526306704053779,-0.008177973474850211,-0.08833668027640933,0.41917919795574843,0.10524294360563044,-0.04182749794310682,-0.043515147965199036,-0.48531892707345764,-0.09992708178951741,-0.17799057169860655,0.3370624425702755,0.1816221581820006,-0.3151072682041358,-0.26407727805063036,-0.3362688547462346,-0.12582380544409857,-0.3071071940146858,0.345413283298488,-0.38466844575003795,-0.011227981429146956,-0.3301496054555321,0.32441890497019144,0.17480864903886742,0.24014753653676238,-0.112188853118825,-0.6341610791877674,-0.1212884918215692,0.0680692738392392,0.04562414101009221,-0.14915914634995617,-0.3047771382238705,0.32538584940918,0.3092800715820583
-0.4722262763699163,-0.6860558363627728,0.38401700133466943,-0.1071883636194667,0.7506312111224208,0.310687275529587,-0.6664135977679237,0.4801008237236389,-0.7038653891922787,0.08908633404633329,-0.6149272691398661,0.021585592161966514,-0.18352132394862342,-0.25721153049093426,-0.9233252026262168,-0.16255072201056842,0.9434638060895478,-0.48061757985423836,-0.4743643710119661,-0.5661747321298748,-0.07224031009818119,0.367313165302969,0.10301441368537337,0.5238127798411387,0.11138218823406702,-0.08771256208001683,-0.23227345040913636,0.785607299733347,-0.45590128208978764,-0.0841967227061195,0.5037609556870314,-0.13765197575801807,0.33273089888703994,-0.3813175935363304,0.8316017970666274,-0.23688550018450005,0.5496223676647137,-0.029489744880372426,0.1156540608849739,-0.6710517146157645,0.5397105938149714,0.3392698782907278,-0.08156621385793658,-0.33629955359038566,-0.41599353350947066,-0.09628365648748773,0.20234404608888193,0.0633191011966802,0.0663415637916605
-0.07856400406420162,-0.6042034385966161,0.14161714081653823,-0.02940063402187175,0.310687275529587,1.649029341843965,-1.855542880712733,0.276949429516702,-0.904705268646512,0.33921613353879154,-1.3847183719083527,0.3089701219333143,1.073343566516997,0.26045440853122104,-1.941453817425454,-0.33285309159463583,1.2895094415832447,-1.1123586212555747,-0.8169056483652701,-1.1567843468943828,-0.14789894906076176,0.8804468301006417,-0.30188634131383313,1.441335494395181,1.5530445122924663,-1.175122578134069,-1.1578454580627024,-0.4945970315482564,0.015086949647238494,0.6009114918357287,0.8359919241014752,0.2443169052241966,0.2809400995235991,-0.7778287203698163,1.143767980570183,-0.4065860461567261,0.28862976358279246,-0.328018136026039,1.3818845833169502,-0.18462495235018334,0.428403306729665,1.444463772225033,-0.129450089487223,-0.2710606403952048,0.4342631694058548,-0.07663252936689574,0.9356684867406457,-0.4101632338221805,-0.6652971326077411
-0.024943044739465,1.651605775250712,-0.9232493253133998,0.6757366625038632,-0.6664135977679237,-1.855542880712733,4.615810921275623,-0.9871394161602699,1.5467111036092192,-0.7478024463323968,3.1885759903378306,-0.4679289085778238,-0.3010171594001124,-0.8042295081078759,5.219683005751727,0.9946704412353633,-3.5867162919826114,1.719520302836269,1.131431435515245,2.046547552166923,0.09305326395132009,-1.1933807748717322,0.2270496962544769,-3.6016575643798516,-1.9970298176465933,1.3057012903115495,1.9465919406939298,-0.06750725686869757,-0.8422016232913406,-1.2779466260947312,-1.9496334587200113,-0.25197092051340575,-1.0013808134691446,2.452020678671129,-2.1934633170287663,0.47464820777761746,-1.2253340717457735,1.0752906926316042,-1.302847145809957,0.9178373734555928,-0.48392004225945984,-3.4884403912860162,-0.8133619281700686,-0.10304262687644425,0.146069788731497,-0.2927944139749713,-1.4204110658480982,0.9412572820692875,1.8569301190365008
-0.19185079865121837,-0.8139530097299658,0.4887876628296818,-0.00690312694977232,0.4801008237236389,0.276949429516702,-0.9871394161602699,0.7905331612009525,-0.48650875023138024,0.12054821322850262,-0.6519090777293899,0.1358497849096279,-0.5495040946362751,-0.2928168846828074,-1.0604390798228922,-0.16079093587157564,0.8375225927523313,-0.48766954646553673,-0.41558077517636555,-0.35490490088324994,0.06775492007961952,0.2611869761065832,0.015431135610365018,0.947477282931764,0.18332019782784204,-0.20307400436601467,-0.014866555423537618,1.1065902346590621,-0.034748895403824,0.04897924639139899,0.49260371733252667,-0.3450066082854985,0.1760607617366707,-0.5132028621086444,0.6203615898964494,-0.18373759337512172,0.42823376179119177,-0.01878515685332928,0.09270191606653733,-0.5684918840714613,0.24310742873968247,0.3454647000375502,0.32970364084629167,0.13013854197841795,-0.6508150653140997,-0.06990200038057663,-0.10279806531184826,0.4011335157821304,-0.19533961151578313
0.4086282278010161,0.6713054166716677,-0.28025985538582004,0.13422929872643724,-0.7038653891922787,-0.904705268646512,1.5467111036092192,-0.48650875023138024,1.2770790934153595,-0.2593273094137257,1.3551312088862544,-0.2946653344035116,-0.5838384891152928,-0.07712994170607353,1.7493072652499482,0.7667377024014039,-1.6049757929175767,1.204721380554498,0.9272432023915123,0.832944020296338,-0.09091223573170827,-0.5616404010855094,-0.10854541686735458,-1.1538033185006773,-0.854471982282755,0.9554701684033754,0.9757534076563545,0.008661164396663569,0.4849312842948363,-0.10634639011410105,-0.885403049687139,-0.15083706491311485,-0.6123242803675685,1.0774558107696608,-1.1799785464259758,0.5323331122005923,-0.44864767892024165,0.12489896579627958,-1.0594156979133258,0.5032324968791525,-0.4820800003012031,-1.1953605421695486,0.346868782390783,0.450943202598866,-0.13472718053048963,-0.10543959463011376,-0.8043761123584611,0.4431485006323488,0.32623588615151144
9.717104768815224e-4,-0.25529658176760417,0.07923205462129107,-0.08080907462229962,0.08908633404633329,0.33921613353879154,-0.7478024463323968,0.12054821322850262,-0.2593273094137257,0.19544676856339577,-0.493705306903433,0.1284856529865347,0.13714882467593553,0.06889171527222432,-0.8828069364729803,-0.21195315667472572,0.5702526346504748,-0.29881154037760027,-0.25115725772599135,-0.29928168796684035,-0.030582257026420482,0.2604813412370742,-0.06165278250021988,0.5776114775753135,0.35349594653116245,-0.2977052528043214,-0.3571485212072289,-0.035241867641568135,0.09707558824326949,0.1733881640570579,0.2949216583435534,0.026925197797562625,0.12955670232128733,-0.3712303685721703,0.3137440740709313,-0.07335101825230694,0.22821932323484512,-0.19410829694664214,0.2834995048510702,-0.09275465891308207,0.06224059054781615,0.5723415759191618,0.13053579834264498,0.03280494116514118,0.015788145914555938,-0.01496197681278201,0.17031238195944742,-0.1927930590087157,-0.2732096866769488
0.10319843122384738,1.06634146142576,-0.5642013116834781,0.4811099231525861,-0.6149272691398661,-1.3847183719083527,3.1885759903378306,-0.6519090777293899,1.3551312088862544,-0.493705306903433,2.399556787975735,-0.3874608805717447,-0.49974279576432423,-0.5865911027347124,3.6948525688616574,0.9757529810554948,-2.694214647631307,1.4757324619207475,0.983520944111749,1.4571656161338242,-0.006831895480410179,-0.8879992053172238,0.028132719651856188,-2.4383276623539154,-1.5097096907401022,1.0966611622783,1.57930511286391,0.19984333175870678,-0.2628312108511841,-0.8303392676261103,-1.394716982932033,-0.336094240906095,-0.8751740717528872,1.929482931185099,-1.6772646869647607,0.4542532033082407,-0.8360926873071282,0.645726516595668,-1.1764331175002603,0.6439318825518132,-0.4386716864177504,-2.568853163288178,-0.22676324382675475,0.16935589973504617,-0.1648143834605631,-0.30601237437728357,-1.3074920921891753,0.9243419263965278,1.2400084059665983
0.03999649525318277,-0.08863037318113225,-0.17426999813012956,0.13168669532250632,0.021585592161966514,0.3089701219333143,-0.4679289085778238,0.1358497849096279,-0.2946653344035116,0.1284856529865347,-0.3874608805717447,0.39674529463851416,0.28907374758550475,-0.16639470534984008,-0.5916932035012195,-0.6373442778305929,0.35354829085950334,-0.5407366714966283,-0.4263538459546617,0.09186933939763098,0.1690585340770126,0.28361399591952047,-3.3777941533332385e-4,0.304949691076118,0.3487363627281289,-0.5844336189268803,-0.2442793816948394,0.05182985772388563,-0.25678166187165985,0.017757977083408382,0.04775328062205584,0.05418568780744488,-0.010467798294846429,-0.5745686026657024,0.04116060636144763,-0.10714152224468931,-0.0861626830639388,0.1163076732391165,0.5665667192203988,0.14632278151824596,-0.076500928796798,0.40187253819351143,0.03456510218502057,0.08372539241633803,0.20489837854031587,0.026488699493145095,0.19723655932461565,-0.19839162320296844,-0.20502375438321652
0.03399761400780147,0.5591360700900666,-0.5711968481832209,0.1201067538810219,-0.18352132394862342,1.073343566516997,-0.3010171594001124,-0.5495040946362751,-0.5838384891152928,0.13714882467593553,-0.49974279576432423,0.28907374758550475,1.897221625323574,0.4618374949481451,-0.15982808347663052,-0.5599896303679919,0.20503390049184692,-0.8451920464745897,-0.5646941289097499,-0.30836306660712964,0.07356313578340257,0.3217818641345958,-0.08593417793309435,0.06313231350276773,1.2056604947137746,-1.2483848314698431,-1.1076774289873248,-1.9313685486692223,-0.3784618037719203,0.2005588067085618,0.17786585947251551,0.6462396944550242,0.18979992272087906,-0.31562168855180245,0.2295795801738938,-0.35934452614810486,-0.4398738233580647,0.023922450724648207,1.58324334298072,0.5906015166922777,0.023451973396959466,0.7346289160160525,-0.9211279389409734,-0.5271996203552729,1.3923462406183464,0.13175104630422896,1.027545632811632,-0.8971291432853147,-0.18962872509927398
0.24079512641124148,0.2072218612017243,0.10519698486805244,-0.3817776448486247,-0.25721153049093426,0.26045440853122104,-0.8042295081078759,-0.2928168846828074,-0.07712994170607353,0.06889171527222432,-0.5865911027347124,-0.16639470534984008,0.4618374949481451,0.9249233041743039,-0.6883430773219535,0.05099050402727444,0.5357804754995966,-0.053115770487395374,0.24176536277204336,-0.5052089389275807,-0.06911451158760455,-0.1288792735932419,-0.011111112251643906,0.5522407481521212,0.500452137821896,-0.11742388319084777,-0.6878528021124406,-1.198026539400409,0.6514253267728537,0.49136634729835815,0.39310438269915354,0.42511744901963955,0.35756051521861754,-0.4003581968521472,0.31392393270342345,-0.05152071126487694,-0.018640173367845445,-0.4193375425385953,0.20704621467980786,0.10611495146325216,-0.07092418028535667,0.9163556155778064,-0.08880939293625316,-0.114732111508217,0.4720868243326924,0.35499296621131693,0.6954610974736732,-0.6140253694222106,-0.5546602267310112
0.05592977249257257,1.9241924439285332,-0.9592859017728989,0.8469096710645618,-0.9233252026262168,-1.941453817425454,5.219683005751727,-1.0604390798228922,1.7493072652499482,-0.8828069364729803,3.6948525688616574,-0.5916932035012195,-0.15982808347663052,-0.6883430773219535,6.413745263905093,1.4284549226184295,-4.323737532406422,1.9428015115503943,1.4077908633058134,2.2560980282707623,0.13708976969659614,-1.566474630763107,0.15999100855639614,-3.9870236306615534,-2.078652039650237,1.2616212653733379,2.2266341642026464,-0.3111911206835263,-0.6887171916351007,-1.432978622609416,-2.0942104048048535,-0.3413810343805476,-1.2413362339160776,2.9842191085391847,-2.4842758239994907,0.41810039177508734,-1.6912951368991247,1.2488494888631974,-1.2580001097397449,1.1434838226950006,-0.6254108765619728,-4.139438627324889,-0.9786416720432377,-0.08813027279223445,0.14814290156455034,-0.313961005434327,-1.6505051008310367,1.403650312338588,2.0839261368403323
0.004254954023069567,0.03750348223731054,0.289057457147604,-0.01807495170087723,-0.16255072201056842,-0.33285309159463583,0.9946704412353633,-0.16079093587157564,0.7667377024014039,-0.21195315667472572,0.9757529810554948,-0.6373442778305929,-0.5599896303679919,0.05099050402727444,1.4284549226184295,1.5111079281837214,-1.0885386739581009,1.0954617575632213,0.8173932711955506,-0.13128560233483322,-0.41980739300040315,-0.35383574804839274,-0.23718133802157368,-0.5880852764529487,-0.5185490102854103,1.002856144309496,0.7462375111700892,0.30780260966794043,0.5647918623424172,-0.0163497479546526,-0.23073787917896427,-0.31730593368267845,-0.3772324924069383,1.4270296567760117,-0.22712224806505074,0.2662432621639744,0.004333771432582654,-0.1333582903375584,-1.0099200969404518,-0.15184392631361812,0.13250172106673427,-1.0954517018837762,0.1771746260476305,0.03396377258667869,-0.581670201046468,-0.32570948666108035,-0.6840632711708543,0.845454025110969,0.43352975342974376
-0.30341744925747627,-1.3939803992568809,0.7836152824632646,-0.6526306704053779,0.9434638060895478,1.2895094415832447,-3.5867162919826114,0.8375225927523313,-1.6049757929175767,0.5702526346504748,-2.694214647631307,0.35354829085950334,0.20503390049184692,0.5357804754995966,-4.323737532406422,-1.0885386739581009,3.2920107088212927,-1.5647606979768658,-1.102070522048294,-1.6880741295754524,-0.040710055145460604,0.9870320152256702,0.0697018919069393,2.7141425543831663,1.36243883311858,-0.9497099243340501,-1.6725375877432356,0.21419228220057734,0.16326289378423683,0.7932396415863129,1.6516412399783411,0.27362330360880094,1.102974325155149,-2.203680676590698,2.0110868049799793,-0.48452375206186216,1.214714546771774,-0.7651990721116751,0.9763614155093034,-1.0105471951484803,0.6360201923061614,2.8239257831287237,0.3316154119858323,-0.258587463888408,-0.12720539284329088,0.309426971387495,1.344163417210462,-1.004299304844676,-1.2632221200236033
0.20272599720509027,0.5432993745363335,-0.0649710978320682,-0.008177973474850211,-0.48061757985423836,-1.1123586212555747,1.719520302836269,-0.48766954646553673,1.204721380554498,-0.29881154037760027,1.4757324619207475,-0.5407366714966283,-0.8451920464745897,-0.053115770487395374,1.9428015115503943,1.0954617575632213,-1.5647606979768658,1.4889714484678809,1.079152312755691,0.6315015681770261,-0.22670176463107597,-0.6626162940754602,-0.06542091049708708,-1.3013957380484573,-1.1830500474763814,1.3382467977476669,1.0747286103489444,0.21159784542082663,0.472542885809749,-0.23681703704969587,-0.7766148475073944,-0.23364375321515243,-0.5233893147565832,1.3625295078891009,-0.9788876311768079,0.5229199015604955,-0.22018560467243045,0.02152891970202648,-1.4353529771175315,0.20101077616897717,-0.2801987922087179,-1.3841955017487066,0.30857003383617615,0.27149246206958666,-0.42933575147152025,-0.16696136198238798,-0.9364430456467141,0.5877633535153651,0.5519385529244778
0.25758505907305346,0.5221070472329267,-0.05095670461836851,-0.08833668027640933,-0.4743643710119661,-0.8169056483652701,1.131431435515245,-0.41558077517636555,0.9272432023915123,-0.25115725772599135,0.983520944111749,-0.4263538459546617,-0.5646941289097499,0.24176536277204336,1.4077908633058134,0.8173932711955506,-1.102070522048294,1.079152312755691,0.9773333409978565,0.4278699347457763,-0.15437292352767198,-0.5840168592345775,-0.013994726248951365,-0.875371690842177,-0.7827635840123378,0.9656038058237092,0.7004294299923078,-0.10282574568838755,0.5497345130548144,-0.057424186580085516,-0.5209287224352201,-0.08884769451186066,-0.31272965751557236,0.8197190942153973,-0.705705301047774,0.36959114052843584,-0.29234171752010807,-0.025303849577549022,-1.0562671962776582,0.23393807816970902,-0.2642677324649292,-0.846007082989006,0.19887321080241793,0.19113230319303556,-0.22597360849561773,0.02855432789501004,-0.4861884445456621,0.3415686291362824,0.24117401236952354
0.23648998084260925,0.9151314745571588,-0.6320073921104972,0.41917919795574843,-0.5661747321298748,-1.1567843468943828,2.046547552166923,-0.35490490088324994,0.832944020296338,-0.29928168796684035,1.4571656161338242,0.09186933939763098,-0.30836306660712964,-0.5052089389275807,2.2560980282707623,-0.13128560233483322,-1.6880741295754524,0.6315015681770261,0.4278699347457763,1.5292237136474616,0.35786260064530984,-0.678105014499447,0.19753778396768712,-1.579295818408631,-1.0271613258029295,0.36032612743461084,1.0112338139768078,0.04245264268237802,-0.35800872849963566,-0.6403862663081414,-1.093430534006795,-0.16515846594171912,-0.5337093038610342,0.6715957601621602,-1.4654519736976932,0.2849657450068135,-0.7616047618749743,0.6413708406707361,-0.49264093919706153,0.7166001113368959,-0.6451175626311432,-1.5087169064869261,-0.14121002191715218,0.3387579797248663,0.1515656839446758,0.008204704496051544,-0.8345389664666525,0.34123251099324037,0.6657526745885407
0.05627538269100182,0.15830035003602128,-0.13234883202916015,0.10524294360563044,-0.07224031009818119,-0.14789894906076176,0.09305326395132009,0.06775492007961952,-0.09091223573170827,-0.030582257026420482,-0.006831895480410179,0.1690585340770126,0.07356313578340257,-0.06911451158760455,0.13708976969659614,-0.41980739300040315,-0.040710055145460604,-0.22670176463107597,-0.15437292352767198,0.35786260064530984,0.26898902143380626,-0.1619141541373294,0.12325159651878005,-0.0568366733126121,-0.028483187391895353,-0.26303821242351494,0.00552108209103582,-0.11051864937293948,-0.1641324806366637,-0.12404002537702769,-0.08682071556013833,0.0308631549355068,0.03432131857998831,-0.2582164405858931,-0.21395653856388216,-0.06933266644979182,-0.20145709283667804,0.19269920335493118,0.2501944831758018,0.15820894938366095,-0.20745880743332223,-0.030481985619948807,-0.10657535352214298,0.08370453478642136,0.17156233349872319,0.1419193012584555,-0.0018614200679772227,-0.06993010788220348,-0.005694128274263329
-0.1452223174590411,-0.5893706604629778,0.10225231866446173,-0.04182749794310682,0.367313165302969,0.8804468301006417,-1.1933807748717322,0.2611869761065832,-0.5616404010855094,0.2604813412370742,-0.8879992053172238,0.28361399591952047,0.3217818641345958,-0.1288792735932419,-1.566474630763107,-0.35383574804839274,0.9870320152256702,-0.6626162940754602,-0.5840168592345775,-0.678105014499447,-0.1619141541373294,0.7812044390288665,-0.15353540417705977,0.8720299566404668,0.7358379823488203,-0.5325841121069467,-0.5752956540169467,0.2872550312845306,-0.1890941815264305,0.29861841219843743,0.43959217308435217,0.0456929668953851,0.14354547153885525,-0.6217809660439247,0.7404497701267542,-0.16002659541694225,0.42016595159878933,-0.19795104757254178,0.580862661353127,-0.2629818122396629,0.36796521291830625,0.9185030378683621,0.12223609941612214,-0.12088678861846966,0.018752983555626653,-0.15583683145653385,0.45730284028604556,-0.2711951513093183,-0.3586123623403938
-0.09104193552676801,0.11551318229336659,-0.029672851416000536,-0.043515147965199036,0.10301441368537337,-0.30188634131383313,0.2270496962544769,0.015431135610365018,-0.10854541686735458,-0.06165278250021988,0.028132719651856188,-3.3777941533332385e-4,-0.08593417793309435,-0.011111112251643906,0.15999100855639614,-0.23718133802157368,0.0697018919069393,-0.06542091049708708,-0.013994726248951365,0.19753778396768712,0.12325159651878005,-0.15353540417705977,0.21487453976287937,-0.201087339843415,-0.23554328160439322,0.0636003861840583,0.026638373200985117,-0.00595847424698993,-0.2352693559774157,-0.1734242255411852,-0.053644992852155106,0.04415757799392135,0.16694833723725033,-0.17874771427677955,-0.049598719103524175,-0.044913707853826805,-0.01169514886079377,0.13036318083413115,-0.08455640516529216,-0.03325246920308472,-0.006621329164567115,-0.08749246580072217,-0.21052617213761218,-0.11091879831447801,0.04749097666459662,0.14400999736588677,0.06985465617386387,-0.13430386097804894,0.12117138557531801
0.031112577566292304,-1.3969374555553817,0.8353097053394841,-0.48531892707345764,0.5238127798411387,1.441335494395181,-3.6016575643798516,0.947477282931764,-1.1538033185006773,0.5776114775753135,-2.4383276623539154,0.304949691076118,0.06313231350276773,0.5522407481521212,-3.9870236306615534,-0.5880852764529487,2.7141425543831663,-1.3013957380484573,-0.875371690842177,-1.579295818408631,-0.0568366733126121,0.8720299566404668,-0.201087339843415,2.977214749752909,1.5660757433617132,-0.9823422855320293,-1.3926107251187685,0.20932452977864555,0.7865099320072977,1.0106023189102447,1.5590809368074632,0.047215593129286235,0.7677372576249273,-1.7555145477019751,1.716840170291935,-0.36918008047235196,1.032852632173034,-0.8408097554669408,0.960394366472665,-0.7942107285581983,0.34904518506363874,2.589160951448504,0.6820371576438176,0.18087101098658032,-0.2646997413454003,0.16854764164643696,0.8957516471819418,-0.4982673810718944,-1.4194455686986156
0.0882855986369445,-0.4017238116451113,0.06670115278058017,-0.09992708178951741,0.11138218823406702,1.5530445122924663,-1.9970298176465933,0.18332019782784204,-0.854471982282755,0.35349594653116245,-1.5097096907401022,0.3487363627281289,1.2056604947137746,0.500452137821896,-2.078652039650237,-0.5185490102854103,1.36243883311858,-1.1830500474763814,-0.7827635840123378,-1.0271613258029295,-0.028483187391895353,0.7358379823488203,-0.23554328160439322,1.5660757433617132,1.6728552523967615,-1.2809295890493713,-1.315116229273206,-0.972137174444715,0.20064894659572133,0.7190547307953029,0.8417550388496792,0.3911947480651525,0.40059643797739714,-0.9965309439015173,1.0039269939070379,-0.38912859498689983,0.19164817607687812,-0.3768212514590321,1.4890513187982775,0.0031758307174028747,0.22070256514497819,1.6987378307607035,-0.17198335163275258,-0.18444694896281463,0.7086447929408405,0.10542627772056837,1.077664818993117,-0.6850389619315668,-0.8718695012370606
0.001613621611837583,0.15541001434255272,0.23081320430317764,-0.17799057169860655,-0.08771256208001683,-1.175122578134069,1.3057012903115495,-0.20307400436601467,0.9554701684033754,-0.2977052528043214,1.0966611622783,-0.5844336189268803,-1.2483848314698431,-0.11742388319084777,1.2616212653733379,1.002856144309496,-0.9497099243340501,1.3382467977476669,0.9656038058237092,0.36032612743461084,-0.26303821242351494,-0.5325841121069467,0.0636003861840583,-0.9823422855320293,-1.2809295890493713,1.5699435234223098,1.0341114157925786,0.7811353170649624,0.3500649240022034,-0.19996079543157308,-0.534199398889595,-0.28875708753041557,-0.26638905869054263,1.027647351826399,-0.5576770752024107,0.4887914889536719,0.15620882523390847,-0.03261796101537345,-1.688824049669745,-0.23144620227435464,-0.01882554978823908,-1.117367647158329,0.3986493567727236,0.16287509680838974,-0.7527655715605409,-0.12040457448780643,-0.7907236906562076,0.5368924470739557,0.4843815492974658
0.023643705584641826,0.27869261178251997,-0.08426222911953041,0.3370624425702755,-0.23227345040913636,-1.1578454580627024,1.9465919406939298,-0.014866555423537618,0.9757534076563545,-0.3571485212072289,1.57930511286391,-0.2442793816948394,-1.1076774289873248,-0.6878528021124406,2.2266341642026464,0.7462375111700892,-1.6725375877432356,1.0747286103489444,0.7004294299923078,1.0112338139768078,0.00552108209103582,-0.5752956540169467,0.026638373200985117,-1.3926107251187685,-1.315116229273206,1.0341114157925786,1.4713121011459125,1.1898283146179283,-0.09384910860163324,-0.6000485516747313,-0.894188995987036,-0.5394083359148041,-0.6720218763028728,1.207922219961075,-1.0594729464171393,0.3827699509025457,-0.3652388978147048,0.4699208382605885,-1.234288754933502,0.11942315712871697,-0.2497329877496687,-1.8710106459637257,0.300413067302635,0.3618778653765503,-0.7579170512643987,-0.2807681047507185,-1.2342550837577786,1.0755051389818555,0.8027127071825227
-0.4391067982853048,-1.2730869224889019,0.6966582128399126,0.1816221581820006,0.785607299733347,-0.4945970315482564,-0.06750725686869757,1.1065902346590621,0.008661164396663569,-0.035241867641568135,0.19984333175870678,0.05182985772388563,-1.9313685486692223,-1.198026539400409,-0.3111911206835263,0.30780260966794043,0.21419228220057734,0.21159784542082663,-0.10282574568838755,0.04245264268237802,-0.11051864937293948,0.2872550312845306,-0.00595847424698993,0.20932452977864555,-0.972137174444715,0.7811353170649624,1.1898283146179283,3.211261203610613,-0.3520687723661306,-0.4381026707672302,0.021026727667388036,-0.9555279119073736,-0.34263654236710495,0.1029750469565896,0.27545195207352924,0.1274723774629741,0.6136755441793509,0.25177493915928423,-1.1476050665231259,-0.9723137722019851,0.4337535402882336,-0.853880538870799,0.99215581565462585,0.39428378082345944,-1.8633892038418198,-0.4798369825944032,-1.089181449200077,1.3723237392522691,0.38093297346160915
0.45780952725466295,-0.09417379386627843,0.32236820528691473,-0.3151072682041358,-0.45590128208978764,0.015086949647238494,-0.8422016232913406,-0.034748895403824,0.4849312842948363,0.09707558824326949,-0.2628312108511841,-0.25678166187165985,-0.3784618037719203,0.6514253267728537,-0.6887171916351007,0.5647918623424172,0.16326289378423683,0.472542885809749,0.5497345130548144,-0.35800872849963566,-0.1641324806366637,-0.1890941815264305,-0.2352693559774157,0.7865099320072977,0.20064894659572133,0.3500649240022034,-0.09384910860163324,-0.3520687723661306,1.2389213633639202,0.6064451065015795,0.27088541235946084,-0.010188415683346944,0.002256444996649047,0.01755004530278537,0.02521146357880353,0.23363338283730792,0.15692667544221486,-0.5700051526061959,-0.4303008240602821,0.008673115345159995,-0.27620871001739516,0.6054739006515706,0.6697316635588945,0.45619243712165736,-0.19989958012758616,0.11560667919293444,-0.08446197783614966,0.030840809301289802,-0.6479001953770472
0.22960103906440466,-0.2548195216070971,0.2028984317122187,-0.26407727805063036,-0.0841967227061195,0.6009114918357287,-1.2779466260947312,0.04897924639139899,-0.10634639011410105,0.1733881640570579,-0.8303392676261103,0.017757977083408382,0.2005588067085618,0.49136634729835815,-1.432978622609416,-0.0163497479546526,0.7932396415863129,-0.23681703704969587,-0.057424186580085516,-0.6403862663081414,-0.12404002537702769,0.29861841219843743,-0.1734242255411852,1.0106023189102447,0.7190547307953029,-0.19996079543157308,-0.6000485516747313,-0.4381026707672302,0.6064451065015795,0.6432103503374597,0.4500966790762885,0.2070202875054879,0.21298560860195834,-0.5236459428136325,0.4850646955904505,0.009269127255407579,0.2689455717135302,-0.4427434970839466,0.26239279062826765,-0.07976002986392912,0.03136242745994808,1.1061334839920982,0.30368085011303575,0.10785259327587278,0.17869784795615232,0.11801230680513264,0.5091507398377516,-0.40160152955087447,-0.7056697690960306
-0.18980886302140634,-0.8171560933344671,0.5501860369115315,-0.3362688547462346,0.5037609556870314,0.8359919241014752,-1.9496334587200113,0.49260371733252667,-0.885403049687139,0.2949216583435534,-1.394716982932033,0.04775328062205584,0.17786585947251551,0.39310438269915354,-2.0942104048048535,-0.23073787917896427,1.6516412399783411,-0.7766148475073944,-0.5209287224352201,-1.093430534006795,-0.08682071556013833,0.43959217308435217,-0.053644992852155106,1.5590809368074632,0.8417550388496792,-0.534199398889595,-0.894188995987036,0.021026727667388036,0.27088541235946084,0.4500966790762885,1.0511446784986604,0.06395329239406901,0.587462552437755,-0.8886731872292961,1.2093584140125477,-0.33342401164060503,0.6399464590051008,-0.48759206784593134,0.5743597647232894,-0.6152516500170829,0.3974471930754845,1.3989369184255023,0.13991122436488548,-0.18170651906666516,-0.1673965455340833,0.09805687070789823,0.6365167199837811,-0.29804263391439195,-0.635963242040737
0.0945984589939211,0.3095896801730454,-0.18536571420227804,-0.12582380544409857,-0.13765197575801807,0.2443169052241966,-0.25197092051340575,-0.3450066082854985,-0.15083706491311485,0.026925197797562625,-0.336094240906095,0.05418568780744488,0.6462396944550242,0.42511744901963955,-0.3413810343805476,-0.31730593368267845,0.27362330360880094,-0.23364375321515243,-0.08884769451186066,-0.16515846594171912,0.0308631549355068,0.0456929668953851,0.04415757799392135,0.047215593129286235,0.3911947480651525,-0.28875708753041557,-0.5394083359148041,-0.9555279119073736,-0.010188415683346944,0.2070202875054879,0.06395329239406901,0.4515221997910066,0.2029846640074352,-0.3393734150557477,0.07888118757553439,-0.06097097424001185,-0.1361840093673488,-0.09506316174061023,0.42659747724385455,0.23529825351449704,-0.03672310528257073,0.5521140041660667,-0.30204269058047845,-0.2024830981267523,0.6467699345345715,0.23562088025606245,0.6256909567554608,-0.658808273872024,-0.24417390153662194
-0.1530593824348446,-0.2674064803521272,0.24161847942938416,-0.3071071940146858,0.33273089888703994,0.2809400995235991,-1.0013808134691446,0.1760607617366707,-0.6123242803675685,0.12955670232128733,-0.8751740717528872,-0.010467798294846429,0.18979992272087906,0.35756051521861754,-1.2413362339160776,-0.3772324924069383,1.102974325155149,-0.5233893147565832,-0.31272965751557236,-0.5337093038610342,0.03432131857998831,0.14354547153885525,0.16694833723725033,0.7677372576249273,0.40059643797739714,-0.26638905869054263,-0.6720218763028728,-0.34263654236710495,0.002256444996649047,0.21298560860195834,0.587462552437755,0.2029846640074352,0.6088800809398307,-0.7150248128761872,0.6901870048992782,-0.2274831122369593,0.4140748248570954,-0.26180694411021266,0.3211440984366198,-0.3404637525967335,0.21626473520048825,0.9353766755799199,-0.2054790953968569,-0.26188751848147857,0.1502486040956615,0.23813439136676323,0.5852698797084652,-0.5398225834804082,-0.33385959578192403
-0.02814431445468533,0.6215844597922262,-0.2031875647209819,0.345413283298488,-0.3813175935363304,-0.7778287203698163,2.452020678671129,-0.5132028621086444,1.0774558107696608,-0.3712303685721703,1.929482931185099,-0.5745686026657024,-0.31562168855180245,-0.4003581968521472,2.9842191085391847,1.4270296567760117,-2.203680676590698,1.3625295078891009,0.8197190942153973,0.6715957601621602,-0.2582164405858931,-0.6217809660439247,-0.17874771427677955,-1.7555145477019751,-0.9965309439015173,1.027647351826399,1.207922219961075,0.1029750469565896,0.01755004530278537,-0.5236459428136325,-0.8886731872292961,-0.3393734150557477,-0.7150248128761872,2.1152456637125803,-1.0137080685467288,0.3440782468555748,-0.43372318545345673,0.2953791159918459,-0.9823567015402747,0.2827611700445561,-0.11371657793233107,-2.1242675969538523,-0.19262645829350894,0.012091055864260975,-0.276402935083677,-0.4626972863847507,-1.134203857593384,0.9717951973695578,1.0637617524500667
-0.3987302287932767,-1.0853262949476603,0.6809066592418941,-0.38466844575003795,0.8316017970666274,1.143767980570183,-2.1934633170287663,0.6203615898964494,-1.1799785464259758,0.3137440740709313,-1.6772646869647607,0.04116060636144763,0.2295795801738938,0.31392393270342345,-2.4842758239994907,-0.22712224806505074,2.0110868049799793,-0.9788876311768079,-0.705705301047774,-1.4654519736976932,-0.21395653856388216,0.7404497701267542,-0.049598719103524175,1.716840170291935,1.0039269939070379,-0.5576770752024107,-1.0594729464171393,0.27545195207352924,0.02521146357880353,0.4850646955904505,1.2093584140125477,0.07888118757553439,0.6901870048992782,-1.0137080685467288,1.6559689523106393,-0.4384778320452866,0.8561274075530156,-0.49608343454169596,0.6616730966077395,-0.881292600264466,0.7313575091693718,1.5776472547343312,0.016459504953635,-0.4246766772376995,-0.24518611218159359,0.02621677431857828,0.8806737246266102,-0.3340720490178643,-0.593735840516906
0.16308852842483634,0.18355883596897996,-0.07362048754343564,-0.011227981429146956,-0.23688550018450005,-0.4065860461567261,0.47464820777761746,-0.18373759337512172,0.5323331122005923,-0.07335101825230694,0.4542532033082407,-0.10714152224468931,-0.35934452614810486,-0.05152071126487694,0.41810039177508734,0.2662432621639744,-0.48452375206186216,0.5229199015604955,0.36959114052843584,0.2849657450068135,-0.06933266644979182,-0.16002659541694225,-0.044913707853826805,-0.36918008047235196,-0.38912859498689983,0.4887914889536719,0.3827699509025457,0.1274723774629741,0.23363338283730792,0.009269127255407579,-0.33342401164060503,-0.06097097424001185,-0.2274831122369593,0.3440782468555748,-0.4384778320452866,0.28476352502829533,-0.04519162243642904,-0.02036259788905058,-0.5437180876761246,0.13433100339869253,-0.17977115573246533,-0.33774425042654554,0.2770942550653916,0.2233750691763166,-0.11957466519428794,-0.047378110665778614,-0.32991321627514725,0.10791038528005578,0.056929231040154564
-0.2475844402861219,-0.7924324085394033,0.5125738458686413,-0.3301496054555321,0.5496223676647137,0.28862976358279246,-1.2253340717457735,0.42823376179119177,-0.44864767892024165,0.22821932323484512,-0.8360926873071282,-0.0861626830639388,-0.4398738233580647,-0.018640173367845445,-1.6912951368991247,0.004333771432582654,1.214714546771774,-0.22018560467243045,-0.29234171752010807,-0.7616047618749743,-0.20145709283667804,0.42016595159878933,-0.01169514886079377,1.032852632173034,0.19164817607687812,0.15620882523390847,-0.3652388978147048,0.6136755441793509,0.15692667544221486,0.2689455717135302,0.6399464590051008,-0.1361840093673488,0.4140748248570954,-0.43372318545345673,0.8561274075530156,-0.04519162243642904,0.8911159165243774,-0.44166230412022395,-0.18128247731566646,-0.711438366796057,0.39348807962566945,0.8515634702088941,0.3343816779455399,-0.0576778395305149,-0.4882431983792126,-0.09364485915618659,0.10912816091588515,-0.1343711729428458,-0.2964841793500715
-0.0830422675445839,0.3193217727635992,-0.280324864954106,0.32441890497019144,-0.029489744880372426,-0.328018136026039,1.0752906926316042,-0.01878515685332928,0.12489896579627958,-0.19410829694664214,0.645726516595668,0.1163076732391165,0.023922450724648207,-0.4193375425385953,1.2488494888631974,-0.1333582903375584,-0.7651990721116751,0.02152891970202648,-0.025303849577549022,0.6413708406707361,0.19269920335493118,-0.19795104757254178,0.13036318083413115,-0.8408097554669408,-0.3768212514590321,-0.03261796101537345,0.4699208382605885,0.25177493915928423,-0.5700051526061959,-0.4427434970839466,-0.48759206784593134,-0.09506316174061023,-0.26180694411021266,0.2953791159918459,-0.49608343454169596,-0.02036259788905058,-0.44166230412022395,0.5263461499748926,0.02577878745987997,0.23830961265167405,-0.09119198819838245,-0.8977796741608324,-0.3153501217002252,-0.05052266928652227,0.07040858797676082,-0.044528458675725115,-0.2512208179122914,0.2981321913883466,0.4899899144691518
-0.03658508041151343,-0.06859017869761987,-0.2824342032567388,0.17480864903886742,0.1156540608849739,1.3818845833169502,-1.302847145809957,0.09270191606653733,-1.0594156979133258,0.2834995048510702,-1.1764331175002603,0.5665667192203988,1.58324334298072,0.20704621467980786,-1.2580001097397449,-1.0099200969404518,0.9763614155093034,-1.4353529771175315,-1.0562671962776582,-0.49264093919706153,0.2501944831758018,0.580862661353127,-0.08455640516529216,0.960394366472665,1.4890513187982775,-1.688824049669745,-1.234288754933502,-1.1476050665231259,-0.4303008240602821,0.26239279062826765,0.5743597647232894,0.42659747724385455,0.3211440984366198,-0.9823567015402747,0.6616730966077395,-0.5437180876761246,-0.18128247731566646,0.02577878745987997,1.9285255986168304,0.2621033666701684,0.08420599102093838,1.2257831334504394,-0.6050247983643368,-0.3184597096400206,1.0076427446027514,0.133243910320228,0.9986156646927377,-0.6980769034829156,-0.4789701944869342
0.3726333463434064,0.8479053905302679,-0.6270536244948931,0.24014753653676238,-0.6710517146157645,-0.18462495235018334,0.9178373734555928,-0.5684918840714613,0.5032324968791525,-0.09275465891308207,0.6439318825518132,0.14632278151824596,0.5906015166922777,0.10611495146325216,1.1434838226950006,-0.15184392631361812,-1.0105471951484803,0.20101077616897717,0.23393807816970902,0.7166001113368959,0.15820894938366095,-0.2629818122396629,-0.03325246920308472,-0.7942107285581983,0.0031758307174028747,-0.23144620227435464,0.11942315712871697,-0.9723137722019851,0.008673115345159995,-0.07976002986392912,-0.6152516500170829,0.23529825351449704,-0.3404637525967335,0.2827611700445561,-0.881292600264466,0.13433100339869253,-0.711438366796057,0.23830961265167405,0.2621033666701684,0.8308533737621565,-0.49423104010377694,-0.42178545289751357,-0.2464598058880609,0.14915913406408357,0.7159697449139485,0.09291108740949824,-0.037189868654554814,-0.22098716223237547,0.08386923872208725
