V1,V2,V3,V4,V5,V6,V7,V8,V9,V10,V11,V12,V13,V14,V15,V16,V17,V18,V19,V20,V21,V22,V23,V24,V25,V26,V27,V28,V29,V30,V31,V32,V33,V34,V35,V36,V37,V38,V39,V40,V41,V42,V43,V44,V45,V46,V47,V48,V49
0.2772576832559961,0.3057200146064457,-0.15927624569090792,-0.004564336352434891,-0.3396015052702537,-0.2300788023029717,0.1416480073457597,-0.11600541754677647,0.30979599196812424,-0.04225405184626178,0.1316506292508968,0.0330510088611314,-0.06716312169292084,0.13592286495712105,0.14514040158898678,-0.11185488662263583,-0.26076309652823804,0.1368733745905912,0.20702285171946389,0.3443627216974156,0.11920821723500875,-0.18432202461792171,0.04005475033146284,-0.07854644781311186,-0.056925160491725,0.05151761961901959,0.07850515062421397,-0.313885248633384,0.24962099310137548,0.09965951764870502,-0.21969981005864728,0.05968052207126874,-0.04152509036369811,-0.09725950199452707,-0.3790854725545516,0.11956278630196832,-0.18755348804754957,0.01450187919199797,-0.09561628298787227,0.29081488061970273,-0.31250514348481356,0.028129159838161742,0.07659831222522002,0.23003327950962651,0.1952077939277705,0.14858965537347357,-0.04822454640752341,-0.1344410466114148,-0.14983588309059828
0.3057200146064457,1.4178464266255961,-0.7435166875957093,0.31222897471312155,-0.8164414078365965,-1.3785969227417743,2.9214853742762323,-0.8153891681166908,1.3098003575761494,-0.49089752250651125,2.0735373063482108,-0.3560772106745729,-0.2171062937933773,-0.17062137465934799,3.3221222894523224,0.6297145565673196,-2.4378945191048405,1.2813591476504198,1.080920125904142,1.5380410383489338,0.11717850391406477,-0.9644976134018455,0.18058031268993063,-2.2195112678949513,-1.2576346478493576,0.9242269606244272,1.1911268237534391,-0.6278648146561139,-0.0608364709958509,-0.5929618154550949,-1.3440072919699613,-0.10589652604451923,-0.5576423356015989,1.4223786358469992,-1.67788806214959,0.41402809465308343,-0.874371984955719,0.5380693663253737,-0.9797383766844131,0.8625199399235686,-0.6371621234021051,-1.9700382918253618,-0.4613504807098156,0.1273160858120867,0.32077962439982555,-0.01507621108867914,-0.8849765931110458,0.3684933573857872,0.9362575155951522
-0.15927624569090792,-0.7435166875957093,0.6415384347191545,-0.19487312970127552,0.3910381757946619,0.40242685999882744,-1.285517532875937,0.4980886612358426,-0.5441157678721084,0.14512115121539831,-0.8890151729252479,-0.006866728140663164,-0.184984148611056,0.20781989274337268,-1.2731327276860458,-0.05391974526611712,1.0762703327664402,-0.4219048390323774,-0.40084579420648314,-0.767247955247157,-0.008219339697987747,0.14066820017198495,-0.04306628528845568,1.0251126078258892,0.3825267897206526,-0.17975755602088403,-0.4023958890912788,0.4473115872205712,0.17695620817798574,0.2422162117392041,0.674275037859405,0.07406964918489145,0.26666177603490276,-0.47113314348275603,0.779732728233889,-0.19214003349932526,0.35152737021373476,-0.2200036522747251,0.21448513505187544,-0.5541710583689083,0.3012349420737403,0.6541395216254876,0.2764150957530788,-0.013216274042422859,-0.3537047385832767,0.1124150173706653,0.35067347023428064,0.025430269030718433,-0.40044766190280134
-0.004564336352434891,0.31222897471312155,-0.19487312970127552,0.2831118290445473,-0.17063927335388165,-0.28422238310637193,1.1200664979416097,-0.14474790222163159,0.4048557940571798,-0.18798463779896715,0.8023489301078808,-0.09852801903014438,-0.060333045220445455,-0.30455843350260425,1.3395338100025889,0.35580136274773744,-0.9749388853534022,0.3517786600190428,0.21537111646618753,0.46168406469587797,0.007584982857789162,-0.2233910762532671,-0.026225602852537052,-0.7972338474891881,-0.37087632173553986,0.2443761310541102,0.5446568670389343,0.142574204028276,-0.19247654328877448,-0.2775613999381805,-0.47209292830658595,-0.13942840862679476,-0.3412547605464467,0.7308463905163334,-0.5026607041574275,0.08924711115116833,-0.3238596279800944,0.3079347620577309,-0.2344483919838095,0.20770831019386377,-0.0992808781878249,-0.9553641002680857,-0.16076588971618821,0.021092328982096877,-0.03595670060307912,-0.17189582067845877,-0.4017824746847354,0.408683483869072,0.46769404961901967
-0.3396015052702537,-0.8164414078365965,0.3910381757946619,-0.17063927335388165,0.7008684228763351,0.8608358313894059,-1.4394062376304757,0.4838696070981244,-0.8757370245817977,0.20013747991446143,-1.1599505032600361,0.1553119063147474,0.20534252678126735,-0.049527638971350395,-1.7900930985871242,-0.32843732746656606,1.3801894421203098,-0.8017470442099368,-0.6970309414911737,-0.9322502872947269,-0.10202195524016458,0.6485823378802471,-0.03616270319267812,1.1003106338135615,0.7384212403734433,-0.46522933020010165,-0.675592966297158,0.40771849743073574,-0.2565212193074967,0.2774082153062164,0.7515046471267343,0.0424350327789242,0.4136978648975914,-0.7324901510765941,1.1008751741544875,-0.2713038010725133,0.6046612457680209,-0.2192694876131946,0.5830239318713555,-0.6051923046566486,0.5564473110450172,1.0361497649414346,0.009040090352772779,-0.29749130838525034,-0.12034334067536294,-0.03342530846688714,0.5775358271764489,-0.2283352028902927,-0.3733520277747099
-0.2300788023029717,-1.3785969227417743,0.40242685999882744,-0.28422238310637193,0.8608358313894059,3.13832953212953,-4.278089325586718,0.7811476211628682,-2.1455662503638044,0.7346480495119857,-3.3212246165008437,0.688860937032698,1.9188035845238354,0.5902023805238735,-4.815205420161914,-1.160633157457034,3.3497807218817566,-2.569633045750342,-1.828840936319956,-2.3523579424306114,-0.15789438467779798,1.8212526253953352,-0.34588347301180444,3.358834718854575,3.1220093641408275,-2.376203663562903,-2.5801582140551718,-0.9294962548621634,-0.04900943141485756,1.2690806101458592,1.9229148627964774,0.5255691479021931,1.0272830199431986,-2.254413584256787,2.5770564262965627,-0.8856823205565493,0.9391798916127554,-0.7438491646379897,2.7402547944279747,-0.6010907106629956,0.8856810305832019,3.4942198063239758,-0.3196933157999544,-0.5835698876213636,0.879082588772785,0.06963555301946157,2.1130679002277852,-1.2291810835206964,-1.5512521090118494
0.1416480073457597,2.9214853742762323,-1.285517532875937,1.1200664979416097,-1.4394062376304757,-4.278089325586718,9.322338105900485,-1.6695689895771189,3.9213600577056034,-1.625155907654531,6.805531743541715,-1.4683780893678773,-2.057486127672063,-1.6153430350472366,10.523960304800182,3.1452737689288885,-7.5548942561755315,4.455360589074229,3.1011122155686195,3.992140364955097,-0.12872176728318893,-2.621931413249371,0.3113757189951384,-6.97306046588438,-4.621524490612348,3.87096319695121,4.703035984782498,0.9176704977628835,-0.7183671192926597,-2.275369692589049,-3.9600138268972325,-1.0355102974536063,-2.157687334453563,5.57326256014236,-4.467655638025395,1.3515413288811609,-1.9848673272814907,1.8141232457381393,-4.061309633924671,1.3945758390333138,-0.982144499173779,-7.395649281606595,-0.8179856601104514,0.2755849351787488,-0.7432171042402222,-0.7679270663362406,-3.6393853581965048,2.6516787880821,3.6524585389117847
-0.11600541754677647,-0.8153891681166908,0.4980886612358426,-0.14474790222163159,0.4838696070981244,0.7811476211628682,-1.6695689895771189,0.7750475666903215,-0.776852752428502,0.2026844474476037,-1.2795728580670653,0.19195798681087228,-0.06730611415743733,0.03713644315774078,-1.923096717765971,-0.434894841701872,1.3978648654135997,-0.9156098202307519,-0.677339409779309,-0.7276527059179532,0.08509146334503685,0.49010976941371,0.03415258460075149,1.4857899306496514,0.8249331838067473,-0.5753413287467966,-0.6280531363362384,0.4358275148197421,0.02868596057771952,0.4011763204391899,0.7387040557683521,-0.02752822047373846,0.4930521505848146,-0.9833814078753316,0.9861921734809466,-0.3163706108743311,0.5341800129753739,-0.16907217493996451,0.5976913744312824,-0.5378890716612267,0.32136870512047644,1.0980674288865389,0.07988320591949032,-0.004319559045829778,-0.15501782930520078,0.12178785230565757,0.5111411107083446,-0.1480882452290032,-0.5621449549658
0.30979599196812424,1.3098003575761494,-0.5441157678721084,0.4048557940571798,-0.8757370245817977,-2.1455662503638044,3.9213600577056034,-0.776852752428502,2.1074124176994142,-0.6929355915865916,3.001972142499164,-0.6415110363362425,-1.2929454002650733,-0.6166899947995469,4.313637638476248,1.3722767796103854,-3.3196813142156985,2.2181450170292805,1.6101043711144887,1.8998404485282274,-0.054185333593967086,-1.2327308748467143,0.10067004722735635,-2.9342076763074836,-2.204473083215737,1.9938861705239768,2.2109551064436817,0.5367448265574292,0.08473337750306728,-0.8092990344116072,-1.8518382088953684,-0.46143732887108774,-1.0398857272793143,2.322578654769569,-2.2141931226763893,0.8217088897696345,-0.8341676399679414,0.664257059862843,-2.173689629865037,0.6918714560760238,-0.6640963642491077,-3.081991032143864,0.0907222115020235,0.4537025772467413,-0.45559246997346364,-0.2676235839646827,-1.7172995606132524,1.0980679414874863,1.3389198643353313
-0.04225405184626178,-0.49089752250651125,0.14512115121539831,-0.18798463779896715,0.20013747991446143,0.7346480495119857,-1.625155907654531,0.2026844474476037,-0.6929355915865916,0.40587667025466545,-1.094870284574117,0.30053402123974177,0.42016446249569706,0.2620466165254389,-1.7982408862241146,-0.5617050482783846,1.3034882289942236,-0.717476341265408,-0.5248516631484481,-0.6730081191549,-0.04280275530135341,0.5171258028978046,-0.09964972076198066,1.1544466903595616,0.7223797201422668,-0.7600575054978634,-0.8536300383357881,-0.16595984326570162,0.11706746898780131,0.2920465720304949,0.6802359530690733,0.13231198582186837,0.29853062688404847,-0.9378035731710073,0.729210673067732,-0.25328902326462716,0.35225573355388184,-0.3791325124228496,0.7154932395234466,-0.18390725274602324,0.15937090833358913,1.2500875918366698,0.1878658825937426,-0.04023383170486292,0.06398443170472454,0.03163748793408552,0.5155502048204507,-0.4532960200307962,-0.5501813598303714
0.1316506292508968,2.0735373063482108,-0.8890151729252479,0.8023489301078808,-1.1599505032600361,-3.3212246165008437,6.805531743541715,-1.2795728580670653,3.001972142499164,-1.094870284574117,5.188006570734649,-1.1008414097645502,-1.6988900247857186,-1.1588582722392315,7.867201672055853,2.482306887402421,-5.639918314070346,3.544698214101007,2.449462324991578,2.9489361473819438,-0.16880670355345528,-2.031093749790482,0.12144023198680436,-5.159633913141486,-3.6524284029873275,2.929137395445446,3.5985771543044254,0.8755329060191583,-0.30542106878672676,-1.7848518980537056,-2.8701070218168465,-0.8943800484520639,-1.7675438858500254,4.257725129527713,-3.4074395026589546,1.0538848455298373,-1.4847607750426814,1.2066143384936834,-3.192471884023518,1.0267506898438208,-0.8047058910467966,-5.580139775143824,-0.2807551793285925,0.3529684882338576,-0.8583159499316537,-0.6670658012902745,-2.9971792673771893,2.186146578064397,2.7224814963573154
0.0330510088611314,-0.3560772106745729,-0.006866728140663164,-0.09852801903014438,0.1553119063147474,0.688860937032698,-1.4683780893678773,0.19195798681087228,-0.6415110363362425,0.30053402123974177,-1.1008414097645502,0.44143633342348737,0.4790532506240035,0.14911474909221237,-1.760494155569464,-0.8527036471369751,1.197379446364929,-0.8567686799494116,-0.619918222438908,-0.4293847282716991,0.1060047105181889,0.5159328392372662,-0.034232337177626394,1.0160789205377865,0.7714368294951122,-0.8244597066060462,-0.7909481904521932,-0.1941273557052972,-0.0558821243218565,0.3139668191543525,0.4995084520153303,0.22197648110611123,0.27152358890268335,-1.1102729957752975,0.5433929228561543,-0.1994587345630728,0.19773589629544497,-0.19697570642151624,0.8345441716299598,-0.03437014794269372,0.04830722794550598,1.2639546963886379,0.1438972070939905,0.013522240454291585,0.2884724894710246,0.13697194995787354,0.6265743148476207,-0.5819677593657541,-0.6213521213403336
-0.06716312169292084,-0.2171062937933773,-0.184984148611056,-0.060333045220445455,0.20534252678126735,1.9188035845238354,-2.057486127672063,-0.06730611415743733,-1.2929454002650733,0.42016446249569706,-1.6988900247857186,0.4790532506240035,2.0192785607925945,0.6262754473108423,-2.0616451300807777,-0.8392988785066527,1.5556794779492897,-1.5741589770680788,-1.0605580147644946,-1.1746268062626448,-0.0034916564037964252,0.8638297701637138,-0.22185833612861502,1.4590718963586156,2.0005761964830193,-1.8280723226087119,-1.7830124008172408,-1.6562826548967782,-0.15829978234034103,0.6091792920987996,1.0032355942957119,0.6057167945606076,0.5194834872835218,-1.1522274276790858,1.1997882397144144,-0.6059886699143279,0.05562833502778695,-0.35119525013277875,2.1558351818014545,0.14245433785838654,0.3176028044127198,1.9564595390610224,-0.6190334817055358,-0.55201147897718,1.1771818973496342,0.12289343080807495,1.473138608447627,-1.0264360272264208,-0.7972318272155353
0.13592286495712105,-0.17062137465934799,0.20781989274337268,-0.30455843350260425,-0.049527638971350395,0.5902023805238735,-1.6153430350472366,0.03713644315774078,-0.6166899947995469,0.2620466165254389,-1.1588582722392315,0.14911474909221237,0.6262754473108423,0.8024603656840038,-1.497352870029364,-0.5033815539361238,1.2207401198051195,-0.6655383038882794,-0.30487247259513767,-0.6628359232402926,0.10751092066274709,0.06604297027677797,-0.018859924712102107,1.159356087768416,0.8188138287222235,-0.7476333313181898,-1.0064188618847159,-0.9387482360188467,0.45752343420859926,0.4450032342535056,0.7558356968898683,0.4083728688195196,0.4522095454877247,-0.9717143564337791,0.6306399785405737,-0.27469184789900913,0.05411828943125713,-0.40562125366881424,0.7985509949316155,-0.024196789830001342,-0.047965970257168936,1.3729054616655243,0.025455779434259345,-0.061578652357731724,0.4008887195357479,0.3702667371849862,0.8216664112859053,-0.6467730829414404,-0.754499576322303
0.14514040158898678,3.3221222894523224,-1.2731327276860458,1.3395338100025889,-1.7900930985871242,-4.815205420161914,10.523960304800182,-1.923096717765971,4.313637638476248,-1.7982408862241146,7.867201672055853,-1.760494155569464,-2.0616451300807777,-1.497352870029364,12.641415673217088,3.909319667936899,-8.771252875749584,5.120781721682271,3.611170182668369,4.386898446305855,-0.10481135411015749,-3.3874093710606497,0.2165482484264016,-7.886675913723632,-5.231168351517182,4.091381679983837,5.306328225414705,0.7424737752531292,-0.5270279643733053,-2.7577896480441177,-4.218813613322318,-1.1935552741223594,-2.6078276331020596,6.675997222602645,-5.062660656982435,1.34465668155251,-2.632661259733054,2.019447609107977,-4.332868635375749,1.6407113603570846,-1.2100039501496873,-8.698818290843876,-0.916620180516807,0.3017652092176033,-0.9909713632040015,-0.87009810703951,-4.2731576309030634,3.43418346497304,4.226753065313867
-0.11185488662263583,0.6297145565673196,-0.05391974526611712,0.35580136274773744,-0.32843732746656606,-1.160633157457034,3.1452737689288885,-0.434894841701872,1.3722767796103854,-0.5617050482783846,2.482306887402421,-0.8527036471369751,-0.8392988785066527,-0.5033815539361238,3.909319667936899,2.031618623573306,-2.755502237515611,1.8473916967118307,1.2620366858472096,0.7985090556924535,-0.37368038764580946,-0.8699343479471523,-0.14412574441679885,-2.210695316777989,-1.498288513607897,1.5850582599867695,1.7617699460022407,0.6182208052033965,0.07860458656191606,-0.7138624259660782,-1.072522744387403,-0.6087119346844744,-0.8617073738530233,2.640336656550104,-1.139756965905046,0.423284012777751,-0.48893320932357676,0.4141828361044111,-1.6140821124289655,0.1307128060559408,-0.011705374432105467,-2.860253506472184,-0.18218553315972272,-0.019517018552917927,-0.7330668818527957,-0.5590620594209983,-1.5199121950705357,1.5305593897975325,1.4132326191053397
-0.26076309652823804,-2.4378945191048405,1.0762703327664402,-0.9749388853534022,1.3801894421203098,3.3497807218817566,-7.5548942561755315,1.3978648654135997,-3.3196813142156985,1.3034882289942236,-5.639918314070346,1.197379446364929,1.5556794779492897,1.2207401198051195,-8.771252875749584,-2.755502237515611,6.408974729428095,-3.7157788398270055,-2.6270272793735536,-3.2572145046339154,0.11740126982808535,2.1940150207996685,-0.114795973680289,5.607115255074448,3.610133343804199,-3.0191557150248203,-3.8585090370600756,-0.5562232708308752,0.31971435888753674,1.7810415110807016,3.223071607842714,0.8935920711687949,1.9106015171726967,-4.715272424848015,3.7521561533126806,-1.1107345716010892,1.7835279334660423,-1.4228693961318744,3.1804281550449383,-1.2972446060233906,0.9240108194517481,6.073920483215253,0.569764646051661,-0.35731418192026704,0.578094566757778,0.6670104045075871,3.0982454215994197,-2.341519213366145,-2.898885164022655
0.1368733745905912,1.2813591476504198,-0.4219048390323774,0.3517786600190428,-0.8017470442099368,-2.569633045750342,4.455360589074229,-0.9156098202307519,2.2181450170292805,-0.717476341265408,3.544698214101007,-0.8567686799494116,-1.5741589770680788,-0.6655383038882794,5.120781721682271,1.8473916967118307,-3.7157788398270055,2.784755169180009,1.9047343167717439,1.9152349548196033,-0.20508157837026478,-1.4976499831767653,0.049974682942222036,-3.4653700923871593,-2.7968562138663975,2.391633675309507,2.571778302313833,0.8390095885255652,0.09159386188525365,-1.1709015902593216,-1.9022600154397253,-0.6301374809416734,-1.244927486550514,2.915466697045837,-2.3579053208421556,0.8916384955947486,-0.8682085531191688,0.6192808938224457,-2.638948855244219,0.568085706933184,-0.57567971838588206,-3.7162039907308415,0.2113713373609989,0.38708652029089957,-0.8843510916362218,-0.4169596295634488,-2.2114226568387414,1.5287876259009716,1.7352851464954124
0.20702285171946389,1.080920125904142,-0.40084579420648314,0.21537111646618753,-0.6970309414911737,-1.828840936319956,3.1011122155686195,-0.677339409779309,1.6101043711144887,-0.5248516631484481,2.449462324991578,-0.619918222438908,-1.0605580147644946,-0.30487247259513767,3.611170182668369,1.2620366858472096,-2.6270272793735536,1.9047343167717439,1.5035120919023919,1.4543404172711023,-0.09748107807825507,-1.123794936276317,0.09334945729687705,-2.3388276880642582,-1.8954489096603,1.6254861134078966,1.7475568790491456,0.2950206661358405,0.2435648602249614,-0.7309859171106434,-1.3177510215190271,-0.47333096674046987,-0.7567225115738956,1.8956637935687088,-1.687202954270072,0.5970588652997918,-0.6437429280764979,0.3919855455282286,-1.8393707412173559,0.5049186654956181,-0.5338852161087374,-2.441609859367856,0.057053385491366404,0.2848282468545379,-0.513870036999296,-0.2165022565096527,-1.4843548419295152,0.9863001904056053,1.1269047800272345
0.3443627216974156,1.5380410383489338,-0.767247955247157,0.46168406469587797,-0.9322502872947269,-2.3523579424306114,3.992140364955097,-0.7276527059179532,1.8998404485282274,-0.6730081191549,2.9489361473819438,-0.4293847282716991,-1.1746268062626448,-0.6628359232402926,4.386898446305855,0.7985090556924535,-3.2572145046339154,1.9152349548196033,1.4543404172711023,2.3336251730344677,0.23125825453262372,-1.3639507437077745,0.30667069986047435,-2.9887659093339196,-2.2630081500237353,1.6321691119802213,2.1278388572785554,0.3117009815776364,-0.14855575112167654,-1.0069829063338014,-1.9165852167679711,-0.45742084751129364,-0.8928244038820048,1.8870269057541833,-2.407214373797788,0.6925683534054146,-0.9921704347765473,0.8351478417208813,-1.8825069659050808,0.888916953656286,-0.8861562987222785,-3.0051292712293,-0.13746117163310564,0.47801989419536417,-0.23579403030242826,-0.1012015809279912,-1.7092105165220446,0.9116617723788026,1.3671288243455266
0.11920821723500875,0.11717850391406477,-0.008219339697987747,0.007584982857789162,-0.10202195524016458,-0.15789438467779798,-0.12872176728318893,0.08509146334503685,-0.054185333593967086,-0.04280275530135341,-0.16880670355345528,0.1060047105181889,-0.0034916564037964252,0.10751092066274709,-0.10481135411015749,-0.37368038764580946,0.11740126982808535,-0.20508157837026478,-0.09748107807825507,0.23125825453262372,0.26389544253531616,-0.21765573973598074,0.13356329739131248,0.1292779227708598,0.0341027593910165,-0.16415393317360746,-0.06903069151567508,-0.19337494202402428,0.025400535732611265,0.023887513499258144,-8.480946043991828e-4,0.11705176693377702,0.11515819174360019,-0.34642285098132,-0.13725673050420417,-0.03743294922724423,-0.15646004422496199,0.10588196267051808,0.16923033577178342,0.10672711798798504,-0.21787041561302162,0.1561617407138965,-0.029612148083203622,0.12220250125532861,0.1813906411483514,0.24555203538496925,0.13291941487306438,-0.16436518409372902,-0.17689301997116336
-0.18432202461792171,-0.9644976134018455,0.14066820017198495,-0.2233910762532671,0.6485823378802471,1.8212526253953352,-2.621931413249371,0.49010976941371,-1.2327308748467143,0.5171258028978046,-2.031093749790482,0.5159328392372662,0.8638297701637138,0.06604297027677797,-3.3874093710606497,-0.8699343479471523,2.1940150207996685,-1.4976499831767653,-1.123794936276317,-1.3639507437077745,-0.21765573973598074,1.449693732426703,-0.18371919517838123,1.9993794138851109,1.7172742176492624,-1.2325320138162088,-1.4707143928232815,-0.0853824259731087,-0.20648640402252166,0.761997068160565,1.0207734930792305,0.20567256213693597,0.6120859697156413,-1.5591444170135178,1.570462454134078,-0.41112375752877633,0.8659712020782553,-0.494885279164978,1.3644954615801197,-0.44690294962022575,0.6347201218104785,2.2480265204724055,-0.02242818180266595,-0.3114349384753635,0.37135404342264494,-0.09094454367499061,1.1786463628070327,-0.8714509148998972,-0.909155734540032
0.04005475033146284,0.18058031268993063,-0.04306628528845568,-0.026225602852537052,-0.03616270319267812,-0.34588347301180444,0.3113757189951384,0.03415258460075149,0.10067004722735635,-0.09964972076198066,0.12144023198680436,-0.034232337177626394,-0.22185833612861502,-0.018859924712102107,0.2165482484264016,-0.14412574441679885,-0.114795973680289,0.049974682942222036,0.09334945729687705,0.30667069986047435,0.13356329739131248,-0.18371919517838123,0.1917771467436943,-0.1873064449061775,-0.2343657508640865,0.17624859198408888,0.13478272743583514,-0.010325301392674804,-0.07913241911006955,-0.07209218426129994,-0.17680702325861253,0.011475893136212547,0.11884879621758442,-0.10527429351286427,-0.18803250573635477,0.029763701389862576,-0.029408874195167366,0.13052075444581357,-0.20458591530185133,0.03762448567652615,-0.10430632684483343,-0.14226947863271144,-0.14103945495856043,0.02758542340407584,0.059375103461430566,0.14981768470570828,-0.018920717551586117,-0.09433020494858176,0.07140574441993461
-0.07854644781311186,-2.2195112678949513,1.0251126078258892,-0.7972338474891881,1.1003106338135615,3.358834718854575,-6.97306046588438,1.4857899306496514,-2.9342076763074836,1.1544466903595616,-5.159633913141486,1.0160789205377865,1.4590718963586156,1.159356087768416,-7.886675913723632,-2.210695316777989,5.607115255074448,-3.4653700923871593,-2.3388276880642582,-2.9887659093339196,0.1292779227708598,1.9993794138851109,-0.1873064449061775,5.474778107370641,3.6716648874604196,-2.9204395723666408,-3.498737752022233,-0.7011359609308717,0.6091539952007657,1.834267884552092,2.987661334503715,0.6490335835254916,1.7659241259377096,-4.140533323029434,3.4691707755922536,-1.0870828330532085,1.6060196820208208,-1.313262122355513,3.0858863264743803,-1.1212756104812518,0.7596062104326701,5.527821254147488,0.41056825502677136,-0.20095537774589597,0.5842560833272078,0.5644918679041736,2.7162197081470127,-1.8781866471326987,-2.7320021341735297
-0.056925160491725,-1.2576346478493576,0.3825267897206526,-0.37087632173553986,0.7384212403734433,3.1220093641408275,-4.621524490612348,0.8249331838067473,-2.204473083215737,0.7223797201422668,-3.6524284029873275,0.7714368294951122,2.0005761964830193,0.8188138287222235,-5.231168351517182,-1.498288513607897,3.610133343804199,-2.7968562138663975,-1.8954489096603,-2.2630081500237353,0.0341027593910165,1.7172742176492624,-0.2343657508640865,3.6716648874604196,3.3478969409240005,-2.5468491449957797,-2.804252269291663,-1.3362041001621596,0.10499111742808508,1.46025568470343,1.9914507649871054,0.68872566556125,1.2401098980110363,-2.6968387371912685,2.5512549180627424,-0.903960880817422,0.8899586809956689,-0.7644302458579793,2.937267188787877,-0.4831243133251616,0.6962138820680784,3.928278444950211,-0.3677415769486199,-0.4850578413366776,1.1766779150944684,0.3334689407892362,2.3708164901031674,-1.5529594879302193,-1.8689524737103402
0.05151761961901959,0.9242269606244272,-0.17975755602088403,0.2443761310541102,-0.46522933020010165,-2.376203663562903,3.87096319695121,-0.5753413287467966,1.9938861705239768,-0.7600575054978634,2.929137395445446,-0.8244597066060462,-1.8280723226087119,-0.7476333313181898,4.091381679983837,1.5850582599867695,-3.0191557150248203,2.391633675309507,1.6254861134078966,1.6321691119802213,-0.16415393317360746,-1.2325320138162088,0.17624859198408888,-2.9204395723666408,-2.5468491449957797,2.4944682882461247,2.3929936507763387,1.2327500405525853,-0.02923683991042086,-0.886518420833157,-1.7019743461587042,-0.5606940220453087,-0.9255104488620697,2.410116463867912,-1.902257798980645,0.8686501008767409,-0.48073524549379615,0.6133622766123893,-2.6657446050236007,0.21036797910432334,-0.36267612466642657,-3.1804431605191277,0.23749369746351776,0.3334588385074238,-0.9228974515694206,-0.2995780201913597,-1.8025313273633237,1.2636622399654396,1.4527033219980312
0.07850515062421397,1.1911268237534391,-0.4023958890912788,0.5446568670389343,-0.675592966297158,-2.5801582140551718,4.703035984782498,-0.6280531363362384,2.2109551064436817,-0.8536300383357881,3.5985771543044254,-0.7909481904521932,-1.7830124008172408,-1.0064188618847159,5.306328225414705,1.7617699460022407,-3.8585090370600756,2.571778302313833,1.7475568790491456,2.1278388572785554,-0.06903069151567508,-1.4707143928232815,0.13478272743583514,-3.498737752022233,-2.804252269291663,2.3929936507763387,2.832040680447765,1.3094645955966395,-0.16883460476670734,-1.2278240349185965,-2.0311349200229905,-0.7688043765301061,-1.2539086115081244,2.9145175427137913,-2.3854497048347594,0.8527624124612265,-0.8893313975653887,0.8968043450425701,-2.6270164439112906,0.4884421119733064,-0.5547886186833183,-3.9889145349445565,0.11708947607295465,0.42521085446106893,-0.9757182343264148,-0.4444381299166835,-2.2771481131948352,1.7452049967507235,1.8405062070029576
-0.313885248633384,-0.6278648146561139,0.4473115872205712,0.142574204028276,0.40771849743073574,-0.9294962548621634,0.9176704977628835,0.4358275148197421,0.5367448265574292,-0.16595984326570162,0.8755329060191583,-0.1941273557052972,-1.6562826548967782,-0.9387482360188467,0.7424737752531292,0.6182208052033965,-0.5562232708308752,0.8390095885255652,0.2950206661358405,0.3117009815776364,-0.19337494202402428,-0.0853824259731087,-0.010325301392674804,-0.7011359609308717,-1.3362041001621596,1.2327500405525853,1.3094645955966395,2.384207773237373,-0.2807501447900005,-0.5116703596519263,-0.43406169818961865,-0.624099449778906,-0.525021505484933,0.7749633917325723,-0.29612490506303285,0.3576147150095939,0.3081103016604679,0.26254472370831883,-1.477657870392805,-0.6033326798239662,0.2546047813044544,-1.3586178186588471,0.7827683119015528,0.3055355651061593,-1.4259425678068092,-0.41405023905942856,-1.0869987665246343,1.0822953381843232,0.6282067953783005
0.24962099310137548,-0.0608364709958509,0.17695620817798574,-0.19247654328877448,-0.2565212193074967,-0.04900943141485756,-0.7183671192926597,0.02868596057771952,0.08473337750306728,0.11706746898780131,-0.30542106878672676,-0.0558821243218565,-0.15829978234034103,0.45752343420859926,-0.5270279643733053,0.07860458656191606,0.31971435888753674,0.09159386188525365,0.2435648602249614,-0.14855575112167654,0.025400535732611265,-0.20648640402252166,-0.07913241911006955,0.6091539952007657,0.10499111742808508,-0.02923683991042086,-0.16883460476670734,-0.2807501447900005,0.7243279041348452,0.2684522238103736,0.3165860919444751,-0.022395448654965473,0.09068116900871166,-0.2525538079539478,0.05357604724725869,0.032654725141174026,0.048485933358571126,-0.34589106628479505,-0.07583864647930777,0.011724668185409981,-0.2566091750030503,0.5219367668716507,0.40000252061111546,0.27479619705661784,-0.13663630479207614,0.139234493014046,-0.030662970427067886,-0.01884135018451358,-0.4339599207245842
0.09965951764870502,-0.5929618154550949,0.2422162117392041,-0.2775613999381805,0.2774082153062164,1.2690806101458592,-2.275369692589049,0.4011763204391899,-0.8092990344116072,0.2920465720304949,-1.7848518980537056,0.3139668191543525,0.6091792920987996,0.4450032342535056,-2.7577896480441177,-0.7138624259660782,1.7810415110807016,-1.1709015902593216,-0.7309859171106434,-1.0069829063338014,0.023887513499258144,0.761997068160565,-0.07209218426129994,1.834267884552092,1.46025568470343,-0.886518420833157,-1.2278240349185965,-0.5116703596519263,0.2684522238103736,0.8657230720903026,0.8730411390774614,0.3441300835521972,0.6293970813238127,-1.3987890273079746,1.1233158576454443,-0.2707184286165187,0.534308111505999,-0.43325032573071026,1.0463937568770443,-0.26729263628514,0.23436894750798537,2.0168189617421413,0.05325818398630146,-0.07244273272371914,0.4881759048875498,0.2484096452945353,1.1349364412776468,-0.8446786965659159,-1.0677382574744447
-0.21969981005864728,-1.3440072919699613,0.674275037859405,-0.47209292830658595,0.7515046471267343,1.9229148627964774,-3.9600138268972325,0.7387040557683521,-1.8518382088953684,0.6802359530690733,-2.8701070218168465,0.4995084520153303,1.0032355942957119,0.7558356968898683,-4.218813613322318,-1.072522744387403,3.223071607842714,-1.9022600154397253,-1.3177510215190271,-1.9165852167679711,-8.480946043991828e-4,1.0207734930792305,-0.17680702325861253,2.987661334503715,1.9914507649871054,-1.7019743461587042,-2.0311349200229905,-0.43406169818961865,0.3165860919444751,0.8730411390774614,1.9162399970972812,0.36123505523628074,0.9553035583027658,-2.1206196394434498,2.1180511727566538,-0.6949835285047473,0.8621114400940203,-0.8193466317551124,1.8190655989519782,-0.7467440049935906,0.5453393058527385,3.02219054494991,0.2383949197375541,-0.28806785487430414,0.18605490015805534,0.24884462680236843,1.4986829286698133,-0.9051330827305328,-1.4201173494744963
0.05968052207126874,-0.10589652604451923,0.07406964918489145,-0.13942840862679476,0.0424350327789242,0.5255691479021931,-1.0355102974536063,-0.02752822047373846,-0.46143732887108774,0.13231198582186837,-0.8943800484520639,0.22197648110611123,0.6057167945606076,0.4083728688195196,-1.1935552741223594,-0.6087119346844744,0.8935920711687949,-0.6301374809416734,-0.47333096674046987,-0.45742084751129364,0.11705176693377702,0.20567256213693597,0.011475893136212547,0.6490335835254916,0.68872566556125,-0.5606940220453087,-0.7688043765301061,-0.624099449778906,-0.022395448654965473,0.3441300835521972,0.36123505523628074,0.5144033246755093,0.2751362357403971,-0.767834928647361,0.40630156424824,-0.15037518506460812,-0.01970179256870921,-0.12110243884206486,0.7152145408977978,0.03250867279603757,0.04876947843445905,0.9754899465654738,-0.07702097585475845,-0.10730432809799649,0.5382700669715937,0.30907464720039424,0.8439497580557841,-0.7031121448844544,-0.5466574939857893
-0.04152509036369811,-0.5576423356015989,0.26666177603490276,-0.3412547605464467,0.4136978648975914,1.0272830199431986,-2.157687334453563,0.4930521505848146,-1.0398857272793143,0.29853062688404847,-1.7675438858500254,0.27152358890268335,0.5194834872835218,0.4522095454877247,-2.6078276331020596,-0.8617073738530233,1.9106015171726967,-1.244927486550514,-0.7567225115738956,-0.8928244038820048,0.11515819174360019,0.6120859697156413,0.11884879621758442,1.7659241259377096,1.2401098980110363,-0.9255104488620697,-1.2539086115081244,-0.525021505484933,0.09068116900871166,0.6293970813238127,0.9553035583027658,0.2751362357403971,0.8596979581647114,-1.5291876990352165,1.1886273853344642,-0.4093398966009395,0.607748391309812,-0.38786803491817595,1.0202659364165656,-0.37410503364059566,0.26140398380069035,1.9277754714017215,-0.19641886763935854,-0.2052769831365491,0.4202382274745912,0.32772504644697026,1.0686380685299544,-0.8637064533171624,-0.8715596355206614
-0.09725950199452707,1.4223786358469992,-0.47113314348275603,0.7308463905163334,-0.7324901510765941,-2.254413584256787,5.57326256014236,-0.9833814078753316,2.322578654769569,-0.9378035731710073,4.257725129527713,-1.1102729957752975,-1.1522274276790858,-0.9717143564337791,6.675997222602645,2.640336656550104,-4.715272424848015,2.915466697045837,1.8956637935687088,1.8870269057541833,-0.34642285098132,-1.5591444170135178,-0.10527429351286427,-4.140533323029434,-2.6968387371912685,2.410116463867912,2.9145175427137913,0.7749633917325723,-0.2525538079539478,-1.3987890273079746,-2.1206196394434498,-0.767834928647361,-1.5291876990352165,4.088847545225665,-2.4001363958781514,0.7663492339694138,-1.1327644599673512,0.933653345576663,-2.4562682680182992,0.5917993076210368,-0.32765895940985484,-4.793755048452063,-0.3533025508060016,0.059787946301800766,-0.8164063796600481,-0.768856204076921,-2.4293898779269743,2.1301407395186347,2.374548542656309
-0.3790854725545516,-1.67788806214959,0.779732728233889,-0.5026607041574275,1.1008751741544875,2.5770564262965627,-4.467655638025395,0.9861921734809466,-2.2141931226763893,0.729210673067732,-3.4074395026589546,0.5433929228561543,1.1997882397144144,0.6306399785405737,-5.062660656982435,-1.139756965905046,3.7521561533126806,-2.3579053208421556,-1.687202954270072,-2.407214373797788,-0.13725673050420417,1.570462454134078,-0.18803250573635477,3.4691707755922536,2.5512549180627424,-1.902257798980645,-2.3854497048347594,-0.29612490506303285,0.05357604724725869,1.1233158576454443,2.1180511727566538,0.40630156424824,1.1886273853344642,-2.4001363958781514,2.72328105675125,-0.8444778015998964,1.216667186403797,-0.8482623018207014,2.138315582071395,-1.011555927742257,0.9443440839685493,3.4781865398822163,-0.013271914944746912,-0.533298932216149,0.3079395339991249,0.16720428471693852,1.9290217431176835,-1.102369913836826,-1.5246727421399129
0.11956278630196832,0.41402809465308343,-0.19214003349932526,0.08924711115116833,-0.2713038010725133,-0.8856823205565493,1.3515413288811609,-0.3163706108743311,0.8217088897696345,-0.25328902326462716,1.0538848455298373,-0.1994587345630728,-0.6059886699143279,-0.27469184789900913,1.34465668155251,0.423284012777751,-1.1107345716010892,0.8916384955947486,0.5970588652997918,0.6925683534054146,-0.03743294922724423,-0.41112375752877633,0.029763701389862576,-1.0870828330532085,-0.903960880817422,0.8686501008767409,0.8527624124612265,0.3576147150095939,0.032654725141174026,-0.2707184286165187,-0.6949835285047473,-0.15037518506460812,-0.4093398966009395,0.7663492339694138,-0.8444778015998964,0.41522796214003516,-0.2264785776683196,0.19740347161438115,-0.9356178004653031,0.21808502280716843,-0.2465588645051941,-1.0181167323118276,0.22599625011344834,0.22243302433845916,-0.22515996130386842,-0.08376509914829315,-0.6573002763303546,0.334914686327909,0.40812081264786826
-0.18755348804754957,-0.874371984955719,0.35152737021373476,-0.3238596279800944,0.6046612457680209,0.9391798916127554,-1.9848673272814907,0.5341800129753739,-0.8341676399679414,0.35225573355388184,-1.4847607750426814,0.19773589629544497,0.05562833502778695,0.05411828943125713,-2.632661259733054,-0.48893320932357676,1.7835279334660423,-0.8682085531191688,-0.6437429280764979,-0.9921704347765473,-0.15646004422496199,0.8659712020782553,-0.029408874195167366,1.6060196820208208,0.8899586809956689,-0.48073524549379615,-0.8893313975653887,0.3081103016604679,0.048485933358571126,0.534308111505999,0.8621114400940203,-0.01970179256870921,0.607748391309812,-1.1327644599673512,1.216667186403797,-0.2264785776683196,0.9317889627702717,-0.4828965605709172,0.49485753199272436,-0.6188027734628231,0.461896742787855,1.6278744877201259,0.1808387900191704,-0.14194140161073937,-0.11761844701438559,-0.027630498482695495,0.6180431072073741,-0.5097073930993744,-0.6535554096369587
0.01450187919199797,0.5380693663253737,-0.2200036522747251,0.3079347620577309,-0.2192694876131946,-0.7438491646379897,1.8141232457381393,-0.16907217493996451,0.664257059862843,-0.3791325124228496,1.2066143384936834,-0.19697570642151624,-0.35119525013277875,-0.40562125366881424,2.019447609107977,0.4141828361044111,-1.4228693961318744,0.6192808938224457,0.3919855455282286,0.8351478417208813,0.10588196267051808,-0.494885279164978,0.13052075444581357,-1.313262122355513,-0.7644302458579793,0.6133622766123893,0.8968043450425701,0.26254472370831883,-0.34589106628479505,-0.43325032573071026,-0.8193466317551124,-0.12110243884206486,-0.38786803491817595,0.933653345576663,-0.8482623018207014,0.19740347161438115,-0.4828965605709172,0.5491671242394373,-0.5935783909914076,0.26895781235793526,-0.16778099012380582,-1.4772573677688963,-0.2921763557377438,0.04370769185447496,-0.02086241763625263,-0.058941060966420565,-0.534177538937845,0.4826908593599758,0.6860363231901625
-0.09561628298787227,-0.9797383766844131,0.21448513505187544,-0.2344483919838095,0.5830239318713555,2.7402547944279747,-4.061309633924671,0.5976913744312824,-2.173689629865037,0.7154932395234466,-3.192471884023518,0.8345441716299598,2.1558351818014545,0.7985509949316155,-4.332868635375749,-1.6140821124289655,3.1804281550449383,-2.638948855244219,-1.8393707412173559,-1.8825069659050808,0.16923033577178342,1.3644954615801197,-0.20458591530185133,3.0858863264743803,2.937267188787877,-2.6657446050236007,-2.6270164439112906,-1.477657870392805,-0.07583864647930777,1.0463937568770443,1.8190655989519782,0.7152145408977978,1.0202659364165656,-2.4562682680182992,2.138315582071395,-0.9356178004653031,0.49485753199272436,-0.5935783909914076,3.002121566896515,-0.2522165212026752,0.4983907371524848,3.4037968534648106,-0.42668982282505963,-0.48395745421013536,1.187405599153412,0.34379596069863083,2.121993743524102,-1.4113694108760555,-1.5641555279065649
0.29081488061970273,0.8625199399235686,-0.5541710583689083,0.20770831019386377,-0.6051923046566486,-0.6010907106629956,1.3945758390333138,-0.5378890716612267,0.6918714560760238,-0.18390725274602324,1.0267506898438208,-0.03437014794269372,0.14245433785838654,-0.024196789830001342,1.6407113603570846,0.1307128060559408,-1.2972446060233906,0.568085706933184,0.5049186654956181,0.888916953656286,0.10672711798798504,-0.44690294962022575,0.03762448567652615,-1.1212756104812518,-0.4831243133251616,0.21036797910432334,0.4884421119733064,-0.6033326798239662,0.011724668185409981,-0.26729263628514,-0.7467440049935906,0.03250867279603757,-0.37410503364059566,0.5917993076210368,-1.011555927742257,0.21808502280716843,-0.6188027734628231,0.26895781235793526,-0.2522165212026752,0.6910920081617002,-0.4718331292576264,-0.8632305727107042,-0.2045797353939422,0.15311381833121954,0.37975570816622345,0.021881121915668284,-0.3983150654992427,0.05389381437478287,0.3609226582042825
-0.31250514348481356,-0.6371621234021051,0.3012349420737403,-0.0992808781878249,0.5564473110450172,0.8856810305832019,-0.982144499173779,0.32136870512047644,-0.6640963642491077,0.15937090833358913,-0.8047058910467966,0.04830722794550598,0.3176028044127198,-0.047965970257168936,-1.2100039501496873,-0.011705374432105467,0.9240108194517481,-0.57567971838588206,-0.5338852161087374,-0.8861562987222785,-0.21787041561302162,0.6347201218104785,-0.10430632684483343,0.7596062104326701,0.6962138820680784,-0.36267612466642657,-0.5547886186833183,0.2546047813044544,-0.2566091750030503,0.23436894750798537,0.5453393058527385,0.04876947843445905,0.26140398380069035,-0.32765895940985484,0.9443440839685493,-0.2465588645051941,0.461896742787855,-0.16778099012380582,0.4983907371524848,-0.4718331292576264,0.5854913159680675,0.6568210381303531,-0.13965728903442973,-0.3504244993616938,-0.048221319590812925,-0.13591252441752386,0.5013740710170463,-0.11928440757629741,-0.172545385544464
