V1,V2,V3,V4,V5,V6,V7,V8,V9,V10,V11,V12,V13,V14,V15,V16,V17,V18,V19,V20,V21,V22,V23,V24,V25,V26,V27,V28,V29,V30,V31,V32,V33,V34,V35,V36,V37,V38,V39,V40,V41,V42,V43,V44,V45
2.1562924016882037,0.49400200287790336,-1.4736574369944804,0.7940898115219897,-0.23420102233311924,-3.353489994558363,0.8406350740196153,0.18482109955816617,1.8661766954295627,-1.6986064415589288,-0.8170723601793509,-1.580800470177153,-1.5448482781864938,0.032121809279619225,0.008130614790125236,0.20743563777939006,0.20047017918812882,-2.186813329124937,-0.4782680502045171,0.8302897621989391,-0.5687159102866516,2.1884030974679907,0.8729458900642909,-0.736107165247824,3.732790152121873,2.7185293914087407,0.44499820246441396,1.4194076015515371,-0.03152494065231332,2.540710574063327,-0.760621086367896,-0.8452511603886615,3.819053604816226,1.4424917880551953,0.7282241118730571,0.7462765156881734,-1.9720188133343524,2.196991622469434,1.3702134660396779,0.8017322003345365,-0.3617187914464377,-2.7214978114226334,-2.078434729618865,0.661435521074637,-0.1808010318132431
0.49400200287790336,0.5058737459277078,-1.38059874966657,1.1962089696077929,1.241431830999831,-1.7275572630881515,1.259084029608161,-0.16365590912894962,1.669956803853155,-1.1806756281191935,-0.41742753712307457,-0.05809636220738709,-1.2674441276639836,-0.7373556848138945,0.15958017097489421,0.2843539881425952,0.13806700633407176,-1.4665799419086751,0.35477354828428365,0.663661571008307,-0.31017802433995395,1.6007400444811948,0.36740798334530417,-0.1554359028638141,2.0660812343809822,1.6980333673365238,1.5375968748094748,1.5133250108710004,-0.5191291023414071,2.422605458541832,-0.7239218439525139,-1.062881238484441,1.23327034434422,-0.03590296853200667,-0.22662043243136196,0.8906227595664632,-0.8840370416871252,1.3302945555579986,0.4656246803911939,1.149284796919524,-0.44323123693613586,-0.9932035266577071,-1.304131168254617,0.5254340214826626,0.42999636448298406
-1.4736574369944804,-1.38059874966657,3.7773166393702513,-3.236644173127197,-3.279676782030632,4.839722767250371,-3.40711166719694,0.4208417731265583,-4.575259223363492,3.2631888204160555,1.169936219761177,0.27281429444795835,3.482132672966257,1.9560164987455304,-0.424477764929341,-0.7707934888392353,-0.38171836134189663,4.059116078604181,-0.9064760916028533,-1.8248982074749853,0.8664180365635757,-4.415594910105662,-1.0412749710764433,0.46796961946510723,-5.767273015954289,-4.713750816987628,-4.117247204209191,-4.125827523856219,1.3811662746742082,-6.624855881736548,1.9797221159634364,2.886363210334786,-3.561807078384913,-0.012769632783637287,0.5473396864567296,-2.421385317212773,2.4957744040291074,-3.6978973486184916,-1.3393262605703706,-3.112628914494437,1.2043546499972502,2.8418842616637026,3.6195539813723894,-1.4451359948980105,-1.1285267071160325
0.7940898115219897,1.1962089696077929,-3.236644173127197,2.9122411211800276,3.2588213396789993,-3.7127281729290895,3.0642265059830174,-0.4640274792073974,3.8963060234915075,-2.670003392073456,-0.8955992265313142,0.20316673506647145,-2.928483537491031,-1.9117030517918987,0.41038481065177906,0.6881096378397599,0.31180360550208197,-3.2993487017940186,1.023255761690459,1.528621719624235,-0.6740392263808901,3.645540759710528,0.7539213926808107,-0.23695093252316307,4.502344214783437,3.778386469868016,3.8720562259270688,3.5916358852162866,-1.3338106631662279,5.689595230590269,-1.6998310013124343,-2.5564383654329013,2.3320113357115115,-0.4150603075551325,-0.7480820324848747,2.133593506860343,-1.842687920446486,2.9450555001095613,0.8964128719554074,2.7893698953136004,-1.064013161100998,-1.9571673459761587,-2.9039983817756805,1.209346928308618,1.1510474509233817
-0.23420102233311924,1.241431830999831,-3.279676782030632,3.2588213396789993,4.296566402518833,-2.799451422557539,3.4259488053926677,-0.6994617107997302,3.89476030840714,-2.4259563334256202,-0.6705833313846309,1.1744463410174621,-2.8449909791948227,-2.459531370846575,0.5192819361391487,0.7585338885470204,0.28208930473972144,-2.9469477123715064,1.5833570817031077,1.4712148061652839,-0.5314630030697873,3.3880496054413727,0.45734125245968327,0.1235199489723004,3.5881141413697013,3.25081280366091,4.686405646029247,3.764326397456124,-1.684818425636328,5.794059827667032,-1.7301484520250558,-2.77490618657616,0.7670054926592896,-1.3649346398466986,-1.3766968428590347,2.2923059280614826,-1.2113592835019062,2.4886837691781665,0.3514745263863428,3.0974961221517474,-1.1491914705125044,-0.9237081975883376,-2.504872434123624,1.1612789143455278,1.57435659921499
-3.353489994558363,-1.7275572630881515,4.839722767250371,-3.7127281729290895,-2.799451422557539,7.5587931883816735,-3.9126443333799887,0.2158084738330903,-5.93735144812866,4.575306570716211,1.8331776011767005,1.7157586244303147,4.6341951318617305,1.769278819989031,-0.39795120144618373,-0.9011528202587079,-0.5368440614166624,5.759744032587512,-0.3905535062282854,-2.44782045587322,1.323871885038944,-6.089090683505993,-1.7666190614123594,1.1125129153300302,-8.763378854879099,-6.854560725662389,-4.19918812488511,-5.110008025555433,1.2995346444344373,-8.447507934287769,2.525659185325267,3.4379682400377503,-6.814846245786378,-1.348418780629896,-0.17138568602735296,-2.918586726329582,4.1228296786207155,-5.436943375311683,-2.501520881206682,-3.605753758171209,1.4428885473799224,5.135655265116667,5.25503516385887,-1.9420717680824515,-0.870424206615894
0.8406350740196153,1.259084029608161,-3.40711166719694,3.0642265059830174,3.4259488053926677,-3.9126443333799887,3.224170205918082,-0.4874157118012418,4.101765577734109,-2.8119010541281604,-0.9438396256845286,0.20949259951948285,-3.0832667041975306,-2.0100178335937824,0.4315282621062143,0.7240817735421824,0.32837663473917794,-3.474927378127211,1.0746473172692388,1.6094939078606665,-0.7102390882342805,3.8389286003616148,0.7950194555237515,-0.2510962846899272,4.743895264049529,3.979996638567822,4.072515720867824,3.780222443743376,-1.4025421113226144,5.989120371593559,-1.7893293647193742,-2.690248173420695,2.4620753005864864,-0.432628034564651,-0.7846678410798645,2.245395269117022,-1.9427334144802748,3.1024274649027657,0.9461707504093209,2.935040443704748,-1.119726530316488,-2.065075976338697,-3.058932361854233,1.2733265261332316,1.2098190119602066
0.18482109955816617,-0.16365590912894962,0.4208417731265583,-0.4640274792073974,-0.6994617107997302,0.2158084738330903,-0.4874157118012418,0.12392024317445605,-0.4918132912897179,0.26964747488232177,0.05075826622839564,-0.29497645593296645,0.3468377554591145,0.3934281208477082,-0.08205019416395457,-0.10645918315335261,-0.031151230265068972,0.3191029979039919,-0.2846091221331879,-0.17719445392680225,0.045604889272051356,-0.38917410576574146,-0.013013138566530384,-0.07003810258636788,-0.3153051803531875,-0.3310710968817218,-0.7150121149851989,-0.5016627846361817,0.2658429264859785,-0.747777522577945,0.2231504518662432,0.3835499999010379,0.13933795439330085,0.31582883375196813,0.2688281730007193,-0.3135386611471543,0.05771987031484703,-0.2455094115240353,0.037883500255304264,-0.43785910593054533,0.15805200069770622,-0.039325803729342294,0.2562107761841955,-0.1394629160951219,-0.2628015757166026
1.8661766954295627,1.669956803853155,-4.575259223363492,3.8963060234915075,3.89476030840714,-5.93735144812866,4.101765577734109,-0.4918132912897179,5.545939234287914,-3.974380632416229,-1.4355990871286155,-0.40615434851458193,-4.2272812428717454,-2.3283787175769928,0.506058212832694,0.9288327528236876,0.46500117182107703,-4.947572283749618,1.0552310622528032,2.2164820915874883,-1.0612992206066085,5.372286662527065,1.2852081967466729,-0.5952617190012746,7.0617359114127956,5.754677224884707,4.927356118440466,4.987617688202253,-1.6468766047320722,8.022074236417705,-2.397330586298791,-3.4816768281453196,4.438990682498951,0.08929424683252207,-0.6145938770209,2.922716980236104,-3.074277827815229,4.51780817237332,1.6657978752219336,3.74896291681995,-1.4532135919993192,-3.525057146790263,-4.418390515342974,1.755426113030287,1.335027664877305
-1.6986064415589288,-1.1806756281191935,3.2631888204160555,-2.670003392073456,-2.4259563334256202,4.575306570716211,-2.8119010541281604,0.26964747488232177,-3.974380632416229,2.933552553083602,1.107743226730982,0.6324191733131416,3.0583239462652454,1.4758009482098855,-0.32433580072697366,-0.6407879228506563,-0.3436272822786034,3.668955276775083,-0.5592364951478274,-1.6083566880349276,0.8105628719927411,-3.9399175974670806,-1.0251407029031678,0.5532231878654293,-5.381296829969362,-4.308845488058619,-3.2443719136738296,-3.5130938948800248,1.0566586208367188,-5.711342424369738,1.7071022079867877,2.4179425557571017,-3.730763782564308,-0.3978633063972359,0.2194229428302536,-2.038430881422068,2.4247248732016606,-3.397559820440407,-1.3851270891796963,-2.5779501638389135,1.011337336261584,2.8890653718427677,3.306205672165936,-1.2747127213775473,-0.8078011506051247
-0.8170723601793509,-0.41742753712307457,1.169936219761177,-0.8955992265313142,-0.6705833313846309,1.8331776011767005,-0.9438396256845286,0.05075826622839564,-1.4355990871286155,1.107743226730982,0.44461151091710105,0.42075093042414996,1.121014609476479,0.4244723920255084,-0.09556400427723385,-0.2174627127422646,-0.12998241657038503,1.3947814280381357,-0.09104552424628937,-0.5922024499068237,0.32095600199228624,-1.4738459010394487,-0.428951496912008,0.27117167882967697,-2.1244409988548054,-1.6605682502522194,-1.0103907258767313,-1.234511615335325,0.3120860382922857,-2.0418910377449717,0.6104916049623165,0.8299404669870502,-1.657254342380451,-0.3317952627320327,-0.045247274614721104,-0.704711945234504,1.000679004178113,-1.3173604217974608,-0.6081345060407448,-0.8699755510315866,0.3483639736776113,1.2480086946388291,1.2730363503103443,-0.46986785302558337,-0.20789358507476766
-1.580800470177153,-0.05809636220738709,0.27281429444795835,0.20316673506647145,1.1744463410174621,1.7157586244303147,0.20949259951948285,-0.29497645593296645,-0.40615434851458193,0.6324191733131416,0.42075093042414996,1.394395975878669,0.42525056257073096,-0.600151787589133,0.1161578419599913,0.031326181057515674,-0.07563616289888184,0.8555569364101768,0.7101137638631896,-0.24210913685828198,0.277635454448811,-0.753150914674669,-0.5103499396086639,0.5498533161796403,-1.7990165547876515,-1.1605362159877708,0.785310104707216,-0.12067490286832078,-0.3732254537584292,-0.43758022704380095,0.13202261415725552,-0.05335663926555643,-2.5223797469539537,-1.3411738931011374,-0.83850938728452,0.010124723268208192,1.111023137331061,-0.9703380023986866,-0.8870344126161884,0.15986593235059607,-0.013831863443370031,1.70888752637897,0.8826795532241486,-0.1954199828215001,0.4975497440087768
-1.5448482781864938,-1.2674441276639836,3.482132672966257,-2.928483537491031,-2.8449909791948227,4.6341951318617305,-3.0832667041975306,0.3468377554591145,-4.2272812428717454,3.0583239462652454,1.121014609476479,0.42525056257073096,3.231994141264586,1.7094438411384307,-0.37275581819232145,-0.6995679061943022,-0.35796182844187335,3.8129853957840316,-0.7376201302805759,-1.6962271982209884,0.8258836277817877,-4.125421137207819,-1.0149037272224033,0.4966146187357062,-5.491316905264426,-4.449038227231573,-3.6586554918478646,-3.7810060543156747,1.2134484268089645,-6.1019806135869175,1.8236253344625142,2.627706775702386,-3.569767986358492,-0.18117507738482733,0.39359482384758854,-2.208759826955875,2.418365711445193,-3.4978004731820875,-1.3345362468957078,-2.8207799310186545,1.0975021736317767,2.809840856053083,3.415219227114301,-1.3437161855222448,-0.9671453923798368
0.032121809279619225,-0.7373556848138945,1.9560164987455304,-1.9117030517918987,-2.459531370846575,1.769278819989031,-2.0100178335937824,0.3934281208477082,-2.3283787175769928,1.4758009482098855,0.4244723920255084,-0.600151787589133,1.7094438411384307,1.4127905604948996,-0.2989969952645282,-0.4460493139987214,-0.17174218149950773,1.7986030664691108,-0.8877457522303747,-0.8854855405203725,0.33264997748804603,-2.0523321736449684,-0.30451036566042616,-0.036025402118096204,-2.2408272552738056,-1.9986360968535335,-2.7160196691399365,-2.232140728703583,0.9703266352799057,-3.4526219095633306,1.0310659418375896,1.635869427700685,-0.6226994663354909,0.7162713360248549,0.7570140604202721,-1.3536423963955047,0.7903637408231166,-1.5355670658493659,-0.26726507242074304,-1.8193071531941742,0.6780339077107772,0.6605981007050665,1.5392455626471124,-0.6992357821297082,-0.896711934079083
0.008130614790125236,0.15958017097489421,-0.424477764929341,0.41038481065177906,0.5192819361391487,-0.39795120144618373,0.4315282621062143,-0.08205019416395457,0.506058212832694,-0.32433580072697366,-0.09556400427723385,0.1161578419599913,-0.37275581819232145,-0.2989969952645282,0.0633932543461935,0.09591776721363857,0.03775391495511164,-0.3960764380985491,0.18471173664391854,0.19328911816594616,-0.0743808558539198,0.44983215761050865,0.07054613749702926,0.0025407309438696037,0.5004460830987281,0.4421273528736795,0.5783231247768023,0.48260238433454106,-0.2057191472076639,0.7488361243160219,-0.223635726085677,-0.3523214714221455,0.158343617447585,-0.14169497036460615,-0.15529010485792982,0.29185094818354296,-0.18104859407926563,0.34043654282709884,0.06607496214729852,0.3908852908816342,-0.14611820132553643,-0.15875843899112174,-0.34040015200100826,0.15267687036978564,0.18866635430320058
0.20743563777939006,0.2843539881425952,-0.7707934888392353,0.6881096378397599,0.7585338885470204,-0.9011528202587079,0.7240817735421824,-0.10645918315335261,0.9288327528236876,-0.6407879228506563,-0.2174627127422646,0.031326181057515674,-0.6995679061943022,-0.4460493139987214,0.09591776721363857,0.16281280052942562,0.07484086821212961,-0.7927198121700972,0.23403334426286646,0.36541225661632903,-0.16319198269431015,0.8735659754300767,0.18495459193214087,-0.06284429662549137,1.089389675335783,0.9099778411772501,0.9086534834561875,0.8531365902193927,-0.31175030065183085,1.3544404895544377,-0.4046737114209587,-0.6055545855994713,0.5835081090630485,-0.08217158405627556,-0.16724316451873047,0.5058130235300398,-0.4504007689149633,0.7100987629000254,0.22329366558478245,0.659505654803497,-0.2521451201129249,-0.4847902623513977,-0.6992936020858798,0.28912987312416,0.26692184177140776
0.20047017918812882,0.13806700633407176,-0.38171836134189663,0.31180360550208197,0.28208930473972144,-0.5368440614166624,0.32837663473917794,-0.031151230265068972,0.46500117182107703,-0.3436272822786034,-0.12998241657038503,-0.07563616289888184,-0.35796182844187335,-0.17174218149950773,0.03775391495511164,0.07484086821212961,0.040262883856453824,-0.429857248241457,0.06448756257104987,0.18827193134507827,-0.0950817454181739,0.4613996794347924,0.12043499348166938,-0.06533781044401175,0.6311505029953625,0.5050241570241519,0.37821215099409483,0.41072427706086423,-0.12304468060521777,0.6680516689546331,-0.19968142841633216,-0.2825260930615876,0.439130582433773,0.04813636958009807,-0.02461136727479619,0.23822782918771634,-0.28475196189623075,0.39828033400553886,0.16298989959802482,0.30108857223095886,-0.11817452563739848,-0.33975608914229155,-0.3874940686479784,0.1492219912346031,0.09379669320906162
-2.186813329124937,-1.4665799419086751,4.059116078604181,-3.2993487017940186,-2.9469477123715064,5.759744032587512,-3.474927378127211,0.3191029979039919,-4.947572283749618,3.668955276775083,1.3947814280381357,0.8555569364101768,3.8129853957840316,1.7986030664691108,-0.3960764380985491,-0.7927198121700972,-0.429857248241457,4.592042787527033,-0.6567564342250944,-2.006185374829359,1.0190609618401272,-4.922663343498179,-1.2969847466652886,0.7140368469635698,-6.7631393081665685,-5.400909141599942,-3.98143354718753,-4.361065744650052,1.2906879195898198,-7.102354197172369,2.1229418442109234,2.994581344038945,-4.754252621653686,-0.5620656619568086,0.22893341103121426,-2.5263670764478934,3.0627949940991153,-4.261514227963691,-1.7626082413581603,-3.1874451684667844,1.2529512031919194,3.6691067660365406,4.143756137708396,-1.5901887270467885,-0.9758089062689433
-0.4782680502045171,0.35477354828428365,-0.9064760916028533,1.023255761690459,1.5833570817031077,-0.3905535062282854,1.0746473172692388,-0.2846091221331879,1.0552310622528032,-0.5592364951478274,-0.09104552424628937,0.7101137638631896,-0.7376201302805759,-0.8877457522303747,0.18471173664391854,0.23403334426286646,0.06448756257104987,-0.6567564342250944,0.655207678900546,0.37567166038786043,-0.08654052359737327,0.8146516220581937,0.004367291331937727,0.17891662558419683,0.6039822637161094,0.6685254048234122,1.5989792175990651,1.0901981309919804,-0.5983368717827785,1.6129061146812025,-0.4812538321250886,-0.8403888380083174,-0.42329849131244146,-0.75316445384032,-0.6267863946271386,0.6854151667029963,-0.0737195947347062,0.4905783040470089,-0.12456605541428531,0.9640415266640692,-0.3459159698814347,0.16646606989745746,-0.5180873938265278,0.2954454357435239,0.5975509770101572
0.8302897621989391,0.663661571008307,-1.8248982074749853,1.528621719624235,1.4712148061652839,-2.44782045587322,1.6094939078606665,-0.17719445392680225,2.2164820915874883,-1.6083566880349276,-0.5922024499068237,-0.24210913685828198,-1.6962271982209884,-0.8854855405203725,0.19328911816594616,0.36541225661632903,0.18827193134507827,-2.006185374829359,0.37567166038786043,0.8905077419115358,-0.43585579013262954,2.168110120348211,0.5379822877503337,-0.26751692018845064,2.8972403488187877,2.3431125166968028,1.9022203415147119,1.9790282402958634,-0.629305157204984,3.1973177877456647,-0.9555712205012388,-1.3734507855580576,1.902571085031887,0.11373841529780451,-0.1939569313678426,1.1549905934980467,-1.2804745549359182,1.8429823172251658,0.7105010360360291,1.4728918430471412,-0.573752973495065,-1.493666598948028,-1.7985383751389228,0.7054769854030017,0.49874014305097963
-0.5687159102866516,-0.31017802433995395,0.8664180365635757,-0.6740392263808901,-0.5314630030697873,1.323871885038944,-0.7102390882342805,0.045604889272051356,-1.0612992206066085,0.8105628719927411,0.32095600199228624,0.277635454448811,0.8258836277817877,0.33264997748804603,-0.0743808558539198,-0.16319198269431015,-0.0950817454181739,1.0190609618401272,-0.08654052359737327,-0.43585579013262954,0.23240763508911133,-1.0807550729250082,-0.3069170151193822,0.1881096010178919,-1.539169040734193,-1.2095033287410328,-0.7749650000796208,-0.918581169761276,0.242798999729348,-1.5131708751993986,0.4523956378971061,0.6210924521081748,-1.1713858733491165,-0.2126228944986344,-0.011844858077386104,-0.5264860426892586,0.7181168350195778,-0.9582532049486802,-0.430901686957377,-0.6537437671767421,0.26046050288477596,0.8871428391384945,0.9274299743655783,-0.34571410805118163,-0.1682502779989887
2.1884030974679907,1.6007400444811948,-4.415594910105662,3.645540759710528,3.3880496054413727,-6.089090683505993,3.8389286003616148,-0.38917410576574146,5.372286662527065,-3.9399175974670806,-1.4738459010394487,-0.753150914674669,-4.125421137207819,-2.0523321736449684,0.44983215761050865,0.8735659754300767,0.4613996794347924,-4.922663343498179,0.8146516220581937,2.168110120348211,-1.0807550729250082,5.298897359994342,1.3546832459678635,-0.7100594799438965,7.178511392049444,5.769313178132712,4.470963305452234,4.7669901245675135,-1.465139836907289,7.73138205272172,-2.3107865340177614,-3.291386601174262,4.879191797520473,0.43829964809665267,-0.36246826602869514,2.7721021198288143,-3.2115187323006626,4.544906578702062,1.8152822365602472,3.517081872288682,-1.3760192121246593,-3.797075106566366,-4.4274203044521165,1.718090199265043,1.1363063324703289
0.8729458900642909,0.36740798334530417,-1.0412749710764433,0.7539213926808107,0.45734125245968327,-1.7666190614123594,0.7950194555237515,-0.013013138566530384,1.2852081967466729,-1.0251407029031678,-0.428951496912008,-0.5103499396086639,-1.0149037272224033,-0.30451036566042616,0.07054613749702926,0.18495459193214087,0.12043499348166938,-1.2969847466652886,0.004367291331937727,0.5379822877503337,-0.3069170151193822,1.3546832459678635,0.42479105334319095,-0.292360739396071,2.0274565758576,1.5590075466851103,0.7922619499523784,1.0812265123707057,-0.2310112639631188,1.8132931484484034,-0.5422709943014924,-0.7127937526299213,1.6988914520825447,0.427786380072359,0.12705994976986382,0.6089329539739224,-0.9826374895307584,1.2420017089172157,0.6193710221549856,0.7362809555954325,-0.30009031419457494,-1.2593902857662516,-1.1944448523257007,0.4271924432331905,0.12779724917894492
-0.736107165247824,-0.1554359028638141,0.46796961946510723,-0.23695093252316307,0.1235199489723004,1.1125129153300302,-0.2510962846899272,-0.07003810258636788,-0.5952617190012746,0.5532231878654293,0.27117167882967697,0.5498533161796403,0.4966146187357062,-0.036025402118096204,0.0025407309438696037,-0.06284429662549137,-0.06533781044401175,0.7140368469635698,0.17891662558419683,-0.26751692018845064,0.1881096010178919,-0.7100594799438965,-0.292360739396071,0.2517519047208962,-1.2335260521464637,-0.8918382362139615,-0.10358473751261493,-0.444542560496339,-0.006463512874859294,-0.8053935901064351,0.2411687385600462,0.25929904238922974,-1.2916552491257498,-0.5047516792721692,-0.26184409761937794,-0.23056858152869822,0.6586675887677792,-0.7221792781673296,-0.462679567975238,-0.2411765993679633,0.11134434402016326,0.9166239191907238,0.6816573013516033,-0.213207612978972,0.07758483767994993
3.732790152121873,2.0660812343809822,-5.767273015954289,4.502344214783437,3.5881141413697013,-8.763378854879099,4.743895264049529,-0.3153051803531875,7.0617359114127956,-5.381296829969362,-2.1244409988548054,-1.7990165547876515,-5.491316905264426,-2.2408272552738056,0.5004460830987281,1.089389675335783,0.6311505029953625,-6.7631393081665685,0.6039822637161094,2.8972403488187877,-1.539169040734193,7.178511392049444,2.0274565758576,-1.2335260521464637,10.195928370841179,8.021765682137072,5.197412162707062,6.121040700210986,-1.6331035234188658,10.073812975417631,-3.01166463472113,-4.143640479777481,7.716261375302787,1.3673960114819528,0.04736423879887847,3.510984698980066,-4.746688640223332,6.353303666861266,2.839746642342243,4.365534540262008,-1.7374333018471066,-5.851275176752751,-6.151192301718301,2.2980149545761583,1.1406957638193955
2.7185293914087407,1.6980333673365238,-4.713750816987628,3.778386469868016,3.25081280366091,-6.854560725662389,3.979996638567822,-0.3310710968817218,5.754677224884707,-4.308845488058619,-1.6605682502522194,-1.1605362159877708,-4.449038227231573,-1.9986360968535335,0.4421273528736795,0.9099778411772501,0.5050241570241519,-5.400909141599942,0.6685254048234122,2.3431125166968028,-1.2095033287410328,5.769313178132712,1.5590075466851103,-0.8918382362139615,8.021765682137072,6.371576365721012,4.492085361933426,5.042892411112748,-1.4414148533961557,8.24282487103697,-2.4639728850846807,-3.44573295506314,5.79609298632728,0.8154714655697359,-0.15922868604786636,2.911305765588969,-3.669761054528898,5.034175717489412,2.142813197173965,3.6548016951800526,-1.4427843834783214,-4.4434157070093026,-4.8874974402202644,1.8577135741278912,1.0628624690907615
0.44499820246441396,1.5375968748094748,-4.117247204209191,3.8720562259270688,4.686405646029247,-4.19918812488511,4.072515720867824,-0.7150121149851989,4.927356118440466,-3.2443719136738296,-1.0103907258767313,0.785310104707216,-3.6586554918478646,-2.7160196691399365,0.5783231247768023,0.9086534834561875,0.37821215099409483,-3.98143354718753,1.5989792175990651,1.9022203415147119,-0.7749650000796208,4.470963305452234,0.7922619499523784,-0.10358473751261493,5.197412162707062,4.492085361933426,5.340562248256094,4.636824846046812,-1.87800482843021,7.253255921386599,-2.1664918682382996,-3.3523311417250365,2.0982790720938853,-1.041703488788512,-1.28817515480186,2.7849643490211897,-1.9872489595046074,3.476743544762925,0.837332168540832,3.695751218164026,-1.3921565901597999,-1.913283308220561,-3.455979628070948,1.5034896722274922,1.686172910890855
1.4194076015515371,1.5133250108710004,-4.125827523856219,3.5916358852162866,3.764326397456124,-5.110008025555433,3.780222443743376,-0.5016627846361817,4.987617688202253,-3.5130938948800248,-1.234511615335325,-0.12067490286832078,-3.7810060543156747,-2.232140728703583,0.48260238433454106,0.8531365902193927,0.41072427706086423,-4.361065744650052,1.0901981309919804,1.9790282402958634,-0.918581169761276,4.7669901245675135,1.0812265123707057,-0.444542560496339,6.121040700210986,5.042892411112748,4.636824846046812,4.5294171730003265,-1.5696098577180937,7.241363644931656,-2.1637752805932293,-3.186449532592589,3.598237925256483,-0.15893117166274087,-0.7111202989659607,2.6686277314753473,-2.6059554402727816,3.9483393755391836,1.3608897264699504,3.4494723728939154,-1.3284992909474886,-2.9100900863917496,-3.873374066946949,1.5667328411311323,1.3073558573937232
-0.03152494065231332,-0.5191291023414071,1.3811662746742082,-1.3338106631662279,-1.684818425636328,1.2995346444344373,-1.4025421113226144,0.2658429264859785,-1.6468766047320722,1.0566586208367188,0.3120860382922857,-0.3732254537584292,1.2134484268089645,0.9703266352799057,-0.2057191472076639,-0.31175030065183085,-0.12304468060521777,1.2906879195898198,-0.5983368717827785,-0.629305157204984,0.242798999729348,-1.465139836907289,-0.2310112639631188,-0.006463512874859294,-1.6331035234188658,-1.4414148533961557,-1.87800482843021,-1.5696098577180937,0.6677776574231544,-2.4364383513338654,0.7276467274963733,1.145476943627056,-0.5229707013495418,0.45650647628132807,0.502254693129111,-0.9490182036189875,0.5922994362684753,-1.1101351809033302,-0.21778392080197256,-1.2704832191239042,0.4750545393598553,0.5217310752946918,1.1097176336178205,-0.49708732758655894,-0.6118876372896744
2.540710574063327,2.422605458541832,-6.624855881736548,5.689595230590269,5.794059827667032,-8.447507934287769,5.989120371593559,-0.747777522577945,8.022074236417705,-5.711342424369738,-2.0418910377449717,-0.43758022704380095,-6.1019806135869175,-3.4526219095633306,0.7488361243160219,1.3544404895544377,0.6680516689546331,-7.102354197172369,1.6129061146812025,3.1973177877456647,-1.5131708751993986,7.73138205272172,1.8132931484484034,-0.8053935901064351,10.073812975417631,8.24282487103697,7.253255921386599,7.241363644931656,-2.4364383513338654,11.620239334041774,-3.4724666942349582,-5.070042237735353,6.179488081652958,-0.01748777131618254,-0.9860787336190557,4.252251689078291,-4.349520276218355,6.46463887215435,2.3254679826178597,5.470535051383442,-2.115257586676769,-4.939501497509288,-6.329677289088806,2.5318479718193907,1.9964968296332672
-0.760621086367896,-0.7239218439525139,1.9797221159634364,-1.6998310013124343,-1.7301484520250558,2.525659185325267,-1.7893293647193742,0.2231504518662432,-2.397330586298791,1.7071022079867877,0.6104916049623165,0.13202261415725552,1.8236253344625142,1.0310659418375896,-0.223635726085677,-0.4046737114209587,-0.19968142841633216,2.1229418442109234,-0.4812538321250886,-0.9555712205012388,0.4523956378971061,-2.3107865340177614,-0.5422709943014924,0.2411687385600462,-3.01166463472113,-2.4639728850846807,-2.1664918682382996,-2.1637752805932293,0.7276467274963733,-3.4724666942349582,1.0376823140346423,1.514851404776573,-1.848728878760548,0.003983866860686628,0.2938536532650683,-1.270553721015189,1.3006513249475065,-1.9325051792155392,-0.6956774016621995,-1.634405934499754,0.6320086989927087,1.4774911025869022,1.8920867494723261,-0.7566791082752443,-0.5960794856771636
-0.8452511603886615,-1.062881238484441,2.886363210334786,-2.5564383654329013,-2.77490618657616,3.4379682400377503,-2.690248173420695,0.3835499999010379,-3.4816768281453196,2.4179425557571017,0.8299404669870502,-0.05335663926555643,2.627706775702386,1.635869427700685,-0.3523214714221455,-0.6055545855994713,-0.2825260930615876,2.994581344038945,-0.8403888380083174,-1.3734507855580576,0.6210924521081748,-3.291386601174262,-0.7127937526299213,0.25929904238922974,-4.143640479777481,-3.44573295506314,-3.3523311417250365,-3.186449532592589,1.145476943627056,-5.070042237735353,1.514851404776573,2.2554287209761537,-2.2902644809519224,0.2455076088913122,0.5854722371821276,-1.8854930812195008,1.7298245786646531,-2.691731022049644,-0.8728912104847772,-2.4517231872396725,0.9394874694579519,1.8851834630535576,2.647488564105496,-1.0869317593304875,-0.972632765403856
3.819053604816226,1.23327034434422,-3.561807078384913,2.3320113357115115,0.7670054926592896,-6.814846245786378,2.4620753005864864,0.13933795439330085,4.438990682498951,-3.730763782564308,-1.657254342380451,-2.5223797469539537,-3.569767986358492,-0.6226994663354909,0.158343617447585,0.5835081090630485,0.439130582433773,-4.754252621653686,-0.42329849131244146,1.902571085031887,-1.1713858733491165,4.879191797520473,1.6988914520825447,-1.2916552491257498,7.716261375302787,5.79609298632728,2.0982790720938853,3.598237925256483,-0.5229707013495418,6.179488081652958,-1.848728878760548,-2.2902644809519224,7.091050854848995,2.220522864929535,0.930724853993405,1.9784262547982634,-3.8871271423589397,4.645776840640114,2.5652062750580176,2.3011668993852856,-0.9695164655263488,-5.157473114882362,-4.4367431765811345,1.5126981110418845,0.10997218093507855
1.4424917880551953,-0.03590296853200667,-0.012769632783637287,-0.4150603075551325,-1.3649346398466986,-1.348418780629896,-0.432628034564651,0.31582883375196813,0.08929424683252207,-0.3978633063972359,-0.3317952627320327,-1.3411738931011374,-0.18117507738482733,0.7162713360248549,-0.14169497036460615,-0.08217158405627556,0.04813636958009807,-0.5620656619568086,-0.75316445384032,0.11373841529780451,-0.2126228944986344,0.43829964809665267,0.427786380072359,-0.5047516792721692,1.3673960114819528,0.8154714655697359,-1.041703488788512,-0.15893117166274087,0.45650647628132807,-0.01748777131618254,0.003983866860686628,0.2455076088913122,2.220522864929535,1.306810214967975,0.8542362153934158,-0.17216342944451013,-0.9159560005560462,0.6981973166001544,0.7750805506835273,-0.36452927528973333,0.09421642717336526,-1.4756794324338571,-0.6179555255344024,0.09364493118060933,-0.560759797705565
0.7282241118730571,-0.22662043243136196,0.5473396864567296,-0.7480820324848747,-1.3766968428590347,-0.17138568602735296,-0.7846678410798645,0.2688281730007193,-0.6145938770209,0.2194229428302536,-0.045247274614721104,-0.83850938728452,0.39359482384758854,0.7570140604202721,-0.15529010485792982,-0.16724316451873047,-0.02461136727479619,0.22893341103121426,-0.6267863946271386,-0.1939569313678426,-0.011844858077386104,-0.36246826602869514,0.12705994976986382,-0.26184409761937794,0.04736423879887847,-0.15922868604786636,-1.28817515480186,-0.7111202989659607,0.502254693129111,-0.9860787336190557,0.2938536532650683,0.5854722371821276,0.930724853993405,0.8542362153934158,0.6401645993974976,-0.4690026807058432,-0.23290769829200872,-0.08660668249562588,0.31076699722290063,-0.6967524149854264,0.23891651913560105,-0.5486783448613173,0.12765651517331816,-0.15125624911769947,-0.5333975451282335
0.7462765156881734,0.8906227595664632,-2.421385317212773,2.133593506860343,2.2923059280614826,-2.918586726329582,2.245395269117022,-0.3135386611471543,2.922716980236104,-2.038430881422068,-0.704711945234504,0.010124723268208192,-2.208759826955875,-1.3536423963955047,0.29185094818354296,0.5058130235300398,0.23822782918771634,-2.5263670764478934,0.6854151667029963,1.1549905934980467,-0.5264860426892586,2.7721021198288143,0.6089329539739224,-0.23056858152869822,3.510984698980066,2.911305765588969,2.7849643490211897,2.6686277314753473,-0.9490182036189875,4.252251689078291,-1.270553721015189,-1.8854930812195008,1.9784262547982634,-0.17216342944451013,-0.4690026807058432,1.577120592158477,-1.4746572422864048,2.2758611678887193,0.7522439826898645,2.0470375359090074,-0.7855859403550933,-1.6194365572517146,-2.236655575707146,0.9141195429701898,0.801342916990275
-1.9720188133343524,-0.8840370416871252,2.4957744040291074,-1.842687920446486,-1.2113592835019062,4.1228296786207155,-1.9427334144802748,0.05771987031484703,-3.074277827815229,2.4247248732016606,1.000679004178113,1.111023137331061,2.418365711445193,0.7903637408231166,-0.18104859407926563,-0.4504007689149633,-0.28475196189623075,3.0627949940991153,-0.0737195947347062,-1.2804745549359182,0.7181168350195778,-3.2115187323006626,-0.9826374895307584,0.6586675887677792,-4.746688640223332,-3.669761054528898,-1.9872489595046074,-2.6059554402727816,0.5922994362684753,-4.349520276218355,1.3006513249475065,1.7298245786646531,-3.8871271423589397,-0.9159560005560462,-0.23290769829200872,-1.4746572422864048,2.2793067018947943,-2.9195200717776197,-1.4201033880112988,-1.7961032722365715,0.7274757000014324,2.8958931398409367,2.812197901208132,-1.016474409587807,-0.35355935083660645
2.196991622469434,1.3302945555579986,-3.6978973486184916,2.9450555001095613,2.4886837691781665,-5.436943375311683,3.1024274649027657,-0.2455094115240353,4.51780817237332,-3.397559820440407,-1.3173604217974608,-0.9703380023986866,-3.4978004731820875,-1.5355670658493659,0.34043654282709884,0.7100987629000254,0.39828033400553886,-4.261514227963691,0.4905783040470089,1.8429823172251658,-0.9582532049486802,4.544906578702062,1.2420017089172157,-0.7221792781673296,6.353303666861266,5.034175717489412,3.476743544762925,3.9483393755391836,-1.1101351809033302,6.46463887215435,-1.9325051792155392,-2.691731022049644,4.645776840640114,0.6981973166001544,-0.08660668249562588,2.2758611678887193,-2.9195200717776197,3.9799673870278784,1.715533243515535,2.8503619336824446,-1.127446246860513,-3.5514458286648733,-3.8612896548942657,1.4613214388912967,0.8085453008100021
1.3702134660396779,0.4656246803911939,-1.3393262605703706,0.8964128719554074,0.3514745263863428,-2.501520881206682,0.9461707504093209,0.037883500255304264,1.6657978752219336,-1.3851270891796963,-0.6081345060407448,-0.8870344126161884,-1.3345362468957078,-0.26726507242074304,0.06607496214729852,0.22329366558478245,0.16298989959802482,-1.7626082413581603,-0.12456605541428531,0.7105010360360291,-0.430901686957377,1.8152822365602472,0.6193710221549856,-0.462679567975238,2.839746642342243,2.142813197173965,0.837332168540832,1.3608897264699504,-0.21778392080197256,2.3254679826178597,-0.6956774016621995,-0.8728912104847772,2.5652062750580176,0.7750805506835273,0.31076699722290063,0.7522439826898645,-1.4201033880112988,1.715533243515535,0.929343649796198,0.8824356103345643,-0.36904123259322474,-1.8721982130445012,-1.6405629312916927,0.5647334162920481,0.06721368753357866
0.8017322003345365,1.149284796919524,-3.112628914494437,2.7893698953136004,3.0974961221517474,-3.605753758171209,2.935040443704748,-0.43785910593054533,3.74896291681995,-2.5779501638389135,-0.8699755510315866,0.15986593235059607,-2.8207799310186545,-1.8193071531941742,0.3908852908816342,0.659505654803497,0.30108857223095886,-3.1874451684667844,0.9640415266640692,1.4728918430471412,-0.6537437671767421,3.517081872288682,0.7362809555954325,-0.2411765993679633,4.365534540262008,3.6548016951800526,3.695751218164026,3.4494723728939154,-1.2704832191239042,5.470535051383442,-1.634405934499754,-2.4517231872396725,2.3011668993852856,-0.36452927528973333,-0.6967524149854264,2.0470375359090074,-1.7961032722365715,2.8503619336824446,0.8824356103345643,2.6725854871393615,-1.0206564172848411,-1.920991778890595,-2.808776464610542,1.165367661028697,1.0919917842695925
-0.3617187914464377,-0.44323123693613586,1.2043546499972502,-1.064013161100998,-1.1491914705125044,1.4428885473799224,-1.119726530316488,0.15805200069770622,-1.4532135919993192,1.011337336261584,0.3483639736776113,-0.013831863443370031,1.0975021736317767,0.6780339077107772,-0.14611820132553643,-0.2521451201129249,-0.11817452563739848,1.2529512031919194,-0.3459159698814347,-0.573752973495065,0.26046050288477596,-1.3760192121246593,-0.30009031419457494,0.11134434402016326,-1.7374333018471066,-1.4427843834783214,-1.3921565901597999,-1.3284992909474886,0.4750545393598553,-2.115257586676769,0.6320086989927087,0.9394874694579519,-0.9695164655263488,0.09421642717336526,0.23891651913560105,-0.7855859403550933,0.7274757000014324,-1.127446246860513,-0.36904123259322474,-1.0206564172848411,0.3913989603413498,0.7958128741588135,1.10849182534087,-0.45409093345141016,-0.4022897605896753
-2.7214978114226334,-0.9932035266577071,2.8418842616637026,-1.9571673459761587,-0.9237081975883376,5.135655265116667,-2.065075976338697,-0.039325803729342294,-3.525057146790263,2.8890653718427677,1.2480086946388291,1.70888752637897,2.809840856053083,0.6605981007050665,-0.15875843899112174,-0.4847902623513977,-0.33975608914229155,3.6691067660365406,0.16646606989745746,-1.493666598948028,0.8871428391384945,-3.797075106566366,-1.2593902857662516,0.9166239191907238,-5.851275176752751,-4.4434157070093026,-1.913283308220561,-2.9100900863917496,0.5217310752946918,-4.939501497509288,1.4774911025869022,1.8851834630535576,-5.157473114882362,-1.4756794324338571,-0.5486783448613173,-1.6194365572517146,2.8958931398409367,-3.5514458286648733,-1.8721982130445012,-1.920991778890595,0.7958128741588135,3.7829450937488054,3.4027538299274207,-1.1868288620060947,-0.2156410077626775
-2.078434729618865,-1.304131168254617,3.6195539813723894,-2.9039983817756805,-2.504872434123624,5.25503516385887,-3.058932361854233,0.2562107761841955,-4.418390515342974,3.306205672165936,1.2730363503103443,0.8826795532241486,3.415219227114301,1.5392455626471124,-0.34040015200100826,-0.6992936020858798,-0.3874940686479784,4.143756137708396,-0.5180873938265278,-1.7985383751389228,0.9274299743655783,-4.4274203044521165,-1.1944448523257007,0.6816573013516033,-6.151192301718301,-4.8874974402202644,-3.455979628070948,-3.873374066946949,1.1097176336178205,-6.329677289088806,1.8920867494723261,2.647488564105496,-4.4367431765811345,-0.6179555255344024,0.12765651517331816,-2.236655575707146,2.812197901208132,-3.8612896548942657,-1.6405629312916927,-2.808776464610542,1.10849182534087,3.4027538299274207,3.7491516376900016,-1.4259222019295668,-0.8196959582908308
0.661435521074637,0.5254340214826626,-1.4451359948980105,1.209346928308618,1.1612789143455278,-1.9420717680824515,1.2733265261332316,-0.1394629160951219,1.755426113030287,-1.2747127213775473,-0.46986785302558337,-0.1954199828215001,-1.3437161855222448,-0.6992357821297082,0.15267687036978564,0.28912987312416,0.1492219912346031,-1.5901887270467885,0.2954454357435239,0.7054769854030017,-0.34571410805118163,1.718090199265043,0.4271924432331905,-0.213207612978972,2.2980149545761583,1.8577135741278912,1.5034896722274922,1.5667328411311323,-0.49708732758655894,2.5318479718193907,-0.7566791082752443,-1.0869317593304875,1.5126981110418845,0.09364493118060933,-0.15125624911769947,0.9141195429701898,-1.016474409587807,1.4613214388912967,0.5647334162920481,1.165367661028697,-0.45409093345141016,-1.1868288620060947,-1.4259222019295668,0.5589158836584813,0.3934061912009708
-0.1808010318132431,0.42999636448298406,-1.1285267071160325,1.1510474509233817,1.57435659921499,-0.870424206615894,1.2098190119602066,-0.2628015757166026,1.335027664877305,-0.8078011506051247,-0.20789358507476766,0.4975497440087768,-0.9671453923798368,-0.896711934079083,0.18866635430320058,0.26692184177140776,0.09379669320906162,-0.9758089062689433,0.5975509770101572,0.49874014305097963,-0.1682502779989887,1.1363063324703289,0.12779724917894492,0.07758483767994993,1.1406957638193955,1.0628624690907615,1.686172910890855,1.3073558573937232,-0.6118876372896744,1.9964968296332672,-0.5960794856771636,-0.972632765403856,0.10997218093507855,-0.560759797705565,-0.5333975451282335,0.801342916990275,-0.35355935083660645,0.8085453008100021,0.06721368753357866,1.0919917842695925,-0.4022897605896753,-0.2156410077626775,-0.8196959582908308,0.3934061912009708,0.5810898376993923
