V1,V2,V3,V4,V5,V6,V7,V8,V9,V10,V11,V12,V13,V14,V15,V16,V17,V18,V19,V20,V21,V22,V23,V24,V25,V26,V27,V28,V29,V30,V31,V32,V33,V34,V35,V36,V37,V38,V39,V40,V41,V42,V43,V44
3.7465410120255505,14.334274045099857,-17.834553499425645,-24.06774024690808,8.542065246245594,-10.405296027725552,9.497597018594666,4.030010574729979,-3.9938077423240785,7.917630466859424,-1.2324437831365267,8.255165729028379,20.675580104732596,-0.4651925515265502,6.83298758545993,-8.048884146360011,30.789924016553915,8.030858623831206,4.746899376173271,23.772432357243506,12.512448621998617,-12.424911609216123,-2.6237413786878085,6.400684239865852,-13.843374392925147,16.152035402779056,-22.028022189109848,-11.804983729377334,2.932680469129115,-1.8738730393194363,9.586018569722409,-24.891259954428193,-5.460894014561794,-9.070084109767077,-16.16395851278681,1.6745548921922064,-0.6257140971054782,-6.50286953757962,8.726896551578564,-4.81384092517652,2.907369121059209,5.026632228841931,-7.242928395699696,-0.1283516498221805
14.334274045099857,61.58506300871137,-79.0016905236227,-105.26127676123505,38.877509514749285,-45.45523692877436,41.69620349165308,17.92108071065852,-19.08061186435125,36.29426714912469,-10.307730952749239,36.71822251998899,85.73086557165688,-4.126804854464443,28.014365262857144,-37.685637841071625,137.0356058244793,37.013458646572055,21.89152361945417,104.35412066638645,52.579954772272565,-53.95265286207753,-12.276832833792957,26.54268992524186,-57.99968894018635,68.19519669747281,-97.11996262349439,-49.59237043181801,13.949332967282338,-9.289100580615798,42.077937421677504,-109.50587967365773,-19.508931011876747,-39.33223627312653,-69.54605765888455,5.211084755351533,-1.5996799417802388,-28.22723656201424,36.316116663338974,-19.456328690541678,10.668759979638525,21.332771067222097,-32.50340047820392,-2.8034377416764285
-17.834553499425645,-79.0016905236227,102.09672475054121,135.61728332502952,-50.560085522665936,58.54788263080456,-53.77048173036002,-23.180268704996376,25.085150186121965,-47.27775400585106,14.806624318342692,-47.49811386632038,-108.99768153813731,5.965021781823684,-35.50900898721262,49.32334103446945,-177.29294963759477,-48.27170540714137,-28.554797421841954,-134.5704688345981,-67.08519446091735,69.39206096572052,16.064476501941932,-33.74377942621289,73.93404399615771,-87.10465144471353,125.37186823640947,63.26713469283919,-18.32139925205049,12.310180857627202,-54.263432947330834,141.289399063476,23.776994871442902,50.569030272329094,89.24684162843131,-6.056162306807746,1.7090549731903244,36.302490436801115,-46.22056159149091,24.571606500509112,-13.112781987551216,-27.283968184350723,42.13478216453219,4.306295727508078
-24.06774024690808,-105.26127676123505,135.61728332502952,180.37378992601668,-66.98663861105108,77.87865346859432,-71.48736248305394,-30.780865558665724,33.087558431879145,-62.595704031165944,18.855184802040327,-63.06828388202103,-145.7681544719101,7.577031269548094,-47.54845461184549,65.17922305523976,-235.39693591389414,-63.88158793690886,-37.78532531086151,-178.9133980725455,-89.58435917635009,92.35887978786612,21.230664460589487,-45.12963738375442,98.76965797429095,-116.26532026101948,166.6121266814101,84.4889705898136,-24.1754106370832,16.183789507607393,-72.14226485370324,187.80346698558176,32.36928526831517,67.31682572836901,118.89466615479208,-8.416245329639004,2.4668848608359375,48.3180091667581,-61.78492379492609,32.95299081356004,-17.786769438448378,-36.39662191695872,55.89772387704825,5.346006410083631
8.542065246245594,38.877509514749285,-50.560085522665936,-66.98663861105108,25.17274454934177,-28.911969427369375,26.58100462643963,11.489259329945996,-12.601636253198452,23.569483298144817,-7.956697610602672,23.54167724493897,53.22462767778855,-3.2199058729918253,17.2938471121109,-24.686843866814588,87.8830039707933,24.089169235309214,14.251227754111698,66.5205895334404,32.85908422580333,-34.22538457873229,-8.03861828535799,16.477137684809666,-36.1849468235921,42.706363987259316,-62.02863368993128,-30.985040007158474,9.195744039915736,-6.223335819504043,26.82330535362886,-69.8727622007005,-11.172429065386272,-24.933395244894818,-43.932794762124885,2.7145479376546127,-0.6957073443248389,-17.902642564506287,22.59051981628042,-11.92871189955831,6.210839333889202,13.391378495275859,-20.9216821601089,-2.419515961568852
-10.405296027725552,-45.45523692877436,58.54788263080456,77.87865346859432,-28.911969427369375,33.62649392235664,-30.864693020962385,-13.287387901575112,14.27545233548626,-27.015811341946755,8.10763564016859,-27.226079808772724,-62.969483960654905,3.257521214800606,-20.542883227308632,28.125197672852767,-101.62021322894344,-27.568905784365768,-16.306923291373515,-77.24583979195641,-38.69303734821231,39.88010908252807,9.162006049562555,-19.494943760443633,42.66331259142357,-50.21560941686382,71.93215135128409,36.49285505593058,-10.430782980814374,6.980153451198388,-31.147333221768463,81.08280586607944,14.00596495737096,29.067148723425934,51.34261427270229,-3.648013092293412,1.0730064750426367,20.86333541297511,-26.688361818645323,14.238732348921262,-7.693477413226756,-15.719678814932442,24.128104088318715,2.2926781629841897
9.497597018594666,41.69620349165308,-53.77048173036002,-71.48736248305394,26.58100462643963,-30.864693020962385,28.338160507709627,12.20630271067578,-13.147088234064647,24.842705938223542,-7.574397960466425,25.008448637190583,57.67635062048048,-3.046902536818829,18.806159988302944,-25.882726597752395,93.34509189016568,25.355701709429002,14.9981501164068,70.91792877396999,35.463843577308914,-36.59706608880334,-8.42984012591478,17.855812053643646,-39.091424827105925,46.03125577612989,-66.05057614666556,-33.44537137451325,9.604194078467842,-6.436546348640926,28.595508863414597,-74.4467640064298,-12.73890392496584,-26.67222070757456,-47.09852391844359,3.2914718303831205,-0.9541124147011707,-19.144941238020763,24.4512903589227,-13.02817434978874,7.009003591054037,14.412766275597782,-22.17324430064258,-2.1644344614258464
4.030010574729979,17.92108071065852,-23.180268704996376,-30.780865558665724,11.489259329945996,-13.287387901575112,12.20630271067578,5.265607625239094,-5.706990038452217,10.744031458072238,-3.404335641043898,10.785697293408978,24.697567128774885,-1.3725058309473606,8.04315865874378,-11.216838422188946,40.26056698749881,10.971986735689248,6.489692701633165,30.54633733884468,15.207690372198384,-15.746514549648792,-3.6522672846169844,7.646969426518608,-16.757581160462998,19.74933098673213,-28.46184332528525,-14.340958072684174,4.167077075167804,-2.802311944882904,12.316005222247949,-32.07220685412793,-5.357900677668225,-11.475280916636915,-20.245922020703503,1.3564725190049225,-0.37802556337728427,-8.236232639607149,10.474231048359911,-5.563645896699982,2.958634777318731,6.185805120761457,-9.572047301079602,-0.9970487679671303
-3.9938077423240785,-19.08061186435125,25.085150186121965,33.087558431879145,-12.601636253198452,14.27545233548626,-13.147088234064647,-5.706990038452217,6.403878627719171,-11.826289293794881,4.474310537523992,-11.696453865895169,-25.770205182324283,1.8212647266183262,-8.333060333980077,12.468144891316996,-43.67267194196756,-12.106631478099011,-7.163999267579667,-32.901287253882934,-15.997215599591971,16.862973526935214,4.0588147777860435,-7.976286237178004,17.590613868770195,-20.82466516885252,30.726008802089034,15.081959916327326,-4.666926646296838,3.196534675782325,-13.268194419819851,34.58630404754307,5.034212754425418,12.277127223262765,21.57365527136121,-1.1056026749007526,0.21840222125040643,8.820027046403279,-10.956603106014523,5.715299480597865,-2.8425613418531372,-6.543210344975326,10.42588369454841,1.442488382804193
7.917630466859424,36.29426714912469,-47.27775400585106,-62.595704031165944,23.569483298144817,-27.015811341946755,24.842705938223542,10.744031458072238,-11.826289293794881,22.07742897583661,-7.588321070479531,22.017571675035796,49.58947846134519,-3.0738806395464353,16.102267577979706,-23.146337361791886,82.19632018001442,22.569901286299892,13.353340564431978,62.171986658219545,30.63641742018588,-31.969589486509978,-7.537674045906088,15.351529145073918,-33.734938474191594,39.8293168457054,-57.98688872617499,-28.890270141441047,8.628983688091004,-5.850291566153472,25.070159322141215,-65.31334762299049,-10.303884714066937,-23.288720924268546,-41.01728959569234,2.470790964738905,-0.6146151062980224,-16.723424138628403,21.05087207307301,-11.096349182548309,5.738914072838827,12.49372634129178,-19.574367382190268,-2.3309429836601865
-1.2324437831365267,-10.307730952749239,14.806624318342692,18.855184802040327,-7.956697610602672,8.10763564016859,-7.574397960466425,-3.404335641043898,4.474310537523992,-7.588321070479531,5.062702877964135,-6.979000222658378,-12.286481710045901,2.105372687506787,-3.787984601779855,8.372530503275051,-26.10169140942923,-7.860083453681205,-4.656837788766902,-18.948826020870293,-8.031831539587449,9.412183428574567,2.719169721948891,-3.800866856129043,8.719452104370054,-10.62165222301856,17.909941467532754,7.559804959015916,-3.2327217646497,2.382583569920909,-7.642313993566004,20.04086137710511,0.633038409697213,6.822429019806357,11.708306949760154,0.45157295138395365,-0.4546019208130855,4.916882838017298,-5.305895661567673,2.4419773348658116,-0.5785113189545216,-3.396588430614151,6.367120085294337,1.965725642363482
8.255165729028379,36.71822251998899,-47.49811386632038,-63.06828388202103,23.54167724493897,-27.226079808772724,25.008448637190583,10.785697293408978,-11.696453865895169,22.017571675035796,-6.979000222658378,22.100985882164725,50.59925992642895,-2.8133063843834014,16.47694932983511,-22.984556594244754,82.49430162018129,22.48436316065548,13.30047039803798,62.58853944677645,31.158571151529102,-32.26354335334181,-7.485535188658365,15.664428371331157,-34.33382054493408,40.461080543306984,-58.31836211357025,-29.38368409472448,8.541316438644971,-5.745632585952302,25.238460687610758,-65.71769334326409,-10.974015784826353,-23.5098578686714,-41.48169630084448,2.775587273242265,-0.773199075772715,-16.878458887045486,21.46068592153963,-11.396667586249063,6.059405999483521,12.67532772298818,-19.61069052697866,-2.0450907735719426
20.675580104732596,85.73086557165688,-108.99768153813731,-145.7681544719101,53.22462767778855,-62.969483960654905,57.67635062048048,24.697567128774885,-25.770205182324283,49.58947846134519,-12.286481710045901,50.59925992642895,120.62090624921572,-4.870370485582453,39.55606845802418,-51.18562203749708,188.80874331267665,50.49669068230236,29.86163875309506,144.3533507368004,73.66890971652059,-74.87086736717237,-16.680201003436128,37.34685722670828,-81.35351488509279,95.42321134260598,-134.17629500434612,-69.49436252225557,18.863606192267252,-12.419146154263936,58.20431408485316,-151.38328816700192,-28.785890139907078,-54.60724887083203,-96.77280062766147,8.07339680092816,-2.6734078325462503,-39.175170323215355,51.03168367088906,-27.58834453289269,15.597581067206201,29.80416913841175,-44.67372875206582,-2.976667485835656
-0.4651925515265502,-4.126804854464443,5.965021781823684,7.577031269548094,-3.2199058729918253,3.257521214800606,-3.046902536818829,-1.3725058309473606,1.8212647266183262,-3.0738806395464353,2.105372687506787,-2.8133063843834014,-4.870370485582453,0.8770649178224652,-1.4964936121092831,3.400285741974619,-10.523681777130989,-3.1862316569733347,-1.8882563974579571,-7.620269052850846,-3.195587215296432,3.7766515449567524,1.1046455638552464,-1.5070693121786445,3.4677154824834444,-4.2334676783908884,7.208619935832788,3.0080951457748273,-1.3151392462225724,0.9724960077669105,-3.07261846610323,8.063042645779444,0.19161552033842236,2.737086883505041,4.688858135534085,0.21154259257194447,-0.19961619557134544,1.97238805196061,-2.1046580989215338,0.9584170999255415,-0.20291430413680908,-1.35599839230752,2.570823864627943,0.8223516451583213
6.83298758545993,28.014365262857144,-35.50900898721262,-47.54845461184549,17.2938471121109,-20.542883227308632,18.806159988302944,8.04315865874378,-8.333060333980077,16.102267577979706,-3.787984601779855,16.47694932983511,39.55606845802418,-1.4964936121092831,12.990696076951815,-16.58647064971515,61.481213347563525,16.389550528797717,9.69145381301446,47.06764233524047,24.118183427604627,-24.438918817827854,-5.40709230967416,12.250008074568091,-26.653615557920702,31.23363807088177,-43.73094591751649,-22.755073202313195,6.1028791821839485,-3.999918752132777,18.975715419080764,-49.348755874289715,-9.58606586631263,-17.8297207494009,-31.617670017020075,2.7302032452874285,-0.9220314377386862,-12.787306726130707,16.722837705281393,-9.07031147372094,5.1767595162814954,9.750483274878693,-14.533370006891468,-0.8718215296338081
-8.048884146360011,-37.685637841071625,49.32334103446945,65.17922305523976,-24.686843866814588,28.125197672852767,-25.882726597752395,-11.216838422188946,12.468144891316996,-23.146337361791886,8.372530503275051,-22.984556594244754,-51.18562203749708,3.400285741974619,-16.58647064971515,24.339830442140396,-85.81517461629566,-23.680987818592452,-14.010717512561326,-64.7748734877686,-31.696978257029322,33.25179563057715,7.924710820607563,-15.846435550300594,34.882595749136364,-41.23942633242972,60.454370815452734,29.887360220425624,-9.091757034305637,6.195857205926785,-26.119036649090244,68.06904034084522,10.30972350348028,24.217924298705256,42.5998386201172,-2.370571306760555,0.5321682902509693,17.392214333298423,-21.742800292961576,11.401823989212327,-5.780344219706699,-12.945728768164482,20.46200701359201,2.641680763436171
30.789924016553915,137.0356058244793,-177.29294963759477,-235.39693591389414,87.8830039707933,-101.62021322894344,93.34509189016568,40.26056698749881,-43.67267194196756,82.19632018001442,-26.10169140942923,82.49430162018129,188.80874331267665,-10.523681777130989,61.481213347563525,-85.81517461629566,307.92929220443364,83.93963527485847,49.65349971835599,233.61127782002046,116.27063244583367,-120.41661326558122,-27.94844217570375,58.452245368968846,-128.12256152598044,150.99305122243103,-217.67720200886563,-109.64911401620472,31.89156739484498,-21.455459641344444,94.19943929513659,-245.2926115239252,-40.91419933849841,-87.74721763874844,-154.81610322339824,10.33908061136749,-2.875078521047157,-62.99303248593721,80.07727846081004,-42.52103683640312,22.594730712278803,47.30352475043999,-73.20347578138403,-7.656516115850214
8.030858623831206,37.013458646572055,-48.27170540714137,-63.88158793690886,24.089169235309214,-27.568905784365768,25.355701709429002,10.971986735689248,-12.106631478099011,22.569901286299892,-7.860083453681205,22.48436316065548,50.49669068230236,-3.1862316569733347,16.389550528797717,-23.680987818592452,83.93963527485847,23.079095186191747,13.65438966833919,63.45691586488826,31.21279159963262,-32.61670155183374,-7.711787574184644,15.633694837563624,-34.368409721702356,40.58838823467903,-59.19526823753106,-29.433712021427393,8.832417853303168,-5.995442851404378,25.587774257087332,-66.66815169191123,-10.412078951689141,-23.759776853094326,-41.8319937951845,2.4723587250344328,-0.6002580686722451,-17.061751713480767,21.43766031892566,-11.286371179978916,5.8073248013335705,12.733848312775258,-19.995269811271573,-2.4323877603322193
4.746899376173271,21.89152361945417,-28.554797421841954,-37.78532531086151,14.251227754111698,-16.306923291373515,14.9981501164068,6.489692701633165,-7.163999267579667,13.353340564431978,-4.656837788766902,13.30047039803798,29.86163875309506,-1.8882563974579571,9.69145381301446,-14.010717512561326,49.65349971835599,13.65438966833919,8.079448159241629,37.53518125251765,18.45847154446745,-19.29179203999479,-4.563032015470712,9.244449274083772,-20.325170225760687,24.003731967515144,-35.01498923344788,-17.40738453497999,5.226467651947509,-3.5483214509744188,15.135493063944178,-39.436100549496395,-6.1518697927160995,-14.053011462668426,-24.741897473852298,1.4588409404664253,-0.35257118148374134,-10.091910140568787,12.67767396008717,-6.672862536571645,3.431706409075955,7.531555896549344,-11.828179576737513,-1.4419342689809065
23.772432357243506,104.35412066638645,-134.5704688345981,-178.9133980725455,66.5205895334404,-77.24583979195641,70.91792877396999,30.54633733884468,-32.901287253882934,62.171986658219545,-18.948826020870293,62.58853944677645,144.3533507368004,-7.620269052850846,47.06764233524047,-64.7748734877686,233.61127782002046,63.45691586488826,37.53518125251765,177.4864504884818,88.75741594220337,-91.59226269248092,-21.09776283025457,44.689664338590845,-97.84060657961285,115.20423857937051,-165.30412998338534,-83.70652892492998,24.035966988537563,-16.108799047010248,71.56795431227236,-186.31817943314192,-31.88808627882139,-66.75348071495758,-117.87553729224865,8.24090463267839,-2.3905220852742795,-47.91623783508453,61.1962336440384,-32.60665662120961,17.542743301734113,36.07072780434139,-55.488266394486686,-5.413989770558127
12.512448621998617,52.579954772272565,-67.08519446091735,-89.58435917635009,32.85908422580333,-38.69303734821231,35.463843577308914,15.207690372198384,-15.997215599591971,30.63641742018588,-8.031831539587449,31.158571151529102,73.66890971652059,-3.195587215296432,24.118183427604627,-31.696978257029322,116.27063244583367,31.21279159963262,18.45847154446745,88.75741594220337,45.084551759833346,-45.97761328535071,-10.324690528550898,22.80408003500198,-49.74006396852814,58.41093362798508,-82.54082887697012,-42.51938646472724,11.702328663127235,-7.743622948092111,35.79293349112042,-93.10311711469,-17.261401010718767,-33.52112864472258,-59.361487804410494,4.749443361504165,-1.533864990960115,-24.05633511889431,31.19549645591263,-16.80012827113396,9.392358804924482,18.254644363477855,-27.541635070524432,-2.0467629831373917
-12.424911609216123,-53.95265286207753,69.39206096572052,92.35887978786612,-34.22538457873229,39.88010908252807,-36.59706608880334,-15.746514549648792,16.862973526935214,-31.969589486509978,9.412183428574567,-32.26354335334181,-74.87086736717237,3.7766515449567524,-24.438918817827854,33.25179563057715,-120.41661326558122,-32.61670155183374,-19.29179203999479,-91.59226269248092,-45.97761328535071,47.311405394089405,10.831513528640613,-23.179436516898477,50.69965782826006,-59.65355859777384,85.27430299076109,43.362462970933855,-12.323339792995936,8.23279117184314,-36.93261888953015,96.13148377355736,16.790240901206463,34.48508375817549,60.9357517190405,-4.413037219409393,1.3192462148426762,24.75132421247288,-31.728370073129057,16.952329093005414,-9.208816973619085,-18.668748797182666,28.58139683022492,2.6265312640421032
-2.6237413786878085,-12.276832833792957,16.064476501941932,21.230664460589487,-8.03861828535799,9.162006049562555,-8.42984012591478,-3.6522672846169844,4.0588147777860435,-7.537674045906088,2.719169721948891,-7.485535188658365,-16.680201003436128,1.1046455638552464,-5.40709230967416,7.924710820607563,-27.94844217570375,-7.711787574184644,-4.563032015470712,-21.09776283025457,-10.324690528550898,10.831513528640613,2.581629299939694,-5.16449746657967,11.36819736657997,-13.435405194612764,19.690179283952364,9.736707639790358,-2.9600202646996046,2.0158172623485435,-8.506786211999504,22.170662247788762,3.3654548673826716,7.889368439095492,13.877926791963073,-0.7759112215795302,0.17481942670528067,5.665507122881044,-7.082651221297714,3.715963953489569,-1.8848366454750105,-4.21786847813546,6.661944402999818,0.8571119177200042
6.400684239865852,26.54268992524186,-33.74377942621289,-45.12963738375442,16.477137684809666,-19.494943760443633,17.855812053643646,7.646969426518608,-7.976286237178004,15.351529145073918,-3.800866856129043,15.664428371331157,37.34685722670828,-1.5070693121786445,12.250008074568091,-15.846435550300594,58.452245368968846,15.633694837563624,9.244449274083772,44.689664338590845,22.80408003500198,-23.179436516898477,-5.16449746657967,11.565768395743929,-25.190010937309484,29.543078834798468,-41.538781602700375,-21.513209762686735,5.838856866859964,-3.8423381096792655,18.017239420811222,-46.86482202747918,-8.914997658407751,-16.90830291864171,-29.960911884538532,2.5026342174728513,-0.8281771399741971,-12.127635979749288,15.796350915375145,-8.542334194950344,4.828612104565683,9.226540673374386,-13.829484004963332,-0.920994808905701
-13.843374392925147,-57.99968894018635,73.93404399615771,98.76965797429095,-36.1849468235921,42.66331259142357,-39.091424827105925,-16.757581160462998,17.590613868770195,-33.734938474191594,8.719452104370054,-34.33382054493408,-81.35351488509279,3.4677154824834444,-26.653615557920702,34.882595749136364,-128.12256152598044,-34.368409721702356,-20.325170225760687,-97.84060657961285,-49.74006396852814,50.69965782826006,11.36819736657997,-25.190010937309484,54.922083858710934,-64.45830955547935,90.97666009212699,46.922106057637556,-12.871900421384066,8.50179496941681,-39.44897295522089,102.6244155491585,19.154012435379098,36.974858902796385,65.47910870890583,-5.301630259701774,1.72021806526648,26.52698483017745,-34.426143228439244,18.564587550336935,-10.40250731460866,-20.1414066898195,30.33384983798783,2.1968199592124575
16.152035402779056,68.19519669747281,-87.10465144471353,-116.26532026101948,42.706363987259316,-50.21560941686382,46.03125577612989,19.74933098673213,-20.82466516885252,39.8293168457054,-10.62165222301856,40.461080543306984,95.42321134260598,-4.2334676783908884,31.23363807088177,-41.23942633242972,150.99305122243103,40.58838823467903,24.003731967515144,115.20423857937051,58.41093362798508,-59.65355859777384,-13.435405194612764,29.543078834798468,-64.45830955547935,75.70636863602388,-107.15248686445601,-55.093550506265544,15.232497231735836,-10.089848828977331,46.45281646983444,-120.85425502875987,-22.228547014662993,-43.49634255770325,-76.99555583548342,6.084453982415891,-1.9439465776635,-31.210066561516438,40.40091570180173,-21.739004615695876,12.103163264541404,23.664247761192655,-35.77349113629189,-2.747608616246811
-22.028022189109848,-97.11996262349439,125.37186823640947,166.6121266814101,-62.02863368993128,71.93215135128409,-66.05057614666556,-28.46184332528525,30.726008802089034,-57.98688872617499,17.909941467532754,-58.31836211357025,-134.17629500434612,7.208619935832788,-43.73094591751649,60.454370815452734,-217.67720200886563,-59.19526823753106,-35.01498923344788,-165.30412998338534,-82.54082887697012,85.27430299076109,19.690179283952364,-41.538781602700375,90.97666009212699,-107.15248686445601,153.9808540945103,77.84221622310304,-22.443709008991203,15.060234082647325,-66.65608467591188,173.54260520512693,29.46097434909442,62.145297257219354,109.70948810306953,-7.56058347454431,2.165321157570333,44.61041104331288,-56.88993952393426,30.279194693438985,-16.227123899972046,-33.55600631411937,51.7175273861805,5.162031338651979
-11.804983729377334,-49.59237043181801,63.26713469283919,84.4889705898136,-30.985040007158474,36.49285505593058,-33.44537137451325,-14.340958072684174,15.081959916327326,-28.890270141441047,7.559804959015916,-29.38368409472448,-69.49436252225557,3.0080951457748273,-22.755073202313195,29.887360220425624,-109.64911401620472,-29.433712021427393,-17.40738453497999,-83.70652892492998,-42.51938646472724,43.362462970933855,9.736707639790358,-21.513209762686735,46.922106057637556,-55.093550506265544,77.84221622310304,40.104932096930554,-11.034156714008285,7.299180207748146,-33.754258589553395,87.80527858318145,16.293695577420348,31.617895412988972,55.98880693637783,-4.487836594729491,1.4490879274197974,22.688919967637155,-29.422150737568504,15.848525139010343,-8.861818998127351,-17.218407496116363,25.970246452306508,1.923892023291846
2.932680469129115,13.949332967282338,-18.32139925205049,-24.1754106370832,9.195744039915736,-10.430782980814374,9.604194078467842,4.167077075167804,-4.666926646296838,8.628983688091004,-3.2327217646497,8.541316438644971,18.863606192267252,-1.3151392462225724,6.1028791821839485,-9.091757034305637,31.89156739484498,8.832417853303168,5.226467651947509,24.035966988537563,11.702328663127235,-12.323339792995936,-2.9600202646996046,5.838856866859964,-12.871900421384066,15.232497231735836,-22.443709008991203,-11.034156714008285,3.40220007132338,-2.3278947380814943,9.693080856572518,-25.265516355294494,-3.7106551077314047,-8.973266176075933,-15.770962581077749,0.8238683223247403,-0.16794995727440434,-6.446560858513681,8.017882034597388,-4.187352595330373,2.09114945772874,4.785770020025117,-7.610692879011373,-1.0378448627326804
-1.8738730393194363,-9.289100580615798,12.310180857627202,16.183789507607393,-6.223335819504043,6.980153451198388,-6.436546348640926,-2.802311944882904,3.196534675782325,-5.850291566153472,2.382583569920909,-5.745632585952302,-12.419146154263936,0.9724960077669105,-3.999918752132777,6.195857205926785,-21.455459641344444,-5.995442851404378,-3.5483214509744188,-16.108799047010248,-7.743622948092111,8.23279117184314,2.0158172623485435,-3.8423381096792655,8.50179496941681,-10.089848828977331,15.060234082647325,7.299180207748146,-2.3278947380814943,1.609048806832194,-6.498139385028586,16.944125527749787,2.2894813845072965,5.99065826649601,10.50675506771148,-0.456444981685459,0.06252999005053765,4.3070464406525595,-5.289129004285881,2.732270417297688,-1.310551719399077,-3.1756273100355705,5.1325323623764465,0.7939208332003067
9.586018569722409,42.077937421677504,-54.263432947330834,-72.14226485370324,26.82330535362886,-31.147333221768463,28.595508863414597,12.316005222247949,-13.268194419819851,25.070159322141215,-7.642313993566004,25.238460687610758,58.20431408485316,-3.07261846610323,18.975715419080764,-26.119036649090244,94.19943929513659,25.587774257087332,15.135493063944178,71.56795431227236,35.79293349112042,-36.93261888953015,-8.506786211999504,18.017239420811222,-39.44897295522089,46.45281646983444,-66.65608467591188,-33.754258589553395,9.693080856572518,-6.498139385028586,28.86113865990869,-75.13017278635606,-12.856039589907587,-26.914452791032463,-47.52971641552075,3.320402983947905,-0.96387274674868,-19.32252592796281,24.678661955636905,-13.146938022394753,7.073960080296193,14.545216712417112,-22.374749975165095,-2.183847156582709
-24.891259954428193,-109.50587967365773,141.289399063476,187.80346698558176,-69.8727622007005,81.08280586607944,-74.4467640064298,-32.07220685412793,34.58630404754307,-65.31334762299049,20.04086137710511,-65.71769334326409,-151.38328816700192,8.063042645779444,-49.348755874289715,68.06904034084522,-245.2926115239252,-66.66815169191123,-39.436100549496395,-186.31817943314192,-93.10311711469,96.13148377355736,22.170662247788762,-46.86482202747918,102.6244155491585,-120.85425502875987,173.54260520512693,87.80527858318145,-25.265516355294494,16.944125527749787,-75.13017278635606,195.59835499055143,33.338984393020645,70.05960265027956,123.69819438981638,-8.585394901158576,2.4741023523471513,50.291549728722416,-64.18184335387757,34.17751821613028,-18.352164144970306,-37.844351610615455,58.27050716683046,5.751332695548756
-5.460894014561794,-19.508931011876747,23.776994871442902,32.36928526831517,-11.172429065386272,14.00596495737096,-12.73890392496584,-5.357900677668225,5.034212754425418,-10.303884714066937,0.633038409697213,-10.974015784826353,-28.785890139907078,0.19161552033842236,-9.58606586631263,10.30972350348028,-40.91419933849841,-10.412078951689141,-6.1518697927160995,-31.88808627882139,-17.261401010718767,16.790240901206463,3.3654548673826716,-8.914997658407751,19.154012435379098,-22.228547014662993,29.46097434909442,16.293695577420348,-3.7106551077314047,2.2894813845072965,-12.856039589907587,33.338984393020645,8.257119257961127,12.271895319083004,21.97793760474817,-2.6957831421258747,1.0767729393483607,8.789666144364658,-12.112721634009405,6.806093125550484,-4.331736111911336,-6.895152463288895,9.5647394235191,-0.29262309195181946
-9.070084109767077,-39.33223627312653,50.569030272329094,67.31682572836901,-24.933395244894818,29.067148723425934,-26.67222070757456,-11.475280916636915,12.277127223262765,-23.288720924268546,6.822429019806357,-23.5098578686714,-54.60724887083203,2.737086883505041,-17.8297207494009,24.217924298705256,-87.74721763874844,-23.759776853094326,-14.053011462668426,-66.75348071495758,-33.52112864472258,34.48508375817549,7.889368439095492,-16.90830291864171,36.974858902796385,-43.49634255770325,62.145297257219354,31.617895412988972,-8.973266176075933,5.99065826649601,-26.914452791032463,70.05960265027956,12.271895319083004,25.14013799007306,44.422331351386106,-3.2353742536476524,0.9698797165882985,18.041055328115135,-23.135085821197862,12.367847971382144,-6.725629387559904,-13.611124910402282,20.824154519919748,1.897805097954205
-16.16395851278681,-69.54605765888455,89.24684162843131,118.89466615479208,-43.932794762124885,51.34261427270229,-47.09852391844359,-20.245922020703503,21.57365527136121,-41.01728959569234,11.708306949760154,-41.48169630084448,-96.77280062766147,4.688858135534085,-31.617670017020075,42.5998386201172,-154.81610322339824,-41.8319937951845,-24.741897473852298,-117.87553729224865,-59.361487804410494,60.9357517190405,13.877926791963073,-29.960911884538532,65.47910870890583,-76.99555583548342,109.70948810306953,55.98880693637783,-15.770962581077749,10.50675506771148,-47.52971641552075,123.69819438981638,21.97793760474817,44.422331351386106,78.53907990647897,-5.857995721827689,1.7921173497301777,31.879867406434112,-40.99527696977547,21.95505957465597,-12.023566132800655,-24.086964074870135,36.723517801265665,3.195419622250004
1.6745548921922064,5.211084755351533,-6.056162306807746,-8.416245329639004,2.7145479376546127,-3.648013092293412,3.2914718303831205,1.3564725190049225,-1.1056026749007526,2.470790964738905,0.45157295138395365,2.775587273242265,8.07339680092816,0.21154259257194447,2.7302032452874285,-2.370571306760555,10.33908061136749,2.4723587250344328,1.4588409404664253,8.24090463267839,4.749443361504165,-4.413037219409393,-0.7759112215795302,2.5026342174728513,-5.301630259701774,6.084453982415891,-7.56058347454431,-4.487836594729491,0.8238683223247403,-0.456444981685459,3.320402983947905,-8.585394901158576,-2.6957831421258747,-3.2353742536476524,-5.857995721827689,0.9683885366685622,-0.42186805477023476,-2.3111588110639603,3.375989817795242,-1.9694395419072968,1.3804642324752248,1.8735859172730012,-2.3815629909108735,0.35605362122257117
-0.6257140971054782,-1.5996799417802388,1.7090549731903244,2.4668848608359375,-0.6957073443248389,1.0730064750426367,-0.9541124147011707,-0.37802556337728427,0.21840222125040643,-0.6146151062980224,-0.4546019208130855,-0.773199075772715,-2.6734078325462503,-0.19961619557134544,-0.9220314377386862,0.5321682902509693,-2.875078521047157,-0.6002580686722451,-0.35257118148374134,-2.3905220852742795,-1.533864990960115,1.3192462148426762,0.17481942670528067,-0.8281771399741971,1.72021806526648,-1.9439465776635,2.165321157570333,1.4490879274197974,-0.16794995727440434,0.06252999005053765,-0.96387274674868,2.4741023523471513,1.0767729393483607,0.9698797165882985,1.7921173497301777,-0.42186805477023476,0.19898458963117732,0.6915039113557445,-1.1113321982309272,0.6821384489847732,-0.5391198531750556,-0.5918305120060736,0.6436601491339518,-0.2512941016678012
-6.50286953757962,-28.22723656201424,36.302490436801115,48.3180091667581,-17.902642564506287,20.86333541297511,-19.144941238020763,-8.236232639607149,8.820027046403279,-16.723424138628403,4.916882838017298,-16.878458887045486,-39.175170323215355,1.97238805196061,-12.787306726130707,17.392214333298423,-62.99303248593721,-17.061751713480767,-10.091910140568787,-47.91623783508453,-24.05633511889431,24.75132421247288,5.665507122881044,-12.127635979749288,26.52698483017745,-31.210066561516438,44.61041104331288,22.688919967637155,-6.446560858513681,4.3070464406525595,-19.32252592796281,50.291549728722416,8.789666144364658,18.041055328115135,31.879867406434112,-2.3111588110639603,0.6915039113557445,12.95082863378658,-16.60183613266479,8.870206147493008,-4.819794069615334,-9.768121996291228,14.950680957285037,1.3715114468323384
8.726896551578564,36.316116663338974,-46.22056159149091,-61.78492379492609,22.59051981628042,-26.688361818645323,24.4512903589227,10.474231048359911,-10.956603106014523,21.05087207307301,-5.305895661567673,21.46068592153963,51.03168367088906,-2.1046580989215338,16.722837705281393,-21.742800292961576,80.07727846081004,21.43766031892566,12.67767396008717,61.1962336440384,31.19549645591263,-31.728370073129057,-7.082651221297714,15.796350915375145,-34.426143228439244,40.40091570180173,-56.88993952393426,-29.422150737568504,8.017882034597388,-5.289129004285881,24.678661955636905,-64.18184335387757,-12.112721634009405,-23.135085821197862,-40.99527696977547,3.375989817795242,-1.1113321982309272,-16.60183613266479,21.603247777157655,-11.662330998769496,6.57469165984041,12.621036719178116,-18.95575483779494,-1.3050323748711248
-4.81384092517652,-19.456328690541678,24.571606500509112,32.95299081356004,-11.92871189955831,14.238732348921262,-13.02817434978874,-5.563645896699982,5.715299480597865,-11.096349182548309,2.4419773348658116,-11.396667586249063,-27.58834453289269,0.9584170999255415,-9.07031147372094,11.401823989212327,-42.52103683640312,-11.286371179978916,-6.672862536571645,-32.60665662120961,-16.80012827113396,16.952329093005414,3.715963953489569,-8.542334194950344,18.564587550336935,-21.739004615695876,30.279194693438985,15.848525139010343,-4.187352595330373,2.732270417297688,-13.146938022394753,34.17751821613028,6.806093125550484,12.367847971382144,21.95505957465597,-1.9694395419072968,0.6821384489847732,8.870206147493008,-11.662330998769496,6.346216314593239,-3.665834954892207,-6.781877711214956,10.043149294692169,0.520070754830353
2.907369121059209,10.668759979638525,-13.112781987551216,-17.786769438448378,6.210839333889202,-7.693477413226756,7.009003591054037,2.958634777318731,-2.8425613418531372,5.738914072838827,-0.5785113189545216,6.059405999483521,15.597581067206201,-0.20291430413680908,5.1767595162814954,-5.780344219706699,22.594730712278803,5.8073248013335705,3.431706409075955,17.542743301734113,9.392358804924482,-9.208816973619085,-1.8848366454750105,4.828612104565683,-10.40250731460866,12.103163264541404,-16.227123899972046,-8.861818998127351,2.09114945772874,-1.310551719399077,7.073960080296193,-18.352164144970306,-4.331736111911336,-6.725629387559904,-12.023566132800655,1.3804642324752248,-0.5391198531750556,-4.819794069615334,6.57469165984041,-3.665834954892207,2.287445108878089,3.7592269482781804,-5.297341797118877,0.05666728095139011
5.026632228841931,21.332771067222097,-27.283968184350723,-36.39662191695872,13.391378495275859,-15.719678814932442,14.412766275597782,6.185805120761457,-6.543210344975326,12.49372634129178,-3.396588430614151,12.67532772298818,29.80416913841175,-1.35599839230752,9.750483274878693,-12.945728768164482,47.30352475043999,12.733848312775258,7.531555896549344,36.07072780434139,18.254644363477855,-18.668748797182666,-4.21786847813546,9.226540673374386,-20.1414066898195,23.664247761192655,-33.55600631411937,-17.218407496116363,4.785770020025117,-3.1756273100355705,14.545216712417112,-37.844351610615455,-6.895152463288895,-13.611124910402282,-24.086964074870135,1.8735859172730012,-0.5918305120060736,-9.768121996291228,12.621036719178116,-6.781877711214956,3.7592269482781804,7.399957979632337,-11.210622353162327,-0.8928655888541075
-7.242928395699696,-32.50340047820392,42.13478216453219,55.89772387704825,-20.9216821601089,24.128104088318715,-22.17324430064258,-9.572047301079602,10.42588369454841,-19.574367382190268,6.367120085294337,-19.61069052697866,-44.67372875206582,2.570823864627943,-14.533370006891468,20.46200701359201,-73.20347578138403,-19.995269811271573,-11.828179576737513,-55.488266394486686,-27.541635070524432,28.58139683022492,6.661944402999818,-13.829484004963332,30.33384983798783,-35.77349113629189,51.7175273861805,25.970246452306508,-7.610692879011373,5.1325323623764465,-22.374749975165095,58.27050716683046,9.5647394235191,20.824154519919748,36.723517801265665,-2.3815629909108735,0.6436601491339518,14.950680957285037,-18.95575483779494,10.043149294692169,-5.297341797118877,-11.210622353162327,17.414854212539677,1.8945767070330723
-0.1283516498221805,-2.8034377416764285,4.306295727508078,5.346006410083631,-2.419515961568852,2.2926781629841897,-2.1644344614258464,-0.9970487679671303,1.442488382804193,-2.3309429836601865,1.965725642363482,-2.0450907735719426,-2.976667485835656,0.8223516451583213,-0.8718215296338081,2.641680763436171,-7.656516115850214,-2.4323877603322193,-1.4419342689809065,-5.413989770558127,-2.0467629831373917,2.6265312640421032,0.8571119177200042,-0.920994808905701,2.1968199592124575,-2.747608616246811,5.162031338651979,1.923892023291846,-1.0378448627326804,0.7939208332003067,-2.183847156582709,5.751332695548756,-0.29262309195181946,1.897805097954205,3.195419622250004,0.35605362122257117,-0.2512941016678012,1.3715114468323384,-1.3050323748711248,0.520070754830353,0.05666728095139011,-0.8928655888541075,1.8945767070330723,0.7996311164595408
