V1,V2,V3,V4,V5,V6,V7,V8,V9,V10,V11,V12,V13,V14,V15,V16,V17,V18,V19,V20,V21,V22,V23,V24,V25,V26,V27,V28,V29,V30,V31,V32,V33,V34,V35,V36,V37,V38,V39,V40,V41,V42,V43,V44
0.9448184995790786,1.8581471069250186,-1.6888068481186274,-2.6336290869872467,0.5369535024395382,-1.152692991681396,0.9972478362550208,0.3635776100751845,-0.013687336266665927,0.4308437875086115,1.153038086306867,0.741916364162853,3.4923400589578133,0.49621445189300994,1.2407052078467433,-0.23134918893331624,2.7465340213566662,0.3857676896788021,0.22447566070709926,2.49874147305599,1.9237775311683967,-1.4605699476749305,-0.07873635447954944,1.0827023502947162,-2.1839666487845038,2.405932170560802,-2.2047705263117847,-1.821646339428286,0.026870785312908107,0.08299575660855465,1.0061371439305997,-2.5531375236273286,-1.743777547152631,-1.0825525001867822,-2.069028566427365,0.738425219386023,-0.3655676339037596,-0.7669711339845112,1.4347063150449284,-0.9447518717533194,0.8517807638300046,0.720010219486235,-0.5743593931229881,0.5723184431851495
1.8581471069250186,7.007482091640965,-8.680271690598078,-11.735775112165937,4.141410102504955,-5.074515849603238,4.628242926032769,1.960302763642065,-1.9215066865520225,3.834715254641036,-0.5223850851565045,4.015768916661199,10.15652778878106,-0.1940508159670096,3.3632284691470073,-3.8855060048947396,14.975311382015889,3.8873317110899657,2.29760348086859,11.584607030844644,6.132680746690042,-6.064564540042435,-1.2675255140311827,3.1451880943012616,-6.791882673319667,7.914011176145776,-10.728136724819837,-5.786784270643475,1.411943138702916,-0.8953092045576273,4.670977472458272,-12.125948647641708,-2.7326970668444717,-4.42834992822354,-7.899833024923251,0.850783164622078,-0.32255127700439534,-3.1741165829226055,4.282738344269167,-2.372506148707908,1.4492082316855173,2.4610150616238022,-3.517764983833172,-0.027415798504860246
-1.6888068481186274,-8.680271690598078,11.585292615163613,15.187554175737125,-5.891460479749153,6.548717802557485,-6.0458903640833626,-2.6404574264642924,3.0533400547638974,-5.545862798576329,2.4008233870072577,-5.412124810109246,-11.49758300255584,0.9835567436447932,-3.6926144768475377,5.898170040886471,-20.213816604482457,-5.6902040406919685,-3.367987979584766,-15.129510517938641,-7.19243857598542,7.712782604521173,1.919311379551406,-3.558597320872962,7.894268341151911,-9.386653924611899,14.158793714149587,6.779608473942713,-2.2214385480369003,1.5447482270374608,-6.101407944425038,15.921365543417673,2.0020523601978817,5.611469879202825,9.821675100853387,-0.3584170741646719,0.02012729978559175,4.033447426407408,-4.89920409907624,2.5106892523789104,-1.1607084314041547,-2.9576439237226344,4.844146317731288,0.8203031096584015
-2.6336290869872467,-11.735775112165937,15.187554175737125,20.163498775441386,-7.529960973598345,8.704102465620222,-7.995491657538294,-3.4491971478178822,3.743397280303012,-7.043192376596749,2.2442229287861464,-7.067408897224161,-16.163848181852778,0.9045973948497104,-5.2626414909856685,7.355147127115191,-26.38000556599091,-7.193426435581239,-4.254772949578392,-20.010574431722365,-9.95538405771446,10.313882045596069,2.3952282580960467,-5.0043618326208845,10.969932527569613,-12.928069531372437,18.64632006943345,9.388245671548244,-2.7337363549467892,1.8396744459028735,-8.068939869961556,21.010932314488347,3.4964648605753523,7.5156439864376345,13.25830795347796,-0.8815758508713518,0.24436108047171676,5.395907740088598,-6.855652943536119,3.6394082331596462,-1.9312135348269348,-4.050056791655884,6.271865022169657,0.6600397761891535
0.5369535024395382,4.141410102504955,-5.891460479749153,-7.529960973598345,3.1446694817338616,-3.2388762543416063,3.021266708583503,1.352727491030249,-1.7515194756251553,2.9941787748949134,-1.9131089175520883,2.7741236384894177,5.010408372218239,-0.7950176782951709,1.5544108325544264,-3.288708572980269,10.371556533439428,3.0981077181510823,1.8356537742476928,7.558749611055024,3.2548869904641125,-3.7674193676493872,-1.0686954812353837,1.5499695947185677,-3.5384823637331233,4.296034676948059,-7.135528287786431,-3.063662249182025,1.266109633573694,-0.9271216612749608,3.049119220715895,-7.989606190619225,-0.3494461352047331,-2.7314088272110837,-4.701223013063537,-0.13385405266770126,0.15699995200613343,-1.9683463232453238,2.1597970519117466,-1.0102443529640686,0.27619277991049956,1.3710322276460956,-2.524294513749521,-0.7357829249022085
-1.152692991681396,-5.074515849603238,6.548717802557485,8.704102465620222,-3.2388762543416063,3.7581042418249115,-3.4504902870552314,-1.4865436453830239,1.6036829850686642,-3.0278297272648613,0.9312545700022187,-3.045892504153076,-7.013814677743395,0.3746309318903317,-2.286276875880526,3.1560793926048953,-11.369658682130414,-3.0906573777023736,-1.828162731930838,-8.635494535290455,-4.3136571493536104,4.455206358506741,1.0279458594740871,-2.1712858742904095,4.75527478534112,-5.599796292462672,8.043412561558227,4.0685238381028395,-1.1716510235328077,0.7859237832659007,-3.4818983124401868,9.06561963328041,1.5430049067864113,3.247079312742688,5.732479727587655,-0.3969330749107095,0.11425327859472686,2.3307962425705853,-2.9734772660034294,1.5832465744870743,-0.8494048760735992,-1.753568237040877,2.7009395113707013,0.2675625014802975
0.9972478362550208,4.628242926032769,-6.0458903640833626,-7.995491657538294,3.021266708583503,-3.4504902870552314,3.1748025667045225,1.3746956844628018,-1.521816291864659,2.831488369536072,-1.0037651283148459,2.8165281937364828,6.301388234789994,-0.4073488280484231,2.0436915017643793,-2.9738163186923483,10.515874166869429,2.895820927062766,1.7133132642099385,7.944335450956491,3.8987314013815126,-4.080946454566174,-0.9681165853458721,1.9506071515369443,-4.291026921640276,5.070795931926252,-7.41231631183431,-3.6762632561355697,1.1099673530085332,-0.7549561865218328,3.203192733652848,-8.347260123519142,-1.2855229272090458,-2.972395411800077,-5.231357762990228,0.3008155843858594,-0.07065235930164139,-2.1344380144584756,2.6762254711362727,-1.406357907282384,0.7189842000062748,1.5912533412751377,-2.5065057956153356,-0.3132863750765473
0.3635776100751845,1.960302763642065,-2.6404574264642924,-3.4491971478178822,1.352727491030249,-1.4865436453830239,1.3746956844628018,0.6029851233889995,-0.7090259510420387,1.2754059990547302,-0.5935318247664148,1.2350734809944348,2.5648632086075707,-0.2436978830754544,0.8200578558267418,-1.3638736474986486,4.613889421873017,1.3104507397147047,0.7754522701915996,3.4396146460545323,1.6126855461338947,-1.7478841051170948,-0.44337797068858026,0.7940498079036293,-1.7675109002898846,2.107602785883724,-3.2229412058968254,-1.519628135799551,0.5153465337480395,-0.3614127547974165,1.386887363767853,-3.6214919507455012,-0.4115960522003945,-1.271295637125325,-2.2190108558965345,0.0606035863293125,0.0063888656875463615,-0.9138368688556743,1.094590582082617,-0.554731438900123,0.2435650894594698,0.6649652904792319,-1.1086656635273693,-0.2083014966625719
-0.013687336266665927,-1.9215066865520225,3.0533400547638974,3.743397280303012,-1.7515194756251553,1.6036829850686642,-1.521816291864659,-0.7090259510420387,1.0712653210341478,-1.694864753765079,1.5611262981325984,-1.4553206663375238,-1.9085163157279597,0.6543100246908983,-0.5392858930160731,1.9426077833260722,-5.451014912703376,-1.7735237863158375,-1.0522399142257552,-3.806375565913776,-1.355022643886856,1.8250058400743916,0.6300756645657851,-0.5895133104709503,1.442465320121449,-1.8332204870580417,3.6447420273174225,1.2721718296015185,-0.7688460087806613,0.5974219825016691,-1.535961680761938,4.052906680973232,-0.3690515673239897,1.3155186826292102,2.1950454232523446,0.3293286522011498,-0.21864073260253442,0.9522968000379395,-0.8462549977826372,0.30423320634099343,0.11551497648058084,-0.6012368533831245,1.3580070337921362,0.643371559181443
0.4308437875086115,3.834715254641036,-5.545862798576329,-7.043192376596749,2.9941787748949134,-3.0278297272648613,2.831488369536072,1.2754059990547302,-1.694864753765079,2.858958676996388,-1.9616864080281726,2.616066236548703,4.5221927457807825,-0.8165999543742133,1.3879567927993086,-3.163030294221364,9.784359413570908,2.963579290798302,1.7563317266010197,7.083894809345234,2.969801843194796,-3.5102431488131125,-1.0274748282323916,1.398597901753574,-3.2205072014766882,3.9325970509519306,-6.701665253989727,-2.7950433850887064,1.2239428518155095,-0.9060896885637084,2.8576142570004266,-7.496132734111669,-0.17366009959501,-2.543149597815424,-4.357210984671932,-0.19926002597186943,0.18640353209293023,-1.8339577748363098,1.9557945337144567,-0.8889795492315424,0.18676941205140965,1.2598466974899554,-2.3900138868803174,-0.7665379671529221
1.153038086306867,-0.5223850851565045,2.4008233870072577,2.2442229287861464,-1.9131089175520883,0.9312545700022187,-1.0037651283148459,-0.5935318247664148,1.5611262981325984,-1.9616864080281726,3.733248750903686,-1.2218778990383994,1.5262583468798518,1.5802394210578354,0.7468930723682412,2.5753705006408776,-4.620205790720076,-2.1330756119704275,-1.270599967799252,-2.504755547374461,0.3938928999349234,0.8744613479686577,0.8300307186541267,0.47620573934441907,-0.5877250895508123,0.2877726153605957,2.631280849718949,-0.38813077091975734,-1.099791972601188,0.9838019950640434,-1.0125045532747885,2.800037916746053,-2.7101308887774884,0.5947563369738934,0.664063569320231,1.4020623629996776,-0.7756050852818652,0.450264090188986,0.5357464990122729,-0.7251014518299528,1.2284627240170678,0.008594482247786379,1.287734256601785,1.658825860735792
0.741916364162853,4.015768916661199,-5.412124810109246,-7.067408897224161,2.7741236384894177,-3.045892504153076,2.8165281937364828,1.2350734809944348,-1.4553206663375238,2.616066236548703,-1.2218778990383994,2.5321697785425834,5.249505882396194,-0.5022085810840036,1.6780294096450254,-2.7975060908777993,9.456781945460705,2.68852325699194,1.5914538669974008,7.048246364557353,3.3020385410775877,-3.581054190823579,-0.9102382043351792,1.6248400494001705,-3.61875459773315,4.31539172819239,-6.60518739498962,-3.1110649364429492,1.0574014908743223,-0.7418746878712116,2.84291838886638,-7.42189125703236,-0.8379059657181341,-2.6033606070563193,-4.545441167273839,0.12102474496617384,0.015138329131518647,-1.8725825496781359,2.2407450437123106,-1.1342053541821482,0.49641131186621607,1.361954191799262,-2.272068814679937,-0.42976763004723545
3.4923400589578133,10.15652778878106,-11.49758300255584,-16.163848181852778,5.010408372218239,-7.013814677743395,6.301388234789994,2.5648632086075707,-1.9085163157279597,4.5221927457807825,1.5262583468798518,5.249505882396194,16.133673215472097,0.6868907438938622,5.491436375180005,-4.218943462418793,19.54023644522198,4.493945785769225,2.6500604248887845,15.777162578871534,9.414629875323726,-8.52891277095698,-1.3821952955292454,4.998236822438495,-10.521098329902014,12.0138466997597,-14.417763137901783,-8.895059151832948,1.4321073294905493,-0.7312658156838863,6.359186807710817,-16.404453002646893,-5.762609511678353,-6.256130503461064,-11.40436257840176,2.139739938509454,-0.9624092719273976,-4.468496415825753,6.736113430827161,-3.9966238105821503,2.9269914983088103,3.686411912282106,-4.464791846185575,0.9849376303932172
0.49621445189300994,-0.1940508159670096,0.9835567436447932,0.9045973948497104,-0.7950176782951709,0.3746309318903317,-0.4073488280484231,-0.2436978830754544,0.6543100246908983,-0.8165999543742133,1.5802394210578354,-0.5022085810840036,0.6868907438938622,0.6694727377450418,0.32960340754474504,1.0759981039572628,-1.8990647907120033,-0.8890181167164106,-0.529952385254643,-1.0159228126844881,0.19091042638797764,0.3466544172589036,0.34700733353434376,0.21438676382645647,-0.2759949544897037,0.15257518075144447,1.0731235496163798,-0.1874010248658327,-0.46038084506638394,0.41327423063750635,-0.41091927207182993,1.139355601131289,-1.1593441112118008,0.23404617537764025,0.2505374496622378,0.5976268315756359,-0.33036278938572,0.17798406147305607,0.2438020558880789,-0.3168166995026351,0.5260991361732217,0.013109145996619836,0.5318927089456377,0.7029328956777143
1.2407052078467433,3.3632284691470073,-3.6926144768475377,-5.2626414909856685,1.5544108325544264,-2.286276875880526,2.0436915017643793,0.8200578558267418,-0.5392858930160731,1.3879567927993086,0.7468930723682412,1.6780294096450254,5.491436375180005,0.32960340754474504,1.8838522354217766,-1.2474794629742347,6.2411596129568645,1.367773464478023,0.8059158334811416,5.1169173128723475,3.1730554926150933,-2.7965345062912452,-0.40961082833181717,1.701372251975382,-3.5552614925785635,4.035659079596029,-4.654302715487534,-2.998779587087125,0.4091482328267096,-0.1822094169090719,2.062255442306109,-5.308086376456437,-2.0986469268732093,-2.054094460025851,-3.7714191869263938,0.8043264250732668,-0.37086960691722715,-1.4655408172058682,2.286329176265976,-1.382275831330374,1.0566210951902566,1.2331727355619424,-1.4114434460340637,0.43435396003279403
-0.23134918893331624,-3.8855060048947396,5.898170040886471,7.355147127115191,-3.288708572980269,3.1560793926048953,-2.9738163186923483,-1.3638736474986486,1.9426077833260722,-3.163030294221364,2.5753705006408776,-2.7975060908777993,-4.218943462418793,1.0759981039572628,-1.2474794629742347,3.568993476509445,-10.471924640017454,-3.295949363467646,-1.9538774733136026,-7.439221000233252,-2.873928849767085,3.624305514066787,1.157860827689013,-1.3043967166689872,3.0893694386093964,-3.8447459306573504,7.081922531065164,2.7017934753257613,-1.3984277487041457,1.0639757741272515,-3.0010220649974246,7.896733750211818,-0.2877279275719362,2.6196184965211917,4.426825306386559,0.4350468135717159,-0.3156583213380991,1.892603811226318,-1.8456625970042368,0.7575705711539453,0.02363136301055882,-1.2455283416366683,2.58512704193731,1.0403425432365154
2.7465340213566662,14.975311382015889,-20.213816604482457,-26.38000556599091,10.371556533439428,-11.369658682130414,10.515874166869429,4.613889421873017,-5.451014912703376,9.784359413570908,-4.620205790720076,9.456781945460705,19.54023644522198,-1.8990647907120033,6.2411596129568645,-10.471924640017454,35.3276464731949,10.055331125437652,5.952204248172371,26.314437945199895,12.298801468636137,-13.361542825884749,-3.4061965759044095,6.047751778411146,-13.477805371130266,16.079839159574753,-24.664266487191064,-11.59022280589905,3.961148855022566,-2.78348149879167,10.612114164357044,-27.712619467067068,-3.0764412401542933,-9.715839237922125,-16.954035963119818,0.42827715409050143,0.06855124803288232,-6.986632422720187,8.341681923974292,-4.215103567679284,1.8291854329116652,5.077103861133356,-8.490624605473954,-1.6297566560009316
0.3857676896788021,3.8873317110899657,-5.6902040406919685,-7.193426435581239,3.0981077181510823,-3.0906573777023736,2.895820927062766,1.3104507397147047,-1.7735237863158375,2.963579290798302,-2.1330756119704275,2.68852325699194,4.493945785769225,-0.8890181167164106,1.367773464478023,-3.295949363467646,10.055331125437652,3.0769688401491853,1.823534764782717,7.244817979537404,2.977298064157356,-3.57504974197448,-1.0704283359220574,1.389881809780037,-3.2215098545189917,3.9513914336183196,-6.864894883509096,-2.800605672080774,1.2794772371440766,-0.954152755376945,2.9229303041066017,-7.672181927576217,-0.061447023097614684,-2.587877519421667,-4.419281319629794,-0.25987960794186293,0.22049102570636397,-1.8677273030029025,1.9489667783738505,-0.8657417035680923,0.13656997514171568,1.2689384460219906,-2.4630186965138656,-0.8423351656898066
0.22447566070709926,2.29760348086859,-3.367987979584766,-4.254772949578392,1.8356537742476928,-1.828162731930838,1.7133132642099385,0.7754522701915996,-1.0522399142257552,1.7563317266010197,-1.270599967799252,1.5914538669974008,2.6500604248887845,-0.529952385254643,0.8059158334811416,-1.9538774733136026,5.952204248172371,1.823534764782717,1.0812141756987863,4.28624605487018,1.757393523507293,-2.1139132030029364,-0.6348363975073926,0.8193309819233735,-1.9010829367399602,2.333517780694741,-4.062356510089281,-1.653038691836775,0.7588341100876882,-0.5664082469221958,1.7294742059023136,-4.540113101232957,-0.028728188684266624,-1.5298914825555603,-2.6123644595618742,-0.15745922466426102,0.13261221859133943,-1.1041315810527583,1.149691380674647,-0.5090741611239766,0.07745492111440352,0.7498378920131201,-1.4582240863484586,-0.5021429337959115
2.49874147305599,11.584607030844644,-15.129510517938641,-20.010574431722365,7.558749611055024,-8.635494535290455,7.944335450956491,3.4396146460545323,-3.806375565913776,7.083894809345234,-2.504755547374461,7.048246364557353,15.777162578871534,-1.0159228126844881,5.1169173128723475,-7.439221000233252,26.314437945199895,7.244817979537404,4.28624605487018,19.881594315623204,9.760444847804195,-10.213846363356222,-2.422080774122401,4.884034675356344,-10.743057706877742,12.693670360217233,-18.549757104650855,-9.203415772569173,2.776386507865507,-1.8878852876278185,8.016960275611643,-20.889588605813195,-3.2235691328318614,-7.4394423426784755,-13.093928221988424,0.7557977890937205,-0.17861345087610547,-5.342591509269808,6.700431090790792,-3.5218144780290084,1.8021247935028213,3.9833305512889594,-6.27115521401495,-0.7809579326753902
1.9237775311683967,6.132680746690042,-7.19243857598542,-9.95538405771446,3.2548869904641125,-4.3136571493536104,3.8987314013815126,1.6126855461338947,-1.355022643886856,2.969801843194796,0.3938928999349234,3.3020385410775877,9.414629875323726,0.19091042638797764,3.1730554926150933,-2.873928849767085,12.298801468636137,2.977298064157356,1.757393523507293,9.760444847804195,5.563540699966124,-5.2103842355809356,-0.9398791666044646,2.916330870532594,-6.196039310988734,7.128371683921714,-8.967094834563497,-5.253119042314893,1.0063579308797408,-0.5719867490064797,3.9348587153898786,-10.17525597994111,-3.0627507188774237,-3.8144782960002783,-6.896357743497556,1.0819900024528102,-0.4665107188224588,-2.7284906438076875,3.9452430782675854,-2.284213713561193,1.5763171294909644,2.1978704659547628,-2.8425441487832055,0.35776835398640616
-1.4605699476749305,-6.064564540042435,7.712782604521173,10.313882045596069,-3.7674193676493872,4.455206358506741,-4.080946454566174,-1.7478841051170948,1.8250058400743916,-3.5102431488131125,0.8744613479686577,-3.581054190823579,-8.52891277095698,0.3466544172589036,-2.7965345062912452,3.624305514066787,-13.361542825884749,-3.57504974197448,-2.1139132030029364,-10.213846363356222,-5.2103842355809356,5.297299943439006,1.1810245491090625,-2.6408241744075514,5.7532018852839615,-6.748373959975441,9.494210773021814,4.914593118753164,-1.3357980053509855,0.8797159181610268,-4.1184185336198125,10.711025674141837,2.0316673469115663,3.863094730042215,6.845468522069674,-0.5684856537004038,0.18788560219382194,2.771848363563588,-3.608776639366091,1.950306065311428,-1.1011419899062889,-2.1075804819685238,3.1619713808194474,0.21317212843853592
-0.07873635447954944,-1.2675255140311827,1.919311379551406,2.3952282580960467,-1.0686954812353837,1.0279458594740871,-0.9681165853458721,-0.44337797068858026,0.6300756645657851,-1.0274748282323916,0.8300307186541267,-0.9102382043351792,-1.3821952955292454,0.34700733353434376,-0.40961082833181717,1.157860827689013,-3.4061965759044095,-1.0704283359220574,-0.6348363975073926,-2.422080774122401,-0.9398791666044646,1.1810245491090625,0.3760152755131147,-0.42718291540767633,1.0106447835147507,-1.256645922679644,2.305226339184983,0.883364372311212,-0.4533803917008079,0.34447778756088704,-0.9774235735733087,2.570967513638787,-0.08601552009769307,0.8532017721460413,1.4438466083759147,0.13815091279282016,-0.101089503974603,0.6166428757350865,-0.6044232182122443,0.2493267206771029,0.00399941109483954,-0.4069230910493153,0.8402335961546211,0.33488547095810806
1.0827023502947162,3.1451880943012616,-3.558597320872962,-5.0043618326208845,1.5499695947185677,-2.1712858742904095,1.9506071515369443,0.7940498079036293,-0.5895133104709503,1.398597901753574,0.47620573934441907,1.6248400494001705,4.998236822438495,0.21438676382645647,1.701372251975382,-1.3043967166689872,6.047751778411146,1.389881809780037,0.8193309819233735,4.884034675356344,2.916330870532594,-2.6408241744075514,-0.42718291540767633,1.54872915946583,-3.2589952061496934,3.720942679057022,-4.462929206061762,-2.755229182890988,0.44246381708847476,-0.22545767961494365,1.968576660154211,-5.07772147481772,-1.7871916505186056,-1.9372356650709128,-3.5313058729530447,0.6639936755819711,-0.29883143357001624,-1.3837000417453973,2.086812907319331,-1.2386164835536735,0.9075657435809591,1.1415529771862218,-1.3818148015980851,0.3064700565421179
-2.1839666487845038,-6.791882673319667,7.894268341151911,10.969932527569613,-3.5384823637331233,4.75527478534112,-4.291026921640276,-1.7675109002898846,1.442465320121449,-3.2205072014766882,-0.5877250895508123,-3.61875459773315,-10.521098329902014,-0.2759949544897037,-3.5552614925785635,3.0893694386093964,-13.477805371130266,-3.2215098545189917,-1.9010829367399602,-10.743057706877742,-6.196039310988734,5.7532018852839615,1.0106447835147507,-3.2589952061496934,6.907683053897351,-7.9306387036373325,9.856170248959133,5.852186268240374,-1.0743651202826672,0.5965791047644509,-4.330521442996163,11.192201626149599,3.51187092641925,4.214597878056091,7.635090386335259,-1.258850596582156,0.5499232988450787,3.0135329464334664,-4.4042765391895,2.5668527643821006,-1.8004125187082252,-2.4423860021839023,3.1058287772281727,-0.4643580491795468
2.405932170560802,7.914011176145776,-9.386653924611899,-12.928069531372437,4.296034676948059,-5.599796292462672,5.070795931926252,2.107602785883724,-1.8332204870580417,3.9325970509519306,0.2877726153605957,4.31539172819239,12.0138466997597,0.15257518075144447,4.035659079596029,-3.8447459306573504,16.079839159574753,3.9513914336183196,2.333517780694741,12.693670360217233,7.128371683921714,-6.748373959975441,-1.256645922679644,3.720942679057022,-7.9306387036373325,9.147946046102444,-11.681067947701479,-6.730634613701931,1.3581021126694002,-0.793227615497984,5.117144816974345,-13.245126313882405,-3.779334960921558,-4.938539414757712,-8.904756559302161,1.309853421087422,-0.5545681195991131,-3.533012044435827,5.040144069824132,-2.8938582209852877,1.955168408513528,2.8257367068370876,-3.728990695335087,0.3633151994892223
-2.2047705263117847,-10.728136724819837,14.158793714149587,18.64632006943345,-7.135528287786431,8.043412561558227,-7.41231631183431,-3.2229412058968254,3.6447420273174225,-6.701665253989727,2.631280849718949,-6.60518739498962,-14.417763137901783,1.0731235496163798,-4.654302715487534,7.081922531065164,-24.664266487191064,-6.864894883509096,-4.062356510089281,-18.549757104650855,-8.967094834563497,9.494210773021814,2.305226339184983,-4.462929206061762,9.856170248959133,-11.681067947701479,17.332784703679707,8.453558646295173,-2.6548695503228097,1.8254815136547315,-7.480478457596024,19.504925147180895,2.739261092816843,6.911256708536474,12.131982100636503,-0.576078107505713,0.09762468002301555,4.965494779239684,-6.132979970371342,3.1851752468525025,-1.5561800263548946,-3.672687879014309,5.893941251655862,0.8630990933448014
-1.821646339428286,-5.786784270643475,6.779608473942713,9.388245671548244,-3.063662249182025,4.0685238381028395,-3.6762632561355697,-1.519628135799551,1.2721718296015185,-2.7950433850887064,-0.38813077091975734,-3.1110649364429492,-8.895059151832948,-0.1874010248658327,-2.998779587087125,2.7017934753257613,-11.59022280589905,-2.800605672080774,-1.653038691836775,-9.203415772569173,-5.253119042314893,4.914593118753164,0.883364372311212,-2.755229182890988,5.852186268240374,-6.730634613701931,8.453558646295173,4.961639046756917,-0.9457714434988773,0.5363408168250305,-3.7097659036028343,9.594029805259565,2.9036245348133134,3.599235536797598,6.507768851342308,-1.0282484379541088,0.4442106374713558,2.5740248487518356,-3.726574790726328,2.1596386604483633,-1.4934301545297468,-2.0754518403077498,2.6775228455060947,-0.3453793808498593
0.026870785312908107,1.411943138702916,-2.2214385480369003,-2.7337363549467892,1.266109633573694,-1.1716510235328077,1.1099673530085332,0.5153465337480395,-0.7688460087806613,1.2239428518155095,-1.099791972601188,1.0574014908743223,1.4321073294905493,-0.46038084506638394,0.4091482328267096,-1.3984277487041457,3.961148855022566,1.2794772371440766,0.7588341100876882,2.776386507865507,1.0063579308797408,-1.3357980053509855,-0.4533803917008079,0.44246381708847476,-1.0743651202826672,1.3581021126694002,-2.6548695503228097,-0.9457714434988773,0.5526081368531732,-0.4276611550619571,1.1200221811077262,-2.9541092441464234,0.2337232383214169,-0.9640012582377372,-1.6121680741120992,-0.22297568239633467,0.1500876114239334,-0.6975128669539261,0.63270765076534,-0.23526789912159538,-0.06800363207093307,0.4442858493052357,-0.9848277158468988,-0.4515139074281216
0.08299575660855465,-0.8953092045576273,1.5447482270374608,1.8396744459028735,-0.9271216612749608,0.7859237832659007,-0.7549561865218328,-0.3614127547974165,0.5974219825016691,-0.9060896885637084,0.9838019950640434,-0.7418746878712116,-0.7312658156838863,0.41327423063750635,-0.1822094169090719,1.0639757741272515,-2.78348149879167,-0.954152755376945,-0.5664082469221958,-1.8878852876278185,-0.5719867490064797,0.8797159181610268,0.34447778756088704,-0.22545767961494365,0.5965791047644509,-0.793227615497984,1.8254815136547315,0.5363408168250305,-0.4276611550619571,0.3425006643232012,-0.7616734001160246,2.0204777416395556,-0.3739621281394909,0.6320030590482637,1.028256982238134,0.2548045162093292,-0.15703281503613964,0.45889639775669877,-0.3348424611815742,0.07924319138796257,0.1467226840661414,-0.26696067751680835,0.7039021316270466,0.41471894539531856
1.0061371439305997,4.670977472458272,-6.101407944425038,-8.068939869961556,3.049119220715895,-3.4818983124401868,3.203192733652848,1.386887363767853,-1.535961680761938,2.8576142570004266,-1.0125045532747885,2.84291838886638,6.359186807710817,-0.41091927207182993,2.062255442306109,-3.0010220649974246,10.612114164357044,2.9229303041066017,1.7294742059023136,8.016960275611643,3.9348587153898786,-4.1184185336198125,-0.9774235735733087,1.968576660154211,-4.330521442996163,5.117144816974345,-7.480478457596024,-3.7097659036028343,1.1200221811077262,-0.7616734001160246,3.2333046067244564,-8.423766206830276,-1.2973965749407914,-2.9990601185509367,-5.279187245083402,0.3033095773083884,-0.07104459983862194,-2.1543205716422587,2.701000860189367,-1.4190554654752043,0.725549851251252,1.605883694156016,-2.5290151726334655,-0.31631386814757495
-2.5531375236273286,-12.125948647641708,15.921365543417673,21.010932314488347,-7.989606190619225,9.06561963328041,-8.347260123519142,-3.6214919507455012,4.052906680973232,-7.496132734111669,2.800037916746053,-7.42189125703236,-16.404453002646893,1.139355601131289,-5.308086376456437,7.896733750211818,-27.712619467067068,-7.672181927576217,-4.540113101232957,-20.889588605813195,-10.17525597994111,10.711025674141837,2.570967513638787,-5.07772147481772,11.192201626149599,-13.245126313882405,19.504925147180895,9.594029805259565,-2.9541092441464234,2.0204777416395556,-8.423766206830276,21.957899463428845,3.2339958075130233,7.799441991244196,13.709695786922712,-0.7207121396481919,0.14818467028950777,5.602092100810333,-6.9723185313469065,3.642595140523102,-1.8222873778563264,-4.160858737494107,6.613198657375481,0.8971723755954598
-1.743777547152631,-2.7326970668444717,2.0020523601978817,3.4964648605753523,-0.3494461352047331,1.5430049067864113,-1.2855229272090458,-0.4115960522003945,-0.3690515673239897,-0.17366009959501,-2.7101308887774884,-0.8379059657181341,-5.762609511678353,-1.1593441112118008,-2.0986469268732093,-0.2877279275719362,-3.0764412401542933,-0.061447023097614684,-0.028728188684266624,-3.2235691328318614,-3.0627507188774237,2.0316673469115663,-0.08601552009769307,-1.7871916505186056,3.51187092641925,-3.779334960921558,2.739261092816843,2.9036245348133134,0.2337232383214169,-0.3739621281394909,-1.2973965749407914,3.2339958075130233,3.364571045147136,1.518752163276428,3.021963064940097,-1.4882853990359546,0.7568410792057372,1.0689948116731574,-2.344651864828426,1.636800067663376,-1.6197673861120858,-1.1117679046896463,0.5628532969915412,-1.2964731640378258
-1.0825525001867822,-4.42834992822354,5.611469879202825,7.5156439864376345,-2.7314088272110837,3.247079312742688,-2.972395411800077,-1.271295637125325,1.3155186826292102,-2.543149597815424,0.5947563369738934,-2.6033606070563193,-6.256130503461064,0.23404617537764025,-2.054094460025851,2.6196184965211917,-9.715839237922125,-2.587877519421667,-1.5298914825555603,-7.4394423426784755,-3.8144782960002783,3.863094730042215,0.8532017721460413,-1.9372356650709128,4.214597878056091,-4.938539414757712,6.911256708536474,3.599235536797598,-0.9640012582377372,0.6320030590482637,-2.9990601185509367,7.799441991244196,1.518752163276428,2.819188784698628,4.998221982257446,-0.4333153875076589,0.14743652862929538,2.0216944535049954,-2.645325944826884,1.4352619937668523,-0.8200854042291663,-1.5416795327989314,2.2968113957382315,0.1357030845792205
-2.069028566427365,-7.899833024923251,9.821675100853387,13.25830795347796,-4.701223013063537,5.732479727587655,-5.231357762990228,-2.2190108558965345,2.1950454232523446,-4.357210984671932,0.664063569320231,-4.545441167273839,-11.40436257840176,0.2505374496622378,-3.7714191869263938,4.426825306386559,-16.954035963119818,-4.419281319629794,-2.6123644595618742,-13.093928221988424,-6.896357743497556,6.845468522069674,1.4438466083759147,-3.5313058729530447,7.635090386335259,-8.904756559302161,12.131982100636503,6.507768851342308,-1.6121680741120992,1.028256982238134,-5.279187245083402,13.709695786922712,3.021963064940097,4.998221982257446,8.90810029834392,-0.9298278285017222,0.3477478766193883,3.5824730029285243,-4.81087502835171,2.6564458707820293,-1.606963469295586,-2.770969454228341,3.986499795335048,0.06414430629171494
0.738425219386023,0.850783164622078,-0.3584170741646719,-0.8815758508713518,-0.13385405266770126,-0.3969330749107095,0.3008155843858594,0.0606035863293125,0.3293286522011498,-0.19926002597186943,1.4020623629996776,0.12102474496617384,2.139739938509454,0.5976268315756359,0.8043264250732668,0.4350468135717159,0.42827715409050143,-0.25987960794186293,-0.15745922466426102,0.7557977890937205,1.0819900024528102,-0.5684856537004038,0.13815091279282016,0.6639936755819711,-1.258850596582156,1.309853421087422,-0.576078107505713,-1.0282484379541088,-0.22297568239633467,0.2548045162093292,0.3033095773083884,-0.7207121396481919,-1.4882853990359546,-0.4333153875076589,-0.9298278285017222,0.685428230835688,-0.356765177978488,-0.3003409883151189,0.8591791408832687,-0.6460347122272178,0.7065354650929141,0.37549412538520727,-0.02019943306340306,0.6542390313285402
-0.3655676339037596,-0.32255127700439534,0.02012729978559175,0.24436108047171676,0.15699995200613343,0.11425327859472686,-0.07065235930164139,0.0063888656875463615,-0.21864073260253442,0.18640353209293023,-0.7756050852818652,0.015138329131518647,-0.9624092719273976,-0.33036278938572,-0.37086960691722715,-0.3156583213380991,0.06855124803288232,0.22049102570636397,0.13261221859133943,-0.17861345087610547,-0.4665107188224588,0.18788560219382194,-0.101089503974603,-0.29883143357001624,0.5499232988450787,-0.5545681195991131,0.09762468002301555,0.4442106374713558,0.1500876114239334,-0.15703281503613964,-0.07104459983862194,0.14818467028950777,0.7568410792057372,0.14743652862929538,0.3477478766193883,-0.356765177978488,0.18849858711995685,0.09996306583426058,-0.3822281996250403,0.3047165850932457,-0.35610149747554,-0.15492783040286576,-0.05996279894827837,-0.3575426366828901
-0.7669711339845112,-3.1741165829226055,4.033447426407408,5.395907740088598,-1.9683463232453238,2.3307962425705853,-2.1344380144584756,-0.9138368688556743,0.9522968000379395,-1.8339577748363098,0.450264090188986,-1.8725825496781359,-4.468496415825753,0.17798406147305607,-1.4655408172058682,1.892603811226318,-6.986632422720187,-1.8677273030029025,-1.1041315810527583,-5.342591509269808,-2.7284906438076875,2.771848363563588,0.6166428757350865,-1.3837000417453973,3.0135329464334664,-3.533012044435827,4.965494779239684,2.5740248487518356,-0.6975128669539261,0.45889639775669877,-2.1543205716422587,5.602092100810333,1.0689948116731574,2.0216944535049954,3.5824730029285243,-0.3003409883151189,0.09996306583426058,1.4510519330212912,-1.8903862470301338,1.0225741914175441,-0.5784854784820218,-1.103367408734469,1.6528604918127612,0.10846813626311973
1.4347063150449284,4.282738344269167,-4.89920409907624,-6.855652943536119,2.1597970519117466,-2.9734772660034294,2.6762254711362727,1.094590582082617,-0.8462549977826372,1.9557945337144567,0.5357464990122729,2.2407450437123106,6.736113430827161,0.2438020558880789,2.286329176265976,-1.8456625970042368,8.341681923974292,1.9489667783738505,1.149691380674647,6.700431090790792,3.9452430782675854,-3.608776639366091,-0.6044232182122443,2.086812907319331,-4.4042765391895,5.040144069824132,-6.132979970371342,-3.726574790726328,0.63270765076534,-0.3348424611815742,2.701000860189367,-6.9723185313469065,-2.344651864828426,-2.645325944826884,-4.81087502835171,0.8591791408832687,-0.3822281996250403,-1.8903862470301338,2.8155493930485345,-1.6588581450930728,1.1952074310687808,1.5486975365234048,-1.912666127594531,0.36687339810748215
-0.9447518717533194,-2.372506148707908,2.5106892523789104,3.6394082331596462,-1.0102443529640686,1.5832465744870743,-1.406357907282384,-0.554731438900123,0.30423320634099343,-0.8889795492315424,-0.7251014518299528,-1.1342053541821482,-3.9966238105821503,-0.3168166995026351,-1.382275831330374,0.7575705711539453,-4.215103567679284,-0.8657417035680923,-0.5090741611239766,-3.5218144780290084,-2.284213713561193,1.950306065311428,0.2493267206771029,-1.2386164835536735,2.5668527643821006,-2.8938582209852877,3.1851752468525025,2.1596386604483633,-0.23526789912159538,0.07924319138796257,-1.4190554654752043,3.642595140523102,1.636800067663376,1.4352619937668523,2.6564458707820293,-0.6460347122272178,0.3047165850932457,1.0225741914175441,-1.6588581450930728,1.0237668488573022,-0.8170226118169097,-0.8801306138417716,0.9408571640356957,-0.3953732666943856
0.8517807638300046,1.4492082316855173,-1.1607084314041547,-1.9312135348269348,0.27619277991049956,-0.8494048760735992,0.7189842000062748,0.2435650894594698,0.11551497648058084,0.18676941205140965,1.2284627240170678,0.49641131186621607,2.9269914983088103,0.5260991361732217,1.0566210951902566,0.02363136301055882,1.8291854329116652,0.13656997514171568,0.07745492111440352,1.8021247935028213,1.5763171294909644,-1.1011419899062889,0.00399941109483954,0.9075657435809591,-1.8004125187082252,1.955168408513528,-1.5561800263548946,-1.4934301545297468,-0.06800363207093307,0.1467226840661414,0.725549851251252,-1.8222873778563264,-1.6197673861120858,-0.8200854042291663,-1.606963469295586,0.7065354650929141,-0.35610149747554,-0.5784854784820218,1.1952074310687808,-0.8170226118169097,0.7838407728196474,0.5788842087672493,-0.3564013262117917,0.5940676960301586
0.720010219486235,2.4610150616238022,-2.9576439237226344,-4.050056791655884,1.3710322276460956,-1.753568237040877,1.5912533412751377,0.6649652904792319,-0.6012368533831245,1.2598466974899554,0.008594482247786379,1.361954191799262,3.686411912282106,0.013109145996619836,1.2331727355619424,-1.2455283416366683,5.077103861133356,1.2689384460219906,0.7498378920131201,3.9833305512889594,2.1978704659547628,-2.1075804819685238,-0.4069230910493153,1.1415529771862218,-2.4423860021839023,2.8257367068370876,-3.672687879014309,-2.0754518403077498,0.4442858493052357,-0.26696067751680835,1.605883694156016,-4.160858737494107,-1.1117679046896463,-1.5416795327989314,-2.770969454228341,0.37549412538520727,-0.15492783040286576,-1.103367408734469,1.5486975365234048,-0.8801306138417716,0.5788842087672493,0.8750411519627612,-1.1818110417225598,0.07688622802464266
-0.5743593931229881,-3.517764983833172,4.844146317731288,6.271865022169657,-2.524294513749521,2.7009395113707013,-2.5065057956153356,-1.1086656635273693,1.3580070337921362,-2.3900138868803174,1.287734256601785,-2.272068814679937,-4.464791846185575,0.5318927089456377,-1.4114434460340637,2.58512704193731,-8.490624605473954,-2.4630186965138656,-1.4582240863484586,-6.27115521401495,-2.8425441487832055,3.1619713808194474,0.8402335961546211,-1.3818148015980851,3.1058287772281727,-3.728990695335087,5.893941251655862,2.6775228455060947,-0.9848277158468988,0.7039021316270466,-2.5290151726334655,6.613198657375481,0.5628532969915412,2.2968113957382315,3.986499795335048,-0.02019943306340306,-0.05996279894827837,1.6528604918127612,-1.912666127594531,0.9408571640356957,-0.3564013262117917,-1.1818110417225598,2.0510751726148575,0.4736975492176579
0.5723184431851495,-0.027415798504860246,0.8203031096584015,0.6600397761891535,-0.7357829249022085,0.2675625014802975,-0.3132863750765473,-0.2083014966625719,0.643371559181443,-0.7665379671529221,1.658825860735792,-0.42976763004723545,0.9849376303932172,0.7029328956777143,0.43435396003279403,1.0403425432365154,-1.6297566560009316,-0.8423351656898066,-0.5021429337959115,-0.7809579326753902,0.35776835398640616,0.21317212843853592,0.33488547095810806,0.3064700565421179,-0.4643580491795468,0.3633151994892223,0.8630990933448014,-0.3453793808498593,-0.4515139074281216,0.41471894539531856,-0.31631386814757495,0.8971723755954598,-1.2964731640378258,0.1357030845792205,0.06414430629171494,0.6542390313285402,-0.3575426366828901,0.10846813626311973,0.36687339810748215,-0.3953732666943856,0.5940676960301586,0.07688622802464266,0.4736975492176579,0.7435067865570393
