V1,V2,V3,V4,V5,V6,V7,V8,V9,V10,V11,V12,V13,V14,V15,V16,V17,V18,V19,V20,V21,V22,V23,V24,V25,V26,V27,V28,V29,V30,V31,V32,V33,V34,V35,V36,V37,V38,V39,V40,V41,V42,V43,V44
3877.6666333813105,16924.34171401101,-21794.443378496013,-28992.714048473506,10760.636191350297,-12518.249815886098,11490.177002802919,4946.313238224591,-5311.394450158251,10054.158817551377,-3009.1446260313705,10134.66445337946,23451.097083243967,-1208.810186832287,7651.03689155102,-10465.791171861347,37826.68603334611,10259.749355441858,6068.557892720291,28756.40902440178,14409.135108586674,-14847.273810679057,-3409.004811741035,7260.254331843294,-15887.11489966569,18699.11098369354,-26777.46194694286,-13589.602099509992,3880.932416769764,-2596.5636493100037,11595.299600026527,-30184.328817803453,-5222.177004807819,-10821.751249637573,-19115.940669599604,1362.0199953377416,-401.53133654119705,-7767.410717124739,9939.427450899308,-5303.840888939272,2868.132660693291,5853.300335192115,-8981.330846603149,-849.3676556067315
16924.34171401101,73867.88123305861,-95123.89722266638,-126540.55688721029,46965.21963018083,-54636.50702131975,50149.80604878221,21587.841663100487,-23182.361375853117,43882.00236138691,-13133.417795131407,44233.15264817561,102353.99031851975,-5275.91213961337,33393.385384599555,-45679.25883597293,165096.83445840405,44779.61576189958,26486.960374164497,125508.96266245554,62889.693827893745,-64802.27739581316,-14879.026720527952,31686.93375598923,-69340.82708193472,81613.38098281689,-116872.32538555175,-59312.75862314793,16938.667913790065,-11333.324724901375,50608.814086135164,-131741.51296674117,-22792.087988920306,-47232.192814892245,-83432.89488878532,5944.062325857709,-1752.8831591379762,-33902.11346143974,43381.46287343351,-23148.941609705347,12518.089280498447,25547.460155164696,-39199.5572706966,-3707.072031789353
-21794.443378496013,-95123.89722266638,122496.5113133886,162953.5788346316,-60479.826866169184,70358.60907847331,-64580.76193631423,-27799.91519933292,29853.239856187112,-56509.41494134018,16912.649938122242,-56961.606215102714,-131807.1434031643,6794.084124741795,-43002.6013544511,58823.76190746005,-212604.7263389742,-57665.29747084832,-34108.7944920919,-161625.14603715306,-80986.65045848633,83449.5950307086,19160.584157655707,-40805.149540464474,89294.17756056579,-105098.23207465762,150503.2056813362,76380.47341109847,-21812.924358675937,14594.573704904777,-65171.8854350179,169651.1705154449,29350.735741512253,60823.6202865909,107441.34244132266,-7654.55461682922,2257.2560695258603,43657.694999560306,-55864.79094271284,29810.212437598704,-16120.249752643336,-32898.9341297079,50479.49314761757,4773.815527795873
-28992.714048473506,-126540.55688721029,162953.5788346316,216775.32772844567,-80456.66703429227,93597.99090612135,-85910.29610278322,-36984.091324122295,39711.94179504738,-75174.08607368801,22499.288343770317,-75776.33686181177,-175341.0362240127,9038.220696257888,-57206.210314676544,78250.28337553202,-282826.25111782685,-76710.72604248214,-45373.56865879701,-215008.9025862976,-107735.13090684375,111010.61611578283,25488.540593222137,-54285.8756325388,118785.43085586792,-139811.2957416388,200211.43712408672,101607.78782712914,-29017.22223229294,19413.390060779875,-86696.18141717352,225684.9421536715,39046.59219769618,80913.0041187483,142927.54702062235,-10184.780940704573,3001.356488879931,58074.74968561371,-74315.53828048422,39656.14316781809,-21444.742426693887,-43763.92140264375,67152.25188293669,6350.761954012862
10760.636191350297,46965.21963018083,-60479.826866169184,-80456.66703429227,29862.075774067544,-34739.37146142525,31885.529726831264,13727.518012062581,-14738.64900109893,27901.137663751546,-8350.873360100479,28124.923112832294,65078.044067542716,-3354.617576674948,21232.344215895035,-29041.930442701985,104971.8313368596,28471.098929740227,16840.17018951804,79801.34177961592,39985.97776608432,-41201.32534491055,-9459.933704753936,20149.504437802734,-44086.89993935983,51891.41626394365,-74308.48468414527,-37711.854172176376,10769.705058100566,-7204.732667354399,32177.051142406264,-83763.4686189951,-14492.830820005718,-30031.03661512765,-53047.72991544095,3780.83123266522,-1113.4206666047307,-21553.628166683346,27582.1165885544,-14718.447706408046,7959.332341185713,16242.666518253065,-24923.695712219596,-2357.177845750578
-12518.249815886098,-54636.50702131975,70358.60907847331,93597.99090612135,-34739.37146142525,40413.3918748136,-37093.63174057027,-15969.308129163272,17146.21253898695,-32458.314844022596,9714.744931208124,-32718.519092881514,-75707.60638244562,3902.4962893179686,-24700.256629440548,33785.84453591693,-122117.21529405964,-33121.52909372512,-19590.909299582334,-92835.49317879899,-46517.099035207946,47931.13709821392,11005.161105579991,-23440.072324112756,51288.08393336001,-60366.96266306976,86445.793015693693,43871.553155645575,-12528.83907519844,8381.80377511519,-37432.86880213112,97444.92616100202,16859.747931569324,34936.144924187865,61712.304417334955,-4398.047128938913,1295.525711048413,25074.533014143417,-32087.328196526334,17122.473052541514,-9259.313368985078,-18895.846750294582,28994.56408170033,2742.1498616306594
11490.177002802919,50149.80604878221,-64580.76193631423,-85910.29610278322,31885.529726831264,-37093.63174057027,34047.38867211917,14656.613933522536,-15738.664586015722,29792.160179374874,-8916.566750165415,30030.662485695826,69489.59271341478,-3581.9188666903456,22671.306418987526,-31012.0633270256,112086.81089109139,30401.437885980158,17982.244954692327,85210.03013318953,42696.7214383603,-43995.07512663029,-10101.507484403492,21513.142736078942,-47076.314871235256,55408.61305531069,-79346.22884319304,-40268.28224801569,11499.863918031255,-7694.147225940409,34358.910779177895,-89441.26414523963,-15474.079192203088,-32066.66190280101,-56643.79342133173,4035.7587504172375,-1189.8897413044026,-23016.309348887207,29452.24155729811,-15716.175834691694,8498.75231737991,17344.396048032726,-26613.200952304014,-2516.809365683921
4946.313238224591,21587.841663100487,-27799.91519933292,-36984.091324122295,13727.518012062581,-15969.308129163272,14656.613933522536,6311.520421406584,-6774.144056545353,12825.638966763576,-3839.0571372744394,12928.930851700741,29914.568106876508,-1542.119289506369,9760.210491467606,-13348.56941700307,48253.48012395506,13087.044203524987,7740.446258532015,36683.30663980622,18380.35812428406,-18938.466596594222,-4348.1686946723175,9264.163587543686,-20264.780387146253,23853.481956922715,-34157.15436994557,-17335.09325672593,4950.4161858307025,-3310.8979855397347,14790.308343849643,-38504.06490590736,-6662.96768703239,-13804.600835929476,-24384.551942537484,1739.136104020892,-510.97649454402256,-9906.175653824272,12678.422535101303,-6765.715964442656,3658.822322438058,7465.690766843901,-11456.846640154256,-1083.6611749567903
-5311.394450158251,-23182.361375853117,29853.239856187112,39711.94179504738,-14738.64900109893,17146.21253898695,-15738.664586015722,-6774.144056545353,7275.766901067154,-13771.305611895605,4121.442096266125,-13881.273761599605,-32121.70169573573,1655.687585944674,-10479.6590777426,14336.194901776931,-51811.788843740986,-14053.341671726641,-8312.665708160373,-39387.941928719585,-19736.70913438803,20337.241860082057,4669.640109843394,-9943.156633972823,21761.614276342065,-25612.454886305564,36678.21820347472,18614.0910081251,-5315.908749434341,3557.2447555495887,-15882.866282003994,41344.18170799665,7152.239717605901,14822.76722842489,26183.718542231745,-1864.7369574972324,550.5885002620143,10640.28549186705,-13614.5680150578,7264.800550748099,-3928.476672364183,-8017.888055169002,12301.935529495993,1163.3110660659695
10054.158817551377,43882.00236138691,-56509.41494134018,-75174.08607368801,27901.137663751546,-32458.314844022596,29792.160179374874,12825.638966763576,-13771.305611895605,26069.18943314282,-7802.410722786973,26278.088697817613,60805.32789129868,-3134.311806264661,19838.211672072484,-27135.650362692068,98079.50243415452,26601.96490358069,15734.752514178219,74561.59488801606,37360.67837500703,-38496.483561610614,-8838.972404074811,18825.758427684643,-41192.68374467904,48484.24063320368,-69429.87470606201,-35235.87944899503,10062.694451066322,-6732.107580788395,30064.706310648948,-78263.82347185703,-13540.898414749945,-28059.27203034517,-49564.858423243735,3532.1173716239437,-1040.6572781394705,-20139.137894383504,25771.313533027183,-13752.064854877004,7436.678988960794,15176.512503399466,-23287.232303379147,-2202.3634622197937
-3009.1446260313705,-13133.417795131407,16912.649938122242,22499.288343770317,-8350.873360100479,9714.744931208124,-8916.566750165415,-3839.0571372744394,4121.442096266125,-7802.410722786973,2335.3473761092723,-7865.068069098841,-18198.67661497585,938.1182171807721,-5937.53892553386,8121.218827928398,-29354.881389992875,-7961.704747514282,-4709.149683283949,-22316.1037111899,-11181.837372939317,11521.607396461011,2645.354770054654,-5635.009712941749,12328.506366631857,-14511.20662549377,20779.860923737935,10545.886749950427,-3011.650310111475,2014.6002741054483,-8998.010022905226,23423.985867538362,4052.9842475044543,8398.033272449029,14834.476218148426,-1057.4752081110712,311.2357569138245,6027.096894675112,-7713.126260218743,4115.944821062594,-2225.8096971117816,-4542.055004059352,6969.803099595305,659.1899036345953
10134.66445337946,44233.15264817561,-56961.606215102714,-75776.33686181177,28124.923112832294,-32718.519092881514,30030.662485695826,12928.930851700741,-13881.273761599605,26278.088697817613,-7865.068069098841,26488.842294902744,61292.32946466672,-3159.4597321082333,19997.21822919649,-27352.491908941065,98865.39655090847,26814.88955287271,15860.562877906703,75159.12969641549,37659.88958176642,-38804.55060875435,-8909.640617850302,18977.361522037034,-41522.291607708816,48872.75830020158,-69985.79982127661,-35518.0911945167,10143.232329819679,-6785.64155060307,30305.261830927866,-78890.79289179185,-13649.76680737955,-28284.067735997345,-49961.83154400288,3560.8961605061636,-1048.6472809236893,-20299.83838132727,25977.60223662338,-13862.232924748378,7496.3065414789025,15297.810692059153,-23473.80169965889,-2220.0571072463617
23451.097083243967,102353.99031851975,-131807.1434031643,-175341.0362240127,65078.044067542716,-75707.60638244562,69489.59271341478,29914.568106876508,-32121.70169573573,60805.32789129868,-18198.67661497585,61292.32946466672,141826.5709842987,-7310.635881002881,46271.79793143433,-63293.99260825307,228766.92793857568,62048.43921313735,36701.08622797307,173912.10209403912,87142.79231924775,-89792.38191435691,-20616.788432864985,43909.117951926564,-96081.1660812811,113087.79578718424,-161943.39195380217,-82186.6026625467,23470.94761372641,-15703.028681192825,70125.3664739832,-182547.70432201828,-31582.96141773211,-65447.340244073755,-115608.55756160701,8237.703614373655,-2427.9381802201347,-46974.864732266346,60111.0533904626,-32076.29763742735,17345.77469472006,35399.13378821229,-54316.81218674918,-5136.844491439602
-1208.810186832287,-5275.91213961337,6794.084124741795,9038.220696257888,-3354.617576674948,3902.4962893179686,-3581.9188666903456,-1542.119289506369,1655.687585944674,-3134.311806264661,938.1182171807721,-3159.4597321082333,-7310.635881002881,376.8581474355873,-2385.1693670325953,3262.468896896497,-11792.175442858525,-3198.3414151405495,-1891.760758458718,-8964.608444006983,-4491.897850323382,4628.415590972962,1062.6934527668482,-2263.5333587195505,4952.557049654251,-5829.321411774335,8347.561206404574,4236.40815629767,-1209.8160992605717,809.3360911363484,-3614.650841392807,9409.691277562715,1628.0706234294819,3373.576653216799,5959.200219461842,-424.72599978461494,125.07202332562092,2421.2365796024696,-3098.481623757818,1653.4239043525681,-894.1338968056764,-1824.637449493163,2799.8563687696137,264.7975862112332
7651.03689155102,33393.385384599555,-43002.6013544511,-57206.210314676544,21232.344215895035,-24700.256629440548,22671.306418987526,9760.210491467606,-10479.6590777426,19838.211672072484,-5937.53892553386,19997.21822919649,46271.79793143433,-2385.1693670325953,15096.56042488988,-20649.67602379398,74636.87120581018,20243.60309620235,11973.822584638336,56740.147315608396,28430.82257835148,-29295.11217472138,-6726.276408918047,14326.236332259243,-31346.857236910208,36895.71015237173,-52834.90265293187,-26813.883475769362,7657.516544571721,-5122.9343491007285,22878.66136056202,-59557.42508163362,-10304.460618718374,-21352.641367946107,-37717.99821424173,2687.974136770644,-791.8620131720692,-15325.411342532885,19611.494262764038,-10465.094432292359,5659.197674759081,11549.006912257193,-17721.20429609608,-1675.9712012990096
-10465.791171861347,-45679.25883597293,58823.76190746005,78250.28337553202,-29041.930442701985,33785.84453591693,-31012.0633270256,-13348.56941700307,14336.194901776931,-27135.650362692068,8121.218827928398,-27352.491908941065,-63293.99260825307,3262.468896896497,-20649.67602379398,28248.256869077537,-102092.5025109511,-27691.183072541317,-16379.4298147997,-77612.01150343686,-38890.03588369375,40073.16722537917,9201.143222410014,-19593.13728470536,42879.76610498757,-50468.050732440926,72272.21482175765,36678.0062544583,-10474.64734845013,7009.018429651643,-31296.060120750757,81466.46232600519,14093.429861697914,29207.507524388977,51593.52946637489,-3674.7821832514346,1084.6265216284366,20965.568921268714,-26826.618984553,14314.910625865528,-7740.889198232759,-15798.565383656822,24240.329868405704,2292.284675866529
37826.68603334611,165096.83445840405,-212604.7263389742,-282826.25111782685,104971.8313368596,-122117.21529405964,112086.81089109139,48253.48012395506,-51811.788843740986,98079.50243415452,-29354.881389992875,98865.39655090847,228766.92793857568,-11792.175442858525,74636.87120581018,-102092.5025109511,369002.8471988998,100084.15294023894,59198.60186255904,280521.75574368,140561.67920501088,-144835.0044859266,-33254.72851577391,70827.28339824591,-154978.74883560426,182411.52940864398,-261215.1360046405,-132567.38048641328,37858.64561349537,-25328.28695552606,113112.06240635602,-294450.5901321057,-50944.316019674465,-105566.998511482,-186477.14038448516,13288.449057967962,-3915.5742968783597,-75769.47688135761,96959.16234308529,-51739.26462287228,27978.93979998093,57098.45971807814,-87613.37492193452,-8285.864197844732
10259.749355441858,44779.61576189958,-57665.29747084832,-76710.72604248214,28471.098929740227,-33121.52909372512,30401.437885980158,13087.044203524987,-14053.341671726641,26601.96490358069,-7961.704747514282,26814.88955287271,62048.43921313735,-3198.3414151405495,20243.60309620235,-27691.183072541317,100084.15294023894,27146.006346698607,16056.721814000093,76085.43329269829,38124.56526608094,-39283.92507444834,-9019.847634764134,19209.406139247352,-42035.281099734835,49475.222409053174,-70849.56912600213,-35956.235157922696,10268.465508739639,-6870.28481929916,30679.697604071447,-79863.64085099031,-13817.082137851285,-28632.83363126739,-50578.18851561356,3603.5866214639277,-1062.461962148054,-20551.72297995569,26298.3852477655,-14033.200972661254,7588.645538052055,15487.144886689088,-23763.292112520692,-2247.306226206952
6068.557892720291,26486.960374164497,-34108.7944920919,-45373.56865879701,16840.17018951804,-19590.909299582334,17982.244954692327,7740.446258532015,-8312.665708160373,15734.752514178219,-4709.149683283949,15860.562877906703,36701.08622797307,-1891.760758458718,11973.822584638336,-16379.4298147997,59198.60186255904,16056.721814000093,9497.572466674877,45003.58008975813,22550.34791726513,-23236.266599481543,-5335.255029998752,11361.590350630882,-24863.71072196727,29264.00101242514,-41906.984765463865,-21267.785741150903,6073.746396066441,-4063.9905609345656,18146.944920247894,-47238.52502759312,-8172.382105455119,-16935.999891567863,-29916.539088989284,2131.1334627737815,-628.6769856867288,-12156.590170938793,15555.344460221644,-8300.485300767503,4488.568677235166,9160.694160951343,-14055.719300710924,-1329.2224246447386
28756.40902440178,125508.96266245554,-161625.14603715306,-215008.9025862976,79801.34177961592,-92835.49317879899,85210.03013318953,36683.30663980622,-39387.941928719585,74561.59488801606,-22316.1037111899,75159.12969641549,173912.10209403912,-8964.608444006983,56740.147315608396,-77612.01150343686,280521.75574368,76085.43329269829,45003.58008975813,213257.08788718458,106857.10585605772,-110105.63364843182,-25280.693085886905,53844.40122439045,-117817.04980294651,138672.10714837955,-198579.6367532113,-100779.74580407297,28780.701024661572,-19254.761081381712,85989.39647724805,-223845.89978417382,-38728.86731927323,-80253.66702254032,-141762.75605003774,10102.335560870593,-2976.4971469962256,-57600.81398626007,73709.76539711888,-39332.98132772583,21270.041697197812,43406.9941940959,-66605.03095805341,-6299.06861382469
14409.135108586674,62889.693827893745,-80986.65045848633,-107735.13090684375,39985.97776608432,-46517.099035207946,42696.7214383603,18380.35812428406,-19736.70913438803,37360.67837500703,-11181.837372939317,37659.88958176642,87142.79231924775,-4491.897850323382,28430.82257835148,-38890.03588369375,140561.67920501088,38124.56526608094,22550.34791726513,106857.10585605772,53543.42727171627,-55171.43448045091,-12667.628075485782,26978.919896279363,-59035.40970468984,69484.7936536772,-99503.30830892638,-50498.08715468342,14421.27489557327,-9648.52672979468,43087.34188867697,-112163.12271316118,-19405.428779757833,-40212.92570084054,-71033.63022535793,5061.341717009411,-1491.921526892047,-28862.99725920367,36934.24366477653,-19708.72954496681,10657.826937088661,21750.421539852672,-33374.054859518044,-3156.2199929112007
-14847.273810679057,-64802.27739581316,83449.5950307086,111010.61611578283,-41201.32534491055,47931.13709821392,-43995.07512663029,-18938.466596594222,20337.241860082057,-38496.483561610614,11521.607396461011,-38804.55060875435,-89792.38191435691,4628.415590972962,-29295.11217472138,40073.16722537917,-144835.0044859266,-39283.92507444834,-23236.266599481543,-110105.63364843182,-55171.43448045091,56849.28137722709,13052.952962773978,-27798.12146132804,60830.81332430425,-71597.2234391305,102528.92393260352,52033.47714528267,-14859.82565757775,9942.398620860828,-44397.721420902984,115573.25695380857,19994.889121180444,41435.537673811436,73193.42081695766,-5214.581186443618,1537.7533831311441,29741.3752572783,-38057.381219244475,20307.949775126308,-10981.787939245123,-22412.076787245165,34388.730770836904,3252.112898789056
-3409.004811741035,-14879.026720527952,19160.584157655707,25488.540593222137,-9459.933704753936,11005.161105579991,-10101.507484403492,-4348.1686946723175,4669.640109843394,-8838.972404074811,2645.354770054654,-8909.640617850302,-20616.788432864985,1062.6934527668482,-6726.276408918047,9201.143222410014,-33254.72851577391,-9019.847634764134,-5335.255029998752,-25280.693085886905,-12667.628075485782,13052.952962773978,2997.0780743651167,-6382.332936156014,13967.170366254359,-16439.009861788378,23541.20161004799,11947.148743601509,-3411.9194339503524,2282.9513395902845,-10194.029010974766,26536.175240373115,4590.810207033687,9513.776119403265,16805.57897644515,-1197.1454842611145,353.1708852728722,6828.9665682422,-8738.196300285832,4662.787123635355,-2521.445165452068,-5146.014852880526,7895.780991315649,746.6870516431322
7260.254331843294,31686.93375598923,-40805.149540464474,-54285.8756325388,20149.504437802734,-23440.072324112756,21513.142736078942,9264.163587543686,-9943.156633972823,18825.758427684643,-5635.009712941749,18977.361522037034,43909.117951926564,-2263.5333587195505,14326.236332259243,-19593.13728470536,70827.28339824591,19209.406139247352,11361.590350630882,53844.40122439045,26978.919896279363,-27798.12146132804,-6382.332936156014,13598.217762087255,-29744.975745103286,35012.49627585704,-50136.38719674898,-25444.755862521364,7266.349969020541,-4859.778163156359,21709.462611942155,-56516.97140897457,-9780.122489331794,-20262.613077473605,-35792.039361507945,2552.824461040572,-749.9402981235334,-14540.418357776962,18609.55302156871,-9930.794127085413,5370.449515869863,10958.260941954288,-16816.464078156136,-1590.6308968272594
-15887.11489966569,-69340.82708193472,89294.17756056579,118785.43085586792,-44086.89993935983,51288.08393336001,-47076.314871235256,-20264.780387146253,21761.614276342065,-41192.68374467904,12328.506366631857,-41522.291607708816,-96081.1660812811,4952.557049654251,-31346.857236910208,42879.76610498757,-154978.74883560426,-42035.281099734835,-24863.71072196727,-117817.04980294651,-59035.40970468984,60830.81332430425,13967.170366254359,-29744.975745103286,65091.25627232486,-76611.6035272311,109709.7089594887,55677.74429460382,-15900.600069243952,10638.779855060116,-47507.22640913797,123667.65573925148,21395.27539498827,44337.542816806876,78319.6465735887,-5579.783946546409,1645.454635027555,31824.435008879827,-40722.77890941509,21730.228087935244,-11750.883311405709,-23981.779392558958,36797.14279701768,3479.8824448614514
18699.11098369354,81613.38098281689,-105098.23207465762,-139811.2957416388,51891.41626394365,-60366.96266306976,55408.61305531069,23853.481956922715,-25612.454886305564,48484.24063320368,-14511.20662549377,48872.75830020158,113087.79578718424,-5829.321411774335,36895.71015237173,-50468.050732440926,182411.52940864398,49475.222409053174,29264.00101242514,138672.10714837955,69484.7936536772,-71597.2234391305,-16439.009861788378,35012.49627585704,-76611.6035272311,90172.69787514598,-129128.15617803134,-65532.85965721742,18714.870088289055,-12520.664333798968,55915.39584342322,-145557.6141667411,-25183.604757019915,-52185.594998546905,-92182.43657296579,6568.950293024642,-1935.6153492020082,-37455.56993612177,47930.458114112655,-25576.61416136136,13831.034239931983,28225.830942696233,-43310.5193750407,-4096.002403995344
-26777.46194694286,-116872.32538555175,150503.2056813362,200211.43712408672,-74308.48468414527,86445.793015693693,-79346.22884319304,-34157.15436994557,36678.21820347472,-69429.87470606201,20779.860923737935,-69985.79982127661,-161943.39195380217,8347.561206404574,-52834.90265293187,72272.21482175765,-261215.1360046405,-70849.56912600213,-41906.984765463865,-198579.6367532113,-99503.30830892638,102528.92393260352,23541.20161004799,-50136.38719674898,109709.7089594887,-129128.15617803134,184913.80497184416,93844.02448529316,-26800.102955235056,17930.719497054775,-80072.25226838556,208440.30350551888,36062.262283460404,74730.39652428789,132006.61538711542,-9405.629258241765,2772.6878596339952,53638.39333029558,-68637.42215719717,36626.03596508334,-19806.08887804506,-40420.42238021769,62021.178570001466,5865.399835343901
-13589.602099509992,-59312.75862314793,76380.47341109847,101607.78782712914,-37711.854172176376,43871.553155645575,-40268.28224801569,-17335.09325672593,18614.0910081251,-35235.87944899503,10545.886749950427,-35518.0911945167,-82186.6026625467,4236.40815629767,-26813.883475769362,36678.0062544583,-132567.38048641328,-35956.235157922696,-21267.785741150903,-100779.74580407297,-50498.08715468342,52033.47714528267,11947.148743601509,-25444.755862521364,55677.74429460382,-65532.85965721742,93844.02448529316,47626.05130072908,-13601.109000655202,9099.701120841295,-40636.716173731045,105783.96410006893,18301.915426484036,37925.85755152534,66993.61046937296,-4773.646053845224,1406.9527452823347,27221.30738694429,-34833.55721019477,18587.783179958857,-10051.64394112875,-20513.325391960403,31475.86066097618,2976.7317584813522
3880.932416769764,16938.667913790065,-21812.924358675937,-29017.22223229294,10769.705058100566,-12528.83907519844,11499.863918031255,4950.4161858307025,-5315.908749434341,10062.694451066322,-3011.650310111475,10143.232329819679,23470.94761372641,-1209.8160992605717,7657.516544571721,-10474.64734845013,37858.64561349537,10268.465508739639,6073.746396066441,28780.701024661572,14421.27489557327,-14859.82565757775,-3411.9194339503524,7266.349969020541,-15900.600069243952,18714.870088289055,-26800.102955235056,-13601.109000655202,3884.2552416483422,-2598.8117071548645,11605.14458527007,-30209.881830215716,-5226.5998993050425,-10830.892577505678,-19132.104205287033,1363.1566004084748,-401.8732521534879,-7774.054874175678,9947.822012758119,-5308.30090038651,2870.5274845171884,5858.288372180899,-8988.864872778666,-850.0875604637788
-2596.5636493100037,-11333.324724901375,14594.573704904777,19413.390060779875,-7204.732667354399,8381.80377511519,-7694.147225940409,-3310.8979855397347,3557.2447555495887,-6732.107580788395,2014.6002741054483,-6785.64155060307,-15703.028681192825,809.3360911363484,-5122.9343491007285,7009.018429651643,-25328.28695552606,-6870.28481929916,-4063.9905609345656,-19254.761081381712,-9648.52672979468,9942.398620860828,2282.9513395902845,-4859.778163156359,10638.779855060116,-12520.664333798968,17930.719497054775,9099.701120841295,-2598.8117071548645,1739.487944129948,-7764.806003721878,20211.358502118444,3495.9224739203705,7246.189659041335,12800.18354986725,-910.9810433697025,269.60138635439483,5202.371824577919,-6655.779708192814,3551.444379879809,-1920.3951135074637,-3919.9459692306095,6013.861548668512,568.6274225654603
11595.299600026527,50608.814086135164,-65171.8854350179,-86696.18141717352,32177.051142406264,-37432.86880213112,34358.910779177895,14790.308343849643,-15882.866282003994,30064.706310648948,-8998.010022905226,30305.261830927866,70125.3664739832,-3614.650841392807,22878.66136056202,-31296.060120750757,113112.06240635602,30679.697604071447,18146.944920247894,85989.39647724805,43087.34188867697,-44397.721420902984,-10194.029010974766,21709.462611942155,-47507.22640913797,55915.39584342322,-80072.25226838556,-40636.716173731045,11605.14458527007,-7764.806003721878,34673.44858979015,-90259.52402991887,-15615.430874480544,-32359.973126028446,-57162.02676514625,4072.39224833074,-1200.9624543515922,-23227.286251653437,29721.77065258013,-15859.918710177404,8576.450826497325,17503.26139434599,-26856.588511508267,-2539.8073405178006
-30184.328817803453,-131741.51296674117,169651.1705154449,225684.9421536715,-83763.4686189951,97444.92616100202,-89441.26414523963,-38504.06490590736,41344.18170799665,-78263.82347185703,23423.985867538362,-78890.79289179185,-182547.70432201828,9409.691277562715,-59557.42508163362,81466.46232600519,-294450.5901321057,-79863.64085099031,-47238.52502759312,-223845.89978417382,-112163.12271316118,115573.25695380857,26536.175240373115,-56516.97140897457,123667.65573925148,-145557.6141667411,208440.30350551888,105783.96410006893,-30209.881830215716,20211.358502118444,-90259.52402991887,234960.7970996217,40651.41475959454,84238.56001773533,148801.98547340254,-10603.330354191374,3124.7316157628015,60461.75933499041,-77369.983292484,41286.01853278523,-22326.122901211496,-45562.70456197479,69912.2158187605,6611.779565231498
-5222.177004807819,-22792.087988920306,29350.735741512253,39046.59219769618,-14492.830820005718,16859.747931569324,-15474.079192203088,-6662.96768703239,7152.239717605901,-13540.898414749945,4052.9842475044543,-13649.76680737955,-31582.96141773211,1628.0706234294819,-10304.460618718374,14093.429861697914,-50944.316019674465,-13817.082137851285,-8172.382105455119,-38728.86731927323,-19405.428779757833,19994.889121180444,4590.810207033687,-9780.122489331794,21395.27539498827,-25183.604757019915,36062.262283460404,18301.915426484036,-5226.5998993050425,3495.9224739203705,-15615.430874480544,40651.41475959454,7034.246776808852,14574.425134199362,25744.50831047113,-1835.7173307314665,539.7490422073323,10459.222118499149,-13385.60680704186,7142.995009556948,-3862.7963615130293,-7882.31269847547,12095.688100522211,1144.0562972104824
-10821.751249637573,-47232.192814892245,60823.6202865909,80913.0041187483,-30031.03661512765,34936.144924187865,-32066.66190280101,-13804.600835929476,14822.76722842489,-28059.27203034517,8398.033272449029,-28284.067735997345,-65447.340244073755,3373.576653216799,-21352.641367946107,29207.507524388977,-105566.998511482,-28632.83363126739,-16935.999891567863,-80253.66702254032,-40212.92570084054,41435.537673811436,9513.776119403265,-20262.613077473605,44337.542816806876,-52185.594998546905,74730.39652428789,37925.85755152534,-10830.892577505678,7246.189659041335,-32359.973126028446,84238.56001773533,14574.425134199362,30201.400688680493,53348.7628046175,-3801.5505535824386,1120.2899101407397,21676.82847171235,-27738.816074406794,14801.95800721364,-8004.404156400567,-16335.198244649051,25065.086975486756,2370.4681982842494
-19115.940669599604,-83432.89488878532,107441.34244132266,142927.54702062235,-53047.72991544095,61712.304417334955,-56643.79342133173,-24384.551942537484,26183.718542231745,-49564.858423243735,14834.476218148426,-49961.83154400288,-115608.55756160701,5959.200219461842,-37717.99821424173,51593.52946637489,-186477.14038448516,-50578.18851561356,-29916.539088989284,-141762.75605003774,-71033.63022535793,73193.42081695766,16805.57897644515,-35792.039361507945,78319.6465735887,-92182.43657296579,132006.61538711542,66993.61046937296,-19132.104205287033,12800.18354986725,-57162.02676514625,148801.98547340254,25744.50831047113,53348.7628046175,94237.20637501254,-6714.846573704482,1979.1366734200967,38291.12961082011,-48998.96233877769,26146.691471147406,-14139.249345928463,-28855.27177729125,44275.84407987884,4187.244202099035
1362.0199953377416,5944.062325857709,-7654.55461682922,-10184.780940704573,3780.83123266522,-4398.047128938913,4035.7587504172375,1739.136104020892,-1864.7369574972324,3532.1173716239437,-1057.4752081110712,3560.8961605061636,8237.703614373655,-424.72599978461494,2687.974136770644,-3674.7821832514346,13288.449057967962,3603.5866214639277,2131.1334627737815,10102.335560870593,5061.341717009411,-5214.581186443618,-1197.1454842611145,2552.824461040572,-5579.783946546409,6568.950293024642,-9405.629258241765,-4773.646053845224,1363.1566004084748,-910.9810433697025,4072.39224833074,-10603.330354191374,-1835.7173307314665,-3801.5505535824386,-6714.846573704482,479.95220435972914,-139.9694943020876,-2726.7197932442123,3491.018551886624,-1863.1148509654674,1007.6322899050386,2055.358857971002,-3154.9398842733613,-298.5317734167358
-401.53133654119705,-1752.8831591379762,2257.2560695258603,3001.356488879931,-1113.4206666047307,1295.525711048413,-1189.8897413044026,-510.97649454402256,550.5885002620143,-1040.6572781394705,311.2357569138245,-1048.6472809236893,-2427.9381802201347,125.07202332562092,-791.8620131720692,1084.6265216284366,-3915.5742968783597,-1062.461962148054,-628.6769856867288,-2976.4971469962256,-1491.921526892047,1537.7533831311441,353.1708852728722,-749.9402981235334,1645.454635027555,-1935.6153492020082,2772.6878596339952,1406.9527452823347,-401.8732521534879,269.60138635439483,-1200.9624543515922,3124.7316157628015,539.7490422073323,1120.2899101407397,1979.1366734200967,-139.9694943020876,42.325851218446225,805.3876854175122,-1029.33202796071,549.1038485926924,-296.8433617781544,-606.5089708936844,929.8232628978172,87.81726844409681
-7767.410717124739,-33902.11346143974,43657.694999560306,58074.74968561371,-21553.628166683346,25074.533014143417,-23016.309348887207,-9906.175653824272,10640.28549186705,-20139.137894383504,6027.096894675112,-20299.83838132727,-46974.864732266346,2421.2365796024696,-15325.411342532885,20965.568921268714,-75769.47688135761,-20551.72297995569,-12156.590170938793,-57600.81398626007,-28862.99725920367,29741.3752572783,6828.9665682422,-14540.418357776962,31824.435008879827,-37455.56993612177,53638.39333029558,27221.30738694429,-7774.054874175678,5202.371824577919,-23227.286251653437,60461.75933499041,10459.222118499149,21676.82847171235,38291.12961082011,-2726.7197932442123,805.3876854175122,15560.757074092648,-19910.0377233187,10624.04158382471,-5744.957968067804,-11725.534139974741,17990.324950992,1701.198395044067
9939.427450899308,43381.46287343351,-55864.79094271284,-74315.53828048422,27582.1165885544,-32087.328196526334,29452.24155729811,12678.422535101303,-13614.5680150578,25771.313533027183,-7713.126260218743,25977.60223662338,60111.0533904626,-3098.481623757818,19611.494262764038,-26826.618984553,96959.16234308529,26298.3852477655,15555.344460221644,73709.76539711888,36934.24366477653,-38057.381219244475,-8738.196300285832,18609.55302156871,-40722.77890941509,47930.458114112655,-68637.42215719717,-34833.55721019477,9947.822012758119,-6655.779708192814,29721.77065258013,-77369.983292484,-13385.60680704186,-27738.816074406794,-48998.96233877769,3491.018551886624,-1029.33202796071,-19910.0377233187,25477.296785181985,-13595.056601591716,7351.725798476652,15003.581577325012,-23021.372712313085,-2177.126166751461
-5303.840888939272,-23148.941609705347,29810.212437598704,39656.14316781809,-14718.447706408046,17122.473052541514,-15716.175834691694,-6765.715964442656,7264.800550748099,-13752.064854877004,4115.944821062594,-13862.232924748378,-32076.29763742735,1653.4239043525681,-10465.094432292359,14314.910625865528,-51739.26462287228,-14033.200972661254,-8300.485300767503,-39332.98132772583,-19708.72954496681,20307.949775126308,4662.787123635355,-9930.794127085413,21730.228087935244,-25576.61416136136,36626.03596508334,18587.783179958857,-5308.30090038651,3551.444379879809,-15859.918710177404,41286.01853278523,7142.995009556948,14801.95800721364,26146.691471147406,-1863.1148509654674,549.1038485926924,10624.04158382471,-13595.056601591716,7254.574842649619,-3923.035589654206,-8006.038811094646,12284.635875296539,1161.779330551111
2868.132660693291,12518.089280498447,-16120.249752643336,-21444.742426693887,7959.332341185713,-9259.313368985078,8498.75231737991,3658.822322438058,-3928.476672364183,7436.678988960794,-2225.8096971117816,7496.3065414789025,17345.77469472006,-894.1338968056764,5659.197674759081,-7740.889198232759,27978.93979998093,7588.645538052055,4488.568677235166,21270.041697197812,10657.826937088661,-10981.787939245123,-2521.445165452068,5370.449515869863,-11750.883311405709,13831.034239931983,-19806.08887804506,-10051.64394112875,2870.5274845171884,-1920.3951135074637,8576.450826497325,-22326.122901211496,-3862.7963615130293,-8004.404156400567,-14139.249345928463,1007.6322899050386,-296.8433617781544,-5744.957968067804,7351.725798476652,-3923.035589654206,2121.471429186922,4329.329179287459,-6643.137962099491,-628.2647132857148
5853.300335192115,25547.460155164696,-32898.9341297079,-43763.92140264375,16242.666518253065,-18895.846750294582,17344.396048032726,7465.690766843901,-8017.888055169002,15176.512503399466,-4542.055004059352,15297.810692059153,35399.13378821229,-1824.637449493163,11549.006912257193,-15798.565383656822,57098.45971807814,15487.144886689088,9160.694160951343,43406.9941940959,21750.421539852672,-22412.076787245165,-5146.014852880526,10958.260941954288,-23981.779392558958,28225.830942696233,-40420.42238021769,-20513.325391960403,5858.288372180899,-3919.9459692306095,17503.26139434599,-45562.70456197479,-7882.31269847547,-16335.198244649051,-28855.27177729125,2055.358857971002,-606.5089708936844,-11725.534139974741,15003.581577325012,-8006.038811094646,4329.329179287459,8835.799406415077,-13557.116483898642,-1282.0471523190688
-8981.330846603149,-39199.5572706966,50479.49314761757,67152.25188293669,-24923.695712219596,28994.56408170033,-26613.200952304014,-11456.846640154256,12301.935529495993,-23287.232303379147,6969.803099595305,-23473.80169965889,-54316.81218674918,2799.8563687696137,-17721.20429609608,24240.329868405704,-87613.37492193452,-23763.292112520692,-14055.719300710924,-66605.03095805341,-33374.054859518044,34388.730770836904,7895.780991315649,-16816.464078156136,36797.14279701768,-43310.5193750407,62021.178570001466,31475.86066097618,-8988.864872778666,6013.861548668512,-26856.588511508267,69912.2158187605,12095.688100522211,25065.086975486756,44275.84407987884,-3154.9398842733613,929.8232628978172,17990.324950992,-23021.372712313085,12284.635875296539,-6643.137962099491,-13557.116483898642,20802.371025159446,1967.3147205875052
-849.3676556067315,-3707.072031789353,4773.815527795873,6350.761954012862,-2357.177845750578,2742.1498616306594,-2516.809365683921,-1083.6611749567903,1163.3110660659695,-2202.3634622197937,659.1899036345953,-2220.0571072463617,-5136.844491439602,264.7975862112332,-1675.9712012990096,2292.284675866529,-8285.864197844732,-2247.306226206952,-1329.2224246447386,-6299.06861382469,-3156.2199929112007,3252.112898789056,746.6870516431322,-1590.6308968272594,3479.8824448614514,-4096.002403995344,5865.399835343901,2976.7317584813522,-850.0875604637788,568.6274225654603,-2539.8073405178006,6611.779565231498,1144.0562972104824,2370.4681982842494,4187.244202099035,-298.5317734167358,87.81726844409681,1701.198395044067,-2177.126166751461,1161.779330551111,-628.2647132857148,-1282.0471523190688,1967.3147205875052,186.07276679775686
