V1,V2,V3,V4,V5,V6,V7,V8,V9,V10,V11,V12,V13,V14,V15,V16,V17,V18,V19,V20,V21,V22,V23,V24,V25,V26,V27,V28,V29,V30,V31,V32,V33,V34,V35,V36,V37,V38,V39,V40,V41,V42,V43,V44
5.309093188060665,-5.50441247629565,0.6646194879431757,-0.8069219169799688,2.5156231512294402,-7.292178289079873,-10.435164674810048,18.99221430626826,27.57701107617522,3.073794443717303,-2.8512125749760746,-4.525514450806758,12.010234429118107,-15.302301548068016,-10.077691489741369,15.776421071671413,2.268501387669419,-24.03887922773751,3.7668587766272434,23.446365805192475,-1.006671511813072,-12.784520981181657,9.94394094321483,-5.25381746130487,3.6632423643009075,-15.883327787881925,2.560921761671928,-6.8843780355435715,4.266016054031237,11.14279076665903,6.186488021472229,-22.090929686880717,-19.013806488053035,10.567389044367623,0.14574751819234094,-12.540227412001212,9.479402269201366,-2.8095898253727083,10.919411595050176,9.622443473701889,-9.717730750705574,7.5292235794112985,14.801342913337898,14.464103781795272
-5.50441247629565,5.990804989007741,-0.7658679519166467,0.9740756036016565,-2.5925509884266837,7.834248587959079,10.993215640826637,-20.73558766016346,-29.378175167953195,-3.1036798539015407,3.083128994455442,5.066211024762665,-13.257683223516365,16.7134891486212,11.083708224227609,-16.96611389415853,-2.600297045520295,25.90028588930369,-4.140888848835875,-25.178047004512603,0.8807377690793206,13.820732275931766,-10.630598187674645,5.437032141636439,-4.011063267837232,17.10890628356081,-2.560080464638387,7.624876827576658,-4.566820978514904,-11.964407051589665,-6.541147543882164,23.62798414345795,20.30413042301542,-11.150885470457363,-0.2941919484740227,13.640785401475652,-10.15279931442216,2.973374881251244,-11.821259940796253,-10.544652962339354,10.480172444112522,-7.781514697460563,-16.02136609798169,-15.72884837531767
0.6646194879431757,-0.7658679519166467,1.0409557939427792,-0.6089372118592197,-0.34970404828495544,-1.1464932625764663,-2.054159909079799,4.473424021831822,5.051371245991466,0.7927129915662602,-0.15705713989400003,-1.3983607101687685,2.093791621622868,-4.834151474199199,-2.3949174357099206,2.943736130163912,0.6402996644503195,-5.14057785186235,0.44944147032388543,4.3124033854988255,0.22689081962004753,-3.6099100884530455,2.12361193904674,-0.1534287917969568,0.7439281803323499,-2.7460418848173243,-0.09893274364100843,-1.8474280446670452,1.0431841025511792,1.3964816103786426,1.2603380651089224,-4.550683103109758,-3.4749308855823378,1.4582388804260837,0.37785290555453116,-2.6663967637713193,1.398809644962506,-0.9937341685330325,2.195124374460695,1.8542582917488861,-2.5129128827994127,0.5665169769379221,3.2102462410438806,2.4897676300136604
-0.8069219169799688,0.9740756036016565,-0.6089372118592197,0.46675174118065826,-0.03640881034260844,1.36605669841536,2.0366441961679826,-4.354644383519735,-5.349459212134379,-0.6628085361218228,0.3878813518844134,1.244468597923166,-2.4205155241740712,4.131678979288231,2.385782568708966,-3.1559289930861856,-0.6271849286942637,5.150398367670489,-0.6537745285091899,-4.6303276284248724,-0.06814665005217267,3.211545872407008,-2.0827360463726468,0.5680300279478157,-0.7743530248252825,3.035951690439908,-0.16218054131922088,1.789804075235871,-0.9387098232223249,-1.8615438067029597,-1.239881621483531,4.5981631402412315,3.707594200250711,-1.7968108398351947,-0.27930766527254264,2.698282015460651,-1.6794127782329948,0.7722580829260431,-2.3158226303764895,-2.031795594368683,2.3152113259435136,-0.9537907161862714,-3.210451303936225,-2.849897936213969
2.5156231512294402,-2.5925509884266837,-0.34970404828495544,-0.03640881034260844,1.785308097788737,-3.2124822272993097,-4.353087561016191,7.378893571544549,11.824681939831395,1.1121607585069029,-1.5182599245153214,-1.5222816576662876,5.236913367044968,-4.945831704485678,-3.9643814159844935,6.757057296246272,0.8335204668510731,-9.635294157905358,1.8447021382534377,10.075450423057434,-0.7712261095533752,-4.416688501352002,3.946675910896185,-2.8205208247292584,1.5005008396674067,-6.9469322509918845,1.5964413661086958,-2.532021196852166,1.6225453705171633,5.315273426226168,2.6185065629756537,-9.086837691606812,-8.210786586586327,4.930628177905233,-0.2029326790722307,-5.125812233685313,4.301007993786393,-0.8289018361865462,4.507631175805802,4.086261228116447,-3.616775247788745,3.879319901374135,5.943223505459247,6.38157270616519
-7.292178289079873,7.834248587959079,-1.1464932625764663,1.36605669841536,-3.2124822272993097,10.476173008718476,14.742826300306273,-27.701097756235576,-39.194624333289156,-4.297123962236271,4.003170061928655,6.77213729431559,-17.487899852001046,22.680717834254704,14.758323639420752,-22.583657997473832,-3.442484931415128,34.73650758567673,-5.377998828817879,-33.50166625452521,1.1308353264410782,18.772662135696727,-14.317748203512602,7.157970251304847,-5.323718890934959,22.678381084868366,-3.3064204404336612,10.246280403571546,-6.128007095856835,-15.721292844367238,-8.71795273475216,31.621191522638284,27.024098495814442,-14.818756023624129,-0.454071847813979,18.130738092930162,-13.459588990129822,4.081085772352114,-15.809937596788592,-13.972219499813205,14.113859292571334,-10.231781868137379,-21.43017992365693,-20.80994762790777
-10.435164674810048,10.993215640826637,-2.054159909079799,2.0366441961679826,-4.353087561016191,14.742826300306273,21.304581389734107,-39.551904239154396,-56.052060514145886,-6.382221525795731,5.492559829945204,9.716613442025308,-24.472095796237916,32.94032710774912,21.008253427201183,-32.14215843158302,-4.81932116930787,49.65223066920914,-7.486685260550538,-47.73169308662836,1.5963706413382723,27.156841031319075,-20.550994691154354,9.97150251857439,-7.507416216587768,32.204345624960844,-4.678544556930716,14.567138864340288,-8.899904539505787,-22.108633829168834,-12.648866992928586,45.35895257788272,38.61113495419766,-21.09297293327939,-0.6375870329836271,25.853288876169884,-19.033688599908817,6.082712037088647,-22.437023848735784,-19.70272929273187,20.36793985043075,-14.509956406380123,-30.583742244379334,-29.374410701770085
18.99221430626826,-20.73558766016346,4.473424021831822,-4.354644383519735,7.378893571544549,-27.701097756235576,-39.551904239154396,76.04157411261721,104.86719946013686,11.583073031087597,-10.204889613512716,-19.189362957960554,47.060399048838576,-63.985805492238285,-40.594568518632016,60.613373774179664,9.663362456086759,-94.2436135640393,14.196869180308525,89.86571995552447,-2.2488397309226453,-52.18547997583355,38.75036599925627,-17.911754792682643,14.474672390083212,-60.691602274491004,7.862835790602816,-28.39125009580819,16.830601606593167,41.28895441390667,23.491097682002113,-85.42029552864696,-72.37681265691134,38.781663420568826,1.7488181453581129,-49.367171718495335,35.6231123814448,-11.61628080783328,42.68739499061862,37.759106967987165,-38.927107268996735,26.050169790413104,58.269779227973054,55.69772609632789
27.57701107617522,-29.378175167953195,5.051371245991466,-5.349459212134379,11.824681939831395,-39.194624333289156,-56.052060514145886,104.86719946013686,148.27852393276592,16.504196422527624,-14.804595136332564,-25.76727703966577,65.46072900014867,-86.64948536344541,-55.87124156268934,85.25871636260099,12.925036586142102,-131.38598574000537,20.12855925673644,126.56107874779732,-4.20928307200025,-71.47778699628458,54.207212773312826,-26.660577821276974,20.0103071636765,-85.52981810337216,12.416107849418673,-38.70985999751156,23.388711418078422,59.0023918007139,33.28939507696985,-119.89807140548223,-102.25862752809718,55.86338202602654,1.7081215219753183,-68.60757334964005,50.61939754371206,-15.801655466016907,59.58397591304179,52.541532990632284,-53.73290481659184,38.49186428905646,81.0274616983833,78.2557826604116
3.073794443717303,-3.1036798539015407,0.7927129915662602,-0.6628085361218228,1.1121607585069029,-4.297123962236271,-6.382221525795731,11.583073031087597,16.504196422527624,2.176809065612611,-1.5042654105332331,-2.8588408155153413,6.825438826695464,-9.952776513066778,-6.0707755354554065,9.364116524753518,1.3654402374729313,-14.602955998831051,2.0367515306740116,13.832131591265284,-0.49116338839677337,-8.230907706180838,6.130107530961644,-2.807436860184312,2.167441675963467,-9.260092642431447,1.2653144566239143,-4.294272281866891,2.647184040485528,6.236011528350634,3.6916543859798683,-13.436852326372557,-11.274520273744201,6.121412004719083,0.261696447596084,-7.49243749062808,5.433836489684072,-1.9020699688727911,6.573454974332159,5.633402352272421,-6.088298443799478,4.153204370927494,8.9621673923592855,8.350136917595199
-2.8512125749760746,3.083128994455442,-0.15705713989400003,0.3878813518844134,-1.5182599245153214,4.003170061928655,5.492559829945204,-10.204889613512716,-14.804595136332564,-1.5042654105332331,1.655152532247505,2.410756547604298,-6.718704736833692,7.907228730708374,5.467556057883683,-8.552113286124701,-1.268760546444347,12.865155717098812,-2.1507753813255017,-12.69269948970413,0.5588316686221015,6.647292715949018,-5.2695996023303175,2.949686332596996,-2.0082421357860096,8.658780473545038,-1.4363544457036244,3.720555824325216,-2.2238143517445192,-6.199622690634243,-3.2593284224290486,11.782594154075468,10.244404253856404,-5.743819850682793,-0.06734497615491349,6.782186339037153,-5.2035116683144045,1.372605567150793,-5.925365627518616,-5.307110230556602,5.109502266166231,-4.129076942709463,-7.95813949950693,-7.979185754083721
-4.525514450806758,5.066211024762665,-1.3983607101687685,1.244468597923166,-1.5222816576662876,6.77213729431559,9.716613442025308,-19.189362957960554,-25.76727703966577,-2.8588408155153413,2.410756547604298,4.989518182315055,-11.697833395399483,16.508186368920622,10.265912201591155,-14.959472254885144,-2.505489984624237,23.50228632538906,-3.456556813088917,-22.14913915812318,0.3556026758995279,13.29813321878459,-9.635943826424025,4.108461927041022,-3.62971043051329,14.935131960070747,-1.6740196646835281,7.252376537741615,-4.224632275917422,-9.980563884648287,-5.775473647842212,21.183183392177682,17.791965057867714,-9.319518598209351,-0.5862608803256315,12.351610022572503,-8.671109649851582,2.9968036385376133,-10.618071914697378,-9.412329234458273,9.83628367147756,-6.0603807756031856,-14.564611888981053,-13.734938039912118
12.010234429118107,-13.257683223516365,2.093791621622868,-2.4205155241740712,5.236913367044968,-17.487899852001046,-24.472095796237916,47.060399048838576,65.46072900014867,6.825438826695464,-6.718704736833692,-11.697833395399483,29.92533029634506,-38.59817199244739,-25.177131697149132,37.95431328495531,6.022540856440554,-58.45175801141978,9.16983164636522,56.321187010662165,-1.5992479013438556,-31.649670990104294,23.943229346082195,-11.701916108349119,9.078343100888635,-38.21636385145606,5.293925889416126,-17.4555932564267,10.3304293822644,26.41849901536817,14.58219369434332,-52.9328805236148,-45.272183993243814,24.540577099806608,0.8734971455312371,-30.765425598060084,22.581380986570576,-6.867463823376914,26.61448730599873,23.751783171556838,-23.81612676136159,16.796463029708576,36.19596414650598,35.217224281882174
-15.302301548068016,16.7134891486212,-4.834151474199199,4.131678979288231,-4.945831704485678,22.680717834254704,32.94032710774912,-63.985805492238285,-86.64948536344541,-9.952776513066778,7.907228730708374,16.508186368920622,-38.59817199244739,55.546200842100376,34.08756452292326,-50.080537852503134,-8.192725178070699,78.89233209434096,-11.317405431270055,-74.19534624109447,1.3296973405029258,44.8656479425137,-32.52198842408537,13.796534153202126,-12.020910230113392,49.85988595493913,-5.74395852246465,24.119536107245747,-14.26924589475548,-33.16239566142524,-19.550551838656794,71.21897693122158,59.72128601181293,-31.435432094036575,-1.8628539311833168,41.16237518429243,-28.998992628099572,10.256254119131668,-35.49725710213736,-31.187836175768354,33.097553659632645,-20.47478647200196,-48.77094270992403,-45.66091607131996
-10.077691489741369,11.083708224227609,-2.3949174357099206,2.385782568708966,-3.9643814159844935,14.758323639420752,21.008253427201183,-40.594568518632016,-55.87124156268934,-6.0707755354554065,5.467556057883683,10.265912201591155,-25.177131697149132,34.08756452292326,21.795069301718183,-32.35838900821068,-5.202490654773496,50.237762617487846,-7.641712776400699,-47.97621802678876,1.1861150373543323,27.78701978890928,-20.584440872709607,9.555868820604829,-7.711291759943612,32.37956512514151,-4.226981193516824,15.250862092544503,-8.931264226250498,-22.078052584227027,-12.548718641695258,45.56052706903404,38.6282876195232,-20.701511623031244,-0.9567656571916924,26.362539236211287,-19.015462193619197,6.14722910767965,-22.80873747020536,-20.21909245144559,20.77557220629749,-13.862570642110546,-31.079461357015482,-29.81247201786677
15.776421071671413,-16.96611389415853,2.943736130163912,-3.1559289930861856,6.757057296246272,-22.583657997473832,-32.14215843158302,60.613373774179664,85.25871636260099,9.364116524753518,-8.552113286124701,-14.959472254885144,37.95431328495531,-50.080537852503134,-32.35838900821068,49.150873550054214,7.569038500948283,-75.7318036993718,11.652451452801259,72.9250852351063,-2.3238672749411675,-41.227604855016416,31.174604166994257,-15.24723806841428,11.586783876442423,-49.29804629401419,7.049553198596391,-22.458339123914453,13.451140492502269,34.00002223552548,19.113165999546545,-68.98911398315539,-58.854540731896535,32.061222604892315,1.0593664257901354,-39.62659719434491,29.151834915398172,-9.08128235211037,34.39575860866903,30.412870270400695,-31.001734713590665,22.009899917546413,46.770647007411405,45.21134585309689
2.268501387669419,-2.600297045520295,0.6402996644503195,-0.6271849286942637,0.8335204668510731,-3.442484931415128,-4.81932116930787,9.663362456086759,12.925036586142102,1.3654402374729313,-1.268760546444347,-2.505489984624237,6.022540856440554,-8.192725178070699,-5.202490654773496,7.569038500948283,1.3125226890972526,-11.784426797215984,1.7859377694555865,11.181224427764468,-0.1898467870939336,-6.599304560150558,4.7941018858641185,-2.086926298442444,1.8521996790700401,-7.54992010109431,0.8669575623607741,-3.6884716935680575,2.090921301086337,5.0988718687401535,2.8787634911325437,-10.586205525878967,-8.959474849800811,4.705439698335057,0.3018758435826254,-6.231435445532864,4.392545973938046,-1.4594537557064688,5.371435950455339,4.808841844773253,-4.919731444637111,3.072543605044563,7.343212236678136,7.009759824407562
-24.03887922773751,25.90028588930369,-5.14057785186235,5.150398367670489,-9.635294157905358,34.73650758567673,49.65223066920914,-94.2436135640393,-131.38598574000537,-14.602955998831051,12.865155717098812,23.50228632538906,-58.45175801141978,78.89233209434096,50.237762617487846,-75.7318036993718,-11.784426797215984,117.49161280536909,-17.73107990317577,-112.37108288427575,3.1764579839806273,64.67564022429856,-48.424416996045096,22.938862314460707,-17.933317823529094,75.8702229198794,-10.309972776963102,35.02532549164782,-20.957629997161572,-51.84747283008369,-29.46901173721276,106.7292425169884,90.6120943831271,-48.974078570834806,-1.898760058847023,61.34912173728639,-44.718978993769305,14.368848455511179,-53.199166500804346,-46.913387872716505,48.32277446843697,-33.20943021230206,-72.51117134223068,-69.50266019100884
3.7668587766272434,-4.140888848835875,0.44944147032388543,-0.6537745285091899,1.8447021382534377,-5.377998828817879,-7.486685260550538,14.196869180308525,20.12855925673644,2.0367515306740116,-2.1507753813255017,-3.456556813088917,9.16983164636522,-11.317405431270055,-7.641712776400699,11.652451452801259,1.7859377694555865,-17.73107990317577,2.9095487520272227,17.31009228613989,-0.6040525012698539,-9.37456292132694,7.2419902401049745,-3.8021212053402293,2.745433102512725,-11.78063699072787,1.8034404430090907,-5.230937452652072,3.0975148611101013,8.299418203170438,4.4824347328587475,-16.183322758270982,-13.945365514939438,7.683848839988969,0.17855680465585946,-9.368085079025777,7.016761788734773,-1.979426407644491,8.122474188425576,7.275040795815588,-7.13841456278512,5.374807928956078,10.966309227988368,10.868815378549352
23.446365805192475,-25.178047004512603,4.3124033854988255,-4.6303276284248724,10.075450423057434,-33.50166625452521,-47.73169308662836,89.86571995552447,126.56107874779732,13.832131591265284,-12.69269948970413,-22.14913915812318,56.321187010662165,-74.19534624109447,-47.97621802678876,72.9250852351063,11.181224427764468,-112.37108288427575,17.31009228613989,108.27893991995992,-3.4658114434813205,-61.087752462614155,46.25945305303999,-22.689164475522624,17.16499616789449,-73.2071781714006,10.555431725693898,-33.23990811527286,19.979002469296994,50.509508919542455,28.440248320656178,-102.37098191086406,-87.3788164865747,47.65716383765878,1.5010374173874999,-58.78921197479611,43.30795926992102,-13.46912320055036,50.98859598568005,45.0972208149069,-45.95372175322816,32.75888388968094,69.36285581263154,67.11928425473064
-1.006671511813072,0.8807377690793206,0.22689081962004753,-0.06814665005217267,-0.7712261095533752,1.1308353264410782,1.5963706413382723,-2.2488397309226453,-4.20928307200025,-0.49116338839677337,0.5588316686221015,0.3556026758995279,-1.5992479013438556,1.3296973405029258,1.1861150373543323,-2.3238672749411675,-0.1898467870939336,3.1764579839806273,-0.6040525012698539,-3.4658114434813205,0.4418244707098131,1.3413913600902574,-1.338154459558569,1.1607426539693442,-0.4664754644030193,2.360205552142106,-0.7192544852471551,0.7215848720063825,-0.5242513591751714,-1.8940902514112805,-0.9421594310814423,3.1423824502691886,2.9014082852417222,-1.867902677347757,0.16083821543862045,1.6244003587440647,-1.5166888841678514,0.25351202900362363,-1.4950581192082721,-1.294415221956995,1.1616995339045357,-1.5868338114188443,-1.926991529134564,-2.1093619825505487
-12.784520981181657,13.820732275931766,-3.6099100884530455,3.211545872407008,-4.416688501352002,18.772662135696727,27.156841031319075,-52.18547997583355,-71.47778699628458,-8.230907706180838,6.647292715949018,13.29813321878459,-31.649670990104294,44.8656479425137,27.78701978890928,-41.227604855016416,-6.599304560150558,64.67564022429856,-9.37456292132694,-61.087752462614155,1.3413913600902574,36.46633402811631,-26.6961115604321,11.766925464548573,-9.833227650507697,41.07964457117005,-5.012420562734286,19.599318521441177,-11.635184055928187,-27.54869888274971,-16.07020626956563,58.54651388185683,49.23660273681759,-26.165065554301535,-1.3775796610904234,33.677794981172525,-24.01733559097949,8.263711445204756,-29.162862570774468,-25.57678835963239,26.975876735588905,-17.2715633578098,-39.929610403187866,-37.58502656947059
9.94394094321483,-10.630598187674645,2.12361193904674,-2.0827360463726468,3.946675910896185,-14.317748203512602,-20.550994691154354,38.75036599925627,54.207212773312826,6.130107530961644,-5.2695996023303175,-9.635943826424025,23.943229346082195,-32.52198842408537,-20.584440872709607,31.174604166994257,4.7941018858641185,-48.424416996045096,7.2419902401049745,46.25945305303999,-1.338154459558569,-26.6961115604321,20.023983644952544,-9.466479075597658,7.3651960985501566,-31.224523539044938,4.251942962707072,-14.350190417396984,8.666107819846784,21.300534869538996,12.151994604977276,-44.01434333796892,-37.32828226503101,20.205271710693808,0.7605276485946203,-25.222784922239786,18.412064654248226,-5.953409595749638,21.887739523127934,19.236021927082074,-19.90766917840595,13.719993283858024,29.855772110708127,28.529774779213934
-5.25381746130487,5.437032141636439,-0.1534287917969568,0.5680300279478157,-2.8205208247292584,7.157970251304847,9.97150251857439,-17.911754792682643,-26.660577821276974,-2.807436860184312,2.949686332596996,4.108461927041022,-11.701916108349119,13.796534153202126,9.555868820604829,-15.24723806841428,-2.086926298442444,22.938862314460707,-3.8021212053402293,-22.689164475522624,1.1607426539693442,11.766925464548573,-9.466479075597658,5.5658084324861425,-3.5119390261315355,15.453147082722431,-2.732426108892292,6.416697107641643,-3.960964361295034,-11.138420935328003,-5.8786455268841475,21.162585155300228,18.400911676504954,-10.445231719434375,0.026228379279570332,11.969196072135759,-9.385724132323592,2.434969945669486,-10.53108272574883,-9.304018804845741,9.052153465707557,-7.656190733186496,-14.093138866652932,-14.103902871429192
3.6632423643009075,-4.011063267837232,0.7439281803323499,-0.7743530248252825,1.5005008396674067,-5.323718890934959,-7.507416216587768,14.474672390083212,20.0103071636765,2.167441675963467,-2.0082421357860096,-3.62971043051329,9.078343100888635,-12.020910230113392,-7.711291759943612,11.586783876442423,1.8521996790700401,-17.933317823529094,2.745433102512725,17.16499616789449,-0.4664754644030193,-9.833227650507697,7.3651960985501566,-3.5119390261315355,2.796783443939236,-11.632641317898754,1.519556696090462,-5.369727993585644,3.183455334126598,7.979177856083319,4.430493272742169,-16.231498459365802,-13.815664068791959,7.410576966322975,0.30408911654189735,-9.42100888354593,6.8513636611637745,-2.1606376579356064,8.152676621182348,7.240766150516814,-7.362345762152871,5.050977831548738,11.110248956032047,10.676182823571338
-15.883327787881925,17.10890628356081,-2.7460418848173243,3.035951690439908,-6.9469322509918845,22.678381084868366,32.204345624960844,-60.691602274491004,-85.52981810337216,-9.260092642431447,8.658780473545038,14.935131960070747,-38.21636385145606,49.85988595493913,32.37956512514151,-49.29804629401419,-7.54992010109431,75.8702229198794,-11.78063699072787,-73.2071781714006,2.360205552142106,41.07964457117005,-31.224523539044938,15.453147082722431,-11.632641317898754,49.5793103389277,-7.168836315991377,22.3778096929265,-13.473656757968048,-34.293923561743924,-19.16331315741257,69.09579352110525,59.052311880642385,-32.22923228554314,-0.9662076409012536,39.75059241975458,-29.352722064295445,9.009643026495466,-34.4500444726368,-30.52685621507121,30.929737561549924,-22.237394732821592,-46.8433199201334,-45.45084121959356
2.560921761671928,-2.560080464638387,-0.09893274364100843,-0.16218054131922088,1.5964413661086958,-3.3064204404336612,-4.678544556930716,7.862835790602816,12.416107849418673,1.2653144566239143,-1.4363544457036244,-1.6740196646835281,5.293925889416126,-5.74395852246465,-4.226981193516824,7.049553198596391,0.8669575623607741,-10.309972776963102,1.8034404430090907,10.555431725693898,-0.7192544852471551,-5.012420562734286,4.251942962707072,-2.732426108892292,1.519556696090462,-7.168836315991377,1.6046169318466463,-2.769976541992905,1.7917914376627824,5.306866228071917,2.873556390956485,-9.684174241785179,-8.60856936553725,5.127626890886779,-0.15379189397784052,-5.378321345254373,4.393684272410201,-1.0475247669825378,4.724271223589611,4.200268542249768,-3.9936287210166017,3.8819889325775514,6.3093375177787445,6.566605879249007
-6.8843780355435715,7.624876827576658,-1.8474280446670452,1.789804075235871,-2.532021196852166,10.246280403571546,14.567138864340288,-28.39125009580819,-38.70985999751156,-4.294272281866891,3.720555824325216,7.252376537741615,-17.4555932564267,24.119536107245747,15.250862092544503,-22.458339123914453,-3.6884716935680575,35.02532549164782,-5.230937452652072,-33.23990811527286,0.7215848720063825,19.599318521441177,-14.350190417396984,6.416697107641643,-5.369727993585644,22.3778096929265,-2.769976541992905,10.784847093392322,-6.223861190158186,-15.129394810971437,-8.678767882254322,31.691400652582438,26.746213119277897,-14.239543787143935,-0.7967133035008185,18.339720911627513,-13.086413835592651,4.356535820127422,-15.90595413321997,-14.067945343533463,14.576708899098787,-9.37252617909897,-21.67968994000357,-20.64561567733363
4.266016054031237,-4.566820978514904,1.0431841025511792,-0.9387098232223249,1.6225453705171633,-6.128007095856835,-8.899904539505787,16.830601606593167,23.388711418078422,2.647184040485528,-2.2238143517445192,-4.224632275917422,10.3304293822644,-14.26924589475548,-8.931264226250498,13.451140492502269,2.090921301086337,-20.957629997161572,3.0975148611101013,19.979002469296994,-0.5242513591751714,-11.635184055928187,8.666107819846784,-3.960964361295034,3.183455334126598,-13.473656757968048,1.7917914376627824,-6.223861190158186,3.794994571066678,9.120310318611553,5.300323836472339,-19.02723669520628,-16.116178077976134,8.667344590604008,0.34596866655420716,-10.93801346987595,7.9018194036076395,-2.6430473532545955,9.427422261069086,8.297874153155835,-8.668276992980019,5.845938358593361,12.932978523236722,12.299211169211166
11.14279076665903,-11.964407051589665,1.3964816103786426,-1.8615438067029597,5.315273426226168,-15.721292844367238,-22.108633829168834,41.28895441390667,59.0023918007139,6.236011528350634,-6.199622690634243,-9.980563884648287,26.41849901536817,-33.16239566142524,-22.078052584227027,34.00002223552548,5.0988718687401535,-51.84747283008369,8.299418203170438,50.509508919542455,-1.8940902514112805,-27.54869888274971,21.300534869538996,-11.138420935328003,7.979177856083319,-34.293923561743924,5.306866228071917,-15.129394810971437,9.120310318611553,24.07208729487573,13.166588265706517,-47.387764837942306,-40.78067890623959,22.523525755241838,0.46642531056907865,-27.22177524644726,20.439450446340075,-5.921941259310619,23.658213894336413,21.033270852688425,-20.926457630188523,15.834879189448465,32.01191767676982,31.478290818116086
6.186488021472229,-6.541147543882164,1.2603380651089224,-1.239881621483531,2.6185065629756537,-8.71795273475216,-12.648866992928586,23.491097682002113,33.28939507696985,3.6916543859798683,-3.2593284224290486,-5.775473647842212,14.58219369434332,-19.550551838656794,-12.548718641695258,19.113165999546545,2.8787634911325437,-29.46901173721276,4.4824347328587475,28.440248320656178,-0.9421594310814423,-16.07020626956563,12.151994604977276,-5.8786455268841475,4.430493272742169,-19.16331315741257,2.873556390956485,-8.678767882254322,5.300323836472339,13.166588265706517,7.630094527416466,-26.937694235249552,-22.993923794805244,12.596022673912714,0.3550999027570163,-15.3807872318217,11.311937845183056,-3.6232866645356783,13.294545477335339,11.725223686827029,-12.109469540342545,8.650196306880925,18.15676632187947,17.538416593736944
-22.090929686880717,23.62798414345795,-4.550683103109758,4.5981631402412315,-9.086837691606812,31.621191522638284,45.35895257788272,-85.42029552864696,-119.89807140548223,-13.436852326372557,11.782594154075468,21.183183392177682,-52.9328805236148,71.21897693122158,45.56052706903404,-68.98911398315539,-10.586205525878967,106.7292425169884,-16.183322758270982,-102.37098191086406,3.1423824502691886,58.54651388185683,-44.01434333796892,21.162585155300228,-16.231498459365802,69.09579352110525,-9.684174241785179,31.691400652582438,-19.02723669520628,-47.387764837942306,-26.937694235249552,97.28291250032743,82.68191135960011,-44.891662832257424,-1.6022459407832423,55.71481555229084,-40.782639216985636,13.002652549093375,-48.35817958632357,-42.59292075985175,43.861370504887255,-30.624911915447402,-65.82586266331202,-63.23757413834997
-19.013806488053035,20.30413042301542,-3.4749308855823378,3.707594200250711,-8.210786586586327,27.024098495814442,38.61113495419766,-72.37681265691134,-102.25862752809718,-11.274520273744201,10.244404253856404,17.791965057867714,-45.272183993243814,59.72128601181293,38.6282876195232,-58.854540731896535,-8.959474849800811,90.6120943831271,-13.945365514939438,-87.3788164865747,2.9014082852417222,49.23660273681759,-37.32828226503101,18.400911676504954,-13.815664068791959,59.052311880642385,-8.60856936553725,26.746213119277897,-16.116178077976134,-40.78067890623959,-22.993923794805244,82.68191135960011,70.58496420196289,-38.55433001301818,-1.1659932739692596,47.3725726594813,-34.95242178069569,10.874689579578556,-41.11702871274037,-36.314203199009235,37.067826995807685,-26.57562582876984,-55.91049754911908,-54.08763449891599
10.567389044367623,-11.150885470457363,1.4582388804260837,-1.7968108398351947,4.930628177905233,-14.818756023624129,-21.09297293327939,38.781663420568826,55.86338202602654,6.121412004719083,-5.743819850682793,-9.319518598209351,24.540577099806608,-31.435432094036575,-20.701511623031244,32.061222604892315,4.705439698335057,-48.974078570834806,7.683848839988969,47.65716383765878,-1.867902677347757,-26.165065554301535,20.205271710693808,-10.445231719434375,7.410576966322975,-32.22923228554314,5.127626890886779,-14.239543787143935,8.667344590604008,22.523525755241838,12.596022673912714,-44.891662832257424,-38.55433001301818,21.425109762548118,0.42586404610941414,-25.552140658559324,19.202688402731386,-5.715845238509264,22.26283098842174,19.654597569884295,-19.835030481252563,15.00810284604551,30.15887401600861,29.523563267825946
0.14574751819234094,-0.2941919484740227,0.37785290555453116,-0.27930766527254264,-0.2029326790722307,-0.454071847813979,-0.6375870329836271,1.7488181453581129,1.7081215219753183,0.261696447596084,-0.06734497615491349,-0.5862608803256315,0.8734971455312371,-1.8628539311833168,-0.9567656571916924,1.0593664257901354,0.3018758435826254,-1.898760058847023,0.17855680465585946,1.5010374173874999,0.16083821543862045,-1.3775796610904234,0.7605276485946203,0.026228379279570332,0.30408911654189735,-0.9662076409012536,-0.15379189397784052,-0.7967133035008185,0.34596866655420716,0.46642531056907865,0.3550999027570163,-1.6022459407832423,-1.1659932739692596,0.42586404610941414,0.23224271959252973,-0.9995338267515463,0.4684740176043548,-0.3308324906884837,0.8599271161949579,0.7543809469012209,-0.9213774788285211,0.04068336853802415,1.2055118706302559,0.9460005145294181
-12.540227412001212,13.640785401475652,-2.6663967637713193,2.698282015460651,-5.125812233685313,18.130738092930162,25.853288876169884,-49.367171718495335,-68.60757334964005,-7.49243749062808,6.782186339037153,12.351610022572503,-30.765425598060084,41.16237518429243,26.362539236211287,-39.62659719434491,-6.231435445532864,61.34912173728639,-9.368085079025777,-58.78921197479611,1.6244003587440647,33.677794981172525,-25.222784922239786,11.969196072135759,-9.42100888354593,39.75059241975458,-5.378321345254373,18.339720911627513,-10.93801346987595,-27.22177524644726,-15.3807872318217,55.71481555229084,47.3725726594813,-25.552140658559324,-0.9995338267515463,32.17018245050821,-23.405564262058245,7.456652750797843,-27.815638686098794,-24.639085383616624,25.226632826015635,-17.344357947671096,-37.92521282776105,-36.47154438860801
9.479402269201366,-10.15279931442216,1.398809644962506,-1.6794127782329948,4.301007993786393,-13.459588990129822,-19.033688599908817,35.6231123814448,50.61939754371206,5.433836489684072,-5.2035116683144045,-8.671109649851582,22.581380986570576,-28.998992628099572,-19.015462193619197,29.151834915398172,4.392545973938046,-44.718978993769305,7.016761788734773,43.30795926992102,-1.5166888841678514,-24.01733559097949,18.412064654248226,-9.385724132323592,6.8513636611637745,-29.352722064295445,4.393684272410201,-13.086413835592651,7.9018194036076395,20.439450446340075,11.311937845183056,-40.782639216985636,-34.95242178069569,19.202688402731386,0.4684740176043548,-23.405564262058245,17.46628280506913,-5.211896904520388,20.344815493480652,18.013008417643377,-18.135842478654446,13.375416130008803,27.590667558021956,26.899626718223626
-2.8095898253727083,2.973374881251244,-0.9937341685330325,0.7722580829260431,-0.8289018361865462,4.081085772352114,6.082712037088647,-11.61628080783328,-15.801655466016907,-1.9020699688727911,1.372605567150793,2.9968036385376133,-6.867463823376914,10.256254119131668,6.14722910767965,-9.08128235211037,-1.4594537557064688,14.368848455511179,-1.979426407644491,-13.46912320055036,0.25351202900362363,8.263711445204756,-5.953409595749638,2.434969945669486,-2.1606376579356064,9.009643026495466,-1.0475247669825378,4.356535820127422,-2.6430473532545955,-5.921941259310619,-3.6232866645356783,13.002652549093375,10.874689579578556,-5.715845238509264,-0.3308324906884837,7.456652750797843,-5.211896904520388,1.9602905908278485,-6.408182231337541,-5.588387854999335,6.083029929085725,-3.7200610892671904,-8.865452888462126,-8.196419790241313
10.919411595050176,-11.821259940796253,2.195124374460695,-2.3158226303764895,4.507631175805802,-15.809937596788592,-22.437023848735784,42.68739499061862,59.58397591304179,6.573454974332159,-5.925365627518616,-10.618071914697378,26.61448730599873,-35.49725710213736,-22.80873747020536,34.39575860866903,5.371435950455339,-53.199166500804346,8.122474188425576,50.98859598568005,-1.4950581192082721,-29.162862570774468,21.887739523127934,-10.53108272574883,8.152676621182348,-34.4500444726368,4.724271223589611,-15.90595413321997,9.427422261069086,23.658213894336413,13.294545477335339,-48.35817958632357,-41.11702871274037,22.26283098842174,0.8599271161949579,-27.815638686098794,20.344815493480652,-6.408182231337541,24.18051809537763,21.353597026837413,-21.839040743897595,15.140534542058074,32.861592109030646,31.622263267917976
9.622443473701889,-10.544652962339354,1.8542582917488861,-2.031795594368683,4.086261228116447,-13.972219499813205,-19.70272929273187,37.759106967987165,52.541532990632284,5.633402352272421,-5.307110230556602,-9.412329234458273,23.751783171556838,-31.187836175768354,-20.21909245144559,30.412870270400695,4.808841844773253,-46.913387872716505,7.275040795815588,45.0972208149069,-1.294415221956995,-25.57678835963239,19.236021927082074,-9.304018804845741,7.240766150516814,-30.52685621507121,4.200268542249768,-14.067945343533463,8.297874153155835,21.033270852688425,11.725223686827029,-42.59292075985175,-36.314203199009235,19.654597569884295,0.7543809469012209,-24.639085383616624,18.013008417643377,-5.588387854999335,21.353597026837413,18.97751391864968,-19.21501578358881,13.388780893140291,29.02517998175493,28.097896963792238
-9.717730750705574,10.480172444112522,-2.5129128827994127,2.3152113259435136,-3.616775247788745,14.113859292571334,20.36793985043075,-38.927107268996735,-53.73290481659184,-6.088298443799478,5.109502266166231,9.83628367147756,-23.81612676136159,33.097553659632645,20.77557220629749,-31.001734713590665,-4.919731444637111,48.32277446843697,-7.13841456278512,-45.95372175322816,1.1616995339045357,26.975876735588905,-19.90766917840595,9.052153465707557,-7.362345762152871,30.929737561549924,-3.9936287210166017,14.576708899098787,-8.668276992980019,-20.926457630188523,-12.109469540342545,43.861370504887255,37.067826995807685,-19.835030481252563,-0.9213774788285211,25.226632826015635,-18.135842478654446,6.083029929085725,-21.839040743897595,-19.21501578358881,20.090328241298415,-13.263104041112701,-29.857153363161316,-28.333473106467796
7.5292235794112985,-7.781514697460563,0.5665169769379221,-0.9537907161862714,3.879319901374135,-10.231781868137379,-14.509956406380123,26.050169790413104,38.49186428905646,4.153204370927494,-4.129076942709463,-6.0603807756031856,16.796463029708576,-20.47478647200196,-13.862570642110546,22.009899917546413,3.072543605044563,-33.20943021230206,5.374807928956078,32.75888388968094,-1.5868338114188443,-17.2715633578098,13.719993283858024,-7.656190733186496,5.050977831548738,-22.237394732821592,3.8819889325775514,-9.37252617909897,5.845938358593361,15.834879189448465,8.650196306880925,-30.624911915447402,-26.57562582876984,15.00810284604551,0.04068336853802415,-17.344357947671096,13.375416130008803,-3.7200610892671904,15.140534542058074,13.388780893140291,-13.263104041112701,10.875774364479824,20.434535719198305,20.29274878243634
14.801342913337898,-16.02136609798169,3.2102462410438806,-3.210451303936225,5.943223505459247,-21.43017992365693,-30.583742244379334,58.269779227973054,81.0274616983833,8.9621673923592855,-7.95813949950693,-14.564611888981053,36.19596414650598,-48.77094270992403,-31.079461357015482,46.770647007411405,7.343212236678136,-72.51117134223068,10.966309227988368,69.36285581263154,-1.926991529134564,-39.929610403187866,29.855772110708127,-14.093138866652932,11.110248956032047,-46.8433199201334,6.3093375177787445,-21.67968994000357,12.932978523236722,32.01191767676982,18.15676632187947,-65.82586266331202,-55.91049754911908,30.15887401600861,1.2055118706302559,-37.92521282776105,27.590667558021956,-8.865452888462126,32.861592109030646,29.02517998175493,-29.857153363161316,20.434535719198305,44.80886609427186,42.953954500036396
14.464103781795272,-15.72884837531767,2.4897676300136604,-2.849897936213969,6.38157270616519,-20.80994762790777,-29.374410701770085,55.69772609632789,78.2557826604116,8.350136917595199,-7.979185754083721,-13.734938039912118,35.217224281882174,-45.66091607131996,-29.81247201786677,45.21134585309689,7.009759824407562,-69.50266019100884,10.868815378549352,67.11928425473064,-2.1093619825505487,-37.58502656947059,28.529774779213934,-14.103902871429192,10.676182823571338,-45.45084121959356,6.566605879249007,-20.64561567733363,12.299211169211166,31.478290818116086,17.538416593736944,-63.23757413834997,-54.08763449891599,29.523563267825946,0.9460005145294181,-36.47154438860801,26.899626718223626,-8.196419790241313,31.622263267917976,28.097896963792238,-28.333473106467796,20.29274878243634,42.953954500036396,41.81233899718082
