V1,V2,V3,V4,V5,V6,V7,V8,V9,V10,V11,V12,V13,V14,V15,V16,V17,V18,V19,V20,V21,V22,V23,V24,V25,V26,V27,V28,V29,V30,V31,V32,V33,V34,V35,V36,V37,V38,V39,V40,V41,V42,V43,V44
4.117231604044322,-2.863392205636421,-8.159927557217014,4.717206388627402,8.900066495074737,-1.7505038877939247,-0.17620607595898732,-9.19270423306321,2.8535923665718186,-1.1506782184736093,-3.7999829853616154,5.708434702863623,0.42122250750492346,19.48150265879084,4.4507943253781965,0.7629494616578634,-2.133023650828716,6.448419952365749,2.730858405280908,1.6325354812740698,-4.8819052203436515,11.863459716709695,-2.630003824595138,-8.074997836962927,-0.864112587124402,-2.6926903538928784,6.845963754995555,5.014994728734501,-2.0676236516738307,7.213973296629417,0.4038609384351002,2.9089309956124874,-2.5618433718268614,6.199248669747997,-3.836444127372435,3.274901641246134,3.9797138614848087,4.525718593379737,-1.3603132441091255,-0.8069016386063217,6.396221133828784,9.54635382640546,-4.3154395339889104,2.2621758195361625
-2.863392205636421,2.0734149003505444,5.688872209966096,-3.114991106820473,-6.2946757242097515,1.2525251048275274,0.1753548126898362,6.402134768449233,-1.9985026797385477,0.9311902606334922,2.689011223574946,-3.8080441193290553,-0.28237265020992935,-13.570690861566089,-3.1823012319625965,-0.5900753810936795,1.5031284767662687,-4.481097464462943,-1.8294805238022873,-1.2578240716380444,3.545877363123186,-8.320224145797784,1.8449732011515896,5.600245724303075,0.6169655160394817,1.8895540968278919,-4.822590487157942,-3.563522631586414,1.5204727685687673,-4.9592979951153975,-0.2352598131685858,-1.8820415983649816,1.7041526334998773,-4.424633363883015,2.60523736587115,-2.1304041949791115,-2.670274873402694,-3.099822540740712,1.1018584265678073,0.45700759951352515,-4.401874389274111,-6.651404664784348,3.0533687707961037,-1.5039022697715354
-8.159927557217014,5.688872209966096,17.393098372744294,-8.72094010232264,-18.598104802395017,3.85623703545507,-0.25320366824000984,19.764626490126975,-5.4308299259061315,3.281281054925092,7.727842983368805,-11.872295354591307,-1.1476360074806091,-41.48850410798764,-10.226347605492037,-1.4527950457716543,4.822336436181382,-13.815923986341597,-5.324529845735971,-3.464472972950246,10.193120632625309,-25.789014255675248,5.8827161450903684,17.501829203768636,1.8406872160475638,4.986336113594127,-14.124964556623903,-11.756412427444335,4.795991410407027,-15.040048268803558,-0.0858517276324642,-6.1436938550509215,4.355724982653366,-13.0940402080117,7.681349557664,-6.396411600231919,-7.643064315215372,-8.961574449071367,3.452421856120066,1.412574710554306,-13.318295786020647,-19.726456685150378,9.264976826655884,-4.831762327273952
4.717206388627402,-3.114991106820473,-8.72094010232264,6.155582869839404,9.547150771985462,-1.6500298972695993,-0.3617331704230891,-9.955050073754004,3.08771021550969,-0.5352489759600135,-4.189307301221895,6.615201970491748,0.16604544290260287,21.018160640143552,4.291497930844331,0.6281172576227144,-2.1047838247024826,7.162054709406799,3.295863601885346,1.2661070378396946,-5.0977393049395445,12.431797835358898,-2.7392882592567185,-8.428163234081637,-0.9444783206914212,-3.1138264909444606,7.480476331034982,4.669082431928097,-1.890929530529311,7.8808991242850555,0.9053006403409964,3.652683162004584,-3.318446729851691,6.389521402213816,-4.514979118098088,4.267924364805022,4.817644063203669,5.378445649126738,-0.9917365637748871,-1.3476219255094717,7.239130131882713,10.484380104337182,-4.666908778188544,2.3445256260899203
8.900066495074737,-6.2946757242097515,-18.598104802395017,9.547150771985462,20.11217696780714,-4.094359037015447,0.037257670605326726,-21.138842808136392,5.932829406007215,-3.411575320694726,-8.422077079593532,12.593924330466814,1.0864098231762964,44.41760977909375,10.827526543499792,1.625861600611354,-5.095648044113513,14.819235828048399,5.74942964228884,3.773505950777942,-11.142015232806015,27.519187141228873,-6.250920967153201,-18.561919040572448,-2.0004173238411402,-5.537806180121238,15.310492783741937,12.331195104262882,-5.114076111688309,16.065293505061096,0.26785571784806544,6.486369996796972,-4.847921032612804,14.130773751143444,-8.291031314912269,6.884465598001856,8.283246586264498,9.747000643062885,-3.7429126204147063,-1.5140637259104575,14.306563435080886,21.265464783313124,-9.997029743941685,5.0208690055946805
-1.7505038877939247,1.2525251048275274,3.85623703545507,-1.6500298972695993,-4.094359037015447,0.967437749474873,-0.0575282011550786,4.205627236172692,-1.3915463786684068,0.8695293509154407,1.6796266422608137,-2.5108654725985855,-0.44084804657143917,-9.033056884240251,-2.3082053548709642,-0.47336018279287345,1.100577276749075,-2.807511549857024,-1.121735610060634,-1.0431059963450242,2.2459133987624007,-5.685029790103672,1.249022096751983,4.000440224173384,0.3679438805067614,1.142147735072969,-3.0781956462458098,-2.7473067694985467,1.1007375505448977,-3.3949207533295036,0.06808185396441704,-1.089715231054699,0.9577280737766184,-3.0134993810297264,1.600068763103639,-1.148834222933065,-1.6313773304086845,-1.8200096789292033,0.7646468279312648,0.1331231329894763,-2.780720374322335,-4.343191215739809,1.9072301757099677,-1.2336690913088273
-0.17620607595898732,0.1753548126898362,-0.25320366824000984,-0.3617331704230891,0.037257670605326726,-0.0575282011550786,0.3651621800889689,-0.4541924606301637,-0.34385758825748886,-0.3562412142667052,0.09393898436155425,0.1650880395864236,0.07872291711615288,0.6639442483062417,0.47689195282537045,-0.16423993089458022,-0.19561494748068925,0.35149399959783467,-0.11711371244415336,-0.13820005204028843,0.039473909440543964,0.6263265489922049,-0.24879209936921035,-0.3752851441567637,-0.03440423294128177,0.34325950795376997,-0.0459086457557267,0.6397398390955655,-0.21438092941808673,0.05965503121736518,-0.34403153670547076,0.25442807067575257,0.4700495044362146,0.025486640236514445,0.06672904709128073,-0.019450174921864904,-0.244747275068421,-0.13063357666258585,-0.2553861501768522,0.008993255157675328,0.1303253369568944,-0.023690199951033993,-0.20799876289988256,0.05362242912479112
-9.19270423306321,6.402134768449233,19.764626490126975,-9.955050073754004,-21.138842808136392,4.205627236172692,-0.4541924606301637,22.888249851290936,-5.566418383259701,3.790475509838069,8.757796146305727,-13.532702111462239,-0.9790281138673903,-47.48354669947892,-11.832738600355285,-1.3128096704768915,5.517034946041423,-16.258325263220645,-5.960755184007508,-3.428279690287909,11.643330425282421,-29.574680048342056,6.902124746572244,19.706097783788646,2.1874081724448833,5.352494373977138,-16.047677491862114,-13.458418179356972,5.5531595401639695,-16.804187730219716,0.0025352978129553764,-7.441474984419247,4.54493538190368,-14.678256764499569,8.738001959764462,-7.542790936234063,-8.472339978577095,-10.276164477055268,4.2152557114497275,1.8135420399760687,-15.357298131859864,-22.27615775579192,10.899190560212363,-5.097096782979417
2.8535923665718186,-1.9985026797385477,-5.4308299259061315,3.08771021550969,5.932829406007215,-1.3915463786684068,-0.34385758825748886,-5.566418383259701,2.690185057793806,-0.6883210640718689,-2.566430996695065,3.738733098112769,0.6939049734988583,12.538795644410879,2.685063376390938,0.9506509682814221,-1.3714684319024213,3.572928285506118,1.935863602862151,1.7508315000780252,-3.1854247265111932,7.549124098514733,-1.4702585126217766,-5.602763916037633,-0.453810743136433,-2.2109241428759305,4.574404714495939,3.203068500957047,-1.243472105102011,5.173675208242283,0.40828748014591393,1.3349436409306583,-2.235554347588904,4.397272415556112,-2.545785445417167,1.8224709197851416,2.9286384888127213,2.8989833487401175,-0.5347448997118048,-0.264711508626035,3.9705372460867427,6.546305763896168,-2.401902899761246,2.009773956531999
-1.1506782184736093,0.9311902606334922,3.281281054925092,-0.5352489759600135,-3.411575320694726,0.8695293509154407,-0.3562412142667052,3.790475509838069,-0.6883210640718689,1.3407311113311005,1.2775789030337257,-1.7977226059546596,-0.3894020503043314,-7.7734041699201715,-2.497121288107809,-0.28473194361884346,1.1116814778593849,-2.579128487913352,-0.5898975693565628,-0.8695799715752927,1.9911606927601688,-5.237545348199625,1.2864408690332212,3.4610511106336523,0.3597047358231422,0.5191086386297672,-2.447202781554175,-2.9931318124008346,1.2582859158425763,-2.556993338577707,0.5301278035712882,-0.8657722334149807,0.03512778620753263,-2.5708616429131492,1.0353899693678141,-0.5790013712916531,-0.778720857461683,-1.1652468616670135,1.2047874432130927,-0.10771351738243667,-2.205578839315337,-3.341913735847242,1.832019666570589,-0.856239793596005
-3.7999829853616154,2.689011223574946,7.727842983368805,-4.189307301221895,-8.422077079593532,1.6796266422608137,0.09393898436155425,8.757796146305727,-2.566430996695065,1.2775789030337257,3.567642351971131,-5.27473886716507,-0.4041567402841673,-18.458127101669373,-4.37779202495903,-0.7025286257107438,2.067969112561404,-6.15145287691515,-2.4688573498780624,-1.5699680009550554,4.674566175213239,-11.352109481478735,2.5515490044988094,7.658778080344424,0.8331012145125682,2.422738344510129,-6.442444612258216,-4.9415996989802204,2.0634858229995316,-6.721951394891929,-0.23921093574190258,-2.703031849717018,2.1965882747303924,-5.892137257704236,3.5250146531167554,-2.9596442753862338,-3.5765575346321525,-4.166050105876687,1.4699325392902516,0.6811782049399518,-5.999425796804388,-8.937488723302497,4.144199478436765,-2.0721283401399044
5.708434702863623,-3.8080441193290553,-11.872295354591307,6.615201970491748,12.593924330466814,-2.5108654725985855,0.1650880395864236,-13.532702111462239,3.738733098112769,-1.7977226059546596,-5.27473886716507,8.528255217572745,0.7012118229945274,28.399706781761683,6.683987364051167,0.8584731193444025,-3.200634858287247,9.531659745544745,3.884619768677775,2.0453423414050795,-6.723372739857676,17.431744155741633,-3.9637528681778234,-11.913764318051054,-1.2418348564296164,-3.4964362105665985,9.643751992821244,7.661537830518891,-3.040706736189695,10.439425346094763,0.3117101014025298,4.5767936211220634,-3.3277162058359036,8.722360097551961,-5.497430077637774,4.85393320586523,5.585234952446262,6.398369629864327,-1.9627096408646705,-1.2824240791901502,9.314284580934379,13.589813812253237,-6.271931058853385,3.384061631380029
0.42122250750492346,-0.28237265020992935,-1.1476360074806091,0.16604544290260287,1.0864098231762964,-0.44084804657143917,0.07872291711615288,-0.9790281138673903,0.6939049734988583,-0.3894020503043314,-0.4041567402841673,0.7012118229945274,0.4472514536506473,2.4345057285561245,0.6944375471901298,0.32884989980603146,-0.36792776817215644,0.4420219471968129,0.29823374299783334,0.6472384669019783,-0.5151442086806796,1.608770996266277,-0.28055533242547137,-1.415665678872877,-0.032613092043969887,-0.37366625926199004,0.779931402942346,1.0039954787659897,-0.3244535928662667,1.165513894741121,-0.13079902059195836,0.017388598147793245,-0.3269951267081803,0.9817814890318115,-0.3647199724609216,0.03524501442759793,0.4618315628136765,0.3104878234873811,-0.10030004397689538,0.16101001433627524,0.597475645505546,1.237447513106348,-0.29265002971380355,0.6958342547128699
19.48150265879084,-13.570690861566089,-41.48850410798764,21.018160640143552,44.41760977909375,-9.033056884240251,0.6639442483062417,-47.48354669947892,12.538795644410879,-7.7734041699201715,-18.458127101669373,28.399706781761683,2.4345057285561245,99.26291472622144,24.471802959138323,3.2061774585008513,-11.501363199560522,33.41421732636017,12.694448289693534,7.838824928687206,-24.38725569737724,61.677344883733056,-14.180110002504646,-41.55979871196287,-4.470739631438406,-11.736026556588108,33.753196277135046,27.98903472602058,-11.472931402572678,35.68892413005033,0.22689094775988847,15.051663894371146,-10.197749899520002,31.082259610386217,-18.40022376340384,15.56396786429271,18.16910674205446,21.545162984186955,-8.404090668240954,-3.5843053666517326,31.997260474066074,47.02383272415381,-22.406242544511073,11.204049139514792
4.4507943253781965,-3.1823012319625965,-10.226347605492037,4.291497930844331,10.827526543499792,-2.3082053548709642,0.47689195282537045,-11.832738600355285,2.685063376390938,-2.497121288107809,-4.37779202495903,6.683987364051167,0.6944375471901298,24.471802959138323,6.532884163169075,0.7165373687216511,-3.0069544134043302,8.314314610522542,2.7785172626155,1.9838076312603767,-6.0305125266079385,15.548882175624534,-3.678127331273136,-10.358658667557844,-1.123696269967336,-2.4620969620309254,8.107912739869775,7.558331563168077,-3.1240544122330944,8.520907316064735,-0.42263144841030104,3.5884179300619556,-1.7902598518040307,7.671139225850326,-4.200235843797521,3.399585428818494,3.901116261700288,4.891905595398476,-2.5451518711224654,-0.6366960596706377,7.681418517108102,11.232899319670294,-5.638930562835639,2.662560989787347
0.7629494616578634,-0.5900753810936795,-1.4527950457716543,0.6281172576227144,1.625861600611354,-0.47336018279287345,-0.16423993089458022,-1.3128096704768915,0.9506509682814221,-0.28473194361884346,-0.7025286257107438,0.8584731193444025,0.32884989980603146,3.2061774585008513,0.7165373687216511,0.42692771073853053,-0.3765189139266662,0.714091912073258,0.48392755580707864,0.7606419318105628,-0.9071004233116748,1.9642097023547986,-0.32368012407000096,-1.5721758286241776,-0.09040502518747395,-0.69635957195817,1.235323552459651,0.9132329731303721,-0.3589653481542869,1.4459796542516616,0.08457528018510747,0.06607832553157617,-0.6617042858251383,1.3231111428548343,-0.6088846017978358,0.24300301040538538,0.7655160918368316,0.666352159192193,-0.14629675050613639,0.10128052825560956,0.9149189308708698,1.7789386509615814,-0.519534444142327,0.6602117003923558
-2.133023650828716,1.5031284767662687,4.822336436181382,-2.1047838247024826,-5.095648044113513,1.100577276749075,-0.19561494748068925,5.517034946041423,-1.3714684319024213,1.1116814778593849,2.067969112561404,-3.200634858287247,-0.36792776817215644,-11.501363199560522,-3.0069544134043302,-0.3765189139266662,1.4016053227899927,-3.8442003180155404,-1.3585253221205993,-0.9762083670109373,2.804894283978925,-7.266727396566025,1.693308732646105,4.908742058174971,0.512917085622343,1.2284747230126183,-3.827137668170455,-3.5006826000131817,1.4257310462738282,-4.089778261593942,0.14728819992019354,-1.6676852849691783,0.9567487575826045,-3.624328440952729,2.014477328531887,-1.6215990721316984,-1.92456159690519,-2.330354405596047,1.1025144906905782,0.3073236836972818,-3.615751345938815,-5.339488415489197,2.596461324832142,-1.3316630808863947
6.448419952365749,-4.481097464462943,-13.815923986341597,7.162054709406799,14.819235828048399,-2.807511549857024,0.35149399959783467,-16.258325263220645,3.572928285506118,-2.579128487913352,-6.15145287691515,9.531659745544745,0.4420219471968129,33.41421732636017,8.314314610522542,0.714091912073258,-3.8442003180155404,11.722424943981476,4.172799577788925,2.0593911285355833,-8.197373732378757,20.784411726957295,-4.931576260085555,-13.621469740874305,-1.5909023401176992,-3.626119035421563,11.269456899257705,9.33576150479138,-3.8973902331133097,11.602058800761117,0.029675793249849557,5.517384458857139,-3.053332018331379,10.136749301419846,-6.177794747869744,5.533181020629818,5.8910189628300795,7.331106325116739,-3.060764128414707,-1.4481404212343536,10.923218380001497,15.554837854663251,-7.848134287154572,3.306433969028925
2.730858405280908,-1.8294805238022873,-5.324529845735971,3.295863601885346,5.74942964228884,-1.121735610060634,-0.11711371244415336,-5.960755184007508,1.935863602862151,-0.5898975693565628,-2.4688573498780624,3.884619768677775,0.29823374299783334,12.694448289693534,2.7785172626155,0.48392755580707864,-1.3585253221205993,4.172799577788925,1.8803338949751995,1.0052386348016282,-3.0705321048059204,7.6510242511138,-1.6747875127422223,-5.293307782660439,-0.5440623425826658,-1.8104138342479126,4.4503660968969,3.1481847967332683,-1.2523495724276645,4.807621812470265,0.353470896982345,1.9897972932735695,-1.8353166279782949,3.979358774883445,-2.5885869196911075,2.278695361134575,2.7480812097048855,3.0301866193233007,-0.7024616528689309,-0.6176126408941109,4.222732447135923,6.276491262268681,-2.7421740493812234,1.5693945560717633
1.6325354812740698,-1.2578240716380444,-3.464472972950246,1.2661070378396946,3.773505950777942,-1.0431059963450242,-0.13820005204028843,-3.428279690287909,1.7508315000780252,-0.8695799715752927,-1.5699680009550554,2.0453423414050795,0.6472384669019783,7.838824928687206,1.9838076312603767,0.7606419318105628,-0.9762083670109373,2.0593911285355833,1.0052386348016282,1.4761501533734231,-2.119056965728408,4.947178685072014,-0.9616796800804569,-3.7111743743571535,-0.2696056657998386,-1.296054771837652,2.826303302562248,2.4594191686873854,-0.9874097803863633,3.2132130973225586,-0.02303389406078707,0.45619231770273827,-1.1058676295923031,2.9815079939085836,-1.3609794721883164,0.6510272506631493,1.5312598328168476,1.5036274198926807,-0.6128636148279147,0.1591540402736255,2.259292579688154,4.016864048120569,-1.463517140045525,1.3539162890654064
-4.8819052203436515,3.545877363123186,10.193120632625309,-5.0977393049395445,-11.142015232806015,2.2459133987624007,0.039473909440543964,11.643330425282421,-3.1854247265111932,1.9911606927601688,4.674566175213239,-6.723372739857676,-0.5151442086806796,-24.38725569737724,-6.0305125266079385,-0.9071004233116748,2.804894283978925,-8.197373732378757,-3.0705321048059204,-2.119056965728408,6.290898225790643,-15.162304308624103,3.4632690706274163,10.095215215463337,1.1294921809317509,3.0263618929070195,-8.467071460688706,-6.805643565699613,2.895062977986822,-8.687249835635447,-0.10847201400362179,-3.467290950842581,2.5406707907732753,-7.832736475033841,4.485973457810906,-3.6700984172739575,-4.418402129231858,-5.32352446793261,2.254270078141676,0.7577584102596203,-7.826722889535985,-11.651594767083205,5.5899370912676085,-2.5970862024588546
11.863459716709695,-8.320224145797784,-25.789014255675248,12.431797835358898,27.519187141228873,-5.685029790103672,0.6263265489922049,-29.574680048342056,7.549124098514733,-5.237545348199625,-11.352109481478735,17.431744155741633,1.608770996266277,61.677344883733056,15.548882175624534,1.9642097023547986,-7.266727396566025,20.784411726957295,7.6510242511138,4.947178685072014,-15.162304308624103,38.5660416430029,-8.92876652634314,-25.932190695412352,-2.786734243335893,-7.0090002271087855,20.82903661212562,17.85845702312694,-7.331966677244795,22.01220407420878,-0.1902856140663723,9.239544907007952,-5.859420542395967,19.339608611772906,-11.199820283685328,9.347803488938661,10.901124312801771,13.087188008926086,-5.5334286954137895,-2.039925108165971,19.727684708609893,28.98530552929486,-13.976552276749157,6.928601201345986
-2.630003824595138,1.8449732011515896,5.8827161450903684,-2.7392882592567185,-6.250920967153201,1.249022096751983,-0.24879209936921035,6.902124746572244,-1.4702585126217766,1.2864408690332212,2.5515490044988094,-3.9637528681778234,-0.28055533242547137,-14.180110002504646,-3.678127331273136,-0.32368012407000096,1.693308732646105,-4.931576260085555,-1.6747875127422223,-0.9616796800804569,3.4632690706274163,-8.92876652634314,2.1324265244731695,5.878575214491396,0.6676108324748634,1.435287126523031,-4.713922596597883,-4.195460751322684,1.7394527937367064,-4.899802594147569,0.1392718064334167,-2.252881240538611,1.1116911353601493,-4.337983974648021,2.5171533247946445,-2.1722866950386264,-2.347160179891371,-2.9593561129406583,1.4062817023752163,0.5070247509716862,-4.547206710423932,-6.5158040588281985,3.3181429748492293,-1.4520008474518704
-8.074997836962927,5.600245724303075,17.501829203768636,-8.428163234081637,-18.561919040572448,4.000440224173384,-0.3752851441567637,19.706097783788646,-5.602763916037633,3.4610511106336523,7.658778080344424,-11.913764318051054,-1.415665678872877,-41.55979871196287,-10.358658667557844,-1.5721758286241776,4.908742058174971,-13.621469740874305,-5.293307782660439,-3.7111743743571535,10.095215215463337,-25.932190695412352,5.878575214491396,17.813472020504545,1.7926456331760388,4.962295681784847,-14.055003436047878,-12.066870260753536,4.849497626448718,-15.226901707474692,0.06740997220555643,-5.976255532289189,4.313717604131859,-13.20758773287869,7.608360379651801,-6.176802144090939,-7.605230587612258,-8.785568163802113,3.409548788105071,1.2604462292290672,-13.20904398400205,-19.74580590846093,9.119187379954315,-5.1195447657394695
-0.864112587124402,0.6169655160394817,1.8406872160475638,-0.9444783206914212,-2.0004173238411402,0.3679438805067614,-0.03440423294128177,2.1874081724448833,-0.453810743136433,0.3597047358231422,0.8331012145125682,-1.2418348564296164,-0.032613092043969887,-4.470739631438406,-1.123696269967336,-0.09040502518747395,0.512917085622343,-1.5909023401176992,-0.5440623425826658,-0.2696056657998386,1.1294921809317509,-2.786734243335893,0.6676108324748634,1.7926456331760388,0.22085067644807535,0.4807189739034836,-1.5204194765229335,-1.244812123442387,0.5349558893806361,-1.5202997633909916,-0.0025212096222417654,-0.7328920495130605,0.38549351237102936,-1.3625208498842214,0.8181778900100979,-0.7319585012588312,-0.7655602187563323,-0.9829776177393433,0.4475208439625386,0.18874296562943477,-1.4622637413649981,-2.074663212005928,1.0761785578768035,-0.40177937011571063
-2.6926903538928784,1.8895540968278919,4.986336113594127,-3.1138264909444606,-5.537806180121238,1.142147735072969,0.34325950795376997,5.352494373977138,-2.2109241428759305,0.5191086386297672,2.422738344510129,-3.4964362105665985,-0.37366625926199004,-11.736026556588108,-2.4620969620309254,-0.69635957195817,1.2284747230126183,-3.626119035421563,-1.8104138342479126,-1.296054771837652,3.0263618929070195,-7.0090002271087855,1.435287126523031,4.962295681784847,0.4807189739034836,1.9814138519978293,-4.299095118702905,-2.795003307793977,1.139875388194164,-4.622614378710688,-0.4612609817714723,-1.5163532945249214,2.004494068084341,-3.9440262179567673,2.4349537382442783,-1.9504737143854962,-2.70815574656061,-2.8546840682993424,0.5876964614580351,0.4269944749066969,-3.8471319165400426,-6.045038808521323,2.4376207144536832,-1.5770900654981121
6.845963754995555,-4.822590487157942,-14.124964556623903,7.480476331034982,15.310492783741937,-3.0781956462458098,-0.0459086457557267,-16.047677491862114,4.574404714495939,-2.447202781554175,-6.442444612258216,9.643751992821244,0.779931402942346,33.753196277135046,8.107912739869775,1.235323552459651,-3.827137668170455,11.269456899257705,4.4503660968969,2.826303302562248,-8.467071460688706,20.82903661212562,-4.713922596597883,-14.055003436047878,-1.5204194765229335,-4.299095118702905,11.68624496180732,9.200732982649406,-3.8159498843118507,12.252858692874439,0.32161610513646965,4.981036962365319,-3.8443964584149235,10.72145655568958,-6.382747338959982,5.354928769794332,6.4249453305119895,7.51613099376696,-2.7427173140593744,-1.2239175342956063,10.931532253392707,16.235921469188526,-7.5861415611096605,3.8116679665462465
5.014994728734501,-3.563522631586414,-11.756412427444335,4.669082431928097,12.331195104262882,-2.7473067694985467,0.6397398390955655,-13.458418179356972,3.203068500957047,-2.9931318124008346,-4.9415996989802204,7.661537830518891,1.0039954787659897,27.98903472602058,7.558331563168077,0.9132329731303721,-3.5006826000131817,9.33576150479138,3.1481847967332683,2.4594191686873854,-6.805643565699613,17.85845702312694,-4.195460751322684,-12.066870260753536,-1.244812123442387,-2.795003307793977,9.200732982649406,8.870347898989518,-3.6067718182267394,9.875137220330448,-0.5999343960981892,3.9634127812578908,-2.011987797135735,8.846403311892546,-4.7381901775694395,3.706230830214691,4.425187561631665,5.4456582160187335,-2.870641815813139,-0.6062076586535994,8.68071488668934,12.837941922445724,-6.323099204723281,3.268089490006258
-2.0676236516738307,1.5204727685687673,4.795991410407027,-1.890929530529311,-5.114076111688309,1.1007375505448977,-0.21438092941808673,5.5531595401639695,-1.243472105102011,1.2582859158425763,2.0634858229995316,-3.040706736189695,-0.3244535928662667,-11.472931402572678,-3.1240544122330944,-0.3589653481542869,1.4257310462738282,-3.8973902331133097,-1.2523495724276645,-0.9874097803863633,2.895062977986822,-7.331966677244795,1.7394527937367064,4.849497626448718,0.5349558893806361,1.139875388194164,-3.8159498843118507,-3.6067718182267394,1.5156663009318345,-3.9506916095221722,0.24180552369364025,-1.6106502956498459,0.7674844366032358,-3.645468544919322,1.9222864749475967,-1.5038215972348616,-1.7541744598725308,-2.2493221757664745,1.2872771243617123,0.2386073774549257,-3.566801929161274,-5.249469703074786,2.6714727072021627,-1.2098555749705802
7.213973296629417,-4.9592979951153975,-15.040048268803558,7.8808991242850555,16.065293505061096,-3.3949207533295036,0.05965503121736518,-16.804187730219716,5.173675208242283,-2.556993338577707,-6.721951394891929,10.439425346094763,1.165513894741121,35.68892413005033,8.520907316064735,1.4459796542516616,-4.089778261593942,11.602058800761117,4.807621812470265,3.2132130973225586,-8.687249835635447,22.01220407420878,-4.899802594147569,-15.226901707474692,-1.5202997633909916,-4.622614378710688,12.252858692874439,9.875137220330448,-3.9506916095221722,13.304697157274575,0.3066595339518228,5.163146602020233,-4.270765081526603,11.381617258785395,-6.780100825070681,5.586538525488352,6.971093040349295,7.851404801783993,-2.581234438370593,-1.2322938022137064,11.4790741583967,17.253830926814295,-7.734358045613842,4.49038708571648
0.4038609384351002,-0.2352598131685858,-0.0858517276324642,0.9053006403409964,0.26785571784806544,0.06808185396441704,-0.34403153670547076,0.0025352978129553764,0.40828748014591393,0.5301278035712882,-0.23921093574190258,0.3117101014025298,-0.13079902059195836,0.22689094775988847,-0.42263144841030104,0.08457528018510747,0.14728819992019354,0.029675793249849557,0.353470896982345,-0.02303389406078707,-0.10847201400362179,-0.1902856140663723,0.1392718064334167,0.06740997220555643,-0.0025212096222417654,-0.4612609817714723,0.32161610513646965,-0.5999343960981892,0.24180552369364025,0.3066595339518228,0.47810274881114834,0.12761868350075634,-0.712996289349844,0.08923034146013986,-0.3608274774679411,0.4436296016184481,0.5799099918356513,0.47033936514777147,0.3813649231322967,-0.2349973316385476,0.27589161593812206,0.4646549122270865,0.019887734993428864,0.05626645899773332
2.9089309956124874,-1.8820415983649816,-6.1436938550509215,3.652683162004584,6.486369996796972,-1.089715231054699,0.25442807067575257,-7.441474984419247,1.3349436409306583,-0.8657722334149807,-2.703031849717018,4.5767936211220634,0.017388598147793245,15.051663894371146,3.5884179300619556,0.06607832553157617,-1.6676852849691783,5.517384458857139,1.9897972932735695,0.45619231770273827,-3.467290950842581,9.239544907007952,-2.252881240538611,-5.976255532289189,-0.7328920495130605,-1.5163532945249214,4.981036962365319,3.9634127812578908,-1.6106502956498459,5.163146602020233,0.12761868350075634,2.93907891961348,-1.413729222890659,4.246218018913303,-2.9235479402836537,2.9246770114389133,2.779276570887915,3.480426722869692,-1.1932796240275871,-0.9628685312043932,5.105089413058672,6.9219443789953,-3.5976863752178323,1.3832760640896076
-2.5618433718268614,1.7041526334998773,4.355724982653366,-3.318446729851691,-4.847921032612804,0.9577280737766184,0.4700495044362146,4.54493538190368,-2.235554347588904,0.03512778620753263,2.1965882747303924,-3.3277162058359036,-0.3269951267081803,-10.197749899520002,-1.7902598518040307,-0.6617042858251383,0.9567487575826045,-3.053332018331379,-1.8353166279782949,-1.1058676295923031,2.5406707907732753,-5.859420542395967,1.1116911353601493,4.313717604131859,0.38549351237102936,2.004494068084341,-3.8443964584149235,-2.011987797135735,0.7674844366032358,-4.270765081526603,-0.712996289349844,-1.413729222890659,2.2680114905507427,-3.4050076809091774,2.353450861799507,-2.0051522615630084,-2.7803838702751014,-2.748558299537896,0.11248292982138365,0.5474866505829477,-3.479621648975232,-5.500954434100919,1.9770581959958513,-1.5285985822438044
6.199248669747997,-4.424633363883015,-13.0940402080117,6.389521402213816,14.130773751143444,-3.0134993810297264,0.025486640236514445,-14.678256764499569,4.397272415556112,-2.5708616429131492,-5.892137257704236,8.722360097551961,0.9817814890318115,31.082259610386217,7.671139225850326,1.3231111428548343,-3.624328440952729,10.136749301419846,3.979358774883445,2.9815079939085836,-7.832736475033841,19.339608611772906,-4.337983974648021,-13.20758773287869,-1.3625208498842214,-3.9440262179567673,10.72145655568958,8.846403311892546,-3.645468544919322,11.381617258785395,0.08923034146013986,4.246218018913303,-3.4050076809091774,10.081916295787869,-5.717587836158411,4.530397785702833,5.757705640437169,6.668005869248997,-2.637922765350652,-0.8540463272885225,9.871652800495413,14.939414019919152,-6.869240833398859,3.723836721650473
-3.836444127372435,2.60523736587115,7.681349557664,-4.514979118098088,-8.291031314912269,1.600068763103639,0.06672904709128073,8.738001959764462,-2.545785445417167,1.0353899693678141,3.5250146531167554,-5.497430077637774,-0.3647199724609216,-18.40022376340384,-4.200235843797521,-0.6088846017978358,2.014477328531887,-6.177794747869744,-2.5885869196911075,-1.3609794721883164,4.485973457810906,-11.199820283685328,2.5171533247946445,7.608360379651801,0.8181778900100979,2.4349537382442783,-6.382747338959982,-4.7381901775694395,1.9222864749475967,-6.780100825070681,-0.3608274774679411,-2.9235479402836537,2.353450861799507,-5.717587836158411,3.6413414144129597,-3.2168362653287583,-3.74897527128849,-4.283933407219089,1.2384018674755966,0.860002748244072,-6.086617236656223,-8.934950061498162,4.0912807554313595,-2.120959131586715
3.274901641246134,-2.1304041949791115,-6.396411600231919,4.267924364805022,6.884465598001856,-1.148834222933065,-0.019450174921864904,-7.542790936234063,1.8224709197851416,-0.5790013712916531,-2.9596442753862338,4.85393320586523,0.03524501442759793,15.56396786429271,3.399585428818494,0.24300301040538538,-1.6215990721316984,5.533181020629818,2.278695361134575,0.6510272506631493,-3.6700984172739575,9.347803488938661,-2.1722866950386264,-6.176802144090939,-0.7319585012588312,-1.9504737143854962,5.354928769794332,3.706230830214691,-1.5038215972348616,5.586538525488352,0.4436296016184481,2.9246770114389133,-2.0051522615630084,4.530397785702833,-3.2168362653287583,3.16533391435275,3.2638399503372724,3.8392289590123188,-0.9472231144797617,-1.0446331755198097,5.354772645366831,7.4742244907180435,-3.5946531809357487,1.5615128873965913
3.9797138614848087,-2.670274873402694,-7.643064315215372,4.817644063203669,8.283246586264498,-1.6313773304086845,-0.244747275068421,-8.472339978577095,2.9286384888127213,-0.778720857461683,-3.5765575346321525,5.585234952446262,0.4618315628136765,18.16910674205446,3.901116261700288,0.7655160918368316,-1.92456159690519,5.8910189628300795,2.7480812097048855,1.5312598328168476,-4.418402129231858,10.901124312801771,-2.347160179891371,-7.605230587612258,-0.7655602187563323,-2.70815574656061,6.4249453305119895,4.425187561631665,-1.7541744598725308,6.971093040349295,0.5799099918356513,2.779276570887915,-2.7803838702751014,5.757705640437169,-3.74897527128849,3.2638399503372724,4.039416443621331,4.383924086754241,-0.924000539700483,-0.8713727729872248,6.046040113696181,9.07913621926401,-3.872494242147398,2.314073881392047
4.525718593379737,-3.099822540740712,-8.961574449071367,5.378445649126738,9.747000643062885,-1.8200096789292033,-0.13063357666258585,-10.276164477055268,2.8989833487401175,-1.1652468616670135,-4.166050105876687,6.398369629864327,0.3104878234873811,21.545162984186955,4.891905595398476,0.666352159192193,-2.330354405596047,7.331106325116739,3.0301866193233007,1.5036274198926807,-5.32352446793261,13.087188008926086,-2.9593561129406583,-8.785568163802113,-0.9829776177393433,-2.8546840682993424,7.51613099376696,5.4456582160187335,-2.2493221757664745,7.851404801783993,0.47033936514777147,3.480426722869692,-2.748558299537896,6.668005869248997,-4.283933407219089,3.8392289590123188,4.383924086754241,5.083620879797851,-1.5032065931653353,-1.0560517143613588,7.17417696045677,10.459153941845189,-4.8698428360511326,2.346757291056883
-1.3603132441091255,1.1018584265678073,3.452421856120066,-0.9917365637748871,-3.7429126204147063,0.7646468279312648,-0.2553861501768522,4.2152557114497275,-0.5347448997118048,1.2047874432130927,1.4699325392902516,-1.9627096408646705,-0.10030004397689538,-8.404090668240954,-2.5451518711224654,-0.14629675050613639,1.1025144906905782,-3.060764128414707,-0.7024616528689309,-0.6128636148279147,2.254270078141676,-5.5334286954137895,1.4062817023752163,3.409548788105071,0.4475208439625386,0.5876964614580351,-2.7427173140593744,-2.870641815813139,1.2872771243617123,-2.581234438370593,0.3813649231322967,-1.1932796240275871,0.11248292982138365,-2.637922765350652,1.2384018674755966,-0.9472231144797617,-0.924000539700483,-1.5032065931653353,1.324702344385555,0.10034499917778145,-2.5603641062673246,-3.6257364498932696,2.1634471193160714,-0.6009113149675017
-0.8069016386063217,0.45700759951352515,1.412574710554306,-1.3476219255094717,-1.5140637259104575,0.1331231329894763,0.008993255157675328,1.8135420399760687,-0.264711508626035,-0.10771351738243667,0.6811782049399518,-1.2824240791901502,0.16101001433627524,-3.5843053666517326,-0.6366960596706377,0.10128052825560956,0.3073236836972818,-1.4481404212343536,-0.6176126408941109,0.1591540402736255,0.7577584102596203,-2.039925108165971,0.5070247509716862,1.2604462292290672,0.18874296562943477,0.4269944749066969,-1.2239175342956063,-0.6062076586535994,0.2386073774549257,-1.2322938022137064,-0.2349973316385476,-0.9628685312043932,0.5474866505829477,-0.8540463272885225,0.860002748244072,-1.0446331755198097,-0.8713727729872248,-1.0560517143613588,0.10034499917778145,0.45957214492474346,-1.3785093646517088,-1.7073667262649288,0.8923489479891203,-0.23930438994467046
6.396221133828784,-4.401874389274111,-13.318295786020647,7.239130131882713,14.306563435080886,-2.780720374322335,0.1303253369568944,-15.357298131859864,3.9705372460867427,-2.205578839315337,-5.999425796804388,9.314284580934379,0.597475645505546,31.997260474066074,7.681418517108102,0.9149189308708698,-3.615751345938815,10.923218380001497,4.222732447135923,2.259292579688154,-7.826722889535985,19.727684708609893,-4.547206710423932,-13.20904398400205,-1.4622637413649981,-3.8471319165400426,10.931532253392707,8.68071488668934,-3.566801929161274,11.4790741583967,0.27589161593812206,5.105089413058672,-3.479621648975232,9.871652800495413,-6.086617236656223,5.354772645366831,6.046040113696181,7.17417696045677,-2.5603641062673246,-1.3785093646517088,10.47723181093853,15.213499953074937,-7.279948580456491,3.485005477336213
9.54635382640546,-6.651404664784348,-19.726456685150378,10.484380104337182,21.265464783313124,-4.343191215739809,-0.023690199951033993,-22.27615775579192,6.546305763896168,-3.341913735847242,-8.937488723302497,13.589813812253237,1.237447513106348,47.02383272415381,11.232899319670294,1.7789386509615814,-5.339488415489197,15.554837854663251,6.276491262268681,4.016864048120569,-11.651594767083205,28.98530552929486,-6.5158040588281985,-19.74580590846093,-2.074663212005928,-6.045038808521323,16.235921469188526,12.837941922445724,-5.249469703074786,17.253830926814295,0.4646549122270865,6.9219443789953,-5.500954434100919,14.939414019919152,-8.934950061498162,7.4742244907180435,9.07913621926401,10.459153941845189,-3.6257364498932696,-1.7073667262649288,15.213499953074937,22.67798144573769,-10.424272985891859,5.535006937786375
-4.3154395339889104,3.0533687707961037,9.264976826655884,-4.666908778188544,-9.997029743941685,1.9072301757099677,-0.20799876289988256,10.899190560212363,-2.401902899761246,1.832019666570589,4.144199478436765,-6.271931058853385,-0.29265002971380355,-22.406242544511073,-5.638930562835639,-0.519534444142327,2.596461324832142,-7.848134287154572,-2.7421740493812234,-1.463517140045525,5.5899370912676085,-13.976552276749157,3.3181429748492293,9.119187379954315,1.0761785578768035,2.4376207144536832,-7.5861415611096605,-6.323099204723281,2.6714727072021627,-7.734358045613842,0.019887734993428864,-3.5976863752178323,1.9770581959958513,-6.869240833398859,4.0912807554313595,-3.5946531809357487,-3.872494242147398,-4.8698428360511326,2.1634471193160714,0.8923489479891203,-7.279948580456491,-10.424272985891859,5.298892931006237,-2.1733836305844
2.2621758195361625,-1.5039022697715354,-4.831762327273952,2.3445256260899203,5.0208690055946805,-1.2336690913088273,0.05362242912479112,-5.097096782979417,2.009773956531999,-0.856239793596005,-2.0721283401399044,3.384061631380029,0.6958342547128699,11.204049139514792,2.662560989787347,0.6602117003923558,-1.3316630808863947,3.306433969028925,1.5693945560717633,1.3539162890654064,-2.5970862024588546,6.928601201345986,-1.4520008474518704,-5.1195447657394695,-0.40177937011571063,-1.5770900654981121,3.8116679665462465,3.268089490006258,-1.2098555749705802,4.49038708571648,0.05626645899773332,1.3832760640896076,-1.5285985822438044,3.723836721650473,-2.120959131586715,1.5615128873965913,2.314073881392047,2.346757291056883,-0.6009113149675017,-0.23930438994467046,3.485005477336213,5.535006937786375,-2.1733836305844,1.8180555500612932
