V1,V2,V3,V4,V5,V6,V7,V8,V9,V10,V11,V12,V13,V14,V15,V16,V17,V18,V19,V20,V21,V22,V23,V24,V25,V26,V27,V28,V29,V30,V31,V32,V33,V34,V35,V36,V37,V38,V39,V40,V41,V42,V43,V44
4.156566283816092,0.14379686570703726,0.8197576114999305,0.4712378940029928,2.1454093452354277,-0.8183543999945212,0.6672983595607712,-3.9113619390552024,-1.0906957088506009,1.2135384929828528,-2.2882263682521384,-1.5610620728338,-0.6604514107951194,2.942375022640006,-1.0861025710163534,2.604339900047207,-0.4920473817841348,-1.524544806293016,-0.21688100961821888,-1.3425812223850129,2.022396475106156,-0.05859511475421534,1.483939989400407,-0.4820238896697754,-1.7648175198195397,0.4129875982034357,0.26988894645410494,1.7157862618091744,-2.8028817796753955,-0.9719864841941104,-1.5536130749421317,1.1251323055198719,-0.7938747705434694,0.6977228012710434,1.9971311195358843,0.8914197994926921,-1.1239949137919152,0.8686413769183282,0.18491617017898426,1.9217029937239511,0.5994736029158392,-0.18201497594034585,0.12089497957030787,-3.237030309985772
0.14379686570703726,0.6054946379743844,0.741797008472892,-0.574108336315311,-0.15777323101037818,0.3382098135888995,-0.5569043785459725,0.6626358996402757,1.2904181138722364,-0.5399939231657495,-0.5718661549093751,0.6455968895666013,-0.021577395041363807,-0.24735940994620728,-1.3081602397489993,-1.2916716897046359,-0.4538241192856327,-0.8785961363716429,0.24143768397129073,0.5287525967769784,0.4226867450237138,0.34009149580411024,-0.9146609735572735,-0.10746200383516696,0.48387622169603367,-0.49926998545919643,0.5931034958680108,0.12230731588364144,-0.5235482523862073,0.7914041452930587,0.6042445221428178,0.32783909966925656,1.0033733407039658,0.23657396353974772,-0.45078061840117,0.10215402182605832,0.7063410315918551,0.06944185003141692,0.6153599205628744,-0.5132924943233482,-0.41275154091707006,0.7929379239459182,-0.2782929909780186,0.0497205110789117
0.8197576114999305,0.741797008472892,1.421843493140177,-1.0677611574726333,-0.6572673218195132,-0.25251335719296175,-1.1066779051620768,0.7353690147013425,1.2611571374339365,-1.0665757635570163,-0.9773424958177602,0.7387781693471944,-0.07818307733833933,-0.2879667489984153,-2.1139870699346135,-1.5356626257714012,0.01763137794346913,-1.420320170166545,-0.02510694285019621,0.6410239874481733,0.49040411121114563,0.6762622296797375,-1.1016214286376371,-0.277978197477491,0.5376111469386531,-0.5035178204388701,1.0510944557534325,0.27143978566338983,-1.3195216951195983,1.0325617209271767,1.1253292523344725,0.32217591543172325,1.53079773548952,0.5462562890172127,-0.5130278993329667,-0.07876262151647934,0.7545766981087345,0.2872061415313395,0.3036169544953004,-0.41009334749964593,-0.9905555376735213,1.2574201560024185,-0.5788223151883038,0.08321527939970048
0.4712378940029928,-0.574108336315311,-1.0677611574726333,1.382479345848471,1.5169028813871992,0.1936583964561465,1.3553019237189932,-1.7528852040594491,-1.4225506416426554,1.475896279758722,0.21023516891011396,-1.0951985023464212,-0.1675206779699475,1.3423649663831667,1.7438409450150714,2.271159446130793,-0.30801826291593715,0.7593477245029394,0.20820530831239162,-1.1107343655934347,0.35647448937981235,-0.7257350655608128,1.2947245048714464,0.22010502382647582,-1.1480708505072394,0.5080247973019157,-0.8012753504281863,0.46834726451565034,0.377182390939785,-1.314339311372758,-1.7619880442194484,0.2461644751260166,-1.793443042719814,-0.3585640209095805,1.0355352851198638,0.41142124069392494,-0.9143924662870774,0.24171782692113047,-0.03069493265275819,0.9252259204905458,1.1622924734177458,-1.0866281290349238,0.5776069166407569,-1.2697315691715965
2.1454093452354277,-0.15777323101037818,-0.6572673218195132,1.5169028813871992,3.1019519630667562,0.48344245678116116,1.7646130582990054,-3.69381450879703,-1.038479332057272,2.1775871758161784,-1.1136245063625736,-1.424424372427093,-0.397905164267012,2.670948371229858,0.7810004252630321,2.8427001133122083,-1.3934028296741907,-0.33540942956475156,0.3781418071898028,-1.5142328896629835,1.790859211772975,-0.7801128921942615,1.7477250383836216,-0.047890005044211585,-1.7638844594032155,0.4660117407317257,-0.5304494653394914,1.4644346623556248,-0.8973617994296941,-1.423620340514502,-2.72316839118213,1.0450633214994893,-1.9068707460911007,-0.024605323132402046,1.8193781883331568,1.3085680570983989,-1.162914370826127,0.4069212601651844,0.9197801548384746,1.3285739527653273,1.6931547456157092,-1.0972043785365786,0.8117611491354044,-2.953923219644642
-0.8183543999945212,0.3382098135888995,-0.25251335719296175,0.1936583964561465,0.48344245678116116,1.3298504733838412,0.28379947475419476,0.7496109812113991,1.3462903072183177,0.24904816540134947,0.11006916871977303,0.4332717761223298,0.06495440908878597,-0.23492515865042024,-0.03635973677703065,-0.9482519393076511,-1.2424598687666282,0.031584422948557754,0.6267659936201557,0.3136374749006144,0.08347444571030406,-0.08028418207936873,-0.6986083693798117,0.2571049188341316,0.5119745352029994,-0.5558898414054821,-0.2203592106689251,-0.2358223457174453,0.6513002567521787,0.4626425830142026,-0.043923703017242945,0.3108162009152387,0.1693877495873599,-0.13956476955669575,-0.23320358442811506,0.17447045968670294,0.7475684890029851,-0.25179534690624006,0.9534024835209842,-0.5575001790083763,0.43832754279565933,0.1878739821160293,0.0711401132893016,0.13401434242696925
0.6672983595607712,-0.5569043785459725,-1.1066779051620768,1.3553019237189932,1.7646130582990054,0.28379947475419476,1.500326793734255,-2.133716114178695,-1.3278767652633117,1.6065476562309193,0.05228369099179604,-1.1728041095122326,-0.167783952619143,1.438993732225323,1.6158215563018594,2.3112863540437596,-0.5562766242531165,0.6916961861424452,0.14378180855605663,-1.1163727263182739,0.5182344056227222,-0.715324977946708,1.470859904090008,0.14626941002615235,-1.1480389689782655,0.5107420996134934,-0.8748775534939117,0.527413284546216,0.23175281370707315,-1.3072276788175274,-1.8815586046304267,0.29039390386694847,-1.80151406620853,-0.3054060122870805,1.2228868574016838,0.5409673074328192,-0.9889255294523355,0.09986197024426396,0.14381283765801056,1.0003821822061614,1.3155868359273166,-1.2267101379720506,0.651820567675195,-1.4544132076303586
-3.9113619390552024,0.6626358996402757,0.7353690147013425,-1.7528852040594491,-3.69381450879703,0.7496109812113991,-2.133716114178695,6.232137733921554,2.941619411675611,-2.8146483087986494,1.6371467868223053,2.6073631834112017,0.5963039722726806,-3.8807235813987173,-1.1262822904547938,-5.077024879582076,0.7043607395341948,0.3101800600250994,0.30960625241537737,2.441185667365954,-2.143535216804465,0.9617005714781932,-3.4171992006417597,0.3994712585440638,2.904406977880284,-1.3596936902456032,0.7209792569155662,-2.059219795800195,1.861692391343492,2.4230467708137535,3.655296349503588,-0.9593947999110587,2.874221265779963,-0.21594193626603142,-2.9286786020474658,-1.6241137495682332,2.540900455050189,-0.5235254256001338,-0.11945739644437944,-2.528889534708901,-1.9803258474455354,1.9101897297752135,-1.127214316334143,4.08244441911735
-1.0906957088506009,1.2904181138722364,1.2611571374339365,-1.4225506416426554,-1.038479332057272,1.3462903072183177,-1.3278767652633117,2.941619411675611,3.5789191591931457,-1.5035683294956472,-0.5164761649486184,1.8552104478003415,0.16324008184828362,-1.5517042451687664,-2.5552693128007546,-3.9149964098612005,-1.1783712119933714,-1.2788544273501088,0.6773805644657425,1.6956162400955663,0.1210219717415063,0.8089057049426864,-2.61829867193884,0.011151171641340165,1.8751555764099939,-1.4175082842814581,0.9441543235013635,-0.5836632943270464,-0.041699537669209294,2.2044142594665406,2.037279027348316,0.3717602147261374,2.5539294206218175,0.29387325436536976,-1.5102237344411569,-0.18431746403836968,2.1394843368316177,-0.3254930465319356,1.3858030328918993,-1.7072768307484727,-0.9428556998535299,1.7983330182101562,-0.7004272149901498,1.2386267002440534
1.2135384929828528,-0.5399939231657495,-1.0665757635570163,1.475896279758722,2.1775871758161784,0.24904816540134947,1.6065476562309193,-2.8146483087986494,-1.5035683294956472,1.9255201934565558,-0.28101015137831564,-1.4551765166389559,-0.25631199886650546,1.9635262538148317,1.5703656051815187,2.778248015544189,-0.743358364022017,0.525522024841041,0.1615133490738779,-1.3750703018972594,0.7722882080683684,-0.8080637823027356,1.7639985539637277,0.10446715603788057,-1.4740483263259863,0.6053264544774172,-0.9273371573559503,0.7289019908078114,0.003848224660480963,-1.4974018122183124,-2.2029421911604254,0.45543397690636495,-2.026751856785261,-0.22925632412943978,1.5408340924251172,0.7687891583248604,-1.2047632228992606,0.1488155627047504,0.18113379332852766,1.2408981155521883,1.5331554643909087,-1.3284900490974259,0.7461988368148341,-1.9487290402238644
-2.2882263682521384,-0.5718661549093751,-0.9773424958177602,0.21023516891011396,-1.1136245063625736,0.11006916871977303,0.05228369099179604,1.6371467868223053,-0.5164761649486184,-0.28101015137831564,1.7202466228736066,0.3132661841014439,0.3491409402170145,-1.3786427960068326,1.6287316816636876,-0.29613930169459113,0.7358728446419026,1.533860954736494,-0.07408606074778436,0.2615683539957162,-1.46465688287082,-0.2100312030085859,-0.1120791177992903,0.3641452024947742,0.5565321782746689,0.1942923539553593,-0.578169391657804,-1.0011560679923026,1.8399124606013797,-0.11457522171479051,0.3866900691848059,-0.8570218189315274,-0.3900023308825656,-0.5288956270128994,-0.7119146806910519,-0.64335384214976,0.05882643952180764,-0.4285996065661881,-0.6798692336071817,-0.55912962233728,-0.081124275780991,-0.4538150138235724,0.10717415288475533,1.720222279181373
-1.5610620728338,0.6455968895666013,0.7387781693471944,-1.0951985023464212,-1.424424372427093,0.4332717761223298,-1.1728041095122326,2.6073631834112017,1.8552104478003415,-1.4551765166389559,0.3132661841014439,1.5611664046799236,0.2927014292319792,-1.7747474816336004,-1.2811643895756282,-2.8041071535276805,0.0024131346199622538,-0.521069799051823,0.1811800911724795,1.2935570088233883,-0.43769739476614555,0.5739397837138149,-1.7566916835791904,-6.006726941884049e-4,1.3975128223129503,-0.7210758197248036,0.7935682219901998,-0.53883291743063,0.31991464311140827,1.4209944021981185,1.6067945335493392,-0.2144653285962219,1.7238567425292541,0.07298808875990538,-1.5025196958459976,-0.3865218785861403,1.285510205356448,-0.22190200232647736,0.466676155269474,-1.4683397660910826,-1.0455546267652305,1.1410081560968661,-0.49422240779823595,1.645297001991664
-0.6604514107951194,-0.021577395041363807,-0.07818307733833933,-0.1675206779699475,-0.397905164267012,0.06495440908878597,-0.167783952619143,0.5963039722726806,0.16324008184828362,-0.25631199886650546,0.3491409402170145,0.2927014292319792,0.14253639226566844,-0.5536646389749764,0.09095247209672316,-0.5044880321893673,0.10385338988865472,0.183429226862018,-0.048842651821802974,0.2559043611014256,-0.3367472685072752,0.05256415751372804,-0.20493633801623048,0.038073397299617326,0.31811241517729594,-0.047761939156450356,0.00352914968164869,-0.26860074030843434,0.38568518240105554,0.195830910394956,0.2955899920707276,-0.22964131283024194,0.19378584893448994,-0.07299547175069208,-0.34584646681032455,-0.1288106000997759,0.1536458955651862,-0.1920120525217022,-0.04448032596140266,-0.35425387377435935,-0.14817122636188704,0.026110243133914624,-0.02158316664618673,0.5876818068352245
2.942375022640006,-0.24735940994620728,-0.2879667489984153,1.3423649663831667,2.670948371229858,-0.23492515865042024,1.438993732225323,-3.8807235813987173,-1.5517042451687664,1.9635262538148317,-1.3786427960068326,-1.7747474816336004,-0.5536646389749764,3.044331819496381,0.5333139881615978,3.3628887185906278,-0.6787260473458491,-0.4179325960589714,0.1979695815126835,-1.7328485152025763,1.7107562334068727,-0.6650003058918318,1.8496710839428177,-0.10235412239470283,-2.005082378790843,0.6592812163116833,-0.4135050813541234,1.4571872852246492,-1.3241406345515114,-1.5353700935335046,-2.418679795865965,1.0252525053396355,-1.832478654979939,0.131605650455632,2.0156737243242264,1.0560916655521453,-1.3503889414914072,0.6733424759124633,0.2570055329935814,1.7959856350594923,1.343216316842233,-0.8802243652940055,0.6074191733243582,-3.1370320432450973
-1.0861025710163534,-1.3081602397489993,-2.1139870699346135,1.7438409450150714,0.7810004252630321,-0.03635973677703065,1.6158215563018594,-1.1262822904547938,-2.5552693128007546,1.5703656051815187,1.6287316816636876,-1.2811643895756282,0.09095247209672316,0.5333139881615978,3.518589224350437,2.7784159185126343,0.4848529315647144,2.253853616521464,-0.08162514530724001,-1.1963928429940707,-0.9187568052149941,-1.0446759178498828,1.8283264842990068,0.46215991277033636,-1.0591427682478234,0.9530850331205212,-1.5411491117589526,-0.32575143795801936,1.8994460982277064,-1.8322454842943308,-1.7650575895750096,-0.5928896120160176,-2.565465800241592,-0.8238377772604737,0.8194383735134319,-0.06064499257365501,-1.3570035103442952,-0.17725199442650125,-0.9114396373568644,0.8366047100747551,1.3317823820751562,-1.905867903314598,0.8119432766132457,-0.09961977024444028
2.604339900047207,-1.2916716897046359,-1.5356626257714012,2.271159446130793,2.8427001133122083,-0.9482519393076511,2.3112863540437596,-5.077024879582076,-3.9149964098612005,2.778248015544189,-0.29613930169459113,-2.8041071535276805,-0.5044880321893673,3.3628887185906278,2.7784159185126343,5.6862672035342845,0.29130859774619894,1.1158897737944113,-0.2558593231205689,-2.643961415178387,0.959591847970412,-1.2397371239537782,3.4539055094054634,0.03753471112593947,-2.8551571426869224,1.641682198670651,-1.2985981927251944,1.3381292891062269,-0.5023784819363754,-2.892507830330177,-3.5050089723174986,0.42025706243745387,-3.580076351368985,-0.2447356838751369,2.6826621153589936,0.9023173020310516,-2.6415926236456544,0.5997326112937927,-0.8623119352749561,2.6274656226593245,1.9228755491056595,-2.212440655527563,1.1240068405320538,-3.12326191405628
-0.4920473817841348,-0.4538241192856327,0.01763137794346913,-0.30801826291593715,-1.3934028296741907,-1.2424598687666282,-0.5562766242531165,0.7043607395341948,-1.1783712119933714,-0.743358364022017,0.7358728446419026,0.0024131346199622538,0.10385338988865472,-0.6787260473458491,0.4848529315647144,0.29130859774619894,1.730915416262428,0.5949580064441903,-0.530758717360718,0.04071587252765751,-0.8457930950114996,0.1054496960213452,0.14577815581556988,-0.03871374041025079,0.025023499373205436,0.47985465685617545,0.15149545648435447,-0.36961304493514807,0.27869355413092184,-0.20193132176850853,0.6440903034795251,-0.6880200838673353,0.04747369726423749,-0.10811904499964893,-0.43365605625098663,-0.634859500209111,-0.36979869953104827,0.1257876511550179,-1.2639533058668473,0.06055067185449944,-0.7770036612017575,-0.0210895287069777,-0.18720264740604353,0.9588540489927128
-1.524544806293016,-0.8785961363716429,-1.420320170166545,0.7593477245029394,-0.33540942956475156,0.031584422948557754,0.6916961861424452,0.3101800600250994,-1.2788544273501088,0.525522024841041,1.533860954736494,-0.521069799051823,0.183429226862018,-0.4179325960589714,2.253853616521464,1.1158897737944113,0.5949580064441903,1.8989422051796836,-0.08629280832704644,-0.3853855060074187,-1.259074749644485,-0.5257284573321591,0.7561289850076697,0.40061084436304845,-0.08772104042637878,0.5307130943294218,-1.102453101047075,-0.8443688067370597,1.8212582122944747,-0.777120546081117,-0.3932061238751522,-0.7101399124393606,-1.2439998142471782,-0.5837535569843403,0.1200603351802366,-0.42955489542985187,-0.5366909500569738,-0.42464742380949055,-0.8550646528460454,0.19404432909303096,0.5502219299499463,-1.0469418995319517,0.38908406971966525,0.8575895823178614
-0.21688100961821888,0.24143768397129073,-0.02510694285019621,0.20820530831239162,0.3781418071898028,0.6267659936201557,0.14378180855605663,0.30960625241537737,0.6773805644657425,0.1615133490738779,-0.07408606074778436,0.1811800911724795,-0.048842651821802974,0.1979695815126835,-0.08162514530724001,-0.2558593231205689,-0.530758717360718,-0.08629280832704644,0.5384879503446849,0.010181110043878946,0.2853479463854694,-0.11062848068392395,-0.4677934096237112,0.18081269234163308,0.08869562394232794,-0.24349999289610058,0.031282982057453286,0.052860497561913834,0.29100108003645286,0.20973716091929606,-0.18743050538205724,0.35538539517511536,0.05035359217731621,-0.11301812791174844,-0.14447692965341866,0.18244673724141472,0.418267364570067,0.08297931111642269,0.5152958946849856,-0.23803293999976208,0.193202093672374,0.2593878225043756,0.05847608010732979,-0.22216740984878938
-1.3425812223850129,0.5287525967769784,0.6410239874481733,-1.1107343655934347,-1.5142328896629835,0.3136374749006144,-1.1163727263182739,2.441185667365954,1.6956162400955663,-1.3750703018972594,0.2615683539957162,1.2935570088233883,0.2559043611014256,-1.7328485152025763,-1.1963928429940707,-2.643961415178387,0.04071587252765751,-0.3853855060074187,0.010181110043878946,1.310144509117568,-0.6067330449303233,0.5854820991620189,-1.545998885475164,-0.05261383386123318,1.3683858784014835,-0.729349288495055,0.5609642002791874,-0.7303983960882398,0.3041468887243194,1.3215869235196431,1.749185500343434,-0.3278188662707337,1.6791729702988694,0.080465635084991,-1.304261162048381,-0.5133744710040147,1.1681199711790624,-0.3330394926895584,0.2561245461577159,-1.2096091673523437,-0.9497994958336748,0.9413404426209212,-0.5347355932241883,1.6230301480157223
2.022396475106156,0.4226867450237138,0.49040411121114563,0.35647448937981235,1.790859211772975,0.08347444571030406,0.5182344056227222,-2.143535216804465,0.1210219717415063,0.7722882080683684,-1.46465688287082,-0.43769739476614555,-0.3367472685072752,1.7107562334068727,-0.9187568052149941,0.959591847970412,-0.8457930950114996,-1.259074749644485,0.2853479463854694,-0.6067330449303233,1.8006338964306352,-0.13788434156501386,0.4651946479148904,-0.2754840028031916,-0.9337036984484858,0.015230812775281375,0.45572595179945075,1.323909567837225,-1.5164539923183329,-0.3215874213750962,-1.2417524275278544,0.9912778369400603,-0.2610733123084308,0.26514019987234116,0.8210653322366525,0.962767746117637,-0.3374459306494073,0.534141833352571,0.9425923668733559,0.5941395639310897,0.49179752156735945,0.05497510685817432,0.2244724431791192,-2.1285353614920473
-0.05859511475421534,0.34009149580411024,0.6762622296797375,-0.7257350655608128,-0.7801128921942615,-0.08028418207936873,-0.715324977946708,0.9617005714781932,0.8089057049426864,-0.8080637823027356,-0.2100312030085859,0.5739397837138149,0.05256415751372804,-0.6650003058918318,-1.0446759178498828,-1.2397371239537782,0.1054496960213452,-0.5257284573321591,-0.11062848068392395,0.5854820991620189,-0.13788434156501386,0.45701076619889686,-0.7601671894129352,-0.11435803066426464,0.6181241723287619,-0.345513454258686,0.4727992847798403,-0.17660465843538942,-0.42829432223512975,0.7169367054886209,0.9758206162714423,-0.06218789433695555,0.9936460578525705,0.26163509336305546,-0.4803838338016336,-0.282925843385564,0.5549472347467365,-0.015896183167448102,0.04200142439010893,-0.40074650692361913,-0.6638047579571469,0.68656073410249,-0.39337475028770413,0.5889457680505935
1.483939989400407,-0.9146609735572735,-1.1016214286376371,1.2947245048714464,1.7477250383836216,-0.6986083693798117,1.470859904090008,-3.4171992006417597,-2.61829867193884,1.7639985539637277,-0.1120791177992903,-1.7566916835791904,-0.20493633801623048,1.8496710839428177,1.8283264842990068,3.4539055094054634,0.14577815581556988,0.7561289850076697,-0.4677934096237112,-1.545998885475164,0.4651946479148904,-0.7601671894129352,2.4894312152108227,-0.10635634859526502,-1.7378749013199892,1.1082410415353907,-0.9302824532176421,0.7541769404131111,-0.27294974931214266,-1.8696805179288853,-2.179203677215535,0.015486180520137264,-2.2530454677244345,-0.14284693217531477,1.7227439576190413,0.6213819852821543,-1.8833999224548301,0.08538691980539122,-0.569025938120464,1.5751287947609949,1.2894105104775202,-1.7144918758161212,0.787099323496812,-1.7543627352177895
-0.4820238896697754,-0.10746200383516696,-0.277978197477491,0.22010502382647582,-0.047890005044211585,0.2571049188341316,0.14626941002615235,0.3994712585440638,0.011151171641340165,0.10446715603788057,0.3641452024947742,-6.006726941884049e-4,0.038073397299617326,-0.10235412239470283,0.46215991277033636,0.03753471112593947,-0.03871374041025079,0.40061084436304845,0.18081269234163308,-0.05261383386123318,-0.2754840028031916,-0.11435803066426464,-0.10635634859526502,0.20532083431821624,0.08650129410918866,-0.023139868774397797,-0.22637481267301915,-0.22709784539161565,0.5236594613647803,-0.049299970989147845,-0.03694794486636375,-0.042528771415665204,-0.20765241269030282,-0.1499794328274695,-0.05965425811926973,-0.12401348383615327,0.12018507392619113,-0.037767448789904796,-0.053092359482359484,-0.0714445753655779,0.1221254215002216,-0.043118495997742604,0.039503897218823386,0.22577452467108733
-1.7648175198195397,0.48387622169603367,0.5376111469386531,-1.1480708505072394,-1.7638844594032155,0.5119745352029994,-1.1480389689782655,2.904406977880284,1.8751555764099939,-1.4740483263259863,0.5565321782746689,1.3975128223129503,0.31811241517729594,-2.005082378790843,-1.0591427682478234,-2.8551571426869224,0.025023499373205436,-0.08772104042637878,0.08869562394232794,1.3683858784014835,-0.9337036984484858,0.6181241723287619,-1.7378749013199892,0.08650129410918866,1.6435627278277853,-0.7509438309041276,0.4210462596148043,-1.021546801599664,0.6804960288429737,1.4761439325106411,1.947008625854948,-0.43093090812651186,1.718003166405742,0.0560617798939435,-1.4062957190067684,-0.6817868300220634,1.3573114933747628,-0.47551670770301935,0.18621290210722183,-1.3484798569782657,-0.9886289213534099,1.0229524691677399,-0.5545493416230798,2.016074274933106
0.4129875982034357,-0.49926998545919643,-0.5035178204388701,0.5080247973019157,0.4660117407317257,-0.5558898414054821,0.5107420996134934,-1.3596936902456032,-1.4175082842814581,0.6053264544774172,0.1942923539553593,-0.7210758197248036,-0.047761939156450356,0.6592812163116833,0.9530850331205212,1.641682198670651,0.47985465685617545,0.5307130943294218,-0.24349999289610058,-0.729349288495055,0.015230812775281375,-0.345513454258686,1.1082410415353907,-0.023139868774397797,-0.7509438309041276,0.6892224788640142,-0.3412280711317458,0.2640058895641566,0.07846898777045008,-0.833090570921188,-0.910685357202516,-0.14284306374961364,-1.0223479230010648,-0.10414257832251006,0.5914797125647218,0.20222666765713565,-0.913798714163911,0.03677476123509505,-0.5146361704114728,0.6092441276754424,0.3871272107445241,-0.7311844547178816,0.3831802145030649,-0.5079011044212841
0.26988894645410494,0.5931034958680108,1.0510944557534325,-0.8012753504281863,-0.5304494653394914,-0.2203592106689251,-0.8748775534939117,0.7209792569155662,0.9441543235013635,-0.9273371573559503,-0.578169391657804,0.7935682219901998,0.00352914968164869,-0.4135050813541234,-1.5411491117589526,-1.2985981927251944,0.15149545648435447,-1.102453101047075,0.031282982057453286,0.5609642002791874,0.45572595179945075,0.4727992847798403,-0.9302824532176421,-0.22637481267301915,0.4210462596148043,-0.3412280711317458,0.9903491258805063,0.33023013053423134,-0.9012172020147379,0.8056722686426482,0.7519473149033947,0.22311992003390851,1.189318583689668,0.3215735570786356,-0.66621499477025,0.027285896755484877,0.5846816215317046,0.2759017160962853,0.3364771392968583,-0.556726921786745,-0.8522345746968338,0.9795709269466081,-0.37668207443288315,0.1887595504428009
1.7157862618091744,0.12230731588364144,0.27143978566338983,0.46834726451565034,1.4644346623556248,-0.2358223457174453,0.527413284546216,-2.059219795800195,-0.5836632943270464,0.7289019908078114,-1.0011560679923026,-0.53883291743063,-0.26860074030843434,1.4571872852246492,-0.32575143795801936,1.3381292891062269,-0.36961304493514807,-0.8443688067370597,0.052860497561913834,-0.7303983960882398,1.323909567837225,-0.17660465843538942,0.7541769404131111,-0.22709784539161565,-1.021546801599664,0.2640058895641566,0.33023013053423134,1.2222760630888108,-1.3334380541708997,-0.5982886690169659,-1.275454651917825,0.6764400069077137,-0.6013439485541162,0.22155666502734214,0.8160786039624364,0.7284579316053059,-0.6169099786931569,0.5614156102960647,0.4590874159541697,0.6939445118338966,0.39780752811563097,-0.16090217246419927,0.24337888488291815,-1.7454105766962218
-2.8028817796753955,-0.5235482523862073,-1.3195216951195983,0.377182390939785,-0.8973617994296941,0.6513002567521787,0.23175281370707315,1.861692391343492,-0.041699537669209294,0.003848224660480963,1.8399124606013797,0.31991464311140827,0.38568518240105554,-1.3241406345515114,1.8994460982277064,-0.5023784819363754,0.27869355413092184,1.8212582122944747,0.29100108003645286,0.3041468887243194,-1.5164539923183329,-0.42829432223512975,-0.27294974931214266,0.5236594613647803,0.6804960288429737,0.07846898777045008,-0.9012172020147379,-1.3334380541708997,2.690846523126905,-0.002095714142741452,0.2867524263582592,-0.8067751512129788,-0.43882515708659586,-0.7796580810620266,-0.8277764056918305,-0.46462499923989714,0.26556856705404397,-0.7439342829855157,-0.3923828015560656,-0.8342486259753202,0.31590053109980754,-0.6023770654838888,0.2969167689411822,1.7657539309802315
-0.9719864841941104,0.7914041452930587,1.0325617209271767,-1.314339311372758,-1.423620340514502,0.4626425830142026,-1.3072276788175274,2.4230467708137535,2.2044142594665406,-1.4974018122183124,-0.11457522171479051,1.4209944021981185,0.195830910394956,-1.5353700935335046,-1.8322454842943308,-2.892507830330177,-0.20193132176850853,-0.777120546081117,0.20973716091929606,1.3215869235196431,-0.3215874213750962,0.7169367054886209,-1.8696805179288853,-0.049299970989147845,1.4761439325106411,-0.833090570921188,0.8056722686426482,-0.5982886690169659,-0.002095714142741452,1.6560245379024023,1.8445624478766804,-0.06195075012165652,2.0050669556617096,0.2595435058458331,-1.3208367218656945,-0.38856822599317326,1.4366818329311697,-0.2802237726860619,0.49539758146679935,-1.295822967950348,-1.0765470235875179,1.3517014445907347,-0.5967853637393403,1.4224685276483533
-1.5536130749421317,0.6042445221428178,1.1253292523344725,-1.7619880442194484,-2.72316839118213,-0.043923703017242945,-1.8815586046304267,3.655296349503588,2.037279027348316,-2.2029421911604254,0.3866900691848059,1.6067945335493392,0.2955899920707276,-2.418679795865965,-1.7650575895750096,-3.5050089723174986,0.6440903034795251,-0.3932061238751522,-0.18743050538205724,1.749185500343434,-1.2417524275278544,0.9758206162714423,-2.179203677215535,-0.03694794486636375,1.947008625854948,-0.910685357202516,0.7519473149033947,-1.275454651917825,0.2867524263582592,1.8445624478766804,2.9362071514347026,-0.618761367691773,2.456668838646132,0.2518672820174647,-1.7136531235403938,-1.1163365259286344,1.593945157766004,-0.3680563323011539,-0.2883729920265354,-1.3953787568351472,-1.668815103279881,1.519948779457532,-0.9815608627446042,2.495829900589439
1.1251323055198719,0.32783909966925656,0.32217591543172325,0.2461644751260166,1.0450633214994893,0.3108162009152387,0.29039390386694847,-0.9593947999110587,0.3717602147261374,0.45543397690636495,-0.8570218189315274,-0.2144653285962219,-0.22964131283024194,1.0252525053396355,-0.5928896120160176,0.42025706243745387,-0.6880200838673353,-0.7101399124393606,0.35538539517511536,-0.3278188662707337,0.9912778369400603,-0.06218789433695555,0.015486180520137264,-0.042528771415665204,-0.43093090812651186,-0.14284306374961364,0.22311992003390851,0.6764400069077137,-0.8067751512129788,-0.06195075012165652,-0.618761367691773,0.702141949309008,-0.0969461558185697,0.1717967139921288,0.46821309525533933,0.48427421115880753,0.04540802466255991,0.357177022460457,0.6336423054333453,0.3256700022571336,0.29995295688920165,0.2281521984517481,0.059549333772093926,-1.2189936730604898
-0.7938747705434694,1.0033733407039658,1.53079773548952,-1.793443042719814,-1.9068707460911007,0.1693877495873599,-1.80151406620853,2.874221265779963,2.5539294206218175,-2.026751856785261,-0.3900023308825656,1.7238567425292541,0.19378584893448994,-1.832478654979939,-2.565465800241592,-3.580076351368985,0.04747369726423749,-1.2439998142471782,0.05035359217731621,1.6791729702988694,-0.2610733123084308,0.9936460578525705,-2.2530454677244345,-0.20765241269030282,1.718003166405742,-1.0223479230010648,1.189318583689668,-0.6013439485541162,-0.43882515708659586,2.0050669556617096,2.456668838646132,-0.0969461558185697,2.6670288108524485,0.40604503524884045,-1.5996550660088358,-0.5339260163860124,1.6593611556767058,-0.19937622035616032,0.4554288551166219,-1.4639317441590685,-1.5430876404649272,1.7415961911000322,-0.8716711473732297,1.6261079961368397
0.6977228012710434,0.23657396353974772,0.5462562890172127,-0.3585640209095805,-0.024605323132402046,-0.13956476955669575,-0.3054060122870805,-0.21594193626603142,0.29387325436536976,-0.22925632412943978,-0.5288956270128994,0.07298808875990538,-0.07299547175069208,0.131605650455632,-0.8238377772604737,-0.2447356838751369,-0.10811904499964893,-0.5837535569843403,-0.11301812791174844,0.080465635084991,0.26514019987234116,0.26163509336305546,-0.14284693217531477,-0.1499794328274695,0.0560617798939435,-0.10414257832251006,0.3215735570786356,0.22155666502734214,-0.7796580810620266,0.2595435058458331,0.2518672820174647,0.1717967139921288,0.40604503524884045,0.3261699776184975,0.10775983992368238,0.0341853414682265,0.10728077678134354,0.10819753404806717,0.0910100364968264,0.08575223618781876,-0.26217876901631676,0.371651453040848,-0.18256939972544362,-0.2140835184846439
1.9971311195358843,-0.45078061840117,-0.5130278993329667,1.0355352851198638,1.8193781883331568,-0.23320358442811506,1.2228868574016838,-2.9286786020474658,-1.5102237344411569,1.5408340924251172,-0.7119146806910519,-1.5025196958459976,-0.34584646681032455,2.0156737243242264,0.8194383735134319,2.6826621153589936,-0.43365605625098663,0.1200603351802366,-0.14447692965341866,-1.304261162048381,0.8210653322366525,-0.4803838338016336,1.7227439576190413,-0.05965425811926973,-1.4062957190067684,0.5914797125647218,-0.66621499477025,0.8160786039624364,-0.8277764056918305,-1.3208367218656945,-1.7136531235403938,0.46821309525533933,-1.5996550660088358,0.10775983992368238,1.7273905821742597,0.5562620508556188,-1.2108057787039577,0.28310196779198066,-0.09627075872041778,1.5197036741848073,1.1062001240681123,-0.9902725826173838,0.4604093802053341,-2.0205005849899207
0.8914197994926921,0.10215402182605832,-0.07876262151647934,0.41142124069392494,1.3085680570983989,0.17447045968670294,0.5409673074328192,-1.6241137495682332,-0.18431746403836968,0.7687891583248604,-0.64335384214976,-0.3865218785861403,-0.1288106000997759,1.0560916655521453,-0.06064499257365501,0.9023173020310516,-0.634859500209111,-0.42955489542985187,0.18244673724141472,-0.5133744710040147,0.962767746117637,-0.282925843385564,0.6213819852821543,-0.12401348383615327,-0.6817868300220634,0.20222666765713565,0.027285896755484877,0.7284579316053059,-0.46462499923989714,-0.38856822599317326,-1.1163365259286344,0.48427421115880753,-0.5339260163860124,0.0341853414682265,0.5562620508556188,0.7646240689973912,-0.438398126442891,0.0923669744194964,0.5794357006037615,0.2955696161087031,0.6043120463150352,-0.337762522404199,0.39257219669234383,-1.2356789286485053
-1.1239949137919152,0.7063410315918551,0.7545766981087345,-0.9143924662870774,-1.162914370826127,0.7475684890029851,-0.9889255294523355,2.540900455050189,2.1394843368316177,-1.2047632228992606,0.05882643952180764,1.285510205356448,0.1536458955651862,-1.3503889414914072,-1.3570035103442952,-2.6415926236456544,-0.36979869953104827,-0.5366909500569738,0.418267364570067,1.1681199711790624,-0.3374459306494073,0.5549472347467365,-1.8833999224548301,0.12018507392619113,1.3573114933747628,-0.913798714163911,0.5846816215317046,-0.6169099786931569,0.26556856705404397,1.4366818329311697,1.593945157766004,0.04540802466255991,1.6593611556767058,0.10728077678134354,-1.2108057787039577,-0.438398126442891,1.4917391024502242,-0.13899194207038992,0.5611843775235591,-1.1704872397469828,-0.8276732186810989,1.254143028402129,-0.5678627428531592,1.2641520648270927
0.8686413769183282,0.06944185003141692,0.2872061415313395,0.24171782692113047,0.4069212601651844,-0.25179534690624006,0.09986197024426396,-0.5235254256001338,-0.3254930465319356,0.1488155627047504,-0.4285996065661881,-0.22190200232647736,-0.1920120525217022,0.6733424759124633,-0.17725199442650125,0.5997326112937927,0.1257876511550179,-0.42464742380949055,0.08297931111642269,-0.3330394926895584,0.534141833352571,-0.015896183167448102,0.08538691980539122,-0.037767448789904796,-0.47551670770301935,0.03677476123509505,0.2759017160962853,0.5614156102960647,-0.7439342829855157,-0.2802237726860619,-0.3680563323011539,0.357177022460457,-0.19937622035616032,0.10819753404806717,0.28310196779198066,0.0923669744194964,-0.13899194207038992,0.5615560915027022,0.009161698967046009,0.4194474708897896,-0.056495032127723784,0.19697290132625345,-0.08519818026834057,-0.7616463477525146
0.18491617017898426,0.6153599205628744,0.3036169544953004,-0.03069493265275819,0.9197801548384746,0.9534024835209842,0.14381283765801056,-0.11945739644437944,1.3858030328918993,0.18113379332852766,-0.6798692336071817,0.466676155269474,-0.04448032596140266,0.2570055329935814,-0.9114396373568644,-0.8623119352749561,-1.2639533058668473,-0.8550646528460454,0.5152958946849856,0.2561245461577159,0.9425923668733559,0.04200142439010893,-0.569025938120464,-0.053092359482359484,0.18621290210722183,-0.5146361704114728,0.3364771392968583,0.4590874159541697,-0.3923828015560656,0.49539758146679935,-0.2883729920265354,0.6336423054333453,0.4554288551166219,0.0910100364968264,-0.09627075872041778,0.5794357006037615,0.5611843775235591,0.009161698967046009,1.2718032526581882,-0.4438095370816433,0.2759322713344814,0.3753139673621453,0.0608845355073759,-0.6288078563006055
1.9217029937239511,-0.5132924943233482,-0.41009334749964593,0.9252259204905458,1.3285739527653273,-0.5575001790083763,1.0003821822061614,-2.528889534708901,-1.7072768307484727,1.2408981155521883,-0.55912962233728,-1.4683397660910826,-0.35425387377435935,1.7959856350594923,0.8366047100747551,2.6274656226593245,0.06055067185449944,0.19404432909303096,-0.23803293999976208,-1.2096091673523437,0.5941395639310897,-0.40074650692361913,1.5751287947609949,-0.0714445753655779,-1.3484798569782657,0.6092441276754424,-0.556726921786745,0.6939445118338966,-0.8342486259753202,-1.295822967950348,-1.3953787568351472,0.3256700022571336,-1.4639317441590685,0.08575223618781876,1.5197036741848073,0.2955696161087031,-1.1704872397469828,0.4194474708897896,-0.4438095370816433,1.5534517021651932,0.8032592837328344,-0.8578435412200186,0.3116292818188011,-1.750659282382578
0.5994736029158392,-0.41275154091707006,-0.9905555376735213,1.1622924734177458,1.6931547456157092,0.43832754279565933,1.3155868359273166,-1.9803258474455354,-0.9428556998535299,1.5331554643909087,-0.081124275780991,-1.0455546267652305,-0.14817122636188704,1.343216316842233,1.3317823820751562,1.9228755491056595,-0.7770036612017575,0.5502219299499463,0.193202093672374,-0.9497994958336748,0.49179752156735945,-0.6638047579571469,1.2894105104775202,0.1221254215002216,-0.9886289213534099,0.3871272107445241,-0.8522345746968338,0.39780752811563097,0.31590053109980754,-1.0765470235875179,-1.668815103279881,0.29995295688920165,-1.5430876404649272,-0.26217876901631676,1.1062001240681123,0.6043120463150352,-0.8276732186810989,-0.056495032127723784,0.2759322713344814,0.8032592837328344,1.3094837077691566,-1.1168797583048047,0.6275583197203651,-1.3398602495050862
-0.18201497594034585,0.7929379239459182,1.2574201560024185,-1.0866281290349238,-1.0972043785365786,0.1878739821160293,-1.2267101379720506,1.9101897297752135,1.7983330182101562,-1.3284900490974259,-0.4538150138235724,1.1410081560968661,0.026110243133914624,-0.8802243652940055,-1.905867903314598,-2.212440655527563,-0.0210895287069777,-1.0469418995319517,0.2593878225043756,0.9413404426209212,0.05497510685817432,0.68656073410249,-1.7144918758161212,-0.043118495997742604,1.0229524691677399,-0.7311844547178816,0.9795709269466081,-0.16090217246419927,-0.6023770654838888,1.3517014445907347,1.519948779457532,0.2281521984517481,1.7415961911000322,0.371651453040848,-0.9902725826173838,-0.337762522404199,1.254143028402129,0.19697290132625345,0.3753139673621453,-0.8578435412200186,-1.1168797583048047,1.5118555756988337,-0.6628572245060855,0.7724359187446047
0.12089497957030787,-0.2782929909780186,-0.5788223151883038,0.5776069166407569,0.8117611491354044,0.0711401132893016,0.651820567675195,-1.127214316334143,-0.7004272149901498,0.7461988368148341,0.10717415288475533,-0.49422240779823595,-0.02158316664618673,0.6074191733243582,0.8119432766132457,1.1240068405320538,-0.18720264740604353,0.38908406971966525,0.05847608010732979,-0.5347355932241883,0.2244724431791192,-0.39337475028770413,0.787099323496812,0.039503897218823386,-0.5545493416230798,0.3831802145030649,-0.37668207443288315,0.24337888488291815,0.2969167689411822,-0.5967853637393403,-0.9815608627446042,0.059549333772093926,-0.8716711473732297,-0.18256939972544362,0.4604093802053341,0.39257219669234383,-0.5678627428531592,-0.08519818026834057,0.0608845355073759,0.3116292818188011,0.6275583197203651,-0.6628572245060855,0.4382342569331176,-0.5792697916126249
-3.237030309985772,0.0497205110789117,0.08321527939970048,-1.2697315691715965,-2.953923219644642,0.13401434242696925,-1.4544132076303586,4.08244441911735,1.2386267002440534,-1.9487290402238644,1.720222279181373,1.645297001991664,0.5876818068352245,-3.1370320432450973,-0.09961977024444028,-3.12326191405628,0.9588540489927128,0.8575895823178614,-0.22216740984878938,1.6230301480157223,-2.1285353614920473,0.5889457680505935,-1.7543627352177895,0.22577452467108733,2.016074274933106,-0.5079011044212841,0.1887595504428009,-1.7454105766962218,1.7657539309802315,1.4224685276483533,2.495829900589439,-1.2189936730604898,1.6261079961368397,-0.2140835184846439,-2.0205005849899207,-1.2356789286485053,1.2641520648270927,-0.7616463477525146,-0.6288078563006055,-1.750659282382578,-1.3398602495050862,0.7724359187446047,-0.5792697916126249,3.443333597160336
