V1,V2,V3,V4,V5,V6,V7,V8,V9,V10,V11,V12,V13,V14,V15,V16,V17,V18,V19,V20,V21,V22,V23,V24,V25,V26,V27,V28,V29,V30,V31,V32,V33,V34,V35,V36,V37,V38,V39,V40,V41,V42,V43,V44
0.7953740547808656,-0.6480052863879339,-0.047569776982158904,-0.020655174966845324,-0.7717073473379334,-1.6431351351992387,-0.16027505634806158,-0.6621255252490036,-1.8273757091997536,-0.20082821878705,0.253965037753492,-0.7778004910130493,0.020412457825169632,0.23073433840447685,0.5748294571608434,1.3657629295768587,1.6757903179740439,0.3624574451499519,-0.8598753754369072,-0.3693616585729002,-0.6118450137600114,0.026771520805833848,0.9050915997226623,-0.19662152251134682,-0.6471074979675493,0.6476061293714689,-0.08608231312745727,-0.10127424617672984,-0.3732762332375859,-0.7802198433095399,-0.06724338504063955,-0.4287240533379213,-0.5163584967502141,-0.03521640504596047,0.30424298407462713,-0.38716029125852136,-1.1253509902227408,0.20602353085101674,-1.4742922822825988,0.8562870594999843,-0.453544883574518,-0.3097661598693957,-0.12019052942000806,0.14751778284303563
-0.6480052863879339,0.7396408975716637,-0.2557030526867947,0.3112803305168028,1.14358637860263,1.7222588139550603,0.477172726129685,0.24842289602588583,1.8225811802007907,0.5047219405240311,-0.2653723342497735,0.6316628849581876,0.1271696132261666,0.0626395763926831,-0.3036977147434705,-1.1305286618298678,-1.897936649729493,-0.36456877794151893,0.9694540224939426,0.351151920356926,0.7890652270623132,-0.17489813955897587,-0.8223370908147745,0.10473342695526096,0.46348848005587245,-0.6620743016248283,-0.09684918284330245,0.008568221916382016,0.4680111156777286,0.6184405365272001,-0.4135668274527244,0.6516393782908346,0.2564065518733189,-0.05923119439393384,-0.3220007257604543,0.6258208422867573,0.8280951300710788,-0.20108675912198018,1.6872247668380038,-0.6530957760673122,0.688111399266021,0.22253316723492922,0.20094887711814974,-0.4096057554960923
-0.047569776982158904,-0.2557030526867947,0.8772882458377111,-1.0933402534089696,-2.100093946251763,-1.3046528144887322,-1.2174178635358346,1.2276102131707392,-0.6426137289871614,-1.415457311476359,0.28788679020040187,0.2961674512204731,-0.040830262179688895,-1.0636177878459412,-0.6263944237564467,-0.5853466970285344,1.6730227827347983,0.027190402347311775,-0.8345702989181072,0.33126967749642267,-0.9942050322024143,0.6091265614806988,-0.19301860939811288,-0.09985752045025986,0.5261878078677938,0.16307931372034298,0.571082977611013,-0.36337534739390454,-0.5472266067305683,0.35645546112514687,1.6773466101378052,-0.8192440896334736,0.8876495636797189,0.32400692172236034,-0.3511313864282772,-1.035027835262128,0.1833420396097891,0.12216239964444234,-1.3645463812854968,-0.07117051092749481,-1.3617687422598215,0.43734425400896015,-0.6122317934334199,1.2555694621028977
-0.020655174966845324,0.3112803305168028,-1.0933402534089696,1.4482801631630526,2.883725068288329,1.8931371581507561,1.6108785409445072,-1.604004307984443,0.868393179841549,1.9167543468475905,-0.40657529390575076,-0.34163862421241514,-0.06898924123812243,1.3801765445020384,0.7943728158903475,0.7855161837069102,-2.3469525863401324,0.010819965821754077,1.1835826530848497,-0.5457995898057066,1.3740750394136745,-0.812643662265634,0.2846435112130817,0.2162910499544318,-0.6536156908923879,-0.18297033063992252,-0.734610872544366,0.6371380338708215,0.707245413311368,-0.4314621551646884,-2.1429606152410887,1.0252848399725047,-1.178543411964616,-0.3586700671688368,0.5953883440596559,1.3369072369346784,-0.04491916569053102,-0.157308354135199,1.8730749666849564,0.010094353433870978,1.8759482985978657,-0.6395999313893569,0.861090054206745,-1.7126193613815721
-0.7717073473379334,1.14358637860263,-2.100093946251763,2.883725068288329,6.539661853380042,5.302022421976604,3.344815656422994,-2.499895608675715,3.553577684217574,4.025186132682081,-1.1072813470747873,-0.023418908986677252,-0.20506635129493017,2.5977286447654286,0.947564593911308,0.24782439536760725,-6.207372023590152,-0.40460090996532116,3.1284495767632166,-0.7127992499602097,3.2877009315237333,-1.6571842332886326,-0.294386102514263,0.6818359751349216,-0.7798173349729206,-1.0238791442790767,-1.3521826585131775,1.4387520851549238,1.8588328631249087,-0.16563539759476226,-4.310224370190947,2.5089919954023974,-1.840791684884222,-0.834998665528301,0.9117069800469197,3.127903502135897,0.9350348153271589,-0.5944551442127779,5.096518406694007,-0.8960614389455246,4.205840472685369,-0.9562373128405682,1.875617869740422,-3.5590694023391345
-1.6431351351992387,1.7222588139550603,-1.3046528144887322,1.8931371581507561,5.302022421976604,6.541108868232841,2.8309819170624593,-1.0351721256509203,4.999614114550191,3.050603809212716,-1.0550538366715299,1.107790099007057,-0.16265718364745452,1.7076950352003168,0.13943172778961108,-1.7193883240240786,-7.2273316797147595,-0.7207650347249469,3.2800443033162354,-0.32051081908155127,3.1545728623129055,-1.229811955811089,-0.9826014548677674,0.8953849663199425,0.5968171714301604,-1.8741496091984458,-0.7417258065766128,1.0405827415530933,1.6849830219614919,0.89663268452075,-2.8514446822478607,2.274273774654747,-0.7398493189748094,-0.5192339980860659,0.6851604168542234,2.5012335624525357,2.4847317774287623,-0.6977340920944961,5.866734387053221,-1.7603500875139217,3.4555538872308413,-0.7153962595657921,1.3582262443614126,-2.918672358419842
-0.16027505634806158,0.477172726129685,-1.2174178635358346,1.6108785409445072,3.344815656422994,2.8309819170624593,2.079391047381631,-1.850103473629343,1.4037264779014087,2.2645567168493668,-0.5025493226844958,-0.2557891199383229,-0.077026818399004,1.7306704391822905,0.951983239462282,0.6406077062926556,-3.376229898822008,-0.061657030762027824,1.4714443877497914,-0.7329957646277399,1.7186853071803163,-0.9891664277688903,0.42971261622508145,0.3855161886800759,-0.5375445019930821,-0.5219899545326377,-0.7896360104557527,0.7015591887466245,0.8723204165516657,-0.417418577987593,-2.518402299197736,1.2788767333643114,-1.3755370481320426,-0.4775087698420592,0.8959337802103442,1.56015147934861,0.27822322623694273,-0.2579337860102051,2.6211199377529195,-0.1544842509855738,2.228948055556182,-0.9500244955443868,0.9723825394654153,-2.1629194982368087
-0.6621255252490036,0.24842289602588583,1.2276102131707392,-1.604004307984443,-2.499895608675715,-1.0351721256509203,-1.850103473629343,2.6809128221201775,0.9174563139155647,-2.0624761453890827,0.1746042160098883,1.0563051688204557,0.16188406651320497,-1.8611528194817226,-1.6751429411036636,-2.3509228815180103,1.502465367396582,-0.5428306178527796,-0.5797459758822224,1.326590905924884,-1.0729503007680228,0.9185441641034774,-1.5281030238147086,-0.18073431798052716,1.1896077333974884,-0.4045457817034305,0.9058487617493696,-0.7333949448533182,-0.27592276870788973,1.254543859863161,2.362698875701935,-0.6011370672513487,2.008885268169983,0.24071792417139362,-1.3778259378595958,-0.9454088912466793,0.8021773669543525,-0.10482925079241319,-0.9059017280392986,-0.8945747527247364,-1.7365898358788052,1.381185993055065,-0.8545641419280858,2.027311854482583
-1.8273757091997536,1.8225811802007907,-0.6426137289871614,0.868393179841549,3.553577684217574,4.999614114550191,1.4037264779014087,0.9174563139155647,5.6394978361461074,1.5484403135885059,-0.9533353045742177,1.5818258621236057,0.18903854298385067,0.4639669264084872,-1.1590582284169966,-3.344019470059507,-5.439755316665884,-1.3349357515142783,2.6693335263946047,1.0595084281264464,2.2251215316520416,-0.6066539414692658,-2.343324453646414,0.5301599873539085,1.0591571238519828,-2.1213690010969013,-0.1856523073086718,0.26964256846665535,1.7146420621614447,1.6279518989172181,-1.5766899842516138,2.1043707450072486,0.748955829574522,-0.7036093585527153,-0.815038655175914,2.147053984230486,2.3095286415648104,-0.8765270067150456,4.8585701832305155,-2.2875400424897494,2.167294780170645,0.6549042964082479,0.7555359854532093,-1.257607907513063
-0.20082821878705,0.5047219405240311,-1.415457311476359,1.9167543468475905,4.025186132682081,3.050603809212716,2.2645567168493668,-2.0624761453890827,1.5484403135885059,2.6471828311765204,-0.6150724313964832,-0.3206730215132797,-0.15327138684111283,1.891293962850969,0.9895733409139925,0.8058867847217324,-3.6452369976292944,-0.047624169286512585,1.7481625208366378,-0.776144121657733,1.9828276900203856,-1.1141545629097518,0.33956877317163914,0.4191071359611422,-0.729218169045105,-0.435896283220406,-0.9426755038374416,0.93771231432763,1.0262741956674082,-0.46179198386853765,-2.8830562995996676,1.4494167777664841,-1.5373786771635685,-0.509691553240639,0.9075071357646732,1.855077411537464,0.26655961402062806,-0.27722977676867916,2.8787154147529033,-0.19973401028248272,2.6377175361361456,-0.9298284485656431,1.1936790296086222,-2.424372433288527
0.253965037753492,-0.2653723342497735,0.28788679020040187,-0.40657529390575076,-1.1072813470747873,-1.0550538366715299,-0.5025493226844958,0.1746042160098883,-0.9533353045742177,-0.6150724313964832,0.240979075689821,-0.11775931619012801,0.03146127729831921,-0.36218737776201293,0.031770681961889514,0.2836712869350638,1.1878316012221037,0.1921878668363965,-0.5977811337005362,-0.022788755275020722,-0.5769578937439326,0.25122104779992505,0.2544907036842654,-0.15039519357633874,0.028875141882898362,0.32240640055689174,0.164450641012601,-0.22286760166233757,-0.4095733533935555,-0.11506751645775995,0.6695437145598501,-0.4965847748339418,0.13577677472365965,0.2108897632537958,-0.032627998388979645,-0.5915475737419003,-0.3147645429519823,0.17421096098379005,-1.016982637502319,0.352078722268902,-0.7015470352601364,0.037646985586268326,-0.30400461927954686,0.5293383738977059
-0.7778004910130493,0.6316628849581876,0.2961674512204731,-0.34163862421241514,-0.023418908986677252,1.107790099007057,-0.2557891199383229,1.0563051688204557,1.5818258621236057,-0.3206730215132797,-0.11775931619012801,0.9023063231282349,0.061651928096997106,-0.624250509385718,-0.746072329889227,-1.5903625566191364,-1.0566168789123827,-0.3546204611753723,0.5644770019508449,0.5549444629316612,0.2566890210367622,0.1912293247150862,-1.0169212544416208,0.07776561197104488,0.8505139715053166,-0.59259713068237,0.25644373756423516,-0.15146973238845068,0.1573795754623456,0.9174830608574589,0.6435700329303858,0.16499222393323582,0.8330511100603009,0.17954957353470347,-0.5294874497516378,0.018782756729302238,1.0964805037363796,-0.13385586009893996,0.9965993519795089,-0.7929066339502446,-0.0722656714789658,0.507511852722749,-0.14143064596255617,0.3326186538356992
0.020412457825169632,0.1271696132261666,-0.040830262179688895,-0.06898924123812243,-0.20506635129493017,-0.16265718364745452,-0.077026818399004,0.16188406651320497,0.18903854298385067,-0.15327138684111283,0.03146127729831921,0.061651928096997106,0.20010871554269588,-0.08831349107180134,-0.08533178980756145,-0.2664523747179254,0.11917491358657295,-0.13218360134405752,-0.057264893162259564,0.2742300900647047,-0.07974084141460705,0.05039766426302939,-0.2223744786818218,-0.13311671314005039,0.06369038445441957,-0.12257935822899821,0.016909886262592894,-0.2739822374755856,0.03931131604270045,0.08685095554825643,0.010792112922988437,0.10083629161045964,0.15961708107482722,-0.07220699403725443,-0.31062105128390455,0.03539512046150899,-0.15885577456437752,-0.02620270858154881,-0.002897214335699452,0.011533877678543454,-0.1581580864728989,0.20308997405771476,-0.11276510352909788,0.17974331979083388
0.23073433840447685,0.0626395763926831,-1.0636177878459412,1.3801765445020384,2.5977286447654286,1.7076950352003168,1.7306704391822905,-1.8611528194817226,0.4639669264084872,1.891293962850969,-0.36218737776201293,-0.624250509385718,-0.08831349107180134,1.664376115946966,1.0308972065875885,1.156737700029597,-2.1496489737414413,0.055689364028657304,0.8620591238008394,-0.786574288962769,1.2046421894028123,-0.8638718917657728,0.7824797297143211,0.28701385602745405,-0.8201518801855097,-0.20110321893234168,-0.7077624617246137,0.6048814349088634,0.6647981634673314,-0.7488092818301818,-2.2887485777095975,0.9606978640919723,-1.4223939848437859,-0.5411704016195835,0.9249651648833794,1.2490513684252877,-0.29048570935757867,-0.18562566641407555,1.5977802677360267,0.17848656887915013,1.7620631906384103,-0.9560766226972522,0.8218076750240116,-1.8281181245631015
0.5748294571608434,-0.3036977147434705,-0.6263944237564467,0.7943728158903475,0.947564593911308,0.13943172778961108,0.951983239462282,-1.6751429411036636,-1.1590582284169966,0.9895733409139925,0.031770681961889514,-0.746072329889227,-0.08533178980756145,1.0308972065875885,1.1571498908085243,1.6972890766828979,-0.3685348204013262,0.48293113844019714,0.03261277295783134,-0.9225018115673027,0.3719339574897776,-0.45638386971345435,1.2027364567826775,0.04933526293525959,-0.7287592733392656,0.418965597211462,-0.4905943263556756,0.33098086072109306,-0.07139875273830262,-0.8938056387173556,-1.1422316428655301,0.09178482189988553,-1.254963607905159,-0.027653750279586473,0.9344373691213815,0.24544082749550414,-0.6632601457049166,0.1766689521876904,0.039241400755011396,0.8035572424777894,0.7133744196493578,-0.9383857756653717,0.3627143721383915,-1.0492025329829675
1.3657629295768587,-1.1305286618298678,-0.5853466970285344,0.7855161837069102,0.24782439536760725,-1.7193883240240786,0.6406077062926556,-2.3509228815180103,-3.344019470059507,0.8058867847217324,0.2836712869350638,-1.5903625566191364,-0.2664523747179254,1.156737700029597,1.6972890766828979,3.3522239750434526,1.6123346981095525,0.9998053445524185,-0.8573486498067564,-1.4488689663881624,-0.2846093171517801,-0.395504722239557,2.1912397329994713,-0.09404479781300709,-1.4756326815484913,1.3462351243950743,-0.5746944714161452,0.5045385475954095,-0.5474848213196211,-1.7242588140653394,-1.040710143716433,-0.5370152678615443,-1.8183170785404044,0.08335309807352326,1.3746111794056879,-0.2538322298330998,-1.7371467366327722,0.45564924018596537,-1.7247707493401498,1.6777304182066655,0.29875625368991304,-1.2641727363548259,0.32722990314564065,-0.876620382267355
1.6757903179740439,-1.897936649729493,1.6730227827347983,-2.3469525863401324,-6.207372023590152,-7.2273316797147595,-3.376229898822008,1.502465367396582,-5.439755316665884,-3.6452369976292944,1.1878316012221037,-1.0566168789123827,0.11917491358657295,-2.1496489737414413,-0.3685348204013262,1.6123346981095525,8.094982159451694,0.7790178978718733,-3.6866056342169458,0.4138050197695594,-3.615767105776288,1.4972684464297643,0.9643284600849189,-0.9396326237623303,-0.4457535788114906,2.0315821917593353,0.9719924521332092,-1.1514583622161858,-1.9499783665049866,-0.8097660806761057,3.5648351806270893,-2.6687593420737397,1.0729104686594948,0.6664793740435118,-0.8020154130222957,-2.967058811709017,-2.4835082063849296,0.7742467492393971,-6.581139118646355,1.7922907400482275,-4.042483941122804,0.8825876865984448,-1.6024801930332155,3.448054161927457
0.3624574451499519,-0.36456877794151893,0.027190402347311775,0.010819965821754077,-0.40460090996532116,-0.7207650347249469,-0.061657030762027824,-0.5428306178527796,-1.3349357515142783,-0.047624169286512585,0.1921878668363965,-0.3546204611753723,-0.13218360134405752,0.055689364028657304,0.48293113844019714,0.9998053445524185,0.7790178978718733,0.45209407061208184,-0.38675285198896653,-0.504359246723237,-0.26564961662118364,0.03403159817421442,0.7119760137408889,-0.046612553734570815,-0.25392378734791554,0.5466634788098361,-0.06941175779009151,0.12247581051056233,-0.4174768460478376,-0.42305203924551804,0.19799460323510254,-0.4682515896706309,-0.41485460482493247,0.29175234430078456,0.4526531552903466,-0.43955024683326244,-0.3560497061332661,0.26332497560061363,-0.8162640020169725,0.5863565406517145,-0.21045129245809288,-0.38247362258898593,-0.0465757337421845,-0.03428523098540101
-0.8598753754369072,0.9694540224939426,-0.8345702989181072,1.1835826530848497,3.1284495767632166,3.2800443033162354,1.4714443877497914,-0.5797459758822224,2.6693335263946047,1.7481625208366378,-0.5977811337005362,0.5644770019508449,-0.057264893162259564,0.8620591238008394,0.03261277295783134,-0.8573486498067564,-3.6866056342169458,-0.38675285198896653,1.8847055128643495,-0.02691509173025977,1.7625440955702145,-0.6780925444049493,-0.7556479821374811,0.3751004570511532,0.17365921386784078,-0.8541423629716005,-0.49966762038556106,0.5893212306202673,0.9714233872194298,0.4960500790639852,-1.6570289098530206,1.2950464740705088,-0.37884066711391456,-0.25455699824637973,0.1277059655964574,1.4939374152589477,1.160332635896083,-0.34809284468428914,3.1000288792780055,-0.8923873922225254,1.9792698762636576,-0.17301672658664488,0.8063144694535026,-1.5289199212691689
-0.3693616585729002,0.351151920356926,0.33126967749642267,-0.5457995898057066,-0.7127992499602097,-0.32051081908155127,-0.7329957646277399,1.326590905924884,1.0595084281264464,-0.776144121657733,-0.022788755275020722,0.5549444629316612,0.2742300900647047,-0.786574288962769,-0.9225018115673027,-1.4488689663881624,0.4138050197695594,-0.504359246723237,-0.02691509173025977,0.9923309531843061,-0.2990866890978177,0.34182787418023697,-1.1580557120722914,-0.19641542107080343,0.49314630644832796,-0.39563021525629494,0.31781729167161443,-0.49303427496115804,0.1633363851649115,0.7046471534873536,0.6936928702420763,0.11038019033264788,1.0371259911859425,-0.10235732684196837,-1.0606097146616136,-0.025484455738773042,0.22151131931581952,-0.16953743811669517,-0.011779454180465861,-0.561533447514184,-0.5773507816828647,0.9416424841679366,-0.3210630966770394,0.9048817705763242
-0.6118450137600114,0.7890652270623132,-0.9942050322024143,1.3740750394136745,3.2877009315237333,3.1545728623129055,1.7186853071803163,-1.0729503007680228,2.2251215316520416,1.9828276900203856,-0.5769578937439326,0.2566890210367622,-0.07974084141460705,1.2046421894028123,0.3719339574897776,-0.2846093171517801,-3.615767105776288,-0.26564961662118364,1.7625440955702145,-0.2990866890978177,1.7850465920134677,-0.812251785728322,-0.32249160604872545,0.3855683120149526,-0.10320028167455254,-0.7248094516905066,-0.6203403220975299,0.6651468648561156,0.9521242465938212,0.1569301615366892,-2.007100456129605,1.3058565876732264,-0.7656665630484022,-0.3397953094472633,0.4241508348252996,1.5469225403856932,0.8458068386778916,-0.316973728776298,2.960387267032771,-0.6345660655772549,2.1233089834295114,-0.4702362420396556,0.896190817699787,-1.8038222668387471
0.026771520805833848,-0.17489813955897587,0.6091265614806988,-0.812643662265634,-1.6571842332886326,-1.229811955811089,-0.9891664277688903,0.9185441641034774,-0.6066539414692658,-1.1141545629097518,0.25122104779992505,0.1912293247150862,0.05039766426302939,-0.8638718917657728,-0.45638386971345435,-0.395504722239557,1.4972684464297643,0.03403159817421442,-0.6780925444049493,0.34182787418023697,-0.812251785728322,0.4971003555145832,-0.21527615207790265,-0.17099203391302836,0.34751279702593213,0.2016868670982749,0.39895630404475774,-0.36356610837497094,-0.4493679343625567,0.25406926599677837,1.2755275884525261,-0.6272927540972933,0.6901448371305619,0.2728687104213559,-0.4142812751425132,-0.7914401791271518,-0.03238180099824357,0.13380295174084933,-1.1749232684184634,0.05563347049195748,-1.0977898414079712,0.437567647505709,-0.49665697322762803,1.0381247290339346
0.9050915997226623,-0.8223370908147745,-0.19301860939811288,0.2846435112130817,-0.294386102514263,-0.9826014548677674,0.42971261622508145,-1.5281030238147086,-2.343324453646414,0.33956877317163914,0.2544907036842654,-1.0169212544416208,-0.2223744786818218,0.7824797297143211,1.2027364567826775,2.1912397329994713,0.9643284600849189,0.7119760137408889,-0.7556479821374811,-1.1580557120722914,-0.32249160604872545,-0.21527615207790265,1.7650792402197149,0.046211270167775105,-0.7955235223452319,0.7688146067731532,-0.24867876417283535,0.27672704210574484,-0.4990418983159067,-1.1708142069753147,-0.4441148457289439,-0.5226988139328232,-1.2172473128171795,0.08217057444710704,1.2066624935351076,-0.4307114698881781,-0.9549839256164594,0.30517840256415024,-1.1964461743348265,1.111063416359198,-0.02794750076195001,-1.0986957063652623,0.08652497361211328,-0.5696620541212596
-0.19662152251134682,0.10473342695526096,-0.09985752045025986,0.2162910499544318,0.6818359751349216,0.8953849663199425,0.3855161886800759,-0.18073431798052716,0.5301599873539085,0.4191071359611422,-0.15039519357633874,0.07776561197104488,-0.13311671314005039,0.28701385602745405,0.04933526293525959,-0.09404479781300709,-0.9396326237623303,-0.046612553734570815,0.3751004570511532,-0.19641542107080343,0.3855683120149526,-0.17099203391302836,0.046211270167775105,0.2155734274961612,0.037589341385866754,-0.2148232408337323,-0.06680308270237352,0.2643923352486009,0.2003240365654678,0.039285224106319135,-0.3600656778462948,0.22738627397424557,-0.16881826649240214,-0.08767088185044318,0.28878741260774,0.2807988897650837,0.38838965995796204,-0.10354011975100814,0.6977939082428871,-0.251760895970056,0.46888007463681336,-0.22455025919253277,0.21054221281477895,-0.4461294770463954
-0.6471074979675493,0.46348848005587245,0.5261878078677938,-0.6536156908923879,-0.7798173349729206,0.5968171714301604,-0.5375445019930821,1.1896077333974884,1.0591571238519828,-0.729218169045105,0.028875141882898362,0.8505139715053166,0.06369038445441957,-0.8201518801855097,-0.7287592733392656,-1.4756326815484913,-0.4457535788114906,-0.25392378734791554,0.17365921386784078,0.49314630644832796,-0.10320028167455254,0.34751279702593213,-0.7955235223452319,0.037589341385866754,0.9333701366137772,-0.47459812853608424,0.4007073312504274,-0.2896259559134022,-0.09963867257790543,0.8574444680422023,1.0922163567546606,-0.14945257942363385,0.9253667427622776,0.28478294963351,-0.46159873328211515,-0.38346890653901183,0.9963670956467889,-0.04999291447031959,0.433712048482459,-0.625662040430639,-0.5304885028107477,0.45256895229078153,-0.348523198479883,0.6282778374369007
0.6476061293714689,-0.6620743016248283,0.16307931372034298,-0.18297033063992252,-1.0238791442790767,-1.8741496091984458,-0.5219899545326377,-0.4045457817034305,-2.1213690010969013,-0.435896283220406,0.32240640055689174,-0.59259713068237,-0.12257935822899821,-0.20110321893234168,0.418965597211462,1.3462351243950743,2.0315821917593353,0.5466634788098361,-0.8541423629716005,-0.39563021525629494,-0.7248094516905066,0.2016868670982749,0.7688146067731532,-0.2148232408337323,-0.47459812853608424,0.9273069494788653,-0.004769147579085807,0.03402252149348952,-0.6191114652355995,-0.5889828442047246,0.5203602321673122,-0.7661905213767601,-0.3119849744345616,0.337103044654069,0.2539186073461709,-0.7127632653185975,-0.8628673679450042,0.3591190600675005,-1.7791203658639398,0.858259984730826,-0.6456400799631491,-0.17075284001438892,-0.18126696966428008,0.4168336388681139
-0.08608231312745727,-0.09684918284330245,0.571082977611013,-0.734610872544366,-1.3521826585131775,-0.7417258065766128,-0.7896360104557527,0.9058487617493696,-0.1856523073086718,-0.9426755038374416,0.164450641012601,0.25644373756423516,0.016909886262592894,-0.7077624617246137,-0.4905943263556756,-0.5746944714161452,0.9719924521332092,-0.06941175779009151,-0.49966762038556106,0.31781729167161443,-0.6203403220975299,0.39895630404475774,-0.24867876417283535,-0.06680308270237352,0.4007073312504274,-0.004769147579085807,0.3932243356222971,-0.29242463517140094,-0.2908829881986632,0.3080904482497624,1.0731109844524744,-0.4530764240826721,0.6634580003495003,0.1533368363287192,-0.3216831568658177,-0.612628566724112,0.16646570265182936,0.033680636117096395,-0.7590854954808284,-0.1401353448675909,-0.8834214420631138,0.35308965980951645,-0.4104478629748765,0.8413383277948107
-0.10127424617672984,0.008568221916382016,-0.36337534739390454,0.6371380338708215,1.4387520851549238,1.0405827415530933,0.7015591887466245,-0.7333949448533182,0.26964256846665535,0.93771231432763,-0.22286760166233757,-0.15146973238845068,-0.2739822374755856,0.6048814349088634,0.33098086072109306,0.5045385475954095,-1.1514583622161858,0.12247581051056233,0.5893212306202673,-0.49303427496115804,0.6651468648561156,-0.36356610837497094,0.27672704210574484,0.2643923352486009,-0.2896259559134022,0.03402252149348952,-0.29242463517140094,0.6051055997405216,0.2597192738214825,-0.20301619625996464,-0.8351935721522158,0.31388828679288266,-0.5891540701747691,-0.05817413692878832,0.5590896108606653,0.5177867281820351,0.2557217639829179,-0.05338297152796092,0.8266788857377659,-0.09781777882593544,0.9547629238733022,-0.4354712121961693,0.48791691546457777,-0.8756260078480266
-0.3732762332375859,0.4680111156777286,-0.5472266067305683,0.707245413311368,1.8588328631249087,1.6849830219614919,0.8723204165516657,-0.27592276870788973,1.7146420621614447,1.0262741956674082,-0.4095733533935555,0.1573795754623456,0.03931131604270045,0.6647981634673314,-0.07139875273830262,-0.5474848213196211,-1.9499783665049866,-0.4174768460478376,0.9714233872194298,0.1633363851649115,0.9521242465938212,-0.4493679343625567,-0.4990418983159067,0.2003240365654678,-0.09963867257790543,-0.6191114652355995,-0.2908829881986632,0.2597192738214825,0.7766789312620791,0.17207799556952696,-1.2628049723968102,0.9473348620793263,-0.20739036873580075,-0.48100744787630617,-0.07216405953124377,1.0959879824677334,0.37202451683752746,-0.34460672525563263,1.7246199098462094,-0.5948025531542461,1.1690543628169614,0.0073231910890854445,0.4976458832376724,-0.8581475220368959
-0.7802198433095399,0.6184405365272001,0.35645546112514687,-0.4314621551646884,-0.16563539759476226,0.89663268452075,-0.417418577987593,1.254543859863161,1.6279518989172181,-0.46179198386853765,-0.11506751645775995,0.9174830608574589,0.08685095554825643,-0.7488092818301818,-0.8938056387173556,-1.7242588140653394,-0.8097660806761057,-0.42305203924551804,0.4960500790639852,0.7046471534873536,0.1569301615366892,0.25406926599677837,-1.1708142069753147,0.039285224106319135,0.8574444680422023,-0.5889828442047246,0.3080904482497624,-0.20301619625996464,0.17207799556952696,0.9779545698882132,0.7492107998619063,0.1547958246801699,0.9870372151640572,0.14281953432418262,-0.6988637922452305,0.003595370238812419,1.038658199193776,-0.15843754775234736,0.8556814395762027,-0.8471303004419365,-0.18722446520655006,0.668170764552222,-0.18282460209812365,0.5044061427780975
-0.06724338504063955,-0.4135668274527244,1.6773466101378052,-2.1429606152410887,-4.310224370190947,-2.8514446822478607,-2.518402299197736,2.362698875701935,-1.5766899842516138,-2.8830562995996676,0.6695437145598501,0.6435700329303858,0.010792112922988437,-2.2887485777095975,-1.1422316428655301,-1.040710143716433,3.5648351806270893,0.19799460323510254,-1.6570289098530206,0.6936928702420763,-2.007100456129605,1.2755275884525261,-0.4441148457289439,-0.3600656778462948,1.0922163567546606,0.5203602321673122,1.0731109844524744,-0.8351935721522158,-1.2628049723968102,0.7492107998619063,3.5267317274773586,-1.7566219103653276,1.7706517725726796,0.8913961989350515,-0.8431266038085855,-2.2127772038040723,0.2660265832529415,0.40270040809706803,-2.881483244265589,0.0900370963808214,-2.8170633532519114,0.9481958880296558,-1.288594620914502,2.599930490966078
-0.4287240533379213,0.6516393782908346,-0.8192440896334736,1.0252848399725047,2.5089919954023974,2.274273774654747,1.2788767333643114,-0.6011370672513487,2.1043707450072486,1.4494167777664841,-0.4965847748339418,0.16499222393323582,0.10083629161045964,0.9606978640919723,0.09178482189988553,-0.5370152678615443,-2.6687593420737397,-0.4682515896706309,1.2950464740705088,0.11038019033264788,1.3058565876732264,-0.6272927540972933,-0.5226988139328232,0.22738627397424557,-0.14945257942363385,-0.7661905213767601,-0.4530764240826721,0.31388828679288266,0.9473348620793263,0.1547958246801699,-1.7566219103653276,1.2479919821438663,-0.4235120775257226,-0.557892340120813,-0.006862961825330853,1.4225311038000341,0.41638355850081177,-0.3927959164888792,2.317313884710867,-0.6242883515012326,1.5870110764888785,-0.10569474396603716,0.6602544554083656,-1.2460742481716651
-0.5163584967502141,0.2564065518733189,0.8876495636797189,-1.178543411964616,-1.840791684884222,-0.7398493189748094,-1.3755370481320426,2.008885268169983,0.748955829574522,-1.5373786771635685,0.13577677472365965,0.8330511100603009,0.15961708107482722,-1.4223939848437859,-1.254963607905159,-1.8183170785404044,1.0729104686594948,-0.41485460482493247,-0.37884066711391456,1.0371259911859425,-0.7656665630484022,0.6901448371305619,-1.2172473128171795,-0.16881826649240214,0.9253667427622776,-0.3119849744345616,0.6634580003495003,-0.5891540701747691,-0.20739036873580075,0.9870372151640572,1.7706517725726796,-0.4235120775257226,1.5365504968363777,0.21148087132766935,-1.0989181729483728,-0.693703715778562,0.6094057752268005,-0.06740537595615924,-0.6101311965037702,-0.6584693877832877,-1.291146073039537,1.0707011022103357,-0.6471006684466614,1.5228667345874118
-0.03521640504596047,-0.05923119439393384,0.32400692172236034,-0.3586700671688368,-0.834998665528301,-0.5192339980860659,-0.4775087698420592,0.24071792417139362,-0.7036093585527153,-0.509691553240639,0.2108897632537958,0.17954957353470347,-0.07220699403725443,-0.5411704016195835,-0.027653750279586473,0.08335309807352326,0.6664793740435118,0.29175234430078456,-0.25455699824637973,-0.10235732684196837,-0.3397953094472633,0.2728687104213559,0.08217057444710704,-0.08767088185044318,0.28478294963351,0.337103044654069,0.1533368363287192,-0.05817413692878832,-0.48100744787630617,0.14281953432418262,0.8913961989350515,-0.557892340120813,0.21148087132766935,0.5077616694175855,0.02182154194468121,-0.649567382380615,0.18363035057251734,0.2533385116392236,-0.6262347188802793,0.21885937393444874,-0.5380868985205796,0.03566717400028776,-0.2513898512057269,0.43843040010982204
0.30424298407462713,-0.3220007257604543,-0.3511313864282772,0.5953883440596559,0.9117069800469197,0.6851604168542234,0.8959337802103442,-1.3778259378595958,-0.815038655175914,0.9075071357646732,-0.032627998388979645,-0.5294874497516378,-0.31062105128390455,0.9249651648833794,0.9344373691213815,1.3746111794056879,-0.8020154130222957,0.4526531552903466,0.1277059655964574,-1.0606097146616136,0.4241508348252996,-0.4142812751425132,1.2066624935351076,0.28878741260774,-0.46159873328211515,0.2539186073461709,-0.3216831568658177,0.5590896108606653,-0.07216405953124377,-0.6988637922452305,-0.8431266038085855,-0.006862961825330853,-1.0989181729483728,0.02182154194468121,1.1915302503735488,0.13092335369179964,-0.07781539057720668,0.103592218742916,0.29175000269618195,0.441972098117077,0.7276770972402554,-1.0524340338091822,0.3817914650941737,-1.0706833849473945
-0.38716029125852136,0.6258208422867573,-1.035027835262128,1.3369072369346784,3.127903502135897,2.5012335624525357,1.56015147934861,-0.9454088912466793,2.147053984230486,1.855077411537464,-0.5915475737419003,0.018782756729302238,0.03539512046150899,1.2490513684252877,0.24544082749550414,-0.2538322298330998,-2.967058811709017,-0.43955024683326244,1.4939374152589477,-0.025484455738773042,1.5469225403856932,-0.7914401791271518,-0.4307114698881781,0.2807988897650837,-0.38346890653901183,-0.7127632653185975,-0.612628566724112,0.5177867281820351,1.0959879824677334,0.003595370238812419,-2.2127772038040723,1.4225311038000341,-0.693703715778562,-0.649567382380615,0.13092335369179964,1.7073467378110772,0.3318440726190617,-0.42318896364269365,2.5547460316782815,-0.602468287153713,1.9833477747373982,-0.22073868898581422,0.8704761001964942,-1.580891287457468
-1.1253509902227408,0.8280951300710788,0.1833420396097891,-0.04491916569053102,0.9350348153271589,2.4847317774287623,0.27822322623694273,0.8021773669543525,2.3095286415648104,0.26655961402062806,-0.3147645429519823,1.0964805037363796,-0.15885577456437752,-0.29048570935757867,-0.6632601457049166,-1.7371467366327722,-2.4835082063849296,-0.3560497061332661,1.160332635896083,0.22151131931581952,0.8458068386778916,-0.03238180099824357,-0.9549839256164594,0.38838965995796204,0.9963670956467889,-0.8628673679450042,0.16646570265182936,0.2557217639829179,0.37202451683752746,1.038658199193776,0.2660265832529415,0.41638355850081177,0.6094057752268005,0.18363035057251734,-0.07781539057720668,0.3318440726190617,1.7916494452509162,-0.22801036163418437,2.0391818244547846,-1.1440168870077645,0.592054204948073,0.15658971128702548,0.14791038795234326,-0.3114384095328301
0.20602353085101674,-0.20108675912198018,0.12216239964444234,-0.157308354135199,-0.5944551442127779,-0.6977340920944961,-0.2579337860102051,-0.10482925079241319,-0.8765270067150456,-0.27722977676867916,0.17421096098379005,-0.13385586009893996,-0.02620270858154881,-0.18562566641407555,0.1766689521876904,0.45564924018596537,0.7742467492393971,0.26332497560061363,-0.34809284468428914,-0.16953743811669517,-0.316973728776298,0.13380295174084933,0.30517840256415024,-0.10354011975100814,-0.04999291447031959,0.3591190600675005,0.033680636117096395,-0.05338297152796092,-0.34460672525563263,-0.15843754775234736,0.40270040809706803,-0.3927959164888792,-0.06740537595615924,0.2533385116392236,0.103592218742916,-0.42318896364269365,-0.22801036163418437,0.19798767821804278,-0.7054637767337651,0.36908452631981625,-0.36857564461500214,-0.08301794583742438,-0.14921775664666187,0.22625759870074083
-1.4742922822825988,1.6872247668380038,-1.3645463812854968,1.8730749666849564,5.096518406694007,5.866734387053221,2.6211199377529195,-0.9059017280392986,4.8585701832305155,2.8787154147529033,-1.016982637502319,0.9965993519795089,-0.002897214335699452,1.5977802677360267,0.039241400755011396,-1.7247707493401498,-6.581139118646355,-0.8162640020169725,3.1000288792780055,-0.011779454180465861,2.960387267032771,-1.1749232684184634,-1.1964461743348265,0.6977939082428871,0.433712048482459,-1.7791203658639398,-0.7590854954808284,0.8266788857377659,1.7246199098462094,0.8556814395762027,-2.881483244265589,2.317313884710867,-0.6101311965037702,-0.6262347188802793,0.29175000269618195,2.5547460316782815,2.0391818244547846,-0.7054637767337651,5.4847035144964185,-1.6415241493431205,3.2692363574639884,-0.41050488130526674,1.2833381220009348,-2.632961750351631
0.8562870594999843,-0.6530957760673122,-0.07117051092749481,0.010094353433870978,-0.8960614389455246,-1.7603500875139217,-0.1544842509855738,-0.8945747527247364,-2.2875400424897494,-0.19973401028248272,0.352078722268902,-0.7929066339502446,0.011533877678543454,0.17848656887915013,0.8035572424777894,1.6777304182066655,1.7922907400482275,0.5863565406517145,-0.8923873922225254,-0.561533447514184,-0.6345660655772549,0.05563347049195748,1.111063416359198,-0.251760895970056,-0.625662040430639,0.858259984730826,-0.1401353448675909,-0.09781777882593544,-0.5948025531542461,-0.8471303004419365,0.0900370963808214,-0.6242883515012326,-0.6584693877832877,0.21885937393444874,0.441972098117077,-0.602468287153713,-1.1440168870077645,0.36908452631981625,-1.6415241493431205,1.1197127804512064,-0.5204739258893667,-0.45045685492587867,-0.163049867118148,0.11525591839764851
-0.453544883574518,0.688111399266021,-1.3617687422598215,1.8759482985978657,4.205840472685369,3.4555538872308413,2.228948055556182,-1.7365898358788052,2.167294780170645,2.6377175361361456,-0.7015470352601364,-0.0722656714789658,-0.1581580864728989,1.7620631906384103,0.7133744196493578,0.29875625368991304,-4.042483941122804,-0.21045129245809288,1.9792698762636576,-0.5773507816828647,2.1233089834295114,-1.0977898414079712,-0.02794750076195001,0.46888007463681336,-0.5304885028107477,-0.6456400799631491,-0.8834214420631138,0.9547629238733022,1.1690543628169614,-0.18722446520655006,-2.8170633532519114,1.5870110764888785,-1.291146073039537,-0.5380868985205796,0.7276770972402554,1.9833477747373982,0.592054204948073,-0.36857564461500214,3.2692363574639884,-0.5204739258893667,2.729171985843549,-0.7465962501650019,1.218160146226192,-2.3799739470987182
-0.3097661598693957,0.22253316723492922,0.43734425400896015,-0.6395999313893569,-0.9562373128405682,-0.7153962595657921,-0.9500244955443868,1.381185993055065,0.6549042964082479,-0.9298284485656431,0.037646985586268326,0.507511852722749,0.20308997405771476,-0.9560766226972522,-0.9383857756653717,-1.2641727363548259,0.8825876865984448,-0.38247362258898593,-0.17301672658664488,0.9416424841679366,-0.4702362420396556,0.437567647505709,-1.0986957063652623,-0.22455025919253277,0.45256895229078153,-0.17075284001438892,0.35308965980951645,-0.4354712121961693,0.0073231910890854445,0.668170764552222,0.9481958880296558,-0.10569474396603716,1.0707011022103357,0.03566717400028776,-1.0524340338091822,-0.22073868898581422,0.15658971128702548,-0.08301794583742438,-0.41050488130526674,-0.45045685492587867,-0.7465962501650019,0.9878922486565413,-0.3656204344885071,1.0771842509550387
-0.12019052942000806,0.20094887711814974,-0.6122317934334199,0.861090054206745,1.875617869740422,1.3582262443614126,0.9723825394654153,-0.8545641419280858,0.7555359854532093,1.1936790296086222,-0.30400461927954686,-0.14143064596255617,-0.11276510352909788,0.8218076750240116,0.3627143721383915,0.32722990314564065,-1.6024801930332155,-0.0465757337421845,0.8063144694535026,-0.3210630966770394,0.896190817699787,-0.49665697322762803,0.08652497361211328,0.21054221281477895,-0.348523198479883,-0.18126696966428008,-0.4104478629748765,0.48791691546457777,0.4976458832376724,-0.18282460209812365,-1.288594620914502,0.6602544554083656,-0.6471006684466614,-0.2513898512057269,0.3817914650941737,0.8704761001964942,0.14791038795234326,-0.14921775664666187,1.2833381220009348,-0.163049867118148,1.218160146226192,-0.3656204344885071,0.5720896139970056,-1.0678571908750536
0.14751778284303563,-0.4096057554960923,1.2555694621028977,-1.7126193613815721,-3.5590694023391345,-2.918672358419842,-2.1629194982368087,2.027311854482583,-1.257607907513063,-2.424372433288527,0.5293383738977059,0.3326186538356992,0.17974331979083388,-1.8281181245631015,-1.0492025329829675,-0.876620382267355,3.448054161927457,-0.03428523098540101,-1.5289199212691689,0.9048817705763242,-1.8038222668387471,1.0381247290339346,-0.5696620541212596,-0.4461294770463954,0.6282778374369007,0.4168336388681139,0.8413383277948107,-0.8756260078480266,-0.8581475220368959,0.5044061427780975,2.599930490966078,-1.2460742481716651,1.5228667345874118,0.43843040010982204,-1.0706833849473945,-1.580891287457468,-0.3114384095328301,0.22625759870074083,-2.632961750351631,0.11525591839764851,-2.3799739470987182,1.0771842509550387,-1.0678571908750536,2.3301030176471262
