V1,V2,V3,V4,V5,V6,V7,V8,V9,V10,V11,V12,V13,V14,V15,V16,V17,V18,V19,V20,V21,V22,V23,V24,V25,V26,V27,V28,V29,V30,V31,V32,V33,V34,V35,V36,V37,V38,V39,V40,V41,V42,V43,V44
0.6620051941801495,-0.21502783308978798,0.42645274015113516,-0.8488935647735583,0.5638106163815049,-0.5522044766934161,0.05100077828411534,1.0430994449904454,0.7948828861679751,0.05881154138364596,-0.7876041037469804,-0.10387397865941717,0.8071912641618045,0.8547460007103591,0.03482381075494737,0.5542230870208562,1.2466548805904978,-0.5735767970255915,-0.7293855475917536,0.41093881295190654,0.11435783734174923,0.6834368865081357,0.3835988741493015,-0.3241151535437548,-0.43622102501312043,-0.21693033774798237,0.4967449273005308,-0.056085120776044134,0.3246976355709968,-0.659421171920431,0.8532334231919053,-0.15132840850989338,0.050318542144893015,-0.8402555251148327,0.8698545410086272,-0.21393136144239097,-0.42173520859098984,-0.18905566449784605,0.26746106637146644,-0.2553444070621518,0.572922422152897,1.0652676966882335,-0.9922553188721459,0.9546618780644065
-0.21502783308978798,2.744066322017895,1.8524341570854308,1.1018796325144562,2.091919361669194,0.6245323403720059,2.649396405860521,1.644418045939548,-1.4706236936194665,-3.249235811840987,-0.44674128883620623,-0.08522319737106912,0.9287067717766979,0.9877583797969123,1.004555289256586,1.2974466292650673,1.5383483594863796,-0.4974591960954827,0.9719378397847473,0.0350237306629398,0.04984316209062527,-1.306753111929086,-0.9977356978717115,0.784110001802077,-0.627100382838235,-0.27481723038411965,1.3922461700913344,-0.14737857188563,-0.3096080233179928,0.4532415167745526,-0.01988810413122652,0.38105220807204043,-0.11958944403509486,-2.3154027327747944,-0.2907890658726369,-1.3012802894026367,0.3969695608799705,0.9128837010108892,0.948338951929649,0.06848902624145568,-0.48766274325509035,1.4900584090961253,0.5579066961964174,0.41740371679911764
0.42645274015113516,1.8524341570854308,1.7737834781658304,0.078738693986846,2.10473534584089,0.042939154366924456,2.0276637441128935,2.292829600481336,-0.2900658217990808,-2.485790986502827,-1.1294960718125662,-0.29629271572650934,1.350932776603707,1.6141326326441146,0.8096253270828192,1.483062200596068,2.408558827263516,-0.8815160800073903,0.002104413595384649,0.34865113024738104,0.0805345565922944,-0.5864501016517448,-0.4384949136065012,0.29304277820190144,-0.8388136988118152,-0.4010876947768977,1.5500081276196764,-0.1463499591322926,0.09828578997741853,-0.24685144357107686,0.6774309541908798,0.15509209943374516,-0.06910262144546343,-2.515731206906355,0.6673045225576594,-1.351483271020759,-0.040567696860076344,0.4987390105246368,0.9954103103771894,-0.06101445140369655,0.20608332350997619,2.063697279066332,-0.4706982832477053,1.2379759248745053
-0.8488935647735583,1.1018796325144562,0.078738693986846,1.351036629047787,0.010014886644043337,0.8885393800346851,0.7647434575690691,-0.6334744706494015,-1.3303251179414393,-1.148976095555513,0.7306016395789311,0.0075183691305279795,-0.7027099597429305,-0.6281753086425121,0.28914417399152853,-0.23765835112881337,-0.8976420741804331,0.5225113348058975,1.1149070580388762,-0.500784404674582,-0.15621207694289185,-1.3504483713904167,-0.7839561276386795,0.6230170059281294,0.33110726375228755,0.16865466869994175,-0.11052727550012703,0.02932915647335919,-0.45317684567832595,0.919671555057092,-1.0551742379455646,0.3002137500931709,-0.11221979406120196,0.24800258961754218,-1.0464885587760935,-0.2717300244128606,0.6449187342593284,0.49727983900614714,0.009683506708865544,0.39539405859399285,-0.7885045235492945,-0.7922246955802342,1.3408246849396264,-0.9476787028572953
0.5638106163815049,2.091919361669194,2.10473534584089,0.010014886644043337,2.5560510723537893,0.10599267439252157,2.34009024972159,3.0000399702285505,-0.05853901108571131,-3.046099730864965,-1.5600466139369333,-0.6028541420630709,1.5384628489283088,2.160467974129137,0.9844261861737907,1.805112384302258,3.1812942359820897,-1.079949245048709,-0.2176563849946025,0.37117656291534473,0.0011112094906121938,-0.9841846998490607,-0.5202178852561388,0.29042505076093883,-0.9829559115244949,-0.4909217279222673,1.9600957195528923,-0.15006148566975594,0.22370444544381038,-0.3594981852304642,0.758844287322509,0.16982813986696527,-0.11743543636960967,-3.056775364044014,1.0661334032415895,-1.9155201846270877,-0.02834786813665627,0.5244182829618294,1.2623953517852626,0.10590222668213224,0.41190645001420245,2.499962787890707,-0.6642954857487932,1.6712549129112393
-0.5522044766934161,0.6245323403720059,0.042939154366924456,0.8885393800346851,0.10599267439252157,0.8131814687433883,0.44167964130552595,0.05760803009149335,-0.4483089678000705,-1.077159881610535,0.1300062755751361,-0.5147510810485767,-0.7038037552475844,-0.0011061491886131128,0.2677185529707213,-0.10914220303104612,-0.05990369563411357,0.35105322420520985,0.41874399789851885,-0.48649713467609573,-0.3205285191882598,-1.6564624202524214,-0.6117615342640879,0.36783428367962356,0.2959683260526817,0.10601919111965598,0.14732202612179762,0.07374629476338512,-0.13460188108350615,0.5883348866226257,-0.9318709300450942,0.2045259663646394,-0.16123176989009577,0.07430494589207087,-0.25914896900210155,-0.8481642257492945,0.5494668307772158,0.24496492198854547,0.16548320647284123,0.683114122093704,-0.27359189742197265,-0.5398539657546284,0.8391167341337618,-0.33816301436305735
0.05100077828411534,2.649396405860521,2.0276637441128935,0.7647434575690691,2.34009024972159,0.44167964130552595,2.668232917257897,2.143824236036108,-1.0875180881180808,-3.287086983085928,-0.8203617401535026,-0.21031779932115954,1.2164368509431174,1.3999829166459075,1.0341412037317204,1.53151176937813,2.1287526146864106,-0.7274786357281265,0.6316744105452797,0.17546055701404373,0.06130775205056202,-1.1600775739174172,-0.8621175574594087,0.649281895064862,-0.7917201687763338,-0.3637990000142613,1.6312302978163402,-0.1615951343114712,-0.15350539050494322,0.1876183233881313,0.2841133345400799,0.3225009667256212,-0.11423484748402955,-2.673595843227029,0.12623236497365137,-1.499471799120573,0.2488302553017104,0.826261788655387,1.084298334949261,0.03462325515494251,-0.2195970935226422,1.9187306530945498,0.1547074809052581,0.847505646886712
1.0430994449904454,1.644418045939548,2.292829600481336,-0.6334744706494015,3.0000399702285505,0.05760803009149335,2.143824236036108,4.398223351128042,1.2485820623831085,-3.35604435239424,-2.643679892396059,-1.5018536675623644,1.6642677113266904,3.3620493199627006,1.0821205234304065,2.1991162764784673,4.815829153524752,-1.440461722255144,-1.275147916785227,0.4028303665806196,-0.2705813065757884,-1.6736576344432057,-0.35781395370334385,-0.040500395661862684,-1.1282980574779018,-0.6351922342901498,2.5860179534616017,-0.09431775761960158,0.7256896104663103,-0.8655407265326629,0.970488313776903,0.057339370182351634,-0.21619602879766656,-3.6641268804681797,2.3697899121704027,-3.0685747707466042,-0.13981524836017775,0.21604514163934155,1.654204316578632,0.6020330523702236,1.2253698298734983,3.132975650670949,-1.448424162515786,2.7677744951566075
0.7948828861679751,-1.4706236936194665,-0.2900658217990808,-1.3303251179414393,-0.05853901108571131,-0.4483089678000705,-1.0875180881180808,1.2485820623831085,2.128689658767351,0.8008755529267159,-1.2421076178957917,-0.9426730512699314,0.08704109082947246,1.2035266083229907,-0.22796518006032196,0.1559567610688052,1.5992424832828998,-0.3994924405304203,-1.6771521474222981,0.15902579950113885,-0.2616427728945601,-0.044477268331291155,0.6369930796028962,-0.7200616607439134,-0.08498468789501684,-0.1297580832268645,0.3460459245418365,0.08920702816983098,0.7371993484764877,-0.9029021186840861,0.5141407841563547,-0.29758674228943943,-0.04522946839753367,-0.12863695024270932,1.7494154242902182,-0.8308995498800253,-0.39271953137566307,-0.6950782752828953,0.17598984432579193,0.4077211085241219,1.2057087464890195,0.5113688130117758,-1.3399719978917324,1.3214016760595355
0.05881154138364596,-3.249235811840987,-2.485790986502827,-1.148976095555513,-3.046099730864965,-1.077159881610535,-3.287086983085928,-3.35604435239424,0.8008755529267159,4.771888030869039,1.5018403584820206,1.1599008523205785,-0.9638168741924152,-2.3363810655306048,-1.4491174112972234,-1.9245721980588295,-3.3939902132216284,0.7988466160904949,-0.4023743094102764,0.13564244313056734,0.3274912089059474,2.9681435797518976,1.3469272790092806,-0.8214098649163911,0.7840114886718046,0.4288354990068051,-2.367023269190103,0.09903166512357586,-0.02477701487168921,-0.34480978067284757,0.22860362896769237,-0.45512505634642764,0.30908448936889227,3.39696964115124,-0.7373842733870458,3.044641196783007,-0.6240372601332353,-0.9485553022867418,-1.608362048193223,-0.8383382416754803,-0.03334558736624688,-2.1993627019324093,-0.3238121974165468,-1.3879830511066338
-0.7876041037469804,-0.44674128883620623,-1.1294960718125662,0.7306016395789311,-1.5600466139369333,0.1300062755751361,-0.8203617401535026,-2.643679892396059,-1.2421076178957917,1.5018403584820206,1.7277495691479123,1.0132819249193097,-0.9369283611160949,-2.0888199556069242,-0.4961633224567123,-1.2055848608666349,-2.9623993852586907,0.8826107070858026,1.1357669874079561,-0.2792404576060683,0.19498720356333588,0.8083417470445017,-0.010758281599590766,0.2303244090201991,0.6324660995182899,0.3745636081763943,-1.4464963791272059,0.030143555770417666,-0.5837378233498111,0.7245939040254453,-0.6951790921843006,0.058791139897515686,0.1175734636381121,1.9688688672725194,-1.7230707772952776,1.7926575636822977,0.20555783467646802,0.0824281517074933,-0.9101563045727978,-0.3896374585568167,-0.9772253089344277,-1.8136609996410262,1.1593325092567248,-1.8239104397582384
-0.10387397865941717,-0.08522319737106912,-0.29629271572650934,0.0075183691305279795,-0.6028541420630709,-0.5147510810485767,-0.21031779932115954,-1.5018536675623644,-0.9426730512699314,1.1599008523205785,1.0132819249193097,1.2392309607159095,0.2986847264328395,-1.2390794472145927,-0.3171256680282902,-0.3765747884503553,-1.6549398909267963,0.1492300848014738,0.7351878068025317,0.28838820615357064,0.4802135040823286,1.8357170863236052,0.28514364596830094,0.052697945579177466,-0.02351450980965185,0.08551295743965256,-0.7809019486743467,-0.09762244154474131,-0.39746835818066795,0.09639037290421934,0.40459793395811167,-0.03930327356216916,0.20946073571488946,0.6564507479454439,-1.115180840580682,1.7636780618103143,-0.2690042793313936,0.10642231049899073,-0.5405726549475801,-0.9473890117799604,-0.6085012853340045,-0.33927344789854946,0.20374898841063763,-0.8871066546978216
0.8071912641618045,0.9287067717766979,1.350932776603707,-0.7027099597429305,1.5384628489283088,-0.7038037552475844,1.2164368509431174,1.6642677113266904,0.08704109082947246,-0.9638168741924152,-0.9369283611160949,0.2986847264328395,1.7036046722247171,1.1936623243895481,0.38996141563822895,1.245724680069821,1.8464863937696108,-0.9930326404022158,-0.3058495139113853,0.717515672763313,0.3752946494319451,1.0942700402418326,0.19922220280314504,-0.08073795616800332,-0.924148448329739,-0.4042819280570357,1.0488192327148835,-0.18693157717355427,0.16548559364273122,-0.6967585308024087,1.3713064333138847,-0.055630548333982795,0.09888832643545271,-2.0167810368048977,0.67233157942944,-0.2162351654336356,-0.5257622279794585,0.19329905632959654,0.6101584855636542,-0.7056442951310886,0.35478629321099875,2.0812035815686065,-1.0814513757585,1.2109036285558386
0.8547460007103591,0.9877583797969123,1.6141326326441146,-0.6281753086425121,2.160467974129137,-0.0011061491886131128,1.3999829166459075,3.3620493199627006,1.2035266083229907,-2.3363810655306048,-2.0888199556069242,-1.2390794472145927,1.1936623243895481,2.6059466852763675,0.7555341989292189,1.6079273412850619,3.7123241968091363,-1.0886886154432613,-1.1566828423707725,0.30041829182356916,-0.2433355768971114,-1.2634596084280016,-0.181919119679246,-0.12501431388745757,-0.8185783147298388,-0.4748480837000911,1.9228418411341446,-0.05274568274996526,0.6292838720605797,-0.7410857579127299,0.7495102391646321,0.0032891845078569424,-0.16752461809906014,-2.662465059623781,1.9625453805926103,-2.363557711997281,-0.14284582856119765,0.05999171918072757,1.2252627715476572,0.5150333724299397,1.0555686921992118,2.3221260213360626,-1.2199010526055971,2.1842534204327047
0.03482381075494737,1.004555289256586,0.8096253270828192,0.28914417399152853,0.9844261861737907,0.2677185529707213,1.0341412037317204,1.0821205234304065,-0.22796518006032196,-1.4491174112972234,-0.4961633224567123,-0.3171256680282902,0.38996141563822895,0.7555341989292189,0.4465678008775032,0.6397659598292641,1.1049275627456903,-0.2960151472105288,0.0979072720218423,0.007175762139113642,-0.07063821198565796,-0.7916006454169042,-0.378590253300414,0.23376511485873294,-0.2874892318141732,-0.15074270265364145,0.7554104604957766,-0.04081252758463697,0.017680580189205247,0.05560434097723283,0.021921881448352484,0.1288567964346719,-0.08349075046234661,-1.1170953780190949,0.25700255252259985,-0.8982827365135394,0.1474269605028573,0.2884469395257537,0.5064845861916362,0.197820938095975,0.03236412365454323,0.7733003495773713,0.024612748961460387,0.4811968075413656
0.5542230870208562,1.2974466292650673,1.483062200596068,-0.23765835112881337,1.805112384302258,-0.10914220303104612,1.53151176937813,2.1991162764784673,0.1559567610688052,-1.9245721980588295,-1.2055848608666349,-0.3765747884503553,1.245724680069821,1.6079273412850619,0.6397659598292641,1.321927905513048,2.370615533513725,-0.8629924316247066,-0.3246659508088139,0.37130489290222746,0.05167535276924173,-0.37634227636698375,-0.21775392953769782,0.09771619871212786,-0.7669969386349265,-0.3792881534069774,1.3912302679083492,-0.11760626171099604,0.22476000131954496,-0.4204088575583864,0.7550737184464541,0.06558350371627633,-0.05445976669728904,-2.208935454121799,0.9038985883839015,-1.244545948573536,-0.1500272750755793,0.29088262958814903,0.8794850928413867,-0.03946290158439839,0.4111304715713941,1.9228786449174093,-0.7111130858658367,1.3310531808061188
1.2466548805904978,1.5383483594863796,2.408558827263516,-0.8976420741804331,3.1812942359820897,-0.05990369563411357,2.1287526146864106,4.815829153524752,1.5992424832828998,-3.3939902132216284,-2.9623993852586907,-1.6549398909267963,1.8464863937696108,3.7123241968091363,1.1049275627456903,2.370615533513725,5.309802717217938,-1.6092925203041033,-1.576496009819324,0.490855629740164,-0.28718533956354597,-1.6395002397596303,-0.2578989728077327,-0.15372620306957502,-1.2385171713414975,-0.7006667163334409,2.780120960571649,-0.09771812721521983,0.8649588184413264,-1.0719916821641087,1.1732804016895448,0.010783887357063463,-0.22112777750258295,-3.925362566690396,2.736478291353027,-3.2838103129208047,-0.24081616846232892,0.13332053311596212,1.7672163857696446,0.6242327864476411,1.4601487892227367,3.442271065025272,-1.762666636900815,3.121966888618121
-0.5735767970255915,-0.4974591960954827,-0.8815160800073903,0.5225113348058975,-1.079949245048709,0.35105322420520985,-0.7274786357281265,-1.440461722255144,-0.3994924405304203,0.7988466160904949,0.8826107070858026,0.1492300848014738,-0.9930326404022158,-1.0886886154432613,-0.2960151472105288,-0.8629924316247066,-1.6092925203041033,0.6728686213185524,0.45977858870479626,-0.39033738056270123,-0.10926862637028707,-0.27014857332909487,-0.10194849336478723,0.10813330319264264,0.5715148460517953,0.2769922742644709,-0.8425115979953887,0.08821587887821628,-0.23746943831203476,0.510721274269258,-0.792276447897722,0.04502685883560422,-0.01233121983101981,1.399519418973098,-0.7746996395312066,0.5749958659128144,0.291330915423082,-0.05122293481439704,-0.5071783821396276,0.20168612259031546,-0.43160489217660375,-1.3946110260929627,0.8007338986875064,-1.0297587898838338
-0.7293855475917536,0.9719378397847473,0.002104413595384649,1.1149070580388762,-0.2176563849946025,0.41874399789851885,0.6316744105452797,-1.275147916785227,-1.6771521474222981,-0.4023743094102764,1.1357669874079561,0.7351878068025317,-0.3058495139113853,-1.1566828423707725,0.0979072720218423,-0.3246659508088139,-1.576496009819324,0.45977858870479626,1.3567012970112085,-0.21305668332676544,0.16742489740371533,-0.03414870819151215,-0.49818809618202037,0.5610853283174254,0.20171921394948925,0.16346715519346441,-0.46057803299204964,-0.04473135295853893,-0.604842553927146,0.7944865494408994,-0.5744273829873994,0.2319316521263661,0.030406944710835247,0.43418308256989946,-1.4861942854073393,0.7549547008533243,0.36260612791868335,0.5039017577788009,-0.25328697086262403,-0.2531083041038518,-0.9995482913930381,-0.7176186851787026,1.189155463133198,-1.2302956334405237
0.41093881295190654,0.0350237306629398,0.34865113024738104,-0.500784404674582,0.37117656291534473,-0.48649713467609573,0.17546055701404373,0.4028303665806196,0.15902579950113885,0.13564244313056734,-0.2792404576060683,0.28838820615357064,0.717515672763313,0.30041829182356916,0.007175762139113642,0.37130489290222746,0.490855629740164,-0.39033738056270123,-0.21305668332676544,0.3728980722391334,0.2252745847411398,0.9157863102769456,0.27374111612272983,-0.14912522926736915,-0.35679042074279493,-0.14601428499624533,0.2191175600096318,-0.078886862656601,0.08390309454782412,-0.39289095655544665,0.7083537530691891,-0.08727771182605466,0.08726123480333411,-0.5636559140913405,0.24984425759416334,0.27352700141637953,-0.34122382126633793,-0.029884541429622685,0.09762510916670948,-0.45123302664558335,0.17961107465856652,0.7501881401005991,-0.5835750931236271,0.4301241442573343
0.11435783734174923,0.04984316209062527,0.0805345565922944,-0.15621207694289185,0.0011112094906121938,-0.3205285191882598,0.06130775205056202,-0.2705813065757884,-0.2616427728945601,0.3274912089059474,0.19498720356333588,0.4802135040823286,0.3752946494319451,-0.2433355768971114,-0.07063821198565796,0.05167535276924173,-0.28718533956354597,-0.10926862637028707,0.16742489740371533,0.2252745847411398,0.2297401439532715,0.8636563012410791,0.16416598426387768,-0.020791157790933715,-0.15250412400231572,-0.033998485142657346,-0.12479547017552779,-0.061935685124924124,-0.09697247505674943,-0.10443454043947518,0.3823638735139969,-0.035294284191280584,0.09288043885806439,-0.060656372108600996,-0.2536944793514965,0.6060552515768616,-0.19778354378634172,0.04220769004353403,-0.10654428995443128,-0.45174475140631015,-0.13001241483284487,0.20647350328309036,-0.13955576002350215,-0.10203080986147049
0.6834368865081357,-1.306753111929086,-0.5864501016517448,-1.3504483713904167,-0.9841846998490607,-1.6564624202524214,-1.1600775739174172,-1.6736576344432057,-0.044477268331291155,2.9681435797518976,0.8083417470445017,1.8357170863236052,1.0942700402418326,-1.2634596084280016,-0.7916006454169042,-0.37634227636698375,-1.6395002397596303,-0.27014857332909487,-0.03414870819151215,0.9157863102769456,0.8636563012410791,4.095957440904531,1.2272736739897225,-0.5595771449305352,-0.3342049846582838,-0.027022116751864243,-1.1047333009888134,-0.16787236206270648,-0.1362207472949563,-0.7723364685994178,1.632648139990292,-0.3661974441154935,0.425887679251057,0.8201712815465644,-0.622469888266822,2.9354244517177315,-1.0440950719317301,-0.36209655009472014,-0.8489610325334057,-1.7967249896315414,-0.11444313069133256,0.21418878501112398,-1.0295555610438176,-0.4071036137039786
0.3835988741493015,-0.9977356978717115,-0.4384949136065012,-0.7839561276386795,-0.5202178852561388,-0.6117615342640879,-0.8621175574594087,-0.35781395370334385,0.6369930796028962,1.3469272790092806,-0.010758281599590766,0.28514364596830094,0.19922220280314504,-0.181919119679246,-0.378590253300414,-0.21775392953769782,-0.2578989728077327,-0.10194849336478723,-0.49818809618202037,0.27374111612272983,0.16416598426387768,1.2272736739897225,0.5846165210265395,-0.40134048967713193,-0.033383112823371044,-0.0037821554832688105,-0.379091578483861,-0.006983636869931661,0.1652344278062118,-0.4592946900009693,0.5488725177015391,-0.20813631145675135,0.1165427668378266,0.4614169372417454,0.2602580236812475,0.7440979864755085,-0.4106431044325295,-0.35857933585470114,-0.29717318072308235,-0.3921243700883461,0.2965522822658636,-0.004997455185867612,-0.6372298344285916,0.13823020456397841
-0.3241151535437548,0.784110001802077,0.29304277820190144,0.6230170059281294,0.29042505076093883,0.36783428367962356,0.649281895064862,-0.040500395661862684,-0.7200616607439134,-0.8214098649163911,0.2303244090201991,0.052697945579177466,-0.08073795616800332,-0.12501431388745757,0.23376511485873294,0.09771619871212786,-0.15372620306957502,0.10813330319264264,0.5610853283174254,-0.14912522926736915,-0.020791157790933715,-0.5595771449305352,-0.40134048967713193,0.33229355449021963,0.015408861171947534,0.01976670621646189,0.13419971586594265,-0.017640085373217127,-0.22050900612196903,0.38374016836309915,-0.3380528393922627,0.15713412914980734,-0.04495281504993372,-0.23450839225609446,-0.45376174874235214,-0.19826475317768957,0.2641253216449765,0.3118064527355321,0.11945317323177519,0.09491618821642027,-0.37103968212239774,-0.057899587528214336,0.5467904127839991,-0.301309516458543
-0.43622102501312043,-0.627100382838235,-0.8388136988118152,0.33110726375228755,-0.9829559115244949,0.2959683260526817,-0.7917201687763338,-1.1282980574779018,-0.08498468789501684,0.7840114886718046,0.6324660995182899,-0.02351450980965185,-0.924148448329739,-0.8185783147298388,-0.2874892318141732,-0.7669969386349265,-1.2385171713414975,0.5715148460517953,0.20171921394948925,-0.35679042074279493,-0.15250412400231572,-0.3342049846582838,-0.033383112823371044,0.015408861171947534,0.5218586107760396,0.23874454239569473,-0.7086520621450701,0.09639560799286871,-0.11873118706809581,0.36545098534281456,-0.6931458798357846,0.00936581605334262,-0.02518894783441228,1.255719800619409,-0.4694360932560003,0.36319972769601483,0.23684214921745378,-0.13189732416905908,-0.42752236188115833,0.2743020091522692,-0.2356836428519159,-1.2204802171439024,0.5797319011583082,-0.7652109961356433
-0.21693033774798237,-0.27481723038411965,-0.4010876947768977,0.16865466869994175,-0.4909217279222673,0.10601919111965598,-0.3637990000142613,-0.6351922342901498,-0.1297580832268645,0.4288354990068051,0.3745636081763943,0.08551295743965256,-0.4042819280570357,-0.4748480837000911,-0.15074270265364145,-0.3792881534069774,-0.7006667163334409,0.2769922742644709,0.16346715519346441,-0.14601428499624533,-0.033998485142657346,-0.027022116751864243,-0.0037821554832688105,0.01976670621646189,0.23874454239569473,0.11715206826000377,-0.38255689779378466,0.03630614688227999,-0.09089754791672658,0.18518763241628206,-0.2963991506496915,0.0053107949307433745,0.0034911182591139374,0.6220244625545366,-0.31296519386100424,0.29774351675881133,0.09502545829087386,-0.044348300856189356,-0.2352009877673179,0.05580030349856651,-0.1645766499905185,-0.5889163257870477,0.296217283418253,-0.42767550132244114
0.4967449273005308,1.3922461700913344,1.5500081276196764,-0.11052727550012703,1.9600957195528923,0.14732202612179762,1.6312302978163402,2.5860179534616017,0.3460459245418365,-2.367023269190103,-1.4464963791272059,-0.7809019486743467,1.0488192327148835,1.9228418411341446,0.7554104604957766,1.3912302679083492,2.780120960571649,-0.8425115979953887,-0.46057803299204964,0.2191175600096318,-0.12479547017552779,-1.1047333009888134,-0.379091578483861,0.13419971586594265,-0.7086520621450701,-0.38255689779378466,1.6058734493479283,-0.07907799935323569,0.310635359908449,-0.3576936608913839,0.5032317429397091,0.10449055955136738,-0.13347756650141318,-2.3476983510036034,1.1577412113518322,-1.8273603051268261,0.0029045463186252794,0.29291055587007725,1.0383410051589577,0.31513457841272313,0.5318259492538762,1.9131712649920438,-0.6377685057989638,1.5062226834612698
-0.056085120776044134,-0.14737857188563,-0.1463499591322926,0.02932915647335919,-0.15006148566975594,0.07374629476338512,-0.1615951343114712,-0.09431775761960158,0.08920702816983098,0.09903166512357586,0.030143555770417666,-0.09762244154474131,-0.18693157717355427,-0.05274568274996526,-0.04081252758463697,-0.11760626171099604,-0.09771812721521983,0.08821587887821628,-0.04473135295853893,-0.078886862656601,-0.061935685124924124,-0.16787236206270648,-0.006983636869931661,-0.017640085373217127,0.09639560799286871,0.03630614688227999,-0.07907799935323569,0.025886090576237492,0.018449126397938168,0.04081433314244459,-0.139676181794682,-0.003163464869689953,-0.017763006266070625,0.19322628120817995,0.01820435518890521,-0.05306319570542536,0.04997069154797275,-0.04727549122443981,-0.04463787339881244,0.11484963550185845,0.019974686220802954,-0.19550916451374165,0.06399617586459767,-0.06001443147576434
0.3246976355709968,-0.3096080233179928,0.09828578997741853,-0.45317684567832595,0.22370444544381038,-0.13460188108350615,-0.15350539050494322,0.7256896104663103,0.7371993484764877,-0.02477701487168921,-0.5837378233498111,-0.39746835818066795,0.16548559364273122,0.6292838720605797,0.017680580189205247,0.22476000131954496,0.8649588184413264,-0.23746943831203476,-0.604842553927146,0.08390309454782412,-0.09697247505674943,-0.1362207472949563,0.1652344278062118,-0.22050900612196903,-0.11873118706809581,-0.09089754791672658,0.310635359908449,0.018449126397938168,0.2792165658308939,-0.3425950193920843,0.23811620838429776,-0.08540888050300474,-0.030013889168844763,-0.33440622631572803,0.7133245811884554,-0.4891756169010191,-0.13231106774196427,-0.19128106102048534,0.18478878901403958,0.16510157659580038,0.4596919482842415,0.40876962636380265,-0.5213984784442378,0.6188453322697213
-0.659421171920431,0.4532415167745526,-0.24685144357107686,0.919671555057092,-0.3594981852304642,0.5883348866226257,0.1876183233881313,-0.8655407265326629,-0.9029021186840861,-0.34480978067284757,0.7245939040254453,0.09639037290421934,-0.6967585308024087,-0.7410857579127299,0.05560434097723283,-0.4204088575583864,-1.0719916821641087,0.510721274269258,0.7944865494408994,-0.39289095655544665,-0.10443454043947518,-0.7723364685994178,-0.4592946900009693,0.38374016836309915,0.36545098534281456,0.18518763241628206,-0.3576936608913839,0.04081433314244459,-0.3425950193920843,0.6787875856882167,-0.8255603107262468,0.18020131401941394,-0.058854713487644074,0.6068620765811531,-0.8701185294885465,0.09515112261928306,0.4425719170446918,0.2647144414302454,-0.17535160242618383,0.2502370849107855,-0.5988044774018833,-0.897271676946055,1.0094433156950813,-0.8879019109104018
0.8532334231919053,-0.01988810413122652,0.6774309541908798,-1.0551742379455646,0.758844287322509,-0.9318709300450942,0.2841133345400799,0.970488313776903,0.5141407841563547,0.22860362896769237,-0.6951790921843006,0.40459793395811167,1.3713064333138847,0.7495102391646321,0.021921881448352484,0.7550737184464541,1.1732804016895448,-0.792276447897722,-0.5744273829873994,0.7083537530691891,0.3823638735139969,1.632648139990292,0.5488725177015391,-0.3380528393922627,-0.6931458798357846,-0.2963991506496915,0.5032317429397091,-0.139676181794682,0.23811620838429776,-0.8255603107262468,1.3731189340168326,-0.18498933885869695,0.15122236310447715,-1.1470801991314932,0.6780602276538226,0.3467429174020159,-0.6647141984662333,-0.1100922580461731,0.23996645652423698,-0.7770212330657447,0.46882186323905967,1.5088149459750833,-1.2297445991848768,0.9817866962706387
-0.15132840850989338,0.38105220807204043,0.15509209943374516,0.3002137500931709,0.16982813986696527,0.2045259663646394,0.3225009667256212,0.057339370182351634,-0.29758674228943943,-0.45512505634642764,0.058791139897515686,-0.03930327356216916,-0.055630548333982795,0.0032891845078569424,0.1288567964346719,0.06558350371627633,0.010783887357063463,0.04502685883560422,0.2319316521263661,-0.08727771182605466,-0.035294284191280584,-0.3661974441154935,-0.20813631145675135,0.15713412914980734,0.00936581605334262,0.0053107949307433745,0.10449055955136738,-0.003163464869689953,-0.08540888050300474,0.18020131401941394,-0.18498933885869695,0.07791291307489441,-0.03274347584533042,-0.14530805822917345,-0.16099925738928644,-0.18744811793288066,0.1415536605945034,0.1443916970518125,0.08525186626403897,0.0958333808191226,-0.14724381834933128,-0.012024258643579346,0.2537796911052211,-0.09982346030716777
0.050318542144893015,-0.11958944403509486,-0.06910262144546343,-0.11221979406120196,-0.11743543636960967,-0.16123176989009577,-0.11423484748402955,-0.21619602879766656,-0.04522946839753367,0.30908448936889227,0.1175734636381121,0.20946073571488946,0.09888832643545271,-0.16752461809906014,-0.08349075046234661,-0.05445976669728904,-0.22112777750258295,-0.01233121983101981,0.030406944710835247,0.08726123480333411,0.09288043885806439,0.425887679251057,0.1165427668378266,-0.04495281504993372,-0.02518894783441228,0.0034911182591139374,-0.13347756650141318,-0.017763006266070625,-0.030013889168844763,-0.058854713487644074,0.15122236310447715,-0.03274347584533042,0.04551691935257389,0.10791836419672893,-0.10483541924293399,0.32983962827784485,-0.09845226088262947,-0.027149613083946186,-0.09919878097803386,-0.19222592908642522,-0.037994599277709686,-0.0057154444128433134,-0.07461088844194443,-0.07897874915440811
-0.8402555251148327,-2.3154027327747944,-2.515731206906355,0.24800258961754218,-3.056775364044014,0.07430494589207087,-2.673595843227029,-3.6641268804681797,-0.12863695024270932,3.39696964115124,1.9688688672725194,0.6564507479454439,-2.0167810368048977,-2.662465059623781,-1.1170953780190949,-2.208935454121799,-3.925362566690396,1.399519418973098,0.43418308256989946,-0.5636559140913405,-0.060656372108600996,0.8201712815465644,0.4614169372417454,-0.23450839225609446,1.255719800619409,0.6220244625545366,-2.3476983510036034,0.19322628120817995,-0.33440622631572803,0.6068620765811531,-1.1470801991314932,-0.14530805822917345,0.10791836419672893,3.709892282889637,-1.4252716653528819,2.1606841901057954,0.17496289280247795,-0.5453833929749771,-1.4942864208997597,0.005381298069452024,-0.613999567641237,-3.1597301156192215,1.0507269458654482,-2.152788082699542
0.8698545410086272,-0.2907890658726369,0.6673045225576594,-1.0464885587760935,1.0661334032415895,-0.25914896900210155,0.12623236497365137,2.3697899121704027,1.7494154242902182,-0.7373842733870458,-1.7230707772952776,-1.115180840580682,0.67233157942944,1.9625453805926103,0.25700255252259985,0.9038985883839015,2.736478291353027,-0.7746996395312066,-1.4861942854073393,0.24984425759416334,-0.2536944793514965,-0.622469888266822,0.2602580236812475,-0.45376174874235214,-0.4694360932560003,-0.31296519386100424,1.1577412113518322,0.01820435518890521,0.7133245811884554,-0.8701185294885465,0.6780602276538226,-0.16099925738928644,-0.10483541924293399,-1.4252716653528819,1.9305068266795589,-1.6193820723013512,-0.2949323695409178,-0.3431446883213256,0.7122104890421309,0.45935572450471046,1.181724485613343,1.4667140858553473,-1.3514926107070067,1.8192846673887988
-0.21393136144239097,-1.3012802894026367,-1.351483271020759,-0.2717300244128606,-1.9155201846270877,-0.8481642257492945,-1.499471799120573,-3.0685747707466042,-0.8308995498800253,3.044641196783007,1.7926575636822977,1.7636780618103143,-0.2162351654336356,-2.363557711997281,-0.8982827365135394,-1.244545948573536,-3.2838103129208047,0.5749958659128144,0.7549547008533243,0.27352700141637953,0.6060552515768616,2.9354244517177315,0.7440979864755085,-0.19826475317768957,0.36319972769601483,0.29774351675881133,-1.8273603051268261,-0.05306319570542536,-0.4891756169010191,0.09515112261928306,0.3467429174020159,-0.18744811793288066,0.32983962827784485,2.1606841901057954,-1.6193820723013512,3.0645586287369726,-0.44009637441462235,-0.21781894103162813,-1.2391774510902447,-1.2667400298744749,-0.7603703419643727,-1.4094989523895565,0.27900745449344827,-1.6484325934497823
-0.42173520859098984,0.3969695608799705,-0.040567696860076344,0.6449187342593284,-0.02834786813665627,0.5494668307772158,0.2488302553017104,-0.13981524836017775,-0.39271953137566307,-0.6240372601332353,0.20555783467646802,-0.2690042793313936,-0.5257622279794585,-0.14284582856119765,0.1474269605028573,-0.1500272750755793,-0.24081616846232892,0.291330915423082,0.36260612791868335,-0.34122382126633793,-0.19778354378634172,-1.0440950719317301,-0.4106431044325295,0.2641253216449765,0.23684214921745378,0.09502545829087386,0.0029045463186252794,0.04997069154797275,-0.13231106774196427,0.4425719170446918,-0.6647141984662333,0.1415536605945034,-0.09845226088262947,0.17496289280247795,-0.2949323695409178,-0.44009637441462235,0.3802096276712644,0.17268459580195625,0.05028823856471101,0.4235690626052917,-0.2528992501133737,-0.476051228288542,0.6392764222896257,-0.3502192805456866
-0.18905566449784605,0.9128837010108892,0.4987390105246368,0.49727983900614714,0.5244182829618294,0.24496492198854547,0.826261788655387,0.21604514163934155,-0.6950782752828953,-0.9485553022867418,0.0824281517074933,0.10642231049899073,0.19329905632959654,0.05999171918072757,0.2884469395257537,0.29088262958814903,0.13332053311596212,-0.05122293481439704,0.5039017577788009,-0.029884541429622685,0.04220769004353403,-0.36209655009472014,-0.35857933585470114,0.3118064527355321,-0.13189732416905908,-0.044348300856189356,0.29291055587007725,-0.04727549122443981,-0.19128106102048534,0.2647144414302454,-0.1100922580461731,0.1443916970518125,-0.027149613083946186,-0.5453833929749771,-0.3431446883213256,-0.21781894103162813,0.17268459580195625,0.336428048200683,0.21015102503696823,-0.02482763588713366,-0.3095663461642004,0.27172204276637557,0.3637588194253549,-0.10718568370889622
0.26746106637146644,0.948338951929649,0.9954103103771894,0.009683506708865544,1.2623953517852626,0.16548320647284123,1.084298334949261,1.654204316578632,0.17598984432579193,-1.608362048193223,-0.9101563045727978,-0.5405726549475801,0.6101584855636542,1.2252627715476572,0.5064845861916362,0.8794850928413867,1.7672163857696446,-0.5071783821396276,-0.25328697086262403,0.09762510916670948,-0.10654428995443128,-0.8489610325334057,-0.29717318072308235,0.11945317323177519,-0.42752236188115833,-0.2352009877673179,1.0383410051589577,-0.04463787339881244,0.18478878901403958,-0.17535160242618383,0.23996645652423698,0.08525186626403897,-0.09919878097803386,-1.4942864208997597,0.7122104890421309,-1.2391774510902447,0.05028823856471101,0.21015102503696823,0.6781090121084046,0.259269809674924,0.31225426212043217,1.1749489308098011,-0.33087275210992356,0.9293262608021268
-0.2553444070621518,0.06848902624145568,-0.06101445140369655,0.39539405859399285,0.10590222668213224,0.683114122093704,0.03462325515494251,0.6020330523702236,0.4077211085241219,-0.8383382416754803,-0.3896374585568167,-0.9473890117799604,-0.7056442951310886,0.5150333724299397,0.197820938095975,-0.03946290158439839,0.6242327864476411,0.20168612259031546,-0.2531083041038518,-0.45123302664558335,-0.45174475140631015,-1.7967249896315414,-0.3921243700883461,0.09491618821642027,0.2743020091522692,0.05580030349856651,0.31513457841272313,0.11484963550185845,0.16510157659580038,0.2502370849107855,-0.7770212330657447,0.0958333808191226,-0.19222592908642522,0.005381298069452024,0.45935572450471046,-1.2667400298744749,0.4235690626052917,-0.02482763588713366,0.259269809674924,0.9014967180886232,0.21271763470278235,-0.34739870622005786,0.33448369693382923,0.20036983284380847
0.572922422152897,-0.48766274325509035,0.20608332350997619,-0.7885045235492945,0.41190645001420245,-0.27359189742197265,-0.2195970935226422,1.2253698298734983,1.2057087464890195,-0.03334558736624688,-0.9772253089344277,-0.6085012853340045,0.35478629321099875,1.0555686921992118,0.03236412365454323,0.4111304715713941,1.4601487892227367,-0.43160489217660375,-0.9995482913930381,0.17961107465856652,-0.13001241483284487,-0.11444313069133256,0.2965522822658636,-0.37103968212239774,-0.2356836428519159,-0.1645766499905185,0.5318259492538762,0.019974686220802954,0.4596919482842415,-0.5988044774018833,0.46882186323905967,-0.14724381834933128,-0.037994599277709686,-0.613999567641237,1.181724485613343,-0.7603703419643727,-0.2528992501133737,-0.3095663461642004,0.31225426212043217,0.21271763470278235,0.7630199063352754,0.7542545158006198,-0.9109307803409912,1.0526099007048075
1.0652676966882335,1.4900584090961253,2.063697279066332,-0.7922246955802342,2.499962787890707,-0.5398539657546284,1.9187306530945498,3.132975650670949,0.5113688130117758,-2.1993627019324093,-1.8136609996410262,-0.33927344789854946,2.0812035815686065,2.3221260213360626,0.7733003495773713,1.9228786449174093,3.442271065025272,-1.3946110260929627,-0.7176186851787026,0.7501881401005991,0.20647350328309036,0.21418878501112398,-0.004997455185867612,-0.057899587528214336,-1.2204802171439024,-0.5889163257870477,1.9131712649920438,-0.19550916451374165,0.40876962636380265,-0.897271676946055,1.5088149459750833,-0.012024258643579346,-0.0057154444128433134,-3.1597301156192215,1.4667140858553473,-1.4094989523895565,-0.476051228288542,0.27172204276637557,1.1749489308098011,-0.34739870622005786,0.7542545158006198,2.9815995655736893,-1.4392137422156854,2.087952686999078
-0.9922553188721459,0.5579066961964174,-0.4706982832477053,1.3408246849396264,-0.6642954857487932,0.8391167341337618,0.1547074809052581,-1.448424162515786,-1.3399719978917324,-0.3238121974165468,1.1593325092567248,0.20374898841063763,-1.0814513757585,-1.2199010526055971,0.024612748961460387,-0.7111130858658367,-1.762666636900815,0.8007338986875064,1.189155463133198,-0.5835750931236271,-0.13955576002350215,-1.0295555610438176,-0.6372298344285916,0.5467904127839991,0.5797319011583082,0.296217283418253,-0.6377685057989638,0.06399617586459767,-0.5213984784442378,1.0094433156950813,-1.2297445991848768,0.2537796911052211,-0.07461088844194443,1.0507269458654482,-1.3514926107070067,0.27900745449344827,0.6392764222896257,0.3637588194253549,-0.33087275210992356,0.33448369693382923,-0.9109307803409912,-1.4392137422156854,1.5112489373089184,-1.4006034904386075
0.9546618780644065,0.41740371679911764,1.2379759248745053,-0.9476787028572953,1.6712549129112393,-0.33816301436305735,0.847505646886712,2.7677744951566075,1.3214016760595355,-1.3879830511066338,-1.8239104397582384,-0.8871066546978216,1.2109036285558386,2.1842534204327047,0.4811968075413656,1.3310531808061188,3.121966888618121,-1.0297587898838338,-1.2302956334405237,0.4301241442573343,-0.10203080986147049,-0.4071036137039786,0.13823020456397841,-0.301309516458543,-0.7652109961356433,-0.42767550132244114,1.5062226834612698,-0.06001443147576434,0.6188453322697213,-0.8879019109104018,0.9817866962706387,-0.09982346030716777,-0.07897874915440811,-2.152788082699542,1.8192846673887988,-1.6484325934497823,-0.3502192805456866,-0.10718568370889622,0.9293262608021268,0.20036983284380847,1.0526099007048075,2.087952686999078,-1.4006034904386075,1.9832160406387151
