V1,V2,V3,V4,V5,V6,V7,V8,V9,V10,V11,V12,V13,V14,V15,V16,V17,V18,V19,V20,V21,V22,V23,V24,V25,V26,V27,V28,V29,V30,V31,V32,V33,V34,V35,V36,V37,V38,V39,V40,V41,V42,V43,V44
2.438576053936979,-3.5280908903449855,-0.7247479016425096,-4.106522011637318,-0.8271204827101221,-3.1878859456776514,-2.7177149994134724,0.1430726845840426,3.0175629264139627,4.882786743589159,-0.9516350815849622,1.4020678070312973,2.317449195594851,0.40399265999952394,-1.240005031255361,0.19624687024469778,0.6581039279189287,-1.3485062387550932,-2.523140790640787,1.7587793778980727,1.042548896154179,6.042499833750328,2.707519120612713,-1.8389937418522448,-0.8959026529957823,-0.4377419602617928,-0.6402141889742323,-0.16407215015246468,0.9765732436472196,-2.582696260153146,3.5944761112443335,-0.9209002165774282,0.6564156133713176,0.23950349459051787,1.8030663226879082,2.8538729606487703,-2.2712026880247937,-1.3964444003867378,-0.7338371603198531,-2.305973011628046,1.6719684148356673,1.8474802236303745,-3.778932731194098,1.7468413750143132
-3.5280908903449855,6.5916307615251615,1.760882077612221,6.299478332662975,2.0538745776761864,4.573299549754674,5.151844607964254,-0.12362698001841359,-5.725568999760849,-8.005043709394684,1.948749760671269,-0.9193334332676886,-2.4443068536315673,-0.9046347715556261,2.2772658259524823,0.30847616787254517,-1.2148574023237309,1.6239863708419313,4.673048527989917,-2.2531355420283803,-0.958751548207328,-8.093151699376264,-4.1254663868293955,3.109266844111927,1.0008641171815986,0.39834804020335823,1.1973444431597484,0.1017514624261364,-1.7142609140131735,4.019009109929474,-4.661094793396619,1.6571465878807392,-0.6650523232461031,-1.0125690999729868,-3.6292863373454862,-3.4550350842535753,3.054195026715634,2.6864794499073734,1.0736932554378154,2.393208228653486,-3.099634683876817,-1.942869598705365,5.771991933701944,-2.8195971929910884
-0.7247479016425096,1.760882077612221,0.9043184078947204,1.3946304121686204,0.674721731060181,0.7239667450911769,1.5619247369888956,-0.17525091642477236,-1.6521684839385684,-1.8317117498719175,0.4086641832540801,0.004960039958821381,-0.14389278371974085,-0.20071755950085832,0.36686457733925765,0.18506357434324464,-0.4059634521796136,0.2704934965525025,1.263919155367572,-0.3300758433535371,-0.04998286347840305,-1.016065769288635,-0.9361235054354553,0.676748560977917,-0.07489911967442466,0.05237019520370287,0.28158749177360837,-0.04479111257145628,-0.5452767800177472,0.8773913284089877,-0.6781085208558759,0.1735229195349258,-0.12124455907218128,-0.7832984809783659,-1.0142416766519404,-0.4251074407957914,0.6845407919966091,0.6012379391382511,0.3744877005536057,0.17517749728847212,-0.8550323233488761,-0.013477511917693145,1.1448394308379668,-0.7792444772220695
-4.106522011637318,6.299478332662975,1.3946304121686204,7.251726306461375,1.6040351589862152,5.553470343696615,4.970838685417604,-0.07241429880576156,-5.425625316186909,-8.472462016778222,1.9218566637804642,-2.096180154830907,-3.886415255239933,-0.7287232381618494,2.2439746864764984,-0.25373541276080447,-1.0774398285731333,2.1765154708282544,4.513108199818363,-2.797758691797099,-1.681076368470566,-9.97171099222572,-4.503997075751418,3.16882990705612,1.4120946773913297,0.8035411194295919,1.0782106193673113,0.34904812340874447,-1.7274152362440114,4.331430148299354,-5.97832481858119,1.6016038996124025,-1.1747032955141101,-0.6172183158037092,-3.1652270881510565,-4.622653362389075,3.7194208285919172,2.886445578097588,1.0122422322196303,3.7076840839089873,-2.8353610754484593,-2.9597944459168684,6.369412787144984,-2.807115303281386
-0.8271204827101221,2.0538745776761864,0.674721731060181,1.6040351589862152,0.846956760633174,1.1592538105375927,1.62012110566329,0.03790057634964045,-1.8071240537998756,-2.156255462949138,0.6909478621818933,0.1714221506208038,-0.32181836108963835,-0.31468132614840183,0.7115730729402671,0.31399524831988845,-0.3656984474424084,0.3271075104391803,1.5474462837213852,-0.43591742694056157,2.1231792392393625e-4,-1.6412686866533015,-1.0817751339865436,0.8915265452175007,0.09641859353134756,-0.006152902645296029,0.36307664508514953,-0.0039085599738224695,-0.55224368163037,1.0661008935215706,-0.9692177516983184,0.42922742140040065,-0.10834719069905271,-0.49494106049898373,-1.1870652789474565,-0.6239838184930361,0.6056416795166994,0.8884097578073202,0.24872039798766435,0.26142258792118317,-0.931093987560533,-0.23373279884232964,1.417726529652895,-0.7614475275408834
-3.1878859456776514,4.573299549754674,0.7239667450911769,5.553470343696615,1.1592538105375927,4.822283763652807,3.4134832194318925,0.1949243158822385,-3.7588414840800244,-6.463127052387285,1.5874044273103471,-1.8826201104039841,-3.585597643149941,-0.5059242174673114,1.7900915388653857,-0.3518346767040411,-0.8812235635042364,1.890382685827662,3.4588482231733706,-2.460279834173142,-1.3319966660646863,-8.42744327569307,-3.5510025087836556,2.371691831901897,1.3838742271814373,0.5474112964224743,0.7384507223227605,0.43870417263039196,-1.158771676634204,3.542840607416177,-4.978011220792289,1.2090461508952908,-0.8668118921366377,-0.021791778950100534,-2.36482451253188,-3.997202507908719,2.8335260869583037,2.272014915109245,0.6276463505616379,3.086303833406736,-2.0403322162197526,-2.722924613270041,4.939481855689728,-2.221211055568806
-2.7177149994134724,5.151844607964254,1.5619247369888956,4.970838685417604,1.62012110566329,3.4134832194318925,4.188644043015917,-0.14872984766768912,-4.576567498175457,-6.166813609935597,1.4957272417948602,-0.6735980606389776,-1.7806655232109516,-0.6856579183568944,1.675645644852331,0.23488341757016265,-0.9072667734496234,1.2085379353503114,3.6498681305025342,-1.6054354430803013,-0.7481097814697842,-5.8541333058050835,-3.138348759940849,2.368959741035961,0.5997154616682815,0.3841906139783166,0.9046298103477457,0.0730755325927111,-1.4142872718499815,2.9971061419758582,-3.4927650300833823,1.1714303114401854,-0.6163775796174166,-1.0749088976591754,-2.7690567935074486,-2.530720625857988,2.3772323513953504,2.178571699700959,0.8339097884400706,1.8021389176399039,-2.3746713782786166,-1.3374692853655288,4.371979269391823,-2.1132403396288124
0.1430726845840426,-0.12362698001841359,-0.17525091642477236,-0.07241429880576156,0.03790057634964045,0.1949243158822385,-0.14872984766768912,0.2665537076427428,0.18446523632293707,0.1635182580209068,0.21101750651328194,0.15710596132280796,-0.12501258525410947,-0.00254544749269564,0.09515327228677596,-0.006396832906712853,0.05407135952655712,-0.05974859856668665,-0.006830106963707203,0.05776287113779688,0.0956606690701317,0.0732053045527135,0.17422085798895026,-0.08182576044809797,0.06136333796821861,-0.027755273576820984,-0.07246579159650864,0.11629165638976262,0.11434887983253969,-0.07863326539091933,0.07857041373530324,0.022342384155479282,0.03639575856014533,0.16771916797537192,0.057644548852033614,0.07757449467881286,-0.24665793344782552,0.29333621300367413,-0.2810298626302827,-0.14113740528291152,0.16084836098549496,-0.025463952158146713,-0.19030314852422883,0.19349317475623856
3.0175629264139627,-5.725568999760849,-1.6521684839385684,-5.425625316186909,-1.8071240537998756,-3.7588414840800244,-4.576567498175457,0.18446523632293707,5.065901887120679,6.844192083583548,-1.631194524087467,0.7031932246847311,1.9182209954862548,0.7905971742282825,-1.919295919774888,-0.32484824211534835,0.9990080736977546,-1.3509417439838318,-4.064854528657315,1.816846186122479,0.7993971846452236,6.604406386186609,3.525548462014891,-2.690454145958884,-0.7086052784536508,-0.37199861320452965,-1.048990761055391,-0.03566250136699089,1.5609296451203016,-3.3628985520794954,3.905274510574637,-1.377056645875471,0.6329675176856253,1.082881674605609,3.110025092557745,2.8313418323485933,-2.6261955419329714,-2.303660476931897,-0.9811415006863952,-2.004142920840848,2.667745646672192,1.5141225773479985,-4.896646039742797,2.3723587744992836
4.882786743589159,-8.005043709394684,-1.8317117498719175,-8.472462016778222,-2.156255462949138,-6.463127052387285,-6.166813609935597,0.1635182580209068,6.844192083583548,10.484453723376035,-2.322700818951108,2.155735174232478,4.206360609142854,1.0067411721553237,-2.8186875758036654,0.08474972039317884,1.5426628382659393,-2.5003999308653264,-5.679992272973675,3.422358765471605,1.7536369515758743,11.933823180278257,5.549668561287697,-3.9515644228537834,-1.7354527357590892,-0.6939396682722109,-1.4364302512366391,-0.2859715899077055,2.0498295318478,-5.4390628697379375,6.883039176765393,-2.1007105647234496,1.0511595136483227,0.7784426979853103,4.308778706259859,5.365060474879418,-4.417395932324146,-3.258845845851173,-1.4061589337288976,-3.9959890744858955,3.785475308966473,3.310883061260541,-7.7996811043853755,3.724861066831002
-0.9516350815849622,1.948749760671269,0.4086641832540801,1.9218566637804642,0.6909478621818933,1.5874044273103471,1.4957272417948602,0.21101750651328194,-1.631194524087467,-2.322700818951108,0.8416513407353936,-0.09641352897001393,-0.8547393308240172,-0.2719166601922743,0.8184812974296719,0.12284278217580452,-0.2905998334758142,0.4328658243426775,1.4415768010958787,-0.58024961234982,-0.20400757821374493,-2.3640443879082067,-1.0844666559730296,0.896933233110335,0.33823383146548247,0.1252742944836706,0.3072260241045089,0.14050393338172576,-0.4500410417852395,1.139766644720847,-1.3494894895967093,0.5408162174712613,-0.20279631818632377,-0.17597280355898876,-1.0402439689994156,-0.944033864477268,0.6912314881891614,1.159604540154918,0.030910550466540697,0.5975547538714905,-0.787006455353699,-0.5940198004736591,1.5851295596831276,-0.637745866902456
1.4020678070312973,-0.9193334332676886,0.004960039958821381,-2.096180154830907,0.1714221506208038,-1.8826201104039841,-0.6735980606389776,0.15710596132280796,0.7031932246847311,2.155735174232478,-0.09641352897001393,1.7474550241429958,2.0970659746851448,-0.04549194470468599,-0.24685887810326385,0.6380820127307535,0.30004959719073293,-1.0486968469264752,-0.698519112127768,1.3045750681184136,1.021942582489192,3.9516052932231784,1.430186515408226,-0.6557793442979183,-0.7513756885375407,-0.4019500265117703,-0.11998683791297082,-0.22615300956685835,0.3170261650097325,-1.3513987246806323,2.428721565220697,-0.17365274900789623,0.5472808004493162,-0.2671089143452406,0.31861400623981795,2.177868408849081,-1.5469944327169733,-0.26958476828534267,-0.4263416420355737,-1.9729431884268573,0.4914673484587103,1.5937259769342695,-1.9164202417501828,0.9125882379213444
2.317449195594851,-2.4443068536315673,-0.14389278371974085,-3.886415255239933,-0.32181836108963835,-3.585597643149941,-1.7806655232109516,-0.12501258525410947,1.9182209954862548,4.206360609142854,-0.8547393308240172,2.0970659746851448,3.275131581262728,0.14721218272943443,-0.9912174997183285,0.6561211907318417,0.5170379707467555,-1.5919242193395478,-1.9277073699695328,1.991159336105771,1.3193459490529904,6.545408640362639,2.45536451180225,-1.4406110079521475,-1.2125862784685155,-0.5415217737452612,-0.34493971389874994,-0.4330495371745906,0.6476291798223076,-2.4542606893596957,3.95094407961218,-0.6399952431488745,0.795968904887824,-0.35153230085813847,1.103700136858319,3.3315101001445826,-2.236376727249758,-1.3065187585320253,-0.3898324701438033,-2.7874825923765156,1.0497535911047375,2.4233951833472838,-3.372990140681899,1.4468426440857212
0.40399265999952394,-0.9046347715556261,-0.20071755950085832,-0.7287232381618494,-0.31468132614840183,-0.5059242174673114,-0.6856579183568944,-0.00254544749269564,0.7905971742282825,1.0067411721553237,-0.2719166601922743,-0.04549194470468599,0.14721218272943443,0.17014610091816934,-0.3424541494129104,-0.11290409441355614,0.14009305326600494,-0.13266067380733765,-0.6324027928056982,0.22853190522927022,0.05292858740022847,0.9054936931896826,0.4903151360403636,-0.4207807835942701,-0.09782010071296778,-0.008464056767441013,-0.18166664472343091,0.020611714837254932,0.21597528241857591,-0.46840449005927776,0.48530415031656043,-0.27280938369780006,0.043145588924071054,0.13333560879237635,0.5237609775562949,0.3367276594731337,-0.3042531024530736,-0.3620446701651252,-0.13327430288677478,-0.1920534997765982,0.43408957582434693,0.16432559836357719,-0.7235782481650774,0.3299065088797244
-1.240005031255361,2.2772658259524823,0.36686457733925765,2.2439746864764984,0.7115730729402671,1.7900915388653857,1.675645644852331,0.09515327228677596,-1.919295919774888,-2.8186875758036654,0.8184812974296719,-0.24685887810326385,-0.9912174997183285,-0.3424541494129104,1.0043516427534847,0.16686932545817054,-0.30503576928375636,0.589423999323901,1.6383720901785348,-0.7989900613905714,-0.3276374109129299,-3.1638321375170704,-1.424154873520023,1.1844572951378254,0.48309913085843414,0.14493881067120765,0.4542461722641843,0.06816116922968797,-0.5433847300071272,1.423071992153892,-1.8044671788995843,0.7706576790770819,-0.22896399124175817,-0.04729767768670297,-1.2266736973634604,-1.2875434450967518,0.9779594312501584,1.0707983764833844,0.24431498225232517,0.9376287330028694,-0.9874298409547579,-0.8372957595019602,2.07592635038982,-0.8310194868760084
0.19624687024469778,0.30847616787254517,0.18506357434324464,-0.25373541276080447,0.31399524831988845,-0.3518346767040411,0.23488341757016265,-0.006396832906712853,-0.32484824211534835,0.08474972039317884,0.12284278217580452,0.6380820127307535,0.6561211907318417,-0.11290409441355614,0.16686932545817054,0.3890375511034474,0.043815394262968266,-0.21922042186928892,0.2423499360945318,0.3194292200159903,0.3378478236650517,0.8006155908012519,0.10450020941990264,0.1224544056671768,-0.23579759712677342,-0.14577081980399925,0.11863939903499443,-0.13785058824068555,-0.10865993496679575,-0.12158758408611721,0.4615208289381914,0.10285950270719055,0.12401071170571283,-0.20067990994688895,-0.21691801288151852,0.5215326023547616,-0.3047853937008381,0.04317576677726592,0.009093786760947855,-0.51191903282209394,-0.11390510052384058,0.45065704246796623,-0.18984433590643857,0.09024196427927378
0.6581039279189287,-1.2148574023237309,-0.4059634521796136,-1.0774398285731333,-0.3656984474424084,-0.8812235635042364,-0.9072667734496234,0.05407135952655712,0.9990080736977546,1.5426628382659393,-0.2905998334758142,0.30004959719073293,0.5170379707467555,0.14009305326600494,-0.30503576928375636,0.043815394262968266,0.42569411053817163,-0.3479189766867038,-0.8660619637339733,0.5834664101891947,0.15633417433697874,1.630663180781676,0.8438690344580598,-0.4959722114545438,-0.261362327461698,0.014619544358690072,-0.18565973943470787,-0.04413303784709745,0.24653285954936613,-0.8983459985556658,0.8245071193066255,-0.21705420031751912,-0.01269899083635843,0.20255322703571146,0.8108345724416334,0.7314174867902856,-0.6436832346122912,-0.3530514402286006,-0.28444704443069824,-0.36152906020538933,0.6874265735914696,0.3870929585880705,-1.1033755173137587,0.7817225882352868
-1.3485062387550932,1.6239863708419313,0.2704934965525025,2.1765154708282544,0.3271075104391803,1.890382685827662,1.2085379353503114,-0.05974859856668665,-1.3509417439838318,-2.5003999308653264,0.4328658243426775,-1.0486968469264752,-1.5919242193395478,-0.13266067380733765,0.589423999323901,-0.21922042186928892,-0.3479189766867038,0.903692106299479,1.283283567232085,-1.1046037676169778,-0.6461797161143985,-3.5444615427858617,-1.5248271702769656,0.9332766062883766,0.5776217860159114,0.2383139043360837,0.28612889654659185,0.14480025827296367,-0.48182595975683085,1.4702796899865038,-2.181948046540819,0.3763778130124826,-0.41205581449860657,0.022840492949421927,-0.8108012547514768,-1.807136576789592,1.3093507675082077,0.606839120254261,0.41120504097521243,1.4812157452645205,-0.7607567852599003,-1.2304466612230944,1.9923957627519224,-0.9674300284687014
-2.523140790640787,4.673048527989917,1.263919155367572,4.513108199818363,1.5474462837213852,3.4588482231733706,3.6498681305025342,-0.006830106963707203,-4.064854528657315,-5.679992272973675,1.4415768010958787,-0.698519112127768,-1.9277073699695328,-0.6324027928056982,1.6383720901785348,0.2423499360945318,-0.8660619637339733,1.283283567232085,3.522134367068473,-1.674543427447935,-0.6345928705861235,-5.800329702349749,-3.0359472228662967,2.23935283822789,0.6936012658379362,0.23345408123878741,0.8289084502084123,0.1115787402769138,-1.264943050760568,2.957872948874572,-3.474529899809432,1.065337410340535,-0.536882670818467,-0.7532801722808059,-2.5822024474732164,-2.598043733492149,2.1697931470135967,1.9526993706405495,0.7568464939417284,1.7648933236213922,-2.1387917879047635,-1.4665265533354588,4.048928723867772,-2.024431366759268
1.7587793778980727,-2.2531355420283803,-0.3300758433535371,-2.797758691797099,-0.43591742694056157,-2.460279834173142,-1.6054354430803013,0.05776287113779688,1.816846186122479,3.422358765471605,-0.58024961234982,1.3045750681184136,1.991159336105771,0.22853190522927022,-0.7989900613905714,0.3194292200159903,0.5834664101891947,-1.1046037676169778,-1.674543427447935,1.5321868343204628,0.8078189401785391,4.801555473249872,2.007584750622556,-1.2242770517230313,-0.8597669093858055,-0.24151604511877917,-0.3939667162455949,-0.18498909430436034,0.540274601136004,-2.0033522069192022,2.7526289495332086,-0.6076869634118475,0.36409301857952775,-0.09977329489368598,1.25681725046888,2.3333713567376586,-1.7105422140580548,-0.7923852388260566,-0.5535703457342166,-1.7875858297403744,1.148017956098733,1.5842909190221575,-2.7239352082326853,1.4083015367682625
1.042548896154179,-0.958751548207328,-0.04998286347840305,-1.681076368470566,2.1231792392393625e-4,-1.3319966660646863,-0.7481097814697842,0.0956606690701317,0.7993971846452236,1.7536369515758743,-0.20400757821374493,1.021942582489192,1.3193459490529904,0.05292858740022847,-0.3276374109129299,0.3378478236650517,0.15633417433697874,-0.6461797161143985,-0.6345928705861235,0.8078189401785391,0.7076657629443042,2.7645984068667695,1.017902335891985,-0.5924226177019309,-0.47521671842241053,-0.3274294273560388,-0.15539495047250246,-0.12322286740240035,0.3113744847909855,-0.9262208787105279,1.6852662370591416,-0.27228304921415253,0.4267335193310509,-0.10135568450045362,0.3334902671625466,1.4212641109763102,-1.0629775514553117,-0.4149520831904183,-0.2564691334776415,-1.3368675905185385,0.4489084588378617,1.029119969894555,-1.4932478097484827,0.5730384651029379
6.042499833750328,-8.093151699376264,-1.016065769288635,-9.97171099222572,-1.6412686866533015,-8.42744327569307,-5.8541333058050835,0.0732053045527135,6.604406386186609,11.933823180278257,-2.3640443879082067,3.9516052932231784,6.545408640362639,0.9054936931896826,-3.1638321375170704,0.8006155908012519,1.630663180781676,-3.5444615427858617,-5.800329702349749,4.801555473249872,2.7645984068667695,16.32777667103777,6.667107895308118,-4.427423729428239,-2.8447959391554627,-1.0181178769083978,-1.4841678757687786,-0.5934904473503048,1.9785853755929312,-6.595573627172276,9.380058115092554,-2.482305028578457,1.446559697170068,-0.4168442901179841,4.2301874432771935,7.67256747403717,-5.623960025973985,-3.2989703539096995,-1.5910017171682538,-6.114171692759394,3.8794068328011653,5.284640728615998,-9.462938586554152,4.309245175735059
2.707519120612713,-4.1254663868293955,-0.9361235054354553,-4.503997075751418,-1.0817751339865436,-3.5510025087836556,-3.138348759940849,0.17422085798895026,3.525548462014891,5.549668561287697,-1.0844666559730296,1.430186515408226,2.45536451180225,0.4903151360403636,-1.424154873520023,0.10450020941990264,0.8438690344580598,-1.5248271702769656,-3.0359472228662967,2.007584750622556,1.017902335891985,6.667107895308118,3.1373779964910575,-2.1257447794078606,-0.9699531048195971,-0.36049178158748335,-0.7629252447752323,-0.14203591539285698,1.1288948106733216,-3.022974891372199,3.950891879352898,-1.0181125182960875,0.6260480358481697,0.35379915649625615,2.2274771007530236,3.1461827844914816,-2.5181388275004677,-1.4874672118365793,-0.9177269459369479,-2.403084163367046,1.997214287124271,1.9705036874430037,-4.236114666701191,2.118150913469378
-1.8389937418522448,3.109266844111927,0.676748560977917,3.16882990705612,0.8915265452175007,2.371691831901897,2.368959741035961,-0.08182576044809797,-2.690454145958884,-3.9515644228537834,0.896933233110335,-0.6557793442979183,-1.4406110079521475,-0.4207807835942701,1.1844572951378254,0.1224544056671768,-0.4959722114545438,0.9332766062883766,2.23935283822789,-1.2242770517230313,-0.5924226177019309,-4.427423729428239,-2.1257447794078606,1.6234122107295792,0.6123243676948522,0.24406603289481352,0.6197598355852019,0.041433871693333554,-0.8387719998540694,2.0394145267770964,-2.6212234607341833,0.8969501857030786,-0.399846920143384,-0.26691893515554954,-1.655079476244173,-1.9419564440964519,1.6225341552301638,1.2059848493362821,0.5737826505916163,1.4941551604693497,-1.4275312480787052,-1.1971475152058142,2.9530309719310717,-1.3327599338341352
-0.8959026529957823,1.0008641171815986,-0.07489911967442466,1.4120946773913297,0.09641859353134756,1.3838742271814373,0.5997154616682815,0.06136333796821861,-0.7086052784536508,-1.7354527357590892,0.33823383146548247,-0.7513756885375407,-1.2125862784685155,-0.09782010071296778,0.48309913085843414,-0.23579759712677342,-0.261362327461698,0.5776217860159114,0.6936012658379362,-0.8597669093858055,-0.47521671842241053,-2.8447959391554627,-0.9699531048195971,0.6123243676948522,0.6303800660340547,0.13543488107962584,0.18715728180745747,0.1449013356894693,-0.1427995271861508,1.0446157670206024,-1.5188413102295397,0.44009934230002856,-0.13066321125294003,0.373548787109599,-0.5658780083255418,-1.306188485737633,0.8534602277690998,0.42337828610781186,0.17068253604969472,1.0133045113781962,-0.5039502783710731,-0.9896457652900861,1.4371687084370162,-0.6497708132006291
-0.4377419602617928,0.39834804020335823,0.05237019520370287,0.8035411194295919,-0.006152902645296029,0.5474112964224743,0.3841906139783166,-0.027755273576820984,-0.37199861320452965,-0.6939396682722109,0.1252742944836706,-0.4019500265117703,-0.5415217737452612,-0.008464056767441013,0.14493881067120765,-0.14577081980399925,0.014619544358690072,0.2383139043360837,0.23345408123878741,-0.24151604511877917,-0.3274294273560388,-1.0181178769083978,-0.36049178158748335,0.24406603289481352,0.13543488107962584,0.23005715957125106,0.05382716156317121,0.07267034925155054,-0.16903247511257657,0.28632818487190753,-0.7026686437387579,0.11652763327061631,-0.2610246911827225,-0.02237708156984242,-0.058208423901185476,-0.5173367467797737,0.4233502679867786,0.3124547491407442,0.04307250186848538,0.5951125090320499,-0.12128759955849365,-0.3932124466089717,0.5885751257409126,-0.11295509910636649
-0.6402141889742323,1.1973444431597484,0.28158749177360837,1.0782106193673113,0.36307664508514953,0.7384507223227605,0.9046298103477457,-0.07246579159650864,-1.048990761055391,-1.4364302512366391,0.3072260241045089,-0.11998683791297082,-0.34493971389874994,-0.18166664472343091,0.4542461722641843,0.11863939903499443,-0.18565973943470787,0.28612889654659185,0.8289084502084123,-0.3939667162455949,-0.15539495047250246,-1.4841678757687786,-0.7629252447752323,0.6197598355852019,0.18715728180745747,0.05382716156317121,0.2657908830705499,-0.03369089040848687,-0.31502695570643413,0.7243553821165423,-0.8489050592583978,0.3743885781394126,-0.09392754264397486,-0.1237214403046272,-0.6683545476812772,-0.604079618325933,0.5548256728230317,0.382063214416212,0.25728186712864576,0.44514438974363646,-0.5769637638129773,-0.3405843582052159,1.0756951058648452,-0.5025087949599647
-0.16407215015246468,0.1017514624261364,-0.04479111257145628,0.34904812340874447,-0.0039085599738224695,0.43870417263039196,0.0730755325927111,0.11629165638976262,-0.03566250136699089,-0.2859715899077055,0.14050393338172576,-0.22615300956685835,-0.4330495371745906,0.020611714837254932,0.06816116922968797,-0.13785058824068555,-0.04413303784709745,0.14480025827296367,0.1115787402769138,-0.18498909430436034,-0.12322286740240035,-0.5934904473503048,-0.14203591539285698,0.041433871693333554,0.1449013356894693,0.07267034925155054,-0.03369089040848687,0.1237229679201096,0.005552878319421725,0.18636675684095158,-0.3544665823087881,0.014112099936544319,-0.07559013865399344,0.08912548919638529,-0.033172802432272795,-0.31564400433569567,0.13590458939472821,0.24375286207307112,-0.0892161676090675,0.24619427972151173,-0.003139625930043358,-0.26928240085106153,0.21841279526508997,-0.06849798828278239
0.9765732436472196,-1.7142609140131735,-0.5452767800177472,-1.7274152362440114,-0.55224368163037,-1.158771676634204,-1.4142872718499815,0.11434887983253969,1.5609296451203016,2.0498295318478,-0.4500410417852395,0.3170261650097325,0.6476291798223076,0.21597528241857591,-0.5433847300071272,-0.10865993496679575,0.24653285954936613,-0.48182595975683085,-1.264943050760568,0.540274601136004,0.3113744847909855,1.9785853755929312,1.1288948106733216,-0.8387719998540694,-0.1427995271861508,-0.16903247511257657,-0.31502695570643413,0.005552878319421725,0.5771975457800146,-0.9999165031344897,1.3034367403562013,-0.3270908878583639,0.3309083916662754,0.4176789440982626,0.8346905393283984,0.9330406816147533,-0.8670892832125923,-0.6605357838077539,-0.3468995320534511,-0.7628156537638432,0.7715655982869086,0.5011018181612726,-1.4892731545905056,0.6910970070524401
-2.582696260153146,4.019009109929474,0.8773913284089877,4.331430148299354,1.0661008935215706,3.542840607416177,2.9971061419758582,-0.07863326539091933,-3.3628985520794954,-5.4390628697379375,1.139766644720847,-1.3513987246806323,-2.4542606893596957,-0.46840449005927776,1.423071992153892,-0.12158758408611721,-0.8983459985556658,1.4702796899865038,2.957872948874572,-2.0033522069192022,-0.9262208787105279,-6.595573627172276,-3.022974891372199,2.0394145267770964,1.0446157670206024,0.28632818487190753,0.7243553821165423,0.18636675684095158,-0.9999165031344897,3.023055602070469,-3.7902011553350046,1.0291931105557037,-0.4859714557386268,-0.23018889617560323,-2.2560299407081463,-3.053702331867388,2.3935608943105477,1.5019030467691292,0.8103995595972303,2.212487662731692,-1.953907074148435,-1.9320709283578255,4.09895993426528,-2.111555445992609
3.5944761112443335,-4.661094793396619,-0.6781085208558759,-5.97832481858119,-0.9692177516983184,-4.978011220792289,-3.4927650300833823,0.07857041373530324,3.905274510574637,6.883039176765393,-1.3494894895967093,2.428721565220697,3.95094407961218,0.48530415031656043,-1.8044671788995843,0.4615208289381914,0.8245071193066255,-2.181948046540819,-3.474529899809432,2.7526289495332086,1.6852662370591416,9.380058115092554,3.950891879352898,-2.6212234607341833,-1.5188413102295397,-0.7026686437387579,-0.8489050592583978,-0.3544665823087881,1.3034367403562013,-3.7902011553350046,5.6735993232598645,-1.3065892666556405,1.0715830362533336,-0.06764665661308426,2.2944299600406537,4.555719900695072,-3.3600202200226703,-1.9733902833734631,-0.9594880149621652,-3.7943092060732226,2.1255536082438926,3.123280538426995,-5.457388743454216,2.3917320451697406
-0.9209002165774282,1.6571465878807392,0.1735229195349258,1.6016038996124025,0.42922742140040065,1.2090461508952908,1.1714303114401854,0.022342384155479282,-1.377056645875471,-2.1007105647234496,0.5408162174712613,-0.17365274900789623,-0.6399952431488745,-0.27280938369780006,0.7706576790770819,0.10285950270719055,-0.21705420031751912,0.3763778130124826,1.065337410340535,-0.6076869634118475,-0.27228304921415253,-2.482305028578457,-1.0181125182960875,0.8969501857030786,0.44009934230002856,0.11652763327061631,0.3743885781394126,0.014112099936544319,-0.3270908878583639,1.0291931105557037,-1.3065892666556405,0.7207695977070894,-0.08037440820883358,0.10742477471628846,-0.9304058822193484,-0.9207197503623291,0.7445537662280931,0.7022910965042726,0.21810039371068712,0.6999289609248885,-0.7659114986341446,-0.6308941557522664,1.6203921862863226,-0.6155144455783653
0.6564156133713176,-0.6650523232461031,-0.12124455907218128,-1.1747032955141101,-0.10834719069905271,-0.8668118921366377,-0.6163775796174166,0.03639575856014533,0.6329675176856253,1.0511595136483227,-0.20279631818632377,0.5472808004493162,0.795968904887824,0.043145588924071054,-0.22896399124175817,0.12401071170571283,-0.01269899083635843,-0.41205581449860657,-0.536882670818467,0.36409301857952775,0.4267335193310509,1.446559697170068,0.6260480358481697,-0.399846920143384,-0.13066321125294003,-0.2610246911827225,-0.09392754264397486,-0.07559013865399344,0.3309083916662754,-0.4859714557386268,1.0715830362533336,-0.08037440820883358,0.44674912427058766,0.12673490109071564,0.12500101032611227,0.8313274832255452,-0.61145825110238194,-0.4219263135104079,-0.11674973729314042,-0.8719218116792901,0.21383204618300117,0.5746415978182913,-0.8576696099186564,0.21856025420783234
0.23950349459051787,-1.0125690999729868,-0.7832984809783659,-0.6172183158037092,-0.49494106049898373,-0.021791778950100534,-1.0749088976591754,0.16771916797537192,1.082881674605609,0.7784426979853103,-0.17597280355898876,-0.2671089143452406,-0.35153230085813847,0.13333560879237635,-0.04729767768670297,-0.20067990994688895,0.20255322703571146,0.022840492949421927,-0.7532801722808059,-0.09977329489368598,-0.10135568450045362,-0.4168442901179841,0.35379915649625615,-0.26691893515554954,0.373548787109599,-0.02237708156984242,-0.1237214403046272,0.08912548919638529,0.4176789440982626,-0.23018889617560323,-0.06764665661308426,0.10742477471628846,0.12673490109071564,0.8996056759560562,0.5395987478136507,-0.1673246097125744,-0.23098710798205654,-0.3653858741682806,-0.22472633903548747,0.22802320863262496,0.47177047185424487,-0.4017028534791493,-0.32830115651041114,0.3319580975318294
1.8030663226879082,-3.6292863373454862,-1.0142416766519404,-3.1652270881510565,-1.1870652789474565,-2.36482451253188,-2.7690567935074486,0.057644548852033614,3.110025092557745,4.308778706259859,-1.0402439689994156,0.31861400623981795,1.103700136858319,0.5237609775562949,-1.2266736973634604,-0.21691801288151852,0.8108345724416334,-0.8108012547514768,-2.5822024474732164,1.25681725046888,0.3334902671625466,4.2301874432771935,2.2274771007530236,-1.655079476244173,-0.5658780083255418,-0.058208423901185476,-0.6683545476812772,-0.033172802432272795,0.8346905393283984,-2.2560299407081463,2.2944299600406537,-0.9304058822193484,0.12500101032611227,0.5395987478136507,2.201228401326657,1.7332390547256797,-1.5595762575982157,-1.3468562794643195,-0.6463680811941086,-0.9929160855089657,1.7998343623561224,0.913371892537168,-3.0736948086120104,1.699460271713949
2.8538729606487703,-3.4550350842535753,-0.4251074407957914,-4.622653362389075,-0.6239838184930361,-3.997202507908719,-2.530720625857988,0.07757449467881286,2.8313418323485933,5.365060474879418,-0.944033864477268,2.177868408849081,3.3315101001445826,0.3367276594731337,-1.2875434450967518,0.5215326023547616,0.7314174867902856,-1.807136576789592,-2.598043733492149,2.3333713567376586,1.4212641109763102,7.67256747403717,3.1461827844914816,-1.9419564440964519,-1.306188485737633,-0.5173367467797737,-0.604079618325933,-0.31564400433569567,0.9330406816147533,-3.053702331867388,4.555719900695072,-0.9207197503623291,0.8313274832255452,-0.1673246097125744,1.7332390547256797,3.823461085284745,-2.732696050658726,-1.3676097051315232,-0.7981498878766928,-3.1192057441560355,1.6607390280161873,2.634369509496303,-4.31918132195157,2.0093491895670152
-2.2712026880247937,3.054195026715634,0.6845407919966091,3.7194208285919172,0.6056416795166994,2.8335260869583037,2.3772323513953504,-0.24665793344782552,-2.6261955419329714,-4.417395932324146,0.6912314881891614,-1.5469944327169733,-2.236376727249758,-0.3042531024530736,0.9779594312501584,-0.3047853937008381,-0.6436832346122912,1.3093507675082077,2.1697931470135967,-1.7105422140580548,-1.0629775514553117,-5.623960025973985,-2.5181388275004677,1.6225341552301638,0.8534602277690998,0.4233502679867786,0.5548256728230317,0.13590458939472821,-0.8670892832125923,2.3935608943105477,-3.3600202200226703,0.7445537662280931,-0.61145825110238194,-0.23098710798205654,-1.5595762575982157,-2.732696050658726,2.241292641978942,1.046474167764537,0.7842739904911932,2.2457396754721395,-1.500623301018097,-1.7599244149633102,3.4525976149289304,-1.6840741033361084
-1.3964444003867378,2.6864794499073734,0.6012379391382511,2.886445578097588,0.8884097578073202,2.272014915109245,2.178571699700959,0.29333621300367413,-2.303660476931897,-3.258845845851173,1.159604540154918,-0.26958476828534267,-1.3065187585320253,-0.3620446701651252,1.0707983764833844,0.04317576677726592,-0.3530514402286006,0.606839120254261,1.9526993706405495,-0.7923852388260566,-0.4149520831904183,-3.2989703539096995,-1.4874672118365793,1.2059848493362821,0.42337828610781186,0.3124547491407442,0.382063214416212,0.24375286207307112,-0.6605357838077539,1.5019030467691292,-1.9733902833734631,0.7022910965042726,-0.4219263135104079,-0.3653858741682806,-1.3468562794643195,-1.3676097051315232,1.046474167764537,1.7738998820744394,0.009182341035871898,0.9924343359599102,-1.0408893485933046,-0.8692594214796802,2.248703560646305,-0.80874878181316745
-0.7338371603198531,1.0736932554378154,0.3744877005536057,1.0122422322196303,0.24872039798766435,0.6276463505616379,0.8339097884400706,-0.2810298626302827,-0.9811415006863952,-1.4061589337288976,0.030910550466540697,-0.4263416420355737,-0.3898324701438033,-0.13327430288677478,0.24431498225232517,0.009093786760947855,-0.28444704443069824,0.41120504097521243,0.7568464939417284,-0.5535703457342166,-0.2564691334776415,-1.5910017171682538,-0.9177269459369479,0.5737826505916163,0.17068253604969472,0.04307250186848538,0.25728186712864576,-0.0892161676090675,-0.3468995320534511,0.8103995595972303,-0.9594880149621652,0.21810039371068712,-0.11674973729314042,-0.22472633903548747,-0.6463680811941086,-0.7981498878766928,0.7842739904911932,0.009182341035871898,0.5267093629907331,0.6262097070456234,-0.6466822789401482,-0.4153077934905513,1.1505889613185865,-0.7326799186476274
-2.305973011628046,2.393208228653486,0.17517749728847212,3.7076840839089873,0.26142258792118317,3.086303833406736,1.8021389176399039,-0.14113740528291152,-2.004142920840848,-3.9959890744858955,0.5975547538714905,-1.9729431884268573,-2.7874825923765156,-0.1920534997765982,0.9376287330028694,-0.51191903282209394,-0.36152906020538933,1.4812157452645205,1.7648933236213922,-1.7875858297403744,-1.3368675905185385,-6.114171692759394,-2.403084163367046,1.4941551604693497,1.0133045113781962,0.5951125090320499,0.44514438974363646,0.24619427972151173,-0.7628156537638432,2.212487662731692,-3.7943092060732226,0.6999289609248885,-0.8719218116792901,0.22802320863262496,-0.9929160855089657,-3.1192057441560355,2.2457396754721395,0.9924343359599102,0.6262097070456234,2.8315906219423628,-1.0852899518493269,-2.23025532029355,3.3659862523263415,-1.3439869824128081
1.6719684148356673,-3.099634683876817,-0.8550323233488761,-2.8353610754484593,-0.931093987560533,-2.0403322162197526,-2.3746713782786166,0.16084836098549496,2.667745646672192,3.785475308966473,-0.787006455353699,0.4914673484587103,1.0497535911047375,0.43408957582434693,-0.9874298409547579,-0.11390510052384058,0.6874265735914696,-0.7607567852599003,-2.1387917879047635,1.148017956098733,0.4489084588378617,3.8794068328011653,1.997214287124271,-1.4275312480787052,-0.5039502783710731,-0.12128759955849365,-0.5769637638129773,-0.003139625930043358,0.7715655982869086,-1.953907074148435,2.1255536082438926,-0.7659114986341446,0.21383204618300117,0.47177047185424487,1.7998343623561224,1.6607390280161873,-1.500623301018097,-1.0408893485933046,-0.6466822789401482,-1.0852899518493269,1.587750420421527,0.9051608284537861,-2.7898647439608872,1.5157237924256648
1.8474802236303745,-1.942869598705365,-0.013477511917693145,-2.9597944459168684,-0.23373279884232964,-2.722924613270041,-1.3374692853655288,-0.025463952158146713,1.5141225773479985,3.310883061260541,-0.5940198004736591,1.5937259769342695,2.4233951833472838,0.16432559836357719,-0.8372957595019602,0.45065704246796623,0.3870929585880705,-1.2304466612230944,-1.4665265533354588,1.5842909190221575,1.029119969894555,5.284640728615998,1.9705036874430037,-1.1971475152058142,-0.9896457652900861,-0.3932124466089717,-0.3405843582052159,-0.26928240085106153,0.5011018181612726,-1.9320709283578255,3.123280538426995,-0.6308941557522664,0.5746415978182913,-0.4017028534791493,0.913371892537168,2.634369509496303,-1.7599244149633102,-0.8692594214796802,-0.4153077934905513,-2.23025532029355,0.9051608284537861,1.9317868923338528,-2.7720694477809467,1.1782581492433875
-3.778932731194098,5.771991933701944,1.1448394308379668,6.369412787144984,1.417726529652895,4.939481855689728,4.371979269391823,-0.19030314852422883,-4.896646039742797,-7.7996811043853755,1.5851295596831276,-1.9164202417501828,-3.372990140681899,-0.7235782481650774,2.07592635038982,-0.18984433590643857,-1.1033755173137587,1.9923957627519224,4.048928723867772,-2.7239352082326853,-1.4932478097484827,-9.462938586554152,-4.236114666701191,2.9530309719310717,1.4371687084370162,0.5885751257409126,1.0756951058648452,0.21841279526508997,-1.4892731545905056,4.09895993426528,-5.457388743454216,1.6203921862863226,-0.8576696099186564,-0.32830115651041114,-3.0736948086120104,-4.31918132195157,3.4525976149289304,2.248703560646305,1.1505889613185865,3.3659862523263415,-2.7898647439608872,-2.7720694477809467,6.018673171192976,-2.81685680157166
1.7468413750143132,-2.8195971929910884,-0.7792444772220695,-2.807115303281386,-0.7614475275408834,-2.221211055568806,-2.1132403396288124,0.19349317475623856,2.3723587744992836,3.724861066831002,-0.637745866902456,0.9125882379213444,1.4468426440857212,0.3299065088797244,-0.8310194868760084,0.09024196427927378,0.7817225882352868,-0.9674300284687014,-2.024431366759268,1.4083015367682625,0.5730384651029379,4.309245175735059,2.118150913469378,-1.3327599338341352,-0.6497708132006291,-0.11295509910636649,-0.5025087949599647,-0.06849798828278239,0.6910970070524401,-2.111555445992609,2.3917320451697406,-0.6155144455783653,0.21856025420783234,0.3319580975318294,1.699460271713949,2.0093491895670152,-1.6840741033361084,-0.80874878181316745,-0.7326799186476274,-1.3439869824128081,1.5157237924256648,1.1782581492433875,-2.81685680157166,1.6859938595383848
