V1,V2,V3,V4,V5,V6,V7,V8,V9,V10,V11,V12,V13,V14,V15,V16,V17,V18,V19,V20,V21,V22,V23,V24,V25,V26,V27,V28,V29,V30,V31,V32,V33,V34,V35,V36,V37,V38,V39,V40,V41,V42,V43,V44
1.0893276674725398,2.661505376024486,-3.735007680745043,-5.579876973767889,1.25875529981218,-2.499130419903348,2.1366974953939137,1.1149112159027734,-0.6328159130814581,1.4990694998145786,-0.603682905440195,1.3963570929125602,4.37598697203413,0.30854614687806087,1.2395965220738876,-2.1272491305430536,7.0322195588681815,1.3356334326864474,0.41635627465534464,5.340682791878075,2.1786735498746106,-2.7529587512626468,-0.220925176539538,1.4368618828947584,-3.0934679661789897,2.7375459033468323,-4.6025127757054305,-2.780992271482756,1.0483502708163126,-0.856578796251974,1.639010898198201,-5.122777659270641,-0.9471400780691734,-2.845178944237977,-3.3048724078222538,0.45154733798268404,-0.573797795389905,-1.8286263178856663,1.5774017553052722,-1.1457298306049042,0.17875801731327728,0.8876127059627226,-1.767297160459353,-0.07106606048489829
2.661505376024486,13.685336410245682,-17.282462584401266,-22.35382621114894,9.172495359813901,-9.567244902384463,8.920371309271253,3.6553828238687536,-4.513227434567835,8.216487669758056,-2.2992656837299164,8.39791665787888,18.2456486613579,-1.509004766081213,6.140611542774447,-7.951506673293697,29.420797403366524,8.581989446480362,5.4895413143169804,22.390325159264663,11.7536490827959,-11.571795037647092,-3.0764289000632368,5.532472218826747,-12.228148548327495,15.338246512931919,-21.261532483889738,-10.297672619306212,2.6704241582344266,-1.649790024101798,9.58297690023601,-24.004371198883888,-4.11260833096826,-7.51906921000952,-15.131194155389883,0.8638912420718237,0.2192859931422134,-5.657428891624518,8.041278863863994,-3.914817171974888,2.605850318176063,4.783112730547858,-6.897976011924534,-0.7486792670011481
-3.735007680745043,-17.282462584401266,22.119797541490076,29.126593755708857,-11.18718668252271,12.533292077691186,-11.577424505838282,-4.887107610124142,5.517762477347657,-10.311895528446188,3.0076066806244195,-10.440486809431722,-23.632079212300248,1.4647965720927465,-7.798725630945125,10.456327274185064,-38.11737104170354,-10.610051750883793,-6.452463656826776,-28.977231502515348,-14.746254375908883,14.962061666899734,3.6250864013658086,-7.2729152267360035,15.946602438436324,-19.17836392194736,27.15728659363829,13.58315026253109,-3.767233931840287,2.45454952656391,-11.929005715764506,30.649827956107817,5.28032217456254,10.518004037457612,19.37704699880465,-1.282221339763058,0.1689031703278478,7.660994389342177,-10.143202685937808,5.267751864433059,-3.051004465575801,-6.0007386811869186,9.002547388147772,0.8996457038263996
-5.579876973767889,-22.35382621114894,29.126593755708857,39.36522283257978,-13.744482541452392,17.07891946296843,-15.542042569124474,-6.863458680544536,6.799810198414675,-13.197583421628236,4.101650024919623,-13.187508097449713,-31.678082721434052,1.072067731054762,-10.15354576731749,14.324172217339347,-51.10847464877761,-13.274370614543095,-7.444202796369535,-38.82547308115702,-18.923692767807605,20.032695687398803,4.192044126289024,-9.925986693879167,21.590986320912265,-24.477433495751008,35.74453588150789,18.632673044953492,-5.5907162363945,3.871157651760171,-15.111375619418856,40.26545154539544,7.002522025110826,15.507163337505347,25.569313488647897,-2.0311557596192458,1.0638027570449422,10.874725260342318,-13.118721297065715,7.378739774750559,-3.5032206657081475,-7.682086953522058,12.213797685002266,1.0620562451606612
1.25875529981218,9.172495359813901,-11.18718668252271,-13.744482541452392,6.695266604318764,-5.781895089623813,5.548974716501887,2.072851087535403,-3.275517618813144,5.603900179467949,-1.3979014416537077,5.856984692113573,11.419910132267404,-1.6186881455231252,4.059162331649529,-4.7498511536873,18.389115835451,6.072142228110578,4.341390378998099,14.035137494102072,8.004942302920993,-7.268845812502511,-2.419248707779773,3.31330320579525,-7.4997691055333835,10.538321311595515,-13.82388389151359,-6.104871883805046,1.2476647627315647,-0.5994264409386548,6.662465893216936,-15.628392708525974,-2.644185950519294,-3.631436510623955,-9.770643605226171,0.3144791663942953,0.7642663823267483,-3.0784633894734914,5.402923965947073,-2.181077343249438,2.0781797127389754,3.2654014064230394,-4.219001331959198,-0.5733551344460437
-2.499130419903348,-9.567244902384463,12.533292077691186,17.07891946296843,-5.781895089623813,7.437382398548573,-6.718440530094286,-3.0049281262327923,2.8687275040034654,-5.629430852187759,1.7802099538591387,-5.601852202481921,-13.709662475952202,0.34513259417769837,-4.349725388609438,6.244030991724769,-22.117201722165373,-5.620742171762147,-3.0718374852022703,-16.8055073147832,-8.082318545302359,8.671568022530746,1.7330987670415077,-4.311803345613208,9.382279641633435,-10.431707846030875,15.390860720395867,8.119616435390085,-2.4927141649126026,1.7552955220538395,-6.432989835837931,17.32422353364635,3.0218163220842156,6.887472263557529,11.013901470086553,-0.9196535103794761,0.5713077608737036,4.794334638569104,-5.6181055652590794,3.223054650523903,-1.435980915042679,-3.278966559819174,5.296682354377895,0.43458758563608413
2.1366974953939137,8.920371309271253,-11.577424505838282,-15.542042569124474,5.548974716501887,-6.718440530094286,6.1933411054171525,2.704872755985059,-2.728498352518482,5.273097233844795,-1.6213192112289467,5.287585692551732,12.530096090820633,-0.5119036589661211,4.067033655032402,-5.631803675432934,20.24101045155599,5.3312967988958055,3.03597214305154,15.340942673992123,7.542848951465095,-7.920195696180309,-1.6960848801164723,3.9397054088031056,-8.488853680738108,9.787321749890626,-14.164562088460892,-7.346615279950922,2.1715160042637556,-1.4687123650185991,6.02090982377206,-15.98390655794604,-2.758964555673052,-6.045752859033134,-10.144548635344865,0.7790771884340021,-0.3410667401958186,-4.244400567062329,5.222819941854958,-2.9322950753710724,1.4351736840805263,3.0664007160197504,-4.8495647992860045,-0.437673272562811
1.1149112159027734,3.6553828238687536,-4.887107610124142,-6.863458680544536,2.072851087535403,-3.0049281262327923,2.704872755985059,1.2938515513399995,-1.0140168896266764,2.1186300862678946,-0.7385649575199666,2.0651022748710677,5.476346507402726,0.027466171904815338,1.691594928549318,-2.5396879503803875,8.821167281284536,2.0434346759536557,0.9758500744375592,6.681193467660148,3.043159077251656,-3.449722895100523,-0.5249337060768036,1.7590222258252468,-3.7640485755253477,3.9137714565796116,-5.996439717404952,-3.314264969199225,1.0970794624536913,-0.82420708801844,2.3651484654339696,-6.718644007412358,-1.2015852287797146,-3.041957610802895,-4.296180197930536,0.44560975334655367,-0.38711537527365275,-2.0313477882463524,2.1474888568671595,-1.3483062840322704,0.45669886285149697,1.2427110370318046,-2.1805209977177733,-0.15425799832043538
-0.6328159130814581,-4.513227434567835,5.517762477347657,6.799810198414675,-3.275517618813144,2.8687275040034654,-2.728498352518482,-1.0140168896266764,1.6129004763744847,-2.7558200819443126,0.6852976228269151,-2.8815039248878485,-5.635438441658016,0.7759759325375809,-1.9883291208417035,2.3574625606293287,-9.081941035191788,-2.984389423395783,-2.1255450882779177,-6.941570382404369,-3.947583420510367,3.5920950236709874,1.1983672577263955,-1.634978140245166,3.7183790630230362,-5.18375982293803,6.8227807588769736,3.0263330438580396,-0.6273184771080921,0.30368167882905556,-3.288426684739035,7.71754960569041,1.3001742295865293,1.810594129019284,4.82556507497626,-0.15186033907534147,-0.3565739635957147,1.5311891373670048,-2.660621548894825,1.0815686396350155,-1.0167873872336386,-1.6023548963660499,2.067447627990011,0.275897659093321
1.4990694998145786,8.216487669758056,-10.311895528446188,-13.197583421628236,5.603900179467949,-5.629430852187759,5.273097233844795,2.1186300862678946,-2.7558200819443126,4.959137518186165,-1.3514344546680417,5.082924383847414,10.814766188965178,-1.0135611462229475,3.678832744667835,-4.665625752879004,17.42076768137544,5.216760557415882,3.419393140095524,13.265394465535184,7.0706249822744045,-6.85624687908851,-1.9138738389278718,3.2483143554196072,-7.222571920664229,9.246699338553942,-12.688253288461492,-6.041747466388797,1.510909235553051,-0.9072744733982346,5.8009105391671865,-14.33248918957455,-2.4557969290924073,-4.258805620569774,-9.017639442753707,0.4728269492807368,0.24642376830436954,-3.2755137752178474,4.827364760469702,-2.266596371236773,1.6200319005233215,2.888915129486355,-4.060904700449656,-0.46589430253689335
-0.603682905440195,-2.2992656837299164,3.0076066806244195,4.101650024919623,-1.3979014416537077,1.7802099538591387,-1.6213192112289467,-0.7385649575199666,0.6852976228269151,-1.3514344546680417,0.4366451181802645,-1.34226275630902,-3.298952138883316,0.08779469255835469,-1.0497155902203086,1.496876005228325,-5.314508245408172,-1.3457770325057088,-0.731493244187661,-4.035334432767562,-1.9411524227812265,2.083423127928688,0.4027688596558483,-1.0366156623356182,2.2479743575267985,-2.5095014308276498,3.6993300336093298,1.9454360759295037,-0.5936627050863926,0.4246258661167966,-1.536949043818509,4.1523431725770905,0.732853454651429,1.6597438010397683,2.6419965616474865,-0.22775067324664697,0.13550648836890625,1.1476028208211397,-1.3520657696551805,0.7727033124731666,-0.3478599246472659,-0.7900328752011764,1.2901412905106253,0.10941021098676436
1.3963570929125602,8.39791665787888,-10.440486809431722,-13.187508097449713,5.856984692113573,-5.601852202481921,5.287585692551732,2.0651022748710677,-2.8815039248878485,5.082924383847414,-1.34226275630902,5.258511851575888,10.838188252335879,-1.1838258909863402,3.738958285233364,-4.633020386662448,17.485250801139156,5.409628436726354,3.656041747824591,13.324201601492383,7.273685610371338,-6.889883571121992,-2.057679095432402,3.229289367228987,-7.203638640525896,9.52619339122056,-12.859348587033116,-5.980456654876167,1.4065353633343158,-0.782352759757433,5.990885367544806,-14.543665003789771,-2.462835944489046,-4.004472618177868,-9.132725570495904,0.4038939531562557,0.397312775304825,-3.157186987193035,4.936934195721741,-2.2245777968043243,1.7446039553419734,2.9532193132818394,-4.042202949235813,-0.48728478083056703
4.37598697203413,18.2456486613579,-23.632079212300248,-31.678082721434052,11.419910132267404,-13.709662475952202,12.530096090820633,5.476346507402726,-5.635438441658016,10.814766188965178,-3.298952138883316,10.838188252335879,25.58216530595304,-1.0958923109250784,8.276398879513973,-11.474386361459699,41.22917878302199,10.948764739889798,6.317671199998622,31.330484359545487,15.47374712907836,-16.173915190056555,-3.530840523247033,7.953032090484419,-17.37562333912631,20.056840045875436,-29.021799133230623,-14.922697720020258,4.376074217355276,-3.001838897325313,12.413794415541794,-32.68902841147446,-5.694783970402755,-12.15512958003737,-20.72507136171539,1.578780612840379,-0.6392535532380306,-8.641013455764739,10.71500896047965,-5.846490975143184,2.969218251199107,6.307573445329535,-9.837420890760203,-0.8978327861799269
0.30854614687806087,-1.509004766081213,1.4647965720927465,1.072067731054762,-1.6186881455231252,0.34513259417769837,-0.5119036589661211,0.027466171904815338,0.7759759325375809,-1.0135611462229475,0.08779469255835469,-1.1838258909863402,-1.0958923109250784,0.84936555404162,-0.617592014963244,0.22541626166709203,-1.7546551845613807,-1.3082996349520926,-1.3456743077321396,-1.3689423569589696,-1.4301417081758312,0.7244590892460099,0.7444300195873362,-0.1782854155128676,0.5568824137713183,-1.9756270711016386,1.8495116425763536,0.2477855376634765,0.30883190282789824,-0.3963448722925268,-1.3171127121179176,2.1274658463612504,0.3135655375543449,-0.745489775803222,1.2517860901285434,0.20628775466847693,-0.719772829381915,-0.17847363835657806,-0.8934681585088369,-0.04786683232276355,-0.6559702646532931,-0.5893746907459778,0.3031647668821973,0.16140301706161847
1.2395965220738876,6.140611542774447,-7.798725630945125,-10.15354576731749,4.059162331649529,-4.349725388609438,4.067033655032402,1.691594928549318,-1.9883291208417035,3.678832744667835,-1.0497155902203086,3.738958285233364,8.276398879513973,-0.617592014963244,2.783316787441364,-3.6208600516892786,13.344040320261609,3.816608158111263,2.391555178180487,10.128172660256759,5.230576644947917,-5.235944020179669,-1.3259028277283986,2.5361050321201692,-5.549038463713315,6.839506374149069,-9.56113937108349,-4.701145713021972,1.2627040732372146,-0.7978162527695427,4.250274757798385,-10.800466191269328,-1.859445461051775,-3.546915886576637,-6.816798091038,0.4265219980884758,0.03714439641898765,-2.618977214640831,3.593490965362943,-1.8144988032691474,1.1258371093311146,2.1429635280237536,-3.152812708665092,-0.3353693176859871
-2.1272491305430536,-7.951506673293697,10.456327274185064,14.324172217339347,-4.7498511536873,6.244030991724769,-5.631803675432934,-2.5396879503803875,2.3574625606293287,-4.665625752879004,1.496876005228325,-4.633020386662448,-11.474386361459699,0.22541626166709203,-3.6208600516892786,5.25141883743274,-18.52184128287958,-4.637962259743901,-2.4801368897528193,-14.068600936798605,-6.70642387769022,7.25706327453891,1.404816608812531,-3.6290618798797922,7.866239150286498,-8.648061477692549,12.834525928622739,6.827721174326201,-2.123416050048784,1.5030636682542053,-5.318445264388981,14.444374427151423,2.518638587710188,5.871988735304741,9.194166092645773,-0.7896217780720018,0.5398370429668232,4.049048681138934,-4.665402390062569,2.7311916210688296,-1.1622643698714092,-2.7137787365531296,4.445874684169365,0.3548012769098047
7.0322195588681815,29.420797403366524,-38.11737104170354,-51.10847464877761,18.389115835451,-22.117201722165373,20.24101045155599,8.821167281284536,-9.081941035191788,17.42076768137544,-5.314508245408172,17.485250801139156,41.22917878302199,-1.7546551845613807,13.344040320261609,-18.52184128287958,66.52946179525526,17.649073824500313,10.161800989293717,50.535250112721045,24.962998548707738,-26.085071890512012,-5.7110305259987975,12.860763888923316,-28.00226298492207,32.350897188820205,-46.77441993852531,-24.087030735944964,7.063405365809806,-4.801096645928632,20.002212998786533,-52.725667465208936,-9.134655892911278,-19.639297094301323,-33.4386068332913,2.52133491927557,-1.0511760009606084,-13.911985231966282,17.264149560057923,-9.49360047977315,4.792439921533835,10.138617256075815,-15.85623613025527,-1.4377988835839273
1.3356334326864474,8.581989446480362,-10.610051750883793,-13.274370614543095,6.072142228110578,-5.620742171762147,5.3312967988958055,2.0434346759536557,-2.984389423395783,5.216760557415882,-1.3457770325057088,5.409628436726354,10.948764739889798,-1.3082996349520926,3.816608158111263,-4.637962259743901,17.649073824500313,5.586552622907733,3.846424981228554,13.45335980439506,7.44001781829211,-6.957751661962166,-2.162869539094039,3.2378234989109074,-7.253143702910307,9.767847370537325,-13.068425478274019,-5.982597945938264,1.3539832387679558,-0.7213587890502601,6.160020535768643,-14.786761475201466,-2.5026609381113203,-3.8646577491084124,-9.27167699592505,0.37318172938706584,0.510395966527904,-3.116116852022189,5.040319523751968,-2.200045800826185,1.8308241565525494,3.0317599181834325,-4.059204541563235,-0.512910999796125
0.41635627465534464,5.4895413143169804,-6.452463656826776,-7.444202796369535,4.341390378998099,-3.0718374852022703,3.03597214305154,0.9758500744375592,-2.1255450882779177,3.419393140095524,-0.731493244187661,3.656041747824591,6.317671199998622,-1.3456743077321396,2.391555178180487,-2.4801368897528193,10.161800989293717,3.846424981228554,3.0346794707800897,7.785993395727975,4.865571874074065,-4.041422177735992,-1.6943936489663318,1.7301676896302183,-4.061631358265,6.461560744938585,-8.000180226707007,-3.1535885248888533,0.41406043902147177,-0.03823919064992691,4.1523726647331545,-9.078532192539852,-1.5053540235074572,-1.277646381285084,-5.6171656622534,0.01266298241844797,0.8452154705396473,-1.4018782216089836,3.2363123205148963,-1.0233402237184615,1.4468367751437463,1.9914077465930893,-2.2406660856847136,-0.3823150588767671
5.340682791878075,22.390325159264663,-28.977231502515348,-38.82547308115702,14.035137494102072,-16.8055073147832,15.340942673992123,6.681193467660148,-6.941570382404369,13.265394465535184,-4.035334432767562,13.324201601492383,31.330484359545487,-1.3689423569589696,10.128172660256759,-14.068600936798605,50.535250112721045,13.45335980439506,7.785993395727975,38.42578799482452,19.03576618155319,-19.832153593780074,-4.385851923996137,9.737665718360262,-21.294692473449683,24.653424817754996,-35.61098673959816,-18.27221371192036,5.329479707946399,-3.628436848533073,15.271150200662412,-40.118314688077696,-6.95955007204854,-14.823439133189254,-25.435741495079824,1.8982191887504036,-0.7654329477011874,-10.541490308773197,13.1556286931066,-7.161402658797284,3.67634200805262,7.723398261536824,-12.024024876441167,-1.0936100761580412
2.1786735498746106,11.7536490827959,-14.746254375908883,-18.923692767807605,8.004942302920993,-8.082318545302359,7.542848951465095,3.043159077251656,-3.947583420510367,7.0706249822744045,-1.9411524227812265,7.273685610371338,15.47374712907836,-1.4301417081758312,5.230576644947917,-6.70642387769022,24.962998548707738,7.44001781829211,4.865571874074065,19.03576618155319,10.17418635199097,-9.838185701222928,-2.743901981248456,4.645192026747259,-10.349494163390972,13.261210275935035,-18.193353950406152,-8.66307310721819,2.1542788196206573,-1.2896579632984386,8.316383045514602,-20.534863380218944,-3.4998997582487883,-6.103524635511816,-12.926116598589914,0.6623616898186703,0.3207438350949893,-4.678549364714743,6.930831088404013,-3.2521443063707887,2.332655544495217,4.11308274324287,-5.817420154845389,-0.6500822892717467
-2.7529587512626468,-11.571795037647092,14.962061666899734,20.032695687398803,-7.268845812502511,8.671568022530746,-7.920195696180309,-3.449722895100523,3.5920950236709874,-6.85624687908851,2.083423127928688,-6.889883571121992,-16.173915190056555,0.7244590892460099,-5.235944020179669,7.25706327453891,-26.085071890512012,-6.957751661962166,-4.041422177735992,-19.832153593780074,-9.838185701222928,10.2401038720392,2.269432028264245,-5.02239816446195,10.987261835586802,-12.746502603560824,18.392817965521058,9.42266021101301,-2.742274130343955,1.8659562707269137,-7.893558108630521,20.717194642786374,3.595371007833008,7.6290928417589114,13.132773677661927,-0.9787709939457854,0.37980438005675343,5.435684923790201,-6.800847681523085,3.6868025160190867,-1.9054956836443229,-3.994375392344575,6.211070833289531,0.5649410991787134
-0.220925176539538,-3.0764289000632368,3.6250864013658086,4.192044126289024,-2.419248707779773,1.7330987670415077,-1.6960848801164723,-0.5249337060768036,1.1983672577263955,-1.9138738389278718,0.4027688596558483,-2.057679095432402,-3.530840523247033,0.7444300195873362,-1.3259028277283986,1.404816608812531,-5.7110305259987975,-2.162869539094039,-1.6943936489663318,-4.385851923996137,-2.743901981248456,2.269432028264245,0.9801130709864974,-0.9788062994261658,2.2877080843595703,-3.6324909542382144,4.492959201318183,1.7767623021642118,-0.2305221961844858,-7.481709363841421e-4,-2.3422567782784207,5.112812180409279,0.8247913060947645,0.7124165420248468,3.1693582359870542,0.011961868042366834,-0.4640249694151593,0.7702797144686139,-1.808049580832345,0.5934572644294107,-0.8162597736704089,-1.1005711017125974,1.2284187351859788,0.208634349812019
1.4368618828947584,5.532472218826747,-7.2729152267360035,-9.925986693879167,3.31330320579525,-4.311803345613208,3.9397054088031056,1.7590222258252468,-1.634978140245166,3.2483143554196072,-1.0366156623356182,3.229289367228987,7.953032090484419,-0.1782854155128676,2.5361050321201692,-3.6290618798797922,12.860763888923316,3.2378234989109074,1.7301676896302183,9.737665718360262,4.645192026747259,-5.02239816446195,-0.9788062994261658,2.5410966448699,-5.426075544546424,6.011994563416597,-8.879990315638578,-4.737659316973023,1.470074935843245,-1.0171516798263538,3.6781660450546716,-10.020728771021966,-1.730802656628964,-4.073422582102982,-6.381040747621097,0.5409320727533043,-0.35280692095456656,-2.7891868083086853,3.2287084173095053,-1.9277554233983918,0.8133866504189403,1.8826094474004218,-3.092610109594429,-0.2550470039561364
-3.0934679661789897,-12.228148548327495,15.946602438436324,21.590986320912265,-7.4997691055333835,9.382279641633435,-8.488853680738108,-3.7640485755253477,3.7183790630230362,-7.222571920664229,2.2479743575267985,-7.203638640525896,-17.37562333912631,0.5568824137713183,-5.549038463713315,7.866239150286498,-28.00226298492207,-7.253143702910307,-4.061631358265,-21.294692473449683,-10.349494163390972,10.987261835586802,2.2877080843595703,-5.426075544546424,11.871973323794476,-13.379434878725892,19.599903539061245,10.215644833726042,-3.079556391846891,2.155340721644704,-8.278059653546167,22.058520752108613,3.8566670240216148,8.523600719305458,14.006407862117173,-1.1284439537616229,0.6094359301995794,5.9921508367765846,-7.181554331884235,4.018338758371848,-1.8988289510666911,-4.209605101296553,6.683030929450156,0.5755750664141808
2.7375459033468323,15.338246512931919,-19.17836392194736,-24.477433495751008,10.538321311595515,-10.431707846030875,9.787321749890626,3.9137714565796116,-5.18375982293803,9.246699338553942,-2.5095014308276498,9.52619339122056,20.056840045875436,-1.9756270711016386,6.839506374149069,-8.648061477692549,32.350897188820205,9.767847370537325,6.461560744938585,24.653424817754996,13.261210275935035,-12.746502603560824,-3.6324909542382144,6.011994563416597,-13.379434878725892,17.33235470026155,-23.64305911954354,-11.163748728912203,2.726185416659086,-1.5937163140515336,10.867219611357863,-26.69966646945494,-4.545931153243873,-7.7486307598758035,-16.795731475355684,0.8301458094167296,0.5300826247345896,-5.986659624832656,9.025724292562376,-4.181978612840828,3.0885961752343682,5.3775716654763706,-7.530604801557135,-0.8667118019891632
-4.6025127757054305,-21.261532483889738,27.15728659363829,35.74453588150789,-13.82388389151359,15.390860720395867,-14.164562088460892,-5.996439717404952,6.8227807588769736,-12.688253288461492,3.6993300336093298,-12.859348587033116,-29.021799133230623,1.8495116425763536,-9.56113937108349,12.834525928622739,-46.77441993852531,-13.068425478274019,-8.000180226707007,-35.61098673959816,-18.193353950406152,18.392817965521058,4.492959201318183,-8.879990315638578,19.599903539061245,-23.64305911954354,33.439587206360166,16.627939186163502,-4.570596081919453,2.9944006213102723,-14.728718963600096,37.68377928471207,6.514572134530255,12.787547875300099,23.817600069772297,-1.5639281054927667,0.16562950909510674,9.371419327344297,-12.508157546128816,6.384818451449739,-3.7894643681176494,-7.39379918524683,11.043652540417654,1.1023121250371135
-2.780992271482756,-10.297672619306212,13.58315026253109,18.632673044953492,-6.104871883805046,8.119616435390085,-7.346615279950922,-3.314264969199225,3.0263330438580396,-6.041747466388797,1.9454360759295037,-5.980456654876167,-14.922697720020258,0.2477855376634765,-4.701145713021972,6.827721174326201,-24.087030735944964,-5.982597945938264,-3.1535885248888533,-18.27221371192036,-8.66307310721819,9.42266021101301,1.7767623021642118,-4.737659316973023,10.215644833726042,-11.163748728912203,16.627939186163502,8.923524047034654,-2.8036268496120975,1.993679503214973,-6.857211104875824,18.731546488960166,3.265909667604775,7.72018671654418,11.925516443206156,-1.0434856182455516,0.7351840907624445,5.308404626165256,-6.041685282681222,3.589221806238931,-1.4756224552048283,-3.5182373356832386,5.799195227818728,0.45949852646541184
1.0483502708163126,2.6704241582344266,-3.767233931840287,-5.5907162363945,1.2476647627315647,-2.4927141649126026,2.1715160042637556,1.0970794624536913,-0.6273184771080921,1.510909235553051,-0.5936627050863926,1.4065353633343158,4.376074217355276,0.30883190282789824,1.2627040732372146,-2.123416050048784,7.063405365809806,1.3539832387679558,0.41406043902147177,5.329479707946399,2.1542788196206573,-2.742274130343955,-0.2305221961844858,1.470074935843245,-3.079556391846891,2.726185416659086,-4.570596081919453,-2.8036268496120975,1.0667861153665832,-0.8410199862123577,1.6245489613315396,-5.134498520806363,-0.9252237806100014,-2.8768290314110185,-3.3138539430860843,0.44236219463687176,-0.5686025004049154,-1.8279076374945824,1.5567908627035267,-1.1967752839116028,0.17198507314855488,0.8830527677409387,-1.7595472452132153,-0.07777983257277583
-0.856578796251974,-1.649790024101798,2.45454952656391,3.871157651760171,-0.5994264409386548,1.7552955220538395,-1.4687123650185991,-0.82420708801844,0.30368167882905556,-0.9072744733982346,0.4246258661167966,-0.782352759757433,-3.001838897325313,-0.3963448722925268,-0.7978162527695427,1.5030636682542053,-4.801096645928632,-0.7213587890502601,-0.03823919064992691,-3.628436848533073,-1.2896579632984386,1.8659562707269137,-7.481709363841421e-4,-1.0171516798263538,2.155340721644704,-1.5937163140515336,2.9944006213102723,1.993679503214973,-0.8410199862123577,0.7265895928123203,-0.9314976805377186,3.3231530990926705,0.6454261828067465,2.245352010835535,2.1634687366352723,-0.3825948677062223,0.5587284764193398,1.3925282831622672,-0.9740908229381103,0.8465979343223271,0.00833645467415165,-0.546116540792706,1.241171248563401,0.02855069783777996
1.639010898198201,9.58297690023601,-11.929005715764506,-15.111375619418856,6.662465893216936,-6.432989835837931,6.02090982377206,2.3651484654339696,-3.288426684739035,5.8009105391671865,-1.536949043818509,5.990885367544806,12.413794415541794,-1.3171127121179176,4.250274757798385,-5.318445264388981,20.002212998786533,6.160020535768643,4.1523726647331545,15.271150200662412,8.316383045514602,-7.893558108630521,-2.3422567782784207,3.6781660450546716,-8.278059653546167,10.867219611357863,-14.728718963600096,-6.857211104875824,1.6245489613315396,-0.9314976805377186,6.85605357342971,-16.635231586752226,-2.834017516864037,-4.605830440659192,-10.4455036474399,0.4727521927007475,0.4221337902093078,-3.6438847268311534,5.648865467364369,-2.523674567925441,1.9796608602793768,3.3765521362005666,-4.616251779977567,-0.5495357521503053
-5.122777659270641,-24.004371198883888,30.649827956107817,40.26545154539544,-15.628392708525974,17.32422353364635,-15.98390655794604,-6.718644007412358,7.71754960569041,-14.33248918957455,4.1523431725770905,-14.543665003789771,-32.68902841147446,2.1274658463612504,-10.800466191269328,14.444374427151423,-52.725667465208936,-14.786761475201466,-9.078532192539852,-40.118314688077696,-20.534863380218944,20.717194642786374,5.112812180409279,-10.020728771021966,22.058520752108613,-26.69966646945494,37.68377928471207,18.731546488960166,-5.134498520806363,3.3231530990926705,-16.635231586752226,42.517723337594575,7.316906610497341,14.35560012028994,26.866549061397095,-1.7292767570042968,0.14350221120999473,10.521048688574027,-14.104727349454803,7.222412332228739,-4.299459775687165,-8.339350314363786,12.421459564098841,1.2496732404980821
-0.9471400780691734,-4.11260833096826,5.28032217456254,7.002522025110826,-2.644185950519294,3.0218163220842156,-2.758964555673052,-1.2015852287797146,1.3001742295865293,-2.4557969290924073,0.732853454651429,-2.462835944489046,-5.694783970402755,0.3135655375543449,-1.859445461051775,2.518638587710188,-9.134655892911278,-2.5026609381113203,-1.5053540235074572,-6.95955007204854,-3.4998997582487883,3.595371007833008,0.8247913060947645,-1.730802656628964,3.8566670240216148,-4.545931153243873,6.514572134530255,3.265909667604775,-0.9252237806100014,0.6454261828067465,-2.834017516864037,7.316906610497341,1.299469137308262,2.5759032358568446,4.62518478812655,-0.3398502117730077,0.07504619475492698,1.8828367972715008,-2.4248662989416947,1.2370269897112243,-0.7040056572361283,-1.443532642438058,2.177867656738161,0.21557110170475832
-2.845178944237977,-7.51906921000952,10.518004037457612,15.507163337505347,-3.631436510623955,6.887472263557529,-6.045752859033134,-3.041957610802895,1.810594129019284,-4.258805620569774,1.6597438010397683,-4.004472618177868,-12.15512958003737,-0.745489775803222,-3.546915886576637,5.871988735304741,-19.639297094301323,-3.8646577491084124,-1.277646381285084,-14.823439133189254,-6.103524635511816,7.6290928417589114,0.7124165420248468,-4.073422582102982,8.523600719305458,-7.7486307598758035,12.787547875300099,7.72018671654418,-2.8768290314110185,2.245352010835535,-4.605830440659192,14.35560012028994,2.5759032358568446,7.8380479096682025,9.262469804877139,-1.1924996190589447,1.4888257891251664,4.972250944252574,-4.382597774938203,3.2986824715831373,-0.564236572416683,-2.481172311973918,4.8959411475131205,0.23700001540036358
-3.3048724078222538,-15.131194155389883,19.37704699880465,25.569313488647897,-9.770643605226171,11.013901470086553,-10.144548635344865,-4.296180197930536,4.82556507497626,-9.017639442753707,2.6419965616474865,-9.132725570495904,-20.72507136171539,1.2517860901285434,-6.816798091038,9.194166092645773,-33.4386068332913,-9.27167699592505,-5.6171656622534,-25.435741495079824,-12.926116598589914,13.132773677661927,3.1693582359870542,-6.381040747621097,14.006407862117173,-16.795731475355684,23.817600069772297,11.925516443206156,-3.3138539430860843,2.1634687366352723,-10.4455036474399,26.866549061397095,4.62518478812655,9.262469804877139,16.993215897921136,-1.129741056485452,0.18282914568767467,6.7314487439138535,-8.88659587138214,4.624568258228888,-2.662134681506275,-5.243475630491221,7.8942138399326796,0.7770636144102124
0.45154733798268404,0.8638912420718237,-1.282221339763058,-2.0311557596192458,0.3144791663942953,-0.9196535103794761,0.7790771884340021,0.44560975334655367,-0.15186033907534147,0.4728269492807368,-0.22775067324664697,0.4038939531562557,1.578780612840379,0.20628775466847693,0.4265219980884758,-0.7896217780720018,2.52133491927557,0.37318172938706584,0.01266298241844797,1.8982191887504036,0.6623616898186703,-0.9787709939457854,0.011961868042366834,0.5409320727533043,-1.1284439537616229,0.8301458094167296,-1.5639281054927667,-1.0434856182455516,0.44236219463687176,-0.3825948677062223,0.4727521927007475,-1.7292767570042968,-0.3398502117730077,-1.1924996190589447,-1.129741056485452,0.2106163488216902,-0.2927949537879882,-0.7332924342496121,0.504676754083367,-0.44608477416052644,-0.010196089287598005,0.2855142581331357,-0.6641357565778871,-0.016064419324153617
-0.573797795389905,0.2192859931422134,0.1689031703278478,1.0638027570449422,0.7642663823267483,0.5713077608737036,-0.3410667401958186,-0.38711537527365275,-0.3565739635957147,0.24642376830436954,0.13550648836890625,0.397312775304825,-0.6392535532380306,-0.719772829381915,0.03714439641898765,0.5398370429668232,-1.0511760009606084,0.510395966527904,0.8452154705396473,-0.7654329477011874,0.3207438350949893,0.37980438005675343,-0.4640249694151593,-0.35280692095456656,0.6094359301995794,0.5300826247345896,0.16562950909510674,0.7351840907624445,-0.5686025004049154,0.5587284764193398,0.4221337902093078,0.14350221120999473,0.07504619475492698,1.4888257891251664,0.18282914568767467,-0.2927949537879882,0.7171590945615699,0.7214494744394854,0.1356384138547824,0.42880123512043733,0.414421508378725,0.1438713197568536,0.3607958176895903,-0.09290234914157745
-1.8286263178856663,-5.657428891624518,7.660994389342177,10.874725260342318,-3.0784633894734914,4.794334638569104,-4.244400567062329,-2.0313477882463524,1.5311891373670048,-3.2755137752178474,1.1476028208211397,-3.157186987193035,-8.641013455764739,-0.17847363835657806,-2.618977214640831,4.049048681138934,-13.911985231966282,-3.116116852022189,-1.4018782216089836,-10.541490308773197,-4.678549364714743,5.435684923790201,0.7702797144686139,-2.7891868083086853,5.9921508367765846,-5.986659624832656,9.371419327344297,5.308404626165256,-1.8279076374945824,1.3925282831622672,-3.6438847268311534,10.521048688574027,1.8828367972715008,4.972250944252574,6.7314487439138535,-0.7332924342496121,0.7214494744394854,3.31740747745685,-3.3202911952554537,2.1620559058291184,-0.626872339649277,-1.9218318375150847,3.4093148144447323,0.21646701914757424
1.5774017553052722,8.041278863863994,-10.143202685937808,-13.118721297065715,5.402923965947073,-5.6181055652590794,5.222819941854958,2.1474888568671595,-2.660621548894825,4.827364760469702,-1.3520657696551805,4.936934195721741,10.71500896047965,-0.8934681585088369,3.593490965362943,-4.665402390062569,17.264149560057923,5.040319523751968,3.2363123205148963,13.1556286931066,6.930831088404013,-6.800847681523085,-1.808049580832345,3.2287084173095053,-7.181554331884235,9.025724292562376,-12.508157546128816,-6.041685282681222,1.5567908627035267,-0.9740908229381103,5.648865467364369,-14.104727349454803,-2.4248662989416947,-4.382597774938203,-8.88659587138214,0.504676754083367,0.1356384138547824,-3.3202911952554537,4.744195284659606,-2.273856859608938,1.5413949145707857,2.81703720749715,-4.052740554623208,-0.4367954818564139
-1.1457298306049042,-3.914817171974888,5.267751864433059,7.378739774750559,-2.181077343249438,3.223054650523903,-2.9322950753710724,-1.3483062840322704,1.0815686396350155,-2.266596371236773,0.7727033124731666,-2.2245777968043243,-5.846490975143184,-0.04786683232276355,-1.8144988032691474,2.7311916210688296,-9.49360047977315,-2.200045800826185,-1.0233402237184615,-7.161402658797284,-3.2521443063707887,3.6868025160190867,0.5934572644294107,-1.9277554233983918,4.018338758371848,-4.181978612840828,6.384818451449739,3.589221806238931,-1.1967752839116028,0.8465979343223271,-2.523674567925441,7.222412332228739,1.2370269897112243,3.2986824715831373,4.624568258228888,-0.44608477416052644,0.42880123512043733,2.1620559058291184,-2.273856859608938,1.5257680968949165,-0.48615215004705575,-1.303916307957679,2.30453004864533,0.16205547092763542
0.17875801731327728,2.605850318176063,-3.051004465575801,-3.5032206657081475,2.0781797127389754,-1.435980915042679,1.4351736840805263,0.45669886285149697,-1.0167873872336386,1.6200319005233215,-0.3478599246472659,1.7446039553419734,2.969218251199107,-0.6559702646532931,1.1258371093311146,-1.1622643698714092,4.792439921533835,1.8308241565525494,1.4468367751437463,3.67634200805262,2.332655544495217,-1.9054956836443229,-0.8162597736704089,0.8133866504189403,-1.8988289510666911,3.0885961752343682,-3.7894643681176494,-1.4756224552048283,0.17198507314855488,0.00833645467415165,1.9796608602793768,-4.299459775687165,-0.7040056572361283,-0.564236572416683,-2.662134681506275,-0.010196089287598005,0.414421508378725,-0.626872339649277,1.5413949145707857,-0.48615215004705575,0.7079686850867517,0.9390612286103831,-1.0565591110002646,-0.18477922656421514
0.8876127059627226,4.783112730547858,-6.0007386811869186,-7.682086953522058,3.2654014064230394,-3.278966559819174,3.0664007160197504,1.2427110370318046,-1.6023548963660499,2.888915129486355,-0.7900328752011764,2.9532193132818394,6.307573445329535,-0.5893746907459778,2.1429635280237536,-2.7137787365531296,10.138617256075815,3.0317599181834325,1.9914077465930893,7.723398261536824,4.11308274324287,-3.994375392344575,-1.1005711017125974,1.8826094474004218,-4.209605101296553,5.3775716654763706,-7.39379918524683,-3.5182373356832386,0.8830527677409387,-0.546116540792706,3.3765521362005666,-8.339350314363786,-1.443532642438058,-2.481172311973918,-5.243475630491221,0.2855142581331357,0.1438713197568536,-1.9218318375150847,2.81703720749715,-1.303916307957679,0.9390612286103831,1.69180650520877,-2.375147542997106,-0.2723391563014119
-1.767297160459353,-6.897976011924534,9.002547388147772,12.213797685002266,-4.219001331959198,5.296682354377895,-4.8495647992860045,-2.1805209977177733,2.067447627990011,-4.060904700449656,1.2901412905106253,-4.042202949235813,-9.837420890760203,0.3031647668821973,-3.152812708665092,4.445874684169365,-15.85623613025527,-4.059204541563235,-2.2406660856847136,-12.024024876441167,-5.817420154845389,6.211070833289531,1.2284187351859788,-3.092610109594429,6.683030929450156,-7.530604801557135,11.043652540417654,5.799195227818728,-1.7595472452132153,1.241171248563401,-4.616251779977567,12.421459564098841,2.177867656738161,4.8959411475131205,7.8942138399326796,-0.6641357565778871,0.3607958176895903,3.4093148144447323,-4.052740554623208,2.30453004864533,-1.0565591110002646,-2.375147542997106,3.842683172745125,0.3291425627957975
-0.07106606048489829,-0.7486792670011481,0.8996457038263996,1.0620562451606612,-0.5733551344460437,0.43458758563608413,-0.437673272562811,-0.15425799832043538,0.275897659093321,-0.46589430253689335,0.10941021098676436,-0.48728478083056703,-0.8978327861799269,0.16140301706161847,-0.3353693176859871,0.3548012769098047,-1.4377988835839273,-0.512910999796125,-0.3823150588767671,-1.0936100761580412,-0.6500822892717467,0.5649410991787134,0.208634349812019,-0.2550470039561364,0.5755750664141808,-0.8667118019891632,1.1023121250371135,0.45949852646541184,-0.07777983257277583,0.02855069783777996,-0.5495357521503053,1.2496732404980821,0.21557110170475832,0.23700001540036358,0.7770636144102124,-0.016064419324153617,-0.09290234914157745,0.21646701914757424,-0.4367954818564139,0.16205547092763542,-0.18477922656421514,-0.2723391563014119,0.3291425627957975,0.05748051766363825
