V1,V2,V3,V4,V5,V6,V7,V8,V9,V10,V11,V12,V13,V14,V15,V16,V17,V18,V19,V20,V21,V22,V23,V24,V25,V26,V27,V28,V29,V30,V31,V32,V33,V34,V35,V36,V37,V38,V39,V40,V41,V42,V43,V44
0.6683319750522969,-2.260664637464307,-1.822064999145265,-0.1495457308535395,-0.9963013559058178,0.3817707022542377,0.3123420415620047,0.19375789418852116,1.4839963283614068,0.2028526466598617,-0.41073458799682805,-0.924348452390874,-1.4863766199633324,0.058698658048124464,-0.18670856587957757,0.8439214037894627,-0.47552530584598196,1.1565773359749885,0.30364797695464724,-1.517712860588845,-0.5621454510302323,-1.3823314777873879,0.19305495560744398,0.02010376510610164,-1.7357131987637826,0.024010712330050206,-0.5851055635449268,-2.0814254750997314,0.4804093547313455,-0.5658824326467048,0.4145468878095252,-0.18998674673407503,0.030494907615356663,-0.4250219453124347,-0.6102395417516724,1.4661262986641128,-0.365831903895847,-1.4456966940219051,-0.5667197781151275,0.7410209559917456,1.482421119676295,-1.1270341960442283,1.9606988718400506,2.514987894891351
-2.260664637464307,13.258838038463162,10.644209490186883,0.8918693194590994,3.9424976055669467,-2.267942087284204,-1.9650325745219281,-3.1118355238521427,-9.446875154112378,1.0061548675609713,3.699763592411935,6.262832726214887,6.614388199145376,-2.2013508811870968,0.6586816311640469,-3.758479650045779,2.2447436492692554,-7.118678904984064,-0.7586494639663522,8.402379516332738,3.11126072470018,8.3761026517566,-2.9261677003753763,-0.3317407902243942,11.999963548911566,2.2815490934294167,5.245540329126893,10.91915342039877,-3.642942579676895,3.107729950621199,-1.7773259902622136,1.791523657051975,0.3148236087364139,0.7305719763056219,4.1069099085678005,-7.691579065222706,3.2062480949476813,8.473831076975271,2.6971190601969925,-3.9033950297365196,-8.684188246599387,7.082076943035016,-9.715024846947374,-13.282200731341922
-1.822064999145265,10.644209490186883,8.714780852651238,0.7273806647803011,3.311789747723026,-1.7366454528645787,-1.6913404529628788,-2.494484720528936,-7.5335246540276115,0.7690161201716689,2.6900841149031023,5.053121486064934,5.395439905236902,-1.848356484649091,0.6215088647308126,-3.3304726868820724,2.013571156522711,-5.878835099872585,-0.5959960311315634,6.544716891541732,2.5461713469793077,6.907911065502173,-2.42783988554278,-0.17226167197447179,9.59506554382336,1.5532340971857077,4.013647674487305,8.729981910258735,-3.0646842782995445,2.790817458163703,-1.3765775498026023,1.4245868926665577,0.4222943479308128,0.9288227527331682,3.098312122212442,-6.12550949658262,2.5100162105636605,6.801382958507033,2.5096860334157163,-2.8577736319918796,-7.221727714848691,5.618753701697196,-7.920299926646228,-10.687951970718233
-0.1495457308535395,0.8918693194590994,0.7273806647803011,0.13975185633146062,0.40308684960384616,-0.04899982922205232,-0.10593695589757648,-0.2692182926813118,-0.5592419715225703,0.11983832901251708,0.154560742235036,0.5112241164072323,0.4514537816917387,-0.11027397037931493,0.12403735063836271,-0.3625499229178741,0.10705563446586394,-0.5421390052602194,-0.06145216442692239,0.46181349030105234,0.2778118797626315,0.5687238697636727,-0.22986254819142612,0.07122512844548723,0.7540277561002366,0.06456122466802965,0.26188411444870485,0.6904016651724465,-0.2751369505799253,0.33609431202222173,-0.14717978012902952,0.13281746089984578,0.13047090550966395,0.18685217723172928,0.18480855802969948,-0.46455182368545705,0.2202451502726308,0.5888591443579282,0.3184918554463726,-0.16548378439654743,-0.6283728792220874,0.38975352606681607,-0.67825057380985,-0.881898537704096
-0.9963013559058178,3.9424976055669467,3.311789747723026,0.40308684960384616,2.024915962366967,-0.30863067729332144,-0.5786082737388852,-0.6937219815848117,-2.400039862759925,-0.005853945207109095,0.37354731761905097,1.9062131916262834,2.4031524841979373,-0.2025836785838679,0.587799242605896,-1.868902064074824,0.7660627494716188,-2.2961013530351377,-0.42711944066937135,2.1515461677510195,1.134407555458699,2.520910588095225,-0.6808682114609578,0.23627557959031498,3.042195236467034,-0.22345826664493398,0.834362219946107,3.320489819395458,-1.0469142736030543,1.4512691600309064,-0.6969037497066913,0.44145399975710525,0.41990808093935195,1.106474859705372,0.7438633794374769,-2.2541046743238016,0.7263494433803807,2.5662788731481188,1.4985923264653462,-0.764853557214627,-2.8626984364999704,1.721744586804145,-3.3303436844153596,-4.223171218679095
0.3817707022542377,-2.267942087284204,-1.7366454528645787,-0.04899982922205232,-0.30863067729332144,0.7580932262746307,0.3340823483697667,0.4350198260154806,1.9039740068718483,-0.04137811454322815,-1.0223959733938837,-0.9794182966015187,-1.1398419930841248,0.35692583308129955,0.030421170947340433,0.2403003304445342,-0.4342659426417672,0.9857955255535794,0.2613825540233123,-1.7679090222697886,-0.3857797242974156,-1.3279775967399599,0.32895804519230026,0.2452034891623396,-2.138091903680841,-0.7556804199193778,-1.1766135539831117,-2.0102969377203275,0.5256846469132178,-0.14899207158738065,0.26897166658517124,-0.21084805824689629,0.20126601932626195,0.26083766143769815,-0.9627583682562828,1.5511478673192711,-0.5363289065066214,-1.492057165477514,0.11980881145489725,1.014076848696831,1.3352186080535362,-1.4055906567320522,1.6613040972226996,2.2741334055299176
0.3123420415620047,-1.9650325745219281,-1.6913404529628788,-0.10593695589757648,-0.5786082737388852,0.3340823483697667,0.4243004927381765,0.43663745335368565,1.4322606748540057,-0.12388631698169922,-0.42313215658413017,-0.9198699773684351,-1.0296479473521145,0.44460837860626756,-0.10343263879225865,0.6979177475506081,-0.5135201787073033,1.1426924437867267,0.07054362165370845,-1.187716651367726,-0.4688986448007793,-1.3823391222901107,0.4956860192659695,0.0503776797776609,-1.8277943054476684,-0.2338399758554156,-0.6967383341751443,-1.6311307296583502,0.622164229423176,-0.5813308790554652,0.21458577849246085,-0.222493857679512,-0.07170988237035512,-0.21713023788199676,-0.5568918755673824,1.1436982818042891,-0.4283755168850649,-1.238362677858504,-0.5827783854045799,0.483142156673084,1.4428996787951651,-1.0950768149371986,1.5086309057875946,2.0069076108132804
0.19375789418852116,-3.1118355238521427,-2.494484720528936,-0.2692182926813118,-0.6937219815848117,0.4350198260154806,0.43663745335368565,1.3499450456448727,2.3297446485371056,-0.8826265697890838,-1.123547033894149,-1.8253439872244284,-0.9414426581846989,0.7597501913351842,-0.2596178220007389,0.6077758291081883,-0.2720707221103426,1.7792438152179029,0.02432746479811811,-1.7822316767285584,-0.7040643059138356,-1.9270292496803743,1.1415595187595597,-0.02492592426616201,-3.1193529373099356,-1.1271963933623426,-1.638453704220005,-2.175212984282317,1.063391527866258,-0.737274500964817,0.29219529074367506,-0.621031152785523,-0.40915999405028286,0.21706952254665207,-1.010416692846661,1.5048171009535298,-1.0568809834880049,-2.1054452249297215,-0.4491787030227636,0.6950082548195234,2.064264305862837,-1.62984313786244,1.8611506343026045,2.6733412529648684
1.4839963283614068,-9.446875154112378,-7.5335246540276115,-0.5592419715225703,-2.400039862759925,1.9039740068718483,1.4322606748540057,2.3297446485371056,7.04684785446643,-0.8248630096188105,-3.039327784446936,-4.513513319945531,-4.517454121530513,1.6649498365824318,-0.38175409261485704,2.2506870254376303,-1.5995477129461146,4.939174727561768,0.593940831475127,-6.224969267548223,-2.0748536609933246,-5.898801880409626,2.0996751388045665,0.3651506687282528,-8.750876890948831,-2.1433560397881113,-4.099743995774014,-7.7697515191965705,2.5920358607325835,-1.8918340852775397,1.1691264016193477,-1.2327434893640719,-0.11003448396910472,-0.052830084863237745,-3.1780882120186136,5.594922673749938,-2.370843864993317,-6.114809920012268,-1.3781755332920838,3.0017595187507475,6.106914007597746,-5.21959540694435,6.794639465809351,9.309441289670206
0.2028526466598617,1.0061548675609713,0.7690161201716689,0.11983832901251708,-0.005853945207109095,-0.04137811454322815,-0.12388631698169922,-0.8826265697890838,-0.8248630096188105,0.8533792073505473,0.602073285480935,0.8382088858133478,-0.17681325812171797,-0.491519325891537,0.0900388609117062,0.06818481231771609,-0.16179045090633312,-0.6583710863160882,0.2084636396338798,0.5156988190109354,0.2147963552795457,0.6163811127800685,-0.7293821975707647,0.009080590504847604,1.31341311873968,0.8737326082051933,0.8805976364798891,0.42996145824989224,-0.4774703740696732,0.18290251375966177,-0.004470152855360263,0.3510764913951078,0.2720625857098985,-0.5013310513867502,0.4520021981634123,-0.23044455823941967,0.5970050242806131,0.7195750547485901,0.03465478314098418,-0.14089142590630532,-0.5924756658705298,0.5881796877850677,-0.20359684411211773,-0.5400522223941511
-0.41073458799682805,3.699763592411935,2.6900841149031023,0.154560742235036,0.37354731761905097,-1.0223959733938837,-0.42313215658413017,-1.123547033894149,-3.039327784446936,0.602073285480935,1.911352372174713,1.7908026549621618,1.3797485895195574,-0.7403244254502145,-0.08556152381357669,-0.09545302517772586,0.2950154589366733,-1.6571601757244812,-0.17592956040288757,2.8378994875754833,0.6504121879730912,2.052773759682769,-0.8560514746577471,-0.37742340651160117,3.722288020942627,1.6902972607059599,2.2428188022460094,3.0206345742976746,-0.8964567119306849,0.13660081095605658,-0.43220209839638346,0.5632722397611757,-0.24127750917833002,-0.8682569538029549,1.7086773662112769,-2.235830033004628,1.1507405128381762,2.427566079079575,-0.26968108570635707,-1.6668364051763214,-1.9699551739424435,2.2952982701016196,-2.2844936415191293,-3.4257679319410776
-0.924348452390874,6.262832726214887,5.053121486064934,0.5112241164072323,1.9062131916262834,-0.9794182966015187,-0.9198699773684351,-1.8253439872244284,-4.513513319945531,0.8382088858133478,1.7908026549621618,3.306807790525545,2.841960387143751,-1.015305435924795,0.5357742042943676,-1.7284273327519486,0.9214619799823579,-3.470352638571944,-0.404734851050696,3.8224052180511623,1.4818699384828695,3.9015034015302748,-1.5838265884254938,0.011904671815222402,5.7175727040338735,1.3192270527180772,2.5634332637909147,4.919700465551808,-1.8452347678793974,1.5697655725755255,-0.7863796174444835,0.8769372025781583,0.48048998028448586,0.2872459547963162,1.888961421635034,-3.5006314717851152,1.6439044071024211,4.165824331471761,1.1826516048394664,-1.6326740069924948,-4.207132951966345,3.213978237500847,-4.462902326337002,-6.017834975577728
-1.4863766199633324,6.614388199145376,5.395439905236902,0.4514537816917387,2.4031524841979373,-1.1398419930841248,-1.0296479473521145,-0.9414426581846989,-4.517454121530513,-0.17681325812171797,1.3797485895195574,2.841960387143751,4.018987505154513,-0.8014761624063952,0.35185808835076043,-2.406187674611195,1.4469055934941746,-3.525714894121784,-0.586698267199856,4.2031554582716355,1.664400502187295,4.277609098586726,-1.0143759825417635,-0.15402911603735495,5.581548397949993,0.3092629063293859,2.012190942950932,5.821953975395082,-1.6673271512075498,1.7735257162536473,-1.040197972662285,0.6684091431038058,-0.02263463421747477,1.0582091852313276,1.8206463640059103,-4.113574160111922,1.236462234634587,4.134429496053172,1.7676640906814582,-1.9781252461451453,-4.453184618778074,3.460826022481598,-5.385813664962811,-7.123875166962223
0.058698658048124464,-2.2013508811870968,-1.848356484649091,-0.11027397037931493,-0.2025836785838679,0.35692583308129955,0.44460837860626756,0.7597501913351842,1.6649498365824318,-0.491519325891537,-0.7403244254502145,-1.015305435924795,-0.8014761624063952,0.9993633498444947,0.1735130248999818,0.5347536935967071,-0.46881637118014513,1.3529360788107614,-0.2639900646175367,-1.2861645981171104,-0.5011471133451072,-1.6826186059491384,0.8853329877522235,0.19764359853688848,-2.446476529746638,-0.6515629551299891,-1.1632213218765526,-1.635723605980917,0.8576071994846935,-0.6047304616657189,0.1173727082243401,-0.4649217985881755,-0.00176505688860123,0.09493405879662123,-0.7611249368687074,1.073392256141252,-0.6866962025083803,-1.2506871207982828,-0.6614341031601347,0.5351654001882623,1.4938875594021288,-1.3907455040348313,1.290130884521428,2.0154185002385376
-0.18670856587957757,0.6586816311640469,0.6215088647308126,0.12403735063836271,0.587799242605896,0.030421170947340433,-0.10343263879225865,-0.2596178220007389,-0.38175409261485704,0.0900388609117062,-0.08556152381357669,0.5357742042943676,0.35185808835076043,0.1735130248999818,0.3915060733659512,-0.4572698569237004,0.10185759390629687,-0.44632876412021477,-0.23377970458512648,0.19703152076548594,0.21682954882710165,0.35509249892419276,-0.14274279475778573,0.2368165286937964,0.36344368758303736,-0.10103804051617656,0.01469049250874039,0.44350056925968895,-0.21432302657637847,0.39109446096143446,-0.12047752112940989,0.035431897281614735,0.37844965808791775,0.3628915892868289,-0.032764960121709485,-0.33468169425856903,0.12533684647103308,0.5834291371883804,0.258396451222781,0.10400641678549295,-0.644637974052983,0.09792934177155688,-0.6348839297735086,-0.6209378870439963
0.8439214037894627,-3.758479650045779,-3.3304726868820724,-0.3625499229178741,-1.868902064074824,0.2403003304445342,0.6979177475506081,0.6077758291081883,2.2506870254376303,0.06818481231771609,-0.09545302517772586,-1.7284273327519486,-2.406187674611195,0.5347536935967071,-0.4572698569237004,2.13167446152258,-1.0241005566766972,2.376659809963911,0.24769642032051664,-1.8099001331095252,-1.1337985680538025,-2.7124932467142924,0.7981050764137196,-0.20145512492432696,-3.0220414443475416,0.5099760086509638,-0.6374335099319859,-3.1232742863847727,1.1848352963931914,-1.7085669827849257,0.5701228846209986,-0.43594202492952183,-0.44388883982510713,-1.4120668332860105,-0.5333725271710256,2.0905865033139963,-0.6203549210952449,-2.3182905260380764,-1.8997859273918196,0.45694842466303204,2.9697766858695984,-1.6739610663823103,3.2159299602939915,4.082910959689239
-0.47552530584598196,2.2447436492692554,2.013571156522711,0.10705563446586394,0.7660627494716188,-0.4342659426417672,-0.5135201787073033,-0.2720707221103426,-1.5995477129461146,-0.16179045090633312,0.2950154589366733,0.9214619799823579,1.4469055934941746,-0.46881637118014513,0.10185759390629687,-1.0241005566766972,0.8102626209892335,-1.3343645223167448,-0.175528616624632,1.3155027973893259,0.5467353535674083,1.6825593964517276,-0.41475069720719127,-0.04356603727123788,1.9450398325877518,-0.07422649653635867,0.5833450536282304,1.9742240494312975,-0.7298651016769764,0.8148866798409109,-0.24452196232081796,0.19545450640003717,0.06641883149429559,0.6087925545409674,0.49992703328563837,-1.4201249805658989,0.3449893889538924,1.3826376344980191,0.8237879712823244,-0.47772664445775465,-1.7693657187808862,1.2021550946538873,-1.9458894668004152,-2.4334374040566384
1.1565773359749885,-7.118678904984064,-5.878835099872585,-0.5421390052602194,-2.2961013530351377,0.9857955255535794,1.1426924437867267,1.7792438152179029,4.939174727561768,-0.6583710863160882,-1.6571601757244812,-3.470352638571944,-3.525714894121784,1.3529360788107614,-0.44632876412021477,2.376659809963911,-1.3343645223167448,4.1014030711033636,0.291955944785633,-4.213643544335092,-1.7523177582657754,-4.718474218574781,1.7761585120004946,0.02840254249033093,-6.454669842668271,-0.9473534703770143,-2.611476508352582,-5.7045659441993335,2.164390437313069,-2.07354796497652,0.8812029552295964,-1.023071123201119,-0.4346315491671528,-0.7769751956303157,-1.9683081218476655,3.9562429860751536,-1.7230058796642829,-4.530840528717701,-1.9453901936737372,1.710929402080652,4.924029413485741,-3.673237348191119,5.2356033445187,7.059422417350641
0.30364797695464724,-0.7586494639663522,-0.5959960311315634,-0.06145216442692239,-0.42711944066937135,0.2613825540233123,0.07054362165370845,0.02432746479811811,0.593940831475127,0.2084636396338798,-0.17592956040288757,-0.404734851050696,-0.586698267199856,-0.2639900646175367,-0.23377970458512648,0.24769642032051664,-0.175528616624632,0.291955944785633,0.38710429116778516,-0.5573855589880158,-0.14570949394631927,-0.3128886159964861,-0.1150354699933997,-0.08061265957160266,-0.40321664139717855,-0.0032634500305701174,-0.13797007862213606,-0.7330593768924539,0.08947293190032103,-0.12298415294305654,0.1637744701371601,0.049929911194408455,-0.09193871740676197,-0.22225743170916465,-0.1739169408158739,0.6528308507890108,-0.060008417449238974,-0.6350714863008627,0.11246946007082599,0.270588046063922,0.5493386885174828,-0.26367064451939565,0.8207727644290228,0.8450197513159405
-1.517712860588845,8.402379516332738,6.544716891541732,0.46181349030105234,2.1515461677510195,-1.7679090222697886,-1.187716651367726,-1.7822316767285584,-6.224969267548223,0.5156988190109354,2.8378994875754833,3.8224052180511623,4.2031554582716355,-1.2861645981171104,0.19703152076548594,-1.8099001331095252,1.3155027973893259,-4.213643544335092,-0.5573855589880158,5.874454617173112,1.8200451673875853,5.109073990925295,-1.5925471168725425,-0.4709747649486997,7.677184508667896,1.8943809526601847,3.646113247935336,7.154115422434472,-2.0785188038914093,1.3923580103007729,-1.1576717870894002,1.0297852690967526,-0.2524260305400109,-0.15834509664118604,3.0291852860479853,-5.125702190655491,2.0411472539604754,5.376860284963326,1.0461949243663144,-3.0737444774353406,-5.14482358950063,4.755636420032445,-6.112909228681991,-8.472451546772952
-0.5621454510302323,3.11126072470018,2.5461713469793077,0.2778118797626315,1.134407555458699,-0.3857797242974156,-0.4688986448007793,-0.7040643059138356,-2.0748536609933246,0.2147963552795457,0.6504121879730912,1.4818699384828695,1.664400502187295,-0.5011471133451072,0.21682954882710165,-1.1337985680538025,0.5467353535674083,-1.7523177582657754,-0.14570949394631927,1.8200451673875853,0.839872315585545,2.0342103973614916,-0.7048902850132119,-0.0012700488354775298,2.740585025166006,0.2770336371265801,1.0339840013891137,2.5711825236621824,-0.8773984541156761,0.9323201429758616,-0.4697416685459169,0.422256525850797,0.1418347710232034,0.42516884939248056,0.8160958884964187,-1.7442532074875703,0.706551871655025,1.9489008416705742,0.9562968864883444,-0.7832533444480382,-2.1121440109328584,1.5941050613520933,-2.3565980121930896,-3.2063087633025074
-1.3823314777873879,8.3761026517566,6.907911065502173,0.5687238697636727,2.520910588095225,-1.3279775967399599,-1.3823391222901107,-1.9270292496803743,-5.898801880409626,0.6163811127800685,2.052773759682769,3.9015034015302748,4.277609098586726,-1.6826186059491384,0.35509249892419276,-2.7124932467142924,1.6825593964517276,-4.718474218574781,-0.3128886159964861,5.109073990925295,2.0342103973614916,5.605901511486986,-1.9930550274265517,-0.1982958492473298,7.663461124335781,1.13747148194975,3.141293544516042,6.872006255345177,-2.4957383748860718,2.303705838802,-1.0400587199358564,1.1547734846814943,0.2588291065865923,0.7986987101057789,2.4229196567164397,-4.7700244005094685,1.9686657825208587,5.2465960678636065,2.2126643414024376,-2.2024753116676736,-5.714715630904354,4.500773966946496,-6.195530148483119,-8.435138691882019
0.19305495560744398,-2.9261677003753763,-2.42783988554278,-0.22986254819142612,-0.6808682114609578,0.32895804519230026,0.4956860192659695,1.1415595187595597,2.0996751388045665,-0.7293821975707647,-0.8560514746577471,-1.5838265884254938,-1.0143759825417635,0.8853329877522235,-0.14274279475778573,0.7981050764137196,-0.41475069720719127,1.7761585120004946,-0.1150354699933997,-1.5925471168725425,-0.7048902850132119,-1.9930550274265517,1.1150156533742783,0.01889017255104905,-2.9687969584809037,-0.7955338160293187,-1.3935005990437304,-2.087820219985102,1.0571227538528591,-0.8580505461270469,0.25674741736846957,-0.590729537946834,-0.31881367960131207,3.568157350742537e-4,-0.8730279295685263,1.3814528954900578,-0.9255575138294849,-1.8580229250119884,-0.7879840945513951,0.5693487379655773,2.0274753072186478,-1.576464110936588,1.801940946868259,2.62582681789571
0.02010376510610164,-0.3317407902243942,-0.17226167197447179,0.07122512844548723,0.23627557959031498,0.2452034891623396,0.0503776797776609,-0.02492592426616201,0.3651506687282528,0.009080590504847604,-0.37742340651160117,0.011904671815222402,-0.15402911603735495,0.19764359853688848,0.2368165286937964,-0.20145512492432696,-0.04356603727123788,0.02840254249033093,-0.08061265957160266,-0.4709747649486997,-0.0012700488354775298,-0.1982958492473298,0.01889017255104905,0.24575223000493146,-0.47444496409213527,-0.312456824126817,-0.3681861302286454,-0.3955856503066626,0.010391682498322384,0.21783052265660136,0.03418310862239038,-0.03397720793210657,0.3253056944184144,0.36033438726872585,-0.3554854478000894,0.28257752578613693,-0.09903084636373685,-0.11972567097304156,0.18132619573273098,0.4150641648618651,0.003672856881929074,-0.42070585316996684,0.1290218227302795,0.38257562120864064
-1.7357131987637826,11.999963548911566,9.59506554382336,0.7540277561002366,3.042195236467034,-2.138091903680841,-1.8277943054476684,-3.1193529373099356,-8.750876890948831,1.31341311873968,3.722288020942627,5.7175727040338735,5.581548397949993,-2.446476529746638,0.36344368758303736,-3.0220414443475416,1.9450398325877518,-6.454669842668271,-0.40321664139717855,7.677184508667896,2.740585025166006,7.663461124335781,-2.9687969584809037,-0.47444496409213527,11.308453490892099,2.6441632219459548,5.211993242877208,9.7212445814138,-3.4217786034921778,2.6227762452482497,-1.4698500641921033,1.7489505373826633,0.17629758551532962,0.10998483335307561,3.9633045716585347,-6.822842385183134,3.114829012967501,7.604409568707534,2.2428955154295935,-3.627119915762135,-7.749634282024954,6.655729794039598,-8.39939713785319,-11.775612835212568
0.024010712330050206,2.2815490934294167,1.5532340971857077,0.06456122466802965,-0.22345826664493398,-0.7556804199193778,-0.2338399758554156,-1.1271963933623426,-2.1433560397881113,0.8737326082051933,1.6902972607059599,1.3192270527180772,0.3092629063293859,-0.6515629551299891,-0.10103804051617656,0.5099760086509638,-0.07422649653635867,-0.9473534703770143,-0.0032634500305701174,1.8943809526601847,0.2770336371265801,1.13747148194975,-0.7955338160293187,-0.312456824126817,2.6441632219459548,1.8437789824591795,1.9419718047773662,1.6439196379335976,-0.6061810448668716,-0.255085592062214,-0.15069290255945422,0.45145608600573295,-0.12682041710637826,-1.2575422013786368,1.350450498420575,-1.2643939640318618,0.9849462760314364,1.5934543966789874,-0.7182928656414787,-1.1678884874207414,-1.0536646819832385,1.5633364475444238,-0.9983078235335264,-1.7455193952365275
-0.5851055635449268,5.245540329126893,4.013647674487305,0.26188411444870485,0.834362219946107,-1.1766135539831117,-0.6967383341751443,-1.638453704220005,-4.099743995774014,0.8805976364798891,2.2428188022460094,2.5634332637909147,2.012190942950932,-1.1632213218765526,0.01469049250874039,-0.6374335099319859,0.5833450536282304,-2.611476508352582,-0.13797007862213606,3.646113247935336,1.0339840013891137,3.141293544516042,-1.3935005990437304,-0.3681861302286454,5.211993242877208,1.9419718047773662,2.8747802117687007,4.162365102938142,-1.4480778954774114,0.6562719630400606,-0.5761189016217119,0.862484645831524,-0.06464727150552736,-0.7260498255995325,2.0992396292547317,-2.977305222350906,1.5889808975612965,3.3931520925990375,0.2547537706475687,-1.9117911081266883,-3.0890671005068993,3.0959131102910935,-3.3185410623969953,-4.87389017839362
-2.0814254750997314,10.91915342039877,8.729981910258735,0.6904016651724465,3.320489819395458,-2.0102969377203275,-1.6311307296583502,-2.175212984282317,-7.7697515191965705,0.42996145824989224,3.0206345742976746,4.919700465551808,5.821953975395082,-1.635723605980917,0.44350056925968895,-3.1232742863847727,1.9742240494312975,-5.7045659441993335,-0.7330593768924539,7.154115422434472,2.5711825236621824,6.872006255345177,-2.087820219985102,-0.3955856503066626,9.7212445814138,1.6439196379335976,4.162365102938142,9.313520170901967,-2.8222775828700346,2.422671640599126,-1.575146710351358,1.3314489912760628,-0.05452188318819357,0.6632220509852792,3.449623049142268,-6.568638253961169,2.459086331322135,6.912430114290854,2.190947612796375,-3.507126717826504,-7.048291341188035,5.946009591888216,-8.255123434348844,-11.251960595876403
0.4804093547313455,-3.642942579676895,-3.0646842782995445,-0.2751369505799253,-1.0469142736030543,0.5256846469132178,0.622164229423176,1.063391527866258,2.5920358607325835,-0.4774703740696732,-0.8964567119306849,-1.8452347678793974,-1.6673271512075498,0.8576071994846935,-0.21432302657637847,1.1848352963931914,-0.7298651016769764,2.164390437313069,0.08947293190032103,-2.0785188038914093,-0.8773984541156761,-2.4957383748860718,1.0571227538528591,0.010391682498322384,-3.4217786034921778,-0.6061810448668716,-1.4480778954774114,-2.8222775828700346,1.2388525576896592,-1.132254594112702,0.3753189254754279,-0.5800773983597163,-0.318405359989849,-0.3650589894818566,-0.9922535413901681,1.9561695444371698,-0.9401703584010384,-2.3342107803165777,-1.0005707723228103,0.7637182334705096,2.592313377440038,-1.9025148824359839,2.5905209252066244,3.494845353773657
-0.5658824326467048,3.107729950621199,2.790817458163703,0.33609431202222173,1.4512691600309064,-0.14899207158738065,-0.5813308790554652,-0.737274500964817,-1.8918340852775397,0.18290251375966177,0.13660081095605658,1.5697655725755255,1.7735257162536473,-0.6047304616657189,0.39109446096143446,-1.7085669827849257,0.8148866798409109,-2.07354796497652,-0.12298415294305654,1.3923580103007729,0.9323201429758616,2.303705838802,-0.8580505461270469,0.21783052265660136,2.6227762452482497,-0.255085592062214,0.6562719630400606,2.422671640599126,-1.132254594112702,1.5108786397935767,-0.39495328777798294,0.45792986204234015,0.527175393405989,1.1203043198978444,0.4189139873899612,-1.6015641725243766,0.6189063676382217,1.9510464704195718,1.5882314949867147,-0.2325876030760394,-2.5148107664819923,1.3620971925220084,-2.518855523598348,-3.190217595825641
0.4145468878095252,-1.7773259902622136,-1.3765775498026023,-0.14717978012902952,-0.6969037497066913,0.26897166658517124,0.21458577849246085,0.29219529074367506,1.1691264016193477,-0.004470152855360263,-0.43220209839638346,-0.7863796174444835,-1.040197972662285,0.1173727082243401,-0.12047752112940989,0.5701228846209986,-0.24452196232081796,0.8812029552295964,0.1637744701371601,-1.1576717870894002,-0.4697416685459169,-1.0400587199358564,0.25674741736846957,0.03418310862239038,-1.4698500641921033,-0.15069290255945422,-0.5761189016217119,-1.575146710351358,0.3753189254754279,-0.39495328777798294,0.34625071483529224,-0.20065390234465308,0.026131548651871714,-0.1753781256625594,-0.5280466954890866,1.0821326273973895,-0.36360560004730896,-1.1220033818673467,-0.4054658620241687,0.6136553543084967,1.0905824548523515,-0.9199760347866774,1.4048225132255405,1.9275379972811175
-0.18998674673407503,1.791523657051975,1.4245868926665577,0.13281746089984578,0.44145399975710525,-0.21084805824689629,-0.222493857679512,-0.621031152785523,-1.2327434893640719,0.3510764913951078,0.5632722397611757,0.8769372025781583,0.6684091431038058,-0.4649217985881755,0.035431897281614735,-0.43594202492952183,0.19545450640003717,-1.023071123201119,0.049929911194408455,1.0297852690967526,0.422256525850797,1.1547734846814943,-0.590729537946834,-0.03397720793210657,1.7489505373826633,0.45145608600573295,0.862484645831524,1.3314489912760628,-0.5800773983597163,0.45792986204234015,-0.20065390234465308,0.40114572150850697,0.12206106964145862,-0.005009935407534137,0.5507995049271892,-0.8689427903469045,0.5586188161074843,1.110564308711235,0.4168245657256139,-0.4325689967451938,-1.1388301033517625,0.9500927838199117,-1.1127307960620354,-1.648697687037496
0.030494907615356663,0.3148236087364139,0.4222943479308128,0.13047090550966395,0.41990808093935195,0.20126601932626195,-0.07170988237035512,-0.40915999405028286,-0.11003448396910472,0.2720625857098985,-0.24127750917833002,0.48048998028448586,-0.02263463421747477,-0.00176505688860123,0.37844965808791775,-0.44388883982510713,0.06641883149429559,-0.4346315491671528,-0.09193871740676197,-0.2524260305400109,0.1418347710232034,0.2588291065865923,-0.31881367960131207,0.3253056944184144,0.17629758551532962,-0.12682041710637826,-0.06464727150552736,-0.05452188318819357,-0.318405359989849,0.527175393405989,0.026131548651871714,0.12206106964145862,0.5966039098952032,0.45820035579665636,-0.2530341217948439,0.037561109913218746,0.13448583733919525,0.36120971867931156,0.3678379225795727,0.4805783713380701,-0.5582996416817751,-0.16425128320352803,-0.2444078036748196,-0.08826835756829478
-0.4250219453124347,0.7305719763056219,0.9288227527331682,0.18685217723172928,1.106474859705372,0.26083766143769815,-0.21713023788199676,0.21706952254665207,-0.052830084863237745,-0.5013310513867502,-0.8682569538029549,0.2872459547963162,1.0582091852313276,0.09493405879662123,0.3628915892868289,-1.4120668332860105,0.6087925545409674,-0.7769751956303157,-0.22225743170916465,-0.15834509664118604,0.42516884939248056,0.7986987101057789,3.568157350742537e-4,0.36033438726872585,0.10998483335307561,-1.2575422013786368,-0.7260498255995325,0.6632220509852792,-0.3650589894818566,1.1203043198978444,-0.1753781256625594,-0.005009935407534137,0.45820035579665636,1.5512959672804658,-0.5297011503440336,-0.420614754881304,-0.2021555596199662,0.4220531128407386,1.3139056519335777,0.5131351245364251,-1.0760118661696976,-0.07397470055642968,-1.1721859852089926,-1.095978011181455
-0.6102395417516724,4.1069099085678005,3.098312122212442,0.18480855802969948,0.7438633794374769,-0.9627583682562828,-0.5568918755673824,-1.010416692846661,-3.1780882120186136,0.4520021981634123,1.7086773662112769,1.888961421635034,1.8206463640059103,-0.7611249368687074,-0.032764960121709485,-0.5333725271710256,0.49992703328563837,-1.9683081218476655,-0.1739169408158739,3.0291852860479853,0.8160958884964187,2.4229196567164397,-0.8730279295685263,-0.3554854478000894,3.9633045716585347,1.350450498420575,2.0992396292547317,3.449623049142268,-0.9922535413901681,0.4189139873899612,-0.5280466954890866,0.5507995049271892,-0.2530341217948439,-0.5297011503440336,1.7083159523975187,-2.4820113459775883,1.1228251393967528,2.6211422217740012,0.2052587130542058,-1.699970196410417,-2.342011412372008,2.472342662140551,-2.760409023977896,-4.016041862116812
1.4661262986641128,-7.691579065222706,-6.12550949658262,-0.46455182368545705,-2.2541046743238016,1.5511478673192711,1.1436982818042891,1.5048171009535298,5.594922673749938,-0.23044455823941967,-2.235830033004628,-3.5006314717851152,-4.113574160111922,1.073392256141252,-0.33468169425856903,2.0905865033139963,-1.4201249805658989,3.9562429860751536,0.6528308507890108,-5.125702190655491,-1.7442532074875703,-4.7700244005094685,1.3814528954900578,0.28257752578613693,-6.822842385183134,-1.2643939640318618,-2.977305222350906,-6.568638253961169,1.9561695444371698,-1.6015641725243766,1.0821326273973895,-0.8689427903469045,0.037561109913218746,-0.420614754881304,-2.4820113459775883,4.745514858282924,-1.7123500973612118,-4.940897756711418,-1.283320941584352,2.5375183135940858,4.974717925135001,-4.17285935362867,5.862726271371988,7.889569724797116
-0.365831903895847,3.2062480949476813,2.5100162105636605,0.2202451502726308,0.7263494433803807,-0.5363289065066214,-0.4283755168850649,-1.0568809834880049,-2.370843864993317,0.5970050242806131,1.1507405128381762,1.6439044071024211,1.236462234634587,-0.6866962025083803,0.12533684647103308,-0.6203549210952449,0.3449893889538924,-1.7230058796642829,-0.060008417449238974,2.0411472539604754,0.706551871655025,1.9686657825208587,-0.9255575138294849,-0.09903084636373685,3.114829012967501,0.9849462760314364,1.5889808975612965,2.459086331322135,-0.9401703584010384,0.6189063676382217,-0.36360560004730896,0.5586188161074843,0.13448583733919525,-0.2021555596199662,1.1228251393967528,-1.7123500973612118,0.9697860781835397,2.0789915913147863,0.43579724931561103,-0.9552267825292251,-2.0001803135606044,1.7618228087712844,-2.055616527678358,-2.965246144353041
-1.4456966940219051,8.473831076975271,6.801382958507033,0.5888591443579282,2.5662788731481188,-1.492057165477514,-1.238362677858504,-2.1054452249297215,-6.114809920012268,0.7195750547485901,2.427566079079575,4.165824331471761,4.134429496053172,-1.2506871207982828,0.5834291371883804,-2.3182905260380764,1.3826376344980191,-4.530840528717701,-0.6350714863008627,5.376860284963326,1.9489008416705742,5.2465960678636065,-1.8580229250119884,-0.11972567097304156,7.604409568707534,1.5934543966789874,3.3931520925990375,6.912430114290854,-2.3342107803165777,1.9510464704195718,-1.1220033818673467,1.110564308711235,0.36120971867931156,0.4220531128407386,2.6211422217740012,-4.940897756711418,2.0789915913147863,5.556816983934644,1.4986675847312638,-2.453250801281016,-5.594956062696588,4.438101962748504,-6.22645419184,-8.38038454741002
-0.5667197781151275,2.6971190601969925,2.5096860334157163,0.3184918554463726,1.4985923264653462,0.11980881145489725,-0.5827783854045799,-0.4491787030227636,-1.3781755332920838,0.03465478314098418,-0.26968108570635707,1.1826516048394664,1.7676640906814582,-0.6614341031601347,0.258396451222781,-1.8997859273918196,0.8237879712823244,-1.9453901936737372,0.11246946007082599,1.0461949243663144,0.9562968864883444,2.2126643414024376,-0.7879840945513951,0.18132619573273098,2.2428955154295935,-0.7182928656414787,0.2547537706475687,2.190947612796375,-1.0005707723228103,1.5882314949867147,-0.4054658620241687,0.4168245657256139,0.3678379225795727,1.3139056519335777,0.2052587130542058,-1.283320941584352,0.43579724931561103,1.4986675847312638,2.059492809310186,-0.08416772842032037,-2.25580553217103,1.1995522304628314,-2.2810849495726666,-3.0027561524478754
0.7410209559917456,-3.9033950297365196,-2.8577736319918796,-0.16548378439654743,-0.764853557214627,1.014076848696831,0.483142156673084,0.6950082548195234,3.0017595187507475,-0.14089142590630532,-1.6668364051763214,-1.6326740069924948,-1.9781252461451453,0.5351654001882623,0.10400641678549295,0.45694842466303204,-0.47772664445775465,1.710929402080652,0.270588046063922,-3.0737444774353406,-0.7832533444480382,-2.2024753116676736,0.5693487379655773,0.4150641648618651,-3.627119915762135,-1.1678884874207414,-1.9117911081266883,-3.507126717826504,0.7637182334705096,-0.2325876030760394,0.6136553543084967,-0.4325689967451938,0.4805783713380701,0.5131351245364251,-1.699970196410417,2.5375183135940858,-0.9552267825292251,-2.453250801281016,-0.08416772842032037,1.891824834552811,2.0855583683765277,-2.405701046561293,2.788049456658244,4.034410878579819
1.482421119676295,-8.684188246599387,-7.221727714848691,-0.6283728792220874,-2.8626984364999704,1.3352186080535362,1.4428996787951651,2.064264305862837,6.106914007597746,-0.5924756658705298,-1.9699551739424435,-4.207132951966345,-4.453184618778074,1.4938875594021288,-0.644637974052983,2.9697766858695984,-1.7693657187808862,4.924029413485741,0.5493386885174828,-5.14482358950063,-2.1121440109328584,-5.714715630904354,2.0274753072186478,0.003672856881929074,-7.749634282024954,-1.0536646819832385,-3.0890671005068993,-7.048291341188035,2.592313377440038,-2.5148107664819923,1.0905824548523515,-1.1388301033517625,-0.5582996416817751,-1.0760118661696976,-2.342011412372008,4.974717925135001,-2.0001803135606044,-5.594956062696588,-2.25580553217103,2.0855583683765277,6.115277951254799,-4.448087521716782,6.576728141312656,8.704943434982043
-1.1270341960442283,7.082076943035016,5.618753701697196,0.38975352606681607,1.721744586804145,-1.4055906567320522,-1.0950768149371986,-1.62984313786244,-5.21959540694435,0.5881796877850677,2.2952982701016196,3.213978237500847,3.460826022481598,-1.3907455040348313,0.09792934177155688,-1.6739610663823103,1.2021550946538873,-3.673237348191119,-0.26367064451939565,4.755636420032445,1.5941050613520933,4.500773966946496,-1.576464110936588,-0.42070585316996684,6.655729794039598,1.5633364475444238,3.0959131102910935,5.946009591888216,-1.9025148824359839,1.3620971925220084,-0.9199760347866774,0.9500927838199117,-0.16425128320352803,-0.07397470055642968,2.472342662140551,-4.17285935362867,1.7618228087712844,4.438101962748504,1.1995522304628314,-2.405701046561293,-4.448087521716782,4.082569819224181,-5.044249997278093,-7.117154903540094
1.9606988718400506,-9.715024846947374,-7.920299926646228,-0.67825057380985,-3.3303436844153596,1.6613040972226996,1.5086309057875946,1.8611506343026045,6.794639465809351,-0.20359684411211773,-2.2844936415191293,-4.462902326337002,-5.385813664962811,1.290130884521428,-0.6348839297735086,3.2159299602939915,-1.9458894668004152,5.2356033445187,0.8207727644290228,-6.112909228681991,-2.3565980121930896,-6.195530148483119,1.801940946868259,0.1290218227302795,-8.39939713785319,-0.9983078235335264,-3.3185410623969953,-8.255123434348844,2.5905209252066244,-2.518855523598348,1.4048225132255405,-1.1127307960620354,-0.2444078036748196,-1.1721859852089926,-2.760409023977896,5.862726271371988,-2.055616527678358,-6.22645419184,-2.2810849495726666,2.788049456658244,6.576728141312656,-5.044249997278093,7.621253181634473,10.073931842972224
2.514987894891351,-13.282200731341922,-10.687951970718233,-0.881898537704096,-4.223171218679095,2.2741334055299176,2.0069076108132804,2.6733412529648684,9.309441289670206,-0.5400522223941511,-3.4257679319410776,-6.017834975577728,-7.123875166962223,2.0154185002385376,-0.6209378870439963,4.082910959689239,-2.4334374040566384,7.059422417350641,0.8450197513159405,-8.472451546772952,-3.2063087633025074,-8.435138691882019,2.62582681789571,0.38257562120864064,-11.775612835212568,-1.7455193952365275,-4.87389017839362,-11.251960595876403,3.494845353773657,-3.190217595825641,1.9275379972811175,-1.648697687037496,-0.08826835756829478,-1.095978011181455,-4.016041862116812,7.889569724797116,-2.965246144353041,-8.38038454741002,-3.0027561524478754,4.034410878579819,8.704943434982043,-7.117154903540094,10.073931842972224,13.712885259175394
