V1,V2,V3,V4,V5,V6,V7,V8,V9,V10,V11,V12,V13,V14,V15,V16,V17,V18,V19,V20,V21,V22,V23,V24,V25,V26,V27,V28,V29,V30,V31,V32,V33,V34,V35,V36,V37,V38,V39,V40,V41,V42,V43,V44
11.892149765392146,3.56746952272941,-9.029775299884486,3.7305733113563533,4.188381347720715,8.740032458377975,-3.2466449163790996,0.5187531664903052,-3.6275985753888613,-2.6321918181772905,-1.121739993088046,13.399633853840436,-6.29479168410398,-0.8782933457385518,2.0689875460634735,7.016473216091777,1.841328705118743,-7.182421561269303,-8.101213354037966,-8.222117003608517,3.765656212291025,-3.4658632055431684,5.874216901316547,1.5928610282896374,-2.103404368436774,5.386954252192107,-2.699098975593437,1.864740133665481,-1.5203490253922192,4.047724909578707,5.945645933550005,-3.851279894573881,4.082157480998147,-10.41845046996429,-0.6654383609329251,-6.638387438267502,-11.035143258403409,-2.3654639718505908,-12.3389670202813,0.6366407592548304,-1.0368042706682474,12.003806566856404,5.9488315640057925,3.295931105572033
3.56746952272941,1.346058190407744,-3.522906060885138,0.9192315362447351,1.4397341148856555,2.9601955049805886,-1.0726384716891668,0.13258570671331502,-1.3294898864932576,-0.609246771290898,-0.8566481455381043,4.573895567189609,-1.0940554249934302,-0.9190175654863566,0.3985842513791919,1.944278970788244,0.36606641857848043,-2.6583576006995857,-2.6857480004658654,-2.9620289086019755,1.1141968241780706,-1.493278333046673,1.6782839112330488,0.13840734492715903,-0.9369167141197322,1.6593072557734485,-0.8947643322601008,0.5457059849349466,-0.5037530416745808,0.8480853976809921,2.0225137307767977,-1.196261336424043,1.1532059641647459,-3.5667433044567045,-0.6817390971520441,-2.6059184308352363,-3.8236189966100724,-0.731053808875046,-3.361847086089668,0.5050763926269303,-1.2117803318362188,3.6005494641769262,2.9073998835982886,0.47119473965242986
-9.029775299884486,-3.522906060885138,9.261578849383188,-2.247669636530226,-3.7222190802162247,-7.636502440943433,2.7585157883822617,-0.3261830739289652,3.465605077850489,1.4655590583093332,2.3824252301783115,-11.811593018114513,2.445523413965014,2.6001385513317135,-0.9158927452422823,-4.862502784454863,-0.8512573309377169,6.939423010603613,6.90374355834554,7.701325602536518,-2.8124581380270732,3.967953884384173,-4.209731801197342,-0.21713694742346068,2.4983993331866623,-4.223278759811972,2.3023388743152715,-1.3794016029068767,1.2957132725802625,-1.999589233899758,-5.214599207461044,3.048987942366087,-2.886984367605109,9.213341873005106,1.9290020597461126,6.854737901068625,9.898569813919822,1.856882948326442,8.374430116982685,-1.4045275779545652,3.442400929436977,-9.117027071861457,-7.829748714442533,-0.9769629463107447
3.7305733113563533,0.9192315362447351,-2.247669636530226,1.3272460973267033,1.1804024265687614,2.4973107107556727,-0.9506795186935403,0.18176797731756839,-0.9616949459979713,-0.9540024420681387,0.034824717664633666,3.802413506284522,-2.572618601791457,0.20331289026032848,0.8109690214411197,2.3346987544164928,0.7204717044747658,-1.8855198016590704,-2.3514686649710526,-2.207700984930109,1.1886392088634885,-0.7505379473670023,1.8961730141197708,0.7645891718654237,-0.43250065365373297,1.6706825734512953,-0.7888242137879276,0.6024340037574166,-0.4444133968046121,1.5504489588948611,1.6792389004914152,-1.1868599215326394,1.3259118628079174,-2.9478288057588085,0.1403367797953071,-1.6339156560832946,-3.0993831551042677,-0.7219995719170089,-4.134343197084231,-0.04218193734076561,0.3391573287757564,3.773879847829107,1.0480068392358164,1.4126664950969674
4.188381347720715,1.4397341148856555,-3.7222190802162247,1.1804024265687614,1.6027778515769424,3.3086363854662184,-1.2112677156588612,0.1635189238436051,-1.438116215230815,-0.807333704818186,-0.7414900141627082,5.093951104653869,-1.69118475130793,-0.7466401551464333,0.5816528149177891,2.3695533416440937,0.5244688416588252,-2.8642818809893758,-3.0254625089280767,-3.230348119082101,1.3178553840690514,-1.5257760492634904,2.016273969243916,0.33909650091660143,-0.947550443461633,1.9275616170895946,-1.0077740616504396,0.6490523792541281,-0.56644863099139,1.1821462658613549,2.255304374664416,-1.384614398222617,1.3935907647676307,-3.963871896740593,-0.5559046802894216,-2.752512371024044,-4.229753583437337,-0.8448813929639629,-4.1214263888488105,0.4336798586033624,-0.9694711576008537,4.2289730640763015,2.846567100256561,0.8181567158090379
8.740032458377975,2.9601955049805886,-7.636502440943433,2.4973107107556727,3.3086363854662184,6.843991492851121,-2.5097525744473925,0.34954908823408837,-2.961849234424601,-1.7132224142036496,-1.461818334635111,10.533872460039138,-3.6566244503104013,-1.4506679816874928,1.2487484018818775,4.966770878388444,1.125296014858894,-5.896246582623736,-6.2690473140167144,-6.654225671860529,2.7499309460141244,-3.1063586715217713,4.21624825535624,0.760325873460544,-1.9238149560710003,4.014932061203011,-2.0891027664963375,1.356100779453352,-1.175375445244729,2.527488503214653,4.663588102362721,-2.882656043346348,2.9151172921789543,-8.199371507630454,-1.0817754035524434,-5.638386175726797,-8.742938387347348,-1.7618264027688713,-8.655235125651268,0.8522083546884273,-1.871290335068581,8.82399659159941,5.753696668884918,1.7891263152542143
-3.2466449163790996,-1.0726384716891668,2.7585157883822617,-0.9506795186935403,-1.2112677156588612,-2.5097525744473925,0.9241365039197581,-0.13200841731221064,1.0771348534230663,0.6523156774101316,0.4909921832916493,-3.860094956104829,1.441846624691456,0.4747726851322568,-0.48644279111311983,-1.865300227391977,-0.4394559504731532,2.1398736159474505,2.303200573097998,2.4204139071173323,-1.0221408757038362,1.107139311559869,-1.5742383974868908,-0.31939173458653464,0.6835870224202424,-1.491832566373889,0.7686113092242413,-0.506258351705706,0.4325477653254694,-0.9779455523682353,-1.7061441227090959,1.0690356034768127,-1.0879987133299158,3.00282393184235,0.353694753491075,2.032751083656093,3.2000634697744386,0.6512002966881881,3.252902520955611,-0.2819372314932048,0.6033240027759812,-3.280282736063096,-2.028263983846647,-0.7163834909612323
0.5187531664903052,0.13258570671331502,-0.3261830739289652,0.18176797731756839,0.1635189238436051,0.34954908823408837,-0.13200841731221064,0.028608117802013486,-0.1357549736471492,-0.1316501061408783,-4.794124188915124e-6,0.5324755054297367,-0.3448712167479012,0.02032913407355483,0.10746429637890845,0.3203507515792944,0.09517441224169537,-0.27165937093752124,-0.32839439156179356,-0.3113308741780857,0.16343039053128816,-0.11039000803806287,0.25634075692760355,0.10260143940748766,-0.06236413032720774,0.23015042145113881,-0.11133783622381199,0.0850666657150431,-0.06301186098773315,0.21214957872249166,0.23432678193404363,-0.16575961998789676,0.18139277798085404,-0.4160717670965352,0.009625270000042914,-0.23593554794975116,-0.43932419083969393,-0.10166795990585073,-0.5697787711042265,-0.0015000105194651573,0.034218485605534185,0.5238533694517705,0.15784513155572705,0.18679563796025034
-3.6275985753888613,-1.3294898864932576,3.465605077850489,-0.9616949459979713,-1.438116215230815,-2.961849234424601,1.0771348534230663,-0.1357549736471492,1.321255641828959,0.6416497298427197,0.8042816162951724,-4.575272619026362,1.2198934022262526,0.845483253589221,-0.43876292485779333,-1.9954465300645834,-0.4014125813157603,2.630472821434232,2.697635492276704,2.9441627025557997,-1.1361969390105677,1.453673316287693,-1.7260031173808008,-0.179627879209907,0.911214053520618,-1.683428801720044,0.8963957670596648,-0.5518830592218149,0.5053255387242137,-0.9083285885622616,-2.0268261598369524,1.2086371388569133,-1.1827545810196347,3.5653854882656635,0.620550014705079,2.55914064061973,3.8127993497015367,0.741858676841266,3.462419723747352,-0.47125515942305995,1.1031668084138146,-3.660475742519588,-2.8038462875514116,-0.5523430894777268
-2.6321918181772905,-0.609246771290898,1.4655590583093332,-0.9540024420681387,-0.807333704818186,-1.7132224142036496,0.6523156774101316,-0.1316501061408783,0.6416497298427197,0.7053065678929092,-0.09646070810534581,-2.6000121053325156,1.911411799104098,-0.2376506382960463,-0.6007805255958424,-1.6572404592158867,-0.5238089007327056,1.262340345348506,1.6244173299237041,1.4971865905709623,-0.8437794743192399,0.4735081862992495,-1.3493620514260014,-0.578608802913155,0.2652407372686321,-1.1574596540691724,0.5420242723354579,-0.4245964107243362,0.3047997684633516,-1.1370384581536115,-1.1595390750563614,0.8250110933709492,-0.9524384648710894,2.016264534051717,-0.16356369340589363,1.0722634840297032,2.106280401430339,0.5092783033623283,2.9522272537576684,0.062242792261586695,-0.35461332418366015,-2.655463190411411,-0.5761749626122455,-1.0672082560394955
-1.121739993088046,-0.8566481455381043,2.3824252301783115,0.034824717664633666,-0.7414900141627082,-1.461818334635111,0.4909921832916493,-4.794124188915124e-6,0.8042816162951724,-0.09646070810534581,1.1049355267511702,-2.314077221096085,-0.9269525233127748,1.3285505038604293,0.22099225626347963,-0.3411005392700808,0.1777311521789675,1.6271019602193584,1.253978638806265,1.7222339074476163,-0.3301352371720905,1.1866867441320383,-0.41330072041829496,0.5172960894496581,0.7821702519095088,-0.5865246777236444,0.4104651669189033,-0.13700459444946703,0.23183787904266084,0.328452512668293,-1.0262943109325902,0.43207643864394063,-0.254259452209882,1.8176209995491939,0.9646116682457097,1.7812801978141743,1.9990909618698225,0.26888455613175805,0.5053568412367001,-0.6649914698786746,1.8018095351452705,-1.1252689388544874,-2.6935626549134297,0.6679060429239555
13.399633853840436,4.573895567189609,-11.811593018114513,3.802413506284522,5.093951104653869,10.533872460039138,-3.860094956104829,0.5324755054297367,-4.575272619026362,-2.6000121053325156,-2.314077221096085,16.221610549098244,-5.498784940146654,-2.311516317974183,1.8874366425827644,7.588656715172252,1.7041403507386286,-9.10350714036386,-9.645766879691012,-10.265394832767027,4.214100009669823,-4.818687357151606,6.458658169709681,1.1125795149536557,-2.9891035416152367,6.1630275786752575,-3.212488257610853,2.0724077266866625,-1.8083513474635153,3.8228892784643804,7.183088972752027,-4.4228894888890915,4.4583376200397495,-12.628332023920919,-1.7163200126511995,-8.717852147907463,-13.46775224529831,-2.7060984347201544,-13.221945355368957,1.348304394324586,-2.981128424481072,13.527253931260391,8.97009412492077,2.6756119155960874
-6.29479168410398,-1.0940554249934302,2.445523413965014,-2.572618601791457,-1.69118475130793,-3.6566244503104013,1.441846624691456,-0.3448712167479012,1.2198934022262526,1.911411799104098,-0.9269525233127748,-5.498784940146654,5.664788509175712,-1.4320585954901544,-1.7351545557823798,-4.213541456321436,-1.522669513896724,2.3475063282566024,3.543031669317664,2.9038818339690216,-2.0310888043342836,0.5164754009687154,-3.3334029589989247,-1.8640837629971234,0.2225769191058802,-2.7473897127739977,1.1919246994565693,-1.0447696120501209,0.6708879892919083,-3.2292279935170303,-2.4343880917748946,1.937783734710716,-2.3569196669227104,4.242339927374508,-1.0315640958140506,1.7446944458197047,4.383350048624129,1.1796247172399257,7.544943773969546,0.594373488751884,-2.0618202598224107,-6.370844737447724,0.09538502887309579,-3.2425539784782913
-0.8782933457385518,-0.9190175654863566,2.6001385513317135,0.20331289026032848,-0.7466401551464333,-1.4506679816874928,0.4747726851322568,0.02032913407355483,0.845483253589221,-0.2376506382960463,1.3285505038604293,-2.311516317974183,-1.4320585954901544,1.628406583280443,0.37300116434200337,-0.13017825018398452,0.3052526064608938,1.7268929231012837,1.2101051391913786,1.7911110120822726,-0.24362837762791945,1.3359224576203221,-0.2445230371415113,0.7014428293449683,0.88637986207163455,-0.5015380479634073,0.3995922208497822,-0.09895942220402626,0.22489253597245837,0.5805161421125342,-1.014150373649773,0.3784699669953129,-0.13368401411621622,1.8201129084588257,1.1907592270898015,1.949250416299502,2.03118779072907,0.2275046505836388,0.09673051435490532,-0.7985920861741554,2.2196967914865238,-0.8836780678168852,-3.1175673799840213,0.9872933787094342
2.0689875460634735,0.3985842513791919,-0.9158927452422823,0.8109690214411197,0.5816528149177891,1.2487484018818775,-0.48644279111311983,0.10746429637890845,-0.43876292485779333,-0.6007805255958424,0.22099225626347963,1.8874366425827644,-1.7351545557823798,0.37300116434200337,0.5400465332913161,1.350584270338006,0.4730769298603424,-0.8430156404756847,-1.2048879430668769,-1.031571205474887,0.6677297668370945,-0.23672871749891386,1.0929221138053664,0.5483304217611302,-0.1201876776683148,0.9057232311800198,-0.4009692828554098,0.33394179953995706,-0.2263394248415814,0.997889806319779,0.8426529759974294,-0.6373816037425013,0.7669833766459374,-1.4579640692220461,0.27458820942795586,-0.6583153319177444,-1.507002178202901,-0.3942289779450844,-2.420564342893463,-0.14298790888202137,0.5466534504854844,2.08967074658148,0.13478504938067093,0.9905572086494676
7.016473216091777,1.944278970788244,-4.862502784454863,2.3346987544164928,2.3695533416440937,4.966770878388444,-1.865300227391977,0.3203507515792944,-1.9954465300645834,-1.6572404592158867,-0.3411005392700808,7.588656715172252,-4.213541456321436,-0.13017825018398452,1.350584270338006,4.265931291230879,1.2036662659499084,-3.9415894665416533,-4.624902984845477,-4.5487540508696265,2.226651049051807,-1.7737263327546107,3.5022816929237344,1.1743567245294908,-1.0572958705354045,3.1700966128164825,-1.5498626102835846,1.1237571414131413,-0.8714539760209455,2.627007164310885,3.3506781904468528,-2.262658944190336,2.4445524738330082,-5.889637975726638,-0.11663510434121448,-3.56339981631977,-6.229478483369725,-1.373169631808192,-7.506797633594751,0.17192715737981917,-0.07787639626619208,7.095982369057175,2.850582748238797,2.252570115379082
1.841328705118743,0.36606641857848043,-0.8512573309377169,0.7204717044747658,0.5244688416588252,1.125296014858894,-0.4394559504731532,0.09517441224169537,-0.4014125813157603,-0.5238089007327056,0.1777311521789675,1.7041403507386286,-1.522669513896724,0.3052526064608938,0.4730769298603424,1.2036662659499084,0.4197945221449477,-0.7687825525015677,-1.081237120179811,-0.9315595004471927,0.5916152612525676,-0.22386091032358524,0.9683087199266059,0.4808267708277102,-0.11680922347941602,0.8167093084166006,-0.36198797021893253,0.2987133817955677,-0.20464702799467133,0.8795036527359786,0.7536861193727444,-0.5731668460804722,0.675341955421824,-1.3158994421813026,0.22661857467882854,-0.6069728371163552,-1.3670408139439836,-0.34985932133686776,-2.148922984061918,-0.12221476440735926,0.4577260396491193,1.8642468135708223,0.16677048280604254,0.8623223418207262
-7.182421561269303,-2.6583576006995857,6.939423010603613,-1.8855198016590704,-2.8642818809893758,-5.896246582623736,2.1398736159474505,-0.27165937093752124,2.630472821434232,1.262340345348506,1.6271019602193584,-9.10350714036386,2.3475063282566024,1.7268929231012837,-0.8430156404756847,-3.9415894665416533,-0.7687825525015677,5.258985730732034,5.359413190236899,5.872852939620415,-2.2466502789312166,2.9237439554602944,-3.3935051918368386,-0.34080055973856827,1.8297342237036693,-3.3284268990275976,1.7850254644829344,-1.1011761669272504,1.004775805621956,-1.7743924196544192,-4.028901515052654,2.399307226218462,-2.336700519415653,7.098014707684292,1.283908678390679,5.133616750580783,7.600467694206925,1.4684722710755453,6.82905495216939,-0.9609278785042348,2.2745092477364945,-7.247290068351842,-5.641666994047044,-1.044620439963845
-8.101213354037966,-2.6857480004658654,6.90374355834554,-2.3514686649710526,-3.0254625089280767,-6.2690473140167144,2.303200573097998,-0.32839439156179356,2.697635492276704,1.6244173299237041,1.253978638806265,-9.645766879691012,3.543031669317664,1.2101051391913786,-1.2048879430668769,-4.624902984845477,-1.081237120179811,5.359413190236899,5.7598007874669594,6.067545952596157,-2.5534154493019394,2.7846515521961384,-3.9323664421824853,-0.7601878490006048,1.7204637773765379,-3.708522457613982,1.9157581016392393,-1.252543372292007,1.0789563755121228,-2.4095959605535007,-4.279087835376015,2.658113962226512,-2.7177766386559505,7.507667113630492,0.8973555731102311,5.09233914973597,7.98933315269474,1.6326910901559033,8.083497757705933,-0.7306726258562247,1.5453791986497036,-8.174592635985995,-5.100652729471179,-1.765045011417797
-8.222117003608517,-2.9620289086019755,7.701325602536518,-2.207700984930109,-3.230348119082101,-6.654225671860529,2.4204139071173323,-0.3113308741780857,2.9441627025557997,1.4971865905709623,1.7222339074476163,-10.265394832767027,2.9038818339690216,1.7911110120822726,-1.031571205474887,-4.5487540508696265,-0.9315595004471927,5.872852939620415,6.067545952596157,6.591965038518995,-2.5811454886597276,3.2216298530024234,-3.9226045647601175,-0.47341025944558135,2.012520994489756,-3.7926997221952243,2.0154704280293134,-1.2569291141841512,1.1342907431907705,-2.124143167327412,-4.555490680664064,2.7283945090525945,-2.7028317223959455,7.998112603601303,1.3254036841227377,5.700403868569455,8.543446581521655,1.6767807121235845,7.903942437890883,-1.0194251155083676,2.3502391450766043,-8.29189641142318,-6.140759717106934,-1.3464302695554644
3.765656212291025,1.1141968241780706,-2.8124581380270732,1.1886392088634885,1.3178553840690514,2.7499309460141244,-1.0221408757038362,0.16343039053128816,-1.1361969390105677,-0.8437794743192399,-0.3301352371720905,4.214100009669823,-2.0310888043342836,-0.24362837762791945,0.6677297668370945,2.226651049051807,0.5916152612525676,-2.2466502789312166,-2.5534154493019394,-2.5811454886597276,1.1950715055093508,-1.0752914618841465,1.8688437112455765,0.5176235162048353,-0.6517919819879724,1.7006733761355786,-0.8488199347245442,0.5887674029429584,-0.47796912914918477,1.2969131254686843,1.8742611588511322,-1.2148685536556536,1.299320923592879,-3.2750100107454965,-0.18337876090421004,-2.0698222141200557,-3.463130531508837,-0.7486376437734573,-3.920952261094879,0.18859427273438506,-0.28265201272502966,3.79910297260069,1.8246695265602764,1.0718664526924344
-3.4658632055431684,-1.493278333046673,3.967953884384173,-0.7505379473670023,-1.5257760492634904,-3.1063586715217713,1.107139311559869,-0.11039000803806287,1.453673316287693,0.4735081862992495,1.1866867441320383,-4.818687357151606,0.5164754009687154,1.3359224576203221,-0.23672871749891386,-1.7737263327546107,-0.22386091032358524,2.9237439554602944,2.7846515521961384,3.2216298530024234,-1.0752914618841465,1.7637138650391149,-1.578021157779555,0.10115578083490342,1.121171952775606,-1.6329735821255529,0.9248349465050172,-0.5184970427792962,0.5197270817105216,-0.5693950136958669,-2.13420412218243,1.1853519563332275,-1.0785372545458594,3.7627953220480705,0.9887697215768368,2.9521822905005823,4.0556945978418115,0.7257266567339803,3.028124626550317,-0.7112783917765346,1.7949993689883754,-3.4934926716257344,-3.5835998122450206,-0.10784768595714396
5.874216901316547,1.6782839112330488,-4.209731801197342,1.8961730141197708,2.016273969243916,4.21624825535624,-1.5742383974868908,0.25634075692760355,-1.7260031173808008,-1.3493620514260014,-0.41330072041829496,6.458658169709681,-3.3334029589989247,-0.2445230371415113,1.0929221138053664,3.5022816929237344,0.9683087199266059,-3.3935051918368386,-3.9323664421824853,-3.9226045647601175,1.8688437112455765,-1.578021157779555,2.9452732859641513,0.8671710286596512,-0.9531689205886926,2.648521744708853,-1.3037971107022817,0.9137916912075159,-0.7352793102052956,2.093664924782522,2.877806215203598,-1.8836719890078362,2.0417909083567087,-5.015259090051626,-0.1746523578610975,-3.0897016329032305,-5.288025111130198,-1.1653160732050794,-6.1843676310177225,0.22880200387808602,-0.24302934157262285,5.92576708582076,2.6143577291383187,1.7839373145923947
1.5928610282896374,0.13840734492715903,-0.21713694742346068,0.7645891718654237,0.33909650091660143,0.760325873460544,-0.31939173458653464,0.10260143940748766,-0.179627879209907,-0.578608802913155,0.5172960894496581,1.1125795149536557,-1.8640837629971234,0.7014428293449683,0.5483304217611302,1.1743567245294908,0.4808267708277102,-0.34080055973856827,-0.7601878490006048,-0.47341025944558135,0.5176235162048353,0.10115578083490342,0.8671710286596512,0.6792686829111495,0.10361550350605213,0.6813087556971769,-0.26526788105165894,0.28830211409256407,-0.14741628367545323,1.0261832932451098,0.47844937094199846,-0.48175774697619594,0.628763877908346,-0.8499382971665498,0.49422273254496657,-0.1406188347687073,-0.8661096916529879,-0.2790410522348676,-2.1046701232118115,-0.32487510988623397,0.9786098922754746,1.6222081213869322,-0.6012491690983067,1.0851947840164298
-2.103404368436774,-0.9369167141197322,2.4983993331866623,-0.43250065365373297,-0.947550443461633,-1.9238149560710003,0.6835870224202424,-0.06236413032720774,0.911214053520618,0.2652407372686321,0.7821702519095088,-2.9891035416152367,0.2225769191058802,0.88637986207163455,-0.1201876776683148,-1.0572958705354045,-0.11680922347941602,1.8297342237036693,1.7204637773765379,2.012520994489756,-0.6517919819879724,1.121171952775606,-0.9531689205886926,0.10361550350605213,0.716207496750021,-0.9976553895322681,0.5701177948642971,-0.3106594076777947,0.32052660548314793,-0.30151046391539643,-1.3244955962520581,0.7231416360314121,-0.6470629742242823,2.33367036784711,0.6515631092359432,1.8592039709710404,2.517717913822529,0.443185738457128,1.7979469093257463,-0.46783392535253077,1.1898853113672547,-2.1200853455879267,-2.304790761860675,-0.007946055519916808
5.386954252192107,1.6593072557734485,-4.223278759811972,1.6706825734512953,1.9275616170895946,4.014932061203011,-1.491832566373889,0.23015042145113881,-1.683428801720044,-1.1574596540691724,-0.5865246777236444,6.1630275786752575,-2.7473897127739977,-0.5015380479634073,0.9057232311800198,3.1700966128164825,0.8167093084166006,-3.3284268990275976,-3.708522457613982,-3.7926997221952243,1.7006733761355786,-1.6329735821255529,2.648521744708853,0.6813087556971769,-0.9976553895322681,2.4641789020042895,-1.239146693120173,0.8463901726915656,-0.6981586794338068,1.7870874198546653,2.7214237216186303,-1.7589162030395473,1.831752236711487,-4.789784309773854,-0.37332575982066474,-3.0983767010483327,-5.088645444892393,-1.070442270155374,-5.552021517031363,0.3239935648568395,-0.5985625959653915,5.4463443075245035,2.8754189504052357,1.4160969916828996
-2.699098975593437,-0.8947643322601008,2.3023388743152715,-0.7888242137879276,-1.0077740616504396,-2.0891027664963375,0.7686113092242413,-0.11133783622381199,0.8963957670596648,0.5420242723354579,0.4104651669189033,-3.212488257610853,1.1919246994565693,0.3995922208497822,-0.4009692828554098,-1.5498626102835846,-0.36198797021893253,1.7850254644829344,1.9157581016392393,2.0154704280293134,-0.8488199347245442,0.9248349465050172,-1.3037971107022817,-0.26526788105165894,0.5701177948642971,-1.239146693120173,0.6403743862610878,-0.42266464048810953,0.36027728048327,-0.8117435938151752,-1.4187562280171915,0.8897965756092512,-0.903156012648148,2.5004248127661777,0.3010238593806802,1.6970515073343742,2.6665632900238996,0.5414207610695122,2.702134940447643,-0.23678290011750755,0.5108433467439986,-2.7270504098870236,-1.694137773617069,-0.589814021953727
1.864740133665481,0.5457059849349466,-1.3794016029068767,0.6024340037574166,0.6490523792541281,1.356100779453352,-0.506258351705706,0.0850666657150431,-0.5518830592218149,-0.4245964107243362,-0.13700459444946703,2.0724077266866625,-1.0447696120501209,-0.09895942220402626,0.33394179953995706,1.1237571414131413,0.2987133817955677,-1.1011761669272504,-1.252543372292007,-1.2569291141841512,0.5887674029429584,-0.5184970427792962,0.9137916912075159,0.28830211409256407,-0.3106594076777947,0.8463901726915656,-0.42266464048810953,0.3032033271092139,-0.23695047379537507,0.6676741105621938,0.9099141784126041,-0.6087261934021653,0.6415814124339072,-1.6102980731524739,-0.08584707495361349,-1.014820383017803,-1.7130530756198157,-0.3649940578475033,-1.9660082394348997,0.0745552211763365,-0.11515063127496734,1.8877553071801725,0.868245323440736,0.5451943796967696
-1.5203490253922192,-0.5037530416745808,1.2957132725802625,-0.4444133968046121,-0.56644863099139,-1.175375445244729,0.4325477653254694,-0.06301186098773315,0.5053255387242137,0.3047997684633516,0.23183787904266084,-1.8083513474635153,0.6708879892919083,0.22489253597245837,-0.2263394248415814,-0.8714539760209455,-0.20464702799467133,1.004775805621956,1.0789563755121228,1.1342907431907705,-0.47796912914918477,0.5197270817105216,-0.7352793102052956,-0.14741628367545323,0.32052660548314793,-0.6981586794338068,0.36027728048327,-0.23695047379537507,0.2030320889481349,-0.4565194671128754,-0.7991650565243641,0.500650314127369,-0.50820398163213365,1.4079914820035795,0.16807935602499535,0.9535167483858159,1.500680013910652,0.3056733447960893,1.5214183888934105,-0.13329378036781583,0.28557541079400317,-1.5356974864450539,-0.9534795859871287,-0.33247262760574303
4.047724909578707,0.8480853976809921,-1.999589233899758,1.5504489588948611,1.1821462658613549,2.527488503214653,-0.9779455523682353,0.21214957872249166,-0.9083285885622616,-1.1370384581536115,0.328452512668293,3.8228892784643804,-3.2292279935170303,0.5805161421125342,0.997889806319779,2.627007164310885,0.8795036527359786,-1.7743924196544192,-2.4095959605535007,-2.124143167327412,1.2969131254686843,-0.5693950136958669,2.093664924782522,1.0261832932451098,-0.30151046391539643,1.7870874198546653,-0.8117435938151752,0.6676741105621938,-0.4565194671128754,1.888640891830536,1.687403701956468,-1.268482479346166,1.4775136195391771,-2.9581680779438897,0.40789678581838457,-1.445117746407137,-3.0886718965731776,-0.7693257036732587,-4.675944124801577,-0.2190871390210417,0.853977329661427,4.096500707744764,0.5211645232054276,1.8136712312432801
5.945645933550005,2.0225137307767977,-5.214599207461044,1.6792389004914152,2.255304374664416,4.663588102362721,-1.7061441227090959,0.23432678193404363,-2.0268261598369524,-1.1595390750563614,-1.0262943109325902,7.183088972752027,-2.4343880917748946,-1.014150373649773,0.8426529759974294,3.3506781904468528,0.7536861193727444,-4.028901515052654,-4.279087835376015,-4.555490680664064,1.8742611588511322,-2.13420412218243,2.877806215203598,0.47844937094199846,-1.3244955962520581,2.7214237216186303,-1.4187562280171915,0.9099141784126041,-0.7991650565243641,1.687403701956468,3.1956652874955855,-1.9517934063623945,1.986094881748549,-5.59313368956915,-0.7472616602461958,-3.853619834712394,-5.951634675434924,-1.2058877727317256,-5.855339246519999,0.6059593404149465,-1.3106046338047799,5.993354031831405,3.9579510248215253,1.1961427679365502
-3.851279894573881,-1.196261336424043,3.048987942366087,-1.1868599215326394,-1.384614398222617,-2.882656043346348,1.0690356034768127,-0.16575961998789676,1.2086371388569133,0.8250110933709492,0.43207643864394063,-4.4228894888890915,1.937783734710716,0.3784699669953129,-0.6373816037425013,-2.262658944190336,-0.5731668460804722,2.399307226218462,2.658113962226512,2.7283945090525945,-1.2148685536556536,1.1853519563332275,-1.8836719890078362,-0.48175774697619594,0.7231416360314121,-1.7589162030395473,0.8897965756092512,-0.6087261934021653,0.500650314127369,-1.268482479346166,-1.9517934063623945,1.259799408232942,-1.3079650986237272,3.4390263580843583,0.2887121986497374,2.2414251832553878,3.657531986424824,0.7651616711377083,3.958916713176811,-0.24269312290224967,0.46337048632949995,-3.8933765995381875,-2.0895446576664627,-0.9934961283776279
4.082157480998147,1.1532059641647459,-2.886984367605109,1.3259118628079174,1.3935907647676307,2.9151172921789543,-1.0879987133299158,0.18139277798085404,-1.1827545810196347,-0.9524384648710894,-0.254259452209882,4.4583376200397495,-2.3569196669227104,-0.13368401411621622,0.7669833766459374,2.4445524738330082,0.675341955421824,-2.336700519415653,-2.7177766386559505,-2.7028317223959455,1.299320923592879,-1.0785372545458594,2.0417909083567087,0.628763877908346,-0.6470629742242823,1.831752236711487,-0.903156012648148,0.6415814124339072,-0.50820398163213365,1.4775136195391771,1.986094881748549,-1.3079650986237272,1.424867805142417,-3.4626806049588144,-0.1050691166128128,-2.1252791173988443,-3.6516684132015986,-0.8071613808396992,-4.316025778892578,0.1445951532811017,-0.13212008701489356,4.117377296465095,1.7547226389075554,1.2641075296994884
-10.41845046996429,-3.5667433044567045,9.213341873005106,-2.9478288057588085,-3.963871896740593,-8.199371507630454,3.00282393184235,-0.4160717670965352,3.5653854882656635,2.016264534051717,1.8176209995491939,-12.628332023920919,4.242339927374508,1.8201129084588257,-1.4579640692220461,-5.889637975726638,-1.3158994421813026,7.098014707684292,7.507667113630492,7.998112603601303,-3.2750100107454965,3.7627953220480705,-5.015259090051626,-0.8499382971665498,2.33367036784711,-4.789784309773854,2.5004248127661777,-1.6102980731524739,1.4079914820035795,-2.9581680779438897,-5.59313368956915,3.4390263580843583,-3.4626806049588144,9.834372754751678,1.3532399063785838,6.799170731048877,10.488663749051314,2.1066419945802277,10.265166034746484,-1.0613294559644626,2.350411215255792,-10.515636024723301,-7.011819621128425,-2.059519374325132
-0.6654383609329251,-0.6817390971520441,1.9290020597461126,0.1403367797953071,-0.5559046802894216,-1.0817754035524434,0.353694753491075,0.009625270000042914,0.620550014705079,-0.16356369340589363,0.9646116682457097,-1.7163200126511995,-1.0315640958140506,1.1907592270898015,0.27458820942795586,-0.11663510434121448,0.22661857467882854,1.283908678390679,0.8973555731102311,1.3254036841227377,-0.18337876090421004,0.9887697215768368,-0.1746523578610975,0.49422273254496657,0.6515631092359432,-0.37332575982066474,0.3010238593806802,-0.08584707495361349,0.16807935602499535,0.40789678581838457,-0.7472616602461958,0.2887121986497374,-0.1050691166128128,1.3532399063785838,0.8851557397283107,1.45136375353561,1.5168034461997715,0.16797181925747054,0.10032452161438077,-0.5835286366662575,1.636222451336957,-0.6714377374900273,-2.2887205380026323,0.7198604522014926
-6.638387438267502,-2.6059184308352363,6.854737901068625,-1.6339156560832946,-2.752512371024044,-5.638386175726797,2.032751083656093,-0.23593554794975116,2.55914064061973,1.0722634840297032,1.7812801978141743,-8.717852147907463,1.7446944458197047,1.949250416299502,-0.6583153319177444,-3.56339981631977,-0.6069728371163552,5.133616750580783,5.09233914973597,5.700403868569455,-2.0698222141200557,2.9521822905005823,-3.0897016329032305,-0.1406188347687073,1.8592039709710404,-3.0983767010483327,1.6970515073343742,-1.014820383017803,0.9535167483858159,-1.445117746407137,-3.853619834712394,2.2414251832553878,-2.1252791173988443,6.799170731048877,1.45136375353561,5.0861329402819955,7.305086396525643,1.3654964955920272,6.131319722705492,-1.0582552724198095,2.5967469996520776,-6.69959086130692,-5.821638397138775,-0.687224596985592
-11.035143258403409,-3.8236189966100724,9.898569813919822,-3.0993831551042677,-4.229753583437337,-8.742938387347348,3.2000634697744386,-0.43932419083969393,3.8127993497015367,2.106280401430339,1.9990909618698225,-13.46775224529831,4.383350048624129,2.03118779072907,-1.507002178202901,-6.229478483369725,-1.3670408139439836,7.600467694206925,7.98933315269474,8.543446581521655,-3.463130531508837,4.0556945978418115,-5.288025111130198,-0.8661096916529879,2.517717913822529,-5.088645444892393,2.6665632900238996,-1.7130530756198157,1.500680013910652,-3.0886718965731776,-5.951634675434924,3.657531986424824,-3.6516684132015986,10.488663749051314,1.5168034461997715,7.305086396525643,11.20432537559418,2.229711513349309,10.833369468830332,-1.163750400559268,2.632116986421068,-11.145167453415711,-7.6060959870978575,-2.0989891046354883
-2.3654639718505908,-0.731053808875046,1.856882948326442,-0.7219995719170089,-0.8448813929639629,-1.7618264027688713,0.6512002966881881,-0.10166795990585073,0.741858676841266,0.5092783033623283,0.26888455613175805,-2.7060984347201544,1.1796247172399257,0.2275046505836388,-0.3942289779450844,-1.373169631808192,-0.34985932133686776,1.4684722710755453,1.6326910901559033,1.6767807121235845,-0.7486376437734573,0.7257266567339803,-1.1653160732050794,-0.2790410522348676,0.443185738457128,-1.070442270155374,0.5414207610695122,-0.3649940578475033,0.3056733447960893,-0.7693257036732587,-1.2058877727317256,0.7651616711377083,-0.8071613808396992,2.1066419945802277,0.16797181925747054,1.3654964955920272,2.229711513349309,0.4754643970944645,2.4196350804659637,-0.1565533357788349,0.27750103408310106,-2.3837701518395944,-1.2718318167592446,-0.6132930180902354
-12.3389670202813,-3.361847086089668,8.374430116982685,-4.134343197084231,-4.1214263888488105,-8.655235125651268,3.252902520955611,-0.5697787711042265,3.462419723747352,2.9522272537576684,0.5053568412367001,-13.221945355368957,7.544943773969546,0.09673051435490532,-2.420564342893463,-7.506797633594751,-2.148922984061918,6.82905495216939,8.083497757705933,7.903942437890883,-3.920952261094879,3.028124626550317,-6.1843676310177225,-2.1046701232118115,1.7979469093257463,-5.552021517031363,2.702134940447643,-1.9660082394348997,1.5214183888934105,-4.675944124801577,-5.855339246519999,3.958916713176811,-4.316025778892578,10.265166034746484,0.10032452161438077,6.131319722705492,10.833369468830332,2.4196350804659637,13.248589966809961,-0.25272474993504235,-0.04662949258947525,-12.467594579163345,-4.7808926706050405,-4.063004780898674
0.6366407592548304,0.5050763926269303,-1.4045275779545652,-0.04218193734076561,0.4336798586033624,0.8522083546884273,-0.2819372314932048,-0.0015000105194651573,-0.47125515942305995,0.062242792261586695,-0.6649914698786746,1.348304394324586,0.594373488751884,-0.7985920861741554,-0.14298790888202137,0.17192715737981917,-0.12221476440735926,-0.9609278785042348,-0.7306726258562247,-1.0194251155083676,0.18859427273438506,-0.7112783917765346,0.22880200387808602,-0.32487510988623397,-0.46783392535253077,0.3239935648568395,-0.23678290011750755,0.0745552211763365,-0.13329378036781583,-0.2190871390210417,0.6059593404149465,-0.24269312290224967,0.1445951532811017,-1.0613294559644626,-0.5835286366662575,-1.0582552724198095,-1.163750400559268,-0.1565533357788349,-0.25272474993504235,0.40879770270664717,-1.0944707132657587,0.6327131849419938,1.6034930895315556,-0.4172399209372045
-1.0368042706682474,-1.2117803318362188,3.442400929436977,0.3391573287757564,-0.9694711576008537,-1.871290335068581,0.6033240027759812,0.034218485605534185,1.1031668084138146,-0.35461332418366015,1.8018095351452705,-2.981128424481072,-2.0618202598224107,2.2196967914865238,0.5466534504854844,-0.07787639626619208,0.4577260396491193,2.2745092477364945,1.5453791986497036,2.3502391450766043,-0.28265201272502966,1.7949993689883754,-0.24302934157262285,0.9786098922754746,1.1898853113672547,-0.5985625959653915,0.5108433467439986,-0.11515063127496734,0.28557541079400317,0.853977329661427,-1.3106046338047799,0.46337048632949995,-0.13212008701489356,2.350411215255792,1.636222451336957,2.5967469996520776,2.632116986421068,0.27750103408310106,-0.04662949258947525,-1.0944707132657587,3.0496118658280786,-1.0391698085009036,-4.189652647763263,1.4051018786969107
12.003806566856404,3.6005494641769262,-9.117027071861457,3.773879847829107,4.2289730640763015,8.82399659159941,-3.280282736063096,0.5238533694517705,-3.660475742519588,-2.655463190411411,-1.1252689388544874,13.527253931260391,-6.370844737447724,-0.8836780678168852,2.08967074658148,7.095982369057175,1.8642468135708223,-7.247290068351842,-8.174592635985995,-8.29189641142318,3.79910297260069,-3.4934926716257344,5.92576708582076,1.6222081213869322,-2.1200853455879267,5.4463443075245035,-2.7270504098870236,1.8877553071801725,-1.5356974864450539,4.096500707744764,5.993354031831405,-3.8933765995381875,4.117377296465095,-10.515636024723301,-0.6714377374900273,-6.69959086130692,-11.145167453415711,-2.3837701518395944,-12.467594579163345,0.6327131849419938,-1.0391698085009036,12.122473921938578,6.001936738389806,3.3305980259629457
5.9488315640057925,2.9073998835982886,-7.829748714442533,1.0480068392358164,2.846567100256561,5.753696668884918,-2.028263983846647,0.15784513155572705,-2.8038462875514116,-0.5761749626122455,-2.6935626549134297,8.97009412492077,0.09538502887309579,-3.1175673799840213,0.13478504938067093,2.850582748238797,0.16677048280604254,-5.641666994047044,-5.100652729471179,-6.140759717106934,1.8246695265602764,-3.5835998122450206,2.6143577291383187,-0.6012491690983067,-2.304790761860675,2.8754189504052357,-1.694137773617069,0.868245323440736,-0.9534795859871287,0.5211645232054276,3.9579510248215253,-2.0895446576664627,1.7547226389075554,-7.011819621128425,-2.2887205380026323,-5.821638397138775,-7.6060959870978575,-1.2718318167592446,-4.7808926706050405,1.6034930895315556,-4.189652647763263,6.001936738389806,7.5648795777230236,-0.4581018004963504
3.295931105572033,0.47119473965242986,-0.9769629463107447,1.4126664950969674,0.8181567158090379,1.7891263152542143,-0.7163834909612323,0.18679563796025034,-0.5523430894777268,-1.0672082560394955,0.6679060429239555,2.6756119155960874,-3.2425539784782913,0.9872933787094342,0.9905572086494676,2.252570115379082,0.8623223418207262,-1.044620439963845,-1.765045011417797,-1.3464302695554644,1.0718664526924344,-0.10784768595714396,1.7839373145923947,1.0851947840164298,-0.007946055519916808,1.4160969916828996,-0.589814021953727,0.5451943796967696,-0.33247262760574303,1.8136712312432801,1.1961427679365502,-0.9934961283776279,1.2641075296994884,-2.059519374325132,0.7198604522014926,-0.687224596985592,-2.0989891046354883,-0.6132930180902354,-4.063004780898674,-0.4172399209372045,1.4051018786969107,3.3305980259629457,-0.4581018004963504,1.8860169494371832
