V1,V2,V3,V4,V5,V6,V7,V8,V9,V10,V11,V12,V13,V14,V15,V16,V17,V18,V19,V20,V21,V22,V23,V24,V25,V26,V27,V28,V29,V30,V31,V32,V33,V34,V35,V36,V37,V38,V39,V40,V41,V42,V43,V44,V45
0.14293562847468821,0.17015097173722016,-0.16402504678312677,0.38196282097329753,-0.2065999766699197,-0.6068678597521651,-0.013420573671563256,-4.679059664164682e-4,0.37100701025093885,0.18499839980492727,-0.03874465783574748,-0.14288793668616878,0.1428844052957666,0.06301979387840606,0.050057848478343145,-0.11097217034805716,0.5361009556583981,-0.5007972900549117,0.11931820801417493,0.5294893256010664,-0.02921987976744465,-0.09066768958703307,-0.29253077110537035,0.005840177809349582,-0.3603040461672393,0.039180566871339494,-0.05963113129760675,-0.031688555077577334,0.3783093084348009,0.033104454518605046,-0.2890600284898402,0.19291983474356594,0.12939913137693462,-0.20369675516760274,-0.5105547653685806,0.08590751392141543,-0.35080904776132493,-0.07429990611303625,-0.37284212347466106,-0.04345174604170543,-0.1958623220977136,0.29740051081588553,0.0030358535001603305,0.22673359258373327,-0.4439040170895048
0.17015097173722016,2.5108878431419304,-0.8267997586867788,4.143833699481283,-4.530274658244388,-1.0256490123073037,1.1533149042214712,-1.0257079619911953,3.0829877247132984,1.791017783076321,0.6023371436441376,-0.4067762831250204,-0.21359242869580086,1.140952461535261,2.7164205965656683,-0.8918354666345384,1.3864463757282595,-4.616942964860893,1.508378145409479,2.670390640483302,0.3452588008008145,-1.0663461767739877,0.6116783620884341,2.0769028575082347,-2.680641623094834,-0.47802208669884333,-0.3417849639792706,1.0490128536029868,2.2802377522214043,0.7887648689728485,-0.10020297534288498,-0.5001558438979341,-0.12330082763594814,0.49726201044140994,0.22312326849004036,-2.9361146742483957,0.051501888447585166,0.5418683440208975,-2.365403851590495,-0.11728128521979923,-3.2169671287993693,-1.2573038697048864,-0.29892879934207217,0.3880842822064684,-3.0761509025866483
-0.16402504678312677,-0.8267997586867788,0.8052052080949199,-1.6919386111655943,0.8913050885727748,0.9273949248907417,0.09209914791707391,-0.2114111482535975,-1.0342502834663423,-0.31572465091535074,-0.32492964125340457,0.40059246303831114,-0.0402840858572235,-0.24749080065036333,-0.39808487532224984,0.4749337735473834,-1.3825694767947394,1.710898700470108,-0.19523397378210333,-1.6265609041157973,-0.014637420104715592,0.2684827988939888,0.4732519027044586,-0.30153429051640795,1.6802434431723126,0.15092957775325064,0.4286691958031672,-0.18499876879788835,-0.859191877758634,-0.22585097986335984,0.21416250924053437,0.047029053328583696,0.024808980763210624,-0.005818769868809928,0.21474024701870764,0.649106225211441,1.1114944189488034,-0.3458629795835653,0.8783773021386003,-0.14136651851072154,1.0012772491157058,-0.20413577905660618,-0.07944068483117586,-0.28304176589814317,0.8673582196340196
0.38196282097329753,4.143833699481283,-1.6919386111655943,7.05194608595401,-7.115682957316551,-2.185158181591764,1.6159157423530357,-1.3694270653678988,5.15020525327158,2.8262370425486796,1.0390894277172225,-0.8536477701031071,-0.2413886915401673,1.807045188415873,4.1692999922267235,-1.5881213253276545,2.936400721177101,-7.783776061746107,2.328255291149754,4.927740147436153,0.5002212247415366,-1.7202237911644924,0.5347629714770467,3.175032282695572,-4.916640908154626,-0.763209051594672,-0.7481946228334233,1.6121866694264877,3.8916575608099113,1.2758074545027147,-0.35345207253066485,-0.6901014276172939,-0.15204378523991705,0.658027112991567,0.0438652295786325,-4.582116716810673,-0.6452098053520139,0.9527654267594556,-4.023586994340273,-0.1062002664277179,-5.27056079841112,-1.615973342858957,-0.3893824513626779,0.7887795378173454,-5.071550881819328
-0.2065999766699197,-4.530274658244388,0.8913050885727748,-7.115682957316551,8.8632833880703,1.2304313385884729,-2.6129049386640224,2.4815137389752806,-5.571303363647236,-3.563972689558698,-0.9318225510319762,0.44178296871435724,0.48782507757705296,-2.2069296375949463,-5.460518764836457,1.4029713810892337,-1.4917998168306201,8.12651763860362,-3.0725928579977677,-3.9931051864822824,-0.7389476644722665,2.0228766774800655,-1.8480138575265956,-4.1757358260831925,3.9190981690941964,0.856733747740659,0.2501161857109099,-2.067592263753416,-4.016957653658059,-1.4591464880522464,0.0012148974326550682,1.0128637315613311,0.22669278550604577,-1.041537728011204,-0.6666078702129856,5.630629996660742,-1.3665233535618093,-0.7748680575707362,4.170801335593994,0.4272972251937064,5.8696010883376015,2.936368586942434,0.7470983722089638,-0.545081293584251,5.75183989582202
-0.6068678597521651,-1.0256490123073037,0.9273949248907417,-2.185158181591764,1.2304313385884729,2.8344699965402085,0.02887879877642662,-0.04419271130663346,-1.8866155090074894,-0.8836570985744195,0.05262854818142229,0.7091150321580106,-0.5698302429905051,-0.3586006203715475,-0.40871007144863364,0.6415750639616081,-2.6331658039398005,2.7513197608599977,-0.5966265873540306,-2.7683735512902237,0.1368400156603922,0.4841569280896392,1.3481454064649825,-0.1656759836987053,2.139212295710494,-0.08006008777718468,0.40299042132141316,0.047831537345193936,-1.8831379697768413,-0.22725430117062795,1.284188415216276,-0.7777360985705323,-0.5379479386191554,0.7883959840775434,2.1514252427362943,-0.07321709456757412,1.8228163855618467,0.2070481585386108,1.9085346543409936,0.12998602530400655,1.201882099296037,-1.243969890779047,-0.044486499070242436,-1.0331767987623315,2.1730215627185907
-0.013420573671563256,1.1533149042214712,0.09209914791707391,1.6159157423530357,-2.6129049386640224,0.02887879877642662,0.9497397303866008,-0.9587541902499368,1.405458443275325,1.0710158827408525,0.15934097230878852,0.04746478413157151,-0.18952813166142346,0.6362536021444669,1.6871711143036956,-0.25187248843245347,-0.1714167804100169,-1.9621029095402394,0.9625758076874866,0.5767558133857521,0.24477690518187417,-0.5646497911014166,0.868502653891205,1.288733913883799,-0.5278355261162084,-0.22358146616954508,0.1246501065673366,0.6219750709442173,0.9595978243140337,0.3902296607729141,0.1006960044484794,-0.32377842061573986,-0.06353959828985242,0.35807451165803494,0.3335219028688661,-1.6194391834732607,1.0153489985208324,0.09400706622169992,-1.0081050731102568,-0.2167582547773744,-1.5286501894830278,-1.1134003514337953,-0.29593171414962055,0.049361303563012826,-1.5557545072022532
-4.679059664164682e-4,-1.0257079619911953,-0.2114111482535975,-1.3694270653678988,2.4815137389752806,-0.04419271130663346,-0.9587541902499368,1.0029829742690999,-1.3006647574065184,-1.0602856495111708,-0.07878976046212573,-0.08664883164232833,0.15092179533246386,-0.6032942539834985,-1.6112406853846861,0.1808305054522919,0.29691601689179864,1.7391907527499937,-0.9552107786409944,-0.3873069573558668,-0.23527792383131296,0.5337710199352828,-0.8791593569601767,-1.2242862661979714,0.26968997830011726,0.17509040188819736,-0.1990399355533418,-0.5703250115753928,-0.8910597192633912,-0.35217031070031823,-0.06138237335405027,0.25506265974180575,0.020499405426595774,-0.2896087484929306,-0.22148999747934242,1.4498842400542915,-1.1473586019968367,7.706731958233361e-4,0.9278799933927767,0.26066671546657594,1.3708790047299897,1.0608372840751406,0.3125382876069479,-0.05803643242536605,1.5026460023326471
0.37100701025093885,3.0829877247132984,-1.0342502834663423,5.15020525327158,-5.571303363647236,-1.8866155090074894,1.405458443275325,-1.3006647574065184,4.014889124979656,2.3617070908019704,0.5916643265693332,-0.5975214367588174,-0.06282318916931451,1.4126643793011893,3.269239379563113,-1.1220664928548307,2.104017819924301,-5.892972343068432,1.954296363365019,3.591968995608013,0.37277148552170897,-1.357162405749089,0.440616499898686,2.4528924379210917,-3.3456246940609846,-0.4853044867063847,-0.391157568935315,1.180695151288739,3.0957202379502387,0.947539778289251,-0.48607832267424494,-0.3155367074503514,0.04432139067059165,0.307612245406355,-0.41377253578937834,-3.274111542044327,-0.16013104906514702,0.46115415929539005,-3.1871115313861913,-0.24178663590837265,-3.932853092590505,-1.1485938085792182,-0.3790679115821167,0.7272998246187192,-4.155941429335156
0.18499839980492727,1.791017783076321,-0.31572465091535074,2.8262370425486796,-3.563972689558698,-0.8836570985744195,1.0710158827408525,-1.0602856495111708,2.3617070908019704,1.5490545187888431,0.2500531519995181,-0.2190092408932181,-0.0617663379864776,0.8914018958723776,2.157936165172448,-0.5589763397667828,0.7895267556213866,-3.3589966799151476,1.315557690721954,1.7358472087592693,0.2626214290443309,-0.8414743090746425,0.5692169265886318,1.6154046464821503,-1.5195883421882415,-0.2684873900137525,-0.050234220531273556,0.7555951641932064,1.7893045937131586,0.564408122751969,-0.24623577402833002,-0.19643878184724364,0.05040391761489996,0.2114320324888219,-0.20253831936198244,-2.018086576753085,0.4811475335331407,0.14328734673906304,-1.8448411227414414,-0.2549978797875617,-2.313456586667248,-0.9355382658233198,-0.31951366321269836,0.3811459323349974,-2.5587001147535036
-0.03874465783574748,0.6023371436441376,-0.32492964125340457,1.0390894277172225,-0.9318225510319762,0.05262854818142229,0.15934097230878852,-0.07878976046212573,0.5916643265693332,0.2500531519995181,0.28400023430094196,-0.09879819600790152,-0.1588017687574039,0.2340032290754845,0.5712527962303335,-0.23854129730457158,0.29218496586651593,-0.9908269648786232,0.21154004195569034,0.607042255027478,0.10019980104461937,-0.20099525456549283,0.19783700702186377,0.4715376760275269,-0.7945804958319744,-0.18065402573781497,-0.1793369082303571,0.2880099361367125,0.3649038658475217,0.19542574593898063,0.19200647596965306,-0.3040739679414192,-0.1678807905599434,0.2864814866486369,0.4649400404669338,-0.8583195072008473,-0.10937794834185369,0.32240716209687625,-0.3844766748817772,0.08515379082729847,-0.7698140228699143,-0.42213370499500147,-0.02137615432625252,-0.04492096872990617,-0.4342998831370516
-0.14288793668616878,-0.4067762831250204,0.40059246303831114,-0.8536477701031071,0.44178296871435724,0.7091150321580106,0.04746478413157151,-0.08664883164232833,-0.5975214367588174,-0.2190092408932181,-0.09879819600790152,0.23542743624667953,-0.09739410925535708,-0.12729259935408457,-0.1697963421688936,0.24414034850470967,-0.8366730653548833,0.9331480876324587,-0.13904716036694542,-0.924620880113181,0.016229961196705216,0.15156595601455156,0.3578501503236492,-0.1096751277039801,0.8519798899028077,0.03440054627506541,0.2005195536679921,-0.04665253986031423,-0.5428508692373816,-0.10352669353800531,0.2527544770620493,-0.09807619618303802,-0.06816320261413666,0.11551475780586941,0.3804905361644596,0.1862307290186512,0.637193567205825,-0.08478019980171576,0.5495802844972337,-0.030584569338143835,0.48539874095867863,-0.2580841777342757,-0.0357832754531888,-0.2397756036598134,0.5784194691009815
0.1428844052957666,-0.21359242869580086,-0.0402840858572235,-0.2413886915401673,0.48782507757705296,-0.5698302429905051,-0.18952813166142346,0.15092179533246386,-0.06282318916931451,-0.0617663379864776,-0.1588017687574039,-0.09739410925535708,0.21020960544143974,-0.111289299762287,-0.3773198153474975,0.017810660990328898,0.39585103826523654,0.15859608545280038,-0.09309243551286377,0.18276822084985303,-0.09485511049712084,0.06396656036470848,-0.4462793022568047,-0.3315681695949916,0.030942209212496217,0.12829199980581316,-0.004158747911203855,-0.21185276662126853,0.08346921898764124,-0.09193864216500751,-0.34452027989531275,0.3260908408877943,0.18613193812910125,-0.3323867118292152,-0.6717196691769315,0.5964960183604597,-0.4064288661409735,-0.19666893254143056,-0.06748832445492062,-0.042402375448088926,0.2992867400691276,0.562729577471313,0.04821264881277663,0.21461125522933344,-0.04313845233633336
0.06301979387840606,1.140952461535261,-0.24749080065036333,1.807045188415873,-2.2069296375949463,-0.3586006203715475,0.6362536021444669,-0.6032942539834985,1.4126643793011893,0.8914018958723776,0.2340032290754845,-0.12729259935408457,-0.111289299762287,0.5525621971268557,1.3501632611552326,-0.3606063460517348,0.4306790948047592,-2.0617423846431016,0.7659931994817818,1.0481048963431467,0.1791955668640858,-0.507974754122451,0.4243103009136638,1.0320886381511851,-1.0236436565508085,-0.21072576461546205,-0.07627049137560458,0.5080776073878049,1.0295805633926316,0.3664001452174897,-0.021028918012563354,-0.23846321420775157,-0.04866850522320834,0.24471880442211916,0.13050376572378028,-1.3914131137473087,0.28735577424815256,0.19342623472819143,-1.0664576799483436,-0.10338241986074291,-1.4748250363740485,-0.6973290328038848,-0.18003126403299122,0.15295539049296683,-1.455743010812971
0.050057848478343145,2.7164205965656683,-0.39808487532224984,4.1692999922267235,-5.460518764836457,-0.40871007144863364,1.6871711143036956,-1.6112406853846861,3.269239379563113,2.157936165172448,0.5712527962303335,-0.1697963421688936,-0.3773198153474975,1.3501632611552326,3.4173692875473183,-0.7898198518467802,0.5489455702585918,-4.761150129387113,1.8857667362606427,2.1193547681874247,0.4838682167216458,-1.2193003055466571,1.3662176480603587,2.626299489866912,-2.136125625264376,-0.5457276094928042,-0.07927899883921669,1.312383558315435,2.293594124023375,0.8882361050364925,0.15006197692893083,-0.7242830743001614,-0.19753233392042677,0.7508896242959082,0.671066507199598,-3.5520789480710424,1.16392051095914,0.48454490077383683,-2.392054505074856,-0.27232503814618914,-3.539108621402656,-2.0298713028396076,-0.4894780185220025,0.21518909835029942,-3.3748469304852065
-0.11097217034805716,-0.8918354666345384,0.4749337735473834,-1.5881213253276545,1.4029713810892337,0.6415750639616081,-0.25187248843245347,0.1808305054522919,-1.1220664928548307,-0.5589763397667828,-0.23854129730457158,0.24414034850470967,0.017810660990328898,-0.3606063460517348,-0.7898198518467802,0.38451290788021963,-0.8492042412115761,1.736580923654654,-0.4447946186854615,-1.2420204429980504,-0.07946979243171161,0.3559258071648763,0.05023996312818904,-0.5945816181035266,1.238070106703758,0.15929937959250057,0.2270939791504164,-0.306160012930108,-0.8796631206454525,-0.2651632294614336,0.1436680196350647,0.10124612211652666,0.013430195747226174,-0.0914797797493749,0.09871000192931911,0.8961716681477844,0.39669120267342073,-0.22324680383786258,0.9113406485216415,-0.009127151665419478,1.1206464048297586,0.19188359177030506,0.045639209965583065,-0.2203860087121773,1.0870870201579343
0.5361009556583981,1.3864463757282595,-1.3825694767947394,2.936400721177101,-1.4917998168306201,-2.6331658039398005,-0.1714167804100169,0.29691601689179864,2.104017819924301,0.7895267556213866,0.29218496586651593,-0.8366730653548833,0.39585103826523654,0.4306790948047592,0.5489455702585918,-0.8492042412115761,2.996312275957527,-3.262797574475792,0.49768453301279836,3.2723287024479486,-0.07597594173329872,-0.5294320996301677,-1.3350081211735156,0.3318977506473318,-2.9470056012825494,-0.08916346094337692,-0.6823091816537398,0.12358522150649291,1.943120259396619,0.3431667633150999,-0.9851175987423842,0.43266586464710916,0.2964033821894128,-0.4908250596194831,-1.5223780341452697,-0.5229621749935369,-2.273649015137161,0.22743829900988502,-1.9678730325401737,0.07815111129495694,-1.6477005139052063,1.0168449197920042,0.12259920328460669,0.9009873146364322,-2.08886531355986
-0.5007972900549117,-4.616942964860893,1.710898700470108,-7.783776061746107,8.12651763860362,2.7513197608599977,-1.9621029095402394,1.7391907527499937,-5.892972343068432,-3.3589966799151476,-0.9908269648786232,0.9331480876324587,0.15859608545280038,-2.0617423846431016,-4.761150129387113,1.736580923654654,-3.262797574475792,8.804921434651225,-2.779675855940165,-5.49637409870863,-0.5337541174248815,1.982112796392367,-0.5657434636929916,-3.5834847148384594,5.284884354268502,0.7814459943915087,0.7123468938040038,-1.7617260218900563,-4.536347149129938,-1.4159083674489086,0.6375347301424708,0.5621957972066403,0.00893898937220191,-0.5604230867239421,0.4016527138559885,4.945063287226247,0.5372573360702586,-0.8289386017636216,4.695730195029349,0.2532011748499299,5.876441725508946,1.6949007749825942,0.49518550167586994,-1.0289972047853517,6.000162422934808
0.11931820801417493,1.508378145409479,-0.19523397378210333,2.328255291149754,-3.0725928579977677,-0.5966265873540306,0.9625758076874866,-0.9552107786409944,1.954296363365019,1.315557690721954,0.21154004195569034,-0.13904716036694542,-0.09309243551286377,0.7659931994817818,1.8857667362606427,-0.4447946186854615,0.49768453301279836,-2.779675855940165,1.1342625990947663,1.3311464823087928,0.23570317841739696,-0.7130588626516189,0.5986026310342852,1.4192006211276913,-1.1810969692184043,-0.24038506593751446,-0.009123588447453647,0.6671463503571612,1.4592009110939044,0.4832833992779476,-0.14254783838882296,-0.21483837998916894,0.018530995881208698,0.23870320193700434,-0.04908237536462769,-1.7784673123279264,0.5681940129200297,0.12133038438810763,-1.5116736382345912,-0.22403523766608294,-1.9570328600721982,-0.9122719671843937,-0.28705215990423877,0.27114314645221477,-2.125013168434145
0.5294893256010664,2.670390640483302,-1.6265609041157973,4.927740147436153,-3.9931051864822824,-2.7683735512902237,0.5767558133857521,-0.3873069573558668,3.591968995608013,1.7358472087592693,0.607042255027478,-0.924620880113181,0.18276822084985303,1.0481048963431467,2.1193547681874247,-1.2420204429980504,3.2723287024479486,-5.49637409870863,1.3311464823087928,4.300560976631027,0.144200238873171,-1.0848634212114852,-0.7079399505212847,1.5456382562315067,-4.055843479444786,-0.37305894405481965,-0.7676598988462159,0.7469580897864925,2.9756323726656033,0.7631981621648458,-0.8648385771374387,0.043604250983195446,0.16667300761157755,-0.08188092261430777,-1.0906961624333193,-2.2338701133279852,-1.8209227190276105,0.5150127754552858,-3.058463865255189,-0.006006396013849134,-3.3165369834002028,0.04605224244162292,-0.08114619929274208,0.9688558324499238,-3.583899815360432
-0.02921987976744465,0.3452588008008145,-0.014637420104715592,0.5002212247415366,-0.7389476644722665,0.1368400156603922,0.24477690518187417,-0.23527792383131296,0.37277148552170897,0.2626214290443309,0.10019980104461937,0.016229961196705216,-0.09485511049712084,0.1791955668640858,0.4838682167216458,-0.07946979243171161,-0.07597594173329872,-0.5337541174248815,0.23570317841739696,0.144200238873171,0.08865325896883261,-0.15034910418085404,0.2952810830052788,0.38425479323788475,-0.18869767137827734,-0.08863697094044476,0.009714504097820842,0.2043938675324989,0.21624781104106308,0.1191489938933651,0.12061054938098031,-0.17171290689297858,-0.07487803898393512,0.16611438662847922,0.25898590677401817,-0.5499002214727401,0.28615049745749455,0.10332034869649144,-0.222846680888417,-0.026903752151469947,-0.45861339314057914,-0.39013589882208016,-0.07630846888304937,-0.04146796792991849,-0.3548651816624806
-0.09066768958703307,-1.0663461767739877,0.2684827988939888,-1.7202237911644924,2.0228766774800655,0.4841569280896392,-0.5646497911014166,0.5337710199352828,-1.357162405749089,-0.8414743090746425,-0.20099525456549283,0.15156595601455156,0.06396656036470848,-0.507974754122451,-1.2193003055466571,0.3559258071648763,-0.5294320996301677,1.982112796392367,-0.7130588626516189,-1.0848634212114852,-0.15034910418085404,0.477391980198809,-0.29786893299261874,-0.9214793820523052,1.0235300772464404,0.18161793099413345,0.08781565085759042,-0.4468483795626622,-1.0186687666667769,-0.3355333667772509,0.09674035790101243,0.16297402514698142,0.009526059415109362,-0.1683226459114951,0.015476192206596628,1.2228043674494653,-0.15281347733398998,-0.1556845590559266,1.054204943570708,0.10111371792128648,1.3715884854404756,0.5445067295659134,0.1580955142709312,-0.19667438296950235,1.4163615241333323
-0.29253077110537035,0.6116783620884341,0.4732519027044586,0.5347629714770467,-1.8480138575265956,1.3481454064649825,0.868502653891205,-0.8791593569601767,0.440616499898686,0.5692169265886318,0.19783700702186377,0.3578501503236492,-0.4462793022568047,0.4243103009136638,1.3662176480603587,0.05023996312818904,-1.3350081211735156,-0.5657434636929916,0.5986026310342852,-0.7079399505212847,0.2952810830052788,-0.29786893299261874,1.4175215058474477,1.1171373699832199,0.44532604346413535,-0.25198548356382966,0.2794511328021069,0.6046388463741972,0.017451154561658407,0.2617602652346999,0.7091571671683605,-0.6821785243916835,-0.3261067286058257,0.7092946814271465,1.342415120302717,-1.5620356174057917,1.7368421026383611,0.21755886647769626,-0.04521155153607645,-0.12336679334956958,-0.8809933796042246,-1.6077001833960074,-0.286917962770422,-0.44069632655598606,-0.41844964956781044
0.005840177809349582,2.0769028575082347,-0.30153429051640795,3.175032282695572,-4.1757358260831925,-0.1656759836987053,1.288733913883799,-1.2242862661979714,2.4528924379210917,1.6154046464821503,0.4715376760275269,-0.1096751277039801,-0.3315681695949916,1.0320886381511851,2.626299489866912,-0.5945816181035266,0.3318977506473318,-3.5834847148384594,1.4192006211276913,1.5456382562315067,0.38425479323788475,-0.9214793820523052,1.1171373699832199,2.032113661100857,-1.6129604554093193,-0.43687107127946034,-0.06588153464527234,1.0269678772696724,1.6877784013271346,0.6853052555345301,0.20129723238308614,-0.6231393011479375,-0.19767243057557154,0.6403087337402232,0.6702107411304007,-2.791325693074524,0.9458923238788631,0.4186116259418443,-1.7607627248138165,-0.18680722223406424,-2.71002449366298,-1.6403850250118266,-0.3725809285773135,0.10706722394011632,-2.4939384096011183
-0.3603040461672393,-2.680641623094834,1.6802434431723126,-4.916640908154626,3.9190981690941964,2.139212295710494,-0.5278355261162084,0.26968997830011726,-3.3456246940609846,-1.5195883421882415,-0.7945804958319744,0.8519798899028077,0.030942209212496217,-1.0236436565508085,-2.136125625264376,1.238070106703758,-2.9470056012825494,5.284884354268502,-1.1810969692184043,-4.055843479444786,-0.18869767137827734,1.0235300772464404,0.44532604346413535,-1.6129604554093193,4.115374510490932,0.48884602579392583,0.8459560872256987,-0.8493888799115809,-2.6651543606708867,-0.7871163406694582,0.4765112427545646,0.2815234408210709,0.05392218366450636,-0.244773190497423,0.3452312878889589,2.578344688905606,1.7215238709086982,-0.770694982887295,2.7617111483514476,-0.12977612122055826,3.3408230020863527,0.3230478487789715,0.04297424173601055,-0.7061302774554616,3.1441868177205126
0.039180566871339494,-0.47802208669884333,0.15092957775325064,-0.763209051594672,0.856733747740659,-0.08006008777718468,-0.22358146616954508,0.17509040188819736,-0.4853044867063847,-0.2684873900137525,-0.18065402573781497,0.03440054627506541,0.12829199980581316,-0.21072576461546205,-0.5457276094928042,0.15929937959250057,-0.08916346094337692,0.7814459943915087,-0.24038506593751446,-0.37305894405481965,-0.08863697094044476,0.18161793099413345,-0.25198548356382966,-0.43687107127946034,0.48884602579392583,0.13663051356081035,0.07819899737507079,-0.2476622209217882,-0.30254646662769946,-0.15854891104276872,-0.14061286039743742,0.227159673924941,0.11004932608256983,-0.2276820069255914,-0.34520328466390704,0.7047583438989538,-0.10511599853468102,-0.1947168063774928,0.325011635549743,-0.021364026090628038,0.6199766488978998,0.41300421070503285,0.05158312084904328,0.03656838869448966,0.4180845825396833
-0.05963113129760675,-0.3417849639792706,0.4286691958031672,-0.7481946228334233,0.2501161857109099,0.40299042132141316,0.1246501065673366,-0.1990399355533418,-0.391157568935315,-0.050234220531273556,-0.1793369082303571,0.2005195536679921,-0.004158747911203855,-0.07627049137560458,-0.07927899883921669,0.2270939791504164,-0.6823091816537398,0.7123468938040038,-0.009123588447453647,-0.7676598988462159,0.009714504097820842,0.08781565085759042,0.2794511328021069,-0.06588153464527234,0.8459560872256987,0.07819899737507079,0.24432511196599505,-0.06034029393199827,-0.33213778934340826,-0.09110068549063333,0.0707652809093622,0.04040186228220932,0.034759231103802773,-0.023115399199519902,0.0375518554635308,0.2571724272346296,0.6451662193966594,-0.20188835407275169,0.34458182491980976,-0.10867955633358879,0.4048764105180316,-0.14239996980535322,-0.07124022059768878,-0.10888777906558461,0.27189047626600377
-0.031688555077577334,1.0490128536029868,-0.18499876879788835,1.6121866694264877,-2.067592263753416,0.047831537345193936,0.6219750709442173,-0.5703250115753928,1.180695151288739,0.7555951641932064,0.2880099361367125,-0.04665253986031423,-0.21185276662126853,0.5080776073878049,1.312383558315435,-0.306160012930108,0.12358522150649291,-1.7617260218900563,0.6671463503571612,0.7469580897864925,0.2043938675324989,-0.4468483795626622,0.6046388463741972,1.0269678772696724,-0.8493888799115809,-0.2476622209217882,-0.06034029393199827,0.5392945197691065,0.7773507285528959,0.3480912885132465,0.1889424142889644,-0.3891042130384862,-0.15327147762735993,0.39183428507339646,0.5039765081935129,-1.4791185966055815,0.4647712622114576,0.28115972748502505,-0.815606944256166,-0.05645977497224855,-1.3700561198321177,-0.8948604440124133,-0.17509924419914535,-0.0034248557893101603,-1.1485145068174205
0.3783093084348009,2.2802377522214043,-0.859191877758634,3.8916575608099113,-4.016957653658059,-1.8831379697768413,0.9595978243140337,-0.8910597192633912,3.0957202379502387,1.7893045937131586,0.3649038658475217,-0.5428508692373816,0.08346921898764124,1.0295805633926316,2.293594124023375,-0.8796631206454525,1.943120259396619,-4.536347149129938,1.4592009110939044,2.9756323726656033,0.21624781104106308,-1.0186687666667769,0.017451154561658407,1.6877784013271346,-2.6651543606708867,-0.30254646662769946,-0.33213778934340826,0.7773507285528959,2.4894359011686706,0.6835801390981247,-0.6183022652093624,-0.027687362611620428,0.16054393956357776,0.029812734350011524,-0.7672193054070475,-2.1656402898975244,-0.458080383753682,0.23587317646348072,-2.560062693898104,-0.20437916956263522,-2.8870767166262685,-0.5071632457450265,-0.2506985338295083,0.7161459312837075,-3.275012057671057
0.033104454518605046,0.7887648689728485,-0.22585097986335984,1.2758074545027147,-1.4591464880522464,-0.22725430117062795,0.3902296607729141,-0.35217031070031823,0.947539778289251,0.564408122751969,0.19542574593898063,-0.10352669353800531,-0.09193864216500751,0.3664001452174897,0.8882361050364925,-0.2651632294614336,0.3431667633150999,-1.4159083674489086,0.4832833992779476,0.7631981621648458,0.1191489938933651,-0.3355333667772509,0.2617602652346999,0.6853052555345301,-0.7871163406694582,-0.15854891104276872,-0.09110068549063333,0.3480912885132465,0.6835801390981247,0.25283641477041296,0.014249932064872545,-0.1919857172312871,-0.05826599549979908,0.19372861274086353,0.15189856245875547,-0.9719068269416524,0.10611755396903842,0.1787253229622132,-0.7105279489538896,-0.03875921616277215,-1.0155983898053746,-0.4677908026397327,-0.10326418909470376,0.0893154055575539,-0.9395544558035032
-0.2890600284898402,-0.10020297534288498,0.21416250924053437,-0.35345207253066485,0.0012148974326550682,1.284188415216276,0.1006960044484794,-0.06138237335405027,-0.48607832267424494,-0.24623577402833002,0.19200647596965306,0.2527544770620493,-0.34452027989531275,-0.021028918012563354,0.15006197692893083,0.1436680196350647,-0.9851175987423842,0.6375347301424708,-0.14254783838882296,-0.8648385771374387,0.12061054938098031,0.09674035790101243,0.7091571671683605,0.20129723238308614,0.4765112427545646,-0.14061286039743742,0.0707652809093622,0.1889424142889644,-0.6183022652093624,0.014249932064872545,0.6831449078018742,-0.5238099939843618,-0.3379969604519055,0.5151495470803098,1.2255824828748636,-0.5351903681379152,0.7358498998607143,0.2843474483685944,0.6209254130885872,0.10919430047497083,0.08027374047178348,-0.7946692079625248,-0.03118140689710194,-0.4842134577631622,0.709711156176102
0.19291983474356594,-0.5001558438979341,0.047029053328583696,-0.6901014276172939,1.0128637315613311,-0.7777360985705323,-0.32377842061573986,0.25506265974180575,-0.3155367074503514,-0.19643878184724364,-0.3040739679414192,-0.09807619618303802,0.3260908408877943,-0.23846321420775157,-0.7242830743001614,0.10124612211652666,0.43266586464710916,0.5621957972066403,-0.21483837998916894,0.043604250983195446,-0.17171290689297858,0.16297402514698142,-0.6821785243916835,-0.6231393011479375,0.2815234408210709,0.227159673924941,0.04040186228220932,-0.3891042130384862,-0.027687362611620428,-0.1919857172312871,-0.5238099939843618,0.5374853998542165,0.3037424135232025,-0.5293402588687045,-1.038424688995464,1.1004828998234815,-0.5459935418956556,-0.36772215800303953,0.04729194672051652,-0.07317858398095357,0.67675552126526906,0.906601263903866,0.08397519280515943,0.297065191747539,0.12355803154455365
0.12939913137693462,-0.12330082763594814,0.024808980763210624,-0.15204378523991705,0.22669278550604577,-0.5379479386191554,-0.06353959828985242,0.020499405426595774,0.04432139067059165,0.05040391761489996,-0.1678807905599434,-0.06816320261413666,0.18613193812910125,-0.04866850522320834,-0.19753233392042677,0.013430195747226174,0.2964033821894128,0.00893898937220191,0.018530995881208698,0.16667300761157755,-0.07487803898393512,0.009526059415109362,-0.3261067286058257,-0.19767243057557154,0.05392218366450636,0.11004932608256983,0.034759231103802773,-0.15327147762735993,0.16054393956357776,-0.05826599549979908,-0.3379969604519055,0.3037424135232025,0.19148004778646102,-0.29271104690673116,-0.6413643801452638,0.4516676931599909,-0.22986152130253837,-0.22041638169266514,-0.1567030645514857,-0.07952175298678034,0.17535024342306435,0.4274163799880397,0.01069123018293681,0.21273440265809238,-0.19262375932768744
-0.20369675516760274,0.49726201044140994,-0.005818769868809928,0.658027112991567,-1.041537728011204,0.7883959840775434,0.35807451165803494,-0.2896087484929306,0.307612245406355,0.2114320324888219,0.2864814866486369,0.11551475780586941,-0.3323867118292152,0.24471880442211916,0.7508896242959082,-0.0914797797493749,-0.4908250596194831,-0.5604230867239421,0.23870320193700434,-0.08188092261430777,0.16611438662847922,-0.1683226459114951,0.7092946814271465,0.6403087337402232,-0.244773190497423,-0.2276820069255914,-0.023115399199519902,0.39183428507339646,0.029812734350011524,0.19372861274086353,0.5151495470803098,-0.5293402588687045,-0.29271104690673116,0.5380611438400466,1.0343820099248364,-1.1041398559773161,0.6015060112535453,0.3405590413191108,-0.05982903207666463,0.06011435830356501,-0.6752045036330264,-0.9312041312272198,-0.09063725407009424,-0.297060290130344,-0.14149159745343376
-0.5105547653685806,0.22312326849004036,0.21474024701870764,0.0438652295786325,-0.6666078702129856,2.1514252427362943,0.3335219028688661,-0.22148999747934242,-0.41377253578937834,-0.20253831936198244,0.4649400404669338,0.3804905361644596,-0.6717196691769315,0.13050376572378028,0.671066507199598,0.09871000192931911,-1.5223780341452697,0.4016527138559885,-0.04908237536462769,-1.0906961624333193,0.25898590677401817,0.015476192206596628,1.342415120302717,0.6702107411304007,0.3452312878889589,-0.34520328466390704,0.0375518554635308,0.5039765081935129,-0.7672193054070475,0.15189856245875547,1.2255824828748636,-1.038424688995464,-0.6413643801452638,1.0343820099248364,2.2878758337008147,-1.4394754671624346,1.2463896732708228,0.6258321192108627,0.7454534311224902,0.20530953142127764,-0.3682415720452774,-1.6194493519008477,-0.08271073477827168,-0.8191591897856437,0.8351205104525751
0.08590751392141543,-2.9361146742483957,0.649106225211441,-4.582116716810673,5.630629996660742,-0.07321709456757412,-1.6194391834732607,1.4498842400542915,-3.274111542044327,-2.018086576753085,-0.8583195072008473,0.1862307290186512,0.5964960183604597,-1.3914131137473087,-3.5520789480710424,0.8961716681477844,-0.5229621749935369,4.945063287226247,-1.7784673123279264,-2.2338701133279852,-0.5499002214727401,1.2228043674494653,-1.5620356174057917,-2.791325693074524,2.578344688905606,0.7047583438989538,0.2571724272346296,-1.4791185966055815,-2.1656402898975244,-0.9719068269416524,-0.5351903681379152,1.1004828998234815,0.4516676931599909,-1.1041398559773161,-1.4394754671624346,4.104766461078247,-1.0415784398723034,-0.8548103369891263,2.2723662254013965,0.09669087603589367,3.821369267255809,2.401128099015598,0.4392618688159837,0.00657749495776946,3.119597065502614
-0.35080904776132493,0.051501888447585166,1.1114944189488034,-0.6452098053520139,-1.3665233535618093,1.8228163855618467,1.0153489985208324,-1.1473586019968367,-0.16013104906514702,0.4811475335331407,-0.10937794834185369,0.637193567205825,-0.4064288661409735,0.28735577424815256,1.16392051095914,0.39669120267342073,-2.273649015137161,0.5372573360702586,0.5681940129200297,-1.8209227190276105,0.28615049745749455,-0.15281347733398998,1.7368421026383611,0.9458923238788631,1.7215238709086982,-0.10511599853468102,0.6451662193966594,0.4647712622114576,-0.458080383753682,0.10611755396903842,0.7358498998607143,-0.5459935418956556,-0.22986152130253837,0.6015060112535453,1.2463896732708228,-1.0415784398723034,2.616220393927151,-0.13429566108660704,0.4516129655950183,-0.29700561876879567,-0.20683688700575587,-1.694961774404356,-0.3822050161567579,-0.5549092777384275,-0.022973537013033316
-0.07429990611303625,0.5418683440208975,-0.3458629795835653,0.9527654267594556,-0.7748680575707362,0.2070481585386108,0.09400706622169992,7.706731958233361e-4,0.46115415929539005,0.14328734673906304,0.32240716209687625,-0.08478019980171576,-0.19666893254143056,0.19342623472819143,0.48454490077383683,-0.22324680383786258,0.22743829900988502,-0.8289386017636216,0.12133038438810763,0.5150127754552858,0.10332034869649144,-0.1556845590559266,0.21755886647769626,0.4186116259418443,-0.770694982887295,-0.1947168063774928,-0.20188835407275169,0.28115972748502505,0.23587317646348072,0.1787253229622132,0.2843474483685944,-0.36772215800303953,-0.22041638169266514,0.3405590413191108,0.6258321192108627,-0.8548103369891263,-0.13429566108660704,0.3838605603053769,-0.2510303155971393,0.12849835403934484,-0.6929581686176822,-0.45190009300873896,7.63404321943314e-4,-0.11216380003662897,-0.24438825298283548
-0.37284212347466106,-2.365403851590495,0.8783773021386003,-4.023586994340273,4.170801335593994,1.9085346543409936,-1.0081050731102568,0.9278799933927767,-3.1871115313861913,-1.8448411227414414,-0.3844766748817772,0.5495802844972337,-0.06748832445492062,-1.0664576799483436,-2.392054505074856,0.9113406485216415,-1.9678730325401737,4.695730195029349,-1.5116736382345912,-3.058463865255189,-0.222846680888417,1.054204943570708,-0.04521155153607645,-1.7607627248138165,2.7617111483514476,0.325011635549743,0.34458182491980976,-0.815606944256166,-2.560062693898104,-0.7105279489538896,0.6209254130885872,0.04729194672051652,-0.1567030645514857,-0.05982903207666463,0.7454534311224902,2.2723662254013965,0.4516129655950183,-0.2510303155971393,2.642960485704854,0.20674030896559395,2.9963894779172504,0.5623350039131642,0.2590694056924311,-0.7252976407258995,3.373899351908336
-0.04345174604170543,-0.11728128521979923,-0.14136651851072154,-0.1062002664277179,0.4272972251937064,0.12998602530400655,-0.2167582547773744,0.26066671546657594,-0.24178663590837265,-0.2549978797875617,0.08515379082729847,-0.030584569338143835,-0.042402375448088926,-0.10338241986074291,-0.27232503814618914,-0.009127151665419478,0.07815111129495694,0.2532011748499299,-0.22403523766608294,-0.006006396013849134,-0.026903752151469947,0.10111371792128648,-0.12336679334956958,-0.18680722223406424,-0.12977612122055826,-0.021364026090628038,-0.10867955633358879,-0.05645977497224855,-0.20437916956263522,-0.03875921616277215,0.10919430047497083,-0.07317858398095357,-0.07952175298678034,0.06011435830356501,0.20530953142127764,0.09669087603589367,-0.29700561876879567,0.12849835403934484,0.20674030896559395,0.11406758163909565,0.16284870178057675,0.09531954111300428,0.08217114634612818,-0.0790991721455947,0.3701189137116307
-0.1958623220977136,-3.2169671287993693,1.0012772491157058,-5.27056079841112,5.8696010883376015,1.201882099296037,-1.5286501894830278,1.3708790047299897,-3.932853092590505,-2.313456586667248,-0.7698140228699143,0.48539874095867863,0.2992867400691276,-1.4748250363740485,-3.539108621402656,1.1206464048297586,-1.6477005139052063,5.876441725508946,-1.9570328600721982,-3.3165369834002028,-0.45861339314057914,1.3715884854404756,-0.8809933796042246,-2.71002449366298,3.3408230020863527,0.6199766488978998,0.4048764105180316,-1.3700561198321177,-2.8870767166262685,-1.0155983898053746,0.08027374047178348,0.67675552126526906,0.17535024342306435,-0.6752045036330264,-0.3682415720452774,3.821369267255809,-0.20683688700575587,-0.6929581686176822,2.9963894779172504,0.16284870178057675,4.129414705678711,1.707367969312188,0.40234382279826836,-0.46151868575544486,3.928957644906378
0.29740051081588553,-1.2573038697048864,-0.20413577905660618,-1.615973342858957,2.936368586942434,-1.243969890779047,-1.1134003514337953,1.0608372840751406,-1.1485938085792182,-0.9355382658233198,-0.42213370499500147,-0.2580841777342757,0.562729577471313,-0.6973290328038848,-2.0298713028396076,0.19188359177030506,1.0168449197920042,1.6949007749825942,-0.9122719671843937,0.04605224244162292,-0.39013589882208016,0.5445067295659134,-1.6077001833960074,-1.6403850250118266,0.3230478487789715,0.41300421070503285,-0.14239996980535322,-0.8948604440124133,-0.5071632457450265,-0.4677908026397327,-0.7946692079625248,0.906601263903866,0.4274163799880397,-0.9312041312272198,-1.6194493519008477,2.401128099015598,-1.694961774404356,-0.45190009300873896,0.5623350039131642,0.09531954111300428,1.707367969312188,2.0034795405085326,0.3373923612568167,0.41514006181992147,1.0515690436205467
0.0030358535001603305,-0.29892879934207217,-0.07944068483117586,-0.3893824513626779,0.7470983722089638,-0.044486499070242436,-0.29593171414962055,0.3125382876069479,-0.3790679115821167,-0.31951366321269836,-0.02137615432625252,-0.0357832754531888,0.04821264881277663,-0.18003126403299122,-0.4894780185220025,0.045639209965583065,0.12259920328460669,0.49518550167586994,-0.28705215990423877,-0.08114619929274208,-0.07630846888304937,0.1580955142709312,-0.286917962770422,-0.3725809285773135,0.04297424173601055,0.05158312084904328,-0.07124022059768878,-0.17509924419914535,-0.2506985338295083,-0.10326418909470376,-0.03118140689710194,0.08397519280515943,0.01069123018293681,-0.09063725407009424,-0.08271073477827168,0.4392618688159837,-0.3822050161567579,7.63404321943314e-4,0.2590694056924311,0.08217114634612818,0.40234382279826836,0.3373923612568167,0.09954601095638846,-0.007729769910754239,0.43954222269134186
0.22673359258373327,0.3880842822064684,-0.28304176589814317,0.7887795378173454,-0.545081293584251,-1.0331767987623315,0.049361303563012826,-0.05803643242536605,0.7272998246187192,0.3811459323349974,-0.04492096872990617,-0.2397756036598134,0.21461125522933344,0.15295539049296683,0.21518909835029942,-0.2203860087121773,0.9009873146364322,-1.0289972047853517,0.27114314645221477,0.9688558324499238,-0.04146796792991849,-0.19667438296950235,-0.44069632655598606,0.10706722394011632,-0.7061302774554616,0.03656838869448966,-0.10888777906558461,-0.0034248557893101603,0.7161459312837075,0.0893154055575539,-0.4842134577631622,0.297065191747539,0.21273440265809238,-0.297060290130344,-0.8191591897856437,0.00657749495776946,-0.5549092777384275,-0.11216380003662897,-0.7252976407258995,-0.0790991721455947,-0.46151868575544486,0.41514006181992147,-0.007729769910754239,0.386779531886455,-0.8651188609043576
