V1,V2,V3,V4,V5,V6,V7,V8,V9,V10,V11,V12,V13,V14,V15,V16,V17,V18,V19,V20,V21,V22,V23,V24,V25,V26,V27,V28,V29,V30,V31,V32,V33,V34,V35,V36,V37,V38,V39,V40,V41,V42,V43,V44,V45
0.6686555694629733,-0.17589158868372565,0.7627721239167724,-1.2115704079735938,-1.332520277716104,0.2950808591845011,0.21631890375393123,0.959208484646692,0.011048972726731665,-0.27041294503378505,0.34888938076598164,-0.032521103123573876,0.6365284056410696,-1.7714634001093912,-0.5756408770517097,0.31826839718378225,-0.9225997763115295,0.6997452494751658,-0.23167512035894722,0.320303187487883,-0.7246050951830106,-0.2661771411900838,0.33535222016562255,-1.0115417990429463,-0.43950305429075015,-0.11542593668266077,0.7436495295331174,0.210122841462637,0.1748377725726056,-0.5155587975010553,-0.07412109909224768,-0.2246093936595308,-0.27395734392281457,-0.4545758699470471,0.8982912158650257,0.3876214188370277,1.0858074030191809,0.9580602612794212,-0.29318690406166814,0.7208304010970732,0.20134655955119515,-0.18512487454864915,0.13382246468029815,0.48009578750455584,0.5574938220982681
-0.17589158868372565,2.4669335632205005,-2.4242957655365642,-10.230644245086062,-2.449447689685525,5.780078772841679,3.0999277455863443,3.7164234464263335,-5.339231413775579,-3.138010853737511,-5.1359788391522505,5.214228294467221,7.149637301467886,-13.002914694921342,-11.572149457916597,-0.4811443412206233,-11.997173142325675,16.749220252540777,-14.66353667259626,3.1049406757820623,-7.041775309901017,6.016183074915419,-0.009979946739081865,2.078162912535579,-3.582219582520046,-3.6637286185158993,12.742708899553433,-9.8005763476506,-2.962038147779735,-20.140562405042395,-7.2490359024159225,-13.554018798428114,3.1994607721669865,-9.88825494746034,3.8960120011200905,8.178847757495358,3.037767906708449,-6.289925459190324,6.431872864643208,13.118403677659845,4.198161842011069,-8.530818981751649,8.25701161392816,0.6927318122900373,11.15585298507032
0.7627721239167724,-2.4242957655365642,2.948553518827233,8.356696829680626,1.0499740806240527,-5.067531645198377,-2.6626599007083023,-2.5520003026067184,4.941830919404433,2.6514376174267236,5.077557635515244,-4.848769407204326,-6.016933427190986,10.414611136479863,10.154874529376784,0.7296381436186711,10.256631954695907,-14.831768069917505,13.35253117284417,-2.588046950894241,5.854114634106013,-5.791786791907799,0.3397508924312541,-2.8454040843177006,2.905797861263502,3.266763545548574,-11.116462525924975,9.25572430962235,2.9065407043417264,18.1573017048805,6.63477629404904,12.339977368630457,-3.2060230467193223,8.728256297736255,-2.776839985412573,-7.2170996836113686,-1.781043142366158,6.699426228394803,-6.215743599080838,-11.46799528521786,-3.6944239711453255,7.738478230647609,-7.529349989444417,-0.19425483845763794,-9.839753465278866
-1.2115704079735938,-10.230644245086062,8.356696829680626,48.23888046897179,14.625967552673469,-26.097452244581273,-14.167455441447133,-19.043940858504865,23.268902689238853,14.493658761496851,21.41560319039649,-22.663439504059596,-33.079323394822104,62.0098617932074,52.196153721697065,1.153855384362232,55.107044303439515,-75.17803158211218,64.70980863754998,-14.516213969368122,32.884044794177285,-25.465672476238545,-0.9126978400088395,-6.086804800401269,16.939067194964917,16.316793030871413,-57.844365796433095,42.17905710649682,12.422096889924575,89.46316309879224,31.859692581894294,59.85695987691716,-13.162141972403893,44.51743727966959,-19.649804690819636,-36.865404315285915,-16.424248190520494,24.64595245745214,-27.22145098236173,-59.38684386356107,-18.91027043218046,37.82417796530777,-36.46394777240109,-4.425240837356663,-50.39297097172927
-1.332520277716104,-2.449447689685525,1.0499740806240527,14.625967552673469,5.926065476051971,-7.371476271693747,-4.095670867936872,-6.527013113688158,6.1392449787508,4.255649463799016,5.145178900648465,-5.943931020379877,-9.754713227326112,19.15311084874065,14.717842094323016,-0.18389975939099146,16.00715897150438,-21.01240960849487,17.482853073517532,-4.339548447025591,9.813840899435027,-6.34451514626034,-0.7690654107505968,-0.04229947442128508,5.188821894963071,4.507851290096884,-16.454185078316055,10.85895790743244,3.0026965817782445,24.483997718333896,8.530883629012164,16.191085528962088,-3.0741851722775144,12.498056175614254,-6.585395434618073,-10.359582800961936,-6.058240233338203,5.038427351801636,-6.762476800327616,-16.814975299838142,-5.299480680468964,10.307016367884968,-9.84546252924479,-1.9049248812886144,-14.181121784903766
0.2950808591845011,5.780078772841679,-5.067531645198377,-26.097452244581273,-7.371476271693747,14.323178123584523,7.744938432867352,10.03473582793424,-12.923322635238163,-7.8941579677814655,-12.084596999759366,12.598819028840888,18.008559840700723,-33.429361344167944,-28.655042814632434,-0.8195791578786187,-30.073319227155235,41.34490817658021,-35.791196707905556,7.878376225299637,-17.847051153117487,14.287989586240887,0.32110703553966496,3.9456290308784236,-9.159521325939064,-8.995142273733816,31.692507233127436,-23.533922688289387,-6.9920008202781325,-49.37428842627258,-17.64312096045472,-33.101434621373784,7.4614818692969465,-24.458796383463262,10.404340159935815,20.247177859933835,8.513657549649876,-14.217833260226268,15.276451523065912,32.56126952676139,10.383434688801993,-20.89289420431928,20.164742155106,2.1871647653597694,27.657864073641814
0.21631890375393123,3.0999277455863443,-2.6626599007083023,-14.167455441447133,-4.095670867936872,7.744938432867352,4.195444927823642,5.496887258275772,-6.958768500377013,-4.2779081502540945,-6.481144033376446,6.781480715890782,9.764526619703439,-18.175098452655035,-15.492157439252512,-0.41176370481500735,-16.28469180318402,22.345059150180532,-19.299270310541036,4.274963156912917,-9.678810048659807,7.674703204910531,0.20667259691917722,2.027548188595878,-4.9829913038137015,-4.858642473141982,17.13977792065429,-12.66194237462495,-3.745221488957454,-26.645695301155847,-9.505114768332664,-17.851275649775783,3.9969667727193747,-13.221000739102296,5.6879625201028174,10.943637130596557,4.697252654645969,-7.566161893167828,8.20358939490758,17.601149208799136,5.606628377548498,-11.274638187562779,10.870715400193005,1.2208635093327087,14.945759931001078
0.959208484646692,3.7164234464263335,-2.5520003026067184,-19.043940858504865,-6.527013113688158,10.03473582793424,5.496887258275772,7.902385626310734,-8.726000234606182,-5.653769419044552,-7.776860353125401,8.480017054730585,12.928703780867693,-24.661592903930075,-20.057355282137863,-0.1877941571839453,-21.40345431123581,28.79541063123355,-24.470561664894007,5.699313954236111,-12.902569718911453,9.366281316193167,0.6157397346858597,1.4917650066599557,-6.721767634149674,-6.2263200739333735,22.289333617408158,-15.684198003717244,-4.514676407864645,-33.992502509113415,-12.006777914577508,-22.64450792178078,4.737749818442012,-17.07601660206195,8.07609313247136,14.142604200667552,7.043836699122447,-8.500010900722994,9.997814439336416,22.84512985154481,7.244926116858441,-14.34706253752176,13.781066868479584,2.0315777579146848,19.33327088617845
0.011048972726731665,-5.339231413775579,4.941830919404433,23.268902689238853,6.1392449787508,-12.923322635238163,-6.958768500377013,-8.726000234606182,11.787766601733903,7.077439490071932,11.158035391519535,-11.502334660690353,-16.129113312451143,29.69627403138821,25.86337115357009,0.8853437626500466,27.01296318974507,-37.3641048716361,32.52697030577323,-7.039272334862959,15.957988104838115,-13.132869426355095,-0.14219608555992677,-4.043010959699184,8.141356691671135,8.143959372305268,-28.56741066565395,21.53285961050894,6.459114548722532,44.7782031263539,16.061209884992746,30.074979527601815,-6.913371428588713,22.08960886837094,-9.094247914352154,-18.28496114648739,-7.26832955864532,13.382155294048813,-14.04756438474389,-29.378730906725046,-9.388238000475546,18.957042330940347,-18.32999754915245,-1.789585758571279,-24.977457531064815
-0.27041294503378505,-3.138010853737511,2.6514376174267236,14.493658761496851,4.255649463799016,-7.8941579677814655,-4.2779081502540945,-5.653769419044552,7.077439490071932,4.368958499994106,6.563047726931943,-6.89623132202041,-9.968824251311803,18.601504027530435,15.79085877881739,0.39705932227165813,16.62387596471313,-22.762604762417638,19.64378580037674,-4.367805110666869,9.894686217063123,-7.783745935419665,-0.2308806388253793,-1.9959198991284406,5.089651241517593,4.94637532179664,-17.481767461797503,12.857548853536688,3.801156484693599,27.13067033377983,9.67626706795271,18.16878386321652,-4.042920586187948,13.47265675731468,-5.846077174188599,-11.154342880253372,-4.842242462003816,7.631498828639477,-8.320551417695535,-17.954222959993416,-5.720360429346526,11.474931094159523,-11.067352267287061,-1.2763611597383975,-15.240994727271785
0.34888938076598164,-5.1359788391522505,5.077557635515244,21.41560319039649,5.145178900648465,-12.084596999759366,-6.481144033376446,-7.776860353125401,11.158035391519535,6.563047726931943,10.754534092536524,-10.899825765727469,-14.949141925215766,27.235584987872112,24.186575473900984,0.9936667070215072,25.112084739736247,-35.02636252836262,30.677460024940327,-6.5128683060690715,14.742037433427496,-12.562497573681268,0.04713221560181323,-4.32861187289781,7.4991428868149645,7.645236127390476,-26.678172047536616,20.501593753401515,6.198811445834627,42.13896940866558,15.15608639811776,28.367687603220347,-6.687441545129092,20.69121747643806,-8.15354657867601,-17.12390272479453,-6.328934253981517,13.150088490772909,-13.451054000077441,-27.436364627422535,-8.773052625330264,17.87431998863635,-17.290321253858302,-1.4427001396616985,-23.381702101194886
-0.032521103123573876,5.214228294467221,-4.848769407204326,-22.663439504059596,-5.943931020379877,12.598819028840888,6.781480715890782,8.480017054730585,-11.502334660690353,-6.89623132202041,-10.899825765727469,11.224896078525884,15.714155711192909,-28.91482003958657,-25.214380082146935,-0.8745776922940982,-26.326474064068197,36.431213258491226,-31.731217729285934,6.8579097392516,-15.546661547944579,12.822307564630153,0.12480048324703454,3.980959559832518,-7.926892801228287,-7.940936965512558,27.850130676298107,-21.017625443974605,-6.310067011149175,-43.67497361510517,-15.67021934496097,-29.339062160312963,6.754659962053276,-21.537728901666615,8.842099488003564,17.82867160060452,7.049908601560442,-13.092420444094099,13.717034550998285,28.642199101738054,9.154269147883385,-18.49197776070547,17.88290318289161,1.729203705772799,24.355813793722664
0.6365284056410696,7.149637301467886,-6.016933427190986,-33.079323394822104,-9.754713227326112,18.008559840700723,9.764526619703439,12.928703780867693,-16.129113312451143,-9.968824251311803,-14.949141925215766,15.714155711192909,22.755036339888548,-42.47277275960163,-36.020913637007325,-0.8923244134897244,-37.92729327282713,51.923953802450264,-44.779735945358134,9.96978236975108,-22.57845013302052,17.735002934938787,0.5450007235824509,4.503567780352029,-11.629571375619516,-11.283458422670757,39.87383335423393,-29.302945591589832,-8.650067703104535,-61.86067050430862,-22.051035285746867,-41.42001623943591,9.207802459058552,-30.730726820545616,13.361398073425583,25.44039303431387,11.095630292171867,-17.350746753933816,18.955163006650167,40.944299038256716,13.040066294797839,-26.16491423243323,25.225016856956625,2.9268030115243775,34.75296436410768
-1.7714634001093912,-13.002914694921342,10.414611136479863,62.0098617932074,19.15311084874065,-33.429361344167944,-18.175098452655035,-24.661592903930075,29.69627403138821,18.601504027530435,27.235584987872112,-28.91482003958657,-42.47277275960163,79.81611317947907,66.84914007501172,1.357052079561625,70.68531881173111,-96.2577405891509,82.69452139277708,-18.65598830143965,42.23591650351408,-32.42352428514315,-1.2854368215942322,-7.396100727109198,21.811516100934924,20.876674755699998,-74.11714738217852,53.7933038584553,15.782060839801671,114.41043259114446,40.68156080251468,76.50427376338268,-16.717466706144023,57.01195882656119,-25.40567321307641,-47.21209130356042,-21.381595919507618,31.11433994004063,-34.65713046620698,-76.05587768452854,-24.194164672863476,48.375293601343124,-46.59388877010333,-5.810948443981202,-64.53232734623387
-0.5756408770517097,-11.572149457916597,10.154874529376784,52.196153721697065,14.717842094323016,-28.655042814632434,-15.492157439252512,-20.057355282137863,25.86337115357009,15.79085877881739,24.186575473900984,-25.214380082146935,-36.020913637007325,66.84914007501172,57.32983782583319,1.648938987321935,60.15698055642501,-82.71569515844315,71.61677023605591,-15.754935491289658,35.697116980678594,-28.59892960345461,-0.6371911083467424,-7.9228813701791205,18.313961637512556,17.998743061050156,-63.40051382184207,47.095684936648645,13.997859518293277,98.78920854145771,35.3080701414252,66.23204126290406,-14.936244280227,48.93121567743199,-20.799585429948213,-40.505285832784914,-17.01012923573756,28.475613118484496,-30.575434991015626,-65.14583796527023,-20.77777470734999,41.79887770881934,-40.34824899994766,-4.368036782752263,-55.32982566001285
0.31826839718378225,-0.4811443412206233,0.7296381436186711,1.153855384362232,-0.18389975939099146,-0.8195791578786187,-0.41176370481500735,-0.1877941571839453,0.8853437626500466,0.39705932227165813,0.9936667070215072,-0.8745776922940982,-0.8923244134897244,1.357052079561625,1.648938987321935,0.21950198162410564,1.5689386146035411,-2.4398519890156765,2.312563025484867,-0.3681606414206652,0.8422289336555373,-1.1044491478920018,0.1504883092415389,-0.7907151318240246,0.38777008759594533,0.5502746312222638,-1.770372570644568,1.7000514004913188,0.5690700175816624,3.085644268446911,1.166242169699169,2.131203346325117,-0.64358511911803,1.4233604979216645,-0.24651978238824052,-1.1738231038448208,-0.01331071013832178,1.4594422255684119,-1.1850734559561027,-1.847789170321669,-0.6081541030329283,1.3180575331739601,-1.3030854521860769,0.0945407255457159,-1.5936352655356563
-0.9225997763115295,-11.997173142325675,10.256631954695907,55.107044303439515,16.00715897150438,-30.073319227155235,-16.28469180318402,-21.40345431123581,27.01296318974507,16.62387596471313,25.112084739736247,-26.326474064068197,-37.92729327282713,70.68531881173111,60.15698055642501,1.5689386146035411,63.29013198119684,-86.74182837034056,74.93679038800481,-16.61798215524127,37.640272706941225,-29.7459117477406,-0.8092528178129202,-7.799621545555885,19.339767526967208,18.849940195036872,-66.59888015835239,49.10773571846611,14.546416867631388,103.46025154491045,36.922986352857635,69.3120614672245,-15.474901030211567,51.338059773915376,-22.15160623334085,-42.50765543336109,-18.26365945523967,29.303414023996577,-31.807437111687875,-68.40037603915457,-21.80021803430681,43.77089646957597,-42.22813301957009,-4.784797614067744,-58.09108841288668
0.6997452494751658,16.749220252540777,-14.831768069917505,-75.17803158211218,-21.01240960849487,41.34490817658021,22.345059150180532,28.79541063123355,-37.3641048716361,-22.762604762417638,-35.02636252836262,36.431213258491226,51.923953802450264,-96.2577405891509,-82.71569515844315,-2.4398519890156765,-86.74182837034056,119.38446795678419,-103.42951755386524,22.710243161957322,-51.43561966914102,41.36960211546144,0.8472652912710733,11.633275412289539,-26.389855741047544,-25.97882762514389,91.46581087866194,-68.09596551832482,-20.252799449389137,-142.64055987369164,-50.98814697547435,-95.65773832729685,21.63793744375995,-70.61779740394306,29.876310896661607,58.45592510834404,24.368661527372918,-41.32385789153193,44.23721000136414,93.97316072208083,29.968912600574956,-60.374301715058955,58.27256697618286,6.210206439042051,79.84580642130251
-0.23167512035894722,-14.66353667259626,13.35253117284417,64.70980863754998,17.482853073517532,-35.791196707905556,-19.299270310541036,-24.470561664894007,32.52697030577323,19.64378580037674,30.677460024940327,-31.731217729285934,-44.779735945358134,82.69452139277708,71.61677023605591,2.312563025484867,74.93679038800481,-103.42951755386524,89.87865646912896,-19.568734133023725,44.337331587210414,-36.143457979546355,-0.5166685129902014,-10.746509190752194,22.66557255844991,22.522275453030606,-79.15979910308609,59.36729075929299,17.752916878679258,123.81746944372905,44.35034952726888,83.11544687229703,-18.980316484949324,61.166434899715355,-25.458807323518975,-50.636417198679126,-20.49903126426853,36.55383295735109,-38.6648879410135,-81.36837025715694,-25.980035373904073,52.422903107953424,-50.65261908915533,-5.121586310839359,-69.181043547231
0.320303187487883,3.1049406757820623,-2.588046950894241,-14.516213969368122,-4.339548447025591,7.878376225299637,4.274963156912917,5.699313954236111,-7.039272334862959,-4.367805110666869,-6.5128683060690715,6.8579097392516,9.96978236975108,-18.65598830143965,-15.754935491289658,-0.3681606414206652,-16.61798215524127,22.710243161957322,-19.568734133023725,4.377072576552294,-9.903068973429326,7.723198819770661,0.24802786212648145,1.9050973725144333,-5.104912402747652,-4.927784269143684,17.460358449515475,-12.785314234490215,-3.768397770923641,-27.04487201934585,-9.630617700452433,-18.104808396828545,4.0045125318113115,-13.447091318700874,5.885060930249228,11.135658633818023,4.897238122905424,-7.521882746460728,8.260630112168027,17.9173999884704,5.702293719781528,-11.445675945917813,11.028363626441713,1.302099660263947,15.221114101903478
-0.7246050951830106,-7.041775309901017,5.854114634106013,32.884044794177285,9.813840899435027,-17.847051153117487,-9.678810048659807,-12.902569718911453,15.957988104838115,9.894686217063123,14.742037433427496,-15.546661547944579,-22.57845013302052,42.23591650351408,35.697116980678594,0.8422289336555373,37.640272706941225,-51.43561966914102,44.337331587210414,-9.903068973429326,22.433435707975974,-17.503866839508476,-0.568738022930939,-4.338503406241344,11.542348135795951,11.168326475151781,-39.54710222478294,28.956954634214668,8.548403346673545,61.26492182148274,21.8365244454326,41.01099668680783,-9.069195777508801,30.452923776519825,-13.32869713781949,-25.217795659358465,-11.081321319388776,17.057272359259276,-18.713872833977845,-40.60793761691083,-12.935682319440044,25.908648199837295,-24.985418322519365,-2.9565044625096046,-34.47022812456307
-0.2661771411900838,6.016183074915419,-5.791786791907799,-25.465672476238545,-6.34451514626034,14.287989586240887,7.674703204910531,9.366281316193167,-13.132869426355095,-7.783745935419665,-12.562497573681268,12.822307564630153,17.735002934938787,-32.42352428514315,-28.59892960345461,-1.1044491478920018,-29.7459117477406,41.36960211546144,-36.143457979546355,7.723198819770661,-17.503866839508476,14.731136290121398,0.03720689380200072,4.8750863774296525,-8.914286636853427,-9.031709120792753,31.543216409032603,-24.068205310343256,-7.254194046359989,-49.68795418963176,-17.85687011545859,-33.41617797802351,7.806054587040003,-24.44049264043155,9.7964255216147,20.224397319379847,7.705033135900467,-15.258137188294851,15.758491740811046,32.45114893817488,10.377050385199757,-21.050078226383615,20.363305604673666,1.8131549777072593,27.60933120521927
0.33535222016562255,-0.009979946739081865,0.3397508924312541,-0.9126978400088395,-0.7690654107505968,0.32110703553966496,0.20667259691917722,0.6157397346858597,-0.14219608555992677,-0.2308806388253793,0.04713221560181323,0.12480048324703454,0.5450007235824509,-1.2854368215942322,-0.6371911083467424,0.1504883092415389,-0.8092528178129202,0.8472652912710733,-0.5166685129902014,0.24802786212648145,-0.568738022930939,0.03720689380200072,0.19694598901795524,-0.4803908795374036,-0.34146922708242683,-0.17486782405967555,0.7294986597933735,-0.15997633720771712,0.022012208067773265,-0.8195111432076643,-0.23189967365447225,-0.4792683608561897,-0.05213935734205085,-0.5130598605890281,0.583915058895932,0.42260246591534684,0.6921357161929045,0.3430413622028816,0.022304946446596207,0.7354405864648622,0.2182118146891223,-0.31934138220326586,0.2800236493472223,0.27599766544402876,0.5695114102840158
-1.0115417990429463,2.078162912535579,-2.8454040843177006,-6.086804800401269,-0.04229947442128508,3.9456290308784236,2.027548188595878,1.4917650066599557,-4.043010959699184,-1.9959198991284406,-4.32861187289781,3.980959559832518,4.503567780352029,-7.396100727109198,-7.9228813701791205,-0.7907151318240246,-7.799621545555885,11.633275412289539,-10.746509190752194,1.9050973725144333,-4.338503406241344,4.8750863774296525,-0.4803908795374036,2.948664613039411,-2.069477584889579,-2.588674176072272,8.607674438513325,-7.650833778366805,-2.4919550963465418,-14.477055409190678,-5.38604608034223,-9.916553347881045,2.7666461468586996,-6.82231954073088,1.7206665509566434,5.638556206651271,0.764847505359164,-6.052150975225961,5.234952282101475,8.933689000620545,2.9126408735891913,-6.173198349177501,6.064103610389649,-0.12121286770899864,7.685395780890734
-0.43950305429075015,-3.582219582520046,2.905797861263502,16.939067194964917,5.188821894963071,-9.159521325939064,-4.9829913038137015,-6.721767634149674,8.141356691671135,5.089651241517593,7.4991428868149645,-7.926892801228287,-11.629571375619516,21.811516100934924,18.313961637512556,0.38777008759594533,19.339767526967208,-26.389855741047544,22.66557255844991,-5.104912402747652,11.542348135795951,-8.914286636853427,-0.34146922708242683,-2.069477584889579,5.982209891141494,5.726423025182997,-20.289168960672654,14.77764061724761,4.324735484485303,31.358997896533367,11.139474910002349,20.97233678160636,-4.607723491483581,15.624281682615594,-6.92262864804742,-12.933190671553529,-5.836225232943439,8.573560860220354,-9.526063363897663,-20.809445365025745,-6.611440639281049,13.268300947909507,-12.76352110055062,-1.5639763658534602,-17.661288640338213
-0.11542593668266077,-3.6637286185158993,3.266763545548574,16.316793030871413,4.507851290096884,-8.995142273733816,-4.858642473141982,-6.2263200739333735,8.143959372305268,4.94637532179664,7.645236127390476,-7.940936965512558,-11.283458422670757,20.876674755699998,17.998743061050156,0.5502746312222638,18.849940195036872,-25.97882762514389,22.522275453030606,-4.927784269143684,11.168326475151781,-9.031709120792753,-0.17486782405967555,-2.588674176072272,5.726423025182997,5.6591565528110666,-19.886154779373246,14.846078172247145,4.42060520541183,31.050337602265362,11.107664943914346,20.826558715387446,-4.728767716014256,15.36169709866826,-6.4646937312759665,-12.71328778251491,-5.2623624585188,9.05200113112933,-9.65300481664167,-20.440744605189245,-6.522168338567195,13.137387048127737,-12.685174173490422,-1.3315121670538763,-17.35785533012271
0.7436495295331174,12.742708899553433,-11.116462525924975,-57.844365796433095,-16.454185078316055,31.692507233127436,17.13977792065429,22.289333617408158,-28.56741066565395,-17.481767461797503,-26.678172047536616,27.850130676298107,39.87383335423393,-74.11714738217852,-63.40051382184207,-1.770372570644568,-66.59888015835239,91.46581087866194,-79.15979910308609,17.460358449515475,-39.54710222478294,31.543216409032603,0.7294986597933735,8.607674438513325,-20.289168960672654,-19.886154779373246,70.16313072921231,-52.00010369533969,-15.447972674676176,-109.21863169036284,-39.01931634728296,-73.21538831921958,16.45836833012835,-54.12306857572313,23.103943387765046,44.81260486640102,18.91365586372198,-31.32915885720656,33.73693826328874,72.07430675485286,22.982258000533985,-46.22188109225306,44.61141389982695,4.888357916374197,61.23967055763783
0.210122841462637,-9.8005763476506,9.25572430962235,42.17905710649682,10.85895790743244,-23.533922688289387,-12.66194237462495,-15.684198003717244,21.53285961050894,12.857548853536688,20.501593753401515,-21.017625443974605,-29.302945591589832,53.7933038584553,47.095684936648645,1.7000514004913188,49.10773571846611,-68.09596551832482,59.36729075929299,-12.785314234490215,28.956954634214668,-24.068205310343256,-0.15997633720771712,-7.650833778366805,14.77764061724761,14.846078172247145,-52.00010369533969,39.41649979861938,11.839725728047847,81.68436427587524,29.308592939600302,54.89810238494157,-12.71465631789081,40.24887688463981,-16.36830536341686,-33.312963572873876,-12.992529047714992,24.70709723243796,-25.75366873060396,-53.46393987082199,-17.080223041837222,34.609647844314395,-33.454710969486214,-3.1276968289068416,-45.49473992595552
0.1748377725726056,-2.962038147779735,2.9065407043417264,12.422096889924575,3.0026965817782445,-6.9920008202781325,-3.745221488957454,-4.514676407864645,6.459114548722532,3.801156484693599,6.198811445834627,-6.310067011149175,-8.650067703104535,15.782060839801671,13.997859518293277,0.5690700175816624,14.546416867631388,-20.252799449389137,17.752916878679258,-3.768397770923641,8.548403346673545,-7.254194046359989,0.022012208067773265,-2.4919550963465418,4.324735484485303,4.42060520541183,-15.447972674676176,11.839725728047847,3.594034395132441,24.37959405872486,8.784339669594994,16.411260814696544,-3.8529763264501327,11.967435828502982,-4.737494516496021,-9.908353447793104,-3.662310510471945,7.592810381554459,-7.767534672159057,-15.902124556825889,-5.095065751802596,10.329806336803907,-10.011500973903894,-0.8526480567116617,-13.54268442005441
-0.5155587975010553,-20.140562405042395,18.1573017048805,89.46316309879224,24.483997718333896,-49.37428842627258,-26.645695301155847,-33.992502509113415,44.7782031263539,27.13067033377983,42.13896940866558,-43.67497361510517,-61.86067050430862,114.41043259114446,98.78920854145771,3.085644268446911,103.46025154491045,-142.64055987369164,123.81746944372905,-27.04487201934585,61.26492182148274,-49.68795418963176,-0.8195111432076643,-14.477055409190678,31.358997896533367,31.050337602265362,-109.21863169036284,81.68436427587524,24.37959405872486,170.64032576784822,61.07565609379323,114.50666497958488,-26.054993393475687,84.36446159900676,-35.329722039311754,-69.840695372681,-28.578814571352332,50.027234152733605,-53.14936729590408,-112.24316267312368,-35.822081293990145,72.24220109430065,-69.7750332738108,-7.195673803353632,-95.41543225061488
-0.07412109909224768,-7.2490359024159225,6.63477629404904,31.859692581894294,8.530883629012164,-17.64312096045472,-9.505114768332664,-12.006777914577508,16.061209884992746,9.67626706795271,15.15608639811776,-15.67021934496097,-22.051035285746867,40.68156080251468,35.3080701414252,1.166242169699169,36.922986352857635,-50.98814697547435,44.35034952726888,-9.630617700452433,21.8365244454326,-17.85687011545859,-0.23189967365447225,-5.38604608034223,11.139474910002349,11.107664943914346,-39.01931634728296,29.308592939600302,8.784339669594994,61.07565609379323,21.899090681813814,41.00763154689756,-9.382023940768313,30.15126213195594,-12.50352671681014,-24.961996266336893,-10.026692992174107,18.117881480154516,-19.101695804406404,-40.12528563841317,-12.82230210426948,25.851012224597724,-24.997010928524542,-2.5001005034722072,-34.10905563125034
-0.2246093936595308,-13.554018798428114,12.339977368630457,59.85695987691716,16.191085528962088,-33.101434621373784,-17.851275649775783,-22.64450792178078,30.074979527601815,18.16878386321652,28.367687603220347,-29.339062160312963,-41.42001623943591,76.50427376338268,66.23204126290406,2.131203346325117,69.3120614672245,-95.65773832729685,83.11544687229703,-18.104808396828545,41.01099668680783,-33.41617797802351,-0.4792683608561897,-9.916553347881045,20.97233678160636,20.826558715387446,-73.21538831921958,54.89810238494157,16.411260814696544,114.50666497958488,41.00763154689756,76.86474795340412,-17.548442365756802,56.572161671004245,-23.556111083178433,-46.83389787695773,-18.973334597280136,33.78434917977031,-35.750499392530706,-75.24870824458712,-24.02205553653609,48.48709738104243,-46.84251804143038,-4.740550110418207,-63.987301312978474
-0.27395734392281457,3.1994607721669865,-3.2060230467193223,-13.162141972403893,-3.0741851722775144,7.4614818692969465,3.9969667727193747,4.737749818442012,-6.913371428588713,-4.042920586187948,-6.687441545129092,6.754659962053276,9.207802459058552,-16.717466706144023,-14.936244280227,-0.64358511911803,-15.474901030211567,21.63793744375995,-18.980316484949324,4.0045125318113115,-9.069195777508801,7.806054587040003,-0.05213935734205085,2.7666461468586996,-4.607723491483581,-4.728767716014256,16.45836833012835,-12.71465631789081,-3.8529763264501327,-26.054993393475687,-9.382023940768313,-17.548442365756802,4.16513457188891,-12.77673903991548,4.975838238520468,10.571368061490293,3.835503161357149,-8.22390763566624,8.355354931841115,16.934497259632046,5.41852423423114,-11.050289030936733,10.694636627047636,0.8553750019578579,14.428034264489474
-0.4545758699470471,-9.88825494746034,8.728256297736255,44.51743727966959,12.498056175614254,-24.458796383463262,-13.221000739102296,-17.07601660206195,22.08960886837094,13.47265675731468,20.69121747643806,-21.537728901666615,-30.730726820545616,57.01195882656119,48.93121567743199,1.4233604979216645,51.338059773915376,-70.61779740394306,61.166434899715355,-13.447091318700874,30.452923776519825,-24.44049264043155,-0.5130598605890281,-6.82231954073088,15.624281682615594,15.36169709866826,-54.12306857572313,40.24887688463981,11.967435828502982,84.36446159900676,30.15126213195594,56.572161671004245,-12.77673903991548,41.776796959480095,-17.712897145564536,-34.584933437194564,-14.457537519492663,24.381541314925403,-26.13831562338351,-55.60125101062662,-17.730168590403018,35.710126995955946,-34.46536755374054,-3.6968907069259416,-47.24830477461479
0.8982912158650257,3.8960120011200905,-2.776839985412573,-19.649804690819636,-6.585395434618073,10.404340159935815,5.6879625201028174,8.07609313247136,-9.094247914352154,-5.846077174188599,-8.15354657867601,8.842099488003564,13.361398073425583,-25.40567321307641,-20.799585429948213,-0.24651978238824052,-22.15160623334085,29.876310896661607,-25.458807323518975,5.885060930249228,-13.32869713781949,9.7964255216147,0.583915058895932,1.7206665509566434,-6.92262864804742,-6.4646937312759665,23.103943387765046,-16.36830536341686,-4.737494516496021,-35.329722039311754,-12.50352671681014,-23.556111083178433,4.975838238520468,-17.712897145564536,8.26977057606427,14.67091725637039,7.150856263016948,-9.013292269681196,10.46046520375136,23.691182866378877,7.52171185794582,-14.91442141779618,14.340989787231718,2.041683133411987,20.05884697703687
0.3876214188370277,8.178847757495358,-7.2170996836113686,-36.865404315285915,-10.359582800961936,20.247177859933835,10.943637130596557,14.142604200667552,-18.28496114648739,-11.154342880253372,-17.12390272479453,17.82867160060452,25.44039303431387,-47.21209130356042,-40.505285832784914,-1.1738231038448208,-42.50765543336109,58.45592510834404,-50.636417198679126,11.135658633818023,-25.217795659358465,20.224397319379847,0.42260246591534684,5.638556206651271,-12.933190671553529,-12.71328778251491,44.81260486640102,-33.312963572873876,-9.908353447793104,-69.840695372681,-24.961996266336893,-46.83389787695773,10.571368061490293,-34.584933437194564,14.67091725637039,28.633782450003558,11.967418258786358,-20.175626807341633,21.63273585310002,46.03504928461887,14.680680421667416,-29.564087306799095,28.535986242437158,3.0648435662474696,39.125268878776986
1.0858074030191809,3.037767906708449,-1.781043142366158,-16.424248190520494,-6.058240233338203,8.513657549649876,4.697252654645969,7.043836699122447,-7.26832955864532,-4.842242462003816,-6.328934253981517,7.049908601560442,11.095630292171867,-21.381595919507618,-17.01012923573756,-0.01331071013832178,-18.26365945523967,24.368661527372918,-20.49903126426853,4.897238122905424,-11.081321319388776,7.705033135900467,0.6921357161929045,0.764847505359164,-5.836225232943439,-5.2623624585188,18.91365586372198,-12.992529047714992,-3.662310510471945,-28.578814571352332,-10.026692992174107,-18.973334597280136,3.835503161357149,-14.457537519492663,7.150856263016948,11.967418258786358,6.430618537640361,-6.627787816421678,8.205804248714239,19.363600341021556,6.118369672630922,-12.04349464730512,11.527766931486806,1.9141415752807334,16.33889347815258
0.9580602612794212,-6.289925459190324,6.699426228394803,24.64595245745214,5.038427351801636,-14.217833260226268,-7.566161893167828,-8.500010900722994,13.382155294048813,7.631498828639477,13.150088490772909,-13.092420444094099,-17.350746753933816,31.11433994004063,28.475613118484496,1.4594422255684119,29.303414023996577,-41.32385789153193,36.55383295735109,-7.521882746460728,17.057272359259276,-15.258137188294851,0.3430413622028816,-6.052150975225961,8.573560860220354,9.05200113112933,-31.32915885720656,24.70709723243796,7.592810381554459,50.027234152733605,18.117881480154516,33.78434917977031,-8.22390763566624,24.381541314925403,-9.013292269681196,-20.175626807341633,-6.627787816421678,16.56828672950697,-16.34574519685217,-32.2831461415451,-10.365816799969569,21.231107982386963,-20.60993626673967,-1.337267928826724,-27.547913771136702
-0.29318690406166814,6.431872864643208,-6.215743599080838,-27.22145098236173,-6.762476800327616,15.276451523065912,8.20358939490758,9.997814439336416,-14.04756438474389,-8.320551417695535,-13.451054000077441,13.717034550998285,18.955163006650167,-34.65713046620698,-30.575434991015626,-1.1850734559561027,-31.807437111687875,44.23721000136414,-38.6648879410135,8.260630112168027,-18.713872833977845,15.758491740811046,0.022304946446596207,5.234952282101475,-9.526063363897663,-9.65300481664167,33.73693826328874,-25.75366873060396,-7.767534672159057,-53.14936729590408,-19.101695804406404,-35.750499392530706,8.355354931841115,-26.13831562338351,10.46046520375136,21.63273585310002,8.205804248714239,-16.34574519685217,16.864921920833044,34.70091187844028,11.095825430874974,-22.52511682632759,21.78985645819965,1.9266757501436669,29.5412408959054
0.7208304010970732,13.118403677659845,-11.46799528521786,-59.38684386356107,-16.814975299838142,32.56126952676139,17.601149208799136,22.84512985154481,-29.378730906725046,-17.954222959993416,-27.436364627422535,28.642199101738054,40.944299038256716,-76.05587768452854,-65.14583796527023,-1.847789170321669,-68.40037603915457,93.97316072208083,-81.36837025715694,17.9173999884704,-40.60793761691083,32.45114893817488,0.7354405864648622,8.933689000620545,-20.809445365025745,-20.440744605189245,72.07430675485286,-53.46393987082199,-15.902124556825889,-112.24316267312368,-40.12528563841317,-75.24870824458712,16.934497259632046,-55.60125101062662,23.691182866378877,46.03504928461887,19.363600341021556,-32.2831461415451,34.70091187844028,74.06396364818731,23.629530828286775,-47.486015284487586,45.853906606307234,5.0010643113967985,62.908484932932375
0.20134655955119515,4.198161842011069,-3.6944239711453255,-18.91027043218046,-5.299480680468964,10.383434688801993,5.606628377548498,7.244926116858441,-9.388238000475546,-5.720360429346526,-8.773052625330264,9.154269147883385,13.040066294797839,-24.194164672863476,-20.77777470734999,-0.6081541030329283,-21.80021803430681,29.968912600574956,-25.980035373904073,5.702293719781528,-12.935682319440044,10.377050385199757,0.2182118146891223,2.9126408735891913,-6.611440639281049,-6.522168338567195,22.982258000533985,-17.080223041837222,-5.095065751802596,-35.822081293990145,-12.82230210426948,-24.02205553653609,5.41852423423114,-17.730168590403018,7.52171185794582,14.680680421667416,6.118369672630922,-10.365816799969569,11.095825430874974,23.629530828286775,7.546802403527032,-15.149180268656243,14.642590627318548,1.5773264386096377,20.06566368334512
-0.18512487454864915,-8.530818981751649,7.738478230647609,37.82417796530777,10.307016367884968,-20.89289420431928,-11.274638187562779,-14.34706253752176,18.957042330940347,11.474931094159523,17.87431998863635,-18.49197776070547,-26.16491423243323,48.375293601343124,41.79887770881934,1.3180575331739601,43.77089646957597,-60.374301715058955,52.422903107953424,-11.445675945917813,25.908648199837295,-21.050078226383615,-0.31934138220326586,-6.173198349177501,13.268300947909507,13.137387048127737,-46.22188109225306,34.609647844314395,10.329806336803907,72.24220109430065,25.851012224597724,48.48709738104243,-11.050289030936733,35.710126995955946,-14.91442141779618,-29.564087306799095,-12.04349464730512,21.231107982386963,-22.52511682632759,-47.486015284487586,-15.149180268656243,30.60107384383988,-29.545896531085432,-3.0158024264134053,-40.39335058133574
0.13382246468029815,8.25701161392816,-7.529349989444417,-36.46394777240109,-9.84546252924479,20.164742155106,10.870715400193005,13.781066868479584,-18.32999754915245,-11.067352267287061,-17.290321253858302,17.88290318289161,25.225016856956625,-46.59388877010333,-40.34824899994766,-1.3030854521860769,-42.22813301957009,58.27256697618286,-50.65261908915533,11.028363626441713,-24.985418322519365,20.363305604673666,0.2800236493472223,6.064103610389649,-12.76352110055062,-12.685174173490422,44.61141389982695,-33.454710969486214,-10.011500973903894,-69.7750332738108,-24.997010928524542,-46.84251804143038,10.694636627047636,-34.46536755374054,14.340989787231718,28.535986242437158,11.527766931486806,-20.60993626673967,21.78985645819965,45.853906606307234,14.642590627318548,-29.545896531085432,28.552477410485757,2.882704510766692,38.997721454719894
0.48009578750455584,0.6927318122900373,-0.19425483845763794,-4.425240837356663,-1.9049248812886144,2.1871647653597694,1.2208635093327087,2.0315777579146848,-1.789585758571279,-1.2763611597383975,-1.4427001396616985,1.729203705772799,2.9268030115243775,-5.810948443981202,-4.368036782752263,0.0945407255457159,-4.784797614067744,6.210206439042051,-5.121586310839359,1.302099660263947,-2.9565044625096046,1.8131549777072593,0.27599766544402876,-0.12121286770899864,-1.5639763658534602,-1.3315121670538763,4.888357916374197,-3.1276968289068416,-0.8526480567116617,-7.195673803353632,-2.5001005034722072,-4.740550110418207,0.8553750019578579,-3.6968907069259416,2.041683133411987,3.0648435662474696,1.9141415752807334,-1.337267928826724,1.9266757501436669,5.0010643113967985,1.5773264386096377,-3.0158024264134053,2.882704510766692,0.6250364984145607,4.197052708856549
0.5574938220982681,11.15585298507032,-9.839753465278866,-50.39297097172927,-14.181121784903766,27.657864073641814,14.945759931001078,19.33327088617845,-24.977457531064815,-15.240994727271785,-23.381702101194886,24.355813793722664,34.75296436410768,-64.53232734623387,-55.32982566001285,-1.5936352655356563,-58.09108841288668,79.84580642130251,-69.181043547231,15.221114101903478,-34.47022812456307,27.60933120521927,0.5695114102840158,7.685395780890734,-17.661288640338213,-17.35785533012271,61.23967055763783,-45.49473992595552,-13.54268442005441,-95.41543225061488,-34.10905563125034,-63.987301312978474,14.428034264489474,-47.24830477461479,20.05884697703687,39.125268878776986,16.33889347815258,-27.547913771136702,29.5412408959054,62.908484932932375,20.06566368334512,-40.39335058133574,38.997721454719894,4.197052708856549,53.4815053974193
