V1,V2,V3,V4,V5,V6,V7,V8,V9,V10,V11,V12,V13,V14,V15,V16,V17,V18,V19,V20,V21,V22,V23,V24,V25,V26,V27,V28,V29,V30,V31,V32,V33,V34,V35,V36,V37,V38,V39,V40,V41,V42,V43,V44,V45
2.573433267630419,-0.38592080238735316,-0.3209048318131341,0.7395477442122804,-0.36626098677277946,-0.731616366750259,0.3357308634421314,-0.587271993636035,-0.21546299371402727,-0.12035766214840193,-0.6532261665171425,-0.6833354596601896,0.4550813470156667,0.05800333372777923,0.707109822936006,-0.3491651190228565,0.17531798863423576,0.4870028509155089,0.9151307514308263,-0.1370431636265664,0.3503034053309586,-0.25204758027755025,0.03201568132900623,-0.012722272456039229,-0.309604584809123,0.33383968011404075,-0.09038755677020355,-0.20881935318800796,0.42819344215382726,0.748002959274405,0.3113301851276409,-0.7389229127668757,0.7584981279385438,-0.11051699669938085,-0.2607416849382795,-0.2506321836096938,-0.5164218385927078,-0.020250779737198667,-0.2794727975541547,0.5270599201641569,0.01432719201685951,0.02364322807296525,0.09296063217872322,0.37092024124943324,-0.24618864000008925
-0.38592080238735316,0.8441989437562145,0.38235220895725125,-0.19335611198231767,0.26935260216132956,0.20950466494259962,-0.45627529168576597,0.05457165017231851,-0.1512423268662719,-0.2840152294546998,0.02737487718781172,0.08439399210458176,0.02309406190771132,0.0269293745013721,0.1941014426826614,0.21531364706903647,-0.13139649599327552,-0.44381641959309043,-0.0051009987769244005,0.12172276246724319,0.47594677609329156,-0.004854057566442741,0.08315518688911862,-0.15740215933907334,0.30520425970471704,0.008178553930144557,0.029150337957499294,-0.347545262455319,0.19104584121910395,-0.03149280200111877,0.4424518772645292,0.18923908208387577,-0.18540808971777706,-0.002580047140132609,0.030086186774801384,0.22319318652163667,0.2952025976341235,-0.16276844267121346,0.4643456818689777,0.04498157919416409,0.14796782403682004,0.2979290182657699,-0.22308407962525553,-0.2053961743437564,0.21177146546156328
-0.3209048318131341,0.38235220895725125,0.9539966132473134,-0.08872082807546587,0.24072450516481572,0.09922035474807181,-0.17775219928982794,-0.3829743662333209,0.1649360837290982,0.03350039458708499,-0.35407838886085613,0.06309329939564168,0.11656223838479234,0.46355260811260035,-0.08280672981014946,0.04933160796026554,-0.09198905698616291,-0.23303556839146447,0.08484185521648338,-0.41590262881441403,0.030790403839764217,-0.18386595545766193,0.06730334861661533,-0.12369280886769238,0.10427287786767797,-0.06668393801808475,-0.021952886959566008,0.3974979421644897,0.3234054046769989,0.10232104423362226,0.11830881263913326,0.33314573235872086,-0.1601697906077631,0.06998200964849714,0.3225816030546376,0.1717276010791663,-0.0736896207973092,-0.11774446733449326,-0.010124822382425453,-0.23593331430161676,0.28618267560211275,0.16595995563144253,-0.2311219542580147,0.18335344024062228,-0.33084045429288655
0.7395477442122804,-0.19335611198231767,-0.08872082807546587,1.0044230265284584,-0.3774705515454268,-0.2969969615512657,-0.27469913223771464,-0.317464977369544,-0.13236424738807806,0.2194291042324335,0.3783573184025385,-0.37418834296208936,0.3368197364292465,0.22844320046519048,0.13486017119374752,-0.5222455552372812,0.20334111589462123,0.1974307299702933,-0.07790233809509509,-0.16491417774632236,0.18356193962588546,0.23406611559378201,0.19400530034754793,0.0339336210153954,-0.16673425851130919,0.1580536659291011,-0.07140351617451221,-0.23353404349221088,0.6103579008314324,-0.06833890345194593,0.24752431318165682,-0.22274383750821392,0.35130865845960574,0.3177201486477742,0.34587568809426644,-0.250931791889877,-0.21870528713595067,-0.24058510995235677,0.09018813269543602,0.016226899270460116,-0.470594143244682,0.3028147464112491,-0.1078594077022475,-0.008866056608407565,-0.14131088846071493
-0.36626098677277946,0.26935260216132956,0.24072450516481572,-0.3774705515454268,1.0170676069118962,0.0658776328246805,-0.06315688425568879,0.23149743039809903,-0.243865783325922,-0.1586367019873285,-0.024955408210816654,0.44963706657548663,-0.2399395700524998,0.13224042318024556,0.12028848840089891,0.6011605202524207,-0.08801260096628948,0.030169336907637644,0.7090436674137606,-0.024953759175844505,0.20607182971339957,0.050032354076334495,-0.11665990627881433,0.24593244847622428,0.5365028259641723,-0.5653377758440049,-0.21371516388367984,0.08869309045196315,-0.35608058110373264,-0.12066772985168307,0.11422546563719463,-0.4153207047421776,0.07875859996092605,-0.34431571387244947,0.11084038863945066,0.012852831700959588,0.32101488462087274,-0.29816795497478654,0.09236588191631319,-0.0341832568704903,0.062279129011242045,0.34719326311533627,-0.016836217453915173,-0.09038312231040886,-0.42680671254192193
-0.731616366750259,0.20950466494259962,0.09922035474807181,-0.2969969615512657,0.0658776328246805,0.9959486023157763,-0.16265603556625677,0.3348192826460701,0.2447752859680125,0.005814600640103459,0.3456075681583872,-0.035039686108602044,0.051357696546411445,-0.0024737670636322375,-0.2668605253854688,0.23431535125035943,-0.29716379947597255,0.05505044917788293,0.057378804247126346,0.2463630157768268,-0.25989217962217837,-0.2207366416050135,-0.5058149755509592,-0.38681750355871775,0.3009049958673602,0.051929556751078625,0.08449027013942711,0.32016377563407034,-0.18253157657218572,-0.2381862959030741,-0.17081895758979335,0.25669449560276303,-0.04507689183902038,-0.17805871520113897,0.2535232435105987,0.11368842381819538,0.6016463521952286,0.4557877256244075,0.0938996513502622,-0.36787525031983986,-0.013996046287215798,0.36338276606342523,0.19217781867575293,-0.20176090312917733,0.1467870391913979
0.3357308634421314,-0.45627529168576597,-0.17775219928982794,-0.27469913223771464,-0.06315688425568879,-0.16265603556625677,1.3268175448070951,0.0076920130343610775,-0.050936884717767195,0.2436641010626869,-0.12304170623694749,-0.2618658202253722,-0.10987575207508837,-0.5190025741114851,-0.23626605855346494,-0.25809244613642346,0.3813994051263983,0.15254501000734547,0.36021227197083755,0.13217328777852197,-0.3205313594057185,-0.10574930870255772,-0.20789364812755362,0.1711214600574231,0.0555752318869532,-0.15606592755278254,-0.2540552031858684,0.6309919052665568,-0.48460458853412114,0.28024213459717146,-0.12241366938355701,-0.6495870616356041,0.265957966575623,-0.04485095765320372,-1.0149683212464604,0.13465692669307405,-0.21064389601409161,0.06800453539635389,0.11503449163391687,0.294019341129171,0.30499940136470327,0.00617579299858145,0.05105900731075188,-0.20585079629761777,0.011611250035110656
-0.587271993636035,0.05457165017231851,-0.3829743662333209,-0.317464977369544,0.23149743039809903,0.3348192826460701,0.0076920130343610775,1.0021103373373517,-0.16852932135607923,-0.05703474037427226,0.5230792023764556,0.16535478249786484,-0.3489593364923119,-0.37362475496883424,-0.3810515742271497,0.71038473368008,0.17731745956803896,-0.051302378439307766,-0.03442309850402199,0.421479705806761,-0.061719349102845565,-0.007882817285942688,-0.2024469813557663,-0.011236748237753605,0.17067456006534082,-0.07421676357435995,-0.5104384987847597,0.23246403335473675,-0.23480554754296656,-0.21797991192647737,0.10480402214492561,0.006647904308934649,-0.4472213908533724,-0.2724863156050231,-0.08770189584720045,-0.09186036671079828,0.7241290138174818,0.07943827630518573,0.28361370614636683,-0.33113306482676996,-0.1597091096690293,0.3232695077707866,0.014588708205505525,-0.35603647446351266,0.24936989708625465
-0.21546299371402727,-0.1512423268662719,0.1649360837290982,-0.13236424738807806,-0.243865783325922,0.2447752859680125,-0.050936884717767195,-0.16852932135607923,0.48510439579742426,-0.10061844106098583,-0.1494414798564383,-0.059914899802585825,0.008970114566051023,0.12053235690826591,-0.12615120042514658,-0.10586758409908192,-0.29366301733098266,0.17289631596410146,-0.05274356838327476,0.01262407449460486,-0.48693637521482,-0.20004495594929467,-0.21802315371824313,-0.3844756154711794,-0.028644080978455368,0.1141764764021741,0.2098673156546264,0.2922409329644743,0.03770893420999174,-0.057586263549764205,-0.5078167067700039,0.3551802125039082,-0.08606198614109124,0.04934422562536077,0.2744658277380498,0.1061086639202211,-0.20565963346975843,0.48915310281844676,-0.1564207229217424,-0.2136406751651669,0.10411075971242097,-0.09957092528886943,0.2093784104816934,0.21221678660221746,-0.018490008321766567
-0.12035766214840193,-0.2840152294546998,0.03350039458708499,0.2194291042324335,-0.1586367019873285,0.005814600640103459,0.2436641010626869,-0.05703474037427226,-0.10061844106098583,0.6292855544546173,0.20682529496085617,0.09026596376935965,0.14001593295250075,-0.008974158654353302,-0.2151244253929819,-0.23405765909804674,0.305009291032077,8.16459994193879e-4,-0.3098240799157701,-0.3804400179919881,-0.031156443081098713,0.11861821485802312,0.109744728439182,0.16585925956871875,-0.4589554020196796,-0.056078650643019125,-0.04302254154122787,0.15761222132059036,-0.012834956923207573,-0.05118423732355836,0.14629165113944304,0.06224721374282854,-0.14747375753343125,0.0707231494643755,-0.03914426147913154,-0.07082682271896222,0.12586012975839203,-0.2542789913522304,-0.35995951291166334,-0.128569164459267,-0.13414068256279815,-0.26900913184717684,-0.2017068771854409,-0.08221173637916555,-0.04294512968951673
-0.6532261665171425,0.02737487718781172,-0.35407838886085613,0.3783573184025385,-0.024955408210816654,0.3456075681583872,-0.12304170623694749,0.5230792023764556,-0.1494414798564383,0.20682529496085617,1.5481324186725327,0.40005876211707225,0.22421089474990413,-0.47690457302214295,-0.37002885105858435,-0.24607455560604688,0.200233486189689,0.22154122364871776,-0.14632555120617996,0.3673328569983182,-0.2652099966282095,0.5483347174063451,0.030052226485807104,0.0644464905104985,0.2794234066632058,-0.0033368202331705596,-0.12002521207921825,-0.16100159501971473,-0.046177126792780444,-0.592091520384632,0.13165391882236174,-0.07314641055138058,-0.19829795368509442,0.018854365222833062,-0.037533945865894,0.23518835412103414,0.53756309241727,-0.19779194593360097,0.8032128359166122,-0.2086759942948524,-0.6853483763659033,0.5875346426259815,0.00784378087547995,-0.5172288287482998,0.18588897177565747
-0.6833354596601896,0.08439399210458176,0.06309329939564168,-0.37418834296208936,0.44963706657548663,-0.035039686108602044,-0.2618658202253722,0.16535478249786484,-0.059914899802585825,0.09026596376935965,0.40005876211707225,1.2367774134902516,0.09933106554019532,-0.12572455180536993,0.09619188476213934,0.11868230742373154,-0.027687784428649075,0.09122626854153901,-0.01610510737358253,-0.2178940219159145,-0.08518857199747464,0.48189120691292325,0.28249783392659306,0.25979531954839913,-0.11075345938355667,-0.14791832215246986,0.1132730863567097,-0.39116313054346985,-0.2511162677392368,-0.2095640831903076,0.016873633055898594,0.3694191461832658,-0.4291349023443652,-0.3323272826886819,0.04989266973820796,0.4611267520210533,0.19500088593576875,-0.46553267955318334,-0.006660469725852722,-0.12943284740174077,-0.1641901295424771,-0.4367134220742399,-0.060770972893856065,0.09025218471144573,-0.17908651551166588
0.4550813470156667,0.02309406190771132,0.11656223838479234,0.3368197364292465,-0.2399395700524998,0.051357696546411445,-0.10987575207508837,-0.3489593364923119,0.008970114566051023,0.14001593295250075,0.22421089474990413,0.09933106554019532,0.6762832102546023,0.06106546863556029,0.27809281531964025,-0.5969940721969869,0.13484404757884555,0.05965102445647073,0.2125665272691106,-0.20854316851584018,0.02646047255667234,0.09695080934893732,-0.09533655298511325,0.12590124150897494,-0.03437641422750887,0.03260729683612038,0.14214108588708108,-0.18484164079007212,0.30980094254224133,-0.012495623923139909,0.13310902907467229,-0.0036814455387065743,0.16552981600321487,-0.03863724774423362,-0.10577142965427719,0.0750947192724013,0.109359028430557,-0.14126112864587131,-0.23784582851992167,0.15128068876439457,-0.11514527516186981,0.0056177233240416995,-0.09345312386141892,0.07881217601565282,-0.1482512319686006
0.05800333372777923,0.0269293745013721,0.46355260811260035,0.22844320046519048,0.13224042318024556,-0.0024737670636322375,-0.5190025741114851,-0.37362475496883424,0.12053235690826591,-0.008974158654353302,-0.47690457302214295,-0.12572455180536993,0.06106546863556029,0.9108952651688531,0.06268181715909017,0.10283735834372573,-0.04581670561842036,-0.1394411121586615,-0.017547569011488257,-0.46524340989236507,0.1265209969962284,-0.07416438276901766,0.11026889528780535,0.2372891672917515,0.13035021826759327,-0.017989282464911566,0.019355384734472715,0.20240394464323075,0.5537922779498512,-0.045033576437904836,-0.10054980395815266,0.2860595167531513,0.35535278307458845,0.09776295954490666,0.7578584664771905,-0.27584481952719503,-0.1593434922204506,-0.10802488652862853,-0.3164927658607011,-0.2430359300109522,0.008608516242757585,0.05629002389588448,-0.07575809832395654,0.4257604372126016,-0.5900519849050121
0.707109822936006,0.1941014426826614,-0.08280672981014946,0.13486017119374752,0.12028848840089891,-0.2668605253854688,-0.23626605855346494,-0.3810515742271497,-0.12615120042514658,-0.2151244253929819,-0.37002885105858435,0.09619188476213934,0.27809281531964025,0.06268181715909017,1.0924696275719095,-0.3725282594105418,-0.1530188619165109,0.14371887520635873,0.46973213363720406,0.012712079656419864,0.5694549978392816,-0.0034983328840778086,-0.3626704436687283,-0.17023555326262593,-0.030144974597939075,0.05147675966033389,0.046053500267746274,-0.830854514942532,0.10441792314233102,-0.05532865577725453,0.2744900110383428,-0.34568840648275595,0.4575605344985233,-0.1403348515200154,-0.014107130667964398,0.09462122089461844,-0.18063016026971926,-0.3548470024794455,-0.3167197770281004,0.38181557556197143,-0.0026978393570025894,-0.2312644005465932,-0.007346746855931407,0.04213704492239189,-0.042796526545204196
-0.3491651190228565,0.21531364706903647,0.04933160796026554,-0.5222455552372812,0.6011605202524207,0.23431535125035943,-0.25809244613642346,0.71038473368008,-0.10586758409908192,-0.23405765909804674,-0.24607455560604688,0.11868230742373154,-0.5969940721969869,0.10283735834372573,-0.3725282594105418,1.3244540339610196,-0.22755217968860258,-0.05513686918233381,0.09189022105262415,0.05297998328663541,0.03796422523193692,-0.27356796810653466,0.14999562736186334,-0.0904279870752091,0.11006572003218285,0.0699573023110848,-0.3357328872138437,0.37182952023675275,-0.1879195470493083,0.24545798224158932,0.11328949304324551,0.3440642064763548,-0.4373879944604366,-0.41488336547375404,0.385520360027205,-0.2003776225844379,0.40823592458152114,0.19526080581194188,0.12452258008960344,-0.45967027337480304,0.132663592817892,0.20494071548646833,0.16676065420623062,0.09477252129481442,-0.064076195232145
0.17531798863423576,-0.13139649599327552,-0.09198905698616291,0.20334111589462123,-0.08801260096628948,-0.29716379947597255,0.3813994051263983,0.17731745956803896,-0.29366301733098266,0.305009291032077,0.200233486189689,-0.027687784428649075,0.13484404757884555,-0.04581670561842036,-0.1530188619165109,-0.22755217968860258,0.7562366689270033,-0.29692770643608907,0.026120969089569065,-0.12378111893432779,0.16347303571780544,0.2069814567358401,0.07329172620803441,0.5668853168690344,0.0031673643994155494,-0.35533239517837334,-0.4332043077760242,0.24250965006234906,0.26402021106388224,-0.09053684896245384,0.22816598677046931,-0.3616415457202451,0.01544871116988574,0.10296171070486856,-0.4555815195255998,-0.15048279448890628,0.25319079208141704,-0.3990314985909945,-0.04017882588483659,0.11311166734896153,-0.05352849643053863,0.09209203741670263,-0.4362494577899484,-0.19906512619269795,-0.13540146460648014
0.4870028509155089,-0.44381641959309043,-0.23303556839146447,0.1974307299702933,0.030169336907637644,0.05505044917788293,0.15254501000734547,-0.051302378439307766,0.17289631596410146,8.16459994193879e-4,0.22154122364871776,0.09122626854153901,0.05965102445647073,-0.1394411121586615,0.14371887520635873,-0.05513686918233381,-0.29692770643608907,0.7524121433058144,0.44575248772030346,0.10153365402797633,-0.3743054478409198,-0.014893539564996516,-0.23072861452284973,-0.3526190951406228,-0.061394136414656963,0.23816344256323596,0.020061254390481533,0.030120828021731265,-0.21535720885523632,0.026134089533058413,-0.23053790280498695,-0.18925443063585157,0.251895691268146,-0.21547693846788948,0.2103505271916346,0.11857103168347592,-0.2211567732466424,0.18359611657754837,0.03793684403057888,-0.12534784964099918,-0.26110800917493876,0.09129214299516701,0.42650684903886216,0.11726323277308524,-0.15961600950885788
0.9151307514308263,-0.0051009987769244005,0.08484185521648338,-0.07790233809509509,0.7090436674137606,0.057378804247126346,0.36021227197083755,-0.03442309850402199,-0.05274356838327476,-0.3098240799157701,-0.14632555120617996,-0.01610510737358253,0.2125665272691106,-0.017547569011488257,0.46973213363720406,0.09189022105262415,0.026120969089569065,0.44575248772030346,1.6910876761873572,0.16575428859715483,0.009502774463526239,-0.2138486478150297,-0.6999867742560061,-0.0422156101977438,0.6802136272644848,-0.7358536165294247,-0.3045054008331627,0.3152856950775408,-0.15614865944390663,0.084852259115986,-0.09978662446217496,-1.0678473087367533,0.536334590629378,-0.4579884623393394,-0.22964895960381687,-0.015790252702700167,0.25849834555550594,0.13376630220692487,-0.12232854927191296,0.2450388850548115,0.14236911084895124,0.6683782694435496,0.07834178207174816,-0.07715735127887305,-0.5601650561498356
-0.1370431636265664,0.12172276246724319,-0.41590262881441403,-0.16491417774632236,-0.024953759175844505,0.2463630157768268,0.13217328777852197,0.421479705806761,0.01262407449460486,-0.3804400179919881,0.3673328569983182,-0.2178940219159145,-0.20854316851584018,-0.46524340989236507,0.012712079656419864,0.05297998328663541,-0.12378111893432779,0.10153365402797633,0.16575428859715483,0.7733154154018047,-0.062408471078742145,-0.10026389752982999,-0.4415136249933062,-0.3093497783156648,0.40432031126827944,0.0552257762820506,-0.055194091813103245,-0.08630464633323111,-0.38238683160390646,-0.32110166017270253,-0.12608380941515301,-0.42887417754227614,0.07981955136167318,0.06246741652087186,-0.23116798835524324,0.18768679552160464,0.21525289000247855,0.25007837858308557,0.6055857421330065,0.11646432747334534,-0.08867715025738526,0.39590454446977613,0.15650641298225398,-0.37083440104088133,0.47017909178832656
0.3503034053309586,0.47594677609329156,0.030790403839764217,0.18356193962588546,0.20607182971339957,-0.25989217962217837,-0.3205313594057185,-0.061719349102845565,-0.48693637521482,-0.031156443081098713,-0.2652099966282095,-0.08518857199747464,0.02646047255667234,0.1265209969962284,0.5694549978392816,0.03796422523193692,0.16347303571780544,-0.3743054478409198,0.009502774463526239,-0.062408471078742145,0.9199537641019088,0.06920580568359849,0.1020505544600403,0.15373391097391018,-0.05987070461703963,-0.05312481878647177,-0.14055340026898258,-0.6580187479856985,0.21023549268094507,0.05001307076119391,0.697010892672691,-0.28306006242508003,0.17909000324526006,0.045135800764766094,-0.039088668638037144,-0.1102158893194136,0.1478858387909314,-0.5799560955135166,-0.0189637503458174,0.28899153126090127,0.014717215625206111,-0.02010236920562001,-0.36355819766632164,-0.18237282124168547,0.11176154870304791
-0.25204758027755025,-0.004854057566442741,-0.18386595545766193,0.23406611559378201,0.050032354076334495,-0.2207366416050135,-0.10574930870255772,-0.007882817285942688,-0.20004495594929467,0.11861821485802312,0.5483347174063451,0.48189120691292325,0.09695080934893732,-0.07416438276901766,-0.0034983328840778086,-0.27356796810653466,0.2069814567358401,-0.014893539564996516,-0.2138486478150297,-0.10026389752982999,0.06920580568359849,0.6534086357935105,0.49576384475203,0.4066084166478054,0.06802803592672688,-0.10260644184034524,0.02349838639318313,-0.42485296081166046,0.18586939169727837,-0.06912979952787184,0.13429206056279636,0.0336074079887128,0.11514571923848507,0.03702546383883315,-0.13658664965626358,0.12541575514144615,-0.13041536664974474,-0.40303880132549236,0.3723620678322122,0.09955743325208143,-0.29477783056946516,-0.00854864847410939,-0.07741792056246681,-0.10550568526182671,-0.13215346745971238
0.03201568132900623,0.08315518688911862,0.06730334861661533,0.19400530034754793,-0.11665990627881433,-0.5058149755509592,-0.20789364812755362,-0.2024469813557663,-0.21802315371824313,0.109744728439182,0.030052226485807104,0.28249783392659306,-0.09533655298511325,0.11026889528780535,-0.3626704436687283,0.14999562736186334,0.07329172620803441,-0.23072861452284973,-0.6999867742560061,-0.4415136249933062,0.1020505544600403,0.49576384475203,1.242755230931196,0.4424559038624209,-0.3241969590919611,0.34247073835199543,0.20639120935880062,-0.29252316034249365,0.364909637847932,0.5521587829908317,0.2985749863680184,0.6345958555108235,-0.19915288332370332,0.10306524705744191,-0.007301094513897253,0.01636407714587245,-0.4982395946104424,-0.29307381791265447,0.4249609896476042,0.024123430662047574,-0.05064370655816139,-0.27879542747093117,-0.0522375442114223,0.26999185171535023,-0.08853125086951674
-0.012722272456039229,-0.15740215933907334,-0.12369280886769238,0.0339336210153954,0.24593244847622428,-0.38681750355871775,0.1711214600574231,-0.011236748237753605,-0.3844756154711794,0.16585925956871875,0.0644464905104985,0.25979531954839913,0.12590124150897494,0.2372891672917515,-0.17023555326262593,-0.0904279870752091,0.5668853168690344,-0.3526190951406228,-0.0422156101977438,-0.3093497783156648,0.15373391097391018,0.4066084166478054,0.4424559038624209,1.1511301243447656,0.2735721587770929,-0.4148437619945415,-0.08647677478626634,0.0654677467858549,0.06357295256145987,-0.021925680257475596,0.07839276784557167,-0.25503877246245904,0.2993002365550284,0.012222238137248686,-0.3716597130592902,-0.263715145164245,0.07344692206206585,-0.5357790481304515,-0.11053774838177224,0.27819158032909524,-0.04484423017295044,-0.07131509253661716,-0.22839361504190234,0.10561718790519697,-0.4626031328722913
-0.309604584809123,0.30520425970471704,0.10427287786767797,-0.16673425851130919,0.5365028259641723,0.3009049958673602,0.0555752318869532,0.17067456006534082,-0.028644080978455368,-0.4589554020196796,0.2794234066632058,-0.11075345938355667,-0.03437641422750887,0.13035021826759327,-0.030144974597939075,0.11006572003218285,0.0031673643994155494,-0.061394136414656963,0.6802136272644848,0.40432031126827944,-0.05987070461703963,0.06802803592672688,-0.3241969590919611,0.2735721587770929,1.1262923197795311,-0.40580052774010283,-0.1974044639150996,0.2940762315379906,8.625883184791319e-4,-0.26387875419039186,-0.15629838958988085,-0.5247172512532162,0.5680310953493496,-0.07535564326698546,-0.13290770413446573,0.021007941752563337,0.21268473769484494,0.06595530409226887,0.6626984664762235,0.09803436800926327,0.026481898971872555,0.9080582173403656,0.11500968600594273,-0.20042461826861613,-0.34147201800201
0.33383968011404075,0.008178553930144557,-0.06668393801808475,0.1580536659291011,-0.5653377758440049,0.051929556751078625,-0.15606592755278254,-0.07421676357435995,0.1141764764021741,-0.056078650643019125,-0.0033368202331705596,-0.14791832215246986,0.03260729683612038,-0.017989282464911566,0.05147675966033389,0.0699573023110848,-0.35533239517837334,0.23816344256323596,-0.7358536165294247,0.0552257762820506,-0.05312481878647177,-0.10260644184034524,0.34247073835199543,-0.4148437619945415,-0.40580052774010283,1.441491111924715,0.09041678596462502,-0.2562181801653448,0.23636573351599663,0.2846748026047811,0.29492647356465124,0.8512375562209449,0.060027264898457194,-0.004295069474407144,0.2607631226481994,0.3245404054784652,-0.4224117203272982,-0.03618854920719482,0.5887838159182093,-0.27587766060455376,-0.1659050002871678,-0.19967887120922587,0.3914767805405869,0.30970561240536604,0.3192934529498208
-0.09038755677020355,0.029150337957499294,-0.021952886959566008,-0.07140351617451221,-0.21371516388367984,0.08449027013942711,-0.2540552031858684,-0.5104384987847597,0.2098673156546264,-0.04302254154122787,-0.12002521207921825,0.1132730863567097,0.14214108588708108,0.019355384734472715,0.046053500267746274,-0.3357328872138437,-0.4332043077760242,0.020061254390481533,-0.3045054008331627,-0.055194091813103245,-0.14055340026898258,0.02349838639318313,0.20639120935880062,-0.08647677478626634,-0.1974044639150996,0.09041678596462502,0.8487663025109647,-0.3968352566303643,-0.3167415416232025,-0.03943837086742854,-0.3298357972803159,0.2287002505681934,-0.00863608734386447,0.21068523496520034,0.1505224336373519,0.19352111470870034,-0.28197994024098866,0.2257253824766872,-0.1691354223696113,0.23692251248918378,0.043736044968021914,-0.48319570141353646,0.1435830212730038,0.21057305517089314,0.22895672399712685
-0.20881935318800796,-0.347545262455319,0.3974979421644897,-0.23353404349221088,0.08869309045196315,0.32016377563407034,0.6309919052665568,0.23246403335473675,0.2922409329644743,0.15761222132059036,-0.16100159501971473,-0.39116313054346985,-0.18484164079007212,0.20240394464323075,-0.830854514942532,0.37182952023675275,0.24250965006234906,0.030120828021731265,0.3152856950775408,-0.08630464633323111,-0.6580187479856985,-0.42485296081166046,-0.29252316034249365,0.0654677467858549,0.2940762315379906,-0.2562181801653448,-0.3968352566303643,1.4433477110838533,-0.02943252162399807,0.06328988987427253,-0.43481120836926207,-0.09032935381260636,-0.07810457375397374,-0.0030305826714950006,7.203935573703805e-4,-0.1691877456918278,0.1924423339496868,0.4544292221689442,-0.050353798728158115,-0.4274841257234708,0.25988876763010044,0.4777558371272137,0.02225463332642121,0.091514581088872,-0.3720692619489403
0.42819344215382726,0.19104584121910395,0.3234054046769989,0.6103579008314324,-0.35608058110373264,-0.18253157657218572,-0.48460458853412114,-0.23480554754296656,0.03770893420999174,-0.012834956923207573,-0.046177126792780444,-0.2511162677392368,0.30980094254224133,0.5537922779498512,0.10441792314233102,-0.1879195470493083,0.26402021106388224,-0.21535720885523632,-0.15614865944390663,-0.38238683160390646,0.21023549268094507,0.18586939169727837,0.364909637847932,0.06357295256145987,8.625883184791319e-4,0.23636573351599663,-0.3167415416232025,-0.02943252162399807,1.2182947604901386,0.25405959043706217,0.29143926514258967,0.49135016191967573,0.181447176059858,0.08934118833392113,0.34463157055386734,-0.23436107757667315,-0.20242502120015698,-0.10402818854549947,0.10105171244640448,-0.20554513157930349,-0.09904131105203766,0.305455391960204,-0.19373049668054054,0.20282361627812903,-0.37155688434155093
0.748002959274405,-0.03149280200111877,0.10232104423362226,-0.06833890345194593,-0.12066772985168307,-0.2381862959030741,0.28024213459717146,-0.21797991192647737,-0.057586263549764205,-0.05118423732355836,-0.592091520384632,-0.2095640831903076,-0.012495623923139909,-0.045033576437904836,-0.05532865577725453,0.24545798224158932,-0.09053684896245384,0.026134089533058413,0.084852259115986,-0.32110166017270253,0.05001307076119391,-0.06912979952787184,0.5521587829908317,-0.021925680257475596,-0.26387875419039186,0.2846748026047811,-0.03943837086742854,0.06328988987427253,0.25405959043706217,1.0786146416223417,0.2517218001657719,0.31069237864102284,0.050811603570940896,-0.2983334583985406,-0.38950134250763896,-0.15066478061111782,-0.46220946921039907,0.24621754874114182,-0.07982877062068977,0.13689857500813352,0.38649893570246846,-0.13649632505328413,0.1891479866426023,0.26992944116051865,-0.13390142501022423
0.3113301851276409,0.4424518772645292,0.11830881263913326,0.24752431318165682,0.11422546563719463,-0.17081895758979335,-0.12241366938355701,0.10480402214492561,-0.5078167067700039,0.14629165113944304,0.13165391882236174,0.016873633055898594,0.13310902907467229,-0.10054980395815266,0.2744900110383428,0.11328949304324551,0.22816598677046931,-0.23053790280498695,-0.09978662446217496,-0.12608380941515301,0.697010892672691,0.13429206056279636,0.2985749863680184,0.07839276784557167,-0.15629838958988085,0.29492647356465124,-0.3298357972803159,-0.43481120836926207,0.29143926514258967,0.2517218001657719,0.9151644617745753,0.00515568718584845,-0.047111804567356495,-0.1036862093459527,-0.19045239531509991,0.030422617305956738,0.21009296742334024,-0.6121402963711547,0.31217991259452044,0.07125884657433401,-0.07975199557249855,0.1567476963367368,-0.27400763118939375,-0.22464892914591839,0.12173577975651775
-0.7389229127668757,0.18923908208387577,0.33314573235872086,-0.22274383750821392,-0.4153207047421776,0.25669449560276303,-0.6495870616356041,0.006647904308934649,0.3551802125039082,0.06224721374282854,-0.07314641055138058,0.3694191461832658,-0.0036814455387065743,0.2860595167531513,-0.34568840648275595,0.3440642064763548,-0.3616415457202451,-0.18925443063585157,-1.0678473087367533,-0.42887417754227614,-0.28306006242508003,0.0336074079887128,0.6345958555108235,-0.25503877246245904,-0.5247172512532162,0.8512375562209449,0.2287002505681934,-0.09032935381260636,0.49135016191967573,0.31069237864102284,0.00515568718584845,1.6640499235656785,-0.6653042997201869,-0.1497621899592945,0.5417442895055794,0.1187008398597783,-0.17286975184665043,0.22161662554547557,-0.04291397167899469,-0.5847833882779496,0.04926418982931393,-0.5287874497432344,0.19029802637799248,0.45453772004988957,0.07445467304561058
0.7584981279385438,-0.18540808971777706,-0.1601697906077631,0.35130865845960574,0.07875859996092605,-0.04507689183902038,0.265957966575623,-0.4472213908533724,-0.08606198614109124,-0.14747375753343125,-0.19829795368509442,-0.4291349023443652,0.16552981600321487,0.35535278307458845,0.4575605344985233,-0.4373879944604366,0.01544871116988574,0.251895691268146,0.536334590629378,0.07981955136167318,0.17909000324526006,0.11514571923848507,-0.19915288332370332,0.2993002365550284,0.5680310953493496,0.060027264898457194,-0.00863608734386447,-0.07810457375397374,0.181447176059858,0.050811603570940896,-0.047111804567356495,-0.6653042997201869,1.2739656295826491,0.04858525148377523,-0.0900849408334604,-0.08454553650760802,-0.4195520824563278,-0.14486200965262097,0.25609208883612106,0.33667723444982045,-0.07300920135505642,0.39536522404873525,0.2321076322859313,0.07474759978639235,-0.4453809411579884
-0.11051699669938085,-0.002580047140132609,0.06998200964849714,0.3177201486477742,-0.34431571387244947,-0.17805871520113897,-0.04485095765320372,-0.2724863156050231,0.04934422562536077,0.0707231494643755,0.018854365222833062,-0.3323272826886819,-0.03863724774423362,0.09776295954490666,-0.1403348515200154,-0.41488336547375404,0.10296171070486856,-0.21547693846788948,-0.4579884623393394,0.06246741652087186,0.045135800764766094,0.03702546383883315,0.10306524705744191,0.012222238137248686,-0.07535564326698546,-0.004295069474407144,0.21068523496520034,-0.0030305826714950006,0.08934118833392113,-0.2983334583985406,-0.1036862093459527,-0.1497621899592945,0.04858525148377523,0.5924564441488485,0.12056356231713913,0.026757409300396204,-0.23633633554175126,-0.07868658719810068,0.17761340892685795,0.10615797483902384,-0.07601151004799445,-0.016367318543697187,-0.22171750189236608,-0.06765577476467861,0.23781448954624337
-0.2607416849382795,0.030086186774801384,0.3225816030546376,0.34587568809426644,0.11084038863945066,0.2535232435105987,-1.0149683212464604,-0.08770189584720045,0.2744658277380498,-0.03914426147913154,-0.037533945865894,0.04989266973820796,-0.10577142965427719,0.7578584664771905,-0.014107130667964398,0.385520360027205,-0.4555815195255998,0.2103505271916346,-0.22964895960381687,-0.23116798835524324,-0.039088668638037144,-0.13658664965626358,-0.007301094513897253,-0.3716597130592902,-0.13290770413446573,0.2607631226481994,0.1505224336373519,7.203935573703805e-4,0.34463157055386734,-0.38950134250763896,-0.19045239531509991,0.5417442895055794,-0.0900849408334604,0.12056356231713913,1.4113412069208995,-0.14093021614897278,0.024141286177128667,0.07309919398723928,-0.16978354233766396,-0.6243180213821237,-0.3537743196002281,0.07471921174063874,0.09929670517390193,0.35883700405870345,-0.25785632012323234
-0.2506321836096938,0.22319318652163667,0.1717276010791663,-0.250931791889877,0.012852831700959588,0.11368842381819538,0.13465692669307405,-0.09186036671079828,0.1061086639202211,-0.07082682271896222,0.23518835412103414,0.4611267520210533,0.0750947192724013,-0.27584481952719503,0.09462122089461844,-0.2003776225844379,-0.15048279448890628,0.11857103168347592,-0.015790252702700167,0.18768679552160464,-0.1102158893194136,0.12541575514144615,0.01636407714587245,-0.263715145164245,0.021007941752563337,0.3245404054784652,0.19352111470870034,-0.1691877456918278,-0.23436107757667315,-0.15066478061111782,0.030422617305956738,0.1187008398597783,-0.08454553650760802,0.026757409300396204,-0.14093021614897278,0.7373423952879993,-0.0904093632456465,-0.18758255857412806,0.614192565531869,-7.301422407330365e-4,-0.0012613888139732473,-0.09025468194139563,0.0012267227994423467,-0.05802551901499897,0.22392486515593113
-0.5164218385927078,0.2952025976341235,-0.0736896207973092,-0.21870528713595067,0.32101488462087274,0.6016463521952286,-0.21064389601409161,0.7241290138174818,-0.20565963346975843,0.12586012975839203,0.53756309241727,0.19500088593576875,0.109359028430557,-0.1593434922204506,-0.18063016026971926,0.40823592458152114,0.25319079208141704,-0.2211567732466424,0.25849834555550594,0.21525289000247855,0.1478858387909314,-0.13041536664974474,-0.4982395946104424,0.07344692206206585,0.21268473769484494,-0.4224117203272982,-0.28197994024098866,0.1924423339496868,-0.20242502120015698,-0.46220946921039907,0.21009296742334024,-0.17286975184665043,-0.4195520824563278,-0.23633633554175126,0.024141286177128667,-0.0904093632456465,1.1594449106750266,-0.044641005926306196,-0.15180590646731404,-0.22744619877467226,-0.13611209958339845,0.3475301809281463,-0.26936292759423763,-0.4031449794485213,0.15983614153342
-0.020250779737198667,-0.16276844267121346,-0.11774446733449326,-0.24058510995235677,-0.29816795497478654,0.4557877256244075,0.06800453539635389,0.07943827630518573,0.48915310281844676,-0.2542789913522304,-0.19779194593360097,-0.46553267955318334,-0.14126112864587131,-0.10802488652862853,-0.3548470024794455,0.19526080581194188,-0.3990314985909945,0.18359611657754837,0.13376630220692487,0.25007837858308557,-0.5799560955135166,-0.40303880132549236,-0.29307381791265447,-0.5357790481304515,0.06595530409226887,-0.03618854920719482,0.2257253824766872,0.4544292221689442,-0.10402818854549947,0.24621754874114182,-0.6121402963711547,0.22161662554547557,-0.14486200965262097,-0.07868658719810068,0.07309919398723928,-0.18758255857412806,-0.044641005926306196,1.0436649280498256,-0.21135828178337956,-0.13091957286195624,0.24166176764443623,0.12002461972629933,0.3880963242252545,0.08536638077129353,0.17249620765730128
-0.2794727975541547,0.4643456818689777,-0.010124822382425453,0.09018813269543602,0.09236588191631319,0.0938996513502622,0.11503449163391687,0.28361370614636683,-0.1564207229217424,-0.35995951291166334,0.8032128359166122,-0.006660469725852722,-0.23784582851992167,-0.3164927658607011,-0.3167197770281004,0.12452258008960344,-0.04017882588483659,0.03793684403057888,-0.12232854927191296,0.6055857421330065,-0.0189637503458174,0.3723620678322122,0.4249609896476042,-0.11053774838177224,0.6626984664762235,0.5887838159182093,-0.1691354223696113,-0.050353798728158115,0.10105171244640448,-0.07982877062068977,0.31217991259452044,-0.04291397167899469,0.25609208883612106,0.17761340892685795,-0.16978354233766396,0.614192565531869,-0.15180590646731404,-0.21135828178337956,1.868163122501967,-0.07109750506396145,-0.2568327188604427,0.871584680204526,0.12570483341922392,-0.3361911453931493,0.24038891438815355
0.5270599201641569,0.04498157919416409,-0.23593331430161676,0.016226899270460116,-0.0341832568704903,-0.36787525031983986,0.294019341129171,-0.33113306482676996,-0.2136406751651669,-0.128569164459267,-0.2086759942948524,-0.12943284740174077,0.15128068876439457,-0.2430359300109522,0.38181557556197143,-0.45967027337480304,0.11311166734896153,-0.12534784964099918,0.2450388850548115,0.11646432747334534,0.28899153126090127,0.09955743325208143,0.024123430662047574,0.27819158032909524,0.09803436800926327,-0.27587766060455376,0.23692251248918378,-0.4274841257234708,-0.20554513157930349,0.13689857500813352,0.07125884657433401,-0.5847833882779496,0.33667723444982045,0.10615797483902384,-0.6243180213821237,-7.301422407330365e-4,-0.22744619877467226,-0.13091957286195624,-0.07109750506396145,0.656854156833687,0.1621956876984965,-0.1589527211995827,-0.08552285370000706,-0.10056223018915016,0.12506292053181994
0.01432719201685951,0.14796782403682004,0.28618267560211275,-0.470594143244682,0.062279129011242045,-0.013996046287215798,0.30499940136470327,-0.1597091096690293,0.10411075971242097,-0.13414068256279815,-0.6853483763659033,-0.1641901295424771,-0.11514527516186981,0.008608516242757585,-0.0026978393570025894,0.132663592817892,-0.05352849643053863,-0.26110800917493876,0.14236911084895124,-0.08867715025738526,0.014717215625206111,-0.29477783056946516,-0.05064370655816139,-0.04484423017295044,0.026481898971872555,-0.1659050002871678,0.043736044968021914,0.25988876763010044,-0.09904131105203766,0.38649893570246846,-0.07975199557249855,0.04926418982931393,-0.07300920135505642,-0.07601151004799445,-0.3537743196002281,-0.0012613888139732473,-0.13611209958339845,0.24166176764443623,-0.2568327188604427,0.1621956876984965,0.5403756696646362,-0.18226820007861824,-0.04339027026130595,0.09754918711129847,0.005547497103405348
0.02364322807296525,0.2979290182657699,0.16595995563144253,0.3028147464112491,0.34719326311533627,0.36338276606342523,0.00617579299858145,0.3232695077707866,-0.09957092528886943,-0.26900913184717684,0.5875346426259815,-0.4367134220742399,0.0056177233240416995,0.05629002389588448,-0.2312644005465932,0.20494071548646833,0.09209203741670263,0.09129214299516701,0.6683782694435496,0.39590454446977613,-0.02010236920562001,-0.00854864847410939,-0.27879542747093117,-0.07131509253661716,0.9080582173403656,-0.19967887120922587,-0.48319570141353646,0.4777558371272137,0.305455391960204,-0.13649632505328413,0.1567476963367368,-0.5287874497432344,0.39536522404873525,-0.016367318543697187,0.07471921174063874,-0.09025468194139563,0.3475301809281463,0.12002461972629933,0.871584680204526,-0.1589527211995827,-0.18226820007861824,1.3004018800577795,0.047012851045594196,-0.36056452320927274,-0.23736389968227858
0.09296063217872322,-0.22308407962525553,-0.2311219542580147,-0.1078594077022475,-0.016836217453915173,0.19217781867575293,0.05105900731075188,0.014588708205505525,0.2093784104816934,-0.2017068771854409,0.00784378087547995,-0.060770972893856065,-0.09345312386141892,-0.07575809832395654,-0.007346746855931407,0.16676065420623062,-0.4362494577899484,0.42650684903886216,0.07834178207174816,0.15650641298225398,-0.36355819766632164,-0.07741792056246681,-0.0522375442114223,-0.22839361504190234,0.11500968600594273,0.3914767805405869,0.1435830212730038,0.02225463332642121,-0.19373049668054054,0.1891479866426023,-0.27400763118939375,0.19029802637799248,0.2321076322859313,-0.22171750189236608,0.09929670517390193,0.0012267227994423467,-0.26936292759423763,0.3880963242252545,0.12570483341922392,-0.08552285370000706,-0.04339027026130595,0.047012851045594196,0.5531097446269454,0.18409908745857506,-0.04473266436257919
