V1,V2,V3,V4,V5,V6,V7,V8,V9,V10,V11,V12,V13,V14,V15,V16,V17,V18,V19,V20,V21,V22,V23,V24,V25,V26,V27,V28,V29,V30,V31,V32,V33,V34,V35,V36,V37,V38,V39,V40,V41,V42,V43,V44,V45
1.8865381657612377,4.5935639189424515,1.3209403742478532,-1.1608502127883684,-1.322659486260585,-1.1391783148645314,-0.1295566530050216,-0.02689407540825305,2.6305868652261495,1.593949360857769,-1.791352641375826,-0.5912261072672698,-2.7095125027844946,1.9363594311213976,-0.006292440453881266,1.1751710850709156,1.4911552753034523,-1.232107519110968,-3.5648332633129596,0.15596921512622236,3.071466062007094,1.7353332311874812,0.5858587493570042,-3.118917548348936,-1.4742107331054437,2.165760557611173,-0.0767027754897417,-1.5946566436370209,-4.317131199472087,0.14310078603925566,-0.28756352590505135,0.28587497179680077,-0.661993698183158,-1.0203905205371138,0.662588816133653,2.746905316842352,-1.6806826660948855,-0.38515408413080254,-0.8062739230525382,-3.2056686866468294,-1.5083020150293331,0.6583354704134395,-1.773361464259823,-1.2115616751723282,1.6132969794390848
4.5935639189424515,12.090559190738515,3.8145191588221303,-1.6700195724619336,-2.0469096879019664,-4.1881928087659714,-0.2384462994197097,-0.35531205706051,6.425551308604116,4.27536232183266,-3.7092197815800763,-1.1086126685924536,-8.594080161429803,5.724394600537345,0.7556209984648783,3.3248713017237406,2.494088420754973,-1.5723555687744815,-9.337767412166619,0.9625945698082461,6.3194549775022475,4.001279942009369,3.1187881416620207,-8.010478756900898,-2.764011237332667,4.822276460348677,0.4357251954108832,-4.012421675794623,-10.747666877025798,0.1340285918516319,0.8632638717378649,-0.7625067076639686,-2.1293547452665513,-2.4494191939928025,0.3578515613662586,5.562694531475727,-4.446777719106207,-0.2826398409211275,-2.185339943760684,-6.961107322044363,-3.1406327274140975,1.9375078478285988,-4.0366924486491875,-2.600344703389678,3.6190848568145437
1.3209403742478532,3.8145191588221303,1.3199749529225486,-0.048939094522361344,-0.15094186723844444,-1.7318168317909854,-0.039851706920175374,-0.2102514980541616,1.855319439067087,1.3764519971891984,-0.8232790253994579,-0.1953654508580188,-3.2159275713785216,2.022593187267158,0.504789912082844,1.128927081629876,0.2932972385972256,0.08026843690959733,-2.930463012581418,0.49415382650499445,1.3849210651605328,1.0670421629053644,1.5279208259810135,-2.458715854300101,-0.4869621022399399,1.2184555310032392,0.35743171234623466,-1.2021391591568904,-3.178572740335893,-0.041408857833455444,0.8312809848005663,-0.7632024343439099,-0.8052922908314826,-0.691252937019489,-0.36529255546355816,1.1798019935164732,-1.4109058254126867,0.1630490375949526,-0.7112627387515276,-1.6868538761988197,-0.704758209406938,0.6818999324612075,-1.0559044550855694,-0.6173495452795063,0.9254290059300744
-1.1608502127883684,-1.6700195724619336,-0.048939094522361344,2.1913608077054954,2.312765798372907,-1.1053457232509978,0.17808917327457696,-0.3536040942325626,-1.5927765981565427,-0.4773496500357083,1.9356866673122584,0.7864865692969726,-0.8826551510710503,0.09775839618316871,0.9884471070061612,-0.13127731621765418,-2.369320055449557,2.5815190372673174,1.3536213073420558,0.6483499121938933,-3.370543406611622,-1.3540222773158181,1.8007103843293104,1.3876841773191881,1.9614804274887707,-1.908851015171538,0.8421879538292935,0.8157731315539578,2.355328254490133,-0.361885925118451,2.1736428650994273,-2.038682486505019,-0.25350065308277664,0.6727621443624927,-2.0111117862545647,-3.1280234088732337,0.5815031626761352,1.073735405409483,0.21245286832174312,3.0509845017451958,1.6074819920456647,0.022127804648494728,1.4504545341238984,1.1921319610367278,-1.3875645301328932
-1.322659486260585,-2.0469096879019664,-0.15094186723844444,2.312765798372907,2.448373047343365,-1.034347379103341,0.1906537644052559,-0.3567694074954014,-1.8180202264217793,-0.6066175275937962,2.1016548594045243,0.8434454295221973,-0.6879632154023221,-0.04926124008039865,1.0035437427632383,-0.22332021114889716,-2.518681511288029,2.7141568587946594,1.646958362452834,0.6459777466243194,-3.655876412066067,-1.5070938003005383,1.7824176678105492,1.6473346274802076,2.103512709441957,-2.103128605597313,0.8605216901738231,0.9501009607132068,2.7211566134760794,-0.3782092336438165,2.227832075136873,-2.090744236425882,-0.20649165768265473,0.7609451881632066,-2.091650390869679,-3.3848850034023075,0.7189608998231813,1.1191416348989356,0.27741226449199724,3.34188044710308,1.7468946327479675,-0.028022893072844328,1.6078680631229005,1.3026506531682844,-1.531773378744796
-1.1391783148645314,-4.1881928087659714,-1.7318168317909854,-1.1053457232509978,-1.034347379103341,2.896893892793008,-0.04205351180512647,0.46890211795286174,-1.6201564049574086,-1.5782048044668484,0.06250169348201512,-0.1599025114626246,4.754492489084185,-2.745939269521749,-1.2002609289821575,-1.4334099789654466,0.8749646641776314,-1.4858319424841353,3.1798010249272606,-1.0044353388537826,-0.044063782850552985,-0.697856660056999,-2.996775570462931,2.5333294702473816,-0.3991908345699175,-0.6031508592269004,-0.9258982332623138,1.1652864925567692,2.9751700525171962,0.24846577633457306,-2.2681808214669554,2.1054103366844976,1.2079064144267653,0.5612707924550032,1.5607421065307823,0.09956717702003953,1.568472437920812,-0.7906916077473196,0.83378349728922,0.6168961478556962,0.07996085561781358,-0.9199853408339964,0.6315064573393898,0.18542071601945836,-0.4913275010870242
-0.1295566530050216,-0.2384462994197097,-0.039851706920175374,0.17808917327457696,0.1906537644052559,-0.04205351180512647,0.015463132815217205,-0.022816145961293662,-0.17892678666525327,-0.0759453926643067,0.17851602008772677,0.06874460523140956,0.0162824869883568,-0.04712112476398528,0.06599677235631135,-0.041290403995482644,-0.19909164688650555,0.2060447671159585,0.18888077890323896,0.03885131944525458,-0.3095292977121138,-0.13822898289072974,0.10368904259589248,0.17880295339553529,0.1714615470913396,-0.187094999559652,0.05821402677149746,0.09848734899664395,0.2764285951528034,-0.02806996299607308,0.1527050600460251,-0.14368143665546537,0.0014497846503829224,0.0730585498978972,-0.1522733661622943,-0.28439157975932844,0.08527400504463413,0.08217614799760485,0.03648815926591632,0.2919662784563362,0.1488305142548954,-0.01674539326257952,0.14570808558601536,0.11294604611346376,-0.1371067181194422
-0.02689407540825305,-0.35531205706051,-0.2102514980541616,-0.3536040942325626,-0.3567694074954014,0.46890211795286174,-0.022816145961293662,0.09315585145094357,-0.043994793418984095,-0.1488833795249029,-0.18331213627470747,-0.09748862696288721,0.6776172731323328,-0.35069305546737567,-0.24663996719035994,-0.16507197509028881,0.34256100155841124,-0.4393740858643899,0.26130652780117397,-0.1887450673853112,0.3272479096688767,0.046980851096093824,-0.5499522683983518,0.17765064741689943,-0.2432105844062539,0.11350803589104153,-0.19813681406580816,0.06420604469957929,0.13700631848016628,0.06659198526101422,-0.496266057695985,0.462733314280181,0.17504700782728908,0.003304971327905801,0.39235968561727846,0.3211464401797955,0.13740585096317443,-0.2041988510276453,0.0825742355671364,-0.22455319933119489,-0.14875564319982493,-0.11645811600404128,-0.06474609323192572,-0.0946493419049017,0.07596599323999881
2.6305868652261495,6.425551308604116,1.855319439067087,-1.5927765981565427,-1.8180202264217793,-1.6201564049574086,-0.17892678666525327,-0.043994793418984095,3.668544000272289,2.231433062504205,-2.4832415301563215,-0.8169901356165004,-3.8228736787137496,2.722674857177115,0.00849850752846155,1.6490399430928329,2.0537971157760637,-1.6860620014696979,-4.985535493572254,0.23054042353239101,4.256877824069743,2.414725882321712,0.8548341911226249,-4.35833774595939,-2.0371416157417492,3.0098254256177284,-0.09300771530567754,-2.2264906029605345,-6.025085958501546,0.19473678577306183,-0.365954055647518,0.365945039176371,-0.9346778830691804,-1.422043741561021,0.8957849622335172,3.805059212088615,-2.351481223518515,-0.5223794827702392,-1.1292441286093104,-4.451060553699722,-2.0912566733941778,0.9254798406443979,-2.4664715989743713,-1.6815660574373001,2.2426513147507143
1.593949360857769,4.27536232183266,1.3764519971891984,-0.4773496500357083,-0.6066175275937962,-1.5782048044668484,-0.0759453926643067,-0.1488833795249029,2.231433062504205,1.518356423593104,-1.2294496060182245,-0.3554523496075512,-3.158458545734537,2.0755013073454545,0.33028499561934455,1.194647236822675,0.7650486193537404,-0.419511420997023,-3.2982576505473364,0.38549169997605387,2.090439532510222,1.3686352808729783,1.2316659801730045,-2.816365812110704,-0.8861927616592782,1.6334635066588288,0.2061700789708042,-1.40373630126325,-3.750229609729186,0.02757286164877401,0.43763591095835064,-0.39340494906136597,-0.7845759572439893,-0.8468336599046795,0.01328869022225215,1.8308087151389296,-1.5743217864047154,-0.04021340828444931,-0.7779260925877151,-2.3409028194984085,-1.042809202450793,0.7018441439470877,-1.375873951893264,-0.8714256673371589,1.2285140883277905
-1.791352641375826,-3.7092197815800763,-0.8232790253994579,1.9356866673122584,2.1016548594045243,0.06250169348201512,0.17851602008772677,-0.18331213627470747,-2.4832415301563215,-1.2294496060182245,2.171213566931955,0.799893850960757,1.1340374358698997,-1.111205650987294,0.5615115194685448,-0.7819356037302172,-2.2350561359824264,2.198751114488045,2.9110409085329887,0.2718787642944034,-3.7518897201317194,-1.8092710728656316,0.6631406385073783,2.6616600698198702,1.9947311378229458,-2.3815959631388526,0.5213952587774533,1.4208340758034517,3.929387224878365,-0.29038478427253167,1.3996753696581794,-1.3225012695771425,0.2557191130213214,0.994232381095378,-1.5338607793055,-3.419549036826586,1.3404636087168302,0.8378390599453194,0.6055294264407849,3.652415984920694,1.815526599192415,-0.3840707407786574,1.8865868695370374,1.4024312417578384,-1.754677595886624
-0.5912261072672698,-1.1086126685924536,-0.1953654508580188,0.7864865692969726,0.8434454295221973,-0.1599025114626246,0.06874460523140956,-0.09748862696288721,-0.8169901356165004,-0.3554523496075512,0.799893850960757,0.30625699845588106,0.11941920243615603,-0.2378873332726968,0.28373635492846,-0.19892752124199667,-0.8827625620145441,0.9079214365962731,0.8768259737353281,0.16413014018768649,-1.386260660040614,-0.6257526730957569,0.43486382080042985,0.8253486607391893,0.7637240157165682,-0.8436299899573569,0.2515333619862471,0.4524056469227476,1.2667724232062787,-0.12319603694548575,0.6615152513096062,-0.6226657303570932,0.01834786400306977,0.33263319484317583,-0.6664997373719875,-1.2722991700582196,0.3971809063339722,0.3601515907023212,0.17149313073111289,1.3132515943817136,0.6670992485826515,-0.084065579778690655,0.6585633427031106,0.5075073576052255,-0.6185791409038445
-2.7095125027844946,-8.594080161429803,-3.2159275713785216,-0.8826551510710503,-0.6879632154023221,4.754492489084185,0.0162824869883568,0.6776172731323328,-3.8228736787137496,-3.158458545734537,1.1340374358698997,0.11941920243615603,8.29359159061054,-5.006804870870512,-1.6907001124731809,-2.709556567222673,0.36459642332672093,-1.3781713682278613,6.569984188791895,-1.5089883506011477,-1.8553634070307787,-1.9982304067467558,-4.572454139281957,5.397054809519329,0.2971433988001913,-2.1158200136727685,-1.2622648605731055,2.575956400568726,6.720318464187536,0.26718713217922496,-3.034021792991413,2.8052363809940357,2.0916343598808274,1.3880275291240545,1.8164215199151865,-1.4631181229083665,3.195334008537913,-0.8913294081796526,1.6477416805180118,2.7423385273445113,0.9934483765368869,-1.6830401453885127,1.9267773838442532,0.969065979963248,-1.6354603014765268
1.9363594311213976,5.724394600537345,2.022593187267158,0.09775839618316871,-0.04926124008039865,-2.745939269521749,-0.04712112476398528,-0.35069305546737567,2.722674857177115,2.0755013073454545,-1.111205650987294,-0.2378873332726968,-5.006804870870512,3.1128543991774724,0.8529467333794292,1.7228057901768086,0.2633440890843513,0.3269031912387821,-4.39213260882359,0.809785564818299,1.8602450480168957,1.5313330052995575,2.4877758182585907,-3.665206515581621,-0.5928403258228871,1.720018086406109,0.6151889046118647,-1.7812023335229237,-4.694006046767718,-0.09213316504873859,1.447692915419379,-1.3325294726379437,-1.256307357227103,-1.0081589322434852,-0.7194681919232654,1.5644771129763324,-2.1201918962838913,0.33503276000625054,-1.0751807227071113,-2.3490009501649993,-0.9551360840534544,1.0486251177028798,-1.5066205862537185,-0.853719281293919,1.3112590762452243
-0.006292440453881266,0.7556209984648783,0.504789912082844,0.9884471070061612,1.0035437427632383,-1.2002609289821575,0.06599677235631135,-0.24663996719035994,0.00849850752846155,0.33028499561934455,0.5615115194685448,0.28373635492846,-1.6907001124731809,0.8529467333794292,0.656329325526791,0.39058892827925645,-0.9726901787974203,1.2195298891321715,-0.5479991102633153,0.49563841093290284,-0.9971601462069455,-0.1965791018016038,1.4386667855167672,-0.3438784740849544,0.7077243162847168,-0.3913086989304069,0.5301771777119202,-0.10497729500658046,-0.18634278020670228,-0.1829977505838873,1.3319227029330423,-1.2426513702246658,-0.43830295543142855,0.03332682008365981,-1.0710129007197353,-0.9675466297464371,-0.2961318746961818,0.5590381670655694,-0.18640980864055764,0.7295606900164907,0.4578838840502239,0.2825790251384875,0.2453824190156753,0.30175261066581044,-0.2685730709290867
1.1751710850709156,3.3248713017237406,1.128927081629876,-0.13127731621765418,-0.22332021114889716,-1.4334099789654466,-0.041290403995482644,-0.16507197509028881,1.6490399430928329,1.194647236822675,-0.7819356037302172,-0.19892752124199667,-2.709556567222673,1.7228057901768086,0.39058892827925645,0.9691973252549492,0.34716525372455426,-0.03689928317568583,-2.5571853162207967,0.39540076903438953,1.320032643570684,0.9663015057479688,1.23093624392496,-2.155821179405458,-0.49585040460084484,1.1182351056303974,0.27077147367237747,-1.059657091941452,-2.8099175239253165,-0.020587954255545084,0.6209397143231532,-0.5683218268171262,-0.677168020569789,-0.6176453432403914,-0.22972991976993942,1.1350114516861995,-1.2283325812574555,0.09535341152132837,-0.6159137673799063,-1.56477503368539,-0.6673354883684813,0.5812776687506835,-0.9607233857944606,-0.5757590974168033,0.8467519952981896
1.4911552753034523,2.494088420754973,0.2932972385972256,-2.369320055449557,-2.518681511288029,0.8749646641776314,-0.19909164688650555,0.34256100155841124,2.0537971157760637,0.7650486193537404,-2.2350561359824264,-0.8827625620145441,0.36459642332672093,0.2633440890843513,-0.9726901787974203,0.34716525372455426,2.6055448145456217,-2.766025242454654,-1.9921528742335006,-0.6082964031520253,3.8829630506341886,1.6529515638670316,-1.6611320099340647,-1.9428617677080418,-2.2015426698339478,2.2781761313259135,-0.8420074263313971,-1.0978057377630674,-3.1163519812572407,0.38225483279984623,-2.189802381315273,2.0568407375270983,0.126280978267815,-0.8506476432348776,2.0996668072473414,3.5843500725804773,-0.8835152117380147,-1.1268447661511911,-0.35847883032515504,-3.593785230264581,-1.8599332576210499,0.10044873933520176,-1.754793008000487,-1.3966114828679876,1.6632730151991817
-1.232107519110968,-1.5723555687744815,0.08026843690959733,2.5815190372673174,2.7141568587946594,-1.4858319424841353,0.2060447671159585,-0.4393740858643899,-1.6860620014696979,-0.419511420997023,2.198751114488045,0.9079214365962731,-1.3781713682278613,0.3269031912387821,1.2195298891321715,-0.03689928317568583,-2.766025242454654,3.055566304828726,1.2913350576589127,0.8169741316908504,-3.833693759268611,-1.4866739849183284,2.285304039885341,1.380874502037482,2.2643675302120325,-2.125748979353019,1.0314802531648772,0.8372087120974441,2.4477837969158296,-0.43149416319477363,2.652654752297292,-2.486229905667344,-0.3834395633200625,0.7218271232894992,-2.412075281165691,-3.568878019699644,0.5388482656849314,1.2844658700927427,0.17639532786780962,3.424917468554111,1.8237395347439465,0.09742816726180781,1.6016660627225863,1.3426082348848076,-1.5410761172593612
-3.5648332633129596,-9.337767412166619,-2.930463012581418,1.3536213073420558,1.646958362452834,3.1798010249272606,0.18888077890323896,0.26130652780117397,-4.985535493572254,-3.2982576505473364,2.9110409085329887,0.8768259737353281,6.569984188791895,-4.39213260882359,-0.5479991102633153,-2.5571853162207967,-1.9921528742335006,1.2913350576589127,7.213813624450541,-0.7179912470503661,-4.9619491299883585,-3.116355638928933,-2.336050320458457,6.195801532522067,2.1861272658436572,-3.7647994460752714,-0.3071422542140407,3.1073864123359525,8.328977057845082,-0.11468829833698463,-0.5920665125323682,0.5190947076759709,1.6267116428299941,1.9026231338521393,-0.34024324934678873,-4.3729974963618234,3.4332693542868293,0.2519743024996968,1.684866941515032,5.444224450597502,2.4637799379265277,-1.4869419463400013,3.1466838641546837,2.0354155123990365,-2.8239860591609203
0.15596921512622236,0.9625945698082461,0.49415382650499445,0.6483499121938933,0.6459777466243194,-1.0044353388537826,0.03885131944525458,-0.1887450673853112,0.23054042353239101,0.38549169997605387,0.2718787642944034,0.16413014018768649,-1.5089883506011477,0.809785564818299,0.49563841093290284,0.39540076903438953,-0.6082964031520253,0.8169741316908504,-0.7179912470503661,0.38798406031943594,-0.4921615469887809,-7.668808811190849e-4,1.137525236167756,-0.5256903434662948,0.40943014804555977,-0.11130907014774119,0.3942710270585191,-0.2152196738648578,-0.5086781677900043,-0.12615198361921987,0.9824184458959803,-0.9150699598312012,-0.38774861337525135,-0.06173870942261417,-0.7532209284507891,-0.49742393873961244,-0.36706147325646815,0.3898099350790691,-0.20961619066120088,0.2784236771789191,0.21765072091966772,0.2697094550248591,0.034421565788118925,0.12489894382395948,-0.06558538304138116
3.071466062007094,6.3194549775022475,1.3849210651605328,-3.370543406611622,-3.655876412066067,-0.044063782850552985,-0.3095292977121138,0.3272479096688767,4.256877824069743,2.090439532510222,-3.7518897201317194,-1.386260660040614,-1.8553634070307787,1.8602450480168957,-0.9971601462069455,1.320032643570684,3.8829630506341886,-3.833693759268611,-4.9619491299883585,-0.4921615469887809,6.484742716544302,3.1121819872222964,-1.2125279230676695,-4.5451353375926855,-3.457017117304437,4.103621298633662,-0.9217655915925589,-2.430386605032841,-6.726838674073941,0.5074715116392101,-2.4696419271329217,2.3326400989221496,-0.4153717961934853,-1.7062801652475696,2.6859764978072906,5.913411980626151,-2.2825478332983726,-1.4657969902511312,-1.0283419307929011,-6.300128292853108,-3.1366536872794977,0.643598130574795,-3.247304707369888,-2.420217038930731,3.022386251271995
1.7353332311874812,4.001279942009369,1.0670421629053644,-1.3540222773158181,-1.5070938003005383,-0.697856660056999,-0.13822898289072974,0.046980851096093824,2.414725882321712,1.3686352808729783,-1.8092710728656316,-0.6257526730957569,-1.9982304067467558,1.5313330052995575,-0.1965791018016038,0.9663015057479688,1.6529515638670316,-1.4866739849183284,-3.116355638928933,-7.668808811190849e-4,3.1121819872222964,1.6517133791299767,0.12011901254415837,-2.765949860019997,-1.560356158386958,2.1038335978825122,-0.2245992276610056,-1.434785607841162,-3.912759273676895,0.18468424138680128,-0.6514248465559567,0.6239234459614124,-0.4808793128550292,-0.9473082909299705,0.9201841669397564,2.8053419456337885,-1.4582672045167266,-0.5164213135712087,-0.6866775001674261,-3.1577124123180025,-1.519053205920998,0.5227897902593291,-1.7008407872044784,-1.201001929722215,1.5604973225064631
0.5858587493570042,3.1187881416620207,1.5279208259810135,1.8007103843293104,1.7824176678105492,-2.996775570462931,0.10368904259589248,-0.5499522683983518,0.8548341911226249,1.2316659801730045,0.6631406385073783,0.43486382080042985,-4.572454139281957,2.4877758182585907,1.4386667855167672,1.23093624392496,-1.6611320099340647,2.285304039885341,-2.336050320458457,1.137525236167756,-1.2125279230676695,0.12011901254415837,3.344214465353136,-1.746254600499957,1.0849028461169252,-0.17050108938340003,1.1394072413197238,-0.7373346284288649,-1.7813156274653081,-0.3562326295963201,2.83226434375071,-2.6368212984854145,-1.1725248738493084,-0.25120920418799225,-2.1403229267639547,-1.250680051281464,-1.1842960565081537,1.1046984541794382,-0.665460470419337,0.5824338429976423,0.5256555952436339,0.8295463932011558,-0.025066421931536707,0.27723585014070745,-0.0767225743315991
-3.118917548348936,-8.010478756900898,-2.458715854300101,1.3876841773191881,1.6473346274802076,2.5333294702473816,0.17880295339553529,0.17765064741689943,-4.35833774595939,-2.816365812110704,2.6616600698198702,0.8253486607391893,5.397054809519329,-3.665206515581621,-0.3438784740849544,-2.155821179405458,-1.9428617677080418,1.380874502037482,6.195801532522067,-0.5256903434662948,-4.5451353375926855,-2.765949860019997,-1.746254600499957,5.347605661643932,2.057849875310113,-3.3732098431744357,-0.15925660573120287,2.6959067130240237,7.245662513037281,-0.13804527226344668,-0.24307831668602792,0.19766653290360242,1.3322323705359593,1.6708095791282085,-0.5184625424412453,-4.023963675016843,2.9414844746611966,0.335671086519338,1.4350513925084598,4.9117189970518815,2.2491386692187216,-1.2421120955882714,2.80253956296295,1.8423084996329533,-2.52511499207986
-1.4742107331054437,-2.764011237332667,-0.4869621022399399,1.9614804274887707,2.103512709441957,-0.3991908345699175,0.1714615470913396,-0.2432105844062539,-2.0371416157417492,-0.8861927616592782,1.9947311378229458,0.7637240157165682,0.2971433988001913,-0.5928403258228871,0.7077243162847168,-0.49585040460084484,-2.2015426698339478,2.2643675302120325,2.1861272658436572,0.40943014804555977,-3.457017117304437,-1.560356158386958,1.0849028461169252,2.057849875310113,1.9046203772739663,-2.1036946277861786,0.6274201274022314,1.1280040474630952,3.1586026837916377,-0.3072942774370898,1.6499918980575095,-1.553077050283601,0.045580244317175084,0.8294061054695688,-1.6623067919565173,-3.172836244627503,0.990214904294824,0.8982540594949747,0.42756287844425117,3.2748308420175065,1.6635953108112933,-0.2094837111918226,1.6422067727340492,1.2655627613214673,-1.5425456976026108
2.165760557611173,4.822276460348677,1.2184555310032392,-1.908851015171538,-2.103128605597313,-0.6031508592269004,-0.187094999559652,0.11350803589104153,3.0098254256177284,1.6334635066588288,-2.3815959631388526,-0.8436299899573569,-2.1158200136727685,1.720018086406109,-0.3913086989304069,1.1182351056303974,2.2781761313259135,-2.125748979353019,-3.7647994460752714,-0.11130907014774119,4.103621298633662,2.1038335978825122,-0.17050108938340003,-3.3732098431744357,-2.1036946277861786,2.7110888383148493,-0.39816979757354604,-1.7661347659547937,-4.838620065855717,0.27108770713089664,-1.1090269376369448,1.0548487910682434,-0.5021802319079628,-1.1889317741549845,1.38614049653279,3.714328070190058,-1.7528602822387556,-0.7685639493446611,-0.8149397288217044,-4.100827665926954,-1.9965547802655637,0.5891248417615523,-2.1759728525931314,-1.5651082642131764,2.00609297958704
-0.0767027754897417,0.4357251954108832,0.35743171234623466,0.8421879538292935,0.8605216901738231,-0.9258982332623138,0.05821402677149746,-0.19813681406580816,-0.09300771530567754,0.2061700789708042,0.5213952587774533,0.2515333619862471,-1.2622648605731055,0.6151889046118647,0.5301771777119202,0.27077147367237747,-0.8420074263313971,1.0314802531648772,-0.3071422542140407,0.3942710270585191,-0.9217655915925589,-0.2245992276610056,1.1394072413197238,-0.15925660573120287,0.6274201274022314,-0.39816979757354604,0.431008162615066,-0.024229346820267367,0.013439798901630145,-0.15320824956544143,1.0863703663068431,-1.0142176815321595,-0.32877046780786223,0.06564035593725318,-0.889931701452474,-0.8855276444025503,-0.17531719923670888,0.4660153997300733,-0.11989732349651545,0.7107726756306536,0.42698500501052217,0.20317892687656158,0.2654568062108578,0.2896382580460591,-0.2781140926832281
-1.5946566436370209,-4.012421675794623,-1.2021391591568904,0.8157731315539578,0.9501009607132068,1.1652864925567692,0.09848734899664395,0.06420604469957929,-2.2264906029605345,-1.40373630126325,1.4208340758034517,0.4524056469227476,2.575956400568726,-1.7812023335229237,-0.10497729500658046,-1.059657091941452,-1.0978057377630674,0.8372087120974441,3.1073864123359525,-0.2152196738648578,-2.430386605032841,-1.434785607841162,-0.7373346284288649,2.6959067130240237,1.1280040474630952,-1.7661347659547937,-0.024229346820267367,1.3664752620182627,3.682928311411582,-0.09027731712894811,0.019387298021697974,-0.032963973600703966,0.6336046481566608,0.8574931874642736,-0.3804514163389598,-2.160838248233761,1.4713684481418638,0.2318246072058894,0.7133042155267632,2.58888223003637,1.1988280010488797,-0.6043443540111432,1.4587451154026,0.9740796869832254,-1.3194509790801747
-4.317131199472087,-10.747666877025798,-3.178572740335893,2.355328254490133,2.7211566134760794,2.9751700525171962,0.2764285951528034,0.13700631848016628,-6.025085958501546,-3.750229609729186,3.929387224878365,1.2667724232062787,6.720318464187536,-4.694006046767718,-0.18634278020670228,-2.8099175239253165,-3.1163519812572407,2.4477837969158296,8.328977057845082,-0.5086781677900043,-6.726838674073941,-3.912759273676895,-1.7813156274653081,7.245662513037281,3.1586026837916377,-4.838620065855717,0.013439798901630145,3.682928311411582,9.9406758790174,-0.271642656218645,0.25095059222516986,-0.27439802285877374,1.649634409321329,2.3258961497312196,-1.1893450994403179,-5.992846687466768,3.938350227012743,0.7107847573218509,1.902909982721005,7.115938148882558,3.313068549460153,-1.5936238859902077,3.984893937898973,2.6814651988440996,-3.611356634359681
0.14310078603925566,0.1340285918516319,-0.041408857833455444,-0.361885925118451,-0.3782092336438165,0.24846577633457306,-0.02806996299607308,0.06659198526101422,0.19473678577306183,0.02757286164877401,-0.29038478427253167,-0.12319603694548575,0.26718713217922496,-0.09213316504873859,-0.1829977505838873,-0.020587954255545084,0.38225483279984623,-0.43149416319477363,-0.11468829833698463,-0.12615198361921987,0.5074715116392101,0.18468424138680128,-0.3562326295963201,-0.13804527226344668,-0.3072942774370898,0.27108770713089664,-0.15320824956544143,-0.09027731712894811,-0.271642656218645,0.061634485001230435,-0.3919812138973003,0.36701786842868406,0.07229724533661111,-0.08571336406185323,0.3475077053904331,0.47491112194692914,-0.0435504479389432,-0.1843389380875803,-0.00857629941036676,-0.4430825447437395,-0.24036567784843926,-0.029270235795055125,-0.20111565339384413,-0.17469424475069892,0.19558272226037693
-0.28756352590505135,0.8632638717378649,0.8312809848005663,2.1736428650994273,2.227832075136873,-2.2681808214669554,0.1527050600460251,-0.496266057695985,-0.365954055647518,0.43763591095835064,1.3996753696581794,0.6615152513096062,-3.034021792991413,1.447692915419379,1.3319227029330423,0.6209397143231532,-2.189802381315273,2.652654752297292,-0.5920665125323682,0.9824184458959803,-2.4696419271329217,-0.6514248465559567,2.83226434375071,-0.24307831668602792,1.6499918980575095,-1.1090269376369448,1.0863703663068431,0.019387298021697974,0.25095059222516986,-0.3919812138973003,2.743021476069316,-2.5617037783177783,-0.7924305141550249,0.21621163531253254,-2.2685064826599253,-2.362294564033949,-0.3557617555949964,1.1898190788379597,-0.2605850529104857,1.9464672775643534,1.1482919416416728,0.4771578973995432,0.7559464389062894,0.7884187368663863,-0.7796507017796266
0.28587497179680077,-0.7625067076639686,-0.7632024343439099,-2.038682486505019,-2.090744236425882,2.1054103366844976,-0.14368143665546537,0.462733314280181,0.365945039176371,-0.39340494906136597,-1.3225012695771425,-0.6226657303570932,2.8052363809940357,-1.3325294726379437,-1.2426513702246658,-0.5683218268171262,2.0568407375270983,-2.486229905667344,0.5190947076759709,-0.9150699598312012,2.3326400989221496,0.6239234459614124,-2.6368212984854145,0.19766653290360242,-1.553077050283601,1.0548487910682434,-1.0142176815321595,-0.032963973600703966,-0.27439802285877374,0.36701786842868406,-2.5617037783177783,2.392552903601843,0.7331106306238095,-0.21123122371604935,2.1225295165385436,2.229473946661884,0.3162064409416282,-1.113610012887215,0.23558340021250732,-1.8458277593542227,-1.0853431204882003,-0.43902432806074043,-0.7217862051992615,-0.746844314578602,0.7424215004301793
-0.661993698183158,-2.1293547452665513,-0.8052922908314826,-0.25350065308277664,-0.20649165768265473,1.2079064144267653,0.0014497846503829224,0.17504700782728908,-0.9346778830691804,-0.7845759572439893,0.2557191130213214,0.01834786400306977,2.0916343598808274,-1.256307357227103,-0.43830295543142855,-0.677168020569789,0.126280978267815,-0.3834395633200625,1.6267116428299941,-0.38774861337525135,-0.4153717961934853,-0.4808793128550292,-1.1725248738493084,1.3322323705359593,0.045580244317175084,-0.5021802319079628,-0.32877046780786223,0.6336046481566608,1.649634409321329,0.07229724533661111,-0.7924305141550249,0.7331106306238095,0.5279680005125326,0.3379770907015718,0.48487210852114354,-0.32063155979040686,0.7922863283673516,-0.23921302138324627,0.40984442671664356,0.6423784237914429,0.22531149029469796,-0.42215892226708057,0.46154949487743774,0.22531973266845162,-0.3894513119702422
-1.0203905205371138,-2.4494191939928025,-0.691252937019489,0.6727621443624927,0.7609451881632066,0.5612707924550032,0.0730585498978972,0.003304971327905801,-1.422043741561021,-0.8468336599046795,0.994232381095378,0.33263319484317583,1.3880275291240545,-1.0081589322434852,0.03332682008365981,-0.6176453432403914,-0.8506476432348776,0.7218271232894992,1.9026231338521393,-0.06173870942261417,-1.7062801652475696,-0.9473082909299705,-0.25120920418799225,1.6708095791282085,0.8294061054695688,-1.1889317741549845,0.06564035593725318,0.8574931874642736,2.3258961497312196,-0.08571336406185323,0.21621163531253254,-0.21123122371604935,0.3379770907015718,0.5532769976997302,-0.4071071185490382,-1.5294334102852505,0.8952984358072992,0.2337469598377478,0.4274722033747873,1.7666559109558073,0.8364501397476912,-0.343102580108333,0.9700921764205542,0.6688831218447833,-0.88459176335519
0.662588816133653,0.3578515613662586,-0.36529255546355816,-2.0111117862545647,-2.091650390869679,1.5607421065307823,-0.1522733661622943,0.39235968561727846,0.8957849622335172,0.01328869022225215,-1.5338607793055,-0.6664997373719875,1.8164215199151865,-0.7194681919232654,-1.0710129007197353,-0.22972991976993942,2.0996668072473414,-2.412075281165691,-0.34024324934678873,-0.7532209284507891,2.6859764978072906,0.9201841669397564,-2.1403229267639547,-0.5184625424412453,-1.6623067919565173,1.38614049653279,-0.889931701452474,-0.3804514163389598,-1.1893450994403179,0.3475077053904331,-2.2685064826599253,2.1225295165385436,0.48487210852114354,-0.4071071185490382,1.9732799780069132,2.5255157367586962,-0.09888964413873719,-1.0435851838406613,0.024770648500920322,-2.296575232730438,-1.2672280993787925,-0.23253833870700544,-1.0128158184276217,-0.91034637999874235,0.99522994933459
2.746905316842352,5.562694531475727,1.1798019935164732,-3.1280234088732337,-3.3848850034023075,0.09956717702003953,-0.28439157975932844,0.3211464401797955,3.805059212088615,1.8308087151389296,-3.419549036826586,-1.2722991700582196,-1.4631181229083665,1.5644771129763324,-0.9675466297464371,1.1350114516861995,3.5843500725804773,-3.568878019699644,-4.3729974963618234,-0.49742393873961244,5.913411980626151,2.8053419456337885,-1.250680051281464,-4.023963675016843,-3.172836244627503,3.714328070190058,-0.8855276444025503,-2.160838248233761,-5.992846687466768,0.47491112194692914,-2.362294564033949,2.229473946661884,-0.32063155979040686,-1.5294334102852505,2.5255157367586962,5.399164427662308,-2.0065297326676914,-1.3752854675955477,-0.8978504637305417,-5.717374790276855,-2.857474074783107,0.5427153486925219,-2.931803217269504,-2.198837576242949,2.7333937665794137
-1.6806826660948855,-4.446777719106207,-1.4109058254126867,0.5815031626761352,0.7189608998231813,1.568472437920812,0.08527400504463413,0.13740585096317443,-2.351481223518515,-1.5743217864047154,1.3404636087168302,0.3971809063339722,3.195334008537913,-2.1201918962838913,-0.2961318746961818,-1.2283325812574555,-0.8835152117380147,0.5388482656849314,3.4332693542868293,-0.36706147325646815,-2.2825478332983726,-1.4582672045167266,-1.1842960565081537,2.9414844746611966,0.990214904294824,-1.7528602822387556,-0.17531719923670888,1.4713684481418638,3.938350227012743,-0.0435504479389432,-0.3557617555949964,0.3162064409416282,0.7922863283673516,0.8952984358072992,-0.09888964413873719,-2.0065297326676914,1.6360410651157327,0.08668878086998177,0.8052299857598514,2.525372414653074,1.13550395796878,-0.717428664390075,1.469756644722435,0.9424879710456455,-1.3162489891190021
-0.38515408413080254,-0.2826398409211275,0.1630490375949526,1.073735405409483,1.1191416348989356,-0.7906916077473196,0.08217614799760485,-0.2041988510276453,-0.5223794827702392,-0.04021340828444931,0.8378390599453194,0.3601515907023212,-0.8913294081796526,0.33503276000625054,0.5590381670655694,0.09535341152132837,-1.1268447661511911,1.2844658700927427,0.2519743024996968,0.3898099350790691,-1.4657969902511312,-0.5164213135712087,1.1046984541794382,0.335671086519338,0.8982540594949747,-0.7685639493446611,0.4660153997300733,0.2318246072058894,0.7107847573218509,-0.1843389380875803,1.1898190788379597,-1.113610012887215,-0.23921302138324627,0.2337469598377478,-1.0435851838406613,-1.3752854675955477,0.08668878086998177,0.5526378162400449,0.003909467941306225,1.2653880863791114,0.6927934242797094,0.10761449189572965,0.5655576610647683,0.5003564384924202,-0.5530493681946977
-0.8062739230525382,-2.185339943760684,-0.7112627387515276,0.21245286832174312,0.27741226449199724,0.83378349728922,0.03648815926591632,0.0825742355671364,-1.1292441286093104,-0.7779260925877151,0.6055294264407849,0.17149313073111289,1.6477416805180118,-1.0751807227071113,-0.18640980864055764,-0.6159137673799063,-0.35847883032515504,0.17639532786780962,1.684866941515032,-0.20961619066120088,-1.0283419307929011,-0.6866775001674261,-0.665460470419337,1.4350513925084598,0.42756287844425117,-0.8149397288217044,-0.11989732349651545,0.7133042155267632,1.902909982721005,-0.00857629941036676,-0.2605850529104857,0.23558340021250732,0.40984442671664356,0.4274722033747873,0.024770648500920322,-0.8978504637305417,0.8052299857598514,0.003909467941306225,0.39907704588635134,1.162925608672028,0.5141496658447785,-0.36340351251607333,0.6889083438441039,0.4320236218875373,-0.6136752779190218
-3.2056686866468294,-6.961107322044363,-1.6868538761988197,3.0509845017451958,3.34188044710308,0.6168961478556962,0.2919662784563362,-0.22455319933119489,-4.451060553699722,-2.3409028194984085,3.652415984920694,1.3132515943817136,2.7423385273445113,-2.3490009501649993,0.7295606900164907,-1.56477503368539,-3.593785230264581,3.424917468554111,5.444224450597502,0.2784236771789191,-6.300128292853108,-3.1577124123180025,0.5824338429976423,4.9117189970518815,3.2748308420175065,-4.100827665926954,0.7107726756306536,2.58888223003637,7.115938148882558,-0.4430825447437395,1.9464672775643534,-1.8458277593542227,0.6423784237914429,1.7666559109558073,-2.296575232730438,-5.717374790276855,2.525372414653074,1.2653880863791114,1.162925608672028,6.234573402469487,3.0589795506614994,-0.8067395710332556,3.2756489856501267,2.384815584650118,-3.0296546978706567
-1.5083020150293331,-3.1406327274140975,-0.704758209406938,1.6074819920456647,1.7468946327479675,0.07996085561781358,0.1488305142548954,-0.14875564319982493,-2.0912566733941778,-1.042809202450793,1.815526599192415,0.6670992485826515,0.9934483765368869,-0.9551360840534544,0.4578838840502239,-0.6673354883684813,-1.8599332576210499,1.8237395347439465,2.4637799379265277,0.21765072091966772,-3.1366536872794977,-1.519053205920998,0.5256555952436339,2.2491386692187216,1.6635953108112933,-1.9965547802655637,0.42698500501052217,1.1988280010488797,3.313068549460153,-0.24036567784843926,1.1482919416416728,-1.0853431204882003,0.22531149029469796,0.8364501397476912,-1.2672280993787925,-2.857474074783107,1.13550395796878,0.6927934242797094,0.5141496658447785,3.0589795506614994,1.5183816070916838,-0.32983839757975003,1.5830517871607377,1.1740733223354884,-1.4714601636949205
0.6583354704134395,1.9375078478285988,0.6818999324612075,0.022127804648494728,-0.028022893072844328,-0.9199853408339964,-0.01674539326257952,-0.11645811600404128,0.9254798406443979,0.7018441439470877,-0.3840707407786574,-0.084065579778690655,-1.6830401453885127,1.0486251177028798,0.2825790251384875,0.5812776687506835,0.10044873933520176,0.09742816726180781,-1.4869419463400013,0.2697094550248591,0.643598130574795,0.5227897902593291,0.8295463932011558,-1.2421120955882714,-0.2094837111918226,0.5891248417615523,0.20317892687656158,-0.6043443540111432,-1.5936238859902077,-0.029270235795055125,0.4771578973995432,-0.43902432806074043,-0.42215892226708057,-0.343102580108333,-0.23253833870700544,0.5427153486925219,-0.717428664390075,0.10761449189572965,-0.36340351251607333,-0.8067395710332556,-0.32983839757975003,0.3533199743252131,-0.5149336446349385,-0.2936138647330391,0.4487608871282738
-1.773361464259823,-4.0366924486491875,-1.0559044550855694,1.4504545341238984,1.6078680631229005,0.6315064573393898,0.14570808558601536,-0.06474609323192572,-2.4664715989743713,-1.375873951893264,1.8865868695370374,0.6585633427031106,1.9267773838442532,-1.5066205862537185,0.2453824190156753,-0.9607233857944606,-1.754793008000487,1.6016660627225863,3.1466838641546837,0.034421565788118925,-3.247304707369888,-1.7008407872044784,-0.025066421931536707,2.80253956296295,1.6422067727340492,-2.1759728525931314,0.2654568062108578,1.4587451154026,3.984893937898973,-0.20111565339384413,0.7559464389062894,-0.7217862051992615,0.46154949487743774,0.9700921764205542,-1.0128158184276217,-2.931803217269504,1.469756644722435,0.5655576610647683,0.6889083438441039,3.2756489856501267,1.5830517871607377,-0.5149336446349385,1.7543498406756788,1.247504044130428,-1.6125452673360658
-1.2115616751723282,-2.600344703389678,-0.6173495452795063,1.1921319610367278,1.3026506531682844,0.18542071601945836,0.11294604611346376,-0.0946493419049017,-1.6815660574373001,-0.8714256673371589,1.4024312417578384,0.5075073576052255,0.969065979963248,-0.853719281293919,0.30175261066581044,-0.5757590974168033,-1.3966114828679876,1.3426082348848076,2.0354155123990365,0.12489894382395948,-2.420217038930731,-1.201001929722215,0.27723585014070745,1.8423084996329533,1.2655627613214673,-1.5651082642131764,0.2896382580460591,0.9740796869832254,2.6814651988440996,-0.17469424475069892,0.7884187368663863,-0.746844314578602,0.22531973266845162,0.6688831218447833,-0.91034637999874235,-2.198837576242949,0.9424879710456455,0.5003564384924202,0.4320236218875373,2.384815584650118,1.1740733223354884,-0.2936138647330391,1.247504044130428,0.913130214001868,-1.1554724798241334
1.6132969794390848,3.6190848568145437,0.9254290059300744,-1.3875645301328932,-1.531773378744796,-0.4913275010870242,-0.1371067181194422,0.07596599323999881,2.2426513147507143,1.2285140883277905,-1.754677595886624,-0.6185791409038445,-1.6354603014765268,1.3112590762452243,-0.2685730709290867,0.8467519952981896,1.6632730151991817,-1.5410761172593612,-2.8239860591609203,-0.06558538304138116,3.022386251271995,1.5604973225064631,-0.0767225743315991,-2.52511499207986,-1.5425456976026108,2.00609297958704,-0.2781140926832281,-1.3194509790801747,-3.611356634359681,0.19558272226037693,-0.7796507017796266,0.7424215004301793,-0.3894513119702422,-0.88459176335519,0.99522994933459,2.7333937665794137,-1.3162489891190021,-0.5530493681946977,-0.6136752779190218,-3.0296546978706567,-1.4714601636949205,0.4487608871282738,-1.6125452673360658,-1.1554724798241334,1.4852069697507857
