V1,V2,V3,V4,V5,V6,V7,V8,V9,V10,V11,V12,V13,V14,V15,V16,V17,V18,V19,V20,V21,V22,V23,V24,V25,V26,V27,V28,V29,V30,V31,V32,V33,V34,V35,V36,V37,V38,V39,V40,V41,V42,V43,V44,V45
2.2888973812439195,-5.355863956051935,1.5866134252388786,1.5173590982870482,-5.091227576632905,5.172079598079903,-1.0845679196835243,-3.514404884188199,2.6082570679525836,0.7197225703198504,2.843449104071084,3.6238494366703105,-0.47913063596558253,0.9097188431699369,-0.16106941035991718,-0.2312968000794242,1.5808319955593926,-3.423516394854038,-5.5988807367393365,-0.2492529315946624,-3.5117623297257263,0.8306748390350205,0.9745675208611412,-1.2837410233830324,-1.0243893544779012,1.0980420490970544,2.273123208038286,-0.7301145986488139,2.4140382726459677,0.7951038689183031,3.81315939835042,2.707458607382104,-5.5991794934783705,1.0177576305412224,-1.1819537604999362,1.6352066271014856,2.238155788759841,-1.15063752115692,0.40715078801606375,1.1279468294816706,0.03186974275901928,-0.03587301277543364,0.3259410520080348,3.2139975408958255,1.50965985013432
-5.355863956051935,12.586981489577406,-3.611175397551449,-3.6434868947303367,12.442046893656764,-12.161768033428896,2.436173363183552,8.341880054412865,-6.25485980033201,-1.7206804774313667,-6.582004600311276,-8.052622805081691,1.1599165285115263,-1.998251961326193,0.5135301217454638,0.7859396382892259,-3.6321344587838373,8.11215234917351,13.588393397878793,0.4576538120960624,8.31326455665184,-1.8139564589315247,-2.300707913022221,3.2603053375395312,2.622909435246249,-2.8735486638752303,-5.498920158395717,1.7116480249404116,-5.694667642607155,-1.9290777540530484,-8.843617632608387,-6.523184536950839,13.157874228093698,-2.6558494165558675,2.8669505943341167,-3.8086192244043446,-5.0302477132699375,2.4148362820029337,-1.000797484639503,-2.6898524965947828,-0.14302595489002634,0.21628861959868587,-0.8117070280047926,-7.4776793734551275,-3.9194493638790746
1.5866134252388786,-3.611175397551449,1.2893513006379649,0.8773639632173479,-2.540571433907474,3.4756505106233693,-0.942554966991339,-2.2145762955790387,1.5248545047432673,0.4302092930892119,2.1058290850376262,3.312362155574361,-0.2591038400468137,0.8745987861363503,0.1435381082332684,0.2976134290802757,1.2214776567317844,-2.1843645614475613,-2.9698075058222533,-0.40740343142546037,-2.2558815990765226,0.8189440282411371,0.6376289283489164,-0.4097370971913964,-0.2871544339017039,0.19172322094109032,1.2398605833452632,-0.5000926311593457,1.5875778052332223,0.42262687051859543,2.7908614643393195,1.52602105233653,-3.7775592146879897,0.19194519402408222,-0.6303569408088701,1.1672077581512503,1.940031217842935,-1.3166227659229006,0.1922479636911356,0.6875529690909433,-0.10596395157483654,0.22257709275018417,0.13418360863699527,2.3087773344764795,0.3228702989163206
1.5173590982870482,-3.6434868947303367,0.8773639632173479,1.1667186510355245,-4.284730950987838,3.528712600955256,-0.5430845723968073,-2.533726176958162,1.9894019725531171,0.5404738435215258,1.7603553300320887,1.6646831756325238,-0.38506603053584176,0.37843889814648096,-0.34150534868863563,-0.5749828657193252,0.9320226191510068,-2.4428726065910946,-4.550224698394196,0.05062350966303505,-2.4917126890252663,0.3266579528628758,0.6809570650370065,-1.2932121843763738,-1.06859152433945,1.252279905365589,1.8156617520969294,-0.489522193747996,1.6791757104252507,0.6455084386720799,2.391869403506523,2.1173385570989303,-3.8065898066391712,1.1475954342571912,-0.9572640364097833,1.0526467733409446,1.1252473635061693,-0.285076698765173,0.35275116396293105,0.8344645524195585,0.13901548702202388,-0.2515124250575169,0.30055713040081145,2.05580303182425,1.6668004903301656
-5.091227576632905,12.442046893656764,-2.540571433907474,-4.284730950987838,16.48024017792243,-12.075802302745442,1.4176753164518323,8.972490964287827,-7.278312534232265,-1.9590660202320533,-5.62182512442959,-3.8866116782105,1.4464737102073246,-0.7509645759691395,1.6892169117496185,2.9027568206762693,-2.8609002083553188,8.599464669333793,17.20600241896902,-0.6692781335037032,8.741837789071521,-0.5797106231172344,-2.3655126557039985,5.359358850088422,4.484208651060514,-5.411996901700888,-6.807671331643143,1.6553374232978053,-5.816990345216456,-2.43880248903079,-7.711567008087265,-7.851529713588047,12.995237749067801,-4.942032526006958,3.614531661487309,-3.4614792504377587,-2.952014818424252,-0.1475281808413739,-1.3749003006109166,-3.0008247062022924,-0.7387332000016448,1.370304225132219,-1.2034997312263065,-6.7271231837073495,-7.1317452090638
5.172079598079903,-12.161768033428896,3.4756505106233693,3.528712600955256,-12.075802302745442,11.75225614295182,-2.341400953315596,-8.069084518147383,6.057901686821934,1.665634787451761,6.348706268203665,7.728818097333948,-1.1242350347115728,1.9148579873008755,-0.5117073936005297,-0.7867080326145123,3.5002145457195106,-7.845850014509535,-13.177877415537193,-0.4274852320149037,-8.039628052225389,1.7371945014601586,2.2240851110463633,-3.1773379824517853,-2.558392423087975,2.80932437516142,5.331214942951147,-1.6533023273095686,5.504634102538149,1.8705494923156918,8.531201057104834,6.321210522303829,-12.713634417043155,2.595735524483761,-2.780383060393325,3.6763518248981493,4.83508737997913,-2.30026180020724,0.9719156660825328,2.603432854115474,0.1459014726371549,-0.22400296015351376,0.7894058118371605,7.216667876597115,3.829122555270643
-1.0845679196835243,2.436173363183552,-0.942554966991339,-0.5430845723968073,1.4176753164518323,-2.341400953315596,0.7062929294445204,1.4422210933801922,-0.951221782715086,-0.27173955688545054,-1.4836675886453554,-2.5238594365339337,0.1532621480790679,-0.6767159541952562,-0.18036011979076239,-0.35151977706406917,-0.8758737928409828,1.4326522184634498,1.7358974089467196,0.3541548001470049,1.4850411312671985,-0.6385985562156737,-0.423627736359957,0.12469561499554581,0.05942974800044228,0.0531550396138064,-0.7394689134482764,0.339928185937632,-1.057635214145824,-0.24724400375571143,-1.9555026344627318,-0.9302392568329059,2.5495155555256055,0.03491662409699173,0.37009320668508466,-0.8091514826293011,-1.4526037678745305,1.0676200061791918,-0.10232816013630336,-0.4396320772953912,0.11381997167564961,-0.23204080602978905,-0.06205177884021437,-1.6047701458487085,0.01299927566240734
-3.514404884188199,8.341880054412865,-2.2145762955790387,-2.533726176958162,8.972490964287827,-8.069084518147383,1.4422210933801922,5.655003566694314,-4.3356045662139975,-1.1853877188342177,-4.208159482925878,-4.628370478165077,0.821069212597588,-1.1115954436016973,0.5455287754207787,0.8904154287300785,-2.2802676811702858,5.477015409853277,9.661591297770123,0.10850299207895682,5.600379754970342,-0.9911925846394347,-1.540683118707009,2.5323110331859344,2.067238006565027,-2.351545413020879,-3.8825970332997684,1.1280447226432613,-3.806781775681017,-1.3710610396085916,-5.682179418593495,-4.566915715226066,8.718053940905872,-2.1629619329331042,2.035577552758571,-2.471221194351373,-2.982100512892554,1.1600773982237946,-0.7303186956156783,-1.842077030078698,-0.1986092560378781,0.34428364495016567,-0.6077016799177742,-4.840160785457755,-3.163681260635579
2.6082570679525836,-6.25485980033201,1.5248545047432673,1.9894019725531171,-7.278312534232265,6.057901686821934,-0.951221782715086,-4.3356045662139975,3.3952793489693542,0.9226317803729542,3.0392420304282264,2.934711971609816,-0.654866331416755,0.6722359283724048,-0.5648175157216923,-0.9474529986082711,1.613885022303015,-4.1833832861632825,-7.74116210401627,0.06649181162803096,-4.268592932856001,0.5835881765740245,1.167188529799563,-2.1797727760574745,-1.798844803853799,2.101543850858947,3.0921314267353535,-0.8409679848076717,2.8790577175998817,1.097910875685869,4.124671398482052,3.6093228447541117,-6.535750851402465,1.926630391070766,-1.6292318892854933,1.8132529724753363,1.9706458161463916,-0.5359316143039112,0.5983385393166911,1.4262623964384609,0.22756631164388605,-0.41048479208534494,0.5084355222401463,3.5418670636131933,2.801076992591768
0.7197225703198504,-1.7206804774313667,0.4302092930892119,0.5404738435215258,-1.9590660202320533,1.665634787451761,-0.27173955688545054,-1.1853877188342177,0.9226317803729542,0.2512691689052197,0.8449734581978429,0.8489366360987273,-0.17723465965547308,0.19759318874962872,-0.14306440604404969,-0.23877849289396016,0.4513985217238826,-1.144721981851803,-2.0907315379952283,0.006616371093245199,-1.1686543519605876,0.17296702369493686,0.3201841064876235,-0.5778095246694408,-0.4755062230992037,0.5517741459410455,0.836315799555938,-0.2317475900062426,0.7901160321934619,0.29665354002403455,1.1454727780979184,0.9783034470168328,-1.7978737384547527,0.5062618432698245,-0.4400454087252566,0.5017953483493739,0.5625387316254393,-0.17369959607678462,0.16064808125762808,0.38881507627902384,0.05644481836572181,-0.1009534035274674,0.13575978494058985,0.9811163884534491,0.7369598098038768
2.843449104071084,-6.582004600311276,2.1058290850376262,1.7603553300320887,-5.62182512442959,6.348706268203665,-1.4836675886453554,-4.208159482925878,3.0392420304282264,0.8449734581978429,3.629302286084382,5.073098093809478,-0.5428233801781677,1.3038231991068363,-0.018813533103521934,0.03877421334525775,2.0537584949837133,-4.119375186583926,-6.307223570154282,-0.47639504450725834,-4.236620823573103,1.2053458739897434,1.1837180229789572,-1.252636023414078,-0.9712331491731333,0.9584423951896338,2.5855515272429264,-0.9027608930863967,2.938058191550182,0.8960660481267297,4.842151540052715,3.1144667100257006,-6.883201512365306,0.8985267024193193,-1.3342389472762695,2.0559994629936673,3.0584182761361,-1.798666024418236,0.4417315461257608,1.334280579306036,-0.05156413561945562,0.13145166250348317,0.3395651311825569,4.0509217828329325,1.3605764188001288
3.6238494366703105,-8.052622805081691,3.312362155574361,1.6646831756325238,-3.8866116782105,7.728818097333948,-2.5238594365339337,-4.628370478165077,2.934711971609816,0.8489366360987273,5.073098093809478,9.120924360597046,-0.44937939064562343,2.470923949873465,0.8221503261379796,1.5683044156618975,3.034531485362973,-4.624446411142765,-5.016448949201302,-1.3851456074287782,-4.808341651377189,2.342757518547869,1.38284698328342,-0.0038363589335716785,0.16506586429762052,-0.6672087834429612,2.1818513951086262,-1.130625258237089,3.4600536392897636,0.7156280429250025,6.660864059402128,2.806453483968393,-8.429267942545565,-0.5582307097531707,-1.0740234764879204,2.732483443800016,5.187459635482856,-4.013589986110412,0.2645329423374757,1.3877940805540707,-0.4904238787055678,0.9881229849397444,0.1284384976101018,5.431441904270473,-0.665722324862534
-0.47913063596558253,1.1599165285115263,-0.2591038400468137,-0.38506603053584176,1.4464737102073246,-1.1242350347115728,0.1532621480790679,0.821069212597588,-0.654866331416755,-0.17723465965547308,-0.5428233801781677,-0.44937939064562343,0.12862116638638343,-0.09636603797184401,0.13192803686738572,0.2250038973136371,-0.282266440410947,0.7890665054217567,1.5230558667575258,-0.03815724185073373,0.8034408732499262,-0.08000990254334774,-0.21861090058797636,0.45395949985286543,0.37759154559289787,-0.44948361584689733,-0.6049617180940043,0.15513588206185688,-0.5383027990009285,-0.21606222601474304,-0.7412655793966806,-0.7016439622656498,1.2114895729313087,-0.41111900374681487,0.3200714980659089,-0.32903235209196463,-0.3181133945378469,0.04087215421880611,-0.11991963243465435,-0.2723853926034362,-0.056035367192394665,0.1028426797696496,-0.10361171853682544,-0.6413130325733154,-0.5948485432155864
0.9097188431699369,-1.998251961326193,0.8745987861363503,0.37843889814648096,-0.7509645759691395,1.9148579873008755,-0.6767159541952562,-1.1115954436016973,0.6722359283724048,0.19759318874962872,1.3038231991068363,2.470923949873465,-0.09636603797184401,0.6756917628206972,0.26445380098461857,0.4976393214680962,0.7901644602798616,-1.117799825816851,-1.052255190367084,-0.40108176941348334,-1.1662305603071506,0.6432128859600986,0.33852667843830686,0.10793562440584156,0.13737315452583787,-0.2966855204035477,0.4712307022612843,-0.2824544026548433,0.8490540728297925,0.15052849067005147,1.7056383074455952,0.6246547357612647,-2.092106344468926,-0.2566569530341547,-0.22657931186867736,0.6934086361466812,1.3900203501395245,-1.1254748866013995,0.04598081436251228,0.32690917965136757,-0.15219004817133597,0.30427924598912554,0.011420462741072926,1.3816486873533154,-0.3314954820827713
-0.16106941035991718,0.5135301217454638,0.1435381082332684,-0.34150534868863563,1.6892169117496185,-0.5117073936005297,-0.18036011979076239,0.5455287754207787,-0.5648175157216923,-0.14306440604404969,-0.018813533103521934,0.8221503261379796,0.13192803686738572,0.26445380098461857,0.3549431583294335,0.6327282272805446,0.05784988115169442,0.49515387862357063,1.620760335845905,-0.29836685065794133,0.487487765318099,0.2687852068540644,-0.11963297598331252,0.7366002361515135,0.6413702968452698,-0.8437476555927627,-0.6121899277360887,0.0594707526780797,-0.2853963197928502,-0.22892680395714896,-0.06955570861769765,-0.6628199415974155,0.5338323583097285,-0.7628917552980834,0.33762085152564997,-0.06980560686750842,0.3653292042684409,-0.6177807246367945,-0.149778748313908,-0.20637946486790892,-0.17462928592488883,0.33565588415305136,-0.14644468105796749,-0.11739031305292415,-1.0803771895701904
-0.2312968000794242,0.7859396382892259,0.2976134290802757,-0.5749828657193252,2.9027568206762693,-0.7867080326145123,-0.35151977706406917,0.8904154287300785,-0.9474529986082711,-0.23877849289396016,0.03877421334525775,1.5683044156618975,0.2250038973136371,0.4976393214680962,0.6327282272805446,1.1299183545280855,0.1440996018556899,0.8017059042419874,2.7672945855961677,-0.5416256923176375,0.7855266998683543,0.5036667118838613,-0.19009499719222714,1.2899502895187536,1.125520978111395,-1.486912174240025,-1.0408354871487362,0.08828142459975291,-0.4511283616916755,-0.3909558826486181,-0.028525906720801547,-1.1207686718792407,0.8158203039564514,-1.343778439150438,0.5758192566785568,-0.08353623132515409,0.713282215343896,-1.1377341230496614,-0.25856031134936225,-0.3417947883292508,-0.31263206835128854,0.6014589029104989,-0.25464214017732534,-0.12904949495682966,-1.9008309433515929
1.5808319955593926,-3.6321344587838373,1.2214776567317844,0.9320226191510068,-2.8609002083553188,3.5002145457195106,-0.8758737928409828,-2.2802676811702858,1.613885022303015,0.4513985217238826,2.0537584949837133,3.034531485362973,-0.282266440410947,0.7901644602798616,0.05784988115169442,0.1440996018556899,1.175408357598394,-2.239642485155833,-3.2626642980908755,-0.3276560108793978,-2.307581854889507,0.7351674490005062,0.6479459023439001,-0.5679434163137194,-0.4267979173665684,0.3804866635179713,1.347546496695083,-0.5002861441644575,1.610464144370138,0.46378925597273313,2.7315364899786085,1.6376113454091572,-3.798949007325918,0.36212600329426275,-0.6911924323798028,1.1520368045408818,1.8042644205902374,-1.138885105405735,0.22150443116708346,0.7165517108097894,-0.06293604324993858,0.13930552759593245,0.16423134259856365,2.2737510902758014,0.5627688707161794
-3.423516394854038,8.11215234917351,-2.1843645614475613,-2.4428726065910946,8.599464669333793,-7.845850014509535,1.4326522184634498,5.477015409853277,-4.1833832861632825,-1.144721981851803,-4.119375186583926,-4.624446411142765,0.7890665054217567,-1.117799825816851,0.49515387862357063,0.8017059042419874,-2.239642485155833,5.308916386635001,9.281591852452244,0.13910157877789436,5.430763742615667,-1.000636929091783,-1.4954272367937804,2.3977893396646532,1.9529888575951995,-2.2089536005060246,-3.734653739738326,1.0980344577987189,-3.696205564102173,-1.3170547337119034,-5.55640041103724,-4.399111920608893,8.478687441099385,-2.0332849059879536,1.9561917487440665,-2.412603125960338,-2.961678672724515,1.2042518741739963,-0.6985355332346168,-1.7810755108500995,-0.17513259957655558,0.3000347772333624,-0.5788206368931325,-4.727061762144869,-2.978411531383398
-5.5988807367393365,13.588393397878793,-2.9698075058222533,-4.550224698394196,17.20600241896902,-13.177877415537193,1.7358974089467196,9.661591297770123,-7.74116210401627,-2.0907315379952283,-6.307223570154282,-5.016448949201302,1.5230558667575258,-1.052255190367084,1.620760335845905,2.7672945855961677,-3.2626642980908755,9.281591852452244,18.075977794114007,-0.5182298098510218,9.447695662161083,-0.8630377117735174,-2.5661878464489885,5.44832607215546,4.53896623938096,-5.423342791652721,-7.1746664796430935,1.8148115034120325,-6.317357879120754,-2.56277055754082,-8.617508493078065,-8.308782420693637,14.194486251104964,-4.95835104482698,3.799503405877885,-3.837755292973206,-3.6065807545542796,0.31942947538890204,-1.4285026966067043,-3.2124740425896414,-0.6935687507190955,1.2772997620338973,-1.238372955729903,-7.472796995024851,-7.171364663331267
-0.2492529315946624,0.4576538120960624,-0.40740343142546037,0.05062350966303505,-0.6692781335037032,-0.4274852320149037,0.3541548001470049,0.10850299207895682,0.06649181162803096,0.006616371093245199,-0.47639504450725834,-1.3851456074287782,-0.03815724185073373,-0.40108176941348334,-0.29836685065794133,-0.5416256923176375,-0.3276560108793978,0.13910157877789436,-0.5182298098510218,0.3175869163427708,0.1614887865822297,-0.3913673850176921,-0.05918792555312927,-0.45444614761558877,-0.4119037424605285,0.5851968150286008,0.16821693917172714,0.07206833222927485,-0.15667938826918162,0.07247429946747926,-0.5980087146694087,0.13937184077478926,0.48126756633259715,0.5247867214385338,-0.1052115623391482,-0.21973274353444133,-0.7245519569876491,0.7677588707063967,0.06703570467055102,-0.0060669431022650315,0.15503229440108285,-0.30238565422225794,0.07806959983323417,-0.450059359518692,0.7312714891785118
-3.5117623297257263,8.31326455665184,-2.2558815990765226,-2.4917126890252663,8.741837789071521,-8.039628052225389,1.4850411312671985,5.600379754970342,-4.268592932856001,-1.1686543519605876,-4.236620823573103,-4.808341651377189,0.8034408732499262,-1.1662305603071506,0.487487765318099,0.7855266998683543,-2.307581854889507,5.430763742615667,9.447695662161083,0.1614887865822297,5.556642239971927,-1.046054296593104,-1.530931452103662,2.420915351762896,1.9692639637566747,-2.220046855597839,-3.804094090844495,1.1258620280822353,-3.7846328815982853,-1.340628266970948,-5.711502712555348,-4.4844724998707655,8.689191395850212,-2.0443527976432225,1.9915225847922016,-2.4776431956822087,-3.069579021150088,1.2769706199911321,-0.7093047332815599,-1.8194473721873616,-0.16935204280344293,0.28790451428490993,-0.5863569672138765,-4.855561573824154,-2.997068042025626
0.8306748390350205,-1.8139564589315247,0.8189440282411371,0.3266579528628758,-0.5797106231172344,1.7371945014601586,-0.6385985562156737,-0.9911925846394347,0.5835881765740245,0.17296702369493686,1.2053458739897434,2.342757518547869,-0.08000990254334774,0.6432128859600986,0.2687852068540644,0.5036667118838613,0.7351674490005062,-1.000636929091783,-0.8630377117735174,-0.3913673850176921,-1.046054296593104,0.6135711947469973,0.30504512702411335,0.15028262232578599,0.17099145367458293,-0.3322116761008689,0.3944312440588369,-0.2572766845167865,0.7661290383035054,0.12357331072399766,1.5733208220556358,0.5329100086094882,-1.899590495870017,-0.2896400309978976,-0.1867192695903162,0.6369835773535324,1.311465620537033,-1.0834069693694717,0.032309655168570366,0.2884292325642571,-0.1527314481472601,0.30439870459704826,5.552160648207443e-4,1.270506923179359,-0.3803947564447984
0.9745675208611412,-2.300707913022221,0.6376289283489164,0.6809570650370065,-2.3655126557039985,2.2240851110463633,-0.423627736359957,-1.540683118707009,1.167188529799563,0.3201841064876235,1.1837180229789572,1.38284698328342,-0.21861090058797636,0.33852667843830686,-0.11963297598331252,-0.19009499719222714,0.6479459023439001,-1.4954272367937804,-2.5661878464489885,-0.05918792555312927,-1.530931452103662,0.30504512702411335,0.42253790316012996,-0.6426417537887936,-0.5207731186146366,0.5814381768590298,1.035035763298261,-0.3120702426055281,1.0450115723615307,0.3642504441122021,1.594027710905024,1.2229502044004188,-2.404764134320984,0.5360770021368331,-0.5410539055676481,0.6894953304821612,0.8752277447118629,-0.38608446668559127,0.19135773567877878,0.49912642093721615,0.03918763953040794,-0.06477672049305544,0.1571345552109985,1.3522737266706304,0.7875425870291765
-1.2837410233830324,3.2603053375395312,-0.4097370971913964,-1.2932121843763738,5.359358850088422,-3.1773379824517853,0.12469561499554581,2.5323110331859344,-2.1797727760574745,-0.5778095246694408,-1.252636023414078,-0.0038363589335716785,0.45395949985286543,0.10793562440584156,0.7366002361515135,1.2899502895187536,-0.5679434163137194,2.3977893396646532,5.44832607215546,-0.45444614761558877,2.420915351762896,0.15028262232578599,-0.6426417537887936,1.936551809873975,1.6461544135690043,-2.0585766083311725,-2.1251990965920076,0.42468774583403857,-1.5711143039453501,-0.7716483343846658,-1.764524834992513,-2.4065967014905376,3.402203522778216,-1.87197088671189,1.1413260067290087,-0.8313195611852495,-0.26998563735874626,-0.6694261183244801,-0.4563145487661643,-0.8714347552631065,-0.34228872870084537,0.6469149471749309,-0.4152679688507199,-1.5972310820250868,-2.6796981954678145
-1.0243893544779012,2.622909435246249,-0.2871544339017039,-1.06859152433945,4.484208651060514,-2.558392423087975,0.05942974800044228,2.067238006565027,-1.798844803853799,-0.4755062230992037,-0.9712331491731333,0.16506586429762052,0.37759154559289787,0.13737315452583787,0.6413702968452698,1.125520978111395,-0.4267979173665684,1.9529888575951995,4.53896623938096,-0.4119037424605285,1.9692639637566747,0.17099145367458293,-0.5207731186146366,1.6461544135690043,1.4024123855791166,-1.7622776581644193,-1.7663579823556905,0.34014973754409633,-1.2717152565111116,-0.6427492382492508,-1.3770296465170007,-1.9940377062987817,2.736605565753816,-1.601636436002293,0.9504176497363399,-0.6562740842308334,-0.13379955342824684,-0.643180325811478,-0.38302338005593595,-0.7151833321947514,-0.3000299695354701,0.5681833030342645,-0.35064186506976036,-1.2575394560803526,-2.2902820139906845
1.0980420490970544,-2.8735486638752303,0.19172322094109032,1.252279905365589,-5.411996901700888,2.80932437516142,0.0531550396138064,-2.351545413020879,2.101543850858947,0.5517741459410455,0.9584423951896338,-0.6672087834429612,-0.44948361584689733,-0.2966855204035477,-0.8437476555927627,-1.486912174240025,0.3804866635179713,-2.2089536005060246,-5.423342791652721,0.5851968150286008,-2.220046855597839,-0.3322116761008689,0.5814381768590298,-2.0585766083311725,-1.7622776581644193,2.2377308664053484,2.0989796910679264,-0.3682830677056365,1.4156728174183864,0.7676845487638745,1.385601039290529,2.3521639038671016,-2.996781333166794,2.0313179176798943,-1.1344444646387681,0.6827729285823875,-0.09464851760807363,1.0072808296160043,0.46566995439190795,0.8243546283307375,0.40002739403083853,-0.7605704866521444,0.43204645927951874,1.2983683211487054,2.898089322879373
2.273123208038286,-5.498920158395717,1.2398605833452632,1.8156617520969294,-6.807671331643143,5.331214942951147,-0.7394689134482764,-3.8825970332997684,3.0921314267353535,0.836315799555938,2.5855515272429264,2.1818513951086262,-0.6049617180940043,0.4712307022612843,-0.6121899277360887,-1.0408354871487362,1.347546496695083,-3.734653739738326,-7.1746664796430935,0.16821693917172714,-3.804094090844495,0.3944312440588369,1.035035763298261,-2.1251990965920076,-1.7663579823556905,2.0989796910679264,2.8527095477957314,-0.735739203940197,2.5494616366736165,1.0171901629934044,3.5253273863817,3.3104467871128436,-5.744876729553212,1.920299105616961,-1.5087264282414727,1.56452524167292,1.5350993601476788,-0.22319976827559188,0.5637287565619544,1.2873420021411857,0.25848638916962136,-0.47400964784297567,0.4862063812086064,3.0488678176100135,2.7811475377259693
-0.7301145986488139,1.7116480249404116,-0.5000926311593457,-0.489522193747996,1.6553374232978053,-1.6533023273095686,0.339928185937632,1.1280447226432613,-0.8409679848076717,-0.2317475900062426,-0.9027608930863967,-1.130625258237089,0.15513588206185688,-0.2824544026548433,0.0594707526780797,0.08828142459975291,-0.5002861441644575,1.0980344577987189,1.8148115034120325,0.07206833222927485,1.1258620280822353,-0.2572766845167865,-0.3120702426055281,0.42468774583403857,0.34014973754409633,-0.3682830677056365,-0.735739203940197,0.23308370227060732,-0.7727546869942081,-0.2576890889369048,-1.2116487040290385,-0.8747552606372377,1.7893472846603604,-0.3409053157281352,0.3830164823275525,-0.5205474428704654,-0.7016559175906646,0.35058581746170886,-0.13272315114047448,-0.3627859140139893,-0.014221978561051694,0.01928379244019104,-0.10687437290075906,-1.022657853856298,-0.5044787653548269
2.4140382726459677,-5.694667642607155,1.5875778052332223,1.6791757104252507,-5.816990345216456,5.504634102538149,-1.057635214145824,-3.806781775681017,2.8790577175998817,0.7901160321934619,2.938058191550182,3.4600536392897636,-0.5383027990009285,0.8490540728297925,-0.2853963197928502,-0.4511283616916755,1.610464144370138,-3.696205564102173,-6.317357879120754,-0.15667938826918162,-3.7846328815982853,0.7661290383035054,1.0450115723615307,-1.5711143039453501,-1.2717152565111116,1.4156728174183864,2.5494616366736165,-0.7727546869942081,2.584865864799046,0.8966983238107913,3.9548281312644087,3.0142849052630654,-5.952399442855237,1.3057251640852716,-1.332131264234612,1.7094443449975358,2.184906679686163,-0.9786716305336912,0.4701222476712544,1.2323187747563336,0.0915531216928205,-0.14981341929298547,0.3852710772721464,3.35320736252747,1.9196367329922548
0.7951038689183031,-1.9290777540530484,0.42262687051859543,0.6455084386720799,-2.43880248903079,1.8705494923156918,-0.24724400375571143,-1.3710610396085916,1.097910875685869,0.29665354002403455,0.8960660481267297,0.7156280429250025,-0.21606222601474304,0.15052849067005147,-0.22892680395714896,-0.3909558826486181,0.46378925597273313,-1.3170547337119034,-2.56277055754082,0.07247429946747926,-1.340628266970948,0.12357331072399766,0.3642504441122021,-0.7716483343846658,-0.6427492382492508,0.7676845487638745,1.0171901629934044,-0.2576890889369048,0.8966983238107913,0.3634091090420977,1.2244400452835116,1.1781889954055051,-2.0150056934379506,0.7018905760321346,-0.538618950914192,0.5450072635111075,0.5135877543833668,-0.04775025559423659,0.2024612286094558,0.45573595565216146,0.09791814270177439,-0.18024679105244215,0.17545759144897383,1.0614280798817537,1.015098361399238
3.81315939835042,-8.843617632608387,2.7908614643393195,2.391869403506523,-7.711567008087265,8.531201057104834,-1.9555026344627318,-5.682179418593495,4.124671398482052,1.1454727780979184,4.842151540052715,6.660864059402128,-0.7412655793966806,1.7056383074455952,-0.06955570861769765,-0.028525906720801547,2.7315364899786085,-5.55640041103724,-8.617508493078065,-0.5980087146694087,-5.711502712555348,1.5733208220556358,1.594027710905024,-1.764524834992513,-1.3770296465170007,1.385601039290529,3.5253273863817,-1.2116487040290385,3.9548281312644087,1.2244400452835116,6.467532860929625,4.237281259075601,-9.247254279803121,1.2953888689658801,-1.8218987911783597,2.7504912581190135,4.031536938359547,-2.3212417105611163,0.6081824531232471,1.8056291973918335,-0.04667561933814934,0.1330081183845214,0.47150957798413884,5.4174247827798325,1.9512713262402555
2.707458607382104,-6.523184536950839,1.52602105233653,2.1173385570989303,-7.851529713588047,6.321210522303829,-0.9302392568329059,-4.566915715226066,3.6093228447541117,0.9783034470168328,3.1144667100257006,2.806453483968393,-0.7016439622656498,0.6246547357612647,-0.6628199415974155,-1.1207686718792407,1.6376113454091572,-4.399111920608893,-8.308782420693637,0.13937184077478926,-4.4844724998707655,0.5329100086094882,1.2229502044004188,-2.4065967014905376,-1.9940377062987817,2.3521639038671016,3.3104467871128436,-0.8747552606372377,3.0142849052630654,1.1781889954055051,4.237281259075601,3.8517775142605086,-6.815467820532585,2.1538497315248986,-1.747862053544771,1.8721383168969983,1.929167259019448,-0.40070647472293613,0.6480700672305248,1.508792180384672,0.27461118766840653,-0.5002839005266587,0.5552778737698169,3.6523536051563745,3.1245490542299392
-5.5991794934783705,13.157874228093698,-3.7775592146879897,-3.8065898066391712,12.995237749067801,-12.713634417043155,2.5495155555256055,8.718053940905872,-6.535750851402465,-1.7978737384547527,-6.883201512365306,-8.429267942545565,1.2114895729313087,-2.092106344468926,0.5338323583097285,0.8158203039564514,-3.798949007325918,8.478687441099385,14.194486251104964,0.48126756633259715,8.689191395850212,-1.899590495870017,-2.404764134320984,3.402203522778216,2.736605565753816,-2.996781333166794,-5.744876729553212,1.7893472846603604,-5.952399442855237,-2.0150056934379506,-9.247254279803121,-6.815467820532585,13.754945417731655,-2.769918311697535,2.995026009021074,-3.9823701331233936,-5.264343271308826,2.530968821929512,-1.0451253720598805,-2.810960028961679,-0.14791213873972592,0.22306218490793323,-0.8474123941150332,-7.818725389684417,-4.088522415251283
1.0177576305412224,-2.6558494165558675,0.19194519402408222,1.1475954342571912,-4.942032526006958,2.595735524483761,0.03491662409699173,-2.1629619329331042,1.926630391070766,0.5062618432698245,0.8985267024193193,-0.5582307097531707,-0.41111900374681487,-0.2566569530341547,-0.7628917552980834,-1.343778439150438,0.36212600329426275,-2.0332849059879536,-4.95835104482698,0.5247867214385338,-2.0443527976432225,-0.2896400309978976,0.5360770021368331,-1.87197088671189,-1.601636436002293,2.0313179176798943,1.920299105616961,-0.3409053157281352,1.3057251640852716,0.7018905760321346,1.2953888689658801,2.1538497315248986,-2.769918311697535,1.84419736535186,-1.0373132753060164,0.6354046964645579,-0.05848288000116951,0.8946364050769129,0.42485996959741423,0.7569998590088168,0.36115604275345226,-0.6863701448857955,0.3935610925643336,1.2095371476878225,2.6318251489932827
-1.1819537604999362,2.8669505943341167,-0.6303569408088701,-0.9572640364097833,3.614531661487309,-2.780383060393325,0.37009320668508466,2.035577552758571,-1.6292318892854933,-0.4400454087252566,-1.3342389472762695,-1.0740234764879204,0.3200714980659089,-0.22657931186867736,0.33762085152564997,0.5758192566785568,-0.6911924323798028,1.9561917487440665,3.799503405877885,-0.1052115623391482,1.9915225847922016,-0.1867192695903162,-0.5410539055676481,1.1413260067290087,0.9504176497363399,-1.1344444646387681,-1.5087264282414727,0.3830164823275525,-1.332131264234612,-0.538618950914192,-1.8218987911783597,-1.747862053544771,2.995026009021074,-1.0373132753060164,0.7987856090776088,-0.8109705754608968,-0.7688608762417591,0.07681401024119539,-0.2999235988991679,-0.676512837998552,-0.14408576241801746,0.26517984908116593,-0.2597478212619595,-1.5792164206489627,-1.5008194225454452
1.6352066271014856,-3.8086192244043446,1.1672077581512503,1.0526467733409446,-3.4614792504377587,3.6763518248981493,-0.8091514826293011,-2.471221194351373,1.8132529724753363,0.5017953483493739,2.0559994629936673,2.732483443800016,-0.32903235209196463,0.6934086361466812,-0.06980560686750842,-0.08353623132515409,1.1520368045408818,-2.412603125960338,-3.837755292973206,-0.21973274353444133,-2.4776431956822087,0.6369835773535324,0.6894953304821612,-0.8313195611852495,-0.6562740842308334,0.6827729285823875,1.56452524167292,-0.5205474428704654,1.7094443449975358,0.5450072635111075,2.7504912581190135,1.8721383168969983,-3.9823701331233936,0.6354046964645579,-0.8109705754608968,1.1745826962949082,1.6690539748132391,-0.9144148541066717,0.27482577050439677,0.7891182354195968,-5.799969235235658e-5,0.018404335823228327,0.21648097407367606,2.310915051266166,0.9496768677991972
2.238155788759841,-5.0302477132699375,1.940031217842935,1.1252473635061693,-2.952014818424252,4.83508737997913,-1.4526037678745305,-2.982100512892554,1.9706458161463916,0.5625387316254393,3.0584182761361,5.187459635482856,-0.3181133945378469,1.3900203501395245,0.3653292042684409,0.713282215343896,1.8042644205902374,-2.961678672724515,-3.6065807545542796,-0.7245519569876491,-3.069579021150088,1.311465620537033,0.8752277447118629,-0.26998563735874626,-0.13379955342824684,-0.09464851760807363,1.5350993601476788,-0.7016559175906646,2.184906679686163,0.5135877543833668,4.031536938359547,1.929167259019448,-5.264343271308826,-0.05848288000116951,-0.7688608762417591,1.6690539748132391,2.9876778513806204,-2.1893478897810157,0.2135545266486893,0.9097939461194902,-0.23148317432306956,0.47224721218646654,0.13048060558156616,3.309678699493682,-0.007553363381565378
-1.15063752115692,2.4148362820029337,-1.3166227659229006,-0.285076698765173,-0.1475281808413739,-2.30026180020724,1.0676200061791918,1.1600773982237946,-0.5359316143039112,-0.17369959607678462,-1.798666024418236,-4.013589986110412,0.04087215421880611,-1.1254748866013995,-0.6177807246367945,-1.1377341230496614,-1.138885105405735,1.2042518741739963,0.31942947538890204,0.7677588707063967,1.2769706199911321,-1.0834069693694717,-0.38608446668559127,-0.6694261183244801,-0.643180325811478,1.0072808296160043,-0.22319976827559188,0.35058581746170886,-0.9786716305336912,-0.04775025559423659,-2.3212417105611163,-0.40070647472293613,2.530968821929512,0.8946364050769129,0.07681401024119539,-0.9144148541066717,-2.1893478897810157,1.9996700388164335,0.04171900967571332,-0.3087767089645564,0.3346356672564127,-0.6595344045509243,0.08739649622100361,-1.8372937391712798,1.222494870518945
0.40715078801606375,-1.000797484639503,0.1922479636911356,0.35275116396293105,-1.3749003006109166,0.9719156660825328,-0.10232816013630336,-0.7303186956156783,0.5983385393166911,0.16064808125762808,0.4417315461257608,0.2645329423374757,-0.11991963243465435,0.04598081436251228,-0.149778748313908,-0.25856031134936225,0.22150443116708346,-0.6985355332346168,-1.4285026966067043,0.06703570467055102,-0.7093047332815599,0.032309655168570366,0.19135773567877878,-0.4563145487661643,-0.38302338005593595,0.46566995439190795,0.5637287565619544,-0.13272315114047448,0.4701222476712544,0.2024612286094558,0.6081824531232471,0.6480700672305248,-1.0451253720598805,0.42485996959741423,-0.2999235988991679,0.27482577050439677,0.2135545266486893,0.04171900967571332,0.11514320707075806,0.24540422473983928,0.06646352216520571,-0.12384754367611715,0.10153983995749041,0.5332583465598383,0.6120511851576135
1.1279468294816706,-2.6898524965947828,0.6875529690909433,0.8344645524195585,-3.0008247062022924,2.603432854115474,-0.4396320772953912,-1.842077030078698,1.4262623964384609,0.38881507627902384,1.334280579306036,1.3877940805540707,-0.2723853926034362,0.32690917965136757,-0.20637946486790892,-0.3417947883292508,0.7165517108097894,-1.7810755108500995,-3.2124740425896414,-0.0060669431022650315,-1.8194473721873616,0.2884292325642571,0.49912642093721615,-0.8714347552631065,-0.7151833321947514,0.8243546283307375,1.2873420021411857,-0.3627859140139893,1.2323187747563336,0.45573595565216146,1.8056291973918335,1.508792180384672,-2.810960028961679,0.7569998590088168,-0.676512837998552,0.7891182354195968,0.9097939461194902,-0.3087767089645564,0.24540422473983928,0.6027887851089165,0.07941357413513962,-0.14079888923051492,0.20626360515370876,1.5436602356797895,1.103969857508932
0.03186974275901928,-0.14302595489002634,-0.10596395157483654,0.13901548702202388,-0.7387332000016448,0.1459014726371549,0.11381997167564961,-0.1986092560378781,0.22756631164388605,0.05644481836572181,-0.05156413561945562,-0.4904238787055678,-0.056035367192394665,-0.15219004817133597,-0.17462928592488883,-0.31263206835128854,-0.06293604324993858,-0.17513259957655558,-0.6935687507190955,0.15503229440108285,-0.16935204280344293,-0.1527314481472601,0.03918763953040794,-0.34228872870084537,-0.3000299695354701,0.40002739403083853,0.25848638916962136,-0.014221978561051694,0.0915531216928205,0.09791814270177439,-0.04667561933814934,0.27461118766840653,-0.14791213873972592,0.36115604275345226,-0.14408576241801746,-5.799969235235658e-5,-0.23148317432306956,0.3346356672564127,0.06646352216520571,0.07941357413513962,0.0869624527164574,-0.16767184956453487,0.06653120039905791,-0.009958714495846305,0.5098868310340281
-0.03587301277543364,0.21628861959868587,0.22257709275018417,-0.2515124250575169,1.370304225132219,-0.22400296015351376,-0.23204080602978905,0.34428364495016567,-0.41048479208534494,-0.1009534035274674,0.13145166250348317,0.9881229849397444,0.1028426797696496,0.30427924598912554,0.33565588415305136,0.6014589029104989,0.13930552759593245,0.3000347772333624,1.2772997620338973,-0.30238565422225794,0.28790451428490993,0.30439870459704826,-0.06477672049305544,0.6469149471749309,0.5681833030342645,-0.7605704866521444,-0.47400964784297567,0.01928379244019104,-0.14981341929298547,-0.18024679105244215,0.1330081183845214,-0.5002839005266587,0.22306218490793323,-0.6863701448857955,0.26517984908116593,0.018404335823228327,0.47224721218646654,-0.6595344045509243,-0.12384754367611715,-0.14079888923051492,-0.16767184956453487,0.32358930592941343,-0.12488795719135722,0.055261652558025495,-0.9682831708016262
0.3259410520080348,-0.8117070280047926,0.13418360863699527,0.30055713040081145,-1.2034997312263065,0.7894058118371605,-0.06205177884021437,-0.6077016799177742,0.5084355222401463,0.13575978494058985,0.3395651311825569,0.1284384976101018,-0.10361171853682544,0.011420462741072926,-0.14644468105796749,-0.25464214017732534,0.16423134259856365,-0.5788206368931325,-1.238372955729903,0.07806959983323417,-0.5863569672138765,5.552160648207443e-4,0.1571345552109985,-0.4152679688507199,-0.35064186506976036,0.43204645927951874,0.4862063812086064,-0.10687437290075906,0.3852710772721464,0.17545759144897383,0.47150957798413884,0.5552778737698169,-0.8474123941150332,0.3935610925643336,-0.2597478212619595,0.21648097407367606,0.13048060558156616,0.08739649622100361,0.10153983995749041,0.20626360515370876,0.06653120039905791,-0.12488795719135722,0.09083481505216065,0.41845605908063055,0.5652555261675463
3.2139975408958255,-7.4776793734551275,2.3087773344764795,2.05580303182425,-6.7271231837073495,7.216667876597115,-1.6047701458487085,-4.840160785457755,3.5418670636131933,0.9811163884534491,4.0509217828329325,5.431441904270473,-0.6413130325733154,1.3816486873533154,-0.11739031305292415,-0.12904949495682966,2.2737510902758014,-4.727061762144869,-7.472796995024851,-0.450059359518692,-4.855561573824154,1.270506923179359,1.3522737266706304,-1.5972310820250868,-1.2575394560803526,1.2983683211487054,3.0488678176100135,-1.022657853856298,3.35320736252747,1.0614280798817537,5.4174247827798325,3.6523536051563745,-7.818725389684417,1.2095371476878225,-1.5792164206489627,2.310915051266166,3.309678699493682,-1.8372937391712798,0.5332583465598383,1.5436602356797895,-0.009958714495846305,0.055261652558025495,0.41845605908063055,4.547985498517956,1.8108346851227757
1.50965985013432,-3.9194493638790746,0.3228702989163206,1.6668004903301656,-7.1317452090638,3.829122555270643,0.01299927566240734,-3.163681260635579,2.801076992591768,0.7369598098038768,1.3605764188001288,-0.665722324862534,-0.5948485432155864,-0.3314954820827713,-1.0803771895701904,-1.9008309433515929,0.5627688707161794,-2.978411531383398,-7.171364663331267,0.7312714891785118,-2.997068042025626,-0.3803947564447984,0.7875425870291765,-2.6796981954678145,-2.2902820139906845,2.898089322879373,2.7811475377259693,-0.5044787653548269,1.9196367329922548,1.015098361399238,1.9512713262402555,3.1245490542299392,-4.088522415251283,2.6318251489932827,-1.5008194225454452,0.9496768677991972,-0.007553363381565378,1.222494870518945,0.6120511851576135,1.103969857508932,0.5098868310340281,-0.9682831708016262,0.5652555261675463,1.8108346851227757,3.7580674028293277
