V1,V2,V3,V4,V5,V6,V7,V8,V9,V10,V11,V12,V13,V14,V15,V16,V17,V18,V19,V20,V21,V22,V23,V24,V25,V26,V27,V28,V29,V30,V31,V32,V33,V34,V35,V36,V37,V38,V39,V40,V41,V42,V43
0.1775628709970169,0.4544804367546242,-0.04075838372579638,-0.10889361191485318,0.011283207551589815,-0.17768388122096992,0.0048119987400880556,0.14388799740049638,0.5404078507337352,-0.05297019942130236,-0.05645333470807365,-0.0030694672295608068,0.20981719222032513,0.10999174971654682,0.04305978896009912,-0.26644511915160657,-0.7426824935811226,-0.16364363657915632,0.1369098278440983,-0.08044041763819959,-0.013366229057602838,0.3189245717728172,-0.35290595479644454,-0.04806881918042047,0.09390050914414715,0.26697830518907356,0.17722053263408022,-0.2563933147316462,0.05303562975998502,0.16701883387261507,-0.49592822459547686,-0.2575398427551962,-0.44033207101097216,-0.2580600185335664,-0.26816697276193713,0.27751979119052395,-0.13413878883043034,0.04196665671336274,0.28844251730724335,-0.00980298016723589,0.03120594767636085,-0.05036783099274512,0.07530515084557052
0.4544804367546242,1.4099149532310677,0.19282792515529112,-0.6666567425924836,0.24619825830524336,-0.16875854372438182,0.15933082972072463,-0.04192877989357334,2.036396717988472,-0.4798863780221204,-0.24378852430328374,0.19502078207617335,0.48408956695613287,-0.09134752022928658,-0.4281851748630644,-0.46491627164663757,-2.0665336218963835,-0.3010575467282583,0.5415149213836569,-0.026998497896639793,0.1615767359195231,0.8453927182334263,-0.7994052215962013,-0.20217441265993563,0.1519138963763675,0.48900717056891857,0.33685727981589303,-0.5739601223547975,-0.2742885984374633,0.6695574426354514,-1.6269825440089192,-0.5208204601372058,-1.3128311669681352,-1.4409701596658953,-0.7027087894131011,1.1810003562225095,-0.2064510828501644,0.1787915865734798,0.35845167825982294,-0.5907661264379221,-0.032370110582550904,-0.027552619978250432,0.18847193009430732
-0.04075838372579638,0.19282792515529112,0.8593159640828689,-0.33523574768920733,0.3077044837628572,0.49747217539572997,-0.029559603121249962,-0.6385626198895303,0.653409458689926,-0.6413642134855034,-0.4277039552994938,0.21130412299054505,-0.35027902066583344,-0.42851847423104844,-0.7507629339668257,0.652120734390234,-0.054853110249432235,0.35272433871072445,0.33635273512912917,-0.041250767763520775,-0.2862181336520645,0.05339529011162914,0.7769280236944404,-0.16072776190559215,0.10868017484079022,-0.2791328544467985,-0.575842702144095,0.9251759955081876,-0.9617581673025807,-0.582723621746038,-0.21780552055507482,0.3257881535083442,-0.0048719825684559745,-0.5708993938553968,-0.28306947084101103,0.7439739617676093,0.6513069738747469,-0.02025651099464752,-0.36050692969793235,-1.5249431981292123,-0.6479297399992201,-0.03920281591699518,-0.030364689041258226
-0.10889361191485318,-0.6666567425924836,-0.33523574768920733,1.1615829341103876,0.049450726089814705,-0.024136589204280308,0.17552922836690157,0.2729220213619562,-1.4476099346856377,0.28587220936121044,-0.34987277476725387,-0.17947388369195144,-0.5419570417373863,0.42519408856187146,1.1773147394712382,-0.5168521101933952,0.8281525148721793,-0.49099522218899383,-0.845229647507406,-0.25524587803506,-0.8866654294936728,-0.5564341955018574,0.43441839699906254,0.07078369670583072,0.6871401048680423,0.3093244054738569,0.01009954011867399,0.0778422846256868,0.47706393159880506,-1.1212655570351548,1.2039127844584991,-0.22322070762586804,1.5501407839694639,1.9719471205598853,0.4989215468490466,-1.1100334404050147,0.0709799450737932,-0.8957753922304776,0.11685044188577305,0.7423109763566688,0.3983351439833221,-0.5737760209895983,-0.018832532775010093
0.011283207551589815,0.24619825830524336,0.3077044837628572,0.049450726089814705,0.5812997916614013,0.5561915160218124,0.5649021411218683,-0.647425521912813,0.5777574221819244,-0.5728558213405961,-0.5382872369743332,0.3348548093423281,-0.4739427294197471,-0.4738982843108295,-0.19227372714275134,-0.14999377138834968,-0.06020058498112628,-0.27851957314229,-0.2602742316923823,0.21150064594515847,-0.2555402594098192,-0.28574759987949866,0.36363149344943124,-0.15507294917007589,0.43074838207249844,-0.041672953197660796,-0.11153014838588392,-0.008094959996775869,-0.4565904707904351,-0.20369085527557834,-0.07205958246428401,-0.03796283858933129,0.7082995806820429,-0.29594752981908956,0.32661288167096586,0.2454618564446622,0.24858050560337652,-0.6093810084032191,-0.6956721246037662,-0.5648505529610782,0.19759485107105138,-0.277951932727394,0.018233222584487976
-0.17768388122096992,-0.16875854372438182,0.49747217539572997,-0.024136589204280308,0.5561915160218124,0.7799722005354396,0.4804735597725288,-0.8767769929667734,0.20188167175877106,-0.594795847938656,-0.4523133251914054,0.3608159740790647,-0.6515414175089722,-0.6674847632586709,-0.4771157549095656,0.3207325711366133,0.6549738576865421,0.04135611984144623,-0.23378786055187145,0.3031844817691783,-0.15826989798867808,-0.536203308625441,0.7892214118539812,-0.12220993190488358,0.223110941865972,-0.4109169117910114,-0.38818811906186296,0.4122776417381528,-0.6789163841656899,-0.32960404828330364,0.3039117941825358,0.3253489965818473,0.9431372089439745,-0.3049440519653904,0.48782951224298243,0.16590373210619197,0.46620635169487895,-0.4965368311437392,-1.0169270076292614,-0.8296017474217732,-0.004520428785765968,-0.1356426044757836,-0.06864624471984036
0.0048119987400880556,0.15933082972072463,-0.029559603121249962,0.17552922836690157,0.5649021411218683,0.4804735597725288,0.7134184760191127,-0.5325142773915965,0.37473883166378946,-0.3948637949313606,-0.4154338279702874,0.32514576974313175,-0.41884559632216967,-0.42795540712444735,0.05475147210312054,-0.43479891300940016,0.05368095138683274,-0.4640053632954195,-0.4716236225375085,0.3248625466673222,-0.10270707057856115,-0.41641661299690613,0.09500341862993554,-0.10570664458974689,0.4140531348361269,0.012580625540886037,0.12237659791458637,-0.44586980807671783,-0.1175016824734844,0.09640496215050785,0.04235189181360319,-0.14593664953078792,0.8760739546366891,-0.1637431924133324,0.5818113434003724,-0.059335429686113654,-0.004719785643165496,-0.6998411617976055,-0.7592630950802238,0.035805272372593594,0.5528475537033369,-0.27597567952707347,0.023865746188911737
0.14388799740049638,-0.04192877989357334,-0.6385626198895303,0.2729220213619562,-0.647425521912813,-0.8767769929667734,-0.5325142773915965,1.045957549782911,-0.6450534549251732,0.7667730387625853,0.48254287534600804,-0.4569903145612534,0.6120437902521103,0.8356164481457151,0.7696651822901364,-0.4062557012623349,-0.4258241111079979,-0.09833869783791335,0.08184783113352158,-0.38220950811887083,0.02583293316906359,0.444667074889664,-0.7582529699407297,0.16871377782624392,-0.1589224514374606,0.4724338926414305,0.4140249991579481,-0.4075662381118646,0.8750751656027453,0.138349835837387,-0.007016342800538417,-0.35913128960517915,-0.7077964418957917,0.790999675531015,-0.41122641057305925,-0.4739788920347357,-0.5016499458712159,0.4068659197971924,1.1429143920449216,1.118859307486723,0.07301448927017094,0.06611896842982194,0.058180173330167596
0.5404078507337352,2.036396717988472,0.653409458689926,-1.4476099346856377,0.5777574221819244,0.20188167175877106,0.37473883166378946,-0.6450534549251732,3.42110823337465,-1.055632642415289,-0.35565135067717984,0.528436914088801,0.5552765236224587,-0.6836363180553194,-1.3835684258832552,-0.17395352024468486,-2.6955873585136914,-0.1180622310489235,0.9848350954330725,0.2662147284502035,0.5914479353258819,1.0667447349539116,-0.8422142986749986,-0.3553647090052496,-0.04690122893158836,0.24828937742698443,0.23459707417110623,-0.5838684339505692,-0.9257435223971289,1.2772190218033046,-2.5179587551156337,-0.3830827412820767,-1.9577548695322569,-2.9967112066325856,-0.8734540208182222,2.135677778690281,-0.07207303054440264,0.4229146109117614,-0.14562379770447348,-1.5245292636918892,-0.22332725192441502,0.1910727365829515,0.21329129272195088
-0.05297019942130236,-0.4798863780221204,-0.6413642134855034,0.28587220936121044,-0.5728558213405961,-0.594795847938656,-0.3948637949313606,0.7667730387625853,-1.055632642415289,0.7666826480058418,0.5678041483381633,-0.3687550309030222,0.38760212297748164,0.5712101330135454,0.6117019131190398,-0.1643421812123642,0.37782490571349625,0.03973262280699796,-0.09398752491071315,-0.15243365502013698,0.21135294368701432,0.036084707672136875,-0.4653000509600367,0.21018777145733208,-0.3136991913250609,0.11971528556158509,0.2898521382134173,-0.3198885869072927,0.814008875775033,0.22301265928081923,0.4377444134178673,-0.0717545088497623,-0.2195104899583296,0.7943318410684059,0.012322910643668224,-0.7289821651216076,-0.4282589869970581,0.3473541659510859,0.6218326715763841,1.1938990656536677,0.17569750723790536,0.16971083368089268,-0.02341590271847486
-0.05645333470807365,-0.24378852430328374,-0.4277039552994938,-0.34987277476725387,-0.5382872369743332,-0.4523133251914054,-0.4154338279702874,0.48254287534600804,-0.35565135067717984,0.5678041483381633,0.7605108220777225,-0.22075159986257015,0.5800148463208251,0.21450318073985,-0.1140735560846208,0.20724864863037573,0.19108429675204988,0.3530526253097104,0.30384718685897316,0.07880218102468381,0.7464079722491548,0.18930747969698702,-0.5728618357920414,0.17150834593572967,-0.7208308972843018,-0.17759777224378717,0.22665299068065037,-0.3222615296113763,0.4907471636703274,0.852381950025003,-0.08557940711317391,0.15070577938994273,-0.8748390791958899,-0.31809942819256776,-0.109412536003096,-0.18222754033686261,-0.4164259066787895,0.7939535663945392,0.33675604765665024,0.7594320594224092,-0.010188012069499213,0.5092558716397405,-0.03988330645598053
-0.0030694672295608068,0.19502078207617335,0.21130412299054505,-0.17947388369195144,0.3348548093423281,0.3608159740790647,0.32514576974313175,-0.4569903145612534,0.528436914088801,-0.3687550309030222,-0.22075159986257015,0.2394176139756384,-0.19894685253065425,-0.3892334730729119,-0.33646776566140424,0.02348635802625452,-0.06192949300612179,-0.06267432603665044,-0.03387197616377756,0.2141499968518101,0.06198818637989348,-0.13139676455481006,0.14773229105523447,-0.09210676531874272,0.09291732431140823,-0.13073820667984726,-0.06464449019441872,-0.043363713182967535,-0.3334684499632928,0.13376493268291212,-0.19332288408793233,0.05438228168348844,0.2013956376411583,-0.532710599561515,0.1790656930285344,0.28820132820424416,0.11850486036454544,-0.1980338693540609,-0.5060843885124235,-0.4037192706000672,0.08413599109685684,-0.03570019422757209,0.0022630159226191275
0.20981719222032513,0.48408956695613287,-0.35027902066583344,-0.5419570417373863,-0.4739427294197471,-0.6515414175089722,-0.41884559632216967,0.6120437902521103,0.5552765236224587,0.38760212297748164,0.5800148463208251,-0.19894685253065425,0.8359907416108426,0.3395663047883112,-0.13167421707560123,-0.1162307321529581,-0.969272656182982,0.1377116732526949,0.5558021297383163,-0.07610332874904978,0.6367318726889852,0.6932141050601608,-0.980414045262506,0.07537494133081656,-0.5295103041286586,0.21066397543594736,0.40446161223914795,-0.5495011181224833,0.423802218568204,0.9627451187865608,-0.8613409490626893,-0.20534631222111552,-1.52502262467248,-0.7447519506732315,-0.5750223850392516,0.3513366416904293,-0.5118823705820442,0.8268226269389949,0.751927752805042,0.4972009467534964,-0.0692188563392145,0.39947010090440954,0.07278048781565279
0.10999174971654682,-0.09134752022928658,-0.42851847423104844,0.42519408856187146,-0.4738982843108295,-0.6674847632586709,-0.42795540712444735,0.8356164481457151,-0.6836363180553194,0.5712101330135454,0.21450318073985,-0.3892334730729119,0.3395663047883112,0.7425023652219647,0.7810190778972564,-0.35636963697362506,-0.28219122584684336,-0.14467783012861302,-0.03487203022548279,-0.4200119903464146,-0.2729587974008607,0.3079958612605835,-0.40677684943713865,0.12010753059612618,0.07297354733190968,0.4556000635957978,0.24317387240301194,-0.13579719609716426,0.6463562766085453,-0.2836057169235821,0.17227129077501618,-0.3207148883748737,-0.29202228737664715,1.001850225847394,-0.3417248127404424,-0.4617139869958615,-0.2752848303926758,0.12970756101913972,0.9759956030815461,0.7727193860003111,0.004092280312798065,-0.10382034683460967,0.04841963046096448
0.04305978896009912,-0.4281851748630644,-0.7507629339668257,1.1773147394712382,-0.19227372714275134,-0.4771157549095656,0.05475147210312054,0.7696651822901364,-1.3835684258832552,0.6117019131190398,-0.1140735560846208,-0.33646776566140424,-0.13167421707560123,0.7810190778972564,1.525678226209074,-0.9308761933356394,0.2633227870062506,-0.68550530247621555,-0.7921017218107973,-0.3558469666662435,-0.7301526208027427,-0.24851009391634646,-0.21975600281286944,0.13010513176956157,0.6183018881307196,0.6335474566775829,0.3882222200610098,-0.4598627351261937,0.9750753972725777,-0.7242011537178359,0.9001992188951982,-0.5364311340427306,1.02583244237874,2.0359697274609103,0.3079621628257073,-1.210107431133352,-0.33337409384128963,-0.7092388203006694,0.6453120418669848,1.4180868496670151,0.6104698824466945,-0.5334582030593727,0.0478841309994602
-0.26644511915160657,-0.46491627164663757,0.652120734390234,-0.5168521101933952,-0.14999377138834968,0.3207325711366133,-0.43479891300940016,-0.4062557012623349,-0.17395352024468486,-0.1643421812123642,0.20724864863037573,0.02348635802625452,-0.1162307321529581,-0.35636963697362506,-0.9308761933356394,1.1800710687394969,0.8405535592806347,0.8646341550791432,0.4993263940368365,0.050683632468444324,0.258119712562195,-0.08171957984767425,0.7697936888690081,0.014349318507641626,-0.5567064395361045,-0.7018905683089601,-0.6517151360460727,1.0824016706574333,-0.708741561551825,-0.19738364896604216,0.21483044603818924,0.740248001987613,-0.29744940887581156,-0.5428894340379121,-0.18212704076080613,0.38176789024546715,0.5332749931575246,0.6018307038476988,-0.33441579973418945,-1.0734512437201729,-0.8065284506377939,0.41400928299499706,-0.1420068530047143
-0.7426824935811226,-2.0665336218963835,-0.054853110249432235,0.8281525148721793,-0.06020058498112628,0.6549738576865421,0.05368095138683274,-0.4258241111079979,-2.6955873585136914,0.37782490571349625,0.19108429675204988,-0.06192949300612179,-0.969272656182982,-0.28219122584684336,0.2633227870062506,0.8405535592806347,3.274583288467834,0.4751344277367877,-0.8573793148418793,0.27590376141987116,-0.15283995097322534,-1.4805842627812436,1.4553135182679837,0.2296077668376084,-0.19705900629665335,-0.9633557691700317,-0.6356608284775868,0.9185949713607822,0.05384899126398294,-0.9065950053002174,2.389195940620532,0.9342144323688164,2.253223946043588,1.6815460739395018,1.2896375809793548,-1.5560527991384023,0.47526241145592035,-0.4316370396200408,-1.1165004528843996,0.4715946747302691,0.09152927199849087,0.047392721507902066,-0.30668119212936734
-0.16364363657915632,-0.3010575467282583,0.35272433871072445,-0.49099522218899383,-0.27851957314229,0.04135611984144623,-0.4640053632954195,-0.09833869783791335,-0.1180622310489235,0.03973262280699796,0.3530526253097104,-0.06267432603665044,0.1377116732526949,-0.14467783012861302,-0.68550530247621555,0.8646341550791432,0.4751344277367877,0.7012347535813724,0.4962063012783343,0.013230167814475466,0.3714770249368397,0.09064389346636331,0.3220995574577297,0.04884344931414049,-0.5832427165924342,-0.4845965066796861,-0.3783682767973577,0.6679297523499357,-0.3639257130802202,0.09840259762273416,0.017342943798307014,0.5171666890201935,-0.5908994363345195,-0.5102432867736267,-0.26054398426744335,0.29374865963960506,0.2483838314955286,0.6856504180057132,-0.034224724210425654,-0.5834400625233468,-0.6117285432915895,0.42939437968719346,-0.09576639573154376
0.1369098278440983,0.5415149213836569,0.33635273512912917,-0.845229647507406,-0.2602742316923823,-0.23378786055187145,-0.4716236225375085,0.08184783113352158,0.9848350954330725,-0.09398752491071315,0.30384718685897316,-0.03387197616377756,0.5558021297383163,-0.03487203022548279,-0.7921017218107973,0.4993263940368365,-0.8573793148418793,0.4962063012783343,0.839426366717777,-0.07577872902575677,0.48300633153998646,0.689408475461951,-0.3202069086028114,-0.03655636371563061,-0.5283987358920436,-0.09694495431505173,-0.08733726310718377,0.23228281477330792,-0.3502487555437212,0.5426922353518033,-0.96718751223936406,0.13213075073606445,-1.5266226993005052,-1.230210176315914,-0.7609169921829192,0.9129921759235836,0.016287401508441986,0.8749853345753308,0.4073262301101438,-0.7093693859361317,-0.6101665611880156,0.4279518225678509,0.029305272914881837
-0.08044041763819959,-0.026998497896639793,-0.041250767763520775,-0.25524587803506,0.21150064594515847,0.3031844817691783,0.3248625466673222,-0.38220950811887083,0.2662147284502035,-0.15243365502013698,0.07880218102468381,0.2141499968518101,-0.07610332874904978,-0.4200119903464146,-0.3558469666662435,0.050683632468444324,0.27590376141987116,0.013230167814475466,-0.07577872902575677,0.37585174189735815,0.4257863690324705,-0.25700863142835945,-0.04292050951489076,-0.01588428593219503,-0.18267899581209956,-0.2838708205172831,0.05876153586618472,-0.3030959807566101,-0.09138033710230678,0.5688081509536351,-0.0657064722354525,0.1490498969855724,0.14944990080784226,-0.6371402692960447,0.3881390066658282,0.06059573406060777,-0.0826488529876916,-0.013739287598963406,-0.6291646435309357,0.06367740953433397,0.2616680656395959,0.1575923006961751,-0.03184021772267055
-0.013366229057602838,0.1615767359195231,-0.2862181336520645,-0.8866654294936728,-0.2555402594098192,-0.15826989798867808,-0.10270707057856115,0.02583293316906359,0.5914479353258819,0.21135294368701432,0.7464079722491548,0.06198818637989348,0.6367318726889852,-0.2729587974008607,-0.7301526208027427,0.258119712562195,-0.15283995097322534,0.3714770249368397,0.48300633153998646,0.4257863690324705,1.211111798996944,0.2227077324355504,-0.7558180708131684,0.08365684710000178,-0.8936360493201683,-0.37071590155930406,0.29427193889911096,-0.6318382093611208,0.18534807811461215,1.5561663806174362,-0.6763076932538931,0.21410431619494716,-1.1984679562408764,-1.4855040479223387,-0.009398528455309207,0.3519669648811707,-0.4727867949538657,0.8973165378241053,-0.19187479665928986,0.42297216020236,0.10669252056072338,0.6868843087843947,-0.02400083045743857
0.3189245717728172,0.8453927182334263,0.05339529011162914,-0.5564341955018574,-0.28574759987949866,-0.536203308625441,-0.41641661299690613,0.444667074889664,1.0667447349539116,0.036084707672136875,0.18930747969698702,-0.13139676455481006,0.6932141050601608,0.3079958612605835,-0.24851009391634646,-0.08171957984767425,-1.4805842627812436,0.09064389346636331,0.689408475461951,-0.25700863142835945,0.2227077324355504,0.8964564477976775,-0.7247163349747427,-0.0425345454297548,-0.21408313355416317,0.36748762084582626,0.21457015877232508,-0.18127721047540946,0.012169546730857551,0.46572256281132574,-1.1432512517543938,-0.29554310977870624,-1.570259584509096,-0.8155772421336993,-0.8916004205107707,0.7803993684799797,-0.2196012177726702,0.6477974554995243,0.8615968820058746,-0.25558792744573305,-0.3560801884258578,0.18986858816590174,0.11792887324550251
-0.35290595479644454,-0.7994052215962013,0.7769280236944404,0.43441839699906254,0.36363149344943124,0.7892214118539812,0.09500341862993554,-0.7582529699407297,-0.8422142986749986,-0.4653000509600367,-0.5728618357920414,0.14773229105523447,-0.980414045262506,-0.40677684943713865,-0.21975600281286944,0.7697936888690081,1.4553135182679837,0.3220995574577297,-0.3202069086028114,-0.04292050951489076,-0.7558180708131684,-0.7247163349747427,1.5593218522559864,-0.07072884797379626,0.365138446823766,-0.5120509604818987,-0.8469587049020474,1.3539389646405784,-0.8359067823223781,-1.440210016719326,1.1259484058220808,0.5836504351468823,1.5007092506834956,0.811086095075121,0.38795999766759875,-0.21340528112157212,0.912316964093891,-0.5944409532624466,-0.7746970254199453,-1.186693741399562,-0.48135367781764893,-0.2870982030811203,-0.14855044387911864
-0.04806881918042047,-0.20217441265993563,-0.16072776190559215,0.07078369670583072,-0.15507294917007589,-0.12220993190488358,-0.10570664458974689,0.16871377782624392,-0.3553647090052496,0.21018777145733208,0.17150834593572967,-0.09210676531874272,0.07537494133081656,0.12010753059612618,0.13010513176956157,0.014349318507641626,0.2296077668376084,0.04884344931414049,-0.03655636371563061,-0.01588428593219503,0.08365684710000178,-0.0425345454297548,-0.07072884797379626,0.06594272849898175,-0.11822380472856958,-0.02756040442585039,0.04733863644329739,-0.04602940635171979,0.2007505895092554,0.06064940773506088,0.1882076116906298,0.03579505354572549,-0.0040382098973062485,0.2159919741356251,0.05063539537454355,-0.2276858603651642,-0.09458262626421919,0.10206573933156382,0.10281857890963243,0.3139140759947456,0.039576438838377144,0.06830812630361228,-0.02075397483061802
0.09390050914414715,0.1519138963763675,0.10868017484079022,0.6871401048680423,0.43074838207249844,0.223110941865972,0.4140531348361269,-0.1589224514374606,-0.04690122893158836,-0.3136991913250609,-0.7208308972843018,0.09291732431140823,-0.5295103041286586,0.07297354733190968,0.6183018881307196,-0.5567064395361045,-0.19705900629665335,-0.5832427165924342,-0.5283987358920436,-0.18267899581209956,-0.8936360493201683,-0.21408313355416317,0.365138446823766,-0.11822380472856958,0.8647131174023395,0.40996668826419397,-0.028849662709426814,0.055003555143932174,-0.09324903294467715,-0.9412553403526569,0.29292287763963243,-0.36017473375466824,1.06615549137528,0.9026514324026101,0.18083141736075767,-0.20711622433410232,0.22545828318678032,-0.9474703021907921,-0.06555915937090365,-0.17614038826651812,0.2467755165112119,-0.6380278991941872,0.06428711925597874
0.26697830518907356,0.48900717056891857,-0.2791328544467985,0.3093244054738569,-0.041672953197660796,-0.4109169117910114,0.012580625540886037,0.4724338926414305,0.24828937742698443,0.11971528556158509,-0.17759777224378717,-0.13073820667984726,0.21066397543594736,0.4556000635957978,0.6335474566775829,-0.7018905683089601,-0.9633557691700317,-0.4845965066796861,-0.09694495431505173,-0.2838708205172831,-0.37071590155930406,0.36748762084582626,-0.5120509604818987,-0.02756040442585039,0.40996668826419397,0.6263013240683485,0.3521296527528305,-0.4461680772231679,0.38538702269353897,-0.14839243015500628,-0.3480718416724447,-0.5603469075245935,-0.20502814387286847,0.4488385283283789,-0.2979978726718539,-0.0339471423621669,-0.2594497900131599,-0.23896446476073463,0.6687423473589614,0.4156832969067463,0.22095648267057325,-0.30541670389868325,0.1247116015872856
0.17722053263408022,0.33685727981589303,-0.575842702144095,0.01009954011867399,-0.11153014838588392,-0.38818811906186296,0.12237659791458637,0.4140249991579481,0.23459707417110623,0.2898521382134173,0.22665299068065037,-0.06464449019441872,0.40446161223914795,0.24317387240301194,0.3882222200610098,-0.6517151360460727,-0.6356608284775868,-0.3783682767973577,-0.08733726310718377,0.05876153586618472,0.29427193889911096,0.21457015877232508,-0.8469587049020474,0.04733863644329739,-0.028849662709426814,0.3521296527528305,0.5495312005054978,-0.9165855571197544,0.6102432624525839,0.702908602135332,-0.3908836507173231,-0.41100051439309554,-0.40071541504310904,-0.1145886276459601,0.01937141394378178,-0.15059964729686542,-0.5590410284106462,0.051378192059167285,0.3187367532335631,0.937802876629423,0.5067302548541905,0.02198232731741945,0.08451968188204279
-0.2563933147316462,-0.5739601223547975,0.9251759955081876,0.0778422846256868,-0.008094959996775869,0.4122776417381528,-0.44586980807671783,-0.4075662381118646,-0.5838684339505692,-0.3198885869072927,-0.3222615296113763,-0.043363713182967535,-0.5495011181224833,-0.13579719609716426,-0.4598627351261937,1.0824016706574333,0.9185949713607822,0.6679297523499357,0.23228281477330792,-0.3030959807566101,-0.6318382093611208,-0.18127721047540946,1.3539389646405784,-0.04602940635171979,0.055003555143932174,-0.4461680772231679,-0.9165855571197544,1.6555886707677543,-0.8984511391352032,-1.3782836251525648,0.6720453056986884,0.6184988158837149,0.4590886063536347,0.5070102678733656,-0.2705697166919826,0.19745043609081356,0.9197479160755637,0.028959323096134266,-0.12332447410500656,-1.4985371312775944,-0.9946981918537456,-0.058664922717071535,-0.12754584158898066
0.05303562975998502,-0.2742885984374633,-0.9617581673025807,0.47706393159880506,-0.4565904707904351,-0.6789163841656899,-0.1175016824734844,0.8750751656027453,-0.9257435223971289,0.814008875775033,0.4907471636703274,-0.3334684499632928,0.423802218568204,0.6463562766085453,0.9750753972725777,-0.708741561551825,0.05384899126398294,-0.3639257130802202,-0.3502487555437212,-0.09138033710230678,0.18534807811461215,0.012169546730857551,-0.8359067823223781,0.2007505895092554,-0.09324903294467715,0.38538702269353897,0.6102432624525839,-0.8984511391352032,1.1318269283900957,0.4423148666629481,0.3299834600382838,-0.386010943114244,-0.03927573109886422,0.9159164765243822,0.1895962852633601,-0.90358666740193,-0.6989940219518842,0.05999302548211604,0.637178050882173,1.7218911361073257,0.616777271962926,0.010407628758483218,0.03559719400238321
0.16701883387261507,0.6695574426354514,-0.582723621746038,-1.1212655570351548,-0.20369085527557834,-0.32960404828330364,0.09640496215050785,0.138349835837387,1.2772190218033046,0.22301265928081923,0.852381950025003,0.13376493268291212,0.9627451187865608,-0.2836057169235821,-0.7242011537178359,-0.19738364896604216,-0.9065950053002174,0.09840259762273416,0.5426922353518033,0.5688081509536351,1.5561663806174362,0.46572256281132574,-1.440210016719326,0.06064940773506088,-0.9412553403526569,-0.14839243015500628,0.702908602135332,-1.3782836251525648,0.4423148666629481,2.2952003504794356,-1.2988767515151245,-0.09024810065019104,-1.6993459799205952,-2.0885558418271035,-0.04649630575442089,0.5604507447838927,-0.8661620864352615,0.9764284831096816,-0.11685429102852692,0.8414002280626577,0.4630776550504876,0.749162083886729,0.05714985100732789
-0.49592822459547686,-1.6269825440089192,-0.21780552055507482,1.2039127844584991,-0.07205958246428401,0.3039117941825358,0.04235189181360319,-0.007016342800538417,-2.5179587551156337,0.4377444134178673,-0.08557940711317391,-0.19332288408793233,-0.8613409490626893,0.17227129077501618,0.9001992188951982,0.21483044603818924,2.389195940620532,0.017342943798307014,-0.96718751223936406,-0.0657064722354525,-0.6763076932538931,-1.1432512517543938,1.1259484058220808,0.1882076116906298,0.29292287763963243,-0.3480718416724447,-0.3908836507173231,0.6720453056986884,0.3299834600382838,-1.2988767515151245,2.1397405700339043,0.4118810531743125,2.1811038596389607,2.2705249661519114,0.9664161805676024,-1.5811044718889835,0.3396082441841621,-0.7444230796894644,-0.45302903217374285,0.6977005700289535,0.21347518709784993,-0.3203682625786135,-0.19039321583586571
-0.2575398427551962,-0.5208204601372058,0.3257881535083442,-0.22322070762586804,-0.03796283858933129,0.3253489965818473,-0.14593664953078792,-0.35913128960517915,-0.3830827412820767,-0.0717545088497623,0.15070577938994273,0.05438228168348844,-0.20534631222111552,-0.3207148883748737,-0.5364311340427306,0.740248001987613,0.9342144323688164,0.5171666890201935,0.13213075073606445,0.1490498969855724,0.21410431619494716,-0.29554310977870624,0.5836504351468823,0.03579505354572549,-0.36017473375466824,-0.5603469075245935,-0.41100051439309554,0.6184988158837149,-0.386010943114244,-0.09024810065019104,0.4118810531743125,0.5464828914605856,0.1741626691516694,-0.21197824248222408,0.16379764467055827,0.010753931572945196,0.3222953470235612,0.254899959914336,-0.4670085046855881,-0.4863408548227074,-0.350015785189421,0.2593466459762659,-0.12239855598354288
-0.44033207101097216,-1.3128311669681352,-0.0048719825684559745,1.5501407839694639,0.7082995806820429,0.9431372089439745,0.8760739546366891,-0.7077964418957917,-1.9577548695322569,-0.2195104899583296,-0.8748390791958899,0.2013956376411583,-1.52502262467248,-0.29202228737664715,1.02583244237874,-0.29744940887581156,2.253223946043588,-0.5908994363345195,-1.5266226993005052,0.14944990080784226,-1.1984679562408764,-1.570259584509096,1.5007092506834956,-0.0040382098973062485,1.06615549137528,-0.20502814387286847,-0.40071541504310904,0.4590886063536347,-0.03927573109886422,-1.6993459799205952,2.1811038596389607,0.1741626691516694,3.3780406900929507,2.3061864944968313,1.4890007882078116,-1.5065958271574464,0.5612381590146718,-1.784030071846859,-1.2468840590065933,0.29742306231049986,0.685608861875732,-0.8514938455520596,-0.139676756104442
-0.2580600185335664,-1.4409701596658953,-0.5708993938553968,1.9719471205598853,-0.29594752981908956,-0.3049440519653904,-0.1637431924133324,0.790999675531015,-2.9967112066325856,0.7943318410684059,-0.31809942819256776,-0.532710599561515,-0.7447519506732315,1.001850225847394,2.0359697274609103,-0.5428894340379121,1.6815460739395018,-0.5102432867736267,-1.230210176315914,-0.6371402692960447,-1.4855040479223387,-0.8155772421336993,0.811086095075121,0.2159919741356251,0.9026514324026101,0.4488385283283789,-0.1145886276459601,0.5070102678733656,0.9159164765243822,-2.0885558418271035,2.2705249661519114,-0.21197824248222408,2.3061864944968313,3.682405692523241,0.5932247571491458,-2.023656791356875,0.16272066779143843,-1.1322415099605843,0.6149245525090935,1.3115845895482494,0.3367858188447077,-0.8120157438620998,-0.07475538841951909
-0.26816697276193713,-0.7027087894131011,-0.28306947084101103,0.4989215468490466,0.32661288167096586,0.48782951224298243,0.5818113434003724,-0.41122641057305925,-0.8734540208182222,0.012322910643668224,-0.109412536003096,0.1790656930285344,-0.5750223850392516,-0.3417248127404424,0.3079621628257073,-0.18212704076080613,1.2896375809793548,-0.26054398426744335,-0.7609169921829192,0.3881390066658282,-0.009398528455309207,-0.8916004205107707,0.38795999766759875,0.05063539537454355,0.18083141736075767,-0.2979978726718539,0.01937141394378178,-0.2705697166919826,0.1895962852633601,-0.04649630575442089,0.9664161805676024,0.16379764467055827,1.4890007882078116,0.5932247571491458,1.019863541777146,-0.8138630333910254,-0.01735773747596284,-0.6682868320603711,-0.9310216164740284,0.6245487599728056,0.6430566423690025,-0.1583310714626996,-0.09074932184105376
0.27751979119052395,1.1810003562225095,0.7439739617676093,-1.1100334404050147,0.2454618564446622,0.16590373210619197,-0.059335429686113654,-0.4739788920347357,2.135677778690281,-0.7289821651216076,-0.18222754033686261,0.28820132820424416,0.3513366416904293,-0.4617139869958615,-1.210107431133352,0.38176789024546715,-1.5560527991384023,0.29374865963960506,0.9129921759235836,0.06059573406060777,0.3519669648811707,0.7803993684799797,-0.21340528112157212,-0.2276858603651642,-0.20711622433410232,-0.0339471423621669,-0.15059964729686542,0.19745043609081356,-0.90358666740193,0.5604507447838927,-1.5811044718889835,0.010753931572945196,-1.5065958271574464,-2.023656791356875,-0.8138630333910254,1.590452131299268,0.21609695336540083,0.5521275017731369,-0.009899560806448349,-1.5291717923000756,-0.603212483539287,0.2500759213892746,0.09354860347609051
-0.13413878883043034,-0.2064510828501644,0.6513069738747469,0.0709799450737932,0.24858050560337652,0.46620635169487895,-0.004719785643165496,-0.5016499458712159,-0.07207303054440264,-0.4282589869970581,-0.4164259066787895,0.11850486036454544,-0.5118823705820442,-0.2752848303926758,-0.33337409384128963,0.5332749931575246,0.47526241145592035,0.2483838314955286,0.016287401508441986,-0.0826488529876916,-0.4727867949538657,-0.2196012177726702,0.912316964093891,-0.09458262626421919,0.22545828318678032,-0.2594497900131599,-0.5590410284106462,0.9197479160755637,-0.6989940219518842,-0.8661620864352615,0.3396082441841621,0.3222953470235612,0.5612381590146718,0.16272066779143843,-0.01735773747596284,0.21609695336540083,0.6236641041408277,-0.250340952568444,-0.3615647647257447,-1.0818987658946175,-0.47140896372256896,-0.15775322363585312,-0.061605046437244265
0.04196665671336274,0.1787915865734798,-0.02025651099464752,-0.8957753922304776,-0.6093810084032191,-0.4965368311437392,-0.6998411617976055,0.4068659197971924,0.4229146109117614,0.3473541659510859,0.7939535663945392,-0.1980338693540609,0.8268226269389949,0.12970756101913972,-0.7092388203006694,0.6018307038476988,-0.4316370396200408,0.6856504180057132,0.8749853345753308,-0.013739287598963406,0.8973165378241053,0.6477974554995243,-0.5944409532624466,0.10206573933156382,-0.9474703021907921,-0.23896446476073463,0.051378192059167285,0.028959323096134266,0.05999302548211604,0.9764284831096816,-0.7444230796894644,0.254899959914336,-1.784030071846859,-1.1322415099605843,-0.6682868320603711,0.5521275017731369,-0.250340952568444,1.267706625000792,0.5537570371900573,-0.03768660385131337,-0.5257579706532628,0.7092751456063128,-0.01717764156275375
0.28844251730724335,0.35845167825982294,-0.36050692969793235,0.11685044188577305,-0.6956721246037662,-1.0169270076292614,-0.7592630950802238,1.1429143920449216,-0.14562379770447348,0.6218326715763841,0.33675604765665024,-0.5060843885124235,0.751927752805042,0.9759956030815461,0.6453120418669848,-0.33441579973418945,-1.1165004528843996,-0.034224724210425654,0.4073262301101438,-0.6291646435309357,-0.19187479665928986,0.8615968820058746,-0.7746970254199453,0.10281857890963243,-0.06555915937090365,0.6687423473589614,0.3187367532335631,-0.12332447410500656,0.637178050882173,-0.11685429102852692,-0.45302903217374285,-0.4670085046855881,-1.2468840590065933,0.6149245525090935,-0.9310216164740284,-0.009899560806448349,-0.3615647647257447,0.5537570371900573,1.5657902863644229,0.5659509804702902,-0.2953495010082124,0.011735270491145255,0.11153924242386065
-0.00980298016723589,-0.5907661264379221,-1.5249431981292123,0.7423109763566688,-0.5648505529610782,-0.8296017474217732,0.035805272372593594,1.118859307486723,-1.5245292636918892,1.1938990656536677,0.7594320594224092,-0.4037192706000672,0.4972009467534964,0.7727193860003111,1.4180868496670151,-1.0734512437201729,0.4715946747302691,-0.5834400625233468,-0.7093693859361317,0.06367740953433397,0.42297216020236,-0.25558792744573305,-1.186693741399562,0.3139140759947456,-0.17614038826651812,0.4156832969067463,0.937802876629423,-1.4985371312775944,1.7218911361073257,0.8414002280626577,0.6977005700289535,-0.4863408548227074,0.29742306231049986,1.3115845895482494,0.6245487599728056,-1.5291717923000756,-1.0818987658946175,-0.03768660385131337,0.5659509804702902,2.7596063625660103,1.140878580388447,0.04433597575151374,0.020609613223340515
0.03120594767636085,-0.032370110582550904,-0.6479297399992201,0.3983351439833221,0.19759485107105138,-0.004520428785765968,0.5528475537033369,0.07301448927017094,-0.22332725192441502,0.17569750723790536,-0.010188012069499213,0.08413599109685684,-0.0692188563392145,0.004092280312798065,0.6104698824466945,-0.8065284506377939,0.09152927199849087,-0.6117285432915895,-0.6101665611880156,0.2616680656395959,0.10669252056072338,-0.3560801884258578,-0.48135367781764893,0.039576438838377144,0.2467755165112119,0.22095648267057325,0.5067302548541905,-0.9946981918537456,0.616777271962926,0.4630776550504876,0.21347518709784993,-0.350015785189421,0.685608861875732,0.3367858188447077,0.6430566423690025,-0.603212483539287,-0.47140896372256896,-0.5257579706532628,-0.2953495010082124,1.140878580388447,0.8847719319758905,-0.19144350088025136,0.039652080327408204
-0.05036783099274512,-0.027552619978250432,-0.03920281591699518,-0.5737760209895983,-0.277951932727394,-0.1356426044757836,-0.27597567952707347,0.06611896842982194,0.1910727365829515,0.16971083368089268,0.5092558716397405,-0.03570019422757209,0.39947010090440954,-0.10382034683460967,-0.5334582030593727,0.41400928299499706,0.047392721507902066,0.42939437968719346,0.4279518225678509,0.1575923006961751,0.6868843087843947,0.18986858816590174,-0.2870982030811203,0.06830812630361228,-0.6380278991941872,-0.30541670389868325,0.02198232731741945,-0.058664922717071535,0.010407628758483218,0.749162083886729,-0.3203682625786135,0.2593466459762659,-0.8514938455520596,-0.8120157438620998,-0.1583310714626996,0.2500759213892746,-0.15775322363585312,0.7092751456063128,0.011735270491145255,0.04433597575151374,-0.19144350088025136,0.47962500473717046,-0.0402682046811435
0.07530515084557052,0.18847193009430732,-0.030364689041258226,-0.018832532775010093,0.018233222584487976,-0.06864624471984036,0.023865746188911737,0.058180173330167596,0.21329129272195088,-0.02341590271847486,-0.03988330645598053,0.0022630159226191275,0.07278048781565279,0.04841963046096448,0.0478841309994602,-0.1420068530047143,-0.30668119212936734,-0.09576639573154376,0.029305272914881837,-0.03184021772267055,-0.02400083045743857,0.11792887324550251,-0.14855044387911864,-0.02075397483061802,0.06428711925597874,0.1247116015872856,0.08451968188204279,-0.12754584158898066,0.03559719400238321,0.05714985100732789,-0.19039321583586571,-0.12239855598354288,-0.139676756104442,-0.07475538841951909,-0.09074932184105376,0.09354860347609051,-0.061605046437244265,-0.01717764156275375,0.11153924242386065,0.020609613223340515,0.039652080327408204,-0.0402682046811435,0.033309808548039825
