V1,V2,V3,V4,V5,V6,V7,V8,V9,V10,V11,V12,V13,V14,V15,V16,V17,V18,V19,V20,V21,V22,V23,V24,V25,V26,V27,V28,V29,V30,V31,V32,V33,V34,V35,V36,V37,V38,V39,V40,V41,V42,V43
1.076823391373336,-0.8639036856601443,-0.34798894002566116,1.042112208516014,0.07657241423072829,1.5358668408932532,-0.8219373822771059,-0.6207894172785012,-0.8937542241619674,-0.3884867802704784,0.9130105755188077,0.16897527446271393,-0.2075513260507711,0.5594407194658889,-1.2494673602188324,-0.7432949213072253,0.5266079827684103,-2.249590861525441,1.2611298627866188,1.0003576796308145,1.1370718119199479,1.9430424861264834,-0.6318872605110727,0.8516190719232551,0.40865656369327014,-0.6771300361742203,0.7348235453746041,0.14644573859409601,-0.5379218889802254,0.5117761500253802,-0.32837302259223666,-0.09503995298413753,-1.6238901722515988,-2.586745597222229,0.9051298703497067,0.4275252712023291,-2.0875120722565557,-0.6431833777178483,0.6997078787050518,0.6819246424109946,-1.7952456105278172,1.1037287144626955,-0.06937823022190824
-0.8639036856601443,2.0799118415031024,-4.615092166706145,-6.5311991363720665,3.5892381859728126,-11.794196774781069,4.29931351726109,3.998527291874422,0.39868383234081073,10.545348122926438,-7.96138678403268,4.898971445767337,0.13399451156518447,-0.39439572161503406,6.624705188691914,-0.35190275725315956,-7.460508970876645,7.284675818988486,-1.090325526492644,-1.9494597266507072,-8.55931678085994,-8.40129381627952,5.547661288295703,-3.9486811934557653,-0.4466546996571512,-4.514341261608311,-2.1168732310799245,1.096537081898398,0.43367116779601883,-0.7048030226466923,-1.6801472686480012,3.747108183749942,5.346846119347462,9.480802573695609,-2.8663340559533683,-0.9368210361459279,11.44135602628757,4.5048289462661195,-0.26200740756616986,-1.1883254949273698,-1.2411850266721078,-8.20809254764402,1.0268692299745277
-0.34798894002566116,-4.615092166706145,17.395746017776872,19.772568811455475,-12.915550178096224,36.80212090695063,-12.586261543228161,-12.159209167244178,1.4131502337698358,-36.01375029082766,25.22976611978203,-17.832831875541633,0.1821261406222828,-0.3747648181153896,-19.447557256461174,3.58616673919065,24.680101690201578,-18.6163527603975,-0.13234007184008187,3.724727017381657,26.636600180749497,23.531289111718134,-17.597284340098916,11.253021472593744,0.2851497941427448,18.080695645956073,5.153175881318306,-4.336372459575993,0.16700813184090468,0.8753758626581875,6.967386527320286,-12.93115064987167,-13.757649774189826,-25.311660704376955,7.265517054128177,1.9580334374372887,-33.810788937138305,-13.875750069281551,-1.2813480236844301,2.0408446949149193,10.05013015973592,25.502930649479424,-3.4038383970022092
1.042112208516014,-6.5311991363720665,19.772568811455475,24.40643197000283,-14.924687729403795,44.88355032910373,-15.749135626884726,-14.981912943317463,0.44318282540050663,-42.42437585976026,30.582610314888775,-20.521748160299136,-0.0670413336210454,0.31604814152739524,-24.30704879827308,3.174224462893901,29.423914944816097,-24.6848526183576,1.5411323568025606,5.678426405966094,32.52008938686338,29.99071359485921,-21.323604728705032,14.238033996890689,0.88136761909525,20.12687952877718,6.983785575377639,-4.848264910050684,-0.5286589633112035,1.7058913659803003,7.6658203637973665,-15.17351240525202,-18.18906239408024,-32.92718319616206,9.66974957351892,2.85285096240657,-42.145173182499406,-17.009344612904556,-0.550968744903371,3.2915253908402615,9.280897711079488,31.15597274163535,-4.054290794299727
0.07657241423072829,3.5892381859728126,-12.915550178096224,-14.924687729403795,9.620180795605286,-27.709923039099763,9.527320482140402,9.174601847910955,-0.9021290850049892,26.92692981079184,-18.97308630038943,13.27200493763653,-0.10055535329174846,0.18430652515537774,14.71757738659551,-2.5486658169856797,-18.497502751422985,14.2679961240284,-0.1157627524788557,-2.948257803395658,-20.06023442372394,-17.881369050293753,13.2322750254031,-8.53807883723264,-0.28231124107904704,-13.370329697826575,-3.9686225594202575,3.2092573551199277,-0.03311027323771013,-0.7397109113096901,-5.141032655046954,9.66098772919114,10.53699153614733,19.3186562655169,-5.57278163581194,-1.5331215910933258,25.572921892373994,10.45875901706107,0.8369626464737433,-1.6383103876845018,-7.190802242893211,-19.208903541067148,2.5508401119884394
1.5358668408932532,-11.794196774781069,36.80212090695063,44.88355032910373,-27.709923039099763,82.68315173408647,-28.907445062613437,-27.558681054386305,1.1515924523911816,-78.54509066045256,56.38632430462535,-38.12553712221492,-0.04773018839174871,0.37922070152650833,-44.62246686940423,6.160524636891436,54.3794717117762,-44.95238817466799,2.3925845879015064,10.162573236240783,59.89833554316305,54.908342008987354,-39.31809461887405,26.093191288143736,1.4831357874966384,37.58139850570829,12.681297850736625,-9.047252939010502,-0.7819565571862881,2.976077065079046,14.338611549746792,-28.108055515101846,-33.138659728200615,-60.11751361338275,17.601703980012648,5.133461926633407,-77.39897008515108,-31.310593051599863,-1.2791599789022532,5.852341439266811,17.876304297606115,57.38104769462437,-7.492875988582535
-0.8219373822771059,4.29931351726109,-12.586261543228161,-15.749135626884726,9.527320482140402,-28.907445062613437,10.184365655078302,9.66489483151097,-0.15381903378990705,27.169636219635255,-19.677669159155883,13.090997543744974,0.07290896908009449,-0.2830708296426136,15.715678129697858,-1.9211272270865027,-18.881218282166838,16.10217126491281,-1.1676418664218382,-3.774021842194968,-20.948246132691725,-19.448574806833648,13.719366000133093,-9.222976998805116,-0.6225538093473184,-12.764959533367023,-4.569864501003746,3.0772381146387624,0.4157823287901242,-1.164262396830567,-4.851771601633608,9.711202884415187,11.859697846075525,21.41848296477065,-6.310984192799481,-1.8851970336919173,27.23740952011759,10.96390089339261,0.2508882814924103,-2.2024925301657796,-5.671435330268868,-20.07155299977958,2.6012902284508628
-0.6207894172785012,3.998527291874422,-12.159209167244178,-14.981912943317463,9.174601847910955,-27.558681054386305,9.66489483151097,9.197016886417114,-0.2887627264717539,26.068205378643373,-18.780368205573744,12.616410118083184,0.03740836747147496,-0.18404734904749923,14.917049225865078,-1.9646538646265865,-18.075287076521885,15.131062281098508,-0.9241791178791741,-3.471863953346585,-19.96703762871765,-18.397723078992854,13.094550629338126,-8.735614472038124,-0.5342862943900085,-12.382963958954136,-4.2790620370584405,2.9825322222169364,0.3150924898197368,-1.0390769785338194,-4.717718927428905,9.324399057430599,11.149781586380998,20.190779355269118,-5.9267393101601735,-1.7456399874516482,25.865584980033287,10.442745079989004,0.3515047040206915,-2.010660339171518,-5.7371915975766274,-19.129185864240597,2.4907038324332733
-0.8937542241619674,0.39868383234081073,1.4131502337698358,0.44318282540050663,-0.9021290850049892,1.1515924523911816,-0.15381903378990705,-0.2887627264717539,0.8149577426987329,-2.0285173398946243,0.9026208837042385,-1.2967645338117204,0.17975553800640348,-0.4769660566038906,-0.2542926675900884,0.8345624046374258,1.1794516576492495,0.608907699670998,-1.028862082514435,-0.5669829562260045,0.8129046473057818,-0.041147228657101485,-0.6335733973966282,0.04306405425859438,-0.31207177864470276,1.723987386316876,-0.25925759763671896,-0.4005884342571364,0.4460400254704647,-0.35705093492511364,0.7188595259246471,-0.7643008244640449,0.418697904034809,0.44605769325978556,-0.2595808926598629,-0.21848919751291943,-0.5106937315314004,-0.3823113437626693,-0.6493810497926582,-0.4189370249256872,2.1060965311958073,0.7661496940378182,-0.16526524286230643
-0.3884867802704784,10.545348122926438,-36.01375029082766,-42.42437585976026,26.92692981079184,-78.54509066045256,27.169636219635255,26.068205378643373,-2.0285173398946243,75.70736091491236,-53.70148613284818,37.113218556845986,-0.16571402561246593,0.20390998641322103,41.9596417350633,-6.728041659627068,-52.15159006602124,41.25783353461059,-1.0302819562312389,-8.825110748656735,-56.87560858761278,-51.21753947133585,37.45090173888317,-24.41249647040339,-1.0196481889495568,-37.104972031655116,-11.536699386608639,8.91569456382145,0.20830210881903158,-2.3610059208837275,-14.228256547296322,27.137415387657523,30.4504960323423,55.60748341424536,-16.13036856299847,-4.5373118521060665,72.86167925986868,29.680637297890947,1.9538982453602007,-4.973977838477875,-19.154072186076995,-54.470650158948175,7.18906385478955
0.9130105755188077,-7.96138678403268,25.22976611978203,30.582610314888775,-18.97308630038943,56.38632430462535,-19.677669159155883,-18.780368205573744,0.9026208837042385,-53.70148613284818,38.471183847968135,-26.112592718460274,-0.00612088528781502,0.18831901225499487,-30.37757949448811,4.311922153730175,37.147492712999686,-30.47665240009738,1.476312013091443,6.827020026140325,40.84512454477356,37.327959817401755,-26.825618335072146,17.748356817833677,0.9632573398661003,25.80469764157416,8.58496865199059,-6.209607005042451,-0.4663475171894314,1.9705189917097423,9.855218835476421,-19.22361258455056,-22.469463662288113,-40.8102976292694,11.929406398607254,3.4584639452142736,-52.700665608799824,-21.345286045106096,-0.9656279309220738,3.918506415860934,12.463356457681904,39.12631615464058,-5.119775264120852
0.16897527446271393,4.898971445767337,-17.832831875541633,-20.521748160299136,13.27200493763653,-38.12553712221492,13.090997543744974,12.616410118083184,-1.2967645338117204,37.113218556845986,-26.112592718460274,18.313868721357903,-0.15091117527227177,0.28725681060678704,20.223845559271354,-3.558503994801769,-25.479392058870285,19.544532090183797,-0.08526527204464801,-4.0070230004357485,-27.598947802046244,-24.546273183974034,18.2120703322489,-11.724834809058992,-0.365112286339354,-18.47956766612819,-5.429805228704991,4.434789198383065,-0.07736617963882254,-0.9901976406722242,-7.109354552074581,13.318173881147334,14.43656010735349,26.49060163075648,-7.632410909559533,-2.08916384530979,35.1454983475201,14.386061647099117,1.1953101018508834,-2.2190726144266457,-10.022843068170653,-26.426914467963716,3.5136042940711296
-0.2075513260507711,0.13399451156518447,0.1821261406222828,-0.0670413336210454,-0.10055535329174846,-0.04773018839174871,0.07290896908009449,0.03740836747147496,0.17975553800640348,-0.16571402561246593,-0.00612088528781502,-0.15091117527227177,0.04077607565860637,-0.1091557549182514,0.10873880140199464,0.1654872165057669,0.06385717973097078,0.30499458041431543,-0.24129335118145148,-0.16590916126594885,-0.03940970282528498,-0.21376456152147108,0.0032706422130877326,-0.08746811845230887,-0.07603780287730215,0.2494541571201089,-0.10580804316545821,-0.05682006423939109,0.10365061291585848,-0.09167896472019549,0.1089197671175321,-0.06794184997912137,0.21788758385763432,0.3245954152005572,-0.124139405001041,-0.06846501922553799,0.1728675373595358,0.030261944573481903,-0.14185249180801163,-0.11645168420411152,0.40908180847285025,-0.0405722944322023,-0.009366212845304712
0.5594407194658889,-0.39439572161503406,-0.3747648181153896,0.31604814152739524,0.18430652515537774,0.37922070152650833,-0.2830708296426136,-0.18404734904749923,-0.4769660566038906,0.20390998641322103,0.18831901225499487,0.28725681060678704,-0.1091557549182514,0.29311756579402515,-0.42679699938026766,-0.42329952904743917,-0.004774587851285534,-0.9529370368783678,0.6524598730017918,0.4746217226266924,0.287703334998317,0.7389240750673919,-0.12831214054169243,0.3135717395658572,0.20800379148551013,-0.552571157421551,0.3217391477930771,0.12453447262882245,-0.279488511631856,0.253906015804365,-0.24724787578836024,0.09591274147278377,-0.6830957227007848,-1.0510411164843396,0.3853550105146966,0.19871868747854762,-0.6980853768765751,-0.17645458571803632,0.3750513812626467,0.3294230631031652,-1.0391064045632719,0.2830013801337541,0.0018502046906876143
-1.2494673602188324,6.624705188691914,-19.447557256461174,-24.30704879827308,14.71757738659551,-44.62246686940423,15.715678129697858,14.917049225865078,-0.2542926675900884,41.9596417350633,-30.37757949448811,20.223845559271354,0.10873880140199464,-0.42679699938026766,24.25150257477855,-2.981321422821669,-29.154584299443815,24.82983142775176,-1.780013727243885,-5.810770949610154,-32.33594294139084,-30.00447281079722,21.179463771273333,-14.230147683930081,-0.9539882662300094,-19.72971493787097,-7.0450153687108,4.755908318953014,0.6321795977925652,-1.7887759118345679,-7.5003121540841695,14.99839600538085,18.28844016511214,33.0352219100675,-9.731191066911624,-2.903940889563523,42.03260618000424,16.92311375678771,0.4006125954738194,-3.389300826221668,-8.79377652651666,-30.98239676559418,4.016740348894953
-0.7432949213072253,-0.35190275725315956,3.58616673919065,3.174224462893901,-2.5486658169856797,6.160524636891436,-1.9211272270865027,-1.9646538646265865,0.8345624046374258,-6.728041659627068,4.311922153730175,-3.558503994801769,0.1654872165057669,-0.42329952904743917,-2.981321422821669,1.1614292739029761,4.448169335402517,-2.1938290868673143,-0.8167182253554852,0.09364871686714842,4.443039559735192,3.336762952451474,-3.00986391666497,1.6447053790536905,-0.2007683979021067,3.9249320130280503,0.5370617084648163,-0.9309747540501727,0.36983942347296567,-0.15219044084173958,1.5554882791994527,-2.444022541019908,-1.643723797443188,-3.2773884330318106,0.8383315044531466,0.110897377390501,-5.236134981145217,-2.2830747137592824,-0.6877101781749497,-0.032198020974311015,3.0723369579875652,4.244172884292814,-0.6162152498527255
0.5266079827684103,-7.460508970876645,24.680101690201578,29.423914944816097,-18.497502751422985,54.3794717117762,-18.881218282166838,-18.075287076521885,1.1794516576492495,-52.15159006602124,37.147492712999686,-25.479392058870285,0.06385717973097078,-0.004774587851285534,-29.154584299443815,4.448169335402517,35.98880919800647,-28.914834746835272,1.0131222562082463,6.310159656069232,39.383182486083356,35.68799248873536,-25.904059237793543,16.992977573928403,0.8004340459124785,25.35046947374291,8.111029717923612,-6.094679316459165,-0.27307842264198445,1.7461720962288383,9.705362354748758,-18.68367788164505,-21.32925694327429,-38.86175069842266,11.309619182887264,3.223277891682661,-50.60584712330298,-20.564930611689356,-1.1756125266795936,3.585694488841774,12.7379215932242,37.7209460608999,-4.961312497471277
-2.249590861525441,7.284675818988486,-18.6163527603975,-24.6848526183576,14.2679961240284,-44.95238817466799,16.10217126491281,15.131062281098508,0.608907699670998,41.25783353461059,-30.47665240009738,19.544532090183797,0.30499458041431543,-0.9529370368783678,24.82983142775176,-2.1938290868673143,-28.914834746835272,26.354425998691923,-2.9442743376313687,-6.621881698604026,-32.59843108790605,-31.10078071749214,21.242603789841446,-14.683760069770404,-1.3223741432403753,-18.57490992257569,-7.570438919918387,4.492912430274475,1.131883841211809,-2.232663527590891,-6.99469938032561,14.706229777157365,19.37611262592956,34.67095890424067,-10.349529359798863,-3.2397883507335994,42.95956808249206,17.1075927409215,-0.27938374762862717,-3.9577112070214904,-6.847644242548217,-31.246900898944197,3.9820872903479465
1.2611298627866188,-1.090325526492644,-0.13234007184008187,1.5411323568025606,-0.1157627524788557,2.3925845879015064,-1.1676418664218382,-0.9241791178791741,-1.028862082514435,-1.0302819562312389,1.476312013091443,-0.08526527204464801,-0.24129335118145148,0.6524598730017918,-1.780013727243885,-0.8167182253554852,1.0131222562082463,-2.9442743376313687,1.481836213971137,1.2364632979872139,1.7617698364275314,2.661087794242783,-1.0233023691063237,1.1815980255322323,0.48572363425297593,-0.5089733096336225,0.9470276555640212,0.10361352507805567,-0.6302390629924681,0.6155923884405996,-0.27486514791397887,-0.31795025574363756,-2.128950691562037,-3.4466206793461405,1.180332553077021,0.5342433489528589,-2.9947011695082657,-0.9779846848860655,0.8022936382205601,0.8353100170926058,-1.9518987870103417,1.704209794487012,-0.13650250996927701
1.0003576796308145,-1.9494597266507072,3.724727017381657,5.678426405966094,-2.948257803395658,10.162573236240783,-3.774021842194968,-3.471863953346585,-0.5669829562260045,-8.825110748656735,6.827020026140325,-4.0070230004357485,-0.16590916126594885,0.4746217226266924,-5.810770949610154,0.09364871686714842,6.310159656069232,-6.621881698604026,1.2364632979872139,1.8778277195424864,7.381145789265169,7.46423737244213,-4.756193292898475,3.491837704883578,0.4778017525563764,3.5541126974366066,1.9457742774043338,-0.8681426254462022,-0.5014471831543754,0.7188586976277178,1.3023798095316637,-3.124377795909641,-4.853439971830942,-8.527947730062758,2.6109901638491593,0.8882838419873043,-10.016990021942856,-3.896532641736018,0.4025147037891879,1.1637303218585044,0.550078116978506,7.081857383186047,-0.8675854201663453
1.1370718119199479,-8.55931678085994,26.636600180749497,32.52008938686338,-20.06023442372394,59.89833554316305,-20.948246132691725,-19.96703762871765,0.8129046473057818,-56.87560858761278,40.84512454477356,-27.598947802046244,-0.03940970282528498,0.287703334998317,-32.33594294139084,4.443039559735192,39.383182486083356,-32.59843108790605,1.7617698364275314,7.381145789265169,43.392892232473336,39.799135949781345,-28.480949588794033,18.911500419466975,1.083457595145243,27.193013440045558,9.19855959501014,-6.54667459065313,-0.5787179096552921,2.166505608925241,10.373624190231581,-20.352502716903896,-24.030138964389018,-43.58557962447428,12.764705023751898,3.726639801020354,-56.08570259513553,-22.68398033146988,-0.9099080232918181,4.2531853184644435,12.900526414615321,41.569515604458815,-5.426659205944728
1.9430424861264834,-8.40129381627952,23.531289111718134,29.99071359485921,-17.881369050293753,54.908342008987354,-19.448574806833648,-18.397723078992854,-0.041147228657101485,-51.21753947133585,37.327959817401755,-24.546273183974034,-0.21376456152147108,0.7389240750673919,-30.00447281079722,3.336762952451474,35.68799248873536,-31.10078071749214,2.661087794242783,7.46423737244213,39.799135949781345,37.2779899684455,-26.02341003761721,17.652352156550105,1.3213870733779938,23.745512221028648,8.862173117544499,-5.730469648052552,-0.9804107258925517,2.3776774518492627,8.999169973572105,-18.290463354997502,-22.894159473991124,-41.218948391195546,12.197993371159278,3.7018521383685523,-51.972977054285,-20.84791623996259,-0.21310171799885566,4.392403220594024,9.99779382741303,38.138743258856174,-4.915703259563416
-0.6318872605110727,5.547661288295703,-17.597284340098916,-21.323604728705032,13.2322750254031,-39.31809461887405,13.719366000133093,13.094550629338126,-0.6335733973966282,37.45090173888317,-26.825618335072146,18.2120703322489,0.0032706422130877326,-0.12831214054169243,21.179463771273333,-3.00986391666497,-25.904059237793543,21.242603789841446,-1.0233023691063237,-4.756193292898475,-28.480949588794033,-26.02341003761721,18.706137607690376,-12.373311749407753,-0.6693033701694163,-18.000270223219733,-5.983184826013332,4.3318930764627845,0.32263707936134944,-1.3724653342807662,-6.874088192055535,13.406160762417501,15.663735928221158,28.449133656837112,-8.315806023123367,-2.409838674414938,36.7439752656457,14.88307297508213,0.6760829390936904,-2.7288678031235305,-8.700528238633515,-27.28275465936845,3.5693631999655024
0.8516190719232551,-3.9486811934557653,11.253021472593744,14.238033996890689,-8.53807883723264,26.093191288143736,-9.222976998805116,-8.735614472038124,0.04306405425859438,-24.41249647040339,17.748356817833677,-11.724834809058992,-0.08746811845230887,0.3135717395658572,-14.230147683930081,1.6447053790536905,16.992977573928403,-14.683760069770404,1.1815980255322323,3.491837704883578,18.911500419466975,17.652352156550105,-12.373311749407753,8.36395095525776,0.6021546492422745,11.37809598627916,4.177640343636726,-2.7444837233257062,-0.43016323002001644,1.098436392166761,4.317519947474952,-8.721274775805696,-10.810431684666433,-19.487730810300892,5.757052584802657,1.7365459314637368,-24.65433268070416,-9.903312026671825,-0.15102317218346367,2.048512393755594,4.896580818152703,18.121364257942023,-2.341228457985617
0.40865656369327014,-0.4466546996571512,0.2851497941427448,0.88136761909525,-0.28231124107904704,1.4831357874966384,-0.6225538093473184,-0.5342862943900085,-0.31207177864470276,-1.0196481889495568,0.9632573398661003,-0.365112286339354,-0.07603780287730215,0.20800379148551013,-0.9539882662300094,-0.2007683979021067,0.8004340459124785,-1.3223741432403753,0.48572363425297593,0.4778017525563764,1.083457595145243,1.3213870733779938,-0.6693033701694163,0.6021546492422745,0.16565504238088238,0.17380876702564144,0.40961914982779296,-0.04754672504048621,-0.20444561369430791,0.21896816453356197,0.04148242233696098,-0.3492128414637554,-0.9607108314265338,-1.6136766395146758,0.5258715304272958,0.21302211338520954,-1.6254765090914771,-0.5845414517422919,0.23967105094640492,0.3140647737407833,-0.452882988973312,1.042880484187365,-0.10976453740435757
-0.6771300361742203,-4.514341261608311,18.080695645956073,20.12687952877718,-13.370329697826575,37.58139850570829,-12.764959533367023,-12.382963958954136,1.723987386316876,-37.104972031655116,25.80469764157416,-18.47956766612819,0.2494541571201089,-0.552571157421551,-19.72971493787097,3.9249320130280503,25.35046947374291,-18.57490992257569,-0.5089733096336225,3.5541126974366066,27.193013440045558,23.745512221028648,-18.000270223219733,11.37809598627916,0.17380876702564144,18.885957283555655,5.108523560652103,-4.525048962175419,0.33130263607996135,0.7541048956369155,7.297072193672858,-13.335825116880969,-13.739704616569043,-25.39567785079552,7.241937372861036,1.8973878597069398,-34.326537546513514,-14.150236149910185,-1.5302147448867893,1.9075548582006856,10.916034118607644,26.031459306998165,-3.4967378212905635
0.7348235453746041,-2.1168732310799245,5.153175881318306,6.983785575377639,-3.9686225594202575,12.681297850736625,-4.569864501003746,-4.2790620370584405,-0.25925759763671896,-11.536699386608639,8.58496865199059,-5.429805228704991,-0.10580804316545821,0.3217391477930771,-7.0450153687108,0.5370617084648163,8.111029717923612,-7.570438919918387,0.9470276555640212,1.9457742774043338,9.19855959501014,8.862173117544499,-5.983184826013332,4.177640343636726,0.40961914982779296,5.108523560652103,2.183566280894128,-1.2372977605898092,-0.36937802346226545,0.6733715569319544,1.9165331640923768,-4.1079607649785626,-5.562397921233507,-9.921624352485605,2.974904478191128,0.9457637339739919,-12.181481782097523,-4.832174773345228,0.14785335138110506,1.1714802732030816,1.7283690755100287,8.818482901781683,-1.1169065610555822
0.14644573859409601,1.096537081898398,-4.336372459575993,-4.848264910050684,3.2092573551199277,-9.047252939010502,3.0772381146387624,2.9825322222169364,-0.4005884342571364,8.91569456382145,-6.209607005042451,4.434789198383065,-0.05682006423939109,0.12453447262882245,4.755908318953014,-0.9309747540501727,-6.094679316459165,4.492912430274475,0.10361352507805567,-0.8681426254462022,-6.54667459065313,-5.730469648052552,4.3318930764627845,-2.7444837233257062,-0.04754672504048621,-4.525048962175419,-1.2372977605898092,1.084638150297354,-0.07157597274461021,-0.18898990412454184,-1.7469683680840895,3.2035029003514808,3.323782747359385,6.136367812811419,-1.7525754732743175,-0.46190842135621285,8.273390559433858,3.4071404970408876,0.35669669650038366,-0.4678357878454915,-2.5943861258138408,-6.267447598583284,0.8402258550972324
-0.5379218889802254,0.43367116779601883,0.16700813184090468,-0.5286589633112035,-0.03311027323771013,-0.7819565571862881,0.4157823287901242,0.3150924898197368,0.4460400254704647,0.20830210881903158,-0.4663475171894314,-0.07736617963882254,0.10365061291585848,-0.279488511631856,0.6321795977925652,0.36983942347296567,-0.27307842264198445,1.131883841211809,-0.6302390629924681,-0.5014471831543754,-0.5787179096552921,-0.9804107258925517,0.32263707936134944,-0.43016323002001644,-0.20444561369430791,0.33130263607996135,-0.36937802346226545,-0.07157597274461021,0.26876145854941846,-0.25596920211735563,0.16119451527142883,0.052670113359604594,0.8167672199056079,1.30275059989214,-0.4551211086433969,-0.21444393471383352,1.0566546550880558,0.3269941629568894,-0.3490149373675083,-0.34173715718396697,0.8931165720597155,-0.5615257811058681,0.03620782078210859
0.5117761500253802,-0.7048030226466923,0.8753758626581875,1.7058913659803003,-0.7397109113096901,2.976077065079046,-1.164262396830567,-1.0390769785338194,-0.35705093492511364,-2.3610059208837275,1.9705189917097423,-0.9901976406722242,-0.09167896472019549,0.253906015804365,-1.7887759118345679,-0.15219044084173958,1.7461720962288383,-2.232663527590891,0.6155923884405996,0.7188586976277178,2.166505608925241,2.3776774518492627,-1.3724653342807662,1.098436392166761,0.21896816453356197,0.7541048956369155,0.6733715569319544,-0.18898990412454184,-0.25596920211735563,0.3061995909247744,0.2567521514398193,-0.8255220443293682,-1.6321037260929605,-2.8033293456594173,0.8853657041278398,0.3292824836472292,-3.0681597105459573,-1.1534010861557848,0.2693138032798416,0.45974045082026554,-0.2828147284096828,2.0819652918431792,-0.2387359017564891
-0.32837302259223666,-1.6801472686480012,6.967386527320286,7.6658203637973665,-5.141032655046954,14.338611549746792,-4.851771601633608,-4.717718927428905,0.7188595259246471,-14.228256547296322,9.855218835476421,-7.109354552074581,0.1089197671175321,-0.24724787578836024,-7.5003121540841695,1.5554882791994527,9.705362354748758,-6.99469938032561,-0.27486514791397887,1.3023798095316637,10.373624190231581,8.999169973572105,-6.874088192055535,4.317519947474952,0.04148242233696098,7.297072193672858,1.9165331640923768,-1.7469683680840895,0.16119451527142883,0.2567521514398193,2.824429939600635,-5.1169684253190955,-5.174449564278771,-9.592245831598605,2.7243620741949273,0.7019573014963592,-13.05448506390154,-5.395346842599734,-0.6326618947808247,0.6903798082423297,4.306749260164162,9.929179051917105,-1.339717549643232
-0.09503995298413753,3.747108183749942,-12.93115064987167,-15.17351240525202,9.66098772919114,-28.108055515101846,9.711202884415187,9.324399057430599,-0.7643008244640449,27.137415387657523,-19.22361258455056,13.318173881147334,-0.06794184997912137,0.09591274147278377,14.99839600538085,-2.444022541019908,-18.68367788164505,14.706229777157365,-0.31795025574363756,-3.124377795909641,-20.352502716903896,-18.290463354997502,13.406160762417501,-8.721274775805696,-0.3492128414637554,-13.335825116880969,-4.1079607649785626,3.2035029003514808,0.052670113359604594,-0.8255220443293682,-5.1169684253190955,9.729462697051877,10.854489136237518,19.838497983328114,-5.7481031658493444,-1.6098918722470803,26.047488076740777,10.61921701041078,0.7298233983763912,-1.7563662836249982,-6.943609702793507,-19.491116405547253,2.576059097669982
-1.6238901722515988,5.346846119347462,-13.757649774189826,-18.18906239408024,10.53699153614733,-33.138659728200615,11.859697846075525,11.149781586380998,0.418697904034809,30.4504960323423,-22.469463662288113,14.43656010735349,0.21788758385763432,-0.6830957227007848,18.28844016511214,-1.643723797443188,-21.32925694327429,19.37611262592956,-2.128950691562037,-4.853439971830942,-24.030138964389018,-22.894159473991124,15.663735928221158,-10.810431684666433,-0.9607108314265338,-13.739704616569043,-5.562397921233507,3.323782747359385,0.8167672199056079,-1.6321037260929605,-5.174449564278771,10.854489136237518,14.25174211884643,25.50802576867055,-7.610764888301644,-2.376843885092696,31.64529807810894,12.607920977678749,-0.18345448019987529,-2.8965182284074324,-5.118548353185313,-23.034313086096855,2.935491606687156
-2.586745597222229,9.480802573695609,-25.311660704376955,-32.92718319616206,19.3186562655169,-60.11751361338275,21.41848296477065,20.190779355269118,0.44605769325978556,55.60748341424536,-40.8102976292694,26.49060163075648,0.3245954152005572,-1.0510411164843396,33.0352219100675,-3.2773884330318106,-38.86175069842266,34.67095890424067,-3.4466206793461405,-8.527947730062758,-43.58557962447428,-41.218948391195546,28.449133656837112,-19.487730810300892,-1.6136766395146758,-25.39567785079552,-9.921624352485605,6.136367812811419,1.30275059989214,-2.8033293456594173,-9.592245831598605,19.838497983328114,25.50802576867055,45.77346982850915,-13.608584532917678,-4.198583114777941,57.1882998020584,22.852684819340034,-0.08375559759219171,-5.06019634212599,-10.014123153082823,-41.77358817733885,5.3513709977116095
0.9051298703497067,-2.8663340559533683,7.265517054128177,9.66974957351892,-5.57278163581194,17.601703980012648,-6.310984192799481,-5.9267393101601735,-0.2595808926598629,-16.13036856299847,11.929406398607254,-7.632410909559533,-0.124139405001041,0.3853550105146966,-9.731191066911624,0.8383315044531466,11.309619182887264,-10.349529359798863,1.180332553077021,2.6109901638491593,12.764705023751898,12.197993371159278,-8.315806023123367,5.757052584802657,0.5258715304272958,7.241937372861036,2.974904478191128,-1.7525754732743175,-0.4551211086433969,0.8853657041278398,2.7243620741949273,-5.7481031658493444,-7.610764888301644,-13.608584532917678,4.065965504118845,1.276001657143843,-16.83509150264172,-6.699348044152659,0.12675415996199157,1.5619273944174812,2.632265059452727,12.236254184161602,-1.5565137693573543
0.4275252712023291,-0.9368210361459279,1.9580334374372887,2.85285096240657,-1.5331215910933258,5.133461926633407,-1.8851970336919173,-1.7456399874516482,-0.21848919751291943,-4.5373118521060665,3.4584639452142736,-2.08916384530979,-0.06846501922553799,0.19871868747854762,-2.903940889563523,0.110897377390501,3.223277891682661,-3.2397883507335994,0.5342433489528589,0.8882838419873043,3.726639801020354,3.7018521383685523,-2.409838674414938,1.7365459314637368,0.21302211338520954,1.8973878597069398,0.9457637339739919,-0.46190842135621285,-0.21444393471383352,0.3292824836472292,0.7019573014963592,-1.6098918722470803,-2.376843885092696,-4.198583114777941,1.276001657143843,0.424035689824313,-5.011614275611351,-1.9636503345421499,0.14967809763419127,0.545232622425628,0.43573831418533093,3.5744943827224067,-0.44335212985066125
-2.0875120722565557,11.44135602628757,-33.810788937138305,-42.145173182499406,25.572921892373994,-77.39897008515108,27.23740952011759,25.865584980033287,-0.5106937315314004,72.86167925986868,-52.700665608799824,35.1454983475201,0.1728675373595358,-0.6980853768765751,42.03260618000424,-5.236134981145217,-50.60584712330298,42.95956808249206,-2.9947011695082657,-10.016990021942856,-56.08570259513553,-51.972977054285,36.7439752656457,-24.65433268070416,-1.6254765090914771,-34.326537546513514,-12.181481782097523,8.273390559433858,1.0566546550880558,-3.0681597105459573,-13.05448506390154,26.047488076740777,31.64529807810894,57.1882998020584,-16.83509150264172,-5.011614275611351,72.85690098498227,29.348684217825557,0.7496898905668438,-5.834883902913827,-15.414933828851757,-53.73707375746981,6.972079697159171
-0.6431833777178483,4.5048289462661195,-13.875750069281551,-17.009344612904556,10.45875901706107,-31.310593051599863,10.96390089339261,10.442745079989004,-0.3823113437626693,29.680637297890947,-21.345286045106096,14.386061647099117,0.030261944573481903,-0.17645458571803632,16.92311375678771,-2.2830747137592824,-20.564930611689356,17.1075927409215,-0.9779846848860655,-3.896532641736018,-22.68398033146988,-20.84791623996259,14.88307297508213,-9.903312026671825,-0.5845414517422919,-14.150236149910185,-4.832174773345228,3.4071404970408876,0.3269941629568894,-1.1534010861557848,-5.395346842599734,10.61921701041078,12.607920977678749,22.852684819340034,-6.699348044152659,-1.9636503345421499,29.348684217825557,11.860915911816518,0.44232466186666514,-2.250568356528414,-6.644306954552402,-21.731207160234227,2.8340911969834632
0.6997078787050518,-0.26200740756616986,-1.2813480236844301,-0.550968744903371,0.8369626464737433,-1.2791599789022532,0.2508882814924103,0.3515047040206915,-0.6493810497926582,1.9538982453602007,-0.9656279309220738,1.1953101018508834,-0.14185249180801163,0.3750513812626467,0.4006125954738194,-0.6877101781749497,-1.1756125266795936,-0.27938374762862717,0.8022936382205601,0.4025147037891879,-0.9099080232918181,-0.21310171799885566,0.6760829390936904,-0.15102317218346367,0.23967105094640492,-1.5302147448867893,0.14785335138110506,0.35669669650038366,-0.3490149373675083,0.2693138032798416,-0.6326618947808247,0.7298233983763912,-0.18345448019987529,-0.08375559759219171,0.12675415996199157,0.14967809763419127,0.7496898905668438,0.44232466186666514,0.5194163856621051,0.3045007159423112,-1.7445708514832692,-0.8614650734575648,0.16469679184961802
0.6819246424109946,-1.1883254949273698,2.0408446949149193,3.2915253908402615,-1.6383103876845018,5.852341439266811,-2.2024925301657796,-2.010660339171518,-0.4189370249256872,-4.973977838477875,3.918506415860934,-2.2190726144266457,-0.11645168420411152,0.3294230631031652,-3.389300826221668,-0.032198020974311015,3.585694488841774,-3.9577112070214904,0.8353100170926058,1.1637303218585044,4.2531853184644435,4.392403220594024,-2.7288678031235305,2.048512393755594,0.3140647737407833,1.9075548582006856,1.1714802732030816,-0.4678357878454915,-0.34173715718396697,0.45974045082026554,0.6903798082423297,-1.7563662836249982,-2.8965182284074324,-5.06019634212599,1.5619273944174812,0.545232622425628,-5.834883902913827,-2.250568356528414,0.3045007159423112,0.7286388975881596,0.10184107217487971,4.08192849726931,-0.49320684005977966
-1.7952456105278172,-1.2411850266721078,10.05013015973592,9.280897711079488,-7.190802242893211,17.876304297606115,-5.671435330268868,-5.7371915975766274,2.1060965311958073,-19.154072186076995,12.463356457681904,-10.022843068170653,0.40908180847285025,-1.0391064045632719,-8.79377652651666,3.0723369579875652,12.7379215932242,-6.847644242548217,-1.9518987870103417,0.550078116978506,12.900526414615321,9.99779382741303,-8.700528238633515,4.896580818152703,-0.452882988973312,10.916034118607644,1.7283690755100287,-2.5943861258138408,0.8931165720597155,-0.2828147284096828,4.306749260164162,-6.943609702793507,-5.118548353185313,-10.014123153082823,2.632265059452727,0.43573831418533093,-15.414933828851757,-6.644306954552402,-1.7445708514832692,0.10184107217487971,8.181896904774618,12.329154173547707,-1.7614022480898848
1.1037287144626955,-8.20809254764402,25.502930649479424,31.15597274163535,-19.208903541067148,57.38104769462437,-20.07155299977958,-19.129185864240597,0.7661496940378182,-54.470650158948175,39.12631615464058,-26.426914467963716,-0.0405722944322023,0.2830013801337541,-30.98239676559418,4.244172884292814,37.7209460608999,-31.246900898944197,1.704209794487012,7.081857383186047,41.569515604458815,38.138743258856174,-27.28275465936845,18.121364257942023,1.042880484187365,26.031459306998165,8.818482901781683,-6.267447598583284,-0.5615257811058681,2.0819652918431792,9.929179051917105,-19.491116405547253,-23.034313086096855,-41.77358817733885,12.236254184161602,3.5744943827224067,-53.73707375746981,-21.731207160234227,-0.8614650734575648,4.08192849726931,12.329154173547707,39.8231305947598,-5.197202773779131
-0.06937823022190824,1.0268692299745277,-3.4038383970022092,-4.054290794299727,2.5508401119884394,-7.492875988582535,2.6012902284508628,2.4907038324332733,-0.16526524286230643,7.18906385478955,-5.119775264120852,3.5136042940711296,-0.009366212845304712,0.0018502046906876143,4.016740348894953,-0.6162152498527255,-4.961312497471277,3.9820872903479465,-0.13650250996927701,-0.8675854201663453,-5.426659205944728,-4.915703259563416,3.5693631999655024,-2.341228457985617,-0.10976453740435757,-3.4967378212905635,-1.1169065610555822,0.8402258550972324,0.03620782078210859,-0.2387359017564891,-1.339717549643232,2.576059097669982,2.935491606687156,5.3513709977116095,-1.5565137693573543,-0.44335212985066125,6.972079697159171,2.8340911969834632,0.16469679184961802,-0.49320684005977966,-1.7614022480898848,-5.197202773779131,0.684764931159208
