V1,V2,V3,V4,V5,V6,V7,V8,V9,V10,V11,V12,V13,V14,V15,V16,V17,V18,V19,V20,V21,V22,V23,V24,V25,V26,V27,V28,V29,V30,V31,V32,V33,V34,V35,V36,V37,V38,V39,V40,V41,V42,V43,V44
0.5476735657465653,-0.13721345061853366,-0.055570471515835926,0.09705586499475573,0.5365639980386029,-0.10794475147842003,0.24938206704427668,-0.46520977639253913,-0.054629265482009505,0.019340800339158085,0.02150000816320882,0.28961738038846924,-0.012361253187847481,0.560039491424187,0.12012402783565432,0.21515223739445474,-0.0023854371892003774,0.13818037075194387,0.24978849556778893,-0.31732611076318795,-0.28139795703419135,-0.15568062455006537,0.030120652673369386,-0.5099297051776996,0.1938381970650704,0.7502108959127137,0.48807832380114136,-0.25644995219129746,0.1263543675020976,0.16806822162969853,-0.03804765928615889,0.32931754966825294,-0.22499122439106134,0.0688599438469475,-0.06652269784769421,0.18920994893953433,-0.1474424857479139,0.054311622413888073,-0.15705519493819825,-0.04743267449234117,0.2388064508891996,0.23009875620620784,-0.0124958353954575,-0.49654044972126643
-0.13721345061853366,3.3980078998034218,-0.3026683354658787,-0.9581220413203256,0.434780971591479,1.0091192376289646,-0.15950699364255352,1.0549838567434273,-0.5172819331822875,-0.24586081986447983,2.4078620843991585,-1.8103418037568484,0.9992063211869779,-0.7711303642509703,-0.6592609506220899,-0.5228221333374088,1.7155657461073592,0.34475364265948577,-1.2089049939908438,-2.3480649887007607,0.22048882215282053,0.9731197187603783,-0.5057228903700134,1.593480932266223,1.1617506113827705,-0.05054519655337757,0.5834584349333832,-0.4077796877537865,0.04813877492275324,-0.12126985365769437,2.9625955509528654,1.5690899556095201,0.2652104106088703,1.0944767906531698,-2.994181001718695,0.18856299573068086,1.864566170558725,-0.9619833688854061,0.8557820627826592,0.7807017567863813,-1.086004414957636,1.4824810206486316,1.1880154459990897,-2.170231095749771
-0.055570471515835926,-0.3026683354658787,1.0898072488458461,0.4954935354526763,-0.026255847243948013,-0.266981649755856,0.7616986788871217,-0.06859947749903482,-0.6074291697902913,-0.2296763106022662,-0.364257185734565,0.96964627554363,0.03892831567608464,-0.4036239174970726,0.2277428513262065,0.4377049965317313,-0.7882752417076727,-0.4478495748548592,0.6884020385354188,1.0141913053463616,0.20544672256299773,-0.06716932019428663,0.16301986716716924,-0.3026267184897212,-0.7013126812117625,-0.07823426353467615,-0.46351910643018707,0.073884887298474,-0.2887044485474966,-0.1285247697652619,-0.6739136746077116,-0.6956136733429948,0.03761018568428578,-1.1386936307470832,0.6091744601110736,0.32642732456019946,-0.7740883151293844,0.4912782361337264,-0.06544183579033754,-0.7421737937754724,-0.3952795858577929,-0.17339610801554975,-0.2001604519752589,0.4639095959035193
0.09705586499475573,-0.9581220413203256,0.4954935354526763,0.7229726124024282,0.06543429191933461,-0.44532176601764295,0.49691591504446164,-0.38704904443987564,-0.22402609617963284,-0.12955722185184043,-0.7836828452447037,1.1740575465863377,-0.25669450620702877,0.37383484724115246,0.5331750990510823,0.38273356541931625,-0.9643907639031714,-0.2669742023013849,0.7855357385837555,1.1298622195175796,-0.010744714929870865,0.08036636458692252,0.21040858277478783,-0.7225190730397032,-0.7365503860718035,-0.23246557125759457,-0.3615756958146698,0.33276098555199435,-0.29926432058918373,0.08768316719507624,-1.0988706502934453,-0.7361471689963036,0.039055845311578866,-0.8368549243409532,0.8652589966705431,0.26511370265919504,-0.7530862802777509,0.6489673164793008,-0.19398402939740356,-0.7113834425701063,0.0778805780740544,-0.08545102803259391,-0.531193459389141,0.8610637341964108
0.5365639980386029,0.434780971591479,-0.026255847243948013,0.06543429191933461,1.3522713421076902,-0.4068377610226927,0.6389248585875194,-1.2074067142752452,-0.3707801500432456,-0.20509270496191118,-0.09619227625318745,0.5306647660919089,0.8533591394148662,1.0331564367201809,-0.016670610841504892,0.5479821757435699,0.35384754341718844,0.3452262423274902,0.4633742706858719,-0.10186983840829925,-0.1654587370798379,0.46468758467723703,-0.15546236375168682,-0.49307112628275795,0.23297172065387173,1.3812756933999177,1.2944221398604623,-0.57019543161429,0.09811569289312692,0.445953964327447,0.42102493371954897,0.7447987335707317,-0.537507410621126,0.08712140394673744,-0.26831738921357673,0.5343192187459354,-0.1681143858564723,0.3258829859845972,-0.5119086173379372,-0.1598898359586153,0.5051528964584608,0.3699634357944427,0.2663603534107925,-0.9339308687544052
-0.10794475147842003,1.0091192376289646,-0.266981649755856,-0.44532176601764295,-0.4068377610226927,0.8241728975207435,-0.5975519626889343,1.0330174157902698,0.26617766138265786,0.14050725510159473,1.2593624100321763,-1.235345014299467,-0.23383079359337577,-0.45297959134744537,-0.28156475746357196,-0.5953406225559653,0.5362028132201271,0.1323513792884115,-0.9575113777535488,-1.2688843109259644,-0.041095724319354904,0.05516274454973984,-0.11111305410214485,0.7513105490118984,0.5312620974871289,-0.5495100181781507,-0.26523064884751046,0.14407446273538238,0.07070991297730064,-0.23283923887244698,1.1987435127020127,0.42551081260570556,0.30901892229268607,0.8294449399984752,-1.2100237156065254,-0.2490252128111096,0.9588955535999147,-0.7076251028186481,0.6183074486655352,0.6367093708510564,-0.6255552788243751,0.5837922163491506,0.31448968873180116,-0.5961784760435278
0.24938206704427668,-0.15950699364255352,0.7616986788871217,0.49691591504446164,0.6389248585875194,-0.5975519626889343,1.0995028811712295,-0.7463116500716448,-0.8381243917059432,-0.3917179521013369,-0.6100706324706212,1.3610229962716078,0.4680246551518022,0.1995236594053766,0.3166350454917532,0.6907785238922589,-0.5825375912245169,-0.24074608295647656,1.088259332115473,0.9633910018659192,0.12501232277785984,0.2803669879224322,0.020256145731388456,-0.5471638790742479,-0.5846398135659242,0.45443798784978434,0.23048168508200984,-0.18550326625888378,-0.22988040834223672,0.19221064856904752,-0.6118827760929072,-0.27067929187734957,-0.20921983485705153,-1.0866128983164232,0.4511127620441623,0.5448056601399929,-0.801775216918318,0.6858095836834092,-0.3169682454829992,-0.8451711347259933,0.05714416020400477,0.03443798714562315,-0.16357386859023273,0.1653286566014909
-0.46520977639253913,1.0549838567434273,-0.06859947749903482,-0.38704904443987564,-1.2074067142752452,1.0330174157902698,-0.7463116500716448,2.4523053405992896,0.1707020710255423,0.04631628195095277,1.969628156485123,-1.460654781305672,-0.5800177420603221,-1.31657467163482,0.06338960325802112,-0.9325620219756233,0.10103635073135181,-0.3591525752238953,-0.8236294609948811,-1.5445791784843728,0.3906121438890818,0.0753673918944397,0.13606214590583549,1.7418692833102454,0.17347351187314705,-1.9047435627232714,-1.1186204566738718,0.4165062644051562,0.061918137194444355,-0.6431861028588144,1.4869707488498818,0.06509701238755791,1.038673001030619,0.8919489013783323,-1.5305215968999113,-0.42579782496422175,1.061534427199689,-0.9100360765247888,1.216653415316718,0.5212111270730785,-1.1541251013620208,0.7739987434542484,-0.027827779837400854,0.1967779548146476
-0.054629265482009505,-0.5172819331822875,-0.6074291697902913,-0.22402609617963284,-0.3707801500432456,0.26617766138265786,-0.8381243917059432,0.1707020710255423,0.8755455008644899,0.4372446388527681,0.07191378723064216,-0.7945785970447917,-0.48162180521537284,0.30011264007322985,-0.1644458797641851,-0.4089499466341533,0.22111125311068572,0.25335189756604154,-0.7068339389392714,-0.4665593809150215,-0.2601464752664196,-0.42858154078881067,0.07608405317678785,-0.028471925717005887,0.36266941936719177,-0.011958535799589573,-0.050232590386275096,0.15053435239430552,0.23309244208014784,-0.053238884080830357,0.02491493471061335,0.07526003771699583,-0.01638937036479232,0.8511080208655912,0.18867636760245016,-0.4056902146323146,0.2952679441482216,-0.36591221762464776,0.012366637487017973,0.6116901045732337,0.3055137100935124,-0.282994170116354,-0.04274640505288252,0.01838359697493238
0.019340800339158085,-0.24586081986447983,-0.2296763106022662,-0.12955722185184043,-0.20509270496191118,0.14050725510159473,-0.3917179521013369,0.04631628195095277,0.4372446388527681,0.34221750707030163,0.07839489008444601,-0.4669965923282506,-0.27214434988422476,0.07446535472183187,-0.13757759537224284,-0.20012956115894645,0.1433975041468299,0.09629551742974933,-0.44535461905006607,-0.3304812791658235,-0.15019344462811596,-0.4043908175633708,0.11609120993788549,-0.0933419109376831,0.2496041862646455,0.20619575083837807,-0.05746547418336765,-0.008418339730726936,0.14110154728255608,-0.09194238122044789,-0.045884483757954,0.05263334785076927,-0.037811991422518995,0.3750582534044426,0.16097820688109604,-0.1764986703416427,0.11944734341667869,-0.2144231358615501,0.01126381831955553,0.35055365989069087,0.12963012933758042,-0.24522685737249245,0.06366620777718614,-0.19789768414279427
0.02150000816320882,2.4078620843991585,-0.364257185734565,-0.7836828452447037,-0.09619227625318745,1.2593624100321763,-0.6100706324706212,1.969628156485123,0.07191378723064216,0.07839489008444601,3.007459192435307,-2.141505459142183,0.18891959118854393,-0.607854730980998,-0.2721109424434486,-0.8695529833473427,1.0873571404271312,0.17526568530584122,-1.2422607747774668,-2.9148809956356128,0.1525774156507118,0.4626690107238382,-0.0675194856086238,1.8485151414317824,1.014639408894372,-0.6310179150697206,0.13374696650139128,-0.19963194309414076,0.32122181184122994,-0.4031577315202345,2.9964816508486387,1.342913212997905,0.6822861520837367,1.82664725939401,-2.8003935912612645,-0.05187935284247294,1.748773150640382,-1.2274561290746289,1.1770920272179406,1.0069043748602406,-1.0486469217571042,1.5110117649804333,0.6161152009785772,-1.5572554683634812
0.28961738038846924,-1.8103418037568484,0.96964627554363,1.1740575465863377,0.5306647660919089,-1.235345014299467,1.3610229962716078,-1.460654781305672,-0.7945785970447917,-0.4669965923282506,-2.141505459142183,2.760639041890052,0.020107191237173253,0.6707939848196294,0.8108747287417168,1.1028320652032653,-1.626917361948046,-0.4649522852556658,1.9253284142579121,2.5787843330015305,0.03340362688139956,0.11166557998533083,0.1868360450054869,-1.5632814037015312,-1.3803455900511334,0.25576752895723237,-0.1713167302519158,0.21325309632212805,-0.46786822203985845,0.384694768052148,-2.3795320259133876,-1.243065088685514,-0.3165272549668797,-2.0726115409230257,1.9891443262663049,0.5592494534319222,-1.8507388275222985,1.4242648604093346,-0.8088524242781597,-1.554492818951898,0.5258520961371445,-0.5305802175875973,-0.8306797240311306,1.493210484237765
-0.012361253187847481,0.9992063211869779,0.03892831567608464,-0.25669450620702877,0.8533591394148662,-0.23383079359337577,0.4680246551518022,-0.5800177420603221,-0.48162180521537284,-0.27214434988422476,0.18891959118854393,0.020107191237173253,1.1167918781457422,0.17441628994139458,-0.28386225180750196,0.3077940144273573,0.608453767489491,0.16621936386416733,0.16570600299059884,-0.13175565160093333,0.23235977206197495,0.5753196250492114,-0.24974678044760348,0.3697546398186849,0.20112984565763345,0.7839791264171628,0.9479793604197808,-0.5499671969295169,0.07114859738844713,0.21855999507920393,0.8644113013230206,0.6613678248352369,-0.2982335662610247,0.10710420713607945,-0.5155758714700285,0.34281694518046474,0.08890780411526478,0.10662177844471946,-0.27821156180639756,-0.011664991487693946,0.18611542400486053,0.15598696099407366,0.47424830849886807,-0.7423071815993396
0.560039491424187,-0.7711303642509703,-0.4036239174970726,0.37383484724115246,1.0331564367201809,-0.45297959134744537,0.1995236594053766,-1.31657467163482,0.30011264007322985,0.07446535472183187,-0.607854730980998,0.6707939848196294,0.17441628994139458,1.78201651306945,0.28335128697232836,0.36719998652619046,-0.21055496334474408,0.49094899690749927,0.400117164872524,0.25998050237009485,-0.4657128786151498,0.3519105681697866,-0.01636865150101663,-1.0466260167480637,-0.011369121903733233,0.9174638612378254,0.9663280100779502,-0.027710794364938895,0.0670911608743403,0.5547901242116343,-0.32870278937205816,0.29086473976336236,-0.498542363557595,0.39777464032003207,0.4145053277924356,0.33413655982183493,-0.3099835709589096,0.4580021353858833,-0.5635376598811433,-0.0790915810861252,0.9178828508276344,0.18928006452182902,-0.2784207231632327,-0.13373918686168643
0.12012402783565432,-0.6592609506220899,0.2277428513262065,0.5331750990510823,-0.016670610841504892,-0.28156475746357196,0.3166350454917532,0.06338960325802112,-0.1644458797641851,-0.13757759537224284,-0.2721109424434486,0.8108747287417168,-0.28386225180750196,0.28335128697232836,0.5802621796552463,0.1830969708857968,-0.7891823339854341,-0.23499491487833732,0.6721819614849607,0.5110576826771127,0.026215204496543826,0.15806231307236498,0.20384722884309078,-0.30103413169532334,-0.5420113307035334,-0.4921003683176829,-0.3355842164467225,0.2973107171218856,-0.1610256498693505,0.03713750043179084,-0.6086603793689399,-0.45418670499678765,0.23523730434799342,-0.4019670592260231,0.36534148554665385,0.18016993640650067,-0.43446239649020807,0.39630741603876735,0.03823735906198965,-0.524687352541544,0.02138529741184449,0.17931217450618298,-0.5310176586477816,0.7443549896967883
0.21515223739445474,-0.5228221333374088,0.4377049965317313,0.38273356541931625,0.5479821757435699,-0.5953406225559653,0.6907785238922589,-0.9325620219756233,-0.4089499466341533,-0.20012956115894645,-0.8695529833473427,1.1028320652032653,0.3077940144273573,0.36719998652619046,0.1830969708857968,0.6093871304845816,-0.3922597948316684,-0.09169682630030672,0.8001363215670553,0.96156381596095,-0.008114916486095618,0.01561100414294943,0.04606255050140658,-0.7045183543528788,-0.39740244935002267,0.6770867695800968,0.32310316518956156,-0.1929444668046518,-0.1016813355912598,0.22366428644003256,-0.7936204444555734,-0.2553006311316475,-0.33029762485434544,-0.8087871698053608,0.7827499036895924,0.33405324562927696,-0.7906404382120071,0.594618161175266,-0.5132759791732149,-0.5956030940847898,0.34130881253627154,-0.27711524720482006,-0.12894281708866265,0.18198217675814396
-0.0023854371892003774,1.7155657461073592,-0.7882752417076727,-0.9643907639031714,0.35384754341718844,0.5362028132201271,-0.5825375912245169,0.10103635073135181,0.22111125311068572,0.1433975041468299,1.0873571404271312,-1.626917361948046,0.608453767489491,-0.21055496334474408,-0.7891823339854341,-0.3922597948316684,1.694568045826156,0.5429754452708399,-1.117670916274426,-1.6650289298108218,-0.07468746296325178,0.10582183330160518,-0.34615618514119273,0.7771243057904897,1.2245573902158184,0.7960735104629614,0.9179912088846827,-0.6070221568645299,0.36432393534938223,0.01639587477528752,1.69907429383203,1.322914201730492,-0.22615058528455925,1.2043076710162357,-1.443852063429649,-0.17458106781761515,1.2271744698086184,-0.8131978072788444,0.13080654589863516,0.9924770901983944,-0.032310958859406436,0.3380550701264478,0.9549651638642003,-1.7135612255372719
0.13818037075194387,0.34475364265948577,-0.4478495748548592,-0.2669742023013849,0.3452262423274902,0.1323513792884115,-0.24074608295647656,-0.3591525752238953,0.25335189756604154,0.09629551742974933,0.17526568530584122,-0.4649522852556658,0.16621936386416733,0.49094899690749927,-0.23499491487833732,-0.09169682630030672,0.5429754452708399,0.4371054469127628,-0.38370989906297664,-0.5105926649962436,-0.25756037304058854,0.15842719269991418,-0.18308729045699187,-0.11971553433561613,0.46243543121964625,0.45376617265242974,0.5392212460910362,-0.11251363879177054,0.13670829883127567,0.19832939123299226,0.4633978553730936,0.5238017501525012,-0.2521160313195361,0.602463962576054,-0.38973540124071643,-0.013185857852091216,0.4439997357627447,-0.19596466134681756,-0.08562483658456867,0.3887169041636702,0.24779900069134064,0.17348357119357005,0.23339021177528246,-0.6231961984851202
0.24978849556778893,-1.2089049939908438,0.6884020385354188,0.7855357385837555,0.4633742706858719,-0.9575113777535488,1.088259332115473,-0.8236294609948811,-0.7068339389392714,-0.44535461905006607,-1.2422607747774668,1.9253284142579121,0.16570600299059884,0.400117164872524,0.6721819614849607,0.8001363215670553,-1.117670916274426,-0.38370989906297664,1.6558528802776848,1.59967009267639,0.16435370653213158,0.15800369181191462,0.18059626255436198,-0.7516474510864588,-0.987744710855289,0.1264745434348193,0.06926521640278917,-0.049925406973797014,-0.19408778183559333,0.23297250953823095,-1.3852130116596417,-0.6917214421453324,-0.1254422848688025,-1.2699609785604418,1.2104441534295292,0.4467669643086325,-1.2926670090961063,0.9655745630372538,-0.5081984544412875,-1.1294391131790935,0.4322685298602843,-0.27798486603725314,-0.6687882974899374,1.0927495677356347
-0.31732611076318795,-2.3480649887007607,1.0141913053463616,1.1298622195175796,-0.10186983840829925,-1.2688843109259644,0.9633910018659192,-1.5445791784843728,-0.4665593809150215,-0.3304812791658235,-2.9148809956356128,2.5787843330015305,-0.13175565160093333,0.25998050237009485,0.5110576826771127,0.96156381596095,-1.6650289298108218,-0.5105926649962436,1.59967009267639,3.550848343301257,0.17341615198816565,-0.050076609549879934,0.1462062967778572,-1.5700539962695157,-1.628163362082391,-0.17840327409060555,-0.6565961080119589,0.5029021085454513,-0.6249557106002043,0.27219272267623873,-3.039236584178106,-1.865183357670275,-0.3870679451481504,-2.331413589584424,2.830710537420217,0.2398184862891138,-1.9658267137765495,1.516552797938449,-0.9813761301631495,-1.4638839165929065,0.5711226059300014,-1.3254826376976863,-0.8444110589785677,2.21608889297587
-0.28139795703419135,0.22048882215282053,0.20544672256299773,-0.010744714929870865,-0.1654587370798379,-0.041095724319354904,0.12501232277785984,0.3906121438890818,-0.2601464752664196,-0.15019344462811596,0.1525774156507118,0.03340362688139956,0.23235977206197495,-0.4657128786151498,0.026215204496543826,-0.008114916486095618,-0.07468746296325178,-0.25756037304058854,0.16435370653213158,0.17341615198816565,0.3906399867672903,0.20152614124850815,0.058268859853854424,0.5891734834145708,-0.24799391786276911,-0.4480713929914103,-0.17568174614272747,-0.03982176824317632,-0.046999314467762274,-0.14322362533976674,0.22692611513116498,-0.1280330639072703,0.22209830014054638,-0.14754447620259267,-0.07605494401557156,0.00922479071965874,-0.06850532664040702,0.03906963291626836,0.0906931083798456,-0.1310331834875336,-0.18514659731691274,-0.03469566178484974,-0.009382427501755122,0.34420447817509164
-0.15568062455006537,0.9731197187603783,-0.06716932019428663,0.08036636458692252,0.46468758467723703,0.05516274454973984,0.2803669879224322,0.0753673918944397,-0.42858154078881067,-0.4043908175633708,0.4626690107238382,0.11166557998533083,0.5753196250492114,0.3519105681697866,0.15806231307236498,0.01561100414294943,0.10582183330160518,0.15842719269991418,0.15800369181191462,-0.050076609549879934,0.20152614124850815,1.2454138768571288,-0.2442416696753512,0.4492554074515513,-0.1623588932249345,-0.6586613956055335,0.2586443159227973,0.21791389565620356,-0.2564543697208858,0.23325458531911092,0.8657547015994651,0.2885811566330515,0.15448199108362556,0.19222840205560676,-0.9594289367974662,0.32726186577328453,0.5048982160517482,0.16835429297209015,0.201557239236757,-0.16128374559730463,-0.22432726752118912,0.8788347269151443,0.02277723858143111,0.007525733207977699
0.030120652673369386,-0.5057228903700134,0.16301986716716924,0.21040858277478783,-0.15546236375168682,-0.11111305410214485,0.020256145731388456,0.13606214590583549,0.07608405317678785,0.11609120993788549,-0.0675194856086238,0.1868360450054869,-0.24974678044760348,-0.01636865150101663,0.20384722884309078,0.04606255050140658,-0.34615618514119273,-0.18308729045699187,0.18059626255436198,0.1462062967778572,0.058268859853854424,-0.2442416696753512,0.27823098634580484,-0.07011488933820634,-0.2115500907114423,-0.08891364915219452,-0.22889287554000523,0.027046454043247986,0.03576698413021338,-0.12127478488959142,-0.3322966643840345,-0.25900274185248723,0.12453639142155858,-0.09652393676707581,0.39857084384560665,0.0033410789792189203,-0.29516153043753457,0.09929321353959222,-0.01826169539003333,-0.12178395092190836,0.046734716765080696,-0.1665618133440979,-0.21546127247896144,0.3167499481892925
-0.5099297051776996,1.593480932266223,-0.3026267184897212,-0.7225190730397032,-0.49307112628275795,0.7513105490118984,-0.5471638790742479,1.7418692833102454,-0.028471925717005887,-0.0933419109376831,1.8485151414317824,-1.5632814037015312,0.3697546398186849,-1.0466260167480637,-0.30103413169532334,-0.7045183543528788,0.7771243057904897,-0.11971553433561613,-0.7516474510864588,-1.5700539962695157,0.5891734834145708,0.4492554074515513,-0.07011488933820634,2.06097636955469,0.4223405576121032,-1.073727409537127,-0.11794066432637532,-0.1597042911181612,0.24713181585231764,-0.41785853845433013,2.1052927397021,0.6815492727466642,0.6546520706762335,1.1754115403039986,-1.6796278877744584,-0.2861913342317833,1.0908917643398748,-0.8547148613530912,0.7754545623964761,0.692340868217903,-0.670296838925867,0.6119133936157123,0.37656608962501215,-0.3197448269329451
0.1938381970650704,1.1617506113827705,-0.7013126812117625,-0.7365503860718035,0.23297172065387173,0.5312620974871289,-0.5846398135659242,0.17347351187314705,0.36266941936719177,0.2496041862646455,1.014639408894372,-1.3803455900511334,0.20112984565763345,-0.011369121903733233,-0.5420113307035334,-0.39740244935002267,1.2245573902158184,0.46243543121964625,-0.987744710855289,-1.628163362082391,-0.24799391786276911,-0.1623588932249345,-0.2115500907114423,0.4223405576121032,1.0954618220989287,0.723936034456667,0.6591724768455276,-0.4401725536020542,0.3617014117555587,-0.014034605304183082,1.2887499683077852,1.0938448051576506,-0.14707006902284142,1.1190194031757832,-1.1717844780814723,-0.1756597750617773,0.9937711656452806,-0.7557119869488707,0.19791939470501194,0.8749732926085734,-0.029974573852979688,0.340388678532473,0.6740564538880442,-1.4803236781169171
0.7502108959127137,-0.05054519655337757,-0.07823426353467615,-0.23246557125759457,1.3812756933999177,-0.5495100181781507,0.45443798784978434,-1.9047435627232714,-0.011958535799589573,0.20619575083837807,-0.6310179150697206,0.25576752895723237,0.7839791264171628,0.9174638612378254,-0.4921003683176829,0.6770867695800968,0.7960735104629614,0.45376617265242974,0.1264745434348193,-0.17840327409060555,-0.4480713929914103,-0.6586613956055335,-0.08891364915219452,-1.073727409537127,0.723936034456667,2.8377625189544613,1.6471096873758326,-1.1052048507192938,0.4170855911248744,0.37859426815930336,-0.13905608161708052,0.8901296293635479,-1.0431965352910653,0.0073550109039261695,0.5392525538421356,0.33680784633921224,-0.5326296558899161,0.15405766192790096,-0.9747611852584495,0.16626741202851397,0.9435149271019581,-0.5699517774699907,0.6384681805853686,-1.6494976719186711
0.48807832380114136,0.5834584349333832,-0.46351910643018707,-0.3615756958146698,1.2944221398604623,-0.26523064884751046,0.23048168508200984,-1.1186204566738718,-0.050232590386275096,-0.05746547418336765,0.13374696650139128,-0.1713167302519158,0.9479793604197808,0.9663280100779502,-0.3355842164467225,0.32310316518956156,0.9179912088846827,0.5392212460910362,0.06926521640278917,-0.6565961080119589,-0.17568174614272747,0.2586443159227973,-0.22889287554000523,-0.11794066432637532,0.6591724768455276,1.6471096873758326,1.6440754276265073,-0.8323101072633509,0.3833440949302137,0.4131363561160703,0.8886034262767525,1.1565362354951305,-0.6370638943254312,0.7297024235750538,-0.4632383134760314,0.28619567227299486,0.14892651853129932,-0.0451511598791456,-0.5481409819168604,0.3380263890334691,0.7458535587388686,0.17064997507992757,0.47999895934968756,-1.262525645530465
-0.25644995219129746,-0.4077796877537865,0.073884887298474,0.33276098555199435,-0.57019543161429,0.14407446273538238,-0.18550326625888378,0.4165062644051562,0.15053435239430552,-0.008418339730726936,-0.19963194309414076,0.21325309632212805,-0.5499671969295169,-0.027710794364938895,0.2973107171218856,-0.1929444668046518,-0.6070221568645299,-0.11251363879177054,-0.049925406973797014,0.5029021085454513,-0.03982176824317632,0.21791389565620356,0.027046454043247986,-0.1597042911181612,-0.4401725536020542,-1.1052048507192938,-0.8323101072633509,0.7301183922308394,-0.3214105351893204,-0.04177607023349573,-0.5095560051810938,-0.6643708265711715,0.31549384194486946,-0.2509474082337558,0.18941069208068897,-0.10372360748294455,0.03760672601647107,0.14065688837361473,0.27987557464639534,-0.2022421794043178,-0.298255315104645,0.13981471149657218,-0.39728606065380484,0.8491096781878538
0.1263543675020976,0.04813877492275324,-0.2887044485474966,-0.29926432058918373,0.09811569289312692,0.07070991297730064,-0.22988040834223672,0.061918137194444355,0.23309244208014784,0.14110154728255608,0.32122181184122994,-0.46786822203985845,0.07114859738844713,0.0670911608743403,-0.1610256498693505,-0.1016813355912598,0.36432393534938223,0.13670829883127567,-0.19408778183559333,-0.6249557106002043,-0.046999314467762274,-0.2564543697208858,0.03576698413021338,0.24713181585231764,0.3617014117555587,0.4170855911248744,0.3833440949302137,-0.3214105351893204,0.3205470474120162,-0.02669431860650638,0.4276179755678318,0.4207253934687526,-0.07712929120572513,0.5683912994918356,-0.15880121172727937,-0.12485340699299652,0.1357750661751629,-0.289704775325459,-0.04952599111357818,0.3570879446887313,0.24426606916955956,-0.09452908622467329,0.1298028132600095,-0.3814417949365013
0.16806822162969853,-0.12126985365769437,-0.1285247697652619,0.08768316719507624,0.445953964327447,-0.23283923887244698,0.19221064856904752,-0.6431861028588144,-0.053238884080830357,-0.09194238122044789,-0.4031577315202345,0.384694768052148,0.21855999507920393,0.5547901242116343,0.03713750043179084,0.22366428644003256,0.01639587477528752,0.19832939123299226,0.23297250953823095,0.27219272267623873,-0.14322362533976674,0.23325458531911092,-0.12127478488959142,-0.41785853845433013,-0.014034605304183082,0.37859426815930336,0.4131363561160703,-0.04177607023349573,-0.02669431860650638,0.2749926985413878,-0.17978891475690556,0.11204028613203601,-0.26023683948304055,-0.06612927691592864,0.1418908819485895,0.1448622906289384,-0.12771041496246202,0.22895195784510508,-0.2751467121096812,-0.1184249676813507,0.33167768819331034,0.04538369414054504,-0.021585848653269967,-0.07371724441688449
-0.03804765928615889,2.9625955509528654,-0.6739136746077116,-1.0988706502934453,0.42102493371954897,1.1987435127020127,-0.6118827760929072,1.4869707488498818,0.02491493471061335,-0.045884483757954,2.9964816508486387,-2.3795320259133876,0.8644113013230206,-0.32870278937205816,-0.6086603793689399,-0.7936204444555734,1.69907429383203,0.4633978553730936,-1.3852130116596417,-3.039236584178106,0.22692611513116498,0.8657547015994651,-0.3322966643840345,2.1052927397021,1.2887499683077852,-0.13905608161708052,0.8886034262767525,-0.5095560051810938,0.4276179755678318,-0.17978891475690556,3.6303781991739896,1.8608860974961594,0.384890591911598,2.1931553852179935,-3.119909714414835,-0.011302790744277763,1.9706561019372586,-1.2767757607878378,0.9011537879556587,1.2484557383008454,-0.746064832294181,1.5389009019480184,0.9611543732239555,-1.9890765916211914
0.32931754966825294,1.5690899556095201,-0.6956136733429948,-0.7361471689963036,0.7447987335707317,0.42551081260570556,-0.27067929187734957,0.06509701238755791,0.07526003771699583,0.05263334785076927,1.342913212997905,-1.243065088685514,0.6613678248352369,0.29086473976336236,-0.45418670499678765,-0.2553006311316475,1.322914201730492,0.5238017501525012,-0.6917214421453324,-1.865183357670275,-0.1280330639072703,0.2885811566330515,-0.25900274185248723,0.6815492727466642,1.0938448051576506,0.8901296293635479,1.1565362354951305,-0.6643708265711715,0.4207253934687526,0.11204028613203601,1.8608860974961594,1.4731979283743664,-0.16890392299239507,1.3260270080666166,-1.6134358194538634,0.06962942010874701,1.0452420715413981,-0.6807037096200077,0.16488677239748809,0.7991074857763123,0.06407372656755107,0.718261226756086,0.7074358606407566,-1.7053862733553686
-0.22499122439106134,0.2652104106088703,0.03761018568428578,0.039055845311578866,-0.537507410621126,0.30901892229268607,-0.20921983485705153,1.038673001030619,-0.01638937036479232,-0.037811991422518995,0.6822861520837367,-0.3165272549668797,-0.2982335662610247,-0.498542363557595,0.23523730434799342,-0.33029762485434544,-0.22615058528455925,-0.2521160313195361,-0.1254422848688025,-0.3870679451481504,0.22209830014054638,0.15448199108362556,0.12453639142155858,0.6546520706762335,-0.14707006902284142,-1.0431965352910653,-0.6370638943254312,0.31549384194486946,-0.07712929120572513,-0.26023683948304055,0.384890591911598,-0.16890392299239507,0.5568154677461886,0.17673955809014605,-0.5017882303697264,-0.10228807207399526,0.3126364559529515,-0.20507093258108156,0.5203393579272385,0.004560984813621214,-0.49998957839092034,0.3690718425648084,-0.17927265633707284,0.38737289830712507
0.0688599438469475,1.0944767906531698,-1.1386936307470832,-0.8368549243409532,0.08712140394673744,0.8294449399984752,-1.0866128983164232,0.8919489013783323,0.8511080208655912,0.3750582534044426,1.82664725939401,-2.0726115409230257,0.10710420713607945,0.39777464032003207,-0.4019670592260231,-0.8087871698053608,1.2043076710162357,0.602463962576054,-1.2699609785604418,-2.331413589584424,-0.14754447620259267,0.19222840205560676,-0.09652393676707581,1.1754115403039986,1.1190194031757832,0.0073550109039261695,0.7297024235750538,-0.2509474082337558,0.5683912994918356,-0.06612927691592864,2.1931553852179935,1.3260270080666166,0.17673955809014605,2.316456708966948,-1.6683087212843666,-0.32997005768498605,1.435109628902235,-1.0488307561004595,0.48642051194628955,1.31745878793971,0.09986369569176946,0.7019902609071492,0.4099033186675669,-1.1395739407901182
-0.06652269784769421,-2.994181001718695,0.6091744601110736,0.8652589966705431,-0.26831738921357673,-1.2100237156065254,0.4511127620441623,-1.5305215968999113,0.18867636760245016,0.16097820688109604,-2.8003935912612645,1.9891443262663049,-0.5155758714700285,0.4145053277924356,0.36534148554665385,0.7827499036895924,-1.443852063429649,-0.38973540124071643,1.2104441534295292,2.830710537420217,-0.07605494401557156,-0.9594289367974662,0.39857084384560665,-1.6796278877744584,-1.1717844780814723,0.5392525538421356,-0.4632383134760314,0.18941069208068897,-0.15880121172727937,0.1418908819485895,-3.119909714414835,-1.6134358194538634,-0.5017882303697264,-1.6683087212843666,3.2349917330196503,-0.06511368555104105,-2.0474232125628853,1.1401981877944916,-1.1152938191486235,-0.9408953018280067,1.0377428802679716,-1.838044042240242,-0.8192431154121911,1.8694198197731058
0.18920994893953433,0.18856299573068086,0.32642732456019946,0.26511370265919504,0.5343192187459354,-0.2490252128111096,0.5448056601399929,-0.42579782496422175,-0.4056902146323146,-0.1764986703416427,-0.05187935284247294,0.5592494534319222,0.34281694518046474,0.33413655982183493,0.18016993640650067,0.33405324562927696,-0.17458106781761515,-0.013185857852091216,0.4467669643086325,0.2398184862891138,0.00922479071965874,0.32726186577328453,0.0033410789792189203,-0.2861913342317833,-0.1756597750617773,0.33680784633921224,0.28619567227299486,-0.10372360748294455,-0.12485340699299652,0.1448622906289384,-0.011302790744277763,0.06962942010874701,-0.10228807207399526,-0.32997005768498605,-0.06511368555104105,0.39793788514709,-0.2096337728958989,0.33132506003715567,-0.11576197679700378,-0.36727494334553085,-3.3736475687247e-4,0.2627963519835026,-0.007311375810493003,-0.20877874986643247
-0.1474424857479139,1.864566170558725,-0.7740883151293844,-0.7530862802777509,-0.1681143858564723,0.9588955535999147,-0.801775216918318,1.061534427199689,0.2952679441482216,0.11944734341667869,1.748773150640382,-1.8507388275222985,0.08890780411526478,-0.3099835709589096,-0.43446239649020807,-0.7906404382120071,1.2271744698086184,0.4439997357627447,-1.2926670090961063,-1.9658267137765495,-0.06850532664040702,0.5048982160517482,-0.29516153043753457,1.0908917643398748,0.9937711656452806,-0.5326296558899161,0.14892651853129932,0.03760672601647107,0.1357750661751629,-0.12771041496246202,1.9706561019372586,1.0452420715413981,0.3126364559529515,1.435109628902235,-2.0474232125628853,-0.2096337728958989,1.7001336500425557,-0.9495439013611573,0.7803207100472538,0.974350650492737,-0.6002598986541539,0.988645172309323,0.6052404158277158,-1.2168943245344561
0.054311622413888073,-0.9619833688854061,0.4912782361337264,0.6489673164793008,0.3258829859845972,-0.7076251028186481,0.6858095836834092,-0.9100360765247888,-0.36591221762464776,-0.2144231358615501,-1.2274561290746289,1.4242648604093346,0.10662177844471946,0.4580021353858833,0.39630741603876735,0.594618161175266,-0.8131978072788444,-0.19596466134681756,0.9655745630372538,1.516552797938449,0.03906963291626836,0.16835429297209015,0.09929321353959222,-0.8547148613530912,-0.7557119869488707,0.15405766192790096,-0.0451511598791456,0.14065688837361473,-0.289704775325459,0.22895195784510508,-1.2767757607878378,-0.6807037096200077,-0.20507093258108156,-1.0488307561004595,1.1401981877944916,0.33132506003715567,-0.9495439013611573,0.8334080081122877,-0.4913160348035657,-0.808626117851469,0.34286580653837123,-0.3483996889749137,-0.4125863673889958,0.8130339247252087
-0.15705519493819825,0.8557820627826592,-0.06544183579033754,-0.19398402939740356,-0.5119086173379372,0.6183074486655352,-0.3169682454829992,1.216653415316718,0.012366637487017973,0.01126381831955553,1.1770920272179406,-0.8088524242781597,-0.27821156180639756,-0.5635376598811433,0.03823735906198965,-0.5132759791732149,0.13080654589863516,-0.08562483658456867,-0.5081984544412875,-0.9813761301631495,0.0906931083798456,0.201557239236757,-0.01826169539003333,0.7754545623964761,0.19791939470501194,-0.9747611852584495,-0.5481409819168604,0.27987557464639534,-0.04952599111357818,-0.2751467121096812,0.9011537879556587,0.16488677239748809,0.5203393579272385,0.48642051194628955,-1.1152938191486235,-0.11576197679700378,0.7803207100472538,-0.4913160348035657,0.7576939418294216,0.2803814591851013,-0.7176278962520612,0.6627557208880219,0.05496889052341606,-0.1816196007364411
-0.04743267449234117,0.7807017567863813,-0.7421737937754724,-0.7113834425701063,-0.1598898359586153,0.6367093708510564,-0.8451711347259933,0.5212111270730785,0.6116901045732337,0.35055365989069087,1.0069043748602406,-1.554492818951898,-0.011664991487693946,-0.0790915810861252,-0.524687352541544,-0.5956030940847898,0.9924770901983944,0.3887169041636702,-1.1294391131790935,-1.4638839165929065,-0.1310331834875336,-0.16128374559730463,-0.12178395092190836,0.692340868217903,0.8749732926085734,0.16626741202851397,0.3380263890334691,-0.2022421794043178,0.3570879446887313,-0.1184249676813507,1.2484557383008454,0.7991074857763123,0.004560984813621214,1.31745878793971,-0.9408953018280067,-0.36727494334553085,0.974350650492737,-0.808626117851469,0.2803814591851013,1.0031082631684753,-0.014234709871975905,0.171032886074762,0.47414581373856174,-0.9066860427497224
0.2388064508891996,-1.086004414957636,-0.3952795858577929,0.0778805780740544,0.5051528964584608,-0.6255552788243751,0.05714416020400477,-1.1541251013620208,0.3055137100935124,0.12963012933758042,-1.0486469217571042,0.5258520961371445,0.18611542400486053,0.9178828508276344,0.02138529741184449,0.34130881253627154,-0.032310958859406436,0.24779900069134064,0.4322685298602843,0.5711226059300014,-0.18514659731691274,-0.22432726752118912,0.046734716765080696,-0.670296838925867,-0.029974573852979688,0.9435149271019581,0.7458535587388686,-0.298255315104645,0.24426606916955956,0.33167768819331034,-0.746064832294181,0.06407372656755107,-0.49998957839092034,0.09986369569176946,1.0377428802679716,-3.3736475687247e-4,-0.6002598986541539,0.34286580653837123,-0.7176278962520612,-0.014234709871975905,1.062027406071435,-0.6538681780666301,-0.18371129725492458,0.20881873216578453
0.23009875620620784,1.4824810206486316,-0.17339610801554975,-0.08545102803259391,0.3699634357944427,0.5837922163491506,0.03443798714562315,0.7739987434542484,-0.282994170116354,-0.24522685737249245,1.5110117649804333,-0.5305802175875973,0.15598696099407366,0.18928006452182902,0.17931217450618298,-0.27711524720482006,0.3380550701264478,0.17348357119357005,-0.27798486603725314,-1.3254826376976863,-0.03469566178484974,0.8788347269151443,-0.1665618133440979,0.6119133936157123,0.340388678532473,-0.5699517774699907,0.17064997507992757,0.13981471149657218,-0.09452908622467329,0.04538369414054504,1.5389009019480184,0.718261226756086,0.3690718425648084,0.7019902609071492,-1.838044042240242,0.2627963519835026,0.988645172309323,-0.3483996889749137,0.6627557208880219,0.171032886074762,-0.6538681780666301,1.461291210715827,0.16480445369912708,-0.7582845900259437
-0.0124958353954575,1.1880154459990897,-0.2001604519752589,-0.531193459389141,0.2663603534107925,0.31448968873180116,-0.16357386859023273,-0.027827779837400854,-0.04274640505288252,0.06366620777718614,0.6161152009785772,-0.8306797240311306,0.47424830849886807,-0.2784207231632327,-0.5310176586477816,-0.12894281708866265,0.9549651638642003,0.23339021177528246,-0.6687882974899374,-0.8444110589785677,-0.009382427501755122,0.02277723858143111,-0.21546127247896144,0.37656608962501215,0.6740564538880442,0.6384681805853686,0.47999895934968756,-0.39728606065380484,0.1298028132600095,-0.021585848653269967,0.9611543732239555,0.7074358606407566,-0.17927265633707284,0.4099033186675669,-0.8192431154121911,-0.007311375810493003,0.6052404158277158,-0.4125863673889958,0.05496889052341606,0.47414581373856174,-0.18371129725492458,0.16480445369912708,0.6882299329252667,-1.1642101680069528
-0.49654044972126643,-2.170231095749771,0.4639095959035193,0.8610637341964108,-0.9339308687544052,-0.5961784760435278,0.1653286566014909,0.1967779548146476,0.01838359697493238,-0.19789768414279427,-1.5572554683634812,1.493210484237765,-0.7423071815993396,-0.13373918686168643,0.7443549896967883,0.18198217675814396,-1.7135612255372719,-0.6231961984851202,1.0927495677356347,2.21608889297587,0.34420447817509164,0.007525733207977699,0.3167499481892925,-0.3197448269329451,-1.4803236781169171,-1.6494976719186711,-1.262525645530465,0.8491096781878538,-0.3814417949365013,-0.07371724441688449,-1.9890765916211914,-1.7053862733553686,0.38737289830712507,-1.1395739407901182,1.8694198197731058,-0.20877874986643247,-1.2168943245344561,0.8130339247252087,-0.1816196007364411,-0.9066860427497224,0.20881873216578453,-0.7582845900259437,-1.1642101680069528,2.6971220449226307
