V1,V2,V3,V4,V5,V6,V7,V8,V9,V10,V11,V12,V13,V14,V15,V16,V17,V18,V19,V20,V21,V22,V23,V24,V25,V26,V27,V28,V29,V30,V31,V32,V33,V34,V35,V36,V37,V38,V39,V40,V41,V42,V43,V44
1.0294150680469338,0.67002578688446,-0.7159707090492692,-1.6459741764465312,1.318895325627892,0.06610850836406192,-0.4340151960393805,-0.11164403338078488,0.1653420012526512,-0.34370127744150897,0.38134605773440045,1.679999632522311,1.185800242201015,0.032229248206772185,0.6522869836977255,0.8884704974950164,-0.5183198582330482,-0.2094060249683979,0.548118056795071,-0.5321970272118799,1.1205032566784254,-1.1507597679083554,-0.05128839983118329,-0.1903152507391848,1.3010257619505492,-0.07365432204958908,1.0668197400161492,-0.4865994282422545,1.1340034262071843,1.1242219975189616,1.017987972858725,1.4799687365148377,1.397237201692301,1.5622917932032652,-1.5332910903823336,0.6639273393711705,-1.2881703188546174,-0.025240865526172607,-0.7615772422570043,-1.8938610226680324,-0.3241145426714767,-0.02587198215857255,0.369392246308766,-1.6195119140814156
0.67002578688446,1.5696660793061121,-0.8861937983678239,-1.7798871162776249,0.720987323482443,0.6107482571778061,-0.8709582724003931,1.1018050276566274,0.35179237694144627,-0.35099674196688796,1.5432651859751962,0.935683829916886,0.9921604062761175,-0.4324694951320695,0.7625489409772831,0.3813889007225728,-0.3399133880018923,-0.2934557845474729,-0.002094179919149864,-1.3628469748980454,1.3738136553276192,-0.7847541334487741,-0.006211750264732372,0.48060333614452155,1.4979693123840723,-1.1173883711231603,0.43792088104738064,-0.021968890560958795,1.083438203977578,0.950877230847973,1.8658254377201076,1.629911698818323,1.984967290034275,2.0929792517272094,-2.5483700851518623,0.5454795245860424,-0.4358158410970233,-0.4851629445596354,-0.02068359233161914,-1.6513452591665834,-1.0179300525899568,0.6140156616419207,0.4790097064934441,-1.5189022313629927
-0.7159707090492692,-0.8861937983678239,0.7166327936230761,1.4809786294840146,-0.8632969943968722,-0.26596104344199806,0.5926731144484889,-0.4663125715562447,-0.24591890634463417,0.31505181950939987,-0.7901384203898948,-1.2144279343015156,-0.9506859192112254,0.17776472645258895,-0.6672095229923966,-0.5592278565019154,0.4537864639307286,0.2681812003493257,-0.29045221771565866,0.7384856822696478,-1.1537773569601737,0.8478503945399517,0.0030259157884822796,-0.16103107436787203,-1.170070643406651,0.6208996868215073,-0.6248026315904965,0.19600361697729393,-0.970482156619337,-0.910786020193865,-1.2143105271867134,-1.3101703402413911,-1.535678522756254,-1.6038482990930114,1.728495924662751,-0.5202649994940053,0.8224687222803908,0.1887444654011409,0.360054228529807,1.6049125437894176,0.5714817558954299,-0.22129228037916837,-0.3205341409463227,1.2397560249970896
-1.6459741764465312,-1.7798871162776249,1.4809786294840146,3.504758577000475,-1.7186460337026148,-0.7064413227921078,1.2953629045786363,-1.3777087938182169,-0.49056381659106485,0.7801259910957812,-1.740031673137081,-3.186823296487991,-2.0548443326538806,0.6375169053805124,-1.6868517478741616,-1.294733302374187,1.618655891985813,0.7928929536401113,-0.8371927792740854,1.4476070952221503,-2.807427264560906,2.0947137034438046,0.025859517797598604,-0.4150675366661188,-2.462538026885906,2.0737196629942027,-1.025699135158353,0.2097975516706492,-2.239916244541457,-2.133695851571956,-2.600119727409575,-2.724708839841609,-3.806652163670757,-3.5744688529146464,3.928205739018513,-1.1751263303030406,2.2167821613096796,0.39796345169105535,0.7164753275193187,4.0225759572388995,1.5129505450185878,-0.4132145080820384,-0.5016272371370154,2.4614738685679405
1.318895325627892,0.720987323482443,-0.8632969943968722,-1.7186460337026148,2.1838841921423757,-0.3377540800756932,-0.2834460499364207,-1.2164652950917207,0.16113247918654913,-0.30172429054766,-0.015263641357538953,1.6787675671771844,1.7017550122035037,0.5926375126971944,0.39057112517928644,1.269912800067274,0.13723346838947256,0.13081331320904066,0.6472420051353531,-0.5748117968560593,0.8604447200743002,-1.2600601708403965,-0.09791119828284901,-0.6137136555851966,1.6892142509171346,1.440426475154535,2.1301562096743694,-1.1478168195898435,1.3347896228449248,1.3156414741600073,1.047765910871388,2.0207943018606054,0.8054309489378445,1.6489720262968617,-1.2564352007813804,0.8534041070259893,-1.4321552127240351,0.1284132834796687,-1.3869093364061678,-1.7538666619429628,0.29764247017032947,-0.279025480377126,0.7131601799521669,-2.5058098441161913
0.06610850836406192,0.6107482571778061,-0.26596104344199806,-0.7064413227921078,-0.3377540800756932,0.6361427997125014,-0.5971115674206613,1.4160792633826573,0.15860008879363163,-0.18930142223177276,1.0033811133905253,0.2643691997517987,-0.05195301051640111,-0.6541147659053661,0.5272861828682708,-0.16741196479747236,-0.6390736302639177,-0.3592828183404004,-0.13103079046124144,-0.6000933648258994,0.7134286177276759,-0.22955225858608738,0.02858596246855951,0.6986413597821897,0.323744182644523,-1.7845581314640617,-0.6196282247341708,0.4766270027171343,0.2917454515006657,0.18553715135394058,0.8876893952232721,0.2533448056499908,1.3527249854974577,0.9187693802916462,-1.3748621423017227,0.05900610023080519,-0.04331822391251646,-0.3293298029664396,0.4548320171088068,-0.7816013046604828,-0.9483065266152484,0.5173674867018552,-0.12087692761118007,-0.027972934906696754
-0.4340151960393805,-0.8709582724003931,0.5926731144484889,1.2953629045786363,-0.2834460499364207,-0.5971115674206613,1.0194115932458143,-1.481098005307428,-0.3346393876435068,0.3964115806990139,-1.1743266477415086,-1.0312124770318132,-0.37975576107474107,0.6582283065445006,-1.0277303003360574,-0.28604976126634474,0.873970397011541,0.4815196529263903,-0.16078659622213146,0.7145027829446334,-1.2443554831452357,0.6783848438196183,-0.13985536743359295,-0.6369195433487941,-0.8911941943461467,2.035432508984432,0.20767544401999655,-0.3390310230829348,-0.7601022406966391,-0.6461035638853716,-1.3050387704373474,-0.844449268569387,-2.2060351923246277,-1.6786267352223696,2.0598580124322425,-0.41825194717450015,0.6048923402227496,0.21620280587164073,-0.03929483066721195,1.8256751124139996,1.194462833345077,-0.600010647136678,0.03540544004187134,0.7041361817896076
-0.11164403338078488,1.1018050276566274,-0.4663125715562447,-1.3777087938182169,-1.2164652950917207,1.4160792633826573,-1.481098005307428,3.744962111978604,0.4350011305195216,-0.525266338756085,2.245848508960602,0.9984403683697451,-0.38550859946756477,-1.736076711233949,1.6139336512813183,-0.4053137575178894,-2.016109576524987,-1.1137184375953018,-0.07754498369772513,-0.9056230258377428,1.9263057091819176,-0.4537840122453607,0.2530936320357147,1.6111914577785706,0.3924201695499715,-4.9991587475835395,-2.0815716619697073,1.5583263967387073,0.540842785830415,0.3881366391241076,1.6531523729848143,0.11584692891037855,3.5837780229740823,1.9075209328258698,-2.9728040470066945,0.14314790951795409,-0.2674442042287029,-0.5874122436250391,1.2193523282533334,-2.2278158292176022,-2.4719706155573404,1.2028488791004786,-0.58056411946711,0.7326697791314184
0.1653420012526512,0.35179237694144627,-0.24591890634463417,-0.49056381659106485,0.16113247918654913,0.15860008879363163,-0.3346393876435068,0.4350011305195216,0.1421807513603652,-0.14200273031512115,0.408309302866432,0.43295410926200417,0.23276590555284754,-0.17350892638120194,0.36624870035867596,0.1463984282830511,-0.2701391796033714,-0.162735760864516,0.08265355303788302,-0.2593467256042901,0.4871497599757958,-0.2568125959354682,0.05143496562191668,0.13923988609552515,0.37851868251744025,-0.5767093932849292,0.0035503681209552865,0.09285395870901733,0.3140179827972024,0.29396110883450755,0.457707767044044,0.3815740518657873,0.7604657999357164,0.6142269432007842,-0.7195131938986746,0.18127893195668593,-0.23886898788218838,-0.07337336849737597,-0.02144478329258906,-0.6765610433402707,-0.3759352012363823,0.17886751195612377,0.04657384612782859,-0.2912692534698378
-0.34370127744150897,-0.35099674196688796,0.31505181950939987,0.7801259910957812,-0.30172429054766,-0.18930142223177276,0.3964115806990139,-0.525266338756085,-0.14200273031512115,0.23636285109710867,-0.41828383164383653,-0.9034441421551173,-0.3782808717070663,0.24872748227177832,-0.565160778918465,-0.31678127554263114,0.5804593810190631,0.2841158908163079,-0.26432857526928916,0.21597456719750904,-0.7538237438256483,0.500837715596708,-0.0507474933543767,-0.11551317319972028,-0.5043688948792902,0.8475117794522159,-0.034219802089014484,-0.10365152273047762,-0.49757834814842467,-0.5020766811300522,-0.5360191722740407,-0.514195738025004,-1.1261766805906783,-0.8247465459326974,0.9557394728724611,-0.2945808051177157,0.5981783663876901,0.03783756727364958,0.1308220791022212,1.1587430673374308,0.5116255526719207,-0.15286437426585103,-0.012281628171851503,0.3975521777163492
0.38134605773440045,1.5432651859751962,-0.7901384203898948,-1.740031673137081,-0.015263641357538953,1.0033811133905253,-1.1743266477415086,2.245848508960602,0.408309302866432,-0.41828383164383653,1.9978839978477911,0.8681970622573878,0.5089551181568525,-0.971961470484698,1.088325118708346,0.03870968204812306,-0.9389491941277122,-0.5968430190839835,-0.10078039235680943,-1.3688820163571382,1.6410544874696698,-0.6522660447974887,0.08422696570747192,1.0405810224462797,1.1679697055194846,-2.699828479678551,-0.5049029196873809,0.5771847845093296,0.9330527242995634,0.7497531143605948,1.997269053689365,1.1656718069104697,2.6925155664972817,2.2050655632465457,-2.922371274764426,0.39455536695553994,-0.29349496363312827,-0.6054502786615421,0.5091780323117353,-1.8604256542593833,-1.639888210468263,0.9144895593035512,0.1107923276915249,-0.7628847188651724
1.679999632522311,0.935683829916886,-1.2144279343015156,-3.186823296487991,1.6787675671771844,0.2643691997517987,-1.0312124770318132,0.9984403683697451,0.43295410926200417,-0.9034441421551173,0.8681970622573878,4.392905031736203,1.964624071514336,-0.5455334794872287,2.1131824831316366,1.7128888406512068,-2.399145307173665,-1.0873109603470414,1.5148241944290095,-0.3418300309766671,3.0310845410311797,-2.3445786235497335,0.1412534615610066,-0.31381618326920974,2.034689611939887,-2.228007510047975,0.7031904845600948,0.04587627549645922,2.166142388204366,2.353980669686894,1.4909008566435926,2.180846565903653,3.9624266748650965,2.8951560274156116,-3.0749139919274326,1.3353230960772753,-3.060855072347969,0.10707042375838509,-1.0288537287577362,-4.830271033008444,-1.4238975545083503,0.00847843389451092,0.18351336602649104,-1.7063078409296952
1.185800242201015,0.9921604062761175,-0.9506859192112254,-2.0548443326538806,1.7017550122035037,-0.05195301051640111,-0.37975576107474107,-0.38550859946756477,0.23276590555284754,-0.3782808717070663,0.5089551181568525,1.964624071514336,1.7513343928050924,0.2128027312373584,0.6409448023811617,1.0975413041447373,-0.37192597387439724,-0.1762848202330949,0.6404828440495393,-0.7567397610290575,1.4260280976739426,-1.3072166245423542,-0.09464255775539995,-0.31384829750879173,1.6942981370471903,0.418210283787641,1.5446759168534419,-0.718370857423564,1.4647485160489635,1.458095354817212,1.3312386433853998,2.021404931379171,1.4523265858488472,1.9369341097689399,-1.7831905356613718,0.8244269144210037,-1.471226197393054,-0.09289960101513327,-0.9493466820795596,-2.097988818613156,-0.16464524030334196,-0.14690068639498127,0.6492288490329705,-2.0267495504690936
0.032229248206772185,-0.4324694951320695,0.17776472645258895,0.6375169053805124,0.5926375126971944,-0.6541147659053661,0.6582283065445006,-1.736076711233949,-0.17350892638120194,0.24872748227177832,-0.971961470484698,-0.5455334794872287,0.2128027312373584,0.8463070273181434,-0.7610868491462779,0.17083510105961922,1.0182297146504948,0.5519227157491206,-0.007894972343963875,0.340081828983505,-0.9038942473399664,0.26451077582532984,-0.11637888199986926,-0.7212183729175778,-0.1392947619141954,2.3686635103716607,1.0142068484947173,-0.7337383544381971,-0.2410471308341007,-0.17783718500921547,-0.6814670527696606,0.007629447543702947,-1.6766387417142894,-0.8190563532580852,1.3258400923142764,-0.06253816877929463,0.2026251656280451,0.24890873542498745,-0.5558273834030619,1.0890343222415761,1.1626869902046197,-0.5169739024236332,0.3038495489297,-0.3892292015408788
0.6522869836977255,0.7625489409772831,-0.6672095229923966,-1.6868517478741616,0.39057112517928644,0.5272861828682708,-1.0277303003360574,1.6139336512813183,0.36624870035867596,-0.565160778918465,1.088325118708346,2.1131824831316366,0.6409448023811617,-0.7610868491462779,1.4889078547477528,0.6292671724211356,-1.5705765650535466,-0.7829282405543048,0.610045126765245,-0.4141012126927774,1.842945627302412,-1.0869872538413814,0.21090740254533427,0.3626133755963376,1.0122585507560542,-2.548476252317528,-0.3407738662698976,0.5179718273100926,1.0544401594146404,1.081291124053518,1.1537822344508024,0.9547121252278055,2.881729458250799,1.8642754534679498,-2.26243751143912,0.653487103688469,-1.3127241198349107,-0.07780219955344943,-0.10348574220156209,-2.804691613880848,-1.4265846598899579,0.4680205416674861,-0.12170387711591717,-0.5721399622983587
0.8884704974950164,0.3813889007225728,-0.5592278565019154,-1.294733302374187,1.269912800067274,-0.16741196479747236,-0.28604976126634474,-0.4053137575178894,0.1463984282830511,-0.31678127554263114,0.03870968204812306,1.7128888406512068,1.0975413041447373,0.17083510105961922,0.6292671724211356,0.9436954538570786,-0.4806219729350018,-0.1757498282110523,0.6586163738785918,-0.16275280837659795,0.9662045879275833,-1.0174289110025676,0.019409001907217085,-0.4373048197668197,1.0637801104879474,0.20384146785551197,1.0207582565188849,-0.45859321644305556,0.9796611716120358,1.043925588685544,0.5823272005742326,1.216530697964396,1.114563834480185,1.1691381429325893,-0.99850268189629,0.6530054758683458,-1.3057898564534387,0.15224800268278693,-0.8504937541505626,-1.785097087530325,-0.12357887442760127,-0.17574811591418218,0.3062794085666802,-1.32633963567774
-0.5183198582330482,-0.3399133880018923,0.4537864639307286,1.618655891985813,0.13723346838947256,-0.6390736302639177,0.873970397011541,-2.016109576524987,-0.2701391796033714,0.5804593810190631,-0.9389491941277122,-2.399145307173665,-0.37192597387439724,1.0182297146504948,-1.5705765650535466,-0.4806219729350018,2.220359185015099,1.0208191113230858,-0.7410840748484446,0.05003827245998777,-1.960982017155623,1.1148785080616208,-0.17041481358382624,-0.4885725454827693,-0.5571445148753418,3.3270243802173076,0.9674021516022563,-0.872765390122463,-0.926190648241591,-1.0031564870619238,-0.8051387852022003,-0.43414004571003906,-3.0262697928237805,-1.5462119070070073,2.010070887297305,-0.5002190373306004,1.5601473685699316,0.062002637182233915,-0.15471972048725152,2.9133952235231275,1.579971141306126,-0.3353012414655599,0.44481102420837465,-0.2224530175222221
-0.2094060249683979,-0.2934557845474729,0.2681812003493257,0.7928929536401113,0.13081331320904066,-0.3592828183404004,0.4815196529263903,-1.1137184375953018,-0.162735760864516,0.2841158908163079,-0.5968430190839835,-1.0873109603470414,-0.1762848202330949,0.5519227157491206,-0.7829282405543048,-0.1757498282110523,1.0208191113230858,0.5303792004511185,-0.2998973820377832,0.12161254093301575,-1.0218989153702212,0.508303610019964,-0.10187173992445775,-0.3011992793692745,-0.3189379952166686,1.6964281591298027,0.5260124572732594,-0.46427854026386034,-0.4444289520620525,-0.47206367067032684,-0.48475478899183844,-0.25575964796059836,-1.5472308625380464,-0.8115975635576786,1.104200896395655,-0.2334808189723709,0.64768390701453,0.08550769737698588,-0.15918557614371315,1.3905813089281533,0.8505816825679386,-0.24134283711996532,0.17309128069435528,-0.12157183854516354
0.548118056795071,-0.002094179919149864,-0.29045221771565866,-0.8371927792740854,0.6472420051353531,-0.13103079046124144,-0.16078659622213146,-0.07754498369772513,0.08265355303788302,-0.26432857526928916,-0.10078039235680943,1.5148241944290095,0.6404828440495393,-0.007894972343963875,0.610045126765245,0.6586163738785918,-0.7410840748484446,-0.2998973820377832,0.635679323818186,0.19985893207667624,0.8371038439103158,-0.7492089403225873,0.060782951438129985,-0.3198362381331734,0.5108396719471187,-0.3360870608328499,0.37178300391546837,-0.1016609927573095,0.6333464328242893,0.7370398625234561,0.13769433239541434,0.571669926603753,0.9825850819704283,0.6607364874549424,-0.5440277099141999,0.4410813595667459,-1.1247921174011308,0.19510461176362834,-0.514039767007422,-1.4926484983134856,-0.19863058555734175,-0.1970201052833191,0.019141056815509327,-0.4589741058011001
-0.5321970272118799,-1.3628469748980454,0.7384856822696478,1.4476070952221503,-0.5748117968560593,-0.6000933648258994,0.7145027829446334,-0.9056230258377428,-0.2593467256042901,0.21597456719750904,-1.3688820163571382,-0.3418300309766671,-0.7567397610290575,0.340081828983505,-0.4141012126927774,-0.16275280837659795,0.05003827245998777,0.12161254093301575,0.19985893207667624,1.3481900096732038,-0.9225652215351056,0.5459326629521917,0.0757659138368993,-0.6031473004765645,-1.2281129336359173,0.7759864703036977,-0.4558630869200727,0.12934874756120657,-0.8395057748158484,-0.6368878842087505,-1.725537516744872,-1.36745536808888,-1.4043814899368072,-1.7681597478858253,2.134499606492369,-0.3425797906166044,0.12403555139164958,0.5125759899938945,-0.048113297490478824,0.9729126045905065,0.7503952083413598,-0.5524882371360504,-0.4279221593986123,1.382345708090779
1.1205032566784254,1.3738136553276192,-1.1537773569601737,-2.807427264560906,0.8604447200743002,0.7134286177276759,-1.2443554831452357,1.9263057091819176,0.4871497599757958,-0.7538237438256483,1.6410544874696698,3.0310845410311797,1.4260280976739426,-0.9038942473399664,1.842945627302412,0.9662045879275833,-1.960982017155623,-1.0218989153702212,0.8371038439103158,-0.9225652215351056,2.7642161402131533,-1.6929946380422134,0.14627885897198112,0.47386389121621236,1.77243366380713,-2.9188658800699985,0.04536786718753833,0.39316447610996197,1.7670267823179209,1.7656700275814938,1.9696986675355985,1.869267182469614,3.8372771311510268,2.9097272676837975,-3.388610091596054,0.964797693022599,-1.929387895938057,-0.2898277164197727,-0.25273452915325023,-3.8206106715743005,-1.7479152939601836,0.48915010394363684,0.14479321195652523,-1.2405765836574816
-1.1507597679083554,-0.7847541334487741,0.8478503945399517,2.0947137034438046,-1.2600601708403965,-0.22955225858608738,0.6783848438196183,-0.4537840122453607,-0.2568125959354682,0.500837715596708,-0.6522660447974887,-2.3445786235497335,-1.3072166245423542,0.26451077582532984,-1.0869872538413814,-1.0174289110025676,1.1148785080616208,0.508303610019964,-0.7492089403225873,0.5459326629521917,-1.6929946380422134,1.4710059056180806,-0.0033778909486554647,0.07036975427266491,-1.4723831171771427,0.9657732565940704,-0.7883375304511349,0.24194267236077988,-1.3965994846680243,-1.4049703921929688,-1.2280766329183008,-1.6120956822242516,-2.2387450036016623,-1.9817008265830736,2.0802749296987337,-0.8016293052787488,1.7114864333670268,0.051313586582980936,0.7068387428041751,2.7001274807864237,0.7658987618631105,-0.048997031907895054,-0.2704670167066008,1.5419746995286847
-0.05128839983118329,-0.006211750264732372,0.0030259157884822796,0.025859517797598604,-0.09791119828284901,0.02858596246855951,-0.13985536743359295,0.2530936320357147,0.05143496562191668,-0.0507474933543767,0.08422696570747192,0.1412534615610066,-0.09464255775539995,-0.11637888199986926,0.21090740254533427,0.019409001907217085,-0.17041481358382624,-0.10187173992445775,0.060782951438129985,0.0757659138368993,0.14627885897198112,-0.0033778909486554647,0.10110941824319451,0.0364056958203275,-0.030221732081996026,-0.40995126620338557,-0.21070089963766492,0.1625277672920808,-0.004231324042837234,0.011592042286094326,-0.01953926793884752,-0.0815904718845272,0.3098600186694373,0.06347389912788477,-0.10346565491539601,0.04539239113960227,-0.038950697910477936,0.048310787489118844,0.04630499011371689,-0.2527564425312516,-0.19188799342262208,0.08943614719308818,-0.08801288812933222,0.14296066071254548
-0.1903152507391848,0.48060333614452155,-0.16103107436787203,-0.4150675366661188,-0.6137136555851966,0.6986413597821897,-0.6369195433487941,1.6111914577785706,0.13923988609552515,-0.11551317319972028,1.0405810224462797,-0.31381618326920974,-0.31384829750879173,-0.7212183729175778,0.3626133755963376,-0.4373048197668197,-0.4885725454827693,-0.3011992793692745,-0.3198362381331734,-0.6031473004765645,0.47386389121621236,0.07036975427266491,0.0364056958203275,1.0740645795000774,0.030855105102854875,-1.9662554289412688,-0.7956280191163309,0.5189606228847385,0.07088086855624111,-0.14448228699762583,0.9187490605984246,-0.040033648996188,1.131207542221993,0.7940207249177051,-1.1740688277185187,-0.1335874987708987,0.28950438525320893,-0.36751598108497857,0.6197509698943804,-0.28780783344665034,-0.8831870301701212,0.5666947546690558,-0.2554461221927655,0.2915335151552782
1.3010257619505492,1.4979693123840723,-1.170070643406651,-2.462538026885906,1.6892142509171346,0.323744182644523,-0.8911941943461467,0.3924201695499715,0.37851868251744025,-0.5043688948792902,1.1679697055194846,2.034689611939887,1.6942981370471903,-0.1392947619141954,1.0122585507560542,1.0637801104879474,-0.5571445148753418,-0.3189379952166686,0.5108396719471187,-1.2281129336359173,1.77243366380713,-1.4723831171771427,-0.030221732081996026,0.030855105102854875,2.0682743463967195,-0.5082565727098907,1.327052789131019,-0.514584564863423,1.6522806635512122,1.5697140214978067,1.9501194836103986,2.3160111520420816,2.3242609861606307,2.6001390632440184,-2.761270510172111,0.9378071358142651,-1.4022691715526112,-0.26251592336527374,-0.7740638329833751,-2.633173264287813,-0.790841925975584,0.2894707875871432,0.6493413266963193,-2.3904639069423523
-0.07365432204958908,-1.1173883711231603,0.6208996868215073,2.0737196629942027,1.440426475154535,-1.7845581314640617,2.035432508984432,-4.9991587475835395,-0.5767093932849292,0.8475117794522159,-2.699828479678551,-2.228007510047975,0.418210283787641,2.3686635103716607,-2.548476252317528,0.20384146785551197,3.3270243802173076,1.6964281591298027,-0.3360870608328499,0.7759864703036977,-2.9188658800699985,0.9657732565940704,-0.40995126620338557,-1.9662554289412688,-0.5082565727098907,7.142471821704709,2.821698212147198,-2.156717331356991,-0.9164929458545001,-0.802023111875804,-1.9647538364850972,-0.10627330963182598,-5.303809643406035,-2.650823087917078,3.9631976555087722,-0.3772113174548235,1.0664948167797201,0.5460587717839117,-1.3526160684335027,3.819271742615542,3.4140857994402123,-1.4421859234860368,0.984751748573058,-1.0752531174590236
1.0668197400161492,0.43792088104738064,-0.6248026315904965,-1.025699135158353,2.1301562096743694,-0.6196282247341708,0.20767544401999655,-2.0815716619697073,0.0035503681209552865,-0.034219802089014484,-0.5049029196873809,0.7031904845600948,1.5446759168534419,1.0142068484947173,-0.3407738662698976,1.0207582565188849,0.9674021516022563,0.5260124572732594,0.37178300391546837,-0.4558630869200727,0.04536786718753833,-0.7883375304511349,-0.21070089963766492,-0.7956280191163309,1.327052789131019,2.821698212147198,2.469741052317207,-1.4972880767401913,0.9218413554227589,0.8744240136995324,0.6048341023208615,1.7321342093332928,-0.5731663397395129,0.8879714381608621,-0.25403357139862787,0.5810290368943685,-0.8395035656520274,0.14534941098839965,-1.4068939917892413,-0.441272586113322,1.0410509956839198,-0.5319396951701391,0.8507906895883366,-2.386778684174182
-0.4865994282422545,-0.021968890560958795,0.19600361697729393,0.2097975516706492,-1.1478168195898435,0.4766270027171343,-0.3390310230829348,1.5583263967387073,0.09285395870901733,-0.10365152273047762,0.5771847845093296,0.04587627549645922,-0.718370857423564,-0.7337383544381971,0.5179718273100926,-0.45859321644305556,-0.872765390122463,-0.46427854026386034,-0.1016609927573095,0.12934874756120657,0.39316447610996197,0.24194267236077988,0.1625277672920808,0.5189606228847385,-0.514584564863423,-2.156717331356991,-1.4972880767401913,0.9942644453548494,-0.2909741180346174,-0.2455817308827517,-0.06409071961870691,-0.7527098336219796,0.9567929234958195,-0.08554609394227093,-0.3825509514263701,-0.1867918985449995,0.23667653411176207,-0.12350502575360581,0.8140183608783291,-0.3425044390890187,-0.9168869547642575,0.42812437215714133,-0.4849109445601644,1.24379204726885
1.1340034262071843,1.083438203977578,-0.970482156619337,-2.239916244541457,1.3347896228449248,0.2917454515006657,-0.7601022406966391,0.540842785830415,0.3140179827972024,-0.49757834814842467,0.9330527242995634,2.166142388204366,1.4647485160489635,-0.2410471308341007,1.0544401594146404,0.9796611716120358,-0.926190648241591,-0.4444289520620525,0.6333464328242893,-0.8395057748158484,1.7670267823179209,-1.3965994846680243,-0.004231324042837234,0.07088086855624111,1.6522806635512122,-0.9164929458545001,0.9218413554227589,-0.2909741180346174,1.4939564247533086,1.451221970300083,1.571349545370185,1.8555042454846324,2.296360486304799,2.2593943044847915,-2.359572700526667,0.8265781942543732,-1.5390029655458597,-0.1667046876083113,-0.6596744710745286,-2.6215902835911593,-0.7850193908874704,0.1514954694185836,0.3948291369594282,-1.7451549379187978
1.1242219975189616,0.950877230847973,-0.910786020193865,-2.133695851571956,1.3156414741600073,0.18553715135394058,-0.6461035638853716,0.3881366391241076,0.29396110883450755,-0.5020766811300522,0.7497531143605948,2.353980669686894,1.458095354817212,-0.17783718500921547,1.081291124053518,1.043925588685544,-1.0031564870619238,-0.47206367067032684,0.7370398625234561,-0.6368878842087505,1.7656700275814938,-1.4049703921929688,0.011592042286094326,-0.14448228699762583,1.5697140214978067,-0.802023111875804,0.8744240136995324,-0.2455817308827517,1.451221970300083,1.4908542912594887,1.3143045266317426,1.7556901922147665,2.2137594849607436,2.0531104623494967,-2.141052503003526,0.8472890514762111,-1.6364621022278807,-0.08298226803088608,-0.6964887436755575,-2.682390490752563,-0.7241236543939171,0.06770475036101138,0.37782654537709354,-1.5963553780552207
1.017987972858725,1.8658254377201076,-1.2143105271867134,-2.600119727409575,1.047765910871388,0.8876893952232721,-1.3050387704373474,1.6531523729848143,0.457707767044044,-0.5360191722740407,1.997269053689365,1.4909008566435926,1.3312386433853998,-0.6814670527696606,1.1537822344508024,0.5823272005742326,-0.8051387852022003,-0.48475478899183844,0.13769433239541434,-1.725537516744872,1.9696986675355985,-1.2280766329183008,-0.01953926793884752,0.9187490605984246,1.9501194836103986,-1.9647538364850972,0.6048341023208615,-0.06409071961870691,1.571349545370185,1.3143045266317426,2.6205334511553646,2.1432639940118476,2.9658500168952147,3.048563972102115,-3.5233543115739656,0.7364923248977354,-0.9409676524557915,-0.5925688872869523,-0.16375012427889515,-2.5217694293287685,-1.4155182830873894,0.7578883594656705,0.44259980760875794,-2.0056252358200273
1.4799687365148377,1.629911698818323,-1.3101703402413911,-2.724708839841609,2.0207943018606054,0.2533448056499908,-0.844449268569387,0.11584692891037855,0.3815740518657873,-0.514195738025004,1.1656718069104697,2.180846565903653,2.021404931379171,0.007629447543702947,0.9547121252278055,1.216530697964396,-0.43414004571003906,-0.25575964796059836,0.571669926603753,-1.36745536808888,1.869267182469614,-1.6120956822242516,-0.0815904718845272,-0.040033648996188,2.3160111520420816,-0.10627330963182598,1.7321342093332928,-0.7527098336219796,1.8555042454846324,1.7556901922147665,2.1432639940118476,2.6611501240221647,2.2820023096480884,2.8316057382914672,-2.8907870251961034,1.0329020954645869,-1.5545092607231898,-0.28550828578287596,-0.9669955654364174,-2.7230997253074056,-0.6333153463941739,0.19795425694515525,0.8081938111935012,-2.765410087412523
1.397237201692301,1.984967290034275,-1.535678522756254,-3.806652163670757,0.8054309489378445,1.3527249854974577,-2.2060351923246277,3.5837780229740823,0.7604657999357164,-1.1261766805906783,2.6925155664972817,3.9624266748650965,1.4523265858488472,-1.6766387417142894,2.881729458250799,1.114563834480185,-3.0262697928237805,-1.5472308625380464,0.9825850819704283,-1.4043814899368072,3.8372771311510268,-2.2387450036016623,0.3098600186694373,1.131207542221993,2.3242609861606307,-5.303809643406035,-0.5731663397395129,0.9567929234958195,2.296360486304799,2.2137594849607436,2.9658500168952147,2.2820023096480884,5.97428177861735,4.240854260288993,-5.175955310268652,1.2726824542544874,-2.4525065806184823,-0.44902747150157934,-0.043296128023737064,-5.520994530759934,-3.0273519964066793,1.1089003841410774,-0.09796216801733466,-1.5138238813191853
1.5622917932032652,2.0929792517272094,-1.6038482990930114,-3.5744688529146464,1.6489720262968617,0.9187693802916462,-1.6786267352223696,1.9075209328258698,0.6142269432007842,-0.8247465459326974,2.2050655632465457,2.8951560274156116,1.9369341097689399,-0.8190563532580852,1.8642754534679498,1.1691381429325893,-1.5462119070070073,-0.8115975635576786,0.6607364874549424,-1.7681597478858253,2.9097272676837975,-1.9817008265830736,0.06347389912788477,0.7940207249177051,2.6001390632440184,-2.650823087917078,0.8879714381608621,-0.08554609394227093,2.2593943044847915,2.0531104623494967,3.048563972102115,2.8316057382914672,4.240854260288993,3.9937674527419382,-4.451442760345842,1.191009397098401,-1.9385972490826944,-0.49796298121164173,-0.5657837028553631,-4.106469303820952,-1.8362019456474594,0.7446460764363567,0.4726386606374933,-2.590670694014288
-1.5332910903823336,-2.5483700851518623,1.728495924662751,3.928205739018513,-1.2564352007813804,-1.3748621423017227,2.0598580124322425,-2.9728040470066945,-0.7195131938986746,0.9557394728724611,-2.922371274764426,-3.0749139919274326,-1.7831905356613718,1.3258400923142764,-2.26243751143912,-0.99850268189629,2.010070887297305,1.104200896395655,-0.5440277099141999,2.134499606492369,-3.388610091596054,2.0802749296987337,-0.10346565491539601,-1.1740688277185187,-2.761270510172111,3.9631976555087722,-0.25403357139862787,-0.3825509514263701,-2.359572700526667,-2.141052503003526,-3.5233543115739656,-2.8907870251961034,-5.175955310268652,-4.451442760345842,5.365930768244994,-1.2157963583956695,1.8641308221226847,0.7276851393307154,0.12465746586231273,4.626507888157,2.5957754549312635,-1.169856845333798,-0.3865667728650411,2.4579376106530053
0.6639273393711705,0.5454795245860424,-0.5202649994940053,-1.1751263303030406,0.8534041070259893,0.05900610023080519,-0.41825194717450015,0.14314790951795409,0.18127893195668593,-0.2945808051177157,0.39455536695553994,1.3353230960772753,0.8244269144210037,-0.06253816877929463,0.653487103688469,0.6530054758683458,-0.5002190373306004,-0.2334808189723709,0.4410813595667459,-0.3425797906166044,0.964797693022599,-0.8016293052787488,0.04539239113960227,-0.1335874987708987,0.9378071358142651,-0.3772113174548235,0.5810290368943685,-0.1867918985449995,0.8265781942543732,0.8472890514762111,0.7364923248977354,1.0329020954645869,1.2726824542544874,1.191009397098401,-1.2157963583956695,0.5316138104478272,-0.9262028018825089,0.007133785709290698,-0.47632050693268935,-1.5808892085484296,-0.40356192438320854,0.062172465652782886,0.22399436902367653,-1.0328738664068369
-1.2881703188546174,-0.4358158410970233,0.8224687222803908,2.2167821613096796,-1.4321552127240351,-0.04331822391251646,0.6048923402227496,-0.2674442042287029,-0.23886898788218838,0.5981783663876901,-0.29349496363312827,-3.060855072347969,-1.471226197393054,0.2026251656280451,-1.3127241198349107,-1.3057898564534387,1.5601473685699316,0.64768390701453,-1.1247921174011308,0.12403555139164958,-1.929387895938057,1.7114864333670268,-0.038950697910477936,0.28950438525320893,-1.4022691715526112,1.0664948167797201,-0.8395035656520274,0.23667653411176207,-1.5390029655458597,-1.6364621022278807,-0.9409676524557915,-1.5545092607231898,-2.4525065806184823,-1.9385972490826944,1.8641308221226847,-0.9262028018825089,2.3069653354984925,-0.1620717291442612,0.9769656755556742,3.2499038215962193,0.6918907063677151,0.19067735049356516,-0.13961422079361352,1.3793549248533477
-0.025240865526172607,-0.4851629445596354,0.1887444654011409,0.39796345169105535,0.1284132834796687,-0.3293298029664396,0.21620280587164073,-0.5874122436250391,-0.07337336849737597,0.03783756727364958,-0.6054502786615421,0.10707042375838509,-0.09289960101513327,0.24890873542498745,-0.07780219955344943,0.15224800268278693,0.062002637182233915,0.08550769737698588,0.19510461176362834,0.5125759899938945,-0.2898277164197727,0.051313586582980936,0.048310787489118844,-0.36751598108497857,-0.26251592336527374,0.5460587717839117,0.14534941098839965,-0.12350502575360581,-0.1667046876083113,-0.08298226803088608,-0.5925688872869523,-0.28550828578287596,-0.44902747150157934,-0.49796298121164173,0.7276851393307154,0.007133785709290698,-0.1620717291442612,0.277461910502127,-0.27168586271802625,0.1080642736339954,0.3564011770368044,-0.2532424746636282,-0.0888622749634864,0.16863963592275644
-0.7615772422570043,-0.02068359233161914,0.360054228529807,0.7164753275193187,-1.3869093364061678,0.4548320171088068,-0.03929483066721195,1.2193523282533334,-0.02144478329258906,0.1308220791022212,0.5091780323117353,-1.0288537287577362,-0.9493466820795596,-0.5558273834030619,-0.10348574220156209,-0.8504937541505626,-0.15471972048725152,-0.15918557614371315,-0.514039767007422,-0.048113297490478824,-0.25273452915325023,0.7068387428041751,0.04630499011371689,0.6197509698943804,-0.7740638329833751,-1.3526160684335027,-1.4068939917892413,0.8140183608783291,-0.6596744710745286,-0.6964887436755575,-0.16375012427889515,-0.9669955654364174,-0.043296128023737064,-0.5657837028553631,0.12465746586231273,-0.47632050693268935,0.9769656755556742,-0.27168586271802625,1.0395691173653347,0.8660558931447645,-0.5124330254211436,0.4053078812684808,-0.3613358674508944,1.3409660085689625
-1.8938610226680324,-1.6513452591665834,1.6049125437894176,4.0225759572388995,-1.7538666619429628,-0.7816013046604828,1.8256751124139996,-2.2278158292176022,-0.6765610433402707,1.1587430673374308,-1.8604256542593833,-4.830271033008444,-2.097988818613156,1.0890343222415761,-2.804691613880848,-1.785097087530325,2.9133952235231275,1.3905813089281533,-1.4926484983134856,0.9729126045905065,-3.8206106715743005,2.7001274807864237,-0.2527564425312516,-0.28780783344665034,-2.633173264287813,3.819271742615542,-0.441272586113322,-0.3425044390890187,-2.6215902835911593,-2.682390490752563,-2.5217694293287685,-2.7230997253074056,-5.520994530759934,-4.106469303820952,4.626507888157,-1.5808892085484296,3.2499038215962193,0.1080642736339954,0.8660558931447645,5.952094029285368,2.3600457025526413,-0.5567533748502062,-0.14134876013835465,2.1953791099886537
-0.3241145426714767,-1.0179300525899568,0.5714817558954299,1.5129505450185878,0.29764247017032947,-0.9483065266152484,1.194462833345077,-2.4719706155573404,-0.3759352012363823,0.5116255526719207,-1.639888210468263,-1.4238975545083503,-0.16464524030334196,1.1626869902046197,-1.4265846598899579,-0.12357887442760127,1.579971141306126,0.8505816825679386,-0.19863058555734175,0.7503952083413598,-1.7479152939601836,0.7658987618631105,-0.19188799342262208,-0.8831870301701212,-0.790841925975584,3.4140857994402123,1.0410509956839198,-0.9168869547642575,-0.7850193908874704,-0.7241236543939171,-1.4155182830873894,-0.6333153463941739,-3.0273519964066793,-1.8362019456474594,2.5957754549312635,-0.40356192438320854,0.6918907063677151,0.3564011770368044,-0.5124330254211436,2.3600457025526413,1.8608503195014992,-0.8373560903723283,0.24416301376242494,0.14528918846876313
-0.02587198215857255,0.6140156616419207,-0.22129228037916837,-0.4132145080820384,-0.279025480377126,0.5173674867018552,-0.600010647136678,1.2028488791004786,0.17886751195612377,-0.15286437426585103,0.9144895593035512,0.00847843389451092,-0.14690068639498127,-0.5169739024236332,0.4680205416674861,-0.17574811591418218,-0.3353012414655599,-0.24134283711996532,-0.1970201052833191,-0.5524882371360504,0.48915010394363684,-0.048997031907895054,0.08943614719308818,0.5666947546690558,0.2894707875871432,-1.4421859234860368,-0.5319396951701391,0.42812437215714133,0.1514954694185836,0.06770475036101138,0.7578883594656705,0.19795425694515525,1.1089003841410774,0.7446460764363567,-1.169856845333798,0.062172465652782886,0.19067735049356516,-0.2532424746636282,0.4053078812684808,-0.5567533748502062,-0.8373560903723283,0.5744998385386628,-0.07299261586417799,-0.0838325374794622
0.369392246308766,0.4790097064934441,-0.3205341409463227,-0.5016272371370154,0.7131601799521669,-0.12087692761118007,0.03540544004187134,-0.58056411946711,0.04657384612782859,-0.012281628171851503,0.1107923276915249,0.18351336602649104,0.6492288490329705,0.3038495489297,-0.12170387711591717,0.3062794085666802,0.44481102420837465,0.17309128069435528,0.019141056815509327,-0.4279221593986123,0.14479321195652523,-0.2704670167066008,-0.08801288812933222,-0.2554461221927655,0.6493413266963193,0.984751748573058,0.8507906895883366,-0.4849109445601644,0.3948291369594282,0.37782654537709354,0.44259980760875794,0.8081938111935012,-0.09796216801733466,0.4726386606374933,-0.3865667728650411,0.22399436902367653,-0.13961422079361352,-0.0888622749634864,-0.3613358674508944,-0.14134876013835465,0.24416301376242494,-0.07299261586417799,0.4443424440012737,-0.9664135436047938
-1.6195119140814156,-1.5189022313629927,1.2397560249970896,2.4614738685679405,-2.5058098441161913,-0.027972934906696754,0.7041361817896076,0.7326697791314184,-0.2912692534698378,0.3975521777163492,-0.7628847188651724,-1.7063078409296952,-2.0267495504690936,-0.3892292015408788,-0.5721399622983587,-1.32633963567774,-0.2224530175222221,-0.12157183854516354,-0.4589741058011001,1.382345708090779,-1.2405765836574816,1.5419746995286847,0.14296066071254548,0.2915335151552782,-2.3904639069423523,-1.0752531174590236,-2.386778684174182,1.24379204726885,-1.7451549379187978,-1.5963553780552207,-2.0056252358200273,-2.765410087412523,-1.5138238813191853,-2.590670694014288,2.4579376106530053,-1.0328738664068369,1.3793549248533477,0.16863963592275644,1.3409660085689625,2.1953791099886537,0.14528918846876313,-0.0838325374794622,-0.9664135436047938,3.398212415361883
