V1,V2,V3,V4,V5,V6,V7,V8,V9,V10,V11,V12,V13,V14,V15,V16,V17,V18,V19,V20,V21,V22,V23,V24,V25,V26,V27,V28,V29,V30,V31,V32,V33,V34,V35,V36,V37,V38,V39,V40,V41,V42,V43,V44
0.7267125777647468,-0.40004865403088147,0.020315749336095885,0.5089825285259834,-0.6764682173602306,0.4509935823329497,-0.5609275273090912,0.5955188707891392,0.8835608450811147,0.18192766046289482,0.24634755776651462,0.32541585869627093,-0.5721937569855594,-0.5167259879312,-0.2979043102957984,0.3044234500310559,-0.6761983536641247,0.1549040266995498,0.06272404998526471,0.3530557266508277,0.07519108296781522,0.1757888528141642,-0.5896111446715799,0.820812717908751,0.43468652686450193,-0.2865150502364404,0.6354481933306069,1.018200392343948,0.9645144841958426,0.44191418849463765,-0.25128390833542114,-0.6441452782454423,-0.85495344774407,0.2298505807453487,-0.6684719014688969,0.3388270860014748,-0.23585720094237816,-0.004754667905911559,0.03721571396603117,0.3700571593248,-0.5712766197033973,-0.2511861208342904,1.272233776262225,1.2238463874329308
-0.40004865403088147,1.0788672741956038,-0.30731190022144655,-0.19962513264443266,1.142234705053186,0.46266921514097875,0.055812603833406194,1.0053266004979589,0.8853635956894728,0.36159520904808684,0.8685140436449313,-1.020624079246534,0.8519023647581951,-0.24248259408355477,-0.05124878263713858,0.09232059889019742,1.139165974635509,-0.08355586697408815,-0.05283064059340536,0.30225187038176254,0.35898951369901666,-1.7042008420749089,0.6804120489823341,0.24601509098890104,-0.05148662427777037,-0.009034841809071208,-0.9637958140913538,-0.7235898988734071,-0.3795742100190551,-0.04979856352176757,1.0070765936634085,-0.8874729827515386,1.1408794937242752,-0.015036364520583285,-0.26210169743647105,0.39792182648032887,0.9013134765597778,0.44953106539614673,-0.04552698775954898,-0.9978092354418276,0.4872692021116419,-1.1382189124858149,-0.7863275019733738,-0.5041052827089069
0.020315749336095885,-0.30731190022144655,0.24380604799841768,-0.013200136213678153,-0.154413227405225,-0.17434414775793555,0.14815276465767802,-0.1982108170459974,-0.3651604817127588,-0.24336259611374217,-0.3622253280376474,0.25171959996013465,-0.2409638790751714,0.13812102493049616,0.0763009355375105,-0.06583533131716995,-0.20740139363469676,-0.10741240290676356,-0.07524060580782364,-0.1575073746790358,-0.02773001698618164,0.45447864020105105,-0.0334979964031119,-0.15524678193881344,0.05103847624017866,0.11513707089553621,0.22353863847951266,0.1747271045858261,-0.15778131541302173,0.07767947570736294,-0.36342796323957854,0.4809311931828364,-0.1713548637541827,-0.09180701449798521,0.23163717522352834,-0.1948609959196666,-0.26181192719927815,0.05505595852838044,0.009725060159884027,0.17339945165235607,0.036106085722531094,0.2473384903652237,-0.11287777616127785,-0.05459624014853351
0.5089825285259834,-0.19962513264443266,-0.013200136213678153,0.6442039635273786,-0.4782970592032361,0.28761480220280927,-0.2488813336578122,0.476342586380273,0.7544279875847655,0.25801164457845677,0.22042494278498584,0.033764835028211045,-0.4031363155161703,-0.4905623412543126,-0.16853982244788715,0.2673674767213628,-0.337604068900805,-0.14917161510087099,0.13249984897937872,0.3549561185428572,0.10675304446377923,-0.11822103912600175,-0.3957185214761181,0.5285283984638867,0.26466377305868677,-0.2326954132785262,0.3501127073933432,0.7154484421827705,0.7398423155463639,0.37495925741016134,-0.1369404599177539,-0.6467621325157917,-0.46869256589526714,0.257970771579304,-0.5418139135982025,0.08054576135295687,-0.06632827859687639,0.16273853427616336,-0.029707000186408643,0.16514058028952905,-0.4008201915216417,-0.270026032159713,0.8439760456759293,0.9691787751252553
-0.6764682173602306,1.142234705053186,-0.154413227405225,-0.4782970592032361,2.13405464340734,0.5497209348564325,0.29472828946996615,1.49813351829322,0.7493116596752333,0.28856441550953843,0.9148080775630264,-1.4280379158099048,1.2253154283945453,-0.3391973562472961,-0.12000159165213313,0.20662334634460827,1.6350673268387652,-0.1148937208429885,-0.050234182246700274,0.1302837028226915,0.48654886491471944,-2.26097051805463,1.0684378800128989,-0.05080900200067839,0.054143409844328104,0.1116122180006683,-1.3098990385451126,-1.1442547739944806,-0.9689112079373409,-0.046750025131544554,1.2284084022075172,-1.0849447538819923,1.7404617945311798,-0.2180449452687702,-0.16748631238722697,0.5184946455191287,1.3010026134374566,0.9275999489873983,0.11244461730424463,-1.433364401614859,1.1356611175132496,-1.5387015416987189,-1.4573973185263056,-0.8768253511143463
0.4509935823329497,0.46266921514097875,-0.17434414775793555,0.28761480220280927,0.5497209348564325,1.127011137848275,-0.6726206500489199,1.8779430208334011,1.854805424302519,0.4222701394345249,1.0775222321241604,-0.6017124569468567,0.1493482830653038,-0.8277026577134186,-0.4551726420976574,0.4822440535022727,0.2554690107658465,0.16381130780085978,0.09965956257339602,0.5929270726783877,0.4256336870788197,-1.4741750721045384,0.06504766344600643,1.1032903961760792,0.5000471338241208,-0.32657505797569497,-0.0800506890478566,0.6036829617492334,0.581037190717459,0.4868799695977213,0.6441747089323778,-1.61515107198306,0.149964222189625,0.048219122003494305,-1.0073040931791652,0.8859305149062052,0.5411673321137918,0.6083175750579969,0.0894940773250469,-0.5592489350715985,-0.022798355856029278,-1.5645548826128648,0.6616925923331556,0.9330902164825241
-0.5609275273090912,0.055812603833406194,0.14815276465767802,-0.2488813336578122,0.29472828946996615,-0.6726206500489199,0.8166229726000995,-0.8684207955175846,-1.1816020818613417,-0.28398257316193576,-0.54706452871737,-0.14291522865937636,0.2779624052294294,0.505886013905515,0.3567732458022407,-0.4180873227717298,0.3984391027113644,-0.35776163762522756,-0.148917468423832,-0.4730264667971145,-0.0719755625957303,0.29560384639936105,0.3665805469500855,-0.9363882454441359,-0.3223897988879075,0.3355879459544623,-0.45247540471245634,-0.8343158329330337,-0.8345430062966156,-0.32793771780408176,-0.12955333462199461,0.9601758647112797,0.6321353746772229,-0.10908324426752344,0.7774522027390021,-0.6619433414823529,0.030264986254281437,-0.06470234314864366,-0.06083362424020131,-0.14371326931224454,0.46442555504767685,0.6242210599599471,-1.179574731898541,-1.0473064815581126
0.5955188707891392,1.0053266004979589,-0.1982108170459974,0.476342586380273,1.49813351829322,1.8779430208334011,-0.8684207955175846,3.6563827657597843,3.3397134364495367,0.8392696389846307,1.9783627788538405,-1.3910103928952193,0.5052552573691284,-1.5529554487334853,-0.7045212297512088,0.945921711464823,1.011235488495734,0.036481698038243096,0.06972022543616387,1.1272714499243557,0.91610822506195,-3.056241522185303,0.38480466747381714,1.9574010043319052,0.9528661661908959,-0.4595095129184212,-0.5252500061579088,0.7369273998064879,0.7236611586698855,0.9556365294404977,1.2870436431777634,-2.998002588114825,0.672617101214463,0.09610404032609134,-1.716220927590629,1.5231878279156215,1.3252662791355412,1.4553812609587613,0.1118925041160152,-1.365330274692326,0.3011486513182224,-3.044777136215463,0.6136954486570482,1.3580086517124852
0.8835608450811147,0.8853635956894728,-0.3651604817127588,0.7544279875847655,0.7493116596752333,1.854805424302519,-1.1816020818613417,3.3397134364495367,3.5995146605313697,1.029733079471422,2.0275622534409132,-1.0731960098437132,0.2315033380823352,-1.654084808187238,-0.8106439098363075,1.0200451591972328,0.5825588645414184,0.16171438440651467,0.09809981955755175,1.363371159123032,0.809062800753693,-2.707019575438202,-0.03762332872478902,2.3047867985745922,0.9237003015074887,-0.6412243057673547,-0.21138897438056603,1.0178133772721683,1.3543742679900852,1.0146745915351199,1.162995786425278,-3.1012715575382135,0.11802914364351859,0.4158136735495825,-1.988550236617468,1.566727712421117,1.1704309374650939,1.0626786461973656,0.07216879150348376,-0.9807096281413836,-0.2993807504342707,-2.7482453152904585,1.3835108467856405,1.914500671220573
0.18192766046289482,0.36159520904808684,-0.24336259611374217,0.25801164457845677,0.28856441550953843,0.4222701394345249,-0.28398257316193576,0.8392696389846307,1.029733079471422,0.5726713506127432,0.7327423343268107,-0.4588331737522529,0.2857917773924562,-0.5666534112688854,-0.3007136351997465,0.35178990284807926,0.33018831766096696,0.08240177415241118,0.0668534504655268,0.4783119401166664,0.21113296770377937,-0.9727711433560341,-0.03553775081133854,0.6357584941360429,0.14725204873472839,-0.29791447795490883,-0.2889612710825542,-0.13378083477538819,0.4778230842596702,0.19760871372541294,0.4974942724568579,-1.1458366647724911,0.19607563667871428,0.34798223815455753,-0.6817345970576204,0.40621400887937603,0.6888453301133642,0.1664404757741587,0.07035277810500543,-0.3217309627878647,-0.13736685649348698,-0.7614023421395357,0.34883113982991754,0.5934284961009003
0.24634755776651462,0.8685140436449313,-0.3622253280376474,0.22042494278498584,0.9148080775630264,1.0775222321241604,-0.54706452871737,1.9783627788538405,2.0275622534409132,0.7327423343268107,1.458983123510433,-0.9539625958373297,0.5715894481151838,-0.913891000769124,-0.4610827116610814,0.5453996813920026,0.7711505778542825,0.17068844121551033,0.1042071519895442,0.7268135703612056,0.541780080508264,-2.100368902721477,0.2102822956713319,1.1212269721717638,0.3631225282156755,-0.43836029491554007,-0.5698092825147436,0.03946683299756532,0.5276312632571133,0.4045021522003726,1.0755112545335659,-1.9746013312867787,0.5888091200409515,0.2565717495067293,-1.0977888736897679,0.8732819534530735,1.065715461468634,0.5533140021133501,0.10122868749105177,-0.8872489710221063,0.07030524598348481,-1.7951156706347047,0.36275220772955774,0.7485316460121707
0.32541585869627093,-1.020624079246534,0.25171959996013465,0.033764835028211045,-1.4280379158099048,-0.6017124569468567,-0.14291522865937636,-1.3910103928952193,-1.0731960098437132,-0.4588331737522529,-0.9539625958373297,1.2932508260113766,-0.9033379191312021,0.543327391369857,0.21570537276671425,-0.19958704496166024,-1.2275355361172713,0.17157940621634535,0.08173834971012053,-0.3302576826043137,-0.4571573202142526,2.0092952248874254,-0.7004103109431228,-0.2751267175213999,-0.14322489545988382,0.016337429289129093,1.0647995053478143,0.7917193403174229,0.36468641502673704,-0.07521891510956258,-1.043619787402069,1.2412576616762037,-1.334239183189738,-0.07901177133142039,0.45930437837551485,-0.48158086970381014,-1.1591993345944198,-0.7093239264476014,-0.04133091295557096,1.1467379075562718,-0.6439135361280846,1.376997710533341,0.8245529975172987,0.27628275754311854
-0.5721937569855594,0.8519023647581951,-0.2409638790751714,-0.4031363155161703,1.2253154283945453,0.1493482830653038,0.2779624052294294,0.5052552573691284,0.2315033380823352,0.2857917773924562,0.5715894481151838,-0.9033379191312021,1.0473813059445651,-0.020141343697296338,-0.05765607867798187,-0.06652442221903924,1.0972901726313473,-0.022665585010810906,-0.07054813136081836,0.027443850151712166,0.21716368046710674,-1.3237704021196688,0.715216599336969,-0.13032143826169082,-0.2178878731105898,0.05097850773274633,-1.02532514087317,-1.2816629328768414,-0.632788013160758,-0.22979601811142353,0.8584905838327738,-0.5226502093299101,1.2663182635332797,9.801022319278253e-4,0.014380309937312144,0.2208118743175498,1.0600562237420135,0.2247406666901603,0.08881651614657485,-0.8556203983224138,0.5652769093841028,-0.7367878368680577,-1.114551586139281,-0.7842871155889255
-0.5167259879312,-0.24248259408355477,0.13812102493049616,-0.4905623412543126,-0.3391973562472961,-0.8277026577134186,0.505886013905515,-1.5529554487334853,-1.654084808187238,-0.5666534112688854,-0.913891000769124,0.543327391369857,-0.020141343697296338,1.0219867494989492,0.5641872458243588,-0.5856763428918076,-0.1606834154263589,-0.10965102948577052,0.04847840663850725,-0.6526504400263772,-0.402970057448953,1.2448648741881096,0.18918541659985083,-1.0553818869397082,-0.5972305113381537,0.33280335529601157,0.08665774934677102,-0.415345436860495,-0.761361184793947,-0.5554440838520275,-0.4619214991004082,1.5620594610910767,-0.011310618980005021,-0.4460729782240861,1.0881422186140417,-0.7247006326965106,-0.659661574740036,-0.4792808239574527,-0.12930146983296623,0.39689231390079155,0.16113471789701142,1.1511620797158897,-0.7993802556949937,-1.1807474981222106
-0.2979043102957984,-0.05124878263713858,0.0763009355375105,-0.16853982244788715,-0.12000159165213313,-0.4551726420976574,0.3567732458022407,-0.7045212297512088,-0.8106439098363075,-0.3007136351997465,-0.4610827116610814,0.21570537276671425,-0.05765607867798187,0.5641872458243588,0.508556470169261,-0.29518394061248776,0.07570287022979247,-0.23450304685676185,0.1457568650240358,-0.30977481928565836,-0.1947756523255539,0.5594414049738637,0.149221373545488,-0.5828727962948438,-0.32574630606688443,0.21032010628309064,0.015299707654703381,0.020266258670826962,-0.4209495527316608,-0.2782224526072909,-0.20323160274749663,0.7276986545936055,-0.012194450088958099,-0.3975071299669235,0.6344913254742094,-0.4677331751747951,-0.4938707230239534,-0.0593380896613657,-0.21587607495294825,0.11286314795651264,0.20462168083920682,0.5163158916137591,-0.4634642577752411,-0.7369792816892575
0.3044234500310559,0.09232059889019742,-0.06583533131716995,0.2673674767213628,0.20662334634460827,0.4822440535022727,-0.4180873227717298,0.945921711464823,1.0200451591972328,0.35178990284807926,0.5453996813920026,-0.19958704496166024,-0.06652442221903924,-0.5856763428918076,-0.29518394061248776,0.5089231812401037,0.09296379054207363,0.09885483191976722,0.10884492051330732,0.46145964565079034,0.20657031790814756,-0.7295561761184344,-0.1337374586885017,0.6461825425605473,0.2997797214044507,-0.25656379686527453,0.07290542717700114,0.4273201679454834,0.46379412887411947,0.35426508793024986,0.26493745019124204,-0.9885412561754867,-0.1494945951241905,0.19209361910390071,-0.6624249187397877,0.447143927020011,0.2937048340588809,0.36383975812664027,0.07461458044104637,-0.18378917346134296,-0.10178926235907805,-0.7284667106129105,0.5947037688199666,0.7620186867649947
-0.6761983536641247,1.139165974635509,-0.20740139363469676,-0.337604068900805,1.6350673268387652,0.2554690107658465,0.3984391027113644,1.011235488495734,0.5825588645414184,0.33018831766096696,0.7711505778542825,-1.2275355361172713,1.0972901726313473,-0.1606834154263589,0.07570287022979247,0.09296379054207363,1.5634035148277823,-0.25901454045530165,-0.05969834909351114,0.18867058744361537,0.40022240319020946,-1.903096636328484,0.9364941865920207,-0.05144667041377656,-0.11552231047988065,0.11877470569870435,-1.2598389456056303,-1.1236595219942278,-0.80613189981005,-0.10285461470345336,1.0851566370475956,-0.8013817644456639,1.5287687114220017,-0.10734043180919907,-0.03065564281919588,0.2580543333451252,1.1297031397010682,0.6901388364826516,-0.0396922997343055,-1.243803392380532,0.8630208668018198,-1.1685965218780696,-1.3742342575365274,-0.9325556844160681
0.1549040266995498,-0.08355586697408815,-0.10741240290676356,-0.14917161510087099,-0.1148937208429885,0.16381130780085978,-0.35776163762522756,0.036481698038243096,0.16171438440651467,0.08240177415241118,0.17068844121551033,0.17157940621634535,-0.022665585010810906,-0.10965102948577052,-0.23450304685676185,0.09885483191976722,-0.25901454045530165,0.416072277034813,-0.03391072856795265,0.04506015824014612,-0.05474591507477218,0.08923938804344217,-0.21510229506187123,0.2333644959524207,0.08637307089209234,-0.14954403073247866,0.14482684069994883,0.047035990725079885,0.2690971238778892,-0.021336241452077458,0.06263615668698459,-0.1818302663326813,-0.25654214764369526,0.12669006445210523,-0.23771657388854772,0.2944763669474063,0.03202452882530367,-0.2892179139374888,0.12611255529468243,0.16228815475992545,-0.20105785801081336,0.02664723852924306,0.4591674869969504,0.29827735697584484
0.06272404998526471,-0.05283064059340536,-0.07524060580782364,0.13249984897937872,-0.050234182246700274,0.09965956257339602,-0.148917468423832,0.06972022543616387,0.09809981955755175,0.0668534504655268,0.1042071519895442,0.08173834971012053,-0.07054813136081836,0.04847840663850725,0.1457568650240358,0.10884492051330732,-0.05969834909351114,-0.03391072856795265,0.44936211982966995,0.0283951835878588,-0.07880626637560602,-0.06960610790185855,-0.060080974693431516,-0.08828324157975814,-0.1836082407833387,-0.1878855570935519,0.19680064010307027,0.3955188982320297,0.14896351706482497,-0.03642920439059293,0.054010419348287625,-0.31090066882451767,-0.18072389563026464,-0.23744712450608738,-0.040696835859816156,-0.08950581602489635,-0.2033700644301568,0.08976943405666918,-0.0399719536368467,0.07991168804841828,-0.018076632541490858,-0.1611932165345981,0.2776961265543676,0.1545150108734806
0.3530557266508277,0.30225187038176254,-0.1575073746790358,0.3549561185428572,0.1302837028226915,0.5929270726783877,-0.4730264667971145,1.1272714499243557,1.363371159123032,0.4783119401166664,0.7268135703612056,-0.3302576826043137,0.027443850151712166,-0.6526504400263772,-0.30977481928565836,0.46145964565079034,0.18867058744361537,0.04506015824014612,0.0283951835878588,0.6192074654385299,0.267778403433436,-0.9250401293790965,-0.09427339148072597,0.9352230174886048,0.32150556760055954,-0.26183884128685553,-0.043328248038021724,0.36829038082429366,0.6190270783602293,0.3954496667506875,0.38794899735535965,-1.1778794622206747,-0.08090191768636834,0.2747669904691001,-0.7967173933779321,0.5644671749196882,0.4496926238067836,0.35165199010936166,0.005408436384355029,-0.28019808348211045,-0.2337250254418037,-0.9182195147943932,0.6290652788711719,0.817314328519368
0.07519108296781522,0.35898951369901666,-0.02773001698618164,0.10675304446377923,0.48654886491471944,0.4256336870788197,-0.0719755625957303,0.91610822506195,0.809062800753693,0.21113296770377937,0.541780080508264,-0.4571573202142526,0.21716368046710674,-0.402970057448953,-0.1947756523255539,0.20657031790814756,0.40022240319020946,-0.05474591507477218,-0.07880626637560602,0.267778403433436,0.3439086970414539,-0.9491927453042139,0.16792995370373665,0.42869196512405355,0.24361897951627612,-0.1001269950340473,-0.2942765841327964,-0.01104557280019699,0.07454601726764215,0.2704984856439588,0.39175924352332825,-0.6738094743612303,0.36950636581855284,0.1314549316666279,-0.38359981852312913,0.28127784866888966,0.47390725327881866,0.35764829710855417,0.059581254230123226,-0.4726311432533553,0.1364264386184037,-0.7959015317793117,-0.06986603626570459,0.24087622256225172
0.1757888528141642,-1.7042008420749089,0.45447864020105105,-0.11822103912600175,-2.26097051805463,-1.4741750721045384,0.29560384639936105,-3.056241522185303,-2.707019575438202,-0.9727711433560341,-2.100368902721477,2.0092952248874254,-1.3237704021196688,1.2448648741881096,0.5594414049738637,-0.7295561761184344,-1.903096636328484,0.08923938804344217,-0.06960610790185855,-0.9250401293790965,-0.9491927453042139,3.7979361456325855,-0.9395255017873828,-1.123206652049281,-0.39927068319533887,0.38169843068709886,1.461940688765999,0.6518027560403366,0.06789541711767423,-0.4819429041349612,-1.888211449186104,2.7558558968783156,-1.8185507078238783,-0.21736876187711401,1.2817617585610874,-1.12253997191811,-1.9672911117696419,-1.294165471144461,-0.15025235223662117,1.9092138071574056,-0.7659315152832872,2.9308277000476375,0.6249077711707741,-0.3009328680562593
-0.5896111446715799,0.6804120489823341,-0.0334979964031119,-0.3957185214761181,1.0684378800128989,0.06504766344600643,0.3665805469500855,0.38480466747381714,-0.03762332872478902,-0.03553775081133854,0.2102822956713319,-0.7004103109431228,0.715216599336969,0.18918541659985083,0.149221373545488,-0.1337374586885017,0.9364941865920207,-0.21510229506187123,-0.060080974693431516,-0.09427339148072597,0.16792995370373665,-0.9395255017873828,0.7887718765748041,-0.3260058159636754,-0.20823615949338378,0.22416562241152535,-0.7687804744372376,-0.8289418779430759,-0.8677762949637102,-0.201493895261013,0.5426443420496966,-0.03806457502894946,1.0914995148256932,-0.2971852366710695,0.2934276778774181,0.03926552486832628,0.548419323398943,0.44199683841313464,-0.022428375355870767,-0.7452854541771675,0.6825818163702739,-0.598587095742397,-1.2462987170853217,-0.9627233084874149
0.820812717908751,0.24601509098890104,-0.15524678193881344,0.5285283984638867,-0.05080900200067839,1.1032903961760792,-0.9363882454441359,1.9574010043319052,2.3047867985745922,0.6357584941360429,1.1212269721717638,-0.2751267175213999,-0.13032143826169082,-1.0553818869397082,-0.5828727962948438,0.6461825425605473,-0.05144667041377656,0.2333644959524207,-0.08828324157975814,0.9352230174886048,0.42869196512405355,-1.123206652049281,-0.3260058159636754,1.8185772483874525,0.7274983513325343,-0.4112450478550689,0.20594993954718058,0.8903023026671285,1.2175934084257134,0.7603632761066776,0.4130469328520015,-1.7956397449450203,-0.4662961042608505,0.3994597757454402,-1.3465030554189705,1.0961539429527163,0.5657221820095445,0.4345937345061779,0.03948977186449742,-0.2581928250167001,-0.5592228524887888,-1.4538094696752082,1.3463364087820904,1.546461330931298
0.43468652686450193,-0.05148662427777037,0.05103847624017866,0.26466377305868677,0.054143409844328104,0.5000471338241208,-0.3223897988879075,0.9528661661908959,0.9237003015074887,0.14725204873472839,0.3631225282156755,-0.14322489545988382,-0.2178878731105898,-0.5972305113381537,-0.32574630606688443,0.2997797214044507,-0.11552231047988065,0.08637307089209234,-0.1836082407833387,0.32150556760055954,0.24361897951627612,-0.39927068319533887,-0.20823615949338378,0.7274983513325343,0.5657597969557093,-0.07405887961595732,0.14454787276077327,0.5438040382008528,0.4849323930283466,0.4217337843351895,0.057756316406761925,-0.701213952483507,-0.24174564252618874,0.19704636624240987,-0.5957767698886535,0.4977570617664814,0.12771779819685242,0.30664552678982004,0.04373056444476829,-0.11874969340181267,-0.104205916689067,-0.5398950745054504,0.6122111181240929,0.7426467779860706
-0.2865150502364404,-0.009034841809071208,0.11513707089553621,-0.2326954132785262,0.1116122180006683,-0.32657505797569497,0.3355879459544623,-0.4595095129184212,-0.6412243057673547,-0.29791447795490883,-0.43836029491554007,0.016337429289129093,0.05097850773274633,0.33280335529601157,0.21032010628309064,-0.25656379686527453,0.11877470569870435,-0.14954403073247866,-0.1878855570935519,-0.26183884128685553,-0.1001269950340473,0.38169843068709886,0.22416562241152535,-0.4112450478550689,-0.07405887961595732,0.3345699834138509,-0.12919144329737958,-0.2921597734872489,-0.49591110201539645,-0.1855953396784962,-0.15664704823106945,0.6664979995675885,0.19550036096767126,-0.18626646845308864,0.4647524121494753,-0.17741457224844984,-0.18568213105513617,0.020170409083307358,-0.09436303521407755,-0.021167699943221076,0.2630154765433495,0.4187152576934046,-0.5763964880002159,-0.6597821141815297
0.6354481933306069,-0.9637958140913538,0.22353863847951266,0.3501127073933432,-1.3098990385451126,-0.0800506890478566,-0.45247540471245634,-0.5252500061579088,-0.21138897438056603,-0.2889612710825542,-0.5698092825147436,1.0647995053478143,-1.02532514087317,0.08665774934677102,0.015299707654703381,0.07290542717700114,-1.2598389456056303,0.14482684069994883,0.19680064010307027,-0.043328248038021724,-0.2942765841327964,1.461940688765999,-0.7687804744372376,0.20594993954718058,0.14454787276077327,-0.12919144329737958,1.195854926419526,1.3304291480041721,0.7316017773089624,0.21855041465663788,-0.89300222179554,0.4699696717441919,-1.421456584260119,-0.07418868313032498,-0.04761359534587445,-0.12689442679561497,-1.0708708499435402,-0.32151830787165153,-0.027423155060721415,0.9943279419089259,-0.6884791732114933,0.7190216167599955,1.3058194452081262,0.8965577457612542
1.018200392343948,-0.7235898988734071,0.1747271045858261,0.7154484421827705,-1.1442547739944806,0.6036829617492334,-0.8343158329330337,0.7369273998064879,1.0178133772721683,-0.13378083477538819,0.03946683299756532,0.7917193403174229,-1.2816629328768414,-0.415345436860495,0.020266258670826962,0.4273201679454834,-1.1236595219942278,0.047035990725079885,0.3955188982320297,0.36829038082429366,-0.01104557280019699,0.6518027560403366,-0.8289418779430759,0.8903023026671285,0.5438040382008528,-0.2921597734872489,1.3304291480041721,2.413446862501193,1.1941411683833836,0.6116064721118315,-0.5992260670032419,-0.523762173503292,-1.6275090193336235,-0.2613330132591878,-0.6048479844818002,0.27511649974295477,-1.2400840305423408,0.27822448803515276,-0.19824279488864016,0.6666493743054588,-0.6365000199165011,-0.23515198009287488,1.931904008859389,1.4922983905615446
0.9645144841958426,-0.3795742100190551,-0.15778131541302173,0.7398423155463639,-0.9689112079373409,0.581037190717459,-0.8345430062966156,0.7236611586698855,1.3543742679900852,0.4778230842596702,0.5276312632571133,0.36468641502673704,-0.632788013160758,-0.761361184793947,-0.4209495527316608,0.46379412887411947,-0.80613189981005,0.2690971238778892,0.14896351706482497,0.6190270783602293,0.07454601726764215,0.06789541711767423,-0.8677762949637102,1.2175934084257134,0.4849323930283466,-0.49591110201539645,0.7316017773089624,1.1941411683833836,1.5051024832742492,0.5310645286506537,-0.14639473772990313,-1.1409583348965573,-1.1477920311525847,0.47359491721937,-1.040760215496186,0.5047233166779718,-0.13353076043447729,-0.16470762685916898,0.024336610191910458,0.48472151530656077,-0.9203261019034548,-0.3310627137161483,1.8695083161642063,1.7267182904640288
0.44191418849463765,-0.04979856352176757,0.07767947570736294,0.37495925741016134,-0.046750025131544554,0.4868799695977213,-0.32793771780408176,0.9556365294404977,1.0146745915351199,0.19760871372541294,0.4045021522003726,-0.07521891510956258,-0.22979601811142353,-0.5554440838520275,-0.2782224526072909,0.35426508793024986,-0.10285461470345336,-0.021336241452077458,-0.03642920439059293,0.3954496667506875,0.2704984856439588,-0.4819429041349612,-0.201493895261013,0.7603632761066776,0.4217337843351895,-0.1855953396784962,0.21855041465663788,0.6116064721118315,0.5310645286506537,0.5061437180124697,0.03165987641192296,-0.7192803877397097,-0.26621820616680736,0.20572035720324502,-0.5962251629600043,0.36219387357701327,0.1667931719674052,0.34096257928404805,0.04945484890049195,-0.09626398137954835,-0.2197313045228494,-0.6620133559176311,0.6241316955039256,0.8494572085374014
-0.25128390833542114,1.0070765936634085,-0.36342796323957854,-0.1369404599177539,1.2284084022075172,0.6441747089323778,-0.12955333462199461,1.2870436431777634,1.162995786425278,0.4974942724568579,1.0755112545335659,-1.043619787402069,0.8584905838327738,-0.4619214991004082,-0.20323160274749663,0.26493745019124204,1.0851566370475956,0.06263615668698459,0.054010419348287625,0.38794899735535965,0.39175924352332825,-1.888211449186104,0.5426443420496966,0.4130469328520015,0.057756316406761925,-0.15664704823106945,-0.89300222179554,-0.5992260670032419,-0.14639473772990313,0.03165987641192296,1.11328533883615,-1.3142879367273987,1.0324359580013514,0.05488015824443778,-0.5219053892561153,0.5806862618541861,1.018940836223874,0.4711648071790716,0.043951196095158754,-0.9932781733054696,0.44450583804941146,-1.3177319566560466,-0.44496719025844017,-0.16637983235961873
-0.6441452782454423,-0.8874729827515386,0.4809311931828364,-0.6467621325157917,-1.0849447538819923,-1.61515107198306,0.9601758647112797,-2.998002588114825,-3.1012715575382135,-1.1458366647724911,-1.9746013312867787,1.2412576616762037,-0.5226502093299101,1.5620594610910767,0.7276986545936055,-0.9885412561754867,-0.8013817644456639,-0.1818302663326813,-0.31090066882451767,-1.1778794622206747,-0.6738094743612303,2.7558558968783156,-0.03806457502894946,-1.7956397449450203,-0.701213952483507,0.6664979995675885,0.4699696717441919,-0.523762173503292,-1.1409583348965573,-0.7192803877397097,-1.3142879367273987,3.2079718306950227,-0.3950222184471968,-0.3695174489048493,1.8289891170794448,-1.3755272415740643,-1.3510322240890007,-0.9819882491372253,-0.12513709709540252,1.0268553938351883,0.033405399011893426,2.524858028987108,-1.087180431813913,-1.600373511152914
-0.85495344774407,1.1408794937242752,-0.1713548637541827,-0.46869256589526714,1.7404617945311798,0.149964222189625,0.6321353746772229,0.672617101214463,0.11802914364351859,0.19607563667871428,0.5888091200409515,-1.334239183189738,1.2663182635332797,-0.011310618980005021,-0.012194450088958099,-0.1494945951241905,1.5287687114220017,-0.25654214764369526,-0.18072389563026464,-0.08090191768636834,0.36950636581855284,-1.8185507078238783,1.0914995148256932,-0.4662961042608505,-0.24174564252618874,0.19550036096767126,-1.421456584260119,-1.6275090193336235,-1.1477920311525847,-0.26621820616680736,1.0324359580013514,-0.3950222184471968,1.9135308017983448,-0.06650826462768952,0.18762360922852336,0.06893504509714429,1.2685911045684033,0.5308546175208604,0.09157446619590072,-1.2600209190885692,0.984039348987757,-0.976255121412048,-1.839956137947088,-1.2096555405493454
0.2298505807453487,-0.015036364520583285,-0.09180701449798521,0.257970771579304,-0.2180449452687702,0.048219122003494305,-0.10908324426752344,0.09610404032609134,0.4158136735495825,0.34798223815455753,0.2565717495067293,-0.07901177133142039,9.801022319278253e-4,-0.4460729782240861,-0.3975071299669235,0.19209361910390071,-0.10734043180919907,0.12669006445210523,-0.23744712450608738,0.2747669904691001,0.1314549316666279,-0.21736876187711401,-0.2971852366710695,0.3994597757454402,0.19704636624240987,-0.18626646845308864,-0.07418868313032498,-0.2613330132591878,0.47359491721937,0.20572035720324502,0.05488015824443778,-0.3695174489048493,-0.06650826462768952,0.6428104310002751,-0.4613799191607344,0.1301222149666453,0.46522516342373527,-0.23021782353317258,0.15461470287900608,0.050983530392264526,-0.37040116973854736,-4.1363456735081863e-4,0.39917591747543335,0.6334206622929535
-0.6684719014688969,-0.26210169743647105,0.23163717522352834,-0.5418139135982025,-0.16748631238722697,-1.0073040931791652,0.7774522027390021,-1.716220927590629,-1.988550236617468,-0.6817345970576204,-1.0977888736897679,0.45930437837551485,0.014380309937312144,1.0881422186140417,0.6344913254742094,-0.6624249187397877,-0.03065564281919588,-0.23771657388854772,-0.040696835859816156,-0.7967173933779321,-0.38359981852312913,1.2817617585610874,0.2934276778774181,-1.3465030554189705,-0.5957767698886535,0.4647524121494753,-0.04761359534587445,-0.6048479844818002,-1.040760215496186,-0.5962251629600043,-0.5219053892561153,1.8289891170794448,0.18762360922852336,-0.4613799191607344,1.2963914738724869,-0.9051535541521231,-0.6636129703560635,-0.40169791326855603,-0.13429120355262747,0.3123707998610187,0.3724209731710595,1.315062191228269,-1.1613540372787432,-1.45432599801972
0.3388270860014748,0.39792182648032887,-0.1948609959196666,0.08054576135295687,0.5184946455191287,0.8859305149062052,-0.6619433414823529,1.5231878279156215,1.566727712421117,0.40621400887937603,0.8732819534530735,-0.48158086970381014,0.2208118743175498,-0.7247006326965106,-0.4677331751747951,0.447143927020011,0.2580543333451252,0.2944763669474063,-0.08950581602489635,0.5644671749196882,0.28127784866888966,-1.12253997191811,0.03926552486832628,1.0961539429527163,0.4977570617664814,-0.17741457224844984,-0.12689442679561497,0.27511649974295477,0.5047233166779718,0.36219387357701327,0.5806862618541861,-1.3755272415740643,0.06893504509714429,0.1301222149666453,-0.9051535541521231,1.0104150125223728,0.5861730334105202,0.4338105759377599,0.07631286636767011,-0.4432278122871937,-0.05557122046716222,-1.1783864945378435,0.608956328882669,0.7152864454329092
-0.23585720094237816,0.9013134765597778,-0.26181192719927815,-0.06632827859687639,1.3010026134374566,0.5411673321137918,0.030264986254281437,1.3252662791355412,1.1704309374650939,0.6888453301133642,1.065715461468634,-1.1591993345944198,1.0600562237420135,-0.659661574740036,-0.4938707230239534,0.2937048340588809,1.1297031397010682,0.03202452882530367,-0.2033700644301568,0.4496926238067836,0.47390725327881866,-1.9672911117696419,0.548419323398943,0.5657221820095445,0.12771779819685242,-0.18568213105513617,-1.0708708499435402,-1.2400840305423408,-0.13353076043447729,0.1667931719674052,1.018940836223874,-1.3510322240890007,1.2685911045684033,0.46522516342373527,-0.6636129703560635,0.5861730334105202,1.633524203705551,0.41439729697168703,0.2455434582058665,-1.0092803163498727,0.33136657545996157,-1.3473565293454375,-0.6719731387047887,0.05380170858857926
-0.004754667905911559,0.44953106539614673,0.05505595852838044,0.16273853427616336,0.9275999489873983,0.6083175750579969,-0.06470234314864366,1.4553812609587613,1.0626786461973656,0.1664404757741587,0.5533140021133501,-0.7093239264476014,0.2247406666901603,-0.4792808239574527,-0.0593380896613657,0.36383975812664027,0.6901388364826516,-0.2892179139374888,0.08976943405666918,0.35165199010936166,0.35764829710855417,-1.294165471144461,0.44199683841313464,0.4345937345061779,0.30664552678982004,0.020170409083307358,-0.32151830787165153,0.27822448803515276,-0.16470762685916898,0.34096257928404805,0.4711648071790716,-0.9819882491372253,0.5308546175208604,-0.23021782353317258,-0.40169791326855603,0.4338105759377599,0.41439729697168703,0.9778433946975379,-0.05345433445172335,-0.7267006672351685,0.49151771922772486,-1.2445736344193503,-0.269762178872927,0.11824289370606915
0.03721571396603117,-0.04552698775954898,0.009725060159884027,-0.029707000186408643,0.11244461730424463,0.0894940773250469,-0.06083362424020131,0.1118925041160152,0.07216879150348376,0.07035277810500543,0.10122868749105177,-0.04133091295557096,0.08881651614657485,-0.12930146983296623,-0.21587607495294825,0.07461458044104637,-0.0396922997343055,0.12611255529468243,-0.0399719536368467,0.005408436384355029,0.059581254230123226,-0.15025235223662117,-0.022428375355870767,0.03948977186449742,0.04373056444476829,-0.09436303521407755,-0.027423155060721415,-0.19824279488864016,0.024336610191910458,0.04945484890049195,0.043951196095158754,-0.12513709709540252,0.09157446619590072,0.15461470287900608,-0.13429120355262747,0.07631286636767011,0.2455434582058665,-0.05345433445172335,0.1684910624783434,-0.015878233913848527,-0.02630275760579404,-0.10913887799317482,0.0183554720752876,0.1873650435929441
0.3700571593248,-0.9978092354418276,0.17339945165235607,0.16514058028952905,-1.433364401614859,-0.5592489350715985,-0.14371326931224454,-1.365330274692326,-0.9807096281413836,-0.3217309627878647,-0.8872489710221063,1.1467379075562718,-0.8556203983224138,0.39689231390079155,0.11286314795651264,-0.18378917346134296,-1.243803392380532,0.16228815475992545,0.07991168804841828,-0.28019808348211045,-0.4726311432533553,1.9092138071574056,-0.7452854541771675,-0.2581928250167001,-0.11874969340181267,-0.021167699943221076,0.9943279419089259,0.6666493743054588,0.48472151530656077,-0.09626398137954835,-0.9932781733054696,1.0268553938351883,-1.2600209190885692,0.050983530392264526,0.3123707998610187,-0.4432278122871937,-1.0092803163498727,-0.7267006672351685,-0.015878233913848527,1.144500131157656,-0.6873745892648754,1.3637391826927958,0.9028419559169649,0.43317084015624197
-0.5712766197033973,0.4872692021116419,0.036106085722531094,-0.4008201915216417,1.1356611175132496,-0.022798355856029278,0.46442555504767685,0.3011486513182224,-0.2993807504342707,-0.13736685649348698,0.07030524598348481,-0.6439135361280846,0.5652769093841028,0.16113471789701142,0.20462168083920682,-0.10178926235907805,0.8630208668018198,-0.20105785801081336,-0.018076632541490858,-0.2337250254418037,0.1364264386184037,-0.7659315152832872,0.6825818163702739,-0.5592228524887888,-0.104205916689067,0.2630154765433495,-0.6884791732114933,-0.6365000199165011,-0.9203261019034548,-0.2197313045228494,0.44450583804941146,0.033405399011893426,0.984039348987757,-0.37040116973854736,0.3724209731710595,-0.05557122046716222,0.33136657545996157,0.49151771922772486,-0.02630275760579404,-0.6873745892648754,0.8537254962689228,-0.39390123465682414,-1.1837998579200697,-0.9835944310653009
-0.2511861208342904,-1.1382189124858149,0.2473384903652237,-0.270026032159713,-1.5387015416987189,-1.5645548826128648,0.6242210599599471,-3.044777136215463,-2.7482453152904585,-0.7614023421395357,-1.7951156706347047,1.376997710533341,-0.7367878368680577,1.1511620797158897,0.5163158916137591,-0.7284667106129105,-1.1685965218780696,0.02664723852924306,-0.1611932165345981,-0.9182195147943932,-0.7959015317793117,2.9308277000476375,-0.598587095742397,-1.4538094696752082,-0.5398950745054504,0.4187152576934046,0.7190216167599955,-0.23515198009287488,-0.3310627137161483,-0.6620133559176311,-1.3177319566560466,2.524858028987108,-0.976255121412048,-4.1363456735081863e-4,1.315062191228269,-1.1783864945378435,-1.3473565293454375,-1.2445736344193503,-0.10913887799317482,1.3637391826927958,-0.39390123465682414,2.763380681922451,-0.07282550017385643,-0.8059603122490407
1.272233776262225,-0.7863275019733738,-0.11287777616127785,0.8439760456759293,-1.4573973185263056,0.6616925923331556,-1.179574731898541,0.6136954486570482,1.3835108467856405,0.34883113982991754,0.36275220772955774,0.8245529975172987,-1.114551586139281,-0.7993802556949937,-0.4634642577752411,0.5947037688199666,-1.3742342575365274,0.4591674869969504,0.2776961265543676,0.6290652788711719,-0.06986603626570459,0.6249077711707741,-1.2462987170853217,1.3463364087820904,0.6122111181240929,-0.5763964880002159,1.3058194452081262,1.931904008859389,1.8695083161642063,0.6241316955039256,-0.44496719025844017,-1.087180431813913,-1.839956137947088,0.39917591747543335,-1.1613540372787432,0.608956328882669,-0.6719731387047887,-0.269762178872927,0.0183554720752876,0.9028419559169649,-1.1837998579200697,-0.07282550017385643,2.6274258026845234,2.187604945327051
1.2238463874329308,-0.5041052827089069,-0.05459624014853351,0.9691787751252553,-0.8768253511143463,0.9330902164825241,-1.0473064815581126,1.3580086517124852,1.914500671220573,0.5934284961009003,0.7485316460121707,0.27628275754311854,-0.7842871155889255,-1.1807474981222106,-0.7369792816892575,0.7620186867649947,-0.9325556844160681,0.29827735697584484,0.1545150108734806,0.817314328519368,0.24087622256225172,-0.3009328680562593,-0.9627233084874149,1.546461330931298,0.7426467779860706,-0.6597821141815297,0.8965577457612542,1.4922983905615446,1.7267182904640288,0.8494572085374014,-0.16637983235961873,-1.600373511152914,-1.2096555405493454,0.6334206622929535,-1.45432599801972,0.7152864454329092,0.05380170858857926,0.11824289370606915,0.1873650435929441,0.43317084015624197,-0.9835944310653009,-0.8059603122490407,2.187604945327051,2.3690138251013466
