V1,V2,V3,V4,V5,V6,V7,V8,V9,V10,V11,V12,V13,V14,V15,V16,V17,V18,V19,V20,V21,V22,V23,V24,V25,V26,V27,V28,V29,V30,V31,V32,V33,V34,V35,V36,V37,V38,V39,V40,V41,V42,V43,V44
5.250911069345797,-3.0123702619286234,0.1134275676258095,3.4648150242341407,-5.299989540406425,2.968629021860391,-4.47057635135233,3.5843210184664978,5.947377821423159,1.239514714237542,1.4719321180767833,2.9573937953886222,-4.443632538664854,-3.3671608130303174,-2.2957158313477044,2.422915766031889,-5.2448869992694656,1.343932587506556,0.6681522085714772,2.5978516927284923,0.4150691949667543,1.7847688254522274,-4.404106773866268,5.610062011383381,2.8636949413244577,-2.10595314101956,4.906535875335074,7.352211653284605,7.00898014035412,2.915426345693223,-1.8332689289978419,-4.360165575497173,-6.5552666007224225,1.7858165743266532,-4.621639735194878,2.278109520203951,-2.1534066139158456,-0.4191674283150983,0.5237857156231664,3.0540238426401296,-4.336697227485838,-1.2366607129275473,9.462157181508061,8.907546326093259
-3.0123702619286234,2.171327820610339,-0.12407875829508214,-1.873982503827816,3.005046655845111,-2.193272142302187,3.025174960891315,-2.246894233581475,-3.5425652128631313,-0.6774231496072164,-0.8873798970575784,-1.9263759557224593,2.252368011131221,1.8079873921707492,1.5581196339429255,-1.425087266392271,3.492171098742541,-1.061054066559796,-0.9142300504660966,-1.3804799233402718,0.04378941106800294,-1.1094362687811954,2.346789713896878,-3.302775925782596,-1.181681734684553,1.6016089723657267,-3.4272769292665424,-4.1687901056979255,-3.922639474975708,-1.725404591253771,1.3236001636728953,2.609174051121607,3.8800433048273897,-0.5697155270266887,2.8480234011054333,-1.616455273205808,0.8945401461843372,0.17072515630545046,-0.6001329450791575,-2.1435661927724916,2.797097151241487,1.3574781442162829,-5.589395010909283,-5.554284385071286
0.1134275676258095,-0.12407875829508214,0.16550134161329436,-0.03793805217485661,-0.008562516681706385,0.1234324470337612,-0.27769893474111706,0.27425189714234816,0.034817123731033954,-0.07193645230492267,-0.12091842210060419,0.21581987925002497,-0.03501498879528316,0.19177773337672183,-0.02003540233506717,-0.054299848761707924,-0.22416598735414645,0.016755782471421333,0.3390486631770534,-0.12170642118073811,-0.19249308567423112,0.07060882721656117,0.034996726079164216,0.047424384331491806,-0.20198196302089058,-0.08371100890118559,0.21666367394033528,0.2129664935359305,0.017536519586661387,0.038813243192508985,-0.08950160579084747,-0.12601972054661473,0.039971127324184313,-0.24086656268445192,0.11822827315610246,0.003808095218980229,-0.07895149297099083,0.09442549284452663,0.09608325360110018,0.03491404197760889,-0.0488313096973771,-0.25507848031968905,0.03272762742691097,0.12856044679030013
3.4648150242341407,-1.873982503827816,-0.03793805217485661,2.53893688115267,-3.6445437189889978,1.7978672265404365,-2.6997066896311415,2.2382405066283084,4.106055662871322,0.8442084969330005,1.0253711907804168,1.7930998342708964,-3.2225910870030963,-2.5568967344763314,-1.2842746190963819,1.6849688308286521,-3.2849783460509387,0.7721430442252635,0.13785135411604277,1.8811822495422692,0.3530837167363089,1.1375452435381805,-3.223046756835215,3.837869098744711,2.247265588216801,-1.2510981851618366,3.1460051077696836,5.328155065043773,4.867422963158412,2.0974145634726153,-1.1980342667852286,-2.8119199635682115,-4.62475808588426,1.4065169463184493,-3.180349972713964,1.5302973411395975,-1.723144687701413,-0.22293899735921566,-0.035739818839969253,1.9288205841055523,-2.8672426705625997,-0.4369328669175591,6.615701233517959,5.8551630526835465
-5.299989540406425,3.005046655845111,-0.008562516681706385,-3.6445437189889978,5.695482483542825,-2.869013628403726,4.430872732175285,-3.54754870398353,-6.207108010841987,-1.507580514870048,-1.6893508486344737,-2.8586888956320395,4.671984105168502,3.752113408132649,2.1673958391502848,-2.513679237713824,5.227519200503601,-1.4812821817327564,-0.39050404563939184,-2.8285948781348327,-0.26802459010113505,-1.8289656223120714,4.740413382139469,-5.98139021511247,-3.004553527133162,2.2463628024626816,-4.8955470675742,-7.6913667248746975,-7.339426507738641,-3.0348674197170733,1.977070780309656,4.40459252930999,6.879960187163474,-2.029779313343887,4.956642233143356,-2.361774008920334,2.181025217287617,0.5038084907263354,-0.15037334126292937,-3.171155076629421,4.618565651923969,1.1457861620749756,-9.86355100912727,-9.198384860539912
2.968629021860391,-2.193272142302187,0.1234324470337612,1.7978672265404365,-2.869013628403726,2.348195946871264,-3.0749786978249967,2.248745797843062,3.5029431018406587,0.6352794309087564,0.8598763431857692,1.9760423140290915,-2.1046083997179084,-1.6338587643687954,-1.622150798273607,1.380449865195284,-3.588772782537937,1.0639613282494533,1.0824666282872197,1.3129414543088433,0.005161123924150045,1.0960050711424476,-2.1801487714556527,3.1938647077777937,1.0321397003832402,-1.6465439560793909,3.484260114409006,4.000630317446369,3.7903974361582096,1.658649885275581,-1.3296814269994264,-2.5813641170537927,-3.7979851247689327,0.40967405851826516,-2.777272483641613,1.6247764960647835,-0.7972182997388723,-0.15873382805396338,0.7966304568155962,2.1639744693880236,-2.7412584687503947,-1.5135886305110267,5.44575556793445,5.482899128060696
-4.47057635135233,3.025174960891315,-0.27769893474111706,-2.6997066896311415,4.430872732175285,-3.0749786978249967,4.505087176146275,-3.3977850335808957,-5.151756845062648,-1.0401573810277953,-1.1931340719543666,-2.8861231541785854,3.320249461941576,2.507200056319334,2.2610640034525877,-1.9541450086684684,5.115846993103419,-1.5214777568630884,-1.342456921409909,-1.9509449993753898,0.21677574678530145,-1.6603883819909924,3.475529193188825,-4.931105949700555,-1.6516781817605066,2.2911738504904022,-4.835437743877934,-6.0487434662727475,-5.811093531043534,-2.521547564874921,1.898170101789835,3.8584392545850927,5.480283703611191,-0.9277395384646897,3.9922777624569825,-2.261165652802207,1.3067631267570314,0.3219934262000906,-0.8373083452507856,-2.9945922711269954,4.1083645434950675,1.9247756703838332,-8.063323648303856,-8.030015908817202
3.5843210184664978,-2.246894233581475,0.27425189714234816,2.2382405066283084,-3.54754870398353,2.248745797843062,-3.3977850335808957,2.7988883683691306,4.0520912851413176,0.7686385631425574,0.8776545343098737,2.2602554748254455,-3.0068740133007767,-1.9829086337140491,-1.43768917445455,1.5637078483707518,-3.862385604850895,1.0039017192606328,1.0241144132354485,1.5608776008143757,-0.13497774268609472,1.333223187820574,-2.875951825045345,3.8421968238023756,1.5159101382695106,-1.646472181336959,3.691385495074063,5.379073597686196,4.654964220586302,1.991164468708447,-1.4602906923645005,-3.0538501439426886,-4.439956119492121,0.6550088478122257,-2.9811064841522117,1.5783675252407787,-1.5713286806044309,-0.06800920321582458,0.37026812675340937,2.1769458536875326,-2.9840044119701026,-1.3329236070721944,6.4148893798674775,6.129171789038023
5.947377821423159,-3.5425652128631313,0.034817123731033954,4.106055662871322,-6.207108010841987,3.5029431018406587,-5.151756845062648,4.0520912851413176,7.119445350554203,1.520934390330366,1.7885660315147578,3.3394919094329425,-5.120533935388055,-4.151642022739561,-2.534856583128994,2.815549376138465,-6.1320855374425145,1.695787777233425,0.7059291828213166,3.0733194580916936,0.24129751145862136,2.047209488806856,-5.313016913452856,6.751728844688363,3.2872490592870105,-2.561265489157592,5.824375020319725,8.77357157805562,8.242979288203898,3.587754316260538,-2.304386420204188,-4.92455012431057,-7.833708291996452,2.076977259995494,-5.576398292917917,2.903685988348968,-2.4055430051727065,-0.47580606899849337,0.31514870106038106,3.6330702841182845,-5.266681075732977,-1.4119208034675834,11.315303219371305,10.421926918567202
1.239514714237542,-0.6774231496072164,-0.07193645230492267,0.8442084969330005,-1.507580514870048,0.6352794309087564,-1.0401573810277953,0.7686385631425574,1.520934390330366,0.6959290936555805,0.5668192908396357,0.6080977270287419,-1.0358691175558634,-0.999901008123082,-0.610786589445685,0.5984095766607813,-1.2959688879945799,0.5359246846630582,-0.0766909959916512,0.7842697154368489,-0.034876507160481,0.47238678525900524,-1.1862370698262112,1.6163069650041282,0.6329968395004395,-0.7268340545315661,0.9919898162341584,1.480621434263927,1.8501678234459364,0.6299114702238664,-0.5632581981881669,-1.0775767327023142,-1.5876913211496297,0.7190194798122719,-1.370614952282483,0.5723987375761557,-0.1629042197043739,-0.3372392583132584,0.053501355662901574,0.8474963321981945,-1.2614701715986298,-0.3323944975019076,2.278396005814291,2.3310596677520308
1.4719321180767833,-0.8873798970575784,-0.12091842210060419,1.0253711907804168,-1.6893508486344737,0.8598763431857692,-1.1931340719543666,0.8776545343098737,1.7885660315147578,0.5668192908396357,0.6927071806856937,0.7252268357738321,-1.2688035019567216,-1.1993962999612386,-0.6763517161023123,0.8052536608371569,-1.4704043046572912,0.5415333966237249,-0.012139324709753199,0.9232741319462173,0.1710486601420226,0.5230936665157688,-1.3258943309804245,1.7298713319205048,0.8802813118374216,-0.7723894535817801,1.383650250989663,2.010429364201079,2.086327168583921,0.7895059510989121,-0.5973793237812338,-1.2375060118866927,-2.067654605007523,0.6400924063403136,-1.627348845210549,0.7107370926086455,-0.45012830080080163,-0.24651593560435764,0.0691484449975659,1.0482738335722006,-1.3778731138620337,-0.3924322092182423,2.8177277466913457,2.7276849986165845
2.9573937953886222,-1.9263759557224593,0.21581987925002497,1.7930998342708964,-2.8586888956320395,1.9760423140290915,-2.8861231541785854,2.2602554748254455,3.3394919094329425,0.6080977270287419,0.7252268357738321,1.9129143233904602,-2.2824620976127865,-1.5776890439822338,-1.4046332638593675,1.2809309921537118,-3.2902098604015473,0.8722210437365562,0.9037718903649957,1.2644178421039944,-0.025604408500916626,1.0669591554329731,-2.2590503112153266,3.131074020937472,1.1632259262721432,-1.4048729719767334,3.1215500340612343,4.109955450889176,3.782809895292532,1.632361642627576,-1.1861608925564637,-2.526012903392594,-3.5786611892304343,0.5632227771914213,-2.4994933294634816,1.3817366845551915,-1.0521368843717958,-0.13862633949453437,0.5542235578039488,1.8685054971185495,-2.5370540591597277,-1.2007245512138613,5.230741218621755,5.1423622676783385
-4.443632538664854,2.252368011131221,-0.03501498879528316,-3.2225910870030963,4.671984105168502,-2.1046083997179084,3.320249461941576,-3.0068740133007767,-5.120533935388055,-1.0358691175558634,-1.2688035019567216,-2.2824620976127865,4.463914832303192,3.194983895891395,1.2670431382434317,-2.146863655919802,3.995810016069619,-0.8630689273351855,-0.17555889242174055,-2.368233767921231,-0.4157118118924558,-1.5031320895872573,4.169421684967172,-4.795005610938615,-2.9901558589313004,1.4818828074794492,-3.866618158883769,-7.359543815533193,-6.169792485459044,-2.5912872171404575,1.504846744869929,3.5820429460282583,5.948659594208204,-1.608935707556275,3.8475915813804913,-1.70819275944598,2.727650701430843,0.10265921991573927,0.34295528566512196,-2.2889029251305333,3.348403918940041,0.4673259232500401,-8.356731464625529,-7.203374251765435
-3.3671608130303174,1.8079873921707492,0.19177773337672183,-2.5568967344763314,3.752113408132649,-1.6338587643687954,2.507200056319334,-1.9829086337140491,-4.151642022739561,-0.999901008123082,-1.1993962999612386,-1.5776890439822338,3.194983895891395,2.931982466811735,1.3101546298358848,-1.7419588434308537,3.108419296237488,-0.9359799190752939,0.3204540074517218,-2.0264765684446417,-0.35913352120404274,-1.092803303642878,3.4283571479754498,-3.998085084785855,-2.457883668048163,1.2461143061352327,-2.9648603808238363,-5.1551980868589835,-4.969075077988646,-2.165399373129958,1.1984469634200756,2.6978385063063066,4.737079810133419,-1.7739646031845764,3.4482662649268794,-1.672056551817716,1.5268060359254723,0.4024223697432787,0.25780065308909944,-1.9587159180708695,3.0168782722151226,0.15749516039613787,-6.775563170318531,-5.909202834124797
-2.2957158313477044,1.5581196339429255,-0.02003540233506717,-1.2842746190963819,2.1673958391502848,-1.622150798273607,2.2610640034525877,-1.43768917445455,-2.534856583128994,-0.610786589445685,-0.6763517161023123,-1.4046332638593675,1.2670431382434317,1.3101546298358848,1.7807764127251864,-1.0226502597016294,2.6347976757250304,-0.8564323952802396,-0.38010623822706,-1.0747200362373925,-0.33367036089887697,-0.7284784996011968,1.5719677495334718,-2.4111470277201064,-0.9270689707451208,1.128417049813867,-2.2732207734055607,-1.8950101849117567,-2.903051142555023,-1.145625300575923,0.7559079296714346,1.9830142017521375,2.4890925295060686,-0.9936244298709231,2.1947170956219137,-1.2437399130109292,-0.030609447793981576,0.5493864291133608,-1.0525480581668498,-1.5924128632795267,2.2042497667913583,0.8847265809343244,-3.829723306877293,-4.239791186515123
2.422915766031889,-1.425087266392271,-0.054299848761707924,1.6849688308286521,-2.513679237713824,1.380449865195284,-1.9541450086684684,1.5637078483707518,2.815549376138465,0.5984095766607813,0.8052536608371569,1.2809309921537118,-2.146863655919802,-1.7419588434308537,-1.0226502597016294,1.2541915904263505,-2.351968345435029,0.6233489299078344,0.15992850977361883,1.3255989843333083,0.3385400244108906,0.820274791438342,-2.1039787355129707,2.602545633681811,1.512610450471239,-0.9748556305728039,2.2988203039543125,3.5370535447255484,3.295312748052099,1.3619284847660023,-0.837871238556784,-2.006909063860255,-3.253025149225703,0.886942368132732,-2.3049034029681317,1.0842207369985866,-1.0826037061611118,-0.17138545227642155,0.1537713330222617,1.4805227025830512,-1.98990961163938,-0.48975971664046963,4.5362414113784375,4.181315473810969
-5.2448869992694656,3.492171098742541,-0.22416598735414645,-3.2849783460509387,5.227519200503601,-3.588772782537937,5.115846993103419,-3.862385604850895,-6.1320855374425145,-1.2959688879945799,-1.4704043046572912,-3.2902098604015473,3.995810016069619,3.108419296237488,2.6347976757250304,-2.351968345435029,5.965439593775391,-1.7558079790994896,-1.3892428984287475,-2.4003016476626917,0.0855093894419945,-1.9105087698551144,4.1980786810078605,-5.811715044704617,-2.143193163868034,2.6513514519875496,-5.578805047779468,-7.143787317030897,-6.929459482073855,-2.9814458804742556,2.2188233986879484,4.488688960243884,6.557958938985648,-1.2657115656417697,4.795073236321993,-2.6728345388497265,1.5715384396682366,0.4248849013872713,-0.9527375397908378,-3.4919047763860536,4.781773330672652,2.0788830400538854,-9.588840045650379,-9.424878952173826
1.343932587506556,-1.061054066559796,0.016755782471421333,0.7721430442252635,-1.4812821817327564,1.0639613282494533,-1.5214777568630884,1.0039017192606328,1.695787777233425,0.5359246846630582,0.5415333966237249,0.8722210437365562,-0.8630689273351855,-0.9359799190752939,-0.8564323952802396,0.6233489299078344,-1.7558079790994896,0.7862162047608021,0.3536878023623777,0.6590341705374158,-0.267236879556033,0.560715197187206,-1.146957546766393,1.7551148896291935,0.36342944506424274,-0.9684923143944901,1.581856367958202,1.6191309603597164,1.8735390542516421,0.8023664083975058,-0.7529704523438817,-1.2004603861914094,-1.7722907659275005,0.37948287493714666,-1.5156843175281942,0.906144453651123,-0.007244166221278821,-0.2747375161239553,0.2853473565156895,1.138258014755744,-1.566082798597345,-0.7616432543477797,2.623323088686961,2.768000236581467
0.6681522085714772,-0.9142300504660966,0.3390486631770534,0.13785135411604277,-0.39050404563939184,1.0824666282872197,-1.342456921409909,1.0241144132354485,0.7059291828213166,-0.0766909959916512,-0.012139324709753199,0.9037718903649957,-0.17555889242174055,0.3204540074517218,-0.38010623822706,0.15992850977361883,-1.3892428984287475,0.3536878023623777,1.3960302482629354,-0.10942308695974859,-0.5285914988672705,0.3970951454555253,-0.01759470742954702,0.5543127233897253,-0.6557550318940295,-0.7798341810200826,1.498243781670795,1.107672289393466,0.47968746988293565,0.30041398733367186,-0.6125581700392175,-0.7282188225406736,-0.6776707446443081,-0.9713025885535046,-0.3345801355919262,0.4186576148245356,-0.11421874909124699,0.29064356191817503,0.555726809021406,0.7553466416990944,-0.6618453365480543,-1.3584503156302647,0.985972212327563,1.3786619084100102
2.5978516927284923,-1.3804799233402718,-0.12170642118073811,1.8811822495422692,-2.8285948781348327,1.3129414543088433,-1.9509449993753898,1.5608776008143757,3.0733194580916936,0.7842697154368489,0.9232741319462173,1.2644178421039944,-2.368233767921231,-2.0264765684446417,-1.0747200362373925,1.3255989843333083,-2.4003016476626917,0.6590341705374158,-0.10942308695974859,1.535344549840435,0.40807378574320163,0.8433611180327982,-2.3981655051762947,2.914177467531858,1.759023119408685,-0.9909541727031975,2.2377074082928177,3.6991756236854165,3.6711319676962253,1.4762468766648758,-0.8680423718664849,-2.120702332717607,-3.4790173572758385,1.2480759408033102,-2.543474195201504,1.1379630494215063,-1.1034557428493206,-0.3121857432902246,0.042357720992349385,1.5148391053729586,-2.1953104452153553,-0.30945615833082263,4.894604646338917,4.469172752397408
0.4150691949667543,0.04378941106800294,-0.19249308567423112,0.3530837167363089,-0.26802459010113505,0.005161123924150045,0.21677574678530145,-0.13497774268609472,0.24129751145862136,-0.034876507160481,0.1710486601420226,-0.025604408500916626,-0.4157118118924558,-0.35913352120404274,-0.33367036089887697,0.3385400244108906,0.0855093894419945,-0.267236879556033,-0.5285914988672705,0.40807378574320163,1.014807270736614,-0.07569551494531915,-0.17973339921603704,-0.035079719743617226,0.8652915419552866,0.2963392730145066,-0.10855781018111574,0.04486596400016794,0.41214911107786173,-0.005063254164835701,0.3292153397320826,-0.2384137104577471,-0.4072132384111892,0.6266620534482891,-0.2937557702497305,-0.09964617879605445,-0.31942482453611504,-0.14167354660565873,0.34538174208298944,-0.01401267545154165,0.14742823923105375,0.47366620388969916,0.39089115596324703,0.31887783098548456
1.7847688254522274,-1.1094362687811954,0.07060882721656117,1.1375452435381805,-1.8289656223120714,1.0960050711424476,-1.6603883819909924,1.333223187820574,2.047209488806856,0.47238678525900524,0.5230936665157688,1.0669591554329731,-1.5031320895872573,-1.092803303642878,-0.7284784996011968,0.820274791438342,-1.9105087698551144,0.560715197187206,0.3970951454555253,0.8433611180327982,-0.07569551494531915,0.694604305944908,-1.489610243428213,1.9848488312693662,0.8083304364757231,-0.8592549071055556,1.7965321414374733,2.634996390495272,2.380893085819334,0.985023416330247,-0.7415151971092108,-1.5289919722162624,-2.287400904332771,0.42192913394702536,-1.599135242459275,0.8120760970990686,-0.7199723225548048,-0.09302599041828227,0.12393053088528069,1.1350163001525264,-1.5422552014597306,-0.614903649232085,3.2631367810857896,3.109417361159864
-4.404106773866268,2.346789713896878,0.034996726079164216,-3.223046756835215,4.740413382139469,-2.1801487714556527,3.475529193188825,-2.875951825045345,-5.313016913452856,-1.1862370698262112,-1.3258943309804245,-2.2590503112153266,4.169421684967172,3.4283571479754498,1.5719677495334718,-2.1039787355129707,4.1980786810078605,-1.146957546766393,-0.01759470742954702,-2.3981655051762947,-0.17973339921603704,-1.489610243428213,4.347911229171735,-5.139825265489845,-2.8878845822663006,1.636103916549755,-3.93941732505495,-6.932360861572465,-6.355511878189033,-2.800573439462243,1.617271640186263,3.5508490768766285,5.950875070213542,-1.9441716007406225,4.132316879294576,-2.0596711187902548,2.1532687179261094,0.3661468653324385,0.29782168021437294,-2.433713639160808,3.812850217486893,0.43266311499546123,-8.626843930189333,-7.521740364516304
5.610062011383381,-3.302775925782596,0.047424384331491806,3.837869098744711,-5.98139021511247,3.1938647077777937,-4.931105949700555,3.8421968238023756,6.751728844688363,1.6163069650041282,1.7298713319205048,3.131074020937472,-4.795005610938615,-3.998085084785855,-2.4111470277201064,2.602545633681811,-5.811715044704617,1.7551148896291935,0.5543127233897253,2.914177467531858,-0.035079719743617226,1.9848488312693662,-5.139825265489845,6.603735643465255,3.014838526645814,-2.5123988632357817,5.39038115539226,8.14706328171399,7.895381059802892,3.419084620492711,-2.248646063992733,-4.664715612271019,-7.330161877492027,2.132589852668759,-5.335879494595108,2.7837252832992863,-2.061647332526788,-0.5886644032537917,0.1667862939442408,3.4468219936733036,-5.166661507806114,-1.3162364467578136,10.705927342851338,9.9318534686501
2.8636949413244577,-1.181681734684553,-0.20198196302089058,2.247265588216801,-3.004553527133162,1.0321397003832402,-1.6516781817605066,1.5159101382695106,3.2872490592870105,0.6329968395004395,0.8802813118374216,1.1632259262721432,-2.9901558589313004,-2.457883668048163,-0.9270689707451208,1.512610450471239,-2.143193163868034,0.36342944506424274,-0.6557550318940295,1.759023119408685,0.8652915419552866,0.8083304364757231,-2.8878845822663006,3.014838526645814,2.6348310499328895,-0.5340830733718233,2.0361770917182436,4.442494174431156,4.125404605743785,1.7141393386137826,-0.6225948406214525,-2.180639002612426,-3.8969353535758042,1.7576213086830317,-2.601061151226478,1.078047253219948,-1.8186362729466676,-0.25910423595000126,-0.2821266471348006,1.2484364772177867,-2.0002964726653305,0.47324560426524315,5.48032404811011,4.449378222137851
-2.10595314101956,1.6016089723657267,-0.08371100890118559,-1.2510981851618366,2.2463628024626816,-1.6465439560793909,2.2911738504904022,-1.646472181336959,-2.561265489157592,-0.7268340545315661,-0.7723894535817801,-1.4048729719767334,1.4818828074794492,1.2461143061352327,1.128417049813867,-0.9748556305728039,2.6513514519875496,-0.9684923143944901,-0.7798341810200826,-0.9909541727031975,0.2963392730145066,-0.8592549071055556,1.636103916549755,-2.5123988632357817,-0.5340830733718233,1.4405543822528717,-2.483666896608174,-2.814448513920478,-2.7998965787224113,-1.1569651416848048,1.1275716160321332,1.8886874198938959,2.731378949519244,-0.3134446567253901,2.1513915641066506,-1.1794989956042397,0.34492490795471287,0.2270860881778598,-0.4348155641769729,-1.6914993687328914,2.181001022076206,1.2788955727181075,-3.91187866122996,-4.114440836633245
4.906535875335074,-3.4272769292665424,0.21666367394033528,3.1460051077696836,-4.8955470675742,3.484260114409006,-4.835437743877934,3.691385495074063,5.824375020319725,0.9919898162341584,1.383650250989663,3.1215500340612343,-3.866618158883769,-2.9648603808238363,-2.2732207734055607,2.2988203039543125,-5.578805047779468,1.581856367958202,1.498243781670795,2.2377074082928177,-0.10855781018111574,1.7965321414374733,-3.93941732505495,5.39038115539226,2.0361770917182436,-2.483666896608174,5.576634762156854,7.281091261450105,6.446816618170806,2.92273660179191,-2.144203627507898,-4.1908288245423275,-6.442011985639574,0.8314720941102999,-4.53143575141026,2.581006032267104,-1.8193703716620488,-0.1386834235902011,0.6942675048305901,3.367260752446509,-4.463189897052554,-2.0548921079330977,9.255059346964876,8.884762857309813
7.352211653284605,-4.1687901056979255,0.2129664935359305,5.328155065043773,-7.6913667248746975,4.000630317446369,-6.0487434662727475,5.379073597686196,8.77357157805562,1.480621434263927,2.010429364201079,4.109955450889176,-7.359543815533193,-5.1551980868589835,-1.8950101849117567,3.5370535447255484,-7.143787317030897,1.6191309603597164,1.107672289393466,3.6991756236854165,0.04486596400016794,2.634996390495272,-6.932360861572465,8.14706328171399,4.442494174431156,-2.814448513920478,7.281091261450105,13.173051962561892,10.207829381058238,4.623243467974069,-2.9144666149124125,-5.989174997724942,-10.260948198218609,1.7902318933680612,-6.433105678098374,3.1996586183106808,-4.73375388757201,0.22359594104444314,-0.7736643714129408,4.108153300809096,-5.842432249257167,-1.4198382551088378,14.40759887849222,12.257293607829343
7.00898014035412,-3.922639474975708,0.017536519586661387,4.867422963158412,-7.339426507738641,3.7903974361582096,-5.811093531043534,4.654964220586302,8.242979288203898,1.8501678234459364,2.086327168583921,3.782809895292532,-6.169792485459044,-4.969075077988646,-2.903051142555023,3.295312748052099,-6.929459482073855,1.8735390542516421,0.47968746988293565,3.6711319676962253,0.41214911107786173,2.380893085819334,-6.355511878189033,7.895381059802892,4.125404605743785,-2.7998965787224113,6.446816618170806,10.207829381058238,9.754093457725368,4.153406742806592,-2.5408965603868015,-5.760589456024408,-9.08503011020688,2.7831374798509914,-6.458908168395939,3.215125845013392,-2.9429894381189254,-0.6521129994816676,0.22702621938791417,4.059626823856014,-6.039002186730062,-1.27254089749228,13.163612493480457,12.041407287238625
2.915426345693223,-1.725404591253771,0.038813243192508985,2.0974145634726153,-3.0348674197170733,1.658649885275581,-2.521547564874921,1.991164468708447,3.587754316260538,0.6299114702238664,0.7895059510989121,1.632361642627576,-2.5912872171404575,-2.165399373129958,-1.145625300575923,1.3619284847660023,-2.9814458804742556,0.8023664083975058,0.30041398733367186,1.4762468766648758,-0.005063254164835701,0.985023416330247,-2.800573439462243,3.419084620492711,1.7141393386137826,-1.1569651416848048,2.92273660179191,4.623243467974069,4.153406742806592,1.9830162643788498,-1.1471517670061884,-2.3610268216473416,-3.9590039587282995,1.0624861622220871,-2.725523850003118,1.5324198609409732,-1.3270415575061356,-0.1676166099521369,-0.07312282888605401,1.710846344420173,-2.661952380469284,-0.4966692821195288,5.828710500068593,5.106067191785324
-1.8332689289978419,1.3236001636728953,-0.08950160579084747,-1.1980342667852286,1.977070780309656,-1.3296814269994264,1.898170101789835,-1.4602906923645005,-2.304386420204188,-0.5632581981881669,-0.5973793237812338,-1.1861608925564637,1.504846744869929,1.1984469634200756,0.7559079296714346,-0.837871238556784,2.2188233986879484,-0.7529704523438817,-0.6125581700392175,-0.8680423718664849,0.3292153397320826,-0.7415151971092108,1.617271640186263,-2.248646063992733,-0.6225948406214525,1.1275716160321332,-2.144203627507898,-2.9144666149124125,-2.5408965603868015,-1.1471517670061884,1.003478071053842,1.5959560967460422,2.5186584342366793,-0.2673413633102001,1.8217291100981912,-1.0392654026834154,0.6097968231778689,0.07687690712637113,-0.09022604311446429,-1.3546973461684069,1.8440047773421182,0.9029305600815721,-3.6199242673233725,-3.4851930208716624
-4.360165575497173,2.609174051121607,-0.12601972054661473,-2.8119199635682115,4.40459252930999,-2.5813641170537927,3.8584392545850927,-3.0538501439426886,-4.92455012431057,-1.0775767327023142,-1.2375060118866927,-2.526012903392594,3.5820429460282583,2.6978385063063066,1.9830142017521375,-2.006909063860255,4.488688960243884,-1.2004603861914094,-0.7282188225406736,-2.120702332717607,-0.2384137104577471,-1.5289919722162624,3.5508490768766285,-4.664715612271019,-2.180639002612426,1.8886874198938959,-4.1908288245423275,-5.989174997724942,-5.760589456024408,-2.3610268216473416,1.5959560967460422,3.6838913291978006,5.400564716419088,-1.3454321070444577,3.8631987649258916,-1.9154827539997206,1.6419734925393124,0.3426876881587921,-0.5537367395048998,-2.6472195548318393,3.6682823284673676,1.2677365900789328,-7.7821746367102,-7.501796103638282
-6.5552666007224225,3.8800433048273897,0.039971127324184313,-4.62475808588426,6.879960187163474,-3.7979851247689327,5.480283703611191,-4.439956119492121,-7.833708291996452,-1.5876913211496297,-2.067654605007523,-3.5786611892304343,5.948659594208204,4.737079810133419,2.4890925295060686,-3.253025149225703,6.557958938985648,-1.7722907659275005,-0.6776707446443081,-3.4790173572758385,-0.4072132384111892,-2.287400904332771,5.950875070213542,-7.330161877492027,-3.8969353535758042,2.731378949519244,-6.442011985639574,-10.260948198218609,-9.08503011020688,-3.9590039587282995,2.5186584342366793,5.400564716419088,8.976925623585236,-2.1423823238875097,6.191202003680614,-3.099998255366378,3.1431863492910335,0.3192591885602654,-0.03512357336417308,-3.9900800720561556,5.5884813514170295,1.4001640937082476,-12.662034851763831,-11.375319982325934
1.7858165743266532,-0.5697155270266887,-0.24086656268445192,1.4065169463184493,-2.029779313343887,0.40967405851826516,-0.9277395384646897,0.6550088478122257,2.076977259995494,0.7190194798122719,0.6400924063403136,0.5632227771914213,-1.608935707556275,-1.7739646031845764,-0.9936244298709231,0.886942368132732,-1.2657115656417697,0.37948287493714666,-0.9713025885535046,1.2480759408033102,0.6266620534482891,0.42192913394702536,-1.9441716007406225,2.132589852668759,1.7576213086830317,-0.3134446567253901,0.8314720941102999,1.7902318933680612,2.7831374798509914,1.0624861622220871,-0.2673413633102001,-1.3454321070444577,-2.1423823238875097,1.916813032148013,-1.8292927571789683,0.7441175561854282,-0.4376255568300671,-0.6513342669262673,9.821903395610993e-4,0.734658032180628,-1.561929266825715,0.6256189521097378,3.30617505536035,2.9296761141714764
-4.621639735194878,2.8480234011054333,0.11822827315610246,-3.180349972713964,4.956642233143356,-2.777272483641613,3.9922777624569825,-2.9811064841522117,-5.576398292917917,-1.370614952282483,-1.627348845210549,-2.4994933294634816,3.8475915813804913,3.4482662649268794,2.1947170956219137,-2.3049034029681317,4.795073236321993,-1.5156843175281942,-0.3345801355919262,-2.543474195201504,-0.2937557702497305,-1.599135242459275,4.132316879294576,-5.335879494595108,-2.601061151226478,2.1513915641066506,-4.53143575141026,-6.433105678098374,-6.458908168395939,-2.725523850003118,1.8217291100981912,3.8631987649258916,6.191202003680614,-1.8292927571789683,4.665911107726704,-2.3658937301703475,1.5215887380453335,0.5635319268646884,-0.3538860972027806,-3.0370770006996657,4.27866348035054,1.1471823348852432,-8.857061168876072,-8.367894317650812
2.278109520203951,-1.616455273205808,0.003808095218980229,1.5302973411395975,-2.361774008920334,1.6247764960647835,-2.261165652802207,1.5783675252407787,2.903685988348968,0.5723987375761557,0.7107370926086455,1.3817366845551915,-1.70819275944598,-1.672056551817716,-1.2437399130109292,1.0842207369985866,-2.6728345388497265,0.906144453651123,0.4186576148245356,1.1379630494215063,-0.09964617879605445,0.8120760970990686,-2.0596711187902548,2.7837252832992863,1.078047253219948,-1.1794989956042397,2.581006032267104,3.1996586183106808,3.215125845013392,1.5324198609409732,-1.0392654026834154,-1.9154827539997206,-3.099998255366378,0.7441175561854282,-2.3658937301703475,1.4809245727504563,-0.5532268393751992,-0.25856431696272153,0.28888247131128714,1.6288471908611704,-2.3576183490376885,-0.7694072283130878,4.609619520135725,4.342240235359659
-2.1534066139158456,0.8945401461843372,-0.07895149297099083,-1.723144687701413,2.181025217287617,-0.7972182997388723,1.3067631267570314,-1.5713286806044309,-2.4055430051727065,-0.1629042197043739,-0.45012830080080163,-1.0521368843717958,2.727650701430843,1.5268060359254723,-0.030609447793981576,-1.0826037061611118,1.5715384396682366,-0.007244166221278821,-0.11421874909124699,-1.1034557428493206,-0.31942482453611504,-0.7199723225548048,2.1532687179261094,-2.061647332526788,-1.8186362729466676,0.34492490795471287,-1.8193703716620488,-4.73375388757201,-2.9429894381189254,-1.3270415575061356,0.6097968231778689,1.6419734925393124,3.1431863492910335,-0.4376255568300671,1.5215887380453335,-0.5532268393751992,2.3752100918793624,-0.4055738101296274,0.7107331223826542,-0.792378456451722,1.1077048285549902,-0.12176200107844466,-4.1876626309156455,-2.9929292649213837
-0.4191674283150983,0.17072515630545046,0.09442549284452663,-0.22293899735921566,0.5038084907263354,-0.15873382805396338,0.3219934262000906,-0.06800920321582458,-0.47580606899849337,-0.3372392583132584,-0.24651593560435764,-0.13862633949453437,0.10265921991573927,0.4024223697432787,0.5493864291133608,-0.17138545227642155,0.4248849013872713,-0.2747375161239553,0.29064356191817503,-0.3121857432902246,-0.14167354660565873,-0.09302599041828227,0.3661468653324385,-0.5886644032537917,-0.25910423595000126,0.2270860881778598,-0.1386834235902011,0.22359594104444314,-0.6521129994816676,-0.1676166099521369,0.07687690712637113,0.3426876881587921,0.3192591885602654,-0.6513342669262673,0.5635319268646884,-0.25856431696272153,-0.4055738101296274,0.4172361403757202,-0.28118191078225485,-0.29266255197143515,0.5677572102000616,-0.015503931008119316,-0.6271946137735844,-0.8667373302446941
0.5237857156231664,-0.6001329450791575,0.09608325360110018,-0.035739818839969253,-0.15037334126292937,0.7966304568155962,-0.8373083452507856,0.37026812675340937,0.31514870106038106,0.053501355662901574,0.0691484449975659,0.5542235578039488,0.34295528566512196,0.25780065308909944,-1.0525480581668498,0.1537713330222617,-0.9527375397908378,0.2853473565156895,0.555726809021406,0.042357720992349385,0.34538174208298944,0.12393053088528069,0.29782168021437294,0.1667862939442408,-0.2821266471348006,-0.4348155641769729,0.6942675048305901,-0.7736643714129408,0.22702621938791417,-0.07312282888605401,-0.09022604311446429,-0.5537367395048998,-0.03512357336417308,9.821903395610993e-4,-0.3538860972027806,0.28888247131128714,0.7107331223826542,-0.28118191078225485,1.2716002365194419,0.5438005557279388,-0.45744028813570353,-0.8044820840900357,0.19228038325099528,1.0611420197538397
3.0540238426401296,-2.1435661927724916,0.03491404197760889,1.9288205841055523,-3.171155076629421,2.1639744693880236,-2.9945922711269954,2.1769458536875326,3.6330702841182845,0.8474963321981945,1.0482738335722006,1.8685054971185495,-2.2889029251305333,-1.9587159180708695,-1.5924128632795267,1.4805227025830512,-3.4919047763860536,1.138258014755744,0.7553466416990944,1.5148391053729586,-0.01401267545154165,1.1350163001525264,-2.433713639160808,3.4468219936733036,1.2484364772177867,-1.6914993687328914,3.367260752446509,4.108153300809096,4.059626823856014,1.710846344420173,-1.3546973461684069,-2.6472195548318393,-3.9900800720561556,0.734658032180628,-3.0370770006996657,1.6288471908611704,-0.792378456451722,-0.29266255197143515,0.5438005557279388,2.230506467789807,-2.9171177885036066,-1.335331610584368,5.691081201992583,5.6995665774724
-4.336697227485838,2.797097151241487,-0.0488313096973771,-2.8672426705625997,4.618565651923969,-2.7412584687503947,4.1083645434950675,-2.9840044119701026,-5.266681075732977,-1.2614701715986298,-1.3778731138620337,-2.5370540591597277,3.348403918940041,3.0168782722151226,2.2042497667913583,-1.98990961163938,4.781773330672652,-1.566082798597345,-0.6618453365480543,-2.1953104452153553,0.14742823923105375,-1.5422552014597306,3.812850217486893,-5.166661507806114,-2.0002964726653305,2.181001022076206,-4.463189897052554,-5.842432249257167,-6.039002186730062,-2.661952380469284,1.8440047773421182,3.6682823284673676,5.5884813514170295,-1.561929266825715,4.27866348035054,-2.3576183490376885,1.1077048285549902,0.5677572102000616,-0.45744028813570353,-2.9171177885036066,4.306131320434085,1.381182384030014,-8.27465608657223,-8.007974299636972
-1.2366607129275473,1.3574781442162829,-0.25507848031968905,-0.4369328669175591,1.1457861620749756,-1.5135886305110267,1.9247756703838332,-1.3329236070721944,-1.4119208034675834,-0.3323944975019076,-0.3924322092182423,-1.2007245512138613,0.4673259232500401,0.15749516039613787,0.8847265809343244,-0.48975971664046963,2.0788830400538854,-0.7616432543477797,-1.3584503156302647,-0.30945615833082263,0.47366620388969916,-0.614903649232085,0.43266311499546123,-1.3162364467578136,0.47324560426524315,1.2788955727181075,-2.0548921079330977,-1.4198382551088378,-1.27254089749228,-0.4966692821195288,0.9029305600815721,1.2677365900789328,1.4001640937082476,0.6256189521097378,1.1471823348852432,-0.7694072283130878,-0.12176200107844466,-0.015503931008119316,-0.8044820840900357,-1.335331610584368,1.381182384030014,1.7389003572593693,-1.963370661947339,-2.661137650386128
9.462157181508061,-5.589395010909283,0.03272762742691097,6.615701233517959,-9.86355100912727,5.44575556793445,-8.063323648303856,6.4148893798674775,11.315303219371305,2.278396005814291,2.8177277466913457,5.230741218621755,-8.356731464625529,-6.775563170318531,-3.829723306877293,4.5362414113784375,-9.588840045650379,2.623323088686961,0.985972212327563,4.894604646338917,0.39089115596324703,3.2631367810857896,-8.626843930189333,10.705927342851338,5.48032404811011,-3.91187866122996,9.255059346964876,14.40759887849222,13.163612493480457,5.828710500068593,-3.6199242673233725,-7.7821746367102,-12.662034851763831,3.30617505536035,-8.857061168876072,4.609619520135725,-4.1876626309156455,-0.6271946137735844,0.19228038325099528,5.691081201992583,-8.27465608657223,-1.963370661947339,18.233098654467668,16.473595785467072
8.907546326093259,-5.554284385071286,0.12856044679030013,5.8551630526835465,-9.198384860539912,5.482899128060696,-8.030015908817202,6.129171789038023,10.421926918567202,2.3310596677520308,2.7276849986165845,5.1423622676783385,-7.203374251765435,-5.909202834124797,-4.239791186515123,4.181315473810969,-9.424878952173826,2.768000236581467,1.3786619084100102,4.469172752397408,0.31887783098548456,3.109417361159864,-7.521740364516304,9.9318534686501,4.449378222137851,-4.114440836633245,8.884762857309813,12.257293607829343,12.041407287238625,5.106067191785324,-3.4851930208716624,-7.501796103638282,-11.375319982325934,2.9296761141714764,-8.367894317650812,4.342240235359659,-2.9929292649213837,-0.8667373302446941,1.0611420197538397,5.6995665774724,-8.007974299636972,-2.661137650386128,16.473595785467072,15.8416356312967
