V1,V2,V3,V4,V5,V6,V7,V8,V9,V10,V11,V12,V13,V14,V15,V16,V17,V18,V19,V20,V21,V22,V23,V24,V25,V26,V27,V28,V29,V30,V31,V32,V33,V34,V35,V36,V37,V38,V39,V40,V41,V42,V43,V44
0.08102395676564475,-0.03247329727175096,-0.11197257926267726,0.2134082846823815,-0.1309178972282941,0.07364815068622764,0.008773241994107015,-0.1065065969680991,-0.06706982274512635,0.04914169503528729,-0.08132332438448793,-0.17806151072136,-0.09373243852808613,-0.10891928625551762,-0.03197135593329033,-0.07152900380498949,-0.1788256947474084,-0.053596587088151786,0.07559429674312022,-0.042901428158249176,-0.13976679227643743,0.09795746056958742,-0.05898671459298203,-0.1874185471772745,0.007749736442175517,0.036944866942793565,0.015679008257531053,0.05252803709872582,0.09919413584899607,-0.1352192833971653,-0.060820817907337545,-0.1565375248804725,0.02397139630161685,-0.021960936247008688,-0.10876211473012744,-0.018848541580552835,-0.11244181311383243,0.02185797113012806,-0.04050691790083727,0.08256984653187709,0.01749784004935,0.12036487713143589,0.13316781468069488,0.12502270804355853
-0.03247329727175096,1.2456305575140212,-0.9489713853386328,0.1500985167106563,-1.1259795822361727,1.0002812047443486,0.12666331794827848,-1.6356600135475552,-0.7569501832668091,-0.6229072863335412,1.0939320284612348,-0.5868975199419121,-0.048105348840457036,0.4769605514384853,-0.4791846353932673,-1.5794764742902345,-1.2774234404217462,0.7506007279468642,0.3289881881385038,-1.3561143063912238,0.4437488472978462,-1.1071720178552837,-0.26864629473096524,-2.277812682750159,-0.9724662714456447,-1.0501548865306007,-0.39457707353481225,0.05577742977452236,-0.04710531391893749,-0.9392784525369222,0.8805346967187516,1.315924213510722,1.4630108803728166,0.4274124809337119,0.32088837747977556,-1.6874497912509527,-0.9316253352451646,-2.3326542373896624,0.5134153783881238,-0.09747951641489289,-0.4467423464113325,0.27538955744782956,-0.08880635221770095,-0.04711545997576898
-0.11197257926267726,-0.9489713853386328,1.4449864553799725,-1.2117111003220769,1.3353016666931319,-1.0607579339631346,-0.39921397626535976,2.261964118062872,1.2407079058441135,0.4336112407931128,-0.32029836944403195,1.572523672673758,0.23341168220464842,0.08967052433033122,0.7009542947692411,1.9070945973150186,1.8417285367772047,-0.2193600313283168,-0.5399459668771769,1.5907761983620856,0.258263966095364,0.61237862387892,0.4026183497552394,3.2669536853558285,0.8074702308021705,0.5644504690190523,0.43294318846750734,0.12084835516811536,-0.23174536695422684,1.5870801208416847,-0.6735157937039798,-0.5813689591511735,-1.7750245032879801,-0.422875873185629,0.01771181866478086,1.616709659431022,1.2529001523961338,1.974762532697407,-0.2900860597559312,-0.20521794833125148,0.19066923995920476,-1.1847357663182672,-0.3167460385570277,-0.3032407792077808
0.2134082846823815,0.1500985167106563,-1.2117111003220769,1.8878223469627673,-0.8599502990294469,0.5909339145756571,0.5855577184092711,-1.874147880639183,-1.2441788556073574,-0.09987351378362617,-0.5705236840966109,-1.8249948146450448,-0.39579271775276814,-0.6777727691764933,-0.5505415876505835,-1.279346700804597,-1.5753098909452756,-0.5412724062683543,0.7193612817420569,-1.1366133231189335,-0.8007684810510942,0.10607815419470928,-0.411684043963731,-3.000933035226813,-0.312930913980385,0.10585052180220658,-0.22723890308423852,-0.00999964074317579,0.37369392136968094,-1.4373161607415164,0.12973768823094992,-0.46489551360891535,1.262980879974139,0.15148302720819415,-0.3385553065010525,-0.9473624876929264,-1.1107795932249067,-0.578062055657938,-0.039510974690989444,0.4293832144280354,0.26074552340165186,1.521353375290705,0.5926663999288605,0.5395019565794522
-0.1309178972282941,-1.1259795822361727,1.3353016666931319,-0.8599502990294469,1.6160038912355579,-1.1187059270398214,-0.3214644723283977,2.1926734557711423,1.2014979511907782,0.3861207681142552,-0.7885442308527272,1.230174135810738,0.3359048756002282,-0.18762416772407528,0.6068532145710887,1.9052852669603193,1.8528234500084708,-0.5437582042547918,-0.5576275540217374,1.6132570174002439,9.89383555292042e-4,0.8532938482492097,0.4260139678037774,3.152324066215387,1.073390736700649,1.0413964007058019,0.4418506105112673,-0.011439613169660445,-0.18406126726562289,1.5307816826972203,-0.6990979736891687,-0.960999981532477,-1.7746336764072255,-0.4930738873863652,-0.0873449650713162,2.076633609319823,1.2480827829138397,2.4221298602575367,-0.43109636165968285,-0.17254525178689875,0.37523148969544906,-0.7598800596069132,-0.11641114461661128,-0.3630909549714733
0.07364815068622764,1.0002812047443486,-1.0607579339631346,0.5909339145756571,-1.1187059270398214,1.1622587275881653,0.1632039050676517,-1.6381619362814013,-0.8663490034482937,-0.7539057749473109,0.6080968380656889,-0.8931341717776935,-0.30224671862601105,0.3366732719804345,-0.33244611491750337,-1.6354405894619906,-1.49126326300925,0.4023351647919873,0.6396708279107838,-1.4747103991724895,0.13322173666458484,-0.8667745088526133,-0.27635525714486514,-2.668582977083403,-0.8485696781752489,-0.7288510170918153,-0.12390303859010361,0.5455413388587672,0.012067493789397317,-1.0840532395655091,0.7115880579050197,0.9583523207094691,1.3406427166912276,0.03630289536948821,0.2938247416591215,-1.6212080170138163,-1.4482915910678351,-1.821899351053932,0.2925578902619917,-0.0178651109911339,-0.19782200695756033,0.5419588273650706,0.24846107324887662,0.06660683772484614
0.008773241994107015,0.12666331794827848,-0.39921397626535976,0.5855577184092711,-0.3214644723283977,0.1632039050676517,0.3271689548538122,-0.797518029949445,-0.5587184705068133,-0.04413233909232063,-0.07098828200641553,-0.6053710724797721,-0.095161547044716,-0.16993644043698378,-0.2308532071994592,-0.48174789933731343,-0.5089919484074199,-0.12443533859058732,0.24009590130945352,-0.4930644886142211,-0.12126888431504998,-0.18970949361609069,-0.16234061412762668,-1.2285636821631742,-0.23996527743674081,-0.14378129402543233,-0.16485402180063422,-0.17035695609090695,0.043315851985051765,-0.4644092740165781,0.10905275473537429,0.06534054132835553,0.6177402550151229,0.24028587902360865,-0.023809403165724753,-0.6570354089824244,-0.2767564813074594,-0.43459023867397817,0.11435773284329945,0.07459739683255362,0.041650411558673044,0.5118862764336045,0.03562360497316347,0.201840121880173
-0.1065065969680991,-1.6356600135475552,2.261964118062872,-1.874147880639183,2.1926734557711423,-1.6381619362814013,-0.797518029949445,3.9876669488741574,2.1933869617888577,0.8519678242135647,-0.7951503223475829,2.3564416972790747,0.29784776545094127,0.0725251420677561,1.275225520422827,3.1118985917941466,3.005102387216879,-0.4815569600820227,-0.8999431547268169,2.7484766946938213,0.091032974137395,1.3330409001593022,0.7886034227562282,5.596820130513968,1.491374246534205,1.2288241854637734,0.7561722018021971,0.3517509917764137,-0.2831791899114691,2.3701820006040437,-1.2180467394438528,-1.3958972070745084,-3.0701196302183376,-1.0294935637678897,-0.09103087612558373,3.0476347748537345,1.8754803515588652,3.653550582040823,-0.7478719293690437,-0.2702525032831097,0.45998055346521816,-1.9353051782482669,-0.37756099845991775,-0.5080297568231573
-0.06706982274512635,-0.7569501832668091,1.2407079058441135,-1.2441788556073574,1.2014979511907782,-0.8663490034482937,-0.5587184705068133,2.1933869617888577,1.4508264590188649,0.411619593287863,-0.2663374079093757,1.4412124500607075,0.3634741804085107,0.04402878282943616,0.5021221705912108,1.703509613836917,1.7153139633435184,-0.07103265320483926,-0.782156754877541,1.5917180174924905,0.2508091278413011,0.5670531947499057,0.38626255943053434,3.4486971893855496,0.9000091670065511,0.6637446685832429,0.37100390278306167,-0.09053499979652796,-0.07286998380149202,1.517129978040414,-0.5120118922668522,-0.5812038685026694,-1.6905914244264795,-0.2523776599471405,-0.09889012126652735,1.8860916672735644,1.3286256027643004,1.703793178160229,-0.29248274098187405,-0.2274791463198249,-0.01646838174073528,-1.0721540837966872,-0.13803381574004636,-0.27415104731250567
0.04914169503528729,-0.6229072863335412,0.4336112407931128,-0.09987351378362617,0.3861207681142552,-0.7539057749473109,-0.04413233909232063,0.8519678242135647,0.411619593287863,0.9607804495092906,-0.3935967027478809,0.15205356681214285,0.1557454649773016,-0.4470618770267697,0.035018016316790974,0.9082284804145165,0.7257051391309586,-0.20900710873999911,-0.516044119395216,0.9901243000364942,-0.38475697332651443,0.7319157973504328,0.13655619016326434,1.5545457842129948,0.47855989180268643,0.38446770260204294,-0.19867825587882953,-0.8258854136582691,0.19030418771036378,0.24548331592859024,-0.5688915526591265,-0.9735585821628467,-0.6085529770499065,0.214073218015824,-0.4822240819710428,0.9364705908483721,1.1550818295983316,0.9972598810587213,-0.19916075008905093,0.1842409850153309,0.07538373514960643,-0.21815441187297993,-0.22207427452986497,0.25531354126398575
-0.08132332438448793,1.0939320284612348,-0.32029836944403195,-0.5705236840966109,-0.7885442308527272,0.6080968380656889,-0.07098828200641553,-0.7951503223475829,-0.2663374079093757,-0.3935967027478809,1.5584795015196076,0.3071657629058425,0.05014955006169863,0.6728812030864822,-0.28373546950860373,-0.8524696431528641,-0.6148542554462805,0.9996304030401317,0.14148571688011286,-0.7957899670411459,0.8496370576404695,-1.1863448489921635,-0.18992614478665473,-1.0285021105923566,-0.9184034546657047,-1.3783320317778893,-0.345688495775457,0.10078196172915924,-0.1580397297089924,-0.2813325662241939,0.762487949464097,1.424906252456688,0.9053227939183809,0.47370764308065705,0.3684186376445096,-1.4745994452326763,-0.31715302600587764,-2.1157162347285974,0.6402382445567826,-0.18520456766988275,-0.5588572362510974,-0.5537317243440291,-0.4148612075116316,-0.10210801895857487
-0.17806151072136,-0.5868975199419121,1.572523672673758,-1.8249948146450448,1.230174135810738,-0.8931341717776935,-0.6053710724797721,2.3564416972790747,1.4412124500607075,0.15205356681214285,0.3071657629058425,2.1327386023056936,0.3091661383977618,0.5355122523368194,0.7404654469554047,1.8091817287024912,1.8916494116254468,0.2456979946173473,-0.6075110366072949,1.4839172943743106,0.7552182496886954,0.1874808509684437,0.4096179276982855,3.5124991999836914,0.5716690571537254,0.105931605171777,0.471620336259237,0.3487897198030906,-0.36110745647368314,1.8285274570605414,-0.3912834582509793,0.11545073297874203,-1.7949275849654458,-0.37887625414222503,0.29463603389728493,1.3406722624808542,1.1903086578495699,1.3355966012273777,-0.07938181046028028,-0.3635213206100099,-0.08398341817749191,-1.6440654186604666,-0.46691161739200787,-0.5054307174402966
-0.09373243852808613,-0.048105348840457036,0.23341168220464842,-0.39579271775276814,0.3359048756002282,-0.30224671862601105,-0.095161547044716,0.29784776545094127,0.3634741804085107,0.1557454649773016,0.05014955006169863,0.3091661383977618,0.3916014331460458,-0.0791328673541415,-0.19529343996590784,0.3385787861957963,0.46483505506853895,0.13452025301170847,-0.5112195207808435,0.40343487357365426,0.19040573971531943,-0.0017593711782813708,0.046877908745481776,0.941751271437594,0.24269232904358776,0.14912364588284663,-0.14501907543775092,-0.6820105162053562,0.01585069906198194,0.4306394630551094,0.03642724030388902,0.011299296710414936,-0.18747793921190267,0.410714701311165,-0.09342957797073853,0.5760150968245958,0.8033962199513849,0.04003538848068283,0.11505070328201315,-0.10102568275406279,-0.21956350317546355,-0.08355997493737567,-0.12676457393638277,-0.0781850794125231
-0.10891928625551762,0.4769605514384853,0.08967052433033122,-0.6777727691764933,-0.18762416772407528,0.3366732719804345,-0.16993644043698378,0.0725251420677561,0.04402878282943616,-0.4470618770267697,0.6728812030864822,0.5355122523368194,-0.0791328673541415,0.7033646669355746,0.277905651251046,-0.2693529437426841,-0.01510710317308456,0.4560474685036231,0.18394292780547725,-0.33475666211117044,0.510279475456067,-0.5569076756016336,0.11266126283335144,-0.1360538689423436,-0.4391674899884177,-0.5785968823538784,0.11820658292804695,0.6189978365950412,-0.3029821649728163,0.0762330361771858,0.3210445103038116,0.8922978492063824,0.09480874283299302,-0.28440547044265657,0.5020097579682836,-0.6679716112856053,-0.49689355025656246,-0.6733662817347879,0.14219432894090164,-0.23120313152877403,-0.12671329563543102,-0.6068330343304753,-0.2784611765952998,-0.34253030826730174
-0.03197135593329033,-0.4791846353932673,0.7009542947692411,-0.5505415876505835,0.6068532145710887,-0.33244611491750337,-0.2308532071994592,1.275225520422827,0.5021221705912108,0.035018016316790974,-0.28373546950860373,0.7404654469554047,-0.19529343996590784,0.277905651251046,0.7743484950346311,0.8505630893602966,0.8264933901815095,-0.26356530537731304,0.1416494444931914,0.6324987506161392,-0.04547487664229311,0.42634538863231036,0.33569378204114453,1.2948275233477775,0.2841059405506578,0.325969703534084,0.43727250854574157,0.8379526596264408,-0.2582140068611207,0.5721851452053953,-0.4287105118133233,-0.33462510680316865,-0.9989412999255348,-0.8853385382587197,0.20113324446765163,0.6009150578124364,-0.09315669892125861,1.3180448035107106,-0.3968673365054102,-0.0984933194364169,0.40317554509997666,-0.7580360122032449,-0.1401450034091609,-0.3325890263266096
-0.07152900380498949,-1.5794764742902345,1.9070945973150186,-1.279346700804597,1.9052852669603193,-1.6354405894619906,-0.48174789933731343,3.1118985917941466,1.703509613836917,0.9082284804145165,-0.8524696431528641,1.8091817287024912,0.3385787861957963,-0.2693529437426841,0.8505630893602966,2.793363817386233,2.543892464965091,-0.5796497325323977,-0.838093984215016,2.4098754936425397,-0.018043454864721184,1.2177768061599796,0.5241809376655705,4.621917601215123,1.372238581276471,1.137584378024352,0.5385374812287624,-0.16710238894203736,-0.12489872005189277,2.0783580294646704,-1.1378084348893573,-1.389944617631543,-2.508709859711866,-0.47956310846486533,-0.30533933525675333,2.636597939583142,1.9850482180459543,3.148747259060832,-0.5459490783880664,-0.13164312444310508,0.3584511472210226,-1.3181870098921287,-0.272922289648008,-0.214594108751036
-0.1788256947474084,-1.2774234404217462,1.8417285367772047,-1.5753098909452756,1.8528234500084708,-1.49126326300925,-0.5089919484074199,3.005102387216879,1.7153139633435184,0.7257051391309586,-0.6148542554462805,1.8916494116254468,0.46483505506853895,-0.01510710317308456,0.8264933901815095,2.543892464965091,2.564836229740786,-0.3540148567248867,-0.954671586083039,2.2379536054870934,0.21779523574436513,0.9066189317792871,0.5913981632348523,4.55192425293016,1.2176749593676042,0.9878012782716508,0.44548395369255167,-0.26456314137372833,-0.2516572371408405,2.0592399335665967,-0.8968823892473209,-0.9599682011630702,-2.2958156572194586,-0.4021295500618597,-0.08984930446216942,2.429891743611604,1.9458513574834138,2.719195411197502,-0.44861454802218503,-0.29509718795256284,0.2321009655401733,-1.397770487573107,-0.43634589106065125,-0.4057919974673553
-0.053596587088151786,0.7506007279468642,-0.2193600313283168,-0.5412724062683543,-0.5437582042547918,0.4023351647919873,-0.12443533859058732,-0.4815569600820227,-0.07103265320483926,-0.20900710873999911,0.9996304030401317,0.2456979946173473,0.13452025301170847,0.4560474685036231,-0.26356530537731304,-0.5796497325323977,-0.3540148567248867,0.7913586088889103,-0.14447008447288706,-0.43858392607114494,0.5721548403239545,-0.7356857203326688,-0.10999993939120346,-0.37791501193991534,-0.5413375027424041,-0.8295134218218061,-0.2758663088372247,-0.21015975953345734,-0.06567733747403542,-0.14479435669509086,0.4986240209575213,0.9841682274191456,0.5456572575147223,0.44910532189119307,0.21834032497966624,-0.7963818100063289,-0.008359236646347676,-1.4928247768128156,0.44369925621744394,-0.14794072452508494,-0.5014779330614046,-0.31996849472277067,-0.2670818467840063,-0.06267654781609858
0.07559429674312022,0.3289881881385038,-0.5399459668771769,0.7193612817420569,-0.5576275540217374,0.6396708279107838,0.24009590130945352,-0.8999431547268169,-0.782156754877541,-0.516044119395216,0.14148571688011286,-0.6075110366072949,-0.5112195207808435,0.18394292780547725,0.1416494444931914,-0.838093984215016,-0.954671586083039,-0.14447008447288706,0.9548371739052344,-0.9801834042262558,-0.13602069552382726,-0.32036870578852056,-0.14060174921263058,-2.1181733843498387,-0.5748692879708239,-0.41517525740910877,0.1472805058526748,1.0618195783306528,-0.1021608887982647,-0.7669912238905886,0.21957558694472104,0.29279177849409477,0.6698535852561902,-0.5392499442429847,0.25245917676161106,-1.2041338818353842,-1.419354306409914,-0.5036970676356406,-0.007392948013588974,0.10481257561198493,0.3070404000004128,0.263085951434615,0.18039218532211312,0.012672442718910128
-0.042901428158249176,-1.3561143063912238,1.5907761983620856,-1.1366133231189335,1.6132570174002439,-1.4747103991724895,-0.4930644886142211,2.7484766946938213,1.5917180174924905,0.9901243000364942,-0.7957899670411459,1.4839172943743106,0.40343487357365426,-0.33475666211117044,0.6324987506161392,2.4098754936425397,2.2379536054870934,-0.43858392607114494,-0.9801834042262558,2.2583088080940006,-0.14145956544718824,1.244538729432303,0.4810494895375758,4.338504824249126,1.2947430832884181,1.1222324838062516,0.3271563583974796,-0.49738117955617506,-8.994963707368739e-4,1.7099666981853465,-1.0238700289523213,-1.3781397845734147,-2.2060588597642488,-0.2939984067012314,-0.4076073528513193,2.6049840785577763,1.9755026210679725,2.7318437947875878,-0.5166126462681064,-0.06130193761425158,0.223434825814569,-1.0681431108518502,-0.2355402313884236,-0.17026713874352112
-0.13976679227643743,0.4437488472978462,0.258263966095364,-0.8007684810510942,9.89383555292042e-4,0.13322173666458484,-0.12126888431504998,0.091032974137395,0.2508091278413011,-0.38475697332651443,0.8496370576404695,0.7552182496886954,0.19040573971531943,0.510279475456067,-0.04547487664229311,-0.018043454864721184,0.21779523574436513,0.5721548403239545,-0.13602069552382726,-0.14145956544718824,0.8565605326479024,-0.844835347043174,-0.04223620764508607,0.2741644512735931,-0.3099107433789492,-0.6710310935234177,0.007972742740649309,0.07620198171946124,-0.21895216842578819,0.550894134489442,0.41618119602718745,1.0114642175576587,0.0796016940162494,0.3393989144740854,0.39165854058004707,-0.5386945749989654,0.18126985533813553,-0.8775498861871112,0.4246828686653314,-0.33502685435190577,-0.4087879725048419,-0.5813240033230435,-0.27275437388389506,-0.16334827016960324
0.09795746056958742,-1.1071720178552837,0.61237862387892,0.10607815419470928,0.8532938482492097,-0.8667745088526133,-0.18970949361609069,1.3330409001593022,0.5670531947499057,0.7319157973504328,-1.1863448489921635,0.1874808509684437,-0.0017593711782813708,-0.5569076756016336,0.42634538863231036,1.2177768061599796,0.9066189317792871,-0.7356857203326688,-0.32036870578852056,1.244538729432303,-0.844835347043174,1.5039956286063716,0.2865614250860692,1.954661279735446,0.9442543802842076,1.20529371090044,0.2313028666641683,-0.11707708307983293,0.1636739241891867,0.37953782787745677,-0.9000194559317419,-1.5424176642372247,-1.3057893713254736,-0.6158795195355131,-0.4775058120002814,1.879888378912012,0.6656472113273012,2.2282943188201156,-0.6767691378013841,0.30689109126004266,0.52213010757471,-0.009441708868617392,0.16840937230832784,-0.05560460452841882
-0.05898671459298203,-0.26864629473096524,0.4026183497552394,-0.411684043963731,0.4260139678037774,-0.27635525714486514,-0.16234061412762668,0.7886034227562282,0.38626255943053434,0.13655619016326434,-0.18992614478665473,0.4096179276982855,0.046877908745481776,0.11266126283335144,0.33569378204114453,0.5241809376655705,0.5913981632348523,-0.10999993939120346,-0.14060174921263058,0.4810494895375758,-0.04223620764508607,0.2865614250860692,0.24507079029194573,1.0237265287520623,0.248821567695526,0.2739942609699958,0.1418480186714403,0.13439167810568406,-0.12763674041547188,0.33992593549790556,-0.21772222635820437,-0.24589533313708098,-0.5440147010496534,-0.35311533404898204,0.05709583293691747,0.5678009258541166,0.23553972162541278,0.741212555610225,-0.21689445007961128,-0.07069015508667086,0.16534171239976567,-0.4090657598841709,-0.15354881340832094,-0.2146721041244971
-0.1874185471772745,-2.277812682750159,3.2669536853558285,-3.000933035226813,3.152324066215387,-2.668582977083403,-1.2285636821631742,5.596820130513968,3.4486971893855496,1.5545457842129948,-1.0285021105923566,3.5124991999836914,0.941751271437594,-0.1360538689423436,1.2948275233477775,4.621917601215123,4.55192425293016,-0.37791501193991534,-2.1181733843498387,4.338504824249126,0.2741644512735931,1.954661279735446,1.0237265287520623,8.960822820606989,2.3872201270229314,1.879247274337807,0.7395959476722022,-0.7942252504022155,-0.17508063768233872,3.7021127413874813,-1.676356932542951,-1.920520713113765,-4.3870531966685284,-0.5402627995284001,-0.44496430709895984,4.966118803940184,3.84060578986851,4.759158061827747,-0.8331809895988465,-0.38572871653602187,0.12788408921324806,-2.5473307712439834,-0.5936428070131744,-0.607231541873698
0.007749736442175517,-0.9724662714456447,0.8074702308021705,-0.312930913980385,1.073390736700649,-0.8485696781752489,-0.23996527743674081,1.491374246534205,0.9000091670065511,0.47855989180268643,-0.9184034546657047,0.5716690571537254,0.24269232904358776,-0.4391674899884177,0.2841059405506578,1.372238581276471,1.2176749593676042,-0.5413375027424041,-0.5748692879708239,1.2947430832884181,-0.3099107433789492,0.9442543802842076,0.248821567695526,2.3872201270229314,1.0079366098548939,1.0788164549236123,0.29328827190773066,-0.28967496613507415,0.09473690560496828,0.9657109174210858,-0.6445840855304839,-1.0902693814447189,-1.3254663248697232,-0.21810351854467502,-0.338012494118878,1.8712373754862364,1.0355639486428911,1.9355678491793642,-0.43607633835898174,0.013184210401852975,0.24106242109766587,-0.19369176663524873,0.15545936545779712,-0.06665973965521539
0.036944866942793565,-1.0501548865306007,0.5644504690190523,0.10585052180220658,1.0413964007058019,-0.7288510170918153,-0.14378129402543233,1.2288241854637734,0.6637446685832429,0.38446770260204294,-1.3783320317778893,0.105931605171777,0.14912364588284663,-0.5785968823538784,0.325969703534084,1.137584378024352,0.9878012782716508,-0.8295134218218061,-0.41517525740910877,1.1222324838062516,-0.6710310935234177,1.20529371090044,0.2739942609699958,1.879247274337807,1.0788164549236123,1.4565166170048323,0.34525051823628466,-0.19249698913017962,0.11946449163050767,0.6529864701086953,-0.7264511639269294,-1.3568327660230008,-1.2210999798678992,-0.47045033829392646,-0.3789512383608926,1.9838544201351513,0.6680946057404469,2.2208457664294166,-0.6348508261299943,0.08855377611694519,0.45235072673809457,0.23712521920051213,0.34757684289712726,-0.11188671127795266
0.015679008257531053,-0.39457707353481225,0.43294318846750734,-0.22723890308423852,0.4418506105112673,-0.12390303859010361,-0.16485402180063422,0.7561722018021971,0.37100390278306167,-0.19867825587882953,-0.345688495775457,0.471620336259237,-0.14501907543775092,0.11820658292804695,0.43727250854574157,0.5385374812287624,0.44548395369255167,-0.2758663088372247,0.1472805058526748,0.3271563583974796,0.007972742740649309,0.2313028666641683,0.1418480186714403,0.7395959476722022,0.29328827190773066,0.34525051823628466,0.47445077743143693,0.714249554386233,-0.11199319176489705,0.5240344863494675,-0.24221925158804664,-0.18947429322813625,-0.7106492016794886,-0.5602341183885455,0.14079022458023419,0.4712593725739311,-0.20104294542415416,0.9150739469708902,-0.2509296976373749,-0.08050436879918234,0.22630263386060914,-0.3103945406178089,0.16907287287701378,-0.14492556777553595
0.05252803709872582,0.05577742977452236,0.12084835516811536,-0.00999964074317579,-0.011439613169660445,0.5455413388587672,-0.17035695609090695,0.3517509917764137,-0.09053499979652796,-0.8258854136582691,0.10078196172915924,0.3487897198030906,-0.6820105162053562,0.6189978365950412,0.8379526596264408,-0.16710238894203736,-0.26456314137372833,-0.21015975953345734,1.0618195783306528,-0.49738117955617506,0.07620198171946124,-0.11707708307983293,0.13439167810568406,-0.7942252504022155,-0.28967496613507415,-0.19249698913017962,0.714249554386233,2.219344166416286,-0.335486520958381,-0.05889931718418417,0.04082153110855758,0.31259533337358286,-0.3540944737685774,-1.4283932167549558,0.578402914467125,-0.5664853198304861,-1.763596541374476,0.4673881861779459,-0.32553635989007634,-0.06810735193396276,0.5369474832802648,-0.5546606159134897,0.2313996817142165,-0.4151330212922956
0.09919413584899607,-0.04710531391893749,-0.23174536695422684,0.37369392136968094,-0.18406126726562289,0.012067493789397317,0.043315851985051765,-0.2831791899114691,-0.07286998380149202,0.19030418771036378,-0.1580397297089924,-0.36110745647368314,0.01585069906198194,-0.3029821649728163,-0.2582140068611207,-0.12489872005189277,-0.2516572371408405,-0.06567733747403542,-0.1021608887982647,-8.994963707368739e-4,-0.21895216842578819,0.1636739241891867,-0.12763674041547188,-0.17508063768233872,0.09473690560496828,0.11946449163050767,-0.11199319176489705,-0.335486520958381,0.2387243026773943,-0.21197649171802505,-0.0394590761903772,-0.2872788276561493,0.13773579225001734,0.26455600785486116,-0.2673110477202552,0.12620219011704192,0.1316363174198761,-0.08886916745109681,-0.00213030670263286,0.14573446427901557,-0.08886146588805957,0.360990373875605,0.20350806270719715,0.2496862800280597
-0.1352192833971653,-0.9392784525369222,1.5870801208416847,-1.4373161607415164,1.5307816826972203,-1.0840532395655091,-0.4644092740165781,2.3701820006040437,1.517129978040414,0.24548331592859024,-0.2813325662241939,1.8285274570605414,0.4306394630551094,0.0762330361771858,0.5721851452053953,2.0783580294646704,2.0592399335665967,-0.14479435669509086,-0.7669912238905886,1.7099666981853465,0.550894134489442,0.37953782787745677,0.33992593549790556,3.7021127413874813,0.9657109174210858,0.6529864701086953,0.5240344863494675,-0.05889931718418417,-0.21197649171802505,2.0774599148486828,-0.5692710792145507,-0.376855607297523,-1.9233483034403431,-0.13482187735750273,0.03115873642843426,1.8504021590193112,1.5749519821251314,1.9066550060387286,-0.15922411209966775,-0.3676080619672641,-0.027041743478228773,-1.1784185155097413,-0.18719286702419896,-0.2973858383887466
-0.060820817907337545,0.8805346967187516,-0.6735157937039798,0.12973768823094992,-0.6990979736891687,0.7115880579050197,0.10905275473537429,-1.2180467394438528,-0.5120118922668522,-0.5688915526591265,0.762487949464097,-0.3912834582509793,0.03642724030388902,0.3210445103038116,-0.4287105118133233,-1.1378084348893573,-0.8968823892473209,0.4986240209575213,0.21957558694472104,-1.0238700289523213,0.41618119602718745,-0.9000194559317419,-0.21772222635820437,-1.676356932542951,-0.6445840855304839,-0.7264511639269294,-0.24221925158804664,0.04082153110855758,-0.0394590761903772,-0.5692710792145507,0.7341262173507425,1.0188689725311566,1.0848584527337406,0.390195860804227,0.2790932036372508,-1.1759909256866725,-0.6582088330091987,-1.702034715706441,0.4166169530331956,-0.111693021557388,-0.3461750817900065,0.28229390637437024,-0.002668587388830596,-0.047254182905481674
-0.1565375248804725,1.315924213510722,-0.5813689591511735,-0.46489551360891535,-0.960999981532477,0.9583523207094691,0.06534054132835553,-1.3958972070745084,-0.5812038685026694,-0.9735585821628467,1.424906252456688,0.11545073297874203,0.011299296710414936,0.8922978492063824,-0.33462510680316865,-1.389944617631543,-0.9599682011630702,0.9841682274191456,0.29279177849409477,-1.3781397845734147,1.0114642175576587,-1.5424176642372247,-0.24589533313708098,-1.920520713113765,-1.0902693814447189,-1.3568327660230008,-0.18947429322813625,0.31259533337358286,-0.2872788276561493,-0.376855607297523,1.0188689725311566,2.015667157784443,1.271448063787879,0.48273162059890445,0.7086173188218599,-1.9847963553522547,-0.8873438064521013,-2.581740944298866,0.7183413074310863,-0.3357177782971513,-0.6192591738297779,-0.1257479739921427,-0.26554780507278203,-0.21412879771869206
0.02397139630161685,1.4630108803728166,-1.7750245032879801,1.262980879974139,-1.7746336764072255,1.3406427166912276,0.6177402550151229,-3.0701196302183376,-1.6905914244264795,-0.6085529770499065,0.9053227939183809,-1.7949275849654458,-0.18747793921190267,0.09480874283299302,-0.9989412999255348,-2.508709859711866,-2.2958156572194586,0.5456572575147223,0.6698535852561902,-2.2060588597642488,0.0796016940162494,-1.3057893713254736,-0.5440147010496534,-4.3870531966685284,-1.3254663248697232,-1.2210999798678992,-0.7106492016794886,-0.3540944737685774,0.13773579225001734,-1.9233483034403431,1.0848584527337406,1.271448063787879,2.599222372366227,0.8732796401223261,0.1528146597831935,-2.6453160216043736,-1.3957352959295242,-3.130068789230067,0.6674582237532649,0.12062111703066117,-0.40872102840447405,1.2585488497302415,0.06254642182501143,0.3697117790193879
-0.021960936247008688,0.4274124809337119,-0.422875873185629,0.15148302720819415,-0.4930738873863652,0.03630289536948821,0.24028587902360865,-1.0294935637678897,-0.2523776599471405,0.214073218015824,0.47370764308065705,-0.37887625414222503,0.410714701311165,-0.28440547044265657,-0.8853385382587197,-0.47956310846486533,-0.4021295500618597,0.44910532189119307,-0.5392499442429847,-0.2939984067012314,0.3393989144740854,-0.6158795195355131,-0.35311533404898204,-0.5402627995284001,-0.21810351854467502,-0.47045033829392646,-0.5602341183885455,-1.4283932167549558,0.26455600785486116,-0.13482187735750273,0.390195860804227,0.48273162059890445,0.8732796401223261,1.402411902876887,-0.25075279199355377,-0.5570797549146815,0.8568660896179064,-1.4534933265250105,0.5841347288497754,-0.02227586442996065,-0.6727478806956276,0.5343694732470933,-0.08364264895813586,0.46601366066901573
-0.10876211473012744,0.32088837747977556,0.01771181866478086,-0.3385553065010525,-0.0873449650713162,0.2938247416591215,-0.023809403165724753,-0.09103087612558373,-0.09889012126652735,-0.4822240819710428,0.3684186376445096,0.29463603389728493,-0.09342957797073853,0.5020097579682836,0.20113324446765163,-0.30533933525675333,-0.08984930446216942,0.21834032497966624,0.25245917676161106,-0.4076073528513193,0.39165854058004707,-0.4775058120002814,0.05709583293691747,-0.44496430709895984,-0.338012494118878,-0.3789512383608926,0.14079022458023419,0.578402914467125,-0.2673110477202552,0.03115873642843426,0.2790932036372508,0.7086173188218599,0.1528146597831935,-0.25075279199355377,0.4743711267223983,-0.6312146750616214,-0.5627246673797413,-0.4560394666005196,0.11135263620491978,-0.19902071703595622,-0.019995234263497613,-0.26879323602996885,-0.14292960147561126,-0.26156725319860485
-0.018848541580552835,-1.6874497912509527,1.616709659431022,-0.9473624876929264,2.076633609319823,-1.6212080170138163,-0.6570354089824244,3.0476347748537345,1.8860916672735644,0.9364705908483721,-1.4745994452326763,1.3406722624808542,0.5760150968245958,-0.6679716112856053,0.6009150578124364,2.636597939583142,2.429891743611604,-0.7963818100063289,-1.2041338818353842,2.6049840785577763,-0.5386945749989654,1.879888378912012,0.5678009258541166,4.966118803940184,1.8712373754862364,1.9838544201351513,0.4712593725739311,-0.5664853198304861,0.12620219011704192,1.8504021590193112,-1.1759909256866725,-1.9847963553522547,-2.6453160216043736,-0.5570797549146815,-0.6312146750616214,3.8354549215160176,2.07580620188129,3.5891541567360106,-0.8284444410328166,0.030374670804436447,0.4052597539688433,-0.6709254956783354,0.1530414354542622,-0.3764633733502381
-0.11244181311383243,-0.9316253352451646,1.2529001523961338,-1.1107795932249067,1.2480827829138397,-1.4482915910678351,-0.2767564813074594,1.8754803515588652,1.3286256027643004,1.1550818295983316,-0.31715302600587764,1.1903086578495699,0.8033962199513849,-0.49689355025656246,-0.09315669892125861,1.9850482180459543,1.9458513574834138,-0.008359236646347676,-1.419354306409914,1.9755026210679725,0.18126985533813553,0.6656472113273012,0.23553972162541278,3.84060578986851,1.0355639486428911,0.6680946057404469,-0.20104294542415416,-1.763596541374476,0.1316363174198761,1.5749519821251314,-0.6582088330091987,-0.8873438064521013,-1.3957352959295242,0.8568660896179064,-0.5627246673797413,2.07580620188129,2.736205358250156,1.4497084267840339,0.01153260613206208,-0.1154067145023285,-0.3138475269000607,-0.6984209503128983,-0.4392259289625383,0.12520140951356648
0.02185797113012806,-2.3326542373896624,1.974762532697407,-0.578062055657938,2.4221298602575367,-1.821899351053932,-0.43459023867397817,3.653550582040823,1.703793178160229,0.9972598810587213,-2.1157162347285974,1.3355966012273777,0.04003538848068283,-0.6733662817347879,1.3180448035107106,3.148747259060832,2.719195411197502,-1.4928247768128156,-0.5036970676356406,2.7318437947875878,-0.8775498861871112,2.2282943188201156,0.741212555610225,4.759158061827747,1.9355678491793642,2.2208457664294166,0.9150739469708902,0.4673881861779459,-0.08886916745109681,1.9066550060387286,-1.702034715706441,-2.581740944298866,-3.130068789230067,-1.4534933265250105,-0.4560394666005196,3.5891541567360106,1.4497084267840339,4.958086984492779,-1.2296204891694236,0.06799274066301869,1.0954392554561585,-0.8959901206766794,0.13396325102377427,-0.31190251571429933
-0.04050691790083727,0.5134153783881238,-0.2900860597559312,-0.039510974690989444,-0.43109636165968285,0.2925578902619917,0.11435773284329945,-0.7478719293690437,-0.29248274098187405,-0.19916075008905093,0.6402382445567826,-0.07938181046028028,0.11505070328201315,0.14219432894090164,-0.3968673365054102,-0.5459490783880664,-0.44861454802218503,0.44369925621744394,-0.007392948013588974,-0.5166126462681064,0.4246828686653314,-0.6767691378013841,-0.21689445007961128,-0.8331809895988465,-0.43607633835898174,-0.6348508261299943,-0.2509296976373749,-0.32553635989007634,-0.00213030670263286,-0.15922411209966775,0.4166169530331956,0.7183413074310863,0.6674582237532649,0.5841347288497754,0.11135263620491978,-0.8284444410328166,0.01153260613206208,-1.2296204891694236,0.4465463512260359,-0.08279241581249254,-0.37488332966914334,0.09071843178104196,-0.11544217962214255,0.1222017367127493
0.08256984653187709,-0.09747951641489289,-0.20521794833125148,0.4293832144280354,-0.17254525178689875,-0.0178651109911339,0.07459739683255362,-0.2702525032831097,-0.2274791463198249,0.1842409850153309,-0.18520456766988275,-0.3635213206100099,-0.10102568275406279,-0.23120313152877403,-0.0984933194364169,-0.13164312444310508,-0.29509718795256284,-0.14794072452508494,0.10481257561198493,-0.06130193761425158,-0.33502685435190577,0.30689109126004266,-0.07069015508667086,-0.38572871653602187,0.013184210401852975,0.08855377611694519,-0.08050436879918234,-0.06810735193396276,0.14573446427901557,-0.3676080619672641,-0.111693021557388,-0.3357177782971513,0.12062111703066117,-0.02227586442996065,-0.19902071703595622,0.030374670804436447,-0.1154067145023285,0.06799274066301869,-0.08279241581249254,0.2194622353049533,0.09841105297951923,0.28899719236480764,0.11210106443862503,0.1389113412121001
0.01749784004935,-0.4467423464113325,0.19066923995920476,0.26074552340165186,0.37523148969544906,-0.19782200695756033,0.041650411558673044,0.45998055346521816,-0.01646838174073528,0.07538373514960643,-0.5588572362510974,-0.08398341817749191,-0.21956350317546355,-0.12671329563543102,0.40317554509997666,0.3584511472210226,0.2321009655401733,-0.5014779330614046,0.3070404000004128,0.223434825814569,-0.4087879725048419,0.52213010757471,0.16534171239976567,0.12788408921324806,0.24106242109766587,0.45235072673809457,0.22630263386060914,0.5369474832802648,-0.08886146588805957,-0.027041743478228773,-0.3461750817900065,-0.6192591738297779,-0.40872102840447405,-0.6727478806956276,-0.019995234263497613,0.4052597539688433,-0.3138475269000607,1.0954392554561585,-0.37488332966914334,0.09841105297951923,0.5129430057572062,-0.02283210461652752,0.0628079944024581,-0.13060690875180966
0.12036487713143589,0.27538955744782956,-1.1847357663182672,1.521353375290705,-0.7598800596069132,0.5419588273650706,0.5118862764336045,-1.9353051782482669,-1.0721540837966872,-0.21815441187297993,-0.5537317243440291,-1.6440654186604666,-0.08355997493737567,-0.6068330343304753,-0.7580360122032449,-1.3181870098921287,-1.397770487573107,-0.31996849472277067,0.263085951434615,-1.0681431108518502,-0.5813240033230435,-0.009441708868617392,-0.4090657598841709,-2.5473307712439834,-0.19369176663524873,0.23712521920051213,-0.3103945406178089,-0.5546606159134897,0.360990373875605,-1.1784185155097413,0.28229390637437024,-0.1257479739921427,1.2585488497302415,0.5343694732470933,-0.26879323602996885,-0.6709254956783354,-0.6984209503128983,-0.8959901206766794,0.09071843178104196,0.28899719236480764,-0.02283210461652752,1.6772789311960177,0.5735759777571898,0.4149239549493308
0.13316781468069488,-0.08880635221770095,-0.3167460385570277,0.5926663999288605,-0.11641114461661128,0.24846107324887662,0.03562360497316347,-0.37756099845991775,-0.13803381574004636,-0.22207427452986497,-0.4148612075116316,-0.46691161739200787,-0.12676457393638277,-0.2784611765952998,-0.1401450034091609,-0.272922289648008,-0.43634589106065125,-0.2670818467840063,0.18039218532211312,-0.2355402313884236,-0.27275437388389506,0.16840937230832784,-0.15354881340832094,-0.5936428070131744,0.15545936545779712,0.34757684289712726,0.16907287287701378,0.2313996817142165,0.20350806270719715,-0.18719286702419896,-0.002668587388830596,-0.26554780507278203,0.06254642182501143,-0.08364264895813586,-0.14292960147561126,0.1530414354542622,-0.4392259289625383,0.13396325102377427,-0.11544217962214255,0.11210106443862503,0.0628079944024581,0.5735759777571898,0.5204710283993853,0.15732839584889288
0.12502270804355853,-0.04711545997576898,-0.3032407792077808,0.5395019565794522,-0.3630909549714733,0.06660683772484614,0.201840121880173,-0.5080297568231573,-0.27415104731250567,0.25531354126398575,-0.10210801895857487,-0.5054307174402966,-0.0781850794125231,-0.34253030826730174,-0.3325890263266096,-0.214594108751036,-0.4057919974673553,-0.06267654781609858,0.012672442718910128,-0.17026713874352112,-0.16334827016960324,-0.05560460452841882,-0.2146721041244971,-0.607231541873698,-0.06665973965521539,-0.11188671127795266,-0.14492556777553595,-0.4151330212922956,0.2496862800280597,-0.2973858383887466,-0.047254182905481674,-0.21412879771869206,0.3697117790193879,0.46601366066901573,-0.26156725319860485,-0.3764633733502381,0.12520140951356648,-0.31190251571429933,0.1222017367127493,0.1389113412121001,-0.13060690875180966,0.4149239549493308,0.15732839584889288,0.5022005641650553
