V1,V2,V3,V4,V5,V6,V7,V8,V9,V10,V11,V12,V13,V14,V15,V16,V17,V18,V19,V20,V21,V22,V23,V24,V25,V26,V27,V28,V29,V30,V31,V32,V33,V34,V35,V36,V37,V38,V39,V40,V41,V42,V43,V44
1.2369845061639435,-0.7136385381804178,0.028206717408911324,0.8281818806383312,-1.23803950706063,0.7022379036445009,-1.0354608753485708,0.8245049873057281,1.4216685382220953,0.2853091511061449,0.3395823253097028,0.6767796781244895,-1.0735159024298158,-0.8088274465664291,-0.4938585795863415,0.5809691190949688,-1.2306527126594373,0.3048480399584431,0.1677999101406799,0.6083322246165608,0.07384249221451122,0.4270353922409077,-1.0632949424900475,1.3279038273175026,0.6700336164542262,-0.5078108275155723,1.194605649207609,1.8557398659154176,1.6290713149414195,0.7137307793254751,-0.4653857636824522,-0.9953857367086915,-1.5954329064227528,0.3775763694961713,-1.0975101843142507,0.5622461425260427,-0.5566345525934968,-0.054869507898666695,0.05210092997645133,0.7345533510401702,-1.0226719473875594,-0.28590741865416036,2.278486519536798,2.067396899645081
-0.7136385381804178,0.5254201396233221,-0.12229920421375405,-0.5226357121524278,0.6248978939502305,-0.5408830364652899,0.6382256688837574,-0.7467432822201339,-0.7909314016443971,0.10646232646158318,-0.10706936609392126,-0.5253131660597623,0.9078023005592194,0.28575270837055766,-0.12554692570562548,-0.3839586693294159,0.718655727355913,0.003809148088846447,-0.5416709857172338,-0.24243807913681376,0.015488792794398859,-0.3041179182138959,0.5309477840587018,-0.5473946467836319,-0.34379219259890975,0.2652111250223976,-1.0022108532943457,-1.9615677441206352,-0.8125953240230163,-0.42428506353253,0.345749088836463,0.6071649816849325,1.1635608601148815,0.4317007798269528,0.42617312575524785,-0.19229307908106166,0.9880191556716922,-0.4006667903789547,0.16352373352678623,-0.4054038260270937,0.2897407192021735,0.38527283936288015,-1.4068389179468348,-1.0533235947262425
0.028206717408911324,-0.12229920421375405,0.15074723634454842,0.03897798344477799,0.13887759488861837,0.16657229914149946,-0.04998943833248046,0.3160086779637851,-0.03875365647415068,-0.34857928285692447,-0.1362910961833533,0.16425255515264983,-0.3622517757571111,0.26363810986602426,0.5012763731394737,0.06103863374316573,-0.007195021595089717,-0.2518260852439312,0.5621656798750171,-0.1476807588399363,-0.047552276627879836,0.07230743506835668,0.11725802639435673,-0.288668365789407,-0.06882971262845933,0.037865400923263855,0.39913136141475386,1.1379472337649243,-0.2082695611772609,0.011804414792510185,-0.09577190094887461,-0.015851023806598488,-0.29083077010265435,-0.8229374265663543,0.28404504324202134,-0.1605102733931808,-0.8473882278228682,0.5548734402871547,-0.23861995717539114,-0.022421180583657628,0.3871304041114835,-0.27321501933701914,0.0956038322993675,-0.2273246824487
0.8281818806383312,-0.5226357121524278,0.03897798344477799,0.5884108346273834,-0.8276315328913763,0.5117210853410646,-0.7078513666655748,0.6344333390782843,0.9529358593568917,0.12718611348375833,0.21479015145944821,0.49058324737301817,-0.8066914924441411,-0.5196514367284745,-0.22231926473211414,0.4070998599383293,-0.8394243697761645,0.16486544132761852,0.23258909975942077,0.38672138618305313,0.024889796204537084,0.30127405577866345,-0.7073070694468581,0.8376680473177628,0.4478983441305102,-0.33951021345669047,0.8885265268529571,1.4858536392892527,1.0904222584735745,0.4876202335081208,-0.33703794334678533,-0.695835208574562,-1.146993043574989,0.09187538867935302,-0.7005282917984746,0.33722327988055995,-0.5500812662438322,0.07310860637033885,-0.0168365967973373,0.49282626192927576,-0.6164930563625184,-0.24909314945535704,1.577428537890381,1.3893173659452336
-1.23803950706063,0.6248978939502305,0.13887759488861837,-0.8276315328913763,1.463590030778089,-0.5578495742613582,1.029221119378739,-0.5389919029858887,-1.5293418147436741,-0.6721072348552286,-0.517271192846859,-0.5400052577195114,0.7368319818529082,1.1468466152232792,1.0373197397254175,-0.5387759270888544,1.2763928284980814,-0.6074922256133864,0.43007294791973744,-0.8007654848437695,-0.11484568472055554,-0.36188789675136324,1.2443894495978591,-1.704882769038443,-0.7791176787413947,0.5731160045815913,-0.8182667455228324,-0.7172343371295348,-1.9496026808110543,-0.7367756472831859,0.3848506817688852,1.0282913052783993,1.362687145203685,-1.2761735103356118,1.461061490299364,-0.7564737063802557,-0.3255277459540015,0.6592728134318487,-0.3062017664762883,-0.7869345924410168,1.4893115158115589,0.014030765832057965,-2.285815085536019,-2.430151542588535
0.7022379036445009,-0.5408830364652899,0.16657229914149946,0.5117210853410646,-0.5578495742613582,0.6068549529745964,-0.653327472966466,0.8503980131552141,0.7601932014565975,-0.2498049902809785,0.06144397035058162,0.5737954329355089,-1.0215229486492632,-0.16412886216366335,0.32130453762277766,0.38555876270471645,-0.7070628618761926,-0.09004465130814861,0.7454476149261884,0.17386508838470716,-0.036506749323717905,0.3223862299116877,-0.46345796922121973,0.4213087143310255,0.30446913817946075,-0.24092578756174857,1.129582766606764,2.3589653145593656,0.7080334367108004,0.40779134584919063,-0.36230660517904445,-0.5895658442305413,-1.2434449807942554,-0.75436397479545,-0.30123601658076504,0.13207019938624118,-1.3062712668196002,0.5947186627719881,-0.2570915199298204,0.38234502056584807,-0.13210719452544178,-0.4869954980965875,1.4079205686787724,0.9230085686657329
-1.0354608753485708,0.6382256688837574,-0.04998943833248046,-0.7078513666655748,1.029221119378739,-0.653327472966466,0.910448486418019,-0.8054367250222502,-1.2075188884384198,-0.14421988187138535,-0.27130646935912855,-0.6287370782544413,1.0094561750106659,0.6254810223898976,0.26967903499907847,-0.5087057800236574,1.0483205500787411,-0.2170629944546778,-0.29228295351029265,-0.4860027293605576,-0.030452005220739514,-0.3820170784000015,0.8709674607320764,-1.067629095930586,-0.5549898905601447,0.4197584183409113,-1.1230179850533935,-1.8848690834772914,-1.3500001142843465,-0.6074098481555574,0.4147360270323309,0.856433696204569,1.447468845690675,-0.08695989036859957,0.8656106316992264,-0.44448725841071285,0.7099906063505937,-0.09565928584672358,0.02938496963358425,-0.6149463457426075,0.7707785591075973,0.32739424680427925,-1.9744907387445165,-1.711540473804905
0.8245049873057281,-0.7467432822201339,0.3160086779637851,0.6344333390782843,-0.5389919029858887,0.8503980131552141,-0.8054367250222502,1.289002823537274,0.8591772232609531,-0.5860381740012618,-0.029338601264950682,0.815860503296478,-1.4988077725246365,0.01607853850601922,0.8195374926290342,0.5047543748548782,-0.8228902375354215,-0.3068773370469827,1.3467658550863626,0.08647497631574928,-0.09712760400262774,0.43911602448438464,-0.44356494516275136,0.26391851486368406,0.30939786004644215,-0.24629838578252336,1.6537187622551839,3.716975776309014,0.6744850733212981,0.4914746129429268,-0.5035830257032039,-0.7186378753623314,-1.7121962680591043,-1.587429440796648,-0.11870605048106633,0.01817908742296018,-2.2428962373615424,1.169439417336868,-0.5117055843980013,0.42183992375003077,0.17628308484732164,-0.8095924374214851,1.7319426950870553,0.9050361094511319
1.4216685382220953,-0.7909314016443971,-0.03875365647415068,0.9529358593568917,-1.5293418147436741,0.7601932014565975,-1.2075188884384198,0.8591772232609531,1.70432782964617,0.4874703003536377,0.47648368953935705,0.7360557616763687,-1.1058853107772464,-1.0801638109529028,-0.7839457226249081,0.6588078478724565,-1.438737810442701,0.4889801070832687,-0.05244822312453325,0.7922963563329922,0.09460222137596717,0.46589874161738054,-1.304182520221219,1.7121425837064694,0.8258453815875795,-0.6130853395960113,1.2318267199031339,1.6915725418009977,2.0286927920233415,0.8397103843067228,-0.5032011134420311,-1.1728581446206492,-1.764048906006139,0.7953470990347161,-1.4245529421346472,0.7424580482088415,-0.28757037065526525,-0.30682581787068375,0.15706046911416818,0.8684219994974183,-1.3775541157677422,-0.23220885112521272,2.6491330232250183,2.550225363669835
0.2853091511061449,0.10646232646158318,-0.34857928285692447,0.12718611348375833,-0.6721072348552286,-0.2498049902809785,-0.14421988187138535,-0.5860381740012618,0.4874703003536377,0.9734707314883652,0.41576964714405773,-0.22998862310632084,0.624600817600875,-0.8844529582218358,-1.4225344311361887,0.01911720055815898,-0.30807311208871635,0.6980164400859888,-1.3823046883726815,0.5438067660120868,0.16093231449696285,-0.07079516311992218,-0.589892064149675,1.0966371478889418,0.3523680512505984,-0.2382817607295313,-0.6812052571845949,-2.3800298598489564,0.948129233452431,0.17829077319411338,0.10317644874419321,-0.2253765747799824,0.30837223561976307,2.207929305531968,-1.013371302651321,0.5627005212321807,2.0176259857613807,-1.4040852921539266,0.6306322734908144,0.2609112706037039,-1.2602524846480385,0.6168220994788713,0.3663173272339226,1.1309541178224884
0.3395823253097028,-0.10706936609392126,-0.1362910961833533,0.21479015145944821,-0.517271192846859,0.06144397035058162,-0.27130646935912855,-0.029338601264950682,0.47648368953935705,0.41576964714405773,0.24981358557591718,0.06050085354633228,0.014676481374862164,-0.5044309362117397,-0.6139479178074301,0.12090482768035923,-0.3659896125893623,0.3440595947459156,-0.4793844411375115,0.3292516966326668,0.06412383640936554,0.055497741835416343,-0.4393646471275088,0.6895248608227367,0.273982640974569,-0.19623097253498661,-0.01279294051892514,-0.5075364793861583,0.7102248350697061,0.21384670225115862,-0.0496206284839034,-0.2934730922212555,-0.2200517123936598,0.8911216089079804,-0.6092453270362039,0.31924816647749626,0.6326432771851693,-0.5467008902276087,0.24012482424826503,0.24147827352049758,-0.6816944812605575,0.15883878537786753,0.6105325323255377,0.8625962109638702
0.6767796781244895,-0.5253131660597623,0.16425255515264983,0.49058324737301817,-0.5400052577195114,0.5737954329355089,-0.6287370782544413,0.815860503296478,0.7360557616763687,-0.22998862310632084,0.06050085354633228,0.5587919106417089,-0.9791479716498217,-0.16525506697747364,0.297891189206273,0.37959608276027273,-0.6771804244045029,-0.08188747564507337,0.7039665168564734,0.17682984479088873,-0.030336612724853593,0.3103202711687011,-0.4521301725057871,0.4213464668235798,0.2964891205495604,-0.23557221917467344,1.0833138490256797,2.2494279052718937,0.6877435746672811,0.40051808678930695,-0.3512070866402782,-0.566498151696572,-1.199655934823232,-0.703147171762315,-0.29631342894972723,0.1303961173543069,-1.2354351488460182,0.5644676242109848,-0.24024757232840632,0.37057429280459125,-0.13885592935158267,-0.4641034416864941,1.35574180536921,0.8996519352551969
-1.0735159024298158,0.9078023005592194,-0.3622517757571111,-0.8066914924441411,0.7368319818529082,-1.0215229486492632,1.0094561750106659,-1.4988077725246365,-1.1058853107772464,0.624600817600875,0.014676481374862164,-0.9791479716498217,1.8049214394505564,0.06211497758081967,-0.8472568911155867,-0.6321606537019823,1.0642075869076437,0.3262941440089842,-1.53030099100473,-0.156928700896982,0.09022223527685741,-0.5369337971218892,0.6154620484446317,-0.41222959567746637,-0.4077982274516234,0.3339639235601871,-1.9866593549819875,-4.371428098206729,-0.9111949700599756,-0.6229300298614927,0.6184629698071138,0.8984652922242669,2.0798512968226373,1.7238585374480127,0.24660828843621688,-0.07277835828857028,2.579226263546731,-1.3041122721738725,0.5600170075626759,-0.5592126567207829,-0.08638334100535235,0.9202042412638571,-2.1845510410319005,-1.2263910389547472
-0.8088274465664291,0.28575270837055766,0.26363810986602426,-0.5196514367284745,1.1468466152232792,-0.16412886216366335,0.6254810223898976,0.01607853850601922,-1.0801638109529028,-0.8844529582218358,-0.5044309362117397,-0.16525506697747364,0.06211497758081967,1.1009692628824943,1.3120353690774815,-0.3030818469887807,0.8466251489445262,-0.7018455814666417,0.9688569099984476,-0.7242166134085487,-0.14121129333900198,-0.1542049859510494,0.9866609674188955,-1.5016363442526282,-0.6115879515270544,0.43465128068114633,-0.07207464986655641,0.8920228751959313,-1.5636965656349155,-0.49352689770063,0.1529067261532249,0.6825960191511904,0.5689392380207885,-1.8670969332554543,1.3324458217297064,-0.7034367721863627,-1.2575596227035848,1.1011357177958927,-0.49967529974797453,-0.5596372150798219,1.4711531878067587,-0.32132329778991203,-1.4256589239833808,-1.922412495145581
-0.4938585795863415,-0.12554692570562548,0.5012763731394737,-0.22231926473211414,1.0373197397254175,0.32130453762277766,0.26967903499907847,0.8195374926290342,-0.7839457226249081,-1.4225344311361887,-0.6139479178074301,0.297891189206273,-0.8472568911155867,1.3120353690774815,2.103124350295124,-0.05663068058340182,0.5194950445525213,-1.0238380004805645,1.9967663643888178,-0.8165636905039029,-0.2498446373523299,0.07936295155193845,0.9087579312392189,-1.6544135169724663,-0.5411342186136231,0.37379882740464165,0.9200490036191095,3.347471827296371,-1.4472859363215347,-0.29187843353100934,-0.1276533296097606,0.3692419815119008,-0.3673451983093671,-3.2242958103611468,1.5216024069291494,-0.8485909579438854,-2.890869121549173,2.0435743923627943,-0.924404046913994,-0.42081591507302074,1.88371759670332,-0.8830237442363408,-0.6504592599391338,-1.7363920363171377
0.5809691190949688,-0.3839586693294159,0.06103863374316573,0.4070998599383293,-0.5387759270888544,0.38555876270471645,-0.5087057800236574,0.5047543748548782,0.6588078478724565,0.01911720055815898,0.12090482768035923,0.37959608276027273,-0.6321606537019823,-0.3030818469887807,-0.05663068058340182,0.3076436423847321,-0.5779316557982448,0.06491976053867665,0.2731293958430898,0.24641243591265433,0.010394466705251182,0.22332424562603137,-0.4633247362003365,0.5324354818980446,0.29570749556738596,-0.2275391133491886,0.6995595115052432,1.2590043006250489,0.7078398161972799,0.3450636475093067,-0.25207908871470625,-0.48374343995691804,-0.8600636952048615,-0.10035730263950812,-0.42938297440986406,0.20897112858460867,-0.5482357725113877,0.16759640053992228,-0.058254653903889744,0.3378617739537045,-0.3506146593616965,-0.23090558422585583,1.112543886775542,0.9133665404076947
-1.2306527126594373,0.718655727355913,-0.007195021595089717,-0.8394243697761645,1.2763928284980814,-0.7070628618761926,1.0483205500787411,-0.8228902375354215,-1.438737810442701,-0.30807311208871635,-0.3659896125893623,-0.6771804244045029,1.0642075869076437,0.8466251489445262,0.5194950445525213,-0.5779316557982448,1.2494724035807565,-0.34131190555525626,-0.13683094324653147,-0.6252920579477339,-0.06146364227996465,-0.42609591558282983,1.086643062558714,-1.3608460886101614,-0.6835745062826504,0.5182853663368188,-1.182168139610347,-1.803692497852266,-1.6803323981239728,-0.7182879098479886,0.46269011451418357,1.0108273109482433,1.6000493647397818,-0.42819946223270067,1.1352026665388109,-0.57443250061089135,0.5155173859538188,0.09952605266739316,-0.06283075633936777,-0.7430673126387811,1.0626423533669889,0.2755514510615213,-2.3074915106423095,-2.1247794848071075
0.3048480399584431,0.003809148088846447,-0.2518260852439312,0.16486544132761852,-0.6074922256133864,-0.09004465130814861,-0.2170629944546778,-0.3068773370469827,0.4889801070832687,0.6980164400859888,0.3440595947459156,-0.08188747564507337,0.3262941440089842,-0.7018455814666417,-1.0238380004805645,0.06491976053867665,-0.34131190555525626,0.5404904027184223,-0.9453910850209701,0.44217965355186223,0.10587003583182124,-0.006948314352440429,-0.5181305172277094,0.9091890258079477,0.31636534547721895,-0.21784824004573283,-0.3529287823578813,-1.463307661609408,0.8435040027023283,0.19489637918114877,0.03082736122689099,-0.2583743831630649,0.042693577264114255,1.560923067459068,-0.8208583007324551,0.45144525048308526,1.3365901552900576,-0.9942075735600662,0.436483053870098,0.2515750847163541,-0.9849761595154944,0.3891170802195209,0.49503986412452705,1.0074271500778913
0.1677999101406799,-0.5416709857172338,0.5621656798750171,0.23258909975942077,0.43007294791973744,0.7454476149261884,-0.29228295351029265,1.3467658550863626,-0.05244822312453325,-1.3823046883726815,-0.4793844411375115,0.7039665168564734,-1.53030099100473,0.9688569099984476,1.9967663643888178,0.2731293958430898,-0.13683094324653147,-0.9453910850209701,2.2729028616427502,-0.5453431183144052,-0.22677858092964712,0.3238480542267997,0.3854281344820596,-1.0608391514324438,-0.2161323304714528,0.1125807552741791,1.6793380415355585,4.686795086780279,-0.6574221795924722,0.08561622668809152,-0.40299382786438565,-0.16187974596137567,-1.2967395955096281,-3.284577423819646,1.0322788001182566,-0.61219873315662,-3.454734352738896,2.191226753482267,-0.9679323355776108,-0.03783775387112624,1.468470495904133,-1.1188243607610624,0.5817294220937608,-0.7130549003746984
0.6083322246165608,-0.24243807913681376,-0.1476807588399363,0.38672138618305313,-0.8007654848437695,0.17386508838470716,-0.4860027293605576,0.08647497631574928,0.7922963563329922,0.5438067660120868,0.3292516966326668,0.17682984479088873,-0.156928700896982,-0.7242166134085487,-0.8165636905039029,0.24641243591265433,-0.6252920579477339,0.44217965355186223,-0.5453431183144052,0.49396216063919485,0.09206342870463953,0.13881853235838226,-0.6874647689076877,1.0291157118796515,0.4300575233618276,-0.3062862405996853,0.17857266799993973,-0.3055657998107455,1.0853159936085848,0.3675201297526388,-0.13950793553586893,-0.5055987828919514,-0.5141002129056371,1.121894035850669,-0.894618276242451,0.4797405303903674,0.6649711701456019,-0.6403694844597813,0.29469738152069413,0.4067886925562691,-0.9683464539424197,0.15103944435829206,1.0824061456284826,1.3407664081288113
0.07384249221451122,0.015488792794398859,-0.047552276627879836,0.024889796204537084,-0.11484568472055554,-0.036506749323717905,-0.030452005220739514,-0.09712760400262774,0.09460222137596717,0.16093231449696285,0.06412383640936554,-0.030336612724853593,0.09022223527685741,-0.14121129333900198,-0.2498446373523299,0.010394466705251182,-0.06146364227996465,0.10587003583182124,-0.22677858092964712,0.09206342870463953,0.048284196363554105,-0.012424339806229298,-0.10450758366880274,0.18651616933566975,0.0618032544694474,-0.04596319402773966,-0.09840578697515247,-0.3679906556133251,0.15523552908482977,0.03650558527109971,0.014256765420010567,-0.037555559923393884,0.04157521683928608,0.372233488967777,-0.16837937160036034,0.0946710898612853,0.3250025431179437,-0.2300526621863956,0.11387531623960359,0.05007692496059947,-0.2142658257273754,0.0995215659322868,0.0739108688284916,0.1923783303865257
0.4270353922409077,-0.3041179182138959,0.07230743506835668,0.30127405577866345,-0.36188789675136324,0.3223862299116877,-0.3820170784000015,0.43911602448438464,0.46589874161738054,-0.07079516311992218,0.055497741835416343,0.3103202711687011,-0.5369337971218892,-0.1542049859510494,0.07936295155193845,0.22332424562603137,-0.42609591558282983,-0.006948314352440429,0.3238480542267997,0.13881853235838226,-0.012424339806229298,0.19225566667746002,-0.3064607423271597,0.32379086976962523,0.2015117250189552,-0.1496123971014377,0.59700835530606,1.1720003368387166,0.4700291041149883,0.24567482371410165,-0.2040702923350027,-0.3534819635258776,-0.6919794069329174,-0.27216874969784344,-0.24315760378436885,0.12064016719628583,-0.5976639358511766,0.2429871542541025,-0.10439426739698462,0.241615342720731,-0.16536473882137956,-0.2253895021621151,0.8306265348620516,0.6023923707833864
-1.0632949424900475,0.5309477840587018,0.11725802639435673,-0.7073070694468581,1.2443894495978591,-0.46345796922121973,0.8709674607320764,-0.44356494516275136,-1.304182520221219,-0.589892064149675,-0.4393646471275088,-0.4521301725057871,0.6154620484446317,0.9866609674188955,0.9087579312392189,-0.4633247362003365,1.086643062558714,-0.5181305172277094,0.3854281344820596,-0.6874647689076877,-0.10450758366880274,-0.3064607423271597,1.0675473424547504,-1.4622703936436223,-0.6656576434124835,0.4925624144422349,-0.6845734332999566,-0.5707551711376935,-1.6634386345079055,-0.6324035648708726,0.3285060492359548,0.8768735868293729,1.1500804306845782,-1.1241664802703761,1.2550057737297229,-0.6484385956866782,-0.314911197423969,0.5764548659654333,-0.27183362330119015,-0.6740323949905016,1.2828274304975449,-0.0014580715848911945,-1.9441251176631453,-2.0783488798173857
1.3279038273175026,-0.5473946467836319,-0.288668365789407,0.8376680473177628,-1.704882769038443,0.4213087143310255,-1.067629095930586,0.26391851486368406,1.7121425837064694,1.0966371478889418,0.6895248608227367,0.4213464668235798,-0.41222959567746637,-1.5016363442526282,-1.6544135169724663,0.5324354818980446,-1.3608460886101614,0.9091890258079477,-1.0608391514324438,1.0291157118796515,0.18651616933566975,0.32379086976962523,-1.4622703936436223,2.178567086574702,0.9174581432822423,-0.6558397544549512,0.47426994784184995,-0.40868496781589664,2.3088835269158308,0.7976292112033389,-0.32126404150352816,-1.0940633019203756,-1.1792895607230265,2.2400838555035834,-1.8709668841251548,1.0096886710957884,1.2528170192203782,-1.2754581767376714,0.5803758152348504,0.8766116173697347,-2.0167132513144814,0.2625451352073365,2.3672603393704232,2.845935191406179
0.6700336164542262,-0.34379219259890975,-0.06882971262845933,0.4478983441305102,-0.7791176787413947,0.30446913817946075,-0.5549898905601447,0.30939786004644215,0.8258453815875795,0.3523680512505984,0.273982640974569,0.2964891205495604,-0.4077982274516234,-0.6115879515270544,-0.5411342186136231,0.29570749556738596,-0.6835745062826504,0.31636534547721895,-0.2161323304714528,0.4300575233618276,0.0618032544694474,0.2015117250189552,-0.6656576434124835,0.9174581432822423,0.4255341087886233,-0.30323090027630545,0.4525215532538807,0.4220593320057205,1.047290940051954,0.3993958973724464,-0.21022380494960188,-0.5622283438732392,-0.7486914627031247,0.6597240385227217,-0.7793144391424905,0.4063334082417201,0.15035376456622987,-0.3314541017912973,0.1558270203545415,0.4225002477043951,-0.7862857318507275,-0.01674617756673697,1.2356559851370592,1.3027249411873996
-0.5078108275155723,0.2652111250223976,0.037865400923263855,-0.33951021345669047,0.5731160045815913,-0.24092578756174857,0.4197584183409113,-0.24629838578252336,-0.6130853395960113,-0.2382817607295313,-0.19623097253498661,-0.23557221917467344,0.3339639235601871,0.43465128068114633,0.37379882740464165,-0.2275391133491886,0.5182853663368188,-0.21784824004573283,0.1125807552741791,-0.3062862405996853,-0.04596319402773966,-0.1496123971014377,0.4925624144422349,-0.6558397544549512,-0.30323090027630545,0.23577699715157743,-0.37297288143003654,-0.4053399833394343,-0.7633957186161916,-0.30246002853775944,0.16530586232195696,0.41504455952207847,0.5779619301235402,-0.43753154081929135,0.5603682542322185,-0.28195072800152454,-0.05026690340622298,0.2119575291592027,-0.10370413756558519,-0.31734554755415106,0.5648257598817723,0.03441499207923128,-0.9329735008979153,-0.9614206067889525
1.194605649207609,-1.0022108532943457,0.39913136141475386,0.8885265268529571,-0.8182667455228324,1.129582766606764,-1.1230179850533935,1.6537187622551839,1.2318267199031339,-0.6812052571845949,-0.01279294051892514,1.0833138490256797,-1.9866593549819875,-0.07207464986655641,0.9200490036191095,0.6995595115052432,-1.182168139610347,-0.3529287823578813,1.6793380415355585,0.17857266799993973,-0.09840578697515247,0.59700835530606,-0.6845734332999566,0.47426994784184995,0.4525215532538807,-0.37297288143003654,2.193899582757358,4.81131793331745,1.014798251354816,0.6921032204266466,-0.6839305804229321,-0.9950228144189541,-2.29950407922974,-1.8873332506286182,-0.2821480553470487,0.092011813399876,-2.829230468679904,1.4282225830887036,-0.6127221920483648,0.6237316630861759,0.08001551093505499,-1.0149808472444861,2.4205975288779715,1.364456534133701
1.8557398659154176,-1.9615677441206352,1.1379472337649243,1.4858536392892527,-0.7172343371295348,2.3589653145593656,-1.8848690834772914,3.716975776309014,1.6915725418009977,-2.3800298598489564,-0.5075364793861583,2.2494279052718937,-4.371428098206729,0.8920228751959313,3.347471827296371,1.2590043006250489,-1.803692497852266,-1.463307661609408,4.686795086780279,-0.3055657998107455,-0.3679906556133251,1.1720003368387166,-0.5707551711376935,-0.40868496781589664,0.4220593320057205,-0.4053399833394343,4.81131793331745,11.596324681487838,0.758141593723604,1.0623063999689006,-1.3738256185130826,-1.5646408580775992,-4.572626062467299,-6.029405169565904,0.6626495065997735,-0.4886721287044268,-7.5377211305568625,4.2572436396710005,-1.8619605849815104,0.8357883655101332,1.6169984201914993,-2.578065420887412,4.010700947322637,1.1849567900176836
1.6290713149414195,-0.8125953240230163,-0.2082695611772609,1.0904222584735745,-1.9496026808110543,0.7080334367108004,-1.3500001142843465,0.6744850733212981,2.0286927920233415,0.948129233452431,0.7102248350697061,0.6877435746672811,-0.9111949700599756,-1.5636965656349155,-1.4472859363215347,0.7078398161972799,-1.6803323981239728,0.8435040027023283,-0.6574221795924722,1.0853159936085848,0.15523552908482977,0.4700291041149883,-1.6634386345079055,2.3088835269158308,1.047290940051954,-0.7633957186161916,1.014798251354816,0.758141593723604,2.6189711201056003,0.9766901819718564,-0.49331431862002706,-1.3683409767384267,-1.7601197397524246,1.8178036460643048,-1.9802784528198942,1.0245465457867386,0.5750540201457821,-0.9553845923187217,0.44053646513803685,1.0428229505055246,-2.0279132741175627,0.02256427010881284,3.007273752749945,3.256208277106111
0.7137307793254751,-0.42428506353253,0.011804414792510185,0.4876202335081208,-0.7367756472831859,0.40779134584919063,-0.6074098481555574,0.4914746129429268,0.8397103843067228,0.17829077319411338,0.21384670225115862,0.40051808678930695,-0.6229300298614927,-0.49352689770063,-0.29187843353100934,0.3450636475093067,-0.7182879098479886,0.19489637918114877,0.08561622668809152,0.3675201297526388,0.03650558527109971,0.24567482371410165,-0.6324035648708726,0.7976292112033389,0.3993958973724464,-0.30246002853775944,0.6921032204266466,1.0623063999689006,0.9766901819718564,0.427408326291894,-0.27332140196315735,-0.5911204994285358,-0.9388357574485002,0.2415048320993535,-0.6587189727014486,0.3318666916798174,-0.3019877219011709,-0.04516635608898554,0.032895313149908054,0.4292037883082259,-0.6131406637638781,-0.16922004139822058,1.3419782814470174,1.2372494938649987
-0.4653857636824522,0.345749088836463,-0.09577190094887461,-0.33703794334678533,0.3848506817688852,-0.36230660517904445,0.4147360270323309,-0.5035830257032039,-0.5032011134420311,0.10317644874419321,-0.0496206284839034,-0.3512070866402782,0.6184629698071138,0.1529067261532249,-0.1276533296097606,-0.25207908871470625,0.46269011451418357,0.03082736122689099,-0.40299382786438565,-0.13950793553586893,0.014256765420010567,-0.2040702923350027,0.3285060492359548,-0.32126404150352816,-0.21022380494960188,0.16530586232195696,-0.6839305804229321,-1.3738256185130826,-0.49331431862002706,-0.27332140196315735,0.23360654656733532,0.3863926121896445,0.7732867817421325,0.358622643636689,0.24340359248890475,-0.11087848249913897,0.7180511125853712,-0.31355101304916994,0.12966528474808303,-0.2591017928664544,0.14813371240630296,0.27181867975657426,-0.9106445049695344,-0.6450492659549876
-0.9953857367086915,0.6071649816849325,-0.015851023806598488,-0.695835208574562,1.0282913052783993,-0.5895658442305413,0.856433696204569,-0.7186378753623314,-1.1728581446206492,-0.2253765747799824,-0.2934730922212555,-0.566498151696572,0.8984652922242669,0.6825960191511904,0.3692419815119008,-0.48374343995691804,1.0108273109482433,-0.2583743831630649,-0.16187974596137567,-0.5055987828919514,-0.037555559923393884,-0.3534819635258776,0.8768735868293729,-1.0940633019203756,-0.5622283438732392,0.41504455952207847,-0.9950228144189541,-1.5646408580775992,-1.3683409767384267,-0.5911204994285358,0.3863926121896445,0.8452206839099863,1.338157485224355,-0.27420849520017787,0.9099754216493714,-0.45532676934751826,0.4887940869569353,0.022761397429377474,-0.0259666474944085,-0.6000745805929034,0.8276598440268286,0.2543252564078489,-1.8937844635710805,-1.7290658546136204
-1.5954329064227528,1.1635608601148815,-0.29083077010265435,-1.146993043574989,1.362687145203685,-1.2434449807942554,1.447468845690675,-1.7121962680591043,-1.764048906006139,0.30837223561976307,-0.2200517123936598,-1.199655934823232,2.0798512968226373,0.5689392380207885,-0.3673451983093671,-0.8600636952048615,1.6000493647397818,0.042693577264114255,-1.2967395955096281,-0.5141002129056371,0.04157521683928608,-0.6919794069329174,1.1500804306845782,-1.1792895607230265,-0.7486914627031247,0.5779619301235402,-2.29950407922974,-4.572626062467299,-1.7601197397524246,-0.9388357574485002,0.7732867817421325,1.338157485224355,2.6425100729565485,1.1163580855149837,0.8920411825082126,-0.4166414382840624,2.3610080600048344,-0.9795877455251115,0.4135144161059859,-0.8954491222345153,0.5798833085492991,0.9072573142792166,-3.147391468807729,-2.2753340488915463
0.3775763694961713,0.4317007798269528,-0.8229374265663543,0.09187538867935302,-1.2761735103356118,-0.75436397479545,-0.08695989036859957,-1.587429440796648,0.7953470990347161,2.207929305531968,0.8911216089079804,-0.703147171762315,1.7238585374480127,-1.8670969332554543,-3.2242958103611468,-0.10035730263950812,-0.42819946223270067,1.560923067459068,-3.284577423819646,1.121894035850669,0.372233488967777,-0.27216874969784344,-1.1241664802703761,2.2400838555035834,0.6597240385227217,-0.43753154081929135,-1.8873332506286182,-6.029405169565904,1.8178036460643048,0.2415048320993535,0.358622643636689,-0.27420849520017787,1.1163580855149837,5.0902719333902215,-2.103366153500369,1.1781500872130126,4.861176194304442,-3.2885902740926105,1.4726425403849428,0.43370145491821704,-2.707880526273281,1.5200468220962733,0.3016395974111676,2.139053644801319
-1.0975101843142507,0.42617312575524785,0.28404504324202134,-0.7005282917984746,1.461061490299364,-0.30123601658076504,0.8656106316992264,-0.11870605048106633,-1.4245529421346472,-1.013371302651321,-0.6092453270362039,-0.29631342894972723,0.24660828843621688,1.3324458217297064,1.5216024069291494,-0.42938297440986406,1.1352026665388109,-0.8208583007324551,1.0322788001182566,-0.894618276242451,-0.16837937160036034,-0.24315760378436885,1.2550057737297229,-1.8709668841251548,-0.7793144391424905,0.5603682542322185,-0.2821480553470487,0.6626495065997735,-1.9802784528198942,-0.6587189727014486,0.24340359248890475,0.9099754216493714,0.8920411825082126,-2.103366153500369,1.6414987644555044,-0.8706570579496575,-1.2809650794315748,1.2164577344017542,-0.5555665198486354,-0.7377030264735586,1.7837488870936835,-0.30176827990723476,-1.9433966345186986,-2.44314446138105
0.5622461425260427,-0.19229307908106166,-0.1605102733931808,0.33722327988055995,-0.7564737063802557,0.13207019938624118,-0.44448725841071285,0.01817908742296018,0.7424580482088415,0.5627005212321807,0.31924816647749626,0.1303961173543069,-0.07277835828857028,-0.7034367721863627,-0.8485909579438854,0.20897112858460867,-0.57443250061089135,0.45144525048308526,-0.61219873315662,0.4797405303903674,0.0946710898612853,0.12064016719628583,-0.6484385956866782,1.0096886710957884,0.4063334082417201,-0.28195072800152454,0.092011813399876,-0.4886721287044268,1.0245465457867386,0.3318666916798174,-0.11087848249913897,-0.45532676934751826,-0.4166414382840624,1.1781500872130126,-0.8706570579496575,0.4898257135142206,0.7676643439050493,-0.6895894707360165,0.31219130326451866,0.3797404691427005,-0.9633600736295138,0.18953254518148205,0.9745033312943455,1.255453656109548
-0.5566345525934968,0.9880191556716922,-0.8473882278228682,-0.5500812662438322,-0.3255277459540015,-1.3062712668196002,0.7099906063505937,-2.2428962373615424,-0.28757037065526525,2.0176259857613807,0.6326432771851693,-1.2354351488460182,2.579226263546731,-1.2575596227035848,-2.890869121549173,-0.5482357725113877,0.5155173859538188,1.3365901552900576,-3.454734352738896,0.6649711701456019,0.3250025431179437,-0.5976639358511766,-0.314911197423969,1.2528170192203782,0.15035376456622987,-0.05026690340622298,-2.829230468679904,-7.5377211305568625,0.5750540201457821,-0.3019877219011709,0.7180511125853712,0.4887940869569353,2.3610080600048344,4.861176194304442,-1.2809650794315748,0.7676643439050493,5.361122015170349,-3.2818013078948196,1.4525579233878094,-0.12399539394214067,-1.953195092097939,1.7573426711733584,-1.4547382436686516,0.5603412292028205
-0.054869507898666695,-0.4006667903789547,0.5548734402871547,0.07310860637033885,0.6592728134318487,0.5947186627719881,-0.09565928584672358,1.169439417336868,-0.30682581787068375,-1.4040852921539266,-0.5467008902276087,0.5644676242109848,-1.3041122721738725,1.1011357177958927,2.0435743923627943,0.16759640053992228,0.09952605266739316,-0.9942075735600662,2.191226753482267,-0.6403694844597813,-0.2300526621863956,0.2429871542541025,0.5764548659654333,-1.2754581767376714,-0.3314541017912973,0.2119575291592027,1.4282225830887036,4.2572436396710005,-0.9553845923187217,-0.04516635608898554,-0.31355101304916994,0.022761397429377474,-0.9795877455251115,-3.2885902740926105,1.2164577344017542,-0.6895894707360165,-3.2818013078948196,2.173523418902633,-0.9596052710036692,-0.17197516274317282,1.6315152955404524,-1.0417381653273596,0.14763954979291252,-1.090979110274103
0.05210092997645133,0.16352373352678623,-0.23861995717539114,-0.0168365967973373,-0.3062017664762883,-0.2570915199298204,0.02938496963358425,-0.5117055843980013,0.15706046911416818,0.6306322734908144,0.24012482424826503,-0.24024757232840632,0.5600170075626759,-0.49967529974797453,-0.924404046913994,-0.058254653903889744,-0.06283075633936777,0.436483053870098,-0.9679323355776108,0.29469738152069413,0.11387531623960359,-0.10439426739698462,-0.27183362330119015,0.5803758152348504,0.1558270203545415,-0.10370413756558519,-0.6127221920483648,-1.8619605849815104,0.44053646513803685,0.032895313149908054,0.12966528474808303,-0.0259666474944085,0.4135144161059859,1.4726425403849428,-0.5555665198486354,0.31219130326451866,1.4525579233878094,-0.9596052710036692,0.4356665801242301,0.0897513846284831,-0.7379982187082987,0.4590488176494688,-0.034344006911207536,0.516026742133279
0.7345533510401702,-0.4054038260270937,-0.022421180583657628,0.49282626192927576,-0.7869345924410168,0.38234502056584807,-0.6149463457426075,0.42183992375003077,0.8684219994974183,0.2609112706037039,0.24147827352049758,0.37057429280459125,-0.5592126567207829,-0.5596372150798219,-0.42081591507302074,0.3378617739537045,-0.7430673126387811,0.2515750847163541,-0.03783775387112624,0.4067886925562691,0.05007692496059947,0.241615342720731,-0.6740323949905016,0.8766116173697347,0.4225002477043951,-0.31734554755415106,0.6237316630861759,0.8357883655101332,1.0428229505055246,0.4292037883082259,-0.2591017928664544,-0.6000745805929034,-0.8954491222345153,0.43370145491821704,-0.7377030264735586,0.3797404691427005,-0.12399539394214067,-0.17197516274317282,0.0897513846284831,0.4512973747869135,-0.71687003657961,-0.10470077623090498,1.3568226550241906,1.3148236951340073
-1.0226719473875594,0.2897407192021735,0.3871304041114835,-0.6164930563625184,1.4893115158115589,-0.13210719452544178,0.7707785591075973,0.17628308484732164,-1.3775541157677422,-1.2602524846480385,-0.6816944812605575,-0.13885592935158267,-0.08638334100535235,1.4711531878067587,1.88371759670332,-0.3506146593616965,1.0626423533669889,-0.9849761595154944,1.468470495904133,-0.9683464539424197,-0.2142658257273754,-0.16536473882137956,1.2828274304975449,-2.0167132513144814,-0.7862857318507275,0.5648257598817723,0.08001551093505499,1.6169984201914993,-2.0279132741175627,-0.6131406637638781,0.14813371240630296,0.8276598440268286,0.5798833085492991,-2.707880526273281,1.7837488870936835,-0.9633600736295138,-1.953195092097939,1.6315152955404524,-0.7379982187082987,-0.71687003657961,2.0229306632495323,-0.525124639766572,-1.7382938918574729,-2.482908849083517
-0.28590741865416036,0.38527283936288015,-0.27321501933701914,-0.24909314945535704,0.014030765832057965,-0.4869954980965875,0.32739424680427925,-0.8095924374214851,-0.23220885112521272,0.6168220994788713,0.15883878537786753,-0.4641034416864941,0.9202042412638571,-0.32132329778991203,-0.8830237442363408,-0.23090558422585583,0.2755514510615213,0.3891170802195209,-1.1188243607610624,0.15103944435829206,0.0995215659322868,-0.2253895021621151,-0.0014580715848911945,0.2625451352073365,-0.01674617756673697,0.03441499207923128,-1.0149808472444861,-2.578065420887412,0.02256427010881284,-0.16922004139822058,0.27181867975657426,0.2543252564078489,0.9072573142792166,1.5200468220962733,-0.30176827990723476,0.18953254518148205,1.7573426711733584,-1.0417381653273596,0.4590488176494688,-0.10470077623090498,-0.525124639766572,0.6014352398616769,-0.6787703074857405,-0.023737105677723594
2.278486519536798,-1.4068389179468348,0.0956038322993675,1.577428537890381,-2.285815085536019,1.4079205686787724,-1.9744907387445165,1.7319426950870553,2.6491330232250183,0.3663173272339226,0.6105325323255377,1.35574180536921,-2.1845510410319005,-1.4256589239833808,-0.6504592599391338,1.112543886775542,-2.3074915106423095,0.49503986412452705,0.5817294220937608,1.0824061456284826,0.0739108688284916,0.8306265348620516,-1.9441251176631453,2.3672603393704232,1.2356559851370592,-0.9329735008979153,2.4205975288779715,4.010700947322637,3.007273752749945,1.3419782814470174,-0.9106445049695344,-1.8937844635710805,-3.147391468807729,0.3016395974111676,-1.9433966345186986,0.9745033312943455,-1.4547382436686516,0.14763954979291252,-0.034344006911207536,1.3568226550241906,-1.7382938918574729,-0.6787703074857405,4.336588298427715,3.8136700468988622
2.067396899645081,-1.0533235947262425,-0.2273246824487,1.3893173659452336,-2.430151542588535,0.9230085686657329,-1.711540473804905,0.9050361094511319,2.550225363669835,1.1309541178224884,0.8625962109638702,0.8996519352551969,-1.2263910389547472,-1.922412495145581,-1.7363920363171377,0.9133665404076947,-2.1247794848071075,1.0074271500778913,-0.7130549003746984,1.3407664081288113,0.1923783303865257,0.6023923707833864,-2.0783488798173857,2.845935191406179,1.3027249411873996,-0.9614206067889525,1.364456534133701,1.1849567900176836,3.256208277106111,1.2372494938649987,-0.6450492659549876,-1.7290658546136204,-2.2753340488915463,2.139053644801319,-2.44314446138105,1.255453656109548,0.5603412292028205,-1.090979110274103,0.516026742133279,1.3148236951340073,-2.482908849083517,-0.023737105677723594,3.8136700468988622,4.068785151858951
