V1,V2,V3,V4,V5,V6,V7,V8,V9,V10,V11,V12,V13,V14,V15,V16,V17,V18,V19,V20,V21,V22,V23,V24,V25,V26,V27,V28,V29,V30,V31,V32,V33,V34,V35,V36,V37,V38,V39,V40,V41,V42,V43,V44
0.2792791845341748,-0.5774534334463746,0.11612298428662744,-0.02423723845422655,-0.11655449240259301,0.6474481079110748,-0.7517153802384777,0.3913441356572215,0.2484999206466658,0.041308367716175444,-0.03523101327597544,0.3900841340930195,0.2757418095967073,0.20729338766842997,-0.5222738522194821,0.03812676968322695,-0.7985281311457382,0.2785876830135801,0.704935593525445,-0.07953131031136741,-0.2820220278144008,0.2105694437169433,0.20428363783146816,0.20445098991434368,-0.5081309173237014,-0.45141503898485824,0.7528738110949013,-0.1832734534274992,0.11306833885307813,0.008799046363992145,-0.31808808353378454,-0.4202940517508894,-0.11271623941803068,-0.418665344793834,-0.2655831863158825,0.3395489639783497,0.4436314612701904,0.01869601740045561,0.5976683596682718,0.5090849770918713,-0.4443808068012127,-0.8015045824166107,0.27035700977363264,0.8012346735511682
-0.5774534334463746,3.006526824216157,-0.8352107829642124,1.1185430158228566,-0.486866518812236,-3.5958684328570167,3.9654789715941834,-1.8327647652500774,-0.3419038833480575,0.11253280260531723,0.39409183794652164,-2.1045740606996475,-2.754979854757119,-2.223026206735641,2.793413930753398,0.2651424489215582,4.006956785838302,-1.646814040540711,-4.524681002420539,1.1648867501676397,1.8258520862676244,-0.8442147643334229,-2.278029897664531,-0.14476201218496487,4.0185701494083546,2.594900231584763,-3.8841619543468244,2.5613060790746394,0.9233799014183638,0.43685246254066945,1.5834553416916313,1.5461982656632667,-0.6993613151289001,3.1565628809264603,0.5844317020617494,-1.614964620006595,-3.3007032117616735,-0.1391569062519134,-3.7844301322766123,-2.586638039558091,1.9483700792109995,5.116210408038607,0.3644759505699211,-3.150499526703971
0.11612298428662744,-0.8352107829642124,0.36802233234042014,-0.57768393970873,0.21141783266014094,1.1634211967604897,-1.2660688837022784,0.6616602890361544,0.1161586490408305,-0.19334495463806894,0.07065308272285933,0.8767595028747946,0.8502208526756333,0.9130300072667268,-0.7389511865559215,-0.08262517575918153,-1.1680873999650434,0.6030359836610563,1.5151312598671265,-0.4356286028548984,-0.39829794624558557,0.09477716770485642,0.7668957382961772,0.030831428428138578,-1.3810343873934763,-0.9698826089504232,1.2645272543042476,-0.5639501427253423,-0.439255392028246,-0.04050158535404,-0.414640162303388,-0.2226073701566619,0.2079238713797878,-1.133505719184229,-1.753858987351097e-4,0.3361173307426764,0.8999359412279961,-0.04011400260774154,1.222255911377413,0.7201679565421494,-0.5827983691198886,-1.8322382527844014,-0.24534946688277884,0.82070629479751
-0.02423723845422655,1.1185430158228566,-0.57768393970873,1.2708342753077297,-0.38408251381060665,-1.7544997437157186,1.9307047540491349,-0.8739440017540018,-0.11586688712482064,0.2314068682544956,-0.30234738877136336,-1.4202481751695666,-1.6788391217139096,-1.5680880405366384,1.3696252208634068,0.21378295448296608,1.6703885422365377,-1.2079279942705523,-2.0749008394992994,0.7173833891413569,0.4359068910676994,0.11990609781854783,-1.2982075058205211,-0.15578852832695006,2.320289775661069,1.6692235824504325,-1.7231771670860658,1.6617883980117387,0.8414860735734164,0.03199094747095878,0.5045114671483092,0.007421935824316573,-0.6514588069512506,1.3813545893448933,-0.0748403252716249,-0.4062866153663268,-1.9664308465072617,0.5230797363771096,-2.1560528896713484,-0.9967010130820683,1.1085407838976191,2.925623173933756,0.7621516722200334,-1.1893894900827355
-0.11655449240259301,-0.486866518812236,0.21141783266014094,-0.38408251381060665,0.42113505568829185,0.6313865296787834,-0.632028463351942,0.2760125187350275,-0.22035097440286963,-0.19439662438221317,-0.1253982002679688,0.3795529823096253,0.6791572013936311,0.6423799865691513,-0.378071481734272,-0.1353358665397629,-0.5992032834414078,0.25416070774049915,1.029053855243971,-0.4023745204839518,-0.3592277622093903,0.11420157580278649,0.6559109866713981,-0.309878931717099,-0.9304928544584173,-0.4251446543102886,0.6455044207470801,-0.5501889437512879,-0.557855935518242,-0.19388343490720922,-0.21847048463651308,-0.10908982935273714,0.35832293657039666,-0.8926401898765711,0.15202708033809312,0.22470605796931636,0.5616926116166019,0.15337173040339036,0.7262587820978491,0.3939052767243255,-0.08762847062809592,-1.0359659044931029,-0.4589014635395509,0.1548654501026378
0.6474481079110748,-3.5958684328570167,1.1634211967604897,-1.7544997437157186,0.6313865296787834,4.58825658303307,-5.03600009982077,2.373517201274238,0.49128742714651014,-0.2835971294470397,-0.1821442958167176,2.953159215126831,3.527594124285067,3.0585871817872983,-3.4480755101709297,-0.34324550128276793,-4.9330806236720255,2.28364627855545,5.69896471271882,-1.5263070906534473,-1.992409458395798,0.7658151027077668,2.907833431962281,0.2732835151690261,-5.222628329021224,-3.5095638194156367,4.89084744689198,-3.1548953277342595,-1.3146815349593661,-0.37331392589719264,-1.85275002077033,-1.5536539586491063,0.9064293699677536,-3.9360572990822726,-0.5370527374683435,1.7832537451728017,4.186286411306486,-0.10025490333512116,4.89971886194461,3.120143330832166,-2.554749909260375,-6.721101576428557,-0.6382653380533223,3.8374689843934497
-0.7517153802384777,3.9654789715941834,-1.2660688837022784,1.9307047540491349,-0.632028463351942,-5.03600009982077,5.6357354939297135,-2.560529667571656,-0.6022337730819612,0.1999914247045349,0.06676558325369082,-3.2970691227389715,-4.00670541162082,-3.2895345947020456,4.018305928167668,0.3722512072984129,5.536988965293599,-2.6413502351571916,-6.20095245475898,1.627080820009028,2.1924615365768165,-0.8632146412029889,-3.1422236696102055,-0.42682642666939147,5.784444343681209,3.986074798786483,-5.332193829306399,3.7441523655077646,1.3374476928730317,0.4028059903250865,2.0255869587947752,1.7511472098311707,-1.0447861418563735,4.137779983116152,0.7383836161738513,-2.0896993186945645,-4.887546217935725,0.3105145927910901,-5.531473923530627,-3.5358636357101205,2.9846517566277924,7.440444430524019,0.6762331274189357,-4.35733737836767
0.3913441356572215,-1.8327647652500774,0.6616602890361544,-0.8739440017540018,0.2760125187350275,2.373517201274238,-2.560529667571656,1.397454624359535,0.32885390187571595,-0.29879950550034157,-0.07716998717464792,1.6143636067329992,1.4896349906125543,1.6286310310086975,-1.4530372164363192,-0.10379892365959535,-2.455316839601497,1.0658476633588911,3.0431139283266226,-0.7830938260607289,-0.9499203139216285,0.3708292856123017,1.4259779955430167,0.12227806462990025,-2.5763708051414267,-1.7853767400516307,2.655613015433746,-0.8911428291556,-0.6539358194932942,-0.10756803928145853,-0.9655361394914433,-0.7535750160875269,0.21316948254249526,-2.2876629010274243,-0.1605146346396786,0.7669967124868601,1.6185074755030808,0.1473665707272479,2.2964950671714677,1.5227574318584423,-1.156626637904995,-3.5001061779995526,-0.1673059993054325,1.8922858108009282
0.2484999206466658,-0.3419038833480575,0.1161586490408305,-0.11586688712482064,-0.22035097440286963,0.49128742714651014,-0.6022337730819612,0.32885390187571595,0.35681233013689756,0.03367263141757773,0.16834264625181536,0.44019739935966473,0.16128204356006814,0.15852023215982977,-0.40870817358261846,0.06649460416099844,-0.5675107169696386,0.3338453440355207,0.3935117081279277,0.00305467384451836,-0.04019595525384423,0.008398679950027391,0.040048585167846915,0.37294452917434745,-0.34963382297598905,-0.4723116659722093,0.5707606237526281,-0.06060770884437319,0.19094177369828913,0.17526302133920954,-0.1804457512105573,-0.15956359747034815,-0.17045514646614898,-0.11074618581063314,-0.21757707080729477,0.17609461742329333,0.37451688429349983,-0.20192723585959224,0.4688495225168842,0.3314884245096405,-0.5152142359462973,-0.6596413012620166,0.2984973294074647,0.6978903369272014
0.041308367716175444,0.11253280260531723,-0.19334495463806894,0.2314068682544956,-0.19439662438221317,-0.2835971294470397,0.1999914247045349,-0.29879950550034157,0.03367263141757773,0.37193867079239445,-0.024776618041660425,-0.33274680234262105,0.040803739055879314,-0.4305612158894236,-0.24882140704374628,-1.5799850129782084e-4,0.08519234941580262,0.0036270188312363966,-0.570631259178418,0.21921054667672885,-0.04002502388639146,0.08281761768452625,-0.23703049534519416,0.20924629774815895,0.3075269382654152,0.1764537135275995,-0.4167499168417062,-0.6283654439827064,0.3112199961750287,-0.06373625196063584,0.03633256093123974,-0.1616265719449622,0.09957841497301569,0.7112885149474756,-0.30914823682207443,0.1456626309704708,0.4138022195054275,-0.2437589642734653,-0.08122138429610874,0.004286836610325252,-0.16968513505581825,0.5201894206495298,0.09927751521860477,0.16219304514290586
-0.03523101327597544,0.39409183794652164,0.07065308272285933,-0.30234738877136336,-0.1253982002679688,-0.1821442958167176,0.06676558325369082,-0.07716998717464792,0.16834264625181536,-0.024776618041660425,0.6344965721856101,0.32041128709770106,-0.020191044627521006,0.023109907948191732,-0.019598352815079368,0.04778170903643083,0.21827808398849574,0.31209433225355965,-0.37501781428391456,0.09770686491074015,0.49732569933800713,-0.3459181128783229,-0.2290287094793345,0.27771170314731763,0.07148223090791817,-0.31460611479624356,-0.29372959570719404,0.05748580924653103,0.0756551597319047,0.25717301306360935,0.28229964799344304,0.48278564051431716,-0.0356494515151365,0.4743350626846279,0.04801755878357386,-0.209420032408212,0.08819968989495602,-0.5915995641285281,0.07718795312960627,-0.1650442494812486,-0.207236327700566,-0.0674313303651164,-0.075158733322234,-0.1573865521238188
0.3900841340930195,-2.1045740606996475,0.8767595028747946,-1.4202481751695666,0.3795529823096253,2.953159215126831,-3.2970691227389715,1.6143636067329992,0.44019739935966473,-0.33274680234262105,0.32041128709770106,2.26597679153979,2.2284107559977024,2.1523128746393034,-2.1382825649434047,-0.1767221387895455,-3.074995888424514,1.685703204410185,3.6510891637882197,-0.9934029413668896,-0.9308091829906717,0.22626983027907738,1.802492788715757,0.3121081998361283,-3.435342626387704,-2.549892086941023,3.136867413512297,-1.725831010532353,-0.8979136905811139,-0.02801523193529154,-1.0232795107234023,-0.6250562200304424,0.5055761480599861,-2.4842892388818063,-0.20548159578763725,0.9481476446663938,2.5986597083318586,-0.3663428672459769,3.2402527794794898,1.9053733930460905,-1.7370855546943658,-4.597535506097878,-0.47827418384884135,2.3356123831663074
0.2757418095967073,-2.754979854757119,0.8502208526756333,-1.6788391217139096,0.6791572013936311,3.527594124285067,-4.00670541162082,1.4896349906125543,0.16128204356006814,0.040803739055879314,-0.020191044627521006,2.2284107559977024,3.5918425580396076,2.483166810163657,-3.3544589609034614,-0.4626666220492761,-3.929178649680086,2.115931251425763,4.248200558766647,-1.2659913610942168,-1.6367168652717035,0.5094484271215195,2.5402438019251696,0.23033250634610133,-4.504922533781193,-2.9492684796930266,3.4708278386718523,-4.151230417212828,-1.244294778964145,-0.4727491764628092,-1.3556050986308807,-1.0842387251419017,1.391196118192972,-2.596741281422901,-0.5282637578589865,1.6122605474315932,4.508452753289797,-0.6516826223675574,4.391462396188722,2.5495267859247206,-2.335479237163554,-5.374747652223438,-1.1135969204774019,2.987296800232846
0.20729338766842997,-2.223026206735641,0.9130300072667268,-1.5680880405366384,0.6423799865691513,3.0585871817872983,-3.2895345947020456,1.6286310310086975,0.15852023215982977,-0.4305612158894236,0.023109907948191732,2.1523128746393034,2.483166810163657,2.4810265449344113,-2.056580623283525,-0.3067629095769159,-3.044046986074657,1.5602821330948484,3.9748311086043335,-1.199149531717452,-1.1572918969808361,0.25200021783271487,2.2046696823019047,-0.02121846625620558,-3.7812840428003094,-2.488355889717451,3.2393974796311973,-2.04311749037965,-1.2910047952747221,-0.249609792529804,-1.110650634908854,-0.6086799009576862,0.8060182066840561,-2.9528871408256547,0.02776216939646237,0.8867479528381852,2.6820849542890888,-0.118189927995255,3.316967717260076,1.8895449626389014,-1.5375267860898205,-4.806043963729983,-0.9032806231670097,2.1126617822005698
-0.5222738522194821,2.793413930753398,-0.7389511865559215,1.3696252208634068,-0.378071481734272,-3.4480755101709297,4.018305928167668,-1.4530372164363192,-0.40870817358261846,-0.24882140704374628,-0.019598352815079368,-2.1382825649434047,-3.3544589609034614,-2.056580623283525,3.5411266203917324,0.3433917281649418,4.048347137767061,-2.1278113992781913,-3.913000245265333,1.0309345131173429,1.59177066565174,-0.6350173281627977,-2.1832948511148413,-0.5264549985721767,4.108390393913743,2.8691050197889365,-3.4095002581433054,4.06751508111064,0.7721632713430289,0.38216435262381565,1.3780238477861688,1.3471253766310163,-1.1292834455385732,2.1295612504442776,0.8779017456530516,-1.7896955453890215,-4.5141469599392865,0.7625939849849606,-4.312444697403233,-2.6434447326886357,2.5255069254210722,5.035371082559492,0.6233972244611926,-3.378082326101897
0.03812676968322695,0.2651424489215582,-0.08262517575918153,0.21378295448296608,-0.1353358665397629,-0.34324550128276793,0.3722512072984129,-0.10379892365959535,0.06649460416099844,-1.5799850129782084e-4,0.04778170903643083,-0.1767221387895455,-0.4626666220492761,-0.3067629095769159,0.3433917281649418,0.09916125801724067,0.36348563526306854,-0.20338313713509784,-0.4456860169060667,0.17198383459219055,0.21032459610394091,-0.04007455037342484,-0.33788644922346067,0.05082867646397249,0.5372051987931457,0.2809105006061991,-0.30532284470876786,0.5927378288783819,0.22113157885134943,0.10030775696659519,0.13803934694066097,0.07483978289006615,-0.25223278958730044,0.3002837390307695,0.0017041412964013047,-0.1541437190658589,-0.5406659903134169,0.06192967831572567,-0.46697901803264347,-0.23675938782574674,0.20872666203546253,0.5492736056933345,0.2473458278389318,-0.2188057160384362
-0.7985281311457382,4.006956785838302,-1.1680873999650434,1.6703885422365377,-0.5992032834414078,-4.9330806236720255,5.536988965293599,-2.455316839601497,-0.5675107169696386,0.08519234941580262,0.21827808398849574,-3.074995888424514,-3.929178649680086,-3.044046986074657,4.048347137767061,0.36348563526306854,5.560440153425563,-2.5056836628574053,-6.09076636328544,1.5533688525128506,2.330998233813495,-1.0410518705149066,-3.042272061809697,-0.38294905703183885,5.592567767350467,3.7911954264445815,-5.228132875451219,3.7782367915286996,1.20266329430758,0.49385769379222966,2.070769446846237,1.978266746547386,-1.0097769753085486,4.029026192621968,0.8799078224060102,-2.2301360563289157,-4.852921289753087,0.18032169750227445,-5.404228521066212,-3.5893227246132318,2.91505298115251,7.143393051648864,0.5351221880579005,-4.404873097282553
0.2785876830135801,-1.646814040540711,0.6030359836610563,-1.2079279942705523,0.25416070774049915,2.28364627855545,-2.6413502351571916,1.0658476633588911,0.3338453440355207,0.0036270188312363966,0.31209433225355965,1.685703204410185,2.115931251425763,1.5602821330948484,-2.1278113992781913,-0.20338313713509784,-2.5056836628574053,1.5776051879417066,2.5634240152861154,-0.7286234671187487,-0.7727365031148565,0.15549484673011554,1.404513647002427,0.4306612582161381,-2.7721642761778402,-2.0891308980032437,2.247779370464089,-2.3238542076290902,-0.6273728458850044,-0.06594903828655493,-0.7891704165346385,-0.5061593067852836,0.666975086106052,-1.434748744299411,-0.3722482170766525,0.9131922732665707,2.7895245745507458,-0.683727873527771,2.824320496900173,1.5765984176430414,-1.6743344492913932,-3.530584357136675,-0.501447933952959,2.0492081859296576
0.704935593525445,-4.524681002420539,1.5151312598671265,-2.0749008394992994,1.029053855243971,5.69896471271882,-6.20095245475898,3.0431139283266226,0.3935117081279277,-0.570631259178418,-0.37501781428391456,3.6510891637882197,4.248200558766647,3.9748311086043335,-3.913000245265333,-0.4456860169060667,-6.09076636328544,2.5634240152861154,7.559455060645463,-2.0447336986528546,-2.651245684355007,1.1110502518806806,3.786672289427073,-0.07530694861625899,-6.610061959746863,-4.252637973036444,6.211569002301923,-3.285933867654961,-1.8955422289679897,-0.6204059031424922,-2.349246500035409,-2.0054160560002363,1.0933962246156945,-5.586648378970416,-0.4490744523819126,2.1831232110615724,4.655453778562111,0.3646645569748637,5.882947894850688,3.901737826175501,-2.744759559749537,-8.483570156680623,-0.9227214648309935,4.384046252295055
-0.07953131031136741,1.1648867501676397,-0.4356286028548984,0.7173833891413569,-0.4023745204839518,-1.5263070906534473,1.627080820009028,-0.7830938260607289,0.00305467384451836,0.21921054667672885,0.09770686491074015,-0.9934029413668896,-1.2659913610942168,-1.199149531717452,1.0309345131173429,0.17198383459219055,1.5533688525128506,-0.7286234671187487,-2.0447336986528546,0.6371042007157104,0.6869560227952018,-0.21269293113912166,-1.1297216126109857,0.11363915188807815,1.8828050440211366,1.157646368307137,-1.6188571832207712,1.0478509559809484,0.688098762332902,0.1898444012062987,0.5868910592704577,0.3899873423100585,-0.4354283372553528,1.5529234914330818,-0.0058616660978463965,-0.5194834806193096,-1.3280544547538484,-0.055184540300979315,-1.6347242394624915,-0.9764770768340212,0.6844127206575202,2.3368726618677345,0.45953827879084064,-1.0171228222063398
-0.2820220278144008,1.8258520862676244,-0.39829794624558557,0.4359068910676994,-0.3592277622093903,-1.992409458395798,2.1924615365768165,-0.9499203139216285,-0.04019595525384423,-0.04002502388639146,0.49732569933800713,-0.9308091829906717,-1.6367168652717035,-1.1572918969808361,1.59177066565174,0.21032459610394091,2.330998233813495,-0.7727365031148565,-2.651245684355007,0.6869560227952018,1.3645714282825736,-0.7027041645333323,-1.370413946984614,0.08184249407354503,2.3060854852154002,1.296041088553767,-2.1683981891829847,1.6395686803052505,0.5585853349939697,0.44209781627383066,1.0196629487862465,1.1213701346904053,-0.5048025675644728,1.9261585859397419,0.39925273198917444,-1.0806514005353132,-1.9313552704685415,-0.3216620446139083,-2.0449640108080436,-1.559846055370767,0.9858848510063503,2.751868170376762,0.24860591430289497,-1.7594010658000605
0.2105694437169433,-0.8442147643334229,0.09477716770485642,0.11990609781854783,0.11420157580278649,0.7658151027077668,-0.8632146412029889,0.3708292856123017,0.008398679950027391,0.08281761768452625,-0.3459181128783229,0.22626983027907738,0.5094484271215195,0.25200021783271487,-0.6350173281627977,-0.04007455037342484,-1.0410518705149066,0.15549484673011554,1.1110502518806806,-0.21269293113912166,-0.7027041645333323,0.5171809719800106,0.45764103704385173,-0.10228674569774335,-0.7549887385260865,-0.36156151395907343,0.890968547960313,-0.4583889579299501,-0.077747949770184,-0.269342565846196,-0.4872054849141702,-0.7477033090743749,0.07391347406497237,-0.8374667060495518,-0.3064918810905057,0.59910437470022615,0.6014542090487981,0.3585149162209554,0.7005074921072294,0.7412843793447688,-0.28494606150117663,-0.9159527409985306,0.11719870740444248,0.7885319152964066
0.20428363783146816,-2.278029897664531,0.7668957382961772,-1.2982075058205211,0.6559109866713981,2.907833431962281,-3.1422236696102055,1.4259779955430167,0.040048585167846915,-0.23703049534519416,-0.2290287094793345,1.802492788715757,2.5402438019251696,2.2046696823019047,-2.1832948511148413,-0.33788644922346067,-3.042272061809697,1.404513647002427,3.786672289427073,-1.1297216126109857,-1.370413946984614,0.45764103704385173,2.1696607872641347,-0.10359808167495381,-3.607603084609695,-2.220130181926588,3.038335937957991,-2.4390412778370822,-1.1943711022424461,-0.4264069829303469,-1.1618758930436484,-0.8802602919467649,0.9182184053460415,-2.7483053800476935,-0.14373852298386083,1.079616582554287,2.856238919638478,-0.005695145672498145,3.2288479405309083,1.9464569192857484,-1.4695282629252668,-4.420257104265505,-0.8793188055285929,2.1449904929987076
0.20445098991434368,-0.14476201218496487,0.030831428428138578,-0.15578852832695006,-0.309878931717099,0.2732835151690261,-0.42682642666939147,0.12227806462990025,0.37294452917434745,0.20924629774815895,0.27771170314731763,0.3121081998361283,0.23033250634610133,-0.02121846625620558,-0.5264549985721767,0.05082867646397249,-0.38294905703183885,0.4306612582161381,-0.07530694861625899,0.11363915188807815,0.08184249407354503,-0.10228674569774335,-0.10359808167495381,0.5452253386750467,-0.18076444968056798,-0.4245249578087095,0.22521300548865944,-0.5133670267762037,0.3038037960269512,0.21368853985938163,-0.06938897681362843,-0.03388657830728227,-0.05293278614702527,0.43267608800622104,-0.3064603212696084,0.1476904666333157,0.6771231201698873,-0.5138464442351818,0.44086566433690283,0.2162498057280831,-0.6478683274312621,-0.3645932152082737,0.2380749407729769,0.679622036923759
-0.5081309173237014,4.0185701494083546,-1.3810343873934763,2.320289775661069,-0.9304928544584173,-5.222628329021224,5.784444343681209,-2.5763708051414267,-0.34963382297598905,0.3075269382654152,0.07148223090791817,-3.435342626387704,-4.504922533781193,-3.7812840428003094,4.108390393913743,0.5372051987931457,5.592567767350467,-2.7721642761778402,-6.610061959746863,1.8828050440211366,2.3060854852154002,-0.7549887385260865,-3.607603084609695,-0.18076444968056798,6.397117181149418,4.220229759428802,-5.437685689475144,4.322658610935828,1.8311782818900555,0.5523425711708978,2.0459467855613203,1.541986339956218,-1.4679979937898775,4.549187923173438,0.4782054553120828,-2.018439097153869,-5.300540400239444,0.3597648806002792,-5.8787888716170045,-3.5753072475183045,2.9801236013217474,7.973795117289818,1.2810826836494442,-4.137771518549028
-0.45141503898485824,2.594900231584763,-0.9698826089504232,1.6692235824504325,-0.4251446543102886,-3.5095638194156367,3.986074798786483,-1.7853767400516307,-0.4723116659722093,0.1764537135275995,-0.31460611479624356,-2.549892086941023,-2.9492684796930266,-2.488355889717451,2.8691050197889365,0.2809105006061991,3.7911954264445815,-2.0891308980032437,-4.252637973036444,1.157646368307137,1.296041088553767,-0.36156151395907343,-2.220130181926588,-0.4245249578087095,4.220229759428802,3.081285867560897,-3.6393347205231104,2.782125398502711,1.0257922065244556,0.17245702507263055,1.2875605722370442,0.884787777062811,-0.8314381865091401,2.757571126291443,0.4198825202948371,-1.3139269711930883,-3.621759080274549,0.5938764298207667,-4.039873346260416,-2.400656962935968,2.2512995762124826,5.456520639918304,0.6870751191659101,-2.953914458678719
0.7528738110949013,-3.8841619543468244,1.2645272543042476,-1.7231771670860658,0.6455044207470801,4.89084744689198,-5.332193829306399,2.655613015433746,0.5707606237526281,-0.4167499168417062,-0.29372959570719404,3.136867413512297,3.4708278386718523,3.2393974796311973,-3.4095002581433054,-0.30532284470876786,-5.228132875451219,2.247779370464089,6.211569002301923,-1.6188571832207712,-2.1683981891829847,0.890968547960313,3.038335937957991,0.22521300548865944,-5.437685689475144,-3.6393347205231104,5.364552969918691,-2.721080867131927,-1.3486883911085576,-0.3705781812316865,-2.027267437344733,-1.73467721650667,0.7445351650550482,-4.474853719352063,-0.5246231888846741,1.8654189183429029,3.9736586094748203,0.17868511221374772,4.979485429650857,3.306242767086995,-2.550272585776737,-7.121529929987389,-0.47763115084767116,4.04542879262989
-0.1832734534274992,2.5613060790746394,-0.5639501427253423,1.6617883980117387,-0.5501889437512879,-3.1548953277342595,3.7441523655077646,-0.8911428291556,-0.06060770884437319,-0.6283654439827064,0.05748580924653103,-1.725831010532353,-4.151230417212828,-2.04311749037965,4.06751508111064,0.5927378288783819,3.7782367915286996,-2.3238542076290902,-3.285933867654961,1.0478509559809484,1.6395686803052505,-0.4583889579299501,-2.4390412778370822,-0.5133670267762037,4.322658610935828,2.782125398502711,-2.721080867131927,6.100258172846539,1.0188755340190678,0.6328208939998674,1.2296473587714678,1.1252933324655001,-1.965441436307238,1.321469929474251,0.9164937752672897,-1.8338647436993765,-5.802026892120857,1.345136240752822,-4.657987391338229,-2.5144266800920416,2.757873520094496,4.721416458570226,1.4012166108753217,-3.195405733987523
0.11306833885307813,0.9233799014183638,-0.439255392028246,0.8414860735734164,-0.557855935518242,-1.3146815349593661,1.3374476928730317,-0.6539358194932942,0.19094177369828913,0.3112199961750287,0.0756551597319047,-0.8979136905811139,-1.244294778964145,-1.2910047952747221,0.7721632713430289,0.22113157885134943,1.20266329430758,-0.6273728458850044,-1.8955422289679897,0.688098762332902,0.5585853349939697,-0.077747949770184,-1.1943711022424461,0.3038037960269512,1.8311782818900555,1.0257922065244556,-1.3486883911085576,1.0188755340190678,0.9173037445944804,0.23256227565732784,0.4443712192008411,0.1252104485190593,-0.5763915698382529,1.5563812257817748,-0.24295665614618095,-0.30474618369740203,-1.1594767251908151,-0.07342768351238865,-1.4655235008299607,-0.746827454474167,0.4367932460893862,2.1748764498046977,0.7646705473287622,-0.5690056756976024
0.008799046363992145,0.43685246254066945,-0.04050158535404,0.03199094747095878,-0.19388343490720922,-0.37331392589719264,0.4028059903250865,-0.10756803928145853,0.17526302133920954,-0.06373625196063584,0.25717301306360935,-0.02801523193529154,-0.4727491764628092,-0.249609792529804,0.38216435262381565,0.10030775696659519,0.49385769379222966,-0.06594903828655493,-0.6204059031424922,0.1898444012062987,0.44209781627383066,-0.269342565846196,-0.4264069829303469,0.21368853985938163,0.5523425711708978,0.17245702507263055,-0.3705781812316865,0.6328208939998674,0.23256227565732784,0.29104063822762066,0.2470228225531119,0.3579893932539377,-0.2801953877263025,0.5102948466071882,0.08128112253050812,-0.29930343094484785,-0.510820685009951,-0.1843842517397923,-0.45663839470217055,-0.3763784475509051,0.07317732802839215,0.524229999115222,0.2408929983297267,-0.2622154409000829
-0.31808808353378454,1.5834553416916313,-0.414640162303388,0.5045114671483092,-0.21847048463651308,-1.85275002077033,2.0255869587947752,-0.9655361394914433,-0.1804457512105573,0.03633256093123974,0.28229964799344304,-1.0232795107234023,-1.3556050986308807,-1.110650634908854,1.3780238477861688,0.13803934694066097,2.070769446846237,-0.7891704165346385,-2.349246500035409,0.5868910592704577,1.0196629487862465,-0.4872054849141702,-1.1618758930436484,-0.06938897681362843,2.0459467855613203,1.2875605722370442,-2.027267437344733,1.2296473587714678,0.4443712192008411,0.2470228225531119,0.8720715020120585,0.8662389851232608,-0.3150649940940519,1.6829964358286393,0.3144386817853721,-0.8364353134992709,-1.6199469493710654,-0.16714594257757107,-1.866523436243418,-1.3385349251861003,0.9775752655991722,2.5927598922023787,0.1312959721887048,-1.6522031809636175
-0.4202940517508894,1.5461982656632667,-0.2226073701566619,0.007421935824316573,-0.10908982935273714,-1.5536539586491063,1.7511472098311707,-0.7535750160875269,-0.15956359747034815,-0.1616265719449622,0.48278564051431716,-0.6250562200304424,-1.0842387251419017,-0.6086799009576862,1.3471253766310163,0.07483978289006615,1.978266746547386,-0.5061593067852836,-2.0054160560002363,0.3899873423100585,1.1213701346904053,-0.7477033090743749,-0.8802602919467649,-0.03388657830728227,1.541986339956218,0.884787777062811,-1.73467721650667,1.1252933324655001,0.1252104485190593,0.3579893932539377,0.8662389851232608,1.21590910354986,-0.1826652742934961,1.3557900521127493,0.5631937773580905,-1.0115510647855595,-1.4153280345200185,-0.3627239805527956,-1.5353909222595368,-1.3502068525875823,0.8077729891111296,1.9336481789693727,-0.17365696250034826,-1.6585860350383728
-0.11271623941803068,-0.6993613151289001,0.2079238713797878,-0.6514588069512506,0.35832293657039666,0.9064293699677536,-1.0447861418563735,0.21316948254249526,-0.17045514646614898,0.09957841497301569,-0.0356494515151365,0.5055761480599861,1.391196118192972,0.8060182066840561,-1.1292834455385732,-0.25223278958730044,-1.0097769753085486,0.666975086106052,1.0933962246156945,-0.4354283372553528,-0.5048025675644728,0.07391347406497237,0.9182184053460415,-0.05293278614702527,-1.4679979937898775,-0.8314381865091401,0.7445351650550482,-1.965441436307238,-0.5763915698382529,-0.2801953877263025,-0.3150649940940519,-0.1826652742934961,0.7980913504064253,-0.5806814196404663,-0.08864301150621312,0.4613103637317542,1.7648038149706442,-0.36748009995721403,1.4214622770436256,0.6841847698582694,-0.6762889263249526,-1.511568327072518,-0.7478632609143184,0.6672285112754514
-0.418665344793834,3.1565628809264603,-1.133505719184229,1.3813545893448933,-0.8926401898765711,-3.9360572990822726,4.137779983116152,-2.2876629010274243,-0.11074618581063314,0.7112885149474756,0.4743350626846279,-2.4842892388818063,-2.596741281422901,-2.9528871408256547,2.1295612504442776,0.3002837390307695,4.029026192621968,-1.434748744299411,-5.586648378970416,1.5529234914330818,1.9261585859397419,-0.8374667060495518,-2.7483053800476935,0.43267608800622104,4.549187923173438,2.757571126291443,-4.474853719352063,1.321469929474251,1.5563812257817748,0.5102948466071882,1.6829964358286393,1.3557900521127493,-0.5806814196404663,4.6075829355335465,-0.013478419572056293,-1.3232207636006381,-2.3658609763370197,-0.8121599645103375,-3.692522435269735,-2.564508967361924,1.3974544709899313,5.902870705219307,0.6746128905965072,-2.6171756598101514
-0.2655831863158825,0.5844317020617494,-1.753858987351097e-4,-0.0748403252716249,0.15202708033809312,-0.5370527374683435,0.7383836161738513,-0.1605146346396786,-0.21757707080729477,-0.30914823682207443,0.04801755878357386,-0.20548159578763725,-0.5282637578589865,0.02776216939646237,0.8779017456530516,0.0017041412964013047,0.8799078224060102,-0.3722482170766525,-0.4490744523819126,-0.0058616660978463965,0.39925273198917444,-0.3064918810905057,-0.14373852298386083,-0.3064603212696084,0.4782054553120828,0.4198825202948371,-0.5246231888846741,0.9164937752672897,-0.24295665614618095,0.08128112253050812,0.3144386817853721,0.5631937773580905,-0.08864301150621312,-0.013478419572056293,0.5150262479415234,-0.5732333956684245,-0.9980692465641255,0.1995639386353985,-0.7316812103769063,-0.6251039133168567,0.6324579412466659,0.5958373349520597,-0.23764855877087998,-0.9534035651225967
0.3395489639783497,-1.614964620006595,0.3361173307426764,-0.4062866153663268,0.22470605796931636,1.7832537451728017,-2.0896993186945645,0.7669967124868601,0.17609461742329333,0.1456626309704708,-0.209420032408212,0.9481476446663938,1.6122605474315932,0.8867479528381852,-1.7896955453890215,-0.1541437190658589,-2.2301360563289157,0.9131922732665707,2.1831232110615724,-0.5194834806193096,-1.0806514005353132,0.59910437470022615,1.079616582554287,0.1476904666333157,-2.018439097153869,-1.3139269711930883,1.8654189183429029,-1.8338647436993765,-0.30474618369740203,-0.29930343094484785,-0.8364353134992709,-1.0115510647855595,0.4613103637317542,-1.3232207636006381,-0.5732333956684245,1.1450667667162981,2.116460999247499,-0.06469096728881306,2.0796124978965533,1.5051436116761738,-1.1619253580629763,-2.459373929608298,-0.1032252029003074,1.7990362680197554
0.4436314612701904,-3.3007032117616735,0.8999359412279961,-1.9664308465072617,0.5616926116166019,4.186286411306486,-4.887546217935725,1.6185074755030808,0.37451688429349983,0.4138022195054275,0.08819968989495602,2.5986597083318586,4.508452753289797,2.6820849542890888,-4.5141469599392865,-0.5406659903134169,-4.852921289753087,2.7895245745507458,4.655453778562111,-1.3280544547538484,-1.9313552704685415,0.6014542090487981,2.856238919638478,0.6771231201698873,-5.300540400239444,-3.621759080274549,3.9736586094748203,-5.802026892120857,-1.1594767251908151,-0.510820685009951,-1.6199469493710654,-1.4153280345200185,1.7648038149706442,-2.3658609763370197,-0.9980692465641255,2.116460999247499,6.123038713016338,-1.2398039932651832,5.496331918147145,3.171021042553541,-3.2520671457168917,-6.271237416472217,-1.1923495991102104,4.039449035022012
0.01869601740045561,-0.1391569062519134,-0.04011400260774154,0.5230797363771096,0.15337173040339036,-0.10025490333512116,0.3105145927910901,0.1473665707272479,-0.20192723585959224,-0.2437589642734653,-0.5915995641285281,-0.3663428672459769,-0.6516826223675574,-0.118189927995255,0.7625939849849606,0.06192967831572567,0.18032169750227445,-0.683727873527771,0.3646645569748637,-0.055184540300979315,-0.3216620446139083,0.3585149162209554,-0.005695145672498145,-0.5138464442351818,0.3597648806002792,0.5938764298207667,0.17868511221374772,1.345136240752822,-0.07342768351238865,-0.1843842517397923,-0.16714594257757107,-0.3627239805527956,-0.36748009995721403,-0.8121599645103375,0.1995639386353985,-0.06469096728881306,-1.2398039932651832,1.0280133072172073,-0.7230886822235003,-0.09302366945287954,0.7505995075188328,0.3991979018040852,0.2794933037305476,-0.37666029554897157
0.5976683596682718,-3.7844301322766123,1.222255911377413,-2.1560528896713484,0.7262587820978491,4.89971886194461,-5.531473923530627,2.2964950671714677,0.4688495225168842,-0.08122138429610874,0.07718795312960627,3.2402527794794898,4.391462396188722,3.316967717260076,-4.312444697403233,-0.46697901803264347,-5.404228521066212,2.824320496900173,5.882947894850688,-1.6347242394624915,-2.0449640108080436,0.7005074921072294,3.2288479405309083,0.44086566433690283,-5.8787888716170045,-4.039873346260416,4.979485429650857,-4.657987391338229,-1.4655235008299607,-0.45663839470217055,-1.866523436243418,-1.5353909222595368,1.4214622770436256,-3.692522435269735,-0.7316812103769063,2.0796124978965533,5.496331918147145,-0.7230886822235003,5.7941983959649255,3.4610882756241357,-3.1203586081103634,-7.361573355414724,-1.0627478490190414,4.23064542620212
0.5090849770918713,-2.586638039558091,0.7201679565421494,-0.9967010130820683,0.3939052767243255,3.120143330832166,-3.5358636357101205,1.5227574318584423,0.3314884245096405,0.004286836610325252,-0.1650442494812486,1.9053733930460905,2.5495267859247206,1.8895449626389014,-2.6434447326886357,-0.23675938782574674,-3.5893227246132318,1.5765984176430414,3.901737826175501,-0.9764770768340212,-1.559846055370767,0.7412843793447688,1.9464569192857484,0.2162498057280831,-3.5753072475183045,-2.400656962935968,3.306242767086995,-2.5144266800920416,-0.746827454474167,-0.3763784475509051,-1.3385349251861003,-1.3502068525875823,0.6841847698582694,-2.564508967361924,-0.6251039133168567,1.5051436116761738,3.171021042553541,-0.09302366945287954,3.4610882756241357,2.3547300272731997,-1.8535499770104655,-4.529741358238117,-0.34902210974808157,2.8243377889726964
-0.4443808068012127,1.9483700792109995,-0.5827983691198886,1.1085407838976191,-0.08762847062809592,-2.554749909260375,2.9846517566277924,-1.156626637904995,-0.5152142359462973,-0.16968513505581825,-0.207236327700566,-1.7370855546943658,-2.335479237163554,-1.5375267860898205,2.5255069254210722,0.20872666203546253,2.91505298115251,-1.6743344492913932,-2.744759559749537,0.6844127206575202,0.9858848510063503,-0.28494606150117663,-1.4695282629252668,-0.6478683274312621,2.9801236013217474,2.2512995762124826,-2.550272585776737,2.757873520094496,0.4367932460893862,0.07317732802839215,0.9775752655991722,0.8077729891111296,-0.6762889263249526,1.3974544709899313,0.6324579412466659,-1.1619253580629763,-3.2520671457168917,0.7505995075188328,-3.1203586081103634,-1.8535499770104655,2.0468901435131515,3.7761544002667486,0.31510863986908616,-2.599301651360666
-0.8015045824166107,5.116210408038607,-1.8322382527844014,2.925623173933756,-1.0359659044931029,-6.721101576428557,7.440444430524019,-3.5001061779995526,-0.6596413012620166,0.5201894206495298,-0.0674313303651164,-4.597535506097878,-5.374747652223438,-4.806043963729983,5.035371082559492,0.5492736056933345,7.143393051648864,-3.530584357136675,-8.483570156680623,2.3368726618677345,2.751868170376762,-0.9159527409985306,-4.420257104265505,-0.3645932152082737,7.973795117289818,5.456520639918304,-7.121529929987389,4.721416458570226,2.1748764498046977,0.524229999115222,2.5927598922023787,1.9336481789693727,-1.511568327072518,5.902870705219307,0.5958373349520597,-2.459373929608298,-6.271237416472217,0.3991979018040852,-7.361573355414724,-4.529741358238117,3.7761544002667486,10.251435107849519,1.3133329052354248,-5.368657871243154
0.27035700977363264,0.3644759505699211,-0.24534946688277884,0.7621516722200334,-0.4589014635395509,-0.6382653380533223,0.6762331274189357,-0.1673059993054325,0.2984973294074647,0.09927751521860477,-0.075158733322234,-0.47827418384884135,-1.1135969204774019,-0.9032806231670097,0.6233972244611926,0.2473458278389318,0.5351221880579005,-0.501447933952959,-0.9227214648309935,0.45953827879084064,0.24860591430289497,0.11719870740444248,-0.8793188055285929,0.2380749407729769,1.2810826836494442,0.6870751191659101,-0.47763115084767116,1.4012166108753217,0.7646705473287622,0.2408929983297267,0.1312959721887048,-0.17365696250034826,-0.7478632609143184,0.6746128905965072,-0.23764855877087998,-0.1032252029003074,-1.1923495991102104,0.2794933037305476,-1.0627478490190414,-0.34902210974808157,0.31510863986908616,1.3133329052354248,0.9454842543812401,-0.10087681129262989
0.8012346735511682,-3.150499526703971,0.82070629479751,-1.1893894900827355,0.1548654501026378,3.8374689843934497,-4.35733737836767,1.8922858108009282,0.6978903369272014,0.16219304514290586,-0.1573865521238188,2.3356123831663074,2.987296800232846,2.1126617822005698,-3.378082326101897,-0.2188057160384362,-4.404873097282553,2.0492081859296576,4.384046252295055,-1.0171228222063398,-1.7594010658000605,0.7885319152964066,2.1449904929987076,0.679622036923759,-4.137771518549028,-2.953914458678719,4.04542879262989,-3.195405733987523,-0.5690056756976024,-0.2622154409000829,-1.6522031809636175,-1.6585860350383728,0.6672285112754514,-2.6171756598101514,-0.9534035651225967,1.7990362680197554,4.039449035022012,-0.37666029554897157,4.23064542620212,2.8243377889726964,-2.599301651360666,-5.368657871243154,-0.10087681129262989,3.8733761607644013
