V1,V2,V3,V4,V5,V6,V7,V8,V9,V10,V11,V12,V13,V14,V15,V16,V17,V18,V19,V20,V21,V22,V23,V24,V25,V26,V27,V28,V29,V30,V31,V32,V33,V34,V35,V36,V37,V38,V39,V40,V41,V42,V43,V44
1.2324830227515053,0.22923479886229234,-0.4002872048549988,0.3817864689597993,0.39507920935334534,0.12621535118437735,-0.2152356606455764,-0.5259618697619061,0.4316719357372594,0.4567522061380691,-0.32282850026098814,0.3011340250396225,-0.3069998101950336,0.5476971907105682,0.5576745868050799,0.12517847591132078,0.15048285060624586,0.292421729379928,-0.016189338764512257,0.8334873865214252,0.2730943078713295,0.04270049893984933,-0.26461791689315156,-0.27326582804058436,0.011379731172134252,0.04343491550640529,0.35733113419865115,0.5061456481522514,0.13671331408573845,-0.0087832793126954075,-0.3044878436118727,-0.9154224504256966,-0.3861811778788551,-0.15726934998319644,-0.3162768438785239,-0.5473213503740825,-0.5006252451860532,-1.042656997345998,-0.39443161407542365,-0.9845993651442932,0.11750291190413763,0.40719582845507113,0.14711520157901897,-0.16809395143714848
0.22923479886229234,0.8110184664168602,-0.5230183594540331,-0.1865250514619076,0.6085463120472084,-0.12430325369284653,-0.15297662149167396,-0.39569841710405634,-0.16618448701000865,-0.3161629593076047,0.06233714601920976,0.23910070783763496,0.1521092747613196,-0.3081323791054885,0.031681000359951514,0.5826316784332195,0.05034351265873861,-0.30128438842478616,0.3901038877117353,0.23480463501796128,0.014262385006687348,-0.2951653763598488,-0.05471870259600403,-0.08953361373818854,-0.06165788723811112,-0.3963953343346685,0.22066393705269088,-0.3283037398465481,-0.5504274287086548,0.06087393922602267,0.5536430959047045,-0.8761560187399208,-0.7628338296530474,-0.10896383821373883,0.5638347082641479,-0.3684792252000469,-0.38978489654380555,-1.0821522329563427,-0.39502126702325124,-0.5264605034334948,-0.6282419486540306,0.059075837212968454,-0.04107706356234479,-0.24072364213621567
-0.4002872048549988,-0.5230183594540331,0.76042440922539,0.11670337857134276,-0.5013679110580593,-0.07627090534676088,0.32645620806103276,0.3129514261836615,0.11087305854653765,0.424378898781768,-0.12022376673232156,-0.1567925822796862,0.17107150640447394,0.14703519669903461,-0.18017735269289464,-0.6841893699884846,-0.14541190604107998,0.03419768781544315,-0.32676441277623874,-0.4744591129255771,0.43014284786940027,0.20055119957294243,0.2410034714663467,0.25155726288993524,0.13878576413697452,0.4488750512613814,0.05564356100962894,0.23842477214704583,0.6455430553923903,0.0574836934932302,-0.2837017580716361,0.9607493967347924,0.5926863819702441,0.19602315854419333,-0.4375301468444639,0.6698673678464849,0.1938537863193171,0.969212185038628,0.5762134090500775,0.3810163897181519,0.5777151092952103,-0.21136623767805435,-0.1984221672739103,0.11237143430325522
0.3817864689597993,-0.1865250514619076,0.11670337857134276,0.3830680922649303,-0.08362589940377166,0.1516650343365275,0.15052988411035165,-0.08480987630419595,0.16298008963011318,0.5393529304682924,-0.11819044789257731,0.04233798239699558,-0.08869294370911719,0.40391784782590934,0.20898179480951418,-0.36027778968172725,0.09504887024562807,0.09421909283407351,-0.19055371993646478,0.18157329035557976,0.2749242335912919,0.11861510621868247,0.0173440733019156,-0.045097650258058536,0.13584509583221419,0.3717919560381903,0.0767595313658296,0.5305317552817945,0.34917868025200527,0.017888930123974498,-0.49790126823545106,0.08592142271936587,0.2574856555317962,0.08551228104744525,-0.4520177202418438,0.24978947973125987,-0.00817607123595584,0.18927669053895166,-0.05128763454371671,-0.2176900209746582,0.3455571424976314,0.18566050297287082,-0.031281515181808994,0.03007690103306626
0.39507920935334534,0.6085463120472084,-0.5013679110580593,-0.08362589940377166,1.0696442784346871,-0.4392937748653395,0.057084786814650096,-0.42278184228968807,0.34585193851230417,-0.5317174938948799,-0.14568870961581462,0.21170115467883566,-0.07660139741369126,0.6183239502472574,0.01261055613550424,0.5282284466453528,-0.34318307975208395,0.35166619589922654,0.30275143543880906,0.4426250189602783,-0.37267977153096515,-0.32953840871721884,-0.3627789242360117,-0.03642964295639422,-0.04242853335747624,-0.7114274424875785,0.1975820018442125,-0.3850300133944076,-0.2975670948701118,0.19137752486982418,0.6359038162931838,-1.0714534096142716,-1.24338575803563,-0.4680417694664756,0.3199134905883826,-0.7732614029385877,-0.8871713055952313,-1.1858437281437524,0.12430740771225,-0.3830648922518501,-0.4359029819807576,-0.39673438368415725,0.1418622113610652,-0.37665925252456095
0.12621535118437735,-0.12430325369284653,-0.07627090534676088,0.1516650343365275,-0.4392937748653395,0.49248210137802306,-0.19511046976939406,0.10393330684292224,-0.316690348466433,0.3172822708846617,0.17450995489487794,0.024869331397123464,-0.0840320521506419,-0.47172509713748567,0.19083141224843853,-0.07162393453554045,0.3931585096395483,-0.3625584297019799,-0.1361833324547513,-0.08531867307232074,0.13260102669863702,0.08937669138798354,0.23082272256231248,-0.11376342450238228,0.0077834469858324385,0.3997422983471322,-0.18686000673193565,0.33824320367233357,-0.08412264306227521,-0.14007346885871116,-0.3820197545986167,0.2161112131564017,0.6514882664814179,0.20227930177196807,-0.08446516027571957,0.2745276817280694,0.4902813760372861,0.32259266775353357,-0.577347970889628,0.010230282843009602,0.009726193066436486,0.5700558006489312,0.00997509747391665,0.2158368745301568
-0.2152356606455764,-0.15297662149167396,0.32645620806103276,0.15052988411035165,0.057084786814650096,-0.19511046976939406,0.588290398633158,0.051235729203289115,-0.029955401566988723,0.18287358880504792,-0.10103997649043585,0.04134159275816183,0.3332878588079822,0.44438232905930264,-0.2087469003838259,-0.41711467611464215,-0.1109054343038724,0.04222503609588539,-0.09953283251227589,-0.17471723282431956,0.35878605201872,0.08113296178324089,0.1221207401616873,0.11304155426431602,0.12578785683817775,0.170583124568046,0.05519031599577105,0.10804795443604076,0.36912402403257627,0.16280753052318275,-0.08957360366010388,0.4116503218553486,0.07648510473402567,-0.035150656837582714,-0.25442103382219167,0.4203132038065701,-0.19598307580790703,0.4545364827476851,0.44822834751936064,0.2209329390788824,0.2897578297547641,-0.3161822325095624,-0.17687644929702476,0.014819789289132182
-0.5259618697619061,-0.39569841710405634,0.3129514261836615,-0.08480987630419595,-0.42278184228968807,0.10393330684292224,0.051235729203289115,0.4756501569222141,-0.13925491956669367,-0.1331525776556029,0.11483159537695867,-0.18597802234031324,-0.01122707263056843,-0.2288591289864563,-0.2358329520112477,-0.1988366546686915,-0.07552115211167335,-0.05349681264470993,-0.22532643716667647,-0.552517332213171,-0.15019395733658686,0.011556859943773807,0.1502667817133933,0.22571595694462263,0.0293282985769465,0.164243040178003,-0.3172299825526468,-0.10579838807759809,0.13052893780337133,-0.04081057685077595,-0.06602760169309166,0.7265881398171808,0.5353104321614229,-0.01647570372876809,-0.05653231137229625,0.24875320215357824,0.29324997523605967,0.8487965981661882,0.20324921770258844,0.6505906241828678,0.1686838079752658,-0.13902256646278865,0.07294813302170641,0.20831070853870706
0.4316719357372594,-0.16618448701000865,0.11087305854653765,0.16298008963011318,0.34585193851230417,-0.316690348466433,-0.029955401566988723,-0.13925491956669367,0.8524683453753739,0.051876968786407275,-0.30937556693858326,-0.10056648215687576,-0.5168583498173202,0.9676127492623067,0.13271554337674638,-0.13368853724848886,-0.4842659207397265,0.7690719779462937,-0.14079011724444726,0.410709962351269,-0.3541207784678073,-0.10393817096394689,-0.4387108471002785,0.05788706420221954,0.0346732337825893,-0.20030837090949247,0.1701065818706931,0.09946311081140997,0.4004356034141008,0.020628926076425805,-0.09317283315118752,-0.4028951871312308,-0.5310829087447254,-0.22546897544662783,-0.40348733995064867,-0.47043973551666607,-0.5236102897453779,-0.30734279042245,0.5672834616075944,-0.2314308732799848,0.30714004918310034,-0.4354566753708391,0.21855853971706998,-0.24614177485213418
0.4567522061380691,-0.3161629593076047,0.424378898781768,0.5393529304682924,-0.5317174938948799,0.3172822708846617,0.18287358880504792,-0.1331525776556029,0.051876968786407275,1.3394706182289429,-0.11589329847452717,0.0528226737728497,0.1683595466189289,0.11076403231706324,0.32180360199824515,-0.7830429341240787,0.3894836129113641,-0.2937247878057533,-0.32897347458870435,0.16501670301609675,0.8906511352048566,0.3757150685954003,0.35307203859564373,-0.11712358175230742,0.24728549868417635,0.895543438662141,0.2313623167792447,1.0155780010621334,0.6250308856621906,-0.09212064499694357,-0.885949775901164,0.4424852143735476,0.7920081546535371,0.5156994903430742,-0.6825949841288513,0.9729170602783513,0.3446064639761276,0.5016233675133628,-0.23383357167033889,-0.4838344714920076,0.5747199819073379,0.5662182594188533,-0.3434190547617878,0.10377982815107968
-0.32282850026098814,0.06233714601920976,-0.12022376673232156,-0.11819044789257731,-0.14568870961581462,0.17450995489487794,-0.10103997649043585,0.11483159537695867,-0.30937556693858326,-0.11589329847452717,0.44115478916978446,-0.12916249459316315,-0.06539187190462237,-0.48533086095501354,-0.03452764096638496,0.19477582405187507,0.19587800730722604,-0.3079033379490547,0.101033949400808,-0.0012516073458862691,-0.4071206826891995,-0.12535069297881432,0.17295674586695564,-0.11206995481150395,-0.04212334854200487,-0.10158154234656575,-0.35623375422137254,-0.11374090617153677,-0.38939984771898417,-0.1977749257079461,0.0421506221492523,-0.05171078453742226,0.13577710013058375,0.18026191776198938,0.3122672263091757,0.20576204762378467,0.4564766516245845,0.18262663655521652,-0.37474942980867115,0.27131990151790597,-0.3671016845250623,0.14334196966487067,-0.045220685256389774,0.09690127437546638
0.3011340250396225,0.23910070783763496,-0.1567925822796862,0.04233798239699558,0.21170115467883566,0.024869331397123464,0.04134159275816183,-0.18597802234031324,-0.10056648215687576,0.0528226737728497,-0.12916249459316315,0.4849992905866138,0.17270081520572292,-0.040765098732913826,0.048351391815626955,0.17332059034928152,0.05174004016486118,-0.2404410121422285,-0.05175067522118026,-0.068958603548699135,0.45853294171807335,0.038497268627232684,0.19610822424681376,-0.025629657002035396,-0.0918230220660318,0.0546157187534697,0.24102064000980825,0.023195105925205094,0.051108852718322065,0.17079735784365824,0.31348729179949264,-0.13558914897380622,-0.1446847532643797,-0.14518804148269596,0.005014999815741328,-0.10384431987926938,-0.43114667740528634,-0.28486919363801677,-0.15057699202651564,-0.22462015890121098,-0.024812980783367695,0.26611599314979767,-0.018089510002832022,-0.027790479549420117
-0.3069998101950336,0.1521092747613196,0.17107150640447394,-0.08869294370911719,-0.07660139741369126,-0.0840320521506419,0.3332878588079822,-0.01122707263056843,-0.5168583498173202,0.1683595466189289,-0.06539187190462237,0.17270081520572292,0.8588082087361755,-0.43391241277493986,-0.19172232906574144,-0.12978770023289837,0.2332032484022476,-0.500061740794692,0.14325790715555034,-0.3419767921386382,0.815837639343984,0.2568052009755043,0.33577329264624517,0.08094256215667332,0.07686451983381583,0.16492729275828122,0.2391738297746926,-0.007651869786339316,0.04741097326770732,0.18180382278021798,0.16628133331743697,0.49188667218585314,0.19247064874611533,0.15452504355898505,0.16262531415463966,0.504223432599462,0.02609728163950129,0.13088649533943097,-0.006476679890327303,-0.0339733578059614,0.005494063138289964,0.09388466695163974,-0.36418261809515673,0.06819396402201491
0.5476971907105682,-0.3081323791054885,0.14703519669903461,0.40391784782590934,0.6183239502472574,-0.47172509713748567,0.44438232905930264,-0.2288591289864563,0.9676127492623067,0.11076403231706324,-0.48533086095501354,-0.040765098732913826,-0.43391241277493986,1.8093768964997043,0.07608891111223678,-0.4183963212576107,-0.6188152143013751,1.0842114131848641,-0.22692027407097712,0.48112841221521396,-0.265601691939552,-0.01597121122720543,-0.5411460401433785,0.02790109745039309,0.1516685069159021,-0.14082002810757377,0.20892641859312305,0.2637785421593932,0.651427022638209,0.18479971667857512,-0.29151081585045513,-0.31059458129899503,-0.5850520600724713,-0.37542321340811674,-0.6968752992006976,-0.3611328898801809,-0.7934802969002077,-0.10603795873853988,0.8817800448881477,-0.14533759286369075,0.6236314817335253,-0.6784821830906013,0.18148251881605826,-0.21414268533456765
0.5576745868050799,0.031681000359951514,-0.18017735269289464,0.20898179480951418,0.01261055613550424,0.19083141224843853,-0.2087469003838259,-0.2358329520112477,0.13271554337674638,0.32180360199824515,-0.03452764096638496,0.048351391815626955,-0.19172232906574144,0.07608891111223678,0.3742207892701279,0.04596826782918515,0.222836878732782,0.08606038226286246,0.030533929785367578,0.4977624636884184,0.05133655448744032,0.08424434554483766,-0.08950774786543465,-0.22585725732733491,-0.004896128681586314,0.06640355457490718,0.09981185111696812,0.34951518336450454,-0.002953717863322259,-0.09712805461625554,-0.3041033771201051,-0.3944716836174149,-0.02174329408898053,0.10034815688964209,-0.14632425876632385,-0.15630815641895165,0.07600797394807574,-0.4065530013161539,-0.3655357578877355,-0.4653659179815523,0.025683483270771582,0.3628698514215661,0.03737041541411958,-0.03202639286433567
0.12517847591132078,0.5826316784332195,-0.6841893699884846,-0.36027778968172725,0.5282284466453528,-0.07162393453554045,-0.41711467611464215,-0.1988366546686915,-0.13368853724848886,-0.7830429341240787,0.19477582405187507,0.17332059034928152,-0.12978770023289837,-0.4183963212576107,0.04596826782918515,0.9430402104219038,0.019201512435120378,-0.04542834856361131,0.4067027664932784,0.329028165525938,-0.5515174784911432,-0.277643969786738,-0.2138227981167266,-0.1295045266294806,-0.24264320024723723,-0.7297046692927031,-0.0654713003633965,-0.5968308706753203,-0.7343627660460886,-0.028277392914207642,0.6893424060505949,-0.9258977787600293,-0.798547190222693,-0.28404966450376695,0.6836377822800884,-0.8833172220762121,-0.2841093824696013,-1.0415396135173045,-0.42688303000158445,-0.19470089502603796,-0.7277265305448772,0.04681437616697439,0.2299515812072903,-0.14609220529340178
0.15048285060624586,0.05034351265873861,-0.14541190604107998,0.09504887024562807,-0.34318307975208395,0.3931585096395483,-0.1109054343038724,-0.07552115211167335,-0.4842659207397265,0.3894836129113641,0.19587800730722604,0.05174004016486118,0.2332032484022476,-0.6188152143013751,0.222836878732782,0.019201512435120378,0.587825981056798,-0.47551184101829597,0.10160009936568049,0.18460802442893248,0.36975689235965853,0.21072009072644482,0.24926728317781496,-0.22868101996406037,-2.761241141905028e-4,0.29193880315434306,-0.05461870930085557,0.32289105357850667,-0.20384624707271162,-0.12682752188614763,-0.33032913849489626,0.02296054280722924,0.4609777230429723,0.3078271469796809,0.08046106694614703,0.3245375162309612,0.5071291982540499,-0.02952811139231862,-0.690916267296402,-0.24938848038835607,-0.12396532843579337,0.6167208615740534,-0.17764419802393525,0.16224248879581496
0.292421729379928,-0.30128438842478616,0.03419768781544315,0.09421909283407351,0.35166619589922654,-0.3625584297019799,0.04222503609588539,-0.05349681264470993,0.7690719779462937,-0.2937247878057533,-0.3079033379490547,-0.2404410121422285,-0.500061740794692,1.0842114131848641,0.08606038226286246,-0.04542834856361131,-0.47551184101829597,1.0432338131292314,-0.015428246415011001,0.5248788853181242,-0.5918522729413985,-0.05028621289521776,-0.6438958989726214,0.008472254213826448,-0.011977491400042414,-0.40983394226958386,0.039713831144774454,-0.08485950366811254,0.2975136768704037,0.017925097268926618,-0.15317218415601158,-0.3644308092879652,-0.569450496795391,-0.3423906532705722,-0.34933060843599356,-0.7455060101674333,-0.43393250855999965,-0.27401009761247136,0.6921663691013309,-0.024141305259990996,0.3194527485425755,-0.6284784143840073,0.33666011967220805,-0.1801761808005876
-0.016189338764512257,0.3901038877117353,-0.32676441277623874,-0.19055371993646478,0.30275143543880906,-0.1361833324547513,-0.09953283251227589,-0.22532643716667647,-0.14079011724444726,-0.32897347458870435,0.101033949400808,-0.05175067522118026,0.14325790715555034,-0.22692027407097712,0.030533929785367578,0.4067027664932784,0.10160009936568049,-0.015428246415011001,0.43225641639294277,0.368461477642417,-0.1612949534115062,-0.06248011143364971,-0.19823483912974643,-0.12312980771527936,-0.0733693714153763,-0.4147114736192365,0.0827370133891605,-0.2795181602902144,-0.4337082382460059,-0.0012275617792302223,0.2371671003076748,-0.5388244420509628,-0.5248881263730254,0.02309614809241585,0.40269908313369285,-0.3300437862663943,-0.014492537705458337,-0.6839400148125859,-0.1865274454768229,-0.2788912593672562,-0.4179783560046828,-0.062199029938400936,-0.05369390120387949,-0.14125135097690125
0.8334873865214252,0.23480463501796128,-0.4744591129255771,0.18157329035557976,0.4426250189602783,-0.08531867307232074,-0.17471723282431956,-0.552517332213171,0.410709962351269,0.16501670301609675,-0.0012516073458862691,-0.068958603548699135,-0.3419767921386382,0.48112841221521396,0.4977624636884184,0.329028165525938,0.18460802442893248,0.5248788853181242,0.368461477642417,1.3663155440390873,-0.3553560377693368,-0.01724505044196276,-0.5151319264268344,-0.45529416443132487,-0.07062779637638893,-0.43658425018458213,0.12877126537415798,0.22282596254746104,-0.1946777611040347,-0.2100475148326828,-0.31225232762826205,-1.2575972556633854,-0.7827377160274092,0.006191486750415242,-0.050020368893742395,-0.6830869826584685,-0.1741837265565362,-1.1960646229854879,-0.2773597818936313,-0.8494697917822728,-0.2154643257965901,0.0495104124437517,0.11911841436142333,-0.2668397134991093
0.2730943078713295,0.014262385006687348,0.43014284786940027,0.2749242335912919,-0.37267977153096515,0.13260102669863702,0.35878605201872,-0.15019395733658686,-0.3541207784678073,0.8906511352048566,-0.4071206826891995,0.45853294171807335,0.815837639343984,-0.265601691939552,0.05133655448744032,-0.5515174784911432,0.36975689235965853,-0.5918522729413985,-0.1612949534115062,-0.3553560377693368,1.7284489597360317,0.48681023351482355,0.4825053792022104,0.1413184196169083,0.1381489200182355,0.8296715073373591,0.6500353512072967,0.5864718741078042,0.6227210972938196,0.3167629621628403,-0.26138185503291966,0.7235969121002793,0.630313927615924,0.2570156971597912,-0.4087835282420238,0.7437215130089071,-0.15863548124089719,0.22376092159997255,-0.06107339672424743,-0.5357856898632345,0.5509744113126686,0.5037404312101442,-0.47584507981280955,0.10391720599183973
0.04270049893984933,-0.2951653763598488,0.20055119957294243,0.11861510621868247,-0.32953840871721884,0.08937669138798354,0.08113296178324089,0.011556859943773807,-0.10393817096394689,0.3757150685954003,-0.12535069297881432,0.038497268627232684,0.2568052009755043,-0.01597121122720543,0.08424434554483766,-0.277643969786738,0.21072009072644482,-0.05028621289521776,-0.06248011143364971,-0.01724505044196276,0.48681023351482355,0.41672580737161086,0.11636620521289467,-0.043124942073830275,0.029676394589061635,0.312200213811629,0.15073623631548846,0.3123720881536032,0.27107570648659585,0.06719024864858722,-0.3086185853753522,0.4657977398795878,0.4332003635208331,0.2147641551017062,-0.2579548667536406,0.3180646377436737,0.22769064081603616,0.33590466425858273,-0.011344135962943676,-0.07800346708012687,0.3617376028779457,0.2671019493930734,-0.19235304732733904,0.14253913299393475
-0.26461791689315156,-0.05471870259600403,0.2410034714663467,0.0173440733019156,-0.3627789242360117,0.23082272256231248,0.1221207401616873,0.1502667817133933,-0.4387108471002785,0.35307203859564373,0.17295674586695564,0.19610822424681376,0.33577329264624517,-0.5411460401433785,-0.08950774786543465,-0.2138227981167266,0.24926728317781496,-0.6438958989726214,-0.19823483912974643,-0.5151319264268344,0.4825053792022104,0.11636620521289467,0.5961117340497506,0.016563279073153657,0.02839486496220384,0.41051577920459603,-0.062197977694482653,0.15715231779634653,0.07465548384360801,-0.005589421119493755,0.056962539569879615,0.5864907389583516,0.5964224432379158,0.23413409751052777,0.04216976224051426,0.7293276232747523,0.3063801407853205,0.588613962129475,-0.2571219217072459,0.24979935513230622,0.03322998430755425,0.3873753432778282,-0.2566446642775231,0.19546421833582386
-0.27326582804058436,-0.08953361373818854,0.25155726288993524,-0.045097650258058536,-0.03642964295639422,-0.11376342450238228,0.11304155426431602,0.22571595694462263,0.05788706420221954,-0.11712358175230742,-0.11206995481150395,-0.025629657002035396,0.08094256215667332,0.02790109745039309,-0.22585725732733491,-0.1295045266294806,-0.22868101996406037,0.008472254213826448,-0.12312980771527936,-0.45529416443132487,0.1413184196169083,-0.043124942073830275,0.016563279073153657,0.34394090747264794,0.07183174620485232,0.08937616121047422,0.029343793654132012,-0.10797539522832375,0.21514129107683125,0.1717566720221393,0.12559715609352165,0.40105622958753745,0.07364956911889789,-0.1337738172426008,-0.07527448660815711,0.06552040470899541,-0.20588754475874482,0.3256098327830662,0.33145195307135256,0.23584318304670374,0.15384066788177833,-0.25187664299510554,0.005477673378703281,-0.0041764978161354825
0.011379731172134252,-0.06165788723811112,0.13878576413697452,0.13584509583221419,-0.04242853335747624,0.0077834469858324385,0.12578785683817775,0.0293282985769465,0.0346732337825893,0.24728549868417635,-0.04212334854200487,-0.0918230220660318,0.07686451983381583,0.1516685069159021,-0.004896128681586314,-0.24264320024723723,-2.761241141905028e-4,-0.011977491400042414,-0.0733693714153763,-0.07062779637638893,0.1381489200182355,0.029676394589061635,0.02839486496220384,0.07183174620485232,0.15644593304084903,0.18841560219606862,0.01934717886252248,0.20383411853353423,0.14813591999431489,0.011408198662488664,-0.2295850903400844,0.17981736101032136,0.1634139893281291,0.07854831299586354,-0.13367229424085184,0.28498098823679785,0.04862821229365227,0.19345397150127022,0.04063212204607748,-0.03997589156384493,0.1582971836607275,-0.03122590267547559,-0.08653889232121371,0.025462629202910893
0.04343491550640529,-0.3963953343346685,0.4488750512613814,0.3717919560381903,-0.7114274424875785,0.3997422983471322,0.170583124568046,0.164243040178003,-0.20030837090949247,0.895543438662141,-0.10158154234656575,0.0546157187534697,0.16492729275828122,-0.14082002810757377,0.06640355457490718,-0.7297046692927031,0.29193880315434306,-0.40983394226958386,-0.4147114736192365,-0.43658425018458213,0.8296715073373591,0.312200213811629,0.41051577920459603,0.08937616121047422,0.18841560219606862,0.964926840574874,0.08015841373093992,0.7094209055414851,0.5277145675225496,0.021142413879294834,-0.6960388221835626,0.8878364881738527,1.082906797025977,0.36791336487985327,-0.5589226429877469,0.9350074041513635,0.41251380607743726,0.9485817122829381,-0.14506241362900843,-0.005959545074978814,0.5864245981973787,0.4791902114681398,-0.2404542663323524,0.25937251482340523
0.35733113419865115,0.22066393705269088,0.05564356100962894,0.0767595313658296,0.1975820018442125,-0.18686000673193565,0.05519031599577105,-0.3172299825526468,0.1701065818706931,0.2313623167792447,-0.35623375422137254,0.24102064000980825,0.2391738297746926,0.20892641859312305,0.09981185111696812,-0.0654713003633965,-0.05461870930085557,0.039713831144774454,0.0827370133891605,0.12877126537415798,0.6500353512072967,0.15073623631548846,-0.062197977694482653,0.029343793654132012,0.01934717886252248,0.08015841373093992,0.5533260830556617,0.12923967451724785,0.24796113524744604,0.20965210109603583,0.07786366819748833,-0.1311614251311943,-0.2769483737937353,0.027754897655252974,-0.1385843297690497,-0.07092140205177183,-0.4097409286435619,-0.4669449917988934,0.15783807493200838,-0.5707586567743629,0.19779399841421227,0.040229677755961694,-0.15556483725977363,-0.1562213467505287
0.5061456481522514,-0.3283037398465481,0.23842477214704583,0.5305317552817945,-0.3850300133944076,0.33824320367233357,0.10804795443604076,-0.10579838807759809,0.09946311081140997,1.0155780010621334,-0.11374090617153677,0.023195105925205094,-0.007651869786339316,0.2637785421593932,0.34951518336450454,-0.5968308706753203,0.32289105357850667,-0.08485950366811254,-0.2795181602902144,0.22282596254746104,0.5864718741078042,0.3123720881536032,0.15715231779634653,-0.10797539522832375,0.20383411853353423,0.7094209055414851,0.12923967451724785,0.9092712280715538,0.494064115040397,-0.043132334465864744,-0.8463920833075252,0.2927827117065877,0.6611214263609025,0.34468945389342454,-0.6460305148949536,0.6139208086404714,0.2791684997190789,0.3920646553626905,-0.2627044723035366,-0.38730695388344416,0.5092161291460049,0.508138684221737,-0.1798622794747884,0.11218115293786489
0.13671331408573845,-0.5504274287086548,0.6455430553923903,0.34917868025200527,-0.2975670948701118,-0.08412264306227521,0.36912402403257627,0.13052893780337133,0.4004356034141008,0.6250308856621906,-0.38939984771898417,0.051108852718322065,0.04741097326770732,0.651427022638209,-0.002953717863322259,-0.7343627660460886,-0.20384624707271162,0.2975136768704037,-0.4337082382460059,-0.1946777611040347,0.6227210972938196,0.27107570648659585,0.07465548384360801,0.21514129107683125,0.14813591999431489,0.5277145675225496,0.24796113524744604,0.494064115040397,0.904611691663598,0.15269226030669616,-0.4418775648087397,0.7187262304235005,0.4299728626185225,0.013743131184675008,-0.7720518987913759,0.39028283572187217,-0.23026961064022824,0.7014053626059267,0.6363311423802193,0.04388109684011746,0.8100403924824906,-0.14915467480089487,-0.06922663053327627,0.038834850858100185
-0.0087832793126954075,0.06087393922602267,0.0574836934932302,0.017888930123974498,0.19137752486982418,-0.14007346885871116,0.16280753052318275,-0.04081057685077595,0.020628926076425805,-0.09212064499694357,-0.1977749257079461,0.17079735784365824,0.18180382278021798,0.18479971667857512,-0.09712805461625554,-0.028277392914207642,-0.12682752188614763,0.017925097268926618,-0.0012275617792302223,-0.2100475148326828,0.3167629621628403,0.06719024864858722,-0.005589421119493755,0.1717566720221393,0.011408198662488664,0.021142413879294834,0.20965210109603583,-0.043132334465864744,0.15269226030669616,0.2748180863343884,0.19425475208364817,0.12612194671365048,-0.14368258966058903,-0.14186266153276547,-0.06982027869315062,-0.049807494398632766,-0.34289130907152426,-0.041776484081452896,0.20208438018376776,-0.02475003415735648,0.1107768791487079,-0.08541055475672543,-0.06538494629387742,-0.06035259688059813
-0.3044878436118727,0.5536430959047045,-0.2837017580716361,-0.49790126823545106,0.6359038162931838,-0.3820197545986167,-0.08957360366010388,-0.06602760169309166,-0.09317283315118752,-0.885949775901164,0.0421506221492523,0.31348729179949264,0.16628133331743697,-0.29151081585045513,-0.3041033771201051,0.6893424060505949,-0.33032913849489626,-0.15317218415601158,0.2371671003076748,-0.31225232762826205,-0.26138185503291966,-0.3086185853753522,0.056962539569879615,0.12559715609352165,-0.2295850903400844,-0.6960388221835626,0.07786366819748833,-0.8463920833075252,-0.4418775648087397,0.19425475208364817,1.1794937964983627,-0.43161269527089713,-0.8619389919442906,-0.3974588728013518,0.6856666978560407,-0.5603110172294159,-0.6095961411722449,-0.6611328729634857,0.1486331888903764,0.19121975533373556,-0.5910371078659283,-0.3084333300573736,0.06843670457133895,-0.20355769681510494
-0.9154224504256966,-0.8761560187399208,0.9607493967347924,0.08592142271936587,-1.0714534096142716,0.2161112131564017,0.4116503218553486,0.7265881398171808,-0.4028951871312308,0.4424852143735476,-0.05171078453742226,-0.13558914897380622,0.49188667218585314,-0.31059458129899503,-0.3944716836174149,-0.9258977787600293,0.02296054280722924,-0.3644308092879652,-0.5388244420509628,-1.2575972556633854,0.7235969121002793,0.4657977398795878,0.5864907389583516,0.40105622958753745,0.17981736101032136,0.8878364881738527,-0.1311614251311943,0.2927827117065877,0.7187262304235005,0.12612194671365048,-0.43161269527089713,2.012112403612416,1.501211097920864,0.3429901727670968,-0.4934669681447863,1.216564136003683,0.6676556783694617,2.0207631433415965,0.48807802329802824,0.962768598598631,0.83116784544126,0.05382761500711856,-0.27673442733238485,0.483239984349276
-0.3861811778788551,-0.7628338296530474,0.5926863819702441,0.2574856555317962,-1.24338575803563,0.6514882664814179,0.07648510473402567,0.5353104321614229,-0.5310829087447254,0.7920081546535371,0.13577710013058375,-0.1446847532643797,0.19247064874611533,-0.5850520600724713,-0.02174329408898053,-0.798547190222693,0.4609777230429723,-0.569450496795391,-0.5248881263730254,-0.7827377160274092,0.630313927615924,0.4332003635208331,0.5964224432379158,0.07364956911889789,0.1634139893281291,1.082906797025977,-0.2769483737937353,0.6611214263609025,0.4299728626185225,-0.14368258966058903,-0.8619389919442906,1.501211097920864,1.7573736911152686,0.5227468161460134,-0.48312100417516973,1.1959726537883004,1.0459783286844193,1.6652496823515854,-0.2829386601002975,0.5412275862210313,0.6399302834885018,0.6335570960848569,-0.22465731555058574,0.5614797490583066
-0.15726934998319644,-0.10896383821373883,0.19602315854419333,0.08551228104744525,-0.4680417694664756,0.20227930177196807,-0.035150656837582714,-0.01647570372876809,-0.22546897544662783,0.5156994903430742,0.18026191776198938,-0.14518804148269596,0.15452504355898505,-0.37542321340811674,0.10034815688964209,-0.28404966450376695,0.3078271469796809,-0.3423906532705722,0.02309614809241585,0.006191486750415242,0.2570156971597912,0.2147641551017062,0.23413409751052777,-0.1337738172426008,0.07854831299586354,0.36791336487985327,0.027754897655252974,0.34468945389342454,0.013743131184675008,-0.14186266153276547,-0.3974588728013518,0.3429901727670968,0.5227468161460134,0.5369693355591255,-0.06444234724240264,0.6793403440182663,0.64452900658763,0.407141220847556,-0.26936563723679163,-0.09621859301902357,0.09216608656142912,0.3492168399969331,-0.30392486276714165,0.12562469165960682
-0.3162768438785239,0.5638347082641479,-0.4375301468444639,-0.4520177202418438,0.3199134905883826,-0.08446516027571957,-0.25442103382219167,-0.05653231137229625,-0.40348733995064867,-0.6825949841288513,0.3122672263091757,0.005014999815741328,0.16262531415463966,-0.6968752992006976,-0.14632425876632385,0.6836377822800884,0.08046106694614703,-0.34933060843599356,0.40269908313369285,-0.050020368893742395,-0.4087835282420238,-0.2579548667536406,0.04216976224051426,-0.07527448660815711,-0.13367229424085184,-0.5589226429877469,-0.1385843297690497,-0.6460305148949536,-0.7720518987913759,-0.06982027869315062,0.6856666978560407,-0.4934669681447863,-0.48312100417516973,-0.06444234724240264,0.8385070504547334,-0.29737260174680624,0.06330594350820745,-0.6221785585590834,-0.38736200927654785,0.05277034968792844,-0.7379036683130238,-0.02300786792350804,-0.017660665193972892,-0.05098552704213061
-0.5473213503740825,-0.3684792252000469,0.6698673678464849,0.24978947973125987,-0.7732614029385877,0.2745276817280694,0.4203132038065701,0.24875320215357824,-0.47043973551666607,0.9729170602783513,0.20576204762378467,-0.10384431987926938,0.504223432599462,-0.3611328898801809,-0.15630815641895165,-0.8833172220762121,0.3245375162309612,-0.7455060101674333,-0.3300437862663943,-0.6830869826584685,0.7437215130089071,0.3180646377436737,0.7293276232747523,0.06552040470899541,0.28498098823679785,0.9350074041513635,-0.07092140205177183,0.6139208086404714,0.39028283572187217,-0.049807494398632766,-0.5603110172294159,1.216564136003683,1.1959726537883004,0.6793403440182663,-0.29737260174680624,1.6399318922486255,0.7975805093674195,1.3921075395199118,-0.10338665711343548,0.33939610831036815,0.42580518685877466,0.3644615843076037,-0.5762663891228145,0.3163453038355672
-0.5006252451860532,-0.38978489654380555,0.1938537863193171,-0.00817607123595584,-0.8871713055952313,0.4902813760372861,-0.19598307580790703,0.29324997523605967,-0.5236102897453779,0.3446064639761276,0.4564766516245845,-0.43114667740528634,0.02609728163950129,-0.7934802969002077,0.07600797394807574,-0.2841093824696013,0.5071291982540499,-0.43393250855999965,-0.014492537705458337,-0.1741837265565362,-0.15863548124089719,0.22769064081603616,0.3063801407853205,-0.20588754475874482,0.04862821229365227,0.41251380607743726,-0.4097409286435619,0.2791684997190789,-0.23026961064022824,-0.34289130907152426,-0.6095961411722449,0.6676556783694617,1.0459783286844193,0.64452900658763,0.06330594350820745,0.7975805093674195,1.3012455245251922,0.8947087155412092,-0.5183747395371364,0.38182424163762874,-0.006871416288614422,0.48857642862357803,-0.21301114115298617,0.3523285103328128
-1.042656997345998,-1.0821522329563427,0.969212185038628,0.18927669053895166,-1.1858437281437524,0.32259266775353357,0.4545364827476851,0.8487965981661882,-0.30734279042245,0.5016233675133628,0.18262663655521652,-0.28486919363801677,0.13088649533943097,-0.10603795873853988,-0.4065530013161539,-1.0415396135173045,-0.02952811139231862,-0.27401009761247136,-0.6839400148125859,-1.1960646229854879,0.22376092159997255,0.33590466425858273,0.588613962129475,0.3256098327830662,0.19345397150127022,0.9485817122829381,-0.4669449917988934,0.3920646553626905,0.7014053626059267,-0.041776484081452896,-0.6611328729634857,2.0207631433415965,1.6652496823515854,0.407141220847556,-0.6221785585590834,1.3921075395199118,0.8947087155412092,2.460313264319629,0.48324391538641764,1.274050226385227,0.8370183762307002,-0.009958980105597908,-0.18100404409134704,0.5519496119527535
-0.39443161407542365,-0.39502126702325124,0.5762134090500775,-0.05128763454371671,0.12430740771225,-0.577347970889628,0.44822834751936064,0.20324921770258844,0.5672834616075944,-0.23383357167033889,-0.37474942980867115,-0.15057699202651564,-0.006476679890327303,0.8817800448881477,-0.3655357578877355,-0.42688303000158445,-0.690916267296402,0.6921663691013309,-0.1865274454768229,-0.2773597818936313,-0.06107339672424743,-0.011344135962943676,-0.2571219217072459,0.33145195307135256,0.04063212204607748,-0.14506241362900843,0.15783807493200838,-0.2627044723035366,0.6363311423802193,0.20208438018376776,0.1486331888903764,0.48807802329802824,-0.2829386601002975,-0.26936563723679163,-0.38736200927654785,-0.10338665711343548,-0.5183747395371364,0.48324391538641764,1.2442366843823,0.4407287390379675,0.5168161122918498,-0.9254147340061756,0.08776223946159666,-0.14189603035135678
-0.9845993651442932,-0.5264605034334948,0.3810163897181519,-0.2176900209746582,-0.3830648922518501,0.010230282843009602,0.2209329390788824,0.6505906241828678,-0.2314308732799848,-0.4838344714920076,0.27131990151790597,-0.22462015890121098,-0.0339733578059614,-0.14533759286369075,-0.4653659179815523,-0.19470089502603796,-0.24938848038835607,-0.024141305259990996,-0.2788912593672562,-0.8494697917822728,-0.5357856898632345,-0.07800346708012687,0.24979935513230622,0.23584318304670374,-0.03997589156384493,-0.005959545074978814,-0.5707586567743629,-0.38730695388344416,0.04388109684011746,-0.02475003415735648,0.19121975533373556,0.962768598598631,0.5412275862210313,-0.09621859301902357,0.05277034968792844,0.33939610831036815,0.38182424163762874,1.274050226385227,0.4407287390379675,1.2417603674121163,0.07750763006011241,-0.3711465774701065,0.11008453929151948,0.26262910178925586
0.11750291190413763,-0.6282419486540306,0.5777151092952103,0.3455571424976314,-0.4359029819807576,0.009726193066436486,0.2897578297547641,0.1686838079752658,0.30714004918310034,0.5747199819073379,-0.3671016845250623,-0.024812980783367695,0.005494063138289964,0.6236314817335253,0.025683483270771582,-0.7277265305448772,-0.12396532843579337,0.3194527485425755,-0.4179783560046828,-0.2154643257965901,0.5509744113126686,0.3617376028779457,0.03322998430755425,0.15384066788177833,0.1582971836607275,0.5864245981973787,0.19779399841421227,0.5092161291460049,0.8100403924824906,0.1107768791487079,-0.5910371078659283,0.83116784544126,0.6399302834885018,0.09216608656142912,-0.7379036683130238,0.42580518685877466,-0.006871416288614422,0.8370183762307002,0.5168161122918498,0.07750763006011241,0.890939179866161,-0.05287991028062307,-0.07071002275110544,0.17020595039234968
0.40719582845507113,0.059075837212968454,-0.21136623767805435,0.18566050297287082,-0.39673438368415725,0.5700558006489312,-0.3161822325095624,-0.13902256646278865,-0.4354566753708391,0.5662182594188533,0.14334196966487067,0.26611599314979767,0.09388466695163974,-0.6784821830906013,0.3628698514215661,0.04681437616697439,0.6167208615740534,-0.6284784143840073,-0.062199029938400936,0.0495104124437517,0.5037404312101442,0.2671019493930734,0.3873753432778282,-0.25187664299510554,-0.03122590267547559,0.4791902114681398,0.040229677755961694,0.508138684221737,-0.14915467480089487,-0.08541055475672543,-0.3084333300573736,0.05382761500711856,0.6335570960848569,0.3492168399969331,-0.02300786792350804,0.3644615843076037,0.48857642862357803,-0.009958980105597908,-0.9254147340061756,-0.3711465774701065,-0.05287991028062307,0.9943896480827841,-0.16093966322816244,0.2010051799448435
0.14711520157901897,-0.04107706356234479,-0.1984221672739103,-0.031281515181808994,0.1418622113610652,0.00997509747391665,-0.17687644929702476,0.07294813302170641,0.21855853971706998,-0.3434190547617878,-0.045220685256389774,-0.018089510002832022,-0.36418261809515673,0.18148251881605826,0.03737041541411958,0.2299515812072903,-0.17764419802393525,0.33666011967220805,-0.05369390120387949,0.11911841436142333,-0.47584507981280955,-0.19235304732733904,-0.2566446642775231,0.005477673378703281,-0.08653889232121371,-0.2404542663323524,-0.15556483725977363,-0.1798622794747884,-0.06922663053327627,-0.06538494629387742,0.06843670457133895,-0.27673442733238485,-0.22465731555058574,-0.30392486276714165,-0.017660665193972892,-0.5762663891228145,-0.21301114115298617,-0.18100404409134704,0.08776223946159666,0.11008453929151948,-0.07071002275110544,-0.16093966322816244,0.3812892778621707,-0.048873597318327494
-0.16809395143714848,-0.24072364213621567,0.11237143430325522,0.03007690103306626,-0.37665925252456095,0.2158368745301568,0.014819789289132182,0.20831070853870706,-0.24614177485213418,0.10377982815107968,0.09690127437546638,-0.027790479549420117,0.06819396402201491,-0.21414268533456765,-0.03202639286433567,-0.14609220529340178,0.16224248879581496,-0.1801761808005876,-0.14125135097690125,-0.2668397134991093,0.10391720599183973,0.14253913299393475,0.19546421833582386,-0.0041764978161354825,0.025462629202910893,0.25937251482340523,-0.1562213467505287,0.11218115293786489,0.038834850858100185,-0.06035259688059813,-0.20355769681510494,0.483239984349276,0.5614797490583066,0.12562469165960682,-0.05098552704213061,0.3163453038355672,0.3523285103328128,0.5519496119527535,-0.14189603035135678,0.26262910178925586,0.17020595039234968,0.2010051799448435,-0.048873597318327494,0.24680973185932695
