V1,V2,V3,V4,V5,V6,V7,V8,V9,V10,V11,V12,V13,V14,V15,V16,V17,V18,V19,V20,V21,V22,V23,V24,V25,V26,V27,V28,V29,V30,V31,V32,V33,V34,V35,V36,V37,V38,V39,V40,V41,V42,V43,V44
0.988404305891854,-0.631077892211944,-1.8549831260647256,0.9891826721247585,2.007641884874087,-0.3622412495828413,0.027445662447934983,-2.1341532934663876,0.559616625792289,-0.30816745163290327,-0.893870036087502,1.381475001435389,0.13542295221142742,4.488639731531248,1.1213045932349528,0.11131372891628537,-0.5007145799434962,1.4406392608486926,0.491233674744303,0.2686735083481372,-0.98993398303905,2.7775884570108076,-0.5201794510352507,-1.9191162164525157,-0.20899787367144082,-0.48623679659211655,1.5556503107075914,1.271499657594234,-0.46586098449856533,1.6293175196724086,0.0689696983947649,0.7258043194699924,-0.3947734905720306,1.3640828135370162,-0.8527849843668464,0.7296956029540163,0.8069866423454253,0.9922480895786352,-0.3963803497798146,-0.13688588965626297,1.49021851358083,2.2262176343404905,-0.9961729245752169,0.5601070184980309
-0.631077892211944,1.0873120444999576,0.8981690906662579,-0.9620006686250547,-0.9115357905149698,0.12123898337230593,-0.14047408286589486,1.2366166829893135,-0.6370055927592229,-0.21157568174094005,0.6390379545959107,-0.6826010813708702,0.18421824284098134,-3.536010016178651,-0.8382487364021707,0.4678147594753235,0.3855081651686467,-1.3178875827775545,-0.02637767722068702,-0.20574851905040237,0.8027090867071727,-2.097427039637502,0.41473439818582863,1.3096269104370635,0.03799390707001856,-0.04154531757990848,-0.888712965438876,-1.3214086659467725,-0.13438776712058167,-1.0069562470712954,0.6404610711607107,-1.0415334860953946,-0.32094012633812097,-1.1080675091560075,1.1696278866870653,-0.8485318030122814,-0.9193411375974287,-1.5250439562635463,-0.0016785652476472815,-0.18019867787848204,-1.5436237998603346,-1.4992147002506238,0.6452741353458227,-0.5363724929712593
-1.8549831260647256,0.8981690906662579,4.464031078559661,-1.7945102018474086,-4.660212161560998,0.9400186231378221,0.18708404143797921,4.611673448540274,-1.1899121488576574,1.2771867639537564,1.5702622107946191,-2.7524003792862914,-0.1068049443266271,-9.231341091661976,-2.2744738377086953,-0.961378518576378,1.1177331248878846,-3.135509629406059,-1.5248043564032645,-1.0228029626144204,2.865354082099991,-5.617402246680307,1.541735818621811,4.015971862405393,0.5527192566261632,1.658439771764673,-3.090926663489884,-2.2321884905643574,1.6196459964050147,-3.4245819415399805,-0.4734594861687049,-0.7285877225275793,1.623586921873683,-2.797014998459445,1.3055900559593434,-0.9239654340723757,-1.5688035482679041,-1.4344441844183355,1.0400298577489582,0.39008404901706234,-2.5025762876901827,-4.43710536733349,1.940218842372458,-0.965198673063329
0.9891826721247585,-0.9620006686250547,-1.7945102018474086,1.2413374035648583,1.9046099740829012,-0.34244147845872186,0.13540333801110985,-2.1952028316236376,0.7173504352078088,-0.021751997490119492,-0.9881897493416122,1.372129879747042,0.0944252024119907,5.007675817528218,1.1936643079364246,-0.17015322526202695,-0.5417077598808845,1.6442272731402063,0.41793955892220885,0.29150121596339007,-0.9677562558362864,3.1355863860080624,-0.6240676221550838,-1.953275398650807,-0.13561364071847512,-0.2416902149929652,1.6579528117344493,1.659953793416533,-0.21526213236297684,1.7842531348596036,-0.3231713201580302,1.1044910599111342,-0.13889931608059466,1.6118351376681617,-1.270995063919915,1.0413389775745674,0.9877030519800463,1.5349231957490055,-0.27996582727583896,-0.11059697758896075,1.9046919560439102,2.3781173912778324,-1.10808200091477,0.6474091366799939
2.007641884874087,-0.9115357905149698,-4.660212161560998,1.9046099740829012,4.995304754602799,-1.0620562168981138,-0.13872903753775143,-4.9997987751169015,1.2041132599341682,-1.2788978086752645,-1.7855263521092046,3.0149746449691963,0.327354087795419,9.849923615549564,2.4381089927367854,0.9217556806893923,-1.177914471562968,3.25939027713502,1.634351679559001,0.9744764507089257,-2.7645758904921576,6.078429293752987,-1.5151081153988604,-4.325612346907214,-0.5698697673296628,-1.7261424992854926,3.4851178003528824,2.395074355866546,-1.6673405748894257,3.7049655838914317,0.5913024262813875,0.9084010676324042,-1.6990675265954012,3.045326437480644,-1.3633288640096153,1.1421384298625838,1.677095014807831,1.4815652270883115,-1.060621047405207,-0.5002512457859758,2.7321483019037305,4.796159773310097,-2.2167818970867716,1.034623698810023
-0.3622412495828413,0.12123898337230593,0.9400186231378221,-0.34244147845872186,-1.0620562168981138,0.29295910977746437,0.022729141719505085,1.0640414758014356,-0.22069228039259484,0.2860679342499449,0.3729015754044972,-0.5966428050040248,-0.16622576608364967,-1.9693409144002754,-0.48221487028697174,-0.2151629010692762,0.24501310843027818,-0.6416331496288322,-0.41979037235022165,-0.22086623056689417,0.5146902345917488,-1.2527016088665208,0.32142263885773525,0.8800825288865243,0.11182306933179785,0.41702913500986466,-0.7858334200869772,-0.4470665039671611,0.3812520435842896,-0.7744175427560659,-0.17841382862230376,-0.1576423188392577,0.4379309210234724,-0.6626577846328865,0.21150533801455626,-0.24465916347374958,-0.34365643907692717,-0.20232625499687956,0.1874343490337396,0.1708957770808664,-0.49950511610461956,-0.9488205040239361,0.5248146949829999,-0.1721500030532358
0.027445662447934983,-0.14047408286589486,0.18708404143797921,0.13540333801110985,-0.13872903753775143,0.022729141719505085,0.153733673988359,-0.027416093992074727,0.010631633159061037,0.2979209682179555,-0.13373545514698384,0.07684020168701335,0.15748246982049305,0.14593630620400364,0.019420640295185122,-0.2852268177955876,0.029350757227507518,-0.030760676220152598,-0.1082521646185328,-0.11690313990190485,0.37665619174201753,0.2171384918011783,0.10374154230836106,0.01143283578164311,0.05981749205455383,0.28160187165653966,0.1623254122810734,0.23782133023711377,0.2758736190910128,0.10007591336690046,-0.1717491022751332,0.34710767965996614,0.25700569730631806,0.1382014617505303,-0.2370099236483186,0.31204996496632825,0.0319615135204363,0.3001005632121013,0.10027492151226813,-0.034700063531206485,0.3195941916030682,0.09519649705552216,-0.12977154711380148,0.06416012694192846
-2.1341532934663876,1.2366166829893135,4.611673448540274,-2.1952028316236376,-4.9997987751169015,1.0640414758014356,-0.027416093992074727,5.224699305995795,-1.3194009639628106,0.9524689069199453,2.023374549009134,-3.185081263792485,-0.4466743053848848,-10.579227878345009,-2.5959846458286155,-0.5528864850746547,1.2176671315164145,-3.4534822697707,-1.529348987445613,-0.8846198635130664,2.537003553232223,-6.627741918867332,1.484345356533282,4.527111047875101,0.5121197468004219,1.4442518898136165,-3.787415570028696,-2.846827315880693,1.3764756828457037,-3.9577583483464664,-0.30958797993234677,-1.4281097530983908,1.383614586279432,-3.364621656391922,1.788005947038339,-1.594424853065538,-1.8764969236995248,-2.031640687511672,0.9540132135721185,0.5033441535302597,-3.2959868489994495,-5.129891859201134,2.456390802761884,-1.184778243448135
0.559616625792289,-0.6370055927592229,-1.1899121488576574,0.7173504352078088,1.2041132599341682,-0.22069228039259484,0.010631633159061037,-1.3194009639628106,0.5181635914693041,-0.1652260913132944,-0.5091707263200792,0.7161827349776172,-0.11734728662758061,3.138521326533786,0.7481795083424763,-0.005564462634768266,-0.3715723028410298,1.1603667642541058,0.30305953625800736,0.3299920111299069,-0.9649842730773006,1.864060725559546,-0.5039470038900871,-1.2659040241368253,-0.1146575995472059,-0.31223159282867724,0.8692748997248307,0.9347269429643825,-0.25399200979996855,1.008855169491691,-0.2197099825573001,0.527391132660602,-0.18262421705076137,0.9748746482855294,-0.7226420445536388,0.48856037634509336,0.7008704209710639,0.9159415642593197,-0.17273071876137883,0.03693223823385354,1.081051952695842,1.3713509435640616,-0.581434556156955,0.39360480815564935
-0.30816745163290327,-0.21157568174094005,1.2771867639537564,-0.021751997490119492,-1.2788978086752645,0.2860679342499449,0.2979209682179555,0.9524689069199453,-0.1652260913132944,0.8970923281114782,0.07269768976218656,-0.45432009711316257,0.15512260558328764,-1.496344256635668,-0.41846537729748734,-0.7942041953471505,0.26159018629516845,-0.6489712509663565,-0.5849507548576875,-0.4539216969576759,1.21993424341902,-0.7297195243235213,0.46722645186643724,0.8955150395595668,0.25866105351097984,0.949670274629134,-0.38114577448681924,0.10687300710278949,0.9096115495515317,-0.5048562604870855,-0.5824189713858022,0.5899582779094211,0.9252495269677126,-0.3089525208834761,-0.3280182098240099,0.43347896312307393,-0.2121149637861428,0.45275926100357416,0.4081736835366187,0.05034607850757764,0.15177314149093918,-0.6766710324112621,0.18151141666337534,-0.0539383630634904
-0.893870036087502,0.6390379545959107,1.5702622107946191,-0.9881897493416122,-1.7855263521092046,0.3729015754044972,-0.13373545514698384,2.023374549009134,-0.5091707263200792,0.07269768976218656,0.9389689743038132,-1.313185026304748,-0.31422353252302543,-4.237447279266334,-1.0355510534089076,0.09484523483995265,0.44967366664323694,-1.2862296434836236,-0.4361943354056756,-0.15603097480504421,0.5943931693727982,-2.7369343368121504,0.4226683132662157,1.7449751065073673,0.13257534676639654,0.27170016175365236,-1.6213198386838639,-1.3374381249427225,0.25884446410054146,-1.6058026439046704,0.038028105016411094,-0.9200493367746176,0.22963176064454127,-1.4007615297643927,0.9228704725026324,-0.9311186852967542,-0.7749231735140435,-1.0775738663796581,0.2756435424909281,0.21344840990573555,-1.574540448833465,-2.113333739249057,1.077528211209031,-0.5359236035205094
1.381475001435389,-0.6826010813708702,-2.7524003792862914,1.372129879747042,3.0149746449691963,-0.5966428050040248,0.07684020168701335,-3.185081263792485,0.7161827349776172,-0.45432009711316257,-1.313185026304748,2.1065203202693947,0.41344570820705606,6.318565741261788,1.5608066637032354,0.2864657038771527,-0.6850563252877035,1.9211423268926546,0.8545346089229608,0.38609075345023486,-1.181905986456826,4.050295317757224,-0.7568674879433746,-2.688674206783312,-0.3010330225931697,-0.7171264180630217,2.4104822403153943,1.7838523438461378,-0.7268697607602056,2.4841165839073636,0.24939661278076425,0.9683806543430263,-0.7497294098603776,2.0039824256934633,-1.1239447555787145,1.0579813493098829,0.9971755754324494,1.229481314176429,-0.6218437324370799,-0.3842633033827887,2.0700818025024246,3.221295781605993,-1.5317465638082002,0.7370230876531036
0.13542295221142742,0.18421824284098134,-0.1068049443266271,0.0944252024119907,0.327354087795419,-0.16622576608364967,0.15748246982049305,-0.4466743053848848,-0.11734728662758061,0.15512260558328764,-0.31422353252302543,0.41344570820705606,0.5523504252042966,0.3731574973334323,0.08961531858422934,-0.07650661074160411,0.010926578882256607,-0.1459974563299222,0.15641104940949702,-0.1837251394964243,0.6464096078641954,0.5113810248399517,0.14640663283303404,-0.16980628769384484,0.021790751949417823,0.09547666428668021,0.6265316955965662,0.19452167912284632,0.05714764797692239,0.4207370602132557,0.22514727864135758,0.27110311028173456,-0.08498088649488514,0.28935962788284475,-0.02952470840180383,0.37453436867256823,-0.08688706446488091,-0.06330142560942412,-0.023083014530071912,-0.32512587186570785,0.2584751683153224,0.39017669443019726,-0.424044859513936,0.024154119773415948
4.488639731531248,-3.536010016178651,-9.231341091661976,5.007675817528218,9.849923615549564,-1.9693409144002754,0.14593630620400364,-10.579227878345009,3.138521326533786,-1.496344256635668,-4.237447279266334,6.318565741261788,0.3731574973334323,22.83688565275083,5.564137235838494,0.46735577055207056,-2.6258105204008255,7.728122274561727,2.691187929491163,1.8654839167979274,-5.684841112393584,14.062420449649633,-3.1882480913635782,-9.507042719932281,-0.9522958898094493,-2.5380808174828235,7.55609635438929,6.561623397596291,-2.315558749077429,8.084777414361257,-0.29550087887354404,3.6654696974733585,-2.0474242257236988,7.181379625739239,-4.551429924131781,3.7010367579342587,4.439016962368323,5.435384931820793,-1.7016840685902372,-0.5773347062849863,7.576301412736762,10.756645146887118,-4.973332962543746,2.7275499966858896
1.1213045932349528,-0.8382487364021707,-2.2744738377086953,1.1936643079364246,2.4381089927367854,-0.48221487028697174,0.019420640295185122,-2.5959846458286155,0.7481795083424763,-0.41846537729748734,-1.0355510534089076,1.5608066637032354,0.08961531858422934,5.564137235838494,1.375175080062747,0.14474350163848876,-0.6424960346034065,1.885700350782614,0.655889779069301,0.44787393918171103,-1.4136587509677851,3.409364492153567,-0.753460451625272,-2.360488176517802,-0.25222966687149856,-0.6654106026501317,1.839250840157847,1.5575265039890538,-0.6064734964879128,1.9525873776113383,-0.009853137488168053,0.8547683965700557,-0.5223083034673984,1.7238806138370872,-1.0566118113964211,0.8623304748072805,1.079014139109558,1.2604659433547893,-0.4342281306324245,-0.1249661029921591,1.8117467301985761,2.6336175532884156,-1.2048425797267244,0.6697589359420771
0.11131372891628537,0.4678147594753235,-0.961378518576378,-0.17015322526202695,0.9217556806893923,-0.2151629010692762,-0.2852268177955876,-0.5528864850746547,-0.005564462634768266,-0.7942041953471505,0.09484523483995265,0.2864657038771527,-0.07650661074160411,0.46735577055207056,0.14474350163848876,0.8584364208501207,-0.12497700544844369,0.21673051567556925,0.5396283333717471,0.3721792356364278,-0.8202413866917372,0.18010775119009761,-0.3604033591112321,-0.39632824501019,-0.20898727447442897,-0.7985721833100837,0.15322457531974187,-0.35152482171775956,-0.8119428699566925,0.285405202330994,0.6226368974473926,-0.7690985927366998,-0.9223705563894683,0.022490479613234002,0.5032321100188158,-0.5848357627129641,-0.10914568473839058,-0.7315391683854144,-0.3871408337926253,-0.15002896830415915,-0.4928708332848696,0.27530772079933463,-0.009919602641439845,-0.10002402728366902
-0.5007145799434962,0.3855081651686467,1.1177331248878846,-0.5417077598808845,-1.177914471562968,0.24501310843027818,0.029350757227507518,1.2176671315164145,-0.3715723028410298,0.26159018629516845,0.44967366664323694,-0.6850563252877035,0.010926578882256607,-2.6258105204008255,-0.6424960346034065,-0.12497700544844369,0.32352672792289944,-0.9231210395753561,-0.3497086114374098,-0.2592435731548863,0.7961506431515376,-1.5732112362343342,0.41404426050607046,1.109490157355414,0.12283869923567009,0.3838049112490846,-0.8262907066790016,-0.7000177433654682,0.3513308805652002,-0.9024685364502939,0.0030102177367620385,-0.3305983290375774,0.3110979244448715,-0.8055046549754881,0.46574059294584,-0.34564911271829557,-0.5275650291708172,-0.5553489048864434,0.21454910414831158,0.0545405987349161,-0.7851300864640842,-1.2115080753481298,0.5479799562307557,-0.29379388570664383
1.4406392608486926,-1.3178875827775545,-3.135509629406059,1.6442272731402063,3.25939027713502,-0.6416331496288322,-0.030760676220152598,-3.4534822697707,1.1603667642541058,-0.6489712509663565,-1.2862296434836236,1.9211423268926546,-0.1459974563299222,7.728122274561727,1.885700350782614,0.21673051567556925,-0.9231210395753561,2.811412307384099,0.9042032873571285,0.806472265294138,-2.383334839626667,4.609473922450218,-1.2099594064760544,-3.2543870403675097,-0.3552037476350705,-1.0123157679063242,2.288559192774701,2.116620245400103,-0.8718222411480078,2.5481864059679697,-0.19427277193288015,1.0919571955490723,-0.7244751195012975,2.367642961951883,-1.5059018642733057,1.0686147353315147,1.6375307983147094,1.8697377168958071,-0.5379398791361593,-0.014139546657241342,2.468284723561461,3.4621343938106506,-1.5140912350486433,0.9229269291177032
0.491233674744303,-0.02637767722068702,-1.5248043564032645,0.41793955892220885,1.634351679559001,-0.41979037235022165,-0.1082521646185328,-1.529348987445613,0.30305953625800736,-0.5849507548576875,-0.4361943354056756,0.8545346089229608,0.15641104940949702,2.691187929491163,0.655889779069301,0.5396283333717471,-0.3497086114374098,0.9042032873571285,0.7037863501471332,0.41733770714198665,-0.9336252865513467,1.6825793882085258,-0.5581271725968836,-1.2262418842427922,-0.20273753093187688,-0.745856203593769,1.036509977572088,0.49531305781027624,-0.7189457090705651,1.1023601886611376,0.3729937796324698,-0.02460943903951901,-0.8374601940104472,0.8701967071582766,-0.16220119357418472,0.14253484122122237,0.3986772657634636,0.09415701707098734,-0.3664155637822474,-0.2619824483247767,0.5255818037667762,1.3017013561615536,-0.6564268710341007,0.19339359322566904
0.2686735083481372,-0.20574851905040237,-1.0228029626144204,0.29150121596339007,0.9744764507089257,-0.22086623056689417,-0.11690313990190485,-0.8846198635130664,0.3299920111299069,-0.4539216969576759,-0.15603097480504421,0.38609075345023486,-0.1837251394964243,1.8654839167979274,0.44787393918171103,0.3721792356364278,-0.2592435731548863,0.806472265294138,0.41733770714198665,0.4627547567602403,-1.037447490279311,1.0409665177016454,-0.5080155288130995,-0.8413508447186893,-0.15872120205088422,-0.5606289180896983,0.4248377199050192,0.32484238132428983,-0.4854389173076755,0.5904266833466518,0.06642519559085333,-0.0932412254976546,-0.5163725571394164,0.5443897211495419,-0.18617220042349275,-0.04514649512741005,0.3881387095459044,0.22343932878158726,-0.20476489268147546,0.018554137383042704,0.35229884667746975,0.7362349776042927,-0.25872953115104774,0.15611159661617421
-0.98993398303905,0.8027090867071727,2.865354082099991,-0.9677562558362864,-2.7645758904921576,0.5146902345917488,0.37665619174201753,2.537003553232223,-0.9649842730773006,1.21993424341902,0.5943931693727982,-1.181905986456826,0.6464096078641954,-5.684841112393584,-1.4136587509677851,-0.8202413866917372,0.7961506431515376,-2.383334839626667,-0.9336252865513467,-1.037447490279311,2.976564299027581,-3.0408285873181384,1.2788573671408128,2.5656867834620063,0.4271314652536215,1.4581674242046085,-1.2289174204663884,-1.0884376916581686,1.3036002703930625,-1.658337878279097,-0.12290080545324505,0.0035974975775696534,1.1370055523268332,-1.5194650087085433,0.6689125489660356,-0.03996437968438445,-1.2708441688491416,-0.8737829849428597,0.6150248624176268,-0.19027829070040872,-1.2045046501685521,-2.3468374693687624,0.7618240932176343,-0.5814097305434529
2.7775884570108076,-2.097427039637502,-5.617402246680307,3.1355863860080624,6.078429293752987,-1.2527016088665208,0.2171384918011783,-6.627741918867332,1.864060725559546,-0.7297195243235213,-2.7369343368121504,4.050295317757224,0.5113810248399517,14.062420449649633,3.409364492153567,0.18010775119009761,-1.5732112362343342,4.609473922450218,1.6825793882085258,1.0409665177016454,-3.0408285873181384,8.848641587988928,-1.8699722245165982,-5.807987682450121,-0.5464256427763644,-1.3858890816023375,4.909124559038225,4.162406099856878,-1.2828819790369363,5.151960114753245,-0.161678370888522,2.4452896180806727,-1.215105421355542,4.540168726512089,-2.8765004685013413,2.5036861067979546,2.6325675133576225,3.3878563750077983,-1.0245251144319107,-0.52161398668594,4.824245313386642,6.727689787481782,-3.2356345492619276,1.676729405426198
-0.5201794510352507,0.41473439818582863,1.541735818621811,-0.6240676221550838,-1.5151081153988604,0.32142263885773525,0.10374154230836106,1.484345356533282,-0.5039470038900871,0.46722645186643724,0.4226683132662157,-0.7568674879433746,0.14640663283303404,-3.1882480913635782,-0.753460451625272,-0.3604033591112321,0.41404426050607046,-1.2099594064760544,-0.5581271725968836,-0.5080155288130995,1.2788573671408128,-1.8699722245165982,0.7089333068030621,1.3054563143046778,0.17658567249686258,0.6127622726908716,-0.8939638129784736,-0.7861746536943854,0.5789418784421891,-1.1065216957211998,0.0216419106973165,-0.1845870620731645,0.5799684299561261,-0.9762667720082074,0.5183141660314668,-0.2335408988223415,-0.615906837953694,-0.6020693710309512,0.3131022520487861,0.06748983737635195,-0.8191611068110921,-1.388862168222046,0.5791220278171506,-0.3024561314326577
-1.9191162164525157,1.3096269104370635,4.015971862405393,-1.953275398650807,-4.325612346907214,0.8800825288865243,0.01143283578164311,4.527111047875101,-1.2659040241368253,0.8955150395595668,1.7449751065073673,-2.688674206783312,-0.16980628769384484,-9.507042719932281,-2.360488176517802,-0.39632824501019,1.109490157355414,-3.2543870403675097,-1.2262418842427922,-0.8413508447186893,2.5656867834620063,-5.807987682450121,1.3054563143046778,4.152750259973259,0.4821971332226001,1.3353551418866616,-3.155095291473288,-2.4988392130218604,1.1998602547678696,-3.3275078940945315,-0.1781565238095028,-1.2836982743370284,1.0890840166730071,-2.9351162390249756,1.6206609428513425,-1.3570872664288225,-1.8525846884679549,-1.9445715880672072,0.7851966121847934,0.2137027800051007,-2.9796568511560153,-4.481349704648794,2.047127887915731,-1.12858237291336
-0.20899787367144082,0.03799390707001856,0.5527192566261632,-0.13561364071847512,-0.5698697673296628,0.11182306933179785,0.05981749205455383,0.5121197468004219,-0.1146575995472059,0.25866105351097984,0.13257534676639654,-0.3010330225931697,0.021790751949417823,-0.9522958898094493,-0.25222966687149856,-0.20898727447442897,0.12283869923567009,-0.3552037476350705,-0.20273753093187688,-0.15872120205088422,0.4271314652536215,-0.5464256427763644,0.17658567249686258,0.4821971332226001,0.09996495337860103,0.29739229807136874,-0.28999106881018416,-0.1351372035453488,0.2743312342301546,-0.3314894296156943,-0.15554273181040046,0.04975705151670039,0.27588991150627473,-0.25011513875318186,0.03408607716489422,0.01677679020544715,-0.15535057725002172,-0.02329694224721933,0.14745896520037535,0.017947639716593997,-0.1701219276138314,-0.4529817465263318,0.16462378635936545,-0.09229368416594418
-0.48623679659211655,-0.04154531757990848,1.658439771764673,-0.2416902149929652,-1.7261424992854926,0.41702913500986466,0.28160187165653966,1.4442518898136165,-0.31223159282867724,0.949670274629134,0.27170016175365236,-0.7171264180630217,0.09547666428668021,-2.5380808174828235,-0.6654106026501317,-0.7985721833100837,0.3838049112490846,-1.0123157679063242,-0.745856203593769,-0.5606289180896983,1.4581674242046085,-1.3858890816023375,0.6127622726908716,1.3353551418866616,0.29739229807136874,1.1005026368366975,-0.7610307669851575,-0.17603242246069245,1.0078480533328071,-0.8697789042219319,-0.570631023255286,0.40403351012478783,1.0505390078954893,-0.6687512884056218,-0.12633468851233742,0.23689914027217013,-0.4488330847517423,0.21744154980129193,0.4371351888584301,0.09732350831970121,-0.1879194156217962,-1.1476889282875689,0.4488124134352489,-0.16393104769910227
1.5556503107075914,-0.888712965438876,-3.090926663489884,1.6579528117344493,3.4851178003528824,-0.7858334200869772,0.1623254122810734,-3.787415570028696,0.8692748997248307,-0.38114577448681924,-1.6213198386838639,2.4104822403153943,0.6265316955965662,7.55609635438929,1.839250840157847,0.15322457531974187,-0.8262907066790016,2.288559192774701,1.036509977572088,0.4248377199050192,-1.2289174204663884,4.909124559038225,-0.8939638129784736,-3.155095291473288,-0.28999106881018416,-0.7610307669851575,2.9825704376533992,2.223709854307672,-0.7417918522260448,2.973778380362348,0.16790992347121259,1.345468478489144,-0.8017247712903407,2.5211970895485214,-1.4259009752686798,1.4676094157462025,1.2848751425754623,1.5866864266513516,-0.6022611814956859,-0.5182549726711112,2.571983818270799,3.7881894257411597,-1.9655528902930224,0.8638215933933169
1.271499657594234,-1.3214086659467725,-2.2321884905643574,1.659953793416533,2.395074355866546,-0.4470665039671611,0.23782133023711377,-2.846827315880693,0.9347269429643825,0.10687300710278949,-1.3374381249427225,1.7838523438461378,0.19452167912284632,6.561623397596291,1.5575265039890538,-0.35152482171775956,-0.7000177433654682,2.116620245400103,0.49531305781027624,0.32484238132428983,-1.0884376916581686,4.162406099856878,-0.7861746536943854,-2.4988392130218604,-0.1351372035453488,-0.17603242246069245,2.223709854307672,2.2923145516091745,-0.1603350133455539,2.3604633093169127,-0.536972639892914,1.5937236311045977,-0.04942054277929916,2.161087843358867,-1.7666002183741094,1.4888476084712512,1.292781536683396,2.1288552476165523,-0.3171265670623619,-0.1705808447964979,2.594516812634347,3.1190440310429,-1.5089782167389756,0.8567138963669336
-0.46586098449856533,-0.13438776712058167,1.6196459964050147,-0.21526213236297684,-1.6673405748894257,0.3812520435842896,0.2758736190910128,1.3764756828457037,-0.25399200979996855,0.9096115495515317,0.25884446410054146,-0.7268697607602056,0.05714764797692239,-2.315558749077429,-0.6064734964879128,-0.8119428699566925,0.3513308805652002,-0.8718222411480078,-0.7189457090705651,-0.4854389173076755,1.3036002703930625,-1.2828819790369363,0.5789418784421891,1.1998602547678696,0.2743312342301546,1.0078480533328071,-0.7417918522260448,-0.1603350133455539,0.9837405464873231,-0.8660418784940022,-0.584837788745987,0.425945683952085,1.023011639669421,-0.6041844483741032,-0.15478770761027771,0.24445808692109228,-0.33184392452680306,0.27397011171860575,0.4764903171710968,0.14974807498279802,-0.1309198604651406,-1.1032390022112488,0.42395976773034116,-0.13411255746937745
1.6293175196724086,-1.0069562470712954,-3.4245819415399805,1.7842531348596036,3.7049655838914317,-0.7744175427560659,0.10007591336690046,-3.9577583483464664,1.008855169491691,-0.5048562604870855,-1.6058026439046704,2.4841165839073636,0.4207370602132557,8.084777414361257,1.9525873776113383,0.285405202330994,-0.9024685364502939,2.5481864059679697,1.1023601886611376,0.5904266833466518,-1.658337878279097,5.151960114753245,-1.1065216957211998,-3.3275078940945315,-0.3314894296156943,-0.8697789042219319,2.973778380362348,2.3604633093169127,-0.8660418784940022,3.1225192609456975,0.0786500279271563,1.28656797056556,-0.9008999495522173,2.6268769585338063,-1.5590193505261436,1.388967419640238,1.374854643914477,1.7525808378962,-0.6992014440432885,-0.4563456845454236,2.674599862430766,3.981572503604326,-1.9333442020310565,0.9168866683389058
0.0689696983947649,0.6404610711607107,-0.4734594861687049,-0.3231713201580302,0.5913024262813875,-0.17841382862230376,-0.1717491022751332,-0.30958797993234677,-0.2197099825573001,-0.5824189713858022,0.038028105016411094,0.24939661278076425,0.22514727864135758,-0.29550087887354404,-0.009853137488168053,0.6226368974473926,0.0030102177367620385,-0.19427277193288015,0.3729937796324698,0.06642519559085333,-0.12290080545324505,-0.161678370888522,0.0216419106973165,-0.1781565238095028,-0.15554273181040046,-0.570631023255286,0.16790992347121259,-0.536972639892914,-0.584837788745987,0.0786500279271563,0.7860270133941082,-0.6429352646012962,-0.707279501981234,-0.15733374872169986,0.6806222566994081,-0.43559646239837985,-0.26211236975571695,-0.9337677144627984,-0.27517672347352173,-0.21275187446489396,-0.5726998625774008,0.04245887471675445,-0.03387938719460131,-0.13761913909007373
0.7258043194699924,-1.0415334860953946,-0.7285877225275793,1.1044910599111342,0.9084010676324042,-0.1576423188392577,0.34710767965996614,-1.4281097530983908,0.527391132660602,0.5899582779094211,-0.9200493367746176,0.9683806543430263,0.27110311028173456,3.6654696974733585,0.8547683965700557,-0.7690985927366998,-0.3305983290375774,1.0919571955490723,-0.02460943903951901,-0.0932412254976546,0.0035974975775696534,2.4452896180806727,-0.1845870620731645,-1.2836982743370284,0.04975705151670039,0.40403351012478783,1.345468478489144,1.5937236311045977,0.425945683952085,1.28656797056556,-0.6429352646012962,1.4873925385060252,0.5372728879266201,1.3107275488798027,-1.3535404527091817,1.3246632582887496,0.827441574301704,1.6959529869696388,0.05492028039120964,-0.05904849024291754,1.8985754034537898,1.7569004857650896,-0.96876250705201306,0.5813315199893729
-0.3947734905720306,-0.32094012633812097,1.623586921873683,-0.13889931608059466,-1.6990675265954012,0.4379309210234724,0.25700569730631806,1.383614586279432,-0.18262421705076137,0.9252495269677126,0.22963176064454127,-0.7497294098603776,-0.08498088649488514,-2.0474242257236988,-0.5223083034673984,-0.9223705563894683,0.3110979244448715,-0.7244751195012975,-0.8374601940104472,-0.5163725571394164,1.1370055523268332,-1.215105421355542,0.5799684299561261,1.0890840166730071,0.27588991150627473,1.0505390078954893,-0.8017247712903407,-0.04942054277929916,1.023011639669421,-0.9008999495522173,-0.707279501981234,0.5372728879266201,1.1910177706967187,-0.5873928443271028,-0.2705740128358181,0.28938927671847986,-0.19784169640793872,0.47093335925629354,0.48519288025015517,0.2807085845452879,0.0017491215403653828,-1.024463371093234,0.45546500356850667,-0.053595918462739374
1.3640828135370162,-1.1080675091560075,-2.797014998459445,1.6118351376681617,3.045326437480644,-0.6626577846328865,0.1382014617505303,-3.364621656391922,0.9748746482855294,-0.3089525208834761,-1.4007615297643927,2.0039824256934633,0.28935962788284475,7.181379625739239,1.7238806138370872,0.022490479613234002,-0.8055046549754881,2.367642961951883,0.8701967071582766,0.5443897211495419,-1.5194650087085433,4.540168726512089,-0.9762667720082074,-2.9351162390249756,-0.25011513875318186,-0.6687512884056218,2.5211970895485214,2.161087843358867,-0.6041844483741032,2.6268769585338063,-0.15733374872169986,1.3107275488798027,-0.5873928443271028,2.376267473262986,-1.5100235639374233,1.35079864215669,1.3901970385700206,1.7986437741194723,-0.462916285049942,-0.27530132917966327,2.50971556728073,3.387333872096991,-1.6856586667785285,0.8519254450336899
-0.8527849843668464,1.1696278866870653,1.3055900559593434,-1.270995063919915,-1.3633288640096153,0.21150533801455626,-0.2370099236483186,1.788005947038339,-0.7226420445536388,-0.3280182098240099,0.9228704725026324,-1.1239447555787145,-0.02952470840180383,-4.551429924131781,-1.0566118113964211,0.5032321100188158,0.46574059294584,-1.5059018642733057,-0.16220119357418472,-0.18617220042349275,0.6689125489660356,-2.8765004685013413,0.5183141660314668,1.6206609428513425,0.03408607716489422,-0.12633468851233742,-1.4259009752686798,-1.7666002183741094,-0.15478770761027771,-1.5590193505261436,0.6806222566994081,-1.3535404527091817,-0.2705740128358181,-1.5100235639374233,1.490391709875811,-1.1867683359031007,-0.9771808585976451,-1.8406102853979134,0.09863069288768214,0.016787353025453495,-2.0056094693263726,-2.1037294225902943,0.9925468594670072,-0.6444502965737808
0.7296956029540163,-0.8485318030122814,-0.9239654340723757,1.0413389775745674,1.1421384298625838,-0.24465916347374958,0.31204996496632825,-1.594424853065538,0.48856037634509336,0.43347896312307393,-0.9311186852967542,1.0579813493098829,0.37453436867256823,3.7010367579342587,0.8623304748072805,-0.5848357627129641,-0.34564911271829557,1.0686147353315147,0.14253484122122237,-0.04514649512741005,-0.03996437968438445,2.5036861067979546,-0.2335408988223415,-1.3570872664288225,0.01677679020544715,0.23689914027217013,1.4676094157462025,1.4888476084712512,0.24445808692109228,1.388967419640238,-0.43559646239837985,1.3246632582887496,0.28938927671847986,1.35079864215669,-1.1867683359031007,1.2525569158842547,0.7726263015150682,1.4627676785299288,-0.02371786491106106,-0.16458320193294668,1.7835608788122963,1.8085799498325748,-1.0355571415365783,0.5396993761438779
0.8069866423454253,-0.9193411375974287,-1.5688035482679041,0.9877030519800463,1.677095014807831,-0.34365643907692717,0.0319615135204363,-1.8764969236995248,0.7008704209710639,-0.2121149637861428,-0.7749231735140435,0.9971755754324494,-0.08688706446488091,4.439016962368323,1.079014139109558,-0.10914568473839058,-0.5275650291708172,1.6375307983147094,0.3986772657634636,0.3881387095459044,-1.2708441688491416,2.6325675133576225,-0.615906837953694,-1.8525846884679549,-0.15535057725002172,-0.4488330847517423,1.2848751425754623,1.292781536683396,-0.33184392452680306,1.374854643914477,-0.26211236975571695,0.827441574301704,-0.19784169640793872,1.3901970385700206,-0.9771808585976451,0.7726263015150682,1.0628262694662134,1.2687178517072115,-0.18443406126028036,0.06396020161091921,1.552367917488163,1.9324389598277958,-0.8885541323721724,0.5725882911264633
0.9922480895786352,-1.5250439562635463,-1.4344441844183355,1.5349231957490055,1.4815652270883115,-0.20232625499687956,0.3001005632121013,-2.031640687511672,0.9159415642593197,0.45275926100357416,-1.0775738663796581,1.229481314176429,-0.06330142560942412,5.435384931820793,1.2604659433547893,-0.7315391683854144,-0.5553489048864434,1.8697377168958071,0.09415701707098734,0.22343932878158726,-0.8737829849428597,3.3878563750077983,-0.6020693710309512,-1.9445715880672072,-0.02329694224721933,0.21744154980129193,1.5866864266513516,2.1288552476165523,0.27397011171860575,1.7525808378962,-0.9337677144627984,1.6959529869696388,0.47093335925629354,1.7986437741194723,-1.8406102853979134,1.4627676785299288,1.2687178517072115,2.349805517539406,-0.04993168474779877,0.09879029850062478,2.4826655132155206,2.4234720373375196,-1.1198203822261383,0.812469255047795
-0.3963803497798146,-0.0016785652476472815,1.0400298577489582,-0.27996582727583896,-1.060621047405207,0.1874343490337396,0.10027492151226813,0.9540132135721185,-0.17273071876137883,0.4081736835366187,0.2756435424909281,-0.6218437324370799,-0.023083014530071912,-1.7016840685902372,-0.4342281306324245,-0.3871408337926253,0.21454910414831158,-0.5379398791361593,-0.3664155637822474,-0.20476489268147546,0.6150248624176268,-1.0245251144319107,0.3131022520487861,0.7851966121847934,0.14745896520037535,0.4371351888584301,-0.6022611814956859,-0.3171265670623619,0.4764903171710968,-0.6992014440432885,-0.27517672347352173,0.05492028039120964,0.48519288025015517,-0.462916285049942,0.09863069288768214,-0.02371786491106106,-0.18443406126028036,-0.04993168474779877,0.3276113224252835,0.12772597453370324,-0.3202353112825231,-0.8956251472157548,0.34032717922215794,-0.15149287304007805
-0.13688588965626297,-0.18019867787848204,0.39008404901706234,-0.11059697758896075,-0.5002512457859758,0.1708957770808664,-0.034700063531206485,0.5033441535302597,0.03693223823385354,0.05034607850757764,0.21344840990573555,-0.3842633033827887,-0.32512587186570785,-0.5773347062849863,-0.1249661029921591,-0.15002896830415915,0.0545405987349161,-0.014139546657241342,-0.2619824483247767,0.018554137383042704,-0.19027829070040872,-0.52161398668594,0.06748983737635195,0.2137027800051007,0.017947639716593997,0.09732350831970121,-0.5182549726711112,-0.1705808447964979,0.14974807498279802,-0.4563456845454236,-0.21275187446489396,-0.05904849024291754,0.2807085845452879,-0.27530132917966327,0.016787353025453495,-0.16458320193294668,0.06396020161091921,0.09879029850062478,0.12772597453370324,0.29666133337573275,-0.1291791326391007,-0.4361347496490591,0.33840247579053606,0.004515117091957256
1.49021851358083,-1.5436237998603346,-2.5025762876901827,1.9046919560439102,2.7321483019037305,-0.49950511610461956,0.3195941916030682,-3.2959868489994495,1.081051952695842,0.15177314149093918,-1.574540448833465,2.0700818025024246,0.2584751683153224,7.576301412736762,1.8117467301985761,-0.4928708332848696,-0.7851300864640842,2.468284723561461,0.5255818037667762,0.35229884667746975,-1.2045046501685521,4.824245313386642,-0.8191611068110921,-2.9796568511560153,-0.1701219276138314,-0.1879194156217962,2.571983818270799,2.594516812634347,-0.1309198604651406,2.674599862430766,-0.5726998625774008,1.8985754034537898,0.0017491215403653828,2.50971556728073,-2.0056094693263726,1.7835608788122963,1.552367917488163,2.4826655132155206,-0.3202353112825231,-0.1291791326391007,3.0927015731320933,3.56939742019744,-1.733474041052033,1.0378169122768355
2.2262176343404905,-1.4992147002506238,-4.43710536733349,2.3781173912778324,4.796159773310097,-0.9488205040239361,0.09519649705552216,-5.129891859201134,1.3713509435640616,-0.6766710324112621,-2.113333739249057,3.221295781605993,0.39017669443019726,10.756645146887118,2.6336175532884156,0.27530772079933463,-1.2115080753481298,3.4621343938106506,1.3017013561615536,0.7362349776042927,-2.3468374693687624,6.727689787481782,-1.388862168222046,-4.481349704648794,-0.4529817465263318,-1.1476889282875689,3.7881894257411597,3.1190440310429,-1.1032390022112488,3.981572503604326,0.04245887471675445,1.7569004857650896,-1.024463371093234,3.387333872096991,-2.1037294225902943,1.8085799498325748,1.9324389598277958,2.4234720373375196,-0.8956251472157548,-0.4361347496490591,3.56939742019744,5.264143550393203,-2.465555348192159,1.2760400573137658
-0.9961729245752169,0.6452741353458227,1.940218842372458,-1.10808200091477,-2.2167818970867716,0.5248146949829999,-0.12977154711380148,2.456390802761884,-0.581434556156955,0.18151141666337534,1.077528211209031,-1.5317465638082002,-0.424044859513936,-4.973332962543746,-1.2048425797267244,-0.009919602641439845,0.5479799562307557,-1.5140912350486433,-0.6564268710341007,-0.25872953115104774,0.7618240932176343,-3.2356345492619276,0.5791220278171506,2.047127887915731,0.16462378635936545,0.4488124134352489,-1.9655528902930224,-1.5089782167389756,0.42395976773034116,-1.9333442020310565,-0.03387938719460131,-0.96876250705201306,0.45546500356850667,-1.6856586667785285,0.9925468594670072,-1.0355571415365783,-0.8885541323721724,-1.1198203822261383,0.34032717922215794,0.33840247579053606,-1.733474041052033,-2.465555348192159,1.3247825287996344,-0.5674452058529422
0.5601070184980309,-0.5363724929712593,-0.965198673063329,0.6474091366799939,1.034623698810023,-0.1721500030532358,0.06416012694192846,-1.184778243448135,0.39360480815564935,-0.0539383630634904,-0.5359236035205094,0.7370230876531036,0.024154119773415948,2.7275499966858896,0.6697589359420771,-0.10002402728366902,-0.29379388570664383,0.9229269291177032,0.19339359322566904,0.15611159661617421,-0.5814097305434529,1.676729405426198,-0.3024561314326577,-1.12858237291336,-0.09229368416594418,-0.16393104769910227,0.8638215933933169,0.8567138963669336,-0.13411255746937745,0.9168866683389058,-0.13761913909007373,0.5813315199893729,-0.053595918462739374,0.8519254450336899,-0.6444502965737808,0.5396993761438779,0.5725882911264633,0.812469255047795,-0.15149287304007805,0.004515117091957256,1.0378169122768355,1.2760400573137658,-0.5674452058529422,0.380506014896539
