V1,V2,V3,V4,V5,V6,V7,V8,V9,V10,V11,V12,V13,V14,V15,V16,V17,V18,V19,V20,V21,V22,V23,V24,V25,V26,V27,V28,V29,V30,V31,V32,V33,V34,V35,V36,V37,V38,V39,V40,V41,V42,V43,V44
0.7116525023670045,-0.5297544028421209,0.0746485484634286,0.4691004405369624,-0.33317649511540276,0.4474458907692365,0.0914001900008996,0.16066379859446847,-0.031047126018581422,0.6580784867448016,-0.25502546057568776,0.7953001713566058,-0.10590917471571851,0.24398403162592694,0.11663854502298994,-0.25812564963101375,0.21058183453921836,-0.2539446377992282,-0.7440052859689968,-0.3590557810473467,0.7738139714487876,0.28218385991921685,0.5404059758634463,0.0229313051932757,-0.11057314143932798,0.6849702960502717,-0.0408953683455219,0.5439214588739594,0.673344154161346,0.12854199726632065,-0.12782829917042568,0.5220591901979866,0.7623741758108192,-0.36406167922341237,-0.7189185055273725,0.17561684392319593,-0.417513014585928,0.6521330350297999,-0.19702415287720396,0.08723133994999446,0.5908604724679447,0.7537668798141988,0.13750711067611734,0.3175764489139352
-0.5297544028421209,7.474423767241725,-6.58852432350066,-4.146941437352362,6.698259242589474,-1.7817096073137255,-3.031166550876073,-2.4067252170317337,-1.789414837330581,-8.412857416862934,2.224524214499428,0.6915803961677056,-0.0969443964330628,-4.191034120584806,-0.5462598216282415,8.766148487522937,-0.4150633854620821,-1.1268992063330041,5.0486321822862354,2.375969169079369,-5.863326430229565,-3.7408524110499854,-2.0592258039462408,-0.9999861532828032,-1.7334955050069791,-7.7914592081435465,-0.49624391414481805,-6.986993995855911,-8.305978354741521,0.0036025172247173658,7.854800876421907,-9.634149533341471,-9.365810429833623,-2.3479206154202816,8.25174786941718,-7.213742764441927,-2.6398341509776473,-10.963660637988783,-3.549584669999665,-1.6535606914801813,-8.46675410655574,-1.2853735221631215,1.3084658090050332,-2.2046848660935945
0.0746485484634286,-6.58852432350066,6.150242043745106,3.773464108635909,-6.056638154482263,1.514887779307798,2.806602966822783,2.1769268631033154,1.6128314305299882,7.424397501469346,-1.9347218836475164,-1.1264321749162625,0.07106452263157517,3.766525363200016,0.4529197772755315,-8.096262832186973,0.2428698834693719,1.1892533501349583,-4.25236591803938,-2.1626169218149793,5.0418204973697796,3.151348665947276,1.573835095771146,1.0219167909869953,1.7400863315419817,6.946904418576948,0.5115832624415078,6.22380744340324,7.369435547656891,-0.00487248571915678,-7.352698539639657,8.782047541393629,8.339640530049438,2.379626774842387,-7.3852337900834035,6.655023814786214,2.7944869646431636,9.966466715952034,3.443689915510868,1.5094901829187621,7.540316478420243,0.7800586970225137,-1.2294634029541491,1.8390010160451165
0.4691004405369624,-4.146941437352362,3.773464108635909,3.0368193903711136,-3.9021374381700076,1.56274710589613,1.8016563759723072,1.4999659680815647,0.9259784879821265,4.941741651747603,-1.3530889413322078,-0.2325847737213807,-0.32128044133830935,2.4338318077648378,0.2704519894934983,-5.262929660880112,0.25859681594850314,0.5492244481630392,-3.048511199947831,-1.9377552419454023,3.5087548252710685,1.7040458929683748,1.198366395429456,0.8741073696690491,1.153144679908167,4.941478008343207,0.2540243720203787,4.115065991414783,4.962282756734455,0.26934784815602103,-4.7694764492554995,5.8767197414063945,5.662344863737806,1.203165087164646,-5.145935892268528,4.327168878405837,1.6500990858393456,6.85372968498695,1.9486143080208833,1.0638834959743175,5.107414643807181,0.9283706780988403,-0.3909625264174399,1.314895908974681
-0.33317649511540276,6.698259242589474,-6.056638154482263,-3.9021374381700076,6.173390264477771,-1.7723622463133408,-2.810124470505997,-2.2383730304659526,-1.6610341155137651,-7.69462826312473,2.029285024049094,0.8713274626806575,0.04795803963074356,-3.8474506692115775,-0.4717345685962332,8.229306212900086,-0.31269858503317277,-1.0383367428315913,4.624928486023574,2.390780244780783,-5.268664593002427,-3.283063505355115,-1.746474665321549,-1.0538629882634447,-1.7586027669298618,-7.389791499945691,-0.4186132222277967,-6.472099837120959,-7.58669993167733,-0.06095277979261976,7.445327054268574,-8.945177513804731,-8.73911598405336,-2.2909601993453954,7.5906644681141255,-6.795287064973923,-2.5928883274141823,-10.273833384038147,-3.2246709140563046,-1.5853539547348237,-7.868074178458849,-1.0268884909380451,1.117023308750805,-2.0184736262169776
0.4474458907692365,-1.7817096073137255,1.514887779307798,1.56274710589613,-1.7723622463133408,1.113110949176232,0.7846798207243673,0.7653146527902125,0.3667750437078476,2.274231892167604,-0.6877102161293749,0.09471865503446861,-0.4197673680581946,1.1406617139564388,0.1828979097604973,-2.4664050127743913,0.1089087352888913,0.0394574524576345,-1.7497414196635068,-1.3352416039463444,1.6890629007559377,0.6359219789809298,0.6372114762303598,0.5370327184344479,0.6129447436333547,2.7448504538333016,-0.01199109559897649,2.1290567739055266,2.2955167756000345,0.2675619368715312,-2.318905573226043,2.7693708133724964,3.0039648831946484,0.37071997431771325,-2.490006009141495,1.9844142218903296,0.5458227693201443,3.3605704001694696,0.5145056291293043,0.613179773216065,2.4792118449790226,0.6742624116163577,0.08096877027574444,0.727121599287148
0.0914001900008996,-3.031166550876073,2.806602966822783,1.8016563759723072,-2.810124470505997,0.7846798207243673,1.7338509224293124,0.837386367783399,0.5792394394701178,3.358072238029936,-0.8274010486499677,-0.021763322038303695,0.2627989117734802,1.7069810362151825,0.33879909289264076,-3.520601524057769,0.3414764129641515,0.6297096308551605,-1.9145829896399367,-0.5021044527980412,2.736282603225362,1.7236735642252368,0.8041041570050023,0.23757078375505342,0.5219397047958707,3.1856768288258137,0.3138142388768357,2.9210238862413918,3.6718160804105415,0.15971337652133713,-3.3037605708377384,4.000482064228241,3.7378508662925674,1.05291584952175,-3.5949605564521763,2.7278567069487223,0.9336581406155245,4.606836005483204,1.631877249059494,0.8387675296505598,3.7215462013811225,0.3871226192081135,-0.35510710086648206,0.8989911207825473
0.16066379859446847,-2.4067252170317337,2.1769268631033154,1.4999659680815647,-2.2383730304659526,0.7653146527902125,0.837386367783399,0.932848048880286,0.6409822623590844,2.815431899800252,-0.7918688382541249,-0.4705657196642337,-0.23073065127881442,1.431092893952305,0.13679504030138687,-3.1227895451533354,-0.00187585378363955,0.28542401965981645,-1.8147759141329507,-1.2723811213449623,1.7672562263994673,0.9782668454774709,0.6239213836395626,0.5554443978770126,0.7987870787137977,2.8615419774399156,0.08212805681173474,2.4213520133241184,2.6626089632537706,0.018677137104520385,-2.8243038264757345,3.342096503448481,3.376253843880528,0.7736912375567947,-2.7637940570840174,2.6193692974788525,1.0529084969051852,3.8444465875145415,1.0531659949574048,0.5750368458710393,2.7981455904736485,0.44366781990708204,-0.3836628784320482,0.7425884854491439
-0.031047126018581422,-1.789414837330581,1.6128314305299882,0.9259784879821265,-1.6610341155137651,0.3667750437078476,0.5792394394701178,0.6409822623590844,0.6314061594061897,2.1833948292289405,-0.5517928856495211,-0.5208544431911872,-0.051464966028380486,1.022870789053526,-0.010768972989852552,-2.3163866211811093,0.008763660162179597,0.2833272892675394,-1.2114150866611824,-0.7307810807535787,1.1873160167330685,0.9079563511218347,0.3917278855736141,0.3365161813280163,0.598110971832429,1.9872539852871707,0.05903018485171699,1.638358873556297,1.9346557136286648,-0.08304472786598216,-1.9935278407682122,2.383068844807543,2.3227639584433057,0.7585057215761726,-1.8620548884928079,2.088979563356154,0.8736974681984175,2.766710514006129,0.8839733884883707,0.35004365787756914,2.1346464591792986,0.1264948499018576,-0.42655336236896046,0.5503971610996201
0.6580784867448016,-8.412857416862934,7.424397501469346,4.941741651747603,-7.69462826312473,2.274231892167604,3.358072238029936,2.815431899800252,2.1833948292289405,9.890621272944696,-2.6096900843380437,-0.8446067436583815,-0.08187167702067401,4.767379134742008,0.46032947090692233,-10.237384603436976,0.47360718764366383,1.151449097801997,-5.914316117852155,-3.1004096131147914,6.6894169610377645,4.208973064531504,2.348882681391454,1.3288655932463316,2.1677737475705166,9.31037726977741,0.48358750953632623,7.992965178617095,9.555409388745668,0.07649874987481395,-9.060548423642143,11.160072326549637,10.91390714063803,2.75260653277038,-9.478126290470698,8.657092340396881,3.118757693902196,12.874645283441863,3.9129237111025894,1.8616093131748999,9.971725554725735,1.4895986239192134,-1.4078733991460692,2.6263333558618918
-0.25502546057568776,2.224524214499428,-1.9347218836475164,-1.3530889413322078,2.029285024049094,-0.6877102161293749,-0.8274010486499677,-0.7918688382541249,-0.5517928856495211,-2.6096900843380437,0.7283209561734653,0.1953149880625178,0.10834453443171234,-1.282083237660043,-0.1435120555246993,2.736134726139594,-0.09029213049870861,-0.231900198053131,1.6756465048628504,1.0106815752369291,-1.7781106446110673,-1.0282983183826049,-0.6621100446085989,-0.41521761368410287,-0.6129037834195734,-2.567729235969573,-0.10380959127117477,-2.191668665333794,-2.508287804672546,-0.041312190820738524,2.4352418197400953,-2.992667666993664,-3.014885864135173,-0.645827095887477,2.544315002340644,-2.2910081440840773,-0.7905341855678822,-3.4398739880896967,-0.9406311555290322,-0.5066979311641756,-2.6058767833841343,-0.4983198210184345,0.3393272602143771,-0.7108930468275108
0.7953001713566058,0.6915803961677056,-1.1264321749162625,-0.2325847737213807,0.8713274626806575,0.09471865503446861,-0.021763322038303695,-0.4705657196642337,-0.5208544431911872,-0.8446067436583815,0.1953149880625178,1.6454318240873957,0.2423937864415622,-0.5615899002151539,0.12374217574641673,1.679882211043474,0.44752204518478345,-0.3679751368857684,0.25430466305382887,0.7551756891083091,0.2628425605162089,-0.0019246116912717715,0.3740772444777847,-0.49366516500109187,-0.8509053179693395,-0.9643496902760426,0.0048045267692668845,-0.7820432892362135,-0.47404277058793504,0.2564514650882521,1.613645829254779,-1.3201465980270755,-1.220416884967942,-0.9343677913612133,0.5674263755870406,-1.5576551489805104,-1.3548949505203736,-1.450671552619471,-0.7005644373438769,-0.15325913268067856,-0.7281754920182264,0.6627493096606654,0.5142407846326961,-0.029856842963206964
-0.10590917471571851,-0.0969443964330628,0.07106452263157517,-0.32128044133830935,0.04795803963074356,-0.4197673680581946,0.2627989117734802,-0.23073065127881442,-0.051464966028380486,-0.08187167702067401,0.10834453443171234,0.2423937864415622,0.5123994107274096,-0.09328598775904046,0.04633051809120259,0.3491352238708847,0.18373532538286935,0.18257459738127882,0.33724290885984176,0.8578591847330441,0.21579979954646963,0.4529813615637158,0.035421083925496505,-0.372293580500338,-0.3417683981006539,-0.5673260565507762,0.1668443448204656,-0.22989786004655433,0.07672485053514425,-0.08069900436344152,0.37129137928993944,-0.27504298613319506,-0.5327988167799341,0.08830208694793616,0.14938095855627764,-0.3321987650051646,-0.21400309369460274,-0.43785704782618673,0.2804474639807541,-0.09042912949872821,-0.0627644400267028,-0.1502081657334413,-0.17576295783985482,-0.06912675570934973
0.24398403162592694,-4.191034120584806,3.766525363200016,2.4338318077648378,-3.8474506692115775,1.1406617139564388,1.7069810362151825,1.431092893952305,1.022870789053526,4.767379134742008,-1.282083237660043,-0.5615899002151539,-0.09328598775904046,2.433710475322503,0.32414354075502816,-5.155137668628082,0.15380608781006358,0.618324977216081,-2.9591128614214544,-1.6033814475334327,3.250797771033218,1.9994887787278013,1.1007118806067524,0.6912051040939007,1.1258293307510838,4.664189001262862,0.23496917859557614,4.101379997369229,4.700793928018251,0.03275199382210281,-4.687763072262644,5.599834255146282,5.546072014698516,1.38461044765938,-4.7486868918850575,4.225144039563225,1.605706512580376,6.42411394401067,1.9537748477509904,1.0121611517842077,4.865561044512891,0.6937567349946601,-0.6884492726145333,1.266220567576154
0.11663854502298994,-0.5462598216282415,0.4529197772755315,0.2704519894934983,-0.4717345685962332,0.1828979097604973,0.33879909289264076,0.13679504030138687,-0.010768972989852552,0.46032947090692233,-0.1435120555246993,0.12374217574641673,0.04633051809120259,0.32414354075502816,0.1949418590671183,-0.5338358697236277,0.06339289535033676,0.06860865743573223,-0.43263459585709724,-0.07675074364782879,0.552233080598398,0.3035007786490778,0.19546817171674608,-0.0017750387892282464,0.03155695627764189,0.5793633701620132,0.04865133773973162,0.6489735080277053,0.6227653624886427,0.04220675173709411,-0.6009435043353218,0.6557578533747567,0.7544326248326312,0.07649530651314937,-0.6689429113878005,0.26544217293005495,8.183826445067916e-4,0.716564727446545,0.17199262620202382,0.20100441978550482,0.5561630229425643,0.19550564036676985,-0.01923798312312152,0.16187974201537875
-0.25812564963101375,8.766148487522937,-8.096262832186973,-5.262929660880112,8.229306212900086,-2.4664050127743913,-3.520601524057769,-3.1227895451533354,-2.3163866211811093,-10.237384603436976,2.736134726139594,1.679882211043474,0.3491352238708847,-5.155137668628082,-0.5338358697236277,11.269822506245399,-0.19732289075218395,-1.3332358907197899,6.201169593986516,3.7267541080877327,-6.666014825587397,-4.045636835401168,-2.1413637118292304,-1.6892325248778775,-2.6789779730151553,-10.111007522538383,-0.4737349762905244,-8.676751880871029,-9.904771404387812,-0.0651555601016842,10.220624642158485,-12.063051680957129,-11.87896229220765,-3.187253340384415,10.028829327513366,-9.410588757730022,-3.8137929026873203,-13.895767694629958,-4.220623811231844,-2.114472579213819,-10.424849489231555,-1.2135587935566001,1.5071540164846533,-2.6537831516883608
0.21058183453921836,-0.4150633854620821,0.2428698834693719,0.25859681594850314,-0.31269858503317277,0.1089087352888913,0.3414764129641515,-0.00187585378363955,0.008763660162179597,0.47360718764366383,-0.09029213049870861,0.44752204518478345,0.18373532538286935,0.15380608781006358,0.06339289535033676,-0.19732289075218395,0.23014066531538047,0.05836405170442118,-0.2282655566052448,0.24629433045998547,0.6079133424942711,0.4112637654701998,0.2522160923813786,-0.13917439840288579,-0.16474297537267557,0.2693168060597375,0.08034129396150551,0.2748679316060478,0.6044156021910337,0.07558449399682524,-0.13354619622064187,0.37711733311823536,0.28013279486039894,0.0021019992694791497,-0.5056956928311236,0.1277479133184392,-0.16590864718144052,0.46144184981201636,0.18755122809017066,0.0816196507008086,0.5558209425126297,0.20746516264307402,0.028185295001662274,0.16438442423736235
-0.2539446377992282,-1.1268992063330041,1.1892533501349583,0.5492244481630392,-1.0383367428315913,0.0394574524576345,0.6297096308551605,0.28542401965981645,0.2833272892675394,1.151449097801997,-0.231900198053131,-0.3679751368857684,0.18257459738127882,0.618324977216081,0.06860865743573223,-1.3332358907197899,0.05836405170442118,0.42191603717618925,-0.41569567331577467,0.027938204672875715,0.7687338729799825,0.6038143043917973,0.11800360029074099,0.060041383111029,0.23339608955209137,0.8742162511822585,0.16739613770858475,0.9034441975316478,1.2447754781732254,-0.047911386687347624,-1.2533298820623102,1.4304889934659255,1.1183558896277288,0.588416899761416,-1.1827033145120813,1.0565943749294797,0.6373382173649699,1.586775380437489,0.8646748466568093,0.2616800609488306,1.2347830748943958,-0.15631191561325072,-0.2837478606858523,0.21231993697818058
-0.7440052859689968,5.0486321822862354,-4.25236591803938,-3.048511199947831,4.624928486023574,-1.7497414196635068,-1.9145829896399367,-1.8147759141329507,-1.2114150866611824,-5.914316117852155,1.6756465048628504,0.25430466305382887,0.33724290885984176,-2.9591128614214544,-0.43263459585709724,6.201169593986516,-0.2282655566052448,-0.41569567331577467,4.079033805962628,2.4028249888307975,-4.134826524555743,-2.4153495772400233,-1.5893792262414872,-0.9251280129776205,-1.3706090293889757,-6.119796928264892,-0.13769829803880804,-5.2035534072138185,-5.744276781695302,-0.14255987558591976,5.602015492355658,-6.793960270417107,-7.1418822649365215,-1.3640500537953488,5.853053605491945,-5.105194413109089,-1.5399995471586225,-7.900107364772049,-1.8785231514373086,-1.2703579051671505,-6.033695639122801,-1.2948451669189758,0.636010646496657,-1.7254007921919836
-0.3590557810473467,2.375969169079369,-2.1626169218149793,-1.9377552419454023,2.390780244780783,-1.3352416039463444,-0.5021044527980412,-1.2723811213449623,-0.7307810807535787,-3.1004096131147914,1.0106815752369291,0.7551756891083091,0.8578591847330441,-1.6033814475334327,-0.07675074364782879,3.7267541080877327,0.24629433045998547,0.027938204672875715,2.4028249888307975,2.5284502150265826,-1.6585178308206958,-0.48832373761394204,-0.6654636728687872,-1.0836564712919223,-1.2918156430110947,-3.79610904535827,0.11040740619730469,-2.869140605523491,-2.683245167424661,-0.13267932874607205,3.3884450291673183,-3.8614520900338314,-4.282812464950655,-0.6722481614653616,3.060985341712637,-3.220409889835788,-1.2983382150951825,-4.559429846124028,-0.6743829943932271,-0.6709368647068261,-3.0128350260398418,-0.7280905103101545,0.22321023723605005,-0.8852150006584625
0.7738139714487876,-5.863326430229565,5.0418204973697796,3.5087548252710685,-5.268664593002427,1.6890629007559377,2.736282603225362,1.7672562263994673,1.1873160167330685,6.6894169610377645,-1.7781106446110673,0.2628425605162089,0.21579979954646963,3.250797771033218,0.552233080598398,-6.666014825587397,0.6079133424942711,0.7687338729799825,-4.134826524555743,-1.6585178308206958,5.23519193901206,3.148511912123345,1.8812953052718304,0.6387406880676135,1.0767784515165588,6.308487347648616,0.45802227735209283,5.611935986615082,6.887422869981034,0.24600721631568676,-5.99045227900742,7.595491098120253,7.411926888460173,1.5970965040682032,-6.809034908951345,5.366391681580353,1.549820086635262,8.721540321749668,2.650486749380935,1.3930147948508531,6.96067779595094,1.3540780436090394,-0.7401675506613865,1.8599002377076113
0.28218385991921685,-3.7408524110499854,3.151348665947276,1.7040458929683748,-3.283063505355115,0.6359219789809298,1.7236735642252368,0.9782668454774709,0.9079563511218347,4.208973064531504,-1.0282983183826049,-0.0019246116912717715,0.4529813615637158,1.9994887787278013,0.3035007786490778,-4.045636835401168,0.4112637654701998,0.6038143043917973,-2.4153495772400233,-0.48832373761394204,3.148511912123345,2.431194026347846,1.112067431204688,0.14712131795996627,0.5636974859196743,3.6435985814071437,0.29221839178250875,3.3660829903384886,4.2251917256683305,-0.04944930678319964,-3.5470033616472,4.497897908920648,4.373201987941953,1.2392160805848227,-3.9335490093256853,3.3625085828015626,0.923500485628645,5.147005512541899,1.7769903717214077,0.784983103929448,4.35248687937618,0.5820752485315281,-0.7322177109666649,1.1653506700058132
0.5404059758634463,-2.0592258039462408,1.573835095771146,1.198366395429456,-1.746474665321549,0.6372114762303598,0.8041041570050023,0.6239213836395626,0.3917278855736141,2.348882681391454,-0.6621100446085989,0.3740772444777847,0.035421083925496505,1.1007118806067524,0.19546817171674608,-2.1413637118292304,0.2522160923813786,0.11800360029074099,-1.5893792262414872,-0.6654636728687872,1.8812953052718304,1.112067431204688,0.8193061589692043,0.1974876820637834,0.28771359735902446,2.1690098470313814,0.11459986974202438,1.922995930745079,2.353949448862948,0.07798831825095008,-1.8409731316202407,2.5177215905464205,2.5731577006687565,0.3319021520621826,-2.326401631638522,1.7440405135355048,0.3055173821416366,2.8840390508381915,0.7296213094434126,0.426838438580045,2.3345239213537003,0.7361006691376971,-0.2349242680558773,0.7030639992780635
0.0229313051932757,-0.9999861532828032,1.0219167909869953,0.8741073696690491,-1.0538629882634447,0.5370327184344479,0.23757078375505342,0.5554443978770126,0.3365161813280163,1.3288655932463316,-0.41521761368410287,-0.49366516500109187,-0.372293580500338,0.6912051040939007,-0.0017750387892282464,-1.6892325248778775,-0.13917439840288579,0.060041383111029,-0.9251280129776205,-1.0836564712919223,0.6387406880676135,0.14712131795996627,0.1974876820637834,0.5089027972576925,0.6159197082905664,1.5995420267777625,-0.023678524584921007,1.1889910122472929,1.1468917937394407,0.05053233509265963,-1.5427017264586396,1.7185252318713116,1.792876437706056,0.3891196604964557,-1.320069630941633,1.4760370466214854,0.7269859350484454,2.025778155180787,0.4078821669152888,0.284561974981507,1.2980986234528717,0.18218318457518606,-0.12402859259801848,0.33585787573864145
-0.11057314143932798,-1.7334955050069791,1.7400863315419817,1.153144679908167,-1.7586027669298618,0.6129447436333547,0.5219397047958707,0.7987870787137977,0.598110971832429,2.1677737475705166,-0.6129037834195734,-0.8509053179693395,-0.3417683981006539,1.1258293307510838,0.03155695627764189,-2.6789779730151553,-0.16474297537267557,0.23339608955209137,-1.3706090293889757,-1.2918156430110947,1.0767784515165588,0.5636974859196743,0.28771359735902446,0.6159197082905664,0.8829619141022819,2.393907412484404,0.013401496435886128,1.9061827297271037,1.9077812921501403,-0.017126036961198087,-2.4556107818767527,2.6878912467580705,2.756612121172339,0.8033753766512814,-2.040771706177851,2.3266714640221657,1.1393995228614051,3.12916110183576,0.8135295559783873,0.4494281302613828,2.152144228275316,0.11957990682150002,-0.3495964830393059,0.5345537619008045
0.6849702960502717,-7.7914592081435465,6.946904418576948,4.941478008343207,-7.389791499945691,2.7448504538333016,3.1856768288258137,2.8615419774399156,1.9872539852871707,9.31037726977741,-2.567729235969573,-0.9643496902760426,-0.5673260565507762,4.664189001262862,0.5793633701620132,-10.111007522538383,0.2693168060597375,0.8742162511822585,-6.119796928264892,-3.79610904535827,6.308487347648616,3.6435985814071437,2.1690098470313814,1.5995420267777625,2.393907412484404,9.739191929020754,0.271730029291641,8.14379067082785,9.059209714807952,0.2692654258505592,-9.225388732512334,10.91870464161002,11.21731173682047,2.555236564320866,-9.24666197249091,8.392888041026804,2.9396573274568216,12.766393410160708,3.257303493818788,2.0591996718155947,9.668655314256615,1.5492486596799673,-1.0014763531329987,2.6175444226221964
-0.0408953683455219,-0.49624391414481805,0.5115832624415078,0.2540243720203787,-0.4186132222277967,-0.01199109559897649,0.3138142388768357,0.08212805681173474,0.05903018485171699,0.48358750953632623,-0.10380959127117477,0.0048045267692668845,0.1668443448204656,0.23496917859557614,0.04865133773973162,-0.4737349762905244,0.08034129396150551,0.16739613770858475,-0.13769829803880804,0.11040740619730469,0.45802227735209283,0.29221839178250875,0.11459986974202438,-0.023678524584921007,0.013401496435886128,0.271730029291641,0.13067884915402966,0.3465226443625036,0.5707697567574802,0.0027436221566701745,-0.42316415060811713,0.579521541057972,0.37928012186495247,0.18700481648883993,-0.5307616984817819,0.35279866544781685,0.1854064199443147,0.5891558697472612,0.3989805803483824,0.07303984968668292,0.49001162175198776,0.008076629923131594,-0.13005415315715266,0.07585050858361135
0.5439214588739594,-6.986993995855911,6.22380744340324,4.115065991414783,-6.472099837120959,2.1290567739055266,2.9210238862413918,2.4213520133241184,1.638358873556297,7.992965178617095,-2.191668665333794,-0.7820432892362135,-0.22989786004655433,4.101379997369229,0.6489735080277053,-8.676751880871029,0.2748679316060478,0.9034441975316478,-5.2035534072138185,-2.869140605523491,5.611935986615082,3.3660829903384886,1.922995930745079,1.1889910122472929,1.9061827297271037,8.14379067082785,0.3465226443625036,7.1284110841912804,7.9354016058426495,0.14308804747845486,-7.990210437264926,9.443366762124658,9.612542115070223,2.2315462213475423,-8.064963718711748,7.032103528980669,2.486011406197494,10.869545733608435,3.032759440368718,1.7865600887532305,8.261040428925755,1.3258200016913384,-1.0187917813687237,2.2043927433983064
0.673344154161346,-8.305978354741521,7.369435547656891,4.962282756734455,-7.58669993167733,2.2955167756000345,3.6718160804105415,2.6626089632537706,1.9346557136286648,9.555409388745668,-2.508287804672546,-0.47404277058793504,0.07672485053514425,4.700793928018251,0.6227653624886427,-9.904771404387812,0.6044156021910337,1.2447754781732254,-5.744276781695302,-2.683245167424661,6.887422869981034,4.2251917256683305,2.353949448862948,1.1468917937394407,1.9077812921501403,9.059209714807952,0.5707697567574802,7.9354016058426495,9.598601120889859,0.20651186847010777,-8.912830724717653,10.982573877599672,10.645857847983224,2.6252650561440833,-9.538674985905143,8.130719662745667,2.8412897822084804,12.65292128135487,3.9554585844967174,1.9787124503501339,9.869096467539054,1.498964134723219,-1.2150238088733107,2.5626030293649036
0.12854199726632065,0.0036025172247173658,-0.00487248571915678,0.26934784815602103,-0.06095277979261976,0.2675619368715312,0.15971337652133713,0.018677137104520385,-0.08304472786598216,0.07649874987481395,-0.041312190820738524,0.2564514650882521,-0.08069900436344152,0.03275199382210281,0.04220675173709411,-0.0651555601016842,0.07558449399682524,-0.047911386687347624,-0.14255987558591976,-0.13267932874607205,0.24600721631568676,-0.04944930678319964,0.07798831825095008,0.05053233509265963,-0.017126036961198087,0.2692654258505592,0.0027436221566701745,0.14308804747845486,0.20651186847010777,0.1604841925691574,-0.1120538398776219,0.1720083352223768,0.19380841803574628,-0.09296747630126216,-0.26221207404107777,-0.008053308217921544,-0.11032012362490952,0.2696811400365309,-0.061207386964721555,0.10576593019335907,0.22166221100233413,0.14065467566365294,0.20461664511871636,0.06755685921430843
-0.12782829917042568,7.854800876421907,-7.352698539639657,-4.7694764492554995,7.445327054268574,-2.318905573226043,-3.3037605708377384,-2.8243038264757345,-1.9935278407682122,-9.060548423642143,2.4352418197400953,1.613645829254779,0.37129137928993944,-4.687763072262644,-0.6009435043353218,10.220624642158485,-0.13354619622064187,-1.2533298820623102,5.602015492355658,3.3884450291673183,-5.99045227900742,-3.5470033616472,-1.8409731316202407,-1.5427017264586396,-2.4556107818767527,-9.225388732512334,-0.42316415060811713,-7.990210437264926,-8.912830724717653,-0.1120538398776219,9.460427660716798,-10.930517926204534,-10.85627568807695,-2.905220827042609,9.115728757326064,-8.372733703975742,-3.464067014263639,-12.58903298536821,-3.777706389036266,-2.0351146618086213,-9.375432266195922,-1.025443138273534,1.2546424029117647,-2.3618353778338914
0.5220591901979866,-9.634149533341471,8.782047541393629,5.8767197414063945,-8.945177513804731,2.7693708133724964,4.000482064228241,3.342096503448481,2.383068844807543,11.160072326549637,-2.992667666993664,-1.3201465980270755,-0.27504298613319506,5.599834255146282,0.6557578533747567,-12.063051680957129,0.37711733311823536,1.4304889934659255,-6.793960270417107,-3.8614520900338314,7.595491098120253,4.497897908920648,2.5177215905464205,1.7185252318713116,2.6878912467580705,10.91870464161002,0.579521541057972,9.443366762124658,10.982573877599672,0.1720083352223768,-10.930517926204534,13.119938445949094,12.843138724676068,3.249760592150655,-11.110734409389124,9.977055393946134,3.8642788246317203,15.090768801342904,4.6014798028371615,2.326378451031912,11.409131928278967,1.5635937746515243,-1.5148004912821986,2.9253311810519804
0.7623741758108192,-9.365810429833623,8.339640530049438,5.662344863737806,-8.73911598405336,3.0039648831946484,3.7378508662925674,3.376253843880528,2.3227639584433057,10.91390714063803,-3.014885864135173,-1.220416884967942,-0.5327988167799341,5.546072014698516,0.7544326248326312,-11.87896229220765,0.28013279486039894,1.1183558896277288,-7.1418822649365215,-4.282812464950655,7.411926888460173,4.373201987941953,2.5731577006687565,1.792876437706056,2.756612121172339,11.21731173682047,0.37928012186495247,9.612542115070223,10.645857847983224,0.19380841803574628,-10.85627568807695,12.843138724676068,13.141075804801957,3.013608089357644,-10.866983229565061,9.77882846741125,3.5039480260057894,14.86064017785752,3.9865324247184524,2.381431690777102,11.204143869794034,1.8144571354383616,-1.3568774363375142,3.016675398260497
-0.36406167922341237,-2.3479206154202816,2.379626774842387,1.203165087164646,-2.2909601993453954,0.37071997431771325,1.05291584952175,0.7736912375567947,0.7585057215761726,2.75260653277038,-0.645827095887477,-0.9343677913612133,0.08830208694793616,1.38461044765938,0.07649530651314937,-3.187253340384415,0.0021019992694791497,0.588416899761416,-1.3640500537953488,-0.6722481614653616,1.5970965040682032,1.2392160805848227,0.3319021520621826,0.3891196604964557,0.8033753766512814,2.555236564320866,0.18700481648883993,2.2315462213475423,2.6252650561440833,-0.09296747630126216,-2.905220827042609,3.249760592150655,3.013608089357644,1.2596806104482914,-2.5350726350661588,2.7280691806148387,1.3477545298079887,3.731868196218315,1.4358852970661338,0.5490900294926376,2.859382353879549,-0.1388644384124465,-0.6038123101209232,0.6291004404864995
-0.7189185055273725,8.25174786941718,-7.3852337900834035,-5.145935892268528,7.5906644681141255,-2.490006009141495,-3.5949605564521763,-2.7637940570840174,-1.8620548884928079,-9.478126290470698,2.544315002340644,0.5674263755870406,0.14938095855627764,-4.7486868918850575,-0.6689429113878005,10.028829327513366,-0.5056956928311236,-1.1827033145120813,5.853053605491945,3.060985341712637,-6.809034908951345,-3.9335490093256853,-2.326401631638522,-1.320069630941633,-2.040771706177851,-9.24666197249091,-0.5307616984817819,-8.064963718711748,-9.538674985905143,-0.26221207404107777,9.115728757326064,-11.110734409389124,-10.866983229565061,-2.5350726350661588,9.654602163527338,-8.162985235352187,-2.946390985893517,-12.803571204156173,-3.856900379506384,-2.032550415384203,-9.784105631678191,-1.595872932611216,1.1153773212392433,-2.5427665613411903
0.17561684392319593,-7.213742764441927,6.655023814786214,4.327168878405837,-6.795287064973923,1.9844142218903296,2.7278567069487223,2.6193692974788525,2.088979563356154,8.657092340396881,-2.2910081440840773,-1.5576551489805104,-0.3321987650051646,4.225144039563225,0.26544217293005495,-9.410588757730022,0.1277479133184392,1.0565943749294797,-5.105194413109089,-3.220409889835788,5.366391681580353,3.3625085828015626,1.7440405135355048,1.4760370466214854,2.3266714640221657,8.392888041026804,0.35279866544781685,7.032103528980669,8.130719662745667,-0.008053308217921544,-8.372733703975742,9.977055393946134,9.77882846741125,2.7280691806148387,-8.162985235352187,8.096806841921746,3.30702414920482,11.541779935042701,3.4919813772821193,1.6267469534572503,8.686611185120993,0.9364110183654001,-1.3475416175739545,2.220931814084733
-0.417513014585928,-2.6398341509776473,2.7944869646431636,1.6500990858393456,-2.5928883274141823,0.5458227693201443,0.9336581406155245,1.0529084969051852,0.8736974681984175,3.118757693902196,-0.7905341855678822,-1.3548949505203736,-0.21400309369460274,1.605706512580376,8.183826445067916e-4,-3.8137929026873203,-0.16590864718144052,0.6373382173649699,-1.5399995471586225,-1.2983382150951825,1.549820086635262,0.923500485628645,0.3055173821416366,0.7269859350484454,1.1393995228614051,2.9396573274568216,0.1854064199443147,2.486011406197494,2.8412897822084804,-0.11032012362490952,-3.464067014263639,3.8642788246317203,3.5039480260057894,1.3477545298079887,-2.946390985893517,3.30702414920482,1.906434353535466,4.394101558098348,1.6647401863614135,0.5685810142962423,3.042975805521586,-0.1046368119412528,-0.6761853374131902,0.6296847775075164
0.6521330350297999,-10.963660637988783,9.966466715952034,6.85372968498695,-10.273833384038147,3.3605704001694696,4.606836005483204,3.8444465875145415,2.766710514006129,12.874645283441863,-3.4398739880896967,-1.450671552619471,-0.43785704782618673,6.42411394401067,0.716564727446545,-13.895767694629958,0.46144184981201636,1.586775380437489,-7.900107364772049,-4.559429846124028,8.721540321749668,5.147005512541899,2.8840390508381915,2.025778155180787,3.12916110183576,12.766393410160708,0.5891558697472612,10.869545733608435,12.65292128135487,0.2696811400365309,-12.58903298536821,15.090768801342904,14.86064017785752,3.731868196218315,-12.803571204156173,11.541779935042701,4.394101558098348,17.508083816999818,5.158223318601467,2.7313407995435552,13.276642748910408,1.8155181759239547,-1.602978922945853,3.434412459033352
-0.19702415287720396,-3.549584669999665,3.443689915510868,1.9486143080208833,-3.2246709140563046,0.5145056291293043,1.631877249059494,1.0531659949574048,0.8839733884883707,3.9129237111025894,-0.9406311555290322,-0.7005644373438769,0.2804474639807541,1.9537748477509904,0.17199262620202382,-4.220623811231844,0.18755122809017066,0.8646748466568093,-1.8785231514373086,-0.6743829943932271,2.650486749380935,1.7769903717214077,0.7296213094434126,0.4078821669152888,0.8135295559783873,3.257303493818788,0.3989805803483824,3.032759440368718,3.9554585844967174,-0.061207386964721555,-3.777706389036266,4.6014798028371615,3.9865324247184524,1.4358852970661338,-3.856900379506384,3.4919813772821193,1.6647401863614135,5.158223318601467,2.211264678961159,0.7343125635565738,3.9623749475680685,0.142356513501947,-0.785082144626786,0.8633716110805683
0.08723133994999446,-1.6535606914801813,1.5094901829187621,1.0638834959743175,-1.5853539547348237,0.613179773216065,0.8387675296505598,0.5750368458710393,0.35004365787756914,1.8616093131748999,-0.5066979311641756,-0.15325913268067856,-0.09042912949872821,1.0121611517842077,0.20100441978550482,-2.114472579213819,0.0816196507008086,0.2616800609488306,-1.2703579051671505,-0.6709368647068261,1.3930147948508531,0.784983103929448,0.426838438580045,0.284561974981507,0.4494281302613828,2.0591996718155947,0.07303984968668292,1.7865600887532305,1.9787124503501339,0.10576593019335907,-2.0351146618086213,2.326378451031912,2.381431690777102,0.5490900294926376,-2.032550415384203,1.6267469534572503,0.5685810142962423,2.7313407995435552,0.7343125635565738,0.5447796416910313,2.0822043996796418,0.2725420519310801,-0.1248350849342815,0.5430400026781913
0.5908604724679447,-8.46675410655574,7.540316478420243,5.107414643807181,-7.868074178458849,2.4792118449790226,3.7215462013811225,2.7981455904736485,2.1346464591792986,9.971725554725735,-2.6058767833841343,-0.7281754920182264,-0.0627644400267028,4.865561044512891,0.5561630229425643,-10.424849489231555,0.5558209425126297,1.2347830748943958,-6.033695639122801,-3.0128350260398418,6.96067779595094,4.35248687937618,2.3345239213537003,1.2980986234528717,2.152144228275316,9.668655314256615,0.49001162175198776,8.261040428925755,9.869096467539054,0.22166221100233413,-9.375432266195922,11.409131928278967,11.204143869794034,2.859382353879549,-9.784105631678191,8.686611185120993,3.042975805521586,13.276642748910408,3.9623749475680685,2.0822043996796418,10.375465714451458,1.4215800883194443,-1.2203279446124307,2.713825504993512
0.7537668798141988,-1.2853735221631215,0.7800586970225137,0.9283706780988403,-1.0268884909380451,0.6742624116163577,0.3871226192081135,0.44366781990708204,0.1264948499018576,1.4895986239192134,-0.4983198210184345,0.6627493096606654,-0.1502081657334413,0.6937567349946601,0.19550564036676985,-1.2135587935566001,0.20746516264307402,-0.15631191561325072,-1.2948451669189758,-0.7280905103101545,1.3540780436090394,0.5820752485315281,0.7361006691376971,0.18218318457518606,0.11957990682150002,1.5492486596799673,0.008076629923131594,1.3258200016913384,1.498964134723219,0.14065467566365294,-1.025443138273534,1.5635937746515243,1.8144571354383616,-0.1388644384124465,-1.595872932611216,0.9364110183654001,-0.1046368119412528,1.8155181759239547,0.142356513501947,0.2725420519310801,1.4215800883194443,0.902609149097389,0.017544640771090768,0.5302899523737992
0.13750711067611734,1.3084658090050332,-1.2294634029541491,-0.3909625264174399,1.117023308750805,0.08096877027574444,-0.35510710086648206,-0.3836628784320482,-0.42655336236896046,-1.4078733991460692,0.3393272602143771,0.5142407846326961,-0.17576295783985482,-0.6884492726145333,-0.01923798312312152,1.5071540164846533,0.028185295001662274,-0.2837478606858523,0.636010646496657,0.22321023723605005,-0.7401675506613865,-0.7322177109666649,-0.2349242680558773,-0.12402859259801848,-0.3495964830393059,-1.0014763531329987,-0.13005415315715266,-1.0187917813687237,-1.2150238088733107,0.20461664511871636,1.2546424029117647,-1.5148004912821986,-1.3568774363375142,-0.6038123101209232,1.1153773212392433,-1.3475416175739545,-0.6761853374131902,-1.602978922945853,-0.785082144626786,-0.1248350849342815,-1.2203279446124307,0.017544640771090768,0.5478191391724906,-0.27623196205559164
0.3175764489139352,-2.2046848660935945,1.8390010160451165,1.314895908974681,-2.0184736262169776,0.727121599287148,0.8989911207825473,0.7425884854491439,0.5503971610996201,2.6263333558618918,-0.7108930468275108,-0.029856842963206964,-0.06912675570934973,1.266220567576154,0.16187974201537875,-2.6537831516883608,0.16438442423736235,0.21231993697818058,-1.7254007921919836,-0.8852150006584625,1.8599002377076113,1.1653506700058132,0.7030639992780635,0.33585787573864145,0.5345537619008045,2.6175444226221964,0.07585050858361135,2.2043927433983064,2.5626030293649036,0.06755685921430843,-2.3618353778338914,2.9253311810519804,3.016675398260497,0.6291004404864995,-2.5427665613411903,2.220931814084733,0.6296847775075164,3.434412459033352,0.8633716110805683,0.5430400026781913,2.713825504993512,0.5302899523737992,-0.27623196205559164,0.7703668606268054
