V1,V2,V3,V4,V5,V6,V7,V8,V9,V10,V11,V12,V13,V14,V15,V16,V17,V18,V19,V20,V21,V22,V23,V24,V25,V26,V27,V28,V29,V30,V31,V32,V33,V34,V35,V36,V37,V38,V39,V40,V41,V42,V43,V44
0.17895279438627887,0.6411352821757156,0.35338817369597375,-0.06663544568288278,0.04257832306674032,-0.2488619360137335,0.17272431271088082,-0.3233505957171292,-0.4389160858264416,0.532279538213546,-0.6838994839354202,0.6926337933299492,1.3688223325581208,-0.7295422891204429,-0.14570713955363399,-0.15102986324670992,0.18406419879532707,-0.9837238412728083,0.18598723304040443,-0.7067821728396496,2.2876857391380137,0.397732867975365,0.5222302933118727,0.40627097307588883,0.1291238126344006,0.5226853926131936,1.2635548692601444,0.13301549707165417,0.40724757528393873,0.6680161185222588,0.5142965964244602,0.5485595050330678,0.0013681068495528365,0.21143217219671614,0.06960119007188141,0.5130821939891025,-0.618762748157665,-0.542174393767659,0.057656084018205864,-0.97582808201836,0.19406511183092998,0.46929792381648255,-0.6951213339824535,-0.10973425576532736
0.6411352821757156,7.713868131493372,2.662671850912871,-0.2725224557700602,1.9477575480130878,-2.299419470064961,3.9784522056473577,-4.239343052438547,-5.400112995581901,5.665465903641786,-5.023342037555419,7.098913222608842,13.570691392013579,-6.134200531203701,-1.8227912412349359,-1.9183535834659777,2.147950509291405,-9.955992821853116,1.9920769109587915,-6.630591850560431,21.18825886462616,3.6059458418272223,5.63873846601998,3.4268213788643087,1.5398889214559015,5.399658846329963,10.912569201515069,1.4188068207690054,3.1971289181956144,6.230062617929231,5.4341512148686535,4.527968883869821,-0.6596579701192354,2.2470825326148596,1.5286642255054654,7.342810594171532,-6.546018621022726,-4.72412905913221,-0.4388485256870069,-8.690592881459951,1.4321502468866485,3.463258779549534,-7.40523743251475,-1.5083265754235402
0.35338817369597375,2.662671850912871,1.628831819159146,0.1220271924910821,0.40782788692736877,-0.9527155979857982,1.6720446221480658,-1.525467602048395,-2.1670507505389707,2.8047194067243266,-2.2910694817595405,2.8096827935009885,5.666687682610242,-2.3058349001011553,-0.692488414457769,-1.3359223207576714,0.8290916373425975,-4.146139568982369,0.529565069325194,-3.046211007841918,9.167213737546822,1.562051370962446,2.522292315224869,1.5609171768945773,0.7900405111961711,2.5745141267447846,4.64929414983003,1.035056635043505,1.7516515653538107,2.554287171520231,1.7838243356851171,2.4904934749433405,0.2870891578639849,1.0005354185000053,0.13175360434435202,3.4268896193038443,-2.4660825492271736,-1.4404777940806854,0.09842557732037542,-3.5960234097214197,0.8310077360748384,1.6428461579408387,-3.284597129595973,-0.5580180188093979
-0.06663544568288278,-0.2725224557700602,0.1220271924910821,0.18356802201035988,-0.11284883252231613,0.08888096116774497,0.19086880908336096,0.10289745474225714,0.0840105232642452,0.2217835804646698,0.14916601172369506,-0.1399525398673004,-0.20115051577308193,0.3208728375257757,0.008507767285573758,-0.2792825330008075,-0.010130364527298177,0.12374374889432704,-0.1892490294783913,0.05557610779484888,-0.28553296576645165,-0.025415908549963544,0.04790754185330953,-0.06747222872692608,0.07941380180317799,0.1498441377591417,-0.2867098532416712,0.22323996263443527,0.13799381394510718,-0.13157450949593943,-0.32095434400368533,0.14438761050480084,0.24694351061710793,0.05627081206203062,-0.22810044796781107,0.3033297394630509,0.19087980138299743,0.48027400968189093,0.053646750552765014,0.2796126110723601,0.14844550143309038,-0.0760359690081632,0.031085624442701985,0.0743954593080225
0.04257832306674032,1.9477575480130878,0.40782788692736877,-0.11284883252231613,0.774607887051269,-0.6179381577386258,0.9815417089513029,-1.0012273888878613,-1.2652326308554438,1.1152463694467405,-0.8799935397770877,1.5533402722518124,3.0602477205067817,-1.354333008571547,-0.4822536965970408,-0.22621434723907533,0.47417749249088564,-2.3710872032952794,0.5833633383534655,-1.3194926065183081,4.358810469570799,0.557832655330967,1.3326718498684065,0.6588874304415393,0.365720569947457,0.9032884981146089,2.244677579819899,0.16344692871841943,0.40614115462889405,1.3384587349532588,1.4363016025670052,0.6037786121959458,-0.5128128002491632,0.4716164666431198,0.6145086204953951,1.6739750828146682,-1.4695455566706201,-1.273184745707702,-0.216222365737987,-1.8346574147444263,-0.0980981872576717,0.6831879165870319,-1.6846419195049218,-0.40267214726169415
-0.2488619360137335,-2.299419470064961,-0.9527155979857982,0.08888096116774497,-0.6179381577386258,0.8370253459832846,-1.1204317930807703,1.2001486709842322,1.6332606673589098,-1.7728300187741814,1.6158301561643098,-2.1283653996484784,-4.312441654769225,1.9391053218548029,0.5784922885444636,0.5863740297828693,-0.6144921767459884,3.245029441214956,-0.6311853243137723,2.0988094457792243,-6.625686685364078,-0.9731576728606153,-1.858129201506934,-1.0996538500110722,-0.5326127132221958,-1.530345292085917,-3.4704513117265736,-0.46186773596968783,-0.9665189082696745,-1.9386636302729388,-1.705191756064622,-1.38260879056864,0.2607449787954495,-0.6863089308763177,-0.4611525911207596,-2.260651658388204,1.9354944427295575,1.5635565557423219,0.03917349549391743,2.7406749884107064,-0.2066968032250696,-1.1973068503300028,2.3970898079013137,0.4775057274406986
0.17272431271088082,3.9784522056473577,1.6720446221480658,0.19086880908336096,0.9815417089513029,-1.1204317930807703,2.747623261124874,-2.3083037458540745,-2.9957515822466267,3.626621594070112,-2.4895397237820083,3.81435734447581,7.336167430105443,-2.845137508832265,-1.0324386399888128,-1.6191634854027237,1.2305023718082542,-5.406464650557296,0.802779474413678,-3.6470799213766996,11.455345887949493,2.0232076655049833,3.2919001639591863,1.791534416970337,1.0109210947793854,3.372450959228474,5.594374324266105,1.206763165290219,2.026315798559745,3.2859864197784465,2.5337550368315354,2.796734915045575,0.04107214391478064,1.377257478768586,0.5029780360074265,4.829793331630728,-3.4246718294666656,-1.7842091186853177,-0.2190127895180515,-4.383064007734559,1.0928055699584955,1.7469372685017919,-4.174291361688964,-0.7571965496039815
-0.3233505957171292,-4.239343052438547,-1.525467602048395,0.10289745474225714,-1.0012273888878613,1.2001486709842322,-2.3083037458540745,2.470994478207388,3.1729528842321204,-3.1890070853669616,2.7850524409871675,-3.963201562849628,-7.422389101291648,3.234469701042408,0.9254580526911137,1.2594682699071302,-1.1765423804769686,5.3171367679325625,-1.0294420951354246,3.8636564622057885,-11.792817447974787,-2.135886878979766,-3.063500244803082,-1.9409853548159426,-0.8374841480461299,-3.181015709301589,-6.03225556146365,-0.9043870721487693,-1.8185494215493718,-3.3765602861612547,-2.890646452358853,-2.76109274794088,0.1396256499347931,-1.1905250024953082,-0.7621920762650342,-4.220349373058415,3.6697580093368214,2.4898463036252414,0.2906197925886814,4.865067345403736,-0.9518840999111696,-1.8796257793237312,4.219356192273481,0.9209224365084513
-0.4389160858264416,-5.400112995581901,-2.1670507505389707,0.0840105232642452,-1.2652326308554438,1.6332606673589098,-2.9957515822466267,3.1729528842321204,4.218596869945945,-4.244582872845295,3.66276620911324,-5.0966456821415065,-9.708821035882236,4.12063223951368,1.1719504118194661,1.7990897270848327,-1.471767842795081,6.9754885138386085,-1.282486120546783,5.214499787414311,-15.439794132816345,-2.703009000039627,-4.08849377298309,-2.595388306868162,-1.1595214782846999,-4.147823325959001,-7.904096711437259,-1.306805208781921,-2.3830458122596703,-4.336846686125141,-3.6781641635962905,-3.755012843682204,0.06262804685111224,-1.51112253961741,-0.9125679090668206,-5.649181122921457,4.700401514630029,3.2104017512690723,0.3166800783652499,6.394327876399608,-1.1009007352794724,-2.537928716273102,5.687203329614464,1.2617205042638953
0.532279538213546,5.665465903641786,2.8047194067243266,0.2217835804646698,1.1152463694467405,-1.7728300187741814,3.626621594070112,-3.1890070853669616,-4.244582872845295,5.477635353243214,-4.206914369595956,5.689716793129793,11.183315568396557,-4.586342488386829,-1.5059064493614305,-2.394807428044036,1.7830127750144136,-8.245887859350127,1.1663698176222734,-5.624442824537631,17.767505600658254,3.094973713924073,4.949172335827824,2.873309418660341,1.518046111046494,5.058302815857216,8.882732542270926,1.8428587780478611,3.306513434815875,5.094900492194205,3.7351415920469124,4.465868874871044,0.22628881378253363,2.0889134037926844,0.531139155011765,6.854501789009332,-5.041048018863237,-2.8208760631071494,-0.041849279734588116,-6.862143590278827,1.7311480594178663,2.9636410801129167,-6.23411481820875,-1.023558600623672
-0.6838994839354202,-5.023342037555419,-2.2910694817595405,0.14916601172369506,-0.8799935397770877,1.6158301561643098,-2.4895397237820083,2.7850524409871675,3.66276620911324,-4.206914369595956,4.03120136673948,-5.004793460835039,-9.6890831056528,4.459018006279417,1.1896588025509138,1.6031811885819895,-1.4716877243544768,7.0025722722016805,-1.2408970070638754,4.978656473625339,-15.660398448742804,-2.7804286352939616,-3.9792503894046094,-2.6375885990945673,-1.0947937464451964,-4.091521003350783,-8.160692954353005,-1.22204705735918,-2.6959254865300992,-4.5360590449644524,-3.5736887675688487,-3.7742022525534833,0.012988437132018261,-1.6152566682999443,-0.6671140367716396,-5.034211353458462,4.532158738274529,3.1916131112276727,0.013710672547989616,6.390959088002083,-1.375749253959874,-2.7497203774121335,5.284223700470759,0.9770719365370673
0.6926337933299492,7.098913222608842,2.8096827935009885,-0.1399525398673004,1.5533402722518124,-2.1283653996484784,3.81435734447581,-3.963201562849628,-5.0966456821415065,5.689716793129793,-5.004793460835039,6.80598031776288,13.017080457811046,-5.804368711941255,-1.6979652190183356,-2.1265843469765042,2.0662230140630293,-9.47584725400942,1.7311281370152845,-6.494961825924355,20.652333369738926,3.6438796834455545,5.433984587375387,3.366469451682979,1.5069625504484037,5.478380921959336,10.591544198818651,1.5959954694327254,3.4058235558007577,6.017164390503427,4.932322079609955,4.7530839850047,-0.2549391022260715,2.216896602531419,1.1347334029158664,7.163175392052886,-6.202961888756651,-4.194848620722699,-0.2652016487548835,-8.351621819885667,1.7346378501874686,3.426013986328803,-7.120601449905563,-1.3622980650133578
1.3688223325581208,13.570691392013579,5.666687682610242,-0.20115051577308193,3.0602477205067817,-4.312441654769225,7.336167430105443,-7.422389101291648,-9.708821035882236,11.183315568396557,-9.6890831056528,13.017080457811046,25.40171241236705,-11.242330976790418,-3.3812590471799155,-4.1689369062120925,3.94684992057555,-18.714280858804038,3.330947664349227,-12.539598744956313,39.99265510351352,6.754213685190864,10.794307053560892,6.5275980099928645,3.077071286975589,10.411436003603132,20.52509541675251,3.184199075920137,6.605641199987982,11.668888393516072,9.518032199648136,9.109264159001025,-0.5955223179698587,4.3660941565878275,2.1389528754130906,14.03275721144686,-11.788636132610561,-8.097333912707365,-0.3376561126651641,-16.093307979374416,2.9910118058871906,6.787456975948011,-13.91245706405355,-2.580051305571926
-0.7295422891204429,-6.134200531203701,-2.3058349001011553,0.3208728375257757,-1.354333008571547,1.9391053218548029,-2.845137508832265,3.234469701042408,4.12063223951368,-4.586342488386829,4.459018006279417,-5.804368711941255,-11.242330976790418,5.3748684162377405,1.5023722103975445,1.397500349729755,-1.7502772257764299,8.274010689885019,-1.657402485820815,5.377816598687172,-17.728283988653708,-2.9998175487388594,-4.583536161765475,-2.9011925493778805,-1.2145615614079581,-4.348181913746406,-9.280809063919595,-1.0720297019447573,-2.8071750422068966,-5.288475502302183,-4.484874734899215,-3.7466200668009133,0.5535293710010777,-1.881307619336108,-1.1384521915049226,-5.550306278896922,5.311163254794754,4.041739410365777,0.1423464299788319,7.272568811741208,-1.2612549775320325,-3.057994176032571,5.8938904504644345,1.0948272653113291
-0.14570713955363399,-1.8227912412349359,-0.692488414457769,0.008507767285573758,-0.4822536965970408,0.5784922885444636,-1.0324386399888128,0.9254580526911137,1.1719504118194661,-1.5059064493614305,1.1896588025509138,-1.6979652190183356,-3.3812590471799155,1.5023722103975445,0.5195718319454008,0.48454654209796416,-0.5538912432601661,2.579403982106817,-0.4582139643778769,1.4869032250071068,-5.154702181426874,-0.8121580652989194,-1.4811784573623832,-0.7931739746511343,-0.4323393570191107,-1.3105487486012755,-2.6074926678889785,-0.3830773334452337,-0.8568262042521663,-1.56869104581382,-1.2892896634834472,-1.030411641339567,0.2038459499788223,-0.640875046510954,-0.3204937135947254,-1.8865860076617889,1.522186253635083,1.0222817222296459,0.043789274257403664,1.9955341822901256,-0.34857121866720625,-0.8535896690365784,1.7479546865641598,0.2724554795320414
-0.15102986324670992,-1.9183535834659777,-1.3359223207576714,-0.2792825330008075,-0.22621434723907533,0.5863740297828693,-1.6191634854027237,1.2594682699071302,1.7990897270848327,-2.394807428044036,1.6031811885819895,-2.1265843469765042,-4.1689369062120925,1.397500349729755,0.48454654209796416,1.407898395157391,-0.649894840139169,2.9677686460490094,-0.21942432834205003,2.4516115629011996,-6.9017591287722615,-1.316096441050565,-1.9451098350434985,-1.1707514572623805,-0.6623069908189733,-2.298222865174977,-3.3226545284031257,-1.0546073339702295,-1.4762229615665032,-1.8236100449592216,-1.0703556465089554,-2.2025335372361723,-0.5617381911619567,-0.7905033640877135,0.09403081928689166,-3.086840484421364,1.8446302383203255,0.6278552239193051,-0.023450068278865508,2.585643821423199,-0.9099047490428444,-1.123811275445212,2.6113361129600694,0.4526874364874275
0.18406419879532707,2.147950509291405,0.8290916373425975,-0.010130364527298177,0.47417749249088564,-0.6144921767459884,1.2305023718082542,-1.1765423804769686,-1.471767842795081,1.7830127750144136,-1.4716877243544768,2.0662230140630293,3.94684992057555,-1.7502772257764299,-0.5538912432601661,-0.649894840139169,0.6623128574742825,-2.9014591634305003,0.5081315184617079,-1.8676848427078376,6.2204474431411985,1.1129511606768339,1.6679125499845366,0.9790568192211827,0.46673997357499614,1.6961587509408558,3.143022598350086,0.49147509514813625,1.080857488401641,1.8496221803107658,1.4712676982951836,1.3944234040487609,-0.09259948564127005,0.727452126764087,0.3212860692384989,2.2225416828764972,-1.8679498717665581,-1.1672254391242847,-0.07590554786649295,-2.4371236476150617,0.6005314295316901,0.9976235126927498,-2.085575422068712,-0.3547850366718225
-0.9837238412728083,-9.955992821853116,-4.146139568982369,0.12374374889432704,-2.3710872032952794,3.245029441214956,-5.406464650557296,5.3171367679325625,6.9754885138386085,-8.245887859350127,7.0025722722016805,-9.47584725400942,-18.714280858804038,8.274010689885019,2.579403982106817,2.9677686460490094,-2.9014591634305003,13.957064086673409,-2.4720986560108282,9.015077941963478,-29.169363025375297,-4.748333184606919,-8.056489017129966,-4.717322775282174,-2.3297617937739816,-7.464273317166314,-14.951323270313177,-2.3021632927191247,-4.786095785578726,-8.57787046750657,-7.034943722985269,-6.437273612313316,0.6309392367353963,-3.2712768613010716,-1.626596215054533,-10.347286181903085,8.548469221412732,5.937244471089304,0.2104511552476397,11.661872841838505,-1.9736367094186096,-4.988682080062367,10.15750640133556,1.8181726530873914
0.18598723304040443,1.9920769109587915,0.529565069325194,-0.1892490294783913,0.5833633383534655,-0.6311853243137723,0.802779474413678,-1.0294420951354246,-1.282486120546783,1.1663698176222734,-1.2408970070638754,1.7311281370152845,3.330947664349227,-1.657402485820815,-0.4582139643778769,-0.21942432834205003,0.5081315184617079,-2.4720986560108282,0.6147753586581779,-1.5282414088910892,5.081676486591245,0.7952519581811379,1.3212189005963755,0.8223904180879011,0.3205885351807272,1.086549926262379,2.7141587594619883,0.15879731665658667,0.6190939626777289,1.5504157033590364,1.5182435373110168,0.8729963631254659,-0.3994139565132657,0.49949433334883625,0.54057256926147,1.5103240875386275,-1.6309218162715795,-1.4529233029265356,-0.12842458945466462,-2.1804399962615744,0.14570340404249726,0.8632661042674886,-1.7443616963762363,-0.3911072740436926
-0.7067821728396496,-6.630591850560431,-3.046211007841918,0.05557610779484888,-1.3194926065183081,2.0988094457792243,-3.6470799213766996,3.8636564622057885,5.214499787414311,-5.624442824537631,4.978656473625339,-6.494961825924355,-12.539598744956313,5.377816598687172,1.4869032250071068,2.4516115629011996,-1.8676848427078376,9.015077941963478,-1.5282414088910892,6.793573591713585,-20.19421169626518,-3.5547947281057475,-5.290267455638192,-3.440702682210319,-1.528248663396194,-5.472872943256252,-10.382556888800746,-1.8203038452239295,-3.3558205162933783,-5.669001295114028,-4.532650811855384,-5.112200240664501,-0.16875302565237327,-2.00842394074204,-0.8963145277683632,-7.180277153622234,5.916915043354262,3.9648458559016087,0.1897614161000063,8.286452388703434,-1.6250279879577014,-3.449830812664833,7.275459631230446,1.5014667426519175
2.2876857391380137,21.18825886462616,9.167213737546822,-0.28553296576645165,4.358810469570799,-6.625686685364078,11.455345887949493,-11.792817447974787,-15.439794132816345,17.767505600658254,-15.660398448742804,20.652333369738926,39.99265510351352,-17.728283988653708,-5.154702181426874,-6.9017591287722615,6.2204474431411985,-29.169363025375297,5.081676486591245,-20.19421169626518,63.70817275315791,11.114761286520432,16.836867407216086,10.505238179357471,4.769534248828497,16.927939589599596,32.718491142362275,5.231904604985718,10.796499779979854,18.456591584259805,14.744018397765169,15.068632673128066,-0.3539085453569887,6.8381658616420715,3.035657552802462,22.082467525956936,-18.703135891783386,-12.574506770056537,-0.4518047599061844,-25.678023770125822,5.3464519545702505,10.81386132931722,-22.015833760898857,-4.099397368205005
0.397732867975365,3.6059458418272223,1.562051370962446,-0.025415908549963544,0.557832655330967,-0.9731576728606153,2.0232076655049833,-2.135886878979766,-2.703009000039627,3.094973713924073,-2.7804286352939616,3.6438796834455545,6.754213685190864,-2.9998175487388594,-0.8121580652989194,-1.316096441050565,1.1129511606768339,-4.748333184606919,0.7952519581811379,-3.5547947281057475,11.114761286520432,2.2046911392735833,2.734815934476864,1.8378106717655491,0.7408164667351927,3.206163129339218,5.666478549827014,0.9639803142078583,2.0319318344278527,3.192614649048576,2.4047125397331537,2.8590694194118655,0.19687989107059797,1.178159678825944,0.3870101802311614,3.783240679717734,-3.3120816172257634,-1.9802185958558385,-0.10839756600882543,-4.45484510108331,1.35757764645368,1.7971422209206858,-3.710997296580067,-0.6926608032247971
0.5222302933118727,5.63873846601998,2.522292315224869,0.04790754185330953,1.3326718498684065,-1.858129201506934,3.2919001639591863,-3.063500244803082,-4.08849377298309,4.949172335827824,-3.9792503894046094,5.433984587375387,10.794307053560892,-4.583536161765475,-1.4811784573623832,-1.9451098350434985,1.6679125499845366,-8.056489017129966,1.3212189005963755,-5.290267455638192,16.836867407216086,2.734815934476864,4.747043931601131,2.724993832067811,1.4186838039252587,4.439916398106178,8.543323487923127,1.5078473205317569,2.8465883413396837,4.889301713827638,3.901089656015841,3.8802398577935535,-0.19521423714079103,1.9132090660223888,0.8133880144632504,6.2782557486649395,-4.86768011763968,-3.183155837518142,-0.09950409335659526,-6.65531128173814,1.181811903593939,2.870442875289565,-5.98359996252208,-1.0604702925550165
0.40627097307588883,3.4268213788643087,1.5609171768945773,-0.06747222872692608,0.6588874304415393,-1.0996538500110722,1.791534416970337,-1.9409853548159426,-2.595388306868162,2.873309418660341,-2.6375885990945673,3.366469451682979,6.5275980099928645,-2.9011925493778805,-0.7931739746511343,-1.1707514572623805,0.9790568192211827,-4.717322775282174,0.8223904180879011,-3.440702682210319,10.505238179357471,1.8378106717655491,2.724993832067811,1.7818557275331735,0.7713438176723673,2.7821000074265507,5.436297864591453,0.8778861217331724,1.7611553862210148,2.99644168937873,2.393606292004612,2.5782457036506017,0.019439726230454032,1.062454272893994,0.4739546499175233,3.5705686235435112,-3.061821399738012,-2.120344121606628,-0.05819493140656665,-4.301530904947323,0.8509921556116424,1.8182019571931283,-3.6802954303906863,-0.7264105398361486
0.1291238126344006,1.5398889214559015,0.7900405111961711,0.07941380180317799,0.365720569947457,-0.5326127132221958,1.0109210947793854,-0.8374841480461299,-1.1595214782846999,1.518046111046494,-1.0947937464451964,1.5069625504484037,3.077071286975589,-1.2145615614079581,-0.4323393570191107,-0.6623069908189733,0.46673997357499614,-2.3297617937739816,0.3205885351807272,-1.528248663396194,4.769534248828497,0.7408164667351927,1.4186838039252587,0.7713438176723673,0.45966971240963983,1.3097466426705349,2.378555709174223,0.5202079904881793,0.8508590415029402,1.3604758534634143,1.023292102110484,1.1616142448980076,0.01465129299004989,0.5740073832854565,0.16902758113548633,1.9487093957804063,-1.3248916308002712,-0.7726847339083069,-0.004919044593746883,-1.8385824457546038,0.3330451064230395,0.8196371949138465,-1.7517561222036881,-0.287987740369965
0.5226853926131936,5.399658846329963,2.5745141267447846,0.1498441377591417,0.9032884981146089,-1.530345292085917,3.372450959228474,-3.181015709301589,-4.147823325959001,5.058302815857216,-4.091521003350783,5.478380921959336,10.411436003603132,-4.348181913746406,-1.3105487486012755,-2.298222865174977,1.6961587509408558,-7.464273317166314,1.086549926262379,-5.472872943256252,16.927939589599596,3.206163129339218,4.439916398106178,2.7821000074265507,1.3097466426705349,4.992215624387588,8.487903967954708,1.715199545730436,3.1800751227545145,4.809517714942429,3.4960117776985173,4.449214749418762,0.4120997288103319,1.891590600673289,0.46979741875239667,6.312013811884404,-4.915300505256934,-2.688466145765566,-0.12077513322752025,-6.631718990571443,1.9689489855322337,2.743234917939499,-5.846314976604477,-1.033396507365178
1.2635548692601444,10.912569201515069,4.64929414983003,-0.2867098532416712,2.244677579819899,-3.4704513117265736,5.594374324266105,-6.03225556146365,-7.904096711437259,8.882732542270926,-8.160692954353005,10.591544198818651,20.52509541675251,-9.280809063919595,-2.6074926678889785,-3.3226545284031257,3.143022598350086,-14.951323270313177,2.7141587594619883,-10.382556888800746,32.718491142362275,5.666478549827014,8.543323487923127,5.436297864591453,2.378555709174223,8.487903967954708,16.949865291843732,2.522725185196349,5.4197007021070265,9.495158246831735,7.716946280375298,7.631640407437214,-0.3185583610107576,3.4258133715371293,1.6703965318620388,10.966907677808587,-9.625186096783965,-6.786877000802185,-0.2166902538905091,-13.338656408948529,2.583194846616228,5.634503635506088,-11.26544306939714,-2.143567769711887
0.13301549707165417,1.4188068207690054,1.035056635043505,0.22323996263443527,0.16344692871841943,-0.46186773596968783,1.206763165290219,-0.9043870721487693,-1.306805208781921,1.8428587780478611,-1.22204705735918,1.5959954694327254,3.184199075920137,-1.0720297019447573,-0.3830773334452337,-1.0546073339702295,0.49147509514813625,-2.3021632927191247,0.15879731665658667,-1.8203038452239295,5.231904604985718,0.9639803142078583,1.5078473205317569,0.8778861217331724,0.5202079904881793,1.715199545730436,2.522725185196349,0.8078483977323908,1.1389033403226052,1.3927911587927537,0.8004044200732827,1.6465125025869252,0.4112592503899627,0.6227042559741587,-0.08982355205084501,2.335687957847257,-1.364168336532493,-0.4575679864733252,0.04873127395830195,-1.938956764563881,0.669223494118186,0.8793229166510692,-1.9600775362143557,-0.3086293608512055
0.40724757528393873,3.1971289181956144,1.7516515653538107,0.13799381394510718,0.40614115462889405,-0.9665189082696745,2.026315798559745,-1.8185494215493718,-2.3830458122596703,3.306513434815875,-2.6959254865300992,3.4058235558007577,6.605641199987982,-2.8071750422068966,-0.8568262042521663,-1.4762229615665032,1.080857488401641,-4.786095785578726,0.6190939626777289,-3.3558205162933783,10.796499779979854,2.0319318344278527,2.8465883413396837,1.7611553862210148,0.8508590415029402,3.1800751227545145,5.4197007021070265,1.1389033403226052,2.1980192108994387,3.110317213433892,2.094159000775192,2.8649218153806397,0.332163237202682,1.2774446846709713,0.12843222712518648,3.905862556906964,-2.9903788434364276,-1.552703537563794,0.07899456268281366,-4.122046225907071,1.3642738257699265,1.8220870917459875,-3.573699257334925,-0.5148570136181283
0.6680161185222588,6.230062617929231,2.554287171520231,-0.13157450949593943,1.3384587349532588,-1.9386636302729388,3.2859864197784465,-3.3765602861612547,-4.336846686125141,5.094900492194205,-4.5360590449644524,6.017164390503427,11.668888393516072,-5.288475502302183,-1.56869104581382,-1.8236100449592216,1.8496221803107658,-8.57787046750657,1.5504157033590364,-5.669001295114028,18.456591584259805,3.192614649048576,4.889301713827638,2.99644168937873,1.3604758534634143,4.809517714942429,9.495158246831735,1.3927911587927537,3.110317213433892,5.455027453598343,4.4027244835343895,4.154001925268271,-0.30021929548105086,2.0399925935378875,0.9628787934649812,6.263596449830603,-5.447951348695823,-3.7410741015352316,-0.12613105528091037,-7.394598309624671,1.5250374996262315,3.1247759991608293,-6.245587603956489,-1.11406421780275
0.5142965964244602,5.4341512148686535,1.7838243356851171,-0.32095434400368533,1.4363016025670052,-1.705191756064622,2.5337550368315354,-2.890646452358853,-3.6781641635962905,3.7351415920469124,-3.5736887675688487,4.932322079609955,9.518032199648136,-4.484874734899215,-1.2892896634834472,-1.0703556465089554,1.4712676982951836,-7.034943722985269,1.5182435373110168,-4.532650811855384,14.744018397765169,2.4047125397331537,3.901089656015841,2.393606292004612,1.023292102110484,3.4960117776985173,7.716946280375298,0.8004044200732827,2.094159000775192,4.4027244835343895,3.9867717088184156,2.92655657051354,-0.7092233838112955,1.5192208553702062,1.2067425703653352,4.777161123308027,-4.568980349604012,-3.6273741407597297,-0.2753441649242591,-6.139112680658758,0.7565985782171246,2.4908949987864286,-5.098225874031348,-1.0565387116291467
0.5485595050330678,4.527968883869821,2.4904934749433405,0.14438761050480084,0.6037786121959458,-1.38260879056864,2.796734915045575,-2.76109274794088,-3.755012843682204,4.465868874871044,-3.7742022525534833,4.7530839850047,9.109264159001025,-3.7466200668009133,-1.030411641339567,-2.2025335372361723,1.3944234040487609,-6.437273612313316,0.8729963631254659,-5.112200240664501,15.068632673128066,2.8590694194118655,3.8802398577935535,2.5782457036506017,1.1616142448980076,4.449214749418762,7.631640407437214,1.6465125025869252,2.8649218153806397,4.154001925268271,2.92655657051354,4.24812702755892,0.6256768802240499,1.563623474183731,0.25644500888782484,5.52703189881998,-4.251257315306671,-2.370438766048424,-0.009064949292763509,-6.008692528157054,1.716554220583796,2.5566098316113837,-5.328161785071421,-0.9975750426890317
0.0013681068495528365,-0.6596579701192354,0.2870891578639849,0.24694351061710793,-0.5128128002491632,0.2607449787954495,0.04107214391478064,0.1396256499347931,0.06262804685111224,0.22628881378253363,0.012988437132018261,-0.2549391022260715,-0.5955223179698587,0.5535293710010777,0.2038459499788223,-0.5617381911619567,-0.09259948564127005,0.6309392367353963,-0.3994139565132657,-0.16875302565237327,-0.3539085453569887,0.19687989107059797,-0.19521423714079103,0.019439726230454032,0.01465129299004989,0.4120997288103319,-0.3185583610107576,0.4112592503899627,0.332163237202682,-0.30021929548105086,-0.7092233838112955,0.6256768802240499,0.7645511005940101,-0.04924484302891097,-0.5440015683901134,0.19696132260246163,0.30424871737653847,0.7910644650599212,0.12721777826960776,0.2677287269816484,0.5336852948201466,-0.07062842791083562,0.07334579552976746,0.05641944361402198
0.21143217219671614,2.2470825326148596,1.0005354185000053,0.05627081206203062,0.4716164666431198,-0.6863089308763177,1.377257478768586,-1.1905250024953082,-1.51112253961741,2.0889134037926844,-1.6152566682999443,2.216896602531419,4.3660941565878275,-1.881307619336108,-0.640875046510954,-0.7905033640877135,0.727452126764087,-3.2712768613010716,0.49949433334883625,-2.00842394074204,6.8381658616420715,1.178159678825944,1.9132090660223888,1.062454272893994,0.5740073832854565,1.891590600673289,3.4258133715371293,0.6227042559741587,1.2774446846709713,2.0399925935378875,1.5192208553702062,1.563623474183731,-0.04924484302891097,0.8673515353411558,0.258443624366321,2.547818728848274,-1.9574412100860243,-1.1287746730258137,-0.010868482390213558,-2.598774718284788,0.6834043271286271,1.1286838496286706,-2.278058128461062,-0.3179480882364139
0.06960119007188141,1.5286642255054654,0.13175360434435202,-0.22810044796781107,0.6145086204953951,-0.4611525911207596,0.5029780360074265,-0.7621920762650342,-0.9125679090668206,0.531139155011765,-0.6671140367716396,1.1347334029158664,2.1389528754130906,-1.1384521915049226,-0.3204937135947254,0.09403081928689166,0.3212860692384989,-1.626596215054533,0.54057256926147,-0.8963145277683632,3.035657552802462,0.3870101802311614,0.8133880144632504,0.4739546499175233,0.16902758113548633,0.46979741875239667,1.6703965318620388,-0.08982355205084501,0.12843222712518648,0.9628787934649812,1.2067425703653352,0.25644500888782484,-0.5440015683901134,0.258443624366321,0.6137821666074618,0.8504860633776099,-1.1303239585992502,-1.2243009173748147,-0.2150314341333865,-1.4197894479089148,-0.1764664334555712,0.47985465139241384,-1.1121385694786339,-0.3283228085783172
0.5130821939891025,7.342810594171532,3.4268896193038443,0.3033297394630509,1.6739750828146682,-2.260651658388204,4.829793331630728,-4.220349373058415,-5.649181122921457,6.854501789009332,-5.034211353458462,7.163175392052886,14.03275721144686,-5.550306278896922,-1.8865860076617889,-3.086840484421364,2.2225416828764972,-10.347286181903085,1.5103240875386275,-7.180277153622234,22.082467525956936,3.783240679717734,6.2782557486649395,3.5705686235435112,1.9487093957804063,6.312013811884404,10.966907677808587,2.335687957847257,3.905862556906964,6.263596449830603,4.777161123308027,5.52703189881998,0.19696132260246163,2.547818728848274,0.8504860633776099,8.944807799517477,-6.40276839458447,-3.596475860288934,-0.23767725090093764,-8.596187686574181,1.919266655963452,3.590669029857346,-8.066855292111846,-1.4653539858947016
-0.618762748157665,-6.546018621022726,-2.4660825492271736,0.19087980138299743,-1.4695455566706201,1.9354944427295575,-3.4246718294666656,3.6697580093368214,4.700401514630029,-5.041048018863237,4.532158738274529,-6.202961888756651,-11.788636132610561,5.311163254794754,1.522186253635083,1.8446302383203255,-1.8679498717665581,8.548469221412732,-1.6309218162715795,5.916915043354262,-18.703135891783386,-3.3120816172257634,-4.86768011763968,-3.061821399738012,-1.3248916308002712,-4.915300505256934,-9.625186096783965,-1.364168336532493,-2.9903788434364276,-5.447951348695823,-4.568980349604012,-4.251257315306671,0.30424871737653847,-1.9574412100860243,-1.1303239585992502,-6.40276839458447,5.694799312052539,3.9560013762213795,0.30201332221688876,7.639881767690935,-1.514027976068798,-3.0800782878725275,6.468447991359202,1.294508387957911
-0.542174393767659,-4.72412905913221,-1.4404777940806854,0.48027400968189093,-1.273184745707702,1.5635565557423219,-1.7842091186853177,2.4898463036252414,3.2104017512690723,-2.8208760631071494,3.1916131112276727,-4.194848620722699,-8.097333912707365,4.041739410365777,1.0222817222296459,0.6278552239193051,-1.1672254391242847,5.937244471089304,-1.4529233029265356,3.9648458559016087,-12.574506770056537,-1.9802185958558385,-3.183155837518142,-2.120344121606628,-0.7726847339083069,-2.688466145765566,-6.786877000802185,-0.4575679864733252,-1.552703537563794,-3.7410741015352316,-3.6273741407597297,-2.370438766048424,0.7910644650599212,-1.1287746730258137,-1.2243009173748147,-3.596475860288934,3.9560013762213795,3.6103702121035637,0.25091545918970576,5.4936698395349515,-0.3489426466331863,-2.226628000156908,4.375705271397144,1.0227280476433622
0.057656084018205864,-0.4388485256870069,0.09842557732037542,0.053646750552765014,-0.216222365737987,0.03917349549391743,-0.2190127895180515,0.2906197925886814,0.3166800783652499,-0.041849279734588116,0.013710672547989616,-0.2652016487548835,-0.3376561126651641,0.1423464299788319,0.043789274257403664,-0.023450068278865508,-0.07590554786649295,0.2104511552476397,-0.12842458945466462,0.1897614161000063,-0.4518047599061844,-0.10839756600882543,-0.09950409335659526,-0.05819493140656665,-0.004919044593746883,-0.12077513322752025,-0.2166902538905091,0.04873127395830195,0.07899456268281366,-0.12613105528091037,-0.2753441649242591,-0.009064949292763509,0.12721777826960776,-0.010868482390213558,-0.2150314341333865,-0.23767725090093764,0.30201332221688876,0.25091545918970576,0.16929687214269334,0.2603675162289614,0.022134970696357115,0.015851174894146433,0.2352468570226723,0.1303856172760371
-0.97582808201836,-8.690592881459951,-3.5960234097214197,0.2796126110723601,-1.8346574147444263,2.7406749884107064,-4.383064007734559,4.865067345403736,6.394327876399608,-6.862143590278827,6.390959088002083,-8.351621819885667,-16.093307979374416,7.272568811741208,1.9955341822901256,2.585643821423199,-2.4371236476150617,11.661872841838505,-2.1804399962615744,8.286452388703434,-25.678023770125822,-4.45484510108331,-6.65531128173814,-4.301530904947323,-1.8385824457546038,-6.631718990571443,-13.338656408948529,-1.938956764563881,-4.122046225907071,-7.394598309624671,-6.139112680658758,-6.008692528157054,0.2677287269816484,-2.598774718284788,-1.4197894479089148,-8.596187686574181,7.639881767690935,5.4936698395349515,0.2603675162289614,10.59500912395813,-1.9278833307890944,-4.404526047053955,8.956783616193315,1.8022224274629026
0.19406511183092998,1.4321502468866485,0.8310077360748384,0.14844550143309038,-0.0980981872576717,-0.2066968032250696,1.0928055699584955,-0.9518840999111696,-1.1009007352794724,1.7311480594178663,-1.375749253959874,1.7346378501874686,2.9910118058871906,-1.2612549775320325,-0.34857121866720625,-0.9099047490428444,0.6005314295316901,-1.9736367094186096,0.14570340404249726,-1.6250279879577014,5.3464519545702505,1.35757764645368,1.181811903593939,0.8509921556116424,0.3330451064230395,1.9689489855322337,2.583194846616228,0.669223494118186,1.3642738257699265,1.5250374996262315,0.7565985782171246,1.716554220583796,0.5336852948201466,0.6834043271286271,-0.1764664334555712,1.919266655963452,-1.514027976068798,-0.3489426466331863,0.022134970696357115,-1.9278833307890944,1.3309660735148974,0.7675343002851346,-1.5296956093477154,-0.1478449572229813
0.46929792381648255,3.463258779549534,1.6428461579408387,-0.0760359690081632,0.6831879165870319,-1.1973068503300028,1.7469372685017919,-1.8796257793237312,-2.537928716273102,2.9636410801129167,-2.7497203774121335,3.426013986328803,6.787456975948011,-3.057994176032571,-0.8535896690365784,-1.123811275445212,0.9976235126927498,-4.988682080062367,0.8632661042674886,-3.449830812664833,10.81386132931722,1.7971422209206858,2.870442875289565,1.8182019571931283,0.8196371949138465,2.743234917939499,5.634503635506088,0.8793229166510692,1.8220870917459875,3.1247759991608293,2.4908949987864286,2.5566098316113837,-0.07062842791083562,1.1286838496286706,0.47985465139241384,3.590669029857346,-3.0800782878725275,-2.226628000156908,0.015851174894146433,-4.404526047053955,0.7675343002851346,1.9498994460594168,-3.7446468755346034,-0.6842271797585785
-0.6951213339824535,-7.40523743251475,-3.284597129595973,0.031085624442701985,-1.6846419195049218,2.3970898079013137,-4.174291361688964,4.219356192273481,5.687203329614464,-6.23411481820875,5.284223700470759,-7.120601449905563,-13.91245706405355,5.8938904504644345,1.7479546865641598,2.6113361129600694,-2.085575422068712,10.15750640133556,-1.7443616963762363,7.275459631230446,-22.015833760898857,-3.710997296580067,-5.98359996252208,-3.6802954303906863,-1.7517561222036881,-5.846314976604477,-11.26544306939714,-1.9600775362143557,-3.573699257334925,-6.245587603956489,-5.098225874031348,-5.328161785071421,0.07334579552976746,-2.278058128461062,-1.1121385694786339,-8.066855292111846,6.468447991359202,4.375705271397144,0.2352468570226723,8.956783616193315,-1.5296956093477154,-3.7446468755346034,8.014910849300119,1.622807673702883
-0.10973425576532736,-1.5083265754235402,-0.5580180188093979,0.0743954593080225,-0.40267214726169415,0.4775057274406986,-0.7571965496039815,0.9209224365084513,1.2617205042638953,-1.023558600623672,0.9770719365370673,-1.3622980650133578,-2.580051305571926,1.0948272653113291,0.2724554795320414,0.4526874364874275,-0.3547850366718225,1.8181726530873914,-0.3911072740436926,1.5014667426519175,-4.099397368205005,-0.6926608032247971,-1.0604702925550165,-0.7264105398361486,-0.287987740369965,-1.033396507365178,-2.143567769711887,-0.3086293608512055,-0.5148570136181283,-1.11406421780275,-1.0565387116291467,-0.9975750426890317,0.05641944361402198,-0.3179480882364139,-0.3283228085783172,-1.4653539858947016,1.294508387957911,1.0227280476433622,0.1303856172760371,1.8022224274629026,-0.1478449572229813,-0.6842271797585785,1.622807673702883,0.4412763132038197
