V1,V2,V3,V4,V5,V6,V7,V8,V9,V10,V11,V12,V13,V14,V15,V16,V17,V18,V19,V20,V21,V22,V23,V24,V25,V26,V27,V28,V29,V30,V31,V32,V33,V34,V35,V36,V37,V38,V39,V40,V41,V42,V43,V44
0.4366816712370816,-0.1243103575955113,-0.007653137426040369,0.33286948867823196,0.05312020496414391,0.09199862448127798,0.23510411006402313,0.09823728196372258,-0.1228003831725286,-0.1637772035597283,-0.3011947205021983,-0.17813730897012428,-0.18569763233408393,-0.06665832402229335,-0.5441389815178832,0.18524414852603127,-0.0036189938591586015,-0.6055063161333236,-0.3232152860986211,0.2398090986120565,0.931700182301304,0.11240148529926987,0.3747103182483912,-0.4243195004801966,0.6968741756084075,0.6170856554940132,-0.16413224444688074,-0.5611556120479296,-0.04510915856916551,-0.30926859904383946,0.20651072708897572,-0.4160871982948709,0.11884815572560893,0.2546607380084764,-0.085341521692103,-0.12390989933763807,-0.16413753392760147,0.2826633239023928,0.7185753837285302,-0.04003956027217126,0.5460681527906456,0.2400602402128181,-0.3512733121376814,0.18108538723812756
-0.1243103575955113,0.6009996615079041,-0.08131908478956529,-1.0946510043969215,-0.048138768072845804,-0.03803017988210567,-0.21902088684249815,-0.0556308122371208,0.14540382311971944,-0.059146762140085254,1.0141384443508352,0.9256445672364371,0.41975842281369263,0.6485766047859155,0.16725004277262814,0.011639802994966163,0.4884761661774804,0.8162518668014084,0.18029660373044193,0.11400068191601263,0.7725549804140733,-0.809560226805913,-0.12784615207667946,0.3237865933016615,-0.633911749785123,-0.7190396431748721,-0.18522886853675496,-0.05822113415832873,-0.02369572809581686,0.24982915187043075,0.6292094575165421,0.5146012485509779,-0.1422955760814182,0.16569387552234227,0.2248427345315407,-0.5361547121744217,0.15219599925769456,-1.138556115468784,0.43628343910244344,-0.23156105978127683,-0.4270850263029207,-0.5041769316680503,-0.14901675586935942,-0.21030657405845896
-0.007653137426040369,-0.08131908478956529,1.2742807943717465,-0.14005790389346304,0.13547928413428867,0.5008280396518484,0.2704184600408376,1.1518512287826317,0.5099450919981561,-1.0293102374225576,0.03477729470049531,0.18268886167671058,-0.644303391371457,0.09760466408345742,-0.17152531802566073,-0.055901830416555894,-0.25570777688820756,-0.3426759832940556,-1.012052064629051,-0.4134387121309478,0.7702082105148506,-0.43359447837311177,0.49038495320221787,0.51589232203179,0.6258351329975773,-0.02917863478500374,0.4038542554848475,0.8106457878898223,-0.94843661165129,1.171055873330977,-0.688033283387567,1.876446765497926,0.4516933039717239,0.06788686653082901,0.5625989710473875,-0.3168009462724522,-0.05797512917422707,0.6419775333610898,0.08546150513310438,-0.5390893844446529,0.12273955652411758,-1.1546905133054683,-1.0585418654076026,-0.08122127022094958
0.33286948867823196,-1.0946510043969215,-0.14005790389346304,2.128701977398444,0.04777561041246571,-0.008508709963372631,0.36103971295262083,-0.18581443719713697,-0.40760412328260015,0.30139116865809573,-1.8538359023825428,-1.74975305687325,-0.6602641795319751,-1.1907009711415368,-0.39928283672430265,0.08120887293913442,-0.888760379273556,-1.5405209890383267,-0.15582066645832499,-0.09459651086189275,-1.326035081274534,1.6033681190898572,0.20400154710690965,-0.8290631873523779,1.179086879833649,1.4291486209332214,0.23217835283561875,-0.22748380272359958,0.25457686470478563,-0.8069417230123225,-0.8980287994518994,-1.4400387666153682,0.15932028807320436,-0.20320830475006468,-0.5306692333992779,0.9978134454345263,-0.29560559973635847,1.9464663402145423,-0.6133587150001912,0.5421889240276626,0.8805424260397166,1.2510526511776028,0.462603009466733,0.44754052276787554
0.05312020496414391,-0.048138768072845804,0.13547928413428867,0.04777561041246571,0.1346407385533551,0.03546350072606214,0.20054865351699824,0.30067344480982455,0.024058802300671964,-0.1307282749363984,-0.2911293118859649,-0.11357326230247652,-0.10331378319273672,-0.16551855686280273,-0.04236151668993142,-0.09144297076676006,0.09849210651702454,-0.20332578533848542,-0.21548102297930874,0.09033586649948105,0.09595556195675546,0.006408563201952072,0.11506848058669988,0.0659471591023851,0.21097819895427228,0.31569240603858545,-0.06569088990318928,0.09426415171682534,-0.17363389027051038,0.16758731548966738,-0.21265872065399594,0.05158747626101553,0.11747900657378528,-0.08415768159749105,-0.06700864456854493,0.059464401842319436,-0.04519113020340473,0.3783567065868267,-0.007448027256391085,-0.08903834398808583,0.16092466677868555,-0.07886806829675046,-0.268212575317972,0.021472823943980694
0.09199862448127798,-0.03803017988210567,0.5008280396518484,-0.008508709963372631,0.03546350072606214,0.24316662652834,0.10447609259501363,0.42024987634636457,0.17409676001233873,-0.44687413857625913,0.05029114839056434,0.10904173542901725,-0.31053611402636017,0.09461442471998098,-0.22869570912264647,0.06201791194734666,-0.1363440130488461,-0.21653904074308955,-0.44179516556791165,-0.14554874683212443,0.6065518507505111,-0.18097680359216953,0.2784412216986773,0.07515540555836736,0.4022041790244405,0.020599949015640988,0.14770171171695717,0.1597269131420117,-0.36641695796858204,0.3655016419719837,-0.13408500976443638,0.6956880408414805,0.20612589715112842,0.15720005414913352,0.26359887497144036,-0.230219141388402,-0.03855840934940124,0.19042132710302556,0.2711656974102307,-0.21216288954582738,0.1375062953151884,-0.42724960845520693,-0.4802384834909138,-0.006246226887930873
0.23510411006402313,-0.21902088684249815,0.2704184600408376,0.36103971295262083,0.20054865351699824,0.10447609259501363,0.4043111716359164,0.5115816700308942,0.006725758241199163,-0.28015751149661167,-0.659808374700225,-0.38442574146875,-0.2931866138227729,-0.35289505434797747,-0.2493960444746299,-0.06927970412884076,0.022262233452944043,-0.6439265248798652,-0.4931462595514349,0.15106389059683994,0.2988076011503126,0.1718932103508871,0.3237848952526565,-0.06023470951049105,0.6386810094947408,0.7503926870217631,-0.07726354475225625,0.009361633899701129,-0.29530162399171744,0.15376405087920963,-0.39341946136205486,-0.04314213774701526,0.230263451618803,-0.0795133265054815,-0.13084732985356284,0.1398245092107217,-0.15379147289293882,0.8456073849050142,0.12071749659144862,-0.12842183877183105,0.4721749352008896,0.0019729133125697836,-0.4963704392091215,0.12427405161319922
0.09823728196372258,-0.0556308122371208,1.1518512287826317,-0.18581443719713697,0.30067344480982455,0.42024987634636457,0.5115816700308942,1.345346112712948,0.4422848637986054,-1.0006836396106746,-0.30252512026405814,0.06996725311358772,-0.5696613000126327,-0.09032131501625626,-0.19305780287451962,-0.18049023877635448,0.04995766077975703,-0.507641701279726,-1.10449382287057,-0.11956440799084851,0.886901497440738,-0.4296236916842947,0.559163120521933,0.526515357427488,0.7323139157193795,0.41833466205219655,0.1564083449823604,0.7015078788366353,-0.9871675519960899,1.158828758873702,-0.7611288501981377,1.5273504173225383,0.49780352300402264,-0.0727419139309986,0.3296078226742627,-0.21155589467634786,-0.11450472657692619,0.9292811095727168,0.15354115453179099,-0.5906042214332755,0.31747611058982267,-1.0464112887368384,-1.2641693469527786,-0.039252179074849125
-0.1228003831725286,0.14540382311971944,0.5099450919981561,-0.40760412328260015,0.024058802300671964,0.17409676001233873,0.006725758241199163,0.4422848637986054,0.28221083878125347,-0.4097007425495613,0.3473251796449602,0.3387307560494461,-0.10041813973621508,0.22428338721355098,0.10043661026665379,-0.056741767228816235,0.012154826067256775,0.18709268909166815,-0.3079010667130523,-0.19372859173467039,0.3009778279054989,-0.40574010604426153,0.09138963267220362,0.3967302181939261,-0.06736592601610375,-0.32153848453338696,0.16048072273720093,0.4370605555150085,-0.3890613847808885,0.6175796332618234,-0.1810814653330872,0.9966042882858143,0.10964717653315754,9.42913477060129e-4,0.30104142459655,-0.22426426860871007,0.04397758205462939,-0.08139552557615726,-0.015473630425098832,-0.27797374050189083,-0.1729064728038955,-0.6536695404013826,-0.3946075554460308,-0.11777606627323786
-0.1637772035597283,-0.059146762140085254,-1.0293102374225576,0.30139116865809573,-0.1307282749363984,-0.44687413857625913,-0.28015751149661167,-1.0006836396106746,-0.4097007425495613,0.9534751937054182,-0.18148850564249386,-0.35004695357310617,0.4976325313206551,-0.24104087554005574,0.3510554113847364,-0.03589364915074888,0.04912862458415881,0.32502584109843247,0.945669498183703,0.183662490927887,-1.3228093295440235,0.5584135754277147,-0.5495659703471689,-0.3308016840277522,-0.6624775419088791,-0.05891547496206811,-0.19220593392884033,-0.39175364215798847,0.8211390282273148,-0.9085062850087846,0.28745930737259767,-1.5159244709890858,-0.3967618549135941,-0.22037993615306584,-0.4912732795495072,0.48633719260462616,0.08014925721258585,-0.32921382817759925,-0.544935363569556,0.5415931533272997,-0.23304667651613964,1.003968135215402,1.1069072758608918,0.048486853992076494
-0.3011947205021983,1.0141384443508352,0.03477729470049531,-1.8538359023825428,-0.2911293118859649,0.05029114839056434,-0.659808374700225,-0.30252512026405814,0.3473251796449602,-0.18148850564249386,2.1927516091008963,1.7561755578316105,0.6390093824546722,1.3847844345414209,0.2720713694786792,0.19392166314122303,0.47320499941354016,1.574776753051176,0.3786821005222932,-0.14675940696211667,1.3173538831544027,-1.432712706899972,-0.25976500849556516,0.5367618177134496,-1.1897448748087398,-1.7668342856548216,-0.021473679985345544,-0.015321911327461656,-0.016729358492765755,0.45031137552954287,1.1988435382696288,1.3396170838470811,-0.3004913374886782,0.4760144393261539,0.6834686029758832,-1.0828139368745031,0.3177031453993849,-2.330705190646558,0.7580736063116541,-0.36372957765702346,-0.9418046300437809,-1.0274620749590655,-0.06154143298158099,-0.39833623658821044
-0.17813730897012428,0.9256445672364371,0.18268886167671058,-1.74975305687325,-0.11357326230247652,0.10904173542901725,-0.38442574146875,0.06996725311358772,0.3387307560494461,-0.35004695357310617,1.7561755578316105,1.6051389487050396,0.43936707074276027,1.1689991339800268,0.10062439768187169,0.09467829091958843,0.6165507108316446,1.2503989005102256,0.07727783004399051,0.008199148870744879,1.5874365866447802,-1.4094084697313773,-0.062274867592221096,0.5229216034194533,-0.7955096021191728,-1.3218440802593956,-0.13602518040053493,0.00814342961221826,-0.2146027965146185,0.5765744018953827,0.9958030949936449,1.323060985670235,-0.09668298598975308,0.42588380669964465,0.6054313388624554,-1.0640280763626262,0.2455982655256473,-1.84906684674388,0.8693796872763734,-0.4613516008049359,-0.6805713443063445,-1.09034281604186,-0.4501332885113384,-0.36382116797752573
-0.18569763233408393,0.41975842281369263,-0.644303391371457,-0.6602641795319751,-0.10331378319273672,-0.31053611402636017,-0.2931866138227729,-0.5696613000126327,-0.10041813973621508,0.4976325313206551,0.6390093824546722,0.43936707074276027,0.685291153426238,0.3201510114592399,0.4102883492886664,-0.03715300470905172,0.40812956852109256,0.7730256424601568,0.6623555213208978,0.21169139804818218,-0.28625507190106125,-0.2744815804966056,-0.42015371383978206,0.12698636193232501,-0.9328199265584549,-0.4952489589166698,-0.25547459126070454,-0.2368729491104574,0.428251288189762,-0.2810326956596639,0.5460341084350427,-0.49959033721219875,-0.3882307058301209,-0.09369978834245604,-0.17574539859184635,-0.02704370058441865,0.1434148828136632,-0.9609343811474427,-0.06365905558497399,0.11296101800103694,-0.43994348733159044,0.20341772045952633,0.530124815616229,-0.10207078483802769
-0.06665832402229335,0.6485766047859155,0.09760466408345742,-1.1907009711415368,-0.16551855686280273,0.09461442471998098,-0.35289505434797747,-0.09032131501625626,0.22428338721355098,-0.24104087554005574,1.3847844345414209,1.1689991339800268,0.3201510114592399,0.9330422801189828,-0.017793689460821653,0.17323904432140536,0.3365834941477398,0.8684701618578418,0.0862932369313763,-0.03397812738821085,1.2701920728530778,-0.9853303309001182,-0.020628047150991344,0.2579734209282979,-0.5378630863349378,-1.021245992996586,-0.05531410009742234,-0.1428098130224817,-0.0829832903389843,0.2765780933040763,0.8523407660988425,0.8985359827382535,-0.11509325344182895,0.40975553203181664,0.47985159028981933,-0.8196934146426389,0.16205784809137253,-1.4719654788388952,0.7672502878328248,-0.2964568330634108,-0.46804796282616623,-0.7116287000647631,-0.24281663797389635,-0.22918200392052765
-0.5441389815178832,0.16725004277262814,-0.17152531802566073,-0.39928283672430265,-0.04236151668993142,-0.22869570912264647,-0.2493960444746299,-0.19305780287451962,0.10043661026665379,0.3510554113847364,0.2720713694786792,0.10062439768187169,0.4102883492886664,-0.017793689460821653,0.8130166139798203,-0.2835116151073295,0.09998151267954984,0.7492146401105003,0.5111462600181381,-0.182963787969304,-1.4227906099141132,-0.05140895125683354,-0.5479176422672049,0.5536741680124183,-1.0216927451622029,-0.6035370623903613,0.10700913208562023,0.6445942617482361,0.14898635806707963,0.29754263830505723,-0.3042351203179731,0.19739551663668578,-0.25668100718917275,-0.46059276107015673,-0.07873894500055828,0.3366696800345827,0.1867957049554164,-0.2729630635030926,-1.0328270909636565,0.09266463628905292,-0.6576289715103499,-0.11295079140235599,0.5676385591657658,-0.1861136426184332
0.18524414852603127,0.011639802994966163,-0.055901830416555894,0.08120887293913442,-0.09144297076676006,0.06201791194734666,-0.06927970412884076,-0.18049023877635448,-0.056741767228816235,-0.03589364915074888,0.19392166314122303,0.09467829091958843,-0.03715300470905172,0.17323904432140536,-0.2835116151073295,0.2098763285836452,-0.10590168121005089,-0.10964433469912811,-0.016972086156671944,0.011976002374676002,0.5652968947137932,-0.01939895323182607,0.12523874494624754,-0.2697123217586974,0.21169605527030588,-0.012732052222411397,-0.006860868073938785,-0.3655910319223246,0.07760405892591613,-0.2517505662742345,0.3427887121780846,-0.12421033656788581,-0.022251371526798007,0.2774115619805375,0.08286339072917626,-0.20277298443875022,-0.03280024955689259,-0.24919038338221686,0.47240521693664866,0.021783737046811975,0.13977845383329213,0.10789876158747369,-0.013495068761318754,0.06084142847866868
-0.0036189938591586015,0.4884761661774804,-0.25570777688820756,-0.888760379273556,0.09849210651702454,-0.1363440130488461,0.022262233452944043,0.04995766077975703,0.012154826067256775,0.04912862458415881,0.47320499941354016,0.6165507108316446,0.40812956852109256,0.3365834941477398,0.09998151267954984,-0.10590168121005089,0.6843107778835146,0.5156108518243103,0.11928085977090153,0.37972189608411155,0.6704103966362198,-0.605971859037735,-0.0687380135314924,0.21179626838724896,-0.42239424359988437,-0.1817717944902398,-0.3949097215755777,-0.19732549521678563,0.019554969828345377,0.09079998992651789,0.4847595937455826,-0.028318562349465785,-0.07812312390897662,0.008258629624475235,-0.05645286976976,-0.32556004434607577,0.06861897762424066,-0.689313599175014,0.4029535887523831,-0.1871535350109841,-0.1766132272670753,-0.2262549141609015,-0.23402032382264543,-0.13087067309111064
-0.6055063161333236,0.8162518668014084,-0.3426759832940556,-1.5405209890383267,-0.20332578533848542,-0.21653904074308955,-0.6439265248798652,-0.507641701279726,0.18709268909166815,0.32502584109843247,1.574776753051176,1.2503989005102256,0.7730256424601568,0.8684701618578418,0.7492146401105003,-0.10964433469912811,0.5156108518243103,1.6791567954890816,0.7997024439092492,-0.11465609533321712,-0.2274436462021136,-0.945670857418702,-0.6483083615920581,0.6468903805432236,-1.5870273243935376,-1.6119235309579432,-0.05397659975855045,0.3192437274234076,0.2623804564368891,0.3027912472699133,0.7273324422071817,0.6860347526511309,-0.38744629154290744,-0.013863361186629149,0.3074053557507148,-0.47926355901249834,0.37379635461380734,-1.863899105453855,-0.22635342245503148,-0.07473376843472641,-1.134751008817942,-0.5918235198327694,0.4925905101270414,-0.4189828962536522
-0.3232152860986211,0.18029660373044193,-1.012052064629051,-0.15582066645832499,-0.21548102297930874,-0.44179516556791165,-0.4931462595514349,-1.10449382287057,-0.3079010667130523,0.945669498183703,0.3786821005222932,0.07727783004399051,0.6623555213208978,0.0862932369313763,0.5111462600181381,-0.016972086156671944,0.11928085977090153,0.7997024439092492,1.1065573988632271,0.07812487955332104,-1.2261704860521434,0.23018079960332222,-0.6835507386106054,-0.13887394361249436,-1.0609140217023938,-0.6007706604004754,-0.14105151435305713,-0.28040429899973607,0.8295320941082821,-0.7528336238921118,0.5165600302318156,-1.1209508844789045,-0.48472757651588216,-0.14972741860418654,-0.30560256348363746,0.26450558839702143,0.19142574561214773,-0.9128886268913304,-0.5197389631697811,0.48076835109630306,-0.559279420496658,0.7250936708580507,1.17956375603824,-0.07524374618387764
0.2398090986120565,0.11400068191601263,-0.4134387121309478,-0.09459651086189275,0.09033586649948105,-0.14554874683212443,0.15106389059683994,-0.11956440799084851,-0.19372859173467039,0.183662490927887,-0.14675940696211667,0.008199148870744879,0.21169139804818218,-0.03397812738821085,-0.182963787969304,0.011976002374676002,0.37972189608411155,-0.11465609533321712,0.07812487955332104,0.4326424393787156,0.48238093127012643,-0.024809994024502804,0.06432793771077927,-0.238398974572876,0.09103390794143974,0.41909604603232703,-0.38164680239255944,-0.5331271828185378,0.18116611713398315,-0.377761861292169,0.3540912674965354,-0.7613406190073913,-0.05305799906491489,0.04132076044306748,-0.2798668480244224,-0.03195810361052826,-0.06511678546405253,-0.09344814912551423,0.44328053242411003,0.027467370236517286,0.24750122242941744,0.3467635765107743,-0.07045846074883176,0.07984738294574145
0.931700182301304,0.7725549804140733,0.7702082105148506,-1.326035081274534,0.09595556195675546,0.6065518507505111,0.2988076011503126,0.886901497440738,0.3009778279054989,-1.3228093295440235,1.3173538831544027,1.5874365866447802,-0.28625507190106125,1.2701920728530778,-1.4227906099141132,0.5652968947137932,0.6704103966362198,-0.2274436462021136,-1.2261704860521434,0.48238093127012643,4.805553472700793,-1.6318968808637302,1.143039005942367,-0.26820729436960977,1.2061927811693214,0.031193329939383077,-0.4506257952946717,-1.1055710744788394,-0.818439931685799,0.41530498518035364,1.4707428993349747,1.3471159254374128,0.4403109019252589,1.2486610124903088,0.7690004363772736,-1.8028639125591686,-0.1540882094593214,-1.2027730159045682,3.0265900531513967,-0.9137224405919905,0.6837617877383628,-1.2210270239500751,-1.997957023610295,-0.019447203792790434
0.11240148529926987,-0.809560226805913,-0.43359447837311177,1.6033681190898572,0.006408563201952072,-0.18097680359216953,0.1718932103508871,-0.4296236916842947,-0.40574010604426153,0.5584135754277147,-1.432712706899972,-1.4094084697313773,-0.2744815804966056,-0.9853303309001182,-0.05140895125683354,-0.01939895323182607,-0.605971859037735,-0.945670857418702,0.23018079960332222,-0.024809994024502804,-1.6318968808637302,1.3539734535005896,-0.09388427494439519,-0.6062847488574624,0.5190405968400249,0.9861671368091515,0.11968353140429207,-0.16653996848767752,0.4431893348891143,-0.8020813262912841,-0.6690879635400082,-1.4992845086652615,-0.0306284288921896,-0.3237541493280938,-0.5734585209768561,0.963173633489484,-0.17061654112733451,1.3537648794005555,-0.8073567870155063,0.5707461124690216,0.4893959685912819,1.204897749230143,0.7391632853736855,0.31909857995277663
0.3747103182483912,-0.12784615207667946,0.49038495320221787,0.20400154710690965,0.11506848058669988,0.2784412216986773,0.3237848952526565,0.559163120521933,0.09138963267220362,-0.5495659703471689,-0.25976500849556516,-0.062274867592221096,-0.42015371383978206,-0.020628047150991344,-0.5479176422672049,0.12523874494624754,-0.0687380135314924,-0.6483083615920581,-0.6835507386106054,0.06432793771077927,1.143039005942367,-0.09388427494439519,0.5247948834302248,-0.16007953066711486,0.8597696519707743,0.5267539099544979,-0.002215513672570677,-0.1687395319040373,-0.41897116313381433,0.20009914339944426,-0.08282011938233377,0.37760507887010025,0.29895161934010095,0.2465067851456218,0.1480057048943298,-0.2500820840272356,-0.15964724450005005,0.4921663424564958,0.673939196277529,-0.2541640430836789,0.5199873238312243,-0.2624944519896506,-0.7523787972343368,0.11506831042166868
-0.4243195004801966,0.3237865933016615,0.51589232203179,-0.8290631873523779,0.0659471591023851,0.07515540555836736,-0.06023470951049105,0.526515357427488,0.3967302181939261,-0.3308016840277522,0.5367618177134496,0.5229216034194533,0.12698636193232501,0.2579734209282979,0.5536741680124183,-0.2697123217586974,0.21179626838724896,0.6468903805432236,-0.13887394361249436,-0.238398974572876,-0.26820729436960977,-0.6062847488574624,-0.16007953066711486,0.8219302732249548,-0.6269427524706535,-0.6408977487594322,0.1633486097919789,0.8656412888004738,-0.43377169936173576,0.9604928662903114,-0.36654973801350055,1.3023465037087234,0.024459780852896816,-0.27065732664931635,0.28797072283852815,-0.12408636891639761,0.1521545531612026,-0.2352728394531784,-0.5101984540835647,-0.33645801816766746,-0.5399203379985271,-0.9037177621826838,-0.2890959036054435,-0.2568504852956637
0.6968741756084075,-0.633911749785123,0.6258351329975773,1.179086879833649,0.21097819895427228,0.4022041790244405,0.6386810094947408,0.7323139157193795,-0.06736592601610375,-0.6624775419088791,-1.1897448748087398,-0.7955096021191728,-0.9328199265584549,-0.5378630863349378,-1.0216927451622029,0.21169605527030588,-0.42239424359988437,-1.5870273243935376,-1.0609140217023938,0.09103390794143974,1.2061927811693214,0.5190405968400249,0.8597696519707743,-0.6269427524706535,1.8099858484448677,1.3797122253154999,0.051429987658890494,-0.3769470237225518,-0.49099865234080664,-0.08212788517998314,-0.4374947329704033,-0.09761206770414388,0.5458964338927964,0.3185631475639921,-0.001427354428965405,-0.0014357494778364313,-0.35286907944192353,1.511646052670132,0.788281177968876,-0.1360145469870556,1.1434427960346034,0.1551475299795399,-0.9377956819623835,0.3377547450320346
0.6170856554940132,-0.7190396431748721,-0.02917863478500374,1.4291486209332214,0.31569240603858545,0.020599949015640988,0.7503926870217631,0.41833466205219655,-0.32153848453338696,-0.05891547496206811,-1.7668342856548216,-1.3218440802593956,-0.4952489589166698,-1.021245992996586,-0.6035370623903613,-0.012732052222411397,-0.1817717944902398,-1.6119235309579432,-0.6007706604004754,0.41909604603232703,0.031193329939383077,0.9861671368091515,0.5267539099544979,-0.6408977487594322,1.3797122253154999,1.9043402884038934,-0.22992543816699273,-0.47902767898211834,-0.10541380730376117,-0.47344795312357385,-0.6648703759402576,-1.2929108995450913,0.2796390454521728,-0.16151101709310564,-0.6215451444159799,0.6575460427968017,-0.37595025656511205,1.9051423443616764,0.15300236568089584,0.1329894064220581,1.180349249609696,0.870707433604772,-0.38505520905629076,0.44242501096805237
-0.16413224444688074,-0.18522886853675496,0.4038542554848475,0.23217835283561875,-0.06569088990318928,0.14770171171695717,-0.07726354475225625,0.1564083449823604,0.16048072273720093,-0.19220593392884033,-0.021473679985345544,-0.13602518040053493,-0.25547459126070454,-0.05531410009742234,0.10700913208562023,-0.006860868073938785,-0.3949097215755777,-0.05397659975855045,-0.14105151435305713,-0.38164680239255944,-0.4506257952946717,0.11968353140429207,-0.002215513672570677,0.1633486097919789,0.051429987658890494,-0.22992543816699273,0.35551033044850794,0.45900688086939645,-0.18503104130920645,0.31493361706464157,-0.40550610063628273,0.6200074577123755,0.08006816659207623,-0.054245415794013756,0.21763713172644697,0.09015966081990838,0.023407435853068346,0.2672752796001573,-0.401611749373586,-0.014815272319951677,-0.12438888324674525,-0.2558844473256581,0.026681625058263877,-0.030464103197295943
-0.5611556120479296,-0.05822113415832873,0.8106457878898223,-0.22748380272359958,0.09426415171682534,0.1597269131420117,0.009361633899701129,0.7015078788366353,0.4370605555150085,-0.39175364215798847,-0.015321911327461656,0.00814342961221826,-0.2368729491104574,-0.1428098130224817,0.6445942617482361,-0.3655910319223246,-0.19732549521678563,0.3192437274234076,-0.28040429899973607,-0.5331271828185378,-1.1055710744788394,-0.16653996848767752,-0.1687395319040373,0.8656412888004738,-0.3769470237225518,-0.47902767898211834,0.45900688086939645,1.3312308713433953,-0.5580410297396874,1.1321114694104981,-1.0052214913803053,1.5007568362741197,0.16860060176459313,-0.45748616406532755,0.3032893356178208,0.22145891279846255,0.12328501197137876,0.5182621469666929,-1.1388851488397944,-0.23764755526057385,-0.49300942932565456,-0.8754523778662596,-0.19455145601053106,-0.22551746449058785
-0.04510915856916551,-0.02369572809581686,-0.94843661165129,0.25457686470478563,-0.17363389027051038,-0.36641695796858204,-0.29530162399171744,-0.9871675519960899,-0.3890613847808885,0.8211390282273148,-0.016729358492765755,-0.2146027965146185,0.428251288189762,-0.0829832903389843,0.14898635806707963,0.07760405892591613,0.019554969828345377,0.2623804564368891,0.8295320941082821,0.18116611713398315,-0.818439931685799,0.4431893348891143,-0.41897116313381433,-0.43377169936173576,-0.49099865234080664,-0.10541380730376117,-0.18503104130920645,-0.5580410297396874,0.7774190589450786,-0.943441189305773,0.4763693661711679,-1.3881601355438085,-0.3577657631326043,-0.03887458623025593,-0.3737812785241246,0.28490251690545165,0.05504657481895003,-0.49227076426458877,-0.19810358696506675,0.48147464994899053,-0.1552631789529692,0.9228028500005875,0.9596180164672403,0.06258846445891177
-0.30926859904383946,0.24982915187043075,1.171055873330977,-0.8069417230123225,0.16758731548966738,0.3655016419719837,0.15376405087920963,1.158828758873702,0.6175796332618234,-0.9085062850087846,0.45031137552954287,0.5765744018953827,-0.2810326956596639,0.2765780933040763,0.29754263830505723,-0.2517505662742345,0.09079998992651789,0.3027912472699133,-0.7528336238921118,-0.377761861292169,0.41530498518035364,-0.8020813262912841,0.20009914339944426,0.9604928662903114,-0.08212788517998314,-0.47344795312357385,0.31493361706464157,1.1321114694104981,-0.943441189305773,1.48309331625859,-0.6563480046706995,2.152631631771957,0.31258284605699577,-0.14845276924080808,0.5580923079396753,-0.3393032541549514,0.0828583597640842,0.1859580812088669,-0.25319957386593195,-0.6240624326667809,-0.3171562085300148,-1.4371513005119236,-0.9532778029109313,-0.2562806627552825
0.20651072708897572,0.6292094575165421,-0.688033283387567,-0.8980287994518994,-0.21265872065399594,-0.13408500976443638,-0.39341946136205486,-0.7611288501981377,-0.1810814653330872,0.28745930737259767,1.1988435382696288,0.9958030949936449,0.5460341084350427,0.8523407660988425,-0.3042351203179731,0.3427887121780846,0.4847595937455826,0.7273324422071817,0.5165600302318156,0.3540912674965354,1.4707428993349747,-0.6690879635400082,-0.08282011938233377,-0.36654973801350055,-0.4374947329704033,-0.6648703759402576,-0.40550610063628273,-1.0052214913803053,0.4763693661711679,-0.6563480046706995,1.4713668986356374,-0.4907130657363059,-0.28489306005154974,0.5989359292892993,0.12466162595793208,-0.7740420703607449,0.11117837561487316,-1.7448988123787328,1.2252640560606178,0.020023055236761622,-0.20870370154994325,0.13331364279381203,0.17625299395235378,-0.08625643713961495
-0.4160871982948709,0.5146012485509779,1.876446765497926,-1.4400387666153682,0.05158747626101553,0.6956880408414805,-0.04314213774701526,1.5273504173225383,0.9966042882858143,-1.5159244709890858,1.3396170838470811,1.323060985670235,-0.49959033721219875,0.8985359827382535,0.19739551663668578,-0.12421033656788581,-0.028318562349465785,0.6860347526511309,-1.1209508844789045,-0.7613406190073913,1.3471159254374128,-1.4992845086652615,0.37760507887010025,1.3023465037087234,-0.09761206770414388,-1.2929108995450913,0.6200074577123755,1.5007568362741197,-1.3881601355438085,2.152631631771957,-0.4907130657363059,3.681234316203823,0.46709003041140773,0.18389023386481815,1.2148401592638558,-0.9847745366777719,0.17505746848159884,-0.44206805861980925,0.13530000042800985,-0.9822141400821407,-0.6235838407936183,-2.3950510069780675,-1.4513267269080545,-0.44926343513226524
0.11884815572560893,-0.1422955760814182,0.4516933039717239,0.15932028807320436,0.11747900657378528,0.20612589715112842,0.230263451618803,0.49780352300402264,0.10964717653315754,-0.3967618549135941,-0.3004913374886782,-0.09668298598975308,-0.3882307058301209,-0.11509325344182895,-0.25668100718917275,-0.022251371526798007,-0.07812312390897662,-0.38744629154290744,-0.48472757651588216,-0.05305799906491489,0.4403109019252589,-0.0306284288921896,0.29895161934010095,0.024459780852896816,0.5458964338927964,0.2796390454521728,0.08006816659207623,0.16860060176459313,-0.3577657631326043,0.31258284605699577,-0.28489306005154974,0.46709003041140773,0.28105602636298355,0.05931113958780977,0.13945222997382026,-0.09987607017402449,-0.07575143015237344,0.49833412430016316,0.16165894673124634,-0.1724209886037125,0.24817675158504476,-0.299345425099711,-0.5167839164607337,0.020714596832433676
0.2546607380084764,0.16569387552234227,0.06788686653082901,-0.20320830475006468,-0.08415768159749105,0.15720005414913352,-0.0795133265054815,-0.0727419139309986,9.42913477060129e-4,-0.22037993615306584,0.4760144393261539,0.42588380669964465,-0.09369978834245604,0.40975553203181664,-0.46059276107015673,0.2774115619805375,0.008258629624475235,-0.013863361186629149,-0.14972741860418654,0.04132076044306748,1.2486610124903088,-0.3237541493280938,0.2465067851456218,-0.27065732664931635,0.3185631475639921,-0.16151101709310564,-0.054245415794013756,-0.45748616406532755,-0.03887458623025593,-0.14845276924080808,0.5989359292892993,0.18389023386481815,0.05931113958780977,0.4857208033841238,0.2566633881721447,-0.5321720875103574,-0.016723417717860952,-0.5446832208044258,0.8820216458716476,-0.11064088155256624,0.1423566984426935,-0.14653988040119253,-0.28588713562216345,0.007048012015133098
-0.085341521692103,0.2248427345315407,0.5625989710473875,-0.5306692333992779,-0.06700864456854493,0.26359887497144036,-0.13084732985356284,0.3296078226742627,0.30104142459655,-0.4912732795495072,0.6834686029758832,0.6054313388624554,-0.17574539859184635,0.47985159028981933,-0.07873894500055828,0.08286339072917626,-0.05645286976976,0.3074053557507148,-0.30560256348363746,-0.2798668480244224,0.7690004363772736,-0.5734585209768561,0.1480057048943298,0.28797072283852815,-0.001427354428965405,-0.6215451444159799,0.21763713172644697,0.3032893356178208,-0.3737812785241246,0.5580923079396753,0.12466162595793208,1.2148401592638558,0.13945222997382026,0.2566633881721447,0.5125557766652614,-0.520191104542411,0.07746783430185344,-0.4767329316595175,0.31697492996098015,-0.29789477193173236,-0.2343656709809285,-0.7795618557187005,-0.4365010235898482,-0.16035768978978324
-0.12390989933763807,-0.5361547121744217,-0.3168009462724522,0.9978134454345263,0.059464401842319436,-0.230219141388402,0.1398245092107217,-0.21155589467634786,-0.22426426860871007,0.48633719260462616,-1.0828139368745031,-1.0640280763626262,-0.02704370058441865,-0.8196934146426389,0.3366696800345827,-0.20277298443875022,-0.32556004434607577,-0.47926355901249834,0.26450558839702143,-0.03195810361052826,-1.8028639125591686,0.963173633489484,-0.2500820840272356,-0.12408636891639761,-0.0014357494778364313,0.6575460427968017,0.09015966081990838,0.22145891279846255,0.28490251690545165,-0.3393032541549514,-0.7740420703607449,-0.9847745366777719,-0.09987607017402449,-0.5321720875103574,-0.520191104542411,0.9246874700282594,-0.07863802669963549,1.0979455651920773,-1.0771530537991814,0.3920185916793741,0.15866692849346142,0.7849535467836507,0.6428816723623034,0.17563262665649476
-0.16413753392760147,0.15219599925769456,-0.05797512917422707,-0.29560559973635847,-0.04519113020340473,-0.03855840934940124,-0.15379147289293882,-0.11450472657692619,0.04397758205462939,0.08014925721258585,0.3177031453993849,0.2455982655256473,0.1434148828136632,0.16205784809137253,0.1867957049554164,-0.03280024955689259,0.06861897762424066,0.37379635461380734,0.19142574561214773,-0.06511678546405253,-0.1540882094593214,-0.17061654112733451,-0.15964724450005005,0.1521545531612026,-0.35286907944192353,-0.37595025656511205,0.023407435853068346,0.12328501197137876,0.05504657481895003,0.0828583597640842,0.11117837561487316,0.17505746848159884,-0.07575143015237344,-0.016723417717860952,0.07746783430185344,-0.07863802669963549,0.0950607207039575,-0.3698039840767223,-0.12163022136063797,0.0025803118200500475,-0.2706139015901635,-0.13330248538012426,0.1374119312209383,-0.09757553381328742
0.2826633239023928,-1.138556115468784,0.6419775333610898,1.9464663402145423,0.3783567065868267,0.19042132710302556,0.8456073849050142,0.9292811095727168,-0.08139552557615726,-0.32921382817759925,-2.330705190646558,-1.84906684674388,-0.9609343811474427,-1.4719654788388952,-0.2729630635030926,-0.24919038338221686,-0.689313599175014,-1.863899105453855,-0.9128886268913304,-0.09344814912551423,-1.2027730159045682,1.3537648794005555,0.4921663424564958,-0.2352728394531784,1.511646052670132,1.9051423443616764,0.2672752796001573,0.5182621469666929,-0.49227076426458877,0.1859580812088669,-1.7448988123787328,-0.44206805861980925,0.49833412430016316,-0.5446832208044258,-0.4767329316595175,1.0979455651920773,-0.3698039840767223,2.9101511540047236,-0.9062679475803915,0.10991306928998736,1.0581594411349442,0.5135225589792034,-0.4214406887743748,0.40058271239731447
0.7185753837285302,0.43628343910244344,0.08546150513310438,-0.6133587150001912,-0.007448027256391085,0.2711656974102307,0.12071749659144862,0.15354115453179099,-0.015473630425098832,-0.544935363569556,0.7580736063116541,0.8693796872763734,-0.06365905558497399,0.7672502878328248,-1.0328270909636565,0.47240521693664866,0.4029535887523831,-0.22635342245503148,-0.5197389631697811,0.44328053242411003,3.0265900531513967,-0.8073567870155063,0.673939196277529,-0.5101984540835647,0.788281177968876,0.15300236568089584,-0.401611749373586,-1.1388851488397944,-0.19810358696506675,-0.25319957386593195,1.2252640560606178,0.13530000042800985,0.16165894673124634,0.8820216458716476,0.31697492996098015,-1.0771530537991814,-0.12163022136063797,-0.9062679475803915,2.0962179563205794,-0.3800337636201831,0.5438598548098165,-0.30461983205471627,-0.9621615150195675,0.0775624698264072
-0.04003956027217126,-0.23156105978127683,-0.5390893844446529,0.5421889240276626,-0.08903834398808583,-0.21216288954582738,-0.12842183877183105,-0.5906042214332755,-0.27797374050189083,0.5415931533272997,-0.36372957765702346,-0.4613516008049359,0.11296101800103694,-0.2964568330634108,0.09266463628905292,0.021783737046811975,-0.1871535350109841,-0.07473376843472641,0.48076835109630306,0.027467370236517286,-0.9137224405919905,0.5707461124690216,-0.2541640430836789,-0.33645801816766746,-0.1360145469870556,0.1329894064220581,-0.014815272319951677,-0.23764755526057385,0.48147464994899053,-0.6240624326667809,0.020023055236761622,-0.9822141400821407,-0.1724209886037125,-0.11064088155256624,-0.29789477193173236,0.3920185916793741,0.0025803118200500475,0.10991306928998736,-0.3800337636201831,0.39102337794600933,0.0010315789715805786,0.7200128327989014,0.6847969966331009,0.09465008245991129
0.5460681527906456,-0.4270850263029207,0.12273955652411758,0.8805424260397166,0.16092466677868555,0.1375062953151884,0.4721749352008896,0.31747611058982267,-0.1729064728038955,-0.23304667651613964,-0.9418046300437809,-0.6805713443063445,-0.43994348733159044,-0.46804796282616623,-0.6576289715103499,0.13977845383329213,-0.1766132272670753,-1.134751008817942,-0.559279420496658,0.24750122242941744,0.6837617877383628,0.4893959685912819,0.5199873238312243,-0.5399203379985271,1.1434427960346034,1.180349249609696,-0.12438888324674525,-0.49300942932565456,-0.1552631789529692,-0.3171562085300148,-0.20870370154994325,-0.6235838407936183,0.24817675158504476,0.1423566984426935,-0.2343656709809285,0.15866692849346142,-0.2706139015901635,1.0581594411349442,0.5438598548098165,0.0010315789715805786,0.8732413961832245,0.4314526196763422,-0.46402363070135727,0.30186915642162254
0.2400602402128181,-0.5041769316680503,-1.1546905133054683,1.2510526511776028,-0.07886806829675046,-0.42724960845520693,0.0019729133125697836,-1.0464112887368384,-0.6536695404013826,1.003968135215402,-1.0274620749590655,-1.09034281604186,0.20341772045952633,-0.7116287000647631,-0.11295079140235599,0.10789876158747369,-0.2262549141609015,-0.5918235198327694,0.7250936708580507,0.3467635765107743,-1.2210270239500751,1.204897749230143,-0.2624944519896506,-0.9037177621826838,0.1551475299795399,0.870707433604772,-0.2558844473256581,-0.8754523778662596,0.9228028500005875,-1.4371513005119236,0.13331364279381203,-2.3950510069780675,-0.299345425099711,-0.14653988040119253,-0.7795618557187005,0.7849535467836507,-0.13330248538012426,0.5135225589792034,-0.30461983205471627,0.7200128327989014,0.4314526196763422,1.6607211384797926,1.0850944946938468,0.3287386281668906
-0.3512733121376814,-0.14901675586935942,-1.0585418654076026,0.462603009466733,-0.268212575317972,-0.4802384834909138,-0.4963704392091215,-1.2641693469527786,-0.3946075554460308,1.1069072758608918,-0.06154143298158099,-0.4501332885113384,0.530124815616229,-0.24281663797389635,0.5676385591657658,-0.013495068761318754,-0.23402032382264543,0.4925905101270414,1.17956375603824,-0.07045846074883176,-1.997957023610295,0.7391632853736855,-0.7523787972343368,-0.2890959036054435,-0.9377956819623835,-0.38505520905629076,0.026681625058263877,-0.19455145601053106,0.9596180164672403,-0.9532778029109313,0.17625299395235378,-1.4513267269080545,-0.5167839164607337,-0.28588713562216345,-0.4365010235898482,0.6428816723623034,0.1374119312209383,-0.4214406887743748,-0.9621615150195675,0.6847969966331009,-0.46402363070135727,1.0850944946938468,1.5182532321660622,0.02625263984094878
0.18108538723812756,-0.21030657405845896,-0.08122127022094958,0.44754052276787554,0.021472823943980694,-0.006246226887930873,0.12427405161319922,-0.039252179074849125,-0.11777606627323786,0.048486853992076494,-0.39833623658821044,-0.36382116797752573,-0.10207078483802769,-0.22918200392052765,-0.1861136426184332,0.06084142847866868,-0.13087067309111064,-0.4189828962536522,-0.07524374618387764,0.07984738294574145,-0.019447203792790434,0.31909857995277663,0.11506831042166868,-0.2568504852956637,0.3377547450320346,0.44242501096805237,-0.030464103197295943,-0.22551746449058785,0.06258846445891177,-0.2562806627552825,-0.08625643713961495,-0.44926343513226524,0.020714596832433676,0.007048012015133098,-0.16035768978978324,0.17563262665649476,-0.09757553381328742,0.40058271239731447,0.0775624698264072,0.09465008245991129,0.30186915642162254,0.3287386281668906,0.02625263984094878,0.1400941036056078
