V1,V2,V3,V4,V5,V6,V7,V8,V9,V10,V11,V12,V13,V14,V15,V16,V17,V18,V19,V20,V21,V22,V23,V24,V25,V26,V27,V28,V29,V30,V31,V32,V33,V34,V35,V36,V37,V38,V39,V40,V41,V42,V43,V44
0.9841237695176164,-0.6971887414887463,0.4327400602860325,-1.4499497275505762,-1.4306872269978184,-1.371246082888094,-1.606177001715602,-0.9153950834570187,-0.3634820424116612,-0.7171748749397117,0.2670825684796194,-0.16992328583815355,-0.3117476679471336,1.3874655186218876,-1.7419166464030864,-1.3535651923507581,0.2965513937055037,-0.5391581944748207,-0.7254458638226644,2.032842223199132,1.229551208080279,-0.7136808574702185,-1.3646579114647261,-0.474320746938668,-1.78289814372964,0.13261547462851958,-1.3929227640176984,-0.3331131235027298,-0.043205126880480116,0.20014655115037042,1.1777196648563575,-1.2003084110058713,0.3522030700953641,0.14643767719923872,-0.9469974186928388,-0.7068551339098574,-1.4292246080664228,0.1135576763616235,0.028658056798928428,0.31462136728203993,0.043666840831715674,-0.8931400459141723,1.6894777708241508,0.6778553911368815
-0.6971887414887463,2.4868346618335235,-2.687356340244592,-1.3271386541302503,2.6726835916630622,0.2523052673179962,2.940252226913736,1.511575707743045,-0.1343126475010582,1.8138527073258521,-0.5955918281566013,1.2142919491233046,2.7230124372077884,-1.6578304261097565,2.706993727644922,0.4424052824937308,3.497077666317183,1.6374994194520678,1.4211471632073012,0.6559671968984518,0.09375138513464482,-0.7107700167681584,1.1665913319843575,1.2604767894208326,0.36458886388506917,1.743860609007561,-1.1655181275044864,-1.0081880290490468,0.44323505377739797,-0.48756049442667077,-0.12938227774340968,-1.7263553607737563,-0.922935487342982,-1.2574011266059884,-0.8851591752255209,0.9234443968517143,1.54343525844351,-0.9170399673873543,0.9744550251587962,-0.8838863692325989,0.24070109422956404,1.5848462678217996,-2.777305786300195,-0.8366416744353987
0.4327400602860325,-2.687356340244592,3.067792253807873,2.1935618168625926,-2.58487826448003,0.2820710394374803,-2.8210265433001056,-1.3762631062012476,0.32434952830463737,-1.9022324254507221,0.5761979450888397,-1.3897999480969643,-3.1428991338674166,1.3914096662928024,-2.5179772919069037,0.028072911540103516,-4.300526250281189,-1.7625088684696821,-1.4372432862375828,-1.628650550610637,-0.5960193597186937,1.1400447560635751,-0.8030755995156831,-1.2944389332960171,0.3391719552949464,-2.10553414317631,1.9742419375167048,1.3624451950857115,-0.5455356738502309,0.5341187708828793,-0.3673409896677237,2.60015904003726,0.9722988503618566,1.4352531011974137,1.455118481088451,-0.8070786002766142,-1.25700933645941,1.0959227433431231,-1.1709641995956754,0.9064851974670424,-0.28478513815422296,-1.5480853826398666,2.5705424534181303,0.7207256017341116
-1.4499497275505762,-1.3271386541302503,2.1935618168625926,4.9372941960934185,0.1636979510887596,2.8885045852257365,0.2619498883005194,0.36089693453656496,1.0087640118929104,-0.49798093796759463,0.07721465528131692,-1.0475710300845735,-2.5015504471360925,-1.2631310668527016,0.8380159531133092,2.6134402665657155,-4.825648024456656,-0.7026462588951708,-0.017025031270498946,-5.493550167594129,-2.948450662781978,2.4937564734610196,1.797205434649867,-0.38249822706088477,3.7197905306438157,-2.35311553140516,4.6106360305630165,1.9726323361190103,-0.4387044157014571,0.1293112312337054,-2.595265111557143,4.843927462180008,0.27865901709300467,1.1443367315868171,3.2453013589619175,0.5498980401485715,1.4876797634414458,0.841234088489792,-1.214699535969937,0.3069721333358556,-0.37498707899710215,0.18627005147964334,-0.6560624866862858,-0.5790270437713975
-1.4306872269978184,2.6726835916630622,-2.58487826448003,0.1636979510887596,3.4876413341561854,1.4164043320691266,3.8742897313081532,2.101617893694224,0.2139338767115772,2.1098349650228165,-0.7529164358729928,1.1514861601162933,2.5234248679719804,-2.6037940862189495,3.767014101583022,1.5406537706478973,2.6584657755267846,1.8080871280409176,1.7823787915412934,-1.2257184591664851,-0.9700710604791307,0.025006191837472307,2.180549309953059,1.4749661516847294,1.888755849819231,1.3647377664622131,0.24335078162549878,-0.5328782443651356,0.3795805773765856,-0.5506899126955156,-1.162991352992044,-0.3611518826337651,-1.0599769008476103,-1.1801913286208787,0.0915396370996106,1.3846746831380814,2.5282356839337314,-0.8224648181745299,0.7913570289322684,-1.0259953936158999,0.18016245607138584,2.077040264439588,-3.8276235525372937,-1.2856246646965304
-1.371246082888094,0.2523052673179962,0.2820710394374803,2.8885045852257365,1.4164043320691266,2.1937650623398905,1.6203374854750763,1.010735855287763,0.6615558948441967,0.5083478440060671,-0.24471579224097664,-0.16494863356337847,-0.4793850250429003,-1.7106222070416308,1.9056256933335376,2.0786622612448515,-1.7561370376356031,0.2786190958174028,0.6578418646268317,-3.6095671866372574,-2.0516891813703895,1.4370403302568142,1.859280415428576,0.3432969386449439,2.8508366209907345,-0.8247377089323579,2.732794420371383,0.9311689104542514,-0.11298692681825068,-0.12939881673735196,-1.9312116909341475,2.643183614391468,-0.23992972229994064,0.20615440852559117,1.893532921779599,0.840975013033034,1.807540794633579,0.17775725783608842,-0.3955600391304948,-0.2163773970940187,-0.1432755473792885,0.8887922339401122,-1.8322908599943935,-0.8193684206191876
-1.606177001715602,2.940252226913736,-2.8210265433001056,0.2619498883005194,3.8742897313081532,1.6203374854750763,4.311733932850878,2.352243215716888,0.2567390839340657,2.32251381013025,-0.8403292621479436,1.2571904251731365,2.7547554503257934,-2.911759461645184,4.190084082006779,1.7469025063039516,2.8732206236644506,1.9840481575301754,1.9640816228010225,-1.4476878234052084,-1.1140157479435011,0.06590349516456928,2.453265955059176,1.6351527779621446,2.16468415010171,1.4858111252993056,0.3438273728468731,-0.5556013298065666,0.40561474703236755,-0.5973786837391156,-1.3418972215077936,-0.31362692864831543,-1.1658539438501678,-1.2936955412580258,0.15394560863698958,1.5437675791340972,2.8267772505020425,-0.8854950316913255,0.8601420356783215,-1.1401086668397786,0.20031596698718132,2.2986569046831504,-4.269653172808269,-1.4332029293292057
-0.9153950834570187,1.511575707743045,-1.3762631062012476,0.36089693453656496,2.101617893694224,1.010735855287763,2.352243215716888,1.334778171073967,0.19559421831819385,1.1870640776257066,-0.47832573793446465,0.6179153284707877,1.3447401236201806,-1.632063125346745,2.2739464733060197,1.0416617036236429,1.3338012775938548,1.0000417368443233,1.0057863576396509,-1.0150827865956467,-0.6957687057839467,0.1378646830912202,1.420464418810742,0.8766232256823193,1.3631585317752686,0.731177879737352,0.3872307500428643,-0.18867136347097294,0.16059246166847044,-0.2756804918513621,-0.8697423490665551,0.08608126194090425,-0.5927732613697954,-0.6516316587723301,0.22873672751293306,0.8536559402143913,1.5733255254151683,-0.3837543040838766,0.4131618105249777,-0.6189942967648486,0.11411292852542494,1.2110004141076827,-2.3712255322662035,-0.7923574175756424
-0.3634820424116612,-0.1343126475010582,0.32434952830463737,1.0087640118929104,0.2139338767115772,0.6615558948441967,0.2567390839340657,0.19559421831819385,0.2201355443811638,-0.004839739313922025,-0.029841321465644718,-0.15669326418966834,-0.3839947172378074,-0.3911561815817079,0.35860701288566355,0.6056509139164258,-0.8418938453711152,-0.059876611451985653,0.07311984702843316,-1.1741817114154236,-0.6378122558601029,0.5045204566521566,0.4826175684388967,0.0030129661422963806,0.8595108198465975,-0.3962639259345788,0.9472105460825111,0.37852846977916144,-0.08052304933563777,0.00910515298322966,-0.5948235930452322,0.9752749189471788,0.007018667210073301,0.168837396535615,0.66280289838808,0.1836257256248878,0.4263902630994237,0.14362896102304207,-0.2043768489043412,0.0035008353722137966,-0.06016557643138255,0.1347634223537746,-0.34136829539626684,-0.18195385661483257
-0.7171748749397117,1.8138527073258521,-1.9022324254507221,-0.49798093796759463,2.1098349650228165,0.5083478440060671,2.32251381013025,1.1870640776257066,-0.004839739313922025,1.4012945379312598,-0.43857525673566405,0.8470351979028372,1.881416414167094,-1.4347730302222708,2.2307651482455997,0.6445021541103345,2.2130833992412997,1.236245915473234,1.152662479842224,-0.09656789571860593,-0.2781869731389248,-0.27637544841352296,1.0976573235360099,0.9363367161474953,0.6720369170538889,1.0809779594282103,-0.4061443598627655,-0.5907971467355309,0.3299927106243812,-0.3997235677769169,-0.36290795794913366,-0.8528880388002031,-0.7095928391523318,-0.8560561540242243,-0.3382043516113208,0.7854640949792376,1.3873272115182347,-0.6699145791509457,0.6273882203294885,-0.6444072734011363,0.1294024260794421,1.2908926958800666,-2.219255713331158,-0.7249014568379771
0.2670825684796194,-0.5955918281566013,0.5761979450888397,0.07721465528131692,-0.7529164358729928,-0.24471579224097664,-0.8403292621479436,-0.47832573793446465,-0.029841321465644718,-0.43857525673566405,0.18705156319622934,-0.26356012785135485,-0.5777922984014383,0.5382215565913655,-0.7761459453737424,-0.26058471700148034,-0.6848529043203783,-0.38093719720310415,-0.35022118445010564,0.13144293714507002,0.11890091971502333,0.057621624925703684,-0.44033865452231186,-0.3330208269610152,-0.3441940949167591,-0.36946411155276254,0.055447043105553616,0.14329700262625727,-0.06615948864494858,0.09469119758598042,0.21223371150858555,0.16224089500057495,0.2157628249726099,0.2832325279895696,0.052942135216075485,-0.28155716396849206,-0.5004787997727493,0.15775876713759865,-0.19964958365146387,0.23950271346363117,-0.06159004943234789,-0.41847305448658506,0.8378060359953868,0.26083471867773433
-0.16992328583815355,1.2142919491233046,-1.3897999480969643,-1.0475710300845735,1.1514861601162933,-0.16494863356337847,1.2571904251731365,0.6179153284707877,-0.15669326418966834,0.8470351979028372,-0.26356012785135485,0.6321859312563914,1.4305990238692812,-0.604023985712693,1.1065354721242258,-0.052275825070329254,1.9855518178772535,0.7886204875074775,0.6314548343027958,0.8056179695091972,0.3143581703823546,-0.5453385495251994,0.3359467211940981,0.5847073539621074,-0.19776440915508967,0.9787941795881538,-0.9458253738551867,-0.6307392810412984,0.24184570085333093,-0.2319007002336129,0.19463725661167455,-1.2202122800514796,-0.4326754845013007,-0.6566640274961499,-0.6943694149452684,0.3511893104318501,0.5363856648129889,-0.4894714865556571,0.5400133244502991,-0.41197562633759777,0.13667051138238515,0.6805516473616808,-1.1444844472173503,-0.3118376805017372
-0.3117476679471336,2.7230124372077884,-3.1428991338674166,-2.5015504471360925,2.5234248679719804,-0.4793850250429003,2.7547554503257934,1.3447401236201806,-0.3839947172378074,1.881416414167094,-0.5777922984014383,1.4305990238692812,3.2522218180792204,-1.2748961162553576,2.401385813638046,-0.21944589511918566,4.557534404391089,1.7595304232089757,1.3877484713406496,1.9911415019373833,0.8116411271610782,-1.299160041755715,0.6668786286097043,1.3021846147134508,-0.5869943705643951,2.2479422836477427,-2.2653746153688252,-1.4691258764012562,0.54998094605568,-0.5150009194906984,0.5318264113590921,-2.877974507538814,-0.9670510992007031,-1.4907656995610692,-1.6580074143677666,0.7516447931452717,1.119277834522827,-1.1119957360795387,1.2378819570879562,-0.9190240326075472,0.31721024616893734,1.4899587597054211,-2.489500923980309,-0.6602409472815217
1.3874655186218876,-1.6578304261097565,1.3914096662928024,-1.2631310668527016,-2.6037940862189495,-1.7106222070416308,-2.911759461645184,-1.632063125346745,-0.3911561815817079,-1.4347730302222708,0.5382215565913655,-0.604023985712693,-1.2748961162553576,2.208518185430776,-2.9634121526023853,-1.7370076898961624,-0.8393433860276033,-1.1655453208836828,-1.304634890019284,2.172257795312241,1.3942344851704258,-0.5949143594602951,-2.0205610756320023,-0.9968916201222708,-2.2522592272562485,-0.46077384412306294,-1.2458408115464696,-0.0658534080221754,-0.17592329516921532,0.3728500453366934,1.4578980034818694,-0.8571232925966491,0.7131158081368758,0.603428471401688,-0.818394158127636,-1.1450310119524265,-2.2034660834666786,0.4072207532226612,-0.3010478988332458,0.6845997351654368,-0.046606743305232574,-1.5688642994043467,2.9696427760629103,1.0792730147052294
-1.7419166464030864,2.706993727644922,-2.5179772919069037,0.8380159531133092,3.767014101583022,1.9056256933335376,4.190084082006779,2.2739464733060197,0.35860701288566355,2.2307651482455997,-0.7761459453737424,1.1065354721242258,2.401385813638046,-2.9634121526023853,4.1808405694457145,2.018893276281407,2.2100464693226574,1.8762221324586952,1.94986693860977,-2.0632962320530055,-1.463709414031867,0.3683396503076475,2.5745501702524076,1.528706654782591,2.5082306198363282,1.128466937110089,0.8836207360435445,-0.32531127141490884,0.3768125922859356,-0.6034034967321122,-1.577683832978415,0.23450895565409396,-1.121527411567972,-1.113887336043586,0.5329775534409354,1.567441531206559,2.9292923208267183,-0.8123436738474834,0.6857868566281233,-1.0505153469400705,0.1278879994097593,2.284163700547966,-4.175466779357104,-1.4641819730587329
-1.3535651923507581,0.4424052824937308,0.028072911540103516,2.6134402665657155,1.5406537706478973,2.0786622612448515,1.7469025063039516,1.0416617036236429,0.6056509139164258,0.6445021541103345,-0.26058471700148034,-0.052275825070329254,-0.21944589511918566,-1.7370076898961624,2.018893276281407,2.0031164248222924,-1.3767274489375263,0.41162445701904143,0.7599065590081611,-3.3489457263368974,-1.9425395142184112,1.299484094430586,1.8326818588031282,0.4148093313284633,2.6925961253431576,-0.6568466796473074,2.481894169137057,0.7835917334081429,-0.05189133076196134,-0.18234678683586336,-1.810712550669571,2.330359005195118,-0.31319890325740973,0.09821306539012996,1.7104465904076132,0.8667287209181187,1.8308375721257724,0.06497150710134839,-0.2960609103363981,-0.2636015389062974,-0.1275645254492526,0.982259004893372,-1.9214942224804965,-0.8389343540360736
0.2965513937055037,3.497077666317183,-4.300526250281189,-4.825648024456656,2.6584657755267846,-1.7561370376356031,2.8732206236644506,1.3338012775938548,-0.8418938453711152,2.2130833992412997,-0.6848529043203783,1.9855518178772535,4.557534404391089,-0.8393433860276033,2.2100464693226574,-1.3767274489375263,6.999984616163677,2.172977539641817,1.4658773611462927,4.523957055313142,2.1719478614577272,-2.4835799056215127,-0.0423484617519754,1.576587113714637,-2.2094670061967947,3.463609105978601,-4.433335120104835,-2.4154244414926533,0.7529231936098161,-0.5795642628683467,1.6675289500986679,-5.1621702926650626,-1.1388848446762747,-2.104370358672858,-3.1854764190785594,0.5676105118782431,0.5549896621101214,-1.5168200927351605,1.860047908442215,-1.1372335296162064,0.519661230379772,1.4980663883102345,-2.435867588240249,-0.45924736351800743
-0.5391581944748207,1.6374994194520678,-1.7625088684696821,-0.7026462588951708,1.8080871280409176,0.2786190958174028,1.9840481575301754,1.0000417368443233,-0.059876611451985653,1.236245915473234,-0.38093719720310415,0.7886204875074775,1.7595304232089757,-1.1655453208836828,1.8762221324586952,0.41162445701904143,2.172977539641817,1.106593710322343,0.9961077280722785,0.22020993446664255,-0.07894352894351803,-0.3752565169030088,0.8458559805086661,0.8277799335932612,0.37213277184022864,1.0599424610708892,-0.6040519994763739,-0.6182304792436367,0.3098257247883747,-0.353716170268176,-0.16726537829130655,-1.0035414146932806,-0.6276357633800601,-0.8008063165755974,-0.4705497634911704,0.6474947622991144,1.1129277607217505,-0.6260444535277203,0.6068788898178591,-0.5712344151543632,0.1307736735947738,1.1030968840713136,-1.8732841365589745,-0.5937412829195404
-0.7254458638226644,1.4211471632073012,-1.4372432862375828,-0.017025031270498946,1.7823787915412934,0.6578418646268317,1.9640816228010225,1.0057863576396509,0.07311984702843316,1.152662479842224,-0.35022118445010564,0.6314548343027958,1.3877484713406496,-1.304634890019284,1.94986693860977,0.7599065590081611,1.4658773611462927,0.9961077280722785,0.9876491759698812,-0.5311949012060546,-0.4873430201775057,-0.02620961603255924,1.060514932508823,0.7501423291293983,0.8539472668580312,0.7028510448017432,0.03494958781780686,-0.34447376377224576,0.2565869405129281,-0.34134801952636074,-0.5030128927728146,-0.33810404191231985,-0.5825832987168789,-0.6236965471765914,-0.020728399516420776,0.705834251464922,1.2918937271705266,-0.5167124501861605,0.42677234240107526,-0.5084210590415628,0.06902676376173629,1.1133850324803924,-1.9002890537427055,-0.6578684853883203
2.032842223199132,0.6559671968984518,-1.628650550610637,-5.493550167594129,-1.2257184591664851,-3.6095671866372574,-1.4476878234052084,-1.0150827865956467,-1.1741817114154236,-0.09656789571860593,0.13144293714507002,0.8056179695091972,1.9911415019373833,2.172257795312241,-2.0632962320530055,-3.3489457263368974,4.523957055313142,0.22020993446664255,-0.5311949012060546,6.430609452365603,3.554086532546615,-2.7612160734945297,-2.6324839451898487,-0.019387760762122324,-4.661077403029121,2.1952100217922217,-5.159440121322696,-2.0085384114098015,0.35790987916903594,0.03525447740686807,3.2024369692268198,-5.222422762844538,0.018755699080013108,-0.9075741652617784,-3.6066995867113727,-1.0247980294650265,-2.40469165300791,-0.6630998053102637,1.1034525280046967,-0.03514731435429781,0.3663623063948103,-0.8397837360205814,1.8612243669458461,1.0274554453080678
1.229551208080279,0.09375138513464482,-0.5960193597186937,-2.948450662781978,-0.9700710604791307,-2.0516891813703895,-1.1140157479435011,-0.6957687057839467,-0.6378122558601029,-0.2781869731389248,0.11890091971502333,0.3143581703823546,0.8116411271610782,1.3942344851704258,-1.463709414031867,-1.9425395142184112,2.1719478614577272,-0.07894352894351803,-0.4873430201775057,3.554086532546615,2.0170447019921394,-1.4840568835709738,-1.5929853044768885,-0.13597135065212373,-2.639491933309264,1.0755129322075128,-2.781096873438845,-1.0075758782499364,0.12654890688212678,0.1022824699758841,1.793119284692683,-2.7268713840931396,0.1245227942370569,-0.37973187633238253,-1.9344857994655433,-0.6778621539664211,-1.528197110514166,-0.23508856760594815,0.5207400661563747,0.06039295625366481,0.19814097540208775,-0.6670805988253684,1.3140057183908667,0.6729530077482997
-0.7136808574702185,-0.7107700167681584,1.1400447560635751,2.4937564734610196,0.025006191837472307,1.4370403302568142,0.06590349516456928,0.1378646830912202,0.5045204566521566,-0.27637544841352296,0.057621624925703684,-0.5453385495251994,-1.299160041755715,-0.5949143594602951,0.3683396503076475,1.299484094430586,-2.4835799056215127,-0.3752565169030088,-0.02620961603255924,-2.7612160734945297,-1.4840568835709738,1.2636604452805626,0.8699472038439413,-0.2188682045549947,1.8445530566913926,-1.2199028646377816,2.3286622770593826,1.0015041521464751,-0.21885798546267268,0.06464601996885855,-1.2866304108563704,2.4468384930776477,0.15264169302921415,0.5980423955488449,1.6398574580442986,0.25735392294882087,0.7151384212639083,0.4256222407328962,-0.6286094460746391,0.17579405608191165,-0.19799038513313957,0.06862392551246993,-0.2607582344988865,-0.27468373823140035
-1.3646579114647261,1.1665913319843575,-0.8030755995156831,1.797205434649867,2.180549309953059,1.859280415428576,2.453265955059176,1.420464418810742,0.4826175684388967,1.0976573235360099,-0.44033865452231186,0.3359467211940981,0.6668786286097043,-2.0205610756320023,2.5745501702524076,1.8326818588031282,-0.0423484617519754,0.8458559805086661,1.060514932508823,-2.6324839451898487,-1.5929853044768885,0.8699472038439413,1.9531481862863223,0.7712788658451212,2.438950265771807,0.03357686546055015,1.734063270171314,0.3615607137612797,0.06637296230451095,-0.27737417428181144,-1.6113845624336087,1.461113309264158,-0.5429152396446066,-0.32763494698086054,1.1726172137855029,1.0327835681770792,2.0440538340354846,-0.19245332599966564,0.0652275969424073,-0.5258697403762355,-0.0114737156214872,1.3161606427285375,-2.569536418582957,-0.979863274543018
-0.474320746938668,1.2604767894208326,-1.2944389332960171,-0.38249822706088477,1.4749661516847294,0.3432969386449439,1.6351527779621446,0.8766232256823193,0.0030129661422963806,0.9363367161474953,-0.3330208269610152,0.5847073539621074,1.3021846147134508,-0.9968916201222708,1.528706654782591,0.4148093313284633,1.576587113714637,0.8277799335932612,0.7501423291293983,-0.019387760762122324,-0.13597135065212373,-0.2188682045549947,0.7712788658451212,0.6700290079758666,0.47335375432391985,0.807112687556078,-0.3179895681005244,-0.40389176652448494,0.1941460249497972,-0.23737357396443912,-0.26653365135425006,-0.5886453578734641,-0.4741579278740001,-0.6113732337294272,-0.25788293941658136,0.5417313029682607,0.93966344642788,-0.41641684254034306,0.45002141592375333,-0.4718492444402188,0.1167261613380477,0.8616391758126075,-1.5835655610952815,-0.49454636393726203
-1.78289814372964,0.36458886388506917,0.3391719552949464,3.7197905306438157,1.888755849819231,2.8508366209907345,2.16468415010171,1.3631585317752686,0.8595108198465975,0.6720369170538889,-0.3441940949167591,-0.19776440915508967,-0.5869943705643951,-2.2522592272562485,2.5082306198363282,2.6925961253431576,-2.2094670061967947,0.37213277184022864,0.8539472668580312,-4.661077403029121,-2.639491933309264,1.8445530566913926,2.438950265771807,0.47335375432391985,3.7178959649923384,-1.0203119981238142,3.5180272299332325,1.1992078538753994,-0.15629386400748696,-0.15590526362444976,-2.521261071616392,3.412084927642116,-0.31357911328311133,0.2418090336214876,2.4383786226862614,1.1029819688432987,2.3642132400959848,0.2412775051900895,-0.4930469249673901,-0.3057302328846651,-0.17045726598078978,1.1628493119869334,-2.44688933764882,-1.0737673200350104
0.13261547462851958,1.743860609007561,-2.10553414317631,-2.35311553140516,1.3647377664622131,-0.8247377089323579,1.4858111252993056,0.731177879737352,-0.3962639259345788,1.0809779594282103,-0.36946411155276254,0.9787941795881538,2.2479422836477427,-0.46077384412306294,1.128466937110089,-0.6568466796473074,3.463609105978601,1.0599424610708892,0.7028510448017432,2.1952100217922217,1.0755129322075128,-1.2199028646377816,0.03357686546055015,0.807112687556078,-1.0203119981238142,1.747249698640851,-2.162772682290865,-1.1703464970193589,0.34039656715384453,-0.2569662998511218,0.7674340268641625,-2.4931950712640925,-0.5573113955175509,-1.0522931269071016,-1.5535057581966771,0.29997316527974716,0.30158438808497073,-0.7068642901110033,0.9266009507915645,-0.5900425502744283,0.2779440264651204,0.7377734052579706,-1.2913699545868507,-0.24069931225821153
-1.3929227640176984,-1.1655181275044864,1.9742419375167048,4.6106360305630165,0.24335078162549878,2.732794420371383,0.3438273728468731,0.3872307500428643,0.9472105460825111,-0.4061443598627655,0.055447043105553616,-0.9458253738551867,-2.2653746153688252,-1.2458408115464696,0.8836207360435445,2.481894169137057,-4.433335120104835,-0.6040519994763739,0.03494958781780686,-5.159440121322696,-2.781096873438845,2.3286622770593826,1.734063270171314,-0.3179895681005244,3.5180272299332325,-2.162772682290865,4.31069342630325,1.824903457852128,-0.39651306080722487,0.10223089143642812,-2.4498149902047466,4.508509986584332,0.22944305109371674,1.035907890423641,3.0308238879220166,0.5516678609794564,1.4549962167348047,0.7583823039429617,-1.1134994888670189,0.26009358859956766,-0.34747870990436414,0.23152938549009883,-0.7091951687130353,-0.5753680491059556
-0.3331131235027298,-1.0081880290490468,1.3624451950857115,1.9726323361190103,-0.5328782443651356,0.9311689104542514,-0.5556013298065666,-0.18867136347097294,0.37852846977916144,-0.5907971467355309,0.14329700262625727,-0.6307392810412984,-1.4691258764012562,-0.0658534080221754,-0.32531127141490884,0.7835917334081429,-2.4154244414926533,-0.6182304792436367,-0.34447376377224576,-2.0085384114098015,-1.0075758782499364,1.0015041521464751,0.3615607137612797,-0.40389176652448494,1.1992078538753994,-1.1703464970193589,1.824903457852128,0.9062827101245132,-0.26594759294879433,0.17048960765697596,-0.867965100571589,2.048645763477585,0.3108006431980888,0.6653736045016213,1.3006653270974666,-0.018688478160834045,0.15599627986725625,0.5161306066558501,-0.6278604867056554,0.2921444846396745,-0.17064392759956265,-0.3048447898452734,0.3730267480458038,-0.009987090661735452
-0.043205126880480116,0.44323505377739797,-0.5455356738502309,-0.4387044157014571,0.3795805773765856,-0.11298692681825068,0.40561474703236755,0.16059246166847044,-0.08052304933563777,0.3299927106243812,-0.06615948864494858,0.24184570085333093,0.54998094605568,-0.17592329516921532,0.3768125922859356,-0.05189133076196134,0.7529231936098161,0.3098257247883747,0.2565869405129281,0.35790987916903594,0.12654890688212678,-0.21885798546267268,0.06637296230451095,0.1941460249497972,-0.15629386400748696,0.34039656715384453,-0.39651306080722487,-0.26594759294879433,0.12332405392652322,-0.11518924064803517,0.1364249679995726,-0.5291188827016661,-0.16984529270246934,-0.23772707801189644,-0.2909386315843981,0.11143335366316266,0.16909167819695092,-0.22832588380336838,0.1993513714424958,-0.12820285002268147,0.03254106947680202,0.2563299780005664,-0.339886029289042,-0.10042324549528706
0.20014655115037042,-0.48756049442667077,0.5341187708828793,0.1293112312337054,-0.5506899126955156,-0.12939881673735196,-0.5973786837391156,-0.2756804918513621,0.00910515298322966,-0.3997235677769169,0.09469119758598042,-0.2319007002336129,-0.5150009194906984,0.3728500453366934,-0.6034034967321122,-0.18234678683586336,-0.5795642628683467,-0.353716170268176,-0.34134801952636074,0.03525447740686807,0.1022824699758841,0.06464601996885855,-0.27737417428181144,-0.23737357396443912,-0.15590526362444976,-0.2569662998511218,0.10223089143642812,0.17048960765697596,-0.11518924064803517,0.13668139566919962,0.07359293616285868,0.25026314824721985,0.2043665981142136,0.22167085528140276,0.08760829972696915,-0.21083543219988254,-0.3772125116670083,0.2181945821565354,-0.16119573437525794,0.15491582592455444,-0.01621414942898804,-0.36669087414707213,0.5543846437798758,0.19676104998631017
1.1777196648563575,-0.12938227774340968,-0.3673409896677237,-2.595265111557143,-1.162991352992044,-1.9312116909341475,-1.3418972215077936,-0.8697423490665551,-0.5948235930452322,-0.36290795794913366,0.21223371150858555,0.19463725661167455,0.5318264113590921,1.4578980034818694,-1.577683832978415,-1.810712550669571,1.6675289500986679,-0.16726537829130655,-0.5030128927728146,3.2024369692268198,1.793119284692683,-1.2866304108563704,-1.6113845624336087,-0.26653365135425006,-2.521261071616392,0.7674340268641625,-2.4498149902047466,-0.867965100571589,0.1364249679995726,0.07359293616285868,1.7189422120483944,-2.4136683824353424,0.16625853979120253,-0.22167001385840013,-1.7015930793591085,-0.7077956255074433,-1.5340815575586393,-0.2201431840068004,0.3795396115955962,0.1720647423898904,0.12135770055408808,-0.7101315129305957,1.54699606891752,0.689727532249145
-1.2003084110058713,-1.7263553607737563,2.60015904003726,4.843927462180008,-0.3611518826337651,2.643183614391468,-0.31362692864831543,0.08608126194090425,0.9752749189471788,-0.8528880388002031,0.16224089500057495,-1.2202122800514796,-2.877974507538814,-0.8571232925966491,0.23450895565409396,2.330359005195118,-5.1621702926650626,-1.0035414146932806,-0.33810404191231985,-5.222422762844538,-2.7268713840931396,2.4468384930776477,1.461113309264158,-0.5886453578734641,3.412084927642116,-2.4931950712640925,4.508509986584332,2.048645763477585,-0.5291188827016661,0.25026314824721985,-2.4136683824353424,4.872334968550553,0.45787383890059746,1.3018351528378258,3.188233005415323,0.3309074118677832,1.067066615950462,1.009674976605517,-1.3145651303599648,0.43967130624312095,-0.3748829664290019,-0.16625081399720115,-0.10712141767503468,-0.3710706805292973
0.3522030700953641,-0.922935487342982,0.9722988503618566,0.27865901709300467,-1.0599769008476103,-0.23992972229994064,-1.1658539438501678,-0.5927732613697954,0.007018667210073301,-0.7095928391523318,0.2157628249726099,-0.4326754845013007,-0.9670510992007031,0.7131158081368758,-1.121527411567972,-0.31319890325740973,-1.1388848446762747,-0.6276357633800601,-0.5825832987168789,0.018755699080013108,0.1245227942370569,0.15264169302921415,-0.5429152396446066,-0.4741579278740001,-0.31357911328311133,-0.5573113955175509,0.22944305109371674,0.3108006431980888,-0.16984529270246934,0.2043665981142136,0.16625853979120253,0.45787383890059746,0.3647356164464394,0.4376653553245249,0.18916502708934999,-0.3953904512068911,-0.6899370114209944,0.34578735486808526,-0.32381509555545457,0.32576395867440106,-0.06732223974542877,-0.6518976710136314,1.1107184656495472,0.36104988866744014
0.14643767719923872,-1.2574011266059884,1.4352531011974137,1.1443367315868171,-1.1801913286208787,0.20615440852559117,-1.2936955412580258,-0.6516316587723301,0.168837396535615,-0.8560561540242243,0.2832325279895696,-0.6566640274961499,-1.4907656995610692,0.603428471401688,-1.113887336043586,0.09821306539012996,-2.104370358672858,-0.8008063165755974,-0.6236965471765914,-0.9075741652617784,-0.37973187633238253,0.5980423955488449,-0.32763494698086054,-0.6113732337294272,0.2418090336214876,-1.0522931269071016,1.035907890423641,0.6653736045016213,-0.23772707801189644,0.22167085528140276,-0.22167001385840013,1.3018351528378258,0.4376653553245249,0.6935467650827207,0.7572446681308268,-0.3515790631120358,-0.5211427769957928,0.48963238745674564,-0.5723002446393548,0.43585771351961305,-0.15560841974246933,-0.6789443623326529,1.182600611033328,0.3087524392073444
-0.9469974186928388,-0.8851591752255209,1.455118481088451,3.2453013589619175,0.0915396370996106,1.893532921779599,0.15394560863698958,0.22873672751293306,0.66280289838808,-0.3382043516113208,0.052942135216075485,-0.6943694149452684,-1.6580074143677666,-0.818394158127636,0.5329775534409354,1.7104465904076132,-3.1854764190785594,-0.4705497634911704,-0.020728399516420776,-3.6066995867113727,-1.9344857994655433,1.6398574580442986,1.1726172137855029,-0.25788293941658136,2.4383786226862614,-1.5535057581966771,3.0308238879220166,1.3006653270974666,-0.2909386315843981,0.08760829972696915,-1.7015930793591085,3.188233005415323,0.18916502708934999,0.7572446681308268,2.134382990366507,0.35559939336352236,0.9659316067250057,0.5577684454082071,-0.8030145920286259,0.20654698421581633,-0.24759678915235767,0.11180552586738361,-0.41464860577574986,-0.3758198320175559
-0.7068551339098574,0.9234443968517143,-0.8070786002766142,0.5498980401485715,1.3846746831380814,0.840975013033034,1.5437675791340972,0.8536559402143913,0.1836257256248878,0.7854640949792376,-0.28155716396849206,0.3511893104318501,0.7516447931452717,-1.1450310119524265,1.567441531206559,0.8667287209181187,0.5676105118782431,0.6474947622991144,0.705834251464922,-1.0247980294650265,-0.6778621539664211,0.25735392294882087,1.0327835681770792,0.5417313029682607,1.1029819688432987,0.29997316527974716,0.5516678609794564,-0.018688478160834045,0.11143335366316266,-0.21083543219988254,-0.7077956255074433,0.3309074118677832,-0.3953904512068911,-0.3515790631120358,0.35559939336352236,0.6021836686865355,1.1411468515867618,-0.250011459307462,0.1907357793805018,-0.37048018359975865,0.030337762296708537,0.8406041571662644,-1.5619222450492152,-0.5636103483856215
-1.4292246080664228,1.54343525844351,-1.25700933645941,1.4876797634414458,2.5282356839337314,1.807540794633579,2.8267772505020425,1.5733255254151683,0.4263902630994237,1.3873272115182347,-0.5004787997727493,0.5363856648129889,1.119277834522827,-2.2034660834666786,2.9292923208267183,1.8308375721257724,0.5549896621101214,1.1129277607217505,1.2918937271705266,-2.40469165300791,-1.528197110514166,0.7151384212639083,2.0440538340354846,0.93966344642788,2.3642132400959848,0.30158438808497073,1.4549962167348047,0.15599627986725625,0.16909167819695092,-0.3772125116670083,-1.5340815575586393,1.067066615950462,-0.6899370114209944,-0.5211427769957928,0.9659316067250057,1.1411468515867618,2.224271551115899,-0.381841781550634,0.22491845122056928,-0.6368609553640374,0.012539195721559943,1.5504476535012968,-2.8900812265247273,-1.080330634279058
0.1135576763616235,-0.9170399673873543,1.0959227433431231,0.841234088489792,-0.8224648181745299,0.17775725783608842,-0.8854950316913255,-0.3837543040838766,0.14362896102304207,-0.6699145791509457,0.15775876713759865,-0.4894714865556571,-1.1119957360795387,0.4072207532226612,-0.8123436738474834,0.06497150710134839,-1.5168200927351605,-0.6260444535277203,-0.5167124501861605,-0.6630998053102637,-0.23508856760594815,0.4256222407328962,-0.19245332599966564,-0.41641684254034306,0.2412775051900895,-0.7068642901110033,0.7583823039429617,0.5161306066558501,-0.22832588380336838,0.2181945821565354,-0.2201431840068004,1.009674976605517,0.34578735486808526,0.48963238745674564,0.5577684454082071,-0.250011459307462,-0.381841781550634,0.43550877061571436,-0.40663091629425546,0.28123367136523036,-0.07805565244149104,-0.5312856414818997,0.7698408554620789,0.22313633496106597
0.028658056798928428,0.9744550251587962,-1.1709641995956754,-1.214699535969937,0.7913570289322684,-0.3955600391304948,0.8601420356783215,0.4131618105249777,-0.2043768489043412,0.6273882203294885,-0.19964958365146387,0.5400133244502991,1.2378819570879562,-0.3010478988332458,0.6857868566281233,-0.2960609103363981,1.860047908442215,0.6068788898178591,0.42677234240107526,1.1034525280046967,0.5207400661563747,-0.6286094460746391,0.0652275969424073,0.45002141592375333,-0.4930469249673901,0.9266009507915645,-1.1134994888670189,-0.6278604867056554,0.1993513714424958,-0.16119573437525794,0.3795396115955962,-1.3145651303599648,-0.32381509555545457,-0.5723002446393548,-0.8030145920286259,0.1907357793805018,0.22491845122056928,-0.40663091629425546,0.49887015015540104,-0.324358980818885,0.14051143681262235,0.44678136424251225,-0.7497781044755747,-0.15809528586240212
0.31462136728203993,-0.8838863692325989,0.9064851974670424,0.3069721333358556,-1.0259953936158999,-0.2163773970940187,-1.1401086668397786,-0.6189942967648486,0.0035008353722137966,-0.6444072734011363,0.23950271346363117,-0.41197562633759777,-0.9190240326075472,0.6845997351654368,-1.0505153469400705,-0.2636015389062974,-1.1372335296162064,-0.5712344151543632,-0.5084210590415628,-0.03514731435429781,0.06039295625366481,0.17579405608191165,-0.5258697403762355,-0.4718492444402188,-0.3057302328846651,-0.5900425502744283,0.26009358859956766,0.2921444846396745,-0.12820285002268147,0.15491582592455444,0.1720647423898904,0.43967130624312095,0.32576395867440106,0.43585771351961305,0.20654698421581633,-0.37048018359975865,-0.6368609553640374,0.28123367136523036,-0.324358980818885,0.3363915446146725,-0.0907511776133794,-0.5883752808632876,1.10650724729267,0.3368822236802497
0.043666840831715674,0.24070109422956404,-0.28478513815422296,-0.37498707899710215,0.18016245607138584,-0.1432755473792885,0.20031596698718132,0.11411292852542494,-0.06016557643138255,0.1294024260794421,-0.06159004943234789,0.13667051138238515,0.31721024616893734,-0.046606743305232574,0.1278879994097593,-0.1275645254492526,0.519661230379772,0.1307736735947738,0.06902676376173629,0.3663623063948103,0.19814097540208775,-0.19799038513313957,-0.0114737156214872,0.1167261613380477,-0.17045726598078978,0.2779440264651204,-0.34747870990436414,-0.17064392759956265,0.03254106947680202,-0.01621414942898804,0.12135770055408808,-0.3748829664290019,-0.06732223974542877,-0.15560841974246933,-0.24759678915235767,0.030337762296708537,0.012539195721559943,-0.07805565244149104,0.14051143681262235,-0.0907511776133794,0.05299517348813202,0.07835714412220098,-0.1796468847206852,-0.020354103359817525
-0.8931400459141723,1.5848462678217996,-1.5480853826398666,0.18627005147964334,2.077040264439588,0.8887922339401122,2.2986569046831504,1.2110004141076827,0.1347634223537746,1.2908926958800666,-0.41847305448658506,0.6805516473616808,1.4899587597054211,-1.5688642994043467,2.284163700547966,0.982259004893372,1.4980663883102345,1.1030968840713136,1.1133850324803924,-0.8397837360205814,-0.6670805988253684,0.06862392551246993,1.3161606427285375,0.8616391758126075,1.1628493119869334,0.7377734052579706,0.23152938549009883,-0.3048447898452734,0.2563299780005664,-0.36669087414707213,-0.7101315129305957,-0.16625081399720115,-0.6518976710136314,-0.6789443623326529,0.11180552586738361,0.8406041571662644,1.5504476535012968,-0.5312856414818997,0.44678136424251225,-0.5883752808632876,0.07835714412220098,1.2783515389582691,-2.2550972392391158,-0.7832825858921585
1.6894777708241508,-2.777305786300195,2.5705424534181303,-0.6560624866862858,-3.8276235525372937,-1.8322908599943935,-4.269653172808269,-2.3712255322662035,-0.34136829539626684,-2.219255713331158,0.8378060359953868,-1.1444844472173503,-2.489500923980309,2.9696427760629103,-4.175466779357104,-1.9214942224804965,-2.435867588240249,-1.8732841365589745,-1.9002890537427055,1.8612243669458461,1.3140057183908667,-0.2607582344988865,-2.569536418582957,-1.5835655610952815,-2.44688933764882,-1.2913699545868507,-0.7091951687130353,0.3730267480458038,-0.339886029289042,0.5543846437798758,1.54699606891752,-0.10712141767503468,1.1107184656495472,1.182600611033328,-0.41464860577574986,-1.5619222450492152,-2.8900812265247273,0.7698408554620789,-0.7497781044755747,1.10650724729267,-0.1796468847206852,-2.2550972392391158,4.276159344884167,1.4536886890935707
0.6778553911368815,-0.8366416744353987,0.7207256017341116,-0.5790270437713975,-1.2856246646965304,-0.8193684206191876,-1.4332029293292057,-0.7923574175756424,-0.18195385661483257,-0.7249014568379771,0.26083471867773433,-0.3118376805017372,-0.6602409472815217,1.0792730147052294,-1.4641819730587329,-0.8389343540360736,-0.45924736351800743,-0.5937412829195404,-0.6578684853883203,1.0274554453080678,0.6729530077482997,-0.27468373823140035,-0.979863274543018,-0.49454636393726203,-1.0737673200350104,-0.24069931225821153,-0.5753680491059556,-0.009987090661735452,-0.10042324549528706,0.19676104998631017,0.689727532249145,-0.3710706805292973,0.36104988866744014,0.3087524392073444,-0.3758198320175559,-0.5636103483856215,-1.080330634279058,0.22313633496106597,-0.15809528586240212,0.3368822236802497,-0.020354103359817525,-0.7832825858921585,1.4536886890935707,0.5324463275613059
