V1,V2,V3,V4,V5,V6,V7,V8,V9,V10,V11,V12,V13,V14,V15,V16,V17,V18,V19,V20,V21,V22,V23,V24,V25,V26,V27,V28,V29,V30,V31,V32,V33,V34,V35,V36,V37,V38,V39,V40,V41,V42,V43,V44
0.8742882062733403,-0.5221052164371601,0.37156453038202675,-1.1722371987636087,-1.211602492068924,-1.1044478862620373,-1.2263976942732082,-0.6950231767597614,-0.20247152773393506,-0.6347547899946769,0.36631829719129183,-0.17470185972136737,-0.062251054755794635,1.1856326932740355,-1.286814300250411,-1.0035099798088216,0.20763122998583494,-0.5144016719140881,-0.6273317130525354,1.5843770261769996,0.980056831127738,-0.5897284907753733,-0.9906193754704495,-0.2970741755306883,-1.492741223668013,0.12917504414296,-1.0305268991825562,-0.3771806224837641,-0.020581507495287876,0.1509595305037369,0.8640547065590678,-0.902176135610957,0.14738402185771085,-0.0011253248109379234,-0.7644796920861668,-0.45291564532544276,-1.1797779821079937,0.008975389511449697,0.07714043163727188,0.17355821786794579,0.053338100721283116,-0.6874770366800949,1.3074419323575355,0.6228517343236295
-0.5221052164371601,2.115638179123221,-2.179504079144772,-1.154095861935198,2.122173548424431,0.1839697315579021,2.2762077235544322,1.1812294721525256,-0.07988653055749946,1.3988946668283235,-0.3737682318617653,0.998373624519306,2.230071446716126,-1.280405110977757,2.194105861014183,0.31136770020995075,2.8038488680843385,1.345490832819503,1.081973630292813,0.6153820604101298,0.21330557880213094,-0.583398286756289,0.8704353264038135,1.0841904886468956,0.25495674360667464,1.590216688291708,-1.0446397473254727,-0.7730965920565369,0.3075011886027313,-0.34695953995370105,0.019999444920383108,-1.4266867506361365,-0.8216935231696088,-0.9538355333667397,-0.7779384145058679,0.8088890956588269,1.1421395917717976,-0.7159361103720641,0.7758968834352471,-0.7329712086028123,0.26654095599014294,1.2857705548276996,-2.1354538386818414,-0.7067916563786371
0.37156453038202675,-2.179504079144772,2.49457184002341,1.854431897356342,-2.1104450569831585,0.22989628361388717,-2.230696082896481,-1.1368221917424206,0.28629989835948605,-1.5267177185534493,0.5712230008715856,-1.1414718644121402,-2.4400687464166593,1.1341397132513447,-1.950985908055773,0.13196249386809608,-3.5448125501514696,-1.4633349140995213,-1.102431900217538,-1.4184637663817226,-0.5407975121987955,0.928894627774775,-0.5979842773178224,-1.0480777974903186,0.24100412950342784,-1.7588296201238236,1.7039903970007493,1.0291178359623092,-0.4099306794643561,0.41334421385383135,-0.35947737850205913,2.139198368804035,0.7075402449499884,1.1328927383335181,1.203568690216859,-0.6202238668623338,-0.9740360053691746,0.8144669856394408,-0.9062778773670308,0.7159309278136721,-0.2375064051489535,-1.2023018680438016,2.0673747809843586,0.6581208866755462
-1.1722371987636087,-1.154095861935198,1.854431897356342,4.131420615960392,0.1264116933353399,2.250055690533478,0.19971920892069886,0.1652759527688613,0.7215246914074559,-0.3866250054932468,0.0938595432445317,-0.8630677731234205,-2.123219782478921,-1.0710093384776134,0.6052216824125405,2.177662304032673,-3.9875408724417154,-0.6306513380637422,0.0490505902787741,-4.449481246617723,-2.3024944436211423,1.9873082883744904,1.3205847466655765,-0.4563494966992357,2.984033869124952,-1.9148188998964453,3.700792025742556,1.6174641865740917,-0.3914856362649483,0.1870038997290791,-2.054365130946952,3.883420883141756,0.258299848956312,1.13342028012838,2.610072410405157,0.2825316956376329,1.2311656234439938,0.7627733397124621,-0.955921430451753,0.29321567531361026,-0.2478258185897731,0.1723303176716439,-0.42815023338926345,-0.3670508326205412
-1.211602492068924,2.122173548424431,-2.1104450569831585,0.1264116933353399,2.88241407047313,1.089454157594819,3.0039335631755772,1.5797720494067147,0.027003882863585273,1.7727510755066047,-0.7035740790696018,1.0095026598671217,1.8718345866119446,-2.1596379749026786,2.8860460823641434,1.1569721633673204,2.165315858334436,1.554904026459311,1.5718801540413678,-0.8810387375214439,-0.6845128756953572,-0.005532484154728023,1.5652892207083176,1.0584622434221187,1.488452903052352,1.1293845780494574,0.04751172994544941,-0.34943074562457577,0.2706735820778528,-0.39422078228973556,-0.7720312457175184,-0.46028659690717816,-0.7257777536935661,-0.7494579912254797,0.01618666172578495,0.9487673147296138,2.0832190630490914,-0.5711101056367792,0.6485206725052409,-0.7109834724808967,0.15809172721883807,1.637649280779239,-2.956186264974515,-1.041250276288794
-1.1044478862620373,0.1839697315579021,0.22989628361388717,2.250055690533478,1.089454157594819,1.8480490972856234,1.079368615282803,0.7760195304136264,0.5481685753806597,0.3742961686353174,-0.16274966843732488,-0.09162455756531715,-0.3789829086866825,-1.2639863642834874,1.4305968143597163,1.6165796290413508,-1.5424758190524424,0.2926003530548457,0.5425608885183215,-2.884296486337496,-1.6357646782295203,1.2101124666208702,1.4631341626246288,0.2979048557872456,2.205190010116503,-0.6635245969896821,2.2010503370614245,0.7737541888817925,-0.13074270350899425,-0.11873871711589801,-1.4600624984556823,2.0977525567064355,-0.2134566834254367,0.16358768066009705,1.5063821603555838,0.7286137197333515,1.4215201945080487,0.16339502330686104,-0.3092324672596966,-0.1103703310218585,-0.12593938463301427,0.6219586459749171,-1.3428183740554158,-0.6865851455109495
-1.2263976942732082,2.2762077235544322,-2.230696082896481,0.19971920892069886,3.0039335631755772,1.079368615282803,3.4771470404387195,1.747667966141882,0.1193797905307116,1.8661479033250445,-0.6677932269042945,0.9492460211635608,2.124802631287356,-2.3164591958291294,3.268853499314793,1.3610786367973926,2.3932068417231,1.492848832593459,1.5370041755408954,-1.0065036596209636,-0.8096644453082268,-0.04542472143387935,1.8095430174845042,1.1712640632662192,1.634473908947949,1.150751499655085,0.1458250061576156,-0.47891449803303965,0.3702992594172605,-0.46310641343913395,-1.0117605661517035,-0.35996931699013923,-0.8855197692640565,-0.9366202249908766,0.0588065428504983,1.0650542797461713,2.17407878504296,-0.7119496745914351,0.6624119457678754,-0.9050233101595325,0.1724692976113922,1.8708313784321873,-3.3062780903293776,-1.0621495779992012
-0.6950231767597614,1.1812294721525256,-1.1368221917424206,0.1652759527688613,1.5797720494067147,0.7760195304136264,1.747667966141882,1.016726259915319,0.16554340141757887,0.9361976744702538,-0.3648600559841138,0.5019340755383405,1.099072346617785,-1.1833320697563134,1.75089457793219,0.7416917788854536,1.0825168652840558,0.8310127944439104,0.8078325063784297,-0.7345522333369768,-0.599254034224024,0.10846495523994971,1.1082895252586757,0.7094018637452593,0.9682578717876001,0.5074973857479339,0.2911556981206928,-0.18938962748510216,0.1878451362444916,-0.2999928289751586,-0.6344242240412911,-0.002704345042950998,-0.4693827461032849,-0.6178127409820966,0.16165947938093334,0.7119823790005663,1.1826915549540673,-0.3974395368193376,0.3081223224208538,-0.45718148257243135,0.022223532307640438,0.9179794831303025,-1.7918319369372357,-0.6400348429170458
-0.20247152773393506,-0.07988653055749946,0.28629989835948605,0.7215246914074559,0.027003882863585273,0.5481685753806597,0.1193797905307116,0.16554340141757887,0.2941711192086459,-0.10906739853340107,0.13178542685183028,-0.17187861374035152,-0.1704561912604774,-0.15127480212301928,0.3234198636221792,0.4840864408540591,-0.761295655823105,-0.09677899049260634,-0.05993093366337393,-0.9379985058246408,-0.5191752973609154,0.42420750842535365,0.45256174959211515,0.1084675498714431,0.5923038799679282,-0.29943838813236673,0.8177380048886049,0.24364243887348586,-0.05493912707163497,-0.03123449829463003,-0.4885937017893193,0.8472004876716345,-0.12609342445483676,0.004678696464511222,0.5220323566951264,0.299569404418766,0.21983659809944048,0.038891348450427694,-0.17426524891566822,-0.04810579965526335,-0.05101790891390316,0.07778612085110777,-0.21264433853881265,-0.1325577810703606
-0.6347547899946769,1.3988946668283235,-1.5267177185534493,-0.3866250054932468,1.7727510755066047,0.3742961686353174,1.8661479033250445,0.9361976744702538,-0.10906739853340107,1.1822692395389196,-0.5139307845212544,0.7078647277201036,1.3515362760563954,-1.246015112436988,1.667901630005666,0.45178653851309764,1.8489122866820358,1.024522211647259,0.9559961329713891,1.890286160390057e-4,-0.16857336030171852,-0.24864054319896275,0.7820153635931273,0.6531753426247918,0.5862151215953775,0.8651344882474328,-0.4370355006949599,-0.4125708247505181,0.23293420090749953,-0.272988341824556,-0.24228286520137315,-0.7601194033918924,-0.425634407930164,-0.5587884517351673,-0.2954273942901768,0.47890257690485366,1.1684615736403228,-0.42976603367462246,0.49683400703244174,-0.4619942993460076,0.10961797497705006,1.0063293106275488,-1.7855557007232314,-0.6022192924381429
0.36631829719129183,-0.3737682318617653,0.5712230008715856,0.0938595432445317,-0.7035740790696018,-0.16274966843732488,-0.6677932269042945,-0.3648600559841138,0.13178542685183028,-0.5139307845212544,0.5301967529787655,-0.26324168304972245,-0.13165058092314522,0.5705916959892801,-0.4522959727139246,-0.009572382029851476,-0.7737876059969213,-0.4521366050238438,-0.38827615024217993,0.031655472139787484,0.25670345562732294,0.03373556892762371,-0.2565932769659112,-0.12767172865910395,-0.41280561829414986,-0.07362398810884702,0.14623986817170756,-0.00559693826448238,-0.1666038242121084,0.18358899626699993,0.12240543707893883,0.24719709502634066,-0.1542160271973732,0.20814804909706552,-0.021129535550453025,-0.02733931097860269,-0.48338360345035025,0.1372632375678079,-0.030800219526476012,0.05901032009044346,0.1150918398169833,-0.30658748221220844,0.6982401794845638,0.3672333639847075
-0.17470185972136737,0.998373624519306,-1.1414718644121402,-0.8630677731234205,1.0095026598671217,-0.09162455756531715,0.9492460211635608,0.5019340755383405,-0.17187861374035152,0.7078647277201036,-0.26324168304972245,0.5832306717753842,1.1083385958109737,-0.5231061103179369,0.8447576578507264,-0.08549782926415807,1.5955315223251831,0.7209999601309662,0.6027655602391996,0.6711140578579385,0.2970908948746384,-0.43514995781680105,0.228240269116162,0.45843300062882464,-0.155761685535783,0.843519027102487,-0.803180737574804,-0.4626788950404447,0.15142776668583818,-0.15459393429248328,0.22030276105227056,-1.0486860360524437,-0.29224505012882573,-0.4682719276085538,-0.5820331082073097,0.26006507457760536,0.487309151358865,-0.3414424203651543,0.4681129737053413,-0.27575941617739314,0.1171081744170877,0.5010337661968877,-0.9093758778069465,-0.26861439167088536
-0.062251054755794635,2.230071446716126,-2.4400687464166593,-2.123219782478921,1.8718345866119446,-0.3789829086866825,2.124802631287356,1.099072346617785,-0.1704561912604774,1.3515362760563954,-0.13165058092314522,1.1083385958109737,2.9963300545218035,-0.7901704893684386,1.9774084867604584,-0.07020201839576527,3.5031927065662116,1.2708128350724244,0.9778404068314657,1.6533146988699225,0.8302917002201514,-1.087753194182512,0.6110356049720195,1.1857177701445245,-0.7393920590148575,1.9763682560272888,-1.791578289188109,-1.3761355430362325,0.3432324776139327,-0.3393512950435023,0.4198877283184628,-2.294334654829992,-1.0790107917835003,-1.30262373833751,-1.4562924595461633,0.7854191833027511,0.7853217996092329,-0.9011516237174465,1.1569882637400877,-0.8502370144305876,0.382692783688504,1.1545885114863845,-1.9370115660216687,-0.3510949293551009
1.1856326932740355,-1.280405110977757,1.1341397132513447,-1.0710093384776134,-2.1596379749026786,-1.2639863642834874,-2.3164591958291294,-1.1833320697563134,-0.15127480212301928,-1.246015112436988,0.5705916959892801,-0.5231061103179369,-0.7901704893684386,1.8969312445725424,-2.2482660951667723,-1.323362892569722,-0.7493751353139558,-0.9932789171776236,-1.150756586573318,1.655159126138942,1.0582070001619082,-0.4382248326589341,-1.421436852495591,-0.632994740274443,-1.8472616714818084,-0.3526170504058788,-0.8504960594075684,-0.14127609651897666,-0.14581476795653167,0.25637589643820685,1.0475281249982227,-0.5549755495748999,0.3972030199546038,0.2507670357703422,-0.631067335613919,-0.698207752581966,-1.8210355559682654,0.2508139483112241,-0.2056225749270164,0.4511762277641432,-0.03313524173466105,-1.2769829271017041,2.291371196571956,0.8766563535292625
-1.286814300250411,2.194105861014183,-1.950985908055773,0.6052216824125405,2.8860460823641434,1.4305968143597163,3.268853499314793,1.75089457793219,0.3234198636221792,1.667901630005666,-0.4522959727139246,0.8447576578507264,1.9774084867604584,-2.2482660951667723,3.3385073422403324,1.605236483111848,1.7090716945967717,1.4128547041412227,1.453639303046323,-1.541872944447743,-1.0163911187240733,0.24772897398804097,1.9795153742646334,1.2365552741845827,1.8759804576802726,1.0380776783776704,0.6338808429817667,-0.2573794525890136,0.2502020049822903,-0.4208525336912347,-1.1826244502917702,0.16798152687446363,-1.0126912788679783,-0.8555091289964668,0.3478964915305344,1.2762476461970702,2.1719849408738434,-0.6133540030251481,0.5469810598519914,-0.8823941904553252,0.1940002217297107,1.8085187519226882,-3.1973544911125393,-1.1109402249769893
-1.0035099798088216,0.31136770020995075,0.13196249386809608,2.177662304032673,1.1569721633673204,1.6165796290413508,1.3610786367973926,0.7416917788854536,0.4840864408540591,0.45178653851309764,-0.009572382029851476,-0.08549782926415807,-0.07020201839576527,-1.323362892569722,1.605236483111848,1.7380659873787379,-1.277966953713053,0.20285477367288796,0.5791801692576187,-2.684812828570207,-1.4020633189098555,1.0114399493263875,1.403953782500043,0.2747029806227222,2.0247518222607437,-0.446050610183031,1.9925170331690398,0.5696224500633036,-0.12959743744210292,-0.04146391382707039,-1.4251094473737442,1.8692255353543685,-0.3993326236728805,0.21113365141299262,1.3070073354146032,0.6524061969566064,1.4294195927975437,0.13608034088478468,-0.14766698329383857,-0.2389084993632661,0.02496386544653935,0.7968358707405974,-1.4257659511230212,-0.5185000868331467
0.20763122998583494,2.8038488680843385,-3.5448125501514696,-3.9875408724417154,2.165315858334436,-1.5424758190524424,2.3932068417231,1.0825168652840558,-0.761295655823105,1.8489122866820358,-0.7737876059969213,1.5955315223251831,3.5031927065662116,-0.7493751353139558,1.7090716945967717,-1.277966953713053,5.929686004430536,1.7734236632819154,1.1413469523419386,3.795925916336432,1.7200074445683284,-2.061376219422991,-0.10561486341938837,1.22528781395645,-1.7033503595283959,2.7286455142629333,-3.7335949026706228,-1.90029507051138,0.7013493081550796,-0.5221015905921517,1.379900937022983,-4.255058130543909,-0.7352514504440579,-1.7325771334246576,-2.569275515788,0.3371916416151397,0.40285576898511594,-1.2581789912478176,1.4012798979901415,-0.9062990287479226,0.34596386757896336,1.2385732005023748,-2.0080558070366914,-0.4630525746904467
-0.5144016719140881,1.345490832819503,-1.4633349140995213,-0.6306513380637422,1.554904026459311,0.2926003530548457,1.492848832593459,0.8310127944439104,-0.09677899049260634,1.024522211647259,-0.4521366050238438,0.7209999601309662,1.2708128350724244,-0.9932789171776236,1.4128547041412227,0.20285477367288796,1.7734236632819154,1.0386971004568208,0.8587885789249745,0.23833572913663217,-0.03512989378299507,-0.27611313430214285,0.6195890748009385,0.6634482754022376,0.35947683269372294,0.9138885586318798,-0.5708328722374408,-0.38452746813423466,0.20197712199372864,-0.2670265667643934,-0.041753093778488036,-0.8712698078199405,-0.371693943963465,-0.5709797193700099,-0.3942251092146001,0.49826297243004625,0.9400502904681539,-0.42068416859012764,0.4600654011589946,-0.37736621682583793,0.0814009453403465,0.7992608091444876,-1.4940335181526232,-0.5840853733792561
-0.6273317130525354,1.081973630292813,-1.102431900217538,0.0490505902787741,1.5718801540413678,0.5425608885183215,1.5370041755408954,0.8078325063784297,-0.05993093366337393,0.9559961329713891,-0.38827615024217993,0.6027655602391996,0.9778404068314657,-1.150756586573318,1.453639303046323,0.5791801692576187,1.1413469523419386,0.8587885789249745,0.9820680096869249,-0.40978912062691675,-0.30079555274526487,-0.05189663871388755,0.7614314980821493,0.48905882331838246,0.6881122995516169,0.6105722575887769,-0.0041785824429090845,-0.20462605046207433,0.11075887698609907,-0.1627520709108918,-0.3645880716158818,-0.36361249843559257,-0.31868328705031357,-0.3441390617620736,-0.04698422345858544,0.42488526029672224,1.1608370917869886,-0.2651243886529901,0.42723362276012855,-0.3053867323296162,0.08272592133117887,0.7846874511093516,-1.5315656231883925,-0.4589748388142873
1.5843770261769996,0.6153820604101298,-1.4184637663817226,-4.449481246617723,-0.8810387375214439,-2.884296486337496,-1.0065036596209636,-0.7345522333369768,-0.9379985058246408,1.890286160390057e-4,0.031655472139787484,0.6711140578579385,1.6533146988699225,1.655159126138942,-1.541872944447743,-2.684812828570207,3.795925916336432,0.23833572913663217,-0.40978912062691675,5.172749655934405,2.810393823686531,-2.2307535875565736,-2.0457186701889114,0.03330909594660415,-3.6659553646590934,1.7927900442482998,-4.17504063491641,-1.6289000593077776,0.3297458013026159,-0.017110392750438803,2.5337695580635398,-4.221332543590069,0.012636061305897572,-0.7965602606080694,-2.898083484493386,-0.7895472094043207,-1.8755575333203627,-0.5769993633803224,0.8768701530616505,-0.07177853583556658,0.27816559381327705,-0.6022074169529731,1.3506591781458674,0.7483144401939595
0.980056831127738,0.21330557880213094,-0.5407975121987955,-2.3024944436211423,-0.6845128756953572,-1.6357646782295203,-0.8096644453082268,-0.599254034224024,-0.5191752973609154,-0.16857336030171852,0.25670345562732294,0.2970908948746384,0.8302917002201514,1.0582070001619082,-1.0163911187240733,-1.4020633189098555,1.7200074445683284,-0.03512989378299507,-0.30079555274526487,2.810393823686531,1.7260447324023775,-1.2072487546045076,-1.2865933958891849,-0.08525977045194096,-2.1391749917272467,1.0297083431683893,-2.258391051724519,-0.8593358179140381,0.05949283861378309,0.13304889444449272,1.491435346307432,-2.2422538480249368,-0.07094023668826038,-0.19438559238393535,-1.6079195747208745,-0.5081048494453513,-1.1569308395931464,-0.18912599639261163,0.5152086629056689,0.004067331998366092,0.27153369540436073,-0.40187520568971247,1.0459102156426474,0.5813935925526217
-0.5897284907753733,-0.583398286756289,0.928894627774775,1.9873082883744904,-0.005532484154728023,1.2101124666208702,-0.04542472143387935,0.10846495523994971,0.42420750842535365,-0.24864054319896275,0.03373556892762371,-0.43514995781680105,-1.087753194182512,-0.4382248326589341,0.24772897398804097,1.0114399493263875,-2.061376219422991,-0.27611313430214285,-0.05189663871388755,-2.2307535875565736,-1.2072487546045076,1.0595320486885302,0.6951935360481127,-0.15902181507271956,1.4932514155327177,-0.990586052889289,1.8842703827068292,0.8536189297721976,-0.1950712364355913,0.04229771130777877,-1.0060577339022845,1.9978685451134484,0.13087628613199176,0.4780084576243284,1.3377662839401567,0.23519341866687554,0.5458323236485421,0.3656121296184038,-0.537014488631699,0.16449140658633235,-0.16854637465379743,0.014815832998867963,-0.16014950014489576,-0.2686134691799165
-0.9906193754704495,0.8704353264038135,-0.5979842773178224,1.3205847466655765,1.5652892207083176,1.4631341626246288,1.8095430174845042,1.1082895252586757,0.45256174959211515,0.7820153635931273,-0.2565932769659112,0.228240269116162,0.6110356049720195,-1.421436852495591,1.9795153742646334,1.403953782500043,-0.10561486341938837,0.6195890748009385,0.7614314980821493,-2.0457186701889114,-1.2865933958891849,0.6951935360481127,1.5767539047088803,0.6543985160680257,1.791348490683351,-0.04070608081063724,1.4203501882316139,0.21222267065429098,0.08042515420508725,-0.27360333826294586,-1.276618432533968,1.170441958740396,-0.4860327743637134,-0.39392071154448277,0.9158437405269964,0.8985507011214983,1.5098400349667547,-0.2274240664079901,0.05250902416234196,-0.4197733277745445,-0.0510083039499094,0.9629523468646605,-1.9450352037812504,-0.7327239040313932
-0.2970741755306883,1.0841904886468956,-1.0480777974903186,-0.4563494966992357,1.0584622434221187,0.2979048557872456,1.1712640632662192,0.7094018637452593,0.1084675498714431,0.6531753426247918,-0.12767172865910395,0.45843300062882464,1.1857177701445245,-0.632994740274443,1.2365552741845827,0.2747029806227222,1.22528781395645,0.6634482754022376,0.48905882331838246,0.03330909594660415,-0.08525977045194096,-0.15902181507271956,0.6543985160680257,0.6815372691059466,0.2787042811121261,0.7166535010435108,-0.2615669559339836,-0.3736497885885384,0.160628073927569,-0.22419813473580213,-0.16204957600101264,-0.45156754704868635,-0.49695352681303107,-0.6168808797913296,-0.2392288684315153,0.6057295435491734,0.6263687739016675,-0.4189450540249455,0.3542871414146347,-0.4175725051841601,0.08980934169933574,0.6632413152435879,-1.1863239418173046,-0.4146725416214373
-1.492741223668013,0.25495674360667464,0.24100412950342784,2.984033869124952,1.488452903052352,2.205190010116503,1.634473908947949,0.9682578717876001,0.5923038799679282,0.5862151215953775,-0.41280561829414986,-0.155761685535783,-0.7393920590148575,-1.8472616714818084,1.8759804576802726,2.0247518222607437,-1.7033503595283959,0.35947683269372294,0.6881122995516169,-3.6659553646590934,-2.1391749917272467,1.4932514155327177,1.791348490683351,0.2787042811121261,3.0580338273884684,-0.8940841918078141,2.7035379980831484,1.0873073435203031,-0.0647265891044108,-0.16396656043588714,-1.8893538990559475,2.675251640562553,-0.0831789576858942,0.321374888816514,1.986914160771802,0.7495392664673383,1.8438179415434242,0.1917039453576393,-0.5257472870417662,-0.1581046214049797,-0.1956734705069026,0.9525759019354864,-1.8219563516845296,-0.964279872862993
0.12917504414296,1.590216688291708,-1.7588296201238236,-1.9148188998964453,1.1293845780494574,-0.6635245969896821,1.150751499655085,0.5074973857479339,-0.29943838813236673,0.8651344882474328,-0.07362398810884702,0.843519027102487,1.9763682560272888,-0.3526170504058788,1.0380776783776704,-0.446050610183031,2.7286455142629333,0.9138885586318798,0.6105722575887769,1.7927900442482998,1.0297083431683893,-0.990586052889289,-0.04070608081063724,0.7166535010435108,-0.8940841918078141,1.654267693202057,-1.8240001458552617,-0.9463282134515324,0.21249305056750956,-0.1488296459327984,0.7655228744785615,-2.0823388048883755,-0.6476140906559502,-0.7236444734475154,-1.339346093435112,0.33027649704370954,0.21292771495704138,-0.568303873092035,0.8040018288602371,-0.5069171704038798,0.34991985526225444,0.6912312852824763,-0.9315203241368615,-0.18883832921821062
-1.0305268991825562,-1.0446397473254727,1.7039903970007493,3.700792025742556,0.04751172994544941,2.2010503370614245,0.1458250061576156,0.2911556981206928,0.8177380048886049,-0.4370355006949599,0.14623986817170756,-0.803180737574804,-1.791578289188109,-0.8504960594075684,0.6338808429817667,1.9925170331690398,-3.7335949026706228,-0.5708328722374408,-0.0041785824429090845,-4.17504063491641,-2.258391051724519,1.8842703827068292,1.4203501882316139,-0.2615669559339836,2.7035379980831484,-1.8240001458552617,3.5805695030639813,1.4197681037117542,-0.33090767561909723,0.0799997375856606,-2.0133162594880534,3.6849657712425086,0.1568616213086536,0.7579643389338737,2.4490872046999517,0.48384595241843026,1.0993723285518924,0.592179673593948,-0.8727086082368615,0.22920935445847296,-0.3067319645555116,0.06768947863384901,-0.4815650859234386,-0.3593343788890432
-0.3771806224837641,-0.7730965920565369,1.0291178359623092,1.6174641865740917,-0.34943074562457577,0.7737541888817925,-0.47891449803303965,-0.18938962748510216,0.24364243887348586,-0.4125708247505181,-0.00559693826448238,-0.4626788950404447,-1.3761355430362325,-0.14127609651897666,-0.2573794525890136,0.5696224500633036,-1.90029507051138,-0.38452746813423466,-0.20462605046207433,-1.6289000593077776,-0.8593358179140381,0.8536189297721976,0.21222267065429098,-0.3736497885885384,1.0873073435203031,-0.9463282134515324,1.4197681037117542,0.9078417362179608,-0.19639199214268632,0.10949811926938118,-0.6153467225353129,1.6228678055614305,0.3407027633903806,0.6128360496466987,1.0966660309285698,-0.07365521435753394,0.12009339780644415,0.4528553176427762,-0.6180422594273306,0.29505362276286196,-0.1559608758901714,-0.21363912322915418,0.3481127833094117,-0.1564260355291598
-0.020581507495287876,0.3075011886027313,-0.4099306794643561,-0.3914856362649483,0.2706735820778528,-0.13074270350899425,0.3702992594172605,0.1878451362444916,-0.05493912707163497,0.23293420090749953,-0.1666038242121084,0.15142776668583818,0.3432324776139327,-0.14581476795653167,0.2502020049822903,-0.12959743744210292,0.7013493081550796,0.20197712199372864,0.11075887698609907,0.3297458013026159,0.05949283861378309,-0.1950712364355913,0.08042515420508725,0.160628073927569,-0.0647265891044108,0.21249305056750956,-0.33090767561909723,-0.19639199214268632,0.13324271310590835,-0.11304896686005107,0.05042082555932311,-0.3800365153595071,-0.031135832938701882,-0.267815154080317,-0.20380358449280603,0.06620195430930734,0.0884460378526652,-0.1898646206860264,0.10095326587285797,-0.12002195177572958,-0.02525499477798217,0.16835578240755508,-0.3371021526324666,-0.10969076714927416
0.1509595305037369,-0.34695953995370105,0.41334421385383135,0.1870038997290791,-0.39422078228973556,-0.11873871711589801,-0.46310641343913395,-0.2999928289751586,-0.03123449829463003,-0.272988341824556,0.18358899626699993,-0.15459393429248328,-0.3393512950435023,0.25637589643820685,-0.4208525336912347,-0.04146391382707039,-0.5221015905921517,-0.2670265667643934,-0.1627520709108918,-0.017110392750438803,0.13304889444449272,0.04229771130777877,-0.27360333826294586,-0.22419813473580213,-0.16396656043588714,-0.1488296459327984,0.0799997375856606,0.10949811926938118,-0.11304896686005107,0.15195556595672968,0.1048906111989577,0.1519137448461948,0.08521370355078138,0.29626832140625764,0.04269200651648443,-0.19334204742496386,-0.23614474870959742,0.17485952458754997,-0.06634690246686197,0.13453083826939738,0.042608968537313475,-0.218023882312145,0.4924122916065776,0.22151137459304976
0.8640547065590678,0.019999444920383108,-0.35947737850205913,-2.054365130946952,-0.7720312457175184,-1.4600624984556823,-1.0117605661517035,-0.6344242240412911,-0.4885937017893193,-0.24228286520137315,0.12240543707893883,0.22030276105227056,0.4198877283184628,1.0475281249982227,-1.1826244502917702,-1.4251094473737442,1.379900937022983,-0.041753093778488036,-0.3645880716158818,2.5337695580635398,1.491435346307432,-1.0060577339022845,-1.276618432533968,-0.16204957600101264,-1.8893538990559475,0.7655228744785615,-2.0133162594880534,-0.6153467225353129,0.05042082555932311,0.1048906111989577,1.4115719438076115,-1.9339433936885455,0.12282456024968999,-0.10139674802553665,-1.3644087084822887,-0.5381039533940509,-1.1548477147958653,-0.10486156177330613,0.3157283638313358,0.12226990904521716,0.1595556352497405,-0.5119429932380504,1.153596030389071,0.45842029002623297
-0.902176135610957,-1.4266867506361365,2.139198368804035,3.883420883141756,-0.46028659690717816,2.0977525567064355,-0.35996931699013923,-0.002704345042950998,0.8472004876716345,-0.7601194033918924,0.24719709502634066,-1.0486860360524437,-2.294334654829992,-0.5549755495748999,0.16798152687446363,1.8692255353543685,-4.255058130543909,-0.8712698078199405,-0.36361249843559257,-4.221332543590069,-2.2422538480249368,1.9978685451134484,1.170441958740396,-0.45156754704868635,2.675251640562553,-2.0823388048883755,3.6849657712425086,1.6228678055614305,-0.3800365153595071,0.1519137448461948,-1.9339433936885455,3.983207020462069,0.303663241671963,0.9916329932945253,2.592072192965386,0.324814837330255,0.7425299372297905,0.7308145937109156,-1.1127817233756034,0.34485126338541755,-0.3328538769898959,-0.1380122639002668,0.04149342657994149,-0.2806487462598069
0.14738402185771085,-0.8216935231696088,0.7075402449499884,0.258299848956312,-0.7257777536935661,-0.2134566834254367,-0.8855197692640565,-0.4693827461032849,-0.12609342445483676,-0.425634407930164,-0.1542160271973732,-0.29224505012882573,-1.0790107917835003,0.3972030199546038,-1.0126912788679783,-0.3993326236728805,-0.7352514504440579,-0.371693943963465,-0.31868328705031357,0.012636061305897572,-0.07094023668826038,0.13087628613199176,-0.4860327743637134,-0.49695352681303107,-0.0831789576858942,-0.6476140906559502,0.1568616213086536,0.3407027633903806,-0.031135832938701882,0.08521370355078138,0.12282456024968999,0.303663241671963,0.6151762648059154,0.3824041829309486,0.23576454773700567,-0.47916661821741,-0.41694643294154765,0.24464475998202334,-0.3512514300352467,0.38431888288238597,-0.21981081839297043,-0.5486152356529541,0.8109268076508931,0.18748457690362072
-0.0011253248109379234,-0.9538355333667397,1.1328927383335181,1.13342028012838,-0.7494579912254797,0.16358768066009705,-0.9366202249908766,-0.6178127409820966,0.004678696464511222,-0.5587884517351673,0.20814804909706552,-0.4682719276085538,-1.30262373833751,0.2507670357703422,-0.8555091289964668,0.21113365141299262,-1.7325771334246576,-0.5709797193700099,-0.3441390617620736,-0.7965602606080694,-0.19438559238393535,0.4780084576243284,-0.39392071154448277,-0.6168808797913296,0.321374888816514,-0.7236444734475154,0.7579643389338737,0.6128360496466987,-0.267815154080317,0.29626832140625764,-0.10139674802553665,0.9916329932945253,0.3824041829309486,0.9101293422557563,0.5912890707791629,-0.43915681865490697,-0.23703823563674717,0.5281947030693688,-0.41538807254639704,0.39602861266326,-0.022134585971219343,-0.42577273964341633,0.9502432304142554,0.2564742218792826
-0.7644796920861668,-0.7779384145058679,1.203568690216859,2.610072410405157,0.01618666172578495,1.5063821603555838,0.0588065428504983,0.16165947938093334,0.5220323566951264,-0.2954273942901768,-0.021129535550453025,-0.5820331082073097,-1.4562924595461633,-0.631067335613919,0.3478964915305344,1.3070073354146032,-2.569275515788,-0.3942251092146001,-0.04698422345858544,-2.898083484493386,-1.6079195747208745,1.3377662839401567,0.9158437405269964,-0.2392288684315153,1.986914160771802,-1.339346093435112,2.4490872046999517,1.0966660309285698,-0.20380358449280603,0.04269200651648443,-1.3644087084822887,2.592072192965386,0.23576454773700567,0.5912890707791629,1.7602717153213547,0.24941988989709632,0.7279829265490226,0.4413792224309503,-0.7101168300174926,0.19943527995464544,-0.24890125038593833,0.05211362936337326,-0.2841367662906748,-0.3294362441870766
-0.45291564532544276,0.8088890956588269,-0.6202238668623338,0.2825316956376329,0.9487673147296138,0.7286137197333515,1.0650542797461713,0.7119823790005663,0.299569404418766,0.47890257690485366,-0.02733931097860269,0.26006507457760536,0.7854191833027511,-0.698207752581966,1.2762476461970702,0.6524061969566064,0.3371916416151397,0.49826297243004625,0.42488526029672224,-0.7895472094043207,-0.5081048494453513,0.23519341866687554,0.8985507011214983,0.6057295435491734,0.7495392664673383,0.33027649704370954,0.48384595241843026,-0.07365521435753394,0.06620195430930734,-0.19334204742496386,-0.5381039533940509,0.324814837330255,-0.47916661821741,-0.43915681865490697,0.24941988989709632,0.7065657165499802,0.7599244336440941,-0.27274931443071676,0.15961470569619476,-0.34751931959168453,0.03387164001670964,0.5998062287383172,-1.1587806966442955,-0.4491793942737169
-1.1797779821079937,1.1421395917717976,-0.9740360053691746,1.2311656234439938,2.0832190630490914,1.4215201945080487,2.17407878504296,1.1826915549540673,0.21983659809944048,1.1684615736403228,-0.48338360345035025,0.487309151358865,0.7853217996092329,-1.8210355559682654,2.1719849408738434,1.4294195927975437,0.40285576898511594,0.9400502904681539,1.1608370917869886,-1.8755575333203627,-1.1569308395931464,0.5458323236485421,1.5098400349667547,0.6263687739016675,1.8438179415434242,0.21292771495704138,1.0993723285518924,0.12009339780644415,0.0884460378526652,-0.23614474870959742,-1.1548477147958653,0.7425299372297905,-0.41694643294154765,-0.23703823563674717,0.7279829265490226,0.7599244336440941,1.8964958234016418,-0.21915527329387818,0.24860170701931042,-0.40055752408791034,0.0013001470412515592,1.1672237740710132,-2.2478301693754803,-0.7888984802392086
0.008975389511449697,-0.7159361103720641,0.8144669856394408,0.7627733397124621,-0.5711101056367792,0.16339502330686104,-0.7119496745914351,-0.3974395368193376,0.038891348450427694,-0.42976603367462246,0.1372632375678079,-0.3414424203651543,-0.9011516237174465,0.2508139483112241,-0.6133540030251481,0.13608034088478468,-1.2581789912478176,-0.42068416859012764,-0.2651243886529901,-0.5769993633803224,-0.18912599639261163,0.3656121296184038,-0.2274240664079901,-0.4189450540249455,0.1917039453576393,-0.568303873092035,0.592179673593948,0.4528553176427762,-0.1898646206860264,0.17485952458754997,-0.10486156177330613,0.7308145937109156,0.24464475998202334,0.5281947030693688,0.4413792224309503,-0.27274931443071676,-0.21915527329387818,0.37780640553336353,-0.3104408449824787,0.27666138884313807,-0.031044154877883944,-0.3538534591693841,0.6753790960896405,0.1617015285285043
0.07714043163727188,0.7758968834352471,-0.9062778773670308,-0.955921430451753,0.6485206725052409,-0.3092324672596966,0.6624119457678754,0.3081223224208538,-0.17426524891566822,0.49683400703244174,-0.030800219526476012,0.4681129737053413,1.1569882637400877,-0.2056225749270164,0.5469810598519914,-0.14766698329383857,1.4012798979901415,0.4600654011589946,0.42723362276012855,0.8768701530616505,0.5152086629056689,-0.537014488631699,0.05250902416234196,0.3542871414146347,-0.5257472870417662,0.8040018288602371,-0.8727086082368615,-0.6180422594273306,0.10095326587285797,-0.06634690246686197,0.3157283638313358,-1.1127817233756034,-0.3512514300352467,-0.41538807254639704,-0.7101168300174926,0.15961470569619476,0.24860170701931042,-0.3104408449824787,0.5506481431380515,-0.2570590856956595,0.17259579366771852,0.3405420728750213,-0.5837738612558364,0.01663654054010887
0.17355821786794579,-0.7329712086028123,0.7159309278136721,0.29321567531361026,-0.7109834724808967,-0.1103703310218585,-0.9050233101595325,-0.45718148257243135,-0.04810579965526335,-0.4619942993460076,0.05901032009044346,-0.27575941617739314,-0.8502370144305876,0.4511762277641432,-0.8823941904553252,-0.2389084993632661,-0.9062990287479226,-0.37736621682583793,-0.3053867323296162,-0.07177853583556658,0.004067331998366092,0.16449140658633235,-0.4197733277745445,-0.4175725051841601,-0.1581046214049797,-0.5069171704038798,0.22920935445847296,0.29505362276286196,-0.12002195177572958,0.13453083826939738,0.12226990904521716,0.34485126338541755,0.38431888288238597,0.39602861266326,0.19943527995464544,-0.34751931959168453,-0.40055752408791034,0.27666138884313807,-0.2570590856956595,0.33162227660078575,-0.1098717103728603,-0.5171123572680034,0.8244100739316728,0.23403684549588039
0.053338100721283116,0.26654095599014294,-0.2375064051489535,-0.2478258185897731,0.15809172721883807,-0.12593938463301427,0.1724692976113922,0.022223532307640438,-0.05101790891390316,0.10961797497705006,0.1150918398169833,0.1171081744170877,0.382692783688504,-0.03313524173466105,0.1940002217297107,0.02496386544653935,0.34596386757896336,0.0814009453403465,0.08272592133117887,0.27816559381327705,0.27153369540436073,-0.16854637465379743,-0.0510083039499094,0.08980934169933574,-0.1956734705069026,0.34991985526225444,-0.3067319645555116,-0.1559608758901714,-0.02525499477798217,0.042608968537313475,0.1595556352497405,-0.3328538769898959,-0.21981081839297043,-0.022134585971219343,-0.24890125038593833,0.03387164001670964,0.0013001470412515592,-0.031044154877883944,0.17259579366771852,-0.1098717103728603,0.15815187557833163,0.15466602997475026,-0.07902893478875268,0.03160261532959516
-0.6874770366800949,1.2857705548276996,-1.2023018680438016,0.1723303176716439,1.637649280779239,0.6219586459749171,1.8708313784321873,0.9179794831303025,0.07778612085110777,1.0063293106275488,-0.30658748221220844,0.5010337661968877,1.1545885114863845,-1.2769829271017041,1.8085187519226882,0.7968358707405974,1.2385732005023748,0.7992608091444876,0.7846874511093516,-0.6022074169529731,-0.40187520568971247,0.014815832998867963,0.9629523468646605,0.6632413152435879,0.9525759019354864,0.6912312852824763,0.06768947863384901,-0.21363912322915418,0.16835578240755508,-0.218023882312145,-0.5119429932380504,-0.1380122639002668,-0.5486152356529541,-0.42577273964341633,0.05211362936337326,0.5998062287383172,1.1672237740710132,-0.3538534591693841,0.3405420728750213,-0.5171123572680034,0.15466602997475026,1.092866383352892,-1.7558747612223908,-0.6149847380108149
1.3074419323575355,-2.1354538386818414,2.0673747809843586,-0.42815023338926345,-2.956186264974515,-1.3428183740554158,-3.3062780903293776,-1.7918319369372357,-0.21264433853881265,-1.7855557007232314,0.6982401794845638,-0.9093758778069465,-1.9370115660216687,2.291371196571956,-3.1973544911125393,-1.4257659511230212,-2.0080558070366914,-1.4940335181526232,-1.5315656231883925,1.3506591781458674,1.0459102156426474,-0.16014950014489576,-1.9450352037812504,-1.1863239418173046,-1.8219563516845296,-0.9315203241368615,-0.4815650859234386,0.3481127833094117,-0.3371021526324666,0.4924122916065776,1.153596030389071,0.04149342657994149,0.8109268076508931,0.9502432304142554,-0.2841367662906748,-1.1587806966442955,-2.2478301693754803,0.6753790960896405,-0.5837738612558364,0.8244100739316728,-0.07902893478875268,-1.7558747612223908,3.2897096837564823,1.1199438457053015
0.6228517343236295,-0.7067916563786371,0.6581208866755462,-0.3670508326205412,-1.041250276288794,-0.6865851455109495,-1.0621495779992012,-0.6400348429170458,-0.1325577810703606,-0.6022192924381429,0.3672333639847075,-0.26861439167088536,-0.3510949293551009,0.8766563535292625,-1.1109402249769893,-0.5185000868331467,-0.4630525746904467,-0.5840853733792561,-0.4589748388142873,0.7483144401939595,0.5813935925526217,-0.2686134691799165,-0.7327239040313932,-0.4146725416214373,-0.964279872862993,-0.18883832921821062,-0.3593343788890432,-0.1564260355291598,-0.10969076714927416,0.22151137459304976,0.45842029002623297,-0.2806487462598069,0.18748457690362072,0.2564742218792826,-0.3294362441870766,-0.4491793942737169,-0.7888984802392086,0.1617015285285043,0.01663654054010887,0.23403684549588039,0.03160261532959516,-0.6149847380108149,1.1199438457053015,0.6265999428221991
