V1,V2,V3,V4,V5,V6,V7,V8,V9,V10,V11,V12,V13,V14,V15,V16,V17,V18,V19,V20,V21,V22,V23,V24,V25,V26,V27,V28,V29,V30,V31,V32,V33,V34,V35,V36,V37,V38,V39,V40,V41,V42,V43,V44
4.131424281570474,-2.873910308384879,-5.9692935330037376,3.735798416637087,7.432765632125315,-1.3163063513590563,0.46508082243111915,-6.726136139389049,2.0654152215736015,-0.979199138333075,-1.8732109265708456,5.032670401561494,-0.20719155819802235,16.09863894265811,4.523439963316647,0.635133452567446,-2.62170959805616,4.730602233298104,2.71653982514125,0.3325342275800484,-3.8947049538904333,9.134191901899971,-1.3940346043354404,-6.489503133787994,-0.7516719793622455,-1.5469111322929174,5.473507416685265,3.8708781514303308,-1.2800251534396077,5.424407734627007,0.2171024887573094,2.637599025394665,-1.475529596710342,5.257724008986605,-3.0764532110432605,2.540150018260326,2.311417507793836,3.309596173845741,-1.1569803528636324,-0.7134075944752686,4.961607672686094,8.153481097586537,-4.045457154394961,1.8622465570098294
-2.873910308384879,2.2515208935676347,4.10490466757389,-2.655848881694372,-5.166046440411831,1.0782164988462482,-0.3105653311169474,4.670376337188623,-1.5373970046021819,0.6489048259061243,1.1575209745898625,-3.4049094766342107,0.19139715463334223,-11.275709655315465,-3.231043260036742,-0.3587473285088875,1.9464079360157023,-3.370397423944367,-2.1008778543009843,-0.09446903465056974,2.75313558224652,-6.208271695736576,1.0299524787547245,4.5252089519158165,0.5790440994000718,1.026063750654257,-3.8802486264376768,-2.739927285353372,0.8583495928083354,-3.7400143445265157,-0.2421836870948021,-1.7678869504962038,0.8152682867744203,-3.744396099886659,2.0427848123299346,-1.889291970063156,-1.5475029017390112,-2.25937187473367,0.726337316020146,0.597301917715106,-3.4392338456396536,-5.664683540242729,3.044687693716582,-1.2859576666170185
-5.9692935330037376,4.10490466757389,13.90712449468701,-6.832205975987288,-14.386677492829673,2.989584553629846,0.05866155137860856,15.70181838448778,-4.152936310087987,2.6458225403548434,6.510888204743603,-9.014595512253928,-1.1459289382775881,-32.07040860843264,-7.608241668722841,-1.2831697805627968,3.3881065799570806,-10.955816389117444,-3.7745189009502256,-3.079023647426539,7.926470537346967,-20.308201374459628,4.789892198641002,13.733696152073474,1.4228209897929984,4.141516364666503,-10.967379106696818,-9.237763900041298,3.9331579740018485,-11.809965102423282,-0.16757164537668928,-4.707286517928171,3.6785215233911948,-10.066327781217362,6.0361101977753515,-5.105001041605696,-6.295260226214367,-7.166341493431898,2.7029256858581414,1.0413840442063818,-10.51516025864615,-15.078851040358538,6.783889260537711,-3.491354987846095
3.735798416637087,-2.655848881694372,-6.832205975987288,4.050705509914647,7.570262216478949,-1.553226270295103,0.4500375614723121,-7.655029112186998,2.088683777475612,-1.430479089555767,-2.716379090018381,4.9678589647540194,0.48758764152644535,16.94083258895679,4.579137360636187,0.7664761791325115,-2.4642222709053936,5.339039801460275,2.6621834847134496,0.9631313078486643,-4.241691660971803,9.961410300166417,-2.169370233012245,-7.086097242929549,-0.8637051041023996,-1.7347258709509223,5.810038512385637,4.721502324263173,-1.7393302879854566,6.027990330773369,0.24612895329843562,2.526456856719596,-1.6893571887840049,5.605747651944966,-3.291083562259949,2.751429696980461,2.9319003070302565,3.6318947643830404,-1.2134223490648957,-0.7062567853723141,5.54750009455088,8.069530610317956,-3.998383245081037,1.9503869837490662
7.432765632125315,-5.166046440411831,-14.386677492829673,7.570262216478949,16.053126490457295,-3.0966670459333576,0.18651465392166006,-16.298364047088807,4.544805670149504,-2.4568652733521756,-5.96918717033155,10.23348802122404,0.3888940096627137,35.10230501343149,8.763328084427355,1.425211149910546,-4.384674223443702,11.484321613450195,4.626671820814541,2.3336955911456236,-8.57595475971655,21.510768652570405,-4.291409171934163,-14.74690283653858,-1.5516892590820943,-4.177728958982745,11.947668259565521,9.29267361302917,-3.74614865921869,12.442038456645609,0.2979049015543721,5.407978957815907,-3.77538427657348,11.043320665354427,-6.539309925696703,5.631235423864515,6.129952480707107,7.637599549408261,-2.8412565744699787,-1.2402538029316357,11.168018942142721,17.03898546894591,-7.853696831750344,3.718866640904947
-1.3163063513590563,1.0782164988462482,2.989584553629846,-1.553226270295103,-3.0966670459333576,0.8166937746171593,-0.034842394879127325,3.434393733691392,-1.0135709367917112,0.5833754246724956,1.3391939279873406,-1.9547713545976917,-0.30795791415642654,-7.109790595658997,-1.7654736091313428,-0.16797448556204755,0.8371624876384814,-2.420985845273684,-1.0533618453670448,-0.6143339934147385,1.7984638413731215,-4.300560639177675,1.1835945280285534,2.9593215776745345,0.35531078741729843,0.8287053532155151,-2.481999359105189,-2.112126952722443,0.8375505937307236,-2.6057583981340033,-0.07817867459513418,-0.9894336765902791,0.611730195494106,-2.3357618805797635,1.256266039587985,-1.1702682966597446,-1.3514841015062562,-1.504899023141876,0.5125747332135769,0.32084797840600926,-2.2917512380924165,-3.301044603375754,1.7322560011320953,-0.9090035969981073
0.46508082243111915,-0.3105653311169474,0.05866155137860856,0.4500375614723121,0.18651465392166006,-0.034842394879127325,0.46776975089003237,0.12228572777927267,-0.03623210707409349,-0.15192189064417996,0.23990761083950554,0.32824744901029845,0.11808834145529229,0.6500894778133567,0.5311765032909239,0.16998424480471716,-0.48567398102926496,-0.0740938120164347,0.5726034987076837,-0.32324707029497785,-0.275185468697835,-0.1542166124284591,-0.021619553757197995,-0.1403683189576162,-0.1365891975122099,0.3260738622439062,0.23827079631835874,0.1410538947028795,0.07329595847355883,0.16111870078118706,0.0852233673311642,0.03926011241773667,0.02915710353672903,0.5023604739820803,-0.22779990976300285,0.10999109370792881,-0.10735965970564179,0.07547880674499856,0.14237308704750842,-0.1066719421228164,0.2850947930160641,0.25188512298167415,-0.39201422743364234,0.234634202425284
-6.726136139389049,4.670376337188623,15.70181838448778,-7.655029112186998,-16.298364047088807,3.434393733691392,0.12228572777927267,17.89303836319344,-4.812398518041164,2.905987764477076,7.459325211505229,-10.221308841852391,-1.2557155625840444,-36.37379902514755,-8.536341378776461,-1.254470024200727,3.787471122021351,-12.462369639019483,-4.2930277729848,-3.5880319189575127,8.97430162035578,-23.089950467266625,5.519026642406269,15.487616140254731,1.5722500356000888,4.7236503827,-12.452378444556844,-10.469769266711959,4.463194495807802,-13.411291645067728,-0.09052479382534633,-5.334067538838524,4.1098051562603155,-11.316417200661235,6.750681227083785,-5.695160906543683,-7.188930694723276,-8.052509348228803,3.09579817971868,1.1702183451970563,-11.808693816204174,-17.135470181824715,7.822377008675815,-4.15757827003878
2.0654152215736015,-1.5373970046021819,-4.152936310087987,2.088683777475612,4.544805670149504,-1.0135709367917112,-0.03623210707409349,-4.812398518041164,1.5994287406081777,-0.668705481588976,-1.8267594433077403,2.987146911939351,0.18395171991934373,10.26140601669505,2.488884617463052,0.03119855575627048,-1.1428419957381688,3.3658806799600924,1.4854542613429023,0.8731025906469175,-2.4758719951182084,6.282231047664431,-1.516584225324067,-4.129274102366977,-0.4227474309498974,-1.3218607654020382,3.5321326598286107,2.9157145851775956,-1.0772249454360334,3.748571644857332,-0.04712571007195899,1.5184889269128803,-0.9159564771586762,3.213358194650882,-1.839494303228312,1.4369755063456653,1.904095899600183,2.1112667788962143,-0.8662183609370806,-0.4493210488934647,3.162219946609658,5.04274117451348,-2.5828915819203524,1.4943226913270058
-0.979199138333075,0.6489048259061243,2.6458225403548434,-1.430479089555767,-2.4568652733521756,0.5833754246724956,-0.15192189064417996,2.905987764477076,-0.668705481588976,0.7330182290503208,1.3263632993134729,-1.598783883161309,-0.5716917380834684,-5.822052542036213,-1.4772014222942755,-0.32266807964010435,0.6693437648393735,-1.9731469158001194,-0.794714761882656,-0.6793037731424306,1.5207359699979228,-3.61728848287701,1.1202060733600003,2.5537715314593035,0.32725416015269493,0.6646852294928117,-2.0119860811318624,-1.9718679757675233,0.7966665400501584,-2.2760666733498756,-0.08101037425408035,-0.7605561493755048,0.6808026303078054,-1.9961508389565483,1.2048873188814266,-0.9449978238556117,-1.270819821821837,-1.3345239894533782,0.42653795031281444,0.22437606680173094,-2.0877788109523747,-2.52728662000684,1.2128234878776059,-0.7040926731179513
-1.8732109265708456,1.1575209745898625,6.510888204743603,-2.716379090018381,-5.96918717033155,1.3391939279873406,0.23990761083950554,7.459325211505229,-1.8267594433077403,1.3263632993134729,3.837121624588868,-3.6211399726254103,-1.0799994065086607,-13.730512196230944,-2.79495653129115,-0.4311816186236607,0.8095790980772606,-5.124790204249579,-1.1491756201082448,-2.231822595549168,3.4626344884112212,-9.383058465958214,2.805407546870243,5.997367944653893,0.5350585769911652,2.0726000481921347,-4.724536304575324,-4.485980710154733,2.135759679222479,-5.440053274797133,0.180343983315748,-1.8232437559264225,1.8641984955348507,-4.13407828942338,2.591306722023502,-1.985822761039536,-3.3231885927641773,-3.1936365239996216,1.3231429709746707,0.2819289947133223,-4.658308554264416,-6.105894768791606,2.578237432512018,-1.7545574050306043
5.032670401561494,-3.4049094766342107,-9.014595512253928,4.9678589647540194,10.23348802122404,-1.9547713545976917,0.32824744901029845,-10.221308841852391,2.987146911939351,-1.598783883161309,-3.6211399726254103,6.825136827970074,0.27532566936516073,22.597519280960416,5.840320433722533,0.7462293793291866,-2.9959855140074367,7.085065164709005,3.271587275243183,1.3952351396603546,-5.497247048705125,13.568227094030364,-2.7066233521511,-9.273511488121235,-0.9944649038811249,-2.5573387597642028,7.704496196121893,5.984466821009662,-2.2444485994033516,8.015223611088382,0.11157114750852087,3.5521888879897183,-2.3088940420530992,7.229351598233938,-4.297721511701384,3.429502314554077,3.8604117066278265,4.7882638772512305,-1.7976313962968078,-0.8701732901690742,7.122234506201657,11.118392959764481,-5.32223879262778,2.783588214306251
-0.20719155819802235,0.19139715463334223,-1.1459289382775881,0.48758764152644535,0.3888940096627137,-0.30795791415642654,0.11808834145529229,-1.2557155625840444,0.18395171991934373,-0.5716917380834684,-1.0799994065086607,0.27532566936516073,0.9325902153696186,1.6553366348357288,0.31061557826617975,0.08855494507095382,0.10025463562853709,0.7901622606822114,0.16729007093054354,0.8061386329293942,-0.5848645820909584,1.2482883115564325,-1.066756751909507,-0.7942539014631141,-0.13156881489990124,-0.2306505091473575,0.6334008696991422,1.2078660705321786,-0.540170870737286,1.0074747363628744,-0.04991971038679465,-0.008680570713300943,-0.29079601605843625,0.7123840517006221,-0.4388455493212421,0.17840458564860032,0.8181087478724579,0.4475013433825126,-0.1154807195634406,-0.05783501781377134,0.8602420723837895,0.2914418492938221,-0.2308748753910542,0.49177774877436664
16.09863894265811,-11.275709655315465,-32.07040860843264,16.94083258895679,35.10230501343149,-7.109790595658997,0.6500894778133567,-36.37379902514755,10.26140601669505,-5.822052542036213,-13.730512196230944,22.597519280960416,1.6553366348357288,77.89652823489259,19.454600528351097,2.8516494481804524,-9.562891695472645,25.520428840390263,10.620021095381531,5.702578261986691,-19.194428165192083,47.611736759125996,-10.432484887719905,-32.56913416992443,-3.544109101603043,-9.168020989243205,26.608046279569752,21.37844802002194,-8.528832876369512,27.99688908855822,0.5230105792834037,11.686760855955878,-8.209583250010583,24.809681431939,-14.567595904363191,12.25236467112634,14.00606558767641,16.877318890281465,-6.191574412946714,-2.866477239917962,24.98483626268684,37.42744930555943,-17.745593933306075,8.972049742051393
4.523439963316647,-3.231043260036742,-7.608241668722841,4.579137360636187,8.763328084427355,-1.7654736091313428,0.5311765032909239,-8.536341378776461,2.488884617463052,-1.4772014222942755,-2.79495653129115,5.840320433722533,0.31061557826617975,19.454600528351097,5.365192823301411,0.803352760415451,-2.9443069159498916,5.996317610216275,3.196864141266704,0.8490030855422454,-4.819276523827599,11.23391942699989,-2.238810922009801,-7.9966403640685915,-0.9626695308566555,-1.9561099347488151,6.679194503404236,5.198132428209975,-1.8114899447769632,6.796837669814491,0.28245879897032156,2.988773340895082,-1.8176308770742424,6.450122349887206,-3.753788455184667,3.117874890954007,3.1567774710769427,4.085610193282829,-1.3918325126806923,-0.8771963187965099,6.230111531988077,9.48143230655401,-4.7621840641295625,2.296894094780814
0.635133452567446,-0.3587473285088875,-1.2831697805627968,0.7664761791325115,1.425211149910546,-0.16797448556204755,0.16998424480471716,-1.254470024200727,0.03119855575627048,-0.32266807964010435,-0.4311816186236607,0.7462293793291866,0.08855494507095382,2.8516494481804524,0.803352760415451,0.7299966907891278,-0.4723076010369801,1.0283362235925122,0.22958097215027912,-0.04765198287151239,-0.8232155668429033,1.7106312400678936,-0.18272183082309312,-1.4567080140302795,-0.2172868654110157,-0.1677348197774187,0.9205594823153751,0.6098371859175326,-0.3958674276032129,0.9209581225170288,0.25735089784710286,0.40705665772574395,-0.5594507174161227,1.038182854993125,-0.614369687664641,0.7886242215619792,0.34655936225647527,0.8269019130778107,-0.127413764017871,-0.011458497522595283,1.144911793226871,1.1688947440165636,-0.22811426973495172,-0.29612597137206126
-2.62170959805616,1.9464079360157023,3.3881065799570806,-2.4642222709053936,-4.384674223443702,0.8371624876384814,-0.48567398102926496,3.787471122021351,-1.1428419957381688,0.6693437648393735,0.8095790980772606,-2.9959855140074367,0.10025463562853709,-9.562891695472645,-2.9443069159498916,-0.4723076010369801,1.9200101516909518,-2.6869084034761594,-1.935213611026782,0.10657624082752445,2.3599829967236277,-5.0675551399375,0.7422151060687956,3.869447149457554,0.5324715287583811,0.7002634356320504,-3.273932643007318,-2.3043687825370096,0.6485973306740032,-3.1441882556376943,-0.28564200982810994,-1.5361319488697651,0.710003116980431,-3.292508361911264,1.8535774178729851,-1.6502292186566478,-1.2150379908076872,-1.9206344296668074,0.5531704884780816,0.5274827492894193,-2.99155148858028,-4.768420265193886,2.5789270395782693,-1.037647074337388
4.730602233298104,-3.370397423944367,-10.955816389117444,5.339039801460275,11.484321613450195,-2.420985845273684,-0.0740938120164347,-12.462369639019483,3.3658806799600924,-1.9731469158001194,-5.124790204249579,7.085065164709005,0.7901622606822114,25.520428840390263,5.996317610216275,1.0283362235925122,-2.6869084034761594,8.84641884474123,3.0377566220966314,2.3454276595051824,-6.349941563454388,16.11566783413265,-3.8273212186383807,-10.904785999167325,-1.1406586700908554,-3.253793748575167,8.723262069296212,7.253077991291699,-3.1298470645253644,9.343727700235274,0.14860416580859806,3.6658530672976593,-2.8859002265170863,7.979223527107545,-4.681039133831408,4.110155369543914,4.91654046542823,5.693516309156016,-2.1197396467024734,-0.8312324984242048,8.313788215477633,11.971171880916856,-5.461506801708693,2.7068313477413932
2.71653982514125,-2.1008778543009843,-3.7745189009502256,2.6621834847134496,4.626671820814541,-1.0533618453670448,0.5726034987076837,-4.2930277729848,1.4854542613429023,-0.794714761882656,-1.1491756201082448,3.271587275243183,0.16729007093054354,10.620021095381531,3.196864141266704,0.22958097215027912,-1.935213611026782,3.0377566220966314,2.324386905291427,0.17106350712051926,-2.673524795709391,5.59048745147082,-1.2868090790638804,-4.122388631734599,-0.60139486519863,-0.7959263958846066,3.6950136633182153,2.8722477485520326,-0.8098712291598945,3.670097582895052,0.167974478811127,1.5327133070263403,-0.6682431140443748,3.7401122878624298,-2.026519660075079,1.61332008570396,1.5420178532561746,2.0564338703338088,-0.5977452871263821,-0.6516805468087526,3.3251431859924736,5.200829408482297,-3.1118296932057055,1.6267487576428266
0.3325342275800484,-0.09446903465056974,-3.079023647426539,0.9631313078486643,2.3336955911456236,-0.6143339934147385,-0.32324707029497785,-3.5880319189575127,0.8731025906469175,-0.6793037731424306,-2.231822595549168,1.3952351396603546,0.8061386329293942,5.702578261986691,0.8490030855422454,-0.04765198287151239,0.10657624082752445,2.3454276595051824,0.17106350712051926,1.5753957698925212,-1.4207034399272092,4.381488799240936,-1.6488473136702932,-2.5287005786650902,-0.15491159781059669,-1.1456629666328146,1.9824684677206466,2.2553657048915223,-1.136738836668828,2.5371911739257746,-0.2600641376495656,0.6940816868884835,-0.8912848286083085,1.5862516653565222,-1.0794363039548194,0.6395219457606609,1.8158218476871557,1.363527958020385,-0.692023053597087,-0.04702560554243344,1.9878446576566917,2.4020098585689205,-0.9275997281276349,0.9917158135765638
-3.8947049538904333,2.75313558224652,7.926470537346967,-4.241691660971803,-8.57595475971655,1.7984638413731215,-0.275185468697835,8.97430162035578,-2.4758719951182084,1.5207359699979228,3.4626344884112212,-5.497247048705125,-0.5848645820909584,-19.194428165192083,-4.819276523827599,-0.8232155668429033,2.3599829967236277,-6.349941563454388,-2.673524795709391,-1.4207034399272092,4.835598542995612,-11.665116990229064,2.7438436444723195,8.050751599487695,0.9281330999949879,2.1456431885879312,-6.562018502048887,-5.363546592769363,2.1809497576389245,-6.941941127858576,-0.17302088968948381,-2.778339890577014,2.0526519585925507,-6.222119402561448,3.5865579639751837,-3.0782146916136246,-3.4650213473415463,-4.19252255151336,1.447961964174862,0.7019318242668832,-6.2561971266692655,-9.059173368343295,4.346958924113161,-2.193035841862379
9.134191901899971,-6.208271695736576,-20.308201374459628,9.961410300166417,21.510768652570405,-4.300560639177675,-0.1542166124284591,-23.089950467266625,6.282231047664431,-3.61728848287701,-9.383058465958214,13.568227094030364,1.2482883115564325,47.611736759125996,11.23391942699989,1.7106312400678936,-5.0675551399375,16.11566783413265,5.59048745147082,4.381488799240936,-11.665116990229064,30.15913349605641,-6.789051061047458,-20.195896308126475,-2.0234596423942737,-6.163294692641814,16.212792513837943,13.345708825671323,-5.656174003987477,17.40668740150556,0.11865249169578666,7.1376792567857805,-5.454660769478523,14.756492709907882,-8.857980547246926,7.411890541862374,9.1337154890078,10.534250015122977,-4.083494080775443,-1.4923682331877646,15.357185638643612,22.70937928770584,-10.207654058512569,5.3083480013309154
-1.3940346043354404,1.0299524787547245,4.789892198641002,-2.169370233012245,-4.291409171934163,1.1835945280285534,-0.021619553757197995,5.519026642406269,-1.516584225324067,1.1202060733600003,2.805407546870243,-2.7066233521511,-1.066756751909507,-10.432484887719905,-2.238810922009801,-0.18272183082309312,0.7422151060687956,-3.8273212186383807,-1.2868090790638804,-1.6488473136702932,2.7438436444723195,-6.789051061047458,2.5365253502345113,4.403037520993108,0.513114070056913,1.3592429400765562,-3.618835934300487,-3.6545647412781874,1.6292839366891245,-4.252974491582624,0.08608556918849739,-1.2057826718075944,1.1565147505920945,-3.4251249791376335,1.9107324951868667,-1.4944292528472962,-2.470518584018889,-2.330548427913195,0.8150273668278066,0.36053645381869864,-3.5760071479633733,-4.46743186560268,2.3173155724083236,-1.6334742790703993
-6.489503133787994,4.5252089519158165,13.733696152073474,-7.086097242929549,-14.74690283653858,2.9593215776745345,-0.1403683189576162,15.487616140254731,-4.129274102366977,2.5537715314593035,5.997367944653893,-9.273511488121235,-0.7942539014631141,-32.56913416992443,-7.9966403640685915,-1.4567080140302795,3.869447149457554,-10.904785999167325,-4.122388631734599,-2.5287005786650902,8.050751599487695,-20.195896308126475,4.403037520993108,13.905626685061758,1.4995483677929211,3.9510694487648457,-11.100835575930164,-9.020049860372376,3.741400205768554,-11.745882205193034,-0.31707812559201165,-4.8488163241494995,3.6251318122679135,-10.304691332605167,6.116251809763239,-5.319845949704744,-5.993613661728475,-7.224910045076296,2.6266335266575838,1.120128412813626,-10.602921136599704,-15.463922949111161,7.054972479392671,-3.334808653767051
-0.7516719793622455,0.5790440994000718,1.4228209897929984,-0.8637051041023996,-1.5516892590820943,0.35531078741729843,-0.1365891975122099,1.5722500356000888,-0.4227474309498974,0.32725416015269493,0.5350585769911652,-0.9944649038811249,-0.13156881489990124,-3.544109101603043,-0.9626695308566555,-0.2172868654110157,0.5324715287583811,-1.1406586700908554,-0.60139486519863,-0.15491159781059669,0.9281330999949879,-2.0234596423942737,0.513114070056913,1.4995483677929211,0.2256909257178566,0.30361805104881634,-1.212428204064547,-0.9993405023251777,0.3908963634560655,-1.2625886105618707,-0.09997396526276385,-0.4711402592637123,0.3398823777633033,-1.242369121185572,0.6636073061241017,-0.634297044156256,-0.5773544509073529,-0.7818372642008842,0.19726365012028632,0.15931137462297712,-1.2024204918185726,-1.6167450779644887,0.8447722330438299,-0.3567766199105008
-1.5469111322929174,1.026063750654257,4.141516364666503,-1.7347258709509223,-4.177728958982745,0.8287053532155151,0.3260738622439062,4.7236503827,-1.3218607654020382,0.6646852294928117,2.0726000481921347,-2.5573387597642028,-0.2306505091473575,-9.168020989243205,-1.9561099347488151,-0.1677348197774187,0.7002634356320504,-3.253793748575167,-0.7959263958846066,-1.1456629666328146,2.1456431885879312,-6.163294692641814,1.3592429400765562,3.9510694487648457,0.30361805104881634,1.4979539066422436,-3.127532420037449,-2.681085442448777,1.1566626656490637,-3.433257318066802,0.07040211976587313,-1.41690133524398,1.1028909389235595,-2.6464405060634872,1.6965034621564175,-1.3384733423369921,-1.9697684597032155,-2.05202105203413,0.9532037055202076,0.26100142089028966,-2.916998053462168,-4.445664916223137,1.8436017317726252,-1.02308947155088
5.473507416685265,-3.8802486264376768,-10.967379106696818,5.810038512385637,11.947668259565521,-2.481999359105189,0.23827079631835874,-12.452378444556844,3.5321326598286107,-2.0119860811318624,-4.724536304575324,7.704496196121893,0.6334008696991422,26.608046279569752,6.679194503404236,0.9205594823153751,-3.273932643007318,8.723262069296212,3.6950136633182153,1.9824684677206466,-6.562018502048887,16.212792513837943,-3.618835934300487,-11.100835575930164,-1.212428204064547,-3.127532420037449,9.129832988780176,7.364807535832538,-2.9115103318216273,9.569590384145156,0.17006056012481752,3.9723200359521607,-2.7458670602485284,8.497629861504084,-4.981042924276678,4.169914341778091,4.827176823211327,5.7366010754127785,-2.110547213903906,-1.0114014223923582,8.53084910584357,12.765918049101868,-6.130816051229634,3.1531216771380213
3.8708781514303308,-2.739927285353372,-9.237763900041298,4.721502324263173,9.29267361302917,-2.112126952722443,0.1410538947028795,-10.469769266711959,2.9157145851775956,-1.9718679757675233,-4.485980710154733,5.984466821009662,1.2078660705321786,21.37844802002194,5.198132428209975,0.6098371859175326,-2.3043687825370096,7.253077991291699,2.8722477485520326,2.2553657048915223,-5.363546592769363,13.345708825671323,-3.6545647412781874,-9.020049860372376,-0.9993405023251777,-2.681085442448777,7.364807535832538,6.655114783505103,-2.6329122817939306,8.092420988791027,0.043209336669394444,2.963851045555684,-2.271255209843828,6.888973813651735,-4.091874834372254,3.208410092114712,4.386297139203619,4.669891011761138,-1.7473674753289705,-0.8308094919096151,7.1053843730502875,9.889208935920106,-4.84086517437723,2.809932023458155
-1.2800251534396077,0.8583495928083354,3.9331579740018485,-1.7393302879854566,-3.74614865921869,0.8375505937307236,0.07329595847355883,4.463194495807802,-1.0772249454360334,0.7966665400501584,2.135759679222479,-2.2444485994033516,-0.540170870737286,-8.528832876369512,-1.8114899447769632,-0.3958674276032129,0.6485973306740032,-3.1298470645253644,-0.8098712291598945,-1.136738836668828,2.1809497576389245,-5.656174003987477,1.6292839366891245,3.741400205768554,0.3908963634560655,1.1566626656490637,-2.9115103318216273,-2.6329122817939306,1.2868835967698085,-3.2871897379509996,-4.7602226260843596e-4,-1.1264727764231768,1.1128605029020304,-2.6632072524636627,1.5688518076284332,-1.373064539154296,-1.8762637862175298,-1.9983575539397929,0.7188414248240994,0.19136027360752836,-2.897226706693237,-3.7840741192622396,1.6260321886117837,-0.9155233056155004
5.424407734627007,-3.7400143445265157,-11.809965102423282,6.027990330773369,12.442038456645609,-2.6057583981340033,0.16111870078118706,-13.411291645067728,3.748571644857332,-2.2760666733498756,-5.440053274797133,8.015223611088382,1.0074747363628744,27.99688908855822,6.796837669814491,0.9209581225170288,-3.1441882556376943,9.343727700235274,3.670097582895052,2.5371911739257746,-6.941941127858576,17.40668740150556,-4.252974491582624,-11.745882205193034,-1.2625886105618707,-3.433257318066802,9.569590384145156,8.092420988791027,-3.2871897379509996,10.338608852752005,0.08497539694159778,4.075598630986535,-3.0347879848529655,8.919888311790663,-5.269698475905553,4.281318249983209,5.363779334147787,6.112506225967906,-2.2781030123913117,-1.0051682019634964,9.098619793086145,13.2365757521474,-6.282220152939649,3.4304933577457337
0.2171024887573094,-0.2421836870948021,-0.16757164537668928,0.24612895329843562,0.2979049015543721,-0.07817867459513418,0.0852233673311642,-0.09052479382534633,-0.04712571007195899,-0.08101037425408035,0.180343983315748,0.11157114750852087,-0.04991971038679465,0.5230105792834037,0.28245879897032156,0.25735089784710286,-0.28564200982810994,0.14860416580859806,0.167974478811127,-0.2600641376495656,-0.17302088968948381,0.11865249169578666,0.08608556918849739,-0.31707812559201165,-0.09997396526276385,0.07040211976587313,0.17006056012481752,0.043209336669394444,-4.7602226260843596e-4,0.08497539694159778,0.21203479011081494,0.08073026896919608,1.5926108397104418e-4,0.2998506416165462,-0.09500530650459454,0.32234812432526233,-0.09913898001874354,0.1520003538347991,0.06676367763229077,-0.07062383830413646,0.23537312080374428,0.19199957823816172,-0.08726200835760184,-0.25706877721886556
2.637599025394665,-1.7678869504962038,-4.707286517928171,2.526456856719596,5.407978957815907,-0.9894336765902791,0.03926011241773667,-5.334067538838524,1.5184889269128803,-0.7605561493755048,-1.8232437559264225,3.5521888879897183,-0.008680570713300943,11.686760855955878,2.988773340895082,0.40705665772574395,-1.5361319488697651,3.6658530672976593,1.5327133070263403,0.6940816868884835,-2.778339890577014,7.1376792567857805,-1.2057826718075944,-4.8488163241494995,-0.4711402592637123,-1.41690133524398,3.9723200359521607,2.963851045555684,-1.1264727764231768,4.075598630986535,0.08073026896919608,1.9629009447476429,-1.224218776470271,3.638756526342037,-2.206151644638088,1.8366899869950213,1.9664089407704832,2.4871525097251306,-0.9855666155608405,-0.4151159257215673,3.6269055835527806,5.857309349614286,-2.646108004837008,1.2852428887054836
-1.475529596710342,0.8152682867744203,3.6785215233911948,-1.6893571887840049,-3.77538427657348,0.611730195494106,0.02915710353672903,4.1098051562603155,-0.9159564771586762,0.6808026303078054,1.8641984955348507,-2.3088940420530992,-0.29079601605843625,-8.209583250010583,-1.8176308770742424,-0.5594507174161227,0.710003116980431,-2.8859002265170863,-0.6682431140443748,-0.8912848286083085,2.0526519585925507,-5.454660769478523,1.1565147505920945,3.6251318122679135,0.3398823777633033,1.1028909389235595,-2.7458670602485284,-2.271255209843828,1.1128605029020304,-3.0347879848529655,1.5926108397104418e-4,-1.224218776470271,1.2530216875738738,-2.478543226321044,1.5975299355466936,-1.3015789539984748,-1.6618502548201906,-1.9623414404517543,0.758779683764271,0.11141831497936405,-2.7765310899309807,-3.824806217132805,1.4023005891548155,-0.700981344433163
5.257724008986605,-3.744396099886659,-10.066327781217362,5.605747651944966,11.043320665354427,-2.3357618805797635,0.5023604739820803,-11.316417200661235,3.213358194650882,-1.9961508389565483,-4.13407828942338,7.229351598233938,0.7123840517006221,24.809681431939,6.450122349887206,1.038182854993125,-3.292508361911264,7.979223527107545,3.7401122878624298,1.5862516653565222,-6.222119402561448,14.756492709907882,-3.4251249791376335,-10.304691332605167,-1.242369121185572,-2.6464405060634872,8.497629861504084,6.888973813651735,-2.6632072524636627,8.919888311790663,0.2998506416165462,3.638756526342037,-2.478543226321044,8.223930753852143,-4.695841140612704,3.9930640275356635,4.305778445494782,5.350550765978486,-1.782366007026928,-1.0197840020648299,8.066366719071409,11.791365116222147,-5.822691187379885,2.9158756264359753
-3.0764532110432605,2.0427848123299346,6.0361101977753515,-3.291083562259949,-6.539309925696703,1.256266039587985,-0.22779990976300285,6.750681227083785,-1.839494303228312,1.2048873188814266,2.591306722023502,-4.297721511701384,-0.4388455493212421,-14.567595904363191,-3.753788455184667,-0.614369687664641,1.8535774178729851,-4.681039133831408,-2.026519660075079,-1.0794363039548194,3.5865579639751837,-8.857980547246926,1.9107324951868667,6.116251809763239,0.6636073061241017,1.6965034621564175,-4.981042924276678,-4.091874834372254,1.5688518076284332,-5.269698475905553,-0.09500530650459454,-2.206151644638088,1.5975299355466936,-4.695841140612704,2.874821792446845,-2.2432871245645476,-2.66767388218802,-3.178730649611194,1.1767387728302394,0.5475352713454483,-4.760256113533029,-6.9924059547128135,3.264432977602684,-1.7053736353125468
2.540150018260326,-1.889291970063156,-5.105001041605696,2.751429696980461,5.631235423864515,-1.1702682966597446,0.10999109370792881,-5.695160906543683,1.4369755063456653,-0.9449978238556117,-1.985822761039536,3.429502314554077,0.17840458564860032,12.25236467112634,3.117874890954007,0.7886242215619792,-1.6502292186566478,4.110155369543914,1.61332008570396,0.6395219457606609,-3.0782146916136246,7.411890541862374,-1.4944292528472962,-5.319845949704744,-0.634297044156256,-1.3384733423369921,4.169914341778091,3.208410092114712,-1.373064539154296,4.281318249983209,0.32234812432526233,1.8366899869950213,-1.3015789539984748,3.9930640275356635,-2.2432871245645476,2.281219974243888,2.0338031382710064,2.7581491633621824,-0.8604714871597907,-0.4470134637372159,4.017237749447711,5.757529201778347,-2.6138609840205325,0.911379315892354
2.311417507793836,-1.5475029017390112,-6.295260226214367,2.9319003070302565,6.129952480707107,-1.3514841015062562,-0.10735965970564179,-7.188930694723276,1.904095899600183,-1.270819821821837,-3.3231885927641773,3.8604117066278265,0.8181087478724579,14.00606558767641,3.1567774710769427,0.34655936225647527,-1.2150379908076872,4.91654046542823,1.5420178532561746,1.8158218476871557,-3.4650213473415463,9.1337154890078,-2.470518584018889,-5.993613661728475,-0.5773544509073529,-1.9697684597032155,4.827176823211327,4.386297139203619,-1.8762637862175298,5.363779334147787,-0.09913898001874354,1.9664089407704832,-1.6618502548201906,4.305778445494782,-2.66767388218802,2.0338031382710064,3.1095429564362678,3.125490989382664,-1.2804592714642176,-0.42529941854966463,4.640603812425094,6.467694224306211,-2.9505470818962594,1.8369041344258588
3.309596173845741,-2.25937187473367,-7.166341493431898,3.6318947643830404,7.637599549408261,-1.504899023141876,0.07547880674499856,-8.052509348228803,2.1112667788962143,-1.3345239894533782,-3.1936365239996216,4.7882638772512305,0.4475013433825126,16.877318890281465,4.085610193282829,0.8269019130778107,-1.9206344296668074,5.693516309156016,2.0564338703338088,1.363527958020385,-4.19252255151336,10.534250015122977,-2.330548427913195,-7.224910045076296,-0.7818372642008842,-2.05202105203413,5.7366010754127785,4.669891011761138,-1.9983575539397929,6.112506225967906,0.1520003538347991,2.4871525097251306,-1.9623414404517543,5.350550765978486,-3.178730649611194,2.7581491633621824,3.125490989382664,3.7960867226053865,-1.3615520708176128,-0.5377927812957161,5.539169984716606,7.9685881290891185,-3.55907739011955,1.6879341997938695
-1.1569803528636324,0.726337316020146,2.7029256858581414,-1.2134223490648957,-2.8412565744699787,0.5125747332135769,0.14237308704750842,3.09579817971868,-0.8662183609370806,0.42653795031281444,1.3231429709746707,-1.7976313962968078,-0.1154807195634406,-6.191574412946714,-1.3918325126806923,-0.127413764017871,0.5531704884780816,-2.1197396467024734,-0.5977452871263821,-0.692023053597087,1.447961964174862,-4.083494080775443,0.8150273668278066,2.6266335266575838,0.19726365012028632,0.9532037055202076,-2.110547213903906,-1.7473674753289705,0.7188414248240994,-2.2781030123913117,0.06676367763229077,-0.9855666155608405,0.758779683764271,-1.782366007026928,1.1767387728302394,-0.8604714871597907,-1.2804592714642176,-1.3615520708176128,0.648952009309027,0.17034061047511595,-1.95203683352904,-3.05484643119041,1.2779091882407363,-0.7403670006105655
-0.7134075944752686,0.597301917715106,1.0413840442063818,-0.7062567853723141,-1.2402538029316357,0.32084797840600926,-0.1066719421228164,1.1702183451970563,-0.4493210488934647,0.22437606680173094,0.2819289947133223,-0.8701732901690742,-0.05783501781377134,-2.866477239917962,-0.8771963187965099,-0.011458497522595283,0.5274827492894193,-0.8312324984242048,-0.6516805468087526,-0.04702560554243344,0.7019318242668832,-1.4923682331877646,0.36053645381869864,1.120128412813626,0.15931137462297712,0.26100142089028966,-1.0114014223923582,-0.8308094919096151,0.19136027360752836,-1.0051682019634964,-0.07062383830413646,-0.4151159257215673,0.11141831497936405,-1.0197840020648299,0.5475352713454483,-0.4470134637372159,-0.42529941854966463,-0.5377927812957161,0.17034061047511595,0.2327549578535057,-0.8873896611601173,-1.4185102486173502,0.887127155759057,-0.43698711222896075
4.961607672686094,-3.4392338456396536,-10.51516025864615,5.54750009455088,11.168018942142721,-2.2917512380924165,0.2850947930160641,-11.808693816204174,3.162219946609658,-2.0877788109523747,-4.658308554264416,7.122234506201657,0.8602420723837895,24.98483626268684,6.230111531988077,1.144911793226871,-2.99155148858028,8.313788215477633,3.3251431859924736,1.9878446576566917,-6.2561971266692655,15.357185638643612,-3.5760071479633733,-10.602921136599704,-1.2024204918185726,-2.916998053462168,8.53084910584357,7.1053843730502875,-2.897226706693237,9.098619793086145,0.23537312080374428,3.6269055835527806,-2.7765310899309807,8.066366719071409,-4.760256113533029,4.017237749447711,4.640603812425094,5.539169984716606,-1.95203683352904,-0.8873896611601173,8.247833595374315,11.746888023805505,-5.4790591044140875,2.735441992116013
8.153481097586537,-5.664683540242729,-15.078851040358538,8.069530610317956,17.03898546894591,-3.301044603375754,0.25188512298167415,-17.135470181824715,5.04274117451348,-2.52728662000684,-6.105894768791606,11.118392959764481,0.2914418492938221,37.42744930555943,9.48143230655401,1.1688947440165636,-4.768420265193886,11.971171880916856,5.200829408482297,2.4020098585689205,-9.059173368343295,22.70937928770584,-4.46743186560268,-15.463922949111161,-1.6167450779644887,-4.445664916223137,12.765918049101868,9.889208935920106,-3.7840741192622396,13.2365757521474,0.19199957823816172,5.857309349614286,-3.824806217132805,11.791365116222147,-6.9924059547128135,5.757529201778347,6.467694224306211,7.9685881290891185,-3.05484643119041,-1.4185102486173502,11.746888023805505,18.440826398346605,-8.73071368097393,4.401066265711814
-4.045457154394961,3.044687693716582,6.783889260537711,-3.998383245081037,-7.853696831750344,1.7322560011320953,-0.39201422743364234,7.822377008675815,-2.5828915819203524,1.2128234878776059,2.578237432512018,-5.32223879262778,-0.2308748753910542,-17.745593933306075,-4.7621840641295625,-0.22811426973495172,2.5789270395782693,-5.461506801708693,-3.1118296932057055,-0.9275997281276349,4.346958924113161,-10.207654058512569,2.3173155724083236,7.054972479392671,0.8447722330438299,1.8436017317726252,-6.130816051229634,-4.84086517437723,1.6260321886117837,-6.282220152939649,-0.08726200835760184,-2.646108004837008,1.4023005891548155,-5.822691187379885,3.264432977602684,-2.6138609840205325,-2.9505470818962594,-3.55907739011955,1.2779091882407363,0.887127155759057,-5.4790591044140875,-8.73071368097393,4.757228475066801,-2.5911980483480384
1.8622465570098294,-1.2859576666170185,-3.491354987846095,1.9503869837490662,3.718866640904947,-0.9090035969981073,0.234634202425284,-4.15757827003878,1.4943226913270058,-0.7040926731179513,-1.7545574050306043,2.783588214306251,0.49177774877436664,8.972049742051393,2.296894094780814,-0.29612597137206126,-1.037647074337388,2.7068313477413932,1.6267487576428266,0.9917158135765638,-2.193035841862379,5.3083480013309154,-1.6334742790703993,-3.334808653767051,-0.3567766199105008,-1.02308947155088,3.1531216771380213,2.809932023458155,-0.9155233056155004,3.4304933577457337,-0.25706877721886556,1.2852428887054836,-0.700981344433163,2.9158756264359753,-1.7053736353125468,0.911379315892354,1.8369041344258588,1.6879341997938695,-0.7403670006105655,-0.43698711222896075,2.735441992116013,4.401066265711814,-2.5911980483480384,2.0368419009145415
