V1,V2,V3,V4,V5,V6,V7,V8,V9,V10,V11,V12,V13,V14,V15,V16,V17,V18,V19,V20,V21,V22,V23,V24,V25,V26,V27,V28,V29,V30,V31,V32,V33,V34,V35,V36,V37,V38,V39,V40,V41,V42,V43,V44
1.9675929504595973,-0.4035118634645193,0.15232740156130226,-0.06585778094748282,1.2353594531361967,1.3684363447145687,0.6693579106198275,0.39319811088838463,-0.14334347166269182,0.511901819604803,0.3412460427603074,-0.6932254247661417,0.43399364788951794,0.3557171795725223,-0.7336799659021529,-0.7532186213309586,0.7305248706918235,-0.5696598056970351,-0.5147977506730479,-0.3212970556498524,0.227000429462959,-0.8385682454463811,0.716289763837403,-0.754808670975918,-0.024056965545919802,0.1962376506404932,-0.02099905720613676,-1.0973343184725917,0.30976790465506493,0.34034773097054827,0.4825633956750451,-0.34586312859684387,-1.1155467688836649,-1.0172200000855975,-0.7855013621505914,0.8832071202764282,0.739062877579486,0.2652973348273874,0.5822984034323261,-1.9489890444380298,-0.17085912723349245,-0.052568214036705585,-1.3091117558383683,-0.015183066895379653
-0.4035118634645193,2.695915586225597,-1.7831029587574294,-1.0509928575100738,1.9327997295965007,-0.7097384269524822,-0.9756673134716832,-1.0098665194615073,-0.31421593584548824,-3.017634378783721,0.9678850259300983,0.5904145981648419,0.026884789393822814,-0.9051001613016638,-0.07130552529257982,2.955480285739393,-0.4892051992253496,-0.03841929512793845,1.9140390974819252,1.1358816745772848,-1.700677132962621,-1.0112336165492049,-0.6371725966992754,-0.6333103174614614,-0.6274087799038572,-3.1225864526489775,-0.11215278350825753,-2.362003529100748,-3.388163732897206,0.2269194194091954,2.5703079411933003,-2.929111320847691,-3.269008022104726,-0.735084591987726,2.606573408416987,-2.2710402927499755,-0.8592545944711543,-3.8975086725046206,-1.2367554171600756,-4.46108161665524e-4,-2.8091797571173673,-0.5138684836658497,0.36412470950859666,-0.9252223668441485
0.15232740156130226,-1.7831029587574294,2.8330851733755997,2.1045996864339496,-2.3639957720428786,1.037907299373371,1.204095944808606,0.423132799087396,1.098474467462933,2.3151044438365624,-0.20170880753920672,0.2145668267264999,0.012980311436455153,2.4355744551134335,0.1976897074147149,-3.0255600137065763,-0.49075968840947537,0.7336400873152743,-1.4232259417484328,-0.6112673211883751,2.3144794741737953,1.1394904758848865,0.797507598100657,-0.372921314406184,0.6747777920711328,1.8637663250601564,0.20878173972345246,1.963252863192805,1.3646129702247316,0.693610829625382,-2.6596720165023036,3.6281952703436464,2.6207575877425637,0.5713762716857423,-3.1646853868638845,2.8513797639594736,1.0642539390023098,3.1916889017690444,0.9083117125744642,1.2140107829352191,2.7183990130260667,0.19278044905722982,-0.6723910455487854,0.346461088051188
-0.06585778094748282,-1.0509928575100738,2.1045996864339496,1.7104231880469074,-1.8372510488638107,0.6216209389600688,0.7932371213981579,0.24407558714408295,0.84987408190419,1.3939734084001891,-0.02295256421888343,0.38060457754038207,-0.051906837791368364,1.8549720374275578,0.23889672711585996,-2.0447920119483314,-0.5369075529814367,0.7182302374915943,-0.8183510804365397,-0.276774042461853,1.7096639773436821,0.906982988230748,0.5458062694786412,-0.23411258858711628,0.42397438811093247,1.0763782543466,0.12029335450141293,1.4352994925281926,0.6091950495661312,0.6034514185976475,-1.929399524982711,2.645130616490453,1.8562592148709314,0.4632310551572771,-2.2051236408548305,2.0231128043748354,0.7460955797173797,2.1869111092193463,0.5403737550875992,1.2579331650012402,1.9248564318548267,0.11643277138137674,-0.3767551931368145,0.1502512856774666
1.2353594531361967,1.9327997295965007,-2.3639957720428786,-1.8372510488638107,3.2525403227126297,0.14121739001116929,-0.6219531015882791,-0.43672560211857836,-0.8850387745703261,-2.280691680085037,0.7942671401379163,-0.44999749522057064,0.36089131194755864,-1.568495520709004,-0.7356993294668401,2.534570460816915,0.6414394852711756,-0.9323918787948795,1.268318802985038,0.597187088628752,-1.9873649203800912,-1.7956466844979366,-0.22267764694868641,-0.7083561642749033,-0.6678559587286627,-2.3359123933425243,-0.16548076063735176,-3.1001264986920916,-2.0621216415283095,-0.0669494501918389,3.122870804380321,-3.7381266151067574,-3.9100724129697033,-1.456057905648683,2.439881490384403,-2.044087323280023,-0.4638178985609651,-3.4878360998364117,-0.6377560078932667,-2.290806954785322,-3.027498786768638,-0.4042165655097846,-0.46862570104749673,-0.6290492193344558
1.3684363447145687,-0.7097384269524822,1.037907299373371,0.6216209389600688,0.14121739001116929,1.3318986120414793,0.8607663632085294,0.2678156345136724,0.3384072769225134,1.0033742453463714,0.22712010245894276,-0.3617104736637436,0.34110117445292987,1.1557564011919839,-0.4534118352802746,-1.4093223638027292,0.24835402920432792,-0.16358369683309207,-0.7781410777183473,-0.393361155134757,0.8796394111049266,-0.2705107567995469,0.721575783167062,-0.8446694825897785,0.22662559455923045,0.5666541940872197,0.08851353927978117,-0.2536146877994832,0.39268244967823773,0.541567049523199,-0.4139285126400308,0.893338203084851,-0.10628214321536153,-0.5748787831321389,-1.5455212047361968,1.4773230692633712,0.8006364189199674,0.9518366134760137,0.6143437925055509,-0.9270311893729448,0.6357803533696539,-0.031777245832351184,-1.1551613289557607,0.0369793329804599
0.6693579106198275,-0.9756673134716832,1.204095944808606,0.7932371213981579,-0.6219531015882791,0.8607663632085294,0.7347057797526347,0.3143324887838135,0.3945486589775664,1.236357193657181,-0.06258384579255004,-0.21024607744353185,0.17433977793868588,1.0723739071835174,-0.15625919406211472,-1.5508811793873754,0.07796810103201111,0.07072942439265872,-0.8310546414004142,-0.4192656149919757,1.0180870278388288,0.20534470731537646,0.5221404836709408,-0.3725832311056341,0.3015760762923031,0.980445972607988,0.09625324848621643,0.5500482823864078,0.836240194775638,0.3453595770605443,-0.9868166816263139,1.4174732929657985,0.8371902276412752,-0.04809056967401847,-1.5903988730510674,1.4643402981269313,0.6673047200289987,1.484042533365057,0.604350568549973,-0.1970105744058652,1.1314279221432058,0.062282302215601645,-0.693248664754088,0.1992459324199035
0.39319811088838463,-1.0098665194615073,0.423132799087396,0.24407558714408295,-0.43672560211857836,0.2678156345136724,0.3143324887838135,0.5276399242126321,-0.07777046975257448,1.042734842290747,-0.33960856044067284,-0.33061791450620187,-0.014016986364265918,0.05064274707619452,-0.05275395033318332,-0.9972180494549049,0.38876248227415555,-0.08274597490475002,-0.6616427716322586,-0.4129596791539406,0.49293057545407637,0.25419755252957077,0.2899625137955076,0.3990825144682645,0.1340246662493958,1.1598995443620204,-0.024592644807256224,0.7127732070625271,1.3979193670876797,-0.1740004017429158,-0.7845231011592544,0.7790809444674326,1.0393568938489097,0.16476107049434452,-0.7966644285135358,0.7514083271607644,0.367109487312723,1.466335510044977,0.5164551760136109,-0.30552169681661157,0.910072654407018,0.23289796691215148,-0.1777988872129845,0.3636346419270611
-0.14334347166269182,-0.31421593584548824,1.098474467462933,0.84987408190419,-0.8850387745703261,0.3384072769225134,0.3945486589775664,-0.07777046975257448,0.5547891388304151,0.5454029002762635,0.07338001098141488,0.2724933853325778,0.01003866674925789,1.105182163157663,0.12409258965593221,-0.8932781929860544,-0.43159128804751073,0.3825014638022776,-0.32358777881982553,-0.07565930905035724,0.8222786956496917,0.4032217382500065,0.21570598187343915,-0.3750850977752416,0.24901044115232077,0.2770159901301095,0.11222021822101987,0.5574709974050531,-0.07751227859735402,0.4079790761702987,-0.8401423281382406,1.2929031828488264,0.6983276441810088,0.18850614611098937,-1.060479655057482,0.9322397486548104,0.2979403574631446,0.7282961133335433,0.1519562823664837,0.7306732205139113,0.8013141758967033,-0.028058472998722914,-0.21364552084168872,-0.020475661332293987
0.511901819604803,-3.017634378783721,2.3151044438365624,1.3939734084001891,-2.280691680085037,1.0033742453463714,1.236357193657181,1.042734842290747,0.5454029002762635,3.4826606878068254,-0.9905110586362038,-0.5833554303404579,0.006273743147896834,1.4163581985792681,0.06195211639520681,-3.5271027529023007,0.40686696726075816,0.11124281950120189,-2.2319053649311407,-1.2885405393431983,2.12490845824877,1.1590106665764983,0.8114285873507399,0.4312073452435989,0.782105416863226,3.448392089336459,0.17378628404381452,2.6230545227135593,3.6039528981671043,-0.07006744849387903,-2.9975553947639435,3.580834178677801,3.6443854875218764,0.7665666145791536,-3.2305467145723594,2.806748909337923,1.0485061681525514,4.395981754704959,1.398623209244202,0.11032854648011806,3.2552827134207494,0.5383449873198305,-0.5600012990794676,0.9759743224373004
0.3412460427603074,0.9678850259300983,-0.20170880753920672,-0.02295256421888343,0.7942671401379163,0.22712010245894276,-0.06258384579255004,-0.33960856044067284,0.07338001098141488,-0.9905110586362038,0.6159509026043386,0.22794843362129985,0.11850327738749447,0.2369068159389151,-0.17909227302175418,0.673708978817165,-0.22255958920804875,0.05282417265068895,0.6010480568046864,0.42435655941759004,-0.27677436585425474,-0.47952740097411134,0.05911830058004357,-0.6381480951449434,-0.19777165873830474,-1.2604540188117725,-0.024964307849715903,-1.1221155838094483,-1.509087415629786,0.4130930785816678,0.8697128634642398,-0.783752649059587,-1.4682693699778848,-0.5352991565180414,0.4325730538729423,-0.27803566038550054,0.013233476126402056,-1.2759952583879575,-0.302439970253073,-0.1604502844517521,-0.9156877453755663,-0.25207814762080866,-0.3201940105199613,-0.45431405942609976
-0.6932254247661417,0.5904145981648419,0.2145668267264999,0.38060457754038207,-0.44999749522057064,-0.3617104736637436,-0.21024607744353185,-0.33061791450620187,0.2724933853325778,-0.5833554303404579,0.22794843362129985,0.5950666390374015,-0.17736747165757663,0.3518150884207207,0.2912852117346059,0.37203748188846275,-0.5885823668056035,0.4399962538632617,0.43967310849799907,0.3453439914298998,0.08675550510410744,0.28925704741219654,-0.15581932125838385,-0.06404264040849099,-0.03451924937458175,-0.6589036124369879,0.005953884253334127,0.1069526693870723,-0.9618231708997382,0.22354342568491728,-0.07794625816344386,0.21717402377908782,0.0013437730121999972,0.21423630618417042,0.19024712554262815,-0.19222121286316737,-0.21032552383773287,-0.46358024171674495,-0.3825136862813458,1.0973594314025459,-0.10054214305391106,-0.06348908810539854,0.3641880655336054,-0.2426394349919859
0.43399364788951794,0.026884789393822814,0.012980311436455153,-0.051906837791368364,0.36089131194755864,0.34110117445292987,0.17433977793868588,-0.014016986364265918,0.01003866674925789,0.006273743147896834,0.11850327738749447,-0.17736747165757663,0.17977085023886585,0.13433523331978828,-0.19516998621093576,-0.08788014704611012,0.1193072694929103,-0.14565983687602446,-0.0512581821448989,-0.029988967542647214,-0.011879067314314972,-0.2853925408634811,0.10093516508246397,-0.3305654705909693,-0.004276914724540928,-0.09863631549502956,0.022991026025109548,-0.3753831320773659,-0.14075672701922798,0.1406174997802608,0.24389043114086437,-0.1893235561036909,-0.4497441586808716,-0.2788821776711264,-0.13163685779005324,0.15220572889485404,0.1566966672642241,-0.17149794636522853,0.10129932992442306,-0.5032081746907566,-0.1640898278897292,-0.10201461686372183,-0.36422618409043794,-0.04736867568518982
0.3557171795725223,-0.9051001613016638,2.4355744551134335,1.8549720374275578,-1.568495520709004,1.1557564011919839,1.0723739071835174,0.05064274707619452,1.105182163157663,1.4163581985792681,0.2369068159389151,0.3518150884207207,0.13433523331978828,2.4514654140232484,0.04178757851744026,-2.250317578815132,-0.6431786955117963,0.6581298872259177,-0.905616506763298,-0.2902247157665754,1.8934796191449705,0.6517577042224197,0.7327363741541703,-0.931663327730401,0.5152987308395812,0.7799664046273831,0.20993408436319358,0.9493753151846023,0.0956343357198993,0.9543495775870643,-1.7487695979707987,2.7414155406636542,1.2850312961580959,0.11194150374680355,-2.589087396211145,2.3616597375030675,0.9233179495082061,1.8578217530885863,0.5697192334021063,0.9568082259667662,1.7771890363184133,-0.033460127711985366,-0.8611906438257977,-0.013219417266625543
-0.7336799659021529,-0.07130552529257982,0.1976897074147149,0.23889672711585996,-0.7356993294668401,-0.4534118352802746,-0.15625919406211472,-0.05275395033318332,0.12409258965593221,0.06195211639520681,-0.17909227302175418,0.2912852117346059,-0.19516998621093576,0.04178757851744026,0.31658099115858085,-0.027292119107797663,-0.293456743155581,0.29201026492953497,0.041878317465131994,0.04708451671581074,0.15053983348498493,0.46575959338917594,-0.1842284088628479,0.3517477672066373,0.06257448403847468,0.1794751294250556,0.010371805594028017,0.6800367969620421,0.12108662515515183,-0.09903862444555761,-0.4923450100588127,0.504944024617991,0.7777180752683255,0.4706355524642535,-0.006473301262684566,-0.05794397858097361,-0.17799288220235343,0.31484284894171977,-0.1202516889539552,0.8804160425435033,0.3824238147141332,0.07897180188416951,0.4743543066346568,0.07037168555713781
-0.7532186213309586,2.955480285739393,-3.0255600137065763,-2.0447920119483314,2.534570460816915,-1.4093223638027292,-1.5508811793873754,-0.9972180494549049,-0.8932781929860544,-3.5271027529023007,0.673708978817165,0.37203748188846275,-0.08788014704611012,-2.250317578815132,-0.027292119107797663,4.018291233810133,-0.13267181543484424,-0.39557339007954057,2.2444320520384866,1.1813057474100113,-2.646018145362998,-1.21539589707337,-1.068536598945764,-6.298726700463719e-4,-0.8330573762989074,-3.23569084188118,-0.20274119719982475,-2.5663483659727366,-3.094089552632278,-0.3912189762974316,3.276629314875341,-4.1686101964795235,-3.5630693461317207,-0.636032388882424,3.8943549543472185,-3.4947226924954973,-1.4019921821782324,-4.619989496913026,-1.5032386298932856,-0.40617434015196957,-3.530967717873014,-0.4346008030143497,0.9456620712513828,-0.8131017700514026
0.7305248706918235,-0.4892051992253496,-0.49075968840947537,-0.5369075529814367,0.6414394852711756,0.24835402920432792,0.07796810103201111,0.38876248227415555,-0.43159128804751073,0.40686696726075816,-0.22255958920804875,-0.5885823668056035,0.1193072694929103,-0.6431786955117963,-0.293456743155581,-0.13267181543484424,0.6857724743654247,-0.49702248138157906,-0.3315977060694629,-0.3069311583322097,-0.26243570038183156,-0.3466305030239493,0.1359301934109356,0.23919599832195743,-0.054877478544264606,0.5710428124669152,-0.061202628327490925,-0.21695755520499863,0.9689614644245907,-0.3231984169918326,0.25563208184531927,-0.5189518798053581,-0.13085992926650603,-0.25650326752241925,0.08720004966201554,-0.04434265364142952,0.13070260198770642,0.3360143619957386,0.31947574011143626,-1.1851204244438986,-0.07963944540009993,0.11795569994469153,-0.26067759592964035,0.2421412604504519
-0.5696598056970351,-0.03841929512793845,0.7336400873152743,0.7182302374915943,-0.9323918787948795,-0.16358369683309207,0.07072942439265872,-0.08274597490475002,0.3825014638022776,0.11124281950120189,0.05282417265068895,0.4399962538632617,-0.14565983687602446,0.6581298872259177,0.29201026492953497,-0.39557339007954057,-0.49702248138157906,0.5120139062828175,0.025326393802356812,0.12750943507378354,0.5391865144771892,0.5256532200586137,0.011114590571136977,0.041971156051401386,0.10452326284549343,0.030997573399815,0.032160076938768184,0.6463827140491177,-0.23721726784240316,0.22814655666125833,-0.7164528291987986,0.9571240959318804,0.733058938795466,0.38738693471857727,-0.49753261284080447,0.4614679696644278,0.08540715157320669,0.5013100737671627,-0.037132267186402015,1.1122801924498211,0.5995443025554382,0.0033917746186092777,0.20091939742383738,-0.058251403875977034
-0.5147977506730479,1.9140390974819252,-1.4232259417484328,-0.8183510804365397,1.268318802985038,-0.7781410777183473,-0.8310546414004142,-0.6616427716322586,-0.32358777881982553,-2.2319053649311407,0.6010480568046864,0.43967310849799907,-0.0512581821448989,-0.905616506763298,0.041878317465131994,2.2444320520384866,-0.3315977060694629,0.025326393802356812,1.473187536479982,0.8623936186741494,-1.3226918946183486,-0.6178754425543941,-0.569458318629672,-0.1587041746289196,-0.4963914317322565,-2.177353373331735,-0.11386225270901133,-1.5065989751926887,-2.279246650357972,0.017741756629605577,1.7818590687425473,-2.1685147923331805,-2.1383472125530822,-0.3585226298052843,2.07336645433625,-1.7958739387956915,-0.6889805737488585,-2.7139436439003144,-0.9074254193873156,0.1591872680877635,-1.978651552947878,-0.33593754368444084,0.46862334864720834,-0.6094467552076724
-0.3212970556498524,1.1358816745772848,-0.6112673211883751,-0.276774042461853,0.597187088628752,-0.393361155134757,-0.4192656149919757,-0.4129596791539406,-0.07565930905035724,-1.2885405393431983,0.42435655941759004,0.3453439914298998,-0.029988967542647214,-0.2902247157665754,0.04708451671581074,1.1813057474100113,-0.3069311583322097,0.12750943507378354,0.8623936186741494,0.5441738573096924,-0.6176978101350779,-0.29362654227106505,-0.281345142229991,-0.18284858309985827,-0.26833240776284,-1.3222590700261996,-0.056472410036669786,-0.8316562835414676,-1.472246842246384,0.12548946849870904,0.9168009274702213,-1.054192621125204,-1.2006757906678058,-0.19417623498769535,1.0357105910024722,-0.868839900155411,-0.3272109372515522,-1.50242403510159,-0.5178030322401944,0.2745056904338922,-1.048525143599572,-0.22007588855666035,0.22212037678443294,-0.4028493033921654
0.227000429462959,-1.700677132962621,2.3144794741737953,1.7096639773436821,-1.9873649203800912,0.8796394111049266,1.0180870278388288,0.49293057545407637,0.8222786956496917,2.12490845824877,-0.27677436585425474,0.08675550510410744,-0.011879067314314972,1.8934796191449705,0.15053983348498493,-2.646018145362998,-0.26243570038183156,0.5391865144771892,-1.3226918946183486,-0.6176978101350779,1.9538590280793802,0.9764922070272253,0.7089729338925723,-0.14589727369237998,0.5665891370669309,1.825315671381541,0.15176108410275718,1.7710526102059732,1.5098796541660302,0.47657632270741496,-2.316731356238919,3.067953844558965,2.393040471949799,0.49923885277237195,-2.699323179254142,2.427468212373477,0.9143067357255984,2.9410796932936565,0.8460633067714459,0.8734926814029913,2.4029801540108933,0.2428917502459783,-0.5458177001601138,0.38996163969741887
-0.8385682454463811,-1.0112336165492049,1.1394904758848865,0.906982988230748,-1.7956466844979366,-0.2705107567995469,0.20534470731537646,0.25419755252957077,0.4032217382500065,1.1590106665764983,-0.47952740097411134,0.28925704741219654,-0.2853925408634811,0.6517577042224197,0.46575959338917594,-1.21539589707337,-0.3466305030239493,0.5256532200586137,-0.6178754425543941,-0.29362654227106505,0.9764922070272253,1.0534152255646407,0.06016631804107307,0.5763734941039312,0.3310432170008278,1.2562183242365341,0.06365778178705558,1.754872364181484,1.1803472565348547,-0.08082545036130055,-1.6900635169935008,1.9437072714006542,2.210586460762556,0.8833904333804328,-1.1226729959072599,0.9232300492342661,0.14752448768195084,1.8682553371797816,0.2811448768599265,1.3729354875899427,1.6007874215521174,0.27071455195851835,0.4419489486282274,0.3529213728934404
0.716289763837403,-0.6371725966992754,0.797507598100657,0.5458062694786412,-0.22267764694868641,0.721575783167062,0.5221404836709408,0.2899625137955076,0.21570598187343915,0.8114285873507399,0.05911830058004357,-0.15581932125838385,0.10093516508246397,0.7327363741541703,-0.1842284088628479,-1.068536598945764,0.1359301934109356,0.011114590571136977,-0.569458318629672,-0.281345142229991,0.7089729338925723,0.06016631804107307,0.49224111697727574,-0.2818719459905747,0.16276000105090432,0.5928928674513578,0.0295606325958386,0.1781575889135212,0.53494913128406,0.2707107831066319,-0.581833324008954,0.8741075125270227,0.37446252732168417,-0.1825738852051887,-1.1028301155091245,1.058389257300747,0.5306295941631248,1.0168033596811568,0.4398473199828762,-0.3027570186539796,0.6924851759619514,0.08041089480147853,-0.5818096585899946,0.0925845883712498
-0.754808670975918,-0.6333103174614614,-0.372921314406184,-0.23411258858711628,-0.7083561642749033,-0.8446694825897785,-0.3725832311056341,0.3990825144682645,-0.3750850977752416,0.4312073452435989,-0.6381480951449434,-0.06404264040849099,-0.3305654705909693,-0.931663327730401,0.3517477672066373,-6.298726700463719e-4,0.23919599832195743,0.041971156051401386,-0.1587041746289196,-0.18284858309985827,-0.14589727369237998,0.5763734941039312,-0.2818719459905747,1.2318555004997722,-0.017814162945710196,0.961660796673676,-0.10114059249348702,1.1469142575008071,1.392751185640231,-0.6917663672510748,-0.6342666960110428,0.22272168242335094,1.4322805321842154,0.7258405088740211,0.3566622180067145,-0.37700221563436764,-0.27946066496716343,0.982714633924312,0.07694652912779351,0.48599677959334836,0.5895256496344433,0.3311352512357613,0.8251887787798415,0.42630974845073044
-0.024056965545919802,-0.6274087799038572,0.6747777920711328,0.42397438811093247,-0.6678559587286627,0.22662559455923045,0.3015760762923031,0.1340246662493958,0.24901044115232077,0.782105416863226,-0.19777165873830474,-0.03451924937458175,-0.004276914724540928,0.5152987308395812,0.06257448403847468,-0.8330573762989074,-0.054877478544264606,0.10452326284549343,-0.4963914317322565,-0.26833240776284,0.5665891370669309,0.3310432170008278,0.16276000105090432,-0.017814162945710196,0.2255815529977469,0.7100997698142613,0.07457443492231657,0.6491818772166745,0.6507250229211667,0.06244764358002327,-0.7596328007563511,0.9827054946349038,0.8754073007173518,0.22125410199820972,-0.8210701808992401,0.6871238918230019,0.21388028681701582,0.939415442365063,0.26524710515983324,0.23826086684065167,0.7862123115234522,0.09130682602306743,-0.10801182069393064,0.1832573529750897
0.1962376506404932,-3.1225864526489775,1.8637663250601564,1.0763782543466,-2.3359123933425243,0.5666541940872197,0.980445972607988,1.1598995443620204,0.2770159901301095,3.448392089336459,-1.2604540188117725,-0.6589036124369879,-0.09863631549502956,0.7799664046273831,0.1794751294250556,-3.23569084188118,0.5710428124669152,0.030997573399815,-2.177353373331735,-1.3222590700261996,1.825315671381541,1.2562183242365341,0.5928928674513578,0.961660796673676,0.7100997698142613,3.702290155863967,0.11736993691869155,2.920771857781649,4.069330650316842,-0.4227416672075406,-2.980733911300858,3.2929000337915895,3.9861443256678712,1.0054872416096414,-2.7798531074414137,2.3691683878697862,0.8248782463744674,4.485147976531277,1.349830647176403,0.14116148856503416,3.236067256916021,0.6421049230639391,-0.1673987607756076,1.1362216354232701
-0.02099905720613676,-0.11215278350825753,0.20878173972345246,0.12029335450141293,-0.16548076063735176,0.08851353927978117,0.09625324848621643,-0.024592644807256224,0.11222021822101987,0.17378628404381452,-0.024964307849715903,0.005953884253334127,0.022991026025109548,0.20993408436319358,0.010371805594028017,-0.20274119719982475,-0.061202628327490925,0.032160076938768184,-0.11386225270901133,-0.056472410036669786,0.15176108410275718,0.06365778178705558,0.0295606325958386,-0.10114059249348702,0.07457443492231657,0.11736993691869155,0.039273426676572513,0.12037620211285051,0.05772459741517723,0.0596398463718892,-0.16697037984421204,0.2616520596925967,0.1583249866921376,0.03748043392441788,-0.22959059253271316,0.18239699219730973,0.047755011077628154,0.14726752710977678,0.04552903732655062,0.07459914594432286,0.1695246497312456,-0.009431674919137382,-0.05869781317690734,0.020765964243838975
-1.0973343184725917,-2.362003529100748,1.963252863192805,1.4352994925281926,-3.1001264986920916,-0.2536146877994832,0.5500482823864078,0.7127732070625271,0.5574709974050531,2.6230545227135593,-1.1221155838094483,0.1069526693870723,-0.3753831320773659,0.9493753151846023,0.6800367969620421,-2.5663483659727366,-0.21695755520499863,0.6463827140491177,-1.5065989751926887,-0.8316562835414676,1.7710526102059732,1.754872364181484,0.1781575889135212,1.1469142575008071,0.6491818772166745,2.920771857781649,0.12037620211285051,3.3081339168115864,2.9646912384048836,-0.3127925445358955,-3.1306577254083647,3.494028793452862,4.235832907427679,1.5268574537992907,-2.2628779844482034,1.860012073221612,0.40640795147109654,3.8716983116761514,0.8024633959866692,1.7766264418588391,3.120400675415572,0.5510458915824866,0.5814107461766723,0.8857023308813383
0.30976790465506493,-3.388163732897206,1.3646129702247316,0.6091950495661312,-2.0621216415283095,0.39268244967823773,0.836240194775638,1.3979193670876797,-0.07751227859735402,3.6039528981671043,-1.509087415629786,-0.9618231708997382,-0.14075672701922798,0.0956343357198993,0.12108662515515183,-3.094089552632278,0.9689614644245907,-0.23721726784240316,-2.279246650357972,-1.472246842246384,1.5098796541660302,1.1803472565348547,0.53494913128406,1.392751185640231,0.6507250229211667,4.069330650316842,0.05772459741517723,2.9646912384048836,4.776551039321857,-0.8023944675145743,-2.8527853561684293,2.8869463278999574,4.105844889415788,1.0399516586365125,-2.4347495980376364,2.052740527597379,0.7343432683005329,4.655847338754599,1.4514280827674453,-0.35083021468262077,3.1579164363189856,0.7691720236932004,-0.028770355186067725,1.3262357998177468
0.34034773097054827,0.2269194194091954,0.693610829625382,0.6034514185976475,-0.0669494501918389,0.541567049523199,0.3453595770605443,-0.1740004017429158,0.4079790761702987,-0.07006744849387903,0.4130930785816678,0.22354342568491728,0.1406174997802608,0.9543495775870643,-0.09903862444555761,-0.3912189762974316,-0.3231984169918326,0.22814655666125833,0.017741756629605577,0.12548946849870904,0.47657632270741496,-0.08082545036130055,0.2707107831066319,-0.6917663672510748,0.06244764358002327,-0.4227416672075406,0.0596398463718892,-0.3127925445358955,-0.8023944675145743,0.5630706117453824,-0.08053640677305873,0.4618470315061038,-0.4027253272572163,-0.27856867182665346,-0.6430910052141772,0.6444180901905153,0.3254992256138328,-0.09450120112325851,0.03406749682343966,0.1787997201481871,0.08225663153256293,-0.1639209326014814,-0.49611677026165474,-0.2455805648205931
0.4825633956750451,2.5703079411933003,-2.6596720165023036,-1.929399524982711,3.122870804380321,-0.4139285126400308,-0.9868166816263139,-0.7845231011592544,-0.8401423281382406,-2.9975553947639435,0.8697128634642398,-0.07794625816344386,0.24389043114086437,-1.7487695979707987,-0.4923450100588127,3.276629314875341,0.25563208184531927,-0.7164528291987986,1.7818590687425473,0.9168009274702213,-2.316731356238919,-1.6900635169935008,-0.581833324008954,-0.6342666960110428,-0.7596328007563511,-2.980733911300858,-0.16697037984421204,-3.1306577254083647,-2.8527853561684293,-0.08053640677305873,3.394278476107643,-4.0782491413756965,-4.110327702380136,-1.2440265005915303,3.100769469231801,-2.6920310485811147,-0.8501041439001334,-4.279838098466937,-1.0597033001139229,-1.5754979208044386,-3.4418408896131365,-0.5033644553210859,0.01050630095087682,-0.8012904684213429
-0.34586312859684387,-2.929111320847691,3.6281952703436464,2.645130616490453,-3.7381266151067574,0.893338203084851,1.4174732929657985,0.7790809444674326,1.2929031828488264,3.580834178677801,-0.783752649059587,0.21717402377908782,-0.1893235561036909,2.7414155406636542,0.504944024617991,-4.1686101964795235,-0.5189518798053581,0.9571240959318804,-2.1685147923331805,-1.054192621125204,3.067953844558965,1.9437072714006542,0.8741075125270227,0.22272168242335094,0.9827054946349038,3.2929000337915895,0.2616520596925967,3.494028793452862,2.8869463278999574,0.4618470315061038,-4.0782491413756965,5.1781538170404335,4.610557801240026,1.2777130944106556,-4.139466100527766,3.618354694808497,1.1953193279265988,4.985071104213835,1.2729851608820153,1.9442417457953298,4.1355129524473995,0.4928628519462298,-0.35339360484429244,0.795030614514041
-1.1155467688836649,-3.269008022104726,2.6207575877425637,1.8562592148709314,-3.9100724129697033,-0.10628214321536153,0.8371902276412752,1.0393568938489097,0.6983276441810088,3.6443854875218764,-1.4682693699778848,0.0013437730121999972,-0.4497441586808716,1.2850312961580959,0.7777180752683255,-3.5630693461317207,-0.13085992926650603,0.733058938795466,-2.1383472125530822,-1.2006757906678058,2.393040471949799,2.210586460762556,0.37446252732168417,1.4322805321842154,0.8754073007173518,3.9861443256678712,0.1583249866921376,4.235832907427679,4.105844889415788,-0.4027253272572163,-4.110327702380136,4.610557801240026,5.498626694471935,1.8666726905282072,-3.148435459493865,2.6158601025113657,0.65112574290233,5.24625495600558,1.1766130299524435,1.9998864579550464,4.146395647216409,0.756892332341694,0.5694834345184121,1.1994873351231143
-1.0172200000855975,-0.735084591987726,0.5713762716857423,0.4632310551572771,-1.456057905648683,-0.5748787831321389,-0.04809056967401847,0.16476107049434452,0.18850614611098937,0.7665666145791536,-0.5352991565180414,0.21423630618417042,-0.2788821776711264,0.11194150374680355,0.4706355524642535,-0.636032388882424,-0.25650326752241925,0.38738693471857727,-0.3585226298052843,-0.19417623498769535,0.49923885277237195,0.8833904333804328,-0.1825738852051887,0.7258405088740211,0.22125410199820972,1.0054872416096414,0.03748043392441788,1.5268574537992907,1.0399516586365125,-0.27856867182665346,-1.2440265005915303,1.2777130944106556,1.8666726905282072,0.8829593388205629,-0.480889416799995,0.32527922620778954,-0.09800155795390765,1.3071835373610756,0.11627899076470398,1.1953511376686703,1.1429492704118402,0.22133632149904067,0.6491689843502026,0.3401819563501372
-0.7855013621505914,2.606573408416987,-3.1646853868638845,-2.2051236408548305,2.439881490384403,-1.5455212047361968,-1.5903988730510674,-0.7966644285135358,-1.060479655057482,-3.2305467145723594,0.4325730538729423,0.19024712554262815,-0.13163685779005324,-2.589087396211145,-0.006473301262684566,3.8943549543472185,0.08720004966201554,-0.49753261284080447,2.07336645433625,1.0357105910024722,-2.699323179254142,-1.1226729959072599,-1.1028301155091245,0.3566622180067145,-0.8210701808992401,-2.7798531074414137,-0.22959059253271316,-2.2628779844482034,-2.4347495980376364,-0.6430910052141772,3.100769469231801,-4.139466100527766,-3.148435459493865,-0.480889416799995,3.9259291984205413,-3.534247474406803,-1.4146624625911002,-4.2034047354481086,-1.3693470964590628,-0.5565827221519464,-3.3256341939364487,-0.32673266097335857,1.071547616703081,-0.6240573223296366
0.8832071202764282,-2.2710402927499755,2.8513797639594736,2.0231128043748354,-2.044087323280023,1.4773230692633712,1.4643402981269313,0.7514083271607644,0.9322397486548104,2.806748909337923,-0.27803566038550054,-0.19222121286316737,0.15220572889485404,2.3616597375030675,-0.05794397858097361,-3.4947226924954973,-0.04434265364142952,0.4614679696644278,-1.7958739387956915,-0.868839900155411,2.427468212373477,0.9232300492342661,1.058389257300747,-0.37700221563436764,0.6871238918230019,2.3691683878697862,0.18239699219730973,1.860012073221612,2.052740527597379,0.6444180901905153,-2.6920310485811147,3.618354694808497,2.6158601025113657,0.32527922620778954,-3.534247474406803,3.250025547683072,1.3698125818226723,3.733915823429515,1.2672550410233232,0.3830268952580481,2.9111131704966997,0.2581650833566321,-1.0852101921075126,0.4996875055524529
0.739062877579486,-0.8592545944711543,1.0642539390023098,0.7460955797173797,-0.4638178985609651,0.8006364189199674,0.6673047200289987,0.367109487312723,0.2979403574631446,1.0485061681525514,0.013233476126402056,-0.21032552383773287,0.1566966672642241,0.9233179495082061,-0.17799288220235343,-1.4019921821782324,0.13070260198770642,0.08540715157320669,-0.6889805737488585,-0.3272109372515522,0.9143067357255984,0.14752448768195084,0.5306295941631248,-0.27946066496716343,0.21388028681701582,0.8248782463744674,0.047755011077628154,0.40640795147109654,0.7343432683005329,0.3254992256138328,-0.8501041439001334,1.1953193279265988,0.65112574290233,-0.09800155795390765,-1.4146624625911002,1.3698125818226723,0.6905397329746392,1.389668179074615,0.594217583532236,-0.25570809764397023,0.9902734596289593,0.05543076243103893,-0.6877488625160674,0.15424811034532385
0.2652973348273874,-3.8975086725046206,3.1916889017690444,2.1869111092193463,-3.4878360998364117,0.9518366134760137,1.484042533365057,1.466335510044977,0.7282961133335433,4.395981754704959,-1.2759952583879575,-0.46358024171674495,-0.17149794636522853,1.8578217530885863,0.31484284894171977,-4.619989496913026,0.3360143619957386,0.5013100737671627,-2.7139436439003144,-1.50242403510159,2.9410796932936565,1.8682553371797816,1.0168033596811568,0.982714633924312,0.939415442365063,4.485147976531277,0.14726752710977678,3.8716983116761514,4.655847338754599,-0.09450120112325851,-4.279838098466937,4.985071104213835,5.24625495600558,1.3071835373610756,-4.2034047354481086,3.733915823429515,1.389668179074615,6.11294026561139,1.7849991785019812,0.8789458246150306,4.540182646312748,0.7695101678303414,-0.4177625121208405,1.2610388039491094
0.5822984034323261,-1.2367554171600756,0.9083117125744642,0.5403737550875992,-0.6377560078932667,0.6143437925055509,0.604350568549973,0.5164551760136109,0.1519562823664837,1.398623209244202,-0.302439970253073,-0.3825136862813458,0.10129932992442306,0.5697192334021063,-0.1202516889539552,-1.5032386298932856,0.31947574011143626,-0.037132267186402015,-0.9074254193873156,-0.5178030322401944,0.8460633067714459,0.2811448768599265,0.4398473199828762,0.07694652912779351,0.26524710515983324,1.349830647176403,0.04552903732655062,0.8024633959866692,1.4514280827674453,0.03406749682343966,-1.0597033001139229,1.2729851608820153,1.1766130299524435,0.11627899076470398,-1.3693470964590628,1.2672550410233232,0.594217583532236,1.7849991785019812,0.6887147005694725,-0.34300567883230343,1.224439682739175,0.17450984304712389,-0.48071477045565814,0.37092032711191497
-1.9489890444380298,-4.46108161665524e-4,1.2140107829352191,1.2579331650012402,-2.290806954785322,-0.9270311893729448,-0.1970105744058652,-0.30552169681661157,0.7306732205139113,0.11032854648011806,-0.1604502844517521,1.0973594314025459,-0.5032081746907566,0.9568082259667662,0.8804160425435033,-0.40617434015196957,-1.1851204244438986,1.1122801924498211,0.1591872680877635,0.2745056904338922,0.8734926814029913,1.3729354875899427,-0.3027570186539796,0.48599677959334836,0.23826086684065167,0.14116148856503416,0.07459914594432286,1.7766264418588391,-0.35083021468262077,0.1787997201481871,-1.5754979208044386,1.9442417457953298,1.9998864579550464,1.1953511376686703,-0.5565827221519464,0.3830268952580481,-0.25570809764397023,0.8789458246150306,-0.34300567883230343,2.876702513517642,1.2238498997245741,0.10728807709971559,1.0329356645228247,-0.025708230732859275
-0.17085912723349245,-2.8091797571173673,2.7183990130260667,1.9248564318548267,-3.027498786768638,0.6357803533696539,1.1314279221432058,0.910072654407018,0.8013141758967033,3.2552827134207494,-0.9156877453755663,-0.10054214305391106,-0.1640898278897292,1.7771890363184133,0.3824238147141332,-3.530967717873014,-0.07963944540009993,0.5995443025554382,-1.978651552947878,-1.048525143599572,2.4029801540108933,1.6007874215521174,0.6924851759619514,0.5895256496344433,0.7862123115234522,3.236067256916021,0.1695246497312456,3.120400675415572,3.1579164363189856,0.08225663153256293,-3.4418408896131365,4.1355129524473995,4.146395647216409,1.1429492704118402,-3.3256341939364487,2.9111131704966997,0.9902734596289593,4.540182646312748,1.224439682739175,1.2238498997245741,3.5677831725826143,0.5214962514934629,-0.21006597140702327,0.8758057209240767
-0.052568214036705585,-0.5138684836658497,0.19278044905722982,0.11643277138137674,-0.4042165655097846,-0.031777245832351184,0.062282302215601645,0.23289796691215148,-0.028058472998722914,0.5383449873198305,-0.25207814762080866,-0.06348908810539854,-0.10201461686372183,-0.033460127711985366,0.07897180188416951,-0.4346008030143497,0.11795569994469153,0.0033917746186092777,-0.33593754368444084,-0.22007588855666035,0.2428917502459783,0.27071455195851835,0.08041089480147853,0.3311352512357613,0.09130682602306743,0.6421049230639391,-0.009431674919137382,0.5510458915824866,0.7691720236932004,-0.1639209326014814,-0.5033644553210859,0.4928628519462298,0.756892332341694,0.22133632149904067,-0.32673266097335857,0.2581650833566321,0.05543076243103893,0.7695101678303414,0.17450984304712389,0.10728807709971559,0.5214962514934629,0.17912898701996371,0.11766231403117078,0.2138979716061853
-1.3091117558383683,0.36412470950859666,-0.6723910455487854,-0.3767551931368145,-0.46862570104749673,-1.1551613289557607,-0.693248664754088,-0.1777988872129845,-0.21364552084168872,-0.5600012990794676,-0.3201940105199613,0.3641880655336054,-0.36422618409043794,-0.8611906438257977,0.4743543066346568,0.9456620712513828,-0.26067759592964035,0.20091939742383738,0.46862334864720834,0.22212037678443294,-0.5458177001601138,0.4419489486282274,-0.5818096585899946,0.8251887787798415,-0.10801182069393064,-0.1673987607756076,-0.05869781317690734,0.5814107461766723,-0.028770355186067725,-0.49611677026165474,0.01050630095087682,-0.35339360484429244,0.5694834345184121,0.6491689843502026,1.071547616703081,-1.0852101921075126,-0.6877488625160674,-0.4177625121208405,-0.48071477045565814,1.0329356645228247,-0.21006597140702327,0.11766231403117078,1.090038650832194,0.05638885564154965
-0.015183066895379653,-0.9252223668441485,0.346461088051188,0.1502512856774666,-0.6290492193344558,0.0369793329804599,0.1992459324199035,0.3636346419270611,-0.020475661332293987,0.9759743224373004,-0.45431405942609976,-0.2426394349919859,-0.04736867568518982,-0.013219417266625543,0.07037168555713781,-0.8131017700514026,0.2421412604504519,-0.058251403875977034,-0.6094467552076724,-0.4028493033921654,0.38996163969741887,0.3529213728934404,0.0925845883712498,0.42630974845073044,0.1832573529750897,1.1362216354232701,0.020765964243838975,0.8857023308813383,1.3262357998177468,-0.2455805648205931,-0.8012904684213429,0.795030614514041,1.1994873351231143,0.3401819563501372,-0.6240573223296366,0.4996875055524529,0.15424811034532385,1.2610388039491094,0.37092032711191497,-0.025708230732859275,0.8758057209240767,0.2138979716061853,0.05638885564154965,0.3881694166895582
