V1,V2,V3,V4,V5,V6,V7,V8,V9,V10,V11,V12,V13,V14,V15,V16,V17,V18,V19,V20,V21,V22,V23,V24,V25,V26,V27,V28,V29,V30,V31,V32,V33,V34,V35,V36,V37,V38,V39,V40,V41,V42,V43,V44
0.8063560674891277,-1.2130699848064117,0.35552697993013727,0.3671096621369989,0.8817782718489099,0.1360111623777831,-0.6188896593431726,0.08498021555620089,-0.06741689697316967,0.15246930465106476,-0.16399307936923768,-0.6679087819073634,-0.9322088381283433,0.3079426690993782,0.23254523126717014,0.08726097788804263,-0.1526416919457618,0.3107756388928526,0.08995137515291872,-0.3074688437316033,-1.1100942738729564,-0.15832468861904483,0.2869826322624195,0.8312098282862967,-0.25568857690682983,-0.17590084989745058,0.733379478589873,-0.72101121335967,0.03736915133636876,-0.7367802827307249,0.4483703367420296,-0.171998650588286,0.1804676567572035,0.5993915440442843,-0.08586154891958915,0.140058446739387,-0.40892318889723894,0.42700088019711596,-0.6794804419824259,-0.005559507466088507,0.2501567464938697,0.509418258259182,-0.9352614253685851,-1.0279701731680613
-1.2130699848064117,2.6948670172334617,-1.1532015087923446,-0.9504155153055698,-0.9491562006591846,-0.5027635234081441,1.115349611417246,-0.17043612485576615,0.011023933629144085,-0.9793913434181987,0.9592164079239084,1.6366077472141713,1.6657078649857833,-0.6465568038299394,-0.18022941928361433,0.7049373288460076,-0.09874682521131921,-0.8284226867262986,0.6244259424104207,0.45494493985713447,1.6341432669541818,-0.12470679307784643,-0.4511206314703242,-1.8544095363649404,0.273076108125933,-0.2605582741758187,-1.3887685387759323,0.6343801320067024,-0.6467038838263773,1.391294172448367,-0.02143084867911441,-0.41366802800527497,-1.1233056517479956,-1.196160646458707,0.8616734290237886,-0.7741980551778599,0.32638380050326754,-1.891978488619091,1.1330401563075927,-0.2633072122104605,-1.2084787733306883,-0.820470296092548,1.6465714631872606,1.8441336061112164
0.35552697993013727,-1.1532015087923446,0.8639170290263529,0.6396202831832646,-0.19864142781168317,0.33962690151164554,0.01622865913222829,0.24525385782766065,0.116801038619705,0.8165849565400474,-0.2513081866154451,-0.44715077518220175,-0.45910619645290934,0.5106396343376157,0.11947229169721678,-0.7812036000157824,-0.056699034902547345,0.2475651807801345,-0.49856046639099505,-0.3773800074285401,0.007473956810144887,0.13703165991434316,0.29414440748415743,0.5020595846078478,0.05643472646122037,0.7247635360092577,0.35251890902639654,0.33078679412189876,0.7250021463401203,-0.3212448334521093,-0.5572870823354158,0.7807800093212759,0.9399630940176874,0.47097627646444346,-0.7919857696197814,0.7209439490174948,0.06778594939435098,1.253977229955306,-0.014405483918106261,0.2064198630885841,0.8279934993633954,0.28582447202392086,-0.4436360608377997,-0.3537148656656231
0.3671096621369989,-0.9504155153055698,0.6396202831832646,0.6391166478822979,0.10468150173361224,0.3269210845689821,-0.03244337276554273,0.16699746872603416,-0.019417095972425497,0.4172130083610721,-0.16897516255731648,-0.4562951197482907,-0.5652408212466276,0.449196518571238,0.2017797065413502,-0.4955486448695739,-0.11412919511802756,0.28138974975507836,-0.19231190490931221,-0.38405130563327516,-0.28410654532991064,-0.10205433612799283,0.166863915860567,0.5442367397482092,8.354752896759217e-4,0.4511506653176537,0.43605028466249746,0.0841149006998462,0.46130636580550477,-0.2758804290333619,-0.3627469680772221,0.5123030038131521,0.6520229276194374,0.4701196538261497,-0.6090542443233395,0.4410010916878021,0.02205837677292686,0.9654778079136256,-0.13054173327034943,0.18374666475931511,0.5810287478794691,0.2732245985501707,-0.42428887295082374,-0.49036096647700506
0.8817782718489099,-0.9491562006591846,-0.19864142781168317,0.10468150173361224,2.2847064957364513,0.1844985108739643,-1.7041596518283584,-0.44951226966547186,-0.43724671580212,-0.8720560795803217,-0.6062998726111791,-1.5580800273759923,-1.6067010814452052,-0.276711911391691,-0.02564314231638913,1.086414410673809,0.1349383287817043,0.7039146005220807,0.35425477949552453,0.24469873829060823,-2.7934481940405638,-0.6514890025724613,-0.1079084053134549,1.6139508228134267,-0.6100825414966871,-1.4633751753927586,1.2741420916394184,-2.01925475295116,-1.1466123376460775,-1.2942679053660238,1.5215005607583252,-1.575961741686584,-0.9439397232118013,0.616627974084227,0.8121692148355392,-0.845995404656059,-0.710978370227584,-0.3636271593039127,-1.8140999627217804,0.009870087576651945,-0.6286221966540989,0.4224899201260564,-1.1860478599658946,-2.33352461587054
0.1360111623777831,-0.5027635234081441,0.33962690151164554,0.3269210845689821,0.1844985108739643,0.2577664483242576,-0.22943836007771595,-0.012725622495860425,-0.06471573575449914,0.1606932976792146,-0.3086443891751523,-0.499032427092279,-0.4300008393570164,0.10876260854753719,-0.02078069265639887,-0.2492623121186032,0.09392480910976468,0.2715727783987867,-0.23877367256142612,-0.0594331500879318,-0.36992035177406263,-0.06969861699674623,0.006969902707900066,0.506441366679951,-0.015349225380780753,0.0885033929853897,0.32602852537603316,-0.08806459027931002,0.11847638269293352,-0.25857445871525475,-0.16244947353990058,0.15341165845390237,0.2643544655025078,0.2308514452946323,-0.28827332667840244,0.13122631483822372,0.050120646904902436,0.5701965829001279,-0.2723550079529285,0.17047405075224437,0.26217038656716696,0.09145250271004704,-0.22299379929674318,-0.5086027932622508
-0.6188896593431726,1.115349611417246,0.01622865913222829,-0.03244337276554273,-1.7041596518283584,-0.22943836007771595,1.7590853647097238,0.4705298432385891,0.29377283470812293,0.3486791154540991,1.120196273145219,1.7382550808183506,1.3833245189814967,0.38135311387952175,0.3193406552084326,-0.5442364354448114,-0.5119634847419982,-0.7990644956919737,0.2650597274076828,-0.48067765019873343,2.3732669482332143,0.17259189654625062,0.1553074192980991,-1.7167620143764426,0.4654814662667071,1.1808564222050828,-1.1721424957423503,1.542399694031559,0.8064026758797109,1.3136909701142125,-1.0591560440449224,1.161927071064398,0.5002779034728544,-0.5382469863959355,-0.46356708522430445,0.5247764093671797,0.4220222086971135,-0.1948353651505683,1.7188407004822084,-0.1322497573469988,0.16972949302559612,-0.2851936398399973,1.0923363251064817,2.131123385450485
0.08498021555620089,-0.17043612485576615,0.24525385782766065,0.16699746872603416,-0.44951226966547186,-0.012725622495860425,0.4705298432385891,0.30255665355348876,0.09528438185692424,0.3255394867230711,0.32614488848610607,0.37965776799228756,0.1508655876460835,0.2438341406905997,0.2165759418398985,-0.3187247752248046,-0.2283344336557382,-0.19541581855276532,0.06935833888530935,-0.3688537571695692,0.5819744257883465,0.027841429742745543,0.21193043291313304,-0.2605764860478609,0.11668916424894005,0.5057489025246827,-0.170153803114783,0.3938633220284162,0.4853600165831664,0.1862633485635566,-0.36458130598674654,0.5338167484131444,0.4381017099592077,0.047571257970694,-0.3378378089248348,0.3507951379264354,0.03166718182190552,0.25508618379997233,0.4509521683451712,-0.02889698539206336,0.296526542689579,0.0916878551826161,0.03621155111562648,0.46131921553936384
-0.06741689697316967,0.011023933629144085,0.116801038619705,-0.019417095972425497,-0.43724671580212,-0.06471573575449914,0.29377283470812293,0.09528438185692424,0.17380066876143202,0.340550915459485,0.12028832501638168,0.31465064675004717,0.31765674372362895,0.17386254900201464,0.007478504200208884,-0.25366824315965847,-0.059600604671571765,-0.14433813655120323,-0.15552003336128278,-0.05118350292212425,0.550308052322293,0.2585829244665956,0.12017847445214068,-0.35585602177385794,0.09271094885479973,0.3517817183803402,-0.22370984692311183,0.4162992965694528,0.28459440336160124,0.1844255787153328,-0.24662899750719045,0.34265569295878867,0.25141256435508136,-0.059090206025075434,-0.17719186136095277,0.29922742412525216,0.08372248520217447,0.1400853888436087,0.3394430819765246,-0.03267015377982286,0.20967496898194327,0.005852989980825527,0.10971573986119755,0.4482792725888362
0.15246930465106476,-0.9793913434181987,0.8165849565400474,0.4172130083610721,-0.8720560795803217,0.1606932976792146,0.3486791154540991,0.3255394867230711,0.340550915459485,1.2301655650571832,-0.21213168077370897,0.02692879554156351,0.08329997199052354,0.5806162781049259,0.043751204986783476,-1.0893381118534995,0.0033509426274685246,0.03403716236082116,-0.7314817713331364,-0.32308147003455756,0.8212863461064981,0.6206347189868082,0.383623325304151,-0.002360046690794889,0.20897919786221866,1.0690921883379527,-0.021237075964346874,0.9073509121747148,1.069697447480837,-0.039620029358027026,-0.883976789868495,1.1920813567459658,1.208720091983628,0.2817880002139802,-0.9545099366518839,1.0292323711995186,0.23108419779268008,1.3193559867772517,0.44023075239446086,0.13746524048456757,1.0841675364593903,0.2359205085897433,-0.2167797293121545,0.3810017989719275
-0.16399307936923768,0.9592164079239084,-0.2513081866154451,-0.16897516255731648,-0.6062998726111791,-0.3086443891751523,1.120196273145219,0.32614488848610607,0.12028832501638168,-0.21213168077370897,1.2314967138667572,1.3789255471398032,0.8156645899358242,0.2152461694386566,0.4000687729459136,0.24977759783592016,-0.6469539206137858,-0.7062653050024497,0.7106303641104594,-0.43189503773148086,1.2154163128096562,-0.2212618658997863,0.20106746300822875,-1.310406268808041,0.14393068783536367,0.41693924691905493,-0.7708490949055606,0.49692868261296547,0.14866223393429448,0.8195580744180532,-0.09880455899036378,0.23688676607577716,-0.19240436298388727,-0.3688783500612008,0.193368218320361,0.01608233742613217,-0.07509950149299864,-0.8625287388251636,1.0213876338370624,-0.2781028834363266,-0.4118902719916186,-0.08183417049733718,0.6173058704665613,1.2868025857786414
-0.6679087819073634,1.6366077472141713,-0.44715077518220175,-0.4562951197482907,-1.5580800273759923,-0.499032427092279,1.7382550808183506,0.37965776799228756,0.31465064675004717,0.02692879554156351,1.3789255471398032,2.112696590060792,1.6573652268288646,0.19662052599935292,0.2933904641726413,-0.0656709726987648,-0.56923537807081,-1.0154388427058545,0.5513979133206643,-0.3194874969602397,2.407464262796921,0.2079091062681339,0.14427023945171205,-2.106972529037968,0.39919613976071494,0.8008460188658492,-1.3904048516627077,1.3130329806842658,0.4489081462767939,1.432483146642729,-0.6222653967222009,0.7211977007477008,-0.021209064516978293,-0.7718938391342505,0.03324082655605935,0.21403555933339224,0.26198124372659076,-0.9674045706392191,1.7411878040998514,-0.32539462436919625,-0.27979703283827645,-0.32791459387555655,1.21757448646444,2.3789888032360174
-0.9322088381283433,1.6657078649857833,-0.45910619645290934,-0.5652408212466276,-1.6067010814452052,-0.4300008393570164,1.3833245189814967,0.1508655876460835,0.31765674372362895,0.08329997199052354,0.8156645899358242,1.6573652268288646,1.689675756972164,-0.07176847649349952,-0.050753557120449606,-0.18131941666353069,-0.17381679182396212,-0.7991190744342714,0.11645235558972862,0.09883657686742814,2.2164697448201482,0.3978919479656163,-0.08497208620688387,-1.8156452991838825,0.3986578695900841,0.6445648209007262,-1.3208319271329856,1.345354132535354,0.2917243004410846,1.2862077782392494,-0.6626129927473456,0.569781244127822,-0.04853935584750635,-0.8395381062368718,0.05286120208534526,0.1526423608857397,0.43664206402908584,-0.775467964162222,1.4784723232903036,-0.2069791129125158,-0.22165980709614377,-0.5349766047127824,1.2713271543394307,2.129444602727537
0.3079426690993782,-0.6465568038299394,0.5106396343376157,0.449196518571238,-0.276711911391691,0.10876260854753719,0.38135311387952175,0.2438341406905997,0.17386254900201464,0.5806162781049259,0.2152461694386566,0.19662052599935292,-0.07176847649349952,0.6520697893627466,0.2865329881852598,-0.5021909002691421,-0.30332438254120137,-0.012488304056687702,-0.10336111055618191,-0.4456406341113194,0.37568014328007054,0.16287566207693216,0.3118485912117124,-0.1370787292425845,0.0711265080664036,0.6766099760405403,0.07198265815339004,0.44604184137884423,0.6077487110826897,0.06086051440957224,-0.4187027647261882,0.7048760023682439,0.6548914426951488,0.30743474412821176,-0.5660808808857772,0.6162791774492791,0.01814419313462887,0.6899646592034849,0.3202616678957943,0.028978778995146223,0.5723430393234963,0.304274543697125,-0.23503107859624192,0.1930170883941134
0.23254523126717014,-0.18022941928361433,0.11947229169721678,0.2017797065413502,-0.02564314231638913,-0.02078069265639887,0.3193406552084326,0.2165759418398985,0.007478504200208884,0.043751204986783476,0.4000687729459136,0.2933904641726413,-0.050753557120449606,0.2865329881852598,0.3081182250143176,-0.02889236059826012,-0.3270217298944512,-0.1294434564133618,0.30871026490703213,-0.38898501132865165,0.15732100030436139,-0.15501207958947721,0.17495828712444608,-0.1634120728118939,0.007943870545019528,0.2521355819305283,-0.002902633834226817,0.07338625654193856,0.23293604596453374,0.10033654665397133,-0.06636590033835818,0.2333412957273581,0.1813251017136331,0.14038510204699842,-0.14359732940120135,0.15560328790181321,-0.10511248319664263,0.036611787135117625,0.23728388401624365,-0.0687520214664257,0.0944897205990743,0.17508589091315999,-0.10264879226967169,0.1796755268209751
0.08726097788804263,0.7049373288460076,-0.7812036000157824,-0.4955486448695739,1.086414410673809,-0.2492623121186032,-0.5442364354448114,-0.3187247752248046,-0.25366824315965847,-1.0893381118534995,0.24977759783592016,-0.0656709726987648,-0.18131941666353069,-0.5021909002691421,-0.02889236059826012,1.2109552671431414,-0.07137816376706298,-0.0576681940510208,0.7045656149573111,0.32215162688658516,-1.0312206313705565,-0.5083822027716476,-0.21684289469412046,0.03366336166402753,-0.3132667674933292,-1.133098255905264,0.1099728297591077,-1.1025574878008495,-1.0976691952320752,-0.18410226491742387,1.1730172366607423,-1.3491409479235121,-1.2516370916627721,-0.1767206219389298,1.097452721045443,-0.9597982489737241,-0.4397348394587334,-1.396838818965465,-0.5957278929688484,-0.22881209893491034,-1.0958024298645135,-0.07361084038246703,-0.046885839536145994,-0.5380807112084962
-0.1526416919457618,-0.09874682521131921,-0.056699034902547345,-0.11412919511802756,0.1349383287817043,0.09392480910976468,-0.5119634847419982,-0.2283344336557382,-0.059600604671571765,0.0033509426274685246,-0.6469539206137858,-0.56923537807081,-0.17381679182396212,-0.30332438254120137,-0.3270217298944512,-0.07137816376706298,0.44305374980890083,0.28237653534981383,-0.39458854912465785,0.38759589231019664,-0.4002509918541868,0.17449742219244568,-0.2056160264121524,0.487237573146,-0.020614316866293284,-0.30242891553297896,0.2007962105572433,-0.1634347677665572,-0.18027014204273228,-0.2647788341206246,0.019991920767243293,-0.19081661052364712,-0.05572870771365317,-0.023389293981210296,0.021751926686907796,-0.13400299583543107,0.13251075236919976,0.2157177931303835,-0.4220896462438083,0.13173813193116693,0.06661481022393019,-0.1180917173411428,-0.06426558964754345,-0.42557567240601196
0.3107756388928526,-0.8284226867262986,0.2475651807801345,0.28138974975507836,0.7039146005220807,0.2715727783987867,-0.7990644956919737,-0.19541581855276532,-0.14433813655120323,0.03403716236082116,-0.7062653050024497,-1.0154388427058545,-0.7991190744342714,-0.012488304056687702,-0.1294434564133618,-0.0576681940510208,0.28237653534981383,0.5294761801115395,-0.30450719753281014,0.13744857353310827,-1.1119169724285205,-0.052574230531215335,-0.08160148974970909,1.01260795143591,-0.1674772722151025,-0.3251563038418587,0.6870750486272869,-0.5459661594653503,-0.15751403041410755,-0.6490218077385289,0.19889595748437927,-0.2407536431285966,0.08669887676239445,0.39711762915777493,-0.1170914659210199,-0.0457651647456297,-0.06972735025042913,0.588258126165546,-0.8096119969361526,0.18465566091082897,0.22581288758425389,0.17377634563947947,-0.5829307367160249,-1.1245216344194005
0.08995137515291872,0.6244259424104207,-0.49856046639099505,-0.19231190490931221,0.35425477949552453,-0.23877367256142612,0.2650597274076828,0.06935833888530935,-0.15552003336128278,-0.7314817713331364,0.7106303641104594,0.5513979133206643,0.11645235558972862,-0.10336111055618191,0.30871026490703213,0.7045656149573111,-0.39458854912465785,-0.30450719753281014,0.8677453959078592,-0.2074555228330838,-0.09107432235219018,-0.4963914087174705,-0.027944338387077303,-0.42195576883623664,-0.09568013129539504,-0.384769425075524,-0.16656842307710487,-0.40095075847779155,-0.41278067703469806,0.25982032387673853,0.5032859264929083,-0.4954849829267637,-0.6225611349168777,-0.13980054540638848,0.5267274416742441,-0.48530659647837693,-0.266436248713224,-1.0032102278483994,0.14936938847028153,-0.2355088242451474,-0.6501791731797948,-0.005858708556004375,0.13119533702435948,0.2385135631881951
-0.3074688437316033,0.45494493985713447,-0.3773800074285401,-0.38405130563327516,0.24469873829060823,-0.0594331500879318,-0.48067765019873343,-0.3688537571695692,-0.05118350292212425,-0.32308147003455756,-0.43189503773148086,-0.3194874969602397,0.09883657686742814,-0.4456406341113194,-0.38898501132865165,0.32215162688658516,0.38759589231019664,0.13744857353310827,-0.2074555228330838,0.5845210384179895,-0.3777615015846506,0.11318073157497445,-0.2966769800878751,0.12851366685294244,-0.07466528883617433,-0.5709181623344379,-0.003550896202994257,-0.28464078816444205,-0.5574967852824823,-0.10330603674281777,0.343305116899415,-0.5989789400255305,-0.5342072516967042,-0.23351562695293876,0.44044314198444545,-0.4133226921890699,0.05722818262015365,-0.40247617498231514,-0.3884582896510168,0.020373813580363432,-0.3727322610475642,-0.24931488995115517,0.1532930838446154,-0.26733963897738605
-1.1100942738729564,1.6341432669541818,0.007473956810144887,-0.28410654532991064,-2.7934481940405638,-0.36992035177406263,2.3732669482332143,0.5819744257883465,0.550308052322293,0.8212863461064981,1.2154163128096562,2.407464262796921,2.2164697448201482,0.37568014328007054,0.15732100030436139,-1.0312206313705565,-0.4002509918541868,-1.1119169724285205,-0.09107432235219018,-0.3777615015846506,3.678017349023784,0.6862392921056266,0.18712926575254998,-2.4681326233608467,0.7472074304413883,1.7227163124440898,-1.8099901604657038,2.450684779037504,1.2538045390720907,1.853703263366828,-1.6928544789642244,1.7919105119634295,0.8441391958538124,-0.9280869138883897,-0.7370976412403581,0.8819325673700991,0.7728369052052919,-0.0990931721248565,2.463984728198275,-0.14523080863289367,0.4327400585382286,-0.5249891726146279,1.6663696432567234,3.2179911037047506
-0.15832468861904483,-0.12470679307784643,0.13703165991434316,-0.10205433612799283,-0.6514890025724613,-0.06969861699674623,0.17259189654625062,0.027841429742745543,0.2585829244665956,0.6206347189868082,-0.2212618658997863,0.2079091062681339,0.3978919479656163,0.16287566207693216,-0.15501207958947721,-0.5083822027716476,0.17449742219244568,-0.052574230531215335,-0.4963914087174705,0.11318073157497445,0.6862392921056266,0.6184821147232981,0.09923285081372978,-0.28522914505079094,0.15105890836700203,0.4177868615102358,-0.22126596131167584,0.6182805447421104,0.4327740863840666,0.1401046977095048,-0.43169255295418996,0.5294366328851782,0.4480385483152675,-0.07933369447500825,-0.335720611561906,0.4594237035683085,0.22363342833550282,0.4267406921299685,0.3107506690681518,0.01665592345653648,0.4734467009198894,0.001522619054143242,0.09175673250936185,0.51860473195075385
0.2869826322624195,-0.4511206314703242,0.29414440748415743,0.166863915860567,-0.1079084053134549,0.006969902707900066,0.1553074192980991,0.21193043291313304,0.12017847445214068,0.383623325304151,0.20106746300822875,0.14427023945171205,-0.08497208620688387,0.3118485912117124,0.17495828712444608,-0.21684289469412046,-0.2056160264121524,-0.08160148974970909,-0.027944338387077303,-0.2966769800878751,0.18712926575254998,0.09923285081372978,0.2917213841324283,-0.06228304304853751,0.011037734141671907,0.34398059208413445,0.031123597893906174,0.12326527641661135,0.3627958139979118,-0.072595237327717,-0.1118519429939337,0.34224085789323966,0.3501609066597522,0.17083577087753024,-0.23734621355064744,0.3530000325150924,-0.10754455320255994,0.28807030289573454,0.14847602537098128,-0.038761184236006815,0.28232403295248143,0.23192696337915547,-0.224209857836351,0.09332802290765908
0.8312098282862967,-1.8544095363649404,0.5020595846078478,0.5442367397482092,1.6139508228134267,0.506441366679951,-1.7167620143764426,-0.2605764860478609,-0.35585602177385794,-0.002360046690794889,-1.310406268808041,-2.106972529037968,-1.8156452991838825,-0.1370787292425845,-0.1634120728118939,0.03366336166402753,0.487237573146,1.01260795143591,-0.42195576883623664,0.12851366685294244,-2.4681326233608467,-0.28522914505079094,-0.06228304304853751,2.2304644982106216,-0.4033973396170577,-0.7589944440960286,1.478037408062526,-1.3878343706982075,-0.31747794999383966,-1.4990288227496873,0.5998622461180825,-0.6190657314171385,0.14548827358784444,0.8767694440989318,-0.13138015396432648,-0.17604884200390286,-0.3275483805601115,1.0601885031925344,-1.7411301535043509,0.3129123358519368,0.37673376371128936,0.4370389476830908,-1.359219862359411,-2.4299767642790457
-0.25568857690682983,0.273076108125933,0.05643472646122037,8.354752896759217e-4,-0.6100825414966871,-0.015349225380780753,0.4654814662667071,0.11668916424894005,0.09271094885479973,0.20897919786221866,0.14393068783536367,0.39919613976071494,0.3986578695900841,0.0711265080664036,0.007943870545019528,-0.3132667674933292,-0.020614316866293284,-0.1674772722151025,-0.09568013129539504,-0.07466528883617433,0.7472074304413883,0.15105890836700203,0.011037734141671907,-0.4033973396170577,0.18043164998244632,0.3886135112124291,-0.3290660314557493,0.5441410885371338,0.312824055111812,0.36581907562448956,-0.45880787526301214,0.4541822137001397,0.25966462061830786,-0.17156900833849542,-0.2528466410102686,0.20924893331727432,0.22270236040011787,0.134765799803389,0.4832100634549098,0.024291684340932884,0.17457771575434508,-0.11838939428617945,0.34829898181792635,0.6101824949167599
-0.17590084989745058,-0.2605582741758187,0.7247635360092577,0.4511506653176537,-1.4633751753927586,0.0885033929853897,1.1808564222050828,0.5057489025246827,0.3517817183803402,1.0690921883379527,0.41693924691905493,0.8008460188658492,0.6445648209007262,0.6766099760405403,0.2521355819305283,-1.133098255905264,-0.30242891553297896,-0.3251563038418587,-0.384769425075524,-0.5709181623344379,1.7227163124440898,0.4177868615102358,0.34398059208413445,-0.7589944440960286,0.3886135112124291,1.475111637628647,-0.5309406269744361,1.4628176194573541,1.2474958116419288,0.6155594161729759,-1.2635219123853076,1.5256442963173285,1.2335924213769853,0.01999204389675066,-1.0299368851584403,1.047567891439816,0.39709860764293453,1.0249333814275974,1.1816023371140072,0.08434449770793337,0.932294796946976,0.04119709445632304,0.3763783415523473,1.2485421073233705
0.733379478589873,-1.3887685387759323,0.35251890902639654,0.43605028466249746,1.2741420916394184,0.32602852537603316,-1.1721424957423503,-0.170153803114783,-0.22370984692311183,-0.021237075964346874,-0.7708490949055606,-1.3904048516627077,-1.3208319271329856,0.07198265815339004,-0.002902633834226817,0.1099728297591077,0.2007962105572433,0.6870750486272869,-0.16656842307710487,-0.003550896202994257,-1.8099901604657038,-0.22126596131167584,0.031123597893906174,1.478037408062526,-0.3290660314557493,-0.5309406269744361,1.0926066890095427,-1.038439528222367,-0.2430444899533447,-1.052588025531558,0.537596533981187,-0.4654765275854088,0.06322905154288093,0.6956613325295886,-0.05715371789233222,-0.08355142362889714,-0.31856402648774873,0.6764517125296573,-1.224456366244889,0.16620347506391714,0.24361825915195698,0.4247918945560646,-1.0665659355192687,-1.718668429400624
-0.72101121335967,0.6343801320067024,0.33078679412189876,0.0841149006998462,-2.01925475295116,-0.08806459027931002,1.542399694031559,0.3938633220284162,0.4162992965694528,0.9073509121747148,0.49692868261296547,1.3130329806842658,1.345354132535354,0.44604184137884423,0.07338625654193856,-1.1025574878008495,-0.1634347677665572,-0.5459661594653503,-0.40095075847779155,-0.28464078816444205,2.450684779037504,0.6182805447421104,0.12326527641661135,-1.3878343706982075,0.5441410885371338,1.4628176194573541,-1.038439528222367,1.9058928842804403,1.135727898511847,1.1337857435710148,-1.4632528246114878,1.547748951056989,1.00344384928747,-0.4215350762655038,-0.8800191325912354,0.8980968224744015,0.6630148674292824,0.5898069078677952,1.6113548007422687,0.03855970275456405,0.7205093625668191,-0.29363787480191733,0.9837393807643747,2.001342517278666
0.03736915133636876,-0.6467038838263773,0.7250021463401203,0.46130636580550477,-1.1466123376460775,0.11847638269293352,0.8064026758797109,0.4853600165831664,0.28459440336160124,1.069697447480837,0.14866223393429448,0.4489081462767939,0.2917243004410846,0.6077487110826897,0.23293604596453374,-1.0976691952320752,-0.18027014204273228,-0.15751403041410755,-0.41278067703469806,-0.5574967852824823,1.2538045390720907,0.4327740863840666,0.3627958139979118,-0.31747794999383966,0.312824055111812,1.2474958116419288,-0.2430444899533447,1.135727898511847,1.208467728186667,0.30246593036413755,-1.105433512863746,1.4046851138395346,1.251424940062256,0.1750900803114863,-1.0335512482050038,0.991357320504227,0.3067748741063739,1.162849867799086,0.8340596637286034,0.10477747655428624,1.0253703297519199,0.17124945283554463,0.054792618490718384,0.8351075365979608
-0.7367802827307249,1.391294172448367,-0.3212448334521093,-0.2758804290333619,-1.2942679053660238,-0.25857445871525475,1.3136909701142125,0.1862633485635566,0.1844255787153328,-0.039620029358027026,0.8195580744180532,1.432483146642729,1.2862077782392494,0.06086051440957224,0.10033654665397133,-0.18410226491742387,-0.2647788341206246,-0.6490218077385289,0.25982032387673853,-0.10330603674281777,1.853703263366828,0.1401046977095048,-0.072595237327717,-1.4990288227496873,0.36581907562448956,0.6155594161729759,-1.052588025531558,1.1337857435710148,0.30246593036413755,1.1735379609339898,-0.6871858314710141,0.6091551944395541,0.011571947382104581,-0.6465184865269744,-0.08703567634651031,0.11479694490424593,0.4002811051162516,-0.557989983492954,1.3059196406859814,-0.12450562646598595,-0.17222708024534625,-0.4033052317055177,1.1039355139949143,1.7625503714581028
0.4483703367420296,-0.02143084867911441,-0.5572870823354158,-0.3627469680772221,1.5215005607583252,-0.16244947353990058,-1.0591560440449224,-0.36458130598674654,-0.24662899750719045,-0.883976789868495,-0.09880455899036378,-0.6222653967222009,-0.6626129927473456,-0.4187027647261882,-0.06636590033835818,1.1730172366607423,0.019991920767243293,0.19889595748437927,0.5032859264929083,0.343305116899415,-1.6928544789642244,-0.43169255295418996,-0.1118519429939337,0.5998622461180825,-0.45880787526301214,-1.2635219123853076,0.537596533981187,-1.4632528246114878,-1.105433512863746,-0.6871858314710141,1.4119577769601288,-1.4808498614474175,-1.1219908721836713,0.13496855664016935,1.0466200846705038,-0.8431066575779032,-0.6081667362209859,-1.0441619323054323,-1.0836452757961228,-0.19473630743918177,-0.8848898817156374,0.14453606791707874,-0.5840566252131387,-1.1976856414031576
-0.171998650588286,-0.41366802800527497,0.7807800093212759,0.5123030038131521,-1.575961741686584,0.15341165845390237,1.161927071064398,0.5338167484131444,0.34265569295878867,1.1920813567459658,0.23688676607577716,0.7211977007477008,0.569781244127822,0.7048760023682439,0.2333412957273581,-1.3491409479235121,-0.19081661052364712,-0.2407536431285966,-0.4954849829267637,-0.5989789400255305,1.7919105119634295,0.5294366328851782,0.34224085789323966,-0.6190657314171385,0.4541822137001397,1.5256442963173285,-0.4654765275854088,1.547748951056989,1.4046851138395346,0.6091551944395541,-1.4808498614474175,1.7595326896060541,1.425781299029422,0.04535618199486612,-1.2555909180580893,1.1450202494154968,0.5126316129466428,1.2976364561234,1.1792563800684543,0.15081572248845854,1.1551123567960055,0.0733714643646124,0.33255768265946095,1.2526125240448607
0.1804676567572035,-1.1233056517479956,0.9399630940176874,0.6520229276194374,-0.9439397232118013,0.2643544655025078,0.5002779034728544,0.4381017099592077,0.25141256435508136,1.208720091983628,-0.19240436298388727,-0.021209064516978293,-0.04853935584750635,0.6548914426951488,0.1813251017136331,-1.2516370916627721,-0.05572870771365317,0.08669887676239445,-0.6225611349168777,-0.5342072516967042,0.8441391958538124,0.4480385483152675,0.3501609066597522,0.14548827358784444,0.25966462061830786,1.2335924213769853,0.06322905154288093,1.00344384928747,1.251424940062256,0.011571947382104581,-1.1219908721836713,1.425781299029422,1.4351800884821015,0.38807197538055593,-1.1982800474970445,1.088674470647172,0.30943670830538245,1.578648451347753,0.5274081849894731,0.20544102882925208,1.248681434688743,0.2515416955414139,-0.22894595671326776,0.36978341764697187
0.5993915440442843,-1.196160646458707,0.47097627646444346,0.4701196538261497,0.616627974084227,0.2308514452946323,-0.5382469863959355,0.047571257970694,-0.059090206025075434,0.2817880002139802,-0.3688783500612008,-0.7718938391342505,-0.8395381062368718,0.30743474412821176,0.14038510204699842,-0.1767206219389298,-0.023389293981210296,0.39711762915777493,-0.13980054540638848,-0.23351562695293876,-0.9280869138883897,-0.07933369447500825,0.17083577087753024,0.8767694440989318,-0.17156900833849542,0.01999204389675066,0.6956613325295886,-0.4215350762655038,0.1750900803114863,-0.6465184865269744,0.13496855664016935,0.04535618199486612,0.38807197538055593,0.5872411853847249,-0.3010462949134175,0.24491399035149916,-0.206635680408071,0.7472602676014731,-0.586416601923198,0.10520344759194808,0.43488918885555644,0.3906360758023466,-0.7813372040290113,-0.9560120697993754
-0.08586154891958915,0.8616734290237886,-0.7919857696197814,-0.6090542443233395,0.8121692148355392,-0.28827332667840244,-0.46356708522430445,-0.3378378089248348,-0.17719186136095277,-0.9545099366518839,0.193368218320361,0.03324082655605935,0.05286120208534526,-0.5660808808857772,-0.14359732940120135,1.097452721045443,0.021751926686907796,-0.1170914659210199,0.5267274416742441,0.44044314198444545,-0.7370976412403581,-0.335720611561906,-0.23734621355064744,-0.13138015396432648,-0.2528466410102686,-1.0299368851584403,-0.05715371789233222,-0.8800191325912354,-1.0335512482050038,-0.08703567634651031,1.0466200846705038,-1.2555909180580893,-1.1982800474970445,-0.3010462949134175,1.078666536730789,-0.8854817336475637,-0.34331292317267753,-1.384091569403301,-0.4598119494452209,-0.22493515642831807,-1.0535382591803508,-0.17359824670304688,0.11405516973033988,-0.3034461439256113
0.140058446739387,-0.7741980551778599,0.7209439490174948,0.4410010916878021,-0.845995404656059,0.13122631483822372,0.5247764093671797,0.3507951379264354,0.29922742412525216,1.0292323711995186,0.01608233742613217,0.21403555933339224,0.1526423608857397,0.6162791774492791,0.15560328790181321,-0.9597982489737241,-0.13400299583543107,-0.0457651647456297,-0.48530659647837693,-0.4133226921890699,0.8819325673700991,0.4594237035683085,0.3530000325150924,-0.17604884200390286,0.20924893331727432,1.047567891439816,-0.08355142362889714,0.8980968224744015,0.991357320504227,0.11479694490424593,-0.8431066575779032,1.1450202494154968,1.088674470647172,0.24491399035149916,-0.8854817336475637,0.9448121040428611,0.21684529131188646,1.1058381341367456,0.5569411885608536,0.09427915125615942,0.9438254185879668,0.2147227749265283,-0.13041385852179344,0.5122769490606054
-0.40892318889723894,0.32638380050326754,0.06778594939435098,0.02205837677292686,-0.710978370227584,0.050120646904902436,0.4220222086971135,0.03166718182190552,0.08372248520217447,0.23108419779268008,-0.07509950149299864,0.26198124372659076,0.43664206402908584,0.01814419313462887,-0.10511248319664263,-0.4397348394587334,0.13251075236919976,-0.06972735025042913,-0.266436248713224,0.05722818262015365,0.7728369052052919,0.22363342833550282,-0.10754455320255994,-0.3275483805601115,0.22270236040011787,0.39709860764293453,-0.31856402648774873,0.6630148674292824,0.3067748741063739,0.4002811051162516,-0.6081667362209859,0.5126316129466428,0.30943670830538245,-0.206635680408071,-0.34331292317267753,0.21684529131188646,0.3700255571515123,0.2948618622166073,0.455683198311528,0.10400526072569116,0.2533061878016267,-0.212281445067229,0.4381634065810887,0.5889274624485914
0.42700088019711596,-1.891978488619091,1.253977229955306,0.9654778079136256,-0.3636271593039127,0.5701965829001279,-0.1948353651505683,0.25508618379997233,0.1400853888436087,1.3193559867772517,-0.8625287388251636,-0.9674045706392191,-0.775467964162222,0.6899646592034849,0.036611787135117625,-1.396838818965465,0.2157177931303835,0.588258126165546,-1.0032102278483994,-0.40247617498231514,-0.0990931721248565,0.4267406921299685,0.28807030289573454,1.0601885031925344,0.134765799803389,1.0249333814275974,0.6764517125296573,0.5898069078677952,1.162849867799086,-0.557989983492954,-1.0441619323054323,1.2976364561234,1.578648451347753,0.7472602676014731,-1.384091569403301,1.1058381341367456,0.2948618622166073,2.2387145857288777,-0.18104341876867958,0.4194565461700775,1.5050486108846748,0.40342886816921614,-0.7083091723926123,-0.6537883175318481
-0.6794804419824259,1.1330401563075927,-0.014405483918106261,-0.13054173327034943,-1.8140999627217804,-0.2723550079529285,1.7188407004822084,0.4509521683451712,0.3394430819765246,0.44023075239446086,1.0213876338370624,1.7411878040998514,1.4784723232903036,0.3202616678957943,0.23728388401624365,-0.5957278929688484,-0.4220896462438083,-0.8096119969361526,0.14936938847028153,-0.3884582896510168,2.463984728198275,0.3107506690681518,0.14847602537098128,-1.7411301535043509,0.4832100634549098,1.1816023371140072,-1.224456366244889,1.6113548007422687,0.8340596637286034,1.3059196406859814,-1.0836452757961228,1.1792563800684543,0.5274081849894731,-0.586416601923198,-0.4598119494452209,0.5569411885608536,0.455683198311528,-0.18104341876867958,1.7316745565267408,-0.13867204630564653,0.21588662491380461,-0.3183660577841384,1.115045426317662,2.2084688754145168
-0.005559507466088507,-0.2633072122104605,0.2064198630885841,0.18374666475931511,0.009870087576651945,0.17047405075224437,-0.1322497573469988,-0.02889698539206336,-0.03267015377982286,0.13746524048456757,-0.2781028834363266,-0.32539462436919625,-0.2069791129125158,0.028978778995146223,-0.0687520214664257,-0.22881209893491034,0.13173813193116693,0.18465566091082897,-0.2355088242451474,0.020373813580363432,-0.14523080863289367,0.01665592345653648,-0.038761184236006815,0.3129123358519368,0.024291684340932884,0.08434449770793337,0.16620347506391714,0.03855970275456405,0.10477747655428624,-0.12450562646598595,-0.19473630743918177,0.15081572248845854,0.20544102882925208,0.10520344759194808,-0.22493515642831807,0.09427915125615942,0.10400526072569116,0.4194565461700775,-0.13867204630564653,0.13530450846847666,0.20770219819456684,0.0062911772792450535,-0.06765105531536275,-0.26083016003882786
0.2501567464938697,-1.2084787733306883,0.8279934993633954,0.5810287478794691,-0.6286221966540989,0.26217038656716696,0.16972949302559612,0.296526542689579,0.20967496898194327,1.0841675364593903,-0.4118902719916186,-0.27979703283827645,-0.22165980709614377,0.5723430393234963,0.0944897205990743,-1.0958024298645135,0.06661481022393019,0.22581288758425389,-0.6501791731797948,-0.3727322610475642,0.4327400585382286,0.4734467009198894,0.28232403295248143,0.37673376371128936,0.17457771575434508,0.932294796946976,0.24361825915195698,0.7205093625668191,1.0253703297519199,-0.17222708024534625,-0.8848898817156374,1.1551123567960055,1.248681434688743,0.43488918885555644,-1.0535382591803508,0.9438254185879668,0.2533061878016267,1.5050486108846748,0.21588662491380461,0.20770219819456684,1.1686426510477719,0.2822161038399301,-0.3941279208133034,0.04300217426672088
0.509418258259182,-0.820470296092548,0.28582447202392086,0.2732245985501707,0.4224899201260564,0.09145250271004704,-0.2851936398399973,0.0916878551826161,0.005852989980825527,0.2359205085897433,-0.08183417049733718,-0.32791459387555655,-0.5349766047127824,0.304274543697125,0.17508589091315999,-0.07361084038246703,-0.1180917173411428,0.17377634563947947,-0.005858708556004375,-0.24931488995115517,-0.5249891726146279,0.001522619054143242,0.23192696337915547,0.4370389476830908,-0.11838939428617945,0.04119709445632304,0.4247918945560646,-0.29363787480191733,0.17124945283554463,-0.4033052317055177,0.14453606791707874,0.0733714643646124,0.2515416955414139,0.3906360758023466,-0.17359824670304688,0.2147227749265283,-0.212281445067229,0.40342886816921614,-0.3183660577841384,0.0062911772792450535,0.2822161038399301,0.36682739634473427,-0.5637849393440739,-0.5113049575045394
-0.9352614253685851,1.6465714631872606,-0.4436360608377997,-0.42428887295082374,-1.1860478599658946,-0.22299379929674318,1.0923363251064817,0.03621155111562648,0.10971573986119755,-0.2167797293121545,0.6173058704665613,1.21757448646444,1.2713271543394307,-0.23503107859624192,-0.10264879226967169,-0.046885839536145994,-0.06426558964754345,-0.5829307367160249,0.13119533702435948,0.1532930838446154,1.6663696432567234,0.09175673250936185,-0.224209857836351,-1.359219862359411,0.34829898181792635,0.3763783415523473,-1.0665659355192687,0.9837393807643747,0.054792618490718384,1.1039355139949143,-0.5840566252131387,0.33255768265946095,-0.22894595671326776,-0.7813372040290113,0.11405516973033988,-0.13041385852179344,0.4381634065810887,-0.7083091723926123,1.115045426317662,-0.06765105531536275,-0.3941279208133034,-0.5637849393440739,1.2633734115072162,1.5764990046492475
-1.0279701731680613,1.8441336061112164,-0.3537148656656231,-0.49036096647700506,-2.33352461587054,-0.5086027932622508,2.131123385450485,0.46131921553936384,0.4482792725888362,0.3810017989719275,1.2868025857786414,2.3789888032360174,2.129444602727537,0.1930170883941134,0.1796755268209751,-0.5380807112084962,-0.42557567240601196,-1.1245216344194005,0.2385135631881951,-0.26733963897738605,3.2179911037047506,0.51860473195075385,0.09332802290765908,-2.4299767642790457,0.6101824949167599,1.2485421073233705,-1.718668429400624,2.001342517278666,0.8351075365979608,1.7625503714581028,-1.1976856414031576,1.2526125240448607,0.36978341764697187,-0.9560120697993754,-0.3034461439256113,0.5122769490606054,0.5889274624485914,-0.6537883175318481,2.2084688754145168,-0.26083016003882786,0.04300217426672088,-0.5113049575045394,1.5764990046492475,3.019974533111947
