V1,V2,V3,V4,V5,V6,V7,V8,V9,V10,V11,V12,V13,V14,V15,V16,V17,V18,V19,V20,V21,V22,V23,V24,V25,V26,V27,V28,V29,V30,V31,V32,V33,V34,V35,V36,V37,V38,V39,V40,V41,V42,V43,V44
5.33885462996351,0.1532939762209698,1.748357083116069,0.9313506495549373,3.2375668170790823,4.517691159082447,2.2954462515636065,0.09846263714000143,0.7277683857138197,0.5398480502940488,1.9902362943415193,-1.0866655641042644,1.4583917217536935,3.1473297525854935,-2.0473552825259986,-2.13168999951951,0.7652998998440049,-0.9081018177830168,-0.878897370975697,-0.3026985002343916,1.2918348161833457,-2.4669242538978766,2.1713739545987396,-3.946695979198741,0.09772324817543125,-1.2527395986726135,0.1809198698894824,-3.998451226187468,-2.0041142864584067,2.236545804023207,1.5637104503218686,-0.2604271428273606,-4.461169444176522,-3.2653199833096247,-2.9355888434581128,3.16134878785682,2.291095337947973,-0.6956938110204537,1.1852364643639006,-4.322669441418334,-0.8887353458953919,-0.7223695022749007,-4.334808625602283,-0.8581520067816127
0.1532939762209698,0.9871990197280281,2.022010970828173,1.8621666704534372,-0.6887668340821891,1.018733785655814,0.7033352679559216,-0.7290504052020431,1.3073324181170747,-0.5555341831202569,1.1763730988779992,1.0435206686573035,0.1937442424371654,2.7476184459271376,0.020799821911264584,-0.7612207419012897,-1.3391661486694824,0.9857446939219857,0.36097217699468764,0.5943558277714897,1.3268201457711315,0.1316405061187134,0.5269560130153363,-1.7808196698221161,0.1771477755096957,-1.531595887562559,0.17689803881564528,-0.57264517359136,-2.734226197549049,1.577335888733825,-0.40377540177045557,1.5008955957573853,-0.8571614968443875,-0.4321672971952494,-1.530359746311541,1.5208767067840645,0.6509521323202664,-0.5194980759671238,-0.20817762125497014,1.4709784374973025,0.23648316763613939,-0.47681425759187906,-0.9035442049052157,-0.8057659259906973
1.748357083116069,2.022010970828173,4.568357893588176,4.022754876586563,-0.5226941430011803,3.268010524647731,2.0434752409376498,-1.4431596976406122,2.841517489443929,-0.9735699353996308,2.9277463038524485,1.8287832817292962,0.7730828444467468,6.416186894587066,-0.4925023335257553,-2.1083267011527598,-2.5232857208329933,1.746991178162795,0.5045988562957797,1.1033596666247805,3.026718202763036,-0.3976448356999313,1.657045920871169,-4.663599022983122,0.3858923535134452,-3.4269474864680687,0.4124845215677834,-2.2333925063047837,-6.06077473315448,3.784654255855792,-0.3964059897793864,2.9755941352181647,-2.921081799272826,-1.7372373636900889,-3.88216345081487,3.925759206121179,1.918281635171667,-1.2397375353762425,-0.10255229681415544,1.8206306005813728,0.24190195427510797,-1.147422463123064,-2.99736545400374,-1.8609065449488988
0.9313506495549373,1.8621666704534372,4.022754876586563,3.6437446491274454,-0.921176520823816,2.448587270255194,1.6225177009286136,-1.3575745839553632,2.5499953092970222,-0.9984109810698275,2.4599842161263736,1.8271818967338371,0.5690820302295514,5.564369597822135,-0.1910073655624855,-1.6895138233949611,-2.449163363787462,1.75132665681618,0.6053543175392605,1.0774119619852867,2.642197455819545,-0.0736089659415595,1.2282723714618382,-3.8317621811532185,0.3350905526709139,-3.0188850108765126,0.36259911722994076,-1.5376538407294567,-5.397931611809733,3.2492982582857657,-0.561637409167455,2.782090611371917,-2.1373835826443126,-1.1825692638732175,-3.2369181864664665,3.258456245725484,1.5055751048664296,-1.0631930419638285,-0.23342252102446162,2.2397934877396843,0.3513873891626189,-1.0047678018957513,-2.248182532934812,-1.6121976314396362
3.2375668170790823,-0.6887668340821891,-0.5226941430011803,-0.921176520823816,2.599263056493676,2.0316218090872127,0.8657288147009307,0.6465283555046221,-0.5907387787912629,0.7969156863703031,0.3097273792797566,-1.511542527729375,0.7379829602949542,-0.22717353654266986,-1.3105587269317713,-0.7293232493052181,1.562613410111055,-1.3642049317094171,-0.8593758154367177,-0.667767338925553,-0.24441281063826764,-1.6400990357223528,0.9638041623321083,-1.0511478127391778,-0.0741587104258911,0.4303521922435955,-0.03199435881098675,-2.071080019992952,0.9390754874944033,0.1338424504977841,1.3000594011058666,-1.3557792579073877,-2.1249455855417003,-1.7195936866222925,-0.6175598047712293,0.7602909665753667,0.9130086182537726,-0.01941009980972431,0.9015466589100323,-3.8889320578200985,-0.7564294877473676,-0.05402987049369722,-1.9862426629165768,0.09991533079353648
4.517691159082447,1.018733785655814,3.268010524647731,2.448587270255194,2.0316218090872127,4.6370070682038405,2.5238447131550177,-0.5855097399232735,1.7840284145478842,-0.05663838892299551,2.6995789304623896,0.05107010978252234,1.3792275179785822,5.076451665062992,-1.6620982091533156,-2.4399683226009334,-0.5846925970766422,0.1454994474843899,-0.393595511813968,0.2912412866010595,2.2636334881697264,-1.9076570995849722,2.2526786558314256,-4.863648066274453,0.24134476858951884,-2.4120448568616197,0.31103068936963446,-3.798090466426128,-4.122800097152162,3.2681432290135057,0.9189938894532331,1.1430950990332986,-4.4407417536161375,-3.073791613064266,-3.8007524368847876,3.970206016179666,2.469398003953101,-1.045012532728598,0.7851039673284993,-2.22033580964826,-0.5148067567670157,-1.0298359488996296,-4.380992216851277,-1.4338769898545225
2.2954462515636065,0.7033352679559216,2.0434752409376498,1.6225177009286136,0.8657288147009307,2.5238447131550177,1.4363785772164634,-0.4439154547819132,1.1590525509279586,-0.16209629201758755,1.5783551317449056,0.20602052071163335,0.7853356752094883,3.1007168423318743,-0.8297311499761744,-1.3846106667785412,-0.5649197687404865,0.2735205720319411,-0.10243341126375641,0.2717207238453783,1.3879556193360614,-0.9680414736650879,1.1933914737235223,-2.8085707324906934,0.14658522263109344,-1.5021377230477526,0.19791361878947367,-1.9957530701987258,-2.6342012769919716,1.975237836823588,0.3970484778055812,0.8475066366701705,-2.39804586215368,-1.6137171857392019,-2.220080916861972,2.317502793927088,1.390270573301683,-0.6344874580494461,0.3753088434114563,-0.8502697058891207,-0.19890679155550223,-0.654915136702687,-2.4122116342277446,-0.8678543114269874
0.09846263714000143,-0.7290504052020431,-1.4431596976406122,-1.3575745839553632,0.6465283555046221,-0.5855097399232735,-0.4439154547819132,0.5554154396419416,-0.9517130026850534,0.43790623464636336,-0.7969230486554427,-0.8152644036076406,-0.10370524967982273,-1.9356885499488194,-0.09612463159462989,0.4875238059985864,1.0331156808473427,-0.7711414672636999,-0.30747663096022254,-0.4566116233523786,-0.9378767058072089,-0.18651427376374363,-0.29503345994521174,1.1870161319440522,-0.12854271303446516,1.0897490149466025,-0.12946810466852993,0.26400932754791895,1.9695038787841943,-1.0970931982403607,0.3586971450915002,-1.1267540941042584,0.46585591161794315,0.19153693626022766,1.032918879859807,-1.0155986648382116,-0.39923417076104456,0.36634536050210104,0.19755871531676733,-1.2600099717145765,-0.21455053507394778,0.33967407919081427,0.5148007538818559,0.5648072422386926
0.7277683857138197,1.3073324181170747,2.841517489443929,2.5499953092970222,-0.5907387787912629,1.7840284145478842,1.1590525509279586,-0.9517130026850534,1.798237049176272,-0.6774366259030761,1.750588148154021,1.2693386911754865,0.4001917989439038,3.9403406614885124,-0.16573266596059322,-1.2118287799014025,-1.7014736144978675,1.2074865373295847,0.39640271242646585,0.7437006041805575,1.8717210766614836,-0.07489319836494433,0.9057034320854921,-2.741193257946659,0.24391012710534055,-2.135561018153231,0.2561383732707093,-1.1451494444144144,-3.798978157477377,2.298570654947072,-0.3756090056470212,1.9552473642295973,-1.5625270015597195,-0.8813280405956745,-2.3073406503465543,2.317689353912182,1.0767085873616733,-0.7576747877414547,-0.15565678851768355,1.5118644906427539,0.2269870316146895,-0.6991822644831996,-1.6240632674027256,-1.1450682317774443
0.5398480502940488,-0.5555341831202569,-0.9735699353996308,-0.9984109810698275,0.7969156863703031,-0.05663838892299551,-0.16209629201758755,0.43790623464636336,-0.6774366259030761,0.409732906393036,-0.44661562251393433,-0.7179570428987426,0.01664887311802912,-1.2354511489002362,-0.2549258004958335,0.1984622311385944,0.8743407566179943,-0.6883951647131868,-0.3375093916940635,-0.391621997367097,-0.6136420473201467,-0.33936865125505417,-0.018575873221512895,0.5803706895132614,-0.08046164158580116,0.7365326116612207,-0.08520407667445754,-0.1578035803236909,1.3765866616131872,-0.6747278716952847,0.40757211230637574,-0.8841189193860118,-0.026607504734774107,-0.1439357658947333,0.553064010548326,-0.5326947305395717,-0.1286022467896966,0.22207205837410932,0.24254650718816992,-1.3470782367480287,-0.2537073209362139,0.22636937189879497,0.042743017576774116,0.3602572574222107
1.9902362943415193,1.1763730988779992,2.9277463038524485,2.4599842161263736,0.3097273792797566,2.6995789304623896,1.5783551317449056,-0.7969230486554427,1.750588148154021,-0.44661562251393433,2.052597856868891,0.8583496923121561,0.6842900021093027,4.239430881732593,-0.650524996743365,-1.5882253531447634,-1.299615928316456,0.8257269870216586,0.1285761547525157,0.5665728858878165,1.9687824288553668,-0.6701189040295252,1.3648413100857648,-3.381453576963903,0.23686492324185143,-2.1854612679411134,0.26645345595147846,-2.020891548862175,-3.8114701159691027,2.561662977475128,0.0581553991388745,1.6558630688338232,-2.487285371961533,-1.5956798645167476,-2.753757598416461,2.8129182445272076,1.5037426855758689,-0.82874413586283,0.1542038424898232,0.2493318920432661,-0.02921130904762586,-0.7649158859986779,-2.5000550326463737,-1.2252709493003693
-1.0866655641042644,1.0435206686573035,1.8287832817292962,1.8271818967338371,-1.511542527729375,0.05107010978252234,0.20602052071163335,-0.8152644036076406,1.2693386911754865,-0.7179570428987426,0.8583496923121561,1.457391839389943,-0.20308409969098568,2.30055682907631,0.529270427729737,-0.320497213275937,-1.6813155456158453,1.3006044415380296,0.59987577839311,0.7029363000044069,1.169822681624229,0.7688010603322585,0.122945621761209,-1.01488761107957,0.1810972479028348,-1.4033909724508038,0.15123293778331212,0.29013828638442185,-2.5192011010588926,1.1854544596510792,-0.834373245060323,1.7589264373606972,0.12381010136589309,0.2984654956633251,-0.9847069127180622,0.9108159622170499,0.13872487268307554,-0.40127075499255843,-0.5354017417115893,2.6940548148913055,0.46367209348029237,-0.2947342054826131,0.06005983668022265,-0.7008449777734147
1.4583917217536935,0.1937442424371654,0.7730828444467468,0.5690820302295514,0.7379829602949542,1.3792275179785822,0.7853356752094883,-0.10370524967982273,0.4001917989439038,0.01664887311802912,0.6842900021093027,-0.20308409969098568,0.5510620036169799,1.2702112446063216,-0.5667795067634893,-0.713911464451043,0.0168198866426714,-0.08849528058019962,-0.14651009302232548,0.04186862214443576,0.5316880658352763,-0.7216855726305033,0.5693940474371038,-1.3746685639847778,0.0324538488879765,-0.5463334411380595,0.08533376586864347,-1.1182112221978844,-1.0037891119776297,0.8950652379593295,0.3959556656000407,0.09238719742180285,-1.3502890873751605,-0.937268623196192,-1.0485106007208465,1.1259806413854403,0.774714114403899,-0.27987923790567304,0.33641780477302885,-1.0188425584492349,-0.18263715203468872,-0.3692561352271511,-1.3786368142039431,-0.3288479501422254
3.1473297525854935,2.7476184459271376,6.416186894587066,5.564369597822135,-0.22717353654266986,5.076451665062992,3.1007168423318743,-1.9356885499488194,3.9403406614885124,-1.2354511489002362,4.239430881732593,2.30055682907631,1.2702112446063216,9.121092037013181,-0.9664350728057598,-3.1590285526438024,-3.288750370105253,2.2208228751889294,0.5543172085158335,1.4445492926166537,4.269907474083508,-0.9074130959918245,2.5452483939233264,-6.879512610236468,0.5329303224295981,-4.801765961458022,0.5857223260885409,-3.597116054748199,-8.47168845797913,5.439766100595412,-0.2990017896094283,3.967541042346714,-4.599931326610503,-2.823975543785265,-5.67276425069266,5.763342187670046,2.928315960472467,-1.7767361974155715,0.040756369020801285,1.8068056643724812,0.19750862549273376,-1.6613554869531928,-4.690297468536522,-2.6330929037550717
-2.0473552825259986,0.020799821911264584,-0.4925023335257553,-0.1910073655624855,-1.3105587269317713,-1.6620982091533156,-0.8297311499761744,-0.09612463159462989,-0.16573266596059322,-0.2549258004958335,-0.650524996743365,0.529270427729737,-0.5667795067634893,-0.9664350728057598,0.807924027724132,0.7641184414644099,-0.4277973037220563,0.43861442162699216,0.3813364894164402,0.1590861453981342,-0.3809777865388959,0.97243238398318,-0.7798281542073227,1.3740574232205698,-0.023328833461057616,0.3503369143534726,-0.05301465310494276,1.493244922949398,0.5406152319630633,-0.7316397435471766,-0.6438236838989428,0.2440350577426193,1.6586097900794325,1.2325361843698344,1.0014013414283958,-1.0912950163769695,-0.8423956909227609,0.22596117899910184,-0.48121663512108037,1.8157245127351902,0.3658734860181403,0.2549703710596208,1.6015174812077988,0.25677628018673704
-2.13168999951951,-0.7612207419012897,-2.1083267011527598,-1.6895138233949611,-0.7293232493052181,-2.4399683226009334,-1.3846106667785412,0.4875238059985864,-1.2118287799014025,0.1984622311385944,-1.5882253531447634,-0.320497213275937,-0.713911464451043,-3.1590285526438024,0.7641184414644099,1.3571768872705665,0.6674994007571735,-0.3605298516869875,0.0708072176949027,-0.3123615722091646,-1.432723579237419,0.854739639955566,-1.1832328316348633,2.7763702558686894,-0.16227078436692105,1.5643234238182449,-0.19828954690813833,1.9172306816758722,2.721131433351484,-1.9823682921887937,-0.31035284418301123,-0.9647024138642039,2.3050445390782484,1.5424881853569168,2.209157163367033,-2.293149980393367,-1.3428942110926876,0.6391253249888,-0.30911277363502526,0.6006179576173628,0.16434252084423348,0.6326315265879678,2.3028126978349968,0.8959186664149922
0.7652998998440049,-1.3391661486694824,-2.5232857208329933,-2.449163363787462,1.562613410111055,-0.5846925970766422,-0.5649197687404865,1.0331156808473427,-1.7014736144978675,0.8743407566179943,-1.299615928316456,-1.6813155456158453,0.0168198866426714,-3.288750370105253,-0.4277973037220563,0.6674994007571735,2.045764463955407,-1.548292816270419,-0.6809892201144137,-0.8671497540970242,-1.618371123819847,-0.6419578775554503,-0.35213461402985907,1.7661226089163375,-0.2319107379323138,1.9104445872321418,-0.22098050210150186,0.0664967177689905,3.4558170921988567,-1.7905066961395069,0.8563528668861643,-2.1685036118121492,0.3625915347552092,-0.014578152148381748,1.600860387549317,-1.5495032133672018,-0.4709043457643011,0.6016346010021114,0.513691237606479,-2.875399510582258,-0.4987382753380023,0.5167449846070813,0.4684683512709268,0.9733586055314344
-0.9081018177830168,0.9857446939219857,1.746991178162795,1.75132665681618,-1.3642049317094171,0.1454994474843899,0.2735205720319411,-0.7711414672636999,1.2074865373295847,-0.6883951647131868,0.8257269870216586,1.3006044415380296,-0.08849528058019962,2.2208228751889294,0.43861442162699216,-0.3605298516869875,-1.548292816270419,1.2059139333850628,0.5615133588612378,0.6739994825842212,1.1129445377223521,0.6266728946037172,0.10808079629686443,-1.0523782961426609,0.16008727081079466,-1.332233252771899,0.1488734685824158,0.21231763024862474,-2.431541606410991,1.1872455408704004,-0.7299919507845432,1.6051222102041784,0.010185405284957347,0.21429759837360163,-0.9967176497528566,0.9460424262766859,0.2155196001700232,-0.39632090172784556,-0.4488997709054534,2.390345341841156,0.42702450935916436,-0.3504299667801923,-0.07445561813054401,-0.6618324605859832
-0.878897370975697,0.36097217699468764,0.5045988562957797,0.6053543175392605,-0.8593758154367177,-0.393595511813968,-0.10243341126375641,-0.30747663096022254,0.39640271242646585,-0.3375093916940635,0.1285761547525157,0.59987577839311,-0.14651009302232548,0.5543172085158335,0.3813364894164402,0.0708072176949027,-0.6809892201144137,0.5615133588612378,0.3359145159556038,0.29747316474702334,0.29776246335029816,0.4619312328505036,-0.2019494982138626,-0.02566932457570651,0.03853195834645073,-0.37976803408589904,0.043125479966912274,0.49784934064172953,-0.7539701225938044,0.25465243304309093,-0.42635393515540404,0.626297776160777,0.44801600992905144,0.4179029245778917,-0.10477785399135005,0.06624137031604077,-0.13297151467210264,-0.08368912481450078,-0.27389761925717243,1.3353100096573023,0.2646314105410776,-0.08906253372467422,0.3758657535966851,-0.16598099651120007
-0.3026985002343916,0.5943558277714897,1.1033596666247805,1.0774119619852867,-0.667767338925553,0.2912412866010595,0.2717207238453783,-0.4566116233523786,0.7437006041805575,-0.391621997367097,0.5665728858878165,0.7029363000044069,0.04186862214443576,1.4445492926166537,0.1590861453981342,-0.3123615722091646,-0.8671497540970242,0.6739994825842212,0.29747316474702334,0.4006212725757791,0.7133091492822454,0.24786651359235212,0.1369652348474458,-0.8040045276996874,0.09281143457524609,-0.8386299290403715,0.09502696578295101,-0.04168015476017043,-1.5339822945163093,0.8122306958682425,-0.35534378641754066,0.916919843177002,-0.20061016423826822,-0.023359210930071463,-0.7242815559682514,0.7038682212422094,0.24539549427747756,-0.2645016011324811,-0.20227194245433855,1.2011126408826034,0.21584154621364005,-0.262980635683086,-0.24819342477985842,-0.4240417872177978
1.2918348161833457,1.3268201457711315,3.026718202763036,2.642197455819545,-0.24441281063826764,2.2636334881697264,1.3879556193360614,-0.9378767058072089,1.8717210766614836,-0.6136420473201467,1.9687824288553668,1.169822681624229,0.5316880658352763,4.269907474083508,-0.3809777865388959,-1.432723579237419,-1.618371123819847,1.1129445377223521,0.29776246335029816,0.7133091492822454,2.0160952573548263,-0.31771346095243586,1.1524258608336948,-3.150317490968625,0.2557723277313878,-2.2747305984443087,0.2709361044536519,-1.5760366022298091,-4.004191169159825,2.5274430679314865,-0.2190517314305575,1.9374641228667442,-2.0343336696875975,-1.2333748008334293,-2.6141190874972713,2.642014940797767,1.3117423964694475,-0.8248875780666596,-0.03973094292644345,1.0719751347470485,0.12892257102355234,-0.7576963142612082,-2.0673457643964483,-1.2415996382132846
-2.4669242538978766,0.1316405061187134,-0.3976448356999313,-0.0736089659415595,-1.6400990357223528,-1.9076570995849722,-0.9680414736650879,-0.18651427376374363,-0.07489319836494433,-0.33936865125505417,-0.6701189040295252,0.7688010603322585,-0.7216855726305033,-0.9074130959918245,0.97243238398318,0.854739639955566,-0.6419578775554503,0.6266728946037172,0.4619312328505036,0.24786651359235212,-0.31771346095243586,1.2344281034065476,-0.8481561466853397,1.504044431797613,0.004145700331061202,0.2534026604824981,-0.05429027795572638,1.724785122209934,0.4019971945771415,-0.75327078409900206,-0.8397018354800078,0.47335910696113537,1.9204681467705578,1.4320974398984154,1.0738542822618002,-1.1937286982905464,-0.9720986553902821,0.22834314139141926,-0.6289731764291067,2.378339757029501,0.45186622877705246,0.30324171379846615,1.8886864935910455,0.21974756040071786
2.1713739545987396,0.5269560130153363,1.657045920871169,1.2282723714618382,0.9638041623321083,2.2526786558314256,1.1933914737235223,-0.29503345994521174,0.9057034320854921,-0.018575873221512895,1.3648413100857648,0.122945621761209,0.5693940474371038,2.5452483939233264,-0.7798281542073227,-1.1832328316348633,-0.35213461402985907,0.10808079629686443,-0.2019494982138626,0.1369652348474458,1.1524258608336948,-0.8481561466853397,1.1771015909366662,-2.3691641832738646,0.140775406511636,-1.2399853490794261,0.14973411715556767,-1.8788253572884404,-2.0552007916266812,1.5893903875918904,0.3941433256853613,0.6663880799831664,-2.145519379395551,-1.4920323346398483,-1.8623480753177346,1.9357012104101348,1.16572482657113,-0.5125676325142393,0.3293856595120355,-0.9357369924378411,-0.2521531863139811,-0.4343528496962728,-2.0791158037938833,-0.7389232011922231
-3.946695979198741,-1.7808196698221161,-4.663599022983122,-3.8317621811532185,-1.0511478127391778,-4.863648066274453,-2.8085707324906934,1.1870161319440522,-2.741193257946659,0.5803706895132614,-3.381453576963903,-1.01488761107957,-1.3746685639847778,-6.879512610236468,1.3740574232205698,2.7763702558686894,1.7661226089163375,-1.0523782961426609,-0.02566932457570651,-0.8040045276996874,-3.150317490968625,1.504044431797613,-2.3691641832738646,5.791776349704416,-0.36643132354563757,3.4642093420677007,-0.4368576949960072,3.7236568856176473,6.061167723321728,-4.2522803465321175,-0.4030211694789781,-2.3678664459159315,4.544972364818546,2.983431877812221,4.652119976365361,-4.7895858243204374,-2.6991610846771503,1.3778920031693778,-0.47736647425287454,0.49857342049234665,0.20215086186099387,1.339434722317514,4.564468672708649,1.9607064842792497
0.09772324817543125,0.1771477755096957,0.3858923535134452,0.3350905526709139,-0.0741587104258911,0.24134476858951884,0.14658522263109344,-0.12854271303446516,0.24391012710534055,-0.08046164158580116,0.23686492324185143,0.1810972479028348,0.0324538488879765,0.5329303224295981,-0.023328833461057616,-0.16227078436692105,-0.2319107379323138,0.16008727081079466,0.03853195834645073,0.09281143457524609,0.2557723277313878,0.004145700331061202,0.140775406511636,-0.36643132354563757,0.04130416154290752,-0.2944808527408544,0.03409557347932883,-0.1662156277558685,-0.5061623149251372,0.3003510145089439,-0.057475889821410144,0.27955239035343216,-0.20981452085387706,-0.12247373798843694,-0.3069676250625251,0.3059935009802939,0.13574668672959225,-0.10397560039689802,-0.0313423325500557,0.21735468299333144,0.024899762165856886,-0.07746923300505804,-0.20599993068474878,-0.1584151317006255
-1.2527395986726135,-1.531595887562559,-3.4269474864680687,-3.0188850108765126,0.4303521922435955,-2.4120448568616197,-1.5021377230477526,1.0897490149466025,-2.135561018153231,0.7365326116612207,-2.1854612679411134,-1.4033909724508038,-0.5463334411380595,-4.801765961458022,0.3503369143534726,1.5643234238182449,1.9104445872321418,-1.332233252771899,-0.37976803408589904,-0.8386299290403715,-2.2747305984443087,0.2534026604824981,-1.2399853490794261,3.4642093420677007,-0.2944808527408544,2.5822281057750747,-0.3052346592816764,1.6459987857343075,4.548630107862799,-2.8234530866352676,0.3265712354382251,-2.260652659373865,2.152165195951064,1.2781380156315076,2.8907717068552796,-2.9190151542932457,-1.4169599263406398,0.9241120200490248,0.10139005878738877,-1.442531603984654,-0.189065610452704,0.84348751527558,2.1944197668499266,1.399154931824104
0.1809198698894824,0.17689803881564528,0.4124845215677834,0.36259911722994076,-0.03199435881098675,0.31103068936963446,0.19791361878947367,-0.12946810466852993,0.2561383732707093,-0.08520407667445754,0.26645345595147846,0.15123293778331212,0.08533376586864347,0.5857223260885409,-0.05301465310494276,-0.19828954690813833,-0.22098050210150186,0.1488734685824158,0.043125479966912274,0.09502696578295101,0.2709361044536519,-0.05429027795572638,0.14973411715556767,-0.4368576949960072,0.03409557347932883,-0.3052346592816764,0.040041082379237196,-0.21350707312917663,-0.5478077630891721,0.348798085318204,-0.02371622734297025,0.25816325630749926,-0.2800623498144704,-0.16664804229352598,-0.3597570122267172,0.36581013470682777,0.1828069449843431,-0.11593970055177517,5.010618832994345e-4,0.13264908514434526,0.018888236364944935,-0.11176195493716254,-0.29324730774706004,-0.16612186467850998
-3.998451226187468,-0.57264517359136,-2.2333925063047837,-1.5376538407294567,-2.071080019992952,-3.798090466426128,-1.9957530701987258,0.26400932754791895,-1.1451494444144144,-0.1578035803236909,-2.020891548862175,0.29013828638442185,-1.1182112221978844,-3.597116054748199,1.493244922949398,1.9172306816758722,0.0664967177689905,0.21231763024862474,0.49784934064172953,-0.04168015476017043,-1.5760366022298091,1.724785122209934,-1.8788253572884404,3.7236568856176473,-0.1662156277558685,1.6459987857343075,-0.21350707312917663,3.2286861157155706,2.7332982163384005,-2.361137945981608,-0.9483138713155349,-0.5359319840702843,3.677486208992265,2.6083673443053605,2.864800848765196,-3.019821862634986,-1.96860015601675,0.7527811423674329,-0.7563181048114184,2.4663709532474045,0.5529536656626318,0.718430650737626,3.584287372480184,1.0159932926032358
-2.0041142864584067,-2.734226197549049,-6.06077473315448,-5.397931611809733,0.9390754874944033,-4.122800097152162,-2.6342012769919716,1.9695038787841943,-3.798978157477377,1.3765866616131872,-3.8114701159691027,-2.5192011010588926,-1.0037891119776297,-8.47168845797913,0.5406152319630633,2.721131433351484,3.4558170921988567,-2.431541606410991,-0.7539701225938044,-1.5339822945163093,-4.004191169159825,0.4019971945771415,-2.0552007916266812,6.061167723321728,-0.5061623149251372,4.548630107862799,-0.5478077630891721,2.7332982163384005,8.093893831292988,-4.9971853131457245,0.6278230758414971,-4.016188907390954,3.6633868258602695,2.132049506071145,5.067620339948627,-5.119547744146121,-2.4714970962686165,1.6351700942976164,0.19973726736591307,-2.724895559042323,-0.396069170713689,1.5492492592533595,3.792698591289314,2.4508059955365824
2.236545804023207,1.577335888733825,3.784654255855792,3.2492982582857657,0.1338424504977841,3.2681432290135057,1.975237836823588,-1.0970931982403607,2.298570654947072,-0.6747278716952847,2.561662977475128,1.1854544596510792,0.8950652379593295,5.439766100595412,-0.7316397435471766,-1.9823682921887937,-1.7905066961395069,1.1872455408704004,0.25465243304309093,0.8122306958682425,2.5274430679314865,-0.75327078409900206,1.5893903875918904,-4.2522803465321175,0.3003510145089439,-2.8234530866352676,0.348798085318204,-2.361137945981608,-4.9971853131457245,3.2988034520806107,-0.02353637888438475,2.1998857477779628,-2.9977368401666107,-1.8798745470324867,-3.4783782314445335,3.554202189895278,1.8815685035397949,-1.0699750203619984,0.142657540163287,0.6279078309597846,0.04476517785086257,-1.04546960325683,-3.0555098581999034,-1.5580403555952416
1.5637104503218686,-0.40377540177045557,-0.3964059897793864,-0.561637409167455,1.3000594011058666,0.9189938894532331,0.3970484778055812,0.3586971450915002,-0.3756090056470212,0.40757211230637574,0.0581553991388745,-0.834373245060323,0.3959556656000407,-0.2990017896094283,-0.6438236838989428,-0.31035284418301123,0.8563528668861643,-0.7299919507845432,-0.42635393515540404,-0.35534378641754066,-0.2190517314305575,-0.8397018354800078,0.3941433256853613,-0.4030211694789781,-0.057475889821410144,0.3265712354382251,-0.02371622734297025,-0.9483138713155349,0.6278230758414971,-0.02353637888438475,0.6757461123735613,-0.7898444364064391,-0.9790419402898269,-0.8009982992428356,-0.20412888116730815,0.28208385159254695,0.42026143063385196,0.02084612117740305,0.47262584744605796,-2.0247330062610285,-0.3753545187334933,-0.03311483636230475,-0.933087074312047,0.1145719970405176
-0.2604271428273606,1.5008955957573853,2.9755941352181647,2.782090611371917,-1.3557792579073877,1.1430950990332986,0.8475066366701705,-1.1267540941042584,1.9552473642295973,-0.8841189193860118,1.6558630688338232,1.7589264373606972,0.09238719742180285,3.967541042346714,0.2440350577426193,-0.9647024138642039,-2.1685036118121492,1.6051222102041784,0.626297776160777,0.916919843177002,1.9374641228667442,0.47335910696113537,0.6663880799831664,-2.3678664459159315,0.27955239035343216,-2.260652659373865,0.25816325630749926,-0.5359319840702843,-4.016188907390954,2.1998857477779628,-0.7898444364064391,2.392109738869053,-0.8900206087152159,-0.3547075729463129,-2.0786006169179516,2.0377812232585475,0.7532957503658101,-0.7364562881056425,-0.45898730189135323,2.7280088066949113,0.44031817164947273,-0.6111447529275302,-0.9585822511949916,-1.1781684367284908
-4.461169444176522,-0.8571614968443875,-2.921081799272826,-2.1373835826443126,-2.1249455855417003,-4.4407417536161375,-2.39804586215368,0.46585591161794315,-1.5625270015597195,-0.026607504734774107,-2.487285371961533,0.12381010136589309,-1.3502890873751605,-4.599931326610503,1.6586097900794325,2.3050445390782484,0.3625915347552092,0.010185405284957347,0.44801600992905144,-0.20061016423826822,-2.0343336696875975,1.9204681467705578,-2.145519379395551,4.544972364818546,-0.20981452085387706,2.152165195951064,-0.2800623498144704,3.677486208992265,3.6633868258602695,-2.9977368401666107,-0.9790419402898269,-0.8900206087152159,4.2761977117314665,2.9835894107095315,3.530246724292893,-3.7052511418775436,-2.357518727880195,0.9544326996852903,-0.817608593595979,2.44549574330383,0.5476762780361573,0.9567129983224524,4.2109138099258585,1.293174896533205
-3.2653199833096247,-0.4321672971952494,-1.7372373636900889,-1.1825692638732175,-1.7195936866222925,-3.073791613064266,-1.6137171857392019,0.19153693626022766,-0.8813280405956745,-0.1439357658947333,-1.5956798645167476,0.2984654956633251,-0.937268623196192,-2.823975543785265,1.2325361843698344,1.5424881853569168,-0.014578152148381748,0.21429759837360163,0.4179029245778917,-0.023359210930071463,-1.2333748008334293,1.4320974398984154,-1.4920323346398483,2.983431877812221,-0.12247373798843694,1.2781380156315076,-0.16664804229352598,2.6083673443053605,2.132049506071145,-1.8798745470324867,-0.8009982992428356,-0.3547075729463129,2.9835894107095315,2.123566736932085,2.2876446301576334,-2.4127724144849503,-1.5996575036712282,0.5951449689906201,-0.6377682431122155,2.1019299842924504,0.45948875057091915,0.5922721333590042,2.9097561951699067,0.7927376298265861
-2.9355888434581128,-1.530359746311541,-3.88216345081487,-3.2369181864664665,-0.6175598047712293,-3.8007524368847876,-2.220080916861972,1.032918879859807,-2.3073406503465543,0.553064010548326,-2.753757598416461,-0.9847069127180622,-1.0485106007208465,-5.67276425069266,1.0014013414283958,2.209157163367033,1.600860387549317,-0.9967176497528566,-0.10477785399135005,-0.7242815559682514,-2.6141190874972713,1.0738542822618002,-1.8623480753177346,4.652119976365361,-0.3069676250625251,2.8907717068552796,-0.3597570122267172,2.864800848765196,5.067620339948627,-3.4783782314445335,-0.20412888116730815,-2.0786006169179516,3.530246724292893,2.2876446301576334,3.762021790342685,-3.8612473646808616,-2.1279143517562416,1.1265402836413871,-0.3035221345069384,0.03124458629994251,0.09450495425412281,1.0875940573663643,3.555211728806734,1.6234415412072911
3.16134878785682,1.5208767067840645,3.925759206121179,3.258456245725484,0.7602909665753667,3.970206016179666,2.317502793927088,-1.0155986648382116,2.317689353912182,-0.5326947305395717,2.8129182445272076,0.9108159622170499,1.1259806413854403,5.763342187670046,-1.0912950163769695,-2.293149980393367,-1.5495032133672018,0.9460424262766859,0.06624137031604077,0.7038682212422094,2.642014940797767,-1.1937286982905464,1.9357012104101348,-4.7895858243204374,0.3059935009802939,-2.9190151542932457,0.36581013470682777,-3.019821862634986,-5.119547744146121,3.554202189895278,0.28208385159254695,2.0377812232585475,-3.7052511418775436,-2.4127724144849503,-3.8612473646808616,3.9842327602614316,2.2267792689434787,-1.1489732480004935,0.3655083759904084,-0.24575157870586964,-0.1322921926694602,-1.126096592765857,-3.7365064226657454,-1.6424107326835202
2.291095337947973,0.6509521323202664,1.918281635171667,1.5055751048664296,0.9130086182537726,2.469398003953101,1.390270573301683,-0.39923417076104456,1.0767085873616733,-0.1286022467896966,1.5037426855758689,0.13872487268307554,0.774714114403899,2.928315960472467,-0.8423956909227609,-1.3428942110926876,-0.4709043457643011,0.2155196001700232,-0.13297151467210264,0.24539549427747756,1.3117423964694475,-0.9720986553902821,1.16572482657113,-2.6991610846771503,0.13574668672959225,-1.4169599263406398,0.1828069449843431,-1.96860015601675,-2.4714970962686165,1.8815685035397949,0.42026143063385196,0.7532957503658101,-2.357518727880195,-1.5996575036712282,-2.1279143517562416,2.2267792689434787,1.3613708502286663,-0.5987126095246469,0.38803322092754755,-0.9436207864600638,-0.2168429934579569,-0.6278279182132129,-2.35673828743823,-0.8208994823933567
-0.6956938110204537,-0.5194980759671238,-1.2397375353762425,-1.0631930419638285,-0.01941009980972431,-1.045012532728598,-0.6344874580494461,0.36634536050210104,-0.7576747877414547,0.22207205837410932,-0.82874413586283,-0.40127075499255843,-0.27987923790567304,-1.7767361974155715,0.22596117899910184,0.6391253249888,0.6016346010021114,-0.39632090172784556,-0.08368912481450078,-0.2645016011324811,-0.8248875780666596,0.22834314139141926,-0.5125676325142393,1.3778920031693778,-0.10397560039689802,0.9241120200490248,-0.11593970055177517,0.7527811423674329,1.6351700942976164,-1.0699750203619984,0.02084612117740305,-0.7364562881056425,0.9544326996852903,0.5951449689906201,1.1265402836413871,-1.1489732480004935,-0.5987126095246469,0.3538571428487096,-0.03428260645800791,-0.24389542010624937,-0.0197223603214333,0.336620799174863,0.9731797202227864,0.5085549996672023
1.1852364643639006,-0.20817762125497014,-0.10255229681415544,-0.23342252102446162,0.9015466589100323,0.7851039673284993,0.3753088434114563,0.19755871531676733,-0.15565678851768355,0.24254650718816992,0.1542038424898232,-0.5354017417115893,0.33641780477302885,0.040756369020801285,-0.48121663512108037,-0.30911277363502526,0.513691237606479,-0.4488997709054534,-0.27389761925717243,-0.20227194245433855,-0.03973094292644345,-0.6289731764291067,0.3293856595120355,-0.47736647425287454,-0.0313423325500557,0.10139005878738877,5.010618832994345e-4,-0.7563181048114184,0.19973726736591307,0.142657540163287,0.47262584744605796,-0.45898730189135323,-0.817608593595979,-0.6377682431122155,-0.3035221345069384,0.3655083759904084,0.38803322092754755,-0.03428260645800791,0.3439654366555377,-1.386647931571007,-0.2536807153478399,-0.08803132465944263,-0.7988384262842864,0.012135536303024266
-4.322669441418334,1.4709784374973025,1.8206306005813728,2.2397934877396843,-3.8889320578200985,-2.22033580964826,-0.8502697058891207,-1.2600099717145765,1.5118644906427539,-1.3470782367480287,0.2493318920432661,2.6940548148913055,-1.0188425584492349,1.8068056643724812,1.8157245127351902,0.6006179576173628,-2.875399510582258,2.390345341841156,1.3353100096573023,1.2011126408826034,1.0719751347470485,2.378339757029501,-0.9357369924378411,0.49857342049234665,0.21735468299333144,-1.442531603984654,0.13264908514434526,2.4663709532474045,-2.724895559042323,0.6279078309597846,-2.0247330062610285,2.7280088066949113,2.44549574330383,2.1019299842924504,0.03124458629994251,-0.24575157870586964,-0.9436207864600638,-0.24389542010624937,-1.386647931571007,6.17357926309753,1.1406647285706046,-0.09006524739776102,2.2792380015054508,-0.5977654494940171
-0.8887353458953919,0.23648316763613939,0.24190195427510797,0.3513873891626189,-0.7564294877473676,-0.5148067567670157,-0.19890679155550223,-0.21455053507394778,0.2269870316146895,-0.2537073209362139,-0.02921130904762586,0.46367209348029237,-0.18263715203468872,0.19750862549273376,0.3658734860181403,0.16434252084423348,-0.4987382753380023,0.42702450935916436,0.2646314105410776,0.21584154621364005,0.12892257102355234,0.45186622877705246,-0.2521531863139811,0.20215086186099387,0.024899762165856886,-0.189065610452704,0.018888236364944935,0.5529536656626318,-0.396069170713689,0.04476517785086257,-0.3753545187334933,0.44031817164947273,0.5476762780361573,0.45948875057091915,0.09450495425412281,-0.1322921926694602,-0.2168429934579569,-0.0197223603214333,-0.2536807153478399,1.1406647285706046,0.22482897868141055,-0.017387664353593717,0.49765681130429296,-0.06400469139794378
-0.7223695022749007,-0.47681425759187906,-1.147422463123064,-1.0047678018957513,-0.05402987049369722,-1.0298359488996296,-0.654915136702687,0.33967407919081427,-0.6991822644831996,0.22636937189879497,-0.7649158859986779,-0.2947342054826131,-0.3692561352271511,-1.6613554869531928,0.2549703710596208,0.6326315265879678,0.5167449846070813,-0.3504299667801923,-0.08906253372467422,-0.262980635683086,-0.7576963142612082,0.30324171379846615,-0.4343528496962728,1.339434722317514,-0.07746923300505804,0.84348751527558,-0.11176195493716254,0.718430650737626,1.5492492592533595,-1.04546960325683,-0.03311483636230475,-0.6111447529275302,0.9567129983224524,0.5922721333590042,1.0875940573663643,-1.126096592765857,-0.6278279182132129,0.336620799174863,-0.08803132465944263,-0.09006524739776102,-0.017387664353593717,0.39051472522830083,1.0080811066390905,0.45895428390704357
-4.334808625602283,-0.9035442049052157,-2.99736545400374,-2.248182532934812,-1.9862426629165768,-4.380992216851277,-2.4122116342277446,0.5148007538818559,-1.6240632674027256,0.042743017576774116,-2.5000550326463737,0.06005983668022265,-1.3786368142039431,-4.690297468536522,1.6015174812077988,2.3028126978349968,0.4684683512709268,-0.07445561813054401,0.3758657535966851,-0.24819342477985842,-2.0673457643964483,1.8886864935910455,-2.0791158037938833,4.564468672708649,-0.20599993068474878,2.1944197668499266,-0.29324730774706004,3.584287372480184,3.792698591289314,-3.0555098581999034,-0.933087074312047,-0.9585822511949916,4.2109138099258585,2.9097561951699067,3.555211728806734,-3.7365064226657454,-2.35673828743823,0.9731797202227864,-0.7988384262842864,2.2792380015054508,0.49765681130429296,1.0080811066390905,4.19079231258764,1.3069103519392717
-0.8581520067816127,-0.8057659259906973,-1.8609065449488988,-1.6121976314396362,0.09991533079353648,-1.4338769898545225,-0.8678543114269874,0.5648072422386926,-1.1450682317774443,0.3602572574222107,-1.2252709493003693,-0.7008449777734147,-0.3288479501422254,-2.6330929037550717,0.25677628018673704,0.8959186664149922,0.9733586055314344,-0.6618324605859832,-0.16598099651120007,-0.4240417872177978,-1.2415996382132846,0.21974756040071786,-0.7389232011922231,1.9607064842792497,-0.1584151317006255,1.399154931824104,-0.16612186467850998,1.0159932926032358,2.4508059955365824,-1.5580403555952416,0.1145719970405176,-1.1781684367284908,1.293174896533205,0.7927376298265861,1.6234415412072911,-1.6424107326835202,-0.8208994823933567,0.5085549996672023,0.012135536303024266,-0.5977654494940171,-0.06400469139794378,0.45895428390704357,1.3069103519392717,0.7677412349214947
