V1,V2,V3,V4,V5,V6,V7,V8,V9,V10,V11,V12,V13,V14,V15,V16,V17,V18,V19,V20,V21,V22,V23,V24,V25,V26,V27,V28,V29,V30,V31,V32,V33,V34,V35,V36,V37,V38,V39,V40,V41,V42,V43,V44
1.6839075908483334,-1.013539502124114,0.901093456975822,0.4431055934719679,0.33155712413732746,1.4480624187683164,0.9341453652130807,0.47411897443627526,0.1669546292999493,1.2696643830772758,0.10093483257404558,-0.6400598043744726,0.40530009417717217,0.913730220433702,-0.5733794900251368,-1.5774589538939188,0.5545261169484744,-0.3586703208337463,-0.9630984508641698,-0.5459566594229827,0.8272800570420398,-0.3825306008207362,0.7865524749273638,-0.7090946005774893,0.21911702032217345,0.9143547382893035,0.06681371827178452,-0.2513231010787433,0.9165274169942852,0.4005386605828804,-0.4041399646762427,0.7723009679588722,-0.04374705408710052,-0.6448688313600202,-1.5990208677234299,1.547657205286017,0.9047994910204846,1.2401995032623743,0.8067163253336764,-1.4261521367330572,0.709036470340414,0.020114594716808095,-1.290690556659594,0.1767866404269942
-1.013539502124114,11.821059676722221,-9.957822652614215,-6.610280278383151,10.443489745317576,-3.3620962420297578,-4.773190343507984,-4.145434609328018,-2.5060210630818096,-13.558412087162951,3.821720900153381,1.505771028202316,0.2974916343184015,-6.181328286309193,-0.8002011252386166,14.225762982768691,-0.901221953707879,-1.3423677409792476,8.47716222299836,4.715927357821878,-9.048034153807262,-5.442552356533551,-3.1221686176904075,-2.242851885039014,-3.053261072016446,-13.54833203913772,-0.6141806496146833,-11.454413366008048,-13.839305556253466,0.041536058840551476,12.860351567913145,-15.292695539567474,-15.577927717986302,-3.7256806013196884,13.130239790041415,-11.527968927468603,-4.2261305839033385,-18.166407994063277,-5.400485523637834,-2.3459093067177292,-13.691084883482477,-2.1859864902740944,1.6506740333568661,-3.7774941235689083
0.901093456975822,-9.957822652614215,10.178891926058116,7.090592034907994,-9.853335160733831,3.568163252646203,4.680198386222587,3.2472103296758346,3.07081279672982,11.774393242690108,-2.703936481935266,-0.6592043083696538,-0.17765632960645178,7.23133942098478,0.7759011903465792,-13.183388110638724,-0.07063071077528575,1.8477461077393695,-7.332182052323335,-3.841224399326126,8.92100326088137,5.0021988906161114,3.090891279930937,0.9498754408856922,2.845409468707704,11.175354058672006,0.6606231428629614,9.967225751132446,10.685899048137347,0.9257671106904043,-11.804127817754551,14.660156737777337,13.491543573003376,3.1306898733714066,-12.67761784693874,11.231929528733554,4.151202009473523,15.943385018223431,4.680515067160734,3.1249994553736986,12.426548024042892,1.6705517680677895,-1.9734843617261144,2.8864633525577332
0.4431055934719679,-6.610280278383151,7.090592034907994,5.018931921541316,-6.87328425342129,2.38806821584087,3.175487064015777,2.0998209151041927,2.220456162629286,7.8692510329414525,-1.7414864729245656,-0.25839627120875763,-0.1523417805985381,5.145515914717102,0.604244237954652,-8.940728111048633,-0.25486703395238003,1.4157377332032393,-4.88306414625106,-2.51032721954894,6.167879711077907,3.4933870375941614,2.0904808923623643,0.5520613513259357,1.9424997747236856,7.402543731016587,0.46114259475651725,6.810353066527052,6.936365285868895,0.7558720630919858,-8.095188082634616,10.130463943198949,9.17798532160577,2.175102048789925,-8.674685725237865,7.690876617210682,2.8110207329031227,10.749224211952074,3.0928024076260217,2.4732302324678486,8.47360122862347,1.0993711609834451,-1.2941374102538428,1.8734575018702817
0.33155712413732746,10.443489745317576,-9.853335160733831,-6.87328425342129,10.844549943323791,-2.505242512689668,-4.204114080188987,-3.422510449127935,-2.8372991406347348,-12.109206863044381,3.3998003327376884,0.5463319216904766,0.5608567244508053,-6.394592916382097,-1.2788912332910898,13.019625196107766,0.08647623503494091,-1.9970893335070803,7.421664782445333,3.9761311424862753,-8.752484824167693,-5.734689964765863,-2.6337016337570796,-2.125905464759334,-2.8963555898659386,-12.023925944424956,-0.617472427485987,-11.293723644137046,-11.848225993384101,-0.2332264215105306,12.509948677913219,-15.025880365490902,-15.08425834184867,-4.047003762304412,12.217706890372462,-10.67156570359209,-3.66411750414661,-16.696312754031204,-4.577016926049941,-4.0638248231818555,-13.011104893705799,-1.9658154062115103,0.903871129739713,-3.2772781592284854
1.4480624187683164,-3.3620962420297578,3.568163252646203,2.38806821584087,-2.505242512689668,2.0805422068873973,1.99246500944473,1.1627137629764959,1.0553695306312623,4.073769247578766,-0.5793217832484067,-0.5554640385078476,0.25285016980100516,2.8316613696737605,-0.1938730929549966,-4.770195537830583,0.2699005682938478,0.32385645135191715,-2.661680991062097,-1.3949807098337257,3.120548015920431,1.1047156839399959,1.4402874455589585,-0.38616217519244245,0.9472763555026383,3.5837504984617397,0.24186902184547698,2.4984293145399503,3.3576589129028336,0.655689959766272,-3.5354709610486954,4.661694980103708,3.585757168820832,0.3628055483703755,-4.7090912212444085,4.276680261209744,1.819037173537166,5.188134453847455,1.8307947064679033,-0.04627503266657508,3.9122654738399016,0.43276825342648095,-1.519068238939056,0.8475782717456091
0.9341453652130807,-4.773190343507984,4.680198386222587,3.175487064015777,-4.204114080188987,1.99246500944473,2.3348063085479693,1.6217114411410727,1.3422852649640038,5.636734865161563,-1.2221521172970968,-0.5525996955188144,0.046383515886470314,3.3475184918236005,0.15492908115174508,-6.291659849003452,0.21712140180276918,0.6461455396050516,-3.5680369910014793,-1.9020794656330708,4.13407855831082,2.0751242199871975,1.5906841725933993,0.27686888716198566,1.319516676913198,5.306967445497119,0.30471553213553737,4.343673774837506,5.152359115911299,0.45723125301911843,-5.316968510937323,6.643838859338872,5.982457931216657,1.193828777331515,-6.034047857691125,5.381667838048399,2.0930866418588803,7.462217268344711,2.338533424697791,0.8391198957503276,5.701119136389163,0.7663416232390865,-1.244605546461799,1.3737261218005954
0.47411897443627526,-4.145434609328018,3.2472103296758346,2.0998209151041927,-3.422510449127935,1.1627137629764959,1.6217114411410727,1.5048631337571128,0.7417627114929478,4.712520950230284,-1.378189912064724,-0.6512199964601832,-0.08687604356179805,1.910195415435036,0.21927526393710542,-4.852833393289711,0.4704363497573725,0.3355534109119296,-2.958857644989416,-1.6822395420280087,2.9971416951073424,1.7851406057885908,1.0722942542064906,0.8590157369820116,1.026350009709024,4.766798938174133,0.19296779557488605,3.8819352592014527,4.973542930697406,-0.1174788996806924,-4.3248244722869975,5.07464349122422,5.3124560474936,1.2357262679132124,-4.417354723305838,3.8760186446068063,1.443479427916579,6.265150717934256,1.9041257156341167,0.5386245443490263,4.644917544649253,0.7814455837607654,-0.5845904669657802,1.357678112914319
0.1669546292999493,-2.5060210630818096,3.07081279672982,2.220456162629286,-2.8372991406347348,1.0553695306312623,1.3422852649640038,0.7417627114929478,1.0552514242468451,3.063330559068492,-0.5561101043459027,0.02776624120917751,-0.04701213809959,2.379031348314112,0.2548765105016392,-3.6459208803252166,-0.27558178889651547,0.6868286581403144,-1.8889875952384252,-0.9277477068717035,2.613304006526768,1.4130660165662021,0.8840952396639223,0.011690417651608451,0.7976424479394298,2.7591135036149974,0.20729051474069146,2.6585074439605894,2.4293932525332846,0.48906600541741074,-3.28058111155826,4.223247219232405,3.5680927750526883,0.8320585126093337,-3.635187791129992,3.2342721070924507,1.1842309518907599,4.2066108993175035,1.199250505782899,1.183490310565111,3.4043598389134875,0.38148091781474636,-0.609450671187674,0.6518227614644662
1.2696643830772758,-13.558412087162951,11.774393242690108,7.8692510329414525,-12.109206863044381,4.073769247578766,5.636734865161563,4.712520950230284,3.063330559068492,15.632374275373838,-4.25896822966111,-1.6437487282125687,-0.3029787252813233,7.509960178856001,0.8980633917543129,-16.573583122274904,0.9020381107552345,1.6476648658640607,-9.779909354736414,-5.3984006884680085,10.636957117020941,6.269403618611966,3.704312451560163,2.328857362163097,3.5547610509978194,15.481870973041614,0.733698346776866,13.126253654944366,15.670619069395396,0.16543809454114652,-14.89743348798628,17.858584252701814,17.857763263391895,4.213167579283651,-15.411925285749001,13.558333947276168,4.99205748799473,20.941785674643214,6.241134095106229,2.8109342125929424,15.851602671775584,2.4641413392027793,-2.074511571849632,4.263597899023897
0.10093483257404558,3.821720900153381,-2.703936481935266,-1.7414864729245656,3.3998003327376884,-0.5793217832484067,-1.2221521172970968,-1.378189912064724,-0.5561101043459027,-4.25896822966111,1.495068991498935,0.5243680832957894,0.23168645023061524,-1.3295608858541312,-0.3991985202123971,4.171094346274239,-0.40034134102216684,-0.352310250556483,2.627764703003698,1.5288536657268654,-2.546802266531112,-1.8610596215292825,-0.7452318188014575,-1.2240210056339482,-0.9225716680285769,-4.515304161256839,-0.1544677143733764,-3.9370423025115686,-4.821335172537849,0.38823758220256227,4.066915266956313,-4.589047566695755,-5.298102022752347,-1.4580462421031626,3.6719147664609335,-3.1557828234771783,-1.0558563623548902,-5.776411152276543,-1.618411029661976,-0.8579035098034261,-4.29921126047588,-0.8013869440975055,0.06824143312125203,-1.3448850577540676
-0.6400598043744726,1.505771028202316,-0.6592043083696538,-0.25839627120875763,0.5463319216904766,-0.5554640385078476,-0.5525996955188144,-0.6512199964601832,0.02776624120917751,-1.6437487282125687,0.5243680832957894,0.596344886817067,-0.08021573340316086,-0.20437784952416535,0.15318523328046102,1.509626792124205,-0.5674893262354582,0.2349712808049468,1.0899658012944806,0.6951727573776978,-0.7120367340738544,-0.26104244289793327,-0.40733560592037993,-0.30531145705755364,-0.28025631624415326,-1.7220766793832363,-0.03436646426961211,-0.9311277419256316,-2.0151669412167337,0.20941756366555386,1.0636218949446772,-1.1428921727763972,-1.3854045953505496,-0.1607194673954522,1.267311648932257,-1.1304633827371773,-0.5151422956775662,-1.9810808244554265,-0.7651931331538108,0.6582725317221445,-1.2747675611664728,-0.2717470535970069,0.3904744272918834,-0.5240070719989814
0.40530009417717217,0.2974916343184015,-0.17765632960645178,-0.1523417805985381,0.5608567244508053,0.25285016980100516,0.046383515886470314,-0.08687604356179805,-0.04701213809959,-0.3029787252813233,0.23168645023061524,-0.08021573340316086,0.13837728107145955,0.01986676855175324,-0.1932080350606553,0.22300532478871424,0.07715627301049112,-0.1381187545629904,0.1430015016702914,0.09134584319122319,-0.17400708949716343,-0.35267488420026416,0.07360475767718044,-0.33939158853585066,-0.0768915003558469,-0.4212118117409939,-0.002771163730411363,-0.6189637778297582,-0.4616987262480363,0.14180072933158314,0.4838531863367277,-0.4747568682726253,-0.7650246067233066,-0.3557423117562236,0.15556831528968823,-0.09222767924614728,0.06444696562791685,-0.5310365142740551,-0.03701258892909838,-0.4620988788982982,-0.4479521278960829,-0.11278442075473884,-0.29618209901179215,-0.14355344199625303
0.913730220433702,-6.181328286309193,7.23133942098478,5.145515914717102,-6.394592916382097,2.8316613696737605,3.3475184918236005,1.910195415435036,2.379031348314112,7.509960178856001,-1.3295608858541312,-0.20437784952416535,0.01986676855175324,5.597337731851834,0.3984225116142586,-8.859888912488472,-0.36628468654388807,1.4112681400337883,-4.704310147857642,-2.3487827552332927,6.205431687001557,3.141860461428029,2.25968513043907,-0.08168045523521235,1.89743823807156,6.765497709163657,0.4874146199861212,6.089613595047534,6.07998743039637,1.1450994002927932,-7.66956414274397,9.887244603409274,8.270754204681802,1.7357432523619232,-8.783957018682882,7.856492561377309,2.985891496034946,10.151052571915226,3.0396071756785408,2.185223203668057,8.067756152391603,0.9143395694692559,-1.7571447596052867,1.607663301684316
-0.5733794900251368,-0.8002011252386166,0.7759011903465792,0.604244237954652,-1.2788912332910898,-0.1938730929549966,0.15492908115174508,0.21927526393710542,0.2548765105016392,0.8980633917543129,-0.3991985202123971,0.15318523328046102,-0.1932080350606553,0.3984225116142586,0.3254466005343859,-0.9023410936421484,-0.1884711389907225,0.3287834656214481,-0.4903747263754642,-0.254337814081145,0.680752656856055,0.740382910341449,0.03334164773099789,0.4612829245259711,0.2417530121082519,1.0056010454010071,0.044221755522473274,1.3016854834410523,0.9846223343881509,-0.10108546498393157,-1.222026759613712,1.378338480262938,1.648224464605917,0.6433385374508765,-0.8088195447782108,0.6559112289615616,0.10416853240358828,1.405490167948494,0.23288479413611926,0.8994396154462678,1.1790487278898474,0.2108367193561645,0.3170085201101435,0.3019470208069674
-1.5774589538939188,14.225762982768691,-13.183388110638724,-8.940728111048633,13.019625196107766,-4.770195537830583,-6.291659849003452,-4.852833393289711,-3.6459208803252166,-16.573583122274904,4.171094346274239,1.509626792124205,0.22300532478871424,-8.859888912488472,-0.9023410936421484,17.99505882365117,-0.6308676706398528,-1.99072921578588,10.374035355212973,5.617509604217121,-11.75960230518797,-6.650915720733248,-4.168110666990732,-1.8958307059931332,-3.8479500841503693,-16.099056646306284,-0.8362579562395853,-13.745914342028351,-15.958339944889897,-0.67057661539774,15.979566606296734,-19.477141891942708,-18.716948786308144,-4.283021157640144,16.97319470905932,-14.997031764253178,-5.589397740169716,-22.22312824376536,-6.656864589194704,-3.2526108954720634,-16.976383320542876,-2.486332315271368,2.609665830063673,-4.327066747342111
0.5545261169484744,-0.901221953707879,-0.07063071077528575,-0.25486703395238003,0.08647623503494091,0.2699005682938478,0.21712140180276918,0.4704363497573725,-0.27558178889651547,0.9020381107552345,-0.40034134102216684,-0.5674893262354582,0.07715627301049112,-0.36628468654388807,-0.1884711389907225,-0.6308676706398528,0.6123466661755174,-0.38383100061849856,-0.629133811781202,-0.46605897556232095,0.09299533242031609,-0.04907651857524198,0.18352180761086156,0.3336985111800443,0.08996876145257648,1.0677606306590994,-0.01657348229997312,0.33709992791921106,1.432452949166623,-0.3311573650174403,-0.3047204789527023,0.1590389194798465,0.5815503468617321,-0.01128685321235109,-0.38820277006632226,0.33997421499659586,0.21426658947993768,0.9854703340037139,0.4608089518389574,-0.8760943999551223,0.477487961712022,0.19361422216426355,-0.2096451106147175,0.37976650161394754
-0.3586703208337463,-1.3423677409792476,1.8477461077393695,1.4157377332032393,-1.9970893335070803,0.32385645135191715,0.6461455396050516,0.3355534109119296,0.6868286581403144,1.6476648658640607,-0.352310250556483,0.2349712808049468,-0.1381187545629904,1.4112681400337883,0.3287834656214481,-1.99072921578588,-0.38383100061849856,0.6006720200958635,-0.9682124012107597,-0.4351476278910894,1.5462111593874985,1.056783127882629,0.38579061196116565,0.1497463836532192,0.46833934537879685,1.5142392622057688,0.12234459241008021,1.8118116101312791,1.2535370762578886,0.26322851596118363,-2.0742636057428934,2.6280364934969804,2.3417900958829803,0.7172617567596736,-2.004300374405099,1.7624403926369578,0.5573429699565952,2.4297583486158514,0.5621343316486827,1.244100159730313,2.0654612857018395,0.22732987709274505,-0.06772383472367217,0.34387329410535666
-0.9630984508641698,8.47716222299836,-7.332182052323335,-4.88306414625106,7.421664782445333,-2.661680991062097,-3.5680369910014793,-2.958857644989416,-1.8889875952384252,-9.779909354736414,2.627764703003698,1.0899658012944806,0.1430015016702914,-4.704310147857642,-0.4903747263754642,10.374035355212973,-0.629133811781202,-0.9682124012107597,6.147835008304792,3.3957716820894897,-6.635337030391188,-3.8245087863608185,-2.367243829804049,-1.36902567387314,-2.2141070273649337,-9.659989455899975,-0.45804386006813114,-8.068147010226992,-9.782400745801908,-0.1295683538194457,9.219288792615922,-11.0809406236328,-11.011111686394639,-2.5277153231923455,9.659518572700213,-8.515292972258283,-3.166166262251731,-13.050896995526195,-3.9338321045076103,-1.5678781983402683,-9.848374726437635,-1.5253025789621093,1.4029348731000972,-2.6474100930717617
-0.5459566594229827,4.715927357821878,-3.841224399326126,-2.51032721954894,3.9761311424862753,-1.3949807098337257,-1.9020794656330708,-1.6822395420280087,-0.9277477068717035,-5.3984006884680085,1.5288536657268654,0.6951727573776978,0.09134584319122319,-2.3487827552332927,-0.254337814081145,5.617509604217121,-0.46605897556232095,-0.4351476278910894,3.3957716820894897,1.9136423486351093,-3.5195113766105957,-2.060729545097163,-1.2601097517007123,-0.8802492138122062,-1.195151199052555,-5.406959458913495,-0.2347211236209767,-4.438495817471429,-5.575209783912856,0.05131477664346187,4.994371521479809,-5.923293267351318,-6.069497502340162,-1.3991043497768223,5.167964754158086,-4.539633345012761,-1.683689006348787,-7.1723917516134845,-2.1736192841620774,-0.699244502172868,-5.357430945486258,-0.8731116368575731,0.7121603157150894,-1.5132041484141396
0.8272800570420398,-9.048034153807262,8.92100326088137,6.167879711077907,-8.752484824167693,3.120548015920431,4.13407855831082,2.9971416951073424,2.613304006526768,10.636957117020941,-2.546802266531112,-0.7120367340738544,-0.17400708949716343,6.205431687001557,0.680752656856055,-11.75960230518797,0.09299533242031609,1.5462111593874985,-6.635337030391188,-3.5195113766105957,7.877305264857,4.464267771232061,2.7336945520009905,1.0269854340534115,2.533527418669341,10.19876767023538,0.5730134583641531,8.99297865695862,9.885485341407025,0.6710671918040014,-10.545246405801237,12.993931870961992,12.182140977364078,2.8360596674247587,-11.233011796049874,9.935809455323794,3.6651931968186613,14.37255516060621,4.229795921624601,2.619093191967915,11.126784075234223,1.5506590806981109,-1.6904142772747444,2.6709411910809315
-0.3825306008207362,-5.442552356533551,5.0021988906161114,3.4933870375941614,-5.734689964765863,1.1047156839399959,2.0751242199871975,1.7851406057885908,1.4130660165662021,6.269403618611966,-1.8610596215292825,-0.26104244289793327,-0.35267488420026416,3.141860461428029,0.740382910341449,-6.650915720733248,-0.04907651857524198,1.056783127882629,-3.8245087863608185,-2.060729545097163,4.464267771232061,3.073109826783597,1.2747103401236082,1.2886537708597892,1.4941199527303561,6.311731004126464,0.30910620878525413,6.020840308578908,6.27354629335959,0.0017724471083652223,-6.540603409473799,7.77276089962587,8.008815227989194,2.2322298056853858,-6.189457077795487,5.383619665114851,1.8001142376314927,8.700018420626455,2.331625730917661,2.25096534635571,6.777940720551193,1.0559095760746726,-0.28074662994535066,1.7414558100673456
0.7865524749273638,-3.1221686176904075,3.090891279930937,2.0904808923623643,-2.6337016337570796,1.4402874455589585,1.5906841725933993,1.0722942542064906,0.8840952396639223,3.704312451560163,-0.7452318188014575,-0.40733560592037993,0.07360475767718044,2.25968513043907,0.03334164773099789,-4.168110666990732,0.18352180761086156,0.38579061196116565,-2.367243829804049,-1.2601097517007123,2.7336945520009905,1.2747103401236082,1.1089549820205284,0.07181415021935314,0.8602151306226457,3.443146567565166,0.20072015648455083,2.715207066596997,3.3279900129962705,0.3566643502213358,-3.417993972523222,4.316302753923361,3.7722574094192556,0.6758200382850762,-4.025224174301367,3.609497267900189,1.4351770175349163,4.8647268090601905,1.5683189133373696,0.3936235352877906,3.6964474443736473,0.4825790244889223,-0.9394578992895843,0.8708128873779984
-0.7090946005774893,-2.242851885039014,0.9498754408856922,0.5520613513259357,-2.125905464759334,-0.38616217519244245,0.27686888716198566,0.8590157369820116,0.011690417651608451,2.328857362163097,-1.2240210056339482,-0.30531145705755364,-0.33939158853585066,-0.08168045523521235,0.4612829245259711,-1.8958307059931332,0.3336985111800443,0.1497463836532192,-1.36902567387314,-0.8802492138122062,1.0269854340534115,1.2886537708597892,0.07181415021935314,1.4279637180759113,0.45814880975035543,2.831947914664064,0.031087672053269188,2.7018637955093308,3.280693600842351,-0.7221553521675693,-2.3387795374566402,2.293369537930219,3.5442700716575297,1.24822836814611,-1.4040980034471107,1.0979142043220391,0.2018807995454561,3.3056148316572678,0.7676242514830164,0.7631964545179567,2.402029455002602,0.60542120754931,0.6203245447232633,0.9625514320992882
0.21911702032217345,-3.053261072016446,2.845409468707704,1.9424997747236856,-2.8963555898659386,0.9472763555026383,1.319516676913198,1.026350009709024,0.7976424479394298,3.5547610509978194,-0.9225716680285769,-0.28025631624415326,-0.0768915003558469,1.89743823807156,0.2417530121082519,-3.8479500841503693,0.08996876145257648,0.46833934537879685,-2.2141070273649337,-1.195151199052555,2.533527418669341,1.4941199527303561,0.8602151306226457,0.45814880975035543,0.8341316301599973,3.4713504377172373,0.18169910760288083,3.0436061465465833,3.4331351886905943,0.12441443220447912,-3.490368957990413,4.2404825790846585,4.121732525117221,0.9900351704322722,-3.625775756570925,3.1932918904159218,1.164133505691434,4.7960437392174855,1.4037269376268335,0.8300189037525505,3.6865162086184227,0.5428141969872406,-0.48154539908732924,0.9359016995679116
0.9143547382893035,-13.54833203913772,11.175354058672006,7.402543731016587,-12.023925944424956,3.5837504984617397,5.306967445497119,4.766798938174133,2.7591135036149974,15.481870973041614,-4.515304161256839,-1.7220766793832363,-0.4212118117409939,6.765497709163657,1.0056010454010071,-16.099056646306284,1.0677606306590994,1.5142392622057688,-9.659989455899975,-5.406959458913495,10.19876767023538,6.311731004126464,3.443146567565166,2.831947914664064,3.4713504377172373,15.604219955846567,0.6815712204548572,13.281476570269902,16.034200496717375,-0.2315498853574376,-14.723486990352107,17.38889728762106,18.029330138344754,4.4181323403232255,-14.776900677642226,12.93631041936441,4.680234035197049,20.792426584191247,6.118259549184375,2.7900278258954914,15.654002852571928,2.559571370686787,-1.6358532366626848,4.39326395396982
0.06681371827178452,-0.6141806496146833,0.6606231428629614,0.46114259475651725,-0.617472427485987,0.24186902184547698,0.30471553213553737,0.19296779557488605,0.20729051474069146,0.733698346776866,-0.1544677143733764,-0.03436646426961211,-0.002771163730411363,0.4874146199861212,0.044221755522473274,-0.8362579562395853,-0.01657348229997312,0.12234459241008021,-0.45804386006813114,-0.2347211236209767,0.5730134583641531,0.30910620878525413,0.20072015648455083,0.031087672053269188,0.18169910760288083,0.6815712204548572,0.04611712386400574,0.6092580934929188,0.6370479992171162,0.07728990207075333,-0.7393481230485436,0.9315086078018631,0.8244951502260661,0.18622315654840343,-0.8132115441025762,0.7213199851896103,0.2700682132205823,0.9866542923985565,0.2930557734404371,0.19999145511535912,0.7757793992478338,0.09676839066740045,-0.14305660398754272,0.17238107154037421
-0.2513231010787433,-11.454413366008048,9.967225751132446,6.810353066527052,-11.293723644137046,2.4984293145399503,4.343673774837506,3.8819352592014527,2.6585074439605894,13.126253654944366,-3.9370423025115686,-0.9311277419256316,-0.6189637778297582,6.089613595047534,1.3016854834410523,-13.745914342028351,0.33709992791921106,1.8118116101312791,-8.068147010226992,-4.438495817471429,8.99297865695862,6.020840308578908,2.715207066596997,2.7018637955093308,3.0436061465465833,13.281476570269902,0.6092580934929188,12.138005209598939,13.435274008509296,-0.16257851393580758,-13.20677922220687,15.597099823832115,16.25976090166681,4.362689280603078,-12.681382069481074,11.035111747310369,3.7830516657898645,17.98663686323371,4.986613093587322,3.7775425474292432,13.812721056973135,2.2252661525929276,-0.8110278482517795,3.722106484431776
0.9165274169942852,-13.839305556253466,10.685899048137347,6.936365285868895,-11.848225993384101,3.3576589129028336,5.152359115911299,4.973542930697406,2.4293932525332846,15.670619069395396,-4.821335172537849,-2.0151669412167337,-0.4616987262480363,6.07998743039637,0.9846223343881509,-15.958339944889897,1.432452949166623,1.2535370762578886,-9.782400745801908,-5.575209783912856,9.885485341407025,6.27354629335959,3.3279900129962705,3.280693600842351,3.4331351886905943,16.034200496717375,0.6370479992171162,13.435274008509296,16.77984957458783,-0.6296022419090912,-14.644522741086766,17.033483688766882,18.263745987020922,4.5191239347917245,-14.434777502008505,12.593950219350695,4.542850514477206,20.977613315758383,6.201088017387979,2.373407223982141,15.623886283086671,2.683074002605504,-1.437021353541897,4.6102069181851
0.4005386605828804,0.041536058840551476,0.9257671106904043,0.7558720630919858,-0.2332264215105306,0.655689959766272,0.45723125301911843,-0.1174788996806924,0.48906600541741074,0.16543809454114652,0.38823758220256227,0.20941756366555386,0.14180072933158314,1.1450994002927932,-0.10108546498393157,-0.67057661539774,-0.3311573650174403,0.26322851596118363,-0.1295683538194457,0.05131477664346187,0.6710671918040014,0.0017724471083652223,0.3566643502213358,-0.7221553521675693,0.12441443220447912,-0.2315498853574376,0.07728990207075333,-0.16257851393580758,-0.6296022419090912,0.6070010191428277,-0.30407625055319604,0.7615790729864874,-0.1858237020411282,-0.24728432497010783,-0.9245017128249351,0.8976869399124671,0.42576309119520983,0.20012828833236787,0.1303094148513026,0.21679048633554546,0.3158173927784742,-0.1371991356111324,-0.5753005597108837,-0.20520826588670554
-0.4041399646762427,12.860351567913145,-11.804127817754551,-8.095188082634616,12.509948677913219,-3.5354709610486954,-5.316968510937323,-4.3248244722869975,-3.28058111155826,-14.89743348798628,4.066915266956313,1.0636218949446772,0.4838531863367277,-7.66956414274397,-1.222026759613712,15.979566606296734,-0.3047204789527023,-2.0742636057428934,9.219288792615922,4.994371521479809,-10.545246405801237,-6.540603409473799,-3.417993972523222,-2.3387795374566402,-3.490368957990413,-14.723486990352107,-0.7393481230485436,-13.20677922220687,-14.644522741086766,-0.30407625055319604,14.852645192471835,-17.8702135801006,-17.7873304693647,-4.4899523134320205,14.968029084336653,-13.129069268889092,-4.676394752082838,-20.268602919056708,-5.790310540181915,-3.9336812417268225,-15.604139897609192,-2.3651718708304617,1.5919952834320823,-4.01611524749275
0.7723009679588722,-15.292695539567474,14.660156737777337,10.130463943198949,-15.025880365490902,4.661694980103708,6.643838859338872,5.07464349122422,4.223247219232405,17.858584252701814,-4.589047566695755,-1.1428921727763972,-0.4747568682726253,9.887244603409274,1.378338480262938,-19.477141891942708,0.1590389194798465,2.6280364934969804,-11.0809406236328,-5.923293267351318,12.993931870961992,7.77276089962587,4.316302753923361,2.293369537930219,4.2404825790846585,17.38889728762106,0.9315086078018631,15.597099823832115,17.033483688766882,0.7615790729864874,-17.8702135801006,21.779004276299062,21.04472840952713,5.167685655976208,-18.443688254976138,16.244003147180187,5.856653775100236,24.27036324718829,6.989888986349914,4.791094694439529,18.78901658396466,2.7249586407446413,-2.2870965721072425,4.64382209731014
-0.04374705408710052,-15.577927717986302,13.491543573003376,9.17798532160577,-15.08425834184867,3.585757168820832,5.982457931216657,5.3124560474936,3.5680927750526883,17.857763263391895,-5.298102022752347,-1.3854045953505496,-0.7650246067233066,8.270754204681802,1.648224464605917,-18.716948786308144,0.5815503468617321,2.3417900958829803,-11.011111686394639,-6.069497502340162,12.182140977364078,8.008815227989194,3.7722574094192556,3.5442700716575297,4.121732525117221,18.029330138344754,0.8244951502260661,16.25976090166681,18.263745987020922,-0.1858237020411282,-17.7873304693647,21.04472840952713,21.845983540215496,5.751933898181529,-17.271913208786994,15.05694255363051,5.223794966386529,24.378627254264284,6.841682873455255,4.783927405632301,18.666422464165567,3.0039276418864174,-1.2938897403247527,5.04889299781835
-0.6448688313600202,-3.7256806013196884,3.1306898733714066,2.175102048789925,-4.047003762304412,0.3628055483703755,1.193828777331515,1.2357262679132124,0.8320585126093337,4.213167579283651,-1.4580462421031626,-0.1607194673954522,-0.3557423117562236,1.7357432523619232,0.6433385374508765,-4.283021157640144,-0.01128685321235109,0.7172617567596736,-2.5277153231923455,-1.3991043497768223,2.8360596674247587,2.2322298056853858,0.6758200382850762,1.24822836814611,0.9900351704322722,4.4181323403232255,0.18622315654840343,4.362689280603078,4.5191239347917245,-0.24728432497010783,-4.4899523134320205,5.167685655976208,5.751933898181529,1.7616255986153717,-3.872945794518339,3.3138517051088208,1.0110518309439354,5.927572242175646,1.4980236422989635,1.7346393499430985,4.607589155671713,0.790400190575926,0.1688818823928075,1.2790286271152547
-1.5990208677234299,13.130239790041415,-12.67761784693874,-8.674685725237865,12.217706890372462,-4.7090912212444085,-6.034047857691125,-4.417354723305838,-3.635187791129992,-15.411925285749001,3.6719147664609335,1.267311648932257,0.15556831528968823,-8.783957018682882,-0.8088195447782108,16.97319470905932,-0.38820277006632226,-2.004300374405099,9.659518572700213,5.167964754158086,-11.233011796049874,-6.189457077795487,-4.025224174301367,-1.4040980034471107,-3.625775756570925,-14.776900677642226,-0.8132115441025762,-12.681382069481074,-14.434777502008505,-0.9245017128249351,14.968029084336653,-18.443688254976138,-17.271913208786994,-3.872945794518339,16.17274864496865,-14.329102080460883,-5.3646220265106654,-20.673612587403753,-6.208724145222934,-3.1953527111759783,-15.891062344453534,-2.233277600942943,2.656048790782115,-3.885913312888855
1.547657205286017,-11.527968927468603,11.231929528733554,7.690876617210682,-10.67156570359209,4.276680261209744,5.381667838048399,3.8760186446068063,3.2342721070924507,13.558333947276168,-3.1557828234771783,-1.1304633827371773,-0.09222767924614728,7.856492561377309,0.6559112289615616,-14.997031764253178,0.33997421499659586,1.7624403926369578,-8.515292972258283,-4.539633345012761,9.935809455323794,5.383619665114851,3.609497267900189,1.0979142043220391,3.1932918904159218,12.93631041936441,0.7213199851896103,11.035111747310369,12.593950219350695,0.8976869399124671,-13.129069268889092,16.244003147180187,15.05694255363051,3.3138517051088208,-14.329102080460883,12.726945913815827,4.7974843261122695,18.165675103653868,5.494545226202843,2.7234555435040906,13.963346652115295,1.9305316055188337,-2.4636206427346643,3.371031633353732
0.9047994910204846,-4.2261305839033385,4.151202009473523,2.8110207329031227,-3.66411750414661,1.819037173537166,2.0930866418588803,1.443479427916579,1.1842309518907599,4.99205748799473,-1.0558563623548902,-0.5151422956775662,0.06444696562791685,2.985891496034946,0.10416853240358828,-5.589397740169716,0.21426658947993768,0.5573429699565952,-3.166166262251731,-1.683689006348787,3.6651931968186613,1.8001142376314927,1.4351770175349163,0.2018807995454561,1.164133505691434,4.680234035197049,0.2700682132205823,3.7830516657898645,4.542850514477206,0.42576309119520983,-4.676394752082838,5.856653775100236,5.223794966386529,1.0110518309439354,-5.3646220265106654,4.7974843261122695,1.8880645365459523,6.5964067820587156,2.0916902326826246,0.6683310767698016,5.025923159925943,0.6656849498642672,-1.161800277458859,1.2042420769356514
1.2401995032623743,-18.166407994063277,15.943385018223431,10.749224211952074,-16.696312754031204,5.188134453847455,7.462217268344711,6.265150717934256,4.2066108993175035,20.941785674643214,-5.776411152276543,-1.9810808244554265,-0.5310365142740551,10.151052571915226,1.405490167948494,-22.22312824376536,0.9854703340037139,2.4297583486158514,-13.050896995526195,-7.1723917516134845,14.37255516060621,8.700018420626455,4.8647268090601905,3.3056148316572678,4.7960437392174855,20.792426584191247,0.9866542923985565,17.98663686323371,20.977613315758383,0.20012828833236787,-20.268602919056708,24.27036324718829,24.378627254264284,5.927572242175646,-20.673612587403753,18.165675103653868,6.5964067820587156,28.23858587676095,8.276189616520947,4.375019513464334,21.476114013783516,3.338194204485921,-2.4941446435423567,5.72154893253792
0.8067163253336764,-5.400485523637834,4.680515067160734,3.0928024076260217,-4.577016926049941,1.8307947064679033,2.338533424697791,1.9041257156341167,1.199250505782899,6.241134095106229,-1.618411029661976,-0.7651931331538108,-0.03701258892909838,3.0396071756785408,0.23288479413611926,-6.656864589194704,0.4608089518389574,0.5621343316486827,-3.9338321045076103,-2.1736192841620774,4.229795921624601,2.331625730917661,1.5683189133373696,0.7676242514830164,1.4037269376268335,6.118259549184375,0.2930557734404371,4.986613093587322,6.201088017387979,0.1303094148513026,-5.790310540181915,6.989888986349914,6.841682873455255,1.4980236422989635,-6.208724145222934,5.494545226202843,2.0916902326826246,8.276189616520947,2.5563088048215312,0.7950406357225522,6.215355372202911,0.9461957193798535,-1.0406411804797906,1.6703672240108567
-1.4261521367330572,-2.3459093067177292,3.1249994553736986,2.4732302324678486,-4.0638248231818555,-0.04627503266657508,0.8391198957503276,0.5386245443490263,1.183490310565111,2.8109342125929424,-0.8579035098034261,0.6582725317221445,-0.4620988788982982,2.185223203668057,0.8994396154462678,-3.2526108954720634,-0.8760943999551223,1.244100159730313,-1.5678781983402683,-0.699244502172868,2.619093191967915,2.25096534635571,0.3936235352877906,0.7631964545179567,0.8300189037525505,2.7900278258954914,0.19999145511535912,3.7775425474292432,2.373407223982141,0.21679048633554546,-3.9336812417268225,4.791094694439529,4.783927405632301,1.7346393499430985,-3.1953527111759783,2.7234555435040906,0.6683310767698016,4.375019513464334,0.7950406357225522,2.9456828581279977,3.8046248876754643,0.5019329001044273,0.4847885865518565,0.7061299520024251
0.709036470340414,-13.691084883482477,12.426548024042892,8.47360122862347,-13.011104893705799,3.9122654738399016,5.701119136389163,4.644917544649253,3.4043598389134875,15.851602671775584,-4.29921126047588,-1.2747675611664728,-0.4479521278960829,8.067756152391603,1.1790487278898474,-16.976383320542876,0.477487961712022,2.0654612857018395,-9.848374726437635,-5.357430945486258,11.126784075234223,6.777940720551193,3.6964474443736473,2.402029455002602,3.6865162086184227,15.654002852571928,0.7757793992478338,13.812721056973135,15.623886283086671,0.3158173927784742,-15.604139897609192,18.78901658396466,18.666422464165567,4.607589155671713,-15.891062344453534,13.963346652115295,5.025923159925943,21.476114013783516,6.215355372202911,3.8046248876754643,16.46448096322183,2.502077038165232,-1.8444665805041387,4.265902063433407
0.020114594716808095,-2.1859864902740944,1.6705517680677895,1.0993711609834451,-1.9658154062115103,0.43276825342648095,0.7663416232390865,0.7814455837607654,0.38148091781474636,2.4641413392027793,-0.8013869440975055,-0.2717470535970069,-0.11278442075473884,0.9143395694692559,0.2108367193561645,-2.486332315271368,0.19361422216426355,0.22732987709274505,-1.5253025789621093,-0.8731116368575731,1.5506590806981109,1.0559095760746726,0.4825790244889223,0.60542120754931,0.5428141969872406,2.559571370686787,0.09676839066740045,2.2252661525929276,2.683074002605504,-0.1371991356111324,-2.3651718708304617,2.7249586407446413,3.0039276418864174,0.790400190575926,-2.233277600942943,1.9305316055188337,0.6656849498642672,3.338194204485921,0.9461957193798535,0.5019329001044273,2.502077038165232,0.4475987849110398,-0.12767115921326896,0.7500145137455366
-1.290690556659594,1.6506740333568661,-1.9734843617261144,-1.2941374102538428,0.903871129739713,-1.519068238939056,-1.244605546461799,-0.5845904669657802,-0.609450671187674,-2.074511571849632,0.06824143312125203,0.3904744272918834,-0.29618209901179215,-1.7571447596052867,0.3170085201101435,2.609665830063673,-0.2096451106147175,-0.06772383472367217,1.4029348731000972,0.7121603157150894,-1.6904142772747444,-0.28074662994535066,-0.9394578992895843,0.6203245447232633,-0.48154539908732924,-1.6358532366626848,-0.14305660398754272,-0.8110278482517795,-1.437021353541897,-0.5753005597108837,1.5919952834320823,-2.2870965721072425,-1.2938897403247527,0.1688818823928075,2.656048790782115,-2.4636206427346643,-1.161800277458859,-2.4941446435423567,-1.0406411804797906,0.4847885865518565,-1.8444665805041387,-0.12767115921326896,1.2392829552281763,-0.33795741974222254
0.1767866404269942,-3.7774941235689083,2.8864633525577332,1.8734575018702817,-3.2772781592284854,0.8475782717456091,1.3737261218005954,1.357678112914319,0.6518227614644662,4.263597899023897,-1.3448850577540676,-0.5240070719989814,-0.14355344199625303,1.607663301684316,0.3019470208069674,-4.327066747342111,0.37976650161394754,0.34387329410535666,-2.6474100930717617,-1.5132041484141396,2.6709411910809315,1.7414558100673456,0.8708128873779984,0.9625514320992882,0.9359016995679116,4.39326395396982,0.17238107154037421,3.722106484431776,4.6102069181851,-0.20520826588670554,-4.01611524749275,4.64382209731014,5.04889299781835,1.2790286271152547,-3.885913312888855,3.371031633353732,1.2042420769356514,5.72154893253792,1.6703672240108567,0.7061299520024251,4.265902063433407,0.7500145137455366,-0.33795741974222254,1.2917463304533066
