V1,V2,V3,V4,V5,V6,V7,V8,V9,V10,V11,V12,V13,V14,V15,V16,V17,V18,V19,V20,V21,V22,V23,V24,V25,V26,V27,V28,V29,V30,V31,V32,V33,V34,V35,V36,V37,V38,V39,V40,V41,V42,V43
4.080959941083713,0.1250137412234537,-2.492134852651071,5.385431677695882,0.8430244683372988,-8.870493637231661,-14.00487337832592,-20.56184533037333,16.70867509836937,-13.673986673663679,37.06738276956495,7.2735060357044405,28.711027325048196,12.229610572184576,22.79365451654184,-16.481196248315133,-15.520433211900016,-16.679603709985216,-14.192893980667257,-25.437565143647717,-8.383423387561074,-8.571200993705922,-6.813915559334082,-17.69546139598298,-20.253466896146268,2.554522630887736,-26.719038240315555,21.057208499735648,8.45583351114863,-5.6835485876268725,18.54597887780267,-9.184503142727982,33.66394443537486,18.372254317679918,9.50038181828401,-28.516618937335835,23.70493725030332,-14.083436591957009,-12.458077408809123,-7.4992539040610735,12.641647920565438,4.515222356654314,-27.648017519946404
0.1250137412234537,0.009358700599518951,-0.08234987139712655,0.15525185743213588,0.02517315139793426,-0.24916324811613408,-0.40772814601311536,-0.5968843852308511,0.48358171274779277,-0.3784340021992952,1.0606377183827962,0.20768762085148504,0.8253715060496617,0.34790901223770265,0.6460412277095031,-0.4814950632075099,-0.4499614628323627,-0.48014609296867056,-0.40568502006025525,-0.7345607363611732,-0.237890129208987,-0.24707209315804202,-0.19558321343089657,-0.5085938219754654,-0.5755717957509585,0.05967710194539644,-0.7656796074852485,0.6051816140958209,0.23965050883542105,-0.1662033438229604,0.5267300865623201,-0.2623354356708344,0.9608708158979699,0.5426453783730827,0.27749145225404587,-0.8099566711950084,0.6785185510533769,-0.4058886862977872,-0.3605333848217728,-0.22195132602368195,0.3706007525185552,0.1266222193950649,-0.7856792847411649
-2.492134852651071,-0.08234987139712655,3.1180419787505977,-4.266290195267839,-0.7919937159842748,6.221615952269746,11.835320229843374,17.561546819210033,-13.445316900883913,9.107614921532305,-26.436249481932133,-5.953718602867514,-22.040351246117595,-8.691280320938567,-16.431047556061532,12.326245392527854,11.139400992156196,13.328876439315737,10.667610166180722,18.264964204127363,5.614231972890117,5.6234000651329685,5.288065068241741,13.112004623899816,13.629429583488479,-0.455282137061825,19.923301294547013,-16.233990022985633,-5.7404949981564055,3.956107845104366,-14.114145467279117,6.410754191024413,-22.96214010237641,-14.477998668067002,-8.077391392531078,20.23193040329104,-18.114394490157572,11.50855627871405,8.689123513432111,6.372289584448485,-9.949589186428293,-3.0706221721992484,18.76985281150659
5.385431677695882,0.15525185743213588,-4.266290195267839,7.741304000095108,1.2879568244686448,-12.26153183217857,-20.578628642225247,-30.332691068102754,24.139592331789654,-18.61506227480798,51.46629288296048,10.577727860633564,40.8294352250661,16.965486535028916,31.7733182443841,-23.215119253854077,-21.581113881255718,-24.044417318511677,-20.04761690122862,-35.38021656174576,-11.417117202549136,-11.592060132971095,-9.72806548650766,-24.87120687363479,-27.623156013395576,2.727911652502662,-37.63736765907254,29.989255315756527,11.565633922677131,-7.820674800182349,26.312428769595122,-12.666819251243076,46.0951655479998,26.324292851437654,13.986093569355143,-39.54317624476404,33.66574549611797,-20.460354543852,-17.16801219232167,-11.03340311631258,18.11384218986096,6.1831828450333814,-37.8108075686589
0.8430244683372988,0.02517315139793426,-0.7919937159842748,1.2879568244686448,0.22372865552667165,-1.9802314553429694,-3.4759875930094086,-5.136251530711234,4.030153382789191,-2.9701491912360702,8.347702963104254,1.7728353447805736,6.739497768674866,2.749115217915609,5.1665920269046595,-3.8088581657156118,-3.506850840794954,-4.00682286229021,-3.2925788978428803,-5.748677192872827,-1.824348459590478,-1.8442173025834065,-1.610536337717544,-4.071308951075589,-4.419451123319615,0.3394453371563307,-6.1699972699377525,4.955413322157143,1.8541172690826215,-1.261181005099091,4.333504544316173,-2.0442464686464508,7.3986046557274445,4.3736816946803625,2.365335802805251,-6.405552223548259,5.550692522321216,-3.4283120999481613,-2.7712018205164077,-1.8668998910546344,3.0087391758741306,0.991834055125495,-6.061905488057892
-8.870493637231661,-0.24916324811613408,6.221615952269746,-12.26153183217857,-1.9802314553429694,19.806841199125923,32.25570939866616,47.4628718355994,-38.14419962938365,30.306977031720283,-82.90615335684824,-16.6703707887576,-65.0154745824962,-27.345851876563952,-51.101171204203865,37.11462257633441,34.722879556528355,38.040880267442255,32.03141154383704,56.92742423912861,18.56957120669936,18.90629822916744,15.461506686520403,39.824580981663836,44.891293702907035,-5.063145044914755,60.20858684795544,-47.71949661759164,-18.771261719055566,12.64440578989137,-41.96237663369024,20.471191924455777,-74.75755913178948,-41.73055369517621,-21.902844093298786,63.75455797871599,-53.649453074315375,32.25049107414323,27.74190150714958,17.272666748460093,-28.720734435004623,-10.032813434030787,61.368668532828075
-14.00487337832592,-0.40772814601311536,11.835320229843374,-20.578628642225247,-3.4759875930094086,32.25570939866616,55.03189728530072,81.19435137264236,-64.27015499913618,48.75367806184465,-135.586792713113,-28.20445006795948,-108.25641759045936,-44.67993626756912,-83.77955356262089,61.415217220054,56.88383031363671,63.97771158079963,53.05569146972455,93.26245622322052,29.917729804416133,30.32183102976921,25.81582246479514,65.73910390111062,72.40827931056002,-6.581759629205266,99.53625926516997,-79.54084387653185,-30.33857864828334,20.563396041351456,-69.71071786210173,33.30700717952384,-120.97065208423912,-69.96157622999318,-37.42690214451998,104.127827999348,-89.22555408063562,54.54793647130602,45.136747181162924,29.51774769302956,-48.13205219527109,-16.22128628493404,99.19096586222578
-20.56184533037333,-0.5968843852308511,17.561546819210033,-30.332691068102754,-5.136251530711234,47.4628718355994,81.19435137264236,119.81479804219859,-94.75639364078013,71.68783744487439,-199.5505096028373,-41.59484127991449,-159.49840104588245,-65.75505290634922,-123.32480733032773,90.44684955263124,83.72410137641577,94.31634488690165,78.14552730149174,137.27004078845488,43.992229741614864,44.571195341764195,38.041736970724884,96.80508358898119,106.47815526359554,-9.542093689966217,146.58827526104662,-117.19733502428421,-44.61954854188327,30.252022245579994,-102.69681878483944,49.00415157653653,-177.92395649432024,-103.11047110000698,-55.22504639378434,153.24186599669878,-131.45161557437618,80.44144413541068,66.4059152099286,43.55216613276026,-70.9376569669144,-23.858286639139656,145.88247202981358
16.70867509836937,0.48358171274779277,-13.445316900883913,24.139592331789654,4.030153382789191,-38.14419962938365,-64.27015499913618,-94.75639364078013,75.31023127766001,-57.84797771058541,160.16134594912447,33.01165691261964,127.25476425250211,52.790708266325424,98.89582952750614,-72.31745571555834,-67.16584498962574,-75.00288973596436,-62.45484238131191,-110.11652350077271,-35.485328200517124,-36.01223250494793,-30.32470648259802,-77.4582671271281,-85.85730517134678,8.31980630219362,-117.23184588661852,93.47349852722435,35.95346521222328,-24.32825071913232,81.99287796740309,-39.39955427744795,143.31335011868475,82.09258303427751,43.69090719779008,-123.04348947512906,104.91645239636242,-63.85177979546511,-53.396126223213855,-34.45993441452548,56.48385119130397,19.22144089933561,-117.54716846348524
-13.673986673663679,-0.3784340021992952,9.107614921532305,-18.61506227480798,-2.9701491912360702,30.306977031720283,48.75367806184465,71.68783744487439,-57.84797771058541,46.520496246527564,-126.71508440017499,-25.25510842395963,-98.90982124349264,-41.80623161353444,-78.0574777046159,56.55155942104242,53.045737951735504,57.71988758635509,48.79823598882399,86.96754571645236,28.490527073820434,29.03883384953904,23.50587634348328,60.72291045971826,68.85406449636179,-8.14956254608581,91.76889915968263,-72.57678853697318,-28.776750115201185,19.351883878174913,-63.87898800011406,31.32965634383065,-114.5690055350715,-63.36579706636078,-33.091113131586674,97.4791744120835,-81.6447400253833,48.860904501456915,42.45503478909127,26.093961061722702,-43.616576720000694,-15.38013526596287,94.0790623893808
37.06738276956495,1.0606377183827962,-26.436249481932133,51.46629288296048,8.347702963104254,-82.90615335684824,-135.586792713113,-199.5505096028373,160.16134594912447,-126.71508440017499,347.2067169565774,70.0123204258234,272.7005040802444,114.50762593493823,214.03611817082367,-155.6144904200787,-145.45708885390246,-159.6932958649808,-134.28727326913773,-238.46388473469887,-77.66701596072788,-79.05867691041581,-64.8675771674057,-166.91964553616035,-187.7780268222562,20.806482168035224,-252.38113664914275,200.1717962828179,78.53009940434026,-52.939475167434466,175.95320805574679,-85.69486730155339,312.80224676023323,175.1770301625572,92.08201076250579,-266.95443382844843,224.99591909792275,-135.4535504249184,-116.14617474675104,-72.62731674556319,120.5529662134124,41.970806158994066,-256.7461010605067
7.2735060357044405,0.20768762085148504,-5.953718602867514,10.577727860633564,1.7728353447805736,-16.6703707887576,-28.20445006795948,-41.59484127991449,33.01165691261964,-25.25510842395963,70.0123204258234,14.478015377361082,55.72172245820665,23.07607438650759,43.2451527859889,-31.642157179610972,-29.361493294742512,-32.87292472606925,-27.335096088782205,-48.13964084138025,-15.490613179857764,-15.711059262498377,-13.282045996149067,-33.88873982029958,-37.48337104905359,3.560488895112163,-51.298940760925625,40.933904988185496,15.700009336734578,-10.626820218671465,35.89888098866532,-17.214600938929895,62.584362390552954,35.96057338948427,19.17584686461315,-53.78360226567094,45.93695940489116,-28.000316549410297,-23.32686630171226,-15.122400987330066,24.743424813059665,8.394629744124298,-51.32887810099017
28.711027325048196,0.8253715060496617,-22.040351246117595,40.8294352250661,6.739497768674866,-65.0154745824962,-108.25641759045936,-159.49840104588245,127.25476425250211,-98.90982124349264,272.7005040802444,55.72172245820665,215.6784353899136,89.90558039476022,168.27626805942083,-122.76591123005815,-114.3112877184573,-126.79453319189393,-105.99348011344568,-187.4093690931408,-60.65205831240408,-61.62544619544365,-51.35922485209106,-131.57143623048196,-146.703451995541,15.038304638657118,-199.05410775058732,158.3801662525281,61.40099418373739,-41.484500725857856,139.04521776323256,-67.17217702879239,244.67780265089803,138.89705434209145,73.56534402054372,-209.5704106707254,177.87072290588122,-107.78726137919116,-91.03496001630612,-58.019935678662016,95.57555415507797,32.82254602817044,-200.74626669931064
12.229610572184576,0.34790901223770265,-8.691280320938567,16.965486535028916,2.749115217915609,-27.345851876563952,-44.67993626756912,-65.75505290634922,52.790708266325424,-41.80623161353444,114.50762593493823,23.07607438650759,89.90558039476022,37.76619370556451,70.58712677320683,-51.307502678689374,-47.967956022146474,-52.639306014194524,-44.27743731992626,-78.64022467719842,-25.62147755383052,-26.08159762430059,-21.384871117405293,-55.039626698545185,-61.945377463717186,6.89088918704151,-83.21801172269937,65.99315477787216,25.905509504742422,-17.459912807862107,58.01386142896047,-28.264804318460172,103.18154031943669,57.742245946749534,30.342424322334114,-88.04413176566956,74.18045677937765,-44.64448437123586,-38.30736893280882,-23.931505087204215,39.738079369433166,13.84537136962056,-84.6930773121406
22.79365451654184,0.6460412277095031,-16.431047556061532,31.7733182443841,5.1665920269046595,-51.101171204203865,-83.77955356262089,-123.32480733032773,98.89582952750614,-78.0574777046159,214.03611817082367,43.2451527859889,168.27626805942083,70.58712677320683,131.97071633521554,-95.98014498373657,-89.66916303336635,-98.5989611374472,-82.84317881651783,-147.00752988366014,-47.83956058528427,-48.67963501980897,-40.03567978227122,-102.9504524553296,-115.67043007443387,12.690393780853785,-155.67676152981488,123.52890975873436,48.38064518458021,-32.61873189325346,108.57004165092756,-52.812008046880834,192.7142954685803,108.1204650855044,56.90093019437291,-164.56034039932567,138.83345255883376,-83.66044979525968,-71.57316550223135,-44.87677751853992,74.40890845975578,25.859991571274065,-158.17294789097934
-16.481196248315133,-0.4814950632075099,12.326245392527854,-23.215119253854077,-3.8088581657156118,37.11462257633441,61.415217220054,90.44684955263124,-72.31745571555834,56.55155942104242,-155.6144904200787,-31.642157179610972,-122.76591123005815,-51.307502678689374,-95.98014498373657,69.95645143045651,65.2253920022333,72.0707542781563,60.37352998878412,106.92937066909262,34.68096002144188,35.26749662824253,29.22167773004692,74.98455956799754,83.87366515897033,-8.834755008254444,113.41532799984637,-90.1379483495817,-35.09303667538667,23.698563438246286,-79.16026384113633,38.35890311029464,-139.83081913023025,-79.01117312655903,-41.726719523000355,119.60092363780474,-101.25745181085546,61.2177335320308,51.99433584566531,32.91452454248554,-54.36530761640127,-18.75565818421526,114.73629611338372
-15.520433211900016,-0.4499614628323627,11.139400992156196,-21.581113881255718,-3.506850840794954,34.722879556528355,56.88383031363671,83.72410137641577,-67.16584498962574,53.045737951735504,-145.45708885390246,-29.361493294742512,-114.3112877184573,-47.967956022146474,-89.66916303336635,65.2253920022333,60.94797468176688,66.96217939192823,56.27955497060395,99.91377862897642,32.520093055907516,33.103159747021074,27.19461813200564,69.95151104880786,78.63068824816318,-8.646788761894664,105.76884736531315,-83.91218744068924,-32.8855470697937,22.176769383549733,-73.74469087708333,35.89501494704051,-131.00006292074016,-73.46106060318758,-38.63291049183685,111.82630711240503,-94.30793918516288,56.80942263091984,48.65673051140729,30.476563026859242,-50.55233569231046,-17.575109432394044,107.51632865289952
-16.679603709985216,-0.48014609296867056,13.328876439315737,-24.044417318511677,-4.00682286229021,38.040880267442255,63.97771158079963,94.31634488690165,-75.00288973596436,57.71988758635509,-159.6932958649808,-32.87292472606925,-126.79453319189393,-52.639306014194524,-98.5989611374472,72.0707542781563,66.96217939192823,74.70369644558171,62.2419810639972,109.78465879302983,35.4027835008289,35.93291704757529,30.211143011686318,77.20329893154236,85.65304145549929,-8.376324335721398,116.84006026295981,-93.13170686534542,-35.86533626216781,24.261694896624558,-81.70602461853964,39.29222227120864,-142.95304925985155,-81.7700103352008,-43.48998426103008,122.6918283823576,-104.54284648033953,63.582762131493936,53.24820741296712,34.29933752581203,-56.26294379031753,-19.174107412843366,117.2578468744026
-14.192893980667257,-0.40568502006025525,10.667610166180722,-20.04761690122862,-3.2925788978428803,32.03141154383704,53.05569146972455,78.14552730149174,-62.45484238131191,48.79823598882399,-134.28727326913773,-27.335096088782205,-105.99348011344568,-44.27743731992626,-82.84317881651783,60.37352998878412,56.27955497060395,62.2419810639972,52.12084119908484,92.26820912512615,29.91747992838808,30.412758285050497,25.23259833347264,64.72283340015628,72.3541290064789,-7.595427972448456,97.90277649574648,-77.82558856067939,-30.27614685598649,20.44070110139088,-68.35102517441618,33.09712627390231,-120.63123862358279,-68.20562646920915,-36.04717925725129,103.21593810104245,-87.42520079874345,52.87797681017135,44.854337885456225,28.429492833266487,-46.93492570685177,-16.184115948668904,98.9852760617586
-25.437565143647717,-0.7345607363611732,18.264964204127363,-35.38021656174576,-5.748677192872827,56.92742423912861,93.26245622322052,137.27004078845488,-110.11652350077271,86.96754571645236,-238.46388473469887,-48.13964084138025,-187.4093690931408,-78.64022467719842,-147.00752988366014,106.92937066909262,99.91377862897642,109.78465879302983,92.26820912512615,163.79572877116343,53.313404684825294,54.26531823717994,44.58369078476271,114.6798306721271,128.90467722781037,-14.176066065867962,173.4013294686164,-137.5704095847111,-53.91193542754441,36.35566762641979,-120.90491149999137,58.845584430945806,-214.75743010183703,-120.43108023754188,-63.34135836072,183.3315692257208,-154.6157312587006,93.1394171122491,79.76214367901171,49.96375110810102,-82.87468957808092,-28.81253045581213,176.26078932406824
-8.383423387561074,-0.237890129208987,5.614231972890117,-11.417117202549136,-1.824348459590478,18.56957120669936,29.917729804416133,43.992229741614864,-35.485328200517124,28.490527073820434,-77.66701596072788,-15.490613179857764,-60.65205831240408,-25.62147755383052,-47.83956058528427,34.68096002144188,32.520093055907516,35.4027835008289,29.91747992838808,53.313404684825294,17.455079741215055,17.793081515407135,14.414300102746807,37.22839444769429,42.185902268807084,-4.960466867138491,56.26176144461385,-44.50526671142071,-17.631137219238678,11.863654766780563,-39.1624722975426,19.200111958320534,-70.20388268358968,-38.87704893721668,-20.30826389626717,59.739706049299556,-50.06075575793649,29.973233226940753,26.02276506447358,16.01670362871582,-26.756975810948447,-9.421850064598896,57.64343221955745
-8.571200993705922,-0.24707209315804202,5.6234000651329685,-11.592060132971095,-1.8442173025834065,18.90629822916744,30.32183102976921,44.571195341764195,-36.01223250494793,29.03883384953904,-79.05867691041581,-15.711059262498377,-61.62544619544365,-26.08159762430059,-48.67963501980897,35.26749662824253,33.103159747021074,35.93291704757529,30.412758285050497,54.26531823717994,17.793081515407135,18.15016428793946,14.641813537486025,37.86107607138265,43.00022452210042,-5.1399509779279695,57.20687838934642,-45.215234726668164,-17.96738711058464,12.085673678480557,-39.795066941434186,19.554650897423265,-71.53868472258102,-39.48484744233309,-20.57848467108125,60.81318328827289,-50.868074508696026,30.404263011963856,26.508615491098475,16.23432846441193,-27.17472587722091,-9.600207091966377,58.74275375190154
-6.813915559334082,-0.19558321343089657,5.288065068241741,-9.72806548650766,-1.610536337717544,15.461506686520403,25.81582246479514,38.041736970724884,-30.32470648259802,23.50587634348328,-64.8675771674057,-13.282045996149067,-51.35922485209106,-21.384871117405293,-40.03567978227122,29.22167773004692,27.19461813200564,30.211143011686318,25.23259833347264,44.58369078476271,14.414300102746807,14.641813537486025,12.233228460602538,31.314927141213644,34.86819471570639,-3.5297404090051843,47.38083389730176,-37.71766633355734,-14.595616723847062,9.863483426515131,-33.106571438526856,15.973618817704052,-58.165299775413985,-33.086856599515706,-17.543614864485807,49.84779733330974,-42.35333016545272,25.691742351848454,21.648780264823976,13.8376086611139,-22.76784040352653,-7.803011615818484,47.71895360410456
-17.69546139598298,-0.5085938219754654,13.112004623899816,-24.87120687363479,-4.071308951075589,39.824580981663836,65.73910390111062,96.80508358898119,-77.4582671271281,60.72291045971826,-166.91964553616035,-33.88873982029958,-131.57143623048196,-55.039626698545185,-102.9504524553296,74.98455956799754,69.95151104880786,77.20329893154236,64.72283340015628,114.6798306721271,37.22839444769429,37.86107607138265,31.314927141213644,80.39528790714662,90.02901646077767,-9.59045283679527,121.59390253813268,-96.59887180438415,-37.66590044085314,25.421203245949734,-84.85550818773957,41.15601371097212,-150.06522761891875,-84.63155067456518,-44.659245325447294,128.3061561021582,-108.53009177177738,65.56010995822076,55.78018069226541,35.224645015524224,-58.23813685629279,-20.132704396554555,123.1453645072374
-20.253466896146268,-0.5755717957509585,13.629429583488479,-27.623156013395576,-4.419451123319615,44.891293702907035,72.40827931056002,106.47815526359554,-85.85730517134678,68.85406449636179,-187.7780268222562,-37.48337104905359,-146.703451995541,-61.945377463717186,-115.67043007443387,83.87366515897033,78.63068824816318,85.65304145549929,72.3541290064789,128.90467722781037,42.185902268807084,43.00022452210042,34.86819471570639,90.02901646077767,101.96303171032007,-11.934411611621512,136.06188810405482,-107.65306257369252,-42.61683258485,28.678574397230783,-94.71931966104006,46.41610932730529,-169.69364518536963,-94.052862786763,-49.150580215537914,144.42882468064656,-121.08180399756185,72.52778832141448,62.91290223295937,38.768796239544116,-64.73203689874725,-22.773863594821783,139.32747247400104
2.554522630887736,0.05967710194539644,-0.455282137061825,2.727911652502662,0.3394453371563307,-5.063145044914755,-6.581759629205266,-9.542093689966217,8.31980630219362,-8.14956254608581,20.806482168035224,3.560488895112163,15.038304638657118,6.89088918704151,12.690393780853785,-8.834755008254444,-8.646788761894664,-8.376324335721398,-7.595427972448456,-14.176066065867962,-4.960466867138491,-5.1399509779279695,-3.5297404090051843,-9.59045283679527,-11.934411611621512,2.4029812863363804,-14.40165680828351,10.9812981908484,4.9498722969073485,-3.248255201891561,9.814868346675722,-5.251295587403163,19.61593725409666,9.328963195599254,4.430840017810668,-16.09497875840503,12.480497583728248,-6.897067267023127,-7.1133525273812035,-3.4896350118740282,6.433901003358907,2.6427675563885145,-16.180976574040205
-26.719038240315555,-0.7656796074852485,19.923301294547013,-37.63736765907254,-6.1699972699377525,60.20858684795544,99.53625926516997,146.58827526104662,-117.23184588661852,91.76889915968263,-252.38113664914275,-51.298940760925625,-199.05410775058732,-83.21801172269937,-155.67676152981488,113.41532799984637,105.76884736531315,116.84006026295981,97.90277649574648,173.4013294686164,56.26176144461385,57.20687838934642,47.38083389730176,121.59390253813268,136.06188810405482,-14.40165680828351,183.91556256950574,-146.14933003701188,-56.92921549711243,38.4272785351423,-128.37127790157882,62.21691906295819,-226.81758699516948,-128.06015333366227,-67.6222203942822,193.99268136705481,-164.18988914123744,99.23809602661414,84.32201412218427,53.33485444403943,-88.12356914232244,-30.43019885834249,186.12418515919617
21.057208499735648,0.6051816140958209,-16.233990022985633,29.989255315756527,4.955413322157143,-47.71949661759164,-79.54084387653185,-117.19733502428421,93.47349852722435,-72.57678853697318,200.1717962828179,40.933904988185496,158.3801662525281,65.99315477787216,123.52890975873436,-90.1379483495817,-83.91218744068924,-93.13170686534542,-77.82558856067939,-137.5704095847111,-44.50526671142071,-45.215234726668164,-37.71766633355734,-96.59887180438415,-107.65306257369252,10.9812981908484,-146.14933003701188,116.30836992330718,45.05926537395251,-30.44630273870742,102.1012790962954,-49.30163156867013,179.55968258616312,102.01240887672108,54.05225650802317,-153.82758987608784,130.61366262866946,-79.18128164651398,-66.81678542639347,-42.63242492809332,70.19528604302211,24.08718107193774,-147.3154541105459
8.45583351114863,0.23965050883542105,-5.7404949981564055,11.565633922677131,1.8541172690826215,-18.771261719055566,-30.33857864828334,-44.61954854188327,35.95346521222328,-28.776750115201185,78.53009940434026,15.700009336734578,61.40099418373739,25.905509504742422,48.38064518458021,-35.09303667538667,-32.8855470697937,-35.86533626216781,-30.27614685598649,-53.91193542754441,-17.631137219238678,-17.96738711058464,-14.595616723847062,-37.66590044085314,-42.61683258485,4.9498722969073485,-56.92921549711243,45.05926537395251,17.81409742437585,-11.989848155288819,39.640684423654676,-19.407307549453844,70.93475505002104,39.37435581006719,20.594887484556406,-60.39861115972285,50.67509691703774,-30.377317239982336,-26.304321946477057,-16.244724143878898,27.099729663576287,9.51994596184134,-58.2387580373204
-5.6835485876268725,-0.1662033438229604,3.956107845104366,-7.820674800182349,-1.261181005099091,12.64440578989137,20.563396041351456,30.252022245579994,-24.32825071913232,19.351883878174913,-52.939475167434466,-10.626820218671465,-41.484500725857856,-17.459912807862107,-32.61873189325346,23.698563438246286,22.176769383549733,24.261694896624558,20.44070110139088,36.35566762641979,11.863654766780563,12.085673678480557,9.863483426515131,25.421203245949734,28.678574397230783,-3.248255201891561,38.4272785351423,-30.44630273870742,-11.989848155288819,8.081090521674623,-26.770140108778772,13.07424039514604,-47.75675505383653,-26.636045933648514,-13.964011537764897,40.7053273859861,-34.23057115703965,20.56341071619513,17.72273407025368,11.014494136267471,-18.328280513407442,-6.406441812139683,39.201681663564926
18.54597887780267,0.5267300865623201,-14.114145467279117,26.312428769595122,4.333504544316173,-41.96237663369024,-69.71071786210173,-102.69681878483944,81.99287796740309,-63.87898800011406,175.95320805574679,35.89888098866532,139.04521776323256,58.01386142896047,108.57004165092756,-79.16026384113633,-73.74469087708333,-81.70602461853964,-68.35102517441618,-120.90491149999137,-39.1624722975426,-39.795066941434186,-33.106571438526856,-84.85550818773957,-94.71931966104006,9.814868346675722,-128.37127790157882,102.1012790962954,39.640684423654676,-26.770140108778772,89.65663930926328,-43.35165701329327,157.9493633313869,89.50363471820393,47.36768003477548,-135.23399127840494,114.6802372100761,-69.43944781834458,-58.74734204029071,-37.35493856636791,61.591340836207095,21.191214604212313,-129.59976262154146
-9.184503142727982,-0.2623354356708344,6.410754191024413,-12.666819251243076,-2.0442464686464508,20.471191924455777,33.30700717952384,49.00415157653653,-39.39955427744795,31.32965634383065,-85.69486730155339,-17.214600938929895,-67.17217702879239,-28.264804318460172,-52.812008046880834,38.35890311029464,35.89501494704051,39.29222227120864,33.09712627390231,58.845584430945806,19.200111958320534,19.554650897423265,15.973618817704052,41.15601371097212,46.41610932730529,-5.251295587403163,62.21691906295819,-49.30163156867013,-19.407307549453844,13.07424039514604,-43.35165701329327,21.162797533315224,-77.29328154237152,-43.11893533357048,-22.615345333715904,65.89636730308561,-55.42860009026599,33.3069903935346,28.684058084210058,17.838678855522648,-29.674752052305166,-10.371784101012716,63.448904382271216
33.66394443537486,0.9608708158979699,-22.96214010237641,46.0951655479998,7.3986046557274445,-74.75755913178948,-120.97065208423912,-177.92395649432024,143.31335011868475,-114.5690055350715,312.80224676023323,62.584362390552954,244.67780265089803,103.18154031943669,192.7142954685803,-139.83081913023025,-131.00006292074016,-142.95304925985155,-120.63123862358279,-214.75743010183703,-70.20388268358968,-71.53868472258102,-58.165299775413985,-150.06522761891875,-169.69364518536963,19.61593725409666,-226.81758699516948,179.55968258616312,70.93475505002104,-47.75675505383653,157.9493633313869,-77.29328154237152,282.47756323898096,156.94256988034587,82.12477139242837,-240.5679149675541,201.9274975966282,-121.09507030967636,-104.76490110450295,-64.77782577069509,108.01194548421633,37.907179216019834,-231.91118156363666
18.372254317679918,0.5426453783730827,-14.477998668067002,26.324292851437654,4.3736816946803625,-41.73055369517621,-69.96157622999318,-103.11047110000698,82.09258303427751,-63.36579706636078,175.1770301625572,35.96057338948427,138.89705434209145,57.742245946749534,108.1204650855044,-79.01117312655903,-73.46106060318758,-81.7700103352008,-68.20562646920915,-120.43108023754188,-38.87704893721668,-39.48484744233309,-33.086856599515706,-84.63155067456518,-94.052862786763,9.328963195599254,-128.06015333366227,102.01240887672108,39.37435581006719,-26.636045933648514,89.50363471820393,-43.11893533357048,156.94256988034587,89.56599204102874,47.55371677575643,-134.58547971697894,114.52426098543154,-69.56701105931054,-58.447419776047994,-37.51286858126743,61.62124987077215,21.045740231782833,-128.73491804032085
9.50038181828401,0.27749145225404587,-8.077391392531078,13.986093569355143,2.365335802805251,-21.902844093298786,-37.42690214451998,-55.22504639378434,43.69090719779008,-33.091113131586674,92.08201076250579,19.17584686461315,73.56534402054372,30.342424322334114,56.90093019437291,-41.726719523000355,-38.63291049183685,-43.48998426103008,-36.04717925725129,-63.34135836072,-20.30826389626717,-20.57848467108125,-17.543614864485807,-44.659245325447294,-49.150580215537914,4.430840017810668,-67.6222203942822,54.05225650802317,20.594887484556406,-13.964011537764897,47.36768003477548,-22.615345333715904,82.12477139242837,47.55371677575643,25.457088384338892,-70.71348165913683,60.630246166858186,-37.08604223318794,-30.646261439339714,-20.074657672216937,32.714141272224914,11.011321868074084,-67.33680919626897
-28.516618937335835,-0.8099566711950084,20.23193040329104,-39.54317624476404,-6.405552223548259,63.75455797871599,104.127827999348,153.24186599669878,-123.04348947512906,97.4791744120835,-266.95443382844843,-53.78360226567094,-209.5704106707254,-88.04413176566956,-164.56034039932567,119.60092363780474,111.82630711240503,122.6918283823576,103.21593810104245,183.3315692257208,59.739706049299556,60.81318328827289,49.84779733330974,128.3061561021582,144.42882468064656,-16.09497875840503,193.99268136705481,-153.82758987608784,-60.39861115972285,40.7053273859861,-135.23399127840494,65.89636730308561,-240.5679149675541,-134.58547971697894,-70.71348165913683,205.26456763867552,-172.91741967481036,104.0529038205358,89.30774555142384,55.770008019717125,-92.62255575694256,-32.28165675617488,197.46616649902498
23.70493725030332,0.6785185510533769,-18.114394490157572,33.66574549611797,5.550692522321216,-53.649453074315375,-89.22555408063562,-131.45161557437618,104.91645239636242,-81.6447400253833,224.99591909792275,45.93695940489116,177.87072290588122,74.18045677937765,138.83345255883376,-101.25745181085546,-94.30793918516288,-104.54284648033953,-87.42520079874345,-154.6157312587006,-50.06075575793649,-50.868074508696026,-42.35333016545272,-108.53009177177738,-121.08180399756185,12.480497583728248,-164.18988914123744,130.61366262866946,50.67509691703774,-34.23057115703965,114.6802372100761,-55.42860009026599,201.9274975966282,114.52426098543154,60.630246166858186,-172.91741967481036,146.69620898755377,-88.85891737747049,-75.11743321681516,-47.81694843527012,78.80629656617229,27.089244329798905,-165.67757160371633
-14.083436591957009,-0.4058886862977872,11.50855627871405,-20.460354543852,-3.4283120999481613,32.25049107414323,54.54793647130602,80.44144413541068,-63.85177979546511,48.860904501456915,-135.4535504249184,-28.000316549410297,-107.78726137919116,-44.64448437123586,-83.66044979525968,61.2177335320308,56.80942263091984,63.582762131493936,52.87797681017135,93.1394171122491,29.973233226940753,30.404263011963856,25.691742351848454,65.56010995822076,72.52778832141448,-6.897067267023127,99.23809602661414,-79.18128164651398,-30.377317239982336,20.56341071619513,-69.43944781834458,33.3069903935346,-121.09507030967636,-69.56701105931054,-37.08604223318794,104.0529038205358,-88.85891737747049,54.15535051592367,45.13671626666805,29.249395059331384,-47.86541946821988,-16.241456322115997,99.31524953572642
-12.458077408809123,-0.3605333848217728,8.689123513432111,-17.16801219232167,-2.7712018205164077,27.74190150714958,45.136747181162924,66.4059152099286,-53.396126223213855,42.45503478909127,-116.14617474675104,-23.32686630171226,-91.03496001630612,-38.30736893280882,-71.57316550223135,51.99433584566531,48.65673051140729,53.24820741296712,44.854337885456225,79.76214367901171,26.02276506447358,26.508615491098475,21.648780264823976,55.78018069226541,62.91290223295937,-7.1133525273812035,84.32201412218427,-66.81678542639347,-26.304321946477057,17.72273407025368,-58.74734204029071,28.684058084210058,-104.76490110450295,-58.447419776047994,-30.646261439339714,89.30774555142384,-75.11743321681516,45.13671626666805,38.88463713280573,24.17914842685236,-40.22292590759151,-14.056800910453786,85.99672052819402
-7.4992539040610735,-0.22195132602368195,6.372289584448485,-11.03340311631258,-1.8668998910546344,17.272666748460093,29.51774769302956,43.55216613276026,-34.45993441452548,26.093961061722702,-72.62731674556319,-15.122400987330066,-58.019935678662016,-23.931505087204215,-44.87677751853992,32.91452454248554,30.476563026859242,34.29933752581203,28.429492833266487,49.96375110810102,16.01670362871582,16.23432846441193,13.8376086611139,35.224645015524224,38.768796239544116,-3.4896350118740282,53.33485444403943,-42.63242492809332,-16.244724143878898,11.014494136267471,-37.35493856636791,17.838678855522648,-64.77782577069509,-37.51286858126743,-20.074657672216937,55.770008019717125,-47.81694843527012,29.249395059331384,24.17914842685236,15.837164374110905,-25.80694234159691,-8.684940512225056,53.11023937678812
12.641647920565438,0.3706007525185552,-9.949589186428293,18.11384218986096,3.0087391758741306,-28.720734435004623,-48.13205219527109,-70.9376569669144,56.48385119130397,-43.616576720000694,120.5529662134124,24.743424813059665,95.57555415507797,39.738079369433166,74.40890845975578,-54.36530761640127,-50.55233569231046,-56.26294379031753,-46.93492570685177,-82.87468957808092,-26.756975810948447,-27.17472587722091,-22.76784040352653,-58.23813685629279,-64.73203689874725,6.433901003358907,-88.12356914232244,70.19528604302211,27.099729663576287,-18.328280513407442,61.591340836207095,-29.674752052305166,108.01194548421633,61.62124987077215,32.714141272224914,-92.62255575694256,78.80629656617229,-47.86541946821988,-40.22292590759151,-25.80694234159691,42.39787988872606,14.485823815556675,-88.6007576239297
4.515222356654314,0.1266222193950649,-3.0706221721992484,6.1831828450333814,0.991834055125495,-10.032813434030787,-16.22128628493404,-23.858286639139656,19.22144089933561,-15.38013526596287,41.970806158994066,8.394629744124298,32.82254602817044,13.84537136962056,25.859991571274065,-18.75565818421526,-17.575109432394044,-19.174107412843366,-16.184115948668904,-28.81253045581213,-9.421850064598896,-9.600207091966377,-7.803011615818484,-20.132704396554555,-22.773863594821783,2.6427675563885145,-30.43019885834249,24.08718107193774,9.51994596184134,-6.406441812139683,21.191214604212313,-10.371784101012716,37.907179216019834,21.045740231782833,11.011321868074084,-32.28165675617488,27.089244329798905,-16.241456322115997,-14.056800910453786,-8.684940512225056,14.485823815556675,5.088160829205748,-31.123186030078255
-27.648017519946404,-0.7856792847411649,18.76985281150659,-37.8108075686589,-6.061905488057892,61.368668532828075,99.19096586222578,145.88247202981358,-117.54716846348524,94.0790623893808,-256.7461010605067,-51.32887810099017,-200.74626669931064,-84.6930773121406,-158.17294789097934,114.73629611338372,107.51632865289952,117.2578468744026,98.9852760617586,176.26078932406824,57.64343221955745,58.74275375190154,47.71895360410456,123.1453645072374,139.32747247400104,-16.180976574040205,186.12418515919617,-147.3154541105459,-58.2387580373204,39.201681663564926,-129.59976262154146,63.448904382271216,-231.91118156363666,-128.73491804032085,-67.33680919626897,197.46616649902498,-165.67757160371633,99.31524953572642,85.99672052819402,53.11023937678812,-88.6007576239297,-31.123186030078255,190.40427898296463
