V1,V2,V3,V4,V5,V6,V7,V8,V9,V10,V11,V12,V13,V14,V15,V16,V17,V18,V19,V20,V21,V22,V23,V24,V25,V26,V27,V28,V29,V30,V31,V32,V33,V34,V35,V36,V37,V38,V39,V40,V41,V42,V43,V44
1701.961034091578,-1268.1367212966404,3945.539731607077,1853.4110222583492,-586.8003033199094,-931.7259536143216,163.59791496778502,230.61667473583918,1040.6194734281219,-1534.0904033071247,3218.8489081832613,-1658.0245183909017,-6078.135614020772,4112.1677083091945,1730.2818533604338,2080.4406423052046,1484.2116230307317,2226.8462746704604,501.2561325918466,2052.3359658335467,628.0163521641025,2450.6289997625345,1361.3052725101827,2462.9379534806,1687.7456288521098,521.2174650802227,153.11893467826326,373.58553341020155,84.33917621333507,2979.2094617937823,-723.0052264328785,-307.7609293330815,1027.122735749944,1357.2589590776608,3013.314018557169,3023.4769136847094,1707.3203152441154,-190.03459121437194,-3999.4101402105407,-1970.4942221556735,5691.992683979687,1739.7835652028261,-6403.417966844155,3817.7104563789153
-1268.1367212966404,945.6659377642359,-2941.939317230868,-1381.8832849285593,437.79979984762616,695.090512177931,-122.07940176638489,-171.9821706244843,-776.0201064729713,1143.5335523208555,-2400.1056122952127,1236.9236185904113,4531.659913246432,-3065.8574536499127,-1289.834578711066,-1551.052816196644,-1106.6362836541273,-1660.6023333236758,-374.2585377806181,-1530.8185759186586,-467.8692518109456,-1827.445713405823,-1014.3834952291131,-1836.604229907933,-1258.5022968923142,-388.60146905801815,-114.17550525428936,-278.61327688110043,-62.86080947047516,-2221.2296233550305,539.7066608400678,229.41459121315032,-765.3845703815281,-1012.4628206717219,-2246.60455021341,-2254.5544398309403,-1273.3325947891035,141.37139364347655,2981.4614099960518,1469.3433495127833,-4243.90909149957,-1296.6127478705982,4774.466849729829,-2846.18696435174
3945.539731607077,-2941.939317230868,9152.549009579689,4298.875140856341,-1361.8705533468274,-2162.3523641540896,379.80123673492835,534.9862478776527,2414.174807748267,-3557.71966018934,7466.638768280918,-3847.8566088160787,-14097.95341875455,9538.013798232758,4012.8524741667998,4825.183991267167,3442.666730208801,5166.1356599194705,1164.048448358914,4762.059592506212,1455.8160411099498,5685.089168826824,3156.167136497297,5713.356329868605,3915.1827345581046,1208.776210505855,355.2689589553253,866.6148647923264,195.6121562982194,6910.131306153759,-1678.6116732630908,-713.596736418451,2381.443564498737,3149.6961077787873,6989.353738708415,7013.943703372451,3961.4078629657924,-440.0003844820639,-9275.384060928474,-4570.989846027672,13202.898675344852,4033.8961206669974,-14853.483859265982,8854.67576025492
1853.4110222583492,-1381.8832849285593,4298.875140856341,2019.89072181492,-639.7268006319044,-1015.634232855134,178.24883919730286,251.3999451784999,1134.052552005436,-1671.0597434384722,3507.65399609509,-1807.3663349670612,-6623.1426626735465,4480.44336700599,1884.9539772088901,2267.2661096704005,1617.448181197484,2426.704025140261,546.9507159072792,2237.3696470534683,683.6321507997221,2670.733460441579,1482.1821530204681,2684.5322730353973,1839.2509669949236,568.3475196740085,166.69997922953198,407.4289224496072,91.77628709638621,3246.5386975939955,-789.0288635769614,-335.62971254598386,1118.279794397975,1479.3712519876174,3283.0405891632045,3294.6497319303817,1860.264098305556,-206.53352597916222,-4357.676929281587,-2147.6685265705887,6202.19389270448,1895.2227489522609,-6977.1968705289855,4159.418303022933
-586.8003033199094,437.79979984762616,-1361.8705533468274,-639.7268006319044,202.78642805898653,321.85413389866824,-56.50733787101961,-79.6329934646003,-359.1766342006664,529.2134742887187,-1111.0216041052922,572.7220938184189,2097.6992429224097,-1419.0860935494302,-597.0349670273047,-717.9737271179321,-512.3755673821755,-768.7539744586516,-173.3753733623532,-708.7854079102955,-216.46659720519128,-846.0515591718253,-469.4983599828774,-850.1861026311262,-582.5996873626723,-179.98821227726032,-52.84383015227401,-128.94749756977757,-29.07500992731203,-1028.1998458992844,249.9963943100026,106.16220329249676,-354.17798150739065,-468.7897347910464,-1040.0097743983154,-1043.8223985361078,-589.5432220654232,65.33974242021681,1380.0596602261157,680.2225991043451,-1964.6009349261146,-600.1199189323087,2210.0920337602874,-1317.4644564372304
-931.7259536143216,695.090512177931,-2162.3523641540896,-1015.634232855134,321.85413389866824,511.12840582488303,-89.77262645192877,-126.37526088430158,-570.4483569191003,840.3001012794404,-1764.000420170629,909.4083416688876,3330.5893564713756,-2253.309880687766,-947.9422831811726,-1139.8961076193827,-813.3672403496593,-1220.7426154138207,-275.2847968896218,-1125.464527945894,-343.7368490047284,-1343.2964410475247,-745.3247005275896,-1349.869674865251,-925.0690922519418,-285.6146274765509,-83.9677229812668,-204.7502019709991,-46.21958655361712,-1632.492434953391,396.93601565646145,168.62437012025717,-562.2906446631525,-744.3769030103865,-1651.1907941297331,-1657.2273034260961,-935.9974036195429,103.84763084942513,2191.030650455586,1080.0894560685547,-3119.2791252384877,-952.6809861606424,3509.120809327268,-2091.7338699200495
163.59791496778502,-122.07940176638489,379.80123673492835,178.24883919730286,-56.50733787101961,-89.77262645192877,15.82036363308833,22.15749383867527,100.19444475893746,-147.60854512864304,309.7094506488512,-159.75573752330763,-584.6986527335448,395.7046017424266,166.4319005551159,200.01636583793837,142.73860580438767,214.36686098822776,48.3068304054741,197.53892245915938,60.38134539210206,235.82150987614065,130.91153463757848,236.91681893104337,162.3866602149674,50.02165144159168,14.778022276173553,35.90960360342199,8.127748963760675,286.5387787793947,-69.61653808270236,-29.554062657684582,98.7848754847666,130.71170470519039,289.96545251179936,290.9503487963191,164.47968581147256,-18.267755532190755,-384.58962370525137,-189.5116149515398,547.6511189580539,167.2006401260322,-616.2395506365242,367.30731100871367
230.61667473583918,-171.9821706244843,534.9862478776527,251.3999451784999,-79.6329934646003,-126.37526088430158,22.15749383867527,31.35982609662976,141.1809382388678,-208.01426379466002,436.7245040459529,-224.96055809449223,-824.393403911393,557.6305368511123,234.57409548562748,282.31380522337895,201.27674924673266,301.97551803438927,68.16932124219284,278.5064134087011,85.06938540985405,332.38148686605433,184.32927358741117,334.3291555625456,228.9650196192171,70.71417828312232,20.71040338849099,50.807550234143285,11.432506717700772,404.20535911410747,-98.29403455303463,-41.76328117053543,139.22217934084506,184.20891738150598,408.4846087007793,410.0300899279654,231.47571974436144,-25.615345056553117,-542.4532507628192,-267.39843830161175,771.8626658412513,235.9041503016722,-868.4651444462108,517.6542293926753
1040.6194734281219,-776.0201064729713,2414.174807748267,1134.052552005436,-359.1766342006664,-570.4483569191003,100.19444475893746,141.1809382388678,637.0862407922672,-938.5383605449509,1969.9134598647108,-1015.1974856716174,-3719.09208933994,2516.1590699275193,1058.3905634582347,1273.095568398843,907.9621336320394,1362.8118618510441,307.3050124322154,1256.463772125125,383.904416458434,1499.6456560369058,831.984824375609,1507.6748171192953,1032.888043892509,318.77017944226475,93.6592557729841,228.90176254526187,51.617451503031376,1823.1018835715442,-443.15865288260096,-188.42227955925037,628.0265881893961,830.9851236452472,1843.3551009667835,1849.9388468090403,1044.7464012644064,-115.94717496055645,-2446.798325319249,-1206.0186708049985,3482.6057849831386,1063.9739720224056,-3918.32629659324,2335.6076482030594
-1534.0904033071247,1143.5335523208555,-3557.71966018934,-1671.0597434384722,529.2134742887187,840.3001012794404,-147.60854512864304,-208.01426379466002,-938.5383605449509,1383.3030876657822,-2902.709234083619,1495.5162952290793,5480.471332732186,-3707.8604407165785,-1559.9117062168993,-1875.9015999309713,-1338.0632304553687,-2007.9961398032613,-452.3246612876633,-1850.831778290488,-566.0949220249979,-2209.726264279361,-1226.8802202432523,-2221.2062820148535,-1521.9049690226877,-469.7256270253377,-138.02843102119235,-337.0614935980449,-76.04582060821858,-2686.369508416143,652.3298108040477,277.45554861478104,-926.0384551542621,-1224.1983437798388,-2716.779841974687,-2726.1334455604488,-1539.670888827411,171.07631245068848,3605.9476936259484,1776.7902053374294,-5132.125282401943,-1568.3621367881667,5774.144013314023,-3442.1907229327717
3218.8489081832613,-2400.1056122952127,7466.638768280918,3507.65399609509,-1111.0216041052922,-1764.000420170629,309.7094506488512,436.7245040459529,1969.9134598647108,-2902.709234083619,6092.515980340928,-3139.337533058458,-11502.83295932862,7781.815191680087,3273.7017924725365,3937.6317861120883,2808.671926603622,4214.685817771868,950.077301475114,3885.6556103707294,1187.5341303462526,4638.297959892608,2574.023018106362,4662.687686222288,3194.501032744247,986.4027338799992,289.5714431354272,707.7326969947082,159.52147719966402,5638.594622324909,-1370.2599857410323,-582.611478615408,1942.7294546869584,2569.818405099478,5701.706623271289,5721.98907971011,3231.261392223637,-358.59394167638965,-7568.1843390157255,-3729.920375555149,10771.58618519463,3291.355739172776,-12118.626208093046,7224.075933680567
-1658.0245183909017,1236.9236185904113,-3847.8566088160787,-1807.3663349670612,572.7220938184189,909.4083416688876,-159.75573752330763,-224.96055809449223,-1015.1974856716174,1495.5162952290793,-3139.337533058458,1618.3313156168665,5926.994422689649,-4009.8661412939196,-1686.758494467963,-2028.6514787955562,-1447.2750926136075,-2172.153456175402,-489.8990012665455,-2002.6753762429685,-611.6666763710435,-2390.3026823397363,-1326.0990015340942,-2402.4896079179566,-1646.1422400828355,-508.1667214054569,-149.32348208125106,-364.56940993394403,-82.2091039464449,-2905.2302398551183,706.4291513534732,300.11424302132315,-1000.7169608503315,-1324.5845814087945,-2938.148374811684,-2948.784399753788,-1665.5491514232872,184.67309198619265,3899.180648542859,1921.9477862250185,-5550.5855257365265,-1695.418360777302,6244.7377042355265,-3722.329375650149
-6078.135614020772,4531.659913246432,-14097.95341875455,-6623.1426626735465,2097.6992429224097,3330.5893564713756,-584.6986527335448,-824.393403911393,-3719.09208933994,5480.471332732186,-11502.83295932862,5926.994422689649,21718.937329412598,-14693.004357315147,-6181.467508019215,-7434.599747909457,-5303.577547362979,-7957.951779179461,-1793.3531703202336,-7336.423512829705,-2242.354673314662,-8757.886961339358,-4860.939604346296,-8803.002746225155,-6031.499029173342,-1862.9634637662175,-546.8078573536881,-1335.8967403773856,-301.10930012318465,-10646.10142137053,2586.814497309958,1100.1680258897247,-3668.0261493385556,-4851.629994939606,-10766.174547609638,-10804.138161526625,-6100.926993385764,677.4316024961364,14289.888236602561,7042.4444943591325,-20338.718758272673,-6214.868398846339,22881.03978838088,-13640.253912748325
4112.1677083091945,-3065.8574536499127,9538.013798232758,4480.44336700599,-1419.0860935494302,-2253.309880687766,395.7046017424266,557.6305368511123,2516.1590699275193,-3707.8604407165785,7781.815191680087,-4009.8661412939196,-14693.004357315147,9940.429502812562,4181.997611290785,5029.259619273628,3587.765123555954,5383.827923509673,1213.1906232771164,4963.013512605408,1517.1506180621589,5924.718923413491,3288.7776312004116,5955.02661791338,4080.3473941803213,1259.8862398355602,370.10675421725523,903.5799014684723,203.84385888645528,7202.066890102928,-1749.657574336868,-744.0789168878396,2481.7294105869805,3282.293862731711,7283.673652025503,7309.229470498937,4127.776393091102,-458.5254410377247,-9667.053398196147,-4764.093180708255,13759.508397447364,4204.292737331808,-15479.829490161377,9228.013269557334
1730.2818533604338,-1289.834578711066,4012.8524741667998,1884.9539772088901,-597.0349670273047,-947.9422831811726,166.4319005551159,234.57409548562748,1058.3905634582347,-1559.9117062168993,3273.7017924725365,-1686.758494467963,-6181.467508019215,4181.997611290785,1759.6134274581577,2115.753194970662,1509.5736134230478,2265.0248527594176,510.201584787663,2087.801681250688,638.4385371007116,2492.6250863281293,1384.1182344318315,2504.953875353831,1716.6265538314653,530.1495145808566,155.75814606595338,379.92512267500376,85.77389964884648,3029.8663634494733,-735.7926299709093,-312.92257303976083,1044.2657752547225,1380.808069741346,3064.5943876714045,3075.3254209833945,1736.6788399025286,-193.03864624845517,-4067.120714571431,-2004.2576922446685,5789.012267577593,1768.9708548173512,-6512.449149368809,3882.4789233621304
2080.4406423052046,-1551.052816196644,4825.183991267167,2267.2661096704005,-717.9737271179321,-1139.8961076193827,200.01636583793837,282.31380522337895,1273.095568398843,-1875.9015999309713,3937.6317861120883,-2028.6514787955562,-7434.599747909457,5029.259619273628,2115.753194970662,2545.3138379923116,1815.3823567574807,2723.797524932394,614.0179923297959,2511.4168939483266,767.4183353482058,2997.7524058307567,1663.3825070297783,3013.8568902411444,2064.6376274136614,637.8698609001825,187.01307241916007,457.6087697723518,103.02649656961135,3644.516882464856,-885.8088221172363,-376.8177969845221,1255.388184180319,1660.650149515142,3684.8080722774916,3697.932869749606,2087.824700283275,-231.69744806613403,-4891.708873922577,-2410.9209300528423,6961.651543955395,2127.4746180502357,-7831.9228359474455,4668.823230480398
1484.2116230307317,-1106.6362836541273,3442.666730208801,1617.448181197484,-512.3755673821755,-813.3672403496593,142.73860580438767,201.27674924673266,907.9621336320394,-1338.0632304553687,2808.671926603622,-1447.2750926136075,-5303.577547362979,3587.765123555954,1509.5736134230478,1815.3823567574807,1295.3943625389181,1943.3377037241407,437.8809404457884,1791.5708430264815,547.5126663784739,2138.787650237207,1187.3107350009375,2149.318630911035,1472.8312545800252,455.2113578056191,133.5525416273497,326.0148671921267,73.4895135262951,2599.5686018909323,-631.6565507872971,-268.61195964789596,895.5807325883754,1184.680133226264,2629.312087751139,2638.6387937990353,1489.9060820336322,-165.45366612293785,-3489.4734241036153,-1719.7332869208224,4966.861318252856,1517.6829468795765,-5587.170060493122,3330.9016470632023
2226.8462746704604,-1660.6023333236758,5166.1356599194705,2426.704025140261,-768.7539744586516,-1220.7426154138207,214.36686098822776,301.97551803438927,1362.8118618510441,-2007.9961398032613,4214.685817771868,-2172.153456175402,-7957.951779179461,5383.827923509673,2265.0248527594176,2723.797524932394,1943.3377037241407,2916.288586117668,657.2672239395076,2688.456762904378,821.5714271437915,3209.2291890587817,1781.1753041954103,3225.2367662977017,2210.1089390448483,682.496058173904,200.51111375145905,489.281701830171,110.38736567830836,3900.6402192975124,-947.9255825475603,-402.98894471907784,1343.8684362169495,1778.0142150460404,3945.1293261801425,3959.1797640468294,2235.913241508072,-248.27229604169725,-5235.580736860782,-2580.465694346836,7452.689165988094,2276.8292413988174,-8384.136561781706,4997.977495998734
501.2561325918466,-374.2585377806181,1164.048448358914,546.9507159072792,-173.3753733623532,-275.2847968896218,48.3068304054741,68.16932124219284,307.3050124322154,-452.3246612876633,950.077301475114,-489.8990012665455,-1793.3531703202336,1213.1906232771164,510.201584787663,614.0179923297959,437.8809404457884,657.2672239395076,148.65610697277,606.382250376697,184.80891756354885,723.2803904829839,400.63066696141004,727.3867772554876,498.18766284571893,153.79244665521776,45.140819272442904,110.52930293451082,24.90643320271956,879.2714866167709,-214.2260167389064,-90.89610784039422,302.4678041076988,401.02955792319983,888.6359828824615,892.1913264840595,503.80032172152977,-55.66734089462752,-1179.6745200241628,-581.8677247702956,1679.2690993364188,512.7548957997581,-1889.419315708578,1125.958079801791
2052.3359658335467,-1530.8185759186586,4762.059592506212,2237.3696470534683,-708.7854079102955,-1125.464527945894,197.53892245915938,278.5064134087011,1256.463772125125,-1850.831778290488,3885.6556103707294,-2002.6753762429685,-7336.423512829705,4963.013512605408,2087.801681250688,2511.4168939483266,1791.5708430264815,2688.456762904378,606.382250376697,2479.0223538239434,756.996930402317,2958.642459503801,1641.1801749294639,2973.979129040951,2037.5825570031568,629.4398968707391,184.7098901401346,451.4122934441379,101.71106151647184,3596.254969257309,-874.6125329959043,-371.77186639253597,1238.3462771597146,1639.2836224866667,3636.447061187557,3649.746739221977,2060.855846564159,-228.55500027931026,-4826.585427305955,-2379.3314468795943,6870.261448696403,2098.7758811902863,-7728.878352406587,4607.1164737797535
628.0163521641025,-467.8692518109456,1455.8160411099498,683.6321507997221,-216.46659720519128,-343.7368490047284,60.38134539210206,85.06938540985405,383.904416458434,-566.0949220249979,1187.5341303462526,-611.6666763710435,-2242.354673314662,1517.1506180621589,638.4385371007116,767.4183353482058,547.5126663784739,821.5714271437915,184.80891756354885,756.996930402317,231.85464004572634,904.0901103570312,502.4641000813364,908.4716489627464,622.6734117202145,192.15471956164453,56.528621937088644,137.72850065165824,31.14079778989081,1099.0319356635007,-266.52402822231176,-113.40844200365312,379.1772534104241,500.7899486330146,1111.8231402717242,1115.5384226937672,630.0450988661603,-70.16358788206011,-1475.4981679800292,-726.8689530704355,2100.016423732919,641.8877599923395,-2362.5737240643903,1408.595058172468
2450.6289997625345,-1827.445713405823,5685.089168826824,2670.733460441579,-846.0515591718253,-1343.2964410475247,235.82150987614065,332.38148686605433,1499.6456560369058,-2209.726264279361,4638.297959892608,-2390.3026823397363,-8757.886961339358,5924.718923413491,2492.6250863281293,2997.7524058307567,2138.787650237207,3209.2291890587817,723.2803904829839,2958.642459503801,904.0901103570312,3531.810003918541,1960.1688240457527,3549.5319004755966,2432.222895233841,751.3451907008176,220.55199903907712,538.5304437726156,121.39424625334344,4292.774008573118,-1043.2974282591683,-443.56526996898015,1478.888639391269,1956.591405302134,4341.592506714538,4357.063280822629,2460.439523466304,-273.1100129747389,-5762.019204135665,-2839.8611625627605,8201.69863415677,2505.856246841785,-9226.564438032918,5500.2851631344365
1361.3052725101827,-1014.3834952291131,3156.167136497297,1482.1821530204681,-469.4983599828774,-745.3247005275896,130.91153463757848,184.32927358741117,831.984824375609,-1226.8802202432523,2574.023018106362,-1326.0990015340942,-4860.939604346296,3288.7776312004116,1384.1182344318315,1663.3825070297783,1187.3107350009375,1781.1753041954103,400.63066696141004,1641.1801749294639,502.4641000813364,1960.1688240457527,1089.6313006591292,1968.942898284902,1349.773832035059,416.8980158767896,122.61193225616664,298.27218467582514,67.44867018533913,2382.2469675056145,-577.789587135085,-245.7855006519658,821.7333956908404,1085.563107304083,2410.7080983126684,2418.769953188289,1366.1367015908868,-152.14933471495038,-3198.4549760059494,-1575.636853874522,4552.8733724304575,1391.4573613393175,-5121.45731592631,3053.6754884333996
2462.9379534806,-1836.604229907933,5713.356329868605,2684.5322730353973,-850.1861026311262,-1349.869674865251,236.91681893104337,334.3291555625456,1507.6748171192953,-2221.2062820148535,4662.687686222288,-2402.4896079179566,-8803.002746225155,5955.02661791338,2504.953875353831,3013.8568902411444,2149.318630911035,3225.2367662977017,727.3867772554876,2973.979129040951,908.4716489627464,3549.5319004755966,1968.942898284902,3569.0308186379125,2444.732603767247,755.0656428245259,221.41421198881807,542.0607388065707,122.00683885936607,4315.449312290631,-1049.2561647966306,-446.2094101911936,1486.2783455773974,1966.6025564266229,4362.745103370246,4378.435349734089,2472.208388448684,-274.142717570019,-5791.865293401925,-2854.763381713477,8242.789488763512,2518.7242172246056,-9273.725215480326,5527.986746535208
1687.7456288521098,-1258.5022968923142,3915.1827345581046,1839.2509669949236,-582.5996873626723,-925.0690922519418,162.3866602149674,228.9650196192171,1032.888043892509,-1521.9049690226877,3194.501032744247,-1646.1422400828355,-6031.499029173342,4080.3473941803213,1716.6265538314653,2064.6376274136614,1472.8312545800252,2210.1089390448483,498.18766284571893,2037.5825570031568,622.6734117202145,2432.222895233841,1349.773832035059,2444.732603767247,1675.0972377596922,517.3202717834793,151.8764736887966,370.998155069637,83.65005717110901,2956.5316263499676,-718.5333548434361,-305.48529572283894,1018.574838150491,1347.556163977231,2989.8031698828354,3000.5368064650943,1694.356956330167,-188.05874246402504,-3968.30284937195,-1955.8910077927803,5648.277927995657,1725.7598446008278,-6354.317263283783,3787.924513283174
521.2174650802227,-388.60146905801815,1208.776210505855,568.3475196740085,-179.98821227726032,-285.6146274765509,50.02165144159168,70.71417828312232,318.77017944226475,-469.7256270253377,986.4027338799992,-508.1667214054569,-1862.9634637662175,1259.8862398355602,530.1495145808566,637.8698609001825,455.2113578056191,682.496058173904,153.79244665521776,629.4398968707391,192.15471956164453,751.3451907008176,416.8980158767896,755.0656428245259,517.3202717834793,160.30990793320385,46.79594495682701,114.58426457679924,25.703611271242654,913.159851389704,-222.11200476535242,-94.55458015330882,314.26563246507897,415.93433277393314,923.4486804447513,926.767681767381,522.9646674989655,-58.01669521178112,-1225.8192855861278,-604.2117141375064,1744.5904005084735,533.2046807545989,-1961.9708528306667,1169.810036976258
153.11893467826326,-114.17550525428936,355.2689589553253,166.69997922953198,-52.84383015227401,-83.9677229812668,14.778022276173553,20.71040338849099,93.6592557729841,-138.02843102119235,289.5714431354272,-149.32348208125106,-546.8078573536881,370.10675421725523,155.75814606595338,187.01307241916007,133.5525416273497,200.51111375145905,45.140819272442904,184.7098901401346,56.528621937088644,220.55199903907712,122.61193225616664,221.41421198881807,151.8764736887966,46.79594495682701,13.86805329612269,33.490675343582346,7.639649844861404,267.9533863749011,-64.98450172209648,-27.592508687170664,92.43632734226165,122.23704674620411,271.27667261766175,272.22940434325784,153.85074442674812,-17.169801717148303,-359.685245859367,-177.2750183595089,512.290152015234,156.41451725146453,-576.3133576746303,343.5562374285819
373.58553341020155,-278.61327688110043,866.6148647923264,407.4289224496072,-128.94749756977757,-204.7502019709991,35.90960360342199,50.807550234143285,228.90176254526187,-337.0614935980449,707.7326969947082,-364.56940993394403,-1335.8967403773856,903.5799014684723,379.92512267500376,457.6087697723518,326.0148671921267,489.281701830171,110.52930293451082,451.4122934441379,137.72850065165824,538.5304437726156,298.27218467582514,542.0607388065707,370.998155069637,114.58426457679924,33.490675343582346,82.54024243811452,18.48852284776371,655.0723291253657,-159.5090515812175,-67.88134615598763,225.38753874087126,298.41336672987467,661.6262037918818,664.0619912862737,374.82036744116266,-41.447385544745785,-878.9758928453875,-433.3380349524951,1250.4774751884856,382.18229126111663,-1407.1269091233385,838.6357108531627
84.33917621333507,-62.86080947047516,195.6121562982194,91.77628709638621,-29.07500992731203,-46.21958655361712,8.127748963760675,11.432506717700772,51.617451503031376,-76.04582060821858,159.52147719966402,-82.2091039464449,-301.10930012318465,203.84385888645528,85.77389964884648,103.02649656961135,73.4895135262951,110.38736567830836,24.90643320271956,101.71106151647184,31.14079778989081,121.39424625334344,67.44867018533913,122.00683885936607,83.65005717110901,25.703611271242654,7.639649844861404,18.48852284776371,4.241341051693871,147.6210830068534,-35.7824243769687,-15.187224129269245,50.93681138293149,67.34522836723886,149.28934746427038,149.86027147761664,84.6733346903947,-9.453058216926708,-198.08308739608304,-97.67329944753652,282.031415687194,86.13074554807181,-317.39752594091163,189.15174498919689
2979.2094617937823,-2221.2296233550305,6910.131306153759,3246.5386975939955,-1028.1998458992844,-1632.492434953391,286.5387787793947,404.20535911410747,1823.1018835715442,-2686.369508416143,5638.594622324909,-2905.2302398551183,-10646.10142137053,7202.066890102928,3029.8663634494733,3644.516882464856,2599.5686018909323,3900.6402192975124,879.2714866167709,3596.254969257309,1099.0319356635007,4292.774008573118,2382.2469675056145,4315.449312290631,2956.5316263499676,913.159851389704,267.9533863749011,655.0723291253657,147.6210830068534,5218.702620022574,-1268.2354728432529,-539.3735661146325,1797.871809514656,2378.202240778913,5276.888834094972,5295.669209537529,2990.2138616704583,-331.9205542921923,-7004.612955998109,-3452.247026650425,9969.202296643562,3046.3508866268717,-11215.59744700415,6685.868102006498
-723.0052264328785,539.7066608400678,-1678.6116732630908,-789.0288635769614,249.9963943100026,396.93601565646145,-69.61653808270236,-98.29403455303463,-443.15865288260096,652.3298108040477,-1370.2599857410323,706.4291513534732,2586.814497309958,-1749.657574336868,-735.7926299709093,-885.8088221172363,-631.6565507872971,-947.9255825475603,-214.2260167389064,-874.6125329959043,-266.52402822231176,-1043.2974282591683,-577.789587135085,-1049.2561647966306,-718.5333548434361,-222.11200476535242,-64.98450172209648,-159.5090515812175,-35.7824243769687,-1268.2354728432529,309.11321119373997,131.32175004947285,-436.1195906984915,-578.182992696119,-1281.697502978385,-1286.6612381664736,-726.3502448638756,80.23736843807,1701.7117916249163,839.2433103809595,-2422.091273886189,-739.7392608341138,2724.8752678782876,-1624.0107918143901
-307.7609293330815,229.41459121315032,-713.596736418451,-335.62971254598386,106.16220329249676,168.62437012025717,-29.554062657684582,-41.76328117053543,-188.42227955925037,277.45554861478104,-582.611478615408,300.11424302132315,1100.1680258897247,-744.0789168878396,-312.92257303976083,-376.8177969845221,-268.61195964789596,-402.98894471907784,-90.89610784039422,-371.77186639253597,-113.40844200365312,-443.56526996898015,-245.7855006519658,-446.2094101911936,-305.48529572283894,-94.55458015330882,-27.592508687170664,-67.88134615598763,-15.187224129269245,-539.3735661146325,131.32175004947285,56.00711847701662,-185.46477439860155,-245.57593581148353,-545.0025954661502,-546.9058865741202,-308.57254240906656,34.237137609819015,723.8612862953407,356.8592039213893,-1029.9434552776283,-314.79237790322907,1158.5650778571817,-690.6479041648942
1027.122735749944,-765.3845703815281,2381.443564498737,1118.279794397975,-354.17798150739065,-562.2906446631525,98.7848754847666,139.22217934084506,628.0265881893961,-926.0384551542621,1942.7294546869584,-1000.7169608503315,-3668.0261493385556,2481.7294105869805,1044.2657752547225,1255.388184180319,895.5807325883754,1343.8684362169495,302.4678041076988,1238.3462771597146,379.1772534104241,1478.888639391269,821.7333956908404,1486.2783455773974,1018.574838150491,314.26563246507897,92.43632734226165,225.38753874087126,50.93681138293149,1797.871809514656,-436.1195906984915,-185.46477439860155,620.2580086280075,819.3060269368297,1818.613797460733,1824.7754693030834,1030.7110822911905,-114.63974806845705,-2413.5969855920926,-1189.0068744366088,3435.075690843861,1049.9346521284824,-3864.8213538426867,2304.134476060817
1357.2589590776608,-1012.4628206717219,3149.6961077787873,1479.3712519876174,-468.7897347910464,-744.3769030103865,130.71170470519039,184.20891738150598,830.9851236452472,-1224.1983437798388,2569.818405099478,-1324.5845814087945,-4851.629994939606,3282.293862731711,1380.808069741346,1660.650149515142,1184.680133226264,1778.0142150460404,401.02955792319983,1639.2836224866667,500.7899486330146,1956.591405302134,1085.563107304083,1966.6025564266229,1347.556163977231,415.93433277393314,122.23704674620411,298.41336672987467,67.34522836723886,2378.202240778913,-578.182992696119,-245.57593581148353,819.3060269368297,1084.3670107130515,2405.0024829662793,2413.874007781996,1363.3064749633327,-151.15624557653712,-3191.82195459464,-1573.3848783991361,4543.531583529658,1387.8770151891717,-5111.736497065666,3046.9538954903305
3013.314018557169,-2246.60455021341,6989.353738708415,3283.0405891632045,-1040.0097743983154,-1651.1907941297331,289.96545251179936,408.4846087007793,1843.3551009667835,-2716.779841974687,5701.706623271289,-2938.148374811684,-10766.174547609638,7283.673652025503,3064.5943876714045,3684.8080722774916,2629.312087751139,3945.1293261801425,888.6359828824615,3636.447061187557,1111.8231402717242,4341.592506714538,2410.7080983126684,4362.745103370246,2989.8031698828354,923.4486804447513,271.27667261766175,661.6262037918818,149.28934746427038,5276.888834094972,-1281.697502978385,-545.0025954661502,1818.613797460733,2405.0024829662793,5337.821947594514,5356.427543047859,3025.081281155664,-336.1186492286291,-7083.477368443426,-3490.604884582403,10082.831552588235,3080.8237519354775,-11342.738504558127,6762.145281601239
3023.4769136847094,-2254.5544398309403,7013.943703372451,3294.6497319303817,-1043.8223985361078,-1657.2273034260961,290.9503487963191,410.0300899279654,1849.9388468090403,-2726.1334455604488,5721.98907971011,-2948.784399753788,-10804.138161526625,7309.229470498937,3075.3254209833945,3697.932869749606,2638.6387937990353,3959.1797640468294,892.1913264840595,3649.746739221977,1115.5384226937672,4357.063280822629,2418.769953188289,4378.435349734089,3000.5368064650943,926.767681767381,272.22940434325784,664.0619912862737,149.86027147761664,5295.669209537529,-1286.6612381664736,-546.9058865741202,1824.7754693030834,2413.874007781996,5356.427543047859,5375.56113212291,3035.7534014761236,-337.09083250984474,-7108.321207886543,-3503.318764908651,10118.411325817302,3091.4339905764755,-11382.729413981362,6785.73106457182
1707.3203152441154,-1273.3325947891035,3961.4078629657924,1860.264098305556,-589.5432220654232,-935.9974036195429,164.47968581147256,231.47571974436144,1044.7464012644064,-1539.670888827411,3231.261392223637,-1665.5491514232872,-6100.926993385764,4127.776393091102,1736.6788399025286,2087.824700283275,1489.9060820336322,2235.913241508072,503.80032172152977,2060.855846564159,630.0450988661603,2460.439523466304,1366.1367015908868,2472.208388448684,1694.356956330167,522.9646674989655,153.85074442674812,374.82036744116266,84.6733346903947,2990.2138616704583,-726.3502448638756,-308.57254240906656,1030.7110822911905,1363.3064749633327,3025.081281155664,3035.7534014761236,1714.9238644093043,-190.4175361809457,-4013.786110089201,-1977.9623654682807,5713.975896923443,1745.5255598641684,-6428.388312643796,3832.1481650691294
-190.03459121437194,141.37139364347655,-440.0003844820639,-206.53352597916222,65.33974242021681,103.84763084942513,-18.267755532190755,-25.615345056553117,-115.94717496055645,171.07631245068848,-358.59394167638965,184.67309198619265,677.4316024961364,-458.5254410377247,-193.03864624845517,-231.69744806613403,-165.45366612293785,-248.27229604169725,-55.66734089462752,-228.55500027931026,-70.16358788206011,-273.1100129747389,-152.14933471495038,-274.142717570019,-188.05874246402504,-58.01669521178112,-17.169801717148303,-41.447385544745785,-9.453058216926708,-331.9205542921923,80.23736843807,34.237137609819015,-114.63974806845705,-151.15624557653712,-336.1186492286291,-337.09083250984474,-190.4175361809457,21.42011401051355,445.75192894404904,219.50183563962295,-634.6158448699252,-193.99944623599043,713.8112412221506,-425.6999521399546
-3999.4101402105407,2981.4614099960518,-9275.384060928474,-4357.676929281587,1380.0596602261157,2191.030650455586,-384.58962370525137,-542.4532507628192,-2446.798325319249,3605.9476936259484,-7568.1843390157255,3899.180648542859,14289.888236602561,-9667.053398196147,-4067.120714571431,-4891.708873922577,-3489.4734241036153,-5235.580736860782,-1179.6745200241628,-4826.585427305955,-1475.4981679800292,-5762.019204135665,-3198.4549760059494,-5791.865293401925,-3968.30284937195,-1225.8192855861278,-359.685245859367,-878.9758928453875,-198.08308739608304,-7004.612955998109,1701.7117916249163,723.8612862953407,-2413.5969855920926,-3191.82195459464,-7083.477368443426,-7108.321207886543,-4013.786110089201,445.75192894404904,9402.275672453594,4633.451450797088,-13381.58585817485,-4089.39892558622,15054.23155785734,-8974.593575306908
-1970.4942221556735,1469.3433495127833,-4570.989846027672,-2147.6685265705887,680.2225991043451,1080.0894560685547,-189.5116149515398,-267.39843830161175,-1206.0186708049985,1776.7902053374294,-3729.920375555149,1921.9477862250185,7042.4444943591325,-4764.093180708255,-2004.2576922446685,-2410.9209300528423,-1719.7332869208224,-2580.465694346836,-581.8677247702956,-2379.3314468795943,-726.8689530704355,-2839.8611625627605,-1575.636853874522,-2854.763381713477,-1955.8910077927803,-604.2117141375064,-177.2750183595089,-433.3380349524951,-97.67329944753652,-3452.247026650425,839.2433103809595,356.8592039213893,-1189.0068744366088,-1573.3848783991361,-3490.604884582403,-3503.318764908651,-1977.9623654682807,219.50183563962295,4633.451450797088,2284.005346551468,-6594.800493847865,-2014.9938804184783,7418.993984432377,-4422.527717924493
5691.992683979687,-4243.90909149957,13202.898675344852,6202.19389270448,-1964.6009349261146,-3119.2791252384877,547.6511189580539,771.8626658412513,3482.6057849831386,-5132.125282401943,10771.58618519463,-5550.5855257365265,-20338.718758272673,13759.508397447364,5789.012267577593,6961.651543955395,4966.861318252856,7452.689165988094,1679.2690993364188,6870.261448696403,2100.016423732919,8201.69863415677,4552.8733724304575,8242.789488763512,5648.277927995657,1744.5904005084735,512.290152015234,1250.4774751884856,282.031415687194,9969.202296643562,-2422.091273886189,-1029.9434552776283,3435.075690843861,4543.531583529658,10082.831552588235,10118.411325817302,5713.975896923443,-634.6158448699252,-13381.58585817485,-6594.800493847865,19047.07409247109,5819.834462830715,-21427.402261029525,12773.856023981245
1739.7835652028261,-1296.6127478705982,4033.8961206669974,1895.2227489522609,-600.1199189323087,-952.6809861606424,167.2006401260322,235.9041503016722,1063.9739720224056,-1568.3621367881667,3291.355739172776,-1695.418360777302,-6214.868398846339,4204.292737331808,1768.9708548173512,2127.4746180502357,1517.6829468795765,2276.8292413988174,512.7548957997581,2098.7758811902863,641.8877599923395,2505.856246841785,1391.4573613393175,2518.7242172246056,1725.7598446008278,533.2046807545989,156.41451725146453,382.18229126111663,86.13074554807181,3046.3508866268717,-739.7392608341138,-314.79237790322907,1049.9346521284824,1387.8770151891717,3080.8237519354775,3091.4339905764755,1745.5255598641684,-193.99944623599043,-4089.39892558622,-2014.9938804184783,5819.834462830715,1778.8496071100703,-6547.136846752839,3903.3202603844734
-6403.417966844155,4774.466849729829,-14853.483859265982,-6977.1968705289855,2210.0920337602874,3509.120809327268,-616.2395506365242,-868.4651444462108,-3918.32629659324,5774.144013314023,-12118.626208093046,6244.7377042355265,22881.03978838088,-15479.829490161377,-6512.449149368809,-7831.9228359474455,-5587.170060493122,-8384.136561781706,-1889.419315708578,-7728.878352406587,-2362.5737240643903,-9226.564438032918,-5121.45731592631,-9273.725215480326,-6354.317263283783,-1961.9708528306667,-576.3133576746303,-1407.1269091233385,-317.39752594091163,-11215.59744700415,2724.8752678782876,1158.5650778571817,-3864.8213538426867,-5111.736497065666,-11342.738504558127,-11382.729413981362,-6428.388312643796,713.8112412221506,15054.23155785734,7418.993984432377,-21427.402261029525,-6547.136846752839,24106.571021979995,-14370.590674444593
3817.7104563789153,-2846.18696435174,8854.67576025492,4159.418303022933,-1317.4644564372304,-2091.7338699200495,367.30731100871367,517.6542293926753,2335.6076482030594,-3442.1907229327717,7224.075933680567,-3722.329375650149,-13640.253912748325,9228.013269557334,3882.4789233621304,4668.823230480398,3330.9016470632023,4997.977495998734,1125.958079801791,4607.1164737797535,1408.595058172468,5500.2851631344365,3053.6754884333996,5527.986746535208,3787.924513283174,1169.810036976258,343.5562374285819,838.6357108531627,189.15174498919689,6685.868102006498,-1624.0107918143901,-690.6479041648942,2304.134476060817,3046.9538954903305,6762.145281601239,6785.73106457182,3832.1481650691294,-425.6999521399546,-8974.593575306908,-4422.527717924493,12773.856023981245,3903.3202603844734,-14370.590674444593,8567.061763014475
