V1,V2,V3,V4,V5,V6,V7,V8,V9,V10,V11,V12,V13,V14,V15,V16,V17,V18,V19,V20,V21,V22,V23,V24,V25,V26,V27,V28,V29,V30,V31,V32,V33,V34,V35,V36,V37,V38,V39,V40,V41,V42,V43,V44
1.8828638920029064,-0.6982931123049124,2.7465597830488666,0.7092342500825113,0.028299737244301508,-0.5798048559701847,0.26638594820387984,-0.23486637807835634,0.5947848956622257,-1.0844161786722013,1.0450105875570717,-0.5610461952081344,-2.905496528016596,2.814088220593362,1.3956780061701828,0.37352862089317873,0.6409897078108331,1.5047691480182939,-0.3508740888816542,0.5391686008289578,0.8313790195384374,1.0960900813453236,1.797809059037295,0.08367764809801291,0.6997656130488589,-0.15644668649155385,0.4601471084343373,-0.3726799545373943,0.24943311840730115,1.0017896624191114,0.6661973013224906,-0.04361732895791412,0.8870832365127373,0.3452269145638321,2.213627313146317,1.6592238582288426,1.1931337460403881,-0.9217715216823461,-1.74052345399262,-0.6149983186827093,3.40008000078857,0.9202909880182744,-3.547087767484268,2.396091164797286
-0.6982931123049124,0.5310166844100181,-1.6797172899240294,-0.6520454573496641,0.2839554491551457,0.32992322916139344,-0.07289184655304837,-0.0973427150595829,-0.31600497269196154,0.6541337006046719,-1.2409741860147956,0.6299151711644042,2.3062505047567745,-1.5577213786630217,-0.7224728721660161,-0.7112839063924472,-0.6109777196832754,-0.8232413974759066,-0.10800605837445418,-0.6346648664949314,-0.3231602274516473,-0.9549886949902922,-0.7629474888557183,-0.7977521521461718,-0.6286164771432164,-0.17204656163015591,-0.06524553230936332,-0.04849568711979686,-0.020620934327372272,-1.0700932636199643,0.1272379057322025,-0.01595266566837053,-0.5788858939609957,-0.5423347821410771,-1.3230909804257878,-1.2948909572878244,-0.8494367147926006,0.0661349382170092,1.576198438398118,0.6222986454385718,-2.2686534090863684,-0.7394560636833191,2.5829230531850715,-1.6070653919227749
2.7465597830488666,-1.6797172899240294,5.654012065098255,1.8476012260567727,-0.7095898421230036,-1.073964388888943,0.33332401325877753,0.09386670519055816,0.9698454689218956,-2.194847853339812,3.4532761897829425,-1.7696266006167218,-6.958196471787376,5.188109838610785,2.545400899871554,1.7446793219829435,1.8384856658651834,2.742948682804627,-0.05154276540317697,1.6088147590322623,1.3172932430318949,2.8619942704516346,3.0870147491600273,1.695591649400377,1.8328338700786633,0.28516373560886876,0.42889019013130675,-0.22576887270065446,0.17858274376810385,2.949968362807025,0.2646909646233068,0.1663099443718574,2.047367417998914,1.4753352999599827,4.534553818138752,4.117619999476437,2.8759802789239415,-0.6834253296164906,-4.675187511114263,-1.641090857583859,7.308376307415628,2.3127344003247337,-8.133863278146837,5.2498551755781415
0.7092342500825113,-0.6520454573496641,1.8476012260567727,1.2964696029024636,-0.2844599906881179,-0.6050014616161146,0.04042086730114751,0.19081676428371178,0.8105680395425244,-0.7151458604276741,2.051275946909117,-1.0778671979807388,-3.7562277042989343,2.3798027553559837,0.7989997668265733,1.591306454971218,0.8151613322518149,1.3380850619265057,0.6239444211557914,1.691917226156776,0.08363703209146878,1.4702792938047848,0.032568739986440436,2.066301424818799,1.0927757643022027,0.4559045543381361,-1.07402201863986e-4,0.5612943044950172,0.037009475865010445,2.067932012485143,-0.9945122977134262,-0.5157955615731851,0.11990589134678582,0.8428565495114518,1.2870501665592418,1.4814608762899748,0.518523236167286,0.039854128883025586,-2.368020528824605,-1.5719377934091132,3.1244614098387107,0.8692946443418984,-3.515549217443145,1.8777781992473404
0.028299737244301508,0.2839554491551457,-0.7095898421230036,-0.2844599906881179,0.373343938900692,0.04963321780326994,0.03632695288516897,-0.1972633261869887,0.07652270503220261,0.24189601461909999,-0.74734459586145785,0.3485047155801783,1.01814947208276,-0.3050636364337205,-0.22259534970660616,-0.42198146383381796,-0.4266478351941625,-0.1486554193245537,-0.12370033912771798,-0.20520324206154875,-0.07810342019567088,-0.5218069320700238,-0.3602119403615656,-0.507878797464882,-0.30003866907869653,-0.24409235737270527,0.11615066458092678,-0.05106043864683249,0.1043879701669934,-0.5198904124002642,0.1965070925589268,-0.20510865709077844,-0.42101755877576136,-0.3984198478948462,-0.6288192519870429,-0.794677643974172,-0.5814362320042314,-0.3153346777627022,0.8809316583191988,0.19102594243609242,-0.9618541313800194,-0.45189939209508384,1.1717745465962293,-0.7671083879029967
-0.5798048559701847,0.32992322916139344,-1.073964388888943,-0.6050014616161146,0.04963321780326994,0.3659015322869095,-0.06762036890613715,0.007877185586465088,-0.4415035221910925,0.3837440828872988,-0.837385377384459,0.4839368127040586,1.8107400901984523,-1.3691963612148774,-0.519013091107613,-0.6175890502512056,-0.38094703559362236,-0.8012533400591103,-0.19137130824472248,-0.7904974120266542,-0.13699783023166454,-0.7104410949522729,-0.2354310835896502,-0.7363936902203069,-0.5141385730747479,-0.13995985073849276,-0.1083972815817011,-0.141244556712962,-0.07808476698593518,-0.8965093073726299,0.28563973361964257,0.26647719491361194,-0.06624970156990988,-0.3379991054004172,-0.7849195404869467,-0.764640959531801,-0.29964802696009013,0.20248365846364616,1.053818355019513,0.7366050192947897,-1.6874629154724359,-0.3922233055318899,1.7656807492287487,-0.9958742104060286
0.26638594820387984,-0.07289184655304837,0.33332401325877753,0.04042086730114751,0.03632695288516897,-0.06762036890613715,0.04705884989693623,-0.053256429409016585,0.07771647662130964,-0.14151513868320303,0.05978362505400318,-0.04129574959491478,-0.25940467131583334,0.3467587018316093,0.1726310438236108,-0.02555795678091398,0.034146746091740274,0.17888923243185806,-0.07868566296116197,0.00915382188677222,0.12375924363551898,0.08316639513332158,0.24945761482859202,-0.08039210433509889,0.05334119904373743,-0.07216840455331772,0.0794130402049734,-0.07593992439157135,0.04607262862472014,0.05490593996674224,0.15074229852947424,0.004570425655213337,0.11853289846495332,0.0094607309280362,0.25775362168746974,0.15335867495564984,0.14469261319066037,-0.1606569292025715,-0.13182839999736448,-0.022807875991031318,0.35492395231540996,0.079639957263385,-0.3818846426167427,0.26511204038131536
-0.23486637807835634,-0.0973427150595829,0.09386670519055816,0.19081676428371178,-0.1972633261869887,0.007877185586465088,-0.053256429409016585,0.16927707559588753,0.01657437531395871,-0.06352094699809714,0.5098022703185068,-0.22753999015471402,-0.5275064840685987,0.025939152531491108,-0.048808886516361366,0.3940512202698682,0.15656970057743277,-0.019225267818155294,0.22536726225817055,0.2419181415335991,-0.09927046073464538,0.23026957507950918,-0.21348240208806937,0.5980952718936271,0.1748851447163537,0.16628151158434498,-0.1438146105059892,0.2179497216983526,-0.08177440551703022,0.4041845385865574,-0.3699997493537958,0.008745977158603582,0.06568059550905976,0.24574502640763268,0.0304815967991143,0.21988728681259925,0.1024624488395063,0.32247028166272845,-0.46244768036369405,-0.21177307832894812,0.24638134761485603,0.17169509265802793,-0.46691975120785423,0.1968813950872163
0.5947848956622257,-0.31600497269196154,0.9698454689218956,0.8105680395425244,0.07652270503220261,-0.4415035221910925,0.07771647662130964,0.01657437531395871,0.779018949260597,-0.46419904751752417,1.1758398108149335,-0.648891749642669,-2.2888906246047593,1.7595782102771877,0.44747597406350414,0.9938065922657466,0.25853954993349426,0.9572620555399934,0.4409826725607517,1.205114222976106,0.011592149144402677,0.7497314843584167,-0.33826932375812124,1.3883998580485895,0.6593986905681439,0.09816778865303981,0.08277564309909961,0.47546460983553984,0.12138634314750633,1.3253390206857503,-0.6730999497792689,-0.5810793129742385,-0.19196403440638815,0.4019344962642932,0.49442211327620306,0.508623240697001,-0.02636192002887821,-0.19397724118949716,-1.2535160046913223,-1.1171450797645104,1.7265212670849304,0.34039446471653423,-2.0517742530889325,0.9360381757194403
-1.0844161786722013,0.6541337006046719,-2.194847853339812,-0.7151458604276741,0.24189601461909999,0.3837440828872988,-0.14151513868320303,-0.06352094699809714,-0.46419904751752417,0.956328297782006,-1.487304508920516,0.7257736205859239,2.7941834087088067,-2.113789924102925,-0.9505072317905332,-0.7641065365832549,-0.6233995034272726,-1.0354032091676495,-0.018911506230072147,-0.620161371446004,-0.5164126715486609,-1.0604927286417252,-1.0661985436006751,-0.849791434106528,-0.7251820985253346,-0.020732711061541995,-0.14419219270836625,-0.01785043954048492,-0.07830187173440138,-1.2537203684718685,-0.0624999416252319,-0.035231883895728025,-0.8419537138666829,-0.592033817752015,-1.6628305644571937,-1.4746754678895038,-1.0798801925385122,0.23629170250859688,1.888505978134299,0.6469771199941671,-2.759877951418183,-0.9112527325103401,3.3080804092983698,-2.056940494314484
1.0450105875570717,-1.2409741860147956,3.4532761897829425,2.051275946909117,-0.74734459586145785,-0.837385377384459,0.05978362505400318,0.5098022703185068,1.1758398108149335,-1.487304508920516,3.8882350727226602,-1.942458464906229,-6.437335873907556,3.8433587169523915,1.32842549349834,2.7294577551225254,1.4285736838397176,1.9772024432341935,1.0101579764905577,2.471390348624885,0.2694748822097551,2.5067619234151883,0.34826591245800365,3.628593354258465,1.8473797085721457,0.680720623847804,-0.13730885531060333,0.9507317354157144,-0.035167633128903246,3.5562019411443266,-1.5463966490592869,-0.4753132642695815,0.8040441231142392,1.6386550520426133,2.392076529908786,2.7541012959974376,1.399069258294338,0.40786900622391636,-4.345526541336783,-2.3197186933751293,5.286160246928902,1.7296365223607677,-6.491849653009584,3.545182558852577
-0.5610461952081344,0.6299151711644042,-1.7696266006167218,-1.0778671979807388,0.3485047155801783,0.4839368127040586,-0.04129574959491478,-0.22753999015471402,-0.648891749642669,0.7257736205859239,-1.942458464906229,1.0101736581901164,3.314177520713717,-2.0375076197511226,-0.6986034649421288,-1.3862542548702315,-0.7303098155526728,-1.0934701852912776,-0.5371996826018735,-1.3547763944075493,-0.12008060189014096,-1.304099790023888,-0.1419028734747046,-1.838785420391132,-0.9610974884383997,-0.35294040448520514,0.037625602194703935,-0.4795479686075117,-0.0034886977717505665,-1.820350182757624,0.8196886463323309,0.3017040465090633,-0.3175322041041285,-0.830705686505267,-1.2215328980537161,-1.4070373037690975,-0.6689873160946506,-0.14776098713810826,2.173146668403525,1.254819108643455,-2.7571456184404233,-0.834109279404812,3.297515558773548,-1.7826028831035068
-2.905496528016596,2.3062505047567745,-6.958196471787376,-3.7562277042989343,1.01814947208276,1.8107400901984523,-0.25940467131583334,-0.5275064840685987,-2.2888906246047593,2.7941834087088067,-6.437335873907556,3.314177520713717,11.842901520237426,-7.861049388716894,-2.999485825622837,-4.454614595425411,-2.6703062726575517,-4.240940187620415,-1.3737243798587133,-4.4604734847269425,-0.8658754037849081,-4.646865352791111,-1.5752816520652955,-5.570498024265414,-3.3371720284629074,-1.0773205342678451,-0.16719141895565418,-1.200625886725108,-0.1543178701009171,-6.124300771836291,2.072583244702093,0.9948060558736196,-1.4354119851860552,-2.656109685941247,-5.077542228664958,-5.2945896414870015,-2.658653983429473,0.15598437114449357,7.6805170566891965,4.230453165987208,-10.489081512234277,-3.134525547111157,12.023588182009926,-6.847265913831568
2.814088220593362,-1.5577213786630217,5.188109838610785,2.3798027553559837,-0.3050636364337205,-1.3691963612148774,0.3467587018316093,0.025939152531491108,1.7595782102771877,-2.113789924102925,3.8433587169523915,-2.0375076197511226,-7.861049388716894,6.0394582595587005,2.402227133573714,2.493379151408586,1.5973893483184802,3.2559593454900746,0.5146250936334799,2.7618967928191696,0.9416845926474865,2.963504117300065,1.7014109254358503,2.9337301974560868,2.1388512616065807,0.31792094870087484,0.45892651223178016,0.44754247816361953,0.3196495718688397,3.777493479000598,-0.6682022741954762,-0.7412391976929338,1.0701067742613477,1.4816419836319048,3.799043087129679,3.4754106773545823,1.8586866062184721,-0.8617075774990143,-4.840115767663195,-2.672932132223178,7.400064389963909,2.0189109993762626,-8.287677918095548,4.848051170165239
1.3956780061701828,-0.7224728721660161,2.545400899871554,0.7989997668265733,-0.22259534970660616,-0.519013091107613,0.1726310438236108,-0.048808886516361366,0.44747597406350414,-0.9505072317905332,1.32842549349834,-0.6986034649421288,-2.999485825622837,2.402227133573714,1.2124557751928942,0.638655100794308,0.8005846380984453,1.310260533305037,-0.12425295346337635,0.6832311680705737,0.6414971112188718,1.2382086947519158,1.5158447655051774,0.5014548070384433,0.7762568861428897,0.0929693991162773,0.2733641770136422,-0.20857076433030636,0.12390266295901024,1.1862301596392268,0.271045171963042,0.032989705516968025,0.8572602018384295,0.5504893526249339,2.0857015283772693,1.8102547462147283,1.2348822211517398,-0.4914067473381388,-1.9469549407133933,-0.7098005664217695,3.305328487338904,0.9856372045338343,-3.5017594366311178,2.3194076827956676
0.37352862089317873,-0.7112839063924472,1.7446793219829435,1.591306454971218,-0.42198146383381796,-0.6175890502512056,-0.02555795678091398,0.3940512202698682,0.9938065922657466,-0.7641065365832549,2.7294577551225254,-1.3862542548702315,-4.454614595425411,2.493379151408586,0.638655100794308,2.212657286854375,0.8868973139298777,1.3416045809314616,1.0284646332428913,2.1771217291866933,-0.14087060279665692,1.6910499800254826,-0.6189294942358481,3.073906964112971,1.3312161515610808,0.6279537962551756,-0.18916681968058263,1.003472387657735,-0.03724172550828863,2.697601019848068,-1.6537784873479395,-0.6946017879136299,-0.019447959037876873,1.1223533135140438,1.0431037405667822,1.4907550599579358,0.3704937580461542,0.429895543144887,-2.887522070430064,-1.9994836725084542,3.2510243047131198,0.9737499736557966,-3.9894948422070757,1.9283673095266765
0.6409897078108331,-0.6109777196832754,1.8384856658651834,0.8151613322518149,-0.4266478351941625,-0.38094703559362236,0.034146746091740274,0.15656970057743277,0.25853954993349426,-0.6233995034272726,1.4285736838397176,-0.7303098155526728,-2.6703062726575517,1.5973893483184802,0.8005846380984453,0.8868973139298777,0.8370651088380563,0.9108231870393444,0.17879060295333615,0.8148780706913828,0.29517862797015987,1.1971180996706074,0.8556688981503983,0.9609813978539195,0.7508925576127498,0.37748158051066,0.021922392786577167,0.05412561294172029,-0.027592634784754228,1.2516768482205016,-0.27821501767461587,0.03250236584281551,0.5943658884133671,0.6668321053240296,1.5410630156542213,1.6239527229461297,0.9734689016678884,0.045415063859968526,-1.8686006012705687,-0.7811662636758077,2.658905458468675,0.8821758762343168,-2.8421147038224577,1.809944758919398
1.5047691480182939,-0.8232413974759066,2.742948682804627,1.3380850619265057,-0.1486554193245537,-0.8012533400591103,0.17888923243185806,-0.019225267818155294,0.9572620555399934,-1.0354032091676495,1.9772024432341935,-1.0934701852912776,-4.240940187620415,3.2559593454900746,1.310260533305037,1.3416045809314616,0.9108231870393444,1.837006096879213,0.3048915111404298,1.616935953876305,0.46108081752108443,1.649492449285085,0.8806485415015142,1.5394933530932715,1.1716091753678666,0.2508346668206331,0.27218045180314154,0.21900746406795377,0.18085041097871835,2.022980539465706,-0.4245924778585362,-0.47164881965882743,0.425257287952292,0.7817535653929112,2.049881841002551,1.909007581252379,0.923202865423106,-0.5114416448315048,-2.5500173166195728,-1.5412157800847393,4.05893369961022,1.037259381328579,-4.341790609347123,2.5455847958875935
-0.3508740888816542,-0.10800605837445418,-0.05154276540317697,0.6239444211557914,-0.12370033912771798,-0.19137130824472248,-0.07868566296116197,0.22536726225817055,0.4409826725607517,-0.018911506230072147,1.0101579764905577,-0.5371996826018735,-1.3737243798587133,0.5146250936334799,-0.12425295346337635,1.0284646332428913,0.17879060295333615,0.3048915111404298,0.6801212528742703,1.0740940350873278,-0.372171480007735,0.4882777749088882,-1.0482810044890363,1.5929799661289774,0.4699624467735875,0.331857845205586,-0.20030311215452884,0.6791459790086056,-0.055479081571444724,1.0922314862159552,-1.1188527385092835,-0.47636501740604675,-0.4575663107678548,0.422801694640553,-0.2784348642528489,0.10318717842212863,-0.34938242844850187,0.41109045587221554,-0.8337675237270928,-0.938555496919062,0.554773298529189,0.11049816985543877,-0.8485270502257383,0.12348100332619151
0.5391686008289578,-0.6346648664949314,1.6088147590322623,1.691917226156776,-0.20520324206154875,-0.7904974120266542,0.00915382188677222,0.2419181415335991,1.205114222976106,-0.620161371446004,2.471390348624885,-1.3547763944075493,-4.4604734847269425,2.7618967928191696,0.6832311680705737,2.1771217291866933,0.8148780706913828,1.616935953876305,1.0740940350873278,2.4914524161013376,-0.21155631926061597,1.6832431946722264,-0.8352217133049543,3.0004716482117004,1.352556935648067,0.6231736871312615,-0.060311813948200704,1.0095322675927574,0.05926215505124251,2.6844891901289585,-1.7387929476487487,-0.993762495807119,-0.44007202029845643,0.994922053991442,0.9135517824880525,1.3112722500649348,0.02997558645461431,0.1380250021099973,-2.641993899675033,-2.262101373289565,3.311765450438045,0.7626674978945712,-3.737783488424564,1.7106526028897195
0.8313790195384374,-0.3231602274516473,1.3172932430318949,0.08363703209146878,-0.07810342019567088,-0.13699783023166454,0.12375924363551898,-0.09927046073464538,0.011592149144402677,-0.5164126715486609,0.2694748822097551,-0.12008060189014096,-0.8658754037849081,0.9416845926474865,0.6414971112188718,-0.14087060279665692,0.29517862797015987,0.46108081752108443,-0.372171480007735,-0.21155631926061597,0.5045645672277405,0.3728846706078683,1.2368002239503744,-0.4334473521217875,0.16644430960096043,-0.14176195416127851,0.20573397512842384,-0.3939612078576923,0.07688189697492061,0.10671508745180275,0.6596476089642694,0.28111154779437186,0.7189024196927897,0.10708947247571832,1.158559964598729,0.8451261319179997,0.8279326664280177,-0.3829360357782842,-0.6259513580535108,0.12730529408237345,1.3486469484264325,0.4658830360319998,-1.4300810924382172,1.1318786024602498
1.0960900813453236,-0.9549886949902922,2.8619942704516346,1.4702792938047848,-0.5218069320700238,-0.7104410949522729,0.08316639513332158,0.23026957507950918,0.7497314843584167,-1.0604927286417252,2.5067619234151883,-1.304099790023888,-4.646865352791111,2.963504117300065,1.2382086947519158,1.6910499800254826,1.1971180996706074,1.649492449285085,0.4882777749088882,1.6832431946722264,0.3728846706078683,1.9269992606400175,0.8711455035421986,2.0319445078670015,1.3172999895094708,0.5256584366850543,0.053700070485202527,0.352609009521881,0.021629505256922175,2.334270503560941,-0.7458531999182898,-0.2562191266457282,0.6769242344512488,1.0927679409115127,2.2067878766019517,2.336605742010279,1.242816322132522,-0.002054333096669922,-3.0797763883212497,-1.5901260784399038,4.2888684785753615,1.3128930948724995,-4.7618624785321035,2.813195808414656
1.797809059037295,-0.7629474888557183,3.0870147491600273,0.032568739986440436,-0.3602119403615656,-0.2354310835896502,0.24945761482859202,-0.21348240208806937,-0.33826932375812124,-1.0661985436006751,0.34826591245800365,-0.1419028734747046,-1.5752816520652955,1.7014109254358503,1.5158447655051774,-0.6189294942358481,0.8556688981503983,0.8806485415015142,-1.0482810044890363,-0.8352217133049543,1.2368002239503744,0.8711455035421986,3.3502074157956736,-1.5386355036313977,0.2668709131641768,-0.20406169711148398,0.4577756666034173,-1.1992130157400407,0.10523101759752383,-0.12057903810406594,1.7965299403017108,0.9577265926212915,1.8811104307550468,0.2263504468792076,2.9363128354262185,2.248689552408921,2.2213042330812134,-0.7993802065786438,-1.308318790099365,0.6192344074212224,3.0805554139035256,1.1463711400983034,-2.99759661155999,2.65247088952058
0.08367764809801291,-0.7977521521461718,1.695591649400377,2.066301424818799,-0.507878797464882,-0.7363936902203069,-0.08039210433509889,0.5980952718936271,1.3883998580485895,-0.849791434106528,3.628593354258465,-1.838785420391132,-5.570498024265414,2.9337301974560868,0.5014548070384433,3.073906964112971,0.9609813978539195,1.5394933530932715,1.5929799661289774,3.0004716482117004,-0.4334473521217875,2.0319445078670015,-1.5386355036313977,4.457643315579557,1.7036897345863649,0.8228320940847587,-0.36963782023791936,1.610760443174949,-0.07993625462068282,3.6200104183088855,-2.561993567835001,-1.0716462851580852,-0.3333019724270663,1.475967290624814,0.7469002612102235,1.484273565433677,0.08464319004001432,0.7938767810484432,-3.5841192246975493,-2.7244715921220064,3.6037884161781477,1.0664215409551205,-4.748871742965516,2.029391719652512
0.6997656130488589,-0.6286164771432164,1.8328338700786633,1.0927757643022027,-0.30003866907869653,-0.5141385730747479,0.05334119904373743,0.1748851447163537,0.6593986905681439,-0.7251820985253346,1.8473797085721457,-0.9610974884383997,-3.3371720284629074,2.1388512616065807,0.7762568861428897,1.3312161515610808,0.7508925576127498,1.1716091753678666,0.4699624467735875,1.352556935648067,0.16644430960096043,1.3172999895094708,0.2668709131641768,1.7036897345863649,0.9568550873646579,0.353681157369638,0.012824081312261872,0.4113533060033745,0.028512400859800925,1.779103130552735,-0.7259151377440809,-0.33022093318124873,0.30202767359796695,0.7729473303510238,1.3132360171898836,1.4407544394007517,0.6588801548266935,0.02825567298895293,-2.1554394352554747,-1.2662713897859625,2.8732887250720114,0.8448185803482994,-3.2954580285711703,1.8282052242815654
-0.15644668649155385,-0.17204656163015591,0.28516373560886876,0.4559045543381361,-0.24409235737270527,-0.13995985073849276,-0.07216840455331772,0.16628151158434498,0.09816778865303981,-0.020732711061541995,0.680720623847804,-0.35294040448520514,-1.0773205342678451,0.31792094870087484,0.0929693991162773,0.6279537962551756,0.37748158051066,0.2508346668206331,0.331857845205586,0.6231736871312615,-0.14176195416127851,0.5256584366850543,-0.20406169711148398,0.8228320940847587,0.353681157369638,0.37646112157862555,-0.12695138277431983,0.2538706392502938,-0.08167236418025581,0.6794078840216801,-0.5846345368814474,-0.13469067024061068,-0.08489194121402252,0.3405590303565542,0.2522732115476364,0.5216643476206396,0.09402164014857715,0.2920715481080858,-0.7654798129456468,-0.552234068171082,0.807582661581802,0.2711656804409292,-0.7934998025912017,0.40252347002701167
0.4601471084343373,-0.06524553230936332,0.42889019013130675,-1.07402201863986e-4,0.11615066458092678,-0.1083972815817011,0.0794130402049734,-0.1438146105059892,0.08277564309909961,-0.14419219270836625,-0.13730885531060333,0.037625602194703935,-0.16719141895565418,0.45892651223178016,0.2733641770136422,-0.18916681968058263,0.021922392786577167,0.27218045180314154,-0.20030311215452884,-0.060311813948200704,0.20573397512842384,0.053700070485202527,0.4577756666034173,-0.36963782023791936,0.012824081312261872,-0.12695138277431983,0.16887044580867297,-0.20917313960360245,0.09162724003859558,-0.08662462563961325,0.3474997808200147,1.4683055043615038e-4,0.11992265688044362,-0.0839852390933464,0.3774803437084157,0.1704156912939748,0.1631021918310395,-0.3528294024526697,-0.010063172422427734,0.032411659083734,0.4430724747930555,0.05148618590650391,-0.32702299154491216,0.2975797072886592
-0.3726799545373943,-0.04849568711979686,-0.22576887270065446,0.5612943044950172,-0.05106043864683249,-0.141244556712962,-0.07593992439157135,0.2179497216983526,0.47546460983553984,-0.01785043954048492,0.9507317354157144,-0.4795479686075117,-1.200625886725108,0.44754247816361953,-0.20857076433030636,1.003472387657735,0.05412561294172029,0.21900746406795377,0.6791459790086056,1.0095322675927574,-0.3939612078576923,0.352609009521881,-1.1992130157400407,1.610760443174949,0.4113533060033745,0.2538706392502938,-0.20917313960360245,0.7338411307468135,-0.04385329360894252,1.0462580005579767,-1.1136704333124126,-0.5160010339977164,-0.5016969280462106,0.3572682069463929,-0.4719905920937565,-0.12226506636377031,-0.4834783118635174,0.4025484717651836,-0.7109794384912619,-0.8898132476242505,0.28572899082305386,0.04201064769943914,-0.6663263791880342,-0.030435050430773845
0.24943311840730115,-0.020620934327372272,0.17858274376810385,0.037009475865010445,0.1043879701669934,-0.07808476698593518,0.04607262862472014,-0.08177440551703022,0.12138634314750633,-0.07830187173440138,-0.035167633128903246,-0.0034886977717505665,-0.1543178701009171,0.3196495718688397,0.12390266295901024,-0.03724172550828863,-0.027592634784754228,0.18085041097871835,-0.055479081571444724,0.05926215505124251,0.07688189697492061,0.021629505256922175,0.10523101759752383,-0.07993625462068282,0.028512400859800925,-0.08167236418025581,0.09162724003859558,-0.04385329360894252,0.0633530691211774,0.025184408060257242,0.10533088597626496,-0.0801583386062161,-0.01815100279642087,-0.046264555424608556,0.11651724272041045,0.00950534556788993,-0.008912354269180937,-0.2026448401007769,-0.009841181268821822,-0.06467274019559442,0.21520120492294145,-0.0054864388670470676,-0.18547143930886234,0.11298016939885283
1.0017896624191114,-1.0700932636199643,2.949968362807025,2.067932012485143,-0.5198904124002642,-0.8965093073726299,0.05490593996674224,0.4041845385865574,1.3253390206857503,-1.2537203684718685,3.5562019411443266,-1.820350182757624,-6.124300771836291,3.777493479000598,1.1862301596392268,2.697601019848068,1.2516768482205016,2.022980539465706,1.0922314862159552,2.6844891901289585,0.10671508745180275,2.334270503560941,-0.12057903810406594,3.6200104183088855,1.779103130552735,0.6794078840216801,-0.08662462563961325,1.0462580005579767,0.025184408060257242,3.466004163065487,-1.7131931914296765,-0.7787187045932963,0.3124301856978255,1.452464399011541,1.9502157856549327,2.3107016929691193,0.8777332138033986,0.24838976271926969,-3.946566976883515,-2.497864832011602,4.884177428969994,1.4452651720490675,-5.83654164174082,3.0463011619240232
0.6661973013224906,0.1272379057322025,0.2646909646233068,-0.9945122977134262,0.1965070925589268,0.28563973361964257,0.15074229852947424,-0.3699997493537958,-0.6730999497792689,-0.0624999416252319,-1.5463966490592869,0.8196886463323309,2.072583244702093,-0.6682022741954762,0.271045171963042,-1.6537784873479395,-0.27821501767461587,-0.4245924778585362,-1.1188527385092835,-1.7387929476487487,0.6596476089642694,-0.7458531999182898,1.7965299403017108,-2.561993567835001,-0.7259151377440809,-0.5846345368814474,0.3474997808200147,-1.1136704333124126,0.10533088597626496,-1.7131931914296765,1.8630340507258025,0.7933295697916255,0.8313336055585765,-0.648433847793951,0.5693815618461745,-0.08560012868832406,0.6671374338036347,-0.7036975737312667,1.2541041985614076,1.5159162912560027,-0.7341556096220774,-0.13030028956069828,1.1272795337726236,-0.05162981016865739
-0.04361732895791412,-0.01595266566837053,0.1663099443718574,-0.5157955615731851,-0.20510865709077844,0.26647719491361194,0.004570425655213337,0.008745977158603582,-0.5810793129742385,-0.035231883895728025,-0.4753132642695815,0.3017040465090633,0.9948060558736196,-0.7412391976929338,0.032989705516968025,-0.6946017879136299,0.03250236584281551,-0.47164881965882743,-0.47636501740604675,-0.993762495807119,0.28111154779437186,-0.2562191266457282,0.9577265926212915,-1.0716462851580852,-0.33022093318124873,-0.13469067024061068,1.4683055043615038e-4,-0.5160010339977164,-0.0801583386062161,-0.7787187045932963,0.7933295697916255,0.6626267573557285,0.6845696132159624,-0.11265383715006408,0.3680313477487147,0.23527638583053198,0.6374642769892783,0.06577784292297005,0.3648425140846763,0.8868071297351061,-0.39157912908313164,0.10814405397547176,0.4100974772889341,0.10440816227728004
0.8870832365127373,-0.5788858939609957,2.047367417998914,0.11990589134678582,-0.42101755877576136,-0.06624970156990988,0.11853289846495332,0.06568059550905976,-0.19196403440638815,-0.8419537138666829,0.8040441231142392,-0.3175322041041285,-1.4354119851860552,1.0701067742613477,0.8572602018384295,-0.019447959037876873,0.5943658884133671,0.425257287952292,-0.4575663107678548,-0.44007202029845643,0.7189024196927897,0.6769242344512488,1.8811104307550468,-0.3333019724270663,0.30202767359796695,-0.08489194121402252,0.11992265688044362,-0.5016969280462106,-0.01815100279642087,0.3124301856978255,0.8313336055585765,0.6845696132159624,1.3948388479964502,0.3957956606458614,1.812149670722392,1.5276124899729477,1.5573283507523006,-0.13256662301822913,-1.2824441155723483,0.3089384688432388,2.0137977197370205,0.9059127166400397,-2.4274113342301598,1.8798347572107774
0.3452269145638321,-0.5423347821410771,1.4753352999599827,0.8428565495114518,-0.3984198478948462,-0.3379991054004172,0.0094607309280362,0.24574502640763268,0.4019344962642932,-0.592033817752015,1.6386550520426133,-0.830705686505267,-2.656109685941247,1.4816419836319048,0.5504893526249339,1.1223533135140438,0.6668321053240296,0.7817535653929112,0.422801694640553,0.994922053991442,0.10708947247571832,1.0927679409115127,0.2263504468792076,1.475967290624814,0.7729473303510238,0.3405590303565542,-0.0839852390933464,0.3572682069463929,-0.046264555424608556,1.452464399011541,-0.648433847793951,-0.11265383715006408,0.3957956606458614,0.7336448079625473,1.0692732749351712,1.2720112684055171,0.6930093356784695,0.25248354510284604,-1.8400017574615057,-0.9221033199757215,2.2379241122555924,0.7532966977855029,-2.7111519380924407,1.5152175934195695
2.213627313146317,-1.3230909804257878,4.534553818138752,1.2870501665592418,-0.6288192519870429,-0.7849195404869467,0.25775362168746974,0.0304815967991143,0.49442211327620306,-1.6628305644571937,2.392076529908786,-1.2215328980537161,-5.077542228664958,3.799043087129679,2.0857015283772693,1.0431037405667822,1.5410630156542213,2.049881841002551,-0.2784348642528489,0.9135517824880525,1.158559964598729,2.2067878766019517,2.9363128354262185,0.7469002612102235,1.3132360171898836,0.2522732115476364,0.3774803437084157,-0.4719905920937565,0.11651724272041045,1.9502157856549327,0.5693815618461745,0.3680313477487147,1.812149670722392,1.0692732749351712,3.820653630111779,3.4315617764396134,2.5016429180725255,-0.598929724752623,-3.5005094601291358,-0.9790972875057833,5.735291372377972,1.8656029298624095,-6.140235275737663,4.18271639246124
1.6592238582288426,-1.2948909572878244,4.117619999476437,1.4814608762899748,-0.794677643974172,-0.764640959531801,0.15335867495564984,0.21988728681259925,0.508623240697001,-1.4746754678895038,2.7541012959974376,-1.4070373037690975,-5.2945896414870015,3.4754106773545823,1.8102547462147283,1.4907550599579358,1.6239527229461297,1.909007581252379,0.10318717842212863,1.3112722500649348,0.8451261319179997,2.336605742010279,2.248689552408921,1.484273565433677,1.4407544394007517,0.5216643476206396,0.1704156912939748,-0.12226506636377031,0.00950534556788993,2.3107016929691193,-0.08560012868832406,0.23527638583053198,1.5276124899729477,1.2720112684055171,3.4315617764396134,3.371937193862607,2.2611478979351984,-0.15638943540178563,-3.704367223539906,-1.297971655795668,5.533940225585556,1.8387738100474975,-6.015176915355334,3.928477352943905
1.1931337460403881,-0.8494367147926006,2.8759802789239415,0.518523236167286,-0.5814362320042314,-0.29964802696009013,0.14469261319066037,0.1024624488395063,-0.02636192002887821,-1.0798801925385122,1.399069258294338,-0.6689873160946506,-2.658653983429473,1.8586866062184721,1.2348822211517398,0.3704937580461542,0.9734689016678884,0.923202865423106,-0.34938242844850187,0.02997558645461431,0.8279326664280177,1.242816322132522,2.2213042330812134,0.08464319004001432,0.6588801548266935,0.09402164014857715,0.1631021918310395,-0.4834783118635174,-0.008912354269180937,0.8777332138033986,0.6671374338036347,0.6374642769892783,1.5573283507523006,0.6930093356784695,2.5016429180725255,2.2611478979351984,1.9473895409555564,-0.17120004380518683,-2.068142542870946,-0.11868932138225952,3.266840185708362,1.2453777658036802,-3.6788129753843313,2.657503707660126
-0.9217715216823461,0.0661349382170092,-0.6834253296164906,0.039854128883025586,-0.3153346777627022,0.20248365846364616,-0.1606569292025715,0.32247028166272845,-0.19397724118949716,0.23629170250859688,0.40786900622391636,-0.14776098713810826,0.15598437114449357,-0.8617075774990143,-0.4914067473381388,0.429895543144887,0.045415063859968526,-0.5114416448315048,0.41109045587221554,0.1380250021099973,-0.3829360357782842,-0.002054333096669922,-0.7993802065786438,0.7938767810484432,0.02825567298895293,0.2920715481080858,-0.3528294024526697,0.4025484717651836,-0.2026448401007769,0.24838976271926969,-0.7036975737312667,0.06577784292297005,-0.13256662301822913,0.25248354510284604,-0.598929724752623,-0.15638943540178563,-0.17120004380518683,0.7615172588643871,-0.13839469296658471,-0.0766535709476745,-0.6821431944339121,-0.015753035864146586,0.41067050900131347,-0.426758770814249
-1.74052345399262,1.576198438398118,-4.675187511114263,-2.368020528824605,0.8809316583191988,1.053818355019513,-0.13182839999736448,-0.46244768036369405,-1.2535160046913223,1.888505978134299,-4.345526541336783,2.173146668403525,7.6805170566891965,-4.840115767663195,-1.9469549407133933,-2.887522070430064,-1.8686006012705687,-2.5500173166195728,-0.8337675237270928,-2.641993899675033,-0.6259513580535108,-3.0797763883212497,-1.308318790099365,-3.5841192246975493,-2.1554394352554747,-0.7654798129456468,-0.010063172422427734,-0.7109794384912619,-0.009841181268821822,-3.946566976883515,1.2541041985614076,0.3648425140846763,-1.2824441155723483,-1.8400017574615057,-3.5005094601291358,-3.704367223539906,-2.068142542870946,-0.13839469296658471,5.192582333096026,2.5270360116258788,-6.858023709864719,-2.2273831098277417,7.993646719985117,-4.660547518427074
-0.6149983186827093,0.6222986454385718,-1.641090857583859,-1.5719377934091132,0.19102594243609242,0.7366050192947897,-0.022807875991031318,-0.21177307832894812,-1.1171450797645104,0.6469771199941671,-2.3197186933751293,1.254819108643455,4.230453165987208,-2.672932132223178,-0.7098005664217695,-1.9994836725084542,-0.7811662636758077,-1.5412157800847393,-0.938555496919062,-2.262101373289565,0.12730529408237345,-1.5901260784399038,0.6192344074212224,-2.7244715921220064,-1.2662713897859625,-0.552234068171082,0.032411659083734,-0.8898132476242505,-0.06467274019559442,-2.497864832011602,1.5159162912560027,0.8868071297351061,0.3089384688432388,-0.9221033199757215,-0.9790972875057833,-1.297971655795668,-0.11868932138225952,-0.0766535709476745,2.5270360116258788,2.068898709239176,-3.2143113781201214,-0.7710743067284535,3.6302707830336862,-1.7222112239161882
3.40008000078857,-2.2686534090863684,7.308376307415628,3.1244614098387107,-0.9618541313800194,-1.6874629154724359,0.35492395231540996,0.24638134761485603,1.7265212670849304,-2.759877951418183,5.286160246928902,-2.7571456184404233,-10.489081512234277,7.400064389963909,3.305328487338904,3.2510243047131198,2.658905458468675,4.05893369961022,0.554773298529189,3.311765450438045,1.3486469484264325,4.2888684785753615,3.0805554139035256,3.6037884161781477,2.8732887250720114,0.807582661581802,0.4430724747930555,0.28572899082305386,0.21520120492294145,4.884177428969994,-0.7341556096220774,-0.39157912908313164,2.0137977197370205,2.2379241122555924,5.735291372377972,5.533940225585556,3.266840185708362,-0.6821431944339121,-6.858023709864719,-3.2143113781201214,10.296638927281089,3.0959601619874197,-11.287187960897631,6.9417083756184725
0.9202909880182744,-0.7394560636833191,2.3127344003247337,0.8692946443418984,-0.45189939209508384,-0.3922233055318899,0.079639957263385,0.17169509265802793,0.34039446471653423,-0.9112527325103401,1.7296365223607677,-0.834109279404812,-3.134525547111157,2.0189109993762626,0.9856372045338343,0.9737499736557966,0.8821758762343168,1.037259381328579,0.11049816985543877,0.7626674978945712,0.4658830360319998,1.3128930948724995,1.1463711400983034,1.0664215409551205,0.8448185803482994,0.2711656804409292,0.05148618590650391,0.04201064769943914,-0.0054864388670470676,1.4452651720490675,-0.13030028956069828,0.10814405397547176,0.9059127166400397,0.7532966977855029,1.8656029298624095,1.8387738100474975,1.2453777658036802,-0.015753035864146586,-2.2273831098277417,-0.7710743067284535,3.0959601619874197,1.0894391136294175,-3.5468410207971526,2.2564099492547163
-3.547087767484268,2.5829230531850715,-8.133863278146837,-3.515549217443145,1.1717745465962293,1.7656807492287487,-0.3818846426167427,-0.46691975120785423,-2.0517742530889325,3.3080804092983698,-6.491849653009584,3.297515558773548,12.023588182009926,-8.287677918095548,-3.5017594366311178,-3.9894948422070757,-2.8421147038224577,-4.341790609347123,-0.8485270502257383,-3.737783488424564,-1.4300810924382172,-4.7618624785321035,-2.99759661155999,-4.748871742965516,-3.2954580285711703,-0.7934998025912017,-0.32702299154491216,-0.6663263791880342,-0.18547143930886234,-5.83654164174082,1.1272795337726236,0.4100974772889341,-2.4274113342301598,-2.7111519380924407,-6.140235275737663,-6.015176915355334,-3.6788129753843313,0.41067050900131347,7.993646719985117,3.6302707830336862,-11.287187960897631,-3.5468410207971526,13.06845194201259,-7.820054164247623
2.396091164797286,-1.6070653919227749,5.2498551755781415,1.8777781992473404,-0.7671083879029967,-0.9958742104060286,0.26511204038131536,0.1968813950872163,0.9360381757194403,-2.056940494314484,3.545182558852577,-1.7826028831035068,-6.847265913831568,4.848051170165239,2.3194076827956676,1.9283673095266765,1.809944758919398,2.5455847958875935,0.12348100332619151,1.7106526028897195,1.1318786024602498,2.813195808414656,2.65247088952058,2.029391719652512,1.8282052242815654,0.40252347002701167,0.2975797072886592,-0.030435050430773845,0.11298016939885283,3.0463011619240232,-0.05162981016865739,0.10440816227728004,1.8798347572107774,1.5152175934195695,4.18271639246124,3.928477352943905,2.657503707660126,-0.426758770814249,-4.660547518427074,-1.7222112239161882,6.9417083756184725,2.2564099492547163,-7.820054164247623,4.968072479586354
