V1,V2,V3,V4,V5,V6,V7,V8,V9,V10,V11,V12,V13,V14,V15,V16,V17,V18,V19,V20,V21,V22,V23,V24,V25,V26,V27,V28,V29,V30,V31,V32,V33,V34,V35,V36,V37,V38,V39,V40,V41,V42,V43,V44
11.518341268137005,-1.935393143728347,11.147141851117247,-6.3182055157173815,6.273661536783522,6.164211030680292,4.26032642287743,2.325598672280755,11.705785938159687,-22.336302692682896,18.517145363450656,-3.9505417510112526,-8.817796917975983,19.721989103631024,-1.0345969052450348,4.029802051347216,-15.532022362966439,-4.587804266437294,-1.7304648925186263,-12.27274147570987,7.870503539404413,-10.89020643269648,-4.86317865170388,15.535531989674785,-0.8403623373130645,-20.89425843425867,-0.2362955690364057,9.22371122850569,2.8040826377142762,9.12750777235579,8.06619695140934,2.0540725075444843,18.078079147925674,0.9213204956512026,-6.006157841966701,-16.482132740114178,4.170569623508857,-1.0869273842885907,-8.537559307169776,8.517969785195245,-9.347043542419117,4.0050707904392935,-29.889618290369928,10.460114276330533
-1.935393143728347,0.8688242680412817,-2.4543126644792927,1.4548310658868981,-0.7622929112694047,-1.0128992493024398,-0.6975124199713933,0.09020913482106474,-2.624010628103888,4.303865526659918,-4.444391802890148,1.2479883636027362,2.0016072144588417,-3.9436196690511482,0.45804537475391094,-0.2985764259780484,4.091984084417148,0.5049906444721782,-0.04992509608994109,2.433684770959732,-1.5901741131163805,2.0725494970875626,1.2235013988483494,-3.3364657982559804,-0.08539397035818574,4.68653806032819,0.305376978913166,-1.9721433721791963,-0.601075360240825,-1.9656206299025791,-1.3709372312711898,-0.5811870822962539,-3.827544390723913,-1.154547127607358,1.5365454567647874,2.9677686183531495,-1.373802436870618,0.2081354578974467,1.6442115591411182,-1.797697173983956,2.0995878721382217,0.04177143185449382,6.629620933004194,-1.831635931220425
11.147141851117247,-2.4543126644792927,13.792890504423081,-7.4563120522205795,6.585871223796032,5.551663081767836,5.357368317135683,2.8495026308016373,13.43337274770385,-24.52629974889796,20.365963017909884,-6.29957366748042,-8.77564132376497,22.146046935451857,-1.2859521336759427,3.709135427521048,-16.905093536341425,-4.14178473811458,-0.8506081618733742,-12.273724321098161,8.141476612844114,-11.54322378706003,-6.15853297142209,16.915458882463376,-0.7122426169283234,-23.749738825104057,0.33587850247859513,9.872237394888376,3.3362582135682466,9.470682375075992,8.138544559125126,2.790909263318681,19.31616481199992,2.1297103762353817,-6.285236016948866,-17.367600172914134,6.114994197885672,-0.8354325230375291,-7.62831660693934,9.254660971398001,-9.936771009432285,3.0788563352968663,-33.906014452232945,11.339634353566506
-6.3182055157173815,1.4548310658868981,-7.4563120522205795,4.113486470044601,-3.560506174484855,-3.2154308138886036,-2.8094622436885173,-1.3871268929105456,-7.45500452184611,13.554373562316007,-11.485604109612302,3.3230832642465895,5.081520465350488,-12.210510267836542,0.7628168962018262,-2.025184585798091,9.666157663548756,2.3251345674611983,0.5417720336967841,6.998778627066511,-4.593077753825793,6.4570299712202575,3.3562237226708675,-9.462951929895157,0.35534392952449295,13.186382112256215,-0.02122966562201721,-5.553627029230992,-1.8266919515494426,-5.374193940052602,-4.555617327084535,-1.5093270221678083,-10.854871700336249,-1.2777120297016273,3.617886078540888,9.674873152652022,-3.2979907275265394,0.5228624381503755,4.485640709616874,-5.188219330171434,5.6236700212271895,-1.675817394229838,18.81392516142092,-6.244222647552633
6.273661536783522,-0.7622929112694047,6.585871223796032,-3.560506174484855,3.888633636189613,3.234869468253952,2.7659919698187627,1.996580163310854,6.5524199948916815,-12.68619357220698,9.632602777628984,-2.530022914763722,-4.395959240597892,11.271996257933367,-0.39086228936794504,2.495826803916731,-7.640858953650035,-2.6500547061645645,-1.0128899709328978,-6.4687799136468,4.193521861800796,-6.107023074552418,-2.7820932538084615,8.422839817448246,-0.6356096948457254,-11.511984788711624,0.352062817890355,4.958467910792504,1.6459484611182646,4.767337404749737,4.482112151505847,1.1767454441484286,9.722797024879794,-0.02470616342131664,-2.880859146504329,-9.34674470124195,2.373235410658116,-0.5003662931985183,-4.196970588799621,4.679668264278694,-4.867460196366822,2.584786848813851,-16.530083220580288,6.093899953408418
6.164211030680292,-1.0128992493024398,5.551663081767836,-3.2154308138886036,3.234869468253952,3.3648082572626548,2.076669289979134,1.0799773498215401,6.009224574632359,-11.555041226458394,9.695808713842581,-1.786478544667725,-4.749974457815336,10.139271124196089,-0.5475784831635319,2.1380820722624985,-8.213055323762584,-2.4697979114724706,-1.012302789037985,-6.554923127303763,4.163644685683958,-5.6972686505844115,-2.4243916164085038,8.11044497116092,-0.43604847979670563,-10.767392274770069,-0.25657136152486415,4.8416903806724,1.4157701990132803,4.841881000076526,4.264626449897486,0.9994766054744783,9.486207119221362,0.4263375765430242,-3.214880872568491,-8.618717369041155,1.9812703623674714,-0.6190276632202593,-4.702883382610199,4.442349891433897,-4.934418549311413,2.1766556466785723,-15.401104969705083,5.40685173812342
4.26032642287743,-0.6975124199713933,5.357368317135683,-2.8094622436885173,2.7659919698187627,2.076669289979134,2.2366901179418335,1.4622937621407455,5.047015698680129,-9.466824586934921,7.343849218911222,-2.4162547087092374,-3.0791010153697216,8.530442761380929,-0.36440359492169894,1.6166340770674086,-5.850403422406248,-1.6996125048137252,-0.40896984092114563,-4.527932530920499,3.027851603471866,-4.4133484937783924,-2.323301860630129,6.3062301970537415,-0.3929801238673211,-8.886911525754348,0.3674534586829274,3.6593459827150108,1.287517019290016,3.4553615010141767,3.1491306173896194,1.041559099841082,7.175119716136547,0.3964137159649545,-2.158722260263443,-6.726756056957952,2.2343958384562863,-0.2721664634809483,-2.699454315093215,3.465151174572766,-3.6139574027689347,1.4875124454669681,-12.71956653456899,4.464547731791117
2.325598672280755,0.09020913482106474,2.8495026308016373,-1.3871268929105456,1.996580163310854,1.0799773498215401,1.4622937621407455,1.6859998496548034,2.565901153700058,-5.129500091847819,2.732774441651119,-1.301450377896202,-1.1119364928235496,4.661341686148309,0.10066755524694582,1.3198040838158827,-1.55143691320219,-1.1930362188874666,-0.5868901610370733,-2.090374834052319,1.3591903749062144,-2.474773574162025,-1.0808215340268739,2.8927069690367677,-0.45852943579408095,-4.145997052673545,0.7258055935716511,1.6791694644916417,0.7416149600680398,1.4307938516103216,1.7219075657822642,0.44277147917275195,3.2782852830247964,-0.7748992248844431,-0.45014747439412106,-3.884530780473912,0.8577255263225263,-0.1074404150091658,-0.9997172072918286,1.7496874595239233,-1.3900836647766974,1.5273098385496016,-6.067405619462507,2.7117496061429205
11.705785938159687,-2.624010628103888,13.43337274770385,-7.45500452184611,6.5524199948916815,6.009224574632359,5.047015698680129,2.565901153700058,13.583644204046669,-24.751029171813677,20.899299953080273,-5.88755727877214,-9.379415697836045,22.272105076379752,-1.365059228618601,3.801564281744183,-17.56502181029035,-4.353982499575617,-1.1441282075356105,-12.896144042061579,8.414331126897066,-11.871879599569654,-6.036033272861954,17.274695458452243,-0.673533079835923,-23.958521021203595,0.002973709718767358,10.164636826323948,3.322399047060744,9.855267022710517,8.380856334886156,2.686136757968749,19.84610430407474,2.1737120987773757,-6.578518613968749,-17.79056921260482,5.839065885977334,-1.000897923642721,-8.362995244808863,9.496240934679546,-10.255590169520556,3.233482013428858,-34.21699561793183,11.451926676836752
-22.336302692682896,4.303865526659918,-24.52629974889796,13.554373562316007,-12.68619357220698,-11.555041226458394,-9.466824586934921,-5.129500091847819,-24.751029171813677,46.14864700983856,-38.24587112419981,10.071572045811154,17.320560206411916,-41.225468016381654,2.2788705073236573,-7.651101760399052,31.88813502042569,8.621489336747342,2.5707013429673395,24.176490876310236,-15.759285595703938,22.10881157177226,10.847846305120768,-31.949168345616638,1.5394230297813887,43.929361830516754,-0.10674944500286151,-18.803711221393556,-6.0465682168702495,-18.30986735830756,-15.960997848172463,-4.756421257860582,-36.80563934713326,-2.954347831752376,12.087842597657842,33.366430712131816,-10.087469833612003,1.8936380188631279,15.925409815318593,-17.501468223903213,18.980216688295947,-7.0159727128494715,62.77621113875138,-21.476747585079657
18.517145363450656,-4.444391802890148,20.365963017909884,-11.485604109612302,9.632602777628984,9.695808713842581,7.343849218911222,2.732774441651119,20.899299953080273,-38.24587112419981,33.8450504015587,-8.406866630957033,-15.398985280152942,34.14854018327415,-2.4167404539454465,5.574572938439287,-29.21096843903669,-6.680550121037779,-1.5703866182784758,-20.70954788445664,13.530471497539411,-18.268850970972743,-9.295306582297897,27.396479266704663,-0.8287010948226707,-37.57046600860387,-0.8338562093035021,16.140040807455417,4.961780154251227,15.95306614302399,13.17974160322911,4.136104316389077,31.572759291782244,4.185727013486241,-11.217891914344312,-27.330116473651888,8.957895218138185,-1.6708354395620677,-14.03776931620685,14.784211919390707,-16.687054533445583,4.556031554433131,-53.49216726341919,17.33314357281382
-3.9505417510112526,1.2479883636027362,-6.29957366748042,3.3230832642465895,-2.530022914763722,-1.786478544667725,-2.4162547087092374,-1.301450377896202,-5.88755727877214,10.071572045811154,-8.406866630957033,3.5136968508719946,3.304760114117959,-9.367235167163546,0.6183115938752399,-1.1839915465273627,6.912929160330085,1.2999306594205389,-0.04523591744255891,4.573392943978368,-3.1127258308738712,4.658284305438022,2.8908645801958084,-6.904101698703026,0.1669254107736862,10.145017679874952,-0.37401235428331103,-3.9823826234370565,-1.5141681843644725,-3.668691315950305,-3.0028091319204324,-1.3731620208572208,-7.7355714945454075,-1.4348316896694366,2.4140711005891045,6.903710283072712,-3.196961091793537,0.22447973248191955,2.4091594439029795,-3.8331382734857535,3.9273124831245108,-0.6381696170435937,14.478292003474163,-4.627702744184598
-8.817796917975983,2.0016072144588417,-8.77564132376497,5.081520465350488,-4.395959240597892,-4.749974457815336,-3.0791010153697216,-1.1119364928235496,-9.379415697836045,17.320560206411916,-15.398985280152942,3.304760114117959,7.3151938290178,-15.363847139926468,1.0799478266703892,-2.687243758787947,13.369549013679777,3.250757052618239,1.0201242423485803,9.761027389502862,-6.273780619470691,8.43634352085221,3.9905736707318304,-12.485741205113536,0.4000043743062401,16.844345899530758,0.5826522032098747,-7.4165640801964905,-2.191675265164751,-7.414262735196715,-6.152338243174855,-1.7272285035438388,-14.497604114942742,-1.6773581774051363,5.1790945790066925,12.612993632719574,-3.6588748846458228,0.8792230388310497,6.8903552143118985,-6.769996788658726,7.661132668461278,-2.3652140717619186,24.015948232385988,-7.899369585694758
19.721989103631024,-3.9436196690511482,22.146046935451857,-12.210510267836542,11.271996257933367,10.139271124196089,8.530442761380929,4.661341686148309,22.272105076379752,-41.225468016381654,34.14854018327415,-9.367235167163546,-15.363847139926468,36.948158834589485,-2.0637856027185233,6.712915566093724,-28.42875651441264,-7.553018306298936,-2.1715083964888358,-21.419037048895895,13.97902189236728,-19.741070433401323,-9.820167994249466,28.50998886300519,-1.327123099533228,-39.3792921774938,0.1983151246267637,16.767338515416956,5.4652514585894,16.262503078198485,14.124781971664607,4.331405298003577,32.793190149910224,2.8379162906263167,-10.700223125213796,-29.742656529556957,9.268436739146628,-1.6543396055599349,-13.94458828662466,15.658709247326092,-16.870998191307553,6.041264403789204,-56.28561599910226,19.194449429584918
-1.0345969052450348,0.45804537475391094,-1.2859521336759427,0.7628168962018262,-0.39086228936794504,-0.5475784831635319,-0.36440359492169894,0.10066755524694582,-1.365059228618601,2.2788705073236573,-2.4167404539454465,0.6183115938752399,1.0799478266703892,-2.0637856027185233,0.2545768133004738,-0.1520636323735522,2.252501347050408,0.26876761489928186,-0.0487581343292122,1.3109973689631633,-0.8651960486970262,1.0773673341416867,0.6523843742027112,-1.7985262524634484,-0.048085020676643185,2.498668699398065,0.19493366667956405,-1.058456524563409,-0.3047034527882358,-1.069979109613037,-0.7373971742169451,-0.3070843299217014,-2.0570406166166664,-0.6339176170912536,0.8707061138833985,1.5522649274933702,-0.7180589216778788,0.10610350645145097,0.9103447936346203,-0.942150501558327,1.155616469085584,0.03388228555653703,3.519552388287385,-0.9439151471353272
4.029802051347216,-0.2985764259780484,3.709135427521048,-2.025184585798091,2.495826803916731,2.1380820722624985,1.6166340770674086,1.3198040838158827,3.801564281744183,-7.651101760399052,5.574572938439287,-1.1839915465273627,-2.687243758787947,6.712915566093724,-0.1520636323735522,1.7183298811252588,-4.327879345638796,-1.7996663851956285,-0.83630862090706,-4.017979899128071,2.561406459499464,-3.745358356434918,-1.5145608706735099,5.012946744449672,-0.46846222448356256,-6.674914404965236,0.2129897645349082,2.9738382943963844,0.9505920472305721,2.8883066305501774,2.824863309268991,0.5960656989251499,5.830957656032331,-0.39688010230582044,-1.6669390460871119,-5.785519742873172,1.1032919019731384,-0.3438389432698499,-2.7348707337720617,2.7942910412419906,-2.887198698722389,1.9233790675240439,-9.62278562352286,3.7458163589545794
-15.532022362966439,4.091984084417148,-16.905093536341425,9.666157663548756,-7.640858953650035,-8.213055323762584,-5.850403422406248,-1.55143691320219,-17.56502181029035,31.88813502042569,-29.21096843903669,6.912929160330085,13.369549013679777,-28.42875651441264,2.252501347050408,-4.327879345638796,25.664249368770506,5.409455922770021,1.11484336908879,17.6603198866267,-11.532373025543247,15.233057434297463,7.837010229919677,-23.26961971248087,0.49902831379443285,31.819837023302544,1.1601685487878823,-13.72586251993579,-4.098251875308654,-13.690505136705497,-11.018092087516095,-3.5104349274946576,-26.856260143792163,-4.227196206533203,9.93151611274829,22.68005224966142,-7.6543291834475795,1.4624040582899878,12.193111719321463,-12.468444009672554,14.383716351610015,-3.2901030247805942,45.20818597725402,-14.240398347523012
-4.587804266437294,0.5049906444721782,-4.14178473811458,2.3251345674611983,-2.6500547061645645,-2.4697979114724706,-1.6996125048137252,-1.1930362188874666,-4.353982499575617,8.621489336747342,-6.680550121037779,1.2999306594205389,3.250757052618239,-7.553018306298936,0.26876761489928186,-1.7996663851956285,5.409455922770021,1.964797896949015,0.8780759557746864,4.701093106370806,-2.98869721164618,4.2381194161550715,1.7351671719641042,-5.815671131121246,0.44839572327763993,7.727045089499251,-0.04981843345168262,-3.462322188156449,-1.0600899846377496,-3.409936107878631,-3.197974671747678,-0.6969358565375184,-6.7936967732114635,0.1435880613511332,2.1051237588032112,6.490550316546307,-1.3203975809799775,0.4242282050131171,3.2838182216888683,-3.22093348520769,3.443965771960389,-1.957761650788315,11.09531126030293,-4.1412593618986255
-1.7304648925186263,-0.04992509608994109,-0.8506081618733742,0.5417720336967841,-1.0128899709328978,-1.012302789037985,-0.40896984092114563,-0.5868901610370733,-1.1441282075356105,2.5707013429673395,-1.5703866182784758,-0.04523591744255891,1.0201242423485803,-2.1715083964888358,-0.0487581343292122,-0.83630862090706,1.11484336908879,0.8780759557746864,0.6510257316104796,1.5796972565349954,-0.9103598231038966,1.4184239093340558,0.2612916113226515,-1.5884778921833482,0.2544253319978668,1.9065070146676664,-0.0483364934987413,-0.9964358658810165,-0.2824363806638368,-0.9974489535264417,-1.1222698753305376,-0.044853149310780736,-1.958273035413855,0.610129833657581,0.44062486696509756,2.208556384126876,0.06933467175232184,0.21006134475425747,1.2354173552866698,-0.9688757304077504,0.9031005705202452,-1.112594865032146,2.806968432014202,-1.3808046237433294
-12.27274147570987,2.433684770959732,-12.273724321098161,6.998778627066511,-6.4687799136468,-6.554923127303763,-4.527932530920499,-2.090374834052319,-12.896144042061579,24.176490876310236,-20.70954788445664,4.573392943978368,9.761027389502862,-21.419037048895895,1.3109973689631633,-4.017979899128071,17.6603198866267,4.701093106370806,1.5796972565349954,13.351180278271794,-8.592986978295793,11.744030379812472,5.465821662035335,-17.07804275965461,0.7374302453776698,23.093807502256787,0.4654934240535629,-10.126384046427926,-3.063541784402163,-10.045300899557263,-8.618395133424617,-2.3564641910105677,-19.83408642009956,-1.6974710277236296,6.820673874142426,17.66811675189869,-4.906920411546269,1.168986996892292,9.266974496452498,-9.318618959666974,10.368935133986884,-3.753801822856377,32.96212098451527,-11.16507971841863
7.870503539404413,-1.5901741131163805,8.141476612844114,-4.593077753825793,4.193521861800796,4.163644685683958,3.027851603471866,1.3591903749062144,8.414331126897066,-15.759285595703938,13.530471497539411,-3.1127258308738712,-6.273780619470691,13.97902189236728,-0.8651960486970262,2.561406459499464,-11.532373025543247,-2.98869721164618,-0.9103598231038966,-8.592986978295793,5.574350227142492,-7.581805397525811,-3.633614070382018,11.131336856529906,-0.4682861047016175,-15.12213055925684,-0.2627091887000181,6.577074060410198,2.003719209169937,6.511208570055795,5.566730847608704,1.5828065403634073,12.89062339691947,1.199052133530081,-4.454639310536502,-11.418087146270587,3.3259095131421255,-0.7209129216999457,-5.904248636557055,6.039058028434614,-6.752644601227784,2.3415062393677437,-21.569905290932333,7.245753386502626
-10.89020643269648,2.0725494970875626,-11.54322378706003,6.4570299712202575,-6.107023074552418,-5.6972686505844115,-4.4133484937783924,-2.474773574162025,-11.871879599569654,22.10881157177226,-18.268850970972743,4.658284305438022,8.43634352085221,-19.741070433401323,1.0773673341416867,-3.745358356434918,15.233057434297463,4.2381194161550715,1.4184239093340558,11.744030379812472,-7.581805397525811,10.71934330118588,5.0960609857797605,-15.303284631668607,0.7506116328231076,20.950761868106536,0.003291101822205925,-9.047496259115963,-2.8952969689276324,-8.820784957403019,-7.712164728000618,-2.209736978513819,-17.687505087798808,-1.2898071588179902,5.760902574764021,16.148056306191414,-4.655479660663945,0.9743665497110493,7.823575533635221,-8.449448255761173,9.091802590598784,-3.50793034810808,29.96682445730157,-10.347039782680646
-4.86317865170388,1.2235013988483494,-6.15853297142209,3.3562237226708675,-2.7820932538084615,-2.4243916164085038,-2.323301860630129,-1.0808215340268739,-6.036033272861954,10.847846305120768,-9.295306582297897,2.8908645801958084,3.9905736707318304,-9.820167994249466,0.6523843742027112,-1.5145608706735099,7.837010229919677,1.7351671719641042,0.2612916113226515,5.465821662035335,-3.633614070382018,5.0960609857797605,2.815110548531116,-7.610263809397532,0.2431004770257339,10.69501125043766,-0.04997574973363549,-4.440341555500178,-1.4840775388433378,-4.273716059823879,-3.5494106439283715,-1.2774888451977933,-8.65796991306558,-1.224648145116402,2.9280568869175574,7.629643925394498,-2.842628579943092,0.36687062252668123,3.4120596970281283,-4.1309130590174785,4.512024226685791,-1.1339577401596552,15.240717529583394,-4.947480197557806
15.535531989674785,-3.3364657982559804,16.915458882463376,-9.462951929895157,8.422839817448246,8.11044497116092,6.3062301970537415,2.8927069690367677,17.274695458452243,-31.949168345616638,27.396479266704663,-6.904101698703026,-12.485741205113536,28.50998886300519,-1.7985262524634484,5.012946744449672,-23.26961971248087,-5.815671131121246,-1.5884778921833482,-17.07804275965461,11.131336856529906,-15.303284631668607,-7.610263809397532,22.52862341393273,-0.8839099926412096,-30.867032172412156,-0.35004282128367364,13.27306411748987,4.152083353375196,13.041263405575958,11.057047305326087,3.3458226390776424,25.95850056245785,2.7311428818493053,-8.900630512101893,-23.002673812337925,7.1570551166053145,-1.3677147641200096,-11.471512971607151,12.235751440027515,-13.565980852662527,4.38579810655157,-44.032102177859045,14.674863577139448
-0.8403623373130645,-0.08539397035818574,-0.7122426169283234,0.35534392952449295,-0.6356096948457254,-0.43604847979670563,-0.3929801238673211,-0.45852943579408095,-0.673533079835923,1.5394230297813887,-0.8287010948226707,0.1669254107736862,0.4000043743062401,-1.327123099533228,-0.048085020676643185,-0.46846222448356256,0.49902831379443285,0.44839572327763993,0.2544253319978668,0.7374302453776698,-0.4682861047016175,0.7506116328231076,0.2431004770257339,-0.8839099926412096,0.1668716921907324,1.1620449144353262,-0.1560483362683139,-0.5216627780274233,-0.18479092195976032,-0.48504672471698224,-0.5990902364987895,-0.08341546179358385,-1.0372028851653248,0.3530002763342913,0.19171665956023154,1.2058475465622502,-0.10286550361997726,0.056767868080917785,0.4709202246493364,-0.5126463772585148,0.46702643892337475,-0.5957908775722481,1.6966277258903857,-0.8102315798046779
-20.89425843425867,4.68653806032819,-23.749738825104057,13.186382112256215,-11.511984788711624,-10.767392274770069,-8.886911525754348,-4.145997052673545,-23.958521021203595,43.929361830516754,-37.57046600860387,10.145017679874952,16.844345899530758,-39.3792921774938,2.498668699398065,-6.674914404965236,31.819837023302544,7.727045089499251,1.9065070146676664,23.093807502256787,-15.12213055925684,20.950761868106536,10.69501125043766,-30.867032172412156,1.1620449144353262,42.662679676772576,0.24735794077439116,-18.143373412544154,-5.80764670148086,-17.707120786115283,-14.98009833260732,-4.768375784963939,-35.48760248818282,-4.05269351084539,12.055680156448535,31.43733024287155,-10.322641200432912,1.78186232549315,15.172660222135326,-16.81762981184026,18.494497621112377,-5.6485676098644815,60.84599920827252,-20.17019411611693
-0.2362955690364057,0.305376978913166,0.33587850247859513,-0.02122966562201721,0.352062817890355,-0.25657136152486415,0.3674534586829274,0.7258055935716511,0.002973709718767358,-0.10674944500286151,-0.8338562093035021,-0.37401235428331103,0.5826522032098747,0.1983151246267637,0.19493366667956405,0.2129897645349082,1.1601685487878823,-0.04981843345168262,-0.0483364934987413,0.4654934240535629,-0.2627091887000181,0.003291101822205925,-0.04997574973363549,-0.35004282128367364,-0.1560483362683139,0.24735794077439116,0.5130726346707741,-0.24457623111804702,0.08494816819223963,-0.3992089256978661,-0.08102067936780111,0.028479191932165655,-0.4792272191537044,-0.5298157069258953,0.5514178334369835,-0.07869044425068975,0.058824012197438075,0.10688362577659281,0.6581524062218578,-0.09933493185667523,0.43346580815130964,0.30919041269172964,0.2789716511461612,0.22466415130812592
9.22371122850569,-1.9721433721791963,9.872237394888376,-5.553627029230992,4.958467910792504,4.8416903806724,3.6593459827150108,1.6791694644916417,10.164636826323948,-18.803711221393556,16.140040807455417,-3.9823826234370565,-7.4165640801964905,16.767338515416956,-1.058456524563409,2.9738382943963844,-13.72586251993579,-3.462322188156449,-0.9964358658810165,-10.126384046427926,6.577074060410198,-9.047496259115963,-4.440341555500178,13.27306411748987,-0.5216627780274233,-18.143373412544154,-0.24457623111804702,7.835404575245794,2.4373437583282183,7.709194622009849,6.538332093455069,1.9431696067574773,15.318968538238972,1.5777204684344328,-5.2534311688886906,-13.590600121225712,4.145799097612049,-0.8320059538339325,-6.8490580833712364,7.223948363379094,-8.004398433599421,2.628557387155786,-25.887408249510653,8.64879765192433
2.8040826377142762,-0.601075360240825,3.3362582135682466,-1.8266919515494426,1.6459484611182646,1.4157701990132803,1.287517019290016,0.7416149600680398,3.322399047060744,-6.0465682168702495,4.961780154251227,-1.5141681843644725,-2.191675265164751,5.4652514585894,-0.3047034527882358,0.9505920472305721,-4.098251875308654,-1.0600899846377496,-0.2824363806638368,-3.063541784402163,2.003719209169937,-2.8952969689276324,-1.4840775388433378,4.152083353375196,-0.18479092195976032,-5.80764670148086,0.08494816819223963,2.4373437583282183,0.8274006046921779,2.3341929188237884,2.022484500643647,0.6637315267096853,4.75787237310612,0.4604782419371901,-1.5103696659215982,-4.345936711310261,1.4462897181758283,-0.22695715031495609,-1.9209562184602582,2.3032662183519106,-2.4264897614316117,0.8212278435955779,-8.306393377242431,2.826532936132789
9.12750777235579,-1.9656206299025791,9.470682375075992,-5.374193940052602,4.767337404749737,4.841881000076526,3.4553615010141767,1.4307938516103216,9.855267022710517,-18.30986735830756,15.95306614302399,-3.668691315950305,-7.414262735196715,16.262503078198485,-1.069979109613037,2.8883066305501774,-13.690505136705497,-3.409936107878631,-0.9974489535264417,-10.045300899557263,6.511208570055795,-8.820784957403019,-4.273716059823879,13.041263405575958,-0.48504672471698224,-17.707120786115283,-0.3992089256978661,7.709194622009849,2.3341929188237884,7.649370987583577,6.439827834158875,1.8616890963393076,15.083889235605945,1.6048292518697234,-5.290543335103506,-13.24722334974156,3.9448608514138317,-0.8484108744456901,-6.934961436718857,7.057535535639007,-7.935976669549401,2.5611003629477906,-25.24714963145549,8.375935061354722
8.06619695140934,-1.3709372312711898,8.138544559125126,-4.555617327084535,4.482112151505847,4.264626449897486,3.1491306173896194,1.7219075657822642,8.380856334886156,-15.960997848172463,13.17974160322911,-3.0028091319204324,-6.152338243174855,14.124781971664607,-0.7373971742169451,2.824863309268991,-11.018092087516095,-3.197974671747678,-1.1222698753305376,-8.618395133424617,5.566730847608704,-7.712164728000618,-3.5494106439283715,11.057047305326087,-0.5990902364987895,-14.98009833260732,-0.08102067936780111,6.538332093455069,2.022484500643647,6.439827834158875,5.701913901488138,1.523667445565573,12.83089054691108,0.7165360266426114,-4.244233991413271,-11.681675543425548,3.1233275317617246,-0.7268027268547032,-5.886666319044158,6.052372061216138,-6.630843439236503,2.7632929473323387,-21.413844963885392,7.457332625434297
2.0540725075444843,-0.5811870822962539,2.790909263318681,-1.5093270221678083,1.1767454441484286,0.9994766054744783,1.041559099841082,0.44277147917275195,2.686136757968749,-4.756421257860582,4.136104316389077,-1.3731620208572208,-1.7272285035438388,4.331405298003577,-0.3070843299217014,0.5960656989251499,-3.5104349274946576,-0.6969358565375184,-0.044853149310780736,-2.3564641910105677,1.5828065403634073,-2.209736978513819,-1.2774888451977933,3.3458226390776424,-0.08341546179358385,-4.768375784963939,0.028479191932165655,1.9431696067574773,0.6637315267096853,1.8616890963393076,1.523667445565573,0.5988545466720594,3.8019841136316384,0.6477339060776915,-1.2967079038950606,-3.2907925696817637,1.3519590425064771,-0.14732469085270491,-1.4227822695239951,1.818669859168071,-1.9856060179803043,0.3878738807022013,-6.783683809395824,2.1498162799029368
18.078079147925674,-3.827544390723913,19.31616481199992,-10.854871700336249,9.722797024879794,9.486207119221362,7.175119716136547,3.2782852830247964,19.84610430407474,-36.80563934713326,31.572759291782244,-7.7355714945454075,-14.497604114942742,32.793190149910224,-2.0570406166166664,5.830957656032331,-26.856260143792163,-6.7936967732114635,-1.958273035413855,-19.83408642009956,12.89062339691947,-17.687505087798808,-8.65796991306558,25.95850056245785,-1.0372028851653248,-35.48760248818282,-0.4792272191537044,15.318968538238972,4.75787237310612,15.083889235605945,12.83089054691108,3.8019841136316384,29.9882822446687,3.0440663204300953,-10.286518827294127,-26.580614297547232,8.090148555205554,-1.6291023271017917,-13.41999901828385,14.127424344302138,-15.669965984476192,5.183262989671576,-50.62534661463789,16.925716943933093
0.9213204956512026,-1.154547127607358,2.1297103762353817,-1.2777120297016273,-0.02470616342131664,0.4263375765430242,0.3964137159649545,-0.7748992248844431,2.1737120987773757,-2.954347831752376,4.185727013486241,-1.4348316896694366,-1.6773581774051363,2.8379162906263167,-0.6339176170912536,-0.39688010230582044,-4.227196206533203,0.1435880613511332,0.610129833657581,-1.6974710277236296,1.199052133530081,-1.2898071588179902,-1.224648145116402,2.7311428818493053,0.3530002763342913,-4.05269351084539,-0.5298157069258953,1.5777204684344328,0.4604782419371901,1.6048292518697234,0.7165360266426114,0.6477339060776915,3.0440663204300953,2.0159001537077597,-1.5942085785841644,-1.6759201811969395,1.6813660627867353,-0.10150581328141277,-1.0893740068240108,1.3609103307911776,-1.8521525856248844,-1.0548878636746652,-5.62393631938193,0.976430533199457
-6.006157841966701,1.5365454567647874,-6.285236016948866,3.617886078540888,-2.880859146504329,-3.214880872568491,-2.158722260263443,-0.45014747439412106,-6.578518613968749,12.087842597657842,-11.217891914344312,2.4140711005891045,5.1790945790066925,-10.700223125213796,0.8707061138833985,-1.6669390460871119,9.93151611274829,2.1051237588032112,0.44062486696509756,6.820673874142426,-4.454639310536502,5.760902574764021,2.9280568869175574,-8.900630512101893,0.19171665956023154,12.055680156448535,0.5514178334369835,-5.2534311688886906,-1.5103696659215982,-5.290543335103506,-4.244233991413271,-1.2967079038950606,-10.286518827294127,-1.5942085785841644,3.9051971686885394,8.601683167087325,-2.79404985196491,0.5724473291091344,4.823291729258476,-4.715405531478515,5.565331642439632,-1.2979220533753861,17.105318580818874,-5.355197586235327
-16.482132740114178,2.9677686183531495,-17.367600172914134,9.674873152652022,-9.34674470124195,-8.618717369041155,-6.726756056957952,-3.884530780473912,-17.79056921260482,33.366430712131816,-27.330116473651888,6.903710283072712,12.612993632719574,-29.742656529556957,1.5522649274933702,-5.785519742873172,22.68005224966142,6.490550316546307,2.208556384126876,17.66811675189869,-11.418087146270587,16.148056306191414,7.629643925394498,-23.002673812337925,1.2058475465622502,31.43733024287155,-0.07869044425068975,-13.590600121225712,-4.345936711310261,-13.24722334974156,-11.681675543425548,-3.2907925696817637,-26.580614297547232,-1.6759201811969395,8.601683167087325,24.392384427846174,-6.883490025121767,1.4523821277918898,11.776367676494214,-12.681401123218581,13.641205902769302,-5.512974333486667,44.98072217027177,-15.651393052906064
4.170569623508857,-1.373802436870618,6.114994197885672,-3.2979907275265394,2.373235410658116,1.9812703623674714,2.2343958384562863,0.8577255263225263,5.839065885977334,-10.087469833612003,8.957895218138185,-3.196961091793537,-3.6588748846458228,9.268436739146628,-0.7180589216778788,1.1032919019731384,-7.6543291834475795,-1.3203975809799775,0.06933467175232184,-4.906920411546269,3.3259095131421255,-4.655479660663945,-2.842628579943092,7.1570551166053145,-0.10286550361997726,-10.322641200432912,0.058824012197438075,4.145799097612049,1.4462897181758283,3.9448608514138317,3.1233275317617246,1.3519590425064771,8.090148555205554,1.6813660627867353,-2.79404985196491,-6.883490025121767,3.123134347306927,-0.28602681945465974,-2.870736529405617,3.8855265501395966,-4.238833630629535,0.5377819213259523,-14.674422365064103,4.515893928142532
-1.0869273842885907,0.2081354578974467,-0.8354325230375291,0.5228624381503755,-0.5003662931985183,-0.6190276632202593,-0.2721664634809483,-0.1074404150091658,-1.000897923642721,1.8936380188631279,-1.6708354395620677,0.22447973248191955,0.8792230388310497,-1.6543396055599349,0.10610350645145097,-0.3438389432698499,1.4624040582899878,0.4242282050131171,0.21006134475425747,1.168986996892292,-0.7209129216999457,0.9743665497110493,0.36687062252668123,-1.3677147641200096,0.056767868080917785,1.78186232549315,0.10688362577659281,-0.8320059538339325,-0.22695715031495609,-0.8484108744456901,-0.7268027268547032,-0.14732469085270491,-1.6291023271017917,-0.10150581328141277,0.5724473291091344,1.4523821277918898,-0.28602681945465974,0.1329636577961181,0.887888480151352,-0.7634676367134293,0.8529266147565213,-0.3574054126591423,2.5504049309581656,-0.8864494009848674
-8.537559307169776,1.6442115591411182,-7.62831660693934,4.485640709616874,-4.196970588799621,-4.702883382610199,-2.699454315093215,-0.9997172072918286,-8.362995244808863,15.925409815318593,-14.03776931620685,2.4091594439029795,6.8903552143118985,-13.94458828662466,0.9103447936346203,-2.7348707337720617,12.193111719321463,3.2838182216888683,1.2354173552866698,9.266974496452498,-5.904248636557055,7.823575533635221,3.4120596970281283,-11.471512971607151,0.4709202246493364,15.172660222135326,0.6581524062218578,-6.8490580833712364,-1.9209562184602582,-6.934961436718857,-5.886666319044158,-1.4227822695239951,-13.41999901828385,-1.0893740068240108,4.823291729258476,11.776367676494214,-2.870736529405617,0.887888480151352,6.795922339887104,-6.194577472628375,7.109051705752875,-2.654413489078489,21.644651379482237,-7.3048017284957485
8.517969785195245,-1.797697173983956,9.254660971398001,-5.188219330171434,4.679668264278694,4.442349891433897,3.465151174572766,1.7496874595239233,9.496240934679546,-17.501468223903213,14.784211919390707,-3.8331382734857535,-6.769996788658726,15.658709247326092,-0.942150501558327,2.7942910412419906,-12.468444009672554,-3.22093348520769,-0.9688757304077504,-9.318618959666974,6.039058028434614,-8.449448255761173,-4.1309130590174785,12.235751440027515,-0.5126463772585148,-16.81762981184026,-0.09933493185667523,7.223948363379094,2.3032662183519106,7.057535535639007,6.052372061216138,1.818669859168071,14.127424344302138,1.3609103307911776,-4.715405531478515,-12.681401123218581,3.8855265501395966,-0.7634676367134293,-6.194577472628375,6.72864255034553,-7.316473076650813,2.4930816283731665,-24.0179551577908,8.111788557986545
-9.347043542419117,2.0995878721382217,-9.936771009432285,5.6236700212271895,-4.867460196366822,-4.934418549311413,-3.6139574027689347,-1.3900836647766974,-10.255590169520556,18.980216688295947,-16.687054533445583,3.9273124831245108,7.661132668461278,-16.870998191307553,1.155616469085584,-2.887198698722389,14.383716351610015,3.443965771960389,0.9031005705202452,10.368935133986884,-6.752644601227784,9.091802590598784,4.512024226685791,-13.565980852662527,0.46702643892337475,18.494497621112377,0.43346580815130964,-8.004398433599421,-2.4264897614316117,-7.935976669549401,-6.630843439236503,-1.9856060179803043,-15.669965984476192,-1.8521525856248844,5.565331642439632,13.641205902769302,-4.238833630629535,0.8529266147565213,7.109051705752875,-7.316473076650813,8.290227415598007,-2.4770648023969732,26.3293774128501,-8.622906925447822
4.0050707904392935,0.04177143185449382,3.0788563352968663,-1.675817394229838,2.584786848813851,2.1766556466785723,1.4875124454669681,1.5273098385496016,3.233482013428858,-7.0159727128494715,4.556031554433131,-0.6381696170435937,-2.3652140717619186,6.041264403789204,0.03388228555653703,1.9233790675240439,-3.2901030247805942,-1.957761650788315,-1.112594865032146,-3.753801822856377,2.3415062393677437,-3.50793034810808,-1.1339577401596552,4.38579810655157,-0.5957908775722481,-5.6485676098644815,0.30919041269172964,2.628557387155786,0.8212278435955779,2.5611003629477906,2.7632929473323387,0.3878738807022013,5.183262989671576,-1.0548878636746652,-1.2979220533753861,-5.512974333486667,0.5377819213259523,-0.3574054126591423,-2.654413489078489,2.4930816283731665,-2.4770648023969732,2.3724042731669095,-8.206982210779058,3.5751595334366137
-29.889618290369928,6.629620933004194,-33.906014452232945,18.81392516142092,-16.530083220580288,-15.401104969705083,-12.71956653456899,-6.067405619462507,-34.21699561793183,62.77621113875138,-53.49216726341919,14.478292003474163,24.015948232385988,-56.28561599910226,3.519552388287385,-9.62278562352286,45.20818597725402,11.09531126030293,2.806968432014202,32.96212098451527,-21.569905290932333,29.96682445730157,15.240717529583394,-44.032102177859045,1.6966277258903857,60.84599920827252,0.2789716511461612,-25.887408249510653,-8.306393377242431,-25.24714963145549,-21.413844963885392,-6.783683809395824,-50.62534661463789,-5.62393631938193,17.105318580818874,44.98072217027177,-14.674422365064103,2.5504049309581656,21.644651379482237,-24.0179551577908,26.3293774128501,-8.206982210779058,86.81741095305463,-28.883766125717877
10.460114276330533,-1.831635931220425,11.339634353566506,-6.244222647552633,6.093899953408418,5.40685173812342,4.464547731791117,2.7117496061429205,11.451926676836752,-21.476747585079657,17.33314357281382,-4.627702744184598,-7.899369585694758,19.194449429584918,-0.9439151471353272,3.7458163589545794,-14.240398347523012,-4.1412593618986255,-1.3808046237433294,-11.16507971841863,7.245753386502626,-10.347039782680646,-4.947480197557806,14.674863577139448,-0.8102315798046779,-20.17019411611693,0.22466415130812592,8.64879765192433,2.826532936132789,8.375935061354722,7.457332625434297,2.1498162799029368,16.925716943933093,0.976430533199457,-5.355197586235327,-15.651393052906064,4.515893928142532,-0.8864494009848674,-7.3048017284957485,8.111788557986545,-8.622906925447822,3.5751595334366137,-28.883766125717877,10.119049375752041
