V1,V2,V3,V4,V5,V6,V7,V8,V9,V10,V11,V12,V13,V14,V15,V16,V17,V18,V19,V20,V21,V22,V23,V24,V25,V26,V27,V28,V29,V30,V31,V32,V33,V34,V35,V36,V37,V38,V39,V40,V41,V42,V43,V44
97.01445581817711,-70.63036607354945,219.9328220809933,104.42682763605113,-32.307407721817015,-51.042188543791696,8.706675663111984,13.02329514627727,57.86604991688791,-86.3011819358904,180.27515045579509,-91.13422157098366,-341.5228563355641,230.34873470212716,97.29191951563244,117.59800810534426,83.46279469529286,123.86988076780898,27.01082777742632,113.97274436896029,35.69147501251047,136.93221610517492,77.07292758138898,138.32035859538442,94.34084058775743,29.929046997816428,8.200038244400194,21.247721126070914,4.5492434957570005,167.56109288802074,-39.751906038260664,-17.76655234511842,58.08240702484737,74.65388271962274,168.78292458730928,168.54141813958873,94.17529355109998,-10.97915054273117,-225.86743285282463,-110.385480714835,318.9057460267608,99.16510924150296,-358.09037512215446,214.4118206186129
-70.63036607354945,53.215321643835594,-165.38951970985397,-77.35202187158632,24.71450932014357,39.35920543677815,-6.974991249823933,-9.637491594618163,-43.69700734535593,63.99132744790408,-134.6438460423473,69.94059853552679,253.8346878087586,-171.9614300140223,-72.27664567318686,-86.69802552095334,-61.99320950339763,-93.45839514885361,-21.337385150763684,-86.23367997597173,-26.079209722924883,-102.66050344162736,-56.636481147430764,-102.94383687308392,-70.679253462795,-21.52927908965968,-6.514188341463294,-15.576906587634092,-3.6218040083678757,-124.40163136419325,30.520181635555574,12.688118991525991,-42.725741163748815,-57.2146225283065,-126.00160679982221,-126.69341232233367,-71.86554500664396,7.847299546383525,166.67803791102875,82.43577591145677,-238.04676862372636,-72.21621934062246,267.99619563178805,-159.46058232382916
219.9328220809933,-165.38951970985397,514.2527287574715,240.68324866208928,-76.82773886068543,-122.23666898062535,21.645033576565584,29.960657214784096,135.80575000232577,-199.18872734011114,418.84934541352783,-217.2805403062692,-789.8861830329589,534.9589507243666,224.8146216698471,269.837482750072,192.86602192211322,290.52132735147507,66.19436929369954,268.003920208089,81.20391149752666,319.21954606432996,176.30746209324357,320.2621394787616,219.81003047422539,67.18488362603682,20.21142739479331,48.428116254254704,11.153414763126802,387.08115906171815,-94.82699153847754,-39.59394563651717,133.05917472364814,177.78619646627305,391.9988348678948,394.0511881926034,223.3477861103034,-24.410679626032667,-518.7911123226933,-256.4317527332206,740.5114897487042,224.88784471478095,-833.6010060888793,496.16665086032043
104.42682763605113,-77.35202187158632,240.68324866208928,113.4020230069252,-35.678215137980416,-56.583467739634955,9.847904538443055,14.130738312186038,63.454212911266715,-93.78780261683366,196.61150711213756,-100.79510346433227,-371.56846531416676,251.16491934504378,105.79640807001704,127.39710092943952,90.75810448709942,135.77817267562844,30.32228787301421,125.09724410906946,38.4858544628246,149.60574517178617,83.35982454200605,150.58000357081437,103.05184683706528,32.053702209423854,9.23224376704498,22.938265211630814,5.10438861562188,182.18383782274955,-43.97916100140545,-18.951346378578172,62.87396602598483,82.512168850646,184.0425735903347,184.44166997607675,103.85725673740825,-11.695003548589044,-244.83157932545905,-120.37924142973496,347.69443796555737,106.76217889488149,-390.9478026650551,233.33881347777137
-32.307407721817015,24.71450932014357,-76.82773886068543,-35.678215137980416,11.597205439815243,18.493740098864066,-3.3519639995159785,-4.421211596886834,-20.3106831919185,29.58050153576175,-62.38243358150377,32.7780650569494,117.36946908252365,-79.65806177263184,-33.361927632419174,-39.91897388370932,-28.63754928332862,-43.468007417877175,-10.133568509985844,-40.163473725009936,-11.970117058233075,-47.614814006181014,-26.03868999222452,-47.589531870901155,-32.764053382218414,-9.838182284080059,-3.1097126573992435,-7.111009735355882,-1.6906780146419693,-57.46872561546821,14.313300580126766,5.778123795071273,-19.674887495630102,-26.82694704166825,-58.37242487984093,-58.88705350617568,-33.619749440802615,3.536774058969578,76.77966260639612,38.185698249235294,-110.25014653949336,-33.04690139336427,124.28042983519268,-73.7437306069913
-51.042188543791696,39.35920543677815,-122.23666898062535,-56.583467739634955,18.493740098864066,29.575694160699914,-5.384256386869443,-7.0288060859924215,-32.365661514170604,46.88099770417774,-99.0809322299594,52.382861324436746,186.19223500277346,-126.50409948119204,-52.95990757056176,-63.22659649905554,-45.43909154848954,-69.21652172910665,-16.280830680376962,-63.989129898764276,-18.909909674560556,-75.7130749057251,-41.21201870117778,-75.55025381046222,-52.09823820560216,-15.462242790686178,-4.993834936143338,-11.284015247585927,-2.7495237582004886,-91.16398370152113,22.870074496784603,9.065040615689469,-31.12882118600938,-42.83522766792479,-92.69720774105642,-93.64883892994145,-53.64424808274629,5.579593007771895,121.63670020614985,60.65239084273434,-175.09411429908516,-52.206507001349614,197.48156531058154,-117.010138212375
8.706675663111984,-6.974991249823933,21.645033576565584,9.847904538443055,-3.3519639995159785,-5.384256386869443,1.048816456313066,1.1989309901294014,5.72999202847076,-8.19985178894466,17.434566541501955,-9.438251868412253,-32.57667552420131,22.246821411096953,9.239975819681305,10.969952352272827,7.951158674478357,12.295165057172914,3.036403559786558,11.43450192507114,3.2741628483190564,13.372426664256139,7.125689060261063,13.203426894996783,9.158453348963516,2.6104828171399337,0.9469276481400728,1.9131665779249718,0.5083710209659719,15.926964682285325,-4.125949969084089,-1.5312057239739711,5.379559194245917,7.744395320860672,16.294806841887844,16.58385591692548,9.637743340943205,-0.9229641362255124,-21.089655025603104,-10.66316362306703,30.78066276925266,8.91410694482396,-34.81951486644899,20.493815862998595
13.02329514627727,-9.637491594618163,29.960657214784096,14.130738312186038,-4.421211596886834,-7.0288060859924215,1.1989309901294014,1.7788816380648855,7.917436281677003,-11.659064922436496,24.46473497608632,-12.557547522476128,-46.24546408193913,31.25472389407336,13.189241730595581,15.860279158986465,11.296659000528331,16.90313841906559,3.7594780721343515,15.55164889667883,4.775004741824327,18.621045028512302,10.378273313439239,18.767403629544987,12.849488045324014,3.98441571404538,1.1368437996379508,2.8826830370325243,0.6439319716640364,22.68231179734611,-5.475374181680285,-2.3479613571034332,7.82836097550216,10.252741549206181,22.90526817835162,22.94735229658354,12.921561887185975,-1.4674261283784968,-30.500276687473562,-14.984618162093884,43.27310369072392,13.309758944234892,-48.64700986568353,29.039285777653816
57.86604991688791,-43.69700734535593,135.80575000232577,63.454212911266715,-20.3106831919185,-32.365661514170604,5.72999202847076,7.917436281677003,35.903751955575004,-52.49053810035639,110.50498783361625,-57.53797932804123,-208.27757298847163,141.13086871033124,59.29947155097313,71.08131464497413,50.85090169487089,76.75592654097572,17.570578234537766,70.8072718968241,21.348249145051973,84.26635034928759,46.42420003776337,84.49044255678314,58.04478355160685,17.634747115573813,5.359521603600771,12.777761423843277,2.9756299763365845,102.05966538112371,-25.108452499432925,-10.37410228914859,35.04188874232141,47.042126273552434,103.41933464099709,104.04385014857445,59.083647632734646,-6.416940375808822,-136.70096948289407,-67.65972205000102,195.36418624873824,59.16632810419099,-219.98601314987746,130.83690167603848
-86.3011819358904,63.99132744790408,-199.18872734011114,-93.78780261683366,29.58050153576175,46.88099770417774,-8.19985178894466,-11.659064922436496,-52.49053810035639,77.63161957346959,-162.70786063292806,83.4678689754601,307.4660035325299,-207.85411236150182,-87.48613599347824,-105.36912643274601,-75.08125712518247,-112.37244568230518,-25.150367818613336,-103.55610061213258,-31.8395191976398,-123.79323532082508,-68.93717646748895,-124.55942664211076,-85.2527503821749,-26.528708535911836,-7.672014420462956,-18.91600685557191,-4.196924310984178,-150.72161916966974,36.42749689676144,15.683905900707543,-52.01983609986409,-68.36163758182964,-152.30995402612717,-152.68737053149204,-86.01557186871466,9.635474092148526,202.495502503093,99.61340322473832,-287.72048396956126,-88.24383056721152,323.55654462905426,-193.08029818963053
180.27515045579509,-134.6438460423473,418.84934541352783,196.61150711213756,-62.38243358150377,-99.0809322299594,17.434566541501955,24.46473497608632,110.50498783361625,-162.70786063292806,341.6202891918833,-176.26426964585127,-644.8698463163698,436.3608731341182,183.5328195104617,220.6444787328411,157.4705779215834,236.4662074673131,53.41106478254955,218.02792089421055,66.52863149945614,260.15220114085434,144.26047114061734,261.3722778105167,179.15223826463298,55.22470960036948,16.29610707823692,39.62064981801194,8.969173628705581,316.074665565923,-76.92433576300886,-32.59626341442744,108.85746083549432,144.28355052338924,319.7497569081911,320.99460965944,181.40042363306824,-20.073422777784803,-424.12641888702893,-209.14927862626564,604.0324388476962,184.33160137050402,-679.6222635046333,405.02166224658123
-91.13422157098366,69.94059853552679,-217.2805403062692,-100.79510346433227,32.7780650569494,52.382861324436746,-9.438251868412253,-12.557547522476128,-57.53797932804123,83.4678689754601,-176.26426964585127,92.94270912929993,331.492867624286,-225.06989245882326,-94.30104478955698,-112.65623901619176,-80.87723963175736,-122.97913878343245,-28.743651156258476,-113.5784641207138,-33.68275498991648,-134.6070559359814,-73.46395585836927,-134.53020414365685,-92.71209389233194,-27.668920073893364,-8.792389570635073,-20.161487348897797,-4.838928681752464,-162.32010522044652,40.57360630419774,16.205319095767155,-55.51873107646819,-75.95330230768093,-164.94150546455376,-166.4987554771437,-95.20553487406168,9.986309177361774,216.79313030304473,107.91212620888578,-311.52272908384884,-93.20594649619088,351.23543687207206,-208.28314241217694
-341.5228563355641,253.8346878087586,-789.8861830329589,-371.56846531416676,117.36946908252365,186.19223500277346,-32.57667552420131,-46.24546408193913,-208.27757298847163,307.4660035325299,-644.8698463163698,331.492867624286,1218.1799286499145,-823.7700848284516,-346.6997124918584,-417.2572488418551,-297.47147126733387,-445.7278960417816,-100.0336577404528,-410.78073987694006,-125.95437322909363,-490.8004375848073,-272.9322521326708,-493.64699098440246,-338.04948132524436,-104.82864686288242,-30.495099716878826,-74.97975948200066,-16.756478024986297,-597.1505947148449,144.66270952012937,61.9244856295316,-205.95048656430234,-271.3878471867763,-603.6398888828062,-605.411165610422,-341.4152287753013,38.11723576022242,801.9867962051943,394.81606245835604,-1140.3143535691604,-349.19682599879036,1282.549039181159,-765.0159522384233
230.34873470212716,-171.9614300140223,534.9589507243666,251.16491934504378,-79.65806177263184,-126.50409948119204,22.246821411096953,31.25472389407336,141.13086871033124,-207.85411236150182,436.3608731341182,-225.06989245882326,-823.7700848284516,557.38213976876,234.4468366625394,281.8832385332792,201.15507145375636,302.002631255074,68.17185685109366,278.4388630978451,85.00097328805501,332.2790075599412,184.30675984948218,333.87693834182784,228.82884808306974,70.58008025684641,20.797817896845427,50.61988919471491,11.44335773694717,403.7637629068582,-98.22344314824959,-41.66164549655157,139.07876825666344,184.23506935405902,408.43081130092565,409.98308103498476,231.64418980384357,-25.653325534150643,-541.8383265867938,-267.1532084568413,771.5549187192768,235.5314455618381,-868.0792544715454,517.3762453269272
97.29191951563244,-72.27664567318686,224.8146216698471,105.79640807001704,-33.361927632419174,-52.95990757056176,9.239975819681305,13.189241730595581,59.29947155097313,-87.48613599347824,183.5328195104617,-94.30104478955698,-346.6997124918584,234.4468366625394,98.73497150132367,118.80510561864992,84.69088962332054,126.86630063694649,28.435357122669494,116.91735645199542,35.863602677328714,139.7148494364004,77.71538176481786,140.53077527164433,96.22745185727346,29.810647197502362,8.660410420859595,21.39655595502843,4.807490900167485,169.98707958272556,-41.143764426001965,-17.617882253450926,58.608531256908755,77.17954939092625,171.78898348950247,172.24976471224153,97.11442264120694,-10.890503909478152,-228.3259848172412,-112.3735456568441,324.5573313286183,99.46558246666355,-365.0029596939357,217.73961979810323
117.59800810534426,-86.69802552095334,269.837482750072,127.39710092943952,-39.91897388370932,-63.22659649905554,10.969952352272827,15.860279158986465,71.08131464497413,-105.36912643274601,220.6444787328411,-112.65623901619176,-417.2572488418551,281.8832385332792,118.80510561864992,143.2357114148165,101.93681037438046,152.1566874496517,33.77275136007119,140.16231212493278,43.347182984538215,167.81057866300117,93.76356713241269,169.04017495150345,115.56743003503807,36.15512641731842,10.284789400428295,25.787608606940772,5.679277632048857,204.617908365624,-49.15342365770905,-21.411431863539597,70.69927957502583,92.26766961647967,206.5446525092766,206.78652973690748,116.19077719003475,-13.203128377154856,-275.19337631527037,-135.0921498341953,390.2246666799475,120.22593289840451,-438.60824084044043,262.0160430158936
83.46279469529286,-61.99320950339763,192.86602192211322,90.75810448709942,-28.63754928332862,-45.43909154848954,7.951158674478357,11.296659000528331,50.85090169487089,-75.08125712518247,157.4705779215834,-80.87723963175736,-297.47147126733387,201.15507145375636,84.69088962332054,101.93681037438046,72.66479041401612,108.83132835158916,24.399692802067513,100.31609436954619,30.789725473230668,119.86321619277824,66.682365959795,120.54703695021253,82.53341861757313,25.592333137671787,7.439968341641771,18.330088215955357,4.111347185474053,145.84229835977885,-35.290593834219735,-15.132897156669475,50.28903980708373,66.22024270342645,147.39245493098412,147.78742285706036,83.31209080173872,-9.333512036541,-195.88655911005299,-96.4104151933793,278.46169267769335,85.33346764050907,-313.1667338146009,186.82413850092735
123.86988076780898,-93.45839514885361,290.52132735147507,135.77817267562844,-43.468007417877175,-69.21652172910665,12.295165057172914,16.90313841906559,76.75592654097572,-112.37244568230518,236.4662074673131,-122.97913878343245,-445.7278960417816,302.002631255074,126.86630063694649,152.1566874496517,108.83132835158916,164.1813975623264,37.56405419430533,151.4977547022781,45.75067723196603,180.29264114938763,99.38414472698959,180.75098035932754,124.13486243555809,37.78440532536485,11.474784076235046,27.29946520061961,6.342239876255018,218.41017702955722,-53.67215348851416,-22.253329197683698,75.00680741570591,100.61015154538829,221.29527455856788,222.59348075221519,126.34432431494179,-13.729049972430445,-292.55756860458405,-144.7718063445495,418.04551951427334,126.66171608020012,-470.7094792960996,280.0031182517255
27.01082777742632,-21.337385150763684,66.19436929369954,30.32228787301421,-10.133568509985844,-16.280830680376962,3.036403559786558,3.7594780721343515,17.570578234537766,-25.150367818613336,53.41106478254955,-28.743651156258476,-100.0336577404528,68.17185685109366,28.435357122669494,33.77275136007119,24.399692802067513,37.56405419430533,9.095419155140611,34.795497036544575,10.03895873008309,40.91584758930472,21.96204152317539,40.62001900180802,28.13698052845217,8.115541870615816,2.8011250409765776,5.9945056049172,1.5382955479660232,48.937607487349624,-12.553707005242924,-4.731994678736917,16.603616552012564,23.49039416730498,49.95413326816135,50.706590419393066,29.33424605796141,-2.9078498758278184,-65.01447920284885,-32.692031827345716,94.34738487079449,27.6344845611635,-106.60379143503712,62.891935887146865
113.97274436896029,-86.23367997597173,268.003920208089,125.09724410906946,-40.163473725009936,-63.989129898764276,11.43450192507114,15.55164889667883,70.8072718968241,-103.55610061213258,218.02792089421055,-113.5784641207138,-410.78073987694006,278.4388630978451,116.91735645199542,140.16231212493278,100.31609436954619,151.4977547022781,34.795497036544575,139.87370611389935,42.14729135920524,166.30008269168817,91.52614653313061,166.5701100971647,114.44117963696497,34.71556164852427,10.645479500284864,25.11464121143693,5.889941188574331,201.27837322416582,-49.57157800585629,-20.4560549699159,69.05358839706722,92.94731109777352,204.0156784614666,205.31308296972716,116.66221313449873,-12.617566663857806,-269.4548125018898,-133.47556915066826,385.4261099977909,116.54591166844928,-434.0674053036838,258.0797576570921
35.69147501251047,-26.079209722924883,81.20391149752666,38.4858544628246,-11.970117058233075,-18.909909674560556,3.2741628483190564,4.775004741824327,21.348249145051973,-31.8395191976398,66.52863149945614,-33.68275498991648,-125.95437322909363,85.00097328805501,35.863602677328714,43.347182984538215,30.789725473230668,45.75067723196603,10.03895873008309,42.14729135920524,13.17469725684441,50.55594039164127,28.399578696360145,50.98539742936608,34.78376032443434,11.001248225711635,3.0618531838697667,7.7952979594548255,1.688982135754702,61.789167222532875,-14.695990030327637,-6.543542704704794,21.390452824216048,27.62787922053443,62.273665138035916,62.22417417791469,34.814572527515296,-4.027662219661991,-83.21578987068966,-40.72903984594642,117.67475046625205,36.48818786437245,-132.17140551963254,79.0901840985838
136.93221610517492,-102.66050344162736,319.21954606432996,149.60574517178617,-47.614814006181014,-75.7130749057251,13.372426664256139,18.621045028512302,84.26635034928759,-123.79323532082508,260.15220114085434,-134.6070559359814,-490.8004375848073,332.2790075599412,139.7148494364004,167.81057866300117,119.86321619277824,180.29264114938763,40.91584758930472,166.30008269168817,50.55594039164127,198.22406939003022,109.67592035261016,198.9715342336978,136.47548200657587,41.85145353388259,12.490800387666209,30.135392888735755,6.907637473006493,240.55277794251728,-58.742066318071195,-24.692953449791496,82.7424355223027,110.16386620261909,243.47417045318747,244.58482690213108,138.4418573071307,-15.235304451845822,-322.5706319414105,-159.2738994234004,459.96742621479575,140.01068345832297,-517.6593854849157,308.2904253241776
77.07292758138898,-56.636481147430764,176.30746209324357,83.35982454200605,-26.03868999222452,-41.21201870117778,7.125689060261063,10.378273313439239,46.42420003776337,-68.93717646748895,144.26047114061734,-73.46395585836927,-272.9322521326708,184.30675984948218,77.71538176481786,93.76356713241269,66.682365959795,99.38414472698959,21.96204152317539,91.52614653313061,28.399578696360145,109.67592035261016,61.399736165048644,110.5567861423497,75.53746757136034,23.72267821850341,6.683537584981526,16.890861155652384,3.690392687635332,133.85714323092958,-32.05195785263415,-14.058450749049486,46.29029692037347,60.177033087616664,135.0467860182063,135.11851337959476,75.81057561241201,-8.667763043708923,-180.1303575768257,-88.32467176693143,255.14558804924434,78.79322878734901,-286.71101925566643,171.3774656154127
138.32035859538442,-102.94383687308392,320.2621394787616,150.58000357081437,-47.589531870901155,-75.55025381046222,13.203426894996783,18.767403629544987,84.49044255678314,-124.55942664211076,261.3722778105167,-134.53020414365685,-493.64699098440246,333.87693834182784,140.53077527164433,169.04017495150345,120.54703695021253,180.75098035932754,40.62001900180802,166.5701100971647,50.98539742936608,198.9715342336978,110.5567861423497,200.09599229431862,137.0720803631419,42.40795262798046,12.372715608964853,30.41312553448545,6.828970364769743,241.98999488947925,-58.70365069048594,-25.03443946466813,83.42293871906583,110.09242007666197,244.65937287309956,245.43555470099105,138.4975954648725,-15.441812383138984,-324.9406560359184,-160.0303426413328,462.1828787225101,141.421098287185,-519.8739126052175,310.0164427657419
94.34084058775743,-70.679253462795,219.81003047422539,103.05184683706528,-32.764053382218414,-52.09823820560216,9.158453348963516,12.849488045324014,58.04478355160685,-85.2527503821749,179.15223826463298,-92.71209389233194,-338.04948132524436,228.82884808306974,96.22745185727346,115.56743003503807,82.53341861757313,124.13486243555809,28.13698052845217,114.44117963696497,34.78376032443434,136.47548200657587,75.53746757136034,137.0720803631419,94.02568879552129,28.86044040206386,8.574778195742802,20.779694971563227,4.734721915816803,165.67668494901565,-40.45849396357432,-17.004557509964123,57.01836382478656,75.83614852304378,167.6869230516673,168.44886537204994,95.33259598676854,-10.49273749100997,-222.21665137316438,-109.68886528857426,316.7584025547477,96.46049496640465,-356.4791408586896,212.32028902911952
29.929046997816428,-21.52927908965968,67.18488362603682,32.053702209423854,-9.838182284080059,-15.462242790686178,2.6104828171399337,3.98441571404538,17.634747115573813,-26.528708535911836,55.22470960036948,-27.668920073893364,-104.82864686288242,70.58008025684641,29.810647197502362,36.15512641731842,25.592333137671787,37.78440532536485,8.115541870615816,34.71556164852427,11.001248225711635,41.85145353388259,23.72267821850341,42.40795262798046,28.86044040206386,9.328094091325447,2.4619460069870143,6.508876205243986,1.3183103283995437,51.41902793508755,-12.075030253951992,-5.538656521470453,17.90913377390258,22.68924028073324,51.726964031757134,51.55591177801989,28.659336243636005,-3.380067679892992,-69.4542865583592,-33.81135310046306,97.697706426522,30.600456234843914,-109.62480891442152,65.78047543508204
8.200038244400194,-6.514188341463294,20.21142739479331,9.23224376704498,-3.1097126573992435,-4.993834936143338,0.9469276481400728,1.1368437996379508,5.359521603600771,-7.672014420462956,16.29610707823692,-8.792389570635073,-30.495099716878826,20.797817896845427,8.660410420859595,10.284789400428295,7.439968341641771,11.474784076235046,2.8011250409765776,10.645479500284864,3.0618531838697667,12.490800387666209,6.683537584981526,12.372715608964853,8.574778195742802,2.4619460069870143,0.8685977184603604,1.811409697902317,0.47136444021555973,14.91404522822663,-3.8412736818987576,-1.438473724654985,5.051447692384335,7.196212552949028,15.238490532322558,15.482909698178524,8.975197504528069,-0.8780807397395565,-19.78678323034284,-9.972665070910896,28.781995803171498,8.392019923721426,-32.53506199858238,19.17761412798545
21.247721126070914,-15.576906587634092,48.428116254254704,22.938265211630814,-7.111009735355882,-11.284015247585927,1.9131665779249718,2.8826830370325243,12.777761423843277,-18.91600685557191,39.62064981801194,-20.161487348897797,-74.97975948200066,50.61988919471491,21.39655595502843,25.787608606940772,18.330088215955357,27.29946520061961,5.9945056049172,25.11464121143693,7.7952979594548255,30.135392888735755,16.890861155652384,30.41312553448545,20.779694971563227,6.508876205243986,1.811409697902317,4.693823518073282,1.0351426296564123,36.795617148001696,-8.78931854033315,-3.8527797759116242,12.721534726481696,16.47878601377409,37.09068777919047,37.08086413292188,20.786410001276135,-2.4116274915580593,-49.55493118856314,-24.266072625050356,70.09033917014422,21.711862411729182,-78.73282383367611,47.08141069254329
4.5492434957570005,-3.6218040083678757,11.153414763126802,5.10438861562188,-1.6906780146419693,-2.7495237582004886,0.5083710209659719,0.6439319716640364,2.9756299763365845,-4.196924310984178,8.969173628705581,-4.838928681752464,-16.756478024986297,11.44335773694717,4.807490900167485,5.679277632048857,4.111347185474053,6.342239876255018,1.5382955479660232,5.889941188574331,1.688982135754702,6.907637473006493,3.690392687635332,6.828970364769743,4.734721915816803,1.3183103283995437,0.47136444021555973,1.0351426296564123,0.2952397810577784,8.22083706653954,-2.107421725238782,-0.776106577348469,2.760916057507197,3.943642360699297,8.376585263614874,8.494293923482356,4.925789365758949,-0.5092819272998033,-10.908332290396025,-5.49350138501254,15.85235115041392,4.646128790740185,-17.904067013571442,10.550107989201019
167.56109288802074,-124.40163136419325,387.08115906171815,182.18383782274955,-57.46872561546821,-91.16398370152113,15.926964682285325,22.68231179734611,102.05966538112371,-150.72161916966974,316.074665565923,-162.32010522044652,-597.1505947148449,403.7637629068582,169.98707958272556,204.617908365624,145.84229835977885,218.41017702955722,48.937607487349624,201.27837322416582,61.789167222532875,240.55277794251728,133.85714323092958,241.98999488947925,165.67668494901565,51.41902793508755,14.91404522822663,36.795617148001696,8.22083706653954,292.75222402756947,-70.83084659960471,-30.389186994869046,100.98006774859778,132.88969386638996,295.8615947712467,296.6476884912062,167.20586742256907,-18.728494866636648,-393.250347338647,-193.51683485585943,558.9279265123405,171.3185048662448,-628.5784684523425,375.0130265791279
-39.751906038260664,30.520181635555574,-94.82699153847754,-43.97916100140545,14.313300580126766,22.870074496784603,-4.125949969084089,-5.475374181680285,-25.108452499432925,36.42749689676144,-76.92433576300886,40.57360630419774,144.66270952012937,-98.22344314824959,-41.143764426001965,-49.15342365770905,-35.290593834219735,-53.67215348851416,-12.553707005242924,-49.57157800585629,-14.695990030327637,-58.742066318071195,-32.05195785263415,-58.70365069048594,-40.45849396357432,-12.075030253951992,-3.8412736818987576,-8.78931854033315,-2.107421725238782,-70.83084659960471,17.71375342716963,7.071230853290027,-24.227036349645466,-33.16109992223271,-71.98337880639825,-72.67227678441418,-41.56175524113237,4.350839891568205,94.59241739662252,47.09326462531098,-135.9496755345292,-40.65736994888692,153.28826128771843,-90.89289758869813
-17.76655234511842,12.688118991525991,-39.59394563651717,-18.951346378578172,5.778123795071273,9.065040615689469,-1.5312057239739711,-2.3479613571034332,-10.37410228914859,15.683905900707543,-32.59626341442744,16.205319095767155,61.9244856295316,-41.66164549655157,-17.617882253450926,-21.411431863539597,-15.132897156669475,-22.253329197683698,-4.731994678736917,-20.4560549699159,-6.543542704704794,-24.692953449791496,-14.058450749049486,-25.03443946466813,-17.004557509964123,-5.538656521470453,-1.438473724654985,-3.8527797759116242,-0.776106577348469,-30.389186994869046,7.071230853290027,3.305097367257376,-10.594689116976323,-13.309561279591987,-30.52588951844662,-30.36979186641018,-16.81914653818675,2.018901939097949,41.091491980368104,19.955143428096918,-57.672785323346986,-18.16357852311687,64.67204640750248,-38.86138021519288
58.08240702484737,-42.725741163748815,133.05917472364814,62.87396602598483,-19.674887495630102,-31.12882118600938,5.379559194245917,7.82836097550216,35.04188874232141,-52.01983609986409,108.85746083549432,-55.51873107646819,-205.95048656430234,139.07876825666344,58.608531256908755,70.69927957502583,50.28903980708373,75.00680741570591,16.603616552012564,69.05358839706722,21.390452824216048,82.7424355223027,46.29029692037347,83.42293871906583,57.01836382478656,17.90913377390258,5.051447692384335,12.721534726481696,2.760916057507197,100.98006774859778,-24.227036349645466,-10.594689116976323,34.93427709872436,45.46632193131235,101.91891861194405,102.01537863266294,57.274710962508266,-6.5108546719993425,-135.86929087572705,-66.64935211810385,192.5221294746639,59.38474502089082,-216.372467581571,129.30450550673973
74.65388271962274,-57.2146225283065,177.78619646627305,82.512168850646,-26.82694704166825,-42.83522766792479,7.744395320860672,10.252741549206181,47.042126273552434,-68.36163758182964,144.28355052338924,-75.95330230768093,-271.3878471867763,184.23506935405902,77.17954939092625,92.26766961647967,66.22024270342645,100.61015154538829,23.49039416730498,92.94731109777352,27.62787922053443,110.16386620261909,60.177033087616664,110.09242007666197,75.83614852304378,22.68924028073324,7.196212552949028,16.47878601377409,3.943642360699297,132.88969386638996,-33.16109992223271,-13.309561279591987,45.46632193131235,62.116519271776944,135.00775598140515,136.24428793299,77.85015355968159,-8.178580905162486,-177.50759383544158,-88.32507477321224,254.99688323685973,76.35574213401769,-287.47879992896344,170.51993740468527
168.78292458730928,-126.00160679982221,391.9988348678948,184.0425735903347,-58.37242487984093,-92.69720774105642,16.294806841887844,22.90526817835162,103.41933464099709,-152.30995402612717,319.7497569081911,-164.94150546455376,-603.6398888828062,408.43081130092565,171.78898348950247,206.5446525092766,147.39245493098412,221.29527455856788,49.95413326816135,204.0156784614666,62.273665138035916,243.47417045318747,135.0467860182063,244.65937287309956,167.6869230516673,51.726964031757134,15.238490532322558,37.09068777919047,8.376585263614874,295.8615947712467,-71.98337880639825,-30.52588951844662,101.91891861194405,135.00775598140515,299.28988537738053,300.43502901002086,169.75372119818005,-18.792433359962306,-397.0411218499422,-195.7614791881555,565.3672452052696,172.58190149647638,-636.1013168827803,379.11610344147016
168.54141813958873,-126.69341232233367,394.0511881926034,184.44166997607675,-58.88705350617568,-93.64883892994145,16.58385591692548,22.94735229658354,104.04385014857445,-152.68737053149204,320.99460965944,-166.4987554771437,-605.411165610422,409.98308103498476,172.24976471224153,206.78652973690748,147.78742285706036,222.59348075221519,50.706590419393066,205.31308296972716,62.22417417791469,244.58482690213108,135.11851337959476,245.43555470099105,168.44886537204994,51.55591177801989,15.482909698178524,37.08086413292188,8.494293923482356,296.6476884912062,-72.67227678441418,-30.36979186641018,102.01537863266294,136.24428793299,300.43502901002086,302.02104864105365,171.16353290329178,-18.68001253437885,-397.6144239872684,-196.51658242465572,567.4924550489649,172.3498248332317,-638.841197755755,380.2661863224123
94.17529355109998,-71.86554500664396,223.3477861103034,103.85725673740825,-33.619749440802615,-53.64424808274629,9.637743340943205,12.921561887185975,59.083647632734646,-86.01557186871466,181.40042363306824,-95.20553487406168,-341.4152287753013,231.64418980384357,97.11442264120694,116.19077719003475,83.31209080173872,126.34432431494179,29.33424605796141,116.66221313449873,34.814572527515296,138.4418573071307,75.81057561241201,138.4975954648725,95.33259598676854,28.659336243636005,8.975197504528069,20.786410001276135,4.925789365758949,167.20586742256907,-41.56175524113237,-16.81914653818675,57.274710962508266,77.85015355968159,169.75372119818005,171.16353290329178,97.63227832352979,-10.34778627776349,-223.52639520933292,-111.05275472764197,320.62342269321204,96.31573141307402,-361.3455641639498,214.50100898431742
-10.97915054273117,7.847299546383525,-24.410679626032667,-11.695003548589044,3.536774058969578,5.579593007771895,-0.9229641362255124,-1.4674261283784968,-6.416940375808822,9.635474092148526,-20.073422777784803,9.986309177361774,38.11723576022242,-25.653325534150643,-10.890503909478152,-13.203128377154856,-9.333512036541,-13.729049972430445,-2.9078498758278184,-12.617566663857806,-4.027662219661991,-15.235304451845822,-8.667763043708923,-15.441812383138984,-10.49273749100997,-3.380067679892992,-0.8780807397395565,-2.4116274915580593,-0.5092819272998033,-18.728494866636648,4.350839891568205,2.018901939097949,-6.5108546719993425,-8.178580905162486,-18.792433359962306,-18.68001253437885,-10.34778627776349,1.2689165918452725,25.330541117523154,12.29521100363953,-35.52884759861734,-11.215412900811636,39.824845904015554,-23.930599685483205
-225.86743285282463,166.67803791102875,-518.7911123226933,-244.83157932545905,76.77966260639612,121.63670020614985,-21.089655025603104,-30.500276687473562,-136.70096948289407,202.495502503093,-424.12641888702893,216.79313030304473,801.9867962051943,-541.8383265867938,-228.3259848172412,-275.19337631527037,-195.88655911005299,-292.55756860458405,-65.01447920284885,-269.4548125018898,-83.21578987068966,-322.5706319414105,-180.1303575768257,-324.9406560359184,-222.21665137316438,-69.4542865583592,-19.78678323034284,-49.55493118856314,-10.908332290396025,-393.250347338647,94.59241739662252,41.091491980368104,-135.86929087572705,-177.50759383544158,-397.0411218499422,-397.6144239872684,-223.52639520933292,25.330541117523154,528.8245361748379,259.6799664847276,-750.0798564771537,-230.91821478402193,843.160533185699,-503.59018193613315
-110.385480714835,82.43577591145677,-256.4317527332206,-120.37924142973496,38.185698249235294,60.65239084273434,-10.66316362306703,-14.984618162093884,-67.65972205000102,99.61340322473832,-209.14927862626564,107.91212620888578,394.81606245835604,-267.1532084568413,-112.3735456568441,-135.0921498341953,-96.4104151933793,-144.7718063445495,-32.692031827345716,-133.47556915066826,-40.72903984594642,-159.2738994234004,-88.32467176693143,-160.0303426413328,-109.68886528857426,-33.81135310046306,-9.972665070910896,-24.266072625050356,-5.49350138501254,-193.51683485585943,47.09326462531098,19.955143428096918,-66.64935211810385,-88.32507477321224,-195.7614791881555,-196.51658242465572,-111.05275472764197,12.29521100363953,259.6799664847276,128.0496963720789,-369.810297181903,-112.86746801452584,416.0825046674155,-247.9698253935998
318.9057460267608,-238.04676862372636,740.5114897487042,347.69443796555737,-110.25014653949336,-175.09411429908516,30.78066276925266,43.27310369072392,195.36418624873824,-287.72048396956126,604.0324388476962,-311.52272908384884,-1140.3143535691604,771.5549187192768,324.5573313286183,390.2246666799475,278.46169267769335,418.04551951427334,94.34738487079449,385.4261099977909,117.67475046625205,459.96742621479575,255.14558804924434,462.1828787225101,316.7584025547477,97.697706426522,28.781995803171498,70.09033917014422,15.85235115041392,558.9279265123405,-135.9496755345292,-57.672785323346986,192.5221294746639,254.99688323685973,565.3672452052696,567.4924550489649,320.62342269321204,-35.52884759861734,-750.0798564771537,-369.810297181903,1068.0341342422687,326.0764322970706,-1201.628827042903,716.1886554239853
99.16510924150296,-72.21621934062246,224.88784471478095,106.76217889488149,-33.04690139336427,-52.206507001349614,8.91410694482396,13.309758944234892,59.16632810419099,-88.24383056721152,184.33160137050402,-93.20594649619088,-349.19682599879036,235.5314455618381,99.46558246666355,120.22593289840451,85.33346764050907,126.66171608020012,27.6344845611635,116.54591166844928,36.48818786437245,140.01068345832297,78.79322878734901,141.421098287185,96.46049496640465,30.600456234843914,8.392019923721426,21.711862411729182,4.646128790740185,171.3185048662448,-40.65736994888692,-18.16357852311687,59.38474502089082,76.35574213401769,172.58190149647638,172.3498248332317,96.31573141307402,-11.215412900811636,-230.91821478402193,-112.86746801452584,326.0764322970706,101.36652857463989,-366.15487259540566,219.22919018921837
-358.09037512215446,267.99619563178805,-833.6010060888793,-390.9478026650551,124.28042983519268,197.48156531058154,-34.81951486644899,-48.64700986568353,-219.98601314987746,323.55654462905426,-679.6222635046333,351.23543687207206,1282.549039181159,-868.0792544715454,-365.0029596939357,-438.60824084044043,-313.1667338146009,-470.7094792960996,-106.60379143503712,-434.0674053036838,-132.17140551963254,-517.6593854849157,-286.71101925566643,-519.8739126052175,-356.4791408586896,-109.62480891442152,-32.53506199858238,-78.73282383367611,-17.904067013571442,-628.5784684523425,153.28826128771843,64.67204640750248,-216.372467581571,-287.47879992896344,-636.1013168827803,-638.841197755755,-361.3455641639498,39.824845904015554,843.160533185699,416.0825046674155,-1201.628827042903,-366.15487259540566,1352.2147252857942,-805.5526443205357
214.4118206186129,-159.46058232382916,496.16665086032043,233.33881347777137,-73.7437306069913,-117.010138212375,20.493815862998595,29.039285777653816,130.83690167603848,-193.08029818963053,405.02166224658123,-208.28314241217694,-765.0159522384233,517.3762453269272,217.73961979810323,262.0160430158936,186.82413850092735,280.0031182517255,62.891935887146865,258.0797576570921,79.0901840985838,308.2904253241776,171.3774656154127,310.0164427657419,212.32028902911952,65.78047543508204,19.17761412798545,47.08141069254329,10.550107989201019,375.0130265791279,-90.89289758869813,-38.86138021519288,129.30450550673973,170.51993740468527,379.11610344147016,380.2661863224123,214.50100898431742,-23.930599685483205,-503.59018193613315,-247.9698253935998,716.1886554239853,219.22919018921837,-805.5526443205357,480.44498370655026
