V1,V2,V3,V4,V5,V6,V7,V8,V9,V10,V11,V12,V13,V14,V15,V16,V17,V18,V19,V20,V21,V22,V23,V24,V25,V26,V27,V28,V29,V30,V31,V32,V33,V34,V35,V36,V37,V38,V39,V40,V41,V42,V43,V44
3.035888293698615,-1.5771084225450802,-0.2507120731814939,0.3247637141974312,0.18499534936780757,-0.16100859114264185,2.9505284209388054,-1.572470800072957,-2.001812421947327,-0.2596814184817803,0.0857438629441023,7.168710405770909,2.9271691854548703,-0.23935288939167512,1.549394731685054,3.462046121881668,2.6537776849409354,0.26258191067514935,-0.11382824117334835,5.156007974995779,4.9570523410004395,2.8986555792306534,2.802643209093136,-3.2427949491580805,-4.03325416125947,-2.554808478121874,1.130937114658296,-0.3837054051096054,2.698261352727509,0.6836657089647026,3.574445135369489,-1.1337321369993663,-2.0905142105495385,-2.4514291252653204,-1.6894953174292981,-4.6431021164304225,-4.465661341462021,-2.0069610870005365,0.5637305562961029,0.4487841732182034,0.7211877922532688,2.7090739176502194,0.9892323860504058,0.5418668200512642
-1.5771084225450802,2.8988541083774226,-1.4003326443610646,0.15472405093184202,0.6357756403275582,2.047085155847987,-4.678860568927924,2.1921589905453787,1.8846365603427302,-0.20362926487743963,-0.6134653942470739,-6.955736903748944,-4.979374664512004,0.07395374692983941,-1.6232641629530735,-3.6071546449613576,-3.2860035454841863,-1.8755988371391188,-1.7076348506510612,-9.050753385470763,-5.896841270040791,-4.792440327594212,-2.2733611327614986,4.301587091353479,4.983291217745052,4.507859603276729,-2.029704780245325,0.6905698597930248,-3.9859649531414183,-0.4038655284505426,-3.337058299737188,0.9111883114368923,3.861286137326016,1.120984672753559,2.335024237657421,5.042048255462373,4.0177472228772055,2.125464579209923,-3.0998179134763317,-0.23192576549698132,-1.2587862543155197,-1.2658810838637646,8.70135021207334e-4,-0.03177573582849833
-0.2507120731814939,-1.4003326443610646,1.5194147363654305,-0.44523362862676097,-0.5868373498220854,-1.496726234051789,2.0128147852460994,-0.8932171522738922,-0.43598038728936195,0.2218817754777432,0.21284449412032602,1.4393042808395504,2.394715272736375,0.14063429416864398,0.5458205162443285,0.5398231822417099,1.070962512045458,1.3426282122589042,1.1561286232206436,3.8178875178867426,1.959599481948775,2.0413148961407583,0.6883292481386446,-2.00953434653329,-1.6695934267390182,-2.165504615793287,1.0372488201838825,-0.5810449348298147,1.6018713376006257,-0.33858713576988836,0.974862439001826,0.11078142072249082,-1.5758090016383637,0.4415621205319702,-0.5463504394849905,-1.1269038447683526,-0.3281684423848619,-0.7009362574312521,2.1994212054709674,0.17961943151658308,0.7116157108304151,-0.5053157033120381,-0.6284363724017805,-0.09497999278303007
0.3247637141974312,0.15472405093184202,-0.44523362862676097,0.17666624032380596,0.14677273702924123,0.31980523310329767,-0.14650283792792182,0.05160029552137914,-0.09287070709783468,-0.057965360862927896,0.01737500590570215,0.4344646362521123,-0.2683622095126859,-0.07167912497334725,0.0065267615308801565,0.33488509446769676,0.042519854742242756,-0.285150584749177,-0.20908261479960985,-0.22277951378095895,0.04925029709684595,-0.1353001619023754,0.018604991315576528,0.23123803512407065,-0.042762843439073134,0.23777126525568645,-0.1360410314837457,0.15977830244655672,-0.07483665497884737,0.2223388979195149,0.06464703901340065,-0.19229240802547992,0.06621568143434957,-0.3476595486754613,-0.14280185995061193,-0.2935127982410938,-0.4813566811343059,-0.013302566138645394,-0.4653146115781051,-0.05660301260042692,-0.11891935846536561,0.399482331778974,0.26776616379233703,0.031525502360296366
0.18499534936780757,0.6357756403275582,-0.5868373498220854,0.14677273702924123,0.27455511875569827,0.6871267832476003,-0.9210922015647651,0.3901529665890985,0.17411436612324455,-0.12998378201382424,-0.17754134355652929,-0.6736733512223299,-1.0469781756462302,-0.040741307166469565,-0.20228176830598257,-0.3815542592409608,-0.4986090835578008,-0.6030965050564818,-0.616667197555719,-1.8891887753975167,-0.8610910016273848,-0.9682500170124733,-0.14637111942445816,0.7549351990346356,0.7608400201154498,0.9677109115101128,-0.44498421499436597,0.16993142994528895,-0.7383609429324642,0.05121074845116555,-0.31987303247559057,0.020107421910555638,0.8217330196961998,-0.21439068459980581,0.3763935461686007,0.6053464012811008,0.2775835010019479,0.26619391377588875,-0.9674627423806608,0.006001630816605361,-0.27810936759377936,0.22908595162437298,0.25463418616039935,0.10939455850441523
-0.16100859114264185,2.047085155847987,-1.496726234051789,0.31980523310329767,0.6871267832476003,1.8748205561818587,-3.1184340361109135,1.3852741844479772,0.9006955331103446,-0.296048467469538,-0.5067034145923136,-3.375492412231473,-3.4382404075047357,-0.04907681116663402,-0.8685361679876294,-1.8050749965712323,-1.9221089312450297,-1.6720318447395106,-1.6340090644388157,-6.215444905216494,-3.390017611827674,-3.2359600403099336,-0.9775119445905639,2.706375354453366,2.9212071859019058,3.1468715794513624,-1.4342964615551335,0.5272030353986871,-2.570109560237326,-0.026186155182434105,-1.6201073681978533,0.32019434467551394,2.6799348520761455,-0.03531174809451755,1.398676470228452,2.6588058045748135,1.7462234190429273,1.141920145738309,-2.7116730124319495,-0.06312697007925663,-0.8955095762384017,0.019299586696050707,0.46129459123549005,0.18304282986877765
2.9505284209388054,-4.678860568927924,2.0128147852460994,-0.14650283792792182,-0.9210922015647651,-3.1184340361109135,7.640543934076518,-3.6085608999232095,-3.2272226673996305,0.26583213879002565,0.975109667672223,11.917800175691124,8.065463215445334,-0.17045726397881827,2.7333790201021952,6.185573304585094,5.48481275742632,2.875308012899312,2.584415439527004,14.728787393294326,9.861276664224544,7.816509007907755,3.911070295319807,-7.0576240150449445,-8.311870136282055,-7.292201092887136,3.271095566195853,-1.0757365433209425,6.5452965793123985,0.7875790103299002,5.6863608402227355,-1.6313237639419247,-6.278614980552745,-2.17381765348362,-3.9090233648521466,-8.565752808511295,-7.001919137382457,-3.5785690999341395,4.7670711983816165,0.40267000099522965,2.0213704886599895,2.449489423671448,0.21121035795943746,0.12887367928407295
-1.572470800072957,2.1921589905453787,-0.8932171522738922,0.05160029552137914,0.3901529665890985,1.3852741844479772,-3.6085608999232095,1.7278655196576704,1.5959944063042244,-0.08643658088855224,-0.4142455611791892,-5.846452462420192,-3.8078444998835788,0.08972175233606922,-1.3476506371973267,-2.97490691262802,-2.6309184559196868,-1.2909673982128338,-1.1020586850692597,-6.874119722945495,-4.7681068826768245,-3.6754713631830325,-2.005488794773031,3.4251726364169888,3.9972645788149257,3.4305268309672514,-1.541640374636795,0.5303343520738655,-3.1042870211343216,-0.37515347065781385,-2.838266184668713,0.7923399184008175,2.9079326499529206,1.1651797491419182,1.827606323210643,4.134864248503,3.421824493462367,1.759346543990209,-2.1531534566699766,-0.2425781602835193,-0.9641312176090276,-1.3056598262017045,-0.16957640773951216,-0.12035682936906114
-2.001812421947327,1.8846365603427302,-0.43598038728936195,-0.09287070709783468,0.17411436612324455,0.9006955331103446,-3.2272226673996305,1.5959944063042244,1.664615039119794,0.03166417902707519,-0.2983724777544003,-6.061427189306722,-3.3307025049554144,0.1421825033782337,-1.3510465259106303,-3.0458744574321672,-2.5305404217401866,-0.8756332107039413,-0.6504426383756562,-6.013875102627244,-4.624126379655182,-3.2555255751401995,-2.163814190192478,3.1833374484023564,3.8402684399613145,2.9756750226043196,-1.3279077204559053,0.4382800711321486,-2.833252266865629,-0.4877724832559172,-2.9491888760592806,0.8921279087793776,2.521410960119257,1.5616302559834552,1.7274208867133607,4.154645825821853,3.6657968148056783,1.7600601553159905,-1.501700882763817,-0.285266965530025,-0.8288130507409911,-1.7393741152006255,-0.4534604746161358,-0.2488081927300549
-0.2596814184817803,-0.20362926487743963,0.2218817754777432,-0.057965360862927896,-0.12998378201382424,-0.296048467469538,0.26583213879002565,-0.08643658088855224,0.03166417902707519,0.08661475990361403,0.1117522491026049,-0.045978328364132307,0.2976896774912115,0.01748176881426667,-0.011256395713784714,0.06364126547780542,0.09850421809868791,0.24913555119758,0.31823617142294147,0.650993172800666,0.12219040237918319,0.3020515911901508,-0.15114210800138264,-0.09905277575623218,-0.13921076092821819,-0.29102450283790704,0.12779842463767846,-0.01646056359274122,0.1984872088730667,-0.008419629507855051,-0.09059615763475369,0.010098717633002725,-0.311802416533027,0.21865296868555942,-0.14214555260245118,-0.08344287903856873,0.033807784015263596,0.005664930133807805,0.38491565438471775,-0.06924990416681259,0.0640899440367065,-0.2332627106768222,-0.14747314452847815,-0.10537205392598746
0.0857438629441023,-0.6134653942470739,0.21284449412032602,0.01737500590570215,-0.17754134355652929,-0.5067034145923136,0.975109667672223,-0.4142455611791892,-0.2983724777544003,0.1117522491026049,0.2644465694767124,1.2711706250001868,0.9798289500980124,-0.03735852109107429,0.22924140335644638,0.8626669437602971,0.6577840414063157,0.43776837837187244,0.5629529531259476,2.126780588840766,1.0880096481330752,1.0539599097455474,0.13203808308983095,-0.6188565889061595,-0.9693810390950353,-0.922685805135427,0.3894619281457502,-0.011125820970889922,0.8243969454010437,0.20305517444818635,0.40883197764771245,-0.25606127217952485,-0.9755875316474028,-0.09521189121514277,-0.6529781399082437,-1.0771918711454345,-0.885710710030002,-0.31549350148546096,0.6874594953250958,-0.10452281577766653,0.1973540607434763,0.13250070820506968,-0.023529823786370373,-0.12461401952839475
7.168710405770909,-6.955736903748944,1.4393042808395504,0.4344646362521123,-0.6736733512223299,-3.375492412231473,11.917800175691124,-5.846452462420192,-6.061427189306722,-0.045978328364132307,1.2711706250001868,22.29835539656834,12.206636772155708,-0.5652804794620556,4.8701879633604275,11.469111560719487,9.338496614360164,3.2494738030003067,2.617492277397045,22.508487615256037,16.95460747935611,12.094493364216742,7.597035618863126,-11.40328426990159,-14.13644548684239,-10.950226505795904,4.849484625133474,-1.431132323414997,10.461176404369763,1.9871552110245296,10.578136211023978,-3.415429479474784,-9.523079978163901,-5.673889985784739,-6.617716156915652,-15.464154622144008,-13.715343070547258,-6.361742521024836,5.52316088582089,0.8685506222258493,2.9693415781403294,6.351379544738693,1.7016165517174033,0.7689485938468923
2.9271691854548703,-4.979374664512004,2.394715272736375,-0.2683622095126859,-1.0469781756462302,-3.4382404075047357,8.065463215445334,-3.8078444998835788,-3.3307025049554144,0.2976896774912115,0.9798289500980124,12.206636772155708,8.6007676875354,-0.1266962662681178,2.874861348765882,6.223940558724698,5.703607735083997,3.1672334531123116,2.7898762989728025,15.465512945650325,10.291020263147162,8.23126790038439,4.142367537102414,-7.569170148234871,-8.664528568308214,-7.766080466739351,3.507318848223537,-1.2462338561299022,6.882603646594814,0.6615456078842361,5.954664613356039,-1.5663144992082167,-6.559855574712648,-2.0799469734240588,-3.959775649833525,-8.751299110061185,-6.995605737505438,-3.754249851845607,5.256858940724963,0.48583772729638436,2.1979256174007227,2.335240379786257,0.05765931894151871,0.14080854175598337
-0.23935288939167512,0.07395374692983941,0.14063429416864398,-0.07167912497334725,-0.040741307166469565,-0.04907681116663402,-0.17045726397881827,0.08972175233606922,0.1421825033782337,0.01748176881426667,-0.03735852109107429,-0.5652804794620556,-0.1266962662681178,0.040736401716242814,-0.08537743067715785,-0.34176858959148765,-0.1875529083152502,0.038841289038970515,0.019904676175390903,-0.35229631941943507,-0.3294364349233551,-0.18168364947700105,-0.13090918248057834,0.11519581882333652,0.2753807951924669,0.11660117332219795,-0.03810029525304121,-0.03690787478742673,-0.16685034498724638,-0.12217744423585734,-0.20606386606928317,0.13949195611093704,0.1633481506978615,0.22509971228002343,0.18411350675011937,0.3983340221809208,0.4351953496694178,0.11637087983398785,0.06337826282816779,0.012673084409116181,-0.00909396439319648,-0.2561130191655751,-0.12856441408355823,-0.01921167289546143
1.549394731685054,-1.6232641629530735,0.5458205162443285,0.0065267615308801565,-0.20228176830598257,-0.8685361679876294,2.7333790201021952,-1.3476506371973267,-1.3510465259106303,-0.011256395713784714,0.22924140335644638,4.8701879633604275,2.874861348765882,-0.08537743067715785,1.1300868721264,2.383331433937283,2.0828200822574017,0.8348596178727571,0.6081645957059173,5.057005135492855,3.8267826650327326,2.7491920162590477,1.8159596273492464,-2.755225821091288,-3.173915318071901,-2.5657244172920257,1.1591418889862475,-0.43449046998975693,2.380481294990642,0.3077032192788907,2.4435529075856044,-0.6548315148522567,-2.101500353624039,-1.1673944257285458,-1.3629479379068832,-3.326234700959478,-2.843021692059904,-1.4655607280413914,1.4257524698081754,0.27388475037261867,0.7410729926098859,1.295453850255993,0.27215891677452464,0.20440891590028445
3.462046121881668,-3.6071546449613576,0.5398231822417099,0.33488509446769676,-0.3815542592409608,-1.8050749965712323,6.185573304585094,-2.97490691262802,-3.0458744574321672,0.06364126547780542,0.8626669437602971,11.469111560719487,6.223940558724698,-0.34176858959148765,2.383331433937283,6.217816685891193,4.844290512844388,1.6997644117421888,1.6162314041739048,12.037695748566778,8.651068015375847,6.357432313125589,3.473426924039725,-5.496191819054688,-7.283997119609918,-5.633844914026889,2.4517038914610976,-0.5222693728162965,5.430744956872811,1.2561504675504445,5.119261918858427,-1.920898559084371,-5.199861775016869,-2.838712973377806,-3.7212659149411724,-8.170440956405288,-7.331917314842793,-3.1373404339456568,2.839160552058487,0.22015548248024988,1.4284361987799543,3.212719447455481,0.9124284981119966,0.22001290283578628
2.6537776849409354,-3.2860035454841863,1.070962512045458,0.042519854742242756,-0.4986090835578008,-1.9221089312450297,5.48481275742632,-2.6309184559196868,-2.5305404217401866,0.09850421809868791,0.6577840414063157,9.338496614360164,5.703607735083997,-0.1875529083152502,2.0828200822574017,4.844290512844388,4.1074136548334605,1.7989566482717285,1.569331335985659,10.492194246369023,7.403329696940644,5.591293943999586,3.099697156999119,-5.125361671910137,-6.213954447548055,-5.139808015203795,2.2911700797355325,-0.7089273191604606,4.753405302944278,0.741011212103294,4.426123115417545,-1.3660620792295863,-4.465385152865646,-2.0435506717128713,-2.932673872640577,-6.604804043915871,-5.634113616749845,-2.7259797863244177,3.0129573528853153,0.3241317330242798,1.4039505761831095,2.294388181142585,0.44410378772430376,0.203857883131587
0.26258191067514935,-1.8755988371391188,1.3426282122589042,-0.285150584749177,-0.6030965050564818,-1.6720318447395106,2.875308012899312,-1.2909673982128338,-0.8756332107039413,0.24913555119758,0.43776837837187244,3.2494738030003067,3.1672334531123116,0.038841289038970515,0.8348596178727571,1.6997644117421888,1.7989566482717285,1.4988822320616595,1.4301135090979036,5.677400510563183,3.194749950975623,2.9723603933145992,0.999842690056078,-2.5512871468950475,-2.7382599362515823,-2.8906940513555655,1.319661408720435,-0.5013764576350275,2.3768937518910858,0.02626417105860162,1.5896375463913848,-0.31108884853354996,-2.43521984936756,-0.056436776227205,-1.2772511979995556,-2.508930066334945,-1.6850355023362729,-1.095904056342068,2.437404711100642,0.09043765739101381,0.8305674463162325,0.07698290212567338,-0.3808568786784998,-0.13085902796104734
-0.11382824117334835,-1.7076348506510612,1.1561286232206436,-0.20908261479960985,-0.616667197555719,-1.6340090644388157,2.584415439527004,-1.1020586850692597,-0.6504426383756562,0.31823617142294147,0.5629529531259476,2.617492277397045,2.7898762989728025,0.019904676175390903,0.6081645957059173,1.6162314041739048,1.569331335985659,1.4301135090979036,1.5733707049548968,5.4031840640642095,2.662260824083884,2.7365103200928695,0.45501403438031274,-1.95244132640553,-2.352576941377322,-2.5900235037280264,1.1546657083129095,-0.2980204129290869,2.1267321111847686,0.1504447567588536,1.0468559950107887,-0.3353151377717213,-2.401437254056606,0.16902593567961988,-1.3352345160973491,-2.2335751717686527,-1.5023590202125328,-0.815455095598347,2.288011227356653,-0.11014782916251793,0.6722432546694047,-0.14806502158633342,-0.4062294323248782,-0.28881616343356314
5.156007974995779,-9.050753385470763,3.8178875178867426,-0.22277951378095895,-1.8891887753975167,-6.215444905216494,14.728787393294326,-6.874119722945495,-6.013875102627244,0.650993172800666,2.126780588840766,22.508487615256037,15.465512945650325,-0.35229631941943507,5.057005135492855,12.037695748566778,10.492194246369023,5.677400510563183,5.4031840640642095,28.83124175716489,18.699548942219256,15.169003516978979,6.885038668146118,-13.109334280102928,-15.854146068918938,-14.048791295447412,6.2596345506958535,-1.8527664481193693,12.596565180069744,1.6919269727213246,10.392939199331257,-3.219543998662808,-12.409734148082729,-3.8519969205416325,-7.801478598805184,-16.467887760865743,-13.460835824106566,-6.645524981283993,9.343386219725502,0.5038568390842638,3.793121469957495,4.386476481164159,0.30840057213874883,-0.003224702397749518
4.9570523410004395,-5.896841270040791,1.959599481948775,0.04925029709684595,-0.8610910016273848,-3.390017611827674,9.861276664224544,-4.7681068826768245,-4.624126379655182,0.12219040237918319,1.0880096481330752,16.95460747935611,10.291020263147162,-0.3294364349233551,3.8267826650327326,8.651068015375847,7.403329696940644,3.194749950975623,2.662260824083884,18.699548942219256,13.43026066454452,10.022736532191084,5.8234760780853065,-9.412219570107917,-11.230443917885252,-9.252273499629082,4.137902496375731,-1.3576574884948045,8.55090150489231,1.256179155869323,8.169584982376923,-2.4182194715406387,-7.905926000771971,-3.787440937786271,-5.166870609421919,-11.881229179865645,-10.125574239139079,-4.995907771279075,5.367747322557707,0.6960922135035198,2.5707027651986634,4.238749701241156,0.8329509455164047,0.461215931871156
2.8986555792306534,-4.792440327594212,2.0413148961407583,-0.1353001619023754,-0.9682500170124733,-3.2359600403099336,7.816509007907755,-3.6754713631830325,-3.2555255751401995,0.3020515911901508,1.0539599097455474,12.094493364216742,8.23126790038439,-0.18168364947700105,2.7491920162590477,6.357432313125589,5.591293943999586,2.9723603933145992,2.7365103200928695,15.169003516978979,10.022736532191084,8.022760758519915,3.854131416440139,-7.108066875861636,-8.466445112751849,-7.458522580844707,3.3347400242914795,-1.0478660031769247,6.690316269650512,0.8458570950059756,5.689296090868328,-1.6871616254091504,-6.491498549914956,-2.148842915620368,-4.061248922914763,-8.757979141397454,-7.160789966722322,-3.604368600657481,4.907919894616027,0.35329373230663946,2.045207244030682,2.4331515552667113,0.1979762575329325,0.07506722888241169
2.802643209093136,-2.2733611327614986,0.6883292481386446,0.018604991315576528,-0.14637111942445816,-0.9775119445905639,3.911070295319807,-2.005488794773031,-2.163814190192478,-0.15114210800138264,0.13203808308983095,7.597035618863126,4.142367537102414,-0.13090918248057834,1.8159596273492464,3.473426924039725,3.099697156999119,0.999842690056078,0.45501403438031274,6.885038668146118,5.8234760780853065,3.854131416440139,3.1860990968065006,-4.328795845925727,-4.755033587448442,-3.6430234460759183,1.670428496742871,-0.7604685380158742,3.4411777591297987,0.3761535787735359,4.0394799411054185,-0.9540604112938672,-2.766933008255548,-2.09433371808973,-1.802247837881511,-4.9586717622141405,-4.317047920048415,-2.339826171637795,1.7773596012698367,0.6042106918326126,1.11952252809835,2.294562881190476,0.5694451850160863,0.5173891742071632
-3.2427949491580805,4.301587091353479,-2.00953434653329,0.23123803512407065,0.7549351990346356,2.706375354453366,-7.0576240150449445,3.4251726364169888,3.1833374484023564,-0.09905277575623218,-0.6188565889061595,-11.40328426990159,-7.569170148234871,0.11519581882333652,-2.755225821091288,-5.496191819054688,-5.125361671910137,-2.5512871468950475,-1.95244132640553,-13.109334280102928,-9.412219570107917,-7.108066875861636,-4.328795845925727,7.096392386652583,7.828836820149422,6.77026778321734,-3.0889399679611182,1.2634619059202123,-6.062261701146046,-0.4881518758767155,-5.85534926067218,1.3752423051916993,5.446071117399534,2.3069272622344394,3.2741785019046956,7.871907876351031,6.385376484259526,3.574235838848214,-4.305021599149048,-0.6879935644797995,-2.0008624761814855,-2.549510170594135,-0.25268274441604155,-0.3922797564180967
-4.03325416125947,4.983291217745052,-1.6695934267390182,-0.042762843439073134,0.7608400201154498,2.9212071859019058,-8.311870136282055,3.9972645788149257,3.8402684399613145,-0.13921076092821819,-0.9693810390950353,-14.13644548684239,-8.664528568308214,0.2753807951924669,-3.173915318071901,-7.283997119609918,-6.213954447548055,-2.7382599362515823,-2.352576941377322,-15.854146068918938,-11.230443917885252,-8.466445112751849,-4.755033587448442,7.828836820149422,9.414165720692854,7.803079992238763,-3.483881922226724,1.1071216612784238,-7.200380538465789,-1.0814979490464343,-6.746895413824648,2.0382281196694767,6.729434510359395,3.089013180248679,4.397751393114268,9.969087333077434,8.480425792939942,4.148914847167164,-4.587341803779422,-0.52749587427006694,-2.148109272167345,-3.4651372201642623,-0.6581166387164356,-0.329873190236528
-2.554808478121874,4.507859603276729,-2.165504615793287,0.23777126525568645,0.9677109115101128,3.1468715794513624,-7.292201092887136,3.4305268309672514,2.9756750226043196,-0.29102450283790704,-0.922685805135427,-10.950226505795904,-7.766080466739351,0.11660117332219795,-2.5657244172920257,-5.633844914026889,-5.139808015203795,-2.8906940513555655,-2.5900235037280264,-14.048791295447412,-9.252273499629082,-7.458522580844707,-3.6430234460759183,6.77026778321734,7.803079992238763,7.023054837675835,-3.165635653461416,1.0956466042874387,-6.217608938373831,-0.6184893538576762,-5.292337722075745,1.421804936691511,5.975602012495914,1.8188379007423476,3.6153827102763842,7.895121240785802,6.304973346133911,3.3536741780332817,-4.785055543459529,-0.400717634531833,-1.973992490194513,-2.049311910274247,-0.031430212328891996,-0.08813375000334799
1.130937114658296,-2.029704780245325,1.0372488201838825,-0.1360410314837457,-0.44498421499436597,-1.4342964615551335,3.271095566195853,-1.541640374636795,-1.3279077204559053,0.12779842463767846,0.3894619281457502,4.849484625133474,3.507318848223537,-0.03810029525304121,1.1591418889862475,2.4517038914610976,2.2911700797355325,1.319661408720435,1.1546657083129095,6.2596345506958535,4.137902496375731,3.3347400242914795,1.670428496742871,-3.0889399679611182,-3.483881922226724,-3.165635653461416,1.4351225836624386,-0.5291505580629997,2.783897294617256,0.22977197151999804,2.3922443592825218,-0.5984281849837855,-2.649306849187224,-0.7846451158631863,-1.5690221379869516,-3.4768278317819328,-2.7396989693583413,-1.5120081172064812,2.1902668448736944,0.20749430773391173,0.9049436198697315,0.8793975841576036,-0.01918502926347226,0.053806866021056096
-0.3837054051096054,0.6905698597930248,-0.5810449348298147,0.15977830244655672,0.16993142994528895,0.5272030353986871,-1.0757365433209425,0.5303343520738655,0.4382800711321486,-0.01646056359274122,-0.011125820970889922,-1.431132323414997,-1.2462338561299022,-0.03690787478742673,-0.43449046998975693,-0.5222693728162965,-0.7089273191604606,-0.5013764576350275,-0.2980204129290869,-1.8527664481193693,-1.3576574884948045,-1.0478660031769247,-0.7604685380158742,1.2634619059202123,1.1071216612784238,1.0956466042874387,-0.5291505580629997,0.33669395313970635,-0.8979331201412875,0.11776225975665981,-0.9220999969655888,0.04926942501155734,0.7216808603963961,0.18754645710150503,0.29537515847492035,0.9188037297150273,0.5916378450755994,0.5553342926639918,-0.8565872083929076,-0.20151625274821222,-0.37998572577825196,-0.18713017431245252,0.11089003367376377,-0.09936819813534073
2.698261352727509,-3.9859649531414183,1.6018713376006257,-0.07483665497884737,-0.7383609429324642,-2.570109560237326,6.5452965793123985,-3.1042870211343216,-2.833252266865629,0.1984872088730667,0.8243969454010437,10.461176404369763,6.882603646594814,-0.16685034498724638,2.380481294990642,5.430744956872811,4.753405302944278,2.3768937518910858,2.1267321111847686,12.596565180069744,8.55090150489231,6.690316269650512,3.4411777591297987,-6.062261701146046,-7.200380538465789,-6.217608938373831,2.783897294617256,-0.8979331201412875,5.626814083363515,0.7345813436939252,4.979431431196911,-1.4605323022920949,-5.368500468896051,-2.0163581217156112,-3.3939353853719094,-7.485304677319543,-6.194271187681168,-3.115305688186042,3.952152493141712,0.35240897290103074,1.7155636814075064,2.27000869034077,0.2745178562868038,0.14387411195540212
0.6836657089647026,-0.4038655284505426,-0.33858713576988836,0.2223388979195149,0.05121074845116555,-0.026186155182434105,0.7875790103299002,-0.37515347065781385,-0.4877724832559172,-0.008419629507855051,0.20305517444818635,1.9871552110245296,0.6615456078842361,-0.12217744423585734,0.3077032192788907,1.2561504675504445,0.741011212103294,0.02626417105860162,0.1504447567588536,1.6919269727213246,1.256179155869323,0.8458570950059756,0.3761535787735359,-0.4881518758767155,-1.0814979490464343,-0.6184893538576762,0.22977197151999804,0.11776225975665981,0.7345813436939252,0.42970396456856735,0.6840420203116314,-0.47978898724347474,-0.7877151568415635,-0.6574874201045692,-0.7458222802184279,-1.4706182022965453,-1.519268484440982,-0.41772682828713964,0.03764262482545928,-0.0854478726795118,0.07874060769886904,0.759618294117127,0.35424890803448833,0.001279674725456368
3.574445135369489,-3.337058299737188,0.974862439001826,0.06464703901340065,-0.31987303247559057,-1.6201073681978533,5.6863608402227355,-2.838266184668713,-2.9491888760592806,-0.09059615763475369,0.40883197764771245,10.578136211023978,5.954664613356039,-0.20606386606928317,2.4435529075856044,5.119261918858427,4.426123115417545,1.5896375463913848,1.0468559950107887,10.392939199331257,8.169584982376923,5.689296090868328,4.0394799411054185,-5.85534926067218,-6.746895413824648,-5.292337722075745,2.3922443592825218,-0.9220999969655888,4.979431431196911,0.6840420203116314,5.352346255633058,-1.4401080397979622,-4.293010432837484,-2.716728378403531,-2.839387133021451,-7.135954362911416,-6.200205932255528,-3.1690239541926855,2.7489559436147086,0.6369739468579078,1.53926130373042,3.0044621958677893,0.7189747785194749,0.5260295912596247
-1.1337321369993663,0.9111883114368923,0.11078142072249082,-0.19229240802547992,0.020107421910555638,0.32019434467551394,-1.6313237639419247,0.7923399184008175,0.8921279087793776,0.010098717633002725,-0.25606127217952485,-3.415429479474784,-1.5663144992082167,0.13949195611093704,-0.6548315148522567,-1.920898559084371,-1.3660620792295863,-0.31108884853354996,-0.3353151377717213,-3.219543998662808,-2.4182194715406387,-1.6871616254091504,-0.9540604112938672,1.3752423051916993,2.0382281196694767,1.421804936691511,-0.5984281849837855,0.04926942501155734,-1.4605323022920949,-0.47978898724347474,-1.4401080397979622,0.6493227910430996,1.4134376667909885,0.9793444396193663,1.1206780885950454,2.4342820211484004,2.311473829646506,0.8691242340986302,-0.523402796254991,-0.01840108107808907,-0.3234873485528082,-1.1111963288924034,-0.4044867740192745,-0.07259218726133947
-2.0905142105495385,3.861286137326016,-1.5758090016383637,0.06621568143434957,0.8217330196961998,2.6799348520761455,-6.278614980552745,2.9079326499529206,2.521410960119257,-0.311802416533027,-0.9755875316474028,-9.523079978163901,-6.559855574712648,0.1633481506978615,-2.101500353624039,-5.199861775016869,-4.465385152865646,-2.43521984936756,-2.401437254056606,-12.409734148082729,-7.905926000771971,-6.491498549914956,-2.766933008255548,5.446071117399534,6.729434510359395,5.975602012495914,-2.649306849187224,0.7216808603963961,-5.368500468896051,-0.7877151568415635,-4.293010432837484,1.4134376667909885,5.378117846353007,1.5859886189480041,3.4143962320140853,7.045493555994939,5.779999381994906,2.7713592071690765,-3.9930646955146534,-0.13389454050716762,-1.5807731966995155,-1.8175334607458569,-0.12628158760979719,0.06561502247208349
-2.4514291252653204,1.120984672753559,0.4415621205319702,-0.3476595486754613,-0.21439068459980581,-0.03531174809451755,-2.17381765348362,1.1651797491419182,1.5616302559834552,0.21865296868555942,-0.09521189121514277,-5.673889985784739,-2.0799469734240588,0.22509971228002343,-1.1673944257285458,-2.838712973377806,-2.0435506717128713,-0.056436776227205,0.16902593567961988,-3.8519969205416325,-3.787440937786271,-2.148842915620368,-2.09433371808973,2.3069272622344394,3.089013180248679,1.8188379007423476,-0.7846451158631863,0.18754645710150503,-2.0163581217156112,-0.6574874201045692,-2.716728378403531,0.9793444396193663,1.5859886189480041,2.0353432575196693,1.3900019651648532,3.7053310870288936,3.6737317213657783,1.5178510401646585,-0.1882166665963268,-0.28976077765159075,-0.4769585140856975,-2.260280520939148,-0.8949467843676134,-0.4107221993966297
-1.6894953174292981,2.335024237657421,-0.5463504394849905,-0.14280185995061193,0.3763935461686007,1.398676470228452,-3.9090233648521466,1.827606323210643,1.7274208867133607,-0.14214555260245118,-0.6529781399082437,-6.617716156915652,-3.959775649833525,0.18411350675011937,-1.3629479379068832,-3.7212659149411724,-2.932673872640577,-1.2772511979995556,-1.3352345160973491,-7.801478598805184,-5.166870609421919,-4.061248922914763,-1.802247837881511,3.2741785019046956,4.397751393114268,3.6153827102763842,-1.5690221379869516,0.29537515847492035,-3.3939353853719094,-0.7458222802184279,-2.839387133021451,1.1206780885950454,3.4143962320140853,1.3900019651648532,2.3643705530817445,4.871312812609765,4.25095422397939,1.8039160554229021,-2.0936057058994844,-0.02372905577324439,-0.8964368906807878,-1.5944473359860094,-0.3648726155374914,0.012028607806348688
-4.6431021164304225,5.042048255462373,-1.1269038447683526,-0.2935127982410938,0.6053464012811008,2.6588058045748135,-8.565752808511295,4.134864248503,4.154645825821853,-0.08344287903856873,-1.0771918711454345,-15.464154622144008,-8.751299110061185,0.3983340221809208,-3.326234700959478,-8.170440956405288,-6.604804043915871,-2.508930066334945,-2.2335751717686527,-16.467887760865743,-11.881229179865645,-8.757979141397454,-4.9586717622141405,7.871907876351031,9.969087333077434,7.895121240785802,-3.4768278317819328,0.9188037297150273,-7.485304677319543,-1.4706182022965453,-7.135954362911416,2.4342820211484004,7.045493555994939,3.7053310870288936,4.871312812609765,10.927602495184223,9.621808670205528,4.361929856603119,-4.206792648784678,-0.44399052668547084,-2.0869356329534994,-4.1735724330235495,-1.0591972510892949,-0.3622004290903218
-4.465661341462021,4.0177472228772055,-0.3281684423848619,-0.4813566811343059,0.2775835010019479,1.7462234190429273,-7.001919137382457,3.421824493462367,3.6657968148056783,0.033807784015263596,-0.885710710030002,-13.715343070547258,-6.995605737505438,0.4351953496694178,-2.843021692059904,-7.331917314842793,-5.634113616749845,-1.6850355023362729,-1.5023590202125328,-13.460835824106566,-10.125574239139079,-7.160789966722322,-4.317047920048415,6.385376484259526,8.480425792939942,6.304973346133911,-2.7396989693583413,0.5916378450755994,-6.194271187681168,-1.519268484440982,-6.200205932255528,2.311473829646506,5.779999381994906,3.6737317213657783,4.25095422397939,9.621808670205528,8.791476096700409,3.735057899242101,-2.852743284583461,-0.3440441145660488,-1.6049971096970046,-4.139260702723114,-1.2902273348619033,-0.3958408087548842
-2.0069610870005365,2.125464579209923,-0.7009362574312521,-0.013302566138645394,0.26619391377588875,1.141920145738309,-3.5785690999341395,1.759346543990209,1.7600601553159905,0.005664930133807805,-0.31549350148546096,-6.361742521024836,-3.754249851845607,0.11637087983398785,-1.4655607280413914,-3.1373404339456568,-2.7259797863244177,-1.095904056342068,-0.815455095598347,-6.645524981283993,-4.995907771279075,-3.604368600657481,-2.339826171637795,3.574235838848214,4.148914847167164,3.3536741780332817,-1.5120081172064812,0.5553342926639918,-3.115305688186042,-0.41772682828713964,-3.1690239541926855,0.8691242340986302,2.7713592071690765,1.5178510401646585,1.8039160554229021,4.361929856603119,3.735057899242101,1.9048592062653158,-1.8673533025942342,-0.3397110127950258,-0.9609106129876134,-1.685607743354533,-0.356292934985456,-0.25359194911204663
0.5637305562961029,-3.0998179134763317,2.1994212054709674,-0.4653146115781051,-0.9674627423806608,-2.7116730124319495,4.7670711983816165,-2.1531534566699766,-1.501700882763817,0.38491565438471775,0.6874594953250958,5.52316088582089,5.256858940724963,0.06337826282816779,1.4257524698081754,2.839160552058487,3.0129573528853153,2.437404711100642,2.288011227356653,9.343386219725502,5.367747322557707,4.907919894616027,1.7773596012698367,-4.305021599149048,-4.587341803779422,-4.785055543459529,2.1902668448736944,-0.8565872083929076,3.952152493141712,0.03764262482545928,2.7489559436147086,-0.523402796254991,-3.9930646955146534,-0.1882166665963268,-2.0936057058994844,-4.206792648784678,-2.852743284583461,-1.8673533025942342,3.982198782834716,0.1853983500018232,1.3859505549031632,0.22549206435431268,-0.5934193283846642,-0.17143050066658852
0.4487841732182034,-0.23192576549698132,0.17961943151658308,-0.05660301260042692,0.006001630816605361,-0.06312697007925663,0.40267000099522965,-0.2425781602835193,-0.285266965530025,-0.06924990416681259,-0.10452281577766653,0.8685506222258493,0.48583772729638436,0.012673084409116181,0.27388475037261867,0.22015548248024988,0.3241317330242798,0.09043765739101381,-0.11014782916251793,0.5038568390842638,0.6960922135035198,0.35329373230663946,0.6042106918326126,-0.6879935644797995,-0.52749587427006694,-0.400717634531833,0.20749430773391173,-0.20151625274821222,0.35240897290103074,-0.0854478726795118,0.6369739468579078,-0.01840108107808907,-0.13389454050716762,-0.28976077765159075,-0.02372905577324439,-0.44399052668547084,-0.3440441145660488,-0.3397110127950258,0.1853983500018232,0.20201618514039937,0.17939074600240595,0.30088137553144595,0.0537747155817634,0.1595051152758252
0.7211877922532688,-1.2587862543155197,0.7116157108304151,-0.11891935846536561,-0.27810936759377936,-0.8955095762384017,2.0213704886599895,-0.9641312176090276,-0.8288130507409911,0.0640899440367065,0.1973540607434763,2.9693415781403294,2.1979256174007227,-0.00909396439319648,0.7410729926098859,1.4284361987799543,1.4039505761831095,0.8305674463162325,0.6722432546694047,3.793121469957495,2.5707027651986634,2.045207244030682,1.11952252809835,-2.0008624761814855,-2.148109272167345,-1.973992490194513,0.9049436198697315,-0.37998572577825196,1.7155636814075064,0.07874060769886904,1.53926130373042,-0.3234873485528082,-1.5807731966995155,-0.4769585140856975,-0.8964368906807878,-2.0869356329534994,-1.6049971096970046,-0.9609106129876134,1.3859505549031632,0.17939074600240595,0.5887468964759304,0.5273431191528614,-0.03675455272054941,0.06684639869415002
2.7090739176502194,-1.2658810838637646,-0.5053157033120381,0.399482331778974,0.22908595162437298,0.019299586696050707,2.449489423671448,-1.3056598262017045,-1.7393741152006255,-0.2332627106768222,0.13250070820506968,6.351379544738693,2.335240379786257,-0.2561130191655751,1.295453850255993,3.212719447455481,2.294388181142585,0.07698290212567338,-0.14806502158633342,4.386476481164159,4.238749701241156,2.4331515552667113,2.294562881190476,-2.549510170594135,-3.4651372201642623,-2.049311910274247,0.8793975841576036,-0.18713017431245252,2.27000869034077,0.759618294117127,3.0044621958677893,-1.1111963288924034,-1.8175334607458569,-2.260280520939148,-1.5944473359860094,-4.1735724330235495,-4.139260702723114,-1.685607743354533,0.22549206435431268,0.30088137553144595,0.5273431191528614,2.515374634246003,1.0007025069883495,0.4374235508612842
0.9892323860504058,8.70135021207334e-4,-0.6284363724017805,0.26776616379233703,0.25463418616039935,0.46129459123549005,0.21121035795943746,-0.16957640773951216,-0.4534604746161358,-0.14747314452847815,-0.023529823786370373,1.7016165517174033,0.05765931894151871,-0.12856441408355823,0.27215891677452464,0.9124284981119966,0.44410378772430376,-0.3808568786784998,-0.4062294323248782,0.30840057213874883,0.8329509455164047,0.1979762575329325,0.5694451850160863,-0.25268274441604155,-0.6581166387164356,-0.031430212328891996,-0.01918502926347226,0.11089003367376377,0.2745178562868038,0.35424890803448833,0.7189747785194749,-0.4044867740192745,-0.12628158760979719,-0.8949467843676134,-0.3648726155374914,-1.0591972510892949,-1.2902273348619033,-0.356292934985456,-0.5934193283846642,0.0537747155817634,-0.03675455272054941,1.0007025069883495,0.5290588391446126,0.17875006124813006
0.5418668200512642,-0.03177573582849833,-0.09497999278303007,0.031525502360296366,0.10939455850441523,0.18304282986877765,0.12887367928407295,-0.12035682936906114,-0.2488081927300549,-0.10537205392598746,-0.12461401952839475,0.7689485938468923,0.14080854175598337,-0.01921167289546143,0.20440891590028445,0.22001290283578628,0.203857883131587,-0.13085902796104734,-0.28881616343356314,-0.003224702397749518,0.461215931871156,0.07506722888241169,0.5173891742071632,-0.3922797564180967,-0.329873190236528,-0.08813375000334799,0.053806866021056096,-0.09936819813534073,0.14387411195540212,0.001279674725456368,0.5260295912596247,-0.07259218726133947,0.06561502247208349,-0.4107221993966297,0.012028607806348688,-0.3622004290903218,-0.3958408087548842,-0.25359194911204663,-0.17143050066658852,0.1595051152758252,0.06684639869415002,0.4374235508612842,0.17875006124813006,0.1751750253529607
