V1,V2,V3,V4,V5,V6,V7,V8,V9,V10,V11,V12,V13,V14,V15,V16,V17,V18,V19,V20,V21,V22,V23,V24,V25,V26,V27,V28,V29,V30,V31,V32,V33,V34,V35,V36,V37,V38,V39,V40,V41,V42,V43,V44
6.684236011484827,-3.447262760023988,11.043054879578435,5.955064162129115,-1.2863890031584069,-1.7873634886407457,0.14156779089027724,0.7119685937450406,2.64531253160169,-4.979882199232793,9.444332550809134,-3.3768902954710387,-18.94289442665902,12.355343976713204,5.5755564107872395,6.904165989274845,4.718254033967905,5.89217567277369,0.4457755688733227,5.0509568428642915,2.4374183900187476,6.950640931044248,5.11685966183146,7.298027199774945,4.785899679907368,2.1269692250985184,0.2182487583734276,1.179114337047015,0.11277031434631041,9.305702823625799,-1.2247550663758064,-1.255511024738172,3.7192630810641516,2.829635170714486,9.20504867263986,8.45881145756258,4.036773762375238,-0.97438401750059,-13.431434823271376,-5.718848843595498,17.133229211113992,6.680067186418273,-18.6720571311655,12.013984728508548
-3.447262760023988,3.0178461124785283,-9.313730960202468,-4.059876248239002,1.490906145867896,2.43458713433296,-0.49378983693098427,-0.5004671820221553,-2.481579135556516,3.3842027702525805,-7.318838092664179,4.245531796671328,13.522365805130882,-9.36884826655965,-3.868474447987121,-4.427996092484642,-3.3060379636582837,-5.312559643874581,-1.428680699122231,-4.931646561664122,-1.2945059924807008,-5.673510772661859,-2.919024034165374,-5.476960158534442,-3.891954624291983,-0.9685856827296949,-0.46092973777208746,-0.7528862162180858,-0.25910985266063746,-6.5864695567047535,1.8167977518620537,0.5321577102318406,-2.1963552538541014,-3.4541755188317933,-6.883813145268998,-7.121196243282624,-4.308036963289702,0.36576711879123114,8.597797142750592,4.471156880636862,-12.952668107525279,-3.5060446435376,14.74801422009914,-8.54800110527885
11.043054879578435,-9.313730960202468,28.875581256773085,12.627473711441379,-4.5346013378560315,-7.394301528998217,1.4921619903988894,1.5256794460387808,7.604689918645721,-10.618130805766272,22.65230746162647,-12.892935610004644,-42.1201369973484,29.123744798168506,12.120245087098763,13.7945778304084,10.310875282242268,16.396748619938535,4.1577043580532465,15.050156341351666,4.189196470741743,17.570523299835028,9.390725876885082,16.867040189836928,12.0365328230109,3.085873740212226,1.408671764971392,2.277902738105994,0.7701485910788473,20.446261872411025,-5.378995178394234,-1.6769628131968275,7.013899282404001,10.503234925658663,21.51659890976211,22.061626051417402,13.267648219295353,-1.2475688813195034,-26.948418179525145,-13.78364079914946,40.31970268466334,11.160198695442924,-45.75723252498639,26.726324051800795
5.955064162129115,-4.059876248239002,12.627473711441379,6.309202099407598,-1.808685585184349,-2.7727290538856093,0.40856689684184366,0.8141462407406512,3.3406801336140055,-5.118851431055837,10.657105985387131,-5.042833463197039,-20.32855101450986,13.53601364020755,5.7390809270441645,7.208406072681149,4.969009563518299,7.080907038987658,1.4810154903851995,6.59077560182316,2.12550136384281,7.967904247167798,4.528164810339073,8.35245895939314,5.5170172447273576,1.9393268473724232,0.3870899524445712,1.3821482526330489,0.2287884037241838,10.073783506418929,-2.3107894670404128,-1.1966847012351614,3.4441207875300384,4.144181158551011,9.817007313634598,9.70888797511632,5.174474769979904,-0.6539607467379123,-13.657486049540799,-6.574602510234082,18.696385790575395,6.142849743720125,-20.915129388377917,12.646751693319821
-1.2863890031584069,1.490906145867896,-4.5346013378560315,-1.808685585184349,0.8051042333638725,1.3498103124116272,-0.30722519067962006,-0.22770630507264283,-1.2487114560175732,1.4987382982327824,-3.4454447690924392,2.3151509171117906,6.135249926768031,-4.376467110577914,-1.734912206221949,-1.903468291390465,-1.4926864243797129,-2.63992331516775,-0.8968442967494423,-2.5202190038780024,-0.487079559192832,-2.7182589151221004,-1.1697611194893331,-2.5421035010249016,-1.862258527265806,-0.3232350565701426,-0.278115066358917,-0.3200079595186834,-0.15999689918731955,-2.9837441390084236,1.021938076126498,0.16100488184897288,-0.8976742813215794,-1.8721610914745184,-3.1899228333429694,-3.468200754782581,-2.261240935928196,0.09802094794767298,3.6901029322661736,2.115821685021718,-6.02896123276124,-1.3235529816769487,6.999578658701639,-3.872342534355749
-1.7873634886407457,2.43458713433296,-7.394301528998217,-2.7727290538856093,1.3498103124116272,2.335257725172993,-0.5613940654929841,-0.34031688283234135,-2.0686323349309363,2.3365785451752306,-5.4975320328966415,3.966043161543877,9.633240809423794,-6.9581380231773835,-2.705852492603404,-2.873519913893714,-2.3179582179585903,-4.368052939328758,-1.5540228184631217,-4.174158864715543,-0.7183055133387284,-4.418463699484654,-1.7432731979398857,-3.999843559885539,-3.0186644145387764,-0.401077025307845,-0.48918134284794074,-0.4695200880718512,-0.26962537315647966,-4.635497210457063,1.7523379013804405,0.18413837574648706,-1.3536226089969237,-3.198249448321523,-5.097407683086083,-5.64250093136516,-3.8251313092649304,0.10045041982240456,5.612042526247642,3.361684597798225,-9.624289619017386,-1.8497842400667972,11.24739764912267,-6.098952913607674
0.14156779089027724,-0.49378983693098427,1.4921619903988894,0.40856689684184366,-0.30722519067962006,-0.5613940654929841,0.16163175026597304,0.03994471487915425,0.41471997266262306,-0.38064918153222327,0.967573650223799,-0.9158131761163921,-1.57936161609055,1.2515736924775456,0.46025426561201344,0.35573958019501023,0.3796866330352338,0.8995269547583152,0.381048004083113,0.8445782110425466,0.08841067861841033,0.8384285593144044,0.26788701652909763,0.6216384757472958,0.560312559037758,-0.03195364437703177,0.14301550967202245,0.020733370625280186,0.07484319577625312,0.7195554224626772,-0.36426111098205005,0.050498692298496746,0.1991340007657265,0.7338581753417294,0.9494848952535029,1.1274609768493151,0.89227411967501,0.0021773809692248857,-0.7722068514645989,-0.5752169658526481,1.7387642596877682,0.12926446150727328,-2.0981824796478086,1.0464788146043877
0.7119685937450406,-0.5004671820221553,1.5256794460387808,0.8141462407406512,-0.22770630507264283,-0.34031688283234135,0.03994471487915425,0.11736826447605049,0.430334012812148,-0.6228672204298615,1.3595824673506474,-0.6370120251907068,-2.5589517732264047,1.6786893112610117,0.6934455512629254,0.9478718874515497,0.6198062731968792,0.8697870556395022,0.22471603937899906,0.8624893644015466,0.2323008155908158,0.9920679732733122,0.48682672445997566,1.1207051124989964,0.6970234679802948,0.2599817839480781,0.03305301746535959,0.21425443313940495,0.026708360516102092,1.3012795993183672,-0.3470220852063299,-0.17520203694384745,0.3911779487919664,0.521742716611633,1.1720034952307317,1.1829645895493932,0.599274227915075,-0.05568350725863616,-1.7224646857130665,-0.860206827605034,2.301868519892905,0.7642856440069096,-2.5917995257376534,1.5446786713383052
2.64531253160169,-2.481579135556516,7.604689918645721,3.3406801336140055,-1.2487114560175732,-2.0686323349309363,0.41471997266262306,0.430334012812148,2.107556778218081,-2.733598108144755,6.092896635894484,-3.6248787278948944,-11.128964788505707,7.6639618425833405,3.094017862668057,3.689020368810932,2.682234556515129,4.414520244560203,1.2942150101089152,4.213097697005306,0.9791322785460016,4.711649257675937,2.168633498606255,4.664391245168653,3.2497310272505047,0.7966360928716375,0.3558885667770481,0.6988382301853909,0.20054048235029004,5.459057379178366,-1.687661637279875,-0.47846367326200223,1.6923477736456043,2.9440410362555864,5.550380754008236,5.831475512247194,3.5224636965287197,-0.2098283279865069,-7.00800445932303,-3.7586621228398647,10.598988197782067,2.768946651469577,-12.123742733639908,6.931181440350544
-4.979882199232793,3.3842027702525805,-10.618130805766272,-5.118851431055837,1.4987382982327824,2.3365785451752306,-0.38064918153222327,-0.6228672204298615,-2.733598108144755,4.272458653867967,-8.721126863938995,4.1886217884766,16.718374685309342,-11.220841066306095,-4.806011395795841,-5.787991117396898,-4.099814761290857,-5.920209762604466,-1.1212649848553102,-5.348742282164883,-1.8474195955040311,-6.606401995632086,-3.96396783359685,-6.660292438411344,-4.5441215275077615,-1.5319177215327753,-0.3729676919549104,-1.0101786056710058,-0.19691453412151877,-8.17651135556914,1.7505638360948508,0.8989699634186331,-2.9542605834637907,-3.4439612937878374,-8.280577358914574,-8.13212873854912,-4.4534878389378605,0.6115354090841683,11.19719533370827,5.313134689641882,-15.554980917859638,-5.047380136641002,17.361174407375515,-10.547196589169467
9.444332550809134,-7.318838092664179,22.65230746162647,10.657105985387131,-3.4454447690924392,-5.4975320328966415,0.967573650223799,1.3595824673506474,6.092896635894484,-8.721126863938995,18.61974600135483,-9.796399990565506,-34.90251819687686,23.59551916131755,9.813817410552813,11.994713715040133,8.482920468762142,12.889962933702792,3.138287565977415,12.081278896433815,3.4439613781983853,14.154166261294614,7.4453228190890774,14.39004652339019,9.772340878606554,2.965496041952338,0.8693340704079113,2.2545977253837384,0.4900304850081794,17.184162249084867,-4.471282162246345,-1.7998276385130147,5.701200577753681,8.008328682849452,17.15031172567624,17.387628248408717,9.845252500033604,-0.9504688589693213,-22.823223689133883,-11.463393497327466,32.6304567071335,9.767839501761038,-36.83611864924919,21.769976687090328
-3.3768902954710387,4.245531796671328,-12.892935610004644,-5.042833463197039,2.3151509171117906,3.966043161543877,-0.9158131761163921,-0.6370120251907068,-3.6248787278948944,4.1886217884766,-9.796399990565506,6.791425635750106,17.297423217883512,-12.340007457611895,-4.820575699704522,-5.322286540483755,-4.157026447486774,-7.603750256966669,-2.648306422414139,-7.309345160407173,-1.3098904095121495,-7.786151071566655,-3.1100397213480218,-7.258104034629914,-5.34060077142735,-0.8512517834016066,-0.7911324827244341,-0.9326369687811182,-0.44211920066677857,-8.38732335497213,3.07938931731811,0.4448743146338554,-2.4389590013302844,-5.481742117081101,-8.979031064067534,-9.858287386028787,-6.510995518586562,0.1886849178103413,10.261930069242252,6.020580935399252,-17.053673767241843,-3.532421812372605,19.855212993018174,-10.869027678397913
-18.94289442665902,13.522365805130882,-42.1201369973484,-20.32855101450986,6.135249926768031,9.633240809423794,-1.57936161609055,-2.5589517732264047,-11.128964788505707,16.718374685309342,-34.90251819687686,17.297423217883512,66.25799281705302,-44.45626990420912,-18.769368408383638,-23.04279577789927,-16.15950772431465,-23.730240954398905,-5.0962909540335195,-21.928841793511996,-6.920618321218256,-26.386806994466692,-14.819593235802904,-26.992180027041258,-18.21205387717512,-5.9865112125876365,-1.4654544383568335,-4.263972997995947,-0.8091647373472342,-32.5965839627884,7.709347199383527,3.623245858518409,-11.232639090329686,-14.187513724251163,-32.46459432725417,-32.32210811306936,-17.786796317505495,2.0919790041728663,44.02262181930757,21.42222711502152,-61.53702652500902,-19.455056344340857,69.00752472559154,-41.441823637223145
12.355343976713204,-9.36884826655965,29.123744798168506,13.53601364020755,-4.376467110577914,-6.9581380231773835,1.2515736924775456,1.6786893112610117,7.6639618425833405,-11.220841066306095,23.59551916131755,-12.340007457611895,-44.45626990420912,30.198363061940313,12.694957140212452,15.11367020381355,10.87615655556724,16.431949515999214,3.785517188933685,15.132025821497729,4.565829752368294,18.00585378543539,9.9781568608165,17.96762812610721,12.388939834215607,3.7275655313959413,1.1848860397090548,2.6715291833116876,0.6575193801229205,21.76760105053274,-5.323566821543198,-2.1664128382472843,7.504396365668858,10.09364735062505,22.15620426888747,22.30949721143742,12.728845895124444,-1.3932052876365084,-29.13724429067609,-14.433483145978542,41.780723300693296,12.59648083007423,-47.07244504731451,27.978611555423896
5.5755564107872395,-3.868474447987121,12.120245087098763,5.7390809270441645,-1.734912206221949,-2.705852492603404,0.46025426561201344,0.6934455512629254,3.094017862668057,-4.806011395795841,9.813817410552813,-4.820575699704522,-18.769368408383638,12.694957140212452,5.4480606760407575,6.420980436534234,4.627945308731935,6.736723547381801,1.3183081086337956,6.055877668441911,2.07140095965917,7.463374656045426,4.5164217822259225,7.416667991479073,5.123618191413612,1.6586270981163236,0.4683200244560911,1.0799134596792186,0.25666683208975166,9.161337428696566,-1.9467901277098023,-0.9401206958648554,3.334936775327128,3.956339399411104,9.399916932502817,9.269330306608762,5.169395541146043,-0.712266859181792,-12.511567234174723,-5.9652060998707785,17.579054176799573,5.608356090876969,-19.659766228870872,11.901731916146165
6.904165989274845,-4.427996092484642,13.7945778304084,7.208406072681149,-1.903468291390465,-2.873519913893714,0.35573958019501023,0.9478718874515497,3.689020368810932,-5.787991117396898,11.994713715040133,-5.322286540483755,-23.04279577789927,15.11367020381355,6.420980436534234,8.384325083942057,5.601265497161762,7.742727996943033,1.4933547590352503,7.269028026825635,2.43536519613164,8.870409057560847,5.051568512671839,9.58968571515367,6.167063636788456,2.3659446822618753,0.3150213239811844,1.6966580673279796,0.18780607360256907,11.486230158546624,-2.581974326846741,-1.5225624130794149,3.8928489829036383,4.390548621071228,10.88058301644028,10.633285871760584,5.396143928588168,-0.7225294383069576,-15.694527619577622,-7.436435817204222,20.89183051010862,7.197269239951657,-23.25441510155263,14.208331973733484
4.718254033967905,-3.3060379636582837,10.310875282242268,4.969009563518299,-1.4926864243797129,-2.3179582179585903,0.3796866330352338,0.6198062731968792,2.682234556515129,-4.099814761290857,8.482920468762142,-4.157026447486774,-16.15950772431465,10.87615655556724,4.627945308731935,5.601265497161762,3.9678916203196604,5.763988175376283,1.2014814642417537,5.278738651431269,1.7221598983250221,6.410252313936613,3.727693980270296,6.51172920826092,4.416483954037,1.4583502050160375,0.37287030012724576,1.0024102171184686,0.21124631824914059,7.942092409019621,-1.7860153622906152,-0.8594996658534351,2.791543146759851,3.411807966579453,7.972954466783952,7.904568186968665,4.353211612052169,-0.5579183400841812,-10.771004688335596,-5.193619026527646,15.038426976957108,4.8037775587500064,-16.846645752112515,10.157298470526927
5.89217567277369,-5.312559643874581,16.396748619938535,7.080907038987658,-2.63992331516775,-4.368052939328758,0.8995269547583152,0.8697870556395022,4.414520244560203,-5.920209762604466,12.889962933702792,-7.603750256966669,-23.730240954398905,16.431949515999214,6.736723547381801,7.742727996943033,5.763988175376283,9.418156864457178,2.5682520785506626,8.772960543586995,2.2401102369973303,10.030791178829688,5.006867422321717,9.661198736648767,6.8825038190492505,1.6679097465871051,0.8104500955058498,1.3365167519782937,0.4412729832896311,11.535159555785494,-3.3085708271899392,-0.9347421962750274,3.8013165162182045,6.183210430151131,12.06930815472428,12.537613674363437,7.63531742658859,-0.584189732342505,-14.999598584467869,-7.874166609378657,22.759843120971695,6.029649889621597,-25.94317289789334,14.97012371366041
0.4457755688733227,-1.428680699122231,4.1577043580532465,1.4810154903851995,-0.8968442967494423,-1.5540228184631217,0.381048004083113,0.22471603937899906,1.2942150101089152,-1.1212649848553102,3.138287565977415,-2.648306422414139,-5.0962909540335195,3.785517188933685,1.3183081086337956,1.4933547590352503,1.2014814642417537,2.5682520785506626,1.287950399377524,2.704814304318306,0.13531859194831056,2.5070250923721744,0.45999198351898446,2.40062894501204,1.737437072165906,0.09555502905532828,0.31070498021436477,0.3362566029301809,0.19773782234362416,2.5464736343157206,-1.3692359891895631,-0.05712054698701613,0.4509539069854938,2.1201638656715263,2.6012710218057906,3.202937658470409,2.2995727294865778,0.12021346795170608,-2.6825393277337897,-1.9986908836735184,5.152949501221349,0.5778469810660045,-6.263869189315383,3.0787130786508943
5.0509568428642915,-4.931646561664122,15.050156341351666,6.59077560182316,-2.5202190038780024,-4.174158864715543,0.8445782110425466,0.8624893644015466,4.213097697005306,-5.348742282164883,12.081278896433815,-7.309345160407173,-21.928841793511996,15.132025821497729,6.055877668441911,7.269028026825635,5.278738651431269,8.772960543586995,2.704814304318306,8.464520611375658,1.8494701034515268,9.334062935619396,4.116743484241268,9.287883957891754,6.442900102862722,1.536426242353197,0.7169748530646896,1.4079408480111004,0.4127169424464733,10.793094027046555,-3.470095085219348,-0.9354748396113048,3.2442663292270693,5.934214793627303,10.895941197912837,11.552118367309687,7.016777534189857,-0.35519428719838014,-13.71857568602191,-7.48088450589697,20.895286947313913,5.3300341705648355,-23.981594961928792,13.604412981733383
2.4374183900187476,-1.2945059924807008,4.189196470741743,2.12550136384281,-0.487079559192832,-0.7183055133387284,0.08841067861841033,0.2323008155908158,0.9791322785460016,-1.8474195955040311,3.4439613781983853,-1.3098904095121495,-6.920618321218256,4.565829752368294,2.07140095965917,2.43536519613164,1.7221598983250221,2.2401102369973303,0.13531859194831056,1.8494701034515268,0.9341621788685269,2.5950077782930956,1.9664019561443573,2.566624906446018,1.7692146131280682,0.7287157119282375,0.11303241206694276,0.3649306354225413,0.04538424184222218,3.3350132513580686,-0.4030982396476789,-0.40898169028915177,1.4076075152591694,1.0961142726265638,3.476449868761164,3.190338074277074,1.614084770732845,-0.379849179180331,-4.8577191481177335,-2.048692159263903,6.3725278394711165,2.3971495132505174,-6.938709146930437,4.462169354269479
6.950640931044248,-5.673510772661859,17.570523299835028,7.967904247167798,-2.7182589151221004,-4.418463699484654,0.8384285593144044,0.9920679732733122,4.711649257675937,-6.606401995632086,14.154166261294614,-7.786151071566655,-26.386806994466692,18.00585378543539,7.463374656045426,8.870409057560847,6.410252313936613,10.030791178829688,2.5070250923721744,9.334062935619396,2.5950077782930956,10.880508832358451,5.667644433639258,10.776753708414219,7.486475046786404,2.088876353851349,0.7537245584691004,1.5971779905289452,0.41112959305150426,12.89924043890243,-3.449180098946146,-1.228784298247485,4.313064806433602,6.3525248751338665,13.178659056065909,13.45679137395831,7.859012617769299,-0.7112237715122414,-17.043034878888314,-8.66983976132411,24.94107944738681,7.143058953219809,-28.23568027986517,16.56211573902594
5.11685966183146,-2.919024034165374,9.390725876885082,4.528164810339073,-1.1697611194893331,-1.7432731979398857,0.26788701652909763,0.48682672445997566,2.168633498606255,-3.96396783359685,7.4453228190890774,-3.1100397213480218,-14.819593235802904,9.9781568608165,4.5164217822259225,5.051568512671839,3.727693980270296,5.006867422321717,0.45999198351898446,4.116743484241268,1.9664019561443573,5.667644433639258,4.282111321116409,5.404548990783605,3.849167619982864,1.4286768908079903,0.3465252960348001,0.6784601711938043,0.1666499321282832,7.107889422395299,-0.88324049850808,-0.7361370323009818,3.0211905122017675,2.582626488857039,7.639504683565641,7.137212891583015,3.830082848433792,-0.8374443498205468,-10.24161022017631,-4.409920587653528,13.880261611849846,4.9596638588308215,-15.227623783484992,9.656112763410228
7.298027199774945,-5.476960158534442,16.867040189836928,8.35245895939314,-2.5421035010249016,-3.999843559885539,0.6216384757472958,1.1207051124989964,4.664391245168653,-6.660292438411344,14.39004652339019,-7.258104034629914,-26.992180027041258,17.96762812610721,7.416667991479073,9.58968571515367,6.51172920826092,9.661198736648767,2.40062894501204,9.287883957891754,2.566624906446018,10.776753708414219,5.404548990783605,11.464795408293345,7.494954253449562,2.487430763327945,0.5152857160422616,1.9876655485813735,0.3093169530444307,13.454830380234343,-3.6205916185173255,-1.61538715617986,4.25567312414107,5.941017580128598,12.840442228965504,13.003412344293107,7.046843631854891,-0.626056685573156,-17.83599601679486,-8.961439596036357,24.808764441194786,7.714212287673622,-27.96937251272715,16.56856354924937
4.785899679907368,-3.891954624291983,12.0365328230109,5.5170172447273576,-1.862258527265806,-3.0186644145387764,0.560312559037758,0.6970234679802948,3.2497310272505047,-4.5441215275077615,9.772340878606554,-5.34060077142735,-18.21205387717512,12.388939834215607,5.123618191413612,6.167063636788456,4.416483954037,6.8825038190492505,1.737437072165906,6.442900102862722,1.7692146131280682,7.486475046786404,3.849167619982864,7.494954253449562,5.161801368618305,1.468375711471061,0.4979986065058916,1.140721747236712,0.274730751277154,8.929916424325139,-2.4146136820650876,-0.8792648389624397,2.9488688680001114,4.356483355045001,9.031490231518438,9.228466601636226,5.34768760987833,-0.47113177647573823,-11.7846236194391,-6.003212536616684,17.151612333882582,4.9449580709309675,-19.41839007205289,11.387824698788066
2.1269692250985184,-0.9685856827296949,3.085873740212226,1.9393268473724232,-0.3232350565701426,-0.401077025307845,-0.03195364437703177,0.2599817839480781,0.7966360928716375,-1.5319177215327753,2.965496041952338,-0.8512517834016066,-5.9865112125876365,3.7275655313959413,1.6586270981163236,2.3659446822618753,1.4583502050160375,1.6679097465871051,0.09555502905532828,1.536426242353197,0.7287157119282375,2.088876353851349,1.4286768908079903,2.487430763327945,1.468375711471061,0.7951587543894644,-0.027908953155685957,0.5099648785577285,-0.014015539339994382,3.0273888550226085,-0.4631591664678168,-0.5343815786756564,1.099494446276978,0.7253448254825172,2.6632732640908663,2.3972949551705423,0.9251949415038622,-0.24818739153145963,-4.36477981639879,-1.8494777878911361,5.157469246316843,2.2213341171955867,-5.573512334999003,3.645036655930311
0.2182487583734276,-0.46092973777208746,1.408671764971392,0.3870899524445712,-0.278115066358917,-0.48918134284794074,0.14301550967202245,0.03305301746535959,0.3558885667770481,-0.3729676919549104,0.8693340704079113,-0.7911324827244341,-1.4654544383568335,1.1848860397090548,0.4683200244560911,0.3150213239811844,0.37287030012724576,0.8104500955058498,0.31070498021436477,0.7169748530646896,0.11303241206694276,0.7537245584691004,0.3465252960348001,0.5152857160422616,0.4979986065058916,-0.027908953155685957,0.1432945815740865,-0.011911116056631954,0.07841792571352531,0.6588629006009531,-0.25544960400526534,0.06517942016927247,0.231694493241722,0.634187263622414,0.9263659114570982,1.0589047994401997,0.8346481813135461,-0.03860665487612913,-0.7494140316513038,-0.5044668141013103,1.6349357919255387,0.17392820037414272,-1.9523192902810467,1.0128854678336785
1.179114337047015,-0.7528862162180858,2.277902738105994,1.3821482526330489,-0.3200079595186834,-0.4695200880718512,0.020733370625280186,0.21425443313940495,0.6988382301853909,-1.0101786056710058,2.2545977253837384,-0.9326369687811182,-4.263972997995947,2.6715291833116876,1.0799134596792186,1.6966580673279796,1.0024102171184686,1.3365167519782937,0.3362566029301809,1.4079408480111004,0.3649306354225413,1.5971779905289452,0.6784601711938043,1.9876655485813735,1.140721747236712,0.5099648785577285,-0.011911116056631954,0.44971595947817605,0.006287739564445441,2.2147496173745984,-0.6396292979967612,-0.3855174188262675,0.599446508582165,0.76901914246249,1.7917386868976652,1.7866607113918203,0.7719551560469087,-0.04694585101124144,-2.9411216235224233,-1.4579426669959326,3.672346673412306,1.3342409900186754,-4.1035755916276795,2.4730546473159523
0.11277031434631041,-0.25910985266063746,0.7701485910788473,0.2287884037241838,-0.15999689918731955,-0.26962537315647966,0.07484319577625312,0.026708360516102092,0.20054048235029004,-0.19691453412151877,0.4900304850081794,-0.44211920066677857,-0.8091647373472342,0.6575193801229205,0.25666683208975166,0.18780607360256907,0.21124631824914059,0.4412729832896311,0.19773782234362416,0.4127169424464733,0.04538424184222218,0.41112959305150426,0.1666499321282832,0.3093169530444307,0.274730751277154,-0.014015539339994382,0.07841792571352531,0.006287739564445441,0.05014094234280672,0.38273604860912885,-0.15788537472614797,0.03361012888979881,0.11152782641126353,0.3530071472535647,0.49330525694303723,0.5811992749537874,0.45153806579874634,-0.01655856752833928,-0.4149682790087192,-0.2948454939972274,0.8903313380012692,0.09400377797813626,-1.0772169810461165,0.5456692018130755
9.305702823625799,-6.5864695567047535,20.446261872411025,10.073783506418929,-2.9837441390084236,-4.635497210457063,0.7195554224626772,1.3012795993183672,5.459057379178366,-8.17651135556914,17.184162249084867,-8.38732335497213,-32.5965839627884,21.76760105053274,9.161337428696566,11.486230158546624,7.942092409019621,11.535159555785494,2.5464736343157206,10.793094027046555,3.3350132513580686,12.89924043890243,7.107889422395299,13.454830380234343,8.929916424325139,3.0273888550226085,0.6588629006009531,2.2147496173745984,0.38273604860912885,16.13804935883585,-3.8841250438156574,-1.8759490230439388,5.436643835615003,6.882049183793846,15.770165953834987,15.71982834469574,8.506828667816274,-0.9778894787027654,-21.733616706604625,-10.60679389346008,30.079316576026265,9.633019068115836,-33.74099364511336,20.25719381977512
-1.2247550663758064,1.8167977518620537,-5.378995178394234,-2.3107894670404128,1.021938076126498,1.7523379013804405,-0.36426111098205005,-0.3470220852063299,-1.687661637279875,1.7505638360948508,-4.471282162246345,3.07938931731811,7.709347199383527,-5.323566821543198,-1.9467901277098023,-2.581974326846741,-1.7860153622906152,-3.3085708271899392,-1.3692359891895631,-3.470095085219348,-0.4030982396476789,-3.449180098946146,-0.88324049850808,-3.6205916185173255,-2.4146136820650876,-0.4631591664678168,-0.25544960400526534,-0.6396292979967612,-0.15788537472614797,-3.8841250438156574,1.7273678510925932,0.35188108877098956,-0.8425755117663741,-2.482783716872366,-3.6426939896902364,-4.165077725322184,-2.621619095445164,-0.09509162100583562,4.555214103827403,2.853380352165067,-7.320954366826755,-1.4751252816716554,8.613255227026466,-4.571393247444642
-1.255511024738172,0.5321577102318406,-1.6769628131968275,-1.1966847012351614,0.16100488184897288,0.18413837574648706,0.050498692298496746,-0.17520203694384745,-0.47846367326200223,0.8989699634186331,-1.7998276385130147,0.4448743146338554,3.623245858518409,-2.1664128382472843,-0.9401206958648554,-1.5225624130794149,-0.8594996658534351,-0.9347421962750274,-0.05712054698701613,-0.9354748396113048,-0.40898169028915177,-1.228784298247485,-0.7361370323009818,-1.61538715617986,-0.8792648389624397,-0.5343815786756564,0.06517942016927247,-0.3855174188262675,0.03361012888979881,-1.8759490230439388,0.35188108877098956,0.3932767847563843,-0.6093406946258466,-0.384300099687589,-1.4810198883579575,-1.3206535742120775,-0.39923619197723664,0.10574294269804471,2.6814934730956055,1.1520862005790682,-2.997743340317487,-1.3703602865523337,3.2249639349849306,-2.1195035560721545
3.7192630810641516,-2.1963552538541014,7.013899282404001,3.4441207875300384,-0.8976742813215794,-1.3536226089969237,0.1991340007657265,0.3911779487919664,1.6923477736456043,-2.9542605834637907,5.701200577753681,-2.4389590013302844,-11.232639090329686,7.504396365668858,3.334936775327128,3.8928489829036383,2.791543146759851,3.8013165162182045,0.4509539069854938,3.2442663292270693,1.4076075152591694,4.313064806433602,3.0211905122017675,4.25567312414107,2.9488688680001114,1.099494446276978,0.231694493241722,0.599446508582165,0.11152782641126353,5.436643835615003,-0.8425755117663741,-0.6093406946258466,2.180364626357961,2.0207439425838203,5.658729411899208,5.351123768300864,2.837469698666483,-0.5502085880283163,-7.721270726377,-3.418458698160479,10.432627764299225,3.6758037008815507,-11.489177083050125,7.209518826223545
2.829635170714486,-3.4541755188317933,10.503234925658663,4.144181158551011,-1.8721610914745184,-3.198249448321523,0.7338581753417294,0.521742716611633,2.9440410362555864,-3.4439612937878374,8.008328682849452,-5.481742117081101,-14.187513724251163,10.09364735062505,3.956339399411104,4.390548621071228,3.411807966579453,6.183210430151131,2.1201638656715263,5.934214793627303,1.0961142726265638,6.3525248751338665,2.582626488857039,5.941017580128598,4.356483355045001,0.7253448254825172,0.634187263622414,0.76901914246249,0.3530071472535647,6.882049183793846,-2.482783716872366,-0.384300099687589,2.0207439425838203,4.428630389150815,7.347381685207044,8.032347269182587,5.270074398435014,-0.16858528222804145,-8.462526874183379,-4.92013299559203,13.951373309148245,2.9558538063264375,-16.216064172767467,8.914683987456751
9.20504867263986,-6.883813145268998,21.51659890976211,9.817007313634598,-3.1899228333429694,-5.097407683086083,0.9494848952535029,1.1720034952307317,5.550380754008236,-8.280577358914574,17.15031172567624,-8.979031064067534,-32.46459432725417,22.15620426888747,9.399916932502817,10.88058301644028,7.972954466783952,12.06930815472428,2.6012710218057906,10.895941197912837,3.476449868761164,13.178659056065909,7.639504683565641,12.840442228965504,9.031490231518438,2.6632732640908663,0.9263659114570982,1.7917386868976652,0.49330525694303723,15.770165953834987,-3.6426939896902364,-1.4810198883579575,5.658729411899208,7.347381685207044,16.43655950432108,16.441808869378324,9.491093160684347,-1.1361299982595265,-21.284556823766813,-10.40654935813895,30.7118045102379,9.259365591492791,-34.528283403906265,20.625475845695405
8.45881145756258,-7.121196243282624,22.061626051417402,9.70888797511632,-3.468200754782581,-5.64250093136516,1.1274609768493151,1.1829645895493932,5.831475512247194,-8.13212873854912,17.387628248408717,-9.858287386028787,-32.32210811306936,22.30949721143742,9.269330306608762,10.633285871760584,7.904568186968665,12.537613674363437,3.202937658470409,11.552118367309687,3.190338074277074,13.45679137395831,7.137212891583015,13.003412344293107,9.228466601636226,2.3972949551705423,1.0589047994401997,1.7866607113918203,0.5811992749537874,15.71982834469574,-4.165077725322184,-1.3206535742120775,5.351123768300864,8.032347269182587,16.441808869378324,16.868423455772877,10.100703318795789,-0.9348181023212435,-20.699594706019116,-10.599299940374284,30.872575060483175,8.57719598474827,-35.040544090653775,20.462167819096035
4.036773762375238,-4.308036963289702,13.267648219295353,5.174474769979904,-2.261240935928196,-3.8251313092649304,0.89227411967501,0.599274227915075,3.5224636965287197,-4.4534878389378605,9.845252500033604,-6.510995518586562,-17.786796317505495,12.728845895124444,5.169395541146043,5.396143928588168,4.353211612052169,7.63531742658859,2.2995727294865778,7.016777534189857,1.614084770732845,7.859012617769299,3.830082848433792,7.046843631854891,5.34768760987833,0.9251949415038622,0.8346481813135461,0.7719551560469087,0.45153806579874634,8.506828667816274,-2.621619095445164,-0.39923619197723664,2.837469698666483,5.270074398435014,9.491093160684347,10.100703318795789,6.625237690110006,-0.4356379759039987,-10.796889870341758,-5.947101207696016,17.626604611123135,4.015003372581705,-20.310191664943314,11.434051028137008
-0.97438401750059,0.36576711879123114,-1.2475688813195034,-0.6539607467379123,0.09802094794767298,0.10045041982240456,0.0021773809692248857,-0.05568350725863616,-0.2098283279865069,0.6115354090841683,-0.9504688589693213,0.1886849178103413,2.0919790041728663,-1.3932052876365084,-0.712266859181792,-0.7225294383069576,-0.5579183400841812,-0.584189732342505,0.12021346795170608,-0.35519428719838014,-0.379849179180331,-0.7112237715122414,-0.8374443498205468,-0.626056685573156,-0.47113177647573823,-0.24818739153145963,-0.03860665487612913,-0.04694585101124144,-0.01655856752833928,-0.9778894787027654,-0.09509162100583562,0.10574294269804471,-0.5502085880283163,-0.16858528222804145,-1.1361299982595265,-0.9348181023212435,-0.4356379759039987,0.21258726180739632,1.5802639952646547,0.5304429981652388,-1.943476614869822,-0.8925552038549301,2.0373268369876745,-1.4414860034145631
-13.431434823271376,8.597797142750592,-26.948418179525145,-13.657486049540799,3.6901029322661736,5.612042526247642,-0.7722068514645989,-1.7224646857130665,-7.00800445932303,11.19719533370827,-22.823223689133883,10.261930069242252,44.02262181930757,-29.13724429067609,-12.511567234174723,-15.694527619577622,-10.771004688335596,-14.999598584467869,-2.6825393277337897,-13.71857568602191,-4.8577191481177335,-17.043034878888314,-10.24161022017631,-17.83599601679486,-11.7846236194391,-4.36477981639879,-0.7494140316513038,-2.9411216235224233,-0.4149682790087192,-21.733616706604625,4.555214103827403,2.6814934730956055,-7.721270726377,-8.462526874183379,-21.284556823766813,-20.699594706019116,-10.796889870341758,1.5802639952646547,29.918965654729462,14.009690335691436,-40.34101981911805,-13.764384223562056,44.84697494446053,-27.498061849327502
-5.718848843595498,4.471156880636862,-13.78364079914946,-6.574602510234082,2.115821685021718,3.361684597798225,-0.5752169658526481,-0.860206827605034,-3.7586621228398647,5.313134689641882,-11.463393497327466,6.020580935399252,21.42222711502152,-14.433483145978542,-5.9652060998707785,-7.436435817204222,-5.193619026527646,-7.874166609378657,-1.9986908836735184,-7.48088450589697,-2.048692159263903,-8.66983976132411,-4.409920587653528,-8.961439596036357,-6.003212536616684,-1.8494777878911361,-0.5044668141013103,-1.4579426669959326,-0.2948454939972274,-10.60679389346008,2.853380352165067,1.1520862005790682,-3.418458698160479,-4.92013299559203,-10.40654935813895,-10.599299940374284,-5.947101207696016,0.5304429981652388,14.009690335691436,7.096854067479599,-19.931730741902303,-5.9729194722576855,22.533356856038704,-13.272337627283532
17.133229211113992,-12.952668107525279,40.31970268466334,18.696385790575395,-6.02896123276124,-9.624289619017386,1.7387642596877682,2.301868519892905,10.598988197782067,-15.554980917859638,32.6304567071335,-17.053673767241843,-61.53702652500902,41.780723300693296,17.579054176799573,20.89183051010862,15.038426976957108,22.759843120971695,5.152949501221349,20.895286947313913,6.3725278394711165,24.94107944738681,13.880261611849846,24.808764441194786,17.151612333882582,5.157469246316843,1.6349357919255387,3.672346673412306,0.8903313380012692,30.079316576026265,-7.320954366826755,-2.997743340317487,10.432627764299225,13.951373309148245,30.7118045102379,30.872575060483175,17.626604611123135,-1.943476614869822,-40.34101981911805,-19.931730741902303,57.862696030220214,17.453973832888455,-65.14398468193413,38.763734728712365
6.680067186418273,-3.5060446435376,11.160198695442924,6.142849743720125,-1.3235529816769487,-1.8497842400667972,0.12926446150727328,0.7642856440069096,2.768946651469577,-5.047380136641002,9.767839501761038,-3.532421812372605,-19.455056344340857,12.59648083007423,5.608356090876969,7.197269239951657,4.8037775587500064,6.029649889621597,0.5778469810660045,5.3300341705648355,2.3971495132505174,7.143058953219809,4.9596638588308215,7.714212287673622,4.9449580709309675,2.2213341171955867,0.17392820037414272,1.3342409900186754,0.09400377797813626,9.633019068115836,-1.4751252816716554,-1.3703602865523337,3.6758037008815507,2.9558538063264375,9.259365591492791,8.57719598474827,4.015003372581705,-0.8925552038549301,-13.764384223562056,-5.9729194722576855,17.453973832888455,6.779620388605015,-19.06819699995457,12.185857131705015
-18.6720571311655,14.74801422009914,-45.75723252498639,-20.915129388377917,6.999578658701639,11.24739764912267,-2.0981824796478086,-2.5917995257376534,-12.123742733639908,17.361174407375515,-36.83611864924919,19.855212993018174,69.00752472559154,-47.07244504731451,-19.659766228870872,-23.25441510155263,-16.846645752112515,-25.94317289789334,-6.263869189315383,-23.981594961928792,-6.938709146930437,-28.23568027986517,-15.227623783484992,-27.96937251272715,-19.41839007205289,-5.573512334999003,-1.9523192902810467,-4.1035755916276795,-1.0772169810461165,-33.74099364511336,8.613255227026466,3.2249639349849306,-11.489177083050125,-16.216064172767467,-34.528283403906265,-35.040544090653775,-20.310191664943314,2.0373268369876745,44.84697494446053,22.533356856038704,-65.14398468193413,-19.06819699995457,73.60578119234567,-43.43134168718368
12.013984728508548,-8.54800110527885,26.726324051800795,12.646751693319821,-3.872342534355749,-6.098952913607674,1.0464788146043877,1.5446786713383052,6.931181440350544,-10.547196589169467,21.769976687090328,-10.869027678397913,-41.441823637223145,27.978611555423896,11.901731916146165,14.208331973733484,10.157298470526927,14.97012371366041,3.0787130786508943,13.604412981733383,4.462169354269479,16.56211573902594,9.656112763410228,16.56856354924937,11.387824698788066,3.645036655930311,1.0128854678336785,2.4730546473159523,0.5456692018130755,20.25719381977512,-4.571393247444642,-2.1195035560721545,7.209518826223545,8.914683987456751,20.625475845695405,20.462167819096035,11.434051028137008,-1.4414860034145631,-27.498061849327502,-13.272337627283532,38.763734728712365,12.185857131705015,-43.43134168718368,26.1498929425921
