V1,V2,V3,V4,V5,V6,V7,V8,V9,V10,V11,V12,V13,V14,V15,V16,V17,V18,V19,V20,V21,V22,V23,V24,V25,V26,V27,V28,V29,V30,V31,V32,V33,V34,V35,V36,V37,V38,V39,V40,V41,V42,V43,V44
4.182604460657795,1.1158411642855088,-3.757918081856749,1.2262034020229344,2.148409188883037,2.5797385423776196,-0.9338396399395661,-0.4273021474220076,-1.1426736562360884,-0.9206810195444103,-0.8118066441461302,4.852749998449974,-1.7287663642223068,0.8448973590018526,0.8667393785275507,2.3199540821561837,0.4555781402117099,-1.9118984594197308,-2.639392905930799,-2.7601325159362466,0.9706123886247322,-0.32918451626868545,1.7216750227332684,-0.18787577668118974,-0.8526602550537875,1.6584692420682818,-0.2653012039444968,1.2693378309070897,-0.6336100275707687,1.6703815469568153,2.041983854832943,-1.0610388617714983,1.24800520384168,-3.1638160708023166,-0.5262986674175165,-2.2423858193106634,-3.5129970663165366,-0.5555984264638342,-4.062500180080953,0.3839952543220442,-0.21604482355870394,4.462427537158529,2.0752112262841957,1.18168821544997
1.1158411642855088,0.6110294037221959,-0.617480155457334,-0.064974784023114393,0.12892946208413922,0.8120757426325081,-0.20852675269780924,0.5995665878702064,-0.617656044513071,-0.2031676185324412,-0.012996291659235668,1.1257325256404596,-0.5806748697144842,-1.2064114012042755,-0.12164765670650507,0.7371187557196802,0.3683328209415594,-1.027487411015532,-1.130207100974832,-1.0616016563848185,0.7413929063424388,-0.950118968227777,0.7940948510037612,0.5327835460290339,-0.223928033573934,0.7654070317463745,-0.4664169906232271,0.2078270494566499,-0.018130970103430618,-0.002563017964202057,0.6853759419741239,-0.5643680624824843,0.6327628897795942,-1.5509349546510776,0.1681512236434862,-1.0389019663121328,-1.4404492717521327,-0.5578097647653466,-1.2458300332688534,0.26826578047985666,-0.5685458291339053,0.7026773059329369,1.075043170147614,0.29817097893807654
-3.757918081856749,-0.617480155457334,3.85168554489272,-1.5549517502851335,-2.502128671388333,-2.1180071407109606,0.8639992477377313,1.2674904581748054,0.6439111043498724,0.8818026261985741,0.9880462241432659,-4.551812376693941,1.39429902463959,-2.547479668797447,-1.208190306479959,-1.9384184156709137,-0.11082788307277935,1.0451086066324211,1.849489322220643,2.075127905112101,-0.2797699071907927,-0.8010792413584202,-1.1291456621015858,0.9038200624039735,0.7710735308989776,-1.0919254357807795,-0.2863055511434728,-1.3489305828857412,0.7517440325212004,-2.0550016498047183,-1.6597180915330343,0.5984237921691612,-0.7583294399572424,1.9622414378245978,0.8428059870809833,1.4756174416079981,2.5223129841023644,-0.002252209059960907,3.4468366300493245,-0.1574963677247416,-0.44074058688656936,-4.597781811897734,-1.2226504349005705,-1.0996787389002003
1.2262034020229344,-0.064974784023114393,-1.5549517502851335,1.3092525270464392,0.7699178862969942,1.3663452771982467,-0.7269646965501241,-0.9127020638912189,0.08200054866870352,-0.285821051546694,-0.358089709060818,1.8925882281730748,-0.5514785542997261,1.5777776398134493,0.7663106721425114,0.5472204099257137,-0.2531587367412917,-0.5032379017726845,-0.21167948489762867,-0.48679449565124233,-0.3334816080079994,0.3882884790632509,0.18511513831630674,-0.4832736547386977,-0.24473196673192865,0.10294725130520896,-0.20217809704922746,-0.23018976337878513,-0.4182777544652162,0.9982958015690813,0.45854727650182114,-0.10708965285067248,-0.09715913798075167,-0.2285467273447135,-0.6883800186275477,-0.06806251966296073,-0.6524194160789455,0.3817998242570973,-1.0552159440241151,-0.3590724733415005,0.4668384005679201,2.1003001410476885,-0.02689292815929813,0.09587632231864433
2.148409188883037,0.12892946208413922,-2.502128671388333,0.7699178862969942,2.1118614177666615,0.45559261180213295,-0.1720652667790999,-1.3286220704097293,-0.16585330961941902,-0.5668866163255201,-0.8277480005942885,2.498429741174781,-0.5417138981008771,2.8861879514855144,0.8819468813630915,1.0109013331799608,-0.04626808865243572,0.2885303458113491,-0.777931091629627,-0.8796881218688123,-0.17383243736298892,1.5944017375124833,0.319117375777167,-1.19795794295736,-0.45201423552053116,0.37509801872310305,0.9870855927993353,1.5332268271744884,-0.4999209231800887,1.5423033881913693,0.8173993469170088,-0.011632321973812046,0.29480098631575685,-0.4535403412323473,-0.5737231585291938,-0.5603816334804654,-0.8618941949633022,0.26690879154167796,-1.7964981405554452,0.20137456730205824,0.7133700187849756,2.8199008270703687,0.3103576040376845,0.8774374555733738
2.5797385423776196,0.8120757426325081,-2.1180071407109606,1.3663452771982467,0.45559261180213295,2.915501521053957,-1.2309210698528252,0.1953170444813948,-0.7862624671647511,-0.489018590485843,-0.19578072800695642,3.3570118975294445,-1.4376238803317933,-0.8163701146050829,0.5126248535037079,1.5024992245538509,0.2492251033103711,-2.3686079025588556,-1.7480998729841388,-1.9721986330131684,0.7661419616233042,-1.5355922897007994,1.3600317588354152,0.6177422400737372,-0.5082575714242886,1.1854293987510849,-1.3531189364870917,-0.5463220096483784,-0.4037991084252516,0.7651921437949599,1.3746382198017901,-1.012617953731366,0.7422983513120979,-2.540745894053861,-0.4491920296559886,-1.4946918761454302,-2.7864891061163775,-0.4513860083945978,-2.681323841238611,-0.13782750076557215,-0.5176697659383293,2.8619134054405566,1.5151877494324548,0.26896038958133917
-0.9338396399395661,-0.20852675269780924,0.8639992477377313,-0.7269646965501241,-0.1720652667790999,-1.2309210698528252,0.5668627089465771,0.09468117998167815,0.19252884112862276,0.17842197010677263,0.08959172309379172,-1.3319526441832938,0.5411195492599605,0.03213567298920937,-0.30106789145621776,-0.5158226418234776,-0.0018041580461321545,0.8781381159038452,0.5087296206798554,0.6485138569476204,-0.14202476574485823,0.48367029309128406,-0.428267053721329,-0.14750844702268257,0.1822828220072309,-0.34685808131467866,0.5515755635062025,0.37179647853274067,0.19911115210638436,-0.38462366488821587,-0.46905840075564614,0.33047868593663776,-0.16314284589545264,0.7779507701265853,0.2871125365182732,0.4108283152511833,0.9406793340279793,0.04305314688171458,0.9448116627120611,0.16735785628343752,0.07809580745776122,-1.2186328410848823,-0.41124654023071455,-0.02771079351206986
-0.4273021474220076,0.5995665878702064,1.2674904581748054,-0.9127020638912189,-1.3286220704097293,0.1953170444813948,0.09468117998167815,1.6948978108403652,-0.5905159466429885,0.19941866221495866,0.5776825610420904,-0.8216039871498112,-0.14115394536378487,-3.4573500402270616,-0.8764178535593724,0.03517075097887247,0.49856395908453854,-1.121165819790896,-0.6940395758864498,-0.4784193405176246,0.9976895791764883,-2.069484171959424,0.6100310972645265,1.4181273148186253,0.09765365359667241,0.5708876499623087,-1.0176196493516323,-0.6055853384206343,0.3983920038514381,-1.2049839091725627,0.1194797439417006,-0.56675849323253,0.5358699178340641,-1.3305635729258605,0.7224274251915708,-0.766769677901768,-0.845746501934339,-0.8693451369463455,0.030817632691292406,0.27776861550179555,-1.1677512124192302,-1.5257750748737162,0.9802099089753066,-0.22206773498407437
-1.1426736562360884,-0.617656044513071,0.6439111043498724,0.08200054866870352,-0.16585330961941902,-0.7862624671647511,0.19252884112862276,-0.5905159466429885,0.6262270101995324,0.21118676055668065,0.02600894380021061,-1.1426082229739614,0.5811853024927401,1.1745931719504528,0.11956343503864351,-0.750869590274106,-0.37556139672641536,1.0070439667401543,1.1480653581827451,1.0742275086171011,-0.7480860160063184,0.918790724886264,-0.7993016906145448,-0.5147654644920543,0.22986654668106965,-0.7744112698863942,0.4335652087869663,-0.2580677598836748,0.01990949570230488,-0.011196520231547194,-0.6961457350008804,0.5627085461908033,-0.6454852756599548,1.560226404382961,-0.172517284325111,1.0551133098873753,1.4484192572881618,0.5627215875058146,1.2678727988431886,-0.2851359653378979,0.563455399625821,-0.7218400138798367,-1.0868896652495348,-0.32095538413326236
-0.9206810195444103,-0.2031676185324412,0.8818026261985741,-0.285821051546694,-0.5668866163255201,-0.489018590485843,0.17842197010677263,0.19941866221495866,0.21118676055668065,0.2115295631277699,0.21721998406547213,-1.0702747590870578,0.3485237733157717,-0.41767991700534485,-0.23298884581955462,-0.4934928945131653,-0.07307042461261494,0.3027086133876123,0.5254356765056319,0.5567006704511677,-0.14927602291416495,-0.09274859672044297,-0.3254650209591222,0.14486401259140677,0.1889473194723999,-0.3195101656885299,-0.04546929236297047,-0.359255524709471,0.15631065144618825,-0.4328541651635326,-0.4275405873905556,0.18335135815629583,-0.2411338773170737,0.585496882004139,0.14572373401586014,0.43689621251310823,0.6846019514735214,0.06936152029820984,0.8668593615138653,-0.08337619945808752,-0.030705261441297167,-1.0337383983698731,-0.3846046048836816,-0.2844924935132849
-0.8118066441461302,-0.012996291659235668,0.9880462241432659,-0.358089709060818,-0.8277480005942885,-0.19578072800695642,0.08959172309379172,0.5776825610420904,0.02600894380021061,0.21721998406547213,0.3293787896295491,-0.9759015661897897,0.20087581513386063,-1.230004225960008,-0.3768615753877742,-0.36918979300185534,0.049162298007691584,-0.1384116377902329,0.24396259357645095,0.2996139800449178,0.12106302491765464,-0.6709199117132693,-0.08744350255203821,0.5036995211841357,0.17067584486589366,-0.1059855908445886,-0.3873380968833447,-0.5562277133267374,0.20814211019929385,-0.6308967413461264,-0.2945273867884891,-0.020256790988728957,-0.07315231287446435,0.10023701422329398,0.25919166368679775,0.15998996286021797,0.2808960650004488,-0.14894406450580489,0.6636332377586682,-0.0442278136008946,-0.32215735912880183,-1.1299289777824952,-0.0589267438078623,-0.3202229473870269
4.852749998449974,1.1257325256404596,-4.551812376693941,1.8925882281730748,2.498429741174781,3.3570118975294445,-1.3319526441832938,-0.8216039871498112,-1.1426082229739614,-1.0702747590870578,-0.9759015661897897,5.867495885467956,-2.0504106217259355,1.4932368062171,1.2359519252283224,2.6367498829541374,0.35132081913791025,-2.2710373352674846,-2.8161317932527066,-3.074886138342493,0.857322750089863,-0.25094473476068146,1.8726881218170035,-0.3630272843733698,-0.9858128940267394,1.7618745766180106,-0.44323888788920424,1.1122710267313387,-0.840807362555285,2.1508084672070185,2.3137370496260354,-1.1626559256046431,1.2366847093226683,-3.393812593958026,-0.860271195488832,-2.3425971460209967,-3.9467125041125444,-0.4054720697427511,-4.663977411782434,0.20712625390255285,-0.03617060267810727,5.543117783830634,2.136077920367887,1.227072659850087
-1.7287663642223068,-0.5806748697144842,1.39429902463959,-0.5514785542997261,-0.5417138981008771,-1.4376238803317933,0.5411195492599605,-0.14115394536378487,0.5811853024927401,0.3485237733157717,0.20087581513386063,-2.0504106217259355,0.8428206644435485,0.39432444576391934,-0.25330869500984027,-1.010133747821413,-0.24998706479558097,1.2385434771074384,1.24122682673116,1.300804573886209,-0.57981834896066,0.7177228051779114,-0.8816389769532064,-0.27326256765164775,0.346866863803874,-0.8175607050323893,0.5232969006846959,-0.14975305220800375,0.2227504445429291,-0.49649065965665246,-0.9126198082806181,0.6087680678375537,-0.5934445026679938,1.6564423225324627,0.162412670881475,1.079429328230706,1.7510072190422579,0.37261242873581735,1.769205425970609,-0.11025215102932989,0.3309544553444343,-1.7349064991051,-1.0643507577980582,-0.3669087492777513
0.8448973590018526,-1.2064114012042755,-2.547479668797447,1.5777776398134493,2.8861879514855144,-0.8163701146050829,0.03213567298920937,-3.4573500402270616,1.1745931719504528,-0.41767991700534485,-1.230004225960008,1.4932368062171,0.39432444576391934,7.186961547308216,1.7175460696138287,-0.08579063886966677,-0.9594991898486535,2.5772245003495238,1.3848686077541772,1.0144616920796081,-1.9971231949069383,4.477510506493257,-1.2833706814227166,-3.0094601040666933,-0.19865890616640483,-1.1620257423095566,2.3803077225252043,1.6286518080949817,-0.7738822160035385,2.441597689262146,-0.2654150979805119,1.2212151897583663,-1.0313568784603926,2.7805848174502223,-1.3675725077918215,1.5249322654984099,1.845211639809922,1.7286352557839055,-0.013098648117834927,-0.41463973932318476,2.403417351996372,2.949260728184285,-1.9827028877536577,0.5901061440799816
0.8667393785275507,-0.12164765670650507,-1.208190306479959,0.7663106721425114,0.8819468813630915,0.5126248535037079,-0.30106789145621776,-0.8764178535593724,0.11956343503864351,-0.23298884581955462,-0.3768615753877742,1.2359519252283224,-0.25330869500984027,1.7175460696138287,0.5881243003833077,0.3501521858890797,-0.19578141704696383,0.096318476409564,-0.06251117342856344,-0.21877056602873948,-0.3448843050819203,0.8121733218005528,-0.005211346053953161,-0.6495076622265255,-0.17924840967580344,-0.016870300485761328,0.29551227326164364,0.2928920356340472,-0.3078332913206518,0.843353047097811,0.2704243319275024,0.07429193535464619,-0.09273132465927741,0.1122560070980601,-0.47934334092823355,0.03763275330705542,-0.19997690920201483,0.35128219748766853,-0.6697682394008095,-0.14795873639532517,0.5142431877741654,1.502342701961889,-0.15477763689066446,0.22228139766553615
2.3199540821561837,0.7371187557196802,-1.9384184156709137,0.5472204099257137,1.0109013331799608,1.5024992245538509,-0.5158226418234776,0.03517075097887247,-0.750869590274106,-0.4934928945131653,-0.36918979300185534,2.6367498829541374,-1.010133747821413,-0.08579063886966677,0.3501521858890797,1.3321731981209246,0.34301526454888115,-1.2745041276030735,-1.6237510202901873,-1.6565076926629585,0.7194251668825865,-0.5267124183545586,1.0842941448566263,0.1251912084944486,-0.4713678063333377,1.0425271508142948,-0.3164982089479179,0.6300744674115786,-0.2957694273380666,0.7560849906005968,1.1869825520773745,-0.6994636953200092,0.8023708017635728,-2.027321657622266,-0.18027468637245203,-1.4086792384669675,-2.1467292910564324,-0.4614520671777037,-2.316836180242277,0.26678119895767066,-0.3157930510135009,2.297422532404617,1.34823748575173,0.6400929436155259
0.4555781402117099,0.3683328209415594,-0.11082788307277935,-0.2531587367412917,-0.04626808865243572,0.2492251033103711,-0.0018041580461321545,0.49856395908453854,-0.37556139672641536,-0.07307042461261494,0.049162298007691584,0.35132081913791025,-0.24998706479558097,-0.9594991898486535,-0.19578141704696383,0.34301526454888115,0.25772741537004173,-0.5169044772229784,-0.6280745616185935,-0.5425592974079365,0.48887897677158854,-0.615601289572024,0.4347293528011272,0.38864421149170497,-0.09161604925591775,0.43153169648047224,-0.2360673308774324,0.1642624206468937,0.05725195943830061,-0.16304664703765248,0.32691558480912436,-0.3123002326482885,0.3873757761844478,-0.8705459555110117,0.21082446511529448,-0.5982742918280358,-0.7365108960230204,-0.38892375374171434,-0.5586598920804174,0.2173224056711446,-0.4080819233363477,0.07066515975232449,0.6342515864674536,0.1614285350929836
-1.9118984594197308,-1.027487411015532,1.0451086066324211,-0.5032379017726845,0.2885303458113491,-2.3686079025588556,0.8781381159038452,-1.121165819790896,1.0070439667401543,0.3027086133876123,-0.1384116377902329,-2.2710373352674846,1.2385434771074384,2.5772245003495238,0.096318476409564,-1.2745041276030735,-0.5169044772229784,2.4904715029541658,1.8730346906654196,1.9079644858129872,-1.2237309052105858,2.3420288319645315,-1.4683949922309467,-1.2669170068552882,0.3711846123872858,-1.3184640776454464,1.5728509199363145,0.6230464369255835,0.09643682078429516,0.04590315867554174,-1.2113187649385446,1.140632674075596,-0.9536917682404233,2.853833121052722,-0.07880959828569302,1.7053889787154186,2.7621300437334533,0.8899293943825137,2.210574457876102,-0.10982885291401076,1.08437821052272,-1.4669674471515697,-1.8329545010240513,-0.16240270803583853
-2.639392905930799,-1.130207100974832,1.849489322220643,-0.21167948489762867,-0.777931091629627,-1.7480998729841388,0.5087296206798554,-0.6940395758864498,1.1480653581827451,0.5254356765056319,0.24396259357645095,-2.8161317932527066,1.24122682673116,1.3848686077541772,-0.06251117342856344,-1.6237510202901873,-0.6280745616185935,1.8730346906654196,2.247119640264973,2.1785769720330426,-1.2695506235706224,1.342917319106029,-1.535543304044121,-0.6551199091989608,0.5339127951390826,-1.4846579665321682,0.6663455779385498,-0.6715914185014518,0.19195153493690137,-0.4476885646254554,-1.4775651854293206,1.0429183153227979,-1.2008781416198093,2.9460810540549525,-0.09694397950532889,2.0167482494919864,2.885336755259157,0.9095548565411259,2.7797590716399703,-0.4846132382028256,0.8244334776371215,-2.141177960319049,-2.0177465860740473,-0.7395915782799952
-2.7601325159362466,-1.0616016563848185,2.075127905112101,-0.48679449565124233,-0.8796881218688123,-1.9721986330131684,0.6485138569476204,-0.4784193405176246,1.0742275086171011,0.5567006704511677,0.2996139800449178,-3.074886138342493,1.300804573886209,1.0144616920796081,-0.21877056602873948,-1.6565076926629585,-0.5425592974079365,1.9079644858129872,2.1785769720330426,2.174869596948666,-1.1386868084533113,1.2222265381078432,-1.5019858326050535,-0.5370555281627076,0.5571837047413687,-1.4335544611328332,0.7002797066686383,-0.5603129184667107,0.2693188469480164,-0.6272991390767269,-1.5000879505744391,1.0195714232473574,-1.1187404846304716,2.8559755440209167,0.05428806429322482,1.9304424052482922,2.887382732950654,0.785938763335433,2.861488246046857,-0.37669460653186365,0.693052546671619,-2.4720001672161134,-1.9139772205994843,-0.7119721605911609
0.9706123886247322,0.7413929063424388,-0.2797699071907927,-0.3334816080079994,-0.17383243736298892,0.7661419616233042,-0.14202476574485823,0.9976895791764883,-0.7480860160063184,-0.14927602291416495,0.12106302491765464,0.857322750089863,-0.57981834896066,-1.9971231949069383,-0.3448843050819203,0.7194251668825865,0.48887897677158854,-1.2237309052105858,-1.2695506235706224,-1.1386868084533113,0.969750165480421,-1.3876133708022895,0.9124734804543584,0.8460225102589171,-0.19252344005380492,0.8814828483017664,-0.6522724896441191,0.11567365317173299,0.08651764389933955,-0.30210419567987906,0.6889296586265041,-0.6750753994780024,0.7545095945664425,-1.8177798740342876,0.35754309167830295,-1.2006947006109152,-1.5825107580856375,-0.7611517591177611,-1.1899144065463148,0.3528524993770394,-0.8344013056249341,0.27808970575419195,1.2844581803412,0.25641615178566635
-0.32918451626868545,-0.950118968227777,-0.8010792413584202,0.3882884790632509,1.5944017375124833,-1.5355922897007994,0.48367029309128406,-2.069484171959424,0.918790724886264,-0.09274859672044297,-0.6709199117132693,-0.25094473476068146,0.7177228051779114,4.477510506493257,0.8121733218005528,-0.5267124183545586,-0.615601289572024,2.3420288319645315,1.342917319106029,1.2222265381078432,-1.3876133708022895,3.1722142990600215,-1.1863608447621714,-1.9825230564973093,0.04448422967757733,-1.0464612974220513,1.9135202102465994,1.2544207584262954,-0.30895650910294026,1.1719943859663933,-0.5935923892809118,1.0500649586721804,-0.8107444654397169,2.43649755300675,-0.6162184244824862,1.3416399054609227,1.9889140330527677,1.1303670946205195,0.8521513861490009,-0.14474982143959952,1.5660967122862408,0.7571544083994163,-1.6217863192919655,0.30594872418834945
1.7216750227332684,0.7940948510037612,-1.1291456621015858,0.18511513831630674,0.319117375777167,1.3600317588354152,-0.428267053721329,0.6100310972645265,-0.7993016906145448,-0.3254650209591222,-0.08744350255203821,1.8726881218170035,-0.8816389769532064,-1.2833706814227166,-0.005211346053953161,1.0842941448566263,0.4347293528011272,-1.4683949922309467,-1.535543304044121,-1.5019858326050535,0.9124734804543584,-1.1863608447621714,1.0881575872860103,0.6113781486331937,-0.34502319691501826,1.032315988673552,-0.666365508676585,0.21640850933804123,-0.10907242883024736,0.19676380379500988,0.998404821678638,-0.7695415182106685,0.815328176821018,-2.098203915953852,0.08105614681518032,-1.386013265939276,-2.038498603566977,-0.6596183596707403,-1.8597740676029628,0.27819286377404573,-0.6589354538898372,1.3546513196307697,1.4153836523712535,0.4093510267153663
-0.18787577668118974,0.5327835460290339,0.9038200624039735,-0.4832736547386977,-1.19795794295736,0.6177422400737372,-0.14750844702268257,1.4181273148186253,-0.5147654644920543,0.14486401259140677,0.5036995211841357,-0.3630272843733698,-0.27326256765164775,-3.0094601040666933,-0.6495076622265255,0.1251912084944486,0.38864421149170497,-1.2669170068552882,-0.6551199091989608,-0.5370555281627076,0.8460225102589171,-1.9825230564973093,0.6113781486331937,1.2931828633266518,0.05150196228524864,0.5401614821512397,-1.1322686645318714,-0.8052678317077941,0.28075370914253733,-0.9449561677711442,0.19304604574245776,-0.5734636299586405,0.44500264350034857,-1.2962270362094093,0.5006103056361534,-0.6954699986545859,-0.9448332266596063,-0.7167277110055141,-0.16282744677477087,0.11788596733021699,-1.013717335187841,-0.9894008188172545,0.889111361054492,-0.263230380680033
-0.8526602550537875,-0.223928033573934,0.7710735308989776,-0.24473196673192865,-0.45201423552053116,-0.5082575714242886,0.1822828220072309,0.09765365359667241,0.22986654668106965,0.1889473194723999,0.17067584486589366,-0.9858128940267394,0.346866863803874,-0.19865890616640483,-0.17924840967580344,-0.4713678063333377,-0.09161604925591775,0.3711846123872858,0.5339127951390826,0.5571837047413687,-0.19252344005380492,0.04448422967757733,-0.34502319691501826,0.05150196228524864,0.17411569625472129,-0.33405530576537124,0.0363959045330548,-0.2766750730455743,0.12994407575038908,-0.34686734897150934,-0.41399666130929524,0.2099818847971159,-0.2528060840516204,0.6329069124596853,0.10762015239615917,0.4528580492523481,0.7051078381420619,0.10920065689832376,0.8249779507460726,-0.08197875238785772,0.03584103702840611,-0.9115124100215344,-0.41674480666905334,-0.24682000427256828
1.6584692420682818,0.7654070317463745,-1.0919254357807795,0.10294725130520896,0.37509801872310305,1.1854293987510849,-0.34685808131467866,0.5708876499623087,-0.7744112698863942,-0.3195101656885299,-0.1059855908445886,1.7618745766180106,-0.8175607050323893,-1.1620257423095566,-0.016870300485761328,1.0425271508142948,0.43153169648047224,-1.3184640776454464,-1.4846579665321682,-1.4335544611328332,0.8814828483017664,-1.0464612974220513,1.032315988673552,0.5401614821512397,-0.33405530576537124,0.9917077300713919,-0.541270805158597,0.33373225939800566,-0.09760600378575324,0.19782103831057832,0.9563172166641497,-0.7175891195502451,0.8000248784106831,-1.991624179753418,0.10278449730401806,-1.3417828690725588,-1.923363646367189,-0.640987713306388,-1.781038005653533,0.3112000451150383,-0.6173690062620714,1.274981771540392,1.3613378656936341,0.4385657783993055
-0.2653012039444968,-0.4664169906232271,-0.2863055511434728,-0.20217809704922746,0.9870855927993353,-1.3531189364870917,0.5515755635062025,-1.0176196493516323,0.4335652087869663,-0.04546929236297047,-0.3873380968833447,-0.44323888788920424,0.5232969006846959,2.3803077225252043,0.29551227326164364,-0.3164982089479179,-0.2360673308774324,1.5728509199363145,0.6663455779385498,0.7002797066686383,-0.6522724896441191,1.9135202102465994,-0.666365508676585,-1.1322686645318714,0.0363959045330548,-0.541270805158597,1.353402558539162,1.1197010029013115,-0.0916228921110298,0.5315884762741531,-0.3552680613802561,0.6226854588248989,-0.33978804938089424,1.3446147185939303,-0.15659950108513662,0.6483451128984621,1.1992897503350337,0.5095233438015906,0.552661612934497,0.12276212210711654,0.8068801561886042,0.08813715824297709,-0.8138696747648206,0.3135170160060068
1.2693378309070897,0.2078270494566499,-1.3489305828857412,-0.23018976337878513,1.5332268271744884,-0.5463220096483784,0.37179647853274067,-0.6055853384206343,-0.2580677598836748,-0.359255524709471,-0.5562277133267374,1.1122710267313387,-0.14975305220800375,1.6286518080949817,0.2928920356340472,0.6300744674115786,0.1642624206468937,0.6230464369255835,-0.6715914185014518,-0.5603129184667107,0.11567365317173299,1.2544207584262954,0.21640850933804123,-0.8052678317077941,-0.2766750730455743,0.33373225939800566,1.1197010029013115,1.7200566450380832,-0.18252210794775825,0.7827704327755217,0.5015504290382375,0.04287842988049443,0.3994222224081763,-0.3540694389360798,-0.04156173944732517,-0.5587791239972264,-0.43447928023250754,-0.050476238579085037,-1.0536454728248246,0.4880896832972214,0.33094445058340144,1.2555365318017981,0.38268678524309796,0.8194304044280369
-0.6336100275707687,-0.018130970103430618,0.7517440325212004,-0.4182777544652162,-0.4999209231800887,-0.4037991084252516,0.19911115210638436,0.3983920038514381,0.01990949570230488,0.15631065144618825,0.20814211019929385,-0.840807362555285,0.2227504445429291,-0.7738822160035385,-0.3078332913206518,-0.2957694273380666,0.05725195943830061,0.09643682078429516,0.19195153493690137,0.2693188469480164,0.08651764389933955,-0.30895650910294026,-0.10907242883024736,0.28075370914253733,0.12994407575038908,-0.09760600378575324,-0.0916228921110298,-0.18252210794775825,0.17306039424235978,-0.46389161990471905,-0.24496185612632718,0.03926601379502933,-0.036216155564160975,0.15645686194890104,0.2424461042902886,0.12370574016630717,0.31357886139003127,-0.11611751828787245,0.5436297547945339,0.04666394871746874,-0.20285366697589646,-0.9280078747292287,-0.06481244955093032,-0.16134842729198762
1.6703815469568153,-0.002563017964202057,-2.0550016498047183,0.9982958015690813,1.5423033881913693,0.7651921437949599,-0.38462366488821587,-1.2049839091725627,-0.011196520231547194,-0.4328541651635326,-0.6308967413461264,2.1508084672070185,-0.49649065965665246,2.441597689262146,0.843353047097811,0.7560849906005968,-0.16304664703765248,0.04590315867554174,-0.4476885646254554,-0.6272991390767269,-0.30210419567987906,1.1719943859663933,0.19676380379500988,-0.9449561677711442,-0.34686734897150934,0.19782103831057832,0.5315884762741531,0.7827704327755217,-0.46389161990471905,1.315632070749089,0.6105606946229793,-0.0039904675509489845,0.07886351058099486,-0.23012511102102517,-0.6347812778306618,-0.26864491374354527,-0.6538452616064742,0.3609474197308656,-1.3831246734484985,-0.05392084841449676,0.6581030915170878,2.4598517058301406,0.08013981263774234,0.5273028369049901
2.041983854832943,0.6853759419741239,-1.6597180915330343,0.45854727650182114,0.8173993469170088,1.3746382198017901,-0.46905840075564614,0.1194797439417006,-0.6961457350008804,-0.4275405873905556,-0.2945273867884891,2.3137370496260354,-0.9126198082806181,-0.2654150979805119,0.2704243319275024,1.1869825520773745,0.32691558480912436,-1.2113187649385446,-1.4775651854293206,-1.5000879505744391,0.6889296586265041,-0.5935923892809118,0.998404821678638,0.19304604574245776,-0.41399666130929524,0.9563172166641497,-0.3552680613802561,0.5015504290382375,-0.24496185612632718,0.6105606946229793,1.06292821929296,-0.65578404807489,0.736877720136303,-1.8760851799525458,-0.1299778615380479,-1.2894400436499411,-1.9605989827591752,-0.45237702567447247,-2.0613832333896447,0.24121534399681,-0.34306538798518943,1.9740910255248534,1.2483996758166516,0.5480008266906927
-1.0610388617714983,-0.5643680624824843,0.5984237921691612,-0.10708965285067248,-0.011632321973812046,-1.012617953731366,0.33047868593663776,-0.56675849323253,0.5627085461908033,0.18335135815629583,-0.020256790988728957,-1.1626559256046431,0.6087680678375537,1.2212151897583663,0.07429193535464619,-0.6994636953200092,-0.3123002326482885,1.140632674075596,1.0429183153227979,1.0195714232473574,-0.6750753994780024,1.0500649586721804,-0.7695415182106685,-0.5734636299586405,0.2099818847971159,-0.7175891195502451,0.6226854588248989,0.04287842988049443,0.03926601379502933,-0.0039904675509489845,-0.65578404807489,0.5697292048214371,-0.557718592360827,1.4974482091097692,-0.09590704817589066,0.9526333439206789,1.4246440149951514,0.4984598435553679,1.1976982556620777,-0.16113753113943152,0.5490866509484638,-0.7525544757663102,-1.0004958053653512,-0.1967490944870207
1.24800520384168,0.6327628897795942,-0.7583294399572424,-0.09715913798075167,0.29480098631575685,0.7422983513120979,-0.16314284589545264,0.5358699178340641,-0.6454852756599548,-0.2411338773170737,-0.07315231287446435,1.2366847093226683,-0.5934445026679938,-1.0313568784603926,-0.09273132465927741,0.8023708017635728,0.3873757761844478,-0.9536917682404233,-1.2008781416198093,-1.1187404846304716,0.7545095945664425,-0.8107444654397169,0.815328176821018,0.44500264350034857,-0.2528060840516204,0.8000248784106831,-0.33978804938089424,0.3994222224081763,-0.036216155564160975,0.07886351058099486,0.736877720136303,-0.557718592360827,0.6764395184876262,-1.5854378532070912,0.16658631001999613,-1.0984573456837312,-1.4818387619802378,-0.5641126192491178,-1.3544049855697327,0.3238005003985587,-0.5329530322794671,0.8297729352667623,1.1152675210862637,0.38829080642582214
-3.1638160708023166,-1.5509349546510776,1.9622414378245978,-0.2285467273447135,-0.4535403412323473,-2.540745894053861,0.7779507701265853,-1.3305635729258605,1.560226404382961,0.585496882004139,0.10023701422329398,-3.393812593958026,1.6564423225324627,2.7805848174502223,0.1122560070980601,-2.027321657622266,-0.8705459555110117,2.853833121052722,2.9460810540549525,2.8559755440209167,-1.8177798740342876,2.43649755300675,-2.098203915953852,-1.2962270362094093,0.6329069124596853,-1.991624179753418,1.3446147185939303,-0.3540694389360798,0.15645686194890104,-0.23012511102102517,-1.8760851799525458,1.4974482091097692,-1.5854378532070912,4.063863291548806,-0.23821109354419656,2.6757374680911132,3.8950840329403427,1.3317993327138158,3.4655087092385686,-0.5578302387164527,1.3610053170377214,-2.3479277823726417,-2.7536178712365005,-0.745407721025438
-0.5262986674175165,0.1681512236434862,0.8428059870809833,-0.6883800186275477,-0.5737231585291938,-0.4491920296559886,0.2871125365182732,0.7224274251915708,-0.172517284325111,0.14572373401586014,0.25919166368679775,-0.860271195488832,0.162412670881475,-1.3675725077918215,-0.47934334092823355,-0.18027468637245203,0.21082446511529448,-0.07880959828569302,-0.09694397950532889,0.05428806429322482,0.35754309167830295,-0.6162184244824862,0.08105614681518032,0.5006103056361534,0.10762015239615917,0.10278449730401806,-0.15659950108513662,-0.04156173944732517,0.2424461042902886,-0.6347812778306618,-0.1299778615380479,-0.09590704817589066,0.16658631001999613,-0.23821109354419656,0.4178761293108209,-0.16408217812007495,0.027649286207240227,-0.3437640587437447,0.37312430639045735,0.20013545169944028,-0.4408194033688377,-1.100349367861286,0.24694770099549834,-0.07788488217707205
-2.2423858193106634,-1.0389019663121328,1.4756174416079981,-0.06806251966296073,-0.5603816334804654,-1.4946918761454302,0.4108283152511833,-0.766769677901768,1.0551133098873753,0.43689621251310823,0.15998996286021797,-2.3425971460209967,1.079429328230706,1.5249322654984099,0.03763275330705542,-1.4086792384669675,-0.5982742918280358,1.7053889787154186,2.0167482494919864,1.9304424052482922,-1.2006947006109152,1.3416399054609227,-1.386013265939276,-0.6954699986545859,0.4528580492523481,-1.3417828690725588,0.6483451128984621,-0.5587791239972264,0.12370574016630717,-0.26864491374354527,-1.2894400436499411,0.9526333439206789,-1.0984573456837312,2.6757374680911132,-0.16408217812007495,1.8257244916327902,2.570821318268786,0.8768906088958452,2.4003600570115173,-0.46086501429445165,0.8259989131708119,-1.6911416396604992,-1.8450174506778239,-0.6319799067729125
-3.5129970663165366,-1.4404492717521327,2.5223129841023644,-0.6524194160789455,-0.8618941949633022,-2.7864891061163775,0.9406793340279793,-0.845746501934339,1.4484192572881618,0.6846019514735214,0.2808960650004488,-3.9467125041125444,1.7510072190422579,1.845211639809922,-0.19997690920201483,-2.1467292910564324,-0.7365108960230204,2.7621300437334533,2.885336755259157,2.887382732950654,-1.5825107580856375,1.9889140330527677,-2.038498603566977,-0.9448332266596063,0.7051078381420619,-1.923363646367189,1.1992897503350337,-0.43447928023250754,0.31357886139003127,-0.6538452616064742,-1.9605989827591752,1.4246440149951514,-1.4818387619802378,3.8950840329403427,0.027649286207240227,2.570821318268786,3.8979866063516453,1.1070283792136295,3.7093153215971224,-0.44360837128539465,1.0623610334573652,-3.0643495388539694,-2.5903367385089555,-0.8156361606878437
-0.5555984264638342,-0.5578097647653466,-0.002252209059960907,0.3817998242570973,0.26690879154167796,-0.4513860083945978,0.04305314688171458,-0.8693451369463455,0.5627215875058146,0.06936152029820984,-0.14894406450580489,-0.4054720697427511,0.37261242873581735,1.7286352557839055,0.35128219748766853,-0.4614520671777037,-0.38892375374171434,0.8899293943825137,0.9095548565411259,0.785938763335433,-0.7611517591177611,1.1303670946205195,-0.6596183596707403,-0.7167277110055141,0.10920065689832376,-0.640987713306388,0.5095233438015906,-0.050476238579085037,-0.11611751828787245,0.3609474197308656,-0.45237702567447247,0.4984598435553679,-0.5641126192491178,1.3317993327138158,-0.3437640587437447,0.8768906088958452,1.1070283792136295,0.6117722859455043,0.746684095199457,-0.28629054929928605,0.6893548423096968,0.05792438443556077,-0.9563194981648268,-0.15367340259768342
-4.062500180080953,-1.2458300332688534,3.4468366300493245,-1.0552159440241151,-1.7964981405554452,-2.681323841238611,0.9448116627120611,0.030817632691292406,1.2678727988431886,0.8668593615138653,0.6636332377586682,-4.663977411782434,1.769205425970609,-0.013098648117834927,-0.6697682394008095,-2.316836180242277,-0.5586598920804174,2.210574457876102,2.7797590716399703,2.861488246046857,-1.1899144065463148,0.8521513861490009,-1.8597740676029628,-0.16282744677477087,0.8249779507460726,-1.781038005653533,0.552661612934497,-1.0536454728248246,0.5436297547945339,-1.3831246734484985,-2.0613832333896447,1.1976982556620777,-1.3544049855697327,3.4655087092385686,0.37312430639045735,2.4003600570115173,3.7093153215971224,0.746684095199457,4.039555551449674,-0.4201077029634104,0.48984523349302106,-4.108726016263414,-2.2878200295639775,-1.0992209195790463
0.3839952543220442,0.26826578047985666,-0.1574963677247416,-0.3590724733415005,0.20137456730205824,-0.13782750076557215,0.16735785628343752,0.27776861550179555,-0.2851359653378979,-0.08337619945808752,-0.0442278136008946,0.20712625390255285,-0.11025215102932989,-0.41463973932318476,-0.14795873639532517,0.26678119895767066,0.2173224056711446,-0.10982885291401076,-0.4846132382028256,-0.37669460653186365,0.3528524993770394,-0.14474982143959952,0.27819286377404573,0.11788596733021699,-0.08197875238785772,0.3112000451150383,0.12276212210711654,0.4880896832972214,0.04666394871746874,-0.05392084841449676,0.24121534399681,-0.16113753113943152,0.3238005003985587,-0.5578302387164527,0.20013545169944028,-0.46086501429445165,-0.44360837128539465,-0.28629054929928605,-0.4201077029634104,0.2751415196588784,-0.22759481917196292,0.046870790093978695,0.4566360823072395,0.2559035778511871
-0.21604482355870394,-0.5685458291339053,-0.44074058688656936,0.4668384005679201,0.7133700187849756,-0.5176697659383293,0.07809580745776122,-1.1677512124192302,0.563455399625821,-0.030705261441297167,-0.32215735912880183,-0.03617060267810727,0.3309544553444343,2.403417351996372,0.5142431877741654,-0.3157930510135009,-0.4080819233363477,1.08437821052272,0.8244334776371215,0.693052546671619,-0.8344013056249341,1.5660967122862408,-0.6589354538898372,-1.013717335187841,0.03584103702840611,-0.6173690062620714,0.8068801561886042,0.33094445058340144,-0.20285366697589646,0.6581030915170878,-0.34306538798518943,0.5490866509484638,-0.5329530322794671,1.3610053170377214,-0.4408194033688377,0.8259989131708119,1.0623610334573652,0.6893548423096968,0.48984523349302106,-0.22759481917196292,0.8711205341069702,0.5222361836704973,-0.962122827204878,0.03145045893878362
4.462427537158529,0.7026773059329369,-4.597781811897734,2.1003001410476885,2.8199008270703687,2.8619134054405566,-1.2186328410848823,-1.5257750748737162,-0.7218400138798367,-1.0337383983698731,-1.1299289777824952,5.543117783830634,-1.7349064991051,2.949260728184285,1.502342701961889,2.297422532404617,0.07066515975232449,-1.4669674471515697,-2.141177960319049,-2.4720001672161134,0.27808970575419195,0.7571544083994163,1.3546513196307697,-0.9894008188172545,-0.9115124100215344,1.274981771540392,0.08813715824297709,1.2555365318017981,-0.9280078747292287,2.4598517058301406,1.9740910255248534,-0.7525544757663102,0.8297729352667623,-2.3479277823726417,-1.100349367861286,-1.6911416396604992,-3.0643495388539694,0.05792438443556077,-4.108726016263414,0.046870790093978695,0.5222361836704973,5.592755516466213,1.4088880767065828,1.1797583414491004
2.0752112262841957,1.075043170147614,-1.2226504349005705,-0.02689292815929813,0.3103576040376845,1.5151877494324548,-0.41124654023071455,0.9802099089753066,-1.0868896652495348,-0.3846046048836816,-0.0589267438078623,2.136077920367887,-1.0643507577980582,-1.9827028877536577,-0.15477763689066446,1.34823748575173,0.6342515864674536,-1.8329545010240513,-2.0177465860740473,-1.9139772205994843,1.2844581803412,-1.6217863192919655,1.4153836523712535,0.889111361054492,-0.41674480666905334,1.3613378656936341,-0.8138696747648206,0.38268678524309796,-0.06481244955093032,0.08013981263774234,1.2483996758166516,-1.0004958053653512,1.1152675210862637,-2.7536178712365005,0.24694770099549834,-1.8450174506778239,-2.5903367385089555,-0.9563194981648268,-2.2878200295639775,0.4566360823072395,-0.962122827204878,1.4088880767065828,1.898544687602311,0.5476803090280151
1.18168821544997,0.29817097893807654,-1.0996787389002003,0.09587632231864433,0.8774374555733738,0.26896038958133917,-0.02771079351206986,-0.22206773498407437,-0.32095538413326236,-0.2844924935132849,-0.3202229473870269,1.227072659850087,-0.3669087492777513,0.5901061440799816,0.22228139766553615,0.6400929436155259,0.1614285350929836,-0.16240270803583853,-0.7395915782799952,-0.7119721605911609,0.25641615178566635,0.30594872418834945,0.4093510267153663,-0.263230380680033,-0.24682000427256828,0.4385657783993055,0.3135170160060068,0.8194304044280369,-0.16134842729198762,0.5273028369049901,0.5480008266906927,-0.1967490944870207,0.38829080642582214,-0.745407721025438,-0.07788488217707205,-0.6319799067729125,-0.8156361606878437,-0.15367340259768342,-1.0992209195790463,0.2559035778511871,0.03145045893878362,1.1797583414491004,0.5476803090280151,0.49588768415713524
