V1,V2,V3,V4,V5,V6,V7,V8,V9,V10,V11,V12,V13,V14,V15,V16,V17,V18,V19,V20,V21,V22,V23,V24,V25,V26,V27,V28,V29,V30,V31,V32,V33,V34,V35,V36,V37,V38,V39,V40,V41,V42,V43,V44
0.2961226643573974,-0.4634389449146179,0.3291159715017344,0.2431225177962777,-0.014303430577829613,0.09288427220765169,0.10824628332728625,0.3731856538365899,0.27869919715825375,0.2889145684736576,0.1991226077172918,0.0072671484735352815,-0.14032684545778626,0.2123464498555012,0.08920321004658416,-0.11642122288862271,-0.25313002250981625,-0.1574904423073396,0.15923720268157612,-0.20065255786301556,0.12319131806939985,-0.09674489381997854,0.24495091212794062,-0.08686119658476128,0.022953177877889225,0.18102898357829572,0.0471346238771966,0.10038466196667159,0.3354403944362049,0.0941415102069766,-0.11537418186531395,0.05065456877484404,0.1777864383641418,0.2056470059063479,-0.2613268411618161,0.14034637090138835,-0.004833677430801007,0.29771428963422286,0.20084118497329242,0.04403669858854583,0.2017075929566239,0.21536717652576368,-0.14539100632828952,0.09170618381011682
-0.4634389449146179,2.8495518305973366,-2.5007726215903783,-1.6443501453888565,2.1318198022058645,-0.9575058156759679,-1.0544654610132351,-1.2537202191446788,-0.9159212015782264,-3.0504963729698615,0.5270256911986569,0.35687557778169987,0.3798504649192999,-1.5776415419205223,-0.1503583029304529,3.0739325203463315,0.2070361819772882,-0.2531854727922986,1.4301478247067028,1.1727028992439466,-2.042493502835076,-1.0933667488642536,-0.82469822550926275,-0.2322059451957692,-0.6277324094708646,-2.8021154792329765,-0.0931070576535587,-2.507123556314558,-3.016955744701504,-0.2281330459794713,2.787614218079475,-2.9914532928159216,-3.2855265048234945,-0.8504654662752417,2.968191492335174,-2.4015283442925117,-0.87546556864801,-4.006768297310942,-1.2446116987243345,-0.6059839953657294,-3.018093845098567,-0.5925364965557458,0.5653807203688718,-0.7433386668907896
0.3291159715017344,-2.5007726215903783,2.326360135952069,1.4424478921806125,-1.8841410838917867,1.1414717181177276,0.9499786929444259,1.0594292573125574,0.752468923360651,2.7635755592330473,-0.49868467334705396,-0.4580930265608116,-0.5989407291511659,1.5036796376365913,-0.007556486728789489,-2.94862792227462,-0.23572795487109943,0.5075595951641887,-1.2269698553910777,-1.1839208842005402,1.9082413101232631,1.174353387169463,0.5702500482456817,0.12044618905005994,0.5242111436175527,2.4909718632425335,-0.053551792904107325,2.4057064703512934,2.6138401961406337,0.27424978278229023,-2.6019347004346933,2.5249415974971607,2.973893510391016,0.5042662105543894,-2.673150073440384,2.075594593504497,0.7905445744092445,3.6709950483473266,0.9962094344653276,0.4809976052300156,2.7901870549714434,0.38174775359579183,-0.6698252190190274,0.47020289474318916
0.2431225177962777,-1.6443501453888565,1.4424478921806125,1.0103773025594507,-1.3546177294954198,0.4803986005771479,0.7210492874869044,0.5760334115884846,0.34201452687306033,1.7868116051609995,-0.3244320824194865,-0.09745521376193253,-0.1380811890437598,1.0295899627978347,0.23340829763295137,-1.904718639278674,-0.067131614412355,0.22089589229095818,-0.9883014030088856,-0.7816667274020085,1.2162024864340901,0.688573915646357,0.4876796184199094,0.2334562633875473,0.3795833971505713,1.822664100293564,0.11133970613554417,1.4876798240818756,1.7951414765986093,0.012542946440597707,-1.6926229910807984,2.124605234708833,2.11697122620032,0.5427030759986124,-1.8014722530559508,1.6245222888611512,0.4808853754147156,2.398106486242813,0.7157416975408948,0.32923182818083657,1.856122561247603,0.3491418073064291,-0.3529067356590495,0.437878965792499
-0.014303430577829613,2.1318198022058645,-1.8841410838917867,-1.3546177294954198,2.336827292691302,-0.4067732640470994,-0.9869400692817908,-0.546801849775102,-0.37171688964572175,-2.60490581892826,0.9087846037637464,0.11066470059333451,-0.2967558631272489,-1.2370014645541034,-0.2793322872918821,2.846260356010881,-0.3798063694663347,-0.2605629617123693,2.011917328837563,0.7295837267725802,-1.8414587392504727,-1.1158517567320478,-0.6294572108541363,-0.5824964582953887,-0.6791321756316687,-2.748151897729629,-0.2338570780480937,-2.233124268861403,-2.6332743333875968,0.10956705857508695,2.6191122054598903,-3.5651144023227093,-3.204598450768257,-0.8571943948721503,2.671787334775964,-2.550532590716793,-0.9137996743565404,-3.568145077576386,-1.0699094727428249,-0.6182724739237041,-2.7374214339752254,-0.3977643208070398,0.12508025069749026,-0.8600000898525106
0.09288427220765169,-0.9575058156759679,1.1414717181177276,0.4803986005771479,-0.4067732640470994,1.2417648509200212,0.3431227719823892,0.44988643159840597,0.22851521673536815,1.0881579301118218,-0.026637469221977905,-0.5525368741654719,-1.1296706069587423,0.8329054400554011,-0.3415711778789294,-1.4533699129583946,-0.46289366775695245,0.8481601965903474,0.023924080321494866,-0.9463187478919091,0.8169887092502802,0.8135123829511178,-0.15536335888562502,-0.2907555721035888,0.029693978454834336,0.7827581594308332,-0.4006379471826802,1.233169136408353,0.7670828448230014,0.3460667113754203,-1.0974034583225454,0.17900358127527408,1.0587797651252078,-0.45094363238822666,-0.9370131337642152,0.3857227686177758,0.1850415897389832,1.48526187791428,0.0728536795373142,-0.035368596625027116,1.1799370806640619,-0.14486526563117733,-0.808046333006459,-0.39375325798857136
0.10824628332728625,-1.0544654610132351,0.9499786929444259,0.7210492874869044,-0.9869400692817908,0.3431227719823892,0.6532181803882855,0.11209291009711071,-0.16007821859675433,1.1749428941415418,-0.18599613256658895,0.05268177935133067,-0.1760954508614544,0.9191064006911353,0.3601239770093967,-1.4940898594900698,-0.05168167514855458,0.4285821434333467,-0.7746172118612055,-0.8338559001994851,0.8300820203549041,0.6172319182702996,0.237613836151103,0.2669361525338469,0.2215364939287715,1.5013953659088026,0.0887340399348577,1.083403697494213,1.1957820215498578,-0.17831776438953678,-1.2300259477601856,1.8669559432863387,1.7349765031712052,0.30017096257112386,-1.2489002584640425,1.346800292963479,0.19884096968305887,1.6743778798215418,0.36736189268721203,0.10367272474320731,1.4015110291526198,0.17731370639764452,-0.40733545200083116,0.15153971593352455
0.3731856538365899,-1.2537202191446788,1.0594292573125574,0.5760334115884846,-0.546801849775102,0.44988643159840597,0.11209291009711071,1.0734031126960568,1.0878669432599504,1.2064447611739348,-0.12040763511886973,-0.37992062192999987,-0.18480421965875402,0.2644685458099579,-0.3109149136463773,-0.7701898783208467,-0.22677756585938807,-0.36889629062703794,-0.1451792505219857,-0.03199678681011768,0.7325840688247922,0.11822074030415568,0.48378808252877314,-0.1957233331436622,0.25110464249158293,0.5266500160559608,-0.033595384200335074,0.7989046568560706,1.1569976980678034,0.4757275389041587,-0.8453297673849248,0.14952346596357866,0.6404823071478674,0.3913426783221615,-1.035230437424265,0.36466707798359255,0.4888993104972154,1.3943262354778192,0.6619267922705364,0.39097374702754517,0.8555487147220296,0.3514195570396283,-0.04403231630538574,0.45176279974519645
0.27869919715825375,-0.9159212015782264,0.752468923360651,0.34201452687306033,-0.37171688964572175,0.22851521673536815,-0.16007821859675433,1.0878669432599504,1.3055742528112766,0.9068319122980918,-0.22220406183786684,-0.422440051505558,0.10605720613234183,-0.16755892019930707,-0.5152546318391147,-0.2760060439803523,-0.05039279982742866,-0.6731482815139926,-0.08182947449807923,0.5025595380047262,0.53296548897896,-0.10993157352199624,0.4652542418256209,-0.24702274401260063,0.25941461584445313,0.015200792132883938,-0.019399003375221453,0.46522254915493105,0.845927251099524,0.5778232154568426,-0.5168607318867435,-0.377091851036304,0.0522432831789914,0.391843985212635,-0.7167431927784719,-0.0309480040219121,0.57769188163640794,0.9325202182847294,0.6457103727876552,0.47905136901407175,0.41356388369597424,0.31064153942090555,0.2880076659083958,0.5761725734467501
0.2889145684736576,-3.0504963729698615,2.7635755592330473,1.7868116051609995,-2.60490581892826,1.0881579301118218,1.1749428941415418,1.2064447611739348,0.9068319122980918,3.4732032895707823,-0.8482750311023681,-0.4561789373849064,-0.3075443107840481,1.7122613794432098,0.06906616657324322,-3.647014294477396,-0.0020571297216576316,0.42929009950857855,-1.9117107532561026,-1.1985272026949088,2.399498218382601,1.4204698384800685,0.7910798917421875,0.3506236161180121,0.7569346190332611,3.231060061338275,0.06853119387228174,2.9714565797251673,3.375028697145965,0.219082848608075,-3.3072473262562543,3.5889051815940487,3.8239324280269282,0.8493675500913638,-3.4025748715601263,2.7972715801536903,1.106162294771781,4.631670864009569,1.351236631195892,0.720917185648514,3.4964706965683057,0.5237264317928507,-0.5313734672801149,0.844547982543546
0.1991226077172918,0.5270256911986569,-0.49868467334705396,-0.3244320824194865,0.9087846037637464,-0.026637469221977905,-0.18599613256658895,-0.12040763511886973,-0.22220406183786684,-0.8482750311023681,0.5780012383163429,0.12077414576095877,-0.35652550138141276,-0.1398241184288821,0.09756931074206336,0.8896573449034035,-0.3969241815788517,0.014140296930890141,0.906327752871476,-0.13521515090352332,-0.6400125172282934,-0.4024873260893474,-0.1433902619168933,-0.2488209699324289,-0.29625787615769106,-0.7771444626881765,-0.06839422125576834,-0.753885204267711,-0.8250993241284018,-0.005268303427960494,0.904971039447219,-1.132254988943591,-0.935333866022443,-0.26644597239637047,0.8560120983960554,-0.7588687819543697,-0.482493425805738,-1.1669485069143173,-0.37598301435247516,-0.32068496529170065,-0.8332577027630415,-0.04475785819218749,-0.23542330669356812,-0.4205171089509454
0.0072671484735352815,0.35687557778169987,-0.4580930265608116,-0.09745521376193253,0.11066470059333451,-0.5525368741654719,0.05268177935133067,-0.37992062192999987,-0.422440051505558,-0.4561789373849064,0.12077414576095877,0.4040299914602738,0.42009739232874405,-0.08318403884294437,0.4170344955939631,0.441156231442446,0.12881570311115376,-0.17724397431742883,-0.07613996712641086,0.06621829061399842,-0.3383383251082232,-0.2720067988729192,0.07384111107637163,0.2245116215048986,-0.040328418601959376,-0.025282259565240096,0.2308339924300322,-0.4828703206609009,-0.2702003571448393,-0.33101410758051714,0.3973408255059373,0.40647028567334686,-0.1243661994864196,0.22734763655192394,0.3176717451382195,0.14050599771953728,-0.22200475740280673,-0.5541166885931367,-0.08290583887529175,-0.08943060886279451,-0.34064368965330255,0.08957813114627562,0.16220517459404482,0.07628536406707391
-0.14032684545778626,0.3798504649192999,-0.5989407291511659,-0.1380811890437598,-0.2967558631272489,-1.1296706069587423,-0.1760954508614544,-0.18480421965875402,0.10605720613234183,-0.3075443107840481,-0.35652550138141276,0.42009739232874405,1.3321870663102124,-0.6536707858966804,0.2362071463663948,0.7046257725213226,0.6700646604673958,-0.9130716304570746,-0.6513814795416901,1.008989034106173,-0.24922014332267764,-0.5263892231501045,0.3500866301021436,0.4079721508776158,0.2103211139174072,-0.16302570949864556,0.44423143011420413,-0.5954704797723471,-0.022113729298241847,-0.25161310069613324,0.34282491051328734,0.634632457113257,-0.3151254738519436,0.695623451988415,0.16035756840720394,0.21586932416240384,0.2224532916743776,-0.4536396211286137,0.2990289949429805,0.3140292365301498,-0.4642840266867416,0.24046694736017699,0.9306269160018706,0.7448840336508197
0.2123464498555012,-1.5776415419205223,1.5036796376365913,1.0295899627978347,-1.2370014645541034,0.8329054400554011,0.9191064006911353,0.2644685458099579,-0.16755892019930707,1.7122613794432098,-0.1398241184288821,-0.08318403884294437,-0.6536707858966804,1.4391533456379078,0.37810484317193804,-2.229600056186398,-0.29084988247013827,0.8271286238865361,-0.8250004473828282,-1.4040076973968802,1.2174654052584102,0.9800457324131896,0.23379999795443854,0.20351024409352433,0.2441587049096857,2.048847232638061,-0.019423431755839937,1.6511011757115874,1.6369203262495398,-0.12296169805938652,-1.7773718221936963,2.2712190723783783,2.4101981754343695,0.1998725693384675,-1.7593008401402868,1.7331444715478532,0.22542668218142325,2.418807638103283,0.4266038329895204,0.06483159885577264,2.041368250847953,0.17609200616849816,-0.8302677523098719,-0.007523622821331341
0.08920321004658416,-0.1503583029304529,-0.007556486728789489,0.23340829763295137,-0.2793322872918821,-0.3415711778789294,0.3601239770093967,-0.3109149136463773,-0.5152546318391147,0.06906616657324322,0.09756931074206336,0.4170344955939631,0.2362071463663948,0.37810484317193804,0.5943223683627106,-0.24024163857089922,0.033465939227727705,0.06534500045695876,-0.3396494549114696,-0.4039366343720024,0.020107268629344748,0.013751163615486546,0.16667560539244905,0.32000427012606864,0.03367185912525027,0.6570804159112859,0.2500267463172806,0.014183379374549061,0.2641987133193129,-0.41096926076989476,-0.1439949344242194,1.1854826537746268,0.6656307038106999,0.3329245067836798,-0.22482539672708804,0.7181575587282821,-0.18054625710242955,0.19191616322058627,0.0569381229397283,-0.0789538904008135,0.29884040105205095,0.16992308795349859,-0.09693901079582024,0.08702753743299238
-0.11642122288862271,3.0739325203463315,-2.94862792227462,-1.904718639278674,2.846260356010881,-1.4533699129583946,-1.4940898594900698,-0.7701898783208467,-0.2760060439803523,-3.647014294477396,0.8896573449034035,0.441156231442446,0.7046257725213226,-2.229600056186398,-0.24024163857089922,4.36825485969734,0.044642559149099856,-1.1695159718167925,2.1489720705037727,1.863808965378351,-2.620514659553036,-1.935307513677638,-0.516038748612591,-0.4625894042831915,-0.7094837553082758,-3.8136128151990687,0.04567706590976751,-3.4253859160410838,-3.4512727971494894,-0.005277151211992843,3.7343311250952844,-4.307182071226845,-4.544284513756697,-0.5374212735175946,3.6474998046026665,-3.2572610112996716,-0.982902510633597,-5.056737247723646,-1.1244596627859529,-0.5195447072832292,-4.006607608316324,-0.306720432641304,0.9728409273206075,-0.4779020620492276
-0.25313002250981625,0.2070361819772882,-0.23572795487109943,-0.067131614412355,-0.3798063694663347,-0.46289366775695245,-0.05168167514855458,-0.22677756585938807,-0.05039279982742866,-0.0020571297216576316,-0.3969241815788517,0.12881570311115376,0.6700646604673958,-0.29084988247013827,0.033465939227727705,0.044642559149099856,0.48951922844121243,-0.25909152615417314,-0.5977479414116353,0.4947355267206911,0.037586431856555746,-0.02612335234590023,0.05584110740617677,0.27693067553508344,0.1545220061839159,0.10290455491532709,0.16781513595667152,-0.044502673058103494,0.07933662573807289,-0.1509774796727359,-0.08963116083955737,0.5818627662078509,0.09558125509047123,0.243066176855488,-0.07242468388657387,0.2573595029626139,0.22009092396828753,0.03816210009280778,0.12288914569553515,0.18593165815523421,-0.013523942127020476,0.0010248339655798283,0.47962487484873284,0.3550199945066843
-0.1574904423073396,-0.2531854727922986,0.5075595951641887,0.22089589229095818,-0.2605629617123693,0.8481601965903474,0.4285821434333467,-0.36889629062703794,-0.6731482815139926,0.42929009950857855,0.014140296930890141,-0.17724397431742883,-0.9130716304570746,0.8271286238865361,0.06534500045695876,-1.1695159718167925,-0.25909152615417314,1.1524098802930116,-0.11087589709310477,-1.0874238079747451,0.42496760971198405,0.8173715303547145,-0.41866813126186747,-0.011874745796610726,-0.09245596967707727,0.7882978644937857,-0.29151394797346447,0.8299221956096352,0.20552344791066188,-0.12417166018900025,-0.721489853665157,0.6522021096773295,1.0196804078108093,-0.5770804584667233,-0.4408018896904173,0.49992072988678565,-0.15291796792534004,0.7946822824838556,-0.3123590240944082,-0.29487381355988307,0.8471526373025128,-0.3237632008555518,-0.807194334745647,-0.6319415027510861
0.15923720268157612,1.4301478247067028,-1.2269698553910777,-0.9883014030088856,2.011917328837563,0.023924080321494866,-0.7746172118612055,-0.1451792505219857,-0.08182947449807923,-1.9117107532561026,0.906327752871476,-0.07613996712641086,-0.6513814795416901,-0.8250004473828282,-0.3396494549114696,2.1489720705037727,-0.5977479414116353,-0.11087589709310477,1.932417788394875,0.34114533786479073,-1.3848941983864682,-0.8483045744493556,-0.49043119931432155,-0.6659199837311061,-0.5931920185980823,-2.224925525806471,-0.30780738827226356,-1.6359901287600083,-2.0042629483143464,0.26741453913788027,2.0226343117075545,-3.236122208378938,-2.5661594103058816,-0.7982188027781011,2.044974990731614,-2.183652723851957,-0.7636572934089804,-2.682751757978644,-0.8382339349550664,-0.5349274941677938,-2.0747065516969023,-0.29199426593539085,-0.15951533262893366,-0.8285839060056687
-0.20065255786301556,1.1727028992439466,-1.1839208842005402,-0.7816667274020085,0.7295837267725802,-0.9463187478919091,-0.8338559001994851,-0.03199678681011768,0.5025595380047262,-1.1985272026949088,-0.13521515090352332,0.06621829061399842,1.008989034106173,-1.4040076973968802,-0.4039366343720024,1.863808965378351,0.4947355267206911,-1.0874238079747451,0.34114533786479073,1.619819713884972,-0.8638554307992166,-0.9212612899621246,0.013830608348703855,-0.08687798910416655,-0.038953526376566315,-1.6657084563266675,0.14238855923516613,-1.335874361563428,-1.096217725838018,0.1755423118232371,1.3276724152819057,-1.6439430896389984,-1.9764191496087238,0.13189957874934805,1.2264002865678028,-1.2840532234425877,0.09231302271326101,-1.7802137804376117,-0.08293492122885383,0.1936179405237022,-1.6259709109883715,-0.024572642864118675,1.0603091728819736,0.3990032539260254
0.12319131806939985,-2.042493502835076,1.9082413101232631,1.2162024864340901,-1.8414587392504727,0.8169887092502802,0.8300820203549041,0.7325840688247922,0.53296548897896,2.399498218382601,-0.6400125172282934,-0.3383383251082232,-0.24922014332267764,1.2174654052584102,0.020107268629344748,-2.620514659553036,0.037586431856555746,0.42496760971198405,-1.3848941983864682,-0.8638554307992166,1.6942733446039215,1.0805302999755972,0.4665649824304652,0.2525500483230947,0.5198182999308372,2.2680879205103532,0.012253481680634448,2.119257145168114,2.2901500122483656,0.13596826129005316,-2.3470609305882997,2.544283336638977,2.7020460064181515,0.4936160539536232,-2.365351423251685,1.9656509965366833,0.7743986338724683,3.2357430387364294,0.8771043330919772,0.4763370721099929,2.4655799485652152,0.2876251062586736,-0.4012096158366273,0.5206531210192415
-0.09674489381997854,-1.0933667488642536,1.174353387169463,0.688573915646357,-1.1158517567320478,0.8135123829511178,0.6172319182702996,0.11822074030415568,-0.10993157352199624,1.4204698384800685,-0.4024873260893474,-0.2720067988729192,-0.5263892231501045,0.9800457324131896,0.013751163615486546,-1.935307513677638,-0.02612335234590023,0.8173715303547145,-0.8483045744493556,-0.9212612899621246,1.0805302999755972,1.0022022595642548,-0.018061132576373207,0.16034958788857379,0.2307894740288845,1.5492118652805869,-0.1460367921634099,1.5153671296750544,1.2470245327541567,-0.013182143030790459,-1.5786395516652791,1.6639348163233874,1.8951637134728772,-0.06341383258723833,-1.4105683402929161,1.2531328187842539,0.3486228076757091,2.0456121346315586,0.2703167212701157,0.10626315447652841,1.6763571569240698,-0.05712491630455547,-0.5511723009623144,-0.04008444031239882
0.24495091212794062,-0.82469822550926275,0.5702500482456817,0.4876796184199094,-0.6294572108541363,-0.15536335888562502,0.237613836151103,0.48378808252877314,0.4652542418256209,0.7910798917421875,-0.1433902619168933,0.07384111107637163,0.3500866301021436,0.23379999795443854,0.16667560539244905,-0.516038748612591,0.05584110740617677,-0.41866813126186747,-0.49043119931432155,0.013830608348703855,0.4665649824304652,-0.018061132576373207,0.4960295688896017,0.1514556500109656,0.24890341045024633,0.6954739025721263,0.22245911598187165,0.42211848644713734,0.9228206782001352,0.0318851501459587,-0.5951760381082598,0.9581527555391978,0.7458240328882617,0.6085019930729696,-0.8069596134002663,0.7237661210683715,0.30503024175640847,0.962736493163664,0.5510260244614452,0.3055377548770686,0.6506523011726663,0.37494111865403673,0.15208040294414937,0.5387237243552642
-0.08686119658476128,-0.2322059451957692,0.12044618905005994,0.2334562633875473,-0.5824964582953887,-0.2907555721035888,0.2669361525338469,-0.1957233331436622,-0.24702274401260063,0.3506236161180121,-0.2488209699324289,0.2245116215048986,0.4079721508776158,0.20351024409352433,0.32000427012606864,-0.4625894042831915,0.27693067553508344,-0.011874745796610726,-0.6659199837311061,-0.08687798910416655,0.2525500483230947,0.16034958788857379,0.1514556500109656,0.3484615650185932,0.16027101972914864,0.7009718807278434,0.20402518173359566,0.28431873894990967,0.47825928384748506,-0.28078600918115154,-0.4403857992531754,1.2387343925309846,0.7655142510135664,0.3393663754433772,-0.455138362831073,0.7519220925031995,0.11430592287674356,0.552049013391851,0.19098493435426087,0.10740891780115516,0.4815658488456472,0.11068762138650286,0.13450715579010106,0.27717411917920193
0.022953177877889225,-0.6277324094708646,0.5242111436175527,0.3795833971505713,-0.6791321756316687,0.029693978454834336,0.2215364939287715,0.25110464249158293,0.25941461584445313,0.7569346190332611,-0.29625787615769106,-0.040328418601959376,0.2103211139174072,0.2441587049096857,0.03367185912525027,-0.7094837553082758,0.1545220061839159,-0.09245596967707727,-0.5931920185980823,-0.038953526376566315,0.5198182999308372,0.2307894740288845,0.24890341045024633,0.16027101972914864,0.22711467221704112,0.7032633214478073,0.0998585268312026,0.5819069086476353,0.782112831011732,0.014786977052687507,-0.7132276789633251,0.943882396298177,0.8132538245647726,0.33176398262005835,-0.7649632535856896,0.6815673173273002,0.3252180294591885,0.9959735513832564,0.37950334289230997,0.24547027487842815,0.7209441426496296,0.16078076483210368,0.08598828108485201,0.3582297565468043
0.18102898357829572,-2.8021154792329765,2.4909718632425335,1.822664100293564,-2.748151897729629,0.7827581594308332,1.5013953659088026,0.5266500160559608,0.015200792132883938,3.231060061338275,-0.7771444626881765,-0.025282259565240096,-0.16302570949864556,2.048847232638061,0.6570804159112859,-3.8136128151990687,0.10290455491532709,0.7882978644937857,-2.224925525806471,-1.6657084563266675,2.2680879205103532,1.5492118652805869,0.6954739025721263,0.7009718807278434,0.7032633214478073,3.7553337980139747,0.23949589055706796,2.8892533927757347,3.2756372093044175,-0.3017855025066708,-3.3036540364133176,4.672401613019726,4.362623453837928,0.9086764911993066,-3.344392345929972,3.373912861326554,0.8012223986346108,4.504698553317914,1.14198156579088,0.4983476029674899,3.6254522604397805,0.48760503496808305,-0.692396036274173,0.69159267567227
0.0471346238771966,-0.0931070576535587,-0.053551792904107325,0.11133970613554417,-0.2338570780480937,-0.4006379471826802,0.0887340399348577,-0.033595384200335074,-0.019399003375221453,0.06853119387228174,-0.06839422125576834,0.2308339924300322,0.44423143011420413,-0.019423431755839937,0.2500267463172806,0.04567706590976751,0.16781513595667152,-0.29151394797346447,-0.30780738827226356,0.14238855923516613,0.012253481680634448,-0.1460367921634099,0.22245911598187165,0.20402518173359566,0.0998585268312026,0.23949589055706796,0.21893767427638028,-0.08907779582575961,0.21601554421684563,-0.16429329343355784,-0.03857497506799145,0.6116148124890801,0.20888913930886815,0.3706636619061832,-0.14681654560981688,0.35623745890309827,0.04819116019162546,0.08258988827835968,0.18201980206748966,0.10523949721914601,0.0638569212620944,0.17721286792229546,0.22540257290922155,0.2967232432359823
0.10038466196667159,-2.507123556314558,2.4057064703512934,1.4876798240818756,-2.233124268861403,1.233169136408353,1.083403697494213,0.7989046568560706,0.46522254915493105,2.9714565797251673,-0.753885204267711,-0.4828703206609009,-0.5954704797723471,1.6511011757115874,0.014183379374549061,-3.4253859160410838,-0.044502673058103494,0.8299221956096352,-1.6359901287600083,-1.335874361563428,2.119257145168114,1.5153671296750544,0.42211848644713734,0.28431873894990967,0.5819069086476353,2.8892533927757347,-0.08907779582575961,2.7627367995146703,2.78308285573759,0.14371616906339885,-2.9789726911173307,3.1121312595443795,3.4699394382423865,0.40765882886687277,-2.9072792134984247,2.413761883280798,0.8716455878546362,4.063646456696723,0.9490075032201718,0.4789743840072453,3.1517902515605924,0.24771666554912516,-0.7072022114581745,0.43001140586970327
0.3354403944362049,-3.016955744701504,2.6138401961406337,1.7951414765986093,-2.6332743333875968,0.7670828448230014,1.1957820215498578,1.1569976980678034,0.845927251099524,3.375028697145965,-0.8250993241284018,-0.2702003571448393,-0.022113729298241847,1.6369203262495398,0.2641987133193129,-3.4512727971494894,0.07933662573807289,0.20552344791066188,-2.0042629483143464,-1.096217725838018,2.2901500122483656,1.2470245327541567,0.9228206782001352,0.47825928384748506,0.782112831011732,3.2756372093044175,0.21601554421684563,2.78308285573759,3.404113881393321,0.08816553233551871,-3.1784533555464995,3.840914730346877,3.81866176245674,1.083346344669388,-3.3494545401477587,2.9136341047138985,1.064747001330593,4.494330789910802,1.4238009731410646,0.7493756686879441,3.3909923712176666,0.6449848661444958,-0.37655232217593937,1.006773161564064
0.0941415102069766,-0.2281330459794713,0.27424978278229023,0.012542946440597707,0.10956705857508695,0.3460667113754203,-0.17831776438953678,0.4757275389041587,0.5778232154568426,0.219082848608075,-0.005268303427960494,-0.33101410758051714,-0.25161310069613324,-0.12296169805938652,-0.41096926076989476,-0.005277151211992843,-0.1509774796727359,-0.12417166018900025,0.26741453913788027,0.1755423118232371,0.13596826129005316,-0.013182143030790459,0.0318851501459587,-0.28078600918115154,0.014786977052687507,-0.3017855025066708,-0.16429329343355784,0.14371616906339885,0.08816553233551871,0.37878324073409025,-0.06443381635550856,-0.7540476014834668,-0.2909778994920072,-0.11614931189343095,-0.08825796768887795,-0.37764191751503384,0.18444061091449318,0.1731946348351864,0.11503742854860273,0.11427254706476199,-0.005700620270977037,5.59420456153916e-4,-0.013602007778129525,0.017943505971131698
-0.11537418186531395,2.787614218079475,-2.6019347004346933,-1.6926229910807984,2.6191122054598903,-1.0974034583225454,-1.2300259477601856,-0.8453297673849248,-0.5168607318867435,-3.3072473262562543,0.904971039447219,0.3973408255059373,0.34282491051328734,-1.7773718221936963,-0.1439949344242194,3.7343311250952844,-0.08963116083955737,-0.721489853665157,2.0226343117075545,1.3276724152819057,-2.3470609305882997,-1.5786395516652791,-0.5951760381082598,-0.4403857992531754,-0.7132276789633251,-3.3036540364133176,-0.03857497506799145,-2.9789726911173307,-3.1784533555464995,-0.06443381635550856,3.306950189159215,-3.8025864469720596,-3.924404657033093,-0.6723127193069276,3.289601430903931,-2.872391166161861,-1.0149051313102553,-4.513105130123309,-1.1576354923474435,-0.6082372674983212,-3.497418094959203,-0.36691803490161334,0.6055000044600852,-0.671432739407797
0.05065456877484404,-2.9914532928159216,2.5249415974971607,2.124605234708833,-3.5651144023227093,0.17900358127527408,1.8669559432863387,0.14952346596357866,-0.377091851036304,3.5889051815940487,-1.132254988943591,0.40647028567334686,0.634632457113257,2.2712190723783783,1.1854826537746268,-4.307182071226845,0.5818627662078509,0.6522021096773295,-3.236122208378938,-1.6439430896389984,2.544283336638977,1.6639348163233874,0.9581527555391978,1.2387343925309846,0.943882396298177,4.672401613019726,0.6116148124890801,3.1121312595443795,3.840914730346877,-0.7540476014834668,-3.8025864469720596,6.5354516904857904,5.333139408588876,1.4738917760063224,-3.9151027455000174,4.479339553826194,0.9621424937004459,5.102857784314267,1.4195265827487757,0.6693777985292308,4.1733192275331055,0.6668070174183466,-0.3888454200547642,1.1583312377563424
0.1777864383641418,-3.2855265048234945,2.973893510391016,2.11697122620032,-3.204598450768257,1.0587797651252078,1.7349765031712052,0.6404823071478674,0.0522432831789914,3.8239324280269282,-0.935333866022443,-0.1243661994864196,-0.3151254738519436,2.4101981754343695,0.6656307038106999,-4.544284513756697,0.09558125509047123,1.0196804078108093,-2.5661594103058816,-1.9764191496087238,2.7020460064181515,1.8951637134728772,0.7458240328882617,0.7655142510135664,0.8132538245647726,4.362623453837928,0.20888913930886815,3.4699394382423865,3.81866176245674,-0.2909778994920072,-3.924404657033093,5.333139408588876,5.097726080790148,0.9525763686172029,-3.929484035124671,3.878654097524388,0.9633946903962,5.331077282506485,1.30208748245471,0.5744687095450063,4.283698445594293,0.5101670429035713,-0.8654795144962456,0.7404434023379289
0.2056470059063479,-0.8504654662752417,0.5042662105543894,0.5427030759986124,-0.8571943948721503,-0.45094363238822666,0.30017096257112386,0.3913426783221615,0.391843985212635,0.8493675500913638,-0.26644597239637047,0.22734763655192394,0.695623451988415,0.1998725693384675,0.3329245067836798,-0.5374212735175946,0.243066176855488,-0.5770804584667233,-0.7982188027781011,0.13189957874934805,0.4936160539536232,-0.06341383258723833,0.6085019930729696,0.3393663754433772,0.33176398262005835,0.9086764911993066,0.3706636619061832,0.40765882886687277,1.083346344669388,-0.11614931189343095,-0.6723127193069276,1.4738917760063224,0.9525763686172029,0.8498901016127002,-0.9186432031181568,1.0079271236978598,0.3604135203414926,1.0572306267475438,0.6617431254586118,0.38437910784201124,0.7303608584217942,0.46170260003857627,0.341703676603345,0.7507215607214968
-0.2613268411618161,2.968191492335174,-2.673150073440384,-1.8014722530559508,2.671787334775964,-0.9370131337642152,-1.2489002584640425,-1.035230437424265,-0.7167431927784719,-3.4025748715601263,0.8560120983960554,0.3176717451382195,0.16035756840720394,-1.7593008401402868,-0.22482539672708804,3.6474998046026665,-0.07242468388657387,-0.4408018896904173,2.044974990731614,1.2264002865678028,-2.365351423251685,-1.4105683402929161,-0.8069596134002663,-0.455138362831073,-0.7649632535856896,-3.344392345929972,-0.14681654560981688,-2.9072792134984247,-3.3494545401477587,-0.08825796768887795,3.289601430903931,-3.9151027455000174,-3.929484035124671,-0.9186432031181568,3.4011585644975626,-2.9720622416703977,-1.063778461506533,-4.5813218600100605,-1.3346088248830719,-0.6986447483495418,-3.500867419052528,-0.5364826781493864,0.5031793728754775,-0.8702352995593651
0.14034637090138835,-2.4015283442925117,2.075594593504497,1.6245222888611512,-2.550532590716793,0.3857227686177758,1.346800292963479,0.36466707798359255,-0.0309480040219121,2.7972715801536903,-0.7588687819543697,0.14050599771953728,0.21586932416240384,1.7331444715478532,0.7181575587282821,-3.2572610112996716,0.2573595029626139,0.49992072988678565,-2.183652723851957,-1.2840532234425877,1.9656509965366833,1.2531328187842539,0.7237661210683715,0.7519220925031995,0.6815673173273002,3.373912861326554,0.35623745890309827,2.413761883280798,2.9136341047138985,-0.37764191751503384,-2.872391166161861,4.479339553826194,3.878654097524388,1.0079271236978598,-2.9720622416703977,3.163187242427561,0.7475472362504518,3.9075788888425214,1.0885781666711016,0.5071088130864487,3.1486283343020425,0.5044733385763346,-0.4133988967159663,0.7964273585443828
-0.004833677430801007,-0.87546556864801,0.7905445744092445,0.4808853754147156,-0.9137996743565404,0.1850415897389832,0.19884096968305887,0.4888993104972154,0.57769188163640794,1.106162294771781,-0.482493425805738,-0.22200475740280673,0.2224532916743776,0.22542668218142325,-0.18054625710242955,-0.982902510633597,0.22009092396828753,-0.15291796792534004,-0.7636572934089804,0.09231302271326101,0.7743986338724683,0.3486228076757091,0.30503024175640847,0.11430592287674356,0.3252180294591885,0.8012223986346108,0.04819116019162546,0.8716455878546362,1.064747001330593,0.18444061091449318,-1.0149051313102553,0.9621424937004459,0.9633946903962,0.3604135203414926,-1.063778461506533,0.7475472362504518,0.5611750744815027,1.4252628143255839,0.5463820994712273,0.3964896179857105,0.9656668986618464,0.17011388412179257,0.15943570964418302,0.49807008454802393
0.29771428963422286,-4.006768297310942,3.6709950483473266,2.398106486242813,-3.568145077576386,1.48526187791428,1.6743778798215418,1.3943262354778192,0.9325202182847294,4.631670864009569,-1.1669485069143173,-0.5541166885931367,-0.4536396211286137,2.418807638103283,0.19191616322058627,-5.056737247723646,0.03816210009280778,0.7946822824838556,-2.682751757978644,-1.7802137804376117,3.2357430387364294,2.0456121346315586,0.962736493163664,0.552049013391851,0.9959735513832564,4.504698553317914,0.08258988827835968,4.063646456696723,4.494330789910802,0.1731946348351864,-4.513105130123309,5.102857784314267,5.331077282506485,1.0572306267475438,-4.5813218600100605,3.9075788888425214,1.4252628143255839,6.2599077832556365,1.7187914926403676,0.8930486323021096,4.789233565097233,0.6274876236340187,-0.8047525693088071,1.0297842903990824
0.20084118497329242,-1.2446116987243345,0.9962094344653276,0.7157416975408948,-1.0699094727428249,0.0728536795373142,0.36736189268721203,0.6619267922705364,0.6457103727876552,1.351236631195892,-0.37598301435247516,-0.08290583887529175,0.2990289949429805,0.4266038329895204,0.0569381229397283,-1.1244596627859529,0.12288914569553515,-0.3123590240944082,-0.8382339349550664,-0.08293492122885383,0.8771043330919772,0.2703167212701157,0.5510260244614452,0.19098493435426087,0.37950334289230997,1.14198156579088,0.18201980206748966,0.9490075032201718,1.4238009731410646,0.11503742854860273,-1.1576354923474435,1.4195265827487757,1.30208748245471,0.6617431254586118,-1.3346088248830719,1.0885781666711016,0.5463820994712273,1.7187914926403676,0.7446918370722929,0.44365935566373876,1.198117623772083,0.3878934884453951,0.11441145043057012,0.6634820171747999
0.04403669858854583,-0.6059839953657294,0.4809976052300156,0.32923182818083657,-0.6182724739237041,-0.035368596625027116,0.10367272474320731,0.39097374702754517,0.47905136901407175,0.720917185648514,-0.32068496529170065,-0.08943060886279451,0.3140292365301498,0.06483159885577264,-0.0789538904008135,-0.5195447072832292,0.18593165815523421,-0.29487381355988307,-0.5349274941677938,0.1936179405237022,0.4763370721099929,0.10626315447652841,0.3055377548770686,0.10740891780115516,0.24547027487842815,0.4983476029674899,0.10523949721914601,0.4789743840072453,0.7493756686879441,0.11427254706476199,-0.6082372674983212,0.6693777985292308,0.5744687095450063,0.38437910784201124,-0.6986447483495418,0.5071088130864487,0.3964896179857105,0.8930486323021096,0.44365935566373876,0.3187049410216011,0.5719197160843141,0.19640186534447346,0.22721231261196212,0.4608164782572253
0.2017075929566239,-3.018093845098567,2.7901870549714434,1.856122561247603,-2.7374214339752254,1.1799370806640619,1.4015110291526198,0.8555487147220296,0.41356388369597424,3.4964706965683057,-0.8332577027630415,-0.34064368965330255,-0.4642840266867416,2.041368250847953,0.29884040105205095,-4.006607608316324,-0.013523942127020476,0.8471526373025128,-2.0747065516969023,-1.6259709109883715,2.4655799485652152,1.6763571569240698,0.6506523011726663,0.4815658488456472,0.7209441426496296,3.6254522604397805,0.0638569212620944,3.1517902515605924,3.3909923712176666,-0.005700620270977037,-3.497418094959203,4.1733192275331055,4.283698445594293,0.7303608584217942,-3.500867419052528,3.1486283343020425,0.9656668986618464,4.789233565097233,1.198117623772083,0.5719197160843141,3.763501022434982,0.42622619717723087,-0.7808431743597939,0.638624216552546
0.21536717652576368,-0.5925364965557458,0.38174775359579183,0.3491418073064291,-0.3977643208070398,-0.14486526563117733,0.17731370639764452,0.3514195570396283,0.31064153942090555,0.5237264317928507,-0.04475785819218749,0.08957813114627562,0.24046694736017699,0.17609200616849816,0.16992308795349859,-0.306720432641304,0.0010248339655798283,-0.3237632008555518,-0.29199426593539085,-0.024572642864118675,0.2876251062586736,-0.05712491630455547,0.37494111865403673,0.11068762138650286,0.16078076483210368,0.48760503496808305,0.17721286792229546,0.24771666554912516,0.6449848661444958,5.59420456153916e-4,-0.36691803490161334,0.6668070174183466,0.5101670429035713,0.46170260003857627,-0.5364826781493864,0.5044733385763346,0.17011388412179257,0.6274876236340187,0.3878934884453951,0.19640186534447346,0.42622619717723087,0.29836939137181306,0.09193797642466812,0.3779120692159425
-0.14539100632828952,0.5653807203688718,-0.6698252190190274,-0.3529067356590495,0.12508025069749026,-0.808046333006459,-0.40733545200083116,-0.04403231630538574,0.2880076659083958,-0.5313734672801149,-0.23542330669356812,0.16220517459404482,0.9306269160018706,-0.8302677523098719,-0.09693901079582024,0.9728409273206075,0.47962487484873284,-0.807194334745647,-0.15951533262893366,1.0603091728819736,-0.4012096158366273,-0.5511723009623144,0.15208040294414937,0.13450715579010106,0.08598828108485201,-0.692396036274173,0.22540257290922155,-0.7072022114581745,-0.37655232217593937,-0.013602007778129525,0.6055000044600852,-0.3888454200547642,-0.8654795144962456,0.341703676603345,0.5031793728754775,-0.4133988967159663,0.15943570964418302,-0.8047525693088071,0.11441145043057012,0.22721231261196212,-0.7808431743597939,0.09193797642466812,0.8117768323398595,0.4843223110876933
0.09170618381011682,-0.7433386668907896,0.47020289474318916,0.437878965792499,-0.8600000898525106,-0.39375325798857136,0.15153971593352455,0.45176279974519645,0.5761725734467501,0.844547982543546,-0.4205171089509454,0.07628536406707391,0.7448840336508197,-0.007523622821331341,0.08702753743299238,-0.4779020620492276,0.3550199945066843,-0.6319415027510861,-0.8285839060056687,0.3990032539260254,0.5206531210192415,-0.04008444031239882,0.5387237243552642,0.27717411917920193,0.3582297565468043,0.69159267567227,0.2967232432359823,0.43001140586970327,1.006773161564064,0.017943505971131698,-0.671432739407797,1.1583312377563424,0.7404434023379289,0.7507215607214968,-0.8702352995593651,0.7964273585443828,0.49807008454802393,1.0297842903990824,0.6634820171747999,0.4608164782572253,0.638624216552546,0.3779120692159425,0.4843223110876933,0.7901420121006129
