V1,V2,V3,V4,V5,V6,V7,V8,V9,V10,V11,V12,V13,V14,V15,V16,V17,V18,V19,V20,V21,V22,V23,V24,V25,V26,V27,V28,V29,V30,V31,V32,V33,V34,V35,V36,V37,V38,V39,V40,V41,V42,V43,V44
6.992122721431106,-0.3659819902799911,1.605793692634755,-3.311574741800209,7.238545545362406,5.104439010600968,-2.713806384369689,1.800580547051275,-0.19111277177088942,5.192803101004188,4.234208862948382,3.7514642225181727,-9.140690697859126,2.178454327573348,-1.5846836374005129,-0.5002239886089924,0.9262487904502709,-2.382267237391304,-5.145904396648869,-3.309720578262701,2.6399510172882183,3.624166715289697,10.818196239251574,-1.029892583422787,2.114660058306108,-3.039072042705878,-0.65211879640342,-9.175822245973013,2.969239950956548,-2.5217922583734844,-0.9398121602685621,4.609159208318905,-4.207474429413692,-5.183864760619014,-0.9074857339111047,-0.6006431785190941,-2.240333422857061,0.38198411263341003,-2.7130525082850667,0.1609162731222664,-3.2974919407902963,8.007676453236556,1.2517073278779018,-2.852747581122164
-0.3659819902799911,0.31612689979679126,0.3057122424079651,0.3708876596653568,-0.46882062460740404,-0.060115589054882956,0.13072936165732987,-0.2011780184073189,0.26157186209757594,-0.2211350478716374,0.10484188362224471,0.2764749130856954,0.18779875389296813,0.39677162037708863,0.08745681744099255,-0.07650156979910366,-0.30793080054866495,0.26112973539844775,0.15925161107650868,0.2258838606628103,0.29028025921205697,0.1165554039332609,-0.15185764920013178,-0.2630261469817755,0.027054900617847603,-0.22529883737519707,-0.02069236028606011,0.23831039456908776,-0.5510208384218371,0.33666735133124004,-0.17957014922111553,0.29307352529312825,0.05481522810259974,0.06469531186499046,-0.187442419428791,0.19299806952067103,0.10876820616227185,-0.11722642469197805,-0.011069919929902158,0.5084913179837387,0.11944142157526452,-0.22077534406265648,0.056991749334887834,-0.01087844485940159
1.605793692634755,0.3057122424079651,1.2377952815577407,-0.24510247010808384,1.5274495782987687,1.5151749517941633,-0.744558716270643,0.2074914128778585,0.4640320801241853,1.260046345765568,1.6103599953260648,1.714700949689996,-2.841451227574467,1.5824324902631575,-0.24270944903688402,-0.2723545807700306,-0.4288950706577152,-0.1618617980926872,-1.276359945292307,-0.7009639229091273,1.2538592973331044,1.4220581499657254,3.2734477719131245,-0.6938669024538429,0.7072301999170276,-1.485353202331768,-0.12918644169607255,-2.605767137905176,-0.1314514437378953,-0.2908530618123589,-0.6392740374612517,2.105163342070497,-1.1773749469700059,-1.3961691591863743,-0.6561047808396424,0.17666236886243156,-0.6271018811991443,-0.04013134161577567,-1.0376797549216135,1.1879680654882747,-0.7868504128620312,2.2770144415090523,0.4164279172776911,-1.1498150190094163
-3.311574741800209,0.3708876596653568,-0.24510247010808384,2.5524934620190303,-3.9507100543226996,-2.180752311046888,2.080228062155014,-1.1929028938051507,0.49294788787587057,-3.1362567177676763,-1.9516972089594788,-2.160287879592065,5.624040071362886,-0.21677631325804933,0.7119432000692735,-0.14575455954616878,-0.7865122347549139,1.507426861030899,3.0615839294587346,1.9968803073662014,-1.1614309032006471,-2.5085624352889595,-5.990823077373357,-0.2913986939185874,-1.2273418959133546,1.3150032057357466,0.4945483898393594,4.742829743354252,-2.6295787203039676,2.122743877482752,0.7248757278338919,-2.457289354575061,1.7215136717377297,2.583846148161151,-0.20976165869401958,1.1406832903664625,1.7454443704049893,-0.4230242038016351,1.707021600799034,-0.38251794037089043,1.9035008039678227,-4.921106387267374,-1.6075369664737071,1.3557131929332311
7.238545545362406,-0.46882062460740404,1.5274495782987687,-3.9507100543226996,7.842836943514507,5.195918248000195,-3.42240809123921,2.0345150654407433,-0.3580976499828135,5.836079681059064,4.45994775707847,4.294900826954971,-10.556149540685546,1.9540334524789233,-1.575715267798038,-0.28165293465328683,1.0405932279508705,-2.5976524506763172,-5.762944067912579,-3.696686010879652,2.7517316126326414,4.422879512724719,11.950763922280228,-0.5817867280094619,2.3772290727055583,-3.263194094452173,-0.7545945585792148,-9.898497335388166,3.694828806362749,-3.2104398223079227,-1.2436159877352198,5.179748667798764,-4.200931085475041,-5.460016305794076,-0.6038690153760906,-1.1387453472795652,-2.827466394266232,0.5519311408888455,-3.240625428375791,0.668841208739088,-3.6360334603404176,9.16385106733805,1.9838503933737994,-3.1331965617928645
5.104439010600968,-0.060115589054882956,1.5151749517941633,-2.180752311046888,5.195918248000195,3.918367087543773,-1.956904611566784,1.1970190178262834,0.08125258172471596,3.7682056462693807,3.3008396915446685,2.995836834775364,-6.805599610282905,2.0303998329054873,-1.1774682211824958,-0.48178217167918824,0.46683183827805114,-1.573510821408312,-3.7892759212767233,-2.324985106917048,2.2060350887807867,2.8043463629575855,8.107460373279892,-1.0202034606764459,1.6167526667861039,-2.536521435860072,-0.48111287659873964,-6.855090123902502,1.7521534004103207,-1.6274272823234472,-0.8226703363907105,3.700305939372336,-3.222716325994187,-3.917949992346949,-0.8899820869991378,-0.25686448387893945,-1.576094853530096,0.2064722536631394,-2.089421023272318,0.4772980509820734,-2.4077953920849766,5.881086518845728,0.8849211890638469,-2.249674570218961
-2.713806384369689,0.13072936165732987,-0.744558716270643,2.080228062155014,-3.42240809123921,-1.956904611566784,2.3305143769892087,-0.9458366906622279,0.15699075376647834,-2.9639646330474254,-2.1065788100976715,-2.7182595314591653,6.076995893651983,-0.7512319945966689,0.4104225363012682,-0.21492319058468315,-0.21076211757424326,1.0222987046084437,2.9169649523028385,1.8128260985693534,-1.383262476274441,-3.018614447213512,-6.079681169766809,-0.34951314039723713,-1.3019071202655852,1.7644472745871393,0.4127018825306436,4.57474029949367,-2.0172975727060996,2.034210813369606,1.1060590169903772,-3.1097613459152753,1.403300045747001,2.292818823978293,-0.11170245552335742,1.1247917913213854,1.9561104840090484,-0.3908972002412959,2.1122482263540396,-1.6218281822802045,1.7380552403588927,-5.074097012389545,-1.9459486339532879,1.673974780835777
1.800580547051275,-0.2011780184073189,0.2074914128778585,-1.1929028938051507,2.0345150654407433,1.1970190178262834,-0.9458366906622279,0.610608698184093,-0.20724086375955525,1.5604964279063909,1.0741995137904101,1.0803025294059845,-2.7699123286225005,0.24836687647413688,-0.36385788390806983,0.01986006675151947,0.3452032053465355,-0.7647426126864366,-1.4906631618418653,-1.0342203331962276,0.6191576604143181,1.1659327126723908,3.044594462730932,0.020749902084963488,0.603690040395363,-0.6807136481488689,-0.23258537143078614,-2.4506255065525786,1.2365209604064382,-0.9792491974033057,-0.3172956781519015,1.235650050002621,-0.9491010223063547,-1.3391120153919749,0.010232559484213173,-0.46101274809033915,-0.8284429316038004,0.18649905804855582,-0.8089089151682824,0.10173638082608959,-0.9534919101526753,2.438567089948374,0.6567791263697557,-0.7004418461176373
-0.19111277177088942,0.26157186209757594,0.4640320801241853,0.49294788787587057,-0.3580976499828135,0.08125258172471596,0.15699075376647834,-0.20724086375955525,0.33088396383681873,-0.21269788336632378,0.21665507269532375,0.27112005551899376,0.10907749492834894,0.6113693267478008,0.08253537685534466,-0.13549970253888297,-0.3898512319469398,0.3068650801231074,0.1836037184621211,0.19408584462064257,0.29538270415279927,0.06706740813373888,-0.039727430783220254,-0.3566714221864299,0.024071573510562133,-0.3281296210245822,0.04004363346860559,0.07131565814220031,-0.6846329944010862,0.3835308095062294,-0.14767025592928587,0.35380326171982135,-0.05085815824378396,0.03452582454562167,-0.3065722408364725,0.3156483317470767,0.12982171148418836,-0.12531258770051407,-0.047925045264937814,0.504640726087296,0.12493927970920027,-0.19329951754130828,-0.12284007935209958,-0.14483975126761534
5.192803101004188,-0.2211350478716374,1.260046345765568,-3.1362567177676763,5.836079681059064,3.7682056462693807,-2.9639646330474254,1.5604964279063909,-0.21269788336632378,4.632306066355903,3.5535158631232178,3.8296081574645786,-8.733815727345736,1.5226763007032378,-1.0247211065814066,-0.06077545732874575,0.5801948359334781,-1.9005239818916815,-4.549033703748928,-2.8959253043360613,2.321330672495082,3.9680704034487038,9.539406579511592,-0.24029206192259234,1.9689305428314055,-2.676865228797169,-0.6646463559197039,-7.589578694157798,2.9471775532441726,-2.674125369299027,-1.3027558298918998,4.47712797129954,-2.95962278702437,-4.114433050307504,-0.30098904399848464,-1.1486172183268504,-2.5037864841069757,0.45552207003218154,-2.776041664992843,1.2951596125842701,-2.831669143919514,7.494090167453611,2.120591709231785,-2.4795829239951717
4.234208862948382,0.10484188362224471,1.6103599953260648,-1.9516972089594788,4.45994775707847,3.3008396915446685,-2.1065788100976715,1.0741995137904101,0.21665507269532375,3.5535158631232178,3.271837060175889,3.441422934722868,-6.925943042346362,2.060269916721636,-0.7662122227925171,-0.26305930131260247,0.01509559388320943,-1.2715656311560766,-3.4841129752481215,-2.205097173426502,2.290104514858296,3.195432517716357,7.826255817906757,-0.7627439617647165,1.629127970624848,-2.5488882170249174,-0.4989190951576654,-6.229014679172595,1.595799845310719,-1.657815595652616,-1.1611460997074645,4.052113881490204,-2.602309365681056,-3.4103329849811526,-0.6940329171591794,-0.45430821901187896,-1.838845512152093,0.19345981300362164,-2.233410985928102,1.4475045894148018,-2.1999417892512136,5.888140741387758,1.4313249943343145,-2.1702007385457316
3.7514642225181727,0.2764749130856954,1.714700949689996,-2.160287879592065,4.294900826954971,2.995836834775364,-2.7182595314591653,1.0803025294059845,0.27112005551899376,3.8296081574645786,3.441422934722868,4.254343061212358,-8.025463828657761,2.0561245141868,-0.495189295482027,0.009441446708705368,-0.26734298594996503,-1.1485854631813104,-3.75914599277967,-2.3236785564061724,2.5528313601678527,4.110373828489532,8.477864152960304,-0.3578999087374972,1.8541976830292786,-2.835347028620543,-0.6009019518200654,-6.319474170297542,1.8182548765692017,-2.0682865153943273,-1.6739753389994585,4.826467214451918,-2.2079360525179355,-3.321963541836812,-0.4199972765803011,-0.928053950508821,-2.410196210411185,0.2703850412268346,-2.768143748173166,2.6530476786564887,-2.2941810681944053,6.707599118655923,2.3745752603264187,-2.3516861508660782
-9.140690697859126,0.18779875389296813,-2.841451227574467,5.624040071362886,-10.556149540685546,-6.805599610282905,6.076995893651983,-2.7699123286225005,0.10907749492834894,-8.733815727345736,-6.925943042346362,-8.025463828657761,17.385891519888713,-3.3140753482210954,1.5551163716525394,-0.07035543297530189,-0.4864893384359742,3.140872252720544,8.56850531437532,5.403074885712089,-4.6468131534176145,-8.296599972357072,-18.385129901950496,0.21002369757433986,-3.866828527366321,5.541476508276886,1.2179111771711117,14.253311772261844,-5.184293384322999,5.179623971721055,2.978776859755215,-9.307590507597585,5.148805678250509,7.4774892598780385,0.5231012193164333,2.368372657508335,5.17268928245185,-0.8770401758516008,5.816226237139033,-3.9690607772271984,5.251561398392911,-14.660332515955025,-4.665259848897769,5.0441161125354395
2.178454327573348,0.39677162037708863,1.5824324902631575,-0.21677631325804933,1.9540334524789233,2.0303998329054873,-0.7512319945966689,0.24836687647413688,0.6113693267478008,1.5226763007032378,2.060269916721636,2.0561245141868,-3.3140753482210954,2.094985583615285,-0.3668931156075603,-0.4292361645114093,-0.5133954575123584,-0.23863295707436127,-1.5523383237418968,-0.8620179178098323,1.6041846490866956,1.582514384015499,4.033813565028945,-1.0638621970767408,0.855328195803336,-1.8378601155261867,-0.15387343748143686,-3.295526603723293,-0.2823244354298584,-0.2039368462507164,-0.6998247808561651,2.5430185029225023,-1.61969863044771,-1.8290258976634943,-0.9454961616659175,0.3848744636388996,-0.6441475755695992,-0.10045234255532628,-1.1740436929218874,1.2405250817506894,-0.9781491455060006,2.6939719106463085,0.29577009966541506,-1.3970166755065456
-1.5846836374005129,0.08745681744099255,-0.24270944903688402,0.7119432000692735,-1.575715267798038,-1.1774682211824958,0.4104225363012682,-0.36385788390806983,0.08253537685534466,-1.0247211065814066,-0.7662122227925171,-0.495189295482027,1.5551163716525394,-0.3668931156075603,0.4835872541176552,0.1971034818253986,-0.3740264417614115,0.5556562350920224,1.069009399468907,0.6155105466928227,-0.481619101845267,-0.506410867939343,-2.048686662416812,0.32548821559085195,-0.3878227592425718,0.5492817489922073,0.13635046899302364,1.8916533983529549,-0.5888683984630043,0.4136775851556247,0.048868804962141243,-0.6875645691271893,1.0344434466476953,1.173397017397072,0.24676560046454496,0.02460625209540326,0.262492455790705,-0.06326067983947826,0.4045516227908306,0.3771270448608349,0.6869272673540961,-1.4059360533059453,-0.023861958099316266,0.5176722891931839
-0.5002239886089924,-0.07650156979910366,-0.2723545807700306,-0.14575455954616878,-0.28165293465328683,-0.48178217167918824,-0.21492319058468315,0.01986006675151947,-0.13549970253888297,-0.06077545732874575,-0.26305930131260247,0.009441446708705368,-0.07035543297530189,-0.4292361645114093,0.1971034818253986,0.23668401209758214,-0.004470896475329925,0.038553770205101034,0.10097062709458492,0.009265741082118919,-0.21599474449225636,0.16307483614172247,-0.2927882021823707,0.45134728831940896,-0.03962000290198424,0.21865359209310722,-0.009172326276107897,0.4343455665606327,0.2966550503807328,-0.26465641866211537,-0.09291404426496867,-0.09595247308767649,0.4652646304625133,0.3502588658531789,0.3398988242493769,-0.34427141747190265,-0.225804893885698,0.08347239837408679,-0.07741663092227773,0.2836334007417175,0.09052189184567307,0.03698063154213249,0.4004707803615428,0.13206555794890396
0.9262487904502709,-0.30793080054866495,-0.4288950706577152,-0.7865122347549139,1.0405932279508705,0.46683183827805114,-0.21076211757424326,0.3452032053465355,-0.3898512319469398,0.5801948359334781,0.01509559388320943,-0.26734298594996503,-0.4864893384359742,-0.5133954575123584,-0.3740264417614115,-0.004470896475329925,0.6650217959644452,-0.574774833675914,-0.6096952411349995,-0.3924243559312869,-0.15401341918295408,-0.0476829273331238,0.7246739015817026,0.1484344816864787,0.09416247744735101,0.167302530415763,-0.08615198910293803,-0.8243572778041622,0.8964435780722245,-0.4731391476427524,0.23515163099218506,-0.25658556659959486,-0.47348193734961275,-0.5619539266653019,0.16312663276009973,-0.24500865244562953,-0.09616067204961781,0.13474655185538117,-0.0026449138935025402,-0.9421161809282527,-0.397759774165916,0.5805584721267273,-0.03746773773937697,-0.00899498153654144
-2.382267237391304,0.26112973539844775,-0.1618617980926872,1.507426861030899,-2.5976524506763172,-1.573510821408312,1.0222987046084437,-0.7647426126864366,0.3068650801231074,-1.9005239818916815,-1.2715656311560766,-1.1485854631813104,3.140872252720544,-0.23863295707436127,0.5556562350920224,0.038553770205101034,-0.574774833675914,1.0414212586379548,1.8516031185931257,1.2562101687348124,-0.7289860896694341,-1.2246919868997033,-3.6491116691371728,0.07947524342123538,-0.7098009552228536,0.7442490635214354,0.2938968481183715,3.042725951966844,-1.546006219425669,1.1271534047085128,0.26089139663429434,-1.332286740133345,1.307212119741387,1.7451483705524433,0.03456579446352063,0.47888623226918314,0.8786674303364399,-0.20510106415375942,0.8527196084075087,0.24197161082850027,1.197237183859748,-2.8453513932343246,-0.6313889946309097,0.7727681300238632
-5.145904396648869,0.15925161107650868,-1.276359945292307,3.0615839294587346,-5.762944067912579,-3.7892759212767233,2.9169649523028385,-1.4906631618418653,0.1836037184621211,-4.549033703748928,-3.4841129752481215,-3.75914599277967,8.56850531437532,-1.5523383237418968,1.069009399468907,0.10097062709458492,-0.6096952411349995,1.8516031185931257,4.545129583822794,2.792953894130469,-2.3203659378847363,-3.9041055440137784,-9.414273934779047,0.29102049567921945,-1.9497103667038116,2.708624078972824,0.6484998001047493,7.536814300357979,-2.7985893852763253,2.5825207085183655,1.276901257418249,-4.432361221088344,2.998597167003978,4.123672355249679,0.3542864207125379,1.0840044876567303,2.407314847223688,-0.4342743205981256,2.7566090015791653,-1.2767543555146235,2.804399134256724,-7.349993590046602,-2.054481747590151,2.4780770282220765
-3.309720578262701,0.2258838606628103,-0.7009639229091273,1.9968803073662014,-3.696686010879652,-2.324985106917048,1.8128260985693534,-1.0342203331962276,0.19408584462064257,-2.8959253043360613,-2.205097173426502,-2.3236785564061724,5.403074885712089,-0.8620179178098323,0.6155105466928227,0.009265741082118919,-0.3924243559312869,1.2562101687348124,2.792953894130469,1.880781817134916,-1.3715778103589518,-2.3809063746483363,-5.9096829709425815,0.10983796701141846,-1.1952003660391202,1.5542593844258084,0.4111725852314361,4.703301666064323,-1.9645703724423973,1.7077248362188697,0.7443344720860918,-2.6806916371631115,1.8131553959812217,2.533358041178296,0.14438862701021174,0.7417374473908755,1.586575443332224,-0.297868784434499,1.675998696712304,-0.6514710167811613,1.7651800806229736,-4.673967967549699,-1.2767294123928201,1.4908830638235424
2.6399510172882183,0.29028025921205697,1.2538592973331044,-1.1614309032006471,2.7517316126326414,2.2060350887807867,-1.383262476274441,0.6191576604143181,0.29538270415279927,2.321330672495082,2.290104514858296,2.5528313601678527,-4.6468131534176145,1.6041846490866956,-0.481619101845267,-0.21599474449225636,-0.15401341918295408,-0.7289860896694341,-2.3203659378847363,-1.3715778103589518,1.7728969703241204,2.3024683089304614,5.2784782402303705,-0.6696775428937012,1.1474652717358262,-1.870078917024329,-0.38409460597721756,-4.0992445915688345,0.8031272536720333,-0.9458913325999669,-0.9326017505597722,2.9624014102212297,-1.7337575071964832,-2.3169379896146114,-0.5589551054188153,-0.23616506833753337,-1.2062732057342178,0.06275097284941844,-1.5378369079164507,1.3190762528605497,-1.4460583583966091,3.9186315237751113,1.084982235778799,-1.4614914827885546
3.624166715289697,0.1165554039332609,1.4220581499657254,-2.5085624352889595,4.422879512724719,2.8043463629575855,-3.018614447213512,1.1659327126723908,0.06706740813373888,3.9680704034487038,3.195432517716357,4.110373828489532,-8.296599972357072,1.582514384015499,-0.506410867939343,0.16307483614172247,-0.0476829273331238,-1.2246919868997033,-3.9041055440137784,-2.3809063746483363,2.3024683089304614,4.2719499206122835,8.47285326770997,0.0696277050519813,1.8581993556917027,-2.701841098612474,-0.6075431741330303,-6.285944982072263,2.2610851333521085,-2.4387704159490924,-1.6923042206352814,4.673997409497599,-2.0285674587553753,-3.2315612568357324,-0.12079672216930602,-1.27347135627848,-2.586149828372246,0.40445093868355203,-2.890886315352325,2.6404171336193474,-2.342579328066715,6.901030324044586,2.6474566648956666,-2.348120725180395
10.818196239251574,-0.15185764920013178,3.2734477719131245,-5.990823077373357,11.950763922280228,8.107460373279892,-6.079681169766809,3.044594462730932,-0.039727430783220254,9.539406579511592,7.826255817906757,8.477864152960304,-18.385129901950496,4.033813565028945,-2.048686662416812,-0.2927882021823707,0.7246739015817026,-3.6491116691371728,-9.414273934779047,-5.9096829709425815,5.2784782402303705,8.47285326770997,20.203830882800574,-0.9567563866608821,4.195540104882898,-6.0970434301647,-1.3339694935250026,-16.039906486199417,5.359226401548258,-5.186306067381128,-2.9199291784343915,9.955485679824045,-6.347193364729345,-8.676732299185776,-1.045787055724509,-2.0126429011966978,-5.157109954820972,0.8054149487062324,-5.9628946390731326,3.3817711441175455,-5.852136010482317,15.671662512094567,4.310401211017746,-5.46080913987347
-1.029892583422787,-0.2630261469817755,-0.6938669024538429,-0.2913986939185874,-0.5817867280094619,-1.0202034606764459,-0.34951314039723713,0.020749902084963488,-0.3566714221864299,-0.24029206192259234,-0.7627439617647165,-0.3578999087374972,0.21002369757433986,-1.0638621970767408,0.32548821559085195,0.45134728831940896,0.1484344816864787,0.07947524342123538,0.29102049567921945,0.10983796701141846,-0.6696775428937012,0.0696277050519813,-0.9567563866608821,0.9872811364377777,-0.17976655579179868,0.5887921073978546,0.03686160357742467,1.0385154843844042,0.6130487248929504,-0.517524949004279,-0.026889404056782234,-0.5455314103930844,0.9451769301429317,0.8013010896796372,0.7176604974323206,-0.6686516892166418,-0.3068171270250447,0.20220599255271154,-0.031008208318035472,0.23869667833868177,0.24721612264161377,-0.2287921733832244,0.5955056686564856,0.3236962053688535
2.114660058306108,0.027054900617847603,0.7072301999170276,-1.2273418959133546,2.3772290727055583,1.6167526667861039,-1.3019071202655852,0.603690040395363,0.024071573510562133,1.9689305428314055,1.629127970624848,1.8541976830292786,-3.866828527366321,0.855328195803336,-0.3878227592425718,-0.03962000290198424,0.09416247744735101,-0.7098009552228536,-1.9497103667038116,-1.1952003660391202,1.1474652717358262,1.8581993556917027,4.195540104882898,-0.17976655579179868,0.8927913841404989,-1.3028590764895553,-0.29341526111585325,-3.2690346204421803,1.0759442872323735,-1.0760430760527964,-0.6819175170485993,2.1575410528411485,-1.2534369162377168,-1.7661057448622135,-0.19671398557381617,-0.45000011745355145,-1.1037636317028474,0.16050314080703726,-1.2765097504499634,0.877315504211186,-1.1999025940770502,3.2755456468755764,1.0058698442183076,-1.131844417743395
-3.039072042705878,-0.22529883737519707,-1.485353202331768,1.3150032057357466,-3.263194094452173,-2.536521435860072,1.7644472745871393,-0.6807136481488689,-0.3281296210245822,-2.676865228797169,-2.5488882170249174,-2.835347028620543,5.541476508276886,-1.8378601155261867,0.5492817489922073,0.21865359209310722,0.167302530415763,0.7442490635214354,2.708624078972824,1.5542593844258084,-1.870078917024329,-2.701841098612474,-6.0970434301647,0.5887921073978546,-1.3028590764895553,2.2462626018021385,0.3419443021589066,4.8180168501266465,-0.8916849927628075,1.2224516381876864,1.0580245046261851,-3.4050934125463814,1.9682451258611382,2.5854752920189012,0.6189129516308829,0.31972808498592187,1.4459293838663494,-0.1385023548353372,1.9324863877113467,-1.634348075203562,1.648548801254681,-4.581689164905639,-1.21524857803405,1.87302144401445
-0.65211879640342,-0.02069236028606011,-0.12918644169607255,0.4945483898393594,-0.7545945585792148,-0.48111287659873964,0.4127018825306436,-0.23258537143078614,0.04004363346860559,-0.6646463559197039,-0.4989190951576654,-0.6009019518200654,1.2179111771711117,-0.15387343748143686,0.13635046899302364,-0.009172326276107897,-0.08615198910293803,0.2938968481183715,0.6484998001047493,0.4111725852314361,-0.38409460597721756,-0.6075431741330303,-1.3339694935250026,0.03686160357742467,-0.29341526111585325,0.3419443021589066,0.14814236466474837,0.9944476169852107,-0.4719987911078909,0.37216770354389667,0.2249574244083162,-0.6438887680660599,0.3758045708421172,0.5895907487904591,7.682987216088273e-4,0.21342407508801356,0.36942899545085306,-0.05538554552661415,0.36341745826023214,-0.21383302062265472,0.4083821126924429,-1.0634978606077237,-0.4028342835201231,0.2736976053031808
-9.175822245973013,0.23831039456908776,-2.605767137905176,4.742829743354252,-9.898497335388166,-6.855090123902502,4.57474029949367,-2.4506255065525786,0.07131565814220031,-7.589578694157798,-6.229014679172595,-6.319474170297542,14.253311772261844,-3.295526603723293,1.8916533983529549,0.4343455665606327,-0.8243572778041622,3.042725951966844,7.536814300357979,4.703301666064323,-4.0992445915688345,-6.285944982072263,-16.039906486199417,1.0385154843844042,-3.2690346204421803,4.8180168501266465,0.9944476169852107,13.073613083472658,-4.178851946573598,3.9609279875885592,2.017701564261387,-7.586426678910417,5.484824152267312,7.160550692336352,1.0558497965359508,1.309070874230898,3.797359938106535,-0.610666176146641,4.537945798212977,-1.931833550655186,4.716031705934568,-12.217903150897845,-2.849231913966944,4.3790259894148305
2.969239950956548,-0.5510208384218371,-0.1314514437378953,-2.6295787203039676,3.694828806362749,1.7521534004103207,-2.0172975727060996,1.2365209604064382,-0.6846329944010862,2.9471775532441726,1.595799845310719,1.8182548765692017,-5.184293384322999,-0.2823244354298584,-0.5888683984630043,0.2966550503807328,0.8964435780722245,-1.546006219425669,-2.7985893852763253,-1.9645703724423973,0.8031272536720333,2.2610851333521085,5.359226401548258,0.6130487248929504,1.0759442872323735,-0.8916849927628075,-0.4719987911078909,-4.178851946573598,2.9108531521935084,-2.2350690198536864,-0.5923552290324324,1.9871195882293446,-1.349617937160103,-2.212032053344761,0.4829617920074889,-1.321464763481567,-1.7528733873089737,0.4840655505393845,-1.516978968281151,0.12862698205793566,-1.7564070582451858,4.595250536545319,1.6375026274562279,-1.0829051896489963
-2.5217922583734844,0.33666735133124004,-0.2908530618123589,2.122743877482752,-3.2104398223079227,-1.6274272823234472,2.034210813369606,-0.9792491974033057,0.3835308095062294,-2.674125369299027,-1.657815595652616,-2.0682865153943273,5.179623971721055,-0.2039368462507164,0.4136775851556247,-0.26465641866211537,-0.4731391476427524,1.1271534047085128,2.5825207085183655,1.7077248362188697,-0.9458913325999669,-2.4387704159490924,-5.186306067381128,-0.517524949004279,-1.0760430760527964,1.2224516381876864,0.37216770354389667,3.9609279875885592,-2.2350690198536864,1.9919064333750474,0.7898945492758584,-2.3429258027814446,1.1890148042010609,1.978977610183562,-0.29880926762802584,1.141344053695262,1.7289884078552342,-0.41510374702574504,1.702046362410087,-0.8933059520235722,1.5690336152510804,-4.421940445338214,-1.6634486939662847,1.294401973712485
-0.9398121602685621,-0.17957014922111553,-0.6392740374612517,0.7248757278338919,-1.2436159877352198,-0.8226703363907105,1.1060590169903772,-0.3172956781519015,-0.14767025592928587,-1.3027558298918998,-1.1611460997074645,-1.6739753389994585,2.978776859755215,-0.6998247808561651,0.048868804962141243,-0.09291404426496867,0.23515163099218506,0.26089139663429434,1.276901257418249,0.7443344720860918,-0.9326017505597722,-1.6923042206352814,-2.9199291784343915,-0.026889404056782234,-0.6819175170485993,1.0580245046261851,0.2249574244083162,2.017701564261387,-0.5923552290324324,0.7898945492758584,0.7655971414940778,-1.8681453849897893,0.5401771890312951,0.999516378752496,0.04468461035154451,0.45993361467710664,0.9691839989037528,-0.11147421047339406,1.0993641752685681,-1.3928425803295985,0.7435216497777188,-2.4139975287702553,-1.1212989301258607,0.8443154074427327
4.609159208318905,0.29307352529312825,2.105163342070497,-2.457289354575061,5.179748667798764,3.700305939372336,-3.1097613459152753,1.235650050002621,0.35380326171982135,4.47712797129954,4.052113881490204,4.826467214451918,-9.307590507597585,2.5430185029225023,-0.6875645691271893,-0.09595247308767649,-0.25658556659959486,-1.332286740133345,-4.432361221088344,-2.6806916371631115,2.9624014102212297,4.673997409497599,9.955485679824045,-0.5455314103930844,2.1575410528411485,-3.4050934125463814,-0.6438887680660599,-7.586426678910417,1.9871195882293446,-2.3429258027814446,-1.8681453849897893,5.601551582431517,-2.789077434296572,-3.986747748352363,-0.6296865278679166,-0.9238619673618694,-2.6850885035635046,0.30462657499908863,-3.211817736482623,2.9121689668568305,-2.701231082335155,7.761625190320118,2.5235351882121946,-2.8535596668702055
-4.207474429413692,0.05481522810259974,-1.1773749469700059,1.7215136717377297,-4.200931085475041,-3.222716325994187,1.403300045747001,-0.9491010223063547,-0.05085815824378396,-2.95962278702437,-2.602309365681056,-2.2079360525179355,5.148805678250509,-1.61969863044771,1.0344434466476953,0.4652646304625133,-0.47348193734961275,1.307212119741387,2.998597167003978,1.8131553959812217,-1.7337575071964832,-2.0285674587553753,-6.347193364729345,0.9451769301429317,-1.2534369162377168,1.9682451258611382,0.3758045708421172,5.484824152267312,-1.349617937160103,1.1890148042010609,0.5401771890312951,-2.789077434296572,2.711685503752971,3.1929943886249577,0.785540876514625,0.07958671615445137,1.0959096076977837,-0.13548016380756636,1.5213890992916723,-0.06492810196511832,1.9224608684594056,-4.499532508966311,-0.4932515191464418,1.7349729339909103
-5.183864760619014,0.06469531186499046,-1.3961691591863743,2.583846148161151,-5.460016305794076,-3.917949992346949,2.292818823978293,-1.3391120153919749,0.03452582454562167,-4.114433050307504,-3.4103329849811526,-3.321963541836812,7.4774892598780385,-1.8290258976634943,1.173397017397072,0.3502588658531789,-0.5619539266653019,1.7451483705524433,4.123672355249679,2.533358041178296,-2.3169379896146114,-3.2315612568357324,-8.676732299185776,0.8013010896796372,-1.7661057448622135,2.5854752920189012,0.5895907487904591,7.160550692336352,-2.212032053344761,1.978977610183562,0.999516378752496,-3.986747748352363,3.1929943886249577,4.085300628615623,0.6882645727416289,0.5759464377100831,1.882963360253796,-0.27816767001409537,2.3059989837260226,-0.7035472246949388,2.600963797738645,-6.476254044513656,-1.354928722300359,2.2874094318752927
-0.9074857339111047,-0.187442419428791,-0.6561047808396424,-0.20976165869401958,-0.6038690153760906,-0.8899820869991378,-0.11170245552335742,0.010232559484213173,-0.3065722408364725,-0.30098904399848464,-0.6940329171591794,-0.4199972765803011,0.5231012193164333,-0.9454961616659175,0.24676560046454496,0.3398988242493769,0.16312663276009973,0.03456579446352063,0.3542864207125379,0.14438862701021174,-0.5589551054188153,-0.12079672216930602,-1.045787055724509,0.7176604974323206,-0.19671398557381617,0.6189129516308829,7.682987216088273e-4,1.0558497965359508,0.4829617920074889,-0.29880926762802584,0.04468461035154451,-0.6296865278679166,0.785540876514625,0.6882645727416289,0.5862648643458439,-0.4895962860752028,-0.12610228682933097,0.12731265827410718,0.1540825872454986,-0.01681153402610035,0.251079873078613,-0.43612369010000485,0.39312351096389797,0.42907495218370995
-0.6006431785190941,0.19299806952067103,0.17666236886243156,1.1406832903664625,-1.1387453472795652,-0.25686448387893945,1.1247917913213854,-0.46101274809033915,0.3156483317470767,-1.1486172183268504,-0.45430821901187896,-0.928053950508821,2.368372657508335,0.3848744636388996,0.02460625209540326,-0.34427141747190265,-0.24500865244562953,0.47888623226918314,1.0840044876567303,0.7417374473908755,-0.23616506833753337,-1.27347135627848,-2.0126429011966978,-0.6686516892166418,-0.45000011745355145,0.31972808498592187,0.21342407508801356,1.309070874230898,-1.321464763481567,1.141344053695262,0.45993361467710664,-0.9238619673618694,0.07958671615445137,0.5759464377100831,-0.4895962860752028,0.887709626688476,0.9800481145389015,-0.27136852105294335,0.8213856224767531,-0.6629141743030442,0.6243319619577816,-1.996900176924307,-1.180217024613948,0.41318041146867085
-2.240333422857061,0.10876820616227185,-0.6271018811991443,1.7454443704049893,-2.827466394266232,-1.576094853530096,1.9561104840090484,-0.8284429316038004,0.12982171148418836,-2.5037864841069757,-1.838845512152093,-2.410196210411185,5.17268928245185,-0.6441475755695992,0.262492455790705,-0.225804893885698,-0.09616067204961781,0.8786674303364399,2.407314847223688,1.586575443332224,-1.2062732057342178,-2.586149828372246,-5.157109954820972,-0.3068171270250447,-1.1037636317028474,1.4459293838663494,0.36942899545085306,3.797359938106535,-1.7528733873089737,1.7289884078552342,0.9691839989037528,-2.6850885035635046,1.0959096076977837,1.882963360253796,-0.12610228682933097,0.9800481145389015,1.7254668443054362,-0.3207183028911167,1.7749466586051925,-1.4538639068310033,1.4558293941219878,-4.343776119104751,-1.7227431701583313,1.3658991345352502
0.38198411263341003,-0.11722642469197805,-0.04013134161577567,-0.4230242038016351,0.5519311408888455,0.2064722536631394,-0.3908972002412959,0.18649905804855582,-0.12531258770051407,0.45552207003218154,0.19345981300362164,0.2703850412268346,-0.8770401758516008,-0.10045234255532628,-0.06326067983947826,0.08347239837408679,0.13474655185538117,-0.20510106415375942,-0.4342743205981256,-0.297868784434499,0.06275097284941844,0.40445093868355203,0.8054149487062324,0.20220599255271154,0.16050314080703726,-0.1385023548353372,-0.05538554552661415,-0.610666176146641,0.4840655505393845,-0.41510374702574504,-0.11147421047339406,0.30462657499908863,-0.13548016380756636,-0.27816767001409537,0.12731265827410718,-0.27136852105294335,-0.3207183028911167,0.10896644905142507,-0.29141320792573094,0.10811307035850332,-0.2568882989991031,0.7443169315674295,0.31226920737062097,-0.2011104668632618
-2.7130525082850667,-0.011069919929902158,-1.0376797549216135,1.707021600799034,-3.240625428375791,-2.089421023272318,2.1122482263540396,-0.8089089151682824,-0.047925045264937814,-2.776041664992843,-2.233410985928102,-2.768143748173166,5.816226237139033,-1.1740436929218874,0.4045516227908306,-0.07741663092227773,-0.0026449138935025402,0.8527196084075087,2.7566090015791653,1.675998696712304,-1.5378369079164507,-2.890886315352325,-5.9628946390731326,-0.031008208318035472,-1.2765097504499634,1.9324863877113467,0.36341745826023214,4.537945798212977,-1.516978968281151,1.702046362410087,1.0993641752685681,-3.211817736482623,1.5213890992916723,2.3059989837260226,0.1540825872454986,0.8213856224767531,1.7749466586051925,-0.29141320792573094,2.05866635515776,-1.728372233232509,1.64632459087643,-4.8201315196711265,-1.6839230083734928,1.7447611282414122
0.1609162731222664,0.5084913179837387,1.1879680654882747,-0.38251794037089043,0.668841208739088,0.4772980509820734,-1.6218281822802045,0.10173638082608959,0.504640726087296,1.2951596125842701,1.4475045894148018,2.6530476786564887,-3.9690607772271984,1.2405250817506894,0.3771270448608349,0.2836334007417175,-0.9421161809282527,0.24197161082850027,-1.2767543555146235,-0.6514710167811613,1.3190762528605497,2.6404171336193474,3.3817711441175455,0.23869667833868177,0.877315504211186,-1.634348075203562,-0.21383302062265472,-1.931833550655186,0.12862698205793566,-0.8933059520235722,-1.3928425803295985,2.9121689668568305,-0.06492810196511832,-0.7035472246949388,-0.01681153402610035,-0.6629141743030442,-1.4538639068310033,0.10811307035850332,-1.728372233232509,3.167252620253577,-0.6489130173150385,2.9927493477362375,1.9140051726834353,-1.2232997769906786
-3.2974919407902963,0.11944142157526452,-0.7868504128620312,1.9035008039678227,-3.6360334603404176,-2.4077953920849766,1.7380552403588927,-0.9534919101526753,0.12493927970920027,-2.831669143919514,-2.1999417892512136,-2.2941810681944053,5.251561398392911,-0.9781491455060006,0.6869272673540961,0.09052189184567307,-0.397759774165916,1.197237183859748,2.804399134256724,1.7651800806229736,-1.4460583583966091,-2.342579328066715,-5.852136010482317,0.24721612264161377,-1.1999025940770502,1.648548801254681,0.4083821126924429,4.716031705934568,-1.7564070582451858,1.5690336152510804,0.7435216497777188,-2.701231082335155,1.9224608684594056,2.600963797738645,0.251079873078613,0.6243319619577816,1.4558293941219878,-0.2568882989991031,1.64632459087643,-0.6489130173150385,1.7561196846973703,-4.534167206486253,-1.187883716124651,1.510232297174877
8.007676453236556,-0.22077534406265648,2.2770144415090523,-4.921106387267374,9.16385106733805,5.881086518845728,-5.074097012389545,2.438567089948374,-0.19329951754130828,7.494090167453611,5.888140741387758,6.707599118655923,-14.660332515955025,2.6939719106463085,-1.4059360533059453,0.03698063154213249,0.5805584721267273,-2.8453513932343246,-7.349993590046602,-4.673967967549699,3.9186315237751113,6.901030324044586,15.671662512094567,-0.2287921733832244,3.2755456468755764,-4.581689164905639,-1.0634978606077237,-12.217903150897845,4.595250536545319,-4.421940445338214,-2.4139975287702553,7.761625190320118,-4.499532508966311,-6.476254044513656,-0.43612369010000485,-1.996900176924307,-4.343776119104751,0.7443169315674295,-4.8201315196711265,2.9927493477362375,-4.534167206486253,12.463774907349997,3.864792200273675,-4.185550396093702
1.2517073278779018,0.056991749334887834,0.4164279172776911,-1.6075369664737071,1.9838503933737994,0.8849211890638469,-1.9459486339532879,0.6567791263697557,-0.12284007935209958,2.120591709231785,1.4313249943343145,2.3745752603264187,-4.665259848897769,0.29577009966541506,-0.023861958099316266,0.4004707803615428,-0.03746773773937697,-0.6313889946309097,-2.054481747590151,-1.2767294123928201,1.084982235778799,2.6474566648956666,4.310401211017746,0.5955056686564856,1.0058698442183076,-1.21524857803405,-0.4028342835201231,-2.849231913966944,1.6375026274562279,-1.6634486939662847,-1.1212989301258607,2.5235351882121946,-0.4932515191464418,-1.354928722300359,0.39312351096389797,-1.180217024613948,-1.7227431701583313,0.31226920737062097,-1.6839230083734928,1.9140051726834353,-1.187883716124651,3.864792200273675,2.1028360878876264,-1.0633671082745857
-2.852747581122164,-0.01087844485940159,-1.1498150190094163,1.3557131929332311,-3.1331965617928645,-2.249674570218961,1.673974780835777,-0.7004418461176373,-0.14483975126761534,-2.4795829239951717,-2.1702007385457316,-2.3516861508660782,5.0441161125354395,-1.3970166755065456,0.5176722891931839,0.13206555794890396,-0.00899498153654144,0.7727681300238632,2.4780770282220765,1.4908830638235424,-1.4614914827885546,-2.348120725180395,-5.46080913987347,0.3236962053688535,-1.131844417743395,1.87302144401445,0.2736976053031808,4.3790259894148305,-1.0829051896489963,1.294401973712485,0.8443154074427327,-2.8535596668702055,1.7349729339909103,2.2874094318752927,0.42907495218370995,0.41318041146867085,1.3658991345352502,-0.2011104668632618,1.7447611282414122,-1.2232997769906786,1.510232297174877,-4.185550396093702,-1.0633671082745857,1.6851493747778061
