V1,V2,V3,V4,V5,V6,V7,V8,V9,V10,V11,V12,V13,V14,V15,V16,V17,V18,V19,V20,V21,V22,V23,V24,V25,V26,V27,V28,V29,V30,V31,V32,V33,V34,V35,V36,V37,V38,V39,V40,V41,V42,V43,V44
1.4012672380184048,-0.13367288525686863,-0.821229711100253,0.3202457436144181,1.64450557899929,0.615593346585184,-0.33467536754526855,-0.7710565858331486,0.22671933343239728,0.2570737212203205,0.06708292715632509,1.4305475860500114,-1.015174286824065,2.2815058976611238,0.3906232139475581,0.19250755795725624,-0.18650628082533158,0.24968385960535894,-0.4742636259625585,-0.3726912341750618,-0.0228888949378767,1.484594881611163,0.9999805182973426,-0.9723626698794551,0.06908537159019626,-0.47866744992976656,0.5313394614521775,-0.3117468333791214,-0.13562821829787458,0.6633482443605375,0.05215121623260899,0.7386263233335214,-0.5302094696790054,-0.20896490388175537,-0.5694617622530224,0.10793828966542272,-0.1678531625271905,0.37020743580060506,-0.799515462473795,0.12653764147364327,0.2699817073565907,2.066454145387393,-0.1144822353974273,-0.007063487374003604
-0.13367288525686863,0.39444280963579215,0.5318957364350131,-0.20996531792475354,-0.49025344578113916,0.251981192990135,0.03430596923328038,0.5827388944849297,-0.2516103758487713,-0.054621357315549686,0.32704515933767375,-0.1857885321555518,-0.02069475008355878,-1.300551423584601,-0.3197520725018388,0.07086697747349224,0.12189039225213999,-0.5001764500514994,-0.16207324807749104,-0.13712861875688878,0.3922514438656182,-0.8808282312262407,0.23238453237431445,0.4966701971032552,0.0014527603430181842,0.0804194347379443,-0.48215330859807143,-0.4715643078562059,-0.07970919447982251,-0.3832684865255963,0.1476724808084755,-0.270801088751537,0.04751636890292919,-0.638285572443047,0.2131276774773176,-0.23651876254914178,-0.35462601797644433,-0.4305314900648309,-0.03297681064419748,0.021093007765266486,-0.5515609402530015,-0.5577955317758505,0.31397624048933387,-0.20372055199209638
-0.821229711100253,0.5318957364350131,2.3073368362903857,-0.8380807113753567,-1.810672571891514,0.4681288293752065,0.13551099322568141,1.9601063621232506,-0.34222509747211954,0.5390920408809424,1.0656760146898558,-1.3065256944435835,-0.18630901514904952,-3.699204069062854,-1.1087852372270264,-0.4860102669928015,0.34031713774344247,-1.17851723461666,-0.47980336781694205,-0.19004067764407884,1.2069892671408347,-2.312452165383543,0.8525882379969423,1.477341609172897,0.3279613983675939,0.18907864797966908,-1.3335920448786667,-1.516869883395592,0.3809911176511806,-1.4843443886643135,-0.27253643958991647,-0.15439079444043427,0.17667580088233964,-1.271886975246318,0.49935294050717743,-0.22393102183140706,-0.4480439527740037,-0.777952801684051,0.5788597342809054,0.21123520192387424,-1.311096900416127,-2.0418575278357767,0.6488940173834766,-0.7019037850426461
0.3202457436144181,-0.20996531792475354,-0.8380807113753567,0.8583329979648627,0.6072195981762954,-0.18715377532918445,0.2951268412553916,-1.1310633743150273,0.35174609592356093,-0.463331527253257,-0.5256059183596695,0.5361633158398474,0.6142076018043455,2.269817931957954,0.5663623818249888,-0.00260494909618168,-0.3406691009658831,0.8077236219365219,0.4795794819037557,0.29632928709973344,-0.48630609028528515,1.0072978899804705,-0.7670023230618267,-1.0451255201312792,-0.22291011843440994,-0.11384529357900888,0.7602714850672996,1.0127050113982772,-0.6164502519301033,1.1193658896097822,0.11354727017589589,0.14532700334079524,-0.09030934650203618,0.7447552797262215,-0.6015507633898597,0.5580962996923794,0.5546960034984165,0.43551078289400785,-0.06861304380214357,-0.1441671586519905,0.8879739679466382,0.6055974705857614,-0.7033710069366792,0.3676540724573892
1.64450557899929,-0.49025344578113916,-1.810672571891514,0.6072195981762954,2.817384417757095,0.13654937113101137,-0.36705839791800604,-1.9394960539346644,0.49909224611990693,0.09902062410636837,-0.3661473925268184,1.9341134204985462,-0.9783522304829317,4.593408590355018,0.9761838137390219,0.3074422105631901,-0.45337594361360245,1.1520988725166683,0.003330715625597894,-0.03376346852842744,-0.7887076461421123,3.1757427542750305,0.5949888510002856,-1.905749732353108,-0.007214200951412078,-0.914724362918253,1.4081888970287888,0.2517800308474983,-0.2904898661318936,1.34938582180607,0.01152087847463809,1.0971654488900129,-0.8965156663794326,0.7329092546801248,-0.843526530774074,0.448956935521874,0.379862322073262,0.8976503758062987,-0.8584965084461664,0.003254267321061242,0.9698979197684144,3.1604227524602284,-0.6530670854029281,0.2061822831215468
0.615593346585184,0.251981192990135,0.4681288293752065,-0.18715377532918445,0.13654937113101137,0.7814425505587308,-0.2109603638428829,0.5002601940908075,-0.11138689383573955,0.3792333651689777,0.551622724881167,0.4235810366460292,-0.826027909888664,-0.5070537495237654,-0.2888186837951058,-0.02511320515163679,0.09740101327965799,-0.5389598088533194,-0.6785423379734714,-0.48873867967562235,0.6452853031703413,-0.35607078027463446,1.1041279079773805,0.17012443368092675,0.16339595782067295,-0.08925233792213003,-0.4121127839076307,-0.9138768931492823,0.06764792449816974,-0.2959295961585914,-0.00587198832767698,0.29570239410503996,-0.1632171936366268,-0.9578332577609587,-0.08346411931294415,-0.19201224617961338,-0.5356352104851723,-0.2390263588963786,-0.41597386347855686,0.19774291388198814,-0.5215259901858527,0.3777912251173222,0.358183735905248,-0.32920310454065466
-0.33467536754526855,0.03430596923328038,0.13551099322568141,0.2951268412553916,-0.36705839791800604,-0.2109603638428829,0.3638396683114604,-0.1621786242512445,0.02941990528452778,-0.29396298631684337,-0.14807421613468616,-0.30788054115144153,0.6812126533580828,0.12364658452318168,0.05201314715420786,-0.15076302804158978,-0.09829909514989311,0.23745718711010094,0.380052724898827,0.24973816887003367,-0.09108166948941399,-0.1792292282709439,-0.6386136648075968,-0.11384323989888794,-0.11854787942026021,0.10551575579470754,0.09829845710047032,0.4383445819252961,-0.29466778797047194,0.24104284397159048,0.03463847852570815,-0.14364606948291475,0.1197738155127028,0.26861517147632535,-0.14276044637907076,0.32457935690905654,0.32462452220096827,0.036472004059294016,0.3021228512038541,-0.1659977004240294,0.23184673419179838,-0.5775897429460597,-0.3350352381713537,0.0889099132156066
-0.7710565858331486,0.5827388944849297,1.9601063621232506,-1.1310633743150273,-1.9394960539346644,0.5002601940908075,-0.1621786242512445,2.354057509325677,-0.5939373855978928,0.5448067698006198,0.9386281445017325,-1.2359906467640478,-0.39901672266966326,-4.741143420740556,-1.1825134614016344,-0.12353620343628116,0.5881916131132808,-1.6981669629754346,-0.7743149659952234,-0.4640291285012796,1.211170561724157,-2.794843275312338,0.9798870399775522,2.0244109739058898,0.2791627266616466,0.5269800260460566,-1.626156716319736,-1.5063442068914683,0.7376740024187203,-1.8066557690001734,-0.06992767594764708,-0.6064023625457148,0.4557333145385377,-1.5566254528451475,0.8932824265221727,-0.8336771419080645,-0.9666866029141935,-0.9655067366925074,0.3140776191519062,0.2346740810649483,-1.5938569884735694,-1.947888164396877,1.1995472122458588,-0.5541242711181783
0.22671933343239728,-0.2516103758487713,-0.34222509747211954,0.35174609592356093,0.49909224611990693,-0.11138689383573955,0.02941990528452778,-0.5939373855978928,0.4354279934511197,-0.04515788732559728,-0.17701175290004037,0.22050267937049056,0.12489003989453755,1.4690193534239597,0.23531973517793026,-0.07718417351504643,-0.21264377598451206,0.48790705706890247,0.22670314442673692,0.27555015650338044,-0.28306159117306645,0.7400335924081538,-0.1549688196327699,-0.7306782931294153,0.01011156225997973,-0.33020065511025165,0.4849433454134092,0.2789570509660257,-0.25609669068728,0.5821175594233637,-0.07750946802187551,0.24845593700734958,-0.31834943855630593,0.5363091446562012,-0.33351836242713,0.3379110483164048,0.4604452513569297,0.26585214769205384,0.05385910191781766,0.03877241055801482,0.45597682986268734,0.4557645849898776,-0.42174050307887656,0.13608099456732686
0.2570737212203205,-0.054621357315549686,0.5390920408809424,-0.463331527253257,0.09902062410636837,0.3792333651689777,-0.29396298631684337,0.5448067698006198,-0.04515788732559728,0.6415469097602812,0.4534183368452713,0.0573900590657031,-0.8869067897771542,-0.5718767089535755,-0.28346851851344435,-0.16191243314783652,0.13773090870496615,-0.37792322232579584,-0.5691471733419282,-0.32806299538865763,0.4363438561495079,-0.017337364994935506,1.0308258636992285,0.320539446118207,0.27730982640322127,-0.10623626180788567,-0.3069084083149139,-0.8632749603923384,0.5103000757701093,-0.5787675941580462,-0.28421338217634967,0.45786489233688604,-0.10214365535426655,-0.5035858615365185,0.06679445211942794,-0.15365435785975823,-0.30348622903701344,0.014130643056012126,-0.11333227759739509,0.22586427332299577,-0.4003548709342989,0.31882288427329447,0.36251683080858355,-0.30843258470775586
0.06708292715632509,0.32704515933767375,1.0656760146898558,-0.5256059183596695,-0.3661473925268184,0.551622724881167,-0.14807421613468616,0.9386281445017325,-0.17701175290004037,0.4534183368452713,0.7702934317643373,-0.19389451057883678,-0.6887895876620532,-1.4962526446977924,-0.5433927763426296,-0.13915897150519754,0.1593611465783642,-0.6747563371524335,-0.5078341102421179,-0.3031711493978365,0.7243570039842437,-0.8233733423483225,1.0445275020360336,0.5806003525725595,0.241098267342449,-0.1450211081751176,-0.6574770601117733,-1.2285676814893618,0.21313056928507865,-0.7630609443830851,-0.11874642919986937,0.17487172813374002,-0.18113794938652555,-0.9520114598878181,0.19432292800253068,-0.22356323030300831,-0.44718198389624625,-0.4223604708565523,-0.033536589379733375,0.20288970646843718,-0.8314862489721812,-0.36445113267777024,0.4389861097921767,-0.5062614406680719
1.4305475860500114,-0.1857885321555518,-1.3065256944435835,0.5361633158398474,1.9341134204985462,0.4235810366460292,-0.30788054115144153,-1.2359906467640478,0.22050267937049056,0.0573900590657031,-0.19389451057883678,1.7288280493078623,-0.8776313228976371,3.0243391775943493,0.688747281626428,0.3256507958039705,-0.28665268285240236,0.5545956539387525,-0.2728160029534358,-0.2964552539988639,-0.28909568745752234,2.0218323492366035,0.6638785241191645,-1.2252247604473316,-0.04781286328427903,-0.4633280526959327,0.8222405028470586,0.15221748110690786,-0.25096822485289694,0.9783836698654372,0.1107316308280762,0.7586359850271351,-0.4535183680924078,0.09857211779743136,-0.6756571238614097,0.16466716132174292,-0.09265231889282599,0.5616977501762863,-0.9165963633214242,0.09653176531129354,0.5836408398055595,2.442460180260807,-0.22823245007908813,0.1483980431135537
-1.015174286824065,-0.02069475008355878,-0.18630901514904952,0.6142076018043455,-0.9783522304829317,-0.826027909888664,0.6812126533580828,-0.39901672266966326,0.12489003989453755,-0.8869067897771542,-0.6887895876620532,-0.8776313228976371,1.858008746301103,-0.024069790707763137,0.1868690732791091,-0.06576529444214499,-0.13297184092434997,0.48594647591638945,1.0428902920161653,0.7392909828148707,-0.5473860049532601,-0.5926751933614769,-1.9289035788763873,-0.13184201767373072,-0.37033157401063493,0.380058553848336,0.2668983189006016,1.4354970959620874,-0.5918983988587475,0.6055619395486065,0.2334213858445591,-0.8348159531473796,0.3889101254378727,0.9582491324042705,-0.033630292619313405,0.4074026173797776,0.7411891730946645,0.002451682711210255,0.7299637238098958,-0.3916185186975468,0.6049299192381048,-1.4743534336562238,-0.6130698846138212,0.4817656505853179
2.2815058976611238,-1.300551423584601,-3.699204069062854,2.269817931957954,4.593408590355018,-0.5070537495237654,0.12364658452318168,-4.741143420740556,1.4690193534239597,-0.5718767089535755,-1.4962526446977924,3.0243391775943493,-0.024069790707763137,10.41733760766392,2.327657951406116,0.07808511581802727,-1.2758968638498158,3.3894595345548515,1.1181731944622897,0.7390349815998003,-2.113646069437762,6.251670966693179,-0.9170079802100137,-4.486826560422359,-0.32094869569264434,-1.4815597461301584,3.3781816913690648,2.3205449749036213,-1.372292154719424,3.7048288364078643,-0.09549325720608494,1.9321044167309342,-1.343183249187524,2.8452943810825384,-2.1707113943048966,1.866898198841604,1.9273157575555022,2.1526529814533615,-0.8625867212984375,-0.23788512641930232,3.146828525282559,4.851869147501078,-2.425281878263182,0.8921656416245859
0.3906232139475581,-0.3197520725018388,-1.1087852372270264,0.5663623818249888,0.9761838137390219,-0.2888186837951058,0.05201314715420786,-1.1825134614016344,0.23531973517793026,-0.28346851851344435,-0.5433927763426296,0.688747281626428,0.1868690732791091,2.327657951406116,0.6521518832029662,0.12664929989605647,-0.27266464695582754,0.8200443348685459,0.3730324889236114,0.17997793145726113,-0.6393050604333765,1.4350408807520127,-0.5343370770583356,-0.9398232985512288,-0.1716339892988398,-0.15488695254169269,0.8185450588115135,0.8796674214012223,-0.282154162357531,0.8915228006763448,0.05368700341613535,0.26217347072185776,-0.10789769734964243,0.8007469932431824,-0.4220950919872566,0.34416515371480905,0.4026029121322932,0.5353669149193029,-0.2109138926849737,-0.11944286069179998,0.8383534231133684,1.0711575808153757,-0.5244820379199846,0.3387918430014555
0.19250755795725624,0.07086697747349224,-0.4860102669928015,-0.00260494909618168,0.3074422105631901,-0.02511320515163679,-0.15076302804158978,-0.12353620343628116,-0.07718417351504643,-0.16191243314783652,-0.13915897150519754,0.3256507958039705,-0.06576529444214499,0.07808511581802727,0.12664929989605647,0.3390542047411796,0.03216156660975132,-0.10550321786757144,-0.006905592665661476,-0.05217164188053943,-0.15742180175586334,0.12586631538774032,-0.019549967480952446,-0.015553211064499986,-0.09446664638947531,0.006997621371011842,0.06484207543964587,0.11481931434583756,-0.02152497213845123,0.11686332465499538,0.222177025408516,-0.23736337249454348,-0.01826106062691447,-0.03504326881236704,0.10386448126430717,-0.2783999996983739,-0.2087943458855885,-0.06324780053263687,-0.2558662834920403,-0.018194472104164024,-0.045515194016790654,0.40800479509791726,0.18124060753096327,0.1312510643854632
-0.18650628082533158,0.12189039225213999,0.34031713774344247,-0.3406691009658831,-0.45337594361360245,0.09740101327965799,-0.09829909514989311,0.5881916131132808,-0.21264377598451206,0.13773090870496615,0.1593611465783642,-0.28665268285240236,-0.13297184092434997,-1.2758968638498158,-0.27266464695582754,0.03216156660975132,0.20406679242055337,-0.46179078741536267,-0.23332185575448108,-0.16232352874037972,0.24882339818927904,-0.6852727689635634,0.21492735660944381,0.5813739430994189,0.05026745827355429,0.21391114079994014,-0.4162740443187447,-0.3071280188689986,0.27991307036714014,-0.49384440153223436,0.010078637117726568,-0.22113831613300175,0.1805848724687231,-0.38702041869216136,0.29119193879731453,-0.3100386373398718,-0.31231647481211694,-0.22410160918407018,0.026818504019073205,0.030011022625576596,-0.3931477330305491,-0.41916399839144614,0.3734760407325113,-0.09103274514409634
0.24968385960535894,-0.5001764500514994,-1.17851723461666,0.8077236219365219,1.1520988725166683,-0.5389598088533194,0.23745718711010094,-1.6981669629754346,0.48790705706890247,-0.37792322232579584,-0.6747563371524335,0.5545956539387525,0.48594647591638945,3.3894595345548515,0.8200443348685459,-0.10550321786757144,-0.46179078741536267,1.405093470990256,0.7343082947223382,0.4884553265805151,-0.9207198265650374,1.983728175365824,-0.9303981538778044,-1.4473515868960156,-0.1737488034225028,-0.39248975863115876,1.1960397826428488,1.1618013381767682,-0.5295199346089826,1.239592917154884,-0.09038688450543676,0.5026927509667214,-0.30280990935862606,1.3485033910788333,-0.6381704080425937,0.7850102360342271,0.9340893465161492,0.7484585015997637,0.038698129159345444,-0.18797679671246068,1.2456275569127147,1.013925304711314,-1.0378746437663944,0.35752857390625714
-0.4742636259625585,-0.16207324807749104,-0.47980336781694205,0.4795794819037557,0.003330715625597894,-0.6785423379734714,0.380052724898827,-0.7743149659952234,0.22670314442673692,-0.5691471733419282,-0.5078341102421179,-0.2728160029534358,1.0428902920161653,1.1181731944622897,0.3730324889236114,-0.006905592665661476,-0.23332185575448108,0.7343082947223382,0.8636592045863856,0.6105809971883283,-0.6451676657243144,0.47056543415062013,-1.2463743326140897,-0.5561899449256543,-0.23569367990724832,-0.06407297323077092,0.563919160706514,0.9932903041252424,-0.4538551537670184,0.6611730843590977,0.09246571433185218,-0.2624945033964799,-0.022303708409074204,0.9803258556097943,-0.1636591208584018,0.4267327676027907,0.7072124737051279,0.225253389148687,0.41482974930698363,-0.2586414471641955,0.6459052547402636,-0.3541713609882909,-0.6425257183437603,0.31461975195202996
-0.3726912341750618,-0.13712861875688878,-0.19004067764407884,0.29632928709973344,-0.03376346852842744,-0.48873867967562235,0.24973816887003367,-0.4640291285012796,0.27555015650338044,-0.32806299538865763,-0.3031711493978365,-0.2964552539988639,0.7392909828148707,0.7390349815998003,0.17997793145726113,-0.05217164188053943,-0.16232352874037972,0.4884553265805151,0.6105809971883283,0.533495704021708,-0.41511599947215067,0.30246616087625217,-0.7970010403302299,-0.41955608548907264,-0.11032320026384529,-0.1551077271112894,0.3883120389922103,0.5789056009791268,-0.3071753455269306,0.44784039828051775,0.007865539089338233,-0.1595688454658915,-0.12474327723798496,0.7211767073623059,-0.1271316030608412,0.33041068047090155,0.5950191004704094,0.1519385765915732,0.3894160113137681,-0.13098568033174904,0.40904860055878434,-0.31937499787487245,-0.4525725217065119,0.19890590145389672
-0.0228888949378767,0.3922514438656182,1.2069892671408347,-0.48630609028528515,-0.7887076461421123,0.6452853031703413,-0.09108166948941399,1.211170561724157,-0.28306159117306645,0.4363438561495079,0.7243570039842437,-0.28909568745752234,-0.5473860049532601,-2.113646069437762,-0.6393050604333765,-0.15742180175586334,0.24882339818927904,-0.9207198265650374,-0.6451676657243144,-0.41511599947215067,0.9166209610359874,-1.297936854766295,0.9775144813608375,0.8705628609984681,0.2083518322031594,0.15331055221695847,-0.873010151770872,-1.0948796586743939,0.27827636381226323,-0.8579287232064438,-0.08984819077618594,0.01684713914940201,0.11288189375726188,-1.152870215100805,0.21287307265348004,-0.31076512189966565,-0.6123443254638836,-0.47184052481092786,-0.038703342860636356,0.2174401737733173,-0.8861649477827366,-0.6590657361925092,0.6107418474074172,-0.4404790549686839
1.484594881611163,-0.8808282312262407,-2.312452165383543,1.0072978899804705,3.1757427542750305,-0.35607078027463446,-0.1792292282709439,-2.794843275312338,0.7400335924081538,-0.017337364994935506,-0.8233733423483225,2.0218323492366035,-0.5926751933614769,6.251670966693179,1.4350408807520127,0.12586631538774032,-0.6852727689635634,1.983728175365824,0.47056543415062013,0.30246616087625217,-1.297936854766295,4.298765426620382,-0.08890551472832962,-2.5226786731521216,-0.08322817268096201,-0.9734855534022143,2.0559102103991047,1.0921451891487517,-0.3725518840780838,1.8950034026336242,-0.20433032256203326,1.4436345512747493,-0.8302925426659842,1.6633540002941964,-1.1844127866946919,0.9495997335629165,0.9833389894000402,1.4810808584364883,-0.6538851379321522,-0.0709551076494821,1.7743369676864227,3.5139095162696656,-1.1963985981703265,0.4425847639359978
0.9999805182973426,0.23238453237431445,0.8525882379969423,-0.7670023230618267,0.5949888510002856,1.1041279079773805,-0.6386136648075968,0.9798870399775522,-0.1549688196327699,1.0308258636992285,1.0445275020360336,0.6638785241191645,-1.9289035788763873,-0.9170079802100137,-0.5343370770583356,-0.019549967480952446,0.21492735660944381,-0.9303981538778044,-1.2463743326140897,-0.7970010403302299,0.9775144813608375,-0.08890551472832962,2.3354634853241145,0.4395280914307422,0.4656440142469467,-0.4106859901723532,-0.6387686877671742,-1.9781479866366536,0.6015018072726529,-0.899406107613329,-0.23444938075607508,0.7805045115613708,-0.4576206019756912,-1.4543322689962908,0.06822081875059814,-0.4576707862028084,-0.891257707647546,-0.25346116599619495,-0.6367011900852377,0.4597462032437791,-1.0382931345797048,1.0608688816640393,0.814059707550388,-0.6673931082987387
-0.9723626698794551,0.4966701971032552,1.477341609172897,-1.0451255201312792,-1.905749732353108,0.17012443368092675,-0.11384323989888794,2.0244109739058898,-0.7306782931294153,0.320539446118207,0.5806003525725595,-1.2252247604473316,-0.13184201767373072,-4.486826560422359,-0.9398232985512288,-0.015553211064499986,0.5813739430994189,-1.4473515868960156,-0.5561899449256543,-0.41955608548907264,0.8705628609984681,-2.5226786731521216,0.4395280914307422,2.0375834639458215,0.1442311928460685,0.7341309144955014,-1.4411177019397952,-0.9362522799732129,0.7674617380710927,-1.6926106345869,-0.006481163188770113,-0.7536708424220518,0.7083225380345436,-1.199429857972146,0.977568307855654,-0.8591155912958014,-0.9164068356728776,-0.8203120061387695,0.3038362152576954,0.10939029613929814,-1.3091977733341105,-1.9087664574198269,1.1303567965675718,-0.3632729890744841
0.06908537159019626,0.0014527603430181842,0.3279613983675939,-0.22291011843440994,-0.007214200951412078,0.16339595782067295,-0.11854787942026021,0.2791627266616466,0.01011156225997973,0.27730982640322127,0.241098267342449,-0.04781286328427903,-0.37033157401063493,-0.32094869569264434,-0.1716339892988398,-0.09446664638947531,0.05026745827355429,-0.1737488034225028,-0.23569367990724832,-0.11032320026384529,0.2083518322031594,-0.08322817268096201,0.4656440142469467,0.1442311928460685,0.1416115475389416,-0.10204239969709288,-0.16046078481445644,-0.4554150285116426,0.18095651001421448,-0.27890289689246844,-0.1303824973006128,0.19409673488595505,-0.09736985491923521,-0.23036732989689637,0.05273520371889118,-0.052705590219015955,-0.10174939236288993,-0.051392749354465625,-0.00847946741132152,0.11389453057163175,-0.22511145472045146,0.0357346299632471,0.14418294691804193,-0.16897307622949165
-0.47866744992976656,0.0804194347379443,0.18907864797966908,-0.11384529357900888,-0.914724362918253,-0.08925233792213003,0.10551575579470754,0.5269800260460566,-0.33020065511025165,-0.10623626180788567,-0.1450211081751176,-0.4633280526959327,0.380058553848336,-1.4815597461301584,-0.15488695254169269,0.006997621371011842,0.21391114079994014,-0.39248975863115876,-0.06407297323077092,-0.1551077271112894,0.15331055221695847,-0.9734855534022143,-0.4106859901723532,0.7341309144955014,-0.10204239969709288,0.6412551407002588,-0.4236764551200607,0.34646697460567255,0.24422562162267167,-0.38068618357797374,0.06931985680465305,-0.47420566980098366,0.6271071427715637,-0.1890793118380606,0.2844822247686325,-0.26313468436848475,-0.28928949301232976,-0.15017196803835425,0.1275765374365521,-0.08241278988976958,-0.12742172140604954,-0.8399797783895955,0.3058328076404229,0.1216401371217414
0.5313394614521775,-0.48215330859807143,-1.3335920448786667,0.7602714850672996,1.4081888970287888,-0.4121127839076307,0.09829845710047032,-1.626156716319736,0.4849433454134092,-0.3069084083149139,-0.6574770601117733,0.8222405028470586,0.2668983189006016,3.3781816913690648,0.8185450588115135,0.06484207543964587,-0.4162740443187447,1.1960397826428488,0.563919160706514,0.3883120389922103,-0.873010151770872,2.0559102103991047,-0.6387686877671742,-1.4411177019397952,-0.16046078481445644,-0.4236764551200607,1.1855883194385182,1.0222947621893244,-0.4336779678472192,1.2533171036200492,-0.004271061546663284,0.4726170674296402,-0.36555923831764975,1.1845212463079295,-0.6436763269846734,0.6164255179385492,0.7559714615220803,0.747430928546494,-0.14415634013718703,-0.15103845724516785,1.1349010935087638,1.421033470226525,-0.8456025161093808,0.4029504996710321
-0.3117468333791214,-0.4715643078562059,-1.516869883395592,1.0127050113982772,0.2517800308474983,-0.9138768931492823,0.4383445819252961,-1.5063442068914683,0.2789570509660257,-0.8632749603923384,-1.2285676814893618,0.15221748110690786,1.4354970959620874,2.3205449749036213,0.8796674214012223,0.11481931434583756,-0.3071280188689986,1.1618013381767682,0.9932903041252424,0.5789056009791268,-1.0948796586743939,1.0921451891487517,-1.9781479866366536,-0.9362522799732129,-0.4554150285116426,0.34646697460567255,1.0222947621893244,2.1819681189324553,-0.506800404724265,1.313533962226303,0.18330627148169903,-0.3456546303351642,0.4154252803087239,1.5711680978383165,-0.40929600437406544,0.5160445032907122,0.8199218202305999,0.6690846657631446,0.20086624728937325,-0.36235119079575084,1.4276803356048264,0.1831749810726185,-0.847956850526085,0.8154841683868501
-0.13562821829787458,-0.07970919447982251,0.3809911176511806,-0.6164502519301033,-0.2904898661318936,0.06764792449816974,-0.29466778797047194,0.7376740024187203,-0.25609669068728,0.5103000757701093,0.21313056928507865,-0.25096822485289694,-0.5918983988587475,-1.372292154719424,-0.282154162357531,-0.02152497213845123,0.27991307036714014,-0.5295199346089826,-0.4538551537670184,-0.3071753455269306,0.27827636381226323,-0.3725518840780838,0.6015018072726529,0.7674617380710927,0.18095651001421448,0.24422562162267167,-0.4336779678472192,-0.506800404724265,0.7533002675732636,-0.8068172403607505,-0.20354488919792804,0.05527889300711544,0.2550407287825971,-0.36553145081771693,0.3639593890581546,-0.40445641022332357,-0.4146496387882897,-0.01760350969449742,0.00377737213985952,0.12406107116509178,-0.42093304175853324,-0.06555896550384484,0.5676774025359919,-0.14116855335327266
0.6633482443605375,-0.3832684865255963,-1.4843443886643135,1.1193658896097822,1.34938582180607,-0.2959295961585914,0.24104284397159048,-1.8066557690001734,0.5821175594233637,-0.5787675941580462,-0.7630609443830851,0.9783836698654372,0.6055619395486065,3.7048288364078643,0.8915228006763448,0.11686332465499538,-0.49384440153223436,1.239592917154884,0.6611730843590977,0.44784039828051775,-0.8579287232064438,1.8950034026336242,-0.899406107613329,-1.6926106345869,-0.27890289689246844,-0.38068618357797374,1.2533171036200492,1.313533962226303,-0.8068172403607505,1.6554832386303993,0.16544679390325842,0.30167049357628856,-0.3639955841785787,1.1672676281798444,-0.8356382996996045,0.7125155419506259,0.8094918997245626,0.6853964438061686,-0.2153734266524055,-0.18666200101674954,1.2776700510081105,1.3556251951910923,-0.9937277363649945,0.5263442422088209
0.05215121623260899,0.1476724808084755,-0.27253643958991647,0.11354727017589589,0.01152087847463809,-0.00587198832767698,0.03463847852570815,-0.06992767594764708,-0.07750946802187551,-0.28421338217634967,-0.11874642919986937,0.1107316308280762,0.2334213858445591,-0.09549325720608494,0.05368700341613535,0.222177025408516,0.010078637117726568,-0.09038688450543676,0.09246571433185218,0.007865539089338233,-0.08984819077618594,-0.20433032256203326,-0.23444938075607508,-0.006481163188770113,-0.1303824973006128,0.06931985680465305,-0.004271061546663284,0.18330627148169903,-0.20354488919792804,0.16544679390325842,0.25407011113341743,-0.33152984566581145,0.020972777270955,-0.06627762389111407,0.05783946783082738,-0.13676982802007676,-0.10693859168254695,-0.15559139014554252,-0.1152146442071194,-0.09487012061983431,-0.040795672941936936,-0.028484518406957617,0.03762819004232854,0.11373916334525085
0.7386263233335214,-0.270801088751537,-0.15439079444043427,0.14532700334079524,1.0971654488900129,0.29570239410503996,-0.14364606948291475,-0.6064023625457148,0.24845593700734958,0.45786489233688604,0.17487172813374002,0.7586359850271351,-0.8348159531473796,1.9321044167309342,0.26217347072185776,-0.23736337249454348,-0.22113831613300175,0.5026927509667214,-0.2624945033964799,-0.1595688454658915,0.01684713914940201,1.4436345512747493,0.7805045115613708,-0.7536708424220518,0.19409673488595505,-0.47420566980098366,0.4726170674296402,-0.3456546303351642,0.05527889300711544,0.30167049357628856,-0.33152984566581145,1.017870214253074,-0.3999185017276912,0.10154043857519197,-0.5168888841016599,0.42816415022216453,0.18438342055237875,0.5051813956921025,-0.29050147885633126,0.16040267855860812,0.3419197657568621,1.3330077421362845,-0.30042138252998957,-0.18306308237375488
-0.5302094696790054,0.04751636890292919,0.17667580088233964,-0.09030934650203618,-0.8965156663794326,-0.1632171936366268,0.1197738155127028,0.4557333145385377,-0.31834943855630593,-0.10214365535426655,-0.18113794938652555,-0.4535183680924078,0.3889101254378727,-1.343183249187524,-0.10789769734964243,-0.01826106062691447,0.1805848724687231,-0.30280990935862606,-0.022303708409074204,-0.12474327723798496,0.11288189375726188,-0.8302925426659842,-0.4576206019756912,0.7083225380345436,-0.09736985491923521,0.6271071427715637,-0.36555923831764975,0.4154252803087239,0.2550407287825971,-0.3639955841785787,0.020972777270955,-0.3999185017276912,0.6560250814579499,-0.09059301346503938,0.26248159366663587,-0.2101500562625749,-0.23806420856136498,-0.08121347874609763,0.1495299127541726,-0.05891438670867564,-0.05627501094472095,-0.7988628514419801,0.27758434529635695,0.12929314064894115
-0.20896490388175537,-0.638285572443047,-1.271886975246318,0.7447552797262215,0.7329092546801248,-0.9578332577609587,0.26861517147632535,-1.5566254528451475,0.5363091446562012,-0.5035858615365185,-0.9520114598878181,0.09857211779743136,0.9582491324042705,2.8452943810825384,0.8007469932431824,-0.03504326881236704,-0.38702041869216136,1.3485033910788333,0.9803258556097943,0.7211767073623059,-1.152870215100805,1.6633540002941964,-1.4543322689962908,-1.199429857972146,-0.23036732989689637,-0.1890793118380606,1.1845212463079295,1.5711680978383165,-0.36553145081771693,1.1672676281798444,-0.06627762389111407,0.10154043857519197,-0.09059301346503938,1.7416361493788637,-0.4146325466829111,0.6614157340777989,1.0781006101403106,0.7527387721606736,0.33477898966415565,-0.24219168289740856,1.3293119449493365,0.5243015289679377,-0.9733556637835021,0.5848885925249017
-0.5694617622530224,0.2131276774773176,0.49935294050717743,-0.6015507633898597,-0.843526530774074,-0.08346411931294415,-0.14276044637907076,0.8932824265221727,-0.33351836242713,0.06679445211942794,0.19432292800253068,-0.6756571238614097,-0.033630292619313405,-2.1707113943048966,-0.4220950919872566,0.10386448126430717,0.29119193879731453,-0.6381704080425937,-0.1636591208584018,-0.1271316030608412,0.21287307265348004,-1.1844127866946919,0.06822081875059814,0.977568307855654,0.05273520371889118,0.2844822247686325,-0.6436763269846734,-0.40929600437406544,0.3639593890581546,-0.8356382996996045,0.05783946783082738,-0.5168888841016599,0.26248159366663587,-0.4146325466829111,0.6506239267510763,-0.5402538259339176,-0.4132882202671218,-0.4834703479488795,0.1561877832934891,0.03230845404967168,-0.6471692212248833,-0.9529581101533707,0.5471201088920248,-0.13699005210880583
0.10793828966542272,-0.23651876254914178,-0.22393102183140706,0.5580962996923794,0.448956935521874,-0.19201224617961338,0.32457935690905654,-0.8336771419080645,0.3379110483164048,-0.15365435785975823,-0.22356323030300831,0.16466716132174292,0.4074026173797776,1.866898198841604,0.34416515371480905,-0.2783999996983739,-0.3100386373398718,0.7850102360342271,0.4267327676027907,0.33041068047090155,-0.31076512189966565,0.9495997335629165,-0.4576707862028084,-0.8591155912958014,-0.052705590219015955,-0.26313468436848475,0.6164255179385492,0.5160445032907122,-0.40445641022332357,0.7125155419506259,-0.13676982802007676,0.42816415022216453,-0.2101500562625749,0.6614157340777989,-0.5402538259339176,0.7034042447461998,0.6712476090878208,0.4375534006165127,0.19290078483420792,-0.11829204791608147,0.6796236888040297,0.3022872547475915,-0.7275988539061329,0.10540420367200752
-0.1678531625271905,-0.35462601797644433,-0.4480439527740037,0.5546960034984165,0.379862322073262,-0.5356352104851723,0.32462452220096827,-0.9666866029141935,0.4604452513569297,-0.30348622903701344,-0.44718198389624625,-0.09265231889282599,0.7411891730946645,1.9273157575555022,0.4026029121322932,-0.2087943458855885,-0.31231647481211694,0.9340893465161492,0.7072124737051279,0.5950191004704094,-0.6123443254638836,0.9833389894000402,-0.891257707647546,-0.9164068356728776,-0.10174939236288993,-0.28928949301232976,0.7559714615220803,0.8199218202305999,-0.4146496387882897,0.8094918997245626,-0.10693859168254695,0.18438342055237875,-0.23806420856136498,1.0781006101403106,-0.4132882202671218,0.6712476090878208,0.9011072672125634,0.4517951288506007,0.38979868147387825,-0.17218220390365077,0.8198647448978175,0.08826651763952706,-0.8203859473678824,0.25920400509263486
0.37020743580060506,-0.4305314900648309,-0.777952801684051,0.43551078289400785,0.8976503758062987,-0.2390263588963786,0.036472004059294016,-0.9655067366925074,0.26585214769205384,0.014130643056012126,-0.4223604708565523,0.5616977501762863,0.002451682711210255,2.1526529814533615,0.5353669149193029,-0.06324780053263687,-0.22410160918407018,0.7484585015997637,0.225253389148687,0.1519385765915732,-0.47184052481092786,1.4810808584364883,-0.25346116599619495,-0.8203120061387695,-0.051392749354465625,-0.15017196803835425,0.747430928546494,0.6690846657631446,-0.01760350969449742,0.6853964438061686,-0.15559139014554252,0.5051813956921025,-0.08121347874609763,0.7527387721606736,-0.4834703479488795,0.4375534006165127,0.4517951288506007,0.6864573353825557,-0.08476711280119965,-0.061176775871867525,0.8024491164400289,1.0702803587059238,-0.47096512134380397,0.25711924799059593
-0.799515462473795,-0.03297681064419748,0.5788597342809054,-0.06861304380214357,-0.8584965084461664,-0.41597386347855686,0.3021228512038541,0.3140776191519062,0.05385910191781766,-0.11333227759739509,-0.033536589379733375,-0.9165963633214242,0.7299637238098958,-0.8625867212984375,-0.2109138926849737,-0.2558662834920403,0.026818504019073205,0.038698129159345444,0.41482974930698363,0.3894160113137681,-0.038703342860636356,-0.6538851379321522,-0.6367011900852377,0.3038362152576954,-0.00847946741132152,0.1275765374365521,-0.14415634013718703,0.20086624728937325,0.00377737213985952,-0.2153734266524055,-0.1152146442071194,-0.29050147885633126,0.1495299127541726,0.33477898966415565,0.1561877832934891,0.19290078483420792,0.38979868147387825,-0.08476711280119965,0.6456189472732292,-0.11181711258709885,-0.006951277418580005,-1.205096411485442,-0.1757603177496155,0.010261376408800309
0.12653764147364327,0.021093007765266486,0.21123520192387424,-0.1441671586519905,0.003254267321061242,0.19774291388198814,-0.1659977004240294,0.2346740810649483,0.03877241055801482,0.22586427332299577,0.20288970646843718,0.09653176531129354,-0.3916185186975468,-0.23788512641930232,-0.11944286069179998,-0.018194472104164024,0.030011022625576596,-0.18797679671246068,-0.2586414471641955,-0.13098568033174904,0.2174401737733173,-0.0709551076494821,0.4597462032437791,0.10939029613929814,0.11389453057163175,-0.08241278988976958,-0.15103845724516785,-0.36235119079575084,0.12406107116509178,-0.18666200101674954,-0.09487012061983431,0.16040267855860812,-0.05891438670867564,-0.24219168289740856,0.03230845404967168,-0.11829204791608147,-0.17218220390365077,-0.061176775871867525,-0.11181711258709885,0.1901530614392261,-0.1900668951228693,0.14454144249642237,0.2039035948668734,-0.12197701825216775
0.2699817073565907,-0.5515609402530015,-1.311096900416127,0.8879739679466382,0.9698979197684144,-0.5215259901858527,0.23184673419179838,-1.5938569884735694,0.45597682986268734,-0.4003548709342989,-0.8314862489721812,0.5836408398055595,0.6049299192381048,3.146828525282559,0.8383534231133684,-0.045515194016790654,-0.3931477330305491,1.2456275569127147,0.6459052547402636,0.40904860055878434,-0.8861649477827366,1.7743369676864227,-1.0382931345797048,-1.3091977733341105,-0.22511145472045146,-0.12742172140604954,1.1349010935087638,1.4276803356048264,-0.42093304175853324,1.2776700510081105,-0.040795672941936936,0.3419197657568621,-0.05627501094472095,1.3293119449493365,-0.6471692212248833,0.6796236888040297,0.8198647448978175,0.8024491164400289,-0.006951277418580005,-0.1900668951228693,1.3204758212125354,0.9971576180405475,-0.9066305725324281,0.5202482137375721
2.066454145387393,-0.5577955317758505,-2.0418575278357767,0.6055974705857614,3.1604227524602284,0.3777912251173222,-0.5775897429460597,-1.947888164396877,0.4557645849898776,0.31882288427329447,-0.36445113267777024,2.442460180260807,-1.4743534336562238,4.851869147501078,1.0711575808153757,0.40800479509791726,-0.41916399839144614,1.013925304711314,-0.3541713609882909,-0.31937499787487245,-0.6590657361925092,3.5139095162696656,1.0608688816640393,-1.9087664574198269,0.0357346299632471,-0.8399797783895955,1.421033470226525,0.1831749810726185,-0.06555896550384484,1.3556251951910923,-0.028484518406957617,1.3330077421362845,-0.7988628514419801,0.5243015289679377,-0.9529581101533707,0.3022872547475915,0.08826651763952706,1.0702803587059238,-1.205096411485442,0.14454144249642237,0.9971576180405475,3.882667404780777,-0.40664439978893063,0.24023093491582345
-0.1144822353974273,0.31397624048933387,0.6488940173834766,-0.7033710069366792,-0.6530670854029281,0.358183735905248,-0.3350352381713537,1.1995472122458588,-0.42174050307887656,0.36251683080858355,0.4389861097921767,-0.22823245007908813,-0.6130698846138212,-2.425281878263182,-0.5244820379199846,0.18124060753096327,0.3734760407325113,-1.0378746437663944,-0.6425257183437603,-0.4525725217065119,0.6107418474074172,-1.1963985981703265,0.814059707550388,1.1303567965675718,0.14418294691804193,0.3058328076404229,-0.8456025161093808,-0.847956850526085,0.5676774025359919,-0.9937277363649945,0.03762819004232854,-0.30042138252998957,0.27758434529635695,-0.9733556637835021,0.5471201088920248,-0.7275988539061329,-0.8203859473678824,-0.47096512134380397,-0.1757603177496155,0.2039035948668734,-0.9066305725324281,-0.40664439978893063,0.9189387161521629,-0.2409682829234631
-0.007063487374003604,-0.20372055199209638,-0.7019037850426461,0.3676540724573892,0.2061822831215468,-0.32920310454065466,0.0889099132156066,-0.5541242711181783,0.13608099456732686,-0.30843258470775586,-0.5062614406680719,0.1483980431135537,0.4817656505853179,0.8921656416245859,0.3387918430014555,0.1312510643854632,-0.09103274514409634,0.35752857390625714,0.31461975195202996,0.19890590145389672,-0.4404790549686839,0.4425847639359978,-0.6673931082987387,-0.3632729890744841,-0.16897307622949165,0.1216401371217414,0.4029504996710321,0.8154841683868501,-0.14116855335327266,0.5263442422088209,0.11373916334525085,-0.18306308237375488,0.12929314064894115,0.5848885925249017,-0.13699005210880583,0.10540420367200752,0.25920400509263486,0.25711924799059593,0.010261376408800309,-0.12197701825216775,0.5202482137375721,0.24023093491582345,-0.2409682829234631,0.36673407167923716
