V1,V2,V3,V4,V5,V6,V7,V8,V9,V10,V11,V12,V13,V14,V15,V16,V17,V18,V19,V20,V21,V22,V23,V24,V25,V26,V27,V28,V29,V30,V31,V32,V33,V34,V35,V36,V37,V38,V39,V40,V41,V42,V43,V44
109.68061450692308,-80.54406307538716,250.93981777071568,118.24399119910302,-37.03049319933579,-58.63507416991337,10.204665863206703,14.645363521510161,65.8745000559678,-98.04169406412565,204.74524515944864,-104.41708667818112,-387.5734661069021,261.9753386244173,110.588612424122,132.80156907810104,94.74681009837137,141.31973157431588,31.000954602927994,129.75905814434603,40.52766918830487,155.81455947844364,87.78415417033625,156.49278326216424,107.26615766847826,33.54832067148277,9.638144181086817,23.667647709381615,5.277970447117498,189.85213305578924,-45.130795247492394,-19.73523629692802,66.03719100787188,85.52522163323127,192.27703472996828,192.26575162741747,108.15138369786581,-12.502517485822427,-255.71799952863606,-125.21327382688048,362.7283286743661,111.89448686133275,-407.54245322554334,243.71396577170094
-80.54406307538716,60.36655988234526,-187.76989311777265,-87.94509038835962,28.008571640300953,44.528365815689654,-7.871773488105592,-10.932764738661945,-49.53439405094478,72.8192296532277,-152.95240766698012,79.16391928418962,288.6066827315733,-195.41711654510596,-82.17309421732763,-98.6151378570318,-70.47922555483878,-106.02607890872588,-24.0259861947277,-97.7294413987446,-29.749518648320517,-116.54866935214686,-64.57371149792836,-116.9222503738584,-80.2485141629525,-24.606821691573508,-7.363146182368717,-17.664709221304513,-4.051768384222117,-141.40940854516435,34.487107648559174,14.491423317565413,-48.7085889025243,-64.78824972708995,-143.241322360247,-143.88407405314868,-81.47908737530369,8.977892809758002,189.6657147055944,93.62021853181724,-270.51473591273896,-82.32303169413487,304.4394700612547,-181.32788402038753
250.93981777071568,-187.76989311777265,584.2206755962867,273.54661856068907,-87.05554449964438,-138.3866854039777,24.476825763311265,33.96068002760984,153.9626403540066,-226.6456910155261,475.6487100757345,-245.99208672981166,-897.8034591203159,607.9688863999148,255.79274999289484,306.6739445945295,219.30459159745382,329.7545902132094,74.43840256798222,303.68376990174283,92.75026305229987,362.4949570916659,201.361402352624,363.3871232140631,249.554238031944,76.55211527103776,22.940937222328323,54.788119378609174,12.605613019953248,439.7831279781801,-106.88802086076542,-45.01059364696386,151.7755123618149,201.32937156778672,445.8410323024234,447.6314497382868,253.5020346897088,-28.10607050090827,-590.1540431785633,-291.04864437601174,841.6522450862627,256.33025751330393,-947.0561195689874,564.2982287302988
118.24399119910302,-87.94509038835962,273.54661856068907,128.87653478549632,-40.66847932857798,-64.50842427295017,11.251781387061447,16.083158831787834,72.2434899107982,-106.5029048365755,223.62244006955373,-114.90468196410805,-422.2981828726619,285.4461122617659,120.06568244523456,144.82346439283023,103.09169223948993,154.43964727496314,34.79911045774958,142.54169177123927,43.546507832454324,170.12010916964942,94.28241189391102,171.40651757168388,117.20152711310429,36.4020595834425,10.49787832624901,26.164135786174995,5.793814900917929,207.13295018467343,-50.37448722679346,-21.58012590385976,71.22400855026174,94.06961776623677,208.99542534905788,209.68416487071025,118.11889732373704,-13.104954841384234,-278.0413152431547,-136.98977880443658,395.0998221283936,121.02739945805715,-444.42550798690814,265.0137326122589
-37.03049319933579,28.008571640300953,-87.05554449964438,-40.66847932857798,13.047801375423695,20.778594049199427,-3.6969029870283228,-5.063754176589715,-23.0167466404951,33.65050829683633,-70.86728693565972,36.91505841232106,133.52822385627005,-90.47898281988495,-37.98001234891792,-45.57138716870202,-32.5916514838704,-49.215802958022124,-11.31109483022763,-45.4442854562587,-13.674094597717033,-54.02952967655126,-29.7076651458731,-54.179925890884874,-37.20490304144792,-11.30906222314485,-3.443247634740431,-8.18375079905493,-1.8989721975424438,-65.43435194289904,16.14030036787603,6.664597381986352,-22.43758076124912,-30.201704225352252,-66.28082403917249,-66.71395259821014,-37.88749381777778,4.083874456546077,87.59726413407859,43.394681355775106,-125.23770737762366,-37.8819206975667,141.0473748594113,-83.85884932868261
-58.63507416991337,44.528365815689654,-138.3866854039777,-64.50842427295017,20.778594049199427,33.125015498473566,-5.92390901825953,-8.029053208388769,-36.594589215408455,53.399090534389714,-112.52656130975996,58.81134165539245,211.91129252260336,-143.6841153987286,-60.28594916813514,-72.23417658867889,-51.72538798315018,-78.25647957539883,-18.066309829871145,-72.26255047927448,-21.667849213800526,-85.83901507221178,-47.11602090464365,-85.9704296296868,-59.10066986154734,-17.867437442407354,-5.516105338310409,-12.948466377919154,-3.0406860319687103,-103.81911043821633,25.68978032345451,10.511934778093279,-35.58151981391709,-48.105584297244164,-105.27438909337788,-106.040319963136,-60.343421963819026,6.4609799606206,138.89460229298308,68.89566147667868,-198.88181784470822,-59.97316778795693,224.0542880182416,-133.1175191174912
10.204665863206703,-7.871773488105592,24.476825763311265,11.251781387061447,-3.6969029870283228,-5.92390901825953,1.091598252105972,1.3865218302031836,6.44776395249693,-9.364734457499988,19.72743052126957,-10.47118266577283,-37.09627439748806,25.257532742437245,10.59741371896172,12.533589032994573,9.066047557498301,13.838087514696353,3.220065390988004,12.727054381815794,3.80019857367603,15.108444466210749,8.313738318199508,14.96745582838926,10.386359745510296,3.0471529785818596,1.0242666611513411,2.1939774384453874,0.5598724146645953,18.124019271743695,-4.494919490727678,-1.7601189940551756,6.251254130463409,8.558147863066537,18.563762575377023,18.737871088181347,10.790053944840457,-1.1462201703988797,-24.216054539759938,-12.051129449032844,34.97035768188504,10.395697520831,-39.43459326690672,23.378247303842986
14.645363521510161,-10.932764738661945,33.96068002760984,16.083158831787834,-5.063754176589715,-8.029053208388769,1.3865218302031836,2.0287009449348683,9.023922412345717,-13.232200840312668,27.896605114331837,-14.330445050942487,-52.61648355644943,35.51118989978477,14.895679218223302,18.118030946759465,12.827864974923125,19.210655498391542,4.401513798184664,17.82923184349488,5.363465762318992,21.18445725302746,11.581305476397462,21.48650551935772,14.611476943173194,4.564330177845843,1.2774454595701112,3.3350295510403964,0.7114571181243728,25.860843094022073,-6.391508492121365,-2.7393179210995453,8.792541414991442,11.72865182163922,25.92024149787559,26.048355326450906,14.621227429896022,-1.5750522353478777,-34.63946689047244,-17.126660172680154,49.13339626752404,15.052212502663616,-55.295604010833394,32.92997313749733
65.8745000559678,-49.53439405094478,153.9626403540066,72.2434899107982,-23.0167466404951,-36.594589215408455,6.44776395249693,9.023922412345717,40.740956839461994,-59.69149163209746,125.66779200488277,-65.10734681892674,-236.93246757172022,160.33896259184516,67.3199750349572,81.08628421101034,57.81848593358147,87.03034740399164,19.917051896226727,80.4404052016359,24.270852513356466,95.69171374924449,52.6288929513062,96.27242283525933,65.92208938196387,20.23475277448407,5.994121748412427,14.654806155693509,3.312831798111089,116.19875674936026,-28.599806290164015,-11.984740804860067,39.79401916270502,53.27725905905722,117.35712174711583,118.01466758787727,66.75953388412735,-7.233626413601191,-155.65184362457697,-76.99911951455285,221.9159347713726,67.46218578742534,-249.83497215737182,148.67027540927654
-98.04169406412565,72.8192296532277,-226.6456910155261,-106.5029048365755,33.65050829683633,53.399090534389714,-9.364734457499988,-13.232200840312668,-59.69149163209746,88.20279696430319,-184.84672115840016,95.02526896904723,349.25853068806424,-236.26207268724298,-99.49842737564008,-119.54218071973052,-85.32123200615227,-127.84588564215314,-28.595153193546633,-117.69924503629784,-36.19937700480702,-140.74431171699655,-78.47659993525102,-141.36342134810852,-96.9112688258668,-30.00562015586923,-8.787136450526464,-21.404044337899013,-4.828719981715243,-171.14243064964532,41.32063379792388,17.683966599680094,-59.15028430696611,-77.79529893926728,-173.2305191043916,-173.67391006739726,-98.01351906244217,11.01095924983294,229.942582585485,113.12226432902371,-327.07494455085083,-100.16220771581686,367.8319995919747,-219.46153561695874
204.74524515944864,-152.95240766698012,475.6487100757345,223.62244006955373,-70.86728693565972,-112.52656130975996,19.72743052126957,27.896605114331837,125.66779200488277,-184.84672115840016,388.4461750993109,-200.30638787323483,-733.1162696682974,495.84207193137325,208.44315260061526,251.1210807343197,178.95771667600275,268.64471669227567,60.864437667233936,248.0013086228057,75.44751902902149,295.66672985792553,163.4878443749067,297.5712530020772,203.6733620301836,62.91633455331312,18.393098496093973,45.31320403142479,10.150651985949596,359.51426284294854,-87.77971111047634,-37.250393591904896,123.50835413439998,163.95636003585005,363.0707122336495,364.5817179718887,205.79717252480805,-22.651266276457513,-482.23264196496325,-237.94335284088984,686.3156373908396,209.5517698814864,-772.2523871657602,460.1360875713296
-104.41708667818112,79.16391928418962,-245.99208672981166,-114.90468196410805,36.91505841232106,58.81134165539245,-10.47118266577283,-14.330445050942487,-65.10734681892674,95.02526896904723,-200.30638787323483,104.48792188436566,377.2560485153261,-255.63849624774485,-107.23866713451245,-128.77031661364535,-92.06326800145317,-139.12816818617756,-32.12332638673487,-128.5842152529449,-38.534911482335154,-152.7077106257275,-83.71536716843904,-153.21518953063816,-105.16812624124246,-31.922774742299858,-9.732844895268771,-23.178806821603818,-5.373925825510062,-184.91264735204254,45.79351272719409,18.838179319006517,-63.27621109705758,-85.47332641803662,-187.1896301721465,-188.52315602450363,-107.098374721294,11.455005037287949,247.38813285900966,122.69228278685146,-353.82206771429964,-106.88283660749318,398.57215785363474,-236.84645694291984
-387.5734661069021,288.6066827315733,-897.8034591203159,-422.2981828726619,133.52822385627005,211.91129252260336,-37.09627439748806,-52.61648355644943,-236.93246757172022,349.25853068806424,-733.1162696682974,377.2560485153261,1384.3752854397044,-936.1974590538991,-393.85788789792156,-474.25206209319293,-338.021881475553,-506.8106498378751,-114.15922961978053,-467.42128370369244,-142.88472062291308,-557.9835803518364,-309.58589284431696,-561.3991226688979,-384.33235649682615,-119.00885695989784,-34.66613204210263,-85.39422559010292,-19.105616888178865,-678.7592721885719,164.93199590308444,70.38424822408349,-233.70304973531276,-308.83182081434677,-685.7934824004768,-688.1125427819608,-388.1531417668148,43.11237951041239,911.1436882454267,448.9447573287127,-1295.9034241315635,-396.44633127361453,1457.769910859885,-869.1765473798417
261.9753386244173,-195.41711654510596,607.9688863999148,285.4461122617659,-90.47898281988495,-143.6841153987286,25.257532742437245,35.51118989978477,160.33896259184516,-236.26207268724298,495.84207193137325,-255.63849624774485,-936.1974590538991,633.4570174856892,266.5194177972481,320.3415491809974,228.63444438330626,343.16769662612455,77.33179729307217,316.285217165784,96.68559289363733,377.59130257132233,209.65619024014538,379.32858260172554,260.02370989012394,80.22380107957605,23.636056001621927,57.48728948267579,13.008922560623992,458.8363301924911,-111.46119091487616,-47.329634741170814,158.15993712293593,209.25336113942402,464.24819357709305,465.90870736900774,263.22387126019527,-29.235459583186717,-615.8794465342711,-303.53931417860855,876.8849720974174,267.81053784127215,-986.5099860892471,588.066919273101
110.588612424122,-82.17309421732763,255.79274999289484,120.06568244523456,-37.98001234891792,-60.28594916813514,10.59741371896172,14.895679218223302,67.3199750349572,-99.49842737564008,208.44315260061526,-107.23866713451245,-393.85788789792156,266.5194177972481,112.26787523137725,134.70290095344572,96.23287138971365,144.26180530335674,32.232233794239946,132.72219894663237,40.866213841371675,158.76540225261076,88.63951227152431,159.2884708215512,109.30123415992284,33.77818118138369,9.958302620134225,24.051785100775785,5.46593801657126,192.93684910185672,-46.52093115008638,-19.86910228379487,66.7683382294766,87.79336929775216,195.49730414965518,195.98976497611784,110.70578757323268,-12.462734546566455,-259.2586852394372,-127.52457904787171,368.9805059456654,112.91855464058091,-414.9600106020435,247.5820851005442
132.80156907810104,-98.6151378570318,306.6739445945295,144.82346439283023,-45.57138716870202,-72.23417658867889,12.533589032994573,18.118030946759465,81.08628421101034,-119.54218071973052,251.1210807343197,-128.77031661364535,-474.25206209319293,320.3415491809974,134.70290095344572,162.89480274804697,115.74086872932475,173.18363386093392,39.052818206091544,160.02265976301044,48.830946903671176,190.9059214719087,105.61078094387182,192.75632364383085,131.56336280932888,41.03923352114121,11.664956902115284,29.575027113085184,6.451694213791456,232.74967616776775,-56.68920979062974,-24.414570712952173,79.86919568248332,105.4281225042392,234.3711100876319,235.12139015467517,132.18929052873338,-14.635117042748389,-312.40347612915457,-153.91679666893268,443.3642478440788,136.05761906869049,-498.6817665355758,297.4078846847408
94.74681009837137,-70.47922555483878,219.30459159745382,103.09169223948993,-32.5916514838704,-51.72538798315018,9.066047557498301,12.827864974923125,57.81848593358147,-85.32123200615227,178.95771667600275,-92.06326800145317,-338.021881475553,228.63444438330626,96.23287138971365,115.74086872932475,82.55681906089558,123.75334027094718,27.786400195674613,114.03621210961916,34.9570722215281,136.23745672208733,75.765470596545,136.94712967425593,93.82298683404409,29.042277896461734,8.489369978326646,20.780945553480066,4.671709055992644,165.68270261562108,-40.14052618098645,-17.14540301925892,57.15097270366413,75.36559238597366,167.56001229410973,168.0642677237617,94.83601314908998,-10.588798858162372,-222.49728410907318,-109.55442023355074,316.49670089430515,96.85665343806495,-355.9890832279411,212.3157517171695
141.31973157431588,-106.02607890872588,329.7545902132094,154.43964727496314,-49.215802958022124,-78.25647957539883,13.838087514696353,19.210655498391542,87.03034740399164,-127.84588564215314,268.64471669227567,-139.12816818617756,-506.8106498378751,343.16769662612455,144.26180530335674,173.18363386093392,123.75334027094718,186.23496366335476,42.28912891677372,171.73041574235046,52.184546838739884,204.70159243633847,113.2680292629249,205.40499715335665,140.95275742403038,43.19450643573439,12.931820250504208,31.05385540111927,7.119889793577665,248.34788602342817,-60.674366807345386,-25.452964044031955,85.46701350231201,113.85808359140974,251.4962668770504,252.6919187192946,143.11443391685785,-15.7170326315256,-333.00644906093447,-164.45558960169532,475.0327269908099,144.4782624702131,-534.6552310729938,318.3747932297141
31.000954602927994,-24.0259861947277,74.43840256798222,34.79911045774958,-11.31109483022763,-18.066309829871145,3.220065390988004,4.401513798184664,19.917051896226727,-28.595153193546633,60.864437667233936,-32.12332638673487,-114.15922961978053,77.33179729307217,32.232233794239946,39.052818206091544,27.786400195674613,42.28912891677372,10.200353318322463,39.45088700285096,11.363527962736374,46.35775262036647,24.656641199786613,46.814568182332835,31.971553589564955,9.605719354908766,2.929393270347981,7.212975071068125,1.640236113066927,56.09833920609782,-14.437576092050667,-5.756657610623768,18.78979818134284,26.257853611271873,56.3662616640686,57.09949750373513,32.48860628224612,-3.2125138999818463,-74.60031764879955,-37.39937421300756,106.96964276080973,31.936885809170658,-120.73746240488975,71.39392332330618
129.75905814434603,-97.7294413987446,303.68376990174283,142.54169177123927,-45.4442854562587,-72.26255047927448,12.727054381815794,17.82923184349488,80.4404052016359,-117.69924503629784,248.0013086228057,-128.5842152529449,-467.42128370369244,316.285217165784,132.72219894663237,160.02265976301044,114.03621210961916,171.73041574235046,39.45088700285096,158.86889031703913,47.77492106120102,188.8165925338876,103.57219767297154,190.10492853546438,130.09469719238308,39.91762244883936,11.80678230300277,28.997580864042682,6.534242501552043,229.2993832042333,-56.62819952026446,-23.681014914002063,78.37399388133424,105.21519415822182,231.3939763991124,232.80081656519403,131.68254524026662,-14.176966350529955,-307.00007241408196,-152.00369305221793,437.7278777754768,132.96841836381802,-492.87464216730467,293.1825407609687
40.52766918830487,-29.749518648320517,92.75026305229987,43.546507832454324,-13.674094597717033,-21.667849213800526,3.80019857367603,5.363465762318992,24.270852513356466,-36.19937700480702,75.44751902902149,-38.534911482335154,-142.88472062291308,96.68559289363733,40.866213841371675,48.830946903671176,34.9570722215281,52.184546838739884,11.363527962736374,47.77492106120102,15.022509096927624,57.4842546385741,32.59490782055013,57.502012002847025,39.5469801092057,12.305255229606747,3.6120748794967095,8.6065629245274,1.968280591021804,69.90834052625294,-16.49087942566586,-7.185670039796935,24.45657096874849,31.562761968013568,71.08263344701183,71.03534632441061,40.0665709710899,-4.687427801548959,-94.24640130653431,-46.08450118300121,133.8961092345903,41.25446812011721,-150.41538887957662,89.98841160209719
155.81455947844364,-116.54866935214686,362.4949570916659,170.12010916964942,-54.02952967655126,-85.83901507221178,15.108444466210749,21.18445725302746,95.69171374924449,-140.74431171699655,295.66672985792553,-152.7077106257275,-557.9835803518364,377.59130257132233,158.76540225261076,190.9059214719087,136.23745672208733,204.70159243633847,46.35775262036647,188.8165925338876,57.4842546385741,225.16681534284754,124.6633796322854,226.25828759094443,155.07176820930104,47.74291240313071,14.11131391240534,34.31981515225022,7.7754337464728716,273.5132718981495,-66.71505562485218,-28.19179773059181,94.10242261326839,124.98744780807299,276.63485516884907,277.8103121937966,157.04983791351367,-17.309084259260693,-366.88872429420684,-181.04059685214798,522.6700021717894,159.36025808392526,-588.1503458727346,350.39918903994385
87.78415417033625,-64.57371149792836,201.361402352624,94.28241189391102,-29.7076651458731,-47.11602090464365,8.313738318199508,11.581305476397462,52.6288929513062,-78.47659993525102,163.4878443749067,-83.71536716843904,-309.58589284431696,209.65619024014538,88.63951227152431,105.61078094387182,75.765470596545,113.2680292629249,24.656641199786613,103.57219767297154,32.59490782055013,124.6633796322854,70.8077824043462,124.40320669386556,85.73372532846925,26.53897086239287,7.9209829043706765,18.50768478505615,4.307126751570959,151.37166105419522,-35.65922827977624,-15.434078925369983,53.067665967066446,68.56142601923273,154.26162438238424,154.18559419729482,87.16526615438134,-10.210661566074089,-204.07503961266522,-99.80261774957346,290.3692749580681,89.2661138799998,-326.22654980322187,195.1280248167373
156.49278326216424,-116.9222503738584,363.3871232140631,171.40651757168388,-54.179925890884874,-85.9704296296868,14.96745582838926,21.48650551935772,96.27242283525933,-141.36342134810852,297.5712530020772,-153.21518953063816,-561.3991226688979,379.32858260172554,159.2884708215512,192.75632364383085,136.94712967425593,205.40499715335665,46.814568182332835,190.10492853546438,57.502012002847025,226.25828759094443,124.40320669386556,228.53068097371585,155.95213210256702,48.40777429085188,13.87503933762572,35.1136929094607,7.691610618177918,275.5964826103248,-67.71221237279586,-28.844573798776146,94.20261307896175,125.41265360945438,277.3398483714971,278.63253939054056,156.89000968709772,-17.080408226286927,-369.39514288832225,-182.4710962019663,524.9539389477055,160.48258119202066,-590.7561785448283,351.8748424056735
107.26615766847826,-80.2485141629525,249.554238031944,117.20152711310429,-37.20490304144792,-59.10066986154734,10.386359745510296,14.611476943173194,65.92208938196387,-96.9112688258668,203.6733620301836,-105.16812624124246,-384.33235649682615,260.02370989012394,109.30123415992284,131.56336280932888,93.82298683404409,140.95275742403038,31.971553589564955,130.09469719238308,39.5469801092057,155.07176820930104,85.73372532846925,155.95213210256702,106.81254634080489,32.91781506482031,9.687785322674449,23.705367178185913,5.34378012007046,188.4390903855098,-46.03886519421946,-19.46719049133264,64.75256452025017,86.07746273739957,190.43361467049587,191.27034971332392,108.0703613564806,-11.87726247370656,-252.72014809669008,-124.74315086153186,359.9156514784561,109.75846397258938,-405.02155775988365,241.27214575936918
33.54832067148277,-24.606821691573508,76.55211527103776,36.4020595834425,-11.30906222314485,-17.867437442407354,3.0471529785818596,4.564330177845843,20.23475277448407,-30.00562015586923,62.91633455331312,-31.922774742299858,-119.00885695989784,80.22380107957605,33.77818118138369,41.03923352114121,29.042277896461734,43.19450643573439,9.605719354908766,39.91762244883936,12.305255229606747,47.74291240313071,26.53897086239287,48.40777429085188,32.91781506482031,10.439956198715713,2.8365194625304335,7.496703506434535,1.5714822202477723,58.45702662448867,-14.105899206426459,-6.243851718540945,20.082021423871836,26.150742015218636,58.65481954374844,58.70817410123844,32.788962126848574,-3.7015588933669736,-78.60835092251462,-38.58191553842887,111.02929669820504,34.39573198225827,-124.76992307051279,74.56964151932758
9.638144181086817,-7.363146182368717,22.940937222328323,10.49787832624901,-3.443247634740431,-5.516105338310409,1.0242666611513411,1.2774454595701112,5.994121748412427,-8.787136450526464,18.393098496093973,-9.732844895268771,-34.66613204210263,23.636056001621927,9.958302620134225,11.664956902115284,8.489369978326646,12.931820250504208,2.929393270347981,11.80678230300277,3.6120748794967095,14.11131391240534,7.9209829043706765,13.87503933762572,9.687785322674449,2.8365194625304335,0.9760409254811593,1.9911851691821785,0.5278985764961108,16.894662717223152,-4.084979781397888,-1.6120793338079131,5.918718868856043,7.9569171989289655,17.43927588751012,17.547344095807038,10.12864651924791,-1.1257360336185935,-22.654696947392353,-11.204968992311837,32.74072651421471,9.767060216626152,-36.883151745213844,21.921783819397334
23.667647709381615,-17.664709221304513,54.788119378609174,26.164135786174995,-8.18375079905493,-12.948466377919154,2.1939774384453874,3.3350295510403964,14.654806155693509,-21.404044337899013,45.31320403142479,-23.178806821603818,-85.39422559010292,57.48728948267579,24.051785100775785,29.575027113085184,20.780945553480066,31.05385540111927,7.212975071068125,28.997580864042682,8.6065629245274,34.31981515225022,18.50768478505615,35.1136929094607,23.705367178185913,7.496703506434535,1.9911851691821785,5.567050658636122,1.1225681274981258,42.07926826089906,-10.550137213715884,-4.567002063709678,14.133419074769794,18.9755322968202,41.807065219205086,42.0639374052525,23.458315551626708,-2.460461934739212,-56.268773507605026,-27.89004929674526,79.50896027008808,24.440500324492824,-89.5026551032776,53.261570993899056
5.277970447117498,-4.051768384222117,12.605613019953248,5.793814900917929,-1.8989721975424438,-3.0406860319687103,0.5598724146645953,0.7114571181243728,3.312831798111089,-4.828719981715243,10.150651985949596,-5.373925825510062,-19.105616888178865,13.008922560623992,5.46593801657126,6.451694213791456,4.671709055992644,7.119889793577665,1.640236113066927,6.534242501552043,1.968280591021804,7.7754337464728716,4.307126751570959,7.691610618177918,5.34378012007046,1.5714822202477723,0.5278985764961108,1.1225681274981258,0.2878563254023548,9.32893786207629,-2.293352443208891,-0.9044793422705439,3.232899333879762,4.393131202909963,9.571103784004164,9.648317163734346,5.553947374229051,-0.5999486692757132,-12.481695807330505,-6.196220638052033,18.01409231979708,5.368978843209401,-20.30463535603111,12.050514088675007
189.85213305578924,-141.40940854516435,439.7831279781801,207.13295018467343,-65.43435194289904,-103.81911043821633,18.124019271743695,25.860843094022073,116.19875674936026,-171.14243064964532,359.51426284294854,-184.91264735204254,-678.7592721885719,458.8363301924911,192.93684910185672,232.74967616776775,165.68270261562108,248.34788602342817,56.09833920609782,229.2993832042333,69.90834052625294,273.5132718981495,151.37166105419522,275.5964826103248,188.4390903855098,58.45702662448867,16.894662717223152,42.07926826089906,9.32893786207629,332.94380524616076,-81.1357118624591,-34.66630599430742,114.38352083774764,151.37456551270301,335.89696661200526,337.11811771695153,189.97703750602736,-20.996198066846983,-446.77511990143114,-220.25850877720973,635.0836860562977,194.3617569511952,-714.4566485308836,425.90861494538785
-45.130795247492394,34.487107648559174,-106.88802086076542,-50.37448722679346,16.14030036787603,25.68978032345451,-4.494919490727678,-6.391508492121365,-28.599806290164015,41.32063379792388,-87.77971111047634,45.79351272719409,164.93199590308444,-111.46119091487616,-46.52093115008638,-56.68920979062974,-40.14052618098645,-60.674366807345386,-14.437576092050667,-56.62819952026446,-16.49087942566586,-66.71505562485218,-35.65922827977624,-67.71221237279586,-46.03886519421946,-14.105899206426459,-4.084979781397888,-10.550137213715884,-2.293352443208891,-81.1357118624591,20.68448087153907,8.509526230265392,-27.19843132074303,-37.452885335031226,-81.16930751622667,-82.01897415485466,-46.31902054909918,4.679675485986553,108.11712951432239,53.973846856978895,-154.17049759117631,-46.53922145544377,173.84083501152284,-103.03721762830811
-19.73523629692802,14.491423317565413,-45.01059364696386,-21.58012590385976,6.664597381986352,10.511934778093279,-1.7601189940551756,-2.7393179210995453,-11.984740804860067,17.683966599680094,-37.250393591904896,18.838179319006517,70.38424822408349,-47.329634741170814,-19.86910228379487,-24.414570712952173,-17.14540301925892,-25.452964044031955,-5.756657610623768,-23.681014914002063,-7.185670039796935,-28.19179773059181,-15.434078925369983,-28.844573798776146,-19.46719049133264,-6.243851718540945,-1.6120793338079131,-4.567002063709678,-0.9044793422705439,-34.66630599430742,8.509526230265392,3.793173111237031,-11.751495086100572,-15.432258240139596,-34.469177193629726,-34.550865926164775,-19.17594161309745,2.100869595601101,46.520123673381626,22.905693037977183,-65.47443603713269,-20.336738703037703,73.60470897625977,-43.94513436315587
66.03719100787188,-48.7085889025243,151.7755123618149,71.22400855026174,-22.43758076124912,-35.58151981391709,6.251254130463409,8.792541414991442,39.79401916270502,-59.15028430696611,123.50835413439998,-63.27621109705758,-233.70304973531276,158.15993712293593,66.7683382294766,79.86919568248332,57.15097270366413,85.46701350231201,18.78979818134284,78.37399388133424,24.45657096874849,94.10242261326839,53.067665967066446,94.20261307896175,64.75256452025017,20.082021423871836,5.918718868856043,14.133419074769794,3.232899333879762,114.38352083774764,-27.19843132074303,-11.751495086100572,39.868255670065714,51.81755162627021,116.19397209733535,116.25641152824643,65.63020797071343,-7.572212925722366,-154.01962657492467,-75.47912246873067,219.00777000539622,67.28733484659907,-246.13163131507764,147.0993818152267
85.52522163323127,-64.78824972708995,201.32937156778672,94.06961776623677,-30.201704225352252,-48.105584297244164,8.558147863066537,11.72865182163922,53.27725905905722,-77.79529893926728,163.95636003585005,-85.47332641803662,-308.83182081434677,209.25336113942402,87.79336929775216,105.4281225042392,75.36559238597366,113.85808359140974,26.257853611271873,105.21519415822182,31.562761968013568,124.98744780807299,68.56142601923273,125.41265360945438,86.07746273739957,26.150742015218636,7.9569171989289655,18.9755322968202,4.393131202909963,151.37456551270301,-37.452885335031226,-15.432258240139596,51.81755162627021,69.92367867167138,153.23003780529382,154.29676434920015,87.62816151123984,-9.390358838303333,-202.55229046266427,-100.42421848286031,289.6253881097196,87.53886740092152,-326.2346613187983,193.89071772750654
192.27703472996828,-143.241322360247,445.8410323024234,208.99542534905788,-66.28082403917249,-105.27438909337788,18.563762575377023,25.92024149787559,117.35712174711583,-173.2305191043916,363.0707122336495,-187.1896301721465,-685.7934824004768,464.24819357709305,195.49730414965518,234.3711100876319,167.56001229410973,251.4962668770504,56.3662616640686,231.3939763991124,71.08263344701183,276.63485516884907,154.26162438238424,277.3398483714971,190.43361467049587,58.65481954374844,17.43927588751012,41.807065219205086,9.571103784004164,335.89696661200526,-81.16930751622667,-34.469177193629726,116.19397209733535,153.23003780529382,340.56422327723857,341.59034782779696,193.1933015319034,-21.653858618504433,-451.173805181567,-222.1100199663489,642.7248568370078,196.31048526067352,-722.9543628996496,431.1478269245401
192.26575162741747,-143.88407405314868,447.6314497382868,209.68416487071025,-66.71395259821014,-106.040319963136,18.737871088181347,26.048355326450906,118.01466758787727,-173.67391006739726,364.5817179718887,-188.52315602450363,-688.1125427819608,465.90870736900774,195.98976497611784,235.12139015467517,168.0642677237617,252.6919187192946,57.09949750373513,232.80081656519403,71.03534632441061,277.8103121937966,154.18559419729482,278.63253939054056,191.27034971332392,58.70817410123844,17.547344095807038,42.0639374052525,9.648317163734346,337.11811771695153,-82.01897415485466,-34.550865926164775,116.25641152824643,154.29676434920015,341.59034782779696,342.9961851273055,194.18299331895093,-21.492098840893902,-452.32947098203164,-223.1208988777705,644.9742940885258,196.4511298271635,-725.7650977564475,432.4134072974488
108.15138369786581,-81.47908737530369,253.5020346897088,118.11889732373704,-37.88749381777778,-60.343421963819026,10.790053944840457,14.621227429896022,66.75953388412735,-98.01351906244217,205.79717252480805,-107.098374721294,-388.1531417668148,263.22387126019527,110.70578757323268,132.18929052873338,94.83601314908998,143.11443391685785,32.48860628224612,131.68254524026662,40.0665709710899,157.04983791351367,87.16526615438134,156.89000968709772,108.0703613564806,32.788962126848574,10.12864651924791,23.458315551626708,5.553947374229051,189.97703750602736,-46.31902054909918,-19.17594161309745,65.63020797071343,87.62816151123984,193.1933015319034,194.18299331895093,110.44887072910664,-12.158064143069561,-254.73189657331167,-125.84869589515637,364.4258162565486,110.3571923400803,-410.25191218089725,244.1857928644496
-12.502517485822427,8.977892809758002,-28.10607050090827,-13.104954841384234,4.083874456546077,6.4609799606206,-1.1462201703988797,-1.5750522353478777,-7.233626413601191,11.01095924983294,-22.651266276457513,11.455005037287949,43.11237951041239,-29.235459583186717,-12.462734546566455,-14.635117042748389,-10.588798858162372,-15.7170326315256,-3.2125138999818463,-14.176966350529955,-4.687427801548959,-17.309084259260693,-10.210661566074089,-17.080408226286927,-11.87726247370656,-3.7015588933669736,-1.1257360336185935,-2.460461934739212,-0.5999486692757132,-20.996198066846983,4.679675485986553,2.100869595601101,-7.572212925722366,-9.390358838303333,-21.653858618504433,-21.492098840893902,-12.158064143069561,1.5510221692691188,28.52191055337546,13.761868284860528,-40.52470548490198,-12.603791782287976,45.42166741767426,-27.328537617341283
-255.71799952863606,189.6657147055944,-590.1540431785633,-278.0413152431547,87.59726413407859,138.89460229298308,-24.216054539759938,-34.63946689047244,-155.65184362457697,229.942582585485,-482.23264196496325,247.38813285900966,911.1436882454267,-615.8794465342711,-259.2586852394372,-312.40347612915457,-222.49728410907318,-333.00644906093447,-74.60031764879955,-307.00007241408196,-94.24640130653431,-366.88872429420684,-204.07503961266522,-369.39514288832225,-252.72014809669008,-78.60835092251462,-22.654696947392353,-56.268773507605026,-12.481695807330505,-446.77511990143114,108.11712951432239,46.520123673381626,-154.01962657492467,-202.55229046266427,-451.173805181567,-452.32947098203164,-254.73189657331167,28.52191055337546,600.1712555390063,295.3011833830372,-852.5294298154935,-261.5443326104634,958.720989693047,-572.0474186434565
-125.21327382688048,93.62021853181724,-291.04864437601174,-136.98977880443658,43.394681355775106,68.89566147667868,-12.051129449032844,-17.126660172680154,-76.99911951455285,113.12226432902371,-237.94335284088984,122.69228278685146,448.9447573287127,-303.53931417860855,-127.52457904787171,-153.91679666893268,-109.55442023355074,-164.45558960169532,-37.39937421300756,-152.00369305221793,-46.08450118300121,-181.04059685214798,-99.80261774957346,-182.4710962019663,-124.74315086153186,-38.58191553842887,-11.204968992311837,-27.89004929674526,-6.196220638052033,-220.25850877720973,53.973846856978895,22.905693037977183,-75.47912246873067,-100.42421848286031,-222.1100199663489,-223.1208988777705,-125.84869589515637,13.761868284860528,295.3011833830372,145.8225681087941,-420.10740796683837,-128.26844852044488,472.7656591161397,-281.60624510772936
362.7283286743661,-270.51473591273896,841.6522450862627,395.0998221283936,-125.23770737762366,-198.88181784470822,34.97035768188504,49.13339626752404,221.9159347713726,-327.07494455085083,686.3156373908396,-353.82206771429964,-1295.9034241315635,876.8849720974174,368.9805059456654,443.3642478440788,316.49670089430515,475.0327269908099,106.96964276080973,437.7278777754768,133.8961092345903,522.6700021717894,290.3692749580681,524.9539389477055,359.9156514784561,111.02929669820504,32.74072651421471,79.50896027008808,18.01409231979708,635.0836860562977,-154.17049759117631,-65.47443603713269,219.00777000539622,289.6253881097196,642.7248568370078,644.9742940885258,364.4258162565486,-40.52470548490198,-852.5294298154935,-420.10740796683837,1213.8765074728624,370.75093894410315,-1365.5970246363247,814.0949850830089
111.89448686133275,-82.32303169413487,256.33025751330393,121.02739945805715,-37.8819206975667,-59.97316778795693,10.395697520831,15.052212502663616,67.46218578742534,-100.16220771581686,209.5517698814864,-106.88283660749318,-396.44633127361453,267.81053784127215,112.91855464058091,136.05761906869049,96.85665343806495,144.4782624702131,31.936885809170658,132.96841836381802,41.25446812011721,159.36025808392526,89.2661138799998,160.48258119202066,109.75846397258938,34.39573198225827,9.767060216626152,24.440500324492824,5.368978843209401,194.3617569511952,-46.53922145544377,-20.336738703037703,67.28733484659907,87.53886740092152,196.31048526067352,196.4511298271635,110.3571923400803,-12.603791782287976,-261.5443326104634,-128.26844852044488,370.75093894410315,114.34399750273207,-416.65488969752613,249.01118639345768
-407.54245322554334,304.4394700612547,-947.0561195689874,-444.42550798690814,141.0473748594113,224.0542880182416,-39.43459326690672,-55.295604010833394,-249.83497215737182,367.8319995919747,-772.2523871657602,398.57215785363474,1457.769910859885,-986.5099860892471,-414.9600106020435,-498.6817665355758,-355.9890832279411,-534.6552310729938,-120.73746240488975,-492.87464216730467,-150.41538887957662,-588.1503458727346,-326.22654980322187,-590.7561785448283,-405.02155775988365,-124.76992307051279,-36.883151745213844,-89.5026551032776,-20.30463535603111,-714.4566485308836,173.84083501152284,73.60470897625977,-246.13163131507764,-326.2346613187983,-722.9543628996496,-725.7650977564475,-410.25191218089725,45.42166741767426,958.720989693047,472.7656591161397,-1365.5970246363247,-416.65488969752613,1536.4938706350288,-915.6646393685252
243.71396577170094,-181.32788402038753,564.2982287302988,265.0137326122589,-83.85884932868261,-133.1175191174912,23.378247303842986,32.92997313749733,148.67027540927654,-219.46153561695874,460.1360875713296,-236.84645694291984,-869.1765473798417,588.066919273101,247.5820851005442,297.4078846847408,212.3157517171695,318.3747932297141,71.39392332330618,293.1825407609687,89.98841160209719,350.39918903994385,195.1280248167373,351.8748424056735,241.27214575936918,74.56964151932758,21.921783819397334,53.261570993899056,12.050514088675007,425.90861494538785,-103.03721762830811,-43.94513436315587,147.0993818152267,193.89071772750654,431.1478269245401,432.4134072974488,244.1857928644496,-27.328537617341283,-572.0474186434565,-281.60624510772936,814.0949850830089,249.01118639345768,-915.6646393685252,546.1367465505914
