V1,V2,V3,V4,V5,V6,V7,V8,V9,V10,V11,V12,V13,V14,V15,V16,V17,V18,V19,V20,V21,V22,V23,V24,V25,V26,V27,V28,V29,V30,V31,V32,V33,V34,V35,V36,V37,V38,V39,V40,V41,V42,V43,V44
133.67378598214765,-98.89132676155207,307.1070567635556,143.7667742885021,-44.865597383068305,-72.06422571115861,12.783687545183989,18.38767107444783,80.97489604763501,-119.42554161261387,251.1196364515114,-129.30448124952437,-473.3485583839223,320.1782722201377,134.7451867834337,162.16903537395294,115.93152593161459,173.04338387412957,39.0185885780704,159.68223371954798,49.13484832635549,190.31030306455452,106.29179596369568,191.86083008326577,131.78587693646645,40.489182753837675,11.970027349298213,28.635124747198827,7.236401764203946,232.44775429487035,-55.71933363747307,-24.169506446943302,79.97670039699233,105.79563507140882,234.2827474676811,235.93734300988206,133.00192941827257,-14.797053975367787,-311.5440906966109,-155.25150829710992,443.2157541306148,135.63228620963775,-499.5637909517946,297.3589968416157
-98.89132676155207,73.98927052585412,-229.41500059298275,-108.00577241662042,34.09045565871068,54.097354176501014,-9.784482819501726,-13.293996708966162,-60.329910606452785,88.93356254653987,-186.92214564196112,96.94480459912353,353.37357950628757,-239.06230511483253,-100.2082818269496,-120.69078503843382,-86.63777159784149,-129.37549707291845,-28.978528573759803,-119.40535725152455,-36.03723870095164,-142.56478089828838,-79.10370871199328,-143.07054720670575,-97.79033549276271,-30.684617806695933,-8.866177668643878,-21.535584504282507,-4.741336614711859,-172.88397474216885,42.29632919369395,18.236889578306393,-59.03415610259477,-78.35982475389011,-175.53647001279023,-175.63428610766428,-99.58180553200071,10.992663954615963,232.21164183236937,114.36047027560224,-330.93946943725325,-101.05489675943605,372.3527250766623,-222.10855549251193
307.1070567635556,-229.41500059298275,713.589407026615,335.5163999771539,-106.50564939636473,-168.73713864813047,29.706451521466786,41.49064352272378,188.16886263779352,-277.2357005132516,581.830559665954,-300.14705327305427,-1099.1314015784108,743.6038355693361,312.64084394481637,376.045430761745,268.429578388268,402.86620624788674,90.70791508712676,371.36143864019016,113.15459592106573,443.46198141142975,245.86913460179255,445.4079475959682,304.92945936759594,94.49201765292027,27.641941086815297,67.67159408533155,14.88968292034619,538.4260351455102,-131.25356284704512,-55.74902635649215,185.3146273826851,245.2437080205262,545.1981536085495,546.5204532487177,308.90025102165214,-34.265010645835744,-722.9666893724857,-355.5293823876388,1029.3067000430656,314.3917258714721,-1157.6314785518862,690.3511521140498
143.7667742885021,-108.00577241662042,335.5163999771539,158.4797066308213,-50.55343434107879,-79.53608540612055,14.169198269135293,19.05395533492123,88.35146962995991,-130.15132699173634,272.9462448456608,-141.56838778548536,-516.7430362366545,349.4911418252976,146.57139580453645,176.40871888292864,126.38592415547679,189.55609200405473,42.493406617389546,174.74710076060018,52.61127698211322,208.87297044265685,115.46975595190082,209.17041520648982,142.78635953184255,44.88508658358669,12.845371449632964,31.953205927932775,6.492319299806845,252.52455547441159,-62.17096126150961,-26.584119509827133,86.27551659540116,114.59525632429464,256.9006496877029,256.44840379361654,145.56573182270577,-16.054220322245254,-339.59538318959284,-165.8028367500659,483.98284036437263,147.59678941653027,-543.6935071944918,324.6963222810935
-44.865597383068305,34.09045565871068,-106.50564939636473,-50.55343434107879,16.594895228124262,25.584599991417072,-4.374935935454965,-5.818375714199991,-28.134565047004124,41.36610134850511,-86.36818483987369,44.63482776696302,163.87838795452905,-110.86708500984376,-46.606867068652456,-55.94826913635158,-39.759346459414566,-60.399388862446116,-13.61201589295303,-55.53284577807511,-16.6683189403896,-66.55555332353316,-36.413301457134374,-66.373862666254,-45.18111660089762,-14.170821979434116,-4.0517898462088615,-10.490693312180207,-1.7076682092555087,-79.94011735711916,20.026152650769784,8.195050564863568,-27.551531323847488,-36.50430356333345,-81.57991765077752,-81.09987003709782,-46.03745545804902,5.093287817031266,107.73133618559072,51.54090349433958,-153.51130157771988,-46.71332024713166,171.85372570428854,-102.86268434527327
-72.06422571115861,54.097354176501014,-168.73713864813047,-79.53608540612055,25.584599991417072,40.170750571930725,-6.910188640724388,-9.611455510763694,-44.57761369814647,65.61000126353636,-137.3518334154791,70.7949797648461,259.8195515492572,-175.75124441061297,-73.96160400506385,-88.89205387181364,-63.234464102305594,-95.48797780655455,-21.528403508213433,-87.86580840196382,-26.753730707618246,-105.06462414247355,-57.969843896637464,-105.30062509905645,-72.02048641694543,-22.304885264781653,-6.482584262137884,-16.270748807361187,-3.2634448759185153,-127.14679108292346,31.224914646050305,13.072576075788815,-43.893909438214386,-58.08489655891577,-128.9772943680372,-129.00590266790047,-72.94546462757596,8.089858940602777,170.93395877073647,83.25089336926871,-243.33989068190826,-74.20438714114528,273.19403037080485,-163.1161832400396
12.783687545183989,-9.784482819501726,29.706451521466786,14.169198269135293,-4.374935935454965,-6.910188640724388,1.5405163828043689,1.6350421570149103,7.664432976051808,-11.30126259054198,24.03522230401493,-12.941072752448742,-45.74450342742434,30.929300244825562,12.681922768455944,15.382194636867458,11.456099466354443,16.61933382470842,3.5857181741901636,15.514399656069818,4.274340883505383,18.53133832277226,10.234977754258718,18.395001441825784,12.353604396304858,4.26983215066834,1.133836105731217,2.615224648763009,0.47312995179630696,22.098433596032766,-5.682420607694288,-2.603630988360692,7.114895780226547,9.66829691209795,22.983191340541804,22.58942799205919,13.10738221119495,-1.3961698588839064,-29.791943575058436,-14.623512310178274,42.83188765505644,13.052795842510584,-48.25420511247046,28.862081413188765
18.38767107444783,-13.293996708966162,41.49064352272378,19.05395533492123,-5.818375714199991,-9.611455510763694,1.6350421570149103,2.7563101726442985,10.987252156463121,-16.23791796604453,34.30038539959495,-17.18024431116639,-63.96601172255974,43.37107323797671,18.48206950404905,22.119941993641067,15.545016158675839,23.249225648534303,5.370739203544906,21.516076079713255,6.946581956955614,25.520698730151935,14.445190597168347,26.05842450515585,18.10975399696375,5.203724998769905,1.7374338400195508,3.8027062483421967,1.256354273926181,31.771738970736468,-7.3131160588008575,-2.9833111432581676,11.313107569701277,14.684333391707145,31.31450591468983,32.17891748378677,17.787733621574052,-2.0366653746115904,-42.263866630238766,-21.747769738729886,59.87978502948229,18.498463788808643,-67.83401338006878,40.10377072569553
80.97489604763501,-60.329910606452785,188.16886263779352,88.35146962995991,-28.134565047004124,-44.57761369814647,7.664432976051808,10.987252156463121,49.760170519637335,-73.26920744448786,153.5595928173771,-78.85262003034451,-289.8685801496763,196.0723699857712,82.66100823951376,99.32554169087904,70.55926350553993,106.33962861171202,24.053376025339404,97.91240525471116,30.120170714287273,116.91560281903135,64.82486973148619,117.5531739076847,80.62118953081047,24.678459697764968,7.286640282103503,17.983109147716437,4.016988287265487,142.17663691013868,-34.47011835630706,-14.519368500223639,49.24094000828018,65.03520830263034,143.56196482734686,144.19715350335127,81.2747475493226,-9.048861696676076,-190.83538637374122,-93.8253829556521,271.4298791521155,82.91985356112053,-305.22057666043014,181.94573529587566
-119.42554161261387,88.93356254653987,-277.2357005132516,-130.15132699173634,41.36610134850511,65.61000126353636,-11.30126259054198,-16.23791796604453,-73.26920744448786,107.99610141471318,-226.32876477558904,116.21153913490708,427.0852898634828,-288.9715145869702,-121.82491297867355,-146.35923107434652,-104.01106502779173,-156.5949903786692,-35.40292731238454,-144.25455573993906,-44.39834539056467,-172.22477784741903,-95.57308294726724,-173.19947815884433,-118.80898208606807,-36.35360290333017,-10.76958296616937,-26.49878391222939,-5.978539158195144,-209.54574648388152,50.76702319117046,21.3807959376558,-72.59146235846598,-95.7902487534641,-211.50094054586066,-212.50479285382872,-119.8072478660658,13.34901467264489,281.22041018425494,138.45360046602633,-399.9657910662745,-122.24144636200623,449.8586037128831,-268.1359434036949
251.1196364515114,-186.92214564196112,581.830559665954,272.9462448456608,-86.36818483987369,-137.3518334154791,24.03522230401493,34.30038539959495,153.5595928173771,-226.32876477558904,475.1332867283737,-244.23190501263582,-896.3266482008329,606.5069611479132,255.45797026487014,307.03288305029287,218.66111404006276,328.2869713038846,74.13817586601806,302.7239729722425,92.89897414104234,361.262976373222,200.69406457884148,363.4352121919795,249.23924408845716,76.53261449149467,22.71089084878896,55.11370581899475,12.705951391426987,439.7485391888653,-106.54543671669896,-45.01789534193493,152.00233121924242,200.6976452747354,443.91957340877445,446.1851074956676,251.57372054303937,-28.00518110204249,-589.921952185866,-291.3721472132414,839.3666672598731,256.6783408612584,-944.6219034733817,562.8255821785301
-129.30448124952437,96.94480459912353,-300.14705327305427,-141.56838778548536,44.63482776696302,70.7949797648461,-12.941072752448742,-17.18024431116639,-78.85262003034451,116.21153913490708,-244.23190501263582,127.31742251739128,462.3531444017875,-312.6479596450745,-130.73207982853603,-157.68276179704924,-113.6235636631246,-169.34820394497484,-37.74265862651634,-156.2439680170564,-46.8219067940627,-186.62163405198362,-103.46808435736224,-187.04031291061548,-127.68202138341451,-40.478652763506645,-11.463371588525817,-28.098703908899044,-6.02758130012888,-225.84389556977672,55.46082748135358,24.297314950076593,-76.60096762056808,-102.05559272280986,-230.03099005273955,-229.57039033550322,-130.5595811707329,14.329691369762697,303.62143292365494,149.1962945728056,-433.0006674961604,-132.02740269072024,487.057425220859,-290.7412830937981
-473.3485583839223,353.37357950628757,-1099.1314015784108,-516.7430362366545,163.87838795452905,259.8195515492572,-45.74450342742434,-63.96601172255974,-289.8685801496763,427.0852898634828,-896.3266482008329,462.3531444017875,1693.161356379334,-1145.368422561279,-481.6035453209901,-579.3100643525862,-413.5447090973604,-620.5300029541594,-139.6911753470045,-572.0135656484512,-174.4041261169632,-683.0248241117957,-378.8335201436626,-686.1077659285149,-469.8120507408486,-145.54206466114314,-42.54091927304839,-104.18213690881856,-23.077734784487326,-829.4859223821837,202.0088344811446,85.97546858296766,-285.4390093695518,-377.79158773108446,-839.7427369590957,-841.9387068392027,-475.80971682302004,52.776432015203895,1113.7520149405611,548.008214494296,-1585.5763693031854,-484.3286872275917,1783.3619998448348,-1063.4417869873985
320.1782722201377,-239.06230511483253,743.6038355693361,349.4911418252976,-110.86708500984376,-175.75124441061297,30.929300244825562,43.37107323797671,196.0723699857712,-288.9715145869702,606.5069611479132,-312.6479596450745,-1145.368422561279,775.0030157659648,325.93812598372915,391.95278249880425,279.6723361340345,419.69819927660893,94.53873796594144,386.96082334236485,118.0416420267515,462.0381512898325,256.2705296377905,464.2056282238988,317.876935987168,98.34614907717405,28.886936203854745,70.51909193709052,15.635961842734295,561.2567547419852,-136.71570312122333,-57.931677930470826,193.3687758037775,255.69524433574375,567.978825907623,569.6414363211024,321.8508429448362,-35.73219116342181,-753.4740331458819,-370.8684398852967,1072.6335943086058,327.74749546173155,-1206.5330810661173,719.3943096118899
134.7451867834337,-100.2082818269496,312.64084394481637,146.57139580453645,-46.606867068652456,-73.96160400506385,12.681922768455944,18.48206950404905,82.66100823951376,-121.82491297867355,255.45797026487014,-130.73207982853603,-481.6035453209901,325.93812598372915,137.63704031553107,165.18272007495045,117.13398888982101,176.51042681708006,40.05022711167238,162.68314636633627,50.25328376839012,194.15061108598385,107.8004148738776,195.39985712808897,134.15364848734708,40.79959366688012,12.25431292728318,29.87555434117301,6.872491177083046,236.53435182756672,-57.182323065480944,-23.802001788675632,82.26339746834302,108.33926725951089,238.25378398204504,239.83696245389953,134.90573056448514,-15.08899606160173,-317.2190329419916,-156.49801668289285,451.024338976101,137.98432389408725,-507.38697541686395,302.2504294137943
162.16903537395294,-120.69078503843382,376.045430761745,176.40871888292864,-55.94826913635158,-88.89205387181364,15.382194636867458,22.119941993641067,99.32554169087904,-146.35923107434652,307.03288305029287,-157.68276179704924,-579.3100643525862,391.95278249880425,165.18272007495045,198.53431568159039,141.21388085902808,212.3316851818922,47.98462085904481,195.63057364638678,60.180802733874195,233.5163523215724,129.6667988388101,234.93153148050482,161.17107522611005,49.38852359609387,14.637136142371718,35.74433542650954,8.177888904869912,284.25173420033553,-68.81436320510504,-29.049269023457914,98.40231376570001,129.88285828815162,286.88648430884683,288.35018630761664,162.48598680372382,-18.104505189463914,-381.3833217125812,-188.10547827351724,542.4867239189374,165.84116117228382,-610.3212100624957,363.70854014692986
115.93152593161459,-86.63777159784149,268.429578388268,126.38592415547679,-39.759346459414566,-63.234464102305594,11.456099466354443,15.545016158675839,70.55926350553993,-104.01106502779173,218.66111404006276,-113.6235636631246,-413.5447090973604,279.6723361340345,117.13398888982101,141.21388085902808,101.58136188856453,151.40471731685878,33.847998927921644,139.68702317746752,42.13113307720752,166.7579541576619,92.63416793181734,167.37125906395488,114.42913622114513,36.030738279668135,10.312416943454757,25.084473808445168,5.6153426430584155,202.27497616873308,-49.37914925294411,-21.573432305743427,68.84901682533402,91.55560222796413,205.50725187259465,205.5558281410701,116.61808218136997,-12.85149705885505,-271.72645971240036,-133.9882924676035,387.2840506654011,118.2044045771881,-435.808990172584,259.9871564392819
173.04338387412957,-129.37549707291845,402.86620624788674,189.55609200405473,-60.399388862446116,-95.48797780655455,16.61933382470842,23.249225648534303,106.33962861171202,-156.5949903786692,328.2869713038846,-169.34820394497484,-620.5300029541594,419.69819927660893,176.51042681708006,212.3316851818922,151.40471731685878,227.71082944891975,51.2694020801229,209.67706464275625,63.95631989769314,250.5009305660667,138.70422124867565,251.46137752235302,172.15979506677513,53.32380652715655,15.504421483223636,38.412041961491255,8.249854588677847,303.87573987871883,-74.14318288558256,-31.500682725857203,104.64871496326238,138.56642467489098,307.87428324847843,308.3977229711222,174.3234380002838,-19.324358360189684,-408.2276795515373,-200.13580795506755,581.1119091015262,177.3428903677963,-653.1638373365419,389.68891667976015
39.0185885780704,-28.978528573759803,90.70791508712676,42.493406617389546,-13.61201589295303,-21.528403508213433,3.5857181741901636,5.370739203544906,24.053376025339404,-35.40292731238454,74.13817586601806,-37.74265862651634,-139.6911753470045,94.53873796594144,40.05022711167238,47.98462085904481,33.847998927921644,51.2694020801229,11.732420653485448,47.19441225926456,14.696703404857079,56.315251233872274,31.24831793355318,56.721901380940324,38.99528168663052,11.70502849710986,3.5621995254687486,8.74582349313666,2.0221037963324506,68.69680967329042,-16.532352722554112,-6.7758059243691635,24.049020861991245,31.624588255325015,69.01107837844222,69.60719318365913,39.03320428763417,-4.389472045990799,-92.0860174579639,-45.338901113610895,130.81478696063107,40.017814073057814,-147.0945238534118,87.59548473398243
159.68223371954798,-119.40535725152455,371.36143864019016,174.74710076060018,-55.53284577807511,-87.86580840196382,15.514399656069818,21.516076079713255,97.91240525471116,-144.25455573993906,302.7239729722425,-156.2439680170564,-572.0135656484512,386.96082334236485,162.68314636633627,195.63057364638678,139.68702317746752,209.67706464275625,47.19441225926456,193.34631718544634,58.79684197222282,230.90224881842005,127.93945172675997,231.7505482179402,158.60063842218688,49.233963201713635,14.373948629773166,35.26903343854119,7.660083288375115,280.11331014114626,-68.42107026041366,-29.026551431824927,96.32326308718105,127.5488286654099,283.7988146920165,284.35143163041926,160.79670625833944,-17.823493826092033,-376.1998158333521,-184.8070907006576,535.7157465637846,163.59986008715202,-602.3521861061699,359.2727422219845
49.13484832635549,-36.03723870095164,113.15459592106573,52.61127698211322,-16.6683189403896,-26.753730707618246,4.274340883505383,6.946581956955614,30.120170714287273,-44.39834539056467,92.89897414104234,-46.8219067940627,-174.4041261169632,118.0416420267515,50.25328376839012,60.180802733874195,42.13113307720752,63.95631989769314,14.696703404857079,58.79684197222282,18.810529610996248,70.06601201879447,39.11898167152768,70.95012384463851,49.092655470055426,14.307370117592612,4.488122377610782,10.914312378031664,2.860815485156075,86.15788599678277,-20.278345896939157,-8.298939528803947,30.557877698242894,39.9233392067728,85.7777276176911,87.16864898895946,48.53257982622442,-5.502090982881368,-115.2442525425061,-57.441084782413895,163.30936871496365,50.077558165246394,-183.94016905451326,109.30275619571069
190.31030306455452,-142.56478089828838,443.46198141142975,208.87297044265685,-66.55555332353316,-105.06462414247355,18.53133832277226,25.520698730151935,116.91560281903135,-172.22477784741903,361.262976373222,-186.62163405198362,-683.0248241117957,462.0381512898325,194.15061108598385,233.5163523215724,166.7579541576619,250.5009305660667,56.315251233872274,230.90224881842005,70.06601201879447,275.8815679887889,152.65778532864897,276.6960352847847,189.22315579485584,58.903087172093144,17.110591487509833,42.23264514035684,8.901632707501815,334.2676068499363,-81.90638054964482,-34.71258700840983,114.87706958003989,152.16645206806265,339.0668902275882,339.3306366088285,192.03679245199723,-21.262666718283153,-449.1422611861463,-220.04354120864866,639.680525458002,195.2573312450594,-718.9459439957194,429.0096322842107
106.29179596369568,-79.10370871199328,245.86913460179255,115.46975595190082,-36.413301457134374,-57.969843896637464,10.234977754258718,14.445190597168347,64.82486973148619,-95.57308294726724,200.69406457884148,-103.46808435736224,-378.8335201436626,256.2705296377905,107.8004148738776,129.6667988388101,92.63416793181734,138.70422124867565,31.24831793355318,127.93945172675997,39.11898167152768,152.65778532864897,84.89382766258531,153.50799973762264,105.23017092681043,32.51579770654141,9.543653582381749,23.19108545945514,5.390401171392847,185.75147914204237,-44.99055342041131,-19.272961727918652,63.89205410771198,84.55643467496044,187.75830083721405,188.54387009491333,106.48344120497823,-11.824470569502752,-249.25636120953317,-123.19618287769684,354.77919159199183,108.44555924324936,-399.30152400175365,237.9678325525407
191.86083008326577,-143.07054720670575,445.4079475959682,209.17041520648982,-66.373862666254,-105.30062509905645,18.395001441825784,26.05842450515585,117.5531739076847,-173.19947815884433,363.4352121919795,-187.04031291061548,-686.1077659285149,464.2056282238988,195.39985712808897,234.93153148050482,167.37125906395488,251.46137752235302,56.721901380940324,231.7505482179402,70.95012384463851,276.6960352847847,153.50799973762264,278.153678963635,190.61054295660708,58.7235787370145,17.306587496486966,42.28901032241577,9.475653589023798,336.3751512344041,-81.74141523137942,-34.56841411934561,116.14173384717246,153.4663798646738,340.03307930032963,341.32101753331364,192.6192196473207,-21.411668406861413,-451.4807672940335,-222.34574501071364,642.4936633647322,196.34526176226586,-722.7334080685523,430.83728408485865
131.78587693646645,-97.79033549276271,304.92945936759594,142.78635953184255,-45.18111660089762,-72.02048641694543,12.353604396304858,18.10975399696375,80.62118953081047,-118.80898208606807,249.23924408845716,-127.68202138341451,-469.8120507408486,317.876935987168,134.15364848734708,161.17107522611005,114.42913622114513,172.15979506677513,38.99528168663052,158.60063842218688,49.092655470055426,189.22315579485584,105.23017092681043,190.61054295660708,130.9797656828563,39.834282237870994,11.912618035519538,28.971751065985416,6.872410317226743,230.7945148218023,-55.573823632468596,-23.415275008808006,80.15096410569402,105.66008230219204,232.39336102650742,234.06729803407612,131.6526880338024,-14.69811889723005,-309.45696034764546,-153.12795023850444,439.9514255289706,134.5659855011785,-495.17496057242244,294.9006086262175
40.489182753837675,-30.684617806695933,94.49201765292027,44.88508658358669,-14.170821979434116,-22.304885264781653,4.26983215066834,5.203724998769905,24.678459697764968,-36.35360290333017,76.53261449149467,-40.478652763506645,-145.54206466114314,98.34614907717405,40.79959366688012,49.38852359609387,36.030738279668135,53.32380652715655,11.70502849710986,49.233963201713635,14.307370117592612,58.903087172093144,32.51579770654141,58.7235787370145,39.834282237870994,13.136670476915048,3.5313347486477267,8.748953111846832,1.624344321726942,70.69966106212865,-17.726595324839245,-7.975183324065795,23.49438374675274,31.59186632212713,72.81264897838903,72.02292961350655,41.31761647697306,-4.474244349897564,-95.318077463809,-46.40243456031099,136.3065516276275,41.444667645749625,-153.11452207649788,91.63997609807755
11.970027349298213,-8.866177668643878,27.641941086815297,12.845371449632964,-4.0517898462088615,-6.482584262137884,1.133836105731217,1.7374338400195508,7.286640282103503,-10.76958296616937,22.71089084878896,-11.463371588525817,-42.54091927304839,28.886936203854745,12.25431292728318,14.637136142371718,10.312416943454757,15.504421483223636,3.5621995254687486,14.373948629773166,4.488122377610782,17.110591487509833,9.543653582381749,17.306587496486966,11.912618035519538,3.5313347486477267,1.1609642334931567,2.604747172341425,0.671155499432069,21.004302521462538,-5.0537065784388915,-1.956988885502419,7.439092109239753,9.665134816144576,20.94876096061354,21.29116287761285,11.87878332875709,-1.349631791534685,-28.04032775989819,-14.074892536935836,39.852303542337474,12.281379075676677,-44.96268843476742,26.685334448173094
28.635124747198827,-21.535584504282507,67.67159408533155,31.953205927932775,-10.490693312180207,-16.270748807361187,2.615224648763009,3.8027062483421967,17.983109147716437,-26.49878391222939,55.11370581899475,-28.098703908899044,-104.18213690881856,70.51909193709052,29.87555434117301,35.74433542650954,25.084473808445168,38.412041961491255,8.74582349313666,35.26903343854119,10.914312378031664,42.23264514035684,23.19108545945514,42.28901032241577,28.971751065985416,8.748953111846832,2.604747172341425,6.803255910788346,1.2468164867702018,51.07521591995014,-12.555175852012969,-5.013451215188457,17.94239097249639,23.55804014075814,51.605461584465175,51.68202146653216,29.125397269732588,-3.262667859381534,-68.71057906384635,-33.07866813532676,97.61174424564018,29.76908279781329,-109.33889871767926,65.3295276214649
7.236401764203946,-4.741336614711859,14.88968292034619,6.492319299806845,-1.7076682092555087,-3.2634448759185153,0.47312995179630696,1.256354273926181,4.016988287265487,-5.978539158195144,12.705951391426987,-6.02758130012888,-23.077734784487326,15.635961842734295,6.872491177083046,8.177888904869912,5.6153426430584155,8.249854588677847,2.0221037963324506,7.660083288375115,2.860815485156075,8.901632707501815,5.390401171392847,9.475653589023798,6.872410317226743,1.624344321726942,0.671155499432069,1.2468164867702018,0.8818942074291714,11.84764894282792,-2.20369648234948,-1.0032851969900942,4.404640330056559,5.619384496773341,10.938862484563233,11.933558217939456,6.311754801272515,-0.7665541934643287,-15.44885966072413,-8.846915774843144,21.59288640941041,6.79187487729961,-24.902553051062533,14.429882763894637
232.44775429487035,-172.88397474216885,538.4260351455102,252.52455547441159,-79.94011735711916,-127.14679108292346,22.098433596032766,31.771738970736468,142.17663691013868,-209.54574648388152,439.7485391888653,-225.84389556977672,-829.4859223821837,561.2567547419852,236.53435182756672,284.25173420033553,202.27497616873308,303.87573987871883,68.69680967329042,280.11331014114626,86.15788599678277,334.2676068499363,185.75147914204237,336.3751512344041,230.7945148218023,70.69966106212865,21.004302521462538,51.07521591995014,11.84764894282792,407.08955032590285,-98.45466804650175,-41.59203166749593,140.86846109354826,185.93570922170497,410.7026396337551,412.98429814407615,232.71727823236242,-25.933427013059077,-546.0676575219604,-269.737532377817,776.77630750425806,237.53842091821008,-874.1417316969722,520.8051680509675
-55.71933363747307,42.29632919369395,-131.25356284704512,-62.17096126150961,20.026152650769784,31.224914646050305,-5.682420607694288,-7.3131160588008575,-34.47011835630706,50.76702319117046,-106.54543671669896,55.46082748135358,202.0088344811446,-136.71570312122333,-57.182323065480944,-68.81436320510504,-49.37914925294411,-74.14318288558256,-16.532352722554112,-68.42107026041366,-20.278345896939157,-81.90638054964482,-44.99055342041131,-81.74141523137942,-55.573823632468596,-17.726595324839245,-5.0537065784388915,-12.555175852012969,-2.20369648234948,-98.45466804650175,24.722937451466322,10.34255237687595,-33.57621331389228,-44.58841345722075,-100.67332064959635,-100.0593004189296,-56.97519443617386,6.256255231703656,132.5731013084954,64.17989173596149,-189.2258758582162,-57.668358998455275,212.3148152790666,-126.96067366428939
-24.169506446943302,18.236889578306393,-55.74902635649215,-26.584119509827133,8.195050564863568,13.072576075788815,-2.603630988360692,-2.9833111432581676,-14.519368500223639,21.3807959376558,-45.01789534193493,24.297314950076593,85.97546858296766,-57.931677930470826,-23.802001788675632,-29.049269023457914,-21.573432305743427,-31.500682725857203,-6.7758059243691635,-29.026551431824927,-8.298939528803947,-34.71258700840983,-19.272961727918652,-34.56841411934561,-23.415275008808006,-7.975183324065795,-1.956988885502419,-5.013451215188457,-1.0032851969900942,-41.59203166749593,10.34255237687595,5.147266252925838,-13.369720422835575,-18.31806206743959,-43.198900932418766,-42.45172905497566,-24.608685364810928,2.6092339130475373,56.20430480191588,27.459899334343575,-80.492281594853,-24.3482958633429,90.52171248416323,-54.25364564544943
79.97670039699233,-59.03415610259477,185.3146273826851,86.27551659540116,-27.551531323847488,-43.893909438214386,7.114895780226547,11.313107569701277,49.24094000828018,-72.59146235846598,152.00233121924242,-76.60096762056808,-285.4390093695518,193.3687758037775,82.26339746834302,98.40231376570001,68.84901682533402,104.64871496326238,24.049020861991245,96.32326308718105,30.557877698242894,114.87706958003989,63.89205410771198,116.14173384717246,80.15096410569402,23.49438374675274,7.439092109239753,17.94239097249639,4.404640330056559,140.86846109354826,-33.57621331389228,-13.369720422835575,50.060042361805586,65.24692892206006,140.52561640524513,142.54509116252876,79.42910926638534,-9.016782918349177,-188.4848667708025,-93.49729260137529,267.28916431066415,82.01423979184219,-300.8855061312519,178.88016771600442
105.79563507140882,-78.35982475389011,245.2437080205262,114.59525632429464,-36.50430356333345,-58.08489655891577,9.66829691209795,14.684333391707145,65.03520830263034,-95.7902487534641,200.6976452747354,-102.05559272280986,-377.79158773108446,255.69524433574375,108.33926725951089,129.88285828815162,91.55560222796413,138.56642467489098,31.624588255325015,127.5488286654099,39.9233392067728,152.16645206806265,84.55643467496044,153.4663798646738,105.66008230219204,31.59186632212713,9.665134816144576,23.55804014075814,5.619384496773341,185.93570922170497,-44.58841345722075,-18.31806206743959,65.24692892206006,85.64812257435676,186.491054484682,188.3826021609312,105.50421511628133,-11.862574542378171,-249.1237960575923,-123.20130299672348,353.7728942077346,108.29750073147594,-398.06815045535325,236.92190433703584
234.2827474676811,-175.53647001279023,545.1981536085495,256.9006496877029,-81.57991765077752,-128.9772943680372,22.983191340541804,31.31450591468983,143.56196482734686,-211.50094054586066,443.91957340877445,-230.03099005273955,-839.7427369590957,567.978825907623,238.25378398204504,286.88648430884683,205.50725187259465,307.87428324847843,69.01107837844222,283.7988146920165,85.7777276176911,339.0668902275882,187.75830083721405,340.03307930032963,232.39336102650742,72.81264897838903,20.94876096061354,51.605461584465175,10.938862484563233,410.7026396337551,-100.67332064959635,-43.198900932418766,140.52561640524513,186.491054484682,417.21018964449075,417.1041848702884,236.42230660265918,-26.108556123575532,-551.9601844216897,-270.63691330588347,786.4179083014312,239.9517790368826,-884.1000941680747,527.6555077721431
235.93734300988206,-175.63428610766428,546.5204532487177,256.44840379361654,-81.09987003709782,-129.00590266790047,22.58942799205919,32.17891748378677,144.19715350335127,-212.50479285382872,446.1851074956676,-229.57039033550322,-841.9387068392027,569.6414363211024,239.83696245389953,288.35018630761664,205.5558281410701,308.3977229711222,69.60719318365913,284.35143163041926,87.16864898895946,339.3306366088285,188.54387009491333,341.32101753331364,234.06729803407612,72.02292961350655,21.29116287761285,51.68202146653216,11.933558217939456,412.98429814407615,-100.0593004189296,-42.45172905497566,142.54509116252876,188.3826021609312,417.1041848702884,419.1251602019796,236.40261159871199,-26.291739510064684,-554.0677649680607,-273.6930590035087,788.4574662266508,241.03948458966002,-887.2861050543503,528.7185014990428
133.00192941827257,-99.58180553200071,308.90025102165214,145.56573182270577,-46.03745545804902,-72.94546462757596,13.10738221119495,17.787733621574052,81.2747475493226,-119.8072478660658,251.57372054303937,-130.5595811707329,-475.80971682302004,321.8508429448362,134.90573056448514,162.48598680372382,116.61808218136997,174.3234380002838,39.03320428763417,160.79670625833944,48.53257982622442,192.03679245199723,106.48344120497823,192.6192196473207,131.6526880338024,41.31761647697306,11.87878332875709,29.125397269732588,6.311754801272515,232.71727823236242,-56.97519443617386,-24.608685364810928,79.42910926638534,105.50421511628133,236.42230660265918,236.40261159871199,134.14014489111608,-14.785320717814729,-312.70130981670815,-153.6863983131083,445.6412222025965,135.98646937391038,-501.2062449995157,299.07657474715035
-14.797053975367787,10.992663954615963,-34.265010645835744,-16.054220322245254,5.093287817031266,8.089858940602777,-1.3961698588839064,-2.0366653746115904,-9.048861696676076,13.34901467264489,-28.00518110204249,14.329691369762697,52.776432015203895,-35.73219116342181,-15.08899606160173,-18.104505189463914,-12.85149705885505,-19.324358360189684,-4.389472045990799,-17.823493826092033,-5.502090982881368,-21.262666718283153,-11.824470569502752,-21.411668406861413,-14.69811889723005,-4.474244349897564,-1.349631791534685,-3.262667859381534,-0.7665541934643287,-25.933427013059077,6.256255231703656,2.6092339130475373,-9.016782918349177,-11.862574542378171,-26.108556123575532,-26.291739510064684,-14.785320717814729,1.6625288625787915,34.765692212694184,17.186099558023326,-49.423540513645165,-15.133823645580987,55.63025519678528,-33.12848158447186
-311.5440906966109,232.21164183236937,-722.9666893724857,-339.59538318959284,107.73133618559072,170.93395877073647,-29.791943575058436,-42.263866630238766,-190.83538637374122,281.22041018425494,-589.921952185866,303.62143292365494,1113.7520149405611,-753.4740331458819,-317.2190329419916,-381.3833217125812,-271.72645971240036,-408.2276795515373,-92.0860174579639,-376.1998158333521,-115.2442525425061,-449.1422611861463,-249.25636120953317,-451.4807672940335,-309.45696034764546,-95.318077463809,-28.04032775989819,-68.71057906384635,-15.44885966072413,-546.0676575219604,132.5731013084954,56.20430480191588,-188.4848667708025,-249.1237960575923,-551.9601844216897,-554.0677649680607,-312.70130981670815,34.765692212694184,732.978941231638,360.98014519191355,-1042.9977016803725,-318.7045952049783,1173.1827875768142,-699.3914406042824
-155.25150829710992,114.36047027560224,-355.5293823876388,-165.8028367500659,51.54090349433958,83.25089336926871,-14.623512310178274,-21.747769738729886,-93.8253829556521,138.45360046602633,-291.3721472132414,149.1962945728056,548.008214494296,-370.8684398852967,-156.49801668289285,-188.10547827351724,-133.9882924676035,-200.13580795506755,-45.338901113610895,-184.8070907006576,-57.441084782413895,-220.04354120864866,-123.19618287769684,-222.34574501071364,-153.12795023850444,-46.40243456031099,-14.074892536935836,-33.07866813532676,-8.846915774843144,-269.737532377817,64.17989173596149,27.459899334343575,-93.49729260137529,-123.20130299672348,-270.63691330588347,-273.6930590035087,-153.6863983131083,17.186099558023326,360.98014519191355,181.08262223359978,-513.1613410928161,-157.31369390518282,578.9154946922425,-344.1276061574522
443.2157541306148,-330.93946943725325,1029.3067000430656,483.98284036437263,-153.51130157771988,-243.33989068190826,42.83188765505644,59.87978502948229,271.4298791521155,-399.9657910662745,839.3666672598731,-433.0006674961604,-1585.5763693031854,1072.6335943086058,451.024338976101,542.4867239189374,387.2840506654011,581.1119091015262,130.81478696063107,535.7157465637846,163.30936871496365,639.680525458002,354.77919159199183,642.4936633647322,439.9514255289706,136.3065516276275,39.852303542337474,97.61174424564018,21.59288640941041,776.77630750425806,-189.2258758582162,-80.492281594853,267.28916431066415,353.7728942077346,786.4179083014312,788.4574662266508,445.6412222025965,-49.423540513645165,-1042.9977016803725,-513.1613410928161,1484.9021787069537,453.56436767848265,-1670.0490908530753,995.9014279867812
135.63228620963775,-101.05489675943605,314.3917258714721,147.59678941653027,-46.71332024713166,-74.20438714114528,13.052795842510584,18.498463788808643,82.91985356112053,-122.24144636200623,256.6783408612584,-132.02740269072024,-484.3286872275917,327.74749546173155,137.98432389408725,165.84116117228382,118.2044045771881,177.3428903677963,40.017814073057814,163.59986008715202,50.077558165246394,195.2573312450594,108.44555924324936,196.34526176226586,134.5659855011785,41.444667645749625,12.281379075676677,29.76908279781329,6.79187487729961,237.53842091821008,-57.668358998455275,-24.3482958633429,82.01423979184219,108.29750073147594,239.9517790368826,241.03948458966002,135.98646937391038,-15.133823645580987,-318.7045952049783,-157.31369390518282,453.56436767848265,138.7215443882919,-510.3852986778999,304.1517835218966
-499.5637909517946,372.3527250766623,-1157.6314785518862,-543.6935071944918,171.85372570428854,273.19403037080485,-48.25420511247046,-67.83401338006878,-305.22057666043014,449.8586037128831,-944.6219034733817,487.057425220859,1783.3619998448348,-1206.5330810661173,-507.38697541686395,-610.3212100624957,-435.808990172584,-653.1638373365419,-147.0945238534118,-602.3521861061699,-183.94016905451326,-718.9459439957194,-399.30152400175365,-722.7334080685523,-495.17496057242244,-153.11452207649788,-44.96268843476742,-109.33889871767926,-24.902553051062533,-874.1417316969722,212.3148152790666,90.52171248416323,-300.8855061312519,-398.06815045535325,-884.1000941680747,-887.2861050543503,-501.2062449995157,55.63025519678528,1173.1827875768142,578.9154946922425,-1670.0490908530753,-510.3852986778999,1879.3197863967193,-1120.179149793705
297.3589968416157,-222.10855549251193,690.3511521140498,324.6963222810935,-102.86268434527327,-163.1161832400396,28.862081413188765,40.10377072569553,181.94573529587566,-268.1359434036949,562.8255821785301,-290.7412830937981,-1063.4417869873985,719.3943096118899,302.2504294137943,363.70854014692986,259.9871564392819,389.68891667976015,87.59548473398243,359.2727422219845,109.30275619571069,429.0096322842107,237.9678325525407,430.83728408485865,294.9006086262175,91.63997609807755,26.685334448173094,65.3295276214649,14.429882763894637,520.8051680509675,-126.96067366428939,-54.25364564544943,178.88016771600442,236.92190433703584,527.6555077721431,528.7185014990428,299.07657474715035,-33.12848158447186,-699.3914406042824,-344.1276061574522,995.9014279867812,304.1517835218966,-1120.179149793705,668.0716339019478
