V1,V2,V3,V4,V5,V6,V7,V8,V9,V10,V11,V12,V13,V14,V15,V16,V17,V18,V19,V20,V21,V22,V23,V24,V25,V26,V27,V28,V29,V30,V31,V32,V33,V34,V35,V36,V37,V38,V39,V40,V41,V42,V43,V44
1.2660086291227206,0.29455252600132614,0.1291869954988239,0.47654930298607273,-1.5935758208040756,0.38037016531138146,-0.00863076168643703,-1.3448574600875711,-0.9688793674012259,-0.4984137058920593,0.584965369321151,-0.8202653412274596,-0.8832215871538378,-1.0581160885744834,0.7503370251609263,1.6639245594561907,-0.2516715804937252,-0.10969545329668813,1.3143598704109694,0.4035802404801032,-1.0847598737183546,0.0980871524347126,-0.9225480093535579,-1.0585675986502712,-0.24965442469595317,0.632922505781797,0.7141282383742052,0.3918010622173812,0.1528385724171008,1.4637685225859125,-1.4191516590765674,-0.6489343929669086,-0.34969552806923643,-0.03976239122432135,-2.6367940310805698,-0.009852081878688442,0.5467570348717128,0.19598659482362213,-0.33971655429738273,0.26865636940241694,-0.058377430292998564,-0.59094038552377,0.9270556766090867,0.600633353738637
0.29455252600132614,0.4299318919440485,-0.12741134139953644,0.28615254403297286,-0.1918205410257492,0.38443655117639985,0.30069073295142656,-0.6340555806767193,0.04396671321903033,0.09937531400094522,0.12072532901132875,-0.23192042305413643,-0.19476051912141326,-0.311900047790659,0.1632987341417568,0.3377757241227563,-0.5400265362515191,-0.003202386789787024,0.48260166858343534,0.20692453194223098,-0.17036459807102336,-0.03973357979035533,-0.5279007008177851,-0.29651696543006656,-0.0020277981535133417,0.004735988509115901,0.07152833451744549,-0.10415949443764017,0.10108938711734028,0.5786754009312749,-0.6377266852868827,-0.09750249745236385,0.0017359307171489688,0.17542390209767972,-0.8631169616936583,0.28792499440428143,0.42881485734832037,-0.09882967631532524,0.48542660940555965,-0.05948367943361701,0.23204597415891443,-0.1688321182228624,0.38446836741252705,-0.11212359045333788
0.1291869954988239,-0.12741134139953644,0.16364106049687646,-0.0439099230782053,-0.32294392145549605,-0.2771674695972806,-0.13341438631497463,0.0909579192261539,-0.3435216265902071,-0.3143987496347242,0.025005245535577886,-0.005907174649237374,-0.16430500341713536,-0.06624547837389218,0.19468884729734126,0.15820939099066642,0.33476308962093765,-0.04271017132657622,0.10786818517567738,-0.04267980857946822,-0.24867656676855526,0.11687903169790312,0.029065692241704202,-0.23433259670228673,-0.06313308773495402,0.08983671607638538,0.23057827821463764,0.2989443849086253,-0.20253027330310072,0.034571646595572866,0.07692693239867958,-0.23013335135439061,-0.05138564774713964,-0.21182779230469762,-0.007624551741213159,-0.23499995451330769,-0.35408343691431887,0.26434357723286495,-0.31721733433789445,0.09671867820382396,-0.04748308714222203,-0.12545614946157752,-0.036835284551942786,0.12638790190332466
0.47654930298607273,0.28615254403297286,-0.0439099230782053,0.5973231552444742,-0.20497893889939514,0.6480234147178086,0.4155218953591042,-0.8106036787731195,0.003559654723832028,0.05724340854796998,0.12895487118619392,-0.27692581293938684,-0.5044875028052898,-0.376817669856705,0.4242550650902506,0.6416760873919882,-0.8024957686616995,-0.16632525155600944,1.047809814913416,0.18207316275831575,-0.21777955217764502,-0.044317918387324254,-0.690114964197652,-0.5937389898036113,-0.12432819578961694,0.03347591839227266,0.3152664964892764,0.3429017768812781,0.16961001356443656,0.8290696786822326,-1.0407741801182675,-0.23122291612574333,-0.2445783107248267,-0.06427750825492147,-1.1679174093866613,0.20141945427236627,0.3277603632538432,0.14855681881892477,0.5685370520072004,-0.07841577810915949,0.4489251286503919,-0.3647348643692346,0.594452142015244,0.013238492098307535
-1.5935758208040756,-0.1918205410257492,-0.32294392145549605,-0.20497893889939514,2.742828872918198,0.5914999330304325,0.3866850908748108,1.5103015350147095,1.8097244059719508,0.9488054908112339,-0.8506219162451396,1.079516385513288,0.867846504259921,1.6076465384613068,-0.6487176142402905,-2.005094213087131,-0.6551012750373619,-0.09967411595033998,-0.8619862076286092,-0.5316670351922946,1.7042259120762797,-0.32263497404323294,0.9999084207481438,1.2705102420353034,0.2878563477752822,-0.9085366200343609,-0.8300217407903036,0.11537069267359204,0.09118952660707083,-1.5701540134807077,1.079149220384543,1.1647888368325003,0.1751778154491189,-0.37572186959006487,3.082651135463818,0.39693414534968235,-0.5838205290588483,-0.1819854042803549,1.0185223810679223,-0.5240392323882644,0.7216297771501242,0.4850350819939392,-0.8012410318143803,-1.1469694577207141
0.38037016531138146,0.38443655117639985,-0.2771674695972806,0.6480234147178086,0.5914999330304325,1.9203983139030278,0.4486535220172007,-0.8063740750075419,0.6655822216302751,0.3973272226820626,0.07662712205451966,-0.2859970109309974,-0.5893284453788242,0.09177687600327598,0.6089258691513797,0.6681496435861731,-1.683334750942517,-0.3676003985898002,1.638681986446555,0.11679024047038537,0.16055112626487236,-0.3152939263637139,-0.49361990088661667,-0.30171001783083673,-0.17146414424712525,0.13071268191636332,0.2630014229838223,0.8817124883334592,0.6383637312828365,0.8355025753433009,-1.6192416464365516,0.4305228402931361,-0.6008325048717696,-0.6755831322808863,-1.326133883685328,0.7063988842589475,0.525645478566882,0.02073386895805508,0.7552439267208608,-0.22237698260058242,0.8379393249091448,-0.552850506544825,0.8763683570304135,-0.38174421335951164
-0.00863076168643703,0.30069073295142656,-0.13341438631497463,0.4155218953591042,0.3866850908748108,0.4486535220172007,0.5373579323938394,-0.4202425452031585,0.33832399476913383,0.2897286708539843,-0.08452923734850629,-0.015259734019823985,-0.11674475700532842,-0.030487914526079626,0.09582058410806944,0.004897150766134675,-0.7068666955526612,-0.09653360207588811,0.4479512040249001,0.06581017678497772,0.19493793059763054,-0.09897527209087116,-0.40540672750444784,-0.21278825036942392,0.017918705237239395,-0.21780606501856842,-0.046736902344026506,0.0025737744876323763,0.09525413135470648,0.3234749805900846,-0.5104542823785476,0.07844962943286522,0.006737150185510581,0.1322446829287346,-0.24254127125923491,0.2253409881176842,0.27339539346334163,-0.024150066589069513,0.7615487716445891,-0.1952091026115491,0.48616446369898125,-0.064976027349734,0.2215743491497911,-0.2934280659474555
-1.3448574600875711,-0.6340555806767193,0.0909579192261539,-0.8106036787731195,1.5103015350147095,-0.8063740750075419,-0.4202425452031585,2.1934632690307807,0.7825310119758571,0.04490783866104003,-0.6784096540117525,1.137726832991207,0.8420125259273247,1.3570327043210024,-0.6029497320531383,-1.8425761206128954,0.9655547023088479,0.10716543092974,-1.609743602184985,-0.5807220229082146,1.0171022037887727,0.07316808388037523,1.4148449449382503,1.1961565591371892,0.30379940592105464,-0.5922881404914155,-0.45452338740194365,0.36759898528162444,-0.474944246732461,-1.863936064216316,2.1048082731737843,0.5822852540200321,0.31431159484842514,-0.4961418101185167,3.3874328079571,-0.30287345655989756,-1.4693053825995603,0.1900405719893868,-0.40308777000596396,-0.11257297181468826,-0.05697642305068573,0.5137998923227589,-1.1271476916396175,-0.556785287728722
-0.9688793674012259,0.04396671321903033,-0.3435216265902071,0.003559654723832028,1.8097244059719508,0.6655822216302751,0.33832399476913383,0.7825310119758571,1.5083081466757533,0.8169525773620689,-0.47702160334720317,0.6987535026399275,0.6083107634403433,0.9537005843500839,-0.5710015256123547,-1.3205686659050524,-0.8426393603896536,0.07117646234343548,-0.52467185462599,-0.22325622572842568,1.1935075202925802,-0.22513024923196356,0.43119082437062245,0.9895420385572562,0.21876698874180156,-0.6798425127824531,-0.5819076916004179,-0.14227793869325744,0.24610413573611625,-0.8562053148519234,0.5274180459507585,0.7563613222139174,0.10376214663053834,0.006078701518214075,1.7157034038975616,0.5532373419678965,-0.044234204910730254,-0.31943396455906875,1.0484244974319095,-0.4186078849505889,0.4798784698381477,0.2908652001172676,-0.2943896453333034,-0.7379725702053839
-0.4984137058920593,0.09937531400094522,-0.3143987496347242,0.05724340854796998,0.9488054908112339,0.3973272226820626,0.2897286708539843,0.04490783866104003,0.8169525773620689,0.825904249233056,-0.17003420733556265,0.15963712312632874,0.5285806712131965,0.273121931203332,-0.6368778705155862,-0.60450805365979,-0.573342662303883,0.10775440032511999,-0.5369520481806047,0.008708067629003068,0.7167370337163367,-0.2714639932358922,0.09643997817333305,0.679555887738353,0.1533138051246644,-0.3576129897653434,-0.6559895120682979,-0.9162170942606952,0.40918965122865864,-0.37181892735291344,0.12605470229482765,0.49834826573403573,0.21427513798211126,0.6065479302593192,0.5197586688358606,0.41252802352662477,0.7786743653673048,-0.6217639176407085,0.7712778640093666,-0.19501774979816547,0.01706796728501571,0.38802562001726176,-0.1706311206219949,-0.1932494561619325
0.584965369321151,0.12072532901132875,0.025005245535577886,0.12895487118619392,-0.8506219162451396,0.07662712205451966,-0.08452923734850629,-0.6784096540117525,-0.47702160334720317,-0.17003420733556265,0.39067796793550924,-0.5035557931980339,-0.2653408474211083,-0.58443467636952,0.16296017143291858,0.7886532362644534,0.023420391224233325,0.040004857289987136,0.34072200326407737,0.22134467655591158,-0.49546430384371276,-0.012447402947644803,-0.362258660423595,-0.3362527185431033,-0.09962071666233671,0.3884357469544676,0.18189498617293953,-0.18762814461134317,0.17442779766689426,0.6093495637625089,-0.5512669736809194,-0.2770499449030287,-0.10876693522692608,0.2356679283697342,-1.327662638067249,-0.001774246345410237,0.5197292585447374,-0.08775470686421882,-0.29988060484319035,0.11904978701213925,-0.25435507694005904,-0.16772468034471702,0.35177444780957906,0.4032471432252568
-0.8202653412274596,-0.23192042305413643,-0.005907174649237374,-0.27692581293938684,1.079516385513288,-0.2859970109309974,-0.015259734019823985,1.137726832991207,0.6987535026399275,0.15963712312632874,-0.5035557931980339,0.8333086655414683,0.48749833337190907,0.8448928148431624,-0.36749647680807146,-1.2112514720564265,0.12549590776055336,0.11478858302456571,-0.7349376548697244,-0.307984673691711,0.6929950218578353,0.10893399295644053,0.6026078015701403,0.6337616307957896,0.15394332379918282,-0.584675792214764,-0.21183295346088468,0.19136162520382005,-0.3284992774288465,-0.9537370939881418,1.0640478234785264,0.3274526641972039,0.24048397091869664,-0.2308698527958347,2.009270991854653,-0.0038002378610970744,-0.7919725213348711,0.09152831630515595,0.33874238171165116,-0.14089935170937506,0.21225631277621973,0.23524331080321076,-0.5383763603540813,-0.48387084903580774
-0.8832215871538378,-0.19476051912141326,-0.16430500341713536,-0.5044875028052898,0.867846504259921,-0.5893284453788242,-0.11674475700532842,0.8420125259273247,0.6083107634403433,0.5285806712131965,-0.2653408474211083,0.48749833337190907,1.0320615635819852,0.5332976622435459,-1.036018542992819,-1.235121012762696,0.39659697554990275,0.37520679546430374,-1.5553952853208461,-0.18198447417368876,0.7536256797531232,-0.08502256428902177,0.6945817238101726,1.0494417987828726,0.21136435741695717,-0.46169506996543985,-0.7755919971161438,-1.2456450418197866,-0.024804940835132374,-1.1038351442044811,1.2798600062601573,0.4433418107631543,0.5650875083274677,0.7248779279917029,1.6748296197299999,0.06371140471229643,0.27535282369541475,-0.596522970761806,0.24074284922800163,-0.09432860930093871,-0.4390420486756349,0.6406881891705365,-0.8026988494678005,-0.14865343278362084
-1.0581160885744834,-0.311900047790659,-0.06624547837389218,-0.376817669856705,1.6076465384613068,0.09177687600327598,-0.030487914526079626,1.3570327043210024,0.9537005843500839,0.273121931203332,-0.58443467636952,0.8448928148431624,0.5332976622435459,1.219814129547237,-0.2995039189115843,-1.3930623894187897,0.016552626841869828,-0.034723295412071434,-0.7123015124778912,-0.4702815087692622,0.96913343027592,-0.042958746102983725,0.9340953707301848,0.849018315075977,0.158524120801481,-0.4931107662521629,-0.36297421940511176,0.4372996661499926,-0.1659324099613011,-1.2614983598256089,1.0535204426965172,0.7060912258605774,0.06855021157108562,-0.5808374073348201,2.3863729838912056,0.07600561345784668,-0.9140172280607703,0.09439820649444051,0.1830030101118523,-0.23749977383823367,0.35562194591003,0.2612676976784661,-0.6784500394548381,-0.7385859913493201
0.7503370251609263,0.1632987341417568,0.19468884729734126,0.4242550650902506,-0.6487176142402905,0.6089258691513797,0.09582058410806944,-0.6029497320531383,-0.5710015256123547,-0.6368778705155862,0.16296017143291858,-0.36749647680807146,-1.036018542992819,-0.2995039189115843,1.1852037486966467,1.0713727109162743,-0.3288373169907607,-0.4409077474979768,1.6181882917691974,0.06487019236945436,-0.6772304816438542,0.09947822068184749,-0.5106918850693116,-1.0694298626687166,-0.22733739929332658,0.44997605375465927,0.8224708228304732,1.6025200586258455,-0.11030987828499934,0.9489674023213076,-1.1649335189884342,-0.3567804749503977,-0.6022659621237345,-1.0675222998482332,-1.311267641282724,-0.10776426712513898,-0.6459679731695782,0.7692245468997297,-0.33068743304209874,0.05050963379345672,0.6093934765430177,-0.6866360558134288,0.691586070113458,-0.07804245576329133
1.6639245594561907,0.3377757241227563,0.15820939099066642,0.6416760873919882,-2.005094213087131,0.6681496435861731,0.004897150766134675,-1.8425761206128954,-1.3205686659050524,-0.60450805365979,0.7886532362644534,-1.2112514720564265,-1.235121012762696,-1.3930623894187897,1.0713727109162743,2.3484906054187826,-0.3579018512956795,-0.28934993706606194,1.8845307132423594,0.5232273760170065,-1.3965034689609366,0.0017099240837265641,-1.1579493304079056,-1.4556208079280715,-0.3543297495952073,0.9564569779253782,0.890613130035722,0.6145340749942528,0.3155849709191028,1.9510012506608412,-2.02020451814021,-0.7187521730591431,-0.549601161666696,-0.1698258708849693,-3.596385058452599,-0.07153738154031464,0.7937812401099721,0.27388463964366677,-0.5947698636356138,0.32382686613140566,-0.03456034377390049,-0.7524535940320565,1.2308586433574404,0.7982839162976193
-0.2516715804937252,-0.5400265362515191,0.33476308962093765,-0.8024957686616995,-0.6551012750373619,-1.683334750942517,-0.7068666955526612,0.9655547023088479,-0.8426393603896536,-0.573342662303883,0.023420391224233325,0.12549590776055336,0.39659697554990275,0.016552626841869828,-0.3288373169907607,-0.3579018512956795,1.975389698892164,0.2114559705653474,-1.5560259984997877,-0.18056722333440867,-0.24685331651089298,0.2386497113462522,0.7909619424131678,0.35252361903561485,0.16692565344278484,0.25054550766629813,-0.21212969032459833,-0.40439238318074205,-0.5265336134927545,-0.8898897591851254,1.585344226932457,-0.24888134601179077,0.3866336463073469,0.24832399953232928,1.1488563346303595,-0.766769093102703,-0.71859377806695,0.07922121539766723,-1.4650054778416968,0.29658850026831785,-0.8991137164084966,0.4718174313095255,-0.8545627530791506,0.4286780432207612
-0.10969545329668813,-0.003202386789787024,-0.04271017132657622,-0.16632525155600944,-0.09967411595033998,-0.3676003985898002,-0.09653360207588811,0.10716543092974,0.07117646234343548,0.10775440032511999,0.040004857289987136,0.11478858302456571,0.37520679546430374,-0.034723295412071434,-0.4409077474979768,-0.28934993706606194,0.2114559705653474,0.3222685478093345,-0.6508203411404345,0.04033987725444694,0.0719665272745036,0.08532190015929969,0.09350445775242797,0.355606301953951,0.052677614814971435,-0.12054159259059956,-0.20773140379966118,-0.7082934432963164,-0.04539967009705017,-0.21570123065170022,0.4584390145572138,-0.03750857618865129,0.2895740933199219,0.5333817278858001,0.22395168974468616,0.0697904564952303,0.30370483656068864,-0.31324422939167457,0.08578873391006411,0.02791289692472869,-0.3337411770666244,0.19654955443644526,-0.193832515215156,0.12292817069707362
1.3143598704109694,0.48260166858343534,0.10786818517567738,1.047809814913416,-0.8619862076286092,1.638681986446555,0.4479512040249001,-1.609743602184985,-0.52467185462599,-0.5369520481806047,0.34072200326407737,-0.7349376548697244,-1.5553952853208461,-0.7123015124778912,1.6181882917691974,1.8845307132423594,-1.5560259984997877,-0.6508203411404345,3.1810364784126666,0.28192048124223656,-0.9969274235522213,-0.03111303296037803,-1.2811480658515892,-1.8078106786947619,-0.5354988752541615,0.45388594831976986,1.300743834707806,1.9666871345690289,0.1652575857677871,1.9837652772658003,-2.613387829875315,-0.5715475084390368,-0.9445479080788038,-1.3321650409502226,-2.8645062349707078,0.20505781975892634,-0.06353333106791627,0.9236147714964803,0.4610903132941593,-0.01251899764497611,1.0896369628997726,-1.2673731466555296,1.4523027647317868,-0.013402404427177946
0.4035802404801032,0.20692453194223098,-0.04267980857946822,0.18207316275831575,-0.5316670351922946,0.11679024047038537,0.06581017678497772,-0.5807220229082146,-0.22325622572842568,0.008708067629003068,0.22134467655591158,-0.307984673691711,-0.18198447417368876,-0.4702815087692622,0.06487019236945436,0.5232273760170065,-0.18056722333440867,0.04033987725444694,0.28192048124223656,0.23694318360328032,-0.3096686394385197,-0.009627613813754314,-0.42426796639294523,-0.2535458919858506,-0.029835037616178835,0.1476852001341323,0.0907953111544509,-0.24238369005274565,0.12867273163511422,0.5419911832737657,-0.46271261293486,-0.19948724175165092,0.006613840081408545,0.2977632553885225,-0.9955577971620619,0.09867605200853859,0.49574443206226787,-0.1350460694423842,0.09052172392385813,0.05966575732392278,-0.09374116361542394,-0.08654406515728295,0.3426879174444369,0.2387600864048781
-1.0847598737183546,-0.17036459807102336,-0.24867656676855526,-0.21777955217764502,1.7042259120762797,0.16055112626487236,0.19493793059763054,1.0171022037887727,1.1935075202925802,0.7167370337163367,-0.49546430384371276,0.6929950218578353,0.7536256797531232,0.96913343027592,-0.6772304816438542,-1.3965034689609366,-0.24685331651089298,0.0719665272745036,-0.9969274235522213,-0.3096686394385197,1.1969095845042286,-0.21810137872497098,0.7196445265371171,1.0618938637981805,0.26423762960755265,-0.5765945146470313,-0.7239566771801679,-0.3033926521530604,0.14305154046845045,-1.1422760612843943,0.9487123309741027,0.8037985142838744,0.21924594244395856,0.11502721819308732,2.0618156786352984,0.2358331500562529,-0.174016423690482,-0.33848865496943265,0.5575552066910656,-0.3311972484431444,0.22621635710286453,0.5356730634001748,-0.6070862839388059,-0.61964103730312
0.0980871524347126,-0.03973357979035533,0.11687903169790312,-0.044317918387324254,-0.32263497404323294,-0.3152939263637139,-0.09897527209087116,0.07316808388037523,-0.22513024923196356,-0.2714639932358922,-0.012447402947644803,0.10893399295644053,-0.08502256428902177,-0.042958746102983725,0.09947822068184749,0.0017099240837265641,0.2386497113462522,0.08532190015929969,-0.03111303296037803,-0.009627613813754314,-0.21810137872497098,0.21738392688508518,-0.04037061298018152,-0.13263315197676404,-0.02979445340537291,-0.006480178617097587,0.2053131929032367,0.14827888933960853,-0.2459908327304477,0.020788089239988546,0.16354613851267225,-0.23535890194474607,0.03444161432048914,-0.07266066307624292,0.07453081767236835,-0.10753159067851362,-0.3196260894011973,0.16375548688070204,-0.1108823978426532,0.08344843527986696,-0.0495562717151768,-0.07874086269641026,-0.013255358606211432,0.0573184566447689
-0.9225480093535579,-0.5279007008177851,0.029065692241704202,-0.690114964197652,0.9999084207481438,-0.49361990088661667,-0.40540672750444784,1.4148449449382503,0.43119082437062245,0.09643997817333305,-0.362258660423595,0.6026078015701403,0.6945817238101726,0.9340953707301848,-0.5106918850693116,-1.1579493304079056,0.7909619424131678,0.09350445775242797,-1.2811480658515892,-0.42426796639294523,0.7196445265371171,-0.04037061298018152,1.1721828432868753,0.9683876030872388,0.16929735764058307,-0.18312097941651806,-0.4804425519058533,-0.025237816572584584,-0.1535606647253407,-1.3835884967075747,1.440312022779702,0.5983240276065332,0.1933577538732413,-0.24486430603001824,2.158472965435903,-0.21859075622069518,-0.7063004243206782,-0.06897718762331989,-0.5953858772349742,-0.05531316459613921,-0.25169263918070384,0.4787316988673284,-0.8818213990617952,-0.2921710456431981
-1.0585675986502712,-0.29651696543006656,-0.23433259670228673,-0.5937389898036113,1.2705102420353034,-0.30171001783083673,-0.21278825036942392,1.1961565591371892,0.9895420385572562,0.679555887738353,-0.3362527185431033,0.6337616307957896,1.0494417987828726,0.849018315075977,-1.0694298626687166,-1.4556208079280715,0.35252361903561485,0.355606301953951,-1.8078106786947619,-0.2535458919858506,1.0618938637981805,-0.13263315197676404,0.9683876030872388,1.5059267901376017,0.3403398105292094,-0.4124107267004684,-0.930619609560174,-0.994110898560575,0.1954318975248521,-1.4243291196373455,1.4799654010038366,0.759164834448601,0.40440970797946635,0.56675318826665,2.089457709073553,0.2244719921625582,0.11368721274704018,-0.6874860888449474,0.05427035494464622,-0.14786628468218402,-0.4231568297849766,0.7558990072823016,-0.8143656871547826,-0.2608984259350122
-0.24965442469595317,-0.0020277981535133417,-0.06313308773495402,-0.12432819578961694,0.2878563477752822,-0.17146414424712525,0.017918705237239395,0.30379940592105464,0.21876698874180156,0.1533138051246644,-0.09962071666233671,0.15394332379918282,0.21136435741695717,0.158524120801481,-0.22733739929332658,-0.3543297495952073,0.16692565344278484,0.052677614814971435,-0.5354988752541615,-0.029835037616178835,0.26423762960755265,-0.02979445340537291,0.16929735764058307,0.3403398105292094,0.18787974454667475,-0.1066749848637243,-0.2555328429908145,-0.18328006232689859,0.019421488815965254,-0.3142242782342885,0.40799864931343405,0.18731598932588886,0.13676844829177412,0.20235706630025027,0.5348409802753197,0.020929474180829615,-0.05619980497528338,-0.15781689150891767,-0.018909354221050362,-0.030682648499906283,-0.06454735955436644,0.249284571429922,-0.17201862024987533,-0.11144802363842511
0.632922505781797,0.004735988509115901,0.08983671607638538,0.03347591839227266,-0.9085366200343609,0.13071268191636332,-0.21780606501856842,-0.5922881404914155,-0.6798425127824531,-0.3576129897653434,0.3884357469544676,-0.584675792214764,-0.46169506996543985,-0.4931107662521629,0.44997605375465927,0.9564569779253782,0.25054550766629813,-0.12054159259059956,0.45388594831976986,0.1476852001341323,-0.5765945146470313,-0.006480178617097587,-0.18312097941651806,-0.4124107267004684,-0.1066749848637243,0.6574422750752192,0.2513333385480904,0.2765049761020613,0.18325445301646925,0.5500895888464216,-0.583057994029776,-0.1640711145221349,-0.30372746183230015,-0.15374915121055535,-1.3279281063797186,-0.12494911936416132,0.1914222343160156,0.07404205620246038,-0.8035463238746704,0.15333016466823884,-0.22398420723330237,-0.1635825409923604,0.3427618348231189,0.35852262761279013
0.7141282383742052,0.07152833451744549,0.23057827821463764,0.3152664964892764,-0.8300217407903036,0.2630014229838223,-0.046736902344026506,-0.45452338740194365,-0.5819076916004179,-0.6559895120682979,0.18189498617293953,-0.21183295346088468,-0.7755919971161438,-0.36297421940511176,0.8224708228304732,0.890613130035722,-0.21212969032459833,-0.20773140379966118,1.300743834707806,0.0907953111544509,-0.7239566771801679,0.2053131929032367,-0.4804425519058533,-0.930619609560174,-0.2555328429908145,0.2513333385480904,0.8683074246008754,1.177808562318733,-0.22700310531019344,0.8447828385075447,-0.8380435450270906,-0.5159114694750488,-0.3898093042250303,-0.7521521765523955,-1.1363561406125706,-0.1558217774112274,-0.5109780162074905,0.6633564279494936,-0.20141486985176152,0.14106186382811312,0.32807660363176944,-0.6648521644799807,0.5948954818059173,0.1447879284806513
0.3918010622173812,-0.10415949443764017,0.2989443849086253,0.3429017768812781,0.11537069267359204,0.8817124883334592,0.0025737744876323763,0.36759898528162444,-0.14227793869325744,-0.9162170942606952,-0.18762814461134317,0.19136162520382005,-1.2456450418197866,0.4372996661499926,1.6025200586258455,0.6145340749942528,-0.40439238318074205,-0.7082934432963164,1.9666871345690289,-0.24238369005274565,-0.3033926521530604,0.14827888933960853,-0.025237816572584584,-0.994110898560575,-0.18328006232689859,0.2765049761020613,1.177808562318733,3.2253782905621273,-0.32641901030093806,0.5187307501562187,-0.8302320610513702,-0.04631945127314719,-0.9364466781256019,-2.211966742070348,-0.11255483379316573,-0.26206710970058167,-2.002660931028391,1.420360076768737,-0.5743979320947549,-0.07409234599387894,1.1789049403408325,-0.8551243091283335,0.6719113370866817,-0.5829121470354839
0.1528385724171008,0.10108938711734028,-0.20253027330310072,0.16961001356443656,0.09118952660707083,0.6383637312828365,0.09525413135470648,-0.474944246732461,0.24610413573611625,0.40918965122865864,0.17442779766689426,-0.3284992774288465,-0.024804940835132374,-0.1659324099613011,-0.11030987828499934,0.3155849709191028,-0.5265336134927545,-0.04539967009705017,0.1652575857677871,0.12867273163511422,0.14305154046845045,-0.2459908327304477,-0.1535606647253407,0.1954318975248521,0.019421488815965254,0.18325445301646925,-0.22700310531019344,-0.32641901030093806,0.579201776635486,0.23744222502014284,-0.5689264053048096,0.2790884344245298,-0.19789831341054856,0.27354383653041264,-0.7570489694232214,0.3007836091431576,0.7744265739220282,-0.3989618162352717,0.11144592055675821,-0.04274238189156294,-0.08235198534560492,0.08948245794078317,0.2874047922128719,0.12788830548434987
1.4637685225859125,0.5786754009312749,0.034571646595572866,0.8290696786822326,-1.5701540134807077,0.8355025753433009,0.3234749805900846,-1.863936064216316,-0.8562053148519234,-0.37181892735291344,0.6093495637625089,-0.9537370939881418,-1.1038351442044811,-1.2614983598256089,0.9489674023213076,1.9510012506608412,-0.8898897591851254,-0.21570123065170022,1.9837652772658003,0.5419911832737657,-1.1422760612843943,0.020788089239988546,-1.3835884967075747,-1.4243291196373455,-0.3142242782342885,0.5500895888464216,0.8447828385075447,0.5187307501562187,0.23744222502014284,1.9916467424428133,-2.0731489279110193,-0.7021096240834434,-0.41153802791562905,-0.05071825519308938,-3.2899809983437907,0.17505740780605938,0.8237530760970659,0.2305066383046899,0.22155917995348526,0.16954260119282857,0.29778709298251277,-0.7754942118698547,1.2921760806381972,0.47870146876920333
-1.4191516590765674,-0.6377266852868827,0.07692693239867958,-1.0407741801182675,1.079149220384543,-1.6192416464365516,-0.5104542823785476,2.1048082731737843,0.5274180459507585,0.12605470229482765,-0.5512669736809194,1.0640478234785264,1.2798600062601573,1.0535204426965172,-1.1649335189884342,-2.02020451814021,1.585344226932457,0.4584390145572138,-2.613387829875315,-0.46271261293486,0.9487123309741027,0.16354613851267225,1.440312022779702,1.4799654010038366,0.40799864931343405,-0.583057994029776,-0.8380435450270906,-0.8302320610513702,-0.5689264053048096,-2.0731489279110193,2.73058242156862,0.4370877719265872,0.7676961075644048,0.43617239654064777,3.472886797269261,-0.4169413632402786,-0.9588611904954609,-0.250657859455736,-0.5279911516052913,-0.054259655052604557,-0.6428248302561104,0.9301505493581442,-1.461856055991808,-0.2512770751563862
-0.6489343929669086,-0.09750249745236385,-0.23013335135439061,-0.23122291612574333,1.1647888368325003,0.4305228402931361,0.07844962943286522,0.5822852540200321,0.7563613222139174,0.49834826573403573,-0.2770499449030287,0.3274526641972039,0.4433418107631543,0.7060912258605774,-0.3567804749503977,-0.7187521730591431,-0.24888134601179077,-0.03750857618865129,-0.5715475084390368,-0.19948724175165092,0.8037985142838744,-0.23535890194474607,0.5983240276065332,0.759164834448601,0.18731598932588886,-0.1640711145221349,-0.5159114694750488,-0.04631945127314719,0.2790884344245298,-0.7021096240834434,0.4370877719265872,0.8848133122947122,0.05534207890015137,-0.06800349949349568,1.0858216973889863,0.21392916610026505,0.03222398519448281,-0.34310813149865677,0.07171686515503232,-0.1848637352750993,0.14203422707115887,0.4061455936662079,-0.30067772592301456,-0.47827384735450046
-0.34969552806923643,0.0017359307171489688,-0.05138564774713964,-0.2445783107248267,0.1751778154491189,-0.6008325048717696,0.006737150185510581,0.31431159484842514,0.10376214663053834,0.21427513798211126,-0.10876693522692608,0.24048397091869664,0.5650875083274677,0.06855021157108562,-0.6022659621237345,-0.549601161666696,0.3866336463073469,0.2895740933199219,-0.9445479080788038,0.006613840081408545,0.21924594244395856,0.03444161432048914,0.1933577538732413,0.40440970797946635,0.13676844829177412,-0.30372746183230015,-0.3898093042250303,-0.9364466781256019,-0.19789831341054856,-0.41153802791562905,0.7676961075644048,0.05534207890015137,0.5509694934589867,0.6702893227971852,0.694032759898348,-0.025861727386185307,0.28720107729598904,-0.35410969084548216,0.2104575922274107,0.016157017611501963,-0.29742505553325194,0.3456028704544617,-0.4216764742381054,0.013637917284721891
-0.03976239122432135,0.17542390209767972,-0.21182779230469762,-0.06427750825492147,-0.37572186959006487,-0.6755831322808863,0.1322446829287346,-0.4961418101185167,0.006078701518214075,0.6065479302593192,0.2356679283697342,-0.2308698527958347,0.7248779279917029,-0.5808374073348201,-1.0675222998482332,-0.1698258708849693,0.24832399953232928,0.5333817278858001,-1.3321650409502226,0.2977632553885225,0.11502721819308732,-0.07266066307624292,-0.24486430603001824,0.56675318826665,0.20235706630025027,-0.15374915121055535,-0.7521521765523955,-2.211966742070348,0.27354383653041264,-0.05071825519308938,0.43617239654064777,-0.06800349949349568,0.6702893227971852,1.8032627810856026,-0.3782248580983553,0.15579644215328964,1.518396232502481,-1.0141610386599844,0.3998113034730125,0.06459922140265613,-0.81504778978988,0.6263278345963139,-0.24087801789010654,0.515667273105637
-2.6367940310805698,-0.8631169616936583,-0.007624551741213159,-1.1679174093866613,3.082651135463818,-1.326133883685328,-0.24254127125923491,3.3874328079571,1.7157034038975616,0.5197586688358606,-1.327662638067249,2.009270991854653,1.6748296197299999,2.3863729838912056,-1.311267641282724,-3.596385058452599,1.1488563346303595,0.22395168974468616,-2.8645062349707078,-0.9955577971620619,2.0618156786352984,0.07453081767236835,2.158472965435903,2.089457709073553,0.5348409802753197,-1.3279281063797186,-1.1363561406125706,-0.11255483379316573,-0.7570489694232214,-3.2899809983437907,3.472886797269261,1.0858216973889863,0.694032759898348,-0.3782248580983553,6.124405578985615,-0.31374289235714214,-2.0958857528442163,0.06199272955833543,0.20906786455220516,-0.42211855901646933,0.11674830291343621,1.0916476842362755,-2.091748972257378,-1.2299364762474878
-0.009852081878688442,0.28792499440428143,-0.23499995451330769,0.20141945427236627,0.39693414534968235,0.7063988842589475,0.2253409881176842,-0.30287345655989756,0.5532373419678965,0.41252802352662477,-0.001774246345410237,-0.0038002378610970744,0.06371140471229643,0.07600561345784668,-0.10776426712513898,-0.07153738154031464,-0.766769093102703,0.0697904564952303,0.20505781975892634,0.09867605200853859,0.2358331500562529,-0.10753159067851362,-0.21859075622069518,0.2244719921625582,0.020929474180829615,-0.12494911936416132,-0.1558217774112274,-0.26206710970058167,0.3007836091431576,0.17505740780605938,-0.4169413632402786,0.21392916610026505,-0.025861727386185307,0.15579644215328964,-0.31374289235714214,0.5284407305785508,0.5399599673460821,-0.3143449415382244,0.6618996508579259,-0.12872974355169692,0.20926891630880604,-0.06803940759074553,0.2523250376508611,-0.20540730645881106
0.5467570348717128,0.42881485734832037,-0.35408343691431887,0.3277603632538432,-0.5838205290588483,0.525645478566882,0.27339539346334163,-1.4693053825995603,-0.044234204910730254,0.7786743653673048,0.5197292585447374,-0.7919725213348711,0.27535282369541475,-0.9140172280607703,-0.6459679731695782,0.7937812401099721,-0.71859377806695,0.30370483656068864,-0.06353333106791627,0.49574443206226787,-0.174016423690482,-0.3196260894011973,-0.7063004243206782,0.11368721274704018,-0.05619980497528338,0.1914222343160156,-0.5109780162074905,-2.002660931028391,0.7744265739220282,0.8237530760970659,-0.9588611904954609,0.03222398519448281,0.28720107729598904,1.518396232502481,-2.0958857528442163,0.5399599673460821,2.3522445752051726,-1.1121895848750356,0.6400636653250236,0.07419470215445853,-0.5691952624207595,0.18750891540205641,0.42673909998076526,0.6237272144461922
0.19598659482362213,-0.09882967631532524,0.26434357723286495,0.14855681881892477,-0.1819854042803549,0.02073386895805508,-0.024150066589069513,0.1900405719893868,-0.31943396455906875,-0.6217639176407085,-0.08775470686421882,0.09152831630515595,-0.596522970761806,0.09439820649444051,0.7692245468997297,0.27388463964366677,0.07922121539766723,-0.31324422939167457,0.9236147714964803,-0.1350460694423842,-0.33848865496943265,0.16375548688070204,-0.06897718762331989,-0.6874860888449474,-0.15781689150891767,0.07404205620246038,0.6633564279494936,1.420360076768737,-0.3989618162352717,0.2305066383046899,-0.250657859455736,-0.34310813149865677,-0.35410969084548216,-1.0141610386599844,0.06199272955833543,-0.3143449415382244,-1.1121895848750356,0.8539988382296756,-0.27130908811058146,-0.006209640406384454,0.49705751111289037,-0.4846081745158873,0.1741561806279554,-0.16756044998724318
-0.33971655429738273,0.48542660940555965,-0.31721733433789445,0.5685370520072004,1.0185223810679223,0.7552439267208608,0.7615487716445891,-0.40308777000596396,1.0484244974319095,0.7712778640093666,-0.29988060484319035,0.33874238171165116,0.24074284922800163,0.1830030101118523,-0.33068743304209874,-0.5947698636356138,-1.4650054778416968,0.08578873391006411,0.4610903132941593,0.09052172392385813,0.5575552066910656,-0.1108823978426532,-0.5953858772349742,0.05427035494464622,-0.018909354221050362,-0.8035463238746704,-0.20141486985176152,-0.5743979320947549,0.11144592055675821,0.22155917995348526,-0.5279911516052913,0.07171686515503232,0.2104575922274107,0.3998113034730125,0.20906786455220516,0.6618996508579259,0.6400636653250236,-0.27130908811058146,1.9531692752790693,-0.33441710791173973,0.6759113030104453,-0.12318613977764376,0.20732756163557578,-0.492692213291006
0.26865636940241694,-0.05948367943361701,0.09671867820382396,-0.07841577810915949,-0.5240392323882644,-0.22237698260058242,-0.1952091026115491,-0.11257297181468826,-0.4186078849505889,-0.19501774979816547,0.11904978701213925,-0.14089935170937506,-0.09432860930093871,-0.23749977383823367,0.05050963379345672,0.32382686613140566,0.29658850026831785,0.02791289692472869,-0.01251899764497611,0.05966575732392278,-0.3311972484431444,0.08344843527986696,-0.05531316459613921,-0.14786628468218402,-0.030682648499906283,0.15333016466823884,0.14106186382811312,-0.07409234599387894,-0.04274238189156294,0.16954260119282857,-0.054259655052604557,-0.1848637352750993,0.016157017611501963,0.06459922140265613,-0.42211855901646933,-0.12872974355169692,0.07419470215445853,-0.006209640406384454,-0.33441710791173973,0.21585900363062693,-0.26547546876758893,-0.05881823498626445,0.06051641528886635,0.28993305255057766
-0.058377430292998564,0.23204597415891443,-0.04748308714222203,0.4489251286503919,0.7216297771501242,0.8379393249091448,0.48616446369898125,-0.05697642305068573,0.4798784698381477,0.01706796728501571,-0.25435507694005904,0.21225631277621973,-0.4390420486756349,0.35562194591003,0.6093934765430177,-0.03456034377390049,-0.8991137164084966,-0.3337411770666244,1.0896369628997726,-0.09374116361542394,0.22621635710286453,-0.0495562717151768,-0.25169263918070384,-0.4231568297849766,-0.06454735955436644,-0.22398420723330237,0.32807660363176944,1.1789049403408325,-0.08235198534560492,0.29778709298251277,-0.6428248302561104,0.14203422707115887,-0.29742505553325194,-0.81504778978988,0.11674830291343621,0.20926891630880604,-0.5691952624207595,0.49705751111289037,0.6759113030104453,-0.26547546876758893,0.9737658551287292,-0.39411176880536064,0.33806527060056424,-0.640852215986787
-0.59094038552377,-0.1688321182228624,-0.12545614946157752,-0.3647348643692346,0.4850350819939392,-0.552850506544825,-0.064976027349734,0.5137998923227589,0.2908652001172676,0.38802562001726176,-0.16772468034471702,0.23524331080321076,0.6406881891705365,0.2612676976784661,-0.6866360558134288,-0.7524535940320565,0.4718174313095255,0.19654955443644526,-1.2673731466555296,-0.08654406515728295,0.5356730634001748,-0.07874086269641026,0.4787316988673284,0.7558990072823016,0.249284571429922,-0.1635825409923604,-0.6648521644799807,-0.8551243091283335,0.08948245794078317,-0.7754942118698547,0.9301505493581442,0.4061455936662079,0.3456028704544617,0.6263278345963139,1.0916476842362755,-0.06803940759074553,0.18750891540205641,-0.4846081745158873,-0.12318613977764376,-0.05881823498626445,-0.39411176880536064,0.6875785182218473,-0.5407221724217605,-0.045232453313603545
0.9270556766090867,0.38446836741252705,-0.036835284551942786,0.594452142015244,-0.8012410318143803,0.8763683570304135,0.2215743491497911,-1.1271476916396175,-0.2943896453333034,-0.1706311206219949,0.35177444780957906,-0.5383763603540813,-0.8026988494678005,-0.6784500394548381,0.691586070113458,1.2308586433574404,-0.8545627530791506,-0.193832515215156,1.4523027647317868,0.3426879174444369,-0.6070862839388059,-0.013255358606211432,-0.8818213990617952,-0.8143656871547826,-0.17201862024987533,0.3427618348231189,0.5948954818059173,0.6719113370866817,0.2874047922128719,1.2921760806381972,-1.461856055991808,-0.30067772592301456,-0.4216764742381054,-0.24087801789010654,-2.091748972257378,0.2523250376508611,0.42673909998076526,0.1741561806279554,0.20732756163557578,0.06051641528886635,0.33806527060056424,-0.5407221724217605,0.9957974874456994,0.20237675256908227
0.600633353738637,-0.11212359045333788,0.12638790190332466,0.013238492098307535,-1.1469694577207141,-0.38174421335951164,-0.2934280659474555,-0.556785287728722,-0.7379725702053839,-0.1932494561619325,0.4032471432252568,-0.48387084903580774,-0.14865343278362084,-0.7385859913493201,-0.07804245576329133,0.7982839162976193,0.4286780432207612,0.12292817069707362,-0.013402404427177946,0.2387600864048781,-0.61964103730312,0.0573184566447689,-0.2921710456431981,-0.2608984259350122,-0.11144802363842511,0.35852262761279013,0.1447879284806513,-0.5829121470354839,0.12788830548434987,0.47870146876920333,-0.2512770751563862,-0.47827384735450046,0.013637917284721891,0.515667273105637,-1.2299364762474878,-0.20540730645881106,0.6237272144461922,-0.16756044998724318,-0.492692213291006,0.28993305255057766,-0.640852215986787,-0.045232453313603545,0.20237675256908227,0.7989518388718936
