V1,V2,V3,V4,V5,V6,V7,V8,V9,V10,V11,V12,V13,V14,V15,V16,V17,V18,V19,V20,V21,V22,V23,V24,V25,V26,V27,V28,V29,V30,V31,V32,V33,V34,V35,V36,V37,V38,V39,V40,V41,V42,V43,V44
0.48615282187499853,1.6148697890864923,-0.5981326031411162,1.249003155494036,-0.15457046493722434,-2.3162716356817428,1.161499074818921,0.4051479254983483,-2.310943620078339,0.28288689152510077,-2.2726888087471973,-2.480210286286565,0.06855195920906614,-1.1828695133696316,-1.3475088983237897,2.034959715337934,-1.0792094732851838,0.2759817172248513,0.7483110969596192,1.3313404644209852,1.2376729067914043,1.3188094069221707,-0.6951282171518908,-0.5675876539268335,0.7251141495481692,0.5236812611714203,-1.1394486099506738,0.097352932757884,1.0532224886013775,-1.8029011061811775,1.9469435212564843,1.0831504934691922,2.265582111576006,-1.8426425348122928,2.1418087569490267,-0.9458764358308862,-0.4078423841834171,3.5618294440758347,-0.6122949217728691,-0.998783454400207,2.0118815026685866,0.8298757016340782,0.33211848399543265,-0.019075392525420155
1.6148697890864923,9.315980716848259,-2.972093156607539,8.083389909283442,-3.4749168666912453,-10.991153910583115,8.412375984943571,1.6853168421387958,-13.874293603300146,1.9282510374484074,-12.862695255101924,-14.372741102130545,-0.965500342799624,-8.927132459817361,-9.798731325413607,13.302933679760578,-5.044904627780612,0.8907366066539738,4.239335886749763,8.521157344181537,6.758424494052419,8.65307438763613,-6.08935917897185,-2.4554468337321036,4.172681646469189,4.445334894312782,-6.333903306566492,-0.34639513397947597,4.882491330149808,-11.562054654610463,12.591689471153469,5.881957566448648,13.158939337620739,-10.029623351268334,12.230614196647695,-5.6461287155903825,-4.392070350011507,21.07601621477883,-4.472949976984826,-5.766524730151771,10.808934152203054,1.8598285822028218,0.2063741400544635,-0.9555064251288856
-0.5981326031411162,-2.972093156607539,1.1424119627185807,-2.449513838403968,0.7255339044346809,3.7196373611121474,-2.604504283757694,-0.7477154928014849,4.344344364530958,-0.7352106306477035,4.4002940377346444,4.773171477356805,0.334261693651018,2.608650300324927,3.305112470329597,-4.3997331397207,1.879011956810146,-0.6135286465790669,-1.5394636061841271,-2.7272002842472713,-2.1992276894594056,-2.657556990590668,1.870458004645574,0.7902490731597173,-1.1211406410289573,-1.0386010390494977,1.996926886674343,0.17678560109919483,-1.69559343580286,3.7456398863691076,-4.069425671499489,-2.0874373587864303,-4.420003201533782,3.3975949571186406,-3.76243111346762,1.8756619411796134,1.1402334205899112,-6.9620900275901905,1.5721008186056251,1.9205819893462088,-3.65413360885734,-0.8658427095669112,-0.1431456212419385,0.3249653351646371
1.249003155494036,8.083389909283442,-2.449513838403968,7.512519819532191,-3.889007487854395,-9.2182884797284,7.558937500954923,1.0926892618275466,-12.384450738622876,1.9475880718503744,-10.836644358819177,-12.33810883793796,-0.8679918949883788,-8.422021384965939,-8.602880568888477,11.642572680278409,-4.160284426419308,0.3102944457578598,3.4245779774475316,7.743404583127638,5.989047383053729,7.75225222013884,-5.622974351389528,-1.895107285228457,4.043201420176862,4.75605257386763,-5.519305029495923,-0.3621384449316611,4.005560620869462,-10.316239947237994,11.247907583357877,4.656887835335026,11.422086205846217,-8.648304617531169,10.934598082674217,-4.842848225524445,-4.818308317261799,18.65004861782218,-3.9563866153505276,-5.060355448473864,9.216071419763333,0.9481921644163113,-0.13690061003213516,-1.0355983134381215
-0.15457046493722434,-3.4749168666912453,0.7255339044346809,-3.889007487854395,3.1850952766232874,3.06216916880295,-3.7958715011063457,0.09853860644863237,5.780558646885714,-1.091194460996622,4.107227188751263,5.098829692451842,0.6505590793690276,4.736299359510719,4.05150549687127,-5.299543431353865,1.2014717828736146,0.598308517385022,-1.1352756785983011,-3.797298100054836,-2.5843179495671365,-3.753013248621358,3.165097947544733,0.4213060497639751,-2.2687393740651443,-3.3188365925859786,2.3782033385809793,0.3406458004162204,-1.2017007855572839,4.79964355491342,-5.302638142994904,-1.4174726092685326,-4.777852399758374,3.411416002092371,-5.02617075613954,2.0261498141637166,3.449743537264087,-8.21552129873655,1.8482321039411165,2.151411858656946,-3.5608527115744266,0.8796305151487898,0.6883616687492298,0.798073396833558
-2.3162716356817428,-10.991153910583115,3.7196373611121474,-9.2182884797284,3.06216916880295,14.001645912939372,-9.339165554432867,-2.244028154979883,16.252027171519924,-1.8489484185124458,15.490796176531411,17.085004735731424,0.5463423545994878,9.769964513420481,10.812361703016096,-15.096923621212916,6.323472527095511,-1.3493056716655443,-5.019011171205204,-9.702728123172886,-8.141947004780421,-9.950735063639877,6.311675311716987,3.4127713347383213,-4.7883624018035444,-4.6835647747063796,7.580714493720474,0.02481629704654171,-6.2716272916135205,13.331423873715588,-14.38165747768585,-7.196878736664999,-15.562214600800043,12.06192786555889,-14.648473818473287,6.608987584114339,4.446974488382658,-24.6619953165672,4.884970634291527,6.8734362064571775,-13.13021501503465,-3.3646841384230917,-0.9910348771110208,0.7047984872482848
1.161499074818921,8.412375984943571,-2.604504283757694,7.558937500954923,-3.7958715011063457,-9.339165554432867,8.107012754558227,1.3865109153660937,-12.685463641356208,1.8742261445321906,-11.658797693258991,-13.065723963714142,-1.2499670006854198,-8.64495989432105,-9.504956657997603,12.518388147022467,-4.3055014747831555,0.6951759127824751,3.85756148789153,7.958570481692553,6.024626954536775,8.106887144369649,-6.079812985889548,-1.993941300471539,3.721939469179802,4.3601203835107,-5.662108549247658,-0.5820652318598813,4.106798102123782,-10.841776151674967,11.819413154304304,5.259526308696818,11.994868120158186,-8.955402847574796,11.019965382813577,-5.170117455996464,-4.5504951433533884,19.32054604783538,-4.355858177207436,-5.2658008440284645,9.621434253521397,0.9024729684181192,-0.2902392753608024,-1.1054589969693651
0.4051479254983483,1.6853168421387958,-0.7477154928014849,1.0926892618275466,0.09853860644863237,-2.244028154979883,1.3865109153660937,0.6939906784706077,-2.2840855574161583,0.228150647542043,-2.7982869272910573,-2.872917394342184,-0.25299630082472147,-1.12210127063999,-1.982424621338392,2.577898027272987,-1.1898351396531288,0.7027064883461404,1.092673536558634,1.3725500992484685,1.171138051979806,1.4011557270769845,-0.9478689506598054,-0.5817722470995964,0.305085448674293,-0.018321920675623857,-1.1093392118003296,-0.13370403738260245,1.0819099391688425,-2.031069717498044,2.1954708462020784,1.5322138794594065,2.5736400441428335,-1.9714282954846947,1.8863895640731858,-1.1275584240963346,-0.045889181601680484,3.78465007291881,-0.914989341837492,-1.0715070429163456,2.2129476431980297,0.8280952167762022,0.22778732376906372,-0.09809564145826948
-2.310943620078339,-13.874293603300146,4.344344364530958,-12.384450738622876,5.780558646885714,16.252027171519924,-12.685463641356208,-2.2840855574161583,21.253435710094738,-2.367245595564105,19.30578700285387,21.70882090891985,1.3836598748712228,13.882982379577555,14.673392339645348,-19.98588482349347,7.06800212381416,-1.0715346307413165,-6.144911180874046,-12.911958967611158,-10.217056467507495,-13.263458775769402,9.207927643256463,3.854780341190182,-6.358823820628293,-7.177202188488685,9.588084544585307,0.5349544537631911,-7.144991296227606,17.52850209250346,-18.975492973773406,-8.729269878343025,-19.67857896401502,14.745589399049143,-18.774080383180433,8.404384230769171,7.193224222505795,-31.379788740568213,6.554845596288884,8.668440436701355,-16.240178253030585,-2.4677466785895708,-0.37529512430155665,1.4140842154447542
0.28288689152510077,1.9282510374484074,-0.7352106306477035,1.9475880718503744,-1.091194460996622,-1.8489484185124458,1.8742261445321906,0.228150647542043,-2.367245595564105,2.6490236386068378,-1.8538100718305062,-2.2240521711162278,-0.5804777691872559,-1.9189785040775122,-2.4165984602234394,3.013074871469851,-1.868509298163998,0.0730353121920077,0.9153157931071392,2.245743636286837,1.4070047281590765,1.316062863348795,-1.8285070023027798,0.7000237387310223,1.3903845707426479,1.3928020602628834,-1.0299782752585824,-0.3837408950991437,0.8000333571010417,-2.448381212526644,3.033490551186095,0.43396059185366725,2.8678134100413093,-2.595956161582612,1.8011871428133281,-1.1605996658768822,-1.534017240721152,5.686937586201326,-1.6421583929043297,-1.2276884808382564,1.8062514692694684,-0.26728235604356193,-0.8812321247265007,-0.8719901157758391
-2.2726888087471973,-12.862695255101924,4.4002940377346444,-10.836644358819177,4.107227188751263,15.490796176531411,-11.658797693258991,-2.7982869272910573,19.30578700285387,-1.8538100718305062,18.86855819271491,20.707382897960063,1.4416670536497553,12.06489305275687,14.102165897802278,-18.89090771416002,6.9694408038727484,-1.9777145036994572,-6.285433384595077,-11.660132591424404,-9.337553579896735,-12.092632157396064,8.294330694052102,3.9000203449845814,-4.9801534620574515,-5.194060934623889,8.827509296606936,0.6182646690886318,-6.9550516324434675,16.25465176934753,-17.520180927939844,-9.002318654369786,-18.62345554405588,13.912876923653974,-16.918421066208694,8.012387709564768,5.380044715793387,-29.047944906238804,6.309448205108087,8.145984342931646,-15.522420361162027,-3.0898689528839185,-0.6579071142931966,1.1421492306720622
-2.480210286286565,-14.372741102130545,4.773171477356805,-12.33810883793796,5.098829692451842,17.085004735731424,-13.065723963714142,-2.872917394342184,21.70882090891985,-2.2240521711162278,20.707382897960063,22.949074519801556,1.5880812343765962,13.784705769262075,15.618198681500125,-21.006050827020644,7.61315069434225,-1.8556300014606597,-6.818276045795183,-13.159732735467651,-10.466177171787693,-13.564448871272576,9.396907059412985,4.206767042280477,-5.9062097340469135,-6.341189829578265,9.88726440853486,0.6600167870675819,-7.626519377749269,18.135580806636973,-19.599484700014628,-9.72938090425537,-20.667209004271268,15.430270053206934,-19.075207722557998,8.887682382114788,6.472706754426079,-32.434396468546964,6.988350392081075,9.049637519436281,-17.173735075413294,-3.1272140048583044,-0.6052030587864693,1.366852213581603
0.06855195920906614,-0.965500342799624,0.334261693651018,-0.8679918949883788,0.6505590793690276,0.5463423545994878,-1.2499670006854198,-0.25299630082472147,1.3836598748712228,-0.5804777691872559,1.4416670536497553,1.5880812343765962,0.6390081642521879,1.1910294957561276,1.8057737654878112,-2.022039082056284,0.5082323377653424,-0.26798387793069584,-0.6649677514069405,-1.095749229500139,-0.5651497961165645,-0.9863390662192771,1.2265376853139704,-0.11409265432962859,-0.235220984770052,-0.34504261972782696,0.5331309086113492,0.42439509811491993,-0.252266182680695,1.4654752966461568,-1.6936062211967025,-0.7078505307288413,-1.5420765066129956,1.0421550748399206,-0.8668243612352652,0.7114787227135055,0.5833039297757889,-2.509726588627342,0.9116824359320315,0.5979783221812534,-1.0333044231339379,0.3840116686818694,0.4649094093294045,0.417666082841923
-1.1828695133696316,-8.927132459817361,2.608650300324927,-8.422021384965939,4.736299359510719,9.769964513420481,-8.64495989432105,-1.12210127063999,13.882982379577555,-1.9189785040775122,12.06489305275687,13.784705769262075,1.1910294957561276,9.70338776499282,9.875882720888788,-13.184082215592747,4.259721280711255,-0.26126275889424466,-3.7937466397475066,-8.667197172576387,-6.549791278686933,-8.811105226792545,6.553798070979001,2.086608857422109,-4.3918519472248985,-5.428010945341199,6.110837085248609,0.5550851109313617,-4.214198803673938,11.611857105061562,-12.641207250530776,-5.212253791785217,-12.634987307036575,9.360600046484949,-12.140317261326386,5.394124777808237,5.599370948856302,-20.527310612657676,4.465466938844699,5.5878168027441,-10.131367031803443,-0.590770966522014,0.3450864725780385,1.2314887794294695
-1.3475088983237897,-9.798731325413607,3.305112470329597,-8.602880568888477,4.05150549687127,10.812361703016096,-9.504956657997603,-1.982424621338392,14.673392339645348,-2.4165984602234394,14.102165897802278,15.618198681500125,1.8057737654878112,9.875882720888788,11.777462143518116,-15.185978800326737,5.310821695836986,-1.4002415928628587,-4.9099346125555465,-9.382959962825945,-6.998853890092399,-9.351223248384448,7.316967351636826,2.1821697275982483,-3.9001267957302894,-4.417115113754302,6.517868090391531,0.9912015582588337,-4.834966034868647,12.812482599778203,-14.011244445725884,-6.556800784812474,-14.370756879565134,10.653315751497113,-12.419824071994656,6.209478067765473,4.917187215847819,-22.868372112857944,5.486196403742667,6.217211682886664,-11.492921830448996,-1.1440064023008343,0.43821596299695403,1.4813429322584073
2.034959715337934,13.302933679760578,-4.3997331397207,11.642572680278409,-5.299543431353865,-15.096923621212916,12.518388147022467,2.577898027272987,-19.98588482349347,3.013074871469851,-18.89090771416002,-21.006050827020644,-2.022039082056284,-13.184082215592747,-15.185978800326737,20.026738269331794,-7.16832865768836,1.6586661251538177,6.419307782732266,12.54228493235449,9.592920567348592,12.581210784916935,-9.43509027502815,-3.2065453053450677,5.572810620187415,6.150380444410955,-8.96873693490591,-1.0231697158662796,6.717790107023315,-17.070712586984556,18.62882058520111,8.728991942284978,19.25344843083285,-14.385260517333345,17.16590327527092,-8.287260728268004,-6.526827057360262,30.675858525116507,-7.008548624923395,-8.367353016981706,15.599807747241323,2.0283557317776824,-0.1940667857351971,-1.7484549756533416
-1.0792094732851838,-5.044904627780612,1.879011956810146,-4.160284426419308,1.2014717828736146,6.323472527095511,-4.3055014747831555,-1.1898351396531288,7.06800212381416,-1.868509298163998,6.9694408038727484,7.61315069434225,0.5082323377653424,4.259721280711255,5.310821695836986,-7.16832865768836,3.4563214146164865,-0.865478671722052,-2.5147023164022873,-4.594738111381201,-3.704633700499193,-4.262342811493633,3.1259602613317043,1.0414015718554477,-2.1865858241100002,-1.911078295833622,3.29798139985106,0.22301031661697482,-2.8796267511337916,6.121815260651994,-6.771304798140687,-3.1800848813725806,-7.31858839227534,5.8831099537925535,-6.136609523014317,3.091081555255595,1.9461002589514316,-11.942158595384273,2.6632787659810453,3.174627196818563,-5.933659081629365,-1.4471903673345508,-0.07828282118454909,0.6266630464532189
0.2759817172248513,0.8907366066539738,-0.6135286465790669,0.3102944457578598,0.598308517385022,-1.3493056716655443,0.6951759127824751,0.7027064883461404,-1.0715346307413165,0.0730353121920077,-1.9777145036994572,-1.8556300014606597,-0.26798387793069584,-0.26126275889424466,-1.4002415928628587,1.6586661251538177,-0.865478671722052,0.8847649824034635,0.8917310483235972,0.6635642309145316,0.5865570965979857,0.6409193949541931,-0.45961078834361013,-0.3874004874601496,-0.2617918050026498,-0.6872207213910289,-0.5602210169244006,-0.1955269385137144,0.7089993873038444,-1.135224820994912,1.2104891005785694,1.2423563982647756,1.6214568096282125,-1.1943150908278553,0.7514057715331217,-0.725364085898795,0.5154826060126269,2.11462814284026,-0.6740824871792762,-0.6403904154120221,1.444656469246105,0.7780650423369011,0.2267274621837028,-0.04271511829385478
0.7483110969596192,4.239335886749763,-1.5394636061841271,3.4245779774475316,-1.1352756785983011,-5.019011171205204,3.85756148789153,1.092673536558634,-6.144911180874046,0.9153157931071392,-6.285433384595077,-6.818276045795183,-0.6649677514069405,-3.7937466397475066,-4.9099346125555465,6.419307782732266,-2.5147023164022873,0.8917310483235972,2.264204763865673,3.841104902105616,3.009984909361998,3.846865038384255,-2.8555299096948055,-1.1093485761219195,1.4842673427141444,1.3673471508610706,-2.8218400613594525,-0.33929388922991327,2.300306845833805,-5.331557678367263,5.818478076202482,3.078327853421603,6.227936820995875,-4.704399959138985,5.206092263237894,-2.700982931093963,-1.5021758095151745,9.713163476236849,-2.2791302870215464,-2.6674500036060924,5.117614432967132,1.0304239984842833,0.08235286431940766,-0.49027648730270207
1.3313404644209852,8.521157344181537,-2.7272002842472713,7.743404583127638,-3.797298100054836,-9.702728123172886,7.958570481692553,1.3725500992484685,-12.911958967611158,2.245743636286837,-11.660132591424404,-13.159732735467651,-1.095749229500139,-8.667197172576387,-9.382959962825945,12.54228493235449,-4.594738111381201,0.6635642309145316,3.841104902105616,8.173742869419634,6.269008734769688,8.050618616200412,-6.007965352996872,-1.9043744410313213,4.020020142213249,4.57935221566488,-5.76533789794521,-0.5283117759925807,4.266130961517239,-10.900048526528693,11.926929628563173,5.1363741807488745,12.216300930738848,-9.243202478480162,11.238364681307862,-5.199209709118102,-4.743126281268707,19.820918039680326,-4.385262756040357,-5.35902648677558,9.836925947132535,1.121972109943735,-0.1937855883475682,-1.1770911964088226
1.2376729067914043,6.758424494052419,-2.1992276894594056,5.989047383053729,-2.5843179495671365,-8.141947004780421,6.024626954536775,1.171138051979806,-10.217056467507495,1.4070047281590765,-9.337553579896735,-10.466177171787693,-0.5651497961165645,-6.549791278686933,-6.998853890092399,9.592920567348592,-3.704633700499193,0.5865570965979857,3.009984909361998,6.269008734769688,5.038140286363113,6.304438288888564,-4.337398415696172,-1.817014403666668,3.153166743353015,3.409481792501319,-4.636865158474714,-0.2049701479856316,3.6046371166867397,-8.444467621429933,9.165808826782055,4.183548666871602,9.616468287843887,-7.354634680135782,9.045927183239957,-4.072430549254587,-3.4094087688251795,15.436233453215234,-3.194622182404992,-4.235259144694406,7.9349200370703326,1.4145415459965085,0.23914444757103814,-0.6926240322339757
1.3188094069221707,8.65307438763613,-2.657556990590668,7.75225222013884,-3.753013248621358,-9.950735063639877,8.106887144369649,1.4011557270769845,-13.263458775769402,1.316062863348795,-12.092632157396064,-13.564448871272576,-0.9863390662192771,-8.811105226792545,-9.351223248384448,12.581210784916935,-4.262342811493633,0.6409193949541931,3.846865038384255,8.050618616200412,6.304438288888564,8.424817514531545,-5.89835592063311,-2.4211648547792994,3.8629949182655734,4.497146178464992,-5.939886191489958,-0.4056460019752776,4.370343971693263,-11.045126054382079,11.928221336230134,5.49375321733946,12.26006036050501,-9.119190463209632,11.67928654941625,-5.259883842490058,-4.585624888305669,19.520175848689735,-4.136639118660708,-5.398410559645384,10.050066526298282,1.2989686047327618,0.11598229178061849,-0.8987645105518296
-0.6951282171518908,-6.08935917897185,1.870458004645574,-5.622974351389528,3.165097947544733,6.311675311716987,-6.079812985889548,-0.9478689506598054,9.207927643256463,-1.8285070023027798,8.294330694052102,9.396907059412985,1.2265376853139704,6.553798070979001,7.316967351636826,-9.43509027502815,3.1259602613317043,-0.45961078834361013,-2.8555299096948055,-6.007965352996872,-4.337398415696172,-5.89835592063311,4.8565295280426675,1.0665877537824247,-2.782569564085083,-3.353708813601071,4.016275548295221,0.6699447799573994,-2.7705364167716358,7.999854507692765,-8.832066645534601,-3.6678575887255507,-8.771461282307435,6.512788072755619,-7.740124818224902,3.787451470699899,3.6390466659855605,-14.300299683350506,3.4459808414284505,3.7926784318039926,-6.840452581928897,-0.13814160400117678,0.6070055245659184,1.0991544254788386
-0.5675876539268335,-2.4554468337321036,0.7902490731597173,-1.895107285228457,0.4213060497639751,3.4127713347383213,-1.993941300471539,-0.5817722470995964,3.854780341190182,0.7000237387310223,3.9000203449845814,4.206767042280477,-0.11409265432962859,2.086608857422109,2.1821697275982483,-3.2065453053450677,1.0414015718554477,-0.3874004874601496,-1.1093485761219195,-1.9043744410313213,-1.817014403666668,-2.4211648547792994,1.0665877537824247,1.4036651668014193,-0.7862987159229149,-0.7705776444010427,1.8468515830382366,-0.18836820945581625,-1.5417361768904436,2.936619561041287,-2.977364867978023,-2.022001043562186,-3.4152213065644226,2.4573295270738766,-3.659312614868312,1.483412419157879,0.6168430446706752,-4.854958760447549,0.7266383262689947,1.5423596580132406,-3.175847323859401,-1.161907413677018,-0.718825999785544,-0.2112188693274006
0.7251141495481692,4.172681646469189,-1.1211406410289573,4.043201420176862,-2.2687393740651443,-4.7883624018035444,3.721939469179802,0.305085448674293,-6.358823820628293,1.3903845707426479,-4.9801534620574515,-5.9062097340469135,-0.235220984770052,-4.3918519472248985,-3.9001267957302894,5.572810620187415,-2.1865858241100002,-0.2617918050026498,1.4842673427141444,4.020020142213249,3.153166743353015,3.8629949182655734,-2.782569564085083,-0.7862987159229149,2.5911777763912394,2.9808862366086526,-2.859510148520632,-0.01237846019827426,2.0353418940732375,-5.082611455163439,5.627918598458456,1.9053808424021403,5.631215337680606,-4.449250743440411,5.75117588321039,-2.353051454894735,-2.79769622903284,9.609759697719113,-1.8528504478793018,-2.5188897576981364,4.51084250326842,0.43113110964425283,-0.10590269759706838,-0.5545306504889381
0.5236812611714203,4.445334894312782,-1.0386010390494977,4.75605257386763,-3.3188365925859786,-4.6835647747063796,4.3601203835107,-0.018321920675623857,-7.177202188488685,1.3928020602628834,-5.194060934623889,-6.341189829578265,-0.34504261972782696,-5.428010945341199,-4.417115113754302,6.150380444410955,-1.911078295833622,-0.6872207213910289,1.3673471508610706,4.57935221566488,3.409481792501319,4.497146178464992,-3.353708813601071,-0.7705776444010427,2.9808862366086526,3.9751438180731866,-3.0898638956709856,-0.09654820360885465,1.8971610219045998,-5.792240844738324,6.355859678337945,1.7775543278743213,6.015039022051032,-4.561199454337571,6.529010461098302,-2.493316178949586,-3.9130043748006176,10.41904816224847,-2.0493505913310943,-2.7609387095817586,4.673950345099569,-0.27168292643348674,-0.4076796774229548,-0.7293525409994814
-1.1394486099506738,-6.333903306566492,1.996926886674343,-5.519305029495923,2.3782033385809793,7.580714493720474,-5.662108549247658,-1.1093392118003296,9.588084544585307,-1.0299782752585824,8.827509296606936,9.88726440853486,0.5331309086113492,6.110837085248609,6.517868090391531,-8.96873693490591,3.29798139985106,-0.5602210169244006,-2.8218400613594525,-5.76533789794521,-4.636865158474714,-5.939886191489958,4.016275548295221,1.8468515830382366,-2.859510148520632,-3.0898638956709856,4.399221464031068,0.14909746745462318,-3.345880421491954,7.858490364074024,-8.505484291623596,-4.048292841350272,-8.925127178602036,6.733805815174179,-8.550786702712552,3.8256911707928434,2.991715610178423,-14.18162162034514,2.904082137726514,3.9417460267209035,-7.446453323096485,-1.3901600460468493,-0.30961865145069467,0.5441701218370955
0.097352932757884,-0.34639513397947597,0.17678560109919483,-0.3621384449316611,0.3406458004162204,0.02481629704654171,-0.5820652318598813,-0.13370403738260245,0.5349544537631911,-0.3837408950991437,0.6182646690886318,0.6600167870675819,0.42439509811491993,0.5550851109313617,0.9912015582588337,-1.0231697158662796,0.22301031661697482,-0.1955269385137144,-0.33929388922991327,-0.5283117759925807,-0.2049701479856316,-0.4056460019752776,0.6699447799573994,-0.18836820945581625,-0.01237846019827426,-0.09654820360885465,0.14909746745462318,0.32500148377943083,-0.01813181815746731,0.6895296392907013,-0.8105380648384403,-0.29712090727449364,-0.6960788326136748,0.4331964157989651,-0.18239125563227684,0.31167161931544624,0.33404086821640583,-1.1446306137848488,0.5280869092915053,0.24711412200126487,-0.3986627079700566,0.3415040457331076,0.34021818816646826,0.2961469266371173
1.0532224886013775,4.882491330149808,-1.69559343580286,4.005560620869462,-1.2017007855572839,-6.2716272916135205,4.106798102123782,1.0819099391688425,-7.144991296227606,0.8000333571010417,-6.9550516324434675,-7.626519377749269,-0.252266182680695,-4.214198803673938,-4.834966034868647,6.717790107023315,-2.8796267511337916,0.7089993873038444,2.300306845833805,4.266130961517239,3.6046371166867397,4.370343971693263,-2.7705364167716358,-1.5417361768904436,2.0353418940732375,1.8971610219045998,-3.345880421491954,-0.01813181815746731,2.841572355766961,-5.881036540399234,6.345788940234577,3.2874744122307273,6.942406724588884,-5.4022627785223305,6.4083691017330375,-2.95672740095901,-1.8051070155141191,10.923682673173683,-2.1868295317556212,-3.045667192645629,5.870674963844125,1.597056410904864,0.4782262958890862,-0.30134045763547335
-1.8029011061811775,-11.562054654610463,3.7456398863691076,-10.316239947237994,4.79964355491342,13.331423873715588,-10.841776151674967,-2.031069717498044,17.52850209250346,-2.448381212526644,16.25465176934753,18.135580806636973,1.4654752966461568,11.611857105061562,12.812482599778203,-17.070712586984556,6.121815260651994,-1.135224820994912,-5.331557678367263,-10.900048526528693,-8.444467621429933,-11.045126054382079,7.999854507692765,2.936619561041287,-5.082611455163439,-5.792240844738324,7.858490364074024,0.6895296392907013,-5.881036540399234,14.857375902709679,-16.129113889724465,-7.355116763609992,-16.628654276912055,12.471138472640881,-15.30426540099486,7.1053150375018514,6.049245876843914,-26.640069471255167,5.868936786225603,7.31249022096491,-13.508648296871625,-1.7762403980668102,0.04440015311623148,1.394768634233075
1.9469435212564843,12.591689471153469,-4.069425671499489,11.247907583357877,-5.302638142994904,-14.38165747768585,11.819413154304304,2.1954708462020784,-18.975492973773406,3.033490551186095,-17.520180927939844,-19.599484700014628,-1.6936062211967025,-12.641207250530776,-14.011244445725884,18.62882058520111,-6.771304798140687,1.2104891005785694,5.818478076202482,11.926929628563173,9.165808826782055,11.928221336230134,-8.832066645534601,-2.977364867978023,5.627918598458456,6.355859678337945,-8.505484291623596,-0.8105380648384403,6.345788940234577,-16.129113889724465,17.60290331665828,7.884257076770771,18.08857733852739,-13.626652453338009,16.49420819390254,-7.733867253485683,-6.626843144544057,29.139451714590862,-6.500121809911986,-7.932015756128125,14.606654005854688,1.8046170605816394,-0.2128639108514449,-1.6378429524952849
1.0831504934691922,5.881957566448648,-2.0874373587864303,4.656887835335026,-1.4174726092685326,-7.196878736664999,5.259526308696818,1.5322138794594065,-8.729269878343025,0.43396059185366725,-9.002318654369786,-9.72938090425537,-0.7078505307288413,-5.212253791785217,-6.556800784812474,8.728991942284978,-3.1800848813725806,1.2423563982647756,3.078327853421603,5.1363741807488745,4.183548666871602,5.49375321733946,-3.6678575887255507,-2.022001043562186,1.9053808424021403,1.7775543278743213,-4.048292841350272,-0.29712090727449364,3.2874744122307273,-7.355116763609992,7.884257076770771,4.5342683293487696,8.569199738149722,-6.323112356071547,7.598100718838861,-3.735775889577243,-1.8565136466059375,12.98187846537412,-2.855408166025009,-3.707520119571303,7.271825782349831,1.7471410700603394,0.5116270389078331,-0.3884905631540215
2.265582111576006,13.158939337620739,-4.420003201533782,11.422086205846217,-4.777852399758374,-15.562214600800043,11.994868120158186,2.5736400441428335,-19.67857896401502,2.8678134100413093,-18.62345554405588,-20.667209004271268,-1.5420765066129956,-12.634987307036575,-14.370756879565134,19.25344843083285,-7.31858839227534,1.6214568096282125,6.227936820995875,12.216300930738848,9.616468287843887,12.26006036050501,-8.771461282307435,-3.4152213065644226,5.631215337680606,6.015039022051032,-8.925127178602036,-0.6960788326136748,6.942406724588884,-16.628654276912055,18.08857733852739,8.569199738149722,18.96907287591487,-14.369644123451623,17.186523306803263,-8.108781837821315,-6.2160134799483915,30.230043635638523,-6.631478173505073,-8.297003310025042,15.537839356875832,2.6334274274516343,0.221842311454057,-1.4863117233465255
-1.8426425348122928,-10.029623351268334,3.3975949571186406,-8.648304617531169,3.411416002092371,12.06192786555889,-8.955402847574796,-1.9714282954846947,14.745589399049143,-2.595956161582612,13.912876923653974,15.430270053206934,1.0421550748399206,9.360600046484949,10.653315751497113,-14.385260517333345,5.8831099537925535,-1.1943150908278553,-4.704399959138985,-9.243202478480162,-7.354634680135782,-9.119190463209632,6.512788072755619,2.4573295270738766,-4.449250743440411,-4.561199454337571,6.733805815174179,0.4331964157989651,-5.4022627785223305,12.471138472640881,-13.626652453338009,-6.323112356071547,-14.369644123451623,11.126183014035382,-12.911646963185516,6.113638168819028,4.628951963035136,-23.1567933401973,5.0165173860464005,6.281835644862702,-11.725356330457204,-2.1922924762332157,-0.16531656888646434,1.1380007611269218
2.1418087569490267,12.230614196647695,-3.76243111346762,10.934598082674217,-5.02617075613954,-14.648473818473287,11.019965382813577,1.8863895640731858,-18.774080383180433,1.8011871428133281,-16.918421066208694,-19.075207722557998,-0.8668243612352652,-12.140317261326386,-12.419824071994656,17.16590327527092,-6.136609523014317,0.7514057715331217,5.206092263237894,11.238364681307862,9.045927183239957,11.67928654941625,-7.740124818224902,-3.659312614868312,5.75117588321039,6.529010461098302,-8.550786702712552,-0.18239125563227684,6.4083691017330375,-15.30426540099486,16.49420819390254,7.598100718838861,17.186523306803263,-12.911646963185516,16.958760533671867,-7.328917679389612,-6.339810024088622,27.41083825458925,-5.485205831525841,-7.664277208487068,14.329325165602619,2.474170424388648,0.6207497918369629,-1.0106144101321333
-0.9458764358308862,-5.6461287155903825,1.8756619411796134,-4.842848225524445,2.0261498141637166,6.608987584114339,-5.170117455996464,-1.1275584240963346,8.404384230769171,-1.1605996658768822,8.012387709564768,8.887682382114788,0.7114787227135055,5.394124777808237,6.209478067765473,-8.287260728268004,3.091081555255595,-0.725364085898795,-2.700982931093963,-5.199209709118102,-4.072430549254587,-5.259883842490058,3.787451470699899,1.483412419157879,-2.353051454894735,-2.493316178949586,3.8256911707928434,0.31167161931544624,-2.95672740095901,7.1053150375018514,-7.733867253485683,-3.735775889577243,-8.108781837821315,6.113638168819028,-7.328917679389612,3.497586134280267,2.553951383803819,-12.863888587256604,2.8465662802579743,3.5346694985639417,-6.649899862291674,-1.1230132252125342,-0.08848874515817595,0.6240669051466513
-0.4078423841834171,-4.392070350011507,1.1402334205899112,-4.818308317261799,3.449743537264087,4.446974488382658,-4.5504951433533884,-0.045889181601680484,7.193224222505795,-1.534017240721152,5.380044715793387,6.472706754426079,0.5833039297757889,5.599370948856302,4.917187215847819,-6.526827057360262,1.9461002589514316,0.5154826060126269,-1.5021758095151745,-4.743126281268707,-3.4094087688251795,-4.585624888305669,3.6390466659855605,0.6168430446706752,-2.79769622903284,-3.9130043748006176,2.991715610178423,0.33404086821640583,-1.8051070155141191,6.049245876843914,-6.626843144544057,-1.8565136466059375,-6.2160134799483915,4.628951963035136,-6.339810024088622,2.553951383803819,4.15174621817989,-10.708830298733963,2.3249585938854183,2.8243672243462865,-4.710839510116,0.5788141438107466,0.6315421244558446,0.9166565557090176
3.5618294440758347,21.07601621477883,-6.9620900275901905,18.65004861782218,-8.21552129873655,-24.6619953165672,19.32054604783538,3.78465007291881,-31.379788740568213,5.686937586201326,-29.047944906238804,-32.434396468546964,-2.509726588627342,-20.527310612657676,-22.868372112857944,30.675858525116507,-11.942158595384273,2.11462814284026,9.713163476236849,19.820918039680326,15.436233453215234,19.520175848689735,-14.300299683350506,-4.854958760447549,9.609759697719113,10.41904816224847,-14.18162162034514,-1.1446306137848488,10.923682673173683,-26.640069471255167,29.139451714590862,12.98187846537412,30.230043635638523,-23.1567933401973,27.41083825458925,-12.863888587256604,-10.708830298733963,49.00923943803165,-10.786368870882287,-13.261453436473099,24.449200444536498,3.668497560140343,-0.15824779815147658,-2.6711138943569437
-0.6122949217728691,-4.472949976984826,1.5721008186056251,-3.9563866153505276,1.8482321039411165,4.884970634291527,-4.355858177207436,-0.914989341837492,6.554845596288884,-1.6421583929043297,6.309448205108087,6.988350392081075,0.9116824359320315,4.465466938844699,5.486196403742667,-7.008548624923395,2.6632787659810453,-0.6740824871792762,-2.2791302870215464,-4.385262756040357,-3.194622182404992,-4.136639118660708,3.4459808414284505,0.7266383262689947,-1.8528504478793018,-2.0493505913310943,2.904082137726514,0.5280869092915053,-2.1868295317556212,5.868936786225603,-6.500121809911986,-2.855408166025009,-6.631478173505073,5.0165173860464005,-5.485205831525841,2.8465662802579743,2.3249585938854183,-10.786368870882287,2.69963590178605,2.8654774072416016,-5.176855760043002,-0.43181018894507434,0.39701063981161105,0.8251807804647903
-0.998783454400207,-5.766524730151771,1.9205819893462088,-5.060355448473864,2.151411858656946,6.8734362064571775,-5.2658008440284645,-1.0715070429163456,8.668440436701355,-1.2276884808382564,8.145984342931646,9.049637519436281,0.5979783221812534,5.5878168027441,6.217211682886664,-8.367353016981706,3.174627196818563,-0.6403904154120221,-2.6674500036060924,-5.35902648677558,-4.235259144694406,-5.398410559645384,3.7926784318039926,1.5423596580132406,-2.5188897576981364,-2.7609387095817586,3.9417460267209035,0.24711412200126487,-3.045667192645629,7.31249022096491,-7.932015756128125,-3.707520119571303,-8.297003310025042,6.281835644862702,-7.664277208487068,3.5346694985639417,2.8243672243462865,-13.261453436473099,2.8654774072416016,3.6696558247916915,-6.809964033906058,-1.1581366679114602,-0.12417781072746265,0.6142277902071267
2.0118815026685866,10.808934152203054,-3.65413360885734,9.216071419763333,-3.5608527115744266,-13.13021501503465,9.621434253521397,2.2129476431980297,-16.240178253030585,1.8062514692694684,-15.522420361162027,-17.173735075413294,-1.0333044231339379,-10.131367031803443,-11.492921830448996,15.599807747241323,-5.933659081629365,1.444656469246105,5.117614432967132,9.836925947132535,7.9349200370703326,10.050066526298282,-6.840452581928897,-3.175847323859401,4.51084250326842,4.673950345099569,-7.446453323096485,-0.3986627079700566,5.870674963844125,-13.508648296871625,14.606654005854688,7.271825782349831,15.537839356875832,-11.725356330457204,14.329325165602619,-6.649899862291674,-4.710839510116,24.449200444536498,-5.176855760043002,-6.809964033906058,12.97602952683844,2.6606892340412864,0.59966013194762,-0.9698650474038613
0.8298757016340782,1.8598285822028218,-0.8658427095669112,0.9481921644163113,0.8796305151487898,-3.3646841384230917,0.9024729684181192,0.8280952167762022,-2.4677466785895708,-0.26728235604356193,-3.0898689528839185,-3.1272140048583044,0.3840116686818694,-0.590770966522014,-1.1440064023008343,2.0283557317776824,-1.4471903673345508,0.7780650423369011,1.0304239984842833,1.121972109943735,1.4145415459965085,1.2989686047327618,-0.13814160400117678,-1.161907413677018,0.43113110964425283,-0.27168292643348674,-1.3901600460468493,0.3415040457331076,1.597056410904864,-1.7762403980668102,1.8046170605816394,1.7471410700603394,2.6334274274516343,-2.1922924762332157,2.474170424388648,-1.1230132252125342,0.5788141438107466,3.668497560140343,-0.43181018894507434,-1.1581366679114602,2.6606892340412864,1.9885863164033803,1.0181620238235447,0.3677659909327844
0.33211848399543265,0.2063741400544635,-0.1431456212419385,-0.13690061003213516,0.6883616687492298,-0.9910348771110208,-0.2902392753608024,0.22778732376906372,-0.37529512430155665,-0.8812321247265007,-0.6579071142931966,-0.6052030587864693,0.4649094093294045,0.3450864725780385,0.43821596299695403,-0.1940667857351971,-0.07828282118454909,0.2267274621837028,0.08235286431940766,-0.1937855883475682,0.23914444757103814,0.11598229178061849,0.6070055245659184,-0.718825999785544,-0.10590269759706838,-0.4076796774229548,-0.30961865145069467,0.34021818816646826,0.4782262958890862,0.04440015311623148,-0.2128639108514449,0.5116270389078331,0.221842311454057,-0.16531656888646434,0.6207497918369629,-0.08848874515817595,0.6315421244558446,-0.15824779815147658,0.39701063981161105,-0.12417781072746265,0.59966013194762,1.0181620238235447,0.78598879843243,0.44613944725273774
-0.019075392525420155,-0.9555064251288856,0.3249653351646371,-1.0355983134381215,0.798073396833558,0.7047984872482848,-1.1054589969693651,-0.09809564145826948,1.4140842154447542,-0.8719901157758391,1.1421492306720622,1.366852213581603,0.417666082841923,1.2314887794294695,1.4813429322584073,-1.7484549756533416,0.6266630464532189,-0.04271511829385478,-0.49027648730270207,-1.1770911964088226,-0.6926240322339757,-0.8987645105518296,1.0991544254788386,-0.2112188693274006,-0.5545306504889381,-0.7293525409994814,0.5441701218370955,0.2961469266371173,-0.30134045763547335,1.394768634233075,-1.6378429524952849,-0.3884905631540215,-1.4863117233465255,1.1380007611269218,-1.0106144101321333,0.6240669051466513,0.9166565557090176,-2.6711138943569437,0.8251807804647903,0.6142277902071267,-0.9698650474038613,0.3677659909327844,0.44613944725273774,0.44572401344414997
