V1,V2,V3,V4,V5,V6,V7,V8,V9,V10,V11,V12,V13,V14,V15,V16,V17,V18,V19,V20,V21,V22,V23,V24,V25,V26,V27,V28,V29,V30,V31,V32,V33,V34,V35,V36,V37,V38,V39,V40,V41,V42,V43,V44
7.017974772289017,-5.995696556763482,2.906179521998897,3.384314990202215,3.589463541247342,-0.08698542096298476,2.741437677720589,3.86388311907809,0.10823132634520892,1.1039710764629516,7.5148046401031126,3.384786711781248,-4.048606728165103,5.3236436905918545,5.53005520479822,1.3141362729265766,-6.340709020936571,-1.9347385683353966,5.446252674706779,-7.265661796391987,-1.048480736522804,-3.205562894068964,4.918838604348715,-0.9104394593142116,-0.9954626187626088,2.7035071741912624,1.7534307724718705,-2.6445568878133723,3.086252738705425,-1.198182067523976,1.8972409619553245,1.925919787471709,1.8080181594307572,3.5506706123909613,-1.0415232947279363,2.280460062123159,-4.213729967914169,-0.058816542346456675,1.334261405979236,-1.6147309346325036,0.4899995788451455,4.891197081518243,-4.448006025480806,-0.7496918198904249
-5.995696556763482,5.577790932733726,-2.678427161397738,-3.3503888961418804,-2.693116910734793,0.31231798537374833,-2.7321743011289272,-3.4305544038553086,-0.1453566063492044,-0.8751834697753639,-6.5106373477871475,-2.717159142549298,3.0709603808623984,-4.785081972167349,-5.0506118736903085,-1.0439170927225672,5.735926185544235,1.5693556262882085,-5.137524780002987,6.435786830378114,0.9764189970936056,3.092653440128841,-3.818178272977747,0.7784692936450271,1.0213568881067294,-2.8145373779792093,-1.6500947551978282,1.7133490191079113,-2.746737699479997,0.9138168155435363,-1.6063536125639197,-1.5727706460233433,-1.9726785959570996,-3.5470149295180273,1.0576997112751443,-2.2589181792123916,3.599219593954228,-0.1288639392658835,-1.4841815658458835,1.5123032508256802,-0.7846065378369353,-3.908653274212345,4.195477980327252,0.47326619962902466
2.906179521998897,-2.678427161397738,1.4062764280237297,1.5201506905091529,1.3261690159668424,-0.05816385114172329,1.2674565069996835,1.6782852521501697,0.08392512513901663,0.6163087464644748,3.1207659697399546,1.3766043141512916,-1.6763883349234863,2.317807013848309,2.341870143936339,0.4213026709569249,-2.6869562526392947,-0.7404594941796807,2.269429146036604,-3.12919058595733,-0.3956880705581523,-1.3360601800415448,2.0100682578120375,-0.33384351254920946,-0.4175407203942691,1.3663002373066369,0.7439040953722983,-0.9650484238240036,1.4055063343188927,-0.5010799522728988,0.6523358100458899,0.9309137337903809,0.9656113692558127,1.5910184109671672,-0.5249316826695348,1.1164598317626984,-1.7576464598428094,0.17140828102978703,0.6693610306057931,-0.6074180965439236,0.38043876946569916,2.001309171100269,-1.9203894294413877,-0.2564088840917672
3.384314990202215,-3.3503888961418804,1.5201506905091529,2.4052389885602308,1.46442468644803,-0.36735700472761185,1.983266168016727,2.050079684286441,0.04891142177927935,0.11172772239368359,3.7313087491803945,1.7834633060413998,-1.4935774161696402,2.868561369751498,3.351208516881326,0.44637259863903855,-3.7089253243569282,-1.0779865968116102,3.425119442949178,-3.751173979588752,-1.042286132533266,-2.1662908050786593,1.8999230504796838,-0.4473822510987399,-0.6837994885572225,1.8838806686814253,0.955279472381081,-0.7972122924030128,1.5407748323247799,-0.4540456807802305,1.2798882443463038,0.9413609474558555,1.6501845390266412,2.2642414608462462,-0.587457622930257,1.5517148790739037,-1.968701621567873,0.11460575835498231,0.9633361594205658,-0.8820692599768809,0.8395840554115687,2.186989789136584,-2.671498881110192,0.030470989808489363
3.589463541247342,-2.693116910734793,1.3261690159668424,1.46442468644803,2.2434619113125773,0.11166293999644349,1.2366422152741507,1.9093021060194486,-0.011245557120237587,0.4922725039560406,3.7642377792546013,2.070439963996689,-2.4234397116062594,2.5778774603814836,2.712674875849266,0.6798503831944895,-3.133356578642023,-1.1556977841203475,2.525192866034311,-3.5564601106225537,-0.7648442069534052,-1.471267459336825,2.780791723143461,-0.4430783478617131,-0.37761930167906393,1.0421666896166963,0.7352357496380666,-1.945381930625841,1.4380880710969546,-0.7196567183439454,1.1813711044927728,1.0950719556294397,0.7488771573674855,1.383303106130915,-0.290386260629258,0.997890195888505,-2.1650605434281456,-0.18424780801979945,0.390970235150248,-0.6580023275279584,0.059942710175517215,2.797754144128139,-2.0124538372880405,-0.3913985988217184
-0.08698542096298476,0.31231798537374833,-0.05816385114172329,-0.36735700472761185,0.11166293999644349,0.2677540633611855,-0.3345483715230999,-0.11667444931055966,-0.005792721612123592,0.26743330542015675,-0.23854401637625014,0.04422299407745353,-0.3030458122524421,-0.19706531123287963,-0.38941257031230964,-0.14737501458598176,0.4144041331586618,-0.007263325169544287,-0.6508034360703225,0.24246391353940433,0.25628289125708975,0.45957018330912786,0.32520202858241537,0.04161146517801544,0.20239782892531766,-0.29463811981547505,-0.14567036065651873,-0.2770696610523533,0.04715528859590268,-0.08862085234837036,-0.24054205923310595,0.24081990705009057,-0.2312300591507379,-0.4639318765335819,-0.026099542997841976,-0.1595324970129355,0.118100046856251,0.09967471504544836,-0.24062460016990467,0.18623694762112758,-0.1548028843396175,0.18989002303803287,0.39496593927045714,-0.10021228322689243
2.741437677720589,-2.7321743011289272,1.2674565069996835,1.983266168016727,1.2366422152741507,-0.3345483715230999,1.7557502006288128,1.710456402712891,0.020194168666559063,0.033786563599410735,3.0094563777365257,1.5324461362765105,-1.188525975078506,2.3329720347334586,2.792070441057257,0.337129127481498,-3.0855543538561254,-0.9130647153655812,2.893015935981054,-3.0803830887576376,-1.0609277800570038,-1.8990073716765359,1.4376812120377793,-0.32668484317828533,-0.5679437347558749,1.6362893568344181,0.7479599150135368,-0.7535584106406371,1.2151335993587618,-0.3686456388472452,1.1825076373523002,0.7482650162665064,1.4782191341424915,1.8643368306653938,-0.3908191399023142,1.352633920478708,-1.6196959233832606,0.098196005890539,0.8266953350657609,-0.7225484684681616,0.7475015849024417,1.7515374766196303,-2.241949897810056,0.1169272222813893
3.86388311907809,-3.4305544038553086,1.6782852521501697,2.050079684286441,1.9093021060194486,-0.11667444931055966,1.710456402712891,2.225343406829146,0.06437199790732231,0.5336605519992106,4.161288459027763,1.9527570713136673,-2.1474346762219314,2.9978794493773644,3.232410945957281,0.6305976800772344,-3.6759429631355376,-1.1280214302904525,3.1884557411867056,-4.094667837214479,-0.7430201663410886,-1.9549039683590779,2.588479221796811,-0.460063384825773,-0.5750070340582244,1.6884099066082918,0.9727927277252506,-1.3936661915671924,1.738167615764985,-0.6476977556682592,1.1510365294529161,1.1246715833962977,1.284266014202711,2.0914336489785685,-0.5977613294578371,1.4154420398910863,-2.3334119155817197,0.04262943936446444,0.8279300569394572,-0.8906361291036784,0.44880246344848773,2.667544720182894,-2.5806757757835004,-0.28682265184598243
0.10823132634520892,-0.1453566063492044,0.08392512513901663,0.04891142177927935,-0.011245557120237587,-0.005792721612123592,0.020194168666559063,0.06437199790732231,0.030069358050149802,0.08373684705544744,0.12667915098898125,-0.011109807928424234,-0.03957546032449402,0.1143859944008647,0.06287606604473259,0.020412615400782767,-0.08217810955116792,0.024130297117990203,0.06317930690973876,-0.13807220003157078,0.08175756239137343,-0.016809102694961862,0.06299748534729029,-0.013184387148721777,-0.017715320855532138,0.0795307619285051,0.05673931338668198,0.050997035009174976,0.08744403546900359,-0.0040737596893654785,-0.05829026310849679,0.03843931759512393,0.024740670088445826,0.11035314301549583,-0.07493209035588834,0.045349982568828114,-0.08125906277226881,0.03983669209542759,0.05412566006137908,-0.0352242003028324,0.013379247774648877,0.0468854905481027,-0.07912273969441475,-0.03980434272619358
1.1039710764629516,-0.8751834697753639,0.6163087464644748,0.11172772239368359,0.4922725039560406,0.26743330542015675,0.033786563599410735,0.5336605519992106,0.08373684705544744,0.7973485129019304,1.0438496809664413,0.3158271857962055,-0.994021295965906,0.7668229232343845,0.3490302402153739,0.0930622480879385,-0.47850829238051246,-0.10348546994627558,0.11222583708479728,-1.061772179537668,0.45752069090276737,0.09307473395434784,1.1712637253148768,-0.09986455879425182,0.02291257324996432,0.28900464778198265,0.22657365769360951,-0.5007062293839729,0.6883608798103702,-0.28736922009264426,-0.30390657297836493,0.5557451738656981,-0.04482746220615139,0.2522660702396845,-0.3454143923623867,0.23998683247394195,-0.636525396298041,0.24164294155400476,0.10934394773886905,-0.08504070413664913,-0.10899890447584408,0.9006699504498139,-0.3528582925993411,-0.3568328318916677
7.5148046401031126,-6.5106373477871475,3.1207659697399546,3.7313087491803945,3.7642377792546013,-0.23854401637625014,3.0094563777365257,4.161288459027763,0.12667915098898125,1.0438496809664413,8.195425376792613,3.540511847833104,-4.179307150541944,5.750648231449617,6.054304590468955,1.5755656718852598,-6.953676249562855,-2.012078504432696,6.131359228429004,-7.87286480643407,-1.1610967404782089,-3.6129880282350126,5.11149770941493,-1.006430965185622,-1.1768329900299113,2.9532229129476146,1.958297147637904,-2.667473760290731,3.24226759084745,-1.2355714189863785,2.1105408921615783,1.8725670133586885,1.9182685178336794,4.031416292308701,-1.0790064960852952,2.4270842388850964,-4.608425078131536,-0.190338216577041,1.5189513183675885,-1.8172377795849746,0.4996224857102166,5.1013735801277615,-4.904339098333096,-0.8359654403889045
3.384786711781248,-2.717159142549298,1.3766043141512916,1.7834633060413998,2.070439963996689,0.04422299407745353,1.5324461362765105,1.9527570713136673,-0.011109807928424234,0.3158271857962055,3.540511847833104,2.34291577772228,-2.2654297196601534,2.611574307586746,2.97075760060852,0.3345414961421453,-3.3423387459419023,-1.2901600578112427,2.616760912926137,-3.4792682944574405,-1.082007901295002,-1.6046448048550999,2.5662879112278683,-0.35755491249332505,-0.32881783549931093,1.2788224940991206,0.6532441061263603,-1.7946124446410405,1.4834206957201548,-0.6691320599328165,1.3277151045553615,1.3901109490901777,1.3729024862105874,1.4382202531479213,-0.36099708405296244,1.2859230781188102,-1.9868291217762037,0.058339167963716916,0.42290943713700235,-0.5020850696144933,0.49861474943102874,2.786075924624599,-2.051680901070954,-0.08485929341352752
-4.048606728165103,3.0709603808623984,-1.6763883349234863,-1.4935774161696402,-2.4234397116062594,-0.3030458122524421,-1.188525975078506,-2.1474346762219314,-0.03957546032449402,-0.994021295965906,-4.179307150541944,-2.2654297196601534,3.044055542842098,-2.916509365195119,-2.7996007200792192,-0.6066512536680293,3.271623283993283,1.2049242624507734,-2.3788963963391456,4.002385417444239,0.45758525845303805,1.2589129523224964,-3.4590169572439113,0.44698775222655335,0.30144568982961617,-1.1550119915289314,-0.7915084406740281,2.2307055704519274,-1.8003262333671004,0.91244940143248765,-0.8931199884703223,-1.5280734559080924,-0.7661799213909507,-1.3823666474320997,0.4852325668799622,-1.1115716217760714,2.419343161776076,-0.035919635324076556,-0.38291885885169835,0.5279590427229227,-0.045096540375537536,-3.3107114661412655,2.0476649890330316,0.5557425100073091
5.3236436905918545,-4.785081972167349,2.317807013848309,2.868561369751498,2.5778774603814836,-0.19706531123287963,2.3329720347334586,2.9978794493773644,0.1143859944008647,0.7668229232343845,5.750648231449617,2.611574307586746,-2.916509365195119,4.244128906035169,4.448642823815524,0.9145312330968881,-5.063697703952414,-1.447375479591347,4.409488784275826,-5.649516801824437,-0.9428505311325612,-2.594468039345125,3.5547633562253766,-0.699294512809699,-0.831036828453208,2.3322218629291247,1.3994625491056962,-1.7602455150175766,2.4041930967523486,-0.846531089808985,1.487274802017028,1.5190497727716303,1.689873277055804,2.959998190636675,-0.8661663773472484,1.942285613103487,-3.1973720063682918,0.08240592063739285,1.1601082228856654,-1.229104870748412,0.6427946390941209,3.658263862680605,-3.584382942768609,-0.435854179105574
5.53005520479822,-5.0506118736903085,2.341870143936339,3.351208516881326,2.712674875849266,-0.38941257031230964,2.792070441057257,3.232410945957281,0.06287606604473259,0.3490302402153739,6.054304590468955,2.97075760060852,-2.7996007200792192,4.448642823815524,5.071952009091504,0.9183476988014235,-5.693395528862301,-1.727319648121225,5.120958541507789,-5.951270721970061,-1.4889051915258134,-3.182742723299919,3.4283023383682547,-0.7134398083434312,-0.9591495942584248,2.591377533859659,1.4537698505783596,-1.8023092791063713,2.4080492464105037,-0.8306734087458055,2.0164360388233997,1.5221272445289293,2.1859989079938265,3.288578084211755,-0.804047870692745,2.1967116223561014,-3.320721810556661,-0.01519240840108757,1.2858880395573757,-1.3637133739770975,0.901812188223104,3.750368842838172,-3.9814752203955335,-0.20983940753741856
1.3141362729265766,-1.0439170927225672,0.4213026709569249,0.44637259863903855,0.6798503831944895,-0.14737501458598176,0.337129127481498,0.6305976800772344,0.020412615400782767,0.0930622480879385,1.5755656718852598,0.3345414961421453,-0.6066512536680293,0.9145312330968881,0.9183476988014235,0.6897847982313898,-1.1253554771275078,-0.1770379318883333,1.2282330586814867,-1.3543728101271053,-0.05723013108720732,-0.6762883008154382,0.772511500754022,-0.24850705414194893,-0.32320862142868845,0.3112925527974761,0.435674246050461,-0.4108457392106438,0.36773537348753843,-0.1696929615842988,0.3706338663999907,-0.12333926781621185,-0.1479200115738278,0.8158159946247863,-0.04499150709330384,0.1510191656700144,-0.951758424538465,-0.3670666312284964,0.27925043180914083,-0.48493064082163345,-0.27539732926419164,0.6765484999320031,-0.8708405774095471,-0.3705136617118399
-6.340709020936571,5.735926185544235,-2.6869562526392947,-3.7089253243569282,-3.133356578642023,0.4144041331586618,-3.0855543538561254,-3.6759429631355376,-0.08217810955116792,-0.47850829238051246,-6.953676249562855,-3.3423387459419023,3.271623283993283,-5.063697703952414,-5.693395528862301,-1.1253554771275078,6.430942761321846,1.9224316664606174,-5.766988092026321,6.805896457961515,1.5997821294521095,3.5561443504672487,-3.988030956980747,0.8194458965310535,1.0856843375414316,-2.8920752753202357,-1.6641174184293825,2.118208367121138,-2.7443432370696983,0.9692623643584838,-2.233315153374755,-1.7000277979491196,-2.341636547861542,-3.7111805692682074,0.8946999996602215,-2.4293289120975374,3.8488214004655315,0.06140034881053033,-1.4400606109145506,1.5521659441432687,-0.9123833766947791,-4.295873055262597,4.494475750520089,0.3278671447913606
-1.9347385683353966,1.5693556262882085,-0.7404594941796807,-1.0779865968116102,-1.1556977841203475,-0.007263325169544287,-0.9130647153655812,-1.1280214302904525,0.024130297117990203,-0.10348546994627558,-2.012078504432696,-1.2901600578112427,1.2049242624507734,-1.447375479591347,-1.727319648121225,-0.1770379318883333,1.9224316664606174,0.7870472534039352,-1.5604752383278133,1.9702764282748677,0.6492654245972062,1.012923482104056,-1.4036310845987718,0.20675619914617827,0.21478897827437682,-0.7508783039214475,-0.3789806423940407,0.9737589688775943,-0.8326768738467275,0.3760138973988081,-0.8106941378216553,-0.7302482446643275,-0.8007546452949754,-0.8381677695198798,0.2129848662539353,-0.7342712516699728,1.0943173016393999,-0.005578154808958275,-0.2737080412597592,0.3492145109826676,-0.3014282983081766,-1.5333104926679892,1.2197277838603435,0.010725526934270913
5.446252674706779,-5.137524780002987,2.269429146036604,3.425119442949178,2.525192866034311,-0.6508034360703225,2.893015935981054,3.1884557411867056,0.06317930690973876,0.11222583708479728,6.131359228429004,2.616760912926137,-2.3788963963391456,4.409488784275826,5.120958541507789,1.2282330586814867,-5.766988092026321,-1.5604752383278133,5.579228531704918,-5.965801534568302,-1.5516746643523236,-3.511354141408653,2.962879250938067,-0.7553460442542754,-1.1713430835476581,2.6858196906364933,1.5864827843735954,-1.4824611513950001,2.192665591748886,-0.7135625505274003,2.1232938908174814,0.9919797282709343,2.0278150925397287,3.6367970095939524,-0.6833092143647699,2.122601481381653,-3.3879266296143538,-0.26327089407581333,1.4945750260989477,-1.596318671111081,0.795597258735508,3.31877692996432,-4.219324315578463,-0.2384119555483839
-7.265661796391987,6.435786830378114,-3.12919058595733,-3.751173979588752,-3.5564601106225537,0.24246391353940433,-3.0803830887576376,-4.094667837214479,-0.13807220003157078,-1.061772179537668,-7.87286480643407,-3.4792682944574405,4.002385417444239,-5.649516801824437,-5.951270721970061,-1.3543728101271053,6.805896457961515,1.9702764282748677,-5.965801534568302,7.682842349197348,1.2141567649847673,3.5612079232740794,-4.871329913858877,0.9312002775711234,1.1285076009890873,-3.0794163899794413,-1.8889875539659076,2.509050136632805,-3.2287511364405934,1.1860031429178899,-2.0349821578313683,-1.9503712654452732,-2.134094303821303,-3.9722340785870807,1.116292604207641,-2.535154328439606,4.41745044279109,0.0051249291165430845,-1.5590412111087444,1.726731253432267,-0.6967397504317963,-4.934139664416888,4.830389680874799,0.6811708043429764
-1.048480736522804,0.9764189970936056,-0.3956880705581523,-1.042286132533266,-0.7648442069534052,0.25628289125708975,-1.0609277800570038,-0.7430201663410886,0.08175756239137343,0.45752069090276737,-1.1610967404782089,-1.082007901295002,0.45758525845303805,-0.9428505311325612,-1.4889051915258134,-0.05723013108720732,1.5997821294521095,0.6492654245972062,-1.5516746643523236,1.2141567649847673,1.216258418916583,1.1430916391912462,-0.3741085866996916,0.08419342989935931,0.26209588220448915,-0.7355788910860791,-0.1869954600552121,0.6606467203163157,-0.2713224383950374,0.1640721099454248,-1.0822986022840313,-0.3045652756063633,-0.9703148400483599,-0.6879390439473857,-0.16108854552386415,-0.6815063484995791,0.629066693484885,0.09956671482315381,-0.27417941216387515,0.1983825502557454,-0.5075450513908234,-0.805392539149631,1.0291461052496953,-0.3691117705775372
-3.205562894068964,3.092653440128841,-1.3360601800415448,-2.1662908050786593,-1.471267459336825,0.45957018330912786,-1.8990073716765359,-1.9549039683590779,-0.016809102694961862,0.09307473395434784,-3.6129880282350126,-1.6046448048550999,1.2589129523224964,-2.594468039345125,-3.182742723299919,-0.6762883008154382,3.5561443504672487,1.012923482104056,-3.511354141408653,3.5612079232740794,1.1430916391912462,2.327170892046912,-1.5689189893906383,0.4126077629581035,0.7317055950233268,-1.73116064429626,-0.9314109335917602,0.8532823777675721,-1.2681845136294208,0.3974695819152061,-1.4473729915504805,-0.5406602228935359,-1.4184020308348089,-2.2449647283020107,0.369175678765847,-1.3653241342709284,1.9903448760126734,0.16339261992847148,-0.9647487879478794,1.009372343046566,-0.5904597140405202,-1.8778566266454262,2.627050999327535,0.006917533435097486
4.918838604348715,-3.818178272977747,2.0100682578120375,1.8999230504796838,2.780791723143461,0.32520202858241537,1.4376812120377793,2.588479221796811,0.06299748534729029,1.1712637253148768,5.11149770941493,2.5662879112278683,-3.4590169572439113,3.5547633562253766,3.4283023383682547,0.772511500754022,-3.988030956980747,-1.4036310845987718,2.962879250938067,-4.871329913858877,-0.3741085866996916,-1.5689189893906383,4.119767338562408,-0.6095149226622419,-0.4178845038169378,1.429701042967583,1.0363403399060103,-2.3646878203047375,2.266081050051561,-1.0214403705758328,1.006472693668583,1.7704052390568323,0.910889635230546,1.8381561088668046,-0.7449045785290458,1.3563707840209756,-2.8835285889382165,0.05824598080645198,0.5423581953321867,-0.807019826951117,0.08900217905001677,3.872907778232315,-2.5683192043662695,-0.7268172180110386
-0.9104394593142116,0.7784692936450271,-0.33384351254920946,-0.4473822510987399,-0.4430783478617131,0.04161146517801544,-0.32668484317828533,-0.460063384825773,-0.013184387148721777,-0.09986455879425182,-1.006430965185622,-0.35755491249332505,0.44698775222655335,-0.699294512809699,-0.7134398083434312,-0.24850705414194893,0.8194458965310535,0.20675619914617827,-0.7553460442542754,0.9312002775711234,0.08419342989935931,0.4126077629581035,-0.6095149226622419,0.1689826650953153,0.169604494537734,-0.3090430669682363,-0.26409932129905495,0.23921326521131323,-0.38145200985955274,0.12076131335525758,-0.23510753165334178,-0.15501838751378674,-0.13300307077945098,-0.5102139904950568,0.14445924442350513,-0.24879437020126793,0.5408351070853302,0.06235938256630956,-0.18192657652502486,0.273596031459745,-0.025069063801195793,-0.5796113293879167,0.601617013122657,0.14374585703290627
-0.9954626187626088,1.0213568881067294,-0.4175407203942691,-0.6837994885572225,-0.37761930167906393,0.20239782892531766,-0.5679437347558749,-0.5750070340582244,-0.017715320855532138,0.02291257324996432,-1.1768329900299113,-0.32881783549931093,0.30144568982961617,-0.831036828453208,-0.9591495942584248,-0.32320862142868845,1.0856843375414316,0.21478897827437682,-1.1713430835476581,1.1285076009890873,0.26209588220448915,0.7317055950233268,-0.4178845038169378,0.169604494537734,0.2998379163959926,-0.5525376225249576,-0.3527352059004536,0.11754284178451395,-0.36552031024241155,0.09510209881092557,-0.3786439203042522,-0.013357174251322209,-0.2993471081304545,-0.8015845907616104,0.1154680329663484,-0.37232393268012215,0.6445329505477613,0.10598570076179087,-0.36111026385321793,0.37619549185199336,-0.1273523057659877,-0.47400289803747025,0.8728686779528744,0.06614418249139689
2.7035071741912624,-2.8145373779792093,1.3663002373066369,1.8838806686814253,1.0421666896166963,-0.29463811981547505,1.6362893568344181,1.6884099066082918,0.0795307619285051,0.28900464778198265,2.9532229129476146,1.2788224940991206,-1.1550119915289314,2.3322218629291247,2.591377533859659,0.3112925527974761,-2.8920752753202357,-0.7508783039214475,2.6858196906364933,-3.0794163899794413,-0.7355788910860791,-1.73116064429626,1.429701042967583,-0.3090430669682363,-0.5525376225249576,1.7078255500119983,0.7904025409661596,-0.550066739330755,1.3120428159148434,-0.35714906152422027,0.8698260559743702,0.7528932371844586,1.3733603850978124,1.8983577494602137,-0.5285963330411598,1.3364484937719439,-1.6106483809419085,0.22708798513484496,0.8997697172097651,-0.7249049513186548,0.7193064001511966,1.6426885867416174,-2.1920670202955086,0.02604013008185265
1.7534307724718705,-1.6500947551978282,0.7439040953722983,0.955279472381081,0.7352357496380666,-0.14567036065651873,0.7479599150135368,0.9727927277252506,0.05673931338668198,0.22657365769360951,1.958297147637904,0.6532441061263603,-0.7915084406740281,1.3994625491056962,1.4537698505783596,0.435674246050461,-1.6641174184293825,-0.3789806423940407,1.5864827843735954,-1.8889875539659076,-0.1869954600552121,-0.9314109335917602,1.0363403399060103,-0.26409932129905495,-0.3527352059004536,0.7904025409661596,0.5465965915079567,-0.3712373285887136,0.7637655139074029,-0.225287136382282,0.4373048595517604,0.30455995404017727,0.4429977952025729,1.14533691521181,-0.3213935183901655,0.5911666736668632,-1.0903785746965389,-0.04721133039890093,0.47526209689718824,-0.5337362658548863,0.14092223005522145,1.0366707869105598,-1.2683619533485282,-0.21364014902900574
-2.6445568878133723,1.7133490191079113,-0.9650484238240036,-0.7972122924030128,-1.945381930625841,-0.2770696610523533,-0.7535584106406371,-1.3936661915671924,0.050997035009174976,-0.5007062293839729,-2.667473760290731,-1.7946124446410405,2.2307055704519274,-1.7602455150175766,-1.8023092791063713,-0.4108457392106438,2.118208367121138,0.9737589688775943,-1.4824611513950001,2.509050136632805,0.6606467203163157,0.8532823777675721,-2.3646878203047375,0.23921326521131323,0.11754284178451395,-0.550066739330755,-0.3712373285887136,2.021495922157867,-0.9999766237804097,0.6888993475621573,-0.89631933291866694,-1.0188766151502755,-0.4459822818145191,-0.585130953519298,0.03521578438945477,-0.6346619111139091,1.6112066444016404,0.14658612657314385,-0.05902401834186195,0.23351550842867472,0.10359944625007038,-2.353114647263,1.1979456735350495,0.2957219271205955
3.086252738705425,-2.746737699479997,1.4055063343188927,1.5407748323247799,1.4380880710969546,0.04715528859590268,1.2151335993587618,1.738167615764985,0.08744403546900359,0.6883608798103702,3.24226759084745,1.4834206957201548,-1.8003262333671004,2.4041930967523486,2.4080492464105037,0.36773537348753843,-2.7443432370696983,-0.8326768738467275,2.192665591748886,-3.2287511364405934,-0.2713224383950374,-1.2681845136294208,2.266081050051561,-0.38145200985955274,-0.36552031024241155,1.3120428159148434,0.7637655139074029,-0.9999766237804097,1.5724862625710316,-0.5222905197853405,0.626339150858999,1.1061333971757201,0.980138128740415,1.5621323568669796,-0.672771705255364,1.1379980847646476,-1.7784447003960695,0.23131437642354868,0.6162033673189754,-0.6698473403833369,0.3854121562954548,2.2060459807926827,-1.9233179062779788,-0.3117008781398713
-1.198182067523976,0.9138168155435363,-0.5010799522728988,-0.4540456807802305,-0.7196567183439454,-0.08862085234837036,-0.3686456388472452,-0.6476977556682592,-0.0040737596893654785,-0.28736922009264426,-1.2355714189863785,-0.6691320599328165,0.91244940143248765,-0.846531089808985,-0.8306734087458055,-0.1696929615842988,0.9692623643584838,0.3760138973988081,-0.7135625505274003,1.1860031429178899,0.1640721099454248,0.3974695819152061,-1.0214403705758328,0.12076131335525758,0.09510209881092557,-0.35714906152422027,-0.225287136382282,0.6888993475621573,-0.5222905197853405,0.28806195629985065,-0.27851112929165933,-0.44234751770152203,-0.22999548672344455,-0.392655457046953,0.12144729067704849,-0.3285718625182925,0.7146961231909679,-0.003562079499070977,-0.11931755874394834,0.14515043581372944,-0.015114089381830734,-0.9779979557675639,0.6117565133503408,0.1481119654452831
1.8972409619553245,-1.6063536125639197,0.6523358100458899,1.2798882443463038,1.1813711044927728,-0.24054205923310595,1.1825076373523002,1.1510365294529161,-0.05829026310849679,-0.30390657297836493,2.1105408921615783,1.3277151045553615,-0.8931199884703223,1.487274802017028,2.0164360388233997,0.3706338663999907,-2.233315153374755,-0.8106941378216553,2.1232938908174814,-2.0349821578313683,-1.0822986022840313,-1.4473729915504805,1.006472693668583,-0.23510753165334178,-0.3786439203042522,0.8698260559743702,0.4373048595517604,-0.89631933291866694,0.626339150858999,-0.27851112929165933,1.216396494902102,0.4061353288839351,0.92731409859586,1.1164778621699765,-0.016190114967101696,0.7890266987564326,-1.1683034568826303,-0.22492208141989448,0.39419514650153303,-0.5039838548295532,0.3552704880062534,1.3216620953550404,-1.4857668532830688,0.10937871075248921
1.925919787471709,-1.5727706460233433,0.9309137337903809,0.9413609474558555,1.0950719556294397,0.24081990705009057,0.7482650162665064,1.1246715833962977,0.03843931759512393,0.5557451738656981,1.8725670133586885,1.3901109490901777,-1.5280734559080924,1.5190497727716303,1.5221272445289293,-0.12333926781621185,-1.7000277979491196,-0.7302482446643275,0.9919797282709343,-1.9503712654452732,-0.3045652756063633,-0.5406602228935359,1.7704052390568323,-0.15501838751378674,-0.013357174251322209,0.7528932371844586,0.30455995404017727,-1.0188766151502755,1.1061333971757201,-0.44234751770152203,0.4061353288839351,1.2345025437044397,0.9119485825781494,0.6182461197786375,-0.451841809976287,0.8306596269797688,-1.0163328771915734,0.3815867158295788,0.16753166507810652,-0.10661015843553799,0.41811008082135936,1.7947050415881611,-0.9637975909082347,-0.06339199495561691
1.8080181594307572,-1.9726785959570996,0.9656113692558127,1.6501845390266412,0.7488771573674855,-0.2312300591507379,1.4782191341424915,1.284266014202711,0.024740670088445826,-0.04482746220615139,1.9182685178336794,1.3729024862105874,-0.7661799213909507,1.689873277055804,2.1859989079938265,-0.1479200115738278,-2.341636547861542,-0.8007546452949754,2.0278150925397287,-2.134094303821303,-0.9703148400483599,-1.4184020308348089,0.910889635230546,-0.13300307077945098,-0.2993471081304545,1.3733603850978124,0.4429977952025729,-0.4459822818145191,0.980138128740415,-0.22999548672344455,0.92731409859586,0.9119485825781494,1.670647889084933,1.329221436808929,-0.41398798858329655,1.2549055646112988,-0.9801579172283034,0.3641822275447523,0.5999395423955589,-0.37323375757373173,0.9372220928230351,1.3029298437716352,-1.5930106680297826,0.355716471786487
3.5506706123909613,-3.5470149295180273,1.5910184109671672,2.2642414608462462,1.383303106130915,-0.4639318765335819,1.8643368306653938,2.0914336489785685,0.11035314301549583,0.2522660702396845,4.031416292308701,1.4382202531479213,-1.3823666474320997,2.959998190636675,3.288578084211755,0.8158159946247863,-3.7111805692682074,-0.8381677695198798,3.6367970095939524,-3.9722340785870807,-0.6879390439473857,-2.2449647283020107,1.8381561088668046,-0.5102139904950568,-0.8015845907616104,1.8983577494602137,1.14533691521181,-0.585130953519298,1.5621323568669796,-0.392655457046953,1.1164778621699765,0.6182461197786375,1.329221436808929,2.6122747649467315,-0.6607961444094856,1.4442537063279566,-2.2229691282241246,-0.03928585267226603,1.1284412290095618,-1.143942913081328,0.5611795126215685,1.9979576358332176,-2.8314509656177793,-0.24245067823941166
-1.0415232947279363,1.0576997112751443,-0.5249316826695348,-0.587457622930257,-0.290386260629258,-0.026099542997841976,-0.3908191399023142,-0.5977613294578371,-0.07493209035588834,-0.3454143923623867,-1.0790064960852952,-0.36099708405296244,0.4852325668799622,-0.8661663773472484,-0.804047870692745,-0.04499150709330384,0.8946999996602215,0.2129848662539353,-0.6833092143647699,1.116292604207641,-0.16108854552386415,0.369175678765847,-0.7449045785290458,0.14445924442350513,0.1154680329663484,-0.5285963330411598,-0.3213935183901655,0.03521578438945477,-0.672771705255364,0.12144729067704849,-0.016190114967101696,-0.451841809976287,-0.41398798858329655,-0.6607961444094856,0.4524594088898915,-0.45329665500199795,0.5463970717698424,-0.22785692377343747,-0.28865795394318167,0.2926752721466913,-0.221437013292289,-0.6762062021143161,0.6807750967123538,0.13528081918118892
2.280460062123159,-2.2589181792123916,1.1164598317626984,1.5517148790739037,0.997890195888505,-0.1595324970129355,1.352633920478708,1.4154420398910863,0.045349982568828114,0.23998683247394195,2.4270842388850964,1.2859230781188102,-1.1115716217760714,1.942285613103487,2.1967116223561014,0.1510191656700144,-2.4293289120975374,-0.7342712516699728,2.122601481381653,-2.535154328439606,-0.6815063484995791,-1.3653241342709284,1.3563707840209756,-0.24879437020126793,-0.37232393268012215,1.3364484937719439,0.5911666736668632,-0.6346619111139091,1.1379980847646476,-0.3285718625182925,0.7890266987564326,0.8306596269797688,1.2549055646112988,1.4442537063279566,-0.45329665500199795,1.1522956938749744,-1.302219354578627,0.24426608721850618,0.639722485388655,-0.5282449811985882,0.6444877487022633,1.5526232212773006,-1.7385418435932851,0.05646166836647889
-4.213729967914169,3.599219593954228,-1.7576464598428094,-1.968701621567873,-2.1650605434281456,0.118100046856251,-1.6196959233832606,-2.3334119155817197,-0.08125906277226881,-0.636525396298041,-4.608425078131536,-1.9868291217762037,2.419343161776076,-3.1973720063682918,-3.320721810556661,-0.951758424538465,3.8488214004655315,1.0943173016393999,-3.3879266296143538,4.41745044279109,0.629066693484885,1.9903448760126734,-2.8835285889382165,0.5408351070853302,0.6445329505477613,-1.6106483809419085,-1.0903785746965389,1.6112066444016404,-1.7784447003960695,0.7146961231909679,-1.1683034568826303,-1.0163328771915734,-0.9801579172283034,-2.2229691282241246,0.5463970717698424,-1.302219354578627,2.663417305618401,0.15519433431748772,-0.826609844087878,0.9964149635535879,-0.17521487460722526,-2.872154735200296,2.7010263219568147,0.5193116939253503
-0.058816542346456675,-0.1288639392658835,0.17140828102978703,0.11460575835498231,-0.18424780801979945,0.09967471504544836,0.098196005890539,0.04262943936446444,0.03983669209542759,0.24164294155400476,-0.190338216577041,0.058339167963716916,-0.035919635324076556,0.08240592063739285,-0.01519240840108757,-0.3670666312284964,0.06140034881053033,-0.005578154808958275,-0.26327089407581333,0.0051249291165430845,0.09956671482315381,0.16339261992847148,0.05824598080645198,0.06235938256630956,0.10598570076179087,0.22708798513484496,-0.04721133039890093,0.14658612657314385,0.23131437642354868,-0.003562079499070977,-0.22492208141989448,0.3815867158295788,0.3641822275447523,-0.03928585267226603,-0.22785692377343747,0.24426608721850618,0.15519433431748772,0.39259814574528384,0.04786185344524877,0.1331089284007047,0.31697413193554447,0.07319041344883888,0.043783771527658846,0.1315106838529998
1.334261405979236,-1.4841815658458835,0.6693610306057931,0.9633361594205658,0.390970235150248,-0.24062460016990467,0.8266953350657609,0.8279300569394572,0.05412566006137908,0.10934394773886905,1.5189513183675885,0.42290943713700235,-0.38291885885169835,1.1601082228856654,1.2858880395573757,0.27925043180914083,-1.4400606109145506,-0.2737080412597592,1.4945750260989477,-1.5590412111087444,-0.27417941216387515,-0.9647487879478794,0.5423581953321867,-0.18192657652502486,-0.36111026385321793,0.8997697172097651,0.47526209689718824,-0.05902401834186195,0.6162033673189754,-0.11931755874394834,0.39419514650153303,0.16753166507810652,0.5999395423955589,1.1284412290095618,-0.28865795394318167,0.639722485388655,-0.826609844087878,0.04786185344524877,0.5601537551624901,-0.4923607370692354,0.3093206442692778,0.6242128556869735,-1.1966415114905198,-0.03631674369895958
-1.6147309346325036,1.5123032508256802,-0.6074180965439236,-0.8820692599768809,-0.6580023275279584,0.18623694762112758,-0.7225484684681616,-0.8906361291036784,-0.0352242003028324,-0.08504070413664913,-1.8172377795849746,-0.5020850696144933,0.5279590427229227,-1.229104870748412,-1.3637133739770975,-0.48493064082163345,1.5521659441432687,0.3492145109826676,-1.596318671111081,1.726731253432267,0.1983825502557454,1.009372343046566,-0.807019826951117,0.273596031459745,0.37619549185199336,-0.7249049513186548,-0.5337362658548863,0.23351550842867472,-0.6698473403833369,0.14515043581372944,-0.5039838548295532,-0.10661015843553799,-0.37323375757373173,-1.143942913081328,0.2926752721466913,-0.5282449811985882,0.9964149635535879,0.1331089284007047,-0.4923607370692354,0.6670249352944988,-0.09142889946819782,-0.8077701723805073,1.2546845743209,0.20236381019716915
0.4899995788451455,-0.7846065378369353,0.38043876946569916,0.8395840554115687,0.059942710175517215,-0.1548028843396175,0.7475015849024417,0.44880246344848773,0.013379247774648877,-0.10899890447584408,0.4996224857102166,0.49861474943102874,-0.045096540375537536,0.6427946390941209,0.901812188223104,-0.27539732926419164,-0.9123833766947791,-0.3014282983081766,0.795597258735508,-0.6967397504317963,-0.5075450513908234,-0.5904597140405202,0.08900217905001677,-0.025069063801195793,-0.1273523057659877,0.7193064001511966,0.14092223005522145,0.10359944625007038,0.3854121562954548,-0.015114089381830734,0.3552704880062534,0.41811008082135936,0.9372220928230351,0.5611795126215685,-0.221437013292289,0.6444877487022633,-0.17521487460722526,0.31697413193554447,0.3093206442692778,-0.09142889946819782,0.656783973013022,0.34321011478450436,-0.6528060639249443,0.33279215803204315
4.891197081518243,-3.908653274212345,2.001309171100269,2.186989789136584,2.797754144128139,0.18989002303803287,1.7515374766196303,2.667544720182894,0.0468854905481027,0.9006699504498139,5.1013735801277615,2.786075924624599,-3.3107114661412655,3.658263862680605,3.750368842838172,0.6765484999320031,-4.295873055262597,-1.5333104926679892,3.31877692996432,-4.934139664416888,-0.805392539149631,-1.8778566266454262,3.872907778232315,-0.5796113293879167,-0.47400289803747025,1.6426885867416174,1.0366707869105598,-2.353114647263,2.2060459807926827,-0.9779979557675639,1.3216620953550404,1.7947050415881611,1.3029298437716352,1.9979576358332176,-0.6762062021143161,1.5526232212773006,-2.872154735200296,0.07319041344883888,0.6242128556869735,-0.8077701723805073,0.34321011478450436,3.85910778235674,-2.7665438276636345,-0.48912049814117703
-4.448006025480806,4.195477980327252,-1.9203894294413877,-2.671498881110192,-2.0124538372880405,0.39496593927045714,-2.241949897810056,-2.5806757757835004,-0.07912273969441475,-0.3528582925993411,-4.904339098333096,-2.051680901070954,2.0476649890330316,-3.584382942768609,-3.9814752203955335,-0.8708405774095471,4.494475750520089,1.2197277838603435,-4.219324315578463,4.830389680874799,1.0291461052496953,2.627050999327535,-2.5683192043662695,0.601617013122657,0.8728686779528744,-2.1920670202955086,-1.2683619533485282,1.1979456735350495,-1.9233179062779788,0.6117565133503408,-1.4857668532830688,-0.9637975909082347,-1.5930106680297826,-2.8314509656177793,0.6807750967123538,-1.7385418435932851,2.7010263219568147,0.043783771527658846,-1.1966415114905198,1.2546845743209,-0.6528060639249443,-2.7665438276636345,3.3258314631767347,0.24365593304074695
-0.7496918198904249,0.47326619962902466,-0.2564088840917672,0.030470989808489363,-0.3913985988217184,-0.10021228322689243,0.1169272222813893,-0.28682265184598243,-0.03980434272619358,-0.3568328318916677,-0.8359654403889045,-0.08485929341352752,0.5557425100073091,-0.435854179105574,-0.20983940753741856,-0.3705136617118399,0.3278671447913606,0.010725526934270913,-0.2384119555483839,0.6811708043429764,-0.3691117705775372,0.006917533435097486,-0.7268172180110386,0.14374585703290627,0.06614418249139689,0.02604013008185265,-0.21364014902900574,0.2957219271205955,-0.3117008781398713,0.1481119654452831,0.10937871075248921,-0.06339199495561691,0.355716471786487,-0.24245067823941166,0.13528081918118892,0.05646166836647889,0.5193116939253503,0.1315106838529998,-0.03631674369895958,0.20236381019716915,0.33279215803204315,-0.48912049814117703,0.24365593304074695,0.3983985406889505
