V1,V2,V3,V4,V5,V6,V7,V8,V9,V10,V11,V12,V13,V14,V15,V16,V17,V18,V19,V20,V21,V22,V23,V24,V25,V26,V27,V28,V29,V30,V31,V32,V33,V34,V35,V36,V37,V38,V39,V40,V41,V42,V43,V44
6.140227417133999,-5.466401022108142,2.3953871807258524,3.3528992935796733,2.9103891793296515,-0.19125564930477199,2.291856611978067,3.3819869886414007,0.22888080834786279,0.8923118428713032,6.164250474706081,2.448847319073429,-2.9181316869496134,4.319226190634662,5.024510134183038,1.1284593899140536,-5.341448887658358,-1.5899317310147723,4.917574946313419,-5.966868663967472,-0.892838548111907,-2.958767536443389,3.8099663373915296,-0.568038601847681,-0.7939873036083641,2.228056294885062,1.5408566472324092,-1.6350895830307572,2.588333501793269,-0.9233561485206335,1.6018992676791222,1.4477021843803792,1.5926660378042241,3.1175210445651462,-1.0507432583197018,1.8298103579503642,-3.4130965635477697,-0.27337030107176874,1.2060274526745465,-1.5361589736835022,0.4419480033257902,3.9646695498300084,-3.9135279315454086,-0.5435856786550113
-5.466401022108142,5.00095257615356,-2.186299234777948,-2.9775580387556317,-2.522147547598576,0.24847516824933377,-2.0641888836883306,-3.040040141176928,-0.17292371513598742,-0.883214407212678,-5.530920737489613,-2.0845327423143436,2.7126154449820348,-3.84975022941449,-4.447830892240123,-1.0512159033472768,4.773641094194682,1.388271922280352,-4.4944068504255545,5.393129270741394,0.7183054112192087,2.6925381337337266,-3.3547258109913924,0.4467725813970938,0.7635515054230849,-2.096708716897173,-1.4318893086797264,1.5425700039911856,-2.243666214908356,0.9098067219225006,-1.3331389583040936,-1.2097209314176043,-1.437891383619623,-2.8808809730386993,0.8704373240983486,-1.633665226366641,3.138678023148318,0.2453239115983362,-1.1790419940464896,1.3111473831443121,-0.3149166732217171,-3.4679487329075416,3.5403712758929724,0.4684932855640424
2.3953871807258524,-2.186299234777948,1.6756321102052973,0.9835124158970519,1.3285288285263583,-0.19609339649629617,1.1949013598845,1.3930240434950851,0.17236373776379596,0.7118025650090647,2.734687192181116,1.061333178295744,-1.1802471517816193,2.0106248815210876,1.92327271248433,0.8513059175170649,-2.3465957352372975,-0.04000114150491035,2.0289186226772373,-2.8430680383447684,-0.7927541644687617,-1.1046099318884104,1.3975467456031163,-0.2579130635656449,-0.3862896698728961,1.3077845569643172,0.49893836793789464,-0.8405236460567534,1.1494299338018783,-0.24288001430010026,0.7610424921471683,0.4649448549199231,0.5191802203942509,1.335008953417212,0.04760813744871947,0.9562351353404478,-1.858538226803078,-0.12256813220547172,0.5605731258269808,-0.5625231939129389,0.18148271744671518,1.3931709995160015,-1.6661597054896662,-0.4197593893138287
3.3528992935796733,-2.9775580387556317,0.9835124158970519,2.718209730583752,1.6460963758470195,-0.09824222038090198,1.4572961898338306,1.713519677124794,-0.11353781173162045,-0.125072430073423,3.1671242255804697,1.8372158056482395,-1.491313384224692,2.2722108580634073,3.394936368045407,0.1124819087652978,-3.4976604946703818,-1.4643953934854907,2.8946225055349686,-2.9896917174148796,-0.7301270913914587,-1.7412325109686597,2.351076352296705,-0.4122524622216215,-0.3139066208321303,1.0415967048896186,0.7653169993029201,-0.738556177184562,1.460591010036956,-0.5633129453858539,1.2399797681872908,1.355076083690971,1.5216208021358726,1.4116819987605378,-0.8035555418438459,1.1757127371868714,-1.3517566837897868,-0.16023497318906463,0.41690119263987296,-0.6757629701541363,0.6246808043860091,2.444711465599418,-2.118548583788315,0.0779022078792329
2.9103891793296515,-2.522147547598576,1.3285288285263583,1.6460963758470195,1.749603963072383,-0.08859100911598203,1.336735799834672,1.6025781249723394,0.11099969235614952,0.35209050002662073,2.8346079741309373,1.6158183203316174,-1.3582977474193105,2.193326876136964,2.6112814836702536,0.45201800315186663,-2.8865898006531907,-0.7376342444050757,2.3221363172357896,-2.92697387223198,-1.0785057510992195,-1.4031547414246062,1.7529521723505717,-0.2339776870965236,-0.2616053376054361,1.2641250407286517,0.5747089624664485,-1.0115907071904282,1.3488258308072272,-0.3819837818440895,1.1598844356577316,0.9407979234647393,1.051894982058161,1.254267023302393,-0.2441796138023496,1.0780327895417685,-1.721128748553127,-0.11624718547657491,0.4283059737802208,-0.6272695887593328,0.42989702019147463,2.030349399202538,-1.8847162232167705,-0.0939716864432685
-0.19125564930477199,0.24847516824933377,-0.19609339649629617,-0.09824222038090198,-0.08859100911598203,0.130779496605157,-0.2329810844691274,-0.09704193446425075,0.04547536036804409,-0.022802591666112756,-0.3722992800195479,-0.1723430895347217,0.14933012165415563,-0.31519392289992704,-0.22827281990716758,-0.14568109213695402,0.36479696355649577,-0.013241236845376583,-0.33757218794351507,0.39782979045610445,0.12236774220412515,0.16205999986434116,-0.12807012381794333,0.08513325010361594,0.12396919002320594,-0.27085428732479927,-0.11237379868641642,0.12564812735156308,-0.10919630452517655,0.03968216815866488,-0.10062481878685382,-0.02963237194071953,-0.13076370481061275,-0.2954163737411417,-0.06844722825859122,-0.1889317565588521,0.2515412919226654,-0.029113466147842815,-0.13155037716324525,0.04421029550418936,-0.05618953783279166,-0.1018313421133522,0.24042723973982688,0.02646214632051385
2.291856611978067,-2.0641888836883306,1.1949013598845,1.4572961898338306,1.336735799834672,-0.2329810844691274,1.7977629475909351,1.344204169354942,-0.21609322694380376,-0.02203811603500584,2.7264907768295887,1.7955721599264445,-1.4969520117530672,2.164473857800595,2.264380643017143,0.276560933093651,-2.8193658028328668,-0.8821770730112897,2.463999127104374,-2.7974349778991856,-1.2371010146734838,-1.6048307894636047,1.5382019712219652,-0.47122654687363763,-0.5444927840204704,1.5058644109625166,0.5507350786522711,-1.4059455995780452,0.9500596851766819,-0.42779570704280845,1.2285241041107249,0.768595089976548,1.3412638023690069,1.4540316026277587,-0.02274621786070433,1.4004592875023645,-1.4481687385127167,0.1975918506734839,0.6707548816528212,-0.4550930610675124,0.6483002786218459,1.6615277411615288,-1.9318115240042157,0.11944864963826822
3.3819869886414007,-3.040040141176928,1.3930240434950851,1.713519677124794,1.6025781249723394,-0.09704193446425075,1.344204169354942,2.341429615993676,0.3737240783973637,0.4918759921927026,3.5543661365129084,1.5522594544111172,-1.7139783002955498,2.45448147917458,2.9057018470257896,0.598916847666596,-2.792277630386507,-0.9787770043740568,2.8402032967731032,-3.4758684846266346,-0.8378622084807068,-1.8715669892368771,1.8790282902850999,-0.0630996751267822,-0.4766862693543258,1.318016275073556,0.7637673065259765,-1.0372382628462486,1.398753919297825,-0.489674656094601,1.0824117722886795,0.7782783520351115,1.0919175369706313,1.972985713658411,-0.5314797656220391,0.9956118287759407,-2.1482917689778795,-0.03127493019962523,0.7303864185964615,-0.8112702301704907,0.4838099689098966,2.398868426399145,-2.1834235878348287,-0.15395987798559196
0.22888080834786279,-0.17292371513598742,0.17236373776379596,-0.11353781173162045,0.11099969235614952,0.04547536036804409,-0.21609322694380376,0.3737240783973637,0.4491323669221407,0.20967215088183755,0.23304803691683132,-0.03476547637500287,0.146182073462543,0.21320578981438718,0.16834244233885873,0.22854894393646288,0.16375811632705417,0.253681405110299,-0.013104598671054733,-0.17727301140738153,-0.09508403490922769,0.07869350825222947,-0.11538719546060398,0.16990568077740997,0.044387176358159315,-0.12832184384706843,-0.013001108479461518,0.3683743206299891,0.1948989065557418,0.19757773169760648,0.006245033699554563,-0.06074281856711274,-0.2135309954379949,0.2185358385879321,-0.09858929915955673,-0.2042550247168958,-0.3337267963211377,-0.055884715086781535,-0.08427281116654228,-0.12949428382668707,0.09792507734622291,0.25046634559891745,-0.009381640906482127,-0.1584202342862853
0.8923118428713032,-0.883214407212678,0.7118025650090647,-0.125072430073423,0.35209050002662073,-0.022802591666112756,-0.02203811603500584,0.4918759921927026,0.20967215088183755,0.9115397039165539,0.7342505689413152,-0.36316013120989576,-0.4887667566541346,0.3918504823287679,0.13997342403414825,0.573204371054507,-0.07665476356224235,0.4300066355776444,0.37565180407006254,-0.840647697682516,0.22619156285671219,-0.11983116033322604,0.3362360146107962,0.18507351954514664,-0.05646955834595066,0.30865702559589986,0.20563472418819753,-0.29697155246931767,0.2577549277326623,-0.16388513036450666,-0.2812515523682481,-0.21140308958262202,-0.42680376426662303,0.3883173874533811,0.09380582816751681,0.0035055365170176015,-0.7837819308799917,-0.17822736600953776,0.2946415613856162,-0.1787948187080348,-0.44174311243165654,0.2430272093692136,-0.3776346260073882,-0.40910031951195774
6.164250474706081,-5.530920737489613,2.734687192181116,3.1671242255804697,2.8346079741309373,-0.3722992800195479,2.7264907768295887,3.5543661365129084,0.23304803691683132,0.7342505689413152,7.114296686907877,2.78141802438122,-3.0581102368186626,5.067532854207249,5.151188458324783,1.5077437205690978,-5.896344298920169,-1.4282501465156985,5.446127281697197,-6.7942744189908515,-0.9984665995489904,-3.186331281033053,3.9432029378833366,-1.01105530880884,-1.2256462196783418,2.6829573512745037,1.7399673583527842,-1.6493718378596156,2.7922744622908446,-0.7672571063343533,1.8009757808120213,1.282949449591226,1.6019433232995268,3.899764026269356,-0.9982654651046592,2.146969115682165,-3.9282498476684884,-0.06298717436461036,1.486337511153751,-1.795515566293684,0.6829446994182282,3.9865188177557545,-4.363952743860192,-0.7755151401567654
2.448847319073429,-2.0845327423143436,1.061333178295744,1.8372158056482395,1.6158183203316174,-0.1723430895347217,1.7955721599264445,1.5522594544111172,-0.03476547637500287,-0.36316013120989576,2.78141802438122,2.423730413896064,-1.4273106217175358,2.3369811500494047,2.832866820418714,0.049130805576006166,-3.2576262620199934,-1.2219605474426798,2.5212289559181995,-2.8064061393744164,-1.668966661445039,-1.6758070827878009,1.6533878106904436,-0.38325217493857366,-0.3766286375684604,1.373847821184391,0.46870045712145014,-1.2686772196777232,1.189908915609132,-0.3518265790964285,1.6336926894188646,1.227301896137116,1.7724773343684512,1.370172031612569,-0.18396481464124464,1.414650278687643,-1.4663544354520524,0.19305014761607264,0.38329478048787047,-0.4054557353769796,1.0010598769370858,2.170557930608031,-1.9169648752355664,0.31540031174581384
-2.9181316869496134,2.7126154449820348,-1.1802471517816193,-1.491313384224692,-1.3582977474193105,0.14933012165415563,-1.4969520117530672,-1.7139783002955498,0.146182073462543,-0.4887667566541346,-3.0581102368186626,-1.4273106217175358,2.1936426007302674,-2.1486948645414223,-2.225756770823183,-0.33684677617859987,2.6408508728699234,1.0915684261686578,-2.677752152001183,3.070697639525742,0.5706503669445284,1.8109809396051686,-1.8791202643099199,0.20449769543016047,0.5473207610851267,-1.4549350218384312,-0.8145342388263767,1.8081520167944176,-0.8650653106432872,0.8178409959011314,-0.7594874281035058,-0.6370419831405497,-1.141689396142057,-1.6686952412902185,0.24586798846155833,-1.1835779920308043,1.7346918447659625,-0.10018251031450051,-0.9171591375544418,0.4323887375716418,-0.13370190851059188,-1.9587282648438147,2.096762761868,0.01873291111240934
4.319226190634662,-3.84975022941449,2.0106248815210876,2.2722108580634073,2.193326876136964,-0.31519392289992704,2.164473857800595,2.45448147917458,0.21320578981438718,0.3918504823287679,5.067532854207249,2.3369811500494047,-2.1486948645414223,3.9684808737724935,3.7871038825907615,1.056408743501353,-4.42267992197343,-0.9258479811370982,3.9597634038218,-4.921501449590729,-1.1445308240618075,-2.2125979360778607,2.6852116652455633,-0.8427986280433097,-0.9031586245923743,2.0625437344808364,1.2269672675065548,-1.2554360796160837,1.9703133686839078,-0.39948813812068634,1.5130904129574465,1.0230510891062539,1.2965474158789014,2.841048011870065,-0.5884156634253248,1.7260477019197176,-2.847060960129858,0.07248306113691133,1.0198473331425608,-1.2147477703979135,0.7555664052625009,2.9436154639370753,-3.2052832330996,-0.44363777839643237
5.024510134183038,-4.447830892240123,1.92327271248433,3.394936368045407,2.6112814836702536,-0.22827281990716758,2.264380643017143,2.9057018470257896,0.16834244233885873,0.13997342403414825,5.151188458324783,2.832866820418714,-2.225756770823183,3.7871038825907615,4.961380491662947,0.6386323779221813,-5.098260072350435,-1.6868402598107697,4.349974237629011,-4.985689220884575,-1.4830582642587395,-2.586073463879804,3.239332682163757,-0.5389605343328662,-0.5923765656168686,1.8707523971862232,1.1135240453192867,-1.1593081549614002,2.35696023805187,-0.6414182469975847,1.9666401394857291,1.7606426104197157,2.0692112516574914,2.5517381142207665,-0.9071364065079802,1.778267274138875,-2.6937350203747363,-0.1496036049193244,0.7315202327494309,-1.162384390921721,1.0153742524016016,3.6892114820258572,-3.273447493964449,-0.09798453936491282
1.1284593899140536,-1.0512159033472768,0.8513059175170649,0.1124819087652978,0.45201800315186663,-0.14568109213695402,0.276560933093651,0.598916847666596,0.22854894393646288,0.573204371054507,1.5077437205690978,0.049130805576006166,-0.33684677617859987,1.056408743501353,0.6386323779221813,0.842637643454837,-0.8166472528145506,0.43047605338540107,0.848795431523469,-1.4509024451077517,0.09074221048462112,-0.25778854069518137,0.6104519897980445,-0.2498388247684579,-0.3043959197544246,0.5207540382800712,0.3803998950096637,0.08667878190782058,0.6648924170441283,0.0548957295130235,0.017879021327547956,-0.12556286925098323,-0.3395845297672407,0.9322687954341637,-0.07373489411453825,0.21608601919270637,-1.0739374575071958,-0.11150183879125895,0.32611731343995376,-0.518796135192843,-0.11589857276381424,0.45860210464035234,-0.7539915405430021,-0.5869390941542063
-5.341448887658358,4.773641094194682,-2.3465957352372975,-3.4976604946703818,-2.8865898006531907,0.36479696355649577,-2.8193658028328668,-2.792277630386507,0.16375811632705417,-0.07665476356224235,-5.896344298920169,-3.2576262620199934,2.6408508728699234,-4.42267992197343,-5.098260072350435,-0.8166472528145506,6.251382849129436,1.7472786298593772,-4.901359818171439,5.821881881143721,1.6012508660982836,2.960842360153243,-3.6160118101102627,0.9545312028065138,0.8404422287330198,-2.599946973766504,-1.3647629796322887,1.7721645702866418,-2.552607856600133,0.8000443020025276,-2.1908570158136276,-1.7913573528660471,-2.2580295074864023,-2.8145882508390394,0.7022909343850633,-2.280933179307273,3.165770057165002,0.13149569715163895,-1.0281775587657773,1.2770091336009741,-0.8654338987846578,-3.6383055412461722,3.8849623599649465,0.2217921869547357
-1.5899317310147723,1.388271922280352,-0.04000114150491035,-1.4643953934854907,-0.7376342444050757,-0.013241236845376583,-0.8821770730112897,-0.9787770043740568,0.253681405110299,0.4300066355776444,-1.4282501465156985,-1.2219605474426798,1.0915684261686578,-0.9258479811370982,-1.6868402598107697,0.43047605338540107,1.7472786298593772,1.4674265618574864,-1.5444863823767931,1.3291159888228226,0.43892240693662143,1.3165019422425546,-1.1715774480928913,0.08364704875142182,0.17715166060541562,-0.5869452860443506,-0.40172370179461425,0.961775737462365,-0.4662367224163465,0.5663587913646247,-0.7851263589867399,-0.7948288568811018,-1.2579714953537275,-0.6698611909040676,0.4828031185480766,-0.6859817098210773,0.44980276344482406,-0.087458021956277,-0.3234573278495802,0.20918770727584968,-0.3904557524166735,-1.3605534639205512,1.1024315079046407,-0.44780157279106975
4.917574946313419,-4.4944068504255545,2.0289186226772373,2.8946225055349686,2.3221363172357896,-0.33757218794351507,2.463999127104374,2.8402032967731032,-0.013104598671054733,0.37565180407006254,5.446127281697197,2.5212289559181995,-2.677752152001183,3.9597634038218,4.349974237629011,0.848795431523469,-4.901359818171439,-1.5444863823767931,4.593038038807489,-5.296478526053405,-1.1085977250776269,-2.8110928966648445,3.140488520121046,-0.7015398599504928,-0.9410682530580723,2.2511906794273346,1.3528153611817064,-1.7291180370012331,2.0277978856104055,-0.7990573688200202,1.6385926535364805,1.2357207010810878,1.8184020306916837,3.007226002704607,-0.7284199957413922,1.93280868813666,-2.9075767307933487,0.03923378211666746,1.2277966608760236,-1.204762628489656,0.7155716670320564,3.3071279585720825,-3.553747796302783,-0.23927037773135995
-5.966868663967472,5.393129270741394,-2.8430680383447684,-2.9896917174148796,-2.92697387223198,0.39782979045610445,-2.7974349778991856,-3.4758684846266346,-0.17727301140738153,-0.840647697682516,-6.7942744189908515,-2.8064061393744164,3.070697639525742,-4.921501449590729,-4.985689220884575,-1.4509024451077517,5.821881881143721,1.3291159888228226,-5.296478526053405,6.715976068756435,1.3033048971587484,3.166512217370023,-3.6812129896783454,0.8603853627164262,1.1328976471443204,-2.8850110430317417,-1.6190960200282583,1.9579317256720326,-2.659260909051006,0.8111183420985115,-1.8938926819512836,-1.2930252509036575,-1.708637483362376,-3.6620625773373936,0.7149142307047982,-2.2198513047050157,3.968290582652511,0.057022060758021284,-1.4948155532105034,1.6227635742610187,-0.6499054670803753,-3.826597812003341,4.248315724607159,0.6333173895368468
-0.892838548111907,0.7183054112192087,-0.7927541644687617,-0.7301270913914587,-1.0785057510992195,0.12236774220412515,-1.2371010146734838,-0.8378622084807068,-0.09508403490922769,0.22619156285671219,-0.9984665995489904,-1.668966661445039,0.5706503669445284,-1.1445308240618075,-1.4830582642587395,0.09074221048462112,1.6012508660982836,0.43892240693662143,-1.1085977250776269,1.3033048971587484,1.9137495456847966,0.824469489868522,-0.37585351024491603,-0.03224546542594821,0.058652289855624214,-0.9359106114266496,0.12386957601394666,0.9116329831207808,-0.5540806372989171,0.041758687425072154,-1.3112649071501095,-0.7420658293915314,-1.2625829302077243,-0.4113343715792213,-0.41489446025381105,-0.921042008735154,0.7837615645133333,-0.20485275472875106,-0.0446948055672491,-0.047074599531475234,-0.9112630881493013,-1.1097757325195492,0.8280175266458011,-0.4653372402061477
-2.958767536443389,2.6925381337337266,-1.1046099318884104,-1.7412325109686597,-1.4031547414246062,0.16205999986434116,-1.6048307894636047,-1.8715669892368771,0.07869350825222947,-0.11983116033322604,-3.186331281033053,-1.6758070827878009,1.8109809396051686,-2.2125979360778607,-2.586073463879804,-0.25778854069518137,2.960842360153243,1.3165019422425546,-2.8110928966648445,3.166512217370023,0.824469489868522,2.0622601017239237,-1.8034838323600202,0.2426775361631947,0.5381701599448941,-1.5173568016678736,-0.788012668331824,1.5199462530724495,-1.065921133946233,0.6776696701130858,-1.1287133447168762,-0.7854220953954191,-1.3852957918122484,-1.7353808448786334,0.3930637699663622,-1.2458478389266998,1.7465940850793973,-0.07008900743099752,-0.849017550921996,0.6416131419189469,-0.4108667067949893,-2.019753913503286,2.1874261794248415,-0.09683008191942415
3.8099663373915296,-3.3547258109913924,1.3975467456031163,2.351076352296705,1.7529521723505717,-0.12807012381794333,1.5382019712219652,1.8790282902850999,-0.11538719546060398,0.3362360146107962,3.9432029378833366,1.6533878106904436,-1.8791202643099199,2.6852116652455633,3.239332682163757,0.6104519897980445,-3.6160118101102627,-1.1715774480928913,3.140488520121046,-3.6812129896783454,-0.37585351024491603,-1.8034838323600202,2.754255707579058,-0.608432316391684,-0.5504129070772841,1.2911889969075503,0.9917535118702161,-0.9760049969975143,1.6982259598534915,-0.6393463428246019,0.9999066937801531,1.0582145024064713,1.0878003492416586,1.8776730953489997,-0.751525921781577,1.2510691618807663,-1.877013947318558,-0.15420001552877796,0.6901647396696391,-0.9611973477956685,0.3036924297864702,2.4874620487467527,-2.4676067411350107,-0.369653719556164
-0.568038601847681,0.4467725813970938,-0.2579130635656449,-0.4122524622216215,-0.2339776870965236,0.08513325010361594,-0.47122654687363763,-0.0630996751267822,0.16990568077740997,0.18507351954514664,-1.01105530880884,-0.38325217493857366,0.20449769543016047,-0.8427986280433097,-0.5389605343328662,-0.2498388247684579,0.9545312028065138,0.08364704875142182,-0.7015398599504928,0.8603853627164262,-0.03224546542594821,0.2426775361631947,-0.608432316391684,0.6146377024268553,0.3200966275863198,-0.3412375154373709,-0.2965662666967286,-0.04308419150942828,-0.3873298562728357,-0.07263074861200759,-0.22302533482167863,-0.10958870337207749,-0.06892925563221576,-0.5585023449414446,0.1984587105370468,-0.4046497386311983,0.29245183037348893,-0.07576557260828781,-0.18735211166269145,0.3896440701911328,-0.17438811267186644,-0.29686043792713,0.6225516585591541,0.2356162496071844
-0.7939873036083641,0.7635515054230849,-0.3862896698728961,-0.3139066208321303,-0.2616053376054361,0.12396919002320594,-0.5444927840204704,-0.4766862693543258,0.044387176358159315,-0.05646955834595066,-1.2256462196783418,-0.3766286375684604,0.5473207610851267,-0.9031586245923743,-0.5923765656168686,-0.3043959197544246,0.8404422287330198,0.17715166060541562,-0.9410682530580723,1.1328976471443204,0.058652289855624214,0.5381701599448941,-0.5504129070772841,0.3200966275863198,0.3863272269841374,-0.5295217955059626,-0.353997454235275,0.330389815039038,-0.32174172384023797,0.10469315261687977,-0.2071928125317681,0.005297335738148686,-0.16952786617374113,-0.846640999305912,0.11208156909462187,-0.40974731763451216,0.6168221512360578,-0.12378097775565039,-0.3959773153127196,0.33303931660883723,-0.12845741617714512,-0.46573112228231,0.7732279250365184,0.15069098596682384
2.228056294885062,-2.096708716897173,1.3077845569643172,1.0415967048896186,1.2641250407286517,-0.27085428732479927,1.5058644109625166,1.318016275073556,-0.12832184384706843,0.30865702559589986,2.6829573512745037,1.373847821184391,-1.4549350218384312,2.0625437344808364,1.8707523971862232,0.5207540382800712,-2.599946973766504,-0.5869452860443506,2.2511906794273346,-2.8850110430317417,-0.9359106114266496,-1.5173568016678736,1.2911889969075503,-0.3412375154373709,-0.5295217955059626,1.6796509989659656,0.6420277495172657,-1.421913120885878,0.9026333105956437,-0.4666435982617512,0.9577778457407071,0.5005353537667855,0.9616635314861839,1.4565458403160971,0.081695818071734,1.1948306596914549,-1.7631291356806233,0.07882095574505643,0.786619321877786,-0.4868370821040047,0.2683806393277224,1.3647395282119505,-1.8462103502489653,-0.06175662175829593
1.5408566472324092,-1.4318893086797264,0.49893836793789464,0.7653169993029201,0.5747089624664485,-0.11237379868641642,0.5507350786522711,0.7637673065259765,-0.013001108479461518,0.20563472418819753,1.7399673583527842,0.46870045712145014,-0.8145342388263767,1.2269672675065548,1.1135240453192867,0.3803998950096637,-1.3647629796322887,-0.40172370179461425,1.3528153611817064,-1.6190960200282583,0.12386957601394666,-0.788012668331824,0.9917535118702161,-0.2965662666967286,-0.353997454235275,0.6420277495172657,0.594271078002462,-0.4180779831539892,0.5836404745971037,-0.26794796180280517,0.22770105880323327,0.20826087266517757,0.24910788741659903,1.0486115980121948,-0.36606650220521614,0.45800735698284406,-0.9180399555315344,-0.02976428939329203,0.4688698684284224,-0.47802084507434817,-0.019915258399545707,0.8865740550523299,-1.1059592844880926,-0.2362735533951295
-1.6350895830307572,1.5425700039911856,-0.8405236460567534,-0.738556177184562,-1.0115907071904282,0.12564812735156308,-1.4059455995780452,-1.0372382628462486,0.3683743206299891,-0.29697155246931767,-1.6493718378596156,-1.2686772196777232,1.8081520167944176,-1.2554360796160837,-1.1593081549614002,0.08667878190782058,1.7721645702866418,0.961775737462365,-1.7291180370012331,1.9579317256720326,0.9116329831207808,1.5199462530724495,-0.9760049969975143,-0.04308419150942828,0.330389815039038,-1.421913120885878,-0.4180779831539892,2.276355236474419,-0.17597378158537616,0.7970326424094132,-0.7607122899541019,-0.4832953152079106,-1.1835291402957275,-0.8318264074651306,-0.30430551213270385,-1.144571104195408,1.134134738941228,-0.2124141938733147,-0.7871733510602666,-0.054493731348818984,-0.06210425080119572,-1.0987653083562077,1.4052850588147112,-0.3855556514408878
2.588333501793269,-2.243666214908356,1.1494299338018783,1.460591010036956,1.3488258308072272,-0.10919630452517655,0.9500596851766819,1.398753919297825,0.1948989065557418,0.2577549277326623,2.7922744622908446,1.189908915609132,-0.8650653106432872,1.9703133686839078,2.35696023805187,0.6648924170441283,-2.552607856600133,-0.4662367224163465,2.0277978856104055,-2.659260909051006,-0.5540806372989171,-1.065921133946233,1.6982259598534915,-0.3873298562728357,-0.32174172384023797,0.9026333105956437,0.5836404745971037,-0.17597378158537616,1.5003049032910274,-0.16436224581428466,0.8699342519238829,0.7049233024340815,0.6048014959920138,1.3249868268529763,-0.4568349935370282,0.743686714530551,-1.5438618912174165,-0.17566146340698097,0.30392378504326556,-0.8437144369247104,0.37166403571674894,1.7310235478812124,-1.6363995847451434,-0.3957151387728382
-0.9233561485206335,0.9098067219225006,-0.24288001430010026,-0.5633129453858539,-0.3819837818440895,0.03968216815866488,-0.42779570704280845,-0.489674656094601,0.19757773169760648,-0.16388513036450666,-0.7672571063343533,-0.3518265790964285,0.8178409959011314,-0.39948813812068634,-0.6414182469975847,0.0548957295130235,0.8000443020025276,0.5663587913646247,-0.7990573688200202,0.8111183420985115,0.041758687425072154,0.6776696701130858,-0.6393463428246019,-0.07263074861200759,0.10469315261687977,-0.4666435982617512,-0.26794796180280517,0.7970326424094132,-0.16436224581428466,0.47316566599741816,-0.15445136601231402,-0.24031175272839186,-0.45937741201030585,-0.34386076853646175,0.07025556902926519,-0.3401381331733117,0.42643958215058636,0.029605166231730144,-0.32361699051617226,0.022437995600483984,0.13765526354153584,-0.5588562337954845,0.6046403424185901,-0.11089369160879609
1.6018992676791222,-1.3331389583040936,0.7610424921471683,1.2399797681872908,1.1598844356577316,-0.10062481878685382,1.2285241041107249,1.0824117722886795,0.006245033699554563,-0.2812515523682481,1.8009757808120213,1.6336926894188646,-0.7594874281035058,1.5130904129574465,1.9666401394857291,0.017879021327547956,-2.1908570158136276,-0.7851263589867399,1.6385926535364805,-1.8938926819512836,-1.3112649071501095,-1.1287133447168762,0.9999066937801531,-0.22302533482167863,-0.2071928125317681,0.9577778457407071,0.22770105880323327,-0.7607122899541019,0.8699342519238829,-0.15445136601231402,1.2759414864239464,0.8594294133577463,1.232722477816547,0.824986442302938,-0.07954027228405398,0.9663279766243481,-0.981002736465157,0.09816766033544454,0.2071076378648533,-0.33804616637055246,0.7689140596394272,1.4148759977792804,-1.2488548264008015,0.2631499016945839
1.4477021843803792,-1.2097209314176043,0.4649448549199231,1.355076083690971,0.9407979234647393,-0.02963237194071953,0.768595089976548,0.7782783520351115,-0.06074281856711274,-0.21140308958262202,1.282949449591226,1.227301896137116,-0.6370419831405497,1.0230510891062539,1.7606426104197157,-0.12556286925098323,-1.7913573528660471,-0.7948288568811018,1.2357207010810878,-1.2930252509036575,-0.7420658293915314,-0.7854220953954191,1.0582145024064713,-0.10958870337207749,0.005297335738148686,0.5005353537667855,0.20826087266517757,-0.4832953152079106,0.7049233024340815,-0.24031175272839186,0.8594294133577463,0.9476429687542993,1.0189806757714241,0.42061264701310797,-0.274219310737133,0.6540399325649656,-0.5771435755237418,-0.06480710353546937,0.01837825393305018,-0.15006086232171162,0.4765788423019142,1.2712141032129542,-0.8577887649229448,0.21966204894908095
1.5926660378042241,-1.437891383619623,0.5191802203942509,1.5216208021358726,1.051894982058161,-0.13076370481061275,1.3412638023690069,1.0919175369706313,-0.2135309954379949,-0.42680376426662303,1.6019433232995268,1.7724773343684512,-1.141689396142057,1.2965474158789014,2.0692112516574914,-0.3395845297672407,-2.2580295074864023,-1.2579714953537275,1.8184020306916837,-1.708637483362376,-1.2625829302077243,-1.3852957918122484,1.0878003492416586,-0.06892925563221576,-0.16952786617374113,0.9616635314861839,0.24910788741659903,-1.1835291402957275,0.6048014959920138,-0.45937741201030585,1.232722477816547,1.0189806757714241,1.7011642903565716,0.7561128358864339,-0.10811845518058093,1.0534831057823755,-0.7505253008015141,0.15934366241282907,0.28529368110581477,-0.05658009888569206,0.7365036833228881,1.5125385668109053,-1.253921515802231,0.5629626014596408
3.1175210445651462,-2.8808809730386993,1.335008953417212,1.4116819987605378,1.254267023302393,-0.2954163737411417,1.4540316026277587,1.972985713658411,0.2185358385879321,0.3883173874533811,3.899764026269356,1.370172031612569,-1.6686952412902185,2.841048011870065,2.5517381142207665,0.9322687954341637,-2.8145882508390394,-0.6698611909040676,3.007226002704607,-3.6620625773373936,-0.4113343715792213,-1.7353808448786334,1.8776730953489997,-0.5585023449414446,-0.846640999305912,1.4565458403160971,1.0486115980121948,-0.8318264074651306,1.3249868268529763,-0.34386076853646175,0.824986442302938,0.42061264701310797,0.7561128358864339,2.5346648073114446,-0.5652923497198653,1.1120295046274569,-2.17110763783182,0.13692514885455673,0.9772270293931017,-1.0045474261772844,0.4391839314541739,2.0545892931904994,-2.3655047847934068,-0.43733214250907815
-1.0507432583197018,0.8704373240983486,0.04760813744871947,-0.8035555418438459,-0.2441796138023496,-0.06844722825859122,-0.02274621786070433,-0.5314797656220391,-0.09858929915955673,0.09380582816751681,-0.9982654651046592,-0.18396481464124464,0.24586798846155833,-0.5884156634253248,-0.9071364065079802,-0.07373489411453825,0.7022909343850633,0.4828031185480766,-0.7284199957413922,0.7149142307047982,-0.41489446025381105,0.3930637699663622,-0.751525921781577,0.1984587105370468,0.11208156909462187,0.081695818071734,-0.36606650220521614,-0.30430551213270385,-0.4568349935370282,0.07025556902926519,-0.07954027228405398,-0.274219310737133,-0.10811845518058093,-0.5652923497198653,0.6774542653176266,-0.03087906508931445,0.2538004234817471,0.09343063509714025,-0.09398325909938626,0.42902196998018494,-0.0686758407233483,-0.7300072486283926,0.5326973845165341,0.1633047939867754
1.8298103579503642,-1.633665226366641,0.9562351353404478,1.1757127371868714,1.0780327895417685,-0.1889317565588521,1.4004592875023645,0.9956118287759407,-0.2042550247168958,0.0035055365170176015,2.146969115682165,1.414650278687643,-1.1835779920308043,1.7260477019197176,1.778267274138875,0.21608601919270637,-2.280933179307273,-0.6859817098210773,1.93280868813666,-2.2198513047050157,-0.921042008735154,-1.2458478389266998,1.2510691618807663,-0.4046497386311983,-0.40974731763451216,1.1948306596914549,0.45800735698284406,-1.144571104195408,0.743686714530551,-0.3401381331733117,0.9663279766243481,0.6540399325649656,1.0534831057823755,1.1120295046274569,-0.03087906508931445,1.1447195538562953,-1.1296415180794142,0.13494541261913348,0.5333316898243169,-0.3613264972941399,0.46302517161849666,1.288331772961195,-1.5252917406088293,0.08154580230936313
-3.4130965635477697,3.138678023148318,-1.858538226803078,-1.3517566837897868,-1.721128748553127,0.2515412919226654,-1.4481687385127167,-2.1482917689778795,-0.3337267963211377,-0.7837819308799917,-3.9282498476684884,-1.4663544354520524,1.7346918447659625,-2.847060960129858,-2.6937350203747363,-1.0739374575071958,3.165770057165002,0.44980276344482406,-2.9075767307933487,3.968290582652511,0.7837615645133333,1.7465940850793973,-1.877013947318558,0.29245183037348893,0.6168221512360578,-1.7631291356806233,-0.9180399555315344,1.134134738941228,-1.5438618912174165,0.42643958215058636,-0.981002736465157,-0.5771435755237418,-0.7505253008015141,-2.17110763783182,0.2538004234817471,-1.1296415180794142,2.6662682642214204,0.10163255606810208,-0.8826020630321622,0.9159575809114842,-0.21745299783798505,-2.122856578325651,2.3849598739441573,0.48957989149903136
-0.27337030107176874,0.2453239115983362,-0.12256813220547172,-0.16023497318906463,-0.11624718547657491,-0.029113466147842815,0.1975918506734839,-0.03127493019962523,-0.055884715086781535,-0.17822736600953776,-0.06298717436461036,0.19305014761607264,-0.10018251031450051,0.07248306113691133,-0.1496036049193244,-0.11150183879125895,0.13149569715163895,-0.087458021956277,0.03923378211666746,0.057022060758021284,-0.20485275472875106,-0.07008900743099752,-0.15420001552877796,-0.07576557260828781,-0.12378097775565039,0.07882095574505643,-0.02976428939329203,-0.2124141938733147,-0.17566146340698097,0.029605166231730144,0.09816766033544454,-0.06480710353546937,0.15934366241282907,0.13692514885455673,0.09343063509714025,0.13494541261913348,0.10163255606810208,0.22861726738537225,0.08215887616108498,0.06695721618663365,0.21705850429580775,-0.033721809482367096,-0.010004017868563727,0.14877513285620375
1.2060274526745465,-1.1790419940464896,0.5605731258269808,0.41690119263987296,0.4283059737802208,-0.13155037716324525,0.6707548816528212,0.7303864185964615,-0.08427281116654228,0.2946415613856162,1.486337511153751,0.38329478048787047,-0.9171591375544418,1.0198473331425608,0.7315202327494309,0.32611731343995376,-1.0281775587657773,-0.3234573278495802,1.2277966608760236,-1.4948155532105034,-0.0446948055672491,-0.849017550921996,0.6901647396696391,-0.18735211166269145,-0.3959773153127196,0.786619321877786,0.4688698684284224,-0.7871733510602666,0.30392378504326556,-0.32361699051617226,0.2071076378648533,0.01837825393305018,0.28529368110581477,0.9772270293931017,-0.09398325909938626,0.5333316898243169,-0.8826020630321622,0.08215887616108498,0.6093403990628782,-0.32783252335166985,-0.05259918897005084,0.6185540985354416,-1.010226961970279,-0.12010239343211701
-1.5361589736835022,1.3111473831443121,-0.5625231939129389,-0.6757629701541363,-0.6272695887593328,0.04421029550418936,-0.4550930610675124,-0.8112702301704907,-0.12949428382668707,-0.1787948187080348,-1.795515566293684,-0.4054557353769796,0.4323887375716418,-1.2147477703979135,-1.162384390921721,-0.518796135192843,1.2770091336009741,0.20918770727584968,-1.204762628489656,1.6227635742610187,-0.047074599531475234,0.6416131419189469,-0.9611973477956685,0.3896440701911328,0.33303931660883723,-0.4868370821040047,-0.47802084507434817,-0.054493731348818984,-0.8437144369247104,0.022437995600483984,-0.33804616637055246,-0.15006086232171162,-0.05658009888569206,-1.0045474261772844,0.42902196998018494,-0.3613264972941399,0.9159575809114842,0.06695721618663365,-0.32783252335166985,0.7530527965577685,-0.10833103951199033,-0.8656022780202484,1.0442502198092927,0.3818386259514965
0.4419480033257902,-0.3149166732217171,0.18148271744671518,0.6246808043860091,0.42989702019147463,-0.05618953783279166,0.6483002786218459,0.4838099689098966,0.09792507734622291,-0.44174311243165654,0.6829446994182282,1.0010598769370858,-0.13370190851059188,0.7555664052625009,1.0153742524016016,-0.11589857276381424,-0.8654338987846578,-0.3904557524166735,0.7155716670320564,-0.6499054670803753,-0.9112630881493013,-0.4108667067949893,0.3036924297864702,-0.17438811267186644,-0.12845741617714512,0.2683806393277224,-0.019915258399545707,-0.06210425080119572,0.37166403571674894,0.13765526354153584,0.7689140596394272,0.4765788423019142,0.7365036833228881,0.4391839314541739,-0.0686758407233483,0.46302517161849666,-0.21745299783798505,0.21705850429580775,-0.05259918897005084,-0.10833103951199033,0.7955880550770017,0.7423771571919845,-0.45116310244451874,0.2626158164192822
3.9646695498300084,-3.4679487329075416,1.3931709995160015,2.444711465599418,2.030349399202538,-0.1018313421133522,1.6615277411615288,2.398868426399145,0.25046634559891745,0.2430272093692136,3.9865188177557545,2.170557930608031,-1.9587282648438147,2.9436154639370753,3.6892114820258572,0.45860210464035234,-3.6383055412461722,-1.3605534639205512,3.3071279585720825,-3.826597812003341,-1.1097757325195492,-2.019753913503286,2.4874620487467527,-0.29686043792713,-0.46573112228231,1.3647395282119505,0.8865740550523299,-1.0987653083562077,1.7310235478812124,-0.5588562337954845,1.4148759977792804,1.2712141032129542,1.5125385668109053,2.0545892931904994,-0.7300072486283926,1.288331772961195,-2.122856578325651,-0.033721809482367096,0.6185540985354416,-0.8656022780202484,0.7423771571919845,3.020308778402814,-2.527947605577489,-0.06687100238389458
-3.9135279315454086,3.5403712758929724,-1.6661597054896662,-2.118548583788315,-1.8847162232167705,0.24042723973982688,-1.9318115240042157,-2.1834235878348287,-0.009381640906482127,-0.3776346260073882,-4.363952743860192,-1.9169648752355664,2.096762761868,-3.2052832330996,-3.273447493964449,-0.7539915405430021,3.8849623599649465,1.1024315079046407,-3.553747796302783,4.248315724607159,0.8280175266458011,2.1874261794248415,-2.4676067411350107,0.6225516585591541,0.7732279250365184,-1.8462103502489653,-1.1059592844880926,1.4052850588147112,-1.6363995847451434,0.6046403424185901,-1.2488548264008015,-0.8577887649229448,-1.253921515802231,-2.3655047847934068,0.5326973845165341,-1.5252917406088293,2.3849598739441573,-0.010004017868563727,-1.010226961970279,1.0442502198092927,-0.45116310244451874,-2.527947605577489,2.885014522124042,0.28622577101805785
-0.5435856786550113,0.4684932855640424,-0.4197593893138287,0.0779022078792329,-0.0939716864432685,0.02646214632051385,0.11944864963826822,-0.15395987798559196,-0.1584202342862853,-0.40910031951195774,-0.7755151401567654,0.31540031174581384,0.01873291111240934,-0.44363777839643237,-0.09798453936491282,-0.5869390941542063,0.2217921869547357,-0.44780157279106975,-0.23927037773135995,0.6333173895368468,-0.4653372402061477,-0.09683008191942415,-0.369653719556164,0.2356162496071844,0.15069098596682384,-0.06175662175829593,-0.2362735533951295,-0.3855556514408878,-0.3957151387728382,-0.11089369160879609,0.2631499016945839,0.21966204894908095,0.5629626014596408,-0.43733214250907815,0.1633047939867754,0.08154580230936313,0.48957989149903136,0.14877513285620375,-0.12010239343211701,0.3818386259514965,0.2626158164192822,-0.06687100238389458,0.28622577101805785,0.5746011140324312
