V1,V2,V3,V4,V5,V6,V7,V8,V9,V10,V11,V12,V13,V14,V15,V16,V17,V18,V19,V20,V21,V22,V23,V24,V25,V26,V27,V28,V29,V30,V31,V32,V33,V34,V35,V36,V37,V38,V39,V40,V41,V42,V43,V44
58.74933812200507,-52.852783023269474,24.87735519824302,32.38552363194939,28.45816189991744,-3.5245698675256936,26.854545849767472,32.963780167588155,0.8365375284454993,6.258786160759416,63.89762612375615,28.19345215372089,-30.099500393355296,46.21053649102221,50.04117702464653,11.519151064485728,-56.84100272267474,-16.25524792017004,51.65335474613937,-62.431870796815616,-12.053990513314758,-31.463521016684684,37.19275150344347,-7.867209449891889,-9.979092967531551,26.353448377444884,15.922077748182069,-19.125573213015,25.332894073640475,-8.923403937298781,18.375516217097275,14.448457091624967,18.592411108905303,33.913134174273836,-8.420843789814365,21.29564732929057,-35.48776574548501,-0.7506928180090315,13.37155304949272,-14.761734664064313,6.8774262249478495,38.48201815942564,-40.71223588918234,-4.673955784050685
-52.852783023269474,47.871645813451,-22.571091983063386,-29.36139732055896,-25.387130917838533,3.228439254657256,-24.305833296252803,-30.118095828094486,-0.8309846630211286,-5.622610107788849,-57.882305367047884,-25.376860630217973,27.297012461122243,-41.63008317936007,-45.373023321499716,-10.2940104224777,51.56870295454601,14.67367896216778,-46.83131534275792,56.45271050722051,10.933984657201204,28.493533792013423,-33.403786539216625,6.933295848138027,9.205324273014561,-23.562513051860382,-14.178792908363205,17.034421713797673,-22.786259162917084,8.141010542973389,-16.639162035728006,-12.825042222174627,-17.0754542773633,-30.808523338261388,7.596358715510543,-19.24541564963807,32.12574973754411,0.7306850516124326,-12.34634299556644,13.371049907917154,-6.072499452402672,-34.77698946593274,37.021708127344,3.9543597967748707
24.87735519824302,-22.571091983063386,11.0116405383122,13.648293270898822,11.877042704562758,-1.5340749908252347,11.616654901709024,14.201147896583574,0.2846246659247102,3.0137309081117896,27.3209851429385,11.849272437978167,-13.206769497479213,19.57372020798239,21.198568849864703,4.9899587702566786,-24.136964696992447,-6.61574845289604,22.087963831057987,-26.643121678957595,-5.203843646220234,-13.26706542018447,15.892527842946667,-3.224911073428846,-4.417989663997346,10.97634721195213,6.4811046474581735,-8.276716643849584,10.597833819512553,-3.9099984669517776,7.673419171511846,5.871547915972846,8.024502414770385,14.525264000848674,-3.316317051286853,9.224080424245264,-15.070799116083924,-0.27789874958990685,5.959693870642653,-6.132581423898422,2.7320596286290084,16.314114865781985,-17.464154862462966,-1.9015113029824595
32.38552363194939,-29.36139732055896,13.648293270898822,18.609855604437755,15.331683686795138,-1.9450847892116816,15.067270523164078,18.543224292142362,0.38927312370121997,2.995091132110078,35.67654408157351,15.697114603199491,-16.52462035929596,25.550468663820975,28.329472004739554,6.233004970863597,-32.01408538156731,-9.232099025725853,28.958027924794894,-34.53496560834454,-6.621978807804156,-17.46373053669474,20.703726049791303,-4.4688588963655675,-5.8001550025877675,14.097131077541533,8.631308405184782,-9.826007077919158,14.08479749440441,-4.911306854123574,10.314860303805425,7.955759762702626,10.639352427621123,19.070283506424445,-5.026914446830522,11.828238841530691,-19.40002738985459,-0.446557472655258,7.557873196433788,-8.333385015409894,3.9556179029009777,21.476180218599673,-22.809515684603376,-2.3237690839416145
28.45816189991744,-25.387130917838533,11.877042704562758,15.331683686795138,14.265147076999385,-1.7734904923143067,12.957113047688793,15.444853157766303,0.46999870830415685,3.1038078927017505,30.565826559350132,13.750822963201896,-14.354262372231945,22.507922196926334,23.88538036143578,5.681733863697379,-27.095912093655805,-7.7512528723245016,24.761012411971066,-30.13647335634392,-5.9359604674836834,-15.22770256801978,17.826097403634268,-3.9413976933946513,-4.564404266669451,13.4822050625825,8.168365425681143,-9.761146496671943,12.341553914605534,-4.237711965643138,8.885210496188078,7.293985714356753,8.569234450944919,16.230175354247855,-3.896061072853282,10.249785807874638,-17.455684152589857,-0.33161202462830874,6.117057200878001,-7.0561413670583955,3.5023071717742584,18.517738416325322,-19.39315911127519,-2.6422691372523164
-3.5245698675256936,3.228439254657256,-1.5340749908252347,-1.9450847892116816,-1.7734904923143067,0.48189649107033744,-1.7713470289071318,-1.6044899404553539,-0.020868655069307997,-0.3823935454972285,-3.693650476989653,-1.6439010029490857,1.5618274567731927,-2.9085195699769435,-2.9477561695509618,-0.8370099437801491,3.2790654174340155,0.7707648515870931,-3.3135940739077525,3.7321215554304024,0.8335980502648178,2.008291844202349,-2.0717870315053517,0.5851364307601226,0.5475243910801257,-2.031378949741676,-1.2311809872285244,1.1956898292543765,-1.517826263221162,0.4316099667533011,-1.0808392099618502,-0.9140044084518247,-1.0979866758250214,-2.187011207415584,0.32921261872357366,-1.4178108225671864,2.118448391909367,0.015612767838287437,-0.7253831341210318,0.8282098659014469,-0.6279139644241842,-2.0561793005515128,2.4142220258761333,0.47242198543777403
26.854545849767472,-24.305833296252803,11.616654901709024,15.067270523164078,12.957113047688793,-1.7713470289071318,12.936480531799834,14.94689501912267,0.14606389651833224,2.92361854182094,29.340675271784452,12.858862099051427,-13.777059478722661,21.247366122183433,23.104359565078326,5.500938193321704,-25.973461671750254,-7.166464267811085,24.07736963224918,-28.63756129955887,-5.734400827103932,-14.445735391408878,17.10411477547934,-3.8430481613999454,-4.813542724033918,12.30943594045359,7.382368091561152,-8.774641271999014,11.582505377219151,-4.076726486920845,8.384704802829036,6.503207719560557,8.42326464675545,15.87921757667978,-3.6935238905429886,10.059142875608051,-16.19190083846188,-0.23214982068550982,6.276769227816372,-6.77481488873328,3.3799768655583473,17.514015112819862,-18.8255595822051,-2.278527905994529
32.963780167588155,-30.118095828094486,14.201147896583574,18.543224292142362,15.444853157766303,-1.6044899404553539,14.94689501912267,20.152678291835684,0.7429887378424977,3.3934412328167696,36.81669788284143,16.0095471942812,-17.62377849852198,25.81323893820073,28.854119883202635,6.098525636492917,-33.05432564470132,-9.677711757095974,29.221725321484556,-35.640214783592285,-6.811832309582869,-17.897257790709354,20.862427904312,-3.7996531850238555,-6.058573184297139,13.786781367042398,8.148264314044564,-10.325419883272366,14.16471984943669,-5.387021859311735,10.638005463893847,7.709128027868164,11.193249664330887,19.328581257340595,-5.1092612560996935,11.79268125316631,-20.42966605614155,-0.613851267510507,8.248921324488405,-8.509665651891524,3.244942279935809,22.300902609065968,-23.575190652300133,-1.7059362650012178
0.8365375284454993,-0.8309846630211286,0.2846246659247102,0.38927312370121997,0.46999870830415685,-0.020868655069307997,0.14606389651833224,0.7429887378424977,0.27165906679147017,0.007076809617768393,1.0137716821666052,0.5158095214208978,-0.422437784385292,0.7430357595511681,0.7782437251140362,0.03466809900772287,-1.0541583538154868,-0.3978210942544004,0.6858563570308145,-1.0557719808094579,-0.20816497805917633,-0.6238763401380784,0.2591085648030912,0.08552749855230898,-0.08266132252124353,0.4901839656692701,0.27452036881634134,-0.30007643827995606,0.3750087873624173,-0.15291929923978728,0.40570143076649157,0.2553559143366446,0.39121978559259707,0.48308828633762063,-0.19505523166677446,0.16182368986726695,-0.8750903605602733,-0.11019886864212879,0.21753814073263514,-0.2456259716780319,-0.012176713426163138,0.6609391308952519,-0.6630373080480791,0.07142998303366514
6.258786160759416,-5.622610107788849,3.0137309081117896,2.995091132110078,3.1038078927017505,-0.3823935454972285,2.92361854182094,3.3934412328167696,0.007076809617768393,1.2425047327616618,6.727031538337735,2.8162155905155717,-3.66521047947879,4.831572495559687,4.897076109837599,1.365285771343671,-5.599629314838589,-1.3603180843104423,5.3554189192337205,-6.658002145569843,-1.291745767483155,-3.1361484417210126,4.117871438962211,-0.7605948976589647,-1.0539057490887596,2.8175631197118705,1.587337824274246,-2.585308563730613,2.5605645118777245,-1.08213875695731,1.6973598986193488,1.3875808933611868,1.7967225216790965,3.4873553147336107,-0.5025232249958442,2.383820538095114,-3.7919245916571245,-0.0031820475271534805,1.5017898871830009,-1.3773804977170236,0.5060570589565356,4.019471082240282,-4.26240022397136,-0.6439368387127149
63.89762612375615,-57.882305367047884,27.3209851429385,35.67654408157351,30.565826559350132,-3.693650476989653,29.340675271784452,36.81669788284143,1.0137716821666052,6.727031538337735,70.33145206005919,30.837546602758888,-33.303543236648416,50.29434540663879,55.134183699522254,12.346120548457671,-62.66623207441996,-17.92025880205531,56.57301859898902,-68.34912647885423,-13.115571574886827,-34.2938278462541,40.70356296529807,-8.361273413112752,-11.273238235604111,27.952752520092268,16.868245919340346,-20.409833618810165,27.618136794995852,-9.944349157566917,20.16431928833304,15.524372087876664,20.728654274792955,37.25334945805014,-9.390941227580878,23.19882036071086,-38.87240247174928,-0.9207382145628918,15.011692533399744,-16.22025823577311,7.188980555722492,42.420681224867664,-44.871071015679775,-4.625210424656924
28.19345215372089,-25.376860630217973,11.849272437978167,15.697114603199491,13.750822963201896,-1.6439010029490857,12.858862099051427,16.0095471942812,0.5158095214208978,2.8162155905155717,30.837546602758888,13.84428526244039,-14.493654936047946,22.321880997698628,24.300830080339008,5.46056705159255,-27.60479073585953,-7.997452060536272,24.806816685702607,-30.09939635831263,-5.851058217908891,-15.142970719049739,17.862271061393702,-3.7505290831999747,-4.782447375155646,12.707411624636606,7.708826142445116,-9.166338326964915,12.258527927711597,-4.317686988286499,8.966364289188283,7.171816034299064,9.00079428588986,16.33910319823569,-4.184708918781674,10.145913261070275,-17.327098361057615,-0.3971368830249213,6.34404741818811,-7.050506252995317,3.35648587581078,18.7548832945828,-19.552518215700932,-2.1926161465934104
-30.099500393355296,27.297012461122243,-13.206769497479213,-16.52462035929596,-14.354262372231945,1.5618274567731927,-13.777059478722661,-17.62377849852198,-0.422437784385292,-3.66521047947879,-33.303543236648416,-14.493654936047946,16.47003440602147,-23.525339421077287,-25.788233068953858,-5.776144771893857,29.36747714159348,8.317002626169998,-26.461673185494757,32.266566842120696,6.10271428657947,15.847161015270576,-19.566301974372173,3.756337629011456,5.389401583721575,-12.688832929313698,-7.577406597833503,10.040370232223568,-12.895484272323797,4.948896984215927,-9.291994391923723,-7.19332660379098,-9.777008281737663,-17.37982186422288,4.214093627165369,-10.951964896188592,18.33192071188613,0.3932319282563717,-7.223036750243744,7.445224650706337,-3.0050109440531556,-20.261581053497142,21.15365992424735,2.097551624658985
46.21053649102221,-41.63008317936007,19.57372020798239,25.550468663820975,22.507922196926334,-2.9085195699769435,21.247366122183433,25.81323893820073,0.7430357595511681,4.831572495559687,50.29434540663879,22.321880997698628,-23.525339421077287,36.59452130001778,39.48401175388466,9.148502226054427,-44.831861453305414,-12.715724464973647,40.80434175837992,-49.2262667106786,-9.608728750439106,-24.863268947672466,29.08755252793389,-6.270643272524043,-7.830690072997514,21.14076869904806,12.784865713488443,-15.081389853391565,19.970841873021026,-6.94293634655786,14.52613092895214,11.51267506053851,14.592709928723071,26.856242589777562,-6.597900814434995,16.801440754159074,-28.172013727200966,-0.5880959183940326,10.448133539882615,-11.568098104301061,5.593151340724366,30.25428181988309,-32.050979068527276,-3.804890523994126
50.04117702464653,-45.373023321499716,21.198568849864703,28.329472004739554,23.88538036143578,-2.9477561695509618,23.104359565078326,28.854119883202635,0.7782437251140362,4.897076109837599,55.134183699522254,24.300830080339008,-25.788233068953858,39.48401175388466,43.5480877095162,9.638835720115503,-49.37754180848284,-14.227316391756135,44.52247308494919,-53.53547839035228,-10.332816259052773,-27.013697957594346,31.812516062952678,-6.6520431319732305,-8.87867102864231,21.98121836907463,13.33322419638498,-15.6439556127203,21.72614854704713,-7.714341133812564,15.951611713582565,12.277066689841144,16.35849157902762,29.35817136170324,-7.579159024573785,18.173473523477135,-30.423358294577366,-0.7326204549465603,11.720958328122165,-12.798176666219456,5.867170900006004,33.27310543527932,-35.20901849450447,-3.5602037609987187
11.519151064485728,-10.2940104224777,4.9899587702566786,6.233004970863597,5.681733863697379,-0.8370099437801491,5.500938193321704,6.098525636492917,0.03466809900772287,1.365285771343671,12.346120548457671,5.46056705159255,-5.776144771893857,9.148502226054427,9.638835720115503,2.5429997340372323,-10.859430769979644,-2.894791826815312,10.202307799616925,-12.200914281079676,-2.459123557937136,-6.133177444431828,7.247264537749073,-1.6848854965362492,-1.9306610150468788,5.567552092091608,3.321797829423443,-3.9460837223923533,4.9234862145390235,-1.6751404058351353,3.482341249522056,2.827840337908314,3.3882328500958314,6.749745476221843,-1.4472447770622412,4.292848944529584,-6.956297591563819,-0.06541732923924021,2.5513636540357405,-2.774605533814275,1.5115358966848151,7.300572440826773,-7.836533928111907,-1.1880313115697252
-56.84100272267474,51.56870295454601,-24.136964696992447,-32.01408538156731,-27.095912093655805,3.2790654174340155,-25.973461671750254,-33.05432564470132,-1.0541583538154868,-5.599629314838589,-62.66623207441996,-27.60479073585953,29.36747714159348,-44.831861453305414,-49.37754180848284,-10.859430769979644,56.26702479575585,16.244993127729497,-50.44895488668906,60.92164565308733,11.744618536725037,30.76411881210253,-35.92387343892693,7.299832348399335,10.020468405681218,-24.881952262266875,-14.989639889034706,17.80725454256128,-24.593102556201465,8.789657474360357,-18.178697505872478,-13.854836833994657,-18.750836239747596,-33.24743321864648,8.609387882159933,-20.528195656407476,34.72827242187751,0.9072276524926698,-13.406350148145629,14.49937813877544,-6.460899129462187,-37.781237308970084,40.02818571311226,3.85127396793541
-16.25524792017004,14.67367896216778,-6.61574845289604,-9.232099025725853,-7.7512528723245016,0.7707648515870931,-7.166464267811085,-9.677711757095974,-0.3978210942544004,-1.3603180843104423,-17.92025880205531,-7.997452060536272,8.317002626169998,-12.715724464973647,-14.227316391756135,-2.894791826815312,16.244993127729497,5.002694199076838,-14.22708160627348,17.366613872592463,3.265896784562732,8.847053547407777,-10.236662317671966,1.9838078960497365,2.8051548970472098,-6.91443825045665,-4.221846144842209,4.942359541926217,-7.0941563353223485,2.543580882189066,-5.326888023558003,-4.058820613193656,-5.433686089992178,-9.361961542373454,2.7209974828538765,-5.6709529263346825,9.960114209177469,0.3280561434071493,-3.781445186616802,4.253835123499399,-1.7785600965989314,-10.982285313461972,11.405578478327453,0.9173353972882395
51.65335474613937,-46.83131534275792,22.087963831057987,28.958027924794894,24.761012411971066,-3.3135940739077525,24.07736963224918,29.221725321484556,0.6858563570308145,5.3554189192337205,56.57301859898902,24.806816685702607,-26.461673185494757,40.80434175837992,44.52247308494919,10.202307799616925,-50.44895488668906,-14.22708160627348,46.090492635860514,-55.1585608595474,-10.78758787050621,-27.928060536489618,32.64436049774813,-6.984867900218965,-9.084013287513239,23.224629425140353,14.002158972394776,-16.477295480374618,22.283548854615276,-7.850298065914308,16.28485835346433,12.534911991852411,16.688214755910742,30.343425303881762,-7.411911712416707,18.97196575668817,-31.26799188238286,-0.6643714119921087,12.059258360437603,-13.082709265973596,6.202854440907827,33.84933401954866,-36.24434129771559,-3.983155645147947
-62.431870796815616,56.45271050722051,-26.643121678957595,-34.53496560834454,-30.13647335634392,3.7321215554304024,-28.63756129955887,-35.640214783592285,-1.0557719808094579,-6.658002145569843,-68.34912647885423,-30.09939635831263,32.266566842120696,-49.2262667106786,-53.53547839035228,-12.200914281079676,60.92164565308733,17.366613872592463,-55.1585608595474,66.74917785891355,12.971137443918863,33.64569379048678,-39.38070235914201,8.132614114213643,10.804440412392353,-27.98543455008904,-16.791575802510874,20.307492373363605,-26.927823188470743,9.628095900888566,-19.695240537198625,-15.237229606612976,-20.040001712423308,-36.32321253402513,8.969814886252841,-22.643151337357697,38.19596308210017,0.8738967653283339,-14.518888005044937,15.739243786798957,-7.140711174734618,-41.146325512434096,43.62606555165899,4.706289743114899
-12.053990513314758,10.933984657201204,-5.203843646220234,-6.621978807804156,-5.9359604674836834,0.8335980502648178,-5.734400827103932,-6.811832309582869,-0.20816497805917633,-1.291745767483155,-13.115571574886827,-5.851058217908891,6.10271428657947,-9.608728750439106,-10.332816259052773,-2.459123557937136,11.744618536725037,3.265896784562732,-10.78758787050621,12.971137443918863,2.7570489459406997,6.670222527143186,-7.3588439926022575,1.5636126543687932,2.084942574069391,-5.825352332750541,-3.3851690046018774,4.102778121493624,-5.167569864604542,1.82529956099598,-3.898053862996264,-2.9242403938295394,-3.851840878364503,-7.131935891682237,1.5809972550218463,-4.473204490529039,7.5488903467186885,0.14341598986829168,-2.8392967587194993,3.020889494969905,-1.5036649233341366,-7.814614428809841,8.462780592531804,0.9388251403227306
-31.463521016684684,28.493533792013423,-13.26706542018447,-17.46373053669474,-15.22770256801978,2.008291844202349,-14.445735391408878,-17.897257790709354,-0.6238763401380784,-3.1361484417210126,-34.2938278462541,-15.142970719049739,15.847161015270576,-24.863268947672466,-27.013697957594346,-6.133177444431828,30.76411881210253,8.847053547407777,-27.928060536489618,33.64569379048678,6.670222527143186,17.291672346097787,-19.42629217444181,4.0557051748374775,5.380467264021551,-14.518420098575236,-8.678235027978014,10.162404566353343,-13.548516834941434,4.753759393574508,-10.083809756352847,-7.664984838292457,-10.168715859528072,-18.398932436124614,4.552326640011939,-11.400330982122558,19.354972111149173,0.4885411809637903,-7.319478681363932,8.02772435138146,-3.74263982298587,-20.508368561524588,22.031041524062548,2.3245759209264114
37.19275150344347,-33.403786539216625,15.892527842946667,20.703726049791303,17.826097403634268,-2.0717870315053517,17.10411477547934,20.862427904312,0.2591085648030912,4.117871438962211,40.70356296529807,17.862271061393702,-19.566301974372173,29.08755252793389,31.812516062952678,7.247264537749073,-35.92387343892693,-10.236662317671966,32.64436049774813,-39.38070235914201,-7.3588439926022575,-19.42629217444181,24.386481656534826,-5.200215048340173,-6.482481206835393,15.853487884806707,9.737154715344193,-11.951099602875114,16.131413351474993,-5.778259940712909,11.411648402963408,9.19136725589317,11.752879647621457,21.3633143647749,-5.403549117055962,13.572193949405785,-21.97762832329109,-0.39456265959656933,8.432343415708365,-9.300401068023636,4.261861639757145,24.714062303313547,-25.758403483178707,-3.0183619200321288
-7.867209449891889,6.933295848138027,-3.224911073428846,-4.4688588963655675,-3.9413976933946513,0.5851364307601226,-3.8430481613999454,-3.7996531850238555,0.08552749855230898,-0.7605948976589647,-8.361273413112752,-3.7505290831999747,3.756337629011456,-6.270643272524043,-6.6520431319732305,-1.6848854965362492,7.299832348399335,1.9838078960497365,-6.984867900218965,8.132614114213643,1.5636126543687932,4.0557051748374775,-5.200215048340173,1.4797893283108117,1.3027484358128802,-3.7495722704788457,-2.4190883480731316,2.4891003331428796,-3.507635403200789,1.0340243218678407,-2.35901970485681,-2.1102239446642383,-2.176389885881877,-4.550518035043051,1.105447825487408,-2.9799752323628197,4.449084400229218,0.003265639950744012,-1.5196406435868912,1.9967785142933665,-1.2601308370308055,-5.014169810031925,5.286869716259181,1.0119975323467099
-9.979092967531551,9.205324273014561,-4.417989663997346,-5.8001550025877675,-4.564404266669451,0.5475243910801257,-4.813542724033918,-6.058573184297139,-0.08266132252124353,-1.0539057490887596,-11.273238235604111,-4.782447375155646,5.389401583721575,-7.830690072997514,-8.87867102864231,-1.9306610150468788,10.020468405681218,2.8051548970472098,-9.084013287513239,10.804440412392353,2.084942574069391,5.380467264021551,-6.482481206835393,1.3027484358128802,2.0014958760260706,-4.090087466022021,-2.438031671446906,3.003429199206132,-4.304863573682257,1.631795671772528,-3.1812624291833633,-2.237621453371976,-3.387366553606965,-6.03150823340621,1.5141407980890231,-3.7281036296497696,6.040055262567045,0.13956257314947296,-2.5977054788955867,2.6336085477700863,-1.0592483110816866,-6.7480902228633655,7.279827178348567,0.5649594302696208
26.353448377444884,-23.562513051860382,10.97634721195213,14.097131077541533,13.4822050625825,-2.031378949741676,12.30943594045359,13.786781367042398,0.4901839656692701,2.8175631197118705,27.952752520092268,12.707411624636606,-12.688832929313698,21.14076869904806,21.98121836907463,5.567552092091608,-24.881952262266875,-6.91443825045665,23.224629425140353,-27.98543455008904,-5.825352332750541,-14.518420098575236,15.853487884806707,-3.7495722704788457,-4.090087466022021,13.725076819503943,8.207822381645943,-9.3132962563629,11.397624761516058,-3.733237388719233,8.296567795449315,6.844011057346517,7.726438761391768,15.3258498294745,-3.350791736665408,9.633131761395616,-16.539304363840355,-0.26569438748848295,5.5586109693223085,-6.4635848199636525,3.644562233518261,16.64122202908531,-17.873349454787817,-2.772214713774614
15.922077748182069,-14.178792908363205,6.4811046474581735,8.631308405184782,8.168365425681143,-1.2311809872285244,7.382368091561152,8.148264314044564,0.27452036881634134,1.587337824274246,16.868245919340346,7.708826142445116,-7.577406597833503,12.784865713488443,13.33322419638498,3.321797829423443,-14.989639889034706,-4.221846144842209,14.002158972394776,-16.791575802510874,-3.3851690046018774,-8.678235027978014,9.737154715344193,-2.4190883480731316,-2.438031671446906,8.207822381645943,5.059336691114731,-5.48238497632867,6.973547774861042,-2.2099642018177588,4.981117266778449,4.274187714535284,4.59221431426191,9.219255964584978,-2.137536315566019,5.785054820548396,-9.854639020813773,-0.16452908270165476,3.203966593916813,-3.9423004386203955,2.289739035632798,10.120069944523147,-10.727077217796143,-1.7839233830127754
-19.125573213015,17.034421713797673,-8.276716643849584,-9.826007077919158,-9.761146496671943,1.1956898292543765,-8.774641271999014,-10.325419883272366,-0.30007643827995606,-2.585308563730613,-20.409833618810165,-9.166338326964915,10.040370232223568,-15.081389853391565,-15.6439556127203,-3.9460837223923533,17.80725454256128,4.942359541926217,-16.477295480374618,20.307492373363605,4.102778121493624,10.162404566353343,-11.951099602875114,2.4891003331428796,3.003429199206132,-9.3132962563629,-5.48238497632867,7.2765920763360326,-8.118391837968344,2.9990730676482187,-5.803481444697009,-4.837301622316678,-5.565158904533686,-10.791400296511698,2.2297819747425467,-6.964943261641851,11.960410081766534,0.17175349641173765,-4.175149356712237,4.502268488964574,-2.148982572024132,-12.376919176672109,12.92688803981058,1.8841441071540983
25.332894073640475,-22.786259162917084,10.597833819512553,14.08479749440441,12.341553914605534,-1.517826263221162,11.582505377219151,14.16471984943669,0.3750087873624173,2.5605645118777245,27.618136794995852,12.258527927711597,-12.895484272323797,19.970841873021026,21.72614854704713,4.9234862145390235,-24.593102556201465,-7.0941563353223485,22.283548854615276,-26.927823188470743,-5.167569864604542,-13.548516834941434,16.131413351474993,-3.507635403200789,-4.304863573682257,11.397624761516058,6.973547774861042,-8.118391837968344,11.088714409353791,-3.8300808319810713,7.98512598801469,6.374504484476136,7.9785374333289205,14.64058242898562,-3.736467579301574,9.145773128921267,-15.344606235163713,-0.33213532451268235,5.654153685834899,-6.459396542298591,3.0628052080565396,16.72488961265588,-17.556388655027106,-2.085682009577136
-8.923403937298781,8.141010542973389,-3.9099984669517776,-4.911306854123574,-4.237711965643138,0.4316099667533011,-4.076726486920845,-5.387021859311735,-0.15291929923978728,-1.08213875695731,-9.944349157566917,-4.317686988286499,4.948896984215927,-6.94293634655786,-7.714341133812564,-1.6751404058351353,8.789657474360357,2.543580882189066,-7.850298065914308,9.628095900888566,1.82529956099598,4.753759393574508,-5.778259940712909,1.0340243218678407,1.631795671772528,-3.733237388719233,-2.2099642018177588,2.9990730676482187,-3.8300808319810713,1.5342750770471536,-2.7938367071943544,-2.111841505617965,-2.9441313862727663,-5.176622283590977,1.2771477906602748,-3.2175153317623413,5.538267136322341,0.1430175421254007,-2.2106869781674723,2.237097950993204,-0.8183705500623487,-6.084623820162402,6.331193168104352,0.535740164049194
18.375516217097275,-16.639162035728006,7.673419171511846,10.314860303805425,8.885210496188078,-1.0808392099618502,8.384704802829036,10.638005463893847,0.40570143076649157,1.6973598986193488,20.16431928833304,8.966364289188283,-9.291994391923723,14.52613092895214,15.951611713582565,3.482341249522056,-18.178697505872478,-5.326888023558003,16.28485835346433,-19.695240537198625,-3.898053862996264,-10.083809756352847,11.411648402963408,-2.35901970485681,-3.1812624291833633,8.296567795449315,4.981117266778449,-5.803481444697009,7.98512598801469,-2.7938367071943544,5.998143413731265,4.528623643434959,6.020711478416425,10.73095272401931,-2.790202359667084,6.604809339095655,-11.346981362531073,-0.3176192275215655,4.279563906107036,-4.7653784869272275,2.1626879546399262,12.16450616022186,-12.930391714273812,-1.2490229986483083
14.448457091624967,-12.825042222174627,5.871547915972846,7.955759762702626,7.293985714356753,-0.9140044084518247,6.503207719560557,7.709128027868164,0.2553559143366446,1.3875808933611868,15.524372087876664,7.171816034299064,-7.19332660379098,11.51267506053851,12.277066689841144,2.827840337908314,-13.854836833994657,-4.058820613193656,12.534911991852411,-15.237229606612976,-2.9242403938295394,-7.664984838292457,9.19136725589317,-2.1102239446642383,-2.237621453371976,6.844011057346517,4.274187714535284,-4.837301622316678,6.374504484476136,-2.111841505617965,4.528623643434959,3.9915231008065355,4.3589521338005595,8.219094604150461,-2.130754508457547,5.158475784501488,-8.836431542315202,-0.17021135833162707,2.905963291494279,-3.527791998462254,1.9209636736141302,9.54114718908819,-9.723431714910314,-1.4248409751956084
18.592411108905303,-17.0754542773633,8.024502414770385,10.639352427621123,8.569234450944919,-1.0979866758250214,8.42326464675545,11.193249664330887,0.39121978559259707,1.7967225216790965,20.728654274792955,9.00079428588986,-9.777008281737663,14.592709928723071,16.35849157902762,3.3882328500958314,-18.750836239747596,-5.433686089992178,16.688214755910742,-20.040001712423308,-3.851840878364503,-10.168715859528072,11.752879647621457,-2.176389885881877,-3.387366553606965,7.726438761391768,4.59221431426191,-5.565158904533686,7.9785374333289205,-2.9441313862727663,6.020711478416425,4.3589521338005595,6.627265577809921,10.962977842064282,-2.8575821104496,6.765412628156733,-11.2314825159597,-0.3422562639496993,4.625597445271464,-4.76517721256254,1.9764484895938088,12.427063569349498,-13.341204609684427,-0.9131536908433413
33.913134174273836,-30.808523338261388,14.525264000848674,19.070283506424445,16.230175354247855,-2.187011207415584,15.87921757667978,19.328581257340595,0.48308828633762063,3.4873553147336107,37.25334945805014,16.33910319823569,-17.37982186422288,26.856242589777562,29.35817136170324,6.749745476221843,-33.24743321864648,-9.361961542373454,30.343425303881762,-36.32321253402513,-7.131935891682237,-18.398932436124614,21.3633143647749,-4.550518035043051,-6.03150823340621,15.3258498294745,9.219255964584978,-10.791400296511698,14.64058242898562,-5.176622283590977,10.73095272401931,8.219094604150461,10.962977842064282,20.075346010879766,-4.904634582159332,12.458674958974402,-20.702591604158936,-0.44264692971214814,8.001897894243731,-8.606410392455263,4.073523691736615,22.282227530924068,-23.865840744101586,-2.581581393864446
-8.420843789814365,7.596358715510543,-3.316317051286853,-5.026914446830522,-3.896061072853282,0.32921261872357366,-3.6935238905429886,-5.1092612560996935,-0.19505523166677446,-0.5025232249958442,-9.390941227580878,-4.184708918781674,4.214093627165369,-6.597900814434995,-7.579159024573785,-1.4472447770622412,8.609387882159933,2.7209974828538765,-7.411911712416707,8.969814886252841,1.5809972550218463,4.552326640011939,-5.403549117055962,1.105447825487408,1.5141407980890231,-3.350791736665408,-2.137536315566019,2.2297819747425467,-3.736467579301574,1.2771477906602748,-2.790202359667084,-2.130754508457547,-2.8575821104496,-4.904634582159332,1.6448715620602077,-2.887617466562626,5.0492867125642675,0.18193796323053582,-1.9555484843197222,2.2927697482854477,-0.9745265208689149,-5.782936714217476,5.952134739681432,0.4201286727536179
21.29564732929057,-19.24541564963807,9.224080424245264,11.828238841530691,10.249785807874638,-1.4178108225671864,10.059142875608051,11.79268125316631,0.16182368986726695,2.383820538095114,23.19882036071086,10.145913261070275,-10.951964896188592,16.801440754159074,18.173473523477135,4.292848944529584,-20.528195656407476,-5.6709529263346825,18.97196575668817,-22.643151337357697,-4.473204490529039,-11.400330982122558,13.572193949405785,-2.9799752323628197,-3.7281036296497696,9.633131761395616,5.785054820548396,-6.964943261641851,9.145773128921267,-3.2175153317623413,6.604809339095655,5.158475784501488,6.765412628156733,12.458674958974402,-2.887617466562626,7.95492833992356,-12.720885908025215,-0.20324895360237388,4.936706117050852,-5.322711653541705,2.6026747511065227,13.836671367871395,-14.865837835107719,-1.7760166011627447
-35.48776574548501,32.12574973754411,-15.070799116083924,-19.40002738985459,-17.455684152589857,2.118448391909367,-16.19190083846188,-20.42966605614155,-0.8750903605602733,-3.7919245916571245,-38.87240247174928,-17.327098361057615,18.33192071188613,-28.172013727200966,-30.423358294577366,-6.956297591563819,34.72827242187751,9.960114209177469,-31.26799188238286,38.19596308210017,7.5488903467186885,19.354972111149173,-21.97762832329109,4.449084400229218,6.040055262567045,-16.539304363840355,-9.854639020813773,11.960410081766534,-15.344606235163713,5.538267136322341,-11.346981362531073,-8.836431542315202,-11.2314825159597,-20.702591604158936,5.0492867125642675,-12.720885908025215,22.472115319623583,0.5745364267280861,-8.211042890920588,8.912599942027077,-4.003743456242742,-23.514975662200378,24.784547321579492,2.725369384381142
-0.7506928180090315,0.7306850516124326,-0.27789874958990685,-0.446557472655258,-0.33161202462830874,0.015612767838287437,-0.23214982068550982,-0.613851267510507,-0.11019886864212879,-0.0031820475271534805,-0.9207382145628918,-0.3971368830249213,0.3932319282563717,-0.5880959183940326,-0.7326204549465603,-0.06541732923924021,0.9072276524926698,0.3280561434071493,-0.6643714119921087,0.8738967653283339,0.14341598986829168,0.4885411809637903,-0.39456265959656933,0.003265639950744012,0.13956257314947296,-0.26569438748848295,-0.16452908270165476,0.17175349641173765,-0.33213532451268235,0.1430175421254007,-0.3176192275215655,-0.17021135833162707,-0.3422562639496993,-0.44264692971214814,0.18193796323053582,-0.20324895360237388,0.5745364267280861,0.0802442336187466,-0.22316966938174612,0.24413170846788468,8.569410540871937e-4,-0.5687717355874585,0.6042477061922288,-0.0588388774389027
13.37155304949272,-12.34634299556644,5.959693870642653,7.557873196433788,6.117057200878001,-0.7253831341210318,6.276769227816372,8.248921324488405,0.21753814073263514,1.5017898871830009,15.011692533399744,6.34404741818811,-7.223036750243744,10.448133539882615,11.720958328122165,2.5513636540357405,-13.406350148145629,-3.781445186616802,12.059258360437603,-14.518888005044937,-2.8392967587194993,-7.319478681363932,8.432343415708365,-1.5196406435868912,-2.5977054788955867,5.5586109693223085,3.203966593916813,-4.175149356712237,5.654153685834899,-2.2106869781674723,4.279563906107036,2.905963291494279,4.625597445271464,8.001897894243731,-1.9555484843197222,4.936706117050852,-8.211042890920588,-0.22316966938174612,3.564482719177098,-3.476725980053759,1.2776451481270368,8.926012034994377,-9.737644962121879,-0.6267738226288965
-14.761734664064313,13.371049907917154,-6.132581423898422,-8.333385015409894,-7.0561413670583955,0.8282098659014469,-6.77481488873328,-8.509665651891524,-0.2456259716780319,-1.3773804977170236,-16.22025823577311,-7.050506252995317,7.445224650706337,-11.568098104301061,-12.798176666219456,-2.774605533814275,14.49937813877544,4.253835123499399,-13.082709265973596,15.739243786798957,3.020889494969905,8.02772435138146,-9.300401068023636,1.9967785142933665,2.6336085477700863,-6.4635848199636525,-3.9423004386203955,4.502268488964574,-6.459396542298591,2.237097950993204,-4.7653784869272275,-3.527791998462254,-4.76517721256254,-8.606410392455263,2.2927697482854477,-5.322711653541705,8.912599942027077,0.24413170846788468,-3.476725980053759,3.975717308469751,-1.7103275037649368,-9.753857575119484,10.450856359739076,1.022240954054775
6.8774262249478495,-6.072499452402672,2.7320596286290084,3.9556179029009777,3.5023071717742584,-0.6279139644241842,3.3799768655583473,3.244942279935809,-0.012176713426163138,0.5060570589565356,7.188980555722492,3.35648587581078,-3.0050109440531556,5.593151340724366,5.867170900006004,1.5115358966848151,-6.460899129462187,-1.7785600965989314,6.202854440907827,-7.140711174734618,-1.5036649233341366,-3.74263982298587,4.261861639757145,-1.2601308370308055,-1.0592483110816866,3.644562233518261,2.289739035632798,-2.148982572024132,3.0628052080565396,-0.8183705500623487,2.1626879546399262,1.9209636736141302,1.9764484895938088,4.073523691736615,-0.9745265208689149,2.6026747511065227,-4.003743456242742,8.569410540871937e-4,1.2776451481270368,-1.7103275037649368,1.279678088221436,4.247381592379235,-4.578120404290538,-0.8836471092927648
38.48201815942564,-34.77698946593274,16.314114865781985,21.476180218599673,18.517738416325322,-2.0561793005515128,17.514015112819862,22.300902609065968,0.6609391308952519,4.019471082240282,42.420681224867664,18.7548832945828,-20.261581053497142,30.25428181988309,33.27310543527932,7.300572440826773,-37.781237308970084,-10.982285313461972,33.84933401954866,-41.146325512434096,-7.814614428809841,-20.508368561524588,24.714062303313547,-5.014169810031925,-6.7480902228633655,16.64122202908531,10.120069944523147,-12.376919176672109,16.72488961265588,-6.084623820162402,12.16450616022186,9.54114718908819,12.427063569349498,22.282227530924068,-5.782936714217476,13.836671367871395,-23.514975662200378,-0.5687717355874585,8.926012034994377,-9.753857575119484,4.247381592379235,25.875462749750817,-26.936966595725504,-2.755743446934202
-40.71223588918234,37.021708127344,-17.464154862462966,-22.809515684603376,-19.39315911127519,2.4142220258761333,-18.8255595822051,-23.575190652300133,-0.6630373080480791,-4.26240022397136,-44.871071015679775,-19.552518215700932,21.15365992424735,-32.050979068527276,-35.20901849450447,-7.836533928111907,40.02818571311226,11.405578478327453,-36.24434129771559,43.62606555165899,8.462780592531804,22.031041524062548,-25.758403483178707,5.286869716259181,7.279827178348567,-17.873349454787817,-10.727077217796143,12.92688803981058,-17.556388655027106,6.331193168104352,-12.930391714273812,-9.723431714910314,-13.341204609684427,-23.865840744101586,5.952134739681432,-14.865837835107719,24.784547321579492,0.6042477061922288,-9.737644962121879,10.450856359739076,-4.578120404290538,-26.936966595725504,28.805402208569806,2.827098840539065
-4.673955784050685,3.9543597967748707,-1.9015113029824595,-2.3237690839416145,-2.6422691372523164,0.47242198543777403,-2.278527905994529,-1.7059362650012178,0.07142998303366514,-0.6439368387127149,-4.625210424656924,-2.1926161465934104,2.097551624658985,-3.804890523994126,-3.5602037609987187,-1.1880313115697252,3.85127396793541,0.9173353972882395,-3.983155645147947,4.706289743114899,0.9388251403227306,2.3245759209264114,-3.0183619200321288,1.0119975323467099,0.5649594302696208,-2.772214713774614,-1.7839233830127754,1.8841441071540983,-2.085682009577136,0.535740164049194,-1.2490229986483083,-1.4248409751956084,-0.9131536908433413,-2.581581393864446,0.4201286727536179,-1.7760166011627447,2.725369384381142,-0.0588388774389027,-0.6267738226288965,1.022240954054775,-0.8836471092927648,-2.755743446934202,2.827098840539065,1.0014185235388309
