V1,V2,V3,V4,V5,V6,V7,V8,V9,V10,V11,V12,V13,V14,V15,V16,V17,V18,V19,V20,V21,V22,V23,V24,V25,V26,V27,V28,V29,V30,V31,V32,V33,V34,V35,V36,V37,V38,V39,V40,V41,V42,V43,V44
139.2627687951921,-96.58776187424412,-293.0329766703286,149.6735790438233,314.2669989139115,-64.60390397866595,2.9407640931921883,-332.4617282884185,92.36013351918015,-53.612826846631584,-131.10370013343314,200.7187274344419,18.292048126475017,698.611726106126,170.45802586120317,24.863780823373165,-80.45698677448497,232.74069138216305,90.18354627887993,57.72513284542938,-172.01965294337248,433.1982413812069,-98.28074244077509,-293.82034356511764,-31.160711579054446,-85.2554629113064,239.11367567360065,195.99564854046244,-79.85923953236218,253.7754130637119,3.5625090052086312,103.65357144400528,-75.29551095302367,220.13545171542964,-130.35208667407457,108.69294181160446,130.06784962952494,152.35486449517617,-57.632089229438236,-24.4237148985645,224.93877227281877,333.72233793218015,-155.7293389643584,81.23648834303248
-96.58776187424412,67.67147780672303,204.04642040419242,-104.87970343574823,-218.70272206153632,44.70490192144609,-1.752995730193175,232.0661774594902,-64.7512738111493,37.2690497364775,91.30593711070942,-139.68725318325517,-12.843449450452606,-487.39077773013526,-119.00938610894,-16.98193762630309,56.38154058539335,-162.24714322853097,-63.471334325436644,-40.698610564682404,120.35984358048084,-302.0242741186311,68.83536275218863,204.90345325054085,21.612487729395387,59.815267233243645,-166.38888897731258,-135.84468313303347,55.72425823559603,-176.94556785785164,-2.195803641510904,-72.4247274389092,52.90610373889695,-154.10725237776,91.1468521078315,-76.34849690326833,-91.1795974329781,-106.5736260071511,39.65707748965498,17.437301630779785,-157.05853341701842,-232.5985768179338,109.12239233369968,-56.243485824461494
-293.0329766703286,204.04642040419242,617.9396530767075,-316.161119312462,-662.799273532343,135.84517033150505,-5.84284040219108,701.6958012488111,-195.0958555892592,112.65457924893369,276.3875455764239,-423.32900952146446,-38.91930426785252,-1474.0001573526308,-360.06215866423844,-52.49622049391041,169.7514539655512,-491.13483752621136,-191.38973979056078,-122.34171234889729,363.1542482189963,-913.7202820007385,207.95015665803035,619.445524328712,65.69334652187968,180.4121770788773,-504.1874293478374,-412.34804404009276,168.81362285687618,-535.4192391541663,-6.708129858645123,-218.91984017533014,159.4982708521137,-465.329104800948,275.21591970459156,-229.97699307576553,-274.86822956158363,-321.5130097986188,120.66135797434966,51.671369149760196,-474.8013494014926,-703.6772524652567,329.19203440027246,-170.9951943530452
149.6735790438233,-104.87970343574823,-316.161119312462,163.1371455681593,338.54219631437013,-68.62709304723697,2.5317870143356,-359.61047656058963,100.4054788367087,-57.73978854741309,-141.30535983143693,216.64347073580893,19.721746969312754,755.1401961716225,184.35457320911087,26.037984828404113,-87.58556061327785,250.73944757107776,98.21913963005575,63.00633598244768,-186.70350355738998,467.5570979404416,-106.383291156935,-317.53104408390345,-33.37929314416759,-92.62600568342074,257.164928881249,209.9610141204374,-86.29930612630073,274.1615008751756,3.62392505208378,112.0605655374975,-82.04849609222414,238.659890355327,-141.42681444444386,118.64069895870705,141.1569014914835,165.43881803156518,-61.660580643138616,-27.355927234191594,243.25129993342551,360.7267357695355,-169.2119999553494,86.85417257492006
314.2669989139115,-218.70272206153632,-662.799273532343,338.54219631437013,711.3929033651298,-146.30934006921981,6.66692006778857,-752.5898572413638,209.05330629293223,-120.67943223432856,-296.4653201285073,453.9554100069578,41.99569985381827,1581.0528836407796,386.1907343813778,56.56596514905662,-181.7821724698069,527.2329408695538,205.33075513727312,131.20320924106596,-389.2706224540792,980.2932520082232,-223.1230322760168,-664.335733495578,-70.5093061063163,-193.4759168033281,541.2905862180912,442.88880030053406,-181.15018074262383,574.2767498722748,6.994613052795909,234.88816347354125,-171.00701684364756,499.1762220101327,-294.94296049527185,246.584855806921,294.8296511438454,344.59239024987613,-129.31958046817502,-54.96142782305799,509.2326255518477,754.4118515534093,-352.9965487103537,183.70133536882517
-64.60390397866595,44.70490192144609,135.84517033150505,-68.62709304723697,-146.30934006921981,31.190363725374535,-2.102813389712234,154.18645535648415,-42.71399578333373,24.930652592942543,60.94417538663606,-92.60985827557272,-8.756964399730244,-324.45052695423345,-78.78426586998374,-11.433209596493537,37.1723709231166,-108.69211750783295,-41.57349189573806,-26.80806838175626,79.68190082727877,-201.6580736860775,45.56081157644445,136.70468331718536,14.42886450969912,39.4527872254019,-111.74902486645288,-92.18189883994643,36.88210099011017,-117.65968800555059,-1.7221182405781326,-48.21390699722215,34.67409234272959,-102.1820512629335,60.14178539402752,-50.32039563635641,-60.610846672336,-70.58686600653213,26.74228319373782,10.885133480601507,-104.33849089896538,-154.39671237595508,72.13943025898156,-38.099279694809326
2.9407640931921883,-1.752995730193175,-5.84284040219108,2.5317870143356,6.66692006778857,-2.102813389712234,0.7421587484366563,-6.551552719540592,1.6663654404147763,-1.1535876520202992,-2.639764173351634,3.7458005043404965,0.4732917252792403,14.199874677747996,3.034454266672988,0.2824503647446786,-1.5459045982559168,4.862478235505645,1.2728690390703177,1.0100112721003347,-3.360045550391675,9.027226534178912,-1.6254258641221178,-6.289127823710114,-0.5423211167506007,-1.4571191229212337,5.186089567784634,4.994089927526015,-1.3892436107337598,4.996398674176319,0.39301881222021773,2.0324325515392254,-1.1893754755451056,4.1851968521261265,-2.357452714632516,2.181321974601891,2.633041147658863,3.0960349568350067,-1.476929126490617,-0.18539154449515216,4.336114677749005,6.530824372526145,-2.9578640745225635,1.923646755543073
-332.4617282884185,232.0661774594902,701.6958012488111,-359.61047656058963,-752.5898572413638,154.18645535648415,-6.551552719540592,797.355103311088,-221.9477579903902,127.93105385309035,313.86503691181383,-480.56431201244555,-44.28652550471042,-1674.8442594127928,-409.02533958782635,-59.14230277719023,193.16348464802485,-557.8820928875566,-217.74318836328047,-139.35719891659656,412.9853718750086,-1038.062630124946,236.358038325222,703.9311222833795,74.46960151894169,205.20046070064345,-572.476880352813,-467.96013690516287,191.70251619531285,-608.2142900584022,-7.5362154813964715,-248.7983180935871,181.47170004693237,-529.1067150542419,312.8431328997134,-261.8433577097381,-312.730692540034,-365.66220138103637,136.73507204231043,59.07874457329961,-539.5290089620406,-799.3174651254424,374.44927200879334,-193.91459062053846
92.36013351918015,-64.7512738111493,-195.0958555892592,100.4054788367087,209.05330629293223,-42.71399578333373,1.6663654404147763,-221.9477579903902,61.98145644522843,-35.68805580094872,-87.30693491192068,133.5379317591893,12.243739995463248,466.1562013978743,113.75772238272555,16.10459007411337,-54.01562274868211,155.08744431242724,60.63659055620288,38.939612344079634,-115.19492332931529,288.83674074850074,-65.77596210179381,-196.05723024070682,-20.633449134097873,-57.195273132035155,159.03468259664274,129.879937751522,-53.229354185521295,169.2065277565449,2.1911921906673655,69.24539411390718,-50.59348985520973,147.37358016312095,-87.20524838490383,73.08426096636708,87.24291958765836,102.0246247883311,-37.964748925513874,-16.78255004888726,150.19983310120008,222.4932497805398,-104.39727992574174,53.72446008171608
-53.612826846631584,37.2690497364775,112.65457924893369,-57.73978854741309,-120.67943223432856,24.930652592942543,-1.1535876520202992,127.93105385309035,-35.68805580094872,20.8372616229394,50.48524056493221,-77.01601617909603,-6.922686650141314,-268.954384526707,-65.39295327016815,-9.189926713061949,31.205396435131462,-89.47610618428311,-34.45919599479803,-22.248540412275695,66.40153028549636,-166.8176496415241,37.68498963241811,113.3950387917901,11.908785260094303,32.76599290201185,-91.91515483382773,-75.50745304136932,30.5156475833122,-97.60309125694377,-1.6601720090976657,-39.86467156074612,28.887876653099703,-84.65002875989518,50.223964256900324,-41.87928518958706,-50.20247512468559,-58.87147442002453,22.305443887150062,9.653018157983324,-86.5701925269961,-128.52359133073045,59.96445330119846,-31.168368147936665
-131.10370013343314,91.30593711070942,276.3875455764239,-141.30535983143693,-296.4653201285073,60.94417538663606,-2.639764173351634,313.86503691181383,-87.30693491192068,50.48524056493221,123.70668198684672,-189.24219993583898,-17.39898203372931,-659.3843017138553,-161.00899978109592,-23.437086505650512,75.96301521232888,-219.8399029086613,-85.54901483207438,-54.74283819653717,162.4557695345232,-408.87555805430907,93.05314981257987,277.19011266011364,29.39713550884492,80.69787298256097,-225.67308102405283,-184.6096778218445,75.4468765708095,-239.4889296427077,-3.053740021911651,-97.95896996933006,71.2887132872192,-208.142316284051,123.08318998274646,-102.75828079618013,-123.02528331095718,-143.80963208072524,53.97063054960048,23.12410284500573,-212.42330512174007,-314.7345774044119,147.20942516762102,-76.53493902418226
200.7187274344419,-139.68725318325517,-423.32900952146446,216.64347073580893,453.9554100069578,-92.60985827557272,3.7458005043404965,-480.56431201244555,133.5379317591893,-77.01601617909603,-189.24219993583898,290.2664538200696,26.633189082814415,1009.2643274088546,246.82374105733933,36.29028214910165,-116.12267258548569,336.20738972325915,131.28680717872157,83.71551397064498,-248.57851373909708,625.4804246114279,-142.51383379710057,-423.8746984240949,-45.07417381995244,-123.59054527017149,345.13288261806196,281.9884262917422,-115.80809868986348,366.75697620331977,4.397444019344014,149.89593810216869,-109.34612360787276,318.65811054936984,-188.52907149565644,157.42790669251428,188.0129051080086,220.0176115702228,-82.5863155242378,-35.33789975776847,325.1685447109106,482.0011471168857,-225.40946428646598,117.06757264709204
18.292048126475017,-12.843449450452606,-38.91930426785252,19.721746969312754,41.99569985381827,-8.756964399730244,0.4732917252792403,-44.28652550471042,12.243739995463248,-6.922686650141314,-17.39898203372931,26.633189082814415,2.660741405168993,92.97786155840392,22.813344016472396,3.4813816665689585,-10.545773045564335,31.22829027409509,12.357142151248757,7.8192175429882695,-22.813198035956415,57.68470225369944,-13.303514379585225,-38.902139373137196,-4.168014375018875,-11.483990438344831,31.992767897439318,26.039458623902043,-10.772266804235624,33.76590869952973,0.12733630037077165,13.899059635434371,-10.16819349444485,29.57116522187939,-17.274072582907383,14.577102031113737,17.421667315960377,20.13875975500528,-7.342159552373631,-3.045508936202675,29.975170642153124,44.10884653804046,-20.83708514367095,10.847396201761388
698.611726106126,-487.39077773013526,-1474.0001573526308,755.1401961716225,1581.0528836407796,-324.45052695423345,14.199874677747996,-1674.8442594127928,466.1562013978743,-268.954384526707,-659.3843017138553,1009.2643274088546,92.97786155840392,3518.390345108208,858.8509261547479,123.95856786916302,-405.82975068273123,1171.9819753038992,456.81756375437703,292.58312972075197,-867.5286076513162,2180.8883392592675,-496.16684514917057,-1479.1388618094297,-156.36609694975223,-430.8091783420587,1202.807784946253,983.8371720028808,-402.435376863713,1277.5681371220733,16.261741610485487,522.5678640786166,-380.88208224701805,1111.1628437842764,-657.0222763339648,549.931763664915,656.9415224072922,768.229820507615,-287.61516744855794,-124.0200072287989,1133.2370163715857,1679.1034194824615,-786.3983095889944,407.54313082800803
170.45802586120317,-119.00938610894,-360.06215866423844,184.35457320911087,386.1907343813778,-78.78426586998374,3.034454266672988,-409.02533958782635,113.75772238272555,-65.39295327016815,-161.00899978109592,246.82374105733933,22.813344016472396,858.8509261547479,210.2113222224281,30.926883488011732,-98.79545407550614,286.3260369528303,112.2175094054598,71.51137517373304,-211.5925426038413,532.277602948063,-121.61715372674425,-360.5132541983335,-38.361826402720354,-105.42435965671382,293.731692358341,239.56777897947032,-98.66207124221445,312.0786702114588,3.3641860637446306,127.70075979276021,-93.29161676083876,271.571458433474,-160.47084645942445,134.11247776185564,160.25185655216336,187.18669087476292,-69.8101857365306,-30.102292687029134,276.8472008526896,409.89513002636204,-192.04699752934033,99.50694521150812
24.863780823373165,-16.98193762630309,-52.49622049391041,26.037984828404113,56.56596514905662,-11.433209596493537,0.2824503647446786,-59.14230277719023,16.10459007411337,-9.189926713061949,-23.437086505650512,36.29028214910165,3.4813816665689585,123.95856786916302,30.926883488011732,5.5949625786539885,-13.662416914987126,41.9440109591866,16.683091623740715,10.154588221857345,-29.99844652793283,77.00069099633845,-18.034249052390635,-51.41847332354201,-5.875466075033094,-15.297650402410731,43.080961422701954,34.75049630213723,-14.747504858099953,45.352246892199744,-0.12112685964009934,18.57237399923643,-13.547716268001464,39.271791706770536,-23.012963677042492,18.76862148620955,22.744717850954387,26.301368712828385,-9.900009731277766,-3.6956124473229983,40.133706799536526,59.150327021334974,-27.445311024470502,14.806595633674583
-80.45698677448497,56.38154058539335,169.7514539655512,-87.58556061327785,-181.7821724698069,37.1723709231166,-1.5459045982559168,193.16348464802485,-54.01562274868211,31.205396435131462,75.96301521232888,-116.12267258548569,-10.545773045564335,-405.82975068273123,-98.79545407550614,-13.662416914987126,47.220257863419526,-134.75226270579466,-52.45817723980471,-33.84947306288446,100.43378718573575,-251.40293875041993,56.99695728919375,170.94471117572724,17.860943630743826,49.6758077474785,-138.23170032994338,-113.16056380754871,46.141274721487285,-147.22515334923935,-2.234634716051091,-60.18935178265345,43.93224128389837,-128.1283809467166,75.95182026382531,-63.742263200000416,-75.97326179127525,-89.05338139771814,33.27722435323233,14.803660012117371,-130.66198608104082,-193.80585233586842,90.88197225252652,-46.67545663170324
232.74069138216305,-162.24714322853097,-491.13483752621136,250.73944757107776,527.2329408695538,-108.69211750783295,4.862478235505645,-557.8820928875566,155.08744431242724,-89.47610618428311,-219.8399029086613,336.20738972325915,31.22829027409509,1171.9819753038992,286.3260369528303,41.9440109591866,-134.75226270579466,391.20539810380694,152.4800942311723,97.46264848991831,-288.58153591910724,726.8647828137437,-165.70054792308628,-492.4133401317366,-52.29732616186213,-143.58705143770126,401.4749524356948,328.2380604322821,-134.27366889943053,425.65525766771646,4.970402800010734,174.2616399060243,-126.8494035481422,370.28474362433207,-218.60239526194255,182.69096027034257,218.80851537445102,255.35175269787166,-95.51197356070803,-40.756499391422054,377.62336607965614,558.9498572075591,-261.74422537573247,136.16543328716057
90.18354627887993,-63.471334325436644,-191.38973979056078,98.21913963005575,205.33075513727312,-41.57349189573806,1.2728690390703177,-217.74318836328047,60.63659055620288,-34.45919599479803,-85.54901483207438,131.28680717872157,12.357142151248757,456.81756375437703,112.2175094054598,16.683091623740715,-52.45817723980471,152.4800942311723,60.5501523865158,38.392790394263784,-112.60258343635444,282.9755374845964,-65.21056771703044,-191.31442035048823,-20.441885334116858,-56.470396953401355,156.1485161877997,126.60169861882619,-52.78119494283436,166.04452146136558,1.1297967286895916,68.11165001364878,-50.07004897568526,145.0573703303042,-85.47435985534433,71.61820643833134,85.48240150069543,99.47107336342074,-36.44929168535396,-16.032261904182473,147.45840087157796,217.74497475609024,-102.5196559912024,52.72345022809319
57.72513284542938,-40.698610564682404,-122.34171234889729,63.00633598244768,131.20320924106596,-26.80806838175626,1.0100112721003347,-139.35719891659656,38.939612344079634,-22.248540412275695,-54.74283819653717,83.71551397064498,7.8192175429882695,292.58312972075197,71.51137517373304,10.154588221857345,-33.84947306288446,97.46264848991831,38.392790394263784,24.609257958686428,-72.31602210147803,181.26396050720967,-41.48004319154759,-122.90259380503348,-12.943387671765185,-36.0537112999745,99.83412068369167,81.29039724571359,-33.509773313410186,106.18469258393256,1.100582691778622,43.546917272123785,-31.920477899603014,92.76879118769789,-54.73941649978439,46.027686205892806,54.90672341136875,64.00210986581497,-23.52431029343404,-10.49505222910912,94.33164973235178,139.44020445319723,-65.68774482987813,33.659983679565215
-172.01965294337248,120.35984358048084,363.1542482189963,-186.70350355738998,-389.2706224540792,79.68190082727877,-3.360045550391675,412.9853718750086,-115.19492332931529,66.40153028549636,162.4557695345232,-248.57851373909708,-22.813198035956415,-867.5286076513162,-211.5925426038413,-29.99844652793283,100.43378718573575,-288.58153591910724,-112.60258343635444,-72.31602210147803,214.27329569010485,-537.5451581013829,122.21378734368912,364.92907346342986,38.38655056855222,106.2917783820673,-296.0528487527318,-242.09695031248526,99.03181495475499,-314.8861870098747,-4.206662760505089,-128.80141002225568,94.01660503281799,-274.0781499601206,162.18500541015646,-135.9910798368254,-162.22142568860392,-189.83416415354418,70.86871277833626,31.05324289377102,-279.40441047634584,-414.0712329655196,194.16217417783662,-100.1196326631071
433.1982413812069,-302.0242741186311,-913.7202820007385,467.5570979404416,980.2932520082232,-201.6580736860775,9.027226534178912,-1038.062630124946,288.83674074850074,-166.8176496415241,-408.87555805430907,625.4804246114279,57.68470225369944,2180.8883392592675,532.277602948063,77.00069099633845,-251.40293875041993,726.8647828137437,282.9755374845964,181.26396050720967,-537.5451581013829,1352.1545698171317,-307.5847626992816,-916.9270181870127,-97.00242036377054,-266.94373032858226,746.0583750167345,610.4662032492697,-249.39667250753448,791.8988095202299,10.123702600250112,323.9632563118325,-235.890272962333,688.6280038045977,-407.0704023837451,340.50557948937416,407.1827468584729,475.9685910924806,-178.3527899095108,-76.60981993957294,702.4449191898208,1040.6573011261437,-487.2138473225113,252.902175886134
-98.28074244077509,68.83536275218863,207.95015665803035,-106.383291156935,-223.1230322760168,45.56081157644445,-1.6254258641221178,236.358038325222,-65.77596210179381,37.68498963241811,93.05314981257987,-142.51383379710057,-13.303514379585225,-496.16684514917057,-121.61715372674425,-18.034249052390635,56.99695728919375,-165.70054792308628,-65.21056771703044,-41.48004319154759,122.21378734368912,-307.5847626992816,70.57613821975535,208.0937318642495,22.21811111274139,61.08688033243756,-169.85176506303566,-138.19964899697155,57.11614578891368,-180.31268394505975,-1.6258988280337223,-73.9025941753115,54.05148319567482,-157.16692021566803,92.7063872229417,-77.44539276475895,-92.72567321594691,-108.01052933937719,39.98257420278421,17.33567474306664,-160.06765529601063,-236.60066851910042,111.0441514772457,-57.477260736235806
-293.82034356511764,204.90345325054085,619.445524328712,-317.53104408390345,-664.335733495578,136.70468331718536,-6.289127823710114,703.9311222833795,-196.05723024070682,113.3950387917901,277.19011266011364,-423.8746984240949,-38.902139373137196,-1479.1388618094297,-360.5132541983335,-51.41847332354201,170.94471117572724,-492.4133401317366,-191.31442035048823,-122.90259380503348,364.92907346342986,-916.9270181870127,208.0937318642495,622.4142726543444,65.55552920522719,180.8543852541557,-505.48221576019614,-414.10047936530066,168.73629498839176,-536.8900214338195,-7.498660009750423,-219.54008760077033,159.80494927499987,-466.7709513575432,276.17856757358686,-231.2665322397794,-276.279259578037,-323.33838007796015,121.34556204826612,52.409277133603105,-476.2230699347291,-705.9778173573603,330.5051887985361,-171.26553227499093
-31.160711579054446,21.612487729395387,65.69334652187968,-33.37929314416759,-70.5093061063163,14.42886450969912,-0.5423211167506007,74.46960151894169,-20.633449134097873,11.908785260094303,29.39713550884492,-45.07417381995244,-4.168014375018875,-156.36609694975223,-38.361826402720354,-5.875466075033094,17.860943630743826,-52.29732616186213,-20.441885334116858,-12.943387671765185,38.38655056855222,-97.00242036377054,22.21811111274139,65.55552920522719,7.070541829693989,19.171731589612406,-53.68928944012714,-43.77591613338736,18.03786952089953,-56.8850842238927,-0.5493654411062218,-23.272193161152046,16.942459500046642,-49.390049597242296,29.164576794803242,-24.19870483568219,-29.070078299730326,-33.9083611372013,12.737760584195453,5.328193571976057,-50.435612571208026,-74.65128860377156,34.83961134937415,-18.25565435832283
-85.2554629113064,59.815267233243645,180.4121770788773,-92.62600568342074,-193.4759168033281,39.4527872254019,-1.4571191229212337,205.20046070064345,-57.195273132035155,32.76599290201185,80.69787298256097,-123.59054527017149,-11.483990438344831,-430.8091783420587,-105.42435965671382,-15.297650402410731,49.6758077474785,-143.58705143770126,-56.470396953401355,-36.0537112999745,106.2917783820673,-266.94373032858226,61.08688033243756,180.8543852541557,19.171731589612406,53.00789444120947,-147.18308447693684,-119.87855318521645,49.45314701078038,-156.47013273020303,-1.6048917041395494,-64.10169626661676,46.922927104670244,-136.4310789924753,80.56011037204797,-67.4956478467384,-80.59913297857095,-94.03358523324904,34.79852284290959,15.263603087837181,-138.90579429741567,-205.477037287971,96.52626683412349,-49.743139090937795
239.11367567360065,-166.38888897731258,-504.1874293478374,257.164928881249,541.2905862180912,-111.74902486645288,5.186089567784634,-572.476880352813,159.03468259664274,-91.91515483382773,-225.67308102405283,345.13288261806196,31.992767897439318,1202.807784946253,293.731692358341,43.080961422701954,-138.23170032994338,401.4749524356948,156.1485161877997,99.83412068369167,-296.0528487527318,746.0583750167345,-169.85176506303566,-505.48221576019614,-53.68928944012714,-147.18308447693684,412.17518281289927,337.3212562850666,-137.74216497370284,436.8544795430646,5.316867269294889,178.77129624864986,-129.98184104084064,379.75055752877273,-224.26228153351838,187.32288058559138,224.39602665015198,262.01576584947355,-98.32177357183397,-41.688828409484564,387.45585580892623,573.754583474089,-268.4240211460587,139.91867384187108
195.99564854046244,-135.84468313303347,-412.34804404009276,209.9610141204374,442.88880030053406,-92.18189883994643,4.994089927526015,-467.96013690516287,129.879937751522,-75.50745304136932,-184.6096778218445,281.9884262917422,26.039458623902043,983.8371720028808,239.56777897947032,34.75049630213723,-113.16056380754871,328.2380604322821,126.60169861882619,81.29039724571359,-242.09695031248526,610.4662032492697,-138.19964899697155,-414.10047936530066,-43.77591613338736,-119.87855318521645,337.3212562850666,277.21139454365573,-112.20093608554266,357.1350287613996,5.166124793806778,146.0054482887399,-105.72874331294238,309.93327201333653,-183.16380286720954,153.06987663421276,183.39299283955185,214.48920721619547,-81.19026857588828,-33.9632820230072,316.57304838439353,469.35006021770636,-219.16764706594353,114.72466483878684
-79.85923953236218,55.72425823559603,168.81362285687618,-86.29930612630073,-181.15018074262383,36.88210099011017,-1.3892436107337598,191.70251619531285,-53.229354185521295,30.5156475833122,75.4468765708095,-115.80809868986348,-10.772266804235624,-402.435376863713,-98.66207124221445,-14.747504858099953,46.141274721487285,-134.27366889943053,-52.78119494283436,-33.509773313410186,99.03181495475499,-249.39667250753448,57.11614578891368,168.73629498839176,18.03786952089953,49.45314701078038,-137.74216497370284,-112.20093608554266,46.38641829079652,-146.29513611592336,-1.3655743867397807,-59.876767807838,43.78887617838994,-127.33752758148086,75.17001277311716,-62.80638886160577,-75.02500261035215,-87.56117233081434,32.60394355242746,13.945459955724653,-129.7561895830423,-192.023072571593,89.98684392890524,-46.694310633167824
253.7754130637119,-176.94556785785164,-535.4192391541663,274.1615008751756,574.2767498722748,-117.65968800555059,4.996398674176319,-608.2142900584022,169.2065277565449,-97.60309125694377,-239.4889296427077,366.75697620331977,33.76590869952973,1277.5681371220733,312.0786702114588,45.352246892199744,-147.22515334923935,425.65525766771646,166.04452146136558,106.18469258393256,-314.8861870098747,791.8988095202299,-180.31268394505975,-536.8900214338195,-56.8850842238927,-156.47013273020303,436.8544795430646,357.1350287613996,-146.29513611592336,464.0215220944655,5.736954661057465,189.77897527398318,-138.35884643224662,403.4912454049738,-238.58854446767043,199.51833294784603,238.39838139609174,278.7714042596302,-104.40362719387048,-44.922744766150075,411.56593706329556,609.7978994630711,-285.4878349444099,148.0616171021239
3.5625090052086312,-2.195803641510904,-6.708129858645123,3.62392505208378,6.994613052795909,-1.7221182405781326,0.39301881222021773,-7.5362154813964715,2.1911921906673655,-1.6601720090976657,-3.053740021911651,4.397444019344014,0.12733630037077165,16.261741610485487,3.3641860637446306,-0.12112685964009934,-2.234634716051091,4.970402800010734,1.1297967286895916,1.100582691778622,-4.206662760505089,10.123702600250112,-1.6258988280337223,-7.498660009750423,-0.5493654411062218,-1.6048917041395494,5.316867269294889,5.166124793806778,-1.3655743867397807,5.736954661057465,0.9410986974300158,2.183635979718807,-1.3273493068048097,4.548726397911351,-3.0115133248462986,2.5212503493490805,2.9740247099058217,3.948858053774275,-2.025380394676987,-0.869115934381978,4.992313522406639,8.047535924967567,-3.417499068409069,1.8585160099109097
103.65357144400528,-72.4247274389092,-218.91984017533014,112.0605655374975,234.88816347354125,-48.21390699722215,2.0324325515392254,-248.7983180935871,69.24539411390718,-39.86467156074612,-97.95896996933006,149.89593810216869,13.899059635434371,522.5678640786166,127.70075979276021,18.57237399923643,-60.18935178265345,174.2616399060243,68.11165001364878,43.546917272123785,-128.80141002225568,323.9632563118325,-73.9025941753115,-219.54008760077033,-23.272193161152046,-64.10169626661676,178.77129624864986,146.0054482887399,-59.876767807838,189.77897527398318,2.183635979718807,77.6983677061239,-56.67263689404028,165.20955350485372,-97.5766781997108,81.64504332602623,97.6373976154041,113.98686911871083,-42.49798313823269,-18.34422825009825,168.39636296898792,249.26563818338823,-116.85085874673432,60.54914625258886
-75.29551095302367,52.90610373889695,159.4982708521137,-82.04849609222414,-171.00701684364756,34.67409234272959,-1.1893754755451056,181.47170004693237,-50.59348985520973,28.887876653099703,71.2887132872192,-109.34612360787276,-10.16819349444485,-380.88208224701805,-93.29161676083876,-13.547716268001464,43.93224128389837,-126.8494035481422,-50.07004897568526,-31.920477899603014,94.01660503281799,-235.890272962333,54.05148319567482,159.80494927499987,16.942459500046642,46.922927104670244,-129.98184104084064,-105.72874331294238,43.78887617838994,-138.35884643224662,-1.3273493068048097,-56.67263689404028,41.59194732512829,-120.70985502270138,71.28308943380388,-59.80047904645224,-71.25666843410805,-83.16784235455995,30.68714429890486,13.546385088956502,-122.82340345058435,-181.68689940320942,85.43229352299196,-43.887024707406574
220.13545171542964,-154.10725237776,-465.329104800948,238.659890355327,499.1762220101327,-102.1820512629335,4.1851968521261265,-529.1067150542419,147.37358016312095,-84.65002875989518,-208.142316284051,318.65811054936984,29.57116522187939,1111.1628437842764,271.571458433474,39.271791706770536,-128.1283809467166,370.28474362433207,145.0573703303042,92.76879118769789,-274.0781499601206,688.6280038045977,-157.16692021566803,-466.7709513575432,-49.390049597242296,-136.4310789924753,379.75055752877273,309.93327201333653,-127.33752758148086,403.4912454049738,4.548726397911351,165.20955350485372,-120.70985502270138,351.5128655707619,-207.6143346320574,173.99609990751514,207.7570665507796,242.58444944656142,-90.17857753318226,-39.23323180245838,358.0770764163076,529.9965417751827,-248.73573016656178,128.48145782238487
-130.35208667407457,91.1468521078315,275.21591970459156,-141.42681444444386,-294.94296049527185,60.14178539402752,-2.357452714632516,312.8431328997134,-87.20524838490383,50.223964256900324,123.08318998274646,-188.52907149565644,-17.274072582907383,-657.0222763339648,-160.47084645942445,-23.012963677042492,75.95182026382531,-218.60239526194255,-85.47435985534433,-54.73941649978439,162.18500541015646,-407.0704023837451,92.7063872229417,276.17856757358686,29.164576794803242,80.56011037204797,-224.26228153351838,-183.16380286720954,75.17001277311716,-238.58854446767043,-3.0115133248462986,-97.5766781997108,71.28308943380388,-207.6143346320574,122.87771751217812,-102.87217160561337,-122.74051276661744,-143.62668191977392,53.61540676477974,23.44694378690277,-211.67904963640382,-313.7027182536029,147.0198537269723,-75.86507834651749
108.69294181160446,-76.34849690326833,-229.97699307576553,118.64069895870705,246.584855806921,-50.32039563635641,2.181321974601891,-261.8433577097381,73.08426096636708,-41.87928518958706,-102.75828079618013,157.42790669251428,14.577102031113737,549.931763664915,134.11247776185564,18.76862148620955,-63.742263200000416,182.69096027034257,71.61820643833134,46.027686205892806,-135.9910798368254,340.50557948937416,-77.44539276475895,-231.2665322397794,-24.19870483568219,-67.4956478467384,187.32288058559138,153.06987663421276,-62.80638886160577,199.51833294784603,2.5212503493490805,81.64504332602623,-59.80047904645224,173.99609990751514,-102.87217160561337,86.72793868654877,103.00569187270733,120.54273994097294,-44.70300549427929,-19.79018296172584,177.06088807770013,262.31109470598,-123.38898794661735,63.23647038394891
130.06784962952494,-91.1795974329781,-274.86822956158363,141.1569014914835,294.8296511438454,-60.610846672336,2.633041147658863,-312.730692540034,87.24291958765836,-50.20247512468559,-123.02528331095718,188.0129051080086,17.421667315960377,656.9415224072922,160.25185655216336,22.744717850954387,-75.97326179127525,218.80851537445102,85.48240150069543,54.90672341136875,-162.22142568860392,407.1827468584729,-92.72567321594691,-276.279259578037,-29.070078299730326,-80.59913297857095,224.39602665015198,183.39299283955185,-75.02500261035215,238.39838139609174,2.9740247099058217,97.6373976154041,-71.25666843410805,207.7570665507796,-122.74051276661744,103.00569187270733,123.02403389375144,143.6691397389751,-53.39958279414329,-23.399535456107337,211.6297928685104,313.2718526170484,-147.10551163702877,75.86044795664327
152.35486449517617,-106.5736260071511,-321.5130097986188,165.43881803156518,344.59239024987613,-70.58686600653213,3.0960349568350067,-365.66220138103637,102.0246247883311,-58.87147442002453,-143.80963208072524,220.0176115702228,20.13875975500528,768.229820507615,187.18669087476292,26.301368712828385,-89.05338139771814,255.35175269787166,99.47107336342074,64.00210986581497,-189.83416415354418,475.9685910924806,-108.01052933937719,-323.33838007796015,-33.9083611372013,-94.03358523324904,262.01576584947355,214.48920721619547,-87.56117233081434,278.7714042596302,3.948858053774275,113.98686911871083,-83.16784235455995,242.58444944656142,-143.62668191977392,120.54273994097294,143.6691397389751,168.27095605544156,-62.92075884140605,-27.59967159339688,247.33019321825353,366.7248113818483,-171.94145390564492,88.60709889304317
-57.632089229438236,39.65707748965498,120.66135797434966,-61.660580643138616,-129.31958046817502,26.74228319373782,-1.476929126490617,136.73507204231043,-37.964748925513874,22.305443887150062,53.97063054960048,-82.5863155242378,-7.342159552373631,-287.61516744855794,-69.8101857365306,-9.900009731277766,33.27722435323233,-95.51197356070803,-36.44929168535396,-23.52431029343404,70.86871277833626,-178.3527899095108,39.98257420278421,121.34556204826612,12.737760584195453,34.79852284290959,-98.32177357183397,-81.19026857588828,32.60394355242746,-104.40362719387048,-2.025380394676987,-42.49798313823269,30.68714429890486,-90.17857753318226,53.61540676477974,-44.70300549427929,-53.39958279414329,-62.92075884140605,24.26162710257274,10.144870074747741,-92.41587560516892,-137.61872663173733,63.91678033407192,-33.49892786655139
-24.4237148985645,17.437301630779785,51.671369149760196,-27.355927234191594,-54.96142782305799,10.885133480601507,-0.18539154449515216,59.07874457329961,-16.78255004888726,9.653018157983324,23.12410284500573,-35.33789975776847,-3.045508936202675,-124.0200072287989,-30.102292687029134,-3.6956124473229983,14.803660012117371,-40.756499391422054,-16.032261904182473,-10.49505222910912,31.05324289377102,-76.60981993957294,17.33567474306664,52.409277133603105,5.328193571976057,15.263603087837181,-41.688828409484564,-33.9632820230072,13.945459955724653,-44.922744766150075,-0.869115934381978,-18.34422825009825,13.546385088956502,-39.23323180245838,23.44694378690277,-19.79018296172584,-23.399535456107337,-27.59967159339688,10.144870074747741,5.046941966362391,-39.95892826725428,-59.40305517794529,28.012531887613747,-13.886035332951788
224.93877227281877,-157.05853341701842,-474.8013494014926,243.25129993342551,509.2326255518477,-104.33849089896538,4.336114677749005,-539.5290089620406,150.19983310120008,-86.5701925269961,-212.42330512174007,325.1685447109106,29.975170642153124,1133.2370163715857,276.8472008526896,40.133706799536526,-130.66198608104082,377.62336607965614,147.45840087157796,94.33164973235178,-279.40441047634584,702.4449191898208,-160.06765529601063,-476.2230699347291,-50.435612571208026,-138.90579429741567,387.45585580892623,316.57304838439353,-129.7561895830423,411.56593706329556,4.992313522406639,168.39636296898792,-122.82340345058435,358.0770764163076,-211.67904963640382,177.06088807770013,211.6297928685104,247.33019321825353,-92.41587560516892,-39.95892826725428,365.1374382898352,540.8076590295066,-253.35822057135195,131.2347555591312
333.72233793218015,-232.5985768179338,-703.6772524652567,360.7267357695355,754.4118515534093,-154.39671237595508,6.530824372526145,-799.3174651254424,222.4932497805398,-128.52359133073045,-314.7345774044119,482.0011471168857,44.10884653804046,1679.1034194824615,409.89513002636204,59.150327021334974,-193.80585233586842,558.9498572075591,217.74497475609024,139.44020445319723,-414.0712329655196,1040.6573011261437,-236.60066851910042,-705.9778173573603,-74.65128860377156,-205.477037287971,573.754583474089,469.35006021770636,-192.023072571593,609.7978994630711,8.047535924967567,249.26563818338823,-181.68689940320942,529.9965417751827,-313.7027182536029,262.31109470598,313.2718526170484,366.7248113818483,-137.61872663173733,-59.40305517794529,540.8076590295066,801.7991241367969,-375.17640358300713,194.43246680679823
-155.7293389643584,109.12239233369968,329.19203440027246,-169.2119999553494,-352.9965487103537,72.13943025898156,-2.9578640745225635,374.44927200879334,-104.39727992574174,59.96445330119846,147.20942516762102,-225.40946428646598,-20.83708514367095,-786.3983095889944,-192.04699752934033,-27.445311024470502,90.88197225252652,-261.74422537573247,-102.5196559912024,-65.68774482987813,194.16217417783662,-487.2138473225113,111.0441514772457,330.5051887985361,34.83961134937415,96.52626683412349,-268.4240211460587,-219.16764706594353,89.98684392890524,-285.4878349444099,-3.417499068409069,-116.85085874673432,85.43229352299196,-248.73573016656178,147.0198537269723,-123.38898794661735,-147.10551163702877,-171.94145390564492,63.91678033407192,28.012531887613747,-253.35822057135195,-375.17640358300713,176.15271503084148,-90.74788139992717
81.23648834303248,-56.243485824461494,-170.9951943530452,86.85417257492006,183.70133536882517,-38.099279694809326,1.923646755543073,-193.91459062053846,53.72446008171608,-31.168368147936665,-76.53493902418226,117.06757264709204,10.847396201761388,407.54313082800803,99.50694521150812,14.806595633674583,-46.67545663170324,136.16543328716057,52.72345022809319,33.659983679565215,-100.1196326631071,252.902175886134,-57.477260736235806,-171.26553227499093,-18.25565435832283,-49.743139090937795,139.91867384187108,114.72466483878684,-46.694310633167824,148.0616171021239,1.8585160099109097,60.54914625258886,-43.887024707406574,128.48145782238487,-75.86507834651749,63.23647038394891,75.86044795664327,88.60709889304317,-33.49892786655139,-13.886035332951788,131.2347555591312,194.43246680679823,-90.74788139992717,47.63466054864145
