V1,V2,V3,V4,V5,V6,V7,V8,V9,V10,V11,V12,V13,V14,V15,V16,V17,V18,V19,V20,V21,V22,V23,V24,V25,V26,V27,V28,V29,V30,V31,V32,V33,V34,V35,V36,V37,V38,V39,V40,V41,V42,V43,V44
17.895339214339504,5.996866718854376,-14.53945346625895,4.276760743755122,6.950011886195706,12.454245558795819,-4.327105811365445,1.085727209389883,-6.077930429922782,-3.7284641588483414,-2.5138688070185253,20.41788311358467,-8.09947599470765,-2.535640935407735,2.4171243035687526,10.40378734845278,2.8172312768155408,-10.919211030073242,-12.918371611268185,-13.180990373893612,6.019246846412167,-5.499200090949649,8.793931466496321,1.8379998923964802,-3.621851728377448,8.37950077062035,-3.4345511650376004,3.983999180037306,-2.1766189257200153,5.334170777268326,9.328113630269128,-5.8167206517332435,6.401581959321493,-16.521510372399405,-1.229664426462641,-11.26630602411016,-17.30017618996245,-3.936816514389548,-18.09411991933444,1.967810358608098,-3.051141057787554,17.40892775160762,10.932788576727479,4.657299866523543
5.996866718854376,2.1706787943932326,-4.706638120243917,0.6958984616502117,2.5877444092184336,3.3430406090632308,-0.958227823536999,0.6058206776978394,-2.2263220065852125,-1.2707740622144812,-0.8947534971781743,6.452906048851826,-2.54792410382338,-1.0426980518916156,0.545987066343751,3.5291686772253046,1.1611538502263508,-3.233770827298672,-4.582071006007686,-4.484293013330088,2.281487074228931,-1.590125023307166,3.0027621183553332,0.5613948303308262,-1.2233278216969055,2.9493068484948575,-0.6293937742774989,2.163716491173092,-0.6020101665209522,1.6192010827354992,3.1562506929150875,-1.9203161227713543,2.4008780182003138,-5.682029540410698,-0.08097597133072283,-4.0447101617436285,-5.7601829840927925,-1.5668563303012284,-6.068095583351162,1.053620894624727,-1.1571681782074374,5.370768147654269,3.910641314648545,1.8691567166779057
-14.53945346625895,-4.706638120243917,11.98946270087635,-4.223805512147139,-5.383034102586118,-10.963254886641966,4.01991617273284,-0.6366633539957575,4.748164598269028,3.0084173701923085,1.9925864312643606,-16.988187839335573,6.7521614352431865,1.868758571224788,-2.2354931067116697,-8.412144866317314,-2.069994407621747,9.307285598531028,10.236411466392765,10.64335865130608,-4.618914702235993,4.72482208150057,-7.086282038105314,-1.554156688160593,2.9331099982026836,-6.665693440366645,3.322526283841495,-2.3934632781362546,1.8934212598112188,-4.503776036310776,-7.547851486386156,4.756861917094542,-4.9440928755560485,13.274043461816616,1.3347414160047828,8.883890310271669,14.096732345803758,2.9456134997442978,14.697758093636624,-1.1959920944745326,2.3403510830504306,-14.620150045743374,-8.633463174004513,-3.4725036543883516
4.276760743755122,0.6958984616502117,-4.223805512147139,4.425902832633446,0.46050404942511486,6.817649655081119,-3.3020089935180525,-0.8507799673498194,-0.5768599161233874,-0.7896471041703829,-0.3514132245534849,6.672542448811513,-2.702585169036855,0.2729804319238584,1.7888329723678011,2.287638063079098,-0.3291793116380488,-4.578825687508705,-1.928314623760195,-2.840186674938117,0.22651421158979368,-2.4944952423171984,1.8505675357131977,0.6922259490394166,-0.8214042642820921,1.3542303233866606,-3.2352222035490508,-2.8781277475436693,-1.1133700963126405,2.047966053468885,2.0917609675817292,-1.5268118198192981,0.3483202273641149,-3.287052126612334,-1.8203472198064516,-1.448582089394637,-4.311019225305292,0.19670258570064195,-4.3038664492183605,-1.3464152023921057,-0.11657804506495453,6.288276708675644,1.4771214905754757,-0.3166180169484901
6.950011886195706,2.5877444092184336,-5.383034102586118,0.46050404942511486,3.128675834924523,3.4774579473866383,-0.8782081563364533,0.8076242563855257,-2.66701421904251,-1.4831942410395087,-1.0656112859350768,7.296441823299158,-2.87282141480632,-1.2823309633435034,0.5124631287819471,4.110310944011553,1.4462559097192504,-3.5392142256371417,-5.425767266887436,-5.225328468019889,2.7626740857742904,-1.7108707118862636,3.501844435136384,0.6182142015079738,-1.4228220171385528,3.482392679725222,-0.47624998926428874,2.9045928715501708,-0.6378497614963335,1.8018258159163727,3.6708121129989535,-2.209070897709877,2.9012108206629703,-6.64476349517589,0.060654847283183655,-4.8113516861692736,-6.652794799785575,-1.9279230891666885,-7.033526600322933,1.4063710641507143,-1.3984165790333227,6.012118369662849,4.644309202158568,2.3137714105299922
12.454245558795819,3.3430406090632308,-10.963254886641966,6.817649655081119,3.4774579473866383,13.007538921960863,-5.573774120394047,-0.492517949390865,-3.244043809462338,-2.4797868597387214,-1.466884706875963,16.234455616911927,-6.5045561085860575,-0.7848254281909774,3.0480135970237616,7.018118470612062,0.8308726838634068,-9.828540235386635,-7.684919717028767,-8.826501408666575,2.8235933418989028,-5.16749416056128,5.838948107299047,1.570994231687292,-2.4709782411345906,5.102743790080134,-5.121047579920393,-1.5547081098754758,-2.182758213579464,4.581561004905419,6.3377131956070665,-4.205491076896517,3.1236959938358715,-10.756769680433269,-2.5768687939986696,-6.440476010231637,-12.244645188779376,-1.4582059985527542,-12.571377688791824,-0.6812936492809741,-1.435606486826261,14.516201698038776,6.331119863738969,1.6266689809150618
-4.327105811365445,-0.958227823536999,4.01991617273284,-3.3020089935180525,-0.8782081563364533,-5.573774120394047,2.5620016255510003,0.4748181400490332,0.8891034441710367,0.8340053003113573,0.4434489638274567,-6.134770610748936,2.472379326959402,0.03640985980737971,-1.3931262433950837,-2.3863065619808657,-0.015076802857355229,3.9582422751226285,2.351777378299015,2.983765208125902,-0.646838828304746,2.1201047193280123,-1.9590501706355397,-0.6196186339722628,0.8467610511809923,-1.5969100540373848,2.4435771253585976,1.5914906596193412,0.9176816381644612,-1.802413800919713,-2.1646185516159586,1.5005323244671058,-0.7636319387999254,3.5557818987533247,1.3127276474644562,1.8999199880538125,4.3058305316908285,0.19390792644592023,4.363818435332491,0.7363506105846997,0.3303584482628665,-5.63072932315542,-1.89060696822417,-0.1742526248754112
1.085727209389883,0.6058206776978394,-0.6366633539957575,-0.8507799673498194,0.8076242563855257,-0.492517949390865,0.4748181400490332,0.433385638217946,-0.6565587043932625,-0.25941365660344834,-0.23235210464327755,0.6547704154402453,-0.2434236266590209,-0.45268812939611824,-0.24958633594462235,0.6967078531470882,0.4992584109315163,-0.02699109179519174,-1.1629586385767336,-0.9037017734524446,0.7631021476740885,0.04274186834363359,0.6176503771664996,0.03508222434970489,-0.23380527674456403,0.7212337476320418,0.5731081261046305,1.485257331510511,0.06284662641787686,0.0684202478283987,0.6115324184373212,-0.3105251997083349,0.775466977204505,-1.2232461860180384,0.4239355085053477,-1.0921618010172174,-0.9963282709247476,-0.6121504036507414,-1.105626590838085,0.7109462029381445,-0.3880291157048578,0.36068937969080717,1.0365764959944295,0.7478025401497759
-6.077930429922782,-2.2263220065852125,4.748164598269028,-0.5768599161233874,-2.66701421904251,-3.244043809462338,0.8891034441710367,-0.6565587043932625,2.29154907576615,1.2925280751448869,0.9186976879564284,-6.475241428027611,2.5555488400103754,1.0941496031399545,-0.5100912844016026,-3.5863569536610864,-1.2159284393383285,3.206243800133744,4.685998560053808,4.558635916843572,-2.3559719157352075,1.567630365879246,-3.051663062953705,-0.5637767563925143,1.241609846956416,-3.0144389139122607,0.5487198714668252,-2.336039413127942,0.5842634968626015,-1.6109329195481423,-3.204061244593336,1.9423182311760983,-2.480118302735816,5.783098729556451,0.02397350212601238,4.149408692913661,5.833741933778714,1.630029918467465,6.152077609504639,-1.1345464171839033,1.1947286038502625,-5.367028823810749,-4.0077540582689695,-1.9498433001467326
-3.7284641588483414,-1.2707740622144812,3.0084173701923085,-0.7896471041703829,-1.4831942410395087,-2.4797868597387214,0.8340053003113573,-0.25941365660344834,1.2925280751448869,0.7808317303715405,0.5316713091867394,-4.200891954808748,1.6647826919604056,0.5541589366415046,-0.46831472341090247,-2.1727866848530537,-0.6169026293977441,2.216036967181381,2.723673534031034,2.7556296164998986,-1.2897964296075257,1.1099597741339302,-1.8390031324034901,-0.3756627722380603,0.7553924033236186,-1.7634145144931457,0.6433159559887369,-0.943142968320879,0.4353297159320425,-1.0889069248550092,-1.9468980116509478,1.2067190055586943,-1.36886047519399,3.461183030960414,0.21185167553983011,2.384140342266845,3.597972485762104,0.8539316152333692,3.769768954473825,-0.46334977728764687,0.6526697089879278,-3.564047302925126,-2.310118447356769,-1.0136178068731967
-2.5138688070185253,-0.8947534971781743,1.9925864312643606,-0.3514132245534849,-1.0656112859350768,-1.466884706875963,0.4434489638274567,-0.23235210464327755,0.9186976879564284,0.5316713091867394,0.37380906719637,-2.7386137097643526,1.0824107430510355,0.4192374081651353,-0.25302088692841457,-1.477280480441952,-0.46960108889221247,1.3894446535541045,1.8980952144523437,1.8747842676488906,-0.9317847844531905,0.6832467711772304,-1.2520864435933974,-0.24061023001624676,0.5122323063111428,-1.2248499346577797,0.30483281632369025,-0.8414409418940924,0.2601481891963127,-0.6929980757051598,-1.3202507428115735,0.8072850416357724,-0.9869164582817488,2.366945484302465,0.060688992291842776,1.675042119002497,2.4175903269913017,0.6347739241767153,2.543828365400099,-0.4085001173826704,0.4715162751079752,-2.293231376369679,-1.61911922980116,-0.7604410870057993
20.41788311358467,6.452906048851826,-16.988187839335573,6.672542448811513,7.296441823299158,16.234455616911927,-6.134770610748936,0.6547704154402453,-6.475241428027611,-4.200891954808748,-2.7386137097643526,24.242936619653673,-9.646908108968804,-2.434361130583398,3.3977698508998833,11.767777075465382,2.68751283330296,-13.498635356741556,-14.127767519001438,-14.87759598578694,6.228018431650628,-6.897309641102854,9.900466956698558,2.2344130799270636,-4.109374922801685,9.220169026812922,-5.192481322007551,2.5264273756444107,-2.7932965778107897,6.4923569692588154,10.570484299324546,-6.709968995242285,6.6833259647874605,-18.501926791763687,-2.2064089994614426,-12.201959768579,-19.834374453749405,-3.8922009680959917,-20.63500823035379,1.286954404218858,-3.1580074984142663,20.98672482148057,11.877335397495974,4.561705292816016
-8.09947599470765,-2.54792410382338,6.7521614352431865,-2.702585169036855,-2.87282141480632,-6.5045561085860575,2.472379326959402,-0.2434236266590209,2.5555488400103754,1.6647826919604056,1.0824107430510355,-9.646908108968804,3.840707640303354,0.9564521525791488,-1.3675444082042008,-4.66568381102296,-1.0503567447618678,5.390177820826169,5.586302042113398,5.89811445514493,-2.450879834215836,2.7583455860562913,-3.923988863036803,-0.8934166098054466,1.629453002031871,-3.6483567934453247,2.1019178912128966,-0.9379219187095227,1.1162121395199458,-2.586492210831422,-4.191626335401321,2.6655350586192856,-2.6332196065916063,7.330322202443947,0.899395716149273,4.821895154208507,7.8733385733559205,1.5256449336470292,8.186418702544032,-0.4800930362385239,1.243844150539201,-8.360599208340009,-4.694921757864998,-1.7860149202604017
-2.535640935407735,-1.0426980518916156,1.868758571224788,0.2729804319238584,-1.2823309633435034,-0.7848254281909774,0.03640985980737971,-0.45268812939611824,1.0941496031399545,0.5541589366415046,0.4192374081651353,-2.434361130583398,0.9564521525791488,0.6176476858782534,-0.028582095259785053,-1.5301041932357249,-0.6621946607551314,1.0572850622306202,2.1338756962331527,1.9559586941238138,-1.1697331446377368,0.4945670055395071,-1.3154461278241802,-0.21259231556198777,0.5246876012231421,-1.36120836347788,-0.12108998649006687,-1.5409797726602914,0.1490095171735875,-0.5476756208050506,-1.3598976412438977,0.7966441013993476,-1.2183521638010686,2.5232380434426744,-0.22354575739529958,1.927498175157992,2.4193745650773977,0.8556502801713455,2.5740207476062094,-0.7448021122140954,0.5978319693337772,-1.9178266611983965,-1.852298094977177,-1.0273109607761852
2.4171243035687526,0.545987066343751,-2.2354931067116697,1.7888329723678011,0.5124631287819471,3.0480135970237616,-1.3931262433950837,-0.24958633594462235,-0.5100912844016026,-0.46831472341090247,-0.25302088692841457,3.3977698508998833,-1.3675444082042008,-0.028582095259785053,0.7600982798887075,1.3355371571137753,0.024422416473769814,-2.1752162619697715,-1.3293230117522044,-1.6705851074652003,0.37963078542073836,-1.1603011892633945,1.096435812093019,0.339645859881022,-0.4734541700050668,0.900058240039734,-1.3222091297065977,-0.8249457482402508,-0.5033351728879598,0.9963313741770652,1.2100043276208756,-0.8337157971664297,0.4448294383525574,-1.9937259555070779,-0.7098297922247959,-1.0800767235455817,-2.399148662671161,-0.12584122400506054,-2.436481082166344,-0.3817718453571403,-0.19166545628457002,3.1116052540927845,1.071712343249101,0.12196473172519991
10.40378734845278,3.5291686772253046,-8.412144866317314,2.287638063079098,4.110310944011553,7.018118470612062,-2.3863065619808657,0.6967078531470882,-3.5863569536610864,-2.1727866848530537,-1.477280480441952,11.767777075465382,-4.66568381102296,-1.5301041932357249,1.3355371571137753,6.062935027076922,1.6974682076169616,-6.236386897271743,-7.579602164444313,-7.682765581656816,3.5692417810792914,-3.1300583562415296,5.127144051693474,1.057539430470035,-2.109018320966378,4.912417348965374,-1.8581713719267337,2.539432070146816,-1.2286385000544395,3.0543310087423206,5.43188276470148,-3.3762432133736815,3.7925973620975393,-9.644431942133203,-0.6238556489091454,-6.625560011673053,-10.05139793621382,-2.3549440571317315,-10.522471996865198,1.249574916553281,-1.81048306696611,9.999491428539573,6.425660532781781,2.7913110198326487
2.8172312768155408,1.1611538502263508,-2.069994407621747,-0.3291793116380488,1.4462559097192504,0.8308726838634068,-0.015076802857355229,0.4992584109315163,-1.2159284393383285,-0.6169026293977441,-0.46960108889221247,2.68751283330296,-1.0503567447618678,-0.6621946607551314,0.024422416473769814,1.6974682076169616,0.7395551940268368,-1.1415434888779394,-2.374827104380343,-2.1676161496173947,1.3045660597011772,-0.5203501614673427,1.458418866083056,0.2177837916928046,-0.5832555768986484,1.5108340224385368,0.16838528681503329,1.75343018141754,-0.16668986779287462,0.6110349431935252,1.5090724508713156,-0.8764485572097838,1.3567947848943012,-2.796659190426959,0.2563951440424966,-2.141699227037983,-2.673480411154657,-0.9551071771622952,-2.855169218770405,0.8441543626148998,-0.6611587889883221,2.1149288919697535,2.056854305543367,1.1544186406686539
-10.919211030073242,-3.233770827298672,9.307285598531028,-4.578825687508705,-3.5392142256371417,-9.828540235386635,3.9582422751226285,-0.02699109179519174,3.206243800133744,2.216036967181381,1.3894446535541045,-13.498635356741556,5.390177820826169,1.0572850622306202,-2.1752162619697715,-6.236386897271743,-1.1415434888779394,7.813296071295904,7.2148519364455765,7.8684907964603585,-2.9730956822366155,4.04969523803777,-5.223098758577186,-1.2784921671032239,2.1846494813520114,-4.742465679126693,3.5019413186400685,-0.20818602358489663,1.6668266979194253,-3.6967750362994116,-5.614111213948082,3.633456367676652,-3.226675102038316,9.704763869516663,1.6307845356202744,6.161173762601483,10.666884274361927,1.7458766365556158,11.032215193000635,-0.14758322898828402,1.5115368127001259,-11.854886146860775,-6.020430292662715,-2.013785508836757
-12.918371611268185,-4.582071006007686,10.236411466392765,-1.928314623760195,-5.425767266887436,-7.684919717028767,2.351777378299015,-1.1629586385767336,4.685998560053808,2.723673534031034,1.8980952144523437,-14.127767519001438,5.586302042113398,2.1338756962331527,-1.3293230117522044,-7.579602164444313,-2.374827104380343,7.2148519364455765,9.72823355714271,9.621109642993328,-4.759114045923497,3.5715988056710506,-6.436682814197324,-1.2409742300981077,2.630829197557676,-6.275706011420803,1.6599724790550798,-4.182529673151799,1.3693982371833466,-3.584596806814355,-6.783722913742667,4.156531370364464,-5.024860733227642,12.155501113210693,0.3642593046320968,8.558073496667816,12.433245499522691,3.229736942952588,13.071804622424226,-2.040599435947554,2.415775709032803,-11.841816348604818,-8.284359070789705,-3.8466504150877388
-13.180990373893612,-4.484293013330088,10.64335865130608,-2.840186674938117,-5.225328468019889,-8.826501408666575,2.983765208125902,-0.9037017734524446,4.558635916843572,2.7556296164998986,1.8747842676488906,-14.87759598578694,5.89811445514493,1.9559586941238138,-1.6705851074652003,-7.682765581656816,-2.1676161496173947,7.8684907964603585,9.621109642993328,9.739322717887324,-4.544072721442731,3.9476779254061967,-6.500789014995008,-1.3359759120213692,2.671788054203671,-6.232749653127826,2.3140608236861695,-3.279946473290792,1.5466990815356472,-3.856349840894533,-6.883845348516493,4.274048869980481,-4.824799646876959,12.231670596262488,0.765769891316696,8.414730684429774,12.730353819740989,3.0038757780022265,13.33076955685322,-1.6135162445278937,2.304386721070176,-12.630388874908249,-8.158744548519243,-3.5605838372292222
6.019246846412167,2.281487074228931,-4.618914702235993,0.22651421158979368,2.7626740857742904,2.8235933418989028,-0.646838828304746,0.7631021476740885,-2.3559719157352075,-1.2897964296075257,-0.9317847844531905,6.228018431650628,-2.450879834215836,-1.1697331446377368,0.37963078542073836,3.5692417810792914,1.3045660597011772,-2.9730956822366155,-4.759114045923497,-4.544072721442731,2.459319196392203,-1.4339569370363616,3.0491831776623646,0.5287356506300355,-1.233682248223002,3.049140345115874,-0.2974407261137752,2.701243579551047,-0.5228028801300094,1.5181062342594058,3.186625265480143,-1.9079096567119973,2.5731643004306,-5.795906681349545,0.12967566905405606,-4.231840632686636,-5.7567786879905976,-1.7313999912463147,-6.092896683428312,1.3095320715859355,-1.246772976613095,5.094258432383428,4.081991781309957,2.074059216869187
-5.499200090949649,-1.590125023307166,4.72482208150057,-2.4944952423171984,-1.7108707118862636,-5.16749416056128,2.1201047193280123,0.04274186834363359,1.567630365879246,1.1099597741339302,0.6832467711772304,-6.897309641102854,2.7583455860562913,0.4945670055395071,-1.1603011892633945,-3.1300583562415296,-0.5203501614673427,4.04969523803777,3.5715988056710506,3.9476779254061967,-1.4339569370363616,2.1136961155743093,-2.619389608552701,-0.6624134171709307,1.0975818171180536,-2.3538695929900526,1.9027521702231778,0.11252722872439973,0.8726423178371477,-1.9019160523890448,-2.8205107868176196,1.8393795929883332,-1.5603052971135187,4.856613652241425,0.9051840997395676,3.035787853241061,5.385599778065417,0.8192121817734157,5.555728112711572,0.02625345329700078,0.7312370934503578,-6.084915778443329,-2.9717610256642573,-0.9331794357358412
8.793931466496321,3.0027621183553332,-7.086282038105314,1.8505675357131977,3.501844435136384,5.838948107299047,-1.9590501706355397,0.6176503771664996,-3.051663062953705,-1.8390031324034901,-1.2520864435933974,9.900466956698558,-3.923988863036803,-1.3154461278241802,1.096435812093019,5.127144051693474,1.458418866083056,-5.223098758577186,-6.436682814197324,-6.500789014995008,3.0491831776623646,-2.619389608552701,4.341961600243875,0.8856659592187229,-1.7831693135560498,4.167355909280114,-1.5121665646381846,2.239113533565903,-1.0262398071366199,2.562628520899014,4.595209598117462,-2.8498079220732375,3.233372070612446,-8.170757754595197,-0.4906697555127507,-5.6287359615076396,-8.490537120444923,-2.019720333311753,-8.894030756767243,1.101438676980071,-1.5472358502090284,8.396024705850571,5.458273904561084,2.392730980849008
1.8379998923964802,0.5613948303308262,-1.554156688160593,0.6922259490394166,0.6182142015079738,1.570994231687292,-0.6196186339722628,0.03508222434970489,-0.5637767563925143,-0.3756627722380603,-0.24061023001624676,2.2344130799270636,-0.8934166098054466,-0.21259231556198777,0.339645859881022,1.057539430470035,0.2177837916928046,-1.2784921671032239,-1.2409742300981077,-1.3359759120213692,0.5287356506300355,-0.6624134171709307,0.8856659592187229,0.2189383190282905,-0.36885727596930823,0.8157484888751385,-0.5407745444476093,0.11724614849470205,-0.26267179833747345,0.6008540368565971,0.9487075125911805,-0.6118677403740707,0.573816761289685,-1.6525071128520075,-0.23787323161869003,-1.0713723235647796,-1.7979211450866721,-0.3212945099224065,-1.8597522050363853,0.06448206251449469,-0.27034012240191874,1.9489888107274247,1.0438957019582957,0.3722650942431299
-3.621851728377448,-1.2233278216969055,2.9331099982026836,-0.8214042642820921,-1.4228220171385528,-2.4709782411345906,0.8467610511809923,-0.23380527674456403,1.241609846956416,0.7553924033236186,0.5122323063111428,-4.109374922801685,1.629453002031871,0.5246876012231421,-0.4734541700050668,-2.109018320966378,-0.5832555768986484,2.1846494813520114,2.630829197557676,2.671788054203671,-1.233682248223002,1.0975818171180536,-1.7831693135560498,-0.36885727596930823,0.7340038415169331,-1.7055748089116602,0.6639342878729335,-0.8568865196631192,0.4326406870878217,-1.0692115928721095,-1.8901385952278669,1.176292551447192,-1.3112932392989747,3.3524234287253893,0.22825771770138711,2.296841709274082,3.5000600436963696,0.8113447303999873,3.6629773938253223,-0.42209564906071667,0.6259135445694826,-3.496396030267084,-2.2285379270550125,-0.9610171728540475
8.37950077062035,2.9493068484948575,-6.665693440366645,1.3542303233866606,3.482392679725222,5.102743790080134,-1.5969100540373848,0.7212337476320418,-3.0144389139122607,-1.7634145144931457,-1.2248499346577797,9.220169026812922,-3.6483567934453247,-1.36120836347788,0.900058240039734,4.912417348965374,1.5108340224385368,-4.742465679126693,-6.275706011420803,-6.232749653127826,3.049140345115874,-2.3538695929900526,4.167355909280114,0.8157484888751385,-1.7055748089116602,4.053052506943969,-1.152029886748394,2.5961296958221403,-0.9041192575766717,2.3473549704639187,4.396671873357985,-2.7021066641270517,3.225169095266663,-7.864905004243366,-0.28140699774695005,-5.515852003417772,-8.072983131730409,-2.0599664425877524,-8.479856874916951,1.2676475253663948,-1.5486932041585302,7.7482605594765355,5.3414395737063876,2.4521245669624974
-3.4345511650376004,-0.6293937742774989,3.322526283841495,-3.2352222035490508,-0.47624998926428874,-5.121047579920393,2.4435771253585976,0.5731081261046305,0.5487198714668252,0.6433159559887369,0.30483281632369025,-5.192481322007551,2.1019178912128966,-0.12108998649006687,-1.3222091297065977,-1.8581713719267337,0.16838528681503329,3.5019413186400685,1.6599724790550798,2.3140608236861695,-0.2974407261137752,1.9027521702231778,-1.5121665646381846,-0.5407745444476093,0.6639342878729335,-1.152029886748394,2.3797574833435338,1.9582167793400571,0.8353735412770502,-1.5677665384085624,-1.6943352383879113,1.2175124112043005,-0.3936789947638199,2.707668014958808,1.3166751492462911,1.284950890062439,3.4526112488172727,-0.04935161480968199,3.460953704023828,0.9124210172621293,0.1550040652346399,-4.850753271975937,-1.2980662033593762,0.12128610172245437
3.983999180037306,2.163716491173092,-2.3934632781362546,-2.8781277475436693,2.9045928715501708,-1.5547081098754758,1.5914906596193412,1.485257331510511,-2.336039413127942,-0.943142968320879,-0.8414409418940924,2.5264273756444107,-0.9379219187095227,-1.5409797726602914,-0.8249457482402508,2.539432070146816,1.75343018141754,-0.20818602358489663,-4.182529673151799,-3.279946473290792,2.701243579551047,0.11252722872439973,2.239113533565903,0.11724614849470205,-0.8568865196631192,2.5961296958221403,1.9582167793400571,5.205214739748115,0.1814401704133473,0.3197994135656688,2.2321563456626183,-1.1403265091204169,2.7535418014633324,-4.417960682037819,1.444798504504061,-3.9052116463014657,-3.649746595811445,-2.1538793002404897,-4.051247581375216,2.4840915525013085,-1.366973140322654,1.4828166007576309,3.710922396116924,2.645983507811505
-2.1766189257200153,-0.6020101665209522,1.8934212598112188,-1.1133700963126405,-0.6378497614963335,-2.182758213579464,0.9176816381644612,0.06284662641787686,0.5842634968626015,0.4353297159320425,0.2601481891963127,-2.7932965778107897,1.1162121395199458,0.1490095171735875,-0.5033351728879598,-1.2286385000544395,-0.16668986779287462,1.6668266979194253,1.3693982371833466,1.5466990815356472,-0.5228028801300094,0.8726423178371477,-1.0262398071366199,-0.26267179833747345,0.4326406870878217,-0.9041192575766717,0.8353735412770502,0.1814401704133473,0.37213810817230714,-0.7854356510150998,-1.1098296632145763,0.7290678298765826,-0.5699136777596419,1.8938456626338804,0.41682582888442743,1.149837348374068,2.131388857450101,0.2815001774928836,2.195250948090044,0.0753265465748241,0.26449370180828013,-2.4843794194055784,-1.1291583970630181,-0.31629136650639467
5.334170777268326,1.6192010827354992,-4.503776036310776,2.047966053468885,1.8018258159163727,4.581561004905419,-1.802413800919713,0.0684202478283987,-1.6109329195481423,-1.0889069248550092,-0.6929980757051598,6.4923569692588154,-2.586492210831422,-0.5476756208050506,0.9963313741770652,3.0543310087423206,0.6110349431935252,-3.6967750362994116,-3.584596806814355,-3.856349840894533,1.5181062342594058,-1.9019160523890448,2.562628520899014,0.6008540368565971,-1.0692115928721095,2.3473549704639187,-1.5677665384085624,0.3197994135656688,-0.7854356510150998,1.76838700492227,2.747829879393416,-1.7619110449116149,1.6377305620738722,-4.771129422428667,-0.7150968676030852,-3.072666553377259,-5.192381606633322,-0.9143022790019153,-5.386742678362033,0.17448509249662233,-0.76770431995066,5.6720078687486275,2.9970468844677165,1.0642353395849133
9.328113630269128,3.1562506929150875,-7.547851486386156,2.0917609675817292,3.6708121129989535,6.3377131956070665,-2.1646185516159586,0.6115324184373212,-3.204061244593336,-1.9468980116509478,-1.3202507428115735,10.570484299324546,-4.191626335401321,-1.3598976412438977,1.2100043276208756,5.43188276470148,1.5090724508713156,-5.614111213948082,-6.783722913742667,-6.883845348516493,3.186625265480143,-2.8205107868176196,4.595209598117462,0.9487075125911805,-1.8901385952278669,4.396671873357985,-1.6943352383879113,2.2321563456626183,-1.1098296632145763,2.747829879393416,4.869352792975955,-3.0284102051119275,3.3856758098060795,-8.640211549373563,-0.57772518811693,-5.924119592797049,-9.013032138369727,-2.0980049902879068,-9.434082927867562,1.0992720657454687,-1.6169055018423821,8.9889132634312,5.747178374405582,2.4847893004251866
-5.8167206517332435,-1.9203161227713543,4.756861917094542,-1.5268118198192981,-2.209070897709877,-4.205491076896517,1.5005323244671058,-0.3105251997083349,1.9423182311760983,1.2067190055586943,0.8072850416357724,-6.709968995242285,2.6655350586192856,0.7966441013993476,-0.8337157971664297,-3.3762432133736815,-0.8764485572097838,3.633456367676652,4.156531370364464,4.274048869980481,-1.9079096567119973,1.8393795929883332,-2.8498079220732375,-0.6118677403740707,1.176292551447192,-2.7021066641270517,1.2175124112043005,-1.1403265091204169,0.7290678298765826,-1.7619110449116149,-3.0284102051119275,1.8999500112654952,-2.03575799943103,5.346509215405042,0.4582579000108078,3.615544980023349,5.63568054410982,1.234218112965898,5.883291614656772,-0.566312295679491,0.9699443168441156,-5.74560306718202,-3.5128956461904166,-1.455675494178124
6.401581959321493,2.4008780182003138,-4.9440928755560485,0.3483202273641149,2.9012108206629703,3.1236959938358715,-0.7636319387999254,0.775466977204505,-2.480118302735816,-1.36886047519399,-0.9869164582817488,6.6833259647874605,-2.6332196065916063,-1.2183521638010686,0.4448294383525574,3.7925973620975393,1.3567947848943012,-3.226675102038316,-5.024860733227642,-4.824799646876959,2.5731643004306,-1.5603052971135187,3.233372070612446,0.573816761289685,-1.3112932392989747,3.225169095266663,-0.3936789947638199,2.7535418014633324,-0.5699136777596419,1.6377305620738722,3.3856758098060795,-2.03575799943103,2.7024496207774154,-6.141112969888597,0.09154248482906617,-4.465153825735166,-6.131128260086428,-1.8029314965183372,-6.481728286642238,1.3334440917958454,-1.3050991568561077,5.491335375151764,4.308211781010271,2.162554349760437
-16.521510372399405,-5.682029540410698,13.274043461816616,-3.287052126612334,-6.64476349517589,-10.756769680433269,3.5557818987533247,-1.2232461860180384,5.783098729556451,3.461183030960414,2.366945484302465,-18.501926791763687,7.330322202443947,2.5232380434426744,-1.9937259555070779,-9.644431942133203,-2.796659190426959,9.704763869516663,12.155501113210693,12.231670596262488,-5.795906681349545,4.856613652241425,-8.170757754595197,-1.6525071128520075,3.3524234287253893,-7.864905004243366,2.707668014958808,-4.417960682037819,1.8938456626338804,-4.771129422428667,-8.640211549373563,5.346509215405042,-6.141112969888597,15.38765048367464,0.8371574296056833,10.645519991362745,15.94252383091025,3.8581450225148255,16.71065525341355,-2.1696690044554177,2.9403771519399204,-15.656466620425237,-10.31801259283287,-4.57559683291365
-1.229664426462641,-0.08097597133072283,1.3347414160047828,-1.8203472198064516,0.060654847283183655,-2.5768687939986696,1.3127276474644562,0.4239355085053477,0.02397350212601238,0.21185167553983011,0.060688992291842776,-2.2064089994614426,0.899395716149273,-0.22354575739529958,-0.7098297922247959,-0.6238556489091454,0.2563951440424966,1.6307845356202744,0.3642593046320968,0.765769891316696,0.12967566905405606,0.9051840997395676,-0.4906697555127507,-0.23787323161869003,0.22825771770138711,-0.28140699774695005,1.3166751492462911,1.444798504504061,0.41682582888442743,-0.7150968676030852,-0.57772518811693,0.4582579000108078,0.09154248482906617,0.8371574296056833,0.7713224285214049,0.2142248337932456,1.2644189033063922,-0.23948038253726134,1.2320911875289717,0.6796613195135298,-0.06702493571671664,-2.149226012009875,-0.23835921557760797,0.32054504289187313
-11.26630602411016,-4.0447101617436285,8.883890310271669,-1.448582089394637,-4.8113516861692736,-6.440476010231637,1.8999199880538125,-1.0921618010172174,4.149408692913661,2.384140342266845,1.675042119002497,-12.201959768579,4.821895154208507,1.927498175157992,-1.0800767235455817,-6.625560011673053,-2.141699227037983,6.161173762601483,8.558073496667816,8.414730684429774,-4.231840632686636,3.035787853241061,-5.6287359615076396,-1.0713723235647796,2.296841709274082,-5.515852003417772,1.284950890062439,-3.9052116463014657,1.149837348374068,-3.072666553377259,-5.924119592797049,3.615544980023349,-4.465153825735166,10.645519991362745,0.2142248337932456,7.5521345277496845,10.83276008875262,2.894384748551377,11.401520103679582,-1.901251639962785,2.1463952583295933,-10.185497661190007,-7.302392498126875,-3.454781493847587
-17.30017618996245,-5.7601829840927925,14.096732345803758,-4.311019225305292,-6.652794799785575,-12.244645188779376,4.3058305316908285,-0.9963282709247476,5.833741933778714,3.597972485762104,2.4175903269913017,-19.834374453749405,7.8733385733559205,2.4193745650773977,-2.399148662671161,-10.05139793621382,-2.673480411154657,10.666884274361927,12.433245499522691,12.730353819740989,-5.7567786879905976,5.385599778065417,-8.490537120444923,-1.7979211450866721,3.5000600436963696,-8.072983131730409,3.4526112488172727,-3.649746595811445,2.131388857450101,-5.192381606633322,-9.013032138369727,5.63568054410982,-6.131128260086428,15.94252383091025,1.2644189033063922,10.83276008875262,16.74212223086138,3.74789312397789,17.495082098309023,-1.8071560991794726,2.9218500979248097,-16.94244899523678,-10.517225760402859,-4.427408725795155
-3.936816514389548,-1.5668563303012284,2.9456134997442978,0.19670258570064195,-1.9279230891666885,-1.4582059985527542,0.19390792644592023,-0.6121504036507414,1.630029918467465,0.8539316152333692,0.6347739241767153,-3.8922009680959917,1.5256449336470292,0.8556502801713455,-0.12584122400506054,-2.3549440571317315,-0.9551071771622952,1.7458766365556158,3.229736942952588,3.0038757780022265,-1.7313999912463147,0.8192121817734157,-2.019720333311753,-0.3212945099224065,0.8113447303999873,-2.0599664425877524,-0.04935161480968199,-2.1538793002404897,0.2815001774928836,-0.9143022790019153,-2.0980049902879068,1.234218112965898,-1.8029314965183372,3.8581450225148255,-0.23948038253726134,2.894384748551377,3.74789312397789,1.247925812417566,3.9871725987369735,-1.0402908059375706,0.8776015872502226,-3.1164848231570073,-2.7851488891672838,-1.5014228358587807
-18.09411991933444,-6.068095583351162,14.697758093636624,-4.3038664492183605,-7.033526600322933,-12.571377688791824,4.363818435332491,-1.105626590838085,6.152077609504639,3.769768954473825,2.543828365400099,-20.63500823035379,8.186418702544032,2.5740207476062094,-2.436481082166344,-10.522471996865198,-2.855169218770405,11.032215193000635,13.071804622424226,13.33076955685322,-6.092896683428312,5.555728112711572,-8.894030756767243,-1.8597522050363853,3.6629773938253223,-8.479856874916951,3.460953704023828,-4.051247581375216,2.195250948090044,-5.386742678362033,-9.434082927867562,5.883291614656772,-6.481728286642238,16.71065525341355,1.2320911875289717,11.401520103679582,17.495082098309023,3.9871725987369735,18.297435833640023,-2.000160199558055,3.0904284034083265,-17.59127342238574,-11.06462205034384,-4.717293841388106
1.967810358608098,1.053620894624727,-1.1959920944745326,-1.3464152023921057,1.4063710641507143,-0.6812936492809741,0.7363506105846997,0.7109462029381445,-1.1345464171839033,-0.46334977728764687,-0.4085001173826704,1.286954404218858,-0.4800930362385239,-0.7448021122140954,-0.3817718453571403,1.249574916553281,0.8441543626148998,-0.14758322898828402,-2.040599435947554,-1.6135162445278937,1.3095320715859355,0.02625345329700078,1.101438676980071,0.06448206251449469,-0.42209564906071667,1.2676475253663948,0.9124210172621293,2.4840915525013085,0.0753265465748241,0.17448509249662233,1.0992720657454687,-0.566312295679491,1.3334440917958454,-2.1696690044554177,0.6796613195135298,-1.901251639962785,-1.8071560991794726,-1.0402908059375706,-2.000160199558055,1.1872755247913513,-0.6630947245909066,0.7770782910846946,1.808017175622872,1.274431018523706
-3.051141057787554,-1.1571681782074374,2.3403510830504306,-0.11657804506495453,-1.3984165790333227,-1.435606486826261,0.3303584482628665,-0.3880291157048578,1.1947286038502625,0.6526697089879278,0.4715162751079752,-3.1580074984142663,1.243844150539201,0.5978319693337772,-0.19166545628457002,-1.81048306696611,-0.6611587889883221,1.5115368127001259,2.415775709032803,2.304386721070176,-1.246772976613095,0.7312370934503578,-1.5472358502090284,-0.27034012240191874,0.6259135445694826,-1.5486932041585302,0.1550040652346399,-1.366973140322654,0.26449370180828013,-0.76770431995066,-1.6169055018423821,0.9699443168441156,-1.3050991568561077,2.9403771519399204,-0.06702493571671664,2.1463952583295933,2.9218500979248097,0.8776015872502226,3.0904284034083265,-0.6630947245909066,0.6344511066401234,-2.58328954277453,-2.072179949016568,-1.0495051990621262
17.40892775160762,5.370768147654269,-14.620150045743374,6.288276708675644,6.012118369662849,14.516201698038776,-5.63072932315542,0.36068937969080717,-5.367028823810749,-3.564047302925126,-2.293231376369679,20.98672482148057,-8.360599208340009,-1.9178266611983965,3.1116052540927845,9.999491428539573,2.1149288919697535,-11.854886146860775,-11.841816348604818,-12.630388874908249,5.094258432383428,-6.084915778443329,8.396024705850571,1.9489888107274247,-3.496396030267084,7.7482605594765355,-4.850753271975937,1.4828166007576309,-2.4843794194055784,5.6720078687486275,8.9889132634312,-5.74560306718202,5.491335375151764,-15.656466620425237,-2.149226012009875,-10.185497661190007,-16.94244899523678,-3.1164848231570073,-17.59127342238574,0.7770782910846946,-2.58328954277453,18.271601076172626,9.927524823303916,3.6389155578839745
10.932788576727479,3.910641314648545,-8.633463174004513,1.4771214905754757,4.644309202158568,6.331119863738969,-1.89060696822417,1.0365764959944295,-4.0077540582689695,-2.310118447356769,-1.61911922980116,11.877335397495974,-4.694921757864998,-1.852298094977177,1.071712343249101,6.425660532781781,2.056854305543367,-6.020430292662715,-8.284359070789705,-8.158744548519243,4.081991781309957,-2.9717610256642573,5.458273904561084,1.0438957019582957,-2.2285379270550125,5.3414395737063876,-1.2980662033593762,3.710922396116924,-1.1291583970630181,2.9970468844677165,5.747178374405582,-3.5128956461904166,4.308211781010271,-10.31801259283287,-0.23835921557760797,-7.302392498126875,-10.517225760402859,-2.7851488891672838,-11.06462205034384,1.808017175622872,-2.072179949016568,9.927524823303916,7.0644912761598615,3.321262036392388
4.657299866523543,1.8691567166779057,-3.4725036543883516,-0.3166180169484901,2.3137714105299922,1.6266689809150618,-0.1742526248754112,0.7478025401497759,-1.9498433001467326,-1.0136178068731967,-0.7604410870057993,4.561705292816016,-1.7860149202604017,-1.0273109607761852,0.12196473172519991,2.7913110198326487,1.1544186406686539,-2.013785508836757,-3.8466504150877388,-3.5605838372292222,2.074059216869187,-0.9331794357358412,2.392730980849008,0.3722650942431299,-0.9610171728540475,2.4521245669624974,0.12128610172245437,2.645983507811505,-0.31629136650639467,1.0642353395849133,2.4847893004251866,-1.455675494178124,2.162554349760437,-4.57559683291365,0.32054504289187313,-3.454781493847587,-4.427408725795155,-1.5014228358587807,-4.717293841388106,1.274431018523706,-1.0495051990621262,3.6389155578839745,3.321262036392388,1.8137007539218097
