V1,V2,V3,V4,V5,V6,V7,V8,V9,V10,V11,V12,V13,V14,V15,V16,V17,V18,V19,V20,V21,V22,V23,V24,V25,V26,V27,V28,V29,V30,V31,V32,V33,V34,V35,V36,V37,V38,V39,V40,V41,V42,V43,V44
2.706773394820103,-1.8793071714640555,0.6447636881259423,1.6362660156554774,-1.388967968005117,0.8512966606902477,1.047010166601602,2.311068915237641,0.9143019704686124,0.5766736215880375,0.6673058233079752,0.17118269625291194,-0.22181295420491048,-0.9064174543674511,0.26026659515076467,-1.7024214884746753,-1.4767058575249081,-0.5864033784999468,-0.07567979376283572,-0.8707967227079435,0.7601626222523947,1.215338315779707,-1.5735484284522603,2.0822084916974304,1.8635428442351347,-0.6338987409447229,0.5405767142497904,1.2859202601207431,2.9024447459895346,1.3234290499277381,-1.0191102857572563,-1.7656055701897602,-1.1299341420187003,0.16659212513818608,-0.7304490588176884,-0.40613430265314,0.6193884453620905,-0.8061819034371338,0.10413982076556083,0.5755074505328562,-0.8508903220586664,-0.8153303849865189,1.9461060506090258,2.2863907172298696
-1.8793071714640555,1.427858765715887,-0.5259452956046926,-1.170295239401119,0.7952138169891532,-0.5832450121860023,-1.0627917584022968,-1.7559322306425114,-0.5355775309534054,-0.22079620199533548,-0.5039086173145378,9.931888025484924e-4,-0.15209925780439368,0.5610988691432542,-0.2307453842544264,1.5578499341270287,0.8938023690223732,0.5574656894004455,0.1747207823467208,0.9077063178661807,-0.6738906444453233,-1.0010666971619941,1.1761346681856064,-1.4923423099117759,-1.4436165308098863,0.33321369718364485,-0.17346528787282292,-0.6847505997307619,-2.078725199755216,-0.916928584622362,0.7687846367492126,1.2803742412862558,0.5981424891518711,0.040131638741929654,0.35270690961538387,0.37852225711276843,-0.6831764741499999,0.6582573635634958,-0.015071189129348218,-0.3026507242038556,0.4177738544736438,0.4448964009089579,-1.0821349096788744,-1.4023639185908696
0.6447636881259423,-0.5259452956046926,0.2943504844472833,0.3645285581262795,-0.04467258032988692,0.08437386579814891,0.8676116749797788,0.6858424802044456,-0.1803632216937861,0.06737299556032324,0.1359432876625014,-0.1951631737672156,0.3703911248663327,-0.049796416893429216,0.29275781645717186,-0.9887513353599993,-0.11840882740016435,-0.4066943437452432,-0.1127625545264256,-0.6512004221312342,0.33502431853638576,0.37806158586349625,-0.27070404351968513,0.37014478278267526,0.5535114161430355,-0.03163274263667121,-0.2508070720308691,-0.1665489750737401,0.5868603725820614,0.28189046569494886,-0.27305839192792253,-0.36782457290606574,0.16199871327384063,-0.1295557280929047,0.15180592913969287,-0.39952914833102254,0.49080903397274395,-0.30900920982296187,0.006675335345981636,-0.06739557430350719,0.08933201827862579,-0.18815704204017245,-0.12473023041950922,0.10983097648089636
1.6362660156554774,-1.170295239401119,0.3645285581262795,1.0421103545490156,-0.9000052889561774,0.5709631092441873,0.5003459706908638,1.4347665916463541,0.7691098386901686,0.23515513184236222,0.47755538152977856,0.17494161676142084,-0.19409664807903373,-0.6238274939304723,0.07221355559895462,-0.9112207478772643,-0.9865827257750431,-0.27522423354736797,-0.06665339458905115,-0.4452233076576367,0.48121620256721387,0.7932051671242151,-1.1018621866833553,1.367790221150805,1.1622543761256716,-0.35052989317154065,0.4577129945353948,0.9645345250387145,1.888044984473893,0.8205564639205413,-0.6720972131216171,-1.1632328418404165,-0.850113282423496,0.11615945818526956,-0.5671969054311206,-0.10629284025045199,0.32889497379292165,-0.4731276745816226,0.00891528744500769,0.4118794925198568,-0.5774474560591875,-0.42226558659993324,1.3662400129218244,1.544425227149182
-1.388967968005117,0.7952138169891532,-0.04467258032988692,-0.9000052889561774,1.3666015980091792,-0.7004620692631096,0.8829037376633414,-0.9179063451015288,-1.3514805401830141,-0.4544190385398979,-0.3769226198306647,-0.6481609535127151,1.0783702401181652,0.851245305771667,0.39654606400762965,-0.42172579956392187,1.2733343184581694,-0.27069462483631623,-0.17714327220977027,-0.5464267546450206,-0.05512294041914168,-0.4234513899594558,1.0460982135753518,-1.3752785474256737,-0.7247008419087149,0.5938834463906038,-1.1572846140806867,-1.7607467248632143,-1.7413225997449229,-0.779420822361875,0.4771257340643046,1.0267097205018874,1.5489295001973835,-0.45671369133440637,1.1230065189894232,-0.471004131333306,0.4708460678909087,0.13652335947012406,-0.1108679335336981,-0.7249306154575587,1.1120363108787648,0.43450683094067993,-2.3317118726604917,-2.173058690873786
0.8512966606902477,-0.5832450121860023,0.08437386579814891,0.5709631092441873,-0.7004620692631096,0.4659973765022153,-0.39270626158900507,0.6745352397352286,0.7694419532513154,0.14624063704889673,0.21453893120114725,0.3252455290629312,-0.44507167015175014,-0.4735690168684308,-0.29402416158949113,0.016400106157603705,-0.6719333394965072,0.05242715359404218,-0.004828605012759237,0.12543997091248243,0.13995011948218372,0.3927283972343242,-0.7183087625153757,0.9309977140210742,0.5892234309622075,-0.3068557647670723,0.54344237492764,0.9471382901406543,1.1202216130272677,0.4909958513282063,-0.31144983654978586,-0.6729712653275656,-0.8379710673720774,0.1440765594639774,-0.5559914258832458,0.22444729681797862,-0.1126813302968523,-0.1569994384799006,0.043235448180135305,0.3955030544936652,-0.5420174158468385,-0.118508571467744,1.2520826135969627,1.2098849951480253
1.047010166601602,-1.0627917584022968,0.8676116749797788,0.5003459706908638,0.8829037376633414,-0.39270626158900507,3.91768137769731,1.4454496358067208,-1.684441317686682,-0.0964925833182174,0.3128969652769143,-1.2705805014023661,2.0808334686024352,0.5390820333596702,1.5835922524085286,-3.6401617797006947,0.547900460315548,-1.4804430403089675,-0.43277513004769064,-2.585949755536422,1.011281452958055,0.8330624328786854,0.03137883333268534,-0.10369645995496461,1.0981536309720987,0.406143179058603,-1.7343202195263172,-2.081142396618962,0.4669907358509371,0.22721104446802418,-0.5378588351753625,-0.34772130137377427,1.8472752607578824,-0.6776765746420663,1.3586507318017216,-1.7143357501394216,2.0359275479799432,-0.9170270504113868,-0.1368588308891987,-0.7928017511018142,1.156297859432963,-0.5007919315927697,-2.323741186362269,-1.4313666678747088
2.311068915237641,-1.7559322306425114,0.6858424802044456,1.4347665916463541,-0.9179063451015288,0.6745352397352286,1.4454496358067208,2.198688278678259,0.5881138744565142,0.24762350411937012,0.6269632899514685,-0.04126628722467052,0.25805700757859323,-0.665570135479682,0.35756059779755595,-2.020633043439806,-1.0816426947398703,-0.7288371937585929,-0.221034118239563,-1.1883386722012268,0.8605465970963573,1.2398156771667121,-1.4287789206660075,1.7940603303753757,1.787881592330516,-0.3626422165622201,0.1568903995778974,0.7671131904928195,2.53790833526477,1.1205024595358097,-0.9671733338862287,-1.5737658112303095,-0.6550639638758464,-0.0637388318147457,-0.3799467685978746,-0.527964182819354,0.8951458464819242,-0.8214726964451352,0.0011043062737231017,0.3271263486665393,-0.4513852002998002,-0.5653801081675288,1.204026380608079,1.6415243730717628
0.9143019704686124,-0.5355775309534054,-0.1803632216937861,0.7691098386901686,-1.3514805401830141,0.7694419532513154,-1.684441317686682,0.5881138744565142,2.0128338483163466,-0.01460083697199028,0.4697095323351243,0.8936904127660403,-1.3438863804878376,-0.9582312725081497,-0.8071480280087806,1.2873639102789773,-1.3996084493893681,0.711457231937097,0.1313019924512659,1.096519026133746,-0.051743720460009926,0.37930625120657385,-1.2829006241451966,1.3984728724170572,0.4879667866343902,-0.3982344557237903,1.5489178550542613,2.246888364033978,1.6714376180612427,0.6107594509233165,-0.45430370288501826,-1.0425970817862014,-2.0085147133555674,0.5164733729445748,-1.4404669516920303,1.059753499128073,-0.8278986099415326,0.07999120192728895,-0.09309088262564183,0.9073855313738491,-1.198487790158838,-0.03255497894304889,2.7110961951319226,2.371416545106823
0.5766736215880375,-0.22079620199533548,0.06737299556032324,0.23515513184236222,-0.4544190385398979,0.14624063704889673,-0.0964925833182174,0.24762350411937012,-0.01460083697199028,0.5657995645979961,-0.043561166558433694,0.11569846025800289,-0.36319965814544786,-0.19264038690968316,0.05642445563210956,-0.05314863874276589,-0.30666388996737537,-0.06585087577303125,0.1668770130446497,0.08310292917360845,-0.057678742052871566,-0.023762376218844496,-0.011258103994151373,0.2813999768315711,0.18306275671873573,-0.3725297336165134,0.19257064705796942,0.29197885746492547,0.368318120710128,0.282748825141853,-0.04433195383900023,-0.16487342123925533,-0.2622303869742466,0.19068468390924584,-0.1905805079179698,-0.16008877177589942,-0.13203473397163418,-0.07278099162263958,0.21769894289202393,0.15406879975133583,-0.3518607741701864,-0.41171115699096067,0.546638463673852,0.5363117944080671
0.6673058233079752,-0.5039086173145378,0.1359432876625014,0.47755538152977856,-0.3769226198306647,0.21453893120114725,0.3128969652769143,0.6269632899514685,0.4697095323351243,-0.043561166558433694,0.33814664632873426,0.06541215286769149,-0.055186033642575606,-0.3042881898229289,0.09809554698460222,-0.3620215118718109,-0.5032449080073537,-0.045860545207495364,-0.039496536971161,-0.1673926021895657,0.2473811976066876,0.37474286023961334,-0.5697519953153369,0.5631662606647305,0.48133872656598453,-0.04775180616272638,0.2701343324770505,0.4675269026910893,0.8708146114906636,0.3164335004563165,-0.36378533020763243,-0.566392297563863,-0.4284981775683219,0.07687510952521368,-0.3241861371531932,0.03870624015489469,0.16174127883970504,-0.19992634241131163,-0.09850061511301596,0.19904139941115387,-0.24014364696400112,-0.170276049766956,0.6076436835331764,0.6917945482957516
0.17118269625291194,9.931888025484924e-4,-0.1951631737672156,0.17494161676142084,-0.6481609535127151,0.3252455290629312,-1.2705805014023661,-0.04126628722467052,0.8936904127660403,0.11569846025800289,0.06541215286769149,0.5445876018729653,-0.850548298706311,-0.4231701582661909,-0.5382177369939256,1.0447391680781606,-0.5539409980134355,0.46233462687468524,0.15447438488178472,0.818236579749278,-0.20735868246283873,-0.04636847858895362,-0.39161232427894477,0.4934944656227402,-0.022606266822945323,-0.2597469643404416,0.8279674698578726,1.123519660205104,0.4796690609581461,0.19733694795885187,-0.04441064332342539,-0.27578419932554316,-0.9818593173930446,0.30664645465491003,-0.7226199144308131,0.6064796948477226,-0.6540178166684584,0.18501820809788996,0.05100878026272236,0.42706370062645704,-0.642026118716127,0.02106035422671579,1.3443010629478656,1.0727590280835397
-0.22181295420491048,-0.15209925780439368,0.3703911248663327,-0.19409664807903373,1.0783702401181652,-0.44507167015175014,2.0808334686024352,0.25805700757859323,-1.3438863804878376,-0.36319965814544786,-0.055186033642575606,-0.850548298706311,1.5240137691143252,0.6476594379660376,0.7549855821580723,-1.8766303466535952,0.9195009674472951,-0.822960915107893,-0.35183073580895463,-1.476641337827705,0.4650252070235847,0.2637594137124219,0.41059118559069213,-0.5813584034379703,0.22984271057737157,0.47325377916021477,-1.3576167205727017,-1.747520133352345,-0.5474660257414309,-0.2543981400635196,-0.009225590054389297,0.28779192236245005,1.5510659148514705,-0.607893573288219,1.1582148025532093,-0.9421983471433256,1.1897316864962626,-0.3783775295689386,-0.11823152066008678,-0.7051400069880994,1.0702659192572563,0.1440235150919221,-2.1217360060199417,-1.6564466680900984
-0.9064174543674511,0.5610988691432542,-0.049796416893429216,-0.6238274939304723,0.851245305771667,-0.4735690168684308,0.5390820333596702,-0.665570135479682,-0.9582312725081497,-0.19264038690968316,-0.3042881898229289,-0.4231701582661909,0.6476594379660376,0.6024431951107687,0.27866205721128934,-0.25037374751152935,0.8716432901823243,-0.18488293510945142,-0.070462674559048,-0.33769962304882156,-0.11257774006352539,-0.3427331359634211,0.7875098873678303,-0.9646207025201133,-0.549121944740929,0.32431546299984665,-0.7752606195584986,-1.196130316076186,-1.2299743407873804,-0.5236189865747524,0.37652500970307334,0.7523335685074184,1.0726985095526367,-0.27846230294814894,0.7679684557922509,-0.33634624343796965,0.26152259174602177,0.10742934686391135,-0.019169656061437026,-0.49205902616888597,0.6909657251558188,0.22137004729150828,-1.5227738933994728,-1.4515121403763762
0.26026659515076467,-0.2307453842544264,0.29275781645717186,0.07221355559895462,0.39654606400762965,-0.29402416158949113,1.5835922524085286,0.35756059779755595,-0.8071480280087806,0.05642445563210956,0.09809554698460222,-0.5382177369939256,0.7549855821580723,0.27866205721128934,0.7847542085388861,-1.2874602314558676,0.25224196699250867,-0.5144178656040211,-0.06824700329955581,-0.9057363342900018,0.29353271783982104,0.1384721314043093,0.23662390595140215,-0.32138405358432237,0.19989189081548256,0.1821522810323004,-0.6878662800567068,-0.9417318723118986,-0.08756991598974921,-0.019225568874603454,-0.14490277200202673,0.031192141675587922,0.8303317921442113,-0.1850479991986117,0.5654125217464842,-0.7100504780942406,0.702557817907208,-0.27965588309727824,-0.05249004645316681,-0.3584694950404152,0.4751593848076801,-0.3293185609670935,-1.0748705538226613,-0.7438610227893712
-1.7024214884746753,1.5578499341270287,-0.9887513353599993,-0.9112207478772643,-0.42172579956392187,0.016400106157603705,-3.6401617797006947,-2.020633043439806,1.2873639102789773,-0.05314863874276589,-0.3620215118718109,1.0447391680781606,-1.8766303466535952,-0.25037374751152935,-1.2874602314558676,3.844354460445748,-0.2091223484846263,1.5926879590577172,0.48352242051134897,2.6646342553635107,-1.1421772524425524,-1.18181850793132,0.477651048258998,-0.6610748255031312,-1.6286972302599922,-0.12569944646238448,1.4814764579071351,1.501390859905798,-1.29803573391138,-0.6290330432034724,0.7226810859351592,0.8263067083874001,-1.369686977140743,0.6848498033930931,-1.0824157707828133,1.655538071728793,-2.052180821413832,1.0896711446675345,0.02458785513845988,0.5812858086814862,-0.8095275429036036,0.5048220801658442,1.5076514737480298,0.6230624391026188
-1.4767058575249081,0.8938023690223732,-0.11840882740016435,-0.9865827257750431,1.2733343184581694,-0.6719333394965072,0.547900460315548,-1.0816426947398703,-1.3996084493893681,-0.30666388996737537,-0.5032449080073537,-0.5539409980134355,0.9195009674472951,0.8716432901823243,0.25224196699250867,-0.2091223484846263,1.3762470259280466,-0.23736634469436088,-0.12285084469200067,-0.3981126128504602,-0.19608588383896502,-0.5428370072181058,1.1810571716456388,-1.4133909374478717,-0.8469259671546516,0.46279098192009865,-1.100545518425429,-1.7103732187008183,-1.8944281252607806,-0.7927443767257979,0.610052986958877,1.1718334988229477,1.542321320254787,-0.4373622178173887,1.0933843295000807,-0.41010238455160336,0.3177662965012632,0.2064878994117058,0.0078697424659631,-0.7268973550866668,0.9974392774217072,0.4398156308487583,-2.194804691814659,-2.130344853733352
-0.5864033784999468,0.5574656894004455,-0.4066943437452432,-0.27522423354736797,-0.27069462483631623,0.05242715359404218,-1.4804430403089675,-0.7288371937585929,0.711457231937097,-0.06585087577303125,-0.045860545207495364,0.46233462687468524,-0.822960915107893,-0.18488293510945142,-0.5144178656040211,1.5926879590577172,-0.23736634469436088,0.7080606702133335,0.20101515549821025,1.1233923874805978,-0.43622128230731727,-0.41468223266586685,0.047164454725442215,-0.15888238615478611,-0.6015779276773823,-0.04346192666240501,0.7165416245747642,0.7697683437256042,-0.34122164458264365,-0.20823756889887973,0.21544298284194868,0.2060502610317443,-0.7115763217559443,0.32558549440860424,-0.5589720788390522,0.746670434663847,-0.8466256960846802,0.4222495544998568,-0.04271427406236323,0.3116353457084935,-0.40525935135298574,0.18054474115241048,0.8044429823510832,0.4378966177175366
-0.07567979376283572,0.1747207823467208,-0.1127625545264256,-0.06665339458905115,-0.17714327220977027,-0.004828605012759237,-0.43277513004769064,-0.221034118239563,0.1313019924512659,0.1668770130446497,-0.039496536971161,0.15447438488178472,-0.35183073580895463,-0.070462674559048,-0.06824700329955581,0.48352242051134897,-0.12285084469200067,0.20101515549821025,0.14856926601432516,0.3745436177844147,-0.18045545692179155,-0.19665896588209034,0.09868691583592538,-0.08326853167834891,-0.2166120313917297,-0.10071126266185068,0.25155864490636626,0.24988086402226398,-0.10767435953822974,-0.026956152204961913,0.07829365133150032,0.08069927216451074,-0.21930394458147576,0.1690308276347454,-0.1916111771822527,0.15272573869596223,-0.3149866477814722,0.13366644320550525,0.052337772335193364,0.09930296172729185,-0.2014304888433074,-0.10527464306703961,0.3085641970046805,0.18977949055759316
-0.8707967227079435,0.9077063178661807,-0.6512004221312342,-0.4452233076576367,-0.5464267546450206,0.12543997091248243,-2.585949755536422,-1.1883386722012268,1.096519026133746,0.08310292917360845,-0.1673926021895657,0.818236579749278,-1.476641337827705,-0.33769962304882156,-0.9057363342900018,2.6646342553635107,-0.3981126128504602,1.1233923874805978,0.3745436177844147,1.9088914956643503,-0.7584174059251795,-0.7364762166451995,0.14639297601447834,-0.20871840080047674,-0.9678694966450683,-0.20115130517044286,1.2199656970216457,1.3317657336192992,-0.5532096683324944,-0.27460137887489144,0.39159643924935983,0.36538017913771725,-1.2121584770484342,0.5679263189492327,-0.9467509767620113,1.1792038979758062,-1.4752556673040005,0.7086931336154336,0.0415889901143623,0.5276091055432488,-0.7575166497494069,0.2172646183772391,1.4404921724229722,0.8279965380156985
0.7601626222523947,-0.6738906444453233,0.33502431853638576,0.48121620256721387,-0.05512294041914168,0.13995011948218372,1.011281452958055,0.8605465970963573,-0.051743720460009926,-0.057678742052871566,0.2473811976066876,-0.20735868246283873,0.4650252070235847,-0.11257774006352539,0.29353271783982104,-1.1421772524425524,-0.19608588383896502,-0.43622128230731727,-0.18045545692179155,-0.7584174059251795,0.46708958543124435,0.5272697566071531,-0.46391380326869336,0.5260922407946823,0.7189173086878183,0.02226951649054364,-0.23352047139943075,-0.10148868722443155,0.8178163371716545,0.34052597135592944,-0.3843960827246466,-0.5343384398315102,0.08323006078054238,-0.16549522011212303,0.09994977689041797,-0.3787318818192628,0.6052132616186986,-0.38281445447359636,-0.05287141511669526,-0.03610040199756778,0.10019284510881919,-0.13720010495038154,-0.05783077487378422,0.21662632696291773
1.215338315779707,-1.0010666971619941,0.37806158586349625,0.7932051671242151,-0.4234513899594558,0.3927283972343242,0.8330624328786854,1.2398156771667121,0.37930625120657385,-0.023762376218844496,0.37474286023961334,-0.04636847858895362,0.2637594137124219,-0.3427331359634211,0.1384721314043093,-1.18181850793132,-0.5428370072181058,-0.41468223266586685,-0.19665896588209034,-0.7364762166451995,0.5272697566071531,0.7710911549705752,-0.8771704839573866,1.0330535994034504,1.0353322280099224,-0.12810533142458014,0.031955645281323206,0.38798897558140394,1.4301504629381203,0.5934987124892211,-0.5481391055325697,-0.9027749371860047,-0.33421468750276584,-0.11173069491621733,-0.17066329440021627,-0.24885963916427525,0.5789487846497976,-0.48135278553433514,-0.054616708435094516,0.1669150674206202,-0.17476172205722634,-0.1719064316165602,0.6000248202992081,0.8467097007703945
-1.5735484284522603,1.1761346681856064,-0.27070404351968513,-1.1018621866833553,1.0460982135753518,-0.7183087625153757,0.03137883333268534,-1.4287789206660075,-1.2829006241451966,-0.011258103994151373,-0.5697519953153369,-0.39161232427894477,0.41059118559069213,0.7875098873678303,0.23662390595140215,0.477651048258998,1.1810571716456388,0.047164454725442215,0.09868691583592538,0.14639297601447834,-0.46391380326869336,-0.8771704839573866,1.4111138563481096,-1.6165865715781575,-1.1871721817586645,0.3199409266227781,-0.7804932799475767,-1.4372785457220532,-2.1267083459208718,-0.848804657103457,0.7294380394368833,1.338791685473915,1.2762945676926294,-0.15949768528333758,0.8589701130503062,-0.25599542001024944,-0.13005086741748906,0.40828188961461753,0.08231792746341503,-0.5854147524273551,0.7465888526207338,0.20334286401240456,-1.8558283294313906,-1.92638551107972
2.0822084916974304,-1.4923423099117759,0.37014478278267526,1.367790221150805,-1.3752785474256737,0.9309977140210742,-0.10369645995496461,1.7940603303753757,1.3984728724170572,0.2813999768315711,0.5631662606647305,0.4934944656227402,-0.5813584034379703,-0.9646207025201133,-0.32138405358432237,-0.6610748255031312,-1.4133909374478717,-0.15888238615478611,-0.08326853167834891,-0.20871840080047674,0.5260922407946823,1.0330535994034504,-1.6165865715781575,2.0479720297857575,1.5145996129458996,-0.5699065712921885,0.9044873261710776,1.7324064656703393,2.610213012785917,1.1318920195976963,-0.8329167894041182,-1.595344762388588,-1.5282548340930755,0.20093377873464963,-1.0007782726651473,0.17705226826844556,0.134037411645095,-0.5252251632742561,0.04819288596032557,0.7145692825594318,-0.98419536920278206,-0.36079406437291733,2.3313314052544163,2.4203058365908223
1.8635428442351347,-1.4436165308098863,0.5535114161430355,1.1622543761256716,-0.7247008419087149,0.5892234309622075,1.0981536309720987,1.787881592330516,0.4879667866343902,0.18306275671873573,0.48133872656598453,-0.022606266822945323,0.22984271057737157,-0.549121944740929,0.19989189081548256,-1.6286972302599922,-0.8469259671546516,-0.6015779276773823,-0.2166120313917297,-0.9678694966450683,0.7189173086878183,1.0353322280099224,-1.1871721817586645,1.5145996129458996,1.4993625640064339,-0.3082534689963075,0.1077505053812455,0.6294100234869096,2.07708788497134,0.9215755814560507,-0.7693035862085958,-1.287004645222553,-0.5537595965003383,-0.08548103181564276,-0.29890107647759523,-0.41655509611033126,0.7401106381214507,-0.6784859824310374,0.01648972056342747,0.28107168355671747,-0.35192878104695596,-0.385494365793186,0.991373936901012,1.3434897101826984
-0.6338987409447229,0.33321369718364485,-0.03163274263667121,-0.35052989317154065,0.5938834463906038,-0.3068557647670723,0.406143179058603,-0.3626422165622201,-0.3982344557237903,-0.3725297336165134,-0.04775180616272638,-0.2597469643404416,0.47325377916021477,0.32431546299984665,0.1821522810323004,-0.12569944646238448,0.46279098192009865,-0.04346192666240501,-0.10071126266185068,-0.20115130517044286,0.02226951649054364,-0.12810533142458014,0.3199409266227781,-0.5699065712921885,-0.3082534689963075,0.36477885912015773,-0.4076287863639255,-0.653013489574679,-0.6641892773728174,-0.35615798732587556,0.1260764671654979,0.35923290756928483,0.5761386186862952,-0.18080728231307525,0.3959450588343503,-0.08982553295280592,0.2039516172272739,0.07285310794950088,-0.1478381181397434,-0.28570072880519676,0.48073261332877054,0.2386919145601792,-0.946606765329827,-0.8759496044565938
0.5405767142497904,-0.17346528787282292,-0.2508070720308691,0.4577129945353948,-1.1572846140806867,0.54344237492764,-1.7343202195263172,0.1568903995778974,1.5489178550542613,0.19257064705796942,0.2701343324770505,0.8279674698578726,-1.3576167205727017,-0.7752606195584986,-0.6878662800567068,1.4814764579071351,-1.100545518425429,0.7165416245747642,0.25155864490636626,1.2199656970216457,-0.23352047139943075,0.031955645281323206,-0.7804932799475767,0.9044873261710776,0.1077505053812455,-0.4076287863639255,1.4010461237071314,1.8915417610878562,1.0442914475735925,0.41115018991401975,-0.2325850807218022,-0.6258624912399096,-1.6767052935696496,0.5496727189263347,-1.2561570042414223,0.9304035460739718,-0.9567105511288777,0.22184610804314456,0.017329268061669838,0.744348811616915,-1.08668087943118,-0.13015637804452887,2.2781380127565076,1.9063814532535186
1.2859202601207431,-0.6847505997307619,-0.1665489750737401,0.9645345250387145,-1.7607467248632143,0.9471382901406543,-2.081142396618962,0.7671131904928195,2.246888364033978,0.29197885746492547,0.4675269026910893,1.123519660205104,-1.747520133352345,-1.196130316076186,-0.9417318723118986,1.501390859905798,-1.7103732187008183,0.7697683437256042,0.24988086402226398,1.3317657336192992,-0.10148868722443155,0.38798897558140394,-1.4372785457220532,1.7324064656703393,0.6294100234869096,-0.653013489574679,1.8915417610878562,2.7533030490264503,2.0489280254270965,0.8436584719010999,-0.5252261299830355,-1.2401477218941273,-2.4291684023791977,0.6749889795126971,-1.7493017587064859,1.1362213006206736,-1.0625091484807319,0.08819526337290555,0.03669069309283785,1.0918326045034794,-1.554342738875179,-0.22324676119332132,3.3794362735572414,2.973553974461849
2.9024447459895346,-2.078725199755216,0.5868603725820614,1.888044984473893,-1.7413225997449229,1.1202216130272677,0.4669907358509371,2.53790833526477,1.6714376180612427,0.368318120710128,0.8708146114906636,0.4796690609581461,-0.5474660257414309,-1.2299743407873804,-0.08756991598974921,-1.29803573391138,-1.8944281252607806,-0.34122164458264365,-0.10767435953822974,-0.5532096683324944,0.8178163371716545,1.4301504629381203,-2.1267083459208718,2.610213012785917,2.07708788497134,-0.6641892773728174,1.0442914475735925,2.0489280254270965,3.520203272674526,1.4989750922979836,-1.212878740183383,-2.178103631979322,-1.8208541357779313,0.256467780550311,-1.214026740580843,0.024450205088299277,0.40576502802968617,-0.7981584682389746,0.001920041940569597,0.8580638934015381,-1.182272834177762,-0.6480400345210916,2.804004258592321,3.040853236497863
1.3234290499277381,-0.916928584622362,0.28189046569494886,0.8205564639205413,-0.779420822361875,0.4909958513282063,0.22721104446802418,1.1205024595358097,0.6107594509233165,0.282748825141853,0.3164335004563165,0.19733694795885187,-0.2543981400635196,-0.5236189865747524,-0.019225568874603454,-0.6290330432034724,-0.7927443767257979,-0.20823756889887973,-0.026956152204961913,-0.27460137887489144,0.34052597135592944,0.5934987124892211,-0.848804657103457,1.1318920195976963,0.9215755814560507,-0.35615798732587556,0.41115018991401975,0.8436584719010999,1.4989750922979836,0.690381753525687,-0.5005964698618611,-0.904473142300898,-0.7331266665300579,0.11412911344735902,-0.48685187449205997,-0.07408400955291139,0.18262755832067068,-0.35378220363237506,0.06730278248927403,0.35237417695797607,-0.5260669225609073,-0.3507497030611383,1.1945450134737277,1.3085509776479083
-1.0191102857572563,0.7687846367492126,-0.27305839192792253,-0.6720972131216171,0.4771257340643046,-0.31144983654978586,-0.5378588351753625,-0.9671733338862287,-0.45430370288501826,-0.04433195383900023,-0.36378533020763243,-0.04441064332342539,-0.009225590054389297,0.37652500970307334,-0.14490277200202673,0.7226810859351592,0.610052986958877,0.21544298284194868,0.07829365133150032,0.39159643924935983,-0.3843960827246466,-0.5481391055325697,0.7294380394368833,-0.8329167894041182,-0.7693035862085958,0.1260764671654979,-0.2325850807218022,-0.5252261299830355,-1.212878740183383,-0.5005964698618611,0.49462652163880844,0.7678916857231035,0.46662705873176336,-0.03532725622714697,0.3175290075680621,0.10666634128033163,-0.3085672173894482,0.32715448049666096,0.057864706306679205,-0.21354203514947906,0.2785171559351999,0.25786714453569237,-0.7094127087545445,-0.876593563276594
-1.7656055701897602,1.2803742412862558,-0.36782457290606574,-1.1632328418404165,1.0267097205018874,-0.6729712653275656,-0.34772130137377427,-1.5737658112303095,-1.0425970817862014,-0.16487342123925533,-0.566392297563863,-0.27578419932554316,0.28779192236245005,0.7523335685074184,0.031192141675587922,0.8263067083874001,1.1718334988229477,0.2060502610317443,0.08069927216451074,0.36538017913771725,-0.5343384398315102,-0.9027749371860047,1.338791685473915,-1.595344762388588,-1.287004645222553,0.35923290756928483,-0.6258624912399096,-1.2401477218941273,-2.178103631979322,-0.904473142300898,0.7678916857231035,1.3665044426826576,1.1132648775174447,-0.14678724016058836,0.7357187464718153,-0.015858369739532172,-0.28163782455858616,0.5007767310326152,0.03499553639399315,-0.5225227442091843,0.6864548833840551,0.3718483893229423,-1.6737282165927347,-1.8358915648738074
-1.1299341420187003,0.5981424891518711,0.16199871327384063,-0.850113282423496,1.5489295001973835,-0.8379710673720774,1.8472752607578824,-0.6550639638758464,-2.0085147133555674,-0.2622303869742466,-0.4284981775683219,-0.9818593173930446,1.5510659148514705,1.0726985095526367,0.8303317921442113,-1.369686977140743,1.542321320254787,-0.7115763217559443,-0.21930394458147576,-1.2121584770484342,0.08323006078054238,-0.33421468750276584,1.2762945676926294,-1.5282548340930755,-0.5537595965003383,0.5761386186862952,-1.6767052935696496,-2.4291684023791977,-1.8208541357779313,-0.7331266665300579,0.46662705873176336,1.1132648775174447,2.190789161096049,-0.6126407512062054,1.5609759717736178,-1.0100817121222676,0.9471976934880917,-0.07143159676399109,-0.018330088333138404,-0.9955448501723138,1.3695237622498333,0.19709634059938896,-2.9908052337397937,-2.6368011885889615
0.16659212513818608,0.040131638741929654,-0.1295557280929047,0.11615945818526956,-0.45671369133440637,0.1440765594639774,-0.6776765746420663,-0.0637388318147457,0.5164733729445748,0.19068468390924584,0.07687510952521368,0.30664645465491003,-0.607893573288219,-0.27846230294814894,-0.1850479991986117,0.6848498033930931,-0.4373622178173887,0.32558549440860424,0.1690308276347454,0.5679263189492327,-0.16549522011212303,-0.11173069491621733,-0.15949768528333758,0.20093377873464963,-0.08548103181564276,-0.18080728231307525,0.5496727189263347,0.6749889795126971,0.256467780550311,0.11412911344735902,-0.03532725622714697,-0.14678724016058836,-0.6126407512062054,0.29579426548610377,-0.4811759204240528,0.3263758869131454,-0.44441532871776446,0.13078741578009911,0.03339757244249375,0.28712829295601483,-0.4356506649040683,-0.16065591043549238,0.8338834703811856,0.6775963516349515
-0.7304490588176884,0.35270690961538387,0.15180592913969287,-0.5671969054311206,1.1230065189894232,-0.5559914258832458,1.3586507318017216,-0.3799467685978746,-1.4404669516920303,-0.1905805079179698,-0.3241861371531932,-0.7226199144308131,1.1582148025532093,0.7679684557922509,0.5654125217464842,-1.0824157707828133,1.0933843295000807,-0.5589720788390522,-0.1916111771822527,-0.9467509767620113,0.09994977689041797,-0.17066329440021627,0.8589701130503062,-1.0007782726651473,-0.29890107647759523,0.3959450588343503,-1.2561570042414223,-1.7493017587064859,-1.214026740580843,-0.48685187449205997,0.3175290075680621,0.7357187464718153,1.5609759717736178,-0.4811759204240528,1.1662816972701295,-0.7695522784231977,0.7320517775713405,-0.09663533149907468,-0.009648719559790814,-0.6988020999488019,1.0102634444014673,0.17224056968062285,-2.1494782032471296,-1.8704271921176996
-0.40613430265314,0.37852225711276843,-0.39952914833102254,-0.10629284025045199,-0.471004131333306,0.22444729681797862,-1.7143357501394216,-0.527964182819354,1.059753499128073,-0.16008877177589942,0.03870624015489469,0.6064796948477226,-0.9421983471433256,-0.33634624343796965,-0.7100504780942406,1.655538071728793,-0.41010238455160336,0.746670434663847,0.15272573869596223,1.1792038979758062,-0.3787318818192628,-0.24885963916427525,-0.25599542001024944,0.17705226826844556,-0.41655509611033126,-0.08982553295280592,0.9304035460739718,1.1362213006206736,0.024450205088299277,-0.07408400955291139,0.10666634128033163,-0.015858369739532172,-1.0100817121222676,0.3263758869131454,-0.7695522784231977,0.9282654457949681,-0.8903356623441706,0.39455675379710153,-0.06275339296292416,0.4292788242437133,-0.576283791106735,0.26921819729307767,1.2426626795712186,0.837359660131684
0.6193884453620905,-0.6831764741499999,0.49080903397274395,0.32889497379292165,0.4708460678909087,-0.1126813302968523,2.0359275479799432,0.8951458464819242,-0.8278986099415326,-0.13203473397163418,0.16174127883970504,-0.6540178166684584,1.1897316864962626,0.26152259174602177,0.702557817907208,-2.052180821413832,0.3177662965012632,-0.8466256960846802,-0.3149866477814722,-1.4752556673040005,0.6052132616186986,0.5789487846497976,-0.13005086741748906,0.134037411645095,0.7401106381214507,0.2039516172272739,-0.9567105511288777,-1.0625091484807319,0.40576502802968617,0.18262755832067068,-0.3085672173894482,-0.28163782455858616,0.9471976934880917,-0.44441532871776446,0.7320517775713405,-0.8903356623441706,1.1724527183832034,-0.5497258981359792,-0.06967542036536778,-0.4076971386270444,0.6259396389014619,-0.12724908272445,-1.166848344996094,-0.6826977323083504
-0.8061819034371338,0.6582573635634958,-0.30900920982296187,-0.4731276745816226,0.13652335947012406,-0.1569994384799006,-0.9170270504113868,-0.8214726964451352,0.07999120192728895,-0.07278099162263958,-0.19992634241131163,0.18501820809788996,-0.3783775295689386,0.10742934686391135,-0.27965588309727824,1.0896711446675345,0.2064878994117058,0.4222495544998568,0.13366644320550525,0.7086931336154336,-0.38281445447359636,-0.48135278553433514,0.40828188961461753,-0.5252251632742561,-0.6784859824310374,0.07285310794950088,0.22184610804314456,0.08819526337290555,-0.7981584682389746,-0.35378220363237506,0.32715448049666096,0.5007767310326152,-0.07143159676399109,0.13078741578009911,-0.09663533149907468,0.39455675379710153,-0.5497258981359792,0.3820744097224811,0.0012684020357318357,0.011116346645699698,-0.03262235660216985,0.19536911631823287,-0.029851654727278017,-0.267863973271011
0.10413982076556083,-0.015071189129348218,0.006675335345981636,0.00891528744500769,-0.1108679335336981,0.043235448180135305,-0.1368588308891987,0.0011043062737231017,-0.09309088262564183,0.21769894289202393,-0.09850061511301596,0.05100878026272236,-0.11823152066008678,-0.019169656061437026,-0.05249004645316681,0.02458785513845988,0.0078697424659631,-0.04271427406236323,0.052337772335193364,0.0415889901143623,-0.05287141511669526,-0.054616708435094516,0.08231792746341503,0.04819288596032557,0.01648972056342747,-0.1478381181397434,0.017329268061669838,0.03669069309283785,0.001920041940569597,0.06730278248927403,0.057864706306679205,0.03499553639399315,-0.018330088333138404,0.03339757244249375,-0.009648719559790814,-0.06275339296292416,-0.06967542036536778,0.0012684020357318357,0.1268144269962645,0.013444317517153474,-0.09756134609565074,-0.08762787173807858,0.12035958874105836,0.09743780522555845
0.5755074505328562,-0.3026507242038556,-0.06739557430350719,0.4118794925198568,-0.7249306154575587,0.3955030544936652,-0.7928017511018142,0.3271263486665393,0.9073855313738491,0.15406879975133583,0.19904139941115387,0.42706370062645704,-0.7051400069880994,-0.49205902616888597,-0.3584694950404152,0.5812858086814862,-0.7268973550866668,0.3116353457084935,0.09930296172729185,0.5276091055432488,-0.03610040199756778,0.1669150674206202,-0.5854147524273551,0.7145692825594318,0.28107168355671747,-0.28570072880519676,0.744348811616915,1.0918326045034794,0.8580638934015381,0.35237417695797607,-0.21354203514947906,-0.5225227442091843,-0.9955448501723138,0.28712829295601483,-0.6988020999488019,0.4292788242437133,-0.4076971386270444,0.011116346645699698,0.013444317517153474,0.47164538914542736,-0.6257342028592434,-0.12158612839463152,1.3718657386457485,1.2184231397704166
-0.8508903220586664,0.4177738544736438,0.08933201827862579,-0.5774474560591875,1.1120363108787648,-0.5420174158468385,1.156297859432963,-0.4513852002998002,-1.198487790158838,-0.3518607741701864,-0.24014364696400112,-0.642026118716127,1.0702659192572563,0.6909657251558188,0.4751593848076801,-0.8095275429036036,0.9974392774217072,-0.40525935135298574,-0.2014304888433074,-0.7575166497494069,0.10019284510881919,-0.17476172205722634,0.7465888526207338,-0.98419536920278206,-0.35192878104695596,0.48073261332877054,-1.08668087943118,-1.554342738875179,-1.182272834177762,-0.5260669225609073,0.2785171559351999,0.6864548833840551,1.3695237622498333,-0.4356506649040683,1.0102634444014673,-0.576283791106735,0.6259396389014619,-0.03262235660216985,-0.09756134609565074,-0.6257342028592434,0.9731129150091777,0.2680051035556037,-1.9998033582885377,-1.7601997505649243
-0.8153303849865189,0.4448964009089579,-0.18815704204017245,-0.42226558659993324,0.43450683094067993,-0.118508571467744,-0.5007919315927697,-0.5653801081675288,-0.03255497894304889,-0.41171115699096067,-0.170276049766956,0.02106035422671579,0.1440235150919221,0.22137004729150828,-0.3293185609670935,0.5048220801658442,0.4398156308487583,0.18054474115241048,-0.10527464306703961,0.2172646183772391,-0.13720010495038154,-0.1719064316165602,0.20334286401240456,-0.36079406437291733,-0.385494365793186,0.2386919145601792,-0.13015637804452887,-0.22324676119332132,-0.6480400345210916,-0.3507497030611383,0.25786714453569237,0.3718483893229423,0.19709634059938896,-0.16065591043549238,0.17224056968062285,0.26921819729307767,-0.12724908272445,0.19536911631823287,-0.08762787173807858,-0.12158612839463152,0.2680051035556037,0.5185243600507794,-0.42940807599062586,-0.5481872150046991
1.9461060506090258,-1.0821349096788744,-0.12473023041950922,1.3662400129218244,-2.3317118726604917,1.2520826135969627,-2.323741186362269,1.204026380608079,2.7110961951319226,0.546638463673852,0.6076436835331764,1.3443010629478656,-2.1217360060199417,-1.5227738933994728,-1.0748705538226613,1.5076514737480298,-2.194804691814659,0.8044429823510832,0.3085641970046805,1.4404921724229722,-0.05783077487378422,0.6000248202992081,-1.8558283294313906,2.3313314052544163,0.991373936901012,-0.946606765329827,2.2781380127565076,3.3794362735572414,2.804004258592321,1.1945450134737277,-0.7094127087545445,-1.6737282165927347,-2.9908052337397937,0.8338834703811856,-2.1494782032471296,1.2426626795712186,-1.166848344996094,-0.029851654727278017,0.12035958874105836,1.3718657386457485,-1.9998033582885377,-0.42940807599062586,4.298182583515139,3.845107975864227
2.2863907172298696,-1.4023639185908696,0.10983097648089636,1.544425227149182,-2.173058690873786,1.2098849951480253,-1.4313666678747088,1.6415243730717628,2.371416545106823,0.5363117944080671,0.6917945482957516,1.0727590280835397,-1.6564466680900984,-1.4515121403763762,-0.7438610227893712,0.6230624391026188,-2.130344853733352,0.4378966177175366,0.18977949055759316,0.8279965380156985,0.21662632696291773,0.8467097007703945,-1.92638551107972,2.4203058365908223,1.3434897101826984,-0.8759496044565938,1.9063814532535186,2.973553974461849,3.040853236497863,1.3085509776479083,-0.876593563276594,-1.8358915648738074,-2.6368011885889615,0.6775963516349515,-1.8704271921176996,0.837359660131684,-0.6826977323083504,-0.267863973271011,0.09743780522555845,1.2184231397704166,-1.7601997505649243,-0.5481872150046991,3.845107975864227,3.6258849912401354
