V1,V2,V3,V4,V5,V6,V7,V8,V9,V10,V11,V12,V13,V14,V15,V16,V17,V18,V19,V20,V21,V22,V23,V24,V25,V26,V27,V28,V29,V30,V31,V32,V33,V34,V35,V36,V37,V38,V39,V40,V41,V42,V43,V44
1.1439236404702002,0.07306395107520415,0.4203667589196305,0.11256114387428176,-0.5065961773866696,-0.2722571766139063,0.35419189067231505,0.2234603132570598,-0.8043905409222846,1.3140902350461827,-0.5558115563676707,0.0545908717480499,-0.6805733262642771,0.2711764024849816,0.6146504085094658,-0.4225049161289289,-0.37989071570794214,-0.48685933650245494,0.6400073685979187,-0.1435421884603261,-0.2967372316299379,-0.3949798347239101,0.6643329881869946,-0.26736486888029537,-0.22032504386704993,-0.5275599447518213,-0.008893458524970305,0.021952904084154935,-0.17758270930742306,0.32470952140758136,0.08772228732246007,0.18544154805533652,0.46015195186638963,0.5006789912760571,0.3325488843306589,-0.7833695201931439,-0.3406003332394325,0.04394176614596379,0.558781173957925,-0.15221010901399373,-0.37944040196463275,-1.1424138817218032,0.06955364974571666,0.03443175637288433
0.07306395107520415,1.0264297626940144,-0.24779934725917757,0.289734158302941,-0.42230465281214896,-1.731132795149616,3.0900301201426172,-0.519205667842207,1.4144009288017383,-0.6501086779736956,2.2830000535616053,-0.4975464541286172,-0.9587388250329146,-0.37332425404754865,3.6137757577247123,1.150687903534103,-2.6134636775016515,1.658483338598196,1.2403171798942079,1.2822120180109222,-0.12889121621952923,-0.9812894763912217,0.03691515746864474,-2.4409270701526427,-1.8787569870439391,1.5961932377635504,1.6844117005907688,0.5725173769469365,-0.13722546713141345,-0.869252114071992,-1.2966223587175034,-0.44962450935312714,-0.6407571693365893,1.9903139852082354,-1.4075494578543453,0.4948215119498077,-0.7060877575509223,0.5507211358248666,-1.644995122562384,0.3248855025798203,-0.3024115880076485,-2.508841752339935,-0.16798450030036605,0.04302160393186652
0.4203667589196305,-0.24779934725917757,0.5289795783773352,-0.10829459638871794,0.14131928888713924,0.45350652491117965,-1.2237735640418184,0.5987253392935903,-0.6752529805759881,0.35126752611418915,-1.333281784191123,0.38340189315132955,0.032282340334580904,0.49322740322986824,-1.2240667373546685,-0.6594203589357364,0.7719042836305489,-0.9281296973422426,-0.20979715735342905,-0.683085513843458,-0.14631342543441345,0.3540065442951389,0.09379710460107865,0.9210711460421612,0.595297020811501,-0.48779959750262053,-0.6959073049302934,0.027163868761869284,-0.008388090245464266,0.4830168069130689,0.46241624560797956,0.1650557500166317,0.6421839885494215,-0.6247801944645477,0.9799150607611703,-0.45894741420679397,-0.001729387903774018,-0.035547132701547704,0.7403123569876644,-0.4023351802132575,0.1497810127041115,0.712318799391996,-0.1314566265622284,-0.17565601738312053
0.11256114387428176,0.289734158302941,-0.10829459638871794,0.19048759522290487,-0.2894879759872822,-0.5730381328808749,1.1924920269794221,-0.14401923392072308,0.5332916285398502,-0.12010203115096188,0.9075757937542417,-0.20318845909415273,-0.44009629324065025,-0.2586236059450192,1.3788471198909054,0.4193468590371876,-1.044138901177183,0.6296580035274137,0.4597953450996572,0.518533837906413,-0.02613068729343664,-0.3946986406730466,0.046448883067742947,-0.860780794540706,-0.6261791004667204,0.5027060867101762,0.6946887844946266,0.25969337860490954,0.024431602392278033,-0.2492497895257388,-0.5146046232867375,-0.16679387734779635,-0.33912537331018255,0.7791320283504084,-0.6322652631619041,0.1482931344798082,-0.28181298303416863,0.2105773422384549,-0.5626894155769191,0.15724361106923684,-0.19730541783131475,-1.0825271149018583,0.06008071687045527,0.19328791710762042
-0.5065961773866696,-0.42230465281214896,0.14131928888713924,-0.2894879759872822,0.7214196516524806,0.9326701760819989,-1.9160601356228393,0.20190371239669183,-0.21231886553243118,-0.6266446244056157,-1.1806068282922457,0.31796513552540195,0.835931805661848,0.34922694474868476,-2.3736300109805892,-0.38278408441194156,1.5271655888481441,-0.7940922841954101,-0.9672732079372859,-0.7183731529069265,0.2776226603798567,0.8256890218352522,-0.4591008196267391,1.4040893001687622,1.008284915860402,-0.33579905101313745,-0.8909467279070161,-0.12883587227435567,-0.005919588443125562,0.2608443273800912,0.5874571082454558,0.14664066151801083,0.2997849231519477,-1.3174855579900917,0.8400799381806155,0.2174538078887442,0.4702642739039314,-0.19206461521554083,0.5256332031294935,-0.18187511824561003,0.5025772263134931,2.129845544306335,-0.15114630905283147,-0.3483094983752792
-0.2722571766139063,-1.731132795149616,0.45350652491117965,-0.5730381328808749,0.9326701760819989,3.133178509180941,-5.7484105808457215,0.8954633646270723,-2.37401083528145,0.7710319168439199,-4.161974068873451,0.9427096094691448,1.8176892313644115,0.7963683932847276,-6.726370653088221,-2.0208752976714233,4.719917113438065,-2.9777428168141857,-2.3119901922671726,-2.3796952493990458,0.2702866304440961,1.8827269367657498,-0.2805996643308502,4.379713493235637,3.3600531579118678,-2.6850354202681697,-3.0593769692433987,-0.9160554798680156,0.23426469138571457,1.460855110451079,2.330087231990647,0.7709494280186361,1.2289459279940773,-3.6765486670428187,2.630938424465872,-0.7521744600996702,1.2437929870064954,-1.0160137766059822,2.843678478951488,-0.5883481050049914,0.6775457952802678,4.897294567413349,0.22357729788863884,-0.225405909790827
0.35419189067231505,3.0900301201426172,-1.2237735640418184,1.1924920269794221,-1.9160601356228393,-5.7484105808457215,11.604303711000028,-2.1501063779419125,4.360916946561524,-1.1405847059462313,8.418951144576443,-2.273674378928463,-3.3768172051593464,-2.061026574441166,13.036645482312693,4.006852578119578,-8.883597625549772,5.799493999861915,4.112200661978837,4.802885766546577,-0.16458318544467354,-3.8619816524519677,0.9075844503664714,-8.637377509334561,-6.209338577416585,4.821035784453328,6.011097880632233,1.411485133961857,-0.7506337748757036,-2.7585637660289706,-4.57543026656599,-1.0549210008880823,-2.674845323435036,7.060306892537368,-5.627218698553257,1.472357453072593,-2.126643061236328,1.9528343026517248,-5.381700992250208,1.4699769070688506,-1.414934442792132,-9.810893605353758,-0.3740314342501737,0.6338360783453594
0.2234603132570598,-0.519205667842207,0.5987253392935903,-0.14401923392072308,0.20190371239669183,0.8954633646270723,-2.1501063779419125,1.0626185363787768,-0.8356105713559879,0.2448252961025011,-1.8162984363516232,0.6725232029303018,0.24017547336589296,0.5486387155895194,-2.0445173094764595,-0.9403973045631405,1.3565736817517755,-1.1997428726475305,-0.5061131469196908,-0.9967927905809266,-0.28048395616017474,0.6950087675129035,-0.12295304345564825,1.6847512927000632,1.13173264624581,-0.7063775395888664,-1.127638691578713,0.029736052836348486,0.3421474654183589,0.7099740961544565,0.755661144252315,0.05541213206986153,0.7534339740272946,-1.1974124144702885,1.3463867694936924,-0.5336558817846622,0.08622804667952724,-0.17588472032093383,1.0023574476046109,-0.5731793934447805,0.283547327860853,1.4354356885230646,-0.031674688764295626,-0.01321255863337827
-0.8043905409222846,1.4144009288017383,-0.6752529805759881,0.5332916285398502,-0.21231886553243118,-2.37401083528145,4.360916946561524,-0.8356105713559879,3.8016355221706934,-2.7852594590591533,4.302487360707312,-0.6900617425919835,-1.0418536765477615,-1.005080334181557,4.870676676085656,2.545741002832726,-4.166903163483682,3.20651504801274,1.2163296671088468,2.3672225520295345,0.3318214071242403,-0.9249684229465028,-1.0305798741163694,-3.2476553744401806,-2.6223416998248044,3.2984123983703255,3.1121625485711024,1.5180008566410497,0.23455764180912178,-1.5711262452383894,-2.449221406472281,-1.1626076910800454,-1.9411372879445288,2.751895170033487,-2.8334216940772845,1.9860692287728996,-0.8817925185709005,1.0282002400635444,-3.3522208659411477,0.8155348156886988,-0.1937763225457354,-2.715100799323325,0.04501893836686162,0.3815759936601528
1.3140902350461827,-0.6501086779736956,0.35126752611418915,-0.12010203115096188,-0.6266446244056157,0.7710319168439199,-1.1405847059462313,0.2448252961025011,-2.7852594590591533,3.1001250808739598,-2.036546952084234,0.1054065000264311,-0.10702788418826106,0.36804886974052253,-1.1309806202323218,-1.4824911215281698,1.5781835393701416,-1.6540705520204642,0.12509511176243415,-0.9626803381220294,-0.4772591805961687,-0.25329512124365344,1.4353453469608999,0.9396142662491691,0.8842707195158782,-2.313399458831718,-1.3744045115234176,-1.1274914628624588,-0.3297789747463515,0.9523848455338656,1.2400589231775925,0.8291834596174666,1.1045124924654683,-0.5869219670181515,1.1833016575596917,-1.7517182302055136,0.257953324234557,-0.5623683094183933,2.0878932559069536,-0.3313487634794846,-0.4925564795130932,-0.3869852066187752,0.16696813531381435,0.035022793364517746
-0.5558115563676707,2.2830000535616053,-1.333281784191123,0.9075757937542417,-1.1806068282922457,-4.161974068873451,8.418951144576443,-1.8162984363516232,4.302487360707312,-2.036546952084234,7.03545700748681,-1.6590856002527345,-2.1089195750062992,-1.8468407949287435,9.416458441435173,3.547817093757153,-6.720261562546133,4.986086506517381,2.716745922594002,3.8932438145305817,0.11381475024943646,-2.536398320973311,-0.12370945906691584,-6.271854139261804,-4.606934825497568,4.142278712803849,4.791273056809847,1.3188255573565297,-0.1402340192538983,-2.4024616637867533,-3.6139347745398536,-1.2216737656301966,-2.672515842726927,5.085319682872747,-4.734288272726794,1.9203849705893705,-1.4246198288565064,1.3798746102672514,-4.6545842577326075,1.3599687002628917,-0.9016943248662416,-6.475598340972255,-0.002646382927768223,0.6868767961994531
0.0545908717480499,-0.4975464541286172,0.38340189315132955,-0.20318845909415273,0.31796513552540195,0.9427096094691448,-2.273674378928463,0.6725232029303018,-0.6900617425919835,0.1054065000264311,-1.6590856002527345,0.6160528792431041,0.47328242861493425,0.5324470461420495,-2.2976544568487345,-0.7743559072960977,1.4569682409870235,-1.069635866691031,-0.5799352729346824,-0.9319497701377564,-0.13532455698231258,0.7752995929394181,-0.2949666748982219,1.6615439830122871,1.0612848072763073,-0.7376835349128086,-1.0880390891624045,-0.039932771088118414,0.32001527237596616,0.5296372702544351,0.8245575015640103,-0.003598003218694932,0.5675232931820887,-1.2516147683954435,1.2039484540683407,-0.3092870154876313,0.22103679909157595,-0.3174510368209559,0.9361096567799652,-0.4019065397438494,0.275161892439047,1.7997483758565702,0.0955335624854929,-0.09249953129997375
-0.6805733262642771,-0.9587388250329146,0.032282340334580904,-0.44009629324065025,0.835931805661848,1.8176892313644115,-3.3768172051593464,0.24017547336589296,-1.0418536765477615,-0.10702788418826106,-2.1089195750062992,0.47328242861493425,1.4524399627487972,0.40496593957053834,-4.109881854878271,-0.9607593494236347,2.908483830476751,-1.4655679593200086,-1.5797874025883079,-1.3014026242683987,0.30978762538409976,1.242970210685512,-0.44574526766908096,2.5391939027099872,1.9087095875929223,-1.2949237862488152,-1.7887203628917672,-0.6823131613791394,0.13623291973025575,0.5985033419442246,1.3362161888813415,0.3533784364659581,0.5404374396960946,-2.272055103544799,1.3783923540880016,-0.059659296993788254,0.954172656981497,-0.6638317377500508,1.3694378142860177,-0.2542910282386655,0.5596372078644882,3.3696980685237423,0.03313974295573406,-0.2882639660686963
0.2711764024849816,-0.37332425404754865,0.49322740322986824,-0.2586236059450192,0.34922694474868476,0.7963683932847276,-2.061026574441166,0.5486387155895194,-1.005080334181557,0.36804886974052253,-1.8468407949287435,0.5324470461420495,0.40496593957053834,0.7262797844298252,-2.131465423821004,-0.9184461790919924,1.4393518088805028,-1.2463490024182655,-0.42133217314727583,-1.0420410406852936,-0.15819358673797657,0.6357247044306805,-0.03650839485734634,1.391570514310087,0.8880823197322674,-0.8095989526124344,-1.1661906484097346,-0.1631500165306737,0.03922577732507439,0.5058309445762406,0.8762715620065954,0.17122349621462732,0.8450442602379159,-1.148182913848667,1.4030861444856693,-0.5384514507381817,0.16727010476724544,-0.29285415204581433,1.060359063983749,-0.4801372515044919,0.2875381615072188,1.574535360181719,-0.11676061602134036,-0.35783619758792884
0.6146504085094658,3.6137757577247123,-1.2240667373546685,1.3788471198909054,-2.3736300109805892,-6.726370653088221,13.036645482312693,-2.0445173094764595,4.870676676085656,-1.1309806202323218,9.416458441435173,-2.2976544568487345,-4.109881854878271,-2.131465423821004,15.187676523861999,4.408994052396735,-10.337296202472288,6.610099756988861,5.1011430661414465,5.37391195574705,-0.6099881260954895,-4.402770682028759,0.9805228881019791,-9.796105321918951,-7.245923864512422,5.512542419431686,6.803941062329014,1.8382262093350357,-0.5437032354439117,-3.0945880998286097,-5.136976290235979,-1.47980952303888,-2.8890053943780343,8.102072039830881,-6.138020658760279,1.4333746034583987,-2.7196876154492973,2.200946993101143,-6.130580276292771,1.4677601368123432,-1.6717374176401523,-11.37364189283308,-0.3148059999802968,0.8058626382980038
-0.4225049161289289,1.150687903534103,-0.6594203589357364,0.4193468590371876,-0.38278408441194156,-2.0208752976714233,4.006852578119578,-0.9403973045631405,2.545741002832726,-1.4824911215281698,3.547817093757153,-0.7743559072960977,-0.9607593494236347,-0.9184461790919924,4.408994052396735,2.013519173583039,-3.334339837721849,2.5362870438165315,1.1663740350126008,2.024974736024483,0.2281013407784913,-1.087531856124556,-0.32956518110068134,-2.978572024138168,-2.2308601368059717,2.2926656857012926,2.517006922786253,0.8796799733723468,-0.07762719273299118,-1.2393151347382634,-1.9149268819534782,-0.6817974829522313,-1.5157604127836874,2.437766922085726,-2.4413741806062284,1.3080496675735829,-0.6745470340386658,0.7856009517705473,-2.4973495217330313,0.7782087341470242,-0.3460927242977656,-2.859209302996447,0.03457444430480033,0.29204913723892084
-0.37989071570794214,-2.6134636775016515,0.7719042836305489,-1.044138901177183,1.5271655888481441,4.719917113438065,-8.883597625549772,1.3565736817517755,-4.166903163483682,1.5781835393701416,-6.720261562546133,1.4569682409870235,2.908483830476751,1.4393518088805028,-10.337296202472288,-3.334339837721849,7.60951756809833,-4.805767696662455,-3.478081301673329,-3.82732387287938,0.2630052271524942,2.8238507684316523,-0.14323830653588043,6.724751358119112,5.1297966754968005,-4.319629473047927,-5.0340795832562,-1.7882461755395482,0.16312803293830566,2.267173639769988,3.809418515804941,1.3215390036574122,2.2357624124073916,-5.738072424846712,4.375037671506346,-1.424937435971985,2.0142868161146112,-1.628896299304909,4.599256948462799,-1.0555095387575972,1.0942354014392501,7.501107240417506,0.09205196533089784,-0.6350113294742262
-0.48685933650245494,1.658483338598196,-0.9281296973422426,0.6296580035274137,-0.7940922841954101,-2.9777428168141857,5.799493999861915,-1.1997428726475305,3.20651504801274,-1.6540705520204642,4.986086506517381,-1.069635866691031,-1.4655679593200086,-1.2463490024182655,6.610099756988861,2.5362870438165315,-4.805767696662455,3.6105468837785293,1.9466169546572583,2.7367379073382105,0.003111468833944025,-1.7050886543318162,-0.2622339188230867,-4.360312511662806,-3.307358976488264,3.065289760425325,3.3833662052428193,1.0280342579442991,0.03677833080545156,-1.7480944319715912,-2.5550345754937673,-1.0069643820727547,-1.899647915143104,3.5731347912283167,-3.291274803078955,1.439590251872079,-1.0445895425221376,0.960501068094756,-3.3926844708262025,0.9042324457476223,-0.5986915967338954,-4.396884388758667,0.018044985829767955,0.4889098962112489
0.6400073685979187,1.2403171798942079,-0.20979715735342905,0.4597953450996572,-0.9672732079372859,-2.3119901922671726,4.112200661978837,-0.5061131469196908,1.2163296671088468,0.12509511176243415,2.716745922594002,-0.5799352729346824,-1.5797874025883079,-0.42133217314727583,5.1011430661414465,1.1663740350126008,-3.478081301673329,1.9466169546572583,2.0634978660248784,1.5668556680213996,-0.472029195865837,-1.5073769767307563,0.4769050577808459,-3.2214266895612274,-2.521198367538572,1.5707490321350386,2.103745675431137,0.6650461425481431,-0.105730141053739,-0.9297287263160725,-1.4996092952632536,-0.5604086661449358,-0.6740296099380825,2.7312293882319425,-1.659978832948927,0.07637559155117128,-1.1086366263378618,0.6477326881795358,-1.7475151861340879,0.30505901625586584,-0.6633197938129193,-3.9520577609472607,-0.03322806592658949,0.22830737938658321
-0.1435421884603261,1.2822120180109222,-0.683085513843458,0.518533837906413,-0.7183731529069265,-2.3796952493990458,4.802885766546577,-0.9967927905809266,2.3672225520295345,-0.9626803381220294,3.8932438145305817,-0.9319497701377564,-1.3014026242683987,-1.0420410406852936,5.37391195574705,2.024974736024483,-3.82732387287938,2.7367379073382105,1.5668556680213996,2.2442939181732946,0.07009911923903163,-1.4851990319504618,0.03616541583388252,-3.5327172011587304,-2.591451821889472,2.2706864399817626,2.7483840216075985,0.765754439690849,-0.1456212458023021,-1.2759772717691702,-2.0655833316727334,-0.636922842824974,-1.5047833903209038,2.9549338799953397,-2.684598489192243,1.0453859112948345,-0.8257849530799953,0.8387943688771589,-2.5525639186039175,0.7918979645428242,-0.5731003002868085,-3.8379953604123282,0.025778860186200524,0.40755285769424265
-0.2967372316299379,-0.12889121621952923,-0.14631342543441345,-0.02613068729343664,0.2776226603798567,0.2702866304440961,-0.16458318544467354,-0.28048395616017474,0.3318214071242403,-0.4772591805961687,0.11381475024943646,-0.13532455698231258,0.30978762538409976,-0.15819358673797657,-0.6099881260954895,0.2281013407784913,0.2630052271524942,0.003111468833944025,-0.472029195865837,0.07009911923903163,0.4404841094713772,0.19287058249755004,-0.20224602106744619,0.18564251882340949,0.26363163268529793,0.08583947415961479,0.05873865154494341,-0.007814106157276072,-0.1449143461428298,-0.054508679868568666,-0.05995626640808716,0.10638981795362368,-0.26379476527938234,-0.22850290548428012,-0.2115883814944086,0.4016474177718887,0.2471142242089066,0.03330522075954216,-0.06650093570216062,0.20244551292507063,0.13802110379289634,0.5540356389058709,-0.0025460503666074907,-0.04496330820628884
-0.3949798347239101,-0.9812894763912217,0.3540065442951389,-0.3946986406730466,0.8256890218352522,1.8827269367657498,-3.8619816524519677,0.6950087675129035,-0.9249684229465028,-0.25329512124365344,-2.536398320973311,0.7752995929394181,1.242970210685512,0.6357247044306805,-4.402770682028759,-1.087531856124556,2.8238507684316523,-1.7050886543318162,-1.5073769767307563,-1.4851990319504618,0.19287058249755004,1.4431388720819909,-0.6423197022384086,2.8954757387881944,2.0314097517574057,-1.223958593744224,-1.822165291594064,-0.25947223152509313,0.3371983093455948,0.7832554953849681,1.3435365810063695,0.18879795361769153,0.6708916664871951,-2.3815146173232757,1.7150277479226284,-0.11446941371573896,0.7333004280372895,-0.5684807783933968,1.457777836365453,-0.42489379759121604,0.5988484332019641,3.5733053043146596,0.11773651670217183,-0.22848103617996918
0.6643329881869946,0.03691515746864474,0.09379710460107865,0.046448883067742947,-0.4591008196267391,-0.2805996643308502,0.9075844503664714,-0.12295304345564825,-1.0305798741163694,1.4353453469608999,-0.12370945906691584,-0.2949666748982219,-0.44574526766908096,-0.03650839485734634,0.9805228881019791,-0.32956518110068134,-0.14323830653588043,-0.2622339188230867,0.4769050577808459,0.03616541583388252,-0.20224602106744619,-0.6423197022384086,1.0112135569868033,-0.625262734688083,-0.2462294885395529,-0.5807899744168513,-0.04943381580982975,-0.4950083834852308,-0.4618812887074274,0.18486847239269372,0.08166714649128408,0.47291740975160673,0.3673328562994899,0.480729961478215,0.017853362104362,-0.7888757991541492,-0.11331188718715361,0.05185933775848288,0.4731450925645106,-0.06391227286330765,-0.32059399430808494,-1.4352122482911307,-0.174529936229139,-0.03397852665968091
-0.26736486888029537,-2.4409270701526427,0.9210711460421612,-0.860780794540706,1.4040893001687622,4.379713493235637,-8.637377509334561,1.6847512927000632,-3.2476553744401806,0.9396142662491691,-6.271854139261804,1.6615439830122871,2.5391939027099872,1.391570514310087,-9.796105321918951,-2.978572024138168,6.724751358119112,-4.360312511662806,-3.2214266895612274,-3.5327172011587304,0.18564251882340949,2.8954757387881944,-0.625262734688083,6.625720136059579,4.80699861382258,-3.6693697032029853,-4.483536331286893,-1.113141610993445,0.5704236511877028,2.183697792487201,3.3656024579945276,0.8462045773987493,1.9015901399178554,-5.294938033264469,4.097825126817138,-1.0543813547421317,1.7037266715579171,-1.4082723699338726,4.062977360062482,-1.0597189769751147,1.0165730340414232,7.252176464815265,0.31137464363681516,-0.35148444372608667
-0.22032504386704993,-1.8787569870439391,0.595297020811501,-0.6261791004667204,1.008284915860402,3.3600531579118678,-6.209338577416585,1.13173264624581,-2.6223416998248044,0.8842707195158782,-4.606934825497568,1.0612848072763073,1.9087095875929223,0.8880823197322674,-7.245923864512422,-2.2308601368059717,5.1297966754968005,-3.307358976488264,-2.521198367538572,-2.591451821889472,0.26363163268529793,2.0314097517574057,-0.2462294885395529,4.80699861382258,3.702859277078765,-2.880218887468069,-3.357113141646173,-1.0115765724136707,0.2504601370682948,1.6632435164527672,2.5040109979855036,0.8508991337129186,1.4187084944945765,-3.955693772210342,2.919654758863722,-0.8655745718191918,1.3468893318709556,-1.0488708138925071,3.1237265088747628,-0.6929708898333028,0.7487595311578944,5.213797776012232,0.16957812499619662,-0.24158190422248857
-0.5275599447518213,1.5961932377635504,-0.48779959750262053,0.5027060867101762,-0.33579905101313745,-2.6850354202681697,4.821035784453328,-0.7063775395888664,3.2984123983703255,-2.313399458831718,4.142278712803849,-0.7376835349128086,-1.2949237862488152,-0.8095989526124344,5.512542419431686,2.2926656857012926,-4.319629473047927,3.065289760425325,1.5707490321350386,2.2706864399817626,0.08583947415961479,-1.223958593744224,-0.5807899744168513,-3.6693697032029853,-2.880218887468069,3.269932711977325,2.9933438713778435,1.315220525554967,0.018905665656620992,-1.5493940126842534,-2.4133573576335627,-1.0074976727948624,-1.5064435953547202,3.0002765730662815,-2.57219935510768,1.5186869765709918,-1.0558018730445944,1.0980123384685723,-3.220124151301378,0.5879928658744771,-0.20290554269591426,-3.377926902994327,-0.27974006855690464,0.18009911465715178
-0.008893458524970305,1.6844117005907688,-0.6959073049302934,0.6946887844946266,-0.8909467279070161,-3.0593769692433987,6.011097880632233,-1.127638691578713,3.1121625485711024,-1.3744045115234176,4.791273056809847,-1.0880390891624045,-1.7887203628917672,-1.1661906484097346,6.803941062329014,2.517006922786253,-5.0340795832562,3.3833662052428193,2.103745675431137,2.7483840216075985,0.05873865154494341,-1.822165291594064,-0.04943381580982975,-4.483536331286893,-3.357113141646173,2.9933438713778435,3.557091269808715,1.2623257866161357,-0.1682607009783458,-1.592874073894546,-2.6821365697966386,-0.8642004737567335,-1.8293330296822727,3.7492208842320944,-3.245848688947675,1.303076293484517,-1.2226809359331408,1.148707064129561,-3.2767212783422357,0.9245613686112824,-0.6909217993628719,-4.8404660947286775,0.024647294220046113,0.4619967595435326
0.021952904084154935,0.5725173769469365,0.027163868761869284,0.25969337860490954,-0.12883587227435567,-0.9160554798680156,1.411485133961857,0.029736052836348486,1.5180008566410497,-1.1274914628624588,1.3188255573565297,-0.039932771088118414,-0.6823131613791394,-0.1631500165306737,1.8382262093350357,0.8796799733723468,-1.7882461755395482,1.0280342579442991,0.6650461425481431,0.765754439690849,-0.007814106157276072,-0.25947223152509313,-0.4950083834852308,-1.113141610993445,-1.0115765724136707,1.315220525554967,1.2623257866161357,1.057056482808073,0.18712693773225983,-0.46173158384730056,-0.9850913348265186,-0.5482287287646457,-0.6350069531587064,0.9995994407750457,-0.816768852414248,0.6624641285709281,-0.6417864788799283,0.5258773325025731,-1.2583862490117843,0.19706775841068003,-0.061306955194888296,-1.0637436530267332,0.10238879939734968,0.15764049993962423
-0.17758270930742306,-0.13722546713141345,-0.008388090245464266,0.024431602392278033,-0.005919588443125562,0.23426469138571457,-0.7506337748757036,0.3421474654183589,0.23455764180912178,-0.3297789747463515,-0.1402340192538983,0.32001527237596616,0.13623291973025575,0.03922577732507439,-0.5437032354439117,-0.07762719273299118,0.16312803293830566,0.03677833080545156,-0.105730141053739,-0.1456212458023021,-0.1449143461428298,0.3371983093455948,-0.4618812887074274,0.5704236511877028,0.2504601370682948,0.018905665656620992,-0.1682607009783458,0.18712693773225983,0.529043778005987,0.04900371992042237,0.15538478694027885,-0.3672128865221537,-0.09008861115178024,-0.3014913112978917,0.15657239741938692,0.1164202358962559,0.0026749154213164318,-0.17790878832596344,0.0032494177900521215,-0.09031986236418563,0.04453946026115478,0.6635725340663564,0.2656648987813909,0.2435984525206866
0.32470952140758136,-0.869252114071992,0.4830168069130689,-0.2492497895257388,0.2608443273800912,1.460855110451079,-2.7585637660289706,0.7099740961544565,-1.5711262452383894,0.9523848455338656,-2.4024616637867533,0.5296372702544351,0.5985033419442246,0.5058309445762406,-3.0945880998286097,-1.2393151347382634,2.267173639769988,-1.7480944319715912,-0.9297287263160725,-1.2759772717691702,-0.054508679868568666,0.7832554953849681,0.18486847239269372,2.183697792487201,1.6632435164527672,-1.5493940126842534,-1.592874073894546,-0.46173158384730056,0.04900371992042237,0.956712757566765,1.1877209304113279,0.4949069395315745,0.8704921498315601,-1.6739342307832819,1.521900986488442,-0.7411683221904567,0.4874302066138814,-0.4261698061122095,1.6741819657497574,-0.4329446415764208,0.20651451264926832,1.9224641683687904,0.07151346221927894,-0.08221429531092059
0.08772228732246007,-1.2966223587175034,0.46241624560797956,-0.5146046232867375,0.5874571082454558,2.330087231990647,-4.57543026656599,0.755661144252315,-2.449221406472281,1.2400589231775925,-3.6139347745398536,0.8245575015640103,1.3362161888813415,0.8762715620065954,-5.136976290235979,-1.9149268819534782,3.809418515804941,-2.5550345754937673,-1.4996092952632536,-2.0655833316727334,-0.05995626640808716,1.3435365810063695,0.08166714649128408,3.3656024579945276,2.5040109979855036,-2.4133573576335627,-2.6821365697966386,-0.9850913348265186,0.15538478694027885,1.1877209304113279,2.1065870473159336,0.6289495923259926,1.333779372171159,-2.814248698057123,2.42572694454323,-1.0503708127460072,0.9078619995011025,-0.9422856137852109,2.5616552533092007,-0.6550381235287032,0.44195969397556273,3.6089421778283484,0.10255935877413855,-0.30249863393351
0.18544154805533652,-0.44962450935312714,0.1650557500166317,-0.16679387734779635,0.14664066151801083,0.7709494280186361,-1.0549210008880823,0.05541213206986153,-1.1626076910800454,0.8291834596174666,-1.2216737656301966,-0.003598003218694932,0.3533784364659581,0.17122349621462732,-1.47980952303888,-0.6817974829522313,1.3215390036574122,-1.0069643820727547,-0.5604086661449358,-0.636922842824974,0.10638981795362368,0.18879795361769153,0.47291740975160673,0.8462045773987493,0.8508991337129186,-1.0074976727948624,-0.8642004737567335,-0.5482287287646457,-0.3672128865221537,0.4949069395315745,0.6289495923259926,0.6221030229988684,0.5480196625549915,-0.8160996483552,0.6968602417691828,-0.520520272331246,0.3689043868989294,-0.20030366370941194,0.9999947194652077,-0.1373049027989765,0.08319978629524503,0.7013704615368082,-0.1442309278127756,-0.19144290721895807
0.46015195186638963,-0.6407571693365893,0.6421839885494215,-0.33912537331018255,0.2997849231519477,1.2289459279940773,-2.674845323435036,0.7534339740272946,-1.9411372879445288,1.1045124924654683,-2.672515842726927,0.5675232931820887,0.5404374396960946,0.8450442602379159,-2.8890053943780343,-1.5157604127836874,2.2357624124073916,-1.899647915143104,-0.6740296099380825,-1.5047833903209038,-0.26379476527938234,0.6708916664871951,0.3673328562994899,1.9015901399178554,1.4187084944945765,-1.5064435953547202,-1.8293330296822727,-0.6350069531587064,-0.09008861115178024,0.8704921498315601,1.333779372171159,0.5480196625549915,1.3617812846604387,-1.5778736119358816,1.93427671295569,-1.084606156792657,0.36467572788914104,-0.4861390487673713,1.782896587620195,-0.6843207138057806,0.29133919695316435,1.8211241226881103,-0.2516114990728675,-0.39955586091393003
0.5006789912760571,1.9903139852082354,-0.6247801944645477,0.7791320283504084,-1.3174855579900917,-3.6765486670428187,7.060306892537368,-1.1974124144702885,2.751895170033487,-0.5869219670181515,5.085319682872747,-1.2516147683954435,-2.272055103544799,-1.148182913848667,8.102072039830881,2.437766922085726,-5.738072424846712,3.5731347912283167,2.7312293882319425,2.9549338799953397,-0.22850290548428012,-2.3815146173232757,0.480729961478215,-5.294938033264469,-3.955693772210342,3.0002765730662815,3.7492208842320944,0.9995994407750457,-0.3014913112978917,-1.6739342307832819,-2.814248698057123,-0.8160996483552,-1.5778736119358816,4.578227694868891,-3.3789979838830595,0.836342469293683,-1.4317610103637086,1.1659659170463526,-3.2688724194729137,0.8367847616268432,-0.9922510431981292,-6.142517125535287,-0.11359583428795712,0.4718076338737419
0.3325488843306589,-1.4075494578543453,0.9799150607611703,-0.6322652631619041,0.8400799381806155,2.630938424465872,-5.627218698553257,1.3463867694936924,-2.8334216940772845,1.1833016575596917,-4.734288272726794,1.2039484540683407,1.3783923540880016,1.4030861444856693,-6.138020658760279,-2.4413741806062284,4.375037671506346,-3.291274803078955,-1.659978832948927,-2.684598489192243,-0.2115883814944086,1.7150277479226284,0.017853362104362,4.097825126817138,2.919654758863722,-2.57219935510768,-3.245848688947675,-0.816768852414248,0.15657239741938692,1.521900986488442,2.42572694454323,0.6968602417691828,1.93427671295569,-3.3789979838830595,3.3538971420180275,-1.3464117336595398,0.8308406201143758,-0.9011749156795315,3.0156959649408472,-1.0736828926946191,0.6953295097313065,4.356782311839212,-0.13269109490436357,-0.5733896641424275
-0.7833695201931439,0.4948215119498077,-0.45894741420679397,0.1482931344798082,0.2174538078887442,-0.7521744600996702,1.472357453072593,-0.5336558817846622,1.9860692287728996,-1.7517182302055136,1.9203849705893705,-0.3092870154876313,-0.059659296993788254,-0.5384514507381817,1.4333746034583987,1.3080496675735829,-1.424937435971985,1.439590251872079,0.07637559155117128,1.0453859112948345,0.4016474177718887,-0.11446941371573896,-0.7888757991541492,-1.0543813547421317,-0.8655745718191918,1.5186869765709918,1.303076293484517,0.6624641285709281,0.1164202358962559,-0.7411683221904567,-1.0503708127460072,-0.520520272331246,-1.084606156792657,0.836342469293683,-1.3464117336595398,1.2998969255221944,-0.12025448089129458,0.4025511156357097,-1.5787398238007193,0.5152952618994902,0.07472764894756732,-0.410055218207764,0.07092804374752848,0.12085900659905562
-0.3406003332394325,-0.7060877575509223,-0.001729387903774018,-0.28181298303416863,0.4702642739039314,1.2437929870064954,-2.126643061236328,0.08622804667952724,-0.8817925185709005,0.257953324234557,-1.4246198288565064,0.22103679909157595,0.954172656981497,0.16727010476724544,-2.7196876154492973,-0.6745470340386658,2.0142868161146112,-1.0445895425221376,-1.1086366263378618,-0.8257849530799953,0.2471142242089066,0.7333004280372895,-0.11331188718715361,1.7037266715579171,1.3468893318709556,-1.0558018730445944,-1.2226809359331408,-0.6417864788799283,0.0026749154213164318,0.4874302066138814,0.9078619995011025,0.3689043868989294,0.36467572788914104,-1.4317610103637086,0.8308406201143758,-0.12025448089129458,0.7487400522563427,-0.46831157629294967,1.0565577552868535,-0.10884936448020653,0.26797398569581665,2.0449404566681175,0.04178946039537671,-0.13295437600096796
0.04394176614596379,0.5507211358248666,-0.035547132701547704,0.2105773422384549,-0.19206461521554083,-1.0160137766059822,1.9528343026517248,-0.17588472032093383,1.0282002400635444,-0.5623683094183933,1.3798746102672514,-0.3174510368209559,-0.6638317377500508,-0.29285415204581433,2.200946993101143,0.7856009517705473,-1.628896299304909,0.960501068094756,0.6477326881795358,0.8387943688771589,0.03330522075954216,-0.5684807783933968,0.05185933775848288,-1.4082723699338726,-1.0488708138925071,1.0980123384685723,1.148707064129561,0.5258773325025731,-0.17790878832596344,-0.4261698061122095,-0.9422856137852109,-0.20030366370941194,-0.4861390487673713,1.1659659170463526,-0.9011749156795315,0.4025511156357097,-0.46831157629294967,0.5663029044053881,-1.0641217495354818,0.17933612264826038,-0.11881087616731606,-1.623462963596147,-0.16892321334147875,0.04887412833654627
0.558781173957925,-1.644995122562384,0.7403123569876644,-0.5626894155769191,0.5256332031294935,2.843678478951488,-5.381700992250208,1.0023574476046109,-3.3522208659411477,2.0878932559069536,-4.6545842577326075,0.9361096567799652,1.3694378142860177,1.060359063983749,-6.130580276292771,-2.4973495217330313,4.599256948462799,-3.3926844708262025,-1.7475151861340879,-2.5525639186039175,-0.06650093570216062,1.457777836365453,0.4731450925645106,4.062977360062482,3.1237265088747628,-3.220124151301378,-3.2767212783422357,-1.2583862490117843,0.0032494177900521215,1.6741819657497574,2.5616552533092007,0.9999947194652077,1.782896587620195,-3.2688724194729137,3.0156959649408472,-1.5787398238007193,1.0565577552868535,-1.0641217495354818,3.4222602473633974,-0.8209671258923376,0.3899951776357774,3.8908485049937216,0.1074928804769755,-0.3129074459911131
-0.15221010901399373,0.3248855025798203,-0.4023351802132575,0.15724361106923684,-0.18187511824561003,-0.5883481050049914,1.4699769070688506,-0.5731793934447805,0.8155348156886988,-0.3313487634794846,1.3599687002628917,-0.4019065397438494,-0.2542910282386655,-0.4801372515044919,1.4677601368123432,0.7782087341470242,-1.0555095387575972,0.9042324457476223,0.30505901625586584,0.7918979645428242,0.20244551292507063,-0.42489379759121604,-0.06391227286330765,-1.0597189769751147,-0.6929708898333028,0.5879928658744771,0.9245613686112824,0.19706775841068003,-0.09031986236418563,-0.4329446415764208,-0.6550381235287032,-0.1373049027989765,-0.6843207138057806,0.8367847616268432,-1.0736828926946191,0.5152952618994902,-0.10884936448020653,0.17933612264826038,-0.8209671258923376,0.485035867020884,-0.2173175850573471,-1.0182572380276607,0.16157235954877602,0.1744310627163856
-0.37944040196463275,-0.3024115880076485,0.1497810127041115,-0.19730541783131475,0.5025772263134931,0.6775457952802678,-1.414934442792132,0.283547327860853,-0.1937763225457354,-0.4925564795130932,-0.9016943248662416,0.275161892439047,0.5596372078644882,0.2875381615072188,-1.6717374176401523,-0.3460927242977656,1.0942354014392501,-0.5986915967338954,-0.6633197938129193,-0.5731003002868085,0.13802110379289634,0.5988484332019641,-0.32059399430808494,1.0165730340414232,0.7487595311578944,-0.20290554269591426,-0.6909217993628719,-0.061306955194888296,0.04453946026115478,0.20651451264926832,0.44195969397556273,0.08319978629524503,0.29133919695316435,-0.9922510431981292,0.6953295097313065,0.07472764894756732,0.26797398569581665,-0.11881087616731606,0.3899951776357774,-0.2173175850573471,0.4110498005180715,1.5179255694382865,-0.16051349668181492,-0.23906567548004254
-1.1424138817218032,-2.508841752339935,0.712318799391996,-1.0825271149018583,2.129845544306335,4.897294567413349,-9.810893605353758,1.4354356885230646,-2.715100799323325,-0.3869852066187752,-6.475598340972255,1.7997483758565702,3.3696980685237423,1.574535360181719,-11.37364189283308,-2.859209302996447,7.501107240417506,-4.396884388758667,-3.9520577609472607,-3.8379953604123282,0.5540356389058709,3.5733053043146596,-1.4352122482911307,7.252176464815265,5.213797776012232,-3.377926902994327,-4.8404660947286775,-1.0637436530267332,0.6635725340663564,1.9224641683687904,3.6089421778283484,0.7013704615368082,1.8211241226881103,-6.142517125535287,4.356782311839212,-0.410055218207764,2.0449404566681175,-1.623462963596147,3.8908485049937216,-1.0182572380276607,1.5179255694382865,9.19177067407382,0.21157168581789612,-0.6951323226457953
0.06955364974571666,-0.16798450030036605,-0.1314566265622284,0.06008071687045527,-0.15114630905283147,0.22357729788863884,-0.3740314342501737,-0.031674688764295626,0.04501893836686162,0.16696813531381435,-0.002646382927768223,0.0955335624854929,0.03313974295573406,-0.11676061602134036,-0.3148059999802968,0.03457444430480033,0.09205196533089784,0.018044985829767955,-0.03322806592658949,0.025778860186200524,-0.0025460503666074907,0.11773651670217183,-0.174529936229139,0.31137464363681516,0.16957812499619662,-0.27974006855690464,0.024647294220046113,0.10238879939734968,0.2656648987813909,0.07151346221927894,0.10255935877413855,-0.1442309278127756,-0.2516114990728675,-0.11359583428795712,-0.13269109490436357,0.07092804374752848,0.04178946039537671,-0.16892321334147875,0.1074928804769755,0.16157235954877602,-0.16051349668181492,0.21157168581789612,0.41606224530845454,0.2743779371121326
0.03443175637288433,0.04302160393186652,-0.17565601738312053,0.19328791710762042,-0.3483094983752792,-0.225405909790827,0.6338360783453594,-0.01321255863337827,0.3815759936601528,0.035022793364517746,0.6868767961994531,-0.09249953129997375,-0.2882639660686963,-0.35783619758792884,0.8058626382980038,0.29204913723892084,-0.6350113294742262,0.4889098962112489,0.22830737938658321,0.40755285769424265,-0.04496330820628884,-0.22848103617996918,-0.03397852665968091,-0.35148444372608667,-0.24158190422248857,0.18009911465715178,0.4619967595435326,0.15764049993962423,0.2435984525206866,-0.08221429531092059,-0.30249863393351,-0.19144290721895807,-0.39955586091393003,0.4718076338737419,-0.5733896641424275,0.12085900659905562,-0.13295437600096796,0.04887412833654627,-0.3129074459911131,0.1744310627163856,-0.23906567548004254,-0.6951323226457953,0.2743779371121326,0.41597119276294264
