V1,V2,V3,V4,V5,V6,V7,V8,V9,V10,V11,V12,V13,V14,V15,V16,V17,V18,V19,V20,V21,V22,V23,V24,V25,V26,V27,V28,V29,V30,V31,V32,V33,V34,V35,V36,V37,V38,V39,V40,V41,V42,V43,V44
0.5895785140822725,-1.737309006480564,0.7161571109414454,-0.28532893711872587,-1.0829064449642245,-0.4057153753906686,-0.17414601151304546,0.35188702533379496,0.8812935186439638,2.18037232397743,-0.5186399554297513,0.1860994668398068,0.4721618409570343,0.6521453305497272,-0.20125560741103352,-1.161131384132812,0.19856896576690056,-0.15225416663199748,-1.2505329612584155,0.0013840554539564657,0.9916160496832246,1.774171726714917,0.8472403134902756,-0.2319193890456963,0.05531389217153165,1.025678968732441,-0.08388800404057713,0.9209151422835196,1.3103651558502103,-0.5459011387835645,-0.32615242327934946,1.1060040895370766,1.4238634383226385,0.35228989204513855,-0.7164320220615682,1.5959787084382115,-0.11900539334124838,1.2070679467741603,0.29434748488248363,-0.23591187598752275,1.5192457907576753,0.5713303001476289,-0.9540106130140007,0.6866902053279244
-1.737309006480564,14.156799532209469,-11.391631926454847,-6.571244696156764,12.306621886366665,-2.8372839911334014,-4.563183874226599,-4.482645049011528,-4.1174552478629725,-16.615741961923955,4.376340418808007,0.9573712654051139,-0.37122835436841883,-7.67507182132182,-0.5734699282070624,16.019244370340356,-0.8524891858650255,-1.3818194231647838,10.206883265461228,4.561009405227838,-10.751407359675708,-8.154184000934979,-4.427110428007334,-1.6033119593517833,-3.171912168695625,-14.714188735849222,-0.5171487939958731,-12.79218141214887,-15.173036505197564,0.5592867374418683,13.465582528267388,-17.252691187723627,-17.596857932757366,-4.266402163639142,14.400277967273762,-14.101326973413876,-4.108997178302623,-19.79498969818999,-5.72674860312064,-2.5051726826492664,-16.00413978993031,-2.929485446650449,3.1211681712188297,-4.626032049919529
0.7161571109414454,-11.391631926454847,10.472045613214073,7.310102599195523,-10.694659900977797,3.6598573424232232,5.064683432522886,3.9801191000076734,2.5971147553664427,13.13816448954638,-3.555721331121096,-1.2962600684594454,-0.4478379598815447,6.719317037682223,0.9681954397198271,-14.389265289265126,0.510422381068583,1.6939353366958385,-8.21814969688703,-4.695937962800906,9.296899817544213,5.205573581513944,3.014924424423435,2.0889241625092816,3.156614137246978,13.30269779270254,0.6941881783660144,11.510250484568841,13.249238719070576,0.42418678770435697,-13.277789281359464,15.784195517442098,15.559392253404948,3.730081905672304,-13.575266892726964,11.65687142403719,4.451101791217219,18.234349998022513,5.3748707994455085,2.988230956624193,13.71799669960442,2.0050250572881683,-1.472668567519345,3.5107544792723413
-0.28532893711872587,-6.571244696156764,7.310102599195523,6.246828993283912,-6.963737859947362,3.51137777476066,4.288316988870071,2.6645508752999603,0.7977369043128739,7.316981104597364,-2.0851506685173566,-1.308965483453859,-1.0478467298410685,4.414890869429482,1.0644579562556589,-9.796764453469414,0.11950442339030479,1.5741315000026512,-4.744173490054864,-3.7502710279001277,5.975447794143528,1.5699744105384208,1.175677784748603,2.001543083674349,2.440559968390524,9.123643520251584,0.6748973476312303,7.847737356921336,8.670115742181531,1.1316432553767788,-10.12344705981011,10.986990205720879,10.345131644745795,2.4688255392708744,-9.787632566851,6.977461632766746,3.725775033660293,12.792616858063722,3.8601384764214073,2.7312206955148777,8.7413620087918,0.7656784154022838,0.2107979630039019,1.8045015323748137
-1.0829064449642245,12.306621886366665,-10.694659900977797,-6.963737859947362,11.188239363167279,-3.3256955665873513,-4.816315414709871,-4.125699096301783,-3.143495089780809,-14.289521411647625,3.825435063772428,1.170735912561712,0.1550372522337794,-7.005683106705112,-0.8111404276195144,14.850351543746044,-0.6327029367486766,-1.5662851289339577,8.87546601035867,4.604880052121238,-9.732068717262761,-6.221182642094407,-3.504222937148688,-1.8863429723103458,-3.136861534995211,-13.689367609399204,-0.619794082707745,-11.868261741787327,-13.827358000547823,-0.05860558670118177,13.222294866388248,-16.164647986954428,-16.150251599914373,-3.900403011358074,13.733761825491165,-12.428107278515665,-4.283993083256725,-18.61947944140649,-5.448859477197294,-2.7914692026293277,-14.426537774901972,-2.314068606075622,2.0636022868746506,-3.8872125483543294
-0.4057153753906686,-2.8372839911334014,3.6598573424232232,3.51137777476066,-3.3256955665873513,2.0819468277862745,2.395069297377303,1.2984508022918346,0.06666095076853716,3.050312397572099,-0.9137046562377625,-0.795689903590631,-0.7762594628892265,2.1217173478794433,0.6624766953141672,-4.829811266638997,-0.018891506036279974,0.9216403368621697,-2.0498802562459297,-2.040593336433321,2.8208975954764064,0.0897490453675543,0.2787273682691804,1.1839128664100171,1.3058316418310627,4.519201170559799,0.4009293581485559,3.8713155095825127,4.154121203386791,0.8468492305327602,-5.3629922868183,5.49644610952672,5.013006280332534,1.1977782500823535,-5.006649732870109,3.106029400874867,2.074621806661109,6.431103950150821,1.9703518023607611,1.58820107587328,4.104149114251881,0.1673448827419074,0.5197835995190488,0.6886517004523313
-0.17414601151304546,-4.563183874226599,5.064683432522886,4.288316988870071,-4.816315414709871,2.395069297377303,2.9601761603618475,1.8437244669610642,0.5616449600407311,5.100604616224736,-1.4471614683014122,-0.878196635870197,-0.6884900478650573,3.0554223394430498,0.728415371876547,-6.769612984705172,0.08717114708518767,1.0725748118856795,-3.2943209909506748,-2.571913889185803,4.152036970019059,1.160123075685246,0.8370302976258501,1.3724600179134787,1.672516582515711,6.30783011399,0.4644813759458083,5.426048126865698,6.0037015802707066,0.7597639570700625,-6.9630236365094405,7.595889776671944,7.166268762814753,1.6970601909136223,-6.767443444327202,4.865591590129624,2.5540156601074364,8.846461682556878,2.6670496339095986,1.8569969562916655,6.056950853251666,0.5593384098933533,0.11220819868835842,1.2624251359067689
0.35188702533379496,-4.482645049011528,3.9801191000076734,2.6645508752999603,-4.125699096301783,1.2984508022918346,1.8437244669610642,1.5274294153362362,1.0990951824920026,5.191634938745235,-1.395535751484025,-0.45844805097881525,-0.10239207978142842,2.5866530490690285,0.32803607668799656,-5.505274859935216,0.21883591516482062,0.6068065312824087,-3.2333606059272624,-1.743049115465481,3.587741943376904,2.1822162428202367,1.242072545118364,0.7385857298289547,1.1813312106799994,5.0802154251012395,0.24364815536182663,4.401142748095138,5.1039343122562455,0.07684992870272542,-4.971218683805422,6.010879794850494,5.97458770564377,1.439650083252623,-5.131268465530262,4.549807858028489,1.6327807643650696,6.930947348556929,2.0338158441011327,1.0766548858820333,5.3089194628988015,0.8220431525809198,-0.6864399090041229,1.4026406986746527
0.8812935186439638,-4.1174552478629725,2.5971147553664427,0.7977369043128739,-3.143495089780809,0.06666095076853716,0.5616449600407311,1.0990951824920026,1.5913041172755624,4.9625492931921995,-1.2540710691663213,0.0121396872235692,0.5206653256402906,1.9338155990241035,-0.11224538097063193,-3.8349834305707584,0.3441158300650779,0.08072572165636664,-2.9665993913960547,-0.7622066722782291,2.77325425062289,3.1214364357093225,1.5895797381651173,0.027271076310936032,0.5898741412523976,3.4762290573278967,-0.0025940453627700116,3.051712478774837,3.841397884956507,-0.6444592621837122,-2.57166504804347,3.9730561013743744,4.3503034338796525,1.0768587133256602,-3.0961249761766405,3.934840824919035,0.5646672031025347,4.490773767919584,1.243914468988279,0.19149986280593706,4.1931996098652276,1.0478065767877616,-1.4806808387579893,1.462316778222672
2.18037232397743,-16.615741961923955,13.13816448954638,7.316981104597364,-14.289521411647625,3.050312397572099,5.100604616224736,5.191634938745235,4.9625492931921995,19.56385895684631,-5.130077517954127,-1.0023993005910008,0.6044332483600908,8.905667766525283,0.5752304948856007,-18.5135785478948,1.033877488313325,1.5004266531877095,-11.979921227223622,-5.146386278876908,12.51223572788219,9.87683159676901,5.3111520303635436,1.728652675567112,3.597425678717869,16.994516110098385,0.5549805733506413,14.783799909282907,17.614109007904972,-0.833109389336607,-15.319587954321383,19.892564669168436,20.399766789923145,4.938527243228365,-16.534222924859407,16.52360405069563,4.593940465177667,22.805280300027302,6.576815807384694,2.732113530228662,18.62817552576914,3.5284822680602104,-3.8767236618985046,5.475721366559547
-0.5186399554297513,4.376340418808007,-3.555721331121096,-2.0851506685173566,3.825435063772428,-0.9137046562377625,-1.4471614683014122,-1.395535751484025,-1.2540710691663213,-5.130077517954127,1.354007803858461,0.31085298013766116,-0.09420963025091618,-2.3869668610456496,-0.1903904933671735,4.991917380825022,-0.25902444719477563,-0.4427444653444345,3.1554787595077998,1.4375390521240587,-3.3397801690756643,-2.4840560818091304,-1.353753902434631,-0.5169224820124986,-0.9966607769663659,-4.587576542303972,-0.1670715381884415,-3.9864627146097877,-4.717465195395199,0.1498932195371607,4.227813037852212,-5.3832357785946225,-5.476190759061582,-1.3266365464670078,4.503325423189263,-4.366823149467426,-1.300997432971707,-6.179982872955455,-1.790535146343512,-0.8009279361741365,-4.96957256950154,-0.89577116530894485,0.9372080910059738,-1.4245891968943285
0.1860994668398068,0.9573712654051139,-1.2962600684594454,-1.308965483453859,1.170735912561712,-0.795689903590631,-0.878196635870197,-0.45844805097881525,0.0121396872235692,-1.0023993005910008,0.31085298013766116,0.31904706280089995,0.32841284721812686,-0.7465298439055931,-0.25204885838620605,1.7186226978400339,0.016478690066624623,-0.3529674840801887,0.6921516207774746,0.758712910564097,-0.9725455661714597,0.08733864092344212,-0.053107783673541686,-0.44696325782639534,-0.48442300044435865,-1.6080916934050293,-0.14954824960035457,-1.3740733917257117,-1.4561583038170174,-0.3430149161056399,1.9666210238047759,-1.9580266231731605,-1.7604922736394157,-0.43102179290088855,1.7911295455495453,-1.0407827867583654,-0.775492710127601,-2.2929089042398303,-0.707013821716991,-0.6115354477117156,-1.429240526843634,-0.01657636265669275,-0.24715029330246277,-0.21594076897442127
0.4721618409570343,-0.37122835436841883,-0.4478379598815447,-1.0478467298410685,0.1550372522337794,-0.7762594628892265,-0.6884900478650573,-0.10239207978142842,0.5206653256402906,0.6044332483600908,-0.09420963025091618,0.32841284721812686,0.5037312655533368,-0.12027688091545446,-0.2872341635177376,0.47685409029619946,0.1269993482195147,-0.32905998778074,-0.26563567334224253,0.5138256814854711,-0.07003229253390378,1.1083129688573319,0.4621264934414155,-0.43607697580848254,-0.296291821659403,-0.48016512832571945,-0.14921204044771286,-0.38442625268422287,-0.21225519218528094,-0.5521833836982134,1.1357734275905764,-0.6680965819504936,-0.34800859182301813,-0.08789320436988911,0.7818172445281729,0.24159423659825702,-0.5927293445544719,-0.8320837410734796,-0.3026915442291212,-0.554481502918844,-0.07154058287553412,0.3289937419460808,-0.7272812740511122,0.25771839057118
0.6521453305497272,-7.67507182132182,6.719317037682223,4.414890869429482,-7.005683106705112,2.1217173478794433,3.0554223394430498,2.5866530490690285,1.9338155990241035,8.905667766525283,-2.3869668610456496,-0.7465298439055931,-0.12027688091545446,4.389092798430736,0.5240063862965958,-9.31536229286487,0.38821659787373436,0.996534914892859,-5.5357370040258544,-2.907401069333617,6.094885505689661,3.8369687405046577,2.1670498794241326,1.205092450656258,1.9768172157580641,8.590860762203645,0.3967267765899397,7.4459883944508585,8.66155377337165,0.0668693147577507,-8.331941140423334,10.150580455144427,10.124452013010531,2.441661893291552,-8.638408647864674,7.766199323818336,2.71175724747565,11.697036958182107,3.4261014593362806,1.7731806321185244,9.028084767250277,1.433419360296025,-1.2513659485487467,2.4173174754618985
-0.20125560741103352,-0.5734699282070624,0.9681954397198271,1.0644579562556589,-0.8111404276195144,0.6624766953141672,0.728415371876547,0.32803607668799656,-0.11224538097063193,0.5752304948856007,-0.1903904933671735,-0.25204885838620605,-0.2872341635177376,0.5240063862965958,0.22358498133752866,-1.2390131791025114,-0.03485407287722311,0.28817073985552,-0.41484093863952326,-0.5920603277012513,0.6844532920140072,-0.21994885909536296,-0.03937100043298211,0.3791314982523112,0.37010536110007575,1.169032611719759,0.13008760324485605,0.996460120841665,1.0230022696887577,0.32509932590192003,-1.5120841441627493,1.4451943134460477,1.2593859030700056,0.29471717751466475,-1.3618766510133837,0.6817940301530031,0.6199147834600556,1.704268272949607,0.5327005728197618,0.49090877029152336,0.9770349037780647,-0.027755590679216034,0.28742381551530843,0.10182368832346268
-1.161131384132812,16.019244370340356,-14.389265289265126,-9.796764453469414,14.850351543746044,-4.829811266638997,-6.769612984705172,-5.505274859935216,-3.8349834305707584,-18.5135785478948,4.991917380825022,1.7186226978400339,0.47685409029619946,-9.31536229286487,-1.2390131791025114,19.873074213036503,-0.7595967052314652,-2.250656222002992,11.555069810055826,6.368012933069283,-12.897711820185286,-7.598743352353093,-4.361517439338677,-2.7445721370895786,-4.3042635124530255,-18.347439393008344,-0.9067695428289114,-15.88827894222011,-18.373643208768325,-0.3939077465279161,18.097471542563532,-21.72752834517202,-21.5266435284738,-5.187250693488597,18.592892835771114,-16.284418617755524,-5.992338932121597,-25.06785705141806,-7.368963654952966,-3.988791660831176,-19.08138102383565,-2.8804906416100016,2.308183576444876,-4.982312620624805
0.19856896576690056,-0.8524891858650255,0.510422381068583,0.11950442339030479,-0.6327029367486766,-0.018891506036279974,0.08717114708518767,0.21883591516482062,0.3441158300650779,1.033877488313325,-0.25902444719477563,0.016478690066624623,0.1269993482195147,0.38821659787373436,-0.03485407287722311,-0.7595967052314652,0.07603510809931453,0.0032155611365091794,-0.6136720443540764,-0.13268200268229444,0.5611458513389983,0.6815178437430622,0.3422076595141809,-0.012561977506718709,0.10661288757409415,0.6871111400945531,-0.006461757547174546,0.6041287179863153,0.7720670664344007,-0.15409327334248551,-0.47598569460854034,0.7797168796621003,0.8690505529072889,0.21413511575666053,-0.596995342619301,0.809478532485087,0.09014107380258136,0.8788119772553052,0.2410259284306748,0.016670058371629815,0.8497541105777767,0.2269665483559683,-0.33102170605271386,0.3083106299420048
-0.15225416663199748,-1.3818194231647838,1.6939353366958385,1.5741315000026512,-1.5662851289339577,0.9216403368621697,1.0725748118856795,0.6068065312824087,0.08072572165636664,1.5004266531877095,-0.4427444653444345,-0.3529674840801887,-0.32905998778074,0.996534914892859,0.28817073985552,-2.250656222002992,0.0032155611365091794,0.41050917288941685,-0.997694212942999,-0.9245235009960291,1.3292391311518483,0.13323069867138207,0.17196650023806653,0.5226739437449942,0.5950560050409562,2.1021498495128177,0.17649950744470644,1.8024956768772877,1.9523455640209597,0.3537170174728025,-2.4479109246219632,2.547570886475319,2.3453387082891908,0.5633163376815039,-2.3029591542909933,1.4896646706554852,0.933309095854085,2.9755920270594873,0.9081201229956013,0.7095196036361402,1.941696703819208,0.10408487947351931,0.1838600967495746,0.3495016247959446
-1.2505329612584155,10.206883265461228,-8.21814969688703,-4.744173490054864,8.87546601035867,-2.0498802562459297,-3.2943209909506748,-3.2333606059272624,-2.9665993913960547,-11.979921227223622,3.1554787595077998,0.6921516207774746,-0.26563567334224253,-5.5357370040258544,-0.41484093863952326,11.555069810055826,-0.6136720443540764,-0.997694212942999,7.359701500157266,3.2921980542518483,-7.7537671451872745,-5.875754839305637,-3.1903802734258404,-1.1587337338330612,-2.2890637653802095,-10.614318032654142,-0.3735707760756124,-9.22737597208253,-10.942864196157846,0.4008194377915383,9.71626862626162,-12.445556838021435,-12.692608390146242,-3.0769088716313955,10.389063687646745,-10.169611395683347,-2.966363584353974,-14.280246127402469,-4.131211483274651,-1.8087092831183027,-11.541694716185201,-2.111520935094368,2.2474451683069048,-3.3347319165794294
0.0013840554539564657,4.561009405227838,-4.695937962800906,-3.7502710279001277,4.604880052121238,-2.040593336433321,-2.571913889185803,-1.743049115465481,-0.7622066722782291,-5.146386278876908,1.4375390521240587,0.758712910564097,0.5138256814854711,-2.907401069333617,-0.5920603277012513,6.368012933069283,-0.13268200268229444,-0.9245235009960291,3.2921980542518483,2.310146638695088,-3.959676458984356,-1.478144802419216,-0.9731651383400449,-1.159972608541651,-1.5219363752141948,-5.9112380362067585,-0.387619877833973,-5.095316744670202,-5.717270333244308,-0.5333195886890405,6.32250588197871,-7.077662866696056,-6.77832811241492,-1.6300126001757471,6.218950445002218,-4.754606601163181,-2.255829158372613,-8.213638094222745,-2.457269514805973,-1.614694334128844,-5.824239512020565,-0.6318708934969065,0.15371415475609612,-1.3132248914881446
0.9916160496832246,-10.751407359675708,9.296899817544213,5.975447794143528,-9.732068717262761,2.8208975954764064,4.152036970019059,3.587741943376904,2.77325425062289,12.51223572788219,-3.3397801690756643,-0.9725455661714597,-0.07003229253390378,6.094885505689661,0.6844532920140072,-12.897711820185286,0.5611458513389983,1.3292391311518483,-7.7537671451872745,-3.959676458984356,8.490749899530837,5.550531373293567,3.099772785875191,1.6074094055529187,2.700026906686826,11.889933166770211,0.5298902017534638,10.3120164825698,12.035678228824743,-3.4733204032185317e-4,-11.412038620496345,14.036774362509977,14.055823407025088,3.380824463695937,-11.916692424320434,10.874449311939394,3.6752109411908993,16.16663296135171,4.725157940401993,2.366785943921672,12.56748886656589,2.063273736863259,-1.868626881297766,3.411738771151399
1.774171726714917,-8.154184000934979,5.205573581513944,1.5699744105384208,-6.221182642094407,0.0897490453675543,1.160123075685246,2.1822162428202367,3.1214364357093225,9.87683159676901,-2.4840560818091304,0.08733864092344212,1.1083129688573319,3.8369687405046577,-0.21994885909536296,-7.598743352353093,0.6815178437430622,0.13323069867138207,-5.875754839305637,-1.478144802419216,5.550531373293567,6.31960925425711,3.177315740904549,0.05600493664027278,1.138111362170026,6.904103448632,0.0016427787355644112,6.059961100709788,7.629429147166555,-1.2989697367258755,-5.0539575218527855,7.900990140131732,8.663822665069409,2.0939626477227677,-6.1858857737008135,7.8887292990661155,1.096113102376519,8.94756608539634,2.475909518199073,0.3190497945410422,8.326064874336229,2.1439497062350408,-2.9697109558721144,2.9128461295419408
0.8472403134902756,-4.427110428007334,3.014924424423435,1.175677784748603,-3.504222937148688,0.2787273682691804,0.8370302976258501,1.242072545118364,1.5895797381651173,5.3111520303635436,-1.353753902434631,-0.053107783673541686,0.4621264934414155,2.1670498794241326,-0.03937100043298211,-4.361517439338677,0.3422076595141809,0.17196650023806653,-3.1903802734258404,-0.9731651383400449,3.099772785875191,3.177315740904549,1.6303272946027558,0.15589061381957528,0.7218634073087987,3.973632090044689,0.043187921693720155,3.4784458982631676,4.301091501238978,-0.5601011073347726,-3.141374855136133,4.581527744462015,4.911482888079105,1.1948516478314044,-3.6583568994174076,4.304141560561652,0.7825508977125023,5.207345505225878,1.4621013788696424,0.344090654598656,4.647315555649973,1.0888353769876353,-1.4370715156847587,1.543045167591071
-0.2319193890456963,-1.6033119593517833,2.0889241625092816,2.001543083674349,-1.8863429723103458,1.1839128664100171,1.3724600179134787,0.7385857298289547,0.027271076310936032,1.728652675567112,-0.5169224820124986,-0.44696325782639534,-0.43607697580848254,1.205092450656258,0.3791314982523112,-2.7445721370895786,-0.012561977506718709,0.5226739437449942,-1.1587337338330612,-1.159972608541651,1.6074094055529187,0.05600493664027278,0.15589061381957528,0.677639833165062,0.7403712408477614,2.571027031859335,0.22987041805998046,2.2011540425399923,2.359985939066029,0.48362437056517754,-3.0490279447825097,3.128743691882319,2.8534473597367365,0.6748601046913535,-2.8550677130232707,1.77204760880381,1.1804881476550297,3.663717672887363,1.122215509673056,0.8984717118754898,2.330127130227811,0.10029208919375318,0.2982381236651201,0.38957488000673374
0.05531389217153165,-3.171912168695625,3.156614137246978,2.440559968390524,-3.136861534995211,1.3058316418310627,1.672516582515711,1.1813312106799994,0.5898741412523976,3.597425678717869,-0.9966607769663659,-0.48442300044435865,-0.296291821659403,1.9768172157580641,0.37010536110007575,-4.3042635124530255,0.10661288757409415,0.5950560050409562,-2.2890637653802095,-1.5219363752141948,2.700026906686826,1.138111362170026,0.7218634073087987,0.7403712408477614,1.0089762996217637,3.9891124654595718,0.2465659457094429,3.4427324468684133,3.890096326946123,0.2991408897759551,-4.194971971928408,4.764552605298456,4.597804288892268,1.1099741058435728,-4.160178585655892,3.279508778609652,1.4740387752770698,5.520388857462711,1.6451778184357617,1.042792111971442,3.9805310390274378,0.46770855913807735,-0.19233687848042844,0.9303259698974189
1.025678968732441,-14.714188735849222,13.30269779270254,9.123643520251584,-13.689367609399204,4.519201170559799,6.30783011399,5.0802154251012395,3.4762290573278967,16.994516110098385,-4.587576542303972,-1.6080916934050293,-0.48016512832571945,8.590860762203645,1.169032611719759,-18.347439393008344,0.6871111400945531,2.1021498495128177,-10.614318032654142,-5.9112380362067585,11.889933166770211,6.904103448632,3.973632090044689,2.571027031859335,3.9891124654595718,16.945695131291394,0.8504259126721488,14.669891557606503,16.942021041104855,0.4143311505955124,-16.772765713867532,20.07704378383051,19.86239764501045,4.780337702224707,-17.2040720179878,14.983243524147383,5.573879483070095,23.17242115516194,6.817218439317137,3.7211223426635662,17.580184226583654,2.6280008812393785,-2.0579432627228664,4.564429871077822
-0.08388800404057713,-0.5171487939958731,0.6941881783660144,0.6748973476312303,-0.619794082707745,0.4009293581485559,0.4644813759458083,0.24364815536182663,-0.0025940453627700116,0.5549805733506413,-0.1670715381884415,-0.14954824960035457,-0.14921204044771286,0.3967267765899397,0.13008760324485605,-0.9067695428289114,-0.006461757547174546,0.17649950744470644,-0.3735707760756124,-0.387619877833973,0.5298902017534638,0.0016427787355644112,0.043187921693720155,0.22987041805998046,0.2465659457094429,0.8504259126721488,0.07858993943200543,0.7281599023976288,0.7773000574352078,0.16845000069561905,-1.0177520545298193,1.037673654976344,0.9416928773206997,0.22107676938670703,-0.9516077110589938,0.5777334306967997,0.3965619620990983,1.2163501200985882,0.373596342794809,0.3024130509954548,0.7643072195869347,0.028985254419775168,0.11062874733529725,0.1228229824348695
0.9209151422835196,-12.79218141214887,11.510250484568841,7.847737356921336,-11.868261741787327,3.8713155095825127,5.426048126865698,4.401142748095138,3.051712478774837,14.783799909282907,-3.9864627146097877,-1.3740733917257117,-0.38442625268422287,7.4459883944508585,0.996460120841665,-15.88827894222011,0.6041287179863153,1.8024956768772877,-9.22737597208253,-5.095316744670202,10.3120164825698,6.059961100709788,3.4784458982631676,2.2011540425399923,3.4427324468684133,14.669891557606503,0.7281599023976288,12.70434330562562,14.68723741742328,0.32432013559666245,-14.478974759020348,17.376528992435574,17.210820658852846,4.1438507663583914,-14.876282659702458,13.013578216521605,4.7977864466631415,20.04973447894744,5.894599303141507,3.192887623794658,15.24934548445725,2.3004834795995968,-1.8326226871261813,3.9768256372012254
1.3103651558502103,-15.173036505197564,13.249238719070576,8.670115742181531,-13.827358000547823,4.154121203386791,6.0037015802707066,5.1039343122562455,3.841397884956507,17.614109007904972,-4.717465195395199,-1.4561583038170174,-0.21225519218528094,8.66155377337165,1.0230022696887577,-18.373643208768325,0.7720670664344007,1.9523455640209597,-10.942864196157846,-5.717270333244308,12.035678228824743,7.629429147166555,4.301091501238978,2.359985939066029,3.890096326946123,16.942021041104855,0.7773000574352078,14.68723741742328,17.09679484509088,0.10759943629208558,-16.400872279659282,20.01653838873987,19.979757647828254,4.817907801122806,-17.026588058555898,15.34871117743007,5.3270327139188245,23.06215044409754,6.7524543999579825,3.474096189353085,17.825385523585012,2.8471490097797947,-2.5044931030035973,4.78510636757743
-0.5459011387835645,0.5592867374418683,0.42418678770435697,1.1316432553767788,-0.05860558670118177,0.8468492305327602,0.7597639570700625,0.07684992870272542,-0.6444592621837122,-0.833109389336607,0.1498932195371607,-0.3430149161056399,-0.5521833836982134,0.0668693147577507,0.32509932590192003,-0.3939077465279161,-0.15409327334248551,0.3537170174728025,0.4008194377915383,-0.5333195886890405,-3.4733204032185317e-4,-1.2989697367258755,-0.5601011073347726,0.48362437056517754,0.2991408897759551,0.4143311505955124,0.16845000069561905,0.32432013559666245,0.10759943629208558,0.6301885814323842,-1.156612877934542,0.612423381861069,0.2488089679800879,0.04838688159119706,-0.7778603353766855,-0.37784915184164647,0.6302980782884757,0.7815719832413969,0.2957799762123215,0.5881416650840091,-0.06317657158533627,-0.3804200812181627,0.8489840293142271,-0.3338620708234176
-0.32615242327934946,13.465582528267388,-13.277789281359464,-10.12344705981011,13.222294866388248,-5.3629922868183,-6.9630236365094405,-4.971218683805422,-2.57166504804347,-15.319587954321383,4.227813037852212,1.9666210238047759,1.1357734275905764,-8.331941140423334,-1.5120841441627493,18.097471542563532,-0.47598569460854034,-2.4479109246219632,9.71626862626162,6.32250588197871,-11.412038620496345,-5.0539575218527855,-3.141374855136133,-3.0490279447825097,-4.194971971928408,-16.772765713867532,-1.0177520545298193,-14.478974759020348,-16.400872279659282,-1.156612877934542,17.50603264347969,-20.01563121906798,-19.37049331017904,-4.655728031525096,17.450284992180602,-13.924842053096226,-6.114152882189121,-23.188864417429613,-6.901792326259098,-4.290357633409369,-16.810027445589494,-2.0575174555140654,0.953497789040712,-3.9825965985486333
1.1060040895370766,-17.252691187723627,15.784195517442098,10.986990205720879,-16.164647986954428,5.49644610952672,7.595889776671944,6.010879794850494,3.9730561013743744,19.892564669168436,-5.3832357785946225,-1.9580266231731605,-0.6680965819504936,10.150580455144427,1.4451943134460477,-21.72752834517202,0.7797168796621003,2.547570886475319,-12.445556838021435,-7.077662866696056,14.036774362509977,7.900990140131732,4.581527744462015,3.128743691882319,4.764552605298456,20.07704378383051,1.037673654976344,17.376528992435574,20.01653838873987,0.612423381861069,-20.01563121906798,23.815650927618577,23.492316965490723,5.6490340089365185,-20.460732644333678,17.61301383779458,6.698733871941762,27.50128607229214,8.103296117206671,4.500168957781059,20.733982278022946,3.0318288760430456,-2.2640344228588027,5.320953024403072
1.4238634383226385,-17.596857932757366,15.559392253404948,10.345131644745795,-16.150251599914373,5.013006280332534,7.166268762814753,5.97458770564377,4.3503034338796525,20.399766789923145,-5.476190759061582,-1.7604922736394157,-0.34800859182301813,10.124452013010531,1.2593859030700056,-21.5266435284738,0.8690505529072889,2.3453387082891908,-12.692608390146242,-6.77832811241492,14.055823407025088,8.663822665069409,4.911482888079105,2.8534473597367365,4.597804288892268,19.86239764501045,0.9416928773206997,17.210820658852846,19.979757647828254,0.2488089679800879,-19.37049331017904,23.492316965490723,23.379849098163493,5.628259315023908,-20.038120621460067,17.855999548612587,6.341782466548966,27.084603358471533,7.942209524341762,4.163300126491488,20.79605123504496,3.2569377357452556,-2.758480566392892,5.520396673690672
0.35228989204513855,-4.266402163639142,3.730081905672304,2.4688255392708744,-3.900403011358074,1.1977782500823535,1.6970601909136223,1.439650083252623,1.0768587133256602,4.938527243228365,-1.3266365464670078,-0.43102179290088855,-0.08789320436988911,2.441661893291552,0.29471717751466475,-5.187250693488597,0.21413511575666053,0.5633163376815039,-3.0769088716313955,-1.6300126001757471,3.380824463695937,2.0939626477227677,1.1948516478314044,0.6748601046913535,1.1099741058435728,4.780337702224707,0.22107676938670703,4.1438507663583914,4.817907801122806,0.04838688159119706,-4.655728031525096,5.6490340089365185,5.628259315023908,1.3685822922166329,-4.804767362489488,4.298969354544069,1.519156240285743,6.50602522710865,1.9068449488085537,1.0039018090804719,5.019294415924581,0.7798395770254155,-0.6807335657363116,1.3383032314929095
-0.7164320220615682,14.400277967273762,-13.575266892726964,-9.787632566851,13.733761825491165,-5.006649732870109,-6.767443444327202,-5.131268465530262,-3.0961249761766405,-16.534222924859407,4.503325423189263,1.7911295455495453,0.7818172445281729,-8.638408647864674,-1.3618766510133837,18.592892835771114,-0.596995342619301,-2.3029591542909933,10.389063687646745,6.218950445002218,-11.916692424320434,-6.1858857737008135,-3.6583568994174076,-2.8550677130232707,-4.160178585655892,-17.2040720179878,-0.9516077110589938,-14.876282659702458,-17.026588058555898,-0.7778603353766855,17.450284992180602,-20.460732644333678,-20.038120621460067,-4.804767362489488,17.68840022146544,-14.798946818586714,-5.939479307858334,-23.66060876529971,-6.998272957912442,-4.050074932264689,-17.563371425744872,-2.4259040045008327,1.573683486544412,-4.3768795457311285
1.5959787084382115,-14.101326973413876,11.65687142403719,6.977461632766746,-12.428107278515665,3.106029400874867,4.865591590129624,4.549807858028489,3.934840824919035,16.52360405069563,-4.366823149467426,-1.0407827867583654,0.24159423659825702,7.766199323818336,0.6817940301530031,-16.284418617755524,0.809478532485087,1.4896646706554852,-10.169611395683347,-4.754606601163181,10.874449311939394,7.8887292990661155,4.304141560561652,1.77204760880381,3.279508778609652,14.983243524147383,0.5777334306967997,13.013578216521605,15.34871117743007,-0.37784915184164647,-13.924842053096226,17.61301383779458,17.855999548612587,4.298969354544069,-14.798946818586714,14.159107903390142,4.3314078834273415,20.24192375652233,5.874833397661037,2.6775203296945946,16.133000527338634,2.872137030169553,-2.9013423002005028,4.569273992368277
-0.11900539334124838,-4.108997178302623,4.451101791217219,3.725775033660293,-4.283993083256725,2.074621806661109,2.5540156601074364,1.6327807643650696,0.5646672031025347,4.593940465177667,-1.300997432971707,-0.775492710127601,-0.5927293445544719,2.71175724747565,0.6199147834600556,-5.992338932121597,0.09014107380258136,0.933309095854085,-2.966363584353974,-2.255829158372613,3.6752109411908993,1.096113102376519,0.7825508977125023,1.1804881476550297,1.4740387752770698,5.573879483070095,0.3965619620990983,4.7977864466631415,5.3270327139188245,0.6302980782884757,-6.114152882189121,6.698733871941762,6.341782466548966,1.519156240285743,-5.939479307858334,4.3314078834273415,2.229067679742315,7.790730227516791,2.3442863807675134,1.6238230929536872,5.390004565923588,0.5068402375095402,0.04045549698984774,1.1467015950991428
1.2070679467741603,-19.79498969818999,18.234349998022513,12.792616858063722,-18.61947944140649,6.431103950150821,8.846461682556878,6.930947348556929,4.490773767919584,22.805280300027302,-6.179982872955455,-2.2929089042398303,-0.8320837410734796,11.697036958182107,1.704268272949607,-25.06785705141806,0.8788119772553052,2.9755920270594873,-14.280246127402469,-8.213638094222745,16.16663296135171,8.94756608539634,5.207345505225878,3.663717672887363,5.520388857462711,23.17242115516194,1.2163501200985882,20.04973447894744,23.06215044409754,0.7815719832413969,-23.188864417429613,27.50128607229214,27.084603358471533,6.50602522710865,-23.66060876529971,20.24192375652233,7.790730227516791,31.769349258746843,9.368852745886853,5.250942190704414,23.867835458271035,3.449409298686089,-2.5037256611931573,6.0866812766399105
0.29434748488248363,-5.72674860312064,5.3748707994455085,3.8601384764214073,-5.448859477197294,1.9703518023607611,2.6670496339095986,2.0338158441011327,1.243914468988279,6.576815807384694,-1.790535146343512,-0.707013821716991,-0.3026915442291212,3.4261014593362806,0.5327005728197618,-7.368963654952966,0.2410259284306748,0.9081201229956013,-4.131211483274651,-2.457269514805973,4.725157940401993,2.475909518199073,1.4621013788696424,1.122215509673056,1.6451778184357617,6.817218439317137,0.373596342794809,5.894599303141507,6.7524543999579825,0.2957799762123215,-6.901792326259098,8.103296117206671,7.942209524341762,1.9068449488085537,-6.998272957912442,5.874833397661037,2.3442863807675134,9.368852745886853,2.7703994217003185,1.5986307529676602,6.969710730456567,0.9670441324188368,-0.6408482188964368,1.7434989571974375
-0.23591187598752275,-2.5051726826492664,2.988230956624193,2.7312206955148777,-2.7914692026293277,1.58820107587328,1.8569969562916655,1.0766548858820333,0.19149986280593706,2.732113530228662,-0.8009279361741365,-0.6115354477117156,-0.554481502918844,1.7731806321185244,0.49090877029152336,-3.988791660831176,0.016670058371629815,0.7095196036361402,-1.8087092831183027,-1.614694334128844,2.366785943921672,0.3190497945410422,0.344090654598656,0.8984717118754898,1.042792111971442,3.7211223426635662,0.3024130509954548,3.192887623794658,3.474096189353085,0.5881416650840091,-4.290357633409369,4.500168957781059,4.163300126491488,1.0039018090804719,-4.050074932264689,2.6775203296945946,1.6238230929536872,5.250942190704414,1.5986307529676602,1.2300795932158746,3.4681115482902207,0.20728564356506557,0.2711813930943657,0.646316719252935
1.5192457907576753,-16.00413978993031,13.71799669960442,8.7413620087918,-14.426537774901972,4.104149114251881,6.056950853251666,5.3089194628988015,4.1931996098652276,18.62817552576914,-4.96957256950154,-1.429240526843634,-0.07154058287553412,9.028084767250277,0.9770349037780647,-19.08138102383565,0.8497541105777767,1.941696703819208,-11.541694716185201,-5.824239512020565,12.56748886656589,8.326064874336229,4.647315555649973,2.330127130227811,3.9805310390274378,17.580184226583654,0.7643072195869347,15.24934548445725,17.825385523585012,-0.06317657158533627,-16.810027445589494,20.733982278022946,20.79605123504496,5.019294415924581,-17.563371425744872,16.133000527338634,5.390004565923588,23.867835458271035,6.969710730456567,3.4681115482902207,18.635416667561994,3.0769746789037384,-2.8514338646979347,5.091037863924672
0.5713303001476289,-2.929485446650449,2.0050250572881683,0.7656784154022838,-2.314068606075622,0.1673448827419074,0.5593384098933533,0.8220431525809198,1.0478065767877616,3.5284822680602104,-0.89577116530894485,-0.01657636265669275,0.3289937419460808,1.433419360296025,-0.027755590679216034,-2.8804906416100016,0.2269665483559683,0.10408487947351931,-2.111520935094368,-0.6318708934969065,2.063273736863259,2.1439497062350408,1.0888353769876353,0.10029208919375318,0.46770855913807735,2.6280008812393785,0.028985254419775168,2.3004834795995968,2.8471490097797947,-0.3804200812181627,-2.0575174555140654,3.0318288760430456,3.2569377357452556,0.7798395770254155,-2.4259040045008327,2.872137030169553,0.5068402375095402,3.449409298686089,0.9670441324188368,0.20728564356506557,3.0769746789037384,0.7398685142559613,-0.9655005580640358,1.0263093366953924
-0.9540106130140007,3.1211681712188297,-1.472668567519345,0.2107979630039019,2.0636022868746506,0.5197835995190488,0.11220819868835842,-0.6864399090041229,-1.4806808387579893,-3.8767236618985046,0.9372080910059738,-0.24715029330246277,-0.7272812740511122,-1.2513659485487467,0.28742381551530843,2.308183576444876,-0.33102170605271386,0.1838600967495746,2.2474451683069048,0.15371415475609612,-1.868626881297766,-2.9697109558721144,-1.4370715156847587,0.2982381236651201,-0.19233687848042844,-2.0579432627228664,0.11062874733529725,-1.8326226871261813,-2.5044931030035973,0.8489840293142271,0.953497789040712,-2.2640344228588027,-2.758480566392892,-0.6807335657363116,1.573683486544412,-2.9013423002005028,0.04045549698984774,-2.5037256611931573,-0.6408482188964368,0.2711813930943657,-2.8514338646979347,-0.9655005580640358,1.5554537269252864,-1.200763123656211
0.6866902053279244,-4.626032049919529,3.5107544792723413,1.8045015323748137,-3.8872125483543294,0.6886517004523313,1.2624251359067689,1.4026406986746527,1.462316778222672,5.475721366559547,-1.4245891968943285,-0.21594076897442127,0.25771839057118,2.4173174754618985,0.10182368832346268,-4.982312620624805,0.3083106299420048,0.3495016247959446,-3.3347319165794294,-1.3132248914881446,3.411738771151399,2.9128461295419408,1.543045167591071,0.38957488000673374,0.9303259698974189,4.564429871077822,0.1228229824348695,3.9768256372012254,4.78510636757743,-0.3338620708234176,-3.9825965985486333,5.320953024403072,5.520396673690672,1.3383032314929095,-4.3768795457311285,4.569273992368277,1.1467015950991428,6.0866812766399105,1.7434989571974375,0.646316719252935,5.091037863924672,1.0263093366953924,-1.200763123656211,1.5500589704683416
