V1,V2,V3,V4,V5,V6,V7,V8,V9,V10,V11,V12,V13,V14,V15,V16,V17,V18,V19,V20,V21,V22,V23,V24,V25,V26,V27,V28,V29,V30,V31,V32,V33,V34,V35,V36,V37,V38,V39,V40,V41,V42,V43,V44
0.43783282610897606,0.9528294791704653,-2.0236401823788928,3.028468458584899,1.231522000733012,4.092402871924581,0.9298005730670882,3.598618687707564,-0.46916090760601675,-0.45631807979815653,4.269077075463747,2.711733120918222,-2.0852053746401316,-0.5045095925931742,2.8808146474251246,0.6020750394610915,2.1351635392269976,-0.710848062991905,1.2938166491847747,1.817326840280459,0.3667524369867814,-0.6848225426065147,1.7558503177102323,0.40103652487162056,0.2074539001329995,1.0107714833014738,-0.34597720442483293,1.5051406281728446,0.16868137681064355,-1.2502751861974282,-0.896020246543622,1.4982384274645633,-1.5281085157995684,1.4596812215197228,0.8948919597914029,0.5273278087220673,-2.7148709141782095,6.794068225232052,-4.275572871958142,0.044051054562479826,1.9503667987346325,-0.7714433552333588,-0.428647975406035,3.9260853246474356
0.9528294791704653,11.276205759038131,-15.925878636793833,27.14845412036598,10.718504308221469,35.52948652034277,8.870112733929696,28.921134972285746,-5.998972202768648,-8.1474938388227791,34.86599297562644,18.999446557869998,-19.423046347698268,-4.368009670696415,23.84065750590063,4.091953142752577,15.766445541626357,-4.9150747646630375,12.167970298975547,11.525493329527626,0.794918658203153,-11.31864075020374,11.212324167890397,5.384580948546044,3.308324006386489,9.200800536687312,-2.625660178990113,12.32207173987156,-0.49608402595428935,-7.986244639652367,-10.784443501286436,12.632459319491382,-11.980805020429802,11.797314732772412,6.365507285327835,2.5631336983155992,-19.157628543949528,55.48062591346352,-34.2261105534919,2.268075033284183,13.704130403340246,-8.135702795464907,-0.3602512170758881,29.836836082872082
-2.0236401823788928,-15.925878636793833,23.88612430350526,-39.73795881084753,-15.769413721062234,-52.372750957149805,-12.828225376065902,-43.21110186733908,8.351352761497465,11.0255792055511,-51.904878131639514,-28.925521421025632,28.384923798808167,6.41187792061635,-35.41827014217103,-6.212407067947429,-23.84065547334182,7.580799036395052,-17.631439773643514,-17.880160620620526,-1.6305991092796133,15.411181208719052,-17.4515327330463,-7.524243404266637,-4.593259752480363,-13.597924106804063,4.006269911378743,-18.417698192753296,0.3501974249794041,12.504305000670142,15.293700470361527,-18.71577451968413,17.8406754031209,-17.643096439347158,-9.797520022293208,-4.340520449768539,29.24879123246163,-82.65083588794198,51.21726788649067,-2.9321879454080864,-20.96822376940839,11.69434727182734,1.3659971173118814,-45.025668141297025
3.028468458584899,27.14845412036598,-39.73795881084753,67.7642616845547,26.45033687250748,88.59139430360574,22.172851879777166,72.55949339476825,-14.549830054309718,-19.11528149958608,87.24332690813728,48.42729801463015,-48.06127962519808,-10.748993422363654,59.649258785833716,10.205587225143898,39.98728949218358,-12.398077025385557,30.02237197741726,29.70538112876734,2.8046939868667913,-26.908195912676437,28.89188495554959,12.982253672906552,7.846562712407004,23.00407894834151,-6.550891713369918,31.027988006734528,-0.4395928975049357,-20.456689555468305,-26.447161481032065,31.859115707394544,-29.987481558303738,29.554976385150578,15.794207520239242,6.9146760511320915,-48.58576223866703,139.33339191927305,-85.63845495091363,5.364506610021706,35.16514108971072,-19.884180405124717,-1.5891770707650699,75.2987279503083
1.231522000733012,10.718504308221469,-15.769413721062234,26.45033687250748,10.499107300293437,34.7690085124592,8.599590510309692,28.54839000623226,-5.669224224903433,-7.550366809264109,34.36487212672853,19.069334409718245,-18.86711186237273,-4.276487870986118,23.469881185578764,4.140960146036098,15.723990961339423,-4.940566266467803,11.80938266342144,11.753438659305738,1.0215772731811643,-10.48429098891788,11.39900323332012,5.051337914988831,3.0674837618150175,8.953397372052084,-2.6181208777371654,12.154506469001943,-0.2962401823860827,-8.128048506387966,-10.235443250303934,12.370202329401282,-11.870490164848446,11.631073518272023,6.406452945664685,2.688322838940521,-19.242394737798783,54.64511695837509,-33.82686337091496,2.0300887293754957,13.744202081403126,-7.815498936992482,-0.7171262321831416,29.654550021953572
4.092402871924581,35.52948652034277,-52.372750957149805,88.59139430360574,34.7690085124592,116.22808298735399,28.875365974666742,95.41920730813045,-18.89530619730394,-24.904926603749463,114.65332561255977,63.60982714626371,-63.06375464163778,-14.104757266228232,78.36913906187561,13.43039153777569,52.51832120769389,-16.43948092250918,39.24748009676204,39.086757940492625,3.6261057968132238,-34.955440163147784,38.110785434618386,16.945473382357218,10.325781314333053,30.26559723345809,-8.716062850070063,40.85503917095395,-0.6643349976639096,-27.110345641448067,-34.56700355750901,41.72408068879451,-39.263766376498296,38.9220256641393,21.03014496768365,9.273944495605392,-64.07379737886355,182.97920361818208,-112.77965051462428,6.894443006298621,46.247239972723726,-26.07161411064317,-2.394193539178606,99.10337264026091
0.9298005730670882,8.870112733929696,-12.828225376065902,22.172851879777166,8.599590510309692,28.875365974666742,7.587629096749862,23.479190287754165,-4.990290288147963,-6.487173556364161,28.442725265355016,15.995628887962456,-15.508133713310107,-3.4992295333317176,19.57180169862849,3.4676335504172613,13.10476410737858,-3.892640673786726,9.916012943887099,9.985335317492424,1.1493479729256346,-8.797949012589697,9.36237163979515,4.099343906379491,2.3652566671040054,7.35110064908251,-2.0145010003882016,10.13968069290984,-0.015026422443138782,-6.502797606412786,-8.673089887968096,10.359144504763744,-9.875696630008697,9.55102278502051,4.9326944946633215,1.84014122773565,-15.920634073268342,45.26912847768593,-27.7075590221481,1.8996929578583366,11.407100924835202,-6.493060402309034,-0.32361163950023353,24.406153924017783
3.598618687707564,28.921134972285746,-43.21110186733908,72.55949339476825,28.54839000623226,95.41920730813045,23.479190287754165,78.62181205716541,-15.243933371518045,-20.015252810543746,94.32736360754939,52.47153558945412,-51.73781388350468,-11.571789862291865,64.41845476718588,11.043347082629055,43.301424515377114,-13.68752296501684,32.0478919842639,32.30404754868224,3.046110329748991,-28.214039615165124,31.644943454900858,13.810147962656204,8.456608221120717,24.930894576562807,-7.256561493219772,33.65010939812296,-0.47199093136853687,-22.597765100563624,-28.151645215085065,34.29834935442643,-32.23331807844501,32.097568427747376,17.515539175017775,7.972094815422685,-52.96508511519559,150.59324521285987,-92.98106944541122,5.455278659808106,38.25843850113505,-21.29923019701121,-2.3491683562750723,81.80679442134733
-0.46916090760601675,-5.998972202768648,8.351352761497465,-14.549830054309718,-5.669224224903433,-18.89530619730394,-4.990290288147963,-15.243933371518045,3.3736694415450597,4.496732180559525,-18.524363361849403,-10.262884435543633,10.214514528038958,2.317382340722858,-12.750542959287946,-2.2655338036566137,-8.443028512324211,2.4915190483136747,-6.573755077401799,-6.339381773020555,-0.6086494482909747,6.058530181528367,-5.920142530210936,-2.7780883715773164,-1.6149111380827206,-4.780212498783579,1.2970119950916017,-6.550970981273218,0.14337216906186379,4.109359598827818,5.774912347806665,-6.72149646447119,6.460577999806244,-6.197951572003791,-3.192450114425488,-1.0706794242819266,10.212984572353626,-29.406834985944908,18.005257910484126,-1.319946467493974,-7.260567713176317,4.325323893265502,0.0320395210094088,-15.751573955239557
-0.45631807979815653,-8.1474938388227791,11.0255792055511,-19.11528149958608,-7.550366809264109,-24.904926603749463,-6.487173556364161,-20.015252810543746,4.496732180559525,6.195502501592589,-24.33723179147548,-13.189600804152024,13.593180686760222,3.085945706379062,-16.740916511942306,-2.953287582787792,-10.93039726845928,3.2738620968556225,-8.707624857934832,-8.044972893876254,-0.5298722943063112,8.303841647872781,-7.566600275865419,-3.7977965509492946,-2.276881830110838,-6.324084390551575,1.7437602389651892,-8.579574032573518,0.4310404015638789,5.31431409337438,7.7337922229229905,-8.758929706613314,8.446120226719016,-8.15134527775077,-4.2848955670312225,-1.3439713475386064,13.24463696979546,-38.52026585506801,23.716319885817164,-1.7957247252794106,-9.320173227888898,5.808309152569131,-0.09153551760807957,-20.556146765867222
4.269077075463747,34.86599297562644,-51.904878131639514,87.24332690813728,34.36487212672853,114.65332561255977,28.442725265355016,94.32736360754939,-18.524363361849403,-24.33723179147548,113.37900624589042,63.208238756581174,-62.07390469286401,-13.952887043959826,77.48745055246583,13.46479887187053,52.080342469858735,-16.34887227365071,38.67718582391972,39.04625231609437,3.756348021200643,-34.004627428188655,37.9546109935812,16.504915538112492,10.010952179236817,29.763041248646925,-8.632203741879488,40.35740094830119,-0.5679830846901945,-27.026162482835343,-33.78573339066193,41.103291089106854,-38.925548465269166,38.48430447147017,20.9726608333677,9.208784634849804,-63.7089982550647,180.75027573848834,-111.60699943823184,6.6476736293271825,45.83573893056654,-25.623297461577366,-2.65196441837375,98.17359285650035
2.711733120918222,18.999446557869998,-28.925521421025632,48.42729801463015,19.069334409718245,63.60982714626371,15.995628887962456,52.47153558945412,-10.262884435543633,-13.189600804152024,63.208238756581174,35.92518606420188,-34.115686548758624,-7.772178847628565,43.23562316252816,7.801594197791812,29.351427343503214,-9.102778530232504,21.51074060610824,22.521040219354532,2.619731569270533,-18.238067209083486,21.548033833528272,8.793817509507567,5.159361459220313,16.249534929067288,-4.706960135741723,22.416893533265135,0.06242922514922028,-15.206562762746426,-18.31618278019552,22.82272440651604,-21.955914565542354,21.37469660104599,11.618967495215987,4.991090797438371,-35.99186692310845,100.59298611669314,-62.08193001956046,3.5436904471301314,25.78240052343414,-14.025124604181977,-1.712550079082503,54.8913986352662
-2.0852053746401316,-19.423046347698268,28.384923798808167,-48.06127962519808,-18.86711186237273,-63.06375464163778,-15.508133713310107,-51.73781388350468,10.214514528038958,13.593180686760222,-62.07390469286401,-34.115686548758624,34.39411561382598,7.643457174361605,-42.37044687938254,-7.123707407087367,-28.292393187410376,8.9306760326292,-21.263436065670177,-20.785589889302916,-1.6941061600384317,19.23975048740076,-20.47879903161521,-9.370537378715047,-5.795091574590096,-16.54917421870818,4.783160045497207,-22.12137220762908,0.5481275627751504,14.647476448043381,18.912470532073424,-22.624321318601293,21.160122544177973,-21.111917413885223,-11.45938219954108,-5.160798698966699,34.45983901420681,-99.17490112299836,61.14383895806794,-3.7713760582399685,-24.953032674557775,14.225221543775335,1.231331974474455,-53.61273675783521
-0.5045095925931742,-4.368009670696415,6.41187792061635,-10.748993422363654,-4.276487870986118,-14.104757266228232,-3.4992295333317176,-11.571789862291865,2.317382340722858,3.085945706379062,-13.952887043959826,-7.772178847628565,7.643457174361605,1.7518255439819335,-9.52454326131469,-1.7164945384856893,-6.395420685822633,2.001895449023861,-4.819529487243155,-4.7982919165210705,-0.4200733205171258,4.272496636511655,-4.627160712055819,-2.044663186512878,-1.22653017101634,-3.593844095367896,1.0508570831690702,-4.89689875134474,0.12363065127825677,3.289752265345585,4.118963773548175,-5.005180622371364,4.865603105052905,-4.709038986411655,-2.602041205199869,-1.061200449253367,7.816265192445449,-22.14946691494435,13.715785770162453,-0.8181291226900577,-5.558279543535794,3.1684061943774235,0.2746894423604146,-12.02621858377479
2.8808146474251246,23.84065750590063,-35.41827014217103,59.649258785833716,23.469881185578764,78.36913906187561,19.57180169862849,64.41845476718588,-12.750542959287946,-16.740916511942306,77.48745055246583,43.23562316252816,-42.37044687938254,-9.52454326131469,53.03631449567547,9.22388519055432,35.6020125218292,-11.12075088798959,26.452612534560004,26.762681268713262,2.637938969145502,-23.264874528759535,25.904923758717654,11.25751619806633,6.807553601854859,20.330548344934552,-5.862096519047973,27.643179443367924,-0.3408249597270135,-18.407509762081695,-23.167638640704894,28.119975334436653,-26.5778164180107,26.293863251443074,14.242106533721277,6.1545043531710695,-43.56312151168307,123.4978469779967,-76.2208440602919,4.617111746181878,31.306982894647817,-17.52501480886924,-1.727878191735916,67.0460410072866
0.6020750394610915,4.091953142752577,-6.212407067947429,10.205587225143898,4.140960146036098,13.43039153777569,3.4676335504172613,11.043347082629055,-2.2655338036566137,-2.953287582787792,13.46479887187053,7.801594197791812,-7.123707407087367,-1.7164945384856893,9.22388519055432,1.8853765017167332,6.2951323730820645,-1.9060931498774067,4.678054627701913,5.026357917528847,0.6035342472317664,-3.8297170315282907,4.587104322702826,1.753884254485325,0.9531375738974496,3.2269044855291145,-0.9585329540191598,4.648644971800273,-0.02702620232615403,-3.2078319574904017,-3.7005390336058603,4.673531937286296,-4.880851608473207,4.469748218919309,2.5313117799003337,0.8032497961003412,-7.78509891464397,21.116339307741285,-13.16760163480589,0.7430524757942966,5.355298595275851,-2.9638755446414464,-0.3248004551210945,11.608827381002154
2.1351635392269976,15.766445541626357,-23.84065547334182,39.98728949218358,15.723990961339423,52.51832120769389,13.10476410737858,43.301424515377114,-8.443028512324211,-10.93039726845928,52.080342469858735,29.351427343503214,-28.292393187410376,-6.395420685822633,35.6020125218292,6.2951323730820645,24.095165703424975,-7.52045519884072,17.705534523563777,18.29004085686272,1.9643274561502875,-15.229751571035266,17.652380299187044,7.393245092313042,4.4036923569645445,13.550489373550354,-3.9292940424805773,18.516091024603703,-0.07269062869336676,-12.523399406264806,-15.27815807271999,18.856873165981078,-17.997485763604185,17.644640578391922,9.627353391819579,4.223826992310448,-29.491943833186546,83.0027961653729,-51.22835081222798,2.975984902244645,21.212950668343137,-11.635689286057852,-1.3675932230026395,45.225635778385026
-0.710848062991905,-4.9150747646630375,7.580799036395052,-12.398077025385557,-4.940566266467803,-16.43948092250918,-3.892640673786726,-13.68752296501684,2.4915190483136747,3.2738620968556225,-16.34887227365071,-9.102778530232504,8.9306760326292,2.001895449023861,-11.12075088798959,-1.9060931498774067,-7.52045519884072,2.472578916107728,-5.438978318045626,-5.605022840444626,-0.49129953054156833,4.680373163806026,-5.5973027676390155,-2.361198146219415,-1.4824868538100655,-4.352141731632534,1.3117781780194793,-5.828729297648217,0.10813973840665192,4.065364150501914,4.745983027491887,-5.9129471964162335,5.5457179159269225,-5.61149921464072,-3.1860247970279074,-1.5732077101184445,9.270728781793524,-26.10680706139035,16.237964128854127,-0.8343421077012722,-6.692648074085992,3.6398933782097167,0.5878367345757286,-14.30337024121129
1.2938166491847747,12.167970298975547,-17.631439773643514,30.02237197741726,11.80938266342144,39.24748009676204,9.916012943887099,32.0478919842639,-6.573755077401799,-8.707624857934832,38.67718582391972,21.51074060610824,-21.263436065670177,-4.819529487243155,26.452612534560004,4.678054627701913,17.705534523563777,-5.438978318045626,13.446413447858466,13.252295888827494,1.2382313281275845,-12.050840842196907,12.715476924078935,5.712162224032924,3.4044798640220604,10.023066581460423,-2.8604006530530253,13.647697317492316,-0.2670528518083536,-8.965233934730113,-11.6520705875118,13.980604374540562,-13.43967125208039,13.030030726220609,6.998469241405007,2.807755252961073,-21.546965149323352,61.52214499442821,-37.8855301674558,2.4078090174490354,15.417865517694207,-8.846261388271596,-0.5871215491868231,33.234894741176014
1.817326840280459,11.525493329527626,-17.880160620620526,29.70538112876734,11.753438659305738,39.086757940492625,9.985335317492424,32.30404754868224,-6.339381773020555,-8.044972893876254,39.04625231609437,22.521040219354532,-20.785589889302916,-4.7982919165210705,26.762681268713262,5.026357917528847,18.29004085686272,-5.605022840444626,13.252295888827494,14.377097874433005,1.8608157230324085,-10.836944314358995,13.48928024382806,5.16909860606425,2.9265414454339074,9.840094076920682,-2.86245453922858,13.837171996268122,0.17291434591878074,-9.479816081256908,-11.0493651549998,13.95409149357646,-13.713364424843183,13.137180726364278,7.212312612302545,2.8863704812989757,-22.53645156358752,61.92392957964597,-38.30827801655792,2.155050818206131,15.99104743677481,-8.548024866577196,-1.177501358191417,33.977104295232536
0.3667524369867814,0.794918658203153,-1.6305991092796133,2.8046939868667913,1.0215772731811643,3.6261057968132238,1.1493479729256346,3.046110329748991,-0.6086494482909747,-0.5298722943063112,3.756348021200643,2.619731569270533,-1.6941061600384317,-0.4200733205171258,2.637938969145502,0.6035342472317664,1.9643274561502875,-0.49129953054156833,1.2382313281275845,1.8608157230324085,0.6028931465474419,-0.6023432324055077,1.5362110320846618,0.24201851932137802,0.015617220589276415,0.7882320892765418,-0.18564911054489838,1.3634277884832617,0.3492097687128089,-0.9512167566670031,-0.8473309247511397,1.377289326437652,-1.4011129625255485,1.2271473657014584,0.5201092119788907,0.17445108778631627,-2.45110319342442,5.957980497215078,-3.545251965656086,0.15198281401158434,1.7473726787242678,-0.6641035600173323,-0.22305563217472216,3.3594447941423753
-0.6848225426065147,-11.31864075020374,15.411181208719052,-26.908195912676437,-10.48429098891788,-34.955440163147784,-8.797949012589697,-28.214039615165124,6.058530181528367,8.303841647872781,-34.004627428188655,-18.238067209083486,19.23975048740076,4.272496636511655,-23.264874528759535,-3.8297170315282907,-15.229751571035266,4.680373163806026,-12.050840842196907,-10.836944314358995,-0.6023432324055077,11.703985837536248,-10.632357237543731,-5.528574320003321,-3.4275988460374007,-9.104984180900123,2.523169331189974,-12.016804679532823,0.5728034157351686,7.523702802969825,10.923024002544848,-12.493465156030453,11.624953418571218,-11.501861700705236,-5.988543495456613,-2.4159346619043083,18.295723556936757,-54.2879847545226,33.252411954495834,-2.3977478184536616,-13.224424741640016,8.106339458496068,-0.0029225499472982437,-28.88398861118976
1.7558503177102323,11.212324167890397,-17.4515327330463,28.89188495554959,11.39900323332012,38.110785434618386,9.36237163979515,31.644943454900858,-5.920142530210936,-7.566600275865419,37.9546109935812,21.548033833528272,-20.47879903161521,-4.627160712055819,25.904923758717654,4.587104322702826,17.652380299187044,-5.5973027676390155,12.715476924078935,13.48928024382806,1.5362110320846618,-10.632357237543731,13.114507799916733,5.257606337530301,3.1505564287199648,9.885907050219084,-2.9191083548115424,13.530742623603617,0.049693990389630814,-9.351923528743628,-10.895983599928769,13.728908987923704,-13.064839825962752,12.913581281561457,7.149923906941291,3.3349587610739193,-21.713119445466486,60.54489820544903,-37.46289488753717,1.9948039782474725,15.652092306053541,-8.347266417169896,-1.3028329082056125,33.17702665802008
0.40103652487162056,5.384580948546044,-7.524243404266637,12.982253672906552,5.051337914988831,16.945473382357218,4.099343906379491,13.810147962656204,-2.7780883715773164,-3.7977965509492946,16.504915538112492,8.793817509507567,-9.370537378715047,-2.044663186512878,11.25751619806633,1.753884254485325,7.393245092313042,-2.361198146219415,5.712162224032924,5.16909860606425,0.24201851932137802,-5.528574320003321,5.257606337530301,2.7157704638714373,1.7434222780039088,4.5448180297816325,-1.290602285970778,5.895072194754132,-0.27217131952894136,-3.7861201839800107,-5.284777011692612,6.127621619763322,-5.528328561468166,5.650199031416032,3.0001301219253893,1.4385923927496287,-8.902184500894219,26.498248368648493,-16.268325552323834,1.0822262337127606,6.536606076585432,-3.8961297318811385,-0.15949364915156547,14.16097215898261
0.2074539001329995,3.308324006386489,-4.593259752480363,7.846562712407004,3.0674837618150175,10.325781314333053,2.3652566671040054,8.456608221120717,-1.6149111380827206,-2.276881830110838,10.010952179236817,5.159361459220313,-5.795091574590096,-1.22653017101634,6.807553601854859,0.9531375738974496,4.4036923569645445,-1.4824868538100655,3.4044798640220604,2.9265414454339074,0.015617220589276415,-3.4275988460374007,3.1505564287199648,1.7434222780039088,1.192156989672044,2.8852119645523224,-0.8388027931404138,3.629273068447948,-0.24387946011667916,-2.328723509040599,-3.3015959066887617,3.7627584871222113,-3.219633999640488,3.48857964097832,1.8778486906375695,1.0317264652736189,-5.320906269169044,16.16362338391741,-9.963992908645997,0.639084383983857,3.9627994574389684,-2.400659416513134,-0.1313555637278527,8.61362880175024
1.0107714833014738,9.200800536687312,-13.597924106804063,23.00407894834151,8.953397372052084,30.26559723345809,7.35110064908251,24.930894576562807,-4.780212498783579,-6.324084390551575,29.763041248646925,16.249534929067288,-16.54917421870818,-3.593844095367896,20.330548344934552,3.2269044855291145,13.550489373550354,-4.352141731632534,10.023066581460423,9.840094076920682,0.7882320892765418,-9.104984180900123,9.885907050219084,4.5448180297816325,2.8852119645523224,8.174442289607718,-2.3507758520355573,10.773867217736996,-0.2256377011729442,-7.134902044859434,-9.20955735166021,10.996166411094947,-9.914198923485934,10.225384200509431,5.516529049898205,2.741678644499093,-16.515717764961913,47.80308067017128,-29.43302754060341,1.8028382556888771,12.123902521636891,-6.816012565580013,-0.7133945555374469,25.85378982824685
-0.34597720442483293,-2.625660178990113,4.006269911378743,-6.550891713369918,-2.6181208777371654,-8.716062850070063,-2.0145010003882016,-7.256561493219772,1.2970119950916017,1.7437602389651892,-8.632203741879488,-4.706960135741723,4.783160045497207,1.0508570831690702,-5.862096519047973,-0.9585329540191598,-3.9292940424805773,1.3117781780194793,-2.8604006530530253,-2.86245453922858,-0.18564911054489838,2.523169331189974,-2.9191083548115424,-1.290602285970778,-0.8388027931404138,-2.3507758520355573,0.7214711366706903,-3.104901344832984,0.10604071527874016,2.1478815487748992,2.566971810184493,-3.1225542155132437,2.885710252701057,-2.9719075322173345,-1.7111820543087488,-0.8672122498479916,4.846619859492886,-13.814225196300624,8.612453410516697,-0.4535204005076233,-3.5206028893306285,1.9490110546759,0.3099040707766453,-7.54790895331721
1.5051406281728446,12.32207173987156,-18.417698192753296,31.027988006734528,12.154506469001943,40.85503917095395,10.13968069290984,33.65010939812296,-6.550970981273218,-8.579574032573518,40.35740094830119,22.416893533265135,-22.12137220762908,-4.89689875134474,27.643179443367924,4.648644971800273,18.516091024603703,-5.828729297648217,13.647697317492316,13.837171996268122,1.3634277884832617,-12.016804679532823,13.530742623603617,5.895072194754132,3.629273068447948,10.773867217736996,-3.104901344832984,14.5584694448058,-0.14265248923924823,-9.656999052079849,-12.199895020908222,14.747627645182721,-13.64513996860155,13.765135253920182,7.420420607041469,3.3826760216779057,-22.687354787595332,64.50936480712679,-39.788462045694274,2.4110888635638466,16.427892553850146,-9.128998762285024,-0.99374084652298,35.01499179920168
0.16868137681064355,-0.49608402595428935,0.3501974249794041,-0.4395928975049357,-0.2962401823860827,-0.6643349976639096,-0.015026422443138782,-0.47199093136853687,0.14337216906186379,0.4310404015638789,-0.5679830846901945,0.06242922514922028,0.5481275627751504,0.12363065127825677,-0.3408249597270135,-0.02702620232615403,-0.07269062869336676,0.10813973840665192,-0.2670528518083536,0.17291434591878074,0.3492097687128089,0.5728034157351686,0.049693990389630814,-0.27217131952894136,-0.24387946011667916,-0.2256377011729442,0.10604071527874016,-0.14265248923924823,0.3303364871876369,0.07242345894690083,0.32672707818174335,-0.10427917762571738,0.1691235358640938,-0.2006789587532581,-0.27253163885977005,-0.02918262285322285,0.09532582272675168,-0.7917783368337381,0.6600191372316541,-0.09576194567545578,0.021264060732655084,0.28021792116566324,-0.11355628542519806,-0.3623520421547507
-1.2502751861974282,-7.986244639652367,12.504305000670142,-20.456689555468305,-8.128048506387966,-27.110345641448067,-6.502797606412786,-22.597765100563624,4.109359598827818,5.31431409337438,-27.026162482835343,-15.206562762746426,14.647476448043381,3.289752265345585,-18.407509762081695,-3.2078319574904017,-12.523399406264806,4.065364150501914,-8.965233934730113,-9.479816081256908,-0.9512167566670031,7.523702802969825,-9.351923528743628,-3.7861201839800107,-2.328723509040599,-7.134902044859434,2.1478815487748992,-9.656999052079849,0.07242345894690083,6.761647209300998,7.758118676562388,-9.749062141295942,9.226924785405469,-9.2417894353558,-5.246254629494673,-2.5375579966897512,15.450792222110461,-43.136089361097596,26.81019264640775,-1.3777906091608114,-11.148415171282966,5.9565115504394415,1.0314269351693137,-23.69900711940861
-0.896020246543622,-10.784443501286436,15.293700470361527,-26.447161481032065,-10.235443250303934,-34.56700355750901,-8.673089887968096,-28.151645215085065,5.774912347806665,7.7337922229229905,-33.78573339066193,-18.31618278019552,18.912470532073424,4.118963773548175,-23.167638640704894,-3.7005390336058603,-15.27815807271999,4.745983027491887,-11.6520705875118,-11.0493651549998,-0.8473309247511397,10.923024002544848,-10.895983599928769,-5.284777011692612,-3.3015959066887617,-9.20955735166021,2.566971810184493,-12.199895020908222,0.32672707818174335,7.758118676562388,10.760530329271154,-12.499495635349543,11.332857218801522,-11.516904431511252,-6.009663264124362,-2.67633601612683,18.499700677973784,-54.153887049947755,33.18594341349391,-2.2906030257298915,-13.509448411151151,7.897810612933828,0.37463304484607846,-29.02325602583375
1.4982384274645633,12.632459319491382,-18.71577451968413,31.859115707394544,12.370202329401282,41.72408068879451,10.359144504763744,34.29834935442643,-6.72149646447119,-8.758929706613314,41.103291089106854,22.82272440651604,-22.624321318601293,-5.005180622371364,28.119975334436653,4.673531937286296,18.856873165981078,-5.9129471964162335,13.980604374540562,13.95409149357646,1.377289326437652,-12.493465156030453,13.728908987923704,6.127621619763322,3.7627584871222113,10.996166411094947,-3.1225542155132437,14.747627645182721,-0.10427917762571738,-9.749062141295942,-12.499495635349543,15.162786736336693,-13.928305543532357,14.027420217215234,7.425150151955282,3.5182618075461973,-22.941446035742725,65.85718371643793,-40.4312345669622,2.465545790218713,16.73926214873891,-9.31865038723066,-0.8905600015039848,35.62167524175123
-1.5281085157995684,-11.980805020429802,17.8406754031209,-29.987481558303738,-11.870490164848446,-39.263766376498296,-9.875696630008697,-32.23331807844501,6.460577999806244,8.446120226719016,-38.925548465269166,-21.955914565542354,21.160122544177973,4.865603105052905,-26.5778164180107,-4.880851608473207,-17.997485763604185,5.5457179159269225,-13.43967125208039,-13.713364424843183,-1.4011129625255485,11.624953418571218,-13.064839825962752,-5.528328561468166,-3.219633999640488,-9.914198923485934,2.885710252701057,-13.64513996860155,0.1691235358640938,9.226924785405469,11.332857218801522,-13.928305543532357,13.714771641301803,-13.069448504292842,-7.209097315063935,-2.8730102083629916,21.97317654875618,-61.783740676833936,38.18020925926379,-2.27006889543202,-15.644785042726191,8.743073101566477,0.8474660463929929,-33.62894006356139
1.4596812215197228,11.797314732772412,-17.643096439347158,29.554976385150578,11.631073518272023,38.9220256641393,9.55102278502051,32.097568427747376,-6.197951572003791,-8.15134527775077,38.48430447147017,21.37469660104599,-21.111917413885223,-4.709038986411655,26.293863251443074,4.469748218919309,17.644640578391922,-5.61149921464072,13.030030726220609,13.137180726364278,1.2271473657014584,-11.501861700705236,12.913581281561457,5.650199031416032,3.48857964097832,10.225384200509431,-2.9719075322173345,13.765135253920182,-0.2006789587532581,-9.2417894353558,-11.516904431511252,14.027420217215234,-13.069448504292842,13.139230174397493,7.155014842892002,3.3133190461135142,-21.611775473509436,61.46910334325411,-37.96775135927044,2.2167225023869164,15.61868430300911,-8.696566954547757,-0.9802094398395943,33.39707669273331
0.8948919597914029,6.365507285327835,-9.797520022293208,15.794207520239242,6.406452945664685,21.03014496768365,4.9326944946633215,17.515539175017775,-3.192450114425488,-4.2848955670312225,20.9726608333677,11.618967495215987,-11.45938219954108,-2.602041205199869,14.242106533721277,2.5313117799003337,9.627353391819579,-3.1860247970279074,6.998469241405007,7.212312612302545,0.5201092119788907,-5.988543495456613,7.149923906941291,3.0001301219253893,1.8778486906375695,5.516529049898205,-1.7111820543087488,7.420420607041469,-0.27253163885977005,-5.246254629494673,-6.009663264124362,7.425150151955282,-7.209097315063935,7.155014842892002,4.241963515103899,1.9302699626327335,-11.921775364350598,33.312388038170695,-20.888258388691316,1.0715469789212224,8.48349940362758,-4.689034513234458,-0.7736700866091392,18.32731989575388
0.5273278087220673,2.5631336983155992,-4.340520449768539,6.9146760511320915,2.688322838940521,9.273944495605392,1.84014122773565,7.972094815422685,-1.0706794242819266,-1.3439713475386064,9.208784634849804,4.991090797438371,-5.160798698966699,-1.061200449253367,6.1545043531710695,0.8032497961003412,4.223826992310448,-1.5732077101184445,2.807755252961073,2.8863704812989757,0.17445108778631627,-2.4159346619043083,3.3349587610739193,1.4385923927496287,1.0317264652736189,2.741678644499093,-0.8672122498479916,3.3826760216779057,-0.02918262285322285,-2.5375579966897512,-2.67633601612683,3.5182618075461973,-2.8730102083629916,3.3133190461135142,1.9302699626327335,1.5013326214967726,-5.1920526660432325,15.108675503222733,-9.373802323996044,0.29351205913412926,4.036306409886838,-1.985494619745203,-0.640781448581347,8.33771318320659
-2.7148709141782095,-19.157628543949528,29.24879123246163,-48.58576223866703,-19.242394737798783,-64.07379737886355,-15.920634073268342,-52.96508511519559,10.212984572353626,13.24463696979546,-63.7089982550647,-35.99186692310845,34.45983901420681,7.816265192445449,-43.56312151168307,-7.78509891464397,-29.491943833186546,9.270728781793524,-21.546965149323352,-22.53645156358752,-2.45110319342442,18.295723556936757,-21.713119445466486,-8.902184500894219,-5.320906269169044,-16.515717764961913,4.846619859492886,-22.687354787595332,0.09532582272675168,15.450792222110461,18.499700677973784,-22.941446035742725,21.97317654875618,-21.611775473509436,-11.921775364350598,-5.1920526660432325,36.29391421085288,-101.37384720918455,62.77604905136674,-3.53560389462181,-25.965919512672173,14.167141978749184,1.8640861683578067,-55.400545731170254
6.794068225232052,55.48062591346352,-82.65083588794198,139.33339191927305,54.64511695837509,182.97920361818208,45.26912847768593,150.59324521285987,-29.406834985944908,-38.52026585506801,180.75027573848834,100.59298611669314,-99.17490112299836,-22.14946691494435,123.4978469779967,21.116339307741285,83.0027961653729,-26.10680706139035,61.52214499442821,61.92392957964597,5.957980497215078,-54.2879847545226,60.54489820544903,26.498248368648493,16.16362338391741,47.80308067017128,-13.814225196300624,64.50936480712679,-0.7917783368337381,-43.136089361097596,-54.153887049947755,65.85718371643793,-61.783740676833936,61.46910334325411,33.312388038170695,15.108675503222733,-101.37384720918455,288.69654135087814,-177.98135692783265,10.610866389244165,73.33073887554585,-40.86431479402836,-4.286849127012738,156.66424148005885
-4.275572871958142,-34.2261105534919,51.21726788649067,-85.63845495091363,-33.82686337091496,-112.77965051462428,-27.7075590221481,-92.98106944541122,18.005257910484126,23.716319885817164,-111.60699943823184,-62.08193001956046,61.14383895806794,13.715785770162453,-76.2208440602919,-13.16760163480589,-51.22835081222798,16.237964128854127,-37.8855301674558,-38.30827801655792,-3.545251965656086,33.252411954495834,-37.46289488753717,-16.268325552323834,-9.963992908645997,-29.43302754060341,8.612453410516697,-39.788462045694274,0.6600191372316541,26.81019264640775,33.18594341349391,-40.4312345669622,38.18020925926379,-37.96775135927044,-20.888258388691316,-9.373802323996044,62.77604905136674,-177.98135692783265,110.09553661702327,-6.4225224725171515,-45.190827788108166,25.19233068021304,2.8536581139338124,-96.80785514654394
0.044051054562479826,2.268075033284183,-2.9321879454080864,5.364506610021706,2.0300887293754957,6.894443006298621,1.8996929578583366,5.455278659808106,-1.319946467493974,-1.7957247252794106,6.6476736293271825,3.5436904471301314,-3.7713760582399685,-0.8181291226900577,4.617111746181878,0.7430524757942966,2.975984902244645,-0.8343421077012722,2.4078090174490354,2.155050818206131,0.15198281401158434,-2.3977478184536616,1.9948039782474725,1.0822262337127606,0.639084383983857,1.8028382556888771,-0.4535204005076233,2.4110888635638466,-0.09576194567545578,-1.3777906091608114,-2.2906030257298915,2.465545790218713,-2.27006889543202,2.2167225023869164,1.0715469789212224,0.29351205913412926,-3.53560389462181,10.610866389244165,-6.4225224725171515,0.6038996889752046,2.55506288616036,-1.6350679590926922,0.1347503554086867,5.576553777516252
1.9503667987346325,13.704130403340246,-20.96822376940839,35.16514108971072,13.744202081403126,46.247239972723726,11.407100924835202,38.25843850113505,-7.260567713176317,-9.320173227888898,45.83573893056654,25.78240052343414,-24.953032674557775,-5.558279543535794,31.306982894647817,5.355298595275851,21.212950668343137,-6.692648074085992,15.417865517694207,15.99104743677481,1.7473726787242678,-13.224424741640016,15.652092306053541,6.536606076585432,3.9627994574389684,12.123902521636891,-3.5206028893306285,16.427892553850146,0.021264060732655084,-11.148415171282966,-13.509448411151151,16.73926214873891,-15.644785042726191,15.61868430300911,8.48349940362758,4.036306409886838,-25.965919512672173,73.33073887554585,-45.190827788108166,2.55506288616036,18.874526559626158,-10.200074658094518,-1.3782812527112924,39.96925628658424
-0.7714433552333588,-8.135702795464907,11.69434727182734,-19.884180405124717,-7.815498936992482,-26.07161411064317,-6.493060402309034,-21.29923019701121,4.325323893265502,5.808309152569131,-25.623297461577366,-14.025124604181977,14.225221543775335,3.1684061943774235,-17.52501480886924,-2.9638755446414464,-11.635689286057852,3.6398933782097167,-8.846261388271596,-8.548024866577196,-0.6641035600173323,8.106339458496068,-8.347266417169896,-3.8961297318811385,-2.400659416513134,-6.816012565580013,1.9490110546759,-9.128998762285024,0.28021792116566324,5.9565115504394415,7.897810612933828,-9.31865038723066,8.743073101566477,-8.696566954547757,-4.689034513234458,-1.985494619745203,14.167141978749184,-40.86431479402836,25.19233068021304,-1.6350679590926922,-10.200074658094518,5.929904277209645,0.38507564525581095,-22.032846580273738
-0.428647975406035,-0.3602512170758881,1.3659971173118814,-1.5891770707650699,-0.7171262321831416,-2.394193539178606,-0.32361163950023353,-2.3491683562750723,0.0320395210094088,-0.09153551760807957,-2.65196441837375,-1.712550079082503,1.231331974474455,0.2746894423604146,-1.727878191735916,-0.3248004551210945,-1.3675932230026395,0.5878367345757286,-0.5871215491868231,-1.177501358191417,-0.22305563217472216,-0.0029225499472982437,-1.3028329082056125,-0.15949364915156547,-0.1313555637278527,-0.7133945555374469,0.3099040707766453,-0.99374084652298,-0.11355628542519806,1.0314269351693137,0.37463304484607846,-0.8905600015039848,0.8474660463929929,-0.9802094398395943,-0.7736700866091392,-0.640781448581347,1.8640861683578067,-4.286849127012738,2.8536581139338124,0.1347503554086867,-1.3782812527112924,0.38507564525581095,0.5961654386954091,-2.669378937575753
3.9260853246474356,29.836836082872082,-45.025668141297025,75.2987279503083,29.654550021953572,99.10337264026091,24.406153924017783,81.80679442134733,-15.751573955239557,-20.556146765867222,98.17359285650035,54.8913986352662,-53.61273675783521,-12.02621858377479,67.0460410072866,11.608827381002154,45.225635778385026,-14.30337024121129,33.234894741176014,33.977104295232536,3.3594447941423753,-28.88398861118976,33.17702665802008,14.16097215898261,8.61362880175024,25.85378982824685,-7.54790895331721,35.01499179920168,-0.3623520421547507,-23.69900711940861,-29.02325602583375,35.62167524175123,-33.62894006356139,33.39707669273331,18.32731989575388,8.33771318320659,-55.400545731170254,156.66424148005885,-96.80785514654394,5.576553777516252,39.96925628658424,-22.032846580273738,-2.669378937575753,85.31732074675227
