V1,V2,V3,V4,V5,V6,V7,V8,V9,V10,V11,V12,V13,V14,V15,V16,V17,V18,V19,V20,V21,V22,V23,V24,V25,V26,V27,V28,V29,V30,V31,V32,V33,V34,V35,V36,V37,V38,V39,V40,V41,V42,V43,V44,V45
0.946354516779351,0.3881482203763212,-0.5137009657762013,0.6468717269003269,0.8373194239595528,-0.7221779773047544,0.45853949510316033,-1.1265313243717234,0.2818555884658815,-0.3174442937812751,0.26283910562509355,0.563560467909936,-0.8240567943120248,1.473909253281891,-0.46594710397686123,0.12671432220283324,0.5801536840449639,0.4000691717801789,0.006409404124843959,-0.005456243818938672,0.0021353523303007113,-0.923580741555449,0.3269533056304078,0.7009588350749545,0.6681618590365526,-0.3181280280028895,-0.26202277013188285,0.23166737599827134,-0.2949797437590491,-1.0895733620789074,-0.6467048707562282,0.2305172109239663,-0.8464328491344163,0.11509324906802258,0.388048484611189,0.536701375226973,0.3016433230114832,-0.6090839624476255,-0.8590303327877296,0.22681821149379788,0.738974341136726,-1.1561696206254628,-0.17367559180693268,1.018799839286441,-0.06630212901322668
0.3881482203763212,0.7169495663670402,0.39174218445098086,0.8642927945361718,0.5007585513900511,-0.012347074183268664,0.5116253336260215,-0.3703610194127458,-0.29265060525604925,0.4484981059461124,0.2467297588054487,-0.007232672708525392,-0.020351557837170797,0.46232973905886254,0.3108770398831091,-0.623159561154678,0.9492066076442466,0.6946956854102577,0.33861949201695407,-0.23343855509034458,-0.11238504400544364,-0.3969771355352289,0.5363472044045838,0.694115487723025,-0.8380361222247745,-0.10656657056857258,-0.43591690483683604,-0.2142335647211493,0.1388162604302979,-1.6303720632890297,0.33012986868987154,0.6265586572083764,-0.5267824079532386,-0.3069365887391291,0.07129474967853659,-0.06017665740119491,0.40140329175847717,0.3375762923909638,-0.5588429048972466,-0.6228039821333695,0.23247136649146682,-0.8311997011593224,-0.32462789586988045,-0.11980211670548654,0.5178742278445463
-0.5137009657762013,0.39174218445098086,1.840982295630151,1.0338962484918592,-0.6609017202701158,0.8016729799904141,-0.9104168727090136,1.3586935840103478,-0.33197833361346124,0.9963157098245492,0.5775513946679856,-0.5645473006448355,1.0298098091779362,-2.2713448278664856,0.3701775030919006,-0.06720410658403586,-0.42549663279804634,-0.043171643340398254,1.029169832924497,-0.586977214537376,-0.8772882152492815,1.496130427492749,0.8206361652226831,0.4385901912092209,-1.8415741501568537,-0.25762955833330814,-0.21169123540591173,-0.17792297925942474,0.6866129562274935,0.02300331480891832,-0.19842439191310227,-0.0021531924526691647,0.652894104643646,-0.35450074094931866,-0.9567553042676943,-1.5065888501156595,0.4843953356871851,2.1497156441879555,0.4125820014973905,-1.1201491655449287,-1.1373705781418861,0.01197490577010385,-0.14503797416414674,-1.579322118467554,0.28601397854065314
0.6468717269003269,0.8642927945361718,1.0338962484918592,1.6899138321974727,0.4442666447302146,-0.11176662658040684,-0.1676543146851792,-0.15083439971441576,0.024523131172755556,0.5748469402607053,0.7916153139751073,0.11897303873371143,-0.006706569997585321,-0.18540574918066927,-0.10241043058106761,-0.03626362518794103,0.44515674944289463,0.4927970340461771,0.9476142573553284,-0.52902593710231,-0.6983531792530991,0.18651219267193012,1.1081014028554907,1.2904001093244046,-0.986024469902182,-0.5328459967649664,-0.5106770490112957,0.02648100177455067,0.3005758989529446,-1.4551036893227165,-0.8028736058141759,0.34584207558860586,-0.48870715200690246,-0.21823438483705807,-0.376902114973511,-0.695296821235356,0.8302677883639398,1.1629262660298947,-0.6839120635251537,-0.801176920604957,-0.06773807458210714,-1.402041933405385,-0.3237176537784706,-0.22205473240394832,0.3000141093677003
0.8373194239595528,0.5007585513900511,-0.6609017202701158,0.4442666447302146,0.9604890726144172,-0.5816224153940891,0.9380847488442104,-1.2516495054285999,-0.024512790320566403,-0.19550387347990972,0.033066316260137354,0.42940412229050945,-0.7484604094298459,1.816605381737681,-0.08045656304498268,-0.40433668157392494,1.1458553632973725,0.720859654853317,-0.19097684361311829,0.06376385318122892,0.2345198056332715,-1.2692458601058176,0.1753400824949215,0.5236824597447501,0.3709391766942242,-0.1108883547471699,-0.34679637587356643,0.03368393073137156,-0.26948471032991506,-1.6258104832563618,0.12979178490441856,0.5748141920180335,-0.9257845737591986,-0.021018590089306784,0.5947628184215841,0.7941085296561843,0.13373367588311175,-0.8505045742914228,-0.8753445343790689,0.09170739943406353,0.903442648028286,-1.004409568799768,-0.27024070833676,0.9237341395063041,0.21111822069601283
-0.7221779773047544,-0.012347074183268664,0.8016729799904141,-0.11176662658040684,-0.5816224153940891,0.7818096613619981,-0.20193981384924287,0.9623491683754317,-0.7464006409440539,0.5333063688240112,-0.07709155592009356,-0.5216588899689024,0.7086913153637646,-1.4296870117655678,0.517291997025819,-0.4584214175613826,0.006361168671489753,0.1567632140206266,0.04885808372678408,-0.16307106419174522,-0.38734678599231964,0.6786883151652747,0.048538910817961994,-0.6824270386173407,-1.0678854796837214,0.031743124766967376,-0.10153147398578545,-0.11094224977192857,0.34117797620538787,0.27837601620117924,0.8994279586322196,0.1965931906097874,0.8038503495872731,-0.2603528459136224,-0.3160527353842747,-0.5151531872766618,-0.3897939534565502,0.9698918510880237,0.6487418717657271,-0.5365524996728872,-0.8274376265885223,0.8990197250136224,-0.22328576766609798,-1.2031328501512135,0.09537571914331806
0.45853949510316033,0.5116253336260215,-0.9104168727090136,-0.1676543146851792,0.9380847488442104,-0.20193981384924287,1.659465414331076,-1.232899137822417,-0.8599796606766422,-0.07451071144144285,-0.43977180219169065,0.17677845486450278,-0.6260674094786601,1.9790758388285603,0.47274320121192825,-1.2731818567877848,1.9095597013290493,1.2564791108811826,-0.8032070199020076,0.22666619478877892,0.4507684631588711,-1.75658210541102,-0.1942745168742466,-0.37414989743135024,0.043182723792892834,0.13773623373062385,-0.49655011927256854,-0.12636695182107596,-0.32742050868053735,-2.0383528396192867,1.669462382528143,1.1223523680411278,-0.6717705464922359,-0.2557196842699439,0.9912206627394045,1.2956723981765104,-0.528017071404872,-1.1727531461042258,-0.6189825379726884,-0.021804242657440923,0.8430108020992836,-0.21283018924900315,-0.5761343290455827,0.540225484596011,0.40103017764114385
-1.1265313243717234,-0.3703610194127458,1.3586935840103478,-0.15083439971441576,-1.2516495054285999,0.9623491683754317,-1.232899137822417,1.8260954877801936,-0.15977157292848393,0.6140526364801856,0.11814617711855921,-0.7116833501300364,1.2175739816572162,-2.7135419574866226,0.3299103618504888,0.2797163029748889,-1.2532136531777531,-0.7215505524140698,0.5472757944195948,-0.268673871984387,-0.511326016077642,1.8442353139522163,0.07217176575040321,-0.4352231209733033,-1.1663695772858764,0.08567454738614819,0.2815813332267676,-0.1598627938368451,0.5604602085701679,1.6299138854831612,-0.02275293443237509,-0.5398060114110327,1.218113224894152,-0.13921094806610818,-0.9513468043248785,-1.3571594096250132,-2.6637191881018744e-4,1.6515829231427388,1.0955132708233375,-0.5492571769947443,-1.3472153364214343,1.1227531528230936,0.2252824295919279,-1.6044545938797128,-0.04341601177055534
0.2818555884658815,-0.29265060525604925,-0.33197833361346124,0.024523131172755556,-0.024512790320566403,-0.7464006409440539,-0.8599796606766422,-0.15977157292848393,2.2595414453607026,-0.3046157288794571,0.19515271944381193,0.16964463590711942,0.16249174225040697,0.6517044272704392,-0.3316137494993194,1.2265642814310371,-1.4253211287553065,-1.5384818017675084,0.9705553807640414,0.11136014510425203,1.070235925313349,0.6732654365215045,-0.18324072581471704,2.0549967447469504,0.6522224196690035,0.632177891963336,0.8400704373210991,-0.5853998323409781,0.0943266601257377,0.8135544971200462,-2.1610483546339405,-1.1930337877482884,-1.0446524638459913,0.37625632642196477,-0.5297330263565035,-0.6082076949961743,1.6657152975795635,-0.6346407241060872,-0.4549425168688874,0.38394313713910866,0.9185324495362058,-1.3170197399805728,1.3270818543604743,1.1008763457877695,0.4872496215020188
-0.3174442937812751,0.4484981059461124,0.9963157098245492,0.5748469402607053,-0.19550387347990972,0.5333063688240112,-0.07451071144144285,0.6140526364801856,-0.3046157288794571,0.7680969577384958,0.1842302817868243,-0.4549968231165156,0.7105483827206879,-0.8767191908897958,0.6211095306480215,-0.5465297685053664,0.3016867907192961,0.23855845156177796,0.5877334510261303,-0.3112530996027518,-0.1843264066182883,0.5633771846626734,0.41808960515297333,0.44757801022058885,-1.4768048461401864,0.10796097829776276,-0.1953827911779285,-0.4182510590831258,0.461575486199841,-0.7172839218782285,0.47519538639934783,0.3180840855902098,0.0944731594864977,-0.3739690328708898,-0.41236904155536863,-0.7309278571844527,0.39884393433399223,1.041493132404433,0.07709551269015556,-0.8818761297581105,-0.3830022626839636,-0.1380184841612476,-0.09330068414623217,-0.948447741661176,0.6031601819294967
0.26283910562509355,0.2467297588054487,0.5775513946679856,0.7916153139751073,0.033066316260137354,-0.07709155592009356,-0.43977180219169065,0.11814617711855921,0.19515271944381193,0.1842302817868243,0.4662407402065425,0.09187547242685092,0.01688615989767263,-0.4377706097235977,-0.2635311246345172,0.3400058396832897,-0.24101754302357073,-0.04346244930977679,0.5342399003506607,-0.2701844664915759,-0.4614859721671619,0.39413611622789363,0.5392743475976218,0.5950735277059124,-0.2707606414473403,-0.3411710071870255,-0.1331436422187508,0.13416412436862124,0.14310601356440622,-0.14797930198346995,-0.8144334564637888,-0.1099141700349799,-0.0693133713369471,6.686057684607004e-4,-0.33653709313860763,-0.5133666464647434,0.42380161365526564,0.70706120190145,-0.19643501552398046,-0.25921424556808986,-0.20173855692959777,-0.588677352725551,-0.05420123544132808,-0.11393463253054031,-0.06468932772599767
0.563560467909936,-0.007232672708525392,-0.5645473006448355,0.11897303873371143,0.42940412229050945,-0.5216588899689024,0.17677845486450278,-0.7116833501300364,0.16964463590711942,-0.4549968231165156,0.09187547242685092,0.4569240087079604,-0.6838664204397606,0.8847235125754084,-0.5290572239426157,0.32093044424078304,0.1032906290110549,0.11448415142428171,-0.24389088004552276,0.09423564562469107,-0.05934137674244809,-0.6011657759247777,0.035701655183499756,0.04747699682354463,0.9119546047552964,-0.2828694140024848,-0.07931545648387424,0.35957775333313535,-0.3271445177144407,-0.13741085015953744,-0.5274526963480494,-0.02379125722551576,-0.33064202131681125,0.20788962493767074,0.32237266471418263,0.5079629150797681,-0.09193042441006724,-0.5811375956495929,-0.38605221866185635,0.45636079041086663,0.3829046129068117,-0.42055270439039466,-0.10928325821311473,0.7842045176309036,-0.3696174356762304
-0.8240567943120248,-0.020351557837170797,1.0298098091779362,-0.006706569997585321,-0.7484604094298459,0.7086913153637646,-0.6260674094786601,1.2175739816572162,0.16249174225040697,0.7105483827206879,0.01688615989767263,-0.6838664204397606,1.144703704683104,-1.5487785160704455,0.6815128462549531,-0.152472360990171,-0.5779980195781159,-0.510990752400213,0.690487926210831,-0.20491060268186745,0.11326185506001354,1.2613775463541543,0.04600952807209301,0.3674043865269643,-1.3864994720255923,0.44865697181590447,0.2553923443965534,-0.6070713224251377,0.5742703877830988,0.4722739266214189,0.2139104138740564,-0.24772248793754698,0.40954587647048407,-0.2548417635483741,-0.727062868344831,-1.0917691041696822,0.5131330298677337,1.0611925746871504,0.5488264327592312,-0.7104399337171825,-0.5850088002170409,0.3696693333295494,0.39215953537729015,-1.1399368883211654,0.5987486748812468
1.473909253281891,0.46232973905886254,-2.2713448278664856,-0.18540574918066927,1.816605381737681,-1.4296870117655678,1.9790758388285603,-2.7135419574866226,0.6517044272704392,-0.8767191908897958,-0.4377706097235977,0.8847235125754084,-1.5487785160704455,4.395602693891383,-0.13105611849129462,-0.5688982142760575,1.825115577842579,0.7767287493139134,-0.7508496060274223,0.546931727464044,1.4320592801274092,-2.7384770076415097,-0.4471223401686571,0.9926368248727389,1.6143974823781628,0.3948528479964463,-0.1459012158454257,-0.2217844885828515,-0.7654692180391053,-2.4430458711993515,0.25328386595720187,0.6917983820680902,-2.1070784934165876,0.17332463859041625,1.417949610952462,2.0361916215992135,0.32491959102553003,-2.9075296745250645,-1.6358940001508315,0.8162942699419934,2.374094619153712,-1.7032513312552988,0.06741907672438685,2.51779242369536,0.524279745123675
-0.46594710397686123,0.3108770398831091,0.3701775030919006,-0.10241043058106761,-0.08045656304498268,0.517291997025819,0.47274320121192825,0.3299103618504888,-0.3316137494993194,0.6211095306480215,-0.2635311246345172,-0.5290572239426157,0.6815128462549531,-0.13105611849129462,0.9573336271076424,-0.9443874413640267,0.6861118874980703,0.3017273586803189,0.17250938225202936,-0.04681070884200342,0.4305728557211938,0.05875890369499968,-0.08497281214850474,0.18227835106730347,-1.2833073906455312,0.5351117988526866,-0.05918115215782941,-0.6757394247870158,0.3495078954265799,-0.889928764458128,1.2248241437485587,0.47055030036999923,-0.09016883963621149,-0.38820664216833933,-0.06191649003905108,-0.20613828798674322,0.18964990917798127,0.21832471333213374,0.0946704602561074,-0.6796921894881411,0.04377342101292223,0.15233045684509408,0.039299692147811975,-0.6840625431860718,0.8519730995160291
0.12671432220283324,-0.623159561154678,-0.06720410658403586,-0.03626362518794103,-0.40433668157392494,-0.4584214175613826,-1.2731818567877848,0.2797163029748889,1.2265642814310371,-0.5465297685053664,0.3400058396832897,0.32093044424078304,-0.152472360990171,-0.5688982142760575,-0.9443874413640267,1.5567463200589917,-1.7364938984660274,-1.2309746214897812,0.39818547501199136,0.020668527570339688,-0.1359059463078946,0.8906868391454512,-0.03150223297013941,0.4519751265745571,1.1543042172591316,-0.20179869339771578,0.5471625593605467,0.36972717679311096,-0.09198441114211806,1.8932612524839432,-2.0884703779710123,-1.1828424893519778,0.13350566463193006,0.5227234315881052,-0.5000406653972086,-0.5126977869216502,0.4471290605346235,0.058519127150891484,0.16238190825718934,0.6809741981707087,-0.13158902863355632,-0.21643522277590066,0.6280007865576044,0.5702760363666193,-0.6730079394917643
0.5801536840449639,0.9492066076442466,-0.42549663279804634,0.44515674944289463,1.1458553632973725,0.006361168671489753,1.9095597013290493,-1.2532136531777531,-1.4253211287553065,0.3016867907192961,-0.24101754302357073,0.1032906290110549,-0.5779980195781159,1.825115577842579,0.6861118874980703,-1.7364938984660274,2.6024085018754683,1.8854654408168952,-0.647179085344359,-0.002849592147704254,6.09379224147055e-4,-1.8872051967716277,0.2403216578747385,-0.34294719877868957,-0.6848266586910148,-0.12548764327448342,-0.8979544361056623,-0.07066119895687947,-0.15439781702103575,-2.974878750904792,2.0783003310905146,1.6288357396619682,-0.6356306599618466,-0.45442277560189454,0.9744931514821575,1.180996201988392,-0.6170913997723732,-0.5959501656932896,-0.7661862066932216,-0.5012743010491381,0.6673771444933299,-0.42842434722582184,-0.9988496192377034,0.13713449008274795,0.532555123495252
0.4000691717801789,0.6946956854102577,-0.043171643340398254,0.4927970340461771,0.720859654853317,0.1567632140206266,1.2564791108811826,-0.7215505524140698,-1.5384818017675084,0.23855845156177796,-0.04346244930977679,0.11448415142428171,-0.510990752400213,0.7767287493139134,0.3017273586803189,-1.2309746214897812,1.8854654408168952,1.610495709752229,-0.6110822498541325,-0.10585064951433401,-0.5619281097617814,-1.2753204014864858,0.37002089681632694,-0.7842035634877872,-0.5056014747298176,-0.47305938855586815,-0.8610589126651126,0.3022819616456351,-0.14789363908066538,-1.9767240670355835,1.5869597388243581,1.2918904662067068,-0.029667434912810358,-0.34691661477596053,0.6923411631836031,0.81723186669922665,-0.8593915880634722,0.017455296604030508,-0.3761567910453993,-0.3992326104642907,0.02041473613035018,0.011711947001470758,-1.0854321782948086,-0.22133769398217143,6.909000018688884e-4
0.006409404124843959,0.33861949201695407,1.029169832924497,0.9476142573553284,-0.19097684361311829,0.04885808372678408,-0.8032070199020076,0.5472757944195948,0.9705553807640414,0.5877334510261303,0.5342399003506607,-0.24389088004552276,0.690487926210831,-0.7508496060274223,0.17250938225202936,0.39818547501199136,-0.647179085344359,-0.6110822498541325,1.28480799370167,-0.36987170252318335,0.05095835971670433,1.0858542217362712,0.5756585644321304,1.6852384323043452,-1.050500010438899,0.17387286313364028,0.18318116644363153,-0.5191557722730425,0.5274434788334794,-0.18474002710003384,-1.191059308635951,-0.42108881803583154,-0.4131401613918889,-0.10182959081570538,-0.8306543318866635,-1.2379348104680772,1.3624812797687051,1.015059868793334,-0.23089201798308456,-0.6779643463813996,-0.03258766548007172,-1.0609050159396647,0.5445720788229952,-0.33884523391182997,0.6513573213601708
-0.005456243818938672,-0.23343855509034458,-0.586977214537376,-0.52902593710231,0.06376385318122892,-0.16307106419174522,0.22666619478877892,-0.268673871984387,0.11136014510425203,-0.3112530996027518,-0.2701844664915759,0.09423564562469107,-0.20491060268186745,0.546931727464044,-0.04681070884200342,0.020668527570339688,-0.002849592147704254,-0.10585064951433401,-0.36987170252318335,0.22549036631834776,0.35994530658463325,-0.3480275286475991,-0.3828957178061145,-0.2682393944219846,0.5629533365430377,0.1823657083209238,0.15382879157968501,-0.002234690108234389,-0.19929008029182121,0.24320914655921633,0.17224427773694806,-0.07435737040796583,-0.09060622612689975,0.10879754869143429,0.267392051936305,0.4368530732455978,-0.20195646211891827,-0.6910757967861996,0.017633666988830024,0.37667110486704364,0.2845141837341765,0.21612051023738724,0.11983797790127464,0.39409129506311413,-0.07717468805966439
0.0021353523303007113,-0.11238504400544364,-0.8772882152492815,-0.6983531792530991,0.2345198056332715,-0.38734678599231964,0.4507684631588711,-0.511326016077642,1.070235925313349,-0.1843264066182883,-0.4614859721671619,-0.05934137674244809,0.11326185506001354,1.4320592801274092,0.4305728557211938,-0.1359059463078946,6.09379224147055e-4,-0.5619281097617814,0.05095835971670433,0.35994530658463325,1.4593323674027001,-0.40061227305416086,-0.647064925822259,0.9621292399257938,0.2895973061618803,0.9564995017812118,0.5199781266442023,-0.8161334331023973,-0.07505388299963334,-0.2810475376813197,0.06344281282698228,-0.23926015795979322,-0.9808514554277349,0.02392111216734498,0.21342497060937096,0.33680507210183197,0.7922982238609017,-1.3445969502697184,-0.3677323183512713,0.23769999576215117,1.1062157088962985,-0.5140597293059949,0.8115923684347875,0.8318452080711637,0.8366421495502029
-0.923580741555449,-0.3969771355352289,1.496130427492749,0.18651219267193012,-1.2692458601058176,0.6786883151652747,-1.75658210541102,1.8442353139522163,0.6732654365215045,0.5633771846626734,0.39413611622789363,-0.6011657759247777,1.2613775463541543,-2.7384770076415097,0.05875890369499968,0.8906868391454512,-1.8872051967716277,-1.2753204014864858,1.0858542217362712,-0.3480275286475991,-0.40061227305416086,2.266433447954185,0.24190506009053656,0.45064410755432893,-1.0093118459310582,0.11469970782367644,0.5110119156949767,-0.24845822380616586,0.6455688287244301,1.9343027068555438,-1.145250167291714,-1.0176369748047807,0.8908013287152798,0.01167929708458474,-1.2831660165161065,-1.7851108556172406,0.6951289497538593,1.7630126631932643,0.8901118727748581,-0.49628665034210184,-1.165782047783038,0.47136647005984866,0.6373941520074605,-1.2852770805441076,0.025717099216911076
0.3269533056304078,0.5363472044045838,0.8206361652226831,1.1081014028554907,0.1753400824949215,0.048538910817961994,-0.1942745168742466,0.07217176575040321,-0.18324072581471704,0.41808960515297333,0.5392743475976218,0.035701655183499756,0.04600952807209301,-0.4471223401686571,-0.08497281214850474,-0.03150223297013941,0.2403216578747385,0.37002089681632694,0.5756585644321304,-0.3828957178061145,-0.647064925822259,0.24190506009053656,0.7646283520849295,0.6029638936282851,-0.7212432437819832,-0.44675212212342663,-0.38261474541588003,0.111384991459988,0.21460377505436842,-0.7981174577423462,-0.4336243947586038,0.24564197840608645,-0.09680875702185901,-0.1629749783013729,-0.28926328464842727,-0.5225615851162944,0.38063274119560164,0.9759302497498981,-0.30818963330857335,-0.5644126993055298,-0.27121727892628256,-0.7038090466147224,-0.318864987671611,-0.3545956123727866,0.07788995722972682
0.7009588350749545,0.694115487723025,0.4385901912092209,1.2904001093244046,0.5236824597447501,-0.6824270386173407,-0.37414989743135024,-0.4352231209733033,2.0549967447469504,0.44757801022058885,0.5950735277059124,0.04747699682354463,0.3674043865269643,0.9926368248727389,0.18227835106730347,0.4519751265745571,-0.34294719877868957,-0.7842035634877872,1.6852384323043452,-0.2682393944219846,0.9621292399257938,0.45064410755432893,0.6029638936282851,3.2725167149340137,-0.7532646679567766,0.5805834299437186,0.3315071409610666,-1.0220409875330714,0.4181909770623388,-1.302403026680593,-1.8845911059950382,-0.46615776896140465,-1.7652040689969613,-0.06891322300656962,-0.6392204793164804,-0.9898682118847649,2.464362065431708,0.060153484211962115,-1.1665931422119045,-0.6095198342220747,1.1685262308791409,-2.532799328311116,1.0379955449915823,0.7784698575695975,1.3410991161511678
0.6681618590365526,-0.8380361222247745,-1.8415741501568537,-0.986024469902182,0.3709391766942242,-1.0678854796837214,0.043182723792892834,-1.1663695772858764,0.6522224196690035,-1.4768048461401864,-0.2707606414473403,0.9119546047552964,-1.3864994720255923,1.6143974823781628,-1.2833073906455312,1.1543042172591316,-0.6848266586910148,-0.5056014747298176,-1.050500010438899,0.5629533365430377,0.2895973061618803,-1.0093118459310582,-0.7212432437819832,-0.7532646679567766,2.8636703394771876,-0.26994596681439353,0.3687393453686774,0.8361740439255463,-0.892762676205885,1.4157950179868732,-1.1080729715459232,-0.6659709764747169,-0.203480965064428,0.725797460456935,0.740815766841326,1.324138465148751,-0.6759588619444716,-1.9079629704642904,-0.18692569435147294,1.6836758599521233,0.7008332811914568,0.1609703238275527,0.18384286297873315,1.8364484394916785,-1.1939650970918005
-0.3181280280028895,-0.10656657056857258,-0.25762955833330814,-0.5328459967649664,-0.1108883547471699,0.031743124766967376,0.13773623373062385,0.08567454738614819,0.632177891963336,0.10796097829776276,-0.3411710071870255,-0.2828694140024848,0.44865697181590447,0.3948528479964463,0.5351117988526866,-0.20179869339771578,-0.12548764327448342,-0.47305938855586815,0.17387286313364028,0.1823657083209238,0.9564995017812118,0.11469970782367644,-0.44675212212342663,0.5805834299437186,-0.26994596681439353,0.7617968551260137,0.40283291400069526,-0.6996185903184122,0.13394887515041906,-0.006911875034628973,0.2614800448401732,-0.18943870318165926,-0.42028690909529254,-0.07153940226945205,-0.06221938404017525,-0.08129012639775428,0.552244346024395,-0.5397539348013896,0.0012660996639971562,-0.06452720018741877,0.48545439111028066,-0.07918597802897874,0.6054978170439349,0.11602757112266386,0.7028278263789163
-0.26202277013188285,-0.43591690483683604,-0.21169123540591173,-0.5106770490112957,-0.34679637587356643,-0.10153147398578545,-0.49655011927256854,0.2815813332267676,0.8400704373210991,-0.1953827911779285,-0.1331436422187508,-0.07931545648387424,0.2553923443965534,-0.1459012158454257,-0.05918115215782941,0.5471625593605467,-0.8979544361056623,-0.8610589126651126,0.18318116644363153,0.15382879157968501,0.5199781266442023,0.5110119156949767,-0.38261474541588003,0.3315071409610666,0.3687393453686774,0.40283291400069526,0.5212496646794246,-0.24416528264309334,0.037849708981631106,1.0301399626677075,-0.6215536233457637,-0.6589629694822219,-0.04962646849056949,0.19560947601794335,-0.2515209599483295,-0.2520180853790225,0.38807692717686293,-0.3132179830799333,0.20927627602553425,0.30531694469056114,0.14765164368548012,0.09224485924174552,0.6419745854445312,0.23343241553125882,0.07355164914792346
0.23166737599827134,-0.2142335647211493,-0.17792297925942474,0.02648100177455067,0.03368393073137156,-0.11094224977192857,-0.12636695182107596,-0.1598627938368451,-0.5853998323409781,-0.4182510590831258,0.13416412436862124,0.35957775333313535,-0.6070713224251377,-0.2217844885828515,-0.6757394247870158,0.36972717679311096,-0.07066119895687947,0.3022819616456351,-0.5191557722730425,-0.002234690108234389,-0.8161334331023973,-0.24845822380616586,0.111384991459988,-1.0220409875330714,0.8361740439255463,-0.6996185903184122,-0.24416528264309334,0.8308976881662828,-0.29295822869915095,0.5636901454120075,-0.21998743884859093,0.02180700567835488,0.5664526074443613,0.2272056444154731,0.2192886926398336,0.38454316336686556,-0.8746657854450643,0.08636228127695451,0.16998921794597263,0.45893933537338677,-0.4246135989525588,0.46468925741571243,-0.5226867074126161,0.1272816932510417,-0.9581040529610519
-0.2949797437590491,0.1388162604302979,0.6866129562274935,0.3005758989529446,-0.26948471032991506,0.34117797620538787,-0.32742050868053735,0.5604602085701679,0.0943266601257377,0.461575486199841,0.14310601356440622,-0.3271445177144407,0.5742703877830988,-0.7654692180391053,0.3495078954265799,-0.09198441114211806,-0.15439781702103575,-0.14789363908066538,0.5274434788334794,-0.19929008029182121,-0.07505388299963334,0.6455688287244301,0.21460377505436842,0.4181909770623388,-0.892762676205885,0.13394887515041906,0.037849708981631106,-0.29295822869915095,0.37313702842229507,-0.05912986898275055,-0.02949471426412778,-0.04968527024064305,0.1186017777020318,-0.1422207298381594,-0.43630763587371946,-0.6606415055862088,0.378839574363476,0.7246680425840633,0.1531031792453959,-0.49381912801642963,-0.2697711894359704,-0.07649530986347423,0.1470486209090887,-0.5915557939834197,0.3576549076007473
-1.0895733620789074,-1.6303720632890297,0.02300331480891832,-1.4551036893227165,-1.6258104832563618,0.27837601620117924,-2.0383528396192867,1.6299138854831612,0.8135544971200462,-0.7172839218782285,-0.14797930198346995,-0.13741085015953744,0.4722739266214189,-2.4430458711993515,-0.889928764458128,1.8932612524839432,-2.974878750904792,-1.9767240670355835,-0.18474002710003384,0.24320914655921633,-0.2810475376813197,1.9343027068555438,-0.7981174577423462,-1.302403026680593,1.4157950179868732,-0.006911875034628973,1.0301399626677075,0.5636901454120075,-0.05912986898275055,4.380219610240402,-1.5073727478617462,-1.7981781038547424,1.6100931657837305,0.66316023767791,-0.7738917471109259,-0.7635122327934367,-0.5651908084768517,0.3609961027303058,1.5409751222056458,1.0845259824604438,-1.2200996671290956,1.8805716409903146,0.8046926307022324,-0.3678296653590536,-1.3143809063824796
-0.6467048707562282,0.33012986868987154,-0.19842439191310227,-0.8028736058141759,0.12979178490441856,0.8994279586322196,1.669462382528143,-0.02275293443237509,-2.1610483546339405,0.47519538639934783,-0.8144334564637888,-0.5274526963480494,0.2139104138740564,0.25328386595720187,1.2248241437485587,-2.0884703779710123,2.0783003310905146,1.5869597388243581,-1.191059308635951,0.17224427773694806,0.06344281282698228,-1.145250167291714,-0.4336243947586038,-1.8845911059950382,-1.1080729715459232,0.2614800448401732,-0.6215536233457637,-0.21998743884859093,-0.02949471426412778,-1.5073727478617462,3.427773867069722,1.4979394486766575,0.5656882244296042,-0.6056127481398611,0.8347014939968995,0.9983315317205974,-1.4837226882193542,-0.26582703067418406,0.40937060648919565,-0.5334359345800999,-0.26018063292466015,1.4776962733978152,-0.9773152185266595,-1.0364387094076997,0.4099401450034424
0.2305172109239663,0.6265586572083764,-0.0021531924526691647,0.34584207558860586,0.5748141920180335,0.1965931906097874,1.1223523680411278,-0.5398060114110327,-1.1930337877482884,0.3180840855902098,-0.1099141700349799,-0.02379125722551576,-0.24772248793754698,0.6917983820680902,0.47055030036999923,-1.1828424893519778,1.6288357396619682,1.2918904662067068,-0.42108881803583154,-0.07435737040796583,-0.23926015795979322,-1.0176369748047807,0.24564197840608645,-0.46615776896140465,-0.6659709764747169,-0.18943870318165926,-0.6589629694822219,0.02180700567835488,-0.04968527024064305,-1.7981781038547424,1.4979394486766575,1.1033514487080733,-0.13937416612485942,-0.3664575515320325,0.5432869933271932,0.6097666529096618,-0.5413244173877376,-0.024043486728210432,-0.32444417790011326,-0.46027977267615966,0.10989148492755968,-0.032950051685622074,-0.7870369066330335,-0.25959941673057546,0.2614828754246264
-0.8464328491344163,-0.5267824079532386,0.652894104643646,-0.48870715200690246,-0.9257845737591986,0.8038503495872731,-0.6717705464922359,1.218113224894152,-1.0446524638459913,0.0944731594864977,-0.0693133713369471,-0.33064202131681125,0.40954587647048407,-2.1070784934165876,-0.09016883963621149,0.13350566463193006,-0.6356306599618466,-0.029667434912810358,-0.4131401613918889,-0.09060622612689975,-0.9808514554277349,0.8908013287152798,-0.09680875702185901,-1.7652040689969613,-0.203480965064428,-0.42028690909529254,-0.04962646849056949,0.5664526074443613,0.1186017777020318,1.6100931657837305,0.5656882244296042,-0.13937416612485942,1.575960864128593,0.021169178058360532,-0.29722462041468234,-0.36864048216741824,-1.1815457490565862,1.0687320192554413,1.1365725663420712,0.01396245099822357,-1.3942350090154896,1.7203604031633668,-0.428072561718572,-1.231961562748315,-0.8358793782871813
0.11509324906802258,-0.3069365887391291,-0.35450074094931866,-0.21823438483705807,-0.021018590089306784,-0.2603528459136224,-0.2557196842699439,-0.13921094806610818,0.37625632642196477,-0.3739690328708898,6.686057684607004e-4,0.20788962493767074,-0.2548417635483741,0.17332463859041625,-0.38820664216833933,0.5227234315881052,-0.45442277560189454,-0.34691661477596053,-0.10182959081570538,0.10879754869143429,0.02392111216734498,0.01167929708458474,-0.1629749783013729,-0.06891322300656962,0.725797460456935,-0.07153940226945205,0.19560947601794335,0.2272056444154731,-0.1422207298381594,0.66316023767791,-0.6056127481398611,-0.3664575515320325,0.021169178058360532,0.26384846596060973,0.015537919310801269,0.13159880856978104,-0.07005610938341342,-0.33937907483683666,0.03239605629089186,0.45247429281288243,0.11341242822986587,0.01903043334490893,0.18237341825530864,0.4421613244288966,-0.35275972124813937
0.388048484611189,0.07129474967853659,-0.9567553042676943,-0.376902114973511,0.5947628184215841,-0.3160527353842747,0.9912206627394045,-0.9513468043248785,-0.5297330263565035,-0.41236904155536863,-0.33653709313860763,0.32237266471418263,-0.727062868344831,1.417949610952462,-0.06191649003905108,-0.5000406653972086,0.9744931514821575,0.6923411631836031,-0.8306543318866635,0.267392051936305,0.21342497060937096,-1.2831660165161065,-0.28926328464842727,-0.6392204793164804,0.740815766841326,-0.06221938404017525,-0.2515209599483295,0.2192886926398336,-0.43630763587371946,-0.7738917471109259,0.8347014939968995,0.5432869933271932,-0.29722462041468234,0.015537919310801269,0.7927951982661411,1.1216957135696872,-0.6474279581282625,-1.083830600327729,-0.325770856735754,0.4087599062546099,0.5349342236208635,0.08847099868126714,-0.4000349496831304,0.66463022288335,-0.16388346854067914
0.536701375226973,-0.06017665740119491,-1.5065888501156595,-0.695296821235356,0.7941085296561843,-0.5151531872766618,1.2956723981765104,-1.3571594096250132,-0.6082076949961743,-0.7309278571844527,-0.5133666464647434,0.5079629150797681,-1.0917691041696822,2.0361916215992135,-0.20613828798674322,-0.5126977869216502,1.180996201988392,0.81723186669922665,-1.2379348104680772,0.4368530732455978,0.33680507210183197,-1.7851108556172406,-0.5225615851162944,-0.9898682118847649,1.324138465148751,-0.08129012639775428,-0.2520180853790225,0.38454316336686556,-0.6606415055862088,-0.7635122327934367,0.9983315317205974,0.6097666529096618,-0.36864048216741824,0.13159880856978104,1.1216957135696872,1.6395349073956857,-0.9815558895614089,-1.6829508086559426,-0.39531894769279424,0.7686551382145984,0.786980158818547,0.21420697096637029,-0.4723913783451313,1.0845316658258966,-0.3679217204872514
0.3016433230114832,0.40140329175847717,0.4843953356871851,0.8302677883639398,0.13373367588311175,-0.3897939534565502,-0.528017071404872,-2.6637191881018744e-4,1.6657152975795635,0.39884393433399223,0.42380161365526564,-0.09193042441006724,0.5131330298677337,0.32491959102553003,0.18964990917798127,0.4471290605346235,-0.6170913997723732,-0.8593915880634722,1.3624812797687051,-0.20195646211891827,0.7922982238609017,0.6951289497538593,0.38063274119560164,2.464362065431708,-0.6759588619444716,0.552244346024395,0.38807692717686293,-0.8746657854450643,0.378839574363476,-0.5651908084768517,-1.4837226882193542,-0.5413244173877376,-1.1815457490565862,-0.07005610938341342,-0.6474279581282625,-0.9815558895614089,1.955571080220234,0.20998563635910775,-0.6857656959207626,-0.49906768485176994,0.7049419713448802,-1.7132838570084865,0.9320288307035002,0.377209477284808,1.0510215154960523
-0.6090839624476255,0.3375762923909638,2.1497156441879555,1.1629262660298947,-0.8505045742914228,0.9698918510880237,-1.1727531461042258,1.6515829231427388,-0.6346407241060872,1.041493132404433,0.70706120190145,-0.5811375956495929,1.0611925746871504,-2.9075296745250645,0.21832471333213374,0.058519127150891484,-0.5959501656932896,0.017455296604030508,1.015059868793334,-0.6910757967861996,-1.3445969502697184,1.7630126631932643,0.9759302497498981,0.060153484211962115,-1.9079629704642904,-0.5397539348013896,-0.3132179830799333,0.08636228127695451,0.7246680425840633,0.3609961027303058,-0.26582703067418406,-0.024043486728210432,1.0687320192554413,-0.33937907483683666,-1.083830600327729,-1.6829508086559426,0.20998563635910775,2.6240006246994603,0.6362089831120328,-1.1621374922379482,-1.5748589397927137,0.3042629595988772,-0.34920754115580943,-1.9080326229542637,-0.025871920772988416
-0.8590303327877296,-0.5588429048972466,0.4125820014973905,-0.6839120635251537,-0.8753445343790689,0.6487418717657271,-0.6189825379726884,1.0955132708233375,-0.4549425168688874,0.07709551269015556,-0.19643501552398046,-0.38605221866185635,0.5488264327592312,-1.6358940001508315,0.0946704602561074,0.16238190825718934,-0.7661862066932216,-0.3761567910453993,-0.23089201798308456,0.017633666988830024,-0.3677323183512713,0.8901118727748581,-0.30818963330857335,-1.1665931422119045,-0.18692569435147294,0.0012660996639971562,0.20927627602553425,0.16998921794597263,0.1531031792453959,1.5409751222056458,0.40937060648919565,-0.32444417790011326,1.1365725663420712,0.03239605629089186,-0.325770856735754,-0.39531894769279424,-0.6857656959207626,0.6362089831120328,0.9762596336903197,0.04889221540050834,-0.9505838773892693,1.3968409296142723,-0.003983608073467529,-0.9258901046842786,-0.4262950327994046
0.22681821149379788,-0.6228039821333695,-1.1201491655449287,-0.801176920604957,0.09170739943406353,-0.5365524996728872,-0.021804242657440923,-0.5492571769947443,0.38394313713910866,-0.8818761297581105,-0.25921424556808986,0.45636079041086663,-0.7104399337171825,0.8162942699419934,-0.6796921894881411,0.6809741981707087,-0.5012743010491381,-0.3992326104642907,-0.6779643463813996,0.37667110486704364,0.23769999576215117,-0.49628665034210184,-0.5644126993055298,-0.6095198342220747,1.6836758599521233,-0.06452720018741877,0.30531694469056114,0.45893933537338677,-0.49381912801642963,1.0845259824604438,-0.5334359345800999,-0.46027977267615966,0.01396245099822357,0.45247429281288243,0.4087599062546099,0.7686551382145984,-0.49906768485176994,-1.1621374922379482,0.04889221540050834,1.0402736665067418,0.3594561871981051,0.331927690683011,0.1805361965233796,1.000511508876427,-0.7131079024198058
0.738974341136726,0.23247136649146682,-1.1373705781418861,-0.06773807458210714,0.903442648028286,-0.8274376265885223,0.8430108020992836,-1.3472153364214343,0.9185324495362058,-0.3830022626839636,-0.20173855692959777,0.3829046129068117,-0.5850088002170409,2.374094619153712,0.04377342101292223,-0.13158902863355632,0.6673771444933299,0.02041473613035018,-0.03258766548007172,0.2845141837341765,1.1062157088962985,-1.165782047783038,-0.27121727892628256,1.1685262308791409,0.7008332811914568,0.48545439111028066,0.14765164368548012,-0.4246135989525588,-0.2697711894359704,-1.2200996671290956,-0.26018063292466015,0.10989148492755968,-1.3942350090154896,0.11341242822986587,0.5349342236208635,0.786980158818547,0.7049419713448802,-1.5748589397927137,-0.9505838773892693,0.3594561871981051,1.475057957195549,-1.2427521935387604,0.4236185675413458,1.4387444521877395,0.5950845827196969
-1.1561696206254628,-0.8311997011593224,0.01197490577010385,-1.402041933405385,-1.004409568799768,0.8990197250136224,-0.21283018924900315,1.1227531528230936,-1.3170197399805728,-0.1380184841612476,-0.588677352725551,-0.42055270439039466,0.3696693333295494,-1.7032513312552988,0.15233045684509408,-0.21643522277590066,-0.42842434722582184,0.011711947001470758,-1.0609050159396647,0.21612051023738724,-0.5140597293059949,0.47136647005984866,-0.7038090466147224,-2.532799328311116,0.1609703238275527,-0.07918597802897874,0.09224485924174552,0.46468925741571243,-0.07649530986347423,1.8805716409903146,1.4776962733978152,-0.032950051685622074,1.7203604031633668,0.01903043334490893,0.08847099868126714,0.21420697096637029,-1.7132838570084865,0.3042629595988772,1.3968409296142723,0.331927690683011,-1.2427521935387604,2.460158009206774,-0.4025500771654579,-1.1352898742063326,-0.8347023843587636
-0.17367559180693268,-0.32462789586988045,-0.14503797416414674,-0.3237176537784706,-0.27024070833676,-0.22328576766609798,-0.5761343290455827,0.2252824295919279,1.3270818543604743,-0.09330068414623217,-0.05420123544132808,-0.10928325821311473,0.39215953537729015,0.06741907672438685,0.039299692147811975,0.6280007865576044,-0.9988496192377034,-1.0854321782948086,0.5445720788229952,0.11983797790127464,0.8115923684347875,0.6373941520074605,-0.318864987671611,1.0379955449915823,0.18384286297873315,0.6054978170439349,0.6419745854445312,-0.5226867074126161,0.1470486209090887,0.8046926307022324,-0.9773152185266595,-0.7870369066330335,-0.428072561718572,0.18237341825530864,-0.4000349496831304,-0.4723913783451313,0.9320288307035002,-0.34920754115580943,-0.003983608073467529,0.1805361965233796,0.4236185675413458,-0.4025500771654579,0.9260717723602118,0.39054042982845216,0.4115556962373426
1.018799839286441,-0.11980211670548654,-1.579322118467554,-0.22205473240394832,0.9237341395063041,-1.2031328501512135,0.540225484596011,-1.6044545938797128,1.1008763457877695,-0.948447741661176,-0.11393463253054031,0.7842045176309036,-1.1399368883211654,2.51779242369536,-0.6840625431860718,0.5702760363666193,0.13713449008274795,-0.22133769398217143,-0.33884523391182997,0.39409129506311413,0.8318452080711637,-1.2852770805441076,-0.3545956123727866,0.7784698575695975,1.8364484394916785,0.11602757112266386,0.23343241553125882,0.1272816932510417,-0.5915557939834197,-0.3678296653590536,-1.0364387094076997,-0.25959941673057546,-1.231961562748315,0.4421613244288966,0.66463022288335,1.0845316658258966,0.377209477284808,-1.9080326229542637,-0.9258901046842786,1.000511508876427,1.4387444521877395,-1.1352898742063326,0.39054042982845216,1.9913574049566432,-0.13391869186050254
