V1,V2,V3,V4,V5,V6,V7,V8,V9,V10,V11,V12,V13,V14,V15,V16,V17,V18,V19,V20,V21,V22,V23,V24,V25,V26,V27,V28,V29,V30,V31,V32,V33,V34,V35,V36,V37,V38,V39,V40,V41,V42,V43,V44
7.578725465141976,-8.301505570583654,2.3930668632584084,0.3203946228102956,-1.1186328541813373,-4.587473503516181,13.895430959937114,-6.969597419219081,-6.474689639128452,0.3828614752017566,1.7537997364835622,25.12018408489783,14.25002919433246,-0.6442130853558333,5.643738175177651,13.040409313218563,10.674217222576468,4.25009430432543,3.624000932906393,27.08987864394391,19.37620696603814,14.297246017165097,8.424612760202079,-13.28870134019426,-16.394720683717264,-13.108603999798042,5.948425607224382,-1.6250375778387767,12.39569513032567,2.070953504196281,11.93587221048463,-4.006384960032078,-11.638215152185673,-5.657058789879734,-7.802446656646603,-17.519221728871536,-15.300841198346099,-7.315092918796526,7.229350724886266,0.6931363697369903,3.4948831233729316,6.711063822659553,1.4706644331360987,0.49713535067270953
-8.301505570583654,12.258538997974359,-4.5235066026481,0.16522542378939872,2.2258347364272693,7.678552622119516,-20.021106505479676,9.35289306807771,8.815519881693021,-0.45640175030694086,-2.466961693085947,-32.037865192365395,-21.034316112821866,0.46585627727324314,-7.147097677974689,-16.73562840510285,-14.646181086739219,-7.213750257951949,-6.415642116113871,-38.321296794364315,-26.19090159853991,-20.406703385827992,-10.410393745364294,18.356227931500182,21.918356892828005,18.881894654094733,-8.325483272757458,2.702208727594633,-17.123197315598382,-2.430899517202081,-15.061315597176153,4.41270190637586,16.28164505557794,6.388866435563812,10.351977221021539,23.14172124780685,19.17156213369785,9.466438927759738,-11.837669821469442,-1.2176363090134779,-5.286629545335623,-6.96475653916333,-0.9735696995043734,-0.5810929628784904
2.3930668632584084,-4.5235066026481,2.4598388412728163,-0.2371278203338964,-1.053769363131428,-3.3953026713712426,7.3279446452280315,-3.5730662996304003,-2.747990901848422,0.5052780788838094,1.1231050343099445,10.920768764927786,7.705605865298921,-0.15144815398148342,2.6496264311907676,5.7232188967847675,5.093158373662986,3.015592635399724,2.828486788462528,14.606656001843426,9.214568467652981,7.6316341013034075,3.5386231751514523,-6.765276911217804,-7.926104688588967,-7.1879928057564655,3.3440190808677257,-1.0155795692130578,6.372184324151839,0.5883395046914162,5.277198876543452,-1.5867234468415974,-6.314365187892913,-1.512141942694809,-3.7949565497362623,-7.8002706074068255,-6.249844676034331,-3.3691125435922817,5.026939333082951,0.1410545098175507,1.9534571887143906,1.9944687185976353,-0.14207937876667673,-0.11824576723466983
0.3203946228102956,0.16522542378939872,-0.2371278203338964,0.11010147477360097,0.13302551462905837,0.25776519819037574,-0.15102141172769026,0.021162071534173738,-0.06533064733067538,-0.05566750089351133,-0.024320014645775663,0.31659095915574564,-0.24611818792162762,-0.041066398684635186,0.05868820916227595,0.16064645775063488,-0.006214075966221303,-0.2353917057786773,-0.2366103799355684,-0.31273051063440477,0.029663630508260454,-0.14818135271885585,0.1461299918374266,0.09051261330047503,-0.021025774479019238,0.1991953748518741,-0.07786823841434762,0.0664762841014925,-0.08454206602530798,0.09521255185267218,0.15444977725691464,-0.1206597404613869,0.13785962533215693,-0.26717086358266323,-0.01580575919283977,-0.10224819499857435,-0.26026085257090603,-0.0451421393930408,-0.36965408144932027,-0.019431110913289754,-0.0675402530489532,0.3452941140293494,0.16727122587796855,0.06319844810593732
-1.1186328541813373,2.2258347364272693,-1.053769363131428,0.13302551462905837,0.5332901953843632,1.5625313613428937,-3.420650779869299,1.6478003065887155,1.2834613880499528,-0.23019693402027214,-0.4780183012607014,-5.088516304645078,-3.640409761333284,0.04768211629661604,-1.1998740397620073,-2.6634447583242,-2.43823164164171,-1.4406526721238504,-1.2802430582162854,-6.817388864569365,-4.338688032696013,-3.54036720900198,-1.6577866331796913,3.202054751274,3.6916684116811105,3.3746164163629238,-1.5283286311969597,0.48518536225154185,-3.0082096943790715,-0.2888639177631885,-2.426073351545411,0.7097875770268635,2.9440073898393457,0.7138353170078584,1.7292736757646847,3.759598110325644,2.955956944687525,1.5993238666445926,-2.3524791096998396,-0.16412126172839642,-0.9603953821597708,-0.8695942498185367,0.04583503809544193,0.00958226414405767
-4.587473503516181,7.678552622119516,-3.3953026713712426,0.25776519819037574,1.5625313613428937,5.237068148870261,-12.552792026437332,5.879245513363371,5.228870187456896,-0.45911117322670597,-1.6643254384167985,-19.24219204826629,-13.246629268879909,0.2593097456943075,-4.405359359951794,-10.064540163264244,-8.933356030950893,-4.809185600881001,-4.413640587089308,-24.245895560582433,-16.027621703584224,-12.860515585489871,-6.196317018589667,11.438254230014989,13.522712902203557,11.974520357960115,-5.362118474684322,1.7422074754435208,-10.6963761721211,-1.292254942890406,-9.115661830441333,2.6219163051268515,10.346132246100176,3.393358841709625,6.43031476684903,13.897418913684483,11.308420281808255,5.759241258867416,-7.94309168736859,-0.5904775744597671,-3.3078374328319375,-3.8164092203873365,-0.24530174403247956,-0.14389361779379048
13.895430959937114,-20.021106505479676,7.3279446452280315,-0.15102141172769026,-3.420650779869299,-12.552792026437332,33.50560923855853,-15.365111660216646,-15.183769323194099,0.3629980175118751,4.042036489724195,53.43161170964553,35.1709822851742,-0.797725871691749,11.796229812306166,27.92117873070628,24.33089123406602,11.770203165082508,10.688503369592697,63.21723064007907,43.59983195413648,33.98678251268382,17.212887009928245,-30.243191450224995,-36.34932384373276,-31.176773505793268,13.65352384235149,-4.546136548572673,28.15922900887706,4.189442743757055,25.045570760566942,-7.164592864635045,-26.700103856879647,-11.147650025460145,-17.27052546295717,-38.393162700566585,-32.004931701385964,-15.521765918801893,19.380238742633868,2.0243072122530714,8.641728570970892,11.81404228229398,1.8374194166062408,1.0999430595567319
-6.969597419219081,9.35289306807771,-3.5730662996304003,0.021162071534173738,1.6478003065887155,5.879245513363371,-15.365111660216646,7.581087440810488,6.617822291064959,-0.6618449374823328,-2.048848010448009,-25.734076933045834,-15.994461480779378,0.5565828363095883,-5.901664140739104,-13.386725267923664,-11.360891990310618,-5.366702474946522,-4.768496084434706,-30.15267569140123,-20.55909381340294,-15.84603610870092,-8.505823682333135,14.496465041840917,17.478210591105544,14.721983276658403,-6.7094776541063625,1.9483263364356576,-13.550821425253654,-1.851966491514825,-12.27138616126329,3.927349686704913,12.984977575771612,5.020266462043439,8.329065073028096,18.205158295187694,15.366523206966543,7.6573174077734745,-9.051237856930761,-0.6610187322311596,-3.9498534139667547,-6.023417100974317,-0.8970476248277542,-0.24091394287362317
-6.474689639128452,8.815519881693021,-2.747990901848422,-0.06533064733067538,1.2834613880499528,5.228870187456896,-15.183769323194099,6.617822291064959,7.400759843752018,0.3172965194434701,-1.632600720787305,-24.215219845047788,-15.948343896352664,0.31286857845850546,-5.127460141704267,-12.672750647742683,-11.044968429487156,-5.03081318648017,-4.609262678564188,-27.65571645717342,-19.706515742072668,-15.182670677764138,-7.6918934197610875,13.30979232092376,16.159583167113126,13.694033264309782,-5.793460187195798,2.093372191237516,-12.329781219721418,-2.1336662837137212,-11.186813502889771,2.992801681097749,11.482410183422811,5.692440818735399,7.677922201329809,17.44605397641071,14.679502934013607,6.806724976201897,-8.189021038267951,-1.1457963087380534,-3.8435919608404885,-5.541954646893129,-1.1480412623617922,-0.8092380495632121
0.3828614752017566,-0.45640175030694086,0.5052780788838094,-0.05566750089351133,-0.23019693402027214,-0.45911117322670597,0.3629980175118751,-0.6618449374823328,0.3172965194434701,0.5581456416366575,0.2537759688176351,1.2785602075568687,0.32168166841257656,-0.1564077756681157,0.5214356747317929,0.6132622217951792,0.36459011691358606,0.2729811002268882,0.1702792906429518,1.8901780022388535,0.8190190522269782,0.6293471395357935,0.5885226341969753,-0.9126180245189269,-1.0314207415597643,-0.8232072690723095,0.6204089780156526,0.04461200136987192,0.9070368638688451,-0.134629311359551,0.80807010739836,-0.5799638850888272,-1.0564052947814146,0.2847629500802585,-0.5104222014605766,-0.7398049942333671,-0.6439448066074848,-0.5998794855760696,0.6483844421937666,-0.24827690104082575,0.10893160753541428,0.3574747871721681,-0.10439508935101002,-0.3224659843986797
1.7537997364835622,-2.466961693085947,1.1231050343099445,-0.024320014645775663,-0.4780183012607014,-1.6643254384167985,4.042036489724195,-2.048848010448009,-1.632600720787305,0.2537759688176351,0.6075480519176693,6.678471074311738,4.170013586062738,-0.1378174300693114,1.594529683641248,3.48709134139284,2.9490372017161213,1.4831159387205028,1.3410627038624423,8.101865791556165,5.366598689920754,4.223018963684576,2.2237975773559406,-3.836587935263216,-4.613669026697074,-3.9385843385733055,1.8448248025132488,-0.507587273271488,3.611035936733548,0.44040414289644975,3.225521623805615,-1.0647485328781447,-3.5121928123868007,-1.1602317857030784,-2.2042567979020253,-4.670313477588217,-3.925844993320125,-2.021150978188922,2.496003070143241,0.08564149082143277,1.0601137211692855,1.5291260668799673,0.11901631901094839,0.0014637715594614793
25.12018408489783,-32.037865192365395,10.920768764927786,0.31659095915574564,-5.088516304645078,-19.24219204826629,53.43161170964553,-25.734076933045834,-24.215219845047788,1.2785602075568687,6.678471074311738,90.2601521728885,55.561341018565216,-1.878636642431841,20.213084187992642,46.98158183518386,39.752321525988485,17.851134625384695,15.817619357650749,102.8758266748866,71.7476455344253,54.65949055014877,29.685524896919038,-49.748213519534154,-60.41753460808151,-50.28487926792758,22.50453469741844,-6.787830981117821,46.375011714696285,7.073874650046433,42.688239099898695,-13.342233352534071,-43.920995840591154,-19.160795331936598,-28.75926523816194,-63.91064675399069,-54.3860794426538,-26.37252145148878,29.92776088099837,2.835248334412108,13.606112463382141,21.804960226249413,4.001864818696008,1.5887304743042683
14.25002919433246,-21.034316112821866,7.705605865298921,-0.24611818792162762,-3.640409761333284,-13.246629268879909,35.1709822851742,-15.994461480779378,-15.948343896352664,0.32168166841257656,4.170013586062738,55.561341018565216,37.05664542932279,-0.8050321478655615,12.203257366868137,29.023138703560164,25.446234055757856,12.445640749232481,11.334994018073376,66.12555831393027,45.538634811488365,35.59714658294195,17.817645353498378,-31.627643023071677,-37.91083148929033,-32.682081658610244,14.244142411588198,-4.829356695974447,29.41583623010115,4.329242938921392,25.991680624355585,-7.3018936147263105,-27.896217528150647,-11.566933879382846,-18.015535787600896,-40.08689910664722,-33.267008770608946,-16.12877011185931,20.49617339280001,2.2204593537523998,9.049812830944022,12.042803725419185,1.8844695920887173,1.1482400173261784
-0.6442130853558333,0.46585627727324314,-0.15144815398148342,-0.041066398684635186,0.04768211629661604,0.2593097456943075,-0.797725871691749,0.5565828363095883,0.31286857845850546,-0.1564077756681157,-0.1378174300693114,-1.878636642431841,-0.8050321478655615,0.1359451548212276,-0.46858084169536707,-0.9366263335285483,-0.6546048164793428,-0.17697948937002006,-0.14744999761158933,-1.839830670769032,-1.284926269380558,-0.8773488371788642,-0.67033761513988,0.9433269493281462,1.2019082925044406,0.8529081868188694,-0.46370707095938773,0.04966933020560225,-0.8760146234736709,-0.09202891152405548,-0.9542366596086728,0.4314331386451595,0.8694302433497105,0.36499490010282415,0.6085170277337035,1.2027951439900844,1.1335658700156261,0.5720702773365335,-0.4400999311087094,0.04350789724470874,-0.13237586750162955,-0.6165644790764585,-0.17589905648865573,0.07283297477914209
5.643738175177651,-7.147097677974689,2.6496264311907676,0.05868820916227595,-1.1998740397620073,-4.405359359951794,11.796229812306166,-5.901664140739104,-5.127460141704267,0.5214356747317929,1.594529683641248,20.213084187992642,12.203257366868137,-0.46858084169536707,4.650759892665093,10.510892279068155,8.803517274234679,4.007085162750718,3.536447022032147,23.24674640578983,15.974479065599697,12.19745884764111,6.726887158836783,-11.212340440979837,-13.607453254750991,-11.306085689790011,5.186431455896296,-1.4535991094743752,10.489130979467093,1.4877183770267313,9.660775233825339,-3.1719876634794835,-10.02856636187858,-4.036374095762864,-6.4892205317194955,-14.191595270458635,-12.105587601206077,-5.999798645168037,6.787545436956375,0.46767942408661645,3.018271200869272,4.930812821050975,0.7914492030687194,0.20341449702564354
13.040409313218563,-16.73562840510285,5.7232188967847675,0.16064645775063488,-2.6634447583242,-10.064540163264244,27.92117873070628,-13.386725267923664,-12.672750647742683,0.6132622217951792,3.48709134139284,46.98158183518386,29.023138703560164,-0.9366263335285483,10.510892279068155,24.476490453800533,20.750001228286497,9.358403345954029,8.297890282965795,53.64999660661425,37.41705950480006,28.54780748098597,15.436443683356021,-25.913660342409507,-31.462550154411893,-26.234317531550456,11.715718957997154,-3.5628094138183317,24.163435258360675,3.709218313164198,22.198711927084908,-6.894254270988291,-22.869820424592138,-9.987778555414009,-14.962173191962439,-33.294400500276986,-28.304153492958463,-13.715938982075068,15.624799674931712,1.4992417688120518,7.142950424859992,11.306859988826476,2.0372728498226125,0.8714405595627172
10.674217222576468,-14.646181086739219,5.093158373662986,-0.006214075966221303,-2.43823164164171,-8.933356030950893,24.33089123406602,-11.360891990310618,-11.044968429487156,0.36459011691358606,2.9490372017161213,39.752321525988485,25.446234055757856,-0.6546048164793428,8.803517274234679,20.750001228286497,17.907565071924104,8.394981339387007,7.486814760028772,46.26648090696302,32.11623217174122,24.752231357179674,12.933981006078643,-22.2587205526596,-26.83666544953987,-22.74208216447113,10.012376699646722,-3.221247922601693,20.738113022263647,3.1533848916644924,18.672846707686766,-5.53506108970132,-19.61050459468313,-8.387931892709698,-12.719533139343786,-28.476288535752726,-23.91183187262615,-11.593958246388679,13.845813419921555,1.4740762139343055,6.304438429412727,9.113969142352307,1.5393064998611345,0.8355686278244207
4.25009430432543,-7.213750257951949,3.015592635399724,-0.2353917057786773,-1.4406526721238504,-4.809185600881001,11.770203165082508,-5.366702474946522,-5.03081318648017,0.2729811002268882,1.4831159387205028,17.851134625384695,12.445640749232481,-0.17697948937002006,4.007085162750718,9.358403345954029,8.394981339387007,4.49655394163326,4.09557054629921,22.415955388594476,14.965079615491087,11.981438191710515,5.713039741471478,-10.590537013166582,-12.50038646037948,-11.107979036863702,4.879612278985669,-1.6641523580200206,9.890876013006032,1.2794220770582079,8.37988652016878,-2.3066755122766356,-9.48965649066634,-3.2957527108378497,-5.906990566025956,-13.017408301371749,-10.5496118757645,-5.304011357552851,7.318387999586657,0.6852287463752352,3.1461652610043207,3.4867419452051256,0.260483498372741,0.2670073226642964
3.624000932906393,-6.415642116113871,2.828486788462528,-0.2366103799355684,-1.2802430582162854,-4.413640587089308,10.688503369592697,-4.768496084434706,-4.609262678564188,0.1702792906429518,1.3410627038624423,15.817619357650749,11.334994018073376,-0.14744999761158933,3.536447022032147,8.297890282965795,7.486814760028772,4.09557054629921,3.838566535510846,20.111543763951435,13.368829056867538,10.835607812249267,4.988269094303317,-9.438869230267752,-11.147442058677894,-9.99647503120651,4.373775205206443,-1.5433355151587262,8.803211914556083,1.1205378612741306,7.41371266482879,-1.9472593727511176,-8.47454583319558,-2.924779291377047,-5.307529077773699,-11.512910262482032,-9.293649920115127,-4.645211260601743,6.69747387502357,0.5898367583535753,2.795542359318897,2.986835371781564,0.1819275152278906,0.21820948475407856
27.08987864394391,-38.321296794364315,14.606656001843426,-0.31273051063440477,-6.817388864569365,-24.245895560582433,63.21723064007907,-30.15267569140123,-27.65571645717342,1.8901780022388535,8.101865791556165,102.8758266748866,66.12555831393027,-1.839830670769032,23.24674640578983,53.64999660661425,46.26648090696302,22.415955388594476,20.111543763951435,122.02031448752382,83.27350939272884,64.73379151453977,33.60028297223197,-58.440725237389884,-70.18216149045031,-59.88733069314021,26.812167210222526,-8.325114267690646,54.557694967191,7.619367802475904,48.688127341237426,-14.785476841027956,-52.104181909475486,-20.373656643930683,-33.36231414367637,-73.45173766567508,-61.41952966538875,-30.38536300981163,37.298059729887484,3.22629615174277,16.37998374043243,23.14115895727056,3.298295050022282,1.420181613880133
19.37620696603814,-26.19090159853991,9.214568467652981,0.029663630508260454,-4.338688032696013,-16.027621703584224,43.59983195413648,-20.55909381340294,-19.706515742072668,0.8190190522269782,5.366598689920754,71.7476455344253,45.538634811488365,-1.284926269380558,15.974479065599697,37.41705950480006,32.11623217174122,14.965079615491087,13.368829056867538,83.27350939272884,57.74164339301313,44.446364627932546,23.402447621591385,-40.07832117569041,-48.401476599488944,-40.869776864686514,18.11023300781625,-5.713111051398364,37.34992837974085,5.619005928915212,33.796212754113924,-10.177658349025618,-35.38940109425946,-15.055054949541692,-22.99289332302131,-51.19410954492644,-43.12228517912139,-20.949003393402297,24.834804577592976,2.48557029524972,11.21880542426168,16.63572486736133,2.82509828482238,1.3652813414286027
14.297246017165097,-20.406703385827992,7.6316341013034075,-0.14818135271885585,-3.54036720900198,-12.860515585489871,33.98678251268382,-15.84603610870092,-15.182670677764138,0.6293471395357935,4.223018963684576,54.65949055014877,35.59714658294195,-0.8773488371788642,12.19745884764111,28.54780748098597,24.752231357179674,11.981438191710515,10.835607812249267,64.73379151453977,44.446364627932546,34.620347931497,17.713244520003364,-30.965440672181938,-37.22301823592857,-31.851841803288117,14.087636746175866,-4.551432932698383,28.87108150938288,4.193682922126417,25.73044449291543,-7.556555702223006,-27.46072431407595,-11.162537780239337,-17.691506965863205,-39.13914240072532,-32.68613044048091,-15.983231214572168,19.80230322188691,1.8968696632330249,8.787303482778587,12.195201440802517,1.8083085192664463,0.9737841375303268
8.424612760202079,-10.410393745364294,3.5386231751514523,0.1461299918374266,-1.6577866331796913,-6.196317018589667,17.212887009928245,-8.505823682333135,-7.6918934197610875,0.5885226341969753,2.2237975773559406,29.685524896919038,17.817645353498378,-0.67033761513988,6.726887158836783,15.436443683356021,12.933981006078643,5.713039741471478,4.988269094303317,33.60028297223197,23.402447621591385,17.713244520003364,9.86404634887839,-16.290153746485434,-19.81822456946132,-16.357311835689035,7.4136591761319846,-2.1241353340752767,15.212204755615225,2.2924307758205167,14.111408579566465,-4.579339186306859,-14.43341575125795,-6.2082367193662575,-9.425258570071609,-20.915587207220057,-17.893492375234313,-8.744820098539847,9.628238391000494,0.8287343146323384,4.405036119364207,7.344140784201017,1.3365520098137562,0.45008875430774886
-13.28870134019426,18.356227931500182,-6.765276911217804,0.09051261330047503,3.202054751274,11.438254230014989,-30.243191450224995,14.496465041840917,13.30979232092376,-0.9126180245189269,-3.836587935263216,-49.748213519534154,-31.627643023071677,0.9433269493281462,-11.212340440979837,-25.913660342409507,-22.2587205526596,-10.590537013166582,-9.438869230267752,-58.440725237389884,-40.07832117569041,-30.965440672181938,-16.290153746485434,28.09227999838395,33.790909798177,28.65927115592912,-12.831586772285913,3.94608810572693,-26.208616423636308,-3.713897279098453,-23.54273727787933,7.221931824869382,24.982264332289176,9.992633734838122,16.060121285794985,35.495942160260455,29.784346275493125,14.685414874358965,-17.676538630688793,-1.5893551395803442,-7.806271636954043,-11.371821263806606,-1.7717320227763744,-0.7116291860553008
-16.394720683717264,21.918356892828005,-7.926104688588967,-0.021025774479019238,3.6916684116811105,13.522712902203557,-36.34932384373276,17.478210591105544,16.159583167113126,-1.0314207415597643,-4.613669026697074,-60.41753460808151,-37.91083148929033,1.2019082925044406,-13.607453254750991,-31.462550154411893,-26.83666544953987,-12.50038646037948,-11.147442058677894,-70.18216149045031,-48.401476599488944,-37.22301823592857,-19.81822456946132,33.790909798177,40.818157588074605,34.36311667671787,-15.40945437091651,4.688469643261407,-31.521237899613272,-4.58218127054353,-28.60657347847507,8.856821989263118,29.99619715812074,12.375962522517405,19.428875913504378,42.92161080367024,36.2361250203863,17.75959885798762,-20.925683592214217,-1.8640751876696329,-9.3142988174762,-14.137169488341751,-2.336367423650633,-0.9088167195692268
-13.108603999798042,18.881894654094733,-7.1879928057564655,0.1991953748518741,3.3746164163629238,11.974520357960115,-31.176773505793268,14.721983276658403,13.694033264309782,-0.8232072690723095,-3.9385843385733055,-50.28487926792758,-32.682081658610244,0.8529081868188694,-11.306085689790011,-26.234317531550456,-22.74208216447113,-11.107979036863702,-9.99647503120651,-59.88733069314021,-40.869776864686514,-31.851841803288117,-16.357311835689035,28.65927115592912,34.36311667671787,29.445245045696595,-13.111455919872881,4.153532819274643,-26.73746834129298,-3.742047982736036,-23.74364295449723,7.087588566340888,25.515509326496986,9.99293011860455,16.328241020541213,36.01760380138067,30.01907815673728,14.821623742522386,-18.432887887031207,-1.6724100451920072,-8.082562146753121,-11.150038075909563,-1.58082926548302,-0.7463687524494012
5.948425607224382,-8.325483272757458,3.3440190808677257,-0.07786823841434762,-1.5283286311969597,-5.362118474684322,13.65352384235149,-6.7094776541063625,-5.793460187195798,0.6204089780156526,1.8448248025132488,22.50453469741844,14.244142411588198,-0.46370707095938773,5.186431455896296,11.715718957997154,10.012376699646722,4.879612278985669,4.373775205206443,26.812167210222526,18.11023300781625,14.087636746175866,7.4136591761319846,-12.831586772285913,-15.40945437091651,-13.111455919872881,5.982264974680703,-1.7572969418673496,12.002207717199692,1.5742938029359341,10.740867598856216,-3.3993218633185034,-11.546730704511548,-4.251950778351971,-7.347057003663083,-15.953976239714423,-13.37617591623576,-6.720943498547864,8.214580385087311,0.559570089419173,3.5238089510053885,5.117141860415482,0.6644480554315322,0.16392533992397004
-1.6250375778387767,2.702208727594633,-1.0155795692130578,0.0664762841014925,0.48518536225154185,1.7422074754435208,-4.546136548572673,1.9483263364356576,2.093372191237516,0.04461200136987192,-0.507587273271488,-6.787830981117821,-4.829356695974447,0.04966933020560225,-1.4535991094743752,-3.5628094138183317,-3.221247922601693,-1.6641523580200206,-1.5433355151587262,-8.325114267690646,-5.713111051398364,-4.551432932698383,-2.1241353340752767,3.94608810572693,4.688469643261407,4.153532819274643,-1.7572969418673496,0.6628161407964124,-3.663143794012519,-0.5471146482513811,-3.133263206694297,0.7771389465329077,3.4616849101168414,1.4280300608818375,2.2198601712022996,4.981507151203648,4.052707879651992,1.9464525279354934,-2.6850348475652317,-0.33698459359113675,-1.1857611877069798,-1.3357611310184252,-0.17719432710912775,-0.18645753342829827
12.39569513032567,-17.123197315598382,6.372184324151839,-0.08454206602530798,-3.0082096943790715,-10.6963761721211,28.15922900887706,-13.550821425253654,-12.329781219721418,0.9070368638688451,3.611035936733548,46.375011714696285,29.41583623010115,-0.8760146234736709,10.489130979467093,24.163435258360675,20.738113022263647,9.890876013006032,8.803211914556083,54.557694967191,37.34992837974085,28.87108150938288,15.212204755615225,-26.208616423636308,-31.521237899613272,-26.73746834129298,12.002207717199692,-3.663143794012519,24.468506267543468,3.447328093434097,21.970717329100694,-6.778145975550846,-23.342815455294886,-9.243207544270595,-14.97458802710368,-33.06178797977464,-27.74487360458185,-13.718733222075643,16.49799858706222,1.4388967916319915,7.294440375935999,10.611465554202226,1.602046979654121,0.6386001265342977
2.070953504196281,-2.430899517202081,0.5883395046914162,0.09521255185267218,-0.2888639177631885,-1.292254942890406,4.189442743757055,-1.851966491514825,-2.1336662837137212,-0.134629311359551,0.44040414289644975,7.073874650046433,4.329242938921392,-0.09202891152405548,1.4877183770267313,3.709218313164198,3.1533848916644924,1.2794220770582079,1.1205378612741306,7.619367802475904,5.619005928915212,4.193682922126417,2.2924307758205167,-3.713897279098453,-4.58218127054353,-3.742047982736036,1.5742938029359341,-0.5471146482513811,3.447328093434097,0.6891102855006404,3.261767345940526,-0.9254622496215021,-3.150335619292678,-1.7969966473627834,-2.156238250558756,-5.049384344557681,-4.351740415007873,-1.9735067936472073,2.0415699325435734,0.341027465009066,1.083605975945841,1.7990400470743808,0.4254935702263106,0.3069714444768423
11.93587221048463,-15.061315597176153,5.277198876543452,0.15444977725691464,-2.426073351545411,-9.115661830441333,25.045570760566942,-12.27138616126329,-11.186813502889771,0.80807010739836,3.225521623805615,42.688239099898695,25.991680624355585,-0.9542366596086728,9.660775233825339,22.198711927084908,18.672846707686766,8.37988652016878,7.41371266482879,48.688127341237426,33.796212754113924,25.73044449291543,14.111408579566465,-23.54273727787933,-28.60657347847507,-23.74364295449723,10.740867598856216,-3.133263206694297,21.970717329100694,3.261767345940526,20.281040538341834,-6.488174143147604,-20.88569758774126,-8.879226686646595,-13.638046213228897,-30.09799241283145,-25.671938428765397,-12.543609947052667,14.14654153273396,1.1908375552674755,6.362336932032951,10.403219092432883,1.8539369752389183,0.6115785266441305
-4.006384960032078,4.41270190637586,-1.5867234468415974,-0.1206597404613869,0.7097875770268635,2.6219163051268515,-7.164592864635045,3.927349686704913,2.992801681097749,-0.5799638850888272,-1.0647485328781447,-13.342233352534071,-7.3018936147263105,0.4314331386451595,-3.1719876634794835,-6.894254270988291,-5.53506108970132,-2.3066755122766356,-1.9472593727511176,-14.785476841027956,-10.177658349025618,-7.556555702223006,-4.579339186306859,7.221931824869382,8.856821989263118,7.087588566340888,-3.3993218633185034,0.7771389465329077,-6.778145975550846,-0.9254622496215021,-6.488174143147604,2.3927110943300414,6.520763048118583,2.592234998478288,4.24017563608457,9.166711631584123,8.014348509070208,4.035652515873251,-4.061070652626361,-0.14116335423238963,-1.8024319880563624,-3.577579135972591,-0.6379679505576755,-0.0066529165389797714
-11.638215152185673,16.28164505557794,-6.314365187892913,0.13785962533215693,2.9440073898393457,10.346132246100176,-26.700103856879647,12.984977575771612,11.482410183422811,-1.0564052947814146,-3.5121928123868007,-43.920995840591154,-27.896217528150647,0.8694302433497105,-10.02856636187858,-22.869820424592138,-19.61050459468313,-9.48965649066634,-8.47454583319558,-52.104181909475486,-35.38940109425946,-27.46072431407595,-14.43341575125795,24.982264332289176,29.99619715812074,25.515509326496986,-11.546730704511548,3.4616849101168414,-23.342815455294886,-3.150335619292678,-20.88569758774126,6.520763048118583,22.3746655853129,8.487541558233339,14.275589943338103,31.25297449317513,26.183616644356004,13.067836710764219,-15.909245624845973,-1.2372973690755307,-6.904673118155715,-9.971277839564856,-1.3914590985010953,-0.4452937907637644
-5.657058789879734,6.388866435563812,-1.512141942694809,-0.26717086358266323,0.7138353170078584,3.393358841709625,-11.147650025460145,5.020266462043439,5.692440818735399,0.2847629500802585,-1.1602317857030784,-19.160795331936598,-11.566933879382846,0.36499490010282415,-4.036374095762864,-9.987778555414009,-8.387931892709698,-3.2957527108378497,-2.924779291377047,-20.373656643930683,-15.055054949541692,-11.162537780239337,-6.2082367193662575,9.992633734838122,12.375962522517405,9.99293011860455,-4.251950778351971,1.4280300608818375,-9.243207544270595,-1.7969966473627834,-8.879226686646595,2.592234998478288,8.487541558233339,4.879252090319697,5.887749711193276,13.580161801739656,11.786767987300806,5.3309773479567815,-5.4425523660879644,-0.8584943134551499,-2.7499350125681197,-4.970198377940986,-1.2904061664479605,-0.7142695345871313
-7.802446656646603,10.351977221021539,-3.7949565497362623,-0.01580575919283977,1.7292736757646847,6.43031476684903,-17.27052546295717,8.329065073028096,7.677922201329809,-0.5104222014605766,-2.2042567979020253,-28.75926523816194,-18.015535787600896,0.6085170277337035,-6.4892205317194955,-14.962173191962439,-12.719533139343786,-5.906990566025956,-5.307529077773699,-33.36231414367637,-22.99289332302131,-17.691506965863205,-9.425258570071609,16.060121285794985,19.428875913504378,16.328241020541213,-7.347057003663083,2.2198601712022996,-14.97458802710368,-2.156238250558756,-13.638046213228897,4.24017563608457,14.275589943338103,5.887749711193276,9.27906707451284,20.367626661576505,17.230319650583162,8.438322465184713,-9.956703392404586,-0.83902729148215,-4.372095309105925,-6.762108977277377,-1.1360353910006915,-0.38535307498434923
-17.519221728871536,23.14172124780685,-7.8002706074068255,-0.10224819499857435,3.759598110325644,13.897418913684483,-38.393162700566585,18.205158295187694,17.44605397641071,-0.7398049942333671,-4.670313477588217,-63.91064675399069,-40.08689910664722,1.2027951439900844,-14.191595270458635,-33.294400500276986,-28.476288535752726,-13.017408301371749,-11.512910262482032,-73.45173766567508,-51.19410954492644,-39.13914240072532,-20.915587207220057,35.495942160260455,42.92161080367024,36.01760380138067,-15.953976239714423,4.981507151203648,-33.06178797977464,-5.049384344557681,-30.09799241283145,9.166711631584123,31.25297449317513,13.580161801739656,20.367626661576505,45.60398410814883,38.53277888881985,18.668866639177114,-21.644019198444333,-2.2725781599050956,-9.870138484236563,-15.047100570545476,-2.738014786402316,-1.2632793409459318
-15.300841198346099,19.17156213369785,-6.249844676034331,-0.26026085257090603,2.955956944687525,11.308420281808255,-32.004931701385964,15.366523206966543,14.679502934013607,-0.6439448066074848,-3.925844993320125,-54.3860794426538,-33.267008770608946,1.1335658700156261,-12.105587601206077,-28.304153492958463,-23.91183187262615,-10.5496118757645,-9.293649920115127,-61.41952966538875,-43.12228517912139,-32.68613044048091,-17.893492375234313,29.784346275493125,36.2361250203863,30.01907815673728,-13.37617591623576,4.052707879651992,-27.74487360458185,-4.351740415007873,-25.671938428765397,8.014348509070208,26.183616644356004,11.786767987300806,17.230319650583162,38.53277888881985,32.87281028943646,15.838854898541747,-17.661771148040092,-1.8011927004094122,-8.144257232666483,-13.285347028484624,-2.5795590672511253,-1.0731905270937119
-7.315092918796526,9.466438927759738,-3.3691125435922817,-0.0451421393930408,1.5993238666445926,5.759241258867416,-15.521765918801893,7.6573174077734745,6.806724976201897,-0.5998794855760696,-2.021150978188922,-26.37252145148878,-16.12877011185931,0.5720702773365335,-5.999798645168037,-13.715938982075068,-11.593958246388679,-5.304011357552851,-4.645211260601743,-30.38536300981163,-20.949003393402297,-15.983231214572168,-8.744820098539847,14.685414874358965,17.75959885798762,14.821623742522386,-6.720943498547864,1.9464525279354934,-13.718733222075643,-1.9735067936472073,-12.543609947052667,4.035652515873251,13.067836710764219,5.3309773479567815,8.438322465184713,18.668866639177114,15.838854898541747,7.821397611843983,-8.919911182286047,-0.7450895362586495,-4.003303098600802,-6.324571938968012,-1.058047896397324,-0.3420245320444119
7.229350724886266,-11.837669821469442,5.026939333082951,-0.36965408144932027,-2.3524791096998396,-7.94309168736859,19.380238742633868,-9.051237856930761,-8.189021038267951,0.6483844421937666,2.496003070143241,29.92776088099837,20.49617339280001,-0.4400999311087094,6.787545436956375,15.624799674931712,13.845813419921555,7.318387999586657,6.69747387502357,37.298059729887484,24.834804577592976,19.80230322188691,9.628238391000494,-17.676538630688793,-20.925683592214217,-18.432887887031207,8.214580385087311,-2.6850348475652317,16.49799858706222,2.0415699325435734,14.14654153273396,-4.061070652626361,-15.909245624845973,-5.4425523660879644,-9.956703392404586,-21.644019198444333,-17.661771148040092,-8.919911182286047,12.134866642641875,0.9935609745702914,5.0570810176600824,6.017814388410875,0.5461306933404483,0.26538617275303567
0.6931363697369903,-1.2176363090134779,0.1410545098175507,-0.019431110913289754,-0.16412126172839642,-0.5904775744597671,2.0243072122530714,-0.6610187322311596,-1.1457963087380534,-0.24827690104082575,0.08564149082143277,2.835248334412108,2.2204593537523998,0.04350789724470874,0.46767942408661645,1.4992417688120518,1.4740762139343055,0.6852287463752352,0.5898367583535753,3.22629615174277,2.48557029524972,1.8968696632330249,0.8287343146323384,-1.5893551395803442,-1.8640751876696329,-1.6724100451920072,0.559570089419173,-0.33698459359113675,1.4388967916319915,0.341027465009066,1.1908375552674755,-0.14116335423238963,-1.2372973690755307,-0.8584943134551499,-0.83902729148215,-2.2725781599050956,-1.8011927004094122,-0.7450895362586495,0.9935609745702914,0.3648305556818346,0.5568524363946852,0.5004148124571092,0.19358564228035274,0.26559273361843666
3.4948831233729316,-5.286629545335623,1.9534571887143906,-0.0675402530489532,-0.9603953821597708,-3.3078374328319375,8.641728570970892,-3.9498534139667547,-3.8435919608404885,0.10893160753541428,1.0601137211692855,13.606112463382141,9.049812830944022,-0.13237586750162955,3.018271200869272,7.142950424859992,6.304438429412727,3.1461652610043207,2.795542359318897,16.37998374043243,11.21880542426168,8.787303482778587,4.405036119364207,-7.806271636954043,-9.3142988174762,-8.082562146753121,3.5238089510053885,-1.1857611877069798,7.294440375935999,1.083605975945841,6.362336932032951,-1.8024319880563624,-6.904673118155715,-2.7499350125681197,-4.372095309105925,-9.870138484236563,-8.144257232666483,-4.003303098600802,5.0570810176600824,0.5568524363946852,2.3390802134213122,2.911839458745002,0.351240723453566,0.32655308755079215
6.711063822659553,-6.96475653916333,1.9944687185976353,0.3452941140293494,-0.8695942498185367,-3.8164092203873365,11.81404228229398,-6.023417100974317,-5.541954646893129,0.3574747871721681,1.5291260668799673,21.804960226249413,12.042803725419185,-0.6165644790764585,4.930812821050975,11.306859988826476,9.113969142352307,3.4867419452051256,2.986835371781564,23.14115895727056,16.63572486736133,12.195201440802517,7.344140784201017,-11.371821263806606,-14.137169488341751,-11.150038075909563,5.117141860415482,-1.3357611310184252,10.611465554202226,1.7990400470743808,10.403219092432883,-3.577579135972591,-9.971277839564856,-4.970198377940986,-6.762108977277377,-15.047100570545476,-13.285347028484624,-6.324571938968012,6.017814388410875,0.5004148124571092,2.911839458745002,6.020887002697816,1.355017365923406,0.3943677088882858
1.4706644331360987,-0.9735696995043734,-0.14207937876667673,0.16727122587796855,0.04583503809544193,-0.24530174403247956,1.8374194166062408,-0.8970476248277542,-1.1480412623617922,-0.10439508935101002,0.11901631901094839,4.001864818696008,1.8844695920887173,-0.17589905648865573,0.7914492030687194,2.0372728498226125,1.5393064998611345,0.260483498372741,0.1819275152278906,3.298295050022282,2.82509828482238,1.8083085192664463,1.3365520098137562,-1.7717320227763744,-2.336367423650633,-1.58082926548302,0.6644480554315322,-0.17719432710912775,1.602046979654121,0.4254935702263106,1.8539369752389183,-0.6379679505576755,-1.3914590985010953,-1.2904061664479605,-1.1360353910006915,-2.738014786402316,-2.5795590672511253,-1.058047896397324,0.5461306933404483,0.19358564228035274,0.351240723453566,1.355017365923406,0.5695070529604156,0.18068863641790683
0.49713535067270953,-0.5810929628784904,-0.11824576723466983,0.06319844810593732,0.00958226414405767,-0.14389361779379048,1.0999430595567319,-0.24091394287362317,-0.8092380495632121,-0.3224659843986797,0.0014637715594614793,1.5887304743042683,1.1482400173261784,0.07283297477914209,0.20341449702564354,0.8714405595627172,0.8355686278244207,0.2670073226642964,0.21820948475407856,1.420181613880133,1.3652813414286027,0.9737841375303268,0.45008875430774886,-0.7116291860553008,-0.9088167195692268,-0.7463687524494012,0.16392533992397004,-0.18645753342829827,0.6386001265342977,0.3069714444768423,0.6115785266441305,-0.0066529165389797714,-0.4452937907637644,-0.7142695345871313,-0.38535307498434923,-1.2632793409459318,-1.0731905270937119,-0.3420245320444119,0.26538617275303567,0.26559273361843666,0.32655308755079215,0.3943677088882858,0.18068863641790683,0.29662359682183465
