V1,V2,V3,V4,V5,V6,V7,V8,V9,V10,V11,V12,V13,V14,V15,V16,V17,V18,V19,V20,V21,V22,V23,V24,V25,V26,V27,V28,V29,V30,V31,V32,V33,V34,V35,V36,V37,V38,V39,V40,V41,V42,V43,V44
99.58165531340994,146.4501292842939,-64.8300796062951,-30.778006825699553,-335.7725269315591,-229.17360803579274,72.5994930609113,-237.28504002252328,-337.459135502836,255.6637223493512,571.2952766258597,154.33667966861088,-252.63016623734728,-26.833851920545396,-85.69555443139846,549.7524449790658,-236.6907543733247,123.37760874064776,-18.498829453727,382.2368761860321,-94.85710168391276,-131.82184552332518,-61.926656746207854,-132.31713303472023,325.728839277304,693.92130335581,527.689952596821,73.80234123361058,48.928129509885004,-418.79861395392794,6.7273799999614,56.47020487359838,-137.67400200686163,-664.4272187092254,380.5199445383441,-118.89969105393412,211.07307377969678,172.39806268880452,-626.6716774844978,-376.384108580435,182.19776974867796,227.79486160211266,160.5438253822466,55.81974778694448
146.4501292842939,215.88720186607495,-95.62073563495663,-45.63994557976131,-493.7858225417179,-337.4375213834688,106.58716848096307,-349.4944629877703,-496.95762445113206,376.5401684093705,841.1630643483942,227.02054442929952,-371.81934401397564,-39.59961556310146,-126.17220342057558,808.8779115050278,-348.39081874234233,181.56130636747426,-27.529952762809494,562.8971766560568,-139.5290628028785,-193.89472676517954,-91.08346692844447,-194.68084114387122,479.538489884524,1021.6146345655512,777.0831734862396,108.34716270675698,72.0794365045379,-616.2241302728451,9.598207291081893,83.00016819770539,-202.4459400412932,-977.7243064549343,559.8689880193829,-174.73039376482745,310.80297210517494,253.96473822097047,-922.5767796926747,-554.0583948328091,267.7526860309967,335.5225236606261,236.12678340065614,82.28892896472408
-64.8300796062951,-95.62073563495663,42.44389648662815,20.276502948310778,218.55493659499754,149.36155641355,-47.15489499915117,154.78063822947266,219.9599145161329,-166.66922135380136,-372.46616837763776,-100.44236415172013,164.55021739388096,17.47022244528951,55.8653388924151,-357.8862146355246,154.16400219016776,-80.36693374530016,12.280165007742394,-249.19902789233225,61.842449231118344,85.71417963898298,40.30675061416969,86.1503791147607,-212.24270479781504,-452.27089650860194,-344.05899575973615,-47.89402296638589,-31.920174950271655,272.7170839171218,-4.18895821872606,-36.756393920453675,89.49679694020845,432.73645489909904,-247.74038042944474,77.17491641399495,-137.65119987694976,-112.4965192684294,408.42729594494034,245.31490484367808,-118.32967067027506,-148.5780788495023,-104.57526256668487,-36.513761939344036
-30.778006825699553,-45.63994557976131,20.276502948310778,9.951488517303389,103.43774192307231,70.97542448063,-22.217468468970488,73.63619425944096,104.61873822227253,-79.2624272886085,-176.98806086306465,-47.5443267661597,78.0076744637033,8.222102647699208,26.574390451414125,-169.6278029860683,73.16232106175205,-38.20017158099863,6.022053733194934,-118.58866565211406,29.47134506459254,40.470975249775066,18.968270112917097,40.76965800551131,-100.75814482756215,-214.88582698362245,-163.43660328935397,-22.68433697417745,-15.199597332847029,129.24955249347968,-1.7760968317023154,-17.398951148320204,42.407539543250834,205.2364829028681,-117.40605610622205,36.45624253360521,-65.45366333104306,-53.60678124792717,193.98786154608155,116.6396079978319,-55.88258445453402,-70.61495819469891,-49.53573819362153,-17.473001082554855
-335.7725269315591,-493.7858225417179,218.55493659499754,103.43774192307231,1135.369650749421,774.2856351398957,-245.26892859675047,800.4099488322767,1138.9892332933712,-862.7207404880314,-1927.614985126905,-521.2980755780171,852.638741175181,91.71257498930088,289.675959519015,-1857.1307585742545,799.583253960145,-416.07104376476457,60.796588631847904,-1289.83544081332,320.05495967064377,446.59993134479015,209.86634311072115,447.8293394273421,-1099.5403352595476,-2341.5398894737855,-1780.7368051187923,-249.66928753162648,-165.0890485703112,1414.3126216077446,-23.37945630736142,-191.06530332768975,465.25490595000923,2244.298407264516,-1285.232341426959,403.1125568175292,-712.1529913969993,-581.0395958451987,2115.014915776235,1270.0535485194212,-616.1675018724324,-769.4029809001687,-542.6809893870736,-187.72129509759452
-229.17360803579274,-337.4375213834688,149.36155641355,70.97542448063,774.2856351398957,528.5807392496321,-167.1598142843351,546.6947924991396,777.8435280111668,-589.2325506382022,-1316.262806045767,-355.6782144917819,582.1103414663145,62.52793489645739,197.73318188998624,-1267.3377214341176,545.7329207849697,-284.0702721986807,42.04696413169195,-880.8529699404434,218.41259249689125,304.4886114307925,143.05340437451483,305.43200898629186,-750.7015051207471,-1598.8516851038958,-1216.0593920293613,-170.14192225865065,-112.77304724873014,965.2018411004668,-15.576951745810083,-130.20973305075356,317.37052200993156,1531.602334998717,-877.082425816827,274.699137182029,-486.34907843661176,-397.0005963326047,1444.0749475654177,867.1715586417907,-420.1184750954371,-525.3529666787941,-370.1490462695793,-128.39493156759704
72.5994930609113,106.58716848096307,-47.15489499915117,-22.217468468970488,-245.26892859675047,-167.1598142843351,53.088914943497045,-172.86493147178422,-245.95708774736346,186.30604664033646,416.3534520260199,112.6518033775977,-184.20879192488403,-19.70985960300613,-62.5070456477813,401.20085357820983,-172.69383547260662,89.90502398702243,-13.143601655868295,278.54158042803493,-69.13621853358084,-96.42899679498979,-45.31602807582227,-96.70357291791808,237.5028505991534,505.7722500700231,384.581067720841,53.94905362224927,35.64062017231626,-305.5571221950426,5.105471215748828,41.2770217455681,-100.53952970552946,-484.77626854855,277.65810855538604,-87.06844722274526,153.79958330822686,125.49504240820285,-456.8245325219942,-274.32157512420287,133.18934730078064,166.08388221820272,117.21135320573407,40.546067339894954
-237.28504002252328,-349.4944629877703,154.78063822947266,73.63619425944096,800.4099488322767,546.6947924991396,-172.86493147178422,566.0802054673112,805.0042737800935,-609.9324052108204,-1362.6879367932943,-367.9497388586105,602.5498694327526,64.23758561664395,204.43112404595442,-1310.870386745704,564.4762419622967,-294.12648270506924,44.35894651785451,-911.7373450867655,226.01962811568123,314.3802375389801,147.7417000550798,315.5662434187489,-776.9256468386322,-1655.0729960602907,-1258.9169378595157,-175.69276402701135,-116.74414655028677,998.6357019697376,-15.790177385765036,-134.53915069247475,328.09247141207277,1584.3701565792567,-907.3413808312276,283.33783418177165,-503.5070202293848,-411.27637891988644,1494.7028278301232,897.5862152935447,-434.1376828705583,-543.5543824444986,-382.7480204592547,-133.2096320689424
-337.459135502836,-496.95762445113206,219.9599145161329,104.61873822227253,1138.9892332933712,777.8435280111668,-245.95708774736346,805.0042737800935,1145.126075303696,-867.5579148368361,-1938.013762234201,-523.4917159787507,857.0741939700875,91.67910735861948,290.9027930569134,-1865.1482585729707,803.1405881492665,-418.310827780668,62.595371998629155,-1296.830654992005,321.4462735356879,447.6577618653994,210.30989664971182,449.1569451039373,-1105.1576818732267,-2354.03577674347,-1790.4862411104523,-250.18378370653986,-166.04274338299,1420.6771555889281,-22.66628929274554,-191.4559068621624,466.97569199187046,2254.087083852868,-1290.9027665841206,403.6690072099734,-716.076832379742,-584.7515043020958,2126.014146534583,1276.6726241714935,-618.0260995249057,-773.2152355460225,-544.5530290086185,-189.24613383642432
255.6637223493512,376.5401684093705,-166.66922135380136,-79.2624272886085,-862.7207404880314,-589.2325506382022,186.30604664033646,-609.9324052108204,-867.5579148368361,657.3115792476492,1468.3585020365224,396.59106287912175,-649.3988336128602,-69.40134773777685,-220.3415014669818,1412.9471798317759,-608.4116234614428,316.9313795309331,-47.60100410727591,982.489441647895,-243.46751559167555,-339.03949598261954,-159.30300095309983,-340.18863670095226,837.3044569384103,1783.5299221787625,1356.6214786844448,189.43906215128575,125.80170384904048,-1076.2975552820865,17.113734856458596,144.98837656264175,-353.7080326814157,-1707.5931146343573,977.9633126627417,-305.6329956754478,542.5378902998063,443.078878603873,-1610.7501752076414,-967.2145540610948,468.11323917184194,585.779260157973,412.48311633629277,143.42223900787877
571.2952766258597,841.1630643483942,-372.46616837763776,-176.98806086306465,-1927.614985126905,-1316.262806045767,416.3534520260199,-1362.6879367932943,-1938.013762234201,1468.3585020365224,3280.6778914694473,886.0742732781114,-1450.8757610504586,-154.79338810625944,-492.22852738638403,3156.5849388372767,-1359.1431132164678,708.1337139739198,-106.46181736075847,2194.8780060517192,-544.1157858893636,-757.2595616518063,-355.90573127172263,-759.9404249378701,1870.5821667715086,3984.7113173188422,3030.901624025201,423.2508811504481,281.0417396869929,-2404.683373915939,38.327362085375945,324.0161549947339,-790.1133884148145,-3815.0472301506006,2184.9099648065967,-682.5369122285495,1212.1739162657034,989.9339628705048,-3598.7045535884567,-2160.98183154386,1045.7097911332087,1308.6357624262855,921.7400510214013,320.51116162246024
154.33667966861088,227.02054442929952,-100.44236415172013,-47.5443267661597,-521.2980755780171,-355.6782144917819,112.6518033775977,-367.9497388586105,-523.4917159787507,396.59106287912175,886.0742732781114,239.55896742036663,-392.024678191355,-42.00018679129268,-133.00540427222964,853.3044395865641,-367.3536767124636,191.2754056062917,-28.34341165173457,592.8018518258973,-146.9371005368423,-204.9911357073161,-96.33617831521306,-205.5583255225941,505.39773450160203,1076.3398697950033,818.6379336578444,114.55418824347608,75.88290799902107,-649.938986007036,10.620011202157825,87.64918937222133,-213.70695963071293,-1031.124176989794,590.5917369469938,-184.88313332274132,327.33861703286476,267.1783847651215,-972.1495422893652,-583.6897261744658,283.0032239698183,353.5110990566103,249.17799586964537,86.36253727944808
-252.63016623734728,-371.81934401397564,164.55021739388096,78.0076744637033,852.638741175181,582.1103414663145,-184.20879192488403,602.5498694327526,857.0741939700875,-649.3988336128602,-1450.8757610504586,-392.024678191355,641.9451660959086,68.58357865023017,217.6681052459872,-1396.416988616273,601.1371802557098,-313.16659613736294,47.0131465679537,-970.5291944989065,240.43376307516016,335.1298633092806,157.54404694221344,336.1450322437029,-827.3922000715222,-1762.3480959234887,-1340.5773270882407,-187.25045258090088,-124.2740721155296,1063.7742341857756,-17.12063744166761,-143.254602778552,349.5304409248468,1687.4772315230707,-966.5954269785595,302.0083259071105,-536.0600975079732,-437.6658649535279,1591.6820432644588,955.6244343307796,-462.7977855792684,-578.7268162705952,-407.6792650348284,-141.61746070804222
-26.833851920545396,-39.59961556310146,17.47022244528951,8.222102647699208,91.71257498930088,62.52793489645739,-19.70985960300613,64.23758561664395,91.67910735861948,-69.40134773777685,-154.79338810625944,-42.00018679129268,68.58357865023017,7.821679758431017,23.416879434351266,-149.78891469582507,64.51768507296329,-33.310771244453065,4.458814130912792,-103.66265557791718,25.567929781276398,36.44375627420696,17.129563474398246,36.36590624463282,-88.50118588560434,-188.11650667141967,-143.17529145684546,-20.156809958784603,-13.272702854402276,113.89965622537999,-2.0024193984730254,-15.416798076595573,37.56455233079214,180.86129036458536,-103.58006445764192,32.959280278862565,-57.179097466252514,-46.48417573016121,170.03187175168978,101.96459090935612,-49.87680348672533,-62.07165580455344,-43.75111253556401,-14.882453229808867
-85.69555443139846,-126.17220342057558,55.8653388924151,26.574390451414125,289.675959519015,197.73318188998624,-62.5070456477813,204.43112404595442,290.9027930569134,-220.3415014669818,-492.22852738638403,-133.00540427222964,217.6681052459872,23.416879434351266,74.00923859656568,-473.9905344012375,204.10296997678984,-106.22837018587259,15.6348868554768,-329.4298964734345,81.74861428307689,113.91579027940054,53.51885965619293,114.27085394063243,-280.71616628601373,-597.9135903687068,-454.73850509291304,-63.70808599032391,-42.17948194654107,360.96623994490153,-5.853113743811616,-48.731626227590574,118.70042911572553,572.8659146513817,-328.02801138155706,102.80588214386002,-181.90630901233604,-148.448683678917,540.0512218956445,324.3492250475321,-157.13472369160309,-196.51086997483586,-138.50824577387783,-48.01414518830005
549.7524449790658,808.8779115050278,-357.8862146355246,-169.6278029860683,-1857.1307585742545,-1267.3377214341176,401.20085357820983,-1310.870386745704,-1865.1482585729707,1412.9471798317759,3156.5849388372767,853.3044395865641,-1396.416988616273,-149.78891469582507,-473.9905344012375,3039.868904546967,-1308.77668760649,681.3663759668685,-100.81768400901917,2112.0772900994507,-523.5826879342427,-730.3556885748162,-343.1690897250384,-732.4161632312836,1800.4483769164349,3834.434759168801,2916.3344699597296,408.1706340637273,270.37135613042204,-2315.244076436064,37.72065607559689,312.26501636299815,-761.3478651545302,-3673.3918273235972,2103.8712556437745,-658.8529855230083,1166.2040410784164,951.8714888019572,-3463.25859231142,-2079.501508071075,1008.1194337156098,1259.557479567833,887.7168516489754,307.70886297781664
-236.6907543733247,-348.39081874234233,154.16400219016776,73.16232106175205,799.583253960145,545.7329207849697,-172.69383547260662,564.4762419622967,803.1405881492665,-608.4116234614428,-1359.1431132164678,-367.3536767124636,601.1371802557098,64.51768507296329,204.10296997678984,-1308.77668760649,563.5609253577384,-293.3624857000586,43.403656183790794,-909.5079364810701,225.47598396664029,314.45069853209344,147.7240784208758,315.3789588427782,-775.217461578719,-1650.9744007337385,-1255.6655610095836,-175.69600427854124,-116.42740697915012,996.7777602219951,-16.155192342456104,-134.46506943633946,327.80394457882784,1581.6037533646595,-905.7633377426405,283.6890325421365,-502.13007330678164,-409.89142610645854,1491.1401626979484,895.382751639774,-433.965721055288,-542.3829637870197,-382.1884255266695,-132.5104555764883
123.37760874064776,181.56130636747426,-80.36693374530016,-38.20017158099863,-416.07104376476457,-284.0702721986807,89.90502398702243,-294.12648270506924,-418.310827780668,316.9313795309331,708.1337139739198,191.2754056062917,-313.16659613736294,-33.310771244453065,-106.22837018587259,681.3663759668685,-293.3624857000586,152.9099295788526,-22.992623878933326,473.7904290304536,-117.5090582675011,-163.39070536118282,-76.75889765042886,-163.97497276298256,403.75344481554527,860.1362320771354,654.152449000605,91.42958461570991,60.65524829297895,-519.0643406827669,8.298009910317969,69.95220517739197,-170.6021276449247,-823.4887010578193,471.62691223538576,-147.31713450183832,261.6354655224776,213.69507945045063,-776.7837933079641,-466.5047642261597,225.76835347580598,282.3890936501993,198.9482369398113,69.18627542802973
-18.498829453727,-27.529952762809494,12.280165007742394,6.022053733194934,60.796588631847904,42.04696413169195,-13.143601655868295,44.35894651785451,62.595371998629155,-47.60100410727591,-106.46181736075847,-28.34341165173457,47.0131465679537,4.458814130912792,15.6348868554768,-100.81768400901917,43.403656183790794,-22.992623878933326,4.6341165080888125,-70.98786879822804,17.43345147493479,23.449191025456507,11.079550896527753,23.770800162032064,-60.38207260860739,-129.1094935236726,-98.41880438955182,-13.087912766997052,-9.132608152611756,77.1612533430312,-0.7383470235443911,-10.084731109857572,24.94789320434251,122.0319365276461,-69.97108399927154,20.70496153548399,-39.37517343397247,-32.49689531491388,116.41425757353781,69.87631149641483,-32.793288709814206,-42.091326133303916,-29.23901173640163,-10.788984277876333
382.2368761860321,562.8971766560568,-249.19902789233225,-118.58866565211406,-1289.83544081332,-880.8529699404434,278.54158042803493,-911.7373450867655,-1296.830654992005,982.489441647895,2194.8780060517192,592.8018518258973,-970.5291944989065,-103.66265557791718,-329.4298964734345,2112.0772900994507,-909.5079364810701,473.7904290304536,-70.98786879822804,1468.7437832176752,-364.17936694986724,-506.7829914577774,-238.07285360144644,-508.583644513811,1251.537174051658,2665.9752700930608,2027.6765844278125,283.3161103917129,188.04629054383315,-1608.8152580933984,25.6045930388522,216.85578917838322,-528.8028332566709,-2552.645843285875,1461.8159084699037,-456.9886271647619,810.9841063499969,662.3308117408491,-2407.693223457184,-1445.919376921035,699.7512653034407,875.6287226085723,616.7041058200665,214.405574418309
-94.85710168391276,-139.5290628028785,61.842449231118344,29.47134506459254,320.05495967064377,218.41259249689125,-69.13621853358084,226.01962811568123,321.4462735356879,-243.46751559167555,-544.1157858893636,-146.9371005368423,240.43376307516016,25.567929781276398,81.74861428307689,-523.5826879342427,225.47598396664029,-117.5090582675011,17.43345147493479,-364.17936694986724,90.59098797697223,125.57489648849904,58.97211392217889,126.13275382523042,-310.15662853311864,-660.8745590964779,-502.45930306489396,-70.43324513643847,-46.61480354454144,398.8164763038886,-6.408172922801091,-53.902522637491586,131.14235036982143,632.9725147131267,-362.3691719474061,113.37527776417149,-201.08700957623572,-164.21827993949876,596.8406801387871,358.6282496962681,-173.47910788893887,-217.06296924730518,-153.08291048035795,-53.20613228429004
-131.82184552332518,-193.89472676517954,85.71417963898298,40.470975249775066,446.59993134479015,304.4886114307925,-96.42899679498979,314.3802375389801,447.6577618653994,-339.03949598261954,-757.2595616518063,-204.9911357073161,335.1298633092806,36.44375627420696,113.91579027940054,-730.3556885748162,314.45069853209344,-163.39070536118282,23.449191025456507,-506.7829914577774,125.57489648849904,176.0517903941189,82.71390602318404,176.32044179277295,-432.1950306504618,-919.9969611139179,-699.7223103823276,-98.23004777827761,-64.85745787180986,556.0263012720294,-9.3625936797137,-75.13621058945473,183.05750201263686,882.3781614558774,-505.359575520495,158.99908950602293,-279.7276251553789,-228.06416878961468,831.096833364605,498.9160137981853,-242.58916677836126,-302.4754668467195,-213.34488941665356,-73.5169715182211
-61.926656746207854,-91.08346692844447,40.30675061416969,18.968270112917097,209.86634311072115,143.05340437451483,-45.31602807582227,147.7417000550798,210.30989664971182,-159.30300095309983,-355.90573127172263,-96.33617831521306,157.54404694221344,17.129563474398246,53.51885965619293,-343.1690897250384,147.7240784208758,-76.75889765042886,11.079550896527753,-238.07285360144644,58.97211392217889,82.71390602318404,38.916327677246336,82.84884365544802,-203.10036279489276,-432.34016669934357,-328.9062280815937,-46.100925889729965,-30.478899234140048,261.3160127747757,-4.407106194137915,-35.29594833870774,85.94393668047206,414.6326452708737,-237.4894326859886,74.6165923233693,-131.4796661822429,-107.1709613869055,390.58494422149306,234.42317205634959,-113.9381377339445,-142.1630260626676,-100.28776921882009,-34.56616881910241
-132.31713303472023,-194.68084114387122,86.1503791147607,40.76965800551131,447.8293394273421,305.43200898629186,-96.70357291791808,315.5662434187489,449.1569451039373,-340.18863670095226,-759.9404249378701,-205.5583255225941,336.1450322437029,36.36590624463282,114.27085394063243,-732.4161632312836,315.3789588427782,-163.97497276298256,23.770800162032064,-508.583644513811,126.13275382523042,176.32044179277295,82.84884365544802,176.75728890838914,-433.56929257604725,-923.1425016517396,-702.0952577216435,-98.44613263865982,-65.09281415812987,557.6812732921528,-9.235131401413703,-75.36197199449825,183.50903875778982,885.0383676605708,-506.808969253022,159.20291753912588,-280.75351389537263,-229.01544353556872,833.877290138502,500.6908450880033,-243.06127639807977,-303.471890651351,-214.00132549408244,-73.94193505035366
325.728839277304,479.538489884524,-212.24270479781504,-100.75814482756215,-1099.5403352595476,-750.7015051207471,237.5028505991534,-776.9256468386322,-1105.1576818732267,837.3044569384103,1870.5821667715086,505.39773450160203,-827.3922000715222,-88.50118588560434,-280.71616628601373,1800.4483769164349,-775.217461578719,403.75344481554527,-60.38207260860739,1251.537174051658,-310.15662853311864,-432.1950306504618,-203.10036279489276,-433.56929257604725,1066.763928979612,2272.1314156896833,1728.2429441366069,241.4725039540673,160.24047170241127,-1371.4545241037986,22.012996473089853,184.8151796138136,-450.7670635071592,-2175.82907668484,1246.1616222533653,-389.6474964170311,691.1092830168607,564.2992822964939,-2052.083092658869,-1232.154370590302,596.6983959372368,746.2630140287134,525.6698017305661,182.56914427510304
693.92130335581,1021.6146345655512,-452.27089650860194,-214.88582698362245,-2341.5398894737855,-1598.8516851038958,505.7722500700231,-1655.0729960602907,-2354.03577674347,1783.5299221787625,3984.7113173188422,1076.3398697950033,-1762.3480959234887,-188.11650667141967,-597.9135903687068,3834.434759168801,-1650.9744007337385,860.1362320771354,-129.1094935236726,2665.9752700930608,-660.8745590964779,-919.9969611139179,-432.34016669934357,-923.1425016517396,2272.1314156896833,4839.980803337661,3681.361033511686,514.2639949063912,341.3536684109146,-2920.9683370479897,46.67358009450579,393.58128231881375,-959.8854367596898,-4634.139523039988,2654.0588485410785,-829.3312321080308,1472.2921510752708,1202.3019962652843,-4371.139031301568,-2624.8082722714726,1270.4684247457178,1589.49536756437,1119.6153388225641,389.1846024824751
527.689952596821,777.0831734862396,-344.05899575973615,-163.43660328935397,-1780.7368051187923,-1216.0593920293613,384.581067720841,-1258.9169378595157,-1790.4862411104523,1356.6214786844448,3030.901624025201,818.6379336578444,-1340.5773270882407,-143.17529145684546,-454.73850509291304,2916.3344699597296,-1255.6655610095836,654.152449000605,-98.41880438955182,2027.6765844278125,-502.45930306489396,-699.7223103823276,-328.9062280815937,-702.0952577216435,1728.2429441366069,3681.361033511686,2800.340577983222,390.91733329107257,259.6501712229919,-2221.6654378074863,35.40609570214499,299.2531259072702,-729.9054298738695,-3524.563173115315,2018.6349251842116,-630.5525482807467,1119.879635502211,914.5099921229631,-3324.782107591421,-1996.3272462930083,966.1178910200537,1209.067653946414,851.4969786275071,296.05178747703053
73.80234123361058,108.34716270675698,-47.89402296638589,-22.68433697417745,-249.66928753162648,-170.14192225865065,53.94905362224927,-175.69276402701135,-250.18378370653986,189.43906215128575,423.2508811504481,114.55418824347608,-187.25045258090088,-20.156809958784603,-63.70808599032391,408.1706340637273,-175.69600427854124,91.42958461570991,-13.087912766997052,283.3161103917129,-70.43324513643847,-98.23004777827761,-46.100925889729965,-98.44613263865982,241.4725039540673,514.2639949063912,390.91733329107257,55.12133085201411,36.24925142131914,-310.74446888110884,5.280419278466389,42.05242663435573,-102.37452982621139,-493.2128816069996,282.44328734914944,-88.84493363482711,156.3905998010493,127.52781687719516,-464.52514066030125,-279.05754161695626,135.61488522242962,168.9506685146124,119.32756059377894,41.153774699192255
48.928129509885004,72.0794365045379,-31.920174950271655,-15.199597332847029,-165.0890485703112,-112.77304724873014,35.64062017231626,-116.74414655028677,-166.04274338299,125.80170384904048,281.0417396869929,75.88290799902107,-124.2740721155296,-13.272702854402276,-42.17948194654107,270.37135613042204,-116.42740697915012,60.65524829297895,-9.132608152611756,188.04629054383315,-46.61480354454144,-64.85745787180986,-30.478899234140048,-65.09281415812987,160.24047170241127,341.3536684109146,259.6501712229919,36.24925142131914,24.083921611249323,-205.96371097937137,3.257178117300969,27.74558563765382,-67.66904149815664,-326.78572931211625,187.14241333896095,-58.45851438545762,103.85370974952227,84.81653982070678,-308.2837969812225,-185.12991700521894,89.54538614570369,112.12368640155738,78.94994119914575,27.46874943838032
-418.79861395392794,-616.2241302728451,272.7170839171218,129.24955249347968,1414.3126216077446,965.2018411004668,-305.5571221950426,998.6357019697376,1420.6771555889281,-1076.2975552820865,-2404.683373915939,-649.938986007036,1063.7742341857756,113.89965622537999,360.96623994490153,-2315.244076436064,996.7777602219951,-519.0643406827669,77.1612533430312,-1608.8152580933984,398.8164763038886,556.0263012720294,261.3160127747757,557.6812732921528,-1371.4545241037986,-2920.9683370479897,-2221.6654378074863,-310.74446888110884,-205.96371097937137,1763.5195859757036,-28.629793757442712,-237.78197515134858,579.7480367130623,2797.8719712794227,-1602.4548671711664,501.41251718763243,-888.4190848926677,-725.2180295358623,2638.177696198321,1584.0611185751588,-767.6228517463298,-959.3977765949921,-676.1251565818627,-234.52405501728688
6.7273799999614,9.598207291081893,-4.18895821872606,-1.7760968317023154,-23.37945630736142,-15.576951745810083,5.105471215748828,-15.790177385765036,-22.66628929274554,17.113734856458596,38.327362085375945,10.620011202157825,-17.12063744166761,-2.0024193984730254,-5.853113743811616,37.72065607559689,-16.155192342456104,8.298009910317969,-0.7383470235443911,25.6045930388522,-6.408172922801091,-9.3625936797137,-4.407106194137915,-9.235131401413703,22.012996473089853,46.67358009450579,35.40609570214499,5.280419278466389,3.257178117300969,-28.629793757442712,0.7917353462975144,3.9754038779425658,-9.564228087102135,-45.44458089249094,26.074366913509124,-8.58334917489361,14.12505201373494,11.336574772374721,-42.253719488975555,-25.33000339311038,12.858276203141097,15.368092207426043,11.113184248595958,3.5268340626524495
56.47020487359838,83.00016819770539,-36.756393920453675,-17.398951148320204,-191.06530332768975,-130.20973305075356,41.2770217455681,-134.53915069247475,-191.4559068621624,144.98837656264175,324.0161549947339,87.64918937222133,-143.254602778552,-15.416798076595573,-48.731626227590574,312.26501636299815,-134.46506943633946,69.95220517739197,-10.084731109857572,216.85578917838322,-53.902522637491586,-75.13621058945473,-35.29594833870774,-75.36197199449825,184.8151796138136,393.58128231881375,299.2531259072702,42.05242663435573,27.74558563765382,-237.78197515134858,3.9754038779425658,32.20127253041076,-78.26971556221206,-377.4157735777166,216.08182458810478,-67.88520674142234,119.70330200440176,97.64634601814028,-355.5141014977299,-213.54216851269445,103.64161923929656,129.35508418306392,91.3190345319689,31.536882187346016
-137.67400200686163,-202.4459400412932,89.49679694020845,42.407539543250834,465.25490595000923,317.37052200993156,-100.53952970552946,328.09247141207277,466.97569199187046,-353.7080326814157,-790.1133884148145,-213.70695963071293,349.5304409248468,37.56455233079214,118.70042911572553,-761.3478651545302,327.80394457882784,-170.6021276449247,24.94789320434251,-528.8028332566709,131.14235036982143,183.05750201263686,85.94393668047206,183.50903875778982,-450.7670635071592,-959.8854367596898,-729.9054298738695,-102.37452982621139,-67.66904149815664,579.7480367130623,-9.564228087102135,-78.26971556221206,190.8305607663434,919.9301299709438,-526.8568798262723,165.31101720624895,-291.8693033869629,-238.19285378799648,866.9752116149921,520.6187300297271,-252.69443741508215,-315.3023203825112,-222.3118617614289,-76.91386187254213
-664.4272187092254,-977.7243064549343,432.73645489909904,205.2364829028681,2244.298407264516,1531.602334998717,-484.77626854855,1584.3701565792567,2254.087083852868,-1707.5931146343573,-3815.0472301506006,-1031.124176989794,1687.4772315230707,180.86129036458536,572.8659146513817,-3673.3918273235972,1581.6037533646595,-823.4887010578193,122.0319365276461,-2552.645843285875,632.9725147131267,882.3781614558774,414.6326452708737,885.0383676605708,-2175.82907668484,-4634.139523039988,-3524.563173115315,-493.2128816069996,-326.78572931211625,2797.8719712794227,-45.44458089249094,-377.4157735777166,919.9301299709438,4439.268078332999,-2542.382684278134,795.9162142716687,-1409.5191174153872,-1150.5420371911655,4185.5206367797755,2513.3068843407186,-1217.959532704144,-1522.2906475074362,-1072.8937124956155,-372.0435952731812
380.5199445383441,559.8689880193829,-247.74038042944474,-117.40605610622205,-1285.232341426959,-877.082425816827,277.65810855538604,-907.3413808312276,-1290.9027665841206,977.9633126627417,2184.9099648065967,590.5917369469938,-966.5954269785595,-103.58006445764192,-328.02801138155706,2103.8712556437745,-905.7633377426405,471.62691223538576,-69.97108399927154,1461.8159084699037,-362.3691719474061,-505.359575520495,-237.4894326859886,-506.808969253022,1246.1616222533653,2654.0588485410785,2018.6349251842116,282.44328734914944,187.14241333896095,-1602.4548671711664,26.074366913509124,216.08182458810478,-526.8568798262723,-2542.382684278134,1456.139935828473,-455.7814566622936,807.2281837388787,658.891046601982,-2397.131822290804,-1439.3300802314518,697.6292142443058,871.7618580260789,614.3947557526662,213.03892074409188
-118.89969105393412,-174.73039376482745,77.17491641399495,36.45624253360521,403.1125568175292,274.699137182029,-87.06844722274526,283.33783418177165,403.6690072099734,-305.6329956754478,-682.5369122285495,-184.88313332274132,302.0083259071105,32.959280278862565,102.80588214386002,-658.8529855230083,283.6890325421365,-147.31713450183832,20.70496153548399,-456.9886271647619,113.37527776417149,158.99908950602293,74.6165923233693,159.20291753912588,-389.6474964170311,-829.3312321080308,-630.5525482807467,-88.84493363482711,-58.45851438545762,501.41251718763243,-8.58334917489361,-67.88520674142234,165.31101720624895,795.9162142716687,-455.7814566622936,143.87594797195266,-252.12290263509743,-205.49329880817842,749.2095271757519,449.8802513659281,-219.07618986038293,-272.7124637657325,-192.49396547324338,-66.1675982681041
211.07307377969678,310.80297210517494,-137.65119987694976,-65.45366333104306,-712.1529913969993,-486.34907843661176,153.79958330822686,-503.5070202293848,-716.076832379742,542.5378902998063,1212.1739162657034,327.33861703286476,-536.0600975079732,-57.179097466252514,-181.90630901233604,1166.2040410784164,-502.13007330678164,261.6354655224776,-39.37517343397247,810.9841063499969,-201.08700957623572,-279.7276251553789,-131.4796661822429,-280.75351389537263,691.1092830168607,1472.2921510752708,1119.879635502211,156.3905998010493,103.85370974952227,-888.4190848926677,14.12505201373494,119.70330200440176,-291.8693033869629,-1409.5191174153872,807.2281837388787,-252.12290263509743,447.9345907079186,365.80257077324643,-1329.6670861333223,-798.4954623445307,386.2757823467088,483.5453500935076,340.5842951283349,118.48052293525208
172.39806268880452,253.96473822097047,-112.4965192684294,-53.60678124792717,-581.0395958451987,-397.0005963326047,125.49504240820285,-411.27637891988644,-584.7515043020958,443.078878603873,989.9339628705048,267.1783847651215,-437.6658649535279,-46.48417573016121,-148.448683678917,951.8714888019572,-409.89142610645854,213.69507945045063,-32.49689531491388,662.3308117408491,-164.21827993949876,-228.06416878961468,-107.1709613869055,-229.01544353556872,564.2992822964939,1202.3019962652843,914.5099921229631,127.52781687719516,84.81653982070678,-725.2180295358623,11.336574772374721,97.64634601814028,-238.19285378799648,-1150.5420371911655,658.891046601982,-205.49329880817842,365.80257077324643,298.8973563643639,-1085.74131732719,-652.0597134405876,315.09341012349057,394.76593042881234,277.89939891936075,96.8947852205935
-626.6716774844978,-922.5767796926747,408.42729594494034,193.98786154608155,2115.014915776235,1444.0749475654177,-456.8245325219942,1494.7028278301232,2126.014146534583,-1610.7501752076414,-3598.7045535884567,-972.1495422893652,1591.6820432644588,170.03187175168978,540.0512218956445,-3463.25859231142,1491.1401626979484,-776.7837933079641,116.41425757353781,-2407.693223457184,596.8406801387871,831.096833364605,390.58494422149306,833.877290138502,-2052.083092658869,-4371.139031301568,-3324.782107591421,-464.52514066030125,-308.2837969812225,2638.177696198321,-42.253719488975555,-355.5141014977299,866.9752116149921,4185.5206367797755,-2397.131822290804,749.2095271757519,-1329.6670861333223,-1085.74131732719,3947.7712616185195,2370.5376685495507,-1147.5747052635643,-1435.6061870013561,-1011.2889061407698,-351.4059326727701
-376.384108580435,-554.0583948328091,245.31490484367808,116.6396079978319,1270.0535485194212,867.1715586417907,-274.32157512420287,897.5862152935447,1276.6726241714935,-967.2145540610948,-2160.98183154386,-583.6897261744658,955.6244343307796,101.96459090935612,324.3492250475321,-2079.501508071075,895.382751639774,-466.5047642261597,69.87631149641483,-1445.919376921035,358.6282496962681,498.9160137981853,234.42317205634959,500.6908450880033,-1232.154370590302,-2624.8082722714726,-1996.3272462930083,-279.05754161695626,-185.12991700521894,1584.0611185751588,-25.33000339311038,-213.54216851269445,520.6187300297271,2513.3068843407186,-1439.3300802314518,449.8802513659281,-798.4954623445307,-652.0597134405876,2370.5376685495507,1423.6410719404835,-689.0105408670898,-862.0371154194255,-607.3141782525455,-211.1041601153999
182.19776974867796,267.7526860309967,-118.32967067027506,-55.88258445453402,-616.1675018724324,-420.1184750954371,133.18934730078064,-434.1376828705583,-618.0260995249057,468.11323917184194,1045.7097911332087,283.0032239698183,-462.7977855792684,-49.87680348672533,-157.13472369160309,1008.1194337156098,-433.965721055288,225.76835347580598,-32.793288709814206,699.7512653034407,-173.47910788893887,-242.58916677836126,-113.9381377339445,-243.06127639807977,596.6983959372368,1270.4684247457178,966.1178910200537,135.61488522242962,89.54538614570369,-767.6228517463298,12.858276203141097,103.64161923929656,-252.69443741508215,-1217.959532704144,697.6292142443058,-219.07618986038293,386.2757823467088,315.09341012349057,-1147.5747052635643,-689.0105408670898,334.79709130463647,417.35337734409876,294.39598669695465,101.66500234217413
227.79486160211266,335.5225236606261,-148.5780788495023,-70.61495819469891,-769.4029809001687,-525.3529666787941,166.08388221820272,-543.5543824444986,-773.2152355460225,585.779260157973,1308.6357624262855,353.5110990566103,-578.7268162705952,-62.07165580455344,-196.51086997483586,1259.557479567833,-542.3829637870197,282.3890936501993,-42.091326133303916,875.6287226085723,-217.06296924730518,-302.4754668467195,-142.1630260626676,-303.471890651351,746.2630140287134,1589.49536756437,1209.067653946414,168.9506685146124,112.12368640155738,-959.3977765949921,15.368092207426043,129.35508418306392,-315.3023203825112,-1522.2906475074362,871.7618580260789,-272.7124637657325,483.5453500935076,394.76593042881234,-1435.6061870013561,-862.0371154194255,417.35337734409876,522.260999759053,367.8795100207697,127.73905663005233
160.5438253822466,236.12678340065614,-104.57526256668487,-49.53573819362153,-542.6809893870736,-370.1490462695793,117.21135320573407,-382.7480204592547,-544.5530290086185,412.48311633629277,921.7400510214013,249.17799586964537,-407.6792650348284,-43.75111253556401,-138.50824577387783,887.7168516489754,-382.1884255266695,198.9482369398113,-29.23901173640163,616.7041058200665,-153.08291048035795,-213.34488941665356,-100.28776921882009,-214.00132549408244,525.6698017305661,1119.6153388225641,851.4969786275071,119.32756059377894,78.94994119914575,-676.1251565818627,11.113184248595958,91.3190345319689,-222.3118617614289,-1072.8937124956155,614.3947557526662,-192.49396547324338,340.5842951283349,277.89939891936075,-1011.2889061407698,-607.3141782525455,294.39598669695465,367.8795100207697,259.4767718320161,89.85665645778477
55.81974778694448,82.28892896472408,-36.513761939344036,-17.473001082554855,-187.72129509759452,-128.39493156759704,40.546067339894954,-133.2096320689424,-189.24613383642432,143.42223900787877,320.51116162246024,86.36253727944808,-141.61746070804222,-14.882453229808867,-48.01414518830005,307.70886297781664,-132.5104555764883,69.18627542802973,-10.788984277876333,214.405574418309,-53.20613228429004,-73.5169715182211,-34.56616881910241,-73.94193505035366,182.56914427510304,389.1846024824751,296.05178747703053,41.153774699192255,27.46874943838032,-234.52405501728688,3.5268340626524495,31.536882187346016,-76.91386187254213,-372.0435952731812,213.03892074409188,-66.1675982681041,118.48052293525208,96.8947852205935,-351.4059326727701,-211.1041601153999,101.66500234217413,127.73905663005233,89.85665645778477,31.52000638646037
