V1,V2,V3,V4,V5,V6,V7,V8,V9,V10,V11,V12,V13,V14,V15,V16,V17,V18,V19,V20,V21,V22,V23,V24,V25,V26,V27,V28,V29,V30,V31,V32,V33,V34,V35,V36,V37,V38,V39,V40,V41,V42,V43,V44
0.19780491318503474,-0.12164467720945576,0.03308722414503689,0.25204247262836965,-0.009799749491570945,0.2718454541941032,0.19575633576962062,-0.0410088243320109,0.1611271252226862,-0.05874767489640429,0.2815008384773596,0.1286611038339789,-0.2723961892924958,0.3539619159843457,0.14612770555098437,0.07999814074045952,0.13494005415166652,0.15649220551831597,-0.27210282401388425,-0.12864467248609687,-0.05306107969067993,0.2646994721815544,0.04149010666531428,0.21047315835475003,0.054532619617074556,0.3144657198148782,0.18583388545740387,0.02698602049486352,-0.03126194446502872,-0.256465544750176,0.11935552760025897,-0.008069829783314391,0.03616443701925093,-0.085579641433889575,0.17532682650133075,0.34013737358578894,0.0780329890547431,0.09176905700068157,-0.24479524181941625,-0.1264124871789046,0.06643346567442618,-0.19810326558957958,0.06473580597432482,0.07830399246736844
-0.12164467720945576,0.8131933693299542,-0.25254014584216683,-0.8727869611147714,1.6754967225079258,-0.009355741878495001,-0.6163412315879349,-0.4868566310244485,-0.6505377281865948,0.5786859761065225,0.3736095528879769,-0.472852198335226,0.16975548645480015,0.06991453019714859,0.061395304778074526,-0.9644368839311543,0.1193748754261063,0.0454308688221761,-0.8801261499289861,0.7348716690982874,0.18403965294699973,0.7200538785013051,0.5049954398044667,0.5657364748433633,0.11271925020776934,0.46127883269476194,0.489667453377464,-0.5377499552641382,0.11833551939657562,0.7791698512255576,-0.8194768480729238,-0.42198162320912,0.33786768587478505,1.1176421996893249,-0.7444871555228658,0.7134612280269582,0.19326605575744438,0.604577761575444,-0.1585177928276124,-0.14622660036135074,-0.9404964560596683,0.14434536996939584,-0.8101999995252194,0.3361889715752704
0.03308722414503689,-0.25254014584216683,0.6531532683484466,0.43615307021202715,-0.43070896774807615,-0.1898673755041773,0.24567859133681336,0.3519374440533908,-0.2721735481578936,0.12981596294829872,-0.5561446163768652,0.3798879267291543,-0.2105958502194068,-0.4031000538362441,0.060083255584737184,1.314706483767204,-0.5169865569461699,0.044581133442706776,0.6925753001682119,0.027924045569961788,0.4026666075694782,-0.8423326406447473,-0.11045641511026537,-0.3284765270765891,0.31811371649743364,-0.09056764605039964,-0.3731119643546135,0.4129071484727862,-0.06980513141950233,-0.5373610371639594,0.370877453681381,-0.010544237786739597,-0.8466435821103331,-0.7142671231427008,0.6765816668346185,-1.2277630901478078,-0.4210427468857458,-0.4327731560713177,0.08276905806598388,0.2428003785017032,1.3053186158923276,-0.23885762507797512,-0.23559977373977434,-0.5504009263865935
0.25204247262836965,-0.8727869611147714,0.43615307021202715,1.0997212826937464,-1.7468775106598389,0.06406692563535227,0.7923254396506512,0.4900406618781709,0.5540513236542166,-0.4884140185378964,-0.24594941862318134,0.6620189080953022,-0.434252374212586,0.016814026991833313,0.025971654372999958,1.437651199606896,-0.24811496056476054,0.07292868768619129,0.8571242429217092,-0.6686132726657895,-0.09684317324293781,-0.8010086438006285,-0.4847638856096356,-0.5294451994485674,0.09450013962241093,-0.14259076736451642,-0.3603577510817297,0.6406329002908996,-0.12363398459446569,-1.12008859685914,0.9490820078250803,0.39663983921238194,-0.5833222943110015,-1.4225443470095656,1.0703758223250908,-0.8481086180509401,-0.21144442803810012,-0.6032545872169396,-0.08834067927245114,0.05759438536267695,1.3409465005320007,-0.2848099839392354,0.7531138366008489,-0.40785402073255766
-0.009799749491570945,1.6754967225079258,-0.43070896774807615,-1.7468775106598389,6.658636702176086,1.5859501937555014,-1.5224654426901285,-0.9483503518756535,-0.47688674377396784,0.8580054769608637,0.363056989343071,-1.446287794593701,0.33690953485896763,1.6434096525730213,1.0049353567057413,-4.619585455330689,1.6058211646366172,0.3251113253342511,-3.923373105688726,0.7606368955410856,0.7940386623057174,3.607028417828442,2.108216640649074,2.9842132107494663,-0.4363204687422003,0.3733947571342684,0.5067147935627638,-1.9899759196903564,0.17197900864227905,3.000956054793426,-2.2737957314227293,-1.6781281067019278,1.531686010814158,5.618948753285231,-3.0109925968724465,3.960837344867082,0.17363009048014139,1.7577232372828189,0.6413073352891104,0.2310713510674744,-3.347077053070294,-1.0649908261083745,-3.064546239077832,1.277239159768171
0.2718454541941032,-0.009355741878495001,-0.1898673755041773,0.06406692563535227,1.5859501937555014,1.2102933300831655,-0.02725991705259057,-0.10607211350653231,0.7481860272967876,-0.3054875925685218,0.18094250409961812,-0.34682703132220655,-0.11034067272844393,1.1468325895167688,0.5408126664836997,-1.7072670062669593,0.9858284289639545,0.2076937342524004,-1.3610191082897103,-0.6055537273053949,-0.03231028782006339,1.6383870508128195,0.49682385165614873,1.2183760580287517,-0.4691108485872446,-0.05348008416655649,0.015385402109408043,-0.46456904340462557,-0.08630464503810135,0.6353656657495788,-0.28187188210711256,-0.3116764718658615,0.8441721177050019,1.7131631171092834,-0.8251622431309101,1.9139943881891506,0.12644739831934682,0.4279151237228635,0.3068215989965007,0.14767556092341405,-1.111766894236148,-0.7247831840773273,-0.4219952416940544,0.46043184700637657
0.19575633576962062,-0.6163412315879349,0.24567859133681336,0.7923254396506512,-1.5224654426901285,-0.02725991705259057,0.6184402378247467,0.29970650371885404,0.37012498277346534,-0.3420106305245563,-0.012487491984125928,0.5091855909313808,-0.3519567469374067,-0.016460755063201413,-0.04144694001733333,1.177446101487807,-0.23697617482307556,0.05652671018661015,0.6924373332130369,-0.43053159851711537,-0.15922284027806474,-0.637866294672065,-0.43266983354330213,-0.47210883038827894,0.11865423885214549,0.03865102652181943,-0.1231841213081018,0.5093218573884387,-0.0776486482120774,-0.9477538286602628,0.7302942336222327,0.3703532071998789,-0.4074488080801971,-1.2961430589309841,0.8867131342002368,-0.6567440356380292,-0.06104215727762037,-0.4193625692502152,-0.22521318422336553,-0.06558641737010691,0.9812987234518914,-0.09391961329816982,0.7157356566771653,-0.27545865853998425
-0.0410088243320109,-0.4868566310244485,0.3519374440533908,0.4900406618781709,-0.9483503518756535,-0.10607211350653231,0.29970650371885404,0.4572665079237474,0.2681012730401439,-0.30380586364021267,-0.6639856596409508,0.2627865082086321,0.03566596082802851,-0.3331955765138086,-0.05494008531350283,0.7711335575490563,-0.23551138650632664,-0.11499443618724146,0.843118384974117,-0.4271067180785013,0.08221398996763418,-0.7350810198155668,-0.31730568657644453,-0.4599730491519362,-0.06765898289491327,-0.5989092060457101,-0.6023820181719028,0.40186451664768535,-0.0905105590324458,-0.3701170901468299,0.5051132569601391,0.21935050298138792,-0.4299613669776363,-0.6306335962942428,0.4400169754094981,-0.9201408200214256,-0.328096287965367,-0.5557883509331943,0.3883222398667222,0.3252431193828976,0.8520771939278522,-0.12309354369074914,0.28817055243339923,-0.4234274749361181
0.1611271252226862,-0.6505377281865948,-0.2721735481578936,0.5540513236542166,-0.47688674377396784,0.7481860272967876,0.37012498277346534,0.2681012730401439,1.2655216182116062,-0.8722098977886679,-0.12133369138420552,-0.025150483607401148,0.04753140790909291,0.7107332265483987,0.16252865477166503,-0.9554257942670608,0.7568925949924965,-0.03670310931133834,-0.21283694571659956,-1.1272984468522047,-0.4234796893055865,0.6442032271963334,-0.16881561739374912,0.2631860292469843,-0.6631085564485829,-0.6893815207307326,-0.4158940975065098,-0.002986256381896181,-0.11893923429565237,0.08398537160735808,0.39436966223349956,0.2623473447250074,0.685098755715824,0.43707110034068436,-0.27197101878640284,1.0351333737000774,0.07929242934124496,-0.16729298222284306,0.48741585081716543,0.18320590226122307,-0.5671551955815632,-0.3692526696457046,0.6890567987807819,0.23224929434443894
-0.05874767489640429,0.5786859761065225,0.12981596294829872,-0.4884140185378964,0.8580054769608637,-0.3054875925685218,-0.3420106305245563,-0.30380586364021267,-0.8722098977886679,0.6868842650370828,0.22851845016913452,-0.08480668600681297,-0.0720310845363426,-0.26707459794586746,0.0018371193544669913,0.3022262887453006,-0.3663070216942602,0.1010785439697588,-0.22983776012356413,0.821016272364888,0.3276805976782829,-0.06068650879774419,0.2790034291428391,0.1167968453604372,0.436903846619576,0.6281811398700147,0.4164817138762615,-0.13670798124094055,0.08145750189013767,0.11680641010434184,-0.4556292744732947,-0.3064790172221919,-0.3095981279357538,0.09261314494083481,-0.011510743949894315,-0.2852761923824416,0.001273424048987912,0.3002979896448,-0.3697472470704309,-0.16316913198526156,0.12106512717675007,0.158410467764797,-0.6794450818147141,-0.048795481783656953
0.2815008384773596,0.3736095528879769,-0.5561446163768652,-0.24594941862318134,0.363056989343071,0.18094250409961812,-0.012487491984125928,-0.6639856596409508,-0.12133369138420552,0.22851845016913452,1.4413159778588929,-0.03402020624805256,-0.4040016054944583,0.7211406218841075,0.047678719327126536,-0.5222721775215652,0.3170812134733529,0.29696283569921994,-1.0957576280476362,0.41797224522974163,-0.3974970795451369,0.9216754360795869,0.2104999769780434,0.46943702854235775,0.2090140917067853,1.2638587909436876,1.1550677705981636,-0.3487092621392085,0.10966829543106973,-0.15561655234911811,-0.3077291255431003,-0.049906725698346976,0.5682392250075232,0.02054823942341394,-0.05767621111406403,1.3517427446108692,0.6633075971721358,0.7459586095906063,-1.0477690012705654,-0.7795064841581452,-0.9106456111733617,0.19063819599294743,0.20194901042274283,0.665255125743296
0.1286611038339789,-0.472852198335226,0.3798879267291543,0.6620189080953022,-1.446287794593701,-0.34682703132220655,0.5091855909313808,0.2627865082086321,-0.025150483607401148,-0.08480668600681297,-0.03402020624805256,0.5972992719807487,-0.3621206447692443,-0.2763846173324922,-0.11430199177951482,1.5719935806701377,-0.5167113542251336,0.06790601847380988,0.8192266754816481,-0.0794712108608485,0.010562114056836824,-0.992893858360232,-0.3818430177549667,-0.6448868182684157,0.33434897337402136,0.18006614550042657,-0.0672457041641447,0.5258020842251659,-0.035650186734673364,-0.9851092350763768,0.6424140544791789,0.2891739261792683,-0.718382494290255,-1.4731231128770035,1.0244852858296443,-1.0986070682419953,-0.1430462010705922,-0.4275319346517989,-0.33581396182850537,-0.12018852278226376,1.2628966397848058,0.008983112654800183,0.48482571316380646,-0.3739404598019196
-0.2723961892924958,0.16975548645480015,-0.2105958502194068,-0.434252374212586,0.33690953485896763,-0.11034067272844393,-0.3519567469374067,0.03566596082802851,0.04753140790909291,-0.0720310845363426,-0.4040016054944583,-0.3621206447692443,0.49468626637656904,-0.25976910694465655,-0.13002547617923962,-0.765748655584106,0.13143397724957584,-0.23549316210237378,0.09609656679169133,-0.04008246022161985,-0.01854748026561131,0.06915707761847405,0.017020473380333488,-0.04126108878275632,-0.3167186196573928,-0.6278753133636323,-0.3223419960077038,-0.18323391522691707,0.018226210582431054,0.6616715800112251,-0.2744394065206894,-0.02191060334495178,0.30892881500398306,0.6370274451810841,-0.5992002273622157,0.06383547116781059,-0.055091524685421736,-0.03684390535097484,0.537793764017219,0.2545769871914445,-0.5775350307389799,0.19477479020681884,-0.09172076218960615,0.03972036175448353
0.3539619159843457,0.06991453019714859,-0.4031000538362441,0.016814026991833313,1.6434096525730213,1.1468325895167688,-0.016460755063201413,-0.3331955765138086,0.7107332265483987,-0.26707459794586746,0.7211406218841075,-0.2763846173324922,-0.25976910694465655,1.4094485197921693,0.5118605646296372,-1.8932647127391846,1.0902798573481216,0.29824055053668513,-1.7913466158409013,-0.429354532588107,-0.18952141551576374,1.850645314708294,0.5940768480998212,1.2890542846989317,-0.38257024587887045,0.36309919124984474,0.4081783788168332,-0.6424543412113427,-0.005583338264236208,0.5836263821594714,-0.36335139467067107,-0.3332771219204844,0.9958944022629657,1.727551917820991,-0.828227789295454,2.397498248995088,0.36186310476570055,0.6876817172232328,-0.08440379479607267,-0.1914125819995405,-1.4504228148284375,-0.6451584440445568,-0.3284410730818418,0.7751596337517122
0.14612770555098437,0.061395304778074526,0.060083255584737184,0.025971654372999958,1.0049353567057413,0.5408126664836997,-0.04144694001733333,-0.05494008531350283,0.16252865477166503,0.0018371193544669913,0.047678719327126536,-0.11430199177951482,-0.13002547617923962,0.5118605646296372,0.31439781368983744,-0.6281796230113678,0.3744129887304569,0.15058552570182765,-0.7094348176850315,-0.13868330132034862,0.14156944170374022,0.7160567772565478,0.33775197528037876,0.6317667580228911,-0.09227018767496464,0.09308418807449599,0.021224971890879782,-0.22764555071328274,-0.03454797483654649,0.2802852303379145,-0.18120288479966082,-0.25983336779098865,0.21464869885489596,0.8627549545971476,-0.3279609613498012,0.7706552941172737,-0.022254619225214618,0.22472209606236782,0.09574590403012649,0.08054956494585667,-0.33601696650646623,-0.427387554868667,-0.4541125749926008,0.1589877902247602
0.07999814074045952,-0.9644368839311543,1.314706483767204,1.437651199606896,-4.619585455330689,-1.7072670062669593,1.177446101487807,0.7711335575490563,-0.9554257942670608,0.3022262887453006,-0.5222721775215652,1.5719935806701377,-0.765748655584106,-1.8932647127391846,-0.6281796230113678,5.603240860822389,-2.2643408022684532,0.007406852943927694,3.43290598676431,0.40139668185256333,0.25977845631343643,-3.775909236985725,-1.3849985314836228,-2.4625018747648317,1.307640592375399,0.5434754656072359,-0.23664238994862874,1.8722819985362165,-0.11890972466863699,-2.9794323922882615,1.7252868520729685,0.8998611984147238,-2.605576971106302,-5.14264411736253,3.246060161556258,-4.729674031216394,-0.6024739396929082,-1.4688739555947812,-0.9894252344275962,-0.16565035809886636,4.376298815966164,0.6049905662037831,1.2724022677243314,-1.657447350161831
0.13494005415166652,0.1193748754261063,-0.5169865569461699,-0.24811496056476054,1.6058211646366172,0.9858284289639545,-0.23697617482307556,-0.23551138650632664,0.7568925949924965,-0.3663070216942602,0.3170812134733529,-0.5167113542251336,0.13143397724957584,1.0902798573481216,0.3744129887304569,-2.2643408022684532,1.1311284439345226,0.09012175454534649,-1.4993787793352877,-0.5145539813242804,-0.223671877172158,1.730112003814547,0.5041468917399561,1.1185963996156223,-0.6200327211974416,-0.1894077589440101,0.08213123358209888,-0.6744275902257628,-0.01645040136425489,0.9800961872206059,-0.46678158169935335,-0.28681771050375904,1.1553519327365214,1.9878869043214786,-1.1709937174763987,2.203578312197762,0.2701011962640913,0.5549713399684054,0.3443628684444909,0.048750223112534415,-1.7177832751105577,-0.44786164057820876,-0.2882889125530609,0.7096459434470559
0.15649220551831597,0.0454308688221761,0.044581133442706776,0.07292868768619129,0.3251113253342511,0.2076937342524004,0.05652671018661015,-0.11499443618724146,-0.03670310931133834,0.1010785439697588,0.29696283569921994,0.06790601847380988,-0.23549316210237378,0.29824055053668513,0.15058552570182765,0.007406852943927694,0.09012175454534649,0.16836473279856254,-0.37960837234911315,0.06464000654327871,0.04353628265442214,0.2946731651098705,0.14511164618031544,0.27417409392065184,0.11440896168624562,0.38934003992606414,0.24611423941317254,-0.05355789270255134,-0.009515632775688069,-0.11226405555667192,-0.043847915567447486,-0.10654214025232188,0.007195024224054655,0.09275739840589028,0.07228603750254954,0.3346301863354764,0.06525807874892317,0.1745772839874103,-0.25763353943787465,-0.13699291786182863,-0.005219201305786303,-0.16912272826788183,-0.15819133938440502,0.08834608694778447
-0.27210282401388425,-0.8801261499289861,0.6925753001682119,0.8571242429217092,-3.923373105688726,-1.3610191082897103,0.6924373332130369,0.843118384974117,-0.21283694571659956,-0.22983776012356413,-1.0957576280476362,0.8192266754816481,0.09609656679169133,-1.7913466158409013,-0.7094348176850315,3.43290598676431,-1.4993787793352877,-0.37960837234911315,3.168036670326335,-0.20456375514610578,-0.030611124892450606,-2.973864377572693,-1.3321824613140874,-2.168087074345289,0.3898475333639702,-0.7462844997874944,-0.8449225597254866,1.4158379935897514,-0.132341471748149,-1.654372956766987,1.3081584256546608,0.926526938774084,-1.5148511749484055,-3.522213557634991,1.8840248408000988,-3.673393828656412,-0.5460599003698914,-1.4377195184336773,0.11642117950640556,0.30356915274364504,2.759277665916629,0.7255340742780031,1.3859028797116875,-1.3195666346246082
-0.12864467248609687,0.7348716690982874,0.027924045569961788,-0.6686132726657895,0.7606368955410856,-0.6055537273053949,-0.43053159851711537,-0.4271067180785013,-1.1272984468522047,0.821016272364888,0.41797224522974163,-0.0794712108608485,-0.04008246022161985,-0.429354532588107,-0.13868330132034862,0.40139668185256333,-0.5145539813242804,0.06464000654327871,-0.20456375514610578,1.1127603790817648,0.28231797664825403,-0.23234160091288303,0.2716641594477639,-0.05212584100756476,0.5600685193678745,0.8039819447388442,0.6081405307433846,-0.19838564576341652,0.157197584434523,0.10831536377883616,-0.5421391588627474,-0.29211500919219024,-0.35484015708028643,-0.08147575645492548,0.017167947991775352,-0.4098965955569999,0.10243967077075174,0.38340892366857665,-0.5692526995443181,-0.3251159957566341,0.04079323600895665,0.3821920416451033,-0.6443684978328788,0.036304526887235976
-0.05306107969067993,0.18403965294699973,0.4026666075694782,-0.09684317324293781,0.7940386623057174,-0.03231028782006339,-0.15922284027806474,0.08221398996763418,-0.4234796893055865,0.3276805976782829,-0.3974970795451369,0.010562114056836824,-0.01854748026561131,-0.18952141551576374,0.14156944170374022,0.25977845631343643,-0.223671877172158,0.04353628265442214,-0.030611124892450606,0.28231797664825403,0.4676135422465526,-0.16914174510963487,0.2556281758808443,0.15020483938976706,0.19866440791666454,-0.03624501751132401,-0.19869082808104727,-0.028100914887944188,-0.001463439344692246,0.1672077444181595,-0.17375312213158758,-0.2872353811719028,-0.42818937637450816,0.3656762452218325,-0.02264536951778909,-0.43231672044483077,-0.29817673962273966,-0.04180189981610245,0.19034236036337074,0.2190957080430869,0.42438082562507834,-0.24058118840857656,-0.7284157364448588,-0.23384495055724572
0.2646994721815544,0.7200538785013051,-0.8423326406447473,-0.8010086438006285,3.607028417828442,1.6383870508128195,-0.637866294672065,-0.7350810198155668,0.6442032271963334,-0.06068650879774419,0.9216754360795869,-0.992893858360232,0.06915707761847405,1.850645314708294,0.7160567772565478,-3.775909236985725,1.730112003814547,0.2946731651098705,-2.973864377572693,-0.23234160091288303,-0.16914174510963487,3.2017805346927752,1.141547974764484,2.208959728440709,-0.6992584619240891,0.38646712879133777,0.6488617114298416,-1.3161439350771065,0.03940685976778579,1.7322375842943956,-1.2011004577882118,-0.7570468782118391,1.8579225391807066,3.555926544695041,-2.0442958287053874,3.862911248476274,0.5747110125576581,1.3190743311100122,0.16261404517011144,-0.11929862898868673,-2.989161594645079,-0.7089326643520741,-1.0337152592060899,1.2698260304819515
0.04149010666531428,0.5049954398044667,-0.11045641511026537,-0.4847638856096356,2.108216640649074,0.49682385165614873,-0.43266983354330213,-0.31730568657644453,-0.16881561739374912,0.2790034291428391,0.2104999769780434,-0.3818430177549667,0.017020473380333488,0.5940768480998212,0.33775197528037876,-1.3849985314836228,0.5041468917399561,0.14511164618031544,-1.3321824613140874,0.2716641594477639,0.2556281758808443,1.141547974764484,0.7036538902691374,0.9609534355829937,-0.07992236137688381,0.23315906158448058,0.22759560227621242,-0.6466720019730252,0.06926708430042529,0.8671251816819651,-0.687640717470106,-0.5515800767691399,0.43280521257644833,1.7389436711076265,-0.8774787253815224,1.300503130427998,0.07222382007188533,0.5882548274496803,0.09833255947196275,0.005866580394836528,-1.0114260150184857,-0.3852662453371306,-0.9863210595415925,0.4491864145149072
0.21047315835475003,0.5657364748433633,-0.3284765270765891,-0.5294451994485674,2.9842132107494663,1.2183760580287517,-0.47210883038827894,-0.4599730491519362,0.2631860292469843,0.1167968453604372,0.46943702854235775,-0.6448868182684157,-0.04126108878275632,1.2890542846989317,0.6317667580228911,-2.4625018747648317,1.1185963996156223,0.27417409392065184,-2.168087074345289,-0.05212584100756476,0.15020483938976706,2.208959728440709,0.9609534355829937,1.6994507424651553,-0.3627662771531456,0.31375067155127556,0.36885658752649436,-0.9260248731282341,0.016835651508801407,1.233565876884495,-0.890766882827931,-0.6951367398618014,1.0500629693279593,2.685341060423772,-1.3887000762374997,2.5356242038129566,0.24116504746353853,0.9077111492531345,0.17560688186365875,0.02421039337877266,-1.8090138406463636,-0.7172156303892825,-1.1357641473178253,0.7669488976622234
0.054532619617074556,0.11271925020776934,0.31811371649743364,0.09450013962241093,-0.4363204687422003,-0.4691108485872446,0.11865423885214549,-0.06765898289491327,-0.6631085564485829,0.436903846619576,0.2090140917067853,0.33434897337402136,-0.3167186196573928,-0.38257024587887045,-0.09227018767496464,1.307640592375399,-0.6200327211974416,0.11440896168624562,0.3898475333639702,0.5600685193678745,0.19866440791666454,-0.6992584619240891,-0.07992236137688381,-0.3627662771531456,0.5638394691795079,0.644501313785921,0.31875005208682455,0.2611962020414306,0.04374683071081359,-0.6342382319858227,0.1227800169445109,-0.002710719096353868,-0.6866016216573366,-1.0082176302275303,0.7113932444922585,-0.9349015294357013,-0.050341922656463645,-0.0491085410155626,-0.5689589938128131,-0.23489989310259016,0.9193167529351,0.15786207925612747,-0.10013752107600413,-0.26418836311083077
0.3144657198148782,0.46127883269476194,-0.09056764605039964,-0.14259076736451642,0.3733947571342684,-0.05348008416655649,0.03865102652181943,-0.5989092060457101,-0.6893815207307326,0.6281811398700147,1.2638587909436876,0.18006614550042657,-0.6278753133636323,0.36309919124984474,0.09308418807449599,0.5434754656072359,-0.1894077589440101,0.38934003992606414,-0.7462844997874944,0.8039819447388442,-0.03624501751132401,0.38646712879133777,0.23315906158448058,0.31375067155127556,0.644501313785921,1.601999724968597,1.1783180070751047,-0.10905726159617168,0.09519572986787841,-0.5539222836439232,-0.24114024093974024,-0.17576130052440797,-0.10840138892315648,-0.5267443429860933,0.44186093211879957,0.4502394063242911,0.42987360739217767,0.6266607515925471,-1.2610412285162211,-0.7355400419466879,0.021741107125715368,0.1285870528545459,-0.18302321217487094,0.28837413594351297
0.18583388545740387,0.489667453377464,-0.3731119643546135,-0.3603577510817297,0.5067147935627638,0.015385402109408043,-0.1231841213081018,-0.6023820181719028,-0.4158940975065098,0.4164817138762615,1.1550677705981636,-0.0672457041641447,-0.3223419960077038,0.4081783788168332,0.021224971890879782,-0.23664238994862874,0.08213123358209888,0.24611423941317254,-0.8449225597254866,0.6081405307433846,-0.19869082808104727,0.6488617114298416,0.22759560227621242,0.36885658752649436,0.31875005208682455,1.1783180070751047,1.02376250669234,-0.28671902797068155,0.1083922203638903,-0.10872732576351203,-0.3755859254912161,-0.12620732043420152,0.31352984711912174,-0.023571467730982506,-0.02449058098323917,0.860385687708565,0.50779254889036,0.6544293591546569,-0.9302286666524139,-0.6343721356169556,-0.6172549294661291,0.22481161433888286,-0.052429333805726126,0.4638417233982967
0.02698602049486352,-0.5377499552641382,0.4129071484727862,0.6406329002908996,-1.9899759196903564,-0.46456904340462557,0.5093218573884387,0.40186451664768535,-0.002986256381896181,-0.13670798124094055,-0.3487092621392085,0.5258020842251659,-0.18323391522691707,-0.6424543412113427,-0.22764555071328274,1.8722819985362165,-0.6744275902257628,-0.05355789270255134,1.4158379935897514,-0.19838564576341652,-0.028100914887944188,-1.3161439350771065,-0.6466720019730252,-0.9260248731282341,0.2611962020414306,-0.10905726159617168,-0.28671902797068155,0.7704188725603341,-0.10488246670194935,-1.0667520334246638,0.7623788198093568,0.4587669134575381,-0.7755986159695739,-1.8863196292760087,1.1274340822532292,-1.6484333345364466,-0.23909205199523342,-0.6699149424019083,-0.14029082616821076,0.06551869848741927,1.5203442427291918,0.20035294213058716,0.7267744909208841,-0.6503578318526732
-0.03126194446502872,0.11833551939657562,-0.06980513141950233,-0.12363398459446569,0.17197900864227905,-0.08630464503810135,-0.0776486482120774,-0.0905105590324458,-0.11893923429565237,0.08145750189013767,0.10966829543106973,-0.035650186734673364,0.018226210582431054,-0.005583338264236208,-0.03454797483654649,-0.11890972466863699,-0.01645040136425489,-0.009515632775688069,-0.132341471748149,0.157197584434523,-0.001463439344692246,0.03940685976778579,0.06926708430042529,0.016835651508801407,0.04374683071081359,0.09519572986787841,0.1083922203638903,-0.10488246670194935,0.0508988832201938,0.09020449067794699,-0.11107095558776281,-0.04717626969800019,0.030516454026461814,0.10878392685477915,-0.08512306163140332,0.0984374047657228,0.06192756377713417,0.10156919192249045,-0.07441453915885467,-0.08023952127516823,-0.15504658845892935,0.06458355693696678,-0.07272834592388573,0.09871734092990014
-0.256465544750176,0.7791698512255576,-0.5373610371639594,-1.12008859685914,3.000956054793426,0.6353656657495788,-0.9477538286602628,-0.3701170901468299,0.08398537160735808,0.11680641010434184,-0.15561655234911811,-0.9851092350763768,0.6616715800112251,0.5836263821594714,0.2802852303379145,-2.9794323922882615,0.9800961872206059,-0.11226405555667192,-1.654372956766987,0.10831536377883616,0.1672077444181595,1.7322375842943956,0.8671251816819651,1.233565876884495,-0.6342382319858227,-0.5539222836439232,-0.10872732576351203,-1.0667520334246638,0.09020449067794699,1.9682887491433296,-1.187418817061315,-0.658953282088829,1.1561556492512257,3.080592904850502,-1.9534430270645433,2.0230796036098426,0.09914089212297524,0.723123985144032,0.8322027502478841,0.30796703806662573,-2.231814948673221,-0.24456594995302383,-1.181344692202723,0.7030504881733295
0.11935552760025897,-0.8194768480729238,0.370877453681381,0.9490820078250803,-2.2737957314227293,-0.28187188210711256,0.7302942336222327,0.5051132569601391,0.39436966223349956,-0.4556292744732947,-0.3077291255431003,0.6424140544791789,-0.2744394065206894,-0.36335139467067107,-0.18120288479966082,1.7252868520729685,-0.46678158169935335,-0.043847915567447486,1.3081584256546608,-0.5421391588627474,-0.17375312213158758,-1.2011004577882118,-0.687640717470106,-0.890766882827931,0.1227800169445109,-0.24114024093974024,-0.3755859254912161,0.7623788198093568,-0.11107095558776281,-1.187418817061315,0.993794108128777,0.5520092437717641,-0.65755611732967445,-1.868526689154684,1.177048848296413,-1.3420291976760477,-0.19476567740346984,-0.7305220846064199,-0.10179671612094053,0.04966949620297464,1.4444298297788822,0.025974867708352247,0.9850421667468807,-0.5193047007847341
-0.008069829783314391,-0.42198162320912,-0.010544237786739597,0.39663983921238194,-1.6781281067019278,-0.3116764718658615,0.3703532071998789,0.21935050298138792,0.2623473447250074,-0.3064790172221919,-0.049906725698346976,0.2891739261792683,-0.02191060334495178,-0.3332771219204844,-0.25983336779098865,0.8998611984147238,-0.28681771050375904,-0.10654214025232188,0.926526938774084,-0.29211500919219024,-0.2872353811719028,-0.7570468782118391,-0.5515800767691399,-0.6951367398618014,-0.002710719096353868,-0.17576130052440797,-0.12620732043420152,0.4587669134575381,-0.04717626969800019,-0.658953282088829,0.5520092437717641,0.47105932968550385,-0.2013624646604171,-1.295709713411238,0.633029059299091,-0.7833858775958196,0.023318440265037058,-0.41854115297844574,-0.10073905568484928,-0.05743815084520256,0.6106172203878695,0.28844086655645634,0.8766358841482922,-0.25030531253675214
0.03616443701925093,0.33786768587478505,-0.8466435821103331,-0.5833222943110015,1.531686010814158,0.8441721177050019,-0.4074488080801971,-0.4299613669776363,0.685098755715824,-0.3095981279357538,0.5682392250075232,-0.718382494290255,0.30892881500398306,0.9958944022629657,0.21464869885489596,-2.605576971106302,1.1553519327365214,0.007195024224054655,-1.5148511749484055,-0.35484015708028643,-0.42818937637450816,1.8579225391807066,0.43280521257644833,1.0500629693279593,-0.6866016216573366,-0.10840138892315648,0.31352984711912174,-0.7755986159695739,0.030516454026461814,1.1561556492512257,-0.65755611732967445,-0.2013624646604171,1.4610833415961793,1.9730648792322674,-1.3856453567031164,2.4057883421104576,0.4906626513926695,0.7065431241853131,0.242073664374186,-0.09020233949923391,-2.200075135980366,-0.10996380925717877,-0.07649209422917226,0.8625889118725021
-0.085579641433889575,1.1176421996893249,-0.7142671231427008,-1.4225443470095656,5.618948753285231,1.7131631171092834,-1.2961430589309841,-0.6306335962942428,0.43707110034068436,0.09261314494083481,0.02054823942341394,-1.4731231128770035,0.6370274451810841,1.727551917820991,0.8627549545971476,-5.14264411736253,1.9878869043214786,0.09275739840589028,-3.522213557634991,-0.08147575645492548,0.3656762452218325,3.555926544695041,1.7389436711076265,2.685341060423772,-1.0082176302275303,-0.5267443429860933,-0.023571467730982506,-1.8863196292760087,0.10878392685477915,3.080592904850502,-1.868526689154684,-1.295709713411238,1.9730648792322674,5.571411858510839,-3.173479583918639,4.175511306802405,0.18749695953110448,1.4044396329736109,1.1783152623667843,0.4400523916288801,-3.69577919513583,-1.0191165710863532,-2.234981177713313,1.3542805886025269
0.17532682650133075,-0.7444871555228658,0.6765816668346185,1.0703758223250908,-3.0109925968724465,-0.8251622431309101,0.8867131342002368,0.4400169754094981,-0.27197101878640284,-0.011510743949894315,-0.05767621111406403,1.0244852858296443,-0.5992002273622157,-0.828227789295454,-0.3279609613498012,3.246060161556258,-1.1709937174763987,0.07228603750254954,1.8840248408000988,0.017167947991775352,-0.02264536951778909,-2.0442958287053874,-0.8774787253815224,-1.3887000762374997,0.7113932444922585,0.44186093211879957,-0.02449058098323917,1.1274340822532292,-0.08512306163140332,-1.9534430270645433,1.177048848296413,0.633029059299091,-1.3856453567031164,-3.173479583918639,2.024274348001805,-2.446277897875715,-0.23043816613683232,-0.834302503625847,-0.7340495492867126,-0.22520973822897183,2.493645347237356,0.2823615132789619,1.0379343650709025,-0.8535899011797282
0.34013737358578894,0.7134612280269582,-1.2277630901478078,-0.8481086180509401,3.960837344867082,1.9139943881891506,-0.6567440356380292,-0.9201408200214256,1.0351333737000774,-0.2852761923824416,1.3517427446108692,-1.0986070682419953,0.06383547116781059,2.397498248995088,0.7706552941172737,-4.729674031216394,2.203578312197762,0.3346301863354764,-3.673393828656412,-0.4098965955569999,-0.43231672044483077,3.862911248476274,1.300503130427998,2.5356242038129566,-0.9349015294357013,0.4502394063242911,0.860385687708565,-1.6484333345364466,0.0984374047657228,2.0230796036098426,-1.3420291976760477,-0.7833858775958196,2.4057883421104576,4.175511306802405,-2.446277897875715,4.954951933458316,0.8448537499240142,1.6160262084254449,0.1001265979385248,-0.3281333975577278,-3.8407446204185742,-0.7726986459307227,-0.8877048050739959,1.7442316425627493
0.0780329890547431,0.19326605575744438,-0.4210427468857458,-0.21144442803810012,0.17363009048014139,0.12644739831934682,-0.06104215727762037,-0.328096287965367,0.07929242934124496,0.001273424048987912,0.6633075971721358,-0.1430462010705922,-0.055091524685421736,0.36186310476570055,-0.022254619225214618,-0.6024739396929082,0.2701011962640913,0.06525807874892317,-0.5460599003698914,0.10243967077075174,-0.29817673962273966,0.5747110125576581,0.07222382007188533,0.24116504746353853,-0.050341922656463645,0.42987360739217767,0.50779254889036,-0.23909205199523342,0.06192756377713417,0.09914089212297524,-0.19476567740346984,0.023318440265037058,0.4906626513926695,0.18749695953110448,-0.23043816613683232,0.8448537499240142,0.3837571775376624,0.37459188035763763,-0.3727532087408551,-0.33693433078615476,-0.7434567497943423,0.1584131453170556,0.21338029039449016,0.4064097144905457
0.09176905700068157,0.604577761575444,-0.4327731560713177,-0.6032545872169396,1.7577232372828189,0.4279151237228635,-0.4193625692502152,-0.5557883509331943,-0.16729298222284306,0.3002979896448,0.7459586095906063,-0.4275319346517989,-0.03684390535097484,0.6876817172232328,0.22472209606236782,-1.4688739555947812,0.5549713399684054,0.1745772839874103,-1.4377195184336773,0.38340892366857665,-0.04180189981610245,1.3190743311100122,0.5882548274496803,0.9077111492531345,-0.0491085410155626,0.6266607515925471,0.6544293591546569,-0.6699149424019083,0.10156919192249045,0.723123985144032,-0.7305220846064199,-0.41854115297844574,0.7065431241853131,1.4044396329736109,-0.834302503625847,1.6160262084254449,0.37459188035763763,0.787737252303404,-0.30134282454667666,-0.2995382425827029,-1.3464728014817935,-0.09365934687382249,-0.6006441354921963,0.6470002596390572
-0.24479524181941625,-0.1585177928276124,0.08276905806598388,-0.08834067927245114,0.6413073352891104,0.3068215989965007,-0.22521318422336553,0.3883222398667222,0.48741585081716543,-0.3697472470704309,-1.0477690012705654,-0.33581396182850537,0.537793764017219,-0.08440379479607267,0.09574590403012649,-0.9894252344275962,0.3443628684444909,-0.25763353943787465,0.11642117950640556,-0.5692526995443181,0.19034236036337074,0.16261404517011144,0.09833255947196275,0.17560688186365875,-0.5689589938128131,-1.2610412285162211,-0.9302286666524139,-0.14029082616821076,-0.07441453915885467,0.8322027502478841,-0.10179671612094053,-0.10073905568484928,0.242073664374186,1.1783152623667843,-0.7340495492867126,0.1001265979385248,-0.3727532087408551,-0.30134282454667666,1.1474287442832443,0.6771457103707804,-0.361965301201807,-0.29689504579242354,-0.3215119172254181,-0.12998245342961554
-0.1264124871789046,-0.14622660036135074,0.2428003785017032,0.05759438536267695,0.2310713510674744,0.14767556092341405,-0.06558641737010691,0.3252431193828976,0.18320590226122307,-0.16316913198526156,-0.7795064841581452,-0.12018852278226376,0.2545769871914445,-0.1914125819995405,0.08054956494585667,-0.16565035809886636,0.048750223112534415,-0.13699291786182863,0.30356915274364504,-0.3251159957566341,0.2190957080430869,-0.11929862898868673,0.005866580394836528,0.02421039337877266,-0.23489989310259016,-0.7355400419466879,-0.6343721356169556,0.06551869848741927,-0.08023952127516823,0.30796703806662573,0.04966949620297464,-0.05743815084520256,-0.09020233949923391,0.4400523916288801,-0.22520973822897183,-0.3281333975577278,-0.33693433078615476,-0.2995382425827029,0.6771457103707804,0.4885056133493717,0.1807132192452628,-0.22846030115536817,-0.24760303344046036,-0.2653131084487725
0.06643346567442618,-0.9404964560596683,1.3053186158923276,1.3409465005320007,-3.347077053070294,-1.111766894236148,0.9812987234518914,0.8520771939278522,-0.5671551955815632,0.12106512717675007,-0.9106456111733617,1.2628966397848058,-0.5775350307389799,-1.4504228148284375,-0.33601696650646623,4.376298815966164,-1.7177832751105577,-0.005219201305786303,2.759277665916629,0.04079323600895665,0.42438082562507834,-2.989161594645079,-1.0114260150184857,-1.8090138406463636,0.9193167529351,0.021741107125715368,-0.6172549294661291,1.5203442427291918,-0.15504658845892935,-2.231814948673221,1.4444298297788822,0.6106172203878695,-2.200075135980366,-3.69577919513583,2.493645347237356,-3.8407446204185742,-0.7434567497943423,-1.3464728014817935,-0.361965301201807,0.1807132192452628,3.710787707289101,0.14314121390385365,0.736089587267144,-1.4825188778668354
-0.19810326558957958,0.14434536996939584,-0.23885762507797512,-0.2848099839392354,-1.0649908261083745,-0.7247831840773273,-0.09391961329816982,-0.12309354369074914,-0.3692526696457046,0.158410467764797,0.19063819599294743,0.008983112654800183,0.19477479020681884,-0.6451584440445568,-0.427387554868667,0.6049905662037831,-0.44786164057820876,-0.16912272826788183,0.7255340742780031,0.3821920416451033,-0.24058118840857656,-0.7089326643520741,-0.3852662453371306,-0.7172156303892825,0.15786207925612747,0.1285870528545459,0.22481161433888286,0.20035294213058716,0.06458355693696678,-0.24456594995302383,0.025974867708352247,0.28844086655645634,-0.10996380925717877,-1.0191165710863532,0.2823615132789619,-0.7726986459307227,0.1584131453170556,-0.09365934687382249,-0.29689504579242354,-0.22846030115536817,0.14314121390385365,0.7135220663371976,0.5413555802416902,-0.10572226910990859
0.06473580597432482,-0.8101999995252194,-0.23559977373977434,0.7531138366008489,-3.064546239077832,-0.4219952416940544,0.7157356566771653,0.28817055243339923,0.6890567987807819,-0.6794450818147141,0.20194901042274283,0.48482571316380646,-0.09172076218960615,-0.3284410730818418,-0.4541125749926008,1.2724022677243314,-0.2882889125530609,-0.15819133938440502,1.3859028797116875,-0.6443684978328788,-0.7284157364448588,-1.0337152592060899,-0.9863210595415925,-1.1357641473178253,-0.10013752107600413,-0.18302321217487094,-0.052429333805726126,0.7267744909208841,-0.07272834592388573,-1.181344692202723,0.9850421667468807,0.8766358841482922,-0.07649209422917226,-2.234981177713313,1.0379343650709025,-0.8877048050739959,0.21338029039449016,-0.6006441354921963,-0.3215119172254181,-0.24760303344046036,0.736089587267144,0.5413555802416902,1.7901138107782322,-0.22743464067829233
0.07830399246736844,0.3361889715752704,-0.5504009263865935,-0.40785402073255766,1.277239159768171,0.46043184700637657,-0.27545865853998425,-0.4234274749361181,0.23224929434443894,-0.048795481783656953,0.665255125743296,-0.3739404598019196,0.03972036175448353,0.7751596337517122,0.1589877902247602,-1.657447350161831,0.7096459434470559,0.08834608694778447,-1.3195666346246082,0.036304526887235976,-0.23384495055724572,1.2698260304819515,0.4491864145149072,0.7669488976622234,-0.26418836311083077,0.28837413594351297,0.4638417233982967,-0.6503578318526732,0.09871734092990014,0.7030504881733295,-0.5193047007847341,-0.25030531253675214,0.8625889118725021,1.3542805886025269,-0.8535899011797282,1.7442316425627493,0.4064097144905457,0.6470002596390572,-0.12998245342961554,-0.2653131084487725,-1.4825188778668354,-0.10572226910990859,-0.22743464067829233,0.7335215593765492
