V1,V2,V3,V4,V5,V6,V7,V8,V9,V10,V11,V12,V13,V14,V15,V16,V17,V18,V19,V20,V21,V22,V23,V24,V25,V26,V27,V28,V29,V30,V31,V32,V33,V34,V35,V36,V37,V38,V39,V40,V41,V42,V43,V44
89.66209509559796,131.80023685727954,-58.48016797619092,-27.722946852390145,-302.4246070370918,-206.42560193457246,65.30166897297845,-213.67237950857657,-303.9026332514657,230.2316714003055,514.4844805875995,139.0125355743644,-227.5213114898726,-24.303429252009316,-77.25149820157075,495.1758197031915,-213.08047381200356,111.07272265402705,-16.558482558094656,344.22775929709564,-85.39045636580836,-118.78250133967344,-55.804252820984516,-119.26751072725553,293.4129162429658,624.780248942852,475.2382136338807,66.4069346165075,44.0551629316696,-377.08407827240995,5.951435134305313,50.78839874873907,-123.9791967281265,-598.376621334849,342.6662984237979,-107.098250351049,190.04325162325918,155.22998532127338,-564.3647346974417,-338.8654448593145,164.04189616404247,205.20830770571465,144.56359916281235,50.227411369863425
131.80023685727954,194.48104371621884,-85.97498339340257,-41.07246132144408,-444.41480439874624,-303.77179777952387,95.99032746373133,-314.7064853676558,-447.471878676551,339.0802327407517,757.4429070205898,204.3553351141174,-334.91590435123067,-35.58020013001923,-113.52124312223877,728.147952542553,-313.73322189108194,163.4685982912402,-25.03917094689421,506.75032944125235,-125.536071127636,-174.49610117895062,-82.03019323100935,-175.1119521055669,431.72576205436246,920.1041779277937,699.8737273722086,97.52636638641341,64.9343670435357,-554.958645737784,8.765171832281046,74.73560691781263,-182.17230314307892,-880.2501617255298,504.14631397987137,-157.16669135937892,279.9635649311608,228.6902448241326,-830.7735758278618,-498.9340002868887,241.0384284858568,302.08814097591767,212.61759925519365,74.16673983322995
-58.48016797619092,-85.97498339340257,38.3379189542883,18.164250639328326,196.70379877890568,134.34335302273703,-42.48694072908556,139.39468506670823,197.9927059248814,-150.11243320657584,-335.465882842003,-90.56980424267951,148.26755500623443,15.658548452772388,50.350781691044375,-322.4778271773245,138.7595166729721,-72.43370515014249,10.966614224954055,-224.46818791511933,55.687414681503306,77.14347016199035,36.22182959334097,77.58503224323695,-191.2519498788806,-407.1721545226632,-309.79130897591693,-43.15363462361736,-28.7353623930719,245.5239125591736,-3.584552874136671,-33.02535628857508,80.68577261325918,389.7101865026672,-223.12249721689298,69.40323643982539,-123.91386885486993,-101.34990345112347,367.8031753576509,220.90925189696765,-106.6471255934619,-133.6943333845874,-94.10202774686242,-32.811819798194094
-27.722946852390145,-41.07246132144408,18.164250639328326,8.885790096115224,92.99853416559603,63.82867963431342,-19.984566982701672,66.28723326174853,94.17397248507206,-71.34193541589741,-159.43911906588542,-42.7736869501245,70.39763477399211,7.352409504688058,23.825711191567652,-152.6265058153569,65.74199135837138,-34.4322836818603,5.701110927971086,-106.63908691364709,26.41829683866694,36.299578156038294,17.076722786051924,36.576926353967536,-90.73158637805871,-193.64669121779343,-147.33983929927132,-20.308410401122565,-13.664247822021318,116.47858408398766,-1.6947952661715422,-15.577040222309252,38.11211475076821,184.6495999405654,-105.74415530958224,32.6067054966804,-58.93252139055446,-48.26260360383024,174.76106666505672,104.973613583663,-50.257734698173365,-63.53396978080871,-44.52895686707234,-15.790390457296498
-302.4246070370918,-444.41480439874624,196.70379877890568,92.99853416559603,1022.7136309571753,697.3595200922272,-220.84154313664212,720.6110945130084,1025.738166459598,-776.8126923735699,-1735.8119857942913,-469.50002793319294,767.9930861382642,82.83884867630128,260.9478854411624,-1672.823800460926,719.8977632492279,-374.7138361736323,54.59648995389678,-1161.440173318589,288.1160146149193,402.3180977860443,189.04659023477217,403.44814472228956,-990.3261678040695,-2108.5637479566344,-1603.6321389186098,-224.86131334357978,-148.59689420138224,1273.8050581487726,-21.18329427842747,-171.94456396704152,419.19224651719566,2021.2292498521333,-1157.6039944099232,363.2295547061673,-641.15005307681065,-523.0606951118473,1904.7252218789504,1143.5766082750247,-555.142433433372,-692.8657718353288,-488.6612678082486,-168.9426009431855
-206.42560193457246,-303.77179777952387,134.34335302273703,63.82867963431342,697.3595200922272,476.03015527860526,-150.53335905232908,492.2191958882371,700.4732945629996,-530.4883827427012,-1185.3241774539772,-320.2834225845631,524.3052566314877,56.282399794014424,177.97768926949783,-1141.2639289790698,491.2520993771583,-255.86072898427977,38.06015656726038,-793.0573833670456,196.66301879133187,274.1110768395667,128.81622706167855,274.98089957035984,-675.9889461270855,-1439.9027091136745,-1095.1372390642332,-153.18724453747654,-101.48452869522286,869.3176996285894,-14.24224242338361,-117.18526559311384,285.7848575895606,1379.167017876671,-789.8991259687973,247.34601583648166,-437.8976832010174,-357.4531185472138,1300.529208194739,780.8327940193342,-378.3343668527699,-473.01320044698866,-333.2839680082515,-115.67783718451409
65.30166897297845,95.99032746373133,-42.48694072908556,-19.984566982701672,-220.84154313664212,-150.53335905232908,47.820866095439186,-155.65403613448234,-221.48572801602316,167.8206201305388,374.87611760921675,101.46838760190727,-165.8861036262254,-17.857184162201467,-56.34149829289586,361.35465370049906,-155.63358621888148,80.88070653744323,-11.706111615913612,250.8442832999741,-62.17816405005564,-86.96748329478038,-40.867070824520134,-87.1379391507108,213.91384202403785,455.3706504599084,346.32506701212753,48.589220896039805,32.13443619190715,-275.1403757332126,4.5452242136052465,37.19033952875812,-90.5468222673359,-436.6108779907462,250.06482404078295,-78.495573864779,138.5311671722494,112.9689127618219,-411.32964835452594,-246.9975160617145,119.99935565599743,149.60209876275417,105.57183453867373,36.44768319868469
-213.67237950857657,-314.7064853676558,139.39468506670823,66.28723326174853,720.6110945130084,492.2191958882371,-155.65403613448234,509.79532309398263,724.8615362147085,-549.2673208215314,-1227.094070653025,-331.39166798166553,542.6380195738942,57.7565314588399,184.04745531190855,-1180.4017684890173,508.292973557228,-264.868901419287,40.00360662502144,-820.9940824518783,203.51065057545694,283.0719094048437,133.0139990544732,284.09353536558706,-699.6002140824037,-1490.3722287601895,-1133.645263977917,-158.21229259507368,-105.12612948721345,899.2129246485516,-14.15431762459133,-121.12248028339474,295.3803647349345,1426.6474982422856,-817.0253830094475,255.0554179530752,-453.41880927529087,-370.40683048985534,1345.9772382296096,808.263350766858,-390.90447448369883,-489.40886671240446,-344.6241514759291,-119.94935538023796
-303.9026332514657,-447.471878676551,197.9927059248814,94.17397248507206,1025.738166459598,700.4732945629996,-221.48572801602316,724.8615362147085,1031.1990196274685,-781.115781166385,-1745.21733453298,-471.3693857624783,771.8527207304681,82.51542934794837,261.88468027093194,-1679.4679181435363,723.0601844497469,-376.6966578821811,56.566208257565094,-1167.6669282031105,289.4882943848015,403.0071496786968,189.38529011266874,404.38457048256026,-995.1443094710363,-2119.896835114301,-1612.4056223511066,-225.22304325643225,-149.48785827179157,1279.4034502341995,-20.582478011019695,-172.37314227499056,420.4141338443041,2029.7151005722683,-1162.4601321452096,363.42618940684815,-644.8290419383833,-526.5683824578939,1914.5850946725338,1149.5893737969013,-556.413615523896,-696.2347732038679,-490.3719749055783,-170.51791873599223
230.2316714003055,339.0802327407517,-150.11243320657584,-71.34193541589741,-776.8126923735699,-530.4883827427012,167.8206201305388,-549.2673208215314,-781.115781166385,591.9207269443397,1322.2542937233918,357.14241345494315,-584.7722555137793,-62.38370955310205,-198.37983519728704,1272.2498871902858,-547.9165108670494,285.40323690453596,-42.87787448184791,884.6801701054928,-219.2513454835864,-305.2573917299855,-143.46024723834879,-306.28816557444475,753.9397286865315,1606.0551368086353,1221.599441518213,170.61094923356035,113.2999517907671,-969.1855849626436,15.391380850453091,130.6097199919467,-318.46861519441813,-1537.6601497558493,880.6305310515166,-275.10748983594624,488.59097537259703,399.00338554603593,-1450.3974169199546,-871.0166322317654,421.5312009209021,527.4641184457591,371.49901960310814,129.1470869543662
514.4844805875995,757.4429070205898,-335.465882842003,-159.43911906588542,-1735.8119857942913,-1185.3241774539772,374.87611760921675,-1227.094070653025,-1745.21733453298,1322.2542937233918,2954.253737424036,797.8868822666552,-1306.471719123382,-139.424539468319,-443.32036672694875,2842.53322486002,-1223.8446678299724,637.6932227953419,-95.81533673751625,1976.564020032652,-490.03031700011536,-681.8747265481762,-320.4387043686215,-684.3607457941711,1684.4887935564818,3588.174594136189,2729.280901378085,381.1495498823013,253.069749896702,-2165.33186596828,34.43077594423334,291.73739029200755,-711.5423215723741,-3435.423359708212,1967.4662436283004,-614.6371383814894,1091.5349775427455,891.4541627705107,-3240.6297483673447,-1945.9782143644807,941.6379413735605,1178.4385514559888,829.9920009817411,288.6248901482749
139.0125355743644,204.3553351141174,-90.56980424267951,-42.7736869501245,-469.50002793319294,-320.2834225845631,101.46838760190727,-331.39166798166553,-471.3693857624783,357.14241345494315,797.8868822666552,215.90276348670287,-352.96364590265625,-37.76234006471336,-119.78299779859796,768.5789293538397,-330.8342311738339,172.23295618681743,-25.342127840979607,533.8859539513204,-132.4079739522735,-184.71824209214515,-86.74168198504964,-185.19472445075036,455.13262021962106,969.0652785251843,737.037087997487,103.22252659723375,68.31532567148257,-585.1699742285251,9.416881239503274,78.93479444917135,-192.43282081591593,-928.6400364596306,531.8104617171874,-166.60446584665223,294.73294174198105,240.67330711968745,-875.4242129914524,-525.5777551948715,254.87147583339117,318.2984304539279,224.39788970254858,77.69922387500748
-227.5213114898726,-334.91590435123067,148.26755500623443,70.39763477399211,767.9930861382642,524.3052566314877,-165.8861036262254,542.6380195738942,771.8527207304681,-584.7722555137793,-1306.471719123382,-352.96364590265625,577.84885480534,61.773370630728216,196.08749401341453,-1257.4537951988286,541.4079899164543,-282.0061847713782,42.14422647924439,-874.1218055139167,216.70657082167276,301.8166042913417,141.8374191657324,302.8153029783754,-745.0219500358336,-1586.904333212822,-1207.0138117409722,-168.68831028735917,-111.91846107848608,957.8388266941313,-15.3770590609842,-129.11309592011756,314.8177745634938,1519.6681758048892,-870.3268994945884,272.1175709872928,-482.71616909732876,-394.14168382378324,1433.2159690475655,860.6166130043703,-416.7125386855323,-521.2070732500375,-367.1956415821076,-127.54757195776057
-24.303429252009316,-35.58020013001923,15.658548452772388,7.352409504688058,82.83884867630128,56.282399794014424,-17.857184162201467,57.7565314588399,82.51542934794837,-62.38370955310205,-139.424539468319,-37.76234006471336,61.773370630728216,6.97694231652661,21.126927391451982,-134.96073649825811,58.022216669980935,-30.095159840566453,3.986122599586667,-93.32321375577109,23.158714633448625,32.6855191598653,15.380985618217867,32.74579903653182,-79.69132346219301,-169.49976152059682,-128.8675600853438,-18.262861616020807,-11.922480466106498,102.71696394180655,-1.9877683104182216,-13.943218195629358,33.98782584155012,162.97596620572023,-93.37691696095219,29.68551909094935,-51.470906002052224,-41.78063241247015,153.1248383145035,91.93638170260334,-45.056191504577775,-55.82549355190493,-39.500098646475216,-13.451223741077374
-77.25149820157075,-113.52124312223877,50.350781691044375,23.825711191567652,260.9478854411624,177.97768926949783,-56.34149829289586,184.04745531190855,261.88468027093194,-198.37983519728704,-443.32036672694875,-119.78299779859796,196.08749401341453,21.126927391451982,66.70231458948174,-426.99359224311286,183.7441052275092,-95.70549645338713,14.012898505480418,-296.6473008159543,73.58039419556818,102.53827945913388,48.18576553504407,102.96871185861197,-252.90476418565873,-538.4086203759585,-409.5362307159337,-57.33799719841258,-37.960455646083354,325.1356964525961,-5.2603409326359145,-43.86261688270811,107.03220443475652,515.9438684054555,-295.47963745857254,92.51464835593644,-163.74809614214365,-133.60700334407468,486.3185122630954,292.064583873827,-141.6256398040743,-176.92895212858298,-124.72802591835749,-43.201073834045545
495.1758197031915,728.147952542553,-322.4778271773245,-152.6265058153569,-1672.823800460926,-1141.2639289790698,361.35465370049906,-1180.4017684890173,-1679.4679181435363,1272.2498871902858,2842.53322486002,768.5789293538397,-1257.4537951988286,-134.96073649825811,-426.99359224311286,2737.87031597899,-1178.4976093233615,613.6024873100961,-90.36319686503722,1901.993250170045,-471.6639581267119,-657.8566050499369,-309.0642087596634,-659.8358791282329,1621.4370300884189,3452.6483032782235,2626.0046346651147,367.6710986211928,243.4219226371561,-2084.915098743286,33.882099701670455,281.2438248123602,-685.7710142640077,-3308.2626805659843,1894.6564427724372,-593.4961692216526,1050.0653001332169,857.1142042399463,-3118.688481249662,-1872.565884275997,907.9865016963886,1134.2438960478605,799.5382639796836,276.9775774687131
-213.08047381200356,-313.73322189108194,138.7595166729721,65.74199135837138,719.8977632492279,491.2520993771583,-155.63358621888148,508.292973557228,723.0601844497469,-547.9165108670494,-1223.8446678299724,-330.8342311738339,541.4079899164543,58.022216669980935,183.7441052275092,-1178.4976093233615,507.66396652509314,-264.13227047871,39.070073593594,-818.8799357511826,202.91646438007743,283.20840388402945,133.10129054710256,283.9169555490415,-698.0406529881109,-1486.7137178145563,-1130.7399123643931,-158.26692501873134,-104.89600703018249,897.6836510484854,-14.599457611939645,-121.16418278543254,295.1651208128372,1424.2650937858796,-815.7190488175975,255.3776591804122,-452.2479966271955,-369.04039396307013,1342.654865029769,806.315490069986,-390.91980694435205,-488.358949416519,-344.24839208096984,-119.26376188775576
111.07272265402705,163.4685982912402,-72.43370515014249,-34.4322836818603,-374.7138361736323,-255.86072898427977,80.88070653744323,-264.868901419287,-376.6966578821811,285.40323690453596,637.6932227953419,172.23295618681743,-282.0061847713782,-30.095159840566453,-95.70549645338713,613.6024873100961,-264.13227047871,137.68487763472703,-20.660163931532566,426.6518877634624,-105.7938439163711,-147.1860424030894,-69.1604409175636,-147.74653009871483,363.6113736670873,774.502712295321,589.1116190896307,82.28996776194897,54.61194167502437,-467.3899193471873,7.409450194759554,62.95988516771553,-153.61451004508365,-741.5748976793292,424.6867610632097,-132.6597408606275,235.5739505666529,192.41765241860497,-699.5034927939593,-420.048889430483,203.2635799248262,254.38309073313874,179.15637707663006,62.27395700652053
-16.558482558094656,-25.03917094689421,10.966614224954055,5.701110927971086,54.59648995389678,38.06015656726038,-11.706111615913612,40.00360662502144,56.566208257565094,-42.87787448184791,-95.81533673751625,-25.342127840979607,42.14422647924439,3.986122599586667,14.012898505480418,-90.36319686503722,39.070073593594,-20.660163931532566,4.4281380286897205,-63.984039149048435,15.788612418597214,21.00601713528729,9.908947459649161,21.26688181155939,-54.16991884730548,-116.38442195353745,-88.6083420133352,-11.745897116261247,-8.232943381774378,69.3332137678785,-0.741909220450956,-9.09310553054004,22.27197348141397,109.6108386137638,-62.790660850468896,18.66427163969621,-35.523057641771295,-29.365318532683222,104.83701471829406,62.96931817549475,-29.223137590419,-37.96842226174805,-26.266809014643645,-9.883772817501642
344.22775929709564,506.75032944125235,-224.46818791511933,-106.63908691364709,-1161.440173318589,-793.0573833670456,250.8442832999741,-820.9940824518783,-1167.6669282031105,884.6801701054928,1976.564020032652,533.8859539513204,-874.1218055139167,-93.32321375577109,-296.6473008159543,1901.993250170045,-818.8799357511826,426.6518877634624,-63.984039149048435,1322.4996275707754,-327.8659369309304,-456.2962593434496,-214.39960076246643,-457.9484022891961,1127.0825954271509,2400.6687408181015,1826.031855686484,255.04790352222219,169.32309763468868,-1448.7781812748576,23.02280097800422,195.20782564459122,-476.14691298392944,-2298.62036657228,1316.4129499761743,-411.32255461702766,730.2858392136314,596.4221171335912,-2168.1831989262773,-1301.9761409753582,630.1098007556085,788.444813712712,555.333486529115,193.06014567255102
-85.39045636580836,-125.536071127636,55.687414681503306,26.41829683866694,288.1160146149193,196.66301879133187,-62.17816405005564,203.51065057545694,289.4882943848015,-219.2513454835864,-490.03031700011536,-132.4079739522735,216.70657082167276,23.158714633448625,73.58039419556818,-471.6639581267119,202.91646438007743,-105.7938439163711,15.788612418597214,-327.8659369309304,81.36473794548662,113.14776519281375,53.14936218285089,113.60822807708116,-279.44851606635734,-595.0953448903218,-452.65671993645117,-63.25190107076147,-41.941903514600526,359.18456239895414,-5.719183558343276,-48.376972129257304,118.07167862358698,569.9439944234473,-326.38236903018236,102.04056112795858,-180.9981553062563,-147.85773389804737,537.5856383937405,322.744279277177,-156.21688582383783,-195.45900905861959,-137.69968458751492,-47.85825045636426
-118.78250133967344,-174.49610117895062,77.14347016199035,36.299578156038294,402.3180977860443,274.1110768395667,-86.96748329478038,283.0719094048437,403.0071496786968,-305.2573917299855,-681.8747265481762,-184.71824209214515,301.8166042913417,32.6855191598653,102.53827945913388,-657.8566050499369,283.20840388402945,-147.1860424030894,21.00601713528729,-456.2962593434496,113.14776519281375,158.59084296598306,74.4958920463334,158.79083362868587,-389.1736571072919,-828.4305228273848,-629.9728658107742,-88.59706951654832,-58.384252705889566,500.8054417400412,-8.503820594163706,-67.72667331346085,164.91790730143418,794.7507764456125,-455.18475498862455,143.25604987781583,-251.86662285785408,-205.35016192948237,748.386866821859,449.3084424930495,-218.63750656677297,-272.27423243128436,-192.19970122301228,-66.13720605205623
-55.804252820984516,-82.03019323100935,36.22182959334097,17.076722786051924,189.04659023477217,128.81622706167855,-40.867070824520134,133.0139990544732,189.38529011266874,-143.46024723834879,-320.4387043686215,-86.74168198504964,141.8374191657324,15.380985618217867,48.18576553504407,-309.0642087596634,133.10129054710256,-69.1604409175636,9.908947459649161,-214.39960076246643,53.14936218285089,74.4958920463334,35.031534041021374,74.59838216614399,-182.8658660122947,-389.3583318866098,-296.08427798149046,-41.62152287740703,-27.45155780906463,235.36405806194156,-4.034985034250608,-31.840635974363554,77.48833221993938,373.45503167525135,-213.90371671800628,67.28418969785002,-118.39138166666977,-96.47529250429386,351.6688631534487,211.1689568537943,-102.7307296563837,-127.98269154904412,-90.34461509282147,-31.105666536740255
-119.26751072725553,-175.1119521055669,77.58503224323695,36.576926353967536,403.44814472228956,274.98089957035984,-87.1379391507108,284.09353536558706,404.38457048256026,-306.28816557444475,-684.3607457941711,-185.19472445075036,302.8153029783754,32.74579903653182,102.96871185861197,-659.8358791282329,283.9169555490415,-147.74653009871483,21.26688181155939,-457.9484022891961,113.60822807708116,158.79083362868587,74.59838216614399,159.2549590293279,-390.53142147342527,-831.2650376648056,-632.2070861247742,-88.75185946769098,-58.57777568475213,502.3044741664887,-8.3336482139234,-67.8321257766918,165.41836143768973,797.1629047531407,-456.5426629826528,143.3891225365958,-252.74907193042776,-206.1554374369589,750.9539640612738,450.8973249980063,-219.0960847022553,-273.21913733983706,-192.7529331579822,-66.50745176085165
293.4129162429658,431.72576205436246,-191.2519498788806,-90.73158637805871,-990.3261678040695,-675.9889461270855,213.91384202403785,-699.6002140824037,-995.1443094710363,753.9397286865315,1684.4887935564818,455.13262021962106,-745.0219500358336,-79.69132346219301,-252.90476418565873,1621.4370300884189,-698.0406529881109,363.6113736670873,-54.16991884730548,1127.0825954271509,-279.44851606635734,-389.1736571072919,-182.8658660122947,-390.53142147342527,960.675236690256,2045.941611002518,1556.1800610471437,217.53029700059886,144.30360418068585,-1234.9668299232965,19.75548859733636,166.46079627543406,-406.012752933563,-1959.4826819175646,1122.187310255763,-350.90988240419875,622.3441263491776,508.1454786561875,-1847.8858844409556,-1109.6193372336274,537.3686728456395,672.006260115263,473.4656835497033,164.39262209341365
624.780248942852,920.1041779277937,-407.1721545226632,-193.64669121779343,-2108.5637479566344,-1439.9027091136745,455.3706504599084,-1490.3722287601895,-2119.896835114301,1606.0551368086353,3588.174594136189,969.0652785251843,-1586.904333212822,-169.49976152059682,-538.4086203759585,3452.6483032782235,-1486.7137178145563,774.502712295321,-116.38442195353745,2400.6687408181015,-595.0953448903218,-828.4305228273848,-389.3583318866098,-831.2650376648056,2045.941611002518,4358.485256059692,3315.1125415273327,463.0350478181297,307.3974147415919,-2630.3312380196617,42.16768441628015,354.4530190516232,-864.3015361610018,-4172.9185101276635,2389.9047389476827,-746.8321568963232,1325.8258779751209,1082.6204309790896,-3936.162506258228,-2363.6349154629997,1143.9277507250308,1431.4457536300922,1008.2303275229764,350.5423230686009
475.2382136338807,699.8737273722086,-309.79130897591693,-147.33983929927132,-1603.6321389186098,-1095.1372390642332,346.32506701212753,-1133.645263977917,-1612.4056223511066,1221.599441518213,2729.280901378085,737.037087997487,-1207.0138117409722,-128.8675600853438,-409.5362307159337,2626.0046346651147,-1130.7399123643931,589.1116190896307,-88.6083420133352,1826.031855686484,-452.65671993645117,-629.9728658107742,-296.08427798149046,-632.2070861247742,1556.1800610471437,3315.1125415273327,2521.5573740063273,352.1199556988622,233.822791245843,-2000.5599085167187,31.95780644101338,269.5616771159514,-657.3510810426222,-3173.8315760080354,1817.692246184627,-567.8731035268146,1008.4727289343599,823.5279435440227,-2993.887663375631,-1797.8335348454777,869.9499662402084,1088.759424340694,766.8187956496339,266.6868407993351
66.4069346165075,97.52636638641341,-43.15363462361736,-20.308410401122565,-224.86131334357978,-153.18724453747654,48.589220896039805,-158.21229259507368,-225.22304325643225,170.61094923356035,381.1495498823013,103.22252659723375,-168.68831028735917,-18.262861616020807,-57.33799719841258,367.6710986211928,-158.26692501873134,82.28996776194897,-11.745897116261247,255.04790352222219,-63.25190107076147,-88.59706951654832,-41.62152287740703,-88.75185946769098,217.53029700059886,463.0350478181297,352.1199556988622,49.52224233066423,32.63251050253348,-279.8994442451875,4.723627105749131,37.848148836100755,-92.19561316025234,-444.20155958392326,254.4067709485269,-80.00856669157837,140.76652787050637,114.76902065408417,-418.28768529848816,-251.15748112885484,122.19229648054574,152.19503308117524,107.43311021736756,36.96134005454061
44.0551629316696,64.9343670435357,-28.7353623930719,-13.664247822021318,-148.59689420138224,-101.48452869522286,32.13443619190715,-105.12612948721345,-149.48785827179157,113.2999517907671,253.069749896702,68.31532567148257,-111.91846107848608,-11.922480466106498,-37.960455646083354,243.4219226371561,-104.89600703018249,54.61194167502437,-8.232943381774378,169.32309763468868,-41.941903514600526,-58.384252705889566,-27.45155780906463,-58.57777568475213,144.30360418068585,307.3974147415919,233.822791245843,32.63251050253348,21.721168948419347,-185.48837931377554,2.930363942902008,25.004797858708262,-60.94284305257591,-294.26055178359985,168.52372789020146,-52.59690888741816,93.54946433287483,76.36816177473014,-277.5672231382674,-166.71840958020715,80.64920175971282,100.94457855608245,71.09978366346931,24.72934677493248
-377.08407827240995,-554.958645737784,245.5239125591736,116.47858408398766,1273.8050581487726,869.3176996285894,-275.1403757332126,899.2129246485516,1279.4034502341995,-969.1855849626436,-2165.33186596828,-585.1699742285251,957.8388266941313,102.71696394180655,325.1356964525961,-2084.915098743286,897.6836510484854,-467.3899193471873,69.3332137678785,-1448.7781812748576,359.18456239895414,500.8054417400412,235.36405806194156,502.3044741664887,-1234.9668299232965,-2630.3312380196617,-2000.5599085167187,-279.8994442451875,-185.48837931377554,1588.111999323356,-25.896916399726777,-214.20260518557592,522.1563150252126,2519.6176287184066,-1443.0499856182967,451.7284731415359,-800.023651240692,-652.9616627687753,2375.6287231698443,1426.4864111990735,-691.3139965014852,-864.0407935505145,-608.9456804350532,-211.17893300217656
5.951435134305313,8.765171832281046,-3.584552874136671,-1.6947952661715422,-21.18329427842747,-14.24224242338361,4.5452242136052465,-14.15431762459133,-20.582478011019695,15.391380850453091,34.43077594423334,9.416881239503274,-15.3770590609842,-1.9877683104182216,-5.2603409326359145,33.882099701670455,-14.599457611939645,7.409450194759554,-0.741909220450956,23.02280097800422,-5.719183558343276,-8.503820594163706,-4.034985034250608,-8.3336482139234,19.75548859733636,42.16768441628015,31.95780644101338,4.723627105749131,2.930363942902008,-25.896916399726777,0.9572698253547235,3.613267369780184,-8.609944278019103,-40.91086630651353,23.50810730228586,-7.9119130521664545,12.724611749822234,10.113430259912978,-38.07596694530944,-22.777613780448128,11.567077424138088,13.94443264584304,10.022392323845116,3.234358977747096
50.78839874873907,74.73560691781263,-33.02535628857508,-15.577040222309252,-171.94456396704152,-117.18526559311384,37.19033952875812,-121.12248028339474,-172.37314227499056,130.6097199919467,291.73739029200755,78.93479444917135,-129.11309592011756,-13.943218195629358,-43.86261688270811,281.2438248123602,-121.16418278543254,62.95988516771553,-9.09310553054004,195.20782564459122,-48.376972129257304,-67.72667331346085,-31.840635974363554,-67.8321257766918,166.46079627543406,354.4530190516232,269.5616771159514,37.848148836100755,25.004797858708262,-214.20260518557592,3.613267369780184,28.9883009683633,-70.50246849950776,-339.8632922343649,194.6582287815509,-61.113432591455904,107.80323609493698,87.86665284156439,-320.1138502267498,-192.2533095035353,93.4388210310576,116.4781153267395,82.21113101488558,28.34006659839521
-123.9791967281265,-182.17230314307892,80.68577261325918,38.11211475076821,419.19224651719566,285.7848575895606,-90.5468222673359,295.3803647349345,420.4141338443041,-318.46861519441813,-711.5423215723741,-192.43282081591593,314.8177745634938,33.98782584155012,107.03220443475652,-685.7710142640077,295.1651208128372,-153.61451004508365,22.27197348141397,-476.14691298392944,118.07167862358698,164.91790730143418,77.48833221993938,165.41836143768973,-406.012752933563,-864.3015361610018,-657.3510810426222,-92.19561316025234,-60.94284305257591,522.1563150252126,-8.609944278019103,-70.50246849950776,171.93785223925178,828.5907143118121,-474.5485553205751,148.8594674385934,-262.82023187974545,-214.37011922605174,780.7008951834487,468.8149257374975,-227.65436602555667,-284.03418851487373,-200.3290204777756,-69.19680246091825
-598.376621334849,-880.2501617255298,389.7101865026672,184.6495999405654,2021.2292498521333,1379.167017876671,-436.6108779907462,1426.6474982422856,2029.7151005722683,-1537.6601497558493,-3435.423359708212,-928.6400364596306,1519.6681758048892,162.97596620572023,515.9438684054555,-3308.2626805659843,1424.2650937858796,-741.5748976793292,109.6108386137638,-2298.62036657228,569.9439944234473,794.7507764456125,373.45503167525135,797.1629047531407,-1959.4826819175646,-4172.9185101276635,-3173.8315760080354,-444.20155958392326,-294.26055178359985,2519.6176287184066,-40.91086630651353,-339.8632922343649,828.5907143118121,3997.845971786126,-2289.5986275384403,716.8568292266133,-1269.188355303213,-1035.9356630596606,3769.043916816416,2263.1773319684753,-1097.0444042470353,-1370.8220711751026,-966.2075658898169,-334.87344435505895
342.6662984237979,504.14631397987137,-223.12249721689298,-105.74415530958224,-1157.6039944099232,-789.8991259687973,250.06482404078295,-817.0253830094475,-1162.4601321452096,880.6305310515166,1967.4662436283004,531.8104617171874,-870.3268994945884,-93.37691696095219,-295.47963745857254,1894.6564427724372,-815.7190488175975,424.6867610632097,-62.790660850468896,1316.4129499761743,-326.38236903018236,-455.18475498862455,-213.90371671800628,-456.5426629826528,1122.187310255763,2389.9047389476827,1817.692246184627,254.4067709485269,168.52372789020146,-1443.0499856182967,23.50810730228586,194.6582287815509,-474.5485553205751,-2289.5986275384403,1311.3016381088073,-410.60373555713414,726.8804250885189,593.2519031126864,-2158.554865900655,-1296.1426569294624,628.3232955072707,785.0972057738646,553.3668711442483,191.79237408600338
-107.098250351049,-157.16669135937892,69.40323643982539,32.6067054966804,363.2295547061673,247.34601583648166,-78.495573864779,255.0554179530752,363.42618940684815,-275.10748983594624,-614.6371383814894,-166.60446584665223,272.1175709872928,29.68551909094935,92.51464835593644,-593.4961692216526,255.3776591804122,-132.6597408606275,18.66427163969621,-411.32255461702766,102.04056112795858,143.25604987781583,67.28418969785002,143.3891225365958,-350.90988240419875,-746.8321568963232,-567.8731035268146,-80.00856669157837,-52.59690888741816,451.7284731415359,-7.9119130521664545,-61.113432591455904,148.8594674385934,716.8568292266133,-410.60373555713414,129.6067677191479,-226.99378647292284,-184.96793944878837,674.7812869648052,405.0165660263959,-197.40000176905843,-245.51571814060094,-173.39857651237003,-59.55023051396651
190.04325162325918,279.9635649311608,-123.91386885486993,-58.93252139055446,-641.15005307681065,-437.8976832010174,138.5311671722494,-453.41880927529087,-644.8290419383833,488.59097537259703,1091.5349775427455,294.73294174198105,-482.71616909732876,-51.470906002052224,-163.74809614214365,1050.0653001332169,-452.2479966271955,235.5739505666529,-35.523057641771295,730.2858392136314,-180.9981553062563,-251.86662285785408,-118.39138166666977,-252.74907193042776,622.3441263491776,1325.8258779751209,1008.4727289343599,140.76652787050637,93.54946433287483,-800.023651240692,12.724611749822234,107.80323609493698,-262.82023187974545,-1269.188355303213,726.8804250885189,-226.99378647292284,403.38693989027377,329.4037909279192,-1197.3075604011756,-719.0175317347362,347.8338838215968,435.39678427244195,306.64031714994627,106.699683886918
155.22998532127338,228.6902448241326,-101.34990345112347,-48.26260360383024,-523.0606951118473,-357.4531185472138,112.9689127618219,-370.40683048985534,-526.5683824578939,399.00338554603593,891.4541627705107,240.67330711968745,-394.14168382378324,-41.78063241247015,-133.60700334407468,857.1142042399463,-369.04039396307013,192.41765241860497,-29.365318532683222,596.4221171335912,-147.85773389804737,-205.35016192948237,-96.47529250429386,-206.1554374369589,508.1454786561875,1082.6204309790896,823.5279435440227,114.76902065408417,76.36816177473014,-652.9616627687753,10.113430259912978,87.86665284156439,-214.37011922605174,-1035.9356630596606,593.2519031126864,-184.96793944878837,329.4037909279192,269.2586258832117,-977.7574675266216,-587.1036920951959,283.6106882611823,355.43057542603464,250.1555200880103,87.26805820812977
-564.3647346974417,-830.7735758278618,367.8031753576509,174.76106666505672,1904.7252218789504,1300.529208194739,-411.32964835452594,1345.9772382296096,1914.5850946725338,-1450.3974169199546,-3240.6297483673447,-875.4242129914524,1433.2159690475655,153.1248383145035,486.3185122630954,-3118.688481249662,1342.654865029769,-699.5034927939593,104.83701471829406,-2168.1831989262773,537.5856383937405,748.386866821859,351.6688631534487,750.9539640612738,-1847.8858844409556,-3936.162506258228,-2993.887663375631,-418.28768529848816,-277.5672231382674,2375.6287231698443,-38.07596694530944,-320.1138502267498,780.7008951834487,3769.043916816416,-2158.554865900655,674.7812869648052,-1197.3075604011756,-977.7574675266216,3555.04540956768,2134.6200111901894,-1033.2843783423627,-1292.7523867830212,-910.6252156834981,-316.5017352376263
-338.8654448593145,-498.9340002868887,220.90925189696765,104.973613583663,1143.5766082750247,780.8327940193342,-246.9975160617145,808.263350766858,1149.5893737969013,-871.0166322317654,-1945.9782143644807,-525.5777551948715,860.6166130043703,91.93638170260334,292.064583873827,-1872.565884275997,806.315490069986,-420.048889430483,62.96931817549475,-1301.9761409753582,322.744279277177,449.3084424930495,211.1689568537943,450.8973249980063,-1109.6193372336274,-2363.6349154629997,-1797.8335348454777,-251.15748112885484,-166.71840958020715,1426.4864111990735,-22.777613780448128,-192.2533095035353,468.8149257374975,2263.1773319684753,-1296.1426569294624,405.0165660263959,-719.0175317347362,-587.1036920951959,2134.6200111901894,1281.8980214016226,-620.475788860033,-776.3256276491505,-546.8358265201117,-190.0435588934994
164.04189616404247,241.0384284858568,-106.6471255934619,-50.257734698173365,-555.142433433372,-378.3343668527699,119.99935565599743,-390.90447448369883,-556.413615523896,421.5312009209021,941.6379413735605,254.87147583339117,-416.7125386855323,-45.056191504577775,-141.6256398040743,907.9865016963886,-390.91980694435205,203.2635799248262,-29.223137590419,630.1098007556085,-156.21688582383783,-218.63750656677297,-102.7307296563837,-219.0960847022553,537.3686728456395,1143.9277507250308,869.9499662402084,122.19229648054574,80.64920175971282,-691.3139965014852,11.567077424138088,93.4388210310576,-227.65436602555667,-1097.0444042470353,628.3232955072707,-197.40000176905843,347.8338838215968,283.6106882611823,-1033.2843783423627,-620.475788860033,301.656136513295,375.9495948865385,265.28946746884486,91.43322278014165
205.20830770571465,302.08814097591767,-133.6943333845874,-63.53396978080871,-692.8657718353288,-473.01320044698866,149.60209876275417,-489.40886671240446,-696.2347732038679,527.4641184457591,1178.4385514559888,318.2984304539279,-521.2070732500375,-55.82549355190493,-176.92895212858298,1134.2438960478605,-488.358949416519,254.38309073313874,-37.96842226174805,788.444813712712,-195.45900905861959,-272.27423243128436,-127.98269154904412,-273.21913733983706,672.006260115263,1431.4457536300922,1088.759424340694,152.19503308117524,100.94457855608245,-864.0407935505145,13.94443264584304,116.4781153267395,-284.03418851487373,-1370.8220711751026,785.0972057738646,-245.51571814060094,435.39678427244195,355.43057542603464,-1292.7523867830212,-776.3256276491505,375.9495948865385,470.2322776753101,331.2711338493927,115.02979069991308
144.56359916281235,212.61759925519365,-94.10202774686242,-44.52895686707234,-488.6612678082486,-333.2839680082515,105.57183453867373,-344.6241514759291,-490.3719749055783,371.49901960310814,829.9920009817411,224.39788970254858,-367.1956415821076,-39.500098646475216,-124.72802591835749,799.5382639796836,-344.24839208096984,179.15637707663006,-26.266809014643645,555.333486529115,-137.69968458751492,-192.19970122301228,-90.34461509282147,-192.7529331579822,473.4656835497033,1008.2303275229764,766.8187956496339,107.43311021736756,71.09978366346931,-608.9456804350532,10.022392323845116,82.21113101488558,-200.3290204777756,-966.2075658898169,553.3668711442483,-173.39857651237003,306.64031714994627,250.1555200880103,-910.6252156834981,-546.8358265201117,265.28946746884486,331.2711338493927,233.60904684803384,80.83005980890272
50.227411369863425,74.16673983322995,-32.811819798194094,-15.790390457296498,-168.9426009431855,-115.67783718451409,36.44768319868469,-119.94935538023796,-170.51791873599223,129.1470869543662,288.6248901482749,77.69922387500748,-127.54757195776057,-13.451223741077374,-43.201073834045545,276.9775774687131,-119.26376188775576,62.27395700652053,-9.883772817501642,193.06014567255102,-47.85825045636426,-66.13720605205623,-31.105666536740255,-66.50745176085165,164.39262209341365,350.5423230686009,266.6868407993351,36.96134005454061,24.72934677493248,-211.17893300217656,3.234358977747096,28.34006659839521,-69.19680246091825,-334.87344435505895,191.79237408600338,-59.55023051396651,106.699683886918,87.26805820812977,-316.5017352376263,-190.0435588934994,91.43322278014165,115.02979069991308,80.83005980890272,28.462621594905713
