V1,V2,V3,V4,V5,V6,V7,V8,V9,V10,V11,V12,V13,V14,V15,V16,V17,V18,V19,V20,V21,V22,V23,V24,V25,V26,V27,V28,V29,V30,V31,V32,V33,V34,V35,V36,V37,V38,V39,V40,V41,V42,V43,V44
0.07977331677730619,0.03262276133385225,-0.07199735798921537,0.02064013053778519,-0.15808110456202978,-0.030850680250711512,0.061150211770927644,-0.1211226220409102,-0.06560664356942847,0.061519835470908335,0.32769172151851705,0.06781052209449477,-0.1400863283968554,0.08861180217413113,-0.01586925065041745,0.15094476299049392,-0.023366083507609922,0.07509072218683327,-0.0962542040132923,0.10680843638007458,-0.09393315319700242,0.049663110623795886,-0.023069358335736465,-0.00462545452069778,0.11099938289331639,0.3377992717117991,0.2701483859335798,0.01375328778252226,0.015762126774947788,-0.19477082663316475,0.01850657633155173,0.033954210763389885,0.017824132341176094,-0.25824318279114233,0.1501662868721352,0.10291537642076207,0.13224936333768497,0.10890197883697565,-0.30924482514759977,-0.1954846270885024,-0.005392683780644016,0.0751488679527022,0.12473316614728264,0.07950533830440099
0.03262276133385225,0.8364178509559435,-0.3673894088830142,-0.8135010762109796,2.066969543282876,0.2674134475280879,-0.563879085730271,-0.6446213259637723,-0.5190497524150589,0.5586494038395519,0.767268923564344,-0.4607283292902393,-0.023686530896459064,0.5238357667320526,0.201466255251378,-1.3361173277539213,0.3754191317392702,0.18465005297485515,-1.457746418276942,0.7087297940913286,0.10881370918794982,1.2169233706607152,0.6841633474466965,0.9103707856482282,0.11128460481757686,0.7898343240980408,0.76232716264686,-0.717656616392887,0.14032705578681043,0.7952523924089798,-0.898364466823606,-0.5186235723453889,0.5565467623999734,1.4386000012759261,-0.8452060294996954,1.4149714055366205,0.35499173075343726,0.8603972657581517,-0.3853397113999283,-0.3325270591806563,-1.278250595115182,-0.023733208448607233,-0.8709835176573123,0.603907333376136
-0.07199735798921537,-0.3673894088830142,0.5385283050637446,0.436746747396997,-1.09195698008842,-0.40740009626737883,0.2748032501511862,0.43761256406957855,-0.15686401209252523,-0.026158665879591182,-0.6779805940102193,0.37341213946859025,-0.03960369603795309,-0.6541943420424501,-0.1242499075271163,1.4311710082134361,-0.5982094847372268,-0.09297401883422192,1.12904211809379,-0.08822613562252961,0.2372911090777565,-1.155886068184489,-0.35652569871124684,-0.6771678297708293,0.2116222948528202,-0.35979902104710576,-0.5071604665068272,0.5388396211223229,-0.07425011936795158,-0.597497330516393,0.5075923655398553,0.19473561851765536,-0.807699107300785,-1.088987063174532,0.7400160926603474,-1.536050212848046,-0.4053960784374337,-0.6089679723303598,0.18937902984231578,0.2760603223695235,1.3320199055458586,0.002831639393695977,0.15281673915418464,-0.619602141541787
0.02064013053778519,-0.8135010762109796,0.436746747396997,0.8981824368830867,-2.4276933436386674,-0.44250050945405417,0.6788763962318123,0.5831902730588856,0.29978602832945894,-0.40631951831615315,-0.5516362332770584,0.625176292736438,-0.15298177183517211,-0.6362241991705717,-0.26126185156930753,1.9247396600625706,-0.6371161410896349,-0.1261418582256304,1.6372029784143862,-0.49972473374070703,-0.10843342984127005,-1.4883846325249712,-0.7761750784459965,-1.0865884119769487,0.13082299509846748,-0.4300882343321205,-0.5368106135092937,0.8562165969779771,-0.11773977827409497,-1.16600671013328,0.9965181311880942,0.5854125283655414,-0.7941153091197737,-2.021492800431444,1.213379716486913,-1.7429334683309452,-0.2967723406036661,-0.8643892027417158,0.04980971829359565,0.15821178829427804,1.645737110083427,0.13202313462263465,0.983059238789061,-0.6833446715463661
-0.15808110456202978,2.066969543282876,-1.09195698008842,-2.4276933436386674,8.140802665353004,2.02810422869566,-2.0432830402700883,-1.2543893565737052,-0.09937110424513962,0.6904448727864729,0.5362095792357915,-2.1075770823586226,0.8047201866507615,2.184543761887253,1.084494071431716,-6.8571963048372995,2.4220296871205735,0.2059813028431133,-5.037206285549174,0.6337275892346638,0.5783243838046773,4.881880914346482,2.523165898272475,3.701963986708132,-1.0133208370457703,-0.005243524591255674,0.5596088490960192,-2.7149478192198857,0.25188286732334086,4.234463125968235,-2.9560082475725857,-1.915689734929657,2.6158349047743985,7.476424388254271,-4.331215029562935,5.661948286315131,0.4589133134738188,2.2741993310675777,1.0914269905636533,0.2722522743134343,-5.179839388924881,-1.0662259263507416,-3.3435829038947076,1.9422827547894355
-0.030850680250711512,0.2674134475280879,-0.40740009626737883,-0.44250050945405417,2.02810422869566,0.8733250151286949,-0.42401228080366377,-0.164827573875624,0.5668900143896817,-0.23239854851751307,-0.07567453812785321,-0.6303311076183719,0.33510778469547997,0.8300123300782236,0.3474339253624443,-2.364231799331491,0.9816056936270344,-0.020239030034404082,-1.3678395994081471,-0.3729657365101422,-0.0014468912755408207,1.5583099225922354,0.5967891410722138,1.0898038411077993,-0.6307495529602818,-0.49656186205031905,-0.16723578541060574,-0.7409048591041499,0.016270323854833787,1.2882005598042257,-0.639747661459101,-0.3961646851067421,1.0170252425028263,2.316789566011864,-1.3765687608439212,1.9201784017376236,0.1103768289504984,0.48033930654343576,0.6766632669336858,0.24898038344974674,-1.6706437908744076,-0.4522243957273358,-0.6234520871421909,0.5889808749998198
0.061150211770927644,-0.563879085730271,0.2748032501511862,0.6788763962318123,-2.0432830402700883,-0.42401228080366377,0.5669971476440371,0.33630058126942397,0.11630065104213376,-0.2251334973989829,-0.1434093440266654,0.5403752866215077,-0.2253023758427016,-0.47787189204983194,-0.24530320739857814,1.677425140079016,-0.5755583945831106,-0.0494363696818084,1.2391002950686163,-0.2361226132591665,-0.15457809390389926,-1.1736875968899207,-0.6353934028764248,-0.8875542073301426,0.22666912461497732,-0.02737189104148484,-0.164566616978543,0.6823618848231631,-0.06403834610140459,-1.0812607038814406,0.7765109933328485,0.49652672432267897,-0.6308844384623031,-1.8484100712708296,1.0889384732121414,-1.3417633639531867,-0.10559267891402646,-0.5818270552976704,-0.2431091645092234,-0.05779355122831072,1.296447504890263,0.20897108914274343,0.871548111633083,-0.47606535413967127
-0.1211226220409102,-0.6446213259637723,0.43761256406957855,0.5831902730588856,-1.2543893565737052,-0.164827573875624,0.33630058126942397,0.6500382310103536,0.39808534452596117,-0.4487201780295071,-1.0317898341043845,0.27123515543539234,0.17250632323192494,-0.5283360174657536,-0.10535902218807566,0.8853719960953551,-0.28791024795599013,-0.2194533594549063,1.2081155750241521,-0.6210952764684226,0.10395957924770143,-1.000149315971036,-0.4473880158836338,-0.6502630659141848,-0.17869847205460895,-0.9955452702537997,-0.9258252325786835,0.523916386568638,-0.12660151550418713,-0.35712489463607583,0.6424299268308667,0.30468990312748023,-0.5147830603176219,-0.7287599872842425,0.46633532915535336,-1.2664920904051233,-0.4729060211111853,-0.7880519466279226,0.6784491698872881,0.5231316167279316,1.0482799469060056,-0.12179445633264184,0.39134293056962105,-0.5875996538663952
-0.06560664356942847,-0.5190497524150589,-0.15686401209252523,0.29978602832945894,-0.09937110424513962,0.5668900143896817,0.11630065104213376,0.39808534452596117,1.0815607495806872,-0.7817507533777904,-0.6790306774285891,-0.19430252634036735,0.36660461060865357,0.3336446554188042,0.10204172039904348,-1.114229112446541,0.6301914681610812,-0.2035373291392278,0.031968334759219896,-1.0311041958724176,-0.1971999869030321,0.399103628927269,-0.10610107386977567,0.1644753374279946,-0.7456262280355075,-1.1897422236198703,-0.8037499385201218,-0.05820406550280547,-0.10572077902912776,0.49903798659217846,0.21851327288654743,0.15630780438785588,0.5603041459671974,0.8337351252088319,-0.5586972928364072,0.628137802357171,-0.14907887325647584,-0.3096760866485319,0.9604374089071923,0.48374850082682835,-0.5468522441672923,-0.33005472910896505,0.3461101381738249,0.06590533112482304
0.061519835470908335,0.5586494038395519,-0.026158665879591182,-0.40631951831615315,0.6904448727864729,-0.23239854851751307,-0.2251334973989829,-0.4487201780295071,-0.7817507533777904,0.6534164939559113,0.670320192022462,-0.00691269392480622,-0.24743139212199736,-0.011894029406877577,0.007468017635007213,0.27418682012447265,-0.27540395718567323,0.19343190400990667,-0.46843828783244923,0.8292679665844128,0.15257555213380455,0.1380661674730345,0.2659850851191552,0.18345731757422093,0.4868946043275927,0.9828575332140924,0.7319627207630394,-0.17169356257618054,0.10599964189952972,-0.07653065652367351,-0.41341289194717257,-0.2451644175033519,-0.1671598366829057,-0.08890101166926863,0.09805331089365073,0.08438427934950067,0.20642992567404203,0.4550764699584425,-0.7037544970867027,-0.416291005785336,-0.0394504384894296,0.19094684196788508,-0.4561837596282878,0.13646951493285783
0.32769172151851705,0.767268923564344,-0.6779805940102193,-0.5516362332770584,0.5362095792357915,-0.07567453812785321,-0.1434093440266654,-1.0317898341043845,-0.6790306774285891,0.670320192022462,2.0675076364430915,-0.03328575926005408,-0.5818526736820714,0.6671898783600905,-0.026696244492310093,-0.24067886040916928,0.09523833004789481,0.41943047034063347,-1.3349706130294334,1.0294513413579267,-0.41925055778396125,0.9697609373277711,0.2967760780174361,0.48431666054820793,0.568786285467017,2.0599230664609416,1.794042613514681,-0.42768806613632715,0.1911086081083478,-0.32321114156239134,-0.5547288941298436,-0.13082557820440197,0.5074692659846293,-0.3049991817640635,0.09115934686313208,1.3826750217144708,0.9050154021481837,1.0822051128481422,-1.688618910011235,-1.1693298068093183,-0.9805179535999807,0.472255463563004,0.09534189222141368,0.7947383417508345
0.06781052209449477,-0.4607283292902393,0.37341213946859025,0.625176292736438,-2.1075770823586226,-0.6303311076183719,0.5403752866215077,0.27123515543539234,-0.19430252634036735,-0.00691269392480622,-0.03328575926005408,0.6353755925369861,-0.31840878980203496,-0.636398815764821,-0.28457767001179507,2.1158625347736297,-0.7987463717651012,0.0056111521742634165,1.3400244978810796,0.03753634876261043,-0.06662888435642042,-1.4083793382768368,-0.6362964866339438,-1.0057942530758377,0.44226945397451317,0.24578033599222207,-0.009722359635626223,0.7533447463847542,-0.05042521525465001,-1.2521297761924122,0.7520023198863653,0.4648425288968546,-0.8673402960640192,-2.164114962577249,1.3045320849002608,-1.671080446951478,-0.12353787948518273,-0.5614061299540573,-0.47052293156790803,-0.16014814440182853,1.5779022324501126,0.3041461031982207,0.7736150761285965,-0.5654568326342303
-0.1400863283968554,-0.023686530896459064,-0.03960369603795309,-0.15298177183517211,0.8047201866507615,0.33510778469547997,-0.2253023758427016,0.17250632323192494,0.36660461060865357,-0.24743139212199736,-0.5818526736820714,-0.31840878980203496,0.3640384941329091,0.13042294786053973,0.12690821056674087,-1.0543677431660186,0.40785416900598076,-0.14306106732433105,-0.25494156483888397,-0.37436019605872595,0.10534244635330044,0.4256107681629279,0.19638924271221722,0.33120846170162177,-0.43858257483633195,-0.7840887766066046,-0.5383261954557923,-0.24944249309222657,-0.03437674042416395,0.7403282326251578,-0.1986133426613184,-0.15568864532024412,0.3456783568531277,1.162064035415527,-0.7042742972809876,0.4704337952028429,-0.1840472389350612,-0.050647634811630635,0.7576794578266304,0.41892025648670567,-0.5685205332421034,-0.25841646792192957,-0.3301399643018957,0.06890255927641852
0.08861180217413113,0.5238357667320526,-0.6541943420424501,-0.6362241991705717,2.184543761887253,0.8300123300782236,-0.47787189204983194,-0.5283360174657536,0.3336446554188042,-0.011894029406877577,0.6671898783600905,-0.636398815764821,0.13042294786053973,1.0702385204973361,0.33345502871748073,-2.454587794751827,1.0363246959406625,0.13108646356151077,-1.8478798731252095,-0.018883855424937833,-0.16622828484391286,1.9001553047708994,0.6985885193770819,1.2493914882670012,-0.4377129441662491,0.23022062693435077,0.4682494797993315,-0.8939774561260575,0.07965532783964152,1.1723104503921193,-0.8256636117518942,-0.4413876631208641,1.2058506299548832,2.2048504606894945,-1.3439492922951914,2.415967858249716,0.42949930312290324,0.8634487853541235,0.06799510488618771,-0.17012125095438038,-2.032981334221928,-0.2777814138316086,-0.5747986288510252,0.8821340820077316
-0.01586925065041745,0.201466255251378,-0.1242499075271163,-0.26126185156930753,1.084494071431716,0.3474339253624443,-0.24530320739857814,-0.10535902218807566,0.10204172039904348,0.007468017635007213,-0.026696244492310093,-0.28457767001179507,0.12690821056674087,0.33345502871748073,0.17489580436495536,-0.9910839508464175,0.3878311832689033,0.01688381622540319,-0.6650969533079519,-0.03985129518396742,0.07875976158676756,0.6846428798799015,0.33223499511793353,0.5225420354991238,-0.2052695313397368,-0.12879620069103886,-0.03132108329186759,-0.35422424824219273,0.014221649402879163,0.5969107755457156,-0.3517937715326747,-0.24954325198062421,0.37649305963874796,1.083385417316943,-0.6129178444185888,0.7947722033935214,0.02100204651206958,0.2553667928862403,0.2539780999407293,0.10543683883866498,-0.6955465126776148,-0.21213665563194967,-0.43549790158630874,0.2453840242091337
0.15094476299049392,-1.3361173277539213,1.4311710082134361,1.9247396600625706,-6.8571963048372995,-2.364231799331491,1.677425140079016,0.8853719960953551,-1.114229112446541,0.27418682012447265,-0.24067886040916928,2.1158625347736297,-1.0543677431660186,-2.454587794751827,-0.9910839508464175,7.4748745709376845,-2.965544663533912,0.003017530143183463,4.647808729614412,0.4875781469055378,-0.016765737017479392,-4.993248536787023,-2.0695545514138125,-3.4644315035318,1.706692023889841,0.9582403099842176,-0.002733449891640277,2.551491498066052,-0.14182408386519535,-4.207550616515736,2.4071550998301916,1.438958632965494,-3.2108495560793653,-7.362367392704095,4.457639185180033,-6.095332597613371,-0.5199092717098441,-1.8828362786699169,-1.6455418842864837,-0.4929435957854518,5.585091680878631,1.0988749913633429,2.2769428826805176,-2.046965876185928
-0.023366083507609922,0.3754191317392702,-0.5982094847372268,-0.6371161410896349,2.4220296871205735,0.9816056936270344,-0.5755583945831106,-0.28791024795599013,0.6301914681610812,-0.27540395718567323,0.09523833004789481,-0.7987463717651012,0.40785416900598076,1.0363246959406625,0.3878311832689033,-2.965544663533912,1.2759316115387223,-0.0045991386936900976,-1.7836056399633036,-0.38326524247962457,-0.10065787599659941,1.984945322178611,0.7365895844588685,1.32400907448694,-0.7625465029971605,-0.46868520551104753,-0.05685990569114162,-0.9566557241423039,0.023569646922328956,1.5838490494245552,-0.8175575791453245,-0.49068241972310267,1.3421366123592515,2.813769206830132,-1.7163241865491898,2.4617882356458582,0.21277609060561398,0.6817514704164935,0.6677479192456223,0.20868455861457327,-2.2224725968085206,-0.45225909593538727,-0.7061660829041172,0.826082780999667
0.07509072218683327,0.18465005297485515,-0.09297401883422192,-0.1261418582256304,0.2059813028431133,-0.020239030034404082,-0.0494363696818084,-0.2194533594549063,-0.2035373291392278,0.19343190400990667,0.41943047034063347,0.0056111521742634165,-0.14306106732433105,0.13108646356151077,0.01688381622540319,0.003017530143183463,-0.0045991386936900976,0.11061889913454503,-0.301066066563662,0.2614486198481114,-0.03349196070649862,0.190418110223876,0.09623617467418048,0.12475189259515576,0.1560528762098555,0.4682795572993515,0.378838831973817,-0.08830916999854302,0.035746081416345526,-0.06557694410826637,-0.1400277108598485,-0.06677792772276016,0.050819129082139564,-0.04032578172110881,0.03397576903530457,0.24771920259000735,0.15756859517016863,0.23432139954094486,-0.3641720796931494,-0.23790846188156548,-0.14539519136050053,0.07264628223326117,-0.06981975894673827,0.1397870927604665
-0.0962542040132923,-1.457746418276942,1.12904211809379,1.6372029784143862,-5.037206285549174,-1.3678395994081471,1.2391002950686163,1.2081155750241521,0.031968334759219896,-0.46843828783244923,-1.3349706130294334,1.3400244978810796,-0.25494156483888397,-1.8478798731252095,-0.6650969533079519,4.647808729614412,-1.7836056399633036,-0.301066066563662,3.8028724209451092,-0.5688660769835545,0.029088725228581632,-3.658813276926317,-1.6258275787857885,-2.547421613146339,0.5567198856264289,-0.7959214249107035,-1.1197055535264924,1.8927727375832817,-0.2166113008857142,-2.4807457107601016,1.9652336034877251,1.1477317186324298,-2.1005539080707676,-4.551823465754882,2.71954287913939,-4.463048443026713,-0.7724618797021576,-1.8874030019459596,0.04055305325171838,0.3652386006410671,3.906653600489317,0.4745233195057057,1.749094940660559,-1.6878945657320417
0.10680843638007458,0.7087297940913286,-0.08822613562252961,-0.49972473374070703,0.6337275892346638,-0.3729657365101422,-0.2361226132591665,-0.6210952764684226,-1.0311041958724176,0.8292679665844128,1.0294513413579267,0.03753634876261043,-0.37436019605872595,-0.018883855424937833,-0.03985129518396742,0.4875781469055378,-0.38326524247962457,0.2614486198481114,-0.5688660769835545,1.106944931725543,0.10297769646445182,0.13207421179266446,0.27968845945097526,0.15806897025920033,0.6775948509745593,1.4099861928657582,1.0742761699047985,-0.18922270086384432,0.14717655728981421,-0.24486227835523522,-0.46778697602810665,-0.24993629760854327,-0.20797816925511117,-0.3554411584423079,0.24154304536687593,0.08744602687039786,0.3481773597516203,0.6074251535394889,-1.0802839175060055,-0.6399276896537255,-0.04202130964254679,0.3275030904646653,-0.43109266694831816,0.21736749407560632
-0.09393315319700242,0.10881370918794982,0.2372911090777565,-0.10843342984127005,0.5783243838046773,-0.0014468912755408207,-0.15457809390389926,0.10395957924770143,-0.1971999869030321,0.15257555213380455,-0.41925055778396125,-0.06662888435642042,0.10534244635330044,-0.16622828484391286,0.07875976158676756,-0.016765737017479392,-0.10065787599659941,-0.03349196070649862,0.029088725228581632,0.10297769646445182,0.3094088002366776,-0.09871518891154553,0.16079209356768087,0.09357077506654628,0.0256153510599412,-0.24228980748509382,-0.27127246388592297,-0.04418872444862373,-0.005434052566372193,0.26003457337436947,-0.1429859109570761,-0.1834837290545757,-0.21318338051093144,0.4061895214982513,-0.15172571589840708,-0.2692344646906535,-0.2341109771732623,-0.07396109380871721,0.31351389510212146,0.24149551602937647,0.17806718429205345,-0.1557953564757134,-0.4843387768659279,-0.16483968916558892
0.049663110623795886,1.2169233706607152,-1.155886068184489,-1.4883846325249712,4.881880914346482,1.5583099225922354,-1.1736875968899207,-1.000149315971036,0.399103628927269,0.1380661674730345,0.9697609373277711,-1.4083793382768368,0.4256107681629279,1.9001553047708994,0.6846428798799015,-4.993248536787023,1.984945322178611,0.190418110223876,-3.658813276926317,0.13207421179266446,-0.09871518891154553,3.716251272862292,1.5377529939021615,2.5426555104720068,-0.8557731323641066,0.24661058710617562,0.7298611380524871,-1.86690623106435,0.16736902882685326,2.645713644831025,-1.8323204181244273,-1.0582577798996293,2.2716199889828257,4.796124192159128,-2.900289523798328,4.567253758328216,0.6766762112163224,1.6984468012171874,0.39184151515972326,-0.12451917442009768,-4.027069085510485,-0.592762272987889,-1.5782099474350366,1.654524770162489
-0.023069358335736465,0.6841633474466965,-0.35652569871124684,-0.7761750784459965,2.523165898272475,0.5967891410722138,-0.6353934028764248,-0.4473880158836338,-0.10610107386977567,0.2659850851191552,0.2967760780174361,-0.6362964866339438,0.19638924271221722,0.6985885193770819,0.33223499511793353,-2.0695545514138125,0.7365895844588685,0.09623617467418048,-1.6258275787857885,0.27968845945097526,0.16079209356768087,1.5377529939021615,0.7982004750315642,1.1589189736867518,-0.253252024008044,0.15163763822305398,0.2926584378360175,-0.8543366106766486,0.08802970153585693,1.257256761891752,-0.9324893432590802,-0.604994108747388,0.8051444806072022,2.251032290058269,-1.2992375643773455,1.7863494833085645,0.18848141850235056,0.7647025908837561,0.20422629391301594,0.008610598934048495,-1.618114665535381,-0.3013230474776787,-1.0380644327433928,0.6395623346226124
-0.00462545452069778,0.9103707856482282,-0.6771678297708293,-1.0865884119769487,3.701963986708132,1.0898038411077993,-0.8875542073301426,-0.6502630659141848,0.1644753374279946,0.18345731757422093,0.48431666054820793,-1.0057942530758377,0.33120846170162177,1.2493914882670012,0.5225420354991238,-3.4644315035318,1.32400907448694,0.12475189259515576,-2.547421613146339,0.15806897025920033,0.09357077506654628,2.5426555104720068,1.1589189736867518,1.829676459722065,-0.566420504556908,0.08064363998062764,0.39173518555710685,-1.322701271621237,0.11616953254157736,1.9553658121565882,-1.3449903469636342,-0.8319688407911474,1.4635477247811421,3.53313859304516,-2.0800580517017355,3.046850708510473,0.3596811826518356,1.1529351757404653,0.4071483541279673,0.024200299754791064,-2.7024185651176644,-0.5013798098602111,-1.3528018494736667,1.0717028338130123
0.11099938289331639,0.11128460481757686,0.2116222948528202,0.13082299509846748,-1.0133208370457703,-0.6307495529602818,0.22666912461497732,-0.17869847205460895,-0.7456262280355075,0.4868946043275927,0.568786285467017,0.44226945397451317,-0.43858257483633195,-0.4377129441662491,-0.2052695313397368,1.706692023889841,-0.7625465029971605,0.1560528762098555,0.5567198856264289,0.6775948509745593,0.0256153510599412,-0.8557731323641066,-0.253252024008044,-0.566420504556908,0.7014037019373238,0.9967079742801962,0.6206512939938125,0.39046669075784796,0.05407431743356428,-0.9844386877638199,0.22934454806998447,0.15393855665966172,-0.7114671100862339,-1.6445375861236038,1.0140518507936374,-1.071064296220807,0.11705156724870315,-0.017236881159194768,-0.9478124858091532,-0.47228075473785597,1.0421590029146852,0.3815833723208283,0.24546148092106226,-0.2536563877178881
0.3377992717117991,0.7898343240980408,-0.35979902104710576,-0.4300882343321205,-0.005243524591255674,-0.49656186205031905,-0.02737189104148484,-0.9955452702537997,-1.1897422236198703,0.9828575332140924,2.0599230664609416,0.24578033599222207,-0.7840887766066046,0.23022062693435077,-0.12879620069103886,0.9582403099842176,-0.46868520551104753,0.4682795572993515,-0.7959214249107035,1.4099861928657582,-0.24228980748509382,0.24661058710617562,0.15163763822305398,0.08064363998062764,0.9967079742801962,2.428229765203187,1.9141465809993168,-0.1257561591893237,0.20051029881028376,-0.8741572489226657,-0.3815837171826293,-0.08787376710208089,-0.11970939153225388,-1.246732779386806,0.7221426600160031,0.39167291246379227,0.7890380772281497,0.9232669890287053,-2.037255937629198,-1.2635046388996745,-0.08034308548242163,0.6175863072421903,0.06846555528276915,0.46838101139880706
0.2701483859335798,0.76232716264686,-0.5071604665068272,-0.5368106135092937,0.5596088490960192,-0.16723578541060574,-0.164566616978543,-0.9258252325786835,-0.8037499385201218,0.7319627207630394,1.794042613514681,-0.009722359635626223,-0.5383261954557923,0.4682494797993315,-0.03132108329186759,-0.002733449891640277,-0.05685990569114162,0.378838831973817,-1.1197055535264924,1.0742761699047985,-0.27127246388592297,0.7298611380524871,0.2926584378360175,0.39173518555710685,0.6206512939938125,1.9141465809993168,1.6163285131656133,-0.35782021041055073,0.18238828306057206,-0.32460869982988444,-0.529342379946767,-0.16634693518592877,0.29271190082272336,-0.34823076664653113,0.1525053380070181,1.0052643384525464,0.7564521153232229,0.9575817574945868,-1.547471056247143,-1.0321066209745136,-0.699663050102459,0.43681582659304913,-0.05515272892361853,0.6323040347823842
0.01375328778252226,-0.717656616392887,0.5388396211223229,0.8562165969779771,-2.7149478192198857,-0.7409048591041499,0.6823618848231631,0.523916386568638,-0.05820406550280547,-0.17169356257618054,-0.42768806613632715,0.7533447463847542,-0.24944249309222657,-0.8939774561260575,-0.35422424824219273,2.551491498066052,-0.9566557241423039,-0.08830916999854302,1.8927727375832817,-0.18922270086384432,-0.04418872444862373,-1.86690623106435,-0.8543366106766486,-1.322701271621237,0.39046669075784796,-0.1257561591893237,-0.35782021041055073,0.9953038011489757,-0.10083185073087451,-1.4423118358686027,1.0228861972634284,0.6135274317244057,-1.0919192579345132,-2.569147923113882,1.5373381526601226,-2.2484008518705503,-0.3021683435443095,-0.8883248302164614,-0.23344405519077518,0.029422187330893256,2.040256745375705,0.30696625490936913,0.9834562319575567,-0.8219329443628934
0.015762126774947788,0.14032705578681043,-0.07425011936795158,-0.11773977827409497,0.25188286732334086,0.016270323854833787,-0.06403834610140459,-0.12660151550418713,-0.10572077902912776,0.10599964189952972,0.1911086081083478,-0.05042521525465001,-0.03437674042416395,0.07965532783964152,0.014221649402879163,-0.14182408386519535,0.023569646922328956,0.035746081416345526,-0.2166113008857142,0.14717655728981421,-0.005434052566372193,0.16736902882685326,0.08802970153585693,0.11616953254157736,0.05407431743356428,0.20051029881028376,0.18238828306057206,-0.10083185073087451,0.033426814923995,0.06165186559523004,-0.1284189970236697,-0.06048681532448099,0.07475499902467829,0.12456708523408011,-0.07921068319960993,0.20972309497375005,0.09171371809959965,0.1499672025129071,-0.1345482594739624,-0.10196971960385805,-0.1781804570493016,0.027765493736351687,-0.08923406462530414,0.10554552443980693
-0.19477082663316475,0.7952523924089798,-0.597497330516393,-1.16600671013328,4.234463125968235,1.2882005598042257,-1.0812607038814406,-0.35712489463607583,0.49903798659217846,-0.07653065652367351,-0.32321114156239134,-1.2521297761924122,0.7403282326251578,1.1723104503921193,0.5969107755457156,-4.207550616515736,1.5838490494245552,-0.06557694410826637,-2.4807457107601016,-0.24486227835523522,0.26003457337436947,2.645713644831025,1.257256761891752,1.9553658121565882,-0.9844386877638199,-0.8741572489226657,-0.32460869982988444,-1.4423118358686027,0.06165186559523004,2.6092779832655504,-1.4407818429103831,-0.938300261290527,1.6190773788468462,4.462247002753058,-2.6454494023145596,3.1034119144311947,0.05248459217159338,0.9312950081695309,1.2769679460294505,0.5380964443231533,-2.9652323980784354,-0.7270544137127531,-1.6467260528338996,0.973949067377388
0.01850657633155173,-0.898364466823606,0.5075923655398553,0.9965181311880942,-2.9560082475725857,-0.639747661459101,0.7765109933328485,0.6424299268308667,0.21851327288654743,-0.41341289194717257,-0.5547288941298436,0.7520023198863653,-0.1986133426613184,-0.8256636117518942,-0.3517937715326747,2.4071550998301916,-0.8175575791453245,-0.1400277108598485,1.9652336034877251,-0.46778697602810665,-0.1429859109570761,-1.8323204181244273,-0.9324893432590802,-1.3449903469636342,0.22934454806998447,-0.3815837171826293,-0.529342379946767,1.0228861972634284,-0.1284189970236697,-1.4407818429103831,1.1721738513216737,0.7014547046709265,-0.9804441481452617,-2.53327535831956,1.499790253703153,-2.1649158382340645,-0.3168542346200792,-0.994902729757737,-0.07277347944337573,0.12388463459061468,1.969944646426311,0.23894629796179548,1.1744163046017122,-0.8017859105233578
0.033954210763389885,-0.5186235723453889,0.19473561851765536,0.5854125283655414,-1.915689734929657,-0.3961646851067421,0.49652672432267897,0.30468990312748023,0.15630780438785588,-0.2451644175033519,-0.13082557820440197,0.4648425288968546,-0.15568864532024412,-0.4413876631208641,-0.24954325198062421,1.438958632965494,-0.49068241972310267,-0.06677792772276016,1.1477317186324298,-0.24993629760854327,-0.1834837290545757,-1.0582577798996293,-0.604994108747388,-0.8319688407911474,0.15393855665966172,-0.08787376710208089,-0.16634693518592877,0.6135274317244057,-0.06048681532448099,-0.938300261290527,0.7014547046709265,0.4838479081656022,-0.5083659413582458,-1.6651851090961836,0.9435164674272044,-1.1840366202393198,-0.07815659668717022,-0.5376852722382252,-0.1839465934512633,-0.05037040972798556,1.092939442516417,0.2312945746463495,0.8567482906903069,-0.4147422706022621
0.017824132341176094,0.5565467623999734,-0.807699107300785,-0.7941153091197737,2.6158349047743985,1.0170252425028263,-0.6308844384623031,-0.5147830603176219,0.5603041459671974,-0.1671598366829057,0.5074692659846293,-0.8673402960640192,0.3456783568531277,1.2058506299548832,0.37649305963874796,-3.2108495560793653,1.3421366123592515,0.050819129082139564,-2.1005539080707676,-0.20797816925511117,-0.21318338051093144,2.2716199889828257,0.8051444806072022,1.4635477247811421,-0.7114671100862339,-0.11970939153225388,0.29271190082272336,-1.0919192579345132,0.07475499902467829,1.6190773788468462,-0.9804441481452617,-0.5083659413582458,1.547031222330734,2.880901906226177,-1.8087855767204768,2.8780976506991944,0.43109069536066735,0.9254572075676424,0.39727011212792246,-0.018916022388845266,-2.5708356684946128,-0.3440190041826256,-0.6656360973971266,1.031056859061596
-0.25824318279114233,1.4386000012759261,-1.088987063174532,-2.021492800431444,7.476424388254271,2.316789566011864,-1.8484100712708296,-0.7287599872842425,0.8337351252088319,-0.08890101166926863,-0.3049991817640635,-2.164114962577249,1.162064035415527,2.2048504606894945,1.083385417316943,-7.362367392704095,2.813769206830132,-0.04032578172110881,-4.551823465754882,-0.3554411584423079,0.4061895214982513,4.796124192159128,2.251032290058269,3.53313859304516,-1.6445375861236038,-1.246732779386806,-0.34823076664653113,-2.569147923113882,0.12456708523408011,4.462247002753058,-2.53327535831956,-1.6651851090961836,2.880901906226177,7.772440576206768,-4.57604510198593,5.646896764383197,0.19937534349477598,1.7600394865885491,2.003669600405507,0.8053456899629627,-5.264363547070114,-1.2947875043765893,-2.8723373932623457,1.811118123520973
0.1501662868721352,-0.8452060294996954,0.7400160926603474,1.213379716486913,-4.331215029562935,-1.3765687608439212,1.0889384732121414,0.46633532915535336,-0.5586972928364072,0.09805331089365073,0.09115934686313208,1.3045320849002608,-0.7042742972809876,-1.3439492922951914,-0.6129178444185888,4.457639185180033,-1.7163241865491898,0.03397576903530457,2.71954287913939,0.24154304536687593,-0.15172571589840708,-2.900289523798328,-1.2992375643773455,-2.0800580517017355,1.0140518507936374,0.7221426600160031,0.1525053380070181,1.5373381526601226,-0.07921068319960993,-2.6454494023145596,1.499790253703153,0.9435164674272044,-1.8087855767204768,-4.57604510198593,2.7398832553142807,-3.460394209571186,-0.18480368800669134,-1.0727486476009538,-1.1497301066873018,-0.4287477551621768,3.2440956311722986,0.7086363044632469,1.582170077901563,-1.1323177690583768
0.10291537642076207,1.4149714055366205,-1.536050212848046,-1.7429334683309452,5.661948286315131,1.9201784017376236,-1.3417633639531867,-1.2664920904051233,0.628137802357171,0.08438427934950067,1.3826750217144708,-1.671080446951478,0.4704337952028429,2.415967858249716,0.7947722033935214,-6.095332597613371,2.4617882356458582,0.24771920259000735,-4.463048443026713,0.08744602687039786,-0.2692344646906535,4.567253758328216,1.7863494833085645,3.046850708510473,-1.071064296220807,0.39167291246379227,1.0052643384525464,-2.2484008518705503,0.20972309497375005,3.1034119144311947,-2.1649158382340645,-1.1840366202393198,2.8780976506991944,5.646896764383197,-3.460394209571186,5.72061086847047,0.9412588678445555,2.0946710722157564,0.3548263295966799,-0.2773152298405609,-4.9900980803804424,-0.6501519510821254,-1.6643647299021895,2.0911262239952473
0.13224936333768497,0.35499173075343726,-0.4053960784374337,-0.2967723406036661,0.4589133134738188,0.1103768289504984,-0.10559267891402646,-0.4729060211111853,-0.14907887325647584,0.20642992567404203,0.9050154021481837,-0.12353787948518273,-0.1840472389350612,0.42949930312290324,0.02100204651206958,-0.5199092717098441,0.21277609060561398,0.15756859517016863,-0.7724618797021576,0.3481773597516203,-0.2341109771732623,0.6766762112163224,0.18848141850235056,0.3596811826518356,0.11705156724870315,0.7890380772281497,0.7564521153232229,-0.3021683435443095,0.09171371809959965,0.05248459217159338,-0.3168542346200792,-0.07815659668717022,0.43109069536066735,0.19937534349477598,-0.18480368800669134,0.9412588678445555,0.4460001064985357,0.5389383001734027,-0.6226511743394667,-0.47957760713666336,-0.7415785654754282,0.15905712058915047,0.0328876320424903,0.4633887782140187
0.10890197883697565,0.8603972657581517,-0.6089679723303598,-0.8643892027417158,2.2741993310675777,0.48033930654343576,-0.5818270552976704,-0.7880519466279226,-0.3096760866485319,0.4550764699584425,1.0822051128481422,-0.5614061299540573,-0.050647634811630635,0.8634487853541235,0.2553667928862403,-1.8828362786699169,0.6817514704164935,0.23432139954094486,-1.8874030019459596,0.6074251535394889,-0.07396109380871721,1.6984468012171874,0.7647025908837561,1.1529351757404653,-0.017236881159194768,0.9232669890287053,0.9575817574945868,-0.8883248302164614,0.1499672025129071,0.9312950081695309,-0.994902729757737,-0.5376852722382252,0.9254572075676424,1.7600394865885491,-1.0727486476009538,2.0946710722157564,0.5389383001734027,1.0734415669208193,-0.49125371116027944,-0.4630455515765166,-1.797141119560072,-0.042308326434588275,-0.7699739825713107,0.8716200505950046
-0.30924482514759977,-0.3853397113999283,0.18937902984231578,0.04980971829359565,1.0914269905636533,0.6766632669336858,-0.2431091645092234,0.6784491698872881,0.9604374089071923,-0.7037544970867027,-1.688618910011235,-0.47052293156790803,0.7576794578266304,0.06799510488618771,0.2539780999407293,-1.6455418842864837,0.6677479192456223,-0.3641720796931494,0.04055305325171838,-1.0802839175060055,0.31351389510212146,0.39184151515972326,0.20422629391301594,0.4071483541279673,-0.9478124858091532,-2.037255937629198,-1.547471056247143,-0.23344405519077518,-0.1345482594739624,1.2769679460294505,-0.07277347944337573,-0.1839465934512633,0.39727011212792246,2.003669600405507,-1.1497301066873018,0.3548263295966799,-0.6226511743394667,-0.49125371116027944,1.865924457628613,1.105081297132047,-0.5447482465913852,-0.6640090436016587,-0.5257117161741911,-0.17319769763929335
-0.1954846270885024,-0.3325270591806563,0.2760603223695235,0.15821178829427804,0.2722522743134343,0.24898038344974674,-0.05779355122831072,0.5231316167279316,0.48374850082682835,-0.416291005785336,-1.1693298068093183,-0.16014814440182853,0.41892025648670567,-0.17012125095438038,0.10543683883866498,-0.4929435957854518,0.20868455861457327,-0.23790846188156548,0.3652386006410671,-0.6399276896537255,0.24149551602937647,-0.12451917442009768,0.008610598934048495,0.024200299754791064,-0.47228075473785597,-1.2635046388996745,-1.0321066209745136,0.029422187330893256,-0.10196971960385805,0.5380964443231533,0.12388463459061468,-0.05037040972798556,-0.018916022388845266,0.8053456899629627,-0.4287477551621768,-0.2773152298405609,-0.47957760713666336,-0.4630455515765166,1.105081297132047,0.7205160266493497,0.08948066024895061,-0.37581938145110494,-0.2535255008316155,-0.28103389046179666
-0.005392683780644016,-1.278250595115182,1.3320199055458586,1.645737110083427,-5.179839388924881,-1.6706437908744076,1.296447504890263,1.0482799469060056,-0.5468522441672923,-0.0394504384894296,-0.9805179535999807,1.5779022324501126,-0.5685205332421034,-2.032981334221928,-0.6955465126776148,5.585091680878631,-2.2224725968085206,-0.14539519136050053,3.906653600489317,-0.04202130964254679,0.17806718429205345,-4.027069085510485,-1.618114665535381,-2.7024185651176644,1.0421590029146852,-0.08034308548242163,-0.699663050102459,2.040256745375705,-0.1781804570493016,-2.9652323980784354,1.969944646426311,1.092939442516417,-2.5708356684946128,-5.264363547070114,3.2440956311722986,-4.9900980803804424,-0.7415785654754282,-1.797141119560072,-0.5447482465913852,0.08948066024895061,4.510918170982114,0.594186566524924,1.6016318562846676,-1.8230219372082166
0.0751488679527022,-0.023733208448607233,0.002831639393695977,0.13202313462263465,-1.0662259263507416,-0.4522243957273358,0.20897108914274343,-0.12179445633264184,-0.33005472910896505,0.19094684196788508,0.472255463563004,0.3041461031982207,-0.25841646792192957,-0.2777814138316086,-0.21213665563194967,1.0988749913633429,-0.45225909593538727,0.07264628223326117,0.4745233195057057,0.3275030904646653,-0.1557953564757134,-0.592762272987889,-0.3013230474776787,-0.5013798098602111,0.3815833723208283,0.6175863072421903,0.43681582659304913,0.30696625490936913,0.027765493736351687,-0.7270544137127531,0.23894629796179548,0.2312945746463495,-0.3440190041826256,-1.2947875043765893,0.7086363044632469,-0.6501519510821254,0.15905712058915047,-0.042308326434588275,-0.6640090436016587,-0.37581938145110494,0.594186566524924,0.37376340925687485,0.46753811971282305,-0.1237410520723851
0.12473316614728264,-0.8709835176573123,0.15281673915418464,0.983059238789061,-3.3435829038947076,-0.6234520871421909,0.871548111633083,0.39134293056962105,0.3461101381738249,-0.4561837596282878,0.09534189222141368,0.7736150761285965,-0.3301399643018957,-0.5747986288510252,-0.43549790158630874,2.2769428826805176,-0.7061660829041172,-0.06981975894673827,1.749094940660559,-0.43109266694831816,-0.4843387768659279,-1.5782099474350366,-1.0380644327433928,-1.3528018494736667,0.24546148092106226,0.06846555528276915,-0.05515272892361853,0.9834562319575567,-0.08923406462530414,-1.6467260528338996,1.1744163046017122,0.8567482906903069,-0.6656360973971266,-2.8723373932623457,1.582170077901563,-1.6643647299021895,0.0328876320424903,-0.7699739825713107,-0.5257117161741911,-0.2535255008316155,1.6016318562846676,0.46753811971282305,1.6352425157279213,-0.5360138185547189
0.07950533830440099,0.603907333376136,-0.619602141541787,-0.6833446715463661,1.9422827547894355,0.5889808749998198,-0.47606535413967127,-0.5875996538663952,0.06590533112482304,0.13646951493285783,0.7947383417508345,-0.5654568326342303,0.06890255927641852,0.8821340820077316,0.2453840242091337,-2.046965876185928,0.826082780999667,0.1397870927604665,-1.6878945657320417,0.21736749407560632,-0.16483968916558892,1.654524770162489,0.6395623346226124,1.0717028338130123,-0.2536563877178881,0.46838101139880706,0.6323040347823842,-0.8219329443628934,0.10554552443980693,0.973949067377388,-0.8017859105233578,-0.4147422706022621,1.031056859061596,1.811118123520973,-1.1323177690583768,2.0911262239952473,0.4633887782140187,0.8716200505950046,-0.17319769763929335,-0.28103389046179666,-1.8230219372082166,-0.1237410520723851,-0.5360138185547189,0.8328641926546154
