V1,V2,V3,V4,V5,V6,V7,V8,V9,V10,V11,V12,V13,V14,V15,V16,V17,V18,V19,V20,V21,V22,V23,V24,V25,V26,V27,V28,V29,V30,V31,V32,V33,V34,V35,V36,V37,V38,V39,V40,V41,V42,V43
0.3157913845085822,0.2854173694309669,0.1919180485009998,0.10523764509008085,-0.13768974429102018,-0.1262400718712097,0.033204011131335344,0.09421372400640007,-0.2140541673702307,0.24037985998422157,-0.12001126938228701,-0.047637008791273354,0.17592653172542475,0.11388858059077005,0.31629892813546845,-0.2314232742561891,-0.23043262852644097,-0.05906601722400071,0.10230566859813259,0.08482336554311055,-0.08601493665988624,-0.16379084748309225,0.27269520577127226,0.03915700341209556,0.07852698208108128,0.21292995563086894,-0.06780754021180094,-0.13469557450257966,0.28684352958232995,-0.05315174325307684,-0.516023928645356,-0.49751652471580593,0.08161961003035316,-0.1946467276534049,-0.058766411381887075,-0.6016540003936551,0.32818897073962283,0.023668875351275247,0.3217429481302331,0.024451833344649284,-0.39433834793751005,-0.25139139732669447,-0.008148830937925348
0.2854173694309669,0.9036591674183985,0.30690763205407573,0.10049329926479945,-0.018485605919045932,0.15368756870076133,0.43870610372385854,0.5352539822183817,-0.10694379054513636,0.0863055636824764,-0.5803633943487355,0.23709373189146124,0.32421432323922633,-0.007417511262541579,0.27085706052609765,0.07415388501482127,-0.1817160637397448,0.2300199924082599,-0.2502418331818119,0.03328440336209217,-0.3525653789453007,-0.013878900427700482,0.2775770034807296,-0.2398945900116113,0.26860150943655425,0.5974391922234146,0.13100543255650096,0.9329078042833024,0.5147672618904302,-0.03235304531859989,-0.8255557284323326,0.026857089187317097,0.47937966557339995,-0.13704169344973008,0.435002043343695,-0.23958950005489096,0.40556241724581,0.08599607413857568,0.39936102843517934,-0.3144144517056726,0.016104102126869385,-0.03510409100912252,-0.32893885847624854
0.1919180485009998,0.30690763205407573,0.6650225093572025,0.12386511314865677,-0.07238543243382344,0.12763868444824508,0.5164553350244635,-0.14429684219127514,-0.2403948691497669,0.32024422232305444,-0.4525439873238619,-0.1817251419056127,0.21912217412013524,0.5037670923376522,0.17127845275694412,-0.025021489933571485,0.13364981798193112,-0.6842504902456071,-0.21993334420119612,0.26274222709125145,-0.2097201232638322,-0.5702603660373002,0.15406955249650947,-0.022981210004811424,0.4107380455301952,0.7511988391708502,0.3734687536143431,0.035949304343473404,0.4186272965240339,-0.19257899841394283,-0.43412247885332395,0.006757974022661414,0.0142438947894225,-0.2457279154183445,0.1587516931036116,-0.3594001643541361,0.6729659755022116,0.23056580223597672,0.04800750685612814,-0.10200237329771474,-0.7517851305860863,0.1288652624759221,-0.1531130183785729
0.10523764509008085,0.10049329926479945,0.12386511314865677,0.9635238554582092,-0.3169391784562935,9.898178398166301e-4,0.30154401628636995,-0.27635746293963354,0.0343537433598558,0.9751814950279226,-0.36163321496760736,0.1839382272709126,0.2361608828960467,-0.04461700261999502,-0.3968373256105105,0.010689167911249506,0.4403780951542597,-0.003762861718425486,0.21897780942749537,0.3131305817213017,0.06464195240012653,0.7230213891703589,0.24683280458941717,0.13958237262549644,-0.23459651643727325,-0.7197364992627368,-0.011749990168764522,-0.13365950775026034,0.04774984786785269,-0.5754935232561484,0.4921788779359234,-0.3077918372110871,0.48471476387992074,-0.7593565758116521,-0.6045841841347795,-0.2753585595193555,0.37797059478477246,-0.452796630394789,-0.26218217780216785,0.29625121165175744,-0.5864275602417058,-1.3216710350901448,0.4236743877085757
-0.13768974429102018,-0.018485605919045932,-0.07238543243382344,-0.3169391784562935,0.7998877461360953,0.25073853302590005,0.3422627359056949,0.18542525127110718,0.27175248072366653,-0.9324884409392161,0.056530913666767074,0.19810189814652537,-0.4498833481234414,0.17037691239882544,-0.03063300705231907,0.2686687174673588,0.15735836221441263,0.20386233153271952,0.22358985098293332,-0.9852798721182661,0.2578988245284998,-0.04925779154555405,0.12912538125541115,0.06150610367025947,0.013024373960696,0.04444757149654171,-0.3281426962658088,0.27502590083383216,-0.05008214603839806,0.3257903975240849,-0.03535956578670773,0.4356677575411718,-0.3153715335497549,0.12026599207384923,0.7322981871023995,0.12384580403205303,-0.1212246489476502,0.5102557666337049,-0.48857811223708675,-0.057292280769686905,0.3726553182700655,0.5188274270054607,-0.2331612084566198
-0.1262400718712097,0.15368756870076133,0.12763868444824508,9.898178398166301e-4,0.25073853302590005,0.37033839567555016,0.19039457832538728,0.19085441047614723,0.2640695116956935,-0.12451575306837917,-0.22857959664001942,0.07611138119740916,-0.19291313138834326,-0.10999499182928485,-0.27313444046960783,0.18584123114514772,0.27917740549308867,-0.15250211668191702,-0.09658557102117522,-0.22768405288987853,-0.06524863159792843,0.107578558451249,0.07315647239099973,-0.10016325569956434,-0.09132004301278698,0.07085155434497434,0.08152785163663744,0.6459746307832557,0.014128986065404855,-0.08272625089314377,0.10596824626150679,0.37309071760442464,-0.0576079701129428,-0.06452640277212884,0.1904262090963331,0.37790701661520143,0.0809654689255425,0.3185619875030375,-0.235368212497192,-0.06927846878913227,0.19000824170059002,0.27109447144665977,-0.2725143265269575
0.033204011131335344,0.43870610372385854,0.5164553350244635,0.30154401628636995,0.3422627359056949,0.19039457832538728,1.587738602503759,-0.40218733977615645,-0.084342713156977,-0.4356256046756749,-0.6099899006885875,0.5406146626061497,0.22160758430067823,1.2222126860473528,0.007741285031957142,0.34835141437521866,0.9851454933640151,0.11057603555866716,0.1623193015920761,-0.2944590245213272,0.15258581164674465,0.053579092487508063,0.10015538524566381,0.08039245556419244,0.874874926452277,0.4368821269743839,0.09032926548492934,0.33623143226185714,0.5370831454915717,-0.11523158928925527,0.05376476181189467,0.9075378992941197,0.5323563592216254,-0.6946513164791578,0.7140056230338827,-0.28433011502797767,0.7821338199756444,0.16870497781953203,-0.2565288152845899,-0.3442676573825822,-0.7497977534259523,-0.14058204410731995,0.2174905380517214
0.09421372400640007,0.5352539822183817,-0.14429684219127514,-0.27635746293963354,0.18542525127110718,0.19085441047614723,-0.40218733977615645,0.904503714064239,0.1103594076308666,-0.17692629606488552,-0.11908322623656652,-0.025522953621440424,-0.06262861110516607,-0.6937379393808328,0.22943782493570256,0.09622189152785843,-0.6377321246205983,0.2981038065082304,-0.28536130015565325,-0.22141957450604405,-0.2877451264476208,0.034475989000674424,0.11556995805643548,-0.26720248326107393,-0.23483997074851426,0.3025864808187469,0.026550420376577847,0.901514200327063,-0.0043822455700793074,0.19525425065684904,-0.6929622167827706,-0.13709627104354427,-0.02292665893228777,0.47495943128313917,0.347151581051092,0.23636518611274107,-0.3205851158260514,0.18477928922329448,0.2030964588742476,-0.11090831832834769,0.7533689907618302,0.3861399136582209,-0.5656161568831795
-0.2140541673702307,-0.10694379054513636,-0.2403948691497669,0.0343537433598558,0.27175248072366653,0.2640695116956935,-0.084342713156977,0.1103594076308666,0.47255284213208437,-0.2943007196245187,0.04062576676787864,0.3272715824487764,-0.4538405575215101,-0.330009622489249,-0.5206636335857232,-0.001772788453373458,0.419405534938256,0.22203706623536526,0.2982583077169019,-0.4659171576572341,0.15259738234868445,0.56944268178794,0.18442717812262494,-0.0369971118214343,-0.4426548999989019,-0.6543353716581235,-0.4050157999490957,0.49955055212884575,-0.11569865361335965,-0.0229718603561903,0.5163547926134305,0.21682140281187465,-0.058394906291611,-0.25811334319074786,-0.07768879597861746,0.41462533456982803,-0.12245692661784308,0.30923351170998276,-0.2119412294203452,0.049951442365896874,0.5178533520424154,0.02018460833672585,-0.06298951646047649
0.24037985998422157,0.0863055636824764,0.32024422232305444,0.9751814950279226,-0.9324884409392161,-0.12451575306837917,-0.4356256046756749,-0.17692629606488552,-0.2943007196245187,1.9935769592399977,-0.34832823100433763,-0.5631530672399423,0.6884464844408764,-0.5932525463972903,-0.17790691306016407,-0.038010906678553724,-0.41543485646132283,-0.6529056547155537,-0.5083079602889791,1.2327694830454512,-0.3959787780447556,0.09529766722651238,-0.0196430045012994,0.02915176537308701,-0.38105595407788556,-0.16678847264264515,0.6781175790464312,-0.43290805273943705,-0.10499110838156527,-0.7521753850267607,0.04227227866271814,-0.8732856688756591,0.3236237413797198,-0.1772425042774605,-1.0570865614746914,-0.24782062722488354,0.24492095703366565,-0.9012097076679135,-0.007926986454386099,0.39800888544301455,-0.7550525909324023,-1.3027665151172263,0.21520634004512196
-0.12001126938228701,-0.5803633943487355,-0.4525439873238619,-0.36163321496760736,0.056530913666767074,-0.22857959664001942,-0.6099899006885875,-0.11908322623656652,0.04062576676787864,-0.34832823100433763,0.6446342802010452,-0.17472105574232283,-0.2514392918185566,-0.17737131254883579,0.06533794754069033,-0.14423023871796026,-0.25100410221307984,0.1625904830816111,0.22906775832602164,-0.18362387203766845,0.24703032911040743,-0.03884580010011087,-0.19732451014070138,0.14874691643185567,-0.24711677764521361,-0.37214272054203634,-0.2617477968277399,-0.6453686015703877,-0.4006756957875231,0.253847322825146,0.27166517583834965,-0.20150584538949165,-0.4144651235195334,0.3655616744424964,-0.19918049615282082,0.07068940365437267,-0.533482221523083,-0.04894968562325466,-0.009724690065015442,0.17037775732374036,0.2995993894634143,0.21447507844604638,0.14505305038956934
-0.047637008791273354,0.23709373189146124,-0.1817251419056127,0.1839382272709126,0.19810189814652537,0.07611138119740916,0.5406146626061497,-0.025522953621440424,0.3272715824487764,-0.5631530672399423,-0.17472105574232283,0.8771410566214775,-0.3021167153521414,0.24865804823328777,-0.35678557647477227,-0.18946252739765632,0.8199385666342605,0.7165190731043131,0.6687247521040268,-0.5081443396900356,0.24995542353868935,0.8598962414700284,0.4002703346516572,-0.04236508669992092,-0.0141643657945647,-0.7192102587651386,-0.725785509481821,0.5807105506662615,0.34494988174937824,0.011196116656859883,0.40335818928584566,0.31573911464478804,0.4735253534861917,-0.8244449938399013,0.07689556856336666,-0.043774050043529,0.28919473048880096,0.3140773521816297,0.17275397044176827,-0.15776895438311173,0.24846583282500237,-0.3188684862070423,0.23200285656805372
0.17592653172542475,0.32421432323922633,0.21912217412013524,0.2361608828960467,-0.4498833481234414,-0.19291313138834326,0.22160758430067823,-0.06262861110516607,-0.4538405575215101,0.6884464844408764,-0.2514392918185566,-0.3021167153521414,0.8163123444220912,0.09871699514877248,0.3680946702399186,0.33077825676082695,-0.4945897151575711,-0.014973333707029485,-0.6731017660146813,0.7306923525185011,-0.3270013611374789,-0.3716807354645601,-0.36712415408789023,-0.040842387825767185,0.4343232869555525,0.6846852848096022,0.7090157547210103,-0.14332319934392002,0.056645056894774774,-0.1339819769780801,-0.4682733549225615,0.013289812182742786,0.42842285607818,0.35857284661800326,0.09548211505666271,-0.16720908989916705,0.05000248898771556,-0.7741178605984745,0.14791781481309835,-0.16252458932882757,-0.3877722081251942,-0.35567543726245987,0.08303183683960079
0.11388858059077005,-0.007417511262541579,0.5037670923376522,-0.04461700261999502,0.17037691239882544,-0.10999499182928485,1.2222126860473528,-0.6937379393808328,-0.330009622489249,-0.5932525463972903,-0.17737131254883579,0.24865804823328777,0.09871699514877248,1.5669441222410176,0.349540680036013,-0.08303043052572857,0.8923109981965577,-0.23773843559099186,0.41950511520878786,-0.0995488316797462,0.29079158050591786,-0.3840746858072979,0.02845096203292617,0.23004296179094774,1.0120612659142194,0.5418534887350154,0.008396364417801196,-0.5237827581663776,0.49076976088389396,0.011974067656521193,0.02601287956879453,0.5171392030002889,0.12253340159771141,-0.6166294361223084,0.4096009239107953,-0.6338676710000938,0.7709393345247064,0.3451814290659578,0.035531933415769275,-0.2129968145244337,-1.1508873114757487,0.18102243471569976,0.3713878009305366
0.31629892813546845,0.27085706052609765,0.17127845275694412,-0.3968373256105105,-0.03063300705231907,-0.27313444046960783,0.007741285031957142,0.22943782493570256,-0.5206636335857232,-0.17790691306016407,0.06533794754069033,-0.35678557647477227,0.3680946702399186,0.349540680036013,0.8804061382499178,-0.01694348865342488,-0.7217997845368894,-0.05046735733345016,-0.2640986838406438,0.15395867752219322,-0.15698277978674183,-0.783917314886613,-0.13409962877158052,0.012018150004280395,0.5421259283799348,0.9748880246165857,0.3062382827080122,-0.3580093934079166,0.1601020460192622,0.28583222645065226,-0.9886631620745795,-0.27547679949408205,-0.10452657935073571,0.5309219797365925,0.43755248458695056,-0.5472783549536392,-0.0010696146303080497,-0.07192405671030853,0.3662876111887043,-0.1382167666363955,-0.3218180735485167,0.3960794077229003,-0.16271158525424873
-0.2314232742561891,0.07415388501482127,-0.025021489933571485,0.010689167911249506,0.2686687174673588,0.18584123114514772,0.34835141437521866,0.09622189152785843,-0.001772788453373458,-0.038010906678553724,-0.14423023871796026,-0.18946252739765632,0.33077825676082695,-0.08303043052572857,-0.01694348865342488,0.8301004615551538,-0.23416903883844772,0.14417537658197035,-0.6887404958736423,-0.04672882104178002,-0.09968924123640184,-0.1662618314179606,-0.5309235008764699,-0.04173818728619443,0.2335858248928668,0.4580665180203571,0.6203764112841298,0.2911724821547344,-0.34584410994077136,0.0709467015162135,0.014556603873259062,0.7490089891607254,0.10603076264971907,0.6847215985136041,0.6244129121425341,0.5857241875228354,-0.4174824979724074,-0.48415263060219377,-0.6346059918777375,-0.1538071498987049,0.3069112169928708,0.1529229441536487,-0.14335916659097936
-0.23043262852644097,-0.1817160637397448,0.13364981798193112,0.4403780951542597,0.15735836221441263,0.27917740549308867,0.9851454933640151,-0.6377321246205983,0.419405534938256,-0.41543485646132283,-0.25100410221307984,0.8199385666342605,-0.4945897151575711,0.8923109981965577,-0.7217997845368894,-0.23416903883844772,1.8259251401144556,0.020760264355526768,0.9291132433211686,-0.29364303067532616,0.461226704619125,0.9661952549736458,0.3258647017531209,0.13595796052079662,0.1728318547784469,-0.9032073942233059,-0.5176894888699174,0.2833001160145458,0.287639441847056,-0.38636785837454674,1.2373365404174959,0.7023977880045692,0.313097396453752,-1.3839768670368737,-0.3204983664757771,0.11482084259717895,0.6865821201302134,0.5867616188413383,-0.19309186836136505,0.0030301391807368056,-0.551512632526123,-0.34779923032888016,0.49024025950489464
-0.05906601722400071,0.2300199924082599,-0.6842504902456071,-0.003762861718425486,0.20386233153271952,-0.15250211668191702,0.11057603555866716,0.2981038065082304,0.22203706623536526,-0.6529056547155537,0.1625904830816111,0.7165190731043131,-0.014973333707029485,-0.23773843559099186,-0.05046735733345016,0.14417537658197035,0.020760264355526768,1.3824821558989977,0.34942984156469387,-0.5447061396930043,0.21884934840961726,0.8896687825067137,0.021664988796537585,-0.04217943157602195,-0.10982252090050335,-0.7030824390155703,-0.6111329518779208,0.4674826001626825,-0.05409964174921489,0.29358190569019227,0.14359787818348105,0.2548352228613389,0.5423158735616305,-0.042689610892546706,0.3014166555414396,0.11113423713503914,-0.4508972280422946,-0.31011054002778804,0.16331281696113614,-0.1834307582095423,0.8556279592199917,-0.3994785933420393,0.23103976159039066
0.10230566859813259,-0.2502418331818119,-0.21993334420119612,0.21897780942749537,0.22358985098293332,-0.09658557102117522,0.1623193015920761,-0.28536130015565325,0.2982583077169019,-0.5083079602889791,0.22906775832602164,0.6687247521040268,-0.6731017660146813,0.41950511520878786,-0.2640986838406438,-0.6887404958736423,0.9291132433211686,0.34942984156469387,1.3383377275213952,-0.6993346886051277,0.582808785551772,0.8499470001211903,0.7005842090864695,0.27259889502780693,-0.29559183454385396,-1.202184337469646,-1.1386842799467127,-0.34073066774409616,0.24083189095378385,-0.07197209629614273,0.6084527661968081,-0.42247397354164373,-0.03509351139697908,-1.1704015552524234,-0.4726538573127625,-0.6310896368542168,0.41103364798290054,0.6252634049483601,0.1470607663488416,0.2822355816557404,-0.3211856360078781,-0.5534316877429916,0.460817245353467
0.08482336554311055,0.03328440336209217,0.26274222709125145,0.3131305817213017,-0.9852798721182661,-0.22768405288987853,-0.2944590245213272,-0.22141957450604405,-0.4659171576572341,1.2327694830454512,-0.18362387203766845,-0.5081443396900356,0.7306923525185011,-0.0995488316797462,0.15395867752219322,-0.04672882104178002,-0.29364303067532616,-0.5447061396930043,-0.6993346886051277,1.464355789835955,-0.45360714423663623,-0.27823034370925515,-0.464316764397057,-0.13175264762061356,0.25157106474242463,0.44766567669294294,0.9066793408729484,-0.3010480844592996,-0.04838127230509162,-0.4151176330489917,-0.04000404032385719,-0.22250092159885887,0.3316970402403703,0.21032387304042077,-0.6928296300985347,0.1139381389217099,0.0646025668276447,-0.7377241875806746,0.39701970739773984,0.002638555835700221,-0.554435806743018,-0.34202104575730913,0.1546472275690984
-0.08601493665988624,-0.3525653789453007,-0.2097201232638322,0.06464195240012653,0.2578988245284998,-0.06524863159792843,0.15258581164674465,-0.2877451264476208,0.15259738234868445,-0.3959787780447556,0.24703032911040743,0.24995542353868935,-0.3270013611374789,0.29079158050591786,-0.15698277978674183,-0.09968924123640184,0.461226704619125,0.21884934840961726,0.582808785551772,-0.45360714423663623,0.40678808322391413,0.3634309924457101,0.11733821866850364,0.21787710132387997,-0.08194513484431157,-0.6106646849704732,-0.4617142441153973,-0.4037892440341409,-0.10707402179400616,0.039591433043139494,0.5121295561928227,0.03679696526573955,-0.11011776131530544,-0.34983901452186494,-0.08301314227437859,-0.14227181823189264,-0.023810229715260294,0.14886724142847263,-0.24843374277585842,0.16951565761247853,-0.1050238135271173,-0.221094440621221,0.31304619015910706
-0.16379084748309225,-0.013878900427700482,-0.5702603660373002,0.7230213891703589,-0.04925779154555405,0.107578558451249,0.053579092487508063,0.034475989000674424,0.56944268178794,0.09529766722651238,-0.03884580010011087,0.8598962414700284,-0.3716807354645601,-0.3840746858072979,-0.783917314886613,-0.1662618314179606,0.9661952549736458,0.8896687825067137,0.8499470001211903,-0.27823034370925515,0.3634309924457101,1.7521947264778928,0.35556272903162545,0.045095707390507264,-0.6260788834393348,-1.720390703708588,-0.7583067163714076,0.5355606517086621,-0.13232764318548076,-0.37433931567698864,1.1475445095569998,0.029340244175507794,0.5785691871985245,-0.9981813303886783,-0.6963614447465524,0.27748197347905823,-0.08284389677057785,-0.09558150797239544,-0.10742617066858713,0.24839104676684357,0.37948327556939204,-1.166147027003378,0.48630664408435875
0.27269520577127226,0.2775770034807296,0.15406955249650947,0.24683280458941717,0.12912538125541115,0.07315647239099973,0.10015538524566381,0.11556995805643548,0.18442717812262494,-0.0196430045012994,-0.19732451014070138,0.4002703346516572,-0.36712415408789023,0.02845096203292617,-0.13409962877158052,-0.5309235008764699,0.3258647017531209,0.021664988796537585,0.7005842090864695,-0.464316764397057,0.11733821866850364,0.35556272903162545,0.7976501787268812,0.04693433218310144,-0.32038493140125124,-0.47657288487904764,-0.7295704012081194,0.1970896149444513,0.4724353780231202,-0.11844014519653813,-0.16573466801589787,-0.5961810100029421,0.031355243403617755,-0.8677711014799615,-0.2108510301300275,-0.6502996127704948,0.6019534743570963,0.5825552163136033,0.26140516951225634,0.13036610128248197,-0.225392357161531,-0.39298396295071586,-0.010281651620177312
0.03915700341209556,-0.2398945900116113,-0.022981210004811424,0.13958237262549644,0.06150610367025947,-0.10016325569956434,0.08039245556419244,-0.26720248326107393,-0.0369971118214343,0.02915176537308701,0.14874691643185567,-0.04236508669992092,-0.040842387825767185,0.23004296179094774,0.012018150004280395,-0.04173818728619443,0.13595796052079662,-0.04217943157602195,0.27259889502780693,-0.13175264762061356,0.21787710132387997,0.045095707390507264,0.04693433218310144,0.2108323142987587,-0.01717203241742148,-0.240569366963235,-0.13277666625312118,-0.5151297199538913,-0.08123595086937217,-0.05699786047239977,0.20063538383872132,-0.16003426149337494,-0.10682960028026015,-0.17295519515109703,-0.13278169185143643,-0.285082363178949,0.05776207636164836,-0.05720572796310747,-0.1830836373248826,0.17536269383430342,-0.35206095120964515,-0.29463315799592227,0.23561748409970731
0.07852698208108128,0.26860150943655425,0.4107380455301952,-0.23459651643727325,0.013024373960696,-0.09132004301278698,0.874874926452277,-0.23483997074851426,-0.4426548999989019,-0.38105595407788556,-0.24711677764521361,-0.0141643657945647,0.4343232869555525,1.0120612659142194,0.5421259283799348,0.2335858248928668,0.1728318547784469,-0.10982252090050335,-0.29559183454385396,0.25157106474242463,-0.08194513484431157,-0.6260788834393348,-0.32038493140125124,-0.01717203241742148,1.0238746125729787,1.0547382470746136,0.5047259906575201,-0.0809673222279633,0.3248411116737013,0.13553516303719704,-0.4258409555671938,0.631561710878625,0.23030916755920477,0.13310773920141214,0.6440822074897631,-0.20035603693886206,0.335059046994226,-0.031991360839661503,0.1434290316149183,-0.3856310273929946,-0.596261290498132,0.467410377696807,0.0434256712832217
0.21292995563086894,0.5974391922234146,0.7511988391708502,-0.7197364992627368,0.04444757149654171,0.07085155434497434,0.4368821269743839,0.3025864808187469,-0.6543353716581235,-0.16678847264264515,-0.37214272054203634,-0.7192102587651386,0.6846852848096022,0.5418534887350154,0.9748880246165857,0.4580665180203571,-0.9032073942233059,-0.7030824390155703,-1.202184337469646,0.44766567669294294,-0.6106646849704732,-1.720390703708588,-0.47657288487904764,-0.240569366963235,1.0547382470746136,2.2942084866368884,1.1512933273955324,0.25151291039683393,0.33948010495974995,0.33577024514462467,-1.5074276584152284,0.4582886580772892,-0.17811264749626118,1.082018718540707,1.1158132231755995,-0.08510489506251535,0.2061727465080856,0.05008332106255297,0.25595663629395304,-0.559596828930548,-0.34941133372744604,1.336243587263092,-0.6950119344877216
-0.06780754021180094,0.13100543255650096,0.3734687536143431,-0.011749990168764522,-0.3281426962658088,0.08152785163663744,0.09032926548492934,0.026550420376577847,-0.4050157999490957,0.6781175790464312,-0.2617477968277399,-0.725785509481821,0.7090157547210103,0.008396364417801196,0.3062382827080122,0.6203764112841298,-0.5176894888699174,-0.6111329518779208,-1.1386842799467127,0.9066793408729484,-0.4617142441153973,-0.7583067163714076,-0.7295704012081194,-0.13277666625312118,0.5047259906575201,1.1512933273955324,1.2788757147677965,0.028833604531895846,-0.24626044748148532,-0.15786121440651893,-0.3383354816822607,0.4402999249032152,0.040510206817508505,0.8642957355952959,0.22256095340601206,0.47020172669252946,-0.1905155668997171,-0.6079324308395617,-0.23285553928655559,-0.1494684917084894,-0.2962593113867535,0.33051550447876954,-0.2411085902304932
-0.13469557450257966,0.9329078042833024,0.035949304343473404,-0.13365950775026034,0.27502590083383216,0.6459746307832557,0.33623143226185714,0.901514200327063,0.49955055212884575,-0.43290805273943705,-0.6453686015703877,0.5807105506662615,-0.14332319934392002,-0.5237827581663776,-0.3580093934079166,0.2911724821547344,0.2833001160145458,0.4674826001626825,-0.34073066774409616,-0.3010480844592996,-0.4037892440341409,0.5355606517086621,0.1970896149444513,-0.5151297199538913,-0.0809673222279633,0.25151291039683393,0.028833604531895846,2.133207799086295,0.32562110537697747,0.013591298428171946,-0.2774076918294477,0.8008018783966927,0.4683021693623715,-0.06520963906903235,0.5827384592611095,0.8395928859433254,0.06807709326058407,0.49196650424649346,0.23061273647077554,-0.5096216367369156,1.0211884264770217,0.569351152638747,-0.6818425869078212
0.28684352958232995,0.5147672618904302,0.4186272965240339,0.04774984786785269,-0.05008214603839806,0.014128986065404855,0.5370831454915717,-0.0043822455700793074,-0.11569865361335965,-0.10499110838156527,-0.4006756957875231,0.34494988174937824,0.056645056894774774,0.49076976088389396,0.1601020460192622,-0.34584410994077136,0.287639441847056,-0.05409964174921489,0.24083189095378385,-0.04838127230509162,-0.10707402179400616,-0.13232764318548076,0.4724353780231202,-0.08123595086937217,0.3248411116737013,0.33948010495974995,-0.24626044748148532,0.32562110537697747,0.6940075968029549,-0.03276145562470311,-0.5009104401241462,-0.11956453314897501,0.28156131736885887,-0.6273725924583317,0.1676156408262457,-0.5886347532262025,0.7595983000957026,0.41710252468326936,0.5118352036454273,-0.2357162266798634,-0.42407537233963305,0.0037424618910734237,-0.05376322720211555
-0.05315174325307684,-0.03235304531859989,-0.19257899841394283,-0.5754935232561484,0.3257903975240849,-0.08272625089314377,-0.11523158928925527,0.19525425065684904,-0.0229718603561903,-0.7521753850267607,0.253847322825146,0.011196116656859883,-0.1339819769780801,0.011974067656521193,0.28583222645065226,0.0709467015162135,-0.38636785837454674,0.29358190569019227,-0.07197209629614273,-0.4151176330489917,0.039591433043139494,-0.37433931567698864,-0.11844014519653813,-0.05699786047239977,0.13553516303719704,0.33577024514462467,-0.15786121440651893,0.013591298428171946,-0.03276145562470311,0.4772886889723015,-0.36751374502978257,0.17639113572301063,-0.219864621823398,0.5094155853693677,0.5560308787959751,0.06982453693423546,-0.32471190508032993,0.17030881737225534,0.08065164663059664,-0.19187628440443918,0.5159692225578181,0.6759910068066739,-0.19779551940632303
-0.516023928645356,-0.8255557284323326,-0.43412247885332395,0.4921788779359234,-0.03535956578670773,0.10596824626150679,0.05376476181189467,-0.6929622167827706,0.5163547926134305,0.04227227866271814,0.27166517583834965,0.40335818928584566,-0.4682733549225615,0.02601287956879453,-0.9886631620745795,0.014556603873259062,1.2373365404174959,0.14359787818348105,0.6084527661968081,-0.04000404032385719,0.5121295561928227,1.1475445095569998,-0.16573466801589787,0.20063538383872132,-0.4258409555671938,-1.5074276584152284,-0.3383354816822607,-0.2774076918294477,-0.5009104401241462,-0.36751374502978257,1.7947378371114915,0.504235326610775,0.07064032896311709,-0.6680052634487519,-0.7791135728733738,0.6954812167839347,-0.2303562409245222,-0.12520005859789157,-0.6124150348904086,0.32668007775958013,0.05548305880337751,-0.6302500420103335,0.6406001250282032
-0.49751652471580593,0.026857089187317097,0.006757974022661414,-0.3077918372110871,0.4356677575411718,0.37309071760442464,0.9075378992941197,-0.13709627104354427,0.21682140281187465,-0.8732856688756591,-0.20150584538949165,0.31573911464478804,0.013289812182742786,0.5171392030002889,-0.27547679949408205,0.7490089891607254,0.7023977880045692,0.2548352228613389,-0.42247397354164373,-0.22250092159885887,0.03679696526573955,0.029340244175507794,-0.5961810100029421,-0.16003426149337494,0.631561710878625,0.4582886580772892,0.4402999249032152,0.8008018783966927,-0.11956453314897501,0.17639113572301063,0.504235326610775,1.6326333640886939,0.22255223683977468,0.30852023269980305,0.8585348344738714,1.019685877605787,-0.20740293977611116,0.05279927395958207,-0.47512613310990415,-0.493321905625745,0.4362861642428157,0.8072237011906872,-0.0984274724619282
0.08161961003035316,0.47937966557339995,0.0142438947894225,0.48471476387992074,-0.3153715335497549,-0.0576079701129428,0.5323563592216254,-0.02292665893228777,-0.058394906291611,0.3236237413797198,-0.4144651235195334,0.4735253534861917,0.42842285607818,0.12253340159771141,-0.10452657935073571,0.10603076264971907,0.313097396453752,0.5423158735616305,-0.03509351139697908,0.3316970402403703,-0.11011776131530544,0.5785691871985245,0.031355243403617755,-0.10682960028026015,0.23030916755920477,-0.17811264749626118,0.040510206817508505,0.4683021693623715,0.28156131736885887,-0.219864621823398,0.07064032896311709,0.22255223683977468,0.80965083308491,-0.44506834148944935,-0.040749185694147746,-0.055845108953786325,0.2561778647512255,-0.4414633669946296,0.24510065054361665,-0.2035315483157568,-0.08265435764760506,-0.708434161388911,0.2646382521468107
-0.1946467276534049,-0.13704169344973008,-0.2457279154183445,-0.7593565758116521,0.12026599207384923,-0.06452640277212884,-0.6946513164791578,0.47495943128313917,-0.25811334319074786,-0.1772425042774605,0.3655616744424964,-0.8244449938399013,0.35857284661800326,-0.6166294361223084,0.5309219797365925,0.6847215985136041,-1.3839768670368737,-0.042689610892546706,-1.1704015552524234,0.21032387304042077,-0.34983901452186494,-0.9981813303886783,-0.8677711014799615,-0.17295519515109703,0.13310773920141214,1.082018718540707,0.8642957355952959,-0.06520963906903235,-0.6273725924583317,0.5094155853693677,-0.6680052634487519,0.30852023269980305,-0.44506834148944935,1.7642383359311615,0.6841645759281767,0.7109038655507454,-1.0544681042257344,-0.527329263080469,-0.24506198263117443,-0.1759408826843248,0.8407875008485226,1.029581181159522,-0.526618021953362
-0.058766411381887075,0.435002043343695,0.1587516931036116,-0.6045841841347795,0.7322981871023995,0.1904262090963331,0.7140056230338827,0.347151581051092,-0.07768879597861746,-1.0570865614746914,-0.19918049615282082,0.07689556856336666,0.09548211505666271,0.4096009239107953,0.43755248458695056,0.6244129121425341,-0.3204983664757771,0.3014166555414396,-0.4726538573127625,-0.6928296300985347,-0.08301314227437859,-0.6963614447465524,-0.2108510301300275,-0.13278169185143643,0.6440822074897631,1.1158132231755995,0.22256095340601206,0.5827384592611095,0.1676156408262457,0.5560308787959751,-0.7791135728733738,0.8585348344738714,-0.040749185694147746,0.6841645759281767,1.418017338253823,0.16603941470290673,-0.11249184937403787,0.2320448970181632,-0.25242691016173174,-0.49557323585017005,0.44077010919347576,0.9906329077821672,-0.46257627029287723
-0.6016540003936551,-0.23958950005489096,-0.3594001643541361,-0.2753585595193555,0.12384580403205303,0.37790701661520143,-0.28433011502797767,0.23636518611274107,0.41462533456982803,-0.24782062722488354,0.07068940365437267,-0.043774050043529,-0.16720908989916705,-0.6338676710000938,-0.5472783549536392,0.5857241875228354,0.11482084259717895,0.11113423713503914,-0.6310896368542168,0.1139381389217099,-0.14227181823189264,0.27748197347905823,-0.6502996127704948,-0.285082363178949,-0.20035603693886206,-0.08510489506251535,0.47020172669252946,0.8395928859433254,-0.5886347532262025,0.06982453693423546,0.6954812167839347,1.019685877605787,-0.055845108953786325,0.7109038655507454,0.16603941470290673,1.4880595991254686,-0.7937487594463735,-0.14035833242274087,-0.45899400032033366,-0.16745413148974603,1.0838483910435,0.6856314973924298,-0.29087651493542355
0.32818897073962283,0.40556241724581,0.6729659755022116,0.37797059478477246,-0.1212246489476502,0.0809654689255425,0.7821338199756444,-0.3205851158260514,-0.12245692661784308,0.24492095703366565,-0.533482221523083,0.28919473048880096,0.05000248898771556,0.7709393345247064,-0.0010696146303080497,-0.4174824979724074,0.6865821201302134,-0.4508972280422946,0.41103364798290054,0.0646025668276447,-0.023810229715260294,-0.08284389677057785,0.6019534743570963,0.05776207636164836,0.335059046994226,0.2061727465080856,-0.1905155668997171,0.06807709326058407,0.7595983000957026,-0.32471190508032993,-0.2303562409245222,-0.20740293977611116,0.2561778647512255,-1.0544681042257344,-0.11249184937403787,-0.7937487594463735,1.1242193863356547,0.4765621291350566,0.32980782104580936,-0.07602184269132653,-1.0202765068385484,-0.3306283603578731,0.11003801786402526
0.023668875351275247,0.08599607413857568,0.23056580223597672,-0.452796630394789,0.5102557666337049,0.3185619875030375,0.16870497781953203,0.18477928922329448,0.30923351170998276,-0.9012097076679135,-0.04894968562325466,0.3140773521816297,-0.7741178605984745,0.3451814290659578,-0.07192405671030853,-0.48415263060219377,0.5867616188413383,-0.31011054002778804,0.6252634049483601,-0.7377241875806746,0.14886724142847263,-0.09558150797239544,0.5825552163136033,-0.05720572796310747,-0.031991360839661503,0.05008332106255297,-0.6079324308395617,0.49196650424649346,0.41710252468326936,0.17030881737225534,-0.12520005859789157,0.05279927395958207,-0.4414633669946296,-0.527329263080469,0.2320448970181632,-0.14035833242274087,0.4765621291350566,1.2559466217356627,0.1996312838749452,-0.07841907204011227,0.026971105332736868,0.843045571987993,-0.35826598102704243
0.3217429481302331,0.39936102843517934,0.04800750685612814,-0.26218217780216785,-0.48857811223708675,-0.235368212497192,-0.2565288152845899,0.2030964588742476,-0.2119412294203452,-0.007926986454386099,-0.009724690065015442,0.17275397044176827,0.14791781481309835,0.035531933415769275,0.3662876111887043,-0.6346059918777375,-0.19309186836136505,0.16331281696113614,0.1470607663488416,0.39701970739773984,-0.24843374277585842,-0.10742617066858713,0.26140516951225634,-0.1830836373248826,0.1434290316149183,0.25595663629395304,-0.23285553928655559,0.23061273647077554,0.5118352036454273,0.08065164663059664,-0.6124150348904086,-0.47512613310990415,0.24510065054361665,-0.24506198263117443,-0.25242691016173174,-0.45899400032033366,0.32980782104580936,0.1996312838749452,1.1091986482085328,-0.2501021671083393,-0.04617622012441882,0.16822035034041166,-0.0598733084886184
0.024451833344649284,-0.3144144517056726,-0.10200237329771474,0.29625121165175744,-0.057292280769686905,-0.06927846878913227,-0.3442676573825822,-0.11090831832834769,0.049951442365896874,0.39800888544301455,0.17037775732374036,-0.15776895438311173,-0.16252458932882757,-0.2129968145244337,-0.1382167666363955,-0.1538071498987049,0.0030301391807368056,-0.1834307582095423,0.2822355816557404,0.002638555835700221,0.16951565761247853,0.24839104676684357,0.13036610128248197,0.17536269383430342,-0.3856310273929946,-0.559596828930548,-0.1494684917084894,-0.5096216367369156,-0.2357162266798634,-0.19187628440443918,0.32668007775958013,-0.493321905625745,-0.2035315483157568,-0.1759408826843248,-0.49557323585017005,-0.16745413148974603,-0.07602184269132653,-0.07841907204011227,-0.2501021671083393,0.3929056634871603,-0.22315590825944626,-0.502178669134512,0.18258993808357002
-0.39433834793751005,0.016104102126869385,-0.7517851305860863,-0.5864275602417058,0.3726553182700655,0.19000824170059002,-0.7497977534259523,0.7533689907618302,0.5178533520424154,-0.7550525909324023,0.2995993894634143,0.24846583282500237,-0.3877722081251942,-1.1508873114757487,-0.3218180735485167,0.3069112169928708,-0.551512632526123,0.8556279592199917,-0.3211856360078781,-0.554435806743018,-0.1050238135271173,0.37948327556939204,-0.225392357161531,-0.35206095120964515,-0.596261290498132,-0.34941133372744604,-0.2962593113867535,1.0211884264770217,-0.42407537233963305,0.5159692225578181,0.05548305880337751,0.4362861642428157,-0.08265435764760506,0.8407875008485226,0.44077010919347576,1.0838483910435,-1.0202765068385484,0.026971105332736868,-0.04617622012441882,-0.22315590825944626,1.8523146577641774,0.7127720474297613,-0.4705229595467184
-0.25139139732669447,-0.03510409100912252,0.1288652624759221,-1.3216710350901448,0.5188274270054607,0.27109447144665977,-0.14058204410731995,0.3861399136582209,0.02018460833672585,-1.3027665151172263,0.21447507844604638,-0.3188684862070423,-0.35567543726245987,0.18102243471569976,0.3960794077229003,0.1529229441536487,-0.34779923032888016,-0.3994785933420393,-0.5534316877429916,-0.34202104575730913,-0.221094440621221,-1.166147027003378,-0.39298396295071586,-0.29463315799592227,0.467410377696807,1.336243587263092,0.33051550447876954,0.569351152638747,0.0037424618910734237,0.6759910068066739,-0.6302500420103335,0.8072237011906872,-0.708434161388911,1.029581181159522,0.9906329077821672,0.6856314973924298,-0.3306283603578731,0.843045571987993,0.16822035034041166,-0.502178669134512,0.7127720474297613,2.142794956107874,-0.7931955651865245
-0.008148830937925348,-0.32893885847624854,-0.1531130183785729,0.4236743877085757,-0.2331612084566198,-0.2725143265269575,0.2174905380517214,-0.5656161568831795,-0.06298951646047649,0.21520634004512196,0.14505305038956934,0.23200285656805372,0.08303183683960079,0.3713878009305366,-0.16271158525424873,-0.14335916659097936,0.49024025950489464,0.23103976159039066,0.460817245353467,0.1546472275690984,0.31304619015910706,0.48630664408435875,-0.010281651620177312,0.23561748409970731,0.0434256712832217,-0.6950119344877216,-0.2411085902304932,-0.6818425869078212,-0.05376322720211555,-0.19779551940632303,0.6406001250282032,-0.0984274724619282,0.2646382521468107,-0.526618021953362,-0.46257627029287723,-0.29087651493542355,0.11003801786402526,-0.35826598102704243,-0.0598733084886184,0.18258993808357002,-0.4705229595467184,-0.7931955651865245,0.6252334717184573
