V1,V2,V3,V4,V5,V6,V7,V8,V9,V10,V11,V12,V13,V14,V15,V16,V17,V18,V19,V20,V21,V22,V23,V24,V25,V26,V27,V28,V29,V30,V31,V32,V33,V34,V35,V36,V37,V38,V39,V40,V41,V42,V43
0.11854740174205135,-0.06827017977332588,0.10859007031723278,-0.7512273778938213,-0.12937942001305391,-0.21479394138260066,0.18750620521753347,-0.05925512023929484,0.32739138672389,-0.06985472215797843,0.19686396339641343,0.37838498560946127,0.11424282758684969,0.5867195474858393,0.17425021489972656,-0.17558917244693195,0.3308301043941424,0.008750755116927085,0.26064115532967996,-0.2668296510205788,0.2280712941113636,-0.14628258305956857,0.27480868601956393,-0.1977837363027616,0.22145928266181,-0.47829029198817735,-0.07433587611857549,0.10102459635727463,0.07050296076657624,-0.13157250014144847,0.22652376311359385,-0.19105289859919114,-0.35938382774223193,-0.6901480161212655,0.24495470832178237,-0.16851131573138006,0.20011184471720303,0.18616817841543723,-0.18055703936491047,0.13621952289615788,-0.2196607245162203,-0.4074028589139033,-0.09503892313145722
-0.06827017977332588,0.4045612046907954,0.04713109213235297,2.0318598791654257,0.8362373926156065,0.4620490130805768,1.255214781272536,-0.3606815360221163,-0.4311420743500794,-0.3054183691312314,-0.8031593782925245,0.20737363293644176,-0.26870822608336364,0.09896126612013828,-0.4965963225722065,0.5080644204983217,0.6053555400628929,0.5261706569945045,0.45063634387857265,-0.47106081609360795,0.17346506611608586,0.9902180157462033,0.08605066421382879,0.6904341132336691,0.01725428924457285,0.242869205052617,-0.49572769027566144,-0.22365321471737598,0.32903487030695827,0.029905647965880914,0.003123858234019533,0.7145122802928294,1.157278531832953,-0.05870735806924893,0.05698314144866294,-0.47870344106174945,0.45247161217292287,-0.16846038426916546,-0.2786297892534632,-0.1970509948790204,-0.44097128795810014,-0.3466210472249237,0.7097074828061666
0.10859007031723278,0.04713109213235297,0.16983877881778262,-0.30989801756911856,0.12977333798221968,-0.06950382836223443,0.4974491978529608,-0.09817989669821119,0.23763067108285252,-0.12433732718447896,-0.011713245300849,0.3647062230415979,0.06147236188003433,0.5948378908900872,0.08465596590933394,0.014749317230271283,0.39660191393875593,0.06760373925158228,0.2934549982342351,-0.447516384750884,0.25711674492201636,-0.009951035193141906,0.3038951968898544,-0.03823470676973475,0.2210511467639122,-0.34416545242956775,-0.13221714296767095,0.07268252875365139,0.12471422963259839,-0.12378690714506857,0.1541685809753457,-0.023528864441031753,-0.16568159587464024,-0.6429774359623107,0.35531319239966275,-0.27766499616149287,0.30019672971401734,0.15870890075531682,-0.3534904699290977,0.10956294054954137,-0.3243026267727003,-0.463691971364501,-0.004858400916763844
-0.7512273778938213,2.0318598791654257,-0.30989801756911856,12.058909249857605,4.107663107935196,2.781852756693826,5.021324065604753,-1.5598262606237183,-3.1697126661797195,-1.1901089774504943,-4.322881990332027,-0.23664677884277904,-1.6673823467965156,-1.5988318028135315,-2.9617182301363747,2.7526975792689505,1.7889833608424779,2.549275213464164,1.3221225261730913,-1.0061604154112036,0.011470934763882801,5.306101792324904,-0.6160731687290898,3.8641054266946853,-0.708531026946307,2.611772674323538,-2.1569216000967857,-1.4516367111025685,1.3183848799186542,0.6067428855984808,-0.5966903241622145,3.9521663303010164,6.778505723982207,2.0416076274793715,-0.8827216330944863,-1.5931880998337846,1.3648348496084444,-1.4631078300838805,-0.32756986650352027,-1.4404587557254276,-1.2233208934988127,-0.19603681767705952,3.7941614770423957
-0.12937942001305391,0.8362373926156065,0.12977333798221968,4.107663107935196,1.7670612300378652,0.9709922727252704,2.5711349366510867,-0.6957475578262796,-0.8644599495894659,-0.607751385088049,-1.65630864810988,0.37595083451468425,-0.5344995334996863,0.19136465381413464,-0.9891152735719971,1.10156333639935,1.172398645120146,1.0148708868061875,0.863114920735379,-1.011304445961241,0.34279182958558874,1.9333071059950597,0.17357666858191595,1.4006689916401278,0.02928198961359677,0.5641213779113485,-0.9525576305613153,-0.4398034507476348,0.6487766811621783,0.06794483990802476,-0.047833314931443514,1.4491923756256806,2.2980334549942447,-0.06285072736926255,0.20044378426137738,-0.9738593321825432,0.909846151378855,-0.330440882382797,-0.6607139893604611,-0.3870152107637586,-0.9040433250519498,-0.686380506500635,1.3861639442066964
-0.21479394138260066,0.4620490130805768,-0.06950382836223443,2.781852756693826,0.9709922727252704,0.7335168759680285,0.8538732400424568,-0.19336530822111753,-0.8162559752659497,-0.15512698601979297,-0.995426993593735,-0.392068887603005,-0.38229037411020417,-0.7334528130249753,-0.6506951925174747,0.7528612873419704,0.007715990527663002,0.39072626703849656,-0.026198866248527134,-0.10102936273432658,-0.17302069033736595,0.9818583133812325,-0.3019743791807521,0.8718363319018846,-0.29784718928231607,0.9435840928546683,-0.2749627360614521,-0.31804733153887793,0.1705951188951073,0.21288690063380059,-0.3698201732580095,0.8866576028263575,1.4426508040847963,0.9600664230022264,-0.20217258197167512,-0.1841813406248547,0.10954231310106305,-0.39100141845058384,-0.08845920332408692,-0.34458805197747333,-0.08592485954180497,0.2798304327915808,0.688974045421995
0.18750620521753347,1.255214781272536,0.4974491978529608,5.021324065604753,2.5711349366510867,0.8538732400424568,5.629943382726939,-1.7723183629010941,-0.4042101753968819,-1.5211699885443757,-2.304360967795649,2.491432721618464,-0.6292416111977227,2.7949928297293543,-1.310997964350613,1.083665493627736,3.9012819872679754,2.2694551246029016,2.994033806402383,-2.7424678793472155,1.6343722751844976,3.5457776905931677,1.4249924936998444,1.9145646508244838,0.9627885383303441,-1.1794980953926018,-2.403455285803122,-0.527063448578901,1.641885597121744,-0.42127988664563537,1.1092178420550758,2.043101988146023,3.2790941886075253,-3.1643397248415046,0.9442486661740044,-2.563400753682379,2.5983157119985885,0.06205715582363745,-1.5237578232647668,-0.27220241084110547,-2.5995047935713287,-3.0641522899173976,2.602478993073733
-0.05925512023929484,-0.3606815360221163,-0.09817989669821119,-1.5598262606237183,-0.6957475578262796,-0.19336530822111753,-1.7723183629010941,0.6344463210972443,0.11327883564221466,0.5128039127004447,0.6756027935185264,-0.914963375422349,0.2056424665001588,-0.9651994063185431,0.43547397496597323,-0.21195477565900292,-1.3779113605990208,-0.8158969874642686,-1.0764115706824935,0.7925266698696117,-0.5581801909400027,-1.2499003111292013,-0.4700743822937661,-0.5891791554471087,-0.33328192302121334,0.540096416175693,0.8591254038494922,0.1891692831431126,-0.5623442487389352,0.15177801935039562,-0.478617144356918,-0.6301745282942188,-1.1096921055180067,1.163606398493026,-0.1750281423931695,0.8307325860444529,-0.8537697902762726,-0.020142837881520787,0.3351010742235849,0.09978035540613042,0.8377511913178094,1.0462354371535219,-0.9243971131201035
0.32739138672389,-0.4311420743500794,0.23763067108285252,-3.1697126661797195,-0.8644599495894659,-0.8162559752659497,-0.4042101753968819,0.11327883564221466,1.0711630077516892,0.04463338153248921,1.0095918492128817,0.7434433102806507,0.4550652540662362,1.321623413047816,0.7559108751054153,-0.7489856502225406,0.3587346782338259,-0.3493914748692159,0.29657197628528476,-0.3296313944279174,0.421494552321577,-1.0378905086420613,0.5976074577339465,-0.9375576231663172,0.5141842924826326,-1.2859487297028769,0.16997720920945492,0.3988749294436419,-0.06071153825043052,-0.33448277076066957,0.5193566880197474,-0.9378186448108927,-1.6554792172564168,-1.5881454378066118,0.5616928297878283,-0.07452452740596383,0.16855790955008193,0.5579055049813721,-0.2614528673320494,0.4616989450546989,-0.221340180297707,-0.7263940814137527,-0.7238186619283687
-0.06985472215797843,-0.3054183691312314,-0.12433732718447896,-1.1901089774504943,-0.607751385088049,-0.15512698601979297,-1.5211699885443757,0.5128039127004447,0.04463338153248921,0.42958211891032905,0.5530946371057235,-0.7818011361367461,0.14979103381557463,-0.8771954501608182,0.3271836757308801,-0.19941214003828373,-1.1551016347266674,-0.6464304161836111,-0.8961234711704814,0.7398629446944744,-0.49052335364703986,-0.9720248346510997,-0.4337475034449331,-0.4667533152718177,-0.3068238606170998,0.46906045089662246,0.6938913924617808,0.13181819075605414,-0.4659695728219287,0.14275871179356084,-0.389592712540695,-0.5012465257696415,-0.8402715963422753,1.0303937752985073,-0.23794383116018852,0.7174694797538422,-0.737751291552699,-0.04819537202809717,0.37076051608827026,0.05479171896499748,0.7340477515086465,0.916392672211494,-0.7181298628805889
0.19686396339641343,-0.8031593782925245,-0.011713245300849,-4.322881990332027,-1.65630864810988,-0.995426993593735,-2.304360967795649,0.6756027935185264,1.0095918492128817,0.5530946371057235,1.6491236212562808,-0.21288049708514606,0.5839510359147259,0.12097607637783346,1.056526841195405,-1.0481314208840458,-1.0082094044149257,-1.0277191976980304,-0.7466297668981009,0.7334033183776274,-0.21459523814767378,-2.013393359074172,-0.007323247043134882,-1.432274064848038,0.09297843975731752,-0.7055420611116459,0.9288745642494167,0.49540737770666976,-0.6043784911842591,-0.1317076489939597,0.09163565142536255,-1.4796122913907197,-2.444654551159254,-0.25214156974847635,0.05936102619955343,0.8298507248101962,-0.7580730795949483,0.4252043815567737,0.39621840999902663,0.4601602822490005,0.7258643696803257,0.4525923022993316,-1.446654167939054
0.37838498560946127,0.20737363293644176,0.3647062230415979,-0.23664677884277904,0.37595083451468425,-0.392068887603005,2.491432721618464,-0.914963375422349,0.7434433102806507,-0.7818011361367461,-0.21288049708514606,2.1029613879783695,0.06486082959925284,2.6838213525184926,-0.04410722784683648,-0.2995505974046747,2.511063252007285,1.000241812161095,1.9758926269210495,-1.5576649382921817,1.255938831277444,1.0995578410355198,1.267926852675402,0.13496943953583837,0.9776412957887246,-1.9677312491859082,-1.2239601498254868,0.042063528296063274,0.8456179371699273,-0.530536208540994,1.2100260779489396,0.19903505940474125,0.34575959452866384,-3.2288126889951596,0.7729262160010971,-1.394504898565083,1.511630549647801,0.5138842241851401,-0.7715561850757752,0.2394213741328898,-1.5338128556341968,-2.3001897966654794,0.8506200546996651
0.11424282758684969,-0.26870822608336364,0.06147236188003433,-1.6673823467965156,-0.5344995334996863,-0.38229037411020417,-0.6292416111977227,0.2056424665001588,0.4550652540662362,0.14979103381557463,0.5839510359147259,0.06486082959925284,0.2352922383362307,0.2736292356935759,0.4113204547575362,-0.3629034764131463,-0.20851087190260567,-0.34534806755396735,-0.15358347131373726,0.08713910836466018,0.021935428815944253,-0.7290355277031716,0.11333439674269566,-0.52760336452575185,0.11976558479185044,-0.3813127768090645,0.28603073891203673,0.20566764169225726,-0.17031428701234236,-0.09342745682772492,0.0916618469704398,-0.5411610522983128,-0.9392389358576094,-0.3370058278956424,0.16556090840037704,0.1884114785882281,-0.15621521574131453,0.21423704737984572,-0.003145969106232819,0.20736084537702493,0.1312464629766595,-0.017560871595537954,-0.5220365814787993
0.5867195474858393,0.09896126612013828,0.5948378908900872,-1.5988318028135315,0.19136465381413464,-0.7334528130249753,2.7949928297293543,-0.9651994063185431,1.321623413047816,-0.8771954501608182,0.12097607637783346,2.6838213525184926,0.2736292356935759,3.6685700533888785,0.2901547690475582,-0.5468117198031469,2.9896839522973684,0.94324868096414,2.3397336597827687,-2.0658045008950534,1.6308560433936428,0.7385644918215956,1.7410433938099203,-0.22133732342476065,1.347403770508534,-2.7161482121840974,-1.2852552563220765,0.2422343490083834,0.9385015989483465,-0.7549016882936654,1.5278931316222053,-0.14121051724255626,-0.3672785593825538,-4.3435855833742,1.2759235092533845,-1.6679252034671872,1.8355403572853137,0.8477326345810963,-1.1689319093263575,0.4943356513963882,-1.8970252473163727,-2.9628513347473526,0.6038835313769897
0.17425021489972656,-0.4965963225722065,0.08465596590933394,-2.9617182301363747,-0.9891152735719971,-0.6506951925174747,-1.310997964350613,0.43547397496597323,0.7559108751054153,0.3271836757308801,1.056526841195405,-0.04410722784683648,0.4113204547575362,0.2901547690475582,0.7394315671027915,-0.6301010835883232,-0.5616838801806321,-0.6896357545556283,-0.42619599343960757,0.27082498582568965,-0.052747300951886324,-1.3830870255580943,0.10863289445243854,-0.9530899158427549,0.13628898335430406,-0.5339450763510754,0.5996766502570924,0.36394772733124525,-0.36351839508153344,-0.12828124963767557,0.07094938619954551,-0.975906596425354,-1.7073567966195464,-0.3566264370763464,0.2335393120178819,0.4410108982720808,-0.3918611722519068,0.3461974797024938,0.05836863448070062,0.3529281406430743,0.3527830242353565,0.1407497751857811,-0.9936072357189515
-0.17558917244693195,0.5080644204983217,0.014749317230271283,2.7526975792689505,1.10156333639935,0.7528612873419704,1.083665493627736,-0.21195477565900292,-0.7489856502225406,-0.19941214003828373,-1.0481314208840458,-0.2995505974046747,-0.3629034764131463,-0.5468117198031469,-0.6301010835883232,0.8330438743561314,0.11759825641897399,0.3926888652284592,0.04911395645669047,-0.30852176540070436,-0.09137258094348882,0.9601725259818201,-0.19820046154613574,0.8886199642095941,-0.22507926249756052,0.8944084497719024,-0.29751867869566606,-0.291206814048952,0.2071000580739357,0.1782375124966525,-0.3617493900617457,0.9044161708700229,1.3980061914843047,0.7868385869909789,-0.017211289720840375,-0.29461660033075454,0.22078736671997398,-0.34034025309576293,-0.29124593912341,-0.30680626791624904,-0.21708773356716962,0.12912737911586583,0.6705495030388949
0.3308301043941424,0.6053555400628929,0.39660191393875593,1.7889833608424779,1.172398645120146,0.007715990527663002,3.9012819872679754,-1.3779113605990208,0.3587346782338259,-1.1551016347266674,-1.0082094044149257,2.511063252007285,-0.20851087190260567,2.9896839522973684,-0.5616838801806321,0.11759825641897399,3.356760557584463,1.6503540275174418,2.6238839982964786,-2.0784076721255422,1.5300868366277365,2.2438967515688413,1.438088711279669,0.8311200576738094,1.06639352753661,-1.9355826113967565,-1.856225209907509,-0.1956934197172228,1.2550157558204662,-0.5416532381610205,1.361033444675287,0.9256350632452787,1.5813364863299266,-3.570290224645253,0.7984428417172145,-1.972570715055111,2.075327397239116,0.37475518713913986,-1.0070794074990912,0.0452285346177038,-2.0775794745014045,-2.8309223904674585,1.682485511243918
0.008750755116927085,0.5261706569945045,0.06760373925158228,2.549275213464164,1.0148708868061875,0.39072626703849656,2.2694551246029016,-0.8158969874642686,-0.3493914748692159,-0.6464304161836111,-1.0277191976980304,1.000241812161095,-0.34534806755396735,0.94324868096414,-0.6896357545556283,0.3926888652284592,1.6503540275174418,1.090245044788136,1.2880180407513477,-0.9056102073674399,0.6123431098405362,1.7658336227142348,0.4662248288444044,0.9108916146376685,0.3136553256425103,-0.435320909592521,-1.1083821375155969,-0.315758613065802,0.7131635753730798,-0.1240477973305839,0.5049792264257957,0.9626947813880691,1.7064186497584763,-1.1454651594060643,0.08978475816347667,-1.0144900292413213,1.0262198044583455,-0.0847035805105175,-0.3433393751395219,-0.21599616005852776,-0.9934670628833631,-1.1599195513175211,1.2981142003075012
0.26064115532967996,0.45063634387857265,0.2934549982342351,1.3221225261730913,0.863114920735379,-0.026198866248527134,2.994033806402383,-1.0764115706824935,0.29657197628528476,-0.8961234711704814,-0.7466297668981009,1.9758926269210495,-0.15358347131373726,2.3397336597827687,-0.42619599343960757,0.04911395645669047,2.6238839982964786,1.2880180407513477,2.0571116575705126,-1.585162778697174,1.1929345856980755,1.741430082213426,1.1200415353348339,0.621221631010838,0.8369475098374834,-1.5496190347793322,-1.4485892713140416,-0.15092847330466408,0.9739075260676524,-0.425443829891434,1.0874154423211546,0.6919241972308493,1.2108249170582708,-2.8123297942010974,0.5947087594102052,-1.5235626819796342,1.6067933415342748,0.29634449536304974,-0.7451852182553713,0.0381889091478229,-1.6073391226255933,-2.2082992171348943,1.3072464986229249
-0.2668296510205788,-0.47106081609360795,-0.447516384750884,-1.0061604154112036,-1.011304445961241,-0.10102936273432658,-2.7424678793472155,0.7925266698696117,-0.3296313944279174,0.7398629446944744,0.7334033183776274,-1.5576649382921817,0.08713910836466018,-2.0658045008950534,0.27082498582568965,-0.30852176540070436,-2.0784076721255422,-0.9056102073674399,-1.585162778697174,1.685376638690984,-1.0323202533511004,-1.1838850373078258,-1.039682711393738,-0.5314982163670323,-0.7421563753987789,1.1164853909674448,1.0701443545962288,0.04341916868089623,-0.7840088539596173,0.37772081170610594,-0.7168362352686619,-0.5994348786634492,-0.776816332304325,2.3164322775461024,-0.911738092269436,1.3586614327247315,-1.4163583558309079,-0.3215109823369947,1.0823486876826356,-0.1126771863439259,1.4570687286257082,1.901244595418449,-0.8792481227455825
0.2280712941113636,0.17346506611608586,0.25711674492201636,0.011470934763882801,0.34279182958558874,-0.17302069033736595,1.6343722751844976,-0.5581801909400027,0.421494552321577,-0.49052335364703986,-0.21459523814767378,1.255938831277444,0.021935428815944253,1.6308560433936428,-0.052747300951886324,-0.09137258094348882,1.5300868366277365,0.6123431098405362,1.1929345856980755,-1.0323202533511004,0.7714349153712626,0.6931324705643194,0.7820449996317197,0.14037189932101124,0.5907392510257186,-1.1233743069250612,-0.7488475240509629,0.020837016405456432,0.5287362004135632,-0.318445469534404,0.6889582590858139,0.1843569937727954,0.26171339571232244,-1.9252173356032165,0.5363474433351966,-0.8878464435250345,0.9531894828831573,0.30635927822982484,-0.5614267377073511,0.14051223371605442,-0.9713131327315563,-1.4121775857404986,0.5319310641228202
-0.14628258305956857,0.9902180157462033,-0.009951035193141906,5.306101792324904,1.9333071059950597,0.9818583133812325,3.5457776905931677,-1.2499003111292013,-1.0378905086420613,-0.9720248346510997,-2.013393359074172,1.0995578410355198,-0.7290355277031716,0.7385644918215956,-1.3830870255580943,0.9601725259818201,2.2438967515688413,1.7658336227142348,1.741430082213426,-1.1838850373078258,0.6931324705643194,3.0945853855442134,0.3937007021152071,1.8018726544996317,0.2099746291496446,0.003451623932665924,-1.7051562988734075,-0.6564817790946325,1.0754747317451991,-0.017874592815948276,0.47808028429575394,1.8767442488756447,3.315425819701565,-0.8984177082146785,-0.12549145309561383,-1.4584782479318974,1.4278453346196989,-0.39664073987130893,-0.398386950527277,-0.5417298395661273,-1.356933746500753,-1.348686389561186,2.2553328131172847
0.27480868601956393,0.08605066421382879,0.3038951968898544,-0.6160731687290898,0.17357666858191595,-0.3019743791807521,1.4249924936998444,-0.4700743822937661,0.5976074577339465,-0.4337475034449331,-0.007323247043134882,1.267926852675402,0.11333439674269566,1.7410433938099203,0.10863289445243854,-0.19820046154613574,1.438088711279669,0.4662248288444044,1.1200415353348339,-1.039682711393738,0.7820449996317197,0.3937007021152071,0.838016331369059,-0.05269147887132124,0.6415522992321735,-1.2466047942479936,-0.6292172985753347,0.10658168049242961,0.4615180728787637,-0.35675336257887863,0.699953212106484,-0.013735790186781342,-0.1129815343479741,-2.0483584051655663,0.6423550142234513,-0.8252921278892307,0.90452044950468,0.3917440638681451,-0.6119964860283509,0.22644520355312298,-0.9334714220466258,-1.4229828401715574,0.3120152061868639
-0.1977837363027616,0.6904341132336691,-0.03823470676973475,3.8641054266946853,1.4006689916401278,0.8718363319018846,1.9145646508244838,-0.5891791554471087,-0.9375576231663172,-0.4667533152718177,-1.432274064848038,0.13496943953583837,-0.52760336452575185,-0.22133732342476065,-0.9530899158427549,0.8886199642095941,0.8311200576738094,0.9108916146376685,0.621221631010838,-0.5314982163670323,0.14037189932101124,1.8018726544996317,-0.05269147887132124,1.265904163942784,-0.12007939806423525,0.6563058207165091,-0.8116494361328488,-0.45496735509639763,0.5120965938664326,0.13699528018973145,-0.08716128887610199,1.3015011354465398,2.2021852138787166,0.32153057612414365,-0.15666515251087273,-0.6723726860057729,0.6103128862049614,-0.4110516135802203,-0.24007343089613545,-0.43125410306129897,-0.5706879698888668,-0.31281370284212734,1.2922129211996147
0.22145928266181,0.01725428924457285,0.2210511467639122,-0.708531026946307,0.02928198961359677,-0.29784718928231607,0.9627885383303441,-0.33328192302121334,0.5141842924826326,-0.3068238606170998,0.09297843975731752,0.9776412957887246,0.11976558479185044,1.347403770508534,0.13628898335430406,-0.22507926249756052,1.06639352753661,0.3136553256425103,0.8369475098374834,-0.7421563753987789,0.5907392510257186,0.2099746291496446,0.6415522992321735,-0.12007939806423525,0.5020212818000528,-1.015195632013213,-0.4431555141659533,0.10514447536533456,0.32377772465158305,-0.28163831506133036,0.5602927224862784,-0.09665730166912533,-0.20540021822505886,-1.604642489243765,0.47796617738634756,-0.5886961246943135,0.6542612272985967,0.321310362110212,-0.42795436691531985,0.1955876041880008,-0.6782850190172237,-1.0739928254042381,0.1739274786187267
-0.47829029198817735,0.242869205052617,-0.34416545242956775,2.611772674323538,0.5641213779113485,0.9435840928546683,-1.1794980953926018,0.540096416175693,-1.2859487297028769,0.46906045089662246,-0.7055420611116459,-1.9677312491859082,-0.3813127768090645,-2.7161482121840974,-0.5339450763510754,0.8944084497719024,-1.9355826113967565,-0.435320909592521,-1.5496190347793322,1.1164853909674448,-1.1233743069250612,0.003451623932665924,-1.2466047942479936,0.6563058207165091,-1.015195632013213,2.3490180275648025,0.7108951718760402,-0.3107744691996743,-0.5073134224788299,0.5982084654582002,-1.2580468594575247,0.6170506028623879,0.993402924635386,3.3369452627073013,-0.7692274292320838,0.9169495812611257,-1.0751076933536032,-0.7384549716429899,0.5134031729283112,-0.48621070463597305,1.1083485767659895,2.0231972891415575,-0.05764420845037621
-0.07433587611857549,-0.49572769027566144,-0.13221714296767095,-2.1569216000967857,-0.9525576305613153,-0.2749627360614521,-2.403455285803122,0.8591254038494922,0.16997720920945492,0.6938913924617808,0.9288745642494167,-1.2239601498254868,0.28603073891203673,-1.2852552563220765,0.5996766502570924,-0.29751867869566606,-1.856225209907509,-1.1083821375155969,-1.4485892713140416,1.0701443545962288,-0.7488475240509629,-1.7051562988734075,-0.6292172985753347,-0.8116494361328488,-0.4431555141659533,0.7108951718760402,1.1655016805162146,0.2605346622176541,-0.7619327105820916,0.20170178095954083,-0.6365519036835944,-0.8682065325070422,-1.5226951243884868,1.5500066194302422,-0.22937289244991513,1.1221938283958717,-1.1536879390416146,-0.018788684369624536,0.450444332765397,0.14099303711936673,1.1286409304648815,1.4036551240440036,-1.2589182516833417
0.10102459635727463,-0.22365321471737598,0.07268252875365139,-1.4516367111025685,-0.4398034507476348,-0.31804733153887793,-0.527063448578901,0.1891692831431126,0.3988749294436419,0.13181819075605414,0.49540737770666976,0.042063528296063274,0.20566764169225726,0.2422343490083834,0.36394772733124525,-0.291206814048952,-0.1956934197172228,-0.315758613065802,-0.15092847330466408,0.04341916868089623,0.020837016405456432,-0.6564817790946325,0.10658168049242961,-0.45496735509639763,0.10514447536533456,-0.3107744691996743,0.2605346622176541,0.1873202296555917,-0.15051120736714055,-0.08366353806666363,0.058004138036925536,-0.4644965118102206,-0.8364505499491094,-0.28285121424951076,0.17809973664595255,0.15735726833912456,-0.12973042955650893,0.19133549912563005,-0.04205938940083055,0.18694731376101215,0.10749045246216203,-0.01603153284160883,-0.47236887049069676
0.07050296076657624,0.32903487030695827,0.12471422963259839,1.3183848799186542,0.6487766811621783,0.1705951188951073,1.641885597121744,-0.5623442487389352,-0.06071153825043052,-0.4659695728219287,-0.6043784911842591,0.8456179371699273,-0.17031428701234236,0.9385015989483465,-0.36351839508153344,0.2071000580739357,1.2550157558204662,0.7131635753730798,0.9739075260676524,-0.7840088539596173,0.5287362004135632,1.0754747317451991,0.4615180728787637,0.5120965938664326,0.32377772465158305,-0.5073134224788299,-0.7619327105820916,-0.15051120736714055,0.5100236133418807,-0.15161173690852878,0.42662732280370835,0.5533230381077416,0.9324911613209523,-1.1046483893761967,0.23204807211347164,-0.7738164179657527,0.7954395370043315,0.04626002719357937,-0.3747740839512072,-0.06649166772478377,-0.7873581720365799,-0.9863315150397646,0.7963080472543951
-0.13157250014144847,0.029905647965880914,-0.12378690714506857,0.6067428855984808,0.06794483990802476,0.21288690063380059,-0.42127988664563537,0.15177801935039562,-0.33448277076066957,0.14275871179356084,-0.1317076489939597,-0.530536208540994,-0.09342745682772492,-0.7549016882936654,-0.12828124963767557,0.1782375124966525,-0.5416532381610205,-0.1240477973305839,-0.425443829891434,0.37772081170610594,-0.318445469534404,-0.017874592815948276,-0.35675336257887863,0.13699528018973145,-0.28163831506133036,0.5982084654582002,0.20170178095954083,-0.08366353806666363,-0.15161173690852878,0.1639460302694371,-0.31387285936017023,0.12379996852042995,0.23658198626643326,0.9019775033285461,-0.2669339649160807,0.28629172053213336,-0.32669415771679333,-0.20009032708043734,0.21642053948263915,-0.13170620636608205,0.3392855748831266,0.5739739600848552,-0.02596063246568028
0.22652376311359385,0.003123858234019533,0.1541685809753457,-0.5966903241622145,-0.047833314931443514,-0.3698201732580095,1.1092178420550758,-0.478617144356918,0.5193566880197474,-0.389592712540695,0.09163565142536255,1.2100260779489396,0.0916618469704398,1.5278931316222053,0.07094938619954551,-0.3617493900617457,1.361033444675287,0.5049792264257957,1.0874154423211546,-0.7168362352686619,0.6889582590858139,0.47808028429575394,0.699953212106484,-0.08716128887610199,0.5602927224862784,-1.2580468594575247,-0.6365519036835944,0.058004138036925536,0.42662732280370835,-0.31387285936017023,0.7573621078407643,-0.057228980932617676,-0.013831984640332484,-1.8928932820340945,0.3399423181847623,-0.6859616573179204,0.7639195939149974,0.3241896966910233,-0.27588627515454456,0.1678959405621524,-0.7696261527361377,-1.2568844973134785,0.38405397623677273
-0.19105289859919114,0.7145122802928294,-0.023528864441031753,3.9521663303010164,1.4491923756256806,0.8866576028263575,2.043101988146023,-0.6301745282942188,-0.9378186448108927,-0.5012465257696415,-1.4796122913907197,0.19903505940474125,-0.5411610522983128,-0.14121051724255626,-0.975906596425354,0.9044161708700229,0.9256350632452787,0.9626947813880691,0.6919241972308493,-0.5994348786634492,0.1843569937727954,1.8767442488756447,-0.013735790186781342,1.3015011354465398,-0.09665730166912533,0.6170506028623879,-0.8682065325070422,-0.4644965118102206,0.5533230381077416,0.12379996852042995,-0.057228980932617676,1.3450563553362178,2.26176850082856,0.23603851646078192,-0.132642458972382,-0.7334543585758683,0.6725812553355698,-0.4025758536844743,-0.2732995681661132,-0.4333359135050032,-0.631528925156786,-0.3918417310963053,1.3494950582956333
-0.35938382774223193,1.157278531832953,-0.16568159587464024,6.778505723982207,2.2980334549942447,1.4426508040847963,3.2790941886075253,-1.1096921055180067,-1.6554792172564168,-0.8402715963422753,-2.444654551159254,0.34575959452866384,-0.9392389358576094,-0.3672785593825538,-1.7073567966195464,1.3980061914843047,1.5813364863299266,1.7064186497584763,1.2108249170582708,-0.776816332304325,0.26171339571232244,3.315425819701565,-0.1129815343479741,2.2021852138787166,-0.20540021822505886,0.993402924635386,-1.5226951243884868,-0.8364505499491094,0.9324911613209523,0.23658198626643326,-0.013831984640332484,2.26176850082856,3.973268481958006,0.45218328145345454,-0.47233708999115914,-1.1661601909224915,1.0658673362775595,-0.7400838193287596,-0.19488552141538146,-0.7880501280182577,-0.9778286623472443,-0.5811085336983597,2.3911884391863745
-0.6901480161212655,-0.05870735806924893,-0.6429774359623107,2.0416076274793715,-0.06285072736926255,0.9600664230022264,-3.1643397248415046,1.163606398493026,-1.5881454378066118,1.0303937752985073,-0.25214156974847635,-3.2288126889951596,-0.3370058278956424,-4.3435855833742,-0.3566264370763464,0.7868385869909789,-3.570290224645253,-1.1454651594060643,-2.8123297942010974,2.3164322775461024,-1.9252173356032165,-0.8984177082146785,-2.0483584051655663,0.32153057612414365,-1.604642489243765,3.3369452627073013,1.5500066194302422,-0.28285121424951076,-1.1046483893761967,0.9019775033285461,-1.8928932820340945,0.23603851646078192,0.45218328145345454,5.217568406418046,-1.3850658930336723,1.928847625434396,-2.141258831164408,-0.999396400478041,1.2259192290656609,-0.581192753060918,2.1985556743086145,3.5007286183682074,-0.7326629926137077
0.24495470832178237,0.05698314144866294,0.35531319239966275,-0.8827216330944863,0.20044378426137738,-0.20217258197167512,0.9442486661740044,-0.1750281423931695,0.5616928297878283,-0.23794383116018852,0.05936102619955343,0.7729262160010971,0.16556090840037704,1.2759235092533845,0.2335393120178819,-0.017211289720840375,0.7984428417172145,0.08978475816347667,0.5947087594102052,-0.911738092269436,0.5363474433351966,-0.12549145309561383,0.6423550142234513,-0.15666515251087273,0.47796617738634756,-0.7692274292320838,-0.22937289244991513,0.17809973664595255,0.23204807211347164,-0.2669339649160807,0.3399423181847623,-0.132642458972382,-0.47233708999115914,-1.3850658930336723,0.7638486437167966,-0.5509726087353312,0.5980650656743557,0.36064013988874977,-0.737647989738234,0.25580124233404394,-0.6594254504419234,-0.9674312477398039,-0.08224424496962514
-0.16851131573138006,-0.47870344106174945,-0.27766499616149287,-1.5931880998337846,-0.9738593321825432,-0.1841813406248547,-2.563400753682379,0.8307325860444529,-0.07452452740596383,0.7174694797538422,0.8298507248101962,-1.394504898565083,0.1884114785882281,-1.6679252034671872,0.4410108982720808,-0.29461660033075454,-1.972570715055111,-1.0144900292413213,-1.5235626819796342,1.3586614327247315,-0.8878464435250345,-1.4584782479318974,-0.8252921278892307,-0.6723726860057729,-0.5886961246943135,0.9169495812611257,1.1221938283958717,0.15735726833912456,-0.7738164179657527,0.28629172053213336,-0.6859616573179204,-0.7334543585758683,-1.1661601909224915,1.928847625434396,-0.5509726087353312,1.2371065757134312,-1.2793849644104562,-0.16623994571281153,0.7458769049227306,0.01947616309055158,1.2883760668325184,1.6483689449368741,-1.0821612915279506
0.20011184471720303,0.45247161217292287,0.30019672971401734,1.3648348496084444,0.909846151378855,0.10954231310106305,2.5983157119985885,-0.8537697902762726,0.16855790955008193,-0.737751291552699,-0.7580730795949483,1.511630549647801,-0.15621521574131453,1.8355403572853137,-0.3918611722519068,0.22078736671997398,2.075327397239116,1.0262198044583455,1.6067933415342748,-1.4163583558309079,0.9531894828831573,1.4278453346196989,0.90452044950468,0.6103128862049614,0.6542612272985967,-1.0751076933536032,-1.1536879390416146,-0.12973042955650893,0.7954395370043315,-0.32669415771679333,0.7639195939149974,0.6725812553355698,1.0658673362775595,-2.141258831164408,0.5980650656743557,-1.2793849644104562,1.3352794846715328,0.21694584859260022,-0.7699110924236628,0.0179985857029073,-1.3440640468087506,-1.7652554577355342,1.061211640541905
0.18616817841543723,-0.16846038426916546,0.15870890075531682,-1.4631078300838805,-0.330440882382797,-0.39100141845058384,0.06205715582363745,-0.020142837881520787,0.5579055049813721,-0.04819537202809717,0.4252043815567737,0.5138842241851401,0.21423704737984572,0.8477326345810963,0.3461974797024938,-0.34034025309576293,0.37475518713913986,-0.0847035805105175,0.29634449536304974,-0.3215109823369947,0.30635927822982484,-0.39664073987130893,0.3917440638681451,-0.4110516135802203,0.321310362110212,-0.7384549716429899,-0.018788684369624536,0.19133549912563005,0.04626002719357937,-0.20009032708043734,0.3241896966910233,-0.4025758536844743,-0.7400838193287596,-0.999396400478041,0.36064013988874977,-0.16623994571281153,0.21694584859260022,0.30598122181690107,-0.22855851808493755,0.23749393163773305,-0.24661739843843364,-0.5384223656130128,-0.269777303990155
-0.18055703936491047,-0.2786297892534632,-0.3534904699290977,-0.32756986650352027,-0.6607139893604611,-0.08845920332408692,-1.5237578232647668,0.3351010742235849,-0.2614528673320494,0.37076051608827026,0.39621840999902663,-0.7715561850757752,-0.003145969106232819,-1.1689319093263575,0.05836863448070062,-0.29124593912341,-1.0070794074990912,-0.3433393751395219,-0.7451852182553713,1.0823486876826356,-0.5614267377073511,-0.398386950527277,-0.6119964860283509,-0.24007343089613545,-0.42795436691531985,0.5134031729283112,0.450444332765397,-0.04205938940083055,-0.3747740839512072,0.21642053948263915,-0.27588627515454456,-0.2732995681661132,-0.19488552141538146,1.2259192290656609,-0.737647989738234,0.7458769049227306,-0.7699110924236628,-0.22855851808493755,0.8409457139213927,-0.12297665556900053,0.822895430719509,1.0307692756437876,-0.2908000928284475
0.13621952289615788,-0.1970509948790204,0.10956294054954137,-1.4404587557254276,-0.3870152107637586,-0.34458805197747333,-0.27220241084110547,0.09978035540613042,0.4616989450546989,0.05479171896499748,0.4601602822490005,0.2394213741328898,0.20736084537702493,0.4943356513963882,0.3529281406430743,-0.30680626791624904,0.0452285346177038,-0.21599616005852776,0.0381889091478229,-0.1126771863439259,0.14051223371605442,-0.5417298395661273,0.22644520355312298,-0.43125410306129897,0.1955876041880008,-0.48621070463597305,0.14099303711936673,0.18694731376101215,-0.06649166772478377,-0.13170620636608205,0.1678959405621524,-0.4333359135050032,-0.7880501280182577,-0.581192753060918,0.25580124233404394,0.01947616309055158,0.0179985857029073,0.23749393163773305,-0.12297665556900053,0.20659689581562532,-0.04334983940780763,-0.235661550096222,-0.3839889421357277
-0.2196607245162203,-0.44097128795810014,-0.3243026267727003,-1.2233208934988127,-0.9040433250519498,-0.08592485954180497,-2.5995047935713287,0.8377511913178094,-0.221340180297707,0.7340477515086465,0.7258643696803257,-1.5338128556341968,0.1312464629766595,-1.8970252473163727,0.3527830242353565,-0.21708773356716962,-2.0775794745014045,-0.9934670628833631,-1.6073391226255933,1.4570687286257082,-0.9713131327315563,-1.356933746500753,-0.9334714220466258,-0.5706879698888668,-0.6782850190172237,1.1083485767659895,1.1286409304648815,0.10749045246216203,-0.7873581720365799,0.3392855748831266,-0.7696261527361377,-0.631528925156786,-0.9778286623472443,2.1985556743086145,-0.6594254504419234,1.2883760668325184,-1.3440640468087506,-0.24661739843843364,0.822895430719509,-0.04334983940780763,1.3635525625385443,1.797558520585039,-1.0115187830743095
-0.4074028589139033,-0.3466210472249237,-0.463691971364501,-0.19603681767705952,-0.686380506500635,0.2798304327915808,-3.0641522899173976,1.0462354371535219,-0.7263940814137527,0.916392672211494,0.4525923022993316,-2.3001897966654794,-0.017560871595537954,-2.9628513347473526,0.1407497751857811,0.12912737911586583,-2.8309223904674585,-1.1599195513175211,-2.2082992171348943,1.901244595418449,-1.4121775857404986,-1.348686389561186,-1.4229828401715574,-0.31281370284212734,-1.0739928254042381,2.0231972891415575,1.4036551240440036,-0.01603153284160883,-0.9863315150397646,0.5739739600848552,-1.2568844973134785,-0.3918417310963053,-0.5811085336983597,3.5007286183682074,-0.9674312477398039,1.6483689449368741,-1.7652554577355342,-0.5384223656130128,1.0307692756437876,-0.235661550096222,1.797558520585039,2.589693308190753,-1.0299464296745806
-0.09503892313145722,0.7097074828061666,-0.004858400916763844,3.7941614770423957,1.3861639442066964,0.688974045421995,2.602478993073733,-0.9243971131201035,-0.7238186619283687,-0.7181298628805889,-1.446654167939054,0.8506200546996651,-0.5220365814787993,0.6038835313769897,-0.9936072357189515,0.6705495030388949,1.682485511243918,1.2981142003075012,1.3072464986229249,-0.8792481227455825,0.5319310641228202,2.2553328131172847,0.3120152061868639,1.2922129211996147,0.1739274786187267,-0.05764420845037621,-1.2589182516833417,-0.47236887049069676,0.7963080472543951,-0.02596063246568028,0.38405397623677273,1.3494950582956333,2.3911884391863745,-0.7326629926137077,-0.08224424496962514,-1.0821612915279506,1.061211640541905,-0.269777303990155,-0.2908000928284475,-0.3839889421357277,-1.0115187830743095,-1.0299464296745806,1.648876213688066
