V1,V2,V3,V4,V5,V6,V7,V8,V9,V10,V11,V12,V13,V14,V15,V16,V17,V18,V19,V20,V21,V22,V23,V24,V25,V26,V27,V28,V29,V30,V31,V32,V33,V34,V35,V36,V37,V38,V39,V40,V41,V42,V43,V44
1.6335615790831397,-0.0481989356826312,-1.2409923526657518,-0.6600064749622238,-0.09886494980086254,0.7524591384362603,-0.3829651364741886,-0.20068034168329374,-0.1234168113552348,0.7645495497495232,0.3833784622943924,0.458969849126725,0.2826337585136969,-0.7218688768810663,-0.1317858043963588,0.7568354739756703,-0.801004875620318,-0.23162533656831066,-0.5584171946419133,0.6192436077500574,-0.6283367092013085,-0.9526037096408662,-0.029574555972860943,-0.5806889544629789,0.96812310261112,-0.15915410447889947,-0.23938569589198924,-0.6310991509334786,0.22156237741256737,-0.933618654585223,-1.1576729364923577,0.04025649581097069,1.4822501042227436,0.1727268479671162,0.4979042240595478,0.1888782353732556,0.8022521293349153,0.5796876664301122,-0.8257037097316943,-0.08757362884344044,-0.11271057934068301,0.23279343566102523,0.08694880214355079,0.9852674620718301
-0.0481989356826312,0.7977513087591834,0.3285710703099832,0.546172420086187,-0.273700967813771,-0.15740284377601246,-0.13911181265753816,0.21395936463803836,0.2135543513202516,0.1832365834700275,0.12168982458761558,0.2890588978312356,0.028825405621675695,0.3707711364363123,0.26594774098693724,0.1661536826860008,0.16596568611433582,-0.31811468410641874,-0.07552188015010813,-0.1792555804011526,0.32006597290480077,-0.009261434317099476,0.34589575837202907,0.016292648264793087,0.03783774640701454,-0.06562759536731554,0.41629205051415186,0.5483259485400732,-0.2331582708876634,-0.4390061852392749,0.181784150095344,0.17291550470196515,-0.14955522542478833,0.3810442000254289,-0.11239369922647846,0.3426364887848302,-0.41584583418658566,0.020352859775382287,-0.09326924975063851,-0.8317650312453012,0.5315080956423461,0.18355687197083415,0.28421052746570935,0.10876892342543806
-1.2409923526657518,0.3285710703099832,2.0468875449537043,1.0973436920853683,-0.019587966515924492,-0.4193980932785951,-0.8106714844336423,-0.8884778491912811,0.29527222033903583,-1.0481867570741412,-0.2883352902623464,-0.47287714946277987,-0.7331399348592166,0.9915735431909948,-0.22701970449720105,-1.6696578595642841,0.29543719571356575,0.08093303598689013,0.7818112883679108,-0.08313700705918445,0.7703897986859094,1.2330273615550642,-0.06268460902238776,0.5743243304431445,-0.2593635305686853,0.10380467813395344,-0.26957855198031333,0.4859838374694269,-1.099927210746047,0.5357874079094026,1.3093725668165201,0.39885586867393735,-2.3309829150442267,0.10764683168437778,-0.17170638478864003,0.6502564477081425,-1.1174411211675068,-0.6575223928407388,0.8291344720131911,-1.0183954250812495,-0.16608789662904141,-0.30212228860494006,0.027031584585627325,-1.6377834371512754
-0.6600064749622238,0.546172420086187,1.0973436920853683,0.968872416379403,-0.12045318145724287,-0.3360273240274992,-0.187834731974553,-0.1897119544461982,0.3721299424638277,-0.3576002063099229,-0.16622571290616286,0.0069922749940873425,-0.42296494018824066,0.7928984635808678,-0.02054929517360316,-0.6558364308238799,0.2954013983421932,-0.1732438207790094,0.19800942486560857,-0.0534326073724621,0.41393760491382,0.5828607112369935,0.3250361171107972,0.3588193503659747,-0.2908044554845768,-0.008157635835430164,0.24770501222126043,0.5306721272514887,-0.5767370943956682,-0.053687278790023454,0.6065352529772339,0.07597018778212132,-1.3074839440215995,0.002971512343488648,-0.1102329874644655,0.29048251126576735,-0.6370993557239073,-0.36902215239453484,0.27991051130089944,-0.5928458528594904,0.3266018687615974,0.08345421911090074,0.020487510946183493,-0.6172787126367388
-0.09886494980086254,-0.273700967813771,-0.019587966515924492,-0.12045318145724287,0.4975658886952616,-0.09402755137768923,0.2649960158143317,0.12722469541943707,0.44468040191222047,-0.3276877388298649,-0.23340406156010332,0.49094694597719096,-0.31675636688484105,0.25732598784189586,-0.13477059280639594,-0.12749905385659122,-0.19105919922642586,-0.10924993346618143,0.05178671260660369,0.31576372462560587,-0.005791946826828887,-0.011032585537370389,0.24964633489763793,0.4904055860346807,-0.15938996108940034,-0.36267244345198557,0.29487118630986203,-0.18091689407051068,0.3793611492081687,0.1832714515923916,0.08527194234669436,-0.2457660039314476,-0.1915680565923768,-0.4010883556882787,-0.2753814802304198,-0.3613396504632035,-0.11237228347253941,-0.4725485166004367,-0.1708683712037182,0.4196993701730145,-0.1857479276177233,0.2947709339341014,-0.4782757556511162,-0.4624615550538766
0.7524591384362603,-0.15740284377601246,-0.4193980932785951,-0.3360273240274992,-0.09402755137768923,0.7049529741484514,-0.5525103949331214,-0.6530512995923702,-0.2848438432802782,0.030784860544997107,0.20918438147938173,-2.516020625064386e-4,0.014847497755475971,-0.5729080896084062,-0.29943200267482434,-0.3761000811630805,-0.57879309505787,-0.010564359857752085,-0.25267840549130294,0.5069778203306617,-0.375752180469581,-0.22628287378757297,-0.2551396370706273,-0.38236082100142216,0.6465377969371733,-0.011436927015075154,-0.7372644300632302,-0.5775469247335852,-0.19496225790064634,-0.19020231279244595,-0.33726735360598614,0.1836049374205036,0.16536269913230284,0.11170870390642947,0.3713512544634599,0.2264577263060473,0.41060938822094906,0.45182539759846313,-0.076447803113277,-0.18595494407145188,-0.6637939542147654,0.009743422493547045,-0.013869902610529661,0.12967512358427102
-0.3829651364741886,-0.13911181265753816,-0.8106714844336423,-0.187834731974553,0.2649960158143317,-0.5525103949331214,2.5025022499768355,2.1522160801445587,0.19992739955908936,0.6840276460517498,0.0761965674135587,0.2664257453796355,0.9071706437794412,0.5575712560489865,0.6722958584257995,1.8775147021782297,0.9131472049330348,0.29008120341287796,-0.28017778169301816,-1.0765780874531032,0.19848432238226718,-0.6970652423368731,0.6230595890328254,-0.34863317670888416,-1.3546271677596935,-0.25504713222262454,1.4888498381944733,0.2931991445158047,1.0454499374425497,0.8359278701508778,-0.3518749728907373,-0.657323079973706,1.3664722273194725,-0.7800448306584424,-1.0611655877368806,-1.0217413666745636,0.6966093104786856,-0.2129979192541771,-0.21483174049169712,1.9331883167362374,1.1029015676398672,0.014410071634010035,-0.49069498034459996,1.13930168402628
-0.20068034168329374,0.21395936463803836,-0.8884778491912811,-0.1897119544461982,0.12722469541943707,-0.6530512995923702,2.1522160801445587,2.2334008795241536,0.22837069860110124,0.9110985695552227,0.15958864638940387,0.4257317466275002,0.9525956456426162,0.4803843158662524,0.8682172379054243,2.203255638242007,0.8921685273274378,0.08436611422873336,-0.2741862637329435,-1.1619957893477832,0.29542570813912916,-0.8317016230971365,0.6549891663107787,-0.304387643471286,-1.1016263759966665,-0.22614895717874486,1.6625320225151585,0.570187933697954,1.0807320622600978,0.3725058393826556,-0.3994514033926093,-0.5214383398549459,1.7310336155451853,-0.3651620111680324,-0.9755854486799567,-0.8019800339739884,0.41862317454538667,-0.13931962074762788,-0.43419405792501115,1.2893207950000116,1.3925029781990117,0.10356315803217363,-0.15647577906089635,1.3035534477755133
-0.1234168113552348,0.2135543513202516,0.29527222033903583,0.3721299424638277,0.44468040191222047,-0.2848438432802782,0.19992739955908936,0.22837069860110124,0.912847274951272,-0.2525734074370912,-0.2754528092120108,0.9138458031437988,-0.5497556967844508,0.7553889539957438,-0.06262153434315869,-0.042972990545390215,-0.20311166202818243,-0.40244057246816983,0.015892222297237406,0.47565432519252343,0.13863162526581768,-0.003913336570877786,0.6374161039261754,0.7144092144988161,-0.14193262401627735,-0.5464633778075915,0.8005015116583136,0.1478265046841202,0.25142128346120934,-0.32624533072422063,0.0588539907160908,-0.24664542937949907,-0.45272027481494587,-0.33553480927581747,-0.31118552571648633,-0.19356803092688665,-0.43189395016011684,-0.7161967550165099,-0.4316002913906511,0.021130041957541087,0.28705298599521445,0.5762300752353636,-0.46745492641945174,-0.5218840002010846
0.7645495497495232,0.1832365834700275,-1.0481867570741412,-0.3576002063099229,-0.3276877388298649,0.030784860544997107,0.6840276460517498,0.9110985695552227,-0.2525734074370912,1.160857735266804,0.4266713511399114,-0.0678339946197348,0.8285040187103444,-0.2951006693792427,0.4746126479279445,1.717532743030609,0.229949963281875,0.07352983515273813,-0.36025642719909257,-0.5107887379014248,-0.19090754056117082,-0.8434264976248894,0.018859838414003106,-0.8242762218279649,0.026584341472668107,0.17621564672785986,0.5483892619086614,0.09011018800886315,0.3463588527613026,-0.529370340349408,-0.961166716487501,-0.07831545731409821,1.8160711159674097,0.17573672727195877,0.05444273766952048,-0.018746068344447517,0.6676582298599719,0.4804926737180222,-0.5772576671188382,0.34600911479227847,0.9464752712079851,-0.11501159908454696,0.3588091422211112,1.5236001102698116
0.3833784622943924,0.12168982458761558,-0.2883352902623464,-0.16622571290616286,-0.23340406156010332,0.20918438147938173,0.0761965674135587,0.15958864638940387,-0.2754528092120108,0.4266713511399114,0.36626877968142374,-0.24246196076721815,0.479266041921136,-0.17835866170322298,0.21119190580671654,0.5213789163389206,0.025817777741467304,0.15348367298256047,-0.044982432332537126,-0.3019002175098834,0.06387019850056588,-0.2928167346265987,-0.1959642589656629,-0.6313803151881222,0.16225914676658484,0.12594426438137898,-0.07020421237965839,-0.0633681829825104,-0.1521583347015298,-0.016731796949843336,-0.2741839207643835,0.23111097372382908,0.6822196497043087,0.2594780290289362,-0.029336999791804028,0.2835987481589838,0.2615579914982616,0.3268760017691512,-0.07259994213402625,-0.13180920729195053,0.23098801013651998,-0.24795191182688034,0.23510355243136127,0.5315751102582819
0.458969849126725,0.2890588978312356,-0.47287714946277987,0.0069922749940873425,0.49094694597719096,-2.516020625064386e-4,0.2664257453796355,0.4257317466275002,0.9138458031437988,-0.0678339946197348,-0.24246196076721815,1.5701079264122981,-0.46709579048181415,0.3516083659858796,-0.0665997435369241,0.24512562065324836,-0.5449130877495388,-0.7000776883860189,-0.43942790826266276,0.7740357405970297,-0.18453379773249065,-0.5235556652501109,0.9081406010501764,0.7786232086204011,0.14369296194366524,-0.8146698870169141,0.8591923877681684,-0.017134198872227467,0.7665407314115169,-0.6251312492074572,-0.27683840741607746,-0.39895206667296657,0.21380856161025033,-0.3168610645856093,-0.2711100432730013,-0.4717992771478012,-0.13392563750159742,-0.428603035688812,-0.7800530966216412,0.13000642209036795,0.018471357428059762,0.9809353855649763,-0.5498587368553605,-0.11214629647918092
0.2826337585136969,0.028825405621675695,-0.7331399348592166,-0.42296494018824066,-0.31675636688484105,0.014847497755475971,0.9071706437794412,0.9525956456426162,-0.5497556967844508,0.8285040187103444,0.479266041921136,-0.46709579048181415,1.0672704179661487,-0.28007690147276426,0.5347218150699584,1.358247729922449,0.48725530136790324,0.38004647687984694,-0.144164271734054,-0.9442641224800549,0.11323113946117357,-0.5864974408091317,-0.1843082844406799,-0.9668270329894233,-0.2735327755505558,0.23822404678897513,0.2555422083002032,0.08159625710828082,0.22274657645805737,0.3672096905549409,-0.4206240608566778,0.07507773930196072,1.504534427844167,0.16610340724868686,-0.30985722888092593,-0.031747783382184286,0.6604018276686977,0.520013765771924,-0.017962752105722478,0.5180419739686666,0.6080831551990383,-0.469643868306976,0.3039998665574436,1.2023250120925328
-0.7218688768810663,0.3707711364363123,0.9915735431909948,0.7928984635808678,0.25732598784189586,-0.5729080896084062,0.5575712560489865,0.4803843158662524,0.7553889539957438,-0.2951006693792427,-0.17835866170322298,0.3516083659858796,-0.28007690147276426,1.2529970007961697,0.16504637972092545,-0.02377532883153255,0.3914441808159294,-0.07363252850609264,0.34421100963577234,-0.2591752437971756,0.6370113361426001,0.3085423055303775,0.5614365963527431,0.4207740572049528,-0.6442403956892719,-0.3237845309927474,0.9453736244689956,0.4986018497667582,-0.18707351026545282,0.2969214137675622,0.5044528676494253,-0.07990318433887131,-0.828630314025084,-0.3322544072365112,-0.6631935961851951,0.03650798469656003,-0.5878065630123597,-0.8142422988122189,0.017064565416092477,0.028130466596158046,0.6838008404856409,0.11381580562652416,-0.3259993577172199,-0.6113742833380174
-0.1317858043963588,0.26594774098693724,-0.22701970449720105,-0.02054929517360316,-0.13477059280639594,-0.29943200267482434,0.6722958584257995,0.8682172379054243,-0.06262153434315869,0.4746126479279445,0.21119190580671654,-0.0665997435369241,0.5347218150699584,0.16504637972092545,0.5210690345855298,1.0093719176351175,0.47460397692490647,0.10900784936061449,0.02915817411748288,-0.7178058357385652,0.2888745198042538,-0.2776135367910985,0.07424572489381454,-0.34032142847900737,-0.3729787591800159,0.08681489490690103,0.6173882866912014,0.37593196314723326,0.2073398006094483,0.09942175718249738,-0.09392349035808573,0.02300136128288103,0.7911093071691041,0.1642388681707235,-0.37547465700030896,-0.0376174503096283,-0.021786678685290845,0.03503032308605496,-0.11282610364958853,0.11903389790881194,0.7459969726934734,-0.13476491492061332,0.22537600990375886,0.5960712927228766
0.7568354739756703,0.1661536826860008,-1.6696578595642841,-0.6558364308238799,-0.12749905385659122,-0.3761000811630805,1.8775147021782297,2.203255638242007,-0.042972990545390215,1.717532743030609,0.5213789163389206,0.24512562065324836,1.358247729922449,-0.02377532883153255,1.0093719176351175,3.2172652775888366,0.6429375650707224,0.1688242408951269,-0.39464774300401717,-1.1345550236730715,-0.017457485992999847,-1.4082442375577247,0.2908632472641287,-0.9868609991229798,-0.5254244821602754,0.03291035835390903,1.6054063918104913,0.31368755519307906,1.044932048269794,-0.38218188042086654,-1.342345378302939,-0.3426907275217898,3.0927290861941046,-0.03607369672526316,-0.5162208454728482,-0.45970731854797475,0.838724580534595,0.25061372643195395,-1.0293616954588334,1.150832384273362,1.8200181110910065,-0.06527727518516202,0.2780927200598709,2.252031713224782
-0.801004875620318,0.16596568611433582,0.29543719571356575,0.2954013983421932,-0.19105919922642586,-0.57879309505787,0.9131472049330348,0.8921685273274378,-0.20311166202818243,0.229949963281875,0.025817777741467304,-0.5449130877495388,0.48725530136790324,0.3914441808159294,0.47460397692490647,0.6429375650707224,0.9523848527062748,0.3070102016418354,0.19112331362108814,-1.0630370289750708,0.4380113337277916,0.15725987042758383,0.03845122009860694,-0.2281987098613569,-0.8620051326395429,0.3089584057688657,0.5532133166360279,0.6004353809776425,0.02641243395417157,0.5797262957703846,0.3387589972151152,-0.08732351596777176,0.11046685731681534,-0.053820266535984505,-0.44132325633396474,-0.16354563525951715,-0.09137030233222573,-0.06152124177422199,0.3686235846724744,0.37730855850075323,0.7690050040007936,-0.37896725643937,0.20893989439968322,0.3590722514650782
-0.23162533656831066,-0.31811468410641874,0.08093303598689013,-0.1732438207790094,-0.10924993346618143,-0.010564359857752085,0.29008120341287796,0.08436611422873336,-0.40244057246816983,0.07352983515273813,0.15348367298256047,-0.7000776883860189,0.38004647687984694,-0.07363252850609264,0.10900784936061449,0.1688242408951269,0.3070102016418354,0.49407036158032025,0.25088215013172876,-0.5053082034586085,0.12807902906726626,0.09579085724240959,-0.42425317807666835,-0.49645390129866546,-0.24650432722792123,0.2975545663876538,-0.2200103371930117,-0.11176773600636895,-0.20545355510565355,0.5944926364709485,0.026121087649442383,0.13751055551643612,0.19800272999440455,-0.028977981140919797,-0.10900482617773713,0.07816061795240797,0.22763783427083747,0.11518803789424768,0.3162523643439986,0.39871855989664495,0.045050143892793215,-0.5377268683023041,0.10168969046196283,0.15106620312331395
-0.5584171946419133,-0.07552188015010813,0.7818112883679108,0.19800942486560857,0.05178671260660369,-0.25267840549130294,-0.28017778169301816,-0.2741862637329435,0.015892222297237406,-0.36025642719909257,-0.044982432332537126,-0.43942790826266276,-0.144164271734054,0.34421100963577234,0.02915817411748288,-0.39464774300401717,0.19112331362108814,0.25088215013172876,0.5580761951559655,-0.255275189560223,0.4103046592502044,0.4849884330387387,-0.30059881944747224,0.07594730130281188,-0.13893301540121872,0.16312410416033596,-0.09323723224460428,0.13121192018262984,-0.4248339176285998,0.38410901018349664,0.4728130753384145,0.26178033679106516,-0.611964099300652,0.11531696591370284,-0.14165312802015714,0.3251704843231658,-0.4987221282451029,-0.3461979770492905,0.32109775331336354,-0.32254117730049403,0.04357871990711592,-0.3524839642102804,0.10053983193082813,-0.6431588624851766
0.6192436077500574,-0.1792555804011526,-0.08313700705918445,-0.0534326073724621,0.31576372462560587,0.5069778203306617,-1.0765780874531032,-1.1619957893477832,0.47565432519252343,-0.5107887379014248,-0.3019002175098834,0.7740357405970297,-0.9442641224800549,-0.2591752437971756,-0.7178058357385652,-1.1345550236730715,-1.0630370289750708,-0.5053082034586085,-0.255275189560223,1.5052049831650223,-0.6030214865140161,0.06995655548528398,0.14787991890249413,0.6900176831589563,0.8426005306522906,-0.4031452547457701,-0.5317653971883186,-0.6006599334428835,-0.009859693849570276,-0.8272657001049322,-0.25534186113130336,-0.09201764887630717,-0.7701502654294852,-0.14909760185007506,0.6183341749781567,0.016010410478767934,-0.07473841727479034,-0.14931006673464695,-0.3824384002354422,-0.37504408639512116,-0.930507501730791,0.6593847660577601,-0.401086214030762,-0.7156689710121402
-0.6283367092013085,0.32006597290480077,0.7703897986859094,0.41393760491382,-0.005791946826828887,-0.375752180469581,0.19848432238226718,0.29542570813912916,0.13863162526581768,-0.19090754056117082,0.06387019850056588,-0.18453379773249065,0.11323113946117357,0.6370113361426001,0.2888745198042538,-0.017457485992999847,0.4380113337277916,0.12807902906726626,0.4103046592502044,-0.6030214865140161,0.6783203867439621,0.3174367671992255,0.06172345677387179,0.005778852851287775,-0.4014820872448211,-0.004599816008026348,0.34089586677583783,0.45005847637330804,-0.31165730737647773,0.5224024621480947,0.6175495361633695,0.22458177987792688,-0.4263720363082106,0.127062979634435,-0.5322710762863988,0.2593293459646881,-0.5113868560330347,-0.33908206712709565,0.3062553262306308,-0.33681825800292725,0.4022395892019404,-0.25185968967651273,0.0865906872954004,-0.41122545597567417
-0.9526037096408662,-0.009261434317099476,1.2330273615550642,0.5828607112369935,-0.011032585537370389,-0.22628287378757297,-0.6970652423368731,-0.8317016230971365,-0.003913336570877786,-0.8434264976248894,-0.2928167346265987,-0.5235556652501109,-0.5864974408091317,0.3085423055303775,-0.2776135367910985,-1.4082442375577247,0.15725987042758383,0.09579085724240959,0.4849884330387387,0.06995655548528398,0.3174367671992255,1.0036857851731684,-0.2517131182836014,0.484944260889232,-0.1580635332444302,0.22093277797723282,-0.5527767908662607,0.21062077409238447,-0.6724825242002315,0.40249492608980214,0.9299708282079556,0.20223479734124516,-1.7245009890883014,0.05521097542439062,0.10624616221018424,0.269201393728298,-0.71695734775704,-0.3247967519593316,0.7127018783303899,-0.5656229915963111,-0.43405646920304514,-0.20501454487306225,0.04022232500615565,-1.1850976561989162
-0.029574555972860943,0.34589575837202907,-0.06268460902238776,0.3250361171107972,0.24964633489763793,-0.2551396370706273,0.6230595890328254,0.6549891663107787,0.6374161039261754,0.018859838414003106,-0.1959642589656629,0.9081406010501764,-0.1843082844406799,0.5614365963527431,0.07424572489381454,0.2908632472641287,0.03845122009860694,-0.42425317807666835,-0.30059881944747224,0.14787991890249413,0.06172345677387179,-0.2517131182836014,0.8202674755886564,0.5157345040356593,-0.3186674280856586,-0.5114183521330138,0.852474441142768,0.29169038950200477,0.48081733661135995,-0.18187431903724788,0.01188278210727401,-0.39116688683650935,-0.03746051305537609,-0.352536304909027,-0.39005964610591654,-0.4181569267060643,-0.053706884337007765,-0.3383794876597036,-0.33245264507152034,0.2811406095132912,0.34745874650880526,0.5699738310952406,-0.39247824488941674,0.02678055757152262
-0.5806889544629789,0.016292648264793087,0.5743243304431445,0.3588193503659747,0.4904055860346807,-0.38236082100142216,-0.34863317670888416,-0.304387643471286,0.7144092144988161,-0.8242762218279649,-0.6313803151881222,0.7786232086204011,-0.9668270329894233,0.4207740572049528,-0.34032142847900737,-0.9868609991229798,-0.2281987098613569,-0.49645390129866546,0.07594730130281188,0.6900176831589563,0.005778852851287775,0.484944260889232,0.5157345040356593,1.3243722646510443,-0.11749532628154911,-0.42727600277046557,0.24328598343775384,0.20580906317141998,0.3106378672534419,-0.156311519587815,0.5955794117186705,-0.337310131871224,-1.2524637087332584,-0.30088539541993725,-0.044353039099541226,-0.40311183996788524,-0.702863463752683,-0.6847431493233999,-5.918003333923601e-4,-0.16958346570365254,-0.4079911443508222,0.6412827303032663,-0.43283483863439265,-1.1428911414555936
0.96812310261112,0.03783774640701454,-0.2593635305686853,-0.2908044554845768,-0.15938996108940034,0.6465377969371733,-1.3546271677596935,-1.1016263759966665,-0.14193262401627735,0.026584341472668107,0.16225914676658484,0.14369296194366524,-0.2735327755505558,-0.6442403956892719,-0.3729787591800159,-0.5254244821602754,-0.8620051326395429,-0.24650432722792123,-0.13893301540121872,0.8426005306522906,-0.4014820872448211,-0.1580635332444302,-0.3186674280856586,-0.11749532628154911,1.1363076952965472,0.002524034482521445,-0.8175178574681741,-0.4734572511441889,-0.3438321827598573,-0.8298737471458969,-0.4012110136591637,0.3555392886633052,0.11304664489048938,0.47946377488466496,0.7133553905224553,0.566098693703227,0.06673857151810782,0.3899935038135606,-0.2985630540607948,-0.9457334426708339,-0.6276930271454104,0.11746355683139892,0.25131842821812767,-0.07356620446820536
-0.15915410447889947,-0.06562759536731554,0.10380467813395344,-0.008157635835430164,-0.36267244345198557,-0.011436927015075154,-0.25504713222262454,-0.22614895717874486,-0.5464633778075915,0.17621564672785986,0.12594426438137898,-0.8146698870169141,0.23822404678897513,-0.3237845309927474,0.08681489490690103,0.03291035835390903,0.3089584057688657,0.2975545663876538,0.16312410416033596,-0.4031452547457701,-0.004599816008026348,0.22093277797723282,-0.5114183521330138,-0.42727600277046557,0.002524034482521445,0.5545666067414495,-0.42477472904086727,0.08410927555617959,-0.37629045824181967,0.03305016181620527,0.009571375786063801,0.2054428112277053,0.03935619265743146,0.27633226346484824,0.3250461845819943,0.2671115648762883,0.011942145890728543,0.31926652352025064,0.29499024351013875,-0.20762431030662284,0.1089411097338665,-0.4507011251530022,0.4645240159588647,0.26333943644430646
-0.23938569589198924,0.41629205051415186,-0.26957855198031333,0.24770501222126043,0.29487118630986203,-0.7372644300632302,1.4888498381944733,1.6625320225151585,0.8005015116583136,0.5483892619086614,-0.07020421237965839,0.8591923877681684,0.2555422083002032,0.9453736244689956,0.6173882866912014,1.6054063918104913,0.5532133166360279,-0.2200103371930117,-0.09323723224460428,-0.5317653971883186,0.34089586677583783,-0.5527767908662607,0.852474441142768,0.24328598343775384,-0.8175178574681741,-0.42477472904086727,1.8177320923306481,0.6123136570119407,0.778621904476648,-0.18771342538151967,-0.29512832917063864,-0.45145250529094416,0.8826766916540766,-0.36950336180067644,-0.7918784622757818,-0.5120101045826396,-0.14867363377626372,-0.6224777235353175,-0.6699852874622582,0.6847282484457419,1.3894462008348085,0.4221466840086916,-0.26683007283697335,0.6019902027112431
-0.6310991509334786,0.5483259485400732,0.4859838374694269,0.5306721272514887,-0.18091689407051068,-0.5775469247335852,0.2931991445158047,0.570187933697954,0.1478265046841202,0.09011018800886315,-0.0633681829825104,-0.017134198872227467,0.08159625710828082,0.4986018497667582,0.37593196314723326,0.31368755519307906,0.6004353809776425,-0.11176773600636895,0.13121192018262984,-0.6006599334428835,0.45005847637330804,0.21062077409238447,0.29169038950200477,0.20580906317141998,-0.4734572511441889,0.08410927555617959,0.6123136570119407,0.7683455757409684,-0.030977104988759184,-0.0046486216854609965,0.41962495707923103,-0.019375847733350847,-0.2068231712975606,0.18285865748874097,-0.2838673625752521,0.02369477518825929,-0.4835995423526406,-0.17839393302161555,0.13749558506267945,-0.3404118603313514,0.716465558695693,-0.001422797759133353,0.26501608736644683,0.030010748366882892
0.22156237741256737,-0.2331582708876634,-1.099927210746047,-0.5767370943956682,0.3793611492081687,-0.19496225790064634,1.0454499374425497,1.0807320622600978,0.25142128346120934,0.3463588527613026,-0.1521583347015298,0.7665407314115169,0.22274657645805737,-0.18707351026545282,0.2073398006094483,1.044932048269794,0.02641243395417157,-0.20545355510565355,-0.4248339176285998,-0.009859693849570276,-0.31165730737647773,-0.6724825242002315,0.48081733661135995,0.3106378672534419,-0.3438321827598573,-0.37629045824181967,0.778621904476648,-0.030977104988759184,1.1939289751913231,-0.05080178521692346,-0.4623172700259265,-0.5876135455784405,1.1639352250320998,-0.39666001452580635,-0.32305695054590977,-0.9058276144977291,0.4193228962012563,-0.07097569388439023,-0.505432281211399,1.0321434737273052,0.20432814436899358,0.47977730411536484,-0.37034718336669503,0.6344935258556035
-0.933618654585223,-0.4390061852392749,0.5357874079094026,-0.053687278790023454,0.1832714515923916,-0.19020231279244595,0.8359278701508778,0.3725058393826556,-0.32624533072422063,-0.529370340349408,-0.016731796949843336,-0.6251312492074572,0.3672096905549409,0.2969214137675622,0.09942175718249738,-0.38218188042086654,0.5797262957703846,0.5944926364709485,0.38410901018349664,-0.8272657001049322,0.5224024621480947,0.40249492608980214,-0.18187431903724788,-0.156311519587815,-0.8298737471458969,0.03305016181620527,-0.18771342538151967,-0.0046486216854609965,-0.05080178521692346,1.6915476920559989,0.8330318797667633,0.015265961155541782,-0.4862294333147182,-0.37420767582749825,-0.7739179258324784,-0.28534797073644697,0.10557739761655638,-0.16090156836349276,0.8633474458617045,0.8339980545069421,-0.35574446401383897,-0.5805796081370673,-0.31253248839896286,-0.5056092978523569
-1.1576729364923577,0.181784150095344,1.3093725668165201,0.6065352529772339,0.08527194234669436,-0.33726735360598614,-0.3518749728907373,-0.3994514033926093,0.0588539907160908,-0.961166716487501,-0.2741839207643835,-0.27683840741607746,-0.4206240608566778,0.5044528676494253,-0.09392349035808573,-1.342345378302939,0.3387589972151152,0.026121087649442383,0.4728130753384145,-0.25534186113130336,0.6175495361633695,0.9299708282079556,0.01188278210727401,0.5955794117186705,-0.4012110136591637,0.009571375786063801,-0.29512832917063864,0.41962495707923103,-0.4623172700259265,0.8330318797667633,1.3163262656209538,0.19270007674758688,-1.7040470775648107,0.06366118945268284,-0.36433020031232677,0.14088285683364224,-0.8318174750130215,-0.3854348869385109,0.8571755136085949,-0.5851863635574002,-0.4433402224959897,-0.14944504766498154,-0.060557415508678915,-1.2976490801302907
0.04025649581097069,0.17291550470196515,0.39885586867393735,0.07597018778212132,-0.2457660039314476,0.1836049374205036,-0.657323079973706,-0.5214383398549459,-0.24664542937949907,-0.07831545731409821,0.23111097372382908,-0.39895206667296657,0.07507773930196072,-0.07990318433887131,0.02300136128288103,-0.3426907275217898,-0.08732351596777176,0.13751055551643612,0.26178033679106516,-0.09201764887630717,0.22458177987792688,0.20223479734124516,-0.39116688683650935,-0.337310131871224,0.3555392886633052,0.2054428112277053,-0.45145250529094416,-0.019375847733350847,-0.5876135455784405,0.015265961155541782,0.19270007674758688,0.48745775326972185,-0.22291326444013004,0.45878223659335826,0.12037938222522432,0.6149489339960524,-0.24622969136368128,0.1554667258843142,0.2113399058303012,-0.756439705869357,-0.1252998205545402,-0.3233886636203569,0.3361424288203633,-0.217382722844571
1.4822501042227436,-0.14955522542478833,-2.3309829150442267,-1.3074839440215995,-0.1915680565923768,0.16536269913230284,1.3664722273194725,1.7310336155451853,-0.45272027481494587,1.8160711159674097,0.6822196497043087,0.21380856161025033,1.504534427844167,-0.828630314025084,0.7911093071691041,3.0927290861941046,0.11046685731681534,0.19800272999440455,-0.611964099300652,-0.7701502654294852,-0.4263720363082106,-1.7245009890883014,-0.03746051305537609,-1.2524637087332584,0.11304664489048938,0.03935619265743146,0.8826766916540766,-0.2068231712975606,1.1639352250320998,-0.4862294333147182,-1.7040470775648107,-0.22291326444013004,3.7108548218629926,0.15779300938975444,-0.1542999108562337,-0.40966657908738396,1.3317510946524518,0.7594664607245462,-1.110276250687704,1.1246632873098783,1.1270342967300226,-0.12321187080733566,0.3537712170800974,2.497173005167868
0.1727268479671162,0.3810442000254289,0.10764683168437778,0.002971512343488648,-0.4010883556882787,0.11170870390642947,-0.7800448306584424,-0.3651620111680324,-0.33553480927581747,0.17573672727195877,0.2594780290289362,-0.3168610645856093,0.16610340724868686,-0.3322544072365112,0.1642388681707235,-0.03607369672526316,-0.053820266535984505,-0.028977981140919797,0.11531696591370284,-0.14909760185007506,0.127062979634435,0.05521097542439062,-0.352536304909027,-0.30088539541993725,0.47946377488466496,0.27633226346484824,-0.36950336180067644,0.18285865748874097,-0.39666001452580635,-0.37420767582749825,0.06366118945268284,0.45878223659335826,0.15779300938975444,0.7357192705998284,0.2754873686527843,0.5917707989632082,-0.2877903855817358,0.3629518560263133,0.08103994035562029,-1.0469639265214696,0.048011783030874715,-0.21015789269282656,0.5812888664932429,0.10684860571684199
0.4979042240595478,-0.11239369922647846,-0.17170638478864003,-0.1102329874644655,-0.2753814802304198,0.3713512544634599,-1.0611655877368806,-0.9755854486799567,-0.31118552571648633,0.05444273766952048,-0.029336999791804028,-0.2711100432730013,-0.30985722888092593,-0.6631935961851951,-0.37547465700030896,-0.5162208454728482,-0.44132325633396474,-0.10900482617773713,-0.14165312802015714,0.6183341749781567,-0.5322710762863988,0.10624616221018424,-0.39005964610591654,-0.044353039099541226,0.7133553905224553,0.3250461845819943,-0.7918784622757818,-0.2838673625752521,-0.32305695054590977,-0.7739179258324784,-0.36433020031232677,0.12037938222522432,-0.1542999108562337,0.2754873686527843,0.8988292310647842,0.2959558546871859,0.11216444626359605,0.40483898316378203,-0.08269039958892506,-0.5270036847466344,-0.43128869449326424,0.01565605990918903,0.3267739185662399,0.08365676778289693
0.1888782353732556,0.3426364887848302,0.6502564477081425,0.29048251126576735,-0.3613396504632035,0.2264577263060473,-1.0217413666745636,-0.8019800339739884,-0.19356803092688665,-0.018746068344447517,0.2835987481589838,-0.4717992771478012,-0.031747783382184286,0.03650798469656003,-0.0376174503096283,-0.45970731854797475,-0.16354563525951715,0.07816061795240797,0.3251704843231658,0.016010410478767934,0.2593293459646881,0.269201393728298,-0.4181569267060643,-0.40311183996788524,0.566098693703227,0.2671115648762883,-0.5120101045826396,0.02369477518825929,-0.9058276144977291,-0.28534797073644697,0.14088285683364224,0.6149489339960524,-0.40966657908738396,0.5917707989632082,0.2959558546871859,0.93654530068609,-0.3524072197765268,0.15133829581560057,0.14994132216344838,-1.1792485420554635,0.004253915048735936,-0.3634839448161672,0.4659993415589955,-0.266762754634402
0.8022521293349153,-0.41584583418658566,-1.1174411211675068,-0.6370993557239073,-0.11237228347253941,0.41060938822094906,0.6966093104786856,0.41862317454538667,-0.43189395016011684,0.6676582298599719,0.2615579914982616,-0.13392563750159742,0.6604018276686977,-0.5878065630123597,-0.021786678685290845,0.838724580534595,-0.09137030233222573,0.22763783427083747,-0.4987221282451029,-0.07473841727479034,-0.5113868560330347,-0.71695734775704,-0.053706884337007765,-0.702863463752683,0.06673857151810782,0.011942145890728543,-0.14867363377626372,-0.4835995423526406,0.4193228962012563,0.10557739761655638,-0.8318174750130215,-0.24622969136368128,1.3317510946524518,-0.2877903855817358,0.11216444626359605,-0.3524072197765268,1.2055550847960455,0.606168637629244,-0.2115499424470137,1.058662782640571,-0.05889728093705974,-0.16062093426298663,-0.12347187861717163,1.13127458068548
0.5796876664301122,0.020352859775382287,-0.6575223928407388,-0.36902215239453484,-0.4725485166004367,0.45182539759846313,-0.2129979192541771,-0.13931962074762788,-0.7161967550165099,0.4804926737180222,0.3268760017691512,-0.428603035688812,0.520013765771924,-0.8142422988122189,0.03503032308605496,0.25061372643195395,-0.06152124177422199,0.11518803789424768,-0.3461979770492905,-0.14931006673464695,-0.33908206712709565,-0.3247967519593316,-0.3383794876597036,-0.6847431493233999,0.3899935038135606,0.31926652352025064,-0.6224777235353175,-0.17839393302161555,-0.07097569388439023,-0.16090156836349276,-0.3854348869385109,0.1554667258843142,0.7594664607245462,0.3629518560263133,0.40483898316378203,0.15133829581560057,0.606168637629244,0.8476459237367535,0.09308340237845354,-0.11609769801636322,-0.2238180657624499,-0.24643277771902344,0.40051817225836756,0.8217241813720879
-0.8257037097316943,-0.09326924975063851,0.8291344720131911,0.27991051130089944,-0.1708683712037182,-0.076447803113277,-0.21483174049169712,-0.43419405792501115,-0.4316002913906511,-0.5772576671188382,-0.07259994213402625,-0.7800530966216412,-0.017962752105722478,0.017064565416092477,-0.11282610364958853,-1.0293616954588334,0.3686235846724744,0.3162523643439986,0.32109775331336354,-0.3824384002354422,0.3062553262306308,0.7127018783303899,-0.33245264507152034,-5.918003333923601e-4,-0.2985630540607948,0.29499024351013875,-0.6699852874622582,0.13749558506267945,-0.505432281211399,0.8633474458617045,0.8571755136085949,0.2113399058303012,-1.110276250687704,0.08103994035562029,-0.08269039958892506,0.14994132216344838,-0.2115499424470137,0.09308340237845354,0.9182270430645169,-0.1849679383966631,-0.5018091494387182,-0.46850784146670665,0.08678482080757105,-0.6503320779925467
-0.08757362884344044,-0.8317650312453012,-1.0183954250812495,-0.5928458528594904,0.4196993701730145,-0.18595494407145188,1.9331883167362374,1.2893207950000116,0.021130041957541087,0.34600911479227847,-0.13180920729195053,0.13000642209036795,0.5180419739686666,0.028130466596158046,0.11903389790881194,1.150832384273362,0.37730855850075323,0.39871855989664495,-0.32254117730049403,-0.37504408639512116,-0.33681825800292725,-0.5656229915963111,0.2811406095132912,-0.16958346570365254,-0.9457334426708339,-0.20762431030662284,0.6847282484457419,-0.3404118603313514,1.0321434737273052,0.8339980545069421,-0.5851863635574002,-0.756439705869357,1.1246632873098783,-1.0469639265214696,-0.5270036847466344,-1.1792485420554635,1.058662782640571,-0.11609769801636322,-0.1849679383966631,2.3590273069516545,0.23240756072858584,-1.8087052554149367e-4,-0.6897877764107898,0.8245344306169866
-0.11271057934068301,0.5315080956423461,-0.16608789662904141,0.3266018687615974,-0.1857479276177233,-0.6637939542147654,1.1029015676398672,1.3925029781990117,0.28705298599521445,0.9464752712079851,0.23098801013651998,0.018471357428059762,0.6080831551990383,0.6838008404856409,0.7459969726934734,1.8200181110910065,0.7690050040007936,0.045050143892793215,0.04357871990711592,-0.930507501730791,0.4022395892019404,-0.43405646920304514,0.34745874650880526,-0.4079911443508222,-0.6276930271454104,0.1089411097338665,1.3894462008348085,0.716465558695693,0.20432814436899358,-0.35574446401383897,-0.4433402224959897,-0.1252998205545402,1.1270342967300226,0.048011783030874715,-0.43128869449326424,0.004253915048735936,-0.05889728093705974,-0.2238180657624499,-0.5018091494387182,0.23240756072858584,1.7108408487338107,-0.08349799281975469,0.29980922170995494,1.0326549670989398
0.23279343566102523,0.18355687197083415,-0.30212228860494006,0.08345421911090074,0.2947709339341014,0.009743422493547045,0.014410071634010035,0.10356315803217363,0.5762300752353636,-0.11501159908454696,-0.24795191182688034,0.9809353855649763,-0.469643868306976,0.11381580562652416,-0.13476491492061332,-0.06527727518516202,-0.37896725643937,-0.5377268683023041,-0.3524839642102804,0.6593847660577601,-0.25185968967651273,-0.20501454487306225,0.5699738310952406,0.6412827303032663,0.11746355683139892,-0.4507011251530022,0.4221466840086916,-0.001422797759133353,0.47977730411536484,-0.5805796081370673,-0.14944504766498154,-0.3233886636203569,-0.12321187080733566,-0.21015789269282656,0.01565605990918903,-0.3634839448161672,-0.16062093426298663,-0.24643277771902344,-0.46850784146670665,-1.8087052554149367e-4,-0.08349799281975469,0.7420337589818728,-0.33845672916540726,-0.14221472227589302
0.08694880214355079,0.28421052746570935,0.027031584585627325,0.020487510946183493,-0.4782757556511162,-0.013869902610529661,-0.49069498034459996,-0.15647577906089635,-0.46745492641945174,0.3588091422211112,0.23510355243136127,-0.5498587368553605,0.3039998665574436,-0.3259993577172199,0.22537600990375886,0.2780927200598709,0.20893989439968322,0.10168969046196283,0.10053983193082813,-0.401086214030762,0.0865906872954004,0.04022232500615565,-0.39247824488941674,-0.43283483863439265,0.25131842821812767,0.4645240159588647,-0.26683007283697335,0.26501608736644683,-0.37034718336669503,-0.31253248839896286,-0.060557415508678915,0.3361424288203633,0.3537712170800974,0.5812888664932429,0.3267739185662399,0.4659993415589955,-0.12347187861717163,0.40051817225836756,0.08678482080757105,-0.6897877764107898,0.29980922170995494,-0.33845672916540726,0.6664467876462199,0.4126461313278764
0.9852674620718301,0.10876892342543806,-1.6377834371512754,-0.6172787126367388,-0.4624615550538766,0.12967512358427102,1.13930168402628,1.3035534477755133,-0.5218840002010846,1.5236001102698116,0.5315751102582819,-0.11214629647918092,1.2023250120925328,-0.6113742833380174,0.5960712927228766,2.252031713224782,0.3590722514650782,0.15106620312331395,-0.6431588624851766,-0.7156689710121402,-0.41122545597567417,-1.1850976561989162,0.02678055757152262,-1.1428911414555936,-0.07356620446820536,0.26333943644430646,0.6019902027112431,0.030010748366882892,0.6344935258556035,-0.5056092978523569,-1.2976490801302907,-0.217382722844571,2.497173005167868,0.10684860571684199,0.08365676778289693,-0.266762754634402,1.13127458068548,0.8217241813720879,-0.6503320779925467,0.8245344306169866,1.0326549670989398,-0.14221472227589302,0.4126461313278764,2.1948206559172543
