V1,V2,V3,V4,V5,V6,V7,V8,V9,V10,V11,V12,V13,V14,V15,V16,V17,V18,V19,V20,V21,V22,V23,V24,V25,V26,V27,V28,V29,V30,V31,V32,V33,V34,V35,V36,V37,V38,V39,V40,V41,V42,V43,V44
0.9374901972747746,0.2039959132056008,-0.57780715451515,-1.1442139279471364,0.7919862925230363,0.16647614384240678,-0.6844406257856596,0.3974471989365633,0.632981823540081,-0.2588157290412255,0.3680120154216068,1.3863194868435136,0.12078448005601036,-0.05615807449266146,0.48338451443209224,0.5579847057897178,-1.0799067616786588,-0.415591221441606,0.40894146475991616,0.18659565845111886,0.6531297364214492,-0.7728279715336362,0.06644599393877297,0.3712475363606132,0.9386472797935721,-1.0358008274018362,0.43610645336660997,-0.28349299297492814,0.7813150604273339,0.2041518743935116,0.22327479335209433,0.5924831164897688,1.4818113847037597,0.8382467364998466,-1.0269674559381465,0.3404049361793388,-0.8851366031341212,-0.5252556126099501,-0.8044277187816995,-1.276328794953689,-0.41588051506506846,0.4353809993727575,-0.18739091087843332,-0.8447574734801185
0.2039959132056008,0.8669468985064851,-0.5051548690362931,-0.8211669885998459,0.02446177186037584,0.3544915058482211,-0.12965299311217857,0.7827299028651225,-0.3502398650826408,-0.30712247459039616,0.5787936901446133,0.858009157929601,0.9260735550589171,-0.5946551846147586,0.6364205759104872,-0.04371787769463499,-0.272906100582926,-0.4094040120355156,-0.18823626603381316,-0.724693888684743,0.8451114702012031,-0.5586321745303675,0.27648018739487024,-0.04775993438955781,0.4485176405810994,-0.7378039989648553,-0.23235476344923386,0.360016768001442,0.690117187412519,1.1626280475564337,1.1672000472355588,0.6339707584597716,1.012276232905607,1.1253539591722495,-1.2359883794426252,0.10634888662530653,-0.30496306368558507,0.6678929090207403,0.4640841968677987,-1.290664470383552,-0.9562590461479303,0.10709549844433659,0.17085142303214104,-0.27521614951920154
-0.57780715451515,-0.5051548690362931,0.8117779683011136,0.8896940478949743,-0.3404936180141619,-0.46751148214378446,0.18746472555770408,-0.5145332928296731,-0.021445144181434426,0.36950992245014713,-0.3250628204467135,-1.3862258686530096,-0.4362689010480729,0.5538369664409398,-0.3810119234227867,0.05753028196657523,0.6949365119775801,0.5560187466684754,0.31651934149652144,0.006267637345579191,-0.4530127724668515,0.7080793654540797,-0.4385238711813869,-0.3197219342291144,-0.5874626884276215,0.9970291198065149,0.07952807398071927,0.03796631054328571,-0.9522880454019012,-0.6644916038548802,-0.7160417279801812,-0.3499332982167459,-0.9439892290565092,-0.7756933786759493,1.035319873959341,0.14808341731578412,0.26255762149432527,-0.32530111212985896,0.008097031044370078,0.9353529037914188,1.0726286637597655,-0.5485998612753318,0.18510484747652534,0.41162225982906814
-1.1442139279471364,-0.8211669885998459,0.8896940478949743,2.3176009857787783,-1.2151143575647654,-0.3949148629586114,1.088312098305176,-0.9973102931287005,-0.6989770654302642,0.5470117837752546,-1.0337378327597986,-2.4298390414174325,-0.9315866469372108,0.37734526502360305,-1.2186246234290117,-1.0293050566314292,1.5395366191989488,0.6673683681937691,-0.8254800895823192,0.4116806811258346,-1.874032792024544,1.4144146037150847,-0.00748363242683584,-0.37559989216978473,-1.6367108753206592,1.8635643655156684,-0.604292566315228,0.09092669934424616,-1.4152128809790714,-1.0277298364547065,-1.2224116249727013,-1.5497898326611037,-2.8983637268794733,-2.097178955268035,2.391691538217491,-0.8613347962686555,1.6578178173466396,0.5125297727833684,0.8096324847369226,2.8022688841920695,0.9979143104932364,-0.3900263715751037,-0.058249576803188666,1.4597252702016907
0.7919862925230363,0.02446177186037584,-0.3404936180141619,-1.2151143575647654,1.0388301394195685,0.04264227673699611,-0.7997318072295242,0.19326611052360312,0.9206000009891602,-0.23230243169351195,0.3674803261695191,1.3686102698916531,-0.014813166268217284,0.19915871095286508,0.47043285201124035,0.8521838996803192,-1.099835840984413,-0.2640368543384017,0.8189073478893881,0.31136068496839536,0.8094061664430979,-0.7017679937190937,-0.17955093841978,0.3879688373013139,1.0083283464485244,-0.9479792284746726,0.7102035287901818,-0.370842133224788,0.616476167798154,-0.10491561173983835,0.04227941365334349,0.743090384832785,1.5226276002143757,0.8188613701549788,-0.9706174202415228,0.6109285563885141,-1.1286879220327248,-0.9505950394436171,-1.0779183522035973,-1.2887606581830606,-0.05099340368290088,0.2738476889768898,-0.11904251939648998,-1.018449675693176
0.16647614384240678,0.3544915058482211,-0.46751148214378446,-0.3949148629586114,0.04264227673699611,0.46894936143147503,0.05961817616235605,0.16899086584345416,-0.26829345346249184,-0.28593576446165414,0.1279962268311942,0.8829911051174717,0.3702192509443304,-0.5089407369429991,0.1367389565184947,-0.202258319494592,-0.2385950087040074,-0.32351997196774424,-0.40768623284544164,-0.005516481814327772,0.25249079200847346,-0.40776929287579083,0.37081190150968896,0.20323875445937753,0.2348902612651229,-0.5687739648705955,-0.25714439102422354,0.04218227810296268,0.5757136275839786,0.43716937907525116,0.6730359449794308,0.1948423702659516,0.24886431946683704,0.4280914706467104,-0.5882617035427439,-0.1914575167712169,0.10857710045317509,0.4722552579289673,0.3210413744982028,-0.3945190540336019,-0.8627369340998541,0.3141422965897276,-0.018980104290789595,-0.09514586560691805
-0.6844406257856596,-0.12965299311217857,0.18746472555770408,1.088312098305176,-0.7997318072295242,0.05961817616235605,0.8580861488199057,-0.27289679773454456,-0.7357802669153111,0.1464942952174883,-0.4602876952231826,-0.9715650093055191,-0.09841022275913802,-0.179732963298797,-0.5430464490870537,-0.7434455823307293,0.8908132780999701,0.19366329668951188,-0.8393463232505749,0.004707370086285183,-0.8780009133404272,0.5741468516386133,0.262603247789115,-0.20572781934730586,-0.9134088329612275,0.7696130425709172,-0.5784666038305493,0.21590571145882792,-0.4270702370026357,-0.0903336057076512,-0.13581759638507213,-0.7678582804567644,-1.4836733918281757,-0.9088371690564626,0.9351771941467645,-0.693090982176176,1.1377838755285248,0.7903539146637268,0.8720906659195774,1.428925790616814,-0.012567615404888826,-0.09921797687398297,-0.0017975737979943494,0.9332886244985116
0.3974471989365633,0.7827299028651225,-0.5145332928296731,-0.9973102931287005,0.19326611052360312,0.16899086584345416,-0.27289679773454456,0.995766809924821,-0.09436052908441044,-0.24377363559343526,0.6494324345064078,0.7726601341286234,0.8461246872390789,-0.4165464526386167,0.7730231767109477,0.1982917479171344,-0.4435774869582086,-0.37961744519104357,0.061196878326525796,-0.7854941212805412,0.9032874059107773,-0.6103515039904222,0.1382075001372372,-0.07650341992928406,0.5383828501636299,-0.7924637393693917,0.001588943981472303,0.27961331905565545,0.7118862237884125,1.1461585458807588,0.9768470418359056,0.6918653618121564,1.3911744791330023,1.157365009942198,-1.3177096434938254,0.21717396464050118,-0.6151850248054626,0.3541865895925086,0.12165739660632739,-1.4443333905040021,-0.7038472752097114,0.11893253674628236,0.07770778871323213,-0.44139995573956237
0.632981823540081,-0.3502398650826408,-0.021445144181434426,-0.6989770654302642,0.9206000009891602,-0.26829345346249184,-0.7357802669153111,-0.09436052908441044,1.2174298474053789,4.7309803073307475e-4,0.08882954073728298,0.6419050931276377,-0.5539864513013125,0.5670364343449414,0.07154502010809463,0.7552375661530458,-0.9051893485081428,-0.12327373741773126,0.8747834495667207,0.6625956388870116,0.25871187932149414,-0.27422099424091395,-0.33975393938309806,0.33738592605084244,0.7547405509837068,-0.40536894809796004,0.8696754409287474,-0.45959322283703585,0.14458244641500964,-0.732536967881187,-0.6911334090492575,0.3197339462655772,0.9444820632514003,0.0921344785941185,-0.14174030738896584,0.524676857472917,-0.9215869639984869,-1.2661674574284554,-1.3254348111488388,-0.5346854502589834,0.5716953054061013,0.20415401610373773,-0.2530359374151365,-0.7843635640960663
-0.2588157290412255,-0.30712247459039616,0.36950992245014713,0.5470117837752546,-0.23230243169351195,-0.28593576446165414,0.1464942952174883,-0.24377363559343526,4.7309803073307475e-4,0.2934057809297133,-0.1930371908506677,-0.8212762922343364,-0.28144133387467307,0.29999558235363327,-0.23694677742308864,0.035295839037468135,0.3984385061363481,0.2937988569723402,0.09836219851438792,0.02582041190456113,-0.3686089030505115,0.3841823730836554,-0.20788070057235228,-0.20272905651827652,-0.3680401697414147,0.586086780899812,0.05672021065931169,-0.0011586465539419292,-0.515734264898825,-0.41636992940649764,-0.5363588939928051,-0.3040311184240373,-0.5042762772714556,-0.511446182133904,0.6548534624342015,0.008808275663695207,0.22286652064564116,-0.14930795586658874,-0.03760920177335481,0.618453756607239,0.6400007220029679,-0.2592589346916249,0.05514834707295573,0.3314252650433882
0.3680120154216068,0.5787936901446133,-0.3250628204467135,-1.0337378327597986,0.3674803261695191,0.1279962268311942,-0.4602876952231826,0.6494324345064078,0.08882954073728298,-0.1930371908506677,0.655053363300936,0.8626839256721259,0.7123447146063874,-0.22964504408227757,0.7595530771045069,0.490287064033881,-0.4885504446776265,-0.24387319689686404,0.43523130708033647,-0.6214786841393598,1.075461093236816,-0.595957057027752,-0.08187297559727504,-0.06026746882475926,0.6526894999089292,-0.7343740867959748,0.17741361854406013,0.15649824432270557,0.5460718295927611,0.8105157784947219,0.7800422172682857,0.825622105392714,1.413174230245021,1.2104966474978636,-1.2808228553891283,0.5070544531742509,-0.8199335233869691,-0.027010846781306292,-0.11497794039007295,-1.5305069742077828,-0.42249573392602113,-0.025698911284094128,0.20234593917723054,-0.5957243684729048
1.3863194868435136,0.858009157929601,-1.3862258686530096,-2.4298390414174325,1.3686102698916531,0.8829911051174717,-0.9715650093055191,0.7726601341286234,0.6419050931276377,-0.8212762922343364,0.8626839256721259,3.478061293581319,0.8395589965818383,-0.757587916767252,1.018116016604672,0.7088747900742116,-1.8947314770193993,-1.0161645589976454,0.30665085891333743,0.1647365120007995,1.67921728431938,-1.745245746119466,0.4888130011009077,0.8178547173713105,1.7931927827831586,-2.3710125366380317,0.39217453763558513,-0.3101687894371806,1.9605084756933797,0.9568516336277018,1.4186405136418532,1.376306496654205,2.6731738014391513,2.075317997940906,-2.5733767847265923,0.46012546152559086,-1.356398506776565,-0.2508573359960198,-0.7218292852266379,-2.682956698753641,-1.7779434514194759,0.9138373739150066,-0.16480003702376644,-1.5247053954537535
0.12078448005601036,0.9260735550589171,-0.4362689010480729,-0.9315866469372108,-0.014813166268217284,0.3702192509443304,-0.09841022275913802,0.8461246872390789,-0.5539864513013125,-0.28144133387467307,0.7123447146063874,0.8395589965818383,1.2206951748594757,-0.6213229388027892,0.8469169109395993,0.19882221215003087,-0.1420915530766069,-0.27452319002671366,-0.02163034098836749,-1.05809620780257,1.172591900362271,-0.634023545244799,0.1588679780711541,-0.19843048415866218,0.4344499403135871,-0.7494263037972332,-0.24995014566141543,0.4508770595905416,0.670988369571136,1.373340165254424,1.4090740318535209,0.870027223258582,1.2265719137371869,1.4099854344834304,-1.5100848183011486,0.29567420348303125,-0.39874108249940415,0.7072461062982801,0.6073525339645675,-1.5158364734793506,-0.9031692055906241,-0.10450733516154669,0.38000411179704846,-0.274654123021039
-0.05615807449266146,-0.5946551846147586,0.5538369664409398,0.37734526502360305,0.19915871095286508,-0.5089407369429991,-0.179732963298797,-0.4165464526386167,0.5670364343449414,0.29999558235363327,-0.22964504408227757,-0.757587916767252,-0.6213229388027892,0.769765128509535,-0.20181725946542906,0.491565931852446,0.07055958333661537,0.40307024169189437,0.6804036551734135,0.3267661225099336,-0.27328710456188154,0.41570402369747556,-0.5173555174889586,-0.11977595546687252,-0.12293640743379497,0.5786894697690371,0.5254123180410847,-0.2147114804260847,-0.6591718815760018,-0.8554005782722764,-0.9640579023837876,-0.13838729751044138,-0.23939580442373565,-0.5485676720791073,0.7064364701932601,0.34338079404338595,-0.2896668747590307,-0.9018861942602499,-0.7002111814709561,0.47727718577315964,1.1776637757987984,-0.28239260009863143,-9.109411259434425e-4,-0.05614253860290406
0.48338451443209224,0.6364205759104872,-0.3810119234227867,-1.2186246234290117,0.47043285201124035,0.1367389565184947,-0.5430464490870537,0.7730231767109477,0.07154502010809463,-0.23694677742308864,0.7595530771045069,1.018116016604672,0.8469169109395993,-0.20181725946542906,1.0207624865999723,0.7501684303984869,-0.5841274366846907,-0.19039079965092134,0.6250821896263253,-0.7892354990241771,1.3279509394634492,-0.7284440045948084,-0.17041004348756422,-0.10629857771599019,0.7477377417926313,-0.8705004624981928,0.27906936042762387,0.14695119850336902,0.6273953322456064,0.9513637545355885,0.9136755799515952,1.0634086040414248,1.726824979691601,1.52443300813623,-1.6016622827739413,0.6601390366897041,-1.1406044977137473,-0.14767390500558386,-0.2072409441136903,-1.9064819523286916,-0.3897190902215485,-0.03942814485450064,0.28690650386068645,-0.7650310604814794
0.5579847057897178,-0.04371787769463499,0.05753028196657523,-1.0293050566314292,0.8521838996803192,-0.202258319494592,-0.7434455823307293,0.1982917479171344,0.7552375661530458,0.035295839037468135,0.490287064033881,0.7088747900742116,0.19882221215003087,0.491565931852446,0.7501684303984869,1.4802341908135797,-0.6794365953885756,0.14989337101448058,1.3324768276130763,-0.19282195341811723,1.1403605905954641,-0.5408446856252296,-0.6351210719031272,-0.055042173002041714,0.8219726192932173,-0.4828742545323031,0.9258450425059136,-0.21443532408617344,0.140290484552566,-0.18377601067688465,-0.06974220113125604,1.0323928351442442,1.6449547828740716,0.9873747567750565,-0.9566558041977663,1.053763458210461,-1.3964604587414566,-1.1958953235907241,-1.080472808803792,-1.4038594980782302,0.7243351663958204,-0.23993323270388908,0.31625764052924743,-0.8618713279543778
-1.0799067616786588,-0.272906100582926,0.6949365119775801,1.5395366191989488,-1.099835840984413,-0.2385950087040074,0.8908132780999701,-0.4435774869582086,-0.9051893485081428,0.3984385061363481,-0.4885504446776265,-1.8947314770193993,-0.1420915530766069,0.07055958333661537,-0.5841274366846907,-0.6794365953885756,1.424285982136839,0.5708710549075559,-0.5791629451487482,-0.32807723441008835,-0.9063717722314024,0.9697872555685209,-0.056556118300267015,-0.5284647416871784,-1.2500354690667408,1.3541839715471498,-0.5854290886185607,0.3649679622706213,-1.0161987733944828,-0.20020146050345866,-0.3330557280612756,-0.8052772488810632,-1.842066829237866,-1.086185486879545,1.337973152321584,-0.4751532981641264,1.181425618953105,0.7355712984423655,1.0375330728662655,1.6483981281892035,0.570278235802812,-0.5526413516055213,0.2459290251615749,1.1686134001580748
-0.415591221441606,-0.4094040120355156,0.5560187466684754,0.6673683681937691,-0.2640368543384017,-0.32351997196774424,0.19366329668951188,-0.37961744519104357,-0.12327373741773126,0.2937988569723402,-0.24387319689686404,-1.0161645589976454,-0.27452319002671366,0.40307024169189437,-0.19039079965092134,0.14989337101448058,0.5708710549075559,0.5273775969137399,0.2554765162449489,-0.06572038377505361,-0.298935652299493,0.4820588537288867,-0.34547238169058825,-0.28570971863443634,-0.5000933712998625,0.7220106777967137,0.05605892001044856,0.0010433681071807604,-0.6837621559469307,-0.4382046603262923,-0.5073570705682212,-0.20665281963768312,-0.6470514725401946,-0.5049238119741574,0.694014448905737,0.10462410663691257,0.1516526373757249,-0.23164952591080776,0.02951057147860561,0.6569828340565541,0.8050621749945175,-0.4166735685478201,0.17868057655627315,0.33779818061921113
0.40894146475991616,-0.18823626603381316,0.31651934149652144,-0.8254800895823192,0.8189073478893881,-0.40768623284544164,-0.8393463232505749,0.061196878326525796,0.8747834495667207,0.09836219851438792,0.43523130708033647,0.30665085891333743,-0.02163034098836749,0.6804036551734135,0.6250821896263253,1.3324768276130763,-0.5791629451487482,0.2554765162449489,1.4916518538929067,-0.15975149610896175,1.0054006052931947,-0.28791127330911825,-0.7763156917957564,-0.09701892043592646,0.7106199553106612,-0.23966940180486165,0.934356359221432,-0.2311489098188284,-0.1292928412471801,-0.29436747405805125,-0.3101435834166543,0.8910339423403675,1.3811354717914024,0.7785702405544517,-0.6769673606644494,1.107399650823449,-1.4255660830794699,-1.3491774604259796,-1.1290470820745424,-1.2543203773019207,0.9616104036594588,-0.36801323487006166,0.26953209249311605,-0.8970992071196546
0.18659565845111886,-0.724693888684743,0.006267637345579191,0.4116806811258346,0.31136068496839536,-0.005516481814327772,0.004707370086285183,-0.7854941212805412,0.6625956388870116,0.02582041190456113,-0.6214786841393598,0.1647365120007995,-1.05809620780257,0.3267661225099336,-0.7892354990241771,-0.19282195341811723,-0.32807723441008835,-0.06572038377505361,-0.15975149610896175,1.3478010853423967,-0.9491818987794651,0.2052087352673057,0.12291202550873742,0.5071016753200609,-0.019270254201337742,0.14565334363810756,0.24783712317524495,-0.5395400701043239,-0.1103203488358333,-1.262801583431079,-1.0533114169967723,-0.6624667476553784,-0.8126256949836469,-1.0934869538781373,1.0297870681762042,-0.37540719763653924,0.36925244083059505,-0.6084453380551077,-0.6787337345962522,1.158199277365292,0.2835961703102869,0.4410612900189246,-0.48176814811149943,0.030977870242957173
0.6531297364214492,0.8451114702012031,-0.4530127724668515,-1.874032792024544,0.8094061664430979,0.25249079200847346,-0.8780009133404272,0.9032874059107773,0.25871187932149414,-0.3686089030505115,1.075461093236816,1.67921728431938,1.172591900362271,-0.27328710456188154,1.3279509394634492,1.1403605905954641,-0.9063717722314024,-0.298935652299493,1.0054006052931947,-0.9491818987794651,2.052801117445545,-1.0992560477793467,-0.2595038118730097,-0.024162378701021243,1.2399429920042646,-1.3362088184958667,0.47566727278087145,0.16380372877759355,0.9194041304409105,1.1692035336710453,1.3553870419592844,1.6492530085146928,2.5101377004774292,2.143679579312861,-2.272304890356296,1.0748650422037584,-1.5902436978902552,-0.35818145068935076,-0.3606913127552703,-2.717344357654564,-0.5793278517363649,-0.0977492913567046,0.4555209206386371,-1.1749286890574682
-0.7728279715336362,-0.5586321745303675,0.7080793654540797,1.4144146037150847,-0.7017679937190937,-0.40776929287579083,0.5741468516386133,-0.6103515039904222,-0.27422099424091395,0.3841823730836554,-0.595957057027752,-1.745245746119466,-0.634023545244799,0.41570402369747556,-0.7284440045948084,-0.5408446856252296,0.9697872555685209,0.4820588537288867,-0.28791127330911825,0.2052087352673057,-1.0992560477793467,1.008931034637994,-0.18614487670681368,-0.31862188939711805,-0.9948473164487489,1.2828879556979476,-0.23926054490517518,0.09380958120015596,-1.0408754806777616,-0.6999022624140694,-0.8741983598044075,-0.8988660835568775,-1.7263459218898132,-1.321744336548363,1.5573470484958545,-0.38349855649035736,0.8681545948109883,0.11686394679388554,0.3698558298599068,1.6986464918165005,0.8810342785304831,-0.3554511877508726,-0.015986269901763238,0.8352362260297646
0.06644599393877297,0.27648018739487024,-0.4385238711813869,-0.00748363242683584,-0.17955093841978,0.37081190150968896,0.262603247789115,0.1382075001372372,-0.33975393938309806,-0.20788070057235228,-0.08187297559727504,0.4888130011009077,0.1588679780711541,-0.5173555174889586,-0.17041004348756422,-0.6351210719031272,-0.056556118300267015,-0.34547238169058825,-0.7763156917957564,0.12291202550873742,-0.2595038118730097,-0.18614487670681368,0.5643946334235151,0.23770769408203535,-0.03897097512530242,-0.3375047952511382,-0.444522876535794,0.06719259257777749,0.46160371966340313,0.3787823066614705,0.42459506843539047,-0.2592852132906529,-0.22915038332678975,-0.056643849185077366,-0.11024109030456634,-0.5483793189167617,0.5613356538241637,0.7145746252661973,0.47810052702060263,0.1819758728276567,-0.8949209073931284,0.375427127484201,-0.20933299521897206,0.19899311418257656
0.3712475363606132,-0.04775993438955781,-0.3197219342291144,-0.37559989216978473,0.3879688373013139,0.20323875445937753,-0.20572781934730586,-0.07650341992928406,0.33738592605084244,-0.20272905651827652,-0.06026746882475926,0.8178547173713105,-0.19843048415866218,-0.11977595546687252,-0.10629857771599019,-0.055042173002041714,-0.5284647416871784,-0.28570971863443634,-0.09701892043592646,0.5071016753200609,-0.024162378701021243,-0.31862188939711805,0.23770769408203535,0.42749691835454845,0.3723130740263394,-0.514054671780354,0.09619805979740383,-0.25746034808425033,0.4398097999965668,-0.1633564128624675,0.00640041420797364,0.010140295365528525,0.2542868710959796,0.03543029371726421,-0.18829445246482798,-0.11742921673413112,-0.08704813119373181,-0.17460872683448328,-0.3266163170360966,-0.147535859195186,-0.42306531675837505,0.38932848152793187,-0.2610572777758247,-0.3277863489109769
0.9386472797935721,0.4485176405810994,-0.5874626884276215,-1.6367108753206592,1.0083283464485244,0.2348902612651229,-0.9134088329612275,0.5383828501636299,0.7547405509837068,-0.3680401697414147,0.6526894999089292,1.7931927827831586,0.4344499403135871,-0.12293640743379497,0.7477377417926313,0.8219726192932173,-1.2500354690667408,-0.5000933712998625,0.7106199553106612,-0.019270254201337742,1.2399429920042646,-0.9948473164487489,-0.03897097512530242,0.3723130740263394,1.2972767739716793,-1.3137752846263044,0.5890331917029905,-0.18979819669589112,0.9463493583194159,0.41777326683378796,0.61228916308904,1.0772997037156802,2.0454600685181306,1.3684304335908521,-1.5412093211070952,0.6901345135713333,-1.2408392093731173,-0.6207854457564724,-0.8448930034458021,-1.938208473353026,-0.5428300774187599,0.3267413437882383,-0.011491009416555497,-1.133481737209399
-1.0358008274018362,-0.7378039989648553,0.9970291198065149,1.8635643655156684,-0.9479792284746726,-0.5687739648705955,0.7696130425709172,-0.7924637393693917,-0.40536894809796004,0.586086780899812,-0.7343740867959748,-2.3710125366380317,-0.7494263037972332,0.5786894697690371,-0.8705004624981928,-0.4828742545323031,1.3541839715471498,0.7220106777967137,-0.23966940180486165,0.14565334363810756,-1.3362088184958667,1.2828879556979476,-0.3375047952511382,-0.514054671780354,-1.3137752846263044,1.7798396388059714,-0.24261093675275885,0.13362553221232754,-1.448307223536034,-0.9542604940931212,-1.201778015762725,-1.0975295324372691,-2.1622836546186552,-1.6504851784246601,2.0039504184936803,-0.37838353831007776,1.0712505899208884,0.0911657096275611,0.4553695532714125,2.166770807344455,1.334014959057736,-0.6162094809553407,0.11743963071453305,1.1379210011726038
0.43610645336660997,-0.23235476344923386,0.07952807398071927,-0.604292566315228,0.7102035287901818,-0.25714439102422354,-0.5784666038305493,0.001588943981472303,0.8696754409287474,0.05672021065931169,0.17741361854406013,0.39217453763558513,-0.24995014566141543,0.5254123180410847,0.27906936042762387,0.9258450425059136,-0.5854290886185607,0.05605892001044856,0.934356359221432,0.24783712317524495,0.47566727278087145,-0.23926054490517518,-0.444522876535794,0.09619805979740383,0.5890331917029905,-0.24261093675275885,0.8335139978850564,-0.2817874212262659,0.016385359051036084,-0.4919570521750807,-0.4407813610718821,0.5095733040216254,0.9548873850304547,0.31339563343246285,-0.30534191057203497,0.6474642224252815,-0.934051481370105,-1.0862541157777275,-1.0367862624174096,-0.6568721008098857,0.6776498998323918,-0.029785878124553435,0.012595549144630977,-0.6344644298414752
-0.28349299297492814,0.360016768001442,0.03796631054328571,0.09092669934424616,-0.370842133224788,0.04218227810296268,0.21590571145882792,0.27961331905565545,-0.45959322283703585,-0.0011586465539419292,0.15649824432270557,-0.3101687894371806,0.4508770595905416,-0.2147114804260847,0.14695119850336902,-0.21443532408617344,0.3649679622706213,0.0010433681071807604,-0.2311489098188284,-0.5395400701043239,0.16380372877759355,0.09380958120015596,0.06719259257777749,-0.25746034808425033,-0.18979819669589112,0.13362553221232754,-0.2817874212262659,0.36642924783480113,-0.051375106125274864,0.5376481341703462,0.47928981434770673,0.0797257207619965,-0.061994586157187816,0.20450096757207925,-0.16166915936601,-0.055862638069937395,0.22140617533185802,0.5593511793281858,0.5739772029604003,-0.1090585797159835,-0.20067589233122268,-0.18835673435734387,0.19509695822918516,0.2599198419737328
0.7813150604273339,0.690117187412519,-0.9522880454019012,-1.4152128809790714,0.616476167798154,0.5757136275839786,-0.4270702370026357,0.7118862237884125,0.14458244641500964,-0.515734264898825,0.5460718295927611,1.9605084756933797,0.670988369571136,-0.6591718815760018,0.6273953322456064,0.140290484552566,-1.0161987733944828,-0.6837621559469307,-0.1292928412471801,-0.1103203488358333,0.9194041304409105,-1.0408754806777616,0.46160371966340313,0.4398097999965668,0.9463493583194159,-1.448307223536034,0.016385359051036084,-0.051375106125274864,1.286253581820452,0.9128038007681776,1.0829620771020885,0.7275679546837206,1.557848085850816,1.2390934854349154,-1.587576330197001,0.05381379638096938,-0.5983886485480726,0.2358960914090482,-0.12850686872592693,-1.5575974205647263,-1.3469434560781266,0.6050041837989169,-0.1557589325810805,-0.7530050870279353
0.2041518743935116,1.1626280475564337,-0.6644916038548802,-1.0277298364547065,-0.10491561173983835,0.43716937907525116,-0.0903336057076512,1.1461585458807588,-0.732536967881187,-0.41636992940649764,0.8105157784947219,0.9568516336277018,1.373340165254424,-0.8554005782722764,0.9513637545355885,-0.18377601067688465,-0.20020146050345866,-0.4382046603262923,-0.29436747405805125,-1.262801583431079,1.1692035336710453,-0.6999022624140694,0.3787823066614705,-0.1633564128624675,0.41777326683378796,-0.9542604940931212,-0.4919570521750807,0.5376481341703462,0.9128038007681776,1.947501496240495,1.7148374525917125,0.7947977560472904,1.3155555622496318,1.5858466143864909,-1.788628454094975,0.0635254546140607,-0.359989257868101,1.0754010409993866,0.8738270858602195,-1.744357760301226,-1.4068557048748689,0.04637034902537585,0.24075898085546582,-0.343390345213625
0.22327479335209433,1.1672000472355588,-0.7160417279801812,-1.2224116249727013,0.04227941365334349,0.6730359449794308,-0.13581759638507213,0.9768470418359056,-0.6911334090492575,-0.5363588939928051,0.7800422172682857,1.4186405136418532,1.4090740318535209,-0.9640579023837876,0.9136755799515952,-0.06974220113125604,-0.3330557280612756,-0.5073570705682212,-0.3101435834166543,-1.0533114169967723,1.3553870419592844,-0.8741983598044075,0.42459506843539047,0.00640041420797364,0.61228916308904,-1.201778015762725,-0.4407813610718821,0.47928981434770673,1.0829620771020885,1.7148374525917125,1.9754582072402687,1.0367058930272073,1.3659183013443645,1.6796375395787002,-1.9060870677128658,0.15498493535888355,-0.383006173321694,1.0096072145519919,0.8388242537391154,-1.8414895744903812,-1.5734980611503064,0.17240449012841635,0.3049932668889023,-0.4323223103548308
0.5924831164897688,0.6339707584597716,-0.3499332982167459,-1.5497898326611037,0.743090384832785,0.1948423702659516,-0.7678582804567644,0.6918653618121564,0.3197339462655772,-0.3040311184240373,0.825622105392714,1.376306496654205,0.870027223258582,-0.13838729751044138,1.0634086040414248,1.0323928351442442,-0.8052772488810632,-0.20665281963768312,0.8910339423403675,-0.6624667476553784,1.6492530085146928,-0.8988660835568775,-0.2592852132906529,0.010140295365528525,1.0772997037156802,-1.0975295324372691,0.5095733040216254,0.0797257207619965,0.7275679546837206,0.7947977560472904,1.0367058930272073,1.4306959249320514,2.088825864563702,1.7094447421485959,-1.785252522270693,0.9395771999990974,-1.3719076242008783,-0.42843563845484345,-0.4362857947569059,-2.2187502464395306,-0.36405874065923766,-0.04557082782191229,0.3668974571686041,-0.9971166669707225
1.4818113847037597,1.012276232905607,-0.9439892290565092,-2.8983637268794733,1.5226276002143757,0.24886431946683704,-1.4836733918281757,1.3911744791330023,0.9444820632514003,-0.5042762772714556,1.413174230245021,2.6731738014391513,1.2265719137371869,-0.23939580442373565,1.726824979691601,1.6449547828740716,-1.842066829237866,-0.6470514725401946,1.3811354717914024,-0.8126256949836469,2.5101377004774292,-1.7263459218898132,-0.22915038332678975,0.2542868710959796,2.0454600685181306,-2.1622836546186552,0.9548873850304547,-0.061994586157187816,1.557848085850816,1.3155555622496318,1.3659183013443645,2.088825864563702,3.9432105718949093,2.763124848453695,-3.0321034502179973,1.3474970606926235,-2.347399898719321,-0.8541523644097831,-1.1943760164165254,-3.7395264018258336,-0.794344205779504,0.24968201166464213,0.21256729507264785,-1.84817169122951
0.8382467364998466,1.1253539591722495,-0.7756933786759493,-2.097178955268035,0.8188613701549788,0.4280914706467104,-0.9088371690564626,1.157365009942198,0.0921344785941185,-0.511446182133904,1.2104966474978636,2.075317997940906,1.4099854344834304,-0.5485676720791073,1.52443300813623,0.9873747567750565,-1.086185486879545,-0.5049238119741574,0.7785702405544517,-1.0934869538781373,2.143679579312861,-1.321744336548363,-0.056643849185077366,0.03543029371726421,1.3684304335908521,-1.6504851784246601,0.31339563343246285,0.20450096757207925,1.2390934854349154,1.5858466143864909,1.6796375395787002,1.7094447421485959,2.763124848453695,2.534087274829016,-2.6874681736546435,0.9633738709026239,-1.648878637192445,-0.03176694291511983,-0.21119191796338535,-3.1264003045473236,-1.0609079265227213,0.07977455026397577,0.4026785568985211,-1.2865227116463012
-1.0269674559381465,-1.2359883794426252,1.035319873959341,2.391691538217491,-0.9706174202415228,-0.5882617035427439,0.9351771941467645,-1.3177096434938254,-0.14174030738896584,0.6548534624342015,-1.2808228553891283,-2.5733767847265923,-1.5100848183011486,0.7064364701932601,-1.6016622827739413,-0.9566558041977663,1.337973152321584,0.694014448905737,-0.6769673606644494,1.0297870681762042,-2.272304890356296,1.5573470484958545,-0.11024109030456634,-0.18829445246482798,-1.5412093211070952,2.0039504184936803,-0.30534191057203497,-0.16166915936601,-1.587576330197001,-1.788628454094975,-1.9060870677128658,-1.785252522270693,-3.0321034502179973,-2.6874681736546435,3.0196692376307164,-0.8662536822798789,1.6998570660256567,-0.02681399770038699,0.23475639512557425,3.323561990479426,1.4209397317272146,-0.28747387904436256,-0.2910156127935804,1.4454029297817286
0.3404049361793388,0.10634888662530653,0.14808341731578412,-0.8613347962686555,0.6109285563885141,-0.1914575167712169,-0.693090982176176,0.21717396464050118,0.524676857472917,0.008808275663695207,0.5070544531742509,0.46012546152559086,0.29567420348303125,0.34338079404338595,0.6601390366897041,1.053763458210461,-0.4751532981641264,0.10462410663691257,1.107399650823449,-0.37540719763653924,1.0748650422037584,-0.38349855649035736,-0.5483793189167617,-0.11742921673413112,0.6901345135713333,-0.37838353831007776,0.6474642224252815,-0.055862638069937395,0.05381379638096938,0.0635254546140607,0.15498493535888355,0.9395771999990974,1.3474970606926235,0.9633738709026239,-0.8662536822798789,0.9697162295431825,-1.1615308562496067,-0.8387074594297835,-0.6956304185322476,-1.3621847968283454,0.4946818010066388,-0.3022769991801474,0.3317900188571936,-0.7324555230304182
-0.8851366031341212,-0.30496306368558507,0.26255762149432527,1.6578178173466396,-1.1286879220327248,0.10857710045317509,1.1377838755285248,-0.6151850248054626,-0.9215869639984869,0.22286652064564116,-0.8199335233869691,-1.356398506776565,-0.39874108249940415,-0.2896668747590307,-1.1406044977137473,-1.3964604587414566,1.181425618953105,0.1516526373757249,-1.4255660830794699,0.36925244083059505,-1.5902436978902552,0.8681545948109883,0.5613356538241637,-0.08704813119373181,-1.2408392093731173,1.0712505899208884,-0.934051481370105,0.22140617533185802,-0.5983886485480726,-0.359989257868101,-0.383006173321694,-1.3719076242008783,-2.347399898719321,-1.648878637192445,1.6998570660256567,-1.1615308562496067,2.006448051740104,1.2171737897888422,1.203263109711734,2.3856561499403073,-0.17940752919635486,-0.017819077724430026,-0.19004925137018525,1.4165875079530663
-0.5252556126099501,0.6678929090207403,-0.32530111212985896,0.5125297727833684,-0.9505950394436171,0.4722552579289673,0.7903539146637268,0.3541865895925086,-1.2661674574284554,-0.14930795586658874,-0.027010846781306292,-0.2508573359960198,0.7072461062982801,-0.9018861942602499,-0.14767390500558386,-1.1958953235907241,0.7355712984423655,-0.23164952591080776,-1.3491774604259796,-0.6084453380551077,-0.35818145068935076,0.11686394679388554,0.7145746252661973,-0.17460872683448328,-0.6207854457564724,0.0911657096275611,-1.0862541157777275,0.5593511793281858,0.2358960914090482,1.0754010409993866,1.0096072145519919,-0.42843563845484345,-0.8541523644097831,-0.03176694291511983,-0.02681399770038699,-0.8387074594297835,1.2171737897888422,1.7588842717327384,1.5561359839713131,0.46857542576562305,-1.2019620500478223,0.07965133540302585,0.054568853427773234,0.826721760009128
-0.8044277187816995,0.4640841968677987,0.008097031044370078,0.8096324847369226,-1.0779183522035973,0.3210413744982028,0.8720906659195774,0.12165739660632739,-1.3254348111488388,-0.03760920177335481,-0.11497794039007295,-0.7218292852266379,0.6073525339645675,-0.7002111814709561,-0.2072409441136903,-1.080472808803792,1.0375330728662655,0.02951057147860561,-1.1290470820745424,-0.6787337345962522,-0.3606913127552703,0.3698558298599068,0.47810052702060263,-0.3266163170360966,-0.8448930034458021,0.4553695532714125,-1.0367862624174096,0.5739772029604003,-0.12850686872592693,0.8738270858602195,0.8388242537391154,-0.4362857947569059,-1.1943760164165254,-0.21119191796338535,0.23475639512557425,-0.6956304185322476,1.203263109711734,1.5561359839713131,1.6145967165239132,0.7138537781629732,-0.7916432546528981,-0.17908462603444902,0.2119438921437529,0.924853197221484
-1.276328794953689,-1.290664470383552,0.9353529037914188,2.8022688841920695,-1.2887606581830606,-0.3945190540336019,1.428925790616814,-1.4443333905040021,-0.5346854502589834,0.618453756607239,-1.5305069742077828,-2.682956698753641,-1.5158364734793506,0.47727718577315964,-1.9064819523286916,-1.4038594980782302,1.6483981281892035,0.6569828340565541,-1.2543203773019207,1.158199277365292,-2.717344357654564,1.6986464918165005,0.1819758728276567,-0.147535859195186,-1.938208473353026,2.166770807344455,-0.6568721008098857,-0.1090585797159835,-1.5575974205647263,-1.744357760301226,-1.8414895744903812,-2.2187502464395306,-3.7395264018258336,-3.1264003045473236,3.323561990479426,-1.3621847968283454,2.3856561499403073,0.46857542576562305,0.7138537781629732,4.093719522019304,1.1174353725524573,-0.18188825412375334,-0.3899140263651053,1.859404710735613
-0.41588051506506846,-0.9562590461479303,1.0726286637597655,0.9979143104932364,-0.05099340368290088,-0.8627369340998541,-0.012567615404888826,-0.7038472752097114,0.5716953054061013,0.6400007220029679,-0.42249573392602113,-1.7779434514194759,-0.9031692055906241,1.1776637757987984,-0.3897190902215485,0.7243351663958204,0.570278235802812,0.8050621749945175,0.9616104036594588,0.2835961703102869,-0.5793278517363649,0.8810342785304831,-0.8949209073931284,-0.42306531675837505,-0.5428300774187599,1.334014959057736,0.6776498998323918,-0.20067589233122268,-1.3469434560781266,-1.4068557048748689,-1.5734980611503064,-0.36405874065923766,-0.794344205779504,-1.0609079265227213,1.4209397317272146,0.4946818010066388,-0.17940752919635486,-1.2019620500478223,-0.7916432546528981,1.1174353725524573,2.102887050602136,-0.6785874287563274,0.17414997208792823,0.29055373086296876
0.4353809993727575,0.10709549844433659,-0.5485998612753318,-0.3900263715751037,0.2738476889768898,0.3141422965897276,-0.09921797687398297,0.11893253674628236,0.20415401610373773,-0.2592589346916249,-0.025698911284094128,0.9138373739150066,-0.10450733516154669,-0.28239260009863143,-0.03942814485450064,-0.23993323270388908,-0.5526413516055213,-0.4166735685478201,-0.36801323487006166,0.4410612900189246,-0.0977492913567046,-0.3554511877508726,0.375427127484201,0.38932848152793187,0.3267413437882383,-0.6162094809553407,-0.029785878124553435,-0.18835673435734387,0.6050041837989169,0.04637034902537585,0.17240449012841635,-0.04557082782191229,0.24968201166464213,0.07977455026397577,-0.28747387904436256,-0.3022769991801474,-0.017819077724430026,0.07965133540302585,-0.17908462603444902,-0.18188825412375334,-0.6785874287563274,0.5966637876578429,-0.34360240916486545,-0.23275513626709768
-0.18739091087843332,0.17085142303214104,0.18510484747652534,-0.058249576803188666,-0.11904251939648998,-0.018980104290789595,-0.0017975737979943494,0.07770778871323213,-0.2530359374151365,0.05514834707295573,0.20234593917723054,-0.16480003702376644,0.38000411179704846,-9.109411259434425e-4,0.28690650386068645,0.31625764052924743,0.2459290251615749,0.17868057655627315,0.26953209249311605,-0.48176814811149943,0.4555209206386371,-0.015986269901763238,-0.20933299521897206,-0.2610572777758247,-0.011491009416555497,0.11743963071453305,0.012595549144630977,0.19509695822918516,-0.1557589325810805,0.24075898085546582,0.3049932668889023,0.3668974571686041,0.21256729507264785,0.4026785568985211,-0.2910156127935804,0.3317900188571936,-0.19004925137018525,0.054568853427773234,0.2119438921437529,-0.3899140263651053,0.17414997208792823,-0.34360240916486545,0.36651977469917846,0.021783601009596
-0.8447574734801185,-0.27521614951920154,0.41162225982906814,1.4597252702016907,-1.018449675693176,-0.09514586560691805,0.9332886244985116,-0.44139995573956237,-0.7843635640960663,0.3314252650433882,-0.5957243684729048,-1.5247053954537535,-0.274654123021039,-0.05614253860290406,-0.7650310604814794,-0.8618713279543778,1.1686134001580748,0.33779818061921113,-0.8970992071196546,0.030977870242957173,-1.1749286890574682,0.8352362260297646,0.19899311418257656,-0.3277863489109769,-1.133481737209399,1.1379210011726038,-0.6344644298414752,0.2599198419737328,-0.7530050870279353,-0.343390345213625,-0.4323223103548308,-0.9971166669707225,-1.84817169122951,-1.2865227116463012,1.4454029297817286,-0.7324555230304182,1.4165875079530663,0.826721760009128,0.924853197221484,1.859404710735613,0.29055373086296876,-0.23275513626709768,0.021783601009596,1.2382796534883282
