V1,V2,V3,V4,V5,V6,V7,V8,V9,V10,V11,V12,V13,V14,V15,V16,V17,V18,V19,V20,V21,V22,V23,V24,V25,V26,V27,V28,V29,V30,V31,V32,V33,V34,V35,V36,V37,V38,V39,V40,V41,V42,V43,V44
1.702949669443458,-0.03061671953661568,-1.889106425778871,-0.5488804902020085,0.36760461848292614,0.849958202025198,0.6985868670676135,0.8368229510762459,-0.1893370387050407,0.6641720858943505,0.23667517512501043,1.2347528206327252,0.32972250098747324,-0.42282204124025685,0.2709329889096064,1.7172672691264372,-0.21431167199868872,-0.3901089725992396,-0.957248633912383,-0.39580081139951745,-0.21171101815017998,-1.2636376667976847,0.5172338425797426,-0.5151544103405389,0.02065872401725246,-0.044405623693879626,0.2927308863595141,-0.3807775141644894,0.64140623734459,0.01393935859126407,-0.7099268423424098,-0.45353812985114944,2.001925460830614,-0.8305574768426235,-0.23163552553009084,-0.7545358343756982,0.3679927947186395,0.1837496544705624,-1.344671254169727,0.9897066667769995,0.14573119531449955,0.8119715301507392,0.09857499042415542,1.3086517398462598
-0.03061671953661568,0.46864202421248097,0.4673165415308948,0.48546505361119063,-0.019383791698281166,0.10866854109844781,-0.5139621645399021,-0.2889272020640132,0.06687050898975856,-0.30789633105312164,0.0044593031069156295,0.261687534919324,-0.2908328972191587,0.27508691708834687,0.049488896814166454,-0.3800963048516233,0.03296192514105021,-0.26206417238039137,0.04754350143361788,-0.13654132386558673,0.39144484807408103,0.24012908593212465,0.15344318746529323,0.15768707451400402,0.07311534871105416,0.06268443715249518,-0.10670081169498502,0.28319678735801307,-0.44955449263525515,0.020568053486231228,0.5435444778837044,0.20866363543783795,-0.6094547926284487,0.0984668677545305,-0.08726010796550351,0.28159789222984366,-0.6841471543886171,-0.1497424075202259,-0.028608689948010815,-0.7520071865024529,-0.02965052925325121,0.1997817520188326,0.25035600961445603,-0.4223608161496768
-1.889106425778871,0.4673165415308948,3.8321724363631775,1.5985375841337188,-0.4434210389315263,-0.3385458616337758,-2.9810005519703204,-3.10374988950125,0.41349862412337623,-2.014027236370585,-0.4431771594089092,-1.292617626629163,-1.6057135840033498,0.9004960029075239,-1.0666454547385724,-4.446667247803093,-0.5080097632870223,0.08257185949765457,1.429513194976728,1.3310137311013623,0.6070534682981273,2.450849868870682,-0.7076298526757634,1.0771746373504216,0.8440044821314697,0.03585271887863552,-1.6097512437096007,0.2696379047701528,-2.2751482850821767,-0.10198695485913005,1.8944220594540757,1.1603457124543797,-4.802348931566248,1.144707515560249,0.7035468138147758,1.9017588473805234,-1.5458839042882335,-0.5319635302817465,1.9233836250069933,-2.9850791111579493,-1.3204437977995351,-0.7455604299528491,-0.003148114085896895,-3.3648280189126334
-0.5488804902020085,0.48546505361119063,1.5985375841337188,1.222705020769679,-0.08445652525332499,0.11916645001069161,-1.351461550184827,-1.365631890448205,0.19494535706331562,-1.000308936903157,-0.2744751066165291,-0.09893394133211221,-1.0526817048581276,0.6144068349876142,-0.43750849317355306,-1.8585326030834575,-0.06194904858564652,-0.2876040196012285,0.3193938213529914,0.36311557777382114,0.4181284624611619,1.0936350413463132,0.0463970725275321,0.5733740960432585,0.15743268597975618,0.22012549879727533,-0.7019098205818944,0.302812001378631,-1.2545730170230975,-0.03491524121763362,1.076477804485538,0.3283175768240637,-2.399557943264713,0.0129572962724729,0.31564435511934363,0.6285659316277415,-1.1439762228057662,-0.3730916938991205,0.4314289528401556,-1.2826024456737872,-0.4461789049516262,0.14328927703045838,0.18008346796091382,-1.4140120541697274
0.36760461848292614,-0.019383791698281166,-0.4434210389315263,-0.08445652525332499,0.37214547301818124,0.20600968097169445,0.1577578005511348,0.20529767112375405,0.208925303497698,-0.11506511628126813,-0.09773653006133705,0.7305351900410851,-0.21842043075997297,0.028884807714551552,-0.006522575432191859,0.22997713889746324,-0.16717491830865822,-0.29729937519460264,-0.262984383556012,0.08076516453018975,0.003410986718897703,-0.2592023414411812,0.3503162749010298,0.2699432287418345,-0.05399326789297644,-0.20001869719495366,0.17800891314712086,-0.08987966634006293,0.32531256799112884,0.06599847704921666,0.028470932086702684,-0.24940261415165646,0.23072809104550665,-0.40807230324298915,-0.1950861029577035,-0.39578134469710835,-0.1629449697778116,-0.21268529900683938,-0.4617327708199423,0.28590127865461046,-0.12978053361080147,0.49916358182443443,-0.16296423874282034,-0.023946282007640794
0.849958202025198,0.10866854109844781,-0.3385458616337758,0.11916645001069161,0.20600968097169445,0.8517460343543694,-0.6044658936799783,-0.5404563649193693,-0.16032332608209363,-0.30155594985254874,0.061366843825266776,0.6641663381742373,-0.4173916200707293,-0.18882339550837712,-0.18347758570552758,-0.27934178121811076,-0.3764425018877989,-0.34058343330247765,-0.3596932935839588,0.11610590599885036,0.031226512581363712,-0.1680264374904009,0.1418291843866805,-0.06792318369763524,0.34258241778474025,0.09687539949112586,-0.5727874855723236,-0.2902819539677185,-0.3487213484869495,0.09368616992126477,0.18425464982419945,0.031625325943011665,-0.14431277450758867,-0.39058600191692106,0.11174255790775808,-0.021229427670587893,-0.3703406416736391,0.06552897489629363,-0.5078027225778763,-0.2202722021442628,-0.5709216769529754,0.5001314861084097,0.15281409868787157,-0.12228779482988839
0.6985868670676135,-0.5139621645399021,-2.9810005519703204,-1.351461550184827,0.1577578005511348,-0.6044658936799783,4.712209439341081,4.272130024801394,-0.02209819768587842,2.5447446683683226,0.7073096431909087,0.2803630033627352,2.52947036128512,0.1227583993762841,1.4209695747657833,5.028023639281978,1.2407724390973625,0.7358042576052519,-0.8526023475425949,-1.8102520580951018,-0.3059018858106762,-2.3720559160004413,0.728437620353773,-1.6742733361058435,-1.7192671366278105,-0.3782816744789891,2.7485061903792283,-7.42497479434562e-4,2.326180357915517,0.6218650846738313,-2.2262045966755815,-1.1038401292696995,4.844802149329775,-0.9914839471676263,-1.4460209143717635,-1.6579704139614173,2.463665661534921,0.392226035953674,-1.125449962635308,3.8591133238348476,2.4753626504596142,-0.26590318747706365,-0.6114013118368442,3.7089486197033827
0.8368229510762459,-0.2889272020640132,-3.10374988950125,-1.365631890448205,0.20529767112375405,-0.5404563649193693,4.272130024801394,4.250251660533421,-0.13011212481155549,2.431331521197864,0.6804567767235575,0.5661005737031449,2.3676326976348916,-0.05065701882477021,1.5683081551095372,5.0935854207840805,1.2532318856217022,0.4885704852657246,-0.8785384430782507,-2.0190069265144954,-0.12938022903020033,-2.380712500842873,0.7598004387375455,-1.4594383084872378,-1.5919527822098765,-0.2588770996677427,2.6618135138598014,0.2324628771110931,2.368034765729599,0.5536149737965478,-1.920444129352117,-1.0344564246983425,4.9671386688786825,-0.8325754458908472,-1.428533424123706,-1.6710105113196094,1.9145861841409435,0.39479242932539194,-1.336591500085924,3.3416302372539692,2.406161954663318,-0.02597435366808272,-0.2728635725571263,3.6139743134840656
-0.1893370387050407,0.06687050898975856,0.41349862412337623,0.19494535706331562,0.208925303497698,-0.16032332608209363,-0.02209819768587842,-0.13011212481155549,0.6217404521461148,-0.2575573439374451,-0.14125995631459598,0.3747991960184901,-0.34388781419744385,0.4317209693397447,-0.2172721829649394,-0.5012229553514042,-0.32555654590796496,-0.17235578996197146,0.0903891849640046,0.6298446372597626,-0.016767140590202387,0.12543969074096442,0.3040496894993001,0.44902731759386355,0.09263465375178354,-0.5014655907751063,0.2925231258512671,-0.05740359032068134,0.07704972420185739,-0.22191210970586503,0.020036353452443225,-0.052806060306739844,-0.5940081539866197,-0.03320998826117707,-0.12560977022542988,0.05242531662351573,-0.03318689040887584,-0.3463196250676375,0.022283554723810398,-0.11650506551189334,-0.07862855940982408,0.19942081485379606,-0.4851746025799444,-0.5491466805313248
0.6641720858943505,-0.30789633105312164,-2.014027236370585,-1.000308936903157,-0.11506511628126813,-0.30155594985254874,2.5447446683683226,2.431331521197864,-0.2575573439374451,1.8114207617991234,0.5425325673305329,-0.09508189646014328,1.68992508904062,-0.27089590314213274,0.882917225165282,3.2219319631312686,0.6923703374254135,0.4859243712807656,-0.5447469768676383,-1.1221648936980684,-0.31497363847196724,-1.5166660965817986,0.1934870800897295,-1.236424266873189,-0.7758690071462786,-0.034036645460638434,1.432511691613419,-0.02146938808686133,1.34410247901313,0.08265912428799549,-1.5740941837665745,-0.5645737492161766,3.316121059242871,-0.3195205219453746,-0.5890706659134591,-0.8349899582739783,1.6112407343333583,0.502191366496113,-0.7143919323581299,2.076823480997845,1.5477680858244431,-0.3017629567707233,-0.0923700914462241,2.5320420644600774
0.23667517512501043,0.0044593031069156295,-0.4431771594089092,-0.2744751066165291,-0.09773653006133705,0.061366843825266776,0.7073096431909087,0.6804567767235575,-0.14125995631459598,0.5425325673305329,0.4100300085141872,-0.1812649062147508,0.6795675615499185,-0.021441467024227417,0.3421760613441795,0.8953844476694433,0.17872537835023158,0.26295027914902336,-0.02211172829873074,-0.4246729918454457,0.09797414400205585,-0.45660779131811297,-0.05842473140215832,-0.6578509475991067,-0.12207399031058522,-0.04181258742331561,0.308111876770353,-0.0564029392721021,0.15809251306780261,0.21090927487333702,-0.40261498427642756,0.09140836220697704,0.9812220904448014,0.10444985787993895,-0.3219547501190049,0.05972260753921571,0.5048567264083483,0.2724903172990097,-0.10400742085460286,0.38994772903057795,0.44901072394420566,-0.3134805531209773,-0.009835280127769089,0.7223964885003817
1.2347528206327252,0.261687534919324,-1.292617626629163,-0.09893394133211221,0.7305351900410851,0.6641663381742373,0.2803630033627352,0.5661005737031449,0.3747991960184901,-0.09508189646014328,-0.1812649062147508,2.109048262300587,-0.4616329557672169,0.03517940888645967,0.118706663310315,0.8918651872159097,-0.3548553319108167,-0.8890719807402534,-0.877008448194997,0.001247764072268925,0.03509251845896364,-0.8958648723154296,1.0008551017196248,0.5086088710674402,-0.0382537606544251,-0.36369689330378246,0.5109242093965216,-0.09023282167300342,0.7157725883344924,-0.055317604857493576,-0.013854738031598238,-0.5627728077343107,0.8688920045744968,-0.9502338094560827,-0.4200303891180997,-0.920896480511743,-0.537206114598487,-0.35980090946619053,-1.3941329163249336,0.5017851936749792,-0.17911976465335475,1.3870570840549747,-0.09266446138482741,0.28954409493289957
0.32972250098747324,-0.2908328972191587,-1.6057135840033498,-1.0526817048581276,-0.21842043075997297,-0.4173916200707293,2.52947036128512,2.3676326976348916,-0.34388781419744385,1.68992508904062,0.6795675615499185,-0.4616329557672169,1.952885592216675,-0.17661838751959996,0.9570118997091899,2.9749225958384553,0.7546500136297309,0.725268965835973,-0.24602541396426564,-1.272395554195811,-0.07072800662481657,-1.3542056161114044,-0.027691334836209468,-1.4120287369022466,-0.7650392593374146,-0.08736454965309261,1.3317786057383543,-0.02121265130889362,1.1561649675880192,0.4420238050081888,-1.3268196637032021,-0.2544332097721376,3.137535768174927,0.008005850224181012,-0.819788712755096,-0.5119269141082432,1.6315310685834823,0.52745698403987,-0.2819654032522287,1.8320308415645135,1.4578837877523971,-0.6935314003088183,-0.10446460486060853,2.266695016280068
-0.42282204124025685,0.27508691708834687,0.9004960029075239,0.6144068349876142,0.028884807714551552,-0.18882339550837712,0.1227583993762841,-0.05065701882477021,0.4317209693397447,-0.27089590314213274,-0.021441467024227417,0.03517940888645967,-0.17661838751959996,0.8232444444183071,-0.04448254088599476,-0.4529023707444536,0.09239927136227782,0.03678013312441507,0.2522647380379206,0.02328104057370741,0.3892137295331994,0.3084071549102901,0.25515944253204736,0.09627174185147612,-0.2244725569456791,-0.2422180127689108,0.3000814431638861,0.17581701746395503,-0.437225879438471,0.21627215967291602,0.35087363457943965,0.12274849551459646,-0.8794078628492357,-0.09403911025760697,-0.3459930995411323,0.2889701898201954,-0.25236937671660353,-0.3808275461001613,0.22858740429385063,-0.20260224900909327,0.22366665892141638,-0.08327772392848133,-0.2689112611095855,-0.5597988084600899
0.2709329889096064,0.049488896814166454,-1.0666454547385724,-0.43750849317355306,-0.006522575432191859,-0.18347758570552758,1.4209695747657833,1.5683081551095372,-0.2172721829649394,0.882917225165282,0.3421760613441795,0.118706663310315,0.9570118997091899,-0.04448254088599476,0.7366359852796442,1.9525094546931832,0.6069961153632866,0.18959781135748305,-0.24476388931679652,-1.0439147263828805,0.16160500355845175,-0.8240467869144558,0.1837515017078029,-0.6442213925790811,-0.59208402662831,0.07055415333591655,0.8990339172435301,0.23560932307777474,0.7068250154861521,0.31321053396970555,-0.4992187227865175,-0.2169416991566227,1.861922263931753,-0.1399803785808545,-0.5840156947427688,-0.4691226734723606,0.4414044975315965,0.198719539780907,-0.4617282662204926,0.9318117659461116,0.9568702989829223,-0.08597020443339494,0.1575380915235595,1.3336187869079001
1.7172672691264372,-0.3800963048516233,-4.446667247803093,-1.8585326030834575,0.22997713889746324,-0.27934178121811076,5.028023639281978,5.0935854207840805,-0.5012229553514042,3.2219319631312686,0.8953844476694433,0.8918651872159097,2.9749225958384553,-0.4529023707444536,1.9525094546931832,6.745942133162216,1.47426510046624,0.46949172215836354,-1.4081725603308672,-2.689567979577063,-0.27066201119099514,-3.2273552359282016,0.8605913853835895,-2.0616880870193985,-1.7836463194285492,-0.005754469154015306,2.996546010267067,0.14453691205454286,2.856017477314513,0.5488919520112133,-2.564513812646446,-1.3354727865685803,6.729565862515766,-1.208365030949646,-1.5335021719797644,-2.163500634401739,2.343915742433777,0.6378059119102084,-2.076670220393706,4.182492671818398,2.9107883175481004,0.1748432509050679,0.04092925269628066,4.89789364089389
-0.21431167199868872,0.03296192514105021,-0.5080097632870223,-0.06194904858564652,-0.16717491830865822,-0.3764425018877989,1.2407724390973625,1.2532318856217022,-0.32555654590796496,0.6923703374254135,0.17872537835023158,-0.3548553319108167,0.7546500136297309,0.09239927136227782,0.6069961153632866,1.47426510046624,0.891460178886287,0.3020860786734055,-0.07954392885000079,-1.1347889984279989,0.193532449744938,-0.35927704760402546,0.05389507215578314,-0.5496119687463855,-0.7883777034544018,0.3602367916093771,0.714835035157427,0.413499644700952,0.3389430053350977,0.3685640569749381,-0.23757779451297528,-0.22413263176653575,1.1146232228599582,-0.19405737501723344,-0.36161570252862596,-0.36563733871883575,0.29007913704524757,0.13599055153679082,-0.1079952186431446,0.8489278662412424,0.9817310855976652,-0.27277800027042826,0.2773373268602139,1.097654473411233
-0.3901089725992396,-0.26206417238039137,0.08257185949765457,-0.2876040196012285,-0.29729937519460264,-0.34058343330247765,0.7358042576052519,0.4885704852657246,-0.17235578996197146,0.4859243712807656,0.26295027914902336,-0.8890719807402534,0.725268965835973,0.03678013312441507,0.18959781135748305,0.46949172215836354,0.3020860786734055,0.6257835120767882,0.3011890823097936,-0.29304699273094437,-0.05662195936922952,-0.09438102413611434,-0.3649658988996493,-0.623450220047152,-0.22702061774566357,0.018061894316687234,0.24615224058718949,-0.06627530911781056,0.07836682076245674,0.2299783800942774,-0.44355271728254314,0.13238535231713974,0.5385201045105511,0.289583710314453,-0.14352196158197603,0.1866734239593125,0.7605291839650794,0.2632492402981607,0.4549716957625959,0.4922526201686921,0.44283134639088784,-0.7677579904914332,-0.1385276069214064,0.4911918394237883
-0.957248633912383,0.04754350143361788,1.429513194976728,0.3193938213529914,-0.262984383556012,-0.3596932935839588,-0.8526023475425949,-0.8785384430782507,0.0903891849640046,-0.5447469768676383,-0.02211172829873074,-0.877008448194997,-0.24602541396426564,0.2522647380379206,-0.24476388931679652,-1.4081725603308672,-0.07954392885000079,0.3011890823097936,0.7782519150544471,0.38260781265940774,0.22695876033416396,0.8630142267397312,-0.49413585220581474,0.21137743473109435,0.2890655650751089,-0.019005640332667478,-0.44851572215369506,0.114909176158277,-0.6746517926838875,0.022698509597704645,0.523473534546089,0.5475228487191024,-1.4246484790346037,0.748202070838077,0.17193188004725676,0.8280008746312586,-0.3007966585518039,-0.06209752155786226,0.9323647296497394,-1.0371771017994824,-0.30576587714390574,-0.6637770215067699,-0.03295087670134278,-1.077008431032846
-0.39580081139951745,-0.13654132386558673,1.3310137311013623,0.36311557777382114,0.08076516453018975,0.11610590599885036,-1.8102520580951018,-2.0190069265144954,0.6298446372597626,-1.1221648936980684,-0.4246729918454457,0.001247764072268925,-1.272395554195811,0.02328104057370741,-1.0439147263828805,-2.689567979577063,-1.1347889984279989,-0.29304699273094437,0.38260781265940774,2.0076152647513403,-0.47192577637693756,0.9662720044926022,-0.1807327349034786,1.0630863079074209,1.0368664156156688,-0.492882662294739,-0.9656221461381086,-0.47758527329094,-0.5909485048092085,-0.8087618553190392,0.3105382357855857,0.31816461955762465,-2.391444398215903,0.4575452344938928,0.805331030065625,0.6733160893802747,-0.2928401642157192,-0.21612180633051878,0.5989873634832943,-1.2481612182732302,-1.3156360020529851,0.124317840576623,-0.5651765154750266,-1.8196136916722032
-0.21171101815017998,0.39144484807408103,0.6070534682981273,0.4181284624611619,0.003410986718897703,0.031226512581363712,-0.3059018858106762,-0.12938022903020033,-0.016767140590202387,-0.31497363847196724,0.09797414400205585,0.03509251845896364,-0.07072800662481657,0.3892137295331994,0.16160500355845175,-0.27066201119099514,0.193532449744938,-0.05662195936922952,0.22695876033416396,-0.47192577637693756,0.6352039965426721,0.2858650708023332,0.03288632967550239,-0.0160159117910564,-0.10229024573856839,0.08655760042204513,-0.09608773351240507,0.30789036297495037,-0.5095443673786173,0.43827526590226473,0.7071506790765655,0.2928938810672408,-0.5164007641001546,0.10885828419567829,-0.35192723582153024,0.32417223168783665,-0.6813426084901217,-0.20871937189799405,0.14784847210406962,-0.6459136327087045,0.04024852695016588,-0.04941621108597048,0.2463516105444075,-0.49673762010690115
-1.2636376667976847,0.24012908593212465,2.450849868870682,1.0936350413463132,-0.2592023414411812,-0.1680264374904009,-2.3720559160004413,-2.380712500842873,0.12543969074096442,-1.5166660965817986,-0.45660779131811297,-0.8958648723154296,-1.3542056161114044,0.3084071549102901,-0.8240467869144558,-3.2273552359282016,-0.35927704760402546,-0.09438102413611434,0.8630142267397312,0.9662720044926022,0.2858650708023332,1.856146477596788,-0.56680089086411245,0.9671256887363691,0.608630823841828,0.2527983179781348,-1.4210217394634455,0.21348192481468425,-1.5412209306002036,-0.1838639717750352,1.4343014413380697,0.6744299129152967,-3.454448992284252,0.6936741606579956,0.7638100604014249,1.1134311414854565,-1.2833621979726957,-0.3471600314116365,1.257368980668771,-2.114460421612557,-1.1072664344247969,-0.3066250656855889,0.17450767560391117,-2.3793057286845607
0.5172338425797426,0.15344318746529323,-0.7076298526757634,0.0463970725275321,0.3503162749010298,0.1418291843866805,0.728437620353773,0.7598004387375455,0.3040496894993001,0.1934870800897295,-0.05842473140215832,1.0008551017196248,-0.027691334836209468,0.25515944253204736,0.1837515017078029,0.8605913853835895,0.05389507215578314,-0.3649658988996493,-0.49413585220581474,-0.1807327349034786,0.03288632967550239,-0.56680089086411245,0.6788936169307084,0.13433424743962757,-0.32619729757614757,-0.2502446386845315,0.6588180680531807,0.060521454536810106,0.49769840433952534,0.03027530411035424,-0.1752339185346217,-0.43104365310326975,0.656100336672646,-0.6425590618071763,-0.3818556496980204,-0.6008859265934375,-0.013200951322477675,-0.2270157024714662,-0.7248297827363437,0.6660376587031502,0.3118650449829695,0.6483817346871451,-0.18531919377714867,0.46343856119639
-0.5151544103405389,0.15768707451400402,1.0771746373504216,0.5733740960432585,0.2699432287418345,-0.06792318369763524,-1.6742733361058435,-1.4594383084872378,0.44902731759386355,-1.236424266873189,-0.6578509475991067,0.5086088710674402,-1.4120287369022466,0.09627174185147612,-0.6442213925790811,-2.0616880870193985,-0.5496119687463855,-0.623450220047152,0.21137743473109435,1.0630863079074209,-0.0160159117910564,0.9671256887363691,0.13433424743962757,1.4465525041471703,0.4820343579613905,-0.1331464481673995,-0.6744857756168355,0.14314765577219218,-0.36531860091732454,-0.461121964550115,0.9659404850798479,0.04292054494498917,-2.1452472007235763,0.12270051764139984,0.5094609841561862,0.12989642578485783,-1.1983034668202943,-0.4959828954248913,0.24466258440961983,-1.2586402597167092,-1.0059754941881986,0.5898892293107086,-0.05359796734083765,-1.753074069466261
0.02065872401725246,0.07311534871105416,0.8440044821314697,0.15743268597975618,-0.05399326789297644,0.34258241778474025,-1.7192671366278105,-1.5919527822098765,0.09263465375178354,-0.7758690071462786,-0.12207399031058522,-0.0382537606544251,-0.7650392593374146,-0.2244725569456791,-0.59208402662831,-1.7836463194285492,-0.7883777034544018,-0.22702061774566357,0.2890655650751089,1.0368664156156688,-0.10229024573856839,0.608630823841828,-0.32619729757614757,0.4820343579613905,0.9538291420937678,-0.11324272872162942,-1.009397606374009,-0.28327902319467757,-0.6653231694318512,-0.427585878815353,0.43194642306730846,0.4858399944441607,-1.3989822954446098,0.5543753769378814,0.567802920169517,0.7211387412623668,-0.4893760253175974,0.01965996102104897,0.3578300586481799,-1.3787112926976908,-1.0464867093828407,0.020780007831760917,0.02989651569101684,-1.2181356808299804
-0.044405623693879626,0.06268443715249518,0.03585271887863552,0.22012549879727533,-0.20001869719495366,0.09687539949112586,-0.3782816744789891,-0.2588770996677427,-0.5014655907751063,-0.034036645460638434,-0.04181258742331561,-0.36369689330378246,-0.08736454965309261,-0.2422180127689108,0.07055415333591655,-0.005754469154015306,0.3602367916093771,0.018061894316687234,-0.019005640332667478,-0.492882662294739,0.08655760042204513,0.2527983179781348,-0.2502446386845315,-0.1331464481673995,-0.11324272872162942,0.6259435708110049,-0.4189294727067333,0.22066605318367158,-0.3845727304284263,0.0717214312426288,0.2765425995456741,0.03672800417984238,-0.172723881765825,-0.04077170093338328,0.3090506906501804,0.02626246020141645,-0.3916314115495882,0.14819565514594468,0.032299756770290865,-0.2099947183700924,0.036979026102223825,-0.05934874847239238,0.5645280876030677,0.13686876785878124
0.2927308863595141,-0.10670081169498502,-1.6097512437096007,-0.7019098205818944,0.17800891314712086,-0.5727874855723236,2.7485061903792283,2.6618135138598014,0.2925231258512671,1.432511691613419,0.308111876770353,0.5109242093965216,1.3317786057383543,0.3000814431638861,0.8990339172435301,2.996546010267067,0.714835035157427,0.24615224058718949,-0.44851572215369506,-0.9656221461381086,-0.09608773351240507,-1.4210217394634455,0.6588180680531807,-0.6744857756168355,-1.009397606374009,-0.4189294727067333,2.0213265020409947,0.1863687194592563,1.5274287351427924,0.15262718362527802,-1.2424046724397002,-0.6696428768247071,2.7800956372297314,-0.5062045061136625,-0.9572342732440277,-0.9566843817943687,1.2076076766547008,-5.698437675327532e-4,-0.7884415676478684,2.045400927349513,1.603656358679145,0.044024167158715016,-0.4074352717831064,2.034192577684365
-0.3807775141644894,0.28319678735801307,0.2696379047701528,0.302812001378631,-0.08987966634006293,-0.2902819539677185,-7.42497479434562e-4,0.2324628771110931,-0.05740359032068134,-0.02146938808686133,-0.0564029392721021,-0.09023282167300342,-0.02121265130889362,0.17581701746395503,0.23560932307777474,0.14453691205454286,0.413499644700952,-0.06627530911781056,0.114909176158277,-0.47758527329094,0.30789036297495037,0.21348192481468425,0.060521454536810106,0.14314765577219218,-0.28327902319467757,0.22066605318367158,0.1863687194592563,0.4863815631900257,-0.0858756333982669,0.06376638523208358,0.3758279136190703,0.004004938201317095,-0.16630732641734292,0.1026524002872904,-0.0950071795155959,-0.00427906405333663,-0.4686643626045041,-0.08810587757901406,0.07268305329401714,-0.2896787132659258,0.35540502650859984,-0.006227618214361603,0.30684085055259,-0.036401267139334496
0.64140623734459,-0.44955449263525515,-2.2751482850821767,-1.2545730170230975,0.32531256799112884,-0.3487213484869495,2.326180357915517,2.368034765729599,0.07704972420185739,1.34410247901313,0.15809251306780261,0.7157725883344924,1.1561649675880192,-0.437225879438471,0.7068250154861521,2.856017477314513,0.3389430053350977,0.07836682076245674,-0.6746517926838875,-0.5909485048092085,-0.5095443673786173,-1.5412209306002036,0.49769840433952534,-0.36531860091732454,-0.6653231694318512,-0.3845727304284263,1.5274287351427924,-0.0858756333982669,1.971481207924118,-0.055798018958557696,-1.3768800258887681,-0.840325859439397,3.1228732144773907,-0.4819816300075822,-0.6029950422447391,-1.3247781322757575,1.2750664211307368,0.22203022146013746,-0.9462757970800807,2.1081262996741743,1.0079807365169082,0.29135949632610786,-0.368311488808137,2.022831904312359
0.01393935859126407,0.020568053486231228,-0.10198695485913005,-0.03491524121763362,0.06599847704921666,0.09368616992126477,0.6218650846738313,0.5536149737965478,-0.22191210970586503,0.08265912428799549,0.21090927487333702,-0.055317604857493576,0.4420238050081888,0.21627215967291602,0.31321053396970555,0.5488919520112133,0.3685640569749381,0.2299783800942774,0.022698509597704645,-0.8087618553190392,0.43827526590226473,-0.1838639717750352,0.03027530411035424,-0.461121964550115,-0.427585878815353,0.0717214312426288,0.15262718362527802,0.06376638523208358,-0.055798018958557696,0.8272887798479597,0.2510230508332188,0.049466312831098834,0.44701955883650574,-0.2455819965159046,-0.5731752241611074,-0.09902061917203038,0.0069858845191683805,-0.043623430996371636,0.02647402927638673,0.40120115038511356,0.1943470813384513,-0.17752538899809317,0.05516187331117506,0.2242954284482274
-0.7099268423424098,0.5435444778837044,1.8944220594540757,1.076477804485538,0.028470932086702684,0.18425464982419945,-2.2262045966755815,-1.920444129352117,0.020036353452443225,-1.5740941837665745,-0.40261498427642756,-0.013854738031598238,-1.3268196637032021,0.35087363457943965,-0.4992187227865175,-2.564513812646446,-0.23757779451297528,-0.44355271728254314,0.523473534546089,0.3105382357855857,0.7071506790765655,1.4343014413380697,-0.1752339185346217,0.9659404850798479,0.43194642306730846,0.2765425995456741,-1.2424046724397002,0.3758279136190703,-1.3768800258887681,0.2510230508332188,1.8256499649453661,0.5908234369954394,-2.8475930842501858,0.32874315485035766,0.28247120932207326,0.774913530952634,-1.8441718186097227,-0.49527056821910753,0.6751067794471642,-2.1031619571288727,-1.1029190571021865,0.22737067632652658,0.44285460613398303,-2.208290549246228
-0.45353812985114944,0.20866363543783795,1.1603457124543797,0.3283175768240637,-0.24940261415165646,0.031625325943011665,-1.1038401292696995,-1.0344564246983425,-0.052806060306739844,-0.5645737492161766,0.09140836220697704,-0.5627728077343107,-0.2544332097721376,0.12274849551459646,-0.2169416991566227,-1.3354727865685803,-0.22413263176653575,0.13238535231713974,0.5475228487191024,0.31816461955762465,0.2928938810672408,0.6744299129152967,-0.43104365310326975,0.04292054494498917,0.4858399944441607,0.03672800417984238,-0.6696428768247071,0.004004938201317095,-0.840325859439397,0.049466312831098834,0.5908234369954394,0.6659084592792575,-1.2458627226990882,0.6809468354407852,0.17081076207510285,0.89466682494458,-0.4532949437387246,0.025727315165639808,0.6707096694358569,-1.2348219687342987,-0.4884744647020695,-0.4405535010510958,0.14266974286647066,-0.9736696450378014
2.001925460830614,-0.6094547926284487,-4.802348931566248,-2.399557943264713,0.23072809104550665,-0.14431277450758867,4.844802149329775,4.9671386688786825,-0.5940081539866197,3.316121059242871,0.9812220904448014,0.8688920045744968,3.137535768174927,-0.8794078628492357,1.861922263931753,6.729565862515766,1.1146232228599582,0.5385201045105511,-1.4246484790346037,-2.391444398215903,-0.5164007641001546,-3.454448992284252,0.656100336672646,-2.1452472007235763,-1.3989822954446098,-0.172723881765825,2.7800956372297314,-0.16630732641734292,3.1228732144773907,0.44701955883650574,-2.8475930842501858,-1.2458627226990882,7.2204745408867534,-0.9588646059984384,-1.4232811818812146,-2.1212700509743465,2.700413035948078,0.8569669519233148,-2.0632157405936593,4.1589778068716035,2.5559087435343786,0.08307841147704408,-0.04739361563184974,4.978207287437459
-0.8305574768426235,0.0984668677545305,1.144707515560249,0.0129572962724729,-0.40807230324298915,-0.39058600191692106,-0.9914839471676263,-0.8325754458908472,-0.03320998826117707,-0.3195205219453746,0.10444985787993895,-0.9502338094560827,0.008005850224181012,-0.09403911025760697,-0.1399803785808545,-1.208365030949646,-0.19405737501723344,0.289583710314453,0.748202070838077,0.4575452344938928,0.10885828419567829,0.6936741606579956,-0.6425590618071763,0.12270051764139984,0.5543753769378814,-0.04077170093338328,-0.5062045061136625,0.1026524002872904,-0.4819816300075822,-0.2455819965159046,0.32874315485035766,0.6809468354407852,-0.9588646059984384,1.176993768292056,0.2722825540596475,0.936635171222016,-0.1552912803318406,0.205081301517037,0.9503037023101091,-1.3049333163100902,-0.31074274522739526,-0.7566798871636731,0.10469025342251535,-0.8494647683203541
-0.23163552553009084,-0.08726010796550351,0.7035468138147758,0.31564435511934363,-0.1950861029577035,0.11174255790775808,-1.4460209143717635,-1.428533424123706,-0.12560977022542988,-0.5890706659134591,-0.3219547501190049,-0.4200303891180997,-0.819788712755096,-0.3459930995411323,-0.5840156947427688,-1.5335021719797644,-0.36161570252862596,-0.14352196158197603,0.17193188004725676,0.805331030065625,-0.35192723582153024,0.7638100604014249,-0.3818556496980204,0.5094609841561862,0.567802920169517,0.3090506906501804,-0.9572342732440277,-0.0950071795155959,-0.6029950422447391,-0.5731752241611074,0.28247120932207326,0.17081076207510285,-1.4232811818812146,0.2722825540596475,0.9125320331400107,0.3875383486986034,-0.39671295398509604,0.08200829414410057,0.36975206945505207,-0.8859301316849212,-0.7310936120091238,0.010413502460617088,0.20571639797923166,-0.8061702081353781
-0.7545358343756982,0.28159789222984366,1.9017588473805234,0.6285659316277415,-0.39578134469710835,-0.021229427670587893,-1.6579704139614173,-1.6710105113196094,0.05242531662351573,-0.8349899582739783,0.05972260753921571,-0.920896480511743,-0.5119269141082432,0.2889701898201954,-0.4691226734723606,-2.163500634401739,-0.36563733871883575,0.1866734239593125,0.8280008746312586,0.6733160893802747,0.32417223168783665,1.1134311414854565,-0.6008859265934375,0.12989642578485783,0.7211387412623668,0.02626246020141645,-0.9566843817943687,-0.00427906405333663,-1.3247781322757575,-0.09902061917203038,0.774913530952634,0.89466682494458,-2.1212700509743465,0.936635171222016,0.3875383486986034,1.3676691780829329,-0.5495914860463891,-0.029935707449800186,1.049545102583758,-1.7892425196864101,-0.6766639280816453,-0.6587579496017271,0.10685250033122165,-1.4992429922086918
0.3679927947186395,-0.6841471543886171,-1.5458839042882335,-1.1439762228057662,-0.1629449697778116,-0.3703406416736391,2.463665661534921,1.9145861841409435,-0.03318689040887584,1.6112407343333583,0.5048567264083483,-0.537206114598487,1.6315310685834823,-0.25236937671660353,0.4414044975315965,2.343915742433777,0.29007913704524757,0.7605291839650794,-0.3007966585518039,-0.2928401642157192,-0.6813426084901217,-1.2833621979726957,-0.013200951322477675,-1.1983034668202943,-0.4893760253175974,-0.3916314115495882,1.2076076766547008,-0.4686643626045041,1.2750664211307368,0.0069858845191683805,-1.8441718186097227,-0.4532949437387246,2.700413035948078,-0.1552912803318406,-0.39671295398509604,-0.5495914860463891,2.290091764425252,0.5497782286329188,-0.1819977104306426,2.2244209176253307,1.0945226977800508,-0.6752634348940236,-0.6505658110623057,2.130078402346814
0.1837496544705624,-0.1497424075202259,-0.5319635302817465,-0.3730916938991205,-0.21268529900683938,0.06552897489629363,0.392226035953674,0.39479242932539194,-0.3463196250676375,0.502191366496113,0.2724903172990097,-0.35980090946619053,0.52745698403987,-0.3808275461001613,0.198719539780907,0.6378059119102084,0.13599055153679082,0.2632492402981607,-0.06209752155786226,-0.21612180633051878,-0.20871937189799405,-0.3471600314116365,-0.2270157024714662,-0.4959828954248913,0.01965996102104897,0.14819565514594468,-5.698437675327532e-4,-0.08810587757901406,0.22203022146013746,-0.043623430996371636,-0.49527056821910753,0.025727315165639808,0.8569669519233148,0.205081301517037,0.08200829414410057,-0.029935707449800186,0.5497782286329188,0.5029481364241709,-0.017693678575875334,0.3531779982183084,0.22510280752056483,-0.3405961964848119,0.10969926228077875,0.7489768941616384
-1.344671254169727,-0.028608689948010815,1.9233836250069933,0.4314289528401556,-0.4617327708199423,-0.5078027225778763,-1.125449962635308,-1.336591500085924,0.022283554723810398,-0.7143919323581299,-0.10400742085460286,-1.3941329163249336,-0.2819654032522287,0.22858740429385063,-0.4617282662204926,-2.076670220393706,-0.1079952186431446,0.4549716957625959,0.9323647296497394,0.5989873634832943,0.14784847210406962,1.257368980668771,-0.7248297827363437,0.24466258440961983,0.3578300586481799,0.032299756770290865,-0.7884415676478684,0.07268305329401714,-0.9462757970800807,0.02647402927638673,0.6751067794471642,0.6707096694358569,-2.0632157405936593,0.9503037023101091,0.36975206945505207,1.049545102583758,-0.1819977104306426,-0.017693678575875334,1.4560424959811324,-1.2549070062441765,-0.5326921008877732,-0.9355544837666014,-0.08212244019153993,-1.4260872461560623
0.9897066667769995,-0.7520071865024529,-2.9850791111579493,-1.2826024456737872,0.28590127865461046,-0.2202722021442628,3.8591133238348476,3.3416302372539692,-0.11650506551189334,2.076823480997845,0.38994772903057795,0.5017851936749792,1.8320308415645135,-0.20260224900909327,0.9318117659461116,4.182492671818398,0.8489278662412424,0.4922526201686921,-1.0371771017994824,-1.2481612182732302,-0.6459136327087045,-2.114460421612557,0.6660376587031502,-1.2586402597167092,-1.3787112926976908,-0.2099947183700924,2.045400927349513,-0.2896787132659258,2.1081262996741743,0.40120115038511356,-2.1031619571288727,-1.2348219687342987,4.1589778068716035,-1.3049333163100902,-0.8859301316849212,-1.7892425196864101,2.2244209176253307,0.3531779982183084,-1.2549070062441765,3.7514693455067776,1.7409320143780154,0.09318177998127837,-0.568019687156508,3.2542439899828097
0.14573119531449955,-0.02965052925325121,-1.3204437977995351,-0.4461789049516262,-0.12978053361080147,-0.5709216769529754,2.4753626504596142,2.406161954663318,-0.07862855940982408,1.5477680858244431,0.44901072394420566,-0.17911976465335475,1.4578837877523971,0.22366665892141638,0.9568702989829223,2.9107883175481004,0.9817310855976652,0.44283134639088784,-0.30576587714390574,-1.3156360020529851,0.04024852695016588,-1.1072664344247969,0.3118650449829695,-1.0059754941881986,-1.0464867093828407,0.036979026102223825,1.603656358679145,0.35540502650859984,1.0079807365169082,0.1943470813384513,-1.1029190571021865,-0.4884744647020695,2.5559087435343786,-0.31074274522739526,-0.7310936120091238,-0.6766639280816453,1.0945226977800508,0.22510280752056483,-0.5326921008877732,1.7409320143780154,1.8089753464274163,-0.3248472348766699,-0.026030108805545436,2.110505769982121
0.8119715301507392,0.1997817520188326,-0.7455604299528491,0.14328927703045838,0.49916358182443443,0.5001314861084097,-0.26590318747706365,-0.02597435366808272,0.19942081485379606,-0.3017629567707233,-0.3134805531209773,1.3870570840549747,-0.6935314003088183,-0.08327772392848133,-0.08597020443339494,0.1748432509050679,-0.27277800027042826,-0.7677579904914332,-0.6637770215067699,0.124317840576623,-0.04941621108597048,-0.3066250656855889,0.6483817346871451,0.5898892293107086,0.020780007831760917,-0.05934874847239238,0.044024167158715016,-0.006227618214361603,0.29135949632610786,-0.17752538899809317,0.22737067632652658,-0.4405535010510958,0.08307841147704408,-0.7566798871636731,0.010413502460617088,-0.6587579496017271,-0.6752634348940236,-0.3405961964848119,-0.9355544837666014,0.09318177998127837,-0.3248472348766699,1.163119547093083,0.07437042943438052,-0.056045247463780604
0.09857499042415542,0.25035600961445603,-0.003148114085896895,0.18008346796091382,-0.16296423874282034,0.15281409868787157,-0.6114013118368442,-0.2728635725571263,-0.4851746025799444,-0.0923700914462241,-0.009835280127769089,-0.09266446138482741,-0.10446460486060853,-0.2689112611095855,0.1575380915235595,0.04092925269628066,0.2773373268602139,-0.1385276069214064,-0.03295087670134278,-0.5651765154750266,0.2463516105444075,0.17450767560391117,-0.18531919377714867,-0.05359796734083765,0.02989651569101684,0.5645280876030677,-0.4074352717831064,0.30684085055259,-0.368311488808137,0.05516187331117506,0.44285460613398303,0.14266974286647066,-0.04739361563184974,0.10469025342251535,0.20571639797923166,0.10685250033122165,-0.6505658110623057,0.10969926228077875,-0.08212244019153993,-0.568019687156508,-0.026030108805545436,0.07437042943438052,0.7020868912671158,0.03810833017722731
1.3086517398462598,-0.4223608161496768,-3.3648280189126334,-1.4140120541697274,-0.023946282007640794,-0.12228779482988839,3.7089486197033827,3.6139743134840656,-0.5491466805313248,2.5320420644600774,0.7223964885003817,0.28954409493289957,2.266695016280068,-0.5597988084600899,1.3336187869079001,4.89789364089389,1.097654473411233,0.4911918394237883,-1.077008431032846,-1.8196136916722032,-0.49673762010690115,-2.3793057286845607,0.46343856119639,-1.753074069466261,-1.2181356808299804,0.13686876785878124,2.034192577684365,-0.036401267139334496,2.022831904312359,0.2242954284482274,-2.208290549246228,-0.9736696450378014,4.978207287437459,-0.8494647683203541,-0.8061702081353781,-1.4992429922086918,2.130078402346814,0.7489768941616384,-1.4260872461560623,3.2542439899828097,2.110505769982121,-0.056045247463780604,0.03810833017722731,3.9363572569544
