V1,V2,V3,V4,V5,V6,V7,V8,V9,V10,V11,V12,V13,V14,V15,V16,V17,V18,V19,V20,V21,V22,V23,V24,V25,V26,V27,V28,V29,V30,V31,V32,V33,V34,V35,V36,V37,V38,V39,V40,V41,V42,V43,V44
2.4783690500937974,1.130421574541276,-0.8049299925582275,0.22635920090396622,-0.0734433429096822,1.251051485124065,-0.7330009977181204,-0.38016239722563444,0.9447323351604685,0.7781465368866589,0.6824219292491199,1.929345071861064,-0.10855611318623781,0.2805980129874589,-0.19107869865705823,0.4993487184812889,-1.5604264797394858,-0.9846643440412739,-0.9301392512662601,1.4646349401138516,-0.3171847831055182,-1.359656829281921,0.9433198232441143,-0.5587046569553593,1.5876914178546322,-1.0606044241955501,0.4144031664136349,-0.5847520989723349,-0.2978700343560742,-1.798253615743564,-1.2899079923369068,0.3495918603783378,0.9515573599610718,0.3045482636315579,0.14215624887433684,0.8877244346608828,0.45462730594235407,0.2987880149687892,-1.5154684504837967,-1.2195241931012715,0.16800385419106595,1.0199037765367454,-0.2755706306547441,0.699799652808397
1.130421574541276,1.3353961994480712,0.06430394973472084,0.5246832796655657,-0.6568216354859379,0.4579625422332657,-0.4944580321684407,0.1133999163833071,0.1271119250273257,0.9154781965398473,0.84488171591195,0.3476707426470969,0.5909473235649013,0.38673004878801365,0.48064560921726146,0.8693043839519522,-0.22662430962161573,-0.31505083674367124,-0.20125474219035763,-0.2262351002626004,0.47408873539733665,-0.6667386633845763,0.2499967003196287,-1.057890227958765,0.7886550161457585,-0.13809592552398078,0.3865949091483804,0.32785459590156346,-0.8239747088641204,-0.9516905272285553,-0.4545850598814383,0.7513114380676289,0.8324723977286097,0.9142382201304712,-0.1025455398268392,1.2594047666415618,-0.08979947946789046,0.4546252234141607,-0.5658098607901486,-1.6325339768159481,0.9569414265777435,-0.025202073116508555,0.6136355459647286,0.8318086653010922
-0.8049299925582275,0.06430394973472084,2.0420615382034204,1.1860317889385183,-0.1457201760744051,0.29205435070051505,0.9651575020386964,-0.1801084362792793,0.016344947469307158,-0.5143534414635028,0.576444595805912,-1.1824670325205855,0.5073600409637503,1.7325119893149854,-0.029593219828848594,-0.9104043394973459,0.6148247256723713,1.0620946481235345,0.7477131507979248,-0.9240275741655396,1.191564864132345,0.6810947466249051,-0.15872513007007946,-1.3681465786215226,-0.8727185229030747,-0.03766473778312894,-0.17158069568253656,-0.25140741982215875,-1.8435152228618923,2.092498084460036,0.8543635687093943,0.6915265392844406,-1.7116257504496621,-0.60888330520631,-1.1595837502961066,0.9931318842469282,0.25244028516359085,-0.42089366886992974,1.11385973438621,0.5062016379224403,0.21218926812877245,-1.2018016599630523,-0.5791012357352474,-0.8013786824732422
0.22635920090396622,0.5246832796655657,1.1860317889385183,1.3455080455578274,-0.4563080775173752,0.4805163339129178,0.47275429054037693,-0.32122077144800004,0.2395934785989849,0.24868417512962016,0.5121125475661598,-0.511014460269359,0.1985480271659638,1.3307169135581125,-0.15806869348632946,-0.2990094456732796,0.2014362747526016,0.3868895665982497,0.01565417445453177,-0.13788724954779796,0.4066648304634999,0.1455527351766677,0.24220148068084135,-1.2357023608008542,-0.23157149218082487,0.013769841895015667,0.09591710362526379,-0.16243268220086052,-1.6172681784778002,0.2594483236575519,-0.20206419179423585,0.3714965291796203,-1.0705620082446141,-0.47745183497169463,-0.222608072228103,0.9576414321094865,0.48841490939913584,-0.0467145629670682,0.18724634866669412,0.1070256942914483,0.6980412482011858,-0.4812038219684613,-0.26900376349280714,0.18843011814405436
-0.0734433429096822,-0.6568216354859379,-0.1457201760744051,-0.4563080775173752,0.8789304854439024,0.17781481194573565,0.29896132019703076,-0.09086231026898822,0.5448447195926155,-0.8620723913256976,-0.3709326585739671,0.8820906806657736,-0.5186651539162145,0.1273412681277315,-0.418313957513818,-0.759276299584487,-0.5976135561065538,-0.12720788408096345,-0.016556680268775523,0.7239469790818566,-0.10203064084134304,-0.010598750473288872,0.3337878838813447,0.8050617204711179,-0.09548654588952152,-0.7551698674369584,-0.028066815233837868,-0.612924430593246,0.6666203829567877,0.7443142370294775,0.3207674576559506,-0.34006604029462023,-0.46848811241303795,-0.6992549129284711,-0.5145819054039776,-0.6927078262492758,0.03827716002978244,-0.578152262421295,-0.03537400272612168,0.8469744331869734,-1.0414047488810656,0.4740946793533594,-0.9741919882994075,-1.0144605242686957
1.251051485124065,0.4579625422332657,0.29205435070051505,0.4805163339129178,0.17781481194573565,1.07263717314383,0.06591842566599018,-0.41648151050766197,0.7292650960605429,-0.03054128183361643,0.5787620187813707,0.9526835333264989,-0.00676492751033125,0.9242831821212296,-0.32238422317523174,-0.3895306197907633,-0.9517443473591294,-0.15980080158402996,-0.2997185618174131,0.7933379867476816,0.23744325585119358,-0.5775200423074031,0.600662901688999,-0.7595013577124836,0.6094341899728563,-0.9206663205876513,0.07037830093547184,-0.7784921139510265,-0.8123627176171409,0.08408402215495363,-0.3715783278385627,0.4095754895343651,-0.31284323845581835,-0.3633619487387656,-0.5581720233375238,0.755977028548538,0.503810649901539,-0.13701271826748823,-0.46269154837098136,-0.17387087560405182,-0.23972807593628884,0.25129742764996643,-0.78136130618771,-0.2212540357336842
-0.7330009977181204,-0.4944580321684407,0.9651575020386964,0.47275429054037693,0.29896132019703076,0.06591842566599018,1.169922481066441,0.13264958940242091,0.14451918076177864,-0.5631644400343312,0.043707237523889456,-0.5333053468849354,0.1403455182542227,1.0315975486743858,-0.18975993861474733,-0.6192248776749988,0.3913099897338596,0.7081775660690859,0.36509888304077615,-0.3983052775722334,0.48559500004306727,0.4224622879463513,0.04637881019127717,-0.4486142869134585,-0.9233619416304719,-0.18278345833315626,0.012217382500959885,-0.3816559262949368,-0.5911442513087469,1.664623290285632,0.5036827138732141,-0.01783036271625126,-1.1111304588395394,-0.9552042318941306,-0.841526803668852,-0.07197367678473172,0.3986584035986762,-0.49614711208008916,0.6936464795900106,1.3069267013369559,-0.1603073497168104,-0.5568219848697402,-0.8208433563761561,-0.6340164044645925
-0.38016239722563444,0.1133999163833071,-0.1801084362792793,-0.32122077144800004,-0.09086231026898822,-0.41648151050766197,0.13264958940242091,0.5866117864735015,-0.30551641643773864,0.17622200399813487,0.05995710370870527,-0.2404553972935112,0.40638357895765564,-0.26055799869928936,0.4779324290968065,0.6233914795138503,0.4477973854882358,0.08088674196206612,0.2111585427900707,-0.7463195074779859,0.3079798158322297,-0.02975791522517591,-0.2022898841832287,0.023419562787549576,-0.21526627276342855,0.22281633846638824,0.2165448758706459,0.4597369334925456,0.3625953950516338,0.21423803876067357,0.2881286191941392,0.09617546301841742,0.6736549829112802,0.45625259488397424,-0.23306516261865454,-0.0846164582269851,-0.33053393795293523,0.09170253134469807,0.13257217498234672,-0.2669936132367416,0.31491607538678823,-0.20677875915960214,0.4394419255051494,0.21045934638475808
0.9447323351604685,0.1271119250273257,0.016344947469307158,0.2395934785989849,0.5448447195926155,0.7292650960605429,0.14451918076177864,-0.30551641643773864,1.017583078827179,-0.3129982199938607,0.09341202339362356,1.383777368486042,-0.46670245245476394,0.7473181073456315,-0.4899920096122009,-0.5422694260525405,-1.0480525725648495,-0.41283575584923615,-0.3840818318364308,1.2158718112117783,-0.09708369642808248,-0.4842600686364723,0.8099105024705648,0.1182424786286129,0.4559930821983532,-1.0912160278988547,0.2852657851909811,-0.7454234715180125,-0.08251800009547579,-0.12697834545076836,-0.34893640827385214,-0.058868674022620165,-0.4462312546018113,-0.62814638037844,-0.42663616705796037,0.08721296303483925,0.3649249493029345,-0.4290172481453921,-0.5918408055791572,0.24897209196896303,-0.4836271661824989,0.686214642465322,-1.0507939258584564,-0.5147268370812751
0.7781465368866589,0.9154781965398473,-0.5143534414635028,0.24868417512962016,-0.8620723913256976,-0.03054128183361643,-0.5631644400343312,0.17622200399813487,-0.3129982199938607,1.2207640875885446,0.40349917982298383,-0.18973032690218292,0.4341054996451972,-0.40290025562793863,0.44012384056385034,1.2198436855111225,0.17943761050779533,-0.31985592238937266,-0.35223238359208736,-0.264326376849788,-0.2094932330524175,-0.47746617740697606,-0.05933180542116907,-0.6408450293429035,0.5773509172228632,0.5269047450423335,0.27782227958995825,0.5921037201393128,-0.27438608347750587,-1.6219401445763324,-0.8306298225222003,0.23851978934528192,1.1577051879474385,0.897086536460642,0.7603164535304103,0.6443377682143974,0.015786812515492347,0.7164256777822673,-0.579706128096381,-1.1829150496528298,1.1590102218806584,0.013711425015971015,1.0470418794361236,1.4262776531481127
0.6824219292491199,0.84488171591195,0.576444595805912,0.5121125475661598,-0.3709326585739671,0.5787620187813707,0.043707237523889456,0.05995710370870527,0.09341202339362356,0.40349917982298383,0.8869017885685424,-0.027707805995560986,0.7025420771056543,0.7868589200598212,0.33616276724782274,0.3215004571584795,-0.12395223412691914,0.18753557465609255,0.12795598465560376,-0.44629858220715607,0.7924442568865456,-0.38497647771276344,0.08683180942592542,-1.2914310695884845,0.34883697000854014,-0.2791627814546606,0.14268202393256676,-0.056452514619423265,-1.0911863280882719,0.2976877430548751,-0.015591225073814094,0.8356369436333061,0.23433460615121524,0.4355830972003358,-0.6694368954144095,1.2086387674507004,0.1175184974386291,0.17820991239027592,-0.03915899341384392,-0.8893951287635178,0.5180596283153738,-0.44390053282307335,0.09714841405433361,0.23087478895517985
1.929345071861064,0.3476707426470969,-1.1824670325205855,-0.511014460269359,0.8820906806657736,0.9526835333264989,-0.5333053468849354,-0.2404553972935112,1.383777368486042,-0.18973032690218292,-0.027707805995560986,2.835952152457209,-0.7821049783239288,0.011898025680819525,-0.4880322423386148,-0.14550423478976832,-1.9288976026903482,-1.2563609834552962,-0.8906883470101729,2.058727278716602,-0.5370517898047834,-1.2113658557769778,1.2153193940458622,0.8857905433459872,1.323691833486663,-1.646049310149473,0.4954441659675224,-0.8445879294598784,0.9695365333555269,-1.2094819100719334,-0.7568712568296642,-0.23258855746545107,0.637905805236453,-0.2277217939726234,-0.21222653164759406,-0.2579294391553294,0.13529103399093823,-0.32897616459380485,-1.5002270689935042,-0.39825213528466963,-0.9004515899036651,1.652167217886494,-1.0220981079951756,-0.3827145725521282
-0.10855611318623781,0.5909473235649013,0.5073600409637503,0.1985480271659638,-0.5186651539162145,-0.00676492751033125,0.1403455182542227,0.40638357895765564,-0.46670245245476394,0.4341054996451972,0.7025420771056543,-0.7821049783239288,0.9490323417520709,0.3131842105733156,0.641845542808763,0.6283008938051544,0.5498041319290493,0.45496531689182507,0.4183583396198497,-1.2071686287732097,0.8644182998105635,-0.054095763691009074,-0.3753389824719365,-1.1200644633249655,-0.08761141092513951,0.2908962989323027,0.05507470871100782,0.39342744061186324,-0.7546677770379969,0.6047710578288891,0.3320141797214252,0.7537341785892743,0.5127125975521151,0.7161314904520546,-0.5613658506914121,0.9020844401091239,-0.14576958556192063,0.30326476588682183,0.3846095099550956,-0.7925102205623817,0.6840416966360837,-0.8155694052429414,0.5930296502836597,0.3711305285310838
0.2805980129874589,0.38673004878801365,1.7325119893149854,1.3307169135581125,0.1273412681277315,0.9242831821212296,1.0315975486743858,-0.26055799869928936,0.7473181073456315,-0.40290025562793863,0.7868589200598212,0.011898025680819525,0.3131842105733156,2.183606955588823,-0.2614911846422125,-0.8658932972096997,-0.21603616693875083,0.62581874358862,0.28600022756254645,-0.05201895750158657,1.0561890407072372,0.03905101584679362,0.51730572727376,-1.4724176927735477,-0.35274259021131954,-0.831777433324476,0.1822023643526517,-0.7364489895880258,-1.859450236688008,1.6192212646073827,0.31202589260938174,0.6807722994233221,-1.5422356267274626,-0.9109484455491786,-1.3859373987197856,1.1547807627652256,0.5942775130100798,-0.5628353407905283,0.39301809431665125,0.4874543880182102,0.11114055873888787,-0.5866444577277585,-1.174482383975291,-0.7548013326409714
-0.19107869865705823,0.48064560921726146,-0.029593219828848594,-0.15806869348632946,-0.418313957513818,-0.32238422317523174,-0.18975993861474733,0.4779324290968065,-0.4899920096122009,0.44012384056385034,0.33616276724782274,-0.4880322423386148,0.641845542808763,-0.2614911846422125,0.652347380293042,0.7963555677236671,0.5117595465761404,0.1137544242939408,0.275576292735024,-0.9886637499664898,0.49353515391488656,-0.06463584114229554,-0.3592366153311248,-0.39966934206960136,0.017555748997531092,0.4056298215004215,0.12349878202169515,0.6211896658115394,-0.05537730099780508,0.0014318836590791841,0.2557989236796666,0.4293706783316916,0.8401809517783245,0.8760934541919649,-0.15110969673316654,0.41568370920296366,-0.4318006993633289,0.32363551964959714,0.14157718361612176,-0.9060427840162023,0.5950755128632667,-0.4145136409105699,0.8211150968650586,0.4464967269624286
0.4993487184812889,0.8693043839519522,-0.9104043394973459,-0.2990094456732796,-0.759276299584487,-0.3895306197907633,-0.6192248776749988,0.6233914795138503,-0.5422694260525405,1.2198436855111225,0.3215004571584795,-0.14550423478976832,0.6283008938051544,-0.8658932972096997,0.7963555677236671,1.6803297381838327,0.3864068125551653,-0.3774007030962448,-0.20219406115280528,-0.7193272340904264,-0.05691360349432139,-0.5390700615869861,-0.2345343837682759,-0.30288728687809435,0.5090759035908923,0.6310930640483907,0.3946330118893161,0.9146544533507295,0.3505502270270619,-1.4880870294201167,-0.5396270004448235,0.23466987216570134,1.847868567036758,1.3013264423919049,0.602561093035652,0.3637017444445656,-0.3816279869078654,0.7424556377298586,-0.5646100785816313,-1.4144652315939954,1.1516789608183395,0.025595729427650416,1.3843985557818437,1.4408710538361662
-1.5604264797394858,-0.22662430962161573,0.6148247256723713,0.2014362747526016,-0.5976135561065538,-0.9517443473591294,0.3913099897338596,0.4477973854882358,-1.0480525725648495,0.17943761050779533,-0.12395223412691914,-1.9288976026903482,0.5498041319290493,-0.21603616693875083,0.5117595465761404,0.3864068125551653,1.5523881358858493,0.7758906100339661,0.6267786220146279,-1.655756894166811,0.36904848986433564,0.8513830309061194,-0.8479918071532702,-0.3266243656176685,-1.0534415114971567,1.2712367961330804,-0.179305700517727,0.8684408898955779,-0.3107316520774138,0.7399498648887483,0.6305530057860618,0.03227856682816424,-0.17133230385363413,0.28592704759026977,0.18242420597293296,-0.07166502649583384,-0.3270139672120169,0.2223344344734528,1.0042190485215334,0.22736270484817642,0.7564101429040079,-1.0530499669680875,0.9217538041876732,0.36803429589933706
-0.9846643440412739,-0.31505083674367124,1.0620946481235345,0.3868895665982497,-0.12720788408096345,-0.15980080158402996,0.7081775660690859,0.08088674196206612,-0.41283575584923615,-0.31985592238937266,0.18753557465609255,-1.2563609834552962,0.45496531689182507,0.62581874358862,0.1137544242939408,-0.3774007030962448,0.7758906100339661,0.8793600888545604,0.6175998536739711,-0.9951152148926781,0.652005570434308,0.6196072392257449,-0.46122149763644515,-0.7136811731669978,-0.8343509174293483,0.3695976603976902,-0.2575052960204509,0.011679555350655178,-0.8130206855999921,1.543510678813946,0.6725916676873597,0.2923281335944712,-0.8094898116904673,-0.29590665574710184,-0.5804479616259949,0.2779444067900141,0.10512680156922201,-0.15307376788440605,0.9600576430941077,0.6095448792549042,0.1080709098159652,-0.9819298555906462,-0.09857853721235345,-0.3760897287384759
-0.9301392512662601,-0.20125474219035763,0.7477131507979248,0.01565417445453177,-0.016556680268775523,-0.2997185618174131,0.36509888304077615,0.2111585427900707,-0.3840818318364308,-0.35223238359208736,0.12795598465560376,-0.8906883470101729,0.4183583396198497,0.28600022756254645,0.275576292735024,-0.20219406115280528,0.6267786220146279,0.6175998536739711,0.6364430115721599,-0.9643391572454045,0.6875822285250861,0.49006379287251767,-0.4562955107628365,-0.3194973886834163,-0.5895561407470657,0.26001273759415,-0.17265880939729733,0.18679042831434017,-0.3530913140796052,1.301106850589018,0.8003626391854162,0.32843960558667334,-0.37170534583633125,0.09712977939502244,-0.6052450383378312,0.18183256013251606,-0.2530174710962065,-0.15033779415240028,0.7937034378476634,0.11821458563405045,-0.0070999669597896714,-0.7567285941739019,0.09091739819220163,-0.47678136245407654
1.4646349401138516,-0.2262351002626004,-0.9240275741655396,-0.13788724954779796,0.7239469790818566,0.7933379867476816,-0.3983052775722334,-0.7463195074779859,1.2158718112117783,-0.264326376849788,-0.44629858220715607,2.058727278716602,-1.2071686287732097,-0.05201895750158657,-0.9886637499664898,-0.7193272340904264,-1.655756894166811,-0.9951152148926781,-0.9643391572454045,2.412507827754862,-1.176082271016269,-0.6727119417081352,1.0147938698499646,1.0111441699322417,0.9451202299335901,-1.1483203839985139,0.13768678994338363,-1.0097516878553425,0.713158709499676,-1.422754199996842,-1.0663532905225297,-0.6931028853370924,-0.2915141635443889,-0.8541783436937231,0.5546930520502977,-0.5984130304887841,0.584824312117936,-0.30758071565376577,-1.1934745144634493,0.5192618080733691,-0.9338907190025463,1.4943331884448445,-1.1711649565941644,-0.29219095341197765
-0.3171847831055182,0.47408873539733665,1.191564864132345,0.4066648304634999,-0.10203064084134304,0.23744325585119358,0.48559500004306727,0.3079798158322297,-0.09708369642808248,-0.2094932330524175,0.7924442568865456,-0.5370517898047834,0.8644182998105635,1.0561890407072372,0.49353515391488656,-0.05691360349432139,0.36904848986433564,0.652005570434308,0.6875822285250861,-1.176082271016269,1.3865606772666208,0.11129466027264552,-0.18421633956395267,-1.1731595689480516,-0.3164711159118651,-0.21781970255854252,0.03998882127162715,0.05444228603654915,-1.09787027305098,1.682861685529034,0.8960834261971113,0.9429532983801595,-0.271711088431707,0.28987029712006684,-1.3553146880323643,1.0320466089111153,-0.2185406843443175,-0.1749928244296487,0.6721511594039234,-0.5071797114236105,0.23642022301390272,-0.9168686677186555,-0.05762252520711036,-0.5214260161746146
-1.359656829281921,-0.6667386633845763,0.6810947466249051,0.1455527351766677,-0.010598750473288872,-0.5775200423074031,0.4224622879463513,-0.02975791522517591,-0.4842600686364723,-0.47746617740697606,-0.38497647771276344,-1.2113658557769778,-0.054095763691009074,0.03905101584679362,-0.06463584114229554,-0.5390700615869861,0.8513830309061194,0.6196072392257449,0.49006379287251767,-0.6727119417081352,0.11129466027264552,0.8824290968400095,-0.5077594098690649,0.17851840503548244,-0.9238246652763873,0.6332784555867886,-0.34361202236214905,0.20621169949244106,-0.1523088897582528,1.006812812246528,0.650525732861495,-0.21171906990719316,-0.9363642908618717,-0.3858089988552106,0.028873138670332543,-0.39834939549182163,-0.1131311758029401,-0.19222516588152358,0.9024999388931437,0.8308451239931175,-0.09786000104301358,-0.6162515261831979,0.037648222987767495,-0.43553773006017676
0.9433198232441143,0.2499967003196287,-0.15872513007007946,0.24220148068084135,0.3337878838813447,0.600662901688999,0.04637881019127717,-0.2022898841832287,0.8099105024705648,-0.05933180542116907,0.08683180942592542,1.2153193940458622,-0.3753389824719365,0.51730572727376,-0.3592366153311248,-0.2345343837682759,-0.8479918071532702,-0.46122149763644515,-0.4562955107628365,1.0147938698499646,-0.18421633956395267,-0.5077594098690649,0.7317676654821785,0.07947540050843019,0.4568845794988344,-0.8246891588266876,0.3071391773167946,-0.5121486283876054,-0.029683768616132845,-0.4386452156957659,-0.4530953183403931,-0.09440946976504677,-0.17239238209313631,-0.44107072642435297,-0.18502667321476096,0.07539348340064957,0.311434166383153,-0.23764715063018924,-0.6446592824535777,0.07937170807799508,-0.22982347959331573,0.6689576915263958,-0.7130218591074425,-0.15533119486124586
-0.5587046569553593,-1.057890227958765,-1.3681465786215226,-1.2357023608008542,0.8050617204711179,-0.7595013577124836,-0.4486142869134585,0.023419562787549576,0.1182424786286129,-0.6408450293429035,-1.2914310695884845,0.8857905433459872,-1.1200644633249655,-1.4724176927735477,-0.39966934206960136,-0.30288728687809435,-0.3266243656176685,-0.7136811731669978,-0.3194973886834163,1.0111441699322417,-1.1731595689480516,0.17851840503548244,0.07947540050843019,2.334069278269711,-0.021419866913389905,-0.027861756966197162,-0.05968804779268453,0.059337415232299406,2.1893981200807717,-0.7927824098882086,0.0172287299510488,-1.1768881379304752,0.2612796177179802,-0.27502874077122624,0.8414279644809883,-1.8622292928824344,-0.4436280965892319,-0.28823330567271255,-0.3485894320529339,0.757108179398494,-1.0525000513710694,1.1118822525751417,-0.16274582841715962,-0.49223805551485333
1.5876914178546322,0.7886550161457585,-0.8727185229030747,-0.23157149218082487,-0.09548654588952152,0.6094341899728563,-0.9233619416304719,-0.21526627276342855,0.4559930821983532,0.5773509172228632,0.34883697000854014,1.323691833486663,-0.08761141092513951,-0.35274259021131954,0.017555748997531092,0.5090759035908923,-1.0534415114971567,-0.8343509174293483,-0.5895561407470657,0.9451202299335901,-0.3164711159118651,-0.9238246652763873,0.4568845794988344,-0.021419866913389905,1.283499415687581,-0.5727185547997755,0.21369697689273454,-0.15520489559864223,0.22036327279858742,-1.5709358532841895,-0.8073846524933581,0.24028055008796365,1.0665802475602624,0.6696781491813846,0.32969607229400466,0.4856489275769214,0.00711900578349693,0.3475608160106935,-1.0685597917921363,-1.2838343521014293,0.04632251649636825,0.7786542131042264,0.17973524112682784,0.5230541929652393
-1.0606044241955501,-0.13809592552398078,-0.03766473778312894,0.013769841895015667,-0.7551698674369584,-0.9206663205876513,-0.18278345833315626,0.22281633846638824,-1.0912160278988547,0.5269047450423335,-0.2791627814546606,-1.646049310149473,0.2908962989323027,-0.831777433324476,0.4056298215004215,0.6310930640483907,1.2712367961330804,0.3695976603976902,0.26001273759415,-1.1483203839985139,-0.21781970255854252,0.6332784555867886,-0.8246891588266876,-0.027861756966197162,-0.5727185547997755,1.4294268434551691,-0.2486105704573817,0.9217436615550462,0.026836679131776103,-0.39377721916082437,0.08238067417998227,-0.17648574285160523,0.28633572162252735,0.5177651461343782,0.9241681643711148,-0.2099211724737533,-0.30240088055990766,0.5099404203892777,0.5309854908930309,-0.10729699530589279,0.8031810876284028,-0.6386530997099288,1.242188788798915,0.8484117232027196
0.4144031664136349,0.3865949091483804,-0.17158069568253656,0.09591710362526379,-0.028066815233837868,0.07037830093547184,0.012217382500959885,0.2165448758706459,0.2852657851909811,0.27782227958995825,0.14268202393256676,0.4954441659675224,0.05507470871100782,0.1822023643526517,0.12349878202169515,0.3946330118893161,-0.179305700517727,-0.2575052960204509,-0.17265880939729733,0.13768678994338363,0.03998882127162715,-0.34361202236214905,0.3071391773167946,-0.05968804779268453,0.21369697689273454,-0.2486105704573817,0.3959596199125695,0.08879452932735574,0.06299928517115944,-0.4503031633238936,-0.2554691225038346,0.04705523569581648,0.3714522712354114,0.13814057754694464,-0.08938693904499055,0.1561885613731711,-0.013944951418812383,-0.0021579225008192464,-0.38604619543011065,-0.31296290010093303,0.3190267531074347,0.25113967940539805,0.004715396787078229,0.2547310414165184
-0.5847520989723349,0.32785459590156346,-0.25140741982215875,-0.16243268220086052,-0.612924430593246,-0.7784921139510265,-0.3816559262949368,0.4597369334925456,-0.7454234715180125,0.5921037201393128,-0.056452514619423265,-0.8445879294598784,0.39342744061186324,-0.7364489895880258,0.6211896658115394,0.9146544533507295,0.8684408898955779,0.011679555350655178,0.18679042831434017,-1.0097516878553425,0.05444228603654915,0.20621169949244106,-0.5121486283876054,0.059337415232299406,-0.15520489559864223,0.9217436615550462,0.08879452932735574,0.9856003025566614,0.26345199871483677,-0.6084984834268929,0.12108923531003829,0.05837069198060174,0.8159685619546013,0.9164198326239916,0.5282287519851473,0.014112798732818975,-0.5557000036967845,0.4573349701312228,0.1613490163840346,-0.802314226722269,0.8120624274907388,-0.31905468916940044,1.213136085469737,0.7604028983006174
-0.2978700343560742,-0.8239747088641204,-1.8435152228618923,-1.6172681784778002,0.6666203829567877,-0.8123627176171409,-0.5911442513087469,0.3625953950516338,-0.08251800009547579,-0.27438608347750587,-1.0911863280882719,0.9695365333555269,-0.7546677770379969,-1.859450236688008,-0.05537730099780508,0.3505502270270619,-0.3107316520774138,-0.8130206855999921,-0.3530913140796052,0.713158709499676,-1.09787027305098,-0.1523088897582528,-0.029683768616132845,2.1893981200807717,0.22036327279858742,0.026836679131776103,0.06299928517115944,0.26345199871483677,2.4880161899084343,-1.0522841959103528,-0.09947461978146736,-1.015676358095649,1.1806061336456237,0.25146630789670266,0.8127066909590801,-1.761434435138748,-0.5430951949219811,-0.023136722908310148,-0.5392281854307646,0.27989206013142687,-0.8386032417219418,1.1005610011650457,0.22862857077981233,-0.06853072178298618
-1.798253615743564,-0.9516905272285553,2.092498084460036,0.2594483236575519,0.7443142370294775,0.08408402215495363,1.664623290285632,0.21423803876067357,-0.12697834545076836,-1.6219401445763324,0.2976877430548751,-1.2094819100719334,0.6047710578288891,1.6192212646073827,0.0014318836590791841,-1.4880870294201167,0.7399498648887483,1.543510678813946,1.301106850589018,-1.422754199996842,1.682861685529034,1.006812812246528,-0.4386452156957659,-0.7927824098882086,-1.5709358532841895,-0.39377721916082437,-0.4503031633238936,-0.6084984834268929,-1.0522841959103528,4.2086148701562935,1.9814882775741252,0.5898507234742039,-1.8986558788143162,-1.0495864838997722,-2.2504211089679185,0.17471991893262423,0.029075385810522412,-0.959451315703196,1.8392686381853427,1.5687089944928367,-0.9480674064548953,-1.4639267416195747,-1.2433276201328578,-2.037010679950413
-1.2899079923369068,-0.4545850598814383,0.8543635687093943,-0.20206419179423585,0.3207674576559506,-0.3715783278385627,0.5036827138732141,0.2881286191941392,-0.34893640827385214,-0.8306298225222003,-0.015591225073814094,-0.7568712568296642,0.3320141797214252,0.31202589260938174,0.2557989236796666,-0.5396270004448235,0.6305530057860618,0.6725916676873597,0.8003626391854162,-1.0663532905225297,0.8960834261971113,0.650525732861495,-0.4530953183403931,0.0172287299510488,-0.8073846524933581,0.08238067417998227,-0.2554691225038346,0.12108923531003829,-0.09947461978146736,1.9814882775741252,1.3030342282650071,0.28603554866369996,-0.6153017181079726,-0.06097757772348104,-0.9932052006013025,-0.09744605303486965,-0.4627666080586103,-0.3950384832502761,1.0266510260189603,0.3445819021577952,-0.4527973517289925,-0.7345724067208637,-0.15021544649170177,-1.0399486773052602
0.3495918603783378,0.7513114380676289,0.6915265392844406,0.3714965291796203,-0.34006604029462023,0.4095754895343651,-0.01783036271625126,0.09617546301841742,-0.058868674022620165,0.23851978934528192,0.8356369436333061,-0.23258855746545107,0.7537341785892743,0.6807722994233221,0.4293706783316916,0.23466987216570134,0.03227856682816424,0.2923281335944712,0.32843960558667334,-0.6931028853370924,0.9429532983801595,-0.21171906990719316,-0.09440946976504677,-1.1768881379304752,0.24028055008796365,-0.17648574285160523,0.04705523569581648,0.05837069198060174,-1.015676358095649,0.5898507234742039,0.28603554866369996,0.905443160059271,0.19300182491787998,0.5782461214250078,-0.7683681057775048,1.1705081154401165,-0.09018473831064541,0.1438860015265052,0.1856629684546713,-0.9771713361747033,0.4106152985079377,-0.5934481998197387,0.20868947671855093,0.02091679501262515
0.9515573599610718,0.8324723977286097,-1.7116257504496621,-1.0705620082446141,-0.46848811241303795,-0.31284323845581835,-1.1111304588395394,0.6736549829112802,-0.4462312546018113,1.1577051879474385,0.23433460615121524,0.637905805236453,0.5127125975521151,-1.5422356267274626,0.8401809517783245,1.847868567036758,-0.17133230385363413,-0.8094898116904673,-0.37170534583633125,-0.2915141635443889,-0.271711088431707,-0.9363642908618717,-0.17239238209313631,0.2612796177179802,1.0665802475602624,0.28633572162252735,0.3714522712354114,0.8159685619546013,1.1806061336456237,-1.8986558788143162,-0.6153017181079726,0.19300182491787998,2.6458970905440142,1.6961846953268318,0.6432476007395537,0.08692086779907644,-0.5882630039602441,0.8203465294822718,-0.9659334341734799,-1.843945925633979,0.6539178901376148,0.5072546103048317,1.4209167254711916,1.3450806528956538
0.3045482636315579,0.9142382201304712,-0.60888330520631,-0.47745183497169463,-0.6992549129284711,-0.3633619487387656,-0.9552042318941306,0.45625259488397424,-0.62814638037844,0.897086536460642,0.4355830972003358,-0.2277217939726234,0.7161314904520546,-0.9109484455491786,0.8760934541919649,1.3013264423919049,0.28592704759026977,-0.29590665574710184,0.09712977939502244,-0.8541783436937231,0.28987029712006684,-0.3858089988552106,-0.44107072642435297,-0.27502874077122624,0.6696781491813846,0.5177651461343782,0.13814057754694464,0.9164198326239916,0.25146630789670266,-1.0495864838997722,-0.06097757772348104,0.5782461214250078,1.6961846953268318,1.6753291963347607,0.31196479485854334,0.6292877853579649,-0.6827122035816547,0.719203981190767,-0.25995412646152816,-1.9371589704923418,0.7923458335400655,-0.1717027260156438,1.4305853221134552,0.925001270507829
0.14215624887433684,-0.1025455398268392,-1.1595837502961066,-0.222608072228103,-0.5145819054039776,-0.5581720233375238,-0.841526803668852,-0.23306516261865454,-0.42663616705796037,0.7603164535304103,-0.6694368954144095,-0.21222653164759406,-0.5613658506914121,-1.3859373987197856,-0.15110969673316654,0.602561093035652,0.18242420597293296,-0.5804479616259949,-0.6052450383378312,0.5546930520502977,-1.3553146880323643,0.028873138670332543,-0.18502667321476096,0.8414279644809883,0.32969607229400466,0.9241681643711148,-0.08938693904499055,0.5282287519851473,0.8127066909590801,-2.2504211089679185,-0.9932052006013025,-0.7683681057775048,0.6432476007395537,0.31196479485854334,1.8504293858977359,-0.6943423935897564,-6.789048805469535e-4,0.5904145637100863,-0.5777929262370529,-0.1603825210891026,0.46120162191220326,0.5810867599130349,0.9242688665603961,1.1903822552081675
0.8877244346608828,1.2594047666415618,0.9931318842469282,0.9576414321094865,-0.6927078262492758,0.755977028548538,-0.07197367678473172,-0.0846164582269851,0.08721296303483925,0.6443377682143974,1.2086387674507004,-0.2579294391553294,0.9020844401091239,1.1547807627652256,0.41568370920296366,0.3637017444445656,-0.07166502649583384,0.2779444067900141,0.18183256013251606,-0.5984130304887841,1.0320466089111153,-0.39834939549182163,0.07539348340064957,-1.8622292928824344,0.4856489275769214,-0.2099211724737533,0.1561885613731711,0.014112798732818975,-1.761434435138748,0.17471991893262423,-0.09744605303486965,1.1705081154401165,0.08692086779907644,0.6292877853579649,-0.6943423935897564,1.8177165819984296,0.15850537185037047,0.3005495956678117,-0.011881141511632576,-1.351648963004912,0.8924803789618535,-0.6825183024283272,0.2634844352568758,0.40979349257895864
0.45462730594235407,-0.08979947946789046,0.25244028516359085,0.48841490939913584,0.03827716002978244,0.503810649901539,0.3986584035986762,-0.33053393795293523,0.3649249493029345,0.015786812515492347,0.1175184974386291,0.13529103399093823,-0.14576958556192063,0.5942775130100798,-0.4318006993633289,-0.3816279869078654,-0.3270139672120169,0.10512680156922201,-0.2530174710962065,0.584824312117936,-0.2185406843443175,-0.1131311758029401,0.311434166383153,-0.4436280965892319,0.00711900578349693,-0.30240088055990766,-0.013944951418812383,-0.5557000036967845,-0.5430951949219811,0.029075385810522412,-0.4627666080586103,-0.09018473831064541,-0.5882630039602441,-0.6827122035816547,-6.789048805469535e-4,0.15850537185037047,0.6864945530684942,-0.08681529320682445,-0.1130030299339439,0.6699663312042086,-0.053646525661559696,0.04131134732372965,-0.6306506310993162,0.04799407596104482
0.2987880149687892,0.4546252234141607,-0.42089366886992974,-0.0467145629670682,-0.578152262421295,-0.13701271826748823,-0.49614711208008916,0.09170253134469807,-0.4290172481453921,0.7164256777822673,0.17820991239027592,-0.32897616459380485,0.30326476588682183,-0.5628353407905283,0.32363551964959714,0.7424556377298586,0.2223344344734528,-0.15307376788440605,-0.15033779415240028,-0.30758071565376577,-0.1749928244296487,-0.19222516588152358,-0.23764715063018924,-0.28823330567271255,0.3475608160106935,0.5099404203892777,-0.0021579225008192464,0.4573349701312228,-0.023136722908310148,-0.959451315703196,-0.3950384832502761,0.1438860015265052,0.8203465294822718,0.719203981190767,0.5904145637100863,0.3005495956678117,-0.08681529320682445,0.5547199440952151,-0.2216017396642339,-0.804302479774941,0.6024298556043207,-0.07626049109698903,0.8386263981847213,0.8821425630165097
-1.5154684504837967,-0.5658098607901486,1.11385973438621,0.18724634866669412,-0.03537400272612168,-0.46269154837098136,0.6936464795900106,0.13257217498234672,-0.5918408055791572,-0.579706128096381,-0.03915899341384392,-1.5002270689935042,0.3846095099550956,0.39301809431665125,0.14157718361612176,-0.5646100785816313,1.0042190485215334,0.9600576430941077,0.7937034378476634,-1.1934745144634493,0.6721511594039234,0.9024999388931437,-0.6446592824535777,-0.3485894320529339,-1.0685597917921363,0.5309854908930309,-0.38604619543011065,0.1613490163840346,-0.5392281854307646,1.8392686381853427,1.0266510260189603,0.1856629684546713,-0.9659334341734799,-0.25995412646152816,-0.5777929262370529,-0.011881141511632576,-0.1130030299339439,-0.2216017396642339,1.2543575642249973,0.7232975691396113,-0.09674886945802218,-1.0676479559146936,-0.024486464560324252,-0.6457188526826968
-1.2195241931012715,-1.6325339768159481,0.5062016379224403,0.1070256942914483,0.8469744331869734,-0.17387087560405182,1.3069267013369559,-0.2669936132367416,0.24897209196896303,-1.1829150496528298,-0.8893951287635178,-0.39825213528466963,-0.7925102205623817,0.4874543880182102,-0.9060427840162023,-1.4144652315939954,0.22736270484817642,0.6095448792549042,0.11821458563405045,0.5192618080733691,-0.5071797114236105,0.8308451239931175,0.07937170807799508,0.757108179398494,-1.2838343521014293,-0.10729699530589279,-0.31296290010093303,-0.802314226722269,0.27989206013142687,1.5687089944928367,0.3445819021577952,-0.9771713361747033,-1.843945925633979,-1.9371589704923418,-0.1603825210891026,-1.351648963004912,0.6699663312042086,-0.804302479774941,0.7232975691396113,2.7894468225819926,-1.017945337096004,-0.04958111455140038,-1.4122096784571208,-1.0738532361435698
0.16800385419106595,0.9569414265777435,0.21218926812877245,0.6980412482011858,-1.0414047488810656,-0.23972807593628884,-0.1603073497168104,0.31491607538678823,-0.4836271661824989,1.1590102218806584,0.5180596283153738,-0.9004515899036651,0.6840416966360837,0.11114055873888787,0.5950755128632667,1.1516789608183395,0.7564101429040079,0.1080709098159652,-0.0070999669597896714,-0.9338907190025463,0.23642022301390272,-0.09786000104301358,-0.22982347959331573,-1.0525000513710694,0.04632251649636825,0.8031810876284028,0.3190267531074347,0.8120624274907388,-0.8386032417219418,-0.9480674064548953,-0.4527973517289925,0.4106152985079377,0.6539178901376148,0.7923458335400655,0.46120162191220326,0.8924803789618535,-0.053646525661559696,0.6024298556043207,-0.09674886945802218,-1.017945337096004,1.5264085335821909,-0.5122108102863322,1.11971611111218,1.3207686529358182
1.0199037765367454,-0.025202073116508555,-1.2018016599630523,-0.4812038219684613,0.4740946793533594,0.25129742764996643,-0.5568219848697402,-0.20677875915960214,0.686214642465322,0.013711425015971015,-0.44390053282307335,1.652167217886494,-0.8155694052429414,-0.5866444577277585,-0.4145136409105699,0.025595729427650416,-1.0530499669680875,-0.9819298555906462,-0.7567285941739019,1.4943331884448445,-0.9168686677186555,-0.6162515261831979,0.6689576915263958,1.1118822525751417,0.7786542131042264,-0.6386530997099288,0.25113967940539805,-0.31905468916940044,1.1005610011650457,-1.4639267416195747,-0.7345724067208637,-0.5934481998197387,0.5072546103048317,-0.1717027260156438,0.5810867599130349,-0.6825183024283272,0.04131134732372965,-0.07626049109698903,-1.0676479559146936,-0.04958111455140038,-0.5122108102863322,1.290627356981607,-0.3642388653507811,0.07314297462282088
-0.2755706306547441,0.6136355459647286,-0.5791012357352474,-0.26900376349280714,-0.9741919882994075,-0.78136130618771,-0.8208433563761561,0.4394419255051494,-1.0507939258584564,1.0470418794361236,0.09714841405433361,-1.0220981079951756,0.5930296502836597,-1.174482383975291,0.8211150968650586,1.3843985557818437,0.9217538041876732,-0.09857853721235345,0.09091739819220163,-1.1711649565941644,-0.05762252520711036,0.037648222987767495,-0.7130218591074425,-0.16274582841715962,0.17973524112682784,1.242188788798915,0.004715396787078229,1.213136085469737,0.22862857077981233,-1.2433276201328578,-0.15021544649170177,0.20868947671855093,1.4209167254711916,1.4305853221134552,0.9242688665603961,0.2634844352568758,-0.6306506310993162,0.8386263981847213,-0.024486464560324252,-1.4122096784571208,1.11971611111218,-0.3642388653507811,1.784077567737392,1.3089736113008796
0.699799652808397,0.8318086653010922,-0.8013786824732422,0.18843011814405436,-1.0144605242686957,-0.2212540357336842,-0.6340164044645925,0.21045934638475808,-0.5147268370812751,1.4262776531481127,0.23087478895517985,-0.3827145725521282,0.3711305285310838,-0.7548013326409714,0.4464967269624286,1.4408710538361662,0.36803429589933706,-0.3760897287384759,-0.47678136245407654,-0.29219095341197765,-0.5214260161746146,-0.43553773006017676,-0.15533119486124586,-0.49223805551485333,0.5230541929652393,0.8484117232027196,0.2547310414165184,0.7604028983006174,-0.06853072178298618,-2.037010679950413,-1.0399486773052602,0.02091679501262515,1.3450806528956538,0.925001270507829,1.1903822552081675,0.40979349257895864,0.04799407596104482,0.8821425630165097,-0.6457188526826968,-1.0738532361435698,1.3207686529358182,0.07314297462282088,1.3089736113008796,1.7914978721450368
