V1,V2,V3,V4,V5,V6,V7,V8,V9,V10,V11,V12,V13,V14,V15,V16,V17,V18,V19,V20,V21,V22,V23,V24,V25,V26,V27,V28,V29,V30,V31,V32,V33,V34,V35,V36,V37,V38,V39,V40,V41,V42,V43,V44
0.4464639590235413,-0.25586505719040176,-0.7070784389169951,-0.5655608299253903,0.3280904916824489,-0.16209169895937678,0.6996656227942025,0.833190890549007,0.27436389502972136,0.583938802989081,0.19438323420333617,0.2576698723258627,0.4067443896016023,0.13822211433994316,0.38580922400795603,1.4741505556030547,-0.01535175466523826,0.16608364189242703,0.13076436629349714,-0.25783671985797496,0.053263479428518654,-0.652543848579983,-0.0346521472066448,-0.30646808630554834,-0.08585371641951717,-0.15174117850220514,0.8275917675242033,-0.17686151254280028,0.5169294136896949,-0.13570486603087253,-0.7007209964649064,-0.06551187516356823,1.4761963322195795,-0.10688704289939825,-0.3528538562782558,-0.12671871323488831,0.16561203301293817,-0.3196559272494848,-0.7261280149695356,0.5786923326868694,0.7466042537511429,-0.025991522017427944,-0.08547164703779851,0.5834235482167835
-0.25586505719040176,0.4643751012837334,0.07884759727653058,0.20173354218945694,-0.3767610850501464,0.30237040459841563,-0.13631822229541107,-0.13736847721471968,-0.5130243979431388,-0.4062091717410611,0.004855782284751651,0.09580380841839284,0.16176041765565763,-0.45170109793787955,-0.10849866356932866,-1.05405364958988,0.07959975018535437,-0.27073066320980316,-0.5030561026322765,-0.12305921156557593,0.02981496679012927,0.18811714139258048,0.30945655133018996,0.13227388263138548,-0.009672279550212309,-0.1164485499344062,-0.741451803706597,0.27250871326102194,0.030384432946712187,0.5906119504493549,0.8244948229615043,0.01432911417303969,-0.7089595641979165,0.2474632551531747,-0.11196920348466606,-0.1923575529891291,0.19614060101750147,0.7411664219027844,0.8304665539909752,-0.39156835090341974,-0.9413791684296353,0.12311720095937242,0.04210056938105066,-0.12638904896323702
-0.7070784389169951,0.07884759727653058,2.3866033575771235,1.0337783518218313,0.0905760432791494,-0.0134815714499074,-2.862190923023556,-2.720320533989508,0.4886480208410807,-1.5111987410787318,-0.4990488599672254,-0.4781462377901998,-1.8039107285894587,0.5451318155539191,-0.8802296599322755,-2.853135912281138,-0.7100812847124429,-0.1892428936510834,1.0870151500728382,1.2638851764297316,0.3046191856592474,1.6885154286574169,-0.6734909591694493,1.0437525983867428,0.9442288414719207,0.309719837912447,-1.1966216707816884,-0.06258110878598629,-1.7363328970755398,-0.6956547985729903,1.0513300646104389,0.757236681014863,-3.2076011621463034,0.48705349369172724,0.9411656969335193,1.3381952681067408,-1.785461205809167,-0.8817165034189426,0.4518673010934224,-2.2781638805083246,-0.850483693452286,-0.07995818331366607,0.2614644642748157,-2.5665567386976353
-0.5655608299253903,0.20173354218945694,1.0337783518218313,0.8272193352059826,-0.35898152160107066,0.14997874456917698,-0.9931195377222645,-1.233515937371497,-0.2393598344599688,-0.7530738375378422,-0.3442514472088904,-0.4328921484163563,-0.7106048481056652,-0.04959468518083026,-0.5847736894843018,-1.893389675915234,-0.014423601638686582,-0.16668254305301192,-0.07124569440166667,0.4763282927935195,-0.16846116706495348,0.9296466220682544,-0.026672602807191328,0.4501669919653104,0.1210556029688967,0.2752774561041983,-0.9995529146068476,0.14838218340734388,-0.7972587809426989,-0.03835916196966097,0.7484360126876873,0.050955299860750536,-2.047318447599459,0.032023097302564765,0.6186474771677566,0.22379953219073584,-0.2773524798360896,0.23778386148670774,0.7982442292249872,-0.6740033295314122,-0.8082708839047499,0.023756761832554464,0.08651770734604661,-0.8326922358054664
0.3280904916824489,-0.3767610850501464,0.0905760432791494,-0.35898152160107066,0.5548559111792456,-0.27019679570297805,-0.3216594605870844,-0.058728849861492446,0.6773474293368511,0.17889728771627908,0.0573963215055697,0.14095671583417893,-0.26938282319468054,0.49993451860518456,0.16359673013842999,0.9030620620189053,-0.35646336710700394,0.1825007193142005,0.7606658450020143,0.22780127827751598,0.22962017798852433,-0.1678565050591299,-0.4051514956272206,0.026902167517137393,0.31734048487793953,-0.06132756536121924,0.7122117516822448,-0.3069196422200484,-0.07024164661973259,-0.5765144454026299,-0.5975529837729728,0.26337532974841277,0.7062733103900468,0.0585052833350704,-0.06684263466959543,0.4679521958014972,-0.6255002911952302,-0.9479837333224874,-0.9179354657244314,-0.2026638847136188,0.776117450812537,-0.09167774674467798,-9.164801923139299e-4,-0.35072239263796373
-0.16209169895937678,0.30237040459841563,-0.0134815714499074,0.14997874456917698,-0.27019679570297805,0.23398827559378751,-0.014273986617603675,-0.05258724788061457,-0.38271888848001556,-0.2521275934528727,-0.011638686809318703,0.07391862356013966,0.12229011807380563,-0.342437754479473,-0.08777340961508835,-0.7083204088316144,0.08164229972729167,-0.1899499489541585,-0.4216634925377374,-0.07218834365567675,-0.05021366761686967,0.10055207443441189,0.25785658064204997,0.09286641587303265,-0.056170897740468524,-0.08714788416562275,-0.5039117355058366,0.17871071122041285,0.06693979373516862,0.40659694958512876,0.5412066489899269,-0.060618131185604246,-0.47756326435662366,0.11815474778897336,-0.06764504323827018,-0.21632025702675403,0.22664679877120822,0.5749989478677634,0.5752169031448114,-0.15364888916753933,-0.6619481341768378,0.11566276932828973,-0.007413068278486202,-0.019663085995154414
0.6996656227942025,-0.13631822229541107,-2.862190923023556,-0.9931195377222645,-0.3216594605870844,-0.014273986617603675,3.7377282874990274,3.2989105800650265,-0.7683007516565742,1.9343105964773455,0.5145649041267758,0.28096930475110815,2.2056798090429353,-0.6789308061484726,0.9597938730027746,3.37462071823478,1.1118084725304078,0.30303796140957495,-1.5038010782124462,-1.5931954812603102,-0.5806256924790001,-1.9232928339995692,0.8606717130562371,-1.3774490647664308,-1.394424705665255,-0.14669340875658607,1.3513303648980102,0.13918634764057633,1.9919832960699146,0.8262926767195437,-1.3805080514431531,-1.119293501275688,3.6139350744513505,-0.8330243737078601,-0.905380068121381,-1.7834950311362046,2.468519245465326,1.2466080032834592,-0.3622099743364101,3.161626110625966,1.1224608193143502,0.028302858126228646,-0.30197439893381095,3.4153882446340447
0.833190890549007,-0.13736847721471968,-2.720320533989508,-1.233515937371497,-0.058728849861492446,-0.05258724788061457,3.2989105800650265,3.1788781833501023,-0.5035165000876813,1.808900763821962,0.6053932155842526,0.48779576949755976,2.0968147884597754,-0.5471929374494346,1.0748217155297346,3.484542431222889,0.8294111457142616,0.28425462551634245,-1.1232961060621547,-1.5150462346922895,-0.2898209048660106,-1.968856576756164,0.6892876395798068,-1.2592471453127325,-1.0805809192576739,-0.3207728893186311,1.4979917215687777,0.055298880233570394,1.9633622142621139,0.7490071852749278,-1.299852629897037,-0.8176054740489721,3.8421656540297797,-0.5391275214301858,-1.1046467922173098,-1.4529618125889276,1.9737935812778276,0.8905859329523232,-0.6313926404576549,2.6084739931823595,1.1593274537825589,0.020908139750202497,-0.2631936662684083,2.9596435747138687
0.27436389502972136,-0.5130243979431388,0.4886480208410807,-0.2393598344599688,0.6773474293368511,-0.38271888848001556,-0.7683007516565742,-0.5035165000876813,0.9512168895790654,0.054230392414561505,-0.023949135957712014,0.035141531736590056,-0.6450443675834477,0.7553489494208382,0.032761171397714325,0.7406412585068477,-0.510243955824053,0.23311241745645678,1.128178136898178,0.510532720884931,0.2872888799118127,0.0806730704308784,-0.6310421571677132,0.14754477978191444,0.48559044421980485,0.04956922698524315,0.7356559513238681,-0.3989308367220955,-0.39028293534572,-0.9001062819833902,-0.7162612224331456,0.3860650148052452,0.3611896682184804,0.02868532402253878,0.15836850629422472,0.7639736492470903,-0.9982940185941667,-1.3706301349680219,-1.1059738362733116,-0.4565625920050948,0.9466247164554996,-0.14831566273358363,0.03659242796317861,-0.7348439084428764
0.583938802989081,-0.4062091717410611,-1.5111987410787318,-0.7530738375378422,0.17889728771627908,-0.2521275934528727,1.9343105964773455,1.808900763821962,0.054230392414561505,1.2908993360317136,0.3162665273098287,0.1306798477967999,1.027114823131675,0.023825368911673472,0.6364402449930292,2.6069095670613227,0.4531926913094455,0.36388561318430945,-0.2786062371020373,-0.7468101927687512,-0.20571093299087154,-1.1612061722231535,0.1550505822722909,-0.8120799923157169,-0.6338583605019306,-0.03278585299613169,1.3054897822917928,-0.13826394876549805,1.00900235074531,-0.00842728694425265,-1.309804158520829,-0.49242688115178507,2.5153007981373494,-0.5223654826174741,-0.4664697425880639,-0.6796915620242441,0.9908821461003121,-0.007197483530371097,-0.8783986556898707,1.7679354479803961,1.314789726008801,-0.09829522299790491,-0.16075794678609712,1.7604174546914813
0.19438323420333617,0.004855782284751651,-0.4990488599672254,-0.3442514472088904,0.0573963215055697,-0.011638686809318703,0.5145649041267758,0.6053932155842526,-0.023949135957712014,0.3162665273098287,0.19001941275495754,0.19615236315088905,0.41851571492970185,-0.07249552408082614,0.27848098360654816,0.7366812805577798,0.0757430828938589,0.04502439046588439,-0.07523815853590989,-0.29264951215597257,0.09133158269801471,-0.4087965191137463,0.07184979488357256,-0.2429349549296285,-0.11076545935859253,-0.12277049463213778,0.32975510544896525,0.012029756593612257,0.391975339752449,0.17039868612163253,-0.208338998739039,-0.04611536092350083,0.8581435849984752,0.01099713965842798,-0.326704194795912,-0.1762637483609998,0.2183127821639569,0.07480482056211128,-0.18582289705538974,0.3032369861110052,0.22902057772268325,-0.008925614372105324,-0.019712428914406614,0.44336087807142227
0.2576698723258627,0.09580380841839284,-0.4781462377901998,-0.4328921484163563,0.14095671583417893,0.07391862356013966,0.28096930475110815,0.48779576949755976,0.035141531736590056,0.1306798477967999,0.19615236315088905,0.44495107144858365,0.3545397413881546,-0.1286211086143661,0.2601661338519164,0.5125396887618456,-0.1250437051970873,-0.0847681033311297,-0.06431959449290094,-0.1692298872005327,0.18080388319555965,-0.4206287244199143,0.11802477139698248,-0.08969729920990886,0.07790705683372957,-0.2890373455168299,0.22869359580579943,-0.010405433201689377,0.44953946600420336,0.21941318701650103,-0.020094279252858324,0.06179122072659869,0.7851512841507711,0.16378975234466336,-0.4303293574157922,-0.1133616586765443,0.05993246643394268,0.05605411901393628,-0.166793736791708,-0.0063344465378101155,-0.03418841016131827,0.09487249433264561,-0.04407866109235497,0.1849598457068226
0.4067443896016023,0.16176041765565763,-1.8039107285894587,-0.7106048481056652,-0.26938282319468054,0.12229011807380563,2.2056798090429353,2.0968147884597754,-0.6450443675834477,1.027114823131675,0.41851571492970185,0.3545397413881546,1.5382613094087658,-0.6143827228107628,0.67700713976522,1.814317966885406,0.640477023283339,0.06049396152735282,-1.0405523601418245,-1.123395010650668,-0.1799395164743846,-1.227910465438962,0.63171628453112,-0.814365554903938,-0.7668640076683912,-0.25294425413014526,0.611214417802267,0.2022137000416103,1.3391776762978178,0.8423421236163374,-0.44423307692109004,-0.5565673326069328,2.220220531930446,-0.2429863368148113,-0.8054442525799922,-1.0972849687110977,1.4761380593451718,1.025546373904638,0.04541515676981067,1.592874706916974,0.30105412128381337,0.05896168298585772,-0.13988362684936492,1.9836839390897778
0.13822211433994316,-0.45170109793787955,0.5451318155539191,-0.04959468518083026,0.49993451860518456,-0.342437754479473,-0.6789308061484726,-0.5471929374494346,0.7553489494208382,0.023825368911673472,-0.07249552408082614,-0.1286211086143661,-0.6143827228107628,0.6771968331976436,-0.03639291402295878,0.497607344927051,-0.35629246823473115,0.23579364268460853,0.9595435957174787,0.45073572101806264,0.18277667935794673,0.19981052500297283,-0.5678477216259054,0.1127732277023749,0.3487448795617644,0.15802687444281407,0.5463493245413102,-0.3109987254953242,-0.46926150367290415,-0.7987435725333499,-0.6030076161186235,0.29172150754707127,0.06319092201610993,-0.03632947442447574,0.2580738870459531,0.6594585664157308,-0.8234645990491113,-1.1380760313739025,-0.8541725473587183,-0.340250603836644,0.8331606547454988,-0.17085860946129977,0.05923658731866945,-0.6262088588851467
0.38580922400795603,-0.10849866356932866,-0.8802296599322755,-0.5847736894843018,0.16359673013842999,-0.08777340961508835,0.9597938730027746,1.0748217155297346,0.032761171397714325,0.6364402449930292,0.27848098360654816,0.2601661338519164,0.67700713976522,-0.03639291402295878,0.47626476392706457,1.474677086181031,0.1435425869274748,0.14364342489166573,-0.0825919709280708,-0.4879996103794592,0.0767231339018239,-0.7329902581416132,0.08114449574120902,-0.43428811263219624,-0.22280702286230472,-0.16205979956381972,0.7187733162883935,-0.04726598481681686,0.6536561109668964,0.1467043578378927,-0.5440576584216695,-0.11769578082746897,1.5771755030363992,-0.06335910344223959,-0.4917231030274873,-0.2915218479114775,0.3893989665242314,0.00580518460512682,-0.48088605899548365,0.67655999981666,0.6032296755211047,-0.038715094899283035,-0.052946082876788904,0.8276419507091392
1.4741505556030547,-1.05405364958988,-2.853135912281138,-1.893389675915234,0.9030620620189053,-0.7083204088316144,3.37462071823478,3.484542431222889,0.7406412585068477,2.6069095670613227,0.7366812805577798,0.5125396887618456,1.814317966885406,0.497607344927051,1.474677086181031,5.932443341562654,0.46722765035921415,0.83755541889188,0.2474556428205737,-1.2778825499021214,-0.04156653693101481,-2.4545309738657233,-0.0984986310371394,-1.5515501154194928,-0.8428239794210044,-0.19420517905073736,3.1890682071529963,-0.5282804361916986,1.9331628220240618,-0.4595370866896602,-2.9855079356621927,-0.5938208278123304,5.633046307005605,-0.8050664970646654,-1.122493878390898,-0.8059777674112416,1.2108774772583548,-0.9140174549400198,-2.5553231224344923,3.0259109139787723,3.2157445187490636,-0.2816211743725035,-0.26644170175289306,2.9793900275470326
-0.01535175466523826,0.07959975018535437,-0.7100812847124429,-0.014423601638686582,-0.35646336710700394,0.08164229972729167,1.1118084725304078,0.8294111457142616,-0.510243955824053,0.4531926913094455,0.0757430828938589,-0.1250437051970873,0.640477023283339,-0.35629246823473115,0.1435425869274748,0.46722765035921415,0.5162315146832238,0.05267264118988382,-0.7051271877579784,-0.513874943401593,-0.3051649600702454,-0.3584057015580597,0.3639267081061423,-0.38642403467270003,-0.5604730270598679,0.07159850442039781,0.04207994638367633,0.17037410261360517,0.46046491343175416,0.4091267832922773,-0.1426234900734833,-0.4430680599948414,0.5329717244738582,-0.3014002357614145,-0.11469637849008955,-0.66198802681412094,0.9357492173810362,0.7289886095467476,0.3132578336203085,0.985607860650683,0.03118769947362175,0.007073854033169723,-0.06967574067587524,1.0622119474620073
0.16608364189242703,-0.27073066320980316,-0.1892428936510834,-0.16668254305301192,0.1825007193142005,-0.1899499489541585,0.30303796140957495,0.28425462551634245,0.23311241745645678,0.36388561318430945,0.04502439046588439,-0.0847681033311297,0.06049396152735282,0.23579364268460853,0.14364342489166573,0.83755541889188,0.05267264118988382,0.20206919619869484,0.23385231307298207,-0.066955312544928,-0.023719436981187683,-0.20842355777606797,-0.15615279814122812,-0.1925639240612385,-0.0943125559032419,0.08593194524273863,0.514204620449882,-0.12966121992440716,0.07258815265169767,-0.2738982554362586,-0.5499854070217672,-0.05530809401002312,0.6334409172116461,-0.175127831141631,0.0011145713558615193,0.02962498956488438,0.016826484546978174,-0.35408843045311245,-0.4879759984052929,0.3978809953128024,0.6487262420668134,-0.10447778399561637,-0.016034070290745526,0.28353421141955715
0.13076436629349714,-0.5030561026322765,1.0870151500728382,-0.07124569440166667,0.7606658450020143,-0.4216634925377374,-1.5038010782124462,-1.1232961060621547,1.128178136898178,-0.2786062371020373,-0.07523815853590989,-0.06431959449290094,-1.0405523601418245,0.9595435957174787,-0.0825919709280708,0.2474556428205737,-0.7051271877579784,0.23385231307298207,1.5614525021648478,0.7669963578289735,0.48366958506991725,0.4555515581360029,-0.889974806128531,0.3441563443748403,0.7528654743567382,0.1251842674704389,0.5519532441160824,-0.4127145704689732,-0.823276602537883,-1.0735423890461062,-0.496589226899428,0.658543952983783,-0.24809532408698803,0.22824903601951863,0.2905258194049417,1.1904208780366592,-1.5636823119832486,-1.698835959363814,-1.0982209517922632,-1.1113058257653043,0.8786836944350283,-0.228437587220754,0.150769582084747,-1.4095727243548408
-0.25783671985797496,-0.12305921156557593,1.2638851764297316,0.4763282927935195,0.22780127827751598,-0.07218834365567675,-1.5931954812603102,-1.5150462346922895,0.510532720884931,-0.7468101927687512,-0.29264951215597257,-0.1692298872005327,-1.123395010650668,0.45073572101806264,-0.4879996103794592,-1.2778825499021214,-0.513874943401593,-0.066955312544928,0.7669963578289735,0.8717979507860819,0.13572696587728014,0.858755804918097,-0.44838474671099415,0.6010036886045682,0.5795079682494546,0.15135385173930077,-0.4186153561805792,-0.1639340289829997,-0.9255636346251419,-0.6279964245277069,0.2843143331037155,0.3929554229500927,-1.5676149735164178,0.16132847371552206,0.560848846859593,0.7764878397683775,-1.0748815796671936,-0.7730112038742266,-0.07832199505964442,-1.1422474711372212,-0.22238379852546578,-0.010693694313659253,0.08116529803102193,-1.4451028976515847
0.053263479428518654,0.02981496679012927,0.3046191856592474,-0.16846116706495348,0.22962017798852433,-0.05021366761686967,-0.5806256924790001,-0.2898209048660106,0.2872888799118127,-0.20571093299087154,0.09133158269801471,0.18080388319555965,-0.1799395164743846,0.18277667935794673,0.0767231339018239,-0.04156653693101481,-0.3051649600702454,-0.023719436981187683,0.48366958506991725,0.13572696587728014,0.36606647875092646,0.07764530535349426,-0.23699500991759695,0.1221139287904186,0.35968581809288697,-0.1127958545938998,0.055430431994060565,-0.05130977220767892,-0.1547237707101876,-0.09365479032117142,0.1280880377696851,0.36460491561032643,0.021462092636129047,0.31347883039294994,-0.1460024390330951,0.43050677469050064,-0.6032981371571472,-0.42453065913357296,-0.2054495756242903,-0.6919707176841474,0.01787518090089247,-0.048066570916584235,0.09755318176464192,-0.5684609656416438
-0.652543848579983,0.18811714139258048,1.6885154286574169,0.9296466220682544,-0.1678565050591299,0.10055207443441189,-1.9232928339995692,-1.968856576756164,0.0806730704308784,-1.1612061722231535,-0.4087965191137463,-0.4206287244199143,-1.227910465438962,0.19981052500297283,-0.7329902581416132,-2.4545309738657233,-0.3584057015580597,-0.20842355777606797,0.4555515581360029,0.858755804918097,0.07764530535349426,1.3124075019536874,-0.3146077134410918,0.7501569290402004,0.5299369489157589,0.2696657302261532,-1.1604421844268493,0.0725714730055473,-1.238503124427427,-0.29891171167878916,0.9701869659240793,0.40028924290335227,-2.6608882952198596,0.2793463150660133,0.7539077466238526,0.747418216238316,-1.0028879742819894,-0.24604420150430906,0.6988534776139421,-1.50289063071112,-0.9222310372327146,-0.005555249137678807,0.1715728117961302,-1.693514860678514
-0.0346521472066448,0.30945655133018996,-0.6734909591694493,-0.026672602807191328,-0.4051514956272206,0.25785658064204997,0.8606717130562371,0.6892876395798068,-0.6310421571677132,0.1550505822722909,0.07184979488357256,0.11802477139698248,0.63171628453112,-0.5678477216259054,0.08114449574120902,-0.0984986310371394,0.3639267081061423,-0.15615279814122812,-0.889974806128531,-0.44838474671099415,-0.23699500991759695,-0.3146077134410918,0.5240201104930612,-0.19135456751793134,-0.3961329972225685,-0.127280635351132,-0.2952265258828862,0.23204448264837596,0.5302297665444028,0.6473542989674222,0.303947152523206,-0.3512412479370357,0.23774186224717295,-0.08762477718814822,-0.235529746291839,-0.6808462495445732,0.8755731255913268,0.9710818459854698,0.6054790043077031,0.5902284945298275,-0.532397854560872,0.14995234624584658,-0.09251582614054499,0.7929495913602659
-0.30646808630554834,0.13227388263138548,1.0437525983867428,0.4501669919653104,0.026902167517137393,0.09286641587303265,-1.3774490647664308,-1.2592471453127325,0.14754477978191444,-0.8120799923157169,-0.2429349549296285,-0.08969729920990886,-0.814365554903938,0.1127732277023749,-0.43428811263219624,-1.5515501154194928,-0.38642403467270003,-0.1925639240612385,0.3441563443748403,0.6010036886045682,0.1221139287904186,0.7501569290402004,-0.19135456751793134,0.5875340318814508,0.48903183695445585,0.01787190707155867,-0.6897251928814426,-0.015546589995277516,-0.708641719014254,-0.20209011992545342,0.6872557712735913,0.3514808876170314,-1.5581483091679702,0.3096223343803162,0.36475764651296727,0.5479548272547438,-0.7864857090760775,-0.24143873229767837,0.3354239234520252,-1.1662696772061691,-0.6790723869912888,0.059767248064411756,0.07622958056529104,-1.2613621025122712
-0.08585371641951717,-0.009672279550212309,0.9442288414719207,0.1210556029688967,0.31734048487793953,-0.056170897740468524,-1.394424705665255,-1.0805809192576739,0.48559044421980485,-0.6338583605019306,-0.11076545935859253,0.07790705683372957,-0.7668640076683912,0.3487448795617644,-0.22280702286230472,-0.8428239794210044,-0.5604730270598679,-0.0943125559032419,0.7528654743567382,0.5795079682494546,0.35968581809288697,0.5299369489157589,-0.3961329972225685,0.48903183695445585,0.6499902052404255,-0.05896924732151474,-0.23646465642770756,-0.13664109371510874,-0.6190904014885366,-0.3864417168868928,0.35463105146754526,0.5352971884218326,-0.883567794029579,0.3999815890854275,0.1730785710777344,0.7809777445053416,-1.086801630612517,-0.7205226524316805,-0.1655128946156929,-1.267278387086157,-0.21740089795428152,-0.016086101967506056,0.11151094768639629,-1.3113546557172426
-0.15174117850220514,-0.1164485499344062,0.309719837912447,0.2752774561041983,-0.06132756536121924,-0.08714788416562275,-0.14669340875658607,-0.3207728893186311,0.04956922698524315,-0.03278585299613169,-0.12277049463213778,-0.2890373455168299,-0.25294425413014526,0.15802687444281407,-0.16205979956381972,-0.19420517905073736,0.07159850442039781,0.08593194524273863,0.1251842674704389,0.15135385173930077,-0.1127958545938998,0.2696657302261532,-0.127280635351132,0.01787190707155867,-0.05896924732151474,0.23489599158575633,-0.06574774748667568,-0.01509776372427054,-0.30991955765113643,-0.225805873473263,-0.12404753837117749,-0.05371088149440698,-0.45754414948301514,-0.16868856047150174,0.3107475206668756,0.0935488864083764,-0.05828691223233934,-0.1469329860790377,0.011236991781588506,0.07950923580812769,0.16448916401677227,-0.08515077110821614,0.03832263209279878,-0.08343761915616955
0.8275917675242033,-0.741451803706597,-1.1966216707816884,-0.9995529146068476,0.7122117516822448,-0.5039117355058366,1.3513303648980102,1.4979917215687777,0.7356559513238681,1.3054897822917928,0.32975510544896525,0.22869359580579943,0.611214417802267,0.5463493245413102,0.7187733162883935,3.1890682071529963,0.04207994638367633,0.514204620449882,0.5519532441160824,-0.4186153561805792,0.055430431994060565,-1.1604421844268493,-0.2952265258828862,-0.6897251928814426,-0.23646465642770756,-0.06574774748667568,1.8601801863748986,-0.4286041587507941,0.778507249466925,-0.6054116660527881,-1.7576849873625664,-0.1572779304771861,2.879305624845549,-0.4012362830328573,-0.45805958804169455,-0.10147747558008179,0.21473042095899228,-0.9846311477765777,-1.6964605270241315,1.3338220929023776,1.960799768220384,-0.19448840677328838,-0.12892705017872685,1.1724488517879579
-0.17686151254280028,0.27250871326102194,-0.06258110878598629,0.14838218340734388,-0.3069196422200484,0.17871071122041285,0.13918634764057633,0.055298880233570394,-0.3989308367220955,-0.13826394876549805,0.012029756593612257,-0.010405433201689377,0.2022137000416103,-0.3109987254953242,-0.04726598481681686,-0.5282804361916986,0.17037410261360517,-0.12966121992440716,-0.4127145704689732,-0.1639340289829997,-0.05130977220767892,0.0725714730055473,0.23204448264837596,-0.015546589995277516,-0.13664109371510874,-0.01509776372427054,-0.4286041587507941,0.20001842552759988,0.07242362130416306,0.40562562962581383,0.42773793923079667,-0.09142554846769049,-0.35252146876586565,0.05590736651619855,-0.05215588805152218,-0.2381408411476997,0.3022730039507754,0.5633572197795234,0.5514886285073156,-0.007621792951975254,-0.5080490482377972,0.05628695479694073,0.01999811734478649,0.14677134501732636
0.5169294136896949,0.030384432946712187,-1.7363328970755398,-0.7972587809426989,-0.07024164661973259,0.06693979373516862,1.9919832960699146,1.9633622142621139,-0.39028293534572,1.00900235074531,0.391975339752449,0.44953946600420336,1.3391776762978178,-0.46926150367290415,0.6536561109668964,1.9331628220240618,0.46046491343175416,0.07258815265169767,-0.823276602537883,-0.9255636346251419,-0.1547237707101876,-1.238503124427427,0.5302297665444028,-0.708641719014254,-0.6190904014885366,-0.30991955765113643,0.778507249466925,0.07242362130416306,1.3056120641293627,0.6085515215256883,-0.6032438913635292,-0.49258828582068237,2.3046469588262073,-0.24784132613975277,-0.7704698506676023,-0.9619915992338921,1.2504229116548893,0.7128514557118039,-0.2444807593681577,1.485686969438581,0.4391730905214967,0.0956976308710552,-0.1869787661336285,1.7687701598875705
-0.13570486603087253,0.5906119504493549,-0.6956547985729903,-0.03835916196966097,-0.5765144454026299,0.40659694958512876,0.8262926767195437,0.7490071852749278,-0.9001062819833902,-0.00842728694425265,0.17039868612163253,0.21941318701650103,0.8423421236163374,-0.7987435725333499,0.1467043578378927,-0.4595370866896602,0.4091267832922773,-0.2738982554362586,-1.0735423890461062,-0.6279964245277069,-0.09365479032117142,-0.29891171167878916,0.6473542989674222,-0.20209011992545342,-0.3864417168868928,-0.225805873473263,-0.6054116660527881,0.40562562962581383,0.6085515215256883,1.0452370792796692,0.7528022895176464,-0.26929522262774896,0.1044217997300682,0.14008476392608468,-0.4431795519659877,-0.7398129515143046,0.9212940726582128,1.3457247517214601,1.0020246022945234,0.3058274058625383,-0.9620748519333895,0.17387619378599467,-0.02966039969771113,0.7497512404796816
-0.7007209964649064,0.8244948229615043,1.0513300646104389,0.7484360126876873,-0.5975529837729728,0.5412066489899269,-1.3805080514431531,-1.299852629897037,-0.7162612224331456,-1.309804158520829,-0.208338998739039,-0.020094279252858324,-0.44423307692109004,-0.6030076161186235,-0.5440576584216695,-2.9855079356621927,-0.1426234900734833,-0.5499854070217672,-0.496589226899428,0.2843143331037155,0.1280880377696851,0.9701869659240793,0.303947152523206,0.6872557712735913,0.35463105146754526,-0.12404753837117749,-1.7576849873625664,0.42773793923079667,-0.6032438913635292,0.7528022895176464,1.8861983812357925,0.3069404714239624,-2.4841403270899547,0.6386777903255183,0.1669068048687733,0.16535459041820183,-0.34294043005088337,0.985397879270237,1.615943405620905,-1.5752722747611232,-2.0222672073086816,0.21483585822481796,0.14099109225030027,-1.2542479345685844
-0.06551187516356823,0.01432911417303969,0.757236681014863,0.050955299860750536,0.26337532974841277,-0.060618131185604246,-1.119293501275688,-0.8176054740489721,0.3860650148052452,-0.49242688115178507,-0.04611536092350083,0.06179122072659869,-0.5565673326069328,0.29172150754707127,-0.11769578082746897,-0.5938208278123304,-0.4430680599948414,-0.05530809401002312,0.658543952983783,0.3929554229500927,0.36460491561032643,0.40028924290335227,-0.3512412479370357,0.3514808876170314,0.5352971884218326,-0.05371088149440698,-0.1572779304771861,-0.09142554846769049,-0.49258828582068237,-0.26929522262774896,0.3069404714239624,0.4890290779542049,-0.6115472058429663,0.38502720361779913,0.07300276721485324,0.6760307153963326,-0.9236144155262732,-0.5987137353063227,-0.14314975587829107,-1.0859242379526928,-0.13440501283672374,-0.049079739669921095,0.125360117828862,-1.0563698544335325
1.4761963322195795,-0.7089595641979165,-3.2076011621463034,-2.047318447599459,0.7062733103900468,-0.47756326435662366,3.6139350744513505,3.8421656540297797,0.3611896682184804,2.5153007981373494,0.8581435849984752,0.7851512841507711,2.220220531930446,0.06319092201610993,1.5771755030363992,5.633046307005605,0.5329717244738582,0.6334409172116461,-0.24809532408698803,-1.5676149735164178,0.021462092636129047,-2.6608882952198596,0.23774186224717295,-1.5581483091679702,-0.883567794029579,-0.45754414948301514,2.879305624845549,-0.35252146876586565,2.3046469588262073,0.1044217997300682,-2.4841403270899547,-0.6115472058429663,5.7857937905289125,-0.5876163040694166,-1.4586193287333626,-1.0953120743419733,1.5231362469551433,-0.2925326850601561,-2.0940714254936843,2.9206342790813387,2.588239277728265,-0.13927814130008626,-0.29899433289624405,3.1749554395853314
-0.10688704289939825,0.2474632551531747,0.48705349369172724,0.032023097302564765,0.0585052833350704,0.11815474778897336,-0.8330243737078601,-0.5391275214301858,0.02868532402253878,-0.5223654826174741,0.01099713965842798,0.16378975234466336,-0.2429863368148113,-0.03632947442447574,-0.06335910344223959,-0.8050664970646654,-0.3014002357614145,-0.175127831141631,0.22824903601951863,0.16132847371552206,0.31347883039294994,0.2793463150660133,-0.08762477718814822,0.3096223343803162,0.3999815890854275,-0.16868856047150174,-0.4012362830328573,0.05590736651619855,-0.24784132613975277,0.14008476392608468,0.6386777903255183,0.38502720361779913,-0.5876163040694166,0.47032571413816976,-0.11709357569622897,0.38600343163518236,-0.57801356693716,-0.05297314991007644,0.2466833279334862,-0.9995154189194219,-0.5496590276670438,0.035803865415289744,0.10033182503993335,-0.8129373851326079
-0.3528538562782558,-0.11196920348466606,0.9411656969335193,0.6186474771677566,-0.06684263466959543,-0.06764504323827018,-0.905380068121381,-1.1046467922173098,0.15836850629422472,-0.4664697425880639,-0.326704194795912,-0.4303293574157922,-0.8054442525799922,0.2580738870459531,-0.4917231030274873,-1.122493878390898,-0.11469637849008955,0.0011145713558615193,0.2905258194049417,0.560848846859593,-0.1460024390330951,0.7539077466238526,-0.235529746291839,0.36475764651296727,0.1730785710777344,0.3107475206668756,-0.45805958804169455,-0.05215588805152218,-0.7704698506676023,-0.4431795519659877,0.1669068048687733,0.07300276721485324,-1.4586193287333626,-0.11709357569622897,0.6603521418637566,0.37394595828691607,-0.4419406915325331,-0.31803505542721117,0.18468856480734538,-0.4443545727776292,-0.16679104965179337,-0.046667266289235766,0.052838136543514734,-0.7496789983009902
-0.12671871323488831,-0.1923575529891291,1.3381952681067408,0.22379953219073584,0.4679521958014972,-0.21632025702675403,-1.7834950311362046,-1.4529618125889276,0.7639736492470903,-0.6796915620242441,-0.1762637483609998,-0.1133616586765443,-1.0972849687110977,0.6594585664157308,-0.2915218479114775,-0.8059777674112416,-0.66198802681412094,0.02962498956488438,1.1904208780366592,0.7764878397683775,0.43050677469050064,0.747418216238316,-0.6808462495445732,0.5479548272547438,0.7809777445053416,0.0935488864083764,-0.10147747558008179,-0.2381408411476997,-0.9619915992338921,-0.7398129515143046,0.16535459041820183,0.6760307153963326,-1.0953120743419733,0.38600343163518236,0.37394595828691607,1.1194929864199423,-1.477827443513801,-1.1937239694466066,-0.43257226895473927,-1.4753290718416538,0.11949650711018522,-0.1376552429709449,0.17803997718344097,-1.6494086018944996
0.16561203301293817,0.19614060101750147,-1.785461205809167,-0.2773524798360896,-0.6255002911952302,0.22664679877120822,2.468519245465326,1.9737935812778276,-0.9982940185941667,0.9908821461003121,0.2183127821639569,0.05993246643394268,1.4761380593451718,-0.8234645990491113,0.3893989665242314,1.2108774772583548,0.9357492173810362,0.016826484546978174,-1.5636823119832486,-1.0748815796671936,-0.6032981371571472,-1.0028879742819894,0.8755731255913268,-0.7864857090760775,-1.086801630612517,-0.05828691223233934,0.21473042095899228,0.3022730039507754,1.2504229116548893,0.9212940726582128,-0.34294043005088337,-0.9236144155262732,1.5231362469551433,-0.57801356693716,-0.4419406915325331,-1.477827443513801,2.0147629420699262,1.5304194440759786,0.5197008377196397,2.089498326705333,-0.006498328892901765,0.131065623513392,-0.22279403833227518,2.3000509800674425
-0.3196559272494848,0.7411664219027844,-0.8817165034189426,0.23778386148670774,-0.9479837333224874,0.5749989478677634,1.2466080032834592,0.8905859329523232,-1.3706301349680219,-0.007197483530371097,0.07480482056211128,0.05605411901393628,1.025546373904638,-1.1380760313739025,0.00580518460512682,-0.9140174549400198,0.7289886095467476,-0.35408843045311245,-1.698835959363814,-0.7730112038742266,-0.42453065913357296,-0.24604420150430906,0.9710818459854698,-0.24143873229767837,-0.7205226524316805,-0.1469329860790377,-0.9846311477765777,0.5633572197795234,0.7128514557118039,1.3457247517214601,0.985397879270237,-0.5987137353063227,-0.2925326850601561,-0.05297314991007644,-0.31803505542721117,-1.1937239694466066,1.5304194440759786,2.0272797470168515,1.543444594567523,0.759430090797778,-1.3684226476957657,0.2593268476470269,-0.09756212157229334,1.1740399128057222
-0.7261280149695356,0.8304665539909752,0.4518673010934224,0.7982442292249872,-0.9179354657244314,0.5752169031448114,-0.3622099743364101,-0.6313926404576549,-1.1059738362733116,-0.8783986556898707,-0.18582289705538974,-0.166793736791708,0.04541515676981067,-0.8541725473587183,-0.48088605899548365,-2.5553231224344923,0.3132578336203085,-0.4879759984052929,-1.0982209517922632,-0.07832199505964442,-0.2054495756242903,0.6988534776139421,0.6054790043077031,0.3354239234520252,-0.1655128946156929,0.011236991781588506,-1.6964605270241315,0.5514886285073156,-0.2444807593681577,1.0020246022945234,1.615943405620905,-0.14314975587829107,-2.0940714254936843,0.2466833279334862,0.18468856480734538,-0.43257226895473927,0.5197008377196397,1.543444594567523,1.8423847436819245,-0.5734143297224672,-1.8981381634506491,0.217146460055547,0.06766912925447906,-0.2634412928336209
0.5786923326868694,-0.39156835090341974,-2.2781638805083246,-0.6740033295314122,-0.2026638847136188,-0.15364888916753933,3.161626110625966,2.6084739931823595,-0.4565625920050948,1.7679354479803961,0.3032369861110052,-0.0063344465378101155,1.592874706916974,-0.340250603836644,0.67655999981666,3.0259109139787723,0.985607860650683,0.3978809953128024,-1.1113058257653043,-1.1422474711372212,-0.6919707176841474,-1.50289063071112,0.5902284945298275,-1.1662696772061691,-1.267278387086157,0.07950923580812769,1.3338220929023776,-0.007621792951975254,1.485686969438581,0.3058274058625383,-1.5752722747611232,-1.0859242379526928,2.9206342790813387,-0.9995154189194219,-0.4443545727776292,-1.4753290718416538,2.089498326705333,0.759430090797778,-0.5734143297224672,3.0049824740671887,1.3487448013807104,-0.028872656979873578,-0.30087312171868186,2.9320533225207743
0.7466042537511429,-0.9413791684296353,-0.850483693452286,-0.8082708839047499,0.776117450812537,-0.6619481341768378,1.1224608193143502,1.1593274537825589,0.9466247164554996,1.314789726008801,0.22902057772268325,-0.03418841016131827,0.30105412128381337,0.8331606547454988,0.6032296755211047,3.2157445187490636,0.03118769947362175,0.6487262420668134,0.8786836944350283,-0.22238379852546578,0.01787518090089247,-0.9222310372327146,-0.532397854560872,-0.6790723869912888,-0.21740089795428152,0.16448916401677227,1.960799768220384,-0.5080490482377972,0.4391730905214967,-0.9620748519333895,-2.0222672073086816,-0.13440501283672374,2.588239277728265,-0.5496590276670438,-0.16679104965179337,0.11949650711018522,-0.006498328892901765,-1.3684226476957657,-1.8981381634506491,1.3487448013807104,2.3232348305068102,-0.3148416464861765,-0.07725602007298266,1.0034510911448777
-0.025991522017427944,0.12311720095937242,-0.07995818331366607,0.023756761832554464,-0.09167774674467798,0.11566276932828973,0.028302858126228646,0.020908139750202497,-0.14831566273358363,-0.09829522299790491,-0.008925614372105324,0.09487249433264561,0.05896168298585772,-0.17085860946129977,-0.038715094899283035,-0.2816211743725035,0.007073854033169723,-0.10447778399561637,-0.228437587220754,-0.010693694313659253,-0.048066570916584235,-0.005555249137678807,0.14995234624584658,0.059767248064411756,-0.016086101967506056,-0.08515077110821614,-0.19448840677328838,0.05628695479694073,0.0956976308710552,0.17387619378599467,0.21483585822481796,-0.049079739669921095,-0.13927814130008626,0.035803865415289744,-0.046667266289235766,-0.1376552429709449,0.131065623513392,0.2593268476470269,0.217146460055547,-0.028872656979873578,-0.3148416464861765,0.0953666796305904,-0.04019205083491605,0.016889029573499525
-0.08547164703779851,0.04210056938105066,0.2614644642748157,0.08651770734604661,-9.164801923139299e-4,-0.007413068278486202,-0.30197439893381095,-0.2631936662684083,0.03659242796317861,-0.16075794678609712,-0.019712428914406614,-0.04407866109235497,-0.13988362684936492,0.05923658731866945,-0.052946082876788904,-0.26644170175289306,-0.06967574067587524,-0.016034070290745526,0.150769582084747,0.08116529803102193,0.09755318176464192,0.1715728117961302,-0.09251582614054499,0.07622958056529104,0.11151094768639629,0.03832263209279878,-0.12892705017872685,0.01999811734478649,-0.1869787661336285,-0.02966039969771113,0.14099109225030027,0.125360117828862,-0.29899433289624405,0.10033182503993335,0.052838136543514734,0.17803997718344097,-0.22279403833227518,-0.09756212157229334,0.06766912925447906,-0.30087312171868186,-0.07725602007298266,-0.04019205083491605,0.06701962132254048,-0.27223259335563443
0.5834235482167835,-0.12638904896323702,-2.5665567386976353,-0.8326922358054664,-0.35072239263796373,-0.019663085995154414,3.4153882446340447,2.9596435747138687,-0.7348439084428764,1.7604174546914813,0.44336087807142227,0.1849598457068226,1.9836839390897778,-0.6262088588851467,0.8276419507091392,2.9793900275470326,1.0622119474620073,0.28353421141955715,-1.4095727243548408,-1.4451028976515847,-0.5684609656416438,-1.693514860678514,0.7929495913602659,-1.2613621025122712,-1.3113546557172426,-0.08343761915616955,1.1724488517879579,0.14677134501732636,1.7687701598875705,0.7497512404796816,-1.2542479345685844,-1.0563698544335325,3.1749554395853314,-0.8129373851326079,-0.7496789983009902,-1.6494086018944996,2.3000509800674425,1.1740399128057222,-0.2634412928336209,2.9320533225207743,1.0034510911448777,0.016889029573499525,-0.27223259335563443,3.1479844625046676
