V1,V2,V3,V4,V5,V6,V7,V8,V9,V10,V11,V12,V13,V14,V15,V16,V17,V18,V19,V20,V21,V22,V23,V24,V25,V26,V27,V28,V29,V30,V31,V32,V33,V34,V35,V36,V37,V38,V39,V40,V41,V42,V43,V44
1360.5059075271522,438.2636949335934,-1122.8378508200192,405.34872167892496,499.8582204199989,1037.607153969986,-382.81101078266937,56.54142925728101,-441.9362511670498,-280.96322299665536,-185.1819106109195,1594.896175390894,-634.0240680928325,-172.51103012269982,212.21643439036293,786.2545000914473,190.41152718738056,-877.0048838499456,-954.7867678141155,-994.7971087692449,429.0714393909208,-446.11474422954706,662.5037400135635,146.1533248520151,-274.59453766725943,622.0202787353455,-317.9850208671827,212.47927850630415,-179.15423142412067,423.60146520836525,706.1585913601226,-445.6236858922888,458.9650939470382,-1240.9251032181223,-129.39532115906889,-827.1983228976923,-1319.7994407678214,-272.6605995968156,-1375.394780080172,106.83006850651742,-217.5456502713123,1373.822429436293,804.669889994891,320.16915484344946
438.2636949335934,142.6649568603124,-363.69407577843174,131.01717773744173,160.92544987746103,334.88963949575094,-122.98838427167426,18.426229691172598,-140.65545184526715,-90.84299550088147,-60.16240193970311,512.9197080454622,-204.3796244430015,-56.90598725738532,69.04559272660461,254.37864803699253,62.52979364614736,-282.7909777581071,-308.4380198489877,-321.50686112258506,138.01571383029167,-144.86066157122303,214.547766621657,47.07866944542816,-87.17367816624768,200.37631167829636,-104.83000758908076,67.64531359166635,-58.23729117976108,136.18449275767156,226.77777514831848,-143.9554465596288,148.07857844264618,-398.45267993977416,-41.366158809186544,-268.0079415178647,-425.31803704806174,-87.04406897405403,-442.64544584174956,33.57332773384896,-70.76088524773208,442.7238492032688,259.41273893176515,103.9980305427382
-1122.8378508200192,-363.69407577843174,929.3874848016021,-335.1093359847532,-412.39242816266386,-857.2066214707214,315.4748133927893,-46.955670294774386,362.44401184484894,232.34011144055825,153.53175290507895,-1315.1400129585975,523.4473905588636,144.19323098795257,-176.06098417143886,-650.3785117361507,-158.74961186091608,724.1745630735315,789.1425830070197,822.4360251250309,-353.8463759675055,369.7463766620929,-548.2837162575169,-120.63691058795838,224.89449273895067,-513.3439188739588,265.6704139718159,-174.26620476696596,148.55450724473027,-349.2353265536785,-581.8452948984043,368.3151543327008,-379.0905352889401,1022.4007577986955,106.36544362733459,684.783496903702,1089.4676884146372,223.9731778612616,1134.5477276862096,-87.03792053085182,180.4471647303792,-1134.0375812239968,-664.3604044720593,-265.4202782611158
405.34872167892496,131.01717773744173,-335.1093359847532,120.92188263353016,148.9158095993008,309.3311466285454,-113.98474531564659,16.90305494996614,-131.1736682599243,-83.80666203624558,-55.31048562604276,474.94237473366763,-188.95168174711728,-51.77177420069751,63.4387268840516,234.58276226237712,57.08789457193117,-261.3766132016506,-284.73555011259594,-296.69178624081326,127.77962476365687,-133.23695543293468,197.7317203884115,43.53002243509303,-81.44053953903517,185.33768576121804,-95.42760843671725,63.08617878958866,-53.53702142394083,126.12793953098912,210.20031533137734,-132.88676965047114,136.82508469263317,-369.3582809710562,-38.46562557956084,-246.88712835903527,-393.2618419400479,-81.00233477486009,-409.68299850369783,31.58069692457034,-65.02745189254368,409.39079646788423,239.81417158626383,95.62127387787748
499.8582204199989,160.92544987746103,-412.39242816266386,148.9158095993008,183.67095695239553,381.1796632018384,-140.69002247841658,20.755993071381546,-162.48686456766725,-103.2041808336051,-67.9926906829154,586.0374545377376,-232.9423729822369,-63.277346798719286,77.93085932409511,288.80389283937865,69.88462648182232,-322.1981150683492,-350.74597015896416,-365.418832533919,157.65764687146995,-163.81434732374146,243.34147531531823,53.68668109811695,-100.97749975912171,228.54389454531636,-116.65534816177164,78.13226834678866,-65.79170738708827,155.65243596079816,259.50547390338255,-163.6974944410965,168.62083976526253,-456.02162900348554,-47.56692442877635,-303.7986537906639,-484.885522017976,-100.2279240179949,-505.37282058936455,39.30468317900054,-79.89140863500405,504.7594974145083,295.63633474236474,117.55671512209916
1037.607153969986,334.88963949575094,-857.2066214707214,309.3311466285454,381.1796632018384,791.6405557192393,-291.80023929752315,43.203507235324146,-336.30912379146696,-214.42247173442863,-141.45351064223004,1216.00743343005,-483.60070894406635,-132.14838401759036,162.13690674520114,600.1291184170013,145.72997311672643,-668.979421733877,-728.5658384507443,-759.1446509819036,327.15308847403276,-340.7445283098347,505.75484287118223,111.46455176477699,-208.87293539218774,474.3971866561534,-243.5650275698414,161.70089890551466,-136.86293156595283,322.94646767134356,538.2640009040845,-340.0424845138906,350.1221105740321,-945.8452158399477,-98.54458966571333,-631.5502004654625,-1006.6456812777789,-207.60475230535587,-1048.7779309996963,81.11777648983394,-166.21307649721936,1047.829989325749,613.784306051268,244.55958598166455
-382.81101078266937,-122.98838427167426,315.4748133927893,-113.98474531564659,-140.69002247841658,-291.80023929752315,107.83227545705434,-15.863159813285355,124.74137728819974,78.98284097617068,51.9693108816329,-448.9666422400553,178.38390342195828,48.214036674404156,-59.57918004999596,-220.98725449439704,-53.32534765742373,246.70281207407837,268.4571722537664,279.6662716606865,-120.77774460291663,125.23461002762507,-186.16970730439868,-41.106238173392235,77.55882044012381,-175.03144924067624,88.9009745858992,-59.99071654270828,50.29544591748638,-119.25621954932747,-198.86739440102866,125.29134822617527,-129.11400786621175,349.478977653754,36.49589515987911,232.37654423888634,371.30410432223096,76.89468979305836,387.12463755703243,-30.24273310638554,61.067625324285025,-386.55957811553054,-226.3795659310335,-89.86123650171753
56.54142925728101,18.426229691172598,-46.955670294774386,16.90305494996614,20.755993071381546,43.203507235324146,-15.863159813285355,2.3906144205519344,-18.120450376942728,-11.728503586392943,-7.770305321510001,66.1547431506019,-26.370772812794186,-7.364214550207244,8.920169873181917,32.82940902924587,8.087356090765958,-36.4874435885159,-39.793130059782506,-41.49799472709382,17.799999714992463,-18.702835717428126,27.69130270873493,6.0788408869861925,-11.224884508848305,25.844025522582573,-13.554589703775534,8.712937732251646,-7.517840016056153,17.567872528434208,29.239943827360158,-18.57477380578521,19.11107349358324,-51.3837042001827,-5.333830758998219,-34.599865371588145,-54.8704025798339,-11.220457189697006,-57.09855648513161,4.3155659193665015,-9.131099524230494,57.117581226562976,33.46278106579102,13.433400360552795
-441.9362511670498,-140.65545184526715,362.44401184484894,-131.1736682599243,-162.48686456766725,-336.30912379146696,124.74137728819974,-18.120450376942728,145.52567217314433,90.884429939975945,59.56148506863048,-519.0616180096021,205.79775502982085,54.49787045960142,-68.15820956563077,-254.13905585701303,-60.4893164849067,284.5582733796327,309.1427615271126,321.9323313462325,-139.6131239110648,143.5772911641292,-213.90428858334428,-47.47362165533263,90.67425951239073,-202.05031414368486,100.52503581151564,-69.94845821364643,57.58977461343216,-137.91220792538647,-230.19485723098643,144.28236922461673,-148.82937122893983,404.58650318401965,42.40438549270161,266.9218607762024,428.51531631106604,89.47592959025442,447.25950516876367,-35.66664227887068,69.88575267377716,-446.0823409596478,-261.15591341033803,-103.00254158316736
-280.96322299665536,-90.84299550088147,232.34011144055825,-83.80666203624558,-103.2041808336051,-214.42247173442863,78.98284097617068,-11.728503586392943,90.884429939975945,58.106638103266484,38.36045456199487,-329.1792448536162,130.9678878846355,35.935114964605894,-43.98419683074442,-162.62172717125583,-39.59855283016936,181.17529650866888,197.36287106168558,205.67933891964086,-88.56501190578956,92.38797303665662,-137.07073456044603,-30.18880419888013,56.414898826739226,-128.44840226341958,66.20730426348541,-43.69485954752976,37.11242548020352,-87.41835944562442,-145.67330873156916,92.11322517104543,-94.83693920334217,255.97524575238003,26.655425279988254,171.17938327361585,272.5901144372349,56.131661833682486,283.9429100727286,-21.86964339891643,45.07818465363075,-283.7546622137344,-166.2181903731581,-66.32021450391964
-185.1819106109195,-60.16240193970311,153.53175290507895,-55.31048562604276,-67.9926906829154,-141.45351064223004,51.9693108816329,-7.770305321510001,59.56148506863048,38.36045456199487,25.397249455198192,-216.7832835225126,86.33879239968269,23.95979645497616,-29.112572370001185,-107.39576520175171,-26.32286187068289,119.46767104696418,130.2566614451938,135.7745541114073,-58.32954462257679,61.13597459850682,-90.56210775181853,-19.906094607127052,36.92483875632178,-84.65476922365825,44.125352485192465,-28.627958106987215,24.56284109384964,-57.55866208846721,-95.86617929683388,60.79171390374111,-62.540779656041046,168.44570024331784,17.494756793125248,113.13708229188775,179.70112013869107,36.84274482295361,187.04745263004384,-14.25141464883676,29.84191325373087,-187.03297064013893,-109.58762655014993,-43.89578835110782
1594.896175390894,512.9197080454622,-1315.1400129585975,474.94237473366763,586.0374545377376,1216.00743343005,-448.9666422400553,66.1547431506019,-519.0616180096021,-329.1792448536162,-216.7832835225126,1870.1762074805758,-743.1821467119886,-201.45894173476793,248.3963465923688,921.0894591103136,222.5428451809564,-1027.936472901171,-1118.7803118101772,-1165.5754026846728,503.11655071550234,-522.3021821852327,775.9963218531212,171.32667474678848,-322.64494405068655,729.186381805496,-371.3848120751552,249.55631576032224,-209.71793023661394,496.7380691620036,828.2304434443922,-522.1628964656486,537.9098958370504,-1455.4664612793351,-151.88086547055735,-968.8209457533319,-1547.0800204128743,-320.08493891908455,-1612.6007895378352,125.71764214371228,-254.6395578363002,1610.4307160767676,943.1948401644247,374.8235612420998
-634.0240680928325,-204.3796244430015,523.4473905588636,-188.95168174711728,-232.9423729822369,-483.60070894406635,178.38390342195828,-26.370772812794186,205.79775502982085,130.9678878846355,86.33879239968269,-743.1821467119886,295.48826129907013,80.50965030082801,-98.9694912104377,-366.51354323970065,-88.85272918418075,408.7282541168378,445.02869506708504,463.6917427549933,-199.9389235649351,207.99405613155832,-308.84995241239517,-68.10500512333498,127.85002532595014,-289.8773185873611,148.39724866339415,-98.95357585688721,83.53881692803095,-197.38363708660276,-329.0243988220991,207.70445223937347,-213.91844879103115,578.1869488980111,60.27845659884636,385.624402189648,615.0634404618975,126.99229664961844,640.9349199748204,-49.70496511972022,101.44627632089926,-640.2603612117116,-375.0150400603004,-149.2745899679895
-172.51103012269982,-56.90598725738532,144.19323098795257,-51.77177420069751,-63.277346798719286,-132.14838401759036,48.214036674404156,-7.364214550207244,54.49787045960142,35.935114964605894,23.95979645497616,-201.45894173476793,80.50965030082801,23.10649524233408,-27.517394262202618,-100.68608092051244,-25.214333058812926,111.45457610664096,121.83626934665958,127.09637569977377,-54.223594979830374,57.627503505260954,-85.01731107740427,-18.55041399630385,33.65193723237817,-78.85566494994065,42.50280362897042,-26.1966156563228,23.182354034142666,-53.463268004422005,-88.89533184146508,56.86521094834324,-58.39138483880385,156.16681822767563,16.116088478478048,106.30075345257512,167.50345411979293,33.8655420758349,173.99966930933357,-12.788553070215261,28.19029054150378,-174.32645423147568,-102.2008837528294,-41.40367015576792
212.21643439036293,69.04559272660461,-176.06098417143886,63.4387268840516,77.93085932409511,162.13690674520114,-59.57918004999596,8.920169873181917,-68.15820956563077,-43.98419683074442,-29.112572370001185,248.3963465923688,-98.9694912104377,-27.517394262202618,33.42883677108703,123.14873452127033,30.25777928976771,-136.92606817993644,-149.320881481986,-155.65384310812763,66.83838277119324,-70.10388093244495,103.86387884062088,22.793012135677436,-42.244397570883095,97.02523103736151,-50.68799043063921,32.7821894533605,-28.184698532143003,65.95218260622589,109.83032311217968,-69.69052480250299,71.70877227485582,-192.9820782150882,-20.04828905483851,-129.72814422566336,-205.93508293086677,-42.16858496647611,-214.35768676577473,16.27452335989012,-34.24691261765031,214.38719124701817,125.60973237503352,50.32760991215518
786.2545000914473,254.37864803699253,-650.3785117361507,234.58276226237712,288.80389283937865,600.1291184170013,-220.98725449439704,32.82940902924587,-254.13905585701303,-162.62172717125583,-107.39576520175171,921.0894591103136,-366.51354323970065,-100.68608092051244,123.14873452127033,455.20524207562386,110.9252059067824,-507.0386954114618,-552.42866491842,-575.6823281389205,247.81925227302258,-258.671244348876,383.7088195232419,84.46244039221192,-157.74427865718008,359.4763596703821,-185.5452279387021,122.20144508220119,-103.92450820397626,244.60386292950173,407.58417897527835,-257.8328515570912,265.4100884370422,-716.1920760453723,-74.546707717529,-479.19264445808824,-762.8556120096022,-156.98907368525872,-794.5515112225378,61.118090662919364,-126.22936617515407,794.0775405989092,465.18191672174356,185.66903732137482
190.41152718738056,62.52979364614736,-158.74961186091608,57.08789457193117,69.88462648182232,145.72997311672643,-53.32534765742373,8.087356090765958,-60.4893164849067,-39.59855283016936,-26.32286187068289,222.5428451809564,-88.85272918418075,-25.214333058812926,30.25777928976771,110.9252059067824,27.616150219126098,-122.96446252760435,-134.31691950700196,-140.07123326161812,59.89123014099161,-63.35339953558083,93.6321441809858,20.45506218072245,-37.402706299576074,87.05307208215136,-46.416534299505685,29.09803734845847,-25.492191303307468,59.06924938346303,98.27441296362687,-62.686923308451995,64.42743226220271,-172.6448365331694,-17.864705191301077,-117.00239469989444,-184.84039822555474,-37.5282216048046,-192.16759137561118,14.274168268942521,-30.99335784147135,192.42380994080722,112.78129129591302,45.497610688055936
-877.0048838499456,-282.7909777581071,724.1745630735315,-261.3766132016506,-322.1981150683492,-668.979421733877,246.70281207407837,-36.4874435885159,284.5582733796327,181.17529650866888,119.46767104696418,-1027.936472901171,408.7282541168378,111.45457610664096,-136.92606817993644,-507.0386954114618,-122.96446252760435,565.3851758402345,615.6354685599827,641.4607312621077,-276.54836785658955,287.790876057749,-427.2736231380127,-94.21228384936997,176.76735301045795,-400.96578209647924,205.4302056190563,-136.81661299343926,115.58478367674887,-273.0094051121255,-455.0685809805708,287.33334630120237,-295.8991651031939,799.67861968704,83.34973600486857,533.5159554344096,850.7976919171774,175.61358359598717,886.5235111929837,-68.70699650333977,140.36101882505832,-885.6188304121198,-518.7410604237884,-206.54854097658122
-954.7867678141155,-308.4380198489877,789.1425830070197,-284.73555011259594,-350.74597015896416,-728.5658384507443,268.4571722537664,-39.793130059782506,309.1427615271126,197.36287106168558,130.2566614451938,-1118.7803118101772,445.02869506708504,121.83626934665958,-149.320881481986,-552.42866491842,-134.31691950700196,615.6354685599827,670.5942584625243,698.7465311892504,-300.9955427626959,313.75609227294785,-465.60752152646495,-102.55982572011045,191.96045235522735,-436.5409747999549,224.5645649691405,-148.6507140829253,126.04336440870128,-297.11494064062424,-495.17398577023323,312.9765007898994,-322.225122906873,870.1113612132998,90.61313680254186,581.4104401505261,926.3229009587956,190.8860702704919,964.996700928289,-74.485144666074,153.08089123514097,-964.2313825748778,-564.835503057844,-225.18594604583618
-994.7971087692449,-321.50686112258506,822.4360251250309,-296.69178624081326,-365.418832533919,-759.1446509819036,279.6662716606865,-41.49799472709382,321.9323313462325,205.67933891964086,135.7745541114073,-1165.5754026846728,463.6917427549933,127.09637569977377,-155.65384310812763,-575.6823281389205,-140.07123326161812,641.4607312621077,698.7465311892504,728.1430312778334,-313.59004522996815,327.0221159918543,-485.2200987675021,-106.87473132033584,199.86824021811896,-454.81177247659406,234.21464824810877,-154.7866538810112,131.36578191524615,-309.54137744637524,-515.8365986573481,326.121855891553,-335.7543484811957,906.4377958951585,94.38591625786306,605.9426422378727,965.1502179343331,198.81172644633185,1005.3790814095621,-77.51722257349097,159.54601240044443,-1004.6436107204872,-588.5079385583618,-234.72812994893684
429.0714393909208,138.01571383029167,-353.8463759675055,127.77962476365687,157.65764687146995,327.15308847403276,-120.77774460291663,17.799999714992463,-139.6131239110648,-88.56501190578956,-58.32954462257679,503.11655071550234,-199.9389235649351,-54.223594979830374,66.83838277119324,247.81925227302258,59.89123014099161,-276.54836785658955,-300.9955427626959,-313.59004522996815,135.35070216720976,-140.5349725409606,208.78369234880628,46.09179419446833,-86.77817148953734,196.1709090230436,-99.95661922261358,67.1227660522213,-56.42843813073147,133.631957214742,222.8042421511518,-140.483656321818,144.71600866536497,-391.53900326839914,-40.85589794168395,-260.66968235211397,-416.21114679248075,-86.0978067514132,-433.8261579341476,33.807321302679064,-68.51694026524233,433.2527283191555,253.7490922116581,100.85471947402954
-446.11474422954706,-144.86066157122303,369.7463766620929,-133.23695543293468,-163.81434732374146,-340.7445283098347,125.23461002762507,-18.702835717428126,143.5772911641292,92.38797303665662,61.13597459850682,-522.3021821852327,207.99405613155832,57.627503505260954,-70.10388093244495,-258.671244348876,-63.35339953558083,287.790876057749,313.75609227294785,327.0221159918543,-140.5349725409606,147.2059654337072,-218.1117071204396,-47.936468960590105,89.03575401387172,-203.95544386282396,106.16250155566881,-69.02934688527515,59.151509636167454,-138.68426164269653,-230.9954663330263,146.44010065252715,-150.65708134217059,405.8794895873612,42.17032615119833,272.4633036570879,432.907966928768,88.79295617905663,450.64891186048936,-34.37950305324777,71.85914271643409,-450.5833836351665,-264.0035428939839,-105.68026933912562
662.5037400135635,214.547766621657,-548.2837162575169,197.7317203884115,243.34147531531823,505.75484287118223,-186.16970730439868,27.69130270873493,-213.90428858334428,-137.07073456044603,-90.56210775181853,775.9963218531212,-308.84995241239517,-85.01731107740427,103.86387884062088,383.7088195232419,93.6321441809858,-427.2736231380127,-465.60752152646495,-485.2200987675021,208.78369234880628,-218.1117071204396,323.48017581145456,71.16436359124383,-132.7368877266857,302.9009671289096,-156.66654964801083,102.86039523487901,-87.64262591006717,206.0647421938336,343.3385247183749,-217.30455811680335,223.67589522525378,-603.295036288646,-62.76906400597523,-403.9719878537665,-642.8035449597745,-132.1711783473488,-669.4433251123023,51.380090459692795,-106.46090254956356,669.1258292536477,391.99605945548535,156.55621277094357
146.1533248520151,47.07866944542816,-120.63691058795838,43.53002243509303,53.68668109811695,111.46455176477699,-41.106238173392235,6.0788408869861925,-47.47362165533263,-30.18880419888013,-19.906094607127052,171.32667474678848,-68.10500512333498,-18.55041399630385,22.793012135677436,84.46244039221192,20.45506218072245,-94.21228384936997,-102.55982572011045,-106.87473132033584,46.09179419446833,-47.936468960590105,71.16436359124383,15.71485749349142,-29.49067520737349,66.80772704675147,-34.17192077113577,22.81106632137184,-19.24065182016553,45.503242847542005,75.85086330615748,-47.86727382311475,49.29798721402563,-133.29376221415228,-13.896878437207905,-88.87673860659753,-141.7810073065699,-29.293042884575655,-147.7378419983496,11.47492548332616,-23.363750169198333,147.5693044344583,86.43375061244069,34.413815616020266
-274.59453766725943,-87.17367816624768,224.89449273895067,-81.44053953903517,-100.97749975912171,-208.87293539218774,77.55882044012381,-11.224884508848305,90.67425951239073,56.414898826739226,36.92483875632178,-322.64494405068655,127.85002532595014,33.65193723237817,-42.244397570883095,-157.74427865718008,-37.402706299576074,176.76735301045795,191.96045235522735,199.86824021811896,-86.77817148953734,89.03575401387172,-132.7368877266857,-29.49067520737349,56.538805048615906,-125.55090158363079,62.09949201868177,-43.58945422085155,35.70778417221894,-85.73469899360224,-143.13908575647721,89.59532565595461,-92.43717738098846,251.58384043061454,26.394144865074686,165.6175012150979,266.2373174594559,55.71176545392816,277.9696735607405,-22.289980895566124,43.321797684968104,-277.1477043029111,-162.24125701618576,-63.8637539605804
622.0202787353455,200.37631167829636,-513.3439188739588,185.33768576121804,228.54389454531636,474.3971866561534,-175.03144924067624,25.844025522582573,-202.05031414368486,-128.44840226341958,-84.65476922365825,729.186381805496,-289.8773185873611,-78.85566494994065,97.02523103736151,359.4763596703821,87.05307208215136,-400.96578209647924,-436.5409747999549,-454.81177247659406,196.1709090230436,-203.95544386282396,302.9009671289096,66.80772704675147,-125.55090158363079,284.4007994232984,-145.37631845284866,97.15693756704981,-81.91550900380807,193.67091627524857,322.86272674583705,-203.74471186337985,209.84016081708327,-567.3573886769351,-59.15879165558221,-378.18294703404945,-603.4128312336725,-124.65692589237827,-628.8397471744576,48.84487337837108,-99.46916916253272,628.1188104800498,367.9023309378101,146.36473354809948
-317.9850208671827,-104.83000758908076,265.6704139718159,-95.42760843671725,-116.65534816177164,-243.5650275698414,88.9009745858992,-13.554589703775534,100.52503581151564,66.20730426348541,44.125352485192465,-371.3848120751552,148.39724866339415,42.50280362897042,-50.68799043063921,-185.5452279387021,-46.416534299505685,205.4302056190563,224.5645649691405,234.21464824810877,-99.95661922261358,106.16250155566881,-156.66654964801083,-34.17192077113577,62.09949201868177,-145.37631845284866,78.22963072515829,-48.34365467032086,42.71937523690684,-98.56227289147263,-163.90184788265069,104.8131695407284,-107.6225546743127,287.9276046739634,29.71664727814322,195.8548350132004,308.75429399239687,62.453204877636374,320.7646464864719,-23.61560577145827,51.941659759331195,-321.33546773944204,-188.38911276229746,-76.25324981583908
212.47927850630415,67.64531359166635,-174.26620476696596,63.08617878958866,78.13226834678866,161.70089890551466,-59.99071654270828,8.712937732251646,-69.94845821364643,-43.69485954752976,-28.627958106987215,249.55631576032224,-98.95357585688721,-26.1966156563228,32.7821894533605,122.20144508220119,29.09803734845847,-136.81661299343926,-148.6507140829253,-154.7866538810112,67.1227660522213,-69.02934688527515,102.86039523487901,22.81106632137184,-43.58945422085155,97.15693756704981,-48.34365467032086,33.6380748513673,-27.699944917679794,66.30816557446539,110.67684627724843,-69.3789829101219,71.5664511639282,-194.5196871219694,-20.388251748756346,-128.3359118024663,-206.0279512706051,-43.00800113371852,-215.05071414194757,17.139556352116177,-33.61245869021762,214.4911781938482,125.57177985113991,49.512138341921606
-179.15423142412067,-58.23729117976108,148.55450724473027,-53.53702142394083,-65.79170738708827,-136.86293156595283,50.29544591748638,-7.517840016056153,57.58977461343216,37.11242548020352,24.56284109384964,-209.71793023661394,83.53881692803095,23.182354034142666,-28.184698532143003,-103.92450820397626,-25.492191303307468,115.58478367674887,126.04336440870128,131.36578191524615,-56.42843813073147,59.151509636167454,-87.64262591006717,-19.24065182016553,35.70778417221894,-81.91550900380807,42.71937523690684,-27.699944917679794,23.780267891465883,-55.68454261956314,-92.74369853180558,58.82677201993821,-60.51891418238862,162.9532284029911,16.92480910964968,109.4675115787518,173.85457924313567,35.62469200069424,180.97148578383283,-13.772001857652826,28.890913927125823,-180.96910443909974,-106.03499738777387,-42.45964404402011
423.60146520836525,136.18449275767156,-349.2353265536785,126.12793953098912,155.65243596079816,322.94646767134356,-119.25621954932747,17.567872528434208,-137.91220792538647,-87.41835944562442,-57.55866208846721,496.7380691620036,-197.38363708660276,-53.463268004422005,65.95218260622589,244.60386292950173,59.06924938346303,-273.0094051121255,-297.11494064062424,-309.54137744637524,133.631957214742,-138.68426164269653,206.0647421938336,45.503242847542005,-85.73469899360224,193.67091627524857,-98.56227289147263,66.30816557446539,-55.68454261956314,131.9440403357893,219.99551334751163,-138.67505195772253,142.86150685966493,-386.6090780336311,-40.349363037291646,-257.2698354579782,-410.8975587748208,-85.03864840983255,-428.3176018871269,33.41603974921833,-67.60715869376081,427.72092327283366,250.50178634879225,99.52491692289449
706.1585913601226,226.77777514831848,-581.8452948984043,210.20031533137734,259.50547390338255,538.2640009040845,-198.86739440102866,29.239943827360158,-230.19485723098643,-145.67330873156916,-95.86617929683388,828.2304434443922,-329.0243988220991,-88.89533184146508,109.83032311217968,407.58417897527835,98.27441296362687,-455.0685809805708,-495.17398577023323,-515.8365986573481,222.8042421511518,-230.9954663330263,343.3385247183749,75.85086330615748,-143.13908575647721,322.86272674583705,-163.90184788265069,110.67684627724843,-92.74369853180558,219.99551334751163,366.87291538030024,-231.10593768608337,238.11767451602847,-644.7120333448803,-67.31716274770612,-428.60895404854006,-684.9489985403962,-141.8927300274,-714.0988233948435,55.847334440864266,-112.60335967713962,713.0109447100632,417.57331879612,165.758409557794
-445.6236858922888,-143.9554465596288,368.3151543327008,-132.88676965047114,-163.6974944410965,-340.0424845138906,125.29134822617527,-18.57477380578521,144.28236922461673,92.11322517104543,60.79171390374111,-522.1628964656486,207.70445223937347,56.86521094834324,-69.69052480250299,-257.8328515570912,-62.686923308451995,287.33334630120237,312.9765007898994,326.121855891553,-140.483656321818,146.44010065252715,-217.30455811680335,-47.86727382311475,89.59532565595461,-203.74471186337985,104.8131695407284,-69.3789829101219,58.82677201993821,-138.67505195772253,-231.10593768608337,146.07872618277446,-150.38728144562492,406.10196690436925,42.29201316966468,271.3667200343237,432.34438462170914,89.09112128771118,450.38586798295387,-34.765323848741716,71.44124728420276,-450.0258521801129,-263.6198925560292,-105.10345276909355
458.9650939470382,148.07857844264618,-379.0905352889401,136.82508469263317,168.62083976526253,350.1221105740321,-129.11400786621175,19.11107349358324,-148.82937122893983,-94.83693920334217,-62.540779656041046,537.9098958370504,-213.91844879103115,-58.39138483880385,71.70877227485582,265.4100884370422,64.42743226220271,-295.8991651031939,-322.225122906873,-335.7543484811957,144.71600866536497,-150.65708134217059,223.67589522525378,49.29798721402563,-92.43717738098846,209.84016081708327,-107.6225546743127,71.5664511639282,-60.51891418238862,142.86150685966493,238.11767451602847,-150.38728144562492,154.88279993683688,-418.4383680260267,-43.611240956252004,-279.275525213953,-445.24665806558636,-91.8606112449024,-463.9377713246227,35.90544577760864,-73.49579611483423,463.50215671664876,271.4882005943619,108.1264306960707
-1240.9251032181223,-398.45267993977416,1022.4007577986955,-369.3582809710562,-456.02162900348554,-945.8452158399477,349.478977653754,-51.3837042001827,404.58650318401965,255.97524575238003,168.44570024331784,-1455.4664612793351,578.1869488980111,156.16681822767563,-192.9820782150882,-716.1920760453723,-172.6448365331694,799.67861968704,870.1113612132998,906.4377958951585,-391.53900326839914,405.8794895873612,-603.295036288646,-133.29376221415228,251.58384043061454,-567.3573886769351,287.9276046739634,-194.5196871219694,162.9532284029911,-386.6090780336311,-644.7120333448803,406.10196690436925,-418.4383680260267,1132.999236486336,118.30879912617851,753.1320204931355,1203.6445023084248,249.38077525425197,1254.8884624369819,-98.17106479397565,197.83818787639993,-1252.9495827488195,-733.7782380809832,-291.25433321979267
-129.39532115906889,-41.366158809186544,106.36544362733459,-38.46562557956084,-47.56692442877635,-98.54458966571333,36.49589515987911,-5.333830758998219,42.40438549270161,26.655425279988254,17.494756793125248,-151.88086547055735,60.27845659884636,16.116088478478048,-20.04828905483851,-74.546707717529,-17.864705191301077,83.34973600486857,90.61313680254186,94.38591625786306,-40.85589794168395,42.17032615119833,-62.76906400597523,-13.896878437207905,26.394144865074686,-59.15879165558221,29.71664727814322,-20.388251748756346,16.92480910964968,-40.349363037291646,-67.31716274770612,42.29201316966468,-43.611240956252004,118.30879912617851,12.385415767959493,78.33703823780354,125.48187612530334,26.100885597524908,130.91072646991202,-10.337972209953907,20.545273225731403,-130.64226456149282,-76.4907752701874,-30.25778493731486
-827.1983228976923,-268.0079415178647,684.783496903702,-246.88712835903527,-303.7986537906639,-631.5502004654625,232.37654423888634,-34.599865371588145,266.9218607762024,171.17938327361585,113.13708229188775,-968.8209457533319,385.624402189648,106.30075345257512,-129.72814422566336,-479.19264445808824,-117.00239469989444,533.5159554344096,581.4104401505261,605.9426422378727,-260.66968235211397,272.4633036570879,-403.9719878537665,-88.87673860659753,165.6175012150979,-378.18294703404945,195.8548350132004,-128.3359118024663,109.4675115787518,-257.2698354579782,-428.60895404854006,271.3667200343237,-279.275525213953,753.1320204931355,78.33703823780354,504.573904935399,802.634754910645,164.96162957006666,835.7945803735095,-64.08350904220468,132.96777701208458,-835.4419687815953,-489.444285045204,-195.59023001361473
-1319.7994407678214,-425.31803704806174,1089.4676884146372,-393.2618419400479,-484.885522017976,-1006.6456812777789,371.30410432223096,-54.8704025798339,428.51531631106604,272.5901144372349,179.70112013869107,-1547.0800204128743,615.0634404618975,167.50345411979293,-205.93508293086677,-762.8556120096022,-184.84039822555474,850.7976919171774,926.3229009587956,965.1502179343331,-416.21114679248075,432.907966928768,-642.8035449597745,-141.7810073065699,266.2373174594559,-603.4128312336725,308.75429399239687,-206.0279512706051,173.85457924313567,-410.8975587748208,-684.9489985403962,432.34438462170914,-445.24665806558636,1203.6445023084248,125.48187612530334,802.634754910645,1280.3438119694958,264.4126560956636,1334.189135804669,-103.54369000985369,211.11136916098704,-1332.72480564811,-780.6165652039559,-310.69438107974725
-272.6605995968156,-87.04406897405403,223.9731778612616,-81.00233477486009,-100.2279240179949,-207.60475230535587,76.89468979305836,-11.220457189697006,89.47592959025442,56.131661833682486,36.84274482295361,-320.08493891908455,126.99229664961844,33.8655420758349,-42.16858496647611,-156.98907368525872,-37.5282216048046,175.61358359598717,190.8860702704919,198.81172644633185,-86.0978067514132,88.79295617905663,-132.1711783473488,-29.293042884575655,55.71176545392816,-124.65692589237827,62.453204877636374,-43.00800113371852,35.62469200069424,-85.03864840983255,-141.8927300274,89.09112128771118,-91.8606112449024,249.38077525425197,26.100885597524908,164.96162957006666,264.4126560956636,55.064128812426,275.86529122152933,-21.85538079151158,43.235820961192,-275.23978276340455,-161.1564068787923,-63.70894306434862
-1375.394780080172,-442.64544584174956,1134.5477276862096,-409.68299850369783,-505.37282058936455,-1048.7779309996963,387.12463755703243,-57.09855648513161,447.25950516876367,283.9429100727286,187.04745263004384,-1612.6007895378352,640.9349199748204,173.99966930933357,-214.35768676577473,-794.5515112225378,-192.16759137561118,886.5235111929837,964.996700928289,1005.3790814095621,-433.8261579341476,450.64891186048936,-669.4433251123023,-147.7378419983496,277.9696735607405,-628.8397471744576,320.7646464864719,-215.05071414194757,180.97148578383283,-428.3176018871269,-714.0988233948435,450.38586798295387,-463.9377713246227,1254.8884624369819,130.91072646991202,835.7945803735095,1334.189135804669,275.86529122152933,1390.5887035778494,-108.23491412259479,219.74274922473262,-1388.8385633977055,-813.430186871372,-323.4043518771189
106.83006850651742,33.57332773384896,-87.03792053085182,31.58069692457034,39.30468317900054,81.11777648983394,-30.24273310638554,4.3155659193665015,-35.66664227887068,-21.86964339891643,-14.25141464883676,125.71764214371228,-49.70496511972022,-12.788553070215261,16.27452335989012,61.118090662919364,14.274168268942521,-68.70699650333977,-74.485144666074,-77.51722257349097,33.807321302679064,-34.37950305324777,51.380090459692795,11.47492548332616,-22.289980895566124,48.84487337837108,-23.61560577145827,17.139556352116177,-13.772001857652826,33.41603974921833,55.847334440864266,-34.765323848741716,35.90544577760864,-98.17106479397565,-10.337972209953907,-64.08350904220468,-103.54369000985369,-21.85538079151158,-108.23491412259479,8.866764162060612,-16.698306701818964,107.77882769206767,63.07336286869243,24.651992698108867
-217.5456502713123,-70.76088524773208,180.4471647303792,-65.02745189254368,-79.89140863500405,-166.21307649721936,61.067625324285025,-9.131099524230494,69.88575267377716,45.07818465363075,29.84191325373087,-254.6395578363002,101.44627632089926,28.19029054150378,-34.24691261765031,-126.22936617515407,-30.99335784147135,140.36101882505832,153.08089123514097,159.54601240044443,-68.51694026524233,71.85914271643409,-106.46090254956356,-23.363750169198333,43.321797684968104,-99.46916916253272,51.941659759331195,-33.61245869021762,28.890913927125823,-67.60715869376081,-112.60335967713962,71.44124728420276,-73.49579611483423,197.83818787639993,20.545273225731403,132.96777701208458,211.11136916098704,43.235820961192,219.74274922473262,-16.698306701818964,35.107142028968774,-219.76046542025674,-128.7669139215106,-51.58237881854358
1373.822429436293,442.7238492032688,-1134.0375812239968,409.39079646788423,504.7594974145083,1047.829989325749,-386.55957811553054,57.117581226562976,-446.0823409596478,-283.7546622137344,-187.03297064013893,1610.4307160767676,-640.2603612117116,-174.32645423147568,214.38719124701817,794.0775405989092,192.42380994080722,-885.6188304121198,-964.2313825748778,-1004.6436107204872,433.2527283191555,-450.5833836351665,669.1258292536477,147.5693044344583,-277.1477043029111,628.1188104800498,-321.33546773944204,214.4911781938482,-180.96910443909974,427.72092327283366,713.0109447100632,-450.0258521801129,463.50215671664876,-1252.9495827488195,-130.64226456149282,-835.4419687815953,-1332.72480564811,-275.23978276340455,-1388.8385633977055,107.77882769206767,-219.76046542025674,1387.3261877845375,812.581353250046,323.37168411421806
804.669889994891,259.41273893176515,-664.3604044720593,239.81417158626383,295.63633474236474,613.784306051268,-226.3795659310335,33.46278106579102,-261.15591341033803,-166.2181903731581,-109.58762655014993,943.1948401644247,-375.0150400603004,-102.2008837528294,125.60973237503352,465.18191672174356,112.78129129591302,-518.7410604237884,-564.835503057844,-588.5079385583618,253.7490922116581,-264.0035428939839,391.99605945548535,86.43375061244069,-162.24125701618576,367.9023309378101,-188.38911276229746,125.57177985113991,-106.03499738777387,250.50178634879225,417.57331879612,-263.6198925560292,271.4882005943619,-733.7782380809832,-76.4907752701874,-489.444285045204,-780.6165652039559,-161.1564068787923,-813.430186871372,63.07336286869243,-128.7669139215106,812.581353250046,475.958022788702,189.46806458553576
320.16915484344946,103.9980305427382,-265.4202782611158,95.62127387787748,117.55671512209916,244.55958598166455,-89.86123650171753,13.433400360552795,-103.00254158316736,-66.32021450391964,-43.89578835110782,374.8235612420998,-149.2745899679895,-41.40367015576792,50.32760991215518,185.66903732137482,45.497610688055936,-206.54854097658122,-225.18594604583618,-234.72812994893684,100.85471947402954,-105.68026933912562,156.55621277094357,34.413815616020266,-63.8637539605804,146.36473354809948,-76.25324981583908,49.512138341921606,-42.45964404402011,99.52491692289449,165.758409557794,-105.10345276909355,108.1264306960707,-291.25433321979267,-30.25778493731486,-195.59023001361473,-310.69438107974725,-63.70894306434862,-323.4043518771189,24.651992698108867,-51.58237881854358,323.37168411421806,189.46806458553576,75.87985894904162
