V1,V2,V3,V4,V5,V6,V7,V8,V9,V10,V11,V12,V13,V14,V15,V16,V17,V18,V19,V20,V21,V22,V23,V24,V25,V26,V27,V28,V29,V30,V31,V32,V33,V34,V35,V36,V37,V38,V39,V40,V41,V42,V43,V44
1.0394883201810894,-0.070894520495202007,-1.149737818513538,2.2228879070932486,-0.5223405728749198,1.3125770082507637,-2.9542848290761303,-0.06283766847723415,-0.18188609574760647,-1.1346919916683813,0.2567322600484194,2.4053268424854646,0.7523694294472076,-0.8079994574355105,1.0515577610195963,1.7546894333851233,0.8023584437800886,-0.2540328449599173,-0.8116109015254732,-1.1784659990957365,-0.29006243169422025,-0.536400900271021,-0.6219555899763815,0.9929489173749122,3.552810082485964,2.8716063429309155,-1.8231208318004117,0.6340386565690616,0.5314134935045396,0.15855237533841132,1.7266535748575678,-1.6698807226678667,0.3821631596784019,-0.22334834544360568,0.36949981452877245,-1.1148866643442248,-0.5627726279565987,-1.6125708873450668,-0.6567859858375319,1.5500283706152929,-0.9886266761947512,1.8306008912511706,-1.4889125118799291,-1.1143383506961668
-0.070894520495202007,2.481680442788606,2.5596879184214067,-12.836399761866916,6.0153351076182116,-3.943131830931141,17.596810980445007,0.767725267373411,-0.8300097554912981,6.753368564281052,-2.5692963419988666,-8.583573514761524,-8.544247733004344,4.526946253511621,-6.035473345458902,-8.206378326730663,-4.450315729692629,-2.4783947644699866,0.26679017572488783,2.5905171727467793,3.4985698772920313,1.3738513410058193,7.877072260912601,-6.250787965948921,-23.91019761848757,-16.05597036062127,10.135814191819694,-3.7898346346738236,-4.202159650541869,0.45578825366391124,-8.706868582298226,9.33396140384123,-0.5900928936208173,-4.5849190565128195,-2.8761510844674554,3.902091058183333,-2.0569017090268926,9.280667030341553,-1.6911441674285843,-9.805244327040148,5.088435355040117,-5.3588214957850395,13.441956104514835,8.098462467386245
-1.149737818513538,2.5596879184214067,4.5037288716547765,-16.182044752194944,7.154754508627715,-5.218266863659245,21.70123656373225,0.9181216221922308,-0.8214570976563991,7.90299964842296,-2.9097404414674064,-11.72086737287038,-9.761624336653496,5.622035683621113,-7.974231944912038,-10.524989408778973,-5.480964676561408,-2.0621639021245564,1.241845500697924,4.384232731514771,3.9500369877744483,2.3929661112969254,8.665274861053613,-7.321318802389935,-29.05184060762016,-20.175991577329334,13.168847444405989,-4.895759643972101,-4.830321166857107,0.36244484221052153,-10.401786590184377,11.778592211790626,-1.452393032997132,-4.4018089790055885,-3.5466227936220256,5.242718507822432,-1.533724669286261,11.305399253445865,-1.2817014440534626,-11.869575341640507,6.214741645461944,-7.409563182273514,15.670189805053711,9.991520103236725
2.2228879070932486,-12.836399761866916,-16.182044752194944,71.93976870963387,-32.92252995305872,22.949919746020708,-97.92888187528712,-4.263115260531616,4.225117056748995,-37.29620616788119,13.958828430253922,49.69071321085633,46.20851809850617,-25.360103291640524,34.2383141320169,46.52069715807222,24.91372221088245,12.359678268208256,-2.908755980403754,-16.132800500244404,-18.952239103931298,-8.666374332922151,-42.410899113334615,34.12856133842396,132.31980760106097,89.99208735441371,-57.30694080764808,21.47968681168093,22.7803593842559,-2.065788270621925,48.26903268384941,-52.40009821363145,4.2411157561507,23.469950367950126,15.769022785490968,-22.63197174884947,9.763061981094074,-51.51283979078806,7.901730432569273,54.24790421619731,-28.483594520935842,31.42742225869888,-73.2337185023415,-44.983421576206005
-0.5223405728749198,6.0153351076182116,7.154754508627715,-32.92252995305872,15.368786406182162,-10.096713016067069,44.76619233721347,2.0003189444060396,-2.097753860657777,16.94561646391455,-6.446273439431296,-22.281159628494137,-21.444719184364022,11.572743266046182,-15.737551540028825,-21.073940116779553,-11.329639340489432,-5.92094914555591,0.9791301404329671,7.11049182701792,8.82712124489625,3.9191277557987783,19.693888642057694,-15.525922681212604,-60.75556614184414,-41.12594897312389,26.27258042288923,-9.888216177396878,-10.460892948660641,1.0730558548233604,-21.778053185280054,23.94938939687428,-1.8876936543532108,-11.143021675503828,-7.289095725748864,10.091640785314203,-4.912977038466207,23.501178307495252,-4.141924511984978,-24.831116965881698,12.920467725654586,-13.863231944922907,33.84718162984316,20.789602200890762
1.3125770082507637,-3.943131830931141,-5.218266863659245,22.949919746020708,-10.096713016067069,8.280121269634584,-31.531387061100343,-1.3327823604647573,1.0724554006643179,-12.524925456277346,4.563559103450848,16.599510789089816,14.556507133770669,-8.23327657375922,10.672585014624955,15.370385662832351,8.205927051195797,3.8409739074537197,-1.1315558767747067,-5.142472202024341,-5.827036318352143,-2.6216985308317864,-13.63717182041112,11.220583646195628,42.09033477866266,28.94505208693665,-18.040198031007204,6.831919790606949,7.3427576066688065,-0.3338158028425414,16.36385682212166,-16.92407631143733,1.1483127299152416,7.132540785603421,4.7649744486029295,-7.845604118601882,2.4819338665991793,-16.723782529803575,1.693485738630493,17.511286342829425,-9.40257770734059,10.888810932127589,-23.1201077039944,-13.963272943316658
-2.9542848290761303,17.596810980445007,21.70123656373225,-97.92888187528712,44.76619233721347,-31.531387061100343,133.633900466427,5.792005026855663,-5.737984816570133,51.10420815391181,-19.201151451195994,-67.71358390965709,-63.06731985525131,34.57289829978888,-46.455331099496874,-63.4793248711106,-34.051813602494235,-17.068370992667273,3.7855340357812115,21.66148026648006,25.799626551595377,11.508546349314157,58.04071688234942,-46.747477240880116,-180.44100897166095,-122.60564917374788,77.84984068434797,-29.139286725056277,-31.21247943006851,2.7845466169708253,-66.19085815647426,71.38100887873642,-5.491524441876738,-32.193562365928855,-21.3992503965793,30.963628004939913,-13.337092026566566,70.32932757612747,-10.688928188994188,-74.09631411443048,38.94438332511648,-42.95923478700375,99.97901466921509,61.19941857469039
-0.06283766847723415,0.767725267373411,0.9181216221922308,-4.263115260531616,2.0003189444060396,-1.3327823604647573,5.792005026855663,0.2779638374338838,-0.2599796054403377,2.201849091018912,-0.8596910069036853,-2.9100229704136,-2.7724890395923714,1.490758561300334,-2.0488694603179054,-2.7435732059920355,-1.4709558728080865,-0.7797303045339921,0.08787736741961756,0.8926726976426664,1.13702914995076,0.5046032688552697,2.587212452089788,-1.9677164782238603,-7.8396609806959,-5.339901498658843,3.398009820732731,-1.3150640105596536,-1.346477885898402,0.114559894670306,-2.814619221664983,3.119593088547278,-0.23626547171921677,-1.4194737554223442,-0.9097821002469624,1.3207062989816523,-0.6313082944285037,3.0355383450156905,-0.5374587565888169,-3.2179023745969575,1.6723346303197637,-1.8004243528207433,4.373031443184312,2.710746884661515
-0.18188609574760647,-0.8300097554912981,-0.8214570976563991,4.225117056748995,-2.097753860657777,1.0724554006643179,-5.737984816570133,-0.2599796054403377,0.4035913383381533,-2.0762671022195045,0.855094810039156,2.591499671027118,2.868459716872804,-1.4747923177447582,2.070011548969915,2.591578389217927,1.43884586169692,0.880886006420101,0.004357022126665311,-0.8156131110062178,-1.2105046319512487,-0.47033338292032506,-2.577839478510542,1.9613676649704987,7.956214759787681,5.218099502328073,-3.4429236165505865,1.228029875272107,1.370141725452417,-0.24348511485975957,2.5992968389743174,-3.0229574107311805,0.2176258326806273,1.6701746272905287,1.0007929273071245,-1.1619344443851463,0.8706717234277379,-2.9550078854818316,0.8123434794989954,3.173326515914863,-1.6172338113338502,1.5344371549978728,-4.517607676218794,-2.7706124361215827
-1.1346919916683813,6.753368564281052,7.90299964842296,-37.29620616788119,16.94561646391455,-12.524925456277346,51.10420815391181,2.201849091018912,-2.0762671022195045,20.241915951328703,-7.338598002452683,-25.861934624689546,-24.360941539856366,13.34738561372022,-17.32487935175504,-24.46316845833502,-13.181108327155808,-6.800872041250175,1.289473363496503,7.851255726670799,9.88852897408141,4.141071138738364,22.71951660383429,-18.298381317390067,-68.88093740862736,-46.83396650247672,29.26562235951907,-11.122597293287864,-12.012921593172617,0.8633285002214883,-26.15306047200436,27.34292498181817,-1.767047619754719,-12.582178816983221,-8.023295586486693,12.100121749056697,-5.012753718350914,27.116974541321106,-3.7614153972392574,-28.446401062155626,15.08362816674657,-16.62271276111094,38.29213321218208,22.930499907090553
0.2567322600484194,-2.5692963419988666,-2.9097404414674064,13.958828430253922,-6.446273439431296,4.563559103450848,-19.201151451195994,-0.8596910069036853,0.855094810039156,-7.338598002452683,2.938916312056265,9.641471334211442,9.083038875794319,-4.909414021925976,6.645664891346159,9.093023891692988,4.91203671014668,2.599565226089387,-0.2948048870689675,-2.853919236738659,-3.659704174943438,-1.4867212239106624,-8.47127269962834,6.652510458615905,25.85981435229975,17.52987299037008,-11.080481209800167,4.164988903472763,4.544417282164987,-0.38684341042644305,9.491941548727638,-10.22233679559042,0.6433986188284931,4.721819090151475,2.9719926235584944,-4.451988815069592,2.007713976803442,-10.04496860312134,1.6371684589548783,10.67291388948442,-5.581058202305486,6.093751043638136,-14.43575218328014,-8.833536114640626
2.4053268424854646,-8.583573514761524,-11.72086737287038,49.69071321085633,-22.281159628494137,16.599510789089816,-67.71358390965709,-2.9100229704136,2.591499671027118,-25.861934624689546,9.641471334211442,35.318251835582075,31.324693334095038,-17.51581518611369,23.659377277177125,32.55330081222364,17.283206921183112,8.005388493488152,-2.512216235721439,-11.610433496577032,-12.694845956534888,-6.104431810466901,-28.80007210828729,23.570507636110875,90.85986708824497,62.30778822720132,-39.56103893625631,14.868719918774094,15.6333706593917,-1.1244954740821027,33.743502188608005,-36.3203508773085,3.0888545233447373,15.320404471591617,10.679161052862083,-16.172585964348464,5.832591602236405,-35.63640722648833,4.512098047821273,37.48591458844905,-19.774446033318718,22.60752139976504,-49.893465572462574,-30.78641574375219
0.7523694294472076,-8.544247733004344,-9.761624336653496,46.20851809850617,-21.444719184364022,14.556507133770669,-63.06731985525131,-2.7724890395923714,2.868459716872804,-24.360941539856366,9.083038875794319,31.324693334095038,30.385958189997396,-16.366990822355667,21.795597658721768,29.786283834582772,16.078173772086352,8.525059199556532,-1.2876940056473094,-9.686607511701915,-12.413441401598314,-5.2659512973575575,-28.050605798962515,22.270252541939552,85.46924442884827,57.82168028183013,-36.56728243706955,13.818558733821302,14.84320448209012,-1.3942767640597038,31.35266488819589,-33.71945214645257,2.380027019559015,15.929251512076362,10.181256579678386,-14.381990908326225,6.851444820879676,-33.26284977435672,5.5644738548795,35.04258036844123,-18.32405200153841,19.677387107447448,-47.7417951240016,-28.8703104608202
-0.8079994574355105,4.526946253511621,5.622035683621113,-25.360103291640524,11.572743266046182,-8.23327657375922,34.57289829978888,1.490758561300334,-1.4747923177447582,13.34738561372022,-4.909414021925976,-17.51581518611369,-16.366990822355667,9.017398587614352,-11.964247548114027,-16.4766328245178,-8.850559202392555,-4.42645496628299,1.0269906509964755,5.618053413092244,6.718526620396625,3.019293313167925,15.082479586635129,-12.166046627107415,-46.733804277871606,-31.764012436162822,20.139494843102156,-7.544084233973676,-8.065337085571857,0.6980229175809277,-17.252545599951162,18.508813273110068,-1.4031129603228598,-8.365160061647329,-5.5423818236513895,8.064871318926071,-3.431987732420091,18.25210160844658,-2.7192259110806205,-19.16910450516365,10.133693962208655,-11.154659460802446,25.87798938030983,15.762117692170753
1.0515577610195963,-6.035473345458902,-7.974231944912038,34.2383141320169,-15.737551540028825,10.672585014624955,-46.455331099496874,-2.0488694603179054,2.070011548969915,-17.32487935175504,6.645664891346159,23.659377277177125,21.795597658721768,-11.964247548114027,16.542149391192023,22.021733402904275,11.748549260217576,5.68675712494086,-1.4219250417820266,-7.883829164133957,-8.930328767907271,-4.284058813877115,-19.85956410552627,15.918916068824048,62.765254547328745,42.757488235798704,-27.492492112426717,10.27621888575981,10.734403888409341,-1.0356869256197727,22.43501663169207,-24.89612423657726,2.2344795913015614,10.941605548539371,7.528929178677127,-10.660821358091956,4.616627417625144,-24.286434581031113,3.89074904202289,25.663952632688815,-13.377937069249246,14.810570704870658,-34.666010677522465,-21.579033720400574
1.7546894333851233,-8.206378326730663,-10.524989408778973,46.52069715807222,-21.073940116779553,15.370385662832351,-63.4793248711106,-2.7435732059920355,2.591578389217927,-24.46316845833502,9.093023891692988,32.55330081222364,29.786283834582772,-16.4766328245178,22.021733402904275,30.389553268016133,16.256152697863044,7.927518588856609,-1.973558512784943,-10.421297372900543,-12.106684893667014,-5.525666064663163,-27.480397462311355,22.25660413037597,85.46106711079149,58.31553962865211,-36.92846515256318,13.892624255039726,14.764026273971236,-1.1438638534638788,31.741735999877786,-34.01039018622132,2.6466038947339583,14.987581406101059,10.04681155734567,-15.003141445939175,5.941755858841552,-33.450697449836014,4.640375690595219,35.18823821322392,-18.569753306361722,20.78735469119927,-47.20573353194698,-28.8471348649157
0.8023584437800886,-4.450315729692629,-5.480964676561408,24.91372221088245,-11.329639340489432,8.205927051195797,-34.051813602494235,-1.4709558728080865,1.43884586169692,-13.181108327155808,4.91203671014668,17.283206921183112,16.078173772086352,-8.850559202392555,11.748549260217576,16.256152697863044,8.749258709995253,4.385612868225495,-0.9475534556636708,-5.441426419310347,-6.555534170417338,-2.8835149502969326,-14.864180012903864,11.978105450409194,45.926949756768785,31.23391441980502,-19.747611320997972,7.406494617971109,7.964602765272414,-0.6479050424454222,17.06336155193263,-18.213573054561856,1.3180678798919498,8.221188579663059,5.387594400614462,-7.996951773029498,3.339289246757291,-17.950329727771873,2.6119509965284227,18.877935803310844,-9.989804412617765,11.04941174065532,-25.450647939078124,-15.477312656846784
-0.2540328449599173,-2.4783947644699866,-2.0621639021245564,12.359678268208256,-5.92094914555591,3.8409739074537197,-17.068370992667273,-0.7797303045339921,0.880886006420101,-6.800872041250175,2.599565226089387,8.005388493488152,8.525059199556532,-4.42645496628299,5.68675712494086,7.927518588856609,4.385612868225495,2.758973508467946,0.06828959362733172,-2.0896289206179532,-3.5219121583607547,-1.1243196781802016,-8.064402817293807,6.134565319601798,23.321418671017756,15.500288344120417,-9.637580942178973,3.6618732178786395,4.148731307307695,-0.44269339179977446,8.61389205814556,-9.023713045461873,0.31637231922541276,4.841183756814065,2.710222008392852,-3.7517357794720967,2.2838374594132302,-9.044384638725447,1.8527317274917077,9.576214768109788,-5.018230453938105,5.017557501421698,-13.287581949457985,-7.833692675763127
-0.8116109015254732,0.26679017572488783,1.241845500697924,-2.908755980403754,0.9791301404329671,-1.1315558767747067,3.7855340357812115,0.08787736741961756,0.004357022126665311,1.289473363496503,-0.2948048870689675,-2.512216235721439,-1.2876940056473094,1.0269906509964755,-1.4219250417820266,-1.973558512784943,-0.9475534556636708,0.06828959362733172,0.8245654098739349,1.3522879042125617,0.605776240694306,0.6596081022530927,0.965318858615979,-1.2823756774239903,-4.96227339675176,-3.608007196342993,2.4576243648238973,-0.773668059108176,-0.7352312103479363,0.036015130463048245,-1.8582726207181468,2.040172284845263,-0.48088280775623743,-0.2354734070278175,-0.6779610139728725,1.0643140496177501,0.17808579075859604,2.0253148543601367,0.24647298630042339,-2.0042775541029507,1.1796448991330022,-1.7941261181268513,2.3215110196549147,1.6583008401105468
-1.1784659990957365,2.5905171727467793,4.384232731514771,-16.132800500244404,7.11049182701792,-5.142472202024341,21.66148026648006,0.8926726976426664,-0.8156131110062178,7.851255726670799,-2.853919236738659,-11.610433496577032,-9.686607511701915,5.618053413092244,-7.883829164133957,-10.421297372900543,-5.441426419310347,-2.0896289206179532,1.3522879042125617,4.437040370753719,4.0491643485029165,2.3742940602350555,8.583102659905707,-7.32287677358594,-29.145395696494802,-20.104036297566005,13.14043581058703,-4.7792102411713495,-4.8465128520032,0.45311420116245693,-10.341824271991621,11.653054193877445,-1.4060370642514048,-4.419893051206043,-3.598862871142343,5.122840930127243,-1.6328585768025163,11.336530820873008,-1.3421018698175127,-11.863723741785188,6.2787881805756935,-7.412678824265948,15.683673001638683,10.055664910170066
-0.29006243169422025,3.4985698772920313,3.9500369877744483,-18.952239103931298,8.82712124489625,-5.827036318352143,25.799626551595377,1.13702914995076,-1.2105046319512487,9.88852897408141,-3.659704174943438,-12.694845956534888,-12.413441401598314,6.718526620396625,-8.930328767907271,-12.106684893667014,-6.555534170417338,-3.5219121583607547,0.605776240694306,4.0491643485029165,5.227443177700019,2.2197268797948837,11.447773050392186,-9.026666245153228,-35.17380665803116,-23.68609059903923,15.067971374926058,-5.620984745303692,-6.060348291138523,0.6642704454128914,-12.667245033640883,13.747601441441311,-0.980944949302705,-6.554136920908514,-4.225148760613921,5.753529252830326,-2.9639580540113326,13.63033937706549,-2.4404686377936624,-14.320417050655287,7.5578196081039195,-7.995630317646161,19.607816750247988,11.977468974126628
-0.536400900271021,1.3738513410058193,2.3929661112969254,-8.666374332922151,3.9191277557987783,-2.6216985308317864,11.508546349314157,0.5046032688552697,-0.47033338292032506,4.141071138738364,-1.4867212239106624,-6.104431810466901,-5.2659512973575575,3.019293313167925,-4.284058813877115,-5.525666064663163,-2.8835149502969326,-1.1243196781802016,0.6596081022530927,2.3742940602350555,2.2197268797948837,1.3764880229082972,4.664396617477444,-3.814458662168206,-15.58387782140992,-10.783435780156093,7.107429874157126,-2.651352965436377,-2.5413118421252956,0.24875966524153467,-5.379229046101025,6.282503353485077,-0.8123534156884907,-2.396520002092452,-1.941231285394258,2.6721715985472483,-0.9626583468262602,6.017804898935464,-0.8645350102926885,-6.279760155444717,3.302133243510005,-3.7930939077445838,8.422778301099354,5.436736176422288
-0.6219555899763815,7.877072260912601,8.665274861053613,-42.410899113334615,19.693888642057694,-13.63717182041112,58.04071688234942,2.587212452089788,-2.577839478510542,22.71951660383429,-8.47127269962834,-28.80007210828729,-28.050605798962515,15.082479586635129,-19.85956410552627,-27.480397462311355,-14.864180012903864,-8.064402817293807,0.965318858615979,8.583102659905707,11.447773050392186,4.664396617477444,26.17165731760944,-20.550872224591824,-78.58312326064774,-53.19017907184838,33.39096575940897,-12.747041715717865,-13.706502699633274,1.170976287761697,-29.16751363130639,31.047614893024257,-1.9571300709340467,-14.76588102659214,-9.202716811270037,13.339809784731585,-6.334578401870737,30.69148388484693,-5.060446344680282,-32.32319173222975,16.96710631322092,-18.170321805480057,43.990801854724324,26.472651926170787
0.9929489173749122,-6.250787965948921,-7.321318802389935,34.12856133842396,-15.525922681212604,11.220583646195628,-46.747477240880116,-1.9677164782238603,1.9613676649704987,-18.298381317390067,6.652510458615905,23.570507636110875,22.270252541939552,-12.166046627107415,15.918916068824048,22.25660413037597,11.978105450409194,6.134565319601798,-1.2823756774239903,-7.32287677358594,-9.026666245153228,-3.814458662168206,-20.550872224591824,16.796441695851144,63.079719121622475,42.76542801673768,-26.862464505373314,10.070462046835305,11.01375031340845,-0.9183521628818382,23.72972100645666,-24.922460976990614,1.7151917701918056,11.557587741672807,7.495131564801442,-10.936133266298327,4.633456535810708,-24.758210928981516,3.5351232359678244,26.00837791508427,-13.701496762487109,15.084502405494986,-35.06225868327822,-21.00964479982768
3.552810082485964,-23.91019761848757,-29.05184060762016,132.31980760106097,-60.75556614184414,42.09033477866266,-180.44100897166095,-7.8396609806959,7.956214759787681,-68.88093740862736,25.85981435229975,90.85986708824497,85.46924442884827,-46.733804277871606,62.765254547328745,85.46106711079149,45.926949756768785,23.321418671017756,-4.96227339675176,-29.145395696494802,-35.17380665803116,-15.58387782140992,-78.58312326064774,63.079719121622475,244.18782127736725,165.55966485562828,-105.30835130402228,39.30053713781629,42.194609915187435,-4.007401848017694,89.03262995250635,-96.31725226844688,7.359332415323498,43.964032206821834,29.092026985627303,-41.446081261795875,18.594494987206833,-94.98062365448689,15.06836408570602,100.05620006727129,-52.5943292128019,57.507172613011356,-135.45399635137116,-82.93836943377521
2.8716063429309155,-16.05597036062127,-20.175991577329334,89.99208735441371,-41.12594897312389,28.94505208693665,-122.60564917374788,-5.339901498658843,5.218099502328073,-46.83396650247672,17.52987299037008,62.30778822720132,57.82168028183013,-31.764012436162822,42.757488235798704,58.31553962865211,31.23391441980502,15.500288344120417,-3.608007196342993,-20.104036297566005,-23.68609059903923,-10.783435780156093,-53.19017907184838,42.76542801673768,165.55966485562828,112.66727192789837,-71.61976218534623,26.882019659353624,28.545475762220658,-2.5044870305362488,60.63414974913426,-65.62574641491284,5.202218255130146,29.32132879952636,19.644125015997215,-28.449704322056366,12.122211094205204,-64.53758546580298,9.754858361330292,67.93816356661559,-35.72137482223223,39.47821839227565,-91.63903729919865,-56.2275184513121
-1.8231208318004117,10.135814191819694,13.168847444405989,-57.30694080764808,26.27258042288923,-18.040198031007204,77.84984068434797,3.398009820732731,-3.4429236165505865,29.26562235951907,-11.080481209800167,-39.56103893625631,-36.56728243706955,20.139494843102156,-27.492492112426717,-36.92846515256318,-19.747611320997972,-9.637580942178973,2.4576243648238973,13.14043581058703,15.067971374926058,7.107429874157126,33.39096575940897,-26.862464505373314,-105.30835130402228,-71.61976218534623,45.94108742771897,-17.086477343709326,-18.043879023351927,1.7479166060746059,-37.88093665940309,41.66981298060405,-3.5710121269891086,-18.47085402580983,-12.621876448124025,17.907937421544496,-7.773618236526999,40.82725577112178,-6.457946629541486,-43.047419083928325,22.57679902250597,-24.921496177817225,58.16354721497728,36.03702675565205
0.6340386565690616,-3.7898346346738236,-4.895759643972101,21.47968681168093,-9.888216177396878,6.831919790606949,-29.139286725056277,-1.3150640105596536,1.228029875272107,-11.122597293287864,4.164988903472763,14.868719918774094,13.818558733821302,-7.544084233973676,10.27621888575981,13.892624255039726,7.406494617971109,3.6618732178786395,-0.773668059108176,-4.7792102411713495,-5.620984745303692,-2.651352965436377,-12.747041715717865,10.070462046835305,39.30053713781629,26.882019659353624,-17.086477343709326,6.567460184936987,6.72692509765858,-0.533643512300854,14.343545170801676,-15.709233697197615,1.335499031337936,6.918131091253376,4.643884552048423,-6.766253374002273,2.868437364371543,-15.319643082186515,2.3505123201485962,16.141041180411186,-8.421016977874261,9.307091609119087,-21.77541698678172,-13.415459479367511
0.5314134935045396,-4.202159650541869,-4.830321166857107,22.7803593842559,-10.460892948660641,7.3427576066688065,-31.21247943006851,-1.346477885898402,1.370141725452417,-12.012921593172617,4.544417282164987,15.6333706593917,14.84320448209012,-8.065337085571857,10.734403888409341,14.764026273971236,7.964602765272414,4.148731307307695,-0.7352312103479363,-4.8465128520032,-6.060348291138523,-2.5413118421252956,-13.706502699633274,11.01375031340845,42.194609915187435,28.545475762220658,-18.043879023351927,6.72692509765858,7.3697137580440675,-0.6834895996963086,15.553759745253641,-16.612673755907956,1.131259307347217,7.729077145322097,4.992179470131781,-7.1825560671502435,3.2581595226225817,-16.44754698521884,2.6013517209513353,17.3427958667961,-9.111247570537037,9.925822346120833,-23.49616067561576,-14.257539375297197
0.15855237533841132,0.45578825366391124,0.36244484221052153,-2.065788270621925,1.0730558548233604,-0.3338158028425414,2.7845466169708253,0.114559894670306,-0.24348511485975957,0.8633285002214883,-0.38684341042644305,-1.1244954740821027,-1.3942767640597038,0.6980229175809277,-1.0356869256197727,-1.1438638534638788,-0.6479050424454222,-0.44269339179977446,0.036015130463048245,0.45311420116245693,0.6642704454128914,0.24875966524153467,1.170976287761697,-0.9183521628818382,-4.007401848017694,-2.5044870305362488,1.7479166060746059,-0.533643512300854,-0.6834895996963086,0.23299342071401521,-1.0795685123211525,1.3947540470415867,-0.1262853019753331,-0.8772829473894362,-0.57548862085674,0.4129326718779388,-0.5697286503224575,1.4211513235732331,-0.5628182825195428,-1.531367993808612,0.7712568426145713,-0.628960668351191,2.2775320674827912,1.471969421306269
1.7266535748575678,-8.706868582298226,-10.401786590184377,48.26903268384941,-21.778053185280054,16.36385682212166,-66.19085815647426,-2.814619221664983,2.5992968389743174,-26.15306047200436,9.491941548727638,33.743502188608005,31.35266488819589,-17.252545599951162,22.43501663169207,31.741735999877786,17.06336155193263,8.61389205814556,-1.8582726207181468,-10.341824271991621,-12.667245033640883,-5.379229046101025,-29.16751363130639,23.72972100645666,89.03262995250635,60.63414974913426,-37.88093665940309,14.343545170801676,15.553759745253641,-1.0795685123211525,33.939369155041305,-35.392612204297876,2.3481528803214884,16.037203269059052,10.379390978921569,-15.76680457439474,6.237478686426815,-35.111147996222655,4.608802986898407,36.822062905184424,-19.525698039632683,21.758269961902116,-49.391857712422905,-29.604789899820638
-1.6698807226678667,9.33396140384123,11.778592211790626,-52.40009821363145,23.94938939687428,-16.92407631143733,71.38100887873642,3.119593088547278,-3.0229574107311805,27.34292498181817,-10.22233679559042,-36.3203508773085,-33.71945214645257,18.508813273110068,-24.89612423657726,-34.01039018622132,-18.213573054561856,-9.023713045461873,2.040172284845263,11.653054193877445,13.747601441441311,6.282503353485077,31.047614893024257,-24.922460976990614,-96.31725226844688,-65.62574641491284,41.66981298060405,-15.709233697197615,-16.612673755907956,1.3947540470415867,-35.392612204297876,38.277562072518336,-3.0266770013984443,-17.069677351188066,-11.399271809934072,16.637087242769095,-7.0007303905712295,37.57535424885106,-5.625293074124483,-39.55046380863637,20.778408976876328,-22.99005449680303,53.3443066164939,32.66378394308154
0.3821631596784019,-0.5900928936208173,-1.452393032997132,4.2411157561507,-1.8876936543532108,1.1483127299152416,-5.491524441876738,-0.23626547171921677,0.2176258326806273,-1.767047619754719,0.6433986188284931,3.0888545233447373,2.380027019559015,-1.4031129603228598,2.2344795913015614,2.6466038947339583,1.3180678798919498,0.31637231922541276,-0.48088280775623743,-1.4060370642514048,-0.980944949302705,-0.8123534156884907,-1.9571300709340467,1.7151917701918056,7.359332415323498,5.202218255130146,-3.5710121269891086,1.335499031337936,1.131259307347217,-0.1262853019753331,2.3481528803214884,-3.0266770013984443,0.6184671453742643,0.9180565939434787,0.9871420069982987,-1.2644197443825296,0.31578894797743245,-2.8010966384131177,0.3378092940842069,2.9500834488088157,-1.4798998463095543,1.8553773056635217,-3.859857283479317,-2.6581015632305514
-0.22334834544360568,-4.5849190565128195,-4.4018089790055885,23.469950367950126,-11.143021675503828,7.132540785603421,-32.193562365928855,-1.4194737554223442,1.6701746272905287,-12.582178816983221,4.721819090151475,15.320404471591617,15.929251512076362,-8.365160061647329,10.941605548539371,14.987581406101059,8.221188579663059,4.841183756814065,-0.2354734070278175,-4.419893051206043,-6.554136920908514,-2.396520002092452,-14.76588102659214,11.557587741672807,43.964032206821834,29.32132879952636,-18.47085402580983,6.918131091253376,7.729077145322097,-0.8772829473894362,16.037203269059052,-17.069677351188066,0.9180565939434787,8.867031547311536,5.273121301216646,-7.096632258717003,4.070814255143391,-17.00141182385029,3.3477450890557248,17.970524883906613,-9.366346399081436,9.55823993890362,-24.864717690636297,-14.758460387644583
0.36949981452877245,-2.8761510844674554,-3.5466227936220256,15.769022785490968,-7.289095725748864,4.7649744486029295,-21.3992503965793,-0.9097821002469624,1.0007929273071245,-8.023295586486693,2.9719926235584944,10.679161052862083,10.181256579678386,-5.5423818236513895,7.528929178677127,10.04681155734567,5.387594400614462,2.710222008392852,-0.6779610139728725,-3.598862871142343,-4.225148760613921,-1.941231285394258,-9.202716811270037,7.495131564801442,29.092026985627303,19.644125015997215,-12.621876448124025,4.643884552048423,4.992179470131781,-0.57548862085674,10.379390978921569,-11.399271809934072,0.9871420069982987,5.273121301216646,3.5902845781871973,-4.78646204009119,2.293704805990114,-11.250115648959621,1.9164946411508177,11.84711506367153,-6.175093606558918,6.6844161535200515,-16.128582885454144,-9.907537511215583
-1.1148866643442248,3.902091058183333,5.242718507822432,-22.63197174884947,10.091640785314203,-7.845604118601882,30.963628004939913,1.3207062989816523,-1.1619344443851463,12.100121749056697,-4.451988815069592,-16.172585964348464,-14.381990908326225,8.064871318926071,-10.660821358091956,-15.003141445939175,-7.996951773029498,-3.7517357794720967,1.0643140496177501,5.122840930127243,5.753529252830326,2.6721715985472483,13.339809784731585,-10.936133266298327,-41.446081261795875,-28.449704322056366,17.907937421544496,-6.766253374002273,-7.1825560671502435,0.4129326718779388,-15.76680457439474,16.637087242769095,-1.2644197443825296,-7.096632258717003,-4.78646204009119,7.577891573325953,-2.5722240429309604,16.34505449490024,-1.8972244674674146,-17.172515012927832,9.115058563430239,-10.451144814678354,22.799106108708685,13.850208990901402
-0.5627726279565987,-2.0569017090268926,-1.533724669286261,9.763061981094074,-4.912977038466207,2.4819338665991793,-13.337092026566566,-0.6313082944285037,0.8706717234277379,-5.012753718350914,2.007713976803442,5.832591602236405,6.851444820879676,-3.431987732420091,4.616627417625144,5.941755858841552,3.339289246757291,2.2838374594132302,0.17808579075859604,-1.6328585768025163,-2.9639580540113326,-0.9626583468262602,-6.334578401870737,4.633456535810708,18.594494987206833,12.122211094205204,-7.773618236526999,2.868437364371543,3.2581595226225817,-0.5697286503224575,6.237478686426815,-7.0007303905712295,0.31578894797743245,4.070814255143391,2.293704805990114,-2.5722240429309604,2.2494460196869386,-6.9937475461248955,2.0121687464965023,7.440107571267631,-3.8315335082844153,3.4584859015210916,-10.704028300402646,-6.471472637913548
-1.6125708873450668,9.280667030341553,11.305399253445865,-51.51283979078806,23.501178307495252,-16.723782529803575,70.32932757612747,3.0355383450156905,-2.9550078854818316,27.116974541321106,-10.04496860312134,-35.63640722648833,-33.26284977435672,18.25210160844658,-24.286434581031113,-33.450697449836014,-17.950329727771873,-9.044384638725447,2.0253148543601367,11.336530820873008,13.63033937706549,6.017804898935464,30.69148388484693,-24.758210928981516,-94.98062365448689,-64.53758546580298,40.82725577112178,-15.319643082186515,-16.44754698521884,1.4211513235732331,-35.111147996222655,37.57535424885106,-2.8010966384131177,-17.00141182385029,-11.250115648959621,16.34505449490024,-6.9937475461248955,37.12912241920472,-5.515329309969794,-39.038449236497854,20.57863649431487,-22.688831429034384,52.64199891280686,32.07610756494994
-0.6567859858375319,-1.6911441674285843,-1.2817014440534626,7.901730432569273,-4.141924511984978,1.693485738630493,-10.688928188994188,-0.5374587565888169,0.8123434794989954,-3.7614153972392574,1.6371684589548783,4.512098047821273,5.5644738548795,-2.7192259110806205,3.89074904202289,4.640375690595219,2.6119509965284227,1.8527317274917077,0.24647298630042339,-1.3421018698175127,-2.4404686377936624,-0.8645350102926885,-5.060446344680282,3.5351232359678244,15.06836408570602,9.754858361330292,-6.457946629541486,2.3505123201485962,2.6013517209513353,-0.5628182825195428,4.608802986898407,-5.625293074124483,0.3378092940842069,3.3477450890557248,1.9164946411508177,-1.8972244674674146,2.0121687464965023,-5.515329309969794,1.9519175935402682,5.936261348813481,-2.972506328378549,2.493139903056971,-8.725159760543251,-5.43589989080804
1.5500283706152929,-9.805244327040148,-11.869575341640507,54.24790421619731,-24.831116965881698,17.511286342829425,-74.09631411443048,-3.2179023745969575,3.173326515914863,-28.446401062155626,10.67291388948442,37.48591458844905,35.04258036844123,-19.16910450516365,25.663952632688815,35.18823821322392,18.877935803310844,9.576214768109788,-2.0042775541029507,-11.863723741785188,-14.320417050655287,-6.279760155444717,-32.32319173222975,26.00837791508427,100.05620006727129,67.93816356661559,-43.047419083928325,16.141041180411186,17.3427958667961,-1.531367993808612,36.822062905184424,-39.55046380863637,2.9500834488088157,17.970524883906613,11.84711506367153,-17.172515012927832,7.440107571267631,-39.038449236497854,5.936261348813481,41.15377716771285,-21.611345048764246,23.786885671376325,-55.49870899761726,-33.879252444903905
-0.9886266761947512,5.088435355040117,6.214741645461944,-28.483594520935842,12.920467725654586,-9.40257770734059,38.94438332511648,1.6723346303197637,-1.6172338113338502,15.08362816674657,-5.581058202305486,-19.774446033318718,-18.32405200153841,10.133693962208655,-13.377937069249246,-18.569753306361722,-9.989804412617765,-5.018230453938105,1.1796448991330022,6.2787881805756935,7.5578196081039195,3.302133243510005,16.96710631322092,-13.701496762487109,-52.5943292128019,-35.72137482223223,22.57679902250597,-8.421016977874261,-9.111247570537037,0.7712568426145713,-19.525698039632683,20.778408976876328,-1.4798998463095543,-9.366346399081436,-6.175093606558918,9.115058563430239,-3.8315335082844153,20.57863649431487,-2.972506328378549,-21.611345048764246,11.49239958239635,-12.70519941909157,29.093694985697706,17.74056531613619
1.8306008912511706,-5.3588214957850395,-7.409563182273514,31.42742225869888,-13.863231944922907,10.888810932127589,-42.95923478700375,-1.8004243528207433,1.5344371549978728,-16.62271276111094,6.093751043638136,22.60752139976504,19.677387107447448,-11.154659460802446,14.810570704870658,20.78735469119927,11.04941174065532,5.017557501421698,-1.7941261181268513,-7.412678824265948,-7.995630317646161,-3.7930939077445838,-18.170321805480057,15.084502405494986,57.507172613011356,39.47821839227565,-24.921496177817225,9.307091609119087,9.925822346120833,-0.628960668351191,21.758269961902116,-22.99005449680303,1.8553773056635217,9.55823993890362,6.6844161535200515,-10.451144814678354,3.4584859015210916,-22.688831429034384,2.493139903056971,23.786885671376325,-12.70519941909157,14.725252777587752,-31.4519195058128,-19.317354357830784
-1.4889125118799291,13.441956104514835,15.670189805053711,-73.2337185023415,33.84718162984316,-23.1201077039944,99.97901466921509,4.373031443184312,-4.517607676218794,38.29213321218208,-14.43575218328014,-49.893465572462574,-47.7417951240016,25.87798938030983,-34.666010677522465,-47.20573353194698,-25.450647939078124,-13.287581949457985,2.3215110196549147,15.683673001638683,19.607816750247988,8.422778301099354,43.990801854724324,-35.06225868327822,-135.45399635137116,-91.63903729919865,58.16354721497728,-21.77541698678172,-23.49616067561576,2.2775320674827912,-49.391857712422905,53.3443066164939,-3.859857283479317,-24.864717690636297,-16.128582885454144,22.799106108708685,-10.704028300402646,52.64199891280686,-8.725159760543251,-55.49870899761726,29.093694985697706,-31.4519195058128,75.44206157378264,45.968950633366894
-1.1143383506961668,8.098462467386245,9.991520103236725,-44.983421576206005,20.789602200890762,-13.963272943316658,61.19941857469039,2.710746884661515,-2.7706124361215827,22.930499907090553,-8.833536114640626,-30.78641574375219,-28.8703104608202,15.762117692170753,-21.579033720400574,-28.8471348649157,-15.477312656846784,-7.833692675763127,1.6583008401105468,10.055664910170066,11.977468974126628,5.436736176422288,26.472651926170787,-21.00964479982768,-82.93836943377521,-56.2275184513121,36.03702675565205,-13.415459479367511,-14.257539375297197,1.471969421306269,-29.604789899820638,32.66378394308154,-2.6581015632305514,-14.758460387644583,-9.907537511215583,13.850208990901402,-6.471472637913548,32.07610756494994,-5.43589989080804,-33.879252444903905,17.74056531613619,-19.317354357830784,45.968950633366894,28.554840845545886
