V1,V2,V3,V4,V5,V6,V7,V8,V9,V10,V11,V12,V13,V14,V15,V16,V17,V18,V19,V20,V21,V22,V23,V24,V25,V26,V27,V28,V29
0.09908651194533642,-0.03331510979362255,0.15432580910109145,0.13503818306339216,-0.24546002730814862,0.09451908901745726,-0.19780824725831744,-0.5270114847652804,0.14982138180072915,-8.499327295606406e-4,0.45028516374917565,-0.31544287530443893,0.020356214631489948,-0.17997270886037825,-0.07154856765162827,0.21805249529276516,0.2583982218845632,-0.5484430082120105,0.06808050155792927,-0.12825715162495854,0.18607421959200546,-0.20512237701444913,-0.07314019959566122,-0.3762022415640588,-0.16554178909352713,-0.03694067078082207,0.06550773794605706,0.5474577525298286,-0.2262238588667897
-0.03331510979362255,0.7623681627131167,1.7956996529436922,-0.11446773807059411,-0.3746550180790734,-1.3432138110838057,0.9879858055808689,-0.24235408424094035,-1.5844492104545458,-1.119792268214876,0.22693675875835262,-0.6290183894272918,-0.6840676978701007,1.5022172530317313,0.6157391726913167,-1.1263224372749459,0.9688571934416073,0.8226956110800271,-1.3140090190259528,-0.30356215625365235,-0.7725919824839342,-0.07018893958501579,-1.1964466449440974,0.16784322361323048,-0.3215951011745256,0.028214439521685886,-0.21661153901005006,-0.3232203993499607,-0.28086806753094135
0.15432580910109145,1.7956996529436922,4.973895509142688,0.07632757035503548,-1.6856753710923535,-3.0648197715993826,1.734390568225395,-2.224665446383508,-3.5296588905134247,-2.8148417529304637,1.959351669022691,-2.3653554033119373,-1.7473671693275465,3.4573655998676496,1.3969242414726901,-2.0496525724282026,3.043555766566511,0.4535372387630316,-3.0658316304633555,-1.2780436529712784,-1.4473010946888107,-0.7621395572868582,-3.1322824303462857,-0.5529619804844939,-1.423803832701745,-0.13300296936533196,-0.30074772878705386,0.7018754159501347,-1.4721310939826882
0.13503818306339216,-0.11446773807059411,0.07632757035503548,0.22161949387359642,-0.3481383838027492,0.2710114037737111,-0.3890734350193498,-0.7395595337953568,0.3572939998643049,0.10563012446052474,0.6440793594267928,-0.39124932827060915,0.08887489942556956,-0.39440247492117253,-0.15265072031493052,0.44205661351091013,0.2688545649342848,-0.8769927101139099,0.22542567669012797,-0.1730889533615772,0.3232460876501472,-0.30169038085814603,-0.004014678731612138,-0.5800150503626837,-0.22995974250023685,-0.03919685499842311,0.1329765097758041,0.815263087873989,-0.319090666423684
-0.24546002730814862,-0.3746550180790734,-1.6856753710923535,-0.3481383838027492,1.3944314003164349,0.5213318228714597,0.46779086346292204,2.5517105511367344,0.314164342273425,0.7141171544292846,-2.2375220766814397,1.3348449136639036,0.3616071173039553,-0.6157329620497641,-0.05055126880014148,-0.30381967627984174,-1.4790705416536212,1.6703592086783665,0.41544833456369956,0.9710219412003669,-0.37660008731387445,0.7788371153145534,0.9834959260324373,1.198728397229261,1.0745076627938446,0.32904311607711495,-0.3466045368608242,-1.9347101414403722,1.0496396678167759
0.09451908901745726,-1.3432138110838057,-3.0648197715993826,0.2710114037737111,0.5213318228714597,2.436476480358235,-1.7880430267840235,0.24670255266099822,2.83919598387222,1.9872119982634804,-0.21859409159930482,0.9468330549579739,1.1787161248244924,-2.7285946860631634,-1.0974093407801955,2.0994248882291324,-1.636730457222036,-1.677642533635499,2.352075939642665,0.47194093570149986,1.405753820781796,0.010534705822874715,2.0708682986660816,-0.48711155790657884,0.4895811490104225,-0.06564483751919185,0.4158383594960007,0.7817799080149904,0.37369980422676513
-0.19780824725831744,0.9879858055808689,1.734390568225395,-0.3890734350193498,0.46779086346292204,-1.7880430267840235,2.2655117472729467,1.7810062759003509,-2.4490054464131816,-1.2831114264870074,-1.520155682682558,-0.23173759304807068,-0.8510949391618795,1.7439463865181903,0.9743133715016894,-2.166735088193677,0.5786994460965644,2.666261039579802,-1.9171276810578977,0.42423420680432433,-1.6697982175111858,0.42293047986540433,-1.2797069512233537,1.0276996889881065,0.43045670575199196,0.4601894137902274,-0.7134189704265776,-1.9919377455793366,0.335580825755974
-0.5270114847652804,-0.24235408424094035,-2.224665446383508,-0.7395595337953568,2.5517105511367344,0.24670255266099822,1.7810062759003509,5.284989571089288,-0.45459644848182806,0.767085045605512,-4.540847031035581,2.204922542222107,0.24263287964214908,-0.41915708589729755,0.3173331880657639,-1.3574147849642817,-2.4003519749880695,3.99876561912745,-0.008584398896559719,1.848524047638018,-1.3927976169599618,1.4852483164476353,1.1951517605998223,2.4340281226849534,2.064123936301008,0.7971784162606556,-0.8617999653685655,-4.221780885106971,1.9405735334190586
0.14982138180072915,-1.5844492104545458,-3.5296588905134247,0.3572939998643049,0.314164342273425,2.83919598387222,-2.4490054464131816,-0.45459644848182806,3.5494030960525285,2.3057292674483962,0.35969791623425634,1.0058134196906043,1.4882365780730213,-3.182193225481264,-1.4476572431448367,2.651937363459756,-1.6571637160917068,-2.481404720198482,2.885872690344619,0.33282328124858274,2.0055651259795932,-0.08053595580187103,2.357335526974375,-0.8072031386127457,0.3329246261779447,-0.20709754177274645,0.6704785233238608,1.4778996816266374,0.3353659458393957
-8.499327295606406e-4,-1.119792268214876,-2.8148417529304637,0.10563012446052474,0.7141171544292846,1.9872119982634804,-1.2831114264870074,0.767085045605512,2.3057292674483962,1.723107812074719,-0.6728415589389731,1.0954455387196886,1.0373811314416452,-2.2547650982408016,-0.907069077133302,1.5407224665501786,-1.6038391091459765,-0.8902967351924083,1.9497037279750158,0.6009276374395854,1.0602152409254577,0.2291134585144708,1.8360365513103232,-0.08199104210558388,0.6332537406540104,0.031851593733470615,0.27778194111304644,0.1590678413870902,0.5874792886988146
0.45028516374917565,0.22693675875835262,1.959351669022691,0.6440793594267928,-2.2375220766814397,-0.21859409159930482,-1.520155682682558,-4.540847031035581,0.35969791623425634,-0.6728415589389731,3.933871037719596,-1.925224534473162,-0.24320987526379856,0.38476144225877223,-0.25446766771176377,1.1695960544041473,2.072321054410599,-3.4433120897969554,4.781948637972898e-4,-1.6246144364980266,1.1728399871431963,-1.304239711429521,-1.0576786248609755,-2.1224109478994735,-1.7871857525016235,-0.6857653064868882,0.7545691950474327,3.629428575405184,-1.6924457024198822
-0.31544287530443893,-0.6290183894272918,-2.3653554033119373,-0.39124932827060915,1.3348449136639036,0.9468330549579739,-0.23173759304807068,2.204922542222107,1.0058134196906043,1.0954455387196886,-1.925224534473162,1.8074589932070921,0.6219404945088521,-0.8028916355431638,-0.33402146399876775,0.2283773943940249,-1.9295047615136558,1.2598824803215993,1.0231311232164568,0.8008575704136383,0.10789556325004886,0.8507755810738388,1.4224908388946995,1.2500729975727205,0.9594938266154512,0.10131074398961527,-0.05792693228698357,-1.7306582313497485,1.1781049388621483
0.020356214631489948,-0.6840676978701007,-1.7473671693275465,0.08887489942556956,0.3616071173039553,1.1787161248244924,-0.8510949391618795,0.24263287964214908,1.4882365780730213,1.0373811314416452,-0.24320987526379856,0.6219404945088521,0.7880703673715274,-1.502472185527677,-0.6733704945110779,0.9228741330134005,-0.7952840775131874,-0.6952981799534662,1.2224146609047968,0.3742530333142784,0.8046783299641957,0.12447373931691372,1.0646739487687633,-0.1661560941890225,0.38674742343364715,0.044278582667842785,0.21907279768422,0.3267359450898071,0.42347923105696844
-0.17997270886037825,1.5022172530317313,3.4573655998676496,-0.39440247492117253,-0.6157329620497641,-2.7285946860631634,1.7439463865181903,-0.41915708589729755,-3.182193225481264,-2.2547650982408016,0.38476144225877223,-0.8028916355431638,-1.502472185527677,3.541483447692833,1.3573930732692225,-2.222791200047942,1.499837640477135,1.9384064011374904,-2.587641849317581,-0.7930937485222391,-1.6012410700368696,0.026153810577504728,-2.2420707299130123,0.8066391689412273,-0.7601741734882814,-0.18797722696406083,-0.38682619303087773,-1.0694053340197858,-0.493208815053789
-0.07154856765162827,0.6157391726913167,1.3969242414726901,-0.15265072031493052,-0.05055126880014148,-1.0974093407801955,0.9743133715016894,0.3173331880657639,-1.4476572431448367,-0.907069077133302,-0.25446766771176377,-0.33402146399876775,-0.6733704945110779,1.3573930732692225,0.6617431873436818,-1.0456775201231108,0.5016901464716361,1.0848347339664923,-1.1616219317020213,-0.14408047253081765,-0.8862447870794546,0.04677201817338143,-0.896044187190629,0.414269377262042,-0.1343867946390812,0.053350519303391776,-0.3037187155654843,-0.7496532052942786,-0.15609548898842585
0.21805249529276516,-1.1263224372749459,-2.0496525724282026,0.44205661351091013,-0.30381967627984174,2.0994248882291324,-2.166735088193677,-1.3574147849642817,2.651937363459756,1.5407224665501786,1.1695960544041473,0.2283773943940249,0.9228741330134005,-2.222791200047942,-1.0456775201231108,2.3370749409675042,-0.7698822617596055,-2.676180329371953,2.1003322577936077,-0.18107255518130216,1.6215799311591805,-0.4222754063250109,1.5350918221427994,-1.100719099720216,-0.2287445071825151,-0.3152992517572556,0.6456679665168753,1.906158742713002,-0.31464612267098313
0.2583982218845632,0.9688571934416073,3.043555766566511,0.2688545649342848,-1.4790705416536212,-1.636730457222036,0.5786994460965644,-2.4003519749880695,-1.6571637160917068,-1.6038391091459765,2.072321054410599,-1.9295047615136558,-0.7952840775131874,1.499837640477135,0.5016901464716361,-0.7698822617596055,2.4777500095022456,-0.843496225002089,-1.5771500993914316,-0.9422402989865986,-0.3392216081706783,-0.7637513763808005,-1.9091702379727542,-1.0571316002492746,-1.0947033739966607,-0.07494689916059491,0.025052056550088173,1.5964778136896758,-1.2043385422194939
-0.5484430082120105,0.8226956110800271,0.4535372387630316,-0.8769927101139099,1.6703592086783665,-1.677642533635499,2.666261039579802,3.99876561912745,-2.481404720198482,-0.8902967351924083,-3.4433120897969554,1.2598824803215993,-0.6952981799534662,1.9384064011374904,1.0848347339664923,-2.676180329371953,-0.843496225002089,4.575216798241502,-1.7425241506477263,1.047604445632471,-2.1320021113602055,1.265591244306545,-0.5603284514200653,2.501859771155758,1.2294871680991597,0.5718957782113077,-0.9522102858420222,-4.0940153449610825,1.3552858870517746
0.06808050155792927,-1.3140090190259528,-3.0658316304633555,0.22542567669012797,0.41544833456369956,2.352075939642665,-1.9171276810578977,-0.008584398896559719,2.885872690344619,1.9497037279750158,4.781948637972898e-4,1.0231311232164568,1.2224146609047968,-2.587641849317581,-1.1616219317020213,2.1003322577936077,-1.5771500993914316,-1.7425241506477263,2.391752591180717,0.3622256256434134,1.5475177994532048,0.041016170374669446,2.0289746680421006,-0.46330534781292443,0.4009863926442873,-0.14713688512542286,0.5166209123554052,0.8871799733318306,0.41935143255763196
-0.12825715162495854,-0.30356215625365235,-1.2780436529712784,-0.1730889533615772,0.9710219412003669,0.47194093570149986,0.42423420680432433,1.848524047638018,0.33282328124858274,0.6009276374395854,-1.6246144364980266,0.8008575704136383,0.3742530333142784,-0.7930937485222391,-0.14408047253081765,-0.18107255518130216,-0.9422402989865986,1.047604445632471,0.3622256256434134,0.8438378903962136,-0.1941008226914012,0.5048074854541176,0.7061082298232969,0.6386580247465427,0.8606742668087278,0.3642114454352343,-0.25811322013562493,-1.1938022178036714,0.7749284992514563
0.18607421959200546,-0.7725919824839342,-1.4473010946888107,0.3232460876501472,-0.37660008731387445,1.405753820781796,-1.6697982175111858,-1.3927976169599618,2.0055651259795932,1.0602152409254577,1.1728399871431963,0.10789556325004886,0.8046783299641957,-1.6012410700368696,-0.8862447870794546,1.6215799311591805,-0.3392216081706783,-2.1320021113602055,1.5475177994532048,-0.1941008226914012,1.4530769919676876,-0.3118410892689695,0.9628832259497023,-0.9353300500321203,-0.23685736287354042,-0.27863233505875784,0.5612411795536415,1.6976254791501066,-0.13555380169032433
-0.20512237701444913,-0.07018893958501579,-0.7621395572868582,-0.30169038085814603,0.7788371153145534,0.010534705822874715,0.42293047986540433,1.4852483164476353,-0.08053595580187103,0.2291134585144708,-1.304239711429521,0.8507755810738388,0.12447373931691372,0.026153810577504728,0.04677201817338143,-0.4222754063250109,-0.7637513763808005,1.265591244306545,0.041016170374669446,0.5048074854541176,-0.3118410892689695,0.5562593944547585,0.4041753743599403,0.8849198792041063,0.5729843211351675,0.16566656722651826,-0.19552952457236752,-1.31207930972404,0.6668821434849969
-0.07314019959566122,-1.1964466449440974,-3.1322824303462857,-0.004014678731612138,0.9834959260324373,2.0708682986660816,-1.2797069512233537,1.1951517605998223,2.357335526974375,1.8360365513103232,-1.0576786248609755,1.4224908388946995,1.0646739487687633,-2.2420707299130123,-0.896044187190629,1.5350918221427994,-1.9091702379727542,-0.5603284514200653,2.0289746680421006,0.7061082298232969,0.9628832259497023,0.4041753743599403,2.084732453350151,0.2566620556761994,0.7802592875043578,0.022918791403284778,0.22850469700207293,-0.24977595814306053,0.7348777051945536
-0.3762022415640588,0.16784322361323048,-0.5529619804844939,-0.5800150503626837,1.198728397229261,-0.48711155790657884,1.0276996889881065,2.4340281226849534,-0.8072031386127457,-0.08199104210558388,-2.1224109478994735,1.2500729975727205,-0.1661560941890225,0.8066391689412273,0.414269377262042,-1.100719099720216,-1.0571316002492746,2.501859771155758,-0.46330534781292443,0.6386580247465427,-0.9353300500321203,0.8849198792041063,0.2566620556761994,1.677251537830128,0.7907728857526564,0.18643059356524666,-0.43139360239167535,-2.463751633881196,0.955846022291851
-0.16554178909352713,-0.3215951011745256,-1.423803832701745,-0.22995974250023685,1.0745076627938446,0.4895811490104225,0.43045670575199196,2.064123936301008,0.3329246261779447,0.6332537406540104,-1.7871857525016235,0.9594938266154512,0.38674742343364715,-0.7601741734882814,-0.1343867946390812,-0.2287445071825151,-1.0947033739966607,1.2294871680991597,0.4009863926442873,0.8606742668087278,-0.23685736287354042,0.5729843211351675,0.7802592875043578,0.7907728857526564,0.9529657105907403,0.341485423807746,-0.26865799897477705,-1.405633357294228,0.8913536323530238
-0.03694067078082207,0.028214439521685886,-0.13300296936533196,-0.03919685499842311,0.32904311607711495,-0.06564483751919185,0.4601894137902274,0.7971784162606556,-0.20709754177274645,0.031851593733470615,-0.6857653064868882,0.10131074398961527,0.044278582667842785,-0.18797722696406083,0.053350519303391776,-0.3152992517572556,-0.07494689916059491,0.5718957782113077,-0.14713688512542286,0.3642114454352343,-0.27863233505875784,0.16566656722651826,0.022918791403284778,0.18643059356524666,0.341485423807746,0.28719233992812493,-0.17810887850039342,-0.5144277580000701,0.22685471884839925
0.06550773794605706,-0.21661153901005006,-0.30074772878705386,0.1329765097758041,-0.3466045368608242,0.4158383594960007,-0.7134189704265776,-0.8617999653685655,0.6704785233238608,0.27778194111304644,0.7545691950474327,-0.05792693228698357,0.21907279768422,-0.38682619303087773,-0.3037187155654843,0.6456679665168753,0.025052056550088173,-0.9522102858420222,0.5166209123554052,-0.25811322013562493,0.5612411795536415,-0.19552952457236752,0.22850469700207293,-0.43139360239167535,-0.26865799897477705,-0.17810887850039342,0.29141138908947045,0.8124713771504082,-0.18563481318220992
0.5474577525298286,-0.3232203993499607,0.7018754159501347,0.815263087873989,-1.9347101414403722,0.7817799080149904,-1.9919377455793366,-4.221780885106971,1.4778996816266374,0.1590678413870902,3.629428575405184,-1.7306582313497485,0.3267359450898071,-1.0694053340197858,-0.7496532052942786,1.906158742713002,1.5964778136896758,-4.0940153449610825,0.8871799733318306,-1.1938022178036714,1.6976254791501066,-1.31207930972404,-0.24977595814306053,-2.463751633881196,-1.405633357294228,-0.5144277580000701,0.8124713771504082,4.001770773626606,-1.496970530004801
-0.2262238588667897,-0.28086806753094135,-1.4721310939826882,-0.319090666423684,1.0496396678167759,0.37369980422676513,0.335580825755974,1.9405735334190586,0.3353659458393957,0.5874792886988146,-1.6924457024198822,1.1781049388621483,0.42347923105696844,-0.493208815053789,-0.15609548898842585,-0.31464612267098313,-1.2043385422194939,1.3552858870517746,0.41935143255763196,0.7749284992514563,-0.13555380169032433,0.6668821434849969,0.7348777051945536,0.955846022291851,0.8913536323530238,0.22685471884839925,-0.18563481318220992,-1.496970530004801,1.0509792023511455
