V1,V2,V3,V4,V5,V6,V7,V8,V9,V10,V11,V12,V13,V14,V15,V16,V17,V18,V19,V20,V21,V22,V23,V24,V25,V26,V27,V28,V29
0.03550819476554271,-0.3490749773653246,0.22444011886843593,0.36148400947236403,-0.36908599288332733,0.1266261890202969,0.12200368067295074,0.09347076362515067,0.07382691670225014,0.2896047593587805,-0.09414224426619043,-0.0015250044704986962,0.08184181180701144,0.2149159708087136,0.1299235725534295,-0.5070585527755452,-0.05464402253109198,-0.03702163693844043,-0.2599159598188677,-0.09444950969712101,0.36383147713466363,0.2004388575592165,0.18508352722737242,-0.013709352984254219,0.10050430572446752,0.3193453281454257,0.031121569872433846,0.5482633389014974,0.4908900824677282
-0.3490749773653246,5.024774722445114,-4.7442814751450655,-2.6259862620725656,4.51761410326419,-1.4297980082954724,-2.174531080526323,-1.7946412813012322,-1.2397942652404597,-6.131500727107083,1.6061506725155228,0.626221466081308,0.3893688945022405,-2.879914212687357,-0.09348056167274277,6.002404313868499,-0.43938657768434386,-0.9345835649525414,3.601734708314924,2.1017931692985155,-3.8081244606746494,-2.3174983727032403,-1.1281085950141743,-1.0526614919807855,-1.319571252707925,-5.956233872516571,-0.24864931717718194,-4.4007834143765505,-5.4951204856192035
0.22444011886843593,-4.7442814751450655,5.462306028252415,0.8059338591973753,-3.7486860320270083,1.0947472135089082,2.3247944415411275,1.9855960844415095,1.285073479066714,7.063728833749096,-1.6797707505898127,-0.9837543683295298,-1.385596566305684,2.5799884426591855,-1.0655208228118815,-4.825383379329168,1.2103835540810863,1.8352682936481899,-3.309961959876088,-2.4662947788315637,2.6675974111116805,1.8194260989423603,0.06786027107124268,1.8055596837429027,1.1635081683318496,6.506551358780008,0.10534409307324286,1.8874637719209832,4.167991711617599
0.36148400947236403,-2.6259862620725656,0.8059338591973753,4.2217466782444335,-3.2406693480962225,1.181777960718816,0.6739008594815775,0.4420309051088845,0.452842417167376,1.0343265621738806,-0.5614624283179172,0.3409754317120882,1.5297097318232848,1.7418971888060628,2.013326932954365,-4.570436377327674,-1.125040896516615,-1.13397921616425,-2.0367412117309387,-0.27798636446042446,3.5701380621507295,1.8389060132847044,2.287626657370119,-0.831855904069584,0.8299666815556156,1.609683311634351,0.35031544440860424,6.160737904393117,4.609077248272451
-0.36908599288332733,4.51761410326419,-3.7486860320270083,-3.2406693480962225,4.333501036094178,-1.4197175786615173,-1.8122329050350408,-1.4607019220732598,-1.0547152229164758,-4.842585954352007,1.3580591001348363,0.3566141622471763,-0.18518952750854756,-2.662594145369032,-0.6906777498538199,5.839265939192342,0.022935306612883847,-0.3393243183738603,3.285919238259423,1.636404764632851,-3.91162135320849,-2.2774574935637277,-1.53847092996255,-0.5197017169540548,-1.229629995784891,-4.890889642618649,-0.29159201910892535,-5.149122610982575,-5.477062740853921
0.1266261890202969,-1.4297980082954724,1.0947472135089082,1.181777960718816,-1.4197175786615173,0.4731394393608646,0.5482190724507876,0.43511871194586005,0.3231067991401668,1.4137505890416882,-0.4145980948898386,-0.07625567702256415,0.15357013437988734,0.8556604309138899,0.3262285089312091,-1.926635354837001,-0.08149839277832145,0.018500505018059506,-1.04843502681211,-0.47295707237878226,1.3245739036471587,0.7551963481409985,0.5799604218326415,0.08876181905241308,0.3968649379076273,1.4655848158060318,0.10436162661826705,1.8411877327263717,1.8286380398606767
0.12200368067295074,-2.174531080526323,2.3247944415411275,0.6739008594815775,-1.8122329050350408,0.5482190724507876,1.0161354564603862,0.8571224922292812,0.5681818888601349,3.005736438638603,-0.7402065162792024,-0.37948295065958293,-0.4498555068337431,1.2078585027627557,-0.27843523525457353,-2.3649080363854345,0.4100275041333846,0.6678109245815418,-1.5336214119703684,-1.0427495670445979,1.3915376388417975,0.901020751843321,0.21256619589808992,0.6798848858904686,0.5482838293280672,2.82162807431475,0.07183429311588659,1.2777450544834272,2.0960608108566596
0.09347076362515067,-1.7946412813012322,1.9855960844415095,0.4420309051088845,-1.4607019220732598,0.43511871194586005,0.8571224922292812,0.7276086375664427,0.47709225224700696,2.567482928472806,-0.6218132825194727,-0.3398504236919104,-0.440512265983144,0.9876468492615008,-0.30834508113611603,-1.8944590559952876,0.39299505781764227,0.6161003061713395,-1.2595479469339632,-0.8935056617580145,1.0852065511357707,0.7185270549306041,0.1073588838557991,0.6164257062841343,0.4467711322259286,2.388774103295326,0.05045990820870416,0.9004896384677136,1.6605356767699366
0.07382691670225014,-1.2397942652404597,1.285073479066714,0.452842417167376,-1.0547152229164758,0.3231067991401668,0.5681818888601349,0.47709225224700696,0.3195937510709345,1.661361804983279,-0.41512442823858975,-0.20016415496930196,-0.21456480565540537,0.694634732761564,-0.1113017045301724,-1.3829799325878989,0.20147403978529768,0.34164179814987644,-0.8781387716281751,-0.5748154298040832,0.8314854573867436,0.5288883561236449,0.1620385277077027,0.3543075920377809,0.31587790780485603,1.5724094392292345,0.04626552156654612,0.822083678952508,1.237134505474728
0.2896047593587805,-6.131500727107083,7.063728833749096,1.0343265621738806,-4.842585954352007,1.4137505890416882,3.005736438638603,2.567482928472806,1.661361804983279,9.134671689120022,-2.1716182241936166,-1.2730939068211429,-1.7951397169028513,3.333799663999125,-1.3820681332098927,-6.232677070720966,1.5677851953928634,2.3760280851118543,-4.277399289374247,-3.18953206305257,3.4435783567704994,2.3498298825275095,0.08336990529102219,2.337019076230699,1.503346862971833,8.412871948932946,0.1355852014452489,2.4295830058872894,5.382304388594827
-0.09414224426619043,1.6061506725155228,-1.6797707505898127,-0.5614624283179172,1.3580591001348363,-0.4145980948898386,-0.7402065162792024,-0.6218132825194727,-0.41512442823858975,-2.1716182241936166,0.5406280438506162,0.265408198438636,0.2936146961598629,-0.8972906425833916,0.1618099338618429,1.7787511127184596,-0.27239209498901795,-0.45699972596120486,1.1361957830969487,0.7518183043016761,-1.0631098386931648,-0.6795135235303464,-0.1949986020874757,-0.47129937068364997,-0.40816634571039667,-2.0505670659883672,-0.05798408764441001,-1.0297617417325966,-1.5869038337291261
-0.0015250044704986962,0.626221466081308,-0.9837543683295298,0.3409754317120882,0.3566141622471763,-0.07625567702256415,-0.37948295065958293,-0.3398504236919104,-0.20016415496930196,-1.2730939068211429,0.265408198438636,0.23479137327802438,0.45504873483411684,-0.30329091625255156,0.4491014231488306,0.4118297862033599,-0.37236514942912513,-0.4969709120293151,0.41264090953203464,0.4543300726669955,-0.10403657351126608,-0.14158034403064662,0.25762698180530663,-0.45530727553090694,-0.13156877485859228,-1.0948485150221179,0.020693710236987396,0.3571743544400867,-0.27733847447327403
0.08184181180701144,0.3893688945022405,-1.385596566305684,1.5297097318232848,-0.18518952750854756,0.15357013437988734,-0.4498555068337431,-0.440512265983144,-0.21456480565540537,-1.7951397169028513,0.2936146961598629,0.45504873483411684,1.084511069059474,-0.07896938223941383,1.18775361906028,-0.40690936073565004,-0.8578928385803998,-1.059294728918403,0.1851351441515622,0.6618807443577766,0.6659945162643285,0.20229629069410568,0.9454432361419797,-0.9222113964914788,-0.016933860174928726,-1.375893642830399,0.11477759092271922,2.0077241612312857,0.6310407834843539
0.2149159708087136,-2.879914212687357,2.5799884426591855,1.7418971888060628,-2.662594145369032,0.8556604309138899,1.2078585027627557,0.9876468492615008,0.694634732761564,3.333799663999125,-0.8972906425833916,-0.30329091625255156,-0.07896938223941383,1.6705108801795439,0.2169668234702553,-3.559484240177008,0.1394923782213676,0.40077955731072534,-2.077175080048627,-1.1364865517812468,2.313969495333427,1.3804845991144048,0.7876642714587677,0.4884279000019042,0.767886791088751,3.2887477752567342,0.16082957358277228,2.8436587422224178,3.2940768570147183
0.1299235725534295,-0.09348056167274277,-1.0655208228118815,2.013326932954365,-0.6906777498538199,0.3262285089312091,-0.27843523525457353,-0.30834508113611603,-0.1113017045301724,-1.3820681332098927,0.1618099338618429,0.4491014231488306,1.18775361906028,0.2169668234702553,1.356173118688348,-1.100047247693502,-0.9256597399996335,-1.101166976231387,-0.17350184562199472,0.5265074467054666,1.1601679684635657,0.4759419032660713,1.1916792149617412,-0.9332238591597928,0.12127118347032953,-0.9255232452790196,0.15655753714124526,2.7439218962553307,1.3000720494315148
-0.5070585527755452,6.002404313868499,-4.825383379329168,-4.570436377327674,5.839265939192342,-1.926635354837001,-2.3649080363854345,-1.8944590559952876,-1.3829799325878989,-6.232677070720966,1.7787511127184596,0.4118297862033599,-0.40690936073565004,-3.559484240177008,-1.100047247693502,7.891501058348603,0.15655099657320315,-0.30017612856089304,4.380210525106682,2.0979859123409756,-5.343954043766812,-3.084246534267744,-2.2018796979964805,-0.5621757631472415,-1.6468837119522814,-6.35884159487756,-0.40789596988942395,-7.199621991840265,-7.438376150224059
-0.05464402253109198,-0.43938657768434386,1.2103835540810863,-1.125040896516615,0.022935306612883847,-0.08149839277832145,0.4100275041333846,0.39299505781764227,0.20147403978529768,1.5677851953928634,-0.27239209498901795,-0.37236514942912513,-0.8578928385803998,0.1394923782213676,-0.9256597399996335,0.15655099657320315,0.6827601446729404,0.8530248753918576,-0.2415554292570056,-0.5738956880716622,-0.4181108413978025,-0.09574721422092042,-0.7087034349684567,0.7490413955082135,0.04856967725448665,1.235333072958831,-0.08302407049643427,-1.4501698208063543,-0.3452129106173996
-0.03702163693844043,-0.9345835649525414,1.8352682936481899,-1.13397921616425,-0.3393243183738603,0.018500505018059506,0.6678109245815418,0.6161003061713395,0.34164179814987644,2.3760280851118543,-0.45699972596120486,-0.4969709120293151,-1.059294728918403,0.40077955731072534,-1.101166976231387,-0.30017612856089304,0.8530248753918576,1.0976048110055092,-0.5819629300527777,-0.8580603646805076,-0.19133184298057243,0.07360021649027491,-0.7570301476114025,0.9826767860492108,0.16552982556282894,1.963681585412846,-0.07922804222784713,-1.3798418995111121,0.03285996264491445
-0.2599159598188677,3.601734708314924,-3.309961959876088,-2.0367412117309387,3.285919238259423,-1.04843502681211,-1.5336214119703684,-1.2595479469339632,-0.8781387716281751,-4.277399289374247,1.1361957830969487,0.41264090953203464,0.1851351441515622,-2.077175080048627,-0.17350184562199472,4.380210525106682,-0.2415554292570056,-0.5819629300527777,2.5900820163861304,1.462092336980174,-2.8152922451123192,-1.6952054432758794,-0.9006587103008077,-0.6796303558009038,-0.9534592434612861,-4.187915941503316,-0.190175572062492,-3.3637942614408116,-4.033067715765957
-0.09444950969712101,2.1017931692985155,-2.4662947788315637,-0.27798636446042446,1.636404764632851,-0.47295707237878226,-1.0427495670445979,-0.8935056617580145,-0.5748154298040832,-3.18953206305257,0.7518183043016761,0.4543300726669955,0.6618807443577766,-1.1364865517812468,0.5265074467054666,2.0979859123409756,-0.5738956880716622,-0.8580603646805076,1.462092336980174,1.1153903420888789,-1.137969382066963,-0.7886364384212379,0.017064542651446024,-0.8382240261820941,-0.5115297355769617,-2.9241781199319394,-0.040555462837825504,-0.7292298593555835,-1.7983547308414003
0.36383147713466363,-3.8081244606746494,2.6675974111116805,3.5701380621507295,-3.91162135320849,1.3245739036471587,1.3915376388417975,1.0852065511357707,0.8314854573867436,3.4435783567704994,-1.0631098386931648,-0.10403657351126608,0.6659945162643285,2.313969495333427,1.1601679684635657,-5.343954043766812,-0.4181108413978025,-0.19133184298057243,-2.8152922451123192,-1.137969382066963,3.7621712926412383,2.104466390407287,1.7965285699831164,0.03146379360139025,1.0778691406873273,3.6805665127212173,0.31063880521484216,5.476162057045174,5.127948298761107
0.2004388575592165,-2.3174983727032403,1.8194260989423603,1.8389060132847044,-2.2774574935637277,0.7551963481409985,0.901020751843321,0.7185270549306041,0.5288883561236449,2.3498298825275095,-0.6795135235303464,-0.14158034403064662,0.20229629069410568,1.3804845991144048,0.4759419032660713,-3.084246534267744,-0.09574721422092042,0.07360021649027491,-1.6952054432758794,-0.7886364384212379,2.104466390407287,1.2071806941628593,0.8944010674706486,0.1810236503046789,0.6395084586883486,2.415927558427591,0.16323163972466415,2.880413779429959,2.917220034338673
0.18508352722737242,-1.1281085950141743,0.06786027107124268,2.287626657370119,-1.53847092996255,0.5799604218326415,0.21256619589808992,0.1073588838557991,0.1620385277077027,0.08336990529102219,-0.1949986020874757,0.25762698180530663,0.9454432361419797,0.7876642714587677,1.1916792149617412,-2.2018796979964805,-0.7087034349684567,-0.7570301476114025,-0.9006587103008077,0.017064542651446024,1.7965285699831164,0.8944010674706486,1.2652286846873182,-0.5872449458737548,0.3799104048028814,0.44149145801744033,0.18715119031372585,3.288774357904262,2.268991828789627
-0.013709352984254219,-1.0526614919807855,1.8055596837429027,-0.831855904069584,-0.5197017169540548,0.08876181905241308,0.6798848858904686,0.6164257062841343,0.3543075920377809,2.337019076230699,-0.47129937068364997,-0.45530727553090694,-0.9222113964914788,0.4884279000019042,-0.9332238591597928,-0.5621757631472415,0.7490413955082135,0.9826767860492108,-0.6796303558009038,-0.8382240261820941,0.03146379360139025,0.1810236503046789,-0.5872449458737548,0.8908100713637468,0.20838364830825007,1.9768276071564495,-0.05479138901957875,-0.9506888245803632,0.3085657099025916
0.10050430572446752,-1.319571252707925,1.1635081683318496,0.8299666815556156,-1.229629995784891,0.3968649379076273,0.5482838293280672,0.4467711322259286,0.31587790780485603,1.503346862971833,-0.40816634571039667,-0.13156877485859228,-0.016933860174928726,0.767886791088751,0.12127118347032953,-1.6468837119522814,0.04856967725448665,0.16552982556282894,-0.9534592434612861,-0.5115297355769617,1.0778691406873273,0.6395084586883486,0.3799104048028814,0.20838364830825007,0.35347932056455617,1.4901834072701035,0.07615238387368134,1.3456969885324002,1.5285918893327521
0.3193453281454257,-5.956233872516571,6.506551358780008,1.609683311634351,-4.890889642618649,1.4655848158060318,2.82162807431475,2.388774103295326,1.5724094392292345,8.412871948932946,-2.0505670659883672,-1.0948485150221179,-1.375893642830399,3.2887477752567342,-0.9255232452790196,-6.35884159487756,1.235333072958831,1.963681585412846,-4.187915941503316,-2.9241781199319394,3.6805665127212173,2.415927558427591,0.44149145801744033,1.9768276071564495,1.4901834072701035,7.853305179728542,0.1784933748340704,3.179712025045969,5.597245841041461
0.031121569872433846,-0.24864931717718194,0.10534409307324286,0.35031544440860424,-0.29159201910892535,0.10436162661826705,0.07183429311588659,0.05045990820870416,0.04626552156654612,0.1355852014452489,-0.05798408764441001,0.020693710236987396,0.11477759092271922,0.16082957358277228,0.15655753714124526,-0.40789596988942395,-0.08302407049643427,-0.07922804222784713,-0.190175572062492,-0.040555462837825504,0.31063880521484216,0.16323163972466415,0.18715119031372585,-0.05479138901957875,0.07615238387368134,0.1784933748340704,0.02934757209202787,0.5163706175182892,0.4062860074334137
0.5482633389014974,-4.4007834143765505,1.8874637719209832,6.160737904393117,-5.149122610982575,1.8411877327263717,1.2777450544834272,0.9004896384677136,0.822083678952508,2.4295830058872894,-1.0297617417325966,0.3571743544400867,2.0077241612312857,2.8436587422224178,2.7439218962553307,-7.199621991840265,-1.4501698208063543,-1.3798418995111121,-3.3637942614408116,-0.7292298593555835,5.476162057045174,2.880413779429959,3.288774357904262,-0.9506888245803632,1.3456969885324002,3.179712025045969,0.5163706175182892,9.086683404261265,7.167111037574282
0.4908900824677282,-5.4951204856192035,4.167991711617599,4.609077248272451,-5.477062740853921,1.8286380398606767,2.0960608108566596,1.6605356767699366,1.237134505474728,5.382304388594827,-1.5869038337291261,-0.27733847447327403,0.6310407834843539,3.2940768570147183,1.3000720494315148,-7.438376150224059,-0.3452129106173996,0.03285996264491445,-4.033067715765957,-1.7983547308414003,5.127948298761107,2.917220034338673,2.268991828789627,0.3085657099025916,1.5285918893327521,5.597245841041461,0.4062860074334137,7.167111037574282,7.068886389447631
