V1,V2,V3,V4,V5,V6,V7,V8,V9,V10,V11,V12,V13,V14,V15,V16,V17,V18,V19,V20,V21,V22,V23,V24,V25,V26,V27,V28,V29,V30,V31,V32,V33,V34,V35,V36,V37,V38,V39,V40,V41,V42,V43,V44
3.530094166486943,0.79093570251776,-3.3567910681679507,1.2005909220266415,2.0476185342193967,2.0774317385680847,-0.7855954580810991,-0.7096236586854128,-0.8142335177732258,-0.8002544754622494,-0.7895741459266566,4.162118399265858,-1.391468253134883,1.4276652593048746,0.8961458372346127,1.8978888997925714,0.26824267553351644,-1.334051504441892,-2.0255444314774396,-2.1682887613869033,0.5869133766394964,0.16856358002666305,1.287989878398871,-0.4573009932902885,-0.7212139731620235,1.2432389654532672,-0.0017978439392093858,1.1748192137285234,-0.60451759676552,1.6282636911576724,1.655472019129334,-0.7523210959115002,0.9135451591184794,-2.3208695486476354,-0.5854558185200924,-1.6810359290390913,-2.7084938731295356,-0.2722272257151488,-3.347845111792172,0.2570267121917691,0.06902322369364289,3.99133917640041,1.4988450211583428,1.0189155615783358
0.79093570251776,0.5504083821181649,-0.28912221511541303,-0.11321630149553227,-0.14591887032226009,0.755211497660003,-0.20285513236237918,0.7097431156690738,-0.5504674800666967,-0.12106159415258878,0.09032431336579415,0.780502231011895,-0.4894949168825045,-1.4703173799305007,-0.2047948038479122,0.5706765692254677,0.34067986022035646,-1.023348047510143,-0.9536615599975653,-0.888436212368638,0.7043504538409395,-1.0991555003643803,0.7042809393208082,0.6488973229292868,-0.1560998084681061,0.6659876831222976,-0.585231829619286,-0.03559688700256128,0.03449113917936464,-0.1778913518558569,0.5430312114141788,-0.5303575920731505,0.5445179274811219,-1.3952224973226774,0.20859478307412865,-0.894692418212188,-1.2529149477005772,-0.5440947340980565,-0.9542293536890452,0.2071846256658255,-0.612628638488379,0.34678088148609865,0.959568263670636,0.15804442966464893
-3.3567910681679507,-0.28912221511541303,3.774415972371611,-1.5944809828505824,-2.7219944165099315,-1.5861268953844696,0.7012498356509788,1.7603496238596097,0.32090043875354257,0.8311584993103623,1.0900505837851908,-4.1431245054476955,1.0925831545278795,-3.599447195033208,-1.3605219276586513,-1.6346918178137897,0.08477480031267079,0.34042264759711466,1.2987152843947436,1.5587656879788838,0.14999878067871364,-1.5972845608891872,-0.698106467053366,1.3723307574822996,0.6960713333776216,-0.6985695675370566,-0.7540033650606446,-1.5170994935500817,0.7886336653571706,-2.2271129999630768,-1.351548441963617,0.25901624596884176,-0.44801161547253027,1.108535446054099,0.9715701636277295,0.9605318244843553,1.766190482664521,-0.33444562395813254,2.923806465621536,-0.07396367319364193,-0.85262185231540355,-4.468844092367631,-0.6510291069571892,-1.070107893332467
1.2005909220266415,-0.11321630149553227,-1.5944809828505824,1.0962489080448339,1.0453577861925862,0.9011046029729152,-0.4966498848644872,-1.0621311731840517,0.11760191362513053,-0.30945313831201793,-0.4546163532586078,1.7345157522860517,-0.4167449049193605,2.0221363128418175,0.7623647377759326,0.5014707113142569,-0.24845302183004384,-0.09303648761817486,-0.16138380886775108,-0.37925729532399843,-0.39713276326843827,0.8389722461348357,0.07882186232151132,-0.7346495638924884,-0.24338316725260062,0.039800741485938824,0.19829969392501257,0.213653868377786,-0.4062355171611358,1.0749707189261035,0.4127792105261186,0.019181077511808305,-0.09318471626089218,-0.01407983031861645,-0.6427953538726908,-0.015073968555954194,-0.42020603543265234,0.4247332658468604,-0.9738644261918215,-0.23745537223037402,0.5953937141424441,2.0341889843940213,-0.11863926424177153,0.2423181620544192
2.0476185342193967,-0.14591887032226009,-2.7219944165099315,1.0453577861925862,2.423282429074826,0.29119592174028824,-0.18168801137355123,-1.8884904634395963,0.10800893256274628,-0.5748026342139683,-0.9718604926229285,2.5203023360248165,-0.40084179904393086,4.007964225009578,1.1481465730521452,0.8717180295047731,-0.24747620032837558,0.7558013558752755,-0.3675533026558072,-0.5539047579921031,-0.5765284104287504,2.2926014112169573,0.004550901974552304,-1.651816477440999,-0.4373323879424795,0.07566469649531743,1.3173275198603915,1.609414528693981,-0.6103662049780195,1.8619653469089297,0.6479930536062795,0.2405582231582605,0.02381979893201691,0.18951482033042946,-0.8047453258248224,-0.15916014431265993,-0.3777481560560963,0.5993816318067524,-1.5648891921017642,0.0676228013373674,1.127848262365106,3.097848131018716,-0.1540670286918878,0.8670902160731114
2.0774317385680847,0.755211497660003,-1.5861268953844696,0.9011046029729152,0.29119592174028824,2.2675668414894985,-0.9148131969804073,0.3696728017102125,-0.7379222855365767,-0.3849841426971762,-0.11308466955200354,2.609386583397566,-1.1644277235393976,-1.044367794001164,0.28964260604523007,1.2477129009253973,0.2935539445622831,-1.9788566262975869,-1.5468954513446573,-1.6789955203575808,0.7760726454181348,-1.4202873096137427,1.1857841365762574,0.6386480539469527,-0.41027967225238426,1.053846576023726,-1.1177000545443179,-0.3623602304419089,-0.27215269963545885,0.4813918111809465,1.1441266489388544,-0.8815326155202174,0.7066550335801993,-2.243342407442104,-0.23954712594031627,-1.3513241861054446,-2.365852675375843,-0.5022019380297835,-2.199106563033091,-0.014377811904818258,-0.5634470769212974,2.117940431671018,1.3844976801083482,0.25436767292815077
-0.7855954580810991,-0.20285513236237918,0.7012498356509788,-0.4966498848644872,-0.18168801137355123,-0.9148131969804073,0.4055783323310335,0.03727942442102001,0.19471517579078929,0.1509502551240809,0.08183578906663164,-1.0645801116265312,0.4309086541414184,0.0711251121822947,-0.2141939098634413,-0.4470862574885526,-0.039055325113757915,0.6791169318153965,0.4659804567515726,0.5592064540489514,-0.16527902578192752,0.3783911874890072,-0.36896507751183905,-0.12629336663493868,0.15623414799630977,-0.31527431255326765,0.38897429725239774,0.19280095494248756,0.14933181464617634,-0.29518782552162204,-0.3967621956827784,0.2761491228467851,-0.17718561099837724,0.6816579967155941,0.18876816205257935,0.3920827481022697,0.792816165890504,0.07997079361887631,0.795425560518536,0.07833672243350098,0.08983326319083806,-0.9517520135300648,-0.3885858699990448,-0.07025689971369337
-0.7096236586854128,0.7097431156690738,1.7603496238596097,-1.0621311731840517,-1.8884904634395963,0.3696728017102125,0.03727942442102001,2.185665543090231,-0.6894918002573014,0.29933251696468527,0.801701439836465,-1.1576385435390968,-0.16610824153820003,-4.530660478554112,-1.120290722654534,-0.04813544847847627,0.5852148717280067,-1.5131262338965652,-0.7600489035175738,-0.5156338964654398,1.2123263444662857,-2.7729998004059544,0.7295045176280617,1.883932472483558,0.1614245228418299,0.6587906990460582,-1.458598869803373,-1.0440526834386692,0.5165137388253356,-1.6034309873363741,0.0797114383277378,-0.7159117370820294,0.5988563005112972,-1.6039528194396095,0.8877491229076024,-0.8629143280727968,-0.9976764699480108,-1.061853361986827,0.1837396464020172,0.2539368237604502,-1.4961263125734041,-2.0505526023780587,1.1558865931912858,-0.41027129514307903
-0.8142335177732258,-0.5504674800666967,0.32090043875354257,0.11760191362513053,0.10800893256274628,-0.7379222855365767,0.19471517579078929,-0.6894918002573014,0.5529799286529307,0.12753230046060526,-0.0757671197296665,-0.8025157084026635,0.4894049619843493,1.421734852940769,0.19408006795419117,-0.5836283270541903,-0.34317758676442633,1.001062694031373,0.9598604974140833,0.8947839057191328,-0.7015836004340608,1.0615882690560585,-0.7021940624002695,-0.6278273931491296,0.16204651245794877,-0.6685131198263021,0.5545508642959655,-0.0032737017803302812,-0.029535346303843923,0.15802167957577667,-0.5487204483348914,0.5253846513121971,-0.5494175065175304,1.3913576348580143,-0.2061301836150407,0.9019312426973649,1.254487812877728,0.5416271917971128,0.9707350361642426,-0.21734176218823717,0.5993953702228326,-0.3747252161894505,-0.9615049502144091,-0.17649619380067946
-0.8002544754622494,-0.12106159415258878,0.8311584993103623,-0.30945313831201793,-0.5748026342139683,-0.3849841426971762,0.1509502551240809,0.29933251696468527,0.12753230046060526,0.19516016695392652,0.2266200461836647,-0.9493248963603347,0.2795481478240572,-0.6243444394531849,-0.2573866225662533,-0.39986775034903027,-0.017747468732821552,0.16311212894259935,0.38891404564386983,0.42499126320893565,-0.04235193397653103,-0.24476229852859513,-0.2266745667266529,0.24059229799425869,0.16287810417021967,-0.22243871279341668,-0.11912877198337253,-0.3543844445619161,0.1570652596232313,-0.45380089535119805,-0.3524550533918102,0.10819690187937718,-0.16105853465122114,0.3835670760507054,0.17780000203850943,0.30102202967233677,0.49935851962719086,-0.015352061213308517,0.7269070086239058,-0.0452698633511347,-0.11687074034243448,-0.9805259850805397,-0.2422108189305248,-0.25423613215868296
-0.7895741459266566,0.09032431336579415,1.0900505837851908,-0.4546163532586078,-0.9718604926229285,-0.11308466955200354,0.08183578906663164,0.801701439836465,-0.0757671197296665,0.2266200461836647,0.3941895857283349,-0.9932914306493149,0.14673808183097126,-1.6886884647073381,-0.479988145751154,-0.3210433118179541,0.12460486289254935,-0.33324356436295377,0.09827045398155247,0.18084687615683304,0.275720632197441,-0.9646876121263807,0.03038906028560927,0.6948654532096059,0.16804802232694957,0.0036307551068213897,-0.5367223814612133,-0.6209855907997329,0.2497833434105567,-0.7635564493299648,-0.238088319544035,-0.11900731270906359,0.022992543696362493,-0.14409857871264006,0.34590092223399627,0.013419985139258777,0.09659959919921668,-0.2776014979717697,0.5890756731676614,-0.0015367373903029402,-0.486759310452965,-1.2511739732876652,0.11425516415628095,-0.3305232234215594
4.162118399265858,0.780502231011895,-4.1431245054476955,1.7345157522860517,2.5203023360248165,2.609386583397566,-1.0645801116265312,-1.1576385435390968,-0.8025157084026635,-0.9493248963603347,-0.9932914306493149,5.071243839093695,-1.6348299949964271,2.2512509949764947,1.2572805437484826,2.196548886808052,0.17943219810403996,-1.4828866050314549,-2.162819092022749,-2.422012017986927,0.45620662535451845,0.4509761211378612,1.3764148448550857,-0.729574660752178,-0.8526718536059654,1.3116887017963244,0.01928458911117814,1.2274549546045181,-0.8049347333629567,2.12727498592462,1.8846248240715264,-0.7900582944174,0.9024404287656904,-2.4400253230890674,-0.8824545436811762,-1.7594663689376737,-3.022821985918601,-0.1182784159296723,-3.882766813391285,0.15225613220326661,0.3025791921840844,4.995838429720147,1.5180332975526405,1.1349924208070508
-1.391468253134883,-0.4894949168825045,1.0925831545278795,-0.4167449049193605,-0.40084179904393086,-1.1644277235393976,0.4309086541414184,-0.16610824153820003,0.4894049619843493,0.2795481478240572,0.14673808183097126,-1.6348299949964271,0.6882912227208752,0.4207276306406333,-0.17477139208028972,-0.816306987895556,-0.21631723375535994,1.0365532390511047,1.0342367273230684,1.0706670016507172,-0.4992038206687687,0.6395604857402974,-0.7368590675521748,-0.25814841210558914,0.2774908585736907,-0.6828902865198478,0.45176815800040726,-0.11344597202108304,0.165000252011509,-0.3656878589789885,-0.7490476954673896,0.5113442077359447,-0.5011270469920991,1.385979562677311,0.10836174678524811,0.8994331733854611,1.44452840662422,0.3262639507231269,1.4381338694305608,-0.09813077105920498,0.304352032150777,-1.3617087919080069,-0.8944152485846046,-0.29305082086532624
1.4276652593048746,-1.4703173799305007,-3.599447195033208,2.0221363128418175,4.007964225009578,-1.044367794001164,0.0711251121822947,-4.530660478554112,1.421734852940769,-0.6243444394531849,-1.6886884647073381,2.2512509949764947,0.4207276306406333,9.478670082739894,2.269852166595772,0.0675025282638496,-1.1857854151826348,3.328984817305381,1.5700739662008274,1.1126064430695761,-2.5007756155924943,5.914073596553545,-1.5448935647498463,-3.9857791610728754,-0.3266713929184771,-1.3753412869750585,3.2136870168465115,2.4030393142853748,-1.0400217545138997,3.3037531756700225,-0.18709956336078448,1.5321089688927938,-1.2111582668075278,3.38782974863418,-1.7735584203951977,1.7841149804761764,2.170398076808069,2.1833695614762494,-0.32566788148782966,-0.4388817887610234,3.1173423144016503,4.1233183916573815,-2.4027746462040005,0.9260930208627376
0.8961458372346127,-0.2047948038479122,-1.3605219276586513,0.7623647377759326,1.1481465730521452,0.28964260604523007,-0.2141939098634413,-1.120290722654534,0.19408006795419117,-0.2573866225662533,-0.479988145751154,1.2572805437484826,-0.17477139208028972,2.269852166595772,0.6870599322421946,0.34009854695322295,-0.237889558139976,0.4007352392734677,0.04561128986019673,-0.11959561958206687,-0.4715000692935321,1.2246291213173606,-0.125495675688489,-0.8952962041076256,-0.1923558232391077,-0.10842394179306246,0.5828609687375412,0.5443313536403265,-0.3515628455495693,1.004560860306272,0.22445429467235026,0.19160896459862406,-0.1518009308918502,0.3521497560379762,-0.5330754640757813,0.137817984445262,-0.011463109945987805,0.45215879674414283,-0.6276884194148983,-0.11647825082282254,0.6951379870331738,1.6272645552947966,-0.2976582033724636,0.3120867025076575
1.8978888997925714,0.5706765692254677,-1.6346918178137897,0.5014707113142569,0.8717180295047731,1.2477129009253973,-0.4470862574885526,-0.04813544847847627,-0.5836283270541903,-0.39986775034903027,-0.3210433118179541,2.196548886808052,-0.816306987895556,0.0675025282638496,0.34009854695322295,1.0968766226583124,0.2609022916292285,-0.9997702152796668,-1.266537356189788,-1.3230290787010361,0.5428901981602712,-0.35927183982362537,0.8434392214635792,0.06420994908594013,-0.3909396212889416,0.814512271261548,-0.2310833094972515,0.49578858851036367,-0.27017624699933185,0.6702237960095148,0.9426533990777526,-0.5442972301981669,0.6155559369173523,-1.5825647271097607,-0.18533714965288617,-1.1089453004505243,-1.7158155411316973,-0.3428202201206741,-1.872696853362316,0.1998037829928807,-0.2030919656558918,1.9380481656631718,1.0480702023847532,0.5201094049588044
0.26824267553351644,0.34067986022035646,0.08477480031267079,-0.24845302183004384,-0.24747620032837558,0.2935539445622831,-0.039055325113757915,0.5852148717280067,-0.34317758676442633,-0.017747468732821552,0.12460486289254935,0.17943219810403996,-0.21631723375535994,-1.1857854151826348,-0.237889558139976,0.2609022916292285,0.24443855528367123,-0.5772288821562994,-0.5255146449001009,-0.4578736148546776,0.4794425267429603,-0.775772163493377,0.39387810792514905,0.5034589489607754,-0.05423913670740707,0.3814075180672242,-0.3679692541779424,-0.05395895129121253,0.08204073388629667,-0.2759901072413064,0.24422029160969522,-0.3114271331776278,0.33220096565617185,-0.8100795320671897,0.22732609996628741,-0.5238467246021669,-0.6657624933920789,-0.39171338507749837,-0.39688875829621784,0.16495440494479202,-0.45247338026388334,-0.12751279303979413,0.58106562114865,0.05682204558960639
-1.334051504441892,-1.023348047510143,0.34042264759711466,-0.09303648761817486,0.7558013558752755,-1.9788566262975869,0.6791169318153965,-1.5131262338965652,1.001062694031373,0.16311212894259935,-0.33324356436295377,-1.4828866050314549,1.0365532390511047,3.328984817305381,0.4007352392734677,-0.9997702152796668,-0.5772288821562994,2.410024413737014,1.7246192634259043,1.673509354673394,-1.3197474514075913,2.641202239456851,-1.3854614125059512,-1.531234260357249,0.2502393796824046,-1.2449195606275776,1.6572022465305998,0.767229259290958,-0.07469747463170075,0.4891151790120601,-1.0002174117547453,1.1137652403149307,-0.9390965872334913,2.7382473149703643,-0.3175803061161689,1.6100052845888724,2.487219353278868,1.0086470689835894,1.723576801076199,-0.16323664187779127,1.2896245417308037,-0.5949111255044757,-1.7953311794498548,-0.021091108001395412
-2.0255444314774396,-0.9536615599975653,1.2987152843947436,-0.16138380886775108,-0.3675533026558072,-1.5468954513446573,0.4659804567515726,-0.7600489035175738,0.9598604974140833,0.38891404564386983,0.09827045398155247,-2.162819092022749,1.0342367273230684,1.5700739662008274,0.04561128986019673,-1.266537356189788,-0.5255146449001009,1.7246192634259043,1.8497078578852466,1.7825990931601567,-1.1002316765449363,1.4079079270606847,-1.3041364903931247,-0.7238375951571411,0.4020587213620566,-1.2384179209916504,0.7699980159755375,-0.3092057321741307,0.105719436793561,-0.20121198908865384,-1.1937515954435427,0.91565595972957,-0.9905594625741267,2.5066436993982664,-0.12666053153152612,1.6585367645830045,2.409044015683281,0.7963630628643811,2.200506263115863,-0.3504271245665261,0.8042073996391454,-1.5488678924870047,-1.6982563649428277,-0.49736491762000423
-2.1682887613869033,-0.888436212368638,1.5587656879788838,-0.37925729532399843,-0.5539047579921031,-1.6789955203575808,0.5592064540489514,-0.5156338964654398,0.8947839057191328,0.42499126320893565,0.18084687615683304,-2.422012017986927,1.0706670016507172,1.1126064430695761,-0.11959561958206687,-1.3230290787010361,-0.4578736148546776,1.673509354673394,1.7825990931601567,1.7773275492382727,-0.9763061833985894,1.1949012369832317,-1.2530386729465812,-0.5658275309315672,0.4354344024936895,-1.1859033282658085,0.7073999174957902,-0.30922702707066946,0.19063947536633505,-0.40662049726117605,-1.2088419660008782,0.8713181213305196,-0.9192938838926817,2.3935853235175815,0.0096900492406281815,1.5879901305637938,2.391689169671263,0.6836748604493587,2.286176790091046,-0.2869379338429075,0.6493565980689647,-1.8827516419372101,-1.5971991769367924,-0.5176783622255691
0.5869133766394964,0.7043504538409395,0.14999878067871364,-0.39713276326843827,-0.5765284104287504,0.7760726454181348,-0.16527902578192752,1.2123263444662857,-0.7015836004340608,-0.04235193397653103,0.275720632197441,0.45620662535451845,-0.4992038206687687,-2.5007756155924943,-0.4715000692935321,0.5428901981602712,0.4794425267429603,-1.3197474514075913,-1.1002316765449363,-0.9763061833985894,0.9793619287976536,-1.7051160199782014,0.8472773666452857,1.0746964255613078,-0.11291712266167295,0.7993814256120323,-0.8833440216893399,-0.250032321628219,0.15804629734591114,-0.5598968486215626,0.5343411066476447,-0.6762001157707789,0.6737227255756068,-1.723543615990578,0.4267542047233931,-1.0763179051528495,-1.4374535393009533,-0.7900343100960632,-0.866050534164669,0.2800924558620566,-0.949175196623835,-0.18072170085972528,1.2059101320117744,0.06820211152510973
0.16856358002666305,-1.0991555003643803,-1.5972845608891872,0.8389722461348357,2.2926014112169573,-1.4202873096137427,0.3783911874890072,-2.7729998004059544,1.0615882690560585,-0.24476229852859513,-0.9646876121263807,0.4509761211378612,0.6395604857402974,5.914073596553545,1.2246291213173606,-0.35927183982362537,-0.775772163493377,2.641202239456851,1.4079079270606847,1.1949012369832317,-1.7051160199782014,3.970884277574957,-1.2923648368719198,-2.561362658565896,-0.06098302247710622,-1.1411657052448618,2.302098330467945,1.603943816166386,-0.5146358837845961,1.7791031709613487,-0.47979365017297315,1.1919485296928196,-0.9222499248567092,2.7147814192279776,-0.9406907789621913,1.467274107558296,2.049780555983189,1.429929239987716,0.5207628836017273,-0.22109375435966086,2.0111223536415594,1.7081771818138798,-1.845370831275158,0.490168712223684
1.287989878398871,0.7042809393208082,-0.698106467053366,0.07882186232151132,0.004550901974552304,1.1857841365762574,-0.36896507751183905,0.7295045176280617,-0.7021940624002695,-0.2266745667266529,0.03038906028560927,1.3764148448550857,-0.7368590675521748,-1.5448935647498463,-0.125495675688489,0.8434392214635792,0.39387810792514905,-1.3854614125059512,-1.3041364903931247,-1.2530386729465812,0.8472773666452857,-1.2923648368719198,0.9562290899477286,0.705727138374592,-0.25189452206737434,0.8927830232961541,-0.7464495472500832,-0.00819920953736191,-0.029002485966020845,-0.023855593954703054,0.8116625519937108,-0.7018380919317116,0.7050184281226994,-1.8552792510279092,0.14495097475623084,-1.1835225433910452,-1.7422993337857389,-0.6268920439857674,-1.4644920946223499,0.21749897507918467,-0.694945441096594,0.8707594971439097,1.2461418011242729,0.2522699924167105
-0.4573009932902885,0.6488973229292868,1.3723307574822996,-0.7346495638924884,-1.651816477440999,0.6386480539469527,-0.12629336663493868,1.883932472483558,-0.6278273931491296,0.24059229799425869,0.6948654532096059,-0.729574660752178,-0.25814841210558914,-3.9857791610728754,-0.8952962041076256,0.06420994908594013,0.5034589489607754,-1.531234260357249,-0.7238375951571411,-0.5658275309315672,1.0746964255613078,-2.561362658565896,0.705727138374592,1.7081757020746597,0.105621226107453,0.6263787711837344,-1.4345036787345273,-1.0795921161793514,0.3978439810720382,-1.3238751021093187,0.13917566196767794,-0.6923821540607579,0.527380925690325,-1.5359628363099547,0.6984772918420501,-0.8136481834494106,-1.0596268570718699,-0.9291012957083855,-0.001837730389036513,0.16129121212836686,-1.3172335990162127,-1.541838795428712,1.0704340410321307,-0.3847772269636328
-0.7212139731620235,-0.1560998084681061,0.6960713333776216,-0.24338316725260062,-0.4373323879424795,-0.41027967225238426,0.15623414799630977,0.1614245228418299,0.16204651245794877,0.16287810417021967,0.16804802232694957,-0.8526718536059654,0.2774908585736907,-0.3266713929184771,-0.1923558232391077,-0.3909396212889416,-0.05423913670740707,0.2502393796824046,0.4020587213620566,0.4354344024936895,-0.11291712266167295,-0.06098302247710622,-0.25189452206737434,0.105621226107453,0.14914520997168554,-0.2464124471844687,-0.01984149538325337,-0.2539102578285808,0.1285215517865422,-0.34357914926460287,-0.3308231504012933,0.14507208306983124,-0.1809565544365689,0.4557699255200311,0.12262777375146122,0.3373710462642454,0.5410383676389496,0.05146245057441828,0.6776724141594209,-0.05645449257982727,-0.02684210183708368,-0.8215048303054736,-0.296350277369141,-0.21440747161846252
1.2432389654532672,0.6659876831222976,-0.6985695675370566,0.039800741485938824,0.07566469649531743,1.053846576023726,-0.31527431255326765,0.6587906990460582,-0.6685131198263021,-0.22243871279341668,0.0036307551068213897,1.3116887017963244,-0.6828902865198478,-1.3753412869750585,-0.10842394179306246,0.814512271261548,0.3814075180672242,-1.2449195606275776,-1.2384179209916504,-1.1859033282658085,0.7993814256120323,-1.1411657052448618,0.8927830232961541,0.6263787711837344,-0.2464124471844687,0.8444631532678345,-0.6304200223703496,0.0832575875389422,-0.032203422636264585,0.004527283559722322,0.7685249675975868,-0.6476985787981756,0.6759669387297863,-1.7357538269023784,0.14368486188063762,-1.1296320123897114,-1.6332777352954138,-0.5935268105668039,-1.396894313338411,0.2351719649123064,-0.6339288004842752,0.8428155136103055,1.1786380835321664,0.27686572042759144
-0.0017978439392093858,-0.585231829619286,-0.7540033650606446,0.19829969392501257,1.3173275198603915,-1.1177000545443179,0.38897429725239774,-1.458598869803373,0.5545508642959655,-0.11912877198337253,-0.5367223814612133,0.01928458911117814,0.45176815800040726,3.2136870168465115,0.5828609687375412,-0.2310833094972515,-0.3679692541779424,1.6572022465305998,0.7699980159755375,0.7073999174957902,-0.8833440216893399,2.302098330467945,-0.7464495472500832,-1.4345036787345273,-0.01984149538325337,-0.6304200223703496,1.4614135306097256,1.1301874080543246,-0.23586496400380536,0.9010213735422746,-0.31103016990146937,0.6994756042989558,-0.46215754134362524,1.5409297278139953,-0.4048118354585123,0.7794545537162856,1.2329044232884387,0.7243944676397704,0.385370706929572,-2.0100023016805663e-4,1.0838867056440282,0.699131672142858,-0.995801950359699,0.3480832271960655
1.1748192137285234,-0.03559688700256128,-1.5170994935500817,0.213653868377786,1.609414528693981,-0.3623602304419089,0.19280095494248756,-1.0440526834386692,-0.0032737017803302812,-0.3543844445619161,-0.6209855907997329,1.2274549546045181,-0.11344597202108304,2.4030393142853748,0.5443313536403265,0.49578858851036367,-0.05395895129121253,0.767229259290958,-0.3092057321741307,-0.30922702707066946,-0.250032321628219,1.603943816166386,-0.00819920953736191,-1.0795921161793514,-0.2539102578285808,0.0832575875389422,1.1301874080543246,1.4542977492064295,-0.28718620028268177,1.0312014733336772,0.3785729001107535,0.196733870425829,0.1279012682631856,0.1257009326576851,-0.3074207455639897,-0.1849151988875354,-0.11365551538273912,0.26414340806395464,-0.8813993450888621,0.24708920809948373,0.6418910435493436,1.5724919011194545,-0.018166628389013145,0.6861415016926775
-0.60451759676552,0.03449113917936464,0.7886336653571706,-0.4062355171611358,-0.6103662049780195,-0.27215269963545885,0.14933181464617634,0.5165137388253356,-0.029535346303843923,0.1570652596232313,0.2497833434105567,-0.8049347333629567,0.165000252011509,-1.0400217545138997,-0.3515628455495693,-0.27017624699933185,0.08204073388629667,-0.07469747463170075,0.105719436793561,0.19063947536633505,0.15804629734591114,-0.5146358837845961,-0.029002485966020845,0.3978439810720382,0.1285215517865422,-0.032203422636264585,-0.23586496400380536,-0.28718620028268177,0.1925453978788389,-0.5289041371692637,-0.19702649680398726,-0.031144797158554574,0.009666876147250543,0.003003611102553935,0.2657254066487776,0.04951190749531273,0.18406855434575478,-0.16984012216571653,0.4778789438171016,0.03466158410240125,-0.2960350621388516,-0.9438279277315426,0.029667725695793214,-0.19234391462672576
1.6282636911576724,-0.1778913518558569,-2.2271129999630768,1.0749707189261035,1.8619653469089297,0.4813918111809465,-0.29518782552162204,-1.6034309873363741,0.15802167957577667,-0.45380089535119805,-0.7635564493299648,2.12727498592462,-0.3656878589789885,3.3037531756700225,1.004560860306272,0.6702237960095148,-0.2759901072413064,0.4891151790120601,-0.20121198908865384,-0.40662049726117605,-0.5598968486215626,1.7791031709613487,-0.023855593954703054,-1.3238751021093187,-0.34357914926460287,0.004527283559722322,0.9010213735422746,1.0312014733336772,-0.5289041371692637,1.5492371795069697,0.5037646960412242,0.19324145800489884,-0.07093684515438646,0.2215518077531491,-0.754546830538642,-0.024166654160929227,-0.2902756080184131,0.5712044623076721,-1.2380017812785935,-0.07594546940352921,0.9573165109901532,2.624251053184157,-0.2198425500482054,0.5937577369788462
1.655472019129334,0.5430312114141788,-1.351548441963617,0.4127792105261186,0.6479930536062795,1.1441266489388544,-0.3967621956827784,0.0797114383277378,-0.5487204483348914,-0.3524550533918102,-0.238088319544035,1.8846248240715264,-0.7490476954673896,-0.18709956336078448,0.22445429467235026,0.9426533990777526,0.24422029160969522,-1.0002174117547453,-1.1937515954435427,-1.2088419660008782,0.5343411066476447,-0.47979365017297315,0.8116625519937108,0.13917566196767794,-0.3308231504012933,0.7685249675975868,-0.31103016990146937,0.3785729001107535,-0.19702649680398726,0.5037646960412242,0.8709902055541503,-0.5317111070042931,0.5870677137220691,-1.510164295618454,-0.12417048791373875,-1.0235263698635646,-1.580110525365907,-0.3413407582738107,-1.675386565254256,0.16873148816366382,-0.2687575475786275,1.6278820919670134,0.9939270702406826,0.42782268757821307
-0.7523210959115002,-0.5303575920731505,0.25901624596884176,0.019181077511808305,0.2405582231582605,-0.8815326155202174,0.2761491228467851,-0.7159117370820294,0.5253846513121971,0.10819690187937718,-0.11900731270906359,-0.7900582944174,0.5113442077359447,1.5321089688927938,0.19160896459862406,-0.5442972301981669,-0.3114271331776278,1.1137652403149307,0.91565595972957,0.8713181213305196,-0.6762001157707789,1.1919485296928196,-0.7018380919317116,-0.6923821540607579,0.14507208306983124,-0.6476985787981756,0.6994756042989558,0.196733870425829,-0.031144797158554574,0.19324145800489884,-0.5317111070042931,0.544127722637462,-0.5090331675727786,1.3850966649890228,-0.17511419927712207,0.8534422979402658,1.2568377108599103,0.517480707810482,0.928390295909465,-0.14266002906064681,0.6193579468834473,-0.3576333915849536,-0.9298262952407446,-0.09177257215217693
0.9135451591184794,0.5445179274811219,-0.44801161547253027,-0.09318471626089218,0.02381979893201691,0.7066550335801993,-0.17718561099837724,0.5988563005112972,-0.5494175065175304,-0.16105853465122114,0.022992543696362493,0.9024404287656904,-0.5011270469920991,-1.2111582668075278,-0.1518009308918502,0.6155559369173523,0.33220096565617185,-0.9390965872334913,-0.9905594625741267,-0.9192938838926817,0.6737227255756068,-0.9222499248567092,0.7050184281226994,0.527380925690325,-0.1809565544365689,0.6759669387297863,-0.46215754134362524,0.1279012682631856,0.009666876147250543,-0.07093684515438646,0.5870677137220691,-0.5090331675727786,0.5610364713941133,-1.3797812179784013,0.17750326021089968,-0.9123129987399458,-1.2595503956255372,-0.5111237939731246,-1.0482988010975889,0.2318837104939205,-0.5441402087349813,0.5120764850771687,0.9566531514133483,0.23179682976454988
-2.3208695486476354,-1.3952224973226774,1.108535446054099,-0.01407983031861645,0.18951482033042946,-2.243342407442104,0.6816579967155941,-1.6039528194396095,1.3913576348580143,0.3835670760507054,-0.14409857871264006,-2.4400253230890674,1.385979562677311,3.38782974863418,0.3521497560379762,-1.5825647271097607,-0.8100795320671897,2.7382473149703643,2.5066436993982664,2.3935853235175815,-1.723543615990578,2.7147814192279776,-1.8552792510279092,-1.5359628363099547,0.4557699255200311,-1.7357538269023784,1.5409297278139953,0.1257009326576851,0.003003611102553935,0.2215518077531491,-1.510164295618454,1.3850966649890228,-1.3797812179784013,3.633494294450961,-0.3744006135215018,2.309900939171416,3.3617012437754075,1.2989239439606104,2.702516324529403,-0.4462662043778048,1.4607197054409589,-1.3866242167880576,-2.4552314875624566,-0.4319285445018734
-0.5854558185200924,0.20859478307412865,0.9715701636277295,-0.6427953538726908,-0.8047453258248224,-0.23954712594031627,0.18876816205257935,0.8877491229076024,-0.2061301836150407,0.17780000203850943,0.34590092223399627,-0.8824545436811762,0.10836174678524811,-1.7735584203951977,-0.5330754640757813,-0.18533714965288617,0.22732609996628741,-0.3175803061161689,-0.12666053153152612,0.0096900492406281815,0.4267542047233931,-0.9406907789621913,0.14495097475623084,0.6984772918420501,0.12262777375146122,0.14368486188063762,-0.4048118354585123,-0.3074207455639897,0.2657254066487776,-0.754546830538642,-0.12417048791373875,-0.17511419927712207,0.17750326021089968,-0.3744006135215018,0.4381308849496486,-0.2020588289877412,-0.08805062871476046,-0.40101733474572693,0.38209418988760724,0.14792256211988025,-0.5613975745450743,-1.1974705220323956,0.3172840671257765,-0.17636294211911357
-1.6810359290390913,-0.894692418212188,0.9605318244843553,-0.015073968555954194,-0.15916014431265993,-1.3513241861054446,0.3920827481022697,-0.8629143280727968,0.9019312426973649,0.30102202967233677,0.013419985139258777,-1.7594663689376737,0.8994331733854611,1.7841149804761764,0.137817984445262,-1.1089453004505243,-0.5238467246021669,1.6100052845888724,1.6585367645830045,1.5879901305637938,-1.0763179051528495,1.467274107558296,-1.1835225433910452,-0.8136481834494106,0.3373710462642454,-1.1296320123897114,0.7794545537162856,-0.1849151988875354,0.04951190749531273,-0.024166654160929227,-1.0235263698635646,0.8534422979402658,-0.9123129987399458,2.309900939171416,-0.2020588289877412,1.5246380533851376,2.175777785833697,0.8035899955999058,1.8738542337000148,-0.34542919670237004,0.8331588504561412,-1.1319147072435358,-1.5807945639040852,-0.40355735428548073
-2.7084938731295356,-1.2529149477005772,1.766190482664521,-0.42020603543265234,-0.3777481560560963,-2.365852675375843,0.792816165890504,-0.9976764699480108,1.254487812877728,0.49935851962719086,0.09659959919921668,-3.022821985918601,1.44452840662422,2.170398076808069,-0.011463109945987805,-1.7158155411316973,-0.6657624933920789,2.487219353278868,2.409044015683281,2.391689169671263,-1.4374535393009533,2.049780555983189,-1.7422993337857389,-1.0596268570718699,0.5410383676389496,-1.6332777352954138,1.2329044232884387,-0.11365551538273912,0.18406855434575478,-0.2902756080184131,-1.580110525365907,1.2568377108599103,-1.2595503956255372,3.3617012437754075,-0.08805062871476046,2.175777785833697,3.2879232140962302,1.0347444289228254,2.9461053518605698,-0.3635880944614638,1.0732245413041075,-2.1794457342052276,-2.237979375203778,-0.5651645798741158
-0.2722272257151488,-0.5440947340980565,-0.33444562395813254,0.4247332658468604,0.5993816318067524,-0.5022019380297835,0.07997079361887631,-1.061853361986827,0.5416271917971128,-0.015352061213308517,-0.2776014979717697,-0.1182784159296723,0.3262639507231269,2.1833695614762494,0.45215879674414283,-0.3428202201206741,-0.39171338507749837,1.0086470689835894,0.7963630628643811,0.6836748604493587,-0.7900343100960632,1.429929239987716,-0.6268920439857674,-0.9291012957083855,0.05146245057441828,-0.5935268105668039,0.7243944676397704,0.26414340806395464,-0.16984012216571653,0.5712044623076721,-0.3413407582738107,0.517480707810482,-0.5111237939731246,1.2989239439606104,-0.40101733474572693,0.8035899955999058,1.0347444289228254,0.6522072825937775,0.5151620988179245,-0.22961220153992917,0.7997690214711977,0.40869787002486074,-0.9213731282766908,-0.00224594454384318
-3.347845111792172,-0.9542293536890452,2.923806465621536,-0.9738644261918215,-1.5648891921017642,-2.199106563033091,0.795425560518536,0.1837396464020172,0.9707350361642426,0.7269070086239058,0.5890756731676614,-3.882766813391285,1.4381338694305608,-0.32566788148782966,-0.6276884194148983,-1.872696853362316,-0.39688875829621784,1.723576801076199,2.200506263115863,2.286176790091046,-0.866050534164669,0.5207628836017273,-1.4644920946223499,-0.001837730389036513,0.6776724141594209,-1.396894313338411,0.385370706929572,-0.8813993450888621,0.4778789438171016,-1.2380017812785935,-1.675386565254256,0.928390295909465,-1.0482988010975889,2.702516324529403,0.38209418988760724,1.8738542337000148,2.9461053518605698,0.5151620988179245,3.2978600469340615,-0.2965210309192187,0.29196074739496924,-3.502861450087756,-1.7664955071173916,-0.9003900479726847
0.2570267121917691,0.2071846256658255,-0.07396367319364193,-0.23745537223037402,0.0676228013373674,-0.014377811904818258,0.07833672243350098,0.2539368237604502,-0.21734176218823717,-0.0452698633511347,-0.0015367373903029402,0.15225613220326661,-0.09813077105920498,-0.4388817887610234,-0.11647825082282254,0.1998037829928807,0.16495440494479202,-0.16323664187779127,-0.3504271245665261,-0.2869379338429075,0.2800924558620566,-0.22109375435966086,0.21749897507918467,0.16129121212836686,-0.05645449257982727,0.2351719649123064,-2.0100023016805663e-4,0.24708920809948373,0.03466158410240125,-0.07594546940352921,0.16873148816366382,-0.14266002906064681,0.2318837104939205,-0.4462662043778048,0.14792256211988025,-0.34542919670237004,-0.3635880944614638,-0.22961220153992917,-0.2965210309192187,0.18072119448114782,-0.20310390852810387,0.004396440561854382,0.3517559535631865,0.14894836928263902
0.06902322369364289,-0.612628638488379,-0.85262185231540355,0.5953937141424441,1.127848262365106,-0.5634470769212974,0.08983326319083806,-1.4961263125734041,0.5993953702228326,-0.11687074034243448,-0.486759310452965,0.3025791921840844,0.304352032150777,3.1173423144016503,0.6951379870331738,-0.2030919656558918,-0.45247338026388334,1.2896245417308037,0.8042073996391454,0.6493565980689647,-0.949175196623835,2.0111223536415594,-0.694945441096594,-1.3172335990162127,-0.02684210183708368,-0.6339288004842752,1.0838867056440282,0.6418910435493436,-0.2960350621388516,0.9573165109901532,-0.2687575475786275,0.6193579468834473,-0.5441402087349813,1.4607197054409589,-0.5613975745450743,0.8331588504561412,1.0732245413041075,0.7997690214711977,0.29196074739496924,-0.20310390852810387,1.0785339591446916,0.9722219100507508,-1.0249939510027242,0.18140161785802025
3.99133917640041,0.34678088148609865,-4.468844092367631,2.0341889843940213,3.097848131018716,2.117940431671018,-0.9517520135300648,-2.0505526023780587,-0.3747252161894505,-0.9805259850805397,-1.2511739732876652,4.995838429720147,-1.3617087919080069,4.1233183916573815,1.6272645552947966,1.9380481656631718,-0.12751279303979413,-0.5949111255044757,-1.5488678924870047,-1.8827516419372101,-0.18072170085972528,1.7081771818138798,0.8707594971439097,-1.541838795428712,-0.8215048303054736,0.8428155136103055,0.699131672142858,1.5724919011194545,-0.9438279277315426,2.624251053184157,1.6278820919670134,-0.3576333915849536,0.5120764850771687,-1.3866242167880576,-1.1974705220323956,-1.1319147072435358,-2.1794457342052276,0.40869787002486074,-3.502861450087756,0.004396440561854382,0.9722219100507508,5.3629179019763535,0.7844720479854681,1.1865671146453631
1.4988450211583428,0.959568263670636,-0.6510291069571892,-0.11863926424177153,-0.1540670286918878,1.3844976801083482,-0.3885858699990448,1.1558865931912858,-0.9615049502144091,-0.2422108189305248,0.11425516415628095,1.5180332975526405,-0.8944152485846046,-2.4027746462040005,-0.2976582033724636,1.0480702023847532,0.58106562114865,-1.7953311794498548,-1.6982563649428277,-1.5971991769367924,1.2059101320117744,-1.845370831275158,1.2461418011242729,1.0704340410321307,-0.296350277369141,1.1786380835321664,-0.995801950359699,-0.018166628389013145,0.029667725695793214,-0.2198425500482054,0.9939270702406826,-0.9298262952407446,0.9566531514133483,-2.4552314875624566,0.3172840671257765,-1.5807945639040852,-2.237979375203778,-0.9213731282766908,-1.7664955071173916,0.3517559535631865,-1.0249939510027242,0.7844720479854681,1.6820936266138389,0.3087150508435053
1.0189155615783358,0.15804442966464893,-1.070107893332467,0.2423181620544192,0.8670902160731114,0.25436767292815077,-0.07025689971369337,-0.41027129514307903,-0.17649619380067946,-0.25423613215868296,-0.3305232234215594,1.1349924208070508,-0.29305082086532624,0.9260930208627376,0.3120867025076575,0.5201094049588044,0.05682204558960639,-0.021091108001395412,-0.49736491762000423,-0.5176783622255691,0.06820211152510973,0.490168712223684,0.2522699924167105,-0.3847772269636328,-0.21440747161846252,0.27686572042759144,0.3480832271960655,0.6861415016926775,-0.19234391462672576,0.5937577369788462,0.42782268757821307,-0.09177257215217693,0.23179682976454988,-0.4319285445018734,-0.17636294211911357,-0.40355735428548073,-0.5651645798741158,-0.00224594454384318,-0.9003900479726847,0.14894836928263902,0.18140161785802025,1.1865671146453631,0.3087150508435053,0.41237926242166995
