V1,V2,V3,V4,V5,V6,V7,V8,V9,V10,V11,V12,V13,V14,V15,V16,V17,V18,V19,V20,V21,V22,V23,V24,V25,V26,V27,V28,V29,V30,V31,V32,V33,V34,V35,V36,V37,V38,V39,V40,V41,V42,V43,V44
7.889359210324953,-3.8959982822257806,-14.595526705050627,7.297294425551572,14.83595749303155,-1.736360069406069,-0.299746902358127,-15.051804199817266,3.709956090936857,-2.768619078276808,-6.162416704695177,10.941113659379216,0.1006492855776275,31.582100026786463,7.987669743181379,1.9912376424095253,-3.455641268218254,9.565059316013343,3.0229002121208053,1.4963023049944513,-7.333989492816116,19.17653785081263,-3.700137031800247,-13.211988887241127,-1.7180793013107627,-3.1904969934319913,10.494917519403739,9.123154232050743,-3.842888879014254,12.028034644748965,0.9716311714095196,4.215171117216826,-2.911536617927687,8.592055266095738,-6.102149638584558,4.025724735520881,4.431691164795813,6.627335488476951,-4.185149730628959,-1.007143455233589,9.982566370055148,16.743990040162345,-6.1919062084772145,4.048408475120384
-3.8959982822257806,3.240316038810166,8.881451922429644,-4.601966074782119,-9.756924639556093,2.4409872568538624,-0.23138652879023988,10.555606814807385,-3.0910484635168265,1.6007589179541932,4.093807214809401,-5.753097680310451,-0.8089339393905625,-22.19963412882223,-5.3214495466439775,-0.473170878595782,2.6243505150576207,-7.687905634914879,-3.221942934582844,-2.2059312445555883,5.627977811774954,-13.89917340130911,3.3630044981973684,9.364489833370397,0.8769481074436374,2.9379734835248934,-7.686556883757843,-6.124439822295434,2.446549727277519,-7.873794559314025,0.14891716681456774,-3.4515669386805334,2.5496766379737927,-7.451208889573092,4.086766045785643,-3.7586576996122774,-4.627238047809588,-4.949923261979768,1.3101715888347052,0.8286310010794251,-7.214486886572884,-10.072892540130374,5.243333352956766,-2.45599175506407
-14.595526705050627,8.881451922429644,29.247732927865993,-14.699425553223932,-30.603985610702708,5.2368228561642285,0.11791206506391957,31.815128104243243,-8.404816778174396,5.397786578305396,12.777708259732538,-20.77350760031124,-1.1658562587508923,-66.76955786478368,-16.623125925026983,-3.1702444618446175,7.478237090568911,-21.507728062480247,-7.905288921281471,-4.60158306237546,16.089104676653882,-41.1198606448903,8.879736856139917,27.924931800526867,3.2424207114313464,7.6586834152949494,-22.648601158236467,-18.917271833057185,7.819789113634338,-24.732781074471973,-0.9077913703616749,-9.55707249656985,6.796441482952082,-20.01233478030745,12.636463697782263,-9.620943434962555,-11.253157249369563,-14.327037781731274,6.745022650017368,2.237444256521995,-21.415131958827313,-33.28508685500252,14.214689583902315,-8.133322772768413
7.297294425551572,-4.601966074782119,-14.699425553223932,7.559668518219653,15.559168583410182,-2.793163950649841,0.035562154832536254,-16.322842834739724,4.432559490384997,-2.7379634385931215,-6.472362663311184,10.348130290274032,0.6733140728728392,34.30728485043654,8.387831099590024,1.3943778931910045,-3.9471064428101035,11.096287028916226,4.039001688270013,2.5276920876241555,-8.331815008904245,21.1161414649708,-4.551841569352349,-14.469269237236412,-1.6040086818795831,-3.9657445072537962,11.591917471091657,9.690984040875504,-3.9835075731307543,12.599060891223127,0.4690583368382614,4.92935375488576,-3.555407670131464,10.377383725027848,-6.4676968235626475,5.124827784022185,5.9759333849322704,7.445932554306661,-3.3168219359935533,-1.2022934020947023,10.94970584860216,16.858894081769538,-7.399370124993598,4.047628370844154
14.83595749303155,-9.756924639556093,-30.603985610702708,15.559168583410182,32.59345032152345,-6.172744505623427,0.10253149874297444,-34.22211740741846,9.321683155005786,-5.557646581497432,-13.55159704785532,21.346827025756856,1.6720470972303492,71.82092919599101,17.7037304865662,2.9847124187507355,-8.156366418183698,23.645388883848057,9.00364071995004,5.570471977707309,-17.4967624910581,44.373618232832875,-9.925443548684589,-30.087412969839757,-3.3472211462922292,-8.554902512793301,24.494252658768985,20.16909627868563,-8.370863711490857,26.30924325121396,0.5413510291044251,10.503771226002073,-7.628412598452468,22.219879138039598,-13.46047798298232,10.861108443685673,12.837999433465049,15.511028373155225,-6.402760439136296,-2.4217728919691086,23.076498192271305,34.85724172942194,-15.716463544612926,8.478043087352344
-1.736360069406069,2.4409872568538624,5.2368228561642285,-2.793163950649841,-6.172744505623427,2.304964396528021,-0.39400524641356927,7.055477147243343,-2.325494444076702,0.9062984178357526,2.624480730050545,-2.8271958780987085,-0.9291074596125107,-14.87334274530597,-3.4119078015288604,0.1861452294422919,1.8677258750673627,-5.666544196489388,-2.7517559646192864,-2.0795058026804485,4.0377984418354975,-9.54939187095957,2.6582801671869003,6.320501816590648,0.40480966805748847,2.346028460511266,-5.3175850164414795,-3.9609826459344704,1.4781973887373814,-4.970559844751678,0.5317775246741674,-2.576962668558958,1.9670995935861142,-5.745089039608752,2.63487533349548,-3.0088001158293767,-3.9107608885720504,-3.47825367306032,0.016864188818575685,0.6345572950006111,-4.9523643898427165,-5.856155773449666,3.9961260781260055,-1.4477752698748105
-0.299746902358127,-0.23138652879023988,0.11791206506391957,0.035562154832536254,0.10253149874297444,-0.39400524641356927,0.15249173001686672,-0.3227981078455065,0.24257314503917707,0.012365216335988975,-0.05137802765828625,-0.3513614652858819,0.21685562914686124,0.7323364655209001,0.05077351008728969,-0.2890419346895783,-0.17093056996604386,0.4807661509223034,0.3489612329179285,0.3716299643162436,-0.31432976981524474,0.5511171775522586,-0.26963778180595854,-0.37698922222016557,0.07575677455335462,-0.2743922143010917,0.3016959362373185,0.12571410827361598,-4.550843565570719e-4,0.10134686228875425,-0.17990277488234133,0.24077475863911654,-0.20996435847690245,0.577147081718884,-0.09214665168842145,0.3930802547657579,0.5624985660041104,0.26147923634573395,0.36292578505343104,-0.08227801800535643,0.2722515283677907,-0.12740423149555072,-0.4156014296051989,-0.04287625873566681
-15.051804199817266,10.555606814807385,31.815128104243243,-16.322842834739724,-34.22211740741846,7.055477147243343,-0.3227981078455065,36.269090746113925,-10.121111018933798,5.779780180645237,14.249169651229073,-21.77318945274431,-2.057298787583311,-76.17687412060486,-18.580956492723587,-2.6764028338238415,8.791812371456158,-25.429787441450134,-9.9169183580311,-6.392670222751555,18.78379047572408,-47.21991615404532,10.776115986241104,32.024683537553884,3.38685269879682,9.339043493024063,-26.058472891614862,-21.290286257719732,8.732961141720052,-27.63693530053131,-0.3094648412395841,-11.323375708402201,8.285394458594649,-24.112788866004706,14.200684839016262,-11.946943311043912,-14.267880382843643,-16.622847926286344,6.15239889404043,2.6670984269876796,-24.525640175425565,-36.26059890289663,17.04549586225508,-8.790202458538435
3.709956090936857,-3.0910484635168265,-8.404816778174396,4.432559490384997,9.321683155005786,-2.325494444076702,0.24257314503917707,-10.121111018933798,3.004810640645579,-1.5161185508206194,-3.8811522394551425,5.4612717588734565,0.7874656470609025,21.293842928267,5.055691176700544,0.4090645171063201,-2.5557886995561283,7.370356144645493,3.04178716345327,2.1453000621148526,-5.399338369588915,13.298519690778143,-3.196107505914592,-9.027410221952056,-0.8350645863478007,-2.804691212297172,7.344484441204462,5.865688245690412,-2.358979459514551,7.534978129290911,-0.1179061245503907,3.2971127875109305,-2.472589801426431,7.136121968745416,-3.913944565457851,3.654517841552355,4.455928775392747,4.753998296950414,-1.2461417949558327,-0.8047556364909609,6.884633039767883,9.605740604956145,-5.036672562645176,2.301748401143548
-2.768619078276808,1.6007589179541932,5.397786578305396,-2.7379634385931215,-5.557646581497432,0.9062984178357526,0.012365216335988975,5.779780180645237,-1.5161185508206194,1.0606795617190397,2.3411663055909258,-3.8567031464329022,-0.14840620896432638,-12.182559753771812,-2.9915256185220818,-0.5307613373511239,1.3985171164637504,-3.8245868572207633,-1.3273038601872238,-0.7587028865140903,2.9404645422481206,-7.480726200250042,1.5227751168464054,5.155773317304541,0.577746956687479,1.3546502028221834,-4.075472777422592,-3.4856754913494705,1.385602744907372,-4.532317826165781,-0.28361986480426643,-1.7150116219357108,1.1801428395501732,-3.5294827440342247,2.3353901473577756,-1.7241079903470318,-1.994327372641184,-2.649089239355454,1.3654699295092094,0.45259802099362106,-3.889331143964118,-6.182190004071575,2.5589186276912836,-1.4969754982444963
-6.162416704695177,4.093807214809401,12.777708259732538,-6.472362663311184,-13.55159704785532,2.624480730050545,-0.05137802765828625,14.249169651229073,-3.8811522394551425,2.3411663055909258,5.667901977684639,-8.855301790923976,-0.6877550510949425,-29.917952077563175,-7.368511818649239,-1.1956475448081725,3.405010897842631,-9.848548845034678,-3.7710474422987486,-2.326527924433163,7.323393301426306,-18.5182060300492,4.141130943809613,12.543352003370709,1.3752540595384404,3.5796601078698855,-10.209833876897054,-8.417823742587224,3.438476313840342,-10.942736063057396,-0.23233158785401845,-4.386422516764207,3.156091565566123,-9.282928832791448,5.611900725309574,-4.527895215527061,-5.386865537459912,-6.495726327178829,2.658604158085036,1.035923197368036,-9.632910567885,-14.527698167152726,6.56770937290687,-3.5476163694199716
10.941113659379216,-5.753097680310451,-20.77350760031124,10.348130290274032,21.346827025756856,-2.8271958780987085,-0.3513614652858819,-21.77318945274431,5.4612717588734565,-3.8567031464329022,-8.855301790923976,15.367650394390648,0.3872173361828239,45.64008566608819,11.556247783318204,2.773150268009988,-4.980535872451131,14.161982791244958,4.772482520674877,2.471169242071936,-10.689830696682819,27.839821058927498,-5.64132058832311,-19.015588269520563,-2.431672404574946,-4.822659821443029,15.307514095138497,13.079818680996878,-5.542356636064343,17.26364577599675,1.0766107164580097,6.244559688696171,-4.380040226930449,12.852018311314076,-8.74493889862322,6.028644081037794,6.776483617960904,9.581301161256055,-5.549989390902907,-1.42480416281968,14.515033309721115,23.72344033952411,-9.181718681582653,5.776878713898897
0.1006492855776275,-0.8089339393905625,-1.1658562587508923,0.6733140728728392,1.6720470972303492,-0.9291074596125107,0.21685562914686124,-2.057298787583311,0.7874656470609025,-0.14840620896432638,-0.6877550510949425,0.3872173361828239,0.4840337766406005,4.3346685122551,0.947478812022704,-0.21149258790664816,-0.567244799144453,1.919542379654852,1.097325312037001,0.8881594972203686,-1.2493504913589935,2.8623775718644415,-0.9859502536116685,-1.8265459688961643,-0.058032081483555806,-0.8591431169383192,1.635100638061699,1.052381414726656,-0.4281683401809691,1.330910752989025,-0.40272273076148674,0.8796469090415626,-0.728021447710256,2.0148080520101947,-0.7108807174513406,1.0982819319921286,1.4813291345999255,1.0358410953064803,0.41806421066884164,-0.17168988975211363,1.4880961455340174,1.2601909212547102,-1.3742619967550402,0.32155305406805784
31.582100026786463,-22.19963412882223,-66.76955786478368,34.30728485043654,71.82092919599101,-14.87334274530597,0.7323364655209001,-76.17687412060486,21.293842928267,-12.182559753771812,-29.917952077563175,45.64008566608819,4.3346685122551,160.06170059998894,38.97567048008711,5.496301367955032,-18.517859847796245,53.42716701960345,20.836876030481182,13.462765154723797,-39.494277295712635,99.22107861484989,-22.61854995685468,-67.35118530743117,-7.073674468983174,-19.65736274731404,54.728339021754834,44.72189430232779,-18.311529797217634,58.043296686241526,0.6740171059361679,23.818916706478543,-17.40795327539023,50.667834583910775,-29.857931326015112,25.162405865207074,30.06317337869836,34.97374017788365,-12.898626109986788,-5.6468563538426295,51.53007366983378,76.12606483185166,-35.87026533620138,18.444897240169826
7.987669743181379,-5.3214495466439775,-16.623125925026983,8.387831099590024,17.7037304865662,-3.4119078015288604,0.05077351008728969,-18.580956492723587,5.055691176700544,-2.9915256185220818,-7.368511818649239,11.556247783318204,0.947478812022704,38.97567048008711,9.662842672098952,1.6483257406601683,-4.388318526846741,12.913352300109032,5.028160194657582,3.063707928058425,-9.494197786903717,24.11783692910003,-5.4732422341065226,-16.26863427103385,-1.8156948233239625,-4.71451073291897,13.35347789331046,10.9108296875757,-4.555131713951117,14.279576660306047,0.1918255256554297,5.748887198218013,-4.173677472791147,12.156458521610825,-7.307508213834731,5.9043613384655576,7.030005050158798,8.388511146854322,-3.36883256002674,-1.2930346002068245,12.570929395716908,18.853965608635736,-8.582989110049398,4.625082790439448
1.9912376424095253,-0.473170878595782,-3.1702444618446175,1.3943778931910045,2.9847124187507355,0.1861452294422919,-0.2890419346895783,-2.6764028338238415,0.4090645171063201,-0.5307613373511239,-1.1956475448081725,2.773150268009988,-0.21149258790664816,5.496301367955032,1.6483257406601683,0.930670262235408,-0.41669308290583407,1.4042970975461742,0.26121354129395236,-0.18314828440943515,-1.0366642121837535,3.2002690905791766,-0.48605534568959047,-2.1123931961193874,-0.48851118847890956,-0.3165015444287072,1.8004866311328076,1.6645689239490995,-0.8584761993361674,2.3677429464735984,0.32979014025276215,0.5708252901447836,-0.36165009887258687,1.0393085558799704,-1.1084002084627302,0.27283188505104633,0.12978206173608187,0.9312286061879372,-1.2727545289896036,-0.026360255772756816,1.7114190692830777,3.5590555849021643,-0.7130046888800075,0.909244739815855
-3.455641268218254,2.6243505150576207,7.478237090568911,-3.9471064428101035,-8.156366418183698,1.8677258750673627,-0.17093056996604386,8.791812371456158,-2.5557886995561283,1.3985171164637504,3.405010897842631,-4.980535872451131,-0.567244799144453,-18.517859847796245,-4.388318526846741,-0.41669308290583407,2.234429275931273,-6.2409871143451126,-2.430876730056612,-1.6968659773176689,4.664913626997079,-11.510682075628972,2.6318334840004134,7.891368352311375,0.7525614065849436,2.3182250402760265,-6.308495101111306,-5.169218713597692,2.0373788615132598,-6.615520422301013,-0.0754861531144102,-2.7846981642760604,2.053991755163792,-5.982001942932656,3.4294403095338746,-3.0637507323876716,-3.673758698181611,-4.140025886760266,1.3486484957648037,0.7213490884814107,-5.9467914923103065,-8.600967234949861,4.252985187813621,-2.0403956560193484
9.565059316013343,-7.687905634914879,-21.507728062480247,11.096287028916226,23.645388883848057,-5.666544196489388,0.4807661509223034,-25.429787441450134,7.370356144645493,-3.8245868572207633,-9.848548845034678,14.161982791244958,1.919542379654852,53.42716701960345,12.913352300109032,1.4042970975461742,-6.2409871143451126,18.470691725563228,7.703752533434302,5.1698318994944925,-13.41574186821457,33.366979783396374,-8.068545455515434,-22.44789094278759,-2.195157289557827,-7.008639280053519,18.50006247077243,14.719746817798175,-6.02466722152812,19.072638503387665,-0.3565272342802835,8.266713036981992,-6.14716567250774,17.780174974852674,-9.844577981543663,8.920611778534294,10.90330964289356,11.77071347642764,-3.2896664999967187,-1.900845151390204,17.347259293451078,24.38503148152292,-12.50563678155838,5.952438518704161
3.0229002121208053,-3.221942934582844,-7.905288921281471,4.039001688270013,9.00364071995004,-2.7517559646192864,0.3489612329179285,-9.9169183580311,3.04178716345327,-1.3273038601872238,-3.7710474422987486,4.772482520674877,1.097325312037001,20.836876030481182,5.028160194657582,0.26121354129395236,-2.430876730056612,7.703752533434302,3.6749782124177264,2.5081712666019826,-5.379732318062283,13.220039460845856,-3.580218726768657,-8.67367830205253,-0.7319885577611567,-3.1338697741516426,7.437206458845613,5.551446533827016,-2.30279901717763,7.241939346468552,-0.63823162589726945,3.5038299710787757,-2.6505621296293795,7.610471985555087,-3.784380630115143,3.8395421504036595,4.920594147389518,4.630387122019697,-0.49104827952940366,-0.7379972122542082,6.923096905609502,8.765971801865218,-5.309315677699837,2.2248119870091494
1.4963023049944513,-2.2059312445555883,-4.60158306237546,2.5276920876241555,5.570471977707309,-2.0795058026804485,0.3716299643162436,-6.392670222751555,2.1453000621148526,-0.7587028865140903,-2.326527924433163,2.471169242071936,0.8881594972203686,13.462765154723797,3.063707928058425,-0.18314828440943515,-1.6968659773176689,5.1698318994944925,2.5081712666019826,1.9593132643583702,-3.630974946537549,8.612743855746212,-2.429570532943136,-5.723493880577678,-0.3697590447201363,-2.137792865815476,4.815830732195631,3.541535926522632,-1.3974777834052716,4.47194616996043,-0.534391145462016,2.340409714561224,-1.8390267447101156,5.2453848657844455,-2.3694901493526475,2.784148370964438,3.5871312436842073,3.130019528127785,0.07091824518861782,-0.5453139675246458,4.451513229709444,5.187639148801189,-3.639260531445039,1.2558332166060708
-7.333989492816116,5.627977811774954,16.089104676653882,-8.331815008904245,-17.4967624910581,4.0377984418354975,-0.31432976981524474,18.78379047572408,-5.399338369588915,2.9404645422481206,7.323393301426306,-10.689830696682819,-1.2493504913589935,-39.494277295712635,-9.494197786903717,-1.0366642121837535,4.664913626997079,-13.41574186821457,-5.379732318062283,-3.630974946537549,9.931054771334816,-24.616163372246504,5.75416305286583,16.68980792059615,1.6361925915970663,5.009344075787432,-13.559124064183896,-11.001898700426336,4.376998100058284,-14.138050223595652,-0.006599576721414423,-5.987822390394212,4.401435124209643,-12.879575810012527,7.3013416487740495,-6.473881052753684,-7.841809082933622,-8.765113153184961,2.775699779499075,1.4744966967270328,-12.761844435849754,-18.342422768429927,9.088682362883967,-4.4310523792863705
19.17653785081263,-13.89917340130911,-41.1198606448903,21.1161414649708,44.373618232832875,-9.54939187095957,0.5511171775522586,-47.21991615404532,13.298519690778143,-7.480726200250042,-18.5182060300492,27.839821058927498,2.8623775718644415,99.22107861484989,24.11783692910003,3.2002690905791766,-11.510682075628972,33.366979783396374,13.220039460845856,8.612743855746212,-24.616163372246504,61.64215274563947,-14.231581236920405,-41.74601767721521,-4.304198738702788,-12.364138495199466,34.02152298840283,27.669110024512406,-11.26065493993997,35.84448966939753,0.20288236750368777,14.892168791884886,-10.89662561687666,31.77630764223253,-18.4571269660108,15.79962550708939,19.004645698284293,21.755920243737428,-7.597487529028934,-3.5344912937624877,32.01984277928474,46.80423136076426,-22.4550725221865,11.369829816578648
-3.700137031800247,3.3630044981973684,8.879736856139917,-4.551841569352349,-9.925443548684589,2.6582801671869003,-0.26963778180595854,10.776115986241104,-3.196107505914592,1.5227751168464054,4.141130943809613,-5.64132058832311,-0.9859502536116685,-22.61854995685468,-5.4732422341065226,-0.48605534568959047,2.6318334840004134,-8.068545455515434,-3.580218726768657,-2.429570532943136,5.75416305286583,-14.231581236920405,3.637991835142148,9.449027865522817,0.8801873245847838,3.142893283094085,-7.943923016181994,-6.150950993741316,2.531077223744961,-7.976619389008271,0.40045660668673705,-3.6241999237655707,2.7246224318124295,-7.865483689501089,4.124051105087371,-3.939529882991422,-4.921573769015749,-4.999608695426235,1.009433398023239,0.7916146910046982,-7.417593888355813,-9.969265499407868,5.484929587649693,-2.473528664312088
-13.211988887241127,9.364489833370397,27.924931800526867,-14.469269237236412,-30.087412969839757,6.320501816590648,-0.37698922222016557,32.024683537553884,-9.027410221952056,5.155773317304541,12.543352003370709,-19.015588269520563,-1.8265459688961643,-67.35118530743117,-16.26863427103385,-2.1123931961193874,7.891368352311375,-22.44789094278759,-8.67367830205253,-5.723493880577678,16.68980792059615,-41.74601767721521,9.449027865522817,28.46688076334805,2.922117119783414,8.2577743562596,-22.9638249883527,-18.84082356513051,7.626416040592884,-24.35273549524164,-0.37309452437548135,-10.010807310893464,7.318135786186309,-21.320393370530173,12.558019986661217,-10.68851587466351,-12.749782245262116,-14.8124764005462,5.417402325773731,2.4535805602488705,-21.641067798634968,-31.94829660762706,15.134913236815692,-7.6841334341083245
-1.7180793013107627,0.8769481074436374,3.2424207114313464,-1.6040086818795831,-3.3472211462922292,0.40480966805748847,0.07575677455335462,3.38685269879682,-0.8350645863478007,0.577746956687479,1.3752540595384404,-2.431672404574946,-0.058032081483555806,-7.073674468983174,-1.8156948233239625,-0.48851118847890956,0.7525614065849436,-2.195157289557827,-0.7319885577611567,-0.3697590447201363,1.6361925915970663,-4.304198738702788,0.8801873245847838,2.922117119783414,0.3975627875453816,0.7293601382304178,-2.3791290284721307,-2.0276027459737134,0.8871090630589001,-2.689490767015281,-0.1567024387602842,-0.9553654139171152,0.6831555932017568,-1.9812457817519697,1.3467208282804572,-0.9103366700447619,-1.0082144333080099,-1.459823485072535,0.8745270869724394,0.19654925700101158,-2.2442455081069452,-3.6995386865807505,1.3958059697983467,-0.9012252286089689
-3.1904969934319913,2.9379734835248934,7.6586834152949494,-3.9657445072537962,-8.554902512793301,2.346028460511266,-0.2743922143010917,9.339043493024063,-2.804691212297172,1.3546502028221834,3.5796601078698855,-4.822659821443029,-0.8591431169383192,-19.65736274731404,-4.71451073291897,-0.3165015444287072,2.3182250402760265,-7.008639280053519,-3.1338697741516426,-2.137792865815476,5.009344075787432,-12.364138495199466,3.142893283094085,8.2577743562596,0.7293601382304178,2.7814706299923615,-6.894318235316167,-5.318419171484299,2.1821221821153682,-6.916307028361634,0.3396707059340661,-3.180427181849869,2.3761868193148157,-6.840977134086964,3.616885874514696,-3.476028493146472,-4.356655786874696,-4.369187245075294,0.84393669908259,0.7218704362909334,-6.449475985261292,-8.611891368486411,4.826440249238355,-2.134206163963114
10.494917519403739,-7.686556883757843,-22.648601158236467,11.591917471091657,24.494252658768985,-5.3175850164414795,0.3016959362373185,-26.058472891614862,7.344484441204462,-4.075472777422592,-10.209833876897054,15.307514095138497,1.635100638061699,54.728339021754834,13.35347789331046,1.8004866311328076,-6.308495101111306,18.50006247077243,7.437206458845613,4.815830732195631,-13.559124064183896,34.02152298840283,-7.943923016181994,-22.9638249883527,-2.3791290284721307,-6.894318235316167,18.82983424859808,15.210408914774805,-6.255365216078637,19.767299894137814,-0.011193233119777404,8.263835386476917,-6.067123727762296,17.63538769167026,-10.177768481697084,8.741932291166766,10.55351547174136,11.956214611386667,-4.057564812380536,-1.9105362671881316,17.695030252228936,25.71665261777407,-12.442020108001541,6.277254650039986
9.123154232050743,-6.124439822295434,-18.917271833057185,9.690984040875504,20.16909627868563,-3.9609826459344704,0.12571410827361598,-21.290286257719732,5.865688245690412,-3.4856754913494705,-8.417823742587224,13.079818680996878,1.052381414726656,44.72189430232779,10.9108296875757,1.6645689239490995,-5.169218713597692,14.719746817798175,5.551446533827016,3.541535926522632,-11.001898700426336,27.669110024512406,-6.150950993741316,-18.84082356513051,-2.0276027459737134,-5.318419171484299,15.210408914774805,12.60471599956244,-5.096461347791237,16.297932605322146,0.40372385861774157,6.533818528001887,-4.73472152128844,13.892062848272982,-8.358270977451314,6.856318625310698,8.115182039881645,9.771407406010685,-3.9486929309048473,-1.5917898830631496,14.351993308670384,21.617805329917882,-9.83476173910404,5.217885824546908
-3.842888879014254,2.446549727277519,7.819789113634338,-3.9835075731307543,-8.370863711490857,1.4781973887373814,-4.550843565570719e-4,8.732961141720052,-2.358979459514551,1.385602744907372,3.438476313840342,-5.542356636064343,-0.4281683401809691,-18.311529797217634,-4.555131713951117,-0.8584761993361674,2.0373788615132598,-6.02466722152812,-2.30279901717763,-1.3974777834052716,4.376998100058284,-11.26065493993997,2.531077223744961,7.626416040592884,0.8871090630589001,2.1821221821153682,-6.255365216078637,-5.096461347791237,2.2347980278599535,-6.750526073858576,-0.1003356331346456,-2.6780182264644345,1.9735615815015348,-5.6173141806204026,3.447325950468299,-2.7394762646782325,-3.207730091642906,-3.8812381904628253,1.645399601347964,0.5590062388933729,-5.867361934636013,-8.904193047586261,3.979321705571876,-2.169099215483864
12.028034644748965,-7.873794559314025,-24.732781074471973,12.599060891223127,26.30924325121396,-4.970559844751678,0.10134686228875425,-27.63693530053131,7.534978129290911,-4.532317826165781,-10.942736063057396,17.26364577599675,1.330910752989025,58.043296686241526,14.279576660306047,2.3677429464735984,-6.615520422301013,19.072638503387665,7.241939346468552,4.47194616996043,-14.138050223595652,35.84448966939753,-7.976619389008271,-24.35273549524164,-2.689490767015281,-6.916307028361634,19.767299894137814,16.297932605322146,-6.750526073858576,21.274670519691345,0.48489561671075737,8.490474091347824,-6.150090048596507,17.902198117292517,-10.904342711161275,8.78272129053636,10.371023918829394,12.547958953181139,-5.218430704343689,-1.983621850595742,18.64442100994481,28.192296562063323,-12.709215089077755,6.8496589608708165
0.9716311714095196,0.14891716681456774,-0.9077913703616749,0.4690583368382614,0.5413510291044251,0.5317775246741674,-0.17990277488234133,-0.3094648412395841,-0.1179061245503907,-0.28361986480426643,-0.23233158785401845,1.0766107164580097,-0.40272273076148674,0.6740171059361679,0.1918255256554297,0.32979014025276215,-0.0754861531144102,-0.3565272342802835,-0.63823162589726945,-0.534391145462016,-0.006599576721414423,0.20288236750368777,0.40045660668673705,-0.37309452437548135,-0.1567024387602842,0.3396707059340661,-0.011193233119777404,0.40372385861774157,-0.1003356331346456,0.48489561671075737,0.5788512421477658,-0.19761415906361388,0.23767416630990543,-0.5646460998247841,-0.21949667975716378,-0.3230550884966572,-0.6212987606040572,0.10883225477298197,-0.9736409430789369,-0.050682701596066394,0.06973092469947059,1.2103394212313878,0.31755041948406887,0.22511117245908652
4.215171117216826,-3.4515669386805334,-9.55707249656985,4.92935375488576,10.503771226002073,-2.576962668558958,0.24077475863911654,-11.323375708402201,3.2971127875109305,-1.7150116219357108,-4.386422516764207,6.244559688696171,0.8796469090415626,23.818916706478543,5.748887198218013,0.5708252901447836,-2.7846981642760604,8.266713036981992,3.5038299710787757,2.340409714561224,-5.987822390394212,14.892168791884886,-3.6241999237655707,-10.010807310893464,-0.9553654139171152,-3.180427181849869,8.263835386476917,6.533818528001887,-2.6780182264644345,8.490474091347824,-0.19761415906361388,3.7252354321723926,-2.7555322108052023,7.97113438958456,-4.404892361030612,4.012530306526874,4.936283285002061,5.2565229652385765,-1.4009201207073103,-0.8572257946119528,7.754220786376894,10.80954265970481,-5.630636249907966,2.6545722803605885
-2.911536617927687,2.5496766379737927,6.796441482952082,-3.555407670131464,-7.628412598452468,1.9670995935861142,-0.20996435847690245,8.285394458594649,-2.472589801426431,1.1801428395501732,3.156091565566123,-4.380040226930449,-0.728021447710256,-17.40795327539023,-4.173677472791147,-0.36165009887258687,2.053991755163792,-6.14716567250774,-2.6505621296293795,-1.8390267447101156,4.401435124209643,-10.89662561687666,2.7246224318124295,7.318135786186309,0.6831555932017568,2.3761868193148157,-6.067123727762296,-4.73472152128844,1.9735615815015348,-6.150090048596507,0.23767416630990543,-2.7555322108052023,2.0927731335836293,-5.962783866540119,3.18638706343395,-3.034417334025535,-3.734930534735436,-3.8437990294132325,0.8528614804642927,0.6157639331506745,-5.663269186421077,-7.707365246017723,4.187599776423667,-1.8739124784033094
8.592055266095738,-7.451208889573092,-20.01233478030745,10.377383725027848,22.219879138039598,-5.745089039608752,0.577147081718884,-24.112788866004706,7.136121968745416,-3.5294827440342247,-9.282928832791448,12.852018311314076,2.0148080520101947,50.667834583910775,12.156458521610825,1.0393085558799704,-5.982001942932656,17.780174974852674,7.610471985555087,5.2453848657844455,-12.879575810012527,31.77630764223253,-7.865483689501089,-21.320393370530173,-1.9812457817519697,-6.840977134086964,17.63538769167026,13.892062848272982,-5.6173141806204026,17.902198117292517,-0.5646460998247841,7.97113438958456,-5.962783866540119,17.28393572846398,-9.277172861267792,8.729652531643826,10.78984024972318,11.268976551879135,-2.6537899092247836,-1.852908967928639,16.506945690909898,22.65335108693465,-12.1161438324616,5.533707517462586
-6.102149638584558,4.086766045785643,12.636463697782263,-6.4676968235626475,-13.46047798298232,2.63487533349548,-0.09214665168842145,14.200684839016262,-3.913944565457851,2.3353901473577756,5.611900725309574,-8.74493889862322,-0.7108807174513406,-29.857931326015112,-7.307508213834731,-1.1084002084627302,3.4294403095338746,-9.844577981543663,-3.784380630115143,-2.3694901493526475,7.3013416487740495,-18.4571269660108,4.124051105087371,12.558019986661217,1.3467208282804572,3.616885874514696,-10.177768481697084,-8.358270977451314,3.447325950468299,-10.904342711161275,-0.21949667975716378,-4.404892361030612,3.18638706343395,-9.277172861267792,5.6221381619814,-4.588042236693962,-5.451292687747248,-6.487771048803894,2.5951957044907,1.0487763329466393,-9.6005815999947135,-14.40505481877264,6.6111075612045385,-3.499601989009382
4.025724735520881,-3.7586576996122774,-9.620943434962555,5.124827784022185,10.861108443685673,-3.0088001158293767,0.3930802547657579,-11.946943311043912,3.654517841552355,-1.7241079903470318,-4.527895215527061,6.028644081037794,1.0982819319921286,25.162405865207074,5.9043613384655576,0.27283188505104633,-3.0637507323876716,8.920611778534294,3.8395421504036595,2.784148370964438,-6.473881052753684,15.79962550708939,-3.939529882991422,-10.68851587466351,-0.9103366700447619,-3.476028493146472,8.741932291166766,6.856318625310698,-2.7394762646782325,8.78272129053636,-0.3230550884966572,4.012530306526874,-3.034417334025535,8.729652531643826,-4.588042236693962,4.526632772005561,5.600835943335543,5.677395295860393,-1.1134402060255075,-0.975906212323159,8.179141067356069,10.969469439255473,-6.154516287145341,2.634357511743254
4.431691164795813,-4.627238047809588,-11.253157249369563,5.9759333849322704,12.837999433465049,-3.9107608885720504,0.5624985660041104,-14.267880382843643,4.455928775392747,-1.994327372641184,-5.386865537459912,6.776483617960904,1.4813291345999255,30.06317337869836,7.030005050158798,0.12978206173608187,-3.673758698181611,10.90330964289356,4.920594147389518,3.5871312436842073,-7.841809082933622,19.004645698284293,-4.921573769015749,-12.749782245262116,-1.0082144333080099,-4.356655786874696,10.55351547174136,8.115182039881645,-3.207730091642906,10.371023918829394,-0.6212987606040572,4.936283285002061,-3.734930534735436,10.78984024972318,-5.451292687747248,5.600835943335543,7.06224696563417,6.839705193026092,-0.9268382340741597,-1.1887156531703575,9.856810868051326,12.729490943862693,-7.582731072511352,3.1005199217145534
6.627335488476951,-4.949923261979768,-14.327037781731274,7.445932554306661,15.511028373155225,-3.47825367306032,0.26147923634573395,-16.622847926286344,4.753998296950414,-2.649089239355454,-6.495726327178829,9.581301161256055,1.0358410953064803,34.97374017788365,8.388511146854322,0.9312286061879372,-4.140025886760266,11.77071347642764,4.630387122019697,3.130019528127785,-8.765113153184961,21.755920243737428,-4.999608695426235,-14.8124764005462,-1.459823485072535,-4.369187245075294,11.956214611386667,9.771407406010685,-3.8812381904628253,12.547958953181139,0.10883225477298197,5.2565229652385765,-3.8437990294132325,11.268976551879135,-6.487771048803894,5.677395295860393,6.839705193026092,7.769620386737975,-2.606936422536961,-1.3157240706812752,11.26635452678631,16.37664697758804,-7.978131326267204,3.9396436915495414
-4.185149730628959,1.3101715888347052,6.745022650017368,-3.3168219359935533,-6.402760439136296,0.016864188818575685,0.36292578505343104,6.15239889404043,-1.2461417949558327,1.3654699295092094,2.658604158085036,-5.549989390902907,0.41806421066884164,-12.898626109986788,-3.36883256002674,-1.2727545289896036,1.3486484957648037,-3.2896664999967187,-0.49104827952940366,0.07091824518861782,2.775699779499075,-7.597487529028934,1.009433398023239,5.417402325773731,0.8745270869724394,0.84393669908259,-4.057564812380536,-3.9486929309048473,1.645399601347964,-5.218430704343689,-0.9736409430789369,-1.4009201207073103,0.8528614804642927,-2.6537899092247836,2.5951957044907,-1.1134402060255075,-0.9268382340741597,-2.606936422536961,2.723380130532415,0.3911883904056938,-3.937823373454406,-7.860918455743573,1.9867331944916615,-1.859033308313343
-1.007143455233589,0.8286310010794251,2.237444256521995,-1.2022934020947023,-2.4217728919691086,0.6345572950006111,-0.08227801800535643,2.6670984269876796,-0.8047556364909609,0.45259802099362106,1.035923197368036,-1.42480416281968,-0.17168988975211363,-5.6468563538426295,-1.2930346002068245,-0.026360255772756816,0.7213490884814107,-1.900845151390204,-0.7379972122542082,-0.5453139675246458,1.4744966967270328,-3.5344912937624877,0.7916146910046982,2.4535805602488705,0.19654925700101158,0.7218704362909334,-1.9105362671881316,-1.5917898830631496,0.5590062388933729,-1.983621850595742,-0.050682701596066394,-0.8572257946119528,0.6157639331506745,-1.852908967928639,1.0487763329466393,-0.975906212323159,-1.1887156531703575,-1.3157240706812752,0.3911883904056938,0.2678151624960499,-1.8183322876264598,-2.589759169270207,1.334490374170602,-0.6053715162703546
9.982566370055148,-7.214486886572884,-21.415131958827313,10.94970584860216,23.076498192271305,-4.9523643898427165,0.2722515283677907,-24.525640175425565,6.884633039767883,-3.889331143964118,-9.632910567885,14.515033309721115,1.4880961455340174,51.53007366983378,12.570929395716908,1.7114190692830777,-5.9467914923103065,17.347259293451078,6.923096905609502,4.451513229709444,-12.761844435849754,32.01984277928474,-7.417593888355813,-21.641067798634968,-2.2442455081069452,-6.449475985261292,17.695030252228936,14.351993308670384,-5.867361934636013,18.64442100994481,0.06973092469947059,7.754220786376894,-5.663269186421077,16.506945690909898,-9.6005815999947135,8.179141067356069,9.856810868051326,11.26635452678631,-3.937823373454406,-1.8183322876264598,16.65614590999056,24.32632820914646,-11.669930387621893,5.936765667820319
16.743990040162345,-10.072892540130374,-33.28508685500252,16.858894081769538,34.85724172942194,-5.856155773449666,-0.12740423149555072,-36.26059890289663,9.605740604956145,-6.182190004071575,-14.527698167152726,23.72344033952411,1.2601909212547102,76.12606483185166,18.853965608635736,3.5590555849021643,-8.600967234949861,24.38503148152292,8.765971801865218,5.187639148801189,-18.342422768429927,46.80423136076426,-9.969265499407868,-31.94829660762706,-3.6995386865807505,-8.611891368486411,25.71665261777407,21.617805329917882,-8.904193047586261,28.192296562063323,1.2103394212313878,10.80954265970481,-7.707365246017723,22.65335108693465,-14.40505481877264,10.969469439255473,12.729490943862693,16.37664697758804,-7.860918455743573,-2.589759169270207,24.32632820914646,38.039254938425316,-16.122267546210825,9.214008926964969
-6.1919062084772145,5.243333352956766,14.214689583902315,-7.399370124993598,-15.716463544612926,3.9961260781260055,-0.4156014296051989,17.04549586225508,-5.036672562645176,2.5589186276912836,6.56770937290687,-9.181718681582653,-1.3742619967550402,-35.87026533620138,-8.582989110049398,-0.7130046888800075,4.252985187813621,-12.50563678155838,-5.309315677699837,-3.639260531445039,9.088682362883967,-22.4550725221865,5.484929587649693,15.134913236815692,1.3958059697983467,4.826440249238355,-12.442020108001541,-9.83476173910404,3.979321705571876,-12.709215089077755,0.31755041948406887,-5.630636249907966,4.187599776423667,-12.1161438324616,6.6111075612045385,-6.154516287145341,-7.582731072511352,-7.978131326267204,1.9867331944916615,1.334490374170602,-11.669930387621893,-16.122267546210825,8.557127659572577,-3.929884562150421
4.048408475120384,-2.45599175506407,-8.133322772768413,4.047628370844154,8.478043087352344,-1.4477752698748105,-0.04287625873566681,-8.790202458538435,2.301748401143548,-1.4969754982444963,-3.5476163694199716,5.776878713898897,0.32155305406805784,18.444897240169826,4.625082790439448,0.909244739815855,-2.0403956560193484,5.952438518704161,2.2248119870091494,1.2558332166060708,-4.4310523792863705,11.369829816578648,-2.473528664312088,-7.6841334341083245,-0.9012252286089689,-2.134206163963114,6.277254650039986,5.217885824546908,-2.169099215483864,6.8496589608708165,0.22511117245908652,2.6545722803605885,-1.8739124784033094,5.533707517462586,-3.499601989009382,2.634357511743254,3.1005199217145534,3.9396436915495414,-1.859033308313343,-0.6053715162703546,5.936765667820319,9.214008926964969,-3.929884562150421,2.275356625984011
