V1,V2,V3,V4,V5,V6,V7,V8,V9,V10,V11,V12,V13,V14,V15,V16,V17,V18,V19,V20,V21,V22,V23,V24,V25,V26,V27,V28,V29,V30,V31,V32,V33,V34,V35,V36,V37,V38,V39,V40,V41,V42,V43,V44
4.65445164410641,1.269818064762582,-3.5644360956180354,1.3445348427588986,1.7948163987842431,2.738189830176463,-0.9502365679377398,0.4265395494229821,-1.4161236070399432,-0.9619435401190718,-1.5018379552037633,4.481292545703788,-1.9958318558595547,-0.753524794436725,0.197756507911052,2.0873803846133185,0.41175167808536356,-2.956505770561979,-4.100473714159043,-3.8943404138396964,0.7936258594057815,-1.7155054587620753,2.6175788434778178,1.0830650825276344,-0.34637413156894453,1.7404611378857944,-0.9381401485540475,0.19456941044192086,-0.6385167495847134,0.9127311844718258,2.3725538934756307,-0.958726685693984,1.6434311224474791,-3.644029789160299,0.24124932204501665,-2.0789357374286217,-3.920775788317644,-1.186765321619758,-4.395457999481323,0.1951391400881707,-0.9009119201669558,4.327505217287001,2.539550173640476,1.2985877502229513
1.269818064762582,0.4932383960303675,-1.1495744293635881,0.3938543808162996,0.43566535864202854,1.2640009402440069,-0.4879147150634276,-0.031903088646639086,-0.4466003372930694,-0.26210883498581417,0.14290821964247793,1.8429965366407264,-0.6548505774628667,-0.10210406594670386,0.3905589174313988,0.9535125775379029,0.2654716340732079,-0.8345939712237188,-0.5880633343395112,-0.7502765490576204,0.645689946550166,-0.34796911336133723,0.49108542613475253,-0.07573013352571553,-0.47156328118828755,0.7215411992808362,-0.3522473944811679,0.3917115142785367,-0.15812092144587328,0.5904469717072315,0.6745675808897793,-0.6219571408297309,0.40182674250287453,-1.3764310455891213,-0.3694968005987688,-1.0459448028802054,-1.4482027975288418,-0.1617007707982666,-1.396319212180551,0.16132133270885768,-0.14630690879938923,1.4178996461451217,0.8287549867820446,0.22522880450841914
-3.5644360956180354,-1.1495744293635881,2.943490187517377,-1.062329088734555,-1.309322912420705,-2.72090491369975,1.0037439338551666,-0.1476610037449727,1.1572077795223847,0.7362766085312306,0.4831436523091119,-4.1806365830583205,1.6616271325146459,0.4521890456316702,-0.5577249320953189,-2.062070925978265,-0.500130983032514,2.2979351425952994,2.499769479580606,2.6055589174293243,-1.1257681774345252,1.1688760981424073,-1.7353705290716246,-0.3813890992728227,0.720307654236909,-1.630673928757273,0.8346958583677876,-0.5576933361209242,0.46957097926494823,-1.1110749224598047,-1.8498680676922188,1.1691933057696644,-1.2023900008212518,3.2520280344608183,0.34062426529097123,2.1699336402952634,3.459424407999422,0.7132819887751239,3.604055700898115,-0.27991046340033865,0.5698821034395924,-3.6004176928748866,-2.108835989295675,-0.8387121130012359
1.3445348427588986,0.3938543808162996,-1.062329088734555,0.39358320454385204,0.5085179480371488,0.8864372252117128,-0.31676854687454364,0.09569271800379144,-0.420318215156697,-0.2778113410999849,-0.331878615554258,1.4090444228966206,-0.5968929529496111,-0.19866024092580595,0.11929613032793568,0.6738464291172968,0.14705536822948795,-0.8592278550527989,-1.0865218685540503,-1.0672779151858436,0.3085237781820015,-0.4733889978214252,0.7150102123262593,0.24433590084476445,-0.1695275379606702,0.548393609715209,-0.2888090392176154,0.11861748292664047,-0.18145145440790816,0.3266119440194584,0.6904085569876666,-0.34341962090409645,0.46615375337766396,-1.123361233642267,-0.010649823890706761,-0.6888705501396433,-1.202379791924907,-0.3129801802283127,-1.3060903796485497,0.07638954753995336,-0.24200606160290639,1.293822473586177,0.7586287209326382,0.3512705198025796
1.7948163987842431,0.43566535864202854,-1.309322912420705,0.5085179480371488,0.7120153735112121,0.8656975332379121,-0.28225465367526925,0.21897506965937671,-0.5239535866666682,-0.37105713356217335,-0.7824460684552303,1.4998282249423898,-0.7290314550852576,-0.3286561851097231,-0.047584992374077054,0.6636243455616425,0.10239905412890471,-1.1297989724322393,-1.7764049372360797,-1.616543751407844,0.14818813107430812,-0.7056743346185099,1.0914635968656454,0.5541972343488958,0.005122266607749551,0.5803785384133334,-0.3263070772260009,-0.04955959395150434,-0.2521515575458412,0.2263318892660169,0.9048365885792893,-0.23708865956472525,0.6508554738498351,-1.2646073581325776,0.25316215969934086,-0.6255089856046954,-1.372641648037596,-0.5172533649274927,-1.6224341164003528,0.03547999827631261,-0.3840325788928353,1.5814249705390626,0.9293282435023652,0.5482480351754496
2.738189830176463,1.2640009402440069,-2.72090491369975,0.8864372252117128,0.8656975332379121,3.4320338447321967,-1.364672662106603,-0.2715931587070413,-1.0454718436081492,-0.5647324760190918,1.0631676228561304,4.8218329447916055,-1.5629004254938792,-0.07889094939920713,1.302165120630152,2.580859667321541,0.7814872536685844,-1.8379662486387431,-0.543013750735183,-1.1912434092921775,1.9788346250948776,-0.5863310740107516,0.7542273618810095,-0.6705604883471387,-1.5319336987830292,1.8931162290092254,-0.8912029768577843,1.3072225287745431,-0.31895998794117225,1.7396863285795814,1.4918778920612605,-1.833543886511394,0.8028795245590549,-3.4905690573614234,-1.3915100431162104,-2.909582829858345,-3.6399073261047565,-0.12740835230918268,-3.280331976218134,0.49561378311921706,-0.17969884851767978,3.3815882969207665,1.972710274535483,0.3093166865166985
-0.9502365679377398,-0.4879147150634276,1.0037439338551666,-0.31676854687454364,-0.28225465367526925,-1.364672662106603,0.5504926277633493,0.14406563159621766,0.38303029362553576,0.19588409859083858,-0.5545757681680825,-1.881726079272651,0.579414527554755,-0.007359493793975584,-0.5649778262128263,-1.0246652474093603,-0.3226397382839045,0.6472259681356571,0.010209041964571782,0.30855307403436144,-0.8308569967940412,0.1631648541034569,-0.18678277364482387,0.3573735288112153,0.6581670329151175,-0.739912129979912,0.3416673554160175,-0.567386677850335,0.10526671387793153,-0.7184105568443293,-0.5269178932848365,0.7573909977605766,-0.26299073192422384,1.3397156904765912,0.6290901216540581,1.1705452856304956,1.390274684319494,-0.01015834189709693,1.2045854399057194,-0.2083365452285468,0.028966139187851143,-1.2532214075070611,-0.7301712648722433,-0.06395368858548599
0.4265395494229821,-0.031903088646639086,-0.1476610037449727,0.09569271800379144,0.21897506965937671,-0.2715931587070413,0.14406563159621766,0.189238081095935,-0.06866819891633621,-0.08850575011824159,-0.6960807088774157,-0.21638732656349435,-0.07135266952057026,-0.17350235698275404,-0.32212790226292776,-0.19682210101906847,-0.11676486198241912,-0.2425839570323716,-0.9121152437656863,-0.6725023917099124,-0.3611837237858602,-0.27857885046286773,0.4652145462602409,0.47450668549380665,0.3492658286163939,-0.08995913463070365,0.01136777429630554,-0.3242961670688174,-0.07477992948581712,-0.26134223721596894,0.18987295436844817,0.27630562705480627,0.19761141709242358,0.05269863734971587,0.4620640832164895,0.2933304072803164,0.023158901378449347,-0.27241156529030086,-0.20353820991749513,-0.09144061560383854,-0.18290606273058474,0.15690737505000812,0.09536904444205337,0.24944888698257484
-1.4161236070399432,-0.4466003372930694,1.1572077795223847,-0.420318215156697,-0.5239535866666682,-1.0454718436081492,0.38303029362553576,-0.06866819891633621,0.4557907802777045,0.29253170157142117,0.22998570435998597,-1.6182848023081655,0.6525731565229087,0.1868534799369261,-0.19848097877346493,-0.7928078567234011,-0.18797273747188448,0.911045855655477,1.0295632541458686,1.0565254644867235,-0.41786492955400956,0.4725857889963273,-0.7048551037538995,-0.1769780467209576,0.2602346379837635,-0.6309478746526397,0.3249821661418854,-0.19822317321105884,0.18765421378349917,-0.4178710747971134,-0.7330372844298813,0.4396583326558135,-0.4809323669311952,1.2659621655262432,0.10541194050639086,0.8291625460259667,1.3483274175740476,0.29458473657224826,1.4183194324397115,-0.10383762816168711,0.23339060943294124,-1.4140141710636214,-0.8284926885336481,-0.3420838046832675
-0.9619435401190718,-0.26210883498581417,0.7362766085312306,-0.2778113410999849,-0.37105713356217335,-0.5647324760190918,0.19588409859083858,-0.08850575011824159,0.29253170157142117,0.198845795775771,0.311643660833987,-0.924765435819522,0.4122095699231278,0.1559713985683033,-0.04011762335923349,-0.4305476329043599,-0.0847707718401536,0.6109659330774091,0.8486848776907706,0.8055844199101765,-0.16302400243339088,0.3548210171706884,-0.54147282548518,-0.22470796365167814,0.07068542317053536,-0.3591698981497253,0.19368863406445774,-0.039462158927791854,0.1320042120575086,-0.18785715251520788,-0.4902963972560001,0.19734478646313794,-0.3397672920187523,0.7522171116651293,-0.05086555382667815,0.42858128495084497,0.809464972871475,0.24566224357769742,0.9079823092459561,-0.0401002946287885,0.18643022986542876,-0.8938559314063356,-0.524529381729307,-0.2686686528834924
-1.5018379552037633,0.14290821964247793,0.4831436523091119,-0.331878615554258,-0.7824460684552303,1.0631676228561304,-0.5545757681680825,-0.6960807088774157,0.22998570435998597,0.311643660833987,2.565541470832775,0.8901882717929653,0.2284274798073914,0.6327142201642417,1.203770604804189,0.7726334703447022,0.4436517745547904,0.848527629433787,3.32125437214607,2.432166382707974,1.3600839845717119,1.005598454305804,-1.6845034951613105,-1.7473593011967568,-1.308014834045503,0.36752612321298567,-0.0599663559758608,1.2122697515739682,0.2666096564512912,0.9911935024622276,-0.6628108684902418,-1.0477422654064164,-0.7055292072589354,-0.2637843943102837,-1.7170012135223436,-1.1320603032872592,-0.16018320583053036,0.9930709170117079,0.6758834060019746,0.3440742333275395,0.6652187093732664,-0.5029552595498067,-0.30773056415528527,-0.904987828033709
4.481292545703788,1.8429965366407264,-4.1806365830583205,1.4090444228966206,1.4998282249423898,4.8218329447916055,-1.881726079272651,-0.21638732656349435,-1.6182848023081655,-0.924765435819522,0.8901882717929653,6.937393904040444,-2.38809551248976,-0.2881909473983953,1.6134475223346902,3.6332791093350814,1.0436136082670353,-2.964949420458406,-1.7047045297448278,-2.429701946834629,2.578545186059781,-1.1441962170076614,1.5773227379289065,-0.5265419098215753,-1.9273402168198146,2.7188414880592724,-1.3104297385693526,1.6187399029344047,-0.5467570294986487,2.3221382845824827,2.399664195907878,-2.4466055268010667,1.3855503914163483,-5.124677228783673,-1.6079495551344134,-4.025562140376895,-5.375005125533684,-0.4576815454394846,-5.065391354556661,0.6448762773487847,-0.4470105393945155,5.169469464912405,3.019569082716443,0.704680635009746
-1.9958318558595547,-0.6548505774628667,1.6616271325146459,-0.5968929529496111,-0.7290314550852576,-1.5629004254938792,0.579414527554755,-0.07135266952057026,0.6525731565229087,0.4122095699231278,0.2284274798073914,-2.38809551248976,0.9388378559777083,0.24531179186041166,-0.3379323773511135,-1.1838479913110502,-0.2916536582262002,1.2888166601755384,1.3592357320383017,1.4351066581502268,-0.6630815516414867,0.6453299952530082,-0.9547165518393159,-0.18522868700113046,0.4321109788423892,-0.9318317580941379,0.47467999458590554,-0.3380416781815762,0.2617041465309456,-0.6481332882658032,-1.0378409007741762,0.682087948717883,-0.6697054548909599,1.8500937689513035,0.22390116694144307,1.2514802537048229,1.965861698842566,0.38702813189422847,2.0330425413331623,-0.16495445306006673,0.3115195472501674,-2.0340220952483006,-1.1911770579957557,-0.45980382152569943
-0.753524794436725,-0.10210406594670386,0.4521890456316702,-0.19866024092580595,-0.3286561851097231,-0.07889094939920713,-0.007359493793975584,-0.17350235698275404,0.1868534799369261,0.1559713985683033,0.6327142201642417,-0.2881909473983953,0.24531179186041166,0.19498637868907315,0.20526229437288449,-0.06720708231785118,0.0413413504440937,0.4589265140179805,1.0378890640863967,0.8505133739461554,0.17401088676156,0.36235092228615573,-0.5810302975758584,-0.4370202400782962,-0.20976715158548678,-0.10789424346500509,0.08399551865980587,0.2072226364238999,0.1147049578071933,0.09296516972925388,-0.3648734724597115,-0.0988573328015646,-0.2988792435096926,0.3205457867973604,-0.3459147721534696,-9.509081580996248e-4,0.367897048325146,0.30639861896903103,0.5726263050212326,0.044566930607360195,0.21604296468666456,-0.5333085762098168,-0.31534535068518893,-0.30120424897012293
0.197756507911052,0.3905589174313988,-0.5577249320953189,0.11929613032793568,-0.047584992374077054,1.302165120630152,-0.5649778262128263,-0.32212790226292776,-0.19848097877346493,-0.04011762335923349,1.203770604804189,1.6134475223346902,-0.3379323773511135,0.20526229437288449,0.7805825765958726,0.9696088512518157,0.368589280854289,-0.18984183846057398,1.0429747423804827,0.5506908408845529,1.0182245873173787,0.2025066254603206,-0.400394507233262,-0.8055288532743473,-0.8795297281062677,0.6399610306856506,-0.2607924126392361,0.7849377935454813,0.009779596527311491,0.8219322404551352,0.16337350243765716,-0.8673815281149648,-0.03690613545604085,-1.0318306463551072,-0.9882244123936846,-1.1865423860347053,-1.034768677871791,0.32119349899507543,-0.638980880077705,0.256278135118433,0.18980399879096232,0.7280379626392173,0.41957062156044383,-0.240868083932343
2.0873803846133185,0.9535125775379029,-2.062070925978265,0.6738464291172968,0.6636243455616425,2.580859667321541,-1.0246652474093603,-0.19682210101906847,-0.7928078567234011,-0.4305476329043599,0.7726334703447022,3.6332791093350814,-1.1838479913110502,-0.06720708231785118,0.9696088512518157,1.9411863648549916,0.5853169539652616,-1.399187014010634,-0.4503064679804993,-0.9295198021370767,1.4790897746144474,-0.45519568827303836,0.5901924298678606,-0.48573776681880254,-1.1419829286272638,1.426274796553317,-0.6727892865753384,0.9733694124739222,-0.24425402710681898,1.3028463345914385,1.1354323116024239,-1.3731029203478975,0.6152347562635345,-2.6346767093908308,-1.0309423132977196,-2.1852577958130706,-2.7488461769648254,-0.10824697211468308,-2.4871531067929404,0.3703957551015738,-0.14376563263498565,2.561627590064996,1.494504603978974,0.24463260923959418
0.41175167808536356,0.2654716340732079,-0.500130983032514,0.14705536822948795,0.10239905412890471,0.7814872536685844,-0.3226397382839045,-0.11676486198241912,-0.18797273747188448,-0.0847707718401536,0.4436517745547904,1.0436136082670353,-0.2916536582262002,0.0413413504440937,0.368589280854289,0.5853169539652616,0.1963577766799662,-0.2907261619618797,0.19071968467849176,-0.018963067872456416,0.5177999385274739,-0.02658288266806412,-0.001176867845137034,-0.29134521454462275,-0.4239612337856235,0.4112928447712357,-0.18347545671938625,0.3705055997651254,-0.03970891149528862,0.43698198563205665,0.23839555471573337,-0.4608341212647703,0.09680272210596996,-0.7209128897791358,-0.4327305873283921,-0.6833601247678045,-0.7417443482882994,0.06410907981918548,-0.5944807115228354,0.1299625424374439,0.02418916559222203,0.6304242724269769,0.3664065723873394,-0.01974340636863299
-2.956505770561979,-0.8345939712237188,2.2979351425952994,-0.8592278550527989,-1.1297989724322393,-1.8379662486387431,0.6472259681356571,-0.2425839570323716,0.911045855655477,0.6109659330774091,0.848527629433787,-2.964949420458406,1.2888166601755384,0.4589265140179805,-0.18984183846057398,-1.399187014010634,-0.2907261619618797,1.8833709556495122,2.503375851672187,2.414122669174676,-0.5860465064545358,1.0667911671087404,-1.6201532818326674,-0.6171300165968678,0.2919557503636312,-1.1526409627934142,0.6142885399536617,-0.18817883342049993,0.4025333237200259,-0.6449036295518716,-1.5122472734633905,0.6777493048931504,-1.0350302600096755,2.3876696734212635,-0.07017103145033743,1.4118744150170115,2.5626958280045504,0.7229334086880338,2.8296356475890017,-0.14457193495388732,0.553312517321381,-2.79408523836194,-1.6390877130334724,-0.8002453376175027
-4.100473714159043,-0.5880633343395112,2.499769479580606,-1.0865218685540503,-1.7764049372360797,-0.543013750735183,0.010209041964571782,-0.9121152437656863,1.0295632541458686,0.8486848776907706,3.32125437214607,-1.7047045297448278,1.3592357320383017,1.0378890640863967,1.0429747423804827,-0.4503064679804993,0.19071968467849176,2.503375851672187,5.53119818559426,4.5597478107398555,0.8527822992767289,1.9454401226574876,-3.1125042299874233,-2.2965109106011856,-1.058177837122734,-0.6411263592298616,0.4782479516746346,1.052873898622301,0.6207032500487049,0.4304508950698244,-1.9915452226037924,-0.45845494090424055,-1.6161075169846428,1.8278353382572339,-1.7865197788350091,0.10035072387096644,2.085570663011075,1.631358842825099,3.1594594567984675,0.2189540467084044,1.1532556637159226,-2.9546367220549685,-1.7459533230780437,-1.6106864437464656
-3.8943404138396964,-0.7502765490576204,2.6055589174293243,-1.0672779151858436,-1.616543751407844,-1.1912434092921775,0.30855307403436144,-0.6725023917099124,1.0565254644867235,0.8055844199101765,2.432166382707974,-2.429701946834629,1.4351066581502268,0.8505133739461554,0.5506908408845529,-0.9295198021370767,-0.018963067872456416,2.414122669174676,4.5597478107398555,3.922607775525425,0.2490952482439772,1.690783404908874,-2.6645633048349073,-1.6959952605219686,-0.5123032482456098,-0.9313056141751824,0.5800631194883205,0.5574886074722133,0.5684775806350187,-0.03736447541414697,-1.927094036384802,0.035539412550233844,-1.4740317640422598,2.235466030552995,-1.1278926432962135,0.7209172909018216,2.475317632898994,1.3376149357673408,3.258240372297438,0.06671881001732517,0.9652923109760857,-3.1161458931478636,-1.8357482518118722,-1.3610678847949158
0.7936258594057815,0.645689946550166,-1.1257681774345252,0.3085237781820015,0.14818813107430812,1.9788346250948776,-0.8308569967940412,-0.3611837237858602,-0.41786492955400956,-0.16302400243339088,1.3600839845717119,2.578545186059781,-0.6630815516414867,0.17401088676156,1.0182245873173787,1.4790897746144474,0.5177999385274739,-0.5860465064545358,0.8527822992767289,0.2490952482439772,1.390668044930911,0.058620140712600396,-0.2059341881447703,-0.9010826715463668,-1.161760151501086,1.0184266741249293,-0.441621263584682,1.0234082064027374,-0.061822671330756,1.154141197360328,0.4843057024559353,-1.2174253295572763,0.14412574899634523,-1.7396239984438535,-1.2319611855165309,-1.7546844307380611,-1.7754496959548396,0.2714520578111943,-1.3260657958248723,0.3494451435545564,0.1371510428616749,1.4316531013997478,0.8304762644041008,-0.15601548828257242
-1.7155054587620753,-0.34796911336133723,1.1688760981424073,-0.4733889978214252,-0.7056743346185099,-0.5863310740107516,0.1631648541034569,-0.27857885046286773,0.4725857889963273,0.3548210171706884,1.005598454305804,-1.1441962170076614,0.6453299952530082,0.36235092228615573,0.2025066254603206,-0.45519568827303836,-0.02658288266806412,1.0667911671087404,1.9454401226574876,1.690783404908874,0.058620140712600396,0.7305344626884795,-1.1472183094539794,-0.7029073455651276,-0.18078734089891163,-0.43963239256716347,0.2670011885549439,0.20527741366457192,0.24850073448027807,-0.057109738972043675,-0.8521598128418689,0.05856461211977062,-0.6437765494133674,1.0302694970170942,-0.44501762491016195,0.37457652923504947,1.1354684394036525,0.5699392487021809,1.4587670695090627,0.016521398226988584,0.41337927313859335,-1.4009449874022353,-0.82485151613534,-0.5842016014182746
2.6175788434778178,0.49108542613475253,-1.7353705290716246,0.7150102123262593,1.0914635968656454,0.7542273618810095,-0.18678277364482387,0.4652145462602409,-0.7048551037538995,-0.54147282548518,-1.6845034951613105,1.5773227379289065,-0.9547165518393159,-0.5810302975758584,-0.400394507233262,0.5901924298678606,-0.001176867845137034,-1.6201532818326674,-3.1125042299874233,-2.6645633048349073,-0.2059341881447703,-1.1472183094539794,1.8111166616762029,1.1732774657444116,0.37821339783912433,0.6037986270158564,-0.38119933521395377,-0.40521886067719387,-0.3835478459614516,-0.005645399776596581,1.292800030750788,0.00859653539677578,0.9949769725507471,-1.4683760593936133,0.7972391073141057,-0.4414892832657041,-1.6297185526170637,-0.9136621493333728,-2.1723102248867177,-0.05453270392359862,-0.6578530601242762,2.073098336481358,1.2217128585636823,0.9264636980678183
1.0830650825276344,-0.07573013352571553,-0.3813890992728227,0.24433590084476445,0.5541972343488958,-0.6705604883471387,0.3573735288112153,0.47450668549380665,-0.1769780467209576,-0.22470796365167814,-1.7473593011967568,-0.5265419098215753,-0.18522868700113046,-0.4370202400782962,-0.8055288532743473,-0.48573776681880254,-0.29134521454462275,-0.6171300165968678,-2.2965109106011856,-1.6959952605219686,-0.9010826715463668,-0.7029073455651276,1.1732774657444116,1.1911580087681208,0.8732052411082214,-0.21916414945388918,0.02530376303220838,-0.8112287017609648,-0.1892773188821911,-0.6512817505224862,0.4831120963062997,0.6885108105284848,0.5001277126494349,0.11927019380270852,1.1572787089739516,0.7273509344704638,0.04508661123687795,-0.685990553929535,-0.5240824532000896,-0.2280488680244837,-0.46117442407751535,0.40690195634093856,0.24718155699969038,0.6286279058954596
-0.34637413156894453,-0.47156328118828755,0.720307654236909,-0.1695275379606702,0.005122266607749551,-1.5319336987830292,0.6581670329151175,0.3492658286163939,0.2602346379837635,0.07068542317053536,-1.308014834045503,-1.9273402168198146,0.4321109788423892,-0.20976715158548678,-0.8795297281062677,-1.1419829286272638,-0.4239612337856235,0.2919557503636312,-1.058177837122734,-0.5123032482456098,-1.161760151501086,-0.18078734089891163,0.37821339783912433,0.8732052411082214,0.9946440376451453,-0.7633279781261011,0.3171929837761118,-0.8844051718483915,0.006207441715345049,-0.9451544200182596,-0.24660261992917645,0.9972092551046603,-0.002725897862262191,1.253425059422773,1.100441978078223,1.3847637067962253,1.2642444735185006,-0.3280320526871215,0.8336204122709994,-0.29217466674814874,-0.1885282430524975,-0.931562289570766,-0.5381928317863596,0.23489040690942387
1.7404611378857944,0.7215411992808362,-1.630673928757273,0.548393609715209,0.5803785384133334,1.8931162290092254,-0.739912129979912,-0.08995913463070365,-0.6309478746526397,-0.3591698981497253,0.36752612321298567,2.7188414880592724,-0.9318317580941379,-0.10789424346500509,0.6399610306856506,1.426274796553317,0.4112928447712357,-1.1526409627934142,-0.6411263592298616,-0.9313056141751824,1.0184266741249293,-0.43963239256716347,0.6037986270158564,-0.21916414945388918,-0.7633279781261011,1.0657788447519787,-0.5127737580904469,0.6420485429811997,-0.21170142679818799,0.9153250121652782,0.9330654339650315,-0.96444951531441,0.5363109799893484,-2.0054964876806456,-0.6416488634932004,-1.5823663877853407,-2.1024615571986804,-0.1714436894244754,-1.9750984612054132,0.2547840544226683,-0.16975494688208076,2.01706201535326,1.178057225631493,0.2685702375029953
-0.9381401485540475,-0.3522473944811679,0.8346958583677876,-0.2888090392176154,-0.3263070772260009,-0.8912029768577843,0.3416673554160175,0.01136777429630554,0.3249821661418854,0.19368863406445774,-0.0599663559758608,-1.3104297385693526,0.47467999458590554,0.08399551865980587,-0.2607924126392361,-0.6727892865753384,-0.18347545671938625,0.6142885399536617,0.4782479516746346,0.5800631194883205,-0.441621263584682,0.2670011885549439,-0.38119933521395377,0.02530376303220838,0.3171929837761118,-0.5127737580904469,0.252338247363633,-0.2614349782232778,0.11813232590973664,-0.408041169697447,-0.4961372248366469,0.4297819953599524,-0.3007044642182713,0.9853635141893063,0.23704702085027551,0.7332449996172231,1.0386674035826353,0.13288991898531505,1.0153221209891932,-0.11029652681341924,0.11632975856423004,-1.0279616646989869,-0.6010163848431795,-0.17701652247700567
0.19456941044192086,0.3917115142785367,-0.5576933361209242,0.11861748292664047,-0.04955959395150434,1.3072225287745431,-0.567386677850335,-0.3242961670688174,-0.19822317321105884,-0.039462158927791854,1.2122697515739682,1.6187399029344047,-0.3380416781815762,0.2072226364238999,0.7849377935454813,0.9733694124739222,0.3705055997651254,-0.18817883342049993,1.052873898622301,0.5574886074722133,1.0234082064027374,0.20527741366457192,-0.40521886067719387,-0.8112287017609648,-0.8844051718483915,0.6420485429811997,-0.2614349782232778,0.7894425257029761,0.01042379948027975,0.8259467558625561,0.16213454315678102,-0.8716254646485502,-0.03866209291290179,-1.0343471852079569,-0.9942477592041633,-1.1915907761513453,-1.0372379376902936,0.3242343395490767,-0.6386285374078102,0.25757126883060366,0.19184139329666666,0.7283197160287513,0.41969020807379126,-0.24347957027563166
-0.6385167495847134,-0.15812092144587328,0.46957097926494823,-0.18145145440790816,-0.2521515575458412,-0.31895998794117225,0.10526671387793153,-0.07477992948581712,0.18765421378349917,0.1320042120575086,0.2666096564512912,-0.5467570294986487,0.2617041465309456,0.1147049578071933,0.009779596527311491,-0.24425402710681898,-0.03970891149528862,0.4025333237200259,0.6207032500487049,0.5684775806350187,-0.061822671330756,0.24850073448027807,-0.3835478459614516,-0.1892773188821911,0.006207441715345049,-0.21170142679818799,0.11813232590973664,0.01042379948027975,0.08937307331058773,-0.08778728543924734,-0.32247689705071475,0.0920153669975319,-0.23055868992349407,0.45798011091179,-0.08081397903246326,0.2327069662144907,0.4963877177448914,0.1805607643483329,0.5813884666135692,-0.014902948723565729,0.13448477784660795,-0.567660502584087,-0.33351114052725456,-0.1923042683943494
0.9127311844718258,0.5904469717072315,-1.1110749224598047,0.3266119440194584,0.2263318892660169,1.7396863285795814,-0.7184105568443293,-0.26134223721596894,-0.4178710747971134,-0.18785715251520788,0.9911935024622276,2.3221382845824827,-0.6481332882658032,0.09296516972925388,0.8219322404551352,1.3028463345914385,0.43698198563205665,-0.6449036295518716,0.4304508950698244,-0.03736447541414697,1.154141197360328,-0.057109738972043675,-0.005645399776596581,-0.6512817505224862,-0.9451544200182596,0.9153250121652782,-0.408041169697447,0.8259467558625561,-0.08778728543924734,0.9733878146215587,0.5287326973887443,-1.026491886200305,0.21398644020965624,-1.6039822754788209,-0.9654373770857501,-1.5215703374164165,-1.6494709049257488,0.14425766594610784,-1.320608575711988,0.2897271845396168,0.05477235082317403,1.4006158211752944,0.814147023556034,-0.04560859257939885
2.3725538934756307,0.6745675808897793,-1.8498680676922188,0.6904085569876666,0.9048365885792893,1.4918778920612605,-0.5269178932848365,0.18987295436844817,-0.7330372844298813,-0.4902963972560001,-0.6628108684902418,2.399664195907878,-1.0378409007741762,-0.3648734724597115,0.16337350243765716,1.1354323116024239,0.23839555471573337,-1.5122472734633905,-1.9915452226037924,-1.927094036384802,0.4843057024559353,-0.8521598128418689,1.292800030750788,0.4831120963062997,-0.24660261992917645,0.9330654339650315,-0.4961372248366469,0.16213454315678102,-0.32247689705071475,0.5287326973887443,1.2144998267375973,-0.5557223298787689,0.829059757375528,-1.9285281011112034,0.042049867876096415,-1.1487171499236077,-2.0689386296199963,-0.5748218229374711,-2.277170562883079,0.11957597189960024,-0.4407393163077123,2.250036957297144,1.3197522230977392,0.6379304453383563
-0.958726685693984,-0.6219571408297309,1.1691933057696644,-0.34341962090409645,-0.23708865956472525,-1.833543886511394,0.7573909977605766,0.27630562705480627,0.4396583326558135,0.19734478646313794,-1.0477422654064164,-2.4466055268010667,0.682087948717883,-0.0988573328015646,-0.8673815281149648,-1.3731029203478975,-0.4608341212647703,0.6777493048931504,-0.45845494090424055,0.035539412550233844,-1.2174253295572763,0.05856461211977062,0.00859653539677578,0.6885108105284848,0.9972092551046603,-0.96444951531441,0.4297819953599524,-0.8716254646485502,0.0920153669975319,-1.026491886200305,-0.5557223298787689,1.08255129589823,-0.22422717385748,1.6893673743900033,1.019272815611433,1.603973939552008,1.7371152948039694,-0.15342598775493882,1.3895250690278187,-0.30565085950441284,-0.05868688143192192,-1.4740335257585857,-0.8567834030387178,0.049466321901789644
1.6434311224474791,0.40182674250287453,-1.2023900008212518,0.46615375337766396,0.6508554738498351,0.8028795245590549,-0.26299073192422384,0.19761141709242358,-0.4809323669311952,-0.3397672920187523,-0.7055292072589354,1.3855503914163483,-0.6697054548909599,-0.2988792435096926,-0.03690613545604085,0.6152347562635345,0.09680272210596996,-1.0350302600096755,-1.6161075169846428,-1.4740317640422598,0.14412574899634523,-0.6437765494133674,0.9949769725507471,0.5001277126494349,-0.002725897862262191,0.5363109799893484,-0.3007044642182713,-0.03866209291290179,-0.23055868992349407,0.21398644020965624,0.829059757375528,-0.22422717385748,0.5950650767315782,-1.1654674945048678,0.22322894475354188,-0.5822349244841439,-1.2643644624597925,-0.47043313670278664,-1.4894803043268745,0.03464858122191962,-0.34966649532976496,1.4527439477635566,0.8535923696370219,0.49944106983569025
-3.644029789160299,-1.3764310455891213,3.2520280344608183,-1.123361233642267,-1.2646073581325776,-3.4905690573614234,1.3397156904765912,0.05269863734971587,1.2659621655262432,0.7522171116651293,-0.2637843943102837,-5.124677228783673,1.8500937689513035,0.3205457867973604,-1.0318306463551072,-2.6346767093908308,-0.7209128897791358,2.3876696734212635,1.8278353382572339,2.235466030552995,-1.7396239984438535,1.0302694970170942,-1.4683760593936133,0.11927019380270852,1.253425059422773,-2.0054964876806456,0.9853635141893063,-1.0343471852079569,0.45798011091179,-1.6039822754788209,-1.9285281011112034,1.6893673743900033,-1.1654674945048678,3.8492743133965908,0.9451634026154048,2.874877553822184,4.055604093020839,0.5071227371274378,3.954878183563303,-0.43446778946267145,0.4464269108618052,-4.005987429617725,-2.342279759851312,-0.6804639982641919
0.24124932204501665,-0.3694968005987688,0.34062426529097123,-0.010649823890706761,0.25316215969934086,-1.3915100431162104,0.6290901216540581,0.4620640832164895,0.10541194050639086,-0.05086555382667815,-1.7170012135223436,-1.6079495551344134,0.22390116694144307,-0.3459147721534696,-0.9882244123936846,-1.0309423132977196,-0.4327305873283921,-0.07017103145033743,-1.7865197788350091,-1.1278926432962135,-1.2319611855165309,-0.44501762491016195,0.7972391073141057,1.1572787089739516,1.100441978078223,-0.6416488634932004,0.23704702085027551,-0.9942477592041633,-0.08081397903246326,-0.9654373770857501,0.042049867876096415,1.019272815611433,0.22322894475354188,0.9451634026154048,1.3037060875377597,1.3123575589213423,0.9194781911256737,-0.5421250911112899,0.356949714261549,-0.310512702465886,-0.34168268031284005,-0.4794081817693486,-0.27146365628888547,0.4501202007412535
-2.0789357374286217,-1.0459448028802054,2.1699336402952634,-0.6888705501396433,-0.6255089856046954,-2.909582829858345,1.1705452856304956,0.2933304072803164,0.8291625460259667,0.42858128495084497,-1.1320603032872592,-4.025562140376895,1.2514802537048229,-9.509081580996248e-4,-1.1865423860347053,-2.1852577958130706,-0.6833601247678045,1.4118744150170115,0.10035072387096644,0.7209172909018216,-1.7546844307380611,0.37457652923504947,-0.4414892832657041,0.7273509344704638,1.3847637067962253,-1.5823663877853407,0.7332449996172231,-1.1915907761513453,0.2327069662144907,-1.5215703374164165,-1.1487171499236077,1.603973939552008,-0.5822349244841439,2.874877553822184,1.3123575589213423,2.4905605590778865,2.986078731576168,0.0014999762609752918,2.606446552761584,-0.43984197655626445,0.0779407544032713,-2.706900350645861,-1.577619286766851,-0.15897155073226626
-3.920775788317644,-1.4482027975288418,3.459424407999422,-1.202379791924907,-1.372641648037596,-3.6399073261047565,1.390274684319494,0.023158901378449347,1.3483274175740476,0.809464972871475,-0.16018320583053036,-5.375005125533684,1.965861698842566,0.367897048325146,-1.034768677871791,-2.7488461769648254,-0.7417443482882994,2.5626958280045504,2.085570663011075,2.475317632898994,-1.7754496959548396,1.1354684394036525,-1.6297185526170637,0.04508661123687795,1.2642444735185006,-2.1024615571986804,1.0386674035826353,-1.0372379376902936,0.4963877177448914,-1.6494709049257488,-2.0689386296199963,1.7371152948039694,-1.2643644624597925,4.055604093020839,0.9194781911256737,2.986078731576168,4.279013965808209,0.5817726098789074,4.211101856136136,-0.44317081162911526,0.5023644834529861,-4.2572887880331525,-2.4897457081425487,-0.7610404621150336
-1.186765321619758,-0.1617007707982666,0.7132819887751239,-0.3129801802283127,-0.5172533649274927,-0.12740835230918268,-0.01015834189709693,-0.27241156529030086,0.29458473657224826,0.24566224357769742,0.9930709170117079,-0.4576815454394846,0.38702813189422847,0.30639861896903103,0.32119349899507543,-0.10824697211468308,0.06410907981918548,0.7229334086880338,1.631358842825099,1.3376149357673408,0.2714520578111943,0.5699392487021809,-0.9136621493333728,-0.685990553929535,-0.3280320526871215,-0.1714436894244754,0.13288991898531505,0.3242343395490767,0.1805607643483329,0.14425766594610784,-0.5748218229374711,-0.15342598775493882,-0.47043313670278664,0.5071227371274378,-0.5421250911112899,0.0014999762609752918,0.5817726098789074,0.48158114087821174,0.9030733883020582,0.06953825709817092,0.3395888664086724,-0.8414375014326618,-0.4974628146353483,-0.4735709548756848
-4.395457999481323,-1.396319212180551,3.604055700898115,-1.3060903796485497,-1.6224341164003528,-3.280331976218134,1.2045854399057194,-0.20353820991749513,1.4183194324397115,0.9079823092459561,0.6758834060019746,-5.065391354556661,2.0330425413331623,0.5726263050212326,-0.638980880077705,-2.4871531067929404,-0.5944807115228354,2.8296356475890017,3.1594594567984675,3.258240372297438,-1.3260657958248723,1.4587670695090627,-2.1723102248867177,-0.5240824532000896,0.8336204122709994,-1.9750984612054132,1.0153221209891932,-0.6386285374078102,0.5813884666135692,-1.320608575711988,-2.277170562883079,1.3895250690278187,-1.4894803043268745,3.954878183563303,0.356949714261549,2.606446552761584,4.211101856136136,0.9030733883020582,4.415762319173631,-0.329509158368946,0.7171945155468098,-4.405409437832783,-2.5808182734056175,-1.052965662158235
0.1951391400881707,0.16132133270885768,-0.27991046340033865,0.07638954753995336,0.03547999827631261,0.49561378311921706,-0.2083365452285468,-0.09144061560383854,-0.10383762816168711,-0.0401002946287885,0.3440742333275395,0.6448762773487847,-0.16495445306006673,0.044566930607360195,0.256278135118433,0.3703957551015738,0.1299625424374439,-0.14457193495388732,0.2189540467084044,0.06671881001732517,0.3494451435545564,0.016521398226988584,-0.05453270392359862,-0.2280488680244837,-0.29217466674814874,0.2547840544226683,-0.11029652681341924,0.25757126883060366,-0.014902948723565729,0.2897271845396168,0.11957597189960024,-0.30565085950441284,0.03464858122191962,-0.43446778946267145,-0.310512702465886,-0.43984197655626445,-0.44317081162911526,0.06953825709817092,-0.329509158368946,0.08788108223295975,0.03541420523074135,0.3561589516957108,0.20654093565485235,-0.040639012965963194
-0.9009119201669558,-0.14630690879938923,0.5698821034395924,-0.24200606160290639,-0.3840325788928353,-0.17969884851767978,0.028966139187851143,-0.18290606273058474,0.23339060943294124,0.18643022986542876,0.6652187093732664,-0.4470105393945155,0.3115195472501674,0.21604296468666456,0.18980399879096232,-0.14376563263498565,0.02418916559222203,0.553312517321381,1.1532556637159226,0.9652923109760857,0.1371510428616749,0.41337927313859335,-0.6578530601242762,-0.46117442407751535,-0.1885282430524975,-0.16975494688208076,0.11632975856423004,0.19184139329666666,0.13448477784660795,0.05477235082317403,-0.4407393163077123,-0.05868688143192192,-0.34966649532976496,0.4464269108618052,-0.34168268031284005,0.0779407544032713,0.5023644834529861,0.3395888664086724,0.7171945155468098,0.03541420523074135,0.24190506404128986,-0.6767916706362652,-0.3994644684044806,-0.3387972344805111
4.327505217287001,1.4178996461451217,-3.6004176928748866,1.293822473586177,1.5814249705390626,3.3815882969207665,-1.2532214075070611,0.15690737505000812,-1.4140141710636214,-0.8938559314063356,-0.5029552595498067,5.169469464912405,-2.0340220952483006,-0.5333085762098168,0.7280379626392173,2.561627590064996,0.6304242724269769,-2.79408523836194,-2.9546367220549685,-3.1161458931478636,1.4316531013997478,-1.4009449874022353,2.073098336481358,0.40690195634093856,-0.931562289570766,2.01706201535326,-1.0279616646989869,0.7283197160287513,-0.567660502584087,1.4006158211752944,2.250036957297144,-1.4740335257585857,1.4527439477635566,-4.005987429617725,-0.4794081817693486,-2.706900350645861,-4.2572887880331525,-0.8414375014326618,-4.405409437832783,0.3561589516957108,-0.6767916706362652,4.407135324386232,2.5808305456138023,0.998723756016231
2.539550173640476,0.8287549867820446,-2.108835989295675,0.7586287209326382,0.9293282435023652,1.972710274535483,-0.7301712648722433,0.09536904444205337,-0.8284926885336481,-0.524529381729307,-0.30773056415528527,3.019569082716443,-1.1911770579957557,-0.31534535068518893,0.41957062156044383,1.494504603978974,0.3664065723873394,-1.6390877130334724,-1.7459533230780437,-1.8357482518118722,0.8304762644041008,-0.82485151613534,1.2217128585636823,0.24718155699969038,-0.5381928317863596,1.178057225631493,-0.6010163848431795,0.41969020807379126,-0.33351114052725456,0.814147023556034,1.3197522230977392,-0.8567834030387178,0.8535923696370219,-2.342279759851312,-0.27146365628888547,-1.577619286766851,-2.4897457081425487,-0.4974628146353483,-2.5808182734056175,0.20654093565485235,-0.3994644684044806,2.5808305456138023,1.5115413233629185,0.5890639056436665
1.2985877502229513,0.22522880450841914,-0.8387121130012359,0.3512705198025796,0.5482480351754496,0.3093166865166985,-0.06395368858548599,0.24944888698257484,-0.3420838046832675,-0.2686686528834924,-0.904987828033709,0.704680635009746,-0.45980382152569943,-0.30120424897012293,-0.240868083932343,0.24463260923959418,-0.01974340636863299,-0.8002453376175027,-1.6106864437464656,-1.3610678847949158,-0.15601548828257242,-0.5842016014182746,0.9264636980678183,0.6286279058954596,0.23489040690942387,0.2685702375029953,-0.17701652247700567,-0.24347957027563166,-0.1923042683943494,-0.04560859257939885,0.6379304453383563,0.049466321901789644,0.49944106983569025,-0.6804639982641919,0.4501202007412535,-0.15897155073226626,-0.7610404621150336,-0.4735709548756848,-1.052965662158235,-0.040639012965963194,-0.3387972344805111,0.998723756016231,0.5890639056436665,0.47583645907653344
