V1,V2,V3,V4,V5,V6,V7,V8,V9,V10,V11,V12,V13,V14,V15,V16,V17,V18,V19,V20,V21,V22,V23,V24,V25,V26,V27,V28,V29,V30,V31,V32,V33,V34,V35,V36,V37,V38,V39,V40,V41,V42,V43,V44
6.937064996393851,-8.736563248550263,3.472149412387954,25.454807843490748,12.525820611851238,-0.6127271149311702,2.173570861598198,-31.345581459753667,-30.06128057702432,1.7436177104560207,-19.16076964745368,-4.7598223828893556,-3.8128769599124688,-18.32414648798143,2.3295628686513306,-9.877555369863812,-37.60131548222437,-8.06782461798591,-4.799350852775812,7.121154110214744,13.126814956393895,2.861237735234711,19.286025862796937,-4.600128103105526,12.338651064540533,10.65237334719926,1.6857110005440266,-17.973027076645447,1.0820387620998677,-17.46842202661255,-2.7859702461860256,16.723673584147058,8.045049367264335,-39.46555563770038,6.914714130819232,8.622078656270169,12.009785982530728,-17.590962783490053,-4.632279431535446,9.997006432621069,-27.22633763624724,-15.64873101135522,0.7332520422925451,2.910084199446175
-8.736563248550263,13.362815595053226,-6.406161158550104,-37.36094744155417,-17.73781746528422,2.4059667100529274,-3.3554348621491497,47.06492029519163,44.14633474275139,-2.7972766665859536,28.7127431016678,8.407294231951534,5.0195569086917535,26.950143604072107,-3.193977832034649,15.31486480047596,56.45757748537101,11.000386339627951,6.337277921999378,-11.385081435968536,-19.205105453419026,-4.9645063678246535,-27.87734348134616,6.925255735494836,-18.556264760962982,-15.118387388312458,-2.8168802099113943,26.78321412303012,-1.5787393038720492,26.2082993709733,4.79463049395197,-25.313209439671077,-11.955518708271244,57.540094818093074,-10.353163428756638,-13.421653114428285,-19.072310324124782,26.539541867043656,5.47649038082275,-15.285486411593638,40.34005745611951,24.33466743883644,-0.6626453437218588,-3.6895721198199243
3.472149412387954,-6.406161158550104,3.524189950176225,17.019102960517866,7.858041772325121,-1.861377691265421,1.5604683960799763,-22.182357478163812,-20.26999582378798,1.4197467692951882,-13.60674792992978,-4.515423133172837,-1.9809809889689418,-12.384049180561812,1.2486456923780587,-7.371305862550468,-26.504373206778727,-4.714093451337575,-2.7121954170237013,5.515143507082781,8.794959614592965,2.62175774134993,12.586451444781504,-3.2795978149331755,8.677630851166688,6.705818475255678,1.4385963569909328,-12.534253408711828,0.7269070003110069,-12.213456126372336,-2.408188315667371,11.848554659652988,5.607668672514658,-26.36654768269098,4.7986379161243855,6.445275647040367,9.420628738925842,-12.770589177063954,-1.8250125205563534,7.229116787529077,-18.75972112052196,-11.658055308391116,0.14651270252979032,1.3123269709722303
25.454807843490748,-37.36094744155417,17.019102960517866,108.68702682180903,51.248823228719914,-4.7728549052777565,9.734854697311091,-133.35964644584786,-126.81120419896536,7.371865555231847,-80.58070894164298,-21.983017642222972,-15.773287990357536,-77.36922429202836,10.614220283415555,-43.115765376531066,-160.95529392333646,-32.04792060343577,-17.985834331949427,32.71748308274703,55.35297493513833,13.650775117118396,80.66832343347453,-19.406429984110197,53.13429029681222,43.99990173624004,7.7490584534696,-75.69982895636744,4.221131567068011,-75.18869653723691,-14.01936903148221,73.05345619252658,34.135491977289234,-164.64120858590658,29.931347141562973,38.03970399268033,52.77814908100263,-73.37642535547698,-18.280378308967563,44.443539302006045,-114.81212577955401,-69.27765333727135,2.5397644960518693,12.21553403392851
12.525820611851238,-17.73781746528422,7.858041772325121,51.248823228719914,24.56539235035194,-2.012722145440941,4.62756782574683,-63.02774693418295,-60.09365542868207,3.5652713755282837,-38.18253320996016,-10.450991821139715,-7.407685119493704,-36.68201580381292,4.852572837403037,-20.378856831371245,-75.92243167165687,-15.408745333830092,-8.726426619610624,15.263665711283121,26.16039118083499,6.24163221729615,38.2831831857127,-9.246697122659057,25.080458457407897,20.93562125047917,3.6308104240519854,-36.008240377281645,2.1384405615265534,-35.512339433122555,-6.383601711682569,34.29069920675597,15.998813761745032,-78.18570518541,14.09217105052394,17.947189665977966,24.943721543676016,-34.821603494744686,-8.622914837597868,20.565507106862697,-54.42861032595946,-32.60186580692512,1.0864572503152627,5.783620355810589
-0.6127271149311702,2.4059667100529274,-1.861377691265421,-4.7728549052777565,-2.012722145440941,1.8524688361925365,-0.3273483039693939,7.977688271312285,6.259995931107116,-0.6726106157031763,5.267374529632694,2.247608967042571,0.03542900047071215,3.812533433870645,0.1991686980504718,2.6420179590925614,9.120290041490609,1.1111450114401253,0.9200632052464803,-1.7362287212887326,-2.7385408815723395,-1.3073715809462771,-3.5700389613525423,1.189511454857585,-2.7942715749525724,-1.7474857930296572,-0.6114494096855809,4.32703467582539,-0.20745832650963,3.8199556984674192,0.7407962933113775,-3.68871779277183,-2.1176212357699846,8.462424711548886,-1.4292198846553972,-2.174869602340415,-3.8189816104168766,5.518068790335306,-0.5733330094726233,-2.4712652826450117,6.341336708457379,3.8793920600180734,0.022995052099226733,0.4506886724218769
2.173570861598198,-3.3554348621491497,1.5604683960799763,9.734854697311091,4.62756782574683,-0.3273483039693939,0.9947464116565532,-11.702383583147173,-11.28592417609384,0.6820353149300719,-6.958363370768669,-2.130375059574863,-1.3967350131340488,-6.910349893352505,1.0064384975212286,-3.9463996261524454,-14.22431890378623,-2.8011809053930232,-1.429064075791979,3.100402539414111,4.861810295319807,1.1719198618298865,7.177265034532715,-1.7430847371396723,4.7833134004998366,3.9009579202551303,0.7159136010960578,-6.760250332367943,0.43940696013812797,-6.808915557492145,-1.3688018546873284,6.590320418648914,2.851332382264976,-14.467851410194193,2.712290182006602,3.5370896812231205,4.807037019499494,-6.188655164761457,-1.589234086438665,3.8328853062095307,-10.140360423284143,-6.409847563849067,0.05189115596522655,1.215809610586246
-31.345581459753667,47.06492029519163,-22.182357478163812,-133.35964644584786,-63.02774693418295,7.977688271312285,-11.702383583147173,167.11234413574812,157.05211174535526,-9.627433848584838,101.87424482082403,28.68517115828047,18.408941026855217,95.80328582212375,-11.815182391689559,53.913134480608505,200.65785139987713,39.38582353652473,22.80434131672882,-40.13913254906193,-68.55396481115011,-17.549724418494712,-99.40230577631934,24.408199645267647,-65.84676598369812,-54.026067044079504,-9.827401773494008,94.73354275019668,-5.3257242741431545,92.97157593276039,16.940096705061652,-90.04513299984673,-42.881893799288406,204.82536706426964,-36.819833842119955,-47.23625408395909,-66.84970780406864,94.03612617351948,20.55391869514506,-54.93228752398171,143.26770018867794,85.84034848403327,-2.999108597571438,-13.477231435906765
-30.06128057702432,44.14633474275139,-20.26999582378798,-126.81120419896536,-60.09365542868207,6.259995931107116,-11.28592417609384,157.05211174535526,148.71448738748035,-8.885550357872992,95.31057499153044,26.379351046806388,18.011708450839148,90.73345808549992,-11.817617211277078,50.73202424632463,189.05410630424927,37.59481447949426,21.421901132744075,-38.06840909379631,-64.87044748281453,-16.124949957329115,-94.43308692079367,22.93821923466261,-62.26383879139551,-51.46832275737953,-9.154512641523239,89.23938613001384,-5.071836943524528,88.0410746262657,16.113757795409064,-85.30296575918864,-40.16105603043276,193.53701156923825,-34.946055768102354,-44.61215820782666,-62.43525244801044,87.321506746635,20.591231313124595,-51.77252795675474,135.07283568870895,81.12172743136615,-2.8504680049139197,-13.673139918807106
1.7436177104560207,-2.7972766665859536,1.4197467692951882,7.371865555231847,3.5652713755282837,-0.6726106157031763,0.6820353149300719,-9.627433848584838,-8.885550357872992,0.6384866335846046,-5.946657886479883,-1.933852579161601,-0.8671096796998363,-5.432020075838813,0.4923547222296552,-3.1781975263157323,-11.450814030746873,-2.177746480278302,-1.2928558193864061,2.2925445586108983,3.8365323156911133,1.0402548643565543,5.554043828552267,-1.449810043259961,3.7497567116372106,2.990059797538388,0.5998146307074596,-5.526573564806522,0.3636493821370626,-5.288880994089425,-0.9359969264759734,5.047419676569601,2.3941600180059996,-11.636335786993437,2.0635667283426473,2.765373270058915,4.04914347262406,-5.595903976380275,-0.8358877341960242,2.9742399287702512,-8.219115665636968,-4.972864112729982,0.042479718886315035,0.5932244921747488
-19.16076964745368,28.7127431016678,-13.60674792992978,-80.58070894164298,-38.18253320996016,5.267374529632694,-6.958363370768669,101.87424482082403,95.31057499153044,-5.946657886479883,62.38759903283983,17.612807245108023,10.93015969123143,58.12378677124546,-6.8146719665820195,32.743181565135785,122.02720322071478,23.923581567040312,14.110663816385651,-24.104606002581694,-41.627098747025656,-10.751785482619267,-60.23751280396038,14.892883985715308,-39.90872466697176,-32.71928920508561,-5.979720872199993,57.712984455683525,-3.241527049535537,56.29257188997818,10.058873573715902,-54.42384724488728,-26.221362196326815,124.64903846155858,-22.24649052260169,-28.57894122124981,-40.79151788902345,57.94252541244098,12.05589744698468,-33.27091999075974,87.22090766284656,51.893186956141975,-1.8666631555565412,-7.759502364043896
-4.7598223828893556,8.407294231951534,-4.515423133172837,-21.983017642222972,-10.450991821139715,2.247608967042571,-2.130375059574863,28.68517115828047,26.379351046806388,-1.933852579161601,17.612807245108023,6.091435168706431,2.4888595926476658,16.147615372776553,-1.5096609537283707,9.65659770082529,34.21807831627544,6.233723812115429,3.5558660679094176,-7.141795839551913,-11.347355250321302,-3.2442589902651684,-16.40048615240949,4.3299377504648104,-11.268348253709142,-8.7581980827064,-1.8677260491593204,16.456062594811424,-1.0901801289938078,15.898817690301238,3.0366879255224957,-15.251713831778503,-7.05409906039781,34.313515718755724,-6.213908688090781,-8.453336819932536,-12.348102892917815,16.494495268014546,2.246484421615527,-8.969338466498293,24.40361399377635,15.20657198622727,0.029342614598424605,-1.7508832736425195
-3.8128769599124688,5.0195569086917535,-1.9809809889689418,-15.773287990357536,-7.407685119493704,0.03542900047071215,-1.3967350131340488,18.408941026855217,18.011708450839148,-0.8671096796998363,10.93015969123143,2.4888595926476658,2.6172860338993544,10.976991980106154,-1.8779160737806393,5.854455618189375,22.465839634663077,4.726077681030245,2.5490695783211175,-4.5904321286660394,-7.907238453812493,-1.7297576164542172,-11.637549064637076,2.6227331896787542,-7.476086056371031,-6.4275815338170705,-0.9950853617738198,10.42319621811165,-0.5306691710932837,10.619213153144027,2.001526753174474,-10.404637618105774,-4.779752867452214,23.25526384626946,-4.284646145920628,-5.223657161730762,-6.900283093716049,9.657119431521245,3.3226602961132325,-6.39261853421077,16.018271254332056,9.591278591791916,-0.538961286710707,-2.1792051564281616
-18.32414648798143,26.950143604072107,-12.384049180561812,-77.36922429202836,-36.68201580381292,3.812533433870645,-6.910349893352505,95.80328582212375,90.73345808549992,-5.432020075838813,58.12378677124546,16.147615372776553,10.976991980106154,55.36840819632911,-7.209469012471098,30.982737229221954,115.33206724237598,22.927992182530875,13.038684595813809,-23.26391733940862,-39.5621143486875,-9.830721795104102,-57.61447316287069,14.001271735108471,-38.00454444273146,-31.39534394091081,-5.592902949904848,54.46634045552938,-3.1142121888161696,53.74157173328022,9.851813892158933,-52.05741911098066,-24.46477113101072,118.05128033237457,-21.328688703916274,-27.252081741113674,-38.132343722167086,53.230277771000864,12.535967943152386,-31.55191198604457,82.40715240021352,49.54829586436733,-1.6965448618178005,-8.356511220499835
2.3295628686513306,-3.193977832034649,1.2486456923780587,10.614220283415555,4.852572837403037,0.1991686980504718,1.0064384975212286,-11.815182391689559,-11.817617211277078,0.4923547222296552,-6.8146719665820195,-1.5096609537283707,-1.8779160737806393,-7.209469012471098,1.4886934017609474,-3.836938294363697,-14.636894141475754,-3.0442034658567905,-1.4615028469862934,3.214348024279158,5.183011665610605,1.111733875704011,7.678197439285925,-1.6637532657304095,4.955859839218376,4.244637703258298,0.6511428629014816,-6.6758045175018985,0.3190782496893572,-7.069498727189335,-1.4988643128523453,7.026695273386693,3.040000499946126,-15.00494794365036,2.889757043732243,3.499583329029847,4.402035037431064,-5.771718335534188,-2.4451634384138217,4.317807590186465,-10.329198967428473,-6.466198147434411,0.3417769876460092,1.6967442208516568
-9.877555369863812,15.31486480047596,-7.371305862550468,-43.115765376531066,-20.378856831371245,2.6420179590925614,-3.9463996261524454,53.913134480608505,50.73202424632463,-3.1781975263157323,32.743181565135785,9.65659770082529,5.854455618189375,30.982737229221954,-3.836938294363697,17.64335563348253,64.83079947952423,12.575324748898504,7.097643704606849,-13.27898553592011,-22.050978438032036,-5.6989845428398525,-32.05388914102596,7.929025006434547,-21.38094226736542,-17.373022660618336,-3.249291224803963,30.69472786949216,-1.8099152987299691,30.22581293452196,5.673454468245384,-29.25328538123705,-13.641036639518545,65.91745604783205,-11.964700437473539,-15.522408544751649,-21.902553220096394,30.089647910578126,6.417716443978219,-17.63306263797145,46.240825259022785,28.161032984200855,-0.7027427736460055,-4.420151852409074
-37.60131548222437,56.45757748537101,-26.504373206778727,-160.95529392333646,-75.92243167165687,9.120290041490609,-14.22431890378623,200.65785139987713,189.05410630424927,-11.450814030746873,122.02720322071478,34.21807831627544,22.465839634663077,115.33206724237598,-14.636894141475754,64.83079947952423,241.28902412344013,47.39953169608095,27.18900607999337,-48.56946807044233,-82.51747307356862,-21.01619587954463,-119.76811322290142,29.27613167982463,-79.30600010252166,-65.11770350463291,-11.795192450429282,113.75816445756658,-6.369192203290783,112.04011077544712,20.630763577088707,-108.63962900585754,-51.44807571133113,246.20856624071703,-44.43634104543945,-56.91417914425241,-80.16226478848724,112.24918042726449,25.268312563340046,-66.26238786399456,172.15415904259095,103.48610772623847,-3.610713709557394,-16.692511899142236
-8.06782461798591,11.000386339627951,-4.714093451337575,-32.04792060343577,-15.408745333830092,1.1111450114401253,-2.8011809053930232,39.38582353652473,37.59481447949426,-2.177746480278302,23.923581567040312,6.233723812115429,4.726077681030245,22.927992182530875,-3.0442034658567905,12.575324748898504,47.39953169608095,9.777658515665035,5.645728292627806,-9.326780498255713,-16.418582688703882,-3.8318040698482108,-24.012787532943047,5.748409231765098,-15.60360108749949,-13.176048144011805,-2.208281539110799,22.45047078501023,-1.2935226734543877,22.081049510965222,3.8433106909115144,-21.31457569789577,-10.10244438120053,49.066344411843254,-8.767244793251809,-11.040462367306226,-15.343156101863254,21.86958047757492,5.607749742201952,-12.87831116077621,34.042921561549974,20.080063184185093,-0.8427910932240433,-3.6311295487670634
-4.799350852775812,6.337277921999378,-2.7121954170237013,-17.985834331949427,-8.726426619610624,0.9200632052464803,-1.429064075791979,22.80434131672882,21.421901132744075,-1.2928558193864061,14.110663816385651,3.5558660679094176,2.5490695783211175,13.038684595813809,-1.4615028469862934,7.097643704606849,27.18900607999337,5.645728292627806,3.5227553292400664,-5.006412627802322,-9.407614871442952,-2.2434510049441903,-13.64084423839697,3.3182496242536645,-8.80959392424555,-7.488014365402101,-1.2402971634911284,12.92338403980471,-0.711157486713815,12.41349365347725,1.9485239849641274,-11.914725218814215,-5.979415225412855,28.309816302930777,-4.896402557583528,-6.126486986049962,-8.790640353993718,13.216102100826674,2.969742772946219,-7.326237669099757,19.617163041726474,11.127160473718705,-0.6125165922105764,-1.7341784035973484
7.121154110214744,-11.385081435968536,5.515143507082781,32.71748308274703,15.263665711283121,-1.7362287212887326,3.100402539414111,-40.13913254906193,-38.06840909379631,2.2925445586108983,-24.104606002581694,-7.141795839551913,-4.5904321286660394,-23.26391733940862,3.214348024279158,-13.27898553592011,-48.56946807044233,-9.326780498255713,-5.006412627802322,10.300683044201591,16.532475314458292,4.2708813056788015,24.097606840330393,-5.877467162765324,16.136340048476168,13.046711512946318,2.4505384174089655,-22.83792173436123,1.3252253461746215,-22.858160653451364,-4.550867984275846,22.255852957937794,10.098670737518356,-49.103529554721014,9.099111478975614,11.785966094432032,16.339574837810456,-21.829672243261175,-5.11733019647348,13.419745796410352,-34.47448371943198,-21.433494379387717,0.47551705382879567,3.657951060764738
13.126814956393895,-19.205105453419026,8.794959614592965,55.35297493513833,26.16039118083499,-2.7385408815723395,4.861810295319807,-68.55396481115011,-64.87044748281453,3.8365323156911133,-41.627098747025656,-11.347355250321302,-7.907238453812493,-39.5621143486875,5.183011665610605,-22.050978438032036,-82.51747307356862,-16.418582688703882,-9.407614871442952,16.532475314458292,28.34667279039955,7.057747213574141,41.20578966545458,-9.979864047501007,27.13474131610038,22.468496084812628,3.9695412564266532,-38.86459809851905,2.152936353216631,-38.35405736452457,-7.0017847387089525,37.204871415324604,17.623422027873318,-84.48187270026419,15.234079954756819,19.37621608268351,27.126021474358918,-38.17389660245338,-9.079175230673528,22.710186041830966,-58.926488244244986,-35.26466287429932,1.363188880835024,5.947561948395697
2.861237735234711,-4.9645063678246535,2.62175774134993,13.650775117118396,6.24163221729615,-1.3073715809462771,1.1719198618298865,-17.549724418494712,-16.124949957329115,1.0402548643565543,-10.751785482619267,-3.2442589902651684,-1.7297576164542172,-9.830721795104102,1.111733875704011,-5.6989845428398525,-21.01619587954463,-3.8318040698482108,-2.2434510049441903,4.2708813056788015,7.057747213574141,2.04520933073878,10.079354199316619,-2.5455749531225282,6.8497311402328815,5.406178216987914,1.0891943210533876,-9.82174120295515,0.5031302840401514,-9.63240028087856,-1.8674309670822238,9.406669293307441,4.555977466861017,-21.02250195318407,3.8087767686792047,4.974682189080511,7.205160447828624,-10.061768088279095,-1.7550403888170032,5.887494252528528,-14.85673668991365,-9.050288360086904,0.2950949080218055,1.1399405046957307
19.286025862796937,-27.87734348134616,12.586451444781504,80.66832343347453,38.2831831857127,-3.5700389613525423,7.177265034532715,-99.40230577631934,-94.43308692079367,5.554043828552267,-60.23751280396038,-16.40048615240949,-11.637549064637076,-57.61447316287069,7.678197439285925,-32.05388914102596,-119.76811322290142,-24.012787532943047,-13.64084423839697,24.097606840330393,41.20578966545458,10.079354199316619,60.07914298363512,-14.498999934713371,39.48202269047584,32.79717885626773,5.743690702681971,-56.51032100207811,3.206396167070178,-55.85292189404344,-10.191862645790629,54.12307869690116,25.433245098234934,-122.85659034118237,22.194064542281296,28.21208340847492,39.30135146750005,-55.03333995968422,-13.47514819186436,32.83161569794165,-85.61743434661535,-51.32978370302226,1.8888471669776092,8.929881114077718
-4.600128103105526,6.925255735494836,-3.2795978149331755,-19.406429984110197,-9.246697122659057,1.189511454857585,-1.7430847371396723,24.408199645267647,22.93821923466261,-1.449810043259961,14.892883985715308,4.3299377504648104,2.6227331896787542,14.001271735108471,-1.6637532657304095,7.929025006434547,29.27613167982463,5.748409231765098,3.3182496242536645,-5.877467162765324,-9.979864047501007,-2.5455749531225282,-14.498999934713371,3.5980332748817796,-9.622332628538906,-7.876936168364012,-1.4491179554401985,13.906510471058953,-0.8236106701375072,13.595732575009588,2.461642937774705,-13.117889967162554,-6.1961286697686,29.910053592875403,-5.37013399881,-6.950163420883399,-9.861868996852055,13.758508476846071,2.883877049753976,-7.900286362893199,20.9448909264029,12.598518070232338,-0.35115906938297003,-1.9397202863082315
12.338651064540533,-18.556264760962982,8.677630851166688,53.13429029681222,25.080458457407897,-2.7942715749525724,4.7833134004998366,-65.84676598369812,-62.26383879139551,3.7497567116372106,-39.90872466697176,-11.268348253709142,-7.476086056371031,-38.00454444273146,4.955859839218376,-21.38094226736542,-79.30600010252166,-15.60360108749949,-8.80959392424555,16.136340048476168,27.13474131610038,6.8497311402328815,39.48202269047584,-9.622332628538906,26.153875681294352,21.47220115565662,3.887279089524051,-37.409462304231845,2.1339132680674693,-36.980172340462985,-6.895022542802502,35.86547264654208,16.788791451059147,-80.90782231515702,14.679749269510225,18.825234390819965,26.357798797084644,-36.532481462944105,-8.45434442551381,21.75542810872509,-56.573522147102324,-34.22885409992134,1.096891546744297,5.696274586491286
10.65237334719926,-15.118387388312458,6.705818475255678,43.99990173624004,20.93562125047917,-1.7474857930296572,3.9009579202551303,-54.026067044079504,-51.46832275737953,2.990059797538388,-32.71928920508561,-8.7581980827064,-6.4275815338170705,-31.39534394091081,4.244637703258298,-17.373022660618336,-65.11770350463291,-13.176048144011805,-7.488014365402101,13.046711512946318,22.468496084812628,5.406178216987914,32.79717885626773,-7.876936168364012,21.47220115565662,17.94082113720978,3.09191130477367,-30.7292896944765,1.7422567119363388,-30.384817514334625,-5.493998756328834,29.43658818836099,13.836799533406282,-66.97371569409779,12.080332469428718,15.296890655314394,21.23539564487537,-29.845247675443176,-7.530004604025588,17.842457279711123,-46.596323481270026,-27.84083156690174,1.0819806044835147,4.965972689433866
1.6857110005440266,-2.8168802099113943,1.4385963569909328,7.7490584534696,3.6308104240519854,-0.6114494096855809,0.7159136010960578,-9.827401773494008,-9.154512641523239,0.5998146307074596,-5.979720872199993,-1.8677260491593204,-0.9950853617738198,-5.592902949904848,0.6511428629014816,-3.249291224803963,-11.795192450429282,-2.208281539110799,-1.2402971634911284,2.4505384174089655,3.9695412564266532,1.0891943210533876,5.743690702681971,-1.4491179554401985,3.887279089524051,3.09191130477367,0.6177792541168178,-5.583608098410007,0.3338530221970498,-5.486182660632718,-1.058229456198301,5.317892882360588,2.4767114607255816,-11.881680077055035,2.165208032289833,2.8553784843722867,4.074788275216928,-5.530173106667918,-1.031404180138438,3.21031124376616,-8.384042233694426,-5.173322113107063,0.09242769980790388,0.7293857961879473
-17.973027076645447,26.78321412303012,-12.534253408711828,-75.69982895636744,-36.008240377281645,4.32703467582539,-6.760250332367943,94.73354275019668,89.23938613001384,-5.526573564806522,57.712984455683525,16.456062594811424,10.42319621811165,54.46634045552938,-6.6758045175018985,30.69472786949216,113.75816445756658,22.45047078501023,12.92338403980471,-22.83792173436123,-38.86459809851905,-9.82174120295515,-56.51032100207811,13.906510471058953,-37.409462304231845,-30.7292896944765,-5.583608098410007,53.915827524939495,-3.147430792712639,52.86284715726838,9.59231521926237,-51.072006875737976,-24.127044662322017,116.31992340444958,-20.9157346036968,-26.920532286522523,-38.037169452332165,53.18015098556134,11.632103401986294,-30.86525225755666,81.35447667228523,48.855757918013296,-1.5046348004170431,-7.761347978616002
1.0820387620998677,-1.5787393038720492,0.7269070003110069,4.221131567068011,2.1384405615265534,-0.20745832650963,0.43940696013812797,-5.3257242741431545,-5.071836943524528,0.3636493821370626,-3.241527049535537,-1.0901801289938078,-0.5306691710932837,-3.1142121888161696,0.3190782496893572,-1.8099152987299691,-6.369192203290783,-1.2935226734543877,-0.711157486713815,1.3252253461746215,2.152936353216631,0.5031302840401514,3.206396167070178,-0.8236106701375072,2.1339132680674693,1.7422567119363388,0.3338530221970498,-3.147430792712639,0.25648563784024403,-3.0302872597668635,-0.5258339438316246,2.851606562972311,1.250152002066402,-6.588602348664927,1.1804351081141613,1.5935992548822213,2.256831290149555,-2.969739216145498,-0.5573273885439868,1.55922069398136,-4.626907308976399,-2.8505309480971093,-0.04242743965388451,0.4472205231482079
-17.46842202661255,26.2082993709733,-12.213456126372336,-75.18869653723691,-35.512339433122555,3.8199556984674192,-6.808915557492145,92.97157593276039,88.0410746262657,-5.288880994089425,56.29257188997818,15.898817690301238,10.619213153144027,53.74157173328022,-7.069498727189335,30.22581293452196,112.04011077544712,22.081049510965222,12.41349365347725,-22.858160653451364,-38.35405736452457,-9.63240028087856,-55.85292189404344,13.595732575009588,-36.980172340462985,-30.384817514334625,-5.486182660632718,52.86284715726838,-3.0302872597668635,52.31330468864569,9.779326942125662,-50.72966942905282,-23.66283822966628,114.33638407394722,-20.774120445300948,-26.6384137202016,-37.218603979303,51.44637528936,12.040409424453138,-30.7150120010731,79.930719766788755,48.42871546555633,-1.5153453591752017,-8.15519883951952
-2.7859702461860256,4.79463049395197,-2.408188315667371,-14.01936903148221,-6.383601711682569,0.7407962933113775,-1.3688018546873284,16.940096705061652,16.113757795409064,-0.9359969264759734,10.058873573715902,3.0366879255224957,2.001526753174474,9.851813892158933,-1.4988643128523453,5.673454468245384,20.630763577088707,3.8433106909115144,1.9485239849641274,-4.550867984275846,-7.0017847387089525,-1.8674309670822238,-10.191862645790629,2.461642937774705,-6.895022542802502,-5.493998756328834,-1.058229456198301,9.59231521926237,-0.5258339438316246,9.779326942125662,2.0989793534027776,-9.608182753689496,-4.256458714731022,20.61415819410511,-3.9177752803523824,-5.08054429998159,-6.947739921999731,8.989424476541192,2.22809348430195,-5.8439483185131,14.52306977650217,9.267917043298686,-0.18389713165362948,-1.6506411780133872
16.723673584147058,-25.313209439671077,11.848554659652988,73.05345619252658,34.29069920675597,-3.68871779277183,6.590320418648914,-90.04513299984673,-85.30296575918864,5.047419676569601,-54.42384724488728,-15.251713831778503,-10.404637618105774,-52.05741911098066,7.026695273386693,-29.25328538123705,-108.63962900585754,-21.31457569789577,-11.914725218814215,22.255852957937794,37.204871415324604,9.406669293307441,54.12307869690116,-13.117889967162554,35.86547264654208,29.43658818836099,5.317892882360588,-51.072006875737976,2.851606562972311,-50.72966942905282,-9.608182753689496,49.330184542609295,23.00300288083034,-110.65917997601306,20.180322950963415,25.812298709628713,35.96047258606162,-49.64589455773535,-11.848270046525085,30.030842954154455,-77.36323832196263,-46.988898460249665,1.570332281449805,8.004604050195299
8.045049367264335,-11.955518708271244,5.607668672514658,34.135491977289234,15.998813761745032,-2.1176212357699846,2.851332382264976,-42.881893799288406,-40.16105603043276,2.3941600180059996,-26.221362196326815,-7.05409906039781,-4.779752867452214,-24.46477113101072,3.040000499946126,-13.641036639518545,-51.44807571133113,-10.10244438120053,-5.979415225412855,10.098670737518356,17.623422027873318,4.555977466861017,25.433245098234934,-6.1961286697686,16.788791451059147,13.836799533406282,2.4767114607255816,-24.127044662322017,1.250152002066402,-23.66283822966628,-4.256458714731022,23.00300288083034,11.201789197389846,-52.52956981890914,9.387993185491903,11.904988296647117,16.90908679264831,-24.31344775595266,-5.4008493750550874,14.300506693451883,-36.679450718261286,-21.696031406535813,1.0078063604695233,3.364206673592022
-39.46555563770038,57.540094818093074,-26.36654768269098,-164.64120858590658,-78.18570518541,8.462424711548886,-14.467851410194193,204.82536706426964,193.53701156923825,-11.636335786993437,124.64903846155858,34.313515718755724,23.25526384626946,118.05128033237457,-15.00494794365036,65.91745604783205,246.20856624071703,49.066344411843254,28.309816302930777,-49.103529554721014,-84.48187270026419,-21.02250195318407,-122.85659034118237,29.910053592875403,-80.90782231515702,-66.97371569409779,-11.881680077055035,116.31992340444958,-6.588602348664927,114.33638407394722,20.61415819410511,-110.65917997601306,-52.52956981890914,252.35657683055027,-45.333644167069195,-57.82171944131204,-81.28689856102987,114.6165639662421,26.52165641692508,-67.28955497207167,176.06924435875726,105.11416422801909,-3.8708327935862674,-17.366225146544778
6.914714130819232,-10.353163428756638,4.7986379161243855,29.931347141562973,14.09217105052394,-1.4292198846553972,2.712290182006602,-36.819833842119955,-34.946055768102354,2.0635667283426473,-22.24649052260169,-6.213908688090781,-4.284646145920628,-21.328688703916274,2.889757043732243,-11.964700437473539,-44.43634104543945,-8.767244793251809,-4.896402557583528,9.099111478975614,15.234079954756819,3.8087767686792047,22.194064542281296,-5.37013399881,14.679749269510225,12.080332469428718,2.165208032289833,-20.9157346036968,1.1804351081141613,-20.774120445300948,-3.9177752803523824,20.180322950963415,9.387993185491903,-45.333644167069195,8.264933904960701,10.561059066780357,14.687266602024668,-20.26697802321921,-4.901797227289291,12.248200988486387,-31.67150091798048,-19.21897033253113,0.63192526646275,3.3199354137208226
8.622078656270169,-13.421653114428285,6.445275647040367,38.03970399268033,17.947189665977966,-2.174869602340415,3.5370896812231205,-47.23625408395909,-44.61215820782666,2.765373270058915,-28.57894122124981,-8.453336819932536,-5.223657161730762,-27.252081741113674,3.499583329029847,-15.522408544751649,-56.91417914425241,-11.040462367306226,-6.126486986049962,11.785966094432032,19.37621608268351,4.974682189080511,28.21208340847492,-6.950163420883399,18.825234390819965,15.296890655314394,2.8553784843722867,-26.920532286522523,1.5935992548822213,-26.6384137202016,-5.08054429998159,25.812298709628713,11.904988296647117,-57.82171944131204,10.561059066780357,13.703666884767362,19.205607877755327,-26.12561032255763,-5.770128246405672,15.512375666722829,-40.55946655447395,-24.868489661893484,0.5795808242271396,4.041620039146997
12.009785982530728,-19.072310324124782,9.420628738925842,52.77814908100263,24.943721543676016,-3.8189816104168766,4.807037019499494,-66.84970780406864,-62.43525244801044,4.04914347262406,-40.79151788902345,-12.348102892917815,-6.900283093716049,-38.132343722167086,4.402035037431064,-21.902553220096394,-80.16226478848724,-15.343156101863254,-8.790640353993718,16.339574837810456,27.126021474358918,7.205160447828624,39.30135146750005,-9.861868996852055,26.357798797084644,21.23539564487537,4.074788275216928,-38.037169452332165,2.256831290149555,-37.218603979303,-6.947739921999731,35.96047258606162,16.90908679264831,-81.28689856102987,14.687266602024668,19.205607877755327,27.416494334019468,-37.76929692838781,-7.31150284240255,21.691882318895207,-57.17410935865532,-34.79179838997716,0.7754923674960765,5.032962911248645
-17.590962783490053,26.539541867043656,-12.770589177063954,-73.37642535547698,-34.821603494744686,5.518068790335306,-6.188655164761457,94.03612617351948,87.321506746635,-5.595903976380275,57.94252541244098,16.494495268014546,9.657119431521245,53.230277771000864,-5.771718335534188,30.089647910578126,112.24918042726449,21.86958047757492,13.216102100826674,-21.829672243261175,-38.17389660245338,-10.061768088279095,-55.03333995968422,13.758508476846071,-36.532481462944105,-29.845247675443176,-5.530173106667918,53.18015098556134,-2.969739216145498,51.44637528936,8.989424476541192,-49.64589455773535,-24.31344775595266,114.6165639662421,-20.26697802321921,-26.12561032255763,-37.76929692838781,54.294877248570344,10.404496066409502,-30.483189702119205,80.29707223092585,47.38967111948735,-1.7604051645588512,-6.508748754234437
-4.632279431535446,5.47649038082275,-1.8250125205563534,-18.280378308967563,-8.622914837597868,-0.5733330094726233,-1.589234086438665,20.55391869514506,20.591231313124595,-0.8358877341960242,12.05589744698468,2.246484421615527,3.3226602961132325,12.535967943152386,-2.4451634384138217,6.417716443978219,25.268312563340046,5.607749742201952,2.969742772946219,-5.11733019647348,-9.079175230673528,-1.7550403888170032,-13.47514819186436,2.883877049753976,-8.45434442551381,-7.530004604025588,-1.031404180138438,11.632103401986294,-0.5573273885439868,12.040409424453138,2.22809348430195,-11.848270046525085,-5.4008493750550874,26.52165641692508,-4.901797227289291,-5.770128246405672,-7.31150284240255,10.404496066409502,4.460096211178766,-7.31114136958592,18.059934346634204,10.659408465422565,-0.7902692879745241,-2.875501325232048
9.997006432621069,-15.285486411593638,7.229116787529077,44.443539302006045,20.565507106862697,-2.4712652826450117,3.8328853062095307,-54.93228752398171,-51.77252795675474,2.9742399287702512,-33.27091999075974,-8.969338466498293,-6.39261853421077,-31.55191198604457,4.317807590186465,-17.63306263797145,-66.26238786399456,-12.87831116077621,-7.326237669099757,13.419745796410352,22.710186041830966,5.887494252528528,32.83161569794165,-7.900286362893199,21.75542810872509,17.842457279711123,3.21031124376616,-30.86525225755666,1.55922069398136,-30.7150120010731,-5.8439483185131,30.030842954154455,14.300506693451883,-67.28955497207167,12.248200988486387,15.512375666722829,21.691882318895207,-30.483189702119205,-7.31114136958592,18.695159902432533,-47.02448414302123,-28.33255638244174,1.2537568018364762,4.727176469508416
-27.22633763624724,40.34005745611951,-18.75972112052196,-114.81212577955401,-54.42861032595946,6.341336708457379,-10.140360423284143,143.26770018867794,135.07283568870895,-8.219115665636968,87.22090766284656,24.40361399377635,16.018271254332056,82.40715240021352,-10.329198967428473,46.240825259022785,172.15415904259095,34.042921561549974,19.617163041726474,-34.47448371943198,-58.926488244244986,-14.85673668991365,-85.61743434661535,20.9448909264029,-56.573522147102324,-46.596323481270026,-8.384042233694426,81.35447667228523,-4.626907308976399,79.930719766788755,14.52306977650217,-77.36323832196263,-36.679450718261286,176.06924435875726,-31.67150091798048,-40.55946655447395,-57.17410935865532,80.29707223092585,18.059934346634204,-47.02448414302123,123.02376318439163,73.70132322072593,-2.550812273461281,-11.905245418995339
-15.64873101135522,24.33466743883644,-11.658055308391116,-69.27765333727135,-32.60186580692512,3.8793920600180734,-6.409847563849067,85.84034848403327,81.12172743136615,-4.972864112729982,51.893186956141975,15.20657198622727,9.591278591791916,49.54829586436733,-6.466198147434411,28.161032984200855,103.48610772623847,20.080063184185093,11.127160473718705,-21.433494379387717,-35.26466287429932,-9.050288360086904,-51.32978370302226,12.598518070232338,-34.22885409992134,-27.84083156690174,-5.173322113107063,48.855757918013296,-2.8505309480971093,48.42871546555633,9.267917043298686,-46.988898460249665,-21.696031406535813,105.11416422801909,-19.21897033253113,-24.868489661893484,-34.79179838997716,47.38967111948735,10.659408465422565,-28.33255638244174,73.70132322072593,45.17229168417584,-1.1406642717335198,-7.424333549941351
0.7332520422925451,-0.6626453437218588,0.14651270252979032,2.5397644960518693,1.0864572503152627,0.022995052099226733,0.05189115596522655,-2.999108597571438,-2.8504680049139197,0.042479718886315035,-1.8666631555565412,0.029342614598424605,-0.538961286710707,-1.6965448618178005,0.3417769876460092,-0.7027427736460055,-3.610713709557394,-0.8427910932240433,-0.6125165922105764,0.47551705382879567,1.363188880835024,0.2950949080218055,1.8888471669776092,-0.35115906938297003,1.096891546744297,1.0819806044835147,0.09242769980790388,-1.5046348004170431,-0.04242743965388451,-1.5153453591752017,-0.18389713165362948,1.570332281449805,1.0078063604695233,-3.8708327935862674,0.63192526646275,0.5795808242271396,0.7754923674960765,-1.7604051645588512,-0.7902692879745241,1.2537568018364762,-2.550812273461281,-1.1406642717335198,0.3888222079727516,0.3019303675841505
2.910084199446175,-3.6895721198199243,1.3123269709722303,12.21553403392851,5.783620355810589,0.4506886724218769,1.215809610586246,-13.477231435906765,-13.673139918807106,0.5932244921747488,-7.759502364043896,-1.7508832736425195,-2.1792051564281616,-8.356511220499835,1.6967442208516568,-4.420151852409074,-16.692511899142236,-3.6311295487670634,-1.7341784035973484,3.657951060764738,5.947561948395697,1.1399405046957307,8.929881114077718,-1.9397202863082315,5.696274586491286,4.965972689433866,0.7293857961879473,-7.761347978616002,0.4472205231482079,-8.15519883951952,-1.6506411780133872,8.004604050195299,3.364206673592022,-17.366225146544778,3.3199354137208226,4.041620039146997,5.032962911248645,-6.508748754234437,-2.875501325232048,4.727176469508416,-11.905245418995339,-7.424333549941351,0.3019303675841505,2.050669532121875
