V1,V2,V3,V4,V5,V6,V7,V8,V9,V10,V11,V12,V13,V14,V15,V16,V17,V18,V19,V20,V21,V22,V23,V24,V25,V26,V27,V28,V29,V30,V31,V32,V33,V34,V35,V36,V37,V38,V39,V40,V41,V42,V43,V44
3.7986323818254317,1.6981217126290082,1.7434855005181662,0.33869103124230315,-2.5785140369905712,0.12079990977957879,-0.25193936758349295,-0.5668660533004658,2.55476458884007,-2.9651831546839085,8.117164348771286,-0.977933821215762,7.378381445990325,3.6139788356645295,2.362696017264679,4.431567839583771,-4.143202690055805,-3.580776408511101,-2.1317095815253233,-0.610842969188444,4.720442693564523,-0.6060371000892902,1.716035432579433,1.8176850641735132,-3.425513940047204,4.209944332305409,1.2812467821490015,-3.948297964291142,-1.8497081946721117,1.4040989066161846,0.20822625310746926,0.9489976446183405,-7.044515050789035,-0.015060856694666539,-1.6879116933438436,3.0852777136454175,-1.9788690165786207,-0.462451451363191,3.96969399616641,-2.606707968100086,3.782813500955045,1.1992627350745955,1.0747083696652806,3.8110634140446575
1.6981217126290082,1.1151712590376524,0.5113366863428104,-0.38131271701883124,-1.077046409672702,-0.18733382964452366,0.01294881937326369,-0.16972274438030766,1.2272302813792706,-1.2113538672149438,3.895868990720171,-0.3516844763163129,4.0491146126613735,1.6688549547547746,1.579269373715882,1.8504368617588658,-1.412124699681011,-1.3763563070777167,-0.8370010030515498,0.0658482940661777,1.9319079634215595,-0.4965823290021802,0.6129796558357005,1.2540688123708608,-2.213730639055583,2.2100050007853502,0.27637840596101637,-1.8161800768863001,-0.8458771472335971,0.8240368281428838,0.04832962108070907,0.1233766646780762,-3.562255294981239,-0.4040342723155474,-1.1574069130233906,1.7110988561985243,-0.9228761181951392,-0.28259114902483895,1.62885304120499,-1.3475441218923054,1.6807147148087946,0.5967646295192335,0.537214769896035,1.7686620145444243
1.7434855005181662,0.5113366863428104,1.649547982016749,0.8900569210645645,-1.7674286776120987,0.3144908215262489,-0.5278307741851667,-0.4236969733607405,1.7136734537191725,-1.859938950111594,4.740820872059099,-0.9206397712085601,3.7400462049742593,1.982972908948604,1.6477223756702892,2.631400167068105,-3.4406909874256892,-2.0402281192759966,-1.2114531202248577,-1.3063722327548717,1.3382689796879557,0.105192026089231,0.7970276873803981,1.2284326530492522,-2.0348991969670602,1.66503683069242,1.604039956602611,-1.3698689245445899,-1.1899519015738833,1.1899679919529302,-0.6084600660460101,1.616779306896586,-4.000461786448853,-0.05380442970035855,-0.4953571246411286,2.021881288071033,-1.0372371709517159,0.06961465841046674,1.2607233156070725,-1.3287965284485193,1.7650875794796217,0.406405103776794,1.122536997372045,2.1309922070300273
0.33869103124230315,-0.38131271701883124,0.8900569210645645,1.015898436414866,-0.6191704114033477,0.4239592254631552,-0.36756676745039024,-0.2336371471922488,0.4138086707089009,-0.6551292014314359,0.9615025348540595,-0.4239627118486322,8.087446023573553e-4,0.43194505243551645,-0.08469514266025994,0.861824198784865,-1.6647529256263063,-0.78330229909779,-0.4472131605002003,-0.9695333872733584,0.21352135951829482,0.4026866410211912,0.3379524205423726,-0.12921808077696778,0.2361031044309296,-0.11974992456390604,0.9820734498107192,-0.08075093283397551,-0.32259492587067057,0.1854404273570535,-0.29055615113497196,1.028906544973937,-0.5633033730728437,0.42430649746950533,0.44450931407372263,0.21384024872046786,-0.2024732120738554,0.19247596602075728,0.24328266720612518,-0.10987657455826709,0.37641313002528914,-0.03281512873574128,0.35506911625886056,0.46747343558626836
-2.5785140369905712,-1.077046409672702,-1.7674286776120987,-0.6191704114033477,2.2115195358969424,-0.2053035519880525,0.45666637284235195,0.4949953758619393,-2.2156203145050566,2.385092574110017,-6.460257622815735,1.014063237911781,-5.59264756142924,-2.7519557875188774,-2.2645443845691413,-3.4511163459249032,3.900587215844878,2.6724245144686574,1.6037902623034093,1.1212176910501677,-2.475719633243901,0.18127490888738332,-1.1142173883920585,-1.7368580979763875,2.960875278066218,-2.7775609687419576,-1.5947072599584244,2.3572143128110725,1.5397572082885354,-1.4782497989551726,0.44530521582176047,-1.4869569810836463,5.569121465559606,0.20788538343193194,1.0791566681622016,-2.718390202451223,1.4733542074767856,0.11271461595169757,-2.187915067288698,1.9685441604195275,-2.597059299403088,-0.7174789323981761,-1.2730988049095624,-2.9276851175212104
0.12079990977957879,-0.18733382964452366,0.3144908215262489,0.4239592254631552,-0.2053035519880525,0.21426565845172216,-0.14809656201894003,-0.08593870649503357,0.10369944014479603,-0.2401734657703882,0.21236583162074854,-0.13064409416191455,-0.21243686366710093,0.1351110338938214,-0.20334278450602056,0.28911405317585703,-0.595955023308316,-0.29565604738760237,-0.1880781892944026,-0.35866579658844416,0.19257248012767791,0.18276813863600908,0.17145023296774684,-0.16173276384238058,0.30501476191054044,-0.09058967259317018,0.35710344545291733,-0.049836822008073836,-0.08544830965507047,-0.0291499157295835,-0.029048975314743503,0.36529540033017466,-0.044031700778041395,0.2405640078052029,0.24375721172301199,-0.02953308341254386,-0.06720860860489279,0.05850783968170376,0.16503830919306012,0.005260065728978266,0.1363507451347405,-0.023675313689672035,0.06783908796525454,0.10375802341370832
-0.25193936758349295,0.01294881937326369,-0.5278307741851667,-0.36756676745039024,0.45666637284235195,-0.14809656201894003,0.2510112073112572,0.10856556801500675,-0.44137044864247765,0.44264503711035375,-1.016657939430968,0.2947084371416248,-0.6472037210572454,-0.40510056478768536,-0.4234147945802534,-0.5630006939753146,1.0333408160126372,0.4119228104660233,0.25706066926129995,0.5434249139157104,0.11267582250754075,-0.15854648468864233,-0.12395051058939431,-0.32060922190773444,0.44667127427509007,-0.14195008050307714,-0.575102948667746,0.02210663407624101,0.28350512599268074,-0.3402770945775574,0.32006018274442566,-0.6514243719508258,0.8377701760166341,0.03270484446117576,-0.03793946284764336,-0.5229254956310201,0.20185289926732847,-0.09406323376759042,0.030053357222672248,0.21536897436364041,-0.24774053030881474,-0.005041933589392722,-0.38459872458832556,-0.41167509834784294
-0.5668660533004658,-0.16972274438030766,-0.4236969733607405,-0.2336371471922488,0.4949953758619393,-0.08593870649503357,0.10856556801500675,0.1332132032315944,-0.45710814769340163,0.5378809668677749,-1.358141601807071,0.23001062330344624,-1.0751412334737827,-0.5910969077002336,-0.3797489236456588,-0.7848558634904884,0.9153919071871457,0.6310188629740718,0.3707237504162239,0.29537735869116327,-0.6108039907538276,0.003846937561536177,-0.27231854469073435,-0.2824467287527733,0.5028885344678642,-0.5547797917112977,-0.39475369946289623,0.5332248049285294,0.3263954758684519,-0.2809747552434822,0.07219934489830757,-0.35628526167452945,1.1260174876257973,-0.04105772353015527,0.1669286147996269,-0.5085823144102544,0.31308794383450594,0.013309306421063637,-0.5318256266900074,0.40559590080264674,-0.5814930843728092,-0.15147372262742553,-0.25974529489797943,-0.6336924550164447
2.55476458884007,1.2272302813792706,1.7136734537191725,0.4138086707089009,-2.2156203145050566,0.10369944014479603,-0.44137044864247765,-0.45710814769340163,2.3096272489378147,-2.358923564239727,6.662422075366395,-1.0195282970963588,5.994334370837647,2.790293718038466,2.603700035472904,3.4166911884338633,-3.817706034886637,-2.568777663520249,-1.5492575508953095,-1.0552836904938216,2.235025583446363,-0.2544245262854379,1.0220882670281368,2.0108063333746307,-3.3687888351941657,2.8930039566010892,1.5399416100756207,-2.2935230657600356,-1.5786236826452489,1.6361032835338545,-0.5581301369030152,1.4624346585914259,-5.841842713608235,-0.43067588715853583,-1.2501859124239458,2.9585733931223253,-1.492950857717338,-0.11921395252091475,2.007545287309802,-2.0528828744528704,2.5630313681013597,0.7272067288288346,1.3679870844031712,2.9773955007903252
-2.9651831546839085,-1.2113538672149438,-1.859938950111594,-0.6551292014314359,2.385092574110017,-0.2401734657703882,0.44264503711035375,0.5378809668677749,-2.358923564239727,2.6301808140778187,-7.032384594952635,1.0465571346712372,-6.082741863280158,-3.04788264520203,-2.2672268500055113,-3.8239858533208566,4.158280128947026,3.0206142648769982,1.8138247261991447,1.0854029553970932,-3.1579091055068873,0.2521588954696409,-1.3332641673384587,-1.7402658462695026,3.041499936993925,-3.1729709321459962,-1.618266090739891,2.8216078513381384,1.66504173579509,-1.4687380216304535,0.28257203556660554,-1.452718084584855,6.039487332200958,0.09961116739887178,1.1939223971583428,-2.841422468158691,1.6435960418657694,0.19166531433221537,-2.7337890771496047,2.1627275665609975,-2.979776428645251,-0.8461459529366108,-1.2482540122621573,-3.2224926750829535
8.117164348771286,3.895868990720171,4.740820872059099,0.9615025348540595,-6.460257622815735,0.21236583162074854,-1.016657939430968,-1.358141601807071,6.662422075366395,-7.032384594952635,19.877311484388414,-2.7930780972384044,18.088891164479872,8.455825654567036,7.25745395935067,10.337519300036512,-10.800547670963518,-7.933371266601768,-4.747903595926606,-2.5018894040146304,8.164932181515988,-1.067294401564407,3.3426153836747354,5.588086335686144,-9.685662736415143,9.216620569134356,4.02427835386635,-7.749280739629717,-4.641215853739244,4.473190230082641,-0.9830475580208546,3.5839332595762916,-17.40957500369378,-0.9813688528788117,-3.974064943331521,8.440491175703466,-4.557176678566442,-0.6112402254395698,7.129953854579403,-6.249471688405843,8.137463496912625,2.4264509790316144,3.6156459755741532,9.034713113594046
-0.977933821215762,-0.3516844763163129,-0.9206397712085601,-0.4239627118486322,1.014063237911781,-0.13064409416191455,0.2947084371416248,0.23001062330344624,-1.0195282970963588,1.0465571346712372,-2.7930780972384044,0.5354698729587904,-2.3111262053225214,-1.1447581900707555,-1.0975754230023271,-1.4859480194352943,1.9327887108964754,1.118022290233546,0.6626475133234356,0.7232437921325705,-0.6328133233893692,-0.032014184864999073,-0.4060634981494229,-0.8244537019347901,1.3504999214410174,-0.9944666311558235,-0.8976446185659508,0.7457129434614648,0.6941949622451589,-0.755026061452759,0.40855899617534164,-0.914858908981322,2.4036416502347544,0.13386051706481736,0.35947692879812626,-1.2632203472018118,0.5989445869437005,-0.042970119051688405,-0.6223206750050637,0.7947273810738391,-0.9870591619297011,-0.23706853743812048,-0.6926093803559795,-1.2410994283148273
7.378381445990325,4.0491146126613735,3.7400462049742593,8.087446023573553e-4,-5.59264756142924,-0.21243686366710093,-0.6472037210572454,-1.0751412334737827,5.994334370837647,-6.082741863280158,18.088891164479872,-2.3111262053225214,17.299396911447403,7.63582699650575,7.1114301449304556,9.053094172049489,-8.81649059302738,-6.81327942534636,-4.075694129572361,-1.54945445692907,7.379183200862454,-1.3755734271262574,2.8244289017859745,5.508881836992873,-9.574577995586601,8.845962354017121,2.973970111666752,-7.20528318930562,-4.144854319242613,4.162024740782322,-0.7724835518856923,2.539374556209853,-16.136906762315117,-1.3804856321364136,-4.204281336235932,7.9194112087744015,-4.135898204411155,-0.7260836230922979,6.428942194366045,-5.839325326198011,7.356920137521696,2.3340987195397194,3.1793764623204894,8.195023546812887
3.6139788356645295,1.6688549547547746,1.982972908948604,0.43194505243551645,-2.7519557875188774,0.1351110338938214,-0.40510056478768536,-0.5910969077002336,2.790293718038466,-3.04788264520203,8.455825654567036,-1.1447581900707555,7.63582699650575,3.6654836820126584,2.8498274972746347,4.4829941458327776,-4.5646720351255,-3.505346994809586,-2.1057170893371,-0.9715678700409054,3.9420402622496096,-0.4815783386609498,1.5553747347221882,2.2074787991797815,-3.8883158996584988,4.046112476934261,1.6342496265282807,-3.550768243298897,-1.9592399516713377,1.7537625150677554,-0.2145918183226373,1.3994647895540417,-7.361390675478294,-0.2662185892929888,-1.6736344687005398,3.4625933054142837,-1.9858036411309987,-0.32670087516878443,3.3864122951385016,-2.6722508119094295,3.615962614181263,1.0898137847070322,1.414049535176056,3.8751387256112753
2.362696017264679,1.579269373715882,1.6477223756702892,-0.08469514266025994,-2.2645443845691413,-0.20334278450602056,-0.4234147945802534,-0.3797489236456588,2.603700035472904,-2.2672268500055113,7.25745395935067,-1.0975754230023271,7.1114301449304556,2.8498274972746347,3.7040149006604017,3.305788914761658,-3.7037067250254148,-2.2362669280391843,-1.3466274626053045,-1.0078889035912846,1.202074607277148,-0.41175206330582503,0.6587647976940266,2.8641273511478866,-4.654813127050003,3.071798627608878,1.5188565652935682,-1.9245219896564143,-1.7094483519052226,2.209753728773105,-1.0571183291670392,1.5426401320746468,-6.624396310531839,-1.123869198002705,-1.7080926687800921,3.6875217987948057,-1.5099810480593638,-0.057722791291129526,1.2379124256347924,-2.284907760250266,2.3636345051717313,0.7024056573621994,1.7586267850831676,3.131681567012702
4.431567839583771,1.8504368617588658,2.631400167068105,0.861824198784865,-3.4511163459249032,0.28911405317585703,-0.5630006939753146,-0.7848558634904884,3.4166911884338633,-3.8239858533208566,10.337519300036512,-1.4859480194352943,9.053094172049489,4.4829941458327776,3.305788914761658,5.631817815914431,-5.931643774621775,-4.4517506566958005,-2.6454089453825276,-1.4394083102264226,4.858196969674783,-0.46054260256961477,1.976149821786071,2.518896631134779,-4.492009630430654,4.788149430363546,2.231153725481737,-4.3078000793484215,-2.4263934556001,2.1160201401495438,-0.31075633958346194,1.946407929594127,-8.904322894458442,-0.12973200407514218,-1.8482121073235487,4.123163416421899,-2.4142879407916316,-0.33085341089204173,4.189106177882403,-3.2104344426629785,4.4543638588220205,1.3065921833202372,1.75328775776194,4.776083993299043
-4.143202690055805,-1.412124699681011,-3.4406909874256892,-1.6647529256263063,3.900587215844878,-0.595955023308316,1.0333408160126372,0.9153919071871457,-3.817706034886637,4.158280128947026,-10.800547670963518,1.9327887108964754,-8.81649059302738,-4.5646720351255,-3.7037067250254148,-5.931643774621775,7.342431810434473,4.613836169899345,2.754828131807275,2.537780711655502,-3.5878345624841717,-0.03517665175315394,-1.8763858498805321,-2.7899791466633954,4.6842049426704335,-4.150524738584697,-3.2635029459588805,3.4951828130587854,2.6576006896138162,-2.5682994821481575,1.084965913653911,-3.1972011452696094,9.179807570572597,0.16528641841827818,1.375889583550512,-4.556229000953029,2.4151695168328273,-0.008706960391724238,-3.267309335955372,3.1252482502496326,-4.184805106831922,-1.0468533265297164,-2.361186732364005,-4.8712028165612304
-3.580776408511101,-1.3763563070777167,-2.0402281192759966,-0.78330229909779,2.6724245144686574,-0.29565604738760237,0.4119228104660233,0.6310188629740718,-2.568777663520249,3.0206142648769982,-7.933371266601768,1.118022290233546,-6.81327942534636,-3.505346994809586,-2.2362669280391843,-4.4517506566958005,4.613836169899345,3.6146061758893717,2.145564185262002,1.064038786601321,-4.248789220419379,0.351962530819976,-1.6799318219405661,-1.6929564532340522,3.1343627921509136,-3.765088918370399,-1.688609800572271,3.569067120409424,1.8631312824729191,-1.4532567742511875,0.036748568968317685,-1.415660611250442,6.763225936858483,-0.1169341444679435,1.3524284782740024,-2.9912665440603,1.9007928631146889,0.2988744549717215,-3.6164944351229185,2.4617615490866838,-3.59761397293512,-1.0572503602803975,-1.214537233516027,-3.7180321235590204
-2.1317095815253233,-0.8370010030515498,-1.2114531202248577,-0.4472131605002003,1.6037902623034093,-0.1880781892944026,0.25706066926129995,0.3707237504162239,-1.5492575508953095,1.8138247261991447,-4.747903595926606,0.6626475133234356,-4.075694129572361,-2.1057170893371,-1.3466274626053045,-2.6454089453825276,2.754828131807275,2.145564185262002,1.2941562352196128,0.6352825838353914,-2.5285606148627946,0.2029475547632351,-1.0060832483362054,-1.039674491397412,1.873698217635818,-2.2566791884289397,-1.0148832465547257,2.1231167625031886,1.1146747494474623,-0.8706096320329251,0.0213851040592036,-0.8540659267494685,4.0434869775589215,-0.04843098164716531,0.8090803154305342,-1.8086647336056187,1.1473374686345321,0.18087775071528134,-2.1453299640082943,1.4819396827644757,-2.1437306968773537,-0.620576018833985,-0.7323027413067333,-2.2053147275415044
-0.610842969188444,0.0658482940661777,-1.3063722327548717,-0.9695333872733584,1.1212176910501677,-0.35866579658844416,0.5434249139157104,0.29537735869116327,-1.0552836904938216,1.0854029553970932,-2.5018894040146304,0.7232437921325705,-1.54945445692907,-0.9715678700409054,-1.0078889035912846,-1.4394083102264226,2.537780711655502,1.064038786601321,0.6352825838353914,1.3523888384603395,0.2023154807236374,-0.38408177713211816,-0.3066096721007009,-0.7347130466314978,1.034170519133048,-0.3426928907811972,-1.4467079836369758,0.11484626780752089,0.6989878743459386,-0.8562372549664194,0.7942197482033809,-1.5831186023454604,2.014957713377341,0.02951401085629009,-0.09478899459253379,-1.1979103858530877,0.47359617461219233,-0.26279334798134196,0.011964566927030991,0.5722213411569259,-0.6493415116215963,-0.018700470838991918,-0.918873457953302,-1.05757959642914
4.720442693564523,1.9319079634215595,1.3382689796879557,0.21352135951829482,-2.475719633243901,0.19257248012767791,0.11267582250754075,-0.6108039907538276,2.235025583446363,-3.1579091055068873,8.164932181515988,-0.6328133233893692,7.379183200862454,3.9420402622496096,1.202074607277148,4.858196969674783,-3.5878345624841717,-4.248789220419379,-2.5285606148627946,0.2023154807236374,7.488021559827812,-0.944485560252422,2.3941149828181985,0.9438472348320172,-2.3745674993822847,5.11140949167723,0.596601708935608,-5.53075558047911,-1.7660059773478105,0.6124104485159434,1.4083598251907044,-0.08345847353210525,-6.905771607417885,0.7262152635901429,-1.8422619774346407,2.352499988882753,-2.2167103509108057,-0.8652626807798909,6.067319952101291,-2.7914118690083773,4.71023801230137,1.5914293558277939,0.29071089744047945,4.063106525063686
-0.6060371000892902,-0.4965823290021802,0.105192026089231,0.4026866410211912,0.18127490888738332,0.18276813863600908,-0.15854648468864233,0.003846937561536177,-0.2544245262854379,0.2521588954696409,-1.067294401564407,-0.032014184864999073,-1.3755734271262574,-0.4815783386609498,-0.41175206330582503,-0.46054260256961477,-0.03517665175315394,0.351962530819976,0.2029475547632351,-0.38408177713211816,-0.944485560252422,0.3292409632390096,-0.19636993341085004,-0.330675134553443,0.694604188251306,-0.8843662438627693,0.26033947630050586,0.794070287355873,0.19188215825583574,-0.13532683310638238,-0.23752595654735487,0.36497630426505245,1.0424624401017628,0.14363377383075285,0.5321664832592186,-0.41474523573746835,0.278386226877827,0.1947158838967107,-0.7562934264654915,0.441724558817998,-0.5867509807808582,-0.2662281302053728,0.015036848141420108,-0.5227787078459869
1.716035432579433,0.6129796558357005,0.7970276873803981,0.3379524205423726,-1.1142173883920585,0.17145023296774684,-0.12395051058939431,-0.27231854469073435,1.0220882670281368,-1.3332641673384587,3.3426153836747354,-0.4060634981494229,2.8244289017859745,1.5553747347221882,0.6587647976940266,1.976149821786071,-1.8763858498805321,-1.6799318219405661,-1.0060832483362054,-0.3066096721007009,2.3941149828181985,-0.19636993341085004,0.8786686256139652,0.50405368233945,-1.0440196103801547,1.7623383695991757,0.5903687551780838,-1.8318645076424975,-0.7683650340647126,0.4178431189318881,0.24847132345421447,0.41381238693542466,-2.806327589989657,0.23115685234923117,-0.565187638164284,1.104856644749274,-0.8578528434050796,-0.2160263462498734,1.9824945789689987,-1.0558660003039164,1.7141742708137364,0.5251657697685422,0.3404126596438483,1.6054294075076168
1.8176850641735132,1.2540688123708608,1.2284326530492522,-0.12921808077696778,-1.7368580979763875,-0.16173276384238058,-0.32060922190773444,-0.2824467287527733,2.0108063333746307,-1.7402658462695026,5.588086335686144,-0.8244537019347901,5.508881836992873,2.2074787991797815,2.8641273511478866,2.518896631134779,-2.7899791466633954,-1.6929564532340522,-1.039674491397412,-0.7347130466314978,0.9438472348320172,-0.330675134553443,0.50405368233945,2.2441825188152897,-3.5989682041600393,2.40293026613724,1.1356606421675564,-1.501561010637791,-1.306662186420073,1.7022431092993349,-0.7918717511485687,1.1483113219604428,-5.103585809596421,-0.9000970413724338,-1.343241153861103,2.857499268399615,-1.1740691392523441,-0.05917159908276956,0.9561041483198672,-1.7821654966972003,1.8212637481054739,0.5406447518715928,1.347873367467933,2.394924147857702
-3.425513940047204,-2.213730639055583,-2.0348991969670602,0.2361031044309296,2.960875278066218,0.30501476191054044,0.44667127427509007,0.5028885344678642,-3.3687888351941657,3.041499936993925,-9.685662736415143,1.3504999214410174,-9.574577995586601,-3.8883158996584988,-4.654813127050003,-4.492009630430654,4.6842049426704335,3.1343627921509136,1.873698217635818,1.034170519133048,-2.3745674993822847,0.694604188251306,-1.0440196103801547,-3.5989682041600393,6.008251648719225,-4.389563598637675,-1.7455329849389754,3.024658541350898,2.246098583464751,-2.7256707374994735,1.055152546109121,-1.6909484709240503,8.834087504367519,1.3297512625069876,2.380158349777318,-4.733546473703231,2.077916900086688,0.21599310799720214,-2.2384894622628537,3.0914778648469374,-3.4043011343049576,-1.0673236081288007,-2.1155383282105262,-4.252383385273255
4.209944332305409,2.2100050007853502,1.66503683069242,-0.11974992456390604,-2.7775609687419576,-0.09058967259317018,-0.14195008050307714,-0.5547797917112977,2.8930039566010892,-3.1729709321459962,9.216620569134356,-0.9944666311558235,8.845962354017121,4.046112476934261,3.071798627608878,4.788149430363546,-4.150524738584697,-3.765088918370399,-2.2566791884289397,-0.3426928907811972,5.11140949167723,-0.8843662438627693,1.7623383695991757,2.40293026613724,-4.389563598637675,4.982528362066343,1.1305525906626321,-4.452258916810501,-2.0581208002478286,1.7265490526254827,0.2100292472993999,0.7386704142482993,-8.156191115509047,-0.3709095665604291,-2.248724970931486,3.6946142572351084,-2.225655898245206,-0.579234626105646,4.294592177972626,-3.066671801340444,4.196000053937184,1.3897914314810453,1.2251457714129326,4.281743332757669
1.2812467821490015,0.27637840596101637,1.604039956602611,0.9820734498107192,-1.5947072599584244,0.35710344545291733,-0.575102948667746,-0.39475369946289623,1.5399416100756207,-1.618266090739891,4.02427835386635,-0.8976446185659508,2.973970111666752,1.6342496265282807,1.5188565652935682,2.231153725481737,-3.2635029459588805,-1.688609800572271,-1.0148832465547257,-1.4467079836369758,0.596601708935608,0.26033947630050586,0.5903687551780838,1.1356606421675564,-1.7455329849389754,1.1305525906626321,1.6773273257345316,-0.8184516427089947,-1.0444799421138646,1.155576453967772,-0.7874569143850941,1.74518286794779,-3.3443956994620483,-0.09117320484076369,-0.2558718238501536,1.805838341034347,-0.8393217437688573,0.18640557807336855,0.6608604283243418,-1.0812438678579352,1.327627867412452,0.22915426280788925,1.140359272312281,1.7604420893926374
-3.948297964291142,-1.8161800768863001,-1.3698689245445899,-0.08075093283397551,2.3572143128110725,-0.049836822008073836,0.02210663407624101,0.5332248049285294,-2.2935230657600356,2.8216078513381384,-7.749280739629717,0.7457129434614648,-7.20528318930562,-3.550768243298897,-1.9245219896564143,-4.3078000793484215,3.4951828130587854,3.569067120409424,2.1231167625031886,0.11484626780752089,-5.53075558047911,0.794070287355873,-1.8318645076424975,-1.501561010637791,3.024658541350898,-4.452258916810501,-0.8184516427089947,4.407288497974129,1.704866844589181,-1.0728375529180483,-0.6753702928455235,-0.3417376011903538,6.704017087711914,-0.15405071570140735,1.803239130943547,-2.6979798763118654,1.9677438689682791,0.6231463725596048,-4.556594944941446,2.609336588140785,-3.945299838154011,-1.316150525790092,-0.7068535521416646,-3.723732024941806
-1.8497081946721117,-0.8458771472335971,-1.1899519015738833,-0.32259492587067057,1.5397572082885354,-0.08544830965507047,0.28350512599268074,0.3263954758684519,-1.5786236826452489,1.66504173579509,-4.641215853739244,0.6941949622451589,-4.144854319242613,-1.9592399516713377,-1.7094483519052226,-2.4263934556001,2.6576006896138162,1.8631312824729191,1.1146747494474623,0.6989878743459386,-1.7660059773478105,0.19188215825583574,-0.7683650340647126,-1.306662186420073,2.246098583464751,-2.0581208002478286,-1.0444799421138646,1.704866844589181,1.103416560826208,-1.0771084207983403,0.3087846278133765,-0.9668889474684861,4.0493915556194215,0.21881121073990534,0.8614888707888668,-1.987716342434978,1.0526868612390525,0.10023290539600155,-1.5625072703255445,1.431286492277001,-1.857500898221754,-0.5320107814859502,-0.894072983070548,-2.1014124190855226
1.4040989066161846,0.8240368281428838,1.1899679919529302,0.1854404273570535,-1.4782497989551726,-0.0291499157295835,-0.3402770945775574,-0.2809747552434822,1.6361032835338545,-1.4687380216304535,4.473190230082641,-0.755026061452759,4.162024740782322,1.7537625150677554,2.209753728773105,2.1160201401495438,-2.5682994821481575,-1.4532567742511875,-0.8706096320329251,-0.8562372549664194,0.6124104485159434,-0.13532683310638238,0.4178431189318881,1.7022431092993349,-2.7256707374994735,1.7265490526254827,1.155576453967772,-1.0728375529180483,-1.0771084207983403,1.3980895015058985,-0.7522307348268027,1.1907132277607553,-4.005088357799916,-0.6014096714315486,-0.896063715763072,2.233825117068732,-0.9159513764484497,0.03807666885181725,0.6684547868129659,-1.3730448120362486,1.4256073248690895,0.3783810799798921,1.1559345856535412,1.9354681981812152
0.20822625310746926,0.04832962108070907,-0.6084600660460101,-0.29055615113497196,0.44530521582176047,-0.029048975314743503,0.32006018274442566,0.07219934489830757,-0.5581301369030152,0.28257203556660554,-0.9830475580208546,0.40855899617534164,-0.7724835518856923,-0.2145918183226373,-1.0571183291670392,-0.31075633958346194,1.084965913653911,0.036748568968317685,0.0213851040592036,0.7942197482033809,1.4083598251907044,-0.23752595654735487,0.24847132345421447,-0.7918717511485687,1.055152546109121,0.2100292472993999,-0.7874569143850941,-0.6753702928455235,0.3087846278133765,-0.7522307348268027,0.877462389210477,-0.9882158560486903,0.9179361071144592,0.45713197134276046,0.004038123806637145,-0.8584413289987999,0.07044082439093578,-0.2786049032925856,1.016716622689019,0.18692793888934917,0.18744734526163753,0.16261873504389365,-0.7204264612779404,-0.3069135562406764
0.9489976446183405,0.1233766646780762,1.616779306896586,1.028906544973937,-1.4869569810836463,0.36529540033017466,-0.6514243719508258,-0.35628526167452945,1.4624346585914259,-1.452718084584855,3.5839332595762916,-0.914858908981322,2.539374556209853,1.3994647895540417,1.5426401320746468,1.946407929594127,-3.1972011452696094,-1.415660611250442,-0.8540659267494685,-1.5831186023454604,-0.08345847353210525,0.36497630426505245,0.41381238693542466,1.1483113219604428,-1.6909484709240503,0.7386704142482993,1.74518286794779,-0.3417376011903538,-0.9668889474684861,1.1907132277607553,-0.9882158560486903,1.9104475282298052,-2.9871983231817443,-0.17489275225626452,-0.10049745507447229,1.7544447192465045,-0.6995563880391646,0.2729676663970882,0.12751002050061744,-0.8868489263787888,0.9803205753378263,0.09896546008587946,1.2070568467902438,1.5144763468921105
-7.044515050789035,-3.562255294981239,-4.000461786448853,-0.5633033730728437,5.569121465559606,-0.044031700778041395,0.8377701760166341,1.1260174876257973,-5.841842713608235,6.039487332200958,-17.40957500369378,2.4036416502347544,-16.136906762315117,-7.361390675478294,-6.624396310531839,-8.904322894458442,9.179807570572597,6.763225936858483,4.0434869775589215,2.014957713377341,-6.905771607417885,1.0424624401017628,-2.806327589989657,-5.103585809596421,8.834087504367519,-8.156191115509047,-3.3443956994620483,6.704017087711914,4.0493915556194215,-4.005088357799916,0.9179361071144592,-2.9871983231817443,15.377035875777901,1.0806599332134859,3.6628898989235372,-7.546565224214986,3.970010022900354,0.5633398161484267,-6.056495475558714,5.4950152819810825,-7.036643588594003,-2.142215678493948,-3.193021035219357,-7.885340265567576
-0.015060856694666539,-0.4040342723155474,-0.05380442970035855,0.42430649746950533,0.20788538343193194,0.2405640078052029,0.03270484446117576,-0.04105772353015527,-0.43067588715853583,0.09961116739887178,-0.9813688528788117,0.13386051706481736,-1.3804856321364136,-0.2662185892929888,-1.123869198002705,-0.12973200407514218,0.16528641841827818,-0.1169341444679435,-0.04843098164716531,0.02951401085629009,0.7262152635901429,0.14363377383075285,0.23115685234923117,-0.9000970413724338,1.3297512625069876,-0.3709095665604291,-0.09117320484076369,-0.15405071570140735,0.21881121073990534,-0.6014096714315486,0.45713197134276046,-0.17489275225626452,1.0806599332134859,0.6464924658791226,0.479755653590583,-0.8563329882383868,0.13603971359020234,-0.03611105770985236,0.5260223626879236,0.35351781225446055,-0.006709419286396215,-0.02211407383745985,-0.43546796058919596,-0.32252286449171547
-1.6879116933438436,-1.1574069130233906,-0.4953571246411286,0.44450931407372263,1.0791566681622016,0.24375721172301199,-0.03793946284764336,0.1669286147996269,-1.2501859124239458,1.1939223971583428,-3.974064943331521,0.35947692879812626,-4.204281336235932,-1.6736344687005398,-1.7080926687800921,-1.8482121073235487,1.375889583550512,1.3524284782740024,0.8090803154305342,-0.09478899459253379,-1.8422619774346407,0.5321664832592186,-0.565187638164284,-1.343241153861103,2.380158349777318,-2.248724970931486,-0.2558718238501536,1.803239130943547,0.8614888707888668,-0.896063715763072,0.004038123806637145,-0.10049745507447229,3.6628898989235372,0.479755653590583,1.2326390377522538,-1.7804724000626415,0.9231134254886656,0.2724185988633793,-1.5654685536028292,1.3855626713841973,-1.6745634777208405,-0.6046039993673006,-0.5764816472833091,-1.8100520442587318
3.0852777136454175,1.7110988561985243,2.021881288071033,0.21384024872046786,-2.718390202451223,-0.02953308341254386,-0.5229254956310201,-0.5085823144102544,2.9585733931223253,-2.841422468158691,8.440491175703466,-1.2632203472018118,7.9194112087744015,3.4625933054142837,3.6875217987948057,4.123163416421899,-4.556229000953029,-2.9912665440603,-1.8086647336056187,-1.1979103858530877,2.352499988882753,-0.41474523573746835,1.104856644749274,2.857499268399615,-4.733546473703231,3.6946142572351084,1.805838341034347,-2.6979798763118654,-1.987716342434978,2.233825117068732,-0.8584413289987999,1.7544447192465045,-7.546565224214986,-0.8563329882383868,-1.7804724000626415,3.9732959521598445,-1.853190141432886,-0.14986760347072248,2.173144761123856,-2.6249110374884324,3.076607194859723,0.9046700980823081,1.8247355458163632,3.717911592745507
-1.9788690165786207,-0.9228761181951392,-1.0372371709517159,-0.2024732120738554,1.4733542074767856,-0.06720860860489279,0.20185289926732847,0.31308794383450594,-1.492950857717338,1.6435960418657694,-4.557176678566442,0.5989445869437005,-4.135898204411155,-1.9858036411309987,-1.5099810480593638,-2.4142879407916316,2.4151695168328273,1.9007928631146889,1.1473374686345321,0.47359617461219233,-2.2167103509108057,0.278386226877827,-0.8578528434050796,-1.1740691392523441,2.077916900086688,-2.225655898245206,-0.8393217437688573,1.9677438689682791,1.0526868612390525,-0.9159513764484497,0.07044082439093578,-0.6995563880391646,3.970010022900354,0.13603971359020234,0.9231134254886656,-1.853190141432886,1.0832632629366519,0.19309045798507576,-1.892815456957932,1.4500737706661995,-1.9782842017585855,-0.6012361219760628,-0.733211204770045,-2.0912971394309263
-0.462451451363191,-0.28259114902483895,0.06961465841046674,0.19247596602075728,0.11271461595169757,0.05850783968170376,-0.09406323376759042,0.013309306421063637,-0.11921395252091475,0.19166531433221537,-0.6112402254395698,-0.042970119051688405,-0.7260836230922979,-0.32670087516878443,-0.057722791291129526,-0.33085341089204173,-0.008706960391724238,0.2988744549717215,0.18087775071528134,-0.26279334798134196,-0.8652626807798909,0.1947158838967107,-0.2160263462498734,-0.05917159908276956,0.21599310799720214,-0.579234626105646,0.18640557807336855,0.6231463725596048,0.10023290539600155,0.03807666885181725,-0.2786049032925856,0.2729676663970882,0.5633398161484267,-0.03611105770985236,0.2724185988633793,-0.14986760347072248,0.19309045798507576,0.16168745984309,-0.6806381587492395,0.24981341289378178,-0.440896269816745,-0.19186475851131274,0.0925115061640855,-0.3159941046168038
3.96969399616641,1.62885304120499,1.2607233156070725,0.24328266720612518,-2.187915067288698,0.16503830919306012,0.030053357222672248,-0.5318256266900074,2.007545287309802,-2.7337890771496047,7.129953854579403,-0.6223206750050637,6.428942194366045,3.3864122951385016,1.2379124256347924,4.189106177882403,-3.267309335955372,-3.6164944351229185,-2.1453299640082943,0.011964566927030991,6.067319952101291,-0.7562934264654915,1.9824945789689987,0.9561041483198672,-2.2384894622628537,4.294592177972626,0.6608604283243418,-4.556594944941446,-1.5625072703255445,0.6684547868129659,1.016716622689019,0.12751002050061744,-6.056495475558714,0.5260223626879236,-1.5654685536028292,2.173144761123856,-1.892815456957932,-0.6806381587492395,4.946704951226395,-2.3991212389290797,3.959811207580908,1.3237536461468251,0.39137395606589276,3.5149395688189373
-2.606707968100086,-1.3475441218923054,-1.3287965284485193,-0.10987657455826709,1.9685441604195275,0.005260065728978266,0.21536897436364041,0.40559590080264674,-2.0528828744528704,2.1627275665609975,-6.249471688405843,0.7947273810738391,-5.839325326198011,-2.6722508119094295,-2.284907760250266,-3.2104344426629785,3.1252482502496326,2.4617615490866838,1.4819396827644757,0.5722213411569259,-2.7914118690083773,0.441724558817998,-1.0558660003039164,-1.7821654966972003,3.0914778648469374,-3.066671801340444,-1.0812438678579352,2.609336588140785,1.431286492277001,-1.3730448120362486,0.18692793888934917,-0.8868489263787888,5.4950152819810825,0.35351781225446055,1.3855626713841973,-2.6249110374884324,1.4500737706661995,0.24981341289378178,-2.3991212389290797,2.0388653675602186,-2.6276663222384973,-0.8112758911098078,-1.0498993265010248,-2.852715184421476
3.782813500955045,1.6807147148087946,1.7650875794796217,0.37641313002528914,-2.597059299403088,0.1363507451347405,-0.24774053030881474,-0.5814930843728092,2.5630313681013597,-2.979776428645251,8.137463496912625,-0.9870591619297011,7.356920137521696,3.615962614181263,2.3636345051717313,4.4543638588220205,-4.184805106831922,-3.59761397293512,-2.1437306968773537,-0.6493415116215963,4.71023801230137,-0.5867509807808582,1.7141742708137364,1.8212637481054739,-3.4043011343049576,4.196000053937184,1.327627867412452,-3.945299838154011,-1.857500898221754,1.4256073248690895,0.18744734526163753,0.9803205753378263,-7.036643588594003,-0.006709419286396215,-1.6745634777208405,3.076607194859723,-1.9782842017585855,-0.440896269816745,3.959811207580908,-2.6276663222384973,3.7897577835758502,1.1890085560432535,1.0901340262219013,3.822001686001732
1.1992627350745955,0.5967646295192335,0.406405103776794,-0.03281512873574128,-0.7174789323981761,-0.023675313689672035,-0.005041933589392722,-0.15147372262742553,0.7272067288288346,-0.8461459529366108,2.4264509790316144,-0.23706853743812048,2.3340987195397194,1.0898137847070322,0.7024056573621994,1.3065921833202372,-1.0468533265297164,-1.0572503602803975,-0.620576018833985,-0.018700470838991918,1.5914293558277939,-0.2662281302053728,0.5251657697685422,0.5406447518715928,-1.0673236081288007,1.3897914314810453,0.22915426280788925,-1.316150525790092,-0.5320107814859502,0.3783810799798921,0.16261873504389365,0.09896546008587946,-2.142215678493948,-0.02211407383745985,-0.6046039993673006,0.9046700980823081,-0.6012361219760628,-0.19186475851131274,1.3237536461468251,-0.8112758911098078,1.1890085560432535,0.4126578824726029,0.25027614703011114,1.1571056744414556
1.0747083696652806,0.537214769896035,1.122536997372045,0.35506911625886056,-1.2730988049095624,0.06783908796525454,-0.38459872458832556,-0.25974529489797943,1.3679870844031712,-1.2482540122621573,3.6156459755741532,-0.6926093803559795,3.1793764623204894,1.414049535176056,1.7586267850831676,1.75328775776194,-2.361186732364005,-1.214537233516027,-0.7323027413067333,-0.918873457953302,0.29071089744047945,0.015036848141420108,0.3404126596438483,1.347873367467933,-2.1155383282105262,1.2251457714129326,1.140359272312281,-0.7068535521416646,-0.894072983070548,1.1559345856535412,-0.7204264612779404,1.2070568467902438,-3.193021035219357,-0.43546796058919596,-0.5764816472833091,1.8247355458163632,-0.733211204770045,0.0925115061640855,0.39137395606589276,-1.0498993265010248,1.0901340262219013,0.25027614703011114,1.0274676665419278,1.5447038428142161
3.8110634140446575,1.7686620145444243,2.1309922070300273,0.46747343558626836,-2.9276851175212104,0.10375802341370832,-0.41167509834784294,-0.6336924550164447,2.9773955007903252,-3.2224926750829535,9.034713113594046,-1.2410994283148273,8.195023546812887,3.8751387256112753,3.131681567012702,4.776083993299043,-4.8712028165612304,-3.7180321235590204,-2.2053147275415044,-1.05757959642914,4.063106525063686,-0.5227787078459869,1.6054294075076168,2.394924147857702,-4.252383385273255,4.281743332757669,1.7604420893926374,-3.723732024941806,-2.1014124190855226,1.9354681981812152,-0.3069135562406764,1.5144763468921105,-7.885340265567576,-0.32252286449171547,-1.8100520442587318,3.717911592745507,-2.0912971394309263,-0.3159941046168038,3.5149395688189373,-2.852715184421476,3.822001686001732,1.1571056744414556,1.5447038428142161,4.158115641355682
