V1,V2,V3,V4,V5,V6,V7,V8,V9,V10,V11,V12,V13,V14,V15,V16,V17,V18,V19,V20,V21,V22,V23,V24,V25,V26,V27,V28,V29,V30,V31,V32,V33,V34,V35,V36,V37,V38,V39,V40,V41,V42,V43,V44
2.298432720342883,8.003803335104386,-9.678154487196911,-13.220612347233875,4.512944597355325,-5.722406019206855,5.198623990550749,2.1795004272818272,-2.0028855885642027,4.153184292805541,-0.09816420469033221,4.460995204803604,11.91102765156881,-0.009651296268837966,3.9762894455838715,-4.1296810821572985,16.633110788719847,4.18925128135561,2.4743257129287275,13.01208789075223,7.120269434446463,-6.87021067552719,-1.3474655301235339,3.68880400183659,-7.90609671214712,9.159573788757418,-12.007169708050657,-6.722209717040373,1.4787407347664845,-0.8994297004625749,5.244730805074006,-13.595711820864969,-3.5156683842096568,-5.024406737261758,-9.014370366230875,1.1708106483939407,-0.4777440953861724,-3.596293888477593,5.0078380160321405,-2.832565022038659,1.8366565193229478,2.8375021221068586,-3.880304338745718,0.1933525376354067
8.003803335104386,33.95201466220121,-43.41296698091775,-57.92107276470181,21.30527268462933,-25.014796161204522,22.933889925743106,9.843237207621787,-10.406026345187886,19.875287455236826,-5.386788187792812,20.170791618755903,47.442431806574405,-2.150109769903485,15.52408114850767,-20.593641646910605,75.26625655179535,20.26134542673264,11.9826268216343,57.39797615346043,29.05514682733831,-29.71120643157321,-6.710414175528762,14.688132071975112,-32.062384372990756,37.66314694330848,-53.39461636801656,-27.40332792727199,7.61067350509145,-5.0476767707987324,23.145267931801673,-60.216720819549295,-10.98606438591086,-21.66002861211063,-38.333134314674396,2.987654676231992,-0.9447851260540089,-15.545906805811386,20.08838088599288,-10.797186333792194,5.986481303867069,11.77357375903508,-17.83680526224445,-1.4145808551401193
-9.678154487196911,-43.41296698091775,56.27174295289344,74.65237324345475,-27.934475952025903,32.226292510998135,-29.609084311464223,-12.777091685871156,13.91950074909315,-26.14016686571532,8.484390313608309,-26.187553875403566,-59.681747340276,3.425811897869435,-19.4196952890275,27.31942349899787,-97.75536777985158,-26.701363737245675,-15.797729439100923,-74.10377674613869,-36.78186122110357,38.171103187942414,8.898620238505162,-18.47418786979332,40.5268629145731,-47.78253288226957,69.06703131451258,34.689959374093014,-10.163573170604078,6.85354142940253,-29.882700952643887,77.82316588086032,12.792148546489816,27.81301821617825,49.05094522873556,-3.1904064725519152,0.8636663141517665,19.970298166950066,-25.317462307569812,13.416028138330905,-7.079089223638086,-14.976909576867572,23.247414873489483,2.52242782063971
-13.220612347233875,-57.92107276470181,74.65237324345475,99.27782515721863,-36.88611481356131,42.861637244896755,-39.34592318318076,-16.945491303517368,18.229754640041694,-34.47097638079177,10.435518318402728,-34.72230582233067,-80.1697026927647,4.193237523151011,-26.14583587415673,35.90418553131927,-129.58871920890832,-35.18457460030273,-20.809437657586695,-98.4745683343088,-49.28159069250903,50.83032843927163,11.694438808684843,-24.82194379882086,54.3299987280468,-63.955377587311354,91.70932637852215,46.475641528773735,-13.319490269829528,8.91979120083142,-39.70916308373975,103.3671865059973,17.760653834094374,37.045584417870714,65.42065150380438,-4.603495959703693,1.3432903823636384,26.594944991890397,-33.98375623520297,18.117940604107606,-9.762046025283047,-20.021334897847325,30.77654262298598,2.9712768284015816
4.512944597355325,21.30527268462933,-27.934475952025903,-36.88611481356131,14.00462526622122,-15.915051106416662,14.651482121591975,6.354640773933123,-7.090555597217719,13.134010996469394,-4.840788928665764,13.021445502372222,28.87034383578786,-1.9688732064629717,9.346878277324526,-13.825093166472657,48.61534275922301,13.4403437904046,7.95286965629023,36.66651538975474,17.897682577130073,-18.81017136923052,-4.501270838169232,8.937667668609482,-19.686272938776447,23.29087710864259,-34.23063802831626,-16.87275642783033,5.167340448019769,-3.5281100270090375,14.786238854471444,-38.537095789990524,-5.74392653323367,-13.696611078928807,-24.08521182673755,1.2969764886406814,-0.2765304101195048,-9.836784145225646,12.269391818719493,-6.419656465698258,3.231122169054196,7.31395275860556,-11.598433226733732,-1.5410870865866442
-5.722406019206855,-25.014796161204522,32.226292510998135,42.861637244896755,-15.915051106416662,18.508113846082246,-16.98906576599662,-7.312728579517993,7.859767332538666,-14.872808360062146,4.4722296282945,-14.985136206587427,-34.6457079484814,1.7977840147619792,-11.303796258074245,15.48395117294064,-55.93268918766272,-15.178118938431563,-8.978538827508254,-42.51573819059388,-21.28976032900041,21.947828995127747,5.044082021632642,-10.724428492942003,23.475908078522455,-27.631952725770855,39.58989583379754,20.080782059509794,-5.744270475030199,3.845840577798977,-17.142259901373475,44.62861544623725,7.699203060370294,15.99631907761283,28.255851376274457,-2.0036581405975844,0.5882288015743753,11.48236673487572,-14.683416687758417,7.832296969878818,-4.229149025503193,-8.64948143182725,13.280858574649603,1.2666801476147904
5.198623990550749,22.933889925743106,-29.609084311464223,-39.34592318318076,14.651482121591975,-16.98906576599662,15.60351476507553,6.723093696558567,-7.2576817317707585,13.696023971498265,-4.238276234188631,13.771869042387134,31.67632035856513,-1.7079767024253083,10.3275466241232,-14.280783873335354,51.40852925348011,13.983401309071034,8.27129269177593,39.04061395685191,19.48849820801009,-20.138469737396363,-4.650741026716381,9.804496596868493,-21.48096732884996,25.303373344059146,-36.36365090702729,-18.378275147978062,5.301520667147591,-3.5588023221374634,15.738600455206422,-40.98504475609991,-6.949217488375118,-14.67414848577303,-25.908748338288387,1.7823378542766832,-0.5101780680739038,-10.531918853775561,13.42950315970437,-7.147683887042839,3.828659075755141,7.920146519218028,-12.216676825835888,-1.2227350497015101
2.1795004272818272,9.843237207621787,-12.777091685871156,-16.945491303517368,6.354640773933123,-7.312728579517993,6.723093696558567,2.907872008643092,-3.172031137128921,5.944465738179759,-1.9708054539264046,5.9495272556366565,13.503588926704925,-0.7957607408813341,4.3897899321739144,-6.223439860257583,22.210399431341767,6.074480973617359,3.590948657142169,16.823145351880942,8.332845123664418,-8.661638691415092,-2.024455600859497,4.183230751029076,-9.173203194131544,10.8251559947355,-15.683253258421542,-7.854285408660964,2.3137842323698683,-1.5614615865594468,6.7814639730247706,-17.664776992532456,-2.8634920109386166,-6.311368016011233,-11.121974392213467,0.7052773614726993,-0.18659432764839728,-4.527856684921507,5.731129873526236,-3.0333212056659478,1.5899694515764142,3.3906319240345075,-5.288359826192837,-0.592363292972781
-2.0028855885642027,-10.406026345187886,13.91950074909315,18.229754640041694,-7.090555597217719,7.859767332538666,-7.2576817317707585,-3.172031137128921,3.6859983872072273,-6.678158324965289,2.941788987598726,-6.503702768722867,-13.746418126859563,1.2059865820461741,-4.408488034130127,7.10975236929651,-24.29328030771334,-6.8518556863743045,-4.056947829168979,-18.16513945854424,-8.608021312109706,9.252547799496943,2.3141124268042863,-4.254362999996334,9.445083365980828,-11.23868360517741,17.006525975181205,8.114803698202559,-2.680364462992212,1.867663285645722,-7.327140075305946,19.12113321525328,2.35110690534534,6.732046444109262,11.776079695920437,-0.4048734220705281,0.01011718813620847,4.839085815834105,-5.860023457035188,2.9942729944236146,-1.3698150895544907,-3.545303631511411,5.823583972817585,1.0109125396554177
4.153184292805541,19.875287455236826,-26.14016686571532,-34.47097638079177,13.134010996469394,-14.872808360062146,13.696023971498265,5.944465738179759,-6.678158324965289,12.328966002090711,-4.6781107217254085,12.187484625424464,26.834196335819783,-1.9050865069251748,8.676223158690199,-12.99799054405081,45.507502320494034,12.620473111049112,7.4700002928001865,34.27864466951589,16.655827171462963,-17.565380816453203,-4.232883018047374,8.305392745644768,-18.31942417510008,21.687433896732102,-32.014474724701095,-15.706475819457006,4.867435571574891,-3.335167731635766,13.824651141047651,-36.03838878159469,-5.231402075159109,-12.790117979242634,-22.473099906843753,1.1462189409067773,-0.2229369715596025,-9.188932036982981,11.407446162917457,-5.947756067720867,2.9541472577393963,6.817478556990667,-10.86192188960912,-1.5104254883194286
-0.09816420469033221,-5.386788187792812,8.484390313608309,10.435518318402728,-4.840788928665764,4.4722296282945,-4.238276234188631,-1.9708054539264046,2.941788987598726,-4.6781107217254085,4.218237485906465,-4.0368042571531,-5.45655480366644,1.766207603967808,-1.5544037504678767,5.347117464394511,-15.1331416749768,-4.885712390983423,-2.8984856246131847,-10.602297181686767,-3.8370111035757044,5.096638070830706,1.7326547184111738,-1.687295110532773,4.091702001756401,-5.184424364845627,10.141714399630562,3.6063237561138903,-2.111565819712938,1.6343567099246725,-4.275967972271755,11.284144950826049,-0.9044326449252467,3.6819011907438695,6.15381581836454,0.8551437577040614,-0.5762075384538042,2.657110406347423,-2.412214359841864,0.8945196416512399,0.26127575033397715,-1.698693182020225,3.7635739719925247,1.7288295681125676
4.460995204803604,20.170791618755903,-26.187553875403566,-34.72230582233067,13.021445502372222,-14.985136206587427,13.771869042387134,5.9495272556366565,-6.503702768722867,12.187484625424464,-4.0368042571531,12.195207442261944,27.666505016743816,-1.6310841463128505,8.99491162982546,-12.752685659992869,45.510188419298174,12.456511401630232,7.368033396804762,34.4700776137513,17.069982465173922,-17.747920076451464,-4.153761490701383,8.56643083916859,-18.799209921809286,22.172851178055797,-32.13642374922341,-16.093142463221525,4.746397574076994,-3.2050600476531077,13.902619559233091,-36.20087968356934,-5.865104065072747,-12.927076071265695,-22.787948151003377,1.4404768612274634,-0.37862015416647216,-9.286224917380489,11.741584746728822,-6.2102317476677085,3.252244439209397,6.949855222621253,-10.829575414496006,-1.2170843248654657
11.91102765156881,47.442431806574405,-59.681747340276,-80.1697026927647,28.87034383578786,-34.6457079484814,31.67632035856513,13.503588926704925,-13.746418126859563,26.834196335819783,-5.45655480366644,27.666505016743816,67.58089975603298,-2.1251533127001005,22.25106360250863,-27.49522113261895,103.21273112527489,27.274646922142427,16.125937613651438,79.28705987159015,41.07684936982159,-41.27910728675794,-8.963826598194098,20.925948829533912,-45.41800131030526,53.123293204976946,-73.58696548487026,-38.756382865945355,10.07872434881896,-6.540366594399171,31.969965116936102,-83.08564686623171,-16.98880550017977,-30.123457485703472,-53.525091918433944,4.9996977656926775,-1.7699160761763615,-21.603681321758874,28.551907733740915,-15.594673141034411,9.116623478534224,16.56456330709715,-24.348218838085117,-1.0454259416820297
-0.009651296268837966,-2.150109769903485,3.425811897869435,4.193237523151011,-1.9688732064629717,1.7977840147619792,-1.7079767024253083,-0.7957607408813341,1.2059865820461741,-1.9050865069251748,1.766207603967808,-1.6310841463128505,-2.1251533127001005,0.7420374054961817,-0.5998375100862676,2.18424879971434,-6.115795376692961,-1.9920612605013914,-1.183225530565601,-4.268357654593811,-1.5117730413963681,2.0429567199715226,0.7086304061194982,-0.655379266925431,1.6083883224395452,-2.0517616106850096,4.087864973621713,1.4199202017903374,-0.8645184273879174,0.6729760516611034,-1.7207776634300764,4.547401828403369,-0.42612258588855556,1.4728767599737775,2.4589041723821854,0.3737694900578546,-0.2483598915562964,1.0629884065692161,-0.942462414631124,0.33578946159713363,0.13350375088283592,-0.6732531239517565,1.5244930695500087,0.7268678746685835
3.9762894455838715,15.52408114850767,-19.4196952890275,-26.14583587415673,9.346878277324526,-11.303796258074245,10.3275466241232,4.3897899321739144,-4.408488034130127,8.676223158690199,-1.5544037504678767,8.99491162982546,22.25106360250863,-0.5998375100862676,7.347123394424067,-8.853678095181019,33.55062770434324,8.813351145706141,5.210668853558933,25.842358839406533,13.491643676268058,-13.48133227352192,-2.887895695121612,6.887572730955368,-14.930329453504857,17.43734731919062,-23.961621577497084,-12.729827658841186,3.2361421765342904,-2.0841976116434253,10.417561783160957,-27.068415281005116,-5.739217516368137,-9.83682236842024,-17.510312294216273,1.7269260373831565,-0.6288424448489262,-7.054472899762242,9.391852540479485,-5.1571753087941135,3.0644743932887075,5.427983209370268,-7.902991361981829,-0.23995006205121883
-4.1296810821572985,-20.593641646910605,27.31942349899787,35.90418553131927,-13.825093166472657,15.48395117294064,-14.280783873335354,-6.223439860257583,7.10975236929651,-12.99799054405081,5.347117464394511,-12.752685659992869,-27.49522113261895,2.18424879971434,-8.853678095181019,13.778380670058137,-47.62738211267007,-13.32399424871957,-7.884472572565019,-35.73937413861557,-17.145066497968845,18.25897446505647,4.483248808089966,-8.51167675635812,18.832549551681147,-22.352446575929832,33.419249860008414,16.162586694719252,-5.1759535944760975,3.577443169988237,-14.412444993462707,37.59279863755128,5.025325834380391,13.2905440756665,23.294308087453928,-0.9891092498561163,0.12427411484677807,9.549517974613503,-11.704997463014509,6.043104509816373,-2.8804415797042116,-7.0355161360257075,11.3966538773422,1.7891900843048636
16.633110788719847,75.26625655179535,-97.75536777985158,-129.58871920890832,48.61534275922301,-55.93268918766272,51.40852925348011,22.210399431341767,-24.29328030771334,45.507502320494034,-15.1331416749768,45.510188419298174,103.21273112527489,-6.115795376692961,33.55062770434324,-47.62738211267007,169.88784316506997,46.500049224184366,27.507766840157267,128.66360447854296,63.67862420628901,-66.2297152049108,-15.509053784964287,31.954887648770153,-70.13494879775202,82.7410199739978,-119.95502598803847,-60.0489102918511,17.730873372021065,-11.980810295914587,51.88339295369452,-135.13409951437924,-21.843905406613374,-48.254512282338354,-85.04710184439371,5.36234513588093,-1.4061271308582064,-34.64679726680259,43.79982508725421,-23.161013060140917,12.121669928231734,25.94130082329833,-40.428204220083664,-4.56261746234483
4.18925128135561,20.26134542673264,-26.701363737245675,-35.18457460030273,13.4403437904046,-15.178118938431563,13.983401309071034,6.074480973617359,-6.8518556863743045,12.620473111049112,-4.885712390983423,12.456511401630232,27.274646922142427,-1.9920612605013914,8.813351145706141,-13.32399424871957,46.500049224184366,12.929714469636483,7.651275455305832,34.99429876652637,16.95190275868382,-17.921995507927868,-4.338984595332676,8.441671402328907,-18.638715484899222,22.074435189259727,-32.69108234276921,-15.979897776692463,4.992869476445836,-3.4281975111765686,14.113905774317725,-36.79170632107111,-5.235382066560968,-13.042729224227234,-22.908017357865447,1.1174401226283603,-0.20043596496471056,-9.376110692965645,11.598907886646344,-6.033310632989947,2.9646025826399707,6.936987271251569,-11.107034378737065,-1.5959239662234128
2.4743257129287275,11.9826268216343,-15.797729439100923,-20.809437657586695,7.95286965629023,-8.978538827508254,8.27129269177593,3.590948657142169,-4.056947829168979,7.4700002928001865,-2.8984856246131847,7.368033396804762,16.125937613651438,-1.183225530565601,5.210668853558933,-7.884472572565019,27.507766840157267,7.651275455305832,4.530267267542072,20.69996006564027,10.021686129376194,-10.598618892206142,-2.569170984848807,4.9890581344551626,-11.021254538362983,13.054447011699281,-19.338561395789927,-9.449772366238054,2.956396611822983,-2.0314317078306727,8.349525169721378,-21.767500578035772,-3.0904937473202145,-7.713134319716546,-13.549713179706222,0.6582983762210891,-0.11614346534767048,-5.545065364003134,6.8572882093488134,-3.5645569340401377,1.7508747389693469,4.104935271597906,-6.568726130880775,-0.9470381138719904
13.01208789075223,57.39797615346043,-74.10377674613869,-98.4745683343088,36.66651538975474,-42.51573819059388,39.04061395685191,16.823145351880942,-18.16513945854424,34.27864466951589,-10.602297181686767,34.4700776137513,79.28705987159015,-4.268357654593811,25.842358839406533,-35.73937413861557,128.66360447854296,34.99429876652637,20.69996006564027,97.70367598193494,48.77569579848353,-50.399211420068326,-11.640460579159233,24.54551061526713,-53.76324712332133,63.32325841599713,-91.01062188936673,-46.000474422589065,13.269496781544062,-8.905650388465661,39.39560737161341,-102.57369146315331,-17.397829624939718,-36.72939257072513,-64.83968919459473,4.4623020525808466,-1.2759491811534294,-26.36534446200882,33.61605597422306,-17.89027098010235,9.583012734787909,19.829524342930398,-30.569844624610905,-3.058824629012077
7.120269434446463,29.05514682733831,-36.78186122110357,-49.28159069250903,17.897682577130073,-21.28976032900041,19.48849820801009,8.332845123664418,-8.608021312109706,16.655827171462963,-3.8370111035757044,17.069982465173922,41.07684936982159,-1.5117730413963681,13.491643676268058,-17.145066497968845,63.67862420628901,16.95190275868382,10.021686129376194,48.77569579848353,25.04730519398993,-25.339100678429396,-5.587222743275392,12.719820554789177,-27.66455914788161,32.41504954268402,-45.31078429531093,-23.622065734263,6.30258734422962,-4.1249564457147745,19.668065304001253,-51.13147440418578,-10.010144038244812,-18.48011955494976,-32.787182652261784,2.861581143539339,-0.9755938056620155,-13.258072876865548,17.372709860218993,-9.430354786181002,5.403933877496406,10.113926895866921,-15.052947277339092,-0.8637889922363482
-6.87021067552719,-29.71120643157321,38.171103187942414,50.83032843927163,-18.81017136923052,21.947828995127747,-20.138469737396363,-8.661638691415092,9.252547799496943,-17.565380816453203,5.096638070830706,-17.747920076451464,-41.27910728675794,2.0429567199715226,-13.48133227352192,18.25897446505647,-66.2297152049108,-17.921995507927868,-10.598618892206142,-50.399211420068326,-25.339100678429396,26.04576385421413,5.947839444217745,-12.780281364579315,27.944285398135133,-32.866038932099286,46.91506863315888,23.895111144279372,-6.762753545812751,4.511375270076612,-20.322617090853008,52.88950798591999,9.31063539846489,18.982491890956965,33.55203440247076,-2.4610636195953917,0.7440750476013792,13.627284432592981,-17.490875571254094,9.355975391043726,-5.099197738920971,-10.280830213005078,15.717188698401598,1.4100182555227916
-1.3474655301235339,-6.710414175528762,8.898620238505162,11.694438808684843,-4.501270838169232,5.044082021632642,-4.650741026716381,-2.024455600859497,2.3141124268042863,-4.232883018047374,1.7326547184111738,-4.153761490701383,-8.963826598194098,0.7086304061194982,-2.887895695121612,4.483248808089966,-15.509053784964287,-4.338984595332676,-2.569170984848807,-11.640460579159233,-5.587222743275392,5.947839444217745,1.460580932046517,-2.773799292578689,6.139599052875952,-7.2843412306252056,10.884480444957752,5.267844877628496,-1.6848990513817905,1.16423038398792,-4.695772175735995,12.245806328662482,1.6445801805312896,4.327882766442977,7.589909776427617,-0.3252426324119686,0.04123014013408699,3.111888642432173,-3.8153167398606405,1.9697859504850777,-0.9410700113100767,-2.2936505458766043,3.7089212466287877,0.5793294778388213
3.68880400183659,14.688132071975112,-18.47418786979332,-24.82194379882086,8.937667668609482,-10.724428492942003,9.804496596868493,4.183230751029076,-4.254362999996334,8.305392745644768,-1.687295110532773,8.56643083916859,20.925948829533912,-0.655379266925431,6.887572730955368,-8.51167675635812,31.954887648770153,8.441671402328907,4.9890581344551626,24.54551061526713,12.719820554789177,-12.780281364579315,-2.773799292578689,6.48334449451159,-14.061008598394956,16.446777723274806,-22.782247761033076,-11.999203456790253,3.118308739358268,-2.02145811529251,9.897595820005671,-25.718965033361982,-5.261756078744794,-9.328222348558725,-16.569731373860844,1.54889927427888,-0.5482402259611434,-6.688426551127614,8.841809204015481,-4.830464522513882,2.8237418171893442,5.128167829410175,-7.539225260563101,-0.3228700710098399
-7.90609671214712,-32.062384372990756,40.5268629145731,54.3299987280468,-19.686272938776447,23.475908078522455,-21.48096732884996,-9.173203194131544,9.445083365980828,-18.31942417510008,4.091702001756401,-18.799209921809286,-45.41800131030526,1.6083883224395452,-14.930329453504857,18.832549551681147,-70.13494879775202,-18.638715484899222,-11.021254538362983,-53.76324712332133,-27.66455914788161,27.944285398135133,6.139599052875952,-14.061008598394956,30.575451250955627,-35.80183443323292,49.92986209951834,26.100154901853255,-6.9216830998328716,4.52232885840997,-21.67822849262328,56.35752392469667,11.159907757963094,20.384588354802574,36.18066978264264,-3.216452615047275,1.1080396578373581,14.625371025427961,-19.19900053580206,10.438594436174558,-6.0114278998919914,-11.170454271307246,16.566559353265163,0.8897106434942524
9.159573788757418,37.66314694330848,-47.78253288226957,-63.955377587311354,23.29087710864259,-27.631952725770855,25.303373344059146,10.8251559947355,-11.23868360517741,21.687433896732102,-5.184424364845627,22.172851178055797,53.123293204976946,-2.0517616106850096,17.43734731919062,-22.352446575929832,82.7410199739978,22.074435189259727,13.054447011699281,63.32325841599713,32.41504954268402,-32.866038932099286,-7.2843412306252056,16.446777723274806,-35.80183443323292,41.97990081476466,-58.839698619294,-30.577956888887705,8.227489803050986,-5.402286764400276,25.529671175983253,-66.39832883934541,-12.816733684792194,-23.972723882861363,-42.51270158781664,3.6344059430881153,-1.2216898210280631,-17.191785614732865,22.468911065153105,-12.172424523009687,6.933897437314703,13.105365459533418,-19.567227710052602,-1.209867142107873
-12.007169708050657,-53.39461636801656,69.06703131451258,91.70932637852215,-34.23063802831626,39.58989583379754,-36.36365090702729,-15.683253258421542,17.006525975181205,-32.014474724701095,10.141714399630562,-32.13642374922341,-73.58696548487026,4.087864973621713,-23.961621577497084,33.419249860008414,-119.95502598803847,-32.69108234276921,-19.338561395789927,-91.01062188936673,-45.31078429531093,46.91506863315888,10.884480444957752,-22.782247761033076,49.92986209951834,-58.839698619294,84.802627873307,42.730893139231995,-12.418360835539449,8.352157445898973,-36.70007386336971,95.56158804425019,15.965020094498819,34.18837014463877,60.3215422982092,-4.039998241224678,1.1258162908180913,24.543378922159654,-31.209517777523818,16.57500547927265,-8.814981599092267,-18.435001263244683,28.514314344332703,2.9700433228288734
-6.722209717040373,-27.40332792727199,34.689959374093014,46.475641528773735,-16.87275642783033,20.080782059509794,-18.378275147978062,-7.854285408660964,8.114803698202559,-15.706475819457006,3.6063237561138903,-16.093142463221525,-38.756382865945355,1.4199202017903374,-12.729827658841186,16.162586694719252,-60.0489102918511,-15.979897776692463,-9.449772366238054,-46.000474422589065,-23.622065734263,23.895111144279372,5.267844877628496,-11.999203456790253,26.100154901853255,-30.577956888887705,42.730893139231995,22.287481484127596,-5.94488260452493,3.8920499842100438,-18.548305090973848,48.22721460289712,9.455517199250956,17.433140542771355,30.927294044546414,-2.708374294666913,0.9246222508794113,12.505144948377898,-16.387529335764103,8.896827391202535,-5.102169138559291,-9.5457708726136,14.189638603749062,0.806842029645471
1.4787407347664845,7.61067350509145,-10.163573170604078,-13.319490269829528,5.167340448019769,-5.744270475030199,5.301520667147591,2.3137842323698683,-2.680364462992212,4.867435571574891,-2.111565819712938,4.746397574076994,10.07872434881896,-0.8645184273879174,3.2361421765342904,-5.1759535944760975,17.730873372021065,4.992869476445836,2.956396611822983,13.269496781544062,6.30258734422962,-6.762753545812751,-1.6848990513817905,3.118308739358268,-6.9216830998328716,8.227489803050986,-12.418360835539449,-5.94488260452493,1.951989338796404,-1.3587997246919061,5.351920077920679,-13.966563971712924,-1.7511283989050541,-4.922045765215889,-8.612686312316288,0.3123894339552228,-0.016644157830278165,-3.5391497574941098,4.293579958465807,-2.1989928885768033,1.0143804841951858,2.5949917397661224,-4.247082309881985,-0.7220277320307255
-0.8994297004625749,-5.0476767707987324,6.85354142940253,8.91979120083142,-3.5281100270090375,3.845840577798977,-3.5588023221374634,-1.5614615865594468,1.867663285645722,-3.335167731635766,1.6343567099246725,-3.2050600476531077,-6.540366594399171,0.6729760516611034,-2.0841976116434253,3.577443169988237,-11.980810295914587,-3.4281975111765686,-2.0314317078306727,-8.905650388465661,-4.1249564457147745,4.511375270076612,1.16423038398792,-2.02145811529251,4.52232885840997,-5.402286764400276,8.352157445898973,3.8920499842100438,-1.3587997246919061,0.9614291042882719,-3.5915933051573683,9.385868856037378,0.9775525828920378,3.281224251835799,5.718371014646283,-0.11538027727226156,-0.038894866603568674,2.3608668642173565,-2.79280712769497,1.4006049445054958,-0.5882730075510237,-1.7099085729710766,2.8806147377917397,0.5834065949675297
5.244730805074006,23.145267931801673,-29.882700952643887,-39.70916308373975,14.786238854471444,-17.142259901373475,15.738600455206422,6.7814639730247706,-7.327140075305946,13.824651141047651,-4.275967972271755,13.902619559233091,31.969965116936102,-1.7207776634300764,10.417561783160957,-14.412444993462707,51.88339295369452,14.113905774317725,8.349525169721378,39.39560737161341,19.668065304001253,-20.322617090853008,-4.695772175735995,9.897595820005671,-21.67822849262328,25.529671175983253,-36.70007386336971,-18.548305090973848,5.351920077920679,-3.5915933051573683,15.889681418515622,-41.36115031951959,-7.013299327455566,-14.809112366255674,-26.14316730635223,1.796315232186117,-0.5123469449675707,-10.635072109371974,13.556293439133535,-7.212587131679307,3.8623227628594723,7.997507576076089,-12.325276843430423,-1.2352960606738284
-13.595711820864969,-60.216720819549295,77.82316588086032,103.3671865059973,-38.537095789990524,44.62861544623725,-40.98504475609991,-17.664776992532456,19.12113321525328,-36.03838878159469,11.284144950826049,-36.20087968356934,-83.08564686623171,4.547401828403369,-27.068415281005116,37.59279863755128,-135.13409951437924,-36.79170632107111,-21.767500578035772,-102.57369146315331,-51.13147440418578,52.88950798591999,12.245806328662482,-25.718965033361982,56.35752392469667,-66.39832883934541,95.56158804425019,48.22721460289712,-13.966563971712924,9.385868856037378,-41.36115031951959,107.70109121831607,18.128741605485597,38.5449633954572,68.03009442395415,-4.6204872852221115,1.3036339238722894,27.668845981433126,-35.23030650729952,18.7280702014495,-9.997676227705353,-20.80148836539961,32.11131004862898,3.2792960153795163
-3.5156683842096568,-10.98606438591086,12.792148546489816,17.760653834094374,-5.74392653323367,7.699203060370294,-6.949217488375118,-2.8634920109386166,2.35110690534534,-5.231402075159109,-0.9044326449252467,-5.865104065072747,-16.98880550017977,-0.42612258588855556,-5.739217516368137,5.025325834380391,-21.843905406613374,-5.235382066560968,-3.0904937473202145,-17.397829624939718,-10.010144038244812,9.31063539846489,1.6445801805312896,-5.261756078744794,11.159907757963094,-12.816733684792194,15.965020094498819,9.455517199250956,-1.7511283989050541,0.9775525828920378,-7.013299327455566,18.128741605485597,5.644173267274757,6.819585728692554,12.351162788223503,-2.018162930912508,0.8789231930025465,4.877301042183666,-7.112230128451392,4.139660041897329,-2.8947966554778017,-3.94832544797739,5.035542316453677,-0.7298774685724986
-5.024406737261758,-21.66002861211063,27.81301821617825,37.045584417870714,-13.696611078928807,15.99631907761283,-14.67414848577303,-6.311368016011233,6.732046444109262,-12.790117979242634,3.6819011907438695,-12.927076071265695,-30.123457485703472,1.4728767599737775,-9.83682236842024,13.2905440756665,-48.254512282338354,-13.042729224227234,-7.713134319716546,-36.72939257072513,-18.48011955494976,18.982491890956965,4.327882766442977,-9.328222348558725,20.384588354802574,-23.972723882861363,34.18837014463877,17.433140542771355,-4.922045765215889,3.281224251835799,-14.809112366255674,38.5449633954572,6.819585728692554,13.84335434745738,24.462627775741215,-1.8129687734906552,0.5523756606024749,9.932206633182616,-12.761351927273584,6.831417030762711,-3.732962738222024,-7.502504563465407,11.447781493446138,1.0097601441190118
-9.014370366230875,-38.333134314674396,49.05094522873556,65.42065150380438,-24.08521182673755,28.255851376274457,-25.908748338288387,-11.121974392213467,11.776079695920437,-22.473099906843753,6.15381581836454,-22.787948151003377,-53.525091918433944,2.4589041723821854,-17.510312294216273,23.294308087453928,-85.04710184439371,-22.908017357865447,-13.549713179706222,-64.83968919459473,-32.787182652261784,33.55203440247076,7.589909776427617,-16.569731373860844,36.18066978264264,-42.51270158781664,60.3215422982092,30.927294044546414,-8.612686312316288,5.718371014646283,-26.14316730635223,68.03009442395415,12.351162788223503,24.462627775741215,43.28564035067786,-3.3490551880958486,1.052976424049918,17.553026410395713,-22.66428138772251,12.173631109164239,-6.736268387286992,-13.292448424721004,20.157589386855093,1.6264221863453274
1.1708106483939407,2.987654676231992,-3.1904064725519152,-4.603495959703693,1.2969764886406814,-2.0036581405975844,1.7823378542766832,0.7052773614726993,-0.4048734220705281,1.1462189409067773,0.8551437577040614,1.4404768612274634,4.9996977656926775,0.3737694900578546,1.7269260373831565,-0.9891092498561163,5.36234513588093,1.1174401226283603,0.6582983762210891,4.4623020525808466,2.861581143539339,-2.4610636195953917,-0.3252426324119686,1.54889927427888,-3.216452615047275,3.6344059430881153,-4.039998241224678,-2.708374294666913,0.3123894339552228,-0.11538027727226156,1.796315232186117,-4.6204872852221115,-2.018162930912508,-1.8129687734906552,-3.3490551880958486,0.7940655923280361,-0.37228987158162513,-1.2889821428976969,2.0747883631496604,-1.2749801027434395,1.0095739890501683,1.1072038677200802,-1.1996257393572196,0.47314110741423687
-0.4777440953861724,-0.9447851260540089,0.8636663141517665,1.3432903823636384,-0.2765304101195048,0.5882288015743753,-0.5101780680739038,-0.18659432764839728,0.01011718813620847,-0.2229369715596025,-0.5762075384538042,-0.37862015416647216,-1.7699160761763615,-0.2483598915562964,-0.6288424448489262,0.12427411484677807,-1.4061271308582064,-0.20043596496471056,-0.11614346534767048,-1.2759491811534294,-0.9755938056620155,0.7440750476013792,0.04123014013408699,-0.5482402259611434,1.1080396578373581,-1.2216898210280631,1.1258162908180913,0.9246222508794113,-0.016644157830278165,-0.038894866603568674,-0.5123469449675707,1.3036339238722894,0.8789231930025465,0.5523756606024749,1.052976424049918,-0.37228987158162513,0.18491883385082802,0.39045854319106477,-0.7267132225438339,0.4783574595321302,-0.4295098348039741,-0.36510945931740674,0.295452709437095,-0.2867579669182341
-3.596293888477593,-15.545906805811386,19.970298166950066,26.594944991890397,-9.836784145225646,11.48236673487572,-10.531918853775561,-4.527856684921507,4.839085815834105,-9.188932036982981,2.657110406347423,-9.286224917380489,-21.603681321758874,1.0629884065692161,-7.054472899762242,9.549517974613503,-34.64679726680259,-9.376110692965645,-5.545065364003134,-26.36534446200882,-13.258072876865548,13.627284432592981,3.111888642432173,-6.688426551127614,14.625371025427961,-17.191785614732865,24.543378922159654,12.505144948377898,-3.5391497574941098,2.3608668642173565,-10.635072109371974,27.668845981433126,4.877301042183666,9.932206633182616,17.553026410395713,-1.2889821428976969,0.39045854319106477,7.1359837417100165,-9.153558665915373,4.896193659101177,-2.6675795445633175,-5.380695935139218,8.218782556337645,0.7355800377959645
5.0078380160321405,20.08838088599288,-25.317462307569812,-33.98375623520297,12.269391818719493,-14.683416687758417,13.42950315970437,5.731129873526236,-5.860023457035188,11.407446162917457,-2.412214359841864,11.741584746728822,28.551907733740915,-0.942462414631124,9.391852540479485,-11.704997463014509,43.79982508725421,11.598907886646344,6.8572882093488134,33.61605597422306,17.372709860218993,-17.490875571254094,-3.8153167398606405,8.841809204015481,-19.19900053580206,22.468911065153105,-31.209517777523818,-16.387529335764103,4.293579958465807,-2.79280712769497,13.556293439133535,-35.23030650729952,-7.112230128451392,-12.761351927273584,-22.66428138772251,2.0747883631496604,-0.7267132225438339,-9.153558665915373,12.068410315366647,-6.5790561592662256,3.8241192522981233,7.00825676878845,-10.339336684298283,-0.48842468044973675
-2.832565022038659,-10.797186333792194,13.416028138330905,18.117940604107606,-6.419656465698258,7.832296969878818,-7.147683887042839,-3.0333212056659478,2.9942729944236146,-5.947756067720867,0.8945196416512399,-6.2102317476677085,-15.594673141034411,0.33578946159713363,-5.1571753087941135,6.043104509816373,-23.161013060140917,-6.033310632989947,-3.5645569340401377,-17.89027098010235,-9.430354786181002,9.355975391043726,1.9697859504850777,-4.830464522513882,10.438594436174558,-12.172424523009687,16.57500547927265,8.896827391202535,-2.1989928885768033,1.4006049445054958,-7.212587131679307,18.7280702014495,4.139660041897329,6.831417030762711,12.173631109164239,-1.2749801027434395,0.4783574595321302,4.896193659101177,-6.5790561592662256,3.6352703284327745,-2.200558738463973,-3.7861048410940628,5.4470672282796695,0.08226087603569926
1.8366565193229478,5.986481303867069,-7.079089223638086,-9.762046025283047,3.231122169054196,-4.229149025503193,3.828659075755141,1.5899694515764142,-1.3698150895544907,2.9541472577393963,0.26127575033397715,3.252244439209397,9.116623478534224,0.13350375088283592,3.0644743932887075,-2.8804415797042116,12.121669928231734,2.9646025826399707,1.7508747389693469,9.583012734787909,5.403933877496406,-5.099197738920971,-0.9410700113100767,2.8237418171893442,-6.0114278998919914,6.933897437314703,-8.814981599092267,-5.102169138559291,1.0143804841951858,-0.5882730075510237,3.8623227628594723,-9.997676227705353,-2.8947966554778017,-3.732962738222024,-6.736268387286992,1.0095739890501683,-0.4295098348039741,-2.6675795445633175,3.8241192522981233,-2.200558738463973,1.4973089543222957,2.141014199949778,-2.8092683976379225,0.2958644130117316
2.8375021221068586,11.77357375903508,-14.976909576867572,-20.021334897847325,7.31395275860556,-8.64948143182725,7.920146519218028,3.3906319240345075,-3.545303631511411,6.817478556990667,-1.698693182020225,6.949855222621253,16.56456330709715,-0.6732531239517565,5.427983209370268,-7.0355161360257075,25.94130082329833,6.936987271251569,4.104935271597906,19.829524342930398,10.113926895866921,-10.280830213005078,-2.2936505458766043,5.128167829410175,-11.170454271307246,13.105365459533418,-18.435001263244683,-9.5457708726136,2.5949917397661224,-1.7099085729710766,7.997507576076089,-20.80148836539961,-3.94832544797739,-7.502504563465407,-13.292448424721004,1.1072038677200802,-0.36510945931740674,-5.380695935139218,7.00825676878845,-3.7861048410940628,2.141014199949778,4.099623233788045,-6.134909446403381,-0.4114051048131081
-3.880304338745718,-17.83680526224445,23.247414873489483,30.77654262298598,-11.598433226733732,13.280858574649603,-12.216676825835888,-5.288359826192837,5.823583972817585,-10.86192188960912,3.7635739719925247,-10.829575414496006,-24.348218838085117,1.5244930695500087,-7.902991361981829,11.3966538773422,-40.428204220083664,-11.107034378737065,-6.568726130880775,-30.569844624610905,-15.052947277339092,15.717188698401598,3.7089212466287877,-7.539225260563101,16.566559353265163,-19.567227710052602,28.514314344332703,14.189638603749062,-4.247082309881985,2.8806147377917397,-12.325276843430423,32.11131004862898,5.035542316453677,11.447781493446138,20.157589386855093,-1.1996257393572196,0.295452709437095,8.218782556337645,-10.339336684298283,5.4470672282796695,-2.8092683976379225,-6.134909446403381,9.633638462713682,1.1607715004592793
0.1933525376354067,-1.4145808551401193,2.52242782063971,2.9712768284015816,-1.5410870865866442,1.2666801476147904,-1.2227350497015101,-0.592363292972781,1.0109125396554177,-1.5104254883194286,1.7288295681125676,-1.2170843248654657,-1.0454259416820297,0.7268678746685835,-0.23995006205121883,1.7891900843048636,-4.56261746234483,-1.5959239662234128,-0.9470381138719904,-3.058824629012077,-0.8637889922363482,1.4100182555227916,0.5793294778388213,-0.3228700710098399,0.8897106434942524,-1.209867142107873,2.9700433228288734,0.806842029645471,-0.7220277320307255,0.5834065949675297,-1.2352960606738284,3.2792960153795163,-0.7298774685724986,1.0097601441190118,1.6264221863453274,0.47314110741423687,-0.2867579669182341,0.7355800377959645,-0.48842468044973675,0.08226087603569926,0.2958644130117316,-0.4114051048131081,1.1607715004592793,0.734605380376876
