V1,V2,V3,V4,V5,V6,V7,V8,V9,V10,V11,V12,V13,V14,V15,V16,V17,V18,V19,V20,V21,V22,V23,V24,V25,V26,V27,V28,V29,V30,V31,V32,V33,V34,V35,V36,V37,V38,V39,V40,V41,V42,V43,V44
628.2236929104569,2740.0511078185054,-3528.779175396867,-4694.822959442394,1741.732997167329,-2027.1677893406568,1860.5649373103658,801.1046277800344,-859.7022651918319,1627.6728897972587,-487.2355228278956,1640.6225981287712,3797.3850806342366,-195.23268326615994,1238.759693582714,-1694.7925237935115,6125.079787241534,1660.7778148950845,981.9882521558679,4656.37409908487,2332.7780411365397,-2404.1314798929293,-551.6235524016635,1175.7415014423013,-2572.654775698642,3027.2239113361125,-4335.574421885421,-2200.765579915265,628.7044311600467,-420.7539305707963,1877.0954724628225,-4887.161515042894,-845.6242502043266,-1753.0771745544837,-3095.1447840525657,220.74603735537337,-65.47203688320832,-1258.0675084799338,1609.216745530124,-859.0195762214004,464.1344109011933,947.6146877844786,-1454.380182334418,-137.4338960084867
2740.0511078185054,11960.963409449809,-15402.494347004027,-20489.112789368613,7605.3212977936055,-8846.567025023161,8120.115594843793,3495.435114735077,-3753.8965153918202,7105.675982311836,-2126.5136771519014,7162.695001834156,16573.02236213385,-854.770258329359,5407.213063280798,-7396.001644244891,26732.284669357952,7251.141435433966,4289.353494236134,20322.322593690576,10183.493739248299,-10492.631739917946,-2409.538579960019,5130.819548543388,-11227.3765306572,13215.484582511071,-18924.126260766097,-9603.588185389026,2742.350353476108,-1834.6390297580976,8194.950540431375,-21331.88003166084,-3690.643596588004,-7646.968951853019,-13509.560733350323,962.4224565197178,-283.26999356976233,-5488.879708284448,7024.507974661177,-3748.060755946809,2027.2724858591064,4136.749104175744,-6347.045187082462,-600.3290484547706
-3528.779175396867,-15402.494347004027,19834.56496893108,26385.31158943933,-9793.274159813194,11392.430082929048,-10456.824934935985,-4501.443642646382,4833.870032960377,-9150.171681422124,2738.549632742705,-9223.484880747956,-21342.094530534752,1100.3394349895764,-6963.053296819434,9524.485923176888,-34424.94218285156,-9337.33657777259,-5523.117476619119,-26170.359790215403,-13113.489088642464,13512.019983736236,3102.6044585842196,-6607.3550484326415,14458.287529341658,-17017.784638036588,24369.499790121678,12367.357427158473,-3531.7953346581567,2362.8891648159456,-10552.738460071576,27470.063645504113,4752.579260567764,9848.187264327931,17396.922839773782,-1239.4899794916237,365.1672504075806,7068.688731114715,-9045.654727921108,4826.762543062873,-2610.328859348966,-5326.980803072114,8173.582885726074,773.0437490475316
-4694.822959442394,-20489.112789368613,26385.31158943933,35100.480952201535,-13026.790357020918,15155.50318439833,-13910.671824187451,-5988.522302735421,6429.906826099795,-12171.837057741994,3643.09721607875,-12269.210128287143,-28391.2770293427,1462.9604454120733,-9262.659352494855,12670.607240183634,-45795.25140904878,-12420.536189954135,-7346.2705476176725,-34814.20986087766,-17444.025196391594,17974.91686361936,4126.759381133947,-8789.904979231665,19233.95834463802,-22637.54845095965,32417.95641579233,16452.60611862739,-4698.800452907021,3143.84264232607,-14037.429185149533,36542.48104040848,6322.286364572275,13102.255169971868,23142.645059696828,-1649.1879019620835,486.53288731740815,9403.967775381852,-12032.94709919821,6421.322820038776,-3471.9885536865663,-7086.121812022776,10873.391758091253,1028.2371748112146
1741.732997167329,7605.3212977936055,-9793.274159813194,-13026.790357020918,4836.343680318956,-5624.482556483942,5162.758824005663,2222.206118785041,-2387.1627714600877,4518.233987019137,-1352.0671237275596,4554.600661764847,10537.086039578879,-544.0942170756186,3438.076232854499,-4702.221125919578,16996.443170377475,4610.936738384515,2728.0043215682026,12920.992763543694,6475.237550154969,-6671.253417101674,-1532.4509140469809,3262.029744233461,-7138.215630896359,8403.23090985779,-12032.45836657213,-6105.653743408446,1743.227049456526,-1166.0822405670829,5210.957584049172,-13563.400611261546,-2346.5092536731645,-4860.988021112199,-8589.65994367221,611.6658837197548,-179.5263045623775,-3489.415295632556,4466.501062013315,-2382.7703127221034,1289.317000340467,2630.378250115604,-4035.3779994324486,-381.8035384116965
-2027.1677893406568,-8846.567025023161,11392.430082929048,15155.50318439833,-5624.482556483942,6543.794624197614,-6006.276332634479,-2585.714587447082,2776.203701276704,-5255.416144692272,1573.000721041587,-5297.4282091430005,-12258.613426792717,631.5697477270552,-3999.3421897286935,5470.8675805762005,-19773.20217440809,-5362.74933072487,-3171.7917552663434,-15031.868078656906,-7531.777554959424,7761.10212419027,1781.757964755148,-3795.2632920980627,8304.750841983252,-9774.15614960814,13997.156555019577,7103.858900127648,-2028.8860140839713,1357.4955112185105,-6060.894659776648,15778.001593182209,2729.7912052820984,5657.36717366699,9992.346407524647,-712.1015145070626,210.16756311122006,4060.4590278831456,-5195.456574582645,2772.5974854059464,-1499.0478999926377,-3059.569621941574,4694.8599062,443.94362010850085
1860.5649373103658,8120.115594843793,-10456.824934935985,-13910.671824187451,5162.758824005663,-6006.276332634479,5512.980366174797,2373.3029003847932,-2548.2894603646537,4823.880655889174,-1443.8069964779718,4862.47660523959,11251.766449158333,-579.866743273754,3670.919432374476,-5021.471274546516,18149.17607663032,4922.451704788942,2911.488420402483,13797.252445097327,6913.323380732855,-7123.662964624288,-1635.5220924226567,3483.5182482279783,-7622.594207390982,8971.597520709947,-12847.637894665984,-6520.321254887204,1862.1477398450295,-1245.8918192260517,5563.237066476769,-14482.241415493032,-2505.586669611827,-5192.465206848896,-9171.710730518073,653.5552787733726,-192.75222145462965,-3726.8440170803938,4768.825840119796,-2544.8291776364704,1376.0346799758706,2808.34003626548,-4309.255393394222,-407.5097211995493
801.1046277800344,3495.435114735077,-4501.443642646382,-5988.522302735421,2222.206118785041,-2585.714587447082,2373.3029003847932,1021.786740457175,-1096.8555174134324,2076.4766551767125,-621.5772531921552,2093.0475238619765,4843.795266902103,-249.39777294275632,1580.2267915506932,-2161.789190658085,7813.081969868835,2118.8333737689,1253.0531722590326,5939.597852727281,2975.9004620345722,-3066.669777928073,-703.8916441431268,1499.6832310161687,-3281.512885325675,3861.8792108721036,-5530.627939960848,-2807.051026710616,801.7791528548626,-536.500577890524,2394.6894840739947,-6234.265314120934,-1078.6118356292393,-2235.6969333789225,-3948.2372813178717,281.44286216871944,-83.19441360794713,-1604.5329644036428,2052.8126424952366,-1095.612797115391,592.2138722134329,1208.8671405447992,-1855.1533226728554,-175.40193944246198
-859.7022651918319,-3753.8965153918202,4833.870032960377,6429.906826099795,-2387.1627714600877,2776.203701276704,-2548.2894603646537,-1096.8555174134324,1178.2885340410865,-2230.1624690306007,667.3913369915642,-2248.1021773613147,-5200.983115604226,268.5572085151951,-1696.9826217399977,2320.988246698224,-8389.30177912786,-2275.9112487204916,-1346.5120389802116,-6377.690276609389,-3196.1027083425984,3292.870163798043,756.4067429431043,-1610.0934995399969,3523.3525356885966,-4147.726046672676,5939.111019226996,3013.696187621443,-860.4566299380043,575.5822929580959,-2572.0776435092785,6694.772504223325,1158.1904675835715,2399.3475746019553,4239.769369324416,-301.8958750807805,88.61806278325705,1722.3523652014194,-2204.6129171147822,1176.1073898333302,-636.3783881038644,-1298.3251872265084,1991.823827423136,188.4587290393638
1627.6728897972587,7105.675982311836,-9150.171681422124,-12171.837057741994,4518.233987019137,-5255.416144692272,4823.880655889174,2076.4766551767125,-2230.1624690306007,4221.345290081381,-1263.3473721779299,4255.217556254178,9845.40370062317,-507.9289180222821,3212.250666166902,-4393.705491669437,15880.764971338403,4307.796555782015,2548.331455057448,12072.803710210475,6049.730453491849,-6233.314017847976,-1431.5233087692814,3047.993796269376,-6669.751162087168,7850.972847519103,-11242.267772740048,-5705.085444842454,1629.0897959837616,-1089.8424408034618,4868.448449262649,-12672.654433849699,-2192.435539040791,-4542.622149607911,-8025.602792719116,571.6691636425556,-168.15785374509085,-3260.682941261394,4173.052367929833,-2226.5265971526032,1204.3720690878804,2457.5392007199457,-3770.549551268397,-356.6757232731051
-487.2355228278956,-2126.5136771519014,2738.549632742705,3643.09721607875,-1352.0671237275596,1573.000721041587,-1443.8069964779718,-621.5772531921552,667.3913369915642,-1263.3473721779299,378.2703291656344,-1273.417209531255,-2946.601890879881,151.8810625172965,-961.3118009336494,1315.1670418612202,-4753.177188601573,-1289.1532722295394,-762.4653971191176,-3613.3886992508124,-1810.435630186003,1865.6124608059527,428.31637408085425,-912.2697904169369,1996.2256611930852,-2349.4540385553805,3364.67393612952,1707.5729665219565,-487.7350746225245,326.34596168378704,-1456.920678574339,3792.746324997183,656.0603336824271,1359.9205638742342,2401.9365586590447,-171.11630227183377,50.48718245397291,976.0462553211308,-1248.8372015033601,666.4360915488594,-360.2845608570799,-735.4403071226621,1128.5920834158353,106.78094682763505
1640.6225981287712,7162.695001834156,-9223.484880747956,-12269.210128287143,4554.600661764847,-5297.4282091430005,4862.47660523959,2093.0475238619765,-2248.1021773613147,4255.217556254178,-1273.417209531255,4289.412665786903,9924.229227097117,-512.1271731264801,3238.0120091828258,-4428.810301634623,16007.851668195384,4342.421964947864,2568.919017668572,12169.440410770785,6098.327843381738,-6283.21249770809,-1443.0874645417157,3072.3696774442265,-6723.11059291273,7914.0485948917985,-11332.361191077938,-5750.687521683668,1642.0209606638643,-1098.4552091813969,4907.570130698985,-12774.219708283013,-2210.019793487793,-4578.740012711739,-8089.916747394211,576.2054254689035,-169.37443227589216,-3286.671593788548,4206.554821883772,-2244.3027268604224,1214.1309519598324,2477.2644410262337,-3800.7001843582625,-359.5402377728818
3797.3850806342366,16573.02236213385,-21342.094530534752,-28391.2770293427,10537.086039578879,-12258.613426792717,11251.766449158333,4843.795266902103,-5200.983115604226,9845.40370062317,-2946.601890879881,9924.229227097117,22964.68829403003,-1183.474861136731,7492.309826007652,-10248.598030791625,37041.846727927856,10046.627039186567,5942.34881138382,28159.79322855079,14110.009472317826,-14539.19952620744,-3338.0942123552563,7109.789972460027,-15557.59844824419,18310.934737389587,-26221.698441564866,-13307.806138972892,3800.5160481439048,-2542.7701728415686,11354.499143706826,-29557.89690897666,-5113.985454028206,-10597.570752755786,-18719.268141294524,1333.9507149439119,-393.3738439397713,-7606.361939903727,9733.125934460162,-5193.909372345006,2808.537347130194,5731.780102010175,-8794.991855176077,-831.6642693343595
-195.23268326615994,-854.770258329359,1100.3394349895764,1462.9604454120733,-544.0942170756186,631.5697477270552,-579.866743273754,-249.39777294275632,268.5572085151951,-507.9289180222821,151.8810625172965,-512.1271731264801,-1183.474861136731,61.74724854464722,-386.34205635511603,527.9842574617429,-1909.0720187966544,-518.559068616935,-307.2408119617633,-1451.3253173394028,-727.8638232846364,749.3427242940611,172.59562025272163,-366.2475784659288,801.604025614252,-944.6763476929598,1351.9694447702052,685.4676251639903,-195.43511303876357,130.5839270627794,-585.8988997302255,1524.0145323270474,263.5630129636159,545.0176223216079,965.0636383549321,-68.46210522304798,19.586919375284886,391.508928159996,-501.9861719796692,267.3885073306461,-145.19737839322448,-295.681220049837,453.1685809559616,42.999365313386484
1238.759693582714,5407.213063280798,-6963.053296819434,-9262.659352494855,3438.076232854499,-3999.3421897286935,3670.919432374476,1580.2267915506932,-1696.9826217399977,3212.250666166902,-961.3118009336494,3238.0120091828258,7492.309826007652,-386.34205635511603,2444.4847580934593,-3343.5574358211597,12085.009919800912,3277.9861349900298,1939.0158767008563,9187.218323741678,4603.633600664907,-4743.464650300006,-1089.237050250937,2319.5578709825872,-5075.6695070271,5974.3175593637725,-8555.075708670864,-4341.590907147387,1239.7880472921693,-829.4286917720401,3704.654953305258,-9643.552912877176,-1668.4849318422457,-3457.1371215425042,-6107.323450722227,435.13815218972206,-128.12848315847094,-2481.4409033078123,3175.5690101654473,-1694.4510429431687,916.4428265880404,1870.1054887110315,-2869.3519126609526,-271.37048994893155
-1694.7925237935115,-7396.001644244891,9524.485923176888,12670.607240183634,-4702.221125919578,5470.8675805762005,-5021.471274546516,-2161.789190658085,2320.988246698224,-4393.705491669437,1315.1670418612202,-4428.810301634623,-10248.598030791625,527.9842574617429,-3343.5574358211597,4573.918631824606,-16531.18160054692,-4483.436144608153,-2651.6717932513893,-12567.21510139151,-6296.7573319535995,6488.563375278086,1489.580653300226,-3172.989385649652,6943.062405881999,-8171.453003550303,11702.117618732393,5939.086794946422,-1696.2746591719663,1134.9699381537255,-5067.079580805074,13190.95783896848,2282.1381573886615,4729.8739353092,8353.936778616093,-595.34671088993,175.74880359805846,3394.732125622744,-4343.53316561415,2317.996587781502,-1253.1883531011308,-2557.8733168997674,3925.1037716130727,371.18589036734153
6125.079787241534,26732.284669357952,-34424.94218285156,-45795.25140904878,16996.443170377475,-19773.20217440809,18149.17607663032,7813.081969868835,-8389.30177912786,15880.764971338403,-4753.177188601573,16007.851668195384,37041.846727927856,-1909.0720187966544,12085.009919800912,-16531.18160054692,59748.81363958703,16205.34367420655,9585.07331848527,45421.8976497237,22759.395119481793,-23451.772879903256,-5384.407624406612,11468.036443408057,-25094.30467531693,29535.475585737764,-42295.758576551176,-21465.432874160237,6130.315694504958,-4101.555334482142,18314.858221921728,-47677.04637218611,-8248.608742468048,-17093.91099319416,-30194.192138569328,2151.528850243206,-634.462512886322,-12269.071427482424,15699.461694533387,-8377.724803454104,4530.070556064034,9245.345142334676,-14186.415258917721,-1341.6086491301355
1660.7778148950845,7251.141435433966,-9337.33657777259,-12420.536189954135,4610.936738384515,-5362.74933072487,4922.451704788942,2118.8333737689,-2275.9112487204916,4307.796555782015,-1289.1532722295394,4342.421964947864,10046.627039186567,-518.559068616935,3277.9861349900298,-4483.436144608153,16205.34367420655,4396.120929053182,2600.757813548264,12319.569206914879,6173.616016985097,-6360.721626540784,-1460.976209870237,3110.2486564385736,-6806.018488826566,8011.792449163573,-11472.239668871189,-5821.556560700935,1662.2278628904533,-1111.9494007485882,4968.208193426691,-12931.899771550618,-2237.263961976235,-4635.072068372975,-8189.753477433399,583.273291881684,-171.36248398504995,-3327.151946894084,4258.472038881378,-2271.9369621275364,1229.1499559360734,2507.8598658763763,-3847.5667976087248,-364.0131932023882
981.9882521558679,4289.353494236134,-5523.117476619119,-7346.2705476176725,2728.0043215682026,-3171.7917552663434,2911.488420402483,1253.0531722590326,-1346.5120389802116,2548.331455057448,-762.4653971191176,2568.919017668572,5942.34881138382,-307.2408119617633,1939.0158767008563,-2651.6717932513893,9585.07331848527,2600.757813548264,1539.011816128099,7286.765001891259,3652.0615500210197,-3762.2446124029298,-864.5370991095597,1839.516814885987,-4025.496478508603,4739.518345925151,-6785.9708897971,-3443.063374529042,982.8441932280934,-657.3495150123792,2939.1094070507693,-7649.415355494631,-1323.3369573300408,-2740.691631610221,-4844.295045565009,344.79997757608305,-100.86174994172377,-1967.574558328608,2519.081528131328,-1343.5897144390667,727.361913518873,1483.552189701017,-2275.6539418662574,-215.37627727785693
4656.37409908487,20322.322593690576,-26170.359790215403,-34814.20986087766,12920.992763543694,-15031.868078656906,13797.252445097327,5939.597852727281,-6377.690276609389,12072.803710210475,-3613.3886992508124,12169.440410770785,28159.79322855079,-1451.3253173394028,9187.218323741678,-12567.21510139151,45421.8976497237,12319.569206914879,7286.765001891259,34530.401174051054,17302.101886070424,-17828.38934529412,-4093.336887293405,8718.164437618772,-19077.076604051414,22453.38979804688,-32153.893416049043,-16318.334226417333,4660.315411769243,-3118.0263894571203,13923.279242475395,-36244.83357620215,-6270.754980727221,-12994.964156378828,-22954.101458512574,1635.6232310965067,-482.2997492204094,-9327.099046427904,11935.009798702984,-6368.856558518268,3443.8761920850825,7028.467189106444,-10784.69954382008,-1019.8947309390716
2332.7780411365397,10183.493739248299,-13113.489088642464,-17444.025196391594,6475.237550154969,-7531.777554959424,6913.323380732855,2975.9004620345722,-3196.1027083425984,6049.730453491849,-1810.435630186003,6098.327843381738,14110.009472317826,-727.8638232846364,4603.633600664907,-6296.7573319535995,22759.395119481793,6173.616016985097,3652.0615500210197,17302.101886070424,8670.273407158817,-8933.267736561847,-2051.540449385278,4368.245207028349,-9558.764946610901,11251.679860045191,-16111.802457965636,-8176.297875808405,2334.6830179860244,-1561.8787063764873,6977.207597564999,-18161.746372102778,-3142.1848366656623,-6510.240745018072,-11501.890405927023,819.3271524058953,-241.04868072484314,-4673.0310838907135,5980.681774652329,-3190.990618643352,1726.120310839792,3522.0191924795517,-5403.747682457188,-511.10134225003407
-2404.1314798929293,-10492.631739917946,13512.019983736236,17974.91686361936,-6671.253417101674,7761.10212419027,-7123.662964624288,-3066.669777928073,3292.870163798043,-6233.314017847976,1865.6124608059527,-6283.21249770809,-14539.19952620744,749.3427242940611,-4743.464650300006,6488.563375278086,-23451.772879903256,-6360.721626540784,-3762.2446124029298,-17828.38934529412,-8933.267736561847,9204.979929296276,2113.437406059779,-4501.275084261805,9849.691789721332,-11592.934676219771,16601.383930427404,8425.319670141147,-2406.1546241111723,1609.8541344711462,-7188.7373449910765,18713.57833985087,3237.6698111499895,6709.408807424674,11851.441790290357,-844.488298087764,249.0052096802052,4815.664725432396,-6162.179575800145,3288.304903451516,-1778.1239320269553,-3628.8761944170255,5568.2467109637,526.573290563042
-551.6235524016635,-2409.538579960019,3102.6044585842196,4126.759381133947,-1532.4509140469809,1781.757964755148,-1635.5220924226567,-703.8916441431268,756.4067429431043,-1431.5233087692814,428.31637408085425,-1443.0874645417157,-3338.0942123552563,172.59562025272163,-1089.237050250937,1489.580653300226,-5384.407624406612,-1460.976209870237,-864.5370991095597,-4093.336887293405,-2051.540449385278,2113.437406059779,485.66941828265334,-1033.3457686440636,2261.3189084339674,-2662.420795847567,3812.0179661360235,1934.1268315852478,-552.1106367891049,369.25598166484804,-1651.0463817211228,4297.05364532836,743.3747571481272,1539.5714489507266,2721.280805712152,-193.68204726370706,56.66276984199801,1105.2745469422357,-1415.0791362597965,754.7613457177617,-408.5948183277989,-833.3821825872695,1278.3327812350394,120.98961409408396
1175.7415014423013,5130.819548543388,-6607.3550484326415,-8789.904979231665,3262.029744233461,-3795.2632920980627,3483.5182482279783,1499.6832310161687,-1610.0934995399969,3047.993796269376,-912.2697904169369,3072.3696774442265,7109.789972460027,-366.2475784659288,2319.5578709825872,-3172.989385649652,11468.036443408057,3110.2486564385736,1839.516814885987,8718.164437618772,4368.245207028349,-4501.275084261805,-1033.3457686440636,2201.2206588887498,-4816.6108038367875,5668.792198390207,-8118.022896744564,-4120.115255989317,1176.720230093609,-787.3244193870797,3515.1504901456215,-9150.871974447553,-1583.256860052475,-3281.2327499390317,-5795.350823742874,413.0533293689778,-121.93249905829516,-2355.003529419086,3013.2411044046635,-1608.0857780932045,869.4069747812359,1774.471441853733,-2722.9258133513963,-257.46711931686366
-2572.654775698642,-11227.3765306572,14458.287529341658,19233.95834463802,-7138.215630896359,8304.750841983252,-7622.594207390982,-3281.512885325675,3523.3525356885966,-6669.751162087168,1996.2256611930852,-6723.11059291273,-15557.59844824419,801.604025614252,-5075.6695070271,6943.062405881999,-25094.30467531693,-6806.018488826566,-4025.496478508603,-19077.076604051414,-9558.764946610901,9849.691789721332,2261.3189084339674,-4816.6108038367875,10539.668359810226,-12404.654105676955,17763.987036440594,9015.541562318916,-2574.7921018584334,1722.7225492618093,-7692.0432421958,20024.099114790228,3464.482513118224,7179.656633079954,12681.447705818107,-903.7417580713609,266.6342628303925,5153.097713423226,-6593.681279843744,3518.7004381309584,-1902.5471933706197,-3882.971730782249,5958.249157113283,563.3982810680573
3027.2239113361125,13215.484582511071,-17017.784638036588,-22637.54845095965,8403.23090985779,-9774.15614960814,8971.597520709947,3861.8792108721036,-4147.726046672676,7850.972847519103,-2349.4540385553805,7914.0485948917985,18310.934737389587,-944.6763476929598,5974.3175593637725,-8171.453003550303,29535.475585737764,8011.792449163573,4739.518345925151,22453.38979804688,11251.679860045191,-11592.934676219771,-2662.420795847567,5668.792198390207,-12404.654105676955,14601.726728242182,-20908.780178771638,-10610.5195083802,3029.723122484299,-2026.8191072066033,9054.58367915261,-23569.056836592026,-4077.7039159571978,-8448.3813732389,-14926.35125352379,1063.2490700015474,-312.71853644848414,-6064.24702814921,7761.298433859451,-4140.9948900881345,2240.0748122071786,4570.651992550147,-7012.563935023927,-663.301892572734
-4335.574421885421,-18924.126260766097,24369.499790121678,32417.95641579233,-12032.45836657213,13997.156555019577,-12847.637894665984,-5530.627939960848,5939.111019226996,-11242.267772740048,3364.67393612952,-11332.361191077938,-26221.698441564866,1351.9694447702052,-8555.075708670864,11702.117618732393,-42295.758576551176,-11472.239668871189,-6785.9708897971,-32153.893416049043,-16111.802457965636,16601.383930427404,3812.0179661360235,-8118.022896744564,17763.987036440594,-20908.780178771638,29941.33350657898,15194.968303076099,-4339.247094149312,2903.0889351837873,-12965.547459976695,33750.79211788348,5839.21249215837,12099.747769414818,21374.539163005687,-1522.8621533101643,448.6157567035467,8684.805631623805,-11113.871977749135,5930.315302081686,-3207.198905670106,-6544.948537710768,10042.361352359852,949.7865700171346
-2200.765579915265,-9603.588185389026,12367.357427158473,16452.60611862739,-6105.653743408446,7103.858900127648,-6520.321254887204,-2807.051026710616,3013.696187621443,-5705.085444842454,1707.5729665219565,-5750.687521683668,-13307.806138972892,685.4676251639903,-4341.590907147387,5939.086794946422,-21465.432874160237,-5821.556560700935,-3443.063374529042,-16318.334226417333,-8176.297875808405,8425.319670141147,1934.1268315852478,-4120.115255989317,9015.541562318916,-10610.5195083802,15194.968303076099,7711.939097353675,-2202.591277368106,1473.7541869898437,-6579.486845650447,17128.220880706103,2963.4522766525683,6141.746969360343,10847.478957795429,-773.1126918966311,228.27797767132668,4408.0622317957395,-5640.080447127492,3009.9558828855747,-1627.2881046620723,-3321.374863140001,5096.686229844199,481.8908034003871
628.7044311600467,2742.350353476108,-3531.7953346581567,-4698.800452907021,1743.227049456526,-2028.8860140839713,1862.1477398450295,801.7791528548626,-860.4566299380043,1629.0897959837616,-487.7350746225245,1642.0209606638643,3800.5160481439048,-195.43511303876357,1239.7880472921693,-1696.2746591719663,6130.315694504958,1662.2278628904533,982.8441932280934,4660.315411769243,2334.6830179860244,-2406.1546241111723,-552.1106367891049,1176.720230093609,-2574.7921018584334,3029.723122484299,-4339.247094149312,-2202.591277368106,629.2706391044783,-421.13314976446657,1878.6786945879446,-4891.3098394244,-846.2580338216394,-1754.5713349166042,-3097.742434749248,220.89760538396771,-65.50586541965745,-1259.1390013466985,1610.5249989386743,-859.7252416199346,464.4762001813513,948.4077535031173,-1455.6166788832772,-137.59644567134058
-420.7539305707963,-1834.6390297580976,2362.8891648159456,3143.84264232607,-1166.0822405670829,1357.4955112185105,-1245.8918192260517,-536.500577890524,575.5822929580959,-1089.8424408034618,326.34596168378704,-1098.4552091813969,-2542.7701728415686,130.5839270627794,-829.4286917720401,1134.9699381537255,-4101.555334482142,-1111.9494007485882,-657.3495150123792,-3118.0263894571203,-1561.8787063764873,1609.8541344711462,369.25598166484804,-787.3244193870797,1722.7225492618093,-2026.8191072066033,2903.0889351837873,1473.7541869898437,-421.13314976446657,281.893942656492,-1256.7831827341142,3272.4238099739273,566.1796854255027,1174.1893998717098,2072.490298087799,-147.8549879749166,43.98815186978457,842.5695008504025,-1077.450717155925,575.2632562027959,-310.64349369053224,-634.4762995088539,973.9302174837312,92.04024177010278
1877.0954724628225,8194.950540431375,-10552.738460071576,-14037.429185149533,5210.957584049172,-6060.894659776648,5563.237066476769,2394.6894840739947,-2572.0776435092785,4868.448449262649,-1456.920678574339,4907.570130698985,11354.499143706826,-585.8988997302255,3704.654953305258,-5067.079580805074,18314.858221921728,4968.208193426691,2939.1094070507693,13923.279242475395,6977.207597564999,-7188.7373449910765,-1651.0463817211228,3515.1504901456215,-7692.0432421958,9054.58367915261,-12965.547459976695,-6579.486845650447,1878.6786945879446,-1256.7831827341142,5614.83220924325,-14615.197546191093,-2528.538663163058,-5238.641575286446,-9255.811477029576,659.2564020339064,-193.81642805849637,-3760.362741617142,4812.796347918137,-2567.753511527519,1389.105162671457,2834.282912762383,-4348.441159885361,-411.3455558381728
-4887.161515042894,-21331.88003166084,27470.063645504113,36542.48104040848,-13563.400611261546,15778.001593182209,-14482.241415493032,-6234.265314120934,6694.772504223325,-12672.654433849699,3792.746324997183,-12774.219708283013,-29557.89690897666,1524.0145323270474,-9643.552912877176,13190.95783896848,-47677.04637218611,-12931.899771550618,-7649.415355494631,-36244.83357620215,-18161.746372102778,18713.57833985087,4297.05364532836,-9150.871974447553,20024.099114790228,-23569.056836592026,33750.79211788348,17128.220880706103,-4891.3098394244,3272.4238099739273,-14615.197546191093,38044.95580617331,6582.141726959927,13639.138647348069,24094.046100516465,-1716.5998527431811,505.65076727866114,9789.752298869418,-12527.920053500553,6684.81959935673,-3615.277235095307,-7377.678315682211,11320.036839341323,1070.626231900176
-845.6242502043266,-3690.643596588004,4752.579260567764,6322.286364572275,-2346.5092536731645,2729.7912052820984,-2505.586669611827,-1078.6118356292393,1158.1904675835715,-2192.435539040791,656.0603336824271,-2210.019793487793,-5113.985454028206,263.5630129636159,-1668.4849318422457,2282.1381573886615,-8248.608742468048,-2237.263961976235,-1323.3369573300408,-6270.754980727221,-3142.1848366656623,3237.6698111499895,743.3747571481272,-1583.256860052475,3464.482513118224,-4077.7039159571978,5839.21249215837,2963.4522766525683,-846.2580338216394,566.1796854255027,-2528.538663163058,6582.141726959927,1138.9067723679711,2359.8237820949153,4168.548223741922,-297.07598667179417,87.56343328019929,1693.7888182078052,-2167.4885585078446,1156.6059495420661,-625.4988344781332,-1276.4239678879314,1958.481897140904,185.16753351435352
-1753.0771745544837,-7646.968951853019,9848.187264327931,13102.255169971868,-4860.988021112199,5657.36717366699,-5192.465206848896,-2235.6969333789225,2399.3475746019553,-4542.622149607911,1359.9205638742342,-4578.740012711739,-10597.570752755786,545.0176223216079,-3457.1371215425042,4729.8739353092,-17093.91099319416,-4635.072068372975,-2740.691631610221,-12994.964156378828,-6510.240745018072,6709.408807424674,1539.5714489507266,-3281.2327499390317,7179.656633079954,-8448.3813732389,12099.747769414818,6141.746969360343,-1754.5713349166042,1174.1893998717098,-5238.641575286446,13639.138647348069,2359.8237820949153,4892.365712832273,8637.912057051295,-615.9797863172549,182.59034049789256,3510.9306623152315,-4490.922844625128,2397.286708141402,-1295.2718170683847,-2644.5985692527174,4058.8725339664347,383.6502978358146
-3095.1447840525657,-13509.560733350323,17396.922839773782,23142.645059696828,-8589.65994367221,9992.346407524647,-9171.710730518073,-3948.2372813178717,4239.769369324416,-8025.602792719116,2401.9365586590447,-8089.916747394211,-18719.268141294524,965.0636383549321,-6107.323450722227,8353.936778616093,-30194.192138569328,-8189.753477433399,-4844.295045565009,-22954.101458512574,-11501.890405927023,11851.441790290357,2721.280805712152,-5795.350823742874,12681.447705818107,-14926.35125352379,21374.539163005687,10847.478957795429,-3097.742434749248,2072.490298087799,-9255.811477029576,24094.046100516465,4168.548223741922,8637.912057051295,15258.90035412719,-1087.1886420845717,320.32570275240124,6199.976257456196,-7933.981966988917,4233.595150713469,-2289.539700036732,-4672.302426423347,7169.0683966875495,678.002402127901
220.74603735537337,962.4224565197178,-1239.4899794916237,-1649.1879019620835,611.6658837197548,-712.1015145070626,653.5552787733726,281.44286216871944,-301.8958750807805,571.6691636425556,-171.11630227183377,576.2054254689035,1333.9507149439119,-68.46210522304798,435.13815218972206,-595.34671088993,2151.528850243206,583.273291881684,344.79997757608305,1635.6232310965067,819.3271524058953,-844.488298087764,-193.68204726370706,413.0533293689778,-903.7417580713609,1063.2490700015474,-1522.8621533101643,-773.1126918966311,220.89760538396771,-147.8549879749166,659.2564020339064,-1716.5998527431811,-297.07598667179417,-615.9797863172549,-1087.1886420845717,77.6155038394028,-23.09939859587445,-441.9940654347573,565.2110854729616,-301.7970130548816,162.9767049998932,332.8308122460205,-510.8868087134353,-48.25473500686906
-65.47203688320832,-283.26999356976233,365.1672504075806,486.53288731740815,-179.5263045623775,210.16756311122006,-192.75222145462965,-83.19441360794713,88.61806278325705,-168.15785374509085,50.48718245397291,-169.37443227589216,-393.3738439397713,19.586919375284886,-128.12848315847094,175.74880359805846,-634.462512886322,-171.36248398504995,-100.86174994172377,-482.2997492204094,-241.04868072484314,249.0052096802052,56.66276984199801,-121.93249905829516,266.6342628303925,-312.71853644848414,448.6157567035467,228.27797767132668,-65.50586541965745,43.98815186978457,-193.81642805849637,505.65076727866114,87.56343328019929,182.59034049789256,320.32570275240124,-23.09939859587445,7.3758117061097765,130.74609982880227,-166.355069135712,89.23025057734868,-47.67563434747866,-97.91426215048926,150.7486771448274,14.135218562773668
-1258.0675084799338,-5488.879708284448,7068.688731114715,9403.967775381852,-3489.415295632556,4060.4590278831456,-3726.8440170803938,-1604.5329644036428,1722.3523652014194,-3260.682941261394,976.0462553211308,-3286.671593788548,-7606.361939903727,391.508928159996,-2481.4409033078123,3394.732125622744,-12269.071427482424,-3327.151946894084,-1967.574558328608,-9327.099046427904,-4673.0310838907135,4815.664725432396,1105.2745469422357,-2355.003529419086,5153.097713423226,-6064.24702814921,8684.805631623805,4408.0622317957395,-1259.1390013466985,842.5695008504025,-3760.362741617142,9789.752298869418,1693.7888182078052,3510.9306623152315,6199.976257456196,-441.9940654347573,130.74609982880227,2519.7450615812363,-3223.5342793715713,1720.5043142255975,-929.8959488001907,-1898.293597819906,2913.173306851335,275.4112689359351
1609.216745530124,7024.507974661177,-9045.654727921108,-12032.94709919821,4466.501062013315,-5195.456574582645,4768.825840119796,2052.8126424952366,-2204.6129171147822,4173.052367929833,-1248.8372015033601,4206.554821883772,9733.125934460162,-501.9861719796692,3175.5690101654473,-4343.53316561415,15699.461694533387,4258.472038881378,2519.081528131328,11935.009798702984,5980.681774652329,-6162.179575800145,-1415.0791362597965,3013.2411044046635,-6593.681279843744,7761.298433859451,-11113.871977749135,-5640.080447127492,1610.5249989386743,-1077.450717155925,4812.796347918137,-12527.920053500553,-2167.4885585078446,-4490.922844625128,-7933.981966988917,565.2110854729616,-166.355069135712,-3223.5342793715713,4125.446524471909,-2201.183539829897,1190.6214694201171,2429.461050885921,-3727.5320246250512,-352.5361060127772
-859.0195762214004,-3748.060755946809,4826.762543062873,6421.322820038776,-2382.7703127221034,2772.5974854059464,-2544.8291776364704,-1095.612797115391,1176.1073898333302,-2226.5265971526032,666.4360915488594,-2244.3027268604224,-5193.909372345006,267.3885073306461,-1694.4510429431687,2317.996587781502,-8377.724803454104,-2271.9369621275364,-1343.5897144390667,-6368.856558518268,-3190.990618643352,3288.304903451516,754.7613457177617,-1608.0857780932045,3518.7004381309584,-4140.9948900881345,5930.315302081686,3009.9558828855747,-859.7252416199346,575.2632562027959,-2567.753511527519,6684.81959935673,1156.6059495420661,2397.286708141402,4233.595150713469,-301.7970130548816,89.23025057734868,1720.5043142255975,-2201.183539829897,1174.8283663503348,-635.0327587913013,-1296.2415335012197,1989.2049118844495,188.0507085224031
464.1344109011933,2027.2724858591064,-2610.328859348966,-3471.9885536865663,1289.317000340467,-1499.0478999926377,1376.0346799758706,592.2138722134329,-636.3783881038644,1204.3720690878804,-360.2845608570799,1214.1309519598324,2808.537347130194,-145.19737839322448,916.4428265880404,-1253.1883531011308,4530.070556064034,1229.1499559360734,727.361913518873,3443.8761920850825,1726.120310839792,-1778.1239320269553,-408.5948183277989,869.4069747812359,-1902.5471933706197,2240.0748122071786,-3207.198905670106,-1627.2881046620723,464.4762001813513,-310.64349369053224,1389.105162671457,-3615.277235095307,-625.4988344781332,-1295.2718170683847,-2289.539700036732,162.9767049998932,-47.67563434747866,-929.8959488001907,1190.6214694201171,-635.0327587913013,343.82450527356434,701.1749099733393,-1075.5166346574417,-101.75954810088092
947.6146877844786,4136.749104175744,-5326.980803072114,-7086.121812022776,2630.378250115604,-3059.569621941574,2808.34003626548,1208.8671405447992,-1298.3251872265084,2457.5392007199457,-735.4403071226621,2477.2644410262337,5731.780102010175,-295.681220049837,1870.1054887110315,-2557.8733168997674,9245.345142334676,2507.8598658763763,1483.552189701017,7028.467189106444,3522.0191924795517,-3628.8761944170255,-833.3821825872695,1774.471441853733,-3882.971730782249,4570.651992550147,-6544.948537710768,-3321.374863140001,948.4077535031173,-634.4762995088539,2834.282912762383,-7377.678315682211,-1276.4239678879314,-2644.5985692527174,-4672.302426423347,332.8308122460205,-97.91426215048926,-1898.293597819906,2429.461050885921,-1296.2415335012197,701.1749099733393,1430.7298893346247,-2195.1110074018575,-207.62797032746232
-1454.380182334418,-6347.045187082462,8173.582885726074,10873.391758091253,-4035.3779994324486,4694.8599062,-4309.255393394222,-1855.1533226728554,1991.823827423136,-3770.549551268397,1128.5920834158353,-3800.7001843582625,-8794.991855176077,453.1685809559616,-2869.3519126609526,3925.1037716130727,-14186.415258917721,-3847.5667976087248,-2275.6539418662574,-10784.69954382008,-5403.747682457188,5568.2467109637,1278.3327812350394,-2722.9258133513963,5958.249157113283,-7012.563935023927,10042.361352359852,5096.686229844199,-1455.6166788832772,973.9302174837312,-4348.441159885361,11320.036839341323,1958.481897140904,4058.8725339664347,7169.0683966875495,-510.8868087134353,150.7486771448274,2913.173306851335,-3727.5320246250512,1989.2049118844495,-1075.5166346574417,-2195.1110074018575,3368.387500306623,318.52852573744286
-137.4338960084867,-600.3290484547706,773.0437490475316,1028.2371748112146,-381.8035384116965,443.94362010850085,-407.5097211995493,-175.40193944246198,188.4587290393638,-356.6757232731051,106.78094682763505,-359.5402377728818,-831.6642693343595,42.999365313386484,-271.37048994893155,371.18589036734153,-1341.6086491301355,-364.0131932023882,-215.37627727785693,-1019.8947309390716,-511.10134225003407,526.573290563042,120.98961409408396,-257.46711931686366,563.3982810680573,-663.301892572734,949.7865700171346,481.8908034003871,-137.59644567134058,92.04024177010278,-411.3455558381728,1070.626231900176,185.16753351435352,383.6502978358146,678.002402127901,-48.25473500686906,14.135218562773668,275.4112689359351,-352.5361060127772,188.0507085224031,-101.75954810088092,-207.62797032746232,318.52852573744286,30.179324899480292
