V1,V2,V3,V4,V5,V6,V7,V8,V9,V10,V11,V12,V13,V14,V15,V16,V17,V18,V19,V20,V21,V22,V23,V24,V25,V26,V27,V28,V29,V30,V31,V32,V33,V34,V35,V36,V37,V38,V39,V40,V41,V42,V43,V44
3.3036336627064973,13.91041955620868,-17.8683434133684,-23.880233920961928,8.85804677631785,-10.282143548562884,9.531308168858398,4.1827718763794515,-4.361171615931258,8.159186509344346,-2.5375489367317052,8.323803938437019,19.245578664787793,-0.9723182766129193,6.160609577827464,-8.62430736428418,31.18127695365527,8.296457098864492,4.834929522106497,23.752230721366363,12.13225668294943,-12.267842627000578,-2.700663480670396,5.934865570201715,-12.934927653709254,15.51511945589965,-22.090973209579904,-11.26772129451875,3.127563518911351,-2.122059184312978,9.55111676195784,-24.82572043418218,-4.232570179298679,-8.8906631212015,-15.73767174943296,1.0619264407780273,-0.3977438542045986,-6.318601859329897,8.342404629970368,-4.426397380483209,2.4703019636724446,4.768312427937917,-7.551562542127969,-0.6649013388522833
13.91041955620868,60.999330251042934,-78.63486163156544,-104.31045793688745,38.67805852768085,-45.04202970298258,41.298588426659066,17.559794240861937,-19.203750873104337,36.30471655805781,-10.712404780155847,36.48964138792544,84.47562027517546,-4.333303908106551,27.575838477018493,-37.672276678808316,136.06910499993867,37.06761750726157,22.046640687322675,103.42125130395003,51.77133319343051,-53.430559651378445,-12.35711382349994,25.978111396330377,-57.30280281865343,67.18091608552635,-96.38897692285614,-48.97313468297361,14.082676655942787,-9.507608046277724,41.87892684018616,-108.75304851100725,-18.81030248376487,-38.886775522535594,-68.80373661402139,4.840219617102286,-1.4257466022791192,-28.1905411655394,35.784667255735314,-19.013162610906477,10.255106940889853,21.21243757651727,-32.17724553418144,-3.0694319667421954
-17.8683434133684,-78.63486163156544,101.6352536606227,134.4387993467605,-49.672477692758505,58.159186029304394,-52.96879730186056,-22.166256468106045,24.840244300843473,-47.05954511776628,13.548507340107442,-47.08762941791354,-109.02742969655702,5.434337375607298,-35.592546268909665,48.464503300484665,-175.2766154591403,-48.007430856392595,-28.757899167273038,-133.24091782977854,-66.45703792297188,68.78081988427176,16.115334094147446,-33.34007177331508,74.14389202452291,-86.23583944736939,124.18992669876592,63.30023766732488,-18.465517916115235,12.588901807459184,-54.25127697405183,140.4554934243494,24.404981387925744,50.058880544031226,88.67111315846402,-6.2325642880017975,1.792625973335513,36.780224823657825,-46.06827328595615,24.325665407023543,-13.018622466983235,-27.568269205878476,41.030355542514414,3.968522393553843
-23.880233920961928,-104.31045793688745,134.4387993467605,178.80902732641053,-66.28836871152018,77.27654542162513,-70.71749551390675,-30.378155217565496,32.73885351889892,-62.10385863998959,18.472375478364157,-62.52857909664598,-144.66271083832834,7.383305208015369,-47.21862237506777,64.47023079762404,-233.24395153132838,-63.33851158115595,-37.51752359438779,-177.33741234935198,-88.68354663286553,91.49062256677439,21.098570368383797,-44.82173718019536,98.08396998890018,-115.15424780753466,165.0726177015302,83.84249362177368,-24.053203270167376,16.088792432478638,-71.55407892440918,186.23034840385682,32.30993068983995,66.74691363837073,117.87122181148268,-8.464062143452121,2.438563883554456,48.003200357539214,-61.2043830044534,32.63617369179803,-17.587870483774537,-36.13353022404845,55.18523931424383,5.245954092406073
8.85804677631785,38.67805852768085,-49.672477692758505,-66.28836871152018,24.790429523976563,-28.586549968282597,26.39054001750277,11.602451345643688,-12.066815836405544,22.922924786222204,-7.01800669300786,23.22137313376574,53.56419365218271,-2.8825460010986443,17.5267911602011,-23.858298204541764,86.58548739717814,23.374986316603117,13.744386050706,65.80199601273613,33.06638861434799,-33.932556166201486,-7.691654374680918,16.792702584711044,-36.119032620394144,42.97065051051557,-61.21956482366114,-30.98206151946319,8.717407876315633,-5.722637155144699,26.36765549056495,-68.9251816626353,-11.94712412938598,-24.740319721685644,-43.70896842898422,3.196033332024702,-0.8348203866848442,-17.46246430487094,22.74720749490847,-12.202448042593351,6.670033931661584,13.27324846722048,-20.756018486165022,-1.9603459049843135
-10.282143548562884,-45.04202970298258,58.159186029304394,77.27654542162513,-28.586549968282597,33.463723664534356,-30.420516977562702,-12.972964545573147,14.157011331811061,-26.951969670388443,7.888696512335789,-27.059927870803325,-62.56280963968972,3.12753566633488,-20.438686759293635,27.79505895411824,-100.76346384765563,-27.4609422593861,-16.33569761203471,-76.62593756946862,-38.17787317886803,39.48039228887528,9.205104381504873,-19.381315157365442,42.50197728985042,-49.61814016257278,71.29468205079435,36.27425765360964,-10.514371164428228,7.045953328417664,-31.00507679268281,80.58387876746475,14.06208846726498,28.824283819721252,50.93103252541412,-3.6983563501862102,1.0154605484755224,20.867767403295066,-26.385176523799533,14.025660403736074,-7.51146964101925,-15.672673156928052,23.639301825944376,2.2738360566805684
9.531308168858398,41.298588426659066,-52.96879730186056,-70.71749551390675,26.39054001750277,-30.420516977562702,28.295841085817074,12.452855274637924,-12.885788403994374,24.29749502360136,-7.55201974013626,24.662318689303348,57.098105028586495,-3.0737343782919027,18.613253326223237,-25.599049872262793,92.36078871682246,24.816171388023434,14.512422044019743,70.18247559727142,35.41053364454027,-36.2929998613812,-8.110676946297836,17.789341826929704,-38.47679297049834,45.90167387899465,-65.35336144350875,-33.05514198482317,9.223298518519925,-6.104429035471228,28.06187093667446,-73.39674809790522,-12.587048224168905,-26.463506686737468,-46.62450659324188,3.307933776190204,-1.0231150412563845,-18.629087680590512,24.342120786478084,-13.10224630797463,7.171379266793293,14.123192845051449,-22.336110131142327,-2.0643720700434565
4.1827718763794515,17.559794240861937,-22.166256468106045,-30.378155217565496,11.602451345643688,-12.972964545573147,12.452855274637924,6.158452214051818,-5.2844314535818455,10.045560355766082,-3.647702448152928,10.541654919914336,24.26074341168082,-1.5064730363362482,7.92712872864366,-10.975870594478913,39.823861713317825,10.240701781164887,5.636518635433077,30.26312272246742,15.513517470514355,-15.600027411978157,-3.162957854962264,8.065739940211278,-16.01803588296667,20.17662544258538,-28.007106993132805,-13.923417384251765,3.513470323438466,-2.0526049155633395,11.54385598719791,-31.067123998150958,-5.283798252963234,-11.496175403185429,-19.983395196313694,1.5751697113388932,-0.4372286870139721,-7.206454755512579,10.448247839424354,-5.884036377389275,3.3473566397368075,5.64306678408472,-10.202553872402753,-0.8762990259519053
-4.361171615931258,-19.203750873104337,24.840244300843473,32.73885351889892,-12.066815836405544,14.157011331811061,-12.885788403994374,-5.2844314535818455,6.114571121340626,-11.482963737317622,3.256544204264739,-11.465909671359222,-26.573890618234937,1.3048735278769914,-8.63876202318955,11.846865992935221,-42.66854290800835,-11.734677704126835,-7.068840431470254,-32.44018761966904,-16.23915999866046,16.791095614045933,3.9642553350799656,-7.99854858521415,18.113756186780517,-20.993609234185435,30.29980025506132,15.457768013011338,-4.526314594033108,3.1453001314214655,-13.31332405867188,34.26542322016119,5.91631277896492,12.143891207173459,21.61704077156291,-1.4436397134608057,0.4704041452814269,9.062865296213635,-11.277708974304163,5.903660553145589,-3.1729084689115257,-6.771722781086613,9.946573641779926,0.9553486639275557
8.159186509344346,36.30471655805781,-47.05954511776628,-62.10385863998959,22.922924786222204,-26.951969670388443,24.29749502360136,10.045560355766082,-11.482963737317622,21.941401404168886,-6.133458033766531,21.834057237119456,50.45808715680938,-2.4687276154536177,16.555074392883725,-22.26703588774575,80.9452364780872,22.34866254405841,13.503314552390792,61.518681729756075,30.446275668544143,-31.677384435568225,-7.5687535729399595,15.463622831253335,-34.403009131661754,39.65116767020662,-57.30363742083715,-29.273687720247885,8.694066806967278,-5.922191887584491,25.159001392750778,-65.03925414074344,-11.440722567177268,-23.095431022313697,-40.95478976203317,2.9695546442141447,-0.7189538415989968,-17.14475069833768,21.166944985725937,-11.126133850443857,5.883861170134929,12.833806688394457,-18.677665912424224,-1.8647014875326258
-2.5375489367317052,-10.712404780155847,13.548507340107442,18.472375478364157,-7.01800669300786,7.888696512335789,-7.55201974013626,-3.647702448152928,3.256544204264739,-6.133458033766531,2.1789650174105706,-6.400014727859552,-14.776154104052065,0.8979582042952596,-4.818245485718944,6.714225043481481,-24.19356023185416,-6.2723536695767255,-3.4867129338051406,-18.38162301830888,-9.41658747308856,9.509187122216181,1.9641953415607534,-4.823805765038658,9.810253880709485,-12.230356128602633,17.056650176725096,8.483301982723617,-2.1712472636956797,1.3106902963591476,-7.079157392303595,18.924909850654036,3.198363580929365,6.976265600011307,12.163877706157425,-0.9149544943420428,0.2911278987251926,4.475327700787574,-6.360245213066824,3.557454482565278,-2.0124814132868654,-3.4754207121523613,6.14765424688921,0.5286997367705731
8.323803938437019,36.48964138792544,-47.08762941791354,-62.52857909664598,23.22137313376574,-27.059927870803325,24.662318689303348,10.541654919914336,-11.465909671359222,21.834057237119456,-6.400014727859552,21.951984505474556,50.63916031345117,-2.576929181852173,16.54127495615982,-22.435621095982427,81.58834980578062,22.22846987216014,13.239459818909049,62.03970482120029,31.011598410687128,-31.946837649774903,-7.417481235843825,15.698150031771815,-34.30966140484301,40.24900503153453,-57.72639047757174,-29.39175436227324,8.483774141228679,-5.686277619441889,25.12776596663401,-65.26840073810646,-11.395764389953415,-23.26734914737823,-41.228366943515475,2.9901478085698385,-0.7674399571445424,-16.847265633934708,21.43880204050122,-11.357713344065854,6.138503171819838,12.706856014667752,-19.19971329337184,-1.8489887087137433
19.245578664787793,84.47562027517546,-109.02742969655702,-144.66271083832834,53.56419365218271,-62.56280963968972,57.098105028586495,24.26074341168082,-26.573890618234937,50.45808715680938,-14.776154104052065,50.63916031345117,117.18140211293444,-5.924680945422774,38.2973595972263,-52.1206974694505,188.66747818293013,51.458064194239,30.643112305646817,143.41220516486192,71.5526969111824,-73.98693907592066,-17.199813975277255,36.14958309851513,-79.56101813542925,92.96398317521948,-133.55245604607182,-67.93624784846753,19.664114881907572,-13.244477940873562,58.07986172840078,-150.87499803237262,-26.23825956390486,-53.961486749352346,-95.37623053337636,6.834484485175419,-1.9167406791615949,-39.162269451294065,49.48665260859929,-26.291760929763473,14.09858263132744,29.42754668684449,-44.39289684591209,-4.270291062073306
-0.9723182766129193,-4.333303908106551,5.434337375607298,7.383305208015369,-2.8825460010986443,3.12753566633488,-3.0737343782919027,-1.5064730363362482,1.3048735278769914,-2.4687276154536177,0.8979582042952596,-2.576929181852173,-5.924680945422774,0.4292777903304867,-1.9911960025882303,2.691964402500018,-9.697157562336258,-2.548816667437502,-1.4281347376286062,-7.336684180117561,-3.73916242380595,3.805843467874176,0.7889948474153168,-1.9659631475693655,3.9093115738047692,-4.949316609501213,6.835202826460734,3.3365819579494542,-0.8271023027865417,0.46376513394086655,-2.794904140749427,7.555679579279437,1.2721511487132953,2.7889191818276986,4.878412376790346,-0.3825296702167616,0.07101025945626932,1.7378936304533859,-2.518450500740565,1.4335032603055193,-0.8170610412640952,-1.3923839257818171,2.5130032762062644,0.23180727890562194
6.160609577827464,27.575838477018493,-35.592546268909665,-47.21862237506777,17.5267911602011,-20.438686759293635,18.613253326223237,7.92712872864366,-8.63876202318955,16.555074392883725,-4.818245485718944,16.54127495615982,38.2973595972263,-1.9911960025882303,12.674769245977778,-17.00142121356883,61.57756978881177,16.912110146316227,10.098337861097196,46.73849852856406,23.05335933333361,-24.098110466856905,-5.680005094819052,11.935035357585377,-26.068742398905176,30.261771967507755,-43.522285654513354,-22.040248595519348,6.4386917936626435,-4.25630252050675,18.8528467400027,-49.20170440832377,-8.631396791709212,-17.6855518661008,-31.124506116524685,2.3415260207139714,-0.5423367220714903,-12.758794075888176,15.947437192304848,-8.557445058357528,4.501551532470835,9.602006226783207,-14.410431093156257,-1.4382672723013368
-8.62430736428418,-37.672276678808316,48.464503300484665,64.47023079762404,-23.858298204541764,27.79505895411824,-25.599049872262793,-10.975870594478913,11.846865992935221,-22.26703588774575,6.714225043481481,-22.435621095982427,-52.1206974694505,2.691964402500018,-17.00142121356883,23.449221280431114,-84.05947504498961,-22.8035086295695,-13.45297816712245,-63.88623523148672,-31.995575009083524,33.09466697613975,7.606278337671952,-16.03553367985535,35.41499788797851,-41.568192633495826,59.57914477665704,30.126174408835922,-8.577831407333067,5.755368454046141,-25.730345003790543,66.99746342355263,11.488071561540417,24.123003180930855,42.519964898491914,-2.950675879593656,1.0032945451767907,17.29590597132712,-22.045144751515938,11.825957869119788,-6.359907568228261,-12.985369156077253,20.00477983704165,1.8729626807970197
31.18127695365527,136.06910499993867,-175.2766154591403,-233.24395153132838,86.58548739717814,-100.76346384765563,92.36078871682246,39.823861713317825,-42.66854290800835,80.9452364780872,-24.19356023185416,81.58834980578062,188.66747818293013,-9.697157562336258,61.57756978881177,-84.05947504498961,304.3349490139227,82.53437611693103,48.82229441018531,231.3667230026278,115.85471708654107,-119.3630956583187,-27.413667771846896,58.542254365818565,-127.77300218786226,150.37988589873163,-215.344968858763,-109.35745236688008,31.273388908518132,-20.885982945596993,93.26915350039118,-242.86997606346625,-42.1280228921516,-87.05993270456273,-153.75663758592813,11.058728065807445,-3.1562613416264735,-62.45099013344549,79.9263605426912,-42.64252411520803,23.046378172721916,47.075771003044956,-72.18218983548866,-6.844787102201657
8.296457098864492,37.06761750726157,-48.007430856392595,-63.33851158115595,23.374986316603117,-27.4609422593861,24.816171388023434,10.240701781164887,-11.734677704126835,22.34866254405841,-6.2723536695767255,22.22846987216014,51.458064194239,-2.548816667437502,16.912110146316227,-22.8035086295695,82.53437611693103,22.8180053666054,13.77884940682223,62.704244306257806,31.002497200834384,-32.347921128563904,-7.747684842638898,15.732368647585401,-35.14138090573691,40.451528382926575,-58.468163182280854,-29.778539185739014,8.827624659647318,-6.005876876188858,25.62341577169012,-66.27173705397534,-11.608348937029108,-23.580317503304922,-41.784651737356945,2.997985826451033,-0.7670417519767506,-17.48054904290169,21.538119931868128,-11.361710155494508,5.9901269534952295,13.077170699445935,-19.069332612507498,-1.9032933154525236
4.834929522106497,22.046640687322675,-28.757899167273038,-37.51752359438779,13.744386050706,-16.33569761203471,14.512422044019743,5.636518635433077,-7.068840431470254,13.503314552390792,-3.4867129338051406,13.239459818909049,30.643112305646817,-1.4281347376286062,10.098337861097196,-13.45297816712245,48.82229441018531,13.77884940682223,8.531371347090094,37.09082327860958,18.151967891598236,-19.112617238804646,-4.778552107338963,9.161200792226078,-21.083819129184732,23.708643426529807,-34.64714963074961,-17.785266206296203,5.487829718016544,-3.8451008493743037,15.454032715248363,-39.548069220212895,-7.000024050780828,-13.882288426829076,-24.773604239704245,1.7436133894743189,-0.3894964802681047,-10.760907772390983,12.734532685369793,-6.569313750230112,3.3912982606470297,7.984957259770593,-10.933915362208653,-1.1494681452809348
23.752230721366363,103.42125130395003,-133.24091782977854,-177.33741234935198,65.80199601273613,-76.62593756946862,70.18247559727142,30.26312272246742,-32.44018761966904,61.518681729756075,-18.38162301830888,62.03970482120029,143.41220516486192,-7.336684180117561,46.73849852856406,-63.88623523148672,231.3667230026278,62.704244306257806,37.09082327860958,175.95872826933598,88.17646474037318,-90.7381406695673,-20.842281108572738,44.49062776075311,-97.11476025684476,114.3446319846349,-163.73830168874127,-83.19676658041442,23.777756109276766,-15.886801681915946,70.9575569095467,-184.69653785756162,-32.02604450130985,-66.14890250181584,-116.90060752849934,8.385669198635693,-2.41294803619427,-47.46934856562591,60.821006287658825,-32.40636533343891,17.549748132335417,35.77993774358731,-54.86174849362838,-5.186074814238091
12.13225668294943,51.77133319343051,-66.45703792297188,-88.68354663286553,33.06638861434799,-38.17787317886803,35.41053364454027,15.513517470514355,-16.23915999866046,30.446275668544143,-9.41658747308856,31.011598410687128,71.5526969111824,-3.73916242380595,23.05335933333361,-31.995575009083524,115.85471708654107,31.002497200834384,18.151967891598236,88.17646474037318,44.9447682172178,-45.55153820859207,-10.123099414041663,22.1145297861943,-48.09752168463909,57.69551229968713,-82.08209368667409,-41.74286199643796,11.59711497238653,-7.813530207798051,35.500380397420464,-92.2763953421538,-15.78813400360839,-32.954421491815985,-58.496844618529366,3.9931492635984043,-1.338442582567143,-23.43124620714099,30.914105377351277,-16.404902658081678,9.161749134962001,17.768190319084827,-28.001145680034956,-2.5191497021586926
-12.267842627000578,-53.430559651378445,68.78081988427176,91.49062256677439,-33.932556166201486,39.48039228887528,-36.2929998613812,-15.600027411978157,16.791095614045933,-31.677384435568225,9.509187122216181,-31.946837649774903,-73.98693907592066,3.805843467874176,-24.098110466856905,33.09466697613975,-119.3630956583187,-32.347921128563904,-19.112617238804646,-90.7381406695673,-45.55153820859207,46.907626623935634,10.744301895381646,-22.826735361703527,50.135957284927706,-59.038995261463874,84.54040940221292,42.88787508033405,-12.220983923780908,8.212771053174306,-36.608276834319476,95.21914498075189,16.418259068779964,34.146725239380565,60.33346718244634,-4.235015197096064,1.330660833544221,24.531143547828574,-31.415064192522667,16.761082772438982,-9.078445793770937,-18.467070969910907,28.384107443173505,2.6628167622717025
-2.700663480670396,-12.35711382349994,16.115334094147446,21.098570368383797,-7.691654374680918,9.205104381504873,-8.110676946297836,-3.162957854962264,3.9642553350799656,-7.5687535729399595,1.9641953415607534,-7.417481235843825,-17.199813975277255,0.7889948474153168,-5.680005094819052,7.606278337671952,-27.413667771846896,-7.747684842638898,-4.778552107338963,-20.842281108572738,-10.123099414041663,10.744301895381646,2.733567630264297,-5.173004393452998,11.914124971648354,-13.29567595784875,19.464495768080397,9.926020597789101,-3.0679616978455284,2.115618489264579,-8.650277614945935,22.184334619323067,3.9258599864477413,7.82559900735386,13.929585427515663,-0.99214584517114,0.24480267850405388,6.01187636601729,-7.073545572002313,3.6847497492150643,-1.8759983245663494,-4.44171251226357,6.086429068916702,0.6397265078034189
5.934865570201715,25.978111396330377,-33.34007177331508,-44.82173718019536,16.792702584711044,-19.381315157365442,17.789341826929704,8.065739940211278,-7.99854858521415,15.463622831253335,-4.823805765038658,15.698150031771815,36.14958309851513,-1.9659631475693655,11.935035357585377,-16.03553367985535,58.542254365818565,15.732368647585401,9.161200792226078,44.49062776075311,22.1145297861943,-22.826735361703527,-5.173004393452998,11.667001250249221,-24.365387307897482,29.0033912114129,-41.23153634224594,-20.79098370944313,5.842341434753592,-3.665762906731901,17.58032565556204,-46.44322092380534,-8.169086066417565,-16.84264696053141,-29.49582204977861,2.361989009232979,-0.48971037889536523,-11.552475181879755,15.148851231458433,-8.267609138606462,4.453850615054241,8.811871321720615,-14.023978529376047,-1.348800673893675
-12.934927653709254,-57.30280281865343,74.14389202452291,98.08396998890018,-36.119032620394144,42.50197728985042,-38.47679297049834,-16.01803588296667,18.113756186780517,-34.403009131661754,9.810253880709485,-34.30966140484301,-79.56101813542925,3.9093115738047692,-26.068742398905176,35.41499788797851,-127.77300218786226,-35.14138090573691,-21.083819129184732,-97.11476025684476,-48.09752168463909,50.135957284927706,11.914124971648354,-24.365387307897482,54.33980587660657,-62.683111624008916,90.51896283676655,46.04571792423138,-13.556555214451913,9.196131715707697,-39.53328560157835,102.41961399269671,17.859195326801462,36.59577159284596,64.67692696076179,-4.613289137864714,1.321690041739266,26.91700377240423,-33.34046456538534,17.673782151550107,-9.324475742266493,-20.09894316748081,29.660696407807297,2.906200755572148
15.51511945589965,67.18091608552635,-86.23583944736939,-115.15424780753466,42.97065051051557,-49.61814016257278,45.90167387899465,20.17662544258538,-20.993609234185435,39.65116767020662,-12.230356128602633,40.24900503153453,92.96398317521948,-4.949316609501213,30.261771967507755,-41.568192633495826,150.37988589873163,40.451528382926575,23.708643426529807,114.3446319846349,57.69551229968713,-59.038995261463874,-13.29567595784875,29.0033912114129,-62.683111624008916,74.71739833647005,-106.41733501091804,-53.87501955676707,15.074235038453669,-9.964403445428816,45.828813219716864,-119.65955792823807,-20.60546372228901,-42.969138612841256,-75.93292394942702,5.412455829208035,-1.6102397238279487,-30.3316478027046,39.65796901157241,-21.25443865884166,11.673860941413317,23.00772377017389,-36.17433307238624,-3.3494948922916086
-22.090973209579904,-96.38897692285614,124.18992669876592,165.0726177015302,-61.21956482366114,71.29468205079435,-65.35336144350875,-28.007106993132805,30.29980025506132,-57.30363742083715,17.056650176725096,-57.72639047757174,-133.55245604607182,6.835202826460734,-43.522285654513354,59.57914477665704,-215.344968858763,-58.468163182280854,-34.64714963074961,-163.73830168874127,-82.08209368667409,84.54040940221292,19.464495768080397,-41.23153634224594,90.51896283676655,-106.41733501091804,152.49805691183153,77.45960508002396,-22.169298600577243,14.89600407980506,-66.15906099714815,171.9748254795002,29.749971251146665,61.54656489136161,108.85436850771106,-7.699123111978718,2.2958992539234493,44.360420937278654,-56.65413089058033,30.14777633901916,-16.316198874955628,-33.4029048464271,51.02760414931511,4.825117738143188
-11.26772129451875,-48.97313468297361,63.30023766732488,83.84249362177368,-30.98206151946319,36.27425765360964,-33.05514198482317,-13.923417384251765,15.457768013011338,-29.273687720247885,8.483301982723617,-29.39175436227324,-67.93624784846753,3.3365819579494542,-22.040248595519348,30.126174408835922,-109.35745236688008,-29.778539185739014,-17.785266206296203,-83.19676658041442,-41.74286199643796,42.88787508033405,9.926020597789101,-20.79098370944313,46.04571792423138,-53.87501955676707,77.45960508002396,39.62811725969805,-11.495769718197275,7.873602357714163,-33.87974548766432,87.63330172899745,15.224062346963084,31.164542394596918,55.278638461012484,-3.863614446136035,1.1398110999083186,22.872642867265448,-28.928861226640244,15.206293520557377,-8.230425177730705,-17.16064960354916,25.70296115016665,2.441989393863048
3.127563518911351,14.082676655942787,-18.465517916115235,-24.053203270167376,8.717407876315633,-10.514371164428228,9.223298518519925,3.513470323438466,-4.526314594033108,8.694066806967278,-2.1712472636956797,8.483774141228679,19.664114881907572,-0.8271023027865417,6.4386917936626435,-8.577831407333067,31.273388908518132,8.827624659647318,5.487829718016544,23.777756109276766,11.59711497238653,-12.220983923780908,-3.0679616978455284,5.842341434753592,-13.556555214451913,15.074235038453669,-22.169298600577243,-11.495769718197275,3.62045185793881,-2.5821612786401853,9.965555836234685,-25.40777275009226,-4.537078802498462,-8.910042899449754,-15.855781752288992,1.1244199282605751,-0.2692018940230263,-7.022381106388791,8.173998329642991,-4.177107085366957,2.123020996844517,5.1582377446179475,-6.90296512904439,-0.7267086994141028
-2.122059184312978,-9.507608046277724,12.588901807459184,16.088792432478638,-5.722637155144699,7.045953328417664,-6.104429035471228,-2.0526049155633395,3.1453001314214655,-5.922191887584491,1.3106902963591476,-5.686277619441889,-13.244477940873562,0.46376513394086655,-4.25630252050675,5.755368454046141,-20.885982945596993,-6.005876876188858,-3.8451008493743037,-15.886801681915946,-7.813530207798051,8.212771053174306,2.115618489264579,-3.665762906731901,9.196131715707697,-9.964403445428816,14.89600407980506,7.873602357714163,-2.5821612786401853,1.9941354441947177,-6.9099016875714865,17.185346677854557,3.042468266814244,5.885968721492322,10.626273554006826,-0.6318024830039064,0.22606719851519153,5.027798354300917,-5.598154164371408,2.725201492746397,-1.3777677923922165,-3.6267855137075813,4.465852598069811,0.470942695722218
9.55111676195784,41.87892684018616,-54.25127697405183,-71.55407892440918,26.36765549056495,-31.00507679268281,28.06187093667446,11.54385598719791,-13.31332405867188,25.159001392750778,-7.079157392303595,25.12776596663401,58.07986172840078,-2.794904140749427,18.8528467400027,-25.730345003790543,93.26915350039118,25.62341577169012,15.454032715248363,70.9575569095467,35.500380397420464,-36.608276834319476,-8.650277614945935,17.58032565556204,-39.53328560157835,45.828813219716864,-66.15906099714815,-33.87974548766432,9.965555836234685,-6.9099016875714865,29.141286226211406,-74.98581981691487,-13.04987696281944,-26.50447689856445,-47.21681858982962,3.232113913736739,-0.9592854087658946,-19.801766020112154,24.672070331518125,-12.86085565765988,6.92408278988162,14.805366672440442,-21.649791101257563,-2.088864770175082
-24.82572043418218,-108.75304851100725,140.4554934243494,186.23034840385682,-68.9251816626353,80.58387876746475,-73.39674809790522,-31.067123998150958,34.26542322016119,-65.03925414074344,18.924909850654036,-65.26840073810646,-150.87499803237262,7.555679579279437,-49.20170440832377,66.99746342355263,-242.86997606346625,-66.27173705397534,-39.548069220212895,-184.69653785756162,-92.2763953421538,95.21914498075189,22.184334619323067,-46.44322092380534,102.41961399269671,-119.65955792823807,171.9748254795002,87.63330172899745,-25.40777275009226,17.185346677854557,-74.98581981691487,194.44257368531672,33.8384532126488,69.3263445824365,122.79799832342604,-8.743759501467162,2.4413833689625517,50.5413888209007,-63.859373640587044,33.7733500091168,-18.17646262151584,-37.975051774733515,57.02173929210582,5.477956653084196
-4.232570179298679,-18.81030248376487,24.404981387925744,32.30993068983995,-11.94712412938598,14.06208846726498,-12.587048224168905,-5.283798252963234,5.91631277896492,-11.440722567177268,3.198363580929365,-11.395764389953415,-26.23825956390486,1.2721511487132953,-8.631396791709212,11.488071561540417,-42.1280228921516,-11.608348937029108,-7.000024050780828,-32.02604450130985,-15.78813400360839,16.418259068779964,3.9258599864477413,-8.169086066417565,17.859195326801462,-20.60546372228901,29.749971251146665,15.224062346963084,-4.537078802498462,3.042468266814244,-13.04987696281944,33.8384532126488,6.032518349824098,12.021803206831681,21.2839277141628,-1.6301730755554216,0.32032097661994496,8.847195447711984,-10.968368431163467,5.776807282968957,-3.0473191277711487,-6.639877009493384,9.678033433608414,0.9781360614076221
-8.8906631212015,-38.886775522535594,50.058880544031226,66.74691363837073,-24.740319721685644,28.824283819721252,-26.463506686737468,-11.496175403185429,12.143891207173459,-23.095431022313697,6.976265600011307,-23.26734914737823,-53.961486749352346,2.7889191818276986,-17.6855518661008,24.123003180930855,-87.05993270456273,-23.580317503304922,-13.882288426829076,-66.14890250181584,-32.954421491815985,34.146725239380565,7.82559900735386,-16.84264696053141,36.59577159284596,-42.969138612841256,61.54656489136161,31.164542394596918,-8.910042899449754,5.885968721492322,-26.50447689856445,69.3263445824365,12.021803206831681,25.049451302673155,43.96767082686878,-3.227621335915041,0.934906184674656,17.7945617366212,-22.703866462927305,12.240862865170847,-6.534423920932367,-13.387473189520687,20.6952742807488,1.9695583522044646
-15.73767174943296,-68.80373661402139,88.67111315846402,117.87122181148268,-43.70896842898422,50.93103252541412,-46.62450659324188,-19.983395196313694,21.61704077156291,-40.95478976203317,12.163877706157425,-41.228366943515475,-95.37623053337636,4.878412376790346,-31.124506116524685,42.519964898491914,-153.75663758592813,-41.784651737356945,-24.773604239704245,-116.90060752849934,-58.496844618529366,60.33346718244634,13.929585427515663,-29.49582204977861,64.67692696076179,-75.93292394942702,108.85436850771106,55.278638461012484,-15.855781752288992,10.626273554006826,-47.21681858982962,122.79799832342604,21.2839277141628,43.96767082686878,77.71957581982893,-5.544288998651354,1.6100253157851243,31.67679838866251,-40.377992068182415,21.506348035251957,-11.605575809068378,-23.84868112250319,36.372500807829745,3.4571334566538128
1.0619264407780273,4.840219617102286,-6.2325642880017975,-8.464062143452121,3.196033332024702,-3.6983563501862102,3.307933776190204,1.5751697113388932,-1.4436397134608057,2.9695546442141447,-0.9149544943420428,2.9901478085698385,6.834484485175419,-0.3825296702167616,2.3415260207139714,-2.950675879593656,11.058728065807445,2.997985826451033,1.7436133894743189,8.385669198635693,3.9931492635984043,-4.235015197096064,-0.99214584517114,2.361989009232979,-4.613289137864714,5.412455829208035,-7.699123111978718,-3.863614446136035,1.1244199282605751,-0.6318024830039064,3.232113913736739,-8.743759501467162,-1.6301730755554216,-3.227621335915041,-5.544288998651354,0.5634503887365823,-0.018188902635853484,-2.1151403919442497,2.7288297447837135,-1.542513629322499,0.7815188897296406,1.6295936429860758,-2.5862381647864807,-0.2799806328245535
-0.3977438542045986,-1.4257466022791192,1.792625973335513,2.438563883554456,-0.8348203866848442,1.0154605484755224,-1.0231150412563845,-0.4372286870139721,0.4704041452814269,-0.7189538415989968,0.2911278987251926,-0.7674399571445424,-1.9167406791615949,0.07101025945626932,-0.5423367220714903,1.0032945451767907,-3.1562613416264735,-0.7670417519767506,-0.3894964802681047,-2.41294803619427,-1.338442582567143,1.330660833544221,0.24480267850405388,-0.48971037889536523,1.321690041739266,-1.6102397238279487,2.2958992539234493,1.1398110999083186,-0.2692018940230263,0.22606719851519153,-0.9592854087658946,2.4413833689625517,0.32032097661994496,0.934906184674656,1.6100253157851243,-0.018188902635853484,0.16183526807201204,0.6537314219397075,-0.8978716142333122,0.4976359494081482,-0.2852221984270289,-0.4496232293774939,0.8443547324529777,0.0357330351810958
-6.318601859329897,-28.1905411655394,36.780224823657825,48.003200357539214,-17.46246430487094,20.867767403295066,-18.629087680590512,-7.206454755512579,9.062865296213635,-17.14475069833768,4.475327700787574,-16.847265633934708,-39.162269451294065,1.7378936304533859,-12.758794075888176,17.29590597132712,-62.45099013344549,-17.48054904290169,-10.760907772390983,-47.46934856562591,-23.43124620714099,24.531143547828574,6.01187636601729,-11.552475181879755,26.91700377240423,-30.3316478027046,44.360420937278654,22.872642867265448,-7.022381106388791,5.027798354300917,-19.801766020112154,50.5413888209007,8.847195447711984,17.7945617366212,31.67679838866251,-2.1151403919442497,0.6537314219397075,13.855812510032077,-16.444911033802157,8.462077962046548,-4.390635722699062,-10.209060374254598,14.096674713793673,1.4225109069094921
8.342404629970368,35.784667255735314,-46.06827328595615,-61.2043830044534,22.74720749490847,-26.385176523799533,24.342120786478084,10.448247839424354,-11.277708974304163,21.166944985725937,-6.360245213066824,21.43880204050122,49.48665260859929,-2.518450500740565,15.947437192304848,-22.045144751515938,79.9263605426912,21.538119931868128,12.734532685369793,60.821006287658825,30.914105377351277,-31.415064192522667,-7.073545572002313,15.148851231458433,-33.34046456538534,39.65796901157241,-56.65413089058033,-28.928861226640244,8.173998329642991,-5.598154164371408,24.672070331518125,-63.859373640587044,-10.968368431163467,-22.703866462927305,-40.377992068182415,2.7288297447837135,-0.8978716142333122,-16.444911033802157,21.349735550339954,-11.234965299478567,6.231685915548274,12.41812592286383,-19.12823804755798,-1.7492746133899257
-4.426397380483209,-19.013162610906477,24.325665407023543,32.63617369179803,-12.202448042593351,14.025660403736074,-13.10224630797463,-5.884036377389275,5.903660553145589,-11.126133850443857,3.557454482565278,-11.357713344065854,-26.291760929763473,1.4335032603055193,-8.557445058357528,11.825957869119788,-42.64252411520803,-11.361710155494508,-6.569313750230112,-32.40636533343891,-16.404902658081678,16.761082772438982,3.6847497492150643,-8.267609138606462,17.673782151550107,-21.25443865884166,30.14777633901916,15.206293520557377,-4.177107085366957,2.725201492746397,-12.86085565765988,33.7733500091168,5.776807282968957,12.240862865170847,21.506348035251957,-1.542513629322499,0.4976359494081482,8.462077962046548,-11.234965299478567,6.096397739144939,-3.3560197975339676,-6.432319952236164,10.407818593620165,0.9424686838582845
2.4703019636724446,10.255106940889853,-13.018622466983235,-17.587870483774537,6.670033931661584,-7.51146964101925,7.171379266793293,3.3473566397368075,-3.1729084689115257,5.883861170134929,-2.0124814132868654,6.138503171819838,14.09858263132744,-0.8170610412640952,4.501551532470835,-6.359907568228261,23.046378172721916,5.9901269534952295,3.3912982606470297,17.549748132335417,9.161749134962001,-9.078445793770937,-1.8759983245663494,4.453850615054241,-9.324475742266493,11.673860941413317,-16.316198874955628,-8.230425177730705,2.123020996844517,-1.3777677923922165,6.92408278988162,-18.17646262151584,-3.0473191277711487,-6.534423920932367,-11.605575809068378,0.7815188897296406,-0.2852221984270289,-4.390635722699062,6.231685915548274,-3.3560197975339676,1.964480025209772,3.403308994142948,-5.824846527282084,-0.48556217901240084
4.768312427937917,21.21243757651727,-27.568269205878476,-36.13353022404845,13.27324846722048,-15.672673156928052,14.123192845051449,5.64306678408472,-6.771722781086613,12.833806688394457,-3.4754207121523613,12.706856014667752,29.42754668684449,-1.3923839257818171,9.602006226783207,-12.985369156077253,47.075771003044956,13.077170699445935,7.984957259770593,35.77993774358731,17.768190319084827,-18.467070969910907,-4.44171251226357,8.811871321720615,-20.09894316748081,23.00772377017389,-33.4029048464271,-17.16064960354916,5.1582377446179475,-3.6267855137075813,14.805366672440442,-37.975051774733515,-6.639877009493384,-13.387473189520687,-23.84868112250319,1.6295936429860758,-0.4496232293774939,-10.209060374254598,12.41812592286383,-6.432319952236164,3.403308994142948,7.599764119919852,-10.796047320298575,-1.0775226632454702
-7.551562542127969,-32.17724553418144,41.030355542514414,55.18523931424383,-20.756018486165022,23.639301825944376,-22.336110131142327,-10.202553872402753,9.946573641779926,-18.677665912424224,6.14765424688921,-19.19971329337184,-44.39289684591209,2.5130032762062644,-14.410431093156257,20.00477983704165,-72.18218983548866,-19.069332612507498,-10.933915362208653,-54.86174849362838,-28.001145680034956,28.384107443173505,6.086429068916702,-14.023978529376047,29.660696407807297,-36.17433307238624,51.02760414931511,25.70296115016665,-6.90296512904439,4.465852598069811,-21.649791101257563,57.02173929210582,9.678033433608414,20.6952742807488,36.372500807829745,-2.5862381647864807,0.8443547324529777,14.096674713793673,-19.12823804755798,10.407818593620165,-5.824846527282084,-10.796047320298575,17.89990006068173,1.5877470782988807
-0.6649013388522833,-3.0694319667421954,3.968522393553843,5.245954092406073,-1.9603459049843135,2.2738360566805684,-2.0643720700434565,-0.8762990259519053,0.9553486639275557,-1.8647014875326258,0.5286997367705731,-1.8489887087137433,-4.270291062073306,0.23180727890562194,-1.4382672723013368,1.8729626807970197,-6.844787102201657,-1.9032933154525236,-1.1494681452809348,-5.186074814238091,-2.5191497021586926,2.6628167622717025,0.6397265078034189,-1.348800673893675,2.906200755572148,-3.3494948922916086,4.825117738143188,2.441989393863048,-0.7267086994141028,0.470942695722218,-2.088864770175082,5.477956653084196,0.9781360614076221,1.9695583522044646,3.4571334566538128,-0.2799806328245535,0.0357330351810958,1.4225109069094921,-1.7492746133899257,0.9424686838582845,-0.48556217901240084,-1.0775226632454702,1.5877470782988807,0.16959201796606638
