V1,V2,V3,V4,V5,V6,V7,V8,V9,V10,V11,V12,V13,V14,V15,V16,V17,V18,V19,V20,V21,V22,V23,V24,V25,V26,V27,V28,V29,V30,V31,V32,V33,V34,V35,V36,V37,V38,V39,V40,V41,V42,V43,V44
24.357913625237284,105.51191854946808,-135.84083800957896,-180.58745098014384,66.97059355581668,-78.06783898716765,71.64627832107075,30.777284373179402,-33.033397142178494,62.60327202659437,-18.538646181054936,62.988008350357255,146.53202289269996,-7.475638643377944,47.82191369004787,-65.05957058737759,235.5889485332537,63.70406294353801,37.75718894967492,179.26089787498162,89.85870020150116,-92.45676089443913,-21.192545938236364,45.304671135840934,-99.17493189956936,116.88586858192404,-166.87878098370925,-84.91053263189448,24.151009049483218,-16.19036887559711,72.21455359184677,-188.2970428926381,-32.891928525015715,-67.52306951521129,-119.32888395787425,8.748339296356525,-2.6162003797849733,-48.29305288115848,62.04439468986955,-33.133871254115896,18.10312858775395,36.66650459471138,-55.865047278006614,-5.08489374258529
105.51191854946808,460.8481525035583,-592.8403681948485,-789.4715209400842,292.7295430277729,-340.56312685986757,312.5569493241868,134.70674704705277,-144.30960269989063,273.33392607674637,-81.15165900758392,276.255760548434,638.3900053925292,-32.45798189542497,208.31557482387788,-284.6737432300459,1029.3724837890811,279.4844596637823,165.0375758411711,782.4261402968007,392.65459856488263,-404.48837343602213,-92.72462840330483,197.84448169447222,-432.6169987188948,508.4856092209969,-728.6036376594395,-369.7560776713143,105.41349216257298,-70.31603812622467,315.730812237886,-820.7306317963743,-142.26286431362794,-294.36310268390673,-519.971553296179,36.8078486796707,-10.886735416263482,-211.87364119546086,270.7551171945141,-144.56881424335583,77.89896797958212,158.85564885229445,-244.5751372630519,-23.1545755916375
-135.84083800957896,-592.8403681948485,763.8980237847746,1015.6054388106022,-377.16631584146637,438.7177403444033,-402.719454552498,-173.2573549153133,186.30089194541515,-352.53252010117205,106.02670943954891,-354.8375896787704,-821.5245754960451,42.69666282920596,-268.0009195703923,366.86037396984887,-1325.5396150466195,-359.36806765549153,-212.7501311260778,-1007.7448056152172,-504.5051961227502,519.9539280034697,119.50052841242972,-254.20101967597427,556.4641328991037,-655.4399619756874,938.3867491722701,476.20195862725456,-136.15229560117905,91.24259348580213,-406.1915153580944,1058.1639958706767,182.81071584161631,379.27924448672513,669.9777477080669,-47.86307565124958,14.062917358335914,271.84748309858503,-348.0705548519116,185.6616133859015,-100.56074768988303,-205.3879015577188,314.6202586480433,29.780746512362914
-180.58745098014384,-789.4715209400842,1015.6054388106022,1352.6170104011524,-501.56532316046935,583.3967233542328,-535.4071100018866,-230.82319040387924,247.28740652277364,-468.3023102055087,139.21460445145863,-473.4470068532774,-1093.3065865397843,55.63343280860963,-356.728860636085,487.8592495790179,-1763.6390143239892,-479.0231473921477,-282.7814481469713,-1340.3923619607913,-672.6528562509457,693.0427222915357,158.90718720325378,-338.89206840179,741.0042922990211,-870.7727324591999,1248.228713093843,633.24634845906985,-180.61917564959845,120.44487574618289,-540.9589009406574,1405.8591863872578,243.38940623870087,504.22183874627655,890.606932922932,-62.79624701624175,18.557635874130927,363.0962761042897,-463.7635263821102,247.6016142491591,-133.23394974558784,-271.9487299278838,419.09601046742534,39.86279651265388
66.97059355581668,292.7295430277729,-377.16631584146637,-501.56532316046935,186.28455434540595,-216.58840649758903,198.82796573990933,85.59200659802556,-92.01248058719638,174.0808039677796,-52.425828783231744,175.3358224407809,405.4543259988283,-21.0873683774179,132.26507819355965,-181.22541199929265,654.6037873014202,177.58948986679465,105.0769911657668,497.56380160618056,249.12179364394194,-256.80960823478864,-59.0270333414313,125.50640383474524,-274.690103433854,323.4318464299408,-463.34651774930353,-235.00913509559894,67.22957036909287,-45.02208494838277,200.60386267277897,-522.3477939881784,-90.08982562703258,-187.23033647385478,-330.69471031586374,23.475093434273578,-6.881310469621657,-134.31879329011616,171.83591755292986,-91.65066068592154,49.526989090978375,101.28465587544443,-155.4291388215358,-14.822092026594742
-78.06783898716765,-340.56312685986757,438.7177403444033,583.3967233542328,-216.58840649758903,251.98860676756755,-231.2953218587942,-99.51690860397626,106.95000704331582,-202.42221791302742,60.72289595899574,-203.84229628857918,-471.9804599309906,24.433186471884177,-153.97997990712966,210.6579700697948,-761.3109109188889,-206.40303891242073,-122.16120602557685,-578.8150323328639,-289.87614446000754,298.707336613524,68.62243612892541,-146.0619131001341,319.7097135714886,-376.4829661577767,538.9665757488364,273.5560299650247,-78.1598501729117,52.34989377053722,-233.32356683983423,607.7071713222325,105.10505336527991,217.84205129488817,384.8256666277813,-27.507526747315254,8.101920238428251,156.19673319590945,-199.9854391423664,106.69521270938965,-57.78413795466769,-117.93291493435079,180.70554501552687,17.061099365704845
71.64627832107075,312.5569493241868,-402.719454552498,-535.4071100018866,198.82796573990933,-231.2953218587942,212.33260953635488,91.34223794025615,-98.19536298106493,185.83595230091515,-55.84673236805568,187.04361180720653,433.17025423538087,-22.49964387901654,141.32808135823518,-193.3702699830637,698.7855395228403,189.4215688660792,112.14778926084306,531.2815646456363,265.99078273660723,-274.1124191648713,-62.982261783853374,134.02578441036542,-293.3925080009898,345.6074526578648,-494.70243723694676,-251.0834525871418,71.76503416811718,-48.09671422546501,214.1251059589088,-557.8728755291236,-96.44067565595641,-199.96425084313287,-353.23973778708165,25.278173198481266,-7.431700987771196,-143.29711419303877,183.5196367465201,-97.90042952025034,53.05461202534009,108.29889788989446,-165.8620735895219,-15.66592955311913
30.777284373179402,134.70674704705277,-173.2573549153133,-230.82319040387924,85.59200659802556,-99.51690860397626,91.34223794025615,39.409613156869,-42.18832651737348,79.8887160467301,-23.75467645302122,80.83504748778348,186.47882710416425,-9.479404238324658,60.849756273346685,-83.25747583641522,300.93637080123557,81.78083529767281,48.249760588099186,228.6749042087299,114.78911320560626,-118.28295928621812,-27.11121849630921,57.828804561009306,-126.40649623391171,148.4910532502009,-212.9603373334199,-107.99137469491025,30.80541280950947,-20.52381696095622,92.308761825905,-239.78538916241615,-41.47403376157304,-86.01643057333722,-151.900938720296,10.65425904280807,-3.148247252842809,-61.98880148458128,79.1245131093061,-42.24923732584316,22.689393586224085,46.33841437140435,-71.54444842083363,-6.842692662717909
-33.033397142178494,-144.30960269989063,186.30089194541515,247.28740652277364,-92.01248058719638,106.95000704331582,-98.19536298106493,-42.18832651737348,45.55865592975625,-86.0865222508268,26.330769953432192,-86.30082892454848,-199.9384604326411,10.666274015325719,-65.1927065146077,89.54730770787076,-323.11648210077107,-87.52263586911884,-51.93325654558493,-245.64614642995159,-122.64113086562651,126.50359194659676,29.170382062924947,-61.78030272457027,135.39258851888437,-159.7958404026728,228.74824356057658,115.99841540806669,-33.304417516672196,22.420716179998706,-98.91604131271991,258.17983498463457,44.32629722840747,92.46981483438212,163.32409005935742,-11.694441279431834,3.4014634297639756,66.02821190019962,-84.64263636084915,45.08604222268245,-24.497441167627336,-50.21340992741617,76.62955421725921,7.322060290232307
62.60327202659437,273.33392607674637,-352.53252010117205,-468.3023102055087,174.0808039677796,-202.42221791302742,185.83595230091515,79.8887160467301,-86.0865222508268,162.7963881663647,-49.36399190506973,163.51854014067973,378.75108949267764,-19.94605145641163,123.53136676244091,-169.36312920974095,611.558888369871,165.72455299990125,98.22340224315053,464.94163114248306,232.43989808355704,-239.65981736829735,-55.170438529265184,117.11347895662466,-256.5071996359408,302.43985898695354,-432.9493859604,-219.64583887894958,62.92766779457721,-42.26765638445368,187.30737007020946,-488.44160673619797,-84.1377085549266,-175.00254294750445,-309.1288439592348,22.12560674138271,-6.458709235977281,-125.19807670856379,160.3994401103979,-85.50047042480956,46.38652140252468,94.9120191640147,-145.09375162951673,-13.789386819414979
-18.538646181054936,-81.15165900758392,106.02670943954891,139.21460445145863,-52.425828783231744,60.72289595899574,-55.84673236805568,-23.75467645302122,26.330769953432192,-49.36399190506973,16.59767123217733,-48.15640886169188,-112.45394728245967,6.974909479762721,-36.58009001514365,51.151710946771665,-183.2201977875739,-49.25793757114438,-29.694045066203334,-139.35592599061187,-68.35417669759175,70.84842551178298,16.661006508682817,-34.40923744183937,75.96661006001207,-90.91512821814204,129.77119868349448,65.61089911670751,-19.29556648446887,13.37377146696451,-55.71181646455709,147.41351082288125,24.45906764889896,52.55651307788964,92.78205514804941,-6.872878454265683,1.8815774724330243,36.53038637941617,-47.31147811972194,24.996358356306313,-13.947687249327679,-29.109193848837002,43.20319442300792,4.281986662657737
62.988008350357255,276.255760548434,-354.8375896787704,-473.4470068532774,175.3358224407809,-203.84229628857918,187.04361180720653,80.83504748778348,-86.30082892454848,163.51854014067973,-48.15640886169188,166.0892455888897,382.15831288848244,-19.0835704201894,124.7085589721965,-170.57514745539027,616.731341665224,167.91651787478824,98.81589514431847,468.49297363780016,235.6433918337225,-242.780907094444,-55.55661160525987,118.68944110454972,-259.2106289940243,303.8365411402983,-436.336223845548,-221.18027210269466,62.99087322361361,-41.786585502149194,189.35127566266155,-490.7649731701555,-84.97230521454412,-176.11388446651648,-311.0177918805779,21.514485910200193,-6.373919350084262,-127.49599059569029,162.3282864460281,-86.7272124913667,46.27441603704353,94.53955095606031,-146.76258965974378,-14.131938727841291
146.53202289269996,638.3900053925292,-821.5245754960451,-1093.3065865397843,405.4543259988283,-471.9804599309906,433.17025423538087,186.47882710416425,-199.9384604326411,378.75108949267764,-112.45394728245967,382.15831288848244,885.0470947167789,-45.116962880639434,288.8136433846618,-394.17068159462076,1425.8663112085492,386.6217406808499,228.59997790210485,1084.156386880105,543.784935276092,-560.0019548610022,-128.3957630504084,274.0673930217233,-599.513797331787,705.3307413794112,-1009.4889437215413,-512.7132415771079,146.0960886479381,-97.6277378356136,437.2273013001447,-1137.7988839064499,-197.6537806853597,-408.04900817910635,-720.8833823149248,51.62843434628795,-15.302776165502227,-293.0516147580765,375.1395568482247,-200.30501774031183,108.42449725623655,220.68648951765505,-338.5503741685598,-31.67425475476106
-7.475638643377944,-32.45798189542497,42.69666282920596,55.63343280860963,-21.0873683774179,24.433186471884177,-22.49964387901654,-9.479404238324658,10.666274015325719,-19.94605145641163,6.974909479762721,-19.0835704201894,-45.116962880639434,3.010785026323938,-14.670918099827162,20.563438596313404,-73.53201060056493,-19.608037408961813,-11.965901263398111,-56.01175611858995,-27.189092306083058,28.21509567495836,6.699228001167414,-13.697721645306249,30.390440080649267,-36.74561055599286,52.141068259754476,26.412378334614328,-7.836481743511651,5.5354870158703715,-22.263665269109417,59.53897226134464,9.810307461831101,21.16634256300773,37.398080086682896,-2.9343013325692056,0.7804647550952167,14.409226832379849,-18.87941166657782,9.936388466064281,-5.709075320101905,-11.928923985035782,17.252995163059236,1.6642709102475353
47.82191369004787,208.31557482387788,-268.0009195703923,-356.728860636085,132.26507819355965,-153.97997990712966,141.32808135823518,60.849756273346685,-65.1927065146077,123.53136676244091,-36.58009001514365,124.7085589721965,288.8136433846618,-14.670918099827162,94.28341000467915,-128.55850649167013,465.16521312352035,126.14533327983257,74.57864108823345,353.69532276693343,177.46083202661947,-182.73996558374148,-41.87487617060415,89.44502462933266,-195.64789260330767,230.122125439786,-329.32293189991475,-167.27191432552206,47.63591190975495,-31.81622852808805,142.64809555788491,-371.15688570911817,-64.5516090733369,-133.13168369760956,-235.18811135032055,16.852942769691484,-5.009078280287329,-95.63823406159106,122.41627207666939,-65.38442835372588,35.38648662678015,71.96816996572457,-110.45968032479851,-10.318660833488732
-65.05957058737759,-284.6737432300459,366.86037396984887,487.8592495790179,-181.22541199929265,210.6579700697948,-193.3702699830637,-83.25747583641522,89.54730770787076,-169.36312920974095,51.151710946771665,-170.57514745539027,-394.17068159462076,20.563438596313404,-128.55850649167013,176.36526252556152,-636.7705060241148,-172.8095776791258,-102.23001777941187,-483.9552615212832,-242.23853687354787,249.78394389130375,57.44843868549497,-122.02364787764772,267.0890136100807,-314.45213093003514,450.6900572890309,228.4937291165924,-65.42640584263563,43.816472472243696,-195.12885250407177,508.0384596390567,87.45039052937969,182.08412752145452,321.58458165787073,-22.73322422758044,6.6524929435896585,130.65808011488807,-167.06571386617358,89.08574680615185,-48.077301220460534,-98.46064250382878,151.20118526875189,14.502869492126035
235.5889485332537,1029.3724837890811,-1325.5396150466195,-1763.6390143239892,654.6037873014202,-761.3109109188889,698.7855395228403,300.93637080123557,-323.11648210077107,611.558888369871,-183.2201977875739,616.731341665224,1425.8663112085492,-73.53201060056493,465.16521312352035,-636.7705060241148,2300.951488792658,624.3889721094719,369.17019106950585,1748.9724720554286,876.4151206741775,-903.2226237816395,-207.4108198919266,441.5563843296306,-966.1084107666334,1136.7911244924433,-1628.679451394493,-826.254883380387,236.07057963432902,-157.86731214560115,705.3623781049523,-1835.5474902421768,-317.1682990973436,-658.0841060182976,-1162.379251224162,82.44060652696204,-24.26031714133603,-472.6691726778646,604.4551422880519,-322.52096349310347,174.11152046777883,355.6915701474715,-546.4454871687171,-51.95549273142325
63.70406294353801,279.4844596637823,-359.36806765549153,-479.0231473921477,177.58948986679465,-206.40303891242073,189.4215688660792,81.78083529767281,-87.52263586911884,165.72455299990125,-49.25793757114438,167.91651787478824,386.6217406808499,-19.608037408961813,126.14533327983257,-172.8095776791258,624.3889721094719,169.90564017185523,100.12289318164588,474.33294585922937,238.19797148063194,-245.53044521807502,-56.28914817494667,119.97197300722058,-262.1906070237607,307.6944949479937,-441.7736050312302,-223.87954690766344,63.90356382256171,-42.509382327100255,191.58736316092305,-497.16852848263545,-85.81657705016097,-178.32680369894953,-314.9353215183157,21.854698620449785,-6.428068771402745,-128.81228407626793,164.12734430959176,-87.62642480439182,46.853308019763304,95.90279219861289,-148.50736353957305,-14.35007752390919
37.75718894967492,165.0375758411711,-212.7501311260778,-282.7814481469713,105.0769911657668,-122.16120602557685,112.14778926084306,48.249760588099186,-51.93325654558493,98.22340224315053,-29.694045066203334,98.81589514431847,228.59997790210485,-11.965901263398111,74.57864108823345,-102.23001777941187,369.17019106950585,100.12289318164588,59.294519595848286,280.61949641099585,140.39229395425826,-144.75630493049619,-33.30226283864811,70.72453057436958,-154.86582636240055,182.44171870289577,-261.31506298691727,-132.52175680053426,37.951803559344334,-25.45227905546827,113.10412829297287,-294.688913664249,-50.76980132582604,-105.61048102909704,-186.52441241954938,13.26788478120046,-3.887899915048392,-75.67248618990824,96.84926050232852,-51.63944193536937,27.94381807206101,57.1800990257602,-87.62379819340688,-8.36596268864187
179.26089787498162,782.4261402968007,-1007.7448056152172,-1340.3923619607913,497.56380160618056,-578.8150323328639,531.2815646456363,228.6749042087299,-245.64614642995159,464.94163114248306,-139.35592599061187,468.49297363780016,1084.156386880105,-56.01175611858995,353.69532276693343,-483.9552615212832,1748.9724720554286,474.33294585922937,280.61949641099585,1329.6093423588668,666.0727093305087,-686.3715275610858,-157.64182841156716,335.60170880209233,-734.4550563412499,864.6084317177183,-1238.1035684953047,-628.3107988753663,179.49741528260626,-120.14369432797365,536.0800689390675,-1395.7480928555888,-241.35340272835785,-500.3646564081433,-883.8725113144967,62.99752985691265,-18.55607249501357,-359.02044468566737,459.4692886699344,-245.14971177481928,132.6101352316523,270.70746935989484,-415.22891805983954,-39.293160709461624
89.85870020150116,392.65459856488263,-504.5051961227502,-672.6528562509457,249.12179364394194,-289.87614446000754,265.99078273660723,114.78911320560626,-122.64113086562651,232.43989808355704,-68.35417669759175,235.6433918337225,543.784935276092,-27.189092306083058,177.46083202661947,-242.23853687354787,876.4151206741775,238.19797148063194,140.39229395425826,666.0727093305087,334.87914737408573,-344.82906301582324,-78.89754105539555,168.71353576241705,-368.6284733347885,432.6142707312966,-620.2713077735606,-314.79236185931285,89.54850443420067,-59.531889818495166,269.01110295850765,-698.1506744879529,-121.30445747625201,-250.50886555729988,-442.51144377617146,31.103062522118307,-9.256447729678762,-180.867216212144,230.82274656742814,-123.33094785990772,66.21152614095055,134.84785864964334,-208.38917926822202,-19.726399795123793
-92.45676089443913,-404.48837343602213,519.9539280034697,693.0427222915357,-256.80960823478864,298.707336613524,-274.1124191648713,-118.28295928621812,126.50359194659676,-239.65981736829735,70.84842551178298,-242.780907094444,-560.0019548610022,28.21509567495836,-182.73996558374148,249.78394389130375,-903.2226237816395,-245.53044521807502,-144.75630493049619,-686.3715275610858,-344.82906301582324,355.226857076706,81.35848242776262,-173.71933741825012,379.6506116341303,-445.66671148716665,639.1954663227897,324.2397871176909,-92.37540743999705,61.46108963569366,-277.1673760374164,719.5230202418786,124.69983684435466,258.13232986816075,455.9341718403761,-31.960470676968757,9.469010681757362,186.28470837428364,-237.67130280941907,126.94586216539042,-68.10942207512356,-138.96962395510238,214.75094631150833,20.464587052814025
-21.192545938236364,-92.72462840330483,119.50052841242972,158.90718720325378,-59.0270333414313,68.62243612892541,-62.982261783853374,-27.11121849630921,29.170382062924947,-55.170438529265184,16.661006508682817,-55.55661160525987,-128.3957630504084,6.699228001167414,-41.87487617060415,57.44843868549497,-207.4108198919266,-56.28914817494667,-33.30226283864811,-157.64182841156716,-78.89754105539555,81.35848242776262,18.71906592492278,-39.744409233817144,87.00566343229767,-102.42957761774784,146.8056215250093,74.43044299383689,-21.314255722944502,14.275025510064122,-63.56090185636671,165.49292998844666,28.487828506088128,59.30751933027932,104.7556878951828,-7.408850915319969,2.1672158194746887,42.55750505445304,-54.41397371040535,29.01381955749603,-15.660044651111996,-32.07611369930316,49.23996590019902,4.720544482552562
45.304671135840934,197.84448169447222,-254.20101967597427,-338.89206840179,125.50640383474524,-146.0619131001341,134.02578441036542,57.828804561009306,-61.78030272457027,117.11347895662466,-34.40923744183937,118.68944110454972,274.0673930217233,-13.697721645306249,89.44502462933266,-122.02364787764772,441.5563843296306,119.97197300722058,70.72453057436958,335.60170880209233,168.71353576241705,-173.71933741825012,-39.744409233817144,85.03049246472776,-185.76478532529657,218.03681233421162,-312.52325864105217,-158.648965168762,45.115736606792055,-29.9939429217926,135.5214882358673,-351.7974107089593,-61.18632456907112,-126.24340061453005,-222.99738354414393,15.733040089992418,-4.675771894787214,-91.1057929827937,116.30718154785532,-62.15507674499734,33.39865092331675,67.99047122534974,-104.9743795783315,-9.900242144924723
-99.17493189956936,-432.6169987188948,556.4641328991037,741.0042922990211,-274.690103433854,319.7097135714886,-293.3925080009898,-126.40649623391171,135.39258851888437,-256.5071996359408,75.96661006001207,-259.2106289940243,-599.513797331787,30.390440080649267,-195.64789260330767,267.0890136100807,-966.1084107666334,-262.1906070237607,-154.86582636240055,-734.4550563412499,-368.6284733347885,379.6506116341303,87.00566343229767,-185.76478532529657,406.2316052614471,-477.51170772754915,683.8964414896975,347.21606900253556,-98.9106968471417,65.98571671191628,-296.3372512221283,770.4717778143978,133.7974777564406,276.36035735192615,488.2014760934584,-34.721724435845786,10.306746464443645,198.82553061838425,-254.22024032902482,135.76846118273951,-73.26862386715038,-149.21199111975355,229.4876967564511,21.58575597333072
116.88586858192404,508.4856092209969,-655.4399619756874,-870.7727324591999,323.4318464299408,-376.4829661577767,345.6074526578648,148.4910532502009,-159.7958404026728,302.43985898695354,-90.91512821814204,303.8365411402983,705.3307413794112,-36.74561055599286,230.122125439786,-314.45213093003514,1136.7911244924433,307.6944949479937,182.44171870289577,864.6084317177183,432.6142707312966,-445.66671148716665,-102.42957761774784,218.03681233421162,-477.51170772754915,563.103768091545,-805.004531071363,-408.9228261781642,116.81876474956579,-78.44791062726999,348.244762074759,-908.3901402153482,-157.39707819886243,-325.56766099711103,-575.2037500026547,41.678462069948395,-12.291407823941615,-232.72300017202275,298.6299370556278,-159.29966217325332,86.77033523606282,176.74880947488876,-269.61310209895805,-25.13831595638323
-166.87878098370925,-728.6036376594395,938.3867491722701,1248.228713093843,-463.34651774930353,538.9665757488364,-494.70243723694676,-212.9603373334199,228.74824356057658,-432.9493859604,129.77119868349448,-436.336223845548,-1009.4889437215413,52.141068259754476,-329.32293189991475,450.6900572890309,-1628.679451394493,-441.7736050312302,-261.31506298691727,-1238.1035684953047,-620.2713077735606,639.1954663227897,146.8056215250093,-312.52325864105217,683.8964414896975,-805.004531071363,1152.9173759949786,585.029903986819,-167.14237691953545,111.84833930932808,-499.225877565591,1299.6201904907887,224.67068243087925,465.9077664332172,822.9916457992078,-58.57982804816948,17.241968879714747,334.38701629604356,-427.85791278711463,228.2810301409994,-123.4188739665341,-252.0126803074188,386.6991800150476,36.643113686901174
-84.91053263189448,-369.7560776713143,476.20195862725456,633.24634845906985,-235.00913509559894,273.5560299650247,-251.0834525871418,-107.99137469491025,115.99841540806669,-219.64583887894958,65.61089911670751,-221.18027210269466,-512.7132415771079,26.412378334614328,-167.27191432552206,228.4937291165924,-826.254883380387,-223.87954690766344,-132.52175680053426,-628.3107988753663,-314.79236185931285,324.2397871176909,74.43044299383689,-158.648965168762,347.21606900253556,-408.9228261781642,585.029903986819,297.1539885391559,-84.78457070400962,56.78291646873224,-253.25659032665115,659.7175271587091,114.41955306467615,236.50233938228442,417.8624125107803,-30.057559460123557,8.868451742314775,169.53518533890403,-217.22554244240504,115.92398191662862,-62.90207851078633,-128.1350189126888,196.08875827862525,18.3353028275306
24.151009049483218,105.41349216257298,-136.15229560117905,-180.61917564959845,67.22957036909287,-78.1598501729117,71.76503416811718,30.80541280950947,-33.304417516672196,62.92766779457721,-19.29556648446887,62.99087322361361,146.0960886479381,-7.836481743511651,47.63591190975495,-65.42640584263563,236.07057963432902,63.90356382256171,37.951803559344334,179.49741528260626,89.54850443420067,-92.37540743999705,-21.314255722944502,45.115736606792055,-98.9106968471417,116.81876474956579,-167.14237691953545,-84.78457070400962,24.35688139398222,-16.42320801534962,72.24768071258208,-188.7264883354107,-32.399899083932155,-67.57968480333143,-119.37456983549488,8.59614987470034,-2.493602421223422,-48.18809903694154,61.82050363511788,-32.92207497759013,17.928035404469394,36.75126307682654,-55.96114546415714,-5.328212290410237
-16.19036887559711,-70.31603812622467,91.24259348580213,120.44487574618289,-45.02208494838277,52.34989377053722,-48.09671422546501,-20.52381696095622,22.420716179998706,-42.26765638445368,13.37377146696451,-41.786585502149194,-97.6277378356136,5.5354870158703715,-31.81622852808805,43.816472472243696,-157.86731214560115,-42.509382327100255,-25.45227905546827,-120.14369432797365,-59.531889818495166,61.46108963569366,14.275025510064122,-29.9939429217926,65.98571671191628,-78.44791062726999,111.84833930932808,56.78291646873224,-16.42320801534962,11.22712115779728,-48.1843772619901,126.72406336443571,21.625672706312237,45.29785158805078,80.03198322494538,-5.9698182321378574,1.7115441372076798,31.868982308571333,-41.17666504814357,21.869134650246913,-12.132988034230413,-24.908172646859466,37.298302394193534,3.503176928898247
72.21455359184677,315.730812237886,-406.1915153580944,-540.9589009406574,200.60386267277897,-233.32356683983423,214.1251059589088,92.308761825905,-98.91604131271991,187.30737007020946,-55.71181646455709,189.35127566266155,437.2273013001447,-22.263665269109417,142.64809555788491,-195.12885250407177,705.3623781049523,191.58736316092305,113.10412829297287,536.0800689390675,269.01110295850765,-277.1673760374164,-63.56090185636671,135.5214882358673,-296.3372512221283,348.244762074759,-499.225877565591,-253.25659032665115,72.24768071258208,-48.1843772619901,216.36011928816,-562.27516804751,-97.3133763384309,-201.65091599633234,-356.1840808052632,25.100662050966367,-7.414470337383605,-145.21552444936057,185.472295327364,-99.01150257590353,53.27695635876592,108.76914815497163,-167.61098773219695,-15.953651281628016
-188.2970428926381,-820.7306317963743,1058.1639958706767,1405.8591863872578,-522.3477939881784,607.7071713222325,-557.8728755291236,-239.78538916241615,258.17983498463457,-488.44160673619797,147.41351082288125,-490.7649731701555,-1137.7988839064499,59.53897226134464,-371.15688570911817,508.0384596390567,-1835.5474902421768,-497.16852848263545,-294.688913664249,-1395.7480928555888,-698.1506744879529,719.5230202418786,165.49292998844666,-351.7974107089593,770.4717778143978,-908.3901402153482,1299.6201904907887,659.7175271587091,-188.7264883354107,126.72406336443571,-562.27516804751,1466.2738572094534,253.3138163181127,525.4494047918262,928.2355443871445,-66.78234862477223,19.61549829384915,375.8409499032569,-481.8251955260218,256.9355127117228,-139.62213221893856,-285.0465019602438,435.43203436245125,41.017254368650804
-32.891928525015715,-142.26286431362794,182.81071584161631,243.38940623870087,-90.08982562703258,105.10505336527991,-96.44067565595641,-41.47403376157304,44.32629722840747,-84.1377085549266,24.45906764889896,-84.97230521454412,-197.6537806853597,9.810307461831101,-64.5516090733369,87.45039052937969,-317.1682990973436,-85.81657705016097,-50.76980132582604,-241.35340272835785,-121.30445747625201,124.69983684435466,28.487828506088128,-61.18632456907112,133.7974777564406,-157.39707819886243,224.67068243087925,114.41955306467615,-32.399899083932155,21.625672706312237,-97.3133763384309,253.3138163181127,44.57044656122185,90.91498508715686,160.67806614287565,-11.793741709394181,3.563241085255771,65.23237361778699,-83.73912231655243,44.786352606011,-24.421471959054138,-49.256571308043476,75.25640884730882,6.759696673310573
-67.52306951521129,-294.36310268390673,379.27924448672513,504.22183874627655,-187.23033647385478,217.84205129488817,-199.96425084313287,-86.01643057333722,92.46981483438212,-175.00254294750445,52.55651307788964,-176.11388446651648,-408.04900817910635,21.16634256300773,-133.13168369760956,182.08412752145452,-658.0841060182976,-178.32680369894953,-105.61048102909704,-500.3646564081433,-250.50886555729988,258.13232986816075,59.30751933027932,-126.24340061453005,276.36035735192615,-325.56766099711103,465.9077664332172,236.50233938228442,-67.57968480333143,45.29785158805078,-201.65091599633234,525.4494047918262,90.91498508715686,188.37380733087707,332.7192194553599,-23.86938704580508,7.044320602252483,134.92037257988318,-172.85393335379658,92.22094796357806,-50.02645525294732,-102.04641001159045,156.16920906529577,14.706531647081619
-119.32888395787425,-519.971553296179,669.9777477080669,890.606932922932,-330.69471031586374,384.8256666277813,-353.23973778708165,-151.900938720296,163.32409005935742,-309.1288439592348,92.78205514804941,-311.0177918805779,-720.8833823149248,37.398080086682896,-235.18811135032055,321.58458165787073,-1162.379251224162,-314.9353215183157,-186.52441241954938,-883.8725113144967,-442.51144377617146,455.9341718403761,104.7556878951828,-222.99738354414393,488.2014760934584,-575.2037500026547,822.9916457992078,417.8624125107803,-119.37456983549488,80.03198322494538,-356.1840808052632,928.2355443871445,160.67806614287565,332.7192194553599,587.7957935483525,-42.24784357659511,12.447565446619313,238.2900529329462,-305.35878995855694,162.90711612910061,-88.42628483804666,-180.3242642061969,275.8181123078677,25.905506251167036
8.748339296356525,36.8078486796707,-47.86307565124958,-62.79624701624175,23.475093434273578,-27.507526747315254,25.278173198481266,10.65425904280807,-11.694441279431834,22.12560674138271,-6.872878454265683,21.514485910200193,51.62843434628795,-2.9343013325692056,16.852942769691484,-22.73322422758044,82.44060652696204,21.854698620449785,13.26788478120046,62.99752985691265,31.103062522118307,-31.960470676968757,-7.408850915319969,15.733040089992418,-34.721724435845786,41.678462069948395,-58.57982804816948,-30.057559460123557,8.59614987470034,-5.9698182321378574,25.100662050966367,-66.78234862477223,-11.793741709394181,-23.86938704580508,-42.24784357659511,3.577901869692265,-1.0589873088020298,-16.39549382167972,21.62740104306835,-11.509509914372801,6.71701805280803,13.425724542961861,-19.335980315370062,-1.524439263896331
-2.6162003797849733,-10.886735416263482,14.062917358335914,18.557635874130927,-6.881310469621657,8.101920238428251,-7.431700987771196,-3.148247252842809,3.4014634297639756,-6.458709235977281,1.8815774724330243,-6.373919350084262,-15.302776165502227,0.7804647550952167,-5.009078280287329,6.6524929435896585,-24.26031714133603,-6.428068771402745,-3.887899915048392,-18.55607249501357,-9.256447729678762,9.469010681757362,2.1672158194746887,-4.675771894787214,10.306746464443645,-12.291407823941615,17.241968879714747,8.868451742314775,-2.493602421223422,1.7115441372076798,-7.414470337383605,19.61549829384915,3.563241085255771,7.044320602252483,12.447565446619313,-1.0589873088020298,0.34996135750699103,4.870381439676135,-6.425774271686972,3.439514528249195,-2.007088689370173,-3.918826657754459,5.6950094034258205,0.41830191232682973
-48.29305288115848,-211.87364119546086,271.84748309858503,363.0962761042897,-134.31879329011616,156.19673319590945,-143.29711419303877,-61.98880148458128,66.02821190019962,-125.19807670856379,36.53038637941617,-127.49599059569029,-293.0516147580765,14.409226832379849,-95.63823406159106,130.65808011488807,-472.6691726778646,-128.81228407626793,-75.67248618990824,-359.02044468566737,-180.867216212144,186.28470837428364,42.55750505445304,-91.1057929827937,198.82553061838425,-232.72300017202275,334.38701629604356,169.53518533890403,-48.18809903694154,31.868982308571333,-145.21552444936057,375.8409499032569,65.23237361778699,134.92037257988318,238.2900529329462,-16.39549382167972,4.870381439676135,97.95954238412278,-124.55882557428085,66.59041555676095,-35.40980915528316,-72.27959242601435,112.54743694396824,10.824823317831449
62.04439468986955,270.7551171945141,-348.0705548519116,-463.7635263821102,171.83591755292986,-199.9854391423664,183.5196367465201,79.1245131093061,-84.64263636084915,160.3994401103979,-47.31147811972194,162.3282864460281,375.1395568482247,-18.87941166657782,122.41627207666939,-167.06571386617358,604.4551422880519,164.12734430959176,96.84926050232852,459.4692886699344,230.82274656742814,-237.67130280941907,-54.41397371040535,116.30718154785532,-254.22024032902482,298.6299370556278,-427.85791278711463,-217.22554244240504,61.82050363511788,-41.17666504814357,185.472295327364,-481.8251955260218,-83.73912231655243,-172.85393335379658,-305.35878995855694,21.62740104306835,-6.425774271686972,-124.55882557428085,159.15741855257008,-85.0182960967448,45.79284540394282,93.22169087294725,-143.64781632386217,-13.523417253081798
-33.133871254115896,-144.56881424335583,185.6616133859015,247.6016142491591,-91.65066068592154,106.69521270938965,-97.90042952025034,-42.24923732584316,45.08604222268245,-85.50047042480956,24.996358356306313,-86.7272124913667,-200.30501774031183,9.936388466064281,-65.38442835372588,89.08574680615185,-322.52096349310347,-87.62642480439182,-51.63944193536937,-245.14971177481928,-123.33094785990772,126.94586216539042,29.01381955749603,-62.15507674499734,135.76846118273951,-159.29966217325332,228.2810301409994,115.92398191662862,-32.92207497759013,21.869134650246913,-99.01150257590353,256.9355127117228,44.786352606011,92.22094796357806,162.90711612910061,-11.509509914372801,3.439514528249195,66.59041555676095,-85.0182960967448,45.45101485539049,-24.427443241726127,-49.644545118265334,76.68537044510217,7.196067296853321
18.10312858775395,77.89896797958212,-100.56074768988303,-133.23394974558784,49.526989090978375,-57.78413795466769,53.05461202534009,22.689393586224085,-24.497441167627336,46.38652140252468,-13.947687249327679,46.27441603704353,108.42449725623655,-5.709075320101905,35.38648662678015,-48.077301220460534,174.11152046777883,46.853308019763304,27.94381807206101,132.6101352316523,66.21152614095055,-68.10942207512356,-15.660044651111996,33.39865092331675,-73.26862386715038,86.77033523606282,-123.4188739665341,-62.90207851078633,17.928035404469394,-12.132988034230413,53.27695635876592,-139.62213221893856,-24.421471959054138,-50.02645525294732,-88.42628483804666,6.71701805280803,-2.007088689370173,-35.40980915528316,45.79284540394282,-24.427443241726127,13.571617378419056,27.404139153126888,-41.17898911375674,-3.642797903900353
36.66650459471138,158.85564885229445,-205.3879015577188,-271.9487299278838,101.28465587544443,-117.93291493435079,108.29889788989446,46.33841437140435,-50.21340992741617,94.9120191640147,-29.109193848837002,94.53955095606031,220.68648951765505,-11.928923985035782,71.96816996572457,-98.46064250382878,355.6915701474715,95.90279219861289,57.1800990257602,270.70746935989484,134.84785864964334,-138.96962395510238,-32.07611369930316,67.99047122534974,-149.21199111975355,176.74880947488876,-252.0126803074188,-128.1350189126888,36.75126307682654,-24.908172646859466,108.76914815497163,-285.0465019602438,-49.256571308043476,-102.04641001159045,-180.3242642061969,13.425724542961861,-3.918826657754459,-72.27959242601435,93.22169087294725,-49.644545118265334,27.404139153126888,55.850465537176824,-84.15710847296987,-7.73585645770696
-55.865047278006614,-244.5751372630519,314.6202586480433,419.09601046742534,-155.4291388215358,180.70554501552687,-165.8620735895219,-71.54444842083363,76.62955421725921,-145.09375162951673,43.20319442300792,-146.76258965974378,-338.5503741685598,17.252995163059236,-110.45968032479851,151.20118526875189,-546.4454871687171,-148.50736353957305,-87.62379819340688,-415.22891805983954,-208.38917926822202,214.75094631150833,49.23996590019902,-104.9743795783315,229.4876967564511,-269.61310209895805,386.6991800150476,196.08875827862525,-55.96114546415714,37.298302394193534,-167.61098773219695,435.43203436245125,75.25640884730882,156.16920906529577,275.8181123078677,-19.335980315370062,5.6950094034258205,112.54743694396824,-143.64781632386217,76.68537044510217,-41.17898911375674,-84.15710847296987,129.904724831572,12.441058358310885
-5.08489374258529,-23.1545755916375,29.780746512362914,39.86279651265388,-14.822092026594742,17.061099365704845,-15.66592955311913,-6.842692662717909,7.322060290232307,-13.789386819414979,4.281986662657737,-14.131938727841291,-31.67425475476106,1.6642709102475353,-10.318660833488732,14.502869492126035,-51.95549273142325,-14.35007752390919,-8.36596268864187,-39.293160709461624,-19.726399795123793,20.464587052814025,4.720544482552562,-9.900242144924723,21.58575597333072,-25.13831595638323,36.643113686901174,18.3353028275306,-5.328212290410237,3.503176928898247,-15.953651281628016,41.017254368650804,6.759696673310573,14.706531647081619,25.905506251167036,-1.524439263896331,0.41830191232682973,10.824823317831449,-13.523417253081798,7.196067296853321,-3.642797903900353,-7.73585645770696,12.441058358310885,1.4124455631136184
