V1,V2,V3,V4,V5,V6,V7,V8,V9,V10,V11,V12,V13,V14,V15,V16,V17,V18,V19,V20,V21,V22,V23,V24,V25,V26,V27,V28,V29,V30,V31,V32,V33,V34,V35,V36,V37,V38,V39,V40,V41,V42,V43,V44
0.645535935359821,-0.32857152176248894,0.2517244942193215,-0.045132797914230006,0.10636709775064095,0.0671017628444402,-0.10275741543245807,0.054605562881188036,0.019860067185786142,0.30674914548514126,-0.1224970709791615,-0.3150023956464403,-0.36066368079819533,-0.3156882793144451,0.2430444863898569,0.06962161532036937,0.05041409635683612,0.18558793216097705,0.3465288346414103,-0.44584922134161414,-0.08722563951844924,-0.7823125503044334,0.7975548723342135,-0.15194441815393042,0.43033432974555047,-0.07397957471460109,0.3556746540436883,-0.005831673478776433,0.21051280543535447,-0.3967810695947636,-0.35996134428873267,-0.2970519539095379,0.3581659788640924,-0.8005303668389446,-0.10080407064671014,-0.007588962677012746,0.7323013618614852,-0.3175904975120272,-0.4544223041765099,-0.139846609596554,-0.29048569081121633,0.26371779937361434,-0.06061287152752247,0.36998101260495936
-0.32857152176248894,3.5879781921581677,-1.1395329867449486,0.23317606712456396,0.46945422592892183,0.6102157171667,-0.20470856455751646,-0.8881010188196029,-1.3763669298783971,-2.4233507543029402,1.4899845622251282,1.8703151444502835,0.7820158479774566,1.1983647218336062,-2.6455845589750973,0.3258157121560943,0.44670024409824544,-2.473813360977423,-2.6742414015994784,1.6455996856286252,-0.3729969636855915,5.312938047629345,-4.861122211165428,-0.8674284597547066,-1.0466924858411129,0.9900797420189941,-2.1568127901025482,0.2275985055601476,-2.639089378879612,3.8937627201011464,2.0701104774462094,2.5493715443077845,-0.8644083278943742,2.4906981568815447,0.8345066821463044,2.828415238240104,-1.6368654268363452,0.8754070749487408,2.521519015420181,1.0197233512890929,0.05643523927062267,0.23450106795726958,2.0343858457849837,-1.4163761778980473
0.2517244942193215,-1.1395329867449486,1.267489845143866,0.00277686751061095,0.03287542996830327,-0.49888572906842776,0.6778239325965355,0.2740357009062672,0.04879756213161997,1.0486547031197773,-0.574455559429817,-0.3490831778366207,0.13402989450870512,-0.4968456803503842,1.3420748627419217,0.04495497421883337,-0.45204820381134325,1.2731757698327706,1.6991682978476366,-0.6883176957473736,0.37263956528138203,-2.2666115855048297,2.2744320500428623,0.6085291979826218,0.3987223460071595,-0.5439289878305531,0.82466268857067,-0.1534762209032787,1.1070721025136339,-1.874845934655837,-0.8554397949785434,-1.2568873742649378,0.5131435028648557,-1.655057336153705,-1.0614190533544645,-1.3174929742647776,0.7256228987512713,-0.033140599536836325,-0.9877357161969924,-0.8691301771716459,-0.38230268859902417,0.08119616694441542,-0.9811615788604068,-0.028985135016835105
-0.045132797914230006,0.23317606712456396,0.00277686751061095,0.13849034324567272,0.07193457521803158,-0.005001808894291417,0.15977566536132104,-0.10959575614037194,-0.20181929013210245,-0.24587811276153757,-0.011063935343773265,0.29788990314166075,0.1045683347219691,0.03143853894543451,-0.0683251778992822,0.08817506868325575,-0.05515969653691337,-0.20193899712048297,-0.04089099267026435,0.2601206371447387,-0.027370688980716127,0.3595535140807984,-0.3181624713834087,-0.13439972453270646,-0.1853978837171568,0.08109932040002286,-0.12594653954484505,0.06640379345771714,-0.21122038884013927,0.24234866975355682,0.049666076967898466,0.075286132876215,-0.0836379545831738,-0.028450203955386003,0.08287526553866569,0.21919687770590457,-0.22670637564504814,0.1354293748734139,0.11061881854838715,-0.08499455507072891,-0.02777283517491001,0.0744498668066178,0.09041409165053188,-0.022939642265932217
0.10636709775064095,0.46945422592892183,0.03287542996830327,0.07193457521803158,0.34438923945020516,0.08320275267643637,0.21239489572274436,0.015693896775999083,-0.36786072206155424,-0.31617539200874856,0.2018873963346658,0.18283716825666593,0.05515212862277588,-0.16323546637994918,-0.0318397949943014,0.1842160916020155,0.09437263942400327,-0.289455534927367,0.05034364957822413,0.09927743630679693,0.02893533504580704,0.5381521757298575,-0.12274328732435077,-0.058589085765175714,-0.11041766853290585,0.01156871513639013,0.1841191426659597,-0.11999075825257034,-0.2156922975380341,0.1585833052663056,0.24842681608790623,0.21262633712796744,-0.020587820965653075,-0.23850408371573079,-0.020774495655570293,0.5245267314848737,0.012798391541449699,-0.0011019568150027442,-0.020365596366161667,-0.14982005983233054,-0.19870468505436703,0.44779936989784985,0.21368021412933588,0.171991260507893
0.0671017628444402,0.6102157171667,-0.49888572906842776,-0.005001808894291417,0.08320275267643637,0.4225357663986828,-0.20757066610301952,-0.018039471422278557,-0.048216250791152285,-0.3941534039206047,0.3526784949332424,0.054142254229897206,-0.31872261943332936,-0.011256612697331027,-0.41534748868957744,-0.02551661927895691,0.32262355403844706,-0.49280091499692724,-0.6797400297769355,0.067057330229405,-0.28769891598737385,0.7475292601318829,-0.7391572500226185,-0.4888590963371468,-0.026244797813622264,0.29855062518235664,-0.14953270955824421,0.05070505372033577,-0.4039701399528945,0.6141517319858996,0.2871609897894225,0.5151614361807456,-0.25182359396390863,0.3492737503201353,0.25173090367529455,0.5854987068689588,-0.10671784701595062,-0.16467593387990972,0.2944111544218769,0.2847487451161,-0.09334055435735848,0.3702306529288113,0.4580916035328643,0.027017877695074716
-0.10275741543245807,-0.20470856455751646,0.6778239325965355,0.15977566536132104,0.21239489572274436,-0.20757066610301952,0.9506472872536941,0.30677008292881175,-0.2781725217953273,0.23298842419571641,-0.22276614303684136,0.005096942964100144,0.19052585980066467,-0.6261414663213883,1.0344948688907247,0.09570624806652771,-0.16709886067230267,0.5379239464451474,1.2080281910497328,-0.2603156825899664,0.21582368646705036,-1.0152232207516305,1.2206868497982037,0.18526086044141765,-0.018640249867056105,-0.23258400473010496,0.8157543731761977,-0.11540914554927417,0.5679567900415486,-1.1395127791448492,-0.36370914600878207,-0.6422618543719363,0.10260357175794844,-1.250411736904727,-0.7208967475658801,-0.44732176399330814,0.24957617922246697,-0.054715660154650875,-0.5969044394671319,-0.8342725322770446,-0.42954704408400707,0.5917130732418548,-0.533075787824879,0.3195982769104356
0.054605562881188036,-0.8881010188196029,0.2740357009062672,-0.10959575614037194,0.015693896775999083,-0.018039471422278557,0.30677008292881175,0.6120625473728172,0.3999449434054428,0.7098095354181199,-0.2452060911750483,-0.8685853545470691,-0.30228515366867753,-0.789286784167913,1.1456534617343364,-0.17122006205896073,0.10569856426190281,0.8006028185853512,1.0371058897301335,-0.834392019536988,0.11807965991371497,-1.8059625067525624,1.8712515328584371,0.3392260178466859,0.41424469521754653,-0.34625347085395836,1.2374620593133827,-0.17439864626060606,1.0310747647482865,-1.5643216809740008,-0.465299673784894,-0.7368227061494977,0.24888109239619224,-1.033262426500979,-0.5422740853799821,-0.7993894364482408,0.7803225488603069,-0.5736185826440071,-1.0027432447308526,-0.48258882700583555,-0.24501196799484967,0.5002198414678992,-0.6556033280717928,0.829493899343713
0.019860067185786142,-1.3763669298783971,0.04879756213161997,-0.20181929013210245,-0.36786072206155424,-0.048216250791152285,-0.2781725217953273,0.3999449434054428,0.88575290888773,0.9511872256673266,-0.445554554893732,-0.9413930143395794,-0.5175903593376883,-0.3389740520147227,0.7790465210001695,-0.33582371813857786,-0.004877050600880406,0.846698488131725,0.5369537928794861,-0.6917876076981797,-0.01985973397903121,-1.9240606195151801,1.5167354806145927,0.2302261385340623,0.4810850956825181,-0.2542569388915447,0.7019514482681362,-0.024789497202334542,0.983896879419375,-1.2753407550588487,-0.7021809262634735,-0.7438654021808141,0.18410000565746776,-0.3855768706287526,-0.11724445902196025,-1.1073569858835268,0.561786505449138,-0.5156416840024943,-0.7964669745245835,-0.059632527553850796,0.1314694524963703,-0.19355681061213317,-0.6810932967388108,0.5408399301690737
0.30674914548514126,-2.4233507543029402,1.0486547031197773,-0.24587811276153757,-0.31617539200874856,-0.3941534039206047,0.23298842419571641,0.7098095354181199,0.9511872256673266,1.9595662660820223,-0.9304684511212381,-1.3718993622729903,-0.5353590418388264,-0.8621801872650764,2.00572663546328,-0.272962060309125,-0.319411827816981,2.0361520734783274,1.951503673677896,-1.5097585410690053,0.3183496594494222,-4.071574362576768,3.765637575959733,0.7616223654276,0.9106300367991588,-0.7538134232143798,1.5095599356991947,-0.22057309394217348,2.0493218859697215,-3.054220645369486,-1.4145475094257007,-1.8750013555943894,0.6508709455425893,-1.9293838644354837,-1.0964138758621278,-2.3318232981086973,1.2750624534393098,-0.6154462279813397,-1.783995939952787,-0.7651697556489425,-0.22408651335339083,-0.03612082950404013,-1.4824402804317873,0.5041476063616949
-0.1224970709791615,1.4899845622251282,-0.574455559429817,-0.011063935343773265,0.2018873963346658,0.3526784949332424,-0.22276614303684136,-0.2452060911750483,-0.445554554893732,-0.9304684511212381,0.7991374504356431,0.5257904468435229,0.2477199234764115,0.4317131298740008,-1.0785638890701152,0.06859696568747825,0.3315998685207752,-1.0043895508513105,-1.118506012323918,0.5196070616489923,-0.11543449996300476,2.174980181309099,-1.899256421169265,-0.29082056643354914,-0.32652960564449424,0.3746025205783495,-0.7157325733610236,0.048788208124689446,-0.9869549828059946,1.5527302698030414,0.9632401027137606,1.137409364078359,-0.3323438218140696,1.1306572928969894,0.29010641804239234,1.1799941145020574,-0.4623546089540465,0.19622099043060523,0.9907622046583805,0.5265389192236425,0.028027021177224047,0.1912308128089517,0.8656705066500012,-0.4399334904953209
-0.3150023956464403,1.8703151444502835,-0.3490831778366207,0.29788990314166075,0.18283716825666593,0.054142254229897206,0.005096942964100144,-0.8685853545470691,-0.9413930143395794,-1.3718993622729903,0.5257904468435229,2.042468899632848,0.7479067552724833,1.2486321619433096,-1.6178874719569232,0.33225747345954365,-0.2541301345523394,-1.4751731060939464,-1.515297360530741,1.5083847841993867,0.057663539516993344,3.307729643765461,-3.0840298178470165,-0.3393862980228851,-1.004266127464554,0.5525347365018516,-1.9965309044321862,0.18859524525263102,-1.6528757137668424,2.523210660319267,0.9632568912862709,1.285605723070817,-0.5802109289895157,1.4987209363512501,0.5617853852101479,1.1444683178788595,-1.8602467855494096,1.126416339598362,1.6162917265986574,0.49538414134194014,0.2640258151925334,-0.3546589760914637,1.025654563331577,-1.399089449007054
-0.36066368079819533,0.7820158479774566,0.13402989450870512,0.1045683347219691,0.05515212862277588,-0.31872261943332936,0.19052585980066467,-0.30228515366867753,-0.5175903593376883,-0.5353590418388264,0.2477199234764115,0.7479067552724833,0.9987538873468532,0.5970757475074916,-0.557950750042584,0.14221264590192906,-0.23476502190640774,-0.3782923468504017,-0.22602179742925146,0.6024840988813563,0.36422790081575396,1.350958660779041,-1.161738807149858,0.533709747286728,-0.48038410131317094,-0.010588812124927422,-0.7526715450620464,0.07262307395671173,-0.538539991305553,0.8834782754910556,0.7070486226686177,0.42225004546543954,0.0011329536830936157,0.7804437142576315,-0.11739931284047571,0.26446462384579106,-0.6557006952226337,0.6523137851981576,0.7130347768355844,0.10499356830711755,0.23375301673268578,-0.461856822427742,0.2370869955913134,-0.7018305178818566
-0.3156882793144451,1.1983647218336062,-0.4968456803503842,0.03143853894543451,-0.16323546637994918,-0.011256612697331027,-0.6261414663213883,-0.789286784167913,-0.3389740520147227,-0.8621801872650764,0.4317131298740008,1.2486321619433096,0.5970757475074916,1.4317844541971148,-1.7564892601238296,0.05943490551237766,-0.17860445829819707,-1.0485160340984157,-1.742761851543777,1.1187701141328785,-0.013891965290030365,2.668759678818343,-2.784242180609625,-0.04264607283869741,-0.6246598131871215,0.41477874690468003,-2.008951007635013,0.18511622699139046,-1.3369350545369136,2.2586486830866224,0.8799486765761321,1.1837651958395183,-0.41158452850328464,2.0538796186551975,0.6602963225017975,0.6958821751633062,-1.4321991575194757,0.9249658033118101,1.5708394271031734,0.9317865344817462,0.5825496517608952,-0.9794012772284392,0.856208682928266,-1.525431212836528
0.2430444863898569,-2.6455845589750973,1.3420748627419217,-0.0683251778992822,-0.0318397949943014,-0.41534748868957744,1.0344948688907247,1.1456534617343364,0.7790465210001695,2.00572663546328,-1.0785638890701152,-1.6178874719569232,-0.557950750042584,-1.7564892601238296,3.1089242954033387,-0.16467649193972406,-0.2642042875199002,2.338874992302573,3.142566065341406,-1.7649988418944365,0.4416176686145525,-5.006950441375701,4.973331846599884,0.7689131648021201,0.8925840821939188,-0.941615070503762,2.717365762055989,-0.2969100007901141,2.607247911366265,-4.127150879692081,-1.7043138141150747,-2.4312881412743708,0.7441538892366792,-3.1932854072720454,-1.5327508832463759,-2.4395771718621218,1.711084583126918,-0.9726601613575494,-2.5967581532907946,-1.5692809006708945,-0.6154862873922469,0.8205586770065124,-1.91741672346999,1.5072413526882726
0.06962161532036937,0.3258157121560943,0.04495497421883337,0.08817506868325575,0.1842160916020155,-0.02551661927895691,0.09570624806652771,-0.17122006205896073,-0.33582371813857786,-0.272962060309125,0.06859696568747825,0.33225747345954365,0.14221264590192906,0.05943490551237766,-0.16467649193972406,0.26195510273273165,-0.0418367920231369,-0.23042564633711496,-0.02570998102360244,0.24494371042849236,0.06276002182669578,0.5182244162005752,-0.3269718569341171,-0.12208017580929785,-0.17155659596729284,0.05859249838232154,-0.15668021015625633,-0.0020634203450711507,-0.3074009043357238,0.3328607109381816,0.14739981482791936,0.1026376541536804,-0.009777983565398598,-0.09669707827835304,0.07456935868818625,0.39282333356515214,-0.15305916764554292,0.1693051401620217,0.1144334398991754,-0.068699373847671,-0.03716800671599971,0.055549156811957864,0.22955198446393024,-0.12082984062142905
0.05041409635683612,0.44670024409824544,-0.45204820381134325,-0.05515969653691337,0.09437263942400327,0.32262355403844706,-0.16709886067230267,0.10569856426190281,-0.004877050600880406,-0.319411827816981,0.3315998685207752,-0.2541301345523394,-0.23476502190640774,-0.17860445829819707,-0.2642042875199002,-0.0418367920231369,0.38020700138928337,-0.36868325461448176,-0.4024415966098641,-0.05627508710940105,-0.22398772210765125,0.5237427790633163,-0.44374830520106445,-0.30363321392554715,0.052654729169123934,0.17611770774422392,0.17141144876782288,7.010380073487069e-4,-0.2473446428340206,0.37624207233194473,0.2939257291765135,0.4134749177404708,-0.1172166410964389,0.26060270231206645,0.23723488337423346,0.6124198700736243,0.2042337289364545,-0.28833597869786115,0.1375547657040819,0.21664801895567734,-0.07534681823777106,0.3591722414957406,0.3406247448152121,0.36431115324385305
0.18558793216097705,-2.473813360977423,1.2731757698327706,-0.20193899712048297,-0.289455534927367,-0.49280091499692724,0.5379239464451474,0.8006028185853512,0.846698488131725,2.0361520734783274,-1.0043895508513105,-1.4751731060939464,-0.3782923468504017,-1.0485160340984157,2.338874992302573,-0.23042564633711496,-0.36868325461448176,2.344015000335067,2.3437189875339977,-1.6396885666242833,0.3614552278563418,-4.456688666635258,4.104653375514689,0.8733163232700595,0.916238078706626,-0.8477786599859765,1.7438744139014368,-0.2340482647927185,2.237013039874085,-3.473526279882431,-1.4649304018728213,-2.1131918533710725,0.683307543155359,-2.247280135265893,-1.4572009572150608,-2.5452993819471805,1.3744832114828074,-0.5896295536872184,-1.9174646011111356,-1.0168952242317502,-0.32592128288657024,0.044332075686386405,-1.6633239055680817,0.35586075871599576
0.3465288346414103,-2.6742414015994784,1.6991682978476366,-0.04089099267026435,0.05034364957822413,-0.6797400297769355,1.2080281910497328,1.0371058897301335,0.5369537928794861,1.951503673677896,-1.118506012323918,-1.515297360530741,-0.22602179742925146,-1.742761851543777,3.142566065341406,-0.02570998102360244,-0.4024415966098641,2.3437189875339977,3.6493620251625076,-1.5799027468890334,0.6357037980655272,-4.941524376079419,5.030296500986214,0.9562025170125574,0.8482405509690883,-1.0677139690663289,2.7930005481743883,-0.3018886650593362,2.548324856995166,-4.101694388120822,-1.757314224043792,-2.565311415675843,1.0034991696636726,-3.4445594638583605,-1.5584094708543765,-2.2683945315312077,1.94118001296855,-0.8383537234459297,-2.622776647813847,-1.7495331065390902,-0.6307695630557921,0.6710792018469306,-2.0214512865815535,1.7220701918498815
-0.44584922134161414,1.6455996856286252,-0.6883176957473736,0.2601206371447387,0.09927743630679693,0.067057330229405,-0.2603156825899664,-0.834392019536988,-0.6917876076981797,-1.5097585410690053,0.5196070616489923,1.5083847841993867,0.6024840988813563,1.1187701141328785,-1.7649988418944365,0.24494371042849236,-0.05627508710940105,-1.6396885666242833,-1.5799027468890334,1.7145820189150243,-0.13681677210678161,3.4887772936146444,-3.329712628164967,-0.5355822407081712,-0.9911459661042196,0.5729763369944282,-1.6840004484773745,0.2345661927682484,-1.738766112599648,2.685453253328689,0.9320784693058921,1.4095762281768571,-0.6145165731541198,1.8516968437535761,1.1517775504218555,1.6550948569218615,-1.5355149546924953,0.8811416636036828,1.617141987945582,0.6685421958227669,0.4706433433806546,-0.5232150885211394,1.054173315926623,-0.666581429136666
-0.08722563951844924,-0.3729969636855915,0.37263956528138203,-0.027370688980716127,0.02893533504580704,-0.28769891598737385,0.21582368646705036,0.11807965991371497,-0.01985973397903121,0.3183496594494222,-0.11543449996300476,0.057663539516993344,0.36422790081575396,-0.013891965290030365,0.4416176686145525,0.06276002182669578,-0.22398772210765125,0.3614552278563418,0.6357037980655272,-0.13681677210678161,0.4702578966937904,-0.503700307038637,0.7653030215402766,0.5986737173032501,-0.037448757827371386,-0.3020396783872711,0.22714724825507113,-0.1087501209690882,0.42994747832951846,-0.5471616654027348,-0.038285499519353734,-0.3775588390286563,0.23035744367325314,-0.3288604608139577,-0.38201585899248214,-0.5719591855576972,0.017421864371503545,0.12853813701136485,-0.3417386265918948,-0.2497426619089311,0.06747743246823874,-0.12542318759231647,-0.34002092365069214,0.04977275665258517
-0.7823125503044334,5.312938047629345,-2.2666115855048297,0.3595535140807984,0.5381521757298575,0.7475292601318829,-1.0152232207516305,-1.8059625067525624,-1.9240606195151801,-4.071574362576768,2.174980181309099,3.307729643765461,1.350958660779041,2.668759678818343,-5.006950441375701,0.5182244162005752,0.5237427790633163,-4.456688666635258,-4.941524376079419,3.4887772936146444,-0.503700307038637,9.546021977314775,-8.767806191753467,-1.2716122902188196,-2.066664274877811,1.5851142401957876,-4.190603436971339,0.38698231842240605,-4.6403272941952185,7.184617513068477,3.3466865892057487,4.421291661015213,-1.526474403475459,5.156506059627062,2.465520103257628,4.785378527526893,-3.331437970466717,1.7873303291432099,4.411358625081008,2.199249794907024,0.8505673946773602,-0.6071400240430556,3.3900573128446245,-2.09227868117652
0.7975548723342135,-4.861122211165428,2.2744320500428623,-0.3181624713834087,-0.12274328732435077,-0.7391572500226185,1.2206868497982037,1.8712515328584371,1.5167354806145927,3.765637575959733,-1.899256421169265,-3.0840298178470165,-1.161738807149858,-2.784242180609625,4.973331846599884,-0.3269718569341171,-0.44374830520106445,4.104653375514689,5.030296500986214,-3.329712628164967,0.7653030215402766,-8.767806191753467,8.830054816463916,1.4613842764742635,1.8613673187512594,-1.7332211739349679,4.440740571128803,-0.6263020586448702,4.508578382743166,-7.0353554027970775,-2.9487972145426182,-4.124798717304195,1.5249830327159422,-5.296964978486101,-2.418411607206448,-4.224557126232588,3.2852427951252077,-1.6948292277566266,-4.482951073172444,-2.311123549555691,-0.9399100998011103,1.0306171720094848,-3.1641805258703775,2.454851136175181
-0.15194441815393042,-0.8674284597547066,0.6085291979826218,-0.13439972453270646,-0.058589085765175714,-0.4888590963371468,0.18526086044141765,0.3392260178466859,0.2302261385340623,0.7616223654276,-0.29082056643354914,-0.3393862980228851,0.533709747286728,-0.04264607283869741,0.7689131648021201,-0.12208017580929785,-0.30363321392554715,0.8733163232700595,0.9562025170125574,-0.5355822407081712,0.5986737173032501,-1.2716122902188196,1.4613842764742635,1.3140975300292919,0.13089440545997158,-0.5860467498486971,0.4919858204905104,-0.23273059493034787,0.9147906881819942,-1.2158435291461178,-0.020891750339510427,-0.6999894837386419,0.450259743416854,-0.3079032749033537,-0.7497256412542449,-1.2751152073372731,0.1843144908704419,0.09619933919973878,-0.6447416706221925,-0.2899857749698114,0.15660198319158658,-0.32049636754621097,-0.7599299873402707,-0.05517196766555537
0.43033432974555047,-1.0466924858411129,0.3987223460071595,-0.1853978837171568,-0.11041766853290585,-0.026244797813622264,-0.018640249867056105,0.41424469521754653,0.4810850956825181,0.9106300367991588,-0.32652960564449424,-1.004266127464554,-0.48038410131317094,-0.6246598131871215,0.8925840821939188,-0.17155659596729284,0.052654729169123934,0.916238078706626,0.8482405509690883,-0.9911459661042196,-0.037448757827371386,-2.066664274877811,1.8613673187512594,0.13089440545997158,0.7231997657242517,-0.30096087063005217,0.9192939986980085,-0.07851427868274655,0.9426118152659924,-1.4425008459569202,-0.6862439883009847,-0.7764318315059452,0.4247860609408552,-1.0733195530905522,-0.5068260203877984,-0.8101637186561946,1.120116810521147,-0.599791323394126,-0.8921375251246411,-0.29854354290176793,-0.2799280648765547,0.20247863050967055,-0.5623021542061187,0.47771436814805873
-0.07397957471460109,0.9900797420189941,-0.5439289878305531,0.08109932040002286,0.01156871513639013,0.29855062518235664,-0.23258400473010496,-0.34625347085395836,-0.2542569388915447,-0.7538134232143798,0.3746025205783495,0.5525347365018516,-0.010588812124927422,0.41477874690468003,-0.941615070503762,0.05859249838232154,0.17611770774422392,-0.8477786599859765,-1.0677139690663289,0.5729763369944282,-0.3020396783872711,1.5851142401957876,-1.7332211739349679,-0.5860467498486971,-0.30096087063005217,0.48049218674246713,-0.8015302167458878,0.17301045125539224,-0.9146940346522073,1.3681791967266863,0.4634454645939315,0.7925589341067192,-0.3629296579974312,0.8793282313203558,0.5247796100792603,0.9085881181519267,-0.5709135106707091,0.1824846989073538,0.8375198577687705,0.441782876802688,0.07107585685812765,-0.017827891941508668,0.6828986163263079,-0.37524603501498827
0.3556746540436883,-2.1568127901025482,0.82466268857067,-0.12594653954484505,0.1841191426659597,-0.14953270955824421,0.8157543731761977,1.2374620593133827,0.7019514482681362,1.5095599356991947,-0.7157325733610236,-1.9965309044321862,-0.7526715450620464,-2.008951007635013,2.717365762055989,-0.15668021015625633,0.17141144876782288,1.7438744139014368,2.7930005481743883,-1.6840004484773745,0.22714724825507113,-4.190603436971339,4.440740571128803,0.4919858204905104,0.9192939986980085,-0.8015302167458878,3.099387229407283,-0.36273488528620246,2.2258438375242515,-3.6062200929152803,-1.3111563982162973,-1.899165348951815,0.7304840669247905,-2.889580083983544,-0.993091523758717,-1.3597372063585242,2.1104560717852903,-1.3393203269479563,-2.5040918349857497,-1.345314390827632,-0.6554855103661905,1.196914777276446,-1.5014242235324897,2.3677388771112446
-0.005831673478776433,0.2275985055601476,-0.1534762209032787,0.06640379345771714,-0.11999075825257034,0.05070505372033577,-0.11540914554927417,-0.17439864626060606,-0.024789497202334542,-0.22057309394217348,0.048788208124689446,0.18859524525263102,0.07262307395671173,0.18511622699139046,-0.2969100007901141,-0.0020634203450711507,7.010380073487069e-4,-0.2340482647927185,-0.3018886650593362,0.2345661927682484,-0.1087501209690882,0.38698231842240605,-0.6263020586448702,-0.23273059493034787,-0.07851427868274655,0.17301045125539224,-0.36273488528620246,0.21280312294110382,-0.2920979058561185,0.5065146549189211,0.06254333282798255,0.1679818517439305,-0.059799074310605486,0.3032438851132255,0.1740214422243811,0.2018555162499018,-0.14440767083672015,0.08073145843272442,0.30566524483369606,0.14758915440795062,0.07435949307796512,-0.1664125317858711,0.18011981378818967,-0.14034075302359067
0.21051280543535447,-2.639089378879612,1.1070721025136339,-0.21122038884013927,-0.2156922975380341,-0.4039701399528945,0.5679567900415486,1.0310747647482865,0.983896879419375,2.0493218859697215,-0.9869549828059946,-1.6528757137668424,-0.538539991305553,-1.3369350545369136,2.607247911366265,-0.3074009043357238,-0.2473446428340206,2.237013039874085,2.548324856995166,-1.738766112599648,0.42994747832951846,-4.6403272941952185,4.508578382743166,0.9147906881819942,0.9426118152659924,-0.9146940346522073,2.2258438375242515,-0.2920979058561185,2.460959595016295,-3.6974680981346073,-1.5068647801562982,-2.1408984774278554,0.7205656952388301,-2.447737960135798,-1.3231274294560715,-2.496856296080408,1.551934669197904,-0.8655241834429449,-2.2561492341725113,-1.1129344834952979,-0.3538756886358431,0.3698418819369281,-1.7605483627886958,1.1387833486982915
-0.3967810695947636,3.8937627201011464,-1.874845934655837,0.24234866975355682,0.1585833052663056,0.6141517319858996,-1.1395127791448492,-1.5643216809740008,-1.2753407550588487,-3.054220645369486,1.5527302698030414,2.523210660319267,0.8834782754910556,2.2586486830866224,-4.127150879692081,0.3328607109381816,0.37624207233194473,-3.473526279882431,-4.101694388120822,2.685453253328689,-0.5471616654027348,7.184617513068477,-7.0353554027970775,-1.2158435291461178,-1.4425008459569202,1.3681791967266863,-3.6062200929152803,0.5065146549189211,-3.6974680981346073,5.849379289203185,2.3822217198272777,3.3731277721675235,-1.091547736911113,4.174592031545378,2.136784033540617,3.6011740183347545,-2.481792997928685,1.3412142670074594,3.5461363895998463,1.9360939634697456,0.7585535174765504,-0.8276427185578059,2.675552245422131,-1.711468090749907
-0.35996134428873267,2.0701104774462094,-0.8554397949785434,0.049666076967898466,0.24842681608790623,0.2871609897894225,-0.36370914600878207,-0.465299673784894,-0.7021809262634735,-1.4145475094257007,0.9632401027137606,0.9632568912862709,0.7070486226686177,0.8799486765761321,-1.7043138141150747,0.14739981482791936,0.2939257291765135,-1.4649304018728213,-1.757314224043792,0.9320784693058921,-0.038285499519353734,3.3466865892057487,-2.9487972145426182,-0.020891750339510427,-0.6862439883009847,0.4634454645939315,-1.3111563982162973,0.06254333282798255,-1.5068647801562982,2.3822217198272777,1.6075416189910672,1.6085022382344392,-0.44306414368501945,1.991822221331782,0.524802783038882,1.551203936650076,-1.0717099408720627,0.5775011951545994,1.514529579696136,0.823992837682472,0.29412410390878974,-0.12087491906097728,1.2131726612783231,-0.8807140745015529
-0.2970519539095379,2.5493715443077845,-1.2568873742649378,0.075286132876215,0.21262633712796744,0.5151614361807456,-0.6422618543719363,-0.7368227061494977,-0.7438654021808141,-1.8750013555943894,1.137409364078359,1.285605723070817,0.42225004546543954,1.1837651958395183,-2.4312881412743708,0.1026376541536804,0.4134749177404708,-2.1131918533710725,-2.565311415675843,1.4095762281768571,-0.3775588390286563,4.421291661015213,-4.124798717304195,-0.6999894837386419,-0.7764318315059452,0.7925589341067192,-1.899165348951815,0.1679818517439305,-2.1408984774278554,3.3731277721675235,1.6085022382344392,2.249684843090009,-0.7419777968367068,2.55863720829905,1.1649049483141523,2.300786274665593,-1.3670161795867612,0.6165161000194015,2.1007032223441113,1.1868459469084904,0.3537568338283149,-0.16411838885861224,1.6754655577294544,-0.931320452400124
0.3581659788640924,-0.8644083278943742,0.5131435028648557,-0.0836379545831738,-0.020587820965653075,-0.25182359396390863,0.10260357175794844,0.24888109239619224,0.18410000565746776,0.6508709455425893,-0.3323438218140696,-0.5802109289895157,0.0011329536830936157,-0.41158452850328464,0.7441538892366792,-0.009777983565398598,-0.1172166410964389,0.683307543155359,1.0034991696636726,-0.6145165731541198,0.23035744367325314,-1.526474403475459,1.5249830327159422,0.450259743416854,0.4247860609408552,-0.3629296579974312,0.7304840669247905,-0.059799074310605486,0.7205656952388301,-1.091547736911113,-0.44306414368501945,-0.7419777968367068,0.5651239232630683,-0.9394709013724584,-0.41491845092351654,-0.6339269345142329,0.842322700405648,-0.279498512071727,-0.7845939621096367,-0.35643980936944353,-0.13051811685062434,-0.005686410932262835,-0.5311096196359085,0.5385482169402523
-0.8005303668389446,2.4906981568815447,-1.655057336153705,-0.028450203955386003,-0.23850408371573079,0.3492737503201353,-1.250411736904727,-1.033262426500979,-0.3855768706287526,-1.9293838644354837,1.1306572928969894,1.4987209363512501,0.7804437142576315,2.0538796186551975,-3.1932854072720454,-0.09669707827835304,0.26060270231206645,-2.247280135265893,-3.4445594638583605,1.8516968437535761,-0.3288604608139577,5.156506059627062,-5.296964978486101,-0.3079032749033537,-1.0733195530905522,0.8793282313203558,-2.889580083983544,0.3032438851132255,-2.447737960135798,4.174592031545378,1.991822221331782,2.55863720829905,-0.9394709013724584,4.133354111653599,1.5508225866097396,1.9765007026539019,-2.1695747053202767,1.0622959107379917,2.797589147107632,1.8434925844396373,1.0317174005479477,-1.2365599547056847,1.7540196472087421,-1.7512004588799206
-0.10080407064671014,0.8345066821463044,-1.0614190533544645,0.08287526553866569,-0.020774495655570293,0.25173090367529455,-0.7208967475658801,-0.5422740853799821,-0.11724445902196025,-1.0964138758621278,0.29010641804239234,0.5617853852101479,-0.11739931284047571,0.6602963225017975,-1.5327508832463759,0.07456935868818625,0.23723488337423346,-1.4572009572150608,-1.5584094708543765,1.1517775504218555,-0.38201585899248214,2.465520103257628,-2.418411607206448,-0.7497256412542449,-0.5068260203877984,0.5247796100792603,-0.993091523758717,0.1740214422243811,-1.3231274294560715,2.136784033540617,0.524802783038882,1.1649049483141523,-0.41491845092351654,1.5508225866097396,1.6228120373114439,1.6450019941731369,-0.7479500886784535,0.20862826012906138,1.0028212389012705,0.8237799334275696,0.49373378727316103,-0.4222972173226141,0.9383150375035056,0.40302043547975624
-0.007588962677012746,2.828415238240104,-1.3174929742647776,0.21919687770590457,0.5245267314848737,0.5854987068689588,-0.44732176399330814,-0.7993894364482408,-1.1073569858835268,-2.3318232981086973,1.1799941145020574,1.1444683178788595,0.26446462384579106,0.6958821751633062,-2.4395771718621218,0.39282333356515214,0.6124198700736243,-2.5452993819471805,-2.2683945315312077,1.6550948569218615,-0.5719591855576972,4.785378527526893,-4.224557126232588,-1.2751152073372731,-0.8101637186561946,0.9085881181519267,-1.3597372063585242,0.2018555162499018,-2.496856296080408,3.6011740183347545,1.551203936650076,2.300786274665593,-0.6339269345142329,1.9765007026539019,1.6450019941731369,3.4429199041756715,-0.8214128807940864,0.37041730979686543,1.9366621862021822,0.9305088617517447,0.10830950847911451,0.28476553619518113,1.9423736683691504,0.07514923380882985
0.7323013618614852,-1.6368654268363452,0.7256228987512713,-0.22670637564504814,0.012798391541449699,-0.10671784701595062,0.24957617922246697,0.7803225488603069,0.561786505449138,1.2750624534393098,-0.4623546089540465,-1.8602467855494096,-0.6557006952226337,-1.4321991575194757,1.711084583126918,-0.15305916764554292,0.2042337289364545,1.3744832114828074,1.94118001296855,-1.5355149546924953,0.017421864371503545,-3.331437970466717,3.2852427951252077,0.1843144908704419,1.120116810521147,-0.5709135106707091,2.1104560717852903,-0.14440767083672015,1.551934669197904,-2.481792997928685,-1.0717099408720627,-1.3670161795867612,0.842322700405648,-2.1695747053202767,-0.7479500886784535,-0.8214128807940864,2.317891411821326,-1.1448980858128892,-1.6933242865500089,-0.7693085317826643,-0.5884451719775043,0.6359808722022922,-0.9623310600024303,1.6081744945887047
-0.3175904975120272,0.8754070749487408,-0.033140599536836325,0.1354293748734139,-0.0011019568150027442,-0.16467593387990972,-0.054715660154650875,-0.5736185826440071,-0.5156416840024943,-0.6154462279813397,0.19622099043060523,1.126416339598362,0.6523137851981576,0.9249658033118101,-0.9726601613575494,0.1693051401620217,-0.28833597869786115,-0.5896295536872184,-0.8383537234459297,0.8811416636036828,0.12853813701136485,1.7873303291432099,-1.6948292277566266,0.09619933919973878,-0.599791323394126,0.1824846989073538,-1.3393203269479563,0.08073145843272442,-0.8655241834429449,1.3412142670074594,0.5775011951545994,0.6165161000194015,-0.279498512071727,1.0622959107379917,0.20862826012906138,0.37041730979686543,-1.1448980858128892,0.8933149398763561,1.0171162022251325,0.3511443279884512,0.3046273611753557,-0.6067223240916031,0.46516290252787895,-1.2194374663501255
-0.4544223041765099,2.521519015420181,-0.9877357161969924,0.11061881854838715,-0.020365596366161667,0.2944111544218769,-0.5969044394671319,-1.0027432447308526,-0.7964669745245835,-1.783995939952787,0.9907622046583805,1.6162917265986574,0.7130347768355844,1.5708394271031734,-2.5967581532907946,0.1144334398991754,0.1375547657040819,-1.9174646011111356,-2.622776647813847,1.617141987945582,-0.3417386265918948,4.411358625081008,-4.482951073172444,-0.6447416706221925,-0.8921375251246411,0.8375198577687705,-2.5040918349857497,0.30566524483369606,-2.2561492341725113,3.5461363895998463,1.514529579696136,2.1007032223441113,-0.7845939621096367,2.797589147107632,1.0028212389012705,1.9366621862021822,-1.6933242865500089,1.0171162022251325,2.469147482704769,1.2191017718079913,0.46099538460473694,-0.7036597418084528,1.5860019988573704,-1.7335875689820974
-0.139846609596554,1.0197233512890929,-0.8691301771716459,-0.08499455507072891,-0.14982005983233054,0.2847487451161,-0.8342725322770446,-0.48258882700583555,-0.059632527553850796,-0.7651697556489425,0.5265389192236425,0.49538414134194014,0.10499356830711755,0.9317865344817462,-1.5692809006708945,-0.068699373847671,0.21664801895567734,-1.0168952242317502,-1.7495331065390902,0.6685421958227669,-0.2497426619089311,2.199249794907024,-2.311123549555691,-0.2899857749698114,-0.29854354290176793,0.441782876802688,-1.345314390827632,0.14758915440795062,-1.1129344834952979,1.9360939634697456,0.823992837682472,1.1868459469084904,-0.35643980936944353,1.8434925844396373,0.8237799334275696,0.9305088617517447,-0.7693085317826643,0.3511443279884512,1.2191017718079913,1.0220838465828757,0.46005637353876405,-0.5826376110807859,0.9035981352382403,-0.7381074695485488
-0.29048569081121633,0.05643523927062267,-0.38230268859902417,-0.02777283517491001,-0.19870468505436703,-0.09334055435735848,-0.42954704408400707,-0.24501196799484967,0.1314694524963703,-0.22408651335339083,0.028027021177224047,0.2640258151925334,0.23375301673268578,0.5825496517608952,-0.6154862873922469,-0.03716800671599971,-0.07534681823777106,-0.32592128288657024,-0.6307695630557921,0.4706433433806546,0.06747743246823874,0.8505673946773602,-0.9399100998011103,0.15660198319158658,-0.2799280648765547,0.07107585685812765,-0.6554855103661905,0.07435949307796512,-0.3538756886358431,0.7585535174765504,0.29412410390878974,0.3537568338283149,-0.13051811685062434,1.0317174005479477,0.49373378727316103,0.10830950847911451,-0.5884451719775043,0.3046273611753557,0.46099538460473694,0.46005637353876405,0.5056004705728037,-0.6536021632944881,0.1976949687806909,-0.28442908190967414
0.26371779937361434,0.23450106795726958,0.08119616694441542,0.0744498668066178,0.44779936989784985,0.3702306529288113,0.5917130732418548,0.5002198414678992,-0.19355681061213317,-0.03612082950404013,0.1912308128089517,-0.3546589760914637,-0.461856822427742,-0.9794012772284392,0.8205586770065124,0.055549156811957864,0.3591722414957406,0.044332075686386405,0.6710792018469306,-0.5232150885211394,-0.12542318759231647,-0.6071400240430556,1.0306171720094848,-0.32049636754621097,0.20247863050967055,-0.017827891941508668,1.196914777276446,-0.1664125317858711,0.3698418819369281,-0.8276427185578059,-0.12087491906097728,-0.16411838885861224,-0.005686410932262835,-1.2365599547056847,-0.4222972173226141,0.28476553619518113,0.6359808722022922,-0.6067223240916031,-0.7036597418084528,-0.5826376110807859,-0.6536021632944881,1.3420305660183593,-0.07753032790928938,0.9433581591923781
-0.06061287152752247,2.0343858457849837,-0.9811615788604068,0.09041409165053188,0.21368021412933588,0.4580916035328643,-0.533075787824879,-0.6556033280717928,-0.6810932967388108,-1.4824402804317873,0.8656705066500012,1.025654563331577,0.2370869955913134,0.856208682928266,-1.91741672346999,0.22955198446393024,0.3406247448152121,-1.6633239055680817,-2.0214512865815535,1.054173315926623,-0.34002092365069214,3.3900573128446245,-3.1641805258703775,-0.7599299873402707,-0.5623021542061187,0.6828986163263079,-1.5014242235324897,0.18011981378818967,-1.7605483627886958,2.675552245422131,1.2131726612783231,1.6754655577294544,-0.5311096196359085,1.7540196472087421,0.9383150375035056,1.9423736683691504,-0.9623310600024303,0.46516290252787895,1.5860019988573704,0.9035981352382403,0.1976949687806909,-0.07753032790928938,1.4474319801251296,-0.7600508510895765
0.36998101260495936,-1.4163761778980473,-0.028985135016835105,-0.022939642265932217,0.171991260507893,0.027017877695074716,0.3195982769104356,0.829493899343713,0.5408399301690737,0.5041476063616949,-0.4399334904953209,-1.399089449007054,-0.7018305178818566,-1.525431212836528,1.5072413526882726,-0.12082984062142905,0.36431115324385305,0.35586075871599576,1.7220701918498815,-0.666581429136666,0.04977275665258517,-2.09227868117652,2.454851136175181,-0.05517196766555537,0.47771436814805873,-0.37524603501498827,2.3677388771112446,-0.14034075302359067,1.1387833486982915,-1.711468090749907,-0.8807140745015529,-0.931320452400124,0.5385482169402523,-1.7512004588799206,0.40302043547975624,0.07514923380882985,1.6081744945887047,-1.2194374663501255,-1.7335875689820974,-0.7381074695485488,-0.28442908190967414,0.9433581591923781,-0.7600508510895765,3.201340227506081
