V1,V2,V3,V4,V5,V6,V7,V8,V9,V10,V11,V12,V13,V14,V15,V16,V17,V18,V19,V20,V21,V22,V23,V24,V25,V26,V27,V28,V29,V30,V31,V32,V33,V34,V35,V36,V37,V38,V39,V40,V41,V42,V43,V44
0.40342000279157847,-1.10262687852319,0.6090883390362639,0.4153775358711359,-0.9493394565433346,0.33009270150212094,-0.2164264686808275,0.26339279985230424,0.4384382284107671,0.6366198819888774,-0.6794773030075764,0.005276900777439965,-0.23519545734349345,0.5261155838823838,0.32506151579216574,-0.7987073767083591,-0.037545996518514736,0.567688696841372,-0.5871107960811272,-0.3507872611788954,0.7174830347070518,0.8025569190409292,-0.11549460031314124,0.11044580768924002,0.025916052502492574,0.8602850998932879,0.3953442238309009,0.766447715976265,1.0377751797347246,0.17249584836224147,-0.9259151327383945,1.3237046973561153,1.2247176778427122,0.20564835278058347,-1.1126731436769612,0.11848113349978041,0.338648040291642,1.113262376788738,0.4259827923021523,0.010869703383762842,1.3559660933270619,0.4642063562061366,0.10840958465154182,0.35622786153219493
-1.10262687852319,11.834147749641062,-10.308681465546622,-6.92973719019564,10.909663411443056,-3.4833339673676798,-4.3890664022458985,-3.97389881217358,-3.0008175389264364,-13.152179305176512,3.9521612525670986,1.2001807047719435,0.4793738751282942,-6.726892173193398,-1.0752585432322788,14.153714234235363,-0.4849200206630666,-1.9935133582013127,8.329498855784525,4.565036208521217,-9.356315089160585,-5.881654683282872,-2.860850430411602,-1.967327914125551,-2.937869154674577,-13.147156492193846,-0.932905127247063,-11.406645299143634,-13.345901670568736,-0.3660051800171536,13.040753332381898,-15.833845874201723,-15.623023074686262,-3.701585981286293,13.53075243262504,-11.181984708101188,-4.343578172998029,-17.913553584336647,-5.391976231991526,-2.674113180508664,-14.068618557155215,-2.3173667387033965,1.5275286446886616,-3.6693940069698554
0.6090883390362639,-10.308681465546622,9.655241467658987,6.209458594534556,-9.827774801876524,3.1044498275244057,4.496986439851785,3.8456279901890964,2.3897871680995477,12.19474091854356,-3.0583276529095818,-1.302690773033191,-0.20006013629593664,5.483093672422721,0.619546206888272,-12.98521978835333,0.5811318707840829,1.16655940195361,-7.607288828113063,-4.1611363426914645,8.502446412479587,4.558095200166512,3.060117078659266,1.983135581444796,2.8670887629966235,11.939063396199648,0.3079632611430529,10.163445281932251,11.982594059310301,-0.03294271732772593,-11.673454432450429,13.972673150216893,14.004758545571574,3.1885113037120005,-11.882707407471743,10.698619265614568,3.7854385056333792,16.123443378982518,4.824690445653236,2.6405571828794012,12.109660513963933,1.5606731273564522,-1.4864999365385936,3.152656751558803
0.4153775358711359,-6.92973719019564,6.209458594534556,4.557051358393263,-6.047331138264533,2.019172702935795,3.473518202829989,2.2001256595536556,1.5815575404866207,8.47703221670828,-1.9180464326490363,-0.6156438671026127,0.04026802980976708,4.658402829486092,0.5084578014447353,-8.91964360633902,0.36656666943922356,0.7514691373313442,-5.075664387636671,-2.7326568132295397,5.499163329176596,3.3960685032508504,2.2296871244878815,0.9977890510628261,2.07127465213531,8.06664061053666,0.24924632150427645,7.2831008876551655,7.982889411177962,0.24344288952104012,-7.922385325073803,9.487296679194563,9.310291015958327,2.4797629991002204,-8.158913374403339,7.939926133057619,2.658099306211338,11.325745499529676,3.0699012164458415,1.906239530384451,8.265832605766246,1.3499629027528204,-1.3675668005982953,2.19900859141031
-0.9493394565433346,10.909663411443056,-9.827774801876524,-6.047331138264533,10.748033590534904,-3.3523289265239775,-3.672007030452409,-4.127065351141329,-2.7649390554458093,-11.9317020481212,3.7311261547821286,1.3683658124900444,0.6750436360770824,-5.153494087084004,-0.8360437441869231,12.941366832147356,-0.4972239828949828,-1.7943734455548732,7.769145687061807,4.301877441153753,-8.936582538213546,-5.028049668583405,-2.477344017189676,-2.2300129200064194,-2.5779993918167277,-12.252642062912859,-0.7668677723635539,-10.104909728448208,-12.452462997632356,-0.04900299057837373,12.067253412903053,-14.558664154445797,-14.617337643223992,-3.088491721826269,12.38323928612365,-9.649348116827708,-3.85106289960286,-16.208428313843733,-5.153860610469054,-2.3518606086758216,-12.909096875687666,-1.764819950039046,1.015760363075029,-3.3330719220209977
0.33009270150212094,-3.4833339673676798,3.1044498275244057,2.019172702935795,-3.3523289265239775,1.110514474002596,1.245128767342099,1.3027793328294694,0.8775733427649046,3.8782409316557613,-1.154490115814071,-0.3779684592109679,-0.20038261449330766,1.7586348154667397,0.30024635333682137,-4.172859792388416,0.17592915422196714,0.5457658355060088,-2.507378304771883,-1.3866438104869856,2.8458487826560708,1.6349330840958474,0.8516296485933535,0.6868441137764706,0.8595455425101286,3.9544250021140397,0.22552092289395004,3.3215342571090023,3.9940843468469405,0.04654485757350221,-3.872395140420356,4.686437975319623,4.678299031379275,1.0148276908848768,-3.986249844052418,3.2002336503559228,1.214156353777353,5.288390750743509,1.5782137827092422,0.7850973874969336,4.161213538888035,0.6150781829212735,-0.3559280379329444,1.0987688181842208
-0.2164264686808275,-4.3890664022458985,4.496986439851785,3.473518202829989,-3.672007030452409,1.245128767342099,3.593070662645408,1.3985120882164424,0.6636658910998999,6.593254904206381,-0.6035649761030244,-0.4256057424326849,0.5118506481448735,3.5692302876214073,-0.024154818053351217,-6.719718093320436,0.3963186262075005,-0.2713661802908784,-3.609044866735973,-1.8783827814782599,3.7229151704726915,1.8191079234497978,2.318353729375265,0.5349888718409158,1.816037497663484,5.77620061172477,-0.4024723432719317,5.334410889952114,5.4222507066196926,-0.014154116677726557,-5.4843830776595786,6.332580886101093,6.3028407990419355,1.9241326325555421,-5.472681595571076,7.089165358129282,1.8490943297624722,8.35528329144431,1.998508466759492,1.7591156408384228,5.206111863394732,0.5712909705556379,-1.4922501336575458,1.4212995126836128
0.26339279985230424,-3.97389881217358,3.8456279901890964,2.2001256595536556,-4.127065351141329,1.3027793328294694,1.3985120882164424,1.784565385741033,0.9647141120104776,4.517546682672704,-1.2400987042054383,-0.6442377731515085,-0.23481150740045673,1.4634290361978084,0.21713173446251943,-4.828040631492967,0.2547624280984515,0.4701219841225463,-2.9478815607751154,-1.6305980810109095,3.3998229589836173,1.5470937529760915,1.033470483897783,1.050095268803456,1.029174477632439,4.592434249083032,0.07833602720438602,3.6832117817168535,4.675417678460139,-0.1503328844578422,-4.48702542839445,5.330769494762962,5.44229549047976,0.9983142079043105,-4.501901142219787,3.5787623574495355,1.3233177244702778,5.9496427672288945,1.8932655226410247,0.907730179388946,4.600004723571881,0.4414068310406216,-0.2944794548345933,1.1828458656276026
0.4384382284107671,-3.0008175389264364,2.3897871680995477,1.5815575404866207,-2.7649390554458093,0.8775733427649046,0.6636658910998999,0.9647141120104776,0.8968893231551018,2.937143230842726,-1.205995079543229,-0.28451906029888413,-0.2659086731570769,1.5774752971516706,0.398620498719289,-3.225818212810542,0.06218692661164806,0.7756404923964105,-1.9574389768897742,-1.0792670685138617,2.255113441787995,1.654089882943313,0.4068556005674334,0.5031151582985597,0.5867047289084261,3.0935390531491707,0.43866979774873877,2.6794137955956843,3.251968546194976,0.1857947340995698,-3.152015392754858,3.902904080412723,3.792685987347846,0.8611933573194837,-3.337605152406829,2.180869200062959,1.0624019076535745,4.163840074299424,1.3408035118120898,0.494846961473825,3.596791597036327,0.7050309701638484,-0.1982648553953523,0.9221216758120545
0.6366198819888774,-13.152179305176512,12.19474091854356,8.47703221670828,-11.9317020481212,3.8782409316557613,6.593254904206381,4.517546682672704,2.937143230842726,16.21570945372648,-3.590631914719751,-1.4214147863859974,0.06531530220253094,8.14795412242635,0.766044391446192,-17.067063042319734,0.7617721292008706,1.2320469335304294,-9.78701163535482,-5.287427481909187,10.693191444461586,6.055449979682118,4.32438686244553,2.1841402588878696,3.9579683369534466,15.479201972439542,0.26217083722827955,13.641053837901534,15.326865747868059,0.1888494057202728,-15.116995607013122,18.006938736743052,17.881873151723656,4.5080629917621575,-15.434694030839417,15.004237626870157,4.984972008964554,21.39825100145479,5.99911810866234,3.6583859081873236,15.562478931685066,2.2110338750665472,-2.438357300898026,4.095030194523985
-0.6794773030075764,3.9521612525670986,-3.0583276529095818,-1.9180464326490363,3.7311261547821286,-1.154490115814071,-0.6035649761030244,-1.2400987042054383,-1.205995079543229,-3.590631914719751,1.7563525217055798,0.34284476191234264,0.45420701722962475,-1.9482575936693758,-0.5702373978933843,4.069426288132719,-0.0391435765873175,-1.166884003711925,2.5327269705900637,1.4430220499995212,-2.9774426649219072,-2.231646317416418,-0.3833120811495193,-0.6256249809023097,-0.6269485220707384,-3.9670637292151643,-0.7155320155343953,-3.321145792737169,-4.205873652180468,-0.2462046212292556,4.027093961263792,-5.088101081003164,-4.9787683199549395,-1.0431453616874065,4.323216391447807,-2.45618121350641,-1.3883640554696355,-5.225352535022416,-1.8055020094652887,-0.5574401424036488,-4.758137738052191,-0.9805927750022587,0.13582091948494662,-1.2188927217495757
0.005276900777439965,1.2001807047719435,-1.302690773033191,-0.6156438671026127,1.3683658124900444,-0.3779684592109679,-0.4256057424326849,-0.6442377731515085,-0.28451906029888413,-1.4214147863859974,0.34284476191234264,0.33338255438037456,0.06518483346590806,-0.2503178550780816,0.007140212882706352,1.5206176187007616,-0.08002724353856107,-0.08541536968878116,0.9164678589962488,0.5224746224408217,-1.0585022153120955,-0.337151878532728,-0.32021911103795053,-0.4285927346251881,-0.3541460731494178,-1.423730393599428,0.053250284112243314,-1.075414920732838,-1.448579286205407,0.13017281823344268,1.4085389358025242,-1.6088602375029113,-1.6912077980552436,-0.2671102978505105,1.3389591003478627,-1.110054497799562,-0.41810407638173547,-1.7697505354898535,-0.6349587802663527,-0.2799322093869788,-1.3206752970992932,-0.0019172787156508274,0.07296166272098828,-0.3090894129929927
-0.23519545734349345,0.4793738751282942,-0.20006013629593664,0.04026802980976708,0.6750436360770824,-0.20038261449330766,0.5118506481448735,-0.23481150740045673,-0.2659086731570769,0.06531530220253094,0.45420701722962475,0.06518483346590806,0.3302388396702241,0.1670679892228256,-0.15779972422520355,0.08752958126213746,0.0521183446418251,-0.4142598090620301,0.17699889910278888,0.14922122329095278,-0.34130906565280883,-0.32640060104838775,0.3456999909962772,-0.19584750681542482,0.14780104229801158,-0.3109576088180017,-0.29250220106863106,-0.06056585793341486,-0.40100235732058664,-0.04690948108386886,0.36388500862377865,-0.5083751320893678,-0.524807219142326,0.043528999882053034,0.4200784684539938,0.5814727123040081,-0.07665350396918387,-0.20313389407774615,-0.23371941724298573,0.16754852258381475,-0.6145931453286689,-0.1525402264475196,-0.28582467143749685,-0.14909149773911712
0.5261155838823838,-6.726892173193398,5.483093672422721,4.658402829486092,-5.153494087084004,1.7586348154667397,3.5692302876214073,1.4634290361978084,1.5774752971516706,8.14795412242635,-1.9482575936693758,-0.2503178550780816,0.1670679892228256,5.788466506435574,0.6924674955154191,-8.628996516313943,0.21912397836614103,0.9819506866017518,-4.7216538926583045,-2.533604605803753,4.946460618061967,3.9094091598145964,2.1143938205391644,0.3713949529949744,1.9902925716017732,7.610027494764388,0.5655081942776764,7.343017223930013,7.462820607303454,0.6314497540451128,-7.571457978782691,9.22070550373749,8.775842381813064,2.8155291106660476,-7.994239016412724,8.130985099393635,2.816558968245571,11.196465608276366,2.8538166167016157,1.8733819051206377,8.20592001450615,1.7993604367423912,-1.7161600777243229,2.223540415568465
0.32506151579216574,-1.0752585432322788,0.619546206888272,0.5084578014447353,-0.8360437441869231,0.30024635333682137,-0.024154818053351217,0.21713173446251943,0.398620498719289,0.766044391446192,-0.5702373978933843,0.007140212882706352,-0.15779972422520355,0.6924674955154191,0.3033801506173373,-0.9038966987836464,-0.025243142123839643,0.4961998277332348,-0.5781071849044983,-0.32548800139902484,0.6753020669519438,0.7952249081143938,-0.022910214673697044,0.06510451503949853,0.1000408629260347,0.8876176153791339,0.3400670260361621,0.8747794803684705,1.031033576811204,0.1777996284609288,-0.9699898382739365,1.3370817412745348,1.196817624615186,0.2960630451589933,-1.1261272852385977,0.40738380488537596,0.37289324259510437,1.2655270358408206,0.4033995092312901,0.0706042518243466,1.3294478809308814,0.43890981799836337,-0.01364615010895114,0.35563327584049736
-0.7987073767083591,14.153714234235363,-12.98521978835333,-8.91964360633902,12.941366832147356,-4.172859792388416,-6.719718093320436,-4.828040631492967,-3.225818212810542,-17.067063042319734,4.069426288132719,1.5206176187007616,0.08752958126213746,-8.628996516313943,-0.9038966987836464,18.12889820190549,-0.7543858772127208,-1.5501023357149064,10.430965716580392,5.691799483546377,-11.471332478099843,-6.609045994412145,-4.4142948755477605,-2.304621647139819,-4.083209266188858,-16.502853998920106,-0.48184349779679375,-14.41821810378046,-16.377491699573856,-0.2156975638265659,16.13337897051341,-19.321950327451223,-19.19206157269593,-4.783136250903004,16.508097602717314,-15.60550973273746,-5.380173539489025,-22.727791922700764,-6.4995672201557015,-3.7991245206625712,-16.800013699268654,-2.432400968094841,2.4752717115000307,-4.428896535427064
-0.037545996518514736,-0.4849200206630666,0.5811318707840829,0.36656666943922356,-0.4972239828949828,0.17592915422196714,0.3963186262075005,0.2547624280984515,0.06218692661164806,0.7617721292008706,-0.0391435765873175,-0.08002724353856107,0.0521183446418251,0.21912397836614103,-0.025243142123839643,-0.7543858772127208,0.0780847699632618,-0.076129989599698,-0.4360018571356805,-0.2153643385097879,0.4801715356515896,0.1156543206942531,0.2885111435394283,0.1387333970862104,0.2088158836783414,0.67664128484073,-0.10147219762647193,0.5652216534826878,0.654540466949521,-0.058690430382478044,-0.6207052657616112,0.7037286702188402,0.7335401650430906,0.15560193519683643,-0.5956210901881742,0.7468777131167555,0.1587301189796219,0.9150636440714248,0.22713183546130242,0.20443440970809906,0.5591520261509267,-0.006334636303819533,-0.11238294688280706,0.15400952034504867
0.567688696841372,-1.9935133582013127,1.16655940195361,0.7514691373313442,-1.7943734455548732,0.5457658355060088,-0.2713661802908784,0.4701219841225463,0.7756404923964105,1.2320469335304294,-1.166884003711925,-0.08541536968878116,-0.4142598090620301,0.9819506866017518,0.4961998277332348,-1.5501023357149064,-0.076129989599698,1.0109302685750066,-1.0227484437995575,-0.5912692695625468,1.3013793259859152,1.4368625892262845,-0.25048412302341555,0.22546547583012577,0.07691729842492503,1.6335605692879003,0.6942077877622337,1.403992972562725,1.896589606968803,0.28866170502127936,-1.7996926043077104,2.423505861657845,2.2414856968154275,0.4769174058230481,-2.05520273935078,0.38886936639645253,0.6754274280009809,2.151961871367943,0.8660282159818565,0.02829433014387269,2.4699258936119666,0.7074132382104978,0.12333641137630456,0.6211009588640538
-0.5871107960811272,8.329498855784525,-7.607288828113063,-5.075664387636671,7.769145687061807,-2.507378304771883,-3.609044866735973,-2.9478815607751154,-1.9574389768897742,-9.78701163535482,2.5327269705900637,0.9164678589962488,0.17699889910278888,-4.7216538926583045,-0.5781071849044983,10.430965716580392,-0.4360018571356805,-1.0227484437995575,6.115581679514417,3.359273853326635,-6.784265440183399,-3.8561968568870424,-2.4320320297975275,-1.4668826271411357,-2.2857392660969644,-9.6077501346578,-0.3485949404590236,-8.274467329945848,-9.611332544896593,-0.09908083508279211,9.38451119171746,-11.29212705575525,-11.267776386722895,-2.638358430732554,9.631902102292155,-8.64226635606863,-3.0731420044520568,-13.05470159062723,-3.822727608710823,-2.1206124017355577,-9.863417333238905,-1.4377250173559477,1.236578336985214,-2.589304861482715
-0.3507872611788954,4.565036208521217,-4.1611363426914645,-2.7326568132295397,4.301877441153753,-1.3866438104869856,-1.8783827814782599,-1.6305980810109095,-1.0792670685138617,-5.287427481909187,1.4430220499995212,0.5224746224408217,0.14922122329095278,-2.533604605803753,-0.32548800139902484,5.691799483546377,-0.2153643385097879,-0.5912692695625468,3.359273853326635,1.8978841123556842,-3.714865131363277,-2.095323661163429,-1.2936760936826628,-0.8160627417540924,-1.2285097901018966,-5.258821595101057,-0.22032627406477187,-4.475739706673606,-5.240300170780868,-0.037762610182475495,5.123281314012653,-6.190714044855472,-6.205228449832675,-1.4101371965124743,5.252112708008283,-4.632838132890305,-1.696835710548812,-7.089201315586996,-2.1017982090646004,-1.1363219516896195,-5.403659654417147,-0.7964481388855805,0.6410209873978496,-1.4210184144933717
0.7174830347070518,-9.356315089160585,8.502446412479587,5.499163329176596,-8.936582538213546,2.8458487826560708,3.7229151704726915,3.3998229589836173,2.255113441787995,10.693191444461586,-2.9774426649219072,-1.0585022153120955,-0.34130906565280883,4.946460618061967,0.6753020669519438,-11.471332478099843,0.4801715356515896,1.3013793259859152,-6.784265440183399,-3.714865131363277,7.670999290975989,4.334741981691301,2.503129198748847,1.7365522621037566,2.4077004599728338,10.68767512431974,0.5036545491175805,9.037771733960078,10.76712033513808,0.08134570818857166,-10.461380276174802,12.609887613541856,12.609100217369676,2.8437220235713143,-10.747398713906069,9.137717407589077,3.378368584072768,14.381782429756104,4.352945226006131,2.2428061211028956,11.098463023892771,1.5660462817040322,-1.181218564078334,2.9023519921648884
0.8025569190409292,-5.881654683282872,4.558095200166512,3.3960685032508504,-5.028049668583405,1.6349330840958474,1.8191079234497978,1.5470937529760915,1.654089882943313,6.055449979682118,-2.231646317416418,-0.337151878532728,-0.32640060104838775,3.9094091598145964,0.7952249081143938,-6.609045994412145,0.1156543206942531,1.4368625892262845,-3.8561968568870424,-2.095323661163429,4.334741981691301,3.473631614404913,1.044461313620574,0.6426086900376239,1.2555881501032287,6.166109273647855,0.8719097926419068,5.596060539079249,6.35032318570641,0.5149705422393923,-6.2451616270940304,7.7648255801509,7.437826724517001,1.9789043140390392,-6.683127152734004,5.058876832523828,2.2152398237446875,8.626484212155779,2.5686090750429256,1.1397178231741811,7.16459394623274,1.560901846553946,-0.754503914808975,1.8779762567768705
-0.11549460031314124,-2.860850430411602,3.060117078659266,2.2296871244878815,-2.477344017189676,0.8516296485933535,2.318353729375265,1.033470483897783,0.4068556005674334,4.32438686244553,-0.3833120811495193,-0.32021911103795053,0.3456999909962772,2.1143938205391644,-0.022910214673697044,-4.4142948755477605,0.2885111435394283,-0.25048412302341555,-2.4320320297975275,-1.2936760936826628,2.503129198748847,1.044461313620574,1.61486374540718,0.41049864739266184,1.2014299759316047,3.7771126248778013,-0.3350935074219588,3.428748948618875,3.58167493082243,-0.10872819313943104,-3.5358225993241965,4.131870990924345,4.169458805715497,1.150048602142694,-3.5123577477980588,4.586441163376552,1.1778508311353775,5.376852074777627,1.302379750475447,1.1795969192390106,3.333953985161721,0.3162498487401798,-0.9199945796221519,0.9241540520460937
0.11044580768924002,-1.967327914125551,1.983135581444796,0.9977890510628261,-2.2300129200064194,0.6868441137764706,0.5349888718409158,1.050095268803456,0.5031151582985597,2.1841402588878696,-0.6256249809023097,-0.4285927346251881,-0.19584750681542482,0.3713949529949744,0.06510451503949853,-2.304621647139819,0.1387333970862104,0.22546547583012577,-1.4668826271411357,-0.8160627417540924,1.7365522621037566,0.6426086900376239,0.41049864739266184,0.7247360428525075,0.49597680943070704,2.290545321372907,-0.013061283169647917,1.7317871191355318,2.353109302813498,-0.1360633555899161,-2.2567554905179326,2.6014509718535197,2.717639434278393,0.3731359795683572,-2.21430202253306,1.520082662541335,0.5744490846553754,2.814994853189728,0.9590648702066039,0.3807302019585863,2.2163412228141723,0.11530300094708439,-0.006937392941191963,0.5340682262945575
0.025916052502492574,-2.937869154674577,2.8670887629966235,2.07127465213531,-2.5779993918167277,0.8595455425101286,1.816037497663484,1.029174477632439,0.5867047289084261,3.9579683369534466,-0.6269485220707384,-0.3541460731494178,0.14780104229801158,1.9902925716017732,0.1000408629260347,-4.083209266188858,0.2088158836783414,0.07691729842492503,-2.2857392660969644,-1.2285097901018966,2.4077004599728338,1.2555881501032287,1.2014299759316047,0.49597680943070704,1.0545927197361786,3.609638559629746,-0.10850003210594604,3.273741240163205,3.5083314820404827,0.007555862827902421,-3.5055279541272912,4.1040295412280345,4.077135868082801,1.0944185224730278,-3.5198783701875915,3.902024904946233,1.157861804177924,5.078898793832677,1.3168954654265523,0.9558572377778809,3.4382578277323566,0.4346291442216275,-0.7148119357732684,0.910151410189281
0.8602850998932879,-13.147156492193846,11.939063396199648,8.06664061053666,-12.252642062912859,3.9544250021140397,5.77620061172477,4.592434249083032,3.0935390531491707,15.479201972439542,-3.9670637292151643,-1.423730393599428,-0.3109576088180017,7.610027494764388,0.8876176153791339,-16.502853998920106,0.67664128484073,1.6335605692879003,-9.6077501346578,-5.258821595101057,10.68767512431974,6.166109273647855,3.7771126248778013,2.290545321372907,3.609638559629746,15.240725687246277,0.5853024415091871,13.122738236944521,15.166869016788665,0.2151839816858607,-14.910343992059593,17.858600734614047,17.789412484237346,4.27792547193564,-15.278597035990035,13.757621161305682,4.874564159504347,20.7788769527525,6.046031126370233,3.3387320395188946,15.650747487859155,2.2664954809836795,-2.008515457946028,4.112565273850557
0.3953442238309009,-0.932905127247063,0.3079632611430529,0.24924632150427645,-0.7668677723635539,0.22552092289395004,-0.4024723432719317,0.07833602720438602,0.43866979774873877,0.26217083722827955,-0.7155320155343953,0.053250284112243314,-0.29250220106863106,0.5655081942776764,0.3400670260361621,-0.48184349779679375,-0.10147219762647193,0.6942077877622337,-0.3485949404590236,-0.22032627406477187,0.5036545491175805,0.8719097926419068,-0.3350935074219588,-0.013061283169647917,-0.10850003210594604,0.5853024415091871,0.5372149664424765,0.5197884876083736,0.7497026261055934,0.245667373669777,-0.7110398821969544,1.06779004378037,0.9229386667198697,0.2309041828458901,-0.9115928331668096,-0.2154801686872094,0.3306397995100433,0.7914921220924719,0.39146600368700646,-0.10727859289611752,1.2200158546921251,0.4862813799440462,0.1274204873085968,0.31655793268841603
0.766447715976265,-11.406645299143634,10.163445281932251,7.2831008876551655,-10.104909728448208,3.3215342571090023,5.334410889952114,3.6832117817168535,2.6794137955956843,13.641053837901534,-3.321145792737169,-1.075414920732838,-0.06056585793341486,7.343017223930013,0.8747794803684705,-14.41821810378046,0.5652216534826878,1.403992972562725,-8.274467329945848,-4.475739706673606,9.037771733960078,5.596060539079249,3.428748948618875,1.7317871191355318,3.273741240163205,13.122738236944521,0.5197884876083736,11.739338944689415,13.071149812508079,0.3842538583556346,-12.929791399832304,15.517832555079584,15.25763771824324,3.9421718608819654,-13.33194085457381,12.486539489948987,4.326365085964936,18.272571761994676,5.096210224033975,2.991026623772815,13.571987640727063,2.21168291427,-2.0496286608459013,3.578323432407893
1.0377751797347246,-13.345901670568736,11.982594059310301,7.982889411177962,-12.452462997632356,3.9940843468469405,5.4222507066196926,4.675417678460139,3.251968546194976,15.326865747868059,-4.205873652180468,-1.448579286205407,-0.40100235732058664,7.462820607303454,1.031033576811204,-16.377491699573856,0.654540466949521,1.896589606968803,-9.611332544896593,-5.240300170780868,10.76712033513808,6.35032318570641,3.58167493082243,2.353109302813498,3.5083314820404827,15.166869016788665,0.7497026261055934,13.071149812508079,15.287247897184749,0.24840924189556318,-14.924194757867449,17.988870318239844,17.86159892279499,4.1955421559327615,-15.367096900984803,13.269065697484223,4.88250999550413,20.61597710536272,6.12430592742298,3.220616495201972,15.838272618782534,2.3749114170277354,-1.833332017169277,4.136936451005644
0.17249584836224147,-0.3660051800171536,-0.03294271732772593,0.24344288952104012,-0.04900299057837373,0.04654485757350221,-0.014154116677726557,-0.1503328844578422,0.1857947340995698,0.1888494057202728,-0.2462046212292556,0.13017281823344268,-0.04690948108386886,0.6314497540451128,0.1777996284609288,-0.2156975638265659,-0.058690430382478044,0.28866170502127936,-0.09908083508279211,-0.037762610182475495,0.08134570818857166,0.5149705422393923,-0.10872819313943104,-0.1360633555899161,0.007555862827902421,0.2151839816858607,0.245667373669777,0.3842538583556346,0.24840924189556318,0.2399312550323839,-0.29695811511426773,0.4322016720659968,0.28615093260170943,0.22503995894078357,-0.42969377136804804,0.16121541889578322,0.16769722952114777,0.46024217721314736,0.07500377754370678,-0.011939658156709646,0.5281575198292783,0.3404522639719994,-0.08422077504625478,0.14223939155402257
-0.9259151327383945,13.040753332381898,-11.673454432450429,-7.922385325073803,12.067253412903053,-3.872395140420356,-5.4843830776595786,-4.48702542839445,-3.152015392754858,-15.116995607013122,4.027093961263792,1.4085389358025242,0.36388500862377865,-7.571457978782691,-0.9699898382739365,16.13337897051341,-0.6207052657616112,-1.7996926043077104,9.38451119171746,5.123281314012653,-10.461380276174802,-6.2451616270940304,-3.5358225993241965,-2.2567554905179326,-3.5055279541272912,-14.910343992059593,-0.7110398821969544,-12.929791399832304,-14.924194757867449,-0.29695811511426773,14.702318817746699,-17.627120193755797,-17.471269180581803,-4.236013348305234,15.100785878796577,-13.297334282206846,-4.832710193737362,-20.385412113487117,-5.9723658761139875,-3.1889171705785904,-15.495415445040882,-2.338622249892105,1.9378818710901369,-4.050717409551609
1.3237046973561153,-15.833845874201723,13.972673150216893,9.487296679194563,-14.558664154445797,4.686437975319623,6.332580886101093,5.330769494762962,3.902904080412723,18.006938736743052,-5.088101081003164,-1.6088602375029113,-0.5083751320893678,9.22070550373749,1.3370817412745348,-19.321950327451223,0.7037286702188402,2.423505861657845,-11.29212705575525,-6.190714044855472,12.609887613541856,7.7648255801509,4.131870990924345,2.6014509718535197,4.1040295412280345,17.858600734614047,1.06779004378037,15.517832555079584,17.988870318239844,0.4322016720659968,-17.627120193755797,21.33246537610041,21.078586948042666,5.081834824261685,-18.216782169426054,15.667898241907961,5.870776863505281,24.421139309856578,7.213594026449585,3.765911667625862,18.860768503535574,3.0094714666876454,-2.246577251249571,4.946844781352498
1.2247176778427122,-15.623023074686262,14.004758545571574,9.310291015958327,-14.617337643223992,4.678299031379275,6.3028407990419355,5.44229549047976,3.792685987347846,17.881873151723656,-4.9787683199549395,-1.6912077980552436,-0.524807219142326,8.775842381813064,1.196817624615186,-19.19206157269593,0.7335401650430906,2.2414856968154275,-11.267776386722895,-6.205228449832675,12.609100217369676,7.437826724517001,4.169458805715497,2.717639434278393,4.077135868082801,17.789412484237346,0.9229386667198697,15.25763771824324,17.86159892279499,0.28615093260170943,-17.471269180581803,21.078586948042666,20.972687328544584,4.916682870774901,-17.9843103945675,15.516489127561162,5.756504947841394,24.136672518642467,7.192664910308041,3.762722080560544,18.57041920548783,2.7987985621041838,-2.1494827285702294,4.86326320286179
0.20564835278058347,-3.701585981286293,3.1885113037120005,2.4797629991002204,-3.088491721826269,1.0148276908848768,1.9241326325555421,0.9983142079043105,0.8611933573194837,4.5080629917621575,-1.0431453616874065,-0.2671102978505105,0.043528999882053034,2.8155291106660476,0.2960630451589933,-4.783136250903004,0.15560193519683643,0.4769174058230481,-2.638358430732554,-1.4101371965124743,2.8437220235713143,1.9789043140390392,1.150048602142694,0.3731359795683572,1.0944185224730278,4.27792547193564,0.2309041828458901,3.9421718608819654,4.1955421559327615,0.22503995894078357,-4.236013348305234,5.081834824261685,4.916682870774901,1.473987741153451,-4.385134770618145,4.376055528350107,1.5089103298881419,6.144754948213228,1.6488027979697322,1.0226603504978458,4.492628385636223,0.8012335990372165,-0.841343264380736,1.2047669333161262
-1.1126731436769612,13.53075243262504,-11.882707407471743,-8.158913374403339,12.38323928612365,-3.986249844052418,-5.472681595571076,-4.501901142219787,-3.337605152406829,-15.434694030839417,4.323216391447807,1.3389591003478627,0.4200784684539938,-7.994239016412724,-1.1261272852385977,16.508097602717314,-0.5956210901881742,-2.05520273935078,9.631902102292155,5.252112708008283,-10.747398713906069,-6.683127152734004,-3.5123577477980588,-2.21430202253306,-3.5198783701875915,-15.278597035990035,-0.9115928331668096,-13.33194085457381,-15.367096900984803,-0.42969377136804804,15.100785878796577,-18.216782169426054,-17.9843103945675,-4.385134770618145,15.6265401089832,-13.464627214104038,-5.0055318085512885,-20.933921968277556,-6.150850850901614,-3.215821500893775,-16.118189561445327,-2.611577150917322,1.9548201863442514,-4.214697684386077
0.11848113349978041,-11.181984708101188,10.698619265614568,7.939926133057619,-9.649348116827708,3.2002336503559228,7.089165358129282,3.5787623574495355,2.180869200062959,15.004237626870157,-2.45618121350641,-1.110054497799562,0.5814727123040081,8.130985099393635,0.40738380488537596,-15.60550973273746,0.7468777131167555,0.38886936639645253,-8.64226635606863,-4.632838132890305,9.137717407589077,5.058876832523828,4.586441163376552,1.520082662541335,3.902024904946233,13.757621161305682,-0.2154801686872094,12.486539489948987,13.269065697484223,0.16121541889578322,-13.297334282206846,15.667898241907961,15.516489127561162,4.376055528350107,-13.464627214104038,15.070204709904237,4.52301545821014,19.52352469313777,5.061727834451804,3.6807946824940387,13.28022950500373,1.8201743393306014,-2.8912272017759575,3.5638594298837893
0.338648040291642,-4.343578172998029,3.7854385056333792,2.658099306211338,-3.85106289960286,1.214156353777353,1.8490943297624722,1.3233177244702778,1.0624019076535745,4.984972008964554,-1.3883640554696355,-0.41810407638173547,-0.07665350396918387,2.816558968245571,0.37289324259510437,-5.380173539489025,0.1587301189796219,0.6754274280009809,-3.0731420044520568,-1.696835710548812,3.378368584072768,2.2152398237446875,1.1778508311353775,0.5744490846553754,1.157861804177924,4.874564159504347,0.3306397995100433,4.326365085964936,4.88250999550413,0.16769722952114777,-4.832710193737362,5.870776863505281,5.756504947841394,1.5089103298881419,-5.0055318085512885,4.52301545821014,1.7140459167883992,6.783249439394769,1.98989849109925,1.073442557323367,5.18993238183714,0.8831218247631388,-0.7488634915531365,1.3672974143012455
1.113262376788738,-17.913553584336647,16.123443378982518,11.325745499529676,-16.208428313843733,5.288390750743509,8.35528329144431,5.9496427672288945,4.163840074299424,21.39825100145479,-5.225352535022416,-1.7697505354898535,-0.20313389407774615,11.196465608276366,1.2655270358408206,-22.727791922700764,0.9150636440714248,2.151961871367943,-13.05470159062723,-7.089201315586996,14.381782429756104,8.626484212155779,5.376852074777627,2.814994853189728,5.078898793832677,20.7788769527525,0.7914921220924719,18.272571761994676,20.61597710536272,0.46024217721314736,-20.385412113487117,24.421139309856578,24.136672518642467,6.144754948213228,-20.933921968277556,19.52352469313777,6.783249439394769,28.761211706388774,8.131821512604969,4.704260043866994,21.37844662355765,3.273057227075956,-3.1190093427732695,5.660284410250128
0.4259827923021523,-5.391976231991526,4.824690445653236,3.0699012164458415,-5.153860610469054,1.5782137827092422,1.998508466759492,1.8932655226410247,1.3408035118120898,5.99911810866234,-1.8055020094652887,-0.6349587802663527,-0.23371941724298573,2.8538166167016157,0.4033995092312901,-6.4995672201557015,0.22713183546130242,0.8660282159818565,-3.822727608710823,-2.1017982090646004,4.352945226006131,2.5686090750429256,1.302379750475447,0.9590648702066039,1.3168954654265523,6.046031126370233,0.39146600368700646,5.096210224033975,6.12430592742298,0.07500377754370678,-5.9723658761139875,7.213594026449585,7.192664910308041,1.6488027979697322,-6.150850850901614,5.061727834451804,1.98989849109925,8.131821512604969,2.5625281408366685,1.222826802280252,6.38591892208754,0.9219667193316831,-0.6536799244102702,1.6482900169304688
0.010869703383762842,-2.674113180508664,2.6405571828794012,1.906239530384451,-2.3518606086758216,0.7850973874969336,1.7591156408384228,0.907730179388946,0.494846961473825,3.6583859081873236,-0.5574401424036488,-0.2799322093869788,0.16754852258381475,1.8733819051206377,0.0706042518243466,-3.7991245206625712,0.20443440970809906,0.02829433014387269,-2.1206124017355577,-1.1363219516896195,2.2428061211028956,1.1397178231741811,1.1795969192390106,0.3807302019585863,0.9558572377778809,3.3387320395188946,-0.10727859289611752,2.991026623772815,3.220616495201972,-0.011939658156709646,-3.1889171705785904,3.765911667625862,3.762722080560544,1.0226603504978458,-3.215821500893775,3.6807946824940387,1.073442557323367,4.704260043866994,1.222826802280252,0.9252931708145156,3.165926887491996,0.3873763358923819,-0.6874996418964492,0.8579388101755021
1.3559660933270619,-14.068618557155215,12.109660513963933,8.265832605766246,-12.909096875687666,4.161213538888035,5.206111863394732,4.600004723571881,3.596791597036327,15.562478931685066,-4.758137738052191,-1.3206752970992932,-0.6145931453286689,8.20592001450615,1.3294478809308814,-16.800013699268654,0.5591520261509267,2.4699258936119666,-9.863417333238905,-5.403659654417147,11.098463023892771,7.16459394623274,3.333953985161721,2.2163412228141723,3.4382578277323566,15.650747487859155,1.2200158546921251,13.571987640727063,15.838272618782534,0.5281575198292783,-15.495415445040882,18.860768503535574,18.57041920548783,4.492628385636223,-16.118189561445327,13.28022950500373,5.18993238183714,21.37844662355765,6.38591892208754,3.165926887491996,16.88472804335563,2.84468610106965,-1.826910771142776,4.432473657613693
0.4642063562061366,-2.3173667387033965,1.5606731273564522,1.3499629027528204,-1.764819950039046,0.6150781829212735,0.5712909705556379,0.4414068310406216,0.7050309701638484,2.2110338750665472,-0.9805927750022587,-0.0019172787156508274,-0.1525402264475196,1.7993604367423912,0.43890981799836337,-2.432400968094841,-0.006334636303819533,0.7074132382104978,-1.4377250173559477,-0.7964481388855805,1.5660462817040322,1.560901846553946,0.3162498487401798,0.11530300094708439,0.4346291442216275,2.2664954809836795,0.4862813799440462,2.21168291427,2.3749114170277354,0.3404522639719994,-2.338622249892105,3.0094714666876454,2.7987985621041838,0.8012335990372165,-2.611577150917322,1.8201743393306014,0.8831218247631388,3.273057227075956,0.9219667193316831,0.3873763358923819,2.84468610106965,0.8360161052274887,-0.3078400237855572,0.7602260306620647
0.10840958465154182,1.5275286446886616,-1.4864999365385936,-1.3675668005982953,1.015760363075029,-0.3559280379329444,-1.4922501336575458,-0.2944794548345933,-0.1982648553953523,-2.438357300898026,0.13582091948494662,0.07296166272098828,-0.28582467143749685,-1.7161600777243229,-0.01364615010895114,2.4752717115000307,-0.11238294688280706,0.12333641137630456,1.236578336985214,0.6410209873978496,-1.181218564078334,-0.754503914808975,-0.9199945796221519,-0.006937392941191963,-0.7148119357732684,-2.008515457946028,0.1274204873085968,-2.0496286608459013,-1.833332017169277,-0.08422077504625478,1.9378818710901369,-2.246577251249571,-2.1494827285702294,-0.841343264380736,1.9548201863442514,-2.8912272017759575,-0.7488634915531365,-3.1190093427732695,-0.6536799244102702,-0.6874996418964492,-1.826910771142776,-0.3078400237855572,0.7457354847626534,-0.5142974609551607
0.35622786153219493,-3.6693940069698554,3.152656751558803,2.19900859141031,-3.3330719220209977,1.0987688181842208,1.4212995126836128,1.1828458656276026,0.9221216758120545,4.095030194523985,-1.2188927217495757,-0.3090894129929927,-0.14909149773911712,2.223540415568465,0.35563327584049736,-4.428896535427064,0.15400952034504867,0.6211009588640538,-2.589304861482715,-1.4210184144933717,2.9023519921648884,1.8779762567768705,0.9241540520460937,0.5340682262945575,0.910151410189281,4.112565273850557,0.31655793268841603,3.578323432407893,4.136936451005644,0.14223939155402257,-4.050717409551609,4.946844781352498,4.86326320286179,1.2047669333161262,-4.214697684386077,3.5638594298837893,1.3672974143012455,5.660284410250128,1.6482900169304688,0.8579388101755021,4.432473657613693,0.7602260306620647,-0.5142974609551607,1.1896542801201315
