V1,V2,V3,V4,V5,V6,V7,V8,V9,V10,V11,V12,V13,V14,V15,V16,V17,V18,V19,V20,V21,V22,V23,V24,V25,V26,V27,V28,V29,V30,V31,V32,V33,V34,V35,V36,V37,V38,V39,V40,V41,V42,V43,V44
0.5059691798460512,-0.2501247828460149,-0.06914238721852128,0.2548647931543378,0.08155704122200982,0.17315681739632555,-0.1968203669334535,0.020105680332488825,-0.09488816139833625,0.011136201054439332,-0.18195399611919835,0.33858827020618415,-0.20259037512380018,0.4154261340430638,0.23472357320166387,-0.05016927330241278,-0.07334712412866677,-0.10191944660652705,-0.34086368193789224,-0.44558734726456595,0.12567280009142093,-0.01442499246128783,0.2654616119824952,-0.023099442648383376,6.711817077726025e-4,0.12232145443259732,0.08408709755129307,0.3323054293093198,0.021701148843843197,0.09563871385200631,-0.013433791379038726,0.22364687479358997,0.3622777623280595,-0.26032686587628023,-0.2609080562292372,-0.030184505234741744,-0.05433269878810223,0.11796629434718318,-0.2440177002222605,-0.016617478265983015,-0.03158014885492453,0.64812993841302,-0.09886196373284037,0.12238810151617546
-0.2501247828460149,2.785419943005866,-2.440481757824688,-1.2110985095575273,2.0359678702304094,-0.11519455328642217,-0.3843875427498644,-0.8783265878830907,-0.47416509827357245,-2.321471466358823,0.8793676971267571,0.7831174390092135,0.15962592901007885,-1.7172335782502937,-0.3312101560330609,2.8445334867960006,0.3045728051524197,-0.506487917410791,1.542358878821405,1.2188352447512032,-1.3139654611197304,-0.7068870728387364,-0.5908668226075755,-0.43834477579466863,-0.6977191022845266,-1.841244404288882,-0.29627787125306,-2.2655974403047057,-2.164538035823678,0.23850945523380523,2.609143233246246,-3.111310305538663,-2.972459398549155,-0.515975827565043,2.5871331764485985,-2.110571784889789,-1.4003335787942408,-2.972464032717924,-1.3889715449997515,-0.3391981237585308,-1.7239515336585907,-0.7345907537740112,0.9006029278227058,-0.3700702206851215
-0.06914238721852128,-2.440481757824688,2.818587172476043,0.7843962259862594,-2.2157584795788527,-0.050895287466336994,0.4167684410893062,1.0932306401090037,0.34933478131711027,2.237452882267465,-0.6912576135323305,-1.145910078246897,-0.03545949585158515,0.8252464210607784,0.03296641879688366,-2.6924041547288216,-0.20415290244314627,0.3094799620853467,-1.3779186781221189,-1.1305998733085476,1.4180759885301812,0.24420571941204602,0.591285723395641,0.7273311326145411,0.708839742041844,1.692961542662676,0.12356083409305002,1.700803293341759,2.0294613189520008,-0.5223198538887872,-2.3658025429833445,2.7384392614403206,2.723518614601136,0.37438569282559114,-2.075472774139422,1.9742353435257218,1.2839321372098775,2.418416790021666,1.54536281594131,0.2818214941672868,1.2969954953918383,0.16154111892202397,-0.8711813011022268,0.18302649300896776
0.2548647931543378,-1.2110985095575273,0.7843962259862594,1.1456632190269376,-0.9965190545906939,0.6654009644795462,0.5918583059278588,0.43139862702342113,0.2977598213308961,1.369116007569194,-0.23509242215362294,0.2138299697167074,-0.15088720441567235,1.0255689957991578,0.37037896497833706,-1.5297288177921466,0.1251924907335647,0.14327239894978142,-0.8898416544697112,-0.40143523884112375,1.0658155389077533,0.791002674917825,0.4575264006048535,0.10386197983836516,0.33833511596687466,1.5486672591204824,0.1279052987841622,1.57979963928174,1.510027511491427,0.1902889480921886,-1.4755713713051453,1.8672565625475106,1.6903314787772057,0.5231185573533661,-1.6129264940214092,1.3500466473441441,0.37046439502931244,2.433141920231653,0.20263602032627254,0.2898459473286415,1.8434819236220625,0.4498142169470807,-0.18837713882767368,0.6588305751296979
0.08155704122200982,2.0359678702304094,-2.2157584795788527,-0.9965190545906939,2.223203521619965,-0.4523243697162566,-0.7818256157538989,-0.9433356721337768,-0.4453637485937719,-2.3672132907191754,0.574282978423113,0.6239144954653514,-0.0011168868126227298,-0.5800972821417981,0.035903605179700905,2.588157733263232,-0.08131309505419491,-0.16700812429776857,1.4679874744115984,0.8010784196195619,-1.6867474199486205,-0.5918112348774358,-0.5618944345235946,-0.5874356786322299,-0.5921993665863867,-2.225033831446785,0.06276874063362418,-1.7892760075259575,-2.358390938620863,0.23232775874520892,2.3141879343625043,-2.642693560270843,-2.74710818474889,-0.5072399484478075,2.2165332494488617,-1.9740843784409339,-0.8450940755182431,-2.852239674282169,-1.1770863787983972,-0.4716783613003042,-2.1030626341058896,0.005295127959791724,0.26528078424529644,-0.4379848573705705
0.17315681739632555,-0.11519455328642217,-0.050895287466336994,0.6654009644795462,-0.4523243697162566,0.9342303005068955,0.6309116944459184,0.3029835147891897,0.14035507614314896,0.7724774884721809,0.14286974985877315,0.62866357096917,-0.20110580373348946,0.03006471426129545,0.10139298145776213,-0.5361406541176278,0.437532951145443,-0.14986099252221163,-0.5510595932829263,-0.01440789688502712,0.7976741374968471,0.42497126879900227,0.30594535404454687,0.07095330021576926,0.05382193135074738,1.3010981624990705,-0.19435418299542342,0.639500501673788,0.9298376479911961,0.2090024662873973,-0.5809116355287876,0.7254817208947277,0.8111558152792875,0.24509802884129564,-0.6616230621652084,0.58463652686216006,-0.4495279676941495,1.5911247426867605,-0.3781557679065506,0.37250847365973877,1.450969612264413,-0.012816553021602043,0.46662171644992,0.653687336222595
-0.1968203669334535,-0.3843875427498644,0.4167684410893062,0.5918583059278588,-0.7818256157538989,0.6309116944459184,1.0303880889679902,0.05494496148485223,0.3893802864357869,1.2900669995738776,-0.07154065565119845,0.29372518397999586,0.14134352648279153,0.3157977683457254,-0.12217969745666256,-1.0345586374950242,0.43986445739145047,0.17060467449310546,-0.5173967004160862,0.21453531208330595,1.0225585266997423,0.9991283094286468,0.10897042672885392,-0.042050172112318866,0.13400524216807153,1.5828981675612956,-0.04043458474562373,0.7288062560589246,1.3681232750278134,0.33187981145292456,-0.9287969431794756,1.0992267574698342,1.0546678172925283,0.7347520655983723,-0.9357148275077803,1.1841077728893061,-0.06450554522549215,1.9123042210212797,0.2158097811339232,0.45610457976792623,2.099350167880077,-0.33025324256039884,0.3070040338343995,0.5973451532882158
0.020105680332488825,-0.8783265878830907,1.0932306401090037,0.43139862702342113,-0.9433356721337768,0.3029835147891897,0.05494496148485223,0.9255813249722333,-0.014167984359104789,0.7559057379386326,0.041421719714891156,-0.39573610783700375,-0.2796264275266522,-0.13181395148069988,0.1259281730843508,-0.9564414511624725,0.017466558702607143,-0.1221010642743863,-0.5820362840152624,-0.5420914080788398,0.5601572716959815,-0.42019438414535115,0.40248866502467895,0.5682549341803876,0.31310609401218886,0.6985813924536409,-0.16658076318488027,0.678559398548329,0.7380341733577127,-0.4605732401258477,-0.9900540210826534,1.0528279978580206,1.0487861591057375,-0.09336002854956933,-0.7251512735884147,0.5564242733877515,0.23535571088986046,1.1595544921888987,0.3125724257503477,0.11944916677324037,0.2196134347289287,-0.033014629728116834,-0.21887776867721884,0.19439924158655883
-0.09488816139833625,-0.47416509827357245,0.34933478131711027,0.2977598213308961,-0.4453637485937719,0.14035507614314896,0.3893802864357869,-0.014167984359104789,0.2913646058012757,0.6653425654610526,-0.14603682660146106,-0.06306470706933226,0.013763797045522455,0.47582908592287276,-0.030116743761124224,-0.6377807118509685,0.07311406818578828,0.25951348869457147,-0.28104840340757176,0.05299743986953618,0.337618593402555,0.562120488462149,-0.03534655365204754,-0.04472239204578361,0.11315239976123884,0.6717910883948932,0.04051124565423266,0.48373181365919293,0.6744882834558698,0.15978595695650985,-0.623191201642724,0.6700597937182794,0.6245639178893462,0.41982474659025393,-0.6062285407951895,0.6363324658401284,0.23663205313937746,0.9451554095894424,0.2876387074889643,0.21214081615544414,0.9871428882476959,-0.05752760453819823,-0.01623002758210565,0.2225366108408747
0.011136201054439332,-2.321471466358823,2.237452882267465,1.369116007569194,-2.3672132907191754,0.7724774884721809,1.2900669995738776,0.7559057379386326,0.6653425654610526,3.154584920133312,-0.7991674765505224,-0.24166938846563232,0.054023145084801064,1.231696601169456,-0.033969819382707864,-3.0848239469602596,0.2937946788269961,0.3694884884680187,-1.7717980977089416,-0.8233478765548512,2.139092403609173,1.3615565148444917,0.562992165566957,0.4252527015864086,0.6412154988547923,3.133415001662325,0.10149782763755767,2.2670730498679452,2.9681748793976865,0.11746271081791675,-2.805384942214968,3.2682935851477457,3.2858298911165176,0.9584707205824621,-2.786723386764096,2.677254677260716,0.7507075548159404,3.940398370940371,1.2357388489896182,0.6913113029423973,3.2305397149384216,0.18089582420092148,-0.18376867816670625,0.7734062324524157
-0.18195399611919835,0.8793676971267571,-0.6912576135323305,-0.23509242215362294,0.574282978423113,0.14286974985877315,-0.07154065565119845,0.041421719714891156,-0.14603682660146106,-0.7991674765505224,0.6332701363417886,0.15098940328084468,-0.17391871227833106,-0.6675432963979602,0.01491862538303605,0.9025897542024621,0.18860149299845128,-0.15452601100356358,0.598172062344269,0.5539779120026547,-0.4843913481242372,-0.4035646417641597,-0.154216297033975,0.02185749051717605,-0.15370665047956833,-0.5795899755928682,-0.21393815389530052,-0.6535384444477188,-0.6642710451603261,-0.06699418395979036,0.6471249339856937,-0.9186082802341392,-1.001316636197321,-0.07627728344946921,0.8805993588519991,-0.6472260123549317,-0.4726480489553508,-0.5720123831442689,-0.6040675177279009,-0.09100176594287687,-0.5033758023351173,-0.4421313154911047,0.2107067040793264,0.06347222539317353
0.33858827020618415,0.7831174390092135,-1.145910078246897,0.2138299697167074,0.6239144954653514,0.62866357096917,0.29372518397999586,-0.39573610783700375,-0.06306470706933226,-0.24166938846563232,0.15098940328084468,1.0891704340847093,-0.031540497648529946,-0.015172313671308077,0.09441894753039276,0.6184742269544498,0.34859598547346854,-0.22888773943338592,0.02773433595069975,0.25395202603480194,0.17721321186467692,0.4119970175350347,0.07325036721921857,-0.33878506982562817,-0.26424504857190645,0.33479430327159293,-0.024280211217475985,-0.09993337472441657,-0.07845843047933256,0.5088370089969847,0.5786741626013453,-0.433630490138603,-0.3464904447543213,-0.0077297115000451635,0.21068872548377682,-0.2602044822097585,-0.8197493479737014,0.1437926601321283,-0.8498657235254107,0.12316891244398566,0.6224190113683715,0.2384132417196628,0.5872883285621282,0.3922557120223122
-0.20259037512380018,0.15962592901007885,-0.03545949585158515,-0.15088720441567235,-0.0011168868126227298,-0.20110580373348946,0.14134352648279153,-0.2796264275266522,0.013763797045522455,0.054023145084801064,-0.17391871227833106,-0.031540497648529946,0.4515809592599745,-0.12110450821062103,-0.14614782712562296,-0.08983743039692713,-0.040905029925863624,-0.027376801571563036,0.11910846949318134,0.12883758867140938,0.1638102155927841,0.210840318168583,-0.07321271478533543,-0.184139918020032,-0.048030214074586915,-0.07057954765049573,0.12808503266448631,-0.08808055975030726,0.07439694113027573,0.07407284056358479,0.14716216887288003,-0.03085674437913523,-0.11361904958035107,0.14141398896994506,-0.005968906606780077,0.08709655342341602,0.09534856623989238,-0.2368544208357283,0.25764486378516227,-0.03799980713978249,0.08032596069675628,-0.17426782887738654,0.06923281051277823,-0.1761895961103507
0.4154261340430638,-1.7172335782502937,0.8252464210607784,1.0255689957991578,-0.5800972821417981,0.03006471426129545,0.3157977683457254,-0.13181395148069988,0.47582908592287276,1.231696601169456,-0.6675432963979602,-0.015172313671308077,-0.12110450821062103,2.3106633938221375,0.5087454787255792,-1.5636336979602399,-0.2700432901433938,0.7253766971345126,-0.7350696255916859,-0.5249908573913641,0.4760809640521152,1.2820099078892702,0.1743465491868096,-0.2934634318266817,0.3420204878102175,0.9886821410332465,0.5705224221977845,1.674195693907939,1.1500987995866532,0.4021580873011608,-1.4781395390369738,1.966283871427687,1.595007750479066,0.7514761421979945,-1.7105480104120618,1.465770776944285,0.9989317800798082,2.092803815195781,0.5905994712708806,0.19213628161958404,1.5992957788449618,1.012894716404118,-0.793895814905391,0.46059444005175815
0.23472357320166387,-0.3312101560330609,0.03296641879688366,0.37037896497833706,0.035903605179700905,0.10139298145776213,-0.12217969745666256,0.1259281730843508,-0.030116743761124224,-0.033969819382707864,0.01491862538303605,0.09441894753039276,-0.14614782712562296,0.5087454787255792,0.365801867421345,-0.21220227372605344,-0.09530329651478364,0.05810215737185929,-0.07329726616896051,-0.16235820186519012,-8.747318915086036e-4,0.050249240602907023,0.19234760691075492,-0.07089942773168434,0.07869631726938853,-0.040165546747873614,0.1506660828415872,0.45128331155641155,0.05630885244919894,-0.014373987963448246,-0.2309944581290268,0.4138388318932222,0.20959887856034445,0.04775348951176562,-0.2818030067195321,0.14258512479263644,0.20790830634433197,0.44181549580164525,-0.13235920724670738,-0.0632474909256075,0.07453258312288945,0.38522790715466565,-0.2826232929640706,0.17993994978164163
-0.05016927330241278,2.8445334867960006,-2.6924041547288216,-1.5297288177921466,2.588157733263232,-0.5361406541176278,-1.0345586374950242,-0.9564414511624725,-0.6377807118509685,-3.0848239469602596,0.9025897542024621,0.6184742269544498,-0.08983743039692713,-1.5636336979602399,-0.21220227372605344,3.526845859371174,0.014770825714668505,-0.43537179846943647,1.849790907260202,1.0990519387190893,-2.0879848505980285,-1.1795900381565574,-0.7409295519890587,-0.4249267099481454,-0.7805301181207219,-2.8134941031428853,-0.23218708164682378,-2.6439709636857787,-3.036567427175293,0.12388556619529092,3.077354793654677,-3.7493302113605145,-3.588477227235133,-0.9272155271898279,3.0945084314076774,-2.8131036834298517,-1.3264540811481842,-4.046237006063823,-1.530133104830381,-0.60009941632352,-2.948504612192559,-0.3723729029470728,0.609029283300398,-0.6844783746112771
-0.07334712412866677,0.3045728051524197,-0.20415290244314627,0.1251924907335647,-0.08131309505419491,0.437532951145443,0.43986445739145047,0.017466558702607143,0.07311406818578828,0.2937946788269961,0.18860149299845128,0.34859598547346854,-0.040905029925863624,-0.2700432901433938,-0.09530329651478364,0.014770825714668505,0.37396599344152137,-0.05702010363476826,-0.05504362807548768,0.28078616827928743,0.3309264698159354,0.2690732205289965,0.020139517810138882,-0.006987791666469086,-0.04588088749217159,0.6039858399086555,-0.14180606342241767,-0.05039540953490976,0.3215908696509178,0.15414987263783056,-0.04941819585356557,-0.0019947360059720367,0.051911828339170775,0.21062747324705589,0.0298136736863398,0.19898085767734847,-0.4139268374575175,0.5373824238213715,-0.259100272274086,0.18796673462983812,0.7639469508765939,-0.2878240558972253,0.3669290805578563,0.32021099443129153
-0.10191944660652705,-0.506487917410791,0.3094799620853467,0.14327239894978142,-0.16700812429776857,-0.14986099252221163,0.17060467449310546,-0.1221010642743863,0.25951348869457147,0.3694884884680187,-0.15452601100356358,-0.22888773943338592,-0.027376801571563036,0.7253766971345126,0.05810215737185929,-0.43537179846943647,-0.05702010363476826,0.4609160428157816,-0.02898565354472737,0.10570147866249234,-0.09056852222400269,0.5105611210260966,-0.16220523304608347,-0.16112013287851995,0.0898287249609558,0.1913847545793643,0.16339176187413046,0.29012834594714854,0.28148464314251664,0.0838628565904604,-0.4739611929499962,0.4782950930289958,0.2873755520098275,0.42655438290337105,-0.35809412360874293,0.47733704666438564,0.4272776935032124,0.5830539686381441,0.3632823625682242,0.10874390741779746,0.5462578005182877,0.027125988712672883,-0.25422864597307304,0.10201143678549639
-0.34086368193789224,1.542358878821405,-1.3779186781221189,-0.8898416544697112,1.4679874744115984,-0.5510595932829263,-0.5173967004160862,-0.5820362840152624,-0.28104840340757176,-1.7717980977089416,0.598172062344269,0.02773433595069975,0.11910846949318134,-0.7350696255916859,-0.07329726616896051,1.849790907260202,-0.05504362807548768,-0.02898565354472737,1.3829141294718652,0.9014380445887615,-1.3357483902897627,-0.5226849419989168,-0.5849985776713337,-0.32215060866078277,-0.3727409652817707,-1.83843869010923,0.02107324832425614,-1.4838282242287226,-1.7476931044658097,-0.0011214637089849535,1.5885088209447802,-1.9971111696556918,-2.2483722143139895,-0.16796253324955496,1.7852236697557629,-1.4002938547492727,-0.4194123861134438,-2.1732621585723764,-0.6107078203056878,-0.4264800397528055,-1.6481612495326088,-0.4757980122407674,0.0783994204696594,-0.4350841264517238
-0.44558734726456595,1.2188352447512032,-1.1305998733085476,-0.40143523884112375,0.8010784196195619,-0.01440789688502712,0.21453531208330595,-0.5420914080788398,0.05299743986953618,-0.8233478765548512,0.5539779120026547,0.25395202603480194,0.12883758867140938,-0.5249908573913641,-0.16235820186519012,1.0990519387190893,0.28078616827928743,0.10570147866249234,0.9014380445887615,1.125195171726057,-0.6274884604355468,0.22583646295501972,-0.5046850626636658,-0.37869608713754327,-0.29576356341131843,-0.6127905088429068,-0.12339698949989401,-0.893010893939905,-0.6735024570767872,0.25389128449379794,0.8657554763996435,-1.229727759582904,-1.3908234966274156,0.3180647536035986,1.0184448500372365,-0.5942766410722313,-0.4572366706004002,-0.7530417638314505,-0.5039597827980721,-0.038487807877640605,0.005489788704787591,-0.7042270354734902,0.44425629845717934,0.018153023821301403
0.12567280009142093,-1.3139654611197304,1.4180759885301812,1.0658155389077533,-1.6867474199486205,0.7976741374968471,1.0225585266997423,0.5601572716959815,0.337618593402555,2.139092403609173,-0.4843913481242372,0.17721321186467692,0.1638102155927841,0.4760809640521152,-8.747318915086036e-4,-2.0879848505980285,0.3309264698159354,-0.09056852222400269,-1.3357483902897627,-0.6274884604355468,1.9813628146265843,0.906319158843532,0.6518044769215567,0.3477816304266052,0.4058362281233526,2.3723160497492586,0.05057585117740424,1.6315067508796313,2.2422527871807745,0.19400671462913135,-1.7334413425285833,2.2730740769818794,2.375202794773813,0.5382891248328502,-1.9243088139943494,1.8180507381349773,0.23045014202000136,2.732717778746116,0.569410357253647,0.44119184054188404,2.4770191062898244,0.14683736881643555,0.023153542945546602,0.6705172685470425
-0.01442499246128783,-0.7068870728387364,0.24420571941204602,0.791002674917825,-0.5918112348774358,0.42497126879900227,0.9991283094286468,-0.42019438414535115,0.562120488462149,1.3615565148444917,-0.4035646417641597,0.4119970175350347,0.210840318168583,1.2820099078892702,0.050249240602907023,-1.1795900381565574,0.2690732205289965,0.5105611210260966,-0.5226849419989168,0.22583646295501972,0.906319158843532,1.657396894901203,-0.022841757163578842,-0.39318813407226005,0.13195590935973073,1.5518566365984816,0.29051545890163877,1.0986648004937936,1.4257146261759608,0.6891970083341605,-1.0596556122709986,1.3731222913043288,1.1828938842564394,1.011525360474276,-1.294485881873693,1.4279568648283918,0.2845596628338172,2.063259370680302,0.32485610174621704,0.3906066183367674,2.4977922838076085,0.16456957577143766,0.05733555807700685,0.6180694459555187
0.2654616119824952,-0.5908668226075755,0.591285723395641,0.4575264006048535,-0.5618944345235946,0.30594535404454687,0.10897042672885392,0.40248866502467895,-0.03534655365204754,0.562992165566957,-0.154216297033975,0.07325036721921857,-0.07321271478533543,0.1743465491868096,0.19234760691075492,-0.7409295519890587,0.020139517810138882,-0.16220523304608347,-0.5849985776713337,-0.5046850626636658,0.6518044769215567,-0.022841757163578842,0.48874937766890403,0.15724378947010026,0.1702183843900349,0.6311860941920615,0.010338387266671634,0.654785097330977,0.6478181229308982,-0.1135627309716376,-0.5403992868277889,0.8629372458629652,0.9156025809494445,-0.07767952027249078,-0.6403486983270917,0.5085838046112378,0.1419957382965661,0.8418845289477038,0.0783722609073446,0.10335900530284936,0.48432568722987895,0.3004289597251025,-0.1299500323894972,0.24416135548461426
-0.023099442648383376,-0.43834477579466863,0.7273311326145411,0.10386197983836516,-0.5874356786322299,0.07095330021576926,-0.042050172112318866,0.5682549341803876,-0.04472239204578361,0.4252527015864086,0.02185749051717605,-0.33878506982562817,-0.184139918020032,-0.2934634318266817,-0.07089942773168434,-0.4249267099481454,-0.006987791666469086,-0.16112013287851995,-0.32215060866078277,-0.37869608713754327,0.3477816304266052,-0.39318813407226005,0.15724378947010026,0.5469465073742454,0.20098516734028307,0.37440980070312474,-0.14041291321656538,0.26084351672190825,0.3464957882461597,-0.25636859153632,-0.5243920032857616,0.4421281646601787,0.5604643002683013,-0.17824630803378524,-0.33200460642099094,0.21739136321546418,0.04645094660123058,0.38738763980741925,0.2124480181353666,-0.02190982548462973,-0.112494222631228,-0.055641925097854913,-0.15925966724784915,-0.020898054898520792
6.711817077726025e-4,-0.6977191022845266,0.708839742041844,0.33833511596687466,-0.5921993665863867,0.05382193135074738,0.13400524216807153,0.31310609401218886,0.11315239976123884,0.6412154988547923,-0.15370665047956833,-0.26424504857190645,-0.048030214074586915,0.3420204878102175,0.07869631726938853,-0.7805301181207219,-0.04588088749217159,0.0898287249609558,-0.3727409652817707,-0.29576356341131843,0.4058362281233526,0.13195590935973073,0.1702183843900349,0.20098516734028307,0.22664424192244242,0.5291925948348307,0.05856721992862418,0.6017889059162208,0.6005478961593834,-0.09158312294297817,-0.7391799224010411,0.8447769972475938,0.7755996150192527,0.1746355961397644,-0.6538119850467395,0.6137588989939013,0.3570094511967968,0.8528359907399399,0.34839567419981227,0.0611434023560003,0.4757336881048023,0.09767711572499625,-0.2730900591563422,0.11935595271246012
0.12232145443259732,-1.841244404288882,1.692961542662676,1.5486672591204824,-2.225033831446785,1.3010981624990705,1.5828981675612956,0.6985813924536409,0.6717910883948932,3.133415001662325,-0.5795899755928682,0.33479430327159293,-0.07057954765049573,0.9886821410332465,-0.040165546747873614,-2.8134941031428853,0.6039858399086555,0.1913847545793643,-1.83843869010923,-0.6127905088429068,2.3723160497492586,1.5518566365984816,0.6311860941920615,0.37440980070312474,0.5291925948348307,3.5791110471511502,-0.06740238617951266,2.2209479654959874,3.1133555471569805,0.3750805498855454,-2.6042510659419165,3.0781887117675044,3.2296148080559832,0.9797364448786825,-2.694263032370264,2.6123302886384034,0.20328368658743,4.268721013199801,0.698508306059941,0.8422618028324413,3.847502120439837,0.10784393296225041,0.27143405390789005,1.1085428196307026
0.08408709755129307,-0.29627787125306,0.12356083409305002,0.1279052987841622,0.06276874063362418,-0.19435418299542342,-0.04043458474562373,-0.16658076318488027,0.04051124565423266,0.10149782763755767,-0.21393815389530052,-0.024280211217475985,0.12808503266448631,0.5705224221977845,0.1506660828415872,-0.23218708164682378,-0.14180606342241767,0.16339176187413046,0.02107324832425614,-0.12339698949989401,0.05057585117740424,0.29051545890163877,0.010338387266671634,-0.14041291321656538,0.05856721992862418,-0.06740238617951266,0.30672943956027166,0.2800481441029608,0.05031875211893053,0.11161845547470836,-0.14944849549575642,0.34120178265530027,0.12333725931122515,0.1852685007656912,-0.23165123358147427,0.25012150652198106,0.290645434212113,0.144886031382853,0.17302307341921916,-0.10947858275667348,0.09214160776805283,0.30195111089459536,-0.34776673136608544,-0.009700499928136135
0.3323054293093198,-2.2655974403047057,1.700803293341759,1.57979963928174,-1.7892760075259575,0.639500501673788,0.7288062560589246,0.678559398548329,0.48373181365919293,2.2670730498679452,-0.6535384444477188,-0.09993337472441657,-0.08808055975030726,1.674195693907939,0.45128331155641155,-2.6439709636857787,-0.05039540953490976,0.29012834594714854,-1.4838282242287226,-0.893010893939905,1.6315067508796313,1.0986648004937936,0.654785097330977,0.26084351672190825,0.6017889059162208,2.2209479654959874,0.2800481441029608,2.4907757821628045,2.3611650197912244,0.15135205168689256,-2.45176986399537,3.0546513677811404,2.8489512832543342,0.7133985946313957,-2.6750316080358503,2.150497510998744,0.9464557422312563,3.4514431862165065,0.7982257643098656,0.3754058529998096,2.467168704961553,0.7604171225277598,-0.5323512402491017,0.710440715440319
0.021701148843843197,-2.164538035823678,2.0294613189520008,1.510027511491427,-2.358390938620863,0.9298376479911961,1.3681232750278134,0.7380341733577127,0.6744882834558698,2.9681748793976865,-0.6642710451603261,-0.07845843047933256,0.07439694113027573,1.1500987995866532,0.05630885244919894,-3.036567427175293,0.3215908696509178,0.28148464314251664,-1.7476931044658097,-0.6735024570767872,2.2422527871807745,1.4257146261759608,0.6478181229308982,0.3464957882461597,0.6005478961593834,3.1133555471569805,0.05031875211893053,2.3611650197912244,3.074398487049451,0.20168654945389403,-2.6994954175078094,3.267931130701415,3.2722279178567937,0.9776961482973264,-2.819587372998552,2.607915879376952,0.7077404789960738,4.034686436147662,1.0418920843264445,0.7189239077993136,3.4885344911650136,0.1304618793964013,-0.07400036767217905,0.9037489569414053
0.09563871385200631,0.23850945523380523,-0.5223198538887872,0.1902889480921886,0.23232775874520892,0.2090024662873973,0.33187981145292456,-0.4605732401258477,0.15978595695650985,0.11746271081791675,-0.06699418395979036,0.5088370089969847,0.07407284056358479,0.4021580873011608,-0.014373987963448246,0.12388556619529092,0.15414987263783056,0.0838628565904604,-0.0011214637089849535,0.25389128449379794,0.19400671462913135,0.6891970083341605,-0.1135627309716376,-0.25636859153632,-0.09158312294297817,0.3750805498855454,0.11161845547470836,0.15135205168689256,0.20168654945389403,0.5254353508257046,0.08962212284673005,-0.01681322381633055,-0.0065428651315648295,0.287339942250605,-0.14868292913343545,0.18035265101681888,-0.23415711115658647,0.2993719325043372,-0.26677225769066876,0.07008812684783672,0.8324246830951533,0.15827113190674444,0.19339716220054393,0.22794315789511077
-0.013433791379038726,2.609143233246246,-2.3658025429833445,-1.4755713713051453,2.3141879343625043,-0.5809116355287876,-0.9287969431794756,-0.9900540210826534,-0.623191201642724,-2.805384942214968,0.6471249339856937,0.5786741626013453,0.14716216887288003,-1.4781395390369738,-0.2309944581290268,3.077354793654677,-0.04941819585356557,-0.4739611929499962,1.5885088209447802,0.8657554763996435,-1.7334413425285833,-1.0596556122709986,-0.5403992868277889,-0.5243920032857616,-0.7391799224010411,-2.6042510659419165,-0.14944849549575642,-2.45176986399537,-2.6994954175078094,0.08962212284673005,2.9677498467627617,-3.3605492340737992,-3.1665040388656007,-0.900620931047272,2.816753027056579,-2.517194407127452,-1.1105834159946002,-3.885847385188029,-1.2533757347215946,-0.5171742042201705,-2.6890107186060175,-0.31796433817082514,0.5630637956724719,-0.6967206901323588
0.22364687479358997,-3.111310305538663,2.7384392614403206,1.8672565625475106,-2.642693560270843,0.7254817208947277,1.0992267574698342,1.0528279978580206,0.6700597937182794,3.2682935851477457,-0.9186082802341392,-0.433630490138603,-0.03085674437913523,1.966283871427687,0.4138388318932222,-3.7493302113605145,-0.0019947360059720367,0.4782950930289958,-1.9971111696556918,-1.229727759582904,2.2730740769818794,1.3731222913043288,0.8629372458629652,0.4421281646601787,0.8447769972475938,3.0781887117675044,0.34120178265530027,3.0546513677811404,3.267931130701415,-0.01681322381633055,-3.3605492340737992,4.171625856197533,3.8894206261073796,1.0221434838380397,-3.4347474101675557,3.0470320780029763,1.3435281114973876,4.62564363493962,1.4246451274878649,0.6082652960021865,3.3010449892902827,0.650662191703781,-0.7417085817143219,0.9004160571532305
0.3622777623280595,-2.972459398549155,2.723518614601136,1.6903314787772057,-2.74710818474889,0.8111558152792875,1.0546678172925283,1.0487861591057375,0.6245639178893462,3.2858298911165176,-1.001316636197321,-0.3464904447543213,-0.11361904958035107,1.595007750479066,0.20959887856034445,-3.588477227235133,0.051911828339170775,0.2873755520098275,-2.2483722143139895,-1.3908234966274156,2.375202794773813,1.1828938842564394,0.9156025809494445,0.5604643002683013,0.7755996150192527,3.2296148080559832,0.12333725931122515,2.8489512832543342,3.2722279178567937,-0.0065428651315648295,-3.1665040388656007,3.8894206261073796,4.037790526753353,0.6904349401970901,-3.3483545674469197,2.832226615552124,1.1121213768958533,4.242590505914574,1.3387721097695755,0.6898090671856651,3.193120286995227,0.6790301144117934,-0.460900499053431,0.8199292773592747
-0.26032686587628023,-0.515975827565043,0.37438569282559114,0.5231185573533661,-0.5072399484478075,0.24509802884129564,0.7347520655983723,-0.09336002854956933,0.41982474659025393,0.9584707205824621,-0.07627728344946921,-0.0077297115000451635,0.14141398896994506,0.7514761421979945,0.04775348951176562,-0.9272155271898279,0.21062747324705589,0.42655438290337105,-0.16796253324955496,0.3180647536035986,0.5382891248328502,1.011525360474276,-0.07767952027249078,-0.17824630803378524,0.1746355961397644,0.9797364448786825,0.1852685007656912,0.7133985946313957,0.9776961482973264,0.287339942250605,-0.900620931047272,1.0221434838380397,0.6904349401970901,0.8959562226949671,-0.7897273777511054,1.0881286024181152,0.331061504876377,1.6106996244322673,0.3411244432886165,0.2559277536606328,1.6596127519166533,-0.2167656941475969,-0.10921540305734553,0.4460374996549233
-0.2609080562292372,2.5871331764485985,-2.075472774139422,-1.6129264940214092,2.2165332494488617,-0.6616230621652084,-0.9357148275077803,-0.7251512735884147,-0.6062285407951895,-2.786723386764096,0.8805993588519991,0.21068872548377682,-0.005968906606780077,-1.7105480104120618,-0.2818030067195321,3.0945084314076774,0.0298136736863398,-0.35809412360874293,1.7852236697557629,1.0184448500372365,-1.9243088139943494,-1.294485881873693,-0.6403486983270917,-0.33200460642099094,-0.6538119850467395,-2.694263032370264,-0.23165123358147427,-2.6750316080358503,-2.819587372998552,-0.14868292913343545,2.816753027056579,-3.4347474101675557,-3.3483545674469197,-0.7897273777511054,3.090841010157926,-2.4761758564254177,-1.0471359333549408,-3.849038232708207,-1.1579689052546367,-0.5355724793382578,-2.8797298222858365,-0.6826006073717777,0.41669502802463304,-0.6930301676441037
-0.030184505234741744,-2.110571784889789,1.9742353435257218,1.3500466473441441,-1.9740843784409339,0.58463652686216006,1.1841077728893061,0.5564242733877515,0.6363324658401284,2.677254677260716,-0.6472260123549317,-0.2602044822097585,0.08709655342341602,1.465770776944285,0.14258512479263644,-2.8131036834298517,0.19898085767734847,0.47733704666438564,-1.4002938547492727,-0.5942766410722313,1.8180507381349773,1.4279568648283918,0.5085838046112378,0.21739136321546418,0.6137588989939013,2.6123302886384034,0.25012150652198106,2.150497510998744,2.607915879376952,0.18035265101681888,-2.517194407127452,3.0470320780029763,2.832226615552124,1.0881286024181152,-2.4761758564254177,2.561820151805121,0.9146484974887581,3.6466722396926228,1.0846043891379877,0.5489810606705661,3.0467708336421473,0.20633488671998726,-0.4305502089453711,0.7837044947839378
-0.05433269878810223,-1.4003335787942408,1.2839321372098775,0.37046439502931244,-0.8450940755182431,-0.4495279676941495,-0.06450554522549215,0.23535571088986046,0.23663205313937746,0.7507075548159404,-0.4726480489553508,-0.8197493479737014,0.09534856623989238,0.9989317800798082,0.20790830634433197,-1.3264540811481842,-0.4139268374575175,0.4272776935032124,-0.4194123861134438,-0.4572366706004002,0.23045014202000136,0.2845596628338172,0.1419957382965661,0.04645094660123058,0.3570094511967968,0.20328368658743,0.290645434212113,0.9464557422312563,0.7077404789960738,-0.23415711115658647,-1.1105834159946002,1.3435281114973876,1.1121213768958533,0.331061504876377,-1.0471359333549408,0.9146484974887581,1.179498318595975,0.8564876668322075,0.9523720355783016,-0.00999106032617455,0.34378274028068473,0.2931450722811814,-0.7755357798705064,-0.0911474133447236
0.11796629434718318,-2.972464032717924,2.418416790021666,2.433141920231653,-2.852239674282169,1.5911247426867605,1.9123042210212797,1.1595544921888987,0.9451554095894424,3.940398370940371,-0.5720123831442689,0.1437926601321283,-0.2368544208357283,2.092803815195781,0.44181549580164525,-4.046237006063823,0.5373824238213715,0.5830539686381441,-2.1732621585723764,-0.7530417638314505,2.732717778746116,2.063259370680302,0.8418845289477038,0.38738763980741925,0.8528359907399399,4.268721013199801,0.144886031382853,3.4514431862165065,4.034686436147662,0.2993719325043372,-3.885847385188029,4.62564363493962,4.242590505914574,1.6106996244322673,-3.849038232708207,3.6466722396926228,0.8564876668322075,6.284716239003708,1.0322880986888698,1.017227543955971,4.935187930451862,0.31084852162506643,-0.23379348558152785,1.598538389988493
-0.2440177002222605,-1.3889715449997515,1.54536281594131,0.20263602032627254,-1.1770863787983972,-0.3781557679065506,0.2158097811339232,0.3125724257503477,0.2876387074889643,1.2357388489896182,-0.6040675177279009,-0.8498657235254107,0.25764486378516227,0.5905994712708806,-0.13235920724670738,-1.530133104830381,-0.259100272274086,0.3632823625682242,-0.6107078203056878,-0.5039597827980721,0.569410357253647,0.32485610174621704,0.0783722609073446,0.2124480181353666,0.34839567419981227,0.698508306059941,0.17302307341921916,0.7982257643098656,1.0418920843264445,-0.26677225769066876,-1.2533757347215946,1.4246451274878649,1.3387721097695755,0.3411244432886165,-1.1579689052546367,1.0846043891379877,0.9523720355783016,1.0322880986888698,1.2412166815420191,0.154633343108158,0.5961145204952297,-0.029930732285876033,-0.477915643048852,-0.15635855547525546
-0.016617478265983015,-0.3391981237585308,0.2818214941672868,0.2898459473286415,-0.4716783613003042,0.37250847365973877,0.45610457976792623,0.11944916677324037,0.21214081615544414,0.6913113029423973,-0.09100176594287687,0.12316891244398566,-0.03799980713978249,0.19213628161958404,-0.0632474909256075,-0.60009941632352,0.18796673462983812,0.10874390741779746,-0.4264800397528055,-0.038487807877640605,0.44119184054188404,0.3906066183367674,0.10335900530284936,-0.02190982548462973,0.0611434023560003,0.8422618028324413,-0.10947858275667348,0.3754058529998096,0.7189239077993136,0.07008812684783672,-0.5171742042201705,0.6082652960021865,0.6898090671856651,0.2559277536606328,-0.5355724793382578,0.5489810606705661,-0.00999106032617455,1.017227543955971,0.154633343108158,0.34943884583878093,0.9988187181063709,-0.11869980852286917,0.22980076835661573,0.308377551150554
-0.03158014885492453,-1.7239515336585907,1.2969954953918383,1.8434819236220625,-2.1030626341058896,1.450969612264413,2.099350167880077,0.2196134347289287,0.9871428882476959,3.2305397149384216,-0.5033758023351173,0.6224190113683715,0.08032596069675628,1.5992957788449618,0.07453258312288945,-2.948504612192559,0.7639469508765939,0.5462578005182877,-1.6481612495326088,0.005489788704787591,2.4770191062898244,2.4977922838076085,0.48432568722987895,-0.112494222631228,0.4757336881048023,3.847502120439837,0.09214160776805283,2.467168704961553,3.4885344911650136,0.8324246830951533,-2.6890107186060175,3.3010449892902827,3.193120286995227,1.6596127519166533,-2.8797298222858365,3.0467708336421473,0.34378274028068473,4.935187930451862,0.5961145204952297,0.9988187181063709,5.11650425472859,-0.04142831671469687,0.3322087503979703,1.4877836761606058
0.64812993841302,-0.7345907537740112,0.16154111892202397,0.4498142169470807,0.005295127959791724,-0.012816553021602043,-0.33025324256039884,-0.033014629728116834,-0.05752760453819823,0.18089582420092148,-0.4421313154911047,0.2384132417196628,-0.17426782887738654,1.012894716404118,0.38522790715466565,-0.3723729029470728,-0.2878240558972253,0.027125988712672883,-0.4757980122407674,-0.7042270354734902,0.14683736881643555,0.16456957577143766,0.3004289597251025,-0.055641925097854913,0.09767711572499625,0.10784393296225041,0.30195111089459536,0.7604171225277598,0.1304618793964013,0.15827113190674444,-0.31796433817082514,0.650662191703781,0.6790301144117934,-0.2167656941475969,-0.6826006073717777,0.20633488671998726,0.2931450722811814,0.31084852162506643,-0.029930732285876033,-0.11869980852286917,-0.04142831671469687,1.0611899079681895,-0.4221864321347163,0.05295884614782915
-0.09886196373284037,0.9006029278227058,-0.8711813011022268,-0.18837713882767368,0.26528078424529644,0.46662171644992,0.3070040338343995,-0.21887776867721884,-0.01623002758210565,-0.18376867816670625,0.2107067040793264,0.5872883285621282,0.06923281051277823,-0.793895814905391,-0.2826232929640706,0.609029283300398,0.3669290805578563,-0.25422864597307304,0.0783994204696594,0.44425629845717934,0.023153542945546602,0.05733555807700685,-0.1299500323894972,-0.15925966724784915,-0.2730900591563422,0.27143405390789005,-0.34776673136608544,-0.5323512402491017,-0.07400036767217905,0.19339716220054393,0.5630637956724719,-0.7417085817143219,-0.460900499053431,-0.10921540305734553,0.41669502802463304,-0.4305502089453711,-0.7755357798705064,-0.23379348558152785,-0.477915643048852,0.22980076835661573,0.3322087503979703,-0.4221864321347163,0.9186354608111533,0.10085493328496707
0.12238810151617546,-0.3700702206851215,0.18302649300896776,0.6588305751296979,-0.4379848573705705,0.653687336222595,0.5973451532882158,0.19439924158655883,0.2225366108408747,0.7734062324524157,0.06347222539317353,0.3922557120223122,-0.1761895961103507,0.46059444005175815,0.17993994978164163,-0.6844783746112771,0.32021099443129153,0.10201143678549639,-0.4350841264517238,0.018153023821301403,0.6705172685470425,0.6180694459555187,0.24416135548461426,-0.020898054898520792,0.11935595271246012,1.1085428196307026,-0.009700499928136135,0.710440715440319,0.9037489569414053,0.22794315789511077,-0.6967206901323588,0.9004160571532305,0.8199292773592747,0.4460374996549233,-0.6930301676441037,0.7837044947839378,-0.0911474133447236,1.598538389988493,-0.15635855547525546,0.308377551150554,1.4877836761606058,0.05295884614782915,0.10085493328496707,0.6355000822781083
