V1,V2,V3,V4,V5,V6,V7,V8,V9,V10,V11,V12,V13,V14,V15,V16,V17,V18,V19,V20,V21,V22,V23,V24,V25,V26,V27,V28,V29,V30,V31,V32,V33,V34,V35,V36,V37,V38,V39,V40,V41,V42,V43,V44
0.6429277563503458,0.1309729170277036,-0.008946051394267856,0.20906432330675756,0.12851408297670935,-0.08429039019336035,-0.222646001078065,-0.11049440221127245,-0.2650101909992186,0.09562090991074697,-0.19754148934313615,0.5946267778131602,0.12745327957003336,-0.06487080127655184,0.08309782168859178,0.11719061988291482,0.15511517643106126,-0.40232629619883253,-0.0768624445589001,-0.37125861832495044,0.6053159167951845,0.12826581543111137,0.45896477775637934,0.0820280107468305,-0.11125607928701868,0.12816856135575355,0.45192263519986503,0.06730255564333354,0.16109116537995957,0.03827852901766719,0.49220960099312555,0.17472853783344522,0.15198635763054183,-0.16085490067624375,0.0406427516485024,0.05247507530265683,-0.28661564024934255,-0.24474960333594134,-0.17967954781962428,-0.3203732966712247,-0.20088414898768253,0.6957223196029279,-0.47696627755797066,0.12256506932824453
0.1309729170277036,3.2093043017291163,0.33769287500912343,0.004766932673070569,0.6297710329366291,-0.23135278831333353,1.6138801357033665,-1.6367124434890103,-1.7636579743467173,1.899970706859962,-1.5245169391303792,2.5161113421968198,4.447708411755249,-2.2590022022985274,-0.6667054725116589,-0.6207158258477634,0.8774800324423687,-3.4034481276816684,0.5769767577445271,-1.9924308360050185,7.111354236139985,1.2504952784103418,1.5735762894482355,1.1706316395399652,0.6064093979725195,2.3446583868821986,3.2782191913639682,0.34361150565971393,1.104581826863186,2.390886212571137,1.7166372557040388,1.2251198616690306,-0.32030310179832067,1.0045783495865053,0.4107504566175816,2.4052472915123646,-2.4408406511189438,-1.0540001464242874,-0.45280562734533936,-2.691715454799514,1.1871891717856402,0.797197370807311,-1.8139219211491675,-0.36804197407777356
-0.008946051394267856,0.33769287500912343,1.1069941944996884,-0.02241821286022375,0.03371528733221955,-0.7682496311741196,0.2614975981460162,-0.2690536333499955,-0.707020822590538,0.7524631661062878,-0.8046576178519276,0.3950778131513957,1.7865976801366994,-0.5339459807485487,-0.1381437763158845,-0.5879443939490192,0.011753232706580853,-1.094143930118833,0.3455047411307355,-1.114701673030743,2.6575990537621834,0.25250304981674626,0.8285449734451992,0.5578111446238817,0.3007210207995579,0.2812663718763943,1.7017996281325773,0.3792204128342835,0.4424966935244002,0.5162543919080421,0.41241664837800673,1.0482373469520223,0.10643273691201628,0.24643292367700662,0.0475700592324135,1.0840435927439243,-0.2697664946134022,-0.7483625180003947,0.4739341580009182,-1.2733877432721312,-0.36591607531237835,0.5818148592197134,-1.543654403336403,-0.39474359880995946
0.20906432330675756,0.004766932673070569,-0.02241821286022375,0.45547560309875157,0.023364737495390957,0.15504106323215813,-0.014555528070766972,0.026282307556405867,-0.006331862225515865,-0.0871202268285121,0.10913379629877042,0.13618272682814395,-0.40993912378281305,0.1482100730257505,0.020483620799322123,0.015050790407839451,0.11338443366437746,0.15582196112914334,0.08692969517896042,0.0020245252592729236,-0.2572768628516754,-0.10456232468728624,0.01756699229343512,0.0073795588759327105,-0.07704339685580698,0.054914430629865854,0.012087464057022674,-0.06179722721104058,0.16452770842670167,-0.021783606633630926,0.028622548980118873,0.1321194096472875,0.055278330209450825,0.001123807433529595,-0.12150128788168435,0.0025305998352752215,0.1889136840449316,0.2994384137988807,0.02553556124185634,0.16939684003393443,0.056884623400365666,0.14321626107794852,0.028036534810850805,0.1363633444383822
0.12851408297670935,0.6297710329366291,0.03371528733221955,0.023364737495390957,0.300716268981863,-0.09935162426783332,0.26449276019158513,-0.30226033220859033,-0.402694127688718,0.23535787476058834,-0.308393713989031,0.6601107111899415,0.822204180082577,-0.4411841244152633,-0.12095190217272192,0.06178902555662872,0.19881292421770144,-0.7075110489512118,0.1774047423632207,-0.4746475019035799,1.3670560286723874,0.210068033179139,0.4336968313400295,0.20089166457427585,0.013717262151461445,0.3345786425650766,0.7709158285275286,0.04009141920265885,0.15989632408433815,0.4716603538759745,0.5309799890198916,0.20841829986555382,-0.09412296399538767,0.04728541125110782,0.21919784856371202,0.3742459790346914,-0.562359822428908,-0.4635377669458311,-0.16227084806726466,-0.5212850895526167,-0.0025070187181957127,0.3331250476775664,-0.4421500823878794,-0.05220286570646027
-0.08429039019336035,-0.23135278831333353,-0.7682496311741196,0.15504106323215813,-0.09935162426783332,0.7964364863561179,-0.06928868708919782,0.26615854846210313,0.48475583745311274,-0.4870174535596166,0.5626006713580022,-0.31032485299862517,-1.3405499649147532,0.364428633577974,0.10112545537110018,0.3029540623369447,-0.03916920393887204,0.7738791500911854,-0.3398486234280491,0.6537454937797618,-1.8161040288910468,-0.3714328365682046,-0.646893949118921,-0.30938709762900696,-0.12223762780147376,-0.036261187156119874,-1.318253740906177,-0.1862216974976873,-0.2811762912276057,-0.24365662468679766,-0.5344897029992125,-0.6573225598853595,0.017927151138344605,-0.23140313979275848,-0.21896627412765826,-0.7463146091040639,0.21682794760146276,0.7546823512875772,-0.3709189996231315,0.980051778594612,0.41483493050097087,-0.484726569872911,1.3683494544432535,0.25382973729957375
-0.222646001078065,1.6138801357033665,0.2614975981460162,-0.014555528070766972,0.26449276019158513,-0.06928868708919782,1.3899004731291547,-0.9357226677608911,-0.8302336489000331,1.2047257136213403,-0.7579459736354022,1.5170359676009058,2.609079655121869,-1.2036779858321194,-0.444597848638726,-0.35619814213750167,0.645001531758197,-1.6553784685583308,0.3662580387470647,-0.636683642785121,4.061931019355549,1.0418743097254393,0.8429448146373519,0.4058148416406088,0.18279941368324443,1.3830522525735245,1.763312630125987,0.2510779342476369,0.9135796630084271,1.4318325779880121,0.8178375087416584,0.7379086433062222,-0.18085446483811896,0.6772236472724623,0.1285367124385456,1.3967211203811807,-1.4530717660344183,-0.3827196918045501,-0.11922605580240357,-1.2372481085156515,1.1356469356022925,0.14661225907097916,-0.7537453216503159,-0.11059063207108834
-0.11049440221127245,-1.6367124434890103,-0.2690536333499955,0.026282307556405867,-0.30226033220859033,0.26615854846210313,-0.9357226677608911,0.9644951222879153,0.93906053449657,-1.113255479715161,0.8442627483775313,-1.4479378081380847,-2.5262685344007574,1.173758238114426,0.3542644496493018,0.3418837504807433,-0.5543516471519359,1.781019152309417,-0.3615233981202718,0.8960647312368264,-3.9667191596523974,-0.9184093916290255,-0.9143912019057222,-0.5315329280934632,-0.23070095723945727,-1.2266032011580212,-1.879317845806218,-0.18583330453201302,-0.7347791372555528,-1.260350470002313,-1.0196494749748617,-0.7125421233103983,0.18401775601141696,-0.6215392887618431,-0.21383975304942077,-1.341352525939992,1.3331487260456059,0.6060517242586152,0.13395258491842393,1.4780288175731893,-0.7186787488444095,-0.4658974656975175,1.145864295608723,0.17084148315648498
-0.2650101909992186,-1.7636579743467173,-0.707020822590538,-0.006331862225515865,-0.402694127688718,0.48475583745311274,-0.8302336489000331,0.93906053449657,1.4415361006093133,-1.2189330521342954,1.2300202850316952,-1.6204807919609907,-3.151461808254662,1.409078386265209,0.28113375727565487,0.518227884707562,-0.40649634120372247,2.4038552809699167,-0.37259580513840723,1.7541654482623186,-5.036825971166251,-0.5803992091767404,-1.3316275979380852,-0.9232748897388626,-0.4290795215055474,-1.2282039448736009,-2.5426730350050364,-0.44095585683082955,-0.6678264069602875,-1.4647552327324114,-1.1436370345764328,-1.1107455104102537,0.08800812996486854,-0.38878742072436545,-0.17643261901130616,-1.546152865080781,1.4952131725987097,1.0973512505763376,0.08954404659944186,2.073208804497574,-0.09936051632623137,-0.9639021531617726,1.7367261703572,0.4610426171468722
0.09562090991074697,1.899970706859962,0.7524631661062878,-0.0871202268285121,0.23535787476058834,-0.4870174535596166,1.2047257136213403,-1.113255479715161,-1.2189330521342954,2.124935660867676,-1.4360281582620305,1.9102172128057797,3.866019600522753,-1.675020165686804,-0.6341376245877536,-0.7972021042259447,0.6463119178911967,-2.7338725482328003,0.3058531336421639,-1.672687905103249,6.019201073981385,1.227182853347434,1.5221989547225743,0.9170479946558487,0.5272842986538782,1.764643259078964,2.76560498696594,0.470284563944626,1.1325190786969306,1.733524193250546,1.2398249543337236,1.3506467696742526,-0.06210737543598587,0.7719109676547646,0.14029211173332803,2.3596688210697367,-1.785875650367767,-0.8206515524029485,-0.03855312792914616,-2.3919269070995144,0.9988595063071548,0.7879105747497678,-1.818499202277415,-0.3221896166248887
-0.19754148934313615,-1.5245169391303792,-0.8046576178519276,0.10913379629877042,-0.308393713989031,0.5626006713580022,-0.7579459736354022,0.8442627483775313,1.2300202850316952,-1.4360281582620305,1.3582942451753248,-1.5523584023476962,-3.2119937700993626,1.411236933690337,0.4069404559456232,0.5867718463089504,-0.3716680728267767,2.366147798835274,-0.29725209796062757,1.8015417304806765,-5.076878023118443,-0.7375884494603916,-1.3650443983912859,-0.8943655731116068,-0.42751017516666956,-1.2405368557744187,-2.5727027318506837,-0.44788027807631287,-0.7594853140125924,-1.4352926937568293,-1.1256586152772643,-1.2130406542498293,-0.006165039584581118,-0.3776975413244139,-0.18834276131413255,-1.6980389952207502,1.452840418212707,1.1288283255977072,0.0013910762312708185,2.1217998425576248,-0.24291955644232655,-0.9453255070463873,1.7402364776604604,0.4303015271942361
0.5946267778131602,2.5161113421968198,0.3950778131513957,0.13618272682814395,0.6601107111899415,-0.31032485299862517,1.5170359676009058,-1.4479378081380847,-1.6204807919609907,1.9102172128057797,-1.5523584023476962,3.107268158800521,4.157266324206092,-2.0020319491855987,-0.5894281692303648,-0.23923811259927,1.0653112602746335,-3.1579665821956464,0.43842348625800787,-1.7437229691219984,6.983611503969055,1.5713744713539721,1.964875840191766,0.8286825458484524,0.12702108605958534,2.0455994610088677,3.369796096432475,0.4107384175512338,1.4099355933601807,2.1849362337581333,2.0259797036943774,1.320563234336267,-0.13239297689539894,0.5640015722672898,0.35663502143412973,2.0649145651637393,-2.6366641586531028,-1.2703789641978596,-0.448466869955238,-2.491217168346298,1.103605842041857,1.336059289542725,-1.8456794370264693,-0.10760150710584744
0.12745327957003336,4.447708411755249,1.7865976801366994,-0.40993912378281305,0.822204180082577,-1.3405499649147532,2.609079655121869,-2.5262685344007574,-3.151461808254662,3.866019600522753,-3.2119937700993626,4.157266324206092,8.712401355007296,-3.831544092397566,-1.144209100380998,-1.456608763843655,1.2377516875228414,-6.099458290705659,0.9832745673434753,-3.8671033495832057,13.352674954481856,2.328439138553411,3.326195071619394,2.0895571096356917,1.0737583057531181,3.4160735536448947,6.470901280666747,1.0138837894962305,2.102167211957217,3.905037819783073,2.9250547736932475,2.8294096105742996,-0.37191448599278154,1.4696591759918198,0.5667765673118041,4.543224398339215,-4.0405691210044266,-2.600442172123072,-0.051370493987048786,-5.356950633807479,1.304162797529276,1.8410470445503062,-4.22595046504188,-1.0214244104309307
-0.06487080127655184,-2.2590022022985274,-0.5339459807485487,0.1482100730257505,-0.4411841244152633,0.364428633577974,-1.2036779858321194,1.173758238114426,1.409078386265209,-1.675020165686804,1.411236933690337,-2.0020319491855987,-3.831544092397566,1.8932802832011058,0.5656451116840118,0.5128785677210658,-0.6214552539151061,2.810101270949917,-0.4343867721269526,1.7414778099923847,-6.000428100501547,-0.9782677371759794,-1.4123114004432085,-0.9636485809267247,-0.473556862026131,-1.6700976169636665,-2.8113467789865996,-0.3483911823254084,-0.8901788615053735,-1.8894860570117915,-1.3744138118955687,-1.1100992496271567,0.24942186092009802,-0.6167922741839863,-0.3041776845443466,-1.9350750299557198,1.9706978491691907,1.1540963957599575,0.2194300525864825,2.3732440570289013,-0.7337830739221474,-0.7710248118603753,1.5869893371817603,0.41611376869707273
0.08309782168859178,-0.6667054725116589,-0.1381437763158845,0.020483620799322123,-0.12095190217272192,0.10112545537110018,-0.444597848638726,0.3542644496493018,0.28113375727565487,-0.6341376245877536,0.4069404559456232,-0.5894281692303648,-1.144209100380998,0.5656451116840118,0.3161208195011433,0.1905444169881136,-0.223688980932397,0.791309299669454,-0.1515009499848698,0.4478869533959202,-1.744498797322139,-0.4002176864220084,-0.4004588540740402,-0.2517065078178149,-0.13804493884364458,-0.5567700841281743,-0.7931893087501485,-0.023789698169770793,-0.3595360897198445,-0.5946127235595973,-0.4474389421044286,-0.34420496335125556,0.11240631204955329,-0.25616373866020486,-0.11216699607340012,-0.7481392705697129,0.5587902638553861,0.2272099182876205,0.01674608976441271,0.6615766777817315,-0.4256094054122838,-0.10299076459019806,0.4084515988245892,0.0787577423927699
0.11719061988291482,-0.6207158258477634,-0.5879443939490192,0.015050790407839451,0.06178902555662872,0.3029540623369447,-0.35619814213750167,0.3418837504807433,0.518227884707562,-0.7972021042259447,0.5867718463089504,-0.23923811259927,-1.456608763843655,0.5128785677210658,0.1905444169881136,0.6991531267885718,-0.03313502596125732,1.0117234483024473,-0.09729721209793163,0.8983946270294478,-2.1754297920208887,-0.2296522704422167,-0.4788576384782967,-0.524008414145146,-0.43703750002988995,-0.6718923679841551,-1.0305318858153885,-0.29513640165125793,-0.3532252953597802,-0.5671811157349625,-0.17883059684449945,-0.7153271118009382,-0.09280027810110672,-0.4094691932023292,0.08572961225820379,-1.0840435246794002,0.3085251427793751,0.12772748492788746,-0.19895041984863204,0.9553248452417159,-0.181052489275876,-0.19062603818920587,0.9229501672048708,0.29035731010578125
0.15511517643106126,0.8774800324423687,0.011753232706580853,0.11338443366437746,0.19881292421770144,-0.03916920393887204,0.645001531758197,-0.5543516471519359,-0.40649634120372247,0.6463119178911967,-0.3716680728267767,1.0653112602746335,1.2377516875228414,-0.6214552539151061,-0.223688980932397,-0.03313502596125732,0.5133437818588097,-0.8505963505004354,0.23978676798973744,-0.21688309032524045,2.1169362425747935,0.753816538378055,0.5480501052970812,0.13166845911356684,-0.05842980581855739,0.7602866938448183,1.0236531424266049,0.047913061556347045,0.6022423349847265,0.7082746682607585,0.6759169464882614,0.37249346649926185,-0.08740699814139974,0.3741032458425527,0.14500342910501232,0.7101156847339636,-0.8334086338293853,-0.21837480965497436,-0.14111829140669713,-0.6410963405041884,0.6793386667832192,0.2778478606507089,-0.5040036573063126,0.11554928853982904
-0.40232629619883253,-3.4034481276816684,-1.094143930118833,0.15582196112914334,-0.7075110489512118,0.7738791500911854,-1.6553784685583308,1.781019152309417,2.4038552809699167,-2.7338725482328003,2.366147798835274,-3.1579665821956464,-6.099458290705659,2.810101270949917,0.791309299669454,1.0117234483024473,-0.8505963505004354,4.705200716090082,-0.5121270845253407,3.2372586212162275,-9.671785209245355,-1.4171330159590392,-2.5391599513749776,-1.6802670778635242,-0.8705022123108415,-2.646221761979096,-4.63046081020162,-0.7927456542030837,-1.3805104713648664,-2.873272160545859,-2.2244228147762413,-1.993795105953057,0.13453904099512043,-0.8530796400314399,-0.4195416260859443,-3.265051941166383,3.050966054382448,1.8979227406512253,0.35787714384381475,3.9556980617407707,-0.7458576630482137,-1.6578922141752355,3.0401858254861303,0.7066756601042778
-0.0768624445589001,0.5769767577445271,0.3455047411307355,0.08692969517896042,0.1774047423632207,-0.3398486234280491,0.3662580387470647,-0.3615233981202718,-0.37259580513840723,0.3058531336421639,-0.29725209796062757,0.43842348625800787,0.9832745673434753,-0.4343867721269526,-0.1515009499848698,-0.09729721209793163,0.23978676798973744,-0.5121270845253407,0.4942819985031804,-0.24803612410249667,1.446815503248705,0.35158668237044194,0.325010621172501,0.20402433022749203,0.022533966272027944,0.22013444741542942,1.0181477372363117,-0.03247503910076005,0.32471267728644604,0.42806390119895277,0.439236114370872,0.4199670530686253,-0.2081742525604561,0.3622592005074297,0.19486618112069087,0.5582306547423794,-0.2560965511247598,-0.38738612905398406,0.21355665405316304,-0.6064685898932718,0.07745583336566043,0.12702431737305772,-0.717923536898938,-0.10133545500464185
-0.37125861832495044,-1.9924308360050185,-1.114701673030743,0.0020245252592729236,-0.4746475019035799,0.6537454937797618,-0.636683642785121,0.8960647312368264,1.7541654482623186,-1.672687905103249,1.8015417304806765,-1.7437229691219984,-3.8671033495832057,1.7414778099923847,0.4478869533959202,0.8983946270294478,-0.21688309032524045,3.2372586212162275,-0.24803612410249667,3.0032481575259844,-6.3261020081344475,-0.35623567703573306,-1.8005119174151174,-1.4646659799584902,-0.7981706561328753,-1.58166296322832,-3.2684207099517453,-0.6883937275389992,-0.6746287881153974,-1.7875798498413942,-1.3106412176077546,-1.6612052543368714,-0.1765084877564827,-0.2530748672692275,-0.2170534360245361,-2.2196926998852704,1.6732123290851117,1.483580143501264,0.1228551545846058,2.8186254231385144,0.21484187585214745,-1.4412326017908967,2.366360165753687,0.6915074600202746
0.6053159167951845,7.111354236139985,2.6575990537621834,-0.2572768628516754,1.3670560286723874,-1.8161040288910468,4.061931019355549,-3.9667191596523974,-5.036825971166251,6.019201073981385,-5.076878023118443,6.983611503969055,13.352674954481856,-6.000428100501547,-1.744498797322139,-2.1754297920208887,2.1169362425747935,-9.671785209245355,1.446815503248705,-6.3261020081344475,21.14151103076214,3.672223175689505,5.402422654070661,3.36169581124377,1.576052490335198,5.691701805415514,10.29864916521309,1.6539376606760996,3.505806566578932,6.286973164778095,4.754298571350156,4.59393919680361,-0.34278470522467874,2.1605929922120137,0.81310369989387,7.086042819041088,-6.522812056154986,-3.94230635908045,-0.3385489025060716,-8.347678703436014,2.210615711029031,3.281304503185278,-6.5851000774457376,-1.3869792663118263
0.12826581543111137,1.2504952784103418,0.25250304981674626,-0.10456232468728624,0.210068033179139,-0.3714328365682046,1.0418743097254393,-0.9184093916290255,-0.5803992091767404,1.227182853347434,-0.7375884494603916,1.5713744713539721,2.328439138553411,-0.9782677371759794,-0.4002176864220084,-0.2296522704422167,0.753816538378055,-1.4171330159590392,0.35158668237044194,-0.35623567703573306,3.672223175689505,1.541156051003289,0.951650274629729,0.187192596702807,-0.052528882364436924,1.2517547859947127,1.8319590407583621,0.20210254727392277,1.0582983009492004,1.080577611212469,1.089174126579267,0.754152554367061,-0.020590521131656058,0.75433910086951,0.3056236088800533,1.3693469061803434,-1.3601496031346052,-0.46805573029626996,-0.08350016433101057,-1.2002157693592967,1.1450926654272346,0.40123056998349127,-1.1561908191352899,0.1529616028526918
0.45896477775637934,1.5735762894482355,0.8285449734451992,0.01756699229343512,0.4336968313400295,-0.646893949118921,0.8429448146373519,-0.9143912019057222,-1.3316275979380852,1.5221989547225743,-1.3650443983912859,1.964875840191766,3.326195071619394,-1.4123114004432085,-0.4004588540740402,-0.4788576384782967,0.5480501052970812,-2.5391599513749776,0.325010621172501,-1.8005119174151174,5.402422654070661,0.951650274629729,1.697954158629295,0.8046354190692762,0.29088459715952175,1.294929438205584,2.840928083668137,0.49379810227690074,0.9461785595205151,1.4447057463906756,1.450267403088262,1.3076608685982805,0.05707779186078802,0.35415392471671076,0.29583449797536343,1.8268464360747305,-1.6569121188089893,-1.2374918029792115,-0.09747768334195958,-2.2005995218882295,0.23017606408633945,1.2434522421765528,-2.027192302672879,-0.279255032205828
0.0820280107468305,1.1706316395399652,0.5578111446238817,0.0073795588759327105,0.20089166457427585,-0.30938709762900696,0.4058148416406088,-0.5315329280934632,-0.9232748897388626,0.9170479946558487,-0.8943655731116068,0.8286825458484524,2.0895571096356917,-0.9636485809267247,-0.2517065078178149,-0.524008414145146,0.13166845911356684,-1.6802670778635242,0.20402433022749203,-1.4646659799584902,3.36169581124377,0.187192596702807,0.8046354190692762,0.8464571823150233,0.48283899882414233,0.8814380918002044,1.6540484019868995,0.3059997641220444,0.3545173444234985,1.0101107063563912,0.6022066678036749,0.8316030054452377,-0.02789151996949286,0.2766040212542261,0.050335007090037916,1.1987189997587508,-0.8541664572544728,-0.6322415702188285,-0.009143567289135509,-1.4965493624863653,0.024937854986051167,0.5832939345558072,-1.1971630426347293,-0.4062126521433564
-0.11125607928701868,0.6064093979725195,0.3007210207995579,-0.07704339685580698,0.013717262151461445,-0.12223762780147376,0.18279941368324443,-0.23070095723945727,-0.4290795215055474,0.5272842986538782,-0.42751017516666956,0.12702108605958534,1.0737583057531181,-0.473556862026131,-0.13804493884364458,-0.43703750002988995,-0.05842980581855739,-0.8705022123108415,0.022533966272027944,-0.7981706561328753,1.576052490335198,-0.052528882364436924,0.29088459715952175,0.48283899882414233,0.42673409968116904,0.4806650564094328,0.6581210417956223,0.198440594373426,0.05516323127584362,0.4672371685846009,0.08315936977157547,0.38384170726150224,0.001206724833085138,0.2148192725602985,-0.018682259603032537,0.7214712926052406,-0.2953509382681774,-0.18328786306082978,-7.49638063391673e-4,-0.7778446051150069,0.02699787239292231,0.1227831836764311,-0.5285800616762408,-0.28038111050295184
0.12816856135575355,2.3446583868821986,0.2812663718763943,0.054914430629865854,0.3345786425650766,-0.036261187156119874,1.3830522525735245,-1.2266032011580212,-1.2282039448736009,1.764643259078964,-1.2405368557744187,2.0455994610088677,3.4160735536448947,-1.6700976169636665,-0.5567700841281743,-0.6718923679841551,0.7602866938448183,-2.646221761979096,0.22013444741542942,-1.58166296322832,5.691701805415514,1.2517547859947127,1.294929438205584,0.8814380918002044,0.4806650564094328,2.218306837508676,2.493465676855724,0.47627171191737755,1.1276175540864442,1.9085882063502682,1.1758207450616085,1.1517134182947266,0.08862490787911334,0.854122518131157,0.17201588686822677,2.111708293213999,-1.9835369442451214,-0.49055212192104075,-0.4240353538889228,-1.9858059063026157,1.3630322006469364,0.6404107895701343,-1.3384190469921067,-0.11881695588524885
0.45192263519986503,3.2782191913639682,1.7017996281325773,0.012087464057022674,0.7709158285275286,-1.318253740906177,1.763312630125987,-1.879317845806218,-2.5426730350050364,2.76560498696594,-2.5727027318506837,3.369796096432475,6.470901280666747,-2.8113467789865996,-0.7931893087501485,-1.0305318858153885,1.0236531424266049,-4.63046081020162,1.0181477372363117,-3.2684207099517453,10.29864916521309,1.8319590407583621,2.840928083668137,1.6540484019868995,0.6581210417956223,2.493465676855724,5.606605174886037,0.8281090933520483,1.7944479481813094,2.8792965237789927,2.518347009007137,2.584764488686708,-0.06600260344873442,1.0830478968894133,0.5962390103790882,3.541693049922681,-2.8872749167270193,-2.2925848181064006,0.09380193727850684,-4.2222605008319984,0.5846663419699767,1.9217688101794472,-3.878793229938545,-0.6559875347211804
0.06730255564333354,0.34361150565971393,0.3792204128342835,-0.06179722721104058,0.04009141920265885,-0.1862216974976873,0.2510779342476369,-0.18583330453201302,-0.44095585683082955,0.470284563944626,-0.44788027807631287,0.4107384175512338,1.0138837894962305,-0.3483911823254084,-0.023789698169770793,-0.29513640165125793,0.047913061556347045,-0.7927456542030837,-0.03247503910076005,-0.6883937275389992,1.6539376606760996,0.20210254727392277,0.49379810227690074,0.3059997641220444,0.198440594373426,0.47627171191737755,0.8281090933520483,0.4053275525132217,0.2389410479389739,0.40790828087543074,0.14791273553539158,0.49749046103173356,0.23738298519288478,0.0882165602830677,-0.014670174815801594,0.5689615865849075,-0.45454915289411774,-0.33418398942803423,-0.05541377425646214,-0.6660600015927219,-0.02285609820161532,0.3912665981757758,-0.6358666424974301,-0.1432434078975301
0.16109116537995957,1.104581826863186,0.4424966935244002,0.16452770842670167,0.15989632408433815,-0.2811762912276057,0.9135796630084271,-0.7347791372555528,-0.6678264069602875,1.1325190786969306,-0.7594853140125924,1.4099355933601807,2.102167211957217,-0.8901788615053735,-0.3595360897198445,-0.3532252953597802,0.6022423349847265,-1.3805104713648664,0.32471267728644604,-0.6746287881153974,3.505806566578932,1.0582983009492004,0.9461785595205151,0.3545173444234985,0.05516323127584362,1.1276175540864442,1.7944479481813094,0.2389410479389739,0.9987691115323056,1.043313137066488,0.8946917355720251,0.9156207113434714,0.03446785336376955,0.566456795432258,0.0933390641020944,1.3115128962283633,-1.0895581090640858,-0.34652365434767024,0.044393177247072826,-1.1731226050755623,0.8530746380747375,0.5012560737185398,-1.0941384843912285,0.030310549360372384
0.03827852901766719,2.390886212571137,0.5162543919080421,-0.021783606633630926,0.4716603538759745,-0.24365662468679766,1.4318325779880121,-1.260350470002313,-1.4647552327324114,1.733524193250546,-1.4352926937568293,2.1849362337581333,3.905037819783073,-1.8894860570117915,-0.5946127235595973,-0.5671811157349625,0.7082746682607585,-2.873272160545859,0.42806390119895277,-1.7875798498413942,6.286973164778095,1.080577611212469,1.4447057463906756,1.0101107063563912,0.4672371685846009,1.9085882063502682,2.8792965237789927,0.40790828087543074,1.043313137066488,2.1193781054918523,1.3799693175132468,1.2017167105740847,-0.20644378182115025,0.6669595233398248,0.20974471449274978,2.035794815401124,-2.1053686629247834,-1.006086308866077,-0.2579981757843,-2.319187116406792,0.97814934038018,0.7690705148670464,-1.541147391334257,-0.38410003703414786
0.49220960099312555,1.7166372557040388,0.41241664837800673,0.028622548980118873,0.5309799890198916,-0.5344897029992125,0.8178375087416584,-1.0196494749748617,-1.1436370345764328,1.2398249543337236,-1.1256586152772643,2.0259797036943774,2.9250547736932475,-1.3744138118955687,-0.4474389421044286,-0.17883059684449945,0.6759169464882614,-2.2244228147762413,0.439236114370872,-1.3106412176077546,4.754298571350156,1.089174126579267,1.450267403088262,0.6022066678036749,0.08315936977157547,1.1758207450616085,2.518347009007137,0.14791273553539158,0.8946917355720251,1.3799693175132468,1.6758934448728497,0.9257657910617099,-0.2086515300205752,0.4078922363720296,0.432477856194239,1.4995354186328247,-1.6692905094526413,-1.1339503850913542,-0.1762303597545897,-1.8896627941183366,0.42106589671729344,1.0338384702106471,-1.7014007553020853,-0.1383836160326423
0.17472853783344522,1.2251198616690306,1.0482373469520223,0.1321194096472875,0.20841829986555382,-0.6573225598853595,0.7379086433062222,-0.7125421233103983,-1.1107455104102537,1.3506467696742526,-1.2130406542498293,1.320563234336267,2.8294096105742996,-1.1100992496271567,-0.34420496335125556,-0.7153271118009382,0.37249346649926185,-1.993795105953057,0.4199670530686253,-1.6612052543368714,4.59393919680361,0.754152554367061,1.3076608685982805,0.8316030054452377,0.38384170726150224,1.1517134182947266,2.584764488686708,0.49749046103173356,0.9156207113434714,1.2017167105740847,0.9257657910617099,1.466172374167175,0.1756806092610202,0.5194137220719777,0.12127910922222174,1.7897942998964615,-1.0446815368143398,-0.8308561718533288,0.23155894363066865,-1.8881125623782953,0.23984064410543482,0.892414813171648,-1.9133299547222238,-0.30445732643501683
0.15198635763054183,-0.32030310179832067,0.10643273691201628,0.055278330209450825,-0.09412296399538767,0.017927151138344605,-0.18085446483811896,0.18401775601141696,0.08800812996486854,-0.06210737543598587,-0.006165039584581118,-0.13239297689539894,-0.37191448599278154,0.24942186092009802,0.11240631204955329,-0.09280027810110672,-0.08740699814139974,0.13453904099512043,-0.2081742525604561,-0.1765084877564827,-0.34278470522467874,-0.020590521131656058,0.05707779186078802,-0.02789151996949286,0.001206724833085138,0.08862490787911334,-0.06600260344873442,0.23738298519288478,0.03446785336376955,-0.20644378182115025,-0.2086515300205752,0.1756806092610202,0.43385914162988815,-0.09232154401085112,-0.049096928610520826,-0.012303930445709673,0.15861783858880968,0.10598987782723913,-0.0639600872212317,0.16822188116331002,-0.08979503286558876,0.18661852080475638,-0.06373479945509104,0.12594808547649036
-0.16085490067624375,1.0045783495865053,0.24643292367700662,0.001123807433529595,0.04728541125110782,-0.23140313979275848,0.6772236472724623,-0.6215392887618431,-0.38878742072436545,0.7719109676547646,-0.3776975413244139,0.5640015722672898,1.4696591759918198,-0.6167922741839863,-0.25616373866020486,-0.4094691932023292,0.3741032458425527,-0.8530796400314399,0.3622592005074297,-0.2530748672692275,2.1605929922120137,0.75433910086951,0.35415392471671076,0.2766040212542261,0.2148192725602985,0.854122518131157,1.0830478968894133,0.0882165602830677,0.566456795432258,0.6669595233398248,0.4078922363720296,0.5194137220719777,-0.09232154401085112,0.7872003383722485,0.13990389833207081,1.0720315387750998,-0.5297131938548856,-0.012723863826035964,0.09475319519852479,-0.7775304126542429,0.7526718502407398,-0.06120151019681457,-0.7726634031672094,-0.012016300020174635
0.0406427516485024,0.4107504566175816,0.0475700592324135,-0.12150128788168435,0.21919784856371202,-0.21896627412765826,0.1285367124385456,-0.21383975304942077,-0.17643261901130616,0.14029211173332803,-0.18834276131413255,0.35663502143412973,0.5667765673118041,-0.3041776845443466,-0.11216699607340012,0.08572961225820379,0.14500342910501232,-0.4195416260859443,0.19486618112069087,-0.2170534360245361,0.81310369989387,0.3056236088800533,0.29583449797536343,0.050335007090037916,-0.018682259603032537,0.17201588686822677,0.5962390103790882,-0.014670174815801594,0.0933390641020944,0.20974471449274978,0.432477856194239,0.12127910922222174,-0.049096928610520826,0.13990389833207081,0.353874061758368,0.32205269651615615,-0.3327112218938575,-0.4448499249315392,-0.10411441489118914,-0.3772164036883544,0.0023705709713834704,0.16413716741678908,-0.4422536036014923,0.03316896482031143
0.05247507530265683,2.4052472915123646,1.0840435927439243,0.0025305998352752215,0.3742459790346914,-0.7463146091040639,1.3967211203811807,-1.341352525939992,-1.546152865080781,2.3596688210697367,-1.6980389952207502,2.0649145651637393,4.543224398339215,-1.9350750299557198,-0.7481392705697129,-1.0840435246794002,0.7101156847339636,-3.265051941166383,0.5582306547423794,-2.2196926998852704,7.086042819041088,1.3693469061803434,1.8268464360747305,1.1987189997587508,0.7214712926052406,2.111708293213999,3.541693049922681,0.5689615865849075,1.3115128962283633,2.035794815401124,1.4995354186328247,1.7897942998964615,-0.012303930445709673,1.0720315387750998,0.32205269651615615,3.017280328800148,-1.884009938072071,-1.0211892948022552,0.03928942184908557,-2.8838098506153385,0.9637256740299045,0.940609106373672,-2.530154761877341,-0.3997597664485807
-0.28661564024934255,-2.4408406511189438,-0.2697664946134022,0.1889136840449316,-0.562359822428908,0.21682794760146276,-1.4530717660344183,1.3331487260456059,1.4952131725987097,-1.785875650367767,1.452840418212707,-2.6366641586531028,-4.0405691210044266,1.9706978491691907,0.5587902638553861,0.3085251427793751,-0.8334086338293853,3.050966054382448,-0.2560965511247598,1.6732123290851117,-6.522812056154986,-1.3601496031346052,-1.6569121188089893,-0.8541664572544728,-0.2953509382681774,-1.9835369442451214,-2.8872749167270193,-0.45454915289411774,-1.0895581090640858,-2.1053686629247834,-1.6692905094526413,-1.0446815368143398,0.15861783858880968,-0.5297131938548856,-0.3327112218938575,-1.884009938072071,2.5769040438075197,1.1933901473125321,0.528954218335845,2.351036996827873,-1.056958906540539,-0.9801014451342249,1.5011145043179586,0.24533551105519502
-0.24474960333594134,-1.0540001464242874,-0.7483625180003947,0.2994384137988807,-0.4635377669458311,0.7546823512875772,-0.3827196918045501,0.6060517242586152,1.0973512505763376,-0.8206515524029485,1.1288283255977072,-1.2703789641978596,-2.600442172123072,1.1540963957599575,0.2272099182876205,0.12772748492788746,-0.21837480965497436,1.8979227406512253,-0.38738612905398406,1.483580143501264,-3.94230635908045,-0.46805573029626996,-1.2374918029792115,-0.6322415702188285,-0.18328786306082978,-0.49055212192104075,-2.2925848181064006,-0.33418398942803423,-0.34652365434767024,-1.006086308866077,-1.1339503850913542,-0.8308561718533288,0.10598987782723913,-0.012723863826035964,-0.4448499249315392,-1.0211892948022552,1.1933901473125321,1.6442819822204517,0.0192262964346469,1.823379192332622,0.48898795091588404,-1.0185327215872753,1.649274832923425,0.45199206372948875
-0.17967954781962428,-0.45280562734533936,0.4739341580009182,0.02553556124185634,-0.16227084806726466,-0.3709189996231315,-0.11922605580240357,0.13395258491842393,0.08954404659944186,-0.03855312792914616,0.0013910762312708185,-0.448466869955238,-0.051370493987048786,0.2194300525864825,0.01674608976441271,-0.19895041984863204,-0.14111829140669713,0.35787714384381475,0.21355665405316304,0.1228551545846058,-0.3385489025060716,-0.08350016433101057,-0.09747768334195958,-0.009143567289135509,-7.49638063391673e-4,-0.4240353538889228,0.09380193727850684,-0.05541377425646214,0.044393177247072826,-0.2579981757843,-0.1762303597545897,0.23155894363066865,-0.0639600872212317,0.09475319519852479,-0.10411441489118914,0.03928942184908557,0.528954218335845,0.0192262964346469,0.539679657533929,0.03361983359812342,-0.2829353299926532,-0.1300590143595574,-0.31886765151846824,-0.13716245824850964
-0.3203732966712247,-2.691715454799514,-1.2733877432721312,0.16939684003393443,-0.5212850895526167,0.980051778594612,-1.2372481085156515,1.4780288175731893,2.073208804497574,-2.3919269070995144,2.1217998425576248,-2.491217168346298,-5.356950633807479,2.3732440570289013,0.6615766777817315,0.9553248452417159,-0.6410963405041884,3.9556980617407707,-0.6064685898932718,2.8186254231385144,-8.347678703436014,-1.2002157693592967,-2.2005995218882295,-1.4965493624863653,-0.7778446051150069,-1.9858059063026157,-4.2222605008319984,-0.6660600015927219,-1.1731226050755623,-2.319187116406792,-1.8896627941183366,-1.8881125623782953,0.16822188116331002,-0.7775304126542429,-0.3772164036883544,-2.8838098506153385,2.351036996827873,1.823379192332622,0.03361983359812342,3.641766245167984,-0.37988866648339736,-1.4865786829574699,2.992565251701994,0.7250620395005865
-0.20088414898768253,1.1871891717856402,-0.36591607531237835,0.056884623400365666,-0.0025070187181957127,0.41483493050097087,1.1356469356022925,-0.7186787488444095,-0.09936051632623137,0.9988595063071548,-0.24291955644232655,1.103605842041857,1.304162797529276,-0.7337830739221474,-0.4256094054122838,-0.181052489275876,0.6793386667832192,-0.7458576630482137,0.07745583336566043,0.21484187585214745,2.210615711029031,1.1450926654272346,0.23017606408633945,0.024937854986051167,0.02699787239292231,1.3630322006469364,0.5846663419699767,-0.02285609820161532,0.8530746380747375,0.97814934038018,0.42106589671729344,0.23984064410543482,-0.08979503286558876,0.7526718502407398,0.0023705709713834704,0.9637256740299045,-1.056958906540539,0.48898795091588404,-0.2829353299926532,-0.37988866648339736,1.8238950337348216,-0.3405167343604438,0.19058780373756898,0.3101112765697845
0.6957223196029279,0.797197370807311,0.5818148592197134,0.14321626107794852,0.3331250476775664,-0.484726569872911,0.14661225907097916,-0.4658974656975175,-0.9639021531617726,0.7879105747497678,-0.9453255070463873,1.336059289542725,1.8410470445503062,-0.7710248118603753,-0.10299076459019806,-0.19062603818920587,0.2778478606507089,-1.6578922141752355,0.12702431737305772,-1.4412326017908967,3.281304503185278,0.40123056998349127,1.2434522421765528,0.5832939345558072,0.1227831836764311,0.6404107895701343,1.9217688101794472,0.3912665981757758,0.5012560737185398,0.7690705148670464,1.0338384702106471,0.892414813171648,0.18661852080475638,-0.06120151019681457,0.16413716741678908,0.940609106373672,-0.9801014451342249,-1.0185327215872753,-0.1300590143595574,-1.4865786829574699,-0.3405167343604438,1.2784824895879983,-1.5243447752799395,-0.17894498634300005
-0.47696627755797066,-1.8139219211491675,-1.543654403336403,0.028036534810850805,-0.4421500823878794,1.3683494544432535,-0.7537453216503159,1.145864295608723,1.7367261703572,-1.818499202277415,1.7402364776604604,-1.8456794370264693,-4.22595046504188,1.5869893371817603,0.4084515988245892,0.9229501672048708,-0.5040036573063126,3.0401858254861303,-0.717923536898938,2.366360165753687,-6.5851000774457376,-1.1561908191352899,-2.027192302672879,-1.1971630426347293,-0.5285800616762408,-1.3384190469921067,-3.878793229938545,-0.6358666424974301,-1.0941384843912285,-1.541147391334257,-1.7014007553020853,-1.9133299547222238,-0.06373479945509104,-0.7726634031672094,-0.4422536036014923,-2.530154761877341,1.5011145043179586,1.649274832923425,-0.31886765151846824,2.992565251701994,0.19058780373756898,-1.5243447752799395,3.3655011778547173,0.5285333699533529
0.12256506932824453,-0.36804197407777356,-0.39474359880995946,0.1363633444383822,-0.05220286570646027,0.25382973729957375,-0.11059063207108834,0.17084148315648498,0.4610426171468722,-0.3221896166248887,0.4303015271942361,-0.10760150710584744,-1.0214244104309307,0.41611376869707273,0.0787577423927699,0.29035731010578125,0.11554928853982904,0.7066756601042778,-0.10133545500464185,0.6915074600202746,-1.3869792663118263,0.1529616028526918,-0.279255032205828,-0.4062126521433564,-0.28038111050295184,-0.11881695588524885,-0.6559875347211804,-0.1432434078975301,0.030310549360372384,-0.38410003703414786,-0.1383836160326423,-0.30445732643501683,0.12594808547649036,-0.012016300020174635,0.03316896482031143,-0.3997597664485807,0.24533551105519502,0.45199206372948875,-0.13716245824850964,0.7250620395005865,0.3101112765697845,-0.17894498634300005,0.5285333699533529,0.4114566888181653
