V1,V2,V3,V4,V5,V6,V7,V8,V9,V10,V11,V12,V13,V14,V15,V16,V17,V18,V19,V20,V21,V22,V23,V24,V25,V26,V27,V28,V29,V30,V31,V32,V33,V34,V35,V36,V37,V38,V39,V40,V41,V42,V43,V44
2.326197126331089,-6.574411189636033,5.983081274504388,-0.4265217250010853,-0.4962230838283447,-4.906479679929276,-7.153954668634334,3.5708593165971845,-2.1722453163715127,-2.511558607150263,-1.9032025041636658,-5.34184629346154,-1.4285205337571922,3.013513299084838,2.601002902866544,-1.6865797187042781,-4.643372236113512,-0.09608826630333972,-0.5637789506845013,-6.3996975357705725,-3.313349559692002,-6.591866233916425,1.7387159639262715,2.4780059557696723,1.641338304223145,-7.040155136901702,1.8454373232576682,2.0285287357562716,-4.009381500698257,-4.233217547593366,-1.6013219805204575,2.4386364891872976,1.301021786270139,-4.1746064161275935,-0.9876256431842922,-1.9127762971833215,5.344659739279967,-4.799490944255818,3.0681190004568983,-3.1424732712975314,-12.390958152233699,5.187208520867531,-6.838595004181851,-3.5133169585114303
-6.574411189636033,20.2672086206137,-18.240084443685312,1.4553778165880837,1.9301723957133952,14.645821289199104,21.672529439265343,-11.36461498464892,6.256463804675796,7.977381753510177,5.158944764305132,17.022199862952167,5.2315668586867625,-8.922018481746889,-7.815754427684292,5.06603363551878,14.115403691006014,-0.30693994270812597,1.8113135746494196,18.739824176004557,11.467014141782364,20.56276182204834,-4.834838169114103,-7.459229184368446,-4.9200994843606916,21.57764937503291,-4.536354498276717,-5.875185745674484,12.27179929883059,13.478181591095463,5.3909867409832595,-6.9439616893557625,-4.0084992447024215,12.803443665217591,2.9322410825774843,6.304086013277334,-16.59598257617736,14.230120903675061,-9.44819299093212,8.732614917602538,37.69948278666513,-14.837307553813043,19.969004556463258,10.621300119886
5.983081274504388,-18.240084443685312,17.65292213177331,-1.4739601315907385,-2.0200905807902387,-13.77318602071672,-19.908646106035764,10.690273785008836,-6.401213768658918,-7.0049321771719955,-5.039442080481598,-15.665679361220135,-3.9025394662713477,7.1137862225419894,6.9945970788667156,-4.965760926179526,-12.963364444700154,-0.706380574825544,-1.6061926922610799,-18.116683993392638,-8.931836459722266,-19.532935831258204,5.029280254551799,7.597815660641679,4.7888974951995955,-19.661372606083702,4.814531365108987,5.410128513736126,-11.133326984705276,-12.388702486646803,-4.724727928423962,6.772215514106195,3.7929483477006816,-12.021829663304304,-2.532920276848165,-5.444344930347661,14.954988845562832,-13.770975053519685,8.916748999290766,-8.760049235478862,-35.4185032342981,13.722176950690708,-19.043310974562793,-10.16655972260375
-0.4265217250010853,1.4553778165880837,-1.4739601315907385,0.3377378457969979,0.29430277677239985,1.1338370857835611,1.6221656122376023,-0.9632928040549186,0.49587353058115696,0.5466475917562192,0.36208211741656515,1.3348368135914124,0.27494997484169575,-0.3023413871763415,-0.5179707485901497,0.3669980481438899,1.006120061561905,0.13604689605859632,0.20929147597698053,1.3824441440444866,0.661231790257327,1.5695324002654751,-0.4311750923320907,-0.6547887214111178,-0.36085610742604485,1.5291294737785883,-0.27698371671916,-0.3885689388364784,0.8774099977132698,1.1296533005097715,0.3544312982683461,-0.4419766132666462,-0.3704978744128156,1.016341928548857,0.08053638125954204,0.5251950368655164,-1.060834458542816,1.233709852909315,-0.684499874014568,0.6919302181546484,2.8789651047982465,-0.9562647270967995,1.4898014416055103,0.8073714868944641
-0.4962230838283447,1.9301723957133952,-2.0200905807902387,0.29430277677239985,0.5383787504207559,1.3287079420033605,2.128623866822042,-1.4373045681139422,0.6219464318455243,0.7425652181977772,0.3597689768521467,1.8809580242026307,0.6141966000249793,-0.22394123411338968,-0.6016694208732615,0.5054440860388438,1.2879857466864744,0.09103186365217324,0.27459265534618477,1.7884370427127871,1.05998661109296,2.3582306988886623,-0.4934817600253596,-0.9704135336127804,-0.48074348797700567,2.007516101603261,-0.15167622911418144,-0.36344505736692845,1.0908332308137707,1.5754471898753521,0.5707377838051064,-0.5627925896056247,-0.4801229852464491,1.4327134178697087,0.18276473166453777,0.775391174622252,-1.5196373754833934,1.4614372930025552,-0.9852840696943582,0.767005766205445,3.7783805741445033,-1.0730191182684277,1.7077385790002948,1.0721022845216237
-4.906479679929276,14.645821289199104,-13.77318602071672,1.1338370857835611,1.3287079420033605,11.084239428507082,15.895526578269335,-8.21796963651755,4.979719479321457,5.598019645041869,4.1249216452707325,12.301843473758064,3.0637589045177913,-6.281384584905689,-5.7127267822489936,3.9076560176259654,10.393638720761711,0.371316904940301,1.227195536988564,14.32852968857183,7.2956873772048585,15.097989345413682,-3.9418086620060793,-5.754660992304061,-3.7688193489471864,15.764144248853018,-4.017574185540123,-4.471192727308149,8.959080874098241,9.696342894617027,3.7044849734812693,-5.431748765132877,-2.946125471334581,9.378207820961135,2.074820970492517,4.234647814453107,-11.986476103081833,10.887840475092377,-7.028202264683437,7.016327359732228,28.023927803530288,-11.228210792147562,15.353140259279531,8.008159463394154
-7.153954668634334,21.672529439265343,-19.908646106035764,1.6221656122376023,2.128623866822042,15.895526578269335,23.447740605591633,-12.297808761578011,6.992148600932245,8.535593077091521,5.7340202927645905,18.271606182659557,5.307073452967991,-9.218908117336401,-8.38193253151142,5.499479257417141,15.216870507839987,0.03680521032464997,1.9159101789336046,20.57100363920901,11.728207869828806,22.360030126340988,-5.412441504379422,-8.31170833789259,-5.369700823742702,23.22328922463388,-5.2020763012638325,-6.305879416738315,13.206260270728874,14.4789688266773,5.6448693643113765,-7.6142928011736135,-4.325778898302344,13.925683784453874,3.090714775229626,6.760644885856875,-17.736341892018313,15.671319038971594,-10.231830396173073,9.75021550056529,40.925258424940026,-16.125588467679687,21.77749543701172,11.593987306854542
3.5708593165971845,-11.36461498464892,10.690273785008836,-0.9632928040549186,-1.4373045681139422,-8.21796963651755,-12.297808761578011,6.830256049417222,-3.6890571155052525,-4.505764655978912,-2.779293476540089,-9.8877436924440385,-3.0038050893246826,4.2616242094944345,4.251942238656268,-2.8979825378417416,-7.928893384489371,-0.09666447338722363,-1.1149487903719952,-10.7383962353584,-6.308409607415518,-12.223559999388272,2.8490259258068353,4.589037504935825,2.8354742034767333,-12.155711432216258,2.316441849550701,3.1119369105905323,-6.8898261371061995,-7.9175463195456715,-3.07484109164987,3.829526357804046,2.3532178830419777,-7.536429161764532,-1.5271826160643822,-3.7272308349073775,9.281029283567058,-8.258046005936675,5.426857118188546,-4.925576352171965,-21.69062155368434,8.049873975367294,-11.137819614869933,-6.139533173911679
-2.1722453163715127,6.256463804675796,-6.401213768658918,0.49587353058115696,0.6219464318455243,4.979719479321457,6.992148600932245,-3.6890571155052525,2.5216341581682746,2.398576406245505,1.9600939404036655,5.38208759821994,0.9899138075693578,-2.386135120899797,-2.486959220259141,1.8364622153849908,4.599661755738987,0.5847465616832372,0.5100394473722694,6.756517571115576,2.542580215047367,6.9618050835140926,-1.9789169544895913,-2.845088842407613,-1.7797672972587484,6.8746555115629535,-2.081067805892072,-2.0221212273540794,3.925832530375506,4.212531726878031,1.5517131481619346,-2.5725549906228036,-1.3492617894230454,4.260236202523311,0.8807130266212366,1.7553559960897713,-5.156818778858165,5.089099080492491,-3.1572557143039837,3.391848500892836,12.717260925934276,-5.061434795532507,7.044599267049484,3.7131426161250656
-2.511558607150263,7.977381753510177,-7.0049321771719955,0.5466475917562192,0.7425652181977772,5.598019645041869,8.535593077091521,-4.505764655978912,2.398576406245505,3.4809359655641385,1.8786674977944986,6.8397647731408355,2.431960896080274,-3.6221581114600325,-3.175615179487013,1.860971919561881,5.599850125827019,-0.40499166447947665,0.6908362277711367,7.17970478896109,5.045658868573589,8.224748420362523,-1.6493361463355873,-2.8469711334593315,-1.8801817828732852,8.572476285472375,-1.5382658773896214,-2.2692195489839913,4.958482862405443,5.341339763396432,2.2933593274365087,-2.5610362181580335,-1.5601204123275036,5.069244622358733,1.171579506670252,2.828934576543079,-6.634486651569076,5.507854007371388,-3.6565823057151263,3.1526289773580234,14.835436808608211,-5.685898310916617,7.51625619884297,4.154749704796767
-1.9032025041636658,5.158944764305132,-5.039442080481598,0.36208211741656515,0.3597689768521467,4.1249216452707325,5.7340202927645905,-2.779293476540089,1.9600939404036655,1.8786674977944986,1.7668382787517907,4.174136002420549,0.68332405594739,-2.2877741391667668,-2.090598953217565,1.4777654620591727,3.756855718029283,0.38217986836678997,0.3696846503691479,5.482460442144573,1.9689745530260605,5.259771411637476,-1.5878628203263156,-2.149412747394915,-1.4052189597708016,5.596301939570568,-1.9429942082668448,-1.7391976768939965,3.165957210432215,3.2422240518245657,1.1752125370555395,-2.2089854743571955,-1.0610648058966274,3.314427539128869,0.7855530464641141,1.3249282531832725,-4.2013643163041445,4.093084774815749,-2.5486945956381586,2.889126427609651,10.100154325412344,-4.369538421120209,5.88000500113981,2.9459944988247964
-5.34184629346154,17.022199862952167,-15.665679361220135,1.3348368135914124,1.8809580242026307,12.301843473758064,18.271606182659557,-9.8877436924440385,5.38208759821994,6.8397647731408355,4.174136002420549,14.680643683438266,4.531966814897714,-7.005062055239087,-6.505471551007873,4.303924124847312,11.899184608525712,-0.16666830143847355,1.5484991380679913,15.821276357113685,9.739888793667648,17.842092755408796,-4.064340678269994,-6.536046859027624,-4.200624516602297,18.215402170141804,-3.569026404944579,-4.804362307879102,10.368422734664081,11.619425030563638,4.670106321018581,-5.744068570692153,-3.4273448928900905,10.97186112698954,2.3740457295191955,5.498929172807802,-14.014838190837109,12.116827420979691,-8.060074900773957,7.255770154962749,32.109736094133474,-12.153459485719925,16.67451956306887,9.07668114646339
-1.4285205337571922,5.2315668586867625,-3.9025394662713477,0.27494997484169575,0.6141966000249793,3.0637589045177913,5.307073452967991,-3.0038050893246826,0.9899138075693578,2.431960896080274,0.68332405594739,4.531966814897714,2.4970594297025257,-2.484783252529052,-1.9419834009481818,0.9256254276150642,3.4062600273336616,-0.966561845597274,0.5647232598019546,3.6993177777945356,4.568410451723033,5.160246004715057,-0.5584814081083483,-1.4470074061572538,-0.9771713022199953,5.42370019698624,-0.006388342262062399,-1.1415159228946077,3.1263908170013317,3.6335889021791345,1.7115347903094373,-1.1208158006329523,-0.9358981237716902,3.1889111908661176,0.7835238931074544,2.2078864910964695,-4.363930869750391,2.859319171491067,-2.170009580962093,1.1813336138407777,8.792580928269706,-3.024492838057247,3.786831905887216,2.3146424704328044
3.013513299084838,-8.922018481746889,7.1137862225419894,-0.3023413871763415,-0.22394123411338968,-6.281384584905689,-9.218908117336401,4.2616242094944345,-2.386135120899797,-3.6221581114600325,-2.2877741391667668,-7.005062055239087,-2.484783252529052,5.297710806177854,3.6895357765336905,-2.0757494010754125,-6.192463139935947,0.7830548782076808,-0.6341440319377916,-7.686745163279475,-5.697830033482698,-8.004599752015244,1.747535558892543,2.5164151255236606,2.013296807836186,-9.430600306523996,2.1133803371322517,2.861340220949492,-5.451132455127441,-5.365383019692221,-2.421673015181533,3.028893812534844,1.5649345013078813,-5.042920793491253,-1.523372294975861,-2.586124916718567,7.4434554527683305,-5.613598808105585,3.891106013462761,-3.523625866274099,-15.62141841480959,6.838327130707689,-8.61795665593383,-4.324972130625519
2.601002902866544,-7.815754427684292,6.9945970788667156,-0.5179707485901497,-0.6016694208732615,-5.7127267822489936,-8.38193253151142,4.251942238656268,-2.486959220259141,-3.175615179487013,-2.090598953217565,-6.505471551007873,-1.9419834009481818,3.6895357765336905,3.140760385764148,-1.9606827232591517,-5.523903965086813,0.1367826604124532,-0.6490433961716944,-7.337882443974475,-4.3690611525402865,-7.8470083950222085,1.8530042065191323,2.8272941723073903,1.9189065261377725,-8.367946454579005,1.9510708673187471,2.4078658776680095,-4.81335358747386,-5.072338588388697,-2.100207532030723,2.7672264381832474,1.5511353602109368,-4.883515811210409,-1.1805929212154502,-2.4336459368098113,6.4409279897746075,-5.537717407713637,3.6222070445697105,-3.445757737302197,-14.607172562272272,5.921836632453727,-7.852907007963204,-4.128118679657338
-1.6865797187042781,5.06603363551878,-4.965760926179526,0.3669980481438899,0.5054440860388438,3.9076560176259654,5.499479257417141,-2.8979825378417416,1.8364622153849908,1.860971919561881,1.4777654620591727,4.303924124847312,0.9256254276150642,-2.0757494010754125,-1.9606827232591517,1.4652666251673034,3.6243647945206336,0.27316358958327414,0.4216502722394157,5.140564210944145,2.297919993438872,5.362113489198246,-1.472190947665062,-2.1158817479398397,-1.3755100170788879,5.446521500403214,-1.4987049899161404,-1.5938392552340794,3.0733383726058325,3.3733904259863685,1.297724278793353,-1.9981214221732624,-1.0630907928099513,3.279489960939625,0.7421783412368721,1.352799143059932,-4.174366148964422,3.826822573864047,-2.511921433086464,2.5403005762813446,9.862707808130828,-3.925272016098073,5.475333569061853,2.8534792296435607
-4.643372236113512,14.115403691006014,-12.963364444700154,1.006120061561905,1.2879857466864744,10.393638720761711,15.216870507839987,-7.928893384489371,4.599661755738987,5.599850125827019,3.756855718029283,11.899184608525712,3.4062600273336616,-6.192463139935947,-5.523903965086813,3.6243647945206336,9.961320179445117,0.0028765317250782725,1.2071238283304317,13.439001952817154,7.649513660922133,14.53297226651287,-3.5192773707688314,-5.366780007733685,-3.5301554612864696,15.150642303811093,-3.4782486126517904,-4.213265944221271,8.646493015303275,9.360302110253972,3.730203194123983,-5.017829621447505,-2.8161188184605055,9.006876098219447,2.0523810129125164,4.339653664379991,-11.612031087949527,10.183435341603676,-6.669271376276844,6.353704857542181,26.695540327911104,-10.57501197808157,14.275802218104873,7.5771541224501435
-0.09608826630333972,-0.30693994270812597,-0.706380574825544,0.13604689605859632,0.09103186365217324,0.371316904940301,0.03680521032464997,-0.09666447338722363,0.5847465616832372,-0.40499166447947665,0.38217986836678997,-0.16666830143847355,-0.966561845597274,0.7830548782076808,0.1367826604124532,0.27316358958327414,0.0028765317250782725,0.9769235488924249,-0.009620386918760914,0.8853902539089706,-1.5952560905844333,0.3472860502388902,-0.642904249858097,-0.5828916324777904,-0.23100317775359314,-0.15541313956416877,-0.733143385787371,-0.11195738293448887,-0.11925489254597338,-0.07848820878521308,-0.337836179582435,-0.4001130186097051,-0.10242688770589674,0.2020285022968552,-0.1430945731767777,-0.4486695651855668,0.34954231562475496,0.6727798778525955,-0.13554587773588822,0.7907752224246931,0.6646983124075491,-0.32571665647869313,0.8186525191231993,0.32931079566611277
-0.5637789506845013,1.8113135746494196,-1.6061926922610799,0.20929147597698053,0.27459265534618477,1.227195536988564,1.9159101789336046,-1.1149487903719952,0.5100394473722694,0.6908362277711367,0.3696846503691479,1.5484991380679913,0.5647232598019546,-0.6341440319377916,-0.6490433961716944,0.4216502722394157,1.2071238283304317,-0.009620386918760914,0.264752209902154,1.5794510294292254,1.1053202263639594,1.875483111011877,-0.4382001423177846,-0.6775529760232131,-0.41028761139384434,1.847899774468496,-0.2032352253761547,-0.4766236748716805,1.0582556734387982,1.3075458713561865,0.4917463457496834,-0.5128680599177872,-0.4214856121745712,1.2072927420614141,0.21735579732357022,0.6316203145709222,-1.387442116552486,1.2392601440473963,-0.7831806007190671,0.6680004551966016,3.3171367020182356,-1.1947641644174032,1.6288117467647583,0.8997286569730013
-6.3996975357705725,18.739824176004557,-18.116683993392638,1.3824441440444866,1.7884370427127871,14.32852968857183,20.57100363920901,-10.7383962353584,6.756517571115576,7.17970478896109,5.482460442144573,15.821276357113685,3.6993177777945356,-7.686745163279475,-7.337882443974475,5.140564210944145,13.439001952817154,0.8853902539089706,1.5794510294292254,19.00904857304236,8.771237797391693,19.907075542850507,-5.325372013981384,-7.788684320182403,-4.973386533214072,20.28240462125935,-5.468619756053878,-5.786968251817974,11.527967008009444,12.459665896561786,4.710108839765698,-7.211655308200764,-3.872278565428903,12.324865219808853,2.6998401503560143,5.431686847730211,-15.368931249415287,14.32207222087188,-9.138036037388273,9.346554514063204,36.56285919632038,-14.648233471423763,20.009421413845946,10.524052890738744
-3.313349559692002,11.467014141782364,-8.931836459722266,0.661231790257327,1.05998661109296,7.2956873772048585,11.728207869828806,-6.308409607415518,2.542580215047367,5.045658868573589,1.9689745530260605,9.739888793667648,4.568410451723033,-5.697830033482698,-4.3690611525402865,2.297919993438872,7.649513660922133,-1.5952560905844333,1.1053202263639594,8.771237797391693,8.988334101116696,11.096761333142126,-1.666686661797609,-3.2890952486080187,-2.335727735435845,12.015699930485868,-0.9217638578557257,-2.877088586756232,6.927174579977714,7.734834384815622,3.5061707356850342,-2.926853669510071,-2.0449976306680386,6.8704475550487745,1.704894031488412,4.275088288254565,-9.540925480262093,6.745845918155963,-4.900503131889431,3.3212394831943377,19.77127323482268,-7.28105682010598,9.372723691103783,5.318404588048199
-6.591866233916425,20.56276182204834,-19.532935831258204,1.5695324002654751,2.3582306988886623,15.097989345413682,22.360030126340988,-12.223559999388272,6.9618050835140926,8.224748420362523,5.259771411637476,17.842092755408796,5.160246004715057,-8.004599752015244,-7.8470083950222085,5.362113489198246,14.53297226651287,0.3472860502388902,1.875483111011877,19.907075542850507,11.096761333142126,22.276050276799353,-5.304266955504649,-8.405335356942347,-5.262271863027152,22.193060455531185,-4.67735093027927,-5.840060456944811,12.626809993076957,14.154163843048638,5.533963977388109,-7.2046761864113025,-4.208463748111232,13.656329470718283,2.860946554404973,6.588970929762138,-16.95923251857172,15.1599387425398,-9.917728886995219,9.238689670375052,39.7085667054957,-15.003821296142979,20.650510534747045,11.311196887245977
1.7387159639262715,-4.834838169114103,5.029280254551799,-0.4311750923320907,-0.4934817600253596,-3.9418086620060793,-5.412441504379422,2.8490259258068353,-1.9789169544895913,-1.6493361463355873,-1.5878628203263156,-4.064340678269994,-0.5584814081083483,1.747535558892543,1.8530042065191323,-1.472190947665062,-3.5192773707688314,-0.642904249858097,-0.4382001423177846,-5.325372013981384,-1.666686661797609,-5.304266955504649,1.699945307523283,2.2472341431389804,1.3981499820594168,-5.263226833242472,1.712373569833332,1.576801465721336,-2.967232499549247,-3.259338047522808,-1.0692156507131372,2.0477016825968146,1.0587106441421927,-3.3050933459719865,-0.6410613597516287,-1.1686007180762714,3.8836634005770065,-4.013010142425449,2.4419634891642445,-2.7798399675566863,-9.842726577645362,4.0005727505630775,-5.632075133661948,-2.8728883726951744
2.4780059557696723,-7.459229184368446,7.597815660641679,-0.6547887214111178,-0.9704135336127804,-5.754660992304061,-8.31170833789259,4.589037504935825,-2.845088842407613,-2.8469711334593315,-2.149412747394915,-6.536046859027624,-1.4470074061572538,2.5164151255236606,2.8272941723073903,-2.1158817479398397,-5.366780007733685,-0.5828916324777904,-0.6775529760232131,-7.788684320182403,-3.2890952486080187,-8.405335356942347,2.2472341431389804,3.4232563965305594,2.0510843873335114,-8.11836726281898,2.103564180916399,2.182979451088938,-4.580542476455746,-5.197082406967415,-1.8924128146648564,2.8810015209188973,1.6144004631935245,-5.146802503545475,-0.9954347009360954,-2.254989774137968,6.107753622542029,-5.9368908573533385,3.7640288313906605,-3.819009421912021,-14.968924001969624,5.678624682565184,-8.011066234148394,-4.341525639627988
1.641338304223145,-4.9200994843606916,4.7888974951995955,-0.36085610742604485,-0.48074348797700567,-3.7688193489471864,-5.369700823742702,2.8354742034767333,-1.7797672972587484,-1.8801817828732852,-1.4052189597708016,-4.200624516602297,-0.9771713022199953,2.013296807836186,1.9189065261377725,-1.3755100170788879,-3.5301554612864696,-0.23100317775359314,-0.41028761139384434,-4.973386533214072,-2.335727735435845,-5.262271863027152,1.3981499820594168,2.0510843873335114,1.32218337621539,-5.327902140899614,1.4018418736571134,1.522710070342606,-3.028508795550897,-3.2962145312201194,-1.2667674114945433,1.8878932628789837,1.017925856217247,-3.2238188810260695,-0.7051907949551623,-1.397704857096428,4.06129235153014,-3.7383940389032406,2.4157067768003344,-2.4270709790586333,-9.621169897915463,3.7994549000941467,-5.258604226937029,-2.7726498185178534
-7.040155136901702,21.57764937503291,-19.661372606083702,1.5291294737785883,2.007516101603261,15.764144248853018,23.22328922463388,-12.155711432216258,6.8746555115629535,8.572476285472375,5.596301939570568,18.215402170141804,5.42370019698624,-9.430600306523996,-8.367946454579005,5.446521500403214,15.150642303811093,-0.15541313956416877,1.847899774468496,20.28240462125935,12.015699930485868,22.193060455531185,-5.263226833242472,-8.11836726281898,-5.327902140899614,23.164570958232854,-5.055221259802989,-6.2838492523463705,13.195846778290788,14.375772598389668,5.700574095694901,-7.502639334521155,-4.226272992407889,13.756520944069312,3.105154996309426,6.7118413054375905,-17.76577432086678,15.423622321574635,-10.164455415997695,9.523431422768446,40.61544936095528,-15.967700231114694,21.552742830495504,11.494401461224207
1.8454373232576682,-4.536354498276717,4.814531365108987,-0.27698371671916,-0.15167622911418144,-4.017574185540123,-5.2020763012638325,2.316441849550701,-2.081067805892072,-1.5382658773896214,-1.9429942082668448,-3.569026404944579,-0.006388342262062399,2.1133803371322517,1.9510708673187471,-1.4987049899161404,-3.4782486126517904,-0.733143385787371,-0.2032352253761547,-5.468619756053878,-0.9217638578557257,-4.67735093027927,1.712373569833332,2.103564180916399,1.4018418736571134,-5.055221259802989,2.438572396812389,1.7824364803621036,-2.857071262457779,-2.6692163178461783,-0.8931285434494067,2.356950335541928,0.946916336731897,-2.9295990138298094,-0.7346169135934946,-0.8633590485645409,3.739086703177999,-4.008281226678027,2.393408062495747,-3.131372312765189,-9.388931114576048,4.37773849547947,-5.94541697446384,-2.834191695333178
2.0285287357562716,-5.875185745674484,5.410128513736126,-0.3885689388364784,-0.36344505736692845,-4.471192727308149,-6.305879416738315,3.1119369105905323,-2.0221212273540794,-2.2692195489839913,-1.7391976768939965,-4.804362307879102,-1.1415159228946077,2.861340220949492,2.4078658776680095,-1.5938392552340794,-4.213265944221271,-0.11195738293448887,-0.4766236748716805,-5.786968251817974,-2.877088586756232,-5.840060456944811,1.576801465721336,2.182979451088938,1.522710070342606,-6.2838492523463705,1.7824364803621036,1.9847223013640252,-3.62174526081421,-3.719700979036384,-1.5198743689830263,2.2721770528864074,1.2141721007272743,-3.6436595873790387,-0.9083244443673136,-1.6105808224604128,4.811774010777372,-4.303357387106598,2.753949655693983,-2.8355564707852468,-11.146753262360777,4.6987793491970615,-6.27509803134787,-3.183634092585432
-4.009381500698257,12.27179929883059,-11.133326984705276,0.8774099977132698,1.0908332308137707,8.959080874098241,13.206260270728874,-6.8898261371061995,3.925832530375506,4.958482862405443,3.165957210432215,10.368422734664081,3.1263908170013317,-5.451132455127441,-4.81335358747386,3.0733383726058325,8.646493015303275,-0.11925489254597338,1.0582556734387982,11.527967008009444,6.927174579977714,12.626809993076957,-2.967232499549247,-4.580542476455746,-3.028508795550897,13.195846778290788,-2.857071262457779,-3.62174526081421,7.564003741454866,8.167885500180033,3.2746346514927063,-4.236444963595537,-2.4157296026456496,7.825785305967696,1.764713428611677,3.871291897119029,-10.108812542718068,8.781007855759258,-5.7383354801926165,5.372341718001707,23.144254680538307,-9.108575384214618,12.247079209674409,6.538423927154147
-4.233217547593366,13.478181591095463,-12.388702486646803,1.1296533005097715,1.5754471898753521,9.696342894617027,14.4789688266773,-7.9175463195456715,4.212531726878031,5.341339763396432,3.2422240518245657,11.619425030563638,3.6335889021791345,-5.365383019692221,-5.072338588388697,3.3733904259863685,9.360302110253972,-0.07848820878521308,1.3075458713561865,12.459665896561786,7.734834384815622,14.154163843048638,-3.259338047522808,-5.197082406967415,-3.2962145312201194,14.375772598389668,-2.6692163178461783,-3.719700979036384,8.167885500180033,9.301153729443737,3.641479480003228,-4.451444340183868,-2.7318035707933284,8.756060342223506,1.8217885142762917,4.3750232121351065,-11.001942720133988,9.59737517522049,-6.342725186944118,5.6978358962467235,25.39241535471382,-9.528911730081852,13.104790987779658,7.147863585895786
-1.6013219805204575,5.3909867409832595,-4.724727928423962,0.3544312982683461,0.5707377838051064,3.7044849734812693,5.6448693643113765,-3.07484109164987,1.5517131481619346,2.2933593274365087,1.1752125370555395,4.670106321018581,1.7115347903094373,-2.421673015181533,-2.100207532030723,1.297724278793353,3.730203194123983,-0.337836179582435,0.4917463457496834,4.710108839765698,3.5061707356850342,5.533963977388109,-1.0692156507131372,-1.8924128146648564,-1.2667674114945433,5.700574095694901,-0.8931285434494067,-1.5198743689830263,3.2746346514927063,3.641479480003228,1.6377956805687766,-1.7036254230755734,-1.0869601416146977,3.366682206590033,0.8126579598278246,1.8605339999372144,-4.494494287232651,3.5595434430108104,-2.4801519553319333,1.9919410393614887,9.862004885005186,-3.6747924455807968,4.944385682416308,2.7564271066479544
2.4386364891872976,-6.9439616893557625,6.772215514106195,-0.4419766132666462,-0.5627925896056247,-5.431748765132877,-7.6142928011736135,3.829526357804046,-2.5725549906228036,-2.5610362181580335,-2.2089854743571955,-5.744068570692153,-1.1208158006329523,3.028893812534844,2.7672264381832474,-1.9981214221732624,-5.017829621447505,-0.4001130186097051,-0.5128680599177872,-7.211655308200764,-2.926853669510071,-7.2046761864113025,2.0477016825968146,2.8810015209188973,1.8878932628789837,-7.502639334521155,2.356950335541928,2.2721770528864074,-4.236444963595537,-4.451444340183868,-1.7036254230755734,2.879864998703291,1.4306979120014638,-4.457641835611655,-1.0711636382690606,-1.819542300670364,5.723877864629054,-5.335404554564817,3.443530697235868,-3.671560461713656,-13.518996405754772,5.64932279785622,-7.690349488080828,-3.933037689665103
1.301021786270139,-4.0084992447024215,3.7929483477006816,-0.3704978744128156,-0.4801229852464491,-2.946125471334581,-4.325778898302344,2.3532178830419777,-1.3492617894230454,-1.5601204123275036,-1.0610648058966274,-3.4273448928900905,-0.9358981237716902,1.5649345013078813,1.5511353602109368,-1.0630907928099513,-2.8161188184605055,-0.10242688770589674,-0.4214856121745712,-3.872278565428903,-2.0449976306680386,-4.208463748111232,1.0587106441421927,1.6144004631935245,1.017925856217247,-4.226272992407889,0.946916336731897,1.2141721007272743,-2.4157296026456496,-2.7318035707933284,-1.0869601416146977,1.4306979120014638,0.9025745823332785,-2.625072430358191,-0.5566301632923455,-1.2621930816228368,3.216578167018624,-2.9504768004534587,1.8872460345866902,-1.812716723334511,-7.644086361048496,2.948722543876849,-4.050123151405847,-2.1670172652317032
-4.1746064161275935,12.803443665217591,-12.021829663304304,1.016341928548857,1.4327134178697087,9.378207820961135,13.925683784453874,-7.536429161764532,4.260236202523311,5.069244622358733,3.314427539128869,10.97186112698954,3.1889111908661176,-5.042920793491253,-4.883515811210409,3.279489960939625,9.006876098219447,0.2020285022968552,1.2072927420614141,12.324865219808853,6.8704475550487745,13.656329470718283,-3.3050933459719865,-5.146802503545475,-3.2238188810260695,13.756520944069312,-2.9295990138298094,-3.6436595873790387,7.825785305967696,8.756060342223506,3.366682206590033,-4.457641835611655,-2.625072430358191,8.467974574058942,1.7675380231677027,4.098698295658805,-10.456430345092665,9.42106357689842,-6.094768394364375,5.763257397499436,24.543138694179927,-9.404705267096675,12.82785119279632,6.9631043447985865
-0.9876256431842922,2.9322410825774843,-2.532920276848165,0.08053638125954204,0.18276473166453777,2.074820970492517,3.090714775229626,-1.5271826160643822,0.8807130266212366,1.171579506670252,0.7855530464641141,2.3740457295191955,0.7835238931074544,-1.523372294975861,-1.1805929212154502,0.7421783412368721,2.0523810129125164,-0.1430945731767777,0.21735579732357022,2.6998401503560143,1.704894031488412,2.860946554404973,-0.6410613597516287,-0.9954347009360954,-0.7051907949551623,3.105154996309426,-0.7346169135934946,-0.9083244443673136,1.764713428611677,1.8217885142762917,0.8126579598278246,-1.0711636382690606,-0.5566301632923455,1.7675380231677027,0.5193843257964496,0.8707722856904886,-2.4647137782755273,1.9283010699191856,-1.3601964191629827,1.2402982859692955,5.314921325244629,-2.239654083161703,2.872604889522401,1.504013201016589
-1.9127762971833215,6.304086013277334,-5.444344930347661,0.5251950368655164,0.775391174622252,4.234647814453107,6.760644885856875,-3.7272308349073775,1.7553559960897713,2.828934576543079,1.3249282531832725,5.498929172807802,2.2078864910964695,-2.586124916718567,-2.4336459368098113,1.352799143059932,4.339653664379991,-0.4486695651855668,0.6316203145709222,5.431686847730211,4.275088288254565,6.588970929762138,-1.1686007180762714,-2.254989774137968,-1.397704857096428,6.7118413054375905,-0.8633590485645409,-1.6105808224604128,3.871291897119029,4.3750232121351065,1.8605339999372144,-1.819542300670364,-1.2621930816228368,4.098698295658805,0.8707722856904886,2.4984307869194105,-5.171737360004257,4.276579976756264,-2.8402266540096597,2.2621841115135806,11.57630659526527,-4.204051109988851,5.538356937226907,3.2011279465868268
5.344659739279967,-16.59598257617736,14.954988845562832,-1.060834458542816,-1.5196373754833934,-11.986476103081833,-17.736341892018313,9.281029283567058,-5.156818778858165,-6.634486651569076,-4.2013643163041445,-14.014838190837109,-4.363930869750391,7.4434554527683305,6.4409279897746075,-4.174366148964422,-11.612031087949527,0.34954231562475496,-1.387442116552486,-15.368931249415287,-9.540925480262093,-16.95923251857172,3.8836634005770065,6.107753622542029,4.06129235153014,-17.76577432086678,3.739086703177999,4.811774010777372,-10.108812542718068,-11.001942720133988,-4.494494287232651,5.723877864629054,3.216578167018624,-10.456430345092665,-2.4647137782755273,-5.171737360004257,13.757137912466002,-11.590602820025257,7.804774603641471,-7.115477555147779,-30.952334078951253,12.152866167228384,-16.35118718503014,-8.748494739604373
-4.799490944255818,14.230120903675061,-13.770975053519685,1.233709852909315,1.4614372930025552,10.887840475092377,15.671319038971594,-8.258046005936675,5.089099080492491,5.507854007371388,4.093084774815749,12.116827420979691,2.859319171491067,-5.613598808105585,-5.537717407713637,3.826822573864047,10.183435341603676,0.6727798778525955,1.2392601440473963,14.32207222087188,6.745845918155963,15.1599387425398,-4.013010142425449,-5.9368908573533385,-3.7383940389032406,15.423622321574635,-4.008281226678027,-4.303357387106598,8.781007855759258,9.59737517522049,3.5595434430108104,-5.335404554564817,-2.9504768004534587,9.42106357689842,1.9283010699191856,4.276579976756264,-11.590602820025257,10.9973337396975,-6.914232008649734,7.050086884071594,27.817037888869553,-10.964001284966791,15.09751300745694,7.9862421302605515
3.0681190004568983,-9.44819299093212,8.916748999290766,-0.684499874014568,-0.9852840696943582,-7.028202264683437,-10.231830396173073,5.426857118188546,-3.1572557143039837,-3.6565823057151263,-2.5486945956381586,-8.060074900773957,-2.170009580962093,3.891106013462761,3.6222070445697105,-2.511921433086464,-6.669271376276844,-0.13554587773588822,-0.7831806007190671,-9.138036037388273,-4.900503131889431,-9.917728886995219,2.4419634891642445,3.7640288313906605,2.4157067768003344,-10.164455415997695,2.393408062495747,2.753949655693983,-5.7383354801926165,-6.342725186944118,-2.4801519553319333,3.443530697235868,1.8872460345866902,-6.094768394364375,-1.3601964191629827,-2.8402266540096597,7.804774603641471,-6.914232008649734,4.593467493608744,-4.3791242611871715,-18.034099880495628,7.027401818960384,-9.66412025996918,-5.161610084744346
-3.1424732712975314,8.732614917602538,-8.760049235478862,0.6919302181546484,0.767005766205445,7.016327359732228,9.75021550056529,-4.925576352171965,3.391848500892836,3.1526289773580234,2.889126427609651,7.255770154962749,1.1813336138407777,-3.523625866274099,-3.445757737302197,2.5403005762813446,6.353704857542181,0.7907752224246931,0.6680004551966016,9.346554514063204,3.3212394831943377,9.238689670375052,-2.7798399675566863,-3.819009421912021,-2.4270709790586333,9.523431422768446,-3.131372312765189,-2.8355564707852468,5.372341718001707,5.6978358962467235,1.9919410393614887,-3.671560461713656,-1.812716723334511,5.763257397499436,1.2402982859692955,2.2621841115135806,-7.115477555147779,7.050086884071594,-4.3791242611871715,4.893218549030718,17.377507353740338,-7.229765285173962,9.962827405150845,5.072121220875421
-12.390958152233699,37.69948278666513,-35.4185032342981,2.8789651047982465,3.7783805741445033,28.023927803530288,40.925258424940026,-21.69062155368434,12.717260925934276,14.835436808608211,10.100154325412344,32.109736094133474,8.792580928269706,-15.62141841480959,-14.607172562272272,9.862707808130828,26.695540327911104,0.6646983124075491,3.3171367020182356,36.56285919632038,19.77127323482268,39.7085667054957,-9.842726577645362,-14.968924001969624,-9.621169897915463,40.61544936095528,-9.388931114576048,-11.146753262360777,23.144254680538307,25.39241535471382,9.862004885005186,-13.518996405754772,-7.644086361048496,24.543138694179927,5.314921325244629,11.57630659526527,-30.952334078951253,27.817037888869553,-18.034099880495628,17.377507353740338,72.3212260717091,-28.23585305607094,38.55744046191617,20.599532723915974
5.187208520867531,-14.837307553813043,13.722176950690708,-0.9562647270967995,-1.0730191182684277,-11.228210792147562,-16.125588467679687,8.049873975367294,-5.061434795532507,-5.685898310916617,-4.369538421120209,-12.153459485719925,-3.024492838057247,6.838327130707689,5.921836632453727,-3.925272016098073,-10.57501197808157,-0.32571665647869313,-1.1947641644174032,-14.648233471423763,-7.28105682010598,-15.003821296142979,4.0005727505630775,5.678624682565184,3.7994549000941467,-15.967700231114694,4.37773849547947,4.6987793491970615,-9.108575384214618,-9.528911730081852,-3.6747924455807968,5.64932279785622,2.948722543876849,-9.404705267096675,-2.239654083161703,-4.204051109988851,12.152866167228384,-10.964001284966791,7.027401818960384,-7.229765285173962,-28.23585305607094,11.782989688207431,-15.69733904448306,-8.062896609863541
-6.838595004181851,19.969004556463258,-19.043310974562793,1.4898014416055103,1.7077385790002948,15.353140259279531,21.77749543701172,-11.137819614869933,7.044599267049484,7.51625619884297,5.88000500113981,16.67451956306887,3.786831905887216,-8.61795665593383,-7.852907007963204,5.475333569061853,14.275802218104873,0.8186525191231993,1.6288117467647583,20.009421413845946,9.372723691103783,20.650510534747045,-5.632075133661948,-8.011066234148394,-5.258604226937029,21.552742830495504,-5.94541697446384,-6.27509803134787,12.247079209674409,13.104790987779658,4.944385682416308,-7.690349488080828,-4.050123151405847,12.82785119279632,2.872604889522401,5.538356937226907,-16.35118718503014,15.09751300745694,-9.66412025996918,9.962827405150845,38.55744046191617,-15.69733904448306,21.4577062384345,11.074451821559474
-3.5133169585114303,10.621300119886,-10.16655972260375,0.8073714868944641,1.0721022845216237,8.008159463394154,11.593987306854542,-6.139533173911679,3.7131426161250656,4.154749704796767,2.9459944988247964,9.07668114646339,2.3146424704328044,-4.324972130625519,-4.128118679657338,2.8534792296435607,7.5771541224501435,0.32931079566611277,0.8997286569730013,10.524052890738744,5.318404588048199,11.311196887245977,-2.8728883726951744,-4.341525639627988,-2.7726498185178534,11.494401461224207,-2.834191695333178,-3.183634092585432,6.538423927154147,7.147863585895786,2.7564271066479544,-3.933037689665103,-2.1670172652317032,6.9631043447985865,1.504013201016589,3.2011279465868268,-8.748494739604373,7.9862421302605515,-5.161610084744346,5.072121220875421,20.599532723915974,-8.062896609863541,11.074451821559474,5.907757414741427
