V1,V2,V3,V4,V5,V6,V7,V8,V9,V10,V11,V12,V13,V14,V15,V16,V17,V18,V19,V20,V21,V22,V23,V24,V25,V26,V27,V28,V29,V30,V31,V32,V33,V34,V35,V36,V37,V38,V39,V40,V41,V42,V43,V44
6.075509149736677,5.957755644317142,-0.8358831303079887,-17.181416357794465,9.122574506981099,-17.16300684213935,11.137875955368404,6.2206382455233324,-6.724498942146415,-1.9035627598683222,-2.2783632331853263,-3.0510166485407364,1.4860135506570464,-5.030710272653687,-5.819977294810451,4.444897323360861,6.334601044546626,7.414752997503198,-10.717392177151691,-6.010783265214902,8.496302528731492,5.090160939757056,4.314110473089902,-1.1380680212218104,-1.421953733170821,6.320758786016953,12.347080416400736,22.68640008555149,2.5453999458914764,-2.286271073039351,3.9588436604766466,-1.107902180351878,8.62057568813851,-8.976831820042122,7.923027613943392,-10.435363831002645,-4.599354632240743,-7.377835555180135,-6.254170842171389,10.583213517642244,-4.183920658930297,-5.663973515302631,9.699962374134273,9.500759119686283
5.957755644317142,6.305883999221357,-0.5245549906341281,-18.077038356909032,9.093165464080258,-17.618538623387515,11.439751661969215,6.851777606324868,-7.115885796536821,-1.7512119991595978,-2.216678111839711,-3.362480686244233,1.6968661820872484,-6.26040795911854,-6.125359731908172,4.726562463767933,6.751872933964177,7.454486597270152,-10.945779308316498,-6.254491816597552,9.083500332915474,4.614273260650235,4.389022906016563,-0.6115127587588649,-1.500064860908387,6.542981263123541,12.517627365068725,23.03467137713842,2.610576372297848,-2.7272627463025274,3.851936760426788,-1.2196667631459746,8.889937102842293,-9.44785173765164,8.340679545524791,-10.992219526598877,-4.94034236900914,-7.9634884515351,-6.121884805408646,11.106345384171101,-4.6646234553375665,-6.463056513409753,10.29074735711864,9.670701773370755
-0.8358831303079887,-0.5245549906341281,0.7943402506007154,1.6393527552836065,-1.6616514554013042,1.732803450386727,-1.0224689960117341,-0.04458339615056644,0.643361512707822,0.11625724477357113,0.53522615041641,-0.2905774134164862,-0.3682775548808414,-0.4955475810185864,0.11643568319431309,-0.8210820673722482,-0.6732892508634163,-1.21397815292977,0.71182608424021,0.5873958482641884,-0.7320234910056117,-1.1324521912340364,-0.07539050920449593,0.37377622450310466,0.3296864396509854,-0.4336012074456778,-1.7610078875543398,-2.5056765987134026,0.07230217381579279,-0.21343907235478285,-0.1616424438169238,-0.10399223498509884,-0.6512894748259739,0.5159871072133793,-0.5523782034490333,1.0672788226323502,0.41491022674751166,0.7176359263533334,0.5327993876315761,-1.2534800355785074,0.11898226426485314,0.08324525637077916,-0.9024173871449304,-1.1037283379503933
-17.181416357794465,-18.077038356909032,1.6393527552836065,52.087667163112,-26.489704303803066,50.935271177565895,-32.99526050375838,-19.49224587626855,20.433636739683543,5.034414149989744,6.455502142424142,9.630862150258627,-4.940644133834985,17.49231802090494,17.464163956463448,-13.728182125779526,-19.47701403865188,-21.830345485478475,31.314556745233197,17.88682877208996,-26.092361284129094,-13.689646273555383,-12.464494730769463,1.8785927205905213,4.3456965533791285,-18.728258961666672,-36.36729983056857,-66.52604508495929,-7.41627725650559,7.65716987016849,-10.949396961453024,3.382126831561019,-25.51698000791752,26.924942192509256,-24.002981044204816,31.55972818330721,14.053544461750999,22.911854780664246,17.563993387091454,-32.05284386303073,13.192488623592505,18.511800600152668,-29.44317300205211,-27.989635585243775
9.122574506981099,9.093165464080258,-1.6616514554013042,-26.489704303803066,14.55257934343209,-26.14782610773339,16.78316544203926,9.174388733607085,-10.361698590317266,-2.533008626187634,-3.6294579216483642,-4.214539440240387,2.666252816603653,-7.417685342397262,-8.270267807854154,7.5517726698619185,10.039690964696227,11.91249063782232,-15.502944980783832,-9.036266726129913,13.174927312286055,7.972930043968031,5.916808382515985,-1.2843420848024476,-2.418707457820177,9.308583341220618,19.352835091661603,34.388938127231185,3.368711355240269,-3.2310951525473497,5.273399381232183,-1.430551678406098,12.784897404014881,-13.172579037629067,12.035341939888292,-16.056590483755084,-7.0278180450922765,-11.671668835906761,-8.957300954074299,16.593485440276183,-6.162226291811561,-8.776567039180879,14.752534993971157,14.637324897084941
-17.16300684213935,-17.618538623387515,1.732803450386727,50.935271177565895,-26.14782610773339,50.4439128898403,-32.71403862921998,-18.880714173773868,19.877901505769735,5.288622469422551,6.4511229714131035,9.608193562921135,-4.657255442397034,16.236099574098915,17.37174894003156,-12.972952346276236,-18.790235903186595,-21.565066841205162,31.23753587003689,17.54629280326043,-25.25238454693019,-14.11375936450243,-12.542241530716517,2.6677228095541214,4.131843675811893,-18.507594582705472,-35.91251535421046,-66.05452518986388,-7.554667376979436,7.335909897248085,-11.270870582225315,3.3080087616399574,-25.255973817033105,26.439422121204842,-23.503140074472146,30.757938428718333,13.515545748618257,22.018071930647714,17.715361672039652,-31.22944530541608,12.752464582313852,17.712361709181955,-28.716920092520606,-27.6080213247302
11.137875955368404,11.439751661969215,-1.0224689960117341,-32.99526050375838,16.78316544203926,-32.71403862921998,21.26709631585316,12.347556632918632,-12.881049910393283,-3.5068171457107264,-4.153534819421926,-6.350162309542013,2.9635591128743584,-10.675392147514538,-11.43920273560387,8.214184798317362,12.0962358049947,13.816362840074277,-20.466169077247688,-11.421755793421084,16.336477390615986,9.056817334260872,8.287122516717991,-1.8241955377515664,-2.62798198441706,12.08328096090984,23.151377036530928,42.87219347277129,5.0295596278491015,-4.857569468665587,7.497300296666003,-2.2124080865061573,16.462421615698336,-17.291366120698914,15.248488213798858,-19.94146700791207,-8.7786793289362,-14.192438490393972,-11.594862364732,20.161950481313017,-8.37638962525955,-11.498633456072355,18.682292157375414,17.84388537616524
6.2206382455233324,6.851777606324868,-0.04458339615056644,-19.49224587626855,9.174388733607085,-18.880714173773868,12.347556632918632,7.829702393980878,-7.686822234133583,-1.9227899153521895,-2.1611860014291047,-4.046753747346153,1.68608752826329,-7.58392304922848,-6.958036122558458,4.780876844913708,7.218709077053774,7.589122265289015,-12.059394374650058,-6.766214431802737,9.862498388928357,4.411783469834328,4.9975877481071835,-0.4493312504157893,-1.4806951330525455,7.193520268164413,13.00918584924491,24.540474078028314,3.0569981964244843,-3.3063749208905375,4.328812880528384,-1.4891511544780924,9.717224571457086,-10.490483582348945,9.12746675543157,-11.831972490516126,-5.385838093879379,-8.58217891142944,-6.631672750556339,11.795567794217325,-5.305041485636688,-7.331524374847014,11.179138127926349,10.23479110019257
-6.724498942146415,-7.115885796536821,0.643361512707822,20.433636739683543,-10.361698590317266,19.877901505769735,-12.881049910393283,-7.686822234133583,8.046544693521716,1.9337078380025186,2.5144748796986383,3.7235237786980173,-1.943329319367767,7.006968333794355,6.816422665466363,-5.46148519519911,-7.683563370144165,-8.506214073517668,12.238643320392152,7.039565810320751,-10.289370399277852,-5.250434605560204,-4.868590619290858,0.6165270473526436,1.7254771687827826,-7.34352858948742,-14.20655021662102,-25.975181854358716,-2.870765168165311,3.022835794587522,-4.2423850611350415,1.3426808920016569,-9.989193948530168,10.591366431342246,-9.417278135323995,12.421705167788646,5.580183761036029,9.050872389956833,6.854826159880033,-12.595140433550299,5.209982839901483,7.292177554191608,-11.588234778375861,-10.958112210429395
-1.9035627598683222,-1.7512119991595978,0.11625724477357113,5.034414149989744,-2.533008626187634,5.288622469422551,-3.5068171457107264,-1.9227899153521895,1.9337078380025186,0.7838098648009637,0.6604859949828662,1.1507458420110412,-0.2980328383438767,1.3998666974802427,2.0429040842560564,-0.9091899194099774,-1.679730593511394,-2.0581787781214187,3.6181780468719564,1.8253985604617926,-2.3755318624523984,-1.6176865653253585,-1.5805625027781853,0.7062288722480055,0.30604567755333123,-2.0283817690356103,-3.584386195349959,-7.0601518071335985,-1.022775216115406,0.7584799022821663,-1.5860795662917195,0.41160511129978633,-2.748857175166522,2.8571686719934375,-2.374378997426573,3.025293981713084,1.284170309967913,1.9478925206353683,2.154311111704164,-2.965945537710599,1.310337371525551,1.585356414269464,-2.888781354198896,-2.814846575518967
-2.2783632331853263,-2.216678111839711,0.53522615041641,6.455502142424142,-3.6294579216483642,6.4511229714131035,-4.153534819421926,-2.1611860014291047,2.5144748796986383,0.6604859949828662,0.9781279715423395,0.9940811690163934,-0.7203284119192422,1.6521913024768056,2.0712866896287276,-1.7320110811955678,-2.365627065640969,-2.914010508020895,3.8838071183059393,2.2453037022341467,-3.134102259682845,-2.0645117868679126,-1.4721981468670042,0.5284325299549997,0.6029930019141807,-2.2841663345998455,-4.787663017730074,-8.552023082064244,-0.8597145977632069,0.7806614683031489,-1.398524706891884,0.33498458984452295,-3.1401637933305673,3.2329584170998165,-2.8659342012948543,3.9348170677948104,1.6961976802300944,2.7550905181939416,2.2195500584500905,-4.049126057732939,1.549005057189084,2.0502206141280377,-3.675597750424025,-3.5470494428846844
-3.0510166485407364,-3.362480686244233,-0.2905774134164862,9.630862150258627,-4.214539440240387,9.608193562921135,-6.350162309542013,-4.046753747346153,3.7235237786980173,1.1507458420110412,0.9940811690163934,2.4435860006326795,-0.7025650495413523,3.82771136161485,3.84106154160567,-1.8550144723440865,-3.3606501971551395,-3.5928160498270802,6.3974489194855595,3.3359693650631814,-4.736417697842234,-2.205788388985993,-2.786298759442303,0.5486018832624847,0.5713345612088134,-3.705576238320356,-6.292061195007775,-12.418688895888305,-1.8381642963433211,1.8214827571888295,-2.527695808707493,0.8258345564783002,-5.006988061716107,5.371733908366389,-4.591687038146991,5.734196546832502,2.513734217326512,4.001847088515911,3.4948414725000356,-5.633869176839304,2.732967151405924,3.713096132609736,-5.512056984896803,-5.010790872592977
1.4860135506570464,1.6968661820872484,-0.3682775548808414,-4.940644133834985,2.666252816603653,-4.657255442397034,2.9635591128743584,1.68608752826329,-1.943329319367767,-0.2980328383438767,-0.7203284119192422,-0.7025650495413523,0.7378520319329311,-1.6308074712515066,-1.440932771366034,1.480165355770307,1.8910028811062947,2.1647323417736963,-2.601751547136775,-1.6477466568879662,2.4644940355395155,1.2684857380414323,0.8865303743922464,-0.06881015112912024,-0.5254134625135034,1.5963482850576367,3.5211235433115564,6.036145151932948,0.5047416527805616,-0.6911559463528789,0.7592769416874394,-0.21445050167612523,2.198756239958412,-2.330688222803696,2.125248990311828,-3.024413421528336,-1.3363328514839112,-2.2520031889716927,-1.3162357970134706,3.154152560660915,-1.2753037589542464,-1.8017047777773658,2.845992407951306,2.5369346255993492
-5.030710272653687,-6.26040795911854,-0.4955475810185864,17.49231802090494,-7.417685342397262,16.236099574098915,-10.675392147514538,-7.58392304922848,7.006968333794355,1.3998666974802427,1.6521913024768056,3.82771136161485,-1.6308074712515066,8.412005594854866,6.329142357899688,-4.348813665181924,-6.609578819106607,-6.147529210850333,10.509025145651849,6.069939199900217,-9.119712528643548,-2.737786712988233,-4.394078673088213,-0.4844018139862396,1.3279450730980291,-6.394582459111348,-10.87987171658515,-20.816914370542467,-2.6962625221028222,3.490883262959112,-3.547038861698918,1.4909219988238773,-8.54595357242265,9.607057189458427,-8.228033521124546,10.718122627608665,5.105095263124101,8.020575501101181,5.419621090850341,-10.530775098201993,5.23427693336109,7.287237311130685,-10.26367378667569,-8.71039019492988
-5.819977294810451,-6.125359731908172,0.11643568319431309,17.464163956463448,-8.270267807854154,17.37174894003156,-11.43920273560387,-6.958036122558458,6.816422665466363,2.0429040842560564,2.0712866896287276,3.84106154160567,-1.440932771366034,6.329142357899688,6.63549508184573,-3.7393728490538405,-6.171983060859522,-6.786871273107557,11.44555660165878,6.167031596447913,-8.589674376149548,-4.383077970230128,-4.840840054983304,1.1491688923273475,1.2253872249425901,-6.645316842477994,-11.806034884262544,-22.75805571777581,-3.075317773186309,2.9816349719984063,-4.481325601226647,1.3838900888442043,-8.979552180440754,9.61987911891409,-8.148992459106298,10.569534319633046,4.693741199816912,7.321243125502753,6.369223682893589,-10.43849699938617,4.830025996240948,6.311475142710227,-10.117269187872077,-9.233182518443373
4.444897323360861,4.726562463767933,-0.8210820673722482,-13.728182125779526,7.5517726698619185,-12.972952346276236,8.214184798317362,4.780876844913708,-5.46148519519911,-0.9091899194099774,-1.7320110811955678,-1.8550144723440865,1.480165355770307,-4.348813665181924,-3.7393728490538405,4.65141969736121,5.589868854798982,6.236483838736718,-7.193264528854727,-4.5476663408677656,7.138387576692288,3.645356538720986,2.573884314707284,0.27099798415495147,-1.3996166351651258,4.557873047297994,9.89443630129533,16.872977618639034,1.2906528306746874,-1.605075804325398,1.9561797701968024,-0.6625586438896351,6.262889144117756,-6.518349769896251,6.258458867809993,-8.370676033313467,-3.8149037530875582,-6.523733868581293,-4.109547384174755,8.785001951994989,-3.066657007062961,-4.826237480938204,7.5108057948909455,7.53327247256516
6.334601044546626,6.751872933964177,-0.6732892508634163,-19.47701403865188,10.039690964696227,-18.790235903186595,12.0962358049947,7.218709077053774,-7.683563370144165,-1.679730593511394,-2.365627065640969,-3.3606501971551395,1.8910028811062947,-6.609578819106607,-6.171983060859522,5.589868854798982,7.508158880315907,8.305044756292952,-11.229962601783985,-6.604846649351258,9.911999598612665,5.002455837368285,4.365868413113355,-0.24968814488196742,-1.7183813069674025,6.8449955037737045,13.637909183868867,24.46630143020333,2.493073845751974,-2.736607250341425,3.65920756134615,-1.1911916074037892,9.340224645173137,-9.844867305266828,8.982700209543944,-11.818926421863859,-5.32223661754998,-8.817068869613832,-6.315469709085541,12.112585436977753,-4.780505447351856,-6.984458137158022,10.889857053237609,10.509358350137639
7.414752997503198,7.454486597270152,-1.21397815292977,-21.830345485478475,11.91249063782232,-21.565066841205162,13.816362840074277,7.589122265289015,-8.506214073517668,-2.0581787781214187,-2.914010508020895,-3.5928160498270802,2.1647323417736963,-6.147529210850333,-6.786871273107557,6.236483838736718,8.305044756292952,9.873412179116917,-12.656398412381568,-7.3487632084818895,10.865147118492313,6.551112776848481,4.826124764288605,-0.9487075091989517,-1.9592858527023431,7.624107337908869,15.925681209131735,28.229770433356695,2.7673978101980836,-2.671170617377059,4.242588328027476,-1.1591345302775162,10.495525650867355,-10.753790764889564,9.970051643776387,-13.145443164008983,-5.705319248975625,-9.639881177144625,-7.300009583472672,13.645898037429582,-5.004836252101593,-7.3429062272178705,12.023900122748294,12.069190364853679
-10.717392177151691,-10.945779308316498,0.71182608424021,31.314556745233197,-15.502944980783832,31.23753587003689,-20.466169077247688,-12.059394374650058,12.238643320392152,3.6181780468719564,3.8838071183059393,6.3974489194855595,-2.601751547136775,10.509025145651849,11.44555660165878,-7.193264528854727,-11.229962601783985,-12.656398412381568,20.233409295164655,11.049632600159958,-15.427762152906377,-8.411545667949843,-8.430613148409709,2.1210493024182364,2.334342465689722,-11.802500455211522,-21.668609078127677,-41.08719051148938,-5.21704720041575,4.90454138478141,-7.783906227116006,2.3235704286287864,-15.999236278140376,16.96481150872906,-14.560191986499689,18.985054177456544,8.410893829148405,13.22349663475255,11.474009488799755,-18.92186874681524,8.278176643026061,10.914409224648063,-17.984326111530347,-16.85625858430318
-6.010783265214902,-6.254491816597552,0.5873958482641884,17.88682877208996,-9.036266726129913,17.54629280326043,-11.421755793421084,-6.766214431802737,7.039565810320751,1.8253985604617926,2.2453037022341467,3.3359693650631814,-1.6477466568879662,6.069939199900217,6.167031596447913,-4.5476663408677656,-6.604846649351258,-7.3487632084818895,11.049632600159958,6.260567954721106,-8.9367031277494835,-4.67508103695776,-4.470750803220648,0.8216079919994708,1.4665920797721557,-6.553977271173159,-12.42570682048379,-23.035163648866416,-2.6719463210051657,2.695864634761142,-3.9992321247942937,1.2336528025029587,-8.896344634888752,9.457436727269771,-8.244213996254143,10.901451168956573,4.895063031566088,7.787545645686975,6.216909476289924,-10.966701342761164,4.649291022225182,6.285771246940662,-10.249654839741723,-9.596489917317346
8.496302528731492,9.083500332915474,-0.7320234910056117,-26.092361284129094,13.174927312286055,-25.25238454693019,16.336477390615986,9.862498388928357,-10.289370399277852,-2.3755318624523984,-3.134102259682845,-4.736417697842234,2.4644940355395155,-9.119712528643548,-8.589674376149548,7.138387576692288,9.911999598612665,10.865147118492313,-15.427762152906377,-8.9367031277494835,13.225870965750179,6.554867748967863,6.118364815328713,-0.5222658555965942,-2.215236550059054,9.320849908152724,18.074599673106857,32.91285147841788,3.574587892891551,-3.8631478994480735,5.223293814649179,-1.7063308011659413,12.6815706941007,-13.454940799744474,12.064821878713708,-15.847944951280889,-7.15147697663952,-11.678628463186277,-8.632942315875969,16.1055935822535,-6.607756161113105,-9.420145257422671,14.727391846037301,13.984631426308093
5.090160939757056,4.614273260650235,-1.1324521912340364,-13.689646273555383,7.972930043968031,-14.11375936450243,9.056817334260872,4.411783469834328,-5.250434605560204,-1.6176865653253585,-2.0645117868679126,-2.205788388985993,1.2684857380414323,-2.737786712988233,-4.383077970230128,3.645356538720986,5.002455837368285,6.551112776848481,-8.411545667949843,-4.67508103695776,6.554867748967863,4.988934040748648,3.2421668640393553,-1.4380384544839022,-1.1942109186793906,4.910262543131039,10.50749052260727,18.737885905400145,1.9059201270937336,-1.382667152487836,3.1298745102959122,-0.6641559192635854,6.804544484649797,-6.748956822147649,6.207471842606754,-8.192769969129882,-3.3860218878250006,-5.703409602943388,-5.07796281844172,8.540313783548129,-2.9180942727582186,-4.068944658887408,7.480211070820615,7.864551318749481
4.314110473089902,4.389022906016563,-0.07539050920449593,-12.464494730769463,5.916808382515985,-12.542241530716517,8.287122516717991,4.9975877481071835,-4.868590619290858,-1.5805625027781853,-1.4721981468670042,-2.786298759442303,0.8865303743922464,-4.394078673088213,-4.840840054983304,2.573884314707284,4.365868413113355,4.826124764288605,-8.430613148409709,-4.470750803220648,6.118364815328713,3.2421668640393553,3.641267553828379,-0.9843288741122441,-0.8280805756638289,4.860801688010428,8.45580441360787,16.520343190948005,2.301004693320754,-2.100665059779692,3.3976414647485,-1.0381862529725534,6.558563675604052,-7.0079148214732365,5.880482680752236,-7.5510285300253415,-3.3596245664740922,-5.1555224497833825,-4.797718689843595,7.409116620891432,-3.4184139425369455,-4.385828634564123,7.222169866905593,6.6886863140032515
-1.1380680212218104,-0.6115127587588649,0.37377622450310466,1.8785927205905213,-1.2843420848024476,2.6677228095541214,-1.8241955377515664,-0.4493312504157893,0.6165270473526436,0.7062288722480055,0.5284325299549997,0.5486018832624847,-0.06881015112912024,-0.4844018139862396,1.1491688923273475,0.27099798415495147,-0.24968814488196742,-0.9487075091989517,2.1210493024182364,0.8216079919994708,-0.5222658555965942,-1.4380384544839022,-0.9843288741122441,1.3840883021930956,0.029213917721775524,-0.9746662901783036,-1.7507037764081081,-3.829116311004494,-0.736864029325211,0.15220368482490268,-1.3256803040504992,0.1456686470449365,-1.3550859940163629,1.2397230037217883,-0.8004588872770482,1.0863575747442482,0.2655703901746017,0.2234384287086804,1.3736216969920214,-1.0064802014262402,0.46262086148497134,0.08911036298858722,-1.172334939700593,-1.2211203778663442
-1.421953733170821,-1.500064860908387,0.3296864396509854,4.3456965533791285,-2.418707457820177,4.131843675811893,-2.62798198441706,-1.4806951330525455,1.7254771687827826,0.30604567755333123,0.6029930019141807,0.5713345612088134,-0.5254134625135034,1.3279450730980291,1.2253872249425901,-1.3996166351651258,-1.7183813069674025,-1.9592858527023431,2.334342465689722,1.4665920797721557,-2.215236550059054,-1.1942109186793906,-0.8280805756638289,0.029213917721775524,0.45380097110938916,-1.4484392143332898,-3.1536575319556026,-5.411703406146381,-0.43272667578176044,0.5216944008761464,-0.6854977593960491,0.20483311021518086,-1.9886938140523973,2.0820886250504635,-1.9337275457831213,2.668629491467757,1.2045002886924974,2.0146611920603257,1.3025790443978937,-2.7832355723961086,1.0220813936639317,1.492961987051387,-2.440865722157986,-2.3529352550831404
6.320758786016953,6.542981263123541,-0.4336012074456778,-18.728258961666672,9.308583341220618,-18.507594582705472,12.08328096090984,7.193520268164413,-7.34352858948742,-2.0283817690356103,-2.2841663345998455,-3.705576238320356,1.5963482850576367,-6.394582459111348,-6.645316842477994,4.557873047297994,6.8449955037737045,7.624107337908869,-11.802500455211522,-6.553977271173159,9.320849908152724,4.910262543131039,4.860801688010428,-0.9746662901783036,-1.4484392143332898,6.959352940969582,12.946019309957975,24.27855156901991,2.958034102878722,-2.8895805010209257,4.3840992182239,-1.3504076516498993,9.439564133801124,-10.0170356516655,8.70892640994051,-11.362588760429148,-5.072942364889972,-8.0616128071968909,-6.6797141553494885,11.384603957215017,-4.886450871577578,-6.604651749294296,10.696189754406102,10.074555975990636
12.347080416400736,12.517627365068725,-1.7610078875543398,-36.36729983056857,19.352835091661603,-35.91251535421046,23.151377036530928,13.00918584924491,-14.20655021662102,-3.584386195349959,-4.787663017730074,-6.292061195007775,3.5211235433115564,-10.87987171658515,-11.806034884262544,9.89443630129533,13.637909183868867,15.925681209131735,-21.668609078127677,-12.42570682048379,18.074599673106857,10.50749052260727,8.45580441360787,-1.7507037764081081,-3.1536575319556026,12.946019309957975,26.127157529149944,47.09397486993827,4.951532044934855,-4.811245610981413,7.546784831908586,-2.1348974622810446,17.732396469255974,-18.401278497163503,16.643676009044725,-21.98912352667885,-9.636566056843208,-15.913589760694313,-12.394285529560237,22.562317633205378,-8.74571735777882,-12.372013034460087,20.3374993796859,19.905775745680124
22.68640008555149,23.03467137713842,-2.5056765987134026,-66.52604508495929,34.388938127231185,-66.05452518986388,42.87219347277129,24.540474078028314,-25.975181854358716,-7.0601518071335985,-8.552023082064244,-12.418688895888305,6.036145151932948,-20.816914370542467,-22.75805571777581,16.872977618639034,24.46630143020333,28.229770433356695,-41.08719051148938,-23.035163648866416,32.91285147841788,18.737885905400145,16.520343190948005,-3.829116311004494,-5.411703406146381,24.27855156901991,47.09397486993827,86.72683692340753,9.935463508562902,-9.46035015930215,14.986324149832022,-4.333003169670367,33.11533691642954,-34.65206830667554,30.66003137179121,-40.24428129543024,-17.688422898987945,-28.641791931911204,-23.42859264662532,40.80698253160658,-16.633002283178907,-22.838566438787343,37.5947630587636,36.185460262016505
2.5453999458914764,2.610576372297848,0.07230217381579279,-7.41627725650559,3.368711355240269,-7.554667376979436,5.0295596278491015,3.0569981964244843,-2.870765168165311,-1.022775216115406,-0.8597145977632069,-1.8381642963433211,0.5047416527805616,-2.6962625221028222,-3.075317773186309,1.2906528306746874,2.493073845751974,2.7673978101980836,-5.21704720041575,-2.6719463210051657,3.574587892891551,1.9059201270937336,2.301004693320754,-0.736864029325211,-0.43272667578176044,2.958034102878722,4.951532044934855,9.935463508562902,1.516197079680739,-1.3556212147986866,2.207969801249719,-0.6615418203773327,3.983519321362095,-4.270274791746646,3.5092230866554446,-4.464745837350432,-1.9547812372270916,-2.9588558098153146,-2.9307437689733087,4.326523278116995,-2.1291920835744773,-2.655468175088063,4.337990536819216,3.926397854947001
-2.286271073039351,-2.7272627463025274,-0.21343907235478285,7.65716987016849,-3.2310951525473497,7.335909897248085,-4.857569468665587,-3.3063749208905375,3.022835794587522,0.7584799022821663,0.7806614683031489,1.8214827571888295,-0.6911559463528789,3.490883262959112,2.9816349719984063,-1.605075804325398,-2.736607250341425,-2.671170617377059,4.90454138478141,2.695864634761142,-3.8631478994480735,-1.382667152487836,-2.100665059779692,0.15220368482490268,0.5216944008761464,-2.8895805010209257,-4.811245610981413,-9.46035015930215,-1.3556212147986866,1.5667587865181984,-1.8365736546728293,0.6754195823652382,-3.8706314773079473,4.3052381433247,-3.5893427892260856,4.658373855797215,2.1509092976439392,3.323235294659235,2.5492628319562347,-4.534101395905814,2.3408991937024015,3.1045721027117454,-4.537407675986389,-3.816749980914004
3.9588436604766466,3.851936760426788,-0.1616424438169238,-10.949396961453024,5.273399381232183,-11.270870582225315,7.497300296666003,4.328812880528384,-4.2423850611350415,-1.5860795662917195,-1.398524706891884,-2.527695808707493,0.7592769416874394,-3.547038861698918,-4.481325601226647,1.9561797701968024,3.65920756134615,4.242588328027476,-7.783906227116006,-3.9992321247942937,5.223293814649179,3.1298745102959122,3.3976414647485,-1.3256803040504992,-0.6854977593960491,4.3840992182239,7.546784831908586,14.986324149832022,2.207969801249719,-1.8365736546728293,3.3585510706408033,-0.9355261087730473,5.9116262214099935,-6.284348306444404,5.124677461816312,-6.636296026549038,-2.8898123090295615,-4.311111531701629,-4.475963361954203,6.447410427671533,-3.056246423874325,-3.6613502456588916,6.427447470967187,5.920541402538344
-1.107902180351878,-1.2196667631459746,-0.10399223498509884,3.382126831561019,-1.430551678406098,3.3080087616399574,-2.2124080865061573,-1.4891511544780924,1.3426808920016569,0.41160511129978633,0.33498458984452295,0.8258345564783002,-0.21445050167612523,1.4909219988238773,1.3838900888442043,-0.6625586438896351,-1.1911916074037892,-1.1591345302775162,2.3235704286287864,1.2336528025029587,-1.7063308011659413,-0.6641559192635854,-1.0381862529725534,0.1456686470449365,0.20483311021518086,-1.3504076516498993,-2.1348974622810446,-4.333003169670367,-0.6615418203773327,0.6754195823652382,-0.9355261087730473,0.33538087513796944,-1.7968631008056597,1.995923325430395,-1.6240910578505503,2.071736829875855,0.9696390230561484,1.4340211953192066,1.284590030057618,-1.9781204704690338,1.0242970888525682,1.2992385616888624,-2.0105470929172875,-1.7468214830369437
8.62057568813851,8.889937102842293,-0.6512894748259739,-25.51698000791752,12.784897404014881,-25.255973817033105,16.462421615698336,9.717224571457086,-9.989193948530168,-2.748857175166522,-3.1401637933305673,-5.006988061716107,2.198756239958412,-8.54595357242265,-8.979552180440754,6.262889144117756,9.340224645173137,10.495525650867355,-15.999236278140376,-8.896344634888752,12.6815706941007,6.804544484649797,6.558563675604052,-1.3550859940163629,-1.9886938140523973,9.439564133801124,17.732396469255974,33.11533691642954,3.983519321362095,-3.8706314773079473,5.9116262214099935,-1.7968631008056597,12.825943894723007,-13.555683586597334,11.852133563664296,-15.455149629321706,-6.866401388960747,-10.98317060416341,-9.067949652671563,15.537007368841357,-6.581926739626874,-8.959698734155495,14.518069435396736,13.762664024310588
-8.976831820042122,-9.44785173765164,0.5159871072133793,26.924942192509256,-13.172579037629067,26.439422121204842,-17.291366120698914,-10.490483582348945,10.591366431342246,2.8571686719934375,3.2329584170998165,5.371733908366389,-2.330688222803696,9.607057189458427,9.61987911891409,-6.518349769896251,-9.844867305266828,-10.753790764889564,16.96481150872906,9.457436727269771,-13.454940799744474,-6.748956822147649,-7.0079148214732365,1.2397230037217883,2.0820886250504635,-10.0170356516655,-18.401278497163503,-34.65206830667554,-4.270274791746646,4.3052381433247,-6.284348306444404,1.995923325430395,-13.555683586597334,14.503190547485643,-12.516294752514026,16.38420714509518,7.382056269321171,11.644727184094469,9.507896685286811,-16.347902449725584,7.186981907381425,9.648815818689812,-15.487424429930059,-14.350695939871628
7.923027613943392,8.340679545524791,-0.5523782034490333,-24.002981044204816,12.035341939888292,-23.503140074472146,15.248488213798858,9.12746675543157,-9.417278135323995,-2.374378997426573,-2.8659342012948543,-4.591687038146991,2.125248990311828,-8.228033521124546,-8.148992459106298,6.258458867809993,8.982700209543944,9.970051643776387,-14.560191986499689,-8.244213996254143,12.064821878713708,6.207471842606754,5.880482680752236,-0.8004588872770482,-1.9337275457831213,8.70892640994051,16.643676009044725,30.66003137179121,3.5092230866554446,-3.5893427892260856,5.124677461816312,-1.6240910578505503,11.852133563664296,-12.516294752514026,11.167485847936366,-14.512637632100022,-6.479731929171489,-10.56049320087112,-8.214212510679591,14.700811046916746,-6.0777756484212135,-8.596930940933031,13.51682766799925,12.929142106826042
-10.435363831002645,-10.992219526598877,1.0672788226323502,31.55972818330721,-16.056590483755084,30.757938428718333,-19.94146700791207,-11.831972490516126,12.421705167788646,3.025293981713084,3.9348170677948104,5.734196546832502,-3.024413421528336,10.718122627608665,10.569534319633046,-8.370676033313467,-11.818926421863859,-13.145443164008983,18.985054177456544,10.901451168956573,-15.847944951280889,-8.192769969129882,-7.5510285300253415,1.0863575747442482,2.668629491467757,-11.362588760429148,-21.98912352667885,-40.24428129543024,-4.464745837350432,4.658373855797215,-6.636296026549038,2.071736829875855,-15.455149629321706,16.38420714509518,-14.512637632100022,19.19985299442923,8.613252911925592,13.924054464443266,10.637840189830651,-19.451940513180446,8.068171866594595,11.19743809617085,-17.94211325667487,-16.9260516550888
-4.599354632240743,-4.94034236900914,0.41491022674751166,14.053544461750999,-7.0278180450922765,13.515545748618257,-8.7786793289362,-5.385838093879379,5.580183761036029,1.284170309967913,1.6961976802300944,2.513734217326512,-1.3363328514839112,5.105095263124101,4.693741199816912,-3.8149037530875582,-5.32223661754998,-5.705319248975625,8.410893829148405,4.895063031566088,-7.15147697663952,-3.3860218878250006,-3.3596245664740922,0.2655703901746017,1.2045002886924974,-5.072942364889972,-9.636566056843208,-17.688422898987945,-1.9547812372270916,2.1509092976439392,-2.8898123090295615,0.9696390230561484,-6.866401388960747,7.382056269321171,-6.479731929171489,8.613252911925592,3.9560401525183453,6.303678371772571,4.688677864970645,-8.672808714179574,3.6805555772925067,5.077382078424419,-8.063735074492381,-7.475388950678639
-7.377835555180135,-7.9634884515351,0.7176359263533334,22.911854780664246,-11.671668835906761,22.018071930647714,-14.192438490393972,-8.58217891142944,9.050872389956833,1.9478925206353683,2.7550905181939416,4.001847088515911,-2.2520031889716927,8.020575501101181,7.321243125502753,-6.523733868581293,-8.817068869613832,-9.639881177144625,13.22349663475255,7.787545645686975,-11.678628463186277,-5.703409602943388,-5.1555224497833825,0.2234384287086804,2.0146611920603257,-8.0616128071968909,-15.913589760694313,-28.641791931911204,-2.9588558098153146,3.323235294659235,-4.311111531701629,1.4340211953192066,-10.98317060416341,11.644727184094469,-10.56049320087112,13.924054464443266,6.303678371772571,10.389896658086734,7.3733125599978555,-14.227180268701494,5.72962271844781,8.315079572297622,-12.880077077050926,-12.270963385016566
-6.254170842171389,-6.121884805408646,0.5327993876315761,17.563993387091454,-8.957300954074299,17.715361672039652,-11.594862364732,-6.631672750556339,6.854826159880033,2.154311111704164,2.2195500584500905,3.4948414725000356,-1.3162357970134706,5.419621090850341,6.369223682893589,-4.109547384174755,-6.315469709085541,-7.300009583472672,11.474009488799755,6.216909476289924,-8.632942315875969,-5.07796281844172,-4.797718689843595,1.3736216969920214,1.3025790443978937,-6.6797141553494885,-12.394285529560237,-23.42859264662532,-2.9307437689733087,2.5492628319562347,-4.475963361954203,1.284590030057618,-9.067949652671563,9.507896685286811,-8.214212510679591,10.637840189830651,4.688677864970645,7.3733125599978555,6.707373232392251,-10.63282741021623,4.445353650543622,5.862475025716509,-9.983126232893833,-9.678944727763179
10.583213517642244,11.106345384171101,-1.2534800355785074,-32.05284386303073,16.593485440276183,-31.22944530541608,20.161950481313017,11.795567794217325,-12.595140433550299,-2.965945537710599,-4.049126057732939,-5.633869176839304,3.154152560660915,-10.530775098201993,-10.43849699938617,8.785001951994989,12.112585436977753,13.645898037429582,-18.92186874681524,-10.966701342761164,16.1055935822535,8.540313783548129,7.409116620891432,-1.0064802014262402,-2.7832355723961086,11.384603957215017,22.562317633205378,40.80698253160658,4.326523278116995,-4.534101395905814,6.447410427671533,-1.9781204704690338,15.537007368841357,-16.347902449725584,14.700811046916746,-19.451940513180446,-8.672808714179574,-14.227180268701494,-10.63282741021623,19.862184054436018,-7.976045105389263,-11.302542882532718,18.06371088286128,17.282521416293378
-4.183920658930297,-4.6646234553375665,0.11898226426485314,13.192488623592505,-6.162226291811561,12.752464582313852,-8.37638962525955,-5.305041485636688,5.209982839901483,1.310337371525551,1.549005057189084,2.732967151405924,-1.2753037589542464,5.23427693336109,4.830025996240948,-3.066657007062961,-4.780505447351856,-5.004836252101593,8.278176643026061,4.649291022225182,-6.607756161113105,-2.9180942727582186,-3.4184139425369455,0.46262086148497134,1.0220813936639317,-4.886450871577578,-8.74571735777882,-16.633002283178907,-2.1291920835744773,2.3408991937024015,-3.056246423874325,1.0242970888525682,-6.581926739626874,7.186981907381425,-6.0777756484212135,8.068171866594595,3.6805555772925067,5.72962271844781,4.445353650543622,-7.976045105389263,3.775249053028704,4.968233453273542,-7.749043974687076,-6.794671988521868
-5.663973515302631,-6.463056513409753,0.08324525637077916,18.511800600152668,-8.776567039180879,17.712361709181955,-11.498633456072355,-7.331524374847014,7.292177554191608,1.585356414269464,2.0502206141280377,3.713096132609736,-1.8017047777773658,7.287237311130685,6.311475142710227,-4.826237480938204,-6.984458137158022,-7.3429062272178705,10.914409224648063,6.285771246940662,-9.420145257422671,-4.068944658887408,-4.385828634564123,0.08911036298858722,1.492961987051387,-6.604651749294296,-12.372013034460087,-22.838566438787343,-2.655468175088063,3.1045721027117454,-3.6613502456588916,1.2992385616888624,-8.959698734155495,9.648815818689812,-8.596930940933031,11.19743809617085,5.077382078424419,8.315079572297622,5.862475025716509,-11.302542882532718,4.968233453273542,7.136053021204528,-10.524164152024971,-9.623849595849588
9.699962374134273,10.29074735711864,-0.9024173871449304,-29.44317300205211,14.752534993971157,-28.716920092520606,18.682292157375414,11.179138127926349,-11.588234778375861,-2.888781354198896,-3.675597750424025,-5.512056984896803,2.845992407951306,-10.26367378667569,-10.117269187872077,7.5108057948909455,10.889857053237609,12.023900122748294,-17.984326111530347,-10.249654839741723,14.727391846037301,7.480211070820615,7.222169866905593,-1.172334939700593,-2.440865722157986,10.696189754406102,20.3374993796859,37.5947630587636,4.337990536819216,-4.537407675986389,6.427447470967187,-2.0105470929172875,14.518069435396736,-15.487424429930059,13.51682766799925,-17.94211325667487,-8.063735074492381,-12.880077077050926,-9.983126232893833,18.06371088286128,-7.749043974687076,-10.524164152024971,16.907489412571024,15.651510350916208
9.500759119686283,9.670701773370755,-1.1037283379503933,-27.989635585243775,14.637324897084941,-27.6080213247302,17.84388537616524,10.23479110019257,-10.958112210429395,-2.814846575518967,-3.5470494428846844,-5.010790872592977,2.5369346255993492,-8.71039019492988,-9.233182518443373,7.53327247256516,10.509358350137639,12.069190364853679,-16.85625858430318,-9.596489917317346,13.984631426308093,7.864551318749481,6.6886863140032515,-1.2211203778663442,-2.3529352550831404,10.074555975990636,19.905775745680124,36.185460262016505,3.926397854947001,-3.816749980914004,5.920541402538344,-1.7468214830369437,13.762664024310588,-14.350695939871628,12.929142106826042,-16.9260516550888,-7.475388950678639,-12.270963385016566,-9.678944727763179,17.282521416293378,-6.794671988521868,-9.623849595849588,15.651510350916208,15.323243136682349
