V1,V2,V3,V4,V5,V6,V7,V8,V9,V10,V11,V12,V13,V14,V15,V16,V17,V18,V19,V20,V21,V22,V23,V24,V25,V26,V27,V28,V29,V30,V31,V32,V33,V34,V35,V36,V37,V38,V39,V40,V41,V42,V43,V44
4.951596578281351,1.2528182922355056,-4.522406489603464,1.7355478531942334,2.4516687761371476,3.361503280913036,-1.2913723120370812,-0.6088587371544657,-1.2760321873006752,-1.0856924300972077,-0.9466381779895013,5.894505771231299,-2.1080248181972334,1.0984666327551937,1.133822655202799,2.7253221872283913,0.45338096221316304,-2.4136800312158613,-3.0151000512159962,-3.236976930883692,1.0394188348925828,-0.4675950681956275,2.0095312831480867,-0.21148330568176799,-1.004085366284832,1.899319186961715,-0.502066464548598,1.1907876841619527,-0.7982831811474472,2.0497894536197787,2.4018790704026407,-1.2590370538045546,1.3760138099852819,-3.6757728678547634,-0.7563868932146868,-2.5449538286715656,-4.159982064758632,-0.5565807448895568,-4.802709724668593,0.3006135693762224,-0.19231436269700705,5.466665019308142,2.349969978921239,1.285289021883076
1.2528182922355056,0.6433995301695842,-0.731778198702319,0.19141677134001286,0.018977757853402267,1.2445323377913633,-0.4236117262072833,0.6203878281744712,-0.6373727725070953,-0.21500960901578342,0.019276223702709344,1.4056938914215455,-0.7234124949275679,-1.3641070519426957,-0.05554380168211089,0.8198525591654809,0.34328254642111233,-1.3501084920199835,-1.1992354524130298,-1.1843353421616196,0.7589582623766754,-1.2177695551488894,0.8905844757243571,0.6533823119272698,-0.24863941646178367,0.8261472377642524,-0.7508359174651551,-0.09619814521761239,-0.06289418602771744,0.03567982093560598,0.7668499210096791,-0.6635164741892962,0.6277320744355639,-1.7274904212560422,0.07977853660315247,-1.0875157705452276,-1.6637518627772114,-0.555052585699645,-1.4073398367709697,0.15885633716545347,-0.6183931173017189,0.9396395152003971,1.1440122935417394,0.2119046105387399
-4.522406489603464,-0.731778198702319,4.664761193331495,-1.886698235283148,-2.993862972188896,-2.566897571933904,1.057976649550408,1.5238431553330458,0.7772121454243559,1.072889931364043,1.1949991298764715,-5.496926312705868,1.6854131369592427,-3.0588399229660266,-1.475601760795588,-2.329282238758094,-0.13501848529211583,1.2701706423064452,2.1815794991832265,2.5022914085687002,-0.3291673325226094,-0.9572155456567633,-1.3460705003963027,1.068966932268053,0.9215493988218646,-1.2863878357722631,-0.331818521057347,-1.5799752365037008,0.9008652952768335,-2.4827759285846827,-1.9824465010504355,0.7071127483141303,-0.9066402103975936,2.3508776498785995,1.0366646488888605,1.7729439554117032,3.026444819697459,-0.005641532198844771,4.137031840751073,-0.17067944226250836,-0.5501545023314218,-5.548441890038908,-1.4479986761954273,-1.327066131158217
1.7355478531942334,0.19141677134001286,-1.886698235283148,0.8082716003061381,1.3261017062450455,0.8850275003548416,-0.3785763524968028,-0.8162874934022459,-0.19872250874260583,-0.41843853663441644,-0.5253202432536119,2.1290743007252906,-0.5920750707396855,1.6577494783820936,0.6527498094447872,0.8555091393047777,-0.024046964424883514,-0.28055538870252505,-0.7444623841582562,-0.8484094404634093,-0.01915904531853799,0.6795766763019947,0.4178734941157905,-0.6294902007061725,-0.35988823730852637,0.41474885639539194,0.29815871431003704,0.7302542235783739,-0.39255458679910044,1.0877837680133298,0.7290938437359908,-0.1854949189149938,0.2645991490846708,-0.678619365947471,-0.4674893513595508,-0.5454296147236879,-0.9947786913844708,0.1284014463620787,-1.5430003023389665,0.043635193415219695,0.36093059317860965,2.2591089391991983,0.4101728447777182,0.5269353064483073
2.4516687761371476,0.018977757853402267,-2.993862972188896,1.3261017062450455,2.3465652692054593,0.9448407156868296,-0.46317937125329944,-1.7533204785911871,-0.04193718407453843,-0.6349665834026736,-0.9447362919804767,3.0837532267209538,-0.6855593213964642,3.6105708434944064,1.1982790997226467,1.122048991099751,-0.2026682483052289,0.1842327812854707,-0.697442084158751,-0.91795114679668,-0.4060010555246767,1.812197792512416,0.2846614716705441,-1.4242827466114887,-0.5153978542075175,0.31158707959954657,0.911068452915704,1.3342133680718722,-0.667403195529349,1.9156493959545626,0.8947404954220192,0.009556199862654711,0.15401025408227642,-0.33650179764114807,-0.8707126476899275,-0.4325489186357269,-0.9344122855927822,0.4924662752781187,-2.024130236316366,0.003313685964410583,0.9566431687138697,3.5329254865207123,0.15228421585968924,0.8379657742482938
3.361503280913036,1.2445323377913633,-2.566897571933904,0.8850275003548416,0.9448407156868296,2.761990676436141,-0.9940095200078941,0.5141492795360485,-1.2420120839760995,-0.6601559559476137,-0.32894419801343344,3.8979661708112694,-1.6587158597816434,-1.2241462453871728,0.3549388600527223,2.0091677894460847,0.5806307845176051,-2.5289144927840286,-2.5823307609796915,-2.633950332164975,1.302559558428418,-1.641029170779809,1.826466816149568,0.7024994626561535,-0.6777386096632672,1.7124004057867699,-1.0931748075546284,0.3330170266267376,-0.3795435972552938,0.8098859805441765,1.8247785215363495,-1.2739152749788492,1.268807919964981,-3.4558947728588936,-0.18412988647727827,-2.259132119574925,-3.5632153931059287,-0.8744338544925863,-3.494511625192743,0.30641704498213573,-0.8206591626560524,3.1786006387899293,2.26117986173852,0.7313790536596771
-1.2913723120370812,-0.4236117262072833,1.057976649550408,-0.3785763524968028,-0.46317937125329944,-0.9940095200078941,0.3670063007559117,-0.0696901615601732,0.42587230998776204,0.2635418118653617,0.1703588091177621,-1.5133154862752527,0.606077983607003,0.20006219441834874,-0.19643536751642754,-0.7522542179332993,-0.18737161417822443,0.8473021446692433,0.9135545007236038,0.9517615497928246,-0.41897065516468035,0.4479269370162613,-0.6357335043588678,-0.15637271005487405,0.26129848221359125,-0.5970886248639539,0.3140701760276087,-0.19195703551815219,0.16886987123417602,-0.3918130353865129,-0.6713134443113669,0.43057533005010035,-0.4404508748241897,1.1931855601503658,0.11685460486328694,0.7956284566392168,1.266432313563298,0.26967946313402047,1.3080518778720636,-0.10429621251813662,0.21867289374404056,-1.294224493924273,-0.775664870236882,-0.301839297115279
-0.6088587371544657,0.6203878281744712,1.5238431553330458,-0.8162874934022459,-1.7533204785911871,0.5141492795360485,-0.0696901615601732,1.9414052323653195,-0.6042314483963489,0.2613042147668887,0.7280825376458498,-0.9325224099550797,-0.1990538548312031,-4.080136576536295,-0.9539770738871447,-0.03437111511078845,0.497943280789767,-1.473822255972783,-0.646965326830594,-0.4832415183074331,1.0598062140121003,-2.5715446617545945,0.6621938520434376,1.7291568572559606,0.14474631493183332,0.5739754990290862,-1.4271995034109854,-1.1065944566297223,0.4436690687820986,-1.4084218680402034,0.07764729536505766,-0.6580395422363019,0.5072290297008623,-1.4547434817176759,0.732134602384111,-0.7542228287782602,-0.9386406601647809,-0.9241248381978766,0.1380976866919259,0.15457208462332522,-1.3280383949235992,-1.735882926785291,1.0127222870489168,-0.41543107659820977
-1.2760321873006752,-0.6373727725070953,0.7772121454243559,-0.19872250874260583,-0.04193718407453843,-1.2420120839760995,0.42587230998776204,-0.6042314483963489,0.6417486084716876,0.22947268019297182,-0.00314254279403144,-1.43718734466783,0.7284153732350637,1.3245055939839505,0.035700410660035035,-0.8276772592248921,-0.34570442440140775,1.3403167991288343,1.1831665499232809,1.1945921294954116,-0.7530220345859404,1.1894264182684675,-0.8842578310370081,-0.6435292850979147,0.24982976940490856,-0.8138557129589,0.7330833055016146,0.08653852747393033,0.06543857576844278,-0.059398284412441764,-0.7660921521522255,0.6518960193513744,-0.6302420387393584,1.7221214189406582,-0.0639595307180368,1.0926475096033192,1.661475994168252,0.5499266241159283,1.4191582487761534,-0.1567847606767082,0.5963854995107362,-0.9752528474542467,-1.1333942419937468,-0.23031057595303386
-1.0856924300972077,-0.21500960901578342,1.072889931364043,-0.41843853663441644,-0.6349665834026736,-0.6601559559476137,0.2635418118653617,0.2613042147668887,0.22947268019297182,0.2577043637992619,0.25617082344239395,-1.3060228956641249,0.4304066230520405,-0.5192318490471354,-0.30954585773441456,-0.5683291378169668,-0.061764808009566234,0.40123806648796995,0.572787642516131,0.6507281746728611,-0.14073235067404452,-0.09044518972019469,-0.37221750361938827,0.1652480303789965,0.21635726580150502,-0.34682731217607615,7.117808637091621e-4,-0.3266129067786409,0.19133300420132796,-0.533742364874502,-0.4969084124322743,0.20973267058168216,-0.2572127932756183,0.667534137874503,0.21765905394838903,0.4834994804946242,0.799663541227427,0.04979510707537162,1.0171527057269691,-0.04702462110408654,-0.06305725017722355,-1.2748076290682828,-0.41293667954794516,-0.30832313654741816
-0.9466381779895013,0.019276223702709344,1.1949991298764715,-0.5253202432536119,-0.9447362919804767,-0.32894419801343344,0.1703588091177621,0.7280825376458498,-0.00314254279403144,0.25617082344239395,0.38709859661775387,-1.196382571118241,0.2521476373105311,-1.507677402020488,-0.4903622261754789,-0.41938711798477546,0.09205171983253416,-0.12527601583760867,0.22509491440086415,0.3309797930789445,0.19293983400056486,-0.7813981256658407,-0.07928719681660999,0.5965385655949801,0.19581972682058874,-0.08620983177920444,-0.3994091735057615,-0.5404511151696472,0.26215861244511474,-0.7751509897086301,-0.3302422045103005,-0.03458526984244241,-0.04197404227694173,0.07053408903309251,0.36030968122644885,0.13709190908199345,0.3106455260233868,-0.2195605626291054,0.7640601691993623,0.007783282073384455,-0.41660505411605286,-1.3956095383315712,-0.012634976664529746,-0.33805689054932375
5.894505771231299,1.4056938914215455,-5.496926312705868,2.1290743007252906,3.0837532267209538,3.8979661708112694,-1.5133154862752527,-0.9325224099550797,-1.43718734466783,-1.3060228956641249,-1.196382571118241,7.045538573561986,-2.456330829615188,1.7453254253157788,1.446334242175263,3.218074145823114,0.48255966481458157,-2.6720626612141367,-3.466738062113128,-3.7569713214181104,1.1079505774336278,-0.2631635024826777,2.285759629028977,-0.43486158594807944,-1.1988654036673256,2.167242458073362,-0.42843332325193456,1.5216912392468498,-0.9910372538049544,2.571842171807795,2.811232039861755,-1.4053103668080182,1.561454100878825,-4.161189720257974,-0.9721205441367029,-2.913777406008193,-4.791678336844986,-0.5569034546900232,-5.6633018825209875,0.3394256948295955,-0.07498305026498227,6.625333654152387,2.651373923270049,1.5624140995914944
-2.1080248181972334,-0.7234124949275679,1.6854131369592427,-0.5920750707396855,-0.6855593213964642,-1.6587158597816434,0.606077983607003,-0.1990538548312031,0.7284153732350637,0.4304066230520405,0.2521476373105311,-2.456330829615188,1.0116290273491289,0.5013968883774368,-0.2809520245666988,-1.2313820548690568,-0.3272812882144542,1.4641129215606807,1.5365633798036693,1.5935323702993855,-0.7329310778009438,0.8454638064299426,-1.0807910651562551,-0.32617845075776414,0.4219104161588492,-1.0080425508456399,0.5802476634127383,-0.27207281985551013,0.2539220465352436,-0.587105580303673,-1.1165003882443343,0.737161641047722,-0.752010888213164,2.033202516540816,0.1650438307853914,1.3442583488810276,2.1264775318140967,0.4793432562864956,2.1566973207196147,-0.1735555145885323,0.415233483482629,-2.066397396554341,-1.3202789228467582,-0.48233576053411176
1.0984666327551937,-1.3641070519426957,-3.0588399229660266,1.6577494783820936,3.6105708434944064,-1.2241462453871728,0.20006219441834874,-4.080136576536295,1.3245055939839505,-0.5192318490471354,-1.507677402020488,1.7453254253157788,0.5013968883774368,8.588892106543662,1.9757767487093238,-0.038750130269686676,-1.0701391732923191,3.2112918600600673,1.4941046949166275,1.143795027731351,-2.283943771430344,5.462702341376584,-1.4797679493952227,-3.6496222926100454,-0.263584752715862,-1.295095491323283,3.0403519478455023,2.2939745634603614,-0.9017878040591466,2.902366258839188,-0.2578035987432654,1.446533717398112,-1.1225740053741442,3.219678982940583,-1.5245811464665724,1.6925794235368308,2.1520077722121327,1.978715572335739,-0.10611833586115146,-0.34251945970560943,2.8231609496222356,3.4635022341149146,-2.239271881238174,0.835298911204195
1.133822655202799,-0.05554380168211089,-1.475601760795588,0.6527498094447872,1.1982790997226467,0.3549388600527223,-0.19643536751642754,-0.9539770738871447,0.035700410660035035,-0.30954585773441456,-0.4903622261754789,1.446334242175263,-0.2809520245666988,1.9757767487093238,0.6274327020145295,0.4963065262576603,-0.13091186279517328,0.22990823477635589,-0.21999184148282694,-0.3584259745307896,-0.27995122324642807,1.0493331220742352,0.051796858799388765,-0.7832366707879875,-0.23739170920498368,0.06657902907294778,0.5458135309509716,0.6869424702131453,-0.33228558411502296,0.9803337313766718,0.3743424672154809,0.07749568117402822,0.018781033285998193,4.51873707812987e-4,-0.45899811235370147,-0.11984821620520926,-0.31095752977467267,0.30145586278798164,-0.8926264080268056,-0.014658304154069757,0.558906110800046,1.7169197320668603,-0.04115582530435781,0.4175075102565039
2.7253221872283913,0.8198525591654809,-2.329282238758094,0.8555091393047777,1.122048991099751,2.0091677894460847,-0.7522542179332993,-0.03437111511078845,-0.8276772592248921,-0.5683291378169668,-0.41938711798477546,3.218074145823114,-1.2313820548690568,-0.038750130269686676,0.4963065262576603,1.5644125153066004,0.3444270206522835,-1.6133071350597792,-1.825657602818663,-1.9247008997459938,0.7712979727978636,-0.6894270159213451,1.2502808907426441,0.1680482976821956,-0.5547227124630071,1.181189299289594,-0.517327165004053,0.49717057620212807,-0.3925272352731445,0.9419081697240954,1.3769234845708962,-0.8280985053986072,0.863306383349789,-2.3335064248067594,-0.30775713198125476,-1.5778099359905666,-2.534525750895193,-0.4755792160750305,-2.7155616629877777,0.20462041843915663,-0.32874292533420096,2.8339181009511445,1.511570537820089,0.6640031303935505
0.45338096221316304,0.34328254642111233,-0.13501848529211583,-0.024046964424883514,-0.2026682483052289,0.5806307845176051,-0.18737161417822443,0.497943280789767,-0.34570442440140775,-0.061764808009566234,0.09205171983253416,0.48255966481458157,-0.3272812882144542,-1.0701391732923191,-0.13091186279517328,0.3444270206522835,0.21105941562605654,-0.7414053758734636,-0.5654771029918229,-0.5585743970638194,0.4501201547468554,-0.8203219055099698,0.44732963222544864,0.49278630909817933,-0.08614631710994307,0.40696657225442207,-0.48236454170878834,-0.17934872147808673,0.027098024615678163,-0.15239989396772816,0.32238356313976907,-0.3517811145534861,0.3254654297516676,-0.8979988457898497,0.11827795829058266,-0.5523476856788859,-0.8093898650000516,-0.3497017257155293,-0.5687842037808465,0.0870352040812995,-0.41356776150808544,0.18458638193622098,0.5980177791436762,0.046421797912952006
-2.4136800312158613,-1.3501084920199835,1.2701706423064452,-0.28055538870252505,0.1842327812854707,-2.5289144927840286,0.8473021446692433,-1.473822255972783,1.3403167991288343,0.40123806648796995,-0.12527601583760867,-2.6720626612141367,1.4641129215606807,3.2112918600600673,0.22990823477635589,-1.6133071350597792,-0.7414053758734636,2.865379967946488,2.4583756073230485,2.41191779120735,-1.6346702186958597,2.731904709104248,-1.851962941504887,-1.507275507026822,0.4719231453266004,-1.706669842132443,1.666712739071919,0.32712940093245735,0.06430902077140917,0.10391961091506283,-1.5347077487284417,1.3955498612751,-1.312656429035614,3.609294203129319,-0.24438712380300406,2.2511897051835605,3.412692643827454,1.2110419902993559,2.778172586755302,-0.3295815377966937,1.3887155227517036,-1.654349590610326,-2.3915782684792792,-0.37241515874560666
-3.0151000512159962,-1.1992354524130298,2.1815794991832265,-0.7444623841582562,-0.697442084158751,-2.5823307609796915,0.9135545007236038,-0.646965326830594,1.1831665499232809,0.572787642516131,0.22509491440086415,-3.466738062113128,1.5365633798036693,1.4941046949166275,-0.21999184148282694,-1.825657602818663,-0.5654771029918229,2.4583756073230485,2.453937685999936,2.4478042831981277,-1.2849444081781696,1.7455956618098136,-1.7451671293730284,-0.786974015362783,0.6077901351858818,-1.6380238968707184,1.1438293173617011,-0.21042968651662472,0.30626614029689836,-0.6023570815028715,-1.6925929203570158,1.2388613935569233,-1.2071465083768844,3.3029177251361546,0.092456756270035,2.128087635126924,3.3515227620608714,0.8764966816509296,3.1929602420462295,-0.2924896600259223,0.8882688977748946,-2.744230818999437,-2.1724528026442793,-0.6152886396841329
-3.236976930883692,-1.1843353421616196,2.5022914085687002,-0.8484094404634093,-0.91795114679668,-2.633950332164975,0.9517615497928246,-0.4832415183074331,1.1945921294954116,0.6507281746728611,0.3309797930789445,-3.7569713214181104,1.5935323702993855,1.143795027731351,-0.3584259745307896,-1.9247008997459938,-0.5585743970638194,2.41191779120735,2.4478042831981277,2.533354521111011,-1.2398581026612394,1.5451224586164203,-1.7412297082290709,-0.666861097656889,0.6460856090773895,-1.6208607108087325,1.029927959227873,-0.3248659156632765,0.3580245308559851,-0.7956945094606204,-1.7447983152248534,1.2049829566882337,-1.2189678226828131,3.302189028712767,0.19342655720495414,2.168119563070004,3.403453907603497,0.8329896236316976,3.352458330736536,-0.2868705770928162,0.7615372140704187,-3.071803276678052,-2.149270723258815,-0.7204605782254002
1.0394188348925828,0.7589582623766754,-0.3291673325226094,-0.01915904531853799,-0.4060010555246767,1.302559558428418,-0.41897065516468035,1.0598062140121003,-0.7530220345859404,-0.14073235067404452,0.19293983400056486,1.1079505774336278,-0.7329310778009438,-2.283943771430344,-0.27995122324642807,0.7712979727978636,0.4501201547468554,-1.6346702186958597,-1.2849444081781696,-1.2398581026612394,0.9789482736584392,-1.7769144576213736,1.000602279300287,1.0437822230841323,-0.20047309327555876,0.9175718289907304,-1.0545635895046361,-0.3626227676935635,0.046469635777291324,-0.3066148363476829,0.7396024451954223,-0.7849614498935947,0.7177485312344565,-1.9876074664347363,0.25147990564682926,-1.2155136456783169,-1.8027125775280202,-0.7528323741563474,-1.2962846466728737,0.19000580453051602,-0.9051471951642153,0.4686090118875944,1.3276429402704364,0.10379808047540405
-0.4675950681956275,-1.2177695551488894,-0.9572155456567633,0.6795766763019947,1.812197792512416,-1.641029170779809,0.4479269370162613,-2.5715446617545945,1.1894264182684675,-0.09044518972019469,-0.7813981256658407,-0.2631635024826777,0.8454638064299426,5.462702341376584,1.0493331220742352,-0.6894270159213451,-0.8203219055099698,2.731904709104248,1.7455956618098136,1.5451224586164203,-1.7769144576213736,3.763812194352974,-1.4803824176949663,-2.3789193215506503,0.07101977527873726,-1.3365653652937124,2.1558226792805413,1.2384904024862788,-0.4030347991026771,1.4424261689597222,-0.7606209909762077,1.2786188854639293,-1.0808624134545881,3.0442089295202432,-0.8395535770209803,1.7443066706826416,2.4522073905298125,1.4542101763527124,1.0989986211299798,-0.30418320768424123,1.9394537775127887,0.9859203672881731,-2.072700469724831,0.25391944782310855
2.0095312831480867,0.8905844757243571,-1.3460705003963027,0.4178734941157905,0.2846614716705441,1.826466816149568,-0.6357335043588678,0.6621938520434376,-0.8842578310370081,-0.37221750361938827,-0.07928719681660999,2.285759629028977,-1.0807910651562551,-1.4797679493952227,0.051796858799388765,1.2502808907426441,0.44732963222544864,-1.851962941504887,-1.7451671293730284,-1.7412297082290709,1.000602279300287,-1.4803824176949663,1.2697555998406225,0.7365252424332344,-0.3993815963811208,1.1801342235525354,-0.9397702540362652,0.01988813728509029,-0.15736728956224227,0.26210756831977916,1.1687040781705584,-0.9183075727941961,0.8886470006265131,-2.430288789476839,0.011424449065377533,-1.5501815066006035,-2.4039615681098723,-0.7061921445900867,-2.1787278284419958,0.21558962051080074,-0.7497853411917073,1.699223908865849,1.5992877888384487,0.38529742443396475
-0.21148330568176799,0.6533823119272698,1.068966932268053,-0.6294902007061725,-1.4242827466114887,0.7024994626561535,-0.15637271005487405,1.7291568572559606,-0.6435292850979147,0.1652480303789965,0.5965385655949801,-0.43486158594807944,-0.32617845075776414,-3.6496222926100454,-0.7832366707879875,0.1680482976821956,0.49278630909817933,-1.507275507026822,-0.786974015362783,-0.666861097656889,1.0437822230841323,-2.3789193215506503,0.7365252424332344,1.573297956725387,0.06032165233762758,0.6501088400106116,-1.3316110216121648,-0.931734195320606,0.34502739894305573,-1.1398680284627392,0.2278379286238242,-0.6843881666121998,0.5561559149742692,-1.5787836220261142,0.6146375945160107,-0.869189011298387,-1.146547142443275,-0.889124604266591,-0.2018539239254997,0.1665264336468435,-1.2211521344411396,-1.2055313108981438,1.085802990574143,-0.2851625193761926
-1.004085366284832,-0.24863941646178367,0.9215493988218646,-0.35988823730852637,-0.5153978542075175,-0.6777386096632672,0.26129848221359125,0.14474631493183332,0.24982976940490856,0.21635726580150502,0.19581972682058874,-1.1988654036673256,0.4219104161588492,-0.263584752715862,-0.23739170920498368,-0.5547227124630071,-0.08614631710994307,0.4719231453266004,0.6077901351858818,0.6460856090773895,-0.20047309327555876,0.07101977527873726,-0.3993815963811208,0.06032165233762758,0.2066526929839748,-0.3825550489787243,0.08813203442062192,-0.2521530008838296,0.16986786683473762,-0.42688771094423333,-0.4840607555401589,0.2508743684765126,-0.2702854621081077,0.7274364563525619,0.15660113139148713,0.5051737967832629,0.833879150137008,0.10431413448723591,0.9708757378264942,-0.06215354731368096,0.029360026837667638,-1.118930791221506,-0.46815427428883255,-0.25972433445570636
1.899319186961715,0.8261472377642524,-1.2863878357722631,0.41474885639539194,0.31158707959954657,1.7124004057867699,-0.5970886248639539,0.5739754990290862,-0.8138557129589,-0.34682731217607615,-0.08620983177920444,2.167242458073362,-1.0080425508456399,-1.295095491323283,0.06657902907294778,1.181189299289594,0.40696657225442207,-1.706669842132443,-1.6380238968707184,-1.6208607108087325,0.9175718289907304,-1.3365653652937124,1.1801342235525354,0.6501088400106116,-0.3825550489787243,1.106069229594594,-0.8539807826923068,0.046247042271628,-0.16451525374656276,0.27622652556778376,1.0983803931460636,-0.854288369551923,0.8200492642146784,-2.2518440003525217,4.6426814299530054e-4,-1.4370452500524198,-2.243974767111981,-0.6429768838088071,-2.051801347678452,0.20366641553494463,-0.681796434630553,1.6329124292845025,1.4873128985753858,0.36386892905633833
-0.502066464548598,-0.7508359174651551,-0.331818521057347,0.29815871431003704,0.911068452915704,-1.0931748075546284,0.3140701760276087,-1.4271995034109854,0.7330833055016146,7.117808637091621e-4,-0.3994091735057615,-0.42843332325193456,0.5802476634127383,3.0403519478455023,0.5458135309509716,-0.517327165004053,-0.48236454170878834,1.666712739071919,1.1438293173617011,1.029927959227873,-1.0545635895046361,2.1558226792805413,-0.9397702540362652,-1.3316110216121648,0.08813203442062192,-0.8539807826923068,1.2498166372209696,0.6414211808134909,-0.1911825953756682,0.720628408319337,-0.5523296766263657,0.7880526636069882,-0.6793512805859726,1.9044371813568004,-0.4414091695980384,1.1079873240650995,1.5903721306015022,0.8466512365754498,0.8571900024512973,-0.18533784811480827,1.1118421082888876,0.2960507765850613,-1.289934943578382,0.08613061447787355
1.1907876841619527,-0.09619814521761239,-1.5799752365037008,0.7302542235783739,1.3342133680718722,0.3330170266267376,-0.19195703551815219,-1.1065944566297223,0.08653852747393033,-0.3266129067786409,-0.5404511151696472,1.5216912392468498,-0.27207281985551013,2.2939745634603614,0.6869424702131453,0.49717057620212807,-0.17934872147808673,0.32712940093245735,-0.21042968651662472,-0.3248659156632765,-0.3626227676935635,1.2384904024862788,0.01988813728509029,-0.931734195320606,-0.2521530008838296,0.046247042271628,0.6414211808134909,0.7830740777265107,-0.36808577042047946,1.085986152863992,0.3913408017901926,0.11225106735320986,-0.016003059777981547,0.09375734263416044,-0.509076253250528,-0.061327252911662515,-0.25596865781588735,0.37977123478659774,-0.9259946123591923,-0.027847185080412708,0.6456917931354714,1.8622342272876016,-0.10185341600514906,0.4381723030649185
-0.7982831811474472,-0.06289418602771744,0.9008652952768335,-0.39255458679910044,-0.667403195529349,-0.3795435972552938,0.16886987123417602,0.4436690687820986,0.06543857576844278,0.19133300420132796,0.26215861244511474,-0.9910372538049544,0.2539220465352436,-0.9017878040591466,-0.33228558411502296,-0.3925272352731445,0.027098024615678163,0.06430902077140917,0.30626614029689836,0.3580245308559851,0.046469635777291324,-0.4030347991026771,-0.15736728956224227,0.34502739894305573,0.16986786683473762,-0.16451525374656276,-0.1911825953756682,-0.36808577042047946,0.19986296502665635,-0.5422738411947594,-0.3176709824178162,0.05806857309740947,-0.0949472950161283,0.2442456587182865,0.2350366056981798,0.21514784564910347,0.41125869392752823,-0.08927802823424869,0.6921673582411878,-0.018972694993567015,-0.21185091079015708,-1.0755725533980176,-0.14643369264872058,-0.2507171572735222
2.0497894536197787,0.03567982093560598,-2.4827759285846827,1.0877837680133298,1.9156493959545626,0.8098859805441765,-0.3918130353865129,-1.4084218680402034,-0.059398284412441764,-0.533742364874502,-0.7751509897086301,2.571842171807795,-0.587105580303673,2.902366258839188,0.9803337313766718,0.9419081697240954,-0.15239989396772816,0.10391961091506283,-0.6023570815028715,-0.7956945094606204,-0.3066148363476829,1.4424261689597222,0.26210756831977916,-1.1398680284627392,-0.42688771094423333,0.27622652556778376,0.720628408319337,1.085986152863992,-0.5422738411947594,1.5695132734393709,0.7568622700246564,-0.010137325578256093,0.15068543229545167,-0.3349003493450177,-0.71363583620078,-0.3934143778933032,-0.8174634944175062,0.38377134295902726,-1.7029909611120777,0.004720303476643834,0.7665358684221149,2.923193770973445,0.15883257396692002,0.6984066794042585
2.4018790704026407,0.7668499210096791,-1.9824465010504355,0.7290938437359908,0.8947404954220192,1.8247785215363495,-0.6713134443113669,0.07764729536505766,-0.7660921521522255,-0.4969084124322743,-0.3302422045103005,2.811232039861755,-1.1165003882443343,-0.2578035987432654,0.3743424672154809,1.3769234845708962,0.32238356313976907,-1.5347077487284417,-1.6925929203570158,-1.7447983152248534,0.7396024451954223,-0.7606209909762077,1.1687040781705584,0.2278379286238242,-0.4840607555401589,1.0983803931460636,-0.5523296766263657,0.3913408017901926,-0.3176709824178162,0.7568622700246564,1.2540873635530179,-0.7843942361168368,0.8039520615410543,-2.1739077163965366,-0.23259023052676836,-1.4442910184943223,-2.3156364036890067,-0.4631646243129548,-2.4303970443474108,0.18240922006230095,-0.37609171910975187,2.438686230029645,1.4104231682326072,0.5608528042619301
-1.2590370538045546,-0.6635164741892962,0.7071127483141303,-0.1854949189149938,0.009556199862654711,-1.2739152749788492,0.43057533005010035,-0.6580395422363019,0.6518960193513744,0.20973267058168216,-0.03458526984244241,-1.4053103668080182,0.737161641047722,1.446533717398112,0.07749568117402822,-0.8280985053986072,-0.3517811145534861,1.3955498612751,1.2388613935569233,1.2049829566882337,-0.7849614498935947,1.2786188854639293,-0.9183075727941961,-0.6843881666121998,0.2508743684765126,-0.854288369551923,0.7880526636069882,0.11225106735320986,0.05806857309740947,-0.010137325578256093,-0.7843942361168368,0.6887742601399289,-0.643618941488201,1.7766439440170423,-0.09605434880618641,1.1113242432440902,1.704097232461961,0.5745115920762411,1.4277387261082863,-0.16344377780013378,0.6544784599300132,-0.9238261310587874,-1.180472666631975,-0.20165850659412385
1.3760138099852819,0.6277320744355639,-0.9066402103975936,0.2645991490846708,0.15401025408227642,1.268807919964981,-0.4404508748241897,0.5072290297008623,-0.6302420387393584,-0.2572127932756183,-0.04197404227694173,1.561454100878825,-0.752010888213164,-1.1225740053741442,0.018781033285998193,0.863306383349789,0.3254654297516676,-1.312656429035614,-1.2071465083768844,-1.2189678226828131,0.7177485312344565,-1.0808624134545881,0.8886470006265131,0.5561559149742692,-0.2702854621081077,0.8200492642146784,-0.6793512805859726,-0.016003059777981547,-0.0949472950161283,0.15068543229545167,0.8039520615410543,-0.643618941488201,0.6285266642363451,-1.7123819112691043,0.02062882222748344,-1.092989214172772,-1.6797952917409393,-0.5120726984347569,-1.4993007838597168,0.15159654358303865,-0.5424343082638869,1.1345741002858747,1.1236111545082557,0.26426249159068765
-3.6757728678547634,-1.7274904212560422,2.3508776498785995,-0.678619365947471,-0.33650179764114807,-3.4558947728588936,1.1931855601503658,-1.4547434817176759,1.7221214189406582,0.667534137874503,0.07053408903309251,-4.161189720257974,2.033202516540816,3.219678982940583,4.51873707812987e-4,-2.3335064248067594,-0.8979988457898497,3.609294203129319,3.3029177251361546,3.302189028712767,-1.9876074664347363,3.0442089295202432,-2.430288789476839,-1.5787836220261142,0.7274364563525619,-2.2518440003525217,1.9044371813568004,0.09375734263416044,0.2442456587182865,-0.3349003493450177,-2.1739077163965366,1.7766439440170423,-1.7123819112691043,4.687236683993258,-0.09996549783286772,2.9788754473998673,4.582153473707,1.4267737753236087,4.0361932555242435,-0.422032023215198,1.5374247969949688,-2.969315991193776,-3.0878907806202496,-0.6805802448431125
-0.7563868932146868,0.07977853660315247,1.0366646488888605,-0.4674893513595508,-0.8707126476899275,-0.18412988647727827,0.11685460486328694,0.732134602384111,-0.0639595307180368,0.21765905394838903,0.36030968122644885,-0.9721205441367029,0.1650438307853914,-1.5245811464665724,-0.45899811235370147,-0.30775713198125476,0.11827795829058266,-0.24438712380300406,0.092456756270035,0.19342655720495414,0.25147990564682926,-0.8395535770209803,0.011424449065377533,0.6146375945160107,0.15660113139148713,4.6426814299530054e-4,-0.4414091695980384,-0.509076253250528,0.2350366056981798,-0.71363583620078,-0.23259023052676836,-0.09605434880618641,0.02062882222748344,-0.09996549783286772,0.3421077856582174,0.022717735365732513,0.12707535619784552,-0.25663059538299116,0.57226620923992,0.023654100007281353,-0.44529643033462973,-1.2017146180107634,0.09888005157775039,-0.2931666955297849
-2.5449538286715656,-1.0875157705452276,1.7729439554117032,-0.5454296147236879,-0.4325489186357269,-2.259132119574925,0.7956284566392168,-0.7542228287782602,1.0926475096033192,0.4834994804946242,0.13709190908199345,-2.913777406008193,1.3442583488810276,1.6925794235368308,-0.11984821620520926,-1.5778099359905666,-0.5523476856788859,2.2511897051835605,2.128087635126924,2.168119563070004,-1.2155136456783169,1.7443066706826416,-1.5501815066006035,-0.869189011298387,0.5051737967832629,-1.4370452500524198,1.1079873240650995,-0.061327252911662515,0.21514784564910347,-0.3934143778933032,-1.4442910184943223,1.1113242432440902,-1.092989214172772,2.9788754473998673,0.022717735365732513,1.9202427712556884,2.96914249983877,0.8568052448665743,2.7255011618411205,-0.26648331756974575,0.8710990857188757,-2.200709996285188,-1.9528075600127206,-0.5146707374169867
-4.159982064758632,-1.6637518627772114,3.026444819697459,-0.9947786913844708,-0.9344122855927822,-3.5632153931059287,1.266432313563298,-0.9386406601647809,1.661475994168252,0.799663541227427,0.3106455260233868,-4.791678336844986,2.1264775318140967,2.1520077722121327,-0.31095752977467267,-2.534525750895193,-0.8093898650000516,3.412692643827454,3.3515227620608714,3.403453907603497,-1.8027125775280202,2.4522073905298125,-2.4039615681098723,-1.146547142443275,0.833879150137008,-2.243974767111981,1.5903721306015022,-0.25596865781588735,0.41125869392752823,-0.8174634944175062,-2.3156364036890067,1.704097232461961,-1.6797952917409393,4.582153473707,0.12707535619784552,2.96914249983877,4.640594061878458,1.2432401896091174,4.395174640790675,-0.4086672720584857,1.2291624805108932,-3.762103910290293,-3.0042958341350454,-0.8672851754323235
-0.5565807448895568,-0.555052585699645,-0.005641532198844771,0.1284014463620787,0.4924662752781187,-0.8744338544925863,0.26967946313402047,-0.9241248381978766,0.5499266241159283,0.04979510707537162,-0.2195605626291054,-0.5569034546900232,0.4793432562864956,1.978715572335739,0.30145586278798164,-0.4755792160750305,-0.3497017257155293,1.2110419902993559,0.8764966816509296,0.8329896236316976,-0.7528323741563474,1.4542101763527124,-0.7061921445900867,-0.889124604266591,0.10431413448723591,-0.6429768838088071,0.8466512365754498,0.37977123478659774,-0.08927802823424869,0.38377134295902726,-0.4631646243129548,0.5745115920762411,-0.5120726984347569,1.4267737753236087,-0.25663059538299116,0.8568052448665743,1.2432401896091174,0.5967705114659083,0.7779531537300097,-0.14002708978685402,0.7412244946487223,-0.04679885923779516,-0.9589186041472421,-0.008187928891924923
-4.802709724668593,-1.4073398367709697,4.137031840751073,-1.5430003023389665,-2.024130236316366,-3.494511625192743,1.3080518778720636,0.1380976866919259,1.4191582487761534,1.0171527057269691,0.7640601691993623,-5.6633018825209875,2.1566973207196147,-0.10611833586115146,-0.8926264080268056,-2.7155616629877777,-0.5687842037808465,2.778172586755302,3.1929602420462295,3.352458330736536,-1.2962846466728737,1.0989986211299798,-2.1787278284419958,-0.2018539239254997,0.9708757378264942,-2.051801347678452,0.8571900024512973,-0.9259946123591923,0.6921673582411878,-1.7029909611120777,-2.4303970443474108,1.4277387261082863,-1.4993007838597168,4.0361932555242435,0.57226620923992,2.7255011618411205,4.395174640790675,0.7779531537300097,4.776232452162379,-0.33870194141590937,0.5252405719123712,-5.043475748132799,-2.60499232543023,-1.175141510796194
0.3006135693762224,0.15885633716545347,-0.17067944226250836,0.043635193415219695,0.003313685964410583,0.30641704498213573,-0.10429621251813662,0.15457208462332522,-0.1567847606767082,-0.04702462110408654,0.007783282073384455,0.3394256948295955,-0.1735555145885323,-0.34251945970560943,-0.014658304154069757,0.20462041843915663,0.0870352040812995,-0.3295815377966937,-0.2924896600259223,-0.2868705770928162,0.19000580453051602,-0.30418320768424123,0.21558962051080074,0.1665264336468435,-0.06215354731368096,0.20366641553494463,-0.18533784811480827,-0.027847185080412708,-0.018972694993567015,0.004720303476643834,0.18240922006230095,-0.16344377780013378,0.15159654358303865,-0.422032023215198,0.023654100007281353,-0.26648331756974575,-0.4086672720584857,-0.14002708978685402,-0.33870194141590937,0.04322278554540787,-0.1552724071238609,0.220606736028272,0.28271774990217596,0.04921211043766712
-0.19231436269700705,-0.6183931173017189,-0.5501545023314218,0.36093059317860965,0.9566431687138697,-0.8206591626560524,0.21867289374404056,-1.3280383949235992,0.5963854995107362,-0.06305725017722355,-0.41660505411605286,-0.07498305026498227,0.415233483482629,2.8231609496222356,0.558906110800046,-0.32874292533420096,-0.41356776150808544,1.3887155227517036,0.8882688977748946,0.7615372140704187,-0.9051471951642153,1.9394537775127887,-0.7497853411917073,-1.2211521344411396,0.029360026837667638,-0.681796434630553,1.1118421082888876,0.6456917931354714,-0.21185091079015708,0.7665358684221149,-0.37609171910975187,0.6544784599300132,-0.5424343082638869,1.5374247969949688,-0.44529643033462973,0.8710990857188757,1.2291624805108932,0.7412244946487223,0.5252405719123712,-0.1552724071238609,1.0064028444531705,0.5614656422173616,-1.0530730898627163,0.1515950795120782
5.466665019308142,0.9396395152003971,-5.548441890038908,2.2591089391991983,3.5329254865207123,3.1786006387899293,-1.294224493924273,-1.735882926785291,-0.9752528474542467,-1.2748076290682828,-1.3956095383315712,6.625333654152387,-2.066397396554341,3.4635022341149146,1.7169197320668603,2.8339181009511445,0.18458638193622098,-1.654349590610326,-2.744230818999437,-3.071803276678052,0.4686090118875944,0.9859203672881731,1.699223908865849,-1.2055313108981438,-1.118930791221506,1.6329124292845025,0.2960507765850613,1.8622342272876016,-1.0755725533980176,2.923193770973445,2.438686230029645,-0.9238261310587874,1.1345741002858747,-2.969315991193776,-1.2017146180107634,-2.200709996285188,-3.762103910290293,-0.04679885923779516,-5.043475748132799,0.220606736028272,0.5614656422173616,6.642880393469417,1.848782435133796,1.5680644463272984
2.349969978921239,1.1440122935417394,-1.4479986761954273,0.4101728447777182,0.15228421585968924,2.26117986173852,-0.775664870236882,1.0127222870489168,-1.1333942419937468,-0.41293667954794516,-0.012634976664529746,2.651373923270049,-1.3202789228467582,-2.239271881238174,-0.04115582530435781,1.511570537820089,0.5980177791436762,-2.3915782684792792,-2.1724528026442793,-2.149270723258815,1.3276429402704364,-2.072700469724831,1.5992877888384487,1.085802990574143,-0.46815427428883255,1.4873128985753858,-1.289934943578382,-0.10185341600514906,-0.14643369264872058,0.15883257396692002,1.4104231682326072,-1.180472666631975,1.1236111545082557,-3.0878907806202496,0.09888005157775039,-1.9528075600127206,-3.0042958341350454,-0.9589186041472421,-2.60499232543023,0.28271774990217596,-1.0530730898627163,1.848782435133796,2.0426021194789463,0.41654471383591096
1.285289021883076,0.2119046105387399,-1.327066131158217,0.5269353064483073,0.8379657742482938,0.7313790536596771,-0.301839297115279,-0.41543107659820977,-0.23031057595303386,-0.30832313654741816,-0.33805689054932375,1.5624140995914944,-0.48233576053411176,0.835298911204195,0.4175075102565039,0.6640031303935505,0.046421797912952006,-0.37241515874560666,-0.6152886396841329,-0.7204605782254002,0.10379808047540405,0.25391944782310855,0.38529742443396475,-0.2851625193761926,-0.25972433445570636,0.36386892905633833,0.08613061447787355,0.4381723030649185,-0.2507171572735222,0.6984066794042585,0.5608528042619301,-0.20165850659412385,0.26426249159068765,-0.6805802448431125,-0.2931666955297849,-0.5146707374169867,-0.8672851754323235,-0.008187928891924923,-1.175141510796194,0.04921211043766712,0.1515950795120782,1.5680644463272984,0.41654471383591096,0.38123171139633905
