V1,V2,V3,V4,V5,V6,V7,V8,V9,V10,V11,V12,V13,V14,V15,V16,V17,V18,V19,V20,V21,V22,V23,V24,V25,V26,V27,V28,V29,V30,V31,V32,V33,V34,V35,V36,V37,V38,V39,V40,V41,V42,V43,V44
269.91478303510314,86.93977923525638,-222.8780987661196,80.31493084189263,99.38476663138414,205.46683385004664,-75.71617633612196,11.063441733517092,-87.54497605729694,-55.81706136142876,-36.84769341309218,316.2288092744429,-125.69634072900027,-33.78688176772203,42.095090041744086,155.89834902751764,37.766459838897646,-173.66324028763148,-189.45694028092726,-197.29673965332148,85.00562439231999,-88.10660915674443,131.4250587613685,28.672474311784573,-54.405745162441306,123.34703981300791,-62.841097362801264,42.53978224885227,-35.524146185284756,84.11263303797261,140.09553981789566,-88.30961868480308,91.0742885620893,-245.95406309755793,-25.65589853318136,-164.07338183167988,-261.59859817090705,-53.952764815357696,-272.82336531667454,21.214134886061586,-43.05860651570663,272.56486521008634,159.53324439654438,63.66290704860824
86.93977923525638,28.16384371074227,-71.65017735600104,25.587062670721846,31.93972546271249,66.14789559087374,-24.338066544032827,3.8559257887033707,-28.367319839838494,-17.92361395824753,-11.79918889567698,101.80684730317394,-40.483675651778924,-11.472353804139606,13.454058595244403,50.37952430260677,12.342856063408504,-56.03391700635969,-61.14743196430994,-63.68636593879691,27.64807440262266,-28.690091858494892,42.41184517784149,9.53139353059073,-17.555344274323165,39.85342839021135,-20.28709239258419,13.725490303509954,-11.430872467611554,26.925909252088413,45.10545201024963,-28.536866742917272,29.4517572951111,-79.49001605708821,-8.0911875380403,-53.085913604727835,-84.48521975404539,-17.63875048108126,-87.89957035177775,7.004252961316316,-14.070254142505318,87.52844236418436,51.62955989736988,20.559885806433698
-222.8780987661196,-71.65017735600104,184.39675862128576,-66.47083606292998,-82.42962767207071,-169.7439848191083,62.69672944873896,-8.739051195199497,72.2091440077683,45.999672761640724,30.557482503711324,-261.4374566231805,103.69293398674671,27.261277216588393,-35.1682463356651,-128.99523390874555,-31.223498726387067,143.07721183319785,155.9634625460423,162.7710317436699,-70.058783993083,72.38664763771274,-108.17672635001247,-23.667126728512613,45.009689009185834,-101.61717152804012,51.63753741421396,-35.00254396746864,29.56620749832562,-69.75352466943346,-115.37208775071518,72.74711797643643,-74.96843701377462,202.65258844331316,21.342350295049087,135.36307390514133,215.87009801930014,44.51917999021185,225.08175688762407,-17.547013891973382,35.23643683805873,-225.32974427701984,-131.48723054347187,-52.63437496073693
80.31493084189263,25.587062670721846,-66.47083606292998,24.836013821555003,29.288590942917146,61.85541135693847,-22.93326053192663,2.871235668391848,-25.694748736353194,-16.702436711802136,-10.947192220417335,94.34987899414715,-37.58891716311602,-9.384334748322534,12.699647887991253,46.01516208133669,10.793315919035699,-52.051123140184544,-56.22149514063753,-58.528745992533835,24.77245967695563,-26.18442011951325,39.11270232115374,8.178271912141158,-16.102888131623786,36.52885456868979,-19.196771250317475,11.980750725707612,-10.596479314319192,25.26006583208569,41.83258548492237,-26.261758594634138,26.827156210075408,-72.90678288077801,-8.070547240845388,-48.32464243810951,-77.6398570869219,-15.512287494969188,-81.23869992530602,5.737749293586395,-12.580590923980001,81.7279460389018,47.04891423504173,18.572272477233614
99.38476663138414,31.93972546271249,-82.42962767207071,29.288590942917146,37.356552569077856,75.22632606781734,-27.786824908315854,3.627912931370281,-32.231048566937844,-20.398767408269226,-13.773118378999662,116.64799478964356,-45.988843197240804,-11.578567365562511,15.928324768030327,57.86159358393902,14.115315313762121,-63.1259180694871,-69.22985304592336,-72.45970734205481,31.315923470682137,-31.723052683685534,47.90799209790326,10.490682595884573,-20.183227050867778,45.16759808815954,-22.378844113897607,16.054702887981147,-13.399610627837442,31.322334395502754,51.1214782930128,-32.23208607493136,33.32492386894553,-90.00563668054008,-9.447302869357905,-60.40324951829113,-96.09216801930465,-20.020038172369166,-100.14624945064551,8.166619956183816,-15.483692265240604,100.39873500072925,58.547951119146866,23.734707993636622
205.46683385004664,66.14789559087374,-169.7439848191083,61.85541135693847,75.22632606781734,157.59616977638296,-58.309002492260255,8.414959883513083,-66.58078516379837,-42.36044573516156,-27.889554198676233,241.25951568222698,-95.90728322410395,-26.15627856884364,32.336733133075086,118.87036731387265,28.681080146508567,-132.9089150706976,-143.9638273427908,-150.25188138759182,64.68137741868082,-67.82179471828645,100.02954163776334,22.307732605236467,-41.457192750435325,93.83115142373312,-48.628284961126575,31.185199775102376,-27.254658764089232,64.08467639358989,106.52768604754722,-67.36882448815963,69.08003416636645,-187.3249264621134,-19.80030503268042,-124.80692593140203,-199.4784208453176,-41.06165384808516,-207.67536667360963,15.818313628846473,-32.818983634551465,207.82646567000717,121.38351420967429,48.08818889145201
-75.71617633612196,-24.338066544032827,62.69672944873896,-22.93326053192663,-27.786824908315854,-58.309002492260255,21.67073284624443,-2.984828433400113,24.522403876375616,15.540353627313165,10.295419686531291,-89.12212574786122,35.34230541177245,9.553140329634028,-12.119534694102816,-43.97790066730183,-10.604910575071841,48.98708986798283,52.833159489831175,55.34442295673424,-23.818653489586907,25.0233313875895,-36.72926259013456,-8.353275302671317,15.325798771154169,-34.49396315505014,17.960857325109266,-11.240042160700048,10.171263814267935,-23.718024570020724,-39.10581644384362,24.797968452366206,-25.339482195544047,68.90966070832489,7.376725417586709,45.97167697007709,73.55105855861422,15.159020274728878,76.45332787878162,-5.812795427669283,12.003990852465563,-76.71372433811045,-44.66467212392985,-17.69391988009321
11.063441733517092,3.8559257887033707,-8.739051195199497,2.871235668391848,3.627912931370281,8.414959883513083,-2.984828433400113,1.1613515217520467,-3.8832214277933583,-2.2932054515505613,-1.3274359128498006,12.704308296440024,-5.270906555465782,-2.735325958453221,1.3108879301857548,6.403639064464242,1.7549293091419251,-7.595549787887294,-8.249482843510908,-8.398724680697105,3.918776554499832,-4.375348763940408,5.753547845371358,1.64648753391395,-2.198058441412808,5.385499205967401,-2.920302184462961,1.7433401016578027,-1.239102961185238,2.986455684450207,5.945877521132422,-3.888215756012081,4.072051007181396,-10.776898167679212,-0.7371092518638598,-7.140585795191935,-11.155213181743989,-2.559014180249461,-11.369916018721671,1.015128377957628,-2.264764631342873,10.681839372222514,7.040907820192844,2.613971041742284
-87.54497605729694,-28.367319839838494,72.2091440077683,-25.694748736353194,-32.231048566937844,-66.58078516379837,24.522403876375616,-3.8832214277933583,28.60545337140881,18.016659534618334,11.905719365807473,-102.56178942362772,40.74316595236218,11.581553321401646,-13.610580820024184,-50.83427858591765,-12.499778105506353,56.3669246133788,61.49659591065335,64.13965399944438,-27.887703120884623,28.875733012490684,-42.646856378320074,-9.685413875335094,17.703410385500202,-40.11400285767379,20.362368576433354,-13.82964434485223,11.54289069367533,-27.125751430698024,-45.3394818833286,28.71732449926274,-29.65435048500159,80.01343433520717,8.12749921527085,53.50993579438879,85.09801286145289,17.82710440623243,88.47135578758825,-7.116186213477123,14.146750324845257,-88.1204209433558,-52.00750587101461,-20.753809295336474
-55.81706136142876,-17.92361395824753,45.999672761640724,-16.702436711802136,-20.398767408269226,-42.36044573516156,15.540353627313165,-2.2932054515505613,18.016659534618334,11.681734849595713,7.618069053553712,-65.19224829915477,26.053493313700812,6.858425328056324,-8.50915712690588,-31.894126770818843,-7.627108144218481,35.994888085507554,39.39246223126375,40.77676889200404,-17.409832890683756,18.119688325427827,-27.334783910603093,-5.636228232481613,11.157073115662971,-25.549283521487627,13.066726206071111,-8.947669435889422,7.1631373677743975,-17.33948279277279,-29.213932207771194,18.285196780446547,-18.912033836293983,50.9040409875711,5.3357195795802985,33.81108631938405,53.961279098631415,10.937858558052268,56.53746863291986,-4.221175246050418,8.924131645100532,-56.416778431548074,-32.934033210167385,-13.109777987739292
-36.84769341309218,-11.79918889567698,30.557482503711324,-10.947192220417335,-13.773118378999662,-27.889554198676233,10.295419686531291,-1.3274359128498006,11.905719365807473,7.618069053553712,5.113325871524704,-43.19791953314977,17.091128924483844,4.226019270159318,-5.853998527132486,-21.312407789800996,-5.149265470977298,23.467785826101398,25.72817225358695,26.852288082287163,-11.517709529808371,11.728296794883681,-17.814884380947003,-3.782497951870389,7.444448104054444,-16.753574045466596,8.357460466533862,-5.9601321797795865,4.8934039519878505,-11.601320278474642,-19.044530997524706,11.959723889426213,-12.376743877295148,33.366717294391364,3.5391306748888742,22.333900221570886,35.57315050225103,7.309738369863,37.176884017190176,-2.931207909302128,5.730522840611027,-37.28960807577957,-21.667258126952667,-8.764658967031297
316.2288092744429,101.80684730317394,-261.4374566231805,94.34987899414715,116.64799478964356,241.25951568222698,-89.12212574786122,12.704308296440024,-102.56178942362772,-65.19224829915477,-43.19791953314977,371.02240624440765,-147.22250935884426,-39.416624724674044,49.821032792605955,183.1461309451522,44.38537395197387,-203.4183639298198,-221.41380860113622,-231.10121950089672,99.62711350279591,-103.31360613363694,153.6323154418483,33.96274088035974,-63.87999454930035,144.30698638414754,-73.66634188854232,49.2560467505065,-41.977556548387504,98.80099553114208,163.71639054852974,-103.37946179226516,106.407386175581,-287.8809002092793,-30.222644110178223,-192.2100315343363,-306.6121258681853,-63.360029697787404,-319.41857361604275,24.891984060673682,-50.24180443978318,319.5661495933365,186.77278546683075,74.54710214183297
-125.69634072900027,-40.483675651778924,103.69293398674671,-37.58891716311602,-45.988843197240804,-95.90728322410395,35.34230541177245,-5.270906555465782,40.74316595236218,26.053493313700812,17.091128924483844,-147.22250935884426,58.661750956311906,15.989241172159216,-19.47623676725892,-72.41550664342707,-17.478856416836486,81.20494979182719,88.39671898990652,91.93149371490331,-39.53044927725635,41.28539334138769,-61.36984650445171,-13.358697461393177,25.278106986983552,-57.51721916538999,29.58282634543681,-19.603725809489116,16.430057172457808,-39.06415055846184,-65.41451374801319,41.22959486289992,-42.464498296213456,114.70661836876916,11.98412486602227,76.37498452426958,121.89602398945311,25.0220602536712,127.16727912646962,-9.70019683883495,20.16143777896039,-126.98429127179456,-74.3294816660112,-29.512122780705116
-33.78688176772203,-11.472353804139606,27.261277216588393,-9.384334748322534,-11.578567365562511,-26.15627856884364,9.553140329634028,-2.735325958453221,11.581553321401646,6.858425328056324,4.226019270159318,-39.416624724674044,15.989241172159216,7.060047014401522,-4.721571330791456,-19.875575103852302,-5.248870818551534,22.810819985401093,24.395909540444915,25.338441173783448,-11.582855964613026,12.792321007398595,-17.023367036084732,-4.874590390195555,6.8348694595371535,-16.02269445599318,8.71141327732825,-4.850730861884845,4.222043836795453,-9.700046544968714,-17.709534215894948,11.602214757028914,-11.922529833631422,32.114095985607115,2.659296560285627,21.413526918892966,33.79117657068897,7.584799820502525,34.423889846594285,-2.956501849100109,6.342355820554892,-33.257170888282005,-20.96480909315319,-7.915705364534992
42.095090041744086,13.454058595244403,-35.1682463356651,12.699647887991253,15.928324768030327,32.336733133075086,-12.119534694102816,1.3108879301857548,-13.610580820024184,-8.50915712690588,-5.853998527132486,49.821032792605955,-19.47623676725892,-4.721571330791456,7.133469942938441,24.81670012059759,6.031677967511243,-26.76016107860693,-28.892791019576013,-30.63681752778202,13.232873518042094,-13.505914258759473,20.043255686349475,4.681826331827151,-8.634801888824178,18.953251692871653,-9.572386995486182,6.28440141845279,-5.933324260051778,13.474769252755525,21.361574449444863,-13.585526042669105,13.874077285785468,-37.89158594631526,-4.17900259564362,-25.51679229484266,-40.76395563947826,-8.525248402387641,-42.26166478236907,3.414662436816204,-6.3800400996271796,42.76523102553473,24.64653746052799,9.985198527761312
155.89834902751764,50.37952430260677,-128.99523390874555,46.01516208133669,57.86159358393902,118.87036731387265,-43.97790066730183,6.403639064464242,-50.83427858591765,-31.894126770818843,-21.312407789800996,183.1461309451522,-72.41550664342707,-19.875575103852302,24.81670012059759,90.9804502064583,22.335134543240308,-100.00915317716218,-108.8578796682217,-114.03594317403304,49.562632612057314,-51.09202650847821,75.4803298325958,17.338640584357968,-31.67241786500403,71.13102615479961,-36.0152300015834,24.293697775811687,-20.970025825517844,48.714987150730025,80.27392249278283,-50.93406721815354,52.43202973586172,-141.95101599088,-14.689700705966606,-95.13431840651504,-151.44499390351106,-31.783759383132274,-157.26234097455807,12.739911858254237,-24.814786182560777,157.24139876745573,92.31724928488354,36.98155188947574
37.766459838897646,12.342856063408504,-31.223498726387067,10.793315919035699,14.115315313762121,28.681080146508567,-10.604910575071841,1.7549293091419251,-12.499778105506353,-7.627108144218481,-5.149265470977298,44.38537395197387,-17.478856416836486,-5.248870818551534,6.031677967511243,22.335134543240308,5.664453797595169,-24.148744378386034,-26.33394292513772,-27.726405918703588,12.297906776731784,-12.545249524543843,18.236422648516246,4.533216938580898,-7.7420276152463945,17.284840688220786,-8.598030002906643,5.963226045233574,-5.148371277263678,11.71062156122966,19.28733397793673,-12.359422673103875,12.77342356328649,-34.523110836467794,-3.3926047984490646,-23.301534455164532,-36.86907745581549,-8.013951998217843,-38.031629682892884,3.34753183554369,-6.12060510516673,37.83748130013475,22.56558811523721,9.094245413571004
-173.66324028763148,-56.03391700635969,143.07721183319785,-52.051123140184544,-63.1259180694871,-132.9089150706976,48.98708986798283,-7.595549787887294,56.3669246133788,35.994888085507554,23.467785826101398,-203.4183639298198,81.20494979182719,22.810819985401093,-26.76016107860693,-100.00915317716218,-24.148744378386034,112.7052016520013,122.33694315657944,127.16678340738058,-54.73991096183198,57.6314755112231,-85.00667439454857,-18.740261049198285,34.894716805535616,-79.61190183008439,41.35153650064612,-26.691038984590293,22.62084585232418,-53.76541342893157,-90.51471547439354,57.15022596010692,-58.754344875892215,158.84482963356876,16.525432124766894,105.62833567977194,168.6908656202387,34.64424784529344,175.82274998817448,-13.285768377887997,28.106659034503455,-175.37036217667597,-102.88227502188106,-40.61143120445128
-189.45694028092726,-61.14743196430994,155.9634625460423,-56.22149514063753,-69.22985304592336,-143.9638273427908,52.833159489831175,-8.249482843510908,61.49659591065335,39.39246223126375,25.72817225358695,-221.41380860113622,88.39671898990652,24.395909540444915,-28.892791019576013,-108.8578796682217,-26.33394292513772,122.33694315657944,133.76584479600723,138.65067258692355,-59.685468090687486,62.17366585079785,-92.78901873459057,-19.91126428815769,38.02021669286253,-86.93610430869758,44.44224752213175,-30.205091012431318,24.47691235677377,-58.615913421742945,-98.91510732068711,62.23244410706313,-64.30638346419984,173.20036603633181,17.80268700876971,115.25065015337297,183.70364695396185,37.73112712291325,191.85227099040725,-14.742774836324333,30.630452276162828,-191.04979028559174,-112.27163219206881,-44.58784466882929
-197.29673965332148,-63.68636593879691,162.7710317436699,-58.528745992533835,-72.45970734205481,-150.25188138759182,55.34442295673424,-8.398724680697105,64.13965399944438,40.77676889200404,26.852288082287163,-231.10121950089672,91.93149371490331,25.338441173783448,-30.63681752778202,-114.03594317403304,-27.726405918703588,127.16678340738058,138.65067258692355,144.3684973219108,-62.34767444223178,64.7835587955711,-96.19793939544896,-21.242209140300655,39.77273238564055,-90.30174085620682,46.10853094843149,-31.025246825068706,25.89912983407579,-61.29197244564633,-102.45110817085445,64.67393669275047,-66.70330160507746,180.0859472977982,18.616064694670083,120.13868344627484,191.45384294000766,39.62640765763529,199.49053740974165,-15.581914780424333,31.688468355704845,-199.03016577020776,-116.84538791221509,-46.53521995344348
85.00562439231999,27.64807440262266,-70.058783993083,24.77245967695563,31.315923470682137,64.68137741868082,-23.818653489586907,3.918776554499832,-27.887703120884623,-17.409832890683756,-11.517709529808371,99.62711350279591,-39.53044927725635,-11.582855964613026,13.232873518042094,49.562632612057314,12.297906776731784,-54.73991096183198,-59.685468090687486,-62.34767444223178,27.29456644352041,-28.236279698186515,41.391466612416714,9.658060067347817,-17.23874213576029,38.983390342737735,-19.758556894788892,13.375990248992908,-11.289397042016539,26.27873924193862,43.91032214631935,-27.90959637198498,28.814430147232066,-77.81194239541409,-7.8036340883643325,-52.110047157951826,-82.77854252627756,-17.531511615493727,-85.85737255939189,7.067740850125987,-13.831074671719279,85.39224732130506,50.63109983010017,20.19848446744571
-88.10660915674443,-28.690091858494892,72.38664763771274,-26.18442011951325,-31.723052683685534,-67.82179471828645,25.0233313875895,-4.375348763940408,28.875733012490684,18.119688325427827,11.728296794883681,-103.31360613363694,41.28539334138769,12.792321007398595,-13.505914258759473,-51.09202650847821,-12.545249524543843,57.6314755112231,62.17366585079785,64.7835587955711,-28.236279698186515,30.07754325553343,-43.261407636140945,-10.223196144810787,17.769247333075842,-40.574686410297296,21.363570754246847,-13.116527268912298,11.530237535940618,-26.998755181968605,-45.835982531299415,29.206367566799116,-29.92655129104962,81.09616660829694,8.1913717630053835,53.97622366085949,86.101041742391,18.028768312370936,89.2347038199342,-6.911705935790553,14.625252615226763,-88.63794269646289,-52.59818652930897,-20.563397313382207
131.4250587613685,42.41184517784149,-108.17672635001247,39.11270232115374,47.90799209790326,100.02954163776334,-36.72926259013456,5.753547845371358,-42.646856378320074,-27.334783910603093,-17.814884380947003,153.6323154418483,-61.36984650445171,-17.023367036084732,20.043255686349475,75.4803298325958,18.236422648516246,-85.00667439454857,-92.78901873459057,-96.19793939544896,41.391466612416714,-43.261407636140945,64.40186251034694,13.859482527679692,-26.359984023890707,60.30128682748027,-30.97614668131177,20.778337331811997,-16.97671526516049,40.64617570383453,68.63897249519528,-43.19792541657909,44.59285812386396,-120.19450316417112,-12.394573084812532,-79.92704762141405,-127.47073924368826,-26.151946878921944,-133.1042665762391,10.150716016781608,-21.27153365525576,132.5689063904809,77.87073968010212,30.865923527738456
28.672474311784573,9.53139353059073,-23.667126728512613,8.178271912141158,10.490682595884573,22.307732605236467,-8.353275302671317,1.64648753391395,-9.685413875335094,-5.636228232481613,-3.782497951870389,33.96274088035974,-13.358697461393177,-4.874590390195555,4.681826331827151,17.338640584357968,4.533216938580898,-18.740261049198285,-19.91126428815769,-21.242209140300655,9.658060067347817,-10.223196144810787,13.859482527679692,4.098061241857829,-5.957562194962102,13.20273552166881,-6.908660506328578,3.9553871229196758,-4.031798059443663,8.751299234617797,14.478751645896237,-9.534962379527457,9.698660771473891,-26.515200081860943,-2.507804313294527,-17.959442516668243,-28.428904928872488,-6.426381649936907,-28.853394099383394,2.621389790589797,-4.858327862253277,28.598924069233863,17.38238298386781,6.8300008871765945
-54.405745162441306,-17.555344274323165,45.009689009185834,-16.102888131623786,-20.183227050867778,-41.457192750435325,15.325798771154169,-2.198058441412808,17.703410385500202,11.157073115662971,7.444448104054444,-63.87999454930035,25.278106986983552,6.8348694595371535,-8.634801888824178,-31.67241786500403,-7.7420276152463945,34.894716805535616,38.02021669286253,39.77273238564055,-17.23874213576029,17.769247333075842,-26.359984023890707,-5.957562194962102,11.035157288847698,-24.82070096833008,12.566670052111672,-8.515450859018733,7.291898206784074,-17.010940934183314,-28.059043148152607,17.768331588582388,-18.297316254320442,49.51328531613671,5.147595343503319,33.150153353666994,52.800065605627324,11.024414693711519,54.89948485281439,-4.404605418639368,8.642264122850067,-54.909192473692926,-32.18167358280843,-12.89045413002895
123.34703981300791,39.85342839021135,-101.61717152804012,36.52885456868979,45.16759808815954,93.83115142373312,-34.49396315505014,5.385499205967401,-40.11400285767379,-25.549283521487627,-16.753574045466596,144.30698638414754,-57.51721916538999,-16.02269445599318,18.953251692871653,71.13102615479961,17.284840688220786,-79.61190183008439,-86.93610430869758,-90.30174085620682,38.983390342737735,-40.574686410297296,60.30128682748027,13.20273552166881,-24.82070096833008,56.578101005486126,-28.901654183123267,19.54337698257433,-16.053124826115152,38.190446329682054,64.22750131899247,-40.509918910382275,41.82243899474802,-112.74765951453145,-11.561880700383757,-75.13890136681295,-119.71947185676662,-24.73002417471685,-124.82842931586694,9.71305091049572,-19.934374450705874,124.34904124920608,73.15021294871528,29.07175050543958
-62.841097362801264,-20.28709239258419,51.63753741421396,-19.196771250317475,-22.378844113897607,-48.628284961126575,17.960857325109266,-2.920302184462961,20.362368576433354,13.066726206071111,8.357460466533862,-73.66634188854232,29.58282634543681,8.71141327732825,-9.572386995486182,-36.0152300015834,-8.598030002906643,41.35153650064612,44.44224752213175,46.10853094843149,-19.758556894788892,21.363570754246847,-30.97614668131177,-6.908660506328578,12.566670052111672,-28.901654183123267,15.53610756761472,-9.148271765656071,8.093689564705924,-19.325494976447334,-32.94759521879853,20.84922379054071,-21.27704137995511,57.74033848605593,6.067081357967985,38.1770727441822,61.22696155024846,12.432200699042795,63.77026350852409,-4.53012351051227,10.336566940760582,-63.56680775015009,-37.282151541171075,-14.445097975375845
42.53978224885227,13.725490303509954,-35.00254396746864,11.980750725707612,16.054702887981147,31.185199775102376,-11.240042160700048,1.7433401016578027,-13.82964434485223,-8.947669435889422,-5.9601321797795865,49.2560467505065,-19.603725809489116,-4.850730861884845,6.28440141845279,24.293697775811687,5.963226045233574,-26.691038984590293,-30.205091012431318,-31.025246825068706,13.375990248992908,-13.116527268912298,20.778337331811997,3.9553871229196758,-8.515450859018733,19.54337698257433,-9.148271765656071,7.94605099529188,-5.34020288671938,13.184190729259408,22.272810061292873,-13.795435650677907,14.622295900128691,-38.68421327653713,-3.771243311761817,-25.914971157021682,-40.87275848176544,-8.446467466779756,-43.04907147513421,3.630701387053281,-6.761413670145333,42.63793891143126,25.204345373938132,10.376473663128012
-35.524146185284756,-11.430872467611554,29.56620749832562,-10.596479314319192,-13.399610627837442,-27.254658764089232,10.171263814267935,-1.239102961185238,11.54289069367533,7.1631373677743975,4.8934039519878505,-41.977556548387504,16.430057172457808,4.222043836795453,-5.933324260051778,-20.970025825517844,-5.148371277263678,22.62084585232418,24.47691235677377,25.89912983407579,-11.289397042016539,11.530237535940618,-16.97671526516049,-4.031798059443663,7.291898206784074,-16.053124826115152,8.093689564705924,-5.34020288671938,5.007626030793901,-11.28939599142197,-18.043785032653165,11.505893531103279,-11.758070477967827,32.11027043416126,3.450397870373077,21.614786411820226,34.47568061398302,7.299033272566769,35.680363627054135,-2.958169440516953,5.492015746410514,-35.94706083670309,-20.901429710243,-8.43696341670525
84.11263303797261,26.925909252088413,-69.75352466943346,25.26006583208569,31.322334395502754,64.08467639358989,-23.718024570020724,2.986455684450207,-27.125751430698024,-17.33948279277279,-11.601320278474642,98.80099553114208,-39.06415055846184,-9.700046544968714,13.474769252755525,48.714987150730025,11.71062156122966,-53.76541342893157,-58.615913421742945,-61.29197244564633,26.27873924193862,-26.998755181968605,40.64617570383453,8.751299234617797,-17.010940934183314,38.190446329682054,-19.325494976447334,13.184190729259408,-11.28939599142197,26.543094559204675,43.41699511629658,-27.32489254344176,28.122374128269275,-76.17315746037045,-8.19568027892395,-50.90497912405499,-81.28785387188368,-16.68301359333939,-84.8402652770178,6.582345643250798,-13.07557250518311,85.23107971387724,49.39828233285723,19.862337344493763
140.09553981789566,45.10545201024963,-115.37208775071518,41.83258548492237,51.1214782930128,106.52768604754722,-39.10581644384362,5.945877521132422,-45.3394818833286,-29.213932207771194,-19.044530997524706,163.71639054852974,-65.41451374801319,-17.709534215894948,21.361574449444863,80.27392249278283,19.28733397793673,-90.51471547439354,-98.91510732068711,-102.45110817085445,43.91032214631935,-45.835982531299415,68.63897249519528,14.478751645896237,-28.059043148152607,64.22750131899247,-32.94759521879853,22.272810061292873,-18.043785032653165,43.41699511629658,73.25486380280668,-45.99386089332912,47.49769943234765,-127.9610441722311,-13.295311386752756,-85.0353747747172,-135.69350605967185,-27.66566430906221,-141.90858725939586,10.701240150875128,-22.554912141761065,141.4698943635595,82.85629388437991,32.88091474870125
-88.30961868480308,-28.536866742917272,72.74711797643643,-26.261758594634138,-32.23208607493136,-67.36882448815963,24.797968452366206,-3.888215756012081,28.71732449926274,18.285196780446547,11.959723889426213,-103.37946179226516,41.22959486289992,11.602214757028914,-13.585526042669105,-50.93406721815354,-12.359422673103875,57.15022596010692,62.23244410706313,64.67393669275047,-27.90959637198498,29.206367566799116,-43.19792541657909,-9.534962379527457,17.768331588582388,-40.509918910382275,20.84922379054071,-13.795435650677907,11.505893531103279,-27.32489254344176,-45.99386089332912,29.04489430231624,-29.9202490848457,80.77331226884968,8.310012668130229,53.793511142820556,85.77987784094812,17.705441369739823,89.38798653516436,-6.889269335501768,14.305590368007413,-89.06806430999877,-52.379844950890806,-20.746569454415386
91.0742885620893,29.4517572951111,-74.96843701377462,26.827156210075408,33.32492386894553,69.08003416636645,-25.339482195544047,4.072051007181396,-29.65435048500159,-18.912033836293983,-12.376743877295148,106.407386175581,-42.464498296213456,-11.922529833631422,13.874077285785468,52.43202973586172,12.77342356328649,-58.754344875892215,-64.30638346419984,-66.70330160507746,28.814430147232066,-29.92655129104962,44.59285812386396,9.698660771473891,-18.297316254320442,41.82243899474802,-21.27704137995511,14.622295900128691,-11.758070477967827,28.122374128269275,47.49769943234765,-29.9202490848457,30.976074406925175,-83.32295293158761,-8.46984393346901,-55.52836464405321,-88.37112296529875,-18.267048869551978,-92.20629038866404,7.2071065059758554,-14.770487757064288,91.71458446361551,54.06618681865454,21.51950202027792
-245.95406309755793,-79.49001605708821,202.65258844331316,-72.90678288077801,-90.00563668054008,-187.3249264621134,68.90966070832489,-10.776898167679212,80.01343433520717,50.9040409875711,33.366717294391364,-287.8809002092793,114.70661836876916,32.114095985607115,-37.89158594631526,-141.95101599088,-34.523110836467794,158.84482963356876,173.20036603633181,180.0859472977982,-77.81194239541409,81.09616660829694,-120.19450316417112,-26.515200081860943,49.51328531613671,-112.74765951453145,57.74033848605593,-38.68421327653713,32.11027043416126,-76.17315746037045,-127.9610441722311,80.77331226884968,-83.32295293158761,224.8454302633788,23.10729350735038,149.85128585978495,238.79705054533287,49.40964083128421,248.84827158642076,-19.364238668940832,39.75458327571439,-247.94767461119056,-145.84465507526775,-57.93313607458656
-25.65589853318136,-8.0911875380403,21.342350295049087,-8.070547240845388,-9.447302869357905,-19.80030503268042,7.376725417586709,-0.7371092518638598,8.12749921527085,5.3357195795802985,3.5391306748888742,-30.222644110178223,11.98412486602227,2.659296560285627,-4.17900259564362,-14.689700705966606,-3.3926047984490646,16.525432124766894,17.80268700876971,18.616064694670083,-7.8036340883643325,8.1913717630053835,-12.394573084812532,-2.507804313294527,5.147595343503319,-11.561880700383757,6.067081357967985,-3.771243311761817,3.450397870373077,-8.19568027892395,-13.295311386752756,8.310012668130229,-8.46984393346901,23.10729350735038,2.6842184733319807,15.318041756517562,24.684924336750065,4.864454689868246,25.890564256209238,-1.7793768849173073,3.8803231211489577,-26.241976521345148,-14.879386392317434,-5.922602712797186
-164.07338183167988,-53.085913604727835,135.36307390514133,-48.32464243810951,-60.40324951829113,-124.80692593140203,45.97167697007709,-7.140585795191935,53.50993579438879,33.81108631938405,22.333900221570886,-192.2100315343363,76.37498452426958,21.413526918892966,-25.51679229484266,-95.13431840651504,-23.301534455164532,105.62833567977194,115.25065015337297,120.13868344627484,-52.110047157951826,53.97622366085949,-79.92704762141405,-17.959442516668243,33.150153353666994,-75.13890136681295,38.1770727441822,-25.914971157021682,21.614786411820226,-50.90497912405499,-85.0353747747172,53.793511142820556,-55.52836464405321,149.85128585978495,15.318041756517562,100.14762898232111,159.37078534996084,33.248867434621054,165.82737667823992,-13.221017736798093,26.435054066858292,-165.28747192478562,-97.35196515611324,-38.842607628237865
-261.59859817090705,-84.48521975404539,215.87009801930014,-77.6398570869219,-96.09216801930465,-199.4784208453176,73.55105855861422,-11.155213181743989,85.09801286145289,53.961279098631415,35.57315050225103,-306.6121258681853,121.89602398945311,33.79117657068897,-40.76395563947826,-151.44499390351106,-36.86907745581549,168.6908656202387,183.70364695396185,191.45384294000766,-82.77854252627756,86.101041742391,-127.47073924368826,-28.428904928872488,52.800065605627324,-119.71947185676662,61.22696155024846,-40.87275848176544,34.47568061398302,-81.28785387188368,-135.69350605967185,85.77987784094812,-88.37112296529875,238.79705054533287,24.684924336750065,159.37078534996084,254.00859537321205,52.68554848269013,264.4489467353993,-20.717694534599193,42.037770842686584,-263.901266284605,-154.98106504355806,-61.675417349928715
-53.952764815357696,-17.63875048108126,44.51917999021185,-15.512287494969188,-20.020038172369166,-41.06165384808516,15.159020274728878,-2.559014180249461,17.82710440623243,10.937858558052268,7.309738369863,-63.360029697787404,25.0220602536712,7.584799820502525,-8.525248402387641,-31.783759383132274,-8.013951998217843,34.64424784529344,37.73112712291325,39.62640765763529,-17.531511615493727,18.028768312370936,-26.151946878921944,-6.426381649936907,11.024414693711519,-24.73002417471685,12.432200699042795,-8.446467466779756,7.299033272566769,-16.68301359333939,-27.66566430906221,17.705441369739823,-18.267048869551978,49.40964083128421,4.864454689868246,33.248867434621054,52.68554848269013,11.38680742883236,54.397107841017636,-4.689069841585129,8.803833087505113,-54.06477380338519,-32.24340331918971,-12.914034070971663
-272.82336531667454,-87.89957035177775,225.08175688762407,-81.23869992530602,-100.14624945064551,-207.67536667360963,76.45332787878162,-11.369916018721671,88.47135578758825,56.53746863291986,37.176884017190176,-319.41857361604275,127.16727912646962,34.423889846594285,-42.26166478236907,-157.26234097455807,-38.031629682892884,175.82274998817448,191.85227099040725,199.49053740974165,-85.85737255939189,89.2347038199342,-133.1042665762391,-28.853394099383394,54.89948485281439,-124.82842931586694,63.77026350852409,-43.04907147513421,35.680363627054135,-84.8402652770178,-141.90858725939586,89.38798653516436,-92.20629038866404,248.84827158642076,25.890564256209238,165.82737667823992,264.4489467353993,54.397107841017636,275.9489247183027,-21.283168518256513,43.69159304355514,-275.46638781119873,-161.34458900176875,-64.24806138553227
21.214134886061586,7.004252961316316,-17.547013891973382,5.737749293586395,8.166619956183816,15.818313628846473,-5.812795427669283,1.015128377957628,-7.116186213477123,-4.221175246050418,-2.931207909302128,24.891984060673682,-9.70019683883495,-2.956501849100109,3.414662436816204,12.739911858254237,3.34753183554369,-13.285768377887997,-14.742774836324333,-15.581914780424333,7.067740850125987,-6.911705935790553,10.150716016781608,2.621389790589797,-4.404605418639368,9.71305091049572,-4.53012351051227,3.630701387053281,-2.958169440516953,6.582345643250798,10.701240150875128,-6.889269335501768,7.2071065059758554,-19.364238668940832,-1.7793768849173073,-13.221017736798093,-20.717694534599193,-4.689069841585129,-21.283168518256513,2.1236480088913416,-3.4366344573445935,21.0715701474463,12.758299410354642,5.268111944387193
-43.05860651570663,-14.070254142505318,35.23643683805873,-12.580590923980001,-15.483692265240604,-32.818983634551465,12.003990852465563,-2.264764631342873,14.146750324845257,8.924131645100532,5.730522840611027,-50.24180443978318,20.16143777896039,6.342355820554892,-6.3800400996271796,-24.814786182560777,-6.12060510516673,28.106659034503455,30.630452276162828,31.688468355704845,-13.831074671719279,14.625252615226763,-21.27153365525576,-4.858327862253277,8.642264122850067,-19.934374450705874,10.336566940760582,-6.761413670145333,5.492015746410514,-13.07557250518311,-22.554912141761065,14.305590368007413,-14.770487757064288,39.75458327571439,3.8803231211489577,26.435054066858292,42.037770842686584,8.803833087505113,43.69159304355514,-3.4366344573445935,7.247871602044348,-43.16036780728501,-25.804261422088402,-10.113545299444743
272.56486521008634,87.52844236418436,-225.32974427701984,81.7279460389018,100.39873500072925,207.82646567000717,-76.71372433811045,10.681839372222514,-88.1204209433558,-56.416778431548074,-37.28960807577957,319.5661495933365,-126.98429127179456,-33.257170888282005,42.76523102553473,157.24139876745573,37.83748130013475,-175.37036217667597,-191.04979028559174,-199.03016577020776,85.39224732130506,-88.63794269646289,132.5689063904809,28.598924069233863,-54.909192473692926,124.34904124920608,-63.56680775015009,42.63793891143126,-35.94706083670309,85.23107971387724,141.4698943635595,-89.06806430999877,91.71458446361551,-247.94767461119056,-26.241976521345148,-165.28747192478562,-263.901266284605,-54.06477380338519,-275.46638781119873,21.0715701474463,-43.16036780728501,275.76513855142224,160.6992432348783,64.11367923389805
159.53324439654438,51.62955989736988,-131.48723054347187,47.04891423504173,58.547951119146866,121.38351420967429,-44.66467212392985,7.040907820192844,-52.00750587101461,-32.934033210167385,-21.667258126952667,186.77278546683075,-74.3294816660112,-20.96480909315319,24.64653746052799,92.31724928488354,22.56558811523721,-102.88227502188106,-112.27163219206881,-116.84538791221509,50.63109983010017,-52.59818652930897,77.87073968010212,17.38238298386781,-32.18167358280843,73.15021294871528,-37.282151541171075,25.204345373938132,-20.901429710243,49.39828233285723,82.85629388437991,-52.379844950890806,54.06618681865454,-145.84465507526775,-14.879386392317434,-97.35196515611324,-154.98106504355806,-32.24340331918971,-161.34458900176875,12.758299410354642,-25.804261422088402,160.6992432348783,94.70715062669971,37.692335381881044
63.66290704860824,20.559885806433698,-52.63437496073693,18.572272477233614,23.734707993636622,48.08818889145201,-17.69391988009321,2.613971041742284,-20.753809295336474,-13.109777987739292,-8.764658967031297,74.54710214183297,-29.512122780705116,-7.915705364534992,9.985198527761312,36.98155188947574,9.094245413571004,-40.61143120445128,-44.58784466882929,-46.53521995344348,20.19848446744571,-20.563397313382207,30.865923527738456,6.8300008871765945,-12.89045413002895,29.07175050543958,-14.445097975375845,10.376473663128012,-8.43696341670525,19.862337344493763,32.88091474870125,-20.746569454415386,21.51950202027792,-57.93313607458656,-5.922602712797186,-38.842607628237865,-61.675417349928715,-12.914034070971663,-64.24806138553227,5.268111944387193,-10.113545299444743,64.11367923389805,37.692335381881044,15.221736179820113
