V1,V2,V3,V4,V5,V6,V7,V8,V9,V10,V11,V12,V13,V14,V15,V16,V17,V18,V19,V20,V21,V22,V23,V24,V25,V26,V27,V28,V29,V30,V31,V32,V33,V34,V35,V36,V37,V38,V39,V40,V41,V42,V43,V44
1.3559578512787351,-0.24469639143295704,-2.038051066428408,-0.06376230792635894,2.6610808433289233,-1.439042450433776,0.6903430760348823,-1.8005817074533779,0.16810496148036624,-0.48108857626490054,-1.0148526373796136,1.2110988553850017,0.1872368280547519,4.2752351684751835,0.7743106719047933,0.4806307855266743,-0.12511184981289572,1.9515279539786052,-0.11019309131361554,-0.04041137988211078,-0.5830776386427641,3.144090917515674,-0.3524758190220859,-1.9937632272585244,-0.30823524469318414,-0.14244579528325074,2.326525813943638,2.7037170861511375,-0.3795228096802643,1.5484210241839773,0.2971829807214316,0.5941026307771861,0.05816463613570534,0.8355686533354961,-0.37449083727176313,0.026775336983973764,0.5071172388705789,0.5291877204201746,-0.8266553802553533,0.5043039846672902,1.2093164521105453,1.9081318489762795,-0.38307326653948537,1.1385209403161438
-0.24469639143295704,0.8420634785372233,1.2969524014151332,-1.8021497587529336,-0.8713027662191124,-0.78283112688256,0.6927957669807167,1.9535029346197899,-0.8721957629408166,0.12985116421739104,0.46227577708435047,-1.1066556247478112,0.007425268164815307,-3.596284653729795,-1.1623508932312072,0.18940028641547066,0.790053164086447,-0.6203861280304915,-1.1150343770486897,-0.6700642032662965,1.359747776109418,-1.7073568140019229,0.7385126003021896,1.309807344243561,0.046816863900758225,0.810499659963877,-0.3261159356609344,0.5387563158204937,0.5286232749968183,-1.3270880557545215,0.23914253218452125,-0.5602090017772795,0.9079499746421622,-1.6200954942093682,1.1158921487877287,-1.1942046301318752,-0.9250659764820559,-1.1963339178352888,-0.14347508066657202,0.8013641461104187,-1.3249076429920215,-1.9089497693706639,1.366115655383562,0.23412087068277357
-2.038051066428408,1.2969524014151332,4.155234816716167,-2.0012974944079875,-4.475318058240306,0.9656050198045019,-0.09102635264241843,4.609883208541705,-1.2297263765614743,0.7697614109203943,1.856346976279247,-2.858534950436673,-0.24223651070799132,-9.730384962469804,-2.364858939596062,-0.4146297170082966,1.0727777036287394,-3.2686379419208063,-1.1706757451505676,-0.730430455550804,2.33299750745784,-6.070769165429812,1.3285444595379081,4.100921954712213,0.456944494153022,1.134671360316932,-3.4104805796432442,-2.881835140507793,1.113096491160875,-3.554607018727959,-0.09231235657378949,-1.4285746784287647,0.985017208073677,-2.97883608288279,1.7815004558925824,-1.421214964030749,-1.7377598379530355,-2.0691251304797875,0.8927147909555837,0.2685986038061533,-3.1148560229474884,-4.686233293177478,2.088686866454893,-1.2103304743140972
-0.06376230792635894,-1.8021497587529336,-2.0012974944079875,4.300278506957698,0.6051756537871267,2.724094177413417,-2.039529892110728,-3.5775746952650773,1.9172581384657301,-0.06240966635288421,-0.5350990137933341,2.0550677827168613,-0.1763516039938503,6.0482573544793645,2.309857521780138,-0.6500550630764892,-1.7716568194003977,0.29393061019480093,2.5885967487035013,1.5103595310543296,-2.8320782746271793,2.2205505016428653,-1.4762303851836447,-1.958325232084349,0.03919459586572444,-1.7662112496556632,-0.5575852454791621,-2.745148406183385,-1.0419636740534204,2.287352247918893,-0.6604688300682503,0.9441980686855713,-2.122152360842773,3.2287430515596687,-2.4201242604282993,2.7186853180320782,1.7767378749786342,2.4932518167307616,0.6757079892772908,-2.153642203915567,2.415488532442461,3.535395038888598,-2.9227493108149574,-1.1572669086805392
2.6610808433289233,-0.8713027662191124,-4.475318058240306,0.6051756537871267,5.576608506215546,-2.569770441207858,1.0848535425000014,-4.3810729953870995,0.7332656515500097,-0.9684646029350911,-2.1775712566090952,2.7396584882748956,0.42120404267180706,9.949502572437614,2.0144057973676954,0.8255373775443132,-0.587310076172352,4.179598817331652,0.3482147632406645,0.285362503007156,-1.7509475161007706,6.9412854992627935,-1.0721174631771264,-4.473452076201742,-0.6111680691810312,-0.6772165466704152,4.74458368445854,5.06109487844853,-0.9705886767104757,3.5814733820373306,0.4102290671141354,1.4438137653997014,-0.31627173359745997,2.4373184523834945,-1.1991134897507074,0.6215085754464779,1.487933581912912,1.5585802453762168,-1.4463839546176458,0.6527313760154654,2.961647383378443,4.4530263095012055,-1.3961929593681985,2.1155177334697908
-1.439042450433776,-0.78283112688256,0.9656050198045019,2.724094177413417,-2.569770441207858,3.3681519302903857,-2.0529978396206707,-0.15304277120095175,0.9375628437613976,0.47931417476658544,0.7961105002880788,0.03866434810102376,-0.3727962467168938,-1.1322187789993956,0.560952137295194,-0.8581802934053003,-0.9174225087455357,-2.0870500946941886,1.6201782361011852,0.8759553581027214,-1.028496640789768,-2.2173310211721855,-0.4478840271563073,1.0639407497380307,0.34351813654328295,-0.8618281488814549,-2.976555179851212,-4.689813061599342,-0.2283590078692144,-0.3056640611498715,-0.6781378704563817,-0.13049071904263382,-1.3182217746270977,0.9191168005738352,-1.0647289883617634,1.5491947468684848,0.39301085957317355,0.8955259155765951,1.2192981210202345,-1.8644048423875081,0.09529722285320288,0.1330655848827314,-1.277531247760348,-1.9520929137374485
0.6903430760348823,0.6927957669807167,-0.09102635264241843,-2.039529892110728,1.0848535425000014,-2.0529978396206707,1.323295651315267,0.7198234292684506,-0.7841487270390787,-0.21591955113600295,-0.27376141049346436,-0.3831622804907663,0.1991878919799015,-0.5683836743112888,-0.6826457463609368,0.5149945357381532,0.7443842432314728,0.9077763041300678,-1.2355234117100047,-0.6874546309071462,0.9907666459307463,0.6262147615526276,0.48466343096968195,-0.14533972732836678,-0.16697942820570355,0.7272789942418711,1.4796171436071948,2.6819639752944666,0.2972670453204799,-0.27081810391877853,0.4460317756755278,-0.11501990383786896,1.0021747204238138,-1.0229341556234914,0.9322312263356716,-1.2158741839712004,-0.512177830781936,-0.865015543971556,-0.7024232482621932,1.2540034835644434,-0.48493263067253706,-0.6913018706999488,1.128876583611324,1.1171987841530502
-1.8005817074533779,1.9535029346197899,4.609883208541705,-3.5775746952650773,-4.3810729953870995,-0.15304277120095175,0.7198234292684506,5.73399412245305,-1.9404926513893275,0.7242583310066769,1.9305992873514648,-3.407189322038469,-0.18639501598970323,-11.497156272989978,-3.1185484979393596,-0.08552340339397925,1.7233959821622842,-3.2008509554743965,-2.1753251951039867,-1.3391888598869472,3.333569310743321,-6.560991066049084,1.8625934718175132,4.611956599867112,0.3965542662302162,1.7947571152467083,-2.959644306890972,-1.5617852344744148,1.4480259343286406,-4.206368526317201,0.21406278485372696,-1.7288758168324807,1.7962279882082346,-4.133291099337971,2.624309210374955,-2.460917735210254,-2.3958373635769754,-2.9437384291581745,0.4901766584933921,1.1234269180664087,-3.8790781289431844,-5.714564222004153,3.159020750677864,-0.6391377013889135
0.16810496148036624,-0.8721957629408166,-1.2297263765614743,1.9172581384657301,0.7332656515500097,0.9375628437613976,-0.7841487270390787,-1.9404926513893275,0.9113282414791405,-0.10464231420365822,-0.41680744778588363,1.0907761025030867,-0.02453518789577462,3.503847826083136,1.1738577596112447,-0.23428287924429636,-0.8296849851607139,0.5119380065107804,1.17973603426293,0.7085792458545578,-1.3983516805393237,1.5812347740193413,-0.7515525451014907,-1.2476478982659653,-0.028373792652261084,-0.8430838175665916,0.175325191045467,-0.7615925782143173,-0.5323808543850411,1.2959607976367018,-0.26783594783771114,0.5472674556385285,-0.9634734653003194,1.6493056905968073,-1.155136158004803,1.2609187733658507,0.9374142426960804,1.2304385874118124,0.2028138209798459,-0.8859333855198873,1.3142557628143294,1.8920200261551057,-1.4151691230742156,-0.33020521006551773
-0.48108857626490054,0.12985116421739104,0.7697614109203943,-0.06240966635288421,-0.9684646029350911,0.47931417476658544,-0.21591955113600295,0.7242583310066769,-0.10464231420365822,0.17883085540170152,0.37782264308048935,-0.4632861153433649,-0.06678865709302566,-1.676063123584018,-0.32006433268496876,-0.1449380387121264,0.08743493141036371,-0.7173679452998168,-0.013512906983665965,-0.022663933357778148,0.2763648929790713,-1.1911506537146632,0.15757297059250713,0.7716142810734734,0.10581885066985126,0.09109139503527629,-0.8328609797841902,-0.9283427464856551,0.15086264267805632,-0.6029558684693236,-0.09663019541271745,-0.23749073710630692,0.021820963791371058,-0.3751693258718594,0.18482786650155875,-0.07322489328730934,-0.23337109805667883,-0.2503361296528638,0.28002205517474527,-0.1335530826564373,-0.48871635284326687,-0.7548397218640611,0.20555184159156573,-0.3866185045349497
-1.0148526373796136,0.46227577708435047,1.856346976279247,-0.5350990137933341,-2.1775712566090952,0.7961105002880788,-0.27376141049346436,1.9305992873514648,-0.41680744778588363,0.37782264308048935,0.8729373260684533,-1.1917356869718037,-0.1485065049317747,-4.240401470532598,-0.9330001015168049,-0.2656967844755806,0.35155264518003726,-1.622231718405354,-0.3157580805043347,-0.21619902122058998,0.8726549017268034,-2.8186212576133394,0.5139998828522315,1.8552702950170636,0.2298681082563613,0.38518645805595386,-1.7791863733335047,-1.7475853848552159,0.4426367575645579,-1.533007639930966,-0.11240338345496698,-0.6207454578123943,0.2696674136880864,-1.1621495374430253,0.6311501187568299,-0.43106366374095995,-0.6985715867757941,-0.7755223560032632,0.5067436817368189,-0.0962858806295024,-1.3059499840509525,-1.9557615313299803,0.7428456650493112,-0.7294795630831196
1.2110988553850017,-1.1066556247478112,-2.858534950436673,2.0550677827168613,2.7396584882748956,0.03866434810102376,-0.3831622804907663,-3.407189322038469,1.0907761025030867,-0.4632861153433649,-1.1917356869718037,2.1375787822838843,0.086360102134196,6.875727673169029,1.859468396100798,0.14332744735523859,-0.9748716380228438,1.9303304386078697,1.1880324473101276,0.701811778738457,-1.9165369586116567,3.9584443254200554,-1.0581948156569339,-2.7661065091526935,-0.268712320532342,-1.0026804007223704,1.8538997919222822,1.1069812608287852,-0.8713582074369487,2.5468508495360056,-0.06777654959123487,1.0088614987267748,-0.9962317682888874,2.3532881143791258,-1.5336449884529657,1.3535213034559712,1.326252005787636,1.6966469728358322,-0.41821162650505983,-0.5903908935956181,2.2965140043823955,3.4858343160379337,-1.7849372384820714,0.4748275750072843
0.1872368280547519,0.007425268164815307,-0.24223651070799132,-0.1763516039938503,0.42120404267180706,-0.3727962467168938,0.1991878919799015,-0.18639501598970323,-0.02453518789577462,-0.06678865709302566,-0.1485065049317747,0.086360102134196,0.062028232114139506,0.5246647332593948,0.049537816612259776,0.08661113426631434,0.037476903409034965,0.3560140764069513,-0.07145285884755187,-0.025878607881656156,-0.012464937513685862,0.4736603233225877,-0.035616132385607735,-0.27159514385327754,-0.04724930726352644,0.015143889185566665,0.4297439004215587,0.5471792208297805,-0.027149820460979766,0.17246602408227404,0.044103424512766554,0.08438776734098974,0.06556373871684018,0.07433766661714168,0.02542675987536311,-0.0641411020366065,0.0664949436706952,0.008024345798948526,-0.11492595836156247,0.16145866987717364,0.13059788288329652,0.15516907883632416,0.010213999737219781,0.2245847176646341
4.2752351684751835,-3.596284653729795,-9.730384962469804,6.0482573544793645,9.949502572437614,-1.1322187789993956,-0.5683836743112888,-11.497156272989978,3.503847826083136,-1.676063123584018,-4.240401470532598,6.875727673169029,0.5246647332593948,23.67730680462649,6.045804617360026,0.5466870171507796,-3.081202297621597,7.340257918300516,3.6666671418139525,2.3070496786597197,-6.276403893016269,14.185276171850543,-3.5481303643931006,-9.76610777060929,-0.9500115650830413,-3.2365198936340773,7.247375338792866,5.182320741157229,-2.819901735080538,8.621076238487259,-0.1211588494744617,3.5354795874077576,-3.043765504193364,7.917915187994692,-4.836082116926526,4.283961746512416,4.644511381150378,5.5516977875879485,-1.5407419050800213,-1.4633823751362554,7.778485685185977,11.491755919660699,-5.808226373898748,2.1360494833656753
0.7743106719047933,-1.1623508932312072,-2.364858939596062,2.309857521780138,2.0144057973676954,0.560952137295194,-0.6826457463609368,-3.1185484979393596,1.1738577596112447,-0.32006433268496876,-0.9330001015168049,1.859468396100798,0.049537816612259776,6.045804617360026,1.7743085321062435,-0.05691394095771787,-1.0498735854377803,1.4393621470806623,1.413981483849657,0.8423027498231693,-1.9364922667079674,3.2293169282018677,-1.0759981628433437,-2.3274264574800445,-0.1702635364328923,-1.0936950061849107,1.185606811586309,0.1791820566380121,-0.8220866136547622,2.233756923512325,-0.2216302982936506,0.9175178252526947,-1.1573497854152655,2.361913136672356,-1.5671222772158295,1.5386989612235185,1.3418456483391694,1.7047390906807802,-0.09048946413708682,-0.8609843823134057,2.1114467035599533,3.1068216018993637,-1.8832771335912284,0.07694912159540158
0.4806307855266743,0.18940028641547066,-0.4146297170082966,-0.6500550630764892,0.8255373775443132,-0.8581802934053003,0.5149945357381532,-0.08552340339397925,-0.23428287924429636,-0.1449380387121264,-0.2656967844755806,0.14332744735523859,0.08661113426631434,0.5466870171507796,-0.05691394095771787,0.29354312938314725,0.23230355920795365,0.6110494429934178,-0.40656597457977434,-0.24651156040855302,0.23373515630923689,0.7219198802543066,0.09059903084668541,-0.36064479107247127,-0.12012007212032713,0.21237129149912987,0.86592403617113,1.2989117616143384,0.0071119438058269814,0.19793604481352237,0.1844646768248457,0.059389657362420016,0.3266704147952444,-0.1988794809526682,0.2271635709836167,-0.4052441019306287,-0.11381993228933886,-0.2055776209355162,-0.38234150355407526,0.4972386352136194,0.05502780808510787,0.13909064914107877,0.3095618105357228,0.559337882558434
-0.12511184981289572,0.790053164086447,1.0727777036287394,-1.7716568194003977,-0.587310076172352,-0.9174225087455357,0.7443842432314728,1.7233959821622842,-0.8296849851607139,0.08743493141036371,0.35155264518003726,-0.9748716380228438,0.037476903409034965,-3.081202297621597,-1.0498735854377803,0.23230355920795365,0.7618941541556941,-0.3937765916888652,-1.0704140396668618,-0.6418218059607409,1.266248801582301,-1.347396767548214,0.6669231150386244,1.0880819667908104,0.01635656775021383,0.7615592042212488,-0.07841448601854191,0.7822034810565761,0.473316604558309,-1.1432804555088503,0.2405982482161958,-0.47752807044810275,0.8799721426440102,-1.4728630827825016,1.051594134473994,-1.1521889690713054,-0.8335694101243736,-1.1168952411377562,-0.19446020661493965,0.8346039649595284,-1.164859748011855,-1.6930908414714188,1.280337157765745,0.3393470407248186
1.9515279539786052,-0.6203861280304915,-3.2686379419208063,0.29393061019480093,4.179598817331652,-2.0870500946941886,0.9077763041300678,-3.2008509554743965,0.5119380065107804,-0.7173679452998168,-1.622231718405354,1.9303304386078697,0.3560140764069513,7.340257918300516,1.4393621470806623,0.6110494429934178,-0.3937765916888652,3.198792271347672,0.22514204950421718,0.21320646053160852,-1.2513805358436376,5.203781908781664,-0.7957292432943489,-3.327583832698467,-0.45128433411487434,-0.484434008324185,3.627609319633855,3.913541427499655,-0.6920864012024823,2.6160296871480884,0.2972221010708961,1.08378314752292,-0.19118513848148824,1.7981391347362528,-0.8207251490186617,0.4190877528804722,1.1305181623560843,1.1087581792700336,-1.050796199392381,0.5618460263779667,2.1733112336325657,3.1872684762185983,-0.9986364545220843,1.6258668114651313
-0.11019309131361554,-1.1150343770486897,-1.1706757451505676,2.5885967487035013,0.3482147632406645,1.6201782361011852,-1.2355234117100047,-2.1753251951039867,1.17973603426293,-0.013512906983665965,-0.3157580805043347,1.1880324473101276,-0.07145285884755187,3.6666671418139525,1.413981483849657,-0.40656597457977434,-1.0704140396668618,0.22514204950421718,1.6507986280008058,0.9658004516676704,-1.7298815421727385,1.357890278966856,-0.9471744913415256,-1.1655746603162682,0.03146922749370237,-1.1149843145947855,-0.3226526844982847,-1.7061064364614633,-0.6387711137957989,1.3735852798717354,-0.4620896522720565,0.6005646384703297,-1.3218782095173685,2.0308009823600357,-1.466168670862582,1.6851223395002122,1.1367302209249637,1.5101782455771706,0.4947953617836218,-1.305202592433751,1.4836992310498576,2.0751271236480373,-1.8174299332476933,-0.7159893240960479
-0.04041137988211078,-0.6700642032662965,-0.730430455550804,1.5103595310543296,0.285362503007156,0.8759553581027214,-0.6874546309071462,-1.3391888598869472,0.7085792458545578,-0.022663933357778148,-0.21619902122058998,0.701811778738457,-0.025878607881656156,2.3070496786597197,0.8423027498231693,-0.24651156040855302,-0.6418218059607409,0.21320646053160852,0.9658004516676704,0.5835487261328443,-1.0464026428150435,0.9171824234103009,-0.5712758294496115,-0.7681506679560425,0.014616683439658384,-0.6633512666156385,-0.1038685255621891,-0.8986248912932469,-0.3792805819216046,0.8485684544464931,-0.26191970704123896,0.3773713205533209,-0.7772484245579445,1.2376720895946154,-0.8682677142197661,1.0068711687787426,0.7097150684245989,0.9158689563855354,0.27876818881090965,-0.752484923967882,0.9118105127176999,1.2595720894532791,-1.0909038245189515,-0.3883813535353412
-0.5830776386427641,1.359747776109418,2.33299750745784,-2.8320782746271793,-1.7509475161007706,-1.028496640789768,0.9907666459307463,3.333569310743321,-1.3983516805393237,0.2763648929790713,0.8726549017268034,-1.9165369586116567,-0.012464937513685862,-6.276403893016269,-1.9364922667079674,0.23373515630923689,1.266248801582301,-1.2513805358436376,-1.7298815421727385,-1.0464026428150435,2.227232271991051,-3.138129244250536,1.2071383090352716,2.354273825383834,0.11710770654499712,1.2918268609105803,-0.8424721434380846,0.4570158240052335,0.8831773561601463,-2.311193309275993,0.32531039669977974,-0.964059743876483,1.4185386009890228,-2.6648346575668858,1.8106120263211662,-1.8844981264892684,-1.5263765466226424,-1.9634442264751883,-0.09990920936533235,1.192909721605186,-2.2570076490372872,-3.2836940188269197,2.203277272346583,0.20748643370068037
3.144090917515674,-1.7073568140019229,-6.070769165429812,2.2205505016428653,6.9412854992627935,-2.2173310211721855,0.6262147615526276,-6.560991066049084,1.5812347740193413,-1.1911506537146632,-2.8186212576133394,3.9584443254200554,0.4736603233225877,14.185276171850543,3.2293169282018677,0.7219198802543066,-1.347396767548214,5.203781908781664,1.357890278966856,0.9171824234103009,-3.138129244250536,9.214335179627657,-1.836314312721132,-6.126754600524394,-0.7101165257744245,-1.4632709914927977,5.567628315257073,5.175419516309313,-1.522343474728532,5.118762535436425,0.24764116696085536,2.0987869453401955,-1.1396805935654495,4.133711917155977,-2.2944092840280503,1.7440626862317412,2.4888588658962236,2.782265239277324,-1.4630341073090083,0.0263980855558648,4.442574518771454,6.5742995496599885,-2.7512587493504004,2.144697804104357
-0.3524758190220859,0.7385126003021896,1.3285444595379081,-1.4762303851836447,-1.0721174631771264,-0.4478840271563073,0.48466343096968195,1.8625934718175132,-0.7515525451014907,0.15757297059250713,0.5139998828522315,-1.0581948156569339,-0.035616132385607735,-3.5481303643931006,-1.0759981628433437,0.09059903084668541,0.6669231150386244,-0.7957292432943489,-0.9471744913415256,-0.5712758294496115,1.2071383090352716,-1.836314312721132,0.6843272502206287,1.3365730624527719,0.07895710801733744,0.7093164221970466,-0.5873162876950377,0.10748395481136218,0.49606745268531877,-1.3017335280483795,0.18934774168666924,-0.5551031815201767,0.7621830037627999,-1.486148987116211,0.9731349468262744,-1.0072413274165337,-0.8560194254470017,-1.0571707207714627,-0.047286099249536535,0.5933957695207032,-1.2670764225178843,-1.8061140682829613,1.200839422607156,0.04874738419897832
-1.9937632272585244,1.309807344243561,4.100921954712213,-1.958325232084349,-4.473452076201742,1.0639407497380307,-0.14533972732836678,4.611956599867112,-1.2476478982659653,0.7716142810734734,1.8552702950170636,-2.7661065091526935,-0.27159514385327754,-9.76610777060929,-2.3274264574800445,-0.36064479107247127,1.0880819667908104,-3.327583832698467,-1.1655746603162682,-0.7681506679560425,2.354273825383834,-6.126754600524394,1.3365730624527719,4.150362471978581,0.4422253450730753,1.1420253545534262,-3.454590928825596,-2.9485223479770277,1.0878733509388017,-3.5333069476764085,-0.09336587748075169,-1.4448308528479166,0.983066109910258,-3.018090177477554,1.7613319167570953,-1.451197134677717,-1.801484813521914,-2.090273978852172,0.8585341105264174,0.2626884863153764,-3.1177519726540006,-4.6254515703780585,2.1098945160788536,-1.2116587603168774
-0.30823524469318414,0.046816863900758225,0.456944494153022,0.03919459586572444,-0.6111680691810312,0.34351813654328295,-0.16697942820570355,0.3965542662302162,-0.028373792652261084,0.10581885066985126,0.2298681082563613,-0.268712320532342,-0.04724930726352644,-0.9500115650830413,-0.1702635364328923,-0.12012007212032713,0.01635656775021383,-0.45128433411487434,0.03146922749370237,0.014616683439658384,0.11710770654499712,-0.7101165257744245,0.07895710801733744,0.4422253450730753,0.07278834852649745,0.025982720718577205,-0.5397499697704645,-0.6311312329562698,0.08619901547966259,-0.3445739568629636,-0.06430645256256758,-0.13312429423431402,-0.020638168540254815,-0.1800426850682414,0.0725896645755741,0.00793195952748293,-0.10748740266367038,-0.10470167204846778,0.1870982919935858,-0.13045788739934677,-0.266437417853443,-0.41596784575827306,0.07374413795735775,-0.2673671985188289
-0.14244579528325074,0.810499659963877,1.134671360316932,-1.7662112496556632,-0.6772165466704152,-0.8618281488814549,0.7272789942418711,1.7947571152467083,-0.8430838175665916,0.09109139503527629,0.38518645805595386,-1.0026804007223704,0.015143889185566665,-3.2365198936340773,-1.0936950061849107,0.21237129149912987,0.7615592042212488,-0.484434008324185,-1.1149843145947855,-0.6633512666156385,1.2918268609105803,-1.4632709914927977,0.7093164221970466,1.1420253545534262,0.025982720718577205,0.7918294102148243,-0.16787191593112735,0.7163364434041005,0.49650354377908323,-1.1976534422464387,0.2658840216225347,-0.5137217070260757,0.8986693308973961,-1.5406273190913122,1.0689309840415198,-1.1695729324887143,-0.8768669593490445,-1.1324620814096695,-0.20719702752488933,0.8162147778470309,-1.2213310738750642,-1.736088967440636,1.31792279247536,0.30470339571511695
2.326525813943638,-0.3261159356609344,-3.4104805796432442,-0.5575852454791621,4.74458368445854,-2.976555179851212,1.4796171436071948,-2.959644306890972,0.175325191045467,-0.8328609797841902,-1.7791863733335047,1.8538997919222822,0.4297439004215587,7.247375338792866,1.185606811586309,0.86592403617113,-0.07841448601854191,3.627609319633855,-0.3226526844982847,-0.1038685255621891,-0.8424721434380846,5.567628315257073,-0.5873162876950377,-3.454590928825596,-0.5397499697704645,-0.16787191593112735,4.32635858514769,5.144582858732855,-0.585508647194104,2.5678464491041693,0.5129087105784775,1.0454135940727467,0.24537058683250898,1.364729837547682,-0.44520699393713264,-0.11465612126815099,0.898698228448424,0.7553099099856584,-1.4113053392101325,1.1115145054838103,2.006559968147502,2.9998135874581755,-0.5157813115754157,2.146477787150406
2.7037170861511375,0.5387563158204937,-2.881835140507793,-2.745148406183385,5.06109487844853,-4.689813061599342,2.6819639752944666,-1.5617852344744148,-0.7615925782143173,-0.9283427464856551,-1.7475853848552159,1.1069812608287852,0.5471792208297805,5.182320741157229,0.1791820566380121,1.2989117616143384,0.7822034810565761,3.913541427499655,-1.7061064364614633,-0.8986248912932469,0.4570158240052335,5.175419516309313,0.10748395481136218,-2.9485223479770277,-0.6311312329562698,0.7163364434041005,5.144582858732855,7.1954671660321505,-0.13468366658486658,1.771103161760044,0.9530755450613503,0.6921897435571507,1.3537457447766275,-0.11015492102421005,0.6955066866965084,-1.4979949258665477,0.09695157797279726,-0.3768742508444694,-1.9866909510375221,2.3163837082444627,1.0536673081519734,1.6791586475718314,0.8951589183136064,3.0030160394807632
-0.3795228096802643,0.5286232749968183,1.113096491160875,-1.0419636740534204,-0.9705886767104757,-0.2283590078692144,0.2972670453204799,1.4480259343286406,-0.5323808543850411,0.15086264267805632,0.4426367575645579,-0.8713582074369487,-0.027149820460979766,-2.819901735080538,-0.8220866136547622,0.0071119438058269814,0.473316604558309,-0.6920864012024823,-0.6387711137957989,-0.3792805819216046,0.8831773561601463,-1.522343474728532,0.49606745268531877,1.0878733509388017,0.08619901547966259,0.49650354377908323,-0.585508647194104,-0.13468366658486658,0.38486099227144654,-1.0432771834725119,0.0982316747961448,-0.4263778489067925,0.523681120148344,-1.084692503620113,0.7150916497308869,-0.6931404735433498,-0.6123883255206188,-0.7766963643702888,0.0571234137913888,0.3743281888464442,-0.9787683192382535,-1.4442792659130976,0.8563732093286943,-0.059092148268160026
1.5484210241839773,-1.3270880557545215,-3.554607018727959,2.287352247918893,3.5814733820373306,-0.3056640611498715,-0.27081810391877853,-4.206368526317201,1.2959607976367018,-0.6029558684693236,-1.533007639930966,2.5468508495360056,0.17246602408227404,8.621076238487259,2.233756923512325,0.19793604481352237,-1.1432804555088503,2.6160296871480884,1.3735852798717354,0.8485684544464931,-2.311193309275993,5.118762535436425,-1.3017335280483795,-3.5333069476764085,-0.3445739568629636,-1.1976534422464387,2.5678464491041693,1.771103161760044,-1.0432771834725119,3.1528893463787826,-0.05583351235105246,1.2829449484745892,-1.1413133574956653,2.899265872008023,-1.798339098505476,1.5902319519186339,1.683715467890857,2.043838637064851,-0.551697437806278,-0.5793050832749547,2.8443066626653106,4.227498906951406,-2.143386469171254,0.737047777305876
0.2971829807214316,0.23914253218452125,-0.09231235657378949,-0.6604688300682503,0.4102290671141354,-0.6781378704563817,0.4460317756755278,0.21406278485372696,-0.26783594783771114,-0.09663019541271745,-0.11240338345496698,-0.06777654959123487,0.044103424512766554,-0.1211588494744617,-0.2216302982936506,0.1844646768248457,0.2405982482161958,0.2972221010708961,-0.4620896522720565,-0.26191970704123896,0.32531039669977974,0.24764116696085536,0.18934774168666924,-0.09336587748075169,-0.06430645256256758,0.2658840216225347,0.5129087105784775,0.9530755450613503,0.0982316747961448,-0.05583351235105246,0.19346044338341511,-0.046870920123050566,0.35540202232197865,-0.3736281654990503,0.29950585165877885,-0.42523910878466276,-0.2003898082313444,-0.2753696864078314,-0.30190654024403235,0.4193541321116744,-0.15284580245831478,-0.1511907472784902,0.3955027902233615,0.3961781318873169
0.5941026307771861,-0.5602090017772795,-1.4285746784287647,0.9441980686855713,1.4438137653997014,-0.13049071904263382,-0.11501990383786896,-1.7288758168324807,0.5472674556385285,-0.23749073710630692,-0.6207454578123943,1.0088614987267748,0.08438776734098974,3.5354795874077576,0.9175178252526947,0.059389657362420016,-0.47752807044810275,1.08378314752292,0.6005646384703297,0.3773713205533209,-0.964059743876483,2.0987869453401955,-0.5551031815201767,-1.4448308528479166,-0.13312429423431402,-0.5137217070260757,1.0454135940727467,0.6921897435571507,-0.4263778489067925,1.2829449484745892,-0.046870920123050566,0.5378807536332421,-0.48804993940622476,1.2268077886796933,-0.7420445787793095,0.6810089748457037,0.7254991799893695,0.8491743826781039,-0.18414237920053822,-0.25048247876832613,1.1746504627829824,1.7026737031010348,-0.9076400866262107,0.28451205910695154
0.05816463613570534,0.9079499746421622,0.985017208073677,-2.122152360842773,-0.31627173359745997,-1.3182217746270977,1.0021747204238138,1.7962279882082346,-0.9634734653003194,0.021820963791371058,0.2696674136880864,-0.9962317682888874,0.06556373871684018,-3.043765504193364,-1.1573497854152655,0.3266704147952444,0.8799721426440102,-0.19118513848148824,-1.3218782095173685,-0.7772484245579445,1.4185386009890228,-1.1396805935654495,0.7621830037627999,0.983066109910258,-0.020638168540254815,0.8986693308973961,0.24537058683250898,1.3537457447766275,0.523681120148344,-1.1413133574956653,0.35540202232197865,-0.48804993940622476,1.0709120125416334,-1.6489812888379602,1.2016327215330782,-1.3702257555212851,-0.9189894036782957,-1.2427141243559796,-0.37218023363469727,1.062791883107413,-1.2184705789816423,-1.733645668372273,1.4767831482034535,0.5723719807400858
0.8355686533354961,-1.6200954942093682,-2.97883608288279,3.2287430515596687,2.4373184523834945,0.9191168005738352,-1.0229341556234914,-4.133291099337971,1.6493056905968073,-0.3751693258718594,-1.1621495374430253,2.3532881143791258,0.07433766661714168,7.917915187994692,2.361913136672356,-0.1988794809526682,-1.4728630827825016,1.7981391347362528,2.0308009823600357,1.2376720895946154,-2.6648346575668858,4.133711917155977,-1.486148987116211,-3.018090177477554,-0.1800426850682414,-1.5406273190913122,1.364729837547682,-0.11015492102421005,-1.084692503620113,2.899265872008023,-0.3736281654990503,1.2268077886796933,-1.6489812888379602,3.2585083532298187,-2.139340549531619,2.199973634621147,1.884707231205646,2.342205829734179,0.046530339583973984,-1.2852578406149893,2.8060633609405277,4.031468221063174,-2.6292972290903394,-0.06341588520237929
-0.37449083727176313,1.1158921487877287,1.7815004558925824,-2.4201242604282993,-1.1991134897507074,-1.0647289883617634,0.9322312263356716,2.624309210374955,-1.155136158004803,0.18482786650155875,0.6311501187568299,-1.5336449884529657,0.02542675987536311,-4.836082116926526,-1.5671222772158295,0.2271635709836167,1.051594134473994,-0.8207251490186617,-1.466168670862582,-0.8682677142197661,1.8106120263211662,-2.2944092840280503,0.9731349468262744,1.7613319167570953,0.0725896645755741,1.0689309840415198,-0.44520699393713264,0.6955066866965084,0.7150916497308869,-1.798339098505476,0.29950585165877885,-0.7420445787793095,1.2016327215330782,-2.139340549531619,1.4990803215019863,-1.5741338763559471,-1.2047244622445321,-1.595564170340917,-0.14899556728468435,1.0646574207666124,-1.7754383711810489,-2.6045261488489353,1.808080954160927,0.2954029982836552
0.026775336983973764,-1.1942046301318752,-1.421214964030749,2.7186853180320782,0.6215085754464779,1.5491947468684848,-1.2158741839712004,-2.460917735210254,1.2609187733658507,-0.07322489328730934,-0.43106366374095995,1.3535213034559712,-0.0641411020366065,4.283961746512416,1.5386989612235185,-0.4052441019306287,-1.1521889690713054,0.4190877528804722,1.6851223395002122,1.0068711687787426,-1.8844981264892684,1.7440626862317412,-1.0072413274165337,-1.451197134677717,0.00793195952748293,-1.1695729324887143,-0.11465612126815099,-1.4979949258665477,-0.6931404735433498,1.5902319519186339,-0.42523910878466276,0.6810089748457037,-1.3702257555212851,2.199973634621147,-1.5741338763559471,1.7768355509430809,1.2451889368691071,1.6555445868202412,0.4153010633636914,-1.3303051463841136,1.669027681281258,2.376468022549734,-1.940060213933179,-0.643282692770784
0.5071172388705789,-0.9250659764820559,-1.7377598379530355,1.7767378749786342,1.487933581912912,0.39301085957317355,-0.512177830781936,-2.3958373635769754,0.9374142426960804,-0.23337109805667883,-0.6985715867757941,1.326252005787636,0.0664949436706952,4.644511381150378,1.3418456483391694,-0.11381993228933886,-0.8335694101243736,1.1305181623560843,1.1367302209249637,0.7097150684245989,-1.5263765466226424,2.4888588658962236,-0.8560194254470017,-1.801484813521914,-0.10748740266367038,-0.8768669593490445,0.898698228448424,0.09695157797279726,-0.6123883255206188,1.683715467890857,-0.2003898082313444,0.7254991799893695,-0.9189894036782957,1.884707231205646,-1.2047244622445321,1.2451889368691071,1.1127033767972745,1.3423470683316185,0.009427991634281251,-0.6902556287464046,1.6303126060777478,2.3106943393989603,-1.5016889465810346,0.022065394094282008
0.5291877204201746,-1.1963339178352888,-2.0691251304797875,2.4932518167307616,1.5585802453762168,0.8955259155765951,-0.865015543971556,-2.9437384291581745,1.2304385874118124,-0.2503361296528638,-0.7755223560032632,1.6966469728358322,0.008024345798948526,5.5516977875879485,1.7047390906807802,-0.2055776209355162,-1.1168952411377562,1.1087581792700336,1.5101782455771706,0.9158689563855354,-1.9634442264751883,2.782265239277324,-1.0571707207714627,-2.090273978852172,-0.10470167204846778,-1.1324620814096695,0.7553099099856584,-0.3768742508444694,-0.7766963643702888,2.043838637064851,-0.2753696864078314,0.8491743826781039,-1.2427141243559796,2.342205829734179,-1.595564170340917,1.6555445868202412,1.3423470683316185,1.733465619888526,0.07266330817298787,-1.0474211701413345,1.9912943170114992,2.9084037686588795,-1.9367927987903808,-0.1735775188045593
-0.8266553802553533,-0.14347508066657202,0.8927147909555837,0.6757079892772908,-1.4463839546176458,1.2192981210202345,-0.7024232482621932,0.4901766584933921,0.2028138209798459,0.28002205517474527,0.5067436817368189,-0.41821162650505983,-0.11492595836156247,-1.5407419050800213,-0.09048946413708682,-0.38234150355407526,-0.19446020661493965,-1.050796199392381,0.4947953617836218,0.27876818881090965,-0.09990920936533235,-1.4630341073090083,-0.047286099249536535,0.8585341105264174,0.1870982919935858,-0.20719702752488933,-1.4113053392101325,-1.9866909510375221,0.0571234137913888,-0.551697437806278,-0.30190654024403235,-0.18414237920053822,-0.37218023363469727,0.046530339583973984,-0.14899556728468435,0.4153010633636914,0.009427991634281251,0.07266330817298787,0.6216469317838779,-0.6140808386235815,-0.32057227002593747,-0.5990769289500925,-0.24477392685370608,-0.8366291149241623
0.5043039846672902,0.8013641461104187,0.2685986038061533,-2.153642203915567,0.6527313760154654,-1.8644048423875081,1.2540034835644434,1.1234269180664087,-0.8859333855198873,-0.1335530826564373,-0.0962858806295024,-0.5903908935956181,0.16145866987717364,-1.4633823751362554,-0.8609843823134057,0.4972386352136194,0.8346039649595284,0.5618460263779667,-1.305202592433751,-0.752484923967882,1.192909721605186,0.0263980855558648,0.5933957695207032,0.2626884863153764,-0.13045788739934677,0.8162147778470309,1.1115145054838103,2.3163837082444627,0.3743281888464442,-0.5793050832749547,0.4193541321116744,-0.25048247876832613,1.062791883107413,-1.2852578406149893,1.0646574207666124,-1.3303051463841136,-0.6902556287464046,-1.0474211701413345,-0.6140808386235815,1.2491398860709921,-0.7600022824077894,-1.078709715047783,1.3031293461776126,0.976921817923917
1.2093164521105453,-1.3249076429920215,-3.1148560229474884,2.415488532442461,2.961647383378443,0.09529722285320288,-0.48493263067253706,-3.8790781289431844,1.3142557628143294,-0.48871635284326687,-1.3059499840509525,2.2965140043823955,0.13059788288329652,7.778485685185977,2.1114467035599533,0.05502780808510787,-1.164859748011855,2.1733112336325657,1.4836992310498576,0.9118105127176999,-2.2570076490372872,4.442574518771454,-1.2670764225178843,-3.1177519726540006,-0.266437417853443,-1.2213310738750642,2.006559968147502,1.0536673081519734,-0.9787683192382535,2.8443066626653106,-0.15284580245831478,1.1746504627829824,-1.2184705789816423,2.8060633609405277,-1.7754383711810489,1.669027681281258,1.6303126060777478,1.9912943170114992,-0.32057227002593747,-0.7600022824077894,2.62831181521788,3.8567750066387303,-2.144290244589827,0.43284551876945
1.9081318489762795,-1.9089497693706639,-4.686233293177478,3.535395038888598,4.4530263095012055,0.1330655848827314,-0.6913018706999488,-5.714564222004153,1.8920200261551057,-0.7548397218640611,-1.9557615313299803,3.4858343160379337,0.15516907883632416,11.491755919660699,3.1068216018993637,0.13909064914107877,-1.6930908414714188,3.1872684762185983,2.0751271236480373,1.2595720894532791,-3.2836940188269197,6.5742995496599885,-1.8061140682829613,-4.6254515703780585,-0.41596784575827306,-1.736088967440636,2.9998135874581755,1.6791586475718314,-1.4442792659130976,4.227498906951406,-0.1511907472784902,1.7026737031010348,-1.733645668372273,4.031468221063174,-2.6045261488489353,2.376468022549734,2.3106943393989603,2.9084037686588795,-0.5990769289500925,-1.078709715047783,3.8567750066387303,5.781367431479595,-3.0801553357291565,0.6995131957583938
-0.38307326653948537,1.366115655383562,2.088686866454893,-2.9227493108149574,-1.3961929593681985,-1.277531247760348,1.128876583611324,3.159020750677864,-1.4151691230742156,0.20555184159156573,0.7428456650493112,-1.7849372384820714,0.010213999737219781,-5.808226373898748,-1.8832771335912284,0.3095618105357228,1.280337157765745,-0.9986364545220843,-1.8174299332476933,-1.0909038245189515,2.203277272346583,-2.7512587493504004,1.200839422607156,2.1098945160788536,0.07374413795735775,1.31792279247536,-0.5157813115754157,0.8951589183136064,0.8563732093286943,-2.143386469171254,0.3955027902233615,-0.9076400866262107,1.4767831482034535,-2.6292972290903394,1.808080954160927,-1.940060213933179,-1.5016889465810346,-1.9367927987903808,-0.24477392685370608,1.3031293461776126,-2.144290244589827,-3.0801553357291565,2.2179573621436077,0.3878816989306705
1.1385209403161438,0.23412087068277357,-1.2103304743140972,-1.1572669086805392,2.1155177334697908,-1.9520929137374485,1.1171987841530502,-0.6391377013889135,-0.33020521006551773,-0.3866185045349497,-0.7294795630831196,0.4748275750072843,0.2245847176646341,2.1360494833656753,0.07694912159540158,0.559337882558434,0.3393470407248186,1.6258668114651313,-0.7159893240960479,-0.3883813535353412,0.20748643370068037,2.144697804104357,0.04874738419897832,-1.2116587603168774,-0.2673671985188289,0.30470339571511695,2.146477787150406,3.0030160394807632,-0.059092148268160026,0.737047777305876,0.3961781318873169,0.28451205910695154,0.5723719807400858,-0.06341588520237929,0.2954029982836552,-0.643282692770784,0.022065394094282008,-0.1735775188045593,-0.8366291149241623,0.976921817923917,0.43284551876945,0.6995131957583938,0.3878816989306705,1.2613822352211004
