V1,V2,V3,V4,V5,V6,V7,V8,V9,V10,V11,V12,V13,V14,V15,V16,V17,V18,V19,V20,V21,V22,V23,V24,V25,V26,V27,V28,V29,V30,V31,V32,V33,V34,V35,V36,V37,V38,V39,V40,V41,V42,V43,V44
0.8624166391661802,0.40711000403915437,-0.2187584017300691,0.18899387193015324,-0.6221034981162455,0.19998615500384564,-0.6285092079332575,0.11565690568906437,0.19766994885128822,0.7292806880700833,0.08665351691569456,0.26320004335845876,0.08893855215950702,-0.17859030837188,0.20267537358156887,0.5142947133225507,-0.22663235682411634,-0.3167019909881812,-0.4060141013001995,0.13986903153101085,0.011192804733734664,-0.33317265896983844,0.12099616850999849,-0.23812177414468869,0.5677174503896686,0.1434973905717746,0.32132748529987776,0.2977295699758001,0.05487068751150136,-1.0679717426989503,-0.7122661493151707,0.3626389648990651,0.8353239442873042,0.5387916915397856,0.19763413288275516,0.3249547319046966,0.09074332296113015,0.4926912277459314,-0.3991612428281824,-0.8715203866328032,0.7254100264608246,0.3467892743998375,0.5224074925231239,0.7999843656837378
0.40711000403915437,2.8683667905111143,-2.1711387118498786,-1.0737660503599944,1.6847672849686461,-0.4543505377846847,-0.9670254146400722,-0.9005498204737565,-0.6483859747633125,-1.6504218289056831,0.91102457095777,0.6527565441788673,0.40105085397860263,-1.3558215781772036,-0.08124740388058138,2.94806963381401,-0.18862241759291973,-0.7765403832361505,1.2399741972146636,0.8665022873268556,-1.4635715143989187,-1.2534846061046028,-0.30765923785457383,-0.5775709311548503,-0.020758364317764472,-2.108225119426311,0.12431001796854123,-1.8030691991598213,-2.4327857608934984,-0.9050555424047827,1.9316381579679143,-2.582389133816483,-2.217674228062941,-0.1616371191580472,2.7861067719548833,-1.3697010645449754,-0.942067154634249,-2.870362607325505,-1.4978661089605634,-1.3049271973133327,-1.8987566850763822,-0.23083011835413764,0.5372720972056081,-0.07937601919332239
-0.2187584017300691,-2.1711387118498786,1.9405179719774048,1.0562349185087865,-1.5191337216471605,0.40224541623816645,1.0013185618424192,0.6773446598860456,0.36840652735789947,1.8897480613953987,-0.7229517606826105,-0.3626426719464858,-0.009777200547668846,1.122445893948748,0.05211454852774863,-2.6298076299085604,0.1660804075354205,0.3204197911493447,-1.190281739028191,-0.9099064221371891,1.6729437483020673,1.008026621239676,0.5297124642584229,0.505188936851665,0.27197693085272084,2.069019371038476,0.06329431358001722,1.7728419511850892,2.183584396257742,0.5560343728759406,-1.8070409207198384,2.4689693284202,2.1844868314147727,0.3371440768964489,-2.332336713943289,1.7647154671143517,0.7024268784694786,2.6682430857977586,1.1398723577430525,0.7984156530639867,1.813722878727338,0.2742073700409359,-0.6114003331023208,0.1967029461518402
0.18899387193015324,-1.0737660503599944,1.0562349185087865,0.8614838488085467,-1.1447641947369405,0.3945347306963401,0.6066653204419632,0.3800383393035413,0.24992566518321233,1.6958746072820134,-0.23872774205329925,-0.05337780491326592,0.05177842276361559,0.8056699512755312,0.09632347318308429,-1.517770276320835,0.035260160704140536,0.017022529676558505,-0.98568906643983,-0.46385540428759037,0.949160495268627,0.4817479632962303,0.4736209257666496,0.11891129777308382,0.5076360927462482,1.4798809645034354,0.03577777166651904,1.3553881384832518,1.3939199506626843,-0.21069539024632827,-1.533091498199624,1.720256915895439,1.8017764321518106,0.5471835782753676,-1.3607913910621523,1.612243009683283,0.468975360926642,2.129635326035732,0.4294844484531805,0.19640874184368937,1.560319179631307,0.24648735521682316,-0.1813951092028623,0.5239721355650786
-0.6221034981162455,1.6847672849686461,-1.5191337216471605,-1.1447641947369405,2.165175840679551,-0.7089738769592557,-0.2852150351972859,-0.7062936581844007,-0.5516687605081613,-2.377051246555769,0.592332378239607,0.0924678188370121,0.16143950767416895,-0.9041542431447016,-0.30715154986422805,1.9602615076602876,0.05459167328486818,-0.2843488278622304,1.5493039575597913,0.6828725150522079,-1.4392422700591863,-0.7630792662086722,-0.4104616228502568,-0.22955907915632293,-0.7122222326239604,-2.183658771632164,-0.28395494649534847,-1.908890506907335,-2.135693744705666,0.5778722758903406,2.4777624422829576,-2.7355521131646423,-2.9871998864455835,-0.7978340217081884,2.0352330992792367,-1.7992520190145607,-0.7188729431253584,-3.0668471891592826,-0.6405515982063388,0.0548769891839945,-2.656470783755817,-0.4849990510876394,-0.09781172524017304,-0.9751349031830049
0.19998615500384564,-0.4543505377846847,0.40224541623816645,0.3945347306963401,-0.7089738769592557,0.30981488749732855,0.16604671662455073,0.13819053367014636,0.11457604884042524,0.80201198643476,-0.12064851766933903,0.029232571732638574,-0.11694054339276515,0.35204714842181895,0.1258862150448085,-0.6381770049139253,-0.0049972264443737015,0.17777486467090112,-0.5338748580790336,-0.2170926945683124,0.4025477178675348,0.30365290109306975,0.08701471465399434,0.036380449613286917,0.23521629569885677,0.7991493105296605,0.03042880651564695,0.6381515493528306,0.6806169655241163,-0.2701371940603562,-0.8509406160798489,0.923954499026211,1.0482850220220432,0.2769142232398351,-0.6295098101780686,0.6650182535158874,0.17643641484482883,1.0815087950412157,0.1056994907470367,-0.032637991472766845,1.0038939466057348,0.09298432253390676,0.07592041056153787,0.33529279214774244
-0.6285092079332575,-0.9670254146400722,1.0013185618424192,0.6066653204419632,-0.2852150351972859,0.16604671662455073,1.3000736772177481,0.05143829015843183,-0.13732229826158635,0.9601346443229652,-0.1614778875179421,-0.11520465560290945,0.16054840412149332,0.8429193479236339,-0.14009380096965898,-1.7472243285309854,0.2758565589390742,0.11316416148963503,-0.4634013328884344,-0.55539743460399,0.9427420847247316,0.6983138818128918,0.42147123907095824,0.2737936698656799,0.017231192027036487,1.2371831347174767,-0.2337029215697605,0.9301462220414711,1.088269719145035,0.7198145169019828,-0.607940677875317,1.1300918512721343,0.7777618974010634,0.07589007684414116,-1.1917794604574001,1.423016556656854,0.1722798247572091,1.3958973343544263,0.5587114340685251,0.8288334445444042,0.7210041892231046,-0.14244786439866106,-0.716605555610706,-0.2586731828375962
0.11565690568906437,-0.9005498204737565,0.6773446598860456,0.3800383393035413,-0.7062936581844007,0.13819053367014636,0.05143829015843183,0.5340034034732876,0.5028498702824372,0.7314419661504248,-0.26151602341631147,-0.23611094553459405,-0.05003915186852427,0.23743579289028885,-0.017175854245639357,-0.6890792565938687,0.015922341768345973,-0.02800452268005838,-0.4868120425228323,-0.030512683534952435,0.393140059721274,0.1449216544050783,0.2147541404149314,0.09355662560496421,0.18725613438687141,0.5554126117073996,-0.002113744550859902,0.5847622788581298,0.8232610040869847,0.06641270472641574,-0.7756904704076638,0.7119886541636298,0.7732335063263691,0.24987961691675384,-0.8441413906603862,0.396211441717496,0.4339878230409466,1.0334385964732271,0.48723236607699166,0.32089945694549926,0.6628454811579086,0.191744352095157,0.11065860921285949,0.34707547273072537
0.19766994885128822,-0.6483859747633125,0.36840652735789947,0.24992566518321233,-0.5516687605081613,0.11457604884042524,-0.13732229826158635,0.5028498702824372,0.6373647322122463,0.5094963852423097,-0.21144058579304117,-0.1659959559712537,-0.03584562455896978,0.04199273487005039,-0.0509986530014438,-0.2571841965209773,0.02318997282661051,-0.0945185923950068,-0.33073425906747655,0.24689759955551133,0.1813900673734159,0.0684982290335531,0.12152419361863064,-0.029030824714768155,0.14378984973565856,0.28719272100218163,0.020758892774293703,0.32741783862389173,0.6189753507776746,0.06646603317394764,-0.5555268809740056,0.3324240924744056,0.4559394777149888,0.30152264192956496,-0.5773122893480918,0.06503114467559347,0.36921714411221584,0.7520343459554315,0.37450572041273794,0.26201650665927695,0.5763239880903895,0.1826078363749903,0.3493695479170298,0.44791000764923405
0.7292806880700833,-1.6504218289056831,1.8897480613953987,1.6958746072820134,-2.377051246555769,0.80201198643476,0.9601346443229652,0.7314419661504248,0.5094963852423097,3.6326522316644745,-0.3995126938855354,0.113877611646004,0.35809310745713807,1.2871230553906918,0.19853453783435399,-2.5958061102878167,0.014947557807210618,-0.3360300423922406,-2.0020713699453836,-0.813818070835363,2.0313333979816,0.7270251345037438,1.0654064979853033,0.1336167924778022,1.2643692690368913,2.8985233936055206,0.2987868263924956,2.6691159717487194,2.6674540934140767,-0.8296401178630582,-3.1123927394839668,3.361111973326339,3.702143640668691,1.3414203875851265,-2.383036953027173,3.328065687607952,0.8215894941441583,4.1709427862587996,0.5929720677851652,-0.1091290327519082,3.25246305859641,0.6106797212558018,-0.153293288734056,1.3634495794426276
0.08665351691569456,0.91102457095777,-0.7229517606826105,-0.23872774205329925,0.592332378239607,-0.12064851766933903,-0.1614778875179421,-0.26151602341631147,-0.21144058579304117,-0.3995126938855354,0.5332810284035148,0.12625005111535914,0.019592794840695715,-0.2308173102074504,-0.03978133342115867,0.8852733685544669,-0.08640248597003597,-0.2593932417470674,0.31123306935672274,0.3769876983085876,-0.8332131512306736,-0.5698746521881479,-0.020075597695493642,-0.2903194637443667,0.10212824454120313,-0.7015862819743434,-0.22806148491739792,-0.4833300264352784,-0.8508963576398348,-0.5046857445863957,0.46773610217894984,-0.8939131025691563,-0.6547972404586164,-9.025164794167354e-4,0.9108161170618786,-0.1664376274538495,-0.19204347796587387,-0.6833019843713943,-0.5521126291392635,-0.2631987262054121,-0.6718638037379102,-0.1624013792457188,0.1924393210730911,0.02930941823793221
0.26320004335845876,0.6527565441788673,-0.3626426719464858,-0.05337780491326592,0.0924678188370121,0.029232571732638574,-0.11520465560290945,-0.23611094553459405,-0.1659959559712537,0.113877611646004,0.12625005111535914,0.31703761967172395,0.23660172009181046,-0.22597359110097925,0.02839427364494754,0.4418068413645318,-0.028749923700688705,-0.2629391831981942,0.05299328340825875,0.05210834278018507,0.09673376682076111,-0.11864105253301378,0.05211668026167994,-0.12368367603772389,0.1703939507784539,-0.04652266858529207,0.20379709269075102,-0.0937685301593317,-0.2363945154670239,-0.33534769263292535,0.0996911353325893,-0.12358816496874174,-0.007546775840345227,0.1814944549973203,0.42969509067532374,0.13651158636400695,-0.24076617152454916,-0.19646735521057557,-0.3788003455723441,-0.5053463241697193,0.10834014019667776,0.05589081372089627,0.11273316204374148,0.18888319261651057
0.08893855215950702,0.40105085397860263,-0.009777200547668846,0.05177842276361559,0.16143950767416895,-0.11694054339276515,0.16054840412149332,-0.05003915186852427,-0.03584562455896978,0.35809310745713807,0.019592794840695715,0.23660172009181046,0.5678656811729369,-0.2369559312521983,-0.14896461920246803,0.1143605783796041,0.069005654442128,-0.6222890714672994,0.052543692147283064,0.02998829000050479,0.5021565430502687,-0.1283079288558119,0.3566902476821815,-0.02866443195524989,0.2131062057329579,0.03934542199309184,0.2566745618459382,0.04840864348494981,0.029509753031915487,0.060745291138653915,0.15548513119890398,-0.08991503351796067,-0.1335405475209377,0.24799381194838005,0.1837130711311333,0.42527681513479826,-0.14108486624178432,-0.061628604428018124,-0.08423701785684114,-0.24766344475240873,-0.05120205724098481,0.12327911201812755,-0.11807494526794919,0.14236698435426415
-0.17859030837188,-1.3558215781772036,1.122445893948748,0.8056699512755312,-0.9041542431447016,0.35204714842181895,0.8429193479236339,0.23743579289028885,0.04199273487005039,1.2871230553906918,-0.2308173102074504,-0.22597359110097925,-0.2369559312521983,1.1572218651856752,0.14296677688297235,-1.8319534535797133,0.04765643209837943,0.46164096989201664,-0.8646889587757439,-0.6441264581088246,0.6728481569046653,0.6789735964813933,0.2861035601624911,0.198544508108136,0.23527838661700287,1.419939125697373,-0.19721513395524776,1.303866269739683,1.2791605398462345,0.0862717247554051,-1.3613057763013143,1.70702673106941,1.604667267408557,0.22507514659539318,-1.4924573399102161,1.474903165137935,0.49137185281391194,1.9910055267967937,0.5427860273021038,0.5668103818551816,1.2664575681578434,0.08390985478084885,-0.4744513114342006,0.09708383377741382
0.20267537358156887,-0.08124740388058138,0.05211454852774863,0.09632347318308429,-0.30715154986422805,0.1258862150448085,-0.14009380096965898,-0.017175854245639357,-0.0509986530014438,0.19853453783435399,-0.03978133342115867,0.02839427364494754,-0.14896461920246803,0.14296677688297235,0.15772974912791005,-0.09793809105663863,-0.0918223513126443,0.19183988708420505,-0.20105008631225768,-0.15404598242681852,0.01800255992661051,0.07105909284700725,-0.07225859936874868,5.396581215142991e-4,0.10362352776078645,0.2102701331276767,0.06701179540232872,0.20861875660792667,0.10742854857169996,-0.32014366076240197,-0.3554480637677165,0.3853667926714549,0.4778590205022161,0.0595142672856594,-0.12282886359482449,0.12770882791203148,0.05200234178550668,0.2837787784102856,-0.07390577590006056,-0.22304652002816092,0.35501696028969937,0.0807987276249228,0.047257420369145355,0.12481976387054299
0.5142947133225507,2.94806963381401,-2.6298076299085604,-1.517770276320835,1.9602615076602876,-0.6381770049139253,-1.7472243285309854,-0.6890792565938687,-0.2571841965209773,-2.5958061102878167,0.8852733685544669,0.4418068413645318,0.1143605783796041,-1.8319534535797133,-0.09793809105663863,3.8894262214376774,-0.2858478971932254,-0.6690663677266904,1.6452359314293672,1.3903876765996157,-2.253809382956174,-1.5983145178002842,-0.673326076932599,-0.6906079711083052,-0.29679027020980503,-3.0638245711670096,0.07433651671931991,-2.5258738751134513,-3.0022810118432526,-0.8392512295203731,2.4821227294359285,-3.5232831982873063,-3.064250345495485,-0.39268887800613195,3.2625844875864662,-2.7061106082379385,-0.8641356110974229,-3.818982348446184,-1.4786118926705452,-1.2448782048167923,-2.6085779132474802,-0.2124561907924164,1.022891986000475,-0.08935578134220289
-0.22663235682411634,-0.18862241759291973,0.1660804075354205,0.035260160704140536,0.05459167328486818,-0.0049972264443737015,0.2758565589390742,0.015922341768345973,0.02318997282661051,0.014947557807210618,-0.08640248597003597,-0.028749923700688705,0.069005654442128,0.04765643209837943,-0.0918223513126443,-0.2858478971932254,0.11561839567774218,0.008965047186141927,0.02686765101875882,-0.04073752162202361,0.23485317201464168,0.19131618910100168,0.04395843296118482,0.0832704801727226,-0.1141712737113857,0.16444317743676845,-0.037688882276048795,0.03854740643643956,0.2000167072844869,0.376630201698464,0.0853475147599549,0.05469706677585114,-0.08742012212128436,-0.04763685999180092,-0.20644364288882994,0.07580661896912345,-0.020105176882220164,0.08946417129524993,0.1753634945689719,0.2750440896201065,0.03529397417315855,-0.07061112845873536,-0.1253338534050086,-0.13134625949532558
-0.3167019909881812,-0.7765403832361505,0.3204197911493447,0.017022529676558505,-0.2843488278622304,0.17777486467090112,0.11316416148963503,-0.02800452268005838,-0.0945185923950068,-0.3360300423922406,-0.2593932417470674,-0.2629391831981942,-0.6222890714672994,0.46164096989201664,0.19183988708420505,-0.6690663677266904,0.008965047186141927,0.9330677889787897,-0.11006296347867006,-0.3588275418660433,-0.08546883151525417,0.5657316304308224,-0.4374106451410274,0.21830789872084502,-0.3902587915285058,0.35178499169215444,-0.19083228994077386,0.14157604526328157,0.29999819650107545,0.32049110550031373,-0.22812015769092503,0.5441467816792193,0.35492148293855375,-0.38709914354922903,-0.5922729906639105,-0.31854328316211666,0.11058097342266537,0.2620336006498961,0.3047401207743912,0.4283214467371031,0.3083315832314512,-0.15904311804965068,-0.1625207926728919,-0.39167247762242796
-0.4060141013001995,1.2399741972146636,-1.190281739028191,-0.98568906643983,1.5493039575597913,-0.5338748580790336,-0.4634013328884344,-0.4868120425228323,-0.33073425906747655,-2.0020713699453836,0.31123306935672274,0.05299328340825875,0.052543692147283064,-0.8646889587757439,-0.20105008631225768,1.6452359314293672,0.02686765101875882,-0.11006296347867006,1.23600901184359,0.5479286149847771,-1.058904312549668,-0.5275866973585879,-0.4606401671495943,-0.13050357759367337,-0.6402730586884351,-1.743837944865137,-0.10377340344185826,-1.5913224183854298,-1.6292620341528234,0.48982160076138964,1.951063588608485,-2.115976933622342,-2.319065422001785,-0.6658542937777826,1.5651979198366057,-1.7491875462123856,-0.5638888054517771,-2.520988686521272,-0.4365333441431863,-0.037253401320077775,-1.9912327514332562,-0.3371445511034844,0.052088021953847666,-0.7366879052931762
0.13986903153101085,0.8665022873268556,-0.9099064221371891,-0.46385540428759037,0.6828725150522079,-0.2170926945683124,-0.55539743460399,-0.030512683534952435,0.24689759955551133,-0.813818070835363,0.3769876983085876,0.05210834278018507,0.02998829000050479,-0.6441264581088246,-0.15404598242681852,1.3903876765996157,-0.04073752162202361,-0.3588275418660433,0.5479286149847771,0.8166849834873198,-0.9747208324900958,-0.6341488667748816,-0.16274751353903422,-0.34605077038233306,-0.07757531108904797,-1.129216211905373,-0.14329317352740145,-0.8906697905304797,-0.9280075145986173,-0.18388694686664836,0.810292260816481,-1.4369770592804818,-1.1955859699045137,-0.0029733996228465793,1.037893244249651,-0.9624874942259705,-0.14834561035068566,-1.1155244077176087,-0.3898678343776744,-0.12247249349424878,-0.8707793093722832,-0.11086195031394915,0.5778449581193578,0.1442543554017307
0.011192804733734664,-1.4635715143989187,1.6729437483020673,0.949160495268627,-1.4392422700591863,0.4025477178675348,0.9427420847247316,0.393140059721274,0.1813900673734159,2.0313333979816,-0.8332131512306736,0.09673376682076111,0.5021565430502687,0.6728481569046653,0.01800255992661051,-2.253809382956174,0.23485317201464168,-0.08546883151525417,-1.058904312549668,-0.9747208324900958,2.3594029088138737,1.1039459143545707,0.6255731090827933,0.5072620893318305,0.3651294953478264,2.1845943458499573,0.5541503334137439,1.6459268054048415,2.128099482199125,0.55965824802170006,-1.5278435142923679,2.4487170055281178,2.11069948800968,0.5318538253224756,-1.9638570082724864,1.853904373428762,0.2978720508112379,2.3275441574921683,0.858102274161072,0.18846816268632127,2.0429698192270087,0.3918848890292223,-0.598851319842431,0.3277862855282594
-0.33317265896983844,-1.2534846061046028,1.008026621239676,0.4817479632962303,-0.7630792662086722,0.30365290109306975,0.6983138818128918,0.1449216544050783,0.0684982290335531,0.7270251345037438,-0.5698746521881479,-0.11864105253301378,-0.1283079288558119,0.6789735964813933,0.07105909284700725,-1.5983145178002842,0.19131618910100168,0.5657316304308224,-0.5275866973585879,-0.6341488667748816,1.1039459143545707,1.0063924282333856,0.027306537796136728,0.37022876700486174,-0.14920473624214348,1.3125092601792352,0.08711862805775583,0.8655068014086051,1.2719665498412085,0.7012988107015623,-0.7875847694589599,1.4569232163521213,1.1057431162770126,0.008161015216214946,-1.3887100722877717,0.7098968482485559,0.2003182184218246,1.321733826015242,0.6684360585128762,0.5579441518293052,1.1889603689167287,0.03264413322105473,-0.41997618090367084,-0.1456754670156456
0.12099616850999849,-0.30765923785457383,0.5297124642584229,0.4736209257666496,-0.4104616228502568,0.08701471465399434,0.42147123907095824,0.2147541404149314,0.12152419361863064,1.0654064979853033,-0.020075597695493642,0.05211668026167994,0.3566902476821815,0.2861035601624911,-0.07225859936874868,-0.673326076932599,0.04395843296118482,-0.4374106451410274,-0.4606401671495943,-0.16274751353903422,0.6255731090827933,0.027306537796136728,0.5135463024533128,0.015369471782591066,0.4191039695457491,0.665204682564209,0.07290753658112517,0.6998233796945768,0.6478504041375011,-0.11869849754930045,-0.6670364102042082,0.699017104591244,0.7501351067393659,0.4149925301517413,-0.5327844756668139,1.1081233503496182,0.20733672541804257,1.0260432299974909,0.16674535610359278,0.026527621097838523,0.5870687191986221,0.18128079939831562,-0.17141315323092343,0.3459961517207643
-0.23812177414468869,-0.5775709311548503,0.505188936851665,0.11891129777308382,-0.22955907915632293,0.036380449613286917,0.2737936698656799,0.09355662560496421,-0.029030824714768155,0.1336167924778022,-0.2903194637443667,-0.12368367603772389,-0.02866443195524989,0.198544508108136,5.396581215142991e-4,-0.6906079711083052,0.0832704801727226,0.21830789872084502,-0.13050357759367337,-0.34605077038233306,0.5072620893318305,0.37022876700486174,0.015369471782591066,0.24931433440705061,-0.14252679112482003,0.42958071450947566,0.04794524622463006,0.26773452610528814,0.4682120759481096,0.4288518115846678,-0.16354717501126687,0.5227763665856288,0.29055109167285204,-0.138423327794591,-0.5586594666529473,0.1502016555198773,0.06997476094005343,0.3184351822118853,0.3640912016911935,0.2817726290072365,0.22085815634838263,0.0031909361309925477,-0.2976957630183626,-0.22450025583697458
0.5677174503896686,-0.020758364317764472,0.27197693085272084,0.5076360927462482,-0.7122222326239604,0.23521629569885677,0.017231192027036487,0.18725613438687141,0.14378984973565856,1.2643692690368913,0.10212824454120313,0.1703939507784539,0.2131062057329579,0.23527838661700287,0.10362352776078645,-0.29679027020980503,-0.1141712737113857,-0.3902587915285058,-0.6402730586884351,-0.07757531108904797,0.3651294953478264,-0.14920473624214348,0.4191039695457491,-0.14252679112482003,0.6589552826925816,0.6593960201900427,0.14891806797538568,0.7648176084049844,0.5210292344097702,-0.8166918019756454,-1.0253017038389347,0.826815572345363,1.1745051911749496,0.6167644984497003,-0.3185074058719626,1.1276793612251603,0.22672543549436497,1.1870143120173815,-0.147824634412916,-0.4599324844192876,0.9447734291120385,0.2795644515978139,0.16288970685355225,0.7123567194977527
0.1434973905717746,-2.108225119426311,2.069019371038476,1.4798809645034354,-2.183658771632164,0.7991493105296605,1.2371831347174767,0.5554126117073996,0.28719272100218163,2.8985233936055206,-0.7015862819743434,-0.04652266858529207,0.03934542199309184,1.419939125697373,0.2102701331276767,-3.0638245711670096,0.16444317743676845,0.35178499169215444,-1.743837944865137,-1.129216211905373,2.1845943458499573,1.3125092601792352,0.665204682564209,0.42958071450947566,0.6593960201900427,3.000429995184113,0.2030758824433928,2.4367389295110304,2.7506522072371946,0.00235461284116461,-2.673749676839612,3.4210224176493638,3.355615880614909,0.7949796528788422,-2.6882200420479796,2.7393007640994855,0.6670793021924313,3.7796767759076872,0.9127063583543596,0.4057041409593812,3.0703924578725696,0.35757873801989004,-0.4858745345687685,0.6828701105966356
0.32132748529987776,0.12431001796854123,0.06329431358001722,0.03577777166651904,-0.28395494649534847,0.03042880651564695,-0.2337029215697605,-0.002113744550859902,0.020758892774293703,0.2987868263924956,-0.22806148491739792,0.20379709269075102,0.2566745618459382,-0.19721513395524776,0.06701179540232872,0.07433651671931991,-0.037688882276048795,-0.19083228994077386,-0.10377340344185826,-0.14329317352740145,0.5541503334137439,0.08711862805775583,0.07290753658112517,0.04794524622463006,0.14891806797538568,0.2030758824433928,0.4268391209831884,0.13618039463570064,0.18833524491212011,-0.1228589926444927,-0.1585456472803057,0.334203067913968,0.33208223703719897,0.18844035281164895,-0.03261672370305006,0.0872480971198865,-0.07402681288524726,0.0638414462191095,-0.035632042405596275,-0.4707516375739177,0.3686768276264937,0.2405969024751887,0.0346963193589836,0.2190422862854819
0.2977295699758001,-1.8030691991598213,1.7728419511850892,1.3553881384832518,-1.908890506907335,0.6381515493528306,0.9301462220414711,0.5847622788581298,0.32741783862389173,2.6691159717487194,-0.4833300264352784,-0.0937685301593317,0.04840864348494981,1.303866269739683,0.20861875660792667,-2.5258738751134513,0.03854740643643956,0.14157604526328157,-1.5913224183854298,-0.8906697905304797,1.6459268054048415,0.8655068014086051,0.6998233796945768,0.26773452610528814,0.7648176084049844,2.4367389295110304,0.13618039463570064,2.2017415053270546,2.276790413656671,-0.3035856078322538,-2.477419835807199,2.9094718375138484,2.9842547897585456,0.8040043682381848,-2.2516004211913687,2.521449754544599,0.7304886368367183,3.3726473156647785,0.7272996931867244,0.25371404986351637,2.535911017391521,0.41914625719704773,-0.37163429384547036,0.7581622833875319
0.05487068751150136,-2.4327857608934984,2.183584396257742,1.3939199506626843,-2.135693744705666,0.6806169655241163,1.088269719145035,0.8232610040869847,0.6189753507776746,2.6674540934140767,-0.8508963576398348,-0.2363945154670239,0.029509753031915487,1.2791605398462345,0.10742854857169996,-3.0022810118432526,0.2000167072844869,0.29999819650107545,-1.6292620341528234,-0.9280075145986173,2.128099482199125,1.2719665498412085,0.6478504041375011,0.4682120759481096,0.5210292344097702,2.7506522072371946,0.18833524491212011,2.276790413656671,2.818536487338011,0.3616053483373385,-2.5026838119052663,3.1621965535760865,3.0216645845468473,0.7258161773247604,-2.814640453185162,2.3058971693263013,0.8183880880892568,3.6080277741010165,1.2034526311773521,0.704894749933296,2.8144991231171117,0.403729201492328,-0.3870812545462013,0.6546545938014569
-1.0679717426989503,-0.9050555424047827,0.5560343728759406,-0.21069539024632827,0.5778722758903406,-0.2701371940603562,0.7198145169019828,0.06641270472641574,0.06646603317394764,-0.8296401178630582,-0.5046857445863957,-0.33534769263292535,0.060745291138653915,0.0862717247554051,-0.32014366076240197,-0.8392512295203731,0.376630201698464,0.32049110550031373,0.48982160076138964,-0.18388694686664836,0.55965824802170006,0.7012988107015623,-0.11869849754930045,0.4288518115846678,-0.8166918019756454,0.00235461284116461,-0.1228589926444927,-0.3035856078322538,0.3616053483373385,1.8422353591079415,0.8937786117687633,-0.2534633780255763,-1.0171710874761595,-0.6193696190433486,-0.6329207174712157,-0.6166269558044111,-0.05416197354067846,-0.5173138648817084,0.8517822134598992,1.2147661913128316,-0.6579162716833513,-0.2561562564732588,-0.6278095821768125,-0.9434715250054174
-0.7122661493151707,1.9316381579679143,-1.8070409207198384,-1.533091498199624,2.4777624422829576,-0.8509406160798489,-0.607940677875317,-0.7756904704076638,-0.5555268809740056,-3.1123927394839668,0.46773610217894984,0.0996911353325893,0.15548513119890398,-1.3613057763013143,-0.3554480637677165,2.4821227294359285,0.0853475147599549,-0.22812015769092503,1.951063588608485,0.810292260816481,-1.5278435142923679,-0.7875847694589599,-0.6670364102042082,-0.16354717501126687,-1.0253017038389347,-2.673749676839612,-0.1585456472803057,-2.477419835807199,-2.5026838119052663,0.8937786117687633,3.1179105965955025,-3.303296104019111,-3.677236904030788,-1.065805644949963,2.413319249426715,-2.6675790782217623,-0.9225208882517346,-3.9540091057610938,-0.6480069914980775,0.002383692191220683,-3.150686599038121,-0.543586186021295,-7.399505476094052e-4,-1.2153268745809036
0.3626389648990651,-2.582389133816483,2.4689693284202,1.720256915895439,-2.7355521131646423,0.923954499026211,1.1300918512721343,0.7119886541636298,0.3324240924744056,3.361111973326339,-0.8939131025691563,-0.12358816496874174,-0.08991503351796067,1.70702673106941,0.3853667926714549,-3.5232831982873063,0.05469706677585114,0.5441467816792193,-2.115976933622342,-1.4369770592804818,2.4487170055281178,1.4569232163521213,0.699017104591244,0.5227763665856288,0.826815572345363,3.4210224176493638,0.334203067913968,2.9094718375138484,3.1621965535760865,-0.2534633780255763,-3.303296104019111,4.169964533302551,4.143556971880032,0.8943815990137107,-3.1667820886076234,3.0665026298484994,0.8907160532273646,4.3981781139172575,1.0632594451177395,0.2599461322361923,3.580086590524689,0.5552091083986576,-0.5563040574713991,0.8415946453595787
0.8353239442873042,-2.217674228062941,2.1844868314147727,1.8017764321518106,-2.9871998864455835,1.0482850220220432,0.7777618974010634,0.7732335063263691,0.4559394777149888,3.702143640668691,-0.6547972404586164,-0.007546775840345227,-0.1335405475209377,1.604667267408557,0.4778590205022161,-3.064250345495485,-0.08742012212128436,0.35492148293855375,-2.319065422001785,-1.1955859699045137,2.11069948800968,1.1057431162770126,0.7501351067393659,0.29055109167285204,1.1745051911749496,3.355615880614909,0.33208223703719897,2.9842547897585456,3.0216645845468473,-1.0171710874761595,-3.677236904030788,4.143556971880032,4.499957954220513,1.2056227454057327,-2.889197856651182,3.2300715058038936,0.9541303518809785,4.642592335418499,0.7252337142789353,-0.16847927693155282,3.868894061913868,0.6529892185463442,-0.14225868766838387,1.3342907822916965
0.5387916915397856,-0.1616371191580472,0.3371440768964489,0.5471835782753676,-0.7978340217081884,0.2769142232398351,0.07589007684414116,0.24987961691675384,0.30152264192956496,1.3414203875851265,-9.025164794167354e-4,0.1814944549973203,0.24799381194838005,0.22507514659539318,0.0595142672856594,-0.39268887800613195,-0.04763685999180092,-0.38709914354922903,-0.6658542937777826,-0.0029733996228465793,0.5318538253224756,0.008161015216214946,0.4149925301517413,-0.138423327794591,0.6167644984497003,0.7949796528788422,0.18844035281164895,0.8040043682381848,0.7258161773247604,-0.6193696190433486,-1.065805644949963,0.8943815990137107,1.2056227454057327,0.6911123620327657,-0.48644101410379514,1.1083085774160835,0.24993645080992208,1.344228777786386,-0.029551162128985585,-0.3369938731597488,1.162558978932026,0.2879364711308302,0.23706612771014196,0.7800140861914759
0.19763413288275516,2.7861067719548833,-2.332336713943289,-1.3607913910621523,2.0352330992792367,-0.6295098101780686,-1.1917794604574001,-0.8441413906603862,-0.5773122893480918,-2.383036953027173,0.9108161170618786,0.42969509067532374,0.1837130711311333,-1.4924573399102161,-0.12282886359482449,3.2625844875864662,-0.20644364288882994,-0.5922729906639105,1.5651979198366057,1.037893244249651,-1.9638570082724864,-1.3887100722877717,-0.5327844756668139,-0.5586594666529473,-0.3185074058719626,-2.6882200420479796,-0.03261672370305006,-2.2516004211913687,-2.814640453185162,-0.6329207174712157,2.413319249426715,-3.1667820886076234,-2.889197856651182,-0.48644101410379514,3.0040186052494797,-2.1270328572397,-0.9090587696335631,-3.538072801545473,-1.393416300967194,-1.0334589666552418,-2.5789486802897397,-0.3297220472122221,0.5690479477427958,-0.37150408012582753
0.3249547319046966,-1.3697010645449754,1.7647154671143517,1.612243009683283,-1.7992520190145607,0.6650182535158874,1.423016556656854,0.396211441717496,0.06503114467559347,3.328065687607952,-0.1664376274538495,0.13651158636400695,0.42527681513479826,1.474903165137935,0.12770882791203148,-2.7061106082379385,0.07580661896912345,-0.31854328316211666,-1.7491875462123856,-0.9624874942259705,1.853904373428762,0.7098968482485559,1.1081233503496182,0.1502016555198773,1.1276793612251603,2.7393007640994855,0.0872480971198865,2.521449754544599,2.3058971693263013,-0.6166269558044111,-2.6675790782217623,3.0665026298484994,3.2300715058038936,1.1083085774160835,-2.1270328572397,3.543086460423833,0.6363224622896873,3.8004482131923782,0.46175238286512615,0.07845148772339111,2.691727356932128,0.3891496110943164,-0.5812035576562581,0.9183607352898484
0.09074332296113015,-0.942067154634249,0.7024268784694786,0.468975360926642,-0.7188729431253584,0.17643641484482883,0.1722798247572091,0.4339878230409466,0.36921714411221584,0.8215894941441583,-0.19204347796587387,-0.24076617152454916,-0.14108486624178432,0.49137185281391194,0.05200234178550668,-0.8641356110974229,-0.020105176882220164,0.11058097342266537,-0.5638888054517771,-0.14834561035068566,0.2978720508112379,0.2003182184218246,0.20733672541804257,0.06997476094005343,0.22672543549436497,0.6670793021924313,-0.07402681288524726,0.7304886368367183,0.8183880880892568,-0.05416197354067846,-0.9225208882517346,0.8907160532273646,0.9541303518809785,0.24993645080992208,-0.9090587696335631,0.6363224622896873,0.46988008038081686,1.2189233594776474,0.43325938578562545,0.32303074650523017,0.743528391137309,0.17235280565382924,-0.009470255719171377,0.30654923613341506
0.4926912277459314,-2.870362607325505,2.6682430857977586,2.129635326035732,-3.0668471891592826,1.0815087950412157,1.3958973343544263,1.0334385964732271,0.7520343459554315,4.1709427862587996,-0.6833019843713943,-0.19646735521057557,-0.061628604428018124,1.9910055267967937,0.2837787784102856,-3.818982348446184,0.08946417129524993,0.2620336006498961,-2.520988686521272,-1.1155244077176087,2.3275441574921683,1.321733826015242,1.0260432299974909,0.3184351822118853,1.1870143120173815,3.7796767759076872,0.0638414462191095,3.3726473156647785,3.6080277741010165,-0.5173138648817084,-3.9540091057610938,4.3981781139172575,4.642592335418499,1.344228777786386,-3.538072801545473,3.8004482131923782,1.2189233594776474,5.427605315907198,1.1505908499231297,0.5590177916060235,4.121114457824765,0.5826092588929747,-0.2852109130941949,1.3569198651723138
-0.3991612428281824,-1.4978661089605634,1.1398723577430525,0.4294844484531805,-0.6405515982063388,0.1056994907470367,0.5587114340685251,0.48723236607699166,0.37450572041273794,0.5929720677851652,-0.5521126291392635,-0.3788003455723441,-0.08423701785684114,0.5427860273021038,-0.07390577590006056,-1.4786118926705452,0.1753634945689719,0.3047401207743912,-0.4365333441431863,-0.3898678343776744,0.858102274161072,0.6684360585128762,0.16674535610359278,0.3640912016911935,-0.147824634412916,0.9127063583543596,-0.035632042405596275,0.7272996931867244,1.2034526311773521,0.8517822134598992,-0.6480069914980775,1.0632594451177395,0.7252337142789353,-0.029551162128985585,-1.393416300967194,0.46175238286512615,0.43325938578562545,1.1505908499231297,0.9127079117721845,0.8479671479340081,0.6659916388610603,0.08089487043468466,-0.3650303398213241,-0.13488126270694079
-0.8715203866328032,-1.3049271973133327,0.7984156530639867,0.19640874184368937,0.0548769891839945,-0.032637991472766845,0.8288334445444042,0.32089945694549926,0.26201650665927695,-0.1091290327519082,-0.2631987262054121,-0.5053463241697193,-0.24766344475240873,0.5668103818551816,-0.22304652002816092,-1.2448782048167923,0.2750440896201065,0.4283214467371031,-0.037253401320077775,-0.12247249349424878,0.18846816268632127,0.5579441518293052,0.026527621097838523,0.2817726290072365,-0.4599324844192876,0.4057041409593812,-0.4707516375739177,0.25371404986351637,0.704894749933296,1.2147661913128316,0.002383692191220683,0.2599461322361923,-0.16847927693155282,-0.3369938731597488,-1.0334589666552418,0.07845148772339111,0.32303074650523017,0.5590177916060235,0.8479671479340081,1.3620867008224609,-0.08137496590193698,-0.2533543725379229,-0.4275208846057355,-0.5345009192932308
0.7254100264608246,-1.8987566850763822,1.813722878727338,1.560319179631307,-2.656470783755817,1.0038939466057348,0.7210041892231046,0.6628454811579086,0.5763239880903895,3.25246305859641,-0.6718638037379102,0.10834014019667776,-0.05120205724098481,1.2664575681578434,0.35501696028969937,-2.6085779132474802,0.03529397417315855,0.3083315832314512,-1.9912327514332562,-0.8707793093722832,2.0429698192270087,1.1889603689167287,0.5870687191986221,0.22085815634838263,0.9447734291120385,3.0703924578725696,0.3686768276264937,2.535911017391521,2.8144991231171117,-0.6579162716833513,-3.150686599038121,3.580086590524689,3.868894061913868,1.162558978932026,-2.5789486802897397,2.691727356932128,0.743528391137309,4.121114457824765,0.6659916388610603,-0.08137496590193698,3.7108230359814622,0.5370242919450678,0.07566264781158684,1.2808664184283185
0.3467892743998375,-0.23083011835413764,0.2742073700409359,0.24648735521682316,-0.4849990510876394,0.09298432253390676,-0.14244786439866106,0.191744352095157,0.1826078363749903,0.6106797212558018,-0.1624013792457188,0.05589081372089627,0.12327911201812755,0.08390985478084885,0.0807987276249228,-0.2124561907924164,-0.07061112845873536,-0.15904311804965068,-0.3371445511034844,-0.11086195031394915,0.3918848890292223,0.03264413322105473,0.18128079939831562,0.0031909361309925477,0.2795644515978139,0.35757873801989004,0.2405969024751887,0.41914625719704773,0.403729201492328,-0.2561562564732588,-0.543586186021295,0.5552091083986576,0.6529892185463442,0.2879364711308302,-0.3297220472122221,0.3891496110943164,0.17235280565382924,0.5826092588929747,0.08089487043468466,-0.2533543725379229,0.5370242919450678,0.2744264810993614,0.0687376816089936,0.3624949133814027
0.5224074925231239,0.5372720972056081,-0.6114003331023208,-0.1813951092028623,-0.09781172524017304,0.07592041056153787,-0.716605555610706,0.11065860921285949,0.3493695479170298,-0.153293288734056,0.1924393210730911,0.11273316204374148,-0.11807494526794919,-0.4744513114342006,0.047257420369145355,1.022891986000475,-0.1253338534050086,-0.1625207926728919,0.052088021953847666,0.5778449581193578,-0.598851319842431,-0.41997618090367084,-0.17141315323092343,-0.2976957630183626,0.16288970685355225,-0.4858745345687685,0.0346963193589836,-0.37163429384547036,-0.3870812545462013,-0.6278095821768125,-7.399505476094052e-4,-0.5563040574713991,-0.14225868766838387,0.23706612771014196,0.5690479477427958,-0.5812035576562581,-0.009470255719171377,-0.2852109130941949,-0.3650303398213241,-0.4275208846057355,0.07566264781158684,0.0687376816089936,0.7520069133476704,0.5235718048092752
0.7999843656837378,-0.07937601919332239,0.1967029461518402,0.5239721355650786,-0.9751349031830049,0.33529279214774244,-0.2586731828375962,0.34707547273072537,0.44791000764923405,1.3634495794426276,0.02930941823793221,0.18888319261651057,0.14236698435426415,0.09708383377741382,0.12481976387054299,-0.08935578134220289,-0.13134625949532558,-0.39167247762242796,-0.7366879052931762,0.1442543554017307,0.3277862855282594,-0.1456754670156456,0.3459961517207643,-0.22450025583697458,0.7123567194977527,0.6828701105966356,0.2190422862854819,0.7581622833875319,0.6546545938014569,-0.9434715250054174,-1.2153268745809036,0.8415946453595787,1.3342907822916965,0.7800140861914759,-0.37150408012582753,0.9183607352898484,0.30654923613341506,1.3569198651723138,-0.13488126270694079,-0.5345009192932308,1.2808664184283185,0.3624949133814027,0.5235718048092752,1.0144837810640124
