V1,V2,V3,V4,V5,V6,V7,V8,V9,V10,V11,V12,V13,V14,V15,V16,V17,V18,V19,V20,V21,V22,V23,V24,V25,V26,V27,V28,V29,V30,V31,V32,V33,V34,V35,V36,V37,V38,V39,V40,V41,V42,V43,V44
402.13848323521125,-279.20940807193847,-846.6995388184544,433.348615238604,907.5641544049492,-185.3956050363049,7.789231866372444,-960.7442053858422,267.01045106105477,-154.64618910433873,-378.57727256342645,580.4196176604122,52.73559120732774,2018.2734685816843,492.91019072674186,71.94370349907881,-232.58320545115112,671.7736159014063,261.1438918892439,166.91100722955363,-497.1992077804588,1250.9132234893457,-284.1180508545097,-848.4447679111088,-90.02434165962615,-246.56632066717518,690.0069069654786,564.8323597745348,-231.02043865865255,733.3190838310634,9.97975989383397,299.42235856149796,-217.99694843160412,636.2684522487759,-376.98941674325096,314.4534328654377,375.6690678302709,440.3388958151259,-166.26547172138916,-70.96908829951097,649.9671570999152,964.5130081203155,-450.272950977476,234.22680354270577
-279.20940807193847,195.1029358682348,589.4257451091892,-301.8376971357194,-632.3984299259623,130.18851658105874,-5.756027224642307,669.9955736153715,-186.59018256849077,107.60125290972726,263.8335925341718,-403.3140341374137,-37.33121622902692,-1407.5361263038355,-343.52841925232775,-49.45823521228607,162.3600692902923,-469.21665014589206,-182.95684254424626,-117.28170440586642,347.09174005993873,-872.6858460690185,198.71932078842312,591.7682090581613,62.53112296216977,172.49627282797846,-481.431240188021,-393.6562967689329,160.93644857204882,-510.98139297203664,-6.328975594167644,-209.19614042453438,152.42036068792837,-444.78631837892084,262.7778773717577,-220.00215041494516,-263.1443369667391,-307.30757414082734,114.71144601083289,49.59600253708049,-453.43657632972725,-671.3605946028453,314.7023071068484,-163.04294991532862
-846.6995388184544,589.4257451091892,1784.9373324265573,-913.6845216418942,-1914.201090617924,392.23030896087266,-16.953447919077114,2026.843675743297,-563.6519002533842,325.71370744028025,798.3288006553996,-1222.7568599903063,-112.11404670260663,-4257.8581616265565,-1039.6951355786953,-151.0623603224812,490.7042387548277,-1418.136900875605,-552.1780179618571,-353.2372447790607,1049.2605806724307,-2639.2711737138884,600.161121777514,1789.8107699427728,189.60754266353723,520.8878050329629,-1455.964278721863,-1191.240535320595,487.30559227409833,-1546.533522951545,-20.036943298854865,-632.1689615814296,460.4919708659688,-1343.7485826211382,795.0926039501287,-664.444134081888,-793.9239428509286,-929.1435580245296,349.0879032672805,149.64433538186125,-1371.3585927293257,-2033.036246108447,950.8525445396422,-493.7875904433216
433.348615238604,-301.8376971357194,-913.6845216418942,467.9183585024647,979.9127114479287,-200.95965412329636,8.867865973042793,-1037.743649950733,288.6720511131579,-166.77565857472143,-408.65153487802803,625.7616008809504,57.43209016199535,2180.128733610749,532.1221179167801,76.95273595911932,-251.39868065750485,725.9785572079879,282.6109542856817,180.9632477651397,-537.4011233429031,1351.3263736956046,-307.1390468799691,-916.6141274203574,-96.94562061271839,-266.69160080435677,745.3217078702222,609.9842043551105,-249.35292621025212,791.7187865124884,10.391592301038948,323.6561092985517,-235.76979927250588,688.0764272154768,-407.09724072665136,340.50192736951055,406.6926444072602,475.9679824541037,-178.72462815556926,-76.74313487716324,702.078578923554,1040.8192405292443,-486.9913473970806,252.70919135061553
907.5641544049492,-632.3984299259623,-1914.201090617924,979.9127114479287,2053.3236024768353,-421.2330995349607,18.4956186396725,-2174.278772830007,604.7554570634088,-349.11081838921746,-856.1891238036128,1311.0148050697055,120.67520555080293,4567.575015950945,1115.2297451643408,161.76765057810712,-526.3934453962477,1521.6363948067813,592.8389286086214,379.3629423470481,-1125.7237455946508,2831.313463407612,-644.0737940896981,-1919.9432504735616,-203.25098279632837,-559.0377236751183,1561.9492473766636,1277.7962338567615,-522.7254201618988,1658.8118250629036,21.078379622116877,678.3261767906201,-494.2481284891851,1442.0843433318255,-852.7952234406926,713.3158959468299,852.2057695595977,996.8088306752358,-373.8156225433172,-160.44679881843572,1471.1258762119662,2180.152717203466,-1020.4199792149088,529.5523551208953
-185.3956050363049,130.18851658105874,392.23030896087266,-200.95965412329636,-421.2330995349607,87.30283192260623,-4.131952889351887,446.5158337771026,-124.5297846707819,71.54073898804894,175.67973507780178,-267.98977915396335,-25.21358329727132,-938.1099942168615,-228.77012076679173,-32.52044981003134,108.30031371954603,-313.05900913634616,-122.31778785654936,-78.61543731168015,231.53330173425647,-581.7606624241969,132.6608125939346,394.48022908319507,41.50383059676692,115.21254069111944,-320.94379278769884,-262.32220437377157,107.13575284514098,-340.3049315458215,-3.9281656736466517,-139.5966476405258,101.78211796674705,-296.98818825345086,175.029298103247,-147.1149898033405,-175.98782666388152,-204.972033378478,75.83548009625265,33.080712440081925,-302.23155365724205,-446.72034837432483,210.12895629077516,-108.4942632967755
7.789231866372444,-5.756027224642307,-16.953447919077114,8.867865973042793,18.4956186396725,-4.131952889351887,0.5537386116578829,-19.675404558118018,5.513325459963214,-2.9979674114350168,-7.543195716628091,11.39117618363072,1.325280703968309,41.44781522211214,9.869153194768991,1.0317798738411257,-4.84896404608385,13.766051141970141,5.454373300416367,3.6597354541250953,-10.365117333227472,25.6288722332321,-5.747750345825251,-17.53398815970733,-1.6476330966877328,-5.131491176069059,14.034151971796577,11.648537813592032,-4.621689152624368,14.840703316227609,0.13020897903470932,6.180426471982099,-4.564494902536817,13.328417377267197,-7.647864800012016,7.008676360445448,8.053982995472474,9.269931054534565,-3.1530861780824955,-1.448752859682406,13.226757934306406,19.333528334497014,-9.533891197039392,4.667894167492042
-960.7442053858422,669.9955736153715,2026.843675743297,-1037.743649950733,-2174.278772830007,446.5158337771026,-19.675404558118018,2302.758180181324,-640.7567331123098,369.79545669598855,906.7637350039964,-1387.779912315917,-127.92827369059326,-4837.557208062661,-1180.9413276570074,-170.84099859865665,557.722204077647,-1611.8263413922584,-628.0545636105619,-402.1498007160499,1192.5106035312642,-2998.8438969088297,682.3122114099657,2033.6283898166105,215.13393429397303,592.2674676297356,-1654.3098119057504,-1353.2499788658006,553.409815685417,-1756.6446057458686,-22.25674199732501,-718.5516966520718,523.554640292019,-1527.6803906338973,903.1842908219392,-755.7139911332321,-903.1122314168467,-1055.92495982152,395.4889199697058,170.1456604137454,-1558.1509919210628,-2308.562187238563,1080.9913610595236,-560.6697581726545
267.01045106105477,-186.59018256849077,-563.6519002533842,288.6720511131579,604.7554570634088,-124.5297846707819,5.513325459963214,-640.7567331123098,178.48226237939136,-102.92287029757522,-252.3082637658186,385.66895221451017,35.68974586807129,1346.1176229613989,328.49988045499117,47.24264639383178,-155.32539425462934,448.7356718556398,174.9278617428337,112.16917961666486,-331.9911132756147,834.6112563925369,-190.0219363793587,-565.9985750415804,-59.78927486913106,-164.95440214254762,460.4011682261495,376.5019726304044,-153.8641679709744,488.66825981552824,6.107363685048012,200.05179866749327,-145.76645389818663,425.37524370409426,-251.30697100751775,210.42551633494352,251.68144530500223,293.92915891565065,-109.72081087663108,-47.47849782438087,433.6436139370146,642.0559716891984,-300.9776894164771,155.89614510599299
-154.64618910433873,107.60125290972726,325.71370744028025,-166.77565857472143,-349.11081838921746,71.54073898804894,-2.9979674114350168,369.79545669598855,-102.92287029757522,59.649376965433326,145.76355400439297,-223.0835221927591,-20.30832216896455,-776.9170974433172,-189.61478049046005,-27.443431582024157,89.67508700496478,-258.71822678564297,-100.52839383255142,-64.38981947554666,191.52468308503677,-481.6560579965173,109.43980496118112,326.7532431440804,34.60327731358359,94.97688030687715,-265.63321664882034,-217.41751335048522,88.78407719283786,-282.19536816339553,-3.891066530014014,-115.3198468038802,83.9105085243156,-245.0216034419698,145.121777975097,-121.05618205486111,-144.8467598026845,-169.6094682284579,63.867110316051814,27.474883751300307,-250.25211808684645,-371.1290227714397,173.39772875399925,-90.08455633389065
-378.57727256342645,263.8335925341718,798.3288006553996,-408.65153487802803,-856.1891238036128,175.67973507780178,-7.543195716628091,906.7637350039964,-252.3082637658186,145.76355400439297,357.2011224435572,-546.6941157088938,-50.221529958321156,-1904.8779845232507,-465.10870473766226,-67.44620028681369,219.6048945106633,-634.696960191366,-247.20738707948877,-158.23098143820735,469.5057738331248,-1180.9110263379587,268.7009038600351,800.7715336700369,84.80943779090602,233.17044300120511,-651.4880432407685,-532.8690803520465,217.94264844374382,-691.812094243142,-8.853700001338444,-282.92909269136254,206.0771363045743,-601.3817349462952,355.7019667468289,-297.2535562332404,-355.4613533112222,-415.6994712024388,155.8948068967604,67.03609890740331,-613.6164838698895,-909.3034957286526,425.49315191399916,-220.85209627404024
580.4196176604122,-403.3140341374137,-1222.7568599903063,625.7616008809504,1311.0148050697055,-267.98977915396335,11.39117618363072,-1387.779912315917,385.66895221451017,-223.0835221927591,-546.6941157088938,838.147106620264,76.4921705141428,2915.2637221603286,712.0797119783499,103.99462531340284,-335.81949383324496,970.6075175764144,377.68606384966455,241.33447733349308,-718.162634377939,1806.8589741434525,-410.65487975001207,-1225.3043706098233,-130.00157097250556,-356.3483669068476,996.7699716245143,815.7189593334988,-333.8224475944611,1059.175321926486,13.981171671434353,432.62763431271037,-315.1153120520336,919.4693109150629,-544.4445892906974,454.513719400239,542.8622341128681,635.9605204981766,-239.68059906640212,-102.33075811869448,938.8755896819545,1392.7005580613625,-650.6348880068955,338.2794468657013
52.73559120732774,-37.33121622902692,-112.11404670260663,57.43209016199535,120.67520555080293,-25.21358329727132,1.325280703968309,-127.92827369059326,35.68974586807129,-20.30832216896455,-50.221529958321156,76.4921705141428,7.4694070802917,268.73897096818433,65.54984025727846,9.273154037874288,-30.967419645654275,89.88931133267316,35.37090111511581,22.731616833116647,-66.35699206082786,166.6762013369689,-38.1867835357279,-112.90003657429142,-11.836365190833249,-33.15632237178021,91.99936794722194,75.05807835251986,-30.73777725649767,97.40988475611691,0.8348914012843273,40.0970339093861,-29.315459338671754,85.39936378575746,-50.0673468159031,42.40234846061945,50.650845805804494,58.708249356141145,-21.351594127480627,-9.37961061911045,86.60496599834453,127.57115870536603,-60.39878334694396,31.02558600030124
2018.2734685816843,-1407.5361263038355,-4257.8581616265565,2180.128733610749,4567.575015950945,-938.1099942168615,41.44781522211214,-4837.557208062661,1346.1176229613989,-776.9170974433172,-1904.8779845232507,2915.2637221603286,268.73897096818433,10162.679798524803,2480.7474597889677,358.6640157346397,-1171.7488215007452,3386.005755392621,1319.2682002783847,844.8461633816154,-2505.2903636699452,6299.926240267505,-1433.268257831998,-4272.36230749348,-451.87337945293666,-1244.1873746754052,3475.256715053731,2842.960062236891,-1162.4817144106041,3690.2617679730606,46.891108684112275,1509.5002199844234,-1099.821463747499,3209.285310856054,-1897.3923798644894,1587.7037891663692,1897.3212547005467,2218.410602387204,-830.8963349837042,-357.51756139014776,3273.2876169254296,4849.76215365316,-2270.9647345272783,1177.8005046892217
492.91019072674186,-343.52841925232775,-1039.6951355786953,532.1221179167801,1115.2297451643408,-228.77012076679173,9.869153194768991,-1180.9413276570074,328.49988045499117,-189.61478049046005,-465.10870473766226,712.0797119783499,65.54984025727846,2480.7474597889677,605.8635146859967,88.0511426298869,-285.83911074728576,826.6477016969696,322.18885995010527,206.10017032980397,-611.3557864684345,1537.8416363998963,-350.0366674978351,-1042.6448648831604,-110.4737465681253,-303.7260601945291,848.4888572187798,693.8856194233858,-283.9888197357282,900.9924529554854,11.278297196131929,368.49278002953633,-268.50122726064825,783.3407268689072,-463.1916070038496,387.24116423578164,462.88632299552427,541.2528590567189,-202.86570177355395,-87.12085140606402,799.119368123268,1184.0663433082686,-554.1987784054166,287.6457718513179
71.94370349907881,-49.45823521228607,-151.0623603224812,76.95273595911932,161.76765057810712,-32.52044981003134,1.0317798738411257,-170.84099859865665,47.24264639383178,-27.443431582024157,-67.44620028681369,103.99462531340284,9.273154037874288,358.6640157346397,88.0511426298869,13.619210139841336,-41.02978014912437,119.45922536427453,46.51805371118291,29.345145145929152,-88.03110782929375,222.258243417839,-50.65508854409885,-150.39127038239204,-16.269642638665335,-43.75470008252938,122.81632069243413,100.3012698027889,-41.3964806625408,130.64772676208176,1.6057960529894058,53.184771549217736,-38.74096624240527,112.84816321957827,-67.02723536923888,55.357095671536875,66.2197443378073,77.830380201255693,-29.767158337404403,-12.353537984220106,115.61495777747578,171.84752008506788,-79.71376705922124,41.864391979392266
-232.58320545115112,162.3600692902923,490.7042387548277,-251.39868065750485,-526.3934453962477,108.30031371954603,-4.84896404608385,557.722204077647,-155.32539425462934,89.67508700496478,219.6048945106633,-335.81949383324496,-30.967419645654275,-1171.7488215007452,-285.83911074728576,-41.02978014912437,135.27724713441043,-390.3847644624195,-151.9915922016607,-97.49708674866487,289.0165168180826,-726.4272696309247,165.18676063227628,492.804345904684,52.014705333848774,143.44972864227788,-400.6138927444616,-327.83308664914074,133.850553708986,-425.3777641371975,-5.558827791905182,-174.0403499399108,126.77793956945443,-370.05304244850277,218.7677342642418,-183.16958382905514,-218.94038629013073,-255.94874864883934,95.78006090844272,41.3934010246608,-377.3899293090341,-559.072584598024,261.9093117225002,-135.69336231193878
671.7736159014063,-469.21665014589206,-1418.136900875605,725.9785572079879,1521.6363948067813,-313.05900913634616,13.766051141970141,-1611.8263413922584,448.7356718556398,-258.71822678564297,-634.696960191366,970.6075175764144,89.88931133267316,3386.005755392621,826.6477016969696,119.45922536427453,-390.3847644624195,1128.9022388008864,440.2922561138326,282.0108176304858,-834.8113994524782,2099.329211926273,-478.1820643789724,-1423.3197227355472,-150.55459191749745,-414.9531906401685,1158.2681853159738,946.9790024685448,-387.3459745722394,1229.3937960349963,15.03422104833042,503.25507305829063,-366.7376492045758,1069.983210230359,-632.0924725979154,529.0933942855005,632.778842872543,739.0138593853902,-275.951783341086,-119.09741579037339,1090.8492608607312,1615.0940153713686,-756.9633319220288,392.3272000663653
261.1438918892439,-182.95684254424626,-552.1780179618571,282.6109542856817,592.8389286086214,-122.31778785654936,5.454373300416367,-628.0545636105619,174.9278617428337,-100.52839383255142,-247.20738707948877,377.68606384966455,35.37090111511581,1319.2682002783847,322.18885995010527,46.51805371118291,-151.9915922016607,440.2922561138326,172.20184747216004,110.2973814702676,-325.28725173643795,818.0546774790768,-186.74001519922376,-554.3446810300493,-58.61591637976005,-162.0071885238324,451.5041169778018,368.7379115288038,-151.0384168619895,478.8776982016256,5.295684058418415,196.3055529375135,-143.17353223833334,417.4985993662907,-246.20528480454834,206.4463214473182,247.00894997715113,287.8633759304161,-106.80090841513865,-46.26816712901052,425.13485686570215,628.6430051683408,-295.2631375171301,152.7923925675495
166.91100722955363,-117.28170440586642,-353.2372447790607,180.9632477651397,379.3629423470481,-78.61543731168015,3.6597354541250953,-402.1498007160499,112.16917961666486,-64.38981947554666,-158.23098143820735,241.33447733349308,22.731616833116647,844.8461633816154,206.10017032980397,29.345145145929152,-97.49708674866487,282.0108176304858,110.2973814702676,70.86357490282123,-208.4962077776651,523.939479883639,-119.57803495626531,-355.1888245778952,-37.398476368098244,-103.8287167830963,289.088797712972,236.1501417076844,-96.54280988176065,306.4786535681814,3.4187487343173237,125.76060953850764,-91.71945915632789,267.561080677044,-157.64336723487745,132.47870478658285,158.54235576084776,184.55022761685825,-68.17698571928918,-29.772198725014984,272.2272091246442,402.2627502006316,-189.2751512642478,97.70846118979075
-497.1992077804588,347.09174005993873,1049.2605806724307,-537.4011233429031,-1125.7237455946508,231.53330173425647,-10.365117333227472,1192.5106035312642,-331.9911132756147,191.52468308503677,469.5057738331248,-718.162634377939,-66.35699206082786,-2505.2903636699452,-611.3557864684345,-88.03110782929375,289.0165168180826,-834.8113994524782,-325.28725173643795,-208.4962077776651,617.7904136621038,-1553.1201538907662,353.3604848091557,1053.3812280146462,111.27194255865373,306.8050823892782,-856.6727798164964,-700.8353628356064,286.40296688918784,-909.552003709397,-11.557266999439102,-372.17714129061636,271.184369765396,-791.3684177167013,467.70744870295147,-391.6604677662169,-468.0697134879006,-547.0564809846293,204.5883221425823,88.27090423825169,-806.922756433814,-1195.223082425834,560.0291333428268,-290.2045506018536
1250.9132234893457,-872.6858460690185,-2639.2711737138884,1351.3263736956046,2831.313463407612,-581.7606624241969,25.6288722332321,-2998.8438969088297,834.6112563925369,-481.6560579965173,-1180.9110263379587,1806.8589741434525,166.6762013369689,6299.926240267505,1537.8416363998963,222.258243417839,-726.4272696309247,2099.329211926273,818.0546774790768,523.939479883639,-1553.1201538907662,3905.556786469254,-888.7526290264515,-2648.4846044101296,-280.12196814775007,-771.4413453317419,2154.5059092573506,1762.293421027759,-720.5864715701276,2287.5613699938203,28.90725685435607,935.8837748697506,-681.867430737187,1989.7084973523702,-1176.1959193898417,984.188477589486,1176.4477939246228,1375.1907463131074,-514.754410585089,-221.69454229059963,2029.2622807488383,3006.147057151803,-1407.8880258623844,730.0840309453266
-284.1180508545097,198.71932078842312,600.161121777514,-307.1390468799691,-644.0737940896981,132.6608125939346,-5.747750345825251,682.3122114099657,-190.0219363793587,109.43980496118112,268.7009038600351,-410.65487975001207,-38.1867835357279,-1433.268257831998,-350.0366674978351,-50.65508854409885,165.18676063227628,-478.1820643789724,-186.74001519922376,-119.57803495626531,353.3604848091557,-888.7526290264515,202.72703481144427,602.3461268941875,63.76301499442792,175.83762291114178,-490.47654363463386,-400.69912431804414,164.0392315268306,-520.3756178573974,-6.057544822666429,-213.1672425408971,155.3767828619671,-453.21595668310607,267.5425664841024,-223.9445960097239,-268.0682198722945,-312.7132690530536,116.42785832655983,50.36696523412337,-461.8759010731909,-683.3891882342526,320.5306342135482,-166.06130921825186
-848.4447679111088,591.7682090581613,1789.8107699427728,-916.6141274203574,-1919.9432504735616,394.48022908319507,-17.53398815970733,2033.6283898166105,-565.9985750415804,326.7532431440804,800.7715336700369,-1225.3043706098233,-112.90003657429142,-4272.36230749348,-1042.6448648831604,-150.39127038239204,492.804345904684,-1423.3197227355472,-554.3446810300493,-355.1888245778952,1053.3812280146462,-2648.4846044101296,602.3461268941875,1796.3618990077186,189.85990538847736,522.9775489004523,-1460.8395332902614,-1195.2825661450956,488.48146071200125,-1551.2628078152757,-19.992746191509102,-634.5339669738094,462.2660910158808,-1349.0817906667583,797.6676145994365,-667.5793334967204,-797.7460494791384,-932.8347908659852,349.4300614425987,150.49556105355455,-1376.0112231167675,-2038.823404945176,954.7332960035349,-495.0438989452797
-90.02434165962615,62.53112296216977,189.60754266353723,-96.94562061271839,-203.25098279632837,41.50383059676692,-1.6476330966877328,215.13393429397303,-59.78927486913106,34.60327731358359,84.80943779090602,-130.00157097250556,-11.836365190833249,-451.87337945293666,-110.4737465681253,-16.269642638665335,52.014705333848774,-150.55459191749745,-58.61591637976005,-37.398476368098244,111.27194255865373,-280.12196814775007,63.76301499442792,189.85990538847736,20.21507129717776,55.2652890951609,-154.5975395913018,-126.39902517317046,51.79571528866233,-164.22982514211648,-2.1033940070038626,-67.08885631862947,48.85780086711872,-142.53181533147355,84.40315533919173,-70.2980167401184,-84.11099938823526,-98.48075309948588,37.11723472624334,15.844147426271123,-145.59464560448345,-215.9169911374836,100.80162106935707,-52.47303185886759
-246.56632066717518,172.49627282797846,520.8878050329629,-266.69160080435677,-559.0377236751183,115.21254069111944,-5.131491176069059,592.2674676297356,-164.95440214254762,94.97688030687715,233.17044300120511,-356.3483669068476,-33.15632237178021,-1244.1873746754052,-303.7260601945291,-43.75470008252938,143.44972864227788,-414.9531906401685,-162.0071885238324,-103.8287167830963,306.8050823892782,-771.4413453317419,175.83762291114178,522.9775489004523,55.2652890951609,152.6099604066009,-425.6559333973567,-347.88425587777493,142.32811779786917,-451.6436712187935,-5.344931355871287,-185.00703944842982,134.85830426920145,-393.4179670957575,232.24109370523948,-194.59479274616717,-232.76787997792403,-271.58880018489845,101.1068487532477,43.75630935686269,-400.85737756900346,-593.184112422028,278.31143524885744,-144.10283519262637
690.0069069654786,-481.431240188021,-1455.964278721863,745.3217078702222,1561.9492473766636,-320.94379278769884,14.034151971796577,-1654.3098119057504,460.4011682261495,-265.63321664882034,-651.4880432407685,996.7699716245143,91.99936794722194,3475.256715053731,848.4888572187798,122.81632069243413,-400.6138927444616,1158.2681853159738,451.5041169778018,289.088797712972,-856.6727798164964,2154.5059092573506,-490.47654363463386,-1460.8395332902614,-154.5975395913018,-425.6559333973567,1188.6725569596151,972.0613625418262,-397.6211882316157,1261.9425516991673,15.726333591728514,516.3428403722608,-376.22098112437516,1097.7329848319018,-648.8258763800358,542.8055129989467,648.999818416371,758.4522945849328,-283.7728156621207,-122.20001437829723,1119.4987854448968,1658.221787991224,-776.6480060578232,402.7941528398727
564.8323597745348,-393.6562967689329,-1191.240535320595,609.9842043551105,1277.7962338567615,-262.32220437377157,11.648537813592032,-1353.2499788658006,376.5019726304044,-217.41751335048522,-532.8690803520465,815.7189593334988,75.05807835251986,2842.960062236891,693.8856194233858,100.3012698027889,-327.83308664914074,946.9790024685448,368.7379115288038,236.1501417076844,-700.8353628356064,1762.293421027759,-400.69912431804414,-1195.2825661450956,-126.39902517317046,-347.88425587777493,972.0613625418262,795.4629795658979,-325.1330446896714,1032.3630403712102,13.381770662071204,422.15542538237383,-307.5394050073617,897.5107664617415,-530.7926136462083,444.11201366840106,530.5610086649987,620.6495604936624,-232.77378565820703,-100.0419412210368,915.5904682545041,1356.9345576768487,-635.16591448047,329.5106394521528
-231.02043865865255,160.93644857204882,487.30559227409833,-249.35292621025212,-522.7254201618988,107.13575284514098,-4.621689152624368,553.409815685417,-153.8641679709744,88.78407719283786,217.94264844374382,-333.8224475944611,-30.73777725649767,-1162.4817144106041,-283.9888197357282,-41.3964806625408,133.850553708986,-387.3459745722394,-151.0384168619895,-96.54280988176065,286.40296688918784,-720.5864715701276,164.0392315268306,488.48146071200125,51.79571528866233,142.32811779786917,-397.6211882316157,-325.1330446896714,133.1743093204386,-422.24603842245324,-5.203931142876056,-172.67274696396314,125.83890780995675,-367.0685386773858,217.05010766835682,-181.45480205938688,-216.8266368583069,-253.56541733467273,95.07172509936238,40.72759097548924,-374.45740945206666,-554.8904879093083,259.6816070377839,-134.83970872628962
733.3190838310634,-510.98139297203664,-1546.533522951545,791.7187865124884,1658.8118250629036,-340.3049315458215,14.840703316227609,-1756.6446057458686,488.66825981552824,-282.19536816339553,-691.812094243142,1059.175321926486,97.40988475611691,3690.2617679730606,900.9924529554854,130.64772676208176,-425.3777641371975,1229.3937960349963,478.8776982016256,306.4786535681814,-909.552003709397,2287.5613699938203,-520.3756178573974,-1551.2628078152757,-164.22982514211648,-451.6436712187935,1261.9425516991673,1032.3630403712102,-422.24603842245324,1340.2093299985934,17.143417463755508,548.0374601247955,-399.2659669999535,1165.0283966115062,-689.0278291297501,576.166025441402,688.5281653546386,805.3733680227422,-302.0751958541642,-129.74897878427316,1188.6076613711923,1761.4898604458635,-824.3682024325577,427.82097253993
9.97975989383397,-6.328975594167644,-20.036943298854865,10.391592301038948,21.078379622116877,-3.9281656736466517,0.13020897903470932,-22.25674199732501,6.107363685048012,-3.891066530014014,-8.853700001338444,13.981171671434353,0.8348914012843273,46.891108684112275,11.278297196131929,1.6057960529894058,-5.558827791905182,15.03422104833042,5.295684058418415,3.4187487343173237,-11.557266999439102,28.90725685435607,-6.057544822666429,-19.992746191509102,-2.1033940070038626,-5.344931355871287,15.726333591728514,13.381770662071204,-5.203931142876056,17.143417463755508,0.903402496059721,6.6832327569095025,-4.742785219847974,14.098557331428173,-8.843494471056541,7.059440933609193,8.233203031500405,10.373603271571962,-4.685281659396196,-1.8256785976929544,14.936728160070714,23.109002656288805,-10.121784688404016,5.487791102543912
299.42235856149796,-209.19614042453438,-632.1689615814296,323.6561092985517,678.3261767906201,-139.5966476405258,6.180426471982099,-718.5516966520718,200.05179866749327,-115.3198468038802,-282.92909269136254,432.62763431271037,40.0970339093861,1509.5002199844234,368.49278002953633,53.184771549217736,-174.0403499399108,503.25507305829063,196.3055529375135,125.76060953850764,-372.17714129061636,935.8837748697506,-213.1672425408971,-634.5339669738094,-67.08885631862947,-185.00703944842982,516.3428403722608,422.15542538237383,-172.67274696396314,548.0374601247955,6.6832327569095025,224.36550188447947,-163.50170850033285,477.0405527789577,-281.78987068222693,235.94213864535493,282.1516708156071,329.49328154924245,-122.98015169990502,-53.09494949618956,486.2928218905066,719.9646945548677,-337.499804055559,174.88694253946426
-217.99694843160412,152.42036068792837,460.4919708659688,-235.76979927250588,-494.2481284891851,101.78211796674705,-4.564494902536817,523.554640292019,-145.76645389818663,83.9105085243156,206.0771363045743,-315.1153120520336,-29.315459338671754,-1099.821463747499,-268.50122726064825,-38.74096624240527,126.77793956945443,-366.7376492045758,-143.17353223833334,-91.71945915632789,271.184369765396,-681.867430737187,155.3767828619671,462.2660910158808,48.85780086711872,134.85830426920145,-376.22098112437516,-307.5394050073617,125.83890780995675,-399.2659669999535,-4.742785219847974,-163.50170850033285,119.21229180463152,-347.72132585469126,205.2809830776657,-172.05054854976223,-205.66509100413853,-240.06104195170155,89.44739991985992,38.638622255764496,-354.3099671900209,-524.4005776450693,245.99999470606966,-127.38891142163786
636.2684522487759,-444.78631837892084,-1343.7485826211382,688.0764272154768,1442.0843433318255,-296.98818825345086,13.328417377267197,-1527.6803906338973,425.37524370409426,-245.0216034419698,-601.3817349462952,919.4693109150629,85.39936378575746,3209.285310856054,783.3407268689072,112.84816321957827,-370.05304244850277,1069.983210230359,417.4985993662907,267.561080677044,-791.3684177167013,1989.7084973523702,-453.21595668310607,-1349.0817906667583,-142.53181533147355,-393.4179670957575,1097.7329848319018,897.5107664617415,-367.0685386773858,1165.0283966115062,14.098557331428173,477.0405527789577,-347.72132585469126,1014.4580415381611,-599.0508849473727,501.9708708634126,600.1071760740972,700.6218160692828,-261.2273757959364,-112.87610645632901,1033.8355258608628,1530.3699463503715,-717.7482284111788,371.7178409975871
-376.98941674325096,262.7778773717577,795.0926039501287,-407.09724072665136,-852.7952234406926,175.029298103247,-7.647864800012016,903.1842908219392,-251.30697100751775,145.121777975097,355.7019667468289,-544.4445892906974,-50.0673468159031,-1897.3923798644894,-463.1916070038496,-67.02723536923888,218.7677342642418,-632.0924725979154,-246.20528480454834,-157.64336723487745,467.70744870295147,-1176.1959193898417,267.5425664841024,797.6676145994365,84.40315533919173,232.24109370523948,-648.8258763800358,-530.7926136462083,217.05010766835682,-689.0278291297501,-8.843494471056541,-281.78987068222693,205.2809830776657,-599.0508849473727,354.28875016664597,-296.2937879808097,-354.1187399553459,-414.16195262781054,155.2757903570348,66.77426474456814,-611.1311979444614,-905.6485815434831,423.9021714398899,-219.93371302581778
314.4534328654377,-220.00215041494516,-664.444134081888,340.50192736951055,713.3158959468299,-147.1149898033405,7.008676360445448,-755.7139911332321,210.42551633494352,-121.05618205486111,-297.2535562332404,454.513719400239,42.40234846061945,1587.7037891663692,387.24116423578164,55.357095671536875,-183.16958382905514,529.0933942855005,206.4463214473182,132.47870478658285,-391.6604677662169,984.188477589486,-223.9445960097239,-667.5793334967204,-70.2980167401184,-194.59479274616717,542.8055129989467,444.11201366840106,-181.45480205938688,576.166025441402,7.059440933609193,235.94213864535493,-172.05054854976223,501.9708708634126,-296.2937879808097,248.91339835348424,297.07870302947356,346.89477840906204,-129.19457105061014,-55.85740467596859,511.26304639517605,756.8150053233622,-355.3150287629739,183.75195505088183
375.6690678302709,-263.1443369667391,-793.9239428509286,406.6926444072602,852.2057695595977,-175.98782666388152,8.053982995472474,-903.1122314168467,251.68144530500223,-144.8467598026845,-355.4613533112222,542.8622341128681,50.650845805804494,1897.3212547005467,462.88632299552427,66.2197443378073,-218.94038629013073,632.778842872543,247.00894997715113,158.54235576084776,-468.0697134879006,1176.4477939246228,-268.0682198722945,-797.7460494791384,-84.11099938823526,-232.76787997792403,648.999818416371,530.5610086649987,-216.8266368583069,688.5281653546386,8.233203031500405,282.1516708156071,-205.66509100413853,600.1071760740972,-354.1187399553459,297.07870302947356,355.30853511047377,414.40815836159,-154.01270223873658,-66.87799018298405,611.2284639961972,904.2545867246889,-424.60797817454784,219.5957796890384
440.3388958151259,-307.30757414082734,-929.1435580245296,475.9679824541037,996.8088306752358,-204.972033378478,9.269931054534565,-1055.92495982152,293.92915891565065,-169.6094682284579,-415.6994712024388,635.9605204981766,58.708249356141145,2218.410602387204,541.2528590567189,77.830380201255693,-255.94874864883934,739.0138593853902,287.8633759304161,184.55022761685825,-547.0564809846293,1375.1907463131074,-312.7132690530536,-932.8347908659852,-98.48075309948588,-271.58880018489845,758.4522945849328,620.6495604936624,-253.56541733467273,805.3733680227422,10.373603271571962,329.49328154924245,-240.06104195170155,700.6218160692828,-414.16195262781054,346.89477840906204,414.40815836159,484.5080385629288,-181.32643910692963,-78.17931605809765,714.4345654073378,1058.4523171853184,-495.8811166265742,256.9689712937587
-166.26547172138916,114.71144601083289,349.0879032672805,-178.72462815556926,-373.8156225433172,75.83548009625265,-3.1530861780824955,395.4889199697058,-109.72081087663108,63.867110316051814,155.8948068967604,-239.68059906640212,-21.351594127480627,-830.8963349837042,-202.86570177355395,-29.767158337404403,95.78006090844272,-275.951783341086,-106.80090841513865,-68.17698571928918,204.5883221425823,-514.754410585089,116.42785832655983,349.4300614425987,37.11723472624334,101.1068487532477,-283.7728156621207,-232.77378565820703,95.07172509936238,-302.0751958541642,-4.685281659396196,-122.98015169990502,89.44739991985992,-261.2273757959364,155.2757903570348,-129.19457105061014,-154.01270223873658,-181.32643910692963,69.31258798351041,29.258130269358585,-267.40253906092875,-397.84185482916973,184.9950139688609,-96.53933574364973
-70.96908829951097,49.59600253708049,149.64433538186125,-76.74313487716324,-160.44679881843572,33.080712440081925,-1.448752859682406,170.1456604137454,-47.47849782438087,27.474883751300307,67.03609890740331,-102.33075811869448,-9.37961061911045,-357.51756139014776,-87.12085140606402,-12.353537984220106,41.3934010246608,-119.09741579037339,-46.26816712901052,-29.772198725014984,88.27090423825169,-221.69454229059963,50.36696523412337,150.49556105355455,15.844147426271123,43.75630935686269,-122.20001437829723,-100.0419412210368,40.72759097548924,-129.74897878427316,-1.8256785976929544,-53.09494949618956,38.638622255764496,-112.87610645632901,66.77426474456814,-55.85740467596859,-66.87799018298405,-78.17931605809765,29.258130269358585,12.765686771036082,-115.15903273316107,-170.60511625151955,79.90901478726548,-41.35168471980938
649.9671570999152,-453.43657632972725,-1371.3585927293257,702.078578923554,1471.1258762119662,-302.23155365724205,13.226757934306406,-1558.1509919210628,433.6436139370146,-250.25211808684645,-613.6164838698895,938.8755896819545,86.60496599834453,3273.2876169254296,799.119368123268,115.61495777747578,-377.3899293090341,1090.8492608607312,425.13485686570215,272.2272091246442,-806.922756433814,2029.2622807488383,-461.8759010731909,-1376.0112231167675,-145.59464560448345,-400.85737756900346,1119.4987854448968,915.5904682545041,-374.45740945206666,1188.6076613711923,14.936728160070714,486.2928218905066,-354.3099671900209,1033.8355258608628,-611.1311979444614,511.26304639517605,611.2284639961972,714.4345654073378,-267.40253906092875,-115.15903273316107,1054.410012675745,1561.9372662361254,-731.4820392676517,379.36179440776345
964.5130081203155,-671.3605946028453,-2033.036246108447,1040.8192405292443,2180.152717203466,-446.72034837432483,19.333528334497014,-2308.562187238563,642.0559716891984,-371.1290227714397,-909.3034957286526,1392.7005580613625,127.57115870536603,4849.76215365316,1184.0663433082686,171.84752008506788,-559.072584598024,1615.0940153713686,628.6430051683408,402.2627502006316,-1195.223082425834,3006.147057151803,-683.3891882342526,-2038.823404945176,-215.9169911374836,-593.184112422028,1658.221787991224,1356.9345576768487,-554.8904879093083,1761.4898604458635,23.109002656288805,719.9646945548677,-524.4005776450693,1530.3699463503715,-905.6485815434831,756.8150053233622,904.2545867246889,1058.4523171853184,-397.84185482916973,-170.60511625151955,1561.9372662361254,2315.8033665905127,-1082.9816441009662,562.3744440507016
-450.272950977476,314.7023071068484,950.8525445396422,-486.9913473970806,-1020.4199792149088,210.12895629077516,-9.533891197039392,1080.9913610595236,-300.9776894164771,173.39772875399925,425.49315191399916,-650.6348880068955,-60.39878334694396,-2270.9647345272783,-554.1987784054166,-79.71376705922124,261.9093117225002,-756.9633319220288,-295.2631375171301,-189.2751512642478,560.0291333428268,-1407.8880258623844,320.5306342135482,954.7332960035349,100.80162106935707,278.31143524885744,-776.6480060578232,-635.16591448047,259.6816070377839,-824.3682024325577,-10.121784688404016,-337.499804055559,245.99999470606966,-717.7482284111788,423.9021714398899,-355.3150287629739,-424.60797817454784,-495.8811166265742,184.9950139688609,79.90901478726548,-731.4820392676517,-1082.9816441009662,507.893999535811,-263.00868867553294
234.22680354270577,-163.04294991532862,-493.7875904433216,252.70919135061553,529.5523551208953,-108.4942632967755,4.667894167492042,-560.6697581726545,155.89614510599299,-90.08455633389065,-220.85209627404024,338.2794468657013,31.02558600030124,1177.8005046892217,287.6457718513179,41.864391979392266,-135.69336231193878,392.3272000663653,152.7923925675495,97.70846118979075,-290.2045506018536,730.0840309453266,-166.06130921825186,-495.0438989452797,-52.47303185886759,-144.10283519262637,402.7941528398727,329.5106394521528,-134.83970872628962,427.82097253993,5.487791102543912,174.88694253946426,-127.38891142163786,371.7178409975871,-219.93371302581778,183.75195505088183,219.5957796890384,256.9689712937587,-96.53933574364973,-41.35168471980938,379.36179440776345,562.3744440507016,-263.00868867553294,136.6222145539227
