V1,V2,V3,V4,V5,V6,V7,V8,V9,V10,V11,V12,V13,V14,V15,V16,V17,V18,V19,V20,V21,V22,V23,V24,V25,V26,V27,V28,V29,V30,V31,V32,V33,V34,V35,V36,V37,V38,V39,V40,V41,V42,V43,V44
269.6108771627819,-186.29831905161643,-566.5999328465823,289.8848793037469,606.9266778849079,-123.23660768178652,5.005880177229464,-642.0724090783177,178.13982743696775,-103.48838051587646,-253.10149712414548,388.9634265401855,34.87705967058704,1348.7864778626831,329.5727946598083,48.6057222124667,-155.29757154609743,448.3914048811472,173.94089610011545,110.90862468125692,-332.0133622381389,835.7167845580623,-189.4473207044438,-566.9294576446879,-60.33354565726572,-164.3863048077301,460.933424959304,377.63939116390156,-154.5364227211704,490.38109968811045,7.095699985848517,199.82425879618887,-145.41847484151623,424.4605132354126,-252.02479318714933,209.6923188420497,250.21018790387078,294.12010615122114,-111.99874194307755,-47.3243256667063,434.2398689432265,645.4769735729783,-300.4386584678542,156.74879936329094
-186.29831905161643,130.4618417577618,393.6942256547753,-201.64113654931373,-422.5924992930893,87.22932439155274,-3.9654809602724845,447.80380880417914,-124.77687243095896,71.81216654904732,176.26034421540436,-269.23499997368566,-25.114200240345834,-940.755417769029,-229.55429594797107,-32.906738240226915,108.53369858716441,-313.7694434167312,-122.49348255180935,-78.58813619806106,232.0607778820384,-583.3205907441437,132.93816577731997,395.5145043520276,41.727705112912886,115.41202159161585,-321.81322189519733,-263.0609628138732,107.53772647242307,-341.4232219418494,-4.061734283487619,-139.9007348140522,101.98176051975565,-297.54335931034234,175.58322728802887,-147.26298546514772,-176.13258781728345,-205.4402357513119,76.37311662603746,33.138251919099275,-303.079293700675,-448.3853388337529,210.51407401505537,-108.89923226530587
-566.5999328465823,393.6942256547753,1193.4872117752836,-610.8919219680355,-1279.5433662220335,261.60250290572026,-11.167313925813644,1354.5656107922673,-376.48859497363054,217.86205381389473,533.6272661433856,-818.0162277864197,-74.57789586263087,-2845.586685698333,-694.9100643240117,-101.28915483447828,327.90760251557896,-947.2716279392773,-368.4454623245015,-235.53817723567045,701.0744812014251,-1763.6701509146646,400.68782575531355,1196.1866644759284,126.83911837724175,347.7615147220189,-972.8471069338244,-796.3000242645558,325.71893179764027,-1033.8066523922068,-13.85204202265198,-422.23812410133627,307.49450064275675,-897.3767455037524,531.4528263362278,-443.6745616558553,-529.9111258550898,-620.8926787578995,234.09295831059518,100.00181064289805,-916.384808211778,-1359.4869782976255,635.0632147291366,-330.15636799690583
289.8848793037469,-201.64113654931373,-610.8919219680355,312.72805934035176,655.0457254455921,-134.08872009078522,5.774029979636021,-693.5509936628362,192.83284606663577,-111.49815961023486,-273.18414335431737,418.58174498781466,38.281858744966435,1456.9724776763383,355.7635136678668,51.73353111488963,-167.922006410437,485.12889306417037,188.7965042791527,120.75202472787463,-359.0225013364977,903.0622133919461,-205.25281031167512,-612.4705049939411,-64.89662075991426,-178.15253324963692,498.13555067936295,407.65987158417187,-166.7423742064612,529.245012170077,6.9820059572614195,216.25395518099475,-157.51374713806402,459.65369618843084,-272.0888227814037,227.3023142918914,271.5200491838739,317.9465695473695,-119.64194648799823,-51.22293742654744,469.2229690044865,695.8497447864854,-325.2846900425771,168.98407937330188
606.9266778849079,-422.5924992930893,-1279.5433662220335,655.0457254455921,1372.2614884940874,-281.2895657677785,12.234637930755634,-1453.084324235664,404.13747284663447,-233.5178163067869,-572.3022310762151,876.473655869908,80.4080149687704,3052.5864926118898,745.2943604224239,108.15045809731498,-351.86640527987527,1016.6987041437727,395.83775755465473,253.2948693437775,-752.3174870480076,1892.1801442974543,-430.23531741678454,-1283.2495350698423,-135.8837713225406,-373.4386302758764,1043.7807362825356,854.0694207784604,-349.2862790162435,1108.6981660308727,14.41033303874694,453.21906316375566,-330.1418186955533,963.409553043838,-570.0061589442802,476.4670195491231,569.2774862542522,666.2094405488361,-250.23978536641295,-107.33379276887145,983.1443113686537,1457.449507923128,-681.7489679192324,353.9586862200164
-123.23660768178652,87.22932439155274,261.60250290572026,-134.08872009078522,-281.2895657677785,58.84304006951577,-2.913497251522244,298.45123737197076,-83.44225037533741,47.665337416181615,117.33482398260908,-178.3424835461474,-17.166212407515776,-627.0357651364809,-152.82674767349,-21.401086409193805,72.45001223196566,-209.69062464105062,-82.26418253018792,-53.036636293993205,154.92857044110056,-389.02929147395474,89.03044797126684,263.67180363041643,27.62229948893688,77.3241314004474,-214.67944804198905,-175.1810880872687,71.54101305670999,-227.23774195682182,-2.234362864124607,-93.52874490519977,68.26373782548576,-199.1128311602018,116.91515449711886,-98.69117443190089,-118.26045614298923,-137.08546340597155,49.97461939836932,22.14523573260574,-202.11421007363765,-297.8743113919302,140.8233064696258,-72.36220780905217
5.005880177229464,-3.9654809602724845,-11.167313925813644,5.774029979636021,12.234637930755634,-2.913497251522244,0.26149467166553336,-13.148416256107241,3.799325586852937,-2.0046479041478302,-5.0997556619596995,7.360457151313473,0.9541698168164608,27.645787247258287,6.6540538506717395,0.6979569040843389,-3.24223945186905,9.488413465327486,3.9050461048283234,2.6343613796710037,-6.945955325477009,17.250656211581113,-4.109243790331376,-11.648668967935874,-1.1278780024516006,-3.5874748148862268,9.541846917606101,7.656632087242057,-3.0932283972452668,9.867405324374209,-0.11505223651976619,4.248453530200656,-3.1417256291270466,9.137701316406893,-5.1004615999277485,4.607564409129345,5.60394413710879,6.117890261000496,-1.7846502446832844,-0.9983493092172834,8.952482647345771,12.683361988520437,-6.44361783661171,3.0890827715752005
-642.0724090783177,447.80380880417914,1354.5656107922673,-693.5509936628362,-1453.084324235664,298.45123737197076,-13.148416256107241,1538.9897477204602,-428.26041082246473,247.17181121861736,606.0271950906232,-927.4276576741439,-85.49207820321351,-3233.076713951593,-789.2309054071703,-114.12458474008257,372.7662523237851,-1077.2451483170353,-419.74221415590097,-268.7939596316482,797.0087947963281,-2004.2371187010883,456.0172628419841,1359.1618679695887,143.76972461637737,395.84121847063625,-1105.628130011883,-904.4145171433048,369.83370806838656,-1173.9962022869522,-14.886507216207617,-480.2402055440499,349.89926220661783,-1021.0046934377921,603.6286246360531,-505.06170370200374,-603.6213390173044,-705.7268534956522,264.2959275963409,113.74205492862878,-1041.3648549729296,-1542.8575872896738,722.4672833348214,-374.70152898326097
178.13982743696775,-124.77687243095896,-376.48859497363054,192.83284606663577,404.13747284663447,-83.44225037533741,3.799325586852937,-428.26041082246473,119.34019462314943,-68.67247287397146,-168.5637232629547,257.45211978668436,24.03053431755484,899.6990243354144,219.53119745571533,31.454578457861803,-103.80089406686736,300.09221508738017,117.16663024819805,75.1782752553238,-221.94128613716987,557.8700533750211,-127.14959246517013,-378.2549802121344,-39.90100161798754,-110.38750748963282,307.77344654454083,251.57427716525106,-102.84054842789443,326.5131931054759,3.8702898827433967,133.80367444712888,-97.54015693519922,284.5819564783083,-167.91754738388732,140.85212514149868,168.4718167366061,196.47932265688075,-73.01196098556441,-31.694706866574517,289.85583675450346,428.78802691422305,-201.34237333324586,104.13943385402789
-103.48838051587646,71.81216654904732,217.86205381389473,-111.49815961023486,-233.5178163067869,47.665337416181615,-2.0046479041478302,247.17181121861736,-68.67247287397146,39.7795493136015,97.39229744661606,-149.37812615457725,-13.56184075662949,-519.2390315159657,-126.82102504235161,-18.54019696334544,59.82331036170541,-172.80027957330623,-67.16667222445568,-42.9114994127412,127.89930069161589,-321.8021095267152,73.07525160529977,218.2660881470321,23.166810510324602,63.41629482309486,-177.50464862729052,-145.32008529077075,59.447339056567486,-188.67564792177757,-2.5771116424468183,-77.019308350806,56.077340217574736,-163.66314104722375,96.98727495454344,-80.89234281341113,-96.60564982716765,-113.27624403088417,42.810586913087384,18.243212492900458,-167.20719378032268,-248.17112823058977,115.82480298329939,-60.269098752957
-253.10149712414548,176.26034421540436,533.6272661433856,-273.18414335431737,-572.3022310762151,117.33482398260908,-5.0997556619596995,606.0271950906232,-168.5637232629547,97.39229744661606,238.6881280070532,-365.5107493685508,-33.543928361972064,-1273.1190993794949,-310.832833511062,-45.093214024016746,146.7559249497283,-424.05143016069337,-165.1103348306744,-105.6608919682655,313.7717122330197,-789.1705647637299,179.45579431518638,535.1970721752923,56.66987241333971,155.76202577007547,-435.3326339766117,-356.19116075742505,145.66951209971356,-462.38870451634006,-5.995338017515959,-189.0318461491913,137.698318749556,-401.8264297345647,237.7271759687873,-198.72019884622452,-237.45211245852144,-277.8524700405005,104.33491463074,44.77167433436615,-410.04182976956827,-607.8215026412577,284.3442862756836,-147.61644510933885
388.9634265401855,-269.23499997368566,-818.0162277864197,418.58174498781466,876.473655869908,-178.3424835461474,7.360457151313473,-927.4276576741439,257.45211978668436,-149.37812615457725,-365.5107493685508,561.2844840225049,50.59091208877566,1948.2407375735925,475.96282430961753,69.93828372541844,-224.37611757514892,647.9394133283122,251.5633523521546,160.53126823839395,-479.7056581226275,1207.247808996161,-273.85587331182353,-818.9177432263518,-87.05058866535758,-237.64853017860395,665.8670521677899,545.3808464764019,-223.1535754497451,708.1618638160188,10.01024778990235,288.77328823113334,-210.20008410895448,613.5085411648604,-363.98220923850425,303.1692199526494,361.8453835581632,424.9222915291355,-161.30805706565616,-68.39227752627379,627.2848549867081,931.8635720697071,-434.22847572067036,226.29511135847522
34.87705967058704,-25.114200240345834,-74.57789586263087,38.281858744966435,80.4080149687704,-17.166212407515776,0.9541698168164608,-85.49207820321351,24.03053431755484,-13.56184075662949,-33.543928361972064,50.59091208877566,5.111208713303402,179.6317976306425,43.70311636638284,5.887392931581335,-20.807008066448603,60.31632937211366,23.851517896569963,15.492714378128678,-44.50200234309276,111.54729940540528,-25.69671767520867,-75.55762604733404,-7.825467979482585,-22.334357360306146,61.575240574650635,50.10411970475546,-20.43506115378907,64.94957768039603,0.42416816488987474,26.920705297118825,-19.691621760674025,57.403627691943825,-33.44435616727918,28.52381952470722,34.27077903371596,39.3456988774721,-13.89346407837887,-6.373946076910254,57.94821941076197,84.88962240224713,-40.578774061352185,20.62482714563846
1348.7864778626831,-940.755417769029,-2845.586685698333,1456.9724776763383,3052.5864926118898,-627.0357651364809,27.645787247258287,-3233.076713951593,899.6990243354144,-519.2390315159657,-1273.1190993794949,1948.2407375735925,179.6317976306425,6791.9838630983495,1657.9859802146975,239.7121432676189,-783.1065576209598,2263.096390601511,881.8279182818595,564.7230641264337,-1674.3572237616297,4210.479687097046,-958.0205263634351,-2855.3053121949506,-302.0145535915286,-831.6025114362419,2322.697334558377,1899.9712975007194,-776.9288814640421,2466.283706186805,31.240405932172234,1008.8990194633922,-735.0805024633431,2144.9620071332924,-1268.0808539987884,1061.0622167696813,1268.1374148238244,1482.5875779662254,-555.1624698624266,-238.94841640772165,2187.684809380891,3241.1322381825653,-1517.7804752420398,787.1517130654621
329.5727946598083,-229.55429594797107,-694.9100643240117,355.7635136678668,745.2943604224239,-152.82674767349,6.6540538506717395,-789.2309054071703,219.53119745571533,-126.82102504235161,-310.832833511062,475.96282430961753,43.70311636638284,1657.9859802146975,404.7912874536735,58.70042154936413,-191.12552393355753,552.2567958849199,215.0509990893694,137.62976047614222,-408.6379835182295,1027.7405471167915,-233.7192975353062,-696.9884578775307,-73.79107688762726,-202.86577065770317,566.9330471984194,463.8550438217095,-189.70191126995815,602.1558945440801,7.7872294942574625,246.18629528656598,-179.3398902920286,523.3336225285013,-309.58941080585345,258.8264293076149,309.26875486127136,361.85816046225773,-135.83759634155405,-58.309461666096276,534.0000199902966,791.527498380347,-370.32773969822415,192.228337109978
48.6057222124667,-32.906738240226915,-101.28915483447828,51.73353111488963,108.15045809731498,-21.401086409193805,0.6979569040843389,-114.12458474008257,31.454578457861803,-18.54019696334544,-45.093214024016746,69.93828372541844,5.887392931581335,239.7121432676189,58.70042154936413,9.032684704007249,-27.515451836114565,79.29259688146534,30.45522685077339,19.228167508914122,-58.81513942144014,148.36454204659407,-33.35921446815995,-100.72053826115155,-10.863931813440212,-28.92034056428301,81.79692197611223,67.24559655181079,-27.563107313730935,87.3934558113563,1.6082894907197385,35.30830030507916,-25.626691657528475,74.8526296907478,-44.87037824040709,36.86554020559572,43.83446067148553,52.153302969191074,-20.58811563821983,-8.360997825260126,77.09793552524145,115.43485684244548,-53.015266336759474,28.027780074284795
-155.29757154609743,108.53369858716441,327.90760251557896,-167.922006410437,-351.86640527987527,72.45001223196566,-3.24223945186905,372.7662523237851,-103.80089406686736,59.82331036170541,146.7559249497283,-224.37611757514892,-20.807008066448603,-783.1065576209598,-191.12552393355753,-27.515451836114565,90.31942978996706,-261.05748869551763,-101.8192107127978,-65.26425411316359,193.1125608078579,-485.51438352910134,110.5586466022399,329.22408322901265,34.778563845595485,95.97672076561064,-267.84164057518313,-219.01843881512335,89.54807382749617,-284.28460345182856,-3.492755909775095,-116.38985527933677,84.82303871034664,-247.4953258816525,146.18503174868164,-122.46218257855043,-146.41412717742926,-170.97762206633448,63.79387781440148,27.56936587093103,-252.2635905647046,-373.47524517161213,175.11726830959947,-90.70290605949913
448.3914048811472,-313.7694434167312,-947.2716279392773,485.12889306417037,1016.6987041437727,-209.69062464105062,9.488413465327486,-1077.2451483170353,300.09221508738017,-172.80027957330623,-424.05143016069337,647.9394133283122,60.31632937211366,2263.096390601511,552.2567958849199,79.29259688146534,-261.05748869551763,754.6841730566078,294.51487884531457,188.89069929251028,-558.1807014804182,1403.196787645681,-319.69234049856436,-951.4461665636422,-100.42728689445592,-277.5357835118996,774.128610068885,632.8854814718394,-258.72551497264584,821.4109204927659,9.886949057783607,336.4795441320511,-245.2520959262345,715.5789106858064,-422.405687790126,354.12322587475046,423.4971640087084,494.167279523536,-183.95276826312704,-79.69205515513659,729.0636718381686,1078.8734557854946,-506.28639068009295,262.03278192679556
173.94089610011545,-122.49348255180935,-368.4454623245015,188.7965042791527,395.83775755465473,-82.26418253018792,3.9050461048283234,-419.74221415590097,117.16663024819805,-67.16667222445568,-165.1103348306744,251.5633523521546,23.851517896569963,881.8279182818595,215.0509990893694,30.45522685077339,-101.8192107127978,294.51487884531457,115.28143478746237,74.14836616078463,-217.7156581774692,546.9456879636866,-124.92430775068176,-370.7745884643869,-38.97437645896192,-108.47890675215652,301.7790001465805,246.4508546848532,-100.70514675493264,319.7978248172214,3.458222767726087,131.34360249347014,-95.81231227299742,279.49049492124027,-164.50629358151232,138.43700837741375,165.7328114474643,192.68857405614392,-70.90504330268449,-31.11225946632243,284.17370836724757,419.58291626776,-197.70687824852504,101.90876770901971
110.90862468125692,-78.58813619806106,-235.53817723567045,120.75202472787463,253.2948693437775,-53.036636293993205,2.6343613796710037,-268.7939596316482,75.1782752553238,-42.9114994127412,-105.6608919682655,160.53126823839395,15.492714378128678,564.7230641264337,137.62976047614222,19.228167508914122,-65.26425411316359,188.89069929251028,74.14836616078463,47.82412660411475,-139.55913222972885,350.38157623440986,-80.22168883755097,-237.47022448855222,-24.861116170279974,-69.67760126579022,193.34896080681227,157.73806070523977,-64.42230226198127,204.62989268053914,1.970463347225303,84.25769205117152,-61.510407587544876,179.39629547285278,-105.29363987815569,88.93324106009088,106.58133749328944,123.47966444530223,-44.92697389107631,-19.958892380226096,182.04048636548308,268.1963881378151,-126.87699523228952,65.14460672527963
-332.0133622381389,232.0607778820384,701.0744812014251,-359.0225013364977,-752.3174870480076,154.92857044110056,-6.945955325477009,797.0087947963281,-221.94128613716987,127.89930069161589,313.7717122330197,-479.7056581226275,-44.50200234309276,-1674.3572237616297,-408.6379835182295,-58.81513942144014,193.1125608078579,-558.1807014804182,-217.7156581774692,-139.55913222972885,412.8990728987814,-1038.0817861591106,236.39413924606404,703.9138980983164,74.35334524601144,205.21743653010444,-572.676675793459,-468.28282526073167,191.4589526956874,-607.8174582065562,-7.454015994194681,-248.85991073592353,181.36755128183518,-529.1910971576782,312.552267480464,-261.855250543522,-313.0712756000886,-365.5710549697415,136.37192355168946,58.94364171497845,-539.3641883934582,-798.4951611521473,374.43256293469534,-193.92655954414403
835.7167845580623,-583.3205907441437,-1763.6701509146646,903.0622133919461,1892.1801442974543,-389.02929147395474,17.250656211581113,-2004.2371187010883,557.8700533750211,-321.8021095267152,-789.1705647637299,1207.247808996161,111.54729940540528,4210.479687097046,1027.7405471167915,148.36454204659407,-485.51438352910134,1403.196787645681,546.9456879636866,350.38157623440986,-1038.0817861591106,2610.2680594392004,-594.0954933133065,-1770.0817141480807,-187.1417288802281,-515.7101036812085,1439.9730852521902,1177.754060167759,-481.57101637974057,1528.7489657165136,19.151200997445653,625.5661821736921,-455.8220256226524,1330.063397706912,-786.0572492902884,658.0042008777668,786.5363841317397,919.15109537671,-343.7309245415177,-148.15929732211856,1356.240731962,2008.7954412476704,-941.1298025808584,487.87019148832667
-189.4473207044438,132.93816577731997,400.68782575531355,-205.25281031167512,-430.23531741678454,89.03044797126684,-4.109243790331376,456.0172628419841,-127.14959246517013,73.07525160529977,179.45579431518638,-273.85587331182353,-25.69671767520867,-958.0205263634351,-233.7192975353062,-33.35921446815995,110.5586466022399,-319.69234049856436,-124.92430775068176,-80.22168883755097,236.39413924606404,-594.0954933133065,135.5059552278249,402.78715159063364,42.4404100351248,117.64807310343542,-327.77393200616143,-267.83837634422184,109.47266611105293,-347.59552598623776,-3.9977986870188658,-142.55138903295003,103.9387165587109,-303.23517954587726,178.7743239682417,-150.11543567445153,-179.61622970011655,-209.25380180099575,77.50291224251986,33.76644241682398,-308.67550362315325,-456.3312796545667,214.5247987295055,-110.83280484680056
-566.9294576446879,395.5145043520276,1196.1866644759284,-612.4705049939411,-1283.2495350698423,263.67180363041643,-11.648668967935874,1359.1618679695887,-378.2549802121344,218.2660881470321,535.1970721752923,-818.9177432263518,-75.55762604733404,-2855.3053121949506,-696.9884578775307,-100.72053826115155,329.22408322901265,-951.4461665636422,-370.7745884643869,-237.47022448855222,703.9138980983164,-1770.0817141480807,402.78715159063364,1200.3576367912137,126.94631381472664,349.63926848106763,-976.4654161319528,-798.721220433994,326.60176228766954,-1036.7769239688635,-13.087640028954246,-424.16228562045313,309.05091414877086,-901.8053612523574,533.0813921221738,-446.11523479192203,-533.2019063983658,-623.2852848560125,233.29556482818438,100.45840914952697,-919.6987631593778,-1362.4538788298582,638.1145582718968,-330.8918420870592
-60.33354565726572,41.727705112912886,126.83911837724175,-64.89662075991426,-135.8837713225406,27.62229948893688,-1.1278780024516006,143.76972461637737,-39.90100161798754,23.166810510324602,56.66987241333971,-87.05058866535758,-7.825467979482585,-302.0145535915286,-73.79107688762726,-10.863931813440212,34.778563845595485,-100.42728689445592,-38.97437645896192,-24.861116170279974,74.35334524601144,-187.1417288802281,42.4404100351248,126.94631381472664,13.503339838738114,36.82586170886175,-103.21973444718013,-84.55149658809177,34.59775193084108,-109.7917199417334,-1.5692543060018433,-44.75617633089629,32.57329739290735,-95.07576144718126,56.42851242487458,-46.97062863258309,-56.061357165299164,-65.86299730032044,25.03965667922396,10.600480310879327,-97.23957998629461,-144.49398398921215,67.29250068771597,-35.08978965209786
-164.3863048077301,115.41202159161585,347.7615147220189,-178.15253324963692,-373.4386302758764,77.3241314004474,-3.5874748148862268,395.84121847063625,-110.38750748963282,63.41629482309486,155.76202577007547,-237.64853017860395,-22.334357360306146,-831.6025114362419,-202.86577065770317,-28.92034056428301,95.97672076561064,-277.5357835118996,-108.47890675215652,-69.67760126579022,205.21743653010444,-515.7101036812085,117.64807310343542,349.63926848106763,36.82586170886175,102.1483660711302,-284.52775178949383,-232.48297349888676,95.01876543258525,-301.70569976057936,-3.440289842866604,-123.75710152371015,90.24300005778474,-263.2720046169308,155.1765332038318,-130.3485595516695,-155.96901879158412,-181.65394867284948,67.2173671205938,29.314096593130618,-267.9474444431709,-396.0515713698463,186.25199570873679,-96.19143598289226
460.933424959304,-321.81322189519733,-972.8471069338244,498.13555067936295,1043.7807362825356,-214.67944804198905,9.541846917606101,-1105.628130011883,307.77344654454083,-177.50464862729052,-435.3326339766117,665.8670521677899,61.575240574650635,2322.697334558377,566.9330471984194,81.79692197611223,-267.84164057518313,774.128610068885,301.7790001465805,193.34896080681227,-572.676675793459,1439.9730852521902,-327.77393200616143,-976.4654161319528,-103.21973444718013,-284.52775178949383,794.3808246396536,649.6949676069115,-265.6436079633911,843.2984276806241,10.519535615658505,345.11972098332325,-251.47843067288468,733.7999129448226,-433.61343407045007,363.03013694563356,433.973025469534,507.05812383350127,-189.5290203086437,-81.7352663728222,748.177349450418,1108.0504561851774,-519.216761738176,269.114009277321
377.63939116390156,-263.0609628138732,-796.3000242645558,407.65987158417187,854.0694207784604,-175.1810880872687,7.656632087242057,-904.4145171433048,251.57427716525106,-145.32008529077075,-356.19116075742505,545.3808464764019,50.10411970475546,1899.9712975007194,463.8550438217095,67.24559655181079,-219.01843881512335,632.8854814718394,246.4508546848532,157.73806070523977,-468.28282526073167,1177.754060167759,-267.83837634422184,-798.721220433994,-84.55149658809177,-232.48297349888676,649.6949676069115,531.5769105534204,-217.3809844184556,690.0248490995114,8.90932248021648,282.126770566914,-205.51862729988233,599.7400214173938,-354.760730698531,296.6252153709433,354.43876529628164,414.675338356274,-155.63329178032504,-66.80873061711665,611.9349214064489,907.0043564851767,-424.39272858197484,220.28453592404927
-154.5364227211704,107.53772647242307,325.71893179764027,-166.7423742064612,-349.2862790162435,71.54101305670999,-3.0932283972452668,369.83370806838656,-102.84054842789443,59.447339056567486,145.66951209971356,-223.1535754497451,-20.43506115378907,-776.9288814640421,-189.70191126995815,-27.563107313730935,89.54807382749617,-258.72551497264584,-100.70514675493264,-64.42230226198127,191.4589526956874,-481.57101637974057,109.47266611105293,326.60176228766954,34.59775193084108,95.01876543258525,-265.6436079633911,-217.3809844184556,88.90861221947718,-282.2034742453042,-3.699700404822784,-115.33156899058405,84.00692057556547,-245.14786963396196,145.08403632217141,-121.23126803512001,-144.82970640089223,-169.54983210324136,63.75354411960186,27.315147541892323,-250.21817784330048,-371.01187820383745,173.4806491885901,-90.10213422988252
490.38109968811045,-341.4232219418494,-1033.8066523922068,529.245012170077,1108.6981660308727,-227.23774195682182,9.867405324374209,-1173.9962022869522,326.5131931054759,-188.67564792177757,-462.38870451634006,708.1618638160188,64.94957768039603,2466.283706186805,602.1558945440801,87.3934558113563,-284.28460345182856,821.4109204927659,319.7978248172214,204.62989268053914,-607.8174582065562,1528.7489657165136,-347.59552598623776,-1036.7769239688635,-109.7917199417334,-301.70569976057936,843.2984276806241,690.0248490995114,-282.2034742453042,895.7636883938401,11.654096521086466,366.1645117530438,-266.72664558012997,778.3508334159811,-460.53321432994437,384.9338213661062,459.91660813102794,538.2480858569263,-202.19852545225967,-86.72323534709696,794.3158996181004,1177.5507464803136,-550.7940047423032,285.97786677127567
7.095699985848517,-4.061734283487619,-13.85204202265198,6.9820059572614195,14.41033303874694,-2.234362864124607,-0.11505223651976619,-14.886507216207617,3.8702898827433967,-2.5771116424468183,-5.995338017515959,10.01024778990235,0.42416816488987474,31.240405932172234,7.7872294942574625,1.6082894907197385,-3.492755909775095,9.886949057783607,3.458222767726087,1.970463347225303,-7.454015994194681,19.151200997445653,-3.9977986870188658,-13.087640028954246,-1.5692543060018433,-3.440289842866604,10.519535615658505,8.90932248021648,-3.699700404822784,11.654096521086466,0.5966133280821059,4.372091063361412,-3.098399056990751,9.107080743630712,-5.934906091469803,4.367952095036731,5.010457809219997,6.6690456832319045,-3.442230842538382,-1.0339600875525161,9.958480108128622,15.837593316089889,-6.490681670421539,3.8391385999084457
199.82425879618887,-139.9007348140522,-422.23812410133627,216.25395518099475,453.21906316375566,-93.52874490519977,4.248453530200656,-480.2402055440499,133.80367444712888,-77.019308350806,-189.0318461491913,288.77328823113334,26.920705297118825,1008.8990194633922,246.18629528656598,35.30830030507916,-116.38985527933677,336.4795441320511,131.34360249347014,84.25769205117152,-248.85991073592353,625.5661821736921,-142.55138903295003,-424.16228562045313,-44.75617633089629,-123.75710152371015,345.11972098332325,282.126770566914,-115.33156899058405,366.1645117530438,4.372091063361412,150.0246499085634,-109.35773150485699,319.0683332837899,-188.30336113402115,157.91289083491776,188.86119935653514,220.3153364774158,-81.9374543130374,-35.53327410455407,325.02763559879463,480.89486537466877,-225.7447083328658,116.79676574174098
-145.41847484151623,101.98176051975565,307.49450064275675,-157.51374713806402,-330.1418186955533,68.26373782548576,-3.1417256291270466,349.89926220661783,-97.54015693519922,56.077340217574736,137.698318749556,-210.20008410895448,-19.691621760674025,-735.0805024633431,-179.3398902920286,-25.626691657528475,84.82303871034664,-245.2520959262345,-95.81231227299742,-61.510407587544876,181.36755128183518,-455.8220256226524,103.9387165587109,309.05091414877086,32.57329739290735,90.24300005778474,-251.47843067288468,-205.51862729988233,84.00692057556547,-266.72664558012997,-3.098399056990751,-109.35773150485699,79.73389882396499,-232.6184617678763,137.179004388104,-115.15909479865573,-137.76062388832756,-160.55247690061458,59.52924522257263,25.90333041271538,-236.83261729974075,-350.20130824914213,164.5736317190259,-85.05308983127007
424.4605132354126,-297.54335931034234,-897.3767455037524,459.65369618843084,963.409553043838,-199.1128311602018,9.137701316406893,-1021.0046934377921,284.5819564783083,-163.66314104722375,-401.8264297345647,613.5085411648604,57.403627691943825,2144.9620071332924,523.3336225285013,74.8526296907478,-247.4953258816525,715.5789106858064,279.49049492124027,179.39629547285278,-529.1910971576782,1330.063397706912,-303.23517954587726,-901.8053612523574,-95.07576144718126,-263.2720046169308,733.7999129448226,599.7400214173938,-245.14786963396196,778.3508334159811,9.107080743630712,319.0683332837899,-232.6184617678763,678.6691225907987,-400.29851154227526,335.9531081349109,401.8682780292728,468.4661465915154,-173.83393688814223,-75.57187441533402,691.0620973622614,1022.0151624250085,-480.1505957235788,248.22128717390595
-252.02479318714933,175.58322728802887,531.4528263362278,-272.0888227814037,-570.0061589442802,116.91515449711886,-5.1004615999277485,603.6286246360531,-167.91754738388732,96.98727495454344,237.7271759687873,-363.98220923850425,-33.44435616727918,-1268.0808539987884,-309.58941080585345,-44.87037824040709,146.18503174868164,-422.405687790126,-164.50629358151232,-105.29363987815569,312.552267480464,-786.0572492902884,178.7743239682417,533.0813921221738,56.42851242487458,155.1765332038318,-433.61343407045007,-354.760730698531,145.08403632217141,-460.53321432994437,-5.934906091469803,-188.30336113402115,137.179004388104,-400.29851154227526,236.7799055329238,-197.98556894982005,-236.577665850251,-276.7694705837987,103.8511007517887,44.601321126580245,-408.4247096325624,-605.3422333560616,283.26297166215267,-147.01056372381947
209.6923188420497,-147.26298546514772,-443.6745616558553,227.3023142918914,476.4670195491231,-98.69117443190089,4.607564409129345,-505.06170370200374,140.85212514149868,-80.89234281341113,-198.72019884622452,303.1692199526494,28.52381952470722,1061.0622167696813,258.8264293076149,36.86554020559572,-122.46218257855043,354.12322587475046,138.43700837741375,88.93324106009088,-261.855250543522,658.0042008777668,-150.11543567445153,-446.11523479192203,-46.97062863258309,-130.3485595516695,363.03013694563356,296.6252153709433,-121.23126803512001,384.9338213661062,4.367952095036731,157.91289083491776,-115.15909479865573,335.9531081349109,-197.98556894982005,166.36630027860022,199.04336474120277,231.7923603579471,-85.72412228426157,-37.39960335341169,341.87490049424946,505.2797409407587,-237.6754992111531,122.71897646258977
250.21018790387078,-176.13258781728345,-529.9111258550898,271.5200491838739,569.2774862542522,-118.26045614298923,5.60394413710879,-603.6213390173044,168.4718167366061,-96.60564982716765,-237.45211245852144,361.8453835581632,34.27077903371596,1268.1374148238244,309.26875486127136,43.83446067148553,-146.41412717742926,423.4971640087084,165.7328114474643,106.58133749328944,-313.0712756000886,786.5363841317397,-179.61622970011655,-533.2019063983658,-56.061357165299164,-155.96901879158412,433.973025469534,354.43876529628164,-144.82970640089223,459.91660813102794,5.010457809219997,188.86119935653514,-137.76062388832756,401.8682780292728,-236.577665850251,199.04336474120277,238.27332632906658,277.0890711473544,-102.03787086840674,-44.733099488787815,408.65380007831124,603.4616297636023,-284.278133305179,146.572617823875
294.12010615122114,-205.4402357513119,-620.8926787578995,317.9465695473695,666.2094405488361,-137.08546340597155,6.117890261000496,-705.7268534956522,196.47932265688075,-113.27624403088417,-277.8524700405005,424.9222915291355,39.3456988774721,1482.5875779662254,361.85816046225773,52.153302969191074,-170.97762206633448,494.167279523536,192.68857405614392,123.47966444530223,-365.5710549697415,919.15109537671,-209.25380180099575,-623.2852848560125,-65.86299730032044,-181.65394867284948,507.05812383350127,414.675338356274,-169.54983210324136,538.2480858569263,6.6690456832319045,220.3153364774158,-160.55247690061458,468.4661465915154,-276.7694705837987,231.7923603579471,277.0890711473544,323.6800838748193,-120.88833190728468,-52.18130257992984,477.5707589003737,707.1803492491224,-331.4749724682927,171.74793653889432
-111.99874194307755,76.37311662603746,234.09295831059518,-119.64194648799823,-250.23978536641295,49.97461939836932,-1.7846502446832844,264.2959275963409,-73.01196098556441,42.810586913087384,104.33491463074,-161.30805706565616,-13.89346407837887,-555.1624698624266,-135.83759634155405,-20.58811563821983,63.79387781440148,-183.95276826312704,-70.90504330268449,-44.92697389107631,136.37192355168946,-343.7309245415177,77.50291224251986,233.29556482818438,25.03965667922396,67.2173671205938,-189.5290203086437,-155.63329178032504,63.75354411960186,-202.19852545225967,-3.442230842538382,-81.9374543130374,59.52924522257263,-173.83393688814223,103.8511007517887,-85.72412228426157,-102.03787086840674,-120.88833190728468,47.12399044655828,19.402071179197275,-178.61170483626978,-266.74988941208085,123.09712718369875,-64.76942715308138
-47.3243256667063,33.138251919099275,100.00181064289805,-51.22293742654744,-107.33379276887145,22.14523573260574,-0.9983493092172834,113.74205492862878,-31.694706866574517,18.243212492900458,44.77167433436615,-68.39227752627379,-6.373946076910254,-238.94841640772165,-58.309461666096276,-8.360997825260126,27.56936587093103,-79.69205515513659,-31.11225946632243,-19.958892380226096,58.94364171497845,-148.15929732211856,33.76644241682398,100.45840914952697,10.600480310879327,29.314096593130618,-81.7352663728222,-66.80873061711665,27.315147541892323,-86.72323534709696,-1.0339600875525161,-35.53327410455407,25.90333041271538,-75.57187441533402,44.601321126580245,-37.39960335341169,-44.733099488787815,-52.18130257992984,19.402071179197275,8.421932743332725,-76.98308075216946,-113.89722668196302,53.46806881665975,-27.658276508339913
434.2398689432265,-303.079293700675,-916.384808211778,469.2229690044865,983.1443113686537,-202.11421007363765,8.952482647345771,-1041.3648549729296,289.85583675450346,-167.20719378032268,-410.04182976956827,627.2848549867081,57.94821941076197,2187.684809380891,534.0000199902966,77.09793552524145,-252.2635905647046,729.0636718381686,284.17370836724757,182.04048636548308,-539.3641883934582,1356.240731962,-308.67550362315325,-919.6987631593778,-97.23957998629461,-267.9474444431709,748.177349450418,611.9349214064489,-250.21817784330048,794.3158996181004,9.958480108128622,325.02763559879463,-236.83261729974075,691.0620973622614,-408.4247096325624,341.87490049424946,408.65380007831124,477.5707589003737,-178.61170483626978,-76.98308075216946,704.6770101918073,1043.752434252247,-488.9843587958069,253.49023468520667
645.4769735729783,-448.3853388337529,-1359.4869782976255,695.8497447864854,1457.449507923128,-297.8743113919302,12.683361988520437,-1542.8575872896738,428.78802691422305,-248.17112823058977,-607.8215026412577,931.8635720697071,84.88962240224713,3241.1322381825653,791.527498380347,115.43485684244548,-373.47524517161213,1078.8734557854946,419.58291626776,268.1963881378151,-798.4951611521473,2008.7954412476704,-456.3312796545667,-1362.4538788298582,-144.49398398921215,-396.0515713698463,1108.0504561851774,907.0043564851767,-371.01187820383745,1177.5507464803136,15.837593316089889,480.89486537466877,-350.20130824914213,1022.0151624250085,-605.3422333560616,505.2797409407587,603.4616297636023,707.1803492491224,-266.74988941208085,-113.89722668196302,1043.752434252247,1548.585725203303,-723.2754242241066,376.075623333717
-300.4386584678542,210.51407401505537,635.0632147291366,-325.2846900425771,-681.7489679192324,140.8233064696258,-6.44361783661171,722.4672833348214,-201.34237333324586,115.82480298329939,284.3442862756836,-434.22847572067036,-40.578774061352185,-1517.7804752420398,-370.32773969822415,-53.015266336759474,175.11726830959947,-506.28639068009295,-197.70687824852504,-126.87699523228952,374.43256293469534,-941.1298025808584,214.5247987295055,638.1145582718968,67.29250068771597,186.25199570873679,-519.216761738176,-424.39272858197484,173.4806491885901,-550.7940047423032,-6.490681670421539,-225.7447083328658,164.5736317190259,-480.1505957235788,283.26297166215267,-237.6754992111531,-284.278133305179,-331.4749724682927,123.09712718369875,53.46806881665975,-488.9843587958069,-723.2754242241066,339.7079972119208,-175.662550814713
156.74879936329094,-108.89923226530587,-330.15636799690583,168.98407937330188,353.9586862200164,-72.36220780905217,3.0890827715752005,-374.70152898326097,104.13943385402789,-60.269098752957,-147.61644510933885,226.29511135847522,20.62482714563846,787.1517130654621,192.228337109978,28.027780074284795,-90.70290605949913,262.03278192679556,101.90876770901971,65.14460672527963,-193.92655954414403,487.87019148832667,-110.83280484680056,-330.8918420870592,-35.08978965209786,-96.19143598289226,269.114009277321,220.28453592404927,-90.10213422988252,285.97786677127567,3.8391385999084457,116.79676574174098,-85.05308983127007,248.22128717390595,-147.01056372381947,122.71897646258977,146.572617823875,171.74793653889432,-64.76942715308138,-27.658276508339913,253.49023468520667,376.075623333717,-175.662550814713,91.33514804518813
