V1,V2,V3,V4,V5,V6,V7,V8,V9,V10,V11,V12,V13,V14,V15,V16,V17,V18,V19,V20,V21,V22,V23,V24,V25,V26,V27,V28,V29,V30,V31,V32,V33,V34,V35,V36,V37,V38,V39,V40,V41,V42,V43,V44
3.4435088028684873,-0.41764224314296017,-4.7662713392468765,2.185788947923628,4.114354616027983,0.7681247743793527,-0.5063371267091938,-3.51143955057044,0.36673581917956694,-0.9797249763314801,-1.6822878400878718,4.436903516952002,-0.7024195120183531,7.305909753568867,2.1427589021218316,1.3895468936756208,-0.5949863357172722,1.2733410165633903,-0.3875411282109797,-0.7939937215463004,-1.2451098062192172,4.051804303515685,-0.11778783827670145,-2.9696588835806805,-0.727817647107014,-0.034640328465239074,2.139382259888019,2.432385310552148,-1.1175597257106906,3.3449234448445355,1.0440662997312538,0.4868308554672686,-0.1570952930766341,0.6119641403958657,-1.5890414120631062,-0.005984543949952589,-0.4723705732147728,1.255675026281999,-2.581428136353374,-0.10606072155310203,2.1207022827265978,5.558905832913178,-0.5351403776652177,1.3392172588687006
-0.41764224314296017,0.9359493448273052,1.6915616243278224,-0.9574850409349394,-2.131681191109805,0.9499233387727375,-0.18878288777038102,2.5388654186407473,-0.9058049408057467,0.272673695434776,0.9011529697264374,-0.7815634186278902,-0.4289434561448114,-5.352609996522655,-1.1930587166005373,0.1790129234927418,0.6999364430745487,-2.152476803326102,-1.1302522187691015,-0.8993011763291717,1.5024235872919032,-3.467735548586925,1.05034499496883,2.2817210445157308,0.10715852531925785,0.935466500246093,-1.9388445579157136,-1.359525458262468,0.522139842584376,-1.7205521411562248,0.302516780531299,-0.9882416599667813,0.7871299940167189,-2.2402423454398166,0.9306079841825349,-1.2109893929419748,-1.5933976257249727,-1.2812549140866227,-0.2050348149652339,0.24250687614535274,-1.800460652035806,-1.8885406890645045,1.5543763139016844,-0.45658498854546004
-4.7662713392468765,1.6915616243278224,8.001645031380015,-3.8943706342606776,-7.753055222105234,0.25239453050467425,0.38498261443846016,7.520135558309476,-1.5908767303822622,1.5494434690930328,3.2062391735756397,-6.448787897402902,0.3244075289513324,-15.735394206115377,-4.141426844082226,-1.489403329665291,1.6120169172317538,-4.280313579619461,-0.9478284940097256,-0.15444218456512232,3.4236535284589378,-9.35677916109826,1.469962272553963,6.527067178084761,1.0315970386805708,1.2205593098795984,-5.078040876252951,-4.709858438504316,2.0344700968409364,-6.286742804772352,-0.9023452710101951,-1.8438285470566607,1.1848623694144085,-3.5742246051879483,3.1283442579482306,-1.5149231904944587,-1.4230266736354258,-3.1575310335116082,2.920582724710718,0.43436838869251065,-4.878299537235892,-9.222196419416944,2.614975803654789,-2.225686972588017
2.185788947923628,-0.9574850409349394,-3.8943706342606776,1.961720195194607,3.860195754914996,-0.2754287484304514,-0.1531792568214048,-3.874937593588933,0.9089306256716471,-0.7396481137418927,-1.6034265452722885,3.024336663609824,-0.05747508231207112,8.100740438002735,2.0940682644218134,0.6108545398959436,-0.8749546279125783,2.330083126344671,0.6755559818133997,0.26947189466592625,-1.8492581241994557,4.859584028549345,-0.8782073256676055,-3.3682259695421326,-0.4759502629628221,-0.7480696342802896,2.628450647803919,2.325137566003611,-1.0146937014106816,3.1485611925841863,0.33016550004735123,1.0249652353461065,-0.7068047814327475,2.069765677936847,-1.5963682212350294,0.9470168525835833,0.973583236816237,1.6834667082559926,-1.2389532783231287,-0.2658370468603349,2.5452465027846545,4.491619568922316,-1.503274035730992,1.0607526744944882
4.114354616027983,-2.131681191109805,-7.753055222105234,3.860195754914996,7.958264175187889,-1.0537789834881408,-0.11906522966733844,-8.103088558230807,2.025811172511618,-1.4552913508793917,-3.304601527934979,5.737351245242556,0.12270302869143743,17.002346802174728,4.279988345523919,1.0227253828617098,-1.8634214729246044,5.247532624996375,1.7095784694025464,0.8941749952991597,-3.9801824172827223,10.371485432105125,-2.0613206418059034,-7.111225370352391,-0.9063112325194705,-1.7611886221894435,5.695246832902247,4.918805417387518,-2.0484138312244777,6.428427485863114,0.45101393741893253,2.3054291692316338,-1.601485602419251,4.741029294717849,-3.250804900544492,2.2257198068761195,2.4956103301881885,3.579948535834132,-2.1236079248762874,-0.5325553810912487,5.388926663651702,8.871851036012604,-3.388546236719125,2.1601063077561715
0.7681247743793527,0.9499233387727375,0.25239453050467425,-0.2754287484304514,-1.0537789834881408,1.4886788799325874,-0.4541766373054226,1.7187712140563658,-0.9302419533770612,-0.03255333135075093,0.4616745812017743,0.7324145687300141,-0.7849404742819774,-3.6867524075203666,-0.6135677235366953,0.7214312074282294,0.598335008486325,-2.138279809627524,-1.470579062810475,-1.3598132347583842,1.3133972058918675,-2.671883088190791,1.205916707254546,1.6369029759714495,-0.13911813635190853,1.0923163584899531,-1.5727946347636348,-0.7998611912100798,0.20091725660824372,-0.809463140729429,0.7423537995530204,-1.0034200675375753,0.8599936797817452,-2.4371800130978833,0.4980290738118564,-1.4249330570786787,-2.0796660147438364,-1.0465430962347682,-1.1939998038529973,0.21692714677398858,-1.3582014157639881,-0.17016029853365872,1.6380115106383322,-0.07926015213713976
-0.5063371267091938,-0.18878288777038102,0.38498261443846016,-0.1531792568214048,-0.11906522966733844,-0.4541766373054226,0.17000466055181193,-0.08710233089384042,0.18811949101955835,0.09790101748858128,0.04234025159333623,-0.5996906296411757,0.260337611961405,0.21616891017342638,-0.056292835617786585,-0.3046182252977458,-0.08585948108988677,0.4126501365379853,0.38701381294755766,0.4030412179570466,-0.19836764315521888,0.28134520855690565,-0.28066962066255785,-0.1257087292124798,0.10140994740950936,-0.25906371147654733,0.19691694942198845,-0.01015782531931562,0.05838561506116122,-0.11729796488450837,-0.2759779871545625,0.1998961327105414,-0.1883047401459487,0.5329744608007461,0.03414933813346776,0.3415598579354657,0.5515148223969574,0.13311254849638404,0.5296330692286193,-0.0338016744572079,0.13078225421636802,-0.485094767994608,-0.3433781827705553,-0.09750435008618075
-3.51143955057044,2.5388654186407473,7.520135558309476,-3.874937593588933,-8.103088558230807,1.7187712140563658,-0.08710233089384042,8.629418952123578,-2.4305101721674194,1.366019475754039,3.3817633942521423,-5.103599883762149,-0.5153024587838497,-18.124749124139814,-4.413186741790804,-0.5897703564404047,2.104451245617451,-6.080212322933647,-2.415735258552836,-1.569273891377398,4.496546918256068,-11.248928900008693,2.5968496885592898,7.621286641208614,0.7882844959829362,2.2587778092960544,-6.202055204020363,-5.0352660799030495,2.063508838477623,-6.5530352728345305,-0.0386763319310404,-2.7170429908462217,1.9942202328082752,-5.7996652844573315,3.379578912890637,-2.8864910211550763,-3.462498938518989,-3.974937472029175,1.3943094964501925,0.6516322200762155,-5.849312647886171,-8.565836777148801,4.101995226408014,-2.072100981474699
0.36673581917956694,-0.9058049408057467,-1.5908767303822622,0.9089306256716471,2.025811172511618,-0.9302419533770612,0.18811949101955835,-2.4305101721674194,0.8779658039988877,-0.25383087808997334,-0.8567521737566268,0.7104893536905604,0.4247222900793351,5.124270880409789,1.1362254176750133,-0.1901535002694918,-0.6753260266465182,2.0778887969464233,1.1035991426187315,0.8843344380571238,-1.448494010232429,3.326251150210144,-1.0203733415076828,-2.1860552726797433,-0.09590923284202015,-0.909257096315675,1.8596212332909028,1.293016417744518,-0.4954122611975711,1.636084618743036,-0.3057190846526004,0.9550635187445746,-0.7648943170474576,2.1724141759541427,-0.8879188712614009,1.1790546359778316,1.5548611374667995,1.2330896501640352,0.2284181287538507,-0.23621529487516596,1.7270533918671702,1.7749519287405995,-1.5062351493462993,0.4273347919491655
-0.9797249763314801,0.272673695434776,1.5494434690930328,-0.7396481137418927,-1.4552913508793917,-0.03255333135075093,0.09790101748858128,1.366019475754039,-0.25383087808997334,0.30671282730561344,0.6004387823579522,-1.302385704567817,0.1098088897516074,-2.856410226770624,-0.7704276507389975,-0.3334242998227005,0.2785161049296965,-0.711877811828428,-0.09345352502726025,0.05280779736008094,0.5894725444946847,-1.672955144120863,0.21327513363501202,1.1811076954633712,0.20987611189643374,0.17179299069089568,-0.9031449216059273,-0.8813409495988085,0.383789153426439,-1.1799567371097954,-0.2234617903379617,-0.30061579715894476,0.17709408256067363,-0.5507011548928239,0.5795065540801014,-0.2086237486081331,-0.15412320245615116,-0.5537597945777274,0.6446397315219496,0.06948055999848886,-0.8718573979097609,-1.7914775397214622,0.41124023609482757,-0.4335570495796539
-1.6822878400878718,0.9011529697264374,3.2062391735756397,-1.6034265452722885,-3.304601527934979,0.4616745812017743,0.04234025159333623,3.3817633942521423,-0.8567521737566268,0.6004387823579522,1.3737422069754355,-2.354538510517363,-0.06599056149642787,-7.096024584719656,-1.78085407027747,-0.4054515464072941,0.7831362762371569,-2.207974578262624,-0.7378830315800755,-0.3977376731961535,1.6719932287069832,-4.335461888320447,0.8758044263781963,2.9698330020023223,0.370825499615773,0.7510934578389825,-2.3805996585464864,-2.0417865721831405,0.8498426696830952,-2.670821287107379,-0.17096045506704413,-0.9728462902735101,0.6800085019436689,-2.008761765049265,1.35426697290496,-0.950386239293652,-1.0742910825100858,-1.5013385079032124,0.8513119305739266,0.22694966793859822,-2.2538766722072747,-3.668254422244868,1.4348574471238602,-0.8917004827027722
4.436903516952002,-0.7815634186278902,-6.448787897402902,3.024336663609824,5.737351245242556,0.7324145687300141,-0.5996906296411757,-5.103599883762149,0.7104893536905604,-1.302385704567817,-2.354538510517363,5.796330056525936,-0.7701199644734343,10.627603250464134,3.022721840399758,1.6985767050050868,-0.9415565079219322,2.170079545470699,-0.17152339451779655,-0.7519339794455435,-1.976678315557734,6.018595965161957,-0.4355346808790544,-4.342507890144959,-0.9433673584999154,-0.30086940081360536,3.1965234769461346,3.3977853102686035,-1.5496908783002459,4.6719069386552,1.2261828459495108,0.8779771260455127,-0.41862111658994156,1.3792105880788537,-2.2567240310960237,0.32690613846405714,-0.1645838375785167,1.9289726609169036,-3.185238553091065,-0.20915757370628865,3.154311433390783,7.504532064543813,-1.0991994037768444,1.7967342617757505
-0.7024195120183531,-0.4289434561448114,0.3244075289513324,-0.05747508231207112,0.12270302869143743,-0.7849404742819774,0.260337611961405,-0.5153024587838497,0.4247222900793351,0.1098088897516074,-0.06599056149642787,-0.7701199644734343,0.448656185734071,1.1193691176043439,0.10407218035848387,-0.4846428097215173,-0.24077164327308048,0.9195680284224782,0.7629236193905267,0.7427221592669837,-0.5304645587384985,0.9206813404881591,-0.5812694165167298,-0.519707907370263,0.13672210910495158,-0.5349159467670676,0.5581267734878683,0.14449295809899437,0.003894293201485795,0.08370588804361921,-0.4638467718787691,0.4453352435077193,-0.4120940915780229,1.139692417707793,-0.099765683150594,0.7042888334595071,1.0628037172770155,0.3981038404760852,0.8302323974187494,-0.10323302849146303,0.4678174856123683,-0.43374053632530934,-0.7568629682911078,-0.09396010484742605
7.305909753568867,-5.352609996522655,-15.735394206115377,8.100740438002735,17.002346802174728,-3.6867524075203666,0.21616891017342638,-18.124749124139814,5.124270880409789,-2.856410226770624,-7.096024584719656,10.627603250464134,1.1193691176043439,38.08018972121253,9.252312218738378,1.1974926458990673,-4.425995625308079,12.829120201681478,5.1174501280637354,3.3467178301391636,-9.462397016716835,23.661556920157253,-5.487923092873183,-16.020428972598324,-1.64134876325062,-4.773765846211623,13.058601328140751,10.588917215319238,-4.321255867763406,13.73993850775494,0.04604612280898591,5.731898188574179,-4.206141446737103,12.244249587839471,-7.084978149879196,6.100352627773136,7.344104650641344,8.3594214539719,-2.8582523682307577,-1.3652766814991564,12.295975720457706,17.911718423687915,-8.653182374219435,4.344234576632749
2.1427589021218316,-1.1930587166005373,-4.141426844082226,2.0940682644218134,4.279988345523919,-0.6135677235366953,-0.056292835617786585,-4.413186741790804,1.1362254176750133,-0.7704276507389975,-1.78085407027747,3.022721840399758,0.10407218035848387,9.252312218738378,2.320629867456615,0.5018088156331059,-1.031588081026006,2.895191462173894,1.003506095819394,0.5549442665522981,-2.1990934081768843,5.6543041830494145,-1.1669443152627883,-3.86922269431701,-0.47362764398913454,-1.0043596926116267,3.0973313210725917,2.6274261760568893,-1.1053597908282475,3.4688550816739765,0.19502432327481437,1.2819487487657515,-0.9098323056529395,2.6643772281414866,-1.7683941642299614,1.2737282303020674,1.4434956991540269,1.9703395453876027,-1.0592715223373277,-0.30946114034393674,2.946934199971207,4.741550161193262,-1.903674874747573,1.1415999032517397
1.3895468936756208,0.1790129234927418,-1.489403329665291,0.6108545398959436,1.0227253828617098,0.7214312074282294,-0.3046182252977458,-0.5897703564404047,-0.1901535002694918,-0.3334242998227005,-0.4054515464072941,1.6985767050050868,-0.4846428097215173,1.1974926458990673,0.5018088156331059,0.7021003102273117,0.007690972696908184,-0.2682970905162503,-0.6143250779573391,-0.7104381048222554,0.028198743648011153,0.4678483626461097,0.35546569807255285,-0.4412679932813064,-0.2874692195654994,0.3503982807487961,0.20555681538875442,0.5622341254041963,-0.3020969659919124,0.8364547030038092,0.586027234237973,-0.1677200781007022,0.23572098201033204,-0.6009301461052068,-0.35267791427832235,-0.4787176307382358,-0.8398240402427675,0.06224334993436656,-1.2438384459880492,0.0482485263041383,0.2515249774597733,1.7678901628268215,0.3681470112384165,0.4252170284108732
-0.5949863357172722,0.6999364430745487,1.6120169172317538,-0.8749546279125783,-1.8634214729246044,0.598335008486325,-0.08585948108988677,2.104451245617451,-0.6753260266465182,0.2785161049296965,0.7831362762371569,-0.9415565079219322,-0.24077164327308048,-4.425995625308079,-1.031588081026006,0.007690972696908184,0.5504365046780365,-1.629704719157959,-0.7662997798783568,-0.5680535242445449,1.1750310941997784,-2.8045959223470747,0.7530031878623612,1.8745028457333588,0.1386953558753368,0.6653075163554785,-1.5526730014428354,-1.1676020297331375,0.46687560403259,-1.5099167036642618,0.12171280721752352,-0.7407740509713292,0.5727747060594993,-1.639301855186541,0.7995674302826257,-0.8595765434042815,-1.0862676350160565,-1.0193793707605208,0.08053916306797723,0.18536553910745185,-1.4592437752582839,-1.8243839724881001,1.148539347926582,-0.43604334232740727
1.2733410165633903,-2.152476803326102,-4.280313579619461,2.330083126344671,5.247532624996375,-2.138279809627524,0.4126501365379853,-6.080212322933647,2.0778887969464233,-0.711877811828428,-2.207974578262624,2.170079545470699,0.9195680284224782,12.829120201681478,2.895191462173894,-0.2682970905162503,-1.629704719157959,5.036814982919381,2.5141520438268112,1.9617951078763078,-3.5101039201069355,8.272068782937016,-2.3936823091560386,-5.4623390814242985,-0.3137154746283349,-2.1176018076475924,4.63915764513741,3.3709927389175127,-1.2840496621017448,4.212220870343719,-0.5878350703968259,2.2913533129261268,-1.7860273204191681,5.134459759596216,-2.2401337187807027,2.7297190289895474,3.57348663449197,3.0088739390829393,0.2218949498364752,-0.5330620463842732,4.279146782281625,4.781509977625833,-3.5622458174112634,1.1838754085866547
-0.3875411282109797,-1.1302522187691015,-0.9478284940097256,0.6755559818133997,1.7095784694025464,-1.470579062810475,0.38701381294755766,-2.415735258552836,1.1035991426187315,-0.09345352502726025,-0.7378830315800755,-0.17152339451779655,0.7629236193905267,5.1174501280637354,1.003506095819394,-0.6143250779573391,-0.7662997798783568,2.5141520438268112,1.6143308923741384,1.4133166246781752,-1.6564315753946415,3.5012488124598593,-1.3676544076813912,-2.217281485311432,0.056019137517541714,-1.2365541394950577,1.9924839535220327,1.1379843225075974,-0.3906351052034489,1.3742902284508014,-0.6917966405147604,1.1815837529404682,-1.0057930598374143,2.8131643891163955,-0.8038536406873065,1.6111793006732358,2.2470670650374,1.3582321803357715,0.9810958494890389,-0.2932657527348559,1.81508243857942,0.990504914647084,-1.921438449597784,0.2408813441525533
-0.7939937215463004,-0.8993011763291717,-0.15444218456512232,0.26947189466592625,0.8941749952991597,-1.3598132347583842,0.4030412179570466,-1.569273891377398,0.8843344380571238,0.05280779736008094,-0.3977376731961535,-0.7519339794455435,0.7427221592669837,3.3467178301391636,0.5549442665522981,-0.7104381048222554,-0.5680535242445449,1.9617951078763078,1.4133166246781752,1.3046502663036357,-1.2331374700903577,2.42174774046212,-1.1402596730156374,-1.4804912018827292,0.14617432844447825,-1.0395298404935163,1.4039186805969117,0.6469093868770722,-0.17741261645922607,0.7092095018297436,-0.7243603834560509,0.9344370864399609,-0.8273832093748866,2.2981147849966925,-0.46193956512144385,1.3638252537759263,1.9683879843349343,0.9800278572868356,1.1786257661653963,-0.23047358775425464,1.248171090569497,0.082376394066034,-1.5520440452679873,0.02528118602761288
-1.2451098062192172,1.5024235872919032,3.4236535284589378,-1.8492581241994557,-3.9801824172827223,1.3133972058918675,-0.19836764315521888,4.496546918256068,-1.448494010232429,0.5894725444946847,1.6719932287069832,-1.976678315557734,-0.5304645587384985,-9.462397016716835,-2.1990934081768843,0.028198743648011153,1.1750310941997784,-3.5101039201069355,-1.6564315753946415,-1.2331374700903577,2.5151915172672923,-6.009271303404691,1.6243742612736782,4.008397489976001,0.2918755964355451,1.433724646602814,-3.3360946367942153,-2.5047347568712484,0.9941166670775309,-3.217899077342561,0.27660370208504825,-1.593770497036775,1.2302651717119648,-3.5280857713140814,1.7017190946293559,-1.848437806893197,-2.348605128171225,-2.178898435528678,0.143706873231562,0.3905377772835974,-3.122744908044484,-3.8653618288687324,2.4676624943406598,-0.9320470821459776
4.051804303515685,-3.467735548586925,-9.35677916109826,4.859584028549345,10.371485432105125,-2.671883088190791,0.28134520855690565,-11.248928900008693,3.326251150210144,-1.672955144120863,-4.335461888320447,6.018595965161957,0.9206813404881591,23.661556920157253,5.6543041830494145,0.4678483626461097,-2.8045959223470747,8.272068782937016,3.5012488124598593,2.42174774046212,-6.009271303404691,14.831543797318227,-3.6334099125441983,-9.983483602490493,-0.92143803929642,-3.1740276439044917,8.220971876812532,6.511819986229029,-2.612353510680331,8.364717575579904,-0.21867183726572556,3.7105933154658146,-2.7615696126271225,8.021721037053027,-4.338101201061009,4.064404722151456,5.016639239439948,5.2709741308270335,-1.2894818392729108,-0.8733561533916281,7.695459382336565,10.609455550029912,-5.640011849463571,2.5892169640974987
-0.11778783827670145,1.05034499496883,1.469962272553963,-0.8782073256676055,-2.0613206418059034,1.205916707254546,-0.28066962066255785,2.5968496885592898,-1.0203733415076828,0.21327513363501202,0.8758044263781963,-0.4355346808790544,-0.5812694165167298,-5.487923092873183,-1.1669443152627883,0.35546569807255285,0.7530031878623612,-2.3936823091560386,-1.3676544076813912,-1.1402596730156374,1.6243742612736782,-3.6334099125441983,1.2216274042488044,2.3534926620436885,0.047949437409481994,1.0924316419518765,-2.0502013887259913,-1.3413194675608144,0.4921016019677945,-1.6570317782705022,0.47016924820114253,-1.1070199996302588,0.9049788399045634,-2.56108294325845,0.9168298400391207,-1.4167496029002553,-1.9189167278382866,-1.363084546560465,-0.5198606863218374,0.2677880816915454,-1.881899435521807,-1.6098802444216174,1.7624206253513544,-0.3948511575124236
-2.9696588835806805,2.2817210445157308,6.527067178084761,-3.3682259695421326,-7.111225370352391,1.6369029759714495,-0.1257087292124798,7.621286641208614,-2.1860552726797433,1.1811076954633712,2.9698330020023223,-4.342507890144959,-0.519707907370263,-16.020428972598324,-3.86922269431701,-0.4412679932813064,1.8745028457333588,-5.4623390814242985,-2.217281485311432,-1.4804912018827292,4.008397489976001,-9.983483602490493,2.3534926620436885,6.750094041313615,0.6689479073796767,2.0513825717050436,-5.517990084801769,-4.444841786525157,1.8002259994710144,-5.741454560334756,0.030003285553980335,-2.4431282152878193,1.7989005042176927,-5.238045099900355,2.964738826239193,-2.6252460312815513,-3.1881062508023037,-3.533659128593246,1.0994852501721741,0.5788833342711944,-5.1836980243636726,-7.422518262273344,3.695730629671536,-1.8049399156129753
-0.727817647107014,0.10715852531925785,1.0315970386805708,-0.4759502629628221,-0.9063112325194705,-0.13911813635190853,0.10140994740950936,0.7882844959829362,-0.09590923284202015,0.20987611189643374,0.370825499615773,-0.9433673584999154,0.13672210910495158,-1.64134876325062,-0.47362764398913454,-0.2874692195654994,0.1386953558753368,-0.3137154746283349,0.056019137517541714,0.14617432844447825,0.2918755964355451,-0.92143803929642,0.047949437409481994,0.6689479073796767,0.15469799504832182,0.027491392552867446,-0.48976526168192114,-0.5379246021227879,0.2452564100956013,-0.7357119037675106,-0.21066362083391296,-0.12319611278559052,0.050055904189531104,-0.17666671538756898,0.3513058775820148,-0.024544095613308763,0.06427791696431799,-0.28898760490527897,0.5339429738268127,0.026315869557891364,-0.48178491480272806,-1.2007476506336727,0.14505706670146284,-0.28989082586924686
-0.034640328465239074,0.935466500246093,1.2205593098795984,-0.7480696342802896,-1.7611886221894435,1.0923163584899531,-0.25906371147654733,2.2587778092960544,-0.909257096315675,0.17179299069089568,0.7510934578389825,-0.30086940081360536,-0.5349159467670676,-4.773765846211623,-1.0043596926116267,0.3503982807487961,0.6653075163554785,-2.1176018076475924,-1.2365541394950577,-1.0395298404935163,1.433724646602814,-3.1740276439044917,1.0924316419518765,2.0513825717050436,0.027491392552867446,0.9812796387496613,-1.7911318784616383,-1.1459806820709315,0.41848049320814584,-1.4175407450041788,0.4422204917102512,-0.9834780515419126,0.8098021814609053,-2.286150322547844,0.7917439677598226,-1.2741041178499304,-1.7327847272300492,-1.1990554921524452,-0.5202666804753057,0.24120684269875434,-1.6458858307936794,-1.332660121015118,1.5728475474668386,-0.3245549980515091
2.139382259888019,-1.9388445579157136,-5.078040876252951,2.628450647803919,5.695246832902247,-1.5727946347636348,0.19691694942198845,-6.202055204020363,1.8596212332909028,-0.9031449216059273,-2.3805996585464864,3.1965234769461346,0.5581267734878683,13.058601328140751,3.0973313210725917,0.20555681538875442,-1.5526730014428354,4.63915764513741,1.9924839535220327,1.4039186805969117,-3.3360946367942153,8.220971876812532,-2.0502013887259913,-5.517990084801769,-0.48976526168192114,-1.7911318784616383,4.574755656138301,3.602196401544068,-1.4254806292436097,4.579424724965623,-0.1708271527267435,2.0797111356117295,-1.5481358901099316,4.508711453709478,-2.3735091318117845,2.2914777033665814,2.861475593957037,2.9179304470784486,-0.6135610544088003,-0.47596648529764074,4.256775008762607,5.741153437293292,-3.160398406502753,1.4159899196540306
2.432385310552148,-1.359525458262468,-4.709858438504316,2.325137566003611,4.918805417387518,-0.7998611912100798,-0.01015782531931562,-5.0352660799030495,1.293016417744518,-0.8813409495988085,-2.0417865721831405,3.3977853102686035,0.14449295809899437,10.588917215319238,2.6274261760568893,0.5622341254041963,-1.1676020297331375,3.3709927389175127,1.1379843225075974,0.6469093868770722,-2.5047347568712484,6.511819986229029,-1.3413194675608144,-4.444841786525157,-0.5379246021227879,-1.1459806820709315,3.602196401544068,3.088674643509179,-1.2493485101745896,3.9518059728381014,0.21765835311472775,1.4779494493380743,-1.0254333561316116,3.0591602213439772,-1.9935311079569022,1.4493853991439947,1.6801421843468052,2.2424963344396103,-1.193785258721563,-0.3216572887013717,3.366765866871502,5.367567888831301,-2.1713743386370075,1.3303916376627016
-1.1175597257106906,0.522139842584376,2.0344700968409364,-1.0146937014106816,-2.0484138312244777,0.20091725660824372,0.05838561506116122,2.063508838477623,-0.4954122611975711,0.383789153426439,0.8498426696830952,-1.5496908783002459,0.003894293201485795,-4.321255867763406,-1.1053597908282475,-0.3020969659919124,0.46687560403259,-1.2840496621017448,-0.3906351052034489,-0.17741261645922607,0.9941166670775309,-2.612353510680331,0.4921016019677945,1.8002259994710144,0.2452564100956013,0.41848049320814584,-1.4254806292436097,-1.2493485101745896,0.5339317580900514,-1.6609679103416322,-0.14956286033462338,-0.5632579980697165,0.3884368202585057,-1.1451339928782744,0.8390880551312995,-0.5273335250952523,-0.5657343561739255,-0.8998709763720428,0.6109661347782019,0.13522222854441146,-1.3623356746401252,-2.336156422796479,0.8243401216989321,-0.5617445893977622
3.3449234448445355,-1.7205521411562248,-6.286742804772352,3.1485611925841863,6.428427485863114,-0.809463140729429,-0.11729796488450837,-6.5530352728345305,1.636084618743036,-1.1799567371097954,-2.670821287107379,4.6719069386552,0.08370588804361921,13.73993850775494,3.4688550816739765,0.8364547030038092,-1.5099167036642618,4.212220870343719,1.3742902284508014,0.7092095018297436,-3.217899077342561,8.364717575579904,-1.6570317782705022,-5.741454560334756,-0.7357119037675106,-1.4175407450041788,4.579424724965623,3.9518059728381014,-1.6609679103416322,5.205853265441047,0.37452235122719857,1.8547275425416736,-1.2947097065101292,3.8154941021094637,-2.6394352153114395,1.7938980578814578,1.9946711686505973,2.8966700742752516,-1.7373004702390533,-0.4419670640101779,4.354693213083415,7.203752093899557,-2.7331079403123244,1.7403055846150344
1.0440662997312538,0.302516780531299,-0.9023452710101951,0.33016550004735123,0.45101393741893253,0.7423537995530204,-0.2759779871545625,-0.0386763319310404,-0.3057190846526004,-0.2234617903379617,-0.17096045506704413,1.2261828459495108,-0.4638467718787691,0.04604612280898591,0.19502432327481437,0.586027234237973,0.12171280721752352,-0.5878350703968259,-0.6917966405147604,-0.7243603834560509,0.27660370208504825,-0.21867183726572556,0.47016924820114253,0.030003285553980335,-0.21066362083391296,0.4422204917102512,-0.1708271527267435,0.21765835311472775,-0.14956286033462338,0.37452235122719857,0.5283909205591567,-0.30452758164601834,0.3256167731302795,-0.8673067652882169,-0.12405431479181135,-0.5880067309585124,-0.9441407432038788,-0.16493254495897505,-1.0356286885946542,0.07641296848876775,-0.10699280565664485,1.0973526350682379,0.5602359282049428,0.2608913131388101
0.4868308554672686,-0.9882416599667813,-1.8438285470566607,1.0249652353461065,2.3054291692316338,-1.0034200675375753,0.1998961327105414,-2.7170429908462217,0.9550635187445746,-0.30061579715894476,-0.9728462902735101,0.8779771260455127,0.4453352435077193,5.731898188574179,1.2819487487657515,-0.1677200781007022,-0.7407740509713292,2.2913533129261268,1.1815837529404682,0.9344370864399609,-1.593770497036775,3.7105933154658146,-1.1070199996302588,-2.4431282152878193,-0.12319611278559052,-0.9834780515419126,2.0797111356117295,1.4779494493380743,-0.5632579980697165,1.8547275425416736,-0.30452758164601834,1.0481122926623518,-0.8267121484911947,2.364814081672606,-0.9958141382561461,1.2700959321870684,1.671638711915288,1.3611041765793956,0.18117274510799616,-0.2495503476381868,1.9228572847660401,2.0564048803050534,-1.639771496262459,0.5047965379658209
-0.1570952930766341,0.7871299940167189,1.1848623694144085,-0.7068047814327475,-1.601485602419251,0.8599936797817452,-0.1883047401459487,1.9942202328082752,-0.7648943170474576,0.17709408256067363,0.6800085019436689,-0.41862111658994156,-0.4120940915780229,-4.206141446737103,-0.9098323056529395,0.23572098201033204,0.5727747060594993,-1.7860273204191681,-1.0057930598374143,-0.8273832093748866,1.2302651717119648,-2.7615696126271225,0.9049788399045634,1.7989005042176927,0.050055904189531104,0.8098021814609053,-1.5481358901099316,-1.0254333561316116,0.3884368202585057,-1.2947097065101292,0.3256167731302795,-0.8267121484911947,0.6762654862824045,-1.9066051543666913,0.7151244736369929,-1.0517211081151274,-1.4072453217047067,-1.0371331398298593,-0.3312225559892597,0.20720806372659387,-1.4352577082175064,-1.3106359296717758,1.3170555523027994,-0.3128930066315693
0.6119641403958657,-2.2402423454398166,-3.5742246051879483,2.069765677936847,4.741029294717849,-2.4371800130978833,0.5329744608007461,-5.7996652844573315,2.1724141759541427,-0.5507011548928239,-2.008761765049265,1.3792105880788537,1.139692417707793,12.244249587839471,2.6643772281414866,-0.6009301461052068,-1.639301855186541,5.134459759596216,2.8131643891163955,2.2981147849966925,-3.5280857713140814,8.021721037053027,-2.56108294325845,-5.238045099900355,-0.17666671538756898,-2.286150322547844,4.508711453709478,3.0591602213439772,-1.1451339928782744,3.8154941021094637,-0.8673067652882169,2.364814081672606,-1.9066051543666913,5.416122640687011,-2.0840486759105774,2.9630270263813494,3.96203568749556,2.9840781224483695,0.8116637063393721,-0.5725850096262,4.15740873746103,3.9551591796603818,-3.7407913872163863,0.9657987999209279
-1.5890414120631062,0.9306079841825349,3.1283442579482306,-1.5963682212350294,-3.250804900544492,0.4980290738118564,0.03414933813346776,3.379578912890637,-0.8879188712614009,0.5795065540801014,1.35426697290496,-2.2567240310960237,-0.099765683150594,-7.084978149879196,-1.7683941642299614,-0.35267791427832235,0.7995674302826257,-2.2401337187807027,-0.8038536406873065,-0.46193956512144385,1.7017190946293559,-4.338101201061009,0.9168298400391207,2.964738826239193,0.3513058775820148,0.7917439677598226,-2.3735091318117845,-1.9935311079569022,0.8390880551312995,-2.6394352153114395,-0.12405431479181135,-0.9958141382561461,0.7151244736369929,-2.0840486759105774,1.3525028451235441,-1.0077727355897765,-1.1518647924585632,-1.5215788124650267,0.7611872603413565,0.2466715578354071,-2.2627429340813188,-3.5820712183327745,1.4881370478675091,-0.8572048795537173
-0.005984543949952589,-1.2109893929419748,-1.5149231904944587,0.9470168525835833,2.2257198068761195,-1.4249330570786787,0.3415598579354657,-2.8864910211550763,1.1790546359778316,-0.2086237486081331,-0.950386239293652,0.32690613846405714,0.7042888334595071,6.100352627773136,1.2737282303020674,-0.4787176307382358,-0.8595765434042815,2.7297190289895474,1.6111793006732358,1.3638252537759263,-1.848437806893197,4.064404722151456,-1.4167496029002553,-2.6252460312815513,-0.024544095613308763,-1.2741041178499304,2.2914777033665814,1.4493853991439947,-0.5273335250952523,1.7938980578814578,-0.5880067309585124,1.2700959321870684,-1.0517211081151274,2.9630270263813494,-1.0077727355897765,1.659866495618747,2.2592593373513608,1.5439948588071009,0.7129819420791812,-0.3158104429076092,2.108182601041743,1.6539417664302725,-2.037967624465484,0.3984398135593962
-0.4723705732147728,-1.5933976257249727,-1.4230266736354258,0.973583236816237,2.4956103301881885,-2.0796660147438364,0.5515148223969574,-3.462498938518989,1.5548611374667995,-0.15412320245615116,-1.0742910825100858,-0.1645838375785167,1.0628037172770155,7.344104650641344,1.4434956991540269,-0.8398240402427675,-1.0862676350160565,3.57348663449197,2.2470670650374,1.9683879843349343,-2.348605128171225,5.016639239439948,-1.9189167278382866,-3.1881062508023037,0.06427791696431799,-1.7327847272300492,2.861475593957037,1.6801421843468052,-0.5657343561739255,1.9946711686505973,-0.9441407432038788,1.671638711915288,-1.4072453217047067,3.96203568749556,-1.1518647924585632,2.2592593373513608,3.152912569899883,1.9314865672357986,1.3230428370311322,-0.4035869071303826,2.5909921376463982,1.4947416198535877,-2.704839562661065,0.3752745734307568
1.255675026281999,-1.2812549140866227,-3.1575310335116082,1.6834667082559926,3.579948535834132,-1.0465430962347682,0.13311254849638404,-3.974937472029175,1.2330896501640352,-0.5537597945777274,-1.5013385079032124,1.9289726609169036,0.3981038404760852,8.3594214539719,1.9703395453876027,0.06224334993436656,-1.0193793707605208,3.0088739390829393,1.3582321803357715,0.9800278572868356,-2.178898435528678,5.2709741308270335,-1.363084546560465,-3.533659128593246,-0.28898760490527897,-1.1990554921524452,2.9179304470784486,2.2424963344396103,-0.8998709763720428,2.8966700742752516,-0.16493254495897505,1.3611041765793956,-1.0371331398298593,2.9840781224483695,-1.5215788124650267,1.5439948588071009,1.9314865672357986,1.899524641547846,-0.2823642975068063,-0.3340709698503133,2.7404042199615226,3.5773684237673518,-2.0944096705483095,0.8613362510155408
-2.581428136353374,-0.2050348149652339,2.920582724710718,-1.2389532783231287,-2.1236079248762874,-1.1939998038529973,0.5296330692286193,1.3943094964501925,0.2284181287538507,0.6446397315219496,0.8513119305739266,-3.185238553091065,0.8302323974187494,-2.8582523682307577,-1.0592715223373277,-1.2438384459880492,0.08053916306797723,0.2218949498364752,0.9810958494890389,1.1786257661653963,0.143706873231562,-1.2894818392729108,-0.5198606863218374,1.0994852501721741,0.5339429738268127,-0.5202666804753057,-0.6135610544088003,-1.193785258721563,0.6109661347782019,-1.7373004702390533,-1.0356286885946542,0.18117274510799616,-0.3312225559892597,0.8116637063393721,0.7611872603413565,0.7129819420791812,1.3230428370311322,-0.2823642975068063,2.2405651383274074,-0.050999289560484225,-0.6847451909761761,-3.45881324098279,-0.4710146113527438,-0.8281744873235819
-0.10606072155310203,0.24250687614535274,0.43436838869251065,-0.2658370468603349,-0.5325553810912487,0.21692714677398858,-0.0338016744572079,0.6516322200762155,-0.23621529487516596,0.06948055999848886,0.22694966793859822,-0.20915757370628865,-0.10323302849146303,-1.3652766814991564,-0.30946114034393674,0.0482485263041383,0.18536553910745185,-0.5330620463842732,-0.2932657527348559,-0.23047358775425464,0.3905377772835974,-0.8733561533916281,0.2677880816915454,0.5788833342711944,0.026315869557891364,0.24120684269875434,-0.47596648529764074,-0.3216572887013717,0.13522222854441146,-0.4419670640101779,0.07641296848876775,-0.2495503476381868,0.20720806372659387,-0.5725850096262,0.2466715578354071,-0.3158104429076092,-0.4035869071303826,-0.3340709698503133,-0.050999289560484225,0.07472586740628855,-0.4608102514818064,-0.4938339486156012,0.40208908233848656,-0.10619874292395945
2.1207022827265978,-1.800460652035806,-4.878299537235892,2.5452465027846545,5.388926663651702,-1.3582014157639881,0.13078225421636802,-5.849312647886171,1.7270533918671702,-0.8718573979097609,-2.2538766722072747,3.154311433390783,0.4678174856123683,12.295975720457706,2.946934199971207,0.2515249774597733,-1.4592437752582839,4.279146782281625,1.81508243857942,1.248171090569497,-3.122744908044484,7.695459382336565,-1.881899435521807,-5.1836980243636726,-0.48178491480272806,-1.6458858307936794,4.256775008762607,3.366765866871502,-1.3623356746401252,4.354693213083415,-0.10699280565664485,1.9228572847660401,-1.4352577082175064,4.15740873746103,-2.2627429340813188,2.108182601041743,2.5909921376463982,2.7404042199615226,-0.6847451909761761,-0.4608102514818064,3.999509139546778,5.538016662584277,-2.9271066133745465,1.3426592467681975
5.558905832913178,-1.8885406890645045,-9.222196419416944,4.491619568922316,8.871851036012604,-0.17016029853365872,-0.485094767994608,-8.565836777148801,1.7749519287405995,-1.7914775397214622,-3.668254422244868,7.504532064543813,-0.43374053632530934,17.911718423687915,4.741550161193262,1.7678901628268215,-1.8243839724881001,4.781509977625833,0.990504914647084,0.082376394066034,-3.8653618288687324,10.609455550029912,-1.6098802444216174,-7.422518262273344,-1.2007476506336727,-1.332660121015118,5.741153437293292,5.367567888831301,-2.336156422796479,7.203752093899557,1.0973526350682379,2.0564048803050534,-1.3106359296717758,3.9551591796603818,-3.5820712183327745,1.6539417664302725,1.4947416198535877,3.5773684237673518,-3.45881324098279,-0.4938339486156012,5.538016662584277,10.645766359139953,-2.9069249914984074,2.55785717590996
-0.5351403776652177,1.5543763139016844,2.614975803654789,-1.503274035730992,-3.388546236719125,1.6380115106383322,-0.3433781827705553,4.101995226408014,-1.5062351493462993,0.41124023609482757,1.4348574471238602,-1.0991994037768444,-0.7568629682911078,-8.653182374219435,-1.903674874747573,0.3681470112384165,1.148539347926582,-3.5622458174112634,-1.921438449597784,-1.5520440452679873,2.4676624943406598,-5.640011849463571,1.7624206253513544,3.695730629671536,0.14505706670146284,1.5728475474668386,-3.160398406502753,-2.1713743386370075,0.8243401216989321,-2.7331079403123244,0.5602359282049428,-1.639771496262459,1.3170555523027994,-3.7407913872163863,1.4881370478675091,-2.037967624465484,-2.704839562661065,-2.0944096705483095,-0.4710146113527438,0.40208908233848656,-2.9271066133745465,-2.9069249914984074,2.589839280635029,-0.7040517986152798
1.3392172588687006,-0.45658498854546004,-2.225686972588017,1.0607526744944882,2.1601063077561715,-0.07926015213713976,-0.09750435008618075,-2.072100981474699,0.4273347919491655,-0.4335570495796539,-0.8917004827027722,1.7967342617757505,-0.09396010484742605,4.344234576632749,1.1415999032517397,0.4252170284108732,-0.43604334232740727,1.1838754085866547,0.2408813441525533,0.02528118602761288,-0.9320470821459776,2.5892169640974987,-0.3948511575124236,-1.8049399156129753,-0.28989082586924686,-0.3245549980515091,1.4159899196540306,1.3303916376627016,-0.5617445893977622,1.7403055846150344,0.2608913131388101,0.5047965379658209,-0.3128930066315693,0.9657987999209279,-0.8572048795537173,0.3984398135593962,0.3752745734307568,0.8613362510155408,-0.8281744873235819,-0.10619874292395945,1.3426592467681975,2.55785717590996,-0.7040517986152798,0.6304979149026095
