V1,V2,V3,V4,V5,V6,V7,V8,V9,V10,V11,V12,V13,V14,V15,V16,V17,V18,V19,V20,V21,V22,V23,V24,V25,V26,V27,V28,V29,V30,V31,V32,V33,V34,V35,V36,V37,V38,V39,V40,V41,V42,V43
34.584809655303594,-8.517006548310084,-158.60071316727422,47.23224478084457,-24.226546100176396,-212.87754417137037,-170.87338465742113,56.171053183448365,-341.28536269630155,-310.18693867383263,-105.64044638918597,-221.92383867604696,194.6509450963667,-116.90453339240953,144.69164631779668,65.77858131082638,-84.75886233142182,-170.57999959133025,-1.2029161993743591,-10.160027712228208,-106.61311732515696,-93.67593053056606,375.645243911941,-77.56758031811154,-150.03037503331822,-59.6875965767265,44.52765936114226,125.62638060344929,27.477689475484333,-27.514945856085163,-60.43446575407552,-185.0503692513507,312.52846497817734,-151.52948940367386,-20.317674419649585,156.35138714874017,-140.4015585529804,-190.5743223620447,-136.83473338323276,-13.526430337000786,181.09786792268952,-62.651144190559144,310.2543900139715
-8.517006548310084,2.2587779337229588,39.49422354777689,-11.819540033942554,6.092230386472975,53.098583394497936,42.86852596344954,-14.242359395355198,85.18756502795074,77.54453947760936,25.98834291607737,55.40460119360669,-48.82498590999458,29.108199833687717,-36.504908070960845,-16.73081328033691,20.990462898442715,42.85592465551113,-0.089018258805949,2.698194787714545,26.456466487563073,23.811492047324077,-93.96404614529985,19.15203323827316,37.293208413057165,14.994849002927115,-11.075355208474093,-31.37887941952109,-6.940757590948232,7.004633796116397,15.130940483730912,46.395687353987945,-77.91668956513726,37.90161561470571,5.334093957429903,-39.258370812712215,35.1541788353419,47.42624504267121,34.10467391944122,3.144584957356541,-45.64256321588167,15.917572544218876,-77.28427750293244
-158.60071316727422,39.49422354777689,738.2606488829072,-220.36583845548134,113.62732595968767,990.8670417076239,794.8278272144587,-260.7000345949899,1586.3725007263306,1444.3083698672838,490.5528831427587,1033.9980250238307,-905.591079832481,544.8365856691612,-673.2537983486011,-307.2235535555007,395.13985860537986,792.8822386225711,4.215552800703055,45.2196716765945,497.01109157921076,436.43204538869975,-1747.7651008879682,359.34609366883416,695.9382390738143,280.04278343394253,-206.45267996155516,-583.3625551440017,-127.54462829947659,126.31527802612246,282.847001432482,861.7012085603977,-1452.2326738034665,705.7726283096347,94.96174256594705,-727.2993826346797,651.3194119825101,884.4712630537056,636.2786399125675,64.15461329513737,-842.5104602157538,291.55339469921944,-1444.3088443310753
47.23224478084457,-11.819540033942554,-220.36583845548134,65.84211452536385,-33.96015263512513,-295.8321194608732,-237.30049471492705,77.90361130636637,-473.54421692960153,-431.3394603618723,-146.39444246503973,-308.80440807815984,270.3752462697272,-162.72107298279604,201.0557378870253,91.82280841321288,-117.99479889717963,-236.77466612991782,-1.1907255812762447,-13.431099030376776,-148.38148969587132,-130.40062308223773,521.8836604585272,-107.16469221850133,-207.6055483662273,-83.70071775586126,61.607988197015125,174.15048068582817,38.031162580212474,-37.602121217479095,-84.58363392313444,-257.28068291057957,433.5082099914897,-210.77309680104614,-28.402443443994887,217.17352682186512,-194.39301730182677,-263.8746439371455,-189.94181593322267,-19.20329503164729,251.63344734329218,-87.13042373571234,431.17588629138254
-24.226546100176396,6.092230386472975,113.62732595968767,-33.96015263512513,17.560164105987973,152.51654614895457,122.35130268798602,-40.111192341689076,244.03515049325017,222.3712431626441,75.35686754356159,159.23217572748504,-139.4099937307308,83.8977552936387,-103.68653437595111,-47.41936917719769,60.83498205698716,122.01657761086132,0.47832249186990483,6.845050457155272,76.53043524559745,67.2844411348955,-269.0110820929916,55.15845166039746,106.93352840452951,43.28055877698839,-31.71446807652516,-89.70077097379239,-19.62651294140244,19.349719656732724,43.64950119369134,132.7058765395589,-223.34754724903064,108.68312199868991,14.692932510166939,-111.96084096204774,100.12261480082255,135.9438652135994,97.8874545304624,9.914069759620407,-129.7324620766679,44.921657189304504,-222.30770709634166
-212.87754417137037,53.098583394497936,990.8670417076239,-295.8321194608732,152.51654614895457,1330.02450954132,1066.986048216367,-350.14784419487233,2129.4323798349415,1938.8554490342076,658.3675558214036,1387.9837902465156,-1215.6675316199758,731.3338892683562,-903.890694036324,-412.51984615000947,530.3331200391682,1064.5113200075418,5.570926886940745,60.80303012240993,667.0260856993921,586.0387892760921,-2346.2208171883317,482.25698668504845,934.058595106671,375.8794962157723,-277.1297653718557,-783.1314066426507,-171.18379585806173,169.57000001511565,379.7456286358908,1156.6975892380096,-1949.3935565561924,947.4195128513519,127.57534746935524,-976.3881765863941,874.3714268235008,1187.114948704043,854.0740371489943,86.03005297382425,-1131.174455679332,391.54574685883534,-1938.5811354813593
-170.87338465742113,42.86852596344954,794.8278272144587,-237.30049471492705,122.35130268798602,1066.986048216367,856.5694614512106,-281.3689782676805,1708.7063148767115,1555.5707091737722,527.5187209197462,1113.378791692238,-975.8914401696444,586.4495995752518,-726.0096175865326,-331.44836574483827,425.02957338434425,854.6755837021832,3.782805371748969,49.39952729643683,534.7567140711471,470.96860141280644,-1882.7513238225217,386.73925368677146,749.4668497967006,301.4932074185941,-222.3527992102301,-628.4717551656148,-137.62573519548252,136.64648442953057,304.45510105924205,928.4366955669246,-1564.0501948328645,760.1665615379964,102.84450008707697,-783.8598501255327,701.9984596979835,952.5652269990051,685.185984331952,68.33730212070815,-908.415793958391,314.6423328483995,-1554.996405250112
56.171053183448365,-14.242359395355198,-260.7000345949899,77.90361130636637,-40.111192341689076,-350.14784419487233,-281.3689782676805,92.74982486557987,-560.9995247328835,-510.750279026013,-172.90977533209244,-365.40413478086276,320.5423240296782,-192.39362621012154,238.69466052620035,109.01815562627611,-139.29985090707015,-280.97673692273185,-1.0448719955400028,-16.555021692503487,-175.2520065325145,-155.00331779315914,618.2968831965467,-126.83323451154354,-245.94590852302144,-98.8208030794818,73.02296383708648,206.4673428127965,45.20955398999059,-45.05224025876737,-99.93464954373988,-304.8302898615184,513.5174988480832,-249.56571122442554,-33.97918547288726,257.56388189910956,-230.71961641265526,-312.6102903672385,-224.89437298250854,-22.13764819056551,298.7022874676153,-103.62977783361387,510.1276729610983
-341.28536269630155,85.18756502795074,1586.3725007263306,-473.54421692960153,244.03515049325017,2129.4323798349415,1708.7063148767115,-560.9995247328835,3409.9205605379298,3104.217803326465,1053.9371798864738,2222.0057772155833,-1946.763332484297,1170.6564898819604,-1447.6889747081295,-660.5632276048061,848.760585359725,1704.906683854115,8.794375856916549,98.03846097441244,1067.617714202361,938.6580779443309,-3756.8427418149054,772.3272413654004,1495.9462061443487,601.3916304961327,-443.8551089473545,-1254.1933504527062,-274.2850325719182,272.1102364445886,607.6373929101829,1852.1290627635099,-3121.605082994492,1516.8536581028684,204.45553857821693,-1563.6345885541184,1400.5855737834129,1901.1799624103533,1367.5355378452396,137.17399331293572,-1811.661937327783,627.189665072719,-3103.619963829035
-310.18693867383263,77.54453947760936,1444.3083698672838,-431.3394603618723,222.3712431626441,1938.8554490342076,1555.5707091737722,-510.750279026013,3104.217803326465,2826.7081522611284,959.5004838310341,2023.4979984341053,-1772.3313963744665,1066.1490066080487,-1317.992413548124,-601.6547246003656,773.0226492124542,1552.1507112490037,7.874646835782457,88.72415300397071,972.2271327526353,854.715900621249,-3420.5688922901645,702.7804593458675,1361.3748729565423,548.0308440193639,-403.9664867289091,-1141.7019880892517,-249.51374573604437,247.16083171641705,553.7836826976019,1686.3115511355988,-2841.759501231016,1381.2535145824572,186.19099565403346,-1423.5737567595618,1274.7154992597552,1730.2545872155522,1245.0142699092733,125.30932471731435,-1649.454305050142,571.1118409334989,-2825.8446120301764
-105.64044638918597,25.98834291607737,490.5528831427587,-146.39444246503973,75.35686754356159,658.3675558214036,527.5187209197462,-172.90977533209244,1053.9371798864738,959.5004838310341,326.8705271645863,687.0365841435129,-601.0479378054266,362.2157723316773,-446.4089556976869,-203.41811274682317,262.9299793375735,526.3063895665075,3.824014899674272,29.68208083256916,330.4733103219035,289.0363192491948,-1160.8826514949899,239.1548600760615,462.56244308229077,185.75643523791453,-137.2766819109102,-387.62592324655475,-84.41756468673866,83.46142796236275,187.97976580005064,571.8980283056977,-965.1476026221534,468.7710127199719,62.485254403776395,-482.7092518275914,432.5128459543705,587.7438877840891,422.84889755343744,43.221755885070856,-558.8792534504721,193.2060298261733,-959.7951685981648
-221.92383867604696,55.40460119360669,1033.9980250238307,-308.80440807815984,159.23217572748504,1387.9837902465156,1113.378791692238,-365.40413478086276,2222.0057772155833,2023.4979984341053,687.0365841435129,1448.6317896412797,-1268.5422161131794,763.3283232816887,-943.2092333502202,-430.57557283921875,553.5499795990675,1110.8354676093202,5.788562426334469,63.217730618969476,696.1590847144577,611.593966992037,-2448.456714885535,503.09329678371046,974.4589800191799,392.44356203878,-289.14129445243066,-817.1659961133339,-178.53000355180203,176.6836495320454,396.53645287692524,1207.057633427156,-2034.1609152751107,988.774698552241,133.13732066743907,-1018.8815995736593,912.2530447841929,1238.501238574899,891.2404467679593,89.9720707748883,-1180.4373306099199,408.63572724640056,-2023.0491498097517
194.6509450963667,-48.82498590999458,-905.591079832481,270.3752462697272,-139.4099937307308,-1215.6675316199758,-975.8914401696444,320.5423240296782,-1946.763332484297,-1772.3313963744665,-601.0479378054266,-1268.5422161131794,1111.8408209980053,-668.1918783710947,827.128400054864,377.6200258288245,-484.2860986806618,-973.7213168363554,-4.329640693315118,-56.22671038956643,-609.3028642340213,-536.5563338513307,2145.070814389891,-440.61847648051196,-853.8683477152969,-343.5342182595411,253.326516716515,716.0196140882349,156.78413324453302,-155.63562701590718,-346.9078262599341,-1057.790075051324,1781.9574744116248,-866.0927016772245,-117.1528713414337,893.0530765963408,-799.764310540868,-1085.262526998537,-780.6564202185533,-77.91004199037526,1034.9444022803912,-358.4561553291847,1771.694030199441
-116.90453339240953,29.108199833687717,544.8365856691612,-162.72107298279604,83.8977552936387,731.3338892683562,586.4495995752518,-192.39362621012154,1170.6564898819604,1066.1490066080487,362.2157723316773,763.3283232816887,-668.1918783710947,402.28538925523975,-496.69952869841427,-226.70769069344618,291.80471800165134,585.0917166011415,3.2788607508647063,33.1133997077191,366.9189148813973,321.9870474769468,-1289.9400209259113,265.1267951753114,513.3981554627976,206.7897851757094,-152.34260223630008,-430.5052582749562,-93.9662800096888,92.89355201056507,209.00449389757313,635.8380290155391,-1071.7575685547579,520.9542140463419,69.98877688690105,-536.6727750358633,480.49781435511795,652.4937801171185,469.59309926529295,47.62709676558391,-621.6792195710711,215.14750535207514,-1066.0102005924402
144.69164631779668,-36.504908070960845,-673.2537983486011,201.0557378870253,-103.68653437595111,-903.890694036324,-726.0096175865326,238.69466052620035,-1447.6889747081295,-1317.992413548124,-446.4089556976869,-943.2092333502202,827.128400054864,-496.69952869841427,615.6289426781817,281.19861426402747,-359.819096885717,-724.4914944197,-2.6945518850419012,-42.16205491225883,-452.801887833491,-399.5840547345229,1595.3459789223498,-327.41992458135184,-634.8323639869217,-255.47901618117206,188.35022502605312,532.510173028712,116.73949744832773,-116.04400822957867,-257.91882143915507,-786.8528601584009,1325.004993938745,-644.0945797630103,-87.48459171233351,664.4217003291012,-594.9621915227183,-806.9276003987193,-580.4371452061744,-57.513343019224884,770.2249847535115,-266.9434459824381,1317.1618471878348
65.77858131082638,-16.73081328033691,-307.2235535555007,91.82280841321288,-47.41936917719769,-412.51984615000947,-331.44836574483827,109.01815562627611,-660.5632276048061,-601.6547246003656,-203.41811274682317,-430.57557283921875,377.6200258288245,-226.70769069344618,281.19861426402747,128.61631389810418,-164.17095598278942,-330.74639740690117,-0.8802875483435819,-19.178641575325507,-206.6278846577042,-182.66927501472244,728.1935188574953,-149.1732854003539,-289.456873699128,-116.83798391318926,85.87646897667118,242.9451990366517,53.30364667649354,-52.908516974707894,-117.86679503719812,-359.2809909571968,604.4891676256665,-294.05451083640054,-40.12115953798603,303.35341004696863,-271.43781390175457,-367.99599631227983,-264.83455580322965,-26.20158327025479,351.7720845657501,-122.00141613332032,601.0809997722112
-84.75886233142182,20.990462898442715,395.13985860537986,-117.99479889717963,60.83498205698716,530.3331200391682,425.02957338434425,-139.29985090707015,848.760585359725,773.0226492124542,262.9299793375735,553.5499795990675,-484.2860986806618,291.80471800165134,-359.819096885717,-164.17095598278942,211.76784829601309,423.9843327804969,2.6606463838387886,23.77483117633726,266.2213012044708,233.13287530439442,-935.1659431220216,192.34358207114644,372.2826615477949,149.96083110245922,-110.46409344120345,-312.09289780343084,-68.03724062245364,67.14576277804873,151.59987579302697,460.8861399316614,-777.1241303670101,377.7107804907898,50.54158242918458,-388.93260203481185,348.22500464970415,473.1190426532218,340.5242977863287,34.796676585156156,-450.403905613944,155.77628098187003,-773.1168841113943
-170.57999959133025,42.85592465551113,792.8822386225711,-236.77466612991782,122.01657761086132,1064.5113200075418,854.6755837021832,-280.97673692273185,1704.906683854115,1552.1507112490037,526.3063895665075,1110.8354676093202,-973.7213168363554,585.0917166011415,-724.4914944197,-330.74639740690117,423.9843327804969,852.9788254919429,3.807333838987396,49.463565481256694,533.3845787944639,470.04848482402696,-1878.651153804911,385.8374589494486,747.7309637553227,300.66056654809523,-221.89214761097165,-627.1821383114989,-137.27303629652982,136.38370424859454,303.7937242426868,926.2768870108121,-1560.6419098526662,758.4585021182245,102.67057032718834,-782.1914826413487,700.5743530323778,950.3505243946469,683.6383555533514,68.08130572264677,-906.5928344813047,314.1083863028585,-1551.2868334895472
-1.2029161993743591,-0.089018258805949,4.215552800703055,-1.1907255812762447,0.47832249186990483,5.570926886940745,3.782805371748969,-1.0448719955400028,8.794375856916549,7.874646835782457,3.824014899674272,5.788562426334469,-4.329640693315118,3.2788607508647063,-2.6945518850419012,-0.8802875483435819,2.6606463838387886,3.807333838987396,1.191982660830126,-0.16830395900453962,3.0943848616583147,1.323435063979161,-9.306499411389378,2.5020651076810316,4.143089653147998,1.2177303743399177,-1.2747071268917216,-3.2742168667272407,-0.3692178035568117,0.2081230956564422,1.5902213094851938,4.113063292788475,-8.405715747423715,3.7474517826171656,-0.18340062217237135,-3.447378021224671,3.363967789255736,5.1132831841784,3.670230832175181,1.0349755858685201,-3.62036578230318,0.9963918568943039,-8.31522644136158
-10.160027712228208,2.698194787714545,45.2196716765945,-13.431099030376776,6.845050457155272,60.80303012240993,49.39952729643683,-16.555021692503487,98.03846097441244,88.72415300397071,29.68208083256916,63.217730618969476,-56.22671038956643,33.1133997077191,-42.16205491225883,-19.178641575325507,23.77483117633726,49.463565481256694,-0.16830395900453962,3.6444792595784885,30.060603371177297,27.494711722325224,-107.86922061008082,22.157879718066535,43.16182974590506,16.818756262963774,-12.814901061636233,-36.20565423977153,-8.141618633871639,8.555548191043236,16.976238355219508,53.27846558474276,-89.64999418306286,43.358054431987405,6.232043491871605,-45.22725152233015,40.79200424492663,54.83725544306273,39.157000059544174,3.1464913821892684,-52.652536631064734,18.40155582708264,-88.41683660172976
-106.61311732515696,26.456466487563073,497.01109157921076,-148.38148969587132,76.53043524559745,667.0260856993921,534.7567140711471,-175.2520065325145,1067.617714202361,972.2271327526353,330.4733103219035,696.1590847144577,-609.3028642340213,366.9189148813973,-452.801887833491,-206.6278846577042,266.2213012044708,533.3845787944639,3.0943848616583147,30.060603371177297,334.7705804743509,293.43314683077034,-1176.2747833456328,241.88858889682965,468.31141494640883,188.63944843813172,-138.92847018556924,-392.54410171768296,-85.7027750525636,84.66615029449287,190.56779766711597,579.8595234371708,-977.4108218380092,475.07635833314964,63.713362286751526,-489.31702971830805,438.09935135691387,595.1769582719107,428.2879660208787,43.55600051223532,-566.7026991682994,196.02243081710813,-972.3666656607404
-93.67593053056606,23.811492047324077,436.43204538869975,-130.40062308223773,67.2844411348955,586.0387892760921,470.96860141280644,-155.00331779315914,938.6580779443309,854.715900621249,289.0363192491948,611.593966992037,-536.5563338513307,321.9870474769468,-399.5840547345229,-182.66927501472244,233.13287530439442,470.04848482402696,1.323435063979161,27.494711722325224,293.43314683077034,259.5513406573651,-1034.6260428425644,212.05979502100175,411.4352865342592,165.77003218335852,-122.07779393949339,-345.2913865182614,-75.77610082335843,75.37202452429808,167.2974193247388,510.4119032641578,-859.0113255524768,417.716786304034,57.00823271253181,-431.0527029368527,385.87111331397995,523.0320898354647,376.2943906525449,37.05445565387919,-499.87859319755023,173.38572562810205,-853.8727948679821
375.645243911941,-93.96404614529985,-1747.7651008879682,521.8836604585272,-269.0110820929916,-2346.2208171883317,-1882.7513238225217,618.2968831965467,-3756.8427418149054,-3420.5688922901645,-1160.8826514949899,-2448.456714885535,2145.070814389891,-1289.9400209259113,1595.3459789223498,728.1935188574953,-935.1659431220216,-1878.651153804911,-9.306499411389378,-107.86922061008082,-1176.2747833456328,-1034.6260428425644,4139.5204572344765,-850.5626306382707,-1647.75939008078,-662.9457338247641,488.93121152428256,1381.791437068914,302.15311825535713,-299.603042023686,-669.8381006582357,-2040.8454180084138,3439.1302470511655,-1671.4516542900058,-225.50741078990697,1722.976132523884,-1543.0092776815263,-2094.2170192175245,-1506.6686838721937,-151.17370845450822,1996.4623976980904,-691.3190315117562,3419.4885922057933
-77.56758031811154,19.15203323827316,359.34609366883416,-107.16469221850133,55.15845166039746,482.25698668504845,386.73925368677146,-126.83323451154354,772.3272413654004,702.7804593458675,239.1548600760615,503.09329678371046,-440.61847648051196,265.1267951753114,-327.41992458135184,-149.1732854003539,192.34358207114644,385.8374589494486,2.5020651076810316,22.157879718066535,241.88858889682965,212.05979502100175,-850.5626306382707,175.24047680475263,339.09745728004066,135.93954013417425,-100.60606753763186,-284.0756016264333,-62.053097230601026,61.59344786645858,137.43884892661526,419.1763392969155,-707.1517860505022,343.37508146922374,45.98590427378137,-353.86138183297714,317.18808156981714,430.8634870728598,309.77791611414676,31.23530481113427,-409.79288305742347,141.7179633209815,-702.989510133577
-150.03037503331822,37.293208413057165,695.9382390738143,-207.6055483662273,106.93352840452951,934.058595106671,749.4668497967006,-245.94590852302144,1495.9462061443487,1361.3748729565423,462.56244308229077,974.4589800191799,-853.8683477152969,513.3981554627976,-634.8323639869217,-289.456873699128,372.2826615477949,747.7309637553227,4.143089653147998,43.16182974590506,468.31141494640883,411.4352865342592,-1647.75939008078,339.09745728004066,656.5983480830224,263.5172307477454,-194.78801910936554,-550.2245733038471,-120.3761130822314,119.56759957718498,266.23895542262545,812.3143966796382,-1369.5044249545454,665.2156761876099,89.50952727608237,-685.7750798207718,614.5214142689968,834.3818413008648,599.9349686978552,60.105700503265055,-794.4143223275553,274.9048946301829,-1361.45070491878
-59.6875965767265,14.994849002927115,280.04278343394253,-83.70071775586126,43.28055877698839,375.8794962157723,301.4932074185941,-98.8208030794818,601.3916304961327,548.0308440193639,185.75643523791453,392.44356203878,-343.5342182595411,206.7897851757094,-255.47901618117206,-116.83798391318926,149.96083110245922,300.66056654809523,1.2177303743399177,16.818756262963774,188.63944843813172,165.77003218335852,-662.9457338247641,135.93954013417425,263.5172307477454,106.68016396683106,-78.15564695348326,-221.0483921418871,-48.34763183784842,47.63754101015334,107.59702431015175,327.0244220786239,-550.4200497239368,267.8466466633141,36.17881343030956,-275.89004938628267,246.70541622632504,335.00845223477734,241.24110196395787,24.485615786189616,-319.66285623910136,110.67385172586344,-547.8949250179769
44.52765936114226,-11.075355208474093,-206.45267996155516,61.607988197015125,-31.71446807652516,-277.1297653718557,-222.3527992102301,73.02296383708648,-443.8551089473545,-403.9664867289091,-137.2766819109102,-289.14129445243066,253.326516716515,-152.34260223630008,188.35022502605312,85.87646897667118,-110.46409344120345,-221.89214761097165,-1.2747071268917216,-12.814901061636233,-138.92847018556924,-122.07779393949339,488.93121152428256,-100.60606753763186,-194.78801910936554,-78.15564695348326,57.80437358099554,163.28245786359125,35.68365939276008,-35.44541382660186,-79.02656035085248,-240.97825728195102,406.3708918772771,-197.3790548372025,-26.549279407119464,203.47700221476646,-182.34554875120503,-247.52677456071498,-178.00610155089697,-17.849608129095607,235.73005510461985,-81.59338361114602,403.91384851217697
125.62638060344929,-31.37887941952109,-583.3625551440017,174.15048068582817,-89.70077097379239,-783.1314066426507,-628.4717551656148,206.4673428127965,-1254.1933504527062,-1141.7019880892517,-387.62592324655475,-817.1659961133339,716.0196140882349,-430.5052582749562,532.510173028712,242.9451990366517,-312.09289780343084,-627.1821383114989,-3.2742168667272407,-36.20565423977153,-392.54410171768296,-345.2913865182614,1381.791437068914,-284.0756016264333,-550.2245733038471,-221.0483921418871,163.28245786359125,461.36883145625586,100.87141714553512,-100.15607905416906,-223.4445303681429,-681.1455802409337,1148.1906140462602,-557.8619713484404,-75.22076040597659,575.1437457840791,-515.2515065318006,-699.2584716150618,-502.9690832110767,-50.35778005389085,666.4291862052488,-230.76223802741976,1141.3471041666194
27.477689475484333,-6.940757590948232,-127.54462829947659,38.031162580212474,-19.62651294140244,-171.18379585806173,-137.62573519548252,45.20955398999059,-274.2850325719182,-249.51374573604437,-84.41756468673866,-178.53000355180203,156.78413324453302,-93.9662800096888,116.73949744832773,53.30364667649354,-68.03724062245364,-137.27303629652982,-0.3692178035568117,-8.141618633871639,-85.7027750525636,-75.77610082335843,302.15311825535713,-62.053097230601026,-120.3761130822314,-48.34763183784842,35.68365939276008,100.87141714553512,22.226721507990653,-22.192315267294976,-48.69507018994698,-149.13986975180492,250.9698768503277,-121.95937000630968,-16.64592099637353,125.91678147594575,-112.80488762585183,-153.005670985647,-109.93686131236989,-10.712024010195373,145.9744048990873,-50.582952842436335,249.4523622417361
-27.514945856085163,7.004633796116397,126.31527802612246,-37.602121217479095,19.349719656732724,169.57000001511565,136.64648442953057,-45.05224025876737,272.1102364445886,247.16083171641705,83.46142796236275,176.6836495320454,-155.63562701590718,92.89355201056507,-116.04400822957867,-52.908516974707894,67.14576277804873,136.38370424859454,0.2081230956564422,8.555548191043236,84.66615029449287,75.37202452429808,-299.603042023686,61.59344786645858,119.56759957718498,47.63754101015334,-35.44541382660186,-100.15607905416906,-22.192315267294976,22.446550360110322,47.976584108372485,147.91851871613326,-248.94076990498897,120.80646641071286,16.662963622204238,-125.02248448540989,112.21170333121357,151.9513090450708,108.97693294776492,10.184600757330479,-145.04596220336452,50.33236410180602,-247.00428076543378
-60.43446575407552,15.130940483730912,282.847001432482,-84.58363392313444,43.64950119369134,379.7456286358908,304.45510105924205,-99.93464954373988,607.6373929101829,553.7836826976019,187.97976580005064,396.53645287692524,-346.9078262599341,209.00449389757313,-257.91882143915507,-117.86679503719812,151.59987579302697,303.7937242426868,1.5902213094851938,16.976238355219508,190.56779766711597,167.2974193247388,-669.8381006582357,137.43884892661526,266.23895542262545,107.59702431015175,-79.02656035085248,-223.4445303681429,-48.69507018994698,47.976584108372485,108.78707057548246,330.16322674924555,-556.3012278599149,270.597348651556,36.3989686709409,-278.65851888921327,249.28715970735175,338.4254825893935,243.7744237144953,24.886071018901866,-322.8622431044123,111.79677933911789,-553.4979640369977
-185.0503692513507,46.395687353987945,861.7012085603977,-257.28068291057957,132.7058765395589,1156.6975892380096,928.4366955669246,-304.8302898615184,1852.1290627635099,1686.3115511355988,571.8980283056977,1207.057633427156,-1057.790075051324,635.8380290155391,-786.8528601584009,-359.2809909571968,460.8861399316614,926.2768870108121,4.113063292788475,53.27846558474276,579.8595234371708,510.4119032641578,-2040.8454180084138,419.1763392969155,812.3143966796382,327.0244220786239,-240.97825728195102,-681.1455802409337,-149.13986975180492,147.91851871613326,330.16322674924555,1006.445883247594,-1695.3106270349747,824.0741842525745,111.41845879492308,-849.6057748284998,760.7425637432907,1032.4671917526423,742.7417996966236,74.28956761165895,-984.5364886736144,340.952205641124,-1685.8116472989564
312.52846497817734,-77.91668956513726,-1452.2326738034665,433.5082099914897,-223.34754724903064,-1949.3935565561924,-1564.0501948328645,513.5174988480832,-3121.605082994492,-2841.759501231016,-965.1476026221534,-2034.1609152751107,1781.9574744116248,-1071.7575685547579,1325.004993938745,604.4891676256665,-777.1241303670101,-1560.6419098526662,-8.405715747423715,-89.64999418306286,-977.4108218380092,-859.0113255524768,3439.1302470511655,-707.1517860505022,-1369.5044249545454,-550.4200497239368,406.3708918772771,1148.1906140462602,250.9698768503277,-248.94076990498897,-556.3012278599149,-1695.3106270349747,2857.795432595974,-1388.5644671514979,-186.97468457679685,1431.2785401817962,-1282.1155962642395,-1740.4427229207945,-1251.947400819416,-125.76939049064582,1658.2355151035076,-574.0300568139091,2841.2425641315613
-151.52948940367386,37.90161561470571,705.7726283096347,-210.77309680104614,108.68312199868991,947.4195128513519,760.1665615379964,-249.56571122442554,1516.8536581028684,1381.2535145824572,468.7710127199719,988.774698552241,-866.0927016772245,520.9542140463419,-644.0945797630103,-294.05451083640054,377.7107804907898,758.4585021182245,3.7474517826171656,43.358054431987405,475.07635833314964,417.716786304034,-1671.4516542900058,343.37508146922374,665.2156761876099,267.8466466633141,-197.3790548372025,-557.8619713484404,-121.95937000630968,120.80646641071286,270.597348651556,824.0741842525745,-1388.5644671514979,674.9562731621542,91.02866546318465,-695.6531980304268,622.8762920284008,845.4769719286384,608.3600163154243,61.19475119189525,-806.0438053405728,279.09031813141854,-1380.847578498958
-20.317674419649585,5.334093957429903,94.96174256594705,-28.402443443994887,14.692932510166939,127.57534746935524,102.84450008707697,-33.97918547288726,204.45553857821693,186.19099565403346,62.485254403776395,133.13732066743907,-117.1528713414337,69.98877688690105,-87.48459171233351,-40.12115953798603,50.54158242918458,102.67057032718834,-0.18340062217237135,6.232043491871605,63.713362286751526,57.00823271253181,-225.50741078990697,45.98590427378137,89.50952727608237,36.17881343030956,-26.549279407119464,-75.22076040597659,-16.64592099637353,16.662963622204238,36.3989686709409,111.41845879492308,-186.97468457679685,91.02866546318465,12.721961200681335,-94.14392671153934,84.2006724884578,113.84310707206197,81.89386890411276,7.739954239605781,-109.35211828222634,38.05381074693797,-185.7763250099282
156.35138714874017,-39.258370812712215,-727.2993826346797,217.17352682186512,-111.96084096204774,-976.3881765863941,-783.8598501255327,257.56388189910956,-1563.6345885541184,-1423.5737567595618,-482.7092518275914,-1018.8815995736593,893.0530765963408,-536.6727750358633,664.4217003291012,303.35341004696863,-388.93260203481185,-782.1914826413487,-3.447378021224671,-45.22725152233015,-489.31702971830805,-431.0527029368527,1722.976132523884,-353.86138183297714,-685.7750798207718,-275.89004938628267,203.47700221476646,575.1437457840791,125.91678147594575,-125.02248448540989,-278.65851888921327,-849.6057748284998,1431.2785401817962,-695.6531980304268,-94.14392671153934,717.3496453484489,-642.4209589828934,-871.6211919577963,-627.0092300205165,-62.526516132686204,831.3819916244165,-288.0004757974143,1422.925091857389
-140.4015585529804,35.1541788353419,651.3194119825101,-194.39301730182677,100.12261480082255,874.3714268235008,701.9984596979835,-230.71961641265526,1400.5855737834129,1274.7154992597552,432.5128459543705,912.2530447841929,-799.764310540868,480.49781435511795,-594.9621915227183,-271.43781390175457,348.22500464970415,700.5743530323778,3.363967789255736,40.79200424492663,438.09935135691387,385.87111331397995,-1543.0092776815263,317.18808156981714,614.5214142689968,246.70541622632504,-182.34554875120503,-515.2515065318006,-112.80488762585183,112.21170333121357,249.28715970735175,760.7425637432907,-1282.1155962642395,622.8762920284008,84.2006724884578,-642.4209589828934,575.612424666964,780.9756509942334,561.5988649579057,55.84635239052697,-744.4938943311707,257.86241013997676,-1274.245304023953
-190.5743223620447,47.42624504267121,884.4712630537056,-263.8746439371455,135.9438652135994,1187.114948704043,952.5652269990051,-312.6102903672385,1901.1799624103533,1730.2545872155522,587.7438877840891,1238.501238574899,-1085.262526998537,652.4937801171185,-806.9276003987193,-367.99599631227983,473.1190426532218,950.3505243946469,5.1132831841784,54.83725544306273,595.1769582719107,523.0320898354647,-2094.2170192175245,430.8634870728598,834.3818413008648,335.00845223477734,-247.52677456071498,-699.2584716150618,-153.005670985647,151.9513090450708,338.4254825893935,1032.4671917526423,-1740.4427229207945,845.4769719286384,113.84310707206197,-871.6211919577963,780.9756509942334,1060.333190358221,762.4432437840919,76.36144263116023,-1009.7472713493801,349.4533284921256,-1730.2781921012959
-136.83473338323276,34.10467391944122,636.2786399125675,-189.94181593322267,97.8874545304624,854.0740371489943,685.185984331952,-224.89437298250854,1367.5355378452396,1245.0142699092733,422.84889755343744,891.2404467679593,-780.6564202185533,469.59309926529295,-580.4371452061744,-264.83455580322965,340.5242977863287,683.6383555533514,3.670230832175181,39.157000059544174,428.2879660208787,376.2943906525449,-1506.6686838721937,309.77791611414676,599.9349686978552,241.24110196395787,-178.00610155089697,-502.9690832110767,-109.93686131236989,108.97693294776492,243.7744237144953,742.7417996966236,-1251.947400819416,608.3600163154243,81.89386890411276,-627.0092300205165,561.5988649579057,762.4432437840919,548.4802487521198,55.18661117755714,-726.4033914844764,251.4343493643794,-1244.845991732412
-13.526430337000786,3.144584957356541,64.15461329513737,-19.20329503164729,9.914069759620407,86.03005297382425,68.33730212070815,-22.13764819056551,137.17399331293572,125.30932471731435,43.221755885070856,89.9720707748883,-77.91004199037526,47.62709676558391,-57.513343019224884,-26.20158327025479,34.796676585156156,68.08130572264677,1.0349755858685201,3.1464913821892684,43.55600051223532,37.05445565387919,-151.17370845450822,31.23530481113427,60.105700503265055,24.485615786189616,-17.849608129095607,-50.35778005389085,-10.712024010195373,10.184600757330479,24.886071018901866,74.28956761165895,-125.76939049064582,61.19475119189525,7.739954239605781,-62.526516132686204,55.84635239052697,76.36144263116023,55.18661117755714,6.373712744370103,-72.14898304277993,24.77796068676153,-125.5955643173419
181.09786792268952,-45.64256321588167,-842.5104602157538,251.63344734329218,-129.7324620766679,-1131.174455679332,-908.415793958391,298.7022874676153,-1811.661937327783,-1649.454305050142,-558.8792534504721,-1180.4373306099199,1034.9444022803912,-621.6792195710711,770.2249847535115,351.7720845657501,-450.403905613944,-906.5928344813047,-3.62036578230318,-52.652536631064734,-566.7026991682994,-499.87859319755023,1996.4623976980904,-409.79288305742347,-794.4143223275553,-319.66285623910136,235.73005510461985,666.4291862052488,145.9744048990873,-145.04596220336452,-322.8622431044123,-984.5364886736144,1658.2355151035076,-806.0438053405728,-109.35211828222634,831.3819916244165,-744.4938943311707,-1009.7472713493801,-726.4033914844764,-72.14898304277993,963.7377619299774,-333.99880134525046,1648.3695742298087
-62.651144190559144,15.917572544218876,291.55339469921944,-87.13042373571234,44.921657189304504,391.54574685883534,314.6423328483995,-103.62977783361387,627.189665072719,571.1118409334989,193.2060298261733,408.63572724640056,-358.4561553291847,215.14750535207514,-266.9434459824381,-122.00141613332032,155.77628098187003,314.1083863028585,0.9963918568943039,18.40155582708264,196.02243081710813,173.38572562810205,-691.3190315117562,141.7179633209815,274.9048946301829,110.67385172586344,-81.59338361114602,-230.76223802741976,-50.582952842436335,50.33236410180602,111.79677933911789,340.952205641124,-574.0300568139091,279.09031813141854,38.05381074693797,-288.0004757974143,257.86241013997676,349.4533284921256,251.4343493643794,24.77796068676153,-333.99880134525046,115.86767393083046,-570.4666205598298
310.2543900139715,-77.28427750293244,-1444.3088443310753,431.17588629138254,-222.30770709634166,-1938.5811354813593,-1554.996405250112,510.1276729610983,-3103.619963829035,-2825.8446120301764,-959.7951685981648,-2023.0491498097517,1771.694030199441,-1066.0102005924402,1317.1618471878348,601.0809997722112,-773.1168841113943,-1551.2868334895472,-8.31522644136158,-88.41683660172976,-972.3666656607404,-853.8727948679821,3419.4885922057933,-702.989510133577,-1361.45070491878,-547.8949250179769,403.91384851217697,1141.3471041666194,249.4523622417361,-247.00428076543378,-553.4979640369977,-1685.8116472989564,2841.2425641315613,-1380.847578498958,-185.7763250099282,1422.925091857389,-1274.245304023953,-1730.2781921012959,-1244.845991732412,-125.5955643173419,1648.3695742298087,-570.4666205598298,2825.681183499263
