V1,V2,V3,V4,V5,V6,V7,V8,V9,V10,V11,V12,V13,V14,V15,V16,V17,V18,V19,V20,V21,V22,V23,V24,V25,V26,V27,V28,V29,V30,V31,V32,V33,V34,V35,V36,V37,V38,V39,V40,V41,V42,V43,V44
5.818964820401033,0.12645386011371645,0.45030957001303756,-2.4696214239293206,6.011557610691011,4.215864391190645,-3.16320825224704,1.1931501180286297,-0.284785755265075,4.188884928564883,3.2951037132379453,5.135633619757161,-8.969993130574508,2.1323748031010976,-0.6235130643321372,0.4793780716409942,0.41136265848926773,-2.0677268722390516,-4.910672885702797,-3.334729173899105,2.5247929296501606,4.061877985931701,9.630501394238141,-0.4058348757190213,1.7380924845381491,-2.4198630142876834,-0.6530654661523673,-6.993139910811116,2.4206319203216538,-2.0337151689159505,-0.9388679445345204,4.380194853478184,-2.5368457972459075,-4.550915876616926,-0.5397236290806534,-1.52840686092617,-3.2323757701470424,0.3493690439779492,-3.7481393836299395,1.7367083946283086,-2.6541017556282545,8.448378225925952,2.574216435080512,-2.2127383247245618
0.12645386011371645,0.1675169757854177,-0.10706028834280297,0.040885299624949537,-0.14163010163375397,0.1903686646371264,-0.052454398836053934,0.16356824653614033,-0.14245634821979405,-0.11474309900877652,-0.011168704873081269,0.1846176061577094,-0.0272524970240481,-0.4460863643391024,-0.02906499195698766,0.17654180325657257,0.06970345144425749,-0.2831412072410398,-0.17394918256729971,-0.19283566064009044,0.14207570738757053,-0.3851049134117761,0.05559547317234759,0.19560046877000598,-0.07208240052409542,0.19526913984263494,-0.18905950339055766,0.0346389673171032,-0.05613359277657223,-0.013116174727678462,0.17759790621495056,-0.22668571241069138,0.166099933187923,-0.3243824344897517,0.0675353088580693,-0.23796021502340964,-0.32576978066157136,-0.17123050669278572,-0.23242743038410763,0.030880843697467568,-0.14569405929331802,0.0043541068963463,0.2372467383574639,0.05182739721234613
0.45030957001303756,-0.10706028834280297,1.541896447259449,-1.3032318303809736,0.8063189372327824,0.6099288160461825,-0.6794072370235258,0.9406079724954647,0.07989806830042681,1.5769504869593636,1.3734668758654112,0.010895823956269797,-2.280965480972235,-0.5288888640446152,-0.6500462144421544,-0.49339325077097845,0.11337694522307504,-0.39294059819084587,-0.9428287597183128,-0.3755360066835209,0.7867983395898125,0.7650137533789205,2.5927296819462895,0.3327134723979231,0.7897025226647308,-1.0213697182791266,-0.41108491604232383,-2.5964746870920434,1.0110741115859343,-1.4012162114609383,-0.8431799486471404,1.490877991185876,-0.9205100519678763,-0.8485268665827456,0.16602774031873427,-0.04760562948643355,-0.24963303114479118,0.04020783516599132,-0.011074555959669132,0.5440912031151558,-1.0374541444643797,0.9051225330652914,0.4943932240633128,-1.0563749349523879
-2.4696214239293206,0.040885299624949537,-1.3032318303809736,1.9050218782621102,-2.8712506925666723,-1.9760091277002383,1.6699242469569353,-1.1054183472146624,0.03147851716841753,-2.7120811445874016,-2.245731392699477,-1.8687616860795484,4.993159778680944,-0.45180635622883136,0.7130824286338302,0.19150074819183432,-0.23174500987474375,1.0167993193340916,2.4683678503722026,1.4690087903427849,-1.4716574240785685,-2.1136097824045805,-5.4642970186791375,-0.057875804832619705,-1.2321599881536112,1.705827068142695,0.51553507645647,4.542860045110733,-1.6333808326125183,1.7896053511843717,0.9706325082717526,-2.723348331066974,1.6853450131738423,2.267686342693686,0.06274150664980176,0.5816564358955366,1.3291238705555226,-0.15230004697333843,1.358434758068194,-1.0175985038660431,1.7551976126478293,-3.784317625614573,-1.274275980147231,1.615099396194468
6.011557610691011,-0.14163010163375397,0.8063189372327824,-2.8712506925666723,6.835598872746088,4.1840705116934584,-3.400123895575283,1.0193137702697375,-0.018117058642477406,4.815979580311053,3.7159638329313114,5.206470728219268,-9.831194755739839,3.1151164407232166,-0.6553511860497073,0.19354048355649422,0.2880688054071943,-1.6892147315416965,-4.984655330576207,-3.215409071216445,2.483617800709177,5.210855596132091,10.47965054646969,-0.7923000696135338,2.07466358746625,-3.1508620766793207,-0.3697022487515747,-7.85917691622126,2.735424545117447,-2.2908875413337877,-1.4055439635422693,5.2639863935075075,-3.1811994432899664,-4.334147540855836,-0.6425325421284435,-1.239738963052869,-2.894927665266348,0.6429536217440179,-3.618863148228621,1.9121700617739847,-2.7122586136431552,9.17256737642534,2.3867863964980094,-2.6029485460723496
4.215864391190645,0.1903686646371264,0.6099288160461825,-1.9760091277002383,4.1840705116934584,3.2222587211099802,-2.372442698695098,1.2045663035034933,-0.3002573420921818,3.178877586160988,2.589479381094158,3.6712889945033953,-6.729304466078582,0.9361283147154899,-0.617893888286752,0.34222171598467116,0.3795987309722273,-1.7655124311104595,-3.7537846961164116,-2.5506561499503837,2.0631427060029757,2.629672572881076,7.287203440459104,-0.026068694270637825,1.3219756852141398,-1.7170563349023975,-0.7186384960782841,-5.391258665888528,1.8814238201091027,-1.7499844697743694,-0.7074451138016068,3.1737628701955316,-1.8082942585687904,-3.6179111249217235,-0.2893645271608027,-1.2566670256192642,-2.5549635737803245,0.1223539777370172,-2.7614740309557946,1.3379513370030987,-2.188605605303418,6.009052605626322,2.083454599622777,-1.729371960183573
-3.16320825224704,-0.052454398836053934,-0.6794072370235258,1.6699242469569353,-3.400123895575283,-2.372442698695098,1.8850265052483992,-0.8722929092200357,0.1119883506313681,-2.6482667309982437,-2.142938578136789,-2.7491933042621777,5.413836458696343,-1.0141219904119518,0.4920645782742074,-0.131401554437317,-0.22129005594312096,1.172046892163222,2.8377510852303103,1.8473762146033692,-1.5535193619025822,-2.4138255784665854,-5.823590688823583,0.12745320025165524,-1.1453492836166765,1.6060746557921066,0.45137691246954653,4.428229842120546,-1.5394506674629613,1.4694664870252716,0.7518550263674113,-2.7638050551389854,1.604519747940935,2.6190398136512716,0.2280415314778488,0.8331678465322321,1.7857560333358733,-0.1881422638895426,1.9999665211692732,-1.1302340582698824,1.6951019307529138,-4.740400007064791,-1.5208784902995238,1.4832443419868493
1.1931501180286297,0.16356824653614033,0.9406079724954647,-1.1054183472146624,1.0193137702697375,1.2045663035034933,-0.8722929092200357,1.0436868193841153,-0.20292850744797028,1.3973471041079453,1.2736981810077377,0.8254769204303295,-2.576409703614722,-0.8105758038665775,-0.5771981510325626,-0.047617703220172766,0.256755200520607,-0.9508265850739571,-1.4818204219392261,-0.9416988649046935,1.0385025997575033,0.36237371382467193,2.9337048625238347,0.47654337027502125,0.6246577121134848,-0.6310919575565775,-0.6422775475156225,-2.4985246206255454,0.9149307944628874,-1.202785617855013,-0.4071621554348443,1.1528609609621183,-0.654966292316237,-1.5951364857390455,0.13246840500238571,-0.5378473246372097,-1.00583166890982,-0.16528782666902206,-0.7540000560501866,0.5505898092036817,-1.2122708709972538,1.5585431237969305,0.9537354657944946,-0.8736988818205302
-0.284785755265075,-0.14245634821979405,0.07989806830042681,0.03147851716841753,-0.018117058642477406,-0.3002573420921818,0.1119883506313681,-0.20292850744797028,0.14888522022318426,-0.015428000869591852,-0.0678530824460526,-0.26923138403078106,0.23210780666710004,0.38935442170313755,0.05986287916105178,-0.15585928671517033,-0.09596824256970853,0.3348642600450386,0.3001153772398176,0.2737391602700968,-0.20073505608782416,0.28823802419168987,-0.2955232521090297,-0.1778134868019291,0.022792127106424157,-0.14718051343250105,0.1993946939868646,0.14895997948293424,-0.03480566144384077,0.0707062516406865,-0.14494438032005572,0.11211656427562866,-0.09262292458024009,0.4301668205256615,-0.03973184781352064,0.24558208253383482,0.37294220695327135,0.13880019348175218,0.2898790524108728,-0.03140396416345523,0.20131099070188657,-0.19643626220811397,-0.2678311518791571,1.6298998864662412e-4
4.188884928564883,-0.11474309900877652,1.5769504869593636,-2.7120811445874016,4.815979580311053,3.178877586160988,-2.6482667309982437,1.3973471041079453,-0.015428000869591852,4.14618466868062,3.3163335872574082,3.384003215019854,-7.855703325305673,1.4051083903396642,-0.8889983892732243,-0.17747248831486434,0.29915337078051085,-1.476860371526626,-3.9226362258322176,-2.399986887037152,2.215576490664432,3.675797102159796,8.508562490527897,-0.17288670363070965,1.8470931310665246,-2.6012900544357036,-0.6111886615218047,-6.781743531246704,2.454911771150767,-2.4512482909778286,-1.433257176951573,4.318233734986018,-2.5616912244718266,-3.4891555734701893,-0.28719971255943944,-0.90271083143364,-2.1492267038320123,0.39602703056576877,-2.392351674856466,1.6114847409476107,-2.4924077707456966,6.456305813166695,1.965028905700255,-2.366504084257037
3.2951037132379453,-0.011168704873081269,1.3734668758654112,-2.245731392699477,3.7159638329313114,2.589479381094158,-2.142938578136789,1.2736981810077377,-0.0678530824460526,3.3163335872574082,2.731053944990198,2.6549666388548183,-6.315598448452422,0.7687087407156489,-0.785058028469062,-0.10988223740414547,0.27646610150525985,-1.310227754286381,-3.178910778653458,-1.953647590756313,1.8594770364594178,2.7201063673323964,6.8636091511299755,0.004802055664286894,1.4807365437662814,-2.0523793379500206,-0.6156840835109465,-5.532307996225199,1.9745806145896223,-2.0773419271748494,-1.1206775520155512,3.375636965052994,-2.0249970511150157,-2.9299273866143163,-0.14955814684005916,-0.8188582302415999,-1.8238406320065679,0.20803334716831354,-1.9265152181538654,1.318435878609312,-2.1304088748933423,5.028334295977256,1.6770668654234937,-1.9390734839096968
5.135633619757161,0.1846176061577094,0.010895823956269797,-1.8687616860795484,5.206470728219268,3.6712889945033953,-2.7491933042621777,0.8254769204303295,-0.26923138403078106,3.384003215019854,2.6549666388548183,4.7917961580340025,-7.643159682244683,2.0967226025663366,-0.3515393758263704,0.609373501906568,0.29884935851433886,-1.7669107407486844,-4.234823563627467,-2.948642868350459,2.137901458356628,3.54808548374758,8.116797873882803,-0.43142226374401477,1.3748791067520274,-1.945734706556155,-0.5003498975251288,-5.647224504393071,1.9017310990501215,-1.477507388288695,-0.6632130837624507,3.6506917207313077,-2.004079831680215,-3.9275735364668725,-0.534359749411022,-1.4268686067487995,-2.955093076518928,0.3002793858022527,-3.4891754184931183,1.5794277056231438,-2.1376248068533217,7.519435318240932,2.3057835632379393,-1.7485071402703298
-8.969993130574508,-0.0272524970240481,-2.280965480972235,4.993159778680944,-9.831194755739839,-6.729304466078582,5.413836458696343,-2.576409703614722,0.23210780666710004,-7.855703325305673,-6.315598448452422,-7.643159682244683,15.70376723943436,-2.97498723920046,1.5155529058856232,-0.1651140700281705,-0.6226382409158324,3.251113142689749,8.120581935736913,5.201120009392086,-4.466886554343445,-7.142127064599116,-16.92167099489514,0.3911247642979007,-3.427988291442628,4.817940795036582,1.2608683490872434,13.030692937795637,-4.5896915084632335,4.420347939790886,2.3771149013084463,-8.205692294255778,4.79304504153734,7.399968608092599,0.651429165933701,2.2245692576269223,4.911238413092794,-0.6360582916861314,5.514277521179684,-3.251896959497972,4.910992946553945,-13.544298548173412,-4.252863013672135,4.414530443616796
2.1323748031010976,-0.4460863643391024,-0.5288888640446152,-0.45180635622883136,3.1151164407232166,0.9361283147154899,-1.0141219904119518,-0.8105758038665775,0.38935442170313755,1.4051083903396642,0.7687087407156489,2.0967226025663366,-2.97498723920046,3.3938990274874397,0.3483603338258286,0.008731932245137384,-0.2285958150277178,0.40652915620323704,-1.125859065036663,-0.6645290091738042,0.15912906103177113,3.2165622342845253,2.8923718157815275,-1.2592082524204429,0.6031143481346704,-1.3829900551986918,0.7404610294048477,-1.8424542832142912,0.6303309436078409,0.06224326016508023,-0.5796980359004051,2.131961106607507,-1.30375504626043,-0.4172971339647838,-0.6385518694753057,0.11384799271928393,-0.27429561637608785,0.7842164835255356,-1.1285788801624546,0.5555199782681699,-0.044399782589073136,3.828071985838691,0.12059792738088947,-0.6064358955029425
-0.6235130643321372,-0.02906499195698766,-0.6500462144421544,0.7130824286338302,-0.6553511860497073,-0.617893888286752,0.4920645782742074,-0.5771981510325626,0.05986287916105178,-0.8889983892732243,-0.785058028469062,-0.3515393758263704,1.5155529058856232,0.3483603338258286,0.35814633001445384,0.11742559413370264,-0.12874793809326837,0.4472616269650607,0.7914365578385084,0.4585571655956723,-0.5505689017487551,-0.3535646143993758,-1.7255577373198354,-0.21585947373650968,-0.4136404627620131,0.4851554209842293,0.3129629793400313,1.5518415016669096,-0.574931253224984,0.7473711592749709,0.3235199446404373,-0.775047598876106,0.492308302287391,0.8067704324960817,-0.07665039965949634,0.21364874987346907,0.4368572583121439,0.04674106989286214,0.3124713505953323,-0.30016844826161426,0.6907792786794391,-0.8690831261841881,-0.454714781636626,0.5634450740568094
0.4793780716409942,0.17654180325657257,-0.49339325077097845,0.19150074819183432,0.19354048355649422,0.34222171598467116,-0.131401554437317,-0.047617703220172766,-0.15585928671517033,-0.17747248831486434,-0.10988223740414547,0.609373501906568,-0.1651140700281705,0.008731932245137384,0.11742559413370264,0.3301988916065529,0.05194732756504059,-0.28291735081893804,-0.29115466199208884,-0.3318697333236547,0.10626474893350683,-0.1461459490865333,0.14769493434148231,0.014412614421061546,-0.1316672829730717,0.22415907035270743,-0.08274106233240558,0.15956483142803998,-0.12823482069333195,0.21864476269018368,0.29665482554815686,-0.21523171284478415,0.16786295817776933,-0.4068841964620351,-0.04277903849211684,-0.3123709539300012,-0.4720506743672082,-0.11515174805854239,-0.5171422940174925,0.03316414642922871,-0.047686122412542706,0.5012326672532574,0.27476084155224173,0.14672122815821387
0.41136265848926773,0.06970345144425749,0.11337694522307504,-0.23174500987474375,0.2880688054071943,0.3795987309722273,-0.22129005594312096,0.256755200520607,-0.09596824256970853,0.29915337078051085,0.27646610150525985,0.29884935851433886,-0.6226382409158324,-0.2285958150277178,-0.12874793809326837,0.05194732756504059,0.09702532551775536,-0.31277476769032436,-0.4247524417852338,-0.3037672158586054,0.2705265442953887,0.010491630729455519,0.724841632788129,0.12132207069862895,0.11514803221950297,-0.07689265969641366,-0.1795031065367013,-0.5681417417772634,0.20726643276767065,-0.24316582280237453,-0.01565603899542621,0.19912078066153768,-0.12583563042523996,-0.4879258760513613,0.01875758411274414,-0.19124206248543227,-0.33530053475039223,-0.06522919932996067,-0.27476778958566117,0.09010541144950093,-0.30652803339388773,0.455897974140294,0.27008269029269394,-0.16821280200320854
-2.0677268722390516,-0.2831412072410398,-0.39294059819084587,1.0167993193340916,-1.6892147315416965,-1.7655124311104595,1.172046892163222,-0.9508265850739571,0.3348642600450386,-1.476860371526626,-1.310227754286381,-1.7669107407486844,3.251113142689749,0.40652915620323704,0.4472616269650607,-0.28291735081893804,-0.31277476769032436,1.2609377960172319,2.0307373016320214,1.4405987578609138,-1.2253338407996404,-0.6249278675603002,-3.617807273650076,-0.35176170347162555,-0.5957809346545895,0.5800411301020806,0.6659247865796111,2.6942968959458815,-0.9296338233787586,1.0229782336105366,0.1841652507863986,-1.2562860007006338,0.6761772900416647,2.1699815172023778,0.0028800659898998112,0.8637866668190288,1.5812139322437428,0.17825030462185795,1.473276861737244,-0.6479999639603821,1.3221515418391745,-2.6626259736175957,-1.2910750354887406,0.8293517738760396
-4.910672885702797,-0.17394918256729971,-0.9428287597183128,2.4683678503722026,-4.984655330576207,-3.7537846961164116,2.8377510852303103,-1.4818204219392261,0.3001153772398176,-3.9226362258322176,-3.178910778653458,-4.234823563627467,8.120581935736913,-1.125859065036663,0.7914365578385084,-0.29115466199208884,-0.4247524417852338,2.0307373016320214,4.461498786941157,2.9734072790045714,-2.4636107897048323,-3.257759297977972,-8.805894672937272,0.014206380043899106,-1.6685436064134724,2.1855631441826375,0.8413458217018684,6.613581672911776,-2.3226420523927214,2.224825645982647,0.9844389578702742,-3.967786183073833,2.2432628409325766,4.221146705984448,0.31749843119046345,1.4039913200811351,2.929335735969814,-0.18153356237840143,3.165105321927528,-1.6531422781597827,2.6450009043731155,-7.107141756596322,-2.4498777893353854,2.1576317458079086
-3.334729173899105,-0.19283566064009044,-0.3755360066835209,1.4690087903427849,-3.215409071216445,-2.5506561499503837,1.8473762146033692,-0.9416988649046935,0.2737391602700968,-2.399986887037152,-1.953647590756313,-2.948642868350459,5.201120009392086,-0.6645290091738042,0.4585571655956723,-0.3318697333236547,-0.3037672158586054,1.4405987578609138,2.9734072790045714,2.052938724150206,-1.622863491362885,-1.9463888530525628,-5.6346327239610146,-0.019852173057199645,-0.9906619022496788,1.2473656624525251,0.5900396711521314,4.0988280195069775,-1.4193001622209656,1.3115403611386562,0.4777840035624426,-2.38958365972654,1.3177022417946493,2.882514271230661,0.22152556389354291,1.0386005999021684,2.0850588537084715,-0.059215013966592164,2.242148661633585,-1.0486575448480122,1.699081957723237,-4.704453795372527,-1.6840338059253355,1.2894822509802863
2.5247929296501606,0.14207570738757053,0.7867983395898125,-1.4716574240785685,2.483617800709177,2.0631427060029757,-1.5535193619025822,1.0385025997575033,-0.20073505608782416,2.215576490664432,1.8594770364594178,2.137901458356628,-4.466886554343445,0.15912906103177113,-0.5505689017487551,0.10626474893350683,0.2705265442953887,-1.2253338407996404,-2.4636107897048323,-1.622863491362885,1.471756313049029,1.536298302446813,4.882552724359202,0.18555624236246845,0.9508154197629612,-1.170748007954276,-0.6141150235970785,-3.7667245136283753,1.3424799327717498,-1.4146970390473812,-0.5959747629596104,2.1498942675324084,-1.1876764129435713,-2.412800686457477,-0.09166709231383582,-0.813405310399604,-1.6485880231626593,0.021115083162971747,-1.6442756576582276,0.9530375726844444,-1.5878698196449346,3.62545394096055,1.4303031578419947,-1.2640076717094775
4.061877985931701,-0.3851049134117761,0.7650137533789205,-2.1136097824045805,5.210855596132091,2.629672572881076,-2.4138255784665854,0.36237371382467193,0.28823802419168987,3.675797102159796,2.7201063673323964,3.54808548374758,-7.142127064599116,3.2165622342845253,-0.3535646143993758,-0.1461459490865333,0.010491630729455519,-0.6249278675603002,-3.257759297977972,-1.9463888530525628,1.536298302446813,4.627260933885399,7.4948435068057835,-0.9625312751799799,1.6403035356704707,-2.706900945793172,0.11531565771139175,-5.713563415780774,2.027481651189598,-1.6038463127546743,-1.3874183637875375,4.3136712452413795,-2.5889139445534655,-2.48099685166791,-0.5931835851190622,-0.47841084736847417,-1.5231440235863911,0.7892789150134591,-2.254523975974975,1.4723853864795857,-1.6628728934760262,6.72898925811011,1.3434465552024428,-1.9970401418082282
9.630501394238141,0.05559547317234759,2.5927296819462895,-5.4642970186791375,10.47965054646969,7.287203440459104,-5.823590688823583,2.9337048625238347,-0.2955232521090297,8.508562490527897,6.8636091511299755,8.116797873882803,-16.92167099489514,2.8923718157815275,-1.7255577373198354,0.14769493434148231,0.724841632788129,-3.617807273650076,-8.805894672937272,-5.6346327239610146,4.882552724359202,7.4948435068057835,18.294810005740057,-0.2951267750790485,3.7155270281221258,-5.151645872623439,-1.4605894297695656,-14.158346925355445,5.0045510678869665,-4.8875998655798245,-2.5601413582587154,8.800162547187892,-5.152707314788971,-8.075551240803412,-0.6478031954319067,-2.424991308350528,-5.328423820304226,0.6250256077895562,-5.8940618819847135,3.4738925984769033,-5.397911644406366,14.442944615602546,4.629137722949687,-4.791570839455029
-0.4058348757190213,0.19560046877000598,0.3327134723979231,-0.057875804832619705,-0.7923000696135338,-0.026068694270637825,0.12745320025165524,0.47654337027502125,-0.1778134868019291,-0.17288670363070965,0.004802055664286894,-0.43142226374401477,0.3911247642979007,-1.2592082524204429,-0.21585947373650968,0.014412614421061546,0.12132207069862895,-0.35176170347162555,0.014206380043899106,-0.019852173057199645,0.18555624236246845,-0.9625312751799799,-0.2951267750790485,0.5189681320494787,-0.06944839001988609,0.3358412760282955,-0.38212073011232317,0.0951395085083376,-0.024005612046096695,-0.25600418793283897,0.11441514758629354,-0.4403632864056678,0.32104454542989297,-0.2300161178427763,0.2281914184700767,-0.17572589644142353,-0.1743538117776036,-0.29221365806175376,0.14859246997377323,-0.029557895212384278,-0.23673655567784954,-0.8520944430379505,0.20351228337315114,0.026489431093815907
1.7380924845381491,-0.07208240052409542,0.7897025226647308,-1.2321599881536112,2.07466358746625,1.3219756852141398,-1.1453492836166765,0.6246577121134848,0.022792127106424157,1.8470931310665246,1.4807365437662814,1.3748791067520274,-3.427988291442628,0.6031143481346704,-0.4136404627620131,-0.1316672829730717,0.11514803221950297,-0.5957809346545895,-1.6685436064134724,-0.9906619022496788,0.9508154197629612,1.6403035356704707,3.7155270281221258,-0.06944839001988609,0.8396717124709943,-1.1988311501213795,-0.25640145408020554,-3.0210618113682655,1.0918165921206089,-1.126699970669512,-0.6838510729100045,1.9395999155119403,-1.1599738977796097,-1.4554777462375854,-0.1033253133540868,-0.3458101090982287,-0.8622736237661967,0.18014927042359546,-0.960136419055219,0.7173448896183503,-1.0984311592460274,2.739066616743824,0.8234609903078002,-1.072743376943049
-2.4198630142876834,0.19526913984263494,-1.0213697182791266,1.705827068142695,-3.1508620766793207,-1.7170563349023975,1.6060746557921066,-0.6310919575565775,-0.14718051343250105,-2.6012900544357036,-2.0523793379500206,-1.945734706556155,4.817940795036582,-1.3829900551986918,0.4851554209842293,0.22415907035270743,-0.07689265969641366,0.5800411301020806,2.1855631441826375,1.2473656624525251,-1.170748007954276,-2.706900945793172,-5.151645872623439,0.3358412760282955,-1.1988311501213795,1.8739128615484233,0.15813054908286184,4.211379390306943,-1.4890314948852508,1.4683226800656348,1.0322768416491384,-2.867239861837591,1.7900689288502423,1.784886555216033,0.2033310941722213,0.3515859255367749,1.0033389337725582,-0.36377118764544847,1.2757612221246242,-1.0049712405451399,1.40502944050211,-4.001403372284286,-0.9824991613112792,1.5193783404965187
-0.6530654661523673,-0.18905950339055766,-0.41108491604232383,0.51553507645647,-0.3697022487515747,-0.7186384960782841,0.45137691246954653,-0.6422775475156225,0.1993946939868646,-0.6111886615218047,-0.6156840835109465,-0.5003498975251288,1.2608683490872434,0.7404610294048477,0.3129629793400313,-0.08274106233240558,-0.1795031065367013,0.6659247865796111,0.8413458217018684,0.5900396711521314,-0.6141150235970785,0.11531565771139175,-1.4605894297695656,-0.38212073011232317,-0.25640145408020554,0.15813054908286184,0.4547709645916816,1.1918416965336884,-0.4204848816716335,0.6080114626940168,0.0845024303284016,-0.4010555201512873,0.19335629941795948,1.0034358286252596,-0.11025315119383862,0.4193236039956475,0.7080061247027274,0.1939852962263611,0.5083090061623345,-0.28216110568121944,0.6916510892244737,-0.7274340533407092,-0.6248579657809876,0.39114320364977295
-6.993139910811116,0.0346389673171032,-2.5964746870920434,4.542860045110733,-7.85917691622126,-5.391258665888528,4.428229842120546,-2.4985246206255454,0.14895997948293424,-6.781743531246704,-5.532307996225199,-5.647224504393071,13.030692937795637,-1.8424542832142912,1.5518415016669096,0.15956483142803998,-0.5681417417772634,2.6942968959458815,6.613581672911776,4.0988280195069775,-3.7667245136283753,-5.713563415780774,-14.158346925355445,0.0951395085083376,-3.0210618113682655,4.211379390306943,1.1918416965336884,11.32570261020182,-4.024911677093383,4.147442707202299,2.222805329418785,-6.9401332900963535,4.186803162918201,6.051463394416498,0.3551468649323913,1.694260891667544,3.7939329635251466,-0.45447704060410227,4.09282715367939,-2.6599755081819247,4.328780728768674,-10.598469204697874,-3.433076208769197,3.921820077992412
2.4206319203216538,-0.05613359277657223,1.0110741115859343,-1.6333808326125183,2.735424545117447,1.8814238201091027,-1.5394506674629613,0.9149307944628874,-0.03480566144384077,2.454911771150767,1.9745806145896223,1.9017310990501215,-4.5896915084632335,0.6303309436078409,-0.574931253224984,-0.12823482069333195,0.20726643276767065,-0.9296338233787586,-2.3226420523927214,-1.4193001622209656,1.3424799327717498,2.027481651189598,5.0045510678869665,-0.024005612046096695,1.0918165921206089,-1.4890314948852508,-0.4204848816716335,-4.024911677093383,1.4762681590778997,-1.5072525662817733,-0.8440651751788072,2.5002326592259294,-1.4819452362481575,-2.0987450931120812,-0.14143248648410112,-0.5419023522383349,-1.2758796058645467,0.20364423871488654,-1.3643333999053378,0.9255773998521448,-1.5136996872001374,3.6756988811069764,1.1749544916130208,-1.4042063866808374
-2.0337151689159505,-0.013116174727678462,-1.4012162114609383,1.7896053511843717,-2.2908875413337877,-1.7499844697743694,1.4694664870252716,-1.202785617855013,0.0707062516406865,-2.4512482909778286,-2.0773419271748494,-1.477507388288695,4.420347939790886,0.06224326016508023,0.7473711592749709,0.21864476269018368,-0.24316582280237453,1.0229782336105366,2.224825645982647,1.3115403611386562,-1.4146970390473812,-1.6038463127546743,-4.8875998655798245,-0.25600418793283897,-1.126699970669512,1.4683226800656348,0.6080114626940168,4.147442707202299,-1.5072525662817733,1.7730037026057373,0.900888759670323,-2.380435661314003,1.4319850916466197,2.1064509976947248,-0.03308087868059719,0.5556266615680123,1.2263662111362739,-0.049788164460622494,1.1241671159533555,-0.942086806180944,1.6883034395126826,-3.084536303016717,-1.2209587800749415,1.4933382019127601
-0.9388679445345204,0.17759790621495056,-0.8431799486471404,0.9706325082717526,-1.4055439635422693,-0.7074451138016068,0.7518550263674113,-0.4071621554348443,-0.14494438032005572,-1.433257176951573,-1.1206775520155512,-0.6632130837624507,2.3771149013084463,-0.5796980359004051,0.3235199446404373,0.29665482554815686,-0.01565603899542621,0.1841652507863986,0.9844389578702742,0.4777840035624426,-0.5959747629596104,-1.3874183637875375,-2.5601413582587154,0.11441514758629354,-0.6838510729100045,1.0322768416491384,0.0845024303284016,2.222805329418785,-0.8440651751788072,0.900888759670323,0.7037684172971777,-1.578875340074892,0.939947824061859,0.7306663787948026,0.07614897522340437,0.03386068737027937,0.30308241202397407,-0.23972025888895662,0.3810292115639235,-0.5382240045671036,0.7064312604686972,-1.7238148242076612,-0.4062846926047551,0.8584367933699241
4.380194853478184,-0.22668571241069138,1.490877991185876,-2.723348331066974,5.2639863935075075,3.1737628701955316,-2.7638050551389854,1.1528609609621183,0.11211656427562866,4.318233734986018,3.375636965052994,3.6506917207313077,-8.205692294255778,2.131961106607507,-0.775047598876106,-0.21523171284478415,0.19912078066153768,-1.2562860007006338,-3.967786183073833,-2.38958365972654,2.1498942675324084,4.3136712452413795,8.800162547187892,-0.4403632864056678,1.9395999155119403,-2.867239861837591,-0.4010555201512873,-6.9401332900963535,2.5002326592259294,-2.380435661314003,-1.578875340074892,4.703152270202436,-2.7585364337502405,-3.3490301635077255,-0.4041818502203387,-0.7915036439353591,-2.0575971693849073,0.5728499772384897,-2.481637118375432,1.7335220625124073,-2.388214837392007,6.990444161155937,1.898546773131011,-2.439210315693418
-2.5368457972459075,0.166099933187923,-0.9205100519678763,1.6853450131738423,-3.1811994432899664,-1.8082942585687904,1.604519747940935,-0.654966292316237,-0.09262292458024009,-2.5616912244718266,-2.0249970511150157,-2.004079831680215,4.79304504153734,-1.30375504626043,0.492308302287391,0.16786295817776933,-0.12583563042523996,0.6761772900416647,2.2432628409325766,1.3177022417946493,-1.1876764129435713,-2.5889139445534655,-5.152707314788971,0.32104454542989297,-1.1599738977796097,1.7900689288502423,0.19335629941795948,4.186803162918201,-1.4819452362481575,1.4319850916466197,0.939947824061859,-2.7585364337502405,1.7678875751585776,1.8960135408952654,0.2081254344106589,0.41190986085402803,1.0846686326514121,-0.3285159259652548,1.3450025452093337,-0.9304825859977779,1.43159939152513,-4.037012949899789,-1.007969380682013,1.4779103697451266
-4.550915876616926,-0.3243824344897517,-0.8485268665827456,2.267686342693686,-4.334147540855836,-3.6179111249217235,2.6190398136512716,-1.5951364857390455,0.4301668205256615,-3.4891555734701893,-2.9299273866143163,-3.9275735364668725,7.399968608092599,-0.4172971339647838,0.8067704324960817,-0.4068841964620351,-0.4879258760513613,2.1699815172023778,4.221146705984448,2.882514271230661,-2.412800686457477,-2.48099685166791,-8.075551240803412,-0.2300161178427763,-1.4554777462375854,1.784886555216033,1.0034358286252596,6.051463394416498,-2.0987450931120812,2.1064509976947248,0.7306663787948026,-3.3490301635077255,1.8960135408952654,4.2010959877012635,0.19755285365439804,1.5171469957046884,2.974732375317557,0.026631593481954572,3.046228159247347,-1.4948124916106371,2.603607048251256,-6.351489931344869,-2.456147701810036,1.9433895517332478
-0.5397236290806534,0.0675353088580693,0.16602774031873427,0.06274150664980176,-0.6425325421284435,-0.2893645271608027,0.2280415314778488,0.13246840500238571,-0.03973184781352064,-0.28719971255943944,-0.14955814684005916,-0.534359749411022,0.651429165933701,-0.6385518694753057,-0.07665039965949634,-0.04277903849211684,0.01875758411274414,0.0028800659898998112,0.31749843119046345,0.22152556389354291,-0.09166709231383582,-0.5931835851190622,-0.6478031954319067,0.2281914184700767,-0.1033253133540868,0.2033310941722213,-0.11025315119383862,0.3551468649323913,-0.14143248648410112,-0.03308087868059719,0.07614897522340437,-0.4041818502203387,0.2081254344106589,0.19755285365439804,0.15531138309808237,0.034194782773726805,0.1608166814486136,-0.15500928352105642,0.3231136366405137,-0.11459564908188526,0.021977024960059852,-0.8659660078497183,-0.08976947923427478,0.09825232227655759
-1.52840686092617,-0.23796021502340964,-0.04760562948643355,0.5816564358955366,-1.239738963052869,-1.2566670256192642,0.8331678465322321,-0.5378473246372097,0.24558208253383482,-0.90271083143364,-0.8188582302415999,-1.4268686067487995,2.2245692576269223,0.11384799271928393,0.21364874987346907,-0.3123709539300012,-0.19124206248543227,0.8637866668190288,1.4039913200811351,1.0386005999021684,-0.813405310399604,-0.47841084736847417,-2.424991308350528,-0.17572589644142353,-0.3458101090982287,0.3515859255367749,0.4193236039956475,1.694260891667544,-0.5419023522383349,0.5556266615680123,0.03386068737027937,-0.7915036439353591,0.41190986085402803,1.5171469957046884,0.034194782773726805,0.6657430876906807,1.1832942123859127,0.13271835717988514,1.1667905596638974,-0.4704758014602771,0.8497640317453737,-2.001307153367081,-0.9272769867862205,0.49803732996017336
-3.2323757701470424,-0.32576978066157136,-0.24963303114479118,1.3291238705555226,-2.894927665266348,-2.5549635737803245,1.7857560333358733,-1.00583166890982,0.37294220695327135,-2.1492267038320123,-1.8238406320065679,-2.955093076518928,4.911238413092794,-0.27429561637608785,0.4368572583121439,-0.4720506743672082,-0.33530053475039223,1.5812139322437428,2.929335735969814,2.0850588537084715,-1.6485880231626593,-1.5231440235863911,-5.328423820304226,-0.1743538117776036,-0.8622736237661967,1.0033389337725582,0.7080061247027274,3.7939329635251466,-1.2758796058645467,1.2263662111362739,0.30308241202397407,-2.0575971693849073,1.0846686326514121,2.974732375317557,0.1608166814486136,1.1832942123859127,2.2434410151301756,0.08138091054500592,2.316430746182867,-1.0321886270355185,1.7040991675359052,-4.439962185392158,-1.7908617923662014,1.1634948200585482
0.3493690439779492,-0.17123050669278572,0.04020783516599132,-0.15230004697333843,0.6429536217440179,0.1223539777370172,-0.1881422638895426,-0.16528782666902206,0.13880019348175218,0.39602703056576877,0.20803334716831354,0.3002793858022527,-0.6360582916861314,0.7842164835255356,0.04674106989286214,-0.11515174805854239,-0.06522919932996067,0.17825030462185795,-0.18153356237840143,-0.059215013966592164,0.021115083162971747,0.7892789150134591,0.6250256077895562,-0.29221365806175376,0.18014927042359546,-0.36377118764544847,0.1939852962263611,-0.45447704060410227,0.20364423871488654,-0.049788164460622494,-0.23972025888895662,0.5728499772384897,-0.3285159259652548,0.026631593481954572,-0.15500928352105642,0.13271835717988514,0.08138091054500592,0.24110287007208778,-0.09807459916429599,0.12050957265135906,0.02289056754091464,0.7336004623792134,-0.05610044165772339,-0.1790001267021515
-3.7481393836299395,-0.23242743038410763,-0.011074555959669132,1.358434758068194,-3.618863148228621,-2.7614740309557946,1.9999665211692732,-0.7540000560501866,0.2898790524108728,-2.392351674856466,-1.9265152181538654,-3.4891754184931183,5.514277521179684,-1.1285788801624546,0.3124713505953323,-0.5171422940174925,-0.27476778958566117,1.473276861737244,3.165105321927528,2.242148661633585,-1.6442756576582276,-2.254523975974975,-5.8940618819847135,0.14859246997377323,-0.960136419055219,1.2757612221246242,0.5083090061623345,4.09282715367939,-1.3643333999053378,1.1241671159533555,0.3810292115639235,-2.481637118375432,1.3450025452093337,3.046228159247347,0.3231136366405137,1.1667905596638974,2.316430746182867,-0.09807459916429599,2.6140007499621465,-1.1370154091526758,1.6616593068457195,-5.341953260040413,-1.8043185027950546,1.2451327444960547
1.7367083946283086,0.030880843697467568,0.5440912031151558,-1.0175985038660431,1.9121700617739847,1.3379513370030987,-1.1302340582698824,0.5505898092036817,-0.03140396416345523,1.6114847409476107,1.318435878609312,1.5794277056231438,-3.251896959497972,0.5555199782681699,-0.30016844826161426,0.03316414642922871,0.09010541144950093,-0.6479999639603821,-1.6531422781597827,-1.0486575448480122,0.9530375726844444,1.4723853864795857,3.4738925984769033,-0.029557895212384278,0.7173448896183503,-1.0049712405451399,-0.28216110568121944,-2.6599755081819247,0.9255773998521448,-0.942086806180944,-0.5382240045671036,1.7335220625124073,-0.9304825859977779,-1.4948124916106371,-0.11459564908188526,-0.4704758014602771,-1.0321886270355185,0.12050957265135906,-1.1370154091526758,0.7803126590036779,-1.0120894247347125,2.739633559467506,0.932631500427926,-0.929267765077156
-2.6541017556282545,-0.14569405929331802,-1.0374541444643797,1.7551976126478293,-2.7122586136431552,-2.188605605303418,1.6951019307529138,-1.2122708709972538,0.20131099070188657,-2.4924077707456966,-2.1304088748933423,-2.1376248068533217,4.910992946553945,-0.044399782589073136,0.6907792786794391,-0.047686122412542706,-0.30652803339388773,1.3221515418391745,2.6450009043731155,1.699081957723237,-1.5878698196449346,-1.6628728934760262,-5.397911644406366,-0.23673655567784954,-1.0984311592460274,1.40502944050211,0.6916510892244737,4.328780728768674,-1.5136996872001374,1.6883034395126826,0.7064312604686972,-2.388214837392007,1.43159939152513,2.603607048251256,0.021977024960059852,0.8497640317453737,1.7040991675359052,0.02289056754091464,1.6616593068457195,-1.0120894247347125,1.8373553163638063,-3.814841912677822,-1.5165790551371343,1.4740929842287358
8.448378225925952,0.0043541068963463,0.9051225330652914,-3.784317625614573,9.17256737642534,6.009052605626322,-4.740400007064791,1.5585431237969305,-0.19643626220811397,6.456305813166695,5.028334295977256,7.519435318240932,-13.544298548173412,3.828071985838691,-0.8690831261841881,0.5012326672532574,0.455897974140294,-2.6626259736175957,-7.107141756596322,-4.704453795372527,3.62545394096055,6.72898925811011,14.442944615602546,-0.8520944430379505,2.739066616743824,-4.001403372284286,-0.7274340533407092,-10.598469204697874,3.6756988811069764,-3.084536303016717,-1.7238148242076612,6.990444161155937,-4.037012949899789,-6.351489931344869,-0.8659660078497183,-2.001307153367081,-4.439962185392158,0.7336004623792134,-5.341953260040413,2.739633559467506,-3.814841912677822,12.708562991119543,3.6214714482918,-3.456013432965854
2.574216435080512,0.2372467383574639,0.4943932240633128,-1.274275980147231,2.3867863964980094,2.083454599622777,-1.5208784902995238,0.9537354657944946,-0.2678311518791571,1.965028905700255,1.6770668654234937,2.3057835632379393,-4.252863013672135,0.12059792738088947,-0.454714781636626,0.27476084155224173,0.27008269029269394,-1.2910750354887406,-2.4498777893353854,-1.6840338059253355,1.4303031578419947,1.3434465552024428,4.629137722949687,0.20351228337315114,0.8234609903078002,-0.9824991613112792,-0.6248579657809876,-3.433076208769197,1.1749544916130208,-1.2209587800749415,-0.4062846926047551,1.898546773131011,-1.007969380682013,-2.456147701810036,-0.08976947923427478,-0.9272769867862205,-1.7908617923662014,-0.05610044165772339,-1.8043185027950546,0.932631500427926,-1.5165790551371343,3.6214714482918,1.495825526607673,-1.106752136645466
-2.2127383247245618,0.05182739721234613,-1.0563749349523879,1.615099396194468,-2.6029485460723496,-1.729371960183573,1.4832443419868493,-0.8736988818205302,1.6298998864662412e-4,-2.366504084257037,-1.9390734839096968,-1.7485071402703298,4.414530443616796,-0.6064358955029425,0.5634450740568094,0.14672122815821387,-0.16821280200320854,0.8293517738760396,2.1576317458079086,1.2894822509802863,-1.2640076717094775,-1.9970401418082282,-4.791570839455029,0.026489431093815907,-1.072743376943049,1.5193783404965187,0.39114320364977295,3.921820077992412,-1.4042063866808374,1.4933382019127601,0.8584367933699241,-2.439210315693418,1.4779103697451266,1.9433895517332478,0.09825232227655759,0.49803732996017336,1.1634948200585482,-0.1790001267021515,1.2451327444960547,-0.929267765077156,1.4740929842287358,-3.456013432965854,-1.106752136645466,1.3971826918070274
