V1,V2,V3,V4,V5,V6,V7,V8,V9,V10,V11,V12,V13,V14,V15,V16,V17,V18,V19,V20,V21,V22,V23,V24,V25,V26,V27,V28,V29,V30,V31,V32,V33,V34,V35,V36,V37,V38,V39,V40,V41,V42,V43,V44
7.4202947153501775,-6.032838214924475,3.0637619997855303,3.249289624245436,4.072333150505506,0.1719526147936266,2.5851005202893664,4.022384580013694,0.10118664527264838,1.4021807065804324,7.856834499647719,3.8482989083817523,-4.8151610763022,5.523771471745033,5.583901464960684,1.2905932801772624,-6.453544728816227,-2.1222360407048524,5.193108793507757,-7.544991606319766,-0.9965308540844466,-2.9354607788173213,5.696194079640038,-0.9162190624722476,-0.8455200796112274,2.522939414905372,1.6912652098303187,-3.311730386743859,3.2864976856573964,-1.4284940153782981,1.8733440677713502,2.370395725068979,1.7010258420611963,3.25606630872533,-1.0233024443526986,2.2421580431872146,-4.4597440144217435,-0.02796335924482704,1.0901998358327587,-1.3975974945719494,0.34011133713285197,5.564618222903772,-4.302486273815189,-0.9033675889099272
-6.032838214924475,5.456548475582355,-2.5678052776145623,-3.3492170485558757,-2.91214031782599,0.3572946787226489,-2.760042402802677,-3.4403579224004335,-0.098819757478496,-0.6368553523441318,-6.60344106786366,-2.9079107146160585,3.124536086572456,-4.7526003456212464,-5.180755909409435,-1.174544788410942,5.887448439186689,1.6831894712474003,-5.326355575558418,6.439853862357281,1.2505298821248365,3.241041297323264,-3.82218236186701,0.7879418794891344,1.0460517916515768,-2.6840588729889583,-1.6241047950252554,1.9544441175195675,-2.6063721493442378,0.9357058958375967,-1.9025201559744913,-1.4787180681066097,-1.937015552823211,-3.509913565932991,0.875780355492381,-2.185994553653355,3.679893439485879,0.08205231612904983,-1.3921030317851997,1.5203684193441789,-0.694486003800329,-3.9879843548134017,4.21497964609787,0.46112624501630917
3.0637619997855303,-2.5678052776145623,1.2781594360742294,1.441511387895945,1.6252963441567387,0.002366845235052126,1.16067037934903,1.6845888435712029,0.04483355837749664,0.5088609981706231,3.275621490969748,1.558146987939463,-1.8776948184878433,2.3195255360872613,2.395251002455011,0.549180404488954,-2.7553092680156928,-0.8693704459043178,2.299113645558481,-3.1581641833218823,-0.47187955772776663,-1.3314300711954528,2.239184981054806,-0.38556272579500445,-0.39880520444669554,1.1296763041757416,0.7331688708622002,-1.264547868789914,1.3471340142798816,-0.5575585956114522,0.8252953211663082,0.9179114268089669,0.7795510520445974,1.4647969860286385,-0.43004462493541556,0.9783546444563761,-1.8480988401895193,-0.019697424114554947,0.5215958963226293,-0.6305650905419707,0.19944518574903908,2.221912359450296,-1.8776816473587512,-0.33536101053867257
3.249289624245436,-3.3492170485558757,1.441511387895945,2.339942372723607,1.2653946068586606,-0.5644034425953234,1.9886198982784817,1.980998426364396,0.06480640415220648,-0.03870939707723934,3.7236855676709486,1.4048922726649025,-1.0843713443708496,2.7601997484122878,3.274637244407505,0.7252543765650294,-3.6559945204228765,-0.8756308280217071,3.702090420488791,-3.701288938903029,-1.0002434878457596,-2.391748939438829,1.4496562773255617,-0.46240813892427557,-0.833376900604377,1.9235564722835428,1.0596309113732019,-0.4946811342769493,1.351971258951743,-0.32807815012593794,1.3099585716735198,0.46099955841008666,1.4593500949302736,2.537461042298031,-0.5071308501353233,1.4520806414429823,-2.021094081504414,-0.09014407175487824,1.1343766816036396,-1.1084079374212346,0.6873501461265348,1.742750987945697,-2.8095182244833636,-0.039259888057770365
4.072333150505506,-2.91214031782599,1.6252963441567387,1.2653946068586606,2.531242572611058,0.45715940021993806,0.9313014915285394,2.0812072198745266,0.042648880386153366,1.1370102961478754,4.148640113215583,2.2660718673846696,-3.224671991004493,2.838104065089355,2.5946305508269427,0.6184161510014585,-3.070903297688163,-1.192032149244592,2.042164019598577,-3.914926969818537,-0.23298528444777675,-0.986351367641801,3.7149402045005493,-0.464252274147495,-0.20259089649207948,0.9199365895728043,0.7508274159782694,-2.360484428923158,1.8509345302797078,-0.9544531852728589,0.7517647001353345,1.6257999639970966,0.5287848884768702,1.1591970081887202,-0.5278466484256575,0.9636089958241144,-2.409109317275403,0.02970292140883215,0.22284047389373446,-0.4855438636093933,-0.11741958686071348,3.445634771996903,-1.8392971010376309,-0.7026391594912508
0.1719526147936266,0.3572946787226489,0.002366845235052126,-0.5644034425953234,0.45715940021993806,0.45600218390857206,-0.5393576463423249,-0.062078412366677826,-0.01439706433466835,0.488298899773206,-0.016510238564547485,0.28458236411823185,-0.8310128192052814,-0.10937014434259586,-0.45176665624357615,-0.08529205592797101,0.4321641884799336,-0.08425432159532435,-0.8819705740680951,0.1022706566821554,0.37168790911162536,0.7064760292176269,0.8636452483254203,0.02241447090150444,0.3044627875096055,-0.516297561574961,-0.18449898361768624,-0.7465451551992978,0.1346015936353288,-0.2404699360203347,-0.30027464332839676,0.46087381806820354,-0.46117622322599466,-0.7049880172373462,0.01515979984858615,-0.27682750152025576,-0.05408271714161104,0.05600896019678003,-0.4359554054599611,0.31616618169598515,-0.36977285976836705,0.6144249492639948,0.547051310044523,-0.27313986844964344
2.5851005202893664,-2.760042402802677,1.16067037934903,1.9886198982784817,0.9313014915285394,-0.5393576463423249,1.7082581333429052,1.6080055397575588,0.05353763432799957,-0.12077358386609328,3.0087902835852076,1.086375178069845,-0.7172307533466055,2.246643716156693,2.723890749869984,0.598340577433657,-3.0278728407063684,-0.6914306860999553,3.1467684101990097,-3.005082203171248,-0.8676350760034661,-2.05610391159122,1.010051288154346,-0.3827056030033019,-0.726715026812827,1.6492108021264982,0.8837280847339314,-0.2573546225653036,1.0666704509536757,-0.21651175877769335,1.1088405307614086,0.2909835423550353,1.2619233386656081,2.171928668802474,-0.4116760796731386,1.2228392976456486,-1.6185697191138255,-0.08448636005473002,0.9993039703708895,-0.952969061266314,0.6216345228453477,1.2904107257877253,-2.3626025942556095,0.024199533277005768
4.022384580013694,-3.4403579224004335,1.6845888435712029,1.980998426364396,2.0812072198745266,-0.062078412366677826,1.6080055397575588,2.2381167441343126,0.062440447117806115,0.6043293250555343,4.3296026305481385,2.020669306825973,-2.362490467138905,3.0737028018294943,3.2266221742445698,0.7393963661959633,-3.6990224293342453,-1.142367453400259,3.159310430439699,-4.184864919691038,-0.6734950220147884,-1.8582850358162735,2.839384059050493,-0.5129826268014396,-0.5692273922243767,1.5633260273818534,0.9911361385540223,-1.5645051026265178,1.7636802336829271,-0.7011862170620767,1.1333469957897884,1.1444984630478816,1.0929535080387989,2.0333872913540483,-0.5685586943322883,1.3264970607352085,-2.4330638769289146,-0.03427307087291595,0.7533963327265264,-0.876294952315278,0.3114368968437048,2.851743056101752,-2.551834578904456,-0.39875763908962897
0.10118664527264838,-0.098819757478496,0.04483355837749664,0.06480640415220648,0.042648880386153366,-0.01439706433466835,0.05353763432799957,0.062440447117806115,0.008529983116761597,0.00489807615193189,0.11288437183389513,0.04541255658739395,-0.037919489017750774,0.08155228520743102,0.09273163884313444,0.024131253072439792,-0.10684593274248837,-0.03148969906819139,0.1050789032216918,-0.10616294478406926,-0.024839635650495906,-0.0670337058322967,0.05391220828731958,-0.016550744703846126,-0.021034993937324012,0.050366953135201765,0.030800170920394856,-0.023442735239129254,0.04224283063430646,-0.010226134816347042,0.03681499262925899,0.015674583417220476,0.03650984984476787,0.07122559024767042,-0.015516390691538236,0.04094275652331689,-0.06035072663475364,-0.004481785139687443,0.03196497634056268,-0.029223453777347055,0.016797571359776383,0.05936021269599294,-0.07750524495670975,-7.462895728942664e-4
1.4021807065804324,-0.6368553523441318,0.5088609981706231,-0.03870939707723934,1.1370102961478754,0.488298899773206,-0.12077358386609328,0.6043293250555343,0.00489807615193189,0.7312121850272638,1.2835983291153488,0.9272443303532576,-1.6392638493816287,0.801449416196887,0.46461599401991605,0.12828486391075877,-0.6288302827812499,-0.4393799912899891,-0.03626317641701909,-1.1432423843089277,0.21470444377652576,0.2340499491651151,1.8212676562051673,-0.13008081259980883,0.17038033970555883,-0.10573340654626918,0.09181522622459977,-1.3054509699440267,0.6842124924116625,-0.4815306228833099,0.00416877935712306,0.8604748618980108,-0.1864168257765961,-0.176144801254684,-0.1525066861579767,0.08999844224594951,-0.7935674156185256,0.051453608459934234,-0.260655876632095,0.08962745672839478,-0.3185138392035863,1.5460086846971208,-0.15417453140567203,-0.423655728559917
7.856834499647719,-6.60344106786366,3.275621490969748,3.7236855676709486,4.148640113215583,-0.016510238564547485,3.0087902835852076,4.3296026305481385,0.11288437183389513,1.2835983291153488,8.415143406927125,3.9958800320434373,-4.780493615475796,5.95737451243318,6.172572603929157,1.4151850841356506,-7.094802687203896,-2.2331209067908855,5.943618286857555,-8.117142135243887,-1.2227813158660772,-3.449913092468308,5.71139235865568,-0.9951132413234713,-1.0375823914344746,2.9276045966396795,1.8850906808396546,-3.2086717976258528,3.456004231965463,-1.4176631622535676,2.13299013448738,2.336016224495069,2.0231284024478513,3.7900241878955483,-1.1020144076674587,2.5211850541685634,-4.7441975438242485,-0.056052893020636325,1.363430814692542,-1.6348740547141596,0.5253039085052019,5.6786121016158315,-4.840096548569578,-0.840441303184476
3.8482989083817523,-2.9079107146160585,1.558146987939463,1.4048922726649025,2.2660718673846696,0.28458236411823185,1.086375178069845,2.020669306825973,0.04541255658739395,0.9272443303532576,3.9958800320434373,2.0909446421096813,-2.8075767064469725,2.763856069385872,2.6457050581700536,0.619197904822373,-3.0974112073632427,-1.1199718215795276,2.2589654779396096,-3.7969464311557695,-0.3359682632243668,-1.1836495190994218,3.276232123861453,-0.4636877234980425,-0.2959091239501457,1.0626078538895851,0.7747454687211155,-2.0057387199983077,1.733676000472137,-0.8273049316406372,0.8196688666138646,1.410860917837937,0.665258219293818,1.3460636502239027,-0.5135675842697797,1.0209193603491225,-2.2930085614412024,0.007047238271989094,0.37021907202028614,-0.5744534959146892,0.011013009797459034,3.099073783791941,-1.945722321874017,-0.5704496908711929
-4.8151610763022,3.124536086572456,-1.8776948184878433,-1.0843713443708496,-3.224671991004493,-0.8310128192052814,-0.7172307533466055,-2.362490467138905,-0.037919489017750774,-1.6392638493816287,-4.780493615475796,-2.8075767064469725,4.277998824436294,-3.2037683455805617,-2.696552724465984,-0.655613843108315,3.2588574151525074,1.4324266959963758,-1.7704112529727083,4.454555208855701,0.019436264074107243,0.6664706143268727,-4.864683358896682,0.5205942686014804,0.0311301134272305,-0.7198839590031815,-0.7419994701632032,3.220223389248047,-2.228938846709583,1.26357526849859,-0.6662502713245366,-2.186341645599931,-0.3067766062453079,-0.8686907876433823,0.5992681900806385,-0.9288082773269103,2.818436389906951,-0.07200896509807,0.031702188961744954,0.35071065499147236,0.38141445818853115,-4.3881000470407505,1.7589682526414978,0.9912410117777147
5.523771471745033,-4.7526003456212464,2.3195255360872613,2.7601997484122878,2.838104065089355,-0.10937014434259586,2.246643716156693,3.0737028018294943,0.08155228520743102,0.801449416196887,5.95737451243318,2.763856069385872,-3.2037683455805617,4.2443396863305916,4.467140076419449,1.0183798118716902,-5.115150924513204,-1.5571612770512506,4.398343818381958,-5.767798346638486,-0.9482669511285055,-2.5946127479030694,3.851502478672318,-0.7079555413496068,-0.8011245209607355,2.18543552779473,1.3771133608328756,-2.108938748485343,2.413626912664411,-0.9525120237074998,1.574377486772919,1.5552661901666063,1.5338910623753286,2.8354970781717954,-0.784623824234808,1.8479056041959814,-3.3464886560449405,-0.05109825195995649,1.0560256225566589,-1.2265900760969022,0.4557256321976858,3.8832100393576443,-3.548840842220956,-0.540380865182185
5.583901464960684,-5.180755909409435,2.395251002455011,3.274637244407505,2.5946305508269427,-0.45176665624357615,2.723890749869984,3.2266221742445698,0.09273163884313444,0.46461599401991605,6.172572603929157,2.6457050581700536,-2.696552724465984,4.467140076419449,4.956430413649919,1.1165015733801673,-5.6107433979267665,-1.5488082124636287,5.203650334737827,-6.042076465305283,-1.2589803681389464,-3.2100216801074906,3.3408327772127207,-0.7459263033108396,-1.0559002158047457,2.643632323617721,1.5601753835878815,-1.624826776961083,2.397230191835044,-0.8066813698337659,1.8526185976466278,1.2634830172459242,1.9301354643894284,3.4573291891511353,-0.8221126413093689,2.1139630800118767,-3.4204827326488934,-0.09279771368925775,1.4170362348110266,-1.5032175911559247,0.7441406110658145,3.560012393340847,-4.075924675731275,-0.3549334973337382
1.2905932801772624,-1.174544788410942,0.549180404488954,0.7252543765650294,0.6184161510014585,-0.08529205592797101,0.598340577433657,0.7393963661959633,0.024131253072439792,0.12828486391075877,1.4151850841356506,0.619197904822373,-0.655613843108315,1.0183798118716902,1.1165015733801673,0.25698938887417705,-1.2683293607904247,-0.3618685548843848,1.1568792322106969,-1.3793395986616006,-0.27405732535518673,-0.7071837255796105,0.8056502972838053,-0.16976428590965867,-0.22835202381713304,0.5821539573022014,0.3516027584694988,-0.4083066230229687,0.5565241124520471,-0.19632975041429676,0.41308293846252114,0.3068586534083126,0.42031801740946306,0.7635216845899805,-0.1863041575575801,0.47074770806255273,-0.7885722251671147,-0.021173142712631873,0.3046313184082034,-0.3302681494682786,0.15376329191934981,0.8456758228825644,-0.9090588121970544,-0.0933566438360585
-6.453544728816227,5.887448439186689,-2.7553092680156928,-3.6559945204228765,-3.070903297688163,0.4321641884799336,-3.0278728407063684,-3.6990224293342453,-0.10684593274248837,-0.6288302827812499,-7.094802687203896,-3.0974112073632427,3.2588574151525074,-5.115150924513204,-5.6107433979267665,-1.2683293607904247,6.3684632310269755,1.7985954778264344,-5.813916690384615,6.925204392199079,1.3744544108809773,3.5550337675389803,-4.008445919426677,0.8554432344224583,1.1547056829247446,-2.938546446301657,-1.7579720729423773,2.012555240663774,-2.781788822261189,0.9723851261593993,-2.0721177006136835,-1.5407031732663128,-2.1284906882875863,-3.8394462287754703,0.9425798302896633,-2.3775135829123464,3.942354961294737,0.09737425365235872,-1.5464838217521395,1.6670224006409182,-0.783888609159639,-4.211401150781837,4.580036683337228,0.45923508215743536
-2.1222360407048524,1.6831894712474003,-0.8693704459043178,-0.8756308280217071,-1.192032149244592,-0.08425432159532435,-0.6914306860999553,-1.142367453400259,-0.03148969906819139,-0.4393799912899891,-2.2331209067908855,-1.1199718215795276,1.4324266959963758,-1.5571612770512506,-1.5488082124636287,-0.3618685548843848,1.7985954778264344,0.6162782836088064,-1.4040625577073191,2.133170162214718,0.24865542829835693,0.777626636071042,-1.6919283402053213,0.26199566533240765,0.21424723406435872,-0.673712589743024,-0.462697570562658,1.0008440539525616,-0.9474148465937235,0.42213965636293194,-0.5078106975337913,-0.7089304771362978,-0.44323702516076824,-0.867595428379308,0.28903483516647527,-0.6119067256497561,1.270133228179363,0.004874966782408242,-0.27905742539645023,0.37023335101027216,-0.06357639659841574,-1.6330842056864467,1.1727414145564006,0.27206294598621095
5.193108793507757,-5.326355575558418,2.299113645558481,3.702090420488791,2.042164019598577,-0.8819705740680951,3.1467684101990097,3.159310430439699,0.1050789032216918,-0.03626317641701909,5.943618286857555,2.2589654779396096,-1.7704112529727083,4.398343818381958,5.203650334737827,1.1568792322106969,-5.813916690384615,-1.4040625577073191,5.867204518272516,-5.900750542338038,-1.575294567151282,-3.7806435383722503,2.3565088180957443,-0.7391349532512606,-1.3134903010230632,3.045125481158731,1.6811635532988174,-0.826442058573376,2.1666351580565673,-0.5364947230050878,2.074499995605655,0.7583468830351122,2.305726780636616,4.014347641716837,-0.8054902373658729,2.3030305065558236,-3.230120650515252,-0.14554640108044645,1.789644381456915,-1.7543122922246257,1.0786904629705165,2.8120201198316725,-4.453120132255336,-0.07300741951290943
-7.544991606319766,6.439853862357281,-3.1581641833218823,-3.701288938903029,-3.914926969818537,0.1022706566821554,-3.005082203171248,-4.184864919691038,-0.10616294478406926,-1.1432423843089277,-8.117142135243887,-3.7969464311557695,4.454555208855701,-5.767798346638486,-6.042076465305283,-1.3793395986616006,6.925204392199079,2.133170162214718,-5.900750542338038,7.852651373125006,1.2551152820385065,3.4625986605704746,-5.3402662581947276,0.9593399616343719,1.0608909562961264,-2.9260305170282925,-1.8553141524050287,2.9504753606712493,-3.3075965230042192,1.3244482853210797,-2.1156362361479117,-2.1658176760134404,-2.0439550356947382,-3.7914875905805774,1.065618750264646,-2.4854212098223263,4.567468675127872,0.061724492893954284,-1.395109312093886,1.6386537867499207,-0.5798184228068872,-5.358619800265881,4.776883484696476,0.762847743631615
-0.9965308540844466,1.2505298821248365,-0.47187955772776663,-1.0002434878457596,-0.23298528444777675,0.37168790911162536,-0.8676350760034661,-0.6734950220147884,-0.024839635650495906,0.21470444377652576,-1.2227813158660772,-0.3359682632243668,0.019436264074107243,-0.9482669511285055,-1.2589803681389464,-0.27405732535518673,1.3744544108809773,0.24865542829835693,-1.575294567151282,1.2551152820385065,0.4910487059120184,1.0758123673795996,-0.11886811009489337,0.15276355896149807,0.400467617387414,-0.8403138173802022,-0.4281161433189795,-0.14031856888128416,-0.3865961781218897,0.01400657022781759,-0.5565399962041906,0.04231785620272223,-0.6679192756180773,-1.1251718653696572,0.17114640136224293,-0.58794094680325,0.6419085696849716,0.04960518202009932,-0.5450551947134905,0.49289070113516675,-0.37765228757141617,-0.3197492202939735,1.150551444776195,-0.0909720096568244
-2.9354607788173213,3.241041297323264,-1.3314300711954528,-2.391748939438829,-0.986351367641801,0.7064760292176269,-2.05610391159122,-1.8582850358162735,-0.0670337058322967,0.2340499491651151,-3.449913092468308,-1.1836495190994218,0.6664706143268727,-2.5946127479030694,-3.2100216801074906,-0.7071837255796105,3.5550337675389803,0.777626636071042,-3.7806435383722503,3.4625986605704746,1.0758123673795996,2.4995399025805765,-0.9917837118409422,0.4365325883477864,0.8933910026766306,-1.9862988190301085,-1.054719894983039,0.156858042765519,-1.1958269663802412,0.2053902026350276,-1.333325354317762,-0.23770632282185425,-1.5339338054392928,-2.6317140916509976,0.474419252071439,-1.452514535244499,1.8467603611402301,0.1068995076643487,-1.225504290781055,1.1520151154523692,-0.7835533542073163,-1.3635468726629951,2.8171274927449463,-0.07470483948427308
5.696194079640038,-3.82218236186701,2.239184981054806,1.4496562773255617,3.7149402045005493,0.8636452483254203,1.010051288154346,2.839384059050493,0.05391220828731958,1.8212676562051673,5.71139235865568,3.276232123861453,-4.864683358896682,3.851502478672318,3.3408327772127207,0.8056502972838053,-4.008445919426677,-1.6919283402053213,2.3565088180957443,-5.3402662581947276,-0.11886811009489337,-0.9917837118409422,5.567404014339484,-0.6356703453116925,-0.12034504231948326,1.0020620358595507,0.931849965267506,-3.631750251838165,2.623249228136031,-1.4329952162577468,0.8786371979498663,2.4798366505168614,0.48978533769160704,1.2306430770627357,-0.7202422175849063,1.1845758409266853,-3.343686525645932,0.06921876613329628,0.09116743540935802,-0.505423148562935,-0.355351966524922,5.064515653991398,-2.245973356256184,-1.0975607943629837
-0.9162190624722476,0.7879418794891344,-0.38556272579500445,-0.46240813892427557,-0.464252274147495,0.02241447090150444,-0.3827056030033019,-0.5129826268014396,-0.016550744703846126,-0.13008081259980883,-0.9951132413234713,-0.4636877234980425,0.5205942686014804,-0.7079555413496068,-0.7459263033108396,-0.16976428590965867,0.8554432344224583,0.26199566533240765,-0.7391349532512606,0.9593399616343719,0.15276355896149807,0.4365325883477864,-0.6356703453116925,0.12574116308794386,0.13396332106858488,-0.3683986408278046,-0.22655174358664304,0.3424404999196311,-0.4007305182760657,0.15083847857875393,-0.26264381897777245,-0.25701336235268984,-0.2563246743214721,-0.47431357662809176,0.13136423211340953,-0.3104899769013859,0.5541960768525027,0.011784098161919167,-0.18445256344632066,0.206624746724106,-0.07729169215617909,-0.6402176320437719,0.5907355703826447,0.08081388981422584
-0.8455200796112274,1.0460517916515768,-0.39880520444669554,-0.833376900604377,-0.20259089649207948,0.3044627875096055,-0.726715026812827,-0.5692273922243767,-0.021034993937324012,0.17038033970555883,-1.0375823914344746,-0.2959091239501457,0.0311301134272305,-0.8011245209607355,-1.0559002158047457,-0.22835202381713304,1.1547056829247446,0.21424723406435872,-1.3134903010230632,1.0608909562961264,0.400467617387414,0.8933910026766306,-0.12034504231948326,0.13396332106858488,0.3313448996509356,-0.7013756733913291,-0.3541669481384281,-0.10591050198877991,-0.3305473647995623,0.01362629476200255,-0.46244953629147684,0.022917885918034786,-0.5556575466691575,-0.9336775371458793,0.14542916807978587,-0.49277347205336597,0.5434223118957283,0.0424025832419868,-0.45567345010708354,0.4108591056404788,-0.31093260578475046,-0.2833693087139903,0.9592934713355042,-0.07665181682457652
2.522939414905372,-2.6840588729889583,1.1296763041757416,1.9235564722835428,0.9199365895728043,-0.516297561574961,1.6492108021264982,1.5633260273818534,0.050366953135201765,-0.10573340654626918,2.9276045966396795,1.0626078538895851,-0.7198839590031815,2.18543552779473,2.643632323617721,0.5821539573022014,-2.938546446301657,-0.673712589743024,3.045125481158731,-2.9260305170282925,-0.8403138173802022,-1.9862988190301085,1.0020620358595507,-0.3683986408278046,-0.7013756733913291,1.597699069821957,0.8594505552692915,-0.26808012339022075,1.0438254204084527,-0.22016217245607617,1.0736214000318258,0.2936987714447377,1.2214769409882809,2.101301218314642,-0.399223693644922,1.184796044283842,-1.5806967558557266,-0.0799531601131595,0.9596677616557624,-0.9216406359005873,0.5997429686645636,1.2715201797606734,-2.289932676355161,0.014092490437869313
1.6912652098303187,-1.6241047950252554,0.7331688708622002,1.0596309113732019,0.7508274159782694,-0.18449898361768624,0.8837280847339314,0.9911361385540223,0.030800170920394856,0.09181522622459977,1.8850906808396546,0.7747454687211155,-0.7419994701632032,1.3771133608328756,1.5601753835878815,0.3516027584694988,-1.7579720729423773,-0.462697570562658,1.6811635532988174,-1.8553141524050287,-0.4281161433189795,-1.054719894983039,0.931849965267506,-0.22655174358664304,-0.3541669481384281,0.8594505552692915,0.500433382539907,-0.4241674995724503,0.7173718574233288,-0.22492560397320416,0.5980214185391761,0.3373196149376694,0.6363005318951646,1.1309959703426182,-0.25274253268958446,0.6745663264296855,-1.0407659794259951,-0.03333018924638231,0.4731841837748742,-0.4910790564503208,0.26693164851269524,1.0254420705617888,-1.304235277775726,-0.08628103662825226
-3.311730386743859,1.9544441175195675,-1.264547868789914,-0.4946811342769493,-2.360484428923158,-0.7465451551992978,-0.2573546225653036,-1.5645051026265178,-0.023442735239129254,-1.3054509699440267,-3.2086717976258528,-2.0057387199983077,3.220223389248047,-2.108938748485343,-1.624826776961083,-0.4083066230229687,2.012555240663774,1.0008440539525616,-0.826442058573376,2.9504753606712493,-0.14031856888128416,0.156858042765519,-3.631750251838165,0.3424404999196311,-0.10591050198877991,-0.26808012339022075,-0.4241674995724503,2.4786074570767216,-1.5545740382366278,0.9486819615113978,-0.3252350392838098,-1.6591516554876515,-0.011204497783979488,-0.2933141873891808,0.3961040866829974,-0.5092620172384973,1.9175145999872374,-0.07008550877363558,0.20160533983424092,0.10406789485892025,0.41084338764720113,-3.2067682082095774,0.9556439461047982,0.7798028277403697
3.2864976856573964,-2.6063721493442378,1.3471340142798816,1.351971258951743,1.8509345302797078,0.1346015936353288,1.0666704509536757,1.7636802336829271,0.04224283063430646,0.6842124924116625,3.456004231965463,1.733676000472137,-2.228938846709583,2.413626912664411,2.397230191835044,0.5565241124520471,-2.781788822261189,-0.9474148465937235,2.1666351580565673,-3.3075965230042192,-0.3865961781218897,-1.1958269663802412,2.623249228136031,-0.4007305182760657,-0.3305473647995623,1.0438254204084527,0.7173718574233288,-1.5545740382366278,1.4690615496563308,-0.6605287724585949,0.7827980074171543,1.105689936648447,0.6882319076587112,1.338887098184074,-0.44705936378219974,0.9482650480816572,-1.9698320248527745,-0.003780565737554009,0.4244665093963739,-0.5727090599871589,0.09976409899551487,2.5319698802598265,-1.8166064074441683,-0.4300945261573636
-1.4284940153782981,0.9357058958375967,-0.5575585956114522,-0.32807815012593794,-0.9544531852728589,-0.2404699360203347,-0.21651175877769335,-0.7011862170620767,-0.010226134816347042,-0.4815306228833099,-1.4176631622535676,-0.8273049316406372,1.26357526849859,-0.9525120237074998,-0.8066813698337659,-0.19632975041429676,0.9723851261593993,0.42213965636293194,-0.5364947230050878,1.3244482853210797,0.01400657022781759,0.2053902026350276,-1.4329952162577468,0.15083847857875393,0.01362629476200255,-0.22016217245607617,-0.22492560397320416,0.9486819615113978,-0.6605287724585949,0.3768518778678787,-0.20196086525371662,-0.6432703453955704,-0.09879726396974413,-0.26790988941931376,0.17690745763116797,-0.27954878744994416,0.838464046943657,-0.021074072838426303,0.007666238843703903,0.10870376260580307,0.10703662167379623,-1.2960605539652406,0.5313965699097353,0.2947631742632824
1.8733440677713502,-1.9025201559744913,0.8252953211663082,1.3099585716735198,0.7517647001353345,-0.30027464332839676,1.1088405307614086,1.1333469957897884,0.03681499262925899,0.00416877935712306,2.13299013448738,0.8196688666138646,-0.6662502713245366,1.574377486772919,1.8526185976466278,0.41308293846252114,-2.0721177006136835,-0.5078106975337913,2.074499995605655,-2.1156362361479117,-0.5565399962041906,-1.333325354317762,0.8786371979498663,-0.26264381897777245,-0.46244953629147684,1.0736214000318258,0.5980214185391761,-0.3252350392838098,0.7827980074171543,-0.20196086525371662,0.7383160920315068,0.28560204515552035,0.810307404973379,1.4181755404236227,-0.2880464102213897,0.8157441139198243,-1.1624599034985474,-0.04871816578227166,0.626330010823282,-0.6186861856600782,0.37271739626010264,1.0336176708600437,-1.582087555560477,-0.03754963864150474
2.370395725068979,-1.4787180681066097,0.9179114268089669,0.46099955841008666,1.6257999639970966,0.46087381806820354,0.2909835423550353,1.1444984630478816,0.015674583417220476,0.8604748618980108,2.336016224495069,1.410860917837937,-2.186341645599931,1.5552661901666063,1.2634830172459242,0.3068586534083126,-1.5407031732663128,-0.7089304771362978,0.7583468830351122,-2.1658176760134404,0.04231785620272223,-0.23770632282185425,2.4798366505168614,-0.25701336235268984,0.022917885918034786,0.2936987714447377,0.3373196149376694,-1.6591516554876515,1.105689936648447,-0.6432703453955704,0.28560204515552035,1.129530107397839,0.09593524470846976,0.3362012810444071,-0.2921459147766562,0.4237699959853983,-1.3824332274500877,0.04110811935778049,-0.0649399850100322,-0.13431286697852474,-0.22917750151619487,2.215218800563245,-0.791816295449007,-0.513562570384672
1.7010258420611963,-1.937015552823211,0.7795510520445974,1.4593500949302736,0.5287848884768702,-0.46117622322599466,1.2619233386656081,1.0929535080387989,0.03650984984476787,-0.1864168257765961,2.0231284024478513,0.665258219293818,-0.3067766062453079,1.5338910623753286,1.9301354643894284,0.42031801740946306,-2.1284906882875863,-0.44323702516076824,2.305726780636616,-2.0439550356947382,-0.6679192756180773,-1.5339338054392928,0.48978533769160704,-0.2563246743214721,-0.5556575466691575,1.2214769409882809,0.6363005318951646,-0.011204497783979488,0.6882319076587112,-0.09879726396974413,0.810307404973379,0.09593524470846976,0.9528059491821763,1.6140802505809944,-0.2795660779311271,0.88266070598264,-1.0790865467068482,-0.06736351696637607,0.761552301028613,-0.7098624391525623,0.500756430622755,0.7349191156321583,-1.7097322339922778,0.07113445062596113
3.25606630872533,-3.509913565932991,1.4647969860286385,2.537461042298031,1.1591970081887202,-0.7049880172373462,2.171928668802474,2.0333872913540483,0.07122559024767042,-0.176144801254684,3.7900241878955483,1.3460636502239027,-0.8686907876433823,2.8354970781717954,3.4573291891511353,0.7635216845899805,-3.8394462287754703,-0.867595428379308,4.014347641716837,-3.7914875905805774,-1.1251718653696572,-2.6317140916509976,1.2306430770627357,-0.47431357662809176,-0.9336775371458793,2.101301218314642,1.1309959703426182,-0.2933141873891808,1.338887098184074,-0.26790988941931376,1.4181755404236227,0.3362012810444071,1.6140802505809944,2.782225197706632,-0.5182843064094563,1.5535097787679066,-2.04072271163895,-0.10707122111360916,1.2763050327868615,-1.2163328924865644,0.8033894842188328,1.5997859338267366,-3.011558302237281,0.036691036064219355
-1.0233024443526986,0.875780355492381,-0.43004462493541556,-0.5071308501353233,-0.5278466484256575,0.01515979984858615,-0.4116760796731386,-0.5685586943322883,-0.015516390691538236,-0.1525066861579767,-1.1020144076674587,-0.5135675842697797,0.5992681900806385,-0.784623824234808,-0.8221126413093689,-0.1863041575575801,0.9425798302896633,0.28903483516647527,-0.8054902373658729,1.065618750264646,0.17114640136224293,0.474419252071439,-0.7202422175849063,0.13136423211340953,0.14542916807978587,-0.399223693644922,-0.25274253268958446,0.3961040866829974,-0.44705936378219974,0.17690745763116797,-0.2880464102213897,-0.2921459147766562,-0.2795660779311271,-0.5182843064094563,0.14670056256317043,-0.3400257638445638,0.6180493885229685,0.00795042328769461,-0.19264148390817873,0.22358088852057495,-0.08099094292120444,-0.7233461244593088,0.6518773589214346,0.10178323608570589
2.2421580431872146,-2.185994553653355,0.9783546444563761,1.4520806414429823,0.9636089958241144,-0.27682750152025576,1.2228392976456486,1.3264970607352085,0.04094275652331689,0.08999844224594951,2.5211850541685634,1.0209193603491225,-0.9288082773269103,1.8479056041959814,2.1139630800118767,0.47074770806255273,-2.3775135829123464,-0.6119067256497561,2.3030305065558236,-2.4854212098223263,-0.58794094680325,-1.452514535244499,1.1845758409266853,-0.3104899769013859,-0.49277347205336597,1.184796044283842,0.6745663264296855,-0.5092620172384973,0.9482650480816572,-0.27954878744994416,0.8157441139198243,0.4237699959853983,0.88266070598264,1.5535097787679066,-0.3400257638445638,0.9225887129612471,-1.3836164254431886,-0.049629439664937214,0.6665923643117035,-0.6786981218816711,0.38161365431451516,1.324166640773365,-1.77690409398724,-0.0900750456815344
-4.4597440144217435,3.679893439485879,-1.8480988401895193,-2.021094081504414,-2.409109317275403,-0.05408271714161104,-1.6185697191138255,-2.4330638769289146,-0.06035072663475364,-0.7935674156185256,-4.7441975438242485,-2.2930085614412024,2.818436389906951,-3.3464886560449405,-3.4204827326488934,-0.7885722251671147,3.942354961294737,1.270133228179363,-3.230120650515252,4.567468675127872,0.6419085696849716,1.8467603611402301,-3.343686525645932,0.5541960768525027,0.5434223118957283,-1.5806967558557266,-1.0407659794259951,1.9175145999872374,-1.9698320248527745,0.838464046943657,-1.1624599034985474,-1.3824332274500877,-1.0790865467068482,-2.04072271163895,0.6180493885229685,-1.3836164254431886,2.6885213834267643,0.02379499331296847,-0.7030841171990468,0.87882506068951,-0.24650472579063698,-3.292370277475043,2.6561865222809304,0.5169006056365598
-0.02796335924482704,0.08205231612904983,-0.019697424114554947,-0.09014407175487824,0.02970292140883215,0.05600896019678003,-0.08448636005473002,-0.03427307087291595,-0.004481785139687443,0.051453608459934234,-0.056052893020636325,0.007047238271989094,-0.07200896509807,-0.05109825195995649,-0.09279771368925775,-0.021173142712631873,0.09737425365235872,0.004874966782408242,-0.14554640108044645,0.061724492893954284,0.04960518202009932,0.1068995076643487,0.06921876613329628,0.011784098161919167,0.0424025832419868,-0.0799531601131595,-0.03333018924638231,-0.07008550877363558,-0.003780565737554009,-0.021074072838426303,-0.04871816578227166,0.04110811935778049,-0.06736351696637607,-0.10707122111360916,0.00795042328769461,-0.049629439664937214,0.02379499331296847,0.011358771482470678,-0.061133006458518865,0.04898699117675975,-0.04790977949546162,0.03959444620378229,0.0946043711958099,-0.029603332848941125
1.0901998358327587,-1.3921030317851997,0.5215958963226293,1.1343766816036396,0.22284047389373446,-0.4359554054599611,0.9993039703708895,0.7533963327265264,0.03196497634056268,-0.260655876632095,1.363430814692542,0.37021907202028614,0.031702188961744954,1.0560256225566589,1.4170362348110266,0.3046313184082034,-1.5464838217521395,-0.27905742539645023,1.789644381456915,-1.395109312093886,-0.5450551947134905,-1.225504290781055,0.09116743540935802,-0.18445256344632066,-0.45567345010708354,0.9596677616557624,0.4731841837748742,0.20160533983424092,0.4244665093963739,0.007666238843703903,0.626330010823282,-0.0649399850100322,0.761552301028613,1.2763050327868615,-0.19264148390817873,0.6665923643117035,-0.7030841171990468,-0.061133006458518865,0.639333950953245,-0.5620282322164335,0.43389271096175597,0.32132404671449444,-1.2931178205298468,0.1312275628970697
-1.3975974945719494,1.5203684193441789,-0.6305650905419707,-1.1084079374212346,-0.4855438636093933,0.31616618169598515,-0.952969061266314,-0.876294952315278,-0.029223453777347055,0.08962745672839478,-1.6348740547141596,-0.5744534959146892,0.35071065499147236,-1.2265900760969022,-1.5032175911559247,-0.3302681494682786,1.6670224006409182,0.37023335101027216,-1.7543122922246257,1.6386537867499207,0.49289070113516675,1.1520151154523692,-0.505423148562935,0.206624746724106,0.4108591056404788,-0.9216406359005873,-0.4910790564503208,0.10406789485892025,-0.5727090599871589,0.10870376260580307,-0.6186861856600782,-0.13431286697852474,-0.7098624391525623,-1.2163328924865644,0.22358088852057495,-0.6786981218816711,0.87882506068951,0.04898699117675975,-0.5620282322164335,0.5345264138337807,-0.35724506974254006,-0.671320076053579,1.313477067892998,-0.02408597581533583
0.34011133713285197,-0.694486003800329,0.19944518574903908,0.6873501461265348,-0.11741958686071348,-0.36977285976836705,0.6216345228453477,0.3114368968437048,0.016797571359776383,-0.3185138392035863,0.5253039085052019,0.011013009797459034,0.38141445818853115,0.4557256321976858,0.7441406110658145,0.15376329191934981,-0.783888609159639,-0.06357639659841574,1.0786904629705165,-0.5798184228068872,-0.37765228757141617,-0.7835533542073163,-0.355351966524922,-0.07729169215617909,-0.31093260578475046,0.5997429686645636,0.26693164851269524,0.41084338764720113,0.09976409899551487,0.10703662167379623,0.37271739626010264,-0.22917750151619487,0.500756430622755,0.8033894842188328,-0.08099094292120444,0.38161365431451516,-0.24650472579063698,-0.04790977949546162,0.43389271096175597,-0.35724506974254006,0.33577451548319603,-0.15409485780983004,-0.7428659187952086,0.166517370446933
5.564618222903772,-3.9879843548134017,2.221912359450296,1.742750987945697,3.445634771996903,0.6144249492639948,1.2904107257877253,2.851743056101752,0.05936021269599294,1.5460086846971208,5.6786121016158315,3.099073783791941,-4.3881000470407505,3.8832100393576443,3.560012393340847,0.8456758228825644,-4.211401150781837,-1.6330842056864467,2.8120201198316725,-5.358619800265881,-0.3197492202939735,-1.3635468726629951,5.064515653991398,-0.6402176320437719,-0.2833693087139903,1.2715201797606734,1.0254420705617888,-3.2067682082095774,2.5319698802598265,-1.2960605539652406,1.0336176708600437,2.215218800563245,0.7349191156321583,1.5997859338267366,-0.7233461244593088,1.324166640773365,-3.292370277475043,0.03959444620378229,0.32132404671449444,-0.671320076053579,-0.15409485780983004,4.700277911945068,-2.5245969193262314,-0.9462489539976842
-4.302486273815189,4.21497964609787,-1.8776816473587512,-2.8095182244833636,-1.8392971010376309,0.547051310044523,-2.3626025942556095,-2.551834578904456,-0.07750524495670975,-0.15417453140567203,-4.840096548569578,-1.945722321874017,1.7589682526414978,-3.548840842220956,-4.075924675731275,-0.9090588121970544,4.580036683337228,1.1727414145564006,-4.453120132255336,4.776883484696476,1.150551444776195,2.8171274927449463,-2.245973356256184,0.5907355703826447,0.9592934713355042,-2.289932676355161,-1.304235277775726,0.9556439461047982,-1.8166064074441683,0.5313965699097353,-1.582087555560477,-0.791816295449007,-1.7097322339922778,-3.011558302237281,0.6518773589214346,-1.77690409398724,2.6561865222809304,0.0946043711958099,-1.2931178205298468,1.313477067892998,-0.7428659187952086,-2.5245969193262314,3.4339335478700574,0.16740173827614707
-0.9033675889099272,0.46112624501630917,-0.33536101053867257,-0.039259888057770365,-0.7026391594912508,-0.27313986844964344,0.024199533277005768,-0.39875763908962897,-7.462895728942664e-4,-0.423655728559917,-0.840441303184476,-0.5704496908711929,0.9912410117777147,-0.540380865182185,-0.3549334973337382,-0.0933566438360585,0.45923508215743536,0.27206294598621095,-0.07300741951290943,0.762847743631615,-0.0909720096568244,-0.07470483948427308,-1.0975607943629837,0.08081388981422584,-0.07665181682457652,0.014092490437869313,-0.08628103662825226,0.7798028277403697,-0.4300945261573636,0.2947631742632824,-0.03754963864150474,-0.513562570384672,0.07113445062596113,0.036691036064219355,0.10178323608570589,-0.0900750456815344,0.5169006056365598,-0.029603332848941125,0.1312275628970697,-0.02408597581533583,0.166517370446933,-0.9462489539976842,0.16740173827614707,0.25939331770376756
