V1,V2,V3,V4,V5,V6,V7,V8,V9,V10,V11,V12,V13,V14,V15,V16,V17,V18,V19,V20,V21,V22,V23,V24,V25,V26,V27,V28,V29,V30,V31,V32,V33,V34,V35,V36,V37,V38,V39,V40,V41,V42,V43,V44
3.0255016126741188,-2.1118586651399998,1.8462894510197538,2.049250670577444,1.4063734949676112,0.571633561857277,1.3521327545847355,1.1759264841886554,0.47667462969819535,0.14514245119899377,3.073899022806144,1.1940392728351585,-1.2646865397972888,3.0060695699210855,1.9295045083785811,0.08915290493213777,-2.6950771762380237,-0.37277456585124424,2.1763053046341025,-2.4496449946864893,-0.24994384612468065,-1.509726595796691,1.8789141897461854,-0.969311888748498,-0.4081960259766539,0.4639148685878364,0.8758614434831975,-1.4162353027257581,0.05507479567972812,0.12981101581627563,0.8460527682100528,0.9454458205860953,0.1830765250081958,1.126734830676558,-1.061133264240166,1.585322444196589,-1.1516189269861854,-0.1441153748450754,0.4365014610759294,-0.5087156966936867,0.3260724061349095,1.4662207184254585,-2.480014974505334,-0.727618478412284
-2.1118586651399998,2.755806302213318,-0.7375847855136977,-1.0424077698182683,-1.2172026658562611,0.398923201805401,-0.48848702990081844,-1.4122094211562193,0.23792215037777167,-0.5218997244057686,-1.8176922544608969,-0.49745648914326307,1.6371812733870856,-1.1671383818143357,-1.9790225162924393,-0.4984465252437171,1.8837475900078846,0.5350251057583677,-1.7638938501194947,2.5043674924445978,1.1231539564394006,1.0538290610449097,-1.231922809483943,-0.6782221941111684,0.46412570692016186,-1.374496033847015,-0.8505739147617136,0.5072911287162621,-1.6956729934565935,1.0370202033676141,-0.6372554652801649,-0.33795878840428556,-1.3429383704730387,-1.7683663746698794,0.0938895569340684,-0.4932166743708358,1.6107320445710314,-0.5556609844227238,-0.2178008764754776,0.5205620487211916,-0.535740523718344,-1.7149375659654582,1.4701564882127645,0.40641893571677273
1.8462894510197538,-0.7375847855136977,1.7871491247626365,1.6778180293357647,0.5382947554158356,1.078450875013171,1.0805681458869425,0.3360127535733622,0.7552998209184777,0.11853707519145856,1.832433327094986,0.7083321979586638,-0.3874533662265484,2.5903883163277426,0.6377293511660969,-0.6181840194830822,-1.5325950492693714,0.1333508870788226,0.8777646366123575,-0.9533699435238598,0.5781913100035819,-0.7396647870915378,1.2005273345757774,-1.3476628180486863,-0.07087312788262604,-0.25051870231644796,0.4532967689922075,-0.9880194614394112,-0.8899212182535583,0.7938553756644343,0.18338920905934933,1.0531829712981569,-0.39871265046204324,0.0700115393952984,-1.4154550963966965,1.6160905352602455,-0.01114769913058844,-0.03728206156340191,0.28315834500594267,-0.09009279740587635,0.3423739893297875,0.42080996775103957,-1.8083147463806064,-0.6351616380483841
2.049250670577444,-1.0424077698182683,1.6778180293357647,1.6832081824715523,0.7174463892632197,0.8547365618172836,1.110014667753176,0.5273831563916694,0.6147873100892557,0.1084395950121623,2.071060807630517,0.8300281128754962,-0.562760731005266,2.5452159543983033,0.9675694971594296,-0.3929052938542721,-1.751628537668023,-0.0262081882969834,1.1589058368086176,-1.3006471725073674,0.3267371911401122,-0.9113746330541695,1.3254465784324343,-1.1688316258315141,-0.15563366508749749,-0.03174450584203911,0.5361725018429814,-1.0490835307959683,-0.5841904067197251,0.5722456810733356,0.3610563408878503,0.9984203579162092,-0.2188735138734605,0.3646241122132939,-1.2387880016323676,1.530871529969317,-0.3116377412585679,-0.0709511729739135,0.3279889721130557,-0.19775859994706857,0.30132246674733343,0.6788508408987765,-1.8674802351297415,-0.598390269971192
1.4063734949676112,-1.2172026658562611,0.5382947554158356,0.7174463892632197,1.0964948874107572,0.06503678154864662,0.17043565493938181,0.5430376091798603,-0.0071970969296686884,-0.09914520338478554,1.1755959248839984,0.20331141818691292,-0.9559693202725441,0.9592445059253318,0.9400956239224801,0.43876481872260464,-1.132976795763659,-0.1268388689443305,1.1317711371302093,-1.144095505082016,-0.812390675987921,-0.7842180639129148,0.7214817772500025,0.10717296712954787,-0.33554439595153174,0.0864025060103092,0.6013417701383627,-0.8932990997150482,0.10235737892353493,-0.39407670313060433,0.7143890146708999,-0.07783439435323988,0.066088951100329,0.7347824618082128,-0.04689341375952846,0.2829993416888159,-0.8262521622673137,-0.15001283890320893,-0.15847090821041432,-0.2870660212095492,-0.0071462752479900925,0.8146954671187541,-1.1624223134020284,-0.6672365731655515
0.571633561857277,0.398923201805401,1.078450875013171,0.8547365618172836,0.06503678154864662,1.0635170336613369,0.4268224819689372,-0.34840422931215276,0.6249529529609466,-0.10630989234778378,0.49083751733170927,0.09051849797107847,0.15336676508757383,1.4302495438944298,-0.3883050032393804,-0.6883752523650475,-0.33961696721638757,0.4531502931871441,-0.09411913638369629,0.30498441437449936,0.6601584547680233,-0.10231785897438207,0.3575348311908391,-1.0908882840658392,0.08645559050890746,-0.8278942122094433,0.08941748684267321,-0.617676027138436,-1.3854556948543237,0.8923562160809123,-0.07189783291963109,0.5130280041788887,-0.8376685959395069,-0.6264618837578271,-1.0130023942824846,0.9424189658893691,0.619038389335098,-0.1327626403225699,-0.05824446216875433,0.16381696806281282,0.07341949272588887,-0.3662555899325855,-0.8956573183822768,-0.5641594768883684
1.3521327545847355,-0.48848702990081844,1.0805681458869425,1.110014667753176,0.17043565493938181,0.4268224819689372,1.239910599286998,0.5477048006868654,0.4386076741793388,0.11032099056041039,1.86944251484859,1.1183247916381212,-0.08571784989968706,1.8494562182853787,0.8871802152649475,-0.2632094437821208,-1.4520231011898195,-0.2989623091670106,1.0286038600126883,-1.1644835358969785,0.7337762446883793,-0.6497093788291416,1.0098353817939547,-1.2414800561062669,-0.042750029579746766,0.3149979971865298,0.07666308076074044,-0.398074078171227,-0.1424882710050192,0.6550299374662428,0.12356146744827272,0.9075177550719583,-0.024275139347348887,0.18329792392231,-0.8358887500579903,1.1271567127295197,-0.263664486424929,-0.22289760900462935,0.6783494239614007,-0.25135651118159424,0.1758154768313927,0.4960625844254059,-1.057228376094655,0.15677901226793658
1.1759264841886554,-1.4122094211562193,0.3360127535733622,0.5273831563916694,0.5430376091798603,-0.34840422931215276,0.5477048006868654,0.9765082507835304,-0.09492147807951302,0.2813735296801026,1.3334189998922301,0.6167363863728634,-0.7497471668445254,0.6619514156693566,1.252484846500707,0.37104211738707243,-1.2373087252830157,-0.5351161194313796,1.2108448312676114,-1.5733407753615825,-0.36067227709189364,-0.6565745138537965,0.7682201807977462,0.09983327429646127,-0.23951277526702433,0.9361955658156664,0.28765063860909507,-0.11526559914582366,1.1258909799350825,-0.4097261550460672,0.34667507363613886,0.20004305687117954,0.7699695637845235,0.9665650566234104,0.0247098736130283,0.2274322175549999,-0.9626321809158066,0.15422918112556686,0.42195866783803937,-0.3703972720047675,0.218226009698561,1.015548323219067,-0.6675111597361306,0.14735165285806773
0.47667462969819535,0.23792215037777167,0.7552998209184777,0.6147873100892557,-0.0071970969296686884,0.6249529529609466,0.4386076741793388,-0.09492147807951302,0.5201216669014872,-0.04027823852197166,0.5456069863595363,0.26308106306460727,0.19974267539582083,1.0435630773724125,-0.13994616488384926,-0.39063980890429134,-0.37652179039839406,0.1296033188065358,0.08820189234780837,0.11744186269912198,0.5866130183766208,-0.1652438764796459,0.35203548959942726,-0.8873458938683546,0.08571024157314514,-0.45652894135670924,0.030562570901108425,-0.38436276884007975,-0.8192359952830511,0.6781402505584747,-0.059873266730601504,0.4183670861703598,-0.5381096280971612,-0.3529471912173775,-0.7030830121177346,0.6945068310335262,0.3698137984820588,-0.1724727002811994,0.13181333966710868,0.08405487058287398,0.04712571015634707,-0.16345539775717965,-0.5504488877573648,-0.1785021053759812
0.14514245119899377,-0.5218997244057686,0.11853707519145856,0.1084395950121623,-0.09914520338478554,-0.10630989234778378,0.11032099056041039,0.2813735296801026,-0.04027823852197166,0.3199645272537346,0.09786721025186017,0.048511800601907726,-0.19354114428031596,0.05336436646978735,0.2626479371816055,-0.12167670245993058,-0.1735778922942045,-0.09659372572659763,0.0804281323116722,-0.4010339965557436,0.01804292515311591,0.01574705666096226,0.13299228900233018,0.19223274729801448,0.0022935985059838325,0.49990063364791143,0.042729083228833266,0.2736303046933009,0.6072380413715399,-0.17866346725470908,-0.17618858924634692,0.22501933495279708,0.5224142519848043,0.3058832397383832,-0.11392733269623065,0.12404568951493346,-0.16972084611234833,0.38166117562773577,0.1555618514255755,-0.03567537452079086,0.28735596430207566,0.24844457871701048,-0.04747224438944254,0.13213244213236544
3.073899022806144,-1.8176922544608969,1.832433327094986,2.071060807630517,1.1755959248839984,0.49083751733170927,1.86944251484859,1.3334189998922301,0.5456069863595363,0.09786721025186017,3.6749645754574405,1.800348631675149,-0.9757300228360571,3.2419408486523364,2.1524848769556764,0.1318275465207877,-3.057941445605935,-0.6407358584510694,2.521689371816153,-2.7244715425926223,0.26881887716767167,-1.608572142880141,2.0303557309087186,-1.5547617047109001,-0.3607497026318655,0.6601455974905671,0.5869364395802111,-1.239221861737142,0.11590636800963527,0.48450438247978733,0.8116535540627862,1.1199734930959038,0.13871574260767283,1.0087559111562439,-1.069448005688941,1.6995910138528947,-1.202334738739027,-0.46081899297207723,0.8695663108723815,-0.6445116539449034,0.21311035765195,1.4739147713457499,-2.361221291100019,-0.23548896524689228
1.1940392728351585,-0.49745648914326307,0.7083321979586638,0.8300281128754962,0.20331141818691292,0.09051849797107847,1.1183247916381212,0.6167363863728634,0.26308106306460727,0.048511800601907726,1.800348631675149,1.1541018773611562,-0.08932071716896846,1.4240754570833765,1.0036959917739017,0.03545639949386646,-1.3860212152533795,-0.4632943044191079,1.1294518435104715,-1.2163648880763498,0.5291225198212475,-0.6710688617641318,0.9074650286540413,-0.9945539709974985,-0.07533829384481718,0.4621021124443125,0.0361633386159946,-0.30748436601215573,0.14570376034785357,0.4294977946749908,0.22541407136923988,0.6896848320487785,0.0927111989906196,0.3344790398354983,-0.4734860616199034,0.8129264858472147,-0.4635957895098406,-0.3443820015772323,0.6853451378370964,-0.31988849055092095,0.053401444132812365,0.5820480765464735,-0.7763209638175127,0.32625960963961004
-1.2646865397972888,1.6371812733870856,-0.3874533662265484,-0.562760731005266,-0.9559693202725441,0.15336676508757383,-0.08571784989968706,-0.7497471668445254,0.19974267539582083,-0.19354114428031596,-0.9757300228360571,-0.08932071716896846,1.172992258471535,-0.6201217900155613,-1.084295279879515,-0.3890450934573659,1.077613080271233,0.1740306157270756,-1.0901301604822808,1.431824645130504,0.9250594755771651,0.6277100231841537,-0.6357393134045675,-0.5299984295749679,0.3434149891139393,-0.604940532584576,-0.5685840769623491,0.4698702257686221,-0.8170807626506968,0.712972530716895,-0.5193871829960464,0.06683851925613923,-0.6496045787272627,-0.9974460872683149,-0.07210175578294827,-0.1290283542184378,1.0103874542591544,-0.2529872059142995,0.10204061491115526,0.32317918890686004,-0.23280362998557647,-0.9780956894522197,0.9867777833547365,0.518514979629348
3.0060695699210855,-1.1671383818143357,2.5903883163277426,2.5452159543983033,0.9592445059253318,1.4302495438944298,1.8494562182853787,0.6619514156693566,1.0435630773724125,0.05336436646978735,3.2419408486523364,1.4240754570833765,-0.6201217900155613,4.025647706764693,1.3243629735311107,-0.6657545385234624,-2.6540851519702087,-0.0026355759751018524,1.7417801668560182,-1.8074173507415783,0.8262308404531107,-1.3352010719876939,1.9626861553530413,-2.160870452461606,-0.1752779173906155,-0.2270499617876359,0.6677224151872687,-1.5890154793507554,-1.2240884920010573,1.1589345614110436,0.48382530117775774,1.5796011217302337,-0.5822262120382682,0.251643509104361,-1.9535005034561699,2.410034200701909,-0.30800831777624393,-0.34270378141042185,0.5704063504111906,-0.2982538512701171,0.3786273317753928,0.8268573316667457,-2.7839007054630107,-0.8070999835373696
1.9295045083785811,-1.9790225162924393,0.6377293511660969,0.9675694971594296,0.9400956239224801,-0.3883050032393804,0.8871802152649475,1.252484846500707,-0.13994616488384926,0.2626479371816055,2.1524848769556764,1.0036959917739017,-1.084295279879515,1.3243629735311107,1.9040374912539137,0.527753925176282,-1.9389305186414392,-0.6775341227506883,1.8255532548684872,-2.3145437490587875,-0.5567356715823509,-1.0764734438613066,1.2289440458290293,-0.004587261524470531,-0.3735818246251909,1.1807619165745633,0.5402317321363579,-0.48762402390674875,1.2569112938675207,-0.5434391419236372,0.637619032098169,0.4719026735144631,0.926709088378227,1.3674820137084398,-0.0905363475872866,0.5816768691295867,-1.4096211546751858,0.03698994900571448,0.513281031576836,-0.565349653398275,0.26025952455468815,1.457661990818062,-1.2389375316707079,-7.87234077222638e-4
0.08915290493213777,-0.4984465252437171,-0.6181840194830822,-0.3929052938542721,0.43876481872260464,-0.6883752523650475,-0.2632094437821208,0.37104211738707243,-0.39063980890429134,-0.12167670245993058,0.1318275465207877,0.03545639949386646,-0.3890450934573659,-0.6657545385234624,0.527753925176282,0.7612739741506653,-0.17245468710587533,-0.3680822662793821,0.5494085529121226,-0.49363915650260176,-0.7599044202767572,-0.2645186923045113,-0.024986474978519697,0.662434459475183,-0.19223541630441404,0.3807138437432463,0.12102670866114779,-0.031661300911829976,0.746204553202577,-0.6666092081649007,0.4241291743245111,-0.5542809297345025,0.3452198111778679,0.5772679071156416,0.7810627891786446,-0.6495305144694805,-0.7028370666055469,-0.20113774832653283,-0.06008186435750597,-0.2278054659006014,-0.2151190581149087,0.4683088493489677,0.22240106706674184,0.12173772494736808
-2.6950771762380237,1.8837475900078846,-1.5325950492693714,-1.751628537668023,-1.132976795763659,-0.33961696721638757,-1.4520231011898195,-1.2373087252830157,-0.37652179039839406,-0.1735778922942045,-3.057941445605935,-1.3860212152533795,1.077613080271233,-2.6540851519702087,-1.9389305186414392,-0.17245468710587533,2.633565846201448,0.5322429015248383,-2.2087373499068423,2.482969275020969,0.029201617929044223,1.3831656265578656,-1.7281229437794063,1.028900977504382,0.35959617646827063,-0.708306086956422,-0.6079245557830527,1.0393837850317027,-0.3575763281422485,-0.16963364651915977,-0.7223728487308518,-0.8667837589578875,-0.33229831988412717,-1.0628778246229853,0.83209207281578,-1.3604764047103584,1.1876545988674667,0.2303934696733833,-0.6438530569675063,0.5729075497813043,-0.2698445029849218,-1.3986047735526137,2.0748114892786194,0.31716767420970166
-0.37277456585124424,0.5350251057583677,0.1333508870788226,-0.0262081882969834,-0.1268388689443305,0.4531502931871441,-0.2989623091670106,-0.5351161194313796,0.1296033188065358,-0.09659372572659763,-0.6407358584510694,-0.4632943044191079,0.1740306157270756,-0.0026355759751018524,-0.6775341227506883,-0.3680822662793821,0.5322429015248383,0.4691967557264761,-0.6209083454789684,0.7475154921208117,0.12553776932904132,0.31861832013650493,-0.310933754705386,-0.07800523530177694,0.09261861633534572,-0.6002493970092077,-0.014108872861962923,-0.10835508140317356,-0.7708654570194151,0.23561572902186714,-0.1783012063523306,-0.027687923462490237,-0.43743991716924135,-0.518570778720822,-0.2458594061990734,0.08394619205784061,0.5334482131679408,0.057320040417673995,-0.35612964620938986,0.2181077938883915,0.008159607866283919,-0.5121165023158062,-0.010940379135945907,-0.39531409228386255
2.1763053046341025,-1.7638938501194947,0.8777646366123575,1.1589058368086176,1.1317711371302093,-0.09411913638369629,1.0286038600126883,1.2108448312676114,0.08820189234780837,0.0804281323116722,2.521689371816153,1.1294518435104715,-1.0901301604822808,1.7417801668560182,1.8255532548684872,0.5494085529121226,-2.2087373499068423,-0.6209083454789684,2.0930533954354056,-2.2744482557054893,-0.40643119117002535,-1.2264836674052093,1.3410759934175065,-0.48301512493076076,-0.392787669590671,0.7924282284331637,0.5154789744216832,-0.7970326184834426,0.7186759828862739,-0.21258786356494475,0.7867600868872984,0.3533628324133373,0.4688856727465486,1.133650740910005,-0.21918294400413435,0.6988391364504714,-1.3392675434605632,-0.2951680957316609,0.49457622530105944,-0.5949887480939375,0.10613754269792602,1.3602088572707738,-1.521548514906511,-0.16456017904007958
-2.4496449946864893,2.5043674924445978,-0.9533699435238598,-1.3006471725073674,-1.144095505082016,0.30498441437449936,-1.1644835358969785,-1.5733407753615825,0.11744186269912198,-0.4010339965557436,-2.7244715425926223,-1.2163648880763498,1.431824645130504,-1.8074173507415783,-2.3145437490587875,-0.49363915650260176,2.482969275020969,0.7475154921208117,-2.2744482557054893,2.9428724690978374,0.5845804297258261,1.2859731935397933,-1.5473471656539002,0.11424472890122882,0.4605139614494497,-1.4669601875643752,-0.6350315449997745,0.5546390885508905,-1.5246295925630473,0.576013973419138,-0.7137816012655095,-0.6212635735062781,-1.1655016156374427,-1.6203366581453258,0.25221091965603004,-0.8086125690348583,1.6960819467543704,-0.15075898752708455,-0.6466310691004551,0.6974634821764323,-0.40623354821562413,-1.7762263498135722,1.6705617403992645,0.07113513488375706
-0.24994384612468065,1.1231539564394006,0.5781913100035819,0.3267371911401122,-0.812390675987921,0.6601584547680233,0.7337762446883793,-0.36067227709189364,0.5866130183766208,0.01804292515311591,0.26881887716767167,0.5291225198212475,0.9250594755771651,0.8262308404531107,-0.5567356715823509,-0.7599044202767572,0.029201617929044223,0.12553776932904132,-0.40643119117002535,0.5845804297258261,1.4657877375352766,0.25674591788895357,0.06283565809532314,-1.3871677051027265,0.32002363255269684,-0.3904145900520837,-0.47695124922020604,0.22694125193446768,-0.9303400563210188,1.1835674869161203,-0.5543878427113972,0.7234076776964827,-0.592809493666833,-0.9103541358915838,-0.8287107952806175,0.7589958304677598,0.8746024321709279,-0.2162721760584715,0.4839847285849375,0.17837552551177946,0.057127833374634965,-0.6586453763983887,0.07375112785338632,0.4430619758498768
-1.509726595796691,1.0538290610449097,-0.7396647870915378,-0.9113746330541695,-0.7842180639129148,-0.10231785897438207,-0.6497093788291416,-0.6565745138537965,-0.1652438764796459,0.01574705666096226,-1.608572142880141,-0.6710688617641318,0.6277100231841537,-1.3352010719876939,-1.0764734438613066,-0.2645186923045113,1.3831656265578656,0.31861832013650493,-1.2264836674052093,1.2859731935397933,0.25674591788895357,0.8469757459480931,-0.9398539436691954,0.4124539746810679,0.2405667469506423,-0.2641300051307015,-0.43251080338850983,0.7448986767143426,-0.12710386103286306,0.026904699047136892,-0.5576213950346277,-0.329599321179127,-0.07877976595517919,-0.6594307620691203,0.32203303985993276,-0.6257153354927169,0.7121841464649866,0.21731893439289518,-0.24523965364092495,0.30758668837091613,-0.039206748665983934,-0.8136734592439051,1.138893001178402,0.2733565732375499
1.8789141897461854,-1.231922809483943,1.2005273345757774,1.3254465784324343,0.7214817772500025,0.3575348311908391,1.0098353817939547,0.7682201807977462,0.35203548959942726,0.13299228900233018,2.0303557309087186,0.9074650286540413,-0.6357393134045675,1.9626861553530413,1.2289440458290293,-0.024986474978519697,-1.7281229437794063,-0.310933754705386,1.3410759934175065,-1.5473471656539002,0.06283565809532314,-0.9398539436691954,1.239683139698529,-0.77960810460019625,-0.21044888709791337,0.36333572151964444,0.46528923154982127,-0.7948949841706876,0.06623503818074905,0.22088556728633157,0.4514343320159065,0.7444568998020021,0.12726477662771918,0.6692130224267943,-0.7604394428929437,1.0986605281802646,-0.6481781575992043,-0.08688630418554971,0.43554064419867167,-0.3104111865336752,0.216607047371896,0.9020347776221989,-1.4913898068828308,-0.278280159557926
-0.969311888748498,-0.6782221941111684,-1.3476628180486863,-1.1688316258315141,0.10717296712954787,-1.0908882840658392,-1.2414800561062669,0.09983327429646127,-0.8873458938683546,0.19223274729801448,-1.5547617047109001,-0.9945539709974985,-0.5299984295749679,-2.160870452461606,-0.004587261524470531,0.662434459475183,1.028900977504382,-0.07800523530177694,-0.48301512493076076,0.11424472890122882,-1.3871677051027265,0.4124539746810679,-0.77960810460019625,2.0635915663338698,-0.14463665091781994,0.6894840597528138,0.1497655906525993,0.648972396342025,1.5178017923848213,-1.4745643479466244,0.03838057215051836,-0.9170103600367078,1.0369512932873022,0.7360371172018979,1.2503533853081652,-1.368166219861559,-0.5658697108332231,0.6141190705380498,-0.5372023820233524,0.0015016762367813024,0.05428444741993147,0.26928408241469365,1.0192611015702708,0.027592462394028332
-0.4081960259766539,0.46412570692016186,-0.07087312788262604,-0.15563366508749749,-0.33554439595153174,0.08645559050890746,-0.042750029579746766,-0.23951277526702433,0.08571024157314514,0.0022935985059838325,-0.3607497026318655,-0.07533829384481718,0.3434149891139393,-0.1752779173906155,-0.3735818246251909,-0.19223541630441404,0.35959617646827063,0.09261861633534572,-0.392787669590671,0.4605139614494497,0.32002363255269684,0.2405667469506423,-0.21044888709791337,-0.14463665091781994,0.12455902794340516,-0.16047314464911883,-0.1699877790741811,0.19192943006193527,-0.22566574912585718,0.2183878790937595,-0.23215637558649788,0.0642247613043505,-0.1476568852058109,-0.3153902847665552,-0.08298582438883759,0.001673309034876251,0.34611799291437273,0.0022322749068405764,0.017272892961217097,0.12126860266011125,-0.002922415325879025,-0.3205106491935953,0.2978958483409816,0.14001845439441188
0.4639148685878364,-1.374496033847015,-0.25051870231644796,-0.03174450584203911,0.0864025060103092,-0.8278942122094433,0.3149979971865298,0.9361955658156664,-0.45652894135670924,0.49990063364791143,0.6601455974905671,0.4621021124443125,-0.604940532584576,-0.2270499617876359,1.1807619165745633,0.3807138437432463,-0.708306086956422,-0.6002493970092077,0.7924282284331637,-1.4669601875643752,-0.3904145900520837,-0.2641300051307015,0.36333572151964444,0.6894840597528138,-0.16047314464911883,1.4804977464924625,0.09418569291506107,0.5708679124503829,1.881544119316709,-0.7952731298552008,0.015390437251082198,0.1915520729619657,1.3808637620265698,1.0783148380033805,0.392551366942936,-0.15644414403217363,-1.0013265691287436,0.47591740737437827,0.468453075928923,-0.35404686412608655,0.36858366621111005,0.9434322716977128,0.047652819948299494,0.5627439926438593
0.8758614434831975,-0.8505739147617136,0.4532967689922075,0.5361725018429814,0.6013417701383627,0.08941748684267321,0.07666308076074044,0.28765063860909507,0.030562570901108425,0.042729083228833266,0.5869364395802111,0.0361633386159946,-0.5685840769623491,0.6677224151872687,0.5402317321363579,0.12102670866114779,-0.6079245557830527,-0.014108872861962923,0.5154789744216832,-0.6350315449997745,-0.47695124922020604,-0.43251080338850983,0.46528923154982127,0.1497655906525993,-0.1699877790741811,0.09418569291506107,0.45470902510217237,-0.5348853572527771,0.082163473062016,-0.2771480828758367,0.3288669745575858,0.14584650443083055,0.14173304762570857,0.493068723448955,-0.19525869590507258,0.3375495945197973,-0.42107098360143647,0.08834703445695895,-0.12981016228478695,-0.10931713122178492,0.13336416696788872,0.49603414602264867,-0.7588960701620578,-0.4695157882111104
-1.4162353027257581,0.5072911287162621,-0.9880194614394112,-1.0490835307959683,-0.8932990997150482,-0.617676027138436,-0.398074078171227,-0.11526559914582366,-0.38436276884007975,0.2736303046933009,-1.239221861737142,-0.30748436601215573,0.4698702257686221,-1.5890154793507554,-0.48762402390674875,-0.031661300911829976,1.0393837850317027,-0.10835508140317356,-0.7970326184834426,0.5546390885508905,0.22694125193446768,0.7448986767143426,-0.7948949841706876,0.648972396342025,0.19192943006193527,0.5708679124503829,-0.5348853572527771,1.2113880779829809,0.9460694391549528,-0.2808147126005723,-0.6040142145602725,-0.2756467915819777,0.6349301070055967,-0.16642296853093005,0.6049361405747108,-0.8068916820375274,0.22701475903101961,0.3952359317005465,0.15224198447118076,0.1105987706837769,0.09650759280676888,-0.368423089977495,1.3677310097974311,0.8127703319934393
0.05507479567972812,-1.6956729934565935,-0.8899212182535583,-0.5841904067197251,0.10235737892353493,-1.3854556948543237,-0.1424882710050192,1.1258909799350825,-0.8192359952830511,0.6072380413715399,0.11590636800963527,0.14570376034785357,-0.8170807626506968,-1.2240884920010573,1.2569112938675207,0.746204553202577,-0.3575763281422485,-0.7708654570194151,0.7186759828862739,-1.5246295925630473,-0.9303400563210188,-0.12710386103286306,0.06623503818074905,1.5178017923848213,-0.22566574912585718,1.881544119316709,0.082163473062016,0.9460694391549528,2.709287548020944,-1.397861149882708,0.04263758283318904,-0.2760566360164042,1.8726237914551704,1.4429339707070614,1.0064910969781928,-0.8358202193780448,-1.3106553632446836,0.7083308402440878,0.3710665347003643,-0.3904338157854417,0.3576769860007283,1.1297206801945763,0.5722631810743153,0.7464850898210748
0.12981101581627563,1.0370202033676141,0.7938553756644343,0.5722456810733356,-0.39407670313060433,0.8923562160809123,0.6550299374662428,-0.4097261550460672,0.6781402505584747,-0.17866346725470908,0.48450438247978733,0.4294977946749908,0.712972530716895,1.1589345614110436,-0.5434391419236372,-0.6666092081649007,-0.16963364651915977,0.23561572902186714,-0.21258786356494475,0.576013973419138,1.1835674869161203,0.026904699047136892,0.22088556728633157,-1.4745643479466244,0.2183878790937595,-0.7952731298552008,-0.2771480828758367,-0.2808147126005723,-1.397861149882708,1.2283022081941817,-0.23773793711115762,0.5547368904801564,-0.9747626979751135,-0.9052640786651338,-0.9009190353101542,0.8289675561308065,0.8352981481299077,-0.3914109623571406,0.27735514929736477,0.17364694175558326,-0.0949816510443213,-0.6033727818497575,-0.3581580328333586,0.017871215429666538
0.8460527682100528,-0.6372554652801649,0.18338920905934933,0.3610563408878503,0.7143890146708999,-0.07189783291963109,0.12356146744827272,0.34667507363613886,-0.059873266730601504,-0.17618858924634692,0.8116535540627862,0.22541407136923988,-0.5193871829960464,0.48382530117775774,0.637619032098169,0.4241291743245111,-0.7223728487308518,-0.1783012063523306,0.7867600868872984,-0.7137816012655095,-0.5543878427113972,-0.5576213950346277,0.4514343320159065,0.03838057215051836,-0.23215637558649788,0.015390437251082198,0.3288669745575858,-0.6040142145602725,0.04263758283318904,-0.23773793711115762,0.5687409634108183,-0.15349193496520672,-0.0576609454405045,0.4687262922998317,0.11977407494679167,0.056201221224070105,-0.5665862000821383,-0.2564218039043557,-0.05238515891928713,-0.2149830397488623,-0.1574389499433282,0.5223764528001321,-0.6338410252210942,-0.32505828222917743
0.9454458205860953,-0.33795878840428556,1.0531829712981569,0.9984203579162092,-0.07783439435323988,0.5130280041788887,0.9075177550719583,0.20004305687117954,0.4183670861703598,0.22501933495279708,1.1199734930959038,0.6896848320487785,0.06683851925613923,1.5796011217302337,0.4719026735144631,-0.5542809297345025,-0.8667837589578875,-0.027687923462490237,0.3533628324133373,-0.6212635735062781,0.7234076776964827,-0.329599321179127,0.7444568998020021,-0.9170103600367078,0.0642247613043505,0.1915520729619657,0.14584650443083055,-0.2756467915819777,-0.2760566360164042,0.5547368904801564,-0.15349193496520672,1.0678397891036089,0.0383900433344816,0.04568076960286281,-0.9864372736445176,1.1901915346282477,0.08014860202418594,0.09727696516841489,0.4331912395514484,-0.04463823433893081,0.3518268761011094,0.22660021035280176,-0.8575371188227403,-0.006503716140576007
0.1830765250081958,-1.3429383704730387,-0.39871265046204324,-0.2188735138734605,0.066088951100329,-0.8376685959395069,-0.024275139347348887,0.7699695637845235,-0.5381096280971612,0.5224142519848043,0.13871574260767283,0.0927111989906196,-0.6496045787272627,-0.5822262120382682,0.926709088378227,0.3452198111778679,-0.33229831988412717,-0.43743991716924135,0.4688856727465486,-1.1655016156374427,-0.592809493666833,-0.07877976595517919,0.12726477662771918,1.0369512932873022,-0.1476568852058109,1.3808637620265698,0.14173304762570857,0.6349301070055967,1.8726237914551704,-0.9747626979751135,-0.0576609454405045,0.0383900433344816,1.4161750480788367,1.0344703448773056,0.4874859427318391,-0.339069096718596,-0.8966322195482943,0.6386194496629329,0.23483610161653523,-0.2604750391857818,0.4103180232720341,0.8157089701935096,0.19955318373268593,0.4023650219819539
1.126734830676558,-1.7683663746698794,0.0700115393952984,0.3646241122132939,0.7347824618082128,-0.6264618837578271,0.18329792392231,0.9665650566234104,-0.3529471912173775,0.3058832397383832,1.0087559111562439,0.3344790398354983,-0.9974460872683149,0.251643509104361,1.3674820137084398,0.5772679071156416,-1.0628778246229853,-0.518570778720822,1.133650740910005,-1.6203366581453258,-0.9103541358915838,-0.6594307620691203,0.6692130224267943,0.7360371172018979,-0.3153902847665552,1.0783148380033805,0.493068723448955,-0.16642296853093005,1.4429339707070614,-0.9052640786651338,0.4687262922998317,0.04568076960286281,1.0344703448773056,1.3021639923919432,0.2919412549472401,6.476999223619179e-4,-1.192338008557778,0.31084082821705705,0.17540346621955544,-0.3777228394262007,0.24274574712622482,1.1772587911969505,-0.5952387013268989,-0.038270646849104833
-1.061133264240166,0.0938895569340684,-1.4154550963966965,-1.2387880016323676,-0.04689341375952846,-1.0130023942824846,-0.8358887500579903,0.0247098736130283,-0.7030830121177346,-0.11392733269623065,-1.069448005688941,-0.4734860616199034,-0.07210175578294827,-1.9535005034561699,-0.0905363475872866,0.7810627891786446,0.83209207281578,-0.2458594061990734,-0.21918294400413435,0.25221091965603004,-0.8287107952806175,0.32203303985993276,-0.7604394428929437,1.2503533853081652,-0.08298582438883759,0.392551366942936,-0.19525869590507258,0.6049361405747108,1.0064910969781928,-0.9009190353101542,0.11977407494679167,-0.9864372736445176,0.4874859427318391,0.2919412549472401,1.3060594047791556,-1.3742658997048354,-0.4146716777463482,-0.02620875355256502,-0.24118376911599887,-0.07943387838820928,-0.2932577029267061,0.02406558300278227,1.1793549599585902,0.3987641873529452
1.585322444196589,-0.4932166743708358,1.6160905352602455,1.530871529969317,0.2829993416888159,0.9424189658893691,1.1271567127295197,0.2274322175549999,0.6945068310335262,0.12404568951493346,1.6995910138528947,0.8129264858472147,-0.1290283542184378,2.410034200701909,0.5816768691295867,-0.6495305144694805,-1.3604764047103584,0.08394619205784061,0.6988391364504714,-0.8086125690348583,0.7589958304677598,-0.6257153354927169,1.0986605281802646,-1.368166219861559,0.001673309034876251,-0.15644414403217363,0.3375495945197973,-0.8068916820375274,-0.8358202193780448,0.8289675561308065,0.056201221224070105,1.1901915346282477,-0.339069096718596,6.476999223619179e-4,-1.3742658997048354,1.617866884844478,0.08234078981520535,-0.07212784515258945,0.37496870662175785,-0.07064547791425713,0.33225761619058686,0.30691719681767,-1.529528293447286,-0.4051323223559993
-1.1516189269861854,1.6107320445710314,-0.01114769913058844,-0.3116377412585679,-0.8262521622673137,0.619038389335098,-0.263664486424929,-0.9626321809158066,0.3698137984820588,-0.16972084611234833,-1.202334738739027,-0.4635957895098406,1.0103874542591544,-0.30800831777624393,-1.4096211546751858,-0.7028370666055469,1.1876545988674667,0.5334482131679408,-1.3392675434605632,1.6960819467543704,0.8746024321709279,0.7121841464649866,-0.6481781575992043,-0.5658697108332231,0.34611799291437273,-1.0013265691287436,-0.42107098360143647,0.22701475903101961,-1.3106553632446836,0.8352981481299077,-0.5665862000821383,0.08014860202418594,-0.8966322195482943,-1.192338008557778,-0.4146716777463482,0.08234078981520535,1.2767604187067607,-0.06386322665706168,-0.18279012692494445,0.45999202649310267,-0.12371012153290183,-1.149507088557897,0.6190393609048899,0.020770508241953985
-0.1441153748450754,-0.5556609844227238,-0.03728206156340191,-0.0709511729739135,-0.15001283890320893,-0.1327626403225699,-0.22289760900462935,0.15422918112556686,-0.1724727002811994,0.38166117562773577,-0.46081899297207723,-0.3443820015772323,-0.2529872059142995,-0.34270378141042185,0.03698994900571448,-0.20113774832653283,0.2303934696733833,0.057320040417673995,-0.2951680957316609,-0.15075898752708455,-0.2162721760584715,0.21731893439289518,-0.08688630418554971,0.6141190705380498,0.0022322749068405764,0.47591740737437827,0.08834703445695895,0.3952359317005465,0.7083308402440878,-0.3914109623571406,-0.2564218039043557,0.09727696516841489,0.6386194496629329,0.31084082821705705,-0.02620875355256502,-0.07212784515258945,-0.06386322665706168,0.659264735872701,-0.04349622767337452,0.06613243590112568,0.35176135305995365,0.1622877375617439,0.10685857396664084,-0.005017945308254691
0.4365014610759294,-0.2178008764754776,0.28315834500594267,0.3279889721130557,-0.15847090821041432,-0.05824446216875433,0.6783494239614007,0.42195866783803937,0.13181333966710868,0.1555618514255755,0.8695663108723815,0.6853451378370964,0.10204061491115526,0.5704063504111906,0.513281031576836,-0.06008186435750597,-0.6438530569675063,-0.35612964620938986,0.49457622530105944,-0.6466310691004551,0.4839847285849375,-0.24523965364092495,0.43554064419867167,-0.5372023820233524,0.017272892961217097,0.468453075928923,-0.12981016228478695,0.15224198447118076,0.3710665347003643,0.27735514929736477,-0.05238515891928713,0.4331912395514484,0.23483610161653523,0.17540346621955544,-0.24118376911599887,0.37496870662175785,-0.18279012692494445,-0.04349622767337452,0.5584700111430785,-0.15154299036805802,0.09278974312558916,0.2949000844804848,-0.16435631534897757,0.4718096372266483
-0.5087156966936867,0.5205620487211916,-0.09009279740587635,-0.19775859994706857,-0.2870660212095492,0.16381696806281282,-0.25135651118159424,-0.3703972720047675,0.08405487058287398,-0.03567537452079086,-0.6445116539449034,-0.31988849055092095,0.32317918890686004,-0.2982538512701171,-0.565349653398275,-0.2278054659006014,0.5729075497813043,0.2181077938883915,-0.5949887480939375,0.6974634821764323,0.17837552551177946,0.30758668837091613,-0.3104111865336752,0.0015016762367813024,0.12126860266011125,-0.35404686412608655,-0.10931713122178492,0.1105987706837769,-0.3904338157854417,0.17364694175558326,-0.2149830397488623,-0.04463823433893081,-0.2604750391857818,-0.3777228394262007,-0.07943387838820928,-0.07064547791425713,0.45999202649310267,0.06613243590112568,-0.15154299036805802,0.1999030843676464,-0.024421859107721825,-0.4138951300448085,0.3003050474068475,-0.039408370395163324
0.3260724061349095,-0.535740523718344,0.3423739893297875,0.30132246674733343,-0.0071462752479900925,0.07341949272588887,0.1758154768313927,0.218226009698561,0.04712571015634707,0.28735596430207566,0.21311035765195,0.053401444132812365,-0.23280362998557647,0.3786273317753928,0.26025952455468815,-0.2151190581149087,-0.2698445029849218,0.008159607866283919,0.10613754269792602,-0.40623354821562413,0.057127833374634965,-0.039206748665983934,0.216607047371896,0.05428444741993147,-0.002922415325879025,0.36858366621111005,0.13336416696788872,0.09650759280676888,0.3576769860007283,-0.0949816510443213,-0.1574389499433282,0.3518268761011094,0.4103180232720341,0.24274574712622482,-0.2932577029267061,0.33225761619058686,-0.12371012153290183,0.35176135305995365,0.09278974312558916,-0.024421859107721825,0.3317146541620975,0.230391809570852,-0.2891302817073908,-0.04215801664021693
1.4662207184254585,-1.7149375659654582,0.42080996775103957,0.6788508408987765,0.8146954671187541,-0.3662555899325855,0.4960625844254059,1.015548323219067,-0.16345539775717965,0.24844457871701048,1.4739147713457499,0.5820480765464735,-0.9780956894522197,0.8268573316667457,1.457661990818062,0.4683088493489677,-1.3986047735526137,-0.5121165023158062,1.3602088572707738,-1.7762263498135722,-0.6586453763983887,-0.8136734592439051,0.9020347776221989,0.26928408241469365,-0.3205106491935953,0.9434322716977128,0.49603414602264867,-0.368423089977495,1.1297206801945763,-0.6033727818497575,0.5223764528001321,0.22660021035280176,0.8157089701935096,1.1772587911969505,0.02406558300278227,0.30691719681767,-1.149507088557897,0.1622877375617439,0.2949000844804848,-0.4138951300448085,0.230391809570852,1.1976167329116687,-0.9313625503043451,-0.08933634092763412
-2.480014974505334,1.4701564882127645,-1.8083147463806064,-1.8674802351297415,-1.1624223134020284,-0.8956573183822768,-1.057228376094655,-0.6675111597361306,-0.5504488877573648,-0.04747224438944254,-2.361221291100019,-0.7763209638175127,0.9867777833547365,-2.7839007054630107,-1.2389375316707079,0.22240106706674184,2.0748114892786194,-0.010940379135945907,-1.521548514906511,1.6705617403992645,0.07375112785338632,1.138893001178402,-1.4913898068828308,1.0192611015702708,0.2978958483409816,0.047652819948299494,-0.7588960701620578,1.3677310097974311,0.5722631810743153,-0.3581580328333586,-0.6338410252210942,-0.8575371188227403,0.19955318373268593,-0.5952387013268989,1.1793549599585902,-1.529528293447286,0.6190393609048899,0.10685857396664084,-0.16435631534897757,0.3003050474068475,-0.2891302817073908,-0.9313625503043451,2.280657697360589,0.9367689642154453
-0.727618478412284,0.40641893571677273,-0.6351616380483841,-0.598390269971192,-0.6672365731655515,-0.5641594768883684,0.15677901226793658,0.14735165285806773,-0.1785021053759812,0.13213244213236544,-0.23548896524689228,0.32625960963961004,0.518514979629348,-0.8070999835373696,-7.87234077222638e-4,0.12173772494736808,0.31716767420970166,-0.39531409228386255,-0.16456017904007958,0.07113513488375706,0.4430619758498768,0.2733565732375499,-0.278280159557926,0.027592462394028332,0.14001845439441188,0.5627439926438593,-0.4695157882111104,0.8127703319934393,0.7464850898210748,0.017871215429666538,-0.32505828222917743,-0.006503716140576007,0.4023650219819539,-0.038270646849104833,0.3987641873529452,-0.4051323223559993,0.020770508241953985,-0.005017945308254691,0.4718096372266483,-0.039408370395163324,-0.04215801664021693,-0.08933634092763412,0.9367689642154453,0.9321428229551285
