V1,V2,V3,V4,V5,V6,V7,V8,V9,V10,V11,V12,V13,V14,V15,V16,V17,V18,V19,V20,V21,V22,V23,V24,V25,V26,V27,V28,V29,V30,V31,V32,V33,V34,V35,V36,V37,V38,V39,V40,V41,V42,V43,V44
86.2417894917699,-31.3897941409843,0.18508371015678857,14.763598091920516,53.45400209710523,-142.4930333610636,67.69331237997547,63.18712903931772,-3.614570258340147,-18.00263603284012,-234.37862057715586,-148.71969516083053,4.1856064333823655,-52.67031839543565,-122.21026627915589,-104.9061495776159,-49.71745824099192,-44.17889866462263,-274.1368246361068,-188.53465582193482,-145.71058435816974,-76.62122216740329,131.79644122679886,158.85027209556415,134.5180914404431,-60.06577595884909,18.65146536353134,-122.9180211910536,-17.70969049271609,-110.77333521808649,33.80721404771409,116.72482430216083,47.7367822082419,75.34083303108565,167.12812429914936,140.34311276049232,68.88230844390054,-82.53365312725357,-7.86436968077065,-36.58397098333238,-53.898629628343464,-8.533622334040544,-3.807144683086961,72.1243902717365
-31.3897941409843,11.9005555273704,-0.4164231541865461,-5.321125962910867,-19.60995241437015,51.69000845736793,-24.753441829411305,-23.145428066288446,1.79001937666171,6.379152927148913,84.94186153782894,53.924863817953494,-1.5188957130596594,18.670433163097915,44.44882120968593,38.36634968724866,18.268809751336633,16.42975880894771,99.75091824361533,68.3580486556036,53.30900782313088,27.673835891365478,-47.77579607843199,-57.94097749605236,-48.708036010364985,21.746930091151533,-7.401492487708089,44.806979057796774,6.432423540025393,40.27911565679715,-12.100646485418698,-42.847558072700686,-17.526598346047564,-27.080825559651544,-60.708436717969185,-51.36126391535378,-25.070315874323715,30.2081438130609,2.8053412113007683,13.477859919471237,19.53105594154191,2.73583386299347,1.8381877873335952,-26.028267294674688
0.18508371015678857,-0.4164231541865461,0.49428155349448294,-0.09221041643444894,0.20394150004454137,-0.4456676498174134,0.32919573066202623,0.2422205210318868,-0.5418635650100404,0.14723299380064767,-0.375607514934821,-0.36121431301552626,0.030770215710441064,0.3061606672340351,-0.3888377144057172,-0.5143707823861923,-0.30223857531141796,-0.20602588557220436,-0.562727416813221,-0.40650886997577557,-0.34646768304805997,0.09480852753839157,0.13088222489781362,0.3141538508860211,-0.16991009707784507,-0.1300913121623076,0.693584336254425,-0.18840188802409255,-0.08182984812582707,-0.1467274221591888,0.1144370406493495,0.6349677714075502,0.180147222764338,-0.14398559357906543,0.2963322487671206,0.7863939626426437,0.1294737434110372,-0.30349198466889926,-0.03470393595581478,-0.17570109185358324,0.09981609595523967,-0.0043596394660700725,-0.0075914175801474445,0.09060575629396342
14.763598091920516,-5.321125962910867,-0.09221041643444894,2.9999619739570376,8.943614254231685,-24.367308006833582,11.044684661705546,10.698060853529464,-0.5636385831327083,-3.3150641516381416,-40.22730642739451,-25.416835581498496,0.967375154749702,-9.340409219989546,-20.7404317545609,-17.675197019142722,-8.351778611088555,-7.350594741414517,-46.965104326989895,-32.52969285362018,-24.933626753112943,-13.20570749392853,22.424483892433315,27.30084517285864,23.788171699705565,-9.8068556220708345,2.724140408143568,-20.93653259277786,-2.9642606455967035,-19.018352863173906,6.1627732346201896,19.66237797392094,8.169648770413396,13.096620934340178,28.744042415031853,23.895459627726222,11.856310313749116,-14.346271886874288,-1.3258362347983812,-5.940066633547576,-9.413203409880985,-1.5110423124426082,-0.8479000249095506,12.179618828103326
53.45400209710523,-19.60995241437015,0.20394150004454137,8.943614254231685,33.345373747301196,-88.24483006550375,42.323969360752855,39.26618338713684,-2.3877882442535805,-10.970199906119689,-145.1780639062335,-92.28587751722945,2.43887896678557,-32.40230551354494,-75.78062890878843,-65.1839477987872,-30.917480356239295,-27.63847631911551,-169.96794721479853,-116.70929685401512,-90.4809194348776,-47.44578419839659,81.79276166450101,98.49689070448609,82.9822351884387,-37.45347618740776,11.916266272048885,-76.40742260111587,-11.07567953672666,-68.69469797633063,20.600620175917424,72.69102420610523,29.677014668765285,46.552365687953,103.52617132703314,87.09856395082959,42.68241867498629,-51.069077227688055,-4.8196314426108255,-22.974351135002543,-33.35108587983717,-5.15564230281762,-2.447491788785678,44.75408170533578
-142.4930333610636,51.69000845736793,-0.4456676498174134,-24.367308006833582,-88.24483006550375,235.96161771210564,-112.17286210991146,-104.59291851391914,6.0552461421509856,29.69604248530816,387.7503399507145,246.40004260239849,-7.090771725361498,87.15580934750228,202.14256678470718,173.5130790008115,82.04721390701852,72.87082741588281,453.38092736898096,312.2913734383784,240.7058162938,126.67683778719434,-217.98377104305106,-262.45601069523246,-222.27346120223245,99.34778988007251,-30.781969884664374,203.1394608620339,29.482667727172092,183.05233544778457,-56.0568553349972,-193.22685873521314,-78.93576589973388,-124.78125844411332,-276.44947062168524,-232.34398587972078,-113.88759708849773,136.4048374489871,12.85917281924312,60.6415638797417,88.946719884946,14.517066900669873,5.820548164023334,-119.57835592002733
67.69331237997547,-24.753441829411305,0.32919573066202623,11.044684661705546,42.323969360752855,-112.17286210991146,54.662993762594205,50.245932871066834,-3.116967671326211,-13.650750626695586,-184.2303328119133,-117.62817477578757,3.186983044465962,-40.86187835890383,-96.27537206301785,-83.02910971482022,-39.195241947451926,-35.53594212165734,-216.12267513596606,-148.5175760189544,-114.91680735830802,-60.24627831882696,104.13506741516588,124.81889313391663,104.94252808958156,-47.76253944921004,15.2659485529563,-97.20085998182762,-14.321427836455396,-87.10099394040829,25.64491757229615,93.04204649423737,37.884347613421,59.152282809943024,131.48029059046917,110.915509750102,54.239763635662534,-64.67437277447581,-5.6866882947144415,-29.902586992851663,-42.21324645159629,-6.570758594698427,-2.901100564187521,57.38042166242563
63.18712903931772,-23.145428066288446,0.2422205210318868,10.698060853529464,39.26618338713684,-104.59291851391914,50.245932871066834,46.87591544223957,-2.794675920767039,-12.997055050413962,-171.84471733406983,-109.51813835473601,3.220011944215721,-38.292716896468924,-89.6534902629937,-77.13616898931748,-36.3047396050881,-32.88671777471015,-201.57747990431972,-138.72433436892587,-107.32461377029605,-56.250002479519516,96.80779096281502,116.6802702097067,98.64686721374441,-44.064346618844795,13.90806524342055,-90.45367806850184,-13.231536365371102,-81.24044958115748,24.383989720002262,86.3102964590726,35.29706971967651,55.46963126124246,122.75119560539149,103.32058109703159,50.59464182739765,-60.58099994741345,-5.370745047214513,-27.476035510987064,-39.43675405631123,-6.013753791301489,-3.057206149585876,53.17645028962123
-3.614570258340147,1.79001937666171,-0.5418635650100404,-0.5636385831327083,-2.3877882442535805,6.0552461421509856,-3.116967671326211,-2.794675920767039,0.8500790705987281,0.5190483047890725,9.661445256840691,6.26675952241459,-0.25390480185544156,1.7155431002713544,5.202980984198151,4.72374287365054,2.3448932712217956,2.144672938804704,11.579952755667298,7.91660008183899,6.259462348255658,2.947271398187053,-5.3975106135416455,-6.723078699366911,-5.274451344909147,2.4292757695954657,-1.5268636607117845,5.2074275305251385,0.813963719284155,4.600640660505083,-1.3266408822341165,-5.495717715751256,-2.1771029573564973,-2.767464564375218,-6.987425608748326,-6.469656474576085,-2.93041490380195,3.710908100855879,0.23490131645160345,1.7250270965954893,2.121943787210436,0.2306964079534758,0.3514948100973123,-2.9720610686185154
-18.00263603284012,6.379152927148913,0.14723299380064767,-3.3150641516381416,-10.970199906119689,29.69604248530816,-13.650750626695586,-12.997055050413962,0.5190483047890725,3.979308738280303,48.9735888920569,30.850418242483276,-0.9605543851639411,11.303806271162019,25.41071753714843,21.638175624536576,10.251769153011791,8.917315273374205,57.057415257905156,39.3521370157204,30.237333444416976,16.06411967524515,-27.39023719987074,-33.1240873681713,-28.493219339466595,12.324838920627332,-3.4541615601156797,25.451603859424363,3.5690345421788328,23.11246297731976,-7.390657002553617,-23.872031193125544,-9.832184916815153,-15.87368835805774,-34.885344528981044,-29.007639344795297,-14.363949174550244,17.25278320717225,1.7490365969546127,7.2687495313168515,11.34908545063668,1.8816220575955294,0.7574506078825225,-14.915311628012946
-234.37862057715586,84.94186153782894,-0.375607514934821,-40.22730642739451,-145.1780639062335,387.7503399507145,-184.2303328119133,-171.84471733406983,9.661445256840691,48.9735888920569,637.6755951477334,405.0290934586145,-11.550533212772214,143.58220149375592,332.2813404765174,285.1140686995628,134.86762582620375,119.84008656239975,745.5764924114058,513.3282266530208,395.9736506253188,208.50113329656233,-358.5576954440541,-431.7648773977537,-365.89543768646405,163.3519424266232,-50.2601315591613,334.2340126401406,48.400589190966464,301.19470991623524,-92.092856812985,-317.4652663108102,-129.77417991672897,-205.30547909290866,-454.6141483112406,-381.66667437608027,-187.31339597430215,224.26084524624343,21.197201912261715,99.61239756653738,146.51606453664007,23.699760253308366,9.833829488650354,-196.49810337121548
-148.71969516083053,53.924863817953494,-0.36121431301552626,-25.416835581498496,-92.28587751722945,246.40004260239849,-117.62817477578757,-109.51813835473601,6.26675952241459,30.850418242483276,405.0290934586145,258.0488255544895,-7.3598164158298305,90.9948596699836,211.00993067177203,181.2111309663814,85.4233032356434,76.3479583789879,473.8382400092235,326.54167306918384,251.73032855912047,132.44779492254727,-227.9274357767106,-274.1603010732601,-232.0675391845378,103.87836970609845,-32.08339708424918,212.55758765481056,31.116862851696933,191.28004912576966,-58.15401528359735,-202.2517214923391,-82.63720597069573,-130.6412928104175,-288.80201657590015,-242.71533022559083,-118.95262998493352,142.2107206153089,13.153985438088295,63.93991391704557,92.8709013041124,15.137434864306552,6.166187259444592,-125.10364500540251
4.1856064333823655,-1.5188957130596594,0.030770215710441064,0.967375154749702,2.43887896678557,-7.090771725361498,3.186983044465962,3.220011944215721,-0.25390480185544156,-0.9605543851639411,-11.550533212772214,-7.3598164158298305,0.5214431927742638,-2.660007126300418,-5.91173949568931,-5.043236380619564,-2.2822605230645387,-2.1540615558614213,-13.631619330790636,-9.646492531132772,-7.182918077613272,-3.79881073536925,6.370242617903009,7.879448568300102,7.082009303511733,-2.601390124457242,0.7090823138105862,-5.963770362640811,-0.9005524364658519,-5.399257207364628,1.8341552022115126,5.794879981544151,2.4167394172476633,3.8869822084456827,8.366629690308082,7.031224300774109,3.4555080623105936,-4.286102456657928,-0.190209810714319,-1.753397995851944,-2.6918817200757625,-0.4365699395703105,-0.3023165656281146,3.5988977606170356
-52.67031839543565,18.670433163097915,0.3061606672340351,-9.340409219989546,-32.40230551354494,87.15580934750228,-40.86187835890383,-38.292716896468924,1.7155431002713544,11.303806271162019,143.58220149375592,90.9948596699836,-2.660007126300418,32.88933419658536,74.55381610649368,63.68836896304698,30.102862226880177,26.432122152098795,167.38876500634333,115.49138924931832,88.6589124605338,47.05198537245211,-80.59211698229248,-96.94194678545128,-82.77699430555333,36.56258354694727,-10.520924168431389,74.93643960463808,10.790021011274142,67.73833932713853,-21.102043598186533,-70.68342292968767,-28.95931602401157,-46.44823393455407,-102.23005749572066,-85.31304621412036,-42.08677181365907,50.326883699781796,4.897107118273356,21.9358067387227,33.108934903314335,5.655915367612982,1.9382401487675427,-44.132824451026444
-122.21026627915589,44.44882120968593,-0.3888377144057172,-20.7404317545609,-75.78062890878843,202.14256678470718,-96.27537206301785,-89.6534902629937,5.202980984198151,25.41071753714843,332.2813404765174,211.00993067177203,-5.91173949568931,74.55381610649368,173.35598518121256,148.8701128732668,70.50305444507033,62.652482651013074,388.6474437794552,267.3723332380661,206.4617973933778,108.56491801406062,-186.9117400827068,-225.03827553671613,-190.3395235021153,85.32616197868246,-26.601937837067663,174.2255807203806,25.1873837102848,156.9649389816529,-47.87253938139706,-165.68787470611213,-67.67643291209568,-106.77413928859258,-236.9003469263393,-199.13411098427525,-97.628826149746,116.8933719884668,11.102397557035575,52.04353019214186,76.2733538919221,12.231936806037428,5.13117813259531,-102.43103780926383
-104.9061495776159,38.36634968724866,-0.5143707823861923,-17.675197019142722,-65.1839477987872,173.5130790008115,-83.02910971482022,-77.13616898931748,4.72374287365054,21.638175624536576,285.1140686995628,181.2111309663814,-5.043236380619564,63.68836896304698,148.8701128732668,128.03666354267634,60.68047821022124,54.13731723101213,333.7894854354037,229.47539149391716,177.4260384737729,93.11092667938837,-160.52760029940399,-193.20848368585567,-163.14399628468766,73.31380611109212,-23.21365133793689,149.72661766340798,21.685942475348984,134.7493555266365,-40.799043774996754,-142.67700978601897,-58.254834255945944,-91.45385818931146,-203.357544155331,-171.20405867528106,-83.84755119973534,100.39222013151583,9.412274635543724,44.991906308710504,65.43893634245258,10.322380853174439,4.570985617635752,-88.00625824728017
-49.71745824099192,18.268809751336633,-0.30223857531141796,-8.351778611088555,-30.917480356239295,82.04721390701852,-39.195241947451926,-36.3047396050881,2.3448932712217956,10.251769153011791,134.86762582620375,85.4233032356434,-2.2822605230645387,30.102862226880177,70.50305444507033,60.68047821022124,29.000720601861126,25.640237323352988,157.7994675147091,108.23261754156226,83.85102306821602,43.97011284340598,-75.93867213178349,-91.39710425492822,-77.0968354782777,34.722913760331586,-11.146593174516303,70.80202938396995,10.113065831512392,63.789044709781464,-19.319719968366044,-67.42264030427012,-27.520204247940992,-42.94149398247756,-96.15266564717227,-80.98427825850801,-39.69090237532185,47.59346344778382,4.616301041855062,21.088725798716943,31.04189986425101,4.841996048949506,2.188558059882068,-41.5273056048468
-44.17889866462263,16.42975880894771,-0.20602588557220436,-7.350594741414517,-27.63847631911551,72.87082741588281,-35.53594212165734,-32.88671777471015,2.144672938804704,8.917315273374205,119.84008656239975,76.3479583789879,-2.1540615558614213,26.432122152098795,62.652482651013074,54.13731723101213,25.640237323352988,23.544302823818384,141.03674116299976,96.6109676067153,75.28223978383365,39.26640416681414,-67.79061006980915,-81.62445183619232,-68.78356050332074,30.86264326251328,-10.05597844987015,63.49671421464157,9.224296646642344,56.83910492795325,-16.519336105123386,-60.75932174748655,-24.860271909503496,-38.4237592441824,-85.73658634771502,-72.29954675447928,-35.43842738854733,42.4137778797669,3.6073071850354665,19.542605033236928,27.67524490139507,3.801425982751392,2.5374753106299712,-37.199652835703795
-274.1368246361068,99.75091824361533,-0.562727416813221,-46.965104326989895,-169.96794721479853,453.38092736898096,-216.12267513596606,-201.57747990431972,11.579952755667298,57.057415257905156,745.5764924114058,473.8382400092235,-13.631619330790636,167.38876500634333,388.6474437794552,333.7894854354037,157.7994675147091,141.03674116299976,872.6881722677637,600.5327816022568,463.8778430786991,243.895082071576,-419.52543016448357,-505.3479632734995,-428.0946108080686,190.9636921961109,-59.20350353038702,391.3792824335694,56.72357995004508,352.3618446482836,-107.07332430757464,-372.1691414589726,-152.2032537104472,-240.08307666095595,-531.8875915940393,-446.81264199829457,-219.242274198014,262.52352803081527,24.359224416873,117.2256595479759,171.42994092564615,27.061504551177983,12.251808396048679,-229.96330937486675
-188.53465582193482,68.3580486556036,-0.40650886997577557,-32.52969285362018,-116.70929685401512,312.2913734383784,-148.5175760189544,-138.72433436892587,7.91660008183899,39.3521370157204,513.3282266530208,326.54167306918384,-9.646492531132772,115.49138924931832,267.3723332380661,229.47539149391716,108.23261754156226,96.6109676067153,600.5327816022568,413.91584157565745,318.9606127920898,167.88529043045136,-288.60961222375323,-347.6253937758376,-294.8392692051413,131.20521748709461,-40.36304691455831,269.12106043760275,39.20614796122655,242.38322359188138,-74.10921096696532,-255.97654388083143,-104.67032198417273,-165.6311058454135,-366.15009171431234,-307.5625367682861,-150.8398355313488,180.63486343098975,16.671948035581664,80.55453107850218,117.85175360350637,19.09193740028216,8.033031487923608,-158.3933081886926
-145.71058435816974,53.30900782313088,-0.34646768304805997,-24.933626753112943,-90.4809194348776,240.7058162938,-114.91680735830802,-107.32461377029605,6.259462348255658,30.237333444416976,395.9736506253188,251.73032855912047,-7.182918077613272,88.6589124605338,206.4617973933778,177.4260384737729,83.85102306821602,75.28223978383365,463.8778430786991,318.9606127920898,246.94235742481854,129.59253878862106,-222.885103211356,-268.7924619353874,-227.50751832538847,101.43484730460779,-31.735386260391774,208.19188459767636,30.156764722324073,187.3069450073464,-56.61680875449654,-197.97214410246934,-81.0289604020678,-127.54089664168993,-282.61842039529114,-237.47071792375715,-116.51187047733738,139.55841371079177,12.87694625769968,62.51613700311595,91.10489975669213,13.95830505913705,7.029294139178065,-122.01745191534384
-76.62122216740329,27.673835891365478,0.09480852753839157,-13.20570749392853,-47.44578419839659,126.67683778719434,-60.24627831882696,-56.250002479519516,2.947271398187053,16.06411967524515,208.50113329656233,132.44779492254727,-3.79881073536925,47.05198537245211,108.56491801406062,93.11092667938837,43.97011284340598,39.26640416681414,243.895082071576,167.88529043045136,129.59253878862106,68.30639678399547,-117.31623246844036,-141.25085119179752,-119.88728233389585,53.37917654455246,-16.178463931624485,109.3948700912792,15.837619777383155,98.53135734689019,-29.988638304443864,-103.75811789665813,-42.46489719524313,-67.3035575277147,-148.69512748538713,-124.62132214153644,-61.27313894729465,73.29150278291898,6.832711770587725,32.6565573469417,48.00720897020098,7.638468604093082,3.3559009889021727,-64.29226106114214
131.79644122679886,-47.77579607843199,0.13088222489781362,22.424483892433315,81.79276166450101,-217.98377104305106,104.13506741516588,96.80779096281502,-5.3975106135416455,-27.39023719987074,-358.5576954440541,-227.9274357767106,6.370242617903009,-80.59211698229248,-186.9117400827068,-160.52760029940399,-75.93867213178349,-67.79061006980915,-419.52543016448357,-288.60961222375323,-222.885103211356,-117.31623246844036,201.91478996465875,242.80923930256805,205.5524682221562,-92.09561648793516,28.382476355004282,-188.2554988234788,-27.30590018734238,-169.44899700151078,51.3211479193539,178.92406988467238,73.12309913120362,115.38675683266716,255.6713649071807,214.68040493313734,105.3879317462584,-125.99594586428,-11.765527770978467,-56.45533318046423,-82.44565040086884,-13.155420876088472,-5.620246672667712,110.72068291642728
158.85027209556415,-57.94097749605236,0.3141538508860211,27.30084517285864,98.49689070448609,-262.45601069523246,124.81889313391663,116.6802702097067,-6.723078699366911,-33.1240873681713,-431.7648773977537,-274.1603010732601,7.879448568300102,-96.94194678545128,-225.03827553671613,-193.20848368585567,-91.39710425492822,-81.62445183619232,-505.3479632734995,-347.6253937758376,-268.7924619353874,-141.25085119179752,242.80923930256805,292.90323768044277,248.13561404106025,-110.49079525810674,34.345039132642235,-226.6636541396003,-32.75198860609562,-204.12770336836815,62.10839580949812,215.3356234467494,88.11239013598916,139.0316244785896,308.0426963235656,258.6748178788001,126.96632000400751,-152.18315536080965,-14.222267391828916,-67.65308166542125,-99.33657715192741,-15.49738811308813,-7.374063122507353,132.91672696269006
134.5180914404431,-48.708036010364985,-0.16991009707784507,23.788171699705565,82.9822351884387,-222.27346120223245,104.94252808958156,98.64686721374441,-5.274451344909147,-28.493219339466595,-365.89543768646405,-232.0675391845378,7.082009303511733,-82.77699430555333,-190.3395235021153,-163.14399628468766,-77.0968354782777,-68.78356050332074,-428.0946108080686,-294.8392692051413,-227.50751832538847,-119.88728233389585,205.5524682221562,248.13561404106025,211.46164036331515,-92.92025488702566,28.02248666198393,-191.75675907006652,-27.58824711854948,-172.93584983822936,53.1367766966554,181.73352669815745,74.56843704743044,118.19444616396059,261.139072185683,218.69148932327386,107.64710597873108,-129.14350616622957,-11.968571646516642,-56.80201630061334,-84.48115754126,-13.256475537251859,-6.384152999015472,112.50291191526756
-60.06577595884909,21.746930091151533,-0.1300913121623076,-9.8068556220708345,-37.45347618740776,99.34778988007251,-47.76253944921004,-44.064346618844795,2.4292757695954657,12.324838920627332,163.3519424266232,103.87836970609845,-2.601390124457242,36.56258354694727,85.32616197868246,73.31380611109212,34.722913760331586,30.86264326251328,190.9636921961109,131.20521748709461,101.43484730460779,53.37917654455246,-92.09561648793516,-110.49079525810674,-92.92025488702566,42.447846112699544,-13.273083822564013,85.79887091029877,12.47721180065532,77.1696558585253,-23.193312956939835,-81.58600625821367,-33.21357909140648,-52.420153818818825,-116.32408697721134,-97.80684084309772,-47.91432416665698,57.12892575208962,5.514811866347703,25.843453253009553,37.3852877702504,6.0820968656194365,2.2347227206761935,-50.52340652728345
18.65146536353134,-7.401492487708089,0.693584336254425,2.724140408143568,11.916266272048885,-30.781969884664374,15.2659485529563,13.90806524342055,-1.5268636607117845,-3.4541615601156797,-50.2601315591613,-32.08339708424918,0.7090823138105862,-10.520924168431389,-26.601937837067663,-23.21365133793689,-11.146593174516303,-10.05597844987015,-59.20350353038702,-40.36304691455831,-31.735386260391774,-16.178463931624485,28.382476355004282,34.345039132642235,28.02248666198393,-13.273083822564013,5.265417433429117,-26.69857548971591,-3.914763285760522,-23.838999686079866,6.856205839304482,26.015866626705975,10.494259206128527,15.667091397114335,35.90873493021235,30.949685715310554,14.836109737771787,-17.89038536016408,-1.6824717306918537,-8.343325585162141,-11.331333589939781,-1.5360819753394968,-1.0146661382681155,15.523136244740826
-122.9180211910536,44.806979057796774,-0.18840188802409255,-20.93653259277786,-76.40742260111587,203.1394608620339,-97.20085998182762,-90.45367806850184,5.2074275305251385,25.451603859424363,334.2340126401406,212.55758765481056,-5.963770362640811,74.93643960463808,174.2255807203806,149.72661766340798,70.80202938396995,63.49671421464157,391.3792824335694,269.12106043760275,208.19188459767636,109.3948700912792,-188.2554988234788,-226.6636541396003,-191.75675907006652,85.79887091029877,-26.69857548971591,175.76537801355988,25.524249981778762,158.0749761286267,-47.621104651461266,-167.12565480604155,-68.3377919065969,-107.5846034556216,-238.45422051904416,-200.30750768136852,-98.31135641895156,117.61534364875845,10.841211378154433,52.84244927579405,76.90646656831925,11.970198801567438,5.656533981977739,-103.15859331787158
-17.70969049271609,6.432423540025393,-0.08182984812582707,-2.9642606455967035,-11.07567953672666,29.482667727172092,-14.321427836455396,-13.231536365371102,0.813963719284155,3.5690345421788328,48.400589190966464,31.116862851696933,-0.9005524364658519,10.790021011274142,25.1873837102848,21.685942475348984,10.113065831512392,9.224296646642344,56.72357995004508,39.20614796122655,30.156764722324073,15.837619777383155,-27.30590018734238,-32.75198860609562,-27.58824711854948,12.47721180065532,-3.914763285760522,25.524249981778762,3.8777191192047176,22.84332920766308,-6.772250327365925,-24.440712654114176,-9.953493942405167,-15.701676191533805,-34.53568964323764,-29.122643444085483,-14.20984983169387,16.928310716857002,1.42089941736962,7.903037837659539,11.027293397526101,1.8384966981898723,0.7057718665215864,-15.090959851371561
-110.77333521808649,40.27911565679715,-0.1467274221591888,-19.018352863173906,-68.69469797633063,183.05233544778457,-87.10099394040829,-81.24044958115748,4.600640660505083,23.11246297731976,301.19470991623524,191.28004912576966,-5.399257207364628,67.73833932713853,156.9649389816529,134.7493555266365,63.789044709781464,56.83910492795325,352.3618446482836,242.38322359188138,187.3069450073464,98.53135734689019,-169.44899700151078,-204.12770336836815,-172.93584983822936,77.1696558585253,-23.838999686079866,158.0749761286267,22.84332920766308,142.38467244083515,-43.327206332423934,-150.09831075394587,-61.39761204749226,-96.92352903889224,-214.78899006038085,-180.30209276691596,-88.53500718235692,105.99521673160277,9.986574918163006,47.1687506137481,69.30878287496333,10.961705380417479,4.933083366694855,-92.76089019224405
33.80721404771409,-12.100646485418698,0.1144370406493495,6.1627732346201896,20.600620175917424,-56.0568553349972,25.64491757229615,24.383989720002262,-1.3266408822341165,-7.390657002553617,-92.092856812985,-58.15401528359735,1.8341552022115126,-21.102043598186533,-47.87253938139706,-40.799043774996754,-19.319719968366044,-16.519336105123386,-107.07332430757464,-74.10921096696532,-56.61680875449654,-29.988638304443864,51.3211479193539,62.10839580949812,53.1367766966554,-23.193312956939835,6.856205839304482,-47.621104651461266,-6.772250327365925,-43.327206332423934,14.189499194239026,44.961987710826044,18.417489110953063,29.715039072480092,65.50579982837819,54.858371482700065,26.92907157549844,-32.430413299775296,-3.395178021275211,-13.569118450508608,-21.08617990073327,-3.8223578093767028,-1.0925626833974242,28.00341749127783
116.72482430216083,-42.847558072700686,0.6349677714075502,19.66237797392094,72.69102420610523,-193.22685873521314,93.04204649423737,86.3102964590726,-5.495717715751256,-23.872031193125544,-317.4652663108102,-202.2517214923391,5.794879981544151,-70.68342292968767,-165.68787470611213,-142.67700978601897,-67.42264030427012,-60.75932174748655,-372.1691414589726,-255.97654388083143,-197.97214410246934,-103.75811789665813,178.92406988467238,215.3356234467494,181.73352669815745,-81.58600625821367,26.015866626705975,-167.12565480604155,-24.440712654114176,-150.09831075394587,44.961987710826044,159.64001421823178,65.16621993314494,102.00926332994746,226.6276882822359,190.9936860286505,93.47247381690217,-111.88772996382964,-10.015295563623004,-50.71929757082942,-72.87233185758058,-11.305572689210413,-5.379736097358068,98.29340189693163
47.7367822082419,-17.526598346047564,0.180147222764338,8.169648770413396,29.677014668765285,-78.93576589973388,37.884347613421,35.29706971967651,-2.1771029573564973,-9.832184916815153,-129.77417991672897,-82.63720597069573,2.4167394172476633,-28.95931602401157,-67.67643291209568,-58.254834255945944,-27.520204247940992,-24.860271909503496,-152.2032537104472,-104.67032198417273,-81.0289604020678,-42.46489719524313,73.12309913120362,88.11239013598916,74.56843704743044,-33.21357909140648,10.494259206128527,-68.3377919065969,-9.953493942405167,-61.39761204749226,18.417489110953063,65.16621993314494,26.67044505155643,41.766661703034146,92.69236668449443,78.00140088932555,38.23726438070791,-45.80402083394039,-4.085897563220238,-20.683610637645423,-29.870859055115478,-4.531793792699246,-2.3728546850999406,40.106046441142986
75.34083303108565,-27.080825559651544,-0.14398559357906543,13.096620934340178,46.552365687953,-124.78125844411332,59.152282809943024,55.46963126124246,-2.767464564375218,-15.87368835805774,-205.30547909290866,-130.6412928104175,3.8869822084456827,-46.44823393455407,-106.77413928859258,-91.45385818931146,-42.94149398247756,-38.4237592441824,-240.08307666095595,-165.6311058454135,-127.54089664168993,-67.3035575277147,115.38675683266716,139.0316244785896,118.19444616396059,-52.420153818818825,15.667091397114335,-107.5846034556216,-15.701676191533805,-96.92352903889224,29.715039072480092,102.00926332994746,41.766661703034146,66.6245119253856,146.42174657946865,122.6369361766674,60.265992375674585,-72.0755708768906,-6.642970378839798,-32.142831576479516,-47.154793399824435,-7.6698387537703425,-3.197717987171659,63.31459670757917
167.12812429914936,-60.708436717969185,0.2963322487671206,28.744042415031853,103.52617132703314,-276.44947062168524,131.48029059046917,122.75119560539149,-6.987425608748326,-34.885344528981044,-454.6141483112406,-288.80201657590015,8.366629690308082,-102.23005749572066,-236.9003469263393,-203.357544155331,-96.15266564717227,-85.73658634771502,-531.8875915940393,-366.15009171431234,-282.61842039529114,-148.69512748538713,255.6713649071807,308.0426963235656,261.139072185683,-116.32408697721134,35.90873493021235,-238.45422051904416,-34.53568964323764,-214.78899006038085,65.50579982837819,226.6276882822359,92.69236668449443,146.42174657946865,324.2697391879494,272.2945710920021,133.63931769580944,-160.08400453073602,-14.932367784286825,-71.20962209777869,-104.52745399422659,-16.654656456151297,-7.344398399001501,140.1400717975191
140.34311276049232,-51.36126391535378,0.7863939626426437,23.895459627726222,87.09856395082959,-232.34398587972078,110.915509750102,103.32058109703159,-6.469656474576085,-29.007639344795297,-381.66667437608027,-242.71533022559083,7.031224300774109,-85.31304621412036,-199.13411098427525,-171.20405867528106,-80.98427825850801,-72.29954675447928,-446.81264199829457,-307.5625367682861,-237.47071792375715,-124.62132214153644,214.68040493313734,258.6748178788001,218.69148932327386,-97.80684084309772,30.949685715310554,-200.30750768136852,-29.122643444085483,-180.30209276691596,54.858371482700065,190.9936860286505,78.00140088932555,122.6369361766674,272.2945710920021,229.30188745952677,112.24158960157166,-134.541343571747,-12.452215856278416,-60.13915710439951,-87.5422476781431,-13.929762246856185,-6.159057229815816,117.77431042502059
68.88230844390054,-25.070315874323715,0.1294737434110372,11.856310313749116,42.68241867498629,-113.88759708849773,54.239763635662534,50.59464182739765,-2.93041490380195,-14.363949174550244,-187.31339597430215,-118.95262998493352,3.4555080623105936,-42.08677181365907,-97.628826149746,-83.84755119973534,-39.69090237532185,-35.43842738854733,-219.242274198014,-150.8398355313488,-116.51187047733738,-61.27313894729465,105.3879317462584,126.96632000400751,107.64710597873108,-47.91432416665698,14.836109737771787,-98.31135641895156,-14.20984983169387,-88.53500718235692,26.92907157549844,93.47247381690217,38.23726438070791,60.265992375674585,133.63931769580944,112.24158960157166,55.10541546865746,-66.01962309682762,-6.121044268825717,-29.3821250737618,-43.12346541985381,-6.787663142172959,-3.112629950276825,57.75877493721636
-82.53365312725357,30.2081438130609,-0.30349198466889926,-14.346271886874288,-51.069077227688055,136.4048374489871,-64.67437277447581,-60.58099994741345,3.710908100855879,17.25278320717225,224.26084524624343,142.2107206153089,-4.286102456657928,50.326883699781796,116.8933719884668,100.39222013151583,47.59346344778382,42.4137778797669,262.52352803081527,180.63486343098975,139.55841371079177,73.29150278291898,-125.99594586428,-152.18315536080965,-129.14350616622957,57.12892575208962,-17.89038536016408,117.61534364875845,16.928310716857002,105.99521673160277,-32.430413299775296,-111.88772996382964,-45.80402083394039,-72.0755708768906,-160.08400453073602,-134.541343571747,-66.01962309682762,79.34028921965769,7.354146869744925,34.95777978456964,51.65579090255496,8.037991207647613,3.9322891623838485,-69.00016427151866
-7.86436968077065,2.8053412113007683,-0.03470393595581478,-1.3258362347983812,-4.8196314426108255,12.85917281924312,-5.6866882947144415,-5.370745047214513,0.23490131645160345,1.7490365969546127,21.197201912261715,13.153985438088295,-0.190209810714319,4.897107118273356,11.102397557035575,9.412274635543724,4.616301041855062,3.6073071850354665,24.359224416873,16.671948035581664,12.87694625769968,6.832711770587725,-11.765527770978467,-14.222267391828916,-11.968571646516642,5.514811866347703,-1.6824717306918537,10.841211378154433,1.42089941736962,9.986574918163006,-3.395178021275211,-10.015295563623004,-4.085897563220238,-6.642970378839798,-14.932367784286825,-12.452215856278416,-6.121044268825717,7.354146869744925,1.0945983220384794,2.8533117839277335,4.827790153911058,0.940053479796555,0.11198472340522016,-6.251122609531478
-36.58397098333238,13.477859919471237,-0.17570109185358324,-5.940066633547576,-22.974351135002543,60.6415638797417,-29.902586992851663,-27.476035510987064,1.7250270965954893,7.2687495313168515,99.61239756653738,63.93991391704557,-1.753397995851944,21.9358067387227,52.04353019214186,44.991906308710504,21.088725798716943,19.542605033236928,117.2256595479759,80.55453107850218,62.51613700311595,32.6565573469417,-56.45533318046423,-67.65308166542125,-56.80201630061334,25.843453253009553,-8.343325585162141,52.84244927579405,7.903037837659539,47.1687506137481,-13.569118450508608,-50.71929757082942,-20.683610637645423,-32.142831576479516,-71.20962209777869,-60.13915710439951,-29.3821250737618,34.95777978456964,2.8533117839277335,16.59930694962347,22.82649772376915,3.355999591805662,1.8207167601337952,-31.149342344243106
-53.898629628343464,19.53105594154191,0.09981609595523967,-9.413203409880985,-33.35108587983717,88.946719884946,-42.21324645159629,-39.43675405631123,2.121943787210436,11.34908545063668,146.51606453664007,92.8709013041124,-2.6918817200757625,33.108934903314335,76.2733538919221,65.43893634245258,31.04189986425101,27.67524490139507,171.42994092564615,117.85175360350637,91.10489975669213,48.00720897020098,-82.44565040086884,-99.33657715192741,-84.48115754126,37.3852877702504,-11.331333589939781,76.90646656831925,11.027293397526101,69.30878287496333,-21.08617990073327,-72.87233185758058,-29.870859055115478,-47.154793399824435,-104.52745399422659,-87.5422476781431,-43.12346541985381,51.65579090255496,4.827790153911058,22.82649772376915,33.88743588973739,5.2629568130297875,2.5393697531464987,-45.09890081691729
-8.533622334040544,2.73583386299347,-0.0043596394660700725,-1.5110423124426082,-5.15564230281762,14.517066900669873,-6.570758594698427,-6.013753791301489,0.2306964079534758,1.8816220575955294,23.699760253308366,15.137434864306552,-0.4365699395703105,5.655915367612982,12.231936806037428,10.322380853174439,4.841996048949506,3.801425982751392,27.061504551177983,19.09193740028216,13.95830505913705,7.638468604093082,-13.155420876088472,-15.49738811308813,-13.256475537251859,6.0820968656194365,-1.5360819753394968,11.970198801567438,1.8384966981898723,10.961705380417479,-3.8223578093767028,-11.305572689210413,-4.531793792699246,-7.6698387537703425,-16.654656456151297,-13.929762246856185,-6.787663142172959,8.037991207647613,0.940053479796555,3.355999591805662,5.2629568130297875,1.5170449358436806,-0.37940761706683895,-7.349892836659041
-3.807144683086961,1.8381877873335952,-0.0075914175801474445,-0.8479000249095506,-2.447491788785678,5.820548164023334,-2.901100564187521,-3.057206149585876,0.3514948100973123,0.7574506078825225,9.833829488650354,6.166187259444592,-0.3023165656281146,1.9382401487675427,5.13117813259531,4.570985617635752,2.188558059882068,2.5374753106299712,12.251808396048679,8.033031487923608,7.029294139178065,3.3559009889021727,-5.620246672667712,-7.374063122507353,-6.384152999015472,2.2347227206761935,-1.0146661382681155,5.656533981977739,0.7057718665215864,4.933083366694855,-1.0925626833974242,-5.379736097358068,-2.3728546850999406,-3.197717987171659,-7.344398399001501,-6.159057229815816,-3.112629950276825,3.9322891623838485,0.11198472340522016,1.8207167601337952,2.5393697531464987,-0.37940761706683895,1.1885703395778981,-2.8595045889220576
72.1243902717365,-26.028267294674688,0.09060575629396342,12.179618828103326,44.75408170533578,-119.57835592002733,57.38042166242563,53.17645028962123,-2.9720610686185154,-14.915311628012946,-196.49810337121548,-125.10364500540251,3.5988977606170356,-44.132824451026444,-102.43103780926383,-88.00625824728017,-41.5273056048468,-37.199652835703795,-229.96330937486675,-158.3933081886926,-122.01745191534384,-64.29226106114214,110.72068291642728,132.91672696269006,112.50291191526756,-50.52340652728345,15.523136244740826,-103.15859331787158,-15.090959851371561,-92.76089019224405,28.00341749127783,98.29340189693163,40.106046441142986,63.31459670757917,140.1400717975191,117.77431042502059,57.75877493721636,-69.00016427151866,-6.251122609531478,-31.149342344243106,-45.09890081691729,-7.349892836659041,-2.8595045889220576,60.95603175628644
