V1,V2,V3,V4,V5,V6,V7,V8,V9,V10,V11,V12,V13,V14,V15,V16,V17,V18,V19,V20,V21,V22,V23,V24,V25,V26,V27,V28,V29,V30,V31,V32,V33,V34,V35,V36,V37,V38,V39,V40,V41,V42,V43,V44
3.3420454952750926,-1.4581054608432082,-3.059268483270897,-1.1851135545028761,2.848522773069112,1.426612345115237,-0.6236695015214732,-1.570751967487256,2.9522215862874908,-1.3915401432211483,-2.1772014613636927,5.704657689231356,-3.408853247701088,-0.9490439331979983,-2.6529824177833525,-2.1256726459261595,-4.685084572881021,-2.8337743580468624,-2.771886208163253,6.04441359718254,-3.208228247784267,-1.7872276932527034,2.9673001362048477,3.995831165125567,2.3434244823091652,-3.26935324817398,0.4770559032524039,-2.945345220434665,3.2841085054703125,-3.2066405263752924,-2.1527073391808664,-2.0208930281048483,-0.24264139013324534,-2.6599795153344665,1.2748559595142535,-2.490492339295838,1.3107772854010462,-1.442865786013361,-3.068602472387965,2.1117348206132984,-3.5435802185601775,4.147355452268816,-3.3791722430370448,-1.3348504395168084
-1.4581054608432082,0.6896245234388148,1.2599200655032057,0.2954190828103431,-1.3010571386748968,-0.6037664797572252,0.2511397616701913,0.9288371841744849,-1.004245675683281,0.5730569655237547,1.0608118440359793,-2.385241926831209,1.473361200302224,0.5455282275885329,1.0960065387635463,0.9769712659852087,2.292613282983161,1.2580680379782223,1.187666384423882,-2.6380515824272623,1.240885283836846,0.7232947580771856,-1.4005569382310292,-1.64283392863905,-1.0831264676878214,1.2958864567377664,-0.21844981944891115,1.3839360679856487,-1.4012516028547903,1.4941920854142527,0.9396734338620373,0.7239913016108198,0.040602375245765134,1.451686289469709,-0.5843142579231374,0.9902924286802383,-0.6529839313095576,0.7496873709265124,1.3330179804978908,-0.9834294398449128,1.7181336946730357,-1.6238708993249338,1.4262547853895016,0.5495537960248138
-3.059268483270897,1.2599200655032057,3.023787767092541,1.4919321187318924,-2.543577545731175,-1.5764498550964243,0.7161502416863662,1.197694640811987,-3.2525847099543492,1.3513246596640398,1.5809070239776022,-5.782342495763967,3.266000566273536,0.6261047622580982,2.4526144015379248,1.8010801389896192,3.9960878716181796,2.598679540855464,2.299432619647301,-5.994803705434955,3.100172867552099,1.6836590998312198,-2.476883312170399,-3.7403562186689525,-1.9510252932925405,3.2297347957133695,-0.411773185473566,2.478986140865502,-3.1935823032934576,2.7496791487234553,2.0892543057420823,2.322963221460899,0.3969684041909828,2.173524312298858,-0.9428015702747015,2.7051233392096736,-1.0264463165696238,1.0722477772695256,2.9137118593313156,-1.9588191737846594,3.026043335633629,-4.241713221288676,3.280117511797577,1.4162895391036212
-1.1851135545028761,0.2954190828103431,1.4919321187318924,1.4506108467757657,-0.7750551746022366,-0.7839881651847712,0.4079521139228125,-0.40225960078700246,-2.376600913441309,0.6619147258196755,0.08308224485150571,-2.8126963914095082,1.370444406748362,-0.2817850393867164,1.1558945266500955,0.48386315540512065,0.6462091080175003,0.9387168389273628,0.851385892852409,-2.5219377047440448,1.7665832364209888,0.8437115431931589,-0.5173926937943606,-1.7988343044629442,-0.47321162987490417,1.7614578145179516,-0.12871585464019447,0.5506958205038246,-1.4189305754955186,0.6837723797005304,0.8531966636588837,1.5962615898869374,0.43496603441372156,-0.1766991799006756,-0.177633935590241,1.52543860449181,-0.06755242456332192,-0.06500088651858174,1.1945601402842119,-0.5792900923392539,0.5342126874044784,-2.417170954494617,1.5008347632070727,0.7394492953102065
2.848522773069112,-1.3010571386748968,-2.543577545731175,-0.7750551746022366,2.4959324313192703,1.2316881452898498,-0.5247710524761449,-1.626967083172055,2.2228338738573994,-1.1526317862906377,-1.9429794128410895,4.8059615393576305,-2.9088716070695226,-0.9495963434345925,-2.1823062737281145,-1.8552971465972468,-4.279711181276852,-2.4453775225397014,-2.2994419300364908,5.220810664858642,-2.5480187816095548,-1.4566510395084369,2.636154988120237,3.2844147397538066,2.0513774337491553,-2.648277615174024,0.413702116769605,-2.6111630030251853,2.7844263331961603,-2.8328491484411615,-1.8545432751353916,-1.5833754877390434,-0.1455959354247697,-2.6142311096143227,1.091376631915437,-2.05963431873518,1.1995968258636067,-1.3519645460140433,-2.622741768814404,1.8853664626519333,-3.218054489734708,3.3539952835260007,-2.8442575789424107,-1.1219570598557342
1.426612345115237,-0.6037664797572252,-1.5764498550964243,-0.7839881651847712,1.2316881452898498,1.1199946656146598,-0.5133321968936996,-0.7922781003174003,1.6754750299353194,-0.6673953783742446,-0.35904239284031414,3.3291610993649408,-1.7203702430152183,-0.23681149086662076,-1.0259514243332635,-0.7343651151429751,-2.026952131569606,-1.274412720171628,-0.6357569490534197,3.5364303131455723,-1.303471119220275,-0.7171242168237448,1.0404280061066742,1.6204510588269467,0.752706873242757,-1.553098070884486,0.17937004364964795,-1.0590181515101658,1.708495137256995,-1.226156680768225,-1.1652885208175294,-1.4395635894663363,-0.2989685616722131,-1.335394038919965,0.15205665986281824,-1.696775576566326,0.4068162248134602,-0.4078074028275875,-1.5119148218848155,1.1124611669565057,-1.4989719780655477,2.2185962433769872,-1.7064004738439127,-0.888427740198333
-0.6236695015214732,0.2511397616701913,0.7161502416863662,0.4079521139228125,-0.5247710524761449,-0.5133321968936996,0.23991453592799183,0.29138676174299905,-0.8165475792396596,0.30238295353893135,0.10655738980020438,-1.5157769297822754,0.765791330003671,0.06339323551006619,0.45953798989108935,0.3030278313234936,0.8272735172874697,0.5541646437751762,0.2605835559509056,-1.583472780236797,0.6054899549540504,0.32407480292009316,-0.41882890333708506,-0.7289854203112752,-0.3031283825512339,0.7163456287785486,-0.07712438867350352,0.4298622646689979,-0.7666449224923627,0.5063167980460066,0.518457660073349,0.6902801992646911,0.15402093268592162,0.5220150575154365,-0.04388471371439586,0.788791275351809,-0.15163371657178867,0.14147376380019885,0.6709421180971413,-0.47991495508377924,0.6117046250685647,-1.0324635206063033,0.7680794555783041,0.40965342067289573
-1.570751967487256,0.9288371841744849,1.197694640811987,-0.40225960078700246,-1.626967083172055,-0.7922781003174003,0.29138676174299905,1.9646370003916922,-0.1968950177538315,0.5212700608780465,1.328575918590987,-2.541640215771956,1.6452113983190972,1.0197336277688849,0.9031868305924577,1.1635667781360943,3.4110768926536696,1.465405659974631,0.9773150083172449,-3.2353023211820737,0.7156433800163298,0.5541408156783472,-1.8203408262519367,-1.3577991198379842,-1.3014682442414065,0.9714274969909032,-0.2519329661333301,1.7866373072162467,-1.514957393512994,1.911303553684815,1.1213295082467691,0.42690405233674134,-0.12232075286081606,2.7331908518157166,-0.5764960340307612,0.973498723243054,-0.9462257518425609,1.1699299263252427,1.4949398063530843,-1.3754497978204614,2.4962451590660657,-1.2362894773183044,1.4656067623846039,0.5957729967254629
2.9522215862874908,-1.004245675683281,-3.2525847099543492,-2.376600913441309,2.2228338738573994,1.6754750299353194,-0.8165475792396596,-0.1968950177538315,4.336377079928301,-1.4509264799684671,-0.9859197966046112,6.143369441272539,-3.248756765341859,-0.0425552864497246,-2.5992964952160516,-1.5150125488276909,-2.864713139753782,-2.4291098886348417,-2.215167065497422,5.935775290928707,-3.6171983576458957,-1.8390586719188062,1.9226607881284412,3.9991389280465603,1.5921212437711907,-3.6652696136915934,0.36275655900660914,-1.9581490917556916,3.2590423092491565,-2.2456988743692814,-2.0483615864004645,-2.9652665238836717,-0.6771986178316236,-0.9649703500658257,0.7323541881455303,-3.0911605183598914,0.6394023115203293,-0.5218736631389086,-2.8693128177789884,1.6775864831295555,-2.222288477138262,4.910358796311781,-3.3995057953300254,-1.5527228743611867
-1.3915401432211483,0.5730569655237547,1.3513246596640398,0.6619147258196755,-1.1526317862906377,-0.6673953783742446,0.30238295353893135,0.5212700608780465,-1.4509264799684671,0.6089583541703866,0.7699401244797179,-2.547462398047438,1.459840457758486,0.2945157308748031,1.129346659987948,0.8342395232220337,1.8033836054644523,1.1743892660800095,1.100763412216536,-2.6325342033162054,1.4240275663014212,0.7726084379797695,-1.1433722188940958,-1.7145849148528205,-0.908250906814031,1.4597230034686188,-0.19027184454334267,1.1419776000132422,-1.4240529527548187,1.260089957489655,0.9252700917694218,1.0068642195920576,0.1646087872489769,0.9554665422339518,-0.46597819372500315,1.1716760530036157,-0.4780885215517956,0.5028413774590789,1.3057795559443037,-0.8675651306036484,1.3691733401983204,-1.8939854927237239,1.4680013108844345,0.6146082441764991
-2.1772014613636927,1.0608118440359793,1.5809070239776022,0.08308224485150571,-1.9429794128410895,-0.35904239284031414,0.10655738980020438,1.328575918590987,-0.9859197966046112,0.7699401244797179,2.2203558044459326,-2.5865570545771672,1.9167944281336433,1.0347428851694032,1.7301121644885207,1.6529522152245795,3.463660434293878,1.817388733090124,2.34825606484556,-2.929098317605887,1.8787037506158868,1.1164139609523749,-2.3646854014591403,-2.5154538050013526,-1.9011275300699186,1.7328250784111372,-0.34712616999023266,2.307932894275532,-1.7591204380681467,2.41139664917979,1.1461509673986687,0.4281364528223037,-0.16429570139369315,2.035699822741406,-1.295844664529112,0.7873222852997446,-1.1604363829381295,1.3712022662573065,1.7737989915339205,-1.2615080598979636,2.6326192909728667,-1.899094926366844,1.8378228367221672,0.4724492662779541
5.704657689231356,-2.385241926831209,-5.782342495763967,-2.8126963914095082,4.8059615393576305,3.3291610993649408,-1.5157769297822754,-2.541640215771956,6.143369441272539,-2.547462398047438,-2.5865570545771672,11.408263091020725,-6.288707396487491,-1.1421283213463154,-4.436539031119658,-3.266041168299943,-7.691120511632405,-4.915106265973706,-3.828907906649593,11.943482808257555,-5.588655925080119,-3.0496803729502955,4.525548484544513,6.818376783059088,3.487655842282813,-6.033582817292291,0.7655974932784341,-4.546120009109866,6.173063859524325,-5.093655163410561,-4.089232108671598,-4.653648033596713,-0.8399111429846381,-4.469505608379911,1.4678830225714223,-5.460786930562305,1.8616577553784404,-1.9400484570154595,-5.5910612774036945,3.8771845525434734,-5.777506616258065,8.10559752107591,-6.284525459340821,-2.8692512885594335
-3.408853247701088,1.473361200302224,3.266000566273536,1.370444406748362,-2.9088716070695226,-1.7203702430152183,0.765791330003671,1.6452113983190972,-3.248756765341859,1.459840457758486,1.9167944281336433,-6.288707396487491,3.6152728960061062,0.8701912301584508,2.6559163863165587,2.0750110415210545,4.77278198495981,2.922156622041063,2.5458852550624664,-6.6592437117449625,3.2510052698348364,1.8035469984894719,-2.9009625303545103,-4.039576975429197,-2.257265725709166,3.4264553990711626,-0.4735284056881706,2.893587717048822,-3.510670697542138,3.189109585441819,2.323142101748457,2.3722161713676626,0.3534833050819675,2.7932655034105105,-1.0954778464763717,2.8753529757726715,-1.2513664051277686,1.3545987927943746,3.234999221820755,-2.257950332516033,3.5932705720124165,-4.476771988176353,3.5871333808092056,1.528961167467865
-0.9490439331979983,0.5455282275885329,0.6261047622580982,-0.2817850393867164,-0.9495963434345925,-0.23681149086662076,0.06339323551006619,1.0197336277688849,-0.0425552864497246,0.2945157308748031,1.0347428851694032,-1.1421283213463154,0.8701912301584508,0.6422934752375802,0.6249554584298257,0.7652361449167531,1.9368973808616328,0.8442737396987303,0.87021897124804,-1.4844882663723789,0.5356843573170373,0.38381848946664837,-1.165559257403963,-0.9073361935336592,-0.8828049176694457,0.568017080361208,-0.15702980443636563,1.134470210655207,-0.7786599305938324,1.1837377512918008,0.5571339415196793,0.04469929651548419,-0.1409170290053973,1.422864737500441,-0.5289920545070966,0.3212281973473078,-0.6112396297687884,0.7551615248374847,0.8059576323787377,-0.6993118193936991,1.4400616651303437,-0.6092900710546078,0.7773171299444462,0.21716672488284647
-2.6529824177833525,1.0960065387635463,2.4526144015379248,1.1558945266500955,-2.1823062737281145,-1.0259514243332635,0.45953798989108935,0.9031868305924577,-2.5992964952160516,1.129346659987948,1.7301121644885207,-4.436539031119658,2.6559163863165587,0.6249554584298257,2.2133861248902145,1.6689935987802171,3.39347874328098,2.204349434720339,2.366770368649142,-4.554500488661318,2.767096825142646,1.5014586578050555,-2.2749170261897462,-3.3232045862904993,-1.8426195419124562,2.723142754006012,-0.3754363460550591,2.2597338990724056,-2.5703506044748696,2.4588768195275295,1.6431815271164922,1.6591752251756482,0.2274093684893877,1.6879636003520673,-1.0749772333129923,1.9368001656609515,-0.9750296985832378,1.04496767504579,2.392493648804082,-1.544074423760086,2.593916002404263,-3.4170687175301224,2.676539179984181,1.0218216068622132
-2.1256726459261595,0.9769712659852087,1.8010801389896192,0.48386315540512065,-1.8552971465972468,-0.7343651151429751,0.3030278313234936,1.1635667781360943,-1.5150125488276909,0.8342395232220337,1.6529522152245795,-3.266041168299943,2.0750110415210545,0.7652361449167531,1.6689935987802171,1.4462935925819835,3.1776716679242027,1.8006312676475433,1.9141437632768372,-3.5501245638000576,1.929258737220897,1.104398035762806,-2.045542912272615,-2.4843502344272514,-1.6179539266209517,1.922563255069595,-0.3185337169345128,2.01704024930414,-1.967885685697798,2.162725944188355,1.2941964702033573,0.9767726079648329,0.03968826101440084,1.8714931957973793,-0.9553722695528454,1.3093630690276783,-0.9481580865531817,1.0814122228028868,1.884528665489681,-1.329275535825437,2.401308570486843,-2.3455798243101906,2.0281878412653045,0.7232267271609525
-4.685084572881021,2.292613282983161,3.9960878716181796,0.6462091080175003,-4.279711181276852,-2.026952131569606,0.8272735172874697,3.4110768926536696,-2.864713139753782,1.8033836054644523,3.463660434293878,-7.691120511632405,4.77278198495981,1.9368973808616328,3.39347874328098,3.1776716679242027,7.778028200177282,4.094651024820328,3.6592350611329048,-8.692636051788975,3.7134976154205948,2.2257066764766855,-4.628401230002603,-5.094110234885775,-3.53106797303271,3.9855832249320944,-0.702493122038491,4.568979111632023,-4.518260630725842,4.926951983801828,3.0821187755982202,2.200875277700293,0.0662687850550627,5.182710901551749,-1.8366916832804836,3.175268461112426,-2.1970995221637164,2.5556677389646354,4.317755883447955,-3.3062142680288815,5.803867685402382,-5.014436843744585,4.565123721896399,1.7810538610150717
-2.8337743580468624,1.2580680379782223,2.598679540855464,0.9387168389273628,-2.4453775225397014,-1.274412720171628,0.5541646437751762,1.465405659974631,-2.4291098886348417,1.1743892660800095,1.817388733090124,-4.915106265973706,2.922156622041063,0.8442737396987303,2.204349434720339,1.8006312676475433,4.094651024820328,2.422816029176625,2.2617248440675697,-5.262666452519497,2.6353631100835115,1.4826262531472265,-2.5349655593840748,-3.3278428352058977,-1.9816054227618831,2.732504464962152,-0.404190802539397,2.5168759750443295,-2.813326166782778,2.7441684792829317,1.8620107566898918,1.721660018584035,0.20239855745964716,2.422336587855344,-1.0383668347068815,2.158108469824272,-1.1282325104775521,1.25034954926547,2.627941557979657,-1.84994608411007,3.0854302567552674,-3.4924126589652666,2.880528580239213,1.161476386840924
-2.771886208163253,1.187666384423882,2.299432619647301,0.851385892852409,-2.2994419300364908,-0.6357569490534197,0.2605835559509056,0.9773150083172449,-2.215167065497422,1.100763412216536,2.34825606484556,-3.828907906649593,2.5458852550624664,0.87021897124804,2.366770368649142,1.9141437632768372,3.6592350611329048,2.2617248440675697,2.9211947781116074,-3.9585804873354498,2.8594093341278106,1.5788290539186236,-2.628007318956887,-3.4886634601332953,-2.169666999285944,2.6421541628053054,-0.4128444906083077,2.5845681956753723,-2.4112177408731363,2.7430738586623837,1.5130136017715508,1.1642081570187919,0.037996194089109495,1.7548235543365829,-1.4678100767202842,1.4436655118236406,-1.1922494939337096,1.3309507028224408,2.3262346593562584,-1.469820969605635,2.819610728617315,-3.0927882417036963,2.5493927208699407,0.7811108333489643
6.04441359718254,-2.6380515824272623,-5.994803705434955,-2.5219377047440448,5.220810664858642,3.5364303131455723,-1.583472780236797,-3.2353023211820737,5.935775290928707,-2.6325342033162054,-2.929098317605887,11.943482808257555,-6.6592437117449625,-1.4844882663723789,-4.554500488661318,-3.5501245638000576,-8.692636051788975,-5.262666452519497,-3.9585804873354498,12.74710021047356,-5.569822920818582,-3.1062882301536345,5.0077420969704125,6.996607664170654,3.8084035079822596,-6.123189816750819,0.8250723869931709,-5.016363173008063,6.499978954015332,-5.591939499536295,-4.361352039817252,-4.6437432553147096,-0.7652004629818859,-5.387347193926536,1.5802631750659708,-5.641242685833874,2.1349563317740694,-2.2959668453648563,-5.929936753182275,4.261659216699853,-6.497890388290529,8.226112085650282,-6.580268140579146,-2.9973054537266832
-3.208228247784267,1.240885283836846,3.100172867552099,1.7665832364209888,-2.5480187816095548,-1.303471119220275,0.6054899549540504,0.7156433800163298,-3.6171983576458957,1.4240275663014212,1.8787037506158868,-5.588655925080119,3.2510052698348364,0.5356843573170373,2.767096825142646,1.929258737220897,3.7134976154205948,2.6353631100835115,2.8594093341278106,-5.569822920818582,3.5922936072191693,1.9007895879157473,-2.5676009263014796,-4.171653256730881,-2.1145855346386147,3.5093457860018282,-0.4382082439391817,2.5623435594349098,-3.178682473113374,2.813206482738672,2.0016554498991184,2.2932415947868137,0.3911405424348479,1.5956791411829088,-1.2292230367501151,2.534708722439048,-1.040712211429143,1.0607152672088918,2.9161175319280788,-1.7837175442081956,2.8632134142810557,-4.454904595788762,3.329838697149637,1.3092385073931652
-1.7872276932527034,0.7232947580771856,1.6836590998312198,0.8437115431931589,-1.4566510395084369,-0.7171242168237448,0.32407480292009316,0.5541408156783472,-1.8390586719188062,0.7726084379797695,1.1164139609523749,-3.0496803729502955,1.8035469984894719,0.38381848946664837,1.5014586578050555,1.104398035762806,2.2257066764766855,1.4826262531472265,1.5788290539186236,-3.1062882301536345,1.9007895879157473,1.0249265438045592,-1.499041859808158,-2.2603678255778057,-1.2182300071646872,1.8733102283396184,-0.24684986366255113,1.4915395973357986,-1.7515193459449665,1.6284130918478055,1.1176806588079296,1.1798318033690984,0.17705972412246307,1.0726298136518242,-0.7020059401171986,1.3554866873188882,-0.6312834704367382,0.6654788171254681,1.6206852868926152,-1.03290882031793,1.7061092445235917,-2.365620839671155,1.82562961223322,0.7083885041643181
2.9673001362048477,-1.4005569382310292,-2.476883312170399,-0.5173926937943606,2.636154988120237,1.0404280061066742,-0.41882890333708506,-1.8203408262519367,1.9226607881284412,-1.1433722188940958,-2.3646854014591403,4.525548484544513,-2.9009625303545103,-1.165559257403963,-2.2749170261897462,-2.045542912272615,-4.628401230002603,-2.5349655593840748,-2.628007318956887,5.0077420969704125,-2.5676009263014796,-1.499041859808158,2.929269235647383,3.386129683929265,2.2968534406844414,-2.5920955451428656,0.44435170954905234,-2.885138590485042,2.738633460526396,-3.087248646303476,-1.8233766927205748,-1.2736921809327877,-0.01523592610460267,-2.8457839487794976,1.335327148640649,-1.7922699872143668,1.3790389077215035,-1.589472581999438,-2.635705318264391,1.9134707002084395,-3.4880211190211003,3.154991588195825,-2.8088395203384837,-0.9992946632635149
3.995831165125567,-1.64283392863905,-3.7403562186689525,-1.7988343044629442,3.2844147397538066,1.6204510588269467,-0.7289854203112752,-1.3577991198379842,3.9991389280465603,-1.7145849148528205,-2.5154538050013526,6.818376783059088,-4.039576975429197,-0.9073361935336592,-3.3232045862904993,-2.4843502344272514,-5.094110234885775,-3.3278428352058977,-3.4886634601332953,6.996607664170654,-4.171653256730881,-2.2603678255778057,3.386129683929265,5.001545069576238,2.7358592093901,-4.13506546033068,0.5595579498020583,-3.367765010947646,3.917769974844559,-3.67565823317523,-2.5108777418303228,-2.594945103392506,-0.37584658491880346,-2.546190358566937,1.5608665235852333,-3.0169681946106257,1.4401644392845965,-1.5337013325485267,-3.6325888514270677,2.3503366307546134,-3.8914192511456256,5.2262831469118645,-4.0732358270472675,-1.5869128292735248
2.3434244823091652,-1.0831264676878214,-1.9510252932925405,-0.47321162987490417,2.0513774337491553,0.752706873242757,-0.3031283825512339,-1.3014682442414065,1.5921212437711907,-0.908250906814031,-1.9011275300699186,3.487655842282813,-2.257265725709166,-0.8828049176694457,-1.8426195419124562,-1.6179539266209517,-3.53106797303271,-1.9816054227618831,-2.169666999285944,3.8084035079822596,-2.1145855346386147,-1.2182300071646872,2.2968534406844414,2.7358592093901,1.8225132704109397,-2.086184496231652,0.34955542156786296,-2.2611396209184567,2.131301459581654,-2.4140816944985173,-1.402138601634636,-0.9939381030806573,-0.013731207541775897,-2.076239010726168,1.1009343607199988,-1.365222810193958,1.07329838150919,-1.2290171441840372,-2.053452422033058,1.448939376098691,-2.6737464109433495,2.512892893085161,-2.2011868208587573,-0.7563428668699644
-3.26935324817398,1.2958864567377664,3.2297347957133695,1.7614578145179516,-2.648277615174024,-1.553098070884486,0.7163456287785486,0.9714274969909032,-3.6652696136915934,1.4597230034686188,1.7328250784111372,-6.033582817292291,3.4264553990711626,0.568017080361208,2.723142754006012,1.922563255069595,3.9855832249320944,2.732504464962152,2.6421541628053054,-6.123189816750819,3.5093457860018282,1.8733102283396184,-2.5920955451428656,-4.13506546033068,-2.086184496231652,3.550772849838519,-0.4419017262202752,2.594384248031623,-3.358374615425642,2.8729230161990613,2.1557306990138807,2.4866822245015623,0.4401546627747992,1.9403094242684042,-1.0911187554363775,2.8065507039621203,-1.0510260811798404,1.0747991863151023,3.0614210225693634,-1.9631853787410325,3.0428276370680396,-4.608114290803085,3.4801702928959513,1.4576809218036046
0.4770559032524039,-0.21844981944891115,-0.411773185473566,-0.12871585464019447,0.413702116769605,0.17937004364964795,-0.07712438867350352,-0.2519329661333301,0.36275655900660914,-0.19027184454334267,-0.34712616999023266,0.7655974932784341,-0.4735284056881706,-0.15702980443636563,-0.3754363460550591,-0.3185337169345128,-0.702493122038491,-0.404190802539397,-0.4128444906083077,0.8250723869931709,-0.4382082439391817,-0.24684986366255113,0.44435170954905234,0.5595579498020583,0.34955542156786296,-0.4419017262202752,0.07502820091178752,-0.43939085705997744,0.4525437400603685,-0.4748266321957754,-0.29556931302603223,-0.24327882093121414,-0.018117037267718506,-0.41337826749411283,0.20060211381508503,-0.3140154006324163,0.20360821324509043,-0.23184912966890603,-0.43009951624618104,0.3025530520807121,-0.5274897355997702,0.5486223423403088,-0.46486338728849613,-0.17475463672433497
-2.945345220434665,1.3839360679856487,2.478986140865502,0.5506958205038246,-2.6111630030251853,-1.0590181515101658,0.4298622646689979,1.7866373072162467,-1.9581490917556916,1.1419776000132422,2.307932894275532,-4.546120009109866,2.893587717048822,1.134470210655207,2.2597338990724056,2.01704024930414,4.568979111632023,2.5168759750443295,2.5845681956753723,-5.016363173008063,2.5623435594349098,1.4915395973357986,-2.885138590485042,-3.367765010947646,-2.2611396209184567,2.594384248031623,-0.43939085705997744,2.8434708794297747,-2.7364798545198847,3.0472788485599462,1.821294431381301,1.3085695625604807,0.0314952389604222,2.8033864284451027,-1.303609833450286,1.8191691347599988,-1.3528214817361897,1.555088825599134,2.6265724397671364,-1.9029207212673918,3.4429167686037934,-3.172928665988379,2.8057446427581256,1.010801796608931
3.2841085054703125,-1.4012516028547903,-3.1935823032934576,-1.4189305754955186,2.7844263331961603,1.708495137256995,-0.7666449224923627,-1.514957393512994,3.2590423092491565,-1.4240529527548187,-1.7591204380681467,6.173063859524325,-3.510670697542138,-0.7786599305938324,-2.5703506044748696,-1.967885685697798,-4.518260630725842,-2.813326166782778,-2.4112177408731363,6.499978954015332,-3.178682473113374,-1.7515193459449665,2.738633460526396,3.917769974844559,2.131301459581654,-3.358374615425642,0.4525437400603685,-2.7364798545198847,3.4201079834095167,-3.0278672001084725,-2.258468608462092,-2.38820185383619,-0.3798581311086015,-2.612638292266276,1.01105288720777,-2.8566352824698216,1.16510027671503,-1.2472535578727404,-3.1365944769334635,2.1739413352865364,-3.402649625828411,4.4142711670318455,-3.4947767566314267,-1.5125545130791134
-3.2066405263752924,1.4941920854142527,2.7496791487234553,0.6837723797005304,-2.8328491484411615,-1.226156680768225,0.5063167980460066,1.911303553684815,-2.2456988743692814,1.260089957489655,2.41139664917979,-5.093655163410561,3.189109585441819,1.1837377512918008,2.4588768195275295,2.162725944188355,4.926951983801828,2.7441684792829317,2.7430738586623837,-5.591939499536295,2.813206482738672,1.6284130918478055,-3.087248646303476,-3.67565823317523,-2.4140816944985173,2.8729230161990613,-0.4748266321957754,3.0472788485599462,-3.0278672001084725,3.2779724274835367,2.015387358782203,1.5356348104626438,0.07465020194933307,3.019918365519801,-1.3595778481373857,2.085619537212197,-1.4350521670094782,1.6403067019917439,2.8886823608647667,-2.0882196076045627,3.7100473294102834,-3.553995438980278,3.1003867523757873,1.1513048766528484
-2.1527073391808664,0.9396734338620373,2.0892543057420823,0.8531966636588837,-1.8545432751353916,-1.1652885208175294,0.518457660073349,1.1213295082467691,-2.0483615864004645,0.9252700917694218,1.1461509673986687,-4.089232108671598,2.323142101748457,0.5571339415196793,1.6431815271164922,1.2941964702033573,3.0821187755982202,1.8620107566898918,1.5130136017715508,-4.361352039817252,2.0016554498991184,1.1176806588079296,-1.8233766927205748,-2.5108777418303228,-1.402138601634636,2.1557306990138807,-0.29556931302603223,1.821294431381301,-2.258468608462092,2.015387358782203,1.5089681891234301,1.5523389589040344,0.2378730748257044,1.8708607976721945,-0.6353601511929977,1.8961432833307452,-0.786171307588246,0.8517691294683823,2.074196524586862,-1.4756321013917058,2.3119678138692987,-2.8523107210934553,2.296418887942959,1.0085828532170424
-2.0208930281048483,0.7239913016108198,2.322963221460899,1.5962615898869374,-1.5833754877390434,-1.4395635894663363,0.6902801992646911,0.42690405233674134,-2.9652665238836717,1.0068642195920576,0.4281364528223037,-4.653648033596713,2.3722161713676626,0.04469929651548419,1.6591752251756482,0.9767726079648329,2.200875277700293,1.721660018584035,1.1642081570187919,-4.6437432553147096,2.2932415947868137,1.1798318033690984,-1.2736921809327877,-2.594945103392506,-0.9939381030806573,2.4866822245015623,-0.24327882093121414,1.3085695625604807,-2.38820185383619,1.5356348104626438,1.5523389589040344,2.2382371048159966,0.5231301813561288,1.0437405499441026,-0.2886265138244378,2.4136460254158716,-0.41759890246585146,0.3390530497373593,2.0817247398743803,-1.332039528232101,1.6669652995372544,-3.466055406683151,2.4440643868295844,1.2268527610673639
-0.24264139013324534,0.040602375245765134,0.3969684041909828,0.43496603441372156,-0.1455959354247697,-0.2989685616722131,0.15402093268592162,-0.12232075286081606,-0.6771986178316236,0.1646087872489769,-0.16429570139369315,-0.8399111429846381,0.3534833050819675,-0.1409170290053973,0.2274093684893877,0.03968826101440084,0.0662687850550627,0.20239855745964716,0.037996194089109495,-0.7652004629818859,0.3911405424348479,0.17705972412246307,-0.01523592610460267,-0.37584658491880346,-0.013731207541775897,0.4401546627747992,-0.018117037267718506,0.0314952389604222,-0.3798581311086015,0.07465020194933307,0.2378730748257044,0.5231301813561288,0.1594491494592317,-0.06959024025604753,0.07425195609018781,0.5047913076236746,0.049823724740980714,-0.10260684078928886,0.29896316847113324,-0.15563338533520008,0.05466023381783951,-0.6663278629381452,0.3898865946332914,0.24430287347359267
-2.6599795153344665,1.451686289469709,2.173524312298858,-0.1766991799006756,-2.6142311096143227,-1.335394038919965,0.5220150575154365,2.7331908518157166,-0.9649703500658257,0.9554665422339518,2.035699822741406,-4.469505608379911,2.7932655034105105,1.422864737500441,1.6879636003520673,1.8714931957973793,5.182710901551749,2.422336587855344,1.7548235543365829,-5.387347193926536,1.5956791411829088,1.0726298136518242,-2.8457839487794976,-2.546190358566937,-2.076239010726168,1.9403094242684042,-0.41337826749411283,2.8033864284451027,-2.612638292266276,3.019918365519801,1.8708607976721945,1.0437405499441026,-0.06959024025604753,3.918988949173349,-0.9444617770136939,1.8126838915961643,-1.4218975140222594,1.71645587475133,2.5283371730173925,-2.163323078848949,3.8133051100159725,-2.493949841795953,2.5710956593845626,1.0601032261881649
1.2748559595142535,-0.5843142579231374,-0.9428015702747015,-0.177633935590241,1.091376631915437,0.15205665986281824,-0.04388471371439586,-0.5764960340307612,0.7323541881455303,-0.46597819372500315,-1.295844664529112,1.4678830225714223,-1.0954778464763717,-0.5289920545070966,-1.0749772333129923,-0.9553722695528454,-1.8366916832804836,-1.0383668347068815,-1.4678100767202842,1.5802631750659708,-1.2292230367501151,-0.7020059401171986,1.335327148640649,1.5608665235852333,1.1009343607199988,-1.0911187554363775,0.20060211381508503,-1.303609833450286,1.01105288720777,-1.3595778481373857,-0.6353601511929977,-0.2886265138244378,0.07425195609018781,-0.9444617770136939,0.792378084206638,-0.4436323425850433,0.6394111385893437,-0.7417562890959749,-1.0149943135863995,0.6624793727028352,-1.4125307962057334,1.1894340707430975,-1.0752945437506474,-0.257220947013797
-2.490492339295838,0.9902924286802383,2.7051233392096736,1.52543860449181,-2.05963431873518,-1.696775576566326,0.788791275351809,0.973498723243054,-3.0911605183598914,1.1716760530036157,0.7873222852997446,-5.460786930562305,2.8753529757726715,0.3212281973473078,1.9368001656609515,1.3093630690276783,3.175268461112426,2.158108469824272,1.4436655118236406,-5.641242685833874,2.534708722439048,1.3554866873188882,-1.7922699872143668,-3.0169681946106257,-1.365222810193958,2.8065507039621203,-0.3140154006324163,1.8191691347599988,-2.8566352824698216,2.085619537212197,1.8961432833307452,2.4136460254158716,0.5047913076236746,1.8126838915961643,-0.4436323425850433,2.7439675661981355,-0.680935082523054,0.6595011414429016,2.535773543968798,-1.738091359697865,2.3820656068508574,-3.884333651128167,2.899690649425987,1.4206044244493994
1.3107772854010462,-0.6529839313095576,-1.0264463165696238,-0.06755242456332192,1.1995968258636067,0.4068162248134602,-0.15163371657178867,-0.9462257518425609,0.6394023115203293,-0.4780885215517956,-1.1604363829381295,1.8616577553784404,-1.2513664051277686,-0.6112396297687884,-0.9750296985832378,-0.9481580865531817,-2.1970995221637164,-1.1282325104775521,-1.1922494939337096,2.1349563317740694,-1.040712211429143,-0.6312834704367382,1.3790389077215035,1.4401644392845965,1.07329838150919,-1.0510260811798404,0.20360821324509043,-1.3528214817361897,1.16510027671503,-1.4350521670094782,-0.786171307588246,-0.41759890246585146,0.049823724740980714,-1.4218975140222594,0.6394111385893437,-0.680935082523054,0.6723106389828756,-0.7936647733886804,-1.1440378908780953,0.8665956564490218,-1.649746425372391,1.2416067822513923,-1.189437916408461,-0.39474492725634164
-1.442865786013361,0.7496873709265124,1.0722477772695256,-0.06500088651858174,-1.3519645460140433,-0.4078074028275875,0.14147376380019885,1.1699299263252427,-0.5218736631389086,0.5028413774590789,1.3712022662573065,-1.9400484570154595,1.3545987927943746,0.7551615248374847,1.04496767504579,1.0814122228028868,2.5556677389646354,1.25034954926547,1.3309507028224408,-2.2959668453648563,1.0607152672088918,0.6654788171254681,-1.589472581999438,-1.5337013325485267,-1.2290171441840372,1.0747991863151023,-0.23184912966890603,1.555088825599134,-1.2472535578727404,1.6403067019917439,0.8517691294683823,0.3390530497373593,-0.10260684078928886,1.71645587475133,-0.7417562890959749,0.6595011414429016,-0.7936647733886804,0.9526158355389364,1.2448587390607266,-0.9764881302510713,1.9121426094954985,-1.237532754437094,1.267577563622204,0.3983231058891389
-3.068602472387965,1.3330179804978908,2.9137118593313156,1.1945601402842119,-2.622741768814404,-1.5119148218848155,0.6709421180971413,1.4949398063530843,-2.8693128177789884,1.3057795559443037,1.7737989915339205,-5.5910612774036945,3.234999221820755,0.8059576323787377,2.392493648804082,1.884528665489681,4.317755883447955,2.627941557979657,2.3262346593562584,-5.929936753182275,2.9161175319280788,1.6206852868926152,-2.635705318264391,-3.6325888514270677,-2.053452422033058,3.0614210225693634,-0.43009951624618104,2.6265724397671364,-3.1365944769334635,2.8886823608647667,2.074196524586862,2.0817247398743803,0.29896316847113324,2.5283371730173925,-1.0149943135863995,2.535773543968798,-1.1440378908780953,1.2448587390607266,2.8981757769146874,-2.024277459595867,3.2506606962449256,-3.9823331299604843,3.2066804783625282,1.3521630801329307
2.1117348206132984,-0.9834294398449128,-1.9588191737846594,-0.5792900923392539,1.8853664626519333,1.1124611669565057,-0.47991495508377924,-1.3754497978204614,1.6775864831295555,-0.8675651306036484,-1.2615080598979636,3.8771845525434734,-2.257950332516033,-0.6993118193936991,-1.544074423760086,-1.329275535825437,-3.3062142680288815,-1.84994608411007,-1.469820969605635,4.261659216699853,-1.7837175442081956,-1.03290882031793,1.9134707002084395,2.3503366307546134,1.448939376098691,-1.9631853787410325,0.3025530520807121,-1.9029207212673918,2.1739413352865364,-2.0882196076045627,-1.4756321013917058,-1.332039528232101,-0.15563338533520008,-2.163323078848949,0.6624793727028352,-1.738091359697865,0.8665956564490218,-0.9764881302510713,-2.024277459595867,1.5146093092458988,-2.4642510097898005,2.5782307253838432,-2.1927787684838145,-0.9460830832689886
-3.5435802185601775,1.7181336946730357,3.026043335633629,0.5342126874044784,-3.218054489734708,-1.4989719780655477,0.6117046250685647,2.4962451590660657,-2.222288477138262,1.3691733401983204,2.6326192909728667,-5.777506616258065,3.5932705720124165,1.4400616651303437,2.593916002404263,2.401308570486843,5.803867685402382,3.0854302567552674,2.819610728617315,-6.497890388290529,2.8632134142810557,1.7061092445235917,-3.4880211190211003,-3.8914192511456256,-2.6737464109433495,3.0428276370680396,-0.5274897355997702,3.4429167686037934,-3.402649625828411,3.7100473294102834,2.3119678138692987,1.6669652995372544,0.05466023381783951,3.8133051100159725,-1.4125307962057334,2.3820656068508574,-1.649746425372391,1.9121426094954985,3.2506606962449256,-2.4642510097898005,4.339743146626521,-3.8141465351869868,3.446588868039486,1.330763971620674
4.147355452268816,-1.6238708993249338,-4.241713221288676,-2.417170954494617,3.3539952835260007,2.2185962433769872,-1.0324635206063033,-1.2362894773183044,4.910358796311781,-1.8939854927237239,-1.899094926366844,8.10559752107591,-4.476771988176353,-0.6092900710546078,-3.4170687175301224,-2.3455798243101906,-5.014436843744585,-3.4924126589652666,-3.0927882417036963,8.226112085650282,-4.454904595788762,-2.365620839671155,3.154991588195825,5.2262831469118645,2.512892893085161,-4.608114290803085,0.5486223423403088,-3.172928665988379,4.4142711670318455,-3.553995438980278,-2.8523107210934553,-3.466055406683151,-0.6663278629381452,-2.493949841795953,1.1894340707430975,-3.884333651128167,1.2416067822513923,-1.237532754437094,-3.9823331299604843,2.5782307253838432,-3.8141465351869868,6.1014219725101135,-4.552001000445306,-2.009944680917664
-3.3791722430370448,1.4262547853895016,3.280117511797577,1.5008347632070727,-2.8442575789424107,-1.7064004738439127,0.7680794555783041,1.4656067623846039,-3.3995057953300254,1.4680013108844345,1.8378228367221672,-6.284525459340821,3.5871333808092056,0.7773171299444462,2.676539179984181,2.0281878412653045,4.565123721896399,2.880528580239213,2.5493927208699407,-6.580268140579146,3.329838697149637,1.82562961223322,-2.8088395203384837,-4.0732358270472675,-2.2011868208587573,3.4801702928959513,-0.46486338728849613,2.8057446427581256,-3.4947767566314267,3.1003867523757873,2.296418887942959,2.4440643868295844,0.3898865946332914,2.5710956593845626,-1.0752945437506474,2.899690649425987,-1.189437916408461,1.267577563622204,3.2066804783625282,-2.1927787684838145,3.446588868039486,-4.552001000445306,3.5821078123243626,1.5312416985075918
-1.3348504395168084,0.5495537960248138,1.4162895391036212,0.7394492953102065,-1.1219570598557342,-0.888427740198333,0.40965342067289573,0.5957729967254629,-1.5527228743611867,0.6146082441764991,0.4724492662779541,-2.8692512885594335,1.528961167467865,0.21716672488284647,1.0218216068622132,0.7232267271609525,1.7810538610150717,1.161476386840924,0.7811108333489643,-2.9973054537266832,1.3092385073931652,0.7083885041643181,-0.9992946632635149,-1.5869128292735248,-0.7563428668699644,1.4576809218036046,-0.17475463672433497,1.010801796608931,-1.5125545130791134,1.1513048766528484,1.0085828532170424,1.2268527610673639,0.24430287347359267,1.0601032261881649,-0.257220947013797,1.4206044244493994,-0.39474492725634164,0.3983231058891389,1.3521630801329307,-0.9460830832689886,1.330763971620674,-2.009944680917664,1.5312416985075918,0.7428113310354595
