V1,V2,V3,V4,V5,V6,V7,V8,V9,V10,V11,V12,V13,V14,V15,V16,V17,V18,V19,V20,V21,V22,V23,V24,V25,V26,V27,V28,V29,V30,V31,V32,V33,V34,V35,V36,V37,V38,V39,V40,V41,V42,V43,V44
0.31105442965963587,-0.09253958046727419,-0.09386403113168106,0.14789541591270725,-0.22198865759349196,0.06417374791687178,-0.051418289259339243,0.26759916799981154,-0.03390855122614445,-0.09710942599617278,0.023497022565082477,0.07314345238004226,-0.013878653922568195,-0.0638531411473276,-0.10207828744496596,-0.03613037762957496,-0.043754509966129146,-0.009671104551308925,-0.10222957495591155,-0.02263367837162088,0.16685714695712706,-0.079223288897487,0.13679667523019937,0.0037398059359250806,0.10780907950966659,-0.027610466660161464,-0.25630213420698383,0.018130724284747553,0.08737408627792621,-0.13199463343207826,-0.16108352401281173,-0.23213760484023316,-0.09632614120722781,0.018042173497711464,0.05366024128335992,-0.29432988238135127,-0.1855860059519441,0.001256786888965119,0.09290047946584783,-0.21415226907146684,0.08555733862031971,-0.2091597116546916,-0.25548420362578805,-0.035651192197494665
-0.09253958046727419,0.2560696592464336,-0.2384546263960334,-0.11702155971498711,-0.2297800332589516,-0.08596725863355284,-0.020300979950659773,-0.4364148156904597,-0.06941038172734017,0.45504290911470197,0.32945261126107567,-0.1516851504707661,0.21273800824912228,-0.02926271990037766,-0.2289931153376389,-0.11459770177105594,-0.07502492920734423,0.338679868018587,-0.14955162901318467,0.05895552254384313,-0.0810220672990608,-0.048760258929292935,-0.14260229041700104,-0.0032051365942290144,-0.2296865333078661,-0.28170372190237175,-0.28303990263779605,-0.7452858889303197,0.18164298705955226,-0.2816264728779855,0.2187636512521104,-0.022988263083817323,0.28566457892377284,0.4756170441747896,-0.2209236867582938,-0.04188627290004212,0.5170232370935954,-0.6531028496009703,0.14396472684822198,0.1619921925745984,-0.3012423513043131,0.15904333285487043,0.00271684567889869,0.17325592692394357
-0.09386403113168106,-0.2384546263960334,0.8701321052145492,-0.04015050213737415,0.4442035948162062,0.1943463037213716,0.2868706417528334,0.9241016935599647,0.21508017726081946,-0.5064857039612679,-0.44445341063195215,0.019192964703467038,-0.6864339726060423,0.1018643252299866,0.3868796840828531,0.15202048210220143,0.08248914504447954,-0.6246661260616017,-0.11490265148652812,0.008057549358679332,0.18264981068065222,0.17775571778526386,0.3745267738089245,0.17752105842984298,0.4100219078237446,0.40730967325781625,0.5658305556916948,1.141378871664561,-0.7164359120625327,0.5941408936420751,-0.5212939001948885,0.6621917947047417,0.011434056574347718,-0.7517301439937479,0.2501868685313423,0.11037013890636084,-0.5078214096533885,1.2497015042447728,-0.21932213800850126,-0.06843464047619884,0.5673962308307796,-0.6290454920583307,-0.47538293696928013,-0.08232589419729526
0.14789541591270725,-0.11702155971498711,-0.04015050213737415,0.33246280206019013,0.0928966938942545,0.1851750816071793,0.07871024014201619,0.02804445053498487,-0.008121745521702549,-0.5494858159444211,-0.3046376560312658,-0.0868424500627776,9.960572560395813e-4,-0.1518149839347721,-0.15875137872566927,-0.13390566101663284,-0.11740843527394557,-0.2760625307925399,-0.0318436237120942,-0.228243085737099,0.1914828257553494,-0.18573044256116747,0.02177216213205138,-0.2947963612054345,0.2648453326421398,0.30496436810549826,0.08228422175797348,0.2610108195241306,-0.022208828014235075,0.21463333963246634,-0.02716571446270373,0.06973960637305296,0.007677803365003664,-0.002287187428527972,0.1295363078186071,-0.032749227585207784,-0.34302191888671074,0.20614087183403298,0.04287802161292697,-0.2402702426814825,0.09582511924068954,0.20638445301380018,0.09933218223866064,-0.07554790112975791
-0.22198865759349196,-0.2297800332589516,0.4442035948162062,0.0928966938942545,0.8996935493846977,0.2048001775799375,0.12569520719825045,0.24371139161379904,0.30731838508236375,-1.0590744780179802,-0.7113010236332475,0.08795181712708683,-0.09353138375217891,-0.003562966255199907,0.15319649502102786,0.1590935570137386,0.20411746296159974,-0.6739511276471476,0.1464766543188177,-0.15949948733555927,0.28523036913370525,-0.13614415518163042,0.04584680173455982,-0.07074144555241328,0.5438317803332032,0.8223878261496196,0.8232624078147229,0.963586649506132,-0.3929985312357557,0.9431468321038636,0.12095326546997567,0.4782591169365839,-0.22487075562291428,-0.47872809375682707,0.3216425575217806,0.6889701070537746,-0.5248684651433407,0.9866637500432317,-0.1436274334393125,-0.21495667928462373,0.3038417289474366,0.31826671426976666,0.508619889315205,-0.29290200900325775
0.06417374791687178,-0.08596725863355284,0.1943463037213716,0.1851750816071793,0.2048001775799375,0.36443045134156576,0.061356780093087246,0.3471408484127944,0.020408951289801063,-0.7359495019057358,-0.2804542172564701,0.016739630001043743,-0.35840053015630297,0.13871568734614803,0.26924003747596553,-0.11575178665255888,-0.12125822142186592,-0.3974903263344535,0.305489531902924,-0.3077369068018678,0.17641532179855313,-0.12148108781785116,0.17189270679195023,-0.4246155475264114,0.1733121685349702,0.2642991109061521,0.410694482612324,1.1289898946204726,-0.3127745996929888,0.22671170688686831,-0.08958180810700964,0.274549572044423,-0.07865109879122832,-0.6738255807492021,0.3312560228672496,-0.1378330907361021,-0.9099935483894965,0.6011488370391137,-0.1387823721035223,-0.20063953925687072,0.3990724572488493,-0.1838213805152649,0.02704661921910316,-0.23374815240053784
-0.051418289259339243,-0.020300979950659773,0.2868706417528334,0.07871024014201619,0.12569520719825045,0.061356780093087246,0.25356473024987153,0.10700681450497726,0.053617785445469426,-0.1645944648667234,-0.19756255692133015,-0.19591420401948406,-0.13443973219081898,-0.14250835654427016,-0.20635065461552257,-0.06141102063398721,-0.05488357336911039,-0.22544952134805873,-0.38767667674942885,-0.02604694757894939,0.18700144486128045,-0.027958354671582357,0.09140877325015623,0.009981999987969234,0.26948579189876704,0.22372398240958882,0.05091882233395652,-0.1305225741595691,-0.25248866580312185,0.2790888133002421,-0.15059617157710664,0.4267737239820391,0.3100155916157093,0.194180034760169,-0.02010860898485628,0.06495758113509516,0.18094172694471972,0.22222880902860678,0.09855117768406096,-0.03507896372534261,0.056981772814807034,-0.00653428765747616,-0.26176592520545267,0.10978944934005107
0.26759916799981154,-0.4364148156904597,0.9241016935599647,0.02804445053498487,0.24371139161379904,0.3471408484127944,0.10700681450497726,1.8060207229039902,0.21279684088356338,-0.6123504724373846,-0.35423441357917845,0.28904775469969574,-1.0364518450058775,0.2960133652953126,0.893969794736453,0.25489228459853086,0.14994624708530424,-0.7012705679085826,0.2785818615954047,-0.0016558631639031597,0.13977033271133663,0.23156963783992077,0.7010807028745913,0.23399297433772423,0.342314509589872,0.2224826055966619,0.4764579741032433,2.1644817965076264,-0.7875099381163349,0.3118699906352305,-0.9219221610446308,0.1961853235356564,-0.4280039301062314,-1.6045009693403953,0.4977968272293353,-0.39175669279184616,-1.33724845135626,1.8215730176213032,-0.4622763315963708,-0.3132145484350333,1.0318341636002444,-1.4434641378540556,-0.8876081279319898,-0.33675445473553356
-0.03390855122614445,-0.06941038172734017,0.21508017726081946,-0.008121745521702549,0.30731838508236375,0.020408951289801063,0.053617785445469426,0.21279684088356338,0.3070718777236233,-0.2643156710976014,-0.2216945430108441,-0.0083211615150545,0.12629132592612444,-0.1978803459698639,-0.23433657904623323,0.08985562852815027,0.14143526945001678,-0.15905076202240723,-0.4026774996133946,0.09974263830402165,0.20209245088288313,-0.10613136593062483,0.02059694906584933,0.3972564951431497,0.37742146228142004,0.3568951829356344,0.09798033151464294,-0.1675641144120547,-0.07509400926774758,0.506722456096756,-0.023118263099247492,0.20498503760807135,0.012196380198798602,0.2486437783796346,-0.046984886957344735,0.4474880020765299,0.3079519100121153,0.2581117490098364,0.052213435578612834,-0.15045925127856563,-0.08123024809056861,0.08444651935493099,0.044929964608243625,0.021995742453894487
-0.09710942599617278,0.45504290911470197,-0.5064857039612679,-0.5494858159444211,-1.0590744780179802,-0.7359495019057358,-0.1645944648667234,-0.6123504724373846,-0.2643156710976014,2.4707860321076875,1.2462270754816824,-0.21672158588997123,0.37841570155536397,-0.07061099596316354,-0.28499145839475826,0.1382526359830852,0.037992346253092175,1.2348147746025755,-0.43446282483605925,0.7532428487375141,-0.703385037894001,0.46419713237908644,-0.2522876773177017,0.7669717344142156,-0.9276519031871294,-1.3282684867708758,-1.2328374259040829,-2.408160753063693,0.6593137068682899,-1.336808639069582,0.02296721664359972,-0.8086056888420683,0.4533710360961523,1.1831716059974764,-0.9031672806222207,-0.3775313504908107,1.9332099860236396,-1.6246499817233175,0.22878575855334687,0.7562249283456458,-0.7470793012481446,-0.3117789765457832,-0.6070563683320211,0.7357417010337338
0.023497022565082477,0.32945261126107567,-0.44445341063195215,-0.3046376560312658,-0.7113010236332475,-0.2804542172564701,-0.19756255692133015,-0.35423441357917845,-0.2216945430108441,1.2462270754816824,0.8652285305042364,-0.01788263736909221,0.17473053716067916,0.12293276001243797,-0.01431789024922514,-0.003928671906298466,-0.04205381735219748,0.7783286561436868,0.06368570768495377,0.27371879440397534,-0.3518290837581823,0.1260012178920385,-0.13381621302206725,0.16511490613470864,-0.6896710819689509,-0.91620986977616,-0.6881262902932525,-0.9843681639249853,0.41120568113256656,-0.9255024468904878,0.11702951204463101,-0.5407777291066574,0.1684502737103297,0.4146655590427219,-0.3690415015742512,-0.4924526943901598,0.6827582137931242,-1.0442628397588765,0.11226712302933753,0.350744940922149,-0.35162763259040086,-0.28773374076459063,-0.2858667207421448,0.2890765466860935
0.07314345238004226,-0.1516851504707661,0.019192964703467038,-0.0868424500627776,0.08795181712708683,0.016739630001043743,-0.19591420401948406,0.28904775469969574,-0.0083211615150545,-0.21672158588997123,-0.01788263736909221,0.37880158841165507,-0.1401283909651318,0.2805266742692218,0.4725613413256465,0.1805073750543898,0.13870918754398057,-0.0625567186751397,0.542256243813098,-0.019291359701115132,-0.0409033629949569,0.0771700247347634,0.06892331077229497,-0.030697482202079407,-0.11280387543377428,-0.040402768639208275,0.25369956237732627,0.8488311405568709,-0.011982382220236662,-0.028489383522072954,-0.02005591627437302,-0.2465991103823084,-0.5103777352495389,-0.6714773156040047,0.26205583802219995,-0.10743830961479783,-0.6536412920055894,0.3399163428095803,-0.18950538087532778,-0.05769216884655811,0.2451019276889509,-0.23032904817147318,0.1663447180759265,-0.2708580026394603
-0.013878653922568195,0.21273800824912228,-0.6864339726060423,9.960572560395813e-4,-0.09353138375217891,-0.35840053015630297,-0.13443973219081898,-1.0364518450058775,0.12629132592612444,0.37841570155536397,0.17473053716067916,-0.1401283909651318,1.165648654712111,-0.5480354792178566,-1.0892348752544745,-0.08747095886587554,0.11030461488731935,0.5667497858113667,-0.8206043982994601,0.18903884165283186,0.11931528677326177,-0.36247588425521465,-0.4727783859640592,0.46743299922488063,0.11696681395805963,0.06350057550356496,-0.699832949225181,-2.2832683189425693,0.7449961827317412,0.10614089434662087,0.5851828743804729,-0.2974116316907231,0.237959053504643,1.7563029346614862,-0.4847118911559465,0.595485650458429,1.5739864377684603,-1.3636006034573902,0.48967076122112363,-0.0970592665973513,-0.9834616397146587,1.0903112815745404,0.49869531325176963,0.2525166386631749
-0.0638531411473276,-0.02926271990037766,0.1018643252299866,-0.1518149839347721,-0.003562966255199907,0.13871568734614803,-0.14250835654427016,0.2960133652953126,-0.1978803459698639,-0.07061099596316354,0.12293276001243797,0.2805266742692218,-0.5480354792178566,0.5790133802580678,0.9015692645041214,0.09803931419194487,-0.003330499895182938,-0.09972822963234515,0.9985891520330746,-0.1327865874276662,-0.24370116130337952,0.23759476439133906,0.1451129798398615,-0.4519633848994793,-0.4296539028004398,-0.2823870667771863,0.45946047264971407,1.4792189612317455,-0.23707064876204925,-0.36940027276832493,-0.041727789315999186,-0.1313063942663693,-0.3906381568524577,-1.2631577788425008,0.35404014085090635,-0.4205095362810701,-1.1363668928404165,0.48697216899108653,-0.3614482905442528,0.1755737441844875,0.521861296018265,-0.5120874836723134,0.060106514554138304,-0.2996358948533998
-0.10207828744496596,-0.2289931153376389,0.3868796840828531,-0.15875137872566927,0.15319649502102786,0.26924003747596553,-0.20635065461552257,0.893969794736453,-0.23433657904623323,-0.28499145839475826,-0.01431789024922514,0.4725613413256465,-1.0892348752544745,0.9015692645041214,1.7523972062472513,0.2365802554145872,0.04919959864025063,-0.37114568313496504,1.760462123526519,-0.2344154040081336,-0.5785849989709021,0.46610485532268475,0.31916600166993736,-0.6253944841940864,-0.6260503340280417,-0.33737548644357407,0.9495927927226437,3.040783252174505,-0.5391991326747442,-0.3912611025285767,-0.35729024134115406,-0.2193156449495092,-0.8072886044175823,-2.4903144643226516,0.6624450482747484,-0.6062264299167301,-2.1491173701168393,1.3722066125820955,-0.8620927303672485,0.21225146753285654,1.0507719059207197,-1.0788779284277366,0.0672863767177488,-0.5676967970094744
-0.03613037762957496,-0.11459770177105594,0.15202048210220143,-0.13390566101663284,0.1590935570137386,-0.11575178665255888,-0.06141102063398721,0.25489228459853086,0.08985562852815027,0.1382526359830852,-0.003928671906298466,0.1805073750543898,-0.08747095886587554,0.09803931419194487,0.2365802554145872,0.2816157389380831,0.20831279407851108,-0.05576246008079874,0.17398300175967465,0.19959996582896317,-0.036874836920521216,0.15224799880193227,0.04830068655584408,0.2444180040218621,0.0059347571562048925,0.006521259514030643,0.1397438488444958,0.22229606339510935,-0.03344316593207355,0.04626277383459697,-0.04215854389057623,-0.19178420417553482,-0.2630086480075262,-0.2610325191626897,0.0075271148551689536,0.12483504455682469,-0.02142572460235035,0.3152883648078451,-0.07891735111154707,0.07773146664314169,0.13580257428323453,-0.17885287364296903,0.02684380386927111,-0.028949401854470688
-0.043754509966129146,-0.07502492920734423,0.08248914504447954,-0.11740843527394557,0.20411746296159974,-0.12125822142186592,-0.05488357336911039,0.14994624708530424,0.14143526945001678,0.037992346253092175,-0.04205381735219748,0.13870918754398057,0.11030461488731935,-0.003330499895182938,0.04919959864025063,0.20831279407851108,0.23238570804918263,-0.020977042279050184,-0.017935507419135927,0.16725514625084814,0.02243976027921193,0.02464411057765377,0.010347643993298144,0.3139382525933753,0.08386394206453528,0.0983629676787828,0.04615821595002568,-0.06648211333448578,0.01717385425991948,0.16730344929640178,0.03053316753556271,-0.12377704252605604,-0.18383850859897344,-0.006441771694305119,-0.011227759334522793,0.2476083515967793,0.17403200315472753,0.17046736478337265,-0.022623616996201048,-0.027177070896930253,-0.0033530198140577145,-0.016229992954346326,0.06819838307623799,-0.055236933647878794
-0.009671104551308925,0.338679868018587,-0.6246661260616017,-0.2760625307925399,-0.6739511276471476,-0.3974903263344535,-0.22544952134805873,-0.7012705679085826,-0.15905076202240723,1.2348147746025755,0.7783286561436868,-0.0625567186751397,0.5667497858113667,-0.09972822963234515,-0.37114568313496504,-0.05576246008079874,-0.020977042279050184,0.9134347566049952,-0.25296324761590855,0.29553186810244847,-0.3657123616295149,0.04979961202303519,-0.3144637394505243,0.3583807704225846,-0.5808962595051922,-0.7724481859070402,-0.8301162616935721,-1.6533569266248356,0.6275343816318756,-0.7534924235136723,0.2487884062611518,-0.536331190645727,0.20623057890783777,0.9700775383704509,-0.4972509189607325,-0.17089642911780628,1.1674114894313916,-1.3926242676366976,0.20823577175200159,0.3035818399742984,-0.6963782379165653,0.16846811229777792,-0.04371630163907598,0.333221996845419
-0.10222957495591155,-0.14955162901318467,-0.11490265148652812,-0.0318436237120942,0.1464766543188177,0.305489531902924,-0.38767667674942885,0.2785818615954047,-0.4026774996133946,-0.43446282483605925,0.06368570768495377,0.542256243813098,-0.8206043982994601,0.9985891520330746,1.760462123526519,0.17398300175967465,-0.017935507419135927,-0.25296324761590855,2.3121518165589636,-0.4285261938005124,-0.6098348231203153,0.29114099385011916,0.06771058610960243,-1.1568810520682076,-0.8538474745571994,-0.41055670225327795,1.0334146495784091,3.095393323031964,-0.2082680764703692,-0.6115726520486725,0.13057233708573882,-0.571996579155709,-0.9863218030127785,-2.497845913082565,0.7310003549233086,-0.6606785703710231,-2.457227984268062,0.9265135218493528,-0.8040192266942958,0.23477397206499304,0.9333369836838644,-0.5520111907259685,0.7183831980959531,-0.6741271521538456
-0.02263367837162088,0.05895552254384313,0.008057549358679332,-0.228243085737099,-0.15949948733555927,-0.3077369068018678,-0.02604694757894939,-0.0016558631639031597,0.09974263830402165,0.7532428487375141,0.27371879440397534,-0.019291359701115132,0.18903884165283186,-0.1327865874276662,-0.2344154040081336,0.19959996582896317,0.16725514625084814,0.29553186810244847,-0.4285261938005124,0.4136431386836763,-0.07069712870625501,0.16837027701551827,-0.02779611699774333,0.6021520303987133,-0.03743138065545145,-0.20950147923510384,-0.3831678308385645,-0.9917138617704537,0.1771141055420942,-0.16236676469036937,-0.04135361595278631,-0.2308348632483954,0.09250040405381649,0.5568392347322038,-0.34742186876301795,0.15859508805614264,0.8984084165531931,-0.3267952335842061,0.14565063990378269,0.1834232152976123,-0.25705777490243975,-0.10039298625378663,-0.24852578097681266,0.2705075192473201
0.16685714695712706,-0.0810220672990608,0.18264981068065222,0.1914828257553494,0.28523036913370525,0.17641532179855313,0.18700144486128045,0.13977033271133663,0.20209245088288313,-0.703385037894001,-0.3518290837581823,-0.0409033629949569,0.11931528677326177,-0.24370116130337952,-0.5785849989709021,-0.036874836920521216,0.02243976027921193,-0.3657123616295149,-0.6098348231203153,-0.07069712870625501,0.720413660011068,-0.33373567078954297,0.13399407767812804,0.02420190542308597,0.6635154307051531,0.5640728864733483,0.01348533172724188,-0.3031336893424784,-0.14045795336841807,0.5654197868878813,0.06958513016816156,0.3762270322613149,0.1772403006943632,0.4931808738662082,0.08927479818923888,0.18670886077491766,0.11638505559671498,0.16833118363696842,0.3928708601145131,-0.367024226643086,0.0263850936224196,0.23876167493852887,-0.12162811536656444,-0.0044218677425584335
-0.079223288897487,-0.048760258929292935,0.17775571778526386,-0.18573044256116747,-0.13614415518163042,-0.12148108781785116,-0.027958354671582357,0.23156963783992077,-0.10613136593062483,0.46419713237908644,0.1260012178920385,0.0771700247347634,-0.36247588425521465,0.23759476439133906,0.46610485532268475,0.15224799880193227,0.02464411057765377,0.04979961202303519,0.29114099385011916,0.16837027701551827,-0.33373567078954297,0.4234197644288571,0.0942918423777305,0.10030980340528378,-0.2654879214096897,-0.25584424079985374,0.09730508966911974,0.391094578277628,-0.12269865603266766,-0.3330925445055482,-0.23920382863343828,-0.12609833996430342,-0.14101914052638279,-0.521030845169062,-0.01725472894500062,-0.14388885459427983,-0.173483246756321,0.2617931509455495,-0.2277376754460398,0.3046534788275059,0.21684882227406554,-0.4039686540692461,-0.20543089880485452,0.02676678348296988
0.13679667523019937,-0.14260229041700104,0.3745267738089245,0.02177216213205138,0.04584680173455982,0.17189270679195023,0.09140877325015623,0.7010807028745913,0.02059694906584933,-0.2522876773177017,-0.13381621302206725,0.06892331077229497,-0.4727783859640592,0.1451129798398615,0.31916600166993736,0.04830068655584408,0.010347643993298144,-0.3144637394505243,0.06771058610960243,-0.02779611699774333,0.13399407767812804,0.0942918423777305,0.3522808078812887,-0.02592784088586784,0.15207623274409235,0.08874669530456185,0.1439262220814585,0.8317709920056542,-0.3731315578452602,0.04052411075434772,-0.37245691625525384,0.12669180029811264,-0.07397524147598276,-0.6382716003887694,0.2231843859669542,-0.26733207406801446,-0.5933215094828207,0.69449080807663,-0.1196604073417211,-0.12822523121594398,0.4768986217976274,-0.620258179414506,-0.4792364097082295,-0.13480000736137993
0.0037398059359250806,-0.0032051365942290144,0.17752105842984298,-0.2947963612054345,-0.07074144555241328,-0.4246155475264114,0.009981999987969234,0.23399297433772423,0.3972564951431497,0.7669717344142156,0.16511490613470864,-0.030697482202079407,0.46743299922488063,-0.4519633848994793,-0.6253944841940864,0.2444180040218621,0.3139382525933753,0.3583807704225846,-1.1568810520682076,0.6021520303987133,0.02420190542308597,0.10030980340528378,-0.02592784088586784,1.3145934509519313,0.2924315212577243,9.246049273398578e-4,-0.6066154400135786,-1.673228033537998,0.2103196315382881,0.2710754966335142,-0.22993975736559208,-0.05207317224953566,0.16639777705485903,1.144424884936658,-0.5156350746977527,0.5644608953242733,1.624185890028322,-0.32630925675638034,0.21816621043474052,0.009096538600257366,-0.5483150710999684,-0.08119351936661195,-0.4407409054386739,0.36584761060892773
0.10780907950966659,-0.2296865333078661,0.4100219078237446,0.2648453326421398,0.5438317803332032,0.1733121685349702,0.26948579189876704,0.342314509589872,0.37742146228142004,-0.9276519031871294,-0.6896710819689509,-0.11280387543377428,0.11696681395805963,-0.4296539028004398,-0.6260503340280417,0.0059347571562048925,0.08386394206453528,-0.5808962595051922,-0.8538474745571994,-0.03743138065545145,0.6635154307051531,-0.2654879214096897,0.15207623274409235,0.2924315212577243,0.94678201743483,0.9121319526455653,0.1802969508676217,-0.21475361546534993,-0.25894818253456053,0.9672808765326864,-0.1127257529057725,0.5510287258290889,0.14893051409702396,0.4986696791868385,0.07116633862577842,0.5812926343874878,0.22259734861800762,0.589178564061356,0.26846704336630356,-0.43618554840806023,0.03771764057757086,0.32206440492040317,-0.0705760067439273,-0.01388388660488341
-0.027610466660161464,-0.28170372190237175,0.40730967325781625,0.30496436810549826,0.8223878261496196,0.2642991109061521,0.22372398240958882,0.2224826055966619,0.3568951829356344,-1.3282684867708758,-0.91620986977616,-0.040402768639208275,0.06350057550356496,-0.2823870667771863,-0.33737548644357407,0.006521259514030643,0.0983629676787828,-0.7724481859070402,-0.41055670225327795,-0.20950147923510384,0.5640728864733483,-0.25584424079985374,0.08874669530456185,9.246049273398578e-4,0.9121319526455653,1.1107542795125782,0.59687732280103,0.45551240264616477,-0.33841531405936065,1.122864954855728,0.03404599922108693,0.6123583082754204,-0.05413502474717734,0.035247595006907446,0.2692004638920687,0.754410509527028,-0.2933000503758664,0.8733373850839337,0.0757550436686356,-0.4297362912799158,0.17846580929963227,0.5394109136606001,0.3553308229731043,-0.23078270623936956
-0.25630213420698383,-0.28303990263779605,0.5658305556916948,0.08228422175797348,0.8232624078147229,0.410694482612324,0.05091882233395652,0.4764579741032433,0.09798033151464294,-1.2328374259040829,-0.6881262902932525,0.25369956237732627,-0.699832949225181,0.45946047264971407,0.9495927927226437,0.1397438488444958,0.04615821595002568,-0.8301162616935721,1.0334146495784091,-0.3831678308385645,0.01348533172724188,0.09730508966911974,0.1439262220814585,-0.6066154400135786,0.1802969508676217,0.59687732280103,1.315957431590702,2.4668749384254434,-0.6342973636852539,0.6574175933525203,-0.017711607410573954,0.49469418645668817,-0.5123480746130441,-1.6428210502231322,0.6401949211770079,0.2598187277377167,-1.6794479779703972,1.4685958355834616,-0.5152359619854852,-0.03968408558481307,0.7674117109752854,-0.10594501621041885,0.5960539361363474,-0.49760111041222554
0.018130724284747553,-0.7452858889303197,1.141378871664561,0.2610108195241306,0.963586649506132,1.1289898946204726,-0.1305225741595691,2.1644817965076264,-0.1675641144120547,-2.408160753063693,-0.9843681639249853,0.8488311405568709,-2.2832683189425693,1.4792189612317455,3.040783252174505,0.22229606339510935,-0.06648211333448578,-1.6533569266248356,3.095393323031964,-0.9917138617704537,-0.3031336893424784,0.391094578277628,0.8317709920056542,-1.673228033537998,-0.21475361546534993,0.45551240264616477,2.4668749384254434,6.992090317937632,-1.4968476817063676,0.37028505735839595,-0.7746605105230656,0.3457207828138329,-1.5469861505955205,-5.037840696127177,1.774053293554011,-0.8857423497115403,-5.1301100806701045,3.637924203695391,-1.550459127533506,-0.27573193284774855,2.4177319738720096,-1.7677299174658567,0.3316331079606493,-1.3991591764071845
0.08737408627792621,0.18164298705955226,-0.7164359120625327,-0.022208828014235075,-0.3929985312357557,-0.3127745996929888,-0.25248866580312185,-0.7875099381163349,-0.07509400926774758,0.6593137068682899,0.41120568113256656,-0.011982382220236662,0.7449961827317412,-0.23707064876204925,-0.5391991326747442,-0.03344316593207355,0.01717385425991948,0.6275343816318756,-0.2082680764703692,0.1771141055420942,-0.14045795336841807,-0.12269865603266766,-0.3731315578452602,0.2103196315382881,-0.25894818253456053,-0.33841531405936065,-0.6342973636852539,-1.4968476817063676,0.7251802152691655,-0.41485353313359713,0.4158281247436934,-0.6231618705708256,0.005919586863902346,1.0250485076593552,-0.38350280080537347,0.09205035046781639,0.925620158905957,-1.1923325849663655,0.27406893806730365,0.08082098839385764,-0.6729717169223879,0.5975893678626424,0.3650821296942483,0.2114882695755581
-0.13199463343207826,-0.2816264728779855,0.5941408936420751,0.21463333963246634,0.9431468321038636,0.22671170688686831,0.2790888133002421,0.3118699906352305,0.506722456096756,-1.336808639069582,-0.9255024468904878,-0.028489383522072954,0.10614089434662087,-0.36940027276832493,-0.3912611025285767,0.04626277383459697,0.16730344929640178,-0.7534924235136723,-0.6115726520486725,-0.16236676469036937,0.5654197868878813,-0.3330925445055482,0.04052411075434772,0.2710754966335142,0.9672808765326864,1.122864954855728,0.6574175933525203,0.37028505735839595,-0.41485353313359713,1.440219524313143,-0.036094982749023216,0.8664776695009496,0.013541863399766842,0.1992918109014324,0.22201197680725895,0.9199375962600366,-0.0036060736111355723,0.9254182792255065,0.04997431943568837,-0.45356814632480136,0.04315544240116159,0.48521888813681774,0.3354853270587978,-0.15801365290431915
-0.16108352401281173,0.2187636512521104,-0.5212939001948885,-0.02716571446270373,0.12095326546997567,-0.08958180810700964,-0.15059617157710664,-0.9219221610446308,-0.023118263099247492,0.02296721664359972,0.11702951204463101,-0.02005591627437302,0.5851828743804729,-0.041727789315999186,-0.35729024134115406,-0.04215854389057623,0.03053316753556271,0.2487884062611518,0.13057233708573882,-0.04135361595278631,0.06958513016816156,-0.23920382863343828,-0.37245691625525384,-0.22993975736559208,-0.1127257529057725,0.03404599922108693,-0.017711607410573954,-0.7746605105230656,0.4158281247436934,-0.036094982749023216,0.7217166679352027,-0.19094591397104957,0.026967943341290147,0.6043241983866257,-0.131147401422244,0.34725275925119864,0.40018052699794787,-0.7923734749333032,0.24145622177170012,0.08457029238236907,-0.4342241684772479,0.8562902319811916,0.7630647612437008,0.02031259224263866
-0.23213760484023316,-0.022988263083817323,0.6621917947047417,0.06973960637305296,0.4782591169365839,0.274549572044423,0.4267737239820391,0.1961853235356564,0.20498503760807135,-0.8086056888420683,-0.5407777291066574,-0.2465991103823084,-0.2974116316907231,-0.1313063942663693,-0.2193156449495092,-0.19178420417553482,-0.12377704252605604,-0.536331190645727,-0.571996579155709,-0.2308348632483954,0.3762270322613149,-0.12609833996430342,0.12669180029811264,-0.05207317224953566,0.5510287258290889,0.6123583082754204,0.49469418645668817,0.3457207828138329,-0.6231618705708256,0.8664776695009496,-0.19094591397104957,1.1753715123902015,0.4657835483659823,0.06051000191089728,0.161491038146275,0.34217580722144514,-0.03420418641073236,0.6072943636502928,0.04250737646660945,-0.12961115495208628,0.12277913462073842,0.09490494162090397,-0.19391307671828584,0.01193477955270755
-0.09632614120722781,0.28566457892377284,0.011434056574347718,0.007677803365003664,-0.22487075562291428,-0.07865109879122832,0.3100155916157093,-0.4280039301062314,0.012196380198798602,0.4533710360961523,0.1684502737103297,-0.5103777352495389,0.237959053504643,-0.3906381568524577,-0.8072886044175823,-0.2630086480075262,-0.18383850859897344,0.20623057890783777,-0.9863218030127785,0.09250040405381649,0.1772403006943632,-0.14101914052638279,-0.07397524147598276,0.16639777705485903,0.14893051409702396,-0.05413502474717734,-0.5123480746130441,-1.5469861505955205,0.005919586863902346,0.013541863399766842,0.026967943341290147,0.4657835483659823,0.8491459321217436,1.19778946684482,-0.41761468868796703,0.06468851131961814,1.1924173875557806,-0.7019138086054436,0.405583362553601,0.09253417505515892,-0.444154662317217,0.2459027968382537,-0.437302418087437,0.4574765587279599
0.018042173497711464,0.4756170441747896,-0.7517301439937479,-0.002287187428527972,-0.47872809375682707,-0.6738255807492021,0.194180034760169,-1.6045009693403953,0.2486437783796346,1.1831716059974764,0.4146655590427219,-0.6714773156040047,1.7563029346614862,-1.2631577788425008,-2.4903144643226516,-0.2610325191626897,-0.006441771694305119,0.9700775383704509,-2.497845913082565,0.5568392347322038,0.4931808738662082,-0.521030845169062,-0.6382716003887694,1.144424884936658,0.4986696791868385,0.035247595006907446,-1.6428210502231322,-5.037840696127177,1.0250485076593552,0.1992918109014324,0.6043241983866257,0.06051000191089728,1.19778946684482,3.887436696837104,-1.2080350875906951,0.8419230976628223,3.6841597296108066,-2.51910408135937,1.2258376238111375,-0.02442670394920853,-1.8154852608535934,1.5667453073798516,-0.0800075732888327,0.9928427905217678
0.05366024128335992,-0.2209236867582938,0.2501868685313423,0.1295363078186071,0.3216425575217806,0.3312560228672496,-0.02010860898485628,0.4977968272293353,-0.046984886957344735,-0.9031672806222207,-0.3690415015742512,0.26205583802219995,-0.4847118911559465,0.35404014085090635,0.6624450482747484,0.0075271148551689536,-0.011227759334522793,-0.4972509189607325,0.7310003549233086,-0.34742186876301795,0.08927479818923888,-0.01725472894500062,0.2231843859669542,-0.5156350746977527,0.07116633862577842,0.2692004638920687,0.6401949211770079,1.774053293554011,-0.38350280080537347,0.22201197680725895,-0.131147401422244,0.161491038146275,-0.41761468868796703,-1.2080350875906951,0.5568468602519122,-0.2117595786312592,-1.4030546417676895,0.9120047484496119,-0.3163870418090761,-0.20986316663646587,0.6117114123640494,-0.29849756873633565,0.13839018111718945,-0.45580447977597
-0.29432988238135127,-0.04188627290004212,0.11037013890636084,-0.032749227585207784,0.6889701070537746,-0.1378330907361021,0.06495758113509516,-0.39175669279184616,0.4474880020765299,-0.3775313504908107,-0.4924526943901598,-0.10743830961479783,0.595485650458429,-0.4205095362810701,-0.6062264299167301,0.12483504455682469,0.2476083515967793,-0.17089642911780628,-0.6606785703710231,0.15859508805614264,0.18670886077491766,-0.14388885459427983,-0.26733207406801446,0.5644608953242733,0.5812926343874878,0.754410509527028,0.2598187277377167,-0.8857423497115403,0.09205035046781639,0.9199375962600366,0.34725275925119864,0.34217580722144514,0.06468851131961814,0.8419230976628223,-0.2117595786312592,1.20029212563169,0.9179081840832727,0.01987912046391447,0.14525143732171758,-0.07556460386274659,-0.4574844045767189,0.9006963773428249,0.6552810642419541,0.07115938732573417
-0.1855860059519441,0.5170232370935954,-0.5078214096533885,-0.34302191888671074,-0.5248684651433407,-0.9099935483894965,0.18094172694471972,-1.33724845135626,0.3079519100121153,1.9332099860236396,0.6827582137931242,-0.6536412920055894,1.5739864377684603,-1.1363668928404165,-2.1491173701168393,-0.02142572460235035,0.17403200315472753,1.1674114894313916,-2.457227984268062,0.8984084165531931,0.11638505559671498,-0.173483246756321,-0.5933215094828207,1.624185890028322,0.22259734861800762,-0.2933000503758664,-1.6794479779703972,-5.1301100806701045,0.925620158905957,-0.0036060736111355723,0.40018052699794787,-0.03420418641073236,1.1924173875557806,3.6841597296108066,-1.4030546417676895,0.9179081840832727,4.089617023145325,-2.3702043256718905,1.0238995182984263,0.3026560592876487,-1.787882070517775,1.1095432313615334,-0.35909985956899737,1.131326767007873
0.001256786888965119,-0.6531028496009703,1.2497015042447728,0.20614087183403298,0.9866637500432317,0.6011488370391137,0.22222880902860678,1.8215730176213032,0.2581117490098364,-1.6246499817233175,-1.0442628397588765,0.3399163428095803,-1.3636006034573902,0.48697216899108653,1.3722066125820955,0.3152883648078451,0.17046736478337265,-1.3926242676366976,0.9265135218493528,-0.3267952335842061,0.16833118363696842,0.2617931509455495,0.69449080807663,-0.32630925675638034,0.589178564061356,0.8733373850839337,1.4685958355834616,3.637924203695391,-1.1923325849663655,0.9254182792255065,-0.7923734749333032,0.6072943636502928,-0.7019138086054436,-2.51910408135937,0.9120047484496119,0.01987912046391447,-2.3702043256718905,2.805433016441439,-0.7673966162820407,-0.3375136379358111,1.482430100135854,-1.0927683539876967,-0.22658546446740174,-0.6736730165936617
0.09290047946584783,0.14396472684822198,-0.21932213800850126,0.04287802161292697,-0.1436274334393125,-0.1387823721035223,0.09855117768406096,-0.4622763315963708,0.052213435578612834,0.22878575855334687,0.11226712302933753,-0.18950538087532778,0.48967076122112363,-0.3614482905442528,-0.8620927303672485,-0.07891735111154707,-0.022623616996201048,0.20823577175200159,-0.8040192266942958,0.14565063990378269,0.3928708601145131,-0.2277376754460398,-0.1196604073417211,0.21816621043474052,0.26846704336630356,0.0757550436686356,-0.5152359619854852,-1.550459127533506,0.27406893806730365,0.04997431943568837,0.24145622177170012,0.04250737646660945,0.405583362553601,1.2258376238111375,-0.3163870418090761,0.14525143732171758,1.0238995182984263,-0.7673966162820407,0.5309465616474119,-0.06760461742404475,-0.46445435079221675,0.47118387497865183,-0.10803951962064547,0.3007781671886766
-0.21415226907146684,0.1619921925745984,-0.06843464047619884,-0.2402702426814825,-0.21495667928462373,-0.20063953925687072,-0.03507896372534261,-0.3132145484350333,-0.15045925127856563,0.7562249283456458,0.350744940922149,-0.05769216884655811,-0.0970592665973513,0.1755737441844875,0.21225146753285654,0.07773146664314169,-0.027177070896930253,0.3035818399742984,0.23477397206499304,0.1834232152976123,-0.367024226643086,0.3046534788275059,-0.12822523121594398,0.009096538600257366,-0.43618554840806023,-0.4297362912799158,-0.03968408558481307,-0.27573193284774855,0.08082098839385764,-0.45356814632480136,0.08457029238236907,-0.12961115495208628,0.09253417505515892,-0.02442670394920853,-0.20986316663646587,-0.07556460386274659,0.3026560592876487,-0.3375136379358111,-0.06760461742404475,0.4529556486457358,-0.1037180321470865,-0.05462575659603622,0.0246943701765701,0.1976393400082677
0.08555733862031971,-0.3012423513043131,0.5673962308307796,0.09582511924068954,0.3038417289474366,0.3990724572488493,0.056981772814807034,1.0318341636002444,-0.08123024809056861,-0.7470793012481446,-0.35162763259040086,0.2451019276889509,-0.9834616397146587,0.521861296018265,1.0507719059207197,0.13580257428323453,-0.0033530198140577145,-0.6963782379165653,0.9333369836838644,-0.25705777490243975,0.0263850936224196,0.21684882227406554,0.4768986217976274,-0.5483150710999684,0.03771764057757086,0.17846580929963227,0.7674117109752854,2.4177319738720096,-0.6729717169223879,0.04315544240116159,-0.4342241684772479,0.12277913462073842,-0.444154662317217,-1.8154852608535934,0.6117114123640494,-0.4574844045767189,-1.787882070517775,1.482430100135854,-0.46445435079221675,-0.1037180321470865,1.0451597935988985,-0.8829693117830165,-0.2628245869286707,-0.4418883895539381
-0.2091597116546916,0.15904333285487043,-0.6290454920583307,0.20638445301380018,0.31826671426976666,-0.1838213805152649,-0.00653428765747616,-1.4434641378540556,0.08444651935493099,-0.3117789765457832,-0.28773374076459063,-0.23032904817147318,1.0903112815745404,-0.5120874836723134,-1.0788779284277366,-0.17885287364296903,-0.016229992954346326,0.16846811229777792,-0.5520111907259685,-0.10039298625378663,0.23876167493852887,-0.4039686540692461,-0.620258179414506,-0.08119351936661195,0.32206440492040317,0.5394109136606001,-0.10594501621041885,-1.7677299174658567,0.5975893678626424,0.48521888813681774,0.8562902319811916,0.09490494162090397,0.2459027968382537,1.5667453073798516,-0.29849756873633565,0.9006963773428249,1.1095432313615334,-1.0927683539876967,0.47118387497865183,-0.05462575659603622,-0.8829693117830165,1.720135523230158,1.0866844115884882,0.14604532251729876
-0.25548420362578805,0.00271684567889869,-0.47538293696928013,0.09933218223866064,0.508619889315205,0.02704661921910316,-0.26176592520545267,-0.8876081279319898,0.044929964608243625,-0.6070563683320211,-0.2858667207421448,0.1663447180759265,0.49869531325176963,0.060106514554138304,0.0672863767177488,0.02684380386927111,0.06819838307623799,-0.04371630163907598,0.7183831980959531,-0.24852578097681266,-0.12162811536656444,-0.20543089880485452,-0.4792364097082295,-0.4407409054386739,-0.0705760067439273,0.3553308229731043,0.5960539361363474,0.3316331079606493,0.3650821296942483,0.3354853270587978,0.7630647612437008,-0.19391307671828584,-0.437302418087437,-0.0800075732888327,0.13839018111718945,0.6552810642419541,-0.35909985956899737,-0.22658546446740174,-0.10803951962064547,0.0246943701765701,-0.2628245869286707,1.0866844115884882,1.4149802828007707,-0.25785622975024713
-0.035651192197494665,0.17325592692394357,-0.08232589419729526,-0.07554790112975791,-0.29290200900325775,-0.23374815240053784,0.10978944934005107,-0.33675445473553356,0.021995742453894487,0.7357417010337338,0.2890765466860935,-0.2708580026394603,0.2525166386631749,-0.2996358948533998,-0.5676967970094744,-0.028949401854470688,-0.055236933647878794,0.333221996845419,-0.6741271521538456,0.2705075192473201,-0.0044218677425584335,0.02676678348296988,-0.13480000736137993,0.36584761060892773,-0.01388388660488341,-0.23078270623936956,-0.49760111041222554,-1.3991591764071845,0.2114882695755581,-0.15801365290431915,0.02031259224263866,0.01193477955270755,0.4574765587279599,0.9928427905217678,-0.45580447977597,0.07115938732573417,1.131326767007873,-0.6736730165936617,0.3007781671886766,0.1976393400082677,-0.4418883895539381,0.14604532251729876,-0.25785622975024713,0.45838137931620826
