V1,V2,V3,V4,V5,V6,V7,V8,V9,V10,V11,V12,V13,V14,V15,V16,V17,V18,V19,V20,V21,V22,V23,V24,V25,V26,V27,V28,V29,V30,V31,V32,V33,V34,V35,V36,V37,V38,V39,V40,V41,V42,V43,V44
0.2551871446690632,-1.0711710031418988,0.35545526959771845,-0.4300585430729407,0.19144990653059882,1.257066683112074,-1.2356633665383148,0.7241765049571535,0.07988438221849403,-0.051778374049205635,-0.02602995415767728,0.7544090400904423,1.0975226515768797,0.8344243969571348,-0.9437003758089287,-0.2707849458778653,-1.3767624875715683,0.5727708048366514,1.5387745538190902,-0.5315812490868544,-0.5161822385204888,0.2836709746706372,0.7772199711944732,0.11446424427098711,-1.379079470876632,-0.9680928501946249,1.267594756244096,-1.0239649367046224,-0.28705571958976395,-0.09203736905807867,-0.549655006864747,-0.4930956295811574,0.3353931628002455,-1.0839688861318866,-0.13437339666517134,0.45677179521159983,1.318274767076177,-0.10215462354486798,1.3740815596492393,0.8617921724990276,-0.6925486640261317,-1.8712609595050353,-0.2518785331231177,1.0528834727525855
-1.0711710031418988,6.4727111531256885,-2.083518939247524,3.122700437507223,-1.3230985180560568,-8.089114837341862,8.800111118510943,-4.134619576144173,-0.6112650485298072,0.4309551672477602,0.3577040021604756,-5.094797317982932,-6.685576931435431,-5.515406679573688,6.258375554246974,0.8581679554576775,8.787220298414107,-3.9984775850641485,-10.196039247081972,2.8918724740861994,3.665217680578113,-1.488963283631469,-5.346303562623217,-0.32504490571457056,9.448626859176182,6.244830264702368,-8.499955113066935,6.252914174619713,2.46962254042133,0.8439056924330139,3.3191820488411024,2.8355050297705806,-1.9919305739345443,7.082868682316587,0.9169825839101103,-3.2469993660356464,-7.895090260991177,0.25345842482028735,-8.862256386080903,-5.615094168203205,4.469393510354744,12.024332127144724,1.5353791132312704,-6.638968943934838
0.35545526959771845,-2.083518939247524,0.7118916325766496,-0.9555688023397593,0.4660573191266604,2.596118033984936,-2.7460516250153626,1.4290298632313774,0.16784088471273198,-0.2645830313536567,-0.15482519935737352,1.647072552987546,1.9758084930624842,1.823794969948682,-1.762572285404222,-0.27825958354260577,-2.7539798359805125,1.1510921916654682,3.3953071777366337,-0.980552793038487,-1.1589289152234756,0.5025085915309442,1.712499996299211,0.0014610896504884654,-2.9698242792974185,-1.9395997581175533,2.795763986333275,-1.5526188626047663,-0.8343255624915008,-0.2564958540436415,-1.0790535814832558,-0.9024154186331963,0.5262990755364599,-2.5274071488169376,-0.176355405106653,0.944650328715762,2.1755100961165232,0.11330601475084112,2.6849911851901087,1.7451230679152006,-1.251124696377015,-3.869501380468959,-0.45556323279071365,1.9935915622400002
-0.4300585430729407,3.122700437507223,-0.9555688023397593,1.6414604244319133,-0.6275615839143239,-3.9898266231760844,4.545325221823249,-1.8608258126688184,-0.34240131345817276,0.1056984753831349,0.1664175061076011,-2.5381360288490447,-3.406698776150673,-2.6922408954103685,3.3536302541236136,0.2871902001143875,4.387433286242947,-2.1485534780560767,-4.955055367876983,1.2961496958590153,1.8762109149832373,-0.6584153412188468,-2.6939875010555836,-0.19709454694402373,4.809384914357402,3.1457472849271153,-4.178715683506322,3.4762591447577043,1.2733617836938915,0.4685074920161928,1.590431021362082,1.3538030047064207,-1.0686229142709363,3.2646325633595117,0.5739622847057363,-1.7425892726414003,-4.153478407316418,0.2531571091683605,-4.530081118369387,-2.8353511313093374,2.3840050161219586,5.9193711700136245,0.7824812800780482,-3.3859829662330276
0.19144990653059882,-1.3230985180560568,0.4660573191266604,-0.6275615839143239,0.33085775236566645,1.6840832061129352,-1.8088652655026323,0.9328224490745578,0.10076603550654073,-0.23626074317827897,-0.1333270094226302,1.0910776057084393,1.179797560689676,1.2191892249034253,-1.0474965433810135,-0.1166203925648038,-1.7505723855045703,0.7113732559728061,2.279760367750748,-0.622023794220014,-0.7703408244431885,0.31210314118898175,1.1370590491669186,-0.07840328251557112,-1.9424195279863445,-1.2297998865541415,1.8684478484662315,-0.78168596831178,-0.6096256470924264,-0.18015804298099944,-0.6895191751743994,-0.5557827830332901,0.28077814643909693,-1.7627023948413927,-0.06370711104493867,0.5921354834434505,1.208273436869604,0.19094705012242297,1.6727791803108545,1.1109557388044422,-0.7282495096954443,-2.513765556502673,-0.2758606775470936,1.2187816425779259
1.257066683112074,-8.089114837341862,2.596118033984936,-3.9898266231760844,1.6840832061129352,10.199222637276044,-11.233173347794596,5.135187471807162,0.7879669843915409,-0.5733549767167281,-0.4866189504448329,6.46674611007931,8.341910805731072,6.982166869728953,-7.894855884880672,-0.9291589725342655,-11.0607520235699,5.080110569289447,12.918359070131476,-3.5587280919175406,-4.676983619432437,1.8222835404859483,6.795846923621226,0.33123135110969687,-12.001761785842067,-7.8694188188124246,10.784424382423229,-7.770268760035589,-3.220111422255222,-1.1033567006203087,-4.149444583533415,-3.518128364776454,2.4662806648887847,-8.974476864276408,-1.1549825416897643,4.135927578563152,9.810867354183339,-0.22913767806531415,11.157874940361848,7.085856569826026,-5.619455364674561,-15.15733331282888,-1.91108846409321,8.335954083567048
-1.2356633665383148,8.800111118510943,-2.7460516250153626,4.545325221823249,-1.8088652655026323,-11.233173347794596,12.69411260514611,-5.380386637097767,-0.9388499665521418,0.46539690401967254,0.520294134153514,-7.163598279096615,-9.345258081817375,-7.641450152798574,9.106405299620086,0.805352899625955,12.26632713908346,-5.867150822236191,-14.113554835872426,3.7108556425505164,5.25721524583613,-1.8895579679099725,-7.56749241292699,-0.4259304992489521,13.4448083593703,8.768292488140629,-11.861357439489852,9.148039295251573,3.6252334675524915,1.2935178090137003,4.498237226940315,3.8086672654958296,-2.839006472504246,9.52820274821804,1.4651780562664705,-4.7753514054923425,-11.195212489824913,0.44654584227617744,-12.529989751985187,-7.9077284531217735,6.46979322170217,16.673029691717023,2.131026506179673,-9.360066997738645
0.7241765049571535,-4.134619576144173,1.4290298632313774,-1.8608258126688184,0.9328224490745578,5.135187471807162,-5.380386637097767,2.879999082140292,0.3212812187345461,-0.5677786299262327,-0.3156907286379036,3.256345166555157,3.8511578581956334,3.62150012877228,-3.388636645402064,-0.573400107195489,-5.424736091293462,2.218734266883352,6.753271709252963,-1.9716792233138951,-2.276331505190336,1.0125989877512152,3.374291052842648,-0.022844848754217988,-5.832998665369329,-3.8115601215129566,5.546955804373484,-2.9043416693571844,-1.6465221145739168,-0.4943818057548279,-2.145329947755669,-1.7923816524431129,0.9995571652023533,-5.0903782523445855,-0.30455083324742954,1.8239958818046524,4.181224307708352,0.2872688277647207,5.248716426615504,3.4286965328930514,-2.40619808901411,-7.656456922410006,-0.8853048352010607,3.8973719397371314
0.07988438221849403,-0.6112650485298072,0.16784088471273198,-0.34240131345817276,0.10076603550654073,0.7879669843915409,-0.9388499665521418,0.3212812187345461,0.08652976172390087,0.03509504395616817,-0.01508158581087796,0.49877894278143803,0.7383904423425052,0.5050144834415626,-0.77027669999562,-0.04697265753700106,-0.8963133086875357,0.4834048497697363,0.9248865658449738,-0.22562234595941294,-0.3790621188747688,0.11762368686274692,0.5306441995403189,0.08644020025660687,-0.9764564923543236,-0.6497959185230909,0.799892426651047,-0.8736178635473038,-0.2304454969312986,-0.09743820034005447,-0.3071630652013772,-0.27118104063181403,0.25271254132509974,-0.531034615269671,-0.16889818590589642,0.38944172658649107,0.9683200537109993,-0.13202893104841398,0.9614400713897296,0.5862617240796951,-0.5540373370206191,-1.1623638061519006,-0.16152091273153912,0.7333507445792565
-0.051778374049205635,0.4309551672477602,-0.2645830313536567,0.1056984753831349,-0.23626074317827897,-0.5733549767167281,0.46539690401967254,-0.5677786299262327,0.03509504395616817,0.4551673042626135,0.17767684680960133,-0.42804945142895356,0.13140662360397184,-0.5791375724341881,-0.3414648640775858,-0.03366812752802384,0.3987784567459248,0.11397513097496458,-1.157190733704023,0.3138400411476434,0.24168228899929833,-0.14888631784855225,-0.4030872769347537,0.35898379419006743,0.5256516983201139,0.2316877565541609,-0.8647867938409479,-1.0919978153240573,0.3783403204589209,0.04000927899289744,0.25588777681054703,0.13968859397628097,0.2537469500111388,1.3446632768864977,-0.31277824296130047,0.05324619465313713,0.6873717905237778,-0.6665556975979318,-0.1057609515587353,-0.21930324331886197,-0.28169936077235785,0.8812060389228895,-0.030210655179324194,-0.00895058299578363
-0.02602995415767728,0.3577040021604756,-0.15482519935737352,0.1664175061076011,-0.1333270094226302,-0.4866189504448329,0.520294134153514,-0.3156907286379036,-0.01508158581087796,0.17767684680960133,0.08472132597832992,-0.342386546504315,-0.17273162540814443,-0.4043920062489848,0.1152825179290013,-0.0282579981097633,0.4478344515479057,-0.11964513869482798,-0.7794001222198397,0.18307647228631035,0.23279635212222777,-0.08686070681181543,-0.34833234218723064,0.13415833102030594,0.5491869796451401,0.3035051200175669,-0.6206837279026737,-0.17238074635788717,0.2515036304893803,0.057392598931264735,0.1954696757608723,0.1320620667743155,0.025766836311988443,0.723185119703994,-0.07216589282287131,-0.1142160045327908,-0.012476609833202377,-0.24313604870541658,-0.35369415771442475,-0.2801724173915712,0.0630353223038877,0.7323767152190176,0.03917686713493409,-0.2332858788938497
0.7544090400904423,-5.094797317982932,1.647072552987546,-2.5381360288490447,1.0910776057084393,6.46674611007931,-7.163598279096615,3.256345166555157,0.49877894278143803,-0.42804945142895356,-0.342386546504315,4.127891841581345,5.176338148046009,4.4615360548612495,-4.912055364666905,-0.5106195554064683,-6.978267697634797,3.189607720083004,8.27058620052285,-2.230892399512106,-2.986990753107393,1.1369744094628007,4.334874480127436,0.13088464351661203,-7.629592011151728,-4.962338399859165,6.899818333597219,-4.688688554187216,-2.1111764421714887,-0.713601016063323,-2.6181946285476694,-2.1990328316067527,1.4945342190651316,-5.811531713823443,-0.6864588144714963,2.6065539771053943,6.005409138121757,-0.022713563892922575,7.00384909519626,4.474133431458605,-3.4840548279207733,-9.612430851215068,-1.1822306165384522,5.215581793746201
1.0975226515768797,-6.685576931435431,1.9758084930624842,-3.406698776150673,1.179797560689676,8.341910805731072,-9.345258081817375,3.8511578581956334,0.7383904423425052,0.13140662360397184,-0.17273162540814443,5.176338148046009,7.710244371810092,5.444498783560469,-7.544966160781066,-0.9624666612276753,-9.363472112474582,4.689699812307968,9.939212886184775,-2.8030191159655917,-3.8271869774803773,1.4525497423961247,5.508691007658368,0.8290788057117177,-9.984918140535322,-6.731563113523978,8.424533796164651,-8.548442386449707,-2.314214154007875,-0.9165520768141288,-3.3798610268975624,-2.983595893444123,2.5946059881304406,-6.157133626200776,-1.463849675226107,3.7557033867864553,9.824231913411033,-1.1773914675345183,9.862091313739388,6.039478007615096,-5.4304621705875755,-12.362814287976184,-1.7797517357819466,7.465959969460126
0.8344243969571348,-5.515406679573688,1.823794969948682,-2.6922408954103685,1.2191892249034253,6.982166869728953,-7.641450152798574,3.62150012877228,0.5050144834415626,-0.5791375724341881,-0.4043920062489848,4.4615360548612495,5.444498783560469,4.869223595324981,-5.069285205925682,-0.5765285498164806,-7.472792982130644,3.3127928156127595,9.041473555444439,-2.4726150680489343,-3.202542021378583,1.2569302610625332,4.675283803690682,0.049666442046735614,-8.172037544622263,-5.297422852198931,7.503972856480931,-4.654110066875387,-2.3107294806249317,-0.7545288374301068,-2.844033443533054,-2.3723601519195703,1.5183161890306183,-6.5141078651143145,-0.6260856423891406,2.7149601003782244,6.166437653143115,0.14882070916926066,7.415261078051992,4.7753306331507845,-3.5882191154205056,-10.391524649777743,-1.252363740664988,5.500966941573241
-0.9437003758089287,6.258375554246974,-1.762572285404222,3.3536302541236136,-1.0474965433810135,-7.894855884880672,9.106405299620086,-3.388636645402064,-0.77027669999562,-0.3414648640775858,0.1152825179290013,-4.912055364666905,-7.544966160781066,-5.069285205925682,7.61319859930158,0.7792211852734624,8.974409904089299,-4.722471400623342,-9.220557864162055,2.4796497490250524,3.699306234811852,-1.2841162902475558,-5.260059531930287,-0.9206291698226162,9.636080112901602,6.490313350176288,-7.9001253448136275,8.857317235932744,2.1919509984043763,0.9244493686558481,3.144165516694444,2.7940438381132933,-2.6291438080508245,5.375601957364214,1.6123222949668938,-3.7759418894288097,-9.860763479014745,1.412091012709489,-9.62269016554332,-5.83036938395143,5.4773642810362,11.675395454019162,1.7281303149946128,-7.303654065912363
-0.2707849458778653,0.8581679554576775,-0.27825958354260577,0.2871902001143875,-0.1166203925648038,-0.9291589725342655,0.805352899625955,-0.573400107195489,-0.04697265753700106,-0.03366812752802384,-0.0282579981097633,-0.5106195554064683,-0.9624666612276753,-0.5765285498164806,0.7792211852734624,0.3512461508906807,1.05670032567485,-0.43159651572269553,-1.0365242194512527,0.4632601017415608,0.33446355308140013,-0.2528668342601712,-0.5283818250639137,-0.19172805796000977,0.9618171662241325,0.7428162281379346,-0.8457715035276213,1.0354499963728105,0.10167840109651835,0.037949123897419314,0.4350051661471228,0.4189339267744796,-0.33883651345303284,0.6736909000369238,0.13696060703992158,-0.32884817523699994,-1.2440545097576943,0.23158669445991095,-1.0895618668242246,-0.6497672037201093,0.5891281697258857,1.3861066090255132,0.23339198502604,-0.8535225889861794
-1.3767624875715683,8.787220298414107,-2.7539798359805125,4.387433286242947,-1.7505723855045703,-11.0607520235699,12.26632713908346,-5.424736091293462,-0.8963133086875357,0.3987784567459248,0.4478344515479057,-6.978267697634797,-9.363472112474582,-7.472792982130644,8.974409904089299,1.05670032567485,12.113742312404124,-5.718326902416941,-13.781457780332284,3.8014236219017357,5.081396652965066,-1.9532124042967356,-7.356765622884087,-0.5604795629670619,13.090804191908541,8.64528122358284,-11.55847995787988,9.232116867132858,3.384192901296125,1.20672174172601,4.4892317014035275,3.84801014956707,-2.881187101473225,9.289901615917286,1.4519062583152997,-4.634658673275551,-11.293422390249276,0.6081318141841879,-12.374944668661602,-7.778940897685992,6.409307395358785,16.42228318782526,2.1439604101401466,-9.284018846455151
0.5727708048366514,-3.9984775850641485,1.1510921916654682,-2.1485534780560767,0.7113732559728061,5.080110569289447,-5.867150822236191,2.218734266883352,0.4834048497697363,0.11397513097496458,-0.11964513869482798,3.189607720083004,4.689699812307968,3.3127928156127595,-4.722471400623342,-0.43159651572269553,-5.718326902416941,2.961813249029658,6.050525587727247,-1.5926967191954375,-2.3935065939585853,0.818935719963243,3.406619047296908,0.48167316805533006,-6.194518673079073,-4.12716634858266,5.164003366341034,-5.315491926162887,-1.4893517687537396,-0.6023483063886074,-2.016633203156445,-1.7660231918651526,1.5873742254534047,-3.6631402386456395,-0.9519525371053824,2.3791337407168536,6.017221038652648,-0.7253884034423708,6.068602502664676,3.7130729657148502,-3.383929271119022,-7.517571016374317,-1.0718126512379398,4.5846409662542555
1.5387745538190902,-10.196039247081972,3.3953071777366337,-4.955055367876983,2.279760367750748,12.918359070131476,-14.113554835872426,6.753271709252963,0.9248865658449738,-1.157190733704023,-0.7794001222198397,8.27058620052285,9.939212886184775,9.041473555444439,-9.220557864162055,-1.0365242194512527,-13.781457780332284,6.050525587727247,16.815809887812872,-4.588809791318911,-5.923705469078348,2.3336617187599593,8.650649106768196,0.015426641884981182,-15.088199551104154,-9.757236119092543,13.941651487271645,-8.28410941650622,-4.314213846567896,-1.3906834334814464,-5.265515862848006,-4.3777104964805025,2.719232394249526,-12.219917611572631,-1.0867278453696692,4.9695644453359895,11.144674268651237,0.4185317939319925,13.609459790492657,8.800116188809527,-6.518844896222799,-19.22786461168984,-2.277075196441309,10.08877889286562
-0.5315812490868544,2.8918724740861994,-0.980552793038487,1.2961496958590153,-0.622023794220014,-3.5587280919175406,3.7108556425505164,-1.9716792233138951,-0.22562234595941294,0.3138400411476434,0.18307647228631035,-2.230892399512106,-2.8030191159655917,-2.4726150680489343,2.4796497490250524,0.4632601017415608,3.8014236219017357,-1.5926967191954375,-4.588809791318911,1.3787324826985417,1.5643485402292692,-0.711147904674625,-2.3213390913925207,-0.06807292095296315,4.042993003985858,2.6779720399571945,-3.7770653756449204,2.313460575104099,1.0797830705183102,0.3361969264395286,1.4937943702108443,1.2675615685290549,-0.7788124262523748,3.3746079949940824,0.2716381777555345,-1.2976096512587525,-3.155874410652099,-0.05513450541002304,-3.7323131517316934,-2.4031719461595094,1.770446390706316,5.303743958601754,0.651956736323685,-2.7842554231515186
-0.5161822385204888,3.665217680578113,-1.1589289152234756,1.8762109149832373,-0.7703408244431885,-4.676983619432437,5.25721524583613,-2.276331505190336,-0.3790621188747688,0.24168228899929833,0.23279635212222777,-2.986990753107393,-3.8271869774803773,-3.202542021378583,3.699306234811852,0.33446355308140013,5.081396652965066,-2.3935065939585853,-5.923705469078348,1.5643485402292692,2.18426210030222,-0.7957620023095452,-3.1514004063256715,-0.13583206761840616,5.576646708454145,3.6258025384673007,-4.964338119298819,3.6382692188067285,1.5286108875615407,0.5346358512591584,1.877587807110794,1.5815858742084234,-1.1403410927319728,4.063729269704318,0.5648595362700806,-1.952228897958421,-4.525699326000956,0.11115771066408436,-5.15695026525281,-3.2707530550756783,2.6234717669390304,6.945845368856684,0.8748904264757318,-3.8433907173128783
0.2836709746706372,-1.488963283631469,0.5025085915309442,-0.6584153412188468,0.31210314118898175,1.8222835404859483,-1.8895579679099725,1.0125989877512152,0.11762368686274692,-0.14888631784855225,-0.08686070681181543,1.1369744094628007,1.4525497423961247,1.2569302610625332,-1.2841162902475558,-0.2528668342601712,-1.9532124042967356,0.818935719963243,2.3336617187599593,-0.711147904674625,-0.7957620023095452,0.3702992529506442,1.1799426610695751,0.051938620141935926,-2.061276929671526,-1.3750752906439685,1.9230509377534184,-1.2204190957992218,-0.5355526838561341,-0.16722633491773822,-0.7685660834162416,-0.6573658750197575,0.40737492662724273,-1.7055874959697013,-0.1480669089256574,0.6663825498858412,1.651924367088753,0.006427687474666341,1.9209280416370829,1.2336244265247311,-0.9200487031009927,-2.7139973475867,-0.3345159360561127,1.44021118386296
0.7772199711944732,-5.346303562623217,1.712499996299211,-2.6939875010555836,1.1370590491669186,6.795846923621226,-7.56749241292699,3.374291052842648,0.5306441995403189,-0.4030872769347537,-0.34833234218723064,4.334874480127436,5.508691007658368,4.675283803690682,-5.260059531930287,-0.5283818250639137,-7.356765622884087,3.406619047296908,8.650649106768196,-2.3213390913925207,-3.1514004063256715,1.1799426610695751,4.56784877214133,0.16733252875040328,-8.055527840485363,-5.24051305442756,7.226913213494104,-5.110754277989911,-2.217072544468141,-0.7618215778601168,-2.742918119202392,-2.307405656877925,1.6204463484303941,-6.0143321041011975,-0.7637230903616629,2.779591834905409,6.448854354062221,-0.09467370795742293,7.425767685638337,4.72408191558106,-3.7305184858217704,-10.101219580833448,-1.2661058979942026,5.526920897420922
0.11446424427098711,-0.32504490571457056,0.0014610896504884654,-0.19709454694402373,-0.07840328251557112,0.33123135110969687,-0.4259304992489521,-0.022844848754217988,0.08644020025660687,0.35898379419006743,0.13415833102030594,0.13088464351661203,0.8290788057117177,0.049666442046735614,-0.9206291698226162,-0.19172805796000977,-0.5604795629670619,0.48167316805533006,0.015426641884981182,-0.06807292095296315,-0.13583206761840616,0.051938620141935926,0.16733252875040328,0.3815523469945149,-0.46169837748859854,-0.43765012457919056,0.09212237867502591,-1.6132193289589918,0.1300127796047772,-0.029375291302973793,-0.13661049339929462,-0.19847060364346059,0.43624790539959535,0.45010276556135087,-0.3613513930865076,0.35260278182459787,1.4531777950965081,-0.6379882953749335,0.8134359748796903,0.37922754118915064,-0.701748063067227,-0.4684819306778692,-0.1886010384426153,0.6850853188825421
-1.379079470876632,9.448626859176182,-2.9698242792974185,4.809384914357402,-1.9424195279863445,-12.001761785842067,13.4448083593703,-5.832998665369329,-0.9764564923543236,0.5256516983201139,0.5491869796451401,-7.629592011151728,-9.984918140535322,-8.172037544622263,9.636080112901602,0.9618171662241325,13.090804191908541,-6.194518673079073,-15.088199551104154,4.042993003985858,5.576646708454145,-2.061276929671526,-8.055527840485363,-0.46169837748859854,14.292857564393122,9.347614898390933,-12.653026901162331,9.689036832322078,3.8287379929351046,1.3549032503856364,4.832930685592868,4.099177352580909,-3.028214725105225,10.249649833306979,1.518332137274003,-5.037318218940582,-11.926208510974613,0.462933014209899,-13.341481501874888,-8.422818478051353,6.85313532417093,17.82330251600645,2.2894050588907584,-9.965606570307994
-0.9680928501946249,6.244830264702368,-1.9395997581175533,3.1457472849271153,-1.2297998865541415,-7.8694188188124246,8.768292488140629,-3.8115601215129566,-0.6497959185230909,0.2316877565541609,0.3035051200175669,-4.962338399859165,-6.731563113523978,-5.297422852198931,6.490313350176288,0.7428162281379346,8.64528122358284,-4.12716634858266,-9.757236119092543,2.6779720399571945,3.6258025384673007,-1.3750752906439685,-5.24051305442756,-0.43765012457919056,9.347614898390933,6.178984218782826,-8.19803439660851,6.759151153488154,2.3976207187138536,0.8675076462847061,3.1856936967798806,2.7366974400045825,-2.0977133636536847,6.504466356731469,1.0821596651890433,-3.3407730858058327,-8.181828410464588,0.5109376812334235,-8.872671781222278,-5.559074527178872,4.637584857565996,11.68085488377823,1.5428223466413131,-6.6606506518910065
1.267594756244096,-8.499955113066935,2.795763986333275,-4.178715683506322,1.8684478484662315,10.784424382423229,-11.861357439489852,5.546955804373484,0.799892426651047,-0.8647867938409479,-0.6206837279026737,6.899818333597219,8.424533796164651,7.503972856480931,-7.9001253448136275,-0.8457715035276213,-11.55847995787988,5.164003366341034,13.941651487271645,-3.7770653756449204,-4.964338119298819,1.9230509377534184,7.226913213494104,0.09212237867502591,-12.653026901162331,-8.19803439660851,11.591125251666776,-7.272127517374161,-3.5746814357009415,-1.1750376901110746,-4.381073978618271,-3.656310646606213,2.3545841453424936,-9.995022986581969,-1.0060924012039862,4.234125074120317,9.580859357437607,0.19854357591849603,11.489304082456204,7.39453278541767,-5.592056050652913,-16.04132192189549,-1.92384711051886,8.534531330830536
-1.0239649367046224,6.252914174619713,-1.5526188626047663,3.4762591447577043,-0.78168596831178,-7.770268760035589,9.148039295251573,-2.9043416693571844,-0.8736178635473038,-1.0919978153240573,-0.17238074635788717,-4.688688554187216,-8.548442386449707,-4.654110066875387,8.857317235932744,1.0354499963728105,9.232116867132858,-5.315491926162887,-8.28410941650622,2.313460575104099,3.6382692188067285,-1.2204190957992218,-5.110754277989911,-1.6132193289589918,9.689036832322078,6.759151153488154,-7.272127517374161,11.482728351270465,1.7472163323681764,0.9243064230914545,3.0802013681317413,2.8877936596244624,-3.31767685758398,3.802901289605518,2.2384424290492646,-4.1800687398498955,-11.978118843596627,2.640208087711937,-10.396862986855007,-6.044130764703509,6.43988787411,11.448919535091871,1.9766106492619935,-8.004332605926255
-0.28705571958976395,2.46962254042133,-0.8343255624915008,1.2733617836938915,-0.6096256470924264,-3.220111422255222,3.6252334675524915,-1.6465221145739168,-0.2304454969312986,0.3783403204589209,0.2515036304893803,-2.1111764421714887,-2.314214154007875,-2.3107294806249317,2.1919509984043763,0.10167840109651835,3.384192901296125,-1.4893517687537396,-4.314213846567896,1.0797830705183102,1.5286108875615407,-0.5355526838561341,-2.217072544468141,0.1300127796047772,3.8287379929351046,2.3976207187138536,-3.5746814357009415,1.7472163323681764,1.2124913681839342,0.38417712975176344,1.2811619123306492,1.025775285235835,-0.5847754651736946,3.2104248778795186,0.21235682611381557,-1.2384716088016303,-2.4690453299344752,-0.2874007061680113,-3.3056643389148106,-2.173059859547928,1.5216260521417708,4.795706368051602,0.5325439617302588,-2.410760995368908
-0.09203736905807867,0.8439056924330139,-0.2564958540436415,0.4685074920161928,-0.18015804298099944,-1.1033567006203087,1.2935178090137003,-0.4943818057548279,-0.09743820034005447,0.04000927899289744,0.057392598931264735,-0.713601016063323,-0.9165520768141288,-0.7545288374301068,0.9244493686558481,0.037949123897419314,1.20672174172601,-0.6023483063886074,-1.3906834334814464,0.3361969264395286,0.5346358512591584,-0.16722633491773822,-0.7618215778601168,-0.029375291302973793,1.3549032503856364,0.8675076462847061,-1.1750376901110746,0.9243064230914545,0.38417712975176344,0.1415120505969222,0.4300953887281051,0.3580385709904198,-0.28284772971976485,0.9207380612967375,0.15514818138524133,-0.49162667422401685,-1.1035792847600006,0.04118542169620618,-1.2461975738759494,-0.7847412484208226,0.6508980016245757,1.6366836901144617,0.21139034301746745,-0.9228609940027945
-0.549655006864747,3.3191820488411024,-1.0790535814832558,1.590431021362082,-0.6895191751743994,-4.149444583533415,4.498237226940315,-2.145329947755669,-0.3071630652013772,0.25588777681054703,0.1954696757608723,-2.6181946285476694,-3.3798610268975624,-2.844033443533054,3.144165516694444,0.4350051661471228,4.4892317014035275,-2.016633203156445,-5.265515862848006,1.4937943702108443,1.877587807110794,-0.7685660834162416,-2.742918119202392,-0.13661049339929462,4.832930685592868,3.1856936967798806,-4.381073978618271,3.0802013681317413,1.2811619123306492,0.4300953887281051,1.7053532704686576,1.4508131425912962,-0.9889344126799923,3.7028358053468358,0.43920559052952923,-1.6409556301123414,-3.947833522181438,0.0742291193196013,-4.502140202720479,-2.8653550678756843,2.2431836509361007,6.170422021061465,0.7756524305270822,-3.3680168752834128
-0.4930956295811574,2.8355050297705806,-0.9024154186331963,1.3538030047064207,-0.5557827830332901,-3.518128364776454,3.8086672654958296,-1.7923816524431129,-0.27118104063181403,0.13968859397628097,0.1320620667743155,-2.1990328316067527,-2.983595893444123,-2.3723601519195703,2.7940438381132933,0.4189339267744796,3.84801014956707,-1.7660231918651526,-4.3777104964805025,1.2675615685290549,1.5815858742084234,-0.6573658750197575,-2.307405656877925,-0.19847060364346059,4.099177352580909,2.7366974400045825,-3.656310646606213,2.8877936596244624,1.025775285235835,0.3580385709904198,1.4508131425912962,1.2547070505323528,-0.9118817826287441,2.989574082390794,0.4361576002312182,-1.4286156929758036,-3.5839578305776287,0.19639611025251086,-3.905999374183952,-2.457701207866232,2.004914377192467,5.226979907868036,0.6833207900413091,-2.941571058665971
0.3353931628002455,-1.9919305739345443,0.5262990755364599,-1.0686229142709363,0.28077814643909693,2.4662806648887847,-2.839006472504246,0.9995571652023533,0.25271254132509974,0.2537469500111388,0.025766836311988443,1.4945342190651316,2.5946059881304406,1.5183161890306183,-2.6291438080508245,-0.33883651345303284,-2.881187101473225,1.5873742254534047,2.719232394249526,-0.7788124262523748,-1.1403410927319728,0.40737492662724273,1.6204463484303941,0.43624790539959535,-3.028214725105225,-2.0977133636536847,2.3545841453424936,-3.31767685758398,-0.5847754651736946,-0.28284772971976485,-0.9889344126799923,-0.9118817826287441,0.9752686860286318,-1.3954817959119465,-0.6210997974981532,1.252093332436333,3.544962958998849,-0.6977644300338717,3.1839959358693997,1.875466285776431,-1.9074895057195274,-3.6432175809727063,-0.605810482869627,2.4373543969792717
-1.0839688861318866,7.082868682316587,-2.5274071488169376,3.2646325633595117,-1.7627023948413927,-8.974476864276408,9.52820274821804,-5.0903782523445855,-0.531034615269671,1.3446632768864977,0.723185119703994,-5.811531713823443,-6.157133626200776,-6.5141078651143145,5.375601957364214,0.6736909000369238,9.289901615917286,-3.6631402386456395,-12.219917611572631,3.3746079949940824,4.063729269704318,-1.7055874959697013,-6.0143321041011975,0.45010276556135087,10.249649833306979,6.504466356731469,-9.995022986581969,3.802901289605518,3.2104248778795186,0.9207380612967375,3.7028358053468358,2.989574082390794,-1.3954817959119465,9.571047215980647,0.2605072606182896,-3.060178864942269,-6.182408668556948,-1.1417577077129286,-8.77877501948588,-5.876581190293367,3.753013392957051,13.397907613801237,1.4132364826490251,-6.4214023435072205
-0.13437339666517134,0.9169825839101103,-0.176355405106653,0.5739622847057363,-0.06370711104493867,-1.1549825416897643,1.4651780562664705,-0.30455083324742954,-0.16889818590589642,-0.31277824296130047,-0.07216589282287131,-0.6864588144714963,-1.463849675226107,-0.6260856423891406,1.6123222949668938,0.13696060703992158,1.4519062583152997,-0.9519525371053824,-1.0867278453696692,0.2716381777555345,0.5648595362700806,-0.1480669089256574,-0.7637230903616629,-0.3613513930865076,1.518332137274003,1.0821596651890433,-1.0060924012039862,2.2384424290492646,0.21235682611381557,0.15514818138524133,0.43920559052952923,0.4361576002312182,-0.6210997974981532,0.2605072606182896,0.47787670363220447,-0.7426245292461304,-2.1975700113883687,0.6196726262541187,-1.7340199433993366,-0.9683850788299377,1.1784727314584151,1.6873061320853706,0.33014493443669113,-1.3564862725431601
0.45677179521159983,-3.2469993660356464,0.944650328715762,-1.7425892726414003,0.5921354834434505,4.135927578563152,-4.7753514054923425,1.8239958818046524,0.38944172658649107,0.05324619465313713,-0.1142160045327908,2.6065539771053943,3.7557033867864553,2.7149601003782244,-3.7759418894288097,-0.32884817523699994,-4.634658673275551,2.3791337407168536,4.9695644453359895,-1.2976096512587525,-1.952228897958421,0.6663825498858412,2.779591834905409,0.35260278182459787,-5.037318218940582,-3.3407730858058327,4.234125074120317,-4.1800687398498955,-1.2384716088016303,-0.49162667422401685,-1.6409556301123414,-1.4286156929758036,1.252093332436333,-3.060178864942269,-0.7426245292461304,1.9165157180313062,4.775250957955365,-0.5216616666795572,4.8924883681928,3.008274296645794,-2.7012277236960993,-6.122351004121796,-0.8560648652579422,3.690237608425192
1.318274767076177,-7.895090260991177,2.1755100961165232,-4.153478407316418,1.208273436869604,9.810867354183339,-11.195212489824913,4.181224307708352,0.9683200537109993,0.6873717905237778,-0.012476609833202377,6.005409138121757,9.824231913411033,6.166437653143115,-9.860763479014745,-1.2440545097576943,-11.293422390249276,6.017221038652648,11.144674268651237,-3.155874410652099,-4.525699326000956,1.651924367088753,6.448854354062221,1.4531777950965081,-11.926208510974613,-8.181828410464588,9.580859357437607,-11.978118843596627,-2.4690453299344752,-1.1035792847600006,-3.947833522181438,-3.5839578305776287,3.544962958998849,-6.182408668556948,-2.1975700113883687,4.775250957955365,13.115970683454576,-2.242030596035252,12.2544903116139,7.327895930119351,-7.138784016556821,-14.502215216945807,-2.2652541699838755,9.360570665002568
-0.10215462354486798,0.25345842482028735,0.11330601475084112,0.2531571091683605,0.19094705012242297,-0.22913767806531415,0.44654584227617744,0.2872688277647207,-0.13202893104841398,-0.6665556975979318,-0.24313604870541658,-0.022713563892922575,-1.1773914675345183,0.14882070916926066,1.412091012709489,0.23158669445991095,0.6081318141841879,-0.7253884034423708,0.4185317939319925,-0.05513450541002304,0.11115771066408436,0.006427687474666341,-0.09467370795742293,-0.6379882953749335,0.462933014209899,0.5109376812334235,0.19854357591849603,2.640208087711937,-0.2874007061680113,0.04118542169620618,0.0742291193196013,0.19639611025251086,-0.6977644300338717,-1.1417577077129286,0.6196726262541187,-0.5216616666795572,-2.242030596035252,1.120066829489616,-1.0809173048401448,-0.43731399603302124,1.0738786623248648,0.29719305397609236,0.27489466310339156,-0.9255475651460278
1.3740815596492393,-8.862256386080903,2.6849911851901087,-4.530081118369387,1.6727791803108545,11.157874940361848,-12.529989751985187,5.248716426615504,0.9614400713897296,-0.1057609515587353,-0.35369415771442475,7.00384909519626,9.862091313739388,7.415261078051992,-9.62269016554332,-1.0895618668242246,-12.374944668661602,6.068602502664676,13.609459790492657,-3.7323131517316934,-5.15695026525281,1.9209280416370829,7.425767685638337,0.8134359748796903,-13.341481501874888,-8.872671781222278,11.489304082456204,-10.396862986855007,-3.3056643389148106,-1.2461975738759494,-4.502140202720479,-3.905999374183952,3.1839959358693997,-8.77877501948588,-1.7340199433993366,4.8924883681928,12.2544903116139,-1.0809173048401448,12.859405791091918,7.977413323311644,-6.891304422259418,-16.54700088893639,-2.2637964712135448,9.683783674696144
0.8617921724990276,-5.615094168203205,1.7451230679152006,-2.8353511313093374,1.1109557388044422,7.085856569826026,-7.9077284531217735,3.4286965328930514,0.5862617240796951,-0.21930324331886197,-0.2801724173915712,4.474133431458605,6.039478007615096,4.7753306331507845,-5.83036938395143,-0.6497672037201093,-7.778940897685992,3.7130729657148502,8.800116188809527,-2.4031719461595094,-3.2707530550756783,1.2336244265247311,4.72408191558106,0.37922754118915064,-8.422818478051353,-5.559074527178872,7.39453278541767,-6.044130764703509,-2.173059859547928,-0.7847412484208226,-2.8653550678756843,-2.457701207866232,1.875466285776431,-5.876581190293367,-0.9683850788299377,3.008274296645794,7.327895930119351,-0.43731399603302124,7.977413323311644,5.003518660589091,-4.163391982308212,-10.517117461961929,-1.382092877441014,5.9864378106973675
-0.6925486640261317,4.469393510354744,-1.251124696377015,2.3840050161219586,-0.7282495096954443,-5.619455364674561,6.46979322170217,-2.40619808901411,-0.5540373370206191,-0.28169936077235785,0.0630353223038877,-3.4840548279207733,-5.4304621705875755,-3.5882191154205056,5.4773642810362,0.5891281697258857,6.409307395358785,-3.383929271119022,-6.518844896222799,1.770446390706316,2.6234717669390304,-0.9200487031009927,-3.7305184858217704,-0.701748063067227,6.85313532417093,4.637584857565996,-5.592056050652913,6.43988787411,1.5216260521417708,0.6508980016245757,2.2431836509361007,2.004914377192467,-1.9074895057195274,3.753013392957051,1.1784727314584151,-2.7012277236960993,-7.138784016556821,1.0738786623248648,-6.891304422259418,-4.163391982308212,3.95014846217231,8.308858975683014,1.2419984652486051,-5.2432453762090585
-1.8712609595050353,12.024332127144724,-3.869501380468959,5.9193711700136245,-2.513765556502673,-15.15733331282888,16.673029691717023,-7.656456922410006,-1.1623638061519006,0.8812060389228895,0.7323767152190176,-9.612430851215068,-12.362814287976184,-10.391524649777743,11.675395454019162,1.3861066090255132,16.42228318782526,-7.517571016374317,-19.22786461168984,5.303743958601754,6.945845368856684,-2.7139973475867,-10.101219580833448,-0.4684819306778692,17.82330251600645,11.68085488377823,-16.04132192189549,11.448919535091871,4.795706368051602,1.6366836901144617,6.170422021061465,5.226979907868036,-3.6432175809727063,13.397907613801237,1.6873061320853706,-6.122351004121796,-14.502215216945807,0.29719305397609236,-16.54700088893639,-10.517117461961929,8.308858975683014,22.531307097954656,2.8364297584678493,-12.355301450074387
-0.2518785331231177,1.5353791132312704,-0.45556323279071365,0.7824812800780482,-0.2758606775470936,-1.91108846409321,2.131026506179673,-0.8853048352010607,-0.16152091273153912,-0.030210655179324194,0.03917686713493409,-1.1822306165384522,-1.7797517357819466,-1.252363740664988,1.7281303149946128,0.23339198502604,2.1439604101401466,-1.0718126512379398,-2.277075196441309,0.651956736323685,0.8748904264757318,-0.3345159360561127,-1.2661058979942026,-0.1886010384426153,2.2894050588907584,1.5428223466413131,-1.92384711051886,1.9766106492619935,0.5325439617302588,0.21139034301746745,0.7756524305270822,0.6833207900413091,-0.605810482869627,1.4132364826490251,0.33014493443669113,-0.8560648652579422,-2.2652541699838755,0.27489466310339156,-2.2637964712135448,-1.382092877441014,1.2419984652486051,2.8364297584678493,0.4212627382573876,-1.7051346379515877
1.0528834727525855,-6.638968943934838,1.9935915622400002,-3.3859829662330276,1.2187816425779259,8.335954083567048,-9.360066997738645,3.8973719397371314,0.7333507445792565,-0.00895058299578363,-0.2332858788938497,5.215581793746201,7.465959969460126,5.500966941573241,-7.303654065912363,-0.8535225889861794,-9.284018846455151,4.5846409662542555,10.08877889286562,-2.7842554231515186,-3.8433907173128783,1.44021118386296,5.526920897420922,0.6850853188825421,-9.965606570307994,-6.6606506518910065,8.534531330830536,-8.004332605926255,-2.410760995368908,-0.9228609940027945,-3.3680168752834128,-2.941571058665971,2.4373543969792717,-6.4214023435072205,-1.3564862725431601,3.690237608425192,9.360570665002568,-0.9255475651460278,9.683783674696144,5.9864378106973675,-5.2432453762090585,-12.355301450074387,-1.7051346379515877,7.3166757168180325
