V1,V2,V3,V4,V5,V6,V7,V8,V9,V10,V11,V12,V13,V14,V15,V16,V17,V18,V19,V20,V21,V22,V23,V24,V25,V26,V27,V28,V29
0.4113300214128973,-0.6073013446761849,0.6546146942482335,0.40062825394203894,-0.4772981907470709,0.3391932657860089,0.1486657667432222,0.31852267033372705,-0.2354674460236308,-0.2584042173585439,0.15017553835483854,-0.15702739889545297,0.06566586797604475,-0.1265456661636831,-0.8431792439098207,-1.143974261503499,0.043410428034192296,0.9401586168545086,0.09403636312770693,-0.08131783249523651,0.011060031566953673,0.06393816027171706,-0.3941662711270172,0.742134920253852,0.24979604463401822,-0.28066740524205686,-0.42585449242676404,1.2647305037931194,-0.1301830729203161
-0.6073013446761849,3.5368874369200816,-1.8363026798649855,-3.472088308973446,1.9930003878123435,1.0421070723427692,-0.11256098039665602,-0.7623146076618829,1.2996203471446521,0.28459397375963547,-2.190568222149927,-0.21035929702873477,0.7551779262966599,0.815457980720246,2.5922640832373167,0.596110543037484,0.8324229184012052,-4.881571110679861,0.034574658626921856,1.59594648068643,-1.0639723985600902,-2.723966311632715,1.3142246752714926,-2.169589084614996,-2.5648948822488715,0.43380731872134637,1.8279282588938135,-2.5505395921224765,2.06782024449937
0.6546146942482335,-1.8363026798649855,1.857655368978888,1.566218704092864,-1.321788036521573,-0.12482503238156369,-0.35254696984872513,0.8987852294977102,-0.8963472216589068,-0.6229847654257792,1.021334685130207,-0.18380603609535864,0.0010417795136934392,-0.7562134560507705,-1.796050668037843,-1.69105502982872,0.08227390257402933,2.7690139830530422,0.06765202323682709,-0.49649804062664465,0.7948369596147733,0.8711153886900257,-1.0290347758418907,1.8914153460082452,1.1747127383385265,-0.6263756607876396,-0.8271039702324905,2.291771983776215,-1.076658050001072
0.40062825394203894,-3.472088308973446,1.566218704092864,3.693928983557824,-1.8303639770388573,-1.4920008101771984,-0.0011679037580788962,0.6670458031632984,-1.2518514371389766,-0.058322896173129024,2.438982346537371,0.32093370816657246,-0.7897388726324882,-0.8480742950516343,-2.3770035008782076,0.0702512538582084,-0.9566072245688191,4.9197050474821005,-0.04633773882026625,-1.7167925564375637,1.2336498506823872,2.9222896503290583,-1.2908282714061579,1.95656692296768,2.7524535567104933,-0.18335549496249007,-1.7497814170761794,2.0917664788212575,-2.275990582214053
-0.4772981907470709,1.9930003878123435,-1.321788036521573,-1.8303639770388573,1.4012053614308548,0.5437150887193586,0.13487700365786034,-0.6988070714111173,0.8085482570665544,0.4780680667325135,-1.19069872866137,-0.04829790334706874,0.3439006561336609,0.6756752755935405,1.2137858018342345,0.5056664880830194,0.36047904918133133,-2.577816928866656,0.06408719734460457,0.8494125834464794,-0.7531796643359668,-1.7433650680315658,0.32330042771269085,-1.4492787482922145,-1.5104654444932926,0.5167580648592134,0.9095764610453951,-1.4988584850424487,1.0482000742247144
0.3391932657860089,1.0421070723427692,-0.12482503238156369,-1.4920008101771984,0.5437150887193586,1.6834328510682182,0.5684117867825603,-0.251688082537078,0.4294094731597428,-0.1111619119210638,-1.2650680177066858,-0.4512155372554058,0.44551810338199926,0.6448578979948527,-0.414207808976055,-2.128660298046414,0.5036737723973139,-1.147825235603762,0.2556846539476051,0.8607696271842918,-1.1403523564590115,-2.040565072788795,-0.48686734901405904,-0.1344645386989892,-1.4146883657054579,-0.1887019527739324,0.11912128347342708,1.0450038149507732,1.065320776227257
0.1486657667432222,-0.11256098039665602,-0.35254696984872513,-0.0011679037580788962,0.13487700365786034,0.5684117867825603,0.8765529154105832,-0.40018310699665594,0.1809420019671496,0.2583508163776709,-0.2725527670224209,-0.012797391783440193,-0.09946985141720467,0.5383642233017577,-0.605365312114866,-0.4175305899960966,-0.3290740820601429,0.1573074609813365,0.09141472441748283,-0.0558200680461387,-0.6680737802150526,-0.2950557220229531,-0.4050476588378445,-0.17795370814349598,-0.3136225125727858,0.019850020209822846,-0.5429857546772016,0.5861605809186047,0.22040388544524073
0.31852267033372705,-0.7623146076618829,0.8987852294977102,0.6670458031632984,-0.6988070714111173,-0.251688082537078,-0.40018310699665594,0.6408486346816964,-0.40815081682854276,-0.41754386930574056,0.5185118516907044,-0.07537736898490156,0.04098864353924541,-0.5563118639600664,-0.41363762481692146,-0.5586487254061515,0.13776942816869622,1.0435342151195104,-7.690332177110604e-4,-0.2134092571260748,0.5988198789879741,0.6747275518157165,0.03147400359318657,0.8997857712295064,0.7060973543528519,-0.27730366806550644,-0.1605026245900069,0.7932916940022745,-0.37565092293850766
-0.2354674460236308,1.2996203471446521,-0.8963472216589068,-1.2518514371389766,0.8085482570665544,0.4294094731597428,0.1809420019671496,-0.40815081682854276,0.5761807439024469,0.21456073334731163,-0.8616395457365802,-0.0366428386963264,0.20865711155850125,0.4490012397282623,0.9467581858149409,0.3210143988681659,0.1670026938674709,-1.8294684774324599,0.019571708328767454,0.543711513739652,-0.576975291954187,-0.9793218397849196,0.5141866088035852,-0.9594944531530666,-0.9539351350327915,0.2639411674429845,0.5638560874516895,-0.9740414504172097,0.8444697456319628
-0.2584042173585439,0.28459397375963547,-0.6229847654257792,-0.058322896173129024,0.4780680667325135,-0.1111619119210638,0.2583508163776709,-0.41754386930574056,0.21456073334731163,0.4512343302128245,-0.039150280195015305,0.1100488104925332,-0.08607576715900739,0.3213245374331909,0.07542699475757066,0.5742498580482421,-0.16307417070949584,-0.23912097198714913,0.03841815538880013,-0.021243806218730697,-0.23031171832886363,-0.24732612885525368,-0.21118316242971116,-0.5336254039739519,-0.20149150217469447,0.3752319922025407,0.005410691406564327,-0.47522504075746075,0.014093137873137826
0.15017553835483854,-2.190568222149927,1.021334685130207,2.438982346537371,-1.19069872866137,-1.2650680177066858,-0.2725527670224209,0.5185118516907044,-0.8616395457365802,-0.039150280195015305,1.759985927818193,0.23607205360946934,-0.5168575359567156,-0.7154158970032664,-1.262354090728593,0.43238619390041066,-0.5516443958595721,3.1120303528447097,-0.05279517957849154,-1.157479538350329,1.068747777206626,2.1019440852500906,-0.6408691498332912,1.2533512966488172,1.9193495545916202,-0.08200997189443765,-0.9308327906315574,1.0061785683635953,-1.5711870936156407
-0.15702739889545297,-0.21035929702873477,-0.18380603609535864,0.32093370816657246,-0.04829790334706874,-0.4512155372554058,-0.012797391783440193,-0.07537736898490156,-0.0366428386963264,0.1100488104925332,0.23607205360946934,0.1913954315682719,-0.18932397207351756,-0.05625270800497546,0.2527480656682378,0.8649716700838871,-0.23724492644881418,0.08932027334306515,-0.11037570220312526,-0.24749986376482755,0.19713223711805922,0.5852747038724868,0.23683661285540383,-0.19636939994623012,0.29200870568453985,0.09898903653442644,-0.04855725812182537,-0.548876664507884,-0.20648610892808336
0.06566586797604475,0.7551779262966599,0.0010417795136934392,-0.7897388726324882,0.3439006561336609,0.44551810338199926,-0.09946985141720467,0.04098864353924541,0.20865711155850125,-0.08607576715900739,-0.5168575359567156,-0.18932397207351756,0.4115275044243145,0.07377271511086081,0.17659858366684314,-0.6231468102278311,0.37220713011237466,-0.8202047531426814,0.08355691896862173,0.5018455900879722,-0.15457211425546816,-0.9386061509916505,-0.04457071656803458,-0.08472006231399827,-0.6492407238428165,-0.05214946878353548,0.3441439840760093,0.0842998910993575,0.4099212474999983
-0.1265456661636831,0.815457980720246,-0.7562134560507705,-0.8480742950516343,0.6756752755935405,0.6448578979948527,0.5383642233017577,-0.5563118639600664,0.4490012397282623,0.3213245374331909,-0.7154158970032664,-0.05625270800497546,0.07377271511086081,0.6248038702011753,0.15803027160887126,-0.15213586148637487,-0.013028233916296183,-1.0391083740606488,0.08405165340059445,0.3642951010844829,-0.7927271843971512,-1.0150282484444617,-0.14307092227311002,-0.7223854458705173,-0.8732988000432567,0.20569887562679004,0.09599087918349729,-0.263631892991513,0.5928545705392736
-0.8431792439098207,2.5922640832373167,-1.796050668037843,-2.3770035008782076,1.2137858018342345,-0.414207808976055,-0.605365312114866,-0.41363762481692146,0.9467581858149409,0.07542699475757066,-1.262354090728593,0.2527480656682378,0.17659858366684314,0.15803027160887126,3.6582559676799065,2.8918846266582356,0.3024148305643277,-4.445670370077697,-0.3444300700407219,0.7659398383374113,-0.0897324818962229,-0.29257419022590603,2.7507423528485293,-2.194930742300357,-1.2059676386810307,0.36687231276748156,1.8472987771702178,-3.961474529868007,1.5090616637257608
-1.143974261503499,0.596110543037484,-1.69105502982872,0.0702512538582084,0.5056664880830194,-2.128660298046414,-0.4175305899960966,-0.5586487254061515,0.3210143988681659,0.5742498580482421,0.43238619390041066,0.8649716700838871,-0.6231468102278311,-0.15213586148637487,2.8918846266582356,5.112384998340215,-0.7728130980309444,-1.9322705009453327,-0.5775237101338915,-0.6190107547055479,0.8533199221092478,2.1579091588642174,2.2522722849083876,-1.9167964811323697,0.4982975481674892,0.5771000477523276,0.8230403860830575,-4.322773249209043,-0.1567948605756382
0.043410428034192296,0.8324229184012052,0.08227390257402933,-0.9566072245688191,0.36047904918133133,0.5036737723973139,-0.3290740820601429,0.13776942816869622,0.1670026938674709,-0.16307417070949584,-0.5516443958595721,-0.23724492644881418,0.37220713011237466,-0.013028233916296183,0.3024148305643277,-0.7728130980309444,0.6049163518784908,-0.9469584082864424,0.09962749333297166,0.586012215882417,-0.0998187263135903,-1.0417141238488692,0.06334481341833098,-0.04867696374603276,-0.6648346864539751,-0.019268209595864925,0.5721583121308856,0.005474305979923817,0.5223581131268222
0.9401586168545086,-4.881571110679861,2.7690139830530422,4.9197050474821005,-2.577816928866656,-1.147825235603762,0.1573074609813365,1.0435342151195104,-1.8294684774324599,-0.23912097198714913,3.1120303528447097,0.08932027334306515,-0.8202047531426814,-1.0391083740606488,-4.445670370077697,-1.9322705009453327,-0.9469584082864424,7.414360997848175,0.17795067333341055,-2.0463575287221833,1.3178803320081445,2.935558243159556,-2.830201956827677,3.36147504498086,3.417573616214313,-0.45405385820177685,-2.6717395976757086,4.510779590607331,-3.0664143434168603
0.09403636312770693,0.034574658626921856,0.06765202323682709,-0.04633773882026625,0.06408719734460457,0.2556846539476051,0.09141472441748283,-7.690332177110604e-4,0.019571708328767454,0.03841815538880013,-0.05279517957849154,-0.11037570220312526,0.08355691896862173,0.08405165340059445,-0.3444300700407219,-0.5775237101338915,0.09962749333297166,0.17795067333341055,0.10906211563060583,0.09333338742934935,-0.1551874061676152,-0.3742589935378877,-0.32370304717655,0.1409736730515518,-0.11374430383582704,0.03394755443084556,-0.06761499280510358,0.4778030977057863,0.053313482776388345
-0.08131783249523651,1.59594648068643,-0.49649804062664465,-1.7167925564375637,0.8494125834464794,0.8607696271842918,-0.0558200680461387,-0.2134092571260748,0.543711513739652,-0.021243806218730697,-1.157479538350329,-0.24749986376482755,0.5018455900879722,0.3642951010844829,0.7659398383374113,-0.6190107547055479,0.586012215882417,-2.0463575287221833,0.09333338742934935,0.9127450773218256,-0.5890579628755614,-1.6962714199718703,0.249360679687063,-0.6733568711974476,-1.3343013673065174,0.07565414208707444,0.7740227945611641,-0.5015488751566797,1.0093157442116703
0.011060031566953673,-1.0639723985600902,0.7948369596147733,1.2336498506823872,-0.7531796643359668,-1.1403523564590115,-0.6680737802150526,0.5988198789879741,-0.576975291954187,-0.23031171832886363,1.068747777206626,0.19713223711805922,-0.15457211425546816,-0.7927271843971512,-0.0897324818962229,0.8533199221092478,-0.0998187263135903,1.3178803320081445,-0.1551874061676152,-0.5890579628755614,1.1974424304019218,1.5311124332640695,0.18625010152731758,0.7351184317520792,1.1720360866971398,-0.15807475595379453,-0.1235690423508865,-0.09146537103740121,-0.9241184602214902
0.06393816027171706,-2.723966311632715,0.8711153886900257,2.9222896503290583,-1.7433650680315658,-2.040565072788795,-0.2950557220229531,0.6747275518157165,-0.9793218397849196,-0.24732612885525368,2.1019440852500906,0.5852747038724868,-0.9386061509916505,-1.0150282484444617,-0.29257419022590603,2.1579091588642174,-1.0417141238488692,2.935558243159556,-0.3742589935378877,-1.6962714199718703,1.5311124332640695,3.874957304181763,0.7443832156948739,1.0304591241210637,2.643406219901865,-0.2697351404783953,-0.9851593511501986,-0.12852325956910807,-1.6329669946217373
-0.3941662711270172,1.3142246752714926,-1.0290347758418907,-1.2908282714061579,0.32330042771269085,-0.48686734901405904,-0.4050476588378445,0.03147400359318657,0.5141866088035852,-0.21118316242971116,-0.6408691498332912,0.23683661285540383,-0.04457071656803458,-0.14307092227311002,2.7507423528485293,2.2522722849083876,0.06334481341833098,-2.830201956827677,-0.32370304717655,0.249360679687063,0.18625010152731758,0.7443832156948739,2.6287675409212383,-1.2572026678863149,-0.3200786141959168,0.05397194113570937,1.1474480156722249,-2.7044077467215284,1.0984116751720991
0.742134920253852,-2.169589084614996,1.8914153460082452,1.95656692296768,-1.4492787482922145,-0.1344645386989892,-0.17795370814349598,0.8997857712295064,-0.9594944531530666,-0.5336254039739519,1.2533512966488172,-0.19636939994623012,-0.08472006231399827,-0.7223854458705173,-2.194930742300357,-1.9167964811323697,-0.04867696374603276,3.36147504498086,0.1409736730515518,-0.6733568711974476,0.7351184317520792,1.0304591241210637,-1.2572026678863149,2.085162046294003,1.425544958647806,-0.5673998216500061,-1.0937564071687353,2.7549614664302258,-1.2210609073741012
0.24979604463401822,-2.5648948822488715,1.1747127383385265,2.7524535567104933,-1.5104654444932926,-1.4146883657054579,-0.3136225125727858,0.7060973543528519,-0.9539351350327915,-0.20149150217469447,1.9193495545916202,0.29200870568453985,-0.6492407238428165,-0.8732988000432567,-1.2059676386810307,0.4982975481674892,-0.6648346864539751,3.417573616214313,-0.11374430383582704,-1.3343013673065174,1.1720360866971398,2.643406219901865,-0.3200786141959168,1.425544958647806,2.3221541847896487,-0.12819486176369194,-1.0487750329544203,1.0865326799855741,-1.6167123443410032
-0.28066740524205686,0.43380731872134637,-0.6263756607876396,-0.18335549496249007,0.5167580648592134,-0.1887019527739324,0.019850020209822846,-0.27730366806550644,0.2639411674429845,0.3752319922025407,-0.08200997189443765,0.09898903653442644,-0.05214946878353548,0.20569887562679004,0.36687231276748156,0.5771000477523276,-0.019268209595864925,-0.45405385820177685,0.03394755443084556,0.07565414208707444,-0.15807475595379453,-0.2697351404783953,0.05397194113570937,-0.5673998216500061,-0.12819486176369194,0.4968098261931238,0.23516042346409347,-0.6649769432506896,0.14221877257509247
-0.42585449242676404,1.8279282588938135,-0.8271039702324905,-1.7497814170761794,0.9095764610453951,0.11912128347342708,-0.5429857546772016,-0.1605026245900069,0.5638560874516895,0.005410691406564327,-0.9308327906315574,-0.04855725812182537,0.3441439840760093,0.09599087918349729,1.8472987771702178,0.8230403860830575,0.5721583121308856,-2.6717395976757086,-0.06761499280510358,0.7740227945611641,-0.1235690423508865,-0.9851593511501986,1.1474480156722249,-1.0937564071687353,-1.0487750329544203,0.23516042346409347,1.276687526870257,-1.8605047891033994,0.9878251589831973
1.2647305037931194,-2.5505395921224765,2.291771983776215,2.0917664788212575,-1.4988584850424487,1.0450038149507732,0.5861605809186047,0.7932916940022745,-0.9740414504172097,-0.47522504075746075,1.0061785683635953,-0.548876664507884,0.0842998910993575,-0.263631892991513,-3.961474529868007,-4.322773249209043,0.005474305979923817,4.510779590607331,0.4778030977057863,-0.5015488751566797,-0.09146537103740121,-0.12852325956910807,-2.7044077467215284,2.7549614664302258,1.0865326799855741,-0.6649769432506896,-1.8605047891033994,5.021825343541446,-1.149380420831403
-0.1301830729203161,2.06782024449937,-1.076658050001072,-2.275990582214053,1.0482000742247144,1.065320776227257,0.22040388544524073,-0.37565092293850766,0.8444697456319628,0.014093137873137826,-1.5711870936156407,-0.20648610892808336,0.4099212474999983,0.5928545705392736,1.5090616637257608,-0.1567948605756382,0.5223581131268222,-3.0664143434168603,0.053313482776388345,1.0093157442116703,-0.9241184602214902,-1.6329669946217373,1.0984116751720991,-1.2210609073741012,-1.6167123443410032,0.14221877257509247,0.9878251589831973,-1.149380420831403,1.652555662444402
