V1,V2,V3,V4,V5,V6,V7,V8,V9,V10,V11,V12,V13,V14,V15,V16,V17,V18,V19,V20,V21,V22,V23,V24,V25,V26,V27,V28,V29,V30,V31,V32,V33,V34,V35,V36,V37,V38,V39,V40,V41,V42,V43,V44
234.69724353270786,-174.24458396907994,542.8932993494277,255.26607308577573,-80.38244700421382,-128.00595322507044,22.584088854390828,32.147769668095556,143.2588100390985,-211.42570383603527,442.8185947746846,-227.91157142529477,-836.6474749099456,566.2473033632209,238.30190232422194,286.8311412163471,204.64621527814828,306.16303727404454,68.6228603572197,282.4099832634829,86.51974754582014,337.0920298415539,187.400708221786,339.09274074574387,232.22761093390392,71.91205820735135,21.196195435811024,51.524192047837516,11.63838708017166,410.18820727800664,-99.30748567760514,-42.577530785651675,141.41564287174972,186.2261608781732,414.8868084654033,415.6647534683728,234.49332295110045,-26.17700474596751,-550.7894637197289,-271.2194408164008,783.4908208193615,240.05551820531295,-881.2095940341543,525.6589962469568
-174.24458396907994,130.5078254687672,-404.7416600834564,-190.1610137145103,60.727978558801105,95.72206925209888,-16.532861869373477,-23.017557189868118,-106.64407453554622,156.99661546645208,-330.72879474935695,170.21567831148388,624.0372011537286,-421.5248809567187,-177.3388476736265,-213.08804417333135,-151.8284617698966,-228.87044878650732,-51.86492914421238,-210.6164276758977,-64.35632805847347,-251.7989327180772,-139.6699603349805,-252.85862161941606,-173.29422052545365,-53.5094406643562,-15.36767205395055,-38.32539279486677,-8.517444791718827,-305.7742921846178,74.53977717082535,31.460417189231023,-105.32680737669656,-139.91531774640424,-308.90301813849925,-310.83949139576714,-175.54037280425234,19.48362709271144,410.42080676334416,202.33645929963296,-584.0476401862335,-177.97288413903374,657.1403009920929,-391.5328663306189
542.8932993494277,-404.7416600834564,1260.441635753479,591.5173155370373,-187.02119636636598,-297.84911210394114,52.75937520739478,74.42727336461648,332.602112880477,-490.267169063071,1027.3342759063457,-530.2914289169152,-1940.134789102939,1313.4772547080995,552.4683661623499,664.4374200662734,474.7864053117994,711.038785695814,160.30199095567247,655.7994401886205,200.18935761527712,782.3455813595112,434.1459343954475,786.4890288863459,538.7368040867066,166.16147178359378,49.42550220301355,119.24924626498652,27.06445710050628,950.9244501486778,-231.13644408197592,-98.10944358459979,327.58925210937105,433.13642307420906,962.4514923720844,965.068573897587,545.5470021186686,-60.42495887864642,-1276.0905663981719,-629.154836184589,1817.5933923928444,555.5283254959817,-2044.9550739232977,1219.2635868203242
255.26607308577573,-190.1610137145103,591.5173155370373,278.1934281700164,-88.13383616471307,-139.78892421972955,24.403222858660552,34.47682659273969,156.08356055460894,-229.78066863477167,482.93515387403005,-248.54308026910525,-911.6415330890497,616.603658569367,259.481035721789,312.08066037799995,222.17539067075882,333.99666111817567,75.10861333741322,308.0145450586368,94.22994044154005,367.65863125773865,204.04669678136722,369.41372915638914,253.36027061341318,78.30555491390915,22.83421636038918,56.11956362021393,12.66848043272274,447.00367983334763,-108.48778185968396,-46.34142803501077,154.0299689922653,203.79505530408463,451.8246307446289,453.5476569880639,255.77739946010925,-28.451986844493153,-600.105078510722,-295.63435657015754,853.5963415608552,260.7703985855262,-960.1644501188055,572.2067952468998
-80.38244700421382,60.727978558801105,-187.02119636636598,-88.13383616471307,28.695119618428176,44.40800583736616,-7.2849105578912,-9.907717108135651,-49.19798121521466,72.02121676361017,-153.58750719891034,78.64606925363731,289.09036493578424,-194.54052744951258,-81.89090658089448,-98.21181647387414,-69.36920564985809,-106.24026596468325,-24.253204521412265,-97.53040698281787,-29.820685390318523,-116.89105335471167,-64.66490659939616,-117.02252857706308,-80.48479292285302,-24.851757829437382,-6.6772842663814345,-17.751401893605202,-3.8459683356337115,-141.68262556032568,34.71021652074593,14.560429002748405,-48.78493874565417,-65.54245855757753,-142.61239802432408,-144.4938654826215,-81.34140720991319,9.01716292817452,190.22319849149946,93.76405253983324,-270.15499571597667,-81.72316874009174,303.98090026565364,-180.6831432844663
-128.00595322507044,95.72206925209888,-297.84911210394114,-139.78892421972955,44.40800583736616,70.61527517921235,-12.427019542868514,-17.405059411457586,-78.65946904518303,115.52854862925187,-242.87743986512822,125.48775256992172,458.24887871541875,-310.2218341993647,-130.45909012530092,-156.7630360441103,-111.74331920715728,-168.20580567914772,-38.02074002639693,-155.22432318983851,-47.26267402409613,-185.00029240722097,-102.4045570930335,-185.7319798367869,-127.49131275619712,-39.18597159348905,-11.629388007900411,-28.162795414803426,-6.445226869239777,-224.66994057858614,54.745312807912356,23.19044822368467,-77.31884384261254,-102.79163129621993,-227.30761686518926,-228.27351846599697,-128.99473680469933,14.229346078970007,301.3689457139967,148.70515642249498,-429.3666882410126,-130.78839587788775,483.12879360299456,-287.70203349491226
22.584088854390828,-16.532861869373477,52.75937520739478,24.403222858660552,-7.2849105578912,-12.427019542868514,2.5915290036167447,3.8128969777082786,14.026664715526632,-20.885648763097084,42.186056573594634,-22.365194829569234,-80.13900210053508,55.056747345850354,23.08274095194859,27.86706537237694,20.479677794078096,29.324020752196873,6.524400659602006,27.34994724309966,8.226453725416402,32.20775279627399,17.88850303279656,32.608604030716386,22.173949864747915,6.73380098601558,2.5111786419695563,4.912237648002533,1.2541647939682685,39.26712141742273,-9.480625657631721,-4.024762834118347,13.510953386632226,17.4408387775632,40.3142626969221,39.582023595875114,22.70806769312749,-2.447398361055334,-52.53754291443613,-26.01127162514085,75.604796901773,23.458939893216797,-85.1192939864506,51.00504879234924
32.147769668095556,-23.017557189868118,74.42727336461648,34.47682659273969,-9.907717108135651,-17.405059411457586,3.8128969777082786,5.8745099427374985,19.856961627832735,-29.74242770642763,59.20641309135979,-31.435435580302936,-112.80676094763356,77.91955008385457,32.69993418717046,39.65396368289694,29.228403148027557,41.03708427702738,8.859065479374115,38.557783291241066,11.665724680022665,45.187667427132965,25.230652630452127,45.93819406768681,31.209799563950604,9.538758582518634,3.760230408545735,6.963847553005444,1.8527691640251085,55.37413690866423,-13.12915203486846,-5.790038734627428,19.11714341819408,24.112804295447624,57.06654547092402,55.37818574893487,31.705409191063204,-3.425474205121872,-74.16596001224082,-36.59270015170001,106.632609747178,33.54009001908948,-119.95060987588275,72.0727725690523
143.2588100390985,-106.64407453554622,332.602112880477,156.08356055460894,-49.19798121521466,-78.65946904518303,14.026664715526632,19.856961627832735,87.8667082537232,-129.38397004639523,270.894356924872,-139.98626088089935,-511.6181636601239,346.68152889860494,145.80494920708492,175.37717968306248,125.28317639977857,187.53245684062236,42.185441935396874,173.17722093756765,52.813887706039026,206.32329209758683,114.41732951029061,207.4111506522973,142.17840751657727,43.79164333793586,13.184714872525399,31.46949417270472,7.230227875610047,250.840979531896,-60.917421052813246,-25.959503812735434,86.37660668896552,114.19040335517812,253.99691311728532,254.43914106555243,143.8022179011022,-15.92236798277034,-336.552794894473,-165.96868390019122,479.4946135685787,146.57379289931478,-539.448210969959,321.5741909184636
-211.42570383603527,156.99661546645208,-490.267169063071,-229.78066863477167,72.02121676361017,115.52854862925187,-20.885648763097084,-29.74242770642763,-129.38397004639523,191.4082611047188,-398.78672903120287,206.17448340871778,754.0613802888474,-511.1816630157639,-214.977995726344,-258.8046182338152,-185.74211750334737,-275.99021259655626,-62.023253007863005,-254.68293608503856,-77.79705489593603,-303.70319894581,-168.8704319548702,-305.8187655822117,-209.0083859335615,-64.54933061636174,-19.651758282425124,-46.34257300661015,-10.565130224078239,-369.4939072463577,89.58719559933026,38.096780010449564,-127.36479815318266,-167.3481215130017,-374.53953122677046,-374.42569841699606,-211.98428462743462,23.51282972277946,495.8673531223702,244.42472865626755,-706.7806694590624,-216.865483211988,795.1647681728583,-474.75872212529254
442.8185947746846,-330.72879474935695,1027.3342759063457,482.93515387403005,-153.58750719891034,-242.87743986512822,42.186056573594634,59.20641309135979,270.894356924872,-398.78672903120287,839.0960110569077,-431.85382191296407,-1583.5870917939005,1070.42672558898,450.4072055757775,541.4725366224494,385.61301332508845,580.4676147999735,131.0045051800876,534.7990775221874,163.51470767157676,638.8214521180569,354.4372788872085,641.6837245115513,439.96759518388274,135.91621305802954,39.350567222609236,97.37879923221651,21.825967333095477,776.2419691056713,-188.78409783138338,-80.18449092257293,267.44494126432653,354.5325856202146,784.4171629450761,788.3216234498424,444.85731441989077,-49.41401349220842,-1042.0143429308232,-513.5015357860667,1482.46612298466,452.3383616812057,-1667.7621739927001,993.7711431055494
-227.91157142529477,170.21567831148388,-530.2914289169152,-248.54308026910525,78.64606925363731,125.48775256992172,-22.365194829569234,-31.435435580302936,-139.98626088089935,206.17448340871778,-431.85382191296407,223.42130408701712,815.4310571914884,-552.3689650544284,-232.24634072596197,-279.20801168181055,-199.74904709124485,-299.1088258743243,-67.60875622229119,-275.97402846784496,-84.03487090638578,-328.9626145083598,-182.3342738211244,-330.614812095515,-226.51191007341578,-69.66612638657385,-20.959065780931518,-50.07201099589929,-11.447241472476103,-399.63152958495516,97.32823318172784,41.117765357036795,-137.5921011965797,-182.28122769186822,-404.74548264795976,-405.83359571738515,-229.71216390461356,25.32285217861658,536.0501123145802,264.5095235216379,-764.2419460860615,-233.30806013375724,859.9962225105761,-512.6246070678118
-836.6474749099456,624.0372011537286,-1940.134789102939,-911.6415330890497,289.09036493578424,458.24887871541875,-80.13900210053508,-112.80676094763356,-511.6181636601239,754.0613802888474,-1583.5870917939005,815.4310571914884,2989.9413625089996,-2021.9315159173805,-850.7224417848611,-1023.0504883320765,-729.6520934952906,-1095.5030198633494,-246.9936823309001,-1009.4416549572617,-308.7068774101018,-1205.6399056335674,-669.3759900105293,-1211.726420409137,-830.1601423779239,-256.57004223986917,-74.86919599737523,-183.84974683994957,-41.26314525704579,-1465.4573785429686,356.120132479421,151.3609478866769,-504.97698401875164,-668.0417030443158,-1481.6073218499644,-1487.5084902641922,-839.8369808415475,93.37490298507605,1967.2265073737256,969.4011808984783,-2799.43609774181,-855.2818279687933,3149.296025975823,-1877.4568543970581
566.2473033632209,-421.5248809567187,1313.4772547080995,616.603658569367,-194.54052744951258,-310.2218341993647,55.056747345850354,77.91955008385457,346.68152889860494,-511.1816630157639,1070.42672558898,-552.3689650544284,-2021.9315159173805,1369.142153345654,575.9300558179848,692.840044232666,495.0466656056999,740.7321546629714,166.6778516671383,683.3870875223846,208.7446747944702,815.121404939471,452.51607273136796,819.6485010188266,561.4102930147409,173.27428204319406,51.64849139637077,124.34647718642618,28.26887301810645,991.1185728204728,-240.61793356038817,-102.45177381189671,341.4721891537381,450.8858038901845,1003.1820878330783,1005.3175172855689,568.0853487708874,-63.03890735751542,-1330.158824471554,-655.6598996581165,1894.2693997355886,579.4486565328338,-2131.043775335511,1270.8071354028336
238.30190232422194,-177.3388476736265,552.4683661623499,259.481035721789,-81.89090658089448,-130.45909012530092,23.08274095194859,32.69993418717046,145.80494920708492,-214.977995726344,450.4072055757775,-232.24634072596197,-850.7224417848611,575.9300558179848,242.3000072740852,291.50305093696807,208.1324955027902,311.6026717231667,70.06337827499974,287.4656305977976,87.86835853458135,342.95074906307565,190.42622816024033,344.8363184175651,236.23594157672952,72.96464030492905,21.647066209114715,52.33731945874863,11.875576306675995,417.04366097037956,-101.19671820454305,-43.15080026982803,143.71190151895328,189.72241137888057,422.0036651536352,422.9755123323804,238.88967991708427,-26.531886754555583,-559.7800538178375,-275.8524538339203,796.9028616858476,243.79356416478615,-896.4640051247444,534.5670436473309
286.8311412163471,-213.08804417333135,664.4374200662734,312.08066037799995,-98.21181647387414,-156.7630360441103,27.86706537237694,39.65396368289694,175.37717968306248,-258.8046182338152,541.4725366224494,-279.20801168181055,-1023.0504883320765,692.840044232666,291.50305093696807,350.83376885941294,250.64814447938943,374.5226054954297,84.04272648087702,345.6337210045072,105.71454626068021,412.27384001688876,229.0625244581571,414.72309446423276,284.0055275785354,87.7872524465759,26.17688209708065,62.96467313594287,14.313881412262816,501.5510971081682,-121.53781406180832,-51.95141930168656,172.88214287119675,227.76187100572787,507.66604990021034,508.3670354001507,287.10758077668373,-31.91383082266849,-673.2792014939662,-331.69199124865935,958.4297056980402,293.5858397443235,-1078.104541025413,643.0995758622415
204.64621527814828,-151.8284617698966,474.7864053117994,222.17539067075882,-69.36920564985809,-111.74331920715728,20.479677794078096,29.228403148027557,125.28317639977857,-185.74211750334737,385.61301332508845,-199.74904709124485,-729.6520934952906,495.0466656056999,208.1324955027902,250.64814447938943,180.5302976199724,266.9580273824175,60.019109562334464,246.36225798428262,75.2029326026531,293.7129097832611,163.4502355524,296.02602458709725,201.98972140164258,62.36169399719701,19.300657097273348,44.800353861509045,10.238321499415694,357.4062216809493,-86.65450930477681,-36.732457539108886,123.21926118966262,161.460587326668,362.71245497154104,362.0431237192255,205.34852191340295,-22.739496976368958,-479.5681545091026,-236.45885758632727,684.1738389358381,210.28474336975268,-769.8109706190597,459.98659528647045
306.16303727404454,-228.87044878650732,711.038785695814,333.99666111817567,-106.24026596468325,-168.20580567914772,29.324020752196873,41.03708427702738,187.53245684062236,-275.99021259655626,580.4676147999735,-299.1088258743243,-1095.5030198633494,740.7321546629714,311.6026717231667,374.5226054954297,266.9580273824175,401.7494788067748,90.8157479821587,370.15288268875815,113.02658517180535,441.9935803393811,245.10023966879282,443.95116255691573,304.3560910848489,93.88752587706465,27.360126849955567,67.32356581401241,15.138133178616327,536.9273649135431,-130.7298777293689,-55.38239810679157,184.91007167076236,245.35412705098332,542.7701046858168,545.4482007866626,308.04215129486806,-34.17366195406679,-720.580469628066,-355.287160593946,1025.7453274150823,312.807154242549,-1154.0628724519777,687.6350049545747
68.6228603572197,-51.86492914421238,160.30199095567247,75.10861333741322,-24.253204521412265,-38.02074002639693,6.524400659602006,8.859065479374115,42.185441935396874,-62.023253007863005,131.0045051800876,-67.60875622229119,-246.9936823309001,166.6778516671383,70.06337827499974,84.04272648087702,60.019109562334464,90.8157479821587,20.846707346475235,83.38280502792637,25.36010231990523,99.78347234181501,55.221651390411864,100.09402743918633,68.55566691257629,21.067352221365173,6.0162248128541105,15.107341339210079,3.3218377802240067,120.90761553804019,-29.71281817065777,-12.285157456609722,41.58943197531879,55.6808397036793,122.14539532609722,123.3017036615008,69.85450713844632,-7.695792406001921,-162.1518777847455,-80.10504609132173,231.14663642563264,70.09342955875056,-260.217502486779,154.93876981395485
282.4099832634829,-210.6164276758977,655.7994401886205,308.0145450586368,-97.53040698281787,-155.22432318983851,27.34994724309966,38.557783291241066,173.17722093756765,-254.68293608503856,534.7990775221874,-275.97402846784496,-1009.4416549572617,683.3870875223846,287.4656305977976,345.6337210045072,246.36225798428262,370.15288268875815,83.38280502792637,341.63687715378734,104.22851556522411,407.2786121720968,225.7313525385637,409.1292254858682,280.70208794429715,86.47822177736036,25.634280529886457,62.096284701310374,14.181093307138584,494.9625081208021,-120.31317866924891,-51.225535013656376,170.43885775684382,225.88612794393,500.7348871165602,502.4107498230648,283.6921374076424,-31.405268288923093,-664.163558790601,-327.4802819367218,945.7017321582587,288.6256101407306,-1063.9428212258372,633.8806765706595
86.51974754582014,-64.35632805847347,200.18935761527712,94.22994044154005,-29.820685390318523,-47.26267402409613,8.226453725416402,11.665724680022665,52.813887706039026,-77.79705489593603,163.51470767157676,-84.03487090638578,-308.7068774101018,208.7446747944702,87.86835853458135,105.71454626068021,75.2029326026531,113.02658517180535,25.36010231990523,104.22851556522411,31.939779901176635,124.46098278702978,69.1307970512411,125.0814930043616,85.78051079154923,26.561073749488997,7.699030557937565,19.017905254065226,4.2781669322226765,151.38514147914213,-36.68234560535441,-15.726834672672338,52.1891060403475,68.9392574867394,152.96529209125433,153.5198237898602,86.50091121513012,-9.648017736988443,-203.29630882441796,-100.09034262121749,288.98986636894125,88.37095642857108,-325.02724580695804,193.73511829939892
337.0920298415539,-251.7989327180772,782.3455813595112,367.65863125773865,-116.89105335471167,-185.00029240722097,32.20775279627399,45.187667427132965,206.32329209758683,-303.70319894581,638.8214521180569,-328.9626145083598,-1205.6399056335674,815.121404939471,342.95074906307565,412.27384001688876,293.7129097832611,441.9935803393811,99.78347234181501,407.2786121720968,124.46098278702978,486.3813250483622,269.80379733058385,488.56131992426236,334.9768540991236,103.42148143782094,30.055569207001707,74.12576014056143,16.651396292373526,590.9716356556529,-143.76345123578213,-61.02284367561708,203.58547015874035,269.92699522161615,597.3160989314088,600.1959687428289,338.79659287820397,-37.60355646000689,-793.2340537696768,-390.9721600415244,1128.7845867031613,344.3876835614968,-1269.9134897980437,756.6960744025968
187.400708221786,-139.6699603349805,434.1459343954475,204.04669678136722,-64.66490659939616,-102.4045570930335,17.88850303279656,25.230652630452127,114.41732951029061,-168.8704319548702,354.4372788872085,-182.3342738211244,-669.3759900105293,452.51607273136796,190.42622816024033,229.0625244581571,163.4502355524,245.10023966879282,55.221651390411864,225.7313525385637,69.1307970512411,269.80379733058385,149.9583559703912,271.27476483291844,185.71296675873714,57.50037623848524,16.700333295002995,41.16067161373679,9.176256504578904,328.03676831474803,-79.64914095636662,-33.86681587486851,113.0988005275617,149.34500482160706,331.61186312816733,332.8772375317888,187.9223064241618,-20.930430959685374,-440.4654392595852,-216.95212616487547,626.5964198936481,191.64772860532096,-704.8695203864115,420.38449743318466
339.09274074574387,-252.85862161941606,786.4890288863459,369.41372915638914,-117.02252857706308,-185.7319798367869,32.608604030716386,45.93819406768681,207.4111506522973,-305.8187655822117,641.6837245115513,-330.614812095515,-1211.726420409137,819.6485010188266,344.8363184175651,414.72309446423276,296.02602458709725,443.95116255691573,100.09402743918633,409.1292254858682,125.0814930043616,488.56131992426236,271.27476483291844,491.12094784877337,336.3710591692566,103.9320751920179,30.48417922991763,74.49508930373037,16.74873362173648,593.8717808879202,-144.31279409185322,-61.301646112478565,204.64075950129526,270.5711071563223,600.6086130155954,602.7463889601134,340.4534225303417,-37.82584747909643,-797.1629016214948,-392.8603110109359,1134.6742783877003,346.7902840500057,-1276.5145736553839,761.1126706261621
232.22761093390392,-173.29422052545365,538.7368040867066,253.36027061341318,-80.48479292285302,-127.49131275619712,22.173949864747915,31.209799563950604,142.17840751657727,-209.0083859335615,439.96759518388274,-226.51191007341578,-830.1601423779239,561.4102930147409,236.23594157672952,284.0055275785354,201.98972140164258,304.3560910848489,68.55566691257629,280.70208794429715,85.78051079154923,334.9768540991236,185.71296675873714,336.3710591692566,230.88984517079135,71.25869475916585,20.726408239936063,51.09218297243864,11.55657627073529,407.0838532444621,-98.93060331204639,-42.17854108528037,140.22442142315307,185.9975091725459,411.3947252327881,413.3075682146127,233.07383237566057,-25.86569063572169,-546.4209106614627,-269.2771347969894,777.321655088641,237.0969886399206,-874.4281531936211,520.8380846954819
71.91205820735135,-53.5094406643562,166.16147178359378,78.30555491390915,-24.851757829437382,-39.18597159348905,6.73380098601558,9.538758582518634,43.79164333793586,-64.54933061636174,135.91621305802954,-69.66612638657385,-256.57004223986917,173.27428204319406,72.96464030492905,87.7872524465759,62.36169399719701,93.88752587706465,21.067352221365173,86.47822177736036,26.561073749488997,103.42148143782094,57.50037623848524,103.9320751920179,71.25869475916585,22.125179762706,6.281205481298135,15.810510036332746,3.5056016473297484,125.80561886879086,-30.47174852532542,-13.071284723393218,43.39647498438656,57.30748794473556,126.9867647999743,127.5952567916192,71.81710845715315,-8.03778316189826,-169.01822364784,-83.15481638033161,240.02716085828163,73.40685529514005,-269.9330538820993,160.9088377994684
21.196195435811024,-15.36767205395055,49.42550220301355,22.83421636038918,-6.6772842663814345,-11.629388007900411,2.5111786419695563,3.760230408545735,13.184714872525399,-19.651758282425124,39.350567222609236,-20.959065780931518,-74.86919599737523,51.64849139637077,21.647066209114715,26.17688209708065,19.300657097273348,27.360126849955567,6.0162248128541105,25.634280529886457,7.699030557937565,30.055569207001707,16.700333295002995,30.48417922991763,20.726408239936063,6.281205481298135,2.4616918970779382,4.600342994569963,1.2186603289874887,36.71424380640861,-8.807047858259272,-3.7981039435824417,12.629056679815303,16.167666052944018,37.805260495849325,36.88007280445744,21.173709623956164,-2.2821210923904665,-49.10476793903831,-24.312912302019893,70.75445184069832,22.06674180720952,-79.64092217836412,47.76978301358879
51.524192047837516,-38.32539279486677,119.24924626498652,56.11956362021393,-17.751401893605202,-28.162795414803426,4.912237648002533,6.963847553005444,31.46949417270472,-46.34257300661015,97.37879923221651,-50.07201099589929,-183.84974683994957,124.34647718642618,52.33731945874863,62.96467313594287,44.800353861509045,67.32356581401241,15.107341339210079,62.096284701310374,19.017905254065226,74.12576014056143,41.16067161373679,74.49508930373037,51.09218297243864,15.810510036332746,4.600342994569963,11.326477788788885,2.5550532586708696,90.15839234607829,-21.851636540881284,-9.368402734501453,31.07420965539954,41.05867395095986,91.11367643092852,91.42818466884921,51.52409681371963,-5.745728979679128,-121.06154721297278,-59.615336446075844,172.12620979063442,52.62753962572202,-193.59404248278344,115.3877171165786
11.63838708017166,-8.517444791718827,27.06445710050628,12.66848043272274,-3.8459683356337115,-6.445226869239777,1.2541647939682685,1.8527691640251085,7.230227875610047,-10.565130224078239,21.825967333095477,-11.447241472476103,-41.26314525704579,28.26887301810645,11.875576306675995,14.313881412262816,10.238321499415694,15.138133178616327,3.3218377802240067,14.181093307138584,4.2781669322226765,16.651396292373526,9.176256504578904,16.74873362173648,11.55657627073529,3.5056016473297484,1.2186603289874887,2.5550532586708696,0.6671840057165882,20.29835651612086,-4.878073861836243,-2.1549500947868263,6.970060949097484,9.160186456363201,20.696304373910706,20.469109390692957,11.571885407994065,-1.2587979183917672,-27.179714986193602,-13.42970305970418,38.871106463532804,11.932252838353325,-43.71855463946389,26.031036710169683
410.18820727800664,-305.7742921846178,950.9244501486778,447.00367983334763,-141.68262556032568,-224.66994057858614,39.26712141742273,55.37413690866423,250.840979531896,-369.4939072463577,776.2419691056713,-399.63152958495516,-1465.4573785429686,991.1185728204728,417.04366097037956,501.5510971081682,357.4062216809493,536.9273649135431,120.90761553804019,494.9625081208021,151.38514147914213,590.9716356556529,328.03676831474803,593.8717808879202,407.0838532444621,125.80561886879086,36.71424380640861,90.15839234607829,20.29835651612086,718.4083409393725,-174.47646922342992,-74.33092217409168,247.55217319619916,327.5211668823652,726.2620069756942,729.0831328490702,411.42010158051016,-45.743231119079624,-964.4179392660988,-475.1827708897972,1372.1397800649743,419.19257639576904,-1543.5446431620792,920.0259492510563
-99.30748567760514,74.53977717082535,-231.13644408197592,-108.48778185968396,34.71021652074593,54.745312807912356,-9.480625657631721,-13.12915203486846,-60.917421052813246,89.58719559933026,-188.78409783138338,97.32823318172784,356.120132479421,-240.61793356038817,-101.19671820454305,-121.53781406180832,-86.65450930477681,-130.7298777293689,-29.71281817065777,-120.31317866924891,-36.68234560535441,-143.76345123578213,-79.64914095636662,-144.31279409185322,-98.93060331204639,-30.47174852532542,-8.807047858259272,-21.851636540881284,-4.878073861836243,-174.47646922342992,42.6269323375923,17.905959698132367,-60.06272358255756,-79.98186001335138,-176.32440193769486,-177.5019934077501,-100.34177102089895,11.0965871613992,234.09692989007672,115.50129396179862,-333.38392179490944,-101.4374187050905,375.1682276747928,-223.45358668646796
-42.577530785651675,31.460417189231023,-98.10944358459979,-46.34142803501077,14.560429002748405,23.19044822368467,-4.024762834118347,-5.790038734627428,-25.959503812735434,38.096780010449564,-80.18449092257293,41.117765357036795,151.3609478866769,-102.45177381189671,-43.15080026982803,-51.95141930168656,-36.732457539108886,-55.38239810679157,-12.285157456609722,-51.225535013656376,-15.726834672672338,-61.02284367561708,-33.86681587486851,-61.301646112478565,-42.17854108528037,-13.071284723393218,-3.7981039435824417,-9.368402734501453,-2.1549500947868263,-74.33092217409168,17.905959698132367,7.851230684085709,-25.610651729335288,-33.78928900476863,-75.04396009439013,-75.20481733451079,-42.18413938784858,4.747420596593165,99.84996245739461,49.11435017486917,-141.71277124731648,-43.371386293970744,159.29772328756655,-94.86905625520842
141.41564287174972,-105.32680737669656,327.58925210937105,154.0299689922653,-48.78493874565417,-77.31884384261254,13.510953386632226,19.11714341819408,86.37660668896552,-127.36479815318266,267.44494126432653,-137.5921011965797,-504.97698401875164,341.4721891537381,143.71190151895328,172.88214287119675,123.21926118966262,184.91007167076236,41.58943197531879,170.43885775684382,52.1891060403475,203.58547015874035,113.0988005275617,204.64075950129526,140.22442142315307,43.39647498438656,12.629056679815303,31.07420965539954,6.970060949097484,247.55217319619916,-60.06272358255756,-25.610651729335288,85.35582489697988,112.74092508193662,250.2548969656248,251.15614355765553,141.70178089796343,-15.755768281208274,-332.3985701109458,-163.69764334643415,472.774890135678,144.5764946292549,-531.8082011856676,317.07287964610265
186.2261608781732,-139.91531774640424,433.13642307420906,203.79505530408463,-65.54245855757753,-102.79163129621993,17.4408387775632,24.112804295447624,114.19040335517812,-167.3481215130017,354.5325856202146,-182.28122769186822,-668.0417030443158,450.8858038901845,189.72241137888057,227.76187100572787,161.460587326668,245.35412705098332,55.6808397036793,225.88612794393,68.9392574867394,269.92699522161615,149.34500482160706,270.5711071563223,185.9975091725459,57.30748794473556,16.167666052944018,41.05867395095986,9.160186456363201,327.5211668823652,-79.98186001335138,-33.78928900476863,112.74092508193662,150.70859224700868,330.449852201842,333.3520415779865,187.9048990642362,-20.792655791068498,-439.5548600942415,-216.74686908095887,625.0885985347579,189.72603246318013,-703.3184591966937,418.3644689981491
414.8868084654033,-308.90301813849925,962.4514923720844,451.8246307446289,-142.61239802432408,-227.30761686518926,40.3142626969221,57.06654547092402,253.99691311728532,-374.53953122677046,784.4171629450761,-404.74548264795976,-1481.6073218499644,1003.1820878330783,422.0036651536352,507.66604990021034,362.71245497154104,542.7701046858168,122.14539532609722,500.7348871165602,152.96529209125433,597.3160989314088,331.61186312816733,600.6086130155954,411.3947252327881,126.9867647999743,37.805260495849325,91.11367643092852,20.696304373910706,726.2620069756942,-176.32440193769486,-75.04396009439013,250.2548969656248,330.449852201842,735.0867010773296,736.7208649720341,416.30704694332843,-46.16139843690162,-974.730170599011,-480.42695162663006,1388.03502585319,424.5812606293281,-1561.5463218600987,931.1844869215861
415.6647534683728,-310.83949139576714,965.068573897587,453.5476569880639,-144.4938654826215,-228.27351846599697,39.582023595875114,55.37818574893487,254.43914106555243,-374.42569841699606,788.3216234498424,-405.83359571738515,-1487.5084902641922,1005.3175172855689,422.9755123323804,508.3670354001507,362.0431237192255,545.4482007866626,123.3017036615008,502.4107498230648,153.5198237898602,600.1959687428289,332.8772375317888,602.7463889601134,413.3075682146127,127.5952567916192,36.88007280445744,91.42818466884921,20.469109390692957,729.0831328490702,-177.5019934077501,-75.20481733451079,251.15614355765553,333.3520415779865,736.7208649720341,740.7663801370157,418.1458244746716,-46.388651553282976,-978.6121669446508,-482.3724034724028,1392.4953568008425,424.55679143510247,-1566.6518065315304,933.3712347852409
234.49332295110045,-175.54037280425234,545.5470021186686,255.77739946010925,-81.34140720991319,-128.99473680469933,22.70806769312749,31.705409191063204,143.8022179011022,-211.98428462743462,444.85731441989077,-229.71216390461356,-839.8369808415475,568.0853487708874,238.88967991708427,287.10758077668373,205.34852191340295,308.04215129486806,69.85450713844632,283.6921374076424,86.50091121513012,338.79659287820397,187.9223064241618,340.4534225303417,233.07383237566057,71.81710845715315,21.173709623956164,51.52409681371963,11.571885407994065,411.42010158051016,-100.34177102089895,-42.18413938784858,141.70178089796343,187.9048990642362,416.30704694332843,418.1458244746716,236.67156729510742,-26.13983923806678,-552.0008072891663,-272.3149944750007,786.5986953513159,239.97276199386508,-885.193330026748,527.6995130142844
-26.17700474596751,19.48362709271144,-60.42495887864642,-28.451986844493153,9.01716292817452,14.229346078970007,-2.447398361055334,-3.425474205121872,-15.92236798277034,23.51282972277946,-49.41401349220842,25.32285217861658,93.37490298507605,-63.03890735751542,-26.531886754555583,-31.91383082266849,-22.739496976368958,-34.17366195406679,-7.695792406001921,-31.405268288923093,-9.648017736988443,-37.60355646000689,-20.930430959685374,-37.82584747909643,-25.86569063572169,-8.03778316189826,-2.2821210923904665,-5.745728979679128,-1.2587979183917672,-45.743231119079624,11.0965871613992,4.747420596593165,-15.755768281208274,-20.792655791068498,-46.16139843690162,-46.388651553282976,-26.13983923806678,2.9667472245921744,61.443343491355314,30.259059641191847,-87.3159526176229,-26.71730238198494,98.19484871647508,-58.58819706280613
-550.7894637197289,410.42080676334416,-1276.0905663981719,-600.105078510722,190.22319849149946,301.3689457139967,-52.53754291443613,-74.16596001224082,-336.552794894473,495.8673531223702,-1042.0143429308232,536.0501123145802,1967.2265073737256,-1330.158824471554,-559.7800538178375,-673.2792014939662,-479.5681545091026,-720.580469628066,-162.1518777847455,-664.163558790601,-203.29630882441796,-793.2340537696768,-440.4654392595852,-797.1629016214948,-546.4209106614627,-169.01822364784,-49.10476793903831,-121.06154721297278,-27.179714986193602,-964.4179392660988,234.09692989007672,99.84996245739461,-332.3985701109458,-439.5548600942415,-974.730170599011,-978.6121669446508,-552.0008072891663,61.443343491355314,1294.86092113469,637.8169863726762,-1841.6908974633125,-562.8070062635041,2071.646056014044,-1234.8690257179653
-271.2194408164008,202.33645929963296,-629.154836184589,-295.63435657015754,93.76405253983324,148.70515642249498,-26.01127162514085,-36.59270015170001,-165.96868390019122,244.42472865626755,-513.5015357860667,264.5095235216379,969.4011808984783,-655.6598996581165,-275.8524538339203,-331.69199124865935,-236.45885758632727,-355.287160593946,-80.10504609132173,-327.4802819367218,-100.09034262121749,-390.9721600415244,-216.95212616487547,-392.8603110109359,-269.2771347969894,-83.15481638033161,-24.312912302019893,-59.615336446075844,-13.42970305970418,-475.1827708897972,115.50129396179862,49.11435017486917,-163.69764334643415,-216.74686908095887,-480.42695162663006,-482.3724034724028,-272.3149944750007,30.259059641191847,637.8169863726762,314.3583403475072,-907.721816323555,-277.1818889135825,1021.1719372875949,-608.6305583668016
783.4908208193615,-584.0476401862335,1817.5933923928444,853.5963415608552,-270.15499571597667,-429.3666882410126,75.604796901773,106.632609747178,479.4946135685787,-706.7806694590624,1482.46612298466,-764.2419460860615,-2799.43609774181,1894.2693997355886,796.9028616858476,958.4297056980402,684.1738389358381,1025.7453274150823,231.14663642563264,945.7017321582587,288.98986636894125,1128.7845867031613,626.5964198936481,1134.6742783877003,777.321655088641,240.02716085828163,70.75445184069832,172.12620979063442,38.871106463532804,1372.1397800649743,-333.38392179490944,-141.71277124731648,472.774890135678,625.0885985347579,1388.03502585319,1392.4953568008425,786.5986953513159,-87.3159526176229,-1841.6908974633125,-907.721816323555,2621.874252573496,801.3348032442233,-2949.6342374860724,1758.5893610578253
240.05551820531295,-177.97288413903374,555.5283254959817,260.7703985855262,-81.72316874009174,-130.78839587788775,23.458939893216797,33.54009001908948,146.57379289931478,-216.865483211988,452.3383616812057,-233.30806013375724,-855.2818279687933,579.4486565328338,243.79356416478615,293.5858397443235,210.28474336975268,312.807154242549,70.09342955875056,288.6256101407306,88.37095642857108,344.3876835614968,191.64772860532096,346.7902840500057,237.0969886399206,73.40685529514005,22.06674180720952,52.62753962572202,11.932252838353325,419.19257639576904,-101.4374187050905,-43.371386293970744,144.5764946292549,189.72603246318013,424.5812606293281,424.55679143510247,239.97276199386508,-26.71730238198494,-562.8070062635041,-277.1818889135825,801.3348032442233,246.0563157330241,-901.370899813786,538.1731325212611
-881.2095940341543,657.1403009920929,-2044.9550739232977,-960.1644501188055,303.98090026565364,483.12879360299456,-85.1192939864506,-119.95060987588275,-539.448210969959,795.1647681728583,-1667.7621739927001,859.9962225105761,3149.296025975823,-2131.043775335511,-896.4640051247444,-1078.104541025413,-769.8109706190597,-1154.0628724519777,-260.217502486779,-1063.9428212258372,-325.02724580695804,-1269.9134897980437,-704.8695203864115,-1276.5145736553839,-874.4281531936211,-269.9330538820993,-79.64092217836412,-193.59404248278344,-43.71855463946389,-1543.5446431620792,375.1682276747928,159.29772328756655,-531.8082011856676,-703.3184591966937,-1561.5463218600987,-1566.6518065315304,-885.193330026748,98.19484871647508,2071.646056014044,1021.1719372875949,-2949.6342374860724,-901.370899813786,3318.4770709994227,-1978.4866509837482
525.6589962469568,-391.5328663306189,1219.2635868203242,572.2067952468998,-180.6831432844663,-287.70203349491226,51.00504879234924,72.0727725690523,321.5741909184636,-474.75872212529254,993.7711431055494,-512.6246070678118,-1877.4568543970581,1270.8071354028336,534.5670436473309,643.0995758622415,459.98659528647045,687.6350049545747,154.93876981395485,633.8806765706595,193.73511829939892,756.6960744025968,420.38449743318466,761.1126706261621,520.8380846954819,160.9088377994684,47.76978301358879,115.3877171165786,26.031036710169683,920.0259492510563,-223.45358668646796,-94.86905625520842,317.07287964610265,418.3644689981491,931.1844869215861,933.3712347852409,527.6995130142844,-58.58819706280613,-1234.8690257179653,-608.6305583668016,1758.5893610578253,538.1731325212611,-1978.4866509837482,1180.2484658542812
