V1,V2,V3,V4,V5,V6,V7,V8,V9,V10,V11,V12,V13,V14,V15,V16,V17,V18,V19,V20,V21,V22,V23,V24,V25,V26,V27,V28,V29,V30,V31,V32,V33,V34,V35,V36,V37,V38,V39,V40,V41,V42,V43,V44
13.512607346698298,4.145894724773582,-10.98953016119409,3.986383573391079,4.89054235839213,10.1059810069702,-3.4863195132461784,0.4247884009352164,-4.469093460330507,-2.758712309479813,-1.78508484004572,16.153380450342052,-5.945650146117783,-1.7075948674520156,2.1948703668831233,7.979959303211607,2.0817222780882885,-8.532399164287487,-9.307767255067903,-9.250322113458113,4.595182090349265,-4.106104160446045,6.672088845284158,1.1793614079402222,-3.0095279062903733,5.853419389610282,-3.0144360199668556,2.052231376595909,-1.5195474163297518,4.205060559942633,7.166460239121746,-4.450294615902103,4.289325438906881,-12.298272154508203,-1.4232136442307899,-8.468409127652565,-13.263033586638166,-2.8172264158504143,-13.371099380818418,1.0590506651535327,-2.0691753863477835,13.624508080784254,7.931618939017299,3.1588871703641304
4.145894724773582,1.625071819895848,-3.648969947046319,1.2834191086987772,1.6262641986932753,3.435932765331275,-1.5998222759295022,0.3639216343942845,-1.2294023250371116,-0.901558910096607,-0.635494376964136,4.428643184988117,-2.409918553510925,-0.5379721864258316,0.5327956570722443,2.165250504535554,0.31943918074532074,-2.91664573060066,-3.147432612923445,-3.8969267356921526,0.8535431526230906,-1.8109137909499333,1.8946920886499359,0.8189245569900281,-0.44011019713690996,2.3334028443663777,-1.1714441727305849,0.7238792953752734,-0.8987965739421273,1.2960595307159262,1.9422432943339618,-1.320516861825827,1.7746335111135765,-3.8032521333677307,-0.21037074880615964,-2.1731415994949232,-3.8092087252233893,-0.6785011871869076,-4.5842127990813,0.3148280295959526,-0.7924231445406239,4.211939165571087,2.531022115985882,1.003093746575721
-10.98953016119409,-3.648969947046319,9.158869163140146,-3.2896880005294347,-4.076333117517832,-8.48316492252109,3.250197398851142,-0.5272372787453521,3.5255278278915085,2.285487897134615,1.5239100830805326,-12.727400828282692,5.2905261444910545,1.403189666394638,-1.6732355505736731,-6.2676869074068975,-1.4431770255153822,7.175443435549436,7.800238508444957,8.353717097670648,-3.3012368176958202,3.7719358086717096,-5.3070367863298635,-1.3147451474544927,2.072219689348063,-5.182565773914686,2.6453538850534337,-1.742718307543312,1.5753472992985311,-3.4220091692669365,-5.628396826024621,3.5856140312315214,-3.8452816948946396,10.02958638863617,0.9816466876967275,6.55880669583654,10.585864253117816,2.14595689687677,11.249996113296614,-0.8568065384927931,1.8100216739673392,-11.105871095783055,-6.53336527100476,-2.5937615707301402
3.986383573391079,1.2834191086987772,-3.2896880005294347,1.1955034899082615,1.4624726146294853,3.041360415297047,-1.120866673970565,0.16342574111934233,-1.2949220376784438,-0.8230119415528843,-0.5450973364340284,4.667869831297276,-1.8654072215155937,-0.5035370914254971,0.6196786537331533,2.3036484934992716,0.5621971201989988,-2.5693600196636535,-2.801597157261153,-2.9164614783436105,1.2517914017706462,-1.3050345104252152,1.9428742242959856,0.42964625241980997,-0.8065823410526548,1.8296817344606506,-0.9350045865851024,0.6228849583267934,-0.5302056868230131,1.2392837703313937,2.0649441144350167,-1.310645392972084,1.3399610057754503,-3.642667845822189,-0.370914339989822,-2.425989114192798,-3.8641960892330918,-0.7982996783564383,-4.033616711901299,0.31994880891272814,-0.633301650685706,4.0277595305831415,2.3569006870230162,0.9439860093097419
4.89054235839213,1.6262641986932753,-4.076333117517832,1.4624726146294853,1.8156891662626815,3.7769327016564773,-1.4503665822111385,0.23743563378951557,-1.5668445979726464,-1.017984449525561,-0.6770892290613834,5.658694122691067,-2.358597602856225,-0.6237374337950029,0.7442635976599595,2.787152867079392,0.6392921250136989,-3.194610882402107,-3.4720384627555525,-3.724805419201841,1.4657097294011066,-1.6830903404068496,2.360254735287623,0.5891876923933128,-0.9167722080632927,2.3085991510626,-1.1784100273856377,0.7757218340211746,-0.7028353670586053,1.5240014469958234,2.5031751410165097,-1.5940474849335926,1.7160073824233504,-4.460589906136084,-0.4360234132828181,-2.913355620217163,-4.70780803812491,-0.9532323647564539,-5.009366949513509,0.37791245057292333,-0.8060999007134664,4.941453445313949,2.9053524067549303,1.154288875660734
10.1059810069702,3.435932765331275,-8.48316492252109,3.041360415297047,3.7769327016564773,7.878007772051391,-3.111363051038378,0.5388136380667261,-3.208351831074601,-2.115019578815149,-1.420334437024257,11.57731228794067,-5.00561501154451,-1.2904688053065134,1.5059382073424619,5.697893493852196,1.2546587663451323,-6.666067699858408,-7.2404579611324476,-7.926678602653392,2.904910876129196,-3.594874158691281,4.845314161330288,1.3168284960369045,-1.7928381537664289,4.8920956468093655,-2.489969199861613,1.6243941322667717,-1.5499300749413127,3.148975860856159,5.114483929528347,-3.287834257530989,3.6414702003252786,-9.230142374975209,-0.8464578982713464,-5.930465722168825,-9.670861075007338,-1.929985277341117,-10.458868900558253,0.7856281818160322,-1.6970594921520394,10.220335604688108,6.025634275859368,2.396282621803866
-3.4863195132461784,-1.5998222759295022,3.250197398851142,-1.120866673970565,-1.4503665822111385,-3.111363051038378,1.697115832759005,-0.4608519667723516,0.9392382063714187,0.7947970822358523,0.5917650522227705,-3.370776290080483,2.4185434295607866,0.4597761623305436,-0.35449578538169507,-1.632487870338738,-0.057703215939301215,2.649825902249849,2.8400743539950426,3.9793399697798306,-0.34693285780998667,1.8876308189688582,-1.4923264396285294,-0.9932579601882857,0.048729594160287534,-2.320303753178894,1.1489554377483637,-0.6711515902679637,1.043669856398829,-1.0942440546168328,-1.461550179580322,1.0812827194881385,-1.7959619855511253,3.2180133759502088,0.024106064979072226,1.5432605296315254,3.0279790847465846,0.4469348495420816,4.175881141219516,-0.25791032199464775,0.7683183843780006,-3.5628121520394456,-2.189799460978866,-0.8680510072790452
0.4247884009352164,0.3639216343942845,-0.5272372787453521,0.16342574111934233,0.23743563378951557,0.5388136380667261,-0.4608519667723516,0.16933722886204655,-0.04549239476045415,-0.12377401794274925,-0.11236965839550903,0.15704763629026894,-0.5747028214723912,-0.06191573493703431,-0.023227609495545955,0.06328350809103535,-0.14665061047295097,-0.46527520598537037,-0.48402522468555675,-0.9913160471172692,-0.22334654439137303,-0.4945092709807122,0.10841513242140516,0.34054338320358485,0.22748396719610722,0.5381007358265962,-0.25731542357442866,0.12639700613257976,-0.3327292517079825,0.13744065741387282,0.05570812977439566,-0.10858046206967756,0.44012990920469314,-0.40314607947580183,0.10427217528814911,0.018077409019610906,-0.24338287703483288,0.034826507987770386,-0.7388045902857431,0.02313996898287595,-0.16864604194268135,0.44817674777449723,0.310766105385342,0.12144272517082522
-4.469093460330507,-1.2294023250371116,3.5255278278915085,-1.2949220376784438,-1.5668445979726464,-3.208351831074601,0.9392382063714187,-0.04549239476045415,1.5365470922177242,0.8893942715905365,0.5573257377974791,-5.557231428477615,1.728599789901554,0.5610826235160743,-0.7816166004619759,-2.7531616416696627,-0.8175311213930049,2.7029475307510418,2.9623262785985616,2.633664890307726,-1.74366788477448,1.1363055203985961,-2.268353762980746,-0.20442858546519688,1.1922382978706976,-1.7205001356313703,0.8981194549938316,-0.6408641381221772,0.32906226001030864,-1.3867987683127432,-2.4740119706831947,1.4910473400706683,-1.232290360187025,4.058475092523524,0.5623024493488937,2.9750968539840654,4.493312665277131,1.0069363849646895,4.227505374379282,-0.35707087837362567,0.6229010260615097,-4.493997254358312,-2.588198653055551,-1.0302633942624753
-2.758712309479813,-0.901558910096607,2.285487897134615,-0.8230119415528843,-1.017984449525561,-2.115019578815149,0.7947970822358523,-0.12377401794274925,0.8893942715905365,0.5729702900127285,0.37676496055442404,-3.2151645377289917,1.3069202701097702,0.3493422799614337,-0.42692424519528277,-1.5856042582806085,-0.37455348865914856,1.787845316292801,1.9453100680208277,2.053855452346205,-0.8517833972361063,0.9241046508160663,-1.3383901957498874,-0.31342167643424085,0.5377953505489372,-1.2781996009106018,0.6537596328748434,-0.4339620225780856,0.3775287315448384,-0.860699063383889,-1.423065078111071,0.9006651825425477,-0.9488291451978643,2.514044463183355,0.2549886967725859,1.6613235402321145,2.666804603861344,0.5459506732768123,2.8060465257904834,-0.21394173327249882,0.44567140818562256,-2.7866426393825012,-1.6324363608548802,-0.650979310541906
-1.78508484004572,-0.635494376964136,1.5239100830805326,-0.5450973364340284,-0.6770892290613834,-1.420334437024257,0.5917650522227705,-0.11236965839550903,0.5573257377974791,0.37676496055442404,0.2620196923736286,-2.003187546110533,0.9307851479457947,0.23106084229745708,-0.2521587129361673,-0.9826807122229468,-0.1975116849056157,1.2035226203959186,1.305567791891529,1.4874861880476022,-0.46579628243370985,0.6795624906354844,-0.8440312513618218,-0.2678300448318962,0.28142906207183327,-0.9112013084859808,0.46092732043922463,-0.2945198530439102,0.31113855049462086,-0.5536963388365078,-0.8822490437717024,0.5800772561434953,-0.6762721548491666,1.6394070335599664,0.12938510681154244,1.0176840440854629,1.6885921120077227,0.3260774398250634,1.8858630653821808,-0.14366628216727395,0.3142764168295786,-1.8090224848574252,-1.0774988317167968,-0.42637696425557925
16.153380450342052,4.428643184988117,-12.727400828282692,4.667869831297276,5.658694122691067,11.57731228794067,-3.370776290080483,0.15704763629026894,-5.557231428477615,-3.2151645377289917,-2.003187546110533,20.11927456882879,-6.2140769776474025,-2.0267728267967065,2.8385667370842906,9.968716759133754,2.964305373950181,-9.753213597129358,-10.686603775354376,-9.464624500198013,6.3388766435206785,-4.082072540352686,8.205285928164937,0.7178674917249389,-4.326212437544728,6.181084163603791,-3.231009611453012,2.3123285393800517,-1.1611487398720837,5.018508103557074,8.959484273883884,-5.383001363495449,4.442798617623184,-14.653456005805147,-2.0534309160261492,-10.769133624177353,-16.257442380579068,-3.6488910262870977,-15.255603644173844,1.279733698649393,-2.245373020320347,16.240071527967277,9.346437057596283,3.717009924586768
-5.945650146117783,-2.409918553510925,5.2905261444910545,-1.8654072215155937,-2.358597602856225,-5.00561501154451,2.4185434295607866,-0.5747028214723912,1.728599789901554,1.3069202701097702,0.9307851479457947,-6.2140769776474025,3.6111947073404136,0.766387253674983,-0.7284868791193293,-3.0376682058449154,-0.3881951635176997,4.249214999201777,4.585571085628897,5.838245740772984,-1.0847399931710642,2.7214208645957108,-2.6827618840662906,-1.2878161073882297,0.517213782835639,-3.4827556574866794,1.7405172556326425,-1.0610715744099524,1.3975521165604896,-1.8605548712588398,-2.7177388783307563,1.8888716947573494,-2.647850732333261,5.467288590092099,0.23393628435032324,3.0121177325754425,5.392392679757612,0.9281223376036829,6.695564888118891,-0.45537764824261584,1.1613254382525477,-6.050049823525729,-3.6420671552240274,-1.4576422811257284
-1.7075948674520156,-0.5379721864258316,1.403189666394638,-0.5035370914254971,-0.6237374337950029,-1.2904688053065134,0.4597761623305436,-0.06191573493703431,0.5610826235160743,0.3493422799614337,0.23106084229745708,-2.0267728267967065,0.766387253674983,0.22055723296884858,-0.2717445514936346,-0.9978661655140106,-0.2504948141903253,1.091281139239441,1.187237234066269,1.2080897432649316,-0.562215611315544,0.540705043696214,-0.837339956723474,-0.1627827138221548,0.3645314524792603,-0.7577409865035487,0.3897346358733511,-0.2623914265148085,0.20659780226860533,-0.5298683793847522,-0.898429623659259,0.5604121357401997,-0.5583820858634437,1.5561406227526764,0.1758462409120644,1.0581412017426224,1.67024297424601,0.34968807456603923,1.7042070573035104,-0.13357735580854707,0.2723354104037483,-1.7224957198875512,-1.0120625587349865,-0.3966643864552518
2.1948703668831233,0.5327956570722443,-1.6732355505736731,0.6196786537331533,0.7442635976599595,1.5059382073424619,-0.35449578538169507,-0.023227609495545955,-0.7816166004619759,-0.42692424519528277,-0.2521587129361673,2.8385667370842906,-0.7284868791193293,-0.2717445514936346,0.4158575767752645,1.4112716701652406,0.46403181038318336,-1.2653714355072119,-1.392122648530512,-1.0763079228467023,0.973333055417267,-0.44648664800419835,1.1445818567010864,0.008400993353498632,-0.6801246747396419,0.7307986399168683,-0.38938291631580807,0.29590184993716107,-0.07052986424315986,0.6830663223240317,1.26869442795757,-0.7374755145355739,0.5171969795921538,-1.979803992001688,-0.3259329973032561,-1.5439431766031402,-2.2602224170409118,-0.5324999841408792,-1.9783746100438835,0.17146547964412237,-0.2735461220278653,2.1998455496978093,1.2481759941324995,0.4972854078888438
7.979959303211607,2.165250504535554,-6.2676869074068975,2.3036484934992716,2.787152867079392,5.697893493852196,-1.632487870338738,0.06328350809103535,-2.7531616416696627,-1.5856042582806085,-0.9826807122229468,9.968716759133754,-3.0376682058449154,-0.9978661655140106,1.4112716701652406,4.942421797398023,1.4848636096292849,-4.798271497573617,-5.2611058483914706,-4.609625417278348,3.1648331358535793,-1.9813005756781037,4.063069177703796,0.3282272509165141,-2.165808831466311,3.021377723103999,-1.5810443963168606,1.1367224052982061,-0.5476231576408437,2.479892666783013,4.4404646922200435,-2.662416805838799,2.1666106411835644,-7.236415221209322,-1.0257404974349167,-5.344100939812185,-8.04511031971855,-1.8137372085451915,-7.50862917644336,0.6323882300754551,-1.0961875608728073,8.021071338633973,4.607286859319459,1.836533365800752
2.0817222780882885,0.31943918074532074,-1.4431770255153822,0.5621971201989988,0.6392921250136989,1.2546587663451323,-0.057703215939301215,-0.14665061047295097,-0.8175311213930049,-0.37455348865914856,-0.1975116849056157,2.964305373950181,-0.3881951635176997,-0.2504948141903253,0.46403181038318336,1.4848636096292849,0.6109414224550218,-1.0449465504720363,-1.172047508902649,-0.4688530527805177,1.2087592605930322,-0.13387151996355387,1.1660094581194345,-0.23164379744970265,-0.9020750490832484,0.41894056196523116,-0.24230393725669694,0.23122302818053103,0.15488192764500294,0.641082358510643,1.3346846431981776,-0.7282222445484212,0.2440166190170534,-1.8711912673617088,-0.42127942590500556,-1.6903310786962744,-2.2779400684248174,-0.6020516500593963,-1.6253720044299733,0.17539363990653573,-0.17577484119850847,2.071348012765565,1.1352844547091339,0.4574283456103541
-8.532399164287487,-2.91664573060066,7.175443435549436,-2.5693600196636535,-3.194610882402107,-6.666067699858408,2.649825902249849,-0.46527520598537037,2.7029475307510418,1.787845316292801,1.2035226203959186,-9.753213597129358,4.249214999201777,1.091281139239441,-1.2653714355072119,-4.798271497573617,-1.0449465504720363,5.641796335278945,6.125488568959697,6.738463087406901,-2.429150590113079,3.0597914561036514,-4.084035063252823,-1.1306699147662327,1.4930997829184454,-4.152682460358524,2.1127018566157023,-1.37537032835224,1.3266599222876247,-2.6585628332745155,-4.307887561583873,2.7734542552685633,-3.094508480215331,7.794120248769215,0.7064812537328522,4.9894832075516256,8.154889411518834,1.621586965176688,8.850009387345779,-0.6626028383027511,1.4413802600404881,-8.63002673518815,-5.093281986822556,-2.0232194677283433
-9.307767255067903,-3.147432612923445,7.800238508444957,-2.801597157261153,-3.4720384627555525,-7.2404579611324476,2.8400743539950426,-0.48402522468555675,2.9623262785985616,1.9453100680208277,1.305567791891529,-10.686603775354376,4.585571085628897,1.187237234066269,-1.392122648530512,-5.2611058483914706,-1.172047508902649,6.125488568959697,6.657221842749467,7.251378060386282,-2.699673831445306,3.2836016817851794,-4.470367711263364,-1.1915736347713124,1.6757692006603595,-4.483642684047786,2.2827361049164265,-1.491950505303667,1.4094841080915275,-2.898848745410271,-4.721341269455359,3.0326923928492424,-3.329667038402206,8.503976596381342,0.7868980224894405,5.483951016942365,8.91905771406008,1.7861820282323984,9.611579652449072,-0.7282984565182223,1.553955807521549,-9.41281122394317,-5.545917209810977,-2.2076651495494444
-9.250322113458113,-3.8969267356921526,8.353717097670648,-2.9164614783436105,-3.724805419201841,-7.926678602653392,3.9793399697798306,-0.9913160471172692,2.633664890307726,2.053855452346205,1.4874861880476022,-9.464624500198013,5.838245740772984,1.2080897432649316,-1.0763079228467023,-4.609625417278348,-0.4688530527805177,6.738463087406901,7.251378060386282,9.517132666159002,-1.4669175354394004,4.465912886713997,-4.110089313373746,-2.1832578184326272,0.6094622620989705,-5.629380928015839,2.806592875723307,-1.6875459605136962,2.3446499464359376,-2.8946018038208763,-4.1311893363820715,2.915840242820141,-4.309401426151122,8.515538761565386,0.2859759257702713,4.518907276731887,8.292384390443564,1.3689927877840267,10.60363205136155,-0.6998731418348236,1.8857800982617283,-9.422692988725458,-5.719233241481942,-2.2698708769076696
4.595182090349265,0.8535431526230906,-3.3012368176958202,1.2517914017706462,1.4657097294011066,2.904910876129196,-0.34693285780998667,-0.22334654439137303,-1.74366788477448,-0.8517833972361063,-0.46579628243370985,6.3388766435206785,-1.0847399931710642,-0.562215611315544,0.973333055417267,3.1648331358535793,1.2087592605930322,-2.429150590113079,-2.699673831445306,-1.4669175354394004,2.4521324828802293,-0.5258752925880856,2.50960822509607,-0.32505321495101086,-1.7865534766648279,1.1303317945823468,-0.6322970484443621,0.5490139708578586,0.1740059567138793,1.423134945269783,2.8485992257080945,-1.5786623546443945,0.7393726194138965,-4.126594314827413,-0.8529943581215745,-3.553794274933491,-4.92902761066869,-1.2532967719712464,-3.7808837686238053,0.36949972558580835,-0.4598463070277708,4.582063004820925,2.5470403997475395,1.0136184662472971
-4.106104160446045,-1.8109137909499333,3.7719358086717096,-1.3050345104252152,-1.6830903404068496,-3.594874158691281,1.8876308189688582,-0.4945092709807122,1.1363055203985961,0.9241046508160663,0.6795624906354844,-4.082072540352686,2.7214208645957108,0.540705043696214,-0.44648664800419835,-1.9813005756781037,-0.13387151996355387,3.0597914561036514,3.2836016817851794,4.465912886713997,-0.5258752925880856,2.1098235981576003,-1.7889784060977265,-1.0726380096314951,0.1590990139506712,-2.618504791622132,1.3011586678159286,-0.7700240956887874,1.1372334606264027,-1.2866791074371795,-1.776755191684675,1.2820842575309328,-2.0193180178439984,3.7836233630222327,0.0787454590243168,1.9079787506101418,3.6221542625595897,0.5652878197717621,4.814549874930596,-0.3048252497332295,0.8754525372806231,-4.188485066514482,-2.561203890382843,-1.012731614077619
6.672088845284158,1.8946920886499359,-5.3070367863298635,1.9428742242959856,2.360254735287623,4.845314161330288,-1.4923264396285294,0.10841513242140516,-2.268353762980746,-1.3383901957498874,-0.8440312513618218,8.205285928164937,-2.6827618840662906,-0.837339956723474,1.1445818567010864,4.063069177703796,1.1660094581194345,-4.084035063252823,-4.470367711263364,-4.110089313373746,2.50960822509607,-1.7889784060977265,3.360723274478631,0.3846003706437025,-1.6955391232101098,2.658374468788964,-1.3820476322864075,0.9728153095152655,-0.5637033940467279,2.0736506839838174,3.6496482170989477,-2.2170375453205584,1.9195669651687854,-6.060532401750141,-0.8003943481309971,-4.366112738134997,-6.662251637289217,-1.471504926198142,-6.394409904221818,0.5285215771352896,-0.9536016465486095,6.7142565024746474,3.8755345061100512,1.5452369379832183
1.1793614079402222,0.8189245569900281,-1.3147451474544927,0.42964625241980997,0.5891876923933128,1.3168284960369045,-0.9932579601882857,0.34054338320358485,-0.20442858546519688,-0.31342167643424085,-0.2678300448318962,0.7178674917249389,-1.2878161073882297,-0.1627827138221548,0.008400993353498632,0.3282272509165141,-0.23164379744970265,-1.1306699147662327,-1.1915736347713124,-2.1832578184326272,-0.32505321495101086,-1.0726380096314951,0.3846003706437025,0.7002978165792509,0.3669670250872118,1.21229659058326,-0.584177063735412,0.3016790813696165,-0.6967099385278502,0.37598410393152404,0.28916121993098215,-0.33133769854794426,0.9695414586229033,-1.1124485727994067,0.17548943775769382,-0.18288347885006087,-0.8147050003510565,-0.0035594119049352215,-1.796357385467037,0.07965994753108085,-0.379593501403341,1.2305664550305833,0.8120235988664346,0.3244456564746096
-3.0095279062903733,-0.44011019713690996,2.072219689348063,-0.8065823410526548,-0.9167722080632927,-1.7928381537664289,0.048729594160287534,0.22748396719610722,1.1922382978706976,0.5377953505489372,0.28142906207183327,-4.326212437544728,0.517213782835639,0.3645314524792603,-0.6801246747396419,-2.165808831466311,-0.9020750490832484,1.4930997829184454,1.6757692006603595,0.6094622620989705,-1.7865534766648279,0.1590990139506712,-1.6955391232101098,0.3669670250872118,1.3375448596287516,-0.568051617909582,0.3339910597853907,-0.32829764642481546,-0.25349434653575625,-0.9256346559395082,-1.9491551511687495,1.054665326472142,-0.3236813049642339,2.703956195903017,0.6284183667458836,2.475697508854601,3.315047442717751,0.883049830633329,2.316055379767751,-0.25557334871084386,0.24869794058242617,-2.9925464789783662,-1.640960406050292,-0.6555546981304139
5.853419389610282,2.3334028443663777,-5.182565773914686,1.8296817344606506,2.3085991510626,4.8920956468093655,-2.320303753178894,0.5381007358265962,-1.7205001356313703,-1.2781996009106018,-0.9112013084859808,6.181084163603791,-3.4827556574866794,-0.7577409865035487,0.7307986399168683,3.021377723103999,0.41894056196523116,-4.152682460358524,-4.483642684047786,-5.629380928015839,1.1303317945823468,-2.618504791622132,2.658374468788964,1.21229659058326,-0.568051617909582,3.3691493156357932,-1.686134353334489,1.033374570703941,-1.3274193674249093,1.8273141905783372,2.7060277090102796,-1.8664970810869523,2.551363725882431,-5.384409051080585,-0.2580369980772306,-3.019233330074339,-5.341634550747966,-0.9352509454507425,-6.533798881142517,0.4531835803436664,-1.1310869856127117,5.952749789767434,3.5829795650560694,1.4282149958095183
-3.0144360199668556,-1.1714441727305849,2.6453538850534337,-0.9350045865851024,-1.1784100273856377,-2.489969199861613,1.1489554377483637,-0.25731542357442866,0.8981194549938316,0.6537596328748434,0.46092732043922463,-3.231009611453012,1.7405172556326425,0.3897346358733511,-0.38938291631580807,-1.5810443963168606,-0.24230393725669694,2.1127018566157023,2.2827361049164265,2.806592875723307,-0.6322970484443621,1.3011586678159286,-1.3820476322864075,-0.584177063735412,0.3339910597853907,-1.686134353334489,0.8463902873205067,-0.5239545426097695,0.6446139342498802,-0.9411293570929912,-1.4170806975163805,0.9637703758106654,-1.2755707329359867,2.768327491140366,0.15498824407342626,1.591862539495634,2.774764872288972,0.4979365160161492,3.3220283327196816,-0.2326303203275955,0.5700879079060657,-3.062382822197605,-1.8372149702158196,-0.7310434823614733
2.052231376595909,0.7238792953752734,-1.742718307543312,0.6228849583267934,0.7757218340211746,1.6243941322667717,-0.6711515902679637,0.12639700613257976,-0.6408641381221772,-0.4339620225780856,-0.2945198530439102,2.3123285393800517,-1.0610715744099524,-0.2623914265148085,0.29590184993716107,1.1367224052982061,0.23122302818053103,-1.37537032835224,-1.491950505303667,-1.6875459605136962,0.5490139708578586,-0.7700240956887874,0.9728153095152655,0.3016790813696165,-0.32829764642481546,1.033374570703941,-0.5239545426097695,0.33747050193803974,-0.34720214062238547,0.640312640321687,1.0192122055269812,-0.6644500056585497,0.7738339856899604,-1.8765393072899688,-0.15454708717096602,-1.1729574687166981,-1.9447148869166202,-0.37837081011112567,-2.1607390097886334,0.1595365686921032,-0.3553436316579686,2.0784871249224124,1.2303831315015104,0.48982493618860007
-1.5195474163297518,-0.8987965739421273,1.5753472992985311,-0.5302056868230131,-0.7028353670586053,-1.5499300749413127,1.043669856398829,-0.3327292517079825,0.32906226001030864,0.3775287315448384,0.31113855049462086,-1.1611487398720837,1.3975521165604896,0.20659780226860533,-0.07052986424315986,-0.5476231576408437,0.15488192764500294,1.3266599222876247,1.4094841080915275,2.3446499464359376,0.1740059567138793,1.1372334606264027,-0.5637033940467279,-0.6967099385278502,-0.25349434653575625,-1.3274193674249093,0.6446139342498802,-0.34720214062238547,0.7085695111322768,-0.47793531126686417,-0.48597639913412954,0.4504405634739099,-1.0410271509395843,1.4277755529076763,-0.12718822289036277,0.4303731376370329,1.1674710556480368,0.08769252334415743,2.1001247547715445,-0.114157174692549,0.42188118906793226,-1.5730963579346855,-1.0103031241042755,-0.402849567886067
4.205060559942633,1.2960595307159262,-3.4220091692669365,1.2392837703313937,1.5240014469958234,3.148975860856159,-1.0942440546168328,0.13744065741387282,-1.3867987683127432,-0.860699063383889,-0.5536963388365078,5.018508103557074,-1.8605548712588398,-0.5298683793847522,0.6830663223240317,2.479892666783013,0.641082358510643,-2.6585628332745155,-2.898848745410271,-2.8946018038208763,1.423134945269783,-1.2866791074371795,2.0736506839838174,0.37598410393152404,-0.9256346559395082,1.8273141905783372,-0.9411293570929912,0.640312640321687,-0.47793531126686417,1.3114854247204109,2.2266395600300246,-1.381499045712431,1.3458939524060738,-3.8224070318708594,-0.44080316137863906,-2.6249321973108652,-4.122755510020229,-0.8735515530326946,-4.169606903474204,0.32514882071093565,-0.6448773765018545,4.2397791968690415,2.4660546706102067,0.9832820756558379
7.166460239121746,1.9422432943339618,-5.628396826024621,2.0649441144350167,2.5031751410165097,5.114483929528347,-1.461550179580322,0.05570812977439566,-2.4740119706831947,-1.423065078111071,-0.8822490437717024,8.959484273883884,-2.7177388783307563,-0.898429623659259,1.26869442795757,4.4404646922200435,1.3346846431981776,-4.307887561583873,-4.721341269455359,-4.1311893363820715,2.8485992257080945,-1.776755191684675,3.6496482170989477,0.28916121993098215,-1.9491551511687495,2.7060277090102796,-1.4170806975163805,1.0192122055269812,-0.48597639913412954,2.2266395600300246,3.9921971715688933,-2.389744726970386,1.9427547659417053,-6.496960706683062,-0.9271393088142962,-4.803728675219825,-7.229055902763705,-1.63050797627176,-6.7359369765021055,0.5658782044720854,-0.9869057764795821,7.201745374610407,4.1393317653842,1.6457481943581191
-4.450294615902103,-1.320516861825827,3.5856140312315214,-1.310645392972084,-1.5940474849335926,-3.287834257530989,1.0812827194881385,-0.10858046206967756,1.4910473400706683,0.9006651825425477,0.5800772561434953,-5.383001363495449,1.8888716947573494,0.5604121357401997,-0.7374755145355739,-2.662416805838799,-0.7282222445484212,2.7734542552685633,3.0326923928492424,2.915840242820141,-1.5786623546443945,1.2820842575309328,-2.2170375453205584,-0.33133769854794426,1.054665326472142,-1.8664970810869523,0.9637703758106654,-0.6644500056585497,0.4504405634739099,-1.381499045712431,-2.389744726970386,1.475634537028066,-1.3505374904008056,4.053816704429843,0.49166837709351835,2.8450163228032546,4.39928708052528,0.950895247247329,4.345270470007279,-0.35650762614601256,0.660347329894359,-4.484738749937878,-2.601895433936932,-1.0392439627816739
4.289325438906881,1.7746335111135765,-3.8452816948946396,1.3399610057754503,1.7160073824233504,3.6414702003252786,-1.7959619855511253,0.44012990920469314,-1.232290360187025,-0.9488291451978643,-0.6762721548491666,4.442798617623184,-2.647850732333261,-0.5583820858634437,0.5171969795921538,2.1666106411835644,0.2440166190170534,-3.094508480215331,-3.329667038402206,-4.309401426151122,0.7393726194138965,-2.0193180178439984,1.9195669651687854,0.9695414586229033,-0.3236813049642339,2.551363725882431,-1.2755707329359867,0.7738339856899604,-1.0410271509395843,1.3458939524060738,1.9427547659417053,-1.3505374904008056,1.962043264611383,-3.9351348733433467,-0.16072458698234218,-2.1314141459036375,-3.871463564412145,-0.6528234121288823,-4.870216197875944,0.3166764833060963,-0.8600765719602851,4.364769685066485,2.6391707892637717,1.0458221613330232
-12.298272154508203,-3.8032521333677307,10.02958638863617,-3.642667845822189,-4.460589906136084,-9.230142374975209,3.2180133759502088,-0.40314607947580183,4.058475092523524,2.514044463183355,1.6394070335599664,-14.653456005805147,5.467288590092099,1.5561406227526764,-1.979803992001688,-7.236415221209322,-1.8711912673617088,7.794120248769215,8.503976596381342,8.515538761565386,-4.126594314827413,3.7836233630222327,-6.060532401750141,-1.1124485727994067,2.703956195903017,-5.384409051080585,2.768327491140366,-1.8765393072899688,1.4277755529076763,-3.8224070318708594,-6.496960706683062,4.053816704429843,-3.9351348733433467,11.210368705501377,1.2673721395047397,7.677811126733925,12.048505010111672,2.547702090535738,12.213735160263454,-0.976489491188191,1.8963853497755692,-12.406105025379004,-7.233949470495079,-2.8824944132390136
-1.4232136442307899,-0.21037074880615964,0.9816466876967275,-0.370914339989822,-0.4360234132828181,-0.8464578982713464,0.024106064979072226,0.10427217528814911,0.5623024493488937,0.2549886967725859,0.12938510681154244,-2.0534309160261492,0.23393628435032324,0.1758462409120644,-0.3259329973032561,-1.0257404974349167,-0.42127942590500556,0.7064812537328522,0.7868980224894405,0.2859759257702713,-0.8529943581215745,0.0787454590243168,-0.8003943481309971,0.17548943775769382,0.6284183667458836,-0.2580369980772306,0.15498824407342626,-0.15454708717096602,-0.12718822289036277,-0.44080316137863906,-0.9271393088142962,0.49166837709351835,-0.16072458698234218,1.2673721395047397,0.308907796100215,1.1684450030042912,1.5722122027361023,0.41808180745492357,1.0903411464643822,-0.1100805573442105,0.12365506922458304,-1.412219734386115,-0.7771131366466413,-0.3022055059322539
-8.468409127652565,-2.1731415994949232,6.55880669583654,-2.425989114192798,-2.913355620217163,-5.930465722168825,1.5432605296315254,0.018077409019610906,2.9750968539840654,1.6613235402321145,1.0176840440854629,-10.769133624177353,3.0121177325754425,1.0581412017426224,-1.5439431766031402,-5.344100939812185,-1.6903310786962744,4.9894832075516256,5.483951016942365,4.518907276731887,-3.553794274933491,1.9079787506101418,-4.366112738134997,-0.18288347885006087,2.475697508854601,-3.019233330074339,1.591862539495634,-1.1729574687166981,0.4303731376370329,-2.6249321973108652,-4.803728675219825,2.8450163228032546,-2.1314141459036375,7.677811126733925,1.1684450030042912,5.830018264892046,8.633260077876978,1.9911617388518614,7.795392037340923,-0.6827515073585942,1.112257306426385,-8.502126060391511,-4.863969090804055,-1.9358479155434931
-13.263033586638166,-3.8092087252233893,10.585864253117816,-3.8641960892330918,-4.70780803812491,-9.670861075007338,3.0279790847465846,-0.24338287703483288,4.493312665277131,2.666804603861344,1.6885921120077227,-16.257442380579068,5.392392679757612,1.67024297424601,-2.2602224170409118,-8.04511031971855,-2.2779400684248174,8.154889411518834,8.91905771406008,8.292384390443564,-4.92902761066869,3.6221542625595897,-6.662251637289217,-0.8147050003510565,3.315047442717751,-5.341634550747966,2.774764872288972,-1.9447148869166202,1.1674710556480368,-4.122755510020229,-7.229055902763705,4.39928708052528,-3.871463564412145,12.048505010111672,1.5722122027361023,8.633260077876978,13.219214621364673,2.90425605566911,12.76339990784686,-1.0475119824240964,1.919814584070897,-13.349947200039962,-7.721209294822019,-3.0701838997923505
-2.8172264158504143,-0.6785011871869076,2.14595689687677,-0.7982996783564383,-0.9532323647564539,-1.929985277341117,0.4469348495420816,0.034826507987770386,1.0069363849646895,0.5459506732768123,0.3260774398250634,-3.6488910262870977,0.9281223376036829,0.34968807456603923,-0.5324999841408792,-1.8137372085451915,-0.6020516500593963,1.621586965176688,1.7861820282323984,1.3689927877840267,-1.2532967719712464,0.5652878197717621,-1.471504926198142,-0.0035594119049352215,0.883049830633329,-0.9352509454507425,0.4979365160161492,-0.37837081011112567,0.08769252334415743,-0.8735515530326946,-1.63050797627176,0.950895247247329,-0.6528234121288823,2.547702090535738,0.41808180745492357,1.9911617388518614,2.90425605566911,0.6859542436184952,2.5327246332375855,-0.22602332902045777,0.3496276033888203,-2.8240161500673024,-1.604057264768567,-0.6393427097788879
-13.371099380818418,-4.5842127990813,11.249996113296614,-4.033616711901299,-5.009366949513509,-10.458868900558253,4.175881141219516,-0.7388045902857431,4.227505374379282,2.8060465257904834,1.8858630653821808,-15.255603644173844,6.695564888118891,1.7042070573035104,-1.9783746100438835,-7.50862917644336,-1.6253720044299733,8.850009387345779,9.611579652449072,10.60363205136155,-3.7808837686238053,4.814549874930596,-6.394409904221818,-1.796357385467037,2.316055379767751,-6.533798881142517,3.3220283327196816,-2.1607390097886334,2.1001247547715445,-4.169606903474204,-6.7359369765021055,4.345270470007279,-4.870216197875944,12.213735160263454,1.0903411464643822,7.795392037340923,12.76339990784686,2.5327246332375855,13.896131957993132,-1.0381780178773539,2.2563408753135503,-13.527082807406536,-7.976636467557389,-3.178478146265647
1.0590506651535327,0.3148280295959526,-0.8568065384927931,0.31994880891272814,0.37791245057292333,0.7856281818160322,-0.25791032199464775,0.02313996898287595,-0.35707087837362567,-0.21394173327249882,-0.14366628216727395,1.279733698649393,-0.45537764824261584,-0.13357735580854707,0.17146547964412237,0.6323882300754551,0.17539363990653573,-0.6626028383027511,-0.7282984565182223,-0.6998731418348236,0.36949972558580835,-0.3048252497332295,0.5285215771352896,0.07965994753108085,-0.25557334871084386,0.4531835803436664,-0.2326303203275955,0.1595365686921032,-0.114157174692549,0.32514882071093565,0.5658782044720854,-0.35650762614601256,0.3166764833060963,-0.976489491188191,-0.1100805573442105,-0.6827515073585942,-1.0475119824240964,-0.22602332902045777,-1.0381780178773539,0.09692092609195627,-0.1568497096447864,1.070770061524643,0.625297256690424,0.2511808314041769
-2.0691753863477835,-0.7924231445406239,1.8100216739673392,-0.633301650685706,-0.8060999007134664,-1.6970594921520394,0.7683183843780006,-0.16864604194268135,0.6229010260615097,0.44567140818562256,0.3142764168295786,-2.245373020320347,1.1613254382525477,0.2723354104037483,-0.2735461220278653,-1.0961875608728073,-0.17577484119850847,1.4413802600404881,1.553955807521549,1.8857800982617283,-0.4598463070277708,0.8754525372806231,-0.9536016465486095,-0.379593501403341,0.24869794058242617,-1.1310869856127117,0.5700879079060657,-0.3553436316579686,0.42188118906793226,-0.6448773765018545,-0.9869057764795821,0.660347329894359,-0.8600765719602851,1.8963853497755692,0.12365506922458304,1.112257306426385,1.919814584070897,0.3496276033888203,2.2563408753135503,-0.1568497096447864,0.39325194529109714,-2.099257005961016,-1.2640682413088618,-0.49378005482705084
13.624508080784254,4.211939165571087,-11.105871095783055,4.0277595305831415,4.941453445313949,10.220335604688108,-3.5628121520394456,0.44817674777449723,-4.493997254358312,-2.7866426393825012,-1.8090224848574252,16.240071527967277,-6.050049823525729,-1.7224957198875512,2.1998455496978093,8.021071338633973,2.071348012765565,-8.63002673518815,-9.41281122394317,-9.422692988725458,4.582063004820925,-4.188485066514482,6.7142565024746474,1.2305664550305833,-2.9925464789783662,5.952749789767434,-3.062382822197605,2.0784871249224124,-1.5730963579346855,4.2397791968690415,7.201745374610407,-4.484738749937878,4.364769685066485,-12.406105025379004,-1.412219734386115,-8.502126060391511,-13.349947200039962,-2.8240161500673024,-13.527082807406536,1.070770061524643,-2.099257005961016,13.741854978189659,8.007412749462144,3.189869200231562
7.931618939017299,2.531022115985882,-6.53336527100476,2.3569006870230162,2.9053524067549303,6.025634275859368,-2.189799460978866,0.310766105385342,-2.588198653055551,-1.6324363608548802,-1.0774988317167968,9.346437057596283,-3.6420671552240274,-1.0120625587349865,1.2481759941324995,4.607286859319459,1.1352844547091339,-5.093281986822556,-5.545917209810977,-5.719233241481942,2.5470403997475395,-2.561203890382843,3.8755345061100512,0.8120235988664346,-1.640960406050292,3.5829795650560694,-1.8372149702158196,1.2303831315015104,-1.0103031241042755,2.4660546706102067,4.1393317653842,-2.601895433936932,2.6391707892637717,-7.233949470495079,-0.7771131366466413,-4.863969090804055,-7.721209294822019,-1.604057264768567,-7.976636467557389,0.625297256690424,-1.2640682413088618,8.007412749462144,4.6942790449221485,1.8598484322679165
3.1588871703641304,1.003093746575721,-2.5937615707301402,0.9439860093097419,1.154288875660734,2.396282621803866,-0.8680510072790452,0.12144272517082522,-1.0302633942624753,-0.650979310541906,-0.42637696425557925,3.717009924586768,-1.4576422811257284,-0.3966643864552518,0.4972854078888438,1.836533365800752,0.4574283456103541,-2.0232194677283433,-2.2076651495494444,-2.2698708769076696,1.0136184662472971,-1.012731614077619,1.5452369379832183,0.3244456564746096,-0.6555546981304139,1.4282149958095183,-0.7310434823614733,0.48982493618860007,-0.402849567886067,0.9832820756558379,1.6457481943581191,-1.0392439627816739,1.0458221613330232,-2.8824944132390136,-0.3022055059322539,-1.9358479155434931,-3.0701838997923505,-0.6393427097788879,-3.178478146265647,0.2511808314041769,-0.49378005482705084,3.189869200231562,1.8598484322679165,0.7477046064739922
