V1,V2,V3,V4,V5,V6,V7,V8,V9,V10,V11,V12,V13,V14,V15,V16,V17,V18,V19,V20,V21,V22,V23,V24,V25,V26,V27,V28,V29,V30,V31,V32,V33,V34,V35,V36,V37,V38,V39,V40,V41,V42,V43,V44
3.9926562042955718,5.2392580881930355,5.94383931087114,-1.3479382192520235,9.055551934254256,0.9231142926812086,6.063380412810968,12.604951577250974,3.0558181157079716,-10.072305634461527,-7.496109145917622,-3.176589447373674,4.144147841823622,9.462772927611283,3.371116705794175,6.973029990746548,13.925707529382013,-4.710294626813562,-4.09295969204512,0.5440911953677582,-0.44184737623187187,-4.940901222562866,-0.6048567451935942,0.06484151319949394,-3.4001583480031687,-1.3669245950439013,7.3419021456985645,-0.14002926233553636,1.8647092149414122,-2.0065589967567417,3.2588012738254353,-0.10586464997088328,-0.27046563469510776,-11.487061316100016,6.6641668437993395,-9.088516295735268,-1.170851254415226,0.40237022705337244,3.6408649967659827,1.618602797713059,3.3698439107812996,10.13177727337598,-3.6151266564149775,8.354990977690084
5.2392580881930355,8.496638194148105,10.879548384774413,-2.7822378189751076,14.815861615477322,0.5954930068333855,10.63076017092898,21.166612925263088,5.462228713955703,-16.5316438420605,-12.678603839619099,-6.690581188521995,8.123454849359067,15.911561146214936,5.329368720919321,10.835071919886314,23.161668783520174,-7.268588128991167,-6.049671625997174,1.7070700697342116,-1.1686028361792842,-8.121082785351422,-1.7072206208819392,-0.1388604689534303,-5.5951313851755735,-2.934997639396784,12.529626541307312,-0.447187352634816,3.310400896955762,-4.017652835124946,4.878369389163178,0.2572745239825943,-0.9508152405032703,-18.214234700528156,11.10129622458282,-14.79178130416656,-0.901957230496596,1.087532920798577,7.755009480126567,2.820359971968636,5.490962767847671,15.56592031721378,-6.472516817639529,13.341145819497118
5.94383931087114,10.879548384774413,16.224095661755165,-3.95022049880439,19.391397543641073,-0.3224720894020095,14.685285913300111,28.471650957803217,7.87465026618737,-22.10100668431751,-16.724658156610168,-10.402082488348203,11.111512273572506,22.27237054702961,7.144640561896782,14.132554926422378,31.074065900696525,-8.650787688828405,-7.317823035396837,3.3965043153509438,-1.7816706029883678,-10.391258593821751,-2.798162491173882,0.14980139421462782,-7.20938241304287,-4.510622982771674,16.895343934933415,-0.7551295822147419,4.680456375158315,-5.530178737677942,5.900265251537262,0.6419500716077703,-1.581681542506525,-23.210220480242665,15.206678800991503,-19.35556003409457,-0.14631589614343113,1.9241163687711555,11.410884701394913,3.5553927213419145,8.259934547021954,19.70551449019353,-10.15997695716476,17.580179835506602
-1.3479382192520235,-2.7822378189751076,-3.95022049880439,1.1218050403798205,-4.887601990169172,0.0789414386984002,-3.6993828177766015,-7.188400616120495,-1.9658318658139664,5.517559866097843,4.368513220308172,2.6701705116491774,-3.1112749527566077,-5.381351658634516,-1.7140219431704236,-3.4282162560690117,-7.78033826018018,2.2496133235042977,1.8054863836938362,-0.8111545595631312,0.5175190818981649,2.6984277991637584,0.821466067055562,0.11580856329826614,1.8872006596110003,1.19826335548398,-4.325198303555375,0.23168668595874892,-1.183062704681562,1.5644243963468611,-1.4807153580599748,-0.22349994662841025,0.4687724039399795,5.869887544074519,-3.7218769713167945,4.961292391554565,2.55572228493968e-4,-0.476940620596526,-3.1481795793180196,-0.9788387644512219,-1.8151230955723998,-4.844546633632052,2.278857150498726,-4.30018854650595
9.055551934254256,14.815861615477322,19.391397543641073,-4.887601990169172,25.92705285006638,0.8543234501233999,18.728255290570697,37.15074168213857,9.69223464604044,-29.01568044273575,-22.160725963559198,-11.989961704783278,14.20163535719182,28.128238115728486,9.374962891197619,18.973201222042498,40.65967484950661,-12.549241535194437,-10.48136580594564,3.2040294856403944,-2.0799245576868057,-14.140326938081735,-3.061404289183152,-0.1655927115647707,-9.745149142090499,-5.235709442426178,22.012279825248832,-0.8011757188045213,5.849777911674491,-7.030928359444689,8.44821828620933,0.485021517805317,-1.714760479564159,-31.75727192939772,19.568073915509068,-25.830769037573916,-1.3969405610413301,1.962716524560705,13.71595847839442,4.879838707717102,9.84676905932983,27.150714836332956,-11.670075712320347,23.41821727602734
0.9231142926812086,0.5954930068333855,-0.3224720894020095,0.0789414386984002,0.8543234501233999,0.6481088825809428,0.18098153572248235,0.8585083922363892,-0.055428830811049004,-0.8084679376633317,-0.5783284660622068,0.516009200106963,-0.027715209741400394,0.2963240481594006,0.299313034379158,0.7938559465267441,1.023593001375743,-0.8481219991566167,-0.7127145172287193,-0.5092962369555849,0.12102298048320172,-0.5363517202980255,0.280707360526482,-0.07090904367912484,-0.3550945057253413,0.23505251022656956,0.4499558172517104,0.08156508137277402,0.0025798585455533984,0.03843274587530398,0.5605228862487102,-0.17020983446881116,0.20441454257782807,-1.4196001763258088,0.39221689544893845,-0.846409615851019,-0.613166305660233,-0.20669640734917025,-0.43458372975739284,0.17864651779876106,-0.04208802418087937,1.4119262580826277,0.32677696951034024,0.8636394571637495
6.063380412810968,10.63076017092898,14.685285913300111,-3.6993828177766015,18.728255290570697,0.18098153572248235,13.862947443141163,27.09487756425643,7.244117904557406,-21.045743018929684,-16.080040776608513,-9.333536349177423,10.622894621976979,20.73055065975661,6.764536705474491,13.55956776949561,29.60440187879824,-8.79193923300826,-7.299007610027374,2.743080461758773,-1.6529020112108723,-10.161962393550532,-2.458045727294194,-0.09785631003739613,-6.998955650004027,-4.064243169268586,16.09755305818427,-0.6497146068249966,4.348656997761094,-5.278760002251346,5.894576062631899,0.5035582142803415,-1.4163321705641083,-22.65513972391119,14.330822363130762,-18.5696180249674,-0.5580173505767352,1.6257269877415308,10.52873055487109,3.5321077551746547,7.344118962542589,19.247133947407438,-8.944438616919767,16.88200434096397
12.604951577250974,21.166612925263088,28.471650957803217,-7.188400616120495,37.15074168213857,0.8585083922363892,27.09487756425643,53.60319355492758,14.14649104849731,-41.81406569376424,-31.88840803190031,-17.84154239858586,20.621314293191187,40.70315828508964,13.487625684629522,27.173117106390425,58.60926106733971,-17.72771911519731,-14.795614736033754,4.977551320634511,-3.1043750825674756,-20.194646287215804,-4.641585508620953,-0.1875556741359512,-13.972015683069303,-7.763957597626147,31.821468082160532,-1.2460308784643903,8.506631521960836,-10.240864140024746,11.940452102173863,0.8726624835834557,-2.5697080181146963,-45.343348765973616,28.30615035474754,-37.06925036193423,-1.5543544469325081,2.9780361016409382,20.20389589039117,6.9799252429657175,14.424179430666277,38.714840269060865,-17.230290869437194,33.664746368045414
3.0558181157079716,5.462228713955703,7.87465026618737,-1.9658318658139664,9.69223464604044,-0.055428830811049004,7.244117904557406,14.14649104849731,3.8872506665760707,-11.009874346062485,-8.364701352667824,-5.092540529462048,5.508270526372475,10.926315553705836,3.550204083473977,7.041604190826872,15.444137289963045,-4.394295458539704,-3.683406472096552,1.6030258342838593,-0.8946343957264656,-5.200477745368778,-1.3883080813825732,-0.010654734620778794,-3.6131586127571333,-2.206184059334377,8.46670982383916,-0.3748745075267481,2.3081819597663458,-2.7550747782756715,2.979690865699908,0.3025000991610902,-0.7884065588292914,-11.66900517750375,7.531437276107523,-9.647706988934994,-0.12926955101372672,0.8485115852304744,5.626097748975707,1.7705571057635827,3.984680155444583,9.901322790684077,-4.853247373247247,8.816294104098287
-10.072305634461527,-16.5316438420605,-22.10100668431751,5.517559866097843,-29.01568044273575,-0.8084679376633317,-21.045743018929684,-41.81406569376424,-11.009874346062485,32.715144804927114,24.801210189567787,13.802224148061967,-15.790021533334139,-31.727613283758018,-10.596220986482674,-21.340574503268122,-45.77528714038735,13.89071824235274,11.62301916691204,-3.8038712167600663,2.3761385053506157,15.710833043913132,3.5204543758130296,0.12177550942449586,10.880575279145589,5.958129380762581,-24.865540604395985,0.9477933775275239,-6.603839077365568,7.850507250693024,-9.374590270722157,-0.6382621995955744,1.9219783600650684,35.509329570040315,-22.158716106404626,28.87100486801682,1.2708775433271515,-2.201408544158046,-15.46295795244751,-5.383137553215574,-11.337012180445171,-30.456155190881866,13.441540304327866,-26.502408192760644
-7.496109145917622,-12.678603839619099,-16.724658156610168,4.368513220308172,-22.160725963559198,-0.5783284660622068,-16.080040776608513,-31.88840803190031,-8.364701352667824,24.801210189567787,19.26974880491973,10.314558365236325,-12.663194108016645,-24.137432517492666,-7.948174312563044,-16.138982180506304,-34.76019503163915,10.643752128221017,8.936779448871167,-2.7964333523836737,1.7963165931219185,12.234301753071271,2.8401775766392654,0.13055344806255717,8.480623729756168,4.641102838914082,-18.792684224126816,0.7535709375853645,-5.082139467678969,6.249516777175671,-7.213098829976591,-0.45265002707955015,1.572560395583741,27.13259005065879,-16.581552840443237,22.572886718599765,1.2763790794095171,-1.8474444651320936,-12.238485723060393,-4.273804988825435,-8.313379035016487,-22.936549538504984,9.861090684308216,-19.60131325926971
-3.176589447373674,-6.690581188521995,-10.402082488348203,2.6701705116491774,-11.989961704783278,0.516009200106963,-9.333536349177423,-17.84154239858586,-5.092540529462048,13.802224148061967,10.314558365236325,7.425167333451703,-7.099437828794954,-13.629696845875666,-4.379625104447835,-8.45312105998354,-19.48688382705187,5.218151729585283,4.0912722812992355,-2.5196435415106566,1.4402158643680998,6.238918035508118,2.032482368328036,0.25806924218229965,4.339392344048942,3.050811370876012,-11.05688468924552,0.5835448534944894,-2.9504920426957093,3.659672264650507,-3.364476785858107,-0.7003154217293261,1.203093401508941,14.118259700674605,-9.724466061081863,11.31386510546425,-0.7904520247595072,-1.0596463563327854,-7.670817572831268,-2.1577045960839394,-5.071117744677051,-11.964968021660516,6.510299218905603,-11.373160892310658
4.144147841823622,8.123454849359067,11.111512273572506,-3.1112749527566077,14.20163535719182,-0.027715209741400394,10.622894621976979,20.621314293191187,5.508270526372475,-15.790021533334139,-12.663194108016645,-7.099437828794954,9.002332702252282,15.591384061475617,4.926616047847698,10.0014889607727,22.314593932480697,-6.680479646294916,-5.491739844113155,2.061531648125893,-1.3265404014309536,-7.986930797763395,-2.171897007284657,-0.20613288249666878,-5.526372831762354,-3.304875890219351,12.123691065184776,-0.5779609183174604,3.3768140895876235,-4.443801680195194,4.462275504768951,0.45256982489397424,-1.2656381380660477,-17.13277124420325,10.523101755122903,-14.660197987954575,-0.553709533501248,1.4742658147620291,8.798789535711833,2.9137314903430247,5.11604716747726,14.097277251580753,-6.350168264750161,12.07531869968187
9.462772927611283,15.911561146214936,22.27237054702961,-5.381351658634516,28.128238115728486,0.2963240481594006,20.73055065975661,40.70315828508964,10.926315553705836,-31.727613283758018,-24.137432517492666,-13.629696845875666,15.591384061475617,31.676575341564842,10.321205448160304,20.71148194848842,44.486528560513044,-13.036074693957602,-11.17819228347122,4.0981821303031705,-2.241407643098384,-15.263362021403008,-3.558599892631329,0.27370406188579904,-10.545516357358524,-6.016512014306421,23.884711214099767,-0.9205767453396552,6.570137218488802,-7.670253072163202,8.969373913154683,0.5560881425681735,-1.9869305200667422,-34.11672760245756,21.532167616255848,-28.38597586676529,-1.2819452142178782,2.553294417433607,15.429268035105903,5.198726842152104,11.504513097327925,29.081685408823933,-13.774929897163885,25.197659184395416
3.371116705794175,5.329368720919321,7.144640561896782,-1.7140219431704236,9.374962891197619,0.299313034379158,6.764536705474491,13.487625684629522,3.550204083473977,-10.596220986482674,-7.948174312563044,-4.379625104447835,4.926616047847698,10.321205448160304,3.4677625566827786,6.975618505868176,14.79715029133996,-4.475196309156859,-3.797991860517594,1.2134646327497463,-0.7226169203373795,-5.0437837521761635,-1.0707624849929849,0.029228578472107258,-3.4921150801167014,-1.8743372985794033,7.994811197169478,-0.28474010828097124,2.1237122660714336,-2.441852846384693,3.0514193032089714,0.16435453351755921,-0.574786579003471,-11.497154121069503,7.193485202619876,-9.317085713069195,-0.47001657061735047,0.6900403124258288,4.822720769325363,1.6968280173993453,3.768970865984924,9.932819425717584,-4.420250675179316,8.6281779857862535
6.973029990746548,10.835071919886314,14.132554926422378,-3.4282162560690117,18.973201222042498,0.7938559465267441,13.55956776949561,27.173117106390425,7.041604190826872,-21.340574503268122,-16.138982180506304,-8.45312105998354,10.0014889607727,20.71148194848842,6.975618505868176,14.148061616910107,29.788042746433227,-9.20911351646042,-7.850835274212006,2.209951633511023,-1.3698819813860779,-10.31950234914975,-2.0686406026062913,0.07212159438621427,-7.139842619686551,-3.6831623359797634,15.977937492060754,-0.5425468280422766,4.250800042502717,-4.92183774993763,6.29847522515809,0.24914849253359608,-1.0905612186750229,-23.39378524282992,14.36505031334121,-19.071182738864557,-1.275897474919425,1.4051434725503846,9.582877159853446,3.502235556854461,7.43396488834804,20.174900281520816,-8.629260095987597,17.249641340146493
13.925707529382013,23.161668783520174,31.074065900696525,-7.78033826018018,40.65967484950661,1.023593001375743,29.60440187879824,58.60926106733971,15.444137289963045,-45.77528714038735,-34.76019503163915,-19.48688382705187,22.314593932480697,44.486528560513044,14.79715029133996,29.788042746433227,64.1491869194176,-19.44465394816611,-16.20973364943654,5.411929153040752,-3.3874203889323145,-22.031610269027667,-4.978496389373777,-0.21507254778760568,-15.228738493742867,-8.413727169556248,34.84901587341811,-1.336129753103914,9.270472405692894,-11.094489016223847,13.077619209146087,0.9376398916512254,-2.7596176179909264,-49.65081368235591,31.04841093277653,-40.357922990474584,-1.6694115816806179,3.1663283523791597,21.8645796685726,7.586916257241047,15.834214440349385,42.517471424241606,-18.888861314388322,37.05152456241686
-4.710294626813562,-7.268588128991167,-8.650787688828405,2.2496133235042977,-12.549241535194437,-0.8481219991566167,-8.79193923300826,-17.72771911519731,-4.394295458539704,13.89071824235274,10.643752128221017,5.218151729585283,-6.680479646294916,-13.036074693957602,-4.475196309156859,-9.20911351646042,-19.44465394816611,6.446849588842075,5.298251395229885,-1.095987413996572,0.923016647081994,6.925435410094262,1.237038215757531,0.2208838336170817,4.750047146135777,2.2682690034487933,-10.488775450744647,0.32283198972909916,-2.6866493593518355,3.2989426871071763,-4.272695126425724,-0.15414059965349264,0.6723579938021476,15.612552253241372,-9.264150058019903,12.423699632974131,1.0013726091597754,-0.7776504917914652,-6.13078276407112,-2.4334276150541543,-4.360524226690432,-13.445211045927397,5.042671905964324,-11.37165156916097
-4.09295969204512,-6.049671625997174,-7.317823035396837,1.8054863836938362,-10.48136580594564,-0.7127145172287193,-7.299007610027374,-14.795614736033754,-3.683406472096552,11.62301916691204,8.936779448871167,4.0912722812992355,-5.491739844113155,-11.17819228347122,-3.797991860517594,-7.850835274212006,-16.20973364943654,5.298251395229885,4.558413392071211,-0.8820357809731976,0.6308183791293207,5.830850665707919,0.9802977327557043,-0.04703236960785913,4.014755644614443,1.860119132097285,-8.547153548905145,0.24081718538512675,-2.2717402281386523,2.65725555108699,-3.6433875170444887,-0.006889619676588783,0.5026893699251356,13.085868903628903,-7.674341651481381,10.743764239278843,1.1473995811121507,-0.7506292336625026,-4.98156429081767,-2.006122167543454,-3.8411284803444494,-11.25941478013658,4.331471638385708,-9.278808681242461
0.5440911953677582,1.7070700697342116,3.3965043153509438,-0.8111545595631312,3.2040294856403944,-0.5092962369555849,2.743080461758773,4.977551320634511,1.6030258342838593,-3.8038712167600663,-2.7964333523836737,-2.5196435415106566,2.061531648125893,4.0981821303031705,1.2134646327497463,2.209951633511023,5.411929153040752,-1.095987413996572,-0.8820357809731976,1.0661803442915176,-0.4762811790890954,-1.5868490398531234,-0.7411218574136038,0.01981660648470765,-1.1127437569147138,-1.0384704901214743,3.114466926450068,-0.20908737484641268,0.9032477638680103,-1.0725177283182064,0.7294612084548223,0.27224922218687575,-0.4599427893934161,-3.54863647168689,2.7915200188268354,-2.9989854702152736,0.539597023330384,0.423652517677517,2.4814450496601945,0.5210611263863556,1.6767858741847657,2.9357993506108357,-2.257260255020733,3.046910961261893
-0.44184737623187187,-1.1686028361792842,-1.7816706029883678,0.5175190818981649,-2.0799245576868057,0.12102298048320172,-1.6529020112108723,-3.1043750825674756,-0.8946343957264656,2.3761385053506157,1.7963165931219185,1.4402158643680998,-1.3265404014309536,-2.241407643098384,-0.7226169203373795,-1.3698819813860779,-3.3874203889323145,0.923016647081994,0.6308183791293207,-0.4762811790890954,0.3255140496744513,1.068525085136851,0.40989033659176205,0.15979438188935696,0.7382323893516557,0.5694077191585388,-2.024955170321766,0.12244642866575685,-0.509926500532594,0.7079997967623008,-0.5371558159947128,-0.18116407087483768,0.26139140344799705,2.4126945532617055,-1.7015038340679416,1.8202552263163767,-0.2877830848871259,-0.14464804694099637,-1.4639641313355984,-0.3892453550796112,-0.775591695726366,-2.0142574880165705,1.0660262342931013,-2.0329936534030053
-4.940901222562866,-8.121082785351422,-10.391258593821751,2.6984277991637584,-14.140326938081735,-0.5363517202980255,-10.161962393550532,-20.194646287215804,-5.200477745368778,15.710833043913132,12.234301753071271,6.238918035508118,-7.986930797763395,-15.263362021403008,-5.0437837521761635,-10.31950234914975,-22.031610269027667,6.925435410094262,5.830850665707919,-1.5868490398531234,1.068525085136851,7.861163443361363,1.668870902680262,0.06772789111850332,5.417676841157572,2.836377918896655,-11.806755523732441,0.427768462819789,-3.185452097694559,3.9126121810396617,-4.69342093261527,-0.20539448055088433,0.9275664656372645,17.38302195362651,-10.452731755558164,14.419601390559096,1.054078075546947,-1.164678244411867,-7.545518913982953,-2.760293851013891,-5.17494266359194,-14.723425585300463,6.095816632350729,-12.408415443462665
-0.6048567451935942,-1.7072206208819392,-2.798162491173882,0.821466067055562,-3.061404289183152,0.280707360526482,-2.458045727294194,-4.641585508620953,-1.3883080813825732,3.5204543758130296,2.8401775766392654,2.032482368328036,-2.171897007284657,-3.558599892631329,-1.0707624849929849,-2.0686406026062913,-4.978496389373777,1.237038215757531,0.9802977327557043,-0.7411218574136038,0.40989033659176205,1.668870902680262,0.7038420470082729,0.0822104006258017,1.1875585468030951,0.9215192797485023,-2.8546483666553835,0.2009168463670431,-0.8187894343330047,1.1088233609606888,-0.8186916466882554,-0.21596720401385658,0.4151532138330843,3.5555047739425762,-2.4039558888438717,3.153439346781833,-0.21657015397688648,-0.3637096803146708,-2.3637887780490514,-0.6013529514507877,-1.2329492902727934,-2.8231561143951236,1.6220961519960777,-2.649910499849075
0.06484151319949394,-0.1388604689534303,0.14980139421462782,0.11580856329826614,-0.1655927115647707,-0.07090904367912484,-0.09785631003739613,-0.1875556741359512,-0.010654734620778794,0.12177550942449586,0.13055344806255717,0.25806924218229965,-0.20613288249666878,0.27370406188579904,0.029228578472107258,0.07212159438621427,-0.21507254778760568,0.2208838336170817,-0.04703236960785913,0.01981660648470765,0.15979438188935696,0.06772789111850332,0.0822104006258017,0.3046948817767602,0.036685249081061605,0.04269440600913597,-0.3605852154490513,0.03720472999620101,0.009254125863253198,0.16427699276269023,-0.0027706444254180004,-0.11315541434234906,0.08127259684137338,0.2060398013099745,-0.11192582070082938,-0.18265736683751893,-0.24497254396297496,0.15667658203590065,-0.21858957926860878,-0.06767639469513059,0.27341124073275463,-0.15057105423666944,-0.24617108202121182,-0.3382658356057601
-3.4001583480031687,-5.5951313851755735,-7.20938241304287,1.8872006596110003,-9.745149142090499,-0.3550945057253413,-6.998955650004027,-13.972015683069303,-3.6131586127571333,10.880575279145589,8.480623729756168,4.339392344048942,-5.526372831762354,-10.545516357358524,-3.4921150801167014,-7.139842619686551,-15.228738493742867,4.750047146135777,4.014755644614443,-1.1127437569147138,0.7382323893516557,5.417676841157572,1.1875585468030951,0.036685249081061605,3.7570718968612278,1.9772003750966736,-8.176989680167065,0.31305455203711385,-2.209896789368733,2.712119982872248,-3.234312205890887,-0.15707205958174153,0.6409513087896388,12.002690121280587,-7.2247108641307385,10.016985146785148,0.7106018418682415,-0.8041010758363976,-5.2506859541372135,-1.8975831934969771,-3.600676018238645,-10.160111280286616,4.216132588736213,-8.565630397553146
-1.3669245950439013,-2.934997639396784,-4.510622982771674,1.19826335548398,-5.235709442426178,0.23505251022656956,-4.064243169268586,-7.763957597626147,-2.206184059334377,5.958129380762581,4.641102838914082,3.050811370876012,-3.304875890219351,-6.016512014306421,-1.8743372985794033,-3.6831623359797634,-8.413727169556248,2.2682690034487933,1.860119132097285,-1.0384704901214743,0.5694077191585388,2.836377918896655,0.9215192797485023,0.04269440600913597,1.9772003750966736,1.3543052575338639,-4.665809033709286,0.252586394323412,-1.3112016764669483,1.6603845702011697,-1.5191740647309984,-0.2484426716246665,0.5400923931991892,6.183652870738506,-4.086136385423296,5.270513943424953,-0.11196091423808698,-0.5683775177555335,-3.4597581895188543,-1.0013351223286682,-2.143703371986659,-5.108544476250998,2.729128072615593,-4.634729645229347
7.3419021456985645,12.529626541307312,16.895343934933415,-4.325198303555375,22.012279825248832,0.4499558172517104,16.09755305818427,31.821468082160532,8.46670982383916,-24.865540604395985,-18.792684224126816,-11.05688468924552,12.123691065184776,23.884711214099767,7.994811197169478,15.977937492060754,34.84901587341811,-10.488775450744647,-8.547153548905145,3.114466926450068,-2.024955170321766,-11.806755523732441,-2.8546483666553835,-0.3605852154490513,-8.176989680167065,-4.665809033709286,19.24908289416773,-0.7886868408573072,5.030509899390959,-6.112399278781172,6.939113914282324,0.6679319820180838,-1.609099639954259,-26.80351291996184,16.975474162059758,-21.449471112221744,-0.4261619649605413,1.5469961370852119,12.099228883030898,4.0613163176445095,8.498195780277738,22.964819805262657,-10.239884789971692,20.418003240013924
-0.14002926233553636,-0.447187352634816,-0.7551295822147419,0.23168668595874892,-0.8011757188045213,0.08156508137277402,-0.6497146068249966,-1.2460308784643903,-0.3748745075267481,0.9477933775275239,0.7535709375853645,0.5835448534944894,-0.5779609183174604,-0.9205767453396552,-0.28474010828097124,-0.5425468280422766,-1.336129753103914,0.32283198972909916,0.24081718538512675,-0.20908737484641268,0.12244642866575685,0.427768462819789,0.2009168463670431,0.03720472999620101,0.31305455203711385,0.252586394323412,-0.7886868408573072,0.06318546317722142,-0.21734249746992582,0.3028590558782812,-0.20536899261645966,-0.07844082404936162,0.1114747861799255,0.9345910157838325,-0.655674019416511,0.8122888235268285,-0.10381595520048806,-0.08877986875231368,-0.6474190318513519,-0.1568951409137145,-0.32912947044607593,-0.7493609287641059,0.43448555046863885,-0.735060301411739
1.8647092149414122,3.310400896955762,4.680456375158315,-1.183062704681562,5.849777911674491,0.0025798585455533984,4.348656997761094,8.506631521960836,2.3081819597663458,-6.603839077365568,-5.082139467678969,-2.9504920426957093,3.3768140895876235,6.570137218488802,2.1237122660714336,4.250800042502717,9.270472405692894,-2.6866493593518355,-2.2717402281386523,0.9032477638680103,-0.509926500532594,-3.185452097694559,-0.8187894343330047,0.009254125863253198,-2.209896789368733,-1.3112016764669483,5.030509899390959,-0.21734249746992582,1.3863267451491672,-1.6727127459590163,1.8330873841973747,0.15547285264520988,-0.4627799755913227,-7.0681182198994215,4.474711296678019,-5.921962911812463,-0.18884265342875306,0.5421021433406645,3.3798851589521597,1.0987127368996363,2.3480335827923726,5.96558194248947,-2.8443471268995495,5.2087826911843385
-2.0065589967567417,-4.017652835124946,-5.530178737677942,1.5644243963468611,-7.030928359444689,0.03843274587530398,-5.278760002251346,-10.240864140024746,-2.7550747782756715,7.850507250693024,6.249516777175671,3.659672264650507,-4.443801680195194,-7.670253072163202,-2.441852846384693,-4.92183774993763,-11.094489016223847,3.2989426871071763,2.65725555108699,-1.0725177283182064,0.7079997967623008,3.9126121810396617,1.1088233609606888,0.16427699276269023,2.712119982872248,1.6603845702011697,-6.112399278781172,0.3028590558782812,-1.6727127459590163,2.2180387304122355,-2.170527774801035,-0.27056400724200474,0.6499106195762436,8.463503942512526,-5.2722965066784795,7.130477664623755,0.13227558143102275,-0.6821745666169676,-4.406347320215811,-1.425467754644928,-2.5303480682871062,-6.98392646172493,3.167358083173768,-6.104311902377177
3.2588012738254353,4.878369389163178,5.900265251537262,-1.4807153580599748,8.44821828620933,0.5605228862487102,5.894576062631899,11.940452102173863,2.979690865699908,-9.374590270722157,-7.213098829976591,-3.364476785858107,4.462275504768951,8.969373913154683,3.0514193032089714,6.29847522515809,13.077619209146087,-4.272695126425724,-3.6433875170444887,0.7294612084548223,-0.5371558159947128,-4.69342093261527,-0.8186916466882554,-0.0027706444254180004,-3.234312205890887,-1.5191740647309984,6.939113914282324,-0.20536899261645966,1.8330873841973747,-2.170527774801035,2.919168314419279,0.03166182502063288,-0.42378331384542983,-10.538474131282525,6.197241444043932,-8.619650569785374,-0.8626388498342422,0.5890590038194682,4.072440660661596,1.6209207457011223,3.0652496102124474,9.05740706978,-3.4735256796287706,7.509216257161669
-0.10586464997088328,0.2572745239825943,0.6419500716077703,-0.22349994662841025,0.485021517805317,-0.17020983446881116,0.5035582142803415,0.8726624835834557,0.3025000991610902,-0.6382621995955744,-0.45265002707955015,-0.7003154217293261,0.45256982489397424,0.5560881425681735,0.16435453351755921,0.24914849253359608,0.9376398916512254,-0.15414059965349264,-0.006889619676588783,0.27224922218687575,-0.18116407087483768,-0.20539448055088433,-0.21596720401385658,-0.11315541434234906,-0.15707205958174153,-0.2484426716246665,0.6679319820180838,-0.07844082404936162,0.15547285264520988,-0.27056400724200474,0.03166182502063288,0.16187148158547554,-0.12754980673348193,-0.48245097651926105,0.5254496843303357,-0.29794934574356785,0.36756519985760727,0.057152093995699524,0.6119209559338454,0.09826269903742263,0.21906090840175615,0.38524325716770075,-0.3946691105741626,0.6057686957506536
-0.27046563469510776,-0.9508152405032703,-1.581681542506525,0.4687724039399795,-1.714760479564159,0.20441454257782807,-1.4163321705641083,-2.5697080181146963,-0.7884065588292914,1.9219783600650684,1.572560395583741,1.203093401508941,-1.2656381380660477,-1.9869305200667422,-0.574786579003471,-1.0905612186750229,-2.7596176179909264,0.6723579938021476,0.5026893699251356,-0.4599427893934161,0.26139140344799705,0.9275664656372645,0.4151532138330843,0.08127259684137338,0.6409513087896388,0.5400923931991892,-1.609099639954259,0.1114747861799255,-0.4627799755913227,0.6499106195762436,-0.42378331384542983,-0.12754980673348193,0.2767321238579133,1.9332401231972114,-1.336139056408364,1.677526144693601,-0.17269343266820117,-0.20472920460868882,-1.3937817164297044,-0.33721561129624444,-0.6562495875306508,-1.4983658596395943,0.9150883223684254,-1.4577983271477408
-11.487061316100016,-18.214234700528156,-23.210220480242665,5.869887544074519,-31.75727192939772,-1.4196001763258088,-22.65513972391119,-45.343348765973616,-11.66900517750375,35.509329570040315,27.13259005065879,14.118259700674605,-17.13277124420325,-34.11672760245756,-11.497154121069503,-23.39378524282992,-49.65081368235591,15.612552253241372,13.085868903628903,-3.54863647168689,2.4126945532617055,17.38302195362651,3.5555047739425762,0.2060398013099745,12.002690121280587,6.183652870738506,-26.80351291996184,0.9345910157838325,-7.0681182198994215,8.463503942512526,-10.538474131282525,-0.48245097651926105,1.9332401231972114,39.17045782092672,-23.81305960203998,31.80634839857436,2.099444029626684,-2.2585905340863417,-16.308798565025416,-5.990428178339496,-11.878665243890177,-33.590126184888476,13.858965246905502,-28.70411440466414
6.6641668437993395,11.10129622458282,15.206678800991503,-3.7218769713167945,19.568073915509068,0.39221689544893845,14.330822363130762,28.30615035474754,7.531437276107523,-22.158716106404626,-16.581552840443237,-9.724466061081863,10.523101755122903,21.532167616255848,7.193485202619876,14.36505031334121,31.04841093277653,-9.264150058019903,-7.674341651481381,2.7915200188268354,-1.7015038340679416,-10.452731755558164,-2.4039558888438717,-0.11192582070082938,-7.2247108641307385,-4.086136385423296,16.975474162059758,-0.655674019416511,4.474711296678019,-5.2722965066784795,6.197241444043932,0.5254496843303357,-1.336139056408364,-23.81305960203998,15.186455634905137,-19.08937722145869,-0.4779248737909522,1.4622686684022888,10.491848784616607,3.559891226980103,7.8463622447833705,20.532546583410237,-9.419106928025073,18.197177171593406
-9.088516295735268,-14.79178130416656,-19.35556003409457,4.961292391554565,-25.830769037573916,-0.846409615851019,-18.5696180249674,-37.06925036193423,-9.647706988934994,28.87100486801682,22.572886718599765,11.31386510546425,-14.660197987954575,-28.38597586676529,-9.317085713069195,-19.071182738864557,-40.357922990474584,12.423699632974131,10.743764239278843,-2.9989854702152736,1.8202552263163767,14.419601390559096,3.153439346781833,-0.18265736683751893,10.016985146785148,5.270513943424953,-21.449471112221744,0.8122888235268285,-5.921962911812463,7.130477664623755,-8.619650569785374,-0.29794934574356785,1.677526144693601,31.80634839857436,-19.08937722145869,27.01053690648226,2.1814546106100496,-2.303122441382149,-13.917601934353602,-5.006938299476858,-9.808936470612414,-26.85876277021315,11.40220953477728,-22.387400505478332
-1.170851254415226,-0.901957230496596,-0.14631589614343113,2.55572228493968e-4,-1.3969405610413301,-0.613166305660233,-0.5580173505767352,-1.5543544469325081,-0.12926955101372672,1.2708775433271515,1.2763790794095171,-0.7904520247595072,-0.553709533501248,-1.2819452142178782,-0.47001657061735047,-1.275897474919425,-1.6694115816806179,1.0013726091597754,1.1473995811121507,0.539597023330384,-0.2877830848871259,1.054078075546947,-0.21657015397688648,-0.24497254396297496,0.7106018418682415,-0.11196091423808698,-0.4261619649605413,-0.10381595520048806,-0.18884265342875306,0.13227558143102275,-0.8626388498342422,0.36756519985760727,-0.17269343266820117,2.099444029626684,-0.4779248737909522,2.1814546106100496,1.2821029814399811,-0.12617299976167157,0.06489349971837693,-0.35811417679220486,-0.2237240873782641,-1.752411837897898,-0.12109419016928177,-0.5759515095688719
0.40237022705337244,1.087532920798577,1.9241163687711555,-0.476940620596526,1.962716524560705,-0.20669640734917025,1.6257269877415308,2.9780361016409382,0.8485115852304744,-2.201408544158046,-1.8474444651320936,-1.0596463563327854,1.4742658147620291,2.553294417433607,0.6900403124258288,1.4051434725503846,3.1663283523791597,-0.7776504917914652,-0.7506292336625026,0.423652517677517,-0.14464804694099637,-1.164678244411867,-0.3637096803146708,0.15667658203590065,-0.8041010758363976,-0.5683775177555335,1.5469961370852119,-0.08877986875231368,0.5421021433406645,-0.6821745666169676,0.5890590038194682,0.057152093995699524,-0.20472920460868882,-2.2585905340863417,1.4622686684022888,-2.303122441382149,-0.12617299976167157,0.45819434514614693,1.45674764741952,0.4466442258947014,0.9040816524783506,1.7607602246502503,-1.1809120666639616,1.3898813127449443
3.6408649967659827,7.755009480126567,11.410884701394913,-3.1481795793180196,13.71595847839442,-0.43458372975739284,10.52873055487109,20.20389589039117,5.626097748975707,-15.46295795244751,-12.238485723060393,-7.670817572831268,8.798789535711833,15.429268035105903,4.822720769325363,9.582877159853446,21.8645796685726,-6.13078276407112,-4.98156429081767,2.4814450496601945,-1.4639641313355984,-7.545518913982953,-2.3637887780490514,-0.21858957926860878,-5.2506859541372135,-3.4597581895188543,12.099228883030898,-0.6474190318513519,3.3798851589521597,-4.406347320215811,4.072440660661596,0.6119209559338454,-1.3937817164297044,-16.308798565025416,10.491848784616607,-13.917601934353602,0.06489349971837693,1.45674764741952,9.005355222488038,2.713935512303683,5.285098578184159,13.396869048748254,-6.7056726902318475,11.94612752952122
1.618602797713059,2.820359971968636,3.5553927213419145,-0.9788387644512219,4.879838707717102,0.17864651779876106,3.5321077551746547,6.9799252429657175,1.7705571057635827,-5.383137553215574,-4.273804988825435,-2.1577045960839394,2.9137314903430247,5.198726842152104,1.6968280173993453,3.502235556854461,7.586916257241047,-2.4334276150541543,-2.006122167543454,0.5210611263863556,-0.3892453550796112,-2.760293851013891,-0.6013529514507877,-0.06767639469513059,-1.8975831934969771,-1.0013351223286682,4.0613163176445095,-0.1568951409137145,1.0987127368996363,-1.425467754644928,1.6209207457011223,0.09826269903742263,-0.33721561129624444,-5.990428178339496,3.559891226980103,-5.006938299476858,-0.35811417679220486,0.4466442258947014,2.713935512303683,1.0091142365234038,1.678636475816946,5.019084252764213,-2.019142836175763,4.194268672313745
3.3698439107812996,5.490962767847671,8.259934547021954,-1.8151230955723998,9.84676905932983,-0.04208802418087937,7.344118962542589,14.424179430666277,3.984680155444583,-11.337012180445171,-8.313379035016487,-5.071117744677051,5.11604716747726,11.504513097327925,3.768970865984924,7.43396488834804,15.834214440349385,-4.360524226690432,-3.8411284803444494,1.6767858741847657,-0.775591695726366,-5.17494266359194,-1.2329492902727934,0.27341124073275463,-3.600676018238645,-2.143703371986659,8.498195780277738,-0.32912947044607593,2.3480335827923726,-2.5303480682871062,3.0652496102124474,0.21906090840175615,-0.6562495875306508,-11.878665243890177,7.8463622447833705,-9.808936470612414,-0.2237240873782641,0.9040816524783506,5.285098578184159,1.678636475816946,4.519285909325532,10.31336912657559,-5.390186545246778,9.165930364673887
10.13177727337598,15.56592031721378,19.70551449019353,-4.844546633632052,27.150714836332956,1.4119262580826277,19.247133947407438,38.714840269060865,9.901322790684077,-30.456155190881866,-22.936549538504984,-11.964968021660516,14.097277251580753,29.081685408823933,9.932819425717584,20.174900281520816,42.517471424241606,-13.445211045927397,-11.25941478013658,2.9357993506108357,-2.0142574880165705,-14.723425585300463,-2.8231561143951236,-0.15057105423666944,-10.160111280286616,-5.108544476250998,22.964819805262657,-0.7493609287641059,5.96558194248947,-6.98392646172493,9.05740706978,0.38524325716770075,-1.4983658596395943,-33.590126184888476,20.532546583410237,-26.85876277021315,-1.752411837897898,1.7607602246502503,13.396869048748254,5.019084252764213,10.31336912657559,29.096530869096945,-11.949627148753393,25.000598712929307
-3.6151266564149775,-6.472516817639529,-10.15997695716476,2.278857150498726,-11.670075712320347,0.32677696951034024,-8.944438616919767,-17.230290869437194,-4.853247373247247,13.441540304327866,9.861090684308216,6.510299218905603,-6.350168264750161,-13.774929897163885,-4.420250675179316,-8.629260095987597,-18.888861314388322,5.042671905964324,4.331471638385708,-2.257260255020733,1.0660262342931013,6.095816632350729,1.6220961519960777,-0.24617108202121182,4.216132588736213,2.729128072615593,-10.239884789971692,0.43448555046863885,-2.8443471268995495,3.167358083173768,-3.4735256796287706,-0.3946691105741626,0.9150883223684254,13.858965246905502,-9.419106928025073,11.40220953477728,-0.12109419016928177,-1.1809120666639616,-6.7056726902318475,-2.019142836175763,-5.390186545246778,-11.949627148753393,6.655291446050945,-10.88185546251122
8.354990977690084,13.341145819497118,17.580179835506602,-4.30018854650595,23.41821727602734,0.8636394571637495,16.88200434096397,33.664746368045414,8.816294104098287,-26.502408192760644,-19.60131325926971,-11.373160892310658,12.07531869968187,25.197659184395416,8.6281779857862535,17.249641340146493,37.05152456241686,-11.37165156916097,-9.278808681242461,3.046910961261893,-2.0329936534030053,-12.408415443462665,-2.649910499849075,-0.3382658356057601,-8.565630397553146,-4.634729645229347,20.418003240013924,-0.735060301411739,5.2087826911843385,-6.104311902377177,7.509216257161669,0.6057686957506536,-1.4577983271477408,-28.70411440466414,18.197177171593406,-22.387400505478332,-0.5759515095688719,1.3898813127449443,11.94612752952122,4.194268672313745,9.165930364673887,25.000598712929307,-10.88185546251122,22.270193205174966
