V1,V2,V3,V4,V5,V6,V7,V8,V9,V10,V11,V12,V13,V14,V15,V16,V17,V18,V19,V20,V21,V22,V23,V24,V25,V26,V27,V28,V29,V30,V31,V32,V33,V34,V35,V36,V37,V38,V39,V40,V41,V42,V43,V44
6.357989573833262,1.7349472969661546,-4.3227471721923205,2.126676349602405,2.126277914920351,4.4633490007350405,-1.6776954002681246,0.2920430904008257,-1.7876697401153872,-1.5176427531825616,-0.27017466915103744,6.820370310789215,-3.8754560320513813,-0.05917203244623032,1.2462112030649328,3.8641211542677807,1.106346408825643,-3.523150126977425,-4.169354478981354,-4.079193796638629,2.020902443706028,-1.5653728687166248,3.1892879634419304,1.0758490376036651,-0.9313079774842634,2.8612715280010312,-1.3918145035677147,1.0104161298090706,-0.7836634125866446,2.401754435182849,3.0223411218505776,-2.039156971775708,2.223045885050894,-5.2946203126104505,-0.05527531720424879,-3.1656227762955838,-5.586279704455529,-1.248223128015684,-6.819471254396231,0.13478797701830172,0.013995573142431635,6.423501129498301,2.4795631787107677,2.0874777818799752
1.7349472969661546,0.7940212545999892,-2.1217448540609247,0.3435217234753429,0.794074672273841,1.610776178892817,-0.5706693719157092,0.05193473731245641,-0.7681934019669894,-0.20620856387829942,-0.6807884406277811,2.504078647776994,-0.127953104132598,-0.7774911057285695,0.08204075139547443,0.861636105331675,0.08279769559524598,-1.5473558491523667,-1.436508360987727,-1.6940656267834635,0.5350612121889123,-0.9575961506234646,0.7765811957920702,-0.107315714773705,-0.6113338182263554,0.826633015351554,-0.47698028651208,0.2569715165308841,-0.2685393116042721,0.22449962552716515,1.1073204558943093,-0.6007676809333812,0.5271855916099616,-1.957059026175157,-0.5737747615781977,-1.577635718447275,-2.115703021580262,-0.36673277671821736,-1.460328147292869,0.40696677087814503,-1.0462400267047987,1.7495529936820944,1.9806080022426287,-0.03151137884831872
-4.3227471721923205,-2.1217448540609247,5.714915805543923,-0.7489466173315343,-2.0737794068852673,-4.191467795156155,1.4741469520654733,-0.11540598088541351,2.0418876117625775,0.4188218019260865,1.97107240634913,-6.531681505319249,-0.10283042136980777,2.2843249976492666,-0.08723355355618687,-2.0598701712225678,-0.10577670934312439,4.119264293832201,3.7136108650681017,4.483074783460788,-1.3265159515713263,2.6241783733487796,-1.8915402406343673,0.4485833979686528,1.6854292993528528,-2.0798729405527077,1.2333621264163006,-0.6317976527455981,0.6935731959277992,-0.36488400970746276,-2.886408388329181,1.51661381840968,-1.2769966639730013,5.108015139456241,1.6844679206528586,4.2561064118611585,5.540470568089653,0.926169936789184,3.457393881923193,-1.181602189904825,3.0827515171774516,-4.356725371810157,-5.527498604822572,0.35211791236224926
2.126676349602405,0.3435217234753429,-0.7489466173315343,0.8880164809387181,0.5533633007692793,1.2024965478708673,-0.4772909268571466,0.118407003532207,-0.3903799902386287,-0.6613689185305905,0.3604773172763679,1.8051749737360323,-1.9866530696968074,0.5448627371008702,0.6074779680501451,1.436217579269376,0.5326293123418927,-0.7454313705982043,-1.1734710529677883,-0.9342785501978524,0.6874284157402266,-0.13108635863351015,1.1359093752396787,0.6584912066309662,-0.04630205819535884,0.9244536654739021,-0.39445510970116726,0.35292847498327845,-0.22228823212522064,1.123637407723097,0.8006644910177994,-0.650263889276393,0.8021870475295811,-1.3919235878096978,0.3953536721464393,-0.5293043025407699,-1.4314164883025047,-0.397355311110415,-2.5796557895738617,-0.2294425935006713,0.7824335435785725,2.151790469516213,-0.1370755863462814,1.1438741060997353
2.126277914920351,0.794074672273841,-2.0737794068852673,0.5533633007692793,0.8545154707498165,1.7545241465829218,-0.635604124637998,0.07963655307007111,-0.784823361605812,-0.36885044836756553,-0.49553721534417683,2.7095462712502654,-0.6750102465345178,-0.5271204965278639,0.24474999599436167,1.1636476713572497,0.224395696301078,-1.5691778521685082,-1.5936767653015926,-1.751400505048213,0.664822058843452,-0.8774239494158318,1.0041342231082955,0.09233705848689013,-0.5496206798319226,0.9870425050857184,-0.5301877214472346,0.3256313406319004,-0.2982786131757831,0.5156329759824141,1.1993314465289795,-0.7113756673317632,0.6901384273456193,-2.1128356726223534,-0.3910891227602672,-1.5348869289731641,-2.262814019138135,-0.4348049438034396,-2.0130459221279824,0.29229783987502744,-0.6958880404751118,2.1460559002953534,1.6989419885326316,0.2971716219514044
4.4633490007350405,1.610776178892817,-4.191467795156155,1.2024965478708673,1.7545241465829218,3.615721015831965,-1.316846319944855,0.17066299694858614,-1.5995183663254582,-0.8100803576296985,-0.9346159752820876,5.577316284334939,-1.579777681792515,-0.9768509303055621,0.5580482297054479,2.476153859808296,0.507439759994232,-3.192113672284501,-3.2934818925187113,-3.5767763721987698,1.3986982442999807,-1.7492610298781235,2.123732098182547,0.263574343333432,-1.0921899599566458,2.064992789523626,-1.0968047272941848,0.686329684411607,-0.6173776346319796,1.157509350206867,2.4683009316461435,-1.4855996859977765,1.4632703351985679,-4.345616196460966,-0.7248151906819532,-3.0988127777410237,-4.647497787449607,-0.9083397606391221,-4.296258104373207,0.5491229660142705,-1.278936561352202,4.505264009711937,3.341643848989512,0.7274869095840296
-1.6776954002681246,-0.5706693719157092,1.4741469520654733,-0.4772909268571466,-0.635604124637998,-1.316846319944855,0.48483328202878273,-0.06686997659284331,0.5699995262819477,0.32653618034397697,0.2858877787884545,-2.0264821268500177,0.6953673218646509,0.2860936454685566,-0.23776950675115727,-0.9514501755538788,-0.21316418526327555,1.1360435452869326,1.2055566071788346,1.2821813263135247,-0.5268602242449889,0.6003286975961182,-0.8074736325995691,-0.14305570231886108,0.37171788498883407,-0.7714171860134387,0.4017004629657005,-0.260095453398301,0.2262353859043504,-0.4816303368956504,-0.8968870639108213,0.5536946641492917,-0.5586770954498651,1.5772685253900431,0.2127407422645816,1.088176495749686,1.6828291978586174,0.3389706436959475,1.658278652111353,-0.1655729768734633,0.36760879992056644,-1.6934981906172113,-1.1159932239337182,-0.3374396508903867
0.2920430904008257,0.05193473731245641,-0.11540598088541351,0.118407003532207,0.07963655307007111,0.17066299694858614,-0.06686997659284331,0.017472507239934706,-0.057140969401860926,-0.08909010461236384,0.04051860055717619,0.25586330360587023,-0.2595181473491069,0.06491050540257742,0.08008449263272717,0.1952271882690829,0.07124221107159731,-0.11068083279987952,-0.16531336635966898,-0.1365084353168243,0.093910543993689935,-0.025665222472721128,0.15404569101383306,0.08548408798878003,-0.011139481079599108,0.127386621110996,-0.05496492762637522,0.048270017540392965,-0.03116541014214223,0.1484357925292306,0.11367759583122851,-0.08939725240819474,0.10937367397643243,-0.19904283658803967,0.047059563543847265,-0.08331304201964303,-0.20456142451170461,-0.054663736386765444,-0.34844695975818707,-0.02644322343239755,0.09324499208433235,0.29612910088768396,-0.0011017667388588115,0.1495427737670694
-1.7876697401153872,-0.7681934019669894,2.0418876117625775,-0.3903799902386287,-0.784823361605812,-1.5995183663254582,0.5699995262819477,-0.057140969401860926,0.7499868745663085,0.24451158483417018,0.6081827616969294,-2.4824182820860736,0.27358875231832397,0.6847023832833672,-0.12386611054927629,-0.9171220917568493,-0.118992386578531,1.5041796937485479,1.4342365909123347,1.6564796750193531,-0.5548196653528102,0.9043848601089107,-0.8154095770639795,0.0497779621833019,0.5753946734575321,-0.8445609642775606,0.47716600445657537,-0.267107818708828,0.26842093939020556,-0.2975167428407361,-1.0979227704024435,0.6116195080740824,-0.5558800779069237,1.9381490888224238,0.5053409365602054,1.515957203351101,2.0892549140695307,0.37377657608762027,1.5664259152026225,-0.3634379431194594,0.9165985766105261,-1.8029074437498878,-1.840835215048789,-0.060107236663936914
-1.5176427531825616,-0.20620856387829942,0.4188218019260865,-0.6613689185305905,-0.36885044836756553,-0.8100803576296985,0.32653618034397697,-0.08909010461236384,0.24451158483417018,0.4993302178708758,-0.3299463136052561,-1.2091460165633727,1.5300978754695131,-0.4820983478906857,-0.465151175766804,-1.048533622057299,-0.4077296059034484,0.46017595968267166,0.8009686210932881,0.5963225723294443,-0.49305757847909765,0.02899832153304391,-0.8216818491773633,-0.5180381796276409,-0.010011758406866194,-0.6535162518783466,0.2684365324696407,-0.25291421716112455,0.15183198142160767,-0.8538965301201366,-0.5374513872689082,0.4576122094817135,-0.5830077781824881,0.9315512564159685,-0.35112076601649955,0.2918324682318668,0.9486050269956066,0.28053790610055396,1.8883918510490127,0.20859586629184645,-0.6871208875137185,-1.5360881151924235,0.25696681965557217,-0.8907100459287173
-0.27017466915103744,-0.6807884406277811,1.97107240634913,0.3604773172763679,-0.49553721534417683,-0.9346159752820876,0.2858877787884545,0.04051860055717619,0.6081827616969294,-0.3299463136052561,1.1664262788060868,-1.5099533530393439,-1.6032236097116326,1.4489689576150204,0.4363481196232219,0.20310995055631478,0.3689972532067934,1.260155435607519,0.7442261468586655,1.2757163566563745,-0.055397805684225386,1.0724202825519318,0.042392343064733336,0.7175632731586934,0.7189618702172771,-0.20667577037667784,0.242573572736487,-0.005929681242140953,0.13619450799581775,0.7178125012083664,-0.6658950205933815,0.1694445547989692,0.05678734955816325,1.1979578229082797,1.0628949566486567,1.4921453697281164,1.3589522037479254,0.10394906363000225,-0.4737009361354074,-0.7096850762988904,1.9926842868142196,-0.26547776802844686,-2.5823668235548176,1.0531800122794495
6.820370310789215,2.504078647776994,-6.531681505319249,1.8051749737360323,2.7095462712502654,5.577316284334939,-2.0264821268500177,0.25586330360587023,-2.4824182820860736,-1.2091460165633727,-1.5099533530393439,8.61121583278279,-2.2870372978597446,-1.5954684334868694,0.8181237576544963,3.7576408106398804,0.7455277317437781,-4.95626162832503,-5.072632842911381,-5.542315168160005,2.136543687333445,-2.7438936701138017,3.2333727932350396,0.3472348727379909,-1.718143389284452,3.1604791046577256,-1.6890390031131137,1.0458295276229543,-0.9498465005356147,1.710341949592853,3.8108976191961643,-2.276285220029035,2.224508379803376,-6.709014559053863,-1.1838970188346654,-4.832177635838934,-7.18242566800634,-1.3919374284558448,-6.509646146539681,0.8891472992783228,-2.096102974358595,6.883193441232732,5.282431511441516,1.0295420645677291
-3.8754560320513813,-0.127953104132598,-0.10283042136980777,-1.9866530696968074,-0.6750102465345178,-1.579777681792515,0.6953673218646509,-0.2595181473491069,0.27358875231832397,1.5300978754695131,-1.6032236097116326,-2.2870372978597446,5.071702891189403,-2.179418045896933,-1.5089026784418775,-2.9179871083532745,-1.311396656864663,0.44629601322716494,1.6731860403926297,0.7988922465835793,-1.2774049951104278,-0.5861198163599675,-2.2153547852977087,-1.825521831785019,-0.47272392120875506,-1.6145061382849613,0.5667850027599259,-0.6720869279145247,0.3206846437157003,-2.719387565650505,-1.0185198389356598,1.1164279723919934,-1.5867389035808717,1.7374908833889802,-1.5914202646879123,-0.14874604225269658,1.6865523038241403,0.6830505990896686,5.325951363610786,0.9962200838596854,-3.0620904453078683,-3.9269426757697303,2.282256078737053,-3.0216963075477588
-0.05917203244623032,-0.7774911057285695,2.2843249976492666,0.5448627371008702,-0.5271204965278639,-0.9768509303055621,0.2860936454685566,0.06491050540257742,0.6847023832833672,-0.4820983478906857,1.4489689576150204,-1.5954684334868694,-2.179418045896933,1.816832413030089,0.6025132431277376,0.42401624342571054,0.5129260722165829,1.4263929231918482,0.7496759048942557,1.4207390212586255,0.019394834627624858,1.2758510181606997,0.19351642657096005,0.9460963274371151,0.8602246795421511,-0.13437168891115442,0.2443420432664644,0.035923074025591806,0.13675752743379943,1.0045442230529547,-0.7016232222308285,0.1234449835106742,0.16885083321576574,1.268459985719151,1.3323400086194757,1.7310696183538852,1.4598671565597994,0.07515264140475199,-0.8916553505734762,-0.8832037644979011,2.501088371229358,-0.05081703882116427,-3.130734593169669,1.413618878005219
1.2462112030649328,0.08204075139547443,-0.08723355355618687,0.6074779680501451,0.24474999599436167,0.5580482297054479,-0.23776950675115727,0.08008449263272717,-0.12386611054927629,-0.465151175766804,0.4363481196232219,0.8181237576544963,-1.5089026784418775,0.6025132431277376,0.4525631553882479,0.9127497158667625,0.3937548645210422,-0.2184828791443647,-0.5764502092879824,-0.3312419291415186,0.409131580287656,0.12028989499947336,0.700761371783931,0.5338846897247868,0.10554972326049568,0.5237067146411436,-0.194037848712833,0.21324845770647333,-0.10935228574241151,0.8178694333004866,0.36476832541426357,-0.36392148166380694,0.4998516268132921,-0.6246383567537247,0.4397874753996404,-0.0446645720632402,-0.6178834428552863,-0.22360557631701886,-1.6592418761185035,-0.2722469632976406,0.8491907774728318,1.2619341480476831,-0.565592392600342,0.8938937459238585
3.8641211542677807,0.861636105331675,-2.0598701712225678,1.436217579269376,1.1636476713572497,2.476153859808296,-0.9514501755538788,0.1952271882690829,-0.9171220917568493,-1.048533622057299,0.20310995055631478,3.7576408106398804,-2.9179871083532745,0.42401624342571054,0.9127497158667625,2.4672241809306255,0.8055222386108969,-1.7884611872519274,-2.353329929076143,-2.1277563148315353,1.2378896734419385,-0.631366029076529,1.9933455178706563,0.8981537279588504,-0.3503789536555933,1.712228993217366,-0.7874938026815168,0.6264523359867946,-0.44350927842355475,1.7214102172601238,1.6652109827490347,-1.2135603805944757,1.3986121595587875,-2.90942552992206,0.3028534131220501,-1.4943133971462645,-3.0400517075191504,-0.742011807115357,-4.3878758876556585,-0.14259176194476006,0.6422840196040754,3.9072383776138584,0.7198084144877216,1.6318294187328435
1.106346408825643,0.08279769559524598,-0.10577670934312439,0.5326293123418927,0.224395696301078,0.507439759994232,-0.21316418526327555,0.07124221107159731,-0.118992386578531,-0.4077296059034484,0.3689972532067934,0.7455277317437781,-1.311396656864663,0.5129260722165829,0.3937548645210422,0.8055222386108969,0.3446920139236677,-0.21223022459571975,-0.5208616330982181,-0.31113907452600126,0.36280326239299454,0.09090713946236129,0.6191553331387919,0.46227704813127335,0.08259721862376354,0.4666726490576702,-0.17499833817367474,0.1888620595672358,-0.09894683881131537,0.7134359113456974,0.33206458303101205,-0.32458928276008797,0.44117230943246477,-0.5713532102146824,0.37435354576287977,-0.06170158720149064,-0.5666763665507955,-0.19878040919416975,-1.4612901424101314,-0.23003855187520234,0.7227558055904696,1.1211854147741687,-0.46342454989590326,0.7767722368211608
-3.523150126977425,-1.5473558491523667,4.119264293832201,-0.7454313705982043,-1.5691778521685082,-3.192113672284501,1.1360435452869326,-0.11068083279987952,1.5041796937485479,0.46017595968267166,1.260155435607519,-4.95626162832503,0.44629601322716494,1.4263929231918482,-0.2184828791443647,-1.7884611872519274,-0.21223022459571975,3.024332011165443,2.857008586179704,3.3231520211473735,-1.0901836059144436,1.8373087886078103,-1.5963757604557667,0.1375573412396645,1.1697866500224527,-1.6692655754431196,0.9494426670398332,-0.5256391925109015,0.5342326080904495,-0.5425660749532447,-2.19198181585227,1.2107858339456328,-1.0865193397979767,3.8712183756583665,1.0529389062006744,3.0601215439686933,4.177486211663777,0.7394455981046697,3.0463318263046126,-0.752470191706035,1.913508852918916,-3.553538507000875,-3.7600152625514163,-0.0568566731254073
-4.169354478981354,-1.436508360987727,3.7136108650681017,-1.1734710529677883,-1.5936767653015926,-3.2934818925187113,1.2055566071788346,-0.16531336635966898,1.4342365909123347,0.8009686210932881,0.7442261468586655,-5.072632842911381,1.6731860403926297,0.7496759048942557,-0.5764502092879824,-2.353329929076143,-0.5208616330982181,2.857008586179704,3.0133304661907188,3.2176770626401843,-1.310029367305156,1.5214084306716857,-2.0046476836697025,-0.33065637714781393,0.9443261064060684,-1.9189349956950636,1.0035473282409628,-0.6447219809513448,0.56494191284929,-1.1722256330544918,-2.246151376272924,1.3781965308389659,-1.3837884694147708,3.9502640104866873,0.5573128773840003,2.7421397350226395,4.214713884132534,0.8430394647403373,4.09776521377743,-0.43469235182370525,0.9707828505634025,-4.208982792483196,-2.84325755750191,-0.8077604231769286
-4.079193796638629,-1.6940656267834635,4.483074783460788,-0.9342785501978524,-1.751400505048213,-3.5767763721987698,1.2821813263135247,-0.1365084353168243,1.6564796750193531,0.5963225723294443,1.2757163566563745,-5.542315168160005,0.7988922465835793,1.4207390212586255,-0.3312419291415186,-2.1277563148315353,-0.31113907452600126,3.3231520211473735,3.2176770626401843,3.6734094449541774,-1.2668986277639167,1.9666464252060827,-1.8770014677646798,0.03801861135995852,1.2454567808943342,-1.9189148285080777,1.069955507080304,-0.6133761543530335,0.6024216197503645,-0.7582972894667172,-2.4523814303441984,1.3874230793206823,-1.2833585361577622,4.326436854732493,1.0488137860063211,3.3259999986485385,4.656001557843438,0.8484307058416358,3.6483625949589555,-0.7594153304017945,1.896515272997333,-4.114455653099223,-3.957975093723669,-0.24826818313748622
2.020902443706028,0.5350612121889123,-1.3265159515713263,0.6874284157402266,0.664822058843452,1.3986982442999807,-0.5268602242449889,0.093910543993689935,-0.5548196653528102,-0.49305757847909765,-0.055397805684225386,2.136543687333445,-1.2774049951104278,0.019394834627624858,0.409131580287656,1.2378896734419385,0.36280326239299454,-1.0901836059144436,-1.310029367305156,-1.2668986277639167,0.6442668698817546,-0.4704603612639291,1.0189594680727532,0.3611759064158038,-0.278557354863076,0.9065527052538747,-0.437455496541993,0.32160853915044807,-0.24598927192942086,0.7849714215317322,0.947044407500003,-0.6455524737635158,0.7107904227006634,-1.657083028213653,0.01030331504017374,-0.9706441362051424,-1.7461104603445003,-0.39553073394506105,-2.187116863564854,0.024495294114077183,0.05734144312647404,2.041623029185508,0.7226356703873629,0.6937231070321694
-1.5653728687166248,-0.9575961506234646,2.6241783733487796,-0.13108635863351015,-0.8774239494158318,-1.7492610298781235,0.6003286975961182,-0.025665222472721128,0.9043848601089107,0.02899832153304391,1.0724202825519318,-2.7438936701138017,-0.5861198163599675,1.2758510181606997,0.12028989499947336,-0.631366029076529,0.09090713946236129,1.8373087886078103,1.5214084306716857,1.9666464252060827,-0.4704603612639291,1.2637322731205842,-0.630326948664424,0.3996199548214504,0.8209682633947952,-0.7798529484291485,0.5035849179418904,-0.21739076589147285,0.2832693915230818,0.12286567909469762,-1.2125173890155032,0.5750092795990296,-0.41582699238877663,2.1516960465454056,0.9389217533066495,1.9617654202849508,2.354289409800447,0.3508805698248328,1.0149525844051914,-0.6466096944566941,1.7356592226430754,-1.5755371731562904,-2.7703893527183765,0.48215043436200317
3.1892879634419304,0.7765811957920702,-1.8915402406343673,1.1359093752396787,1.0041342231082955,2.123732098182547,-0.8074736325995691,0.15404569101383306,-0.8154095770639795,-0.8216818491773633,0.042392343064733336,3.2333727932350396,-2.2153547852977087,0.19351642657096005,0.700761371783931,1.9933455178706563,0.6191553331387919,-1.5963757604557667,-2.0046476836697025,-1.8770014677646798,1.0189594680727532,-0.630326948664424,1.6295260818552564,0.65523476562936,-0.3626232231660501,1.4217687367166805,-0.6698909354619977,0.5117676325225843,-0.37718987771481693,1.329972800001901,1.434542873325486,-1.009482814628604,1.1390385450821383,-2.5055525779979475,0.13689293037105102,-1.3767982003778703,-2.6279598398552886,-0.6183321176204548,-3.5378269826870996,-0.03956974051939322,0.3144269637738068,3.2229774337570096,0.8612416290666757,1.2235774625421776
1.0758490376036651,-0.107315714773705,0.4485833979686528,0.6584912066309662,0.09233705848689013,0.263574343333432,-0.14305570231886108,0.08548408798878003,0.0497779621833019,-0.5180381796276409,0.7175632731586934,0.3472348727379909,-1.825521831785019,0.9460963274371151,0.5338846897247868,0.8981537279588504,0.46227704813127335,0.1375573412396645,-0.33065637714781393,0.03801861135995852,0.3611759064158038,0.3996199548214504,0.65523476562936,0.6891865366644281,0.2918847342275881,0.42880507138561735,-0.11482190614710082,0.1963404653487675,-0.06502127547071761,0.9494318996038944,0.15485183687138798,-0.2908595333365768,0.47595086114331586,-0.25370264648327334,0.6908787716221263,0.359862400339088,-0.2053662253444737,-0.17693103764576856,-1.6597475520407363,-0.44322359706755127,1.3196719742423688,1.0924876373522507,-1.2169483455880339,1.1075734153440533
-0.9313079774842634,-0.6113338182263554,1.6854292993528528,-0.04630205819535884,-0.5496206798319226,-1.0921899599566458,0.37171788498883407,-0.011139481079599108,0.5753946734575321,-0.010011758406866194,0.7189618702172771,-1.718143389284452,-0.47272392120875506,0.8602246795421511,0.10554972326049568,-0.3503789536555933,0.08259721862376354,1.1697866500224527,0.9443261064060684,1.2454567808943342,-0.278557354863076,0.8209682633947952,-0.3626232231660501,0.2918847342275881,0.536963975987258,-0.46919894851615734,0.3117766711452405,-0.12621615440910558,0.17520042625416274,0.13057755115959552,-0.7592533330562187,0.3479186577861895,-0.23610768944346125,1.3482001361898444,0.6326529370119877,1.263148702847877,1.4789782740509383,0.21277736575756195,0.5495549944182926,-0.43403372447334354,1.1711680009558056,-0.9367505184892929,-1.8211305712087391,0.3663909607941676
2.8612715280010312,0.826633015351554,-2.0798729405527077,0.9244536654739021,0.9870425050857184,2.064992789523626,-0.7714171860134387,0.127386621110996,-0.8445609642775606,-0.6535162518783466,-0.20667577037667784,3.1604791046577256,-1.6145061382849613,-0.13437168891115442,0.5237067146411436,1.712228993217366,0.4666726490576702,-1.6692655754431196,-1.9189349956950636,-1.9189148285080777,0.9065527052538747,-0.7798529484291485,1.4217687367166805,0.42880507138561735,-0.46919894851615734,1.2956913242324368,-0.6410336156785642,0.45258815839547806,-0.3613643646678925,1.0207606123780564,1.3993275611878915,-0.924633435426554,0.9895085409775358,-2.4555125573179457,-0.10382068894311182,-1.525037580819996,-2.598167285909643,-0.5647527257747905,-3.0141766782785426,0.11293848040783265,-0.14231998204165575,2.8908582147942967,1.3003389354892396,0.8547060810609814
-1.3918145035677147,-0.47698028651208,1.2333621264163006,-0.39445510970116726,-0.5301877214472346,-1.0968047272941848,0.4017004629657005,-0.05496492762637522,0.47716600445657537,0.2684365324696407,0.242573572736487,-1.6890390031131137,0.5667850027599259,0.2443420432664644,-0.194037848712833,-0.7874938026815168,-0.17499833817367474,0.9494426670398332,1.0035473282409628,1.069955507080304,-0.437455496541993,0.5035849179418904,-0.6698909354619977,-0.11482190614710082,0.3117766711452405,-0.6410336156785642,0.33563792933832454,-0.2160743065028238,0.18861514737480872,-0.39575979998357835,-0.7469240854591721,0.460068690973676,-0.4628284647439737,1.3144796088344257,0.18223256072847344,0.9092526362222797,1.4032435747403946,0.2805912401018429,1.3727582476041702,-0.14201239419330525,0.31594685520573074,-1.4050606629390199,-0.9388959406759794,-0.2739766452870387
1.0104161298090706,0.2569715165308841,-0.6317976527455981,0.35292847498327845,0.3256313406319004,0.686329684411607,-0.260095453398301,0.048270017540392965,-0.267107818708828,-0.25291421716112455,-0.005929681242140953,1.0458295276229543,-0.6720869279145247,0.035923074025591806,0.21324845770647333,0.6264523359867946,0.1888620595672358,-0.5256391925109015,-0.6447219809513448,-0.6133761543530335,0.32160853915044807,-0.21739076589147285,0.5117676325225843,0.1963404653487675,-0.12621615440910558,0.45258815839547806,-0.2160743065028238,0.1629125216835831,-0.12141171143964999,0.4082376745201943,0.46266248295992835,-0.3221446374659655,0.3575245217022579,-0.8110198598361216,0.023738167532658776,-0.4605403215748755,-0.8536207429940283,-0.19639127584155305,-1.1088393586597245,-0.0012474129330211478,0.06421666647409732,1.0215668324107927,0.3165491593503659,0.36713789399616703
-0.7836634125866446,-0.2685393116042721,0.6935731959277992,-0.22228823212522064,-0.2982786131757831,-0.6173776346319796,0.2262353859043504,-0.03116541014214223,0.26842093939020556,0.15183198142160767,0.13619450799581775,-0.9498465005356147,0.3206846437157003,0.13675752743379943,-0.10935228574241151,-0.44350927842355475,-0.09894683881131537,0.5342326080904495,0.56494191284929,0.6024216197503645,-0.24598927192942086,0.2832693915230818,-0.37718987771481693,-0.06502127547071761,0.17520042625416274,-0.3613643646678925,0.18861514737480872,-0.12141171143964999,0.1065679721934249,-0.22312141909519734,-0.42015554800374577,0.25904297808004934,-0.26095023064367,0.7398673933613723,0.10146676742842746,0.5110188086121832,0.7890227459230746,0.15793745945310658,0.7735082965173806,-0.07970845109969722,0.1766861918988011,-0.7913626930734727,-0.5272399775479576,-0.15546291847091678
2.401754435182849,0.22449962552716515,-0.36488400970746276,1.123637407723097,0.5156329759824141,1.157509350206867,-0.4816303368956504,0.1484357925292306,-0.2975167428407361,-0.8538965301201366,0.7178125012083664,1.710341949592853,-2.719387565650505,1.0045442230529547,0.8178694333004866,1.7214102172601238,0.7134359113456974,-0.5425660749532447,-1.1722256330544918,-0.7582972894667172,0.7849714215317322,0.12286567909469762,1.329972800001901,0.9494318996038944,0.13057755115959552,1.0207606123780564,-0.39575979998357835,0.4082376745201943,-0.22312141909519734,1.490073077746687,0.7595148956325117,-0.711635481062272,0.9471110781288011,-1.3099442039448663,0.7315583629553185,-0.2332063586142254,-1.3149193164643964,-0.43512702949394305,-3.118560573422239,-0.44920496323497217,1.420390168346421,2.4320684378177773,-0.8213661348953659,1.599228394346154
3.0223411218505776,1.1073204558943093,-2.886408388329181,0.8006644910177994,1.1993314465289795,2.4683009316461435,-0.8968870639108213,0.11367759583122851,-1.0979227704024435,-0.5374513872689082,-0.6658950205933815,3.8108976191961643,-1.0185198389356598,-0.7016232222308285,0.36476832541426357,1.6652109827490347,0.33206458303101205,-2.19198181585227,-2.246151376272924,-2.4523814303441984,0.947044407500003,-1.2125173890155032,1.434542873325486,0.15485183687138798,-0.7592533330562187,1.3993275611878915,-0.7469240854591721,0.46266248295992835,-0.42015554800374577,0.7595148956325117,1.687941229668239,-1.0076142168837794,0.9865979959995548,-2.969293654519638,-0.5198653109010344,-2.1358709671059652,-3.177307346644187,-0.6170919966912308,-2.8858459787817106,0.39224392645159933,-0.9214696545604039,3.049845811609938,2.3315482813128168,0.46064061223702485
-2.039156971775708,-0.6007676809333812,1.51661381840968,-0.650263889276393,-0.7113756673317632,-1.4855996859977765,0.5536946641492917,-0.08939725240819474,0.6116195080740824,0.4576122094817135,0.1694445547989692,-2.276285220029035,1.1164279723919934,0.1234449835106742,-0.36392148166380694,-1.2135603805944757,-0.32458928276008797,1.2107858339456328,1.3781965308389659,1.3874230793206823,-0.6455524737635158,0.5750092795990296,-1.009482814628604,-0.2908595333365768,0.3479186577861895,-0.924633435426554,0.460068690973676,-0.3221446374659655,0.25904297808004934,-0.711635481062272,-1.0076142168837794,0.661285675668005,-0.7012105554622963,1.76849935505617,0.09507266889417361,1.1136379362098339,1.8739251056206785,0.40371795740174166,2.1328402948315017,-0.09358375965434,0.14003050910155496,-2.059969237377327,-0.9744866003935287,-0.5864315129796784
2.223045885050894,0.5271855916099616,-1.2769966639730013,0.8021870475295811,0.6901384273456193,1.4632703351985679,-0.5586770954498651,0.10937367397643243,-0.5558800779069237,-0.5830077781824881,0.05678734955816325,2.224508379803376,-1.5867389035808717,0.16885083321576574,0.4998516268132921,1.3986121595587875,0.44117230943246477,-1.0865193397979767,-1.3837884694147708,-1.2833585361577622,0.7107904227006634,-0.41582699238877663,1.1390385450821383,0.47595086114331586,-0.23610768944346125,0.9895085409775358,-0.4628284647439737,0.3575245217022579,-0.26095023064367,0.9471110781288011,0.9865979959995548,-0.7012105554622963,0.7986156732447145,-1.723540204991713,0.12037253413289728,-0.9280344597282446,-1.8053391015043032,-0.42946698352788415,-2.4848555539959953,-0.04476728695477267,0.26644674335694957,2.2468758150368817,0.5419928085427889,0.8801223521365154
-5.2946203126104505,-1.957059026175157,5.108015139456241,-1.3919235878096978,-2.1128356726223534,-4.345616196460966,1.5772685253900431,-0.19904283658803967,1.9381490888224238,0.9315512564159685,1.1979578229082797,-6.709014559053863,1.7374908833889802,1.268459985719151,-0.6246383567537247,-2.90942552992206,-0.5713532102146824,3.8712183756583665,3.9502640104866873,4.326436854732493,-1.657083028213653,2.1516960465454056,-2.5055525779979475,-0.25370264648327334,1.3482001361898444,-2.4555125573179457,1.3144796088344257,-0.8110198598361216,0.7398673933613723,-1.3099442039448663,-2.969293654519638,1.76849935505617,-1.723540204991713,5.230590721879805,0.9403019503576984,3.780932354879722,5.598854568851687,1.0815815273666054,5.036768175845343,-0.7059301055716415,1.6690684727549974,-5.3438359127315636,-4.153294390640014,-0.7763143287228695
-0.05527531720424879,-0.5737747615781977,1.6844679206528586,0.3953536721464393,-0.3910891227602672,-0.7248151906819532,0.2127407422645816,0.047059563543847265,0.5053409365602054,-0.35112076601649955,1.0628949566486567,-1.1838970188346654,-1.5914202646879123,1.3323400086194757,0.4397874753996404,0.3028534131220501,0.37435354576287977,1.0529389062006744,0.5573128773840003,1.0488137860063211,0.01030331504017374,0.9389217533066495,0.13689293037105102,0.6908787716221263,0.6326529370119877,-0.10382068894311182,0.18223256072847344,0.023738167532658776,0.10146676742842746,0.7315583629553185,-0.5198653109010344,0.09507266889417361,0.12037253413289728,0.9403019503576984,0.9786682522905268,1.276595056904626,1.0829674135208769,0.057184559342112674,-0.6410917150367229,-0.6472894079772621,1.8349842494274815,-0.049178340856472325,-2.3013259553571013,1.0340015761823738
-3.1656227762955838,-1.577635718447275,4.2561064118611585,-0.5293043025407699,-1.5348869289731641,-3.0988127777410237,1.088176495749686,-0.08331304201964303,1.515957203351101,0.2918324682318668,1.4921453697281164,-4.832177635838934,-0.14874604225269658,1.7310696183538852,-0.0446645720632402,-1.4943133971462645,-0.06170158720149064,3.0601215439686933,2.7421397350226395,3.3259999986485385,-0.9706441362051424,1.9617654202849508,-1.3767982003778703,0.359862400339088,1.263148702847877,-1.525037580819996,0.9092526362222797,-0.4605403215748755,0.5110188086121832,-0.2332063586142254,-2.1358709671059652,1.1136379362098339,-0.9280344597282446,3.780932354879722,1.276595056904626,3.1753745422951454,4.102912784443579,0.6809528470306331,2.4984545016876987,-0.8938804737558173,2.3375151316005938,-3.1900492627454544,-4.148578943144246,0.30440703565281474
-5.586279704455529,-2.115703021580262,5.540470568089653,-1.4314164883025047,-2.262814019138135,-4.647497787449607,1.6828291978586174,-0.20456142451170461,2.0892549140695307,0.9486050269956066,1.3589522037479254,-7.18242566800634,1.6865523038241403,1.4598671565597994,-0.6178834428552863,-3.0400517075191504,-0.5666763665507955,4.177486211663777,4.214713884132534,4.656001557843438,-1.7461104603445003,2.354289409800447,-2.6279598398552886,-0.2053662253444737,1.4789782740509383,-2.598167285909643,1.4032435747403946,-0.8536207429940283,0.7890227459230746,-1.3149193164643964,-3.177307346644187,1.8739251056206785,-1.8053391015043032,5.598854568851687,1.0829674135208769,4.102912784443579,6.003205788053965,1.1450766665495797,5.251652794316065,-0.8021771060812835,1.9285120828010613,-5.637360354709955,-4.589685593633093,-0.7217710268484454
-1.248223128015684,-0.36673277671821736,0.926169936789184,-0.397355311110415,-0.4348049438034396,-0.9083397606391221,0.3389706436959475,-0.054663736386765444,0.37377657608762027,0.28053790610055396,0.10394906363000225,-1.3919374284558448,0.6830505990896686,0.07515264140475199,-0.22360557631701886,-0.742011807115357,-0.19878040919416975,0.7394455981046697,0.8430394647403373,0.8484307058416358,-0.39553073394506105,0.3508805698248328,-0.6183321176204548,-0.17693103764576856,0.21277736575756195,-0.5647527257747905,0.2805912401018429,-0.19639127584155305,0.15793745945310658,-0.43512702949394305,-0.6170919966912308,0.40371795740174166,-0.42946698352788415,1.0815815273666054,0.057184559342112674,0.6809528470306331,1.1450766665495797,0.2480266390328372,1.3043958069110384,-0.05712267909302621,0.08428139949017797,-1.2602520907290955,-0.5952269895128216,-0.35979236916640217
-6.819471254396231,-1.460328147292869,3.457393881923193,-2.5796557895738617,-2.0130459221279824,-4.296258104373207,1.658278652111353,-0.34844695975818707,1.5664259152026225,1.8883918510490127,-0.4737009361354074,-6.509646146539681,5.325951363610786,-0.8916553505734762,-1.6592418761185035,-4.3878758876556585,-1.4612901424101314,3.0463318263046126,4.09776521377743,3.6483625949589555,-2.187116863564854,1.0149525844051914,-3.5378269826870996,-1.6597475520407363,0.5495549944182926,-3.0141766782785426,1.3727582476041702,-1.1088393586597245,0.7735082965173806,-3.118560573422239,-2.8858459787817106,2.1328402948315017,-2.4848555539959953,5.036768175845343,-0.6410917150367229,2.4984545016876987,5.251652794316065,1.3043958069110384,7.8207629611985325,0.32043879569512657,-1.331319550830146,-6.89533952406483,-1.0237500998839133,-2.993415154541208
0.13478797701830172,0.40696677087814503,-1.181602189904825,-0.2294425935006713,0.29229783987502744,0.5491229660142705,-0.1655729768734633,-0.02644322343239755,-0.3634379431194594,0.20859586629184645,-0.7096850762988904,0.8891472992783228,0.9962200838596854,-0.8832037644979011,-0.2722469632976406,-0.14259176194476006,-0.23003855187520234,-0.752470191706035,-0.43469235182370525,-0.7594153304017945,0.024495294114077183,-0.6466096944566941,-0.03956974051939322,-0.44322359706755127,-0.43403372447334354,0.11293848040783265,-0.14201239419330525,-0.0012474129330211478,-0.07970845109969722,-0.44920496323497217,0.39224392645159933,-0.09358375965434,-0.04476728695477267,-0.7059301055716415,-0.6472894079772621,-0.8938804737558173,-0.8021771060812835,-0.05712267909302621,0.32043879569512657,0.4332154896556163,-1.2152598566396184,0.13175397585313112,1.5627991177707727,-0.6515649606128843
0.013995573142431635,-1.0462400267047987,3.0827515171774516,0.7824335435785725,-0.6958880404751118,-1.278936561352202,0.36760879992056644,0.09324499208433235,0.9165985766105261,-0.6871208875137185,1.9926842868142196,-2.096102974358595,-3.0620904453078683,2.501088371229358,0.8491907774728318,0.6422840196040754,0.7227558055904696,1.913508852918916,0.9707828505634025,1.896515272997333,0.05734144312647404,1.7356592226430754,0.3144269637738068,1.3196719742423688,1.1711680009558056,-0.14231998204165575,0.31594685520573074,0.06421666647409732,0.1766861918988011,1.420390168346421,-0.9214696545604039,0.14003050910155496,0.26644674335694957,1.6690684727549974,1.8349842494274815,2.3375151316005938,1.9285120828010613,0.08428139949017797,-1.331319550830146,-1.2152598566396184,3.447055390064739,0.026332826751300543,-4.276370193967805,1.979356776930148
6.423501129498301,1.7495529936820944,-4.356725371810157,2.151790469516213,2.1460559002953534,4.505264009711937,-1.6934981906172113,0.29612910088768396,-1.8029074437498878,-1.5360881151924235,-0.26547776802844686,6.883193441232732,-3.9269426757697303,-0.05081703882116427,1.2619341480476831,3.9072383776138584,1.1211854147741687,-3.553538507000875,-4.208982792483196,-4.114455653099223,2.041623029185508,-1.5755371731562904,3.2229774337570096,1.0924876373522507,-0.9367505184892929,2.8908582147942967,-1.4050606629390199,1.0215668324107927,-0.7913626930734727,2.4320684378177773,3.049845811609938,-2.059969237377327,2.2468758150368817,-5.3438359127315636,-0.049178340856472325,-3.1900492627454544,-5.637360354709955,-1.2602520907290955,-6.89533952406483,0.13175397585313112,0.026332826751300543,6.490853127070741,2.4896987040859715,2.116663672245192
2.4795631787107677,1.9806080022426287,-5.527498604822572,-0.1370755863462814,1.6989419885326316,3.341643848989512,-1.1159932239337182,-0.0011017667388588115,-1.840835215048789,0.25696681965557217,-2.5823668235548176,5.282431511441516,2.282256078737053,-3.130734593169669,-0.565592392600342,0.7198084144877216,-0.46342454989590326,-3.7600152625514163,-2.84325755750191,-3.957975093723669,0.7226356703873629,-2.7703893527183765,0.8612416290666757,-1.2169483455880339,-1.8211305712087391,1.3003389354892396,-0.9388959406759794,0.3165491593503659,-0.5272399775479576,-0.8213661348953659,2.3315482813128168,-0.9744866003935287,0.5419928085427889,-4.153294390640014,-2.3013259553571013,-4.148578943144246,-4.589685593633093,-0.5952269895128216,-1.0237500998839133,1.5627991177707727,-4.276370193967805,2.4896987040859715,6.286974803461084,-1.6390614412535198
2.0874777818799752,-0.03151137884831872,0.35211791236224926,1.1438741060997353,0.2971716219514044,0.7274869095840296,-0.3374396508903867,0.1495427737670694,-0.060107236663936914,-0.8907100459287173,1.0531800122794495,1.0295420645677291,-3.0216963075477588,1.413618878005219,0.8938937459238585,1.6318294187328435,0.7767722368211608,-0.0568566731254073,-0.8077604231769286,-0.24826818313748622,0.6937231070321694,0.48215043436200317,1.2235774625421776,1.1075734153440533,0.3663909607941676,0.8547060810609814,-0.2739766452870387,0.36713789399616703,-0.15546291847091678,1.599228394346154,0.46064061223702485,-0.5864315129796784,0.8801223521365154,-0.7763143287228695,1.0340015761823738,0.30440703565281474,-0.7217710268484454,-0.35979236916640217,-2.993415154541208,-0.6515649606128843,1.979356776930148,2.116663672245192,-1.6390614412535198,1.818015289981621
