V1,V2,V3,V4,V5,V6,V7,V8,V9,V10,V11,V12,V13,V14,V15,V16,V17,V18,V19,V20,V21,V22,V23,V24,V25,V26,V27,V28,V29,V30,V31,V32,V33,V34,V35,V36,V37,V38,V39,V40,V41,V42,V43,V44
5.648479399118278,1.4897586339246032,-3.688395617618772,1.927886135725058,1.8564658256217172,3.898505400988973,-1.4702204303062765,0.26167210174041744,-1.5397750217787545,-1.380444024626434,-0.14356613950047772,5.954265245840703,-3.59156368254211,0.07448137560593764,1.1483653778089535,3.462855784635987,1.0163141264314408,-3.031558939506798,-3.6535104487372423,-3.5248668286082347,1.7973604170799342,-1.3050770459048804,2.84449715826765,1.019887370010406,-0.7698202162065342,2.5323156173528725,-1.2190123788141,0.9010357249569441,-0.685662825714011,2.2030141591103836,2.637792496543278,-1.8076045822034463,1.9823226627379007,-4.620739606317227,0.03848674917991976,-2.6993865686188117,-4.870158964230098,-1.1075243427853818,-6.1180008979011795,0.05741253032448987,0.18150834292367624,5.702463513864148,1.9931568642282143,1.9483310762839536
1.4897586339246032,0.7275544415146914,-1.9544296517919426,0.2618099911267378,0.7125819648537465,1.4379704190764855,-0.5062870397022143,0.04023081381023752,-0.6985808177707509,-0.1476942135447553,-0.6706837350236787,2.2397626796100907,0.020946512655151104,-0.7745000412414891,0.03408232578592674,0.7117589364655189,0.03873004850269219,-1.4102394994830065,-1.2751585470343347,-1.5368323114084723,0.4562205240651298,-0.8969203306761958,0.6524143047376346,-0.14799664024300688,-0.5745825982694076,0.7162831318906787,-0.4232506250470262,0.21797127478123546,-0.2387001083236844,0.13181060651687107,0.9901227548466071,-0.5223441177109073,0.44117385066491843,-1.7527421697106909,-0.5718744142971379,-1.454918480487388,-1.8998150492443495,-0.3189924244460258,-1.1969398905971835,0.4008145149986734,-1.0465645457661648,1.5007891095204118,1.8849593935211202,-0.11266344268107065
-3.688395617618772,-1.9544296517919426,5.300161252640086,-0.5316474803193016,-1.866211286176765,-3.752625670311405,1.308711696699179,-0.08582369591863787,1.8674136749603016,0.26329194944325246,1.9570601138850414,-5.861658420528655,-0.5079449588868367,2.2914545069793064,0.04168978946647858,-1.6691333320205517,0.008820189952618454,3.7777184357234472,3.3037196535846625,4.086975427086461,-1.1240381291320605,2.4787246125225297,-1.5716064566285979,0.564733005395136,1.5990320811587895,-1.7944072605639692,1.0955738185666333,-0.5301758788122815,0.6159272847844288,-0.11576027092720897,-2.59033525402599,1.3139542865559322,-1.0530953621352506,4.589220288699825,1.6885723835535213,3.9539960065492754,4.993316344706575,0.8029862268758271,2.767408224493076,-1.1756779371224562,3.1034680959676795,-3.714421664779469,-5.304384804992016,0.5719466037052069
1.927886135725058,0.2618099911267378,-0.5316474803193016,0.8413558326005482,0.46895491341182094,1.027728831445323,-0.41453925154629656,0.11126756207069782,-0.3092181836522766,-0.6320618713699993,0.42024103395199114,1.5357262730321035,-1.9447018316482687,0.6137786674469394,0.5910983707558237,1.3310363190202028,0.5161736442092433,-0.5832857751469623,-1.01641315169293,-0.7553598905918897,0.6254463822770964,-0.03657916576535182,1.0431852804376702,0.6585684826088382,0.013587121670245622,0.8298507972460328,-0.3413738068224506,0.322255026241027,-0.19239155301710006,1.0851279419862643,0.68190185674837,-0.5828695206146716,0.7386127966084591,-1.1818208886041124,0.4448776455429118,-0.36908959077124254,-1.2055926265973222,-0.3571745122386154,-2.398554078234626,-0.2664969550636142,0.872764525190565,1.9495671580721738,-0.3271121269841727,1.1296980884618069
1.8564658256217172,0.7125819648537465,-1.866211286176765,0.46895491341182094,0.7601607348648414,1.5520888589368433,-0.560854741130633,0.06548619000727074,-0.69885689040459,-0.30879038850034085,-0.4705526891550583,2.402144716909258,-0.533410454415164,-0.5023598269370086,0.19821276996031198,1.0025552177202177,0.17990417226646319,-1.4005702884595668,-1.4071521115364474,-1.5598342183382603,0.5785265871535171,-0.7972216069569686,0.8672979683063005,0.056270505941432875,-0.5007612877638632,0.8625803536819387,-0.46703520021885125,0.2828926497726812,-0.2626089557052107,0.42390660000042807,1.0625384195192502,-0.6260406209398204,0.5937864237183058,-1.8744738632997247,-0.3767068368537012,-1.384119712419551,-2.0121345682816423,-0.38400892949872467,-1.7291222946350289,0.27465927777459265,-0.6699328120044017,1.8688277484581028,1.561780988151472,0.220811748681331
3.898505400988973,1.4379704190764855,-3.752625670311405,1.027728831445323,1.5520888589368433,3.1981442535261047,-1.1622708866322682,0.14744794133396394,-1.4259004006448497,-0.6880010992726995,-0.8738744496870193,4.934382578648764,-1.291525170628595,-0.9286217102991805,0.46234753800953815,2.144943079563582,0.4229465209273582,-2.8471358925984482,-2.906847048282421,-3.1833678899044853,1.2201591611173057,-1.5795647338687326,1.8478335857526844,0.19241920954783764,-0.9882536929865654,1.809903496485964,-0.9688109965141329,0.5977697998602278,-0.5457111603925557,0.9699818956475204,2.183722803270103,-1.3006813105020205,1.273173222509997,-3.8453825522004395,-0.6858255422614589,-2.7743315378730076,-4.115553169478704,-0.7941682880510337,-3.7171996054764413,0.5167012911235135,-1.2184537340020891,3.9372377062300963,3.0442917593845125,0.5788862561727096
-1.4702204303062765,-0.5062870397022143,1.308711696699179,-0.41453925154629656,-0.560854741130633,-1.1622708866322682,0.4277284473705248,-0.05935469699371402,0.5045705883644368,0.28279886058022397,0.26057299276704254,-1.7855169908028923,0.595351694261335,0.26341705545467164,-0.20330788063429162,-0.8300473465920252,-0.18364195876935308,1.0075637442697207,1.063318578143064,1.137262001899932,-0.46034081636901636,0.5371703752571351,-0.707164611266333,-0.11941005998757057,0.3305284330018104,-0.6788788126845069,0.35484540872246023,-0.22806441373506425,0.20056236544261072,-0.414857082030916,-0.7902647005046117,0.48565733057173865,-0.4901310307596023,1.3912126117569668,0.19410211242337347,0.9639364987801894,1.4838094217233833,0.2962707801264017,1.44881649892824,-0.1526360360478386,0.34014385668783337,-1.4849923758386385,-0.999526235502048,-0.2867810430225964
0.26167210174041744,0.04023081381023752,-0.08582369591863787,0.11126756207069782,0.06548619000727074,0.14744794133396394,-0.05935469699371402,0.016339473518513174,-0.04787506951731327,-0.08390992291225062,0.04998702748338538,0.21781285731019678,-0.2531562875690299,0.0706607837801316,0.07652468197627178,0.1789621361982924,0.06808260514380081,-0.09012690397297501,-0.14361042062594187,-0.11468474421369129,0.08451921428577319,-0.012838485003712721,0.1423737793530792,0.08530771357514412,-0.0024799304504793114,0.11558134677434971,-0.04934643260412192,0.043593633532859506,-0.028479359296488614,0.14218326972486167,0.09684833836507821,-0.07805780546153679,0.1028303486815995,-0.16787877448816202,0.05434911658587841,-0.05814480635712143,-0.1704340885777392,-0.0466570899285858,-0.32425881332740947,-0.02965023304147421,0.1041866672241052,0.267618115812602,-0.027027521267201798,0.1471876769450528
-1.5397750217787545,-0.6985808177707509,1.8674136749603016,-0.3092181836522766,-0.69885689040459,-1.4259004006448497,0.5045705883644368,-0.04787506951731327,0.6821957357706637,0.18793312209938406,0.5916962927042391,-2.2155857730671293,0.12872195837821032,0.6817985612743037,-0.07746595205980311,-0.7706177513474679,-0.0797880738309737,1.3670702682762812,1.2708520236824625,1.4963615481122536,-0.47763878727365505,0.8388824949221229,-0.6948574333040992,0.08823366983047941,0.538056805395033,-0.7342847366679301,0.42366548396121306,-0.22795793982456855,0.2385060452950545,-0.20759969217452826,-0.9801507313832931,0.5295299309922866,-0.4735178302349287,1.7295110146589265,0.49883319879105503,1.3871905647204328,1.866882392076154,0.3220923653162424,1.307554257650977,-0.357425281168626,0.9107334830952901,-1.5578486284841728,-1.735599228314771,0.015075947075593892
-1.380444024626434,-0.1476942135447553,0.26329194944325246,-0.6320618713699993,-0.30879038850034085,-0.6880010992726995,0.28279886058022397,-0.08390992291225062,0.18793312209938406,0.4795244424592915,-0.3773275370836434,-1.0202869313145584,1.5089212442147173,-0.5334052513035978,-0.4553756921572797,-0.9779746811975819,-0.39765170393998306,0.34582722878607874,0.691115732992659,0.4698907511992677,-0.4503762693642767,-0.040323292655844827,-0.7596702507662629,-0.5221931218745626,-0.05425928371580743,-0.5893282275948037,0.23301741768691966,-0.23294140541135583,0.13166484277292115,-0.8312454320083028,-0.4535498557567981,0.41090398195341804,-0.5405892023133032,0.7829163934334289,-0.38888993997194865,0.17470229074623467,0.7891391366807888,0.2513394943310428,1.7693518116546125,0.236260470282178,-0.7561928784332389,-1.398106886073371,0.39718555007296774,-0.8852211636017961
-0.14356613950047772,-0.6706837350236787,1.9570601138850414,0.42024103395199114,-0.4705526891550583,-0.8738744496870193,0.26057299276704254,0.04998702748338538,0.5916962927042391,-0.3773275370836434,1.2072260614692851,-1.4219449829256192,-1.750461080197742,1.5032914766524503,0.4810073433525651,0.2957310491586992,0.40960663005091996,1.2323760880142183,0.6826498798305934,1.2361250860242559,-0.012900327426334625,1.0818224656357238,0.1152892279724307,0.7689981251688119,0.726523078923618,-0.15242615699391213,0.2218829496796451,0.014954915228841166,0.12405443232815917,0.7979957907382982,-0.6257489158712133,0.13406472083356247,0.10971789941834488,1.1304282094643563,1.105687573749832,1.4832666353151798,1.293977493087369,0.08257705592313655,-0.6416386517511633,-0.7332612843207768,2.0728407569375817,-0.134428320312776,-2.632127850903754,1.1422520126965763
5.954265245840703,2.2397626796100907,-5.861658420528655,1.5357262730321035,2.402144716909258,4.934382578648764,-1.7855169908028923,0.21781285731019678,-2.2155857730671293,-1.0202869313145584,-1.4219449829256192,7.629556940715965,-1.8351061565743432,-1.5223763163757142,0.6709628813798163,3.2487894999519304,0.6148301192083299,-4.425505836974921,-4.477702719601792,-4.932503307279569,1.8640945056000708,-2.4834272292498047,2.806569692552093,0.23313196550914286,-1.5631305301268386,2.7645803418815174,-1.4897285511468437,0.9093514762576158,-0.8367782198639055,1.4195095796582013,3.3762393444802226,-1.9951286299953632,1.926024202010331,-5.945256573250405,-1.1300741296555807,-4.342459313040358,-6.372520383478996,-1.2205788382972018,-5.612072022155142,0.8391842349477306,-2.0085160099032633,6.008548725217326,4.834076476192561,0.7961104307431214
-3.59156368254211,0.020946512655151104,-0.5079449588868367,-1.9447018316482687,-0.533410454415164,-1.291525170628595,0.595351694261335,-0.2531562875690299,0.12872195837821032,1.5089212442147173,-1.750461080197742,-1.8351061565743432,5.108003057101448,-2.355679248837886,-1.5110813882036234,-2.7867423575960797,-1.3102277552555999,0.15635013744701065,1.420373628453364,0.48747654172989985,-1.1891531310867367,-0.7733135386429572,-2.0929548269687412,-1.867876986817536,-0.5964381957044643,-1.4765263820350942,0.4827031394123447,-0.6313132049644496,0.27361294471086467,-2.7083439216670473,-0.8190306325880272,1.0157087990852887,-1.5051722484880985,1.3855991909206664,-1.7203431841148495,-0.45135440251963355,1.3034827271194496,0.6220619343227651,5.110397403203004,1.0856589472213423,-3.2977739254173586,-3.6388450223504596,2.686545534928584,-3.0632263131425748
0.07448137560593764,-0.7745000412414891,2.2914545069793064,0.6137786674469394,-0.5023598269370086,-0.9286217102991805,0.26341705545467164,0.0706607837801316,0.6817985612743037,-0.5334052513035978,1.5032914766524503,-1.5223763163757142,-2.355679248837886,1.8994978815137884,0.6552939244629656,0.5219584170283088,0.5547467912322518,1.419669923533092,0.6962667668436585,1.4014576783932835,0.06168791608667252,1.2977548989130325,0.2642251239289242,1.009095615636316,0.8785176538747622,-0.08249566526428403,0.2281158769028522,0.05913537223990417,0.12831261623921505,1.0985756475679378,-0.6699067424086077,0.08168295053780733,0.216873954810728,1.211825421039258,1.385901243041241,1.7360759721971983,1.4017570523124812,0.0467488265317917,-1.0687840656674472,-0.922653648146848,2.609803819940756,0.0768487660044424,-3.2122762752342227,1.5150812261952127
1.1483653778089535,0.03408232578592674,0.04168978946647858,0.5910983707558237,0.19821276996031198,0.46234753800953815,-0.20330788063429162,0.07652468197627178,-0.07746595205980311,-0.4553756921572797,0.4810073433525651,0.6709628813798163,-1.5110813882036234,0.6552939244629656,0.45037377983773197,0.8662764637246371,0.39093496140108636,-0.12452547871080298,-0.4914856134983003,-0.22781006947957855,0.379111677756015,0.18004596259183078,0.6569475167062532,0.5440702250957923,0.14333198985867016,0.47629515501142816,-0.1659409269436733,0.19899564441202974,-0.09330527273766315,0.8099936530909725,0.29907321845704,-0.3306793889900191,0.46944117796231777,-0.509216926479305,0.4769729953800079,0.05108480147608058,-0.4937568799627823,-0.20314584466688237,-1.5800967293090538,-0.29968480067023495,0.9189718341223067,1.1623731453135784,-0.6905304578723793,0.9011609478472468
3.462855784635987,0.7117589364655189,-1.6691333320205517,1.3310363190202028,1.0025552177202177,2.144943079563582,-0.8300473465920252,0.1789621361982924,-0.7706177513474679,-0.9779746811975819,0.2957310491586992,3.2487894999519304,-2.7867423575960797,0.5219584170283088,0.8662764637246371,2.2467445923870475,0.763081918186501,-1.492929894886304,-2.052824248072856,-1.796869639139362,1.1140536150702862,-0.4655641703515952,1.8053521035070745,0.877769149619827,-0.2483904663725222,1.5247912775797727,-0.6872758286662006,0.5643813700164672,-0.38661516780054694,1.6225652799545032,1.4406258055967094,-1.0791979262890787,1.2675531008837773,-2.5113991234554747,0.37549422095061846,-1.2054813454766307,-2.613965968942453,-0.6604041112700824,-4.005924161176872,-0.19635105015403753,0.7715820657261719,3.501764722661918,0.40134498132782304,1.5744361782774232
1.0163141264314408,0.03873004850269219,0.008820189952618454,0.5161736442092433,0.17990417226646319,0.4229465209273582,-0.18364195876935308,0.06808260514380081,-0.0797880738309737,-0.39765170393998306,0.40960663005091996,0.6148301192083299,-1.3102277552555999,0.5547467912322518,0.39093496140108636,0.763081918186501,0.34195276715662204,-0.12999495002277062,-0.4448907682545489,-0.22062178667652144,0.33691807146847125,0.14468821964191828,0.5816326733455973,0.46983344754410633,0.11546634848178994,0.4239891918179059,-0.1509877859961958,0.17560832431789122,-0.08478908510773796,0.7050490154686302,0.2740451092014514,-0.29224972288092754,0.41582432492243965,-0.46612191429410005,0.4068225316824676,0.024673108140581306,-0.4537850198164412,-0.17857063480087426,-1.3901268515698977,-0.2524458541865885,0.7826770319323598,1.0320227575437806,-0.5734048595849383,0.7820480059802151
-3.031558939506798,-1.4102394994830065,3.7777184357234472,-0.5832857751469623,-1.4005702884595668,-2.8471358925984482,1.0075637442697207,-0.09012690397297501,1.3670702682762812,0.34582722878607874,1.2323760880142183,-4.425505836974921,0.15635013744701065,1.419669923533092,-0.12452547871080298,-1.492929894886304,-0.12999495002277062,2.750773354267698,2.5338497057758738,3.007771333842256,-0.9345793788809992,1.711567462107848,-1.353868527021941,0.215988109859379,1.0949285829644646,-1.4502352201540307,0.8432538338701331,-0.44741320237172943,0.47499074608616304,-0.3614321612649265,-1.9572382617838724,1.0499747615576223,-0.9204355861598125,3.4580335237948816,1.0421855732053986,2.807682979452478,3.7387166746280847,0.6398071448261011,2.527894075515615,-0.7410702380419381,1.905471028651142,-3.0614814375276604,-3.5569796975000476,0.09686598644431943
-3.6535104487372423,-1.2751585470343347,3.3037196535846625,-1.01641315169293,-1.4071521115364474,-2.906847048282421,1.063318578143064,-0.14361042062594187,1.2708520236824625,0.691115732992659,0.6826498798305934,-4.477702719601792,1.420373628453364,0.6962667668436585,-0.4914856134983003,-2.052824248072856,-0.4448907682545489,2.5338497057758738,2.6563083387416957,2.8502043979862726,-1.1467350670321816,1.3607245832869383,-1.7513669311195135,-0.27047800337104577,0.8450325249179973,-1.6848561583606156,0.8851185287993394,-0.564578233953484,0.49837147881950467,-1.0059091119564003,-1.981800154824216,1.210284610528631,-1.2089978494438474,3.4874533885068826,0.5169700908915784,2.4394980883304647,3.723988031233629,0.7397030932161571,3.571862745118688,-0.3996648446899995,0.9043404942466328,-3.6883009777400715,-2.5583599212505277,-0.6772074180238006
-3.5248668286082347,-1.5368323114084723,4.086975427086461,-0.7553598905918897,-1.5598342183382603,-3.1833678899044853,1.137262001899932,-0.11468474421369129,1.4963615481122536,0.4698907511992677,1.2361250860242559,-4.932503307279569,0.48747654172989985,1.4014576783932835,-0.22781006947957855,-1.796869639139362,-0.22062178667652144,3.007771333842256,2.8502043979862726,3.3125004542012535,-1.0892171496392928,1.8202720530901506,-1.6030693620153764,0.11850160137083048,1.1540630386573074,-1.6734577518374567,0.9495734561994089,-0.5268886133290813,0.5362419661337138,-0.5604949609357679,-2.1816797339931284,1.2068787591849939,-1.09713582336939,3.85376910452166,1.0287791769569823,3.030619404140728,4.153619703826593,0.7352328482865912,3.070865590172946,-0.7406736294640576,1.874084262409197,-3.5594224342009375,-3.7114745566188003,-0.08285447349124257
1.7973604170799342,0.4562205240651298,-1.1240381291320605,0.6254463822770964,0.5785265871535171,1.2201591611173057,-0.46034081636901636,0.08451921428577319,-0.47763878727365505,-0.4503762693642767,-0.012900327426334625,1.8640945056000708,-1.1891531310867367,0.06168791608667252,0.379111677756015,1.1140536150702862,0.33691807146847125,-0.9345793788809992,-1.1467350670321816,-1.0892171496392928,0.5758724840962809,-0.3852573295323172,0.9119583554312483,0.34399038376019186,-0.22844264265586833,0.8022742339151088,-0.38269072370427376,0.28748978028346805,-0.2144635424222028,0.7237520973443509,0.8259836767044448,-0.5722715583220046,0.6347980655431249,-1.4440240608851098,0.04087883313727754,-0.8229932206005482,-1.51968637651371,-0.3505047116482238,-1.9677932782978467,-1.4193058913770812e-4,0.11261555071571422,1.8164374225211137,0.5660794192730558,0.6520011795438185
-1.3050770459048804,-0.8969203306761958,2.4787246125225297,-0.03657916576535182,-0.7972216069569686,-1.5795647338687326,0.5371703752571351,-0.012838485003712721,0.8388824949221229,-0.040323292655844827,1.0818224656357238,-2.4834272292498047,-0.7733135386429572,1.2977548989130325,0.18004596259183078,-0.4655641703515952,0.14468821964191828,1.711567462107848,1.3607245832869383,1.8202720530901506,-0.3852573295323172,1.2181984635600958,-0.49544722960060833,0.45569613007370474,0.7930382503734328,-0.6650990513342621,0.4501803401301597,-0.17563653758239886,0.2535575127159811,0.23520953644670745,-1.0966630428114243,0.49312466394121623,-0.32239965118438774,1.9511851464920207,0.9543989326896998,1.8550366999973114,2.1441599676305834,0.3011231160476639,0.7230748606803671,-0.6529125415127276,1.7703589499359949,-1.311176987881903,-2.7117440265463983,0.5875381290802844
2.84449715826765,0.6524143047376346,-1.5716064566285979,1.0431852804376702,0.8672979683063005,1.8478335857526844,-0.707164611266333,0.1423737793530792,-0.6948574333040992,-0.7596702507662629,0.1152892279724307,2.806569692552093,-2.0929548269687412,0.2642251239289242,0.6569475167062532,1.8053521035070745,0.5816326733455973,-1.353868527021941,-1.7513669311195135,-1.6030693620153764,0.9119583554312483,-0.49544722960060833,1.4661628855734232,0.6362044527653608,-0.27995256175579564,1.2640871835678371,-0.5867923629330714,0.45946395437320214,-0.3303311865837751,1.241683133062944,1.244544502151018,-0.8939445316072606,1.0279930450990926,-2.171864568112773,0.191519997427347,-1.1401241780798739,-2.271217439140702,-0.5460102433132545,-3.2093417747278172,-0.08063085001237909,0.4109637238857295,2.8789763042300622,0.6060954809262071,1.1677258004720898
1.019887370010406,-0.14799664024300688,0.564733005395136,0.6585684826088382,0.056270505941432875,0.19241920954783764,-0.11941005998757057,0.08530771357514412,0.08823366983047941,-0.5221931218745626,0.7689981251688119,0.23313196550914286,-1.867876986817536,1.009095615636316,0.5440702250957923,0.877769149619827,0.46983344754410633,0.215988109859379,-0.27047800337104577,0.11850160137083048,0.34399038376019186,0.45569613007370474,0.6362044527653608,0.711397325203691,0.33013678625548026,0.40058699513702867,-0.09453532313413512,0.18799803145070723,-0.05465088822256164,0.9623522107658784,0.10582093175455634,-0.26832734157478955,0.46471533291498934,-0.1649761184494827,0.7389440373776335,0.44874181853713907,-0.10535982367894525,-0.16374374738205008,-1.6325759347939748,-0.4738032709358869,1.405647142722007,1.0360122359331962,-1.3460493560590254,1.1394260858977634
-0.7698202162065342,-0.5745825982694076,1.5990320811587895,0.013587121670245622,-0.5007612877638632,-0.9882536929865654,0.3305284330018104,-0.0024799304504793114,0.538056805395033,-0.05425928371580743,0.726523078923618,-1.5631305301268386,-0.5964381957044643,0.8785176538747622,0.14333198985867016,-0.2483904663725222,0.11546634848178994,1.0949285829644646,0.8450325249179973,1.1540630386573074,-0.22844264265586833,0.7930382503734328,-0.27995256175579564,0.33013678625548026,0.5233790048996892,-0.39639558909005324,0.2787188159090179,-0.10023658510948201,0.15561616521539437,0.2020449604570621,-0.690374748442862,0.29708354947743526,-0.1767921714862025,1.226544601101914,0.6464563498330048,1.2012291157184045,1.3529644744952112,0.18182834459004923,0.3657566721508821,-0.4398427046262519,1.1982266830328998,-0.773897640022986,-1.7910098620169732,0.43486795570420156
2.5323156173528725,0.7162831318906787,-1.7944072605639692,0.8298507972460328,0.8625803536819387,1.809903496485964,-0.6788788126845069,0.11558134677434971,-0.7342847366679301,-0.5893282275948037,-0.15242615699391213,2.7645803418815174,-1.4765263820350942,-0.08249566526428403,0.47629515501142816,1.5247912775797727,0.4239891918179059,-1.4502352201540307,-1.6848561583606156,-1.6734577518374567,0.8022742339151088,-0.6650990513342621,1.2640871835678371,0.40058699513702867,-0.39639558909005324,1.1461573365656028,-0.5636572435116972,0.40156641301491575,-0.31842722812057106,0.9249509886990188,1.2245522620323968,-0.814747759975527,0.8826904627373408,-2.1478389457751463,-0.06282123183979,-1.3126217665370514,-2.2686413419290576,-0.49711667415881133,-2.6902396295936017,0.08241198758595043,-0.0739550482789259,2.5603689822957554,1.0859103824071425,0.7874296398270588
-1.2190123788141,-0.4232506250470262,1.0955738185666333,-0.3413738068224506,-0.46703520021885125,-0.9688109965141329,0.35484540872246023,-0.04934643260412192,0.42366548396121306,0.23301741768691966,0.2218829496796451,-1.4897285511468437,0.4827031394123447,0.2281158769028522,-0.1659409269436733,-0.6872758286662006,-0.1509877859961958,0.8432538338701331,0.8851185287993394,0.9495734561994089,-0.38269072370427376,0.4501803401301597,-0.5867923629330714,-0.09453532313413512,0.2787188159090179,-0.5636572435116972,0.29602467579555974,-0.18861150103288649,0.16717252567755186,-0.33972027472067595,-0.6593911003302528,0.40215717414213986,-0.4070042074898052,1.1600584972642738,0.16688254025427451,0.8068904873509537,1.2369693721587915,0.24478373628634936,1.1983598700715816,-0.1315838676117715,0.2933352295676402,-1.23319363004819,-0.8429546413891733,-0.2323998498284965
0.9010357249569441,0.21797127478123546,-0.5301758788122815,0.322255026241027,0.2828926497726812,0.5977697998602278,-0.22806441373506425,0.043593633532859506,-0.22795793982456855,-0.23294140541135583,0.014954915228841166,0.9093514762576158,-0.6313132049644496,0.05913537223990417,0.19899564441202974,0.5643813700164672,0.17560832431789122,-0.44741320237172943,-0.564578233953484,-0.5268886133290813,0.28748978028346805,-0.17563653758239886,0.45946395437320214,0.18799803145070723,-0.10023658510948201,0.40156641301491575,-0.18861150103288649,0.14523424784757508,-0.1062994593504306,0.3782522456908126,0.4027837101242546,-0.28583431652704744,0.3212634501534406,-0.7051168905602472,0.04094714057502682,-0.3860249421205755,-0.7400980184651694,-0.17489287325513037,-1.0013186958701268,-0.013954893221424514,0.09395664508482908,0.9098999282116504,0.2369533919709392,0.34804799185590574
-0.685662825714011,-0.2387001083236844,0.6159272847844288,-0.19239155301710006,-0.2626089557052107,-0.5457111603925557,0.20056236544261072,-0.028479359296488614,0.2385060452950545,0.13166484277292115,0.12405443232815917,-0.8367782198639055,0.27361294471086467,0.12831261623921505,-0.09330527273766315,-0.38661516780054694,-0.08478908510773796,0.47499074608616304,0.49837147881950467,0.5362419661337138,-0.2144635424222028,0.2535575127159811,-0.3303311865837751,-0.05465088822256164,0.15561616521539437,-0.31842722812057106,0.16717252567755186,-0.1062994593504306,0.09518668119054964,-0.19161706624522645,-0.37038631885291634,0.22576436467037322,-0.23060325116433011,0.6523392879265332,0.09277713639457304,0.4520584111164792,0.694551708782809,0.13677278743616086,0.6761809295438289,-0.07385321491233253,0.16442916768828023,-0.6945754687958545,-0.4731134804359242,-0.13173973884738527
2.2030141591103836,0.13181060651687107,-0.11576027092720897,1.0851279419862643,0.42390660000042807,0.9699818956475204,-0.414857082030916,0.14218326972486167,-0.20759969217452826,-0.8312454320083028,0.7979957907382982,1.4195095796582013,-2.7083439216670473,1.0985756475679378,0.8099936530909725,1.6225652799545032,0.7050490154686302,-0.3614321612649265,-1.0059091119564003,-0.5604949609357679,0.7237520973443509,0.23520953644670745,1.241683133062944,0.9623522107658784,0.2020449604570621,0.9249509886990188,-0.33972027472067595,0.3782522456908126,-0.19161706624522645,1.4655376283276675,0.6316888907770536,-0.6426974827766437,0.886281397987264,-1.0830610024368805,0.8005541606119725,-0.04871647347111849,-1.0688731746578732,-0.39375232247150577,-2.9513811926263176,-0.49750139177225705,1.5458199163993958,2.230596688188012,-1.0552463174466526,1.6056755058050072
2.637792496543278,0.9901227548466071,-2.59033525402599,0.68190185674837,1.0625384195192502,2.183722803270103,-0.7902647005046117,0.09684833836507821,-0.9801507313832931,-0.4535498557567981,-0.6257489158712133,3.3762393444802226,-0.8190306325880272,-0.6699067424086077,0.29907321845704,1.4406258055967094,0.2740451092014514,-1.9572382617838724,-1.981800154824216,-2.1816797339931284,0.8259836767044448,-1.0966630428114243,1.244544502151018,0.10582093175455634,-0.690374748442862,1.2245522620323968,-0.6593911003302528,0.4027837101242546,-0.37038631885291634,0.6316888907770536,1.4944377562185307,-0.8831554414234997,0.854301960793667,-2.630492810759833,-0.496763634682469,-1.9187241101447547,-2.8189101193342627,-0.5402554188147062,-2.4892374488526205,0.3696696097044344,-0.8829034214759511,2.6625006823629036,2.1328535965524864,0.3569961971196261
-1.8076045822034463,-0.5223441177109073,1.3139542865559322,-0.5828695206146716,-0.6260406209398204,-1.3006813105020205,0.48565733057173865,-0.07805780546153679,0.5295299309922866,0.41090398195341804,0.13406472083356247,-1.9951286299953632,1.0157087990852887,0.08168295053780733,-0.3306793889900191,-1.0791979262890787,-0.29224972288092754,1.0499747615576223,1.210284610528631,1.2068787591849939,-0.5722715583220046,0.49312466394121623,-0.8939445316072606,-0.26832734157478955,0.29708354947743526,-0.814747759975527,0.40215717414213986,-0.28583431652704744,0.22576436467037322,-0.6426974827766437,-0.8831554414234997,0.5869831932643642,-0.6188704510733538,1.5509303303066857,0.06890897646368356,0.9672497775167973,1.644031990243099,0.36072846191486163,1.8962563743467977,-0.0691425630552922,0.09166021948508256,-1.820404378000913,-0.8241869684077047,-0.5352408595320973
1.9823226627379007,0.44117385066491843,-1.0530953621352506,0.7386127966084591,0.5937864237183058,1.273173222509997,-0.4901310307596023,0.1028303486815995,-0.4735178302349287,-0.5405892023133032,0.10971789941834488,1.926024202010331,-1.5051722484880985,0.216873954810728,0.46944117796231777,1.2675531008837773,0.41582432492243965,-0.9204355861598125,-1.2089978494438474,-1.09713582336939,0.6347980655431249,-0.32239965118438774,1.0279930450990926,0.46471533291498934,-0.1767921714862025,0.8826904627373408,-0.4070042074898052,0.3212634501534406,-0.23060325116433011,0.886281397987264,0.854301960793667,-0.6188704510733538,0.7256068719156337,-1.490661735319062,0.16166999030228216,-0.7584955946593381,-1.5534181370511566,-0.37631691340669177,-2.2611506927096583,-0.07177864303910339,0.335081558093547,2.010283181494862,0.3616060109573304,0.8443480915858836
-4.620739606317227,-1.7527421697106909,4.589220288699825,-1.1818208886041124,-1.8744738632997247,-3.8453825522004395,1.3912126117569668,-0.16787877448816202,1.7295110146589265,0.7829163934334289,1.1304282094643563,-5.945256573250405,1.3855991909206664,1.211825421039258,-0.509216926479305,-2.5113991234554747,-0.46612191429410005,3.4580335237948816,3.4874533885068826,3.85376910452166,-1.4440240608851098,1.9511851464920207,-2.171864568112773,-0.1649761184494827,1.226544601101914,-2.1478389457751463,1.1600584972642738,-0.7051168905602472,0.6523392879265332,-1.0830610024368805,-2.630492810759833,1.5509303303066857,-1.490661735319062,4.635505113733174,0.9006818186459327,3.3997682542542162,4.970195123219523,0.9490199384583952,4.337261345612379,-0.6659264121108187,1.6035497723732668,-4.660607985426535,-3.807156442358254,-0.5913259945053451
0.03848674917991976,-0.5718744142971379,1.6885723835535213,0.4448776455429118,-0.3767068368537012,-0.6858255422614589,0.19410211242337347,0.05434911658587841,0.49883319879105503,-0.38888993997194865,1.105687573749832,-1.1300741296555807,-1.7203431841148495,1.385901243041241,0.4769729953800079,0.37549422095061846,0.4068225316824676,1.0421855732053986,0.5169700908915784,1.0287791769569823,0.04087883313727754,0.9543989326896998,0.191519997427347,0.7389440373776335,0.6464563498330048,-0.06282123183979,0.16688254025427451,0.04094714057502682,0.09277713639457304,0.8005541606119725,-0.496763634682469,0.06890897646368356,0.16166999030228216,0.9006818186459327,1.0193860697182315,1.2837600032134222,1.0441985293239033,0.042484289213503945,-0.7756528092813804,-0.6726001714510916,1.9128431352536788,0.04789461259422278,-2.3614473344389215,1.110020249873754
-2.6993865686188117,-1.454918480487388,3.9539960065492754,-0.36908959077124254,-1.384119712419551,-2.7743315378730076,0.9639364987801894,-0.05814480635712143,1.3871905647204328,0.17470229074623467,1.4832666353151798,-4.342459313040358,-0.45135440251963355,1.7360759721971983,0.05108480147608058,-1.2054813454766307,0.024673108140581306,2.807682979452478,2.4394980883304647,3.030619404140728,-0.8229932206005482,1.8550366999973114,-1.1401241780798739,0.44874181853713907,1.2012291157184045,-1.3126217665370514,0.8068904873509537,-0.3860249421205755,0.4520584111164792,-0.04871647347111849,-1.9187241101447547,0.9672497775167973,-0.7584955946593381,3.3997682542542162,1.2837600032134222,2.9555507919947708,3.704785066531252,0.5930829379087061,1.986172080659904,-0.8888773503883437,2.356363421968565,-2.7140531465130953,-3.9885985772452943,0.4701053621441793
-4.870158964230098,-1.8998150492443495,4.993316344706575,-1.2055926265973222,-2.0121345682816423,-4.115553169478704,1.4838094217233833,-0.1704340885777392,1.866882392076154,0.7891391366807888,1.293977493087369,-6.372520383478996,1.3034827271194496,1.4017570523124812,-0.4937568799627823,-2.613965968942453,-0.4537850198164412,3.7387166746280847,3.723988031233629,4.153619703826593,-1.51968637651371,2.1441599676305834,-2.271217439140702,-0.10535982367894525,1.3529644744952112,-2.2686413419290576,1.2369693721587915,-0.7400980184651694,0.694551708782809,-1.0688731746578732,-2.8189101193342627,1.644031990243099,-1.5534181370511566,4.970195123219523,1.0441985293239033,3.704785066531252,5.338695311884458,1.0072402221298418,4.499906832637151,-0.7621295953104573,1.8650823215954468,-4.907971665323735,-4.230530236701923,-0.5206399824663862
-1.1075243427853818,-0.3189924244460258,0.8029862268758271,-0.3571745122386154,-0.38400892949872467,-0.7941682880510337,0.2962707801264017,-0.0466570899285858,0.3220923653162424,0.2513394943310428,0.08257705592313655,-1.2205788382972018,0.6220619343227651,0.0467488265317917,-0.20314584466688237,-0.6604041112700824,-0.17857063480087426,0.6398071448261011,0.7397030932161571,0.7352328482865912,-0.3505047116482238,0.3011231160476639,-0.5460102433132545,-0.16374374738205008,0.18182834459004923,-0.49711667415881133,0.24478373628634936,-0.17489287325513037,0.13677278743616086,-0.39375232247150577,-0.5402554188147062,0.36072846191486163,-0.37631691340669177,0.9490199384583952,0.042484289213503945,0.5930829379087061,1.0072402221298418,0.2229938507578457,1.158731401857304,-0.04075400852973692,0.05447744529067021,-1.1124703218219605,-0.5033437431734556,-0.3272185871707615
-6.1180008979011795,-1.1969398905971835,2.767408224493076,-2.398554078234626,-1.7291222946350289,-3.7171996054764413,1.44881649892824,-0.32425881332740947,1.307554257650977,1.7693518116546125,-0.6416386517511633,-5.612072022155142,5.110397403203004,-1.0687840656674472,-1.5800967293090538,-4.005924161176872,-1.3901268515698977,2.527894075515615,3.571862745118688,3.070865590172946,-1.9677932782978467,0.7230748606803671,-3.2093417747278172,-1.6325759347939748,0.3657566721508821,-2.6902396295936017,1.1983598700715816,-1.0013186958701268,0.6761809295438289,-2.9513811926263176,-2.4892374488526205,1.8962563743467977,-2.2611506927096583,4.337261345612379,-0.7756528092813804,1.986172080659904,4.499906832637151,1.158731401857304,7.162406881972923,0.4175076057607396,-1.5677776901202851,-6.1903900019045235,-0.4543273135241326,-2.901444089603601
0.05741253032448987,0.4008145149986734,-1.1756779371224562,-0.2664969550636142,0.27465927777459265,0.5167012911235135,-0.1526360360478386,-0.02965023304147421,-0.357425281168626,0.236260470282178,-0.7332612843207768,0.8391842349477306,1.0856589472213423,-0.922653648146848,-0.29968480067023495,-0.19635105015403753,-0.2524458541865885,-0.7410702380419381,-0.3996648446899995,-0.7406736294640576,-1.4193058913770812e-4,-0.6529125415127276,-0.08063085001237909,-0.4738032709358869,-0.4398427046262519,0.08241198758595043,-0.1315838676117715,-0.013954893221424514,-0.07385321491233253,-0.49750139177225705,0.3696696097044344,-0.0691425630552922,-0.07177864303910339,-0.6659264121108187,-0.6726001714510916,-0.8888773503883437,-0.7621295953104573,-0.04075400852973692,0.4175076057607396,0.450460851960885,-1.2656189634856703,0.05756765623000924,1.5948101736228042,-0.7036569826323367
0.18150834292367624,-1.0465645457661648,3.1034680959676795,0.872764525190565,-0.6699328120044017,-1.2184537340020891,0.34014385668783337,0.1041866672241052,0.9107334830952901,-0.7561928784332389,2.0728407569375817,-2.0085160099032633,-3.2977739254173586,2.609803819940756,0.9189718341223067,0.7715820657261719,0.7826770319323598,1.905471028651142,0.9043404942466328,1.874084262409197,0.11261555071571422,1.7703589499359949,0.4109637238857295,1.405647142722007,1.1982266830328998,-0.0739550482789259,0.2933352295676402,0.09395664508482908,0.16442916768828023,1.5458199163993958,-0.8829034214759511,0.09166021948508256,0.335081558093547,1.6035497723732668,1.9128431352536788,2.356363421968565,1.8650823215954468,0.05447744529067021,-1.5677776901202851,-1.2656189634856703,3.5980393151820227,0.19492735409799447,-4.398089046125112,2.1198597789340625
5.702463513864148,1.5007891095204118,-3.714421664779469,1.9495671580721738,1.8688277484581028,3.9372377062300963,-1.4849923758386385,0.267618115812602,-1.5578486284841728,-1.398106886073371,-0.134428320312776,6.008548725217326,-3.6388450223504596,0.0768487660044424,1.1623731453135784,3.501764722661918,1.0320227575437806,-3.0614814375276604,-3.6883009777400715,-3.5594224342009375,1.8164374225211137,-1.311176987881903,2.8789763042300622,1.0360122359331962,-0.773897640022986,2.5603689822957554,-1.23319363004819,0.9098999282116504,-0.6945754687958545,2.230596688188012,2.6625006823629036,-1.820404378000913,2.010283181494862,-4.660607985426535,0.04789461259422278,-2.7140531465130953,-4.907971665323735,-1.1124703218219605,-6.1903900019045235,0.05756765623000924,0.19492735409799447,5.765703057397402,1.9967956067765458,1.978606629793043
1.9931568642282143,1.8849593935211202,-5.304384804992016,-0.3271121269841727,1.561780988151472,3.0442917593845125,-0.999526235502048,-0.027027521267201798,-1.735599228314771,0.39718555007296774,-2.632127850903754,4.834076476192561,2.686545534928584,-3.2122762752342227,-0.6905304578723793,0.40134498132782304,-0.5734048595849383,-3.5569796975000476,-2.5583599212505277,-3.7114745566188003,0.5660794192730558,-2.7117440265463983,0.6060954809262071,-1.3460493560590254,-1.7910098620169732,1.0859103824071425,-0.8429546413891733,0.2369533919709392,-0.4731134804359242,-1.0552463174466526,2.1328535965524864,-0.8241869684077047,0.3616060109573304,-3.807156442358254,-2.3614473344389215,-3.9885985772452943,-4.230530236701923,-0.5033437431734556,-0.4543273135241326,1.5948101736228042,-4.398089046125112,1.9967956067765458,6.246945067429928,-1.8684347270439725
1.9483310762839536,-0.11266344268107065,0.5719466037052069,1.1296980884618069,0.220811748681331,0.5788862561727096,-0.2867810430225964,0.1471876769450528,0.015075947075593892,-0.8852211636017961,1.1422520126965763,0.7961104307431214,-3.0632263131425748,1.5150812261952127,0.9011609478472468,1.5744361782774232,0.7820480059802151,0.09686598644431943,-0.6772074180238006,-0.08285447349124257,0.6520011795438185,0.5875381290802844,1.1677258004720898,1.1394260858977634,0.43486795570420156,0.7874296398270588,-0.2323998498284965,0.34804799185590574,-0.13173973884738527,1.6056755058050072,0.3569961971196261,-0.5352408595320973,0.8443480915858836,-0.5913259945053451,1.110020249873754,0.4701053621441793,-0.5206399824663862,-0.3272185871707615,-2.901444089603601,-0.7036569826323367,2.1198597789340625,1.978606629793043,-1.8684347270439725,1.8533215206489793
