V1,V2,V3,V4,V5,V6,V7,V8,V9,V10,V11,V12,V13,V14,V15,V16,V17,V18,V19,V20,V21,V22,V23,V24,V25,V26,V27,V28,V29,V30,V31,V32,V33,V34,V35,V36,V37,V38,V39,V40,V41,V42,V43,V44
2.8108523274587993,-3.059726772848989,0.5530926908157332,-0.5421725501679464,1.1464174871841064,-3.9949352379222156,-5.70995040898121,10.776858876739269,15.138399609985587,1.6830509406214844,-1.5440209609406041,-2.663775736671597,6.725346275978781,-8.8726961482683,-5.731455572867308,8.681286603807077,1.3397676377814416,-13.41829794270175,2.0433230496720944,12.918783905905011,-0.3744464543259931,-7.289442712924194,5.528214121300348,-2.696208420593094,2.059807843521016,-8.711377451095451,1.2597409267062754,-3.952833410330014,2.4309249916260676,6.036062440895452,3.3432341008778788,-12.181441602823769,-10.381678702980878,5.687690524458258,0.14121229688283318,-7.028609861358856,5.190356939247835,-1.5631240394808101,6.124548414513472,5.395631753278294,-5.445088445366342,3.915925672913612,8.300157959832669,8.035420872723371
-3.059726772848989,3.7942176413550093,-1.0107487769469958,0.30532003265168206,-0.7831582646839715,4.161974253485665,5.976170364273536,-11.777830956407854,-16.440178718417865,-2.373635820211944,1.8131871546659426,2.9446187163499613,-7.214152175559226,9.283141569353266,6.1449929677830735,-8.753776061281622,-1.4669899666525026,14.388783956113215,-1.842491718949525,-13.717156959562512,0.03607997257891555,7.659947925519667,-6.092758764448769,2.8268383848343777,-2.357119723512958,8.847635910745124,-1.374014849502455,3.7884067488602473,-3.1618988308235316,-6.5018632357596085,-3.0591943256036838,12.487550176346652,10.552915822824682,-6.291143455643993,0.3756342074441907,7.100926946025068,-5.77169740395799,0.9615433447752522,-6.814077195985999,-5.944155780298044,5.31034442952311,-4.285679112805525,-8.862361156239363,-8.80173723297408
0.5530926908157332,-1.0107487769469958,0.5538829643128648,0.16733290583407728,-0.2110214811030015,-0.6267073687958995,-0.870915362122161,2.2184340921555123,2.9397095999762954,0.8397586255146324,-0.4105862026872433,-0.5618663859407876,1.2681140970241485,-1.4613390814475744,-1.0575455012107344,1.0807877727586048,0.2759138089459646,-2.499558026058886,0.06339802249994002,2.2569606987851962,0.30661205638261374,-1.1912650976238934,1.183598880653249,-0.4022614556449008,0.5131782765918522,-1.1311514493091885,0.24420797381133724,-0.31210048943177143,0.9716752728388077,1.127620104464438,0.12918145703947204,-1.6970844478187728,-1.3482071230350006,1.1901006898302697,-0.49227692677318247,-0.8524447093403302,1.1428710232605177,0.40251458388722366,1.3691910646191798,1.1210583418667646,-0.5317761829489108,0.809816234162057,1.4976556268740027,1.6469829914543437
-0.5421725501679464,0.30532003265168206,0.16733290583407728,0.31867247412046074,-0.49737960200354964,0.8931275817408445,1.3080023294870493,-2.0806577159628254,-2.981242258123849,0.03421332918236388,0.220627688823041,0.5171642187990866,-1.3522715712655695,2.0127668937195557,1.1849299475467208,-2.1467992462939964,-0.25693530211477805,2.7455545149598817,-0.63419356963628,-2.722859216445244,0.32354100595028096,1.6402025980265087,-1.018629529348989,0.583566742966095,-0.3262004343634792,2.115972565128136,-0.23323480713363093,1.126751058473948,-0.13242806474060925,-1.1974538466538893,-1.02813223589497,2.8869276211000976,2.51313621941656,-1.0336999564609448,-0.40328964472403456,1.7751475731653672,-0.9214474434722316,0.8287678498944042,-1.0958922338707897,-1.0084822066250054,1.477864033084176,-0.7148920995594329,-1.7375364392217396,-1.5175229628474196
1.1464174871841064,-0.7831582646839715,-0.2110214811030015,-0.49737960200354964,0.9957712487325124,-1.8531103892300442,-2.5647548201505086,4.375220182055212,6.283063386494378,0.16870921323029653,-0.4782391456075283,-1.0519423411104027,2.9021781814666054,-3.9871587698875306,-2.469370980065313,4.275789371381471,0.5439750562130532,-5.782404967913052,1.232763311634154,5.68586101562343,-0.5647683579364098,-3.3051083460381565,2.234498173126994,-1.2510908959977811,0.7529423591823571,-4.255026057279817,0.5023146448407972,-2.134788459270964,0.457888087954361,2.565228977775611,1.9757815575541475,-5.832897009789481,-5.074267707155095,2.2710790899995827,0.6137249528014238,-3.398485616824597,2.027169832098068,-1.3872919336941736,2.3645310578891277,2.178083965842069,-2.903297566980414,1.5920737053958884,3.5658872763059906,3.256772082288688
-3.9949352379222156,4.161974253485665,-0.6267073687958995,0.8931275817408445,-1.8531103892300442,5.800165317268014,8.231310725945692,-15.39463545556078,-21.644574287476615,-2.2017378967645365,2.119584227053679,3.8032712735227325,-9.677486779097965,12.852369765997931,8.25502919358689,-12.690132012759129,-1.9164843977812807,19.317056985348948,-3.0785214814097697,-18.61339827632942,0.7039215767445772,10.586518450012079,-7.905639993290873,3.8998198474194092,-2.914857601749441,12.7284363418844,-1.7694480129395793,5.867448085418454,-3.245144502859335,-8.640990978175134,-5.0298282883014664,17.765938502746284,15.175463714662136,-8.0910783852992,-0.4471305729880027,10.23335296375852,-7.3682930630722785,2.548183413112733,-8.690262063306239,-7.703620573398392,8.09215394908622,-5.563849144872022,-11.920571736046147,-11.454507662073718
-5.70995040898121,5.976170364273536,-0.870915362122161,1.3080023294870493,-2.5647548201505086,8.231310725945692,11.820802937516694,-21.926046873723756,-30.849800491282327,-3.1013562037419886,3.0705423811204047,5.442180589768822,-13.711160816714823,18.3341157366374,11.734302969428773,-18.07456327897147,-2.723686241103597,27.431219746182403,-4.360499027642576,-26.467738970968966,0.997570308975425,15.069549112980004,-11.201537353253308,5.535870198681642,-4.1313028050670395,18.112593820919148,-2.541713555793518,8.37486689503704,-4.637777566005684,-12.290386733132491,-7.140575699451636,25.265141302768537,21.57702893930321,-11.510157815416326,-0.6467231919606384,14.690022205418577,-10.482086824472196,3.6764438113794125,-12.37653400993393,-10.951685495258076,11.471566608646661,-7.904591145898033,-17.00199185626996,-16.30502543257341
10.776858876739269,-11.777830956407854,2.2184340921555123,-2.0806577159628254,4.375220182055212,-15.39463545556078,-21.926046873723756,41.636157100439014,58.3596634701823,6.594833612220028,-5.888384036330883,-10.315563869772628,25.98038307432809,-34.32662250826983,-22.17234926851478,33.40709667496929,5.197339823746309,-51.86340756618928,7.836344605795501,49.81515631165325,-1.3975600065646376,-28.228806214185845,21.404632773704993,-10.353391541471776,7.987715724671379,-33.53636360344855,4.768838824386679,-15.236990828504272,9.420309227436732,23.223356796648876,12.863539235819466,-46.99188314646021,-40.00937515380354,21.92651254525885,0.5487222974309874,-26.99039393639966,20.0029205002557,-5.972375730481906,23.640780669846404,20.864199359786703,-21.049211080273654,15.012486230298618,32.01768568693582,30.98151304691607
15.138399609985587,-16.440178718417865,2.9397095999762954,-2.981242258123849,6.283063386494378,-21.644574287476615,-30.849800491282327,58.3596634701823,81.9404674372961,9.120301808001521,-8.253519091139394,-14.449930586026783,36.46007354499411,-48.16618680714045,-31.118944897775968,47.050547273925936,7.288854080644621,-72.78383265906702,11.088269863336679,69.9930986887153,-2.0868240238209768,-39.634246819365465,29.99813052512766,-14.605020187468918,11.18029791247057,-47.220833556574945,6.717568270117589,-21.4872569615225,13.086524585925133,32.64010482970773,18.189216581095565,-66.12631063427985,-56.34615902936839,30.794052179802303,0.9095118988882924,-38.01895977073438,28.0487664173905,-8.559868296207187,33.11804234433435,29.2729537708443,-29.632983202016394,21.079169761370974,44.95405060155338,43.47656613553437
1.6830509406214844,-2.373635820211944,0.8397586255146324,0.03421332918236388,0.16870921323029653,-2.2017378967645365,-3.1013562037419886,6.594833612220028,9.120301808001521,1.7088798586756087,-1.0596737371223426,-1.651509156542645,3.9964707900045124,-4.935509630232843,-3.3866193016769217,4.418200688080621,0.8367465646214833,-7.931118298339847,0.7861461072281455,7.44523570660048,0.2309829208410017,-4.097482034164362,3.4795072667000224,-1.5107724593535465,1.4002534363751538,-4.505061926261237,0.7421140271188458,-1.7703613322193243,2.099575138411811,3.5846160701303487,1.3401059364360628,-6.479632945627258,-5.4104097463320775,3.579140219897207,-0.5561317856731087,-3.5237644504946455,3.2870576382507863,-0.0183620440052729,3.8890885116589007,3.3780810039575404,-2.5744306123992806,2.393249114110596,4.827046188107881,4.945562231387713
-1.5440209609406041,1.8131871546659426,-0.4105862026872433,0.220627688823041,-0.4782391456075283,2.119584227053679,3.0705423811204047,-5.888384036330883,-8.253519091139394,-1.0596737371223426,0.902866163383555,1.4613346481843845,-3.6292058617041634,4.73292134919239,3.0894267986174024,-4.540657557963178,-0.7281935786156851,7.23294249140351,-1.0052432751083558,-6.9420479823583126,0.09283375922303348,3.8770693871724666,-3.0151016085621363,1.4406079534789633,-1.1448629615798853,4.5673246422634985,-0.7052034960892409,2.0114004931541185,-1.4793181311909431,-3.2764717491878343,-1.6534085296439187,6.408185320518517,5.438420743258525,-3.1281785471744517,0.08626649139079755,3.710148366789166,-2.865506544836615,0.6446481640677132,-3.389543676303907,-2.9535630691534314,2.774542621094096,-2.151615104802281,-4.492223623994622,-4.398956710200761
-2.663775736671597,2.9446187163499613,-0.5618663859407876,0.5171642187990866,-1.0519423411104027,3.8032712735227325,5.442180589768822,-10.315563869772628,-14.449930586026783,-1.651509156542645,1.4613346481843845,2.578657888237126,-6.406802370934763,8.4963567305514,5.488872170676342,-8.239629318736537,-1.2866870108098027,12.826519983848778,-1.9151854320880197,-12.303053414738342,0.34324840819436797,7.009756410199049,-5.302789849944671,2.5514070160290414,-1.9885237890505496,8.28371173133499,-1.1708753858538476,3.759590529641571,-2.3452035897394765,-5.731204356934683,-3.1587643190278314,11.61023523524263,9.878607187686018,-5.429225772289912,-0.13916768796279455,6.678056972020142,-4.9555669079685885,1.476189202516209,-5.853151385856322,-5.171738192872748,5.201798094896764,-3.697887966102915,-7.911365673832862,-7.6640680496088756
6.725346275978781,-7.214152175559226,1.2681140970241485,-1.3522715712655695,2.9021781814666054,-9.677486779097965,-13.711160816714823,25.98038307432809,36.46007354499411,3.9964707900045124,-3.6292058617041634,-6.406802370934763,16.301256633285185,-21.505121637828427,-13.88157966722244,21.048014353938832,3.2443492916387835,-32.48606383575623,5.0087752943965524,31.23118243501768,-0.9767947213843325,-17.691094704445504,13.372579442365144,-6.521529577138769,4.965280497319564,-21.123214407903017,2.977487992514036,-9.636039865628623,5.743009006791123,14.54218791289799,8.199289392579427,-29.569222199560965,-25.210279545027717,13.687752418654473,0.4667837835624593,-16.948856712977427,12.469726138771621,-3.893172139178454,14.730850668390737,13.027226182312708,-13.32496667060569,9.390230676381528,20.03936481692452,19.34339821135811
-8.8726961482683,9.283141569353266,-1.4613390814475744,2.0127668937195557,-3.9871587698875306,12.852369765997931,18.3341157366374,-34.32662250826983,-48.16618680714045,-4.935509630232843,4.73292134919239,8.4963567305514,-21.505121637828427,28.74724632159911,18.391540567487798,-28.194917367510065,-4.287862904351799,42.98043677815576,-6.798747642182202,-41.38658710484906,1.4832924352046244,23.59135607129226,-17.578067709167296,8.608642282558288,-6.479138807917398,28.235830596436557,-3.9058329651428823,13.074934080145294,-7.300741754952589,-19.18122883568728,-11.144127981528612,39.4821473360493,33.68239709513312,-17.968000479330794,-0.9712764901480332,22.819379005006674,-16.36095943556506,5.6501856508421495,-19.365156179473466,-17.14644396840372,17.94643928420402,-12.305675410641587,-26.594381300423837,-25.485584854267863
-5.731455572867308,6.1449929677830735,-1.0575455012107344,1.1849299475467208,-2.469370980065313,8.25502919358689,11.734302969428773,-22.17234926851478,-31.118944897775968,-3.3866193016769217,3.0894267986174024,5.488872170676342,-13.88157966722244,18.391540567487798,11.856061489351166,-17.98550571727546,-2.7745975592246594,27.717129735916625,-4.274854033812553,-26.647554777400885,0.8544920895797358,15.13818713182645,-11.402426493938,5.557965146281559,-4.235772508936329,18.04298710315747,-2.5264567252247865,8.258740658861054,-4.878645888194862,-12.394868511337188,-7.015010558613505,25.270152532465293,21.540440535287885,-11.673892703466409,-0.4514416109005771,14.511493375143386,-10.624323406260899,3.380615712798565,-12.553807079598617,-11.119381937269461,11.391794034647827,-7.977504239868853,-17.106266767490528,-16.497990783969684
8.681286603807077,-8.753776061281622,1.0807877727586048,-2.1467992462939964,4.275789371381471,-12.690132012759129,-18.07456327897147,33.40709667496929,47.050547273925936,4.418200688080621,-4.540657557963178,-8.239629318736537,21.048014353938832,-28.194917367510065,-17.98550571727546,28.015894120467024,4.164726206237914,-42.05399282648403,6.918413284824649,40.63806645414446,-1.7558560751913206,-23.162648758331745,17.08755746782518,-8.527269059714492,6.242073592303128,-28.031370220663423,3.8443191364665563,-13.095800437562993,6.733776881038389,18.805003782943313,11.289017935123736,-39.07107267951672,-33.42319108641329,17.50347729664395,1.3234183389046248,-22.64681978791495,15.904225819559736,-6.033608056445327,18.774753452033774,16.680892254813447,-17.92424843045593,12.041334783569843,26.032589069705548,24.843162782782823
1.3397676377814416,-1.4669899666525026,0.2759138089459646,-0.25693530211477805,0.5439750562130532,-1.9164843977812807,-2.723686241103597,5.197339823746309,7.288854080644621,0.8367465646214833,-0.7281935786156851,-1.2866870108098027,3.2443492916387835,-4.287862904351799,-2.7745975592246594,4.164726206237914,0.6567459975591154,-6.4802209017719345,0.973238783412133,6.223928400972689,-0.16891492440817532,-3.525080788806001,2.6785519143945056,-1.293562970274284,1.0010122884784358,-4.174309260244739,0.5874563356729415,-1.9002452507579095,1.184377127975583,2.901262857638776,1.6030630518228668,-5.868472501803375,-4.993676585645338,2.744888615047796,0.07175797558144145,-3.3558784381568625,2.491947084652915,-0.7358770384760036,2.9474586449237026,2.613617724093857,-2.6146632492782333,1.8632770854921452,3.9987418178179106,3.872629529455636
-13.41829794270175,14.388783956113215,-2.499558026058886,2.7455545149598817,-5.782404967913052,19.317056985348948,27.431219746182403,-51.86340756618928,-72.78383265906702,-7.931118298339847,7.23294249140351,12.826519983848778,-32.48606383575623,42.98043677815576,27.717129735916625,-42.05399282648403,-6.4802209017719345,64.83253527128002,-10.000815088006348,-62.329840161426745,1.986316824267813,35.37790711070839,-26.678652832268796,13.00229852396265,-9.910162158854426,42.19986475649768,-5.924964589172745,19.287650482828028,-11.423394614862191,-29.00414392783358,-16.39437737468914,59.07757205652152,50.3623632387662,-27.30683043719332,-1.0146057178535588,33.90969653894765,-24.871473688784295,7.86904456243516,-29.37578520241043,-25.999279555409537,26.636848826830548,-18.69826584823714,-39.99765005547419,-38.59630705477245
2.0433230496720944,-1.842491718949525,0.06339802249994002,-0.63419356963628,1.232763311634154,-3.0785214814097697,-4.360499027642576,7.836344605795501,11.088269863336679,0.7861461072281455,-1.0052432751083558,-1.9151854320880197,5.0087752943965524,-6.798747642182202,-4.274854033812553,6.918413284824649,0.973238783412133,-10.000815088006348,1.8106875467551,9.727009190313279,-0.5910052560857872,-5.576054934168679,3.9885189427897374,-2.061620595040826,1.4160360081273542,-6.898991067218955,0.9057559881031665,-3.3190249169784716,1.3392112146354547,4.460071857848853,2.9292991904379413,-9.556211282065512,-8.218690557259762,4.074365209683396,0.5555567024202247,-5.577803344367029,3.6905766406179867,-1.7620655049970844,4.350802207513849,3.8916276846353948,-4.5125555097043915,2.8303265749673283,6.2011356330588745,5.820373888474905
12.918783905905011,-13.717156959562512,2.2569606987851962,-2.722859216445244,5.68586101562343,-18.61339827632942,-26.467738970968966,49.81515631165325,69.9930986887153,7.44523570660048,-6.9420479823583126,-12.303053414738342,31.23118243501768,-41.38658710484906,-26.647554777400885,40.63806645414446,6.223928400972689,-62.329840161426745,9.727009190313279,60.01802737980303,-2.020171124178135,-34.03353907505743,25.58842745423482,-12.543886321410639,9.47717137250579,-40.74412034584917,5.723508415963735,-18.686395130044573,10.837683952150087,27.921492705375353,15.921190721950719,-56.991345990670276,-48.61871919083988,26.232356913419935,1.1192784663668447,-32.79430206242719,23.87405211944752,-7.778959283338879,28.188931821153847,24.95914912177288,-25.726641229978526,17.98636155194213,38.50302550020919,37.09610822691301
-0.3744464543259931,0.03607997257891555,0.30661205638261374,0.32354100595028096,-0.5647683579364098,0.7039215767445772,0.997570308975425,-1.3975600065646376,-2.0868240238209768,0.2309829208410017,0.09283375922303348,0.34324840819436797,-0.9767947213843325,1.4832924352046244,0.8544920895797358,-1.7558560751913206,-0.16891492440817532,1.986316824267813,-0.5910052560857872,-2.020171124178135,0.40713628008619135,1.250870113702989,-0.6870331118157011,0.4731001120775116,-0.1933057334620413,1.7358555918384957,-0.15869832725185223,0.9680523579678322,0.13283485477341145,-0.8635706345575035,-0.9437096122027133,2.3162442042684717,2.0591465253541763,-0.6989887909950291,-0.5040101395158756,1.420539626871318,-0.6032493528416636,0.8690974586519029,-0.6880201165739566,-0.683569626260283,1.2822704067072865,-0.49445518135080435,-1.240735187362125,-1.0277330568426852
-7.289442712924194,7.659947925519667,-1.1912650976238934,1.6402025980265087,-3.3051083460381565,10.586518450012079,15.069549112980004,-28.228806214185845,-39.634246819365465,-4.097482034164362,3.8770693871724666,7.009756410199049,-17.691094704445504,23.59135607129226,15.13818713182645,-23.162648758331745,-3.525080788806001,35.37790711070839,-5.576054934168679,-34.03353907505743,1.250870113702989,19.444492059843327,-14.4964381063907,7.102953936723797,-5.359585451859023,23.237218398044117,-3.196753066127479,10.726834695176967,-5.996428760213639,-15.775650493342402,-9.15439470276277,32.48702026517235,27.722150350092143,-14.810782883537478,-0.8153594154720434,18.716532852743782,-13.479391934513691,4.637945880366528,-15.923502820661255,-14.134116686076581,14.789544453971015,-10.119240982979601,-21.83263859899134,-20.964604196378748
5.528214121300348,-6.092758764448769,1.183598880653249,-1.018629529348989,2.234498173126994,-7.905639993290873,-11.201537353253308,21.404632773704993,29.99813052512766,3.4795072667000224,-3.0151016085621363,-5.302789849944671,13.372579442365144,-17.578067709167296,-11.402426493938,17.08755746782518,2.6785519143945056,-26.678652832268796,3.9885189427897374,25.58842745423482,-0.6870331118157011,-14.4964381063907,11.048059923826687,-5.327627637500432,4.137320409617618,-17.17587841057554,2.4361248822346746,-7.760206803486082,4.8947918596852995,11.940300555293293,6.554806576775966,-24.093491925137634,-20.50748838312404,11.303696599855696,0.2285012495745504,-13.752023013442109,10.30446777809419,-2.9662213560909567,12.164113058560634,10.755321351474853,-10.772967264402432,7.721757831145856,16.420797122570573,15.940084990016116
-2.696208420593094,2.8268383848343777,-0.4022614556449008,0.583566742966095,-1.2510908959977811,3.8998198474194092,5.535870198681642,-10.353391541471776,-14.605020187468918,-1.5107724593535465,1.4406079534789633,2.5514070160290414,-6.521529577138769,8.608642282558288,5.557965146281559,-8.527269059714492,-1.293562970274284,13.00229852396265,-2.061620595040826,-12.543886321410639,0.4731001120775116,7.102953936723797,-5.327627637500432,2.652301450755005,-1.968712491200428,8.555015478152638,-1.2015843495246699,3.925061500673088,-2.2072623370434608,-5.84072828745465,-3.3694348441353466,11.948074626599169,10.213250515416227,-5.48339632083038,-0.2804660185274854,6.870929407306787,-4.973488695623644,1.6782708154021675,-5.85659290173539,-5.206674152845408,5.406103188549434,-3.75868193653425,-8.028372695311209,-7.731937835021477
2.059807843521016,-2.357119723512958,0.5131782765918522,-0.3262004343634792,0.7529423591823571,-2.914857601749441,-4.1313028050670395,7.987715724671379,11.18029791247057,1.4002534363751538,-1.1448629615798853,-1.9885237890505496,4.965280497319564,-6.479138807917398,-4.235772508936329,6.242073592303128,1.0010122884784358,-9.910162158854426,1.4160360081273542,9.47717137250579,-0.1933057334620413,-5.359585451859023,4.137320409617618,-1.968712491200428,1.5681823200088316,-6.289299938854606,0.9058572002328109,-2.7971511284147454,1.9170140996123193,4.4402822500370664,2.3376979667522657,-8.845663034837397,-7.513325221084876,4.237455201979434,-0.006170510981343295,-5.01993789485945,3.8660089970292755,-0.971245958933164,4.558846639497025,4.026766489650559,-3.9060158680597534,2.8816023885848763,6.085245040252734,5.954174797329796
-8.711377451095451,8.847635910745124,-1.1311514493091885,2.115972565128136,-4.255026057279817,12.7284363418844,18.112593820919148,-33.53636360344855,-47.220833556574945,-4.505061926261237,4.5673246422634985,8.28371173133499,-21.123214407903017,28.235830596436557,18.04298710315747,-28.031370220663423,-4.174309260244739,42.19986475649768,-6.898991067218955,-40.74412034584917,1.7358555918384957,23.237218398044117,-17.17587841057554,8.555015478152638,-6.289299938854606,28.079943265025257,-3.8550949060352386,13.074142000195142,-6.807243952079306,-18.8626602735259,-11.264071017640555,39.13340138262376,33.47242983524564,-17.585037728457888,-1.2702971134270387,22.64912320242713,-15.990121987898892,5.97312982413398,-18.863984330217225,-16.758156559326892,17.95099812104125,-12.095402482614078,-26.09085582257231,-24.93626351589259
1.2597409267062754,-1.374014849502455,0.24420797381133724,-0.23323480713363093,0.5023146448407972,-1.7694480129395793,-2.541713555793518,4.768838824386679,6.717568270117589,0.7421140271188458,-0.7052034960892409,-1.1708753858538476,2.977487992514036,-3.9058329651428823,-2.5264567252247865,3.8443191364665563,0.5874563356729415,-5.924964589172745,0.9057559881031665,5.723508415963735,-0.15869832725185223,-3.196753066127479,2.4361248822346746,-1.2015843495246699,0.9058572002328109,-3.8550949060352386,0.5805159622227201,-1.7394089528384045,1.0875143164262677,2.687920027611752,1.471153671061315,-5.374521038588853,-4.585564188921081,2.5268104529273616,0.03834999981417734,-3.123755912249435,2.3098461675088986,-0.67654284304339,2.7224388046868846,2.3825724658144276,-2.3857606174488835,1.7590919957276012,3.679803246781069,3.568455963364714
-3.952833410330014,3.7884067488602473,-0.31210048943177143,1.126751058473948,-2.134788459270964,5.867448085418454,8.37486689503704,-15.236990828504272,-21.4872569615225,-1.7703613322193243,2.0114004931541185,3.759590529641571,-9.636039865628623,13.074934080145294,8.258740658861054,-13.095800437562993,-1.9002452507579095,19.287650482828028,-3.3190249169784716,-18.686395130044573,0.9680523579678322,10.726834695176967,-7.760206803486082,3.925061500673088,-2.7971511284147454,13.074142000195142,-1.7394089528384045,6.225559639585172,-2.8403976289677484,-8.591645107013841,-5.410571253304129,18.183898328878723,15.586524885733487,-7.931877318969703,-0.8627027083861559,10.607795022358117,-7.192047129124896,3.111097768143019,-8.501643819861757,-7.5829323835159785,8.46864228727996,-5.454802708324495,-11.965141946516512,-11.302211985740268
2.4309249916260676,-3.1618988308235316,0.9716752728388077,-0.13242806474060925,0.457888087954361,-3.245144502859335,-4.637777566005684,9.420309227436732,13.086524585925133,2.099575138411811,-1.4793181311909431,-2.3452035897394765,5.743009006791123,-7.300741754952589,-4.878645888194862,6.733776881038389,1.184377127975583,-11.423394614862191,1.3392112146354547,10.837683952150087,0.13283485477341145,-5.996428760213639,4.8947918596852995,-2.2072623370434608,1.9170140996123193,-6.807243952079306,1.0875143164262677,-2.8403976289677484,2.72312664476755,5.166802937087403,2.23767201616189,-9.6850949730071,-8.141936358791979,5.047459080244242,-0.5062758668511896,-5.438788524471442,4.634537742113996,-0.4724064398892249,5.4911994160113045,4.767644513616986,-4.000986097983461,3.4207338861288843,7.028719745763294,7.047061432373372
6.036062440895452,-6.5018632357596085,1.127620104464438,-1.1974538466538893,2.565228977775611,-8.640990978175134,-12.290386733132491,23.223356796648876,32.64010482970773,3.5846160701303487,-3.2764717491878343,-5.731204356934683,14.54218791289799,-19.18122883568728,-12.394868511337188,18.805003782943313,2.901262857638776,-29.00414392783358,4.460071857848853,27.921492705375353,-0.8635706345575035,-15.775650493342402,11.940300555293293,-5.84072828745465,4.4402822500370664,-18.8626602735259,2.687920027611752,-8.591645107013841,5.166802937087403,13.02667648276538,7.29852646247912,-26.400221306178814,-22.510532213597028,12.267779319981669,0.3940480906168136,-15.17000075438711,11.166759343077961,-3.453096361769605,13.174524712724466,11.64979795613841,-11.838073055719292,8.41658194623489,17.91379889848545,17.3212726300453
3.3432341008778788,-3.0591943256036838,0.12918145703947204,-1.02813223589497,1.9757815575541475,-5.0298282883014664,-7.140575699451636,12.863539235819466,18.189216581095565,1.3401059364360628,-1.6534085296439187,-3.1587643190278314,8.199289392579427,-11.144127981528612,-7.015010558613505,11.289017935123736,1.6030630518228668,-16.39437737468914,2.9292991904379413,15.921190721950719,-0.9437096122027133,-9.15439470276277,6.554806576775966,-3.3694348441353466,2.3376979667522657,-11.264071017640555,1.471153671061315,-5.410571253304129,2.23767201616189,7.29852646247912,4.759434371361695,-15.625786535475626,-13.42784544997295,6.691521784471416,0.8902237384461921,-9.114109409512059,6.054470844537822,-2.8483262577778237,7.142931418255055,6.400172024733073,-7.36207235937492,4.619347764948053,10.161012809307836,9.546703704767994
-12.181441602823769,12.487550176346652,-1.6970844478187728,2.8869276211000976,-5.832897009789481,17.765938502746284,25.265141302768537,-46.99188314646021,-66.12631063427985,-6.479632945627258,6.408185320518517,11.61023523524263,-29.569222199560965,39.4821473360493,25.270152532465293,-39.07107267951672,-5.868472501803375,59.07757205652152,-9.556211282065512,-56.991345990670276,2.3162442042684717,32.48702026517235,-24.093491925137634,11.948074626599169,-8.845663034837397,39.13340138262376,-5.374521038588853,18.183898328878723,-9.6850949730071,-26.400221306178814,-15.625786535475626,54.623373014835416,46.686409030643986,-24.66329334771635,-1.6498369905793067,31.545121164491526,-22.4098682454047,8.151571106374666,-26.4534458478687,-23.509394808345036,24.965652555608855,-16.914511721833787,-36.51302394848425,-34.94841796672401
-10.381678702980878,10.552915822824682,-1.3482071230350006,2.51313621941656,-5.074267707155095,15.175463714662136,21.57702893930321,-40.00937515380354,-56.34615902936839,-5.4104097463320775,5.438420743258525,9.878607187686018,-25.210279545027717,33.68239709513312,21.540440535287885,-33.42319108641329,-4.993676585645338,50.3623632387662,-8.218690557259762,-48.61871919083988,2.0591465253541763,27.722150350092143,-20.50748838312404,10.213250515416227,-7.513325221084876,33.47242983524564,-4.585564188921081,15.586524885733487,-8.141936358791979,-22.510532213597028,-13.42784544997295,46.686409030643986,39.92852228863497,-21.000348568499565,-1.5117825390520234,26.98308857722059,-19.071870211702194,7.093547305574348,-22.50360665169764,-20.014854419357462,21.389223214973715,-14.414046882269034,-31.131400600236056,-29.761468544117502
5.687690524458258,-6.291143455643993,1.1901006898302697,-1.0336999564609448,2.2710790899995827,-8.0910783852992,-11.510157815416326,21.92651254525885,30.794052179802303,3.579140219897207,-3.1281785471744517,-5.429225772289912,13.687752418654473,-17.968000479330794,-11.673892703466409,17.50347729664395,2.744888615047796,-27.30683043719332,4.074365209683396,26.232356913419935,-0.6989887909950291,-14.810782883537478,11.303696599855696,-5.48339632083038,4.237455201979434,-17.585037728457888,2.5268104529273616,-7.931877318969703,5.047459080244242,12.267779319981669,6.691521784471416,-24.66329334771635,-21.000348568499565,11.622474414578992,0.20673675086014465,-14.115610733167538,10.577682040315667,-3.0094490007047328,12.476872284265504,11.031612944006186,-10.968071563308358,7.9367664872319725,16.840475409991374,16.363919855439182
0.14121229688283318,0.3756342074441907,-0.49227692677318247,-0.40328964472403456,0.6137249528014238,-0.4471305729880027,-0.6467231919606384,0.5487222974309874,0.9095118988882924,-0.5561317856731087,0.08626649139079755,-0.13916768796279455,0.4667837835624593,-0.9712764901480332,-0.4514416109005771,1.3234183389046248,0.07175797558144145,-1.0146057178535588,0.5555567024202247,1.1192784663668447,-0.5040101395158756,-0.8153594154720434,0.2285012495745504,-0.2804660185274854,-0.006170510981343295,-1.2702971134270387,0.03834999981417734,-0.8627027083861559,-0.5062758668511896,0.3940480906168136,0.8902237384461921,-1.6498369905793067,-1.5117825390520234,0.20673675086014465,0.7148335178359162,-1.0864216403357383,0.13399033494675094,-1.0408901344530352,0.14573903572552624,0.23921606649257626,-1.0809785198029398,0.1380489842255025,0.6561325631229068,0.3700602485836168
-7.028609861358856,7.100926946025068,-0.8524447093403302,1.7751475731653672,-3.398485616824597,10.23335296375852,14.690022205418577,-26.99039393639966,-38.01895977073438,-3.5237644504946455,3.710148366789166,6.678056972020142,-16.948856712977427,22.819379005006674,14.511493375143386,-22.64681978791495,-3.3558784381568625,33.90969653894765,-5.577803344367029,-32.79430206242719,1.420539626871318,18.716532852743782,-13.752023013442109,6.870929407306787,-5.01993789485945,22.64912320242713,-3.123755912249435,10.607795022358117,-5.438788524471442,-15.17000075438711,-9.114109409512059,31.545121164491526,26.98308857722059,-14.115610733167538,-1.0864216403357383,18.40973592429283,-12.833670623017694,4.9357995519542035,-15.168379453170916,-13.452705321728905,14.462862984135647,-9.70924833552022,-21.05566737284465,-20.05250681430722
5.190356939247835,-5.77169740395799,1.1428710232605177,-0.9214474434722316,2.027169832098068,-7.3682930630722785,-10.482086824472196,20.0029205002557,28.0487664173905,3.2870576382507863,-2.865506544836615,-4.9555669079685885,12.469726138771621,-16.36095943556506,-10.624323406260899,15.904225819559736,2.491947084652915,-24.871473688784295,3.6905766406179867,23.87405211944752,-0.6032493528416636,-13.479391934513691,10.30446777809419,-4.973488695623644,3.8660089970292755,-15.990121987898892,2.3098461675088986,-7.192047129124896,4.634537742113996,11.166759343077961,6.054470844537822,-22.4098682454047,-19.071870211702194,10.577682040315667,0.13399033494675094,-12.833670623017694,9.657905329300545,-2.6919568708122754,11.393692789730798,10.042072746508481,-9.972717424798335,7.251328373097363,15.333871650257544,14.911118970112188
-1.5631240394808101,0.9615433447752522,0.40251458388722366,0.8287678498944042,-1.3872919336941736,2.548183413112733,3.6764438113794125,-5.972375730481906,-8.559868296207187,-0.0183620440052729,0.6446481640677132,1.476189202516209,-3.893172139178454,5.6501856508421495,3.380615712798565,-6.033608056445327,-0.7358770384760036,7.86904456243516,-1.7620655049970844,-7.778959283338879,0.8690974586519029,4.637945880366528,-2.9662213560909567,1.6782708154021675,-0.971245958933164,5.97312982413398,-0.67654284304339,3.111097768143019,-0.4724064398892249,-3.453096361769605,-2.8483262577778237,8.151571106374666,7.093547305574348,-3.0094490007047328,-1.0408901344530352,4.9357995519542035,-2.6919568708122754,2.2080349989519688,-3.172068173023544,-2.9156937633019795,4.133740974258657,-2.0955367204620265,-4.931170885308804,-4.383424007273865
6.124548414513472,-6.814077195985999,1.3691910646191798,-1.0958922338707897,2.3645310578891277,-8.690262063306239,-12.37653400993393,23.640780669846404,33.11804234433435,3.8890885116589007,-3.389543676303907,-5.853151385856322,14.730850668390737,-19.365156179473466,-12.553807079598617,18.774753452033774,2.9474586449237026,-29.37578520241043,4.350802207513849,28.188931821153847,-0.6880201165739566,-15.923502820661255,12.164113058560634,-5.85659290173539,4.558846639497025,-18.863984330217225,2.7224388046868846,-8.501643819861757,5.4911994160113045,13.174524712724466,7.142931418255055,-26.4534458478687,-22.50360665169764,12.476872284265504,0.14573903572552624,-15.168379453170916,11.393692789730798,-3.172068173023544,13.468605935690237,11.857819787373826,-11.771635454883098,8.548416500288543,18.13272515328524,17.605105538729813
5.395631753278294,-5.944155780298044,1.1210583418667646,-1.0084822066250054,2.178083965842069,-7.703620573398392,-10.951685495258076,20.864199359786703,29.2729537708443,3.3780810039575404,-2.9535630691534314,-5.171738192872748,13.027226182312708,-17.14644396840372,-11.119381937269461,16.680892254813447,2.613617724093857,-25.999279555409537,3.8916276846353948,24.95914912177288,-0.683569626260283,-14.134116686076581,10.755321351474853,-5.206674152845408,4.026766489650559,-16.758156559326892,2.3825724658144276,-7.5829323835159785,4.767644513616986,11.64979795613841,6.400172024733073,-23.509394808345036,-20.014854419357462,11.031612944006186,0.23921606649257626,-13.452705321728905,10.042072746508481,-2.9156937633019795,11.857819787373826,10.491984275461638,-10.494033274247643,7.522638145561023,16.030346393312314,15.547059593753668
-5.445088445366342,5.31034442952311,-0.5317761829489108,1.477864033084176,-2.903297566980414,8.09215394908622,11.471566608646661,-21.049211080273654,-29.632983202016394,-2.5744306123992806,2.774542621094096,5.201798094896764,-13.32496667060569,17.94643928420402,11.391794034647827,-17.92424843045593,-2.6146632492782333,26.636848826830548,-4.5125555097043915,-25.726641229978526,1.2822704067072865,14.789544453971015,-10.772967264402432,5.406103188549434,-3.9060158680597534,17.95099812104125,-2.3857606174488835,8.46864228727996,-4.000986097983461,-11.838073055719292,-7.36207235937492,24.965652555608855,21.389223214973715,-10.968071563308358,-1.0809785198029398,14.462862984135647,-9.972717424798335,4.133740974258657,-11.771635454883098,-10.494033274247643,11.64497463688986,-7.551912590452367,-16.44886323660208,-15.601428173211309
3.915925672913612,-4.285679112805525,0.809816234162057,-0.7148920995594329,1.5920737053958884,-5.563849144872022,-7.904591145898033,15.012486230298618,21.079169761370974,2.393249114110596,-2.151615104802281,-3.697887966102915,9.390230676381528,-12.305675410641587,-7.977504239868853,12.041334783569843,1.8632770854921452,-18.69826584823714,2.8303265749673283,17.98636155194213,-0.49445518135080435,-10.119240982979601,7.721757831145856,-3.75868193653425,2.8816023885848763,-12.095402482614078,1.7590919957276012,-5.454802708324495,3.4207338861288843,8.41658194623489,4.619347764948053,-16.914511721833787,-14.414046882269034,7.9367664872319725,0.1380489842255025,-9.70924833552022,7.251328373097363,-2.0955367204620265,8.548416500288543,7.522638145561023,-7.551912590452367,5.481414241348231,11.54076794108612,11.20352804104839
8.300157959832669,-8.862361156239363,1.4976556268740027,-1.7375364392217396,3.5658872763059906,-11.920571736046147,-17.00199185626996,32.01768568693582,44.95405060155338,4.827046188107881,-4.492223623994622,-7.911365673832862,20.03936481692452,-26.594381300423837,-17.106266767490528,26.032589069705548,3.9987418178179106,-39.99765005547419,6.2011356330588745,38.50302550020919,-1.240735187362125,-21.83263859899134,16.420797122570573,-8.028372695311209,6.085245040252734,-26.09085582257231,3.679803246781069,-11.965141946516512,7.028719745763294,17.91379889848545,10.161012809307836,-36.51302394848425,-31.131400600236056,16.840475409991374,0.6561325631229068,-21.05566737284465,15.333871650257544,-4.931170885308804,18.13272515328524,16.030346393312314,-16.44886323660208,11.54076794108612,24.747508879238733,23.8264533760344
8.035420872723371,-8.80173723297408,1.6469829914543437,-1.5175229628474196,3.256772082288688,-11.454507662073718,-16.30502543257341,30.98151304691607,43.47656613553437,4.945562231387713,-4.398956710200761,-7.6640680496088756,19.34339821135811,-25.485584854267863,-16.497990783969684,24.843162782782823,3.872629529455636,-38.59630705477245,5.820373888474905,37.09610822691301,-1.0277330568426852,-20.964604196378748,15.940084990016116,-7.731937835021477,5.954174797329796,-24.93626351589259,3.568455963364714,-11.302211985740268,7.047061432373372,17.3212726300453,9.546703704767994,-34.94841796672401,-29.761468544117502,16.363919855439182,0.3700602485836168,-20.05250681430722,14.911118970112188,-4.383424007273865,17.605105538729813,15.547059593753668,-15.601428173211309,11.20352804104839,23.8264533760344,23.093200158136032
