V1,V2,V3,V4,V5,V6,V7,V8,V9,V10,V11,V12,V13,V14,V15,V16,V17,V18,V19,V20,V21,V22,V23,V24,V25,V26,V27,V28,V29,V30,V31,V32,V33,V34,V35,V36,V37,V38,V39,V40,V41,V42,V43,V44
0.2648229586273126,0.5786778499874181,-0.06540861750444393,0.008876827446075227,0.28967883884485907,0.06773688599575242,0.28477375976028363,-0.14099166208295147,-0.3985983250690549,0.158460012023866,-0.2319866951088693,0.19825939995588882,0.6210591763573711,-0.8459863577567106,-0.03662029460122806,-0.08132960183164481,0.48256626739301456,-0.9430299466524472,0.18320385905496656,-0.43138976378807853,1.295940974347947,0.39511094137709074,0.48217171737435194,-0.17331576427679174,0.14277508678446854,0.4198497499758882,1.3243428604935297,0.08174764443437926,0.19029948559972848,0.4500894507555013,0.38855796619199784,0.45359871288026765,-0.029439794789177184,-0.14160389104499946,0.3863391722534932,1.1024003666541513,-0.022963350125002512,-0.7162171174963013,-0.22246762781458063,-0.6300979845448196,-0.03746441870874163,0.7627932139584892,-0.340537779577059,0.8015461079656497
0.5786778499874181,4.772802928775918,1.693303293344356,-0.08772912523121063,1.1071052256397158,-1.263110239178726,2.410413855077083,-2.399289806529528,-3.3234685589996125,3.576248409335944,-3.2286460311319303,4.116448212440751,8.327539786433022,-4.168012036229391,-1.0844682211207397,-1.448556471245699,1.5126510305678509,-6.555067978245512,1.1699100007103251,-4.478219344451714,13.461201090837184,2.3716631828860146,3.6331924750216538,1.9794525976503425,1.1609171542602819,3.700022425215807,7.40099846276372,1.1009150461758517,2.1414294202868605,4.008762600281931,3.168632221016304,3.2911324754520495,-0.0964007755585733,1.2399871566030678,1.0012745937695242,5.28285191532052,-3.6217813041763596,-3.088736174116564,-0.28972387662609317,-5.584436822212332,0.9069078221925875,2.66508341588267,-4.595156880842818,-0.16801683501219536
-0.06540861750444393,1.693303293344356,1.2887249344034952,-0.06313881611903319,0.13946578621336303,-0.988372019322016,1.0409654674381912,-1.3316556235734818,-1.380439509178309,1.967356131223573,-1.6255031493421384,2.4352012391642273,4.149656991046001,-0.8867169375381246,-0.5583721194642968,-0.6425205660925944,0.07381061907355609,-2.1398009660898585,0.3695059849283692,-1.7067635398543142,6.054126491178956,0.8266819903702194,1.4357130589150355,1.544904946344432,0.2556091251651169,1.327212784330722,2.0631685514613505,0.45750106131724333,1.094729784630045,1.583548645849346,1.3860451737785437,1.1069037859313748,-0.09593563375188026,1.0619318855624593,-0.24246159766427391,0.8804101314657865,-2.4429492642186648,-0.5188870736997444,0.3110890132544594,-2.2231958033123225,0.7231813120760627,0.18379172297179358,-2.2696513011917574,-1.8747964493944151
0.008876827446075227,-0.08772912523121063,-0.06313881611903319,0.009672189883499235,0.001213983175619341,0.05216170396641469,-0.05636069478489941,0.06282062896399833,0.06296226702733636,-0.09108483427074138,0.0728880619465549,-0.11894229228564947,-0.2053351412111709,0.04049345757938622,0.025869961567611385,0.034238725389801314,7.365250533088358e-6,0.10185781054221822,-0.019538377755422817,0.08243369609494365,-0.2931248842716229,-0.03888371259951887,-0.06897714002843353,-0.05870488654955332,-0.014180932141803033,-0.062213561994082796,-0.09043088049666723,-0.02261341738126571,-0.05117335461616708,-0.07725990143636347,-0.0649403811184988,-0.055202739939195146,0.004687452938514624,-0.0477984488761458,0.0059288162228248245,-0.04392696025051302,0.10708121557276899,0.03248205585247716,-0.027084295178584652,0.10324952477880694,-0.03189394928044957,-0.0022731511187191037,0.10236124938113209,0.07819265549848822
0.28967883884485907,1.1071052256397158,0.13946578621336303,0.001213983175619341,0.4191530681279984,-0.07669326439597744,0.48896569121698735,-0.4002531967309466,-0.7437109586295101,0.5731411399164068,-0.6123535315371529,0.5753973847059473,1.505110835270333,-1.2715459743144233,-0.18485737830840548,-0.2783937757183278,0.5930435147426287,-1.6460912092251407,0.3016752759160166,-0.9981421977358298,2.7084770956277686,0.6010206488580593,0.8403249206009794,0.14909556110691438,0.3131732302330743,0.8526705718189684,2.0927851295342617,0.19671749344561304,0.3875629651352526,0.8719983592306256,0.7030924904015474,0.806238091001981,-0.01440304553902788,0.051610197550924955,0.4926590480885372,1.6839350624392122,-0.41855708695807264,-0.9921401580650053,-0.2755589615841621,-1.2497833068739583,0.06310404711476586,0.9942439838984826,-0.8836142050710211,0.6750257128329609
0.06773688599575242,-1.263110239178726,-0.988372019322016,0.05216170396641469,-0.07669326439597744,0.7757448913401683,-0.8125493408141288,1.0212061975164053,1.0400414484477738,-1.4978706573803877,1.2174297660689277,-1.9022108204040986,-3.1762910276808958,0.6295994530507206,0.4198293137752058,0.4621691518012016,-0.039325100243681396,1.5806291048896155,-0.28743076626743086,1.2331302211721427,-4.602079942810131,-0.6338683951011452,-1.0734928178329481,-1.1679733013695806,-0.16569714021526927,-0.9735652084840324,-1.4977465743265763,-0.3538052377541634,-0.8465606863666179,-1.2027982930813106,-1.0470131010481425,-0.8139239707528545,0.09758567081899971,-0.8107948280602061,0.22419307286773907,-0.5764706905919423,1.894670854710374,0.371911921436748,-0.2758772102235564,1.67058245028756,-0.5554683856894977,-0.09667203273911533,1.7075029718421952,1.4756002617200124
0.28477375976028363,2.410413855077083,1.0409654674381912,-0.05636069478489941,0.48896569121698735,-0.8125493408141288,1.420917454212434,-1.3900495240208568,-1.8069280743274974,1.9966735436654155,-1.7396016944731043,2.5352952955421575,4.6890410992472615,-2.036377501453308,-0.5508435856655579,-0.6798912487637369,0.7712488964116465,-3.3171997200150187,0.6366996748028376,-2.1115943572076117,7.399552389803016,1.3485023687135298,1.9709892897429806,1.063800208678294,0.44251423673756374,1.8132839196877637,3.7489377351786577,0.5829447345923625,1.2838881548592704,2.13327597354548,1.7713231233206994,1.6726973489575063,-0.15762888904405403,0.722422575752173,0.33225662019394187,2.3978525771003274,-2.215076867184797,-1.5416170540343892,0.023774622712936178,-2.9316111387556707,0.581092620338153,1.2607380712818812,-2.486475610129661,-0.42684270955320647
-0.14099166208295147,-2.399289806529528,-1.3316556235734818,0.06282062896399833,-0.4002531967309466,1.0212061975164053,-1.3900495240208568,1.571892880566498,1.8539059838767726,-2.292461546565212,1.9688327579137688,-2.8300795038563122,-5.0892925604326145,1.7288388038054492,0.6538830414769143,0.776050096236417,-0.4955107754168073,3.1987742223007696,-0.5776085068216357,2.2713858858111995,-7.773798430435384,-1.2439585319748354,-1.974690625219686,-1.5476045699729672,-0.43010290842950555,-1.8475533619340503,-3.4176063243916297,-0.5940578024883066,-1.353379534780344,-2.154741042431573,-1.8348576778560959,-1.615774502597041,0.13200131063717052,-1.03486991679157,-0.08089172389896043,-1.958587515107969,2.683818893548329,1.207592945388277,-0.14390324789562922,3.008111971167295,-0.7423235316526254,-0.8695957795157767,2.773622269370281,1.322779198999619
-0.3985983250690549,-3.3234685589996125,-1.380439509178309,0.06296226702733636,-0.7437109586295101,1.0400414484477738,-1.8069280743274974,1.8539059838767726,2.445808208453329,-2.7005429017114357,2.4106767768143427,-3.250231326771279,-6.244031640722006,2.8283358187518335,0.7827172774498945,0.9916877071200352,-1.029405957848974,4.578081679082911,-0.8349580140338368,3.0666958090745684,-9.924563259561076,-1.753128614088105,-2.659145359562373,-1.5537242739597545,-0.6986846721959945,-2.552091525092471,-5.177729433152223,-0.7689001079641762,-1.656810956786833,-2.874976819083603,-2.382561480402239,-2.2967107449277795,0.1409932201410761,-1.0049678593214608,-0.53585630457496,-3.433518257759113,2.919042719473427,2.0884149582041305,0.09345971808507704,4.013340378742071,-0.7591700889945004,-1.7574265195903753,3.421415105619849,0.5611505257762788
0.158460012023866,3.576248409335944,1.967356131223573,-0.09108483427074138,0.5731411399164068,-1.4978706573803877,1.9966735436654155,-2.292461546565212,-2.7005429017114357,3.4039064174155285,-2.9124760315717073,4.096330216110812,7.467182194955543,-2.5190866036336486,-0.9943748817091937,-1.205823116588599,0.662183322101052,-4.727492039490589,0.8317513534717507,-3.4711771395528426,11.408994683233866,1.7660672367658277,2.8671586842531385,2.3669389410390966,0.707128639907861,2.793705640421716,4.972189218083239,0.9012697363987727,1.952727500365293,3.1795502428458313,2.639930826390025,2.399258317807129,-0.1406166987135199,1.5670822421107533,0.12369700805353409,2.929653973282873,-3.9242807942555675,-1.716565877691429,0.19824068045950566,-4.442736018255062,1.0913232442497713,1.2229970592756383,-4.100996061445443,-2.000103184135598
-0.2319866951088693,-3.2286460311319303,-1.6255031493421384,0.0728880619465549,-0.6123535315371529,1.2174297660689277,-1.7396016944731043,1.9688327579137688,2.4106767768143427,-2.9124760315717073,2.550910898809567,-3.4461595937610503,-6.462212814743749,2.440712938220729,0.8594618848104542,1.0705169764974418,-0.7226248025590635,4.333048962646973,-0.7544182464477429,3.1400830835958,-10.012611188923833,-1.6001582769848677,-2.581775500873011,-1.9569589115530606,-0.6771720593977061,-2.5233871795046023,-4.685418841839464,-0.7733743087674663,-1.6801873429669045,-2.821406371613415,-2.356355370170294,-2.1891972920381115,0.10339676280867381,-1.276350567198707,-0.276138058112697,-2.919385091425341,3.270075046837294,1.702429080956577,-0.049762646396229744,3.9679267645113017,-0.8949645643233605,-1.3135091128710723,3.5874054521062413,1.3884934793813895
0.19825939995588882,4.116448212440751,2.4352012391642273,-0.11894229228564947,0.5753973847059473,-1.9022108204040986,2.5352952955421575,-2.8300795038563122,-3.250231326771279,4.096330216110812,-3.4461595937610503,5.27541342700275,9.112543734479269,-2.813158603067738,-1.1288332331122664,-1.2923080394870372,0.77636310711104906,-5.44049913904427,0.9966488580459915,-3.7970644117043673,13.782520104818284,2.196152489146345,3.459342447373333,2.744690642032857,0.6285875399383213,3.132193536189619,5.692042028088583,1.0694993521659146,2.4688540584918113,3.782282147774227,3.2427522758299876,2.747417797899544,-0.29320071163701594,1.8634703764948202,-0.05272269203496074,3.014979940851438,-4.959530965636201,-1.9757997683897461,0.41424330329224524,-5.209587182813029,1.3790285371817017,1.3300218654699665,-4.851731300607701,-2.644119200044301
0.6210591763573711,8.327539786433022,4.149656991046001,-0.2053351412111709,1.505110835270333,-3.1762910276808958,4.6890410992472615,-5.0892925604326145,-6.244031640722006,7.467182194955543,-6.462212814743749,9.112543734479269,16.79874556985887,-6.345320856514827,-2.1514695663177608,-2.64071939354022,1.9804333201685964,-11.183992686184917,2.024795116235688,-7.820529413273651,26.01458613019305,4.283109640397102,6.704246243376177,4.776393650633517,1.633271485067643,6.41508967966339,12.123569364683997,2.0434801009881833,4.444519458609036,7.353429316055782,6.112439896752379,5.653272092598189,-0.3858007919159408,3.173095322228684,0.6810385382916658,7.461598065176228,-8.457965185620802,-4.53260776794915,0.25949196137584307,-10.230091731322952,2.298457760457071,3.4642866785865287,-9.139590418985632,-3.334137799721874
-0.8459863577567106,-4.168012036229391,-0.8867169375381246,0.04049345757938622,-1.2715459743144233,0.6295994530507206,-2.036377501453308,1.7288388038054492,2.8283358187518335,-2.5190866036336486,2.440712938220729,-2.813158603067738,-6.345320856514827,4.329726834727379,0.7671941134730992,1.102438700457476,-1.8995701370847822,5.997333531690955,-1.1179602842580554,3.7065977693448686,-10.868107085905706,-2.2413124478668895,-3.1688814498504305,-0.8874767789072453,-1.0798208425922053,-3.188044199675124,-7.285364869667068,-0.8663186187831949,-1.6663327207419725,-3.4000892179950544,-2.6736638022968973,-2.9839233546220196,0.09915578942350817,-0.493603207489861,-1.4471548987481697,-5.628380903847606,2.1794129740453334,3.3679379138519923,0.642588696108972,4.752180544001145,-0.45404432988398585,-3.1877533470047097,3.5247228831212847,-1.6026289257738908
-0.03662029460122806,-1.0844682211207397,-0.5583721194642968,0.025869961567611385,-0.18485737830840548,0.4198293137752058,-0.5508435856655579,0.6538830414769143,0.7827172774498945,-0.9943748817091937,0.8594618848104542,-1.1288332331122664,-2.1514695663177608,0.7671941134730992,0.3074792845240254,0.38226658200661695,-0.18431517547707532,1.4236963272667915,-0.2416076523377017,1.0944841347231145,-3.3099847278865466,-0.4908346645067827,-0.8248711600177793,-0.7232351702959697,-0.25425014369571663,-0.8629071139441364,-1.4847560975284166,-0.26926156819240377,-0.540014736076066,-0.9381367222272972,-0.7501550002737054,-0.7205889747933798,0.015562435516210602,-0.4649121037256585,-0.0705169705660028,-0.9399009242109633,1.1047013808682433,0.5096038918087582,-0.024881525788171713,1.3216507384216223,-0.3026241151718335,-0.37090920459962534,1.2093889883148157,0.5544994905559001
-0.08132960183164481,-1.448556471245699,-0.6425205660925944,0.034238725389801314,-0.2783937757183278,0.4621691518012016,-0.6798912487637369,0.776050096236417,0.9916877071200352,-1.205823116588599,1.0705169764974418,-1.2923080394870372,-2.64071939354022,1.102438700457476,0.38226658200661695,0.5325061706222314,-0.2955213607134477,1.9198191462606697,-0.31019544976292995,1.4944916584754426,-4.153153294562189,-0.625112625106707,-1.0731255386863516,-0.8232154397862891,-0.3934967238217614,-1.1656584314651526,-2.0445367994231924,-0.3458558843228416,-0.644648666147062,-1.2020010110195771,-0.9358104960563238,-0.9875796383632213,-0.026786420858213696,-0.5280853335525808,-0.21217929642918432,-1.4510769988662942,1.2289884797062915,0.7527263822822361,0.033881657724609555,1.7010506204373257,-0.3413567008045017,-0.5963930955024255,1.5042320668874871,0.43169428398770243
0.48256626739301456,1.5126510305678509,0.07381061907355609,7.365250533088358e-6,0.5930435147426287,-0.039325100243681396,0.7712488964116465,-0.4955107754168073,-1.029405957848974,0.662183322101052,-0.7226248025590635,0.77636310711104906,1.9804333201685964,-1.8995701370847822,-0.18431517547707532,-0.2955213607134477,0.9882435796709734,-2.316754462114342,0.46702349792485437,-1.189097341515292,3.6810242571651983,0.9475676681980251,1.193323094573214,-0.09527620982144651,0.37609672680837875,1.115194021344985,3.0599750320515566,0.2752388221651575,0.5651181985746583,1.217423775558133,0.978710331495218,1.1392944469702506,-0.078947573703798,-0.09840550553430596,0.7619820438759689,2.4666212850760623,-0.4140628625566594,-1.5607083401639648,-0.3782017492969831,-1.6916676915744437,0.03009030167979409,1.5715784225714322,-1.0744170113525346,1.3728212681782253
-0.9430299466524472,-6.555067978245512,-2.1398009660898585,0.10185781054221822,-1.6460912092251407,1.5806291048896155,-3.3171997200150187,3.1987742223007696,4.578081679082911,-4.727492039490589,4.333048962646973,-5.44049913904427,-11.183992686184917,5.997333531690955,1.4236963272667915,1.9198191462606697,-2.316754462114342,9.129922676358099,-1.649504419561548,6.05990019661065,-18.291890661703423,-3.3611397235875793,-5.033372676811187,-2.4279615032641715,-1.5908684618351465,-5.064015527451286,-10.531524074498861,-1.4733211714626007,-2.9083664312436452,-5.49040029954838,-4.369714536941236,-4.572810792789233,0.15547697957918774,-1.5000923225850074,-1.566156280464711,-7.617984977065984,4.686167450036327,4.503525097902985,0.5376715347434622,7.660918632609893,-1.1459596905030527,-4.0013614896220355,6.181156807816093,-0.36618604179761094
0.18320385905496656,1.1699100007103251,0.3695059849283692,-0.019538377755422817,0.3016752759160166,-0.28743076626743086,0.6366996748028376,-0.5776085068216357,-0.8349580140338368,0.8317513534717507,-0.7544182464477429,0.9966488580459915,2.024795116235688,-1.1179602842580554,-0.2416076523377017,-0.31019544976292995,0.46702349792485437,-1.649504419561548,0.327614387096993,-1.0095861684469374,3.314750031317687,0.6542708004552925,0.9142760726983848,0.37440213632116315,0.25763222925084295,0.8801008453751419,1.9543085203214374,0.26281422438146745,0.5462543734129567,0.9986642604523452,0.8004047063717716,0.8243416362458068,-0.0671988371535763,0.24303317429731144,0.28859993442012455,1.3865797041263173,-0.8326938934927429,-0.8600592669762173,-0.08327602215409981,-1.3862445180287246,0.19764731195382432,0.7618226299924906,-1.0972474941281332,0.14360885330097073
-0.43138976378807853,-4.478219344451714,-1.7067635398543142,0.08243369609494365,-0.9981421977358298,1.2331302211721427,-2.1115943572076117,2.2713858858111995,3.0666958090745684,-3.4711771395528426,3.1400830835958,-3.7970644117043673,-7.820529413273651,3.7065977693448686,1.0944841347231145,1.4944916584754426,-1.189097341515292,6.05990019661065,-1.0095861684469374,4.454656335132421,-12.548558405811198,-2.039427987971416,-3.3337990385734417,-2.1797859692236545,-1.1860361146092935,-3.5542838219971955,-6.665739240006034,-1.0342960227893032,-1.9361201357601645,-3.7087496660388477,-2.9021416499871884,-3.0578076956273885,-0.023903345432049,-1.3452061158321436,-0.8596196475152158,-4.810573394314663,3.4953043348369848,2.6411462807962742,0.27528811811469167,5.2208719497516904,-0.9060923916795207,-2.243223332659976,4.424525453281969,0.6180808504901916
1.295940974347947,13.461201090837184,6.054126491178956,-0.2931248842716229,2.7084770956277686,-4.602079942810131,7.399552389803016,-7.773798430435384,-9.924563259561076,11.408994683233866,-10.012611188923833,13.782520104818284,26.01458613019305,-10.868107085905706,-3.3099847278865466,-4.153153294562189,3.6810242571651983,-18.291890661703423,3.314750031317687,-12.548558405811198,40.8637104462042,6.959260661158099,10.729958433473845,6.915955622368098,2.7893333568485645,10.37002159116321,20.227134710669983,3.2262008639163278,6.874229692394181,11.732859456579526,9.65884963002885,9.21888809762813,-0.5573213496336714,4.5305802780582765,1.6941620473428538,13.077161621786477,-12.56005558458654,-7.904332821072796,-0.008651641526355879,-16.326556288980143,3.3382011980472517,6.3835497087375215,-14.19142426029711,-3.620864353659431
0.39511094137709074,2.3716631828860146,0.8266819903702194,-0.03888371259951887,0.6010206488580593,-0.6338683951011452,1.3485023687135298,-1.2439585319748354,-1.753128614088105,1.7660672367658277,-1.6001582769848677,2.196152489146345,4.283109640397102,-2.2413124478668895,-0.4908346645067827,-0.625112625106707,0.9475676681980251,-3.3611397235875793,0.6542708004552925,-2.039427987971416,6.959260661158099,1.3707418632222246,1.9317883297776928,0.8009515974771275,0.47151902095886605,1.7810146726664418,3.980508367998927,0.5338552002310436,1.1813439451331198,2.0578000941875696,1.7093653998022587,1.682500722782661,-0.15008777332222345,0.527206006831774,0.5263045094393586,2.7207472286921863,-1.8448668911827164,-1.7318854541719853,-0.13137891501561438,-2.850586245712532,0.4569510755909862,1.5313498995466654,-2.3013265252967345,0.1440296618801395
0.48217171737435194,3.6331924750216538,1.4357130589150355,-0.06897714002843353,0.8403249206009794,-1.0734928178329481,1.9709892897429806,-1.974690625219686,-2.659145359562373,2.8671586842531385,-2.581775500873011,3.459342447373333,6.704246243376177,-3.1688814498504305,-0.8248711600177793,-1.0731255386863516,1.193323094573214,-5.033372676811187,0.9142760726983848,-3.3337990385734417,10.729958433473845,1.9317883297776928,2.9160346642446884,1.563175532286024,0.7721213212496674,2.7830794598535964,5.744610101780712,0.8288705116625147,1.7844425626059728,3.1230467384965035,2.5928881569389137,2.5299091691472815,-0.1440931558388884,1.013350846568718,0.6651108009977581,3.8809641687981085,-3.048494529008162,-2.369794891001021,-0.14138203412950723,-4.354114135577077,0.7892908448542268,2.026300631306334,-3.662862490525138,-0.37050358267227024
-0.17331576427679174,1.9794525976503425,1.544904946344432,-0.05870488654955332,0.14909556110691438,-1.1679733013695806,1.063800208678294,-1.5476045699729672,-1.5537242739597545,2.3669389410390966,-1.9569589115530606,2.744690642032857,4.776393650633517,-0.8874767789072453,-0.7232351702959697,-0.8232154397862891,-0.09527620982144651,-2.4279615032641715,0.37440213632116315,-2.1797859692236545,6.915955622368098,0.8009515974771275,1.563175532286024,2.0988296264925683,0.38883128066853406,1.6211328620409113,2.177943216306877,0.54601184760057,1.1901813161440278,1.8144311550875694,1.5234651307763196,1.2391842272541003,-0.03711923103952397,1.3737424186149056,-0.3517002012045846,0.9091689736452203,-2.925172727539623,-0.3925899403490738,0.318728153944713,-2.588040001114613,0.8582979751356238,0.022846076613471454,-2.714191134413295,-2.542195116933912
0.14277508678446854,1.1609171542602819,0.2556091251651169,-0.014180932141803033,0.3131732302330743,-0.16569714021526927,0.44251423673756374,-0.43010290842950555,-0.6986846721959945,0.707128639907861,-0.6771720593977061,0.6285875399383213,1.633271485067643,-1.0798208425922053,-0.25425014369571663,-0.3934967238217614,0.37609672680837875,-1.5908684618351465,0.25763222925084295,-1.1860361146092935,2.7893333568485645,0.47151902095886605,0.7721213212496674,0.38883128066853406,0.39757204370089483,0.9418482387577188,1.8013221615974284,0.2553473238795199,0.3661047340836341,0.8925065171075668,0.6198957327094793,0.8039644184781922,0.05998003399244235,0.21019156437326328,0.38868903388594805,1.5257032966797297,-0.5403709978432703,-0.7818601568541627,-0.19031429429316654,-1.2645512854221337,0.1183830493821638,0.7270839981590282,-0.965623178495151,0.2919054694597329
0.4198497499758882,3.700022425215807,1.327212784330722,-0.062213561994082796,0.8526705718189684,-0.9735652084840324,1.8132839196877637,-1.8475533619340503,-2.552091525092471,2.793705640421716,-2.5233871795046023,3.132193536189619,6.41508967966339,-3.188044199675124,-0.8629071139441364,-1.1656584314651526,1.115194021344985,-5.064015527451286,0.8801008453751419,-3.5542838219971955,10.37002159116321,1.7810146726664418,2.7830794598535964,1.6211328620409113,0.9418482387577188,2.905508561359651,5.6724051020217106,0.8589281517843906,1.628285492028627,3.0903130657063747,2.415332512494313,2.5494759637862994,-0.03156344277536272,1.002174613015117,0.7649785844940102,4.092237330041662,-2.8012889549450493,-2.3234953778650143,-0.24314137155732213,-4.320891071502996,0.7099128004083766,2.0121821610900152,-3.580188195848936,-0.21668878901033464
1.3243428604935297,7.40099846276372,2.0631685514613505,-0.09043088049666723,2.0927851295342617,-1.4977465743265763,3.7489377351786577,-3.4176063243916297,-5.177729433152223,4.972189218083239,-4.685418841839464,5.692042028088583,12.123569364683997,-7.285364869667068,-1.4847560975284166,-2.0445367994231924,3.0599750320515566,-10.531524074498861,1.9543085203214374,-6.665739240006034,20.227134710669983,3.980508367998927,5.744610101780712,2.177943216306877,1.8013221615974284,5.6724051020217106,12.572796663892424,1.58074453333703,3.2029189234530286,6.155107102630985,4.949791837444469,5.259351958658296,-0.223238629861717,1.3164066293949235,2.149260488804626,9.302794552684702,-4.702134863935524,-5.582340535498236,-0.8606075754610056,-8.621505093613095,1.0935666080528772,5.14173569009968,-6.725557605517381,1.5607987824588385
0.08174764443437926,1.1009150461758517,0.45750106131724333,-0.02261341738126571,0.19671749344561304,-0.3538052377541634,0.5829447345923625,-0.5940578024883066,-0.7689001079641762,0.9012697363987727,-0.7733743087674663,1.0694993521659146,2.0434801009881833,-0.8663186187831949,-0.26926156819240377,-0.3458558843228416,0.2752388221651575,-1.4733211714626007,0.26281422438146745,-1.0342960227893032,3.2262008639163278,0.5338552002310436,0.8288705116625147,0.54601184760057,0.2553473238795199,0.8589281517843906,1.58074453333703,0.28486218144678244,0.5301594668195944,0.9496730650499001,0.7254949613787449,0.746131791659805,-0.025925481778292,0.35115974862871924,0.1420376060641573,1.0746617811961163,-0.9621904715142204,-0.623830187545331,4.885800738251461e-5,-1.300849913343992,0.25220582731716634,0.5011096275571577,-1.101405467093406,-0.2419422394726024
0.19029948559972848,2.1414294202868605,1.094729784630045,-0.05117335461616708,0.3875629651352526,-0.8465606863666179,1.2838881548592704,-1.353379534780344,-1.656810956786833,1.952727500365293,-1.6801873429669045,2.4688540584918113,4.444519458609036,-1.6663327207419725,-0.540014736076066,-0.644648666147062,0.5651181985746583,-2.9083664312436452,0.5462543734129567,-1.9361201357601645,6.874229692394181,1.1813439451331198,1.7844425626059728,1.1901813161440278,0.3661047340836341,1.628285492028627,3.2029189234530286,0.5301594668195944,1.2131468986069984,1.9302555004571575,1.6376556650564884,1.4709588226643608,-0.14338528873808293,0.8067357774513743,0.1496010976471772,1.8985561405729714,-2.257723305893345,-1.2139390808755044,0.09827458780321431,-2.6715185373392027,0.6164205706597072,0.9360631312387288,-2.383166514455199,-0.8529026601817314
0.4500894507555013,4.008762600281931,1.583548645849346,-0.07725990143636347,0.8719983592306256,-1.2027982930813106,2.13327597354548,-2.154741042431573,-2.874976819083603,3.1795502428458313,-2.821406371613415,3.782282147774227,7.353429316055782,-3.4000892179950544,-0.9381367222272972,-1.2020010110195771,1.217423775558133,-5.49040029954838,0.9986642604523452,-3.7087496660388477,11.732859456579526,2.0578000941875696,3.1230467384965035,1.8144311550875694,0.8925065171075668,3.0903130657063747,6.155107102630985,0.9496730650499001,1.9302555004571575,3.4419360255826614,2.766030925604198,2.757042555569972,-0.13977703214826614,1.1626027227991638,0.68122364799544,4.189807262982447,-3.370730532629623,-2.5099595019535266,-0.12635647407229908,-4.778123023660682,0.8646759450292776,2.1115279415788786,-4.015092067121379,-0.5293179165640964
0.38855796619199784,3.168632221016304,1.3860451737785437,-0.0649403811184988,0.7030924904015474,-1.0470131010481425,1.7713231233206994,-1.8348576778560959,-2.382561480402239,2.639930826390025,-2.356355370170294,3.2427522758299876,6.112439896752379,-2.6736638022968973,-0.7501550002737054,-0.9358104960563238,0.978710331495218,-4.369714536941236,0.8004047063717716,-2.9021416499871884,9.65884963002885,1.7093653998022587,2.5928881569389137,1.5234651307763196,0.6198957327094793,2.415332512494313,4.949791837444469,0.7254949613787449,1.6376556650564884,2.766030925604198,2.3485224876026964,2.189237850383825,-0.16221883906649803,0.9982725786547416,0.4633147113775377,3.184317093979853,-2.919862809507802,-1.9837126633578666,-0.050487659459702405,-3.8639947727708983,0.7668827834079983,1.6487451866644418,-3.3354452311480838,-0.679255886549037
0.45359871288026765,3.2911324754520495,1.1069037859313748,-0.055202739939195146,0.806238091001981,-0.8139239707528545,1.6726973489575063,-1.615774502597041,-2.2967107449277795,2.399258317807129,-2.1891972920381115,2.747417797899544,5.653272092598189,-2.9839233546220196,-0.7205889747933798,-0.9875796383632213,1.1392944469702506,-4.572810792789233,0.8243416362458068,-3.0578076956273885,9.21888809762813,1.682500722782661,2.5299091691472815,1.2391842272541003,0.8039644184781922,2.5494759637862994,5.259351958658296,0.746131791659805,1.4709588226643608,2.757042555569972,2.189237850383825,2.3062069247948003,-0.0682471593740781,0.7804362448725334,0.7699144576991799,3.8081047625048234,-2.3679963911363404,-2.2330974777680597,-0.24371790656393186,-3.848048063568755,0.5934943033784357,1.9705883251766596,-3.1238417048108613,0.1328048032203353
-0.029439794789177184,-0.0964007755585733,-0.09593563375188026,0.004687452938514624,-0.01440304553902788,0.09758567081899971,-0.15762888904405403,0.13200131063717052,0.1409932201410761,-0.1406166987135199,0.10339676280867381,-0.29320071163701594,-0.3858007919159408,0.09915578942350817,0.015562435516210602,-0.026786420858213696,-0.078947573703798,0.15547697957918774,-0.0671988371535763,-0.023903345432049,-0.5573213496336714,-0.15008777332222345,-0.1440931558388884,-0.03711923103952397,0.05998003399244235,-0.03156344277536272,-0.223238629861717,-0.025925481778292,-0.14338528873808293,-0.13977703214826614,-0.16221883906649803,-0.0682471593740781,0.08209074920891794,-0.045577805231993195,0.04304650246490102,-0.009736730885535776,0.24549705076286185,0.10129404847163799,-0.05709300293126623,0.17909707529177368,-0.060625216586461105,-0.06493772790058179,0.16394071148654488,0.09941484679867275
-0.14160389104499946,1.2399871566030678,1.0619318855624593,-0.0477984488761458,0.051610197550924955,-0.8107948280602061,0.722422575752173,-1.03486991679157,-1.0049678593214608,1.5670822421107533,-1.276350567198707,1.8634703764948202,3.173095322228684,-0.493603207489861,-0.4649121037256585,-0.5280853335525808,-0.09840550553430596,-1.5000923225850074,0.24303317429731144,-1.3452061158321436,4.5305802780582765,0.527206006831774,1.013350846568718,1.3737424186149056,0.21019156437326328,1.002174613015117,1.3164066293949235,0.35115974862871924,0.8067357774513743,1.1626027227991638,0.9982725786547416,0.7804362448725334,-0.045577805231993195,0.9297310416593189,-0.290157173003708,0.4546912308709508,-1.967574300733853,-0.19930183217455294,0.2780812129266678,-1.6529873557528636,0.5915465988091648,-0.07257054184700443,-1.7767369303424656,-1.7805822801769735
0.3863391722534932,1.0012745937695242,-0.24246159766427391,0.0059288162228248245,0.4926590480885372,0.22419307286773907,0.33225662019394187,-0.08089172389896043,-0.53585630457496,0.12369700805353409,-0.276138058112697,-0.05272269203496074,0.6810385382916658,-1.4471548987481697,-0.0705169705660028,-0.21217929642918432,0.7619820438759689,-1.566156280464711,0.28859993442012455,-0.8596196475152158,1.6941620473428538,0.5263045094393586,0.6651108009977581,-0.3517002012045846,0.38868903388594805,0.7649785844940102,2.149260488804626,0.1420376060641573,0.1496010976471772,0.68122364799544,0.4633147113775377,0.7699144576991799,0.04304650246490102,-0.290157173003708,0.7870398019857289,2.0777635753618298,0.3113238089528771,-1.1983908040647182,-0.4509715812914362,-0.9683426293816465,-0.16486467152481987,1.279075393834869,-0.4284205846267477,1.6235752890873485
1.1024003666541513,5.28285191532052,0.8804101314657865,-0.04392696025051302,1.6839350624392122,-0.5764706905919423,2.3978525771003274,-1.958587515107969,-3.433518257759113,2.929653973282873,-2.919385091425341,3.014979940851438,7.461598065176228,-5.628380903847606,-0.9399009242109633,-1.4510769988662942,2.4666212850760623,-7.617984977065984,1.3865797041263173,-4.810573394314663,13.077161621786477,2.7207472286921863,3.8809641687981085,0.9091689736452203,1.5257032966797297,4.092237330041662,9.302794552684702,1.0746617811961163,1.8985561405729714,4.189807262982447,3.184317093979853,3.8081047625048234,-0.009736730885535776,0.4546912308709508,2.0777635753618298,7.545334046061214,-2.217591257054169,-4.3686719428902165,-0.9884386288097881,-5.8826218867480025,0.41944181762132565,4.212290462824019,-4.224791569249444,2.6317463611603618
-0.022963350125002512,-3.6217813041763596,-2.4429492642186648,0.10708121557276899,-0.41855708695807264,1.894670854710374,-2.215076867184797,2.683818893548329,2.919042719473427,-3.9242807942555675,3.270075046837294,-4.959530965636201,-8.457965185620802,2.1794129740453334,1.1047013808682433,1.2289884797062915,-0.4140628625566594,4.686167450036327,-0.8326938934927429,3.4953043348369848,-12.56005558458654,-1.8448668911827164,-3.048494529008162,-2.925172727539623,-0.5403709978432703,-2.8012889549450493,-4.702134863935524,-0.9621904715142204,-2.257723305893345,-3.370730532629623,-2.919862809507802,-2.3679963911363404,0.24549705076286185,-1.967574300733853,0.3113238089528771,-2.217591257054169,4.866101828617402,1.4025722976850183,-0.4888225705692375,4.68950822714079,-1.3811397574999322,-0.7798617555113967,4.580273551851332,3.245020281991825
-0.7162171174963013,-3.088736174116564,-0.5188870736997444,0.03248205585247716,-0.9921401580650053,0.371911921436748,-1.5416170540343892,1.207592945388277,2.0884149582041305,-1.716565877691429,1.702429080956577,-1.9757997683897461,-4.53260776794915,3.3679379138519923,0.5096038918087582,0.7527263822822361,-1.5607083401639648,4.503525097902985,-0.8600592669762173,2.6411462807962742,-7.904332821072796,-1.7318854541719853,-2.369794891001021,-0.3925899403490738,-0.7818601568541627,-2.3234953778650143,-5.582340535498236,-0.623830187545331,-1.2139390808755044,-2.5099595019535266,-1.9837126633578666,-2.2330974777680597,0.10129404847163799,-0.19930183217455294,-1.1983908040647182,-4.3686719428902165,1.4025722976850183,2.688588748413104,0.5279063666748955,3.4838092924132287,-0.2586256936043055,-2.571710037374698,2.472698233146218,-1.6323810645161307
-0.22246762781458063,-0.28972387662609317,0.3110890132544594,-0.027084295178584652,-0.2755589615841621,-0.2758772102235564,0.023774622712936178,-0.14390324789562922,0.09345971808507704,0.19824068045950566,-0.049762646396229744,0.41424330329224524,0.25949196137584307,0.642588696108972,-0.024881525788171713,0.033881657724609555,-0.3782017492969831,0.5376715347434622,-0.08327602215409981,0.27528811811469167,-0.008651641526355879,-0.13137891501561438,-0.14138203412950723,0.318728153944713,-0.19031429429316654,-0.24314137155732213,-0.8606075754610056,4.885800738251461e-5,0.09827458780321431,-0.12635647407229908,-0.050487659459702405,-0.24371790656393186,-0.05709300293126623,0.2780812129266678,-0.4509715812914362,-0.9884386288097881,-0.4888225705692375,0.5279063666748955,0.3375687070798954,0.2130319732314404,0.18756322797509037,-0.6546586123272263,-0.05906164530939319,-1.056322488038976
-0.6300979845448196,-5.584436822212332,-2.2231958033123225,0.10324952477880694,-1.2497833068739583,1.67058245028756,-2.9316111387556707,3.008111971167295,4.013340378742071,-4.442736018255062,3.9679267645113017,-5.209587182813029,-10.230091731322952,4.752180544001145,1.3216507384216223,1.7010506204373257,-1.6916676915744437,7.660918632609893,-1.3862445180287246,5.2208719497516904,-16.326556288980143,-2.850586245712532,-4.354114135577077,-2.588040001114613,-1.2645512854221337,-4.320891071502996,-8.621505093613095,-1.300849913343992,-2.6715185373392027,-4.778123023660682,-3.8639947727708983,-3.848048063568755,0.17909707529177368,-1.6529873557528636,-0.9683426293816465,-5.8826218867480025,4.68950822714079,3.4838092924132287,0.2130319732314404,6.6744838768807355,-1.2087463489127437,-2.94453090275033,5.642386875077535,0.7834717883476815
-0.03746441870874163,0.9069078221925875,0.7231813120760627,-0.03189394928044957,0.06310404711476586,-0.5554683856894977,0.581092620338153,-0.7423235316526254,-0.7591700889945004,1.0913232442497713,-0.8949645643233605,1.3790285371817017,2.298457760457071,-0.45404432988398585,-0.3026241151718335,-0.3413567008045017,0.03009030167979409,-1.1459596905030527,0.19764731195382432,-0.9060923916795207,3.3382011980472517,0.4569510755909862,0.7892908448542268,0.8582979751356238,0.1183830493821638,0.7099128004083766,1.0935666080528772,0.25220582731716634,0.6164205706597072,0.8646759450292776,0.7668827834079983,0.5934943033784357,-0.060625216586461105,0.5915465988091648,-0.16486467152481987,0.41944181762132565,-1.3811397574999322,-0.2586256936043055,0.18756322797509037,-1.2087463489127437,0.41157454132833127,0.0766228940580001,-1.2475891622038144,-1.083357417922961
0.7627932139584892,2.66508341588267,0.18379172297179358,-0.0022731511187191037,0.9942439838984826,-0.09667203273911533,1.2607380712818812,-0.8695957795157767,-1.7574265195903753,1.2229970592756383,-1.3135091128710723,1.3300218654699665,3.4642866785865287,-3.1877533470047097,-0.37090920459962534,-0.5963930955024255,1.5715784225714322,-4.0013614896220355,0.7618226299924906,-2.243223332659976,6.3835497087375215,1.5313498995466654,2.026300631306334,0.022846076613471454,0.7270839981590282,2.0121821610900152,5.14173569009968,0.5011096275571577,0.9360631312387288,2.1115279415788786,1.6487451866644418,1.9705883251766596,-0.06493772790058179,-0.07257054184700443,1.279075393834869,4.212290462824019,-0.7798617555113967,-2.571710037374698,-0.6546586123272263,-2.94453090275033,0.0766228940580001,2.5796441981109335,-1.9227123715039163,2.133994041302376
-0.340537779577059,-4.595156880842818,-2.2696513011917574,0.10236124938113209,-0.8836142050710211,1.7075029718421952,-2.486475610129661,2.773622269370281,3.421415105619849,-4.100996061445443,3.5874054521062413,-4.851731300607701,-9.139590418985632,3.5247228831212847,1.2093889883148157,1.5042320668874871,-1.0744170113525346,6.181156807816093,-1.0972474941281332,4.424525453281969,-14.19142426029711,-2.3013265252967345,-3.662862490525138,-2.714191134413295,-0.965623178495151,-3.580188195848936,-6.725557605517381,-1.101405467093406,-2.383166514455199,-4.015092067121379,-3.3354452311480838,-3.1238417048108613,0.16394071148654488,-1.7767369303424656,-0.4284205846267477,-4.224791569249444,4.580273551851332,2.472698233146218,-0.05906164530939319,5.642386875077535,-1.2475891622038144,-1.9227123715039163,5.066136605148581,1.8384174167606528
0.8015461079656497,-0.16801683501219536,-1.8747964493944151,0.07819265549848822,0.6750257128329609,1.4756002617200124,-0.42684270955320647,1.322779198999619,0.5611505257762788,-2.000103184135598,1.3884934793813895,-2.644119200044301,-3.334137799721874,-1.6026289257738908,0.5544994905559001,0.43169428398770243,1.3728212681782253,-0.36618604179761094,0.14360885330097073,0.6180808504901916,-3.620864353659431,0.1440296618801395,-0.37050358267227024,-2.542195116933912,0.2919054694597329,-0.21668878901033464,1.5607987824588385,-0.2419422394726024,-0.8529026601817314,-0.5293179165640964,-0.679255886549037,0.1328048032203353,0.09941484679867275,-1.7805822801769735,1.6235752890873485,2.6317463611603618,3.245020281991825,-1.6323810645161307,-1.056322488038976,0.7834717883476815,-1.083357417922961,2.133994041302376,1.8384174167606528,5.120393229308522
