V1,V2,V3,V4,V5,V6,V7,V8,V9,V10,V11,V12,V13,V14,V15,V16,V17,V18,V19,V20,V21,V22,V23,V24,V25,V26,V27,V28,V29,V30,V31,V32,V33,V34,V35,V36,V37,V38,V39,V40,V41,V42,V43,V44
1.6572123396778573,0.21239848393747335,-0.04765484972906662,-0.012145039751244183,-1.0449456021032648,-0.11990049245253122,-2.064580581574255,0.4321579247283014,0.06011311987265885,0.4141332658949232,-0.1143771880254876,-0.07961154665433588,-0.21213016867802784,-0.2786832862801239,0.664949280099463,1.069600146753951,-0.8506161196770442,-0.22233610028495454,-0.520703767261684,-0.34022212256022166,-0.4947412324175144,-1.1296699305159823,0.00902267222891867,-0.11768633085659462,0.8635896488056979,-0.6880225805974326,0.7679180192743217,0.3103936280697982,-0.5580148595036967,-2.1771035434371746,-1.064246892096592,0.5993510201771363,1.2670672734395036,0.28062352921689176,0.49129699866682525,-0.34053258515097995,0.5153282940940471,-0.1756756069982116,-0.45546834372076433,-1.8879206837404818,-0.10248654022312913,0.9730843376437256,0.39035030047138153,0.8516579177369801
0.21239848393747335,2.9591891424440675,-2.233697647782307,0.5328201911230805,-0.0767113599895183,1.5903035823428822,1.940048112551032,-1.1933799357554822,0.5356498736031663,1.9756268829458805,1.1949862874038302,2.0474190145730793,0.8198784175697442,-0.7868232474695653,-0.6503771381281401,1.0826271075714486,1.121539958040386,-0.8005371055986419,-0.30766766426386477,2.1032400839591197,0.7061827392345033,1.2267459003081347,0.04091374147218525,-1.2351353548788622,0.48185555859722934,2.1925351970673717,-0.4534329189700265,-0.10016227434229777,0.9237102308633128,-0.30258459070119587,-0.28105113736698634,-0.551962528462581,0.42867110651178403,2.0450041994536403,0.8807016830134831,1.9027231754277552,-1.5493071624800183,2.153188757193102,-1.7349811541295816,-0.08696819563265694,4.178623866724057,-1.2308777462824203,2.3312414540973343,1.982582170604236
-0.04765484972906662,-2.233697647782307,1.9731486617617475,-0.19606557375901842,0.21836038864892912,-1.4834439263935106,-1.4173196138898958,1.0108694220102745,-0.6900263776541475,-1.0956528807347843,-0.5922902968112054,-1.739502440783079,-0.4320826496684661,0.9465149293477877,0.5280872207712336,-0.999605924584604,-1.0890911035757402,0.14895591787031917,0.07450885126535244,-1.871032838156662,-0.8284307128871558,-1.6044633078415504,0.4598422413754001,0.9050263760123276,0.07674378245295754,-1.9389580174512788,0.22854608590663933,0.4296042384705123,-1.000318291921456,-0.35331773666351,-0.03646567160403938,0.495022424498591,-0.15856857661450116,-1.5158343793839968,-0.5464421715465243,-0.6532693222437469,1.4674645137177629,-1.5191099379686162,1.2396391878821078,-0.12141869119177964,-3.899238500699609,1.1391932017822735,-2.2676237282167544,-1.5354086326470755
-0.012145039751244183,0.5328201911230805,-0.19606557375901842,0.271029205660134,0.21533021708606645,0.08250892617186524,0.5845250705986937,-0.18503301611780185,-0.12769018920515335,0.6485831248661843,0.4760407222040929,0.24401046803079837,0.3221321067745489,0.18011463255490767,-0.1461244623933897,-0.03603546243892495,0.09078203348826265,-0.48533938125824616,-0.1344836660387591,0.20196116951044843,-0.0634103679841248,-0.19467691000111517,0.3942200647711756,-0.2527371736440565,0.36355681866246525,0.2445849125373855,-0.23559151758177305,0.24197753201671612,-0.019354790148115607,-0.31778721630344725,-0.15662327810498125,-0.09027701777395991,0.09735673637994229,0.38900585296798396,0.21059106297869992,1.0141938239343111,-0.09480313425502147,0.5107753417218006,-0.3424024341066163,0.0014722574509804273,0.21011265691231712,-0.13881498956043642,-0.005102244817398085,0.26937795380422713
-1.0449456021032648,-0.0767113599895183,0.21836038864892912,0.21533021708606645,0.891886717183501,-0.13418861547253774,1.536287771280569,-0.2502098696040466,-0.2791968188674543,0.11411883140602287,0.38344040320171574,-0.056009047585792886,0.3398236737046253,0.5271295753108872,-0.44042583364524934,-0.8812095876953973,0.4016986824598294,-0.2651904210416833,0.2199374080822284,0.0418841013049013,0.08829447018522311,0.23186494021702617,0.4325869521465362,0.01028972383187251,-0.19644314190512335,0.2751359731512492,-0.639292778311366,0.10799498496838177,0.13624886727214966,1.00560047364613,0.5154964174786978,-0.3606271977525819,-0.7339228530662104,-0.10706992761102406,-0.22000443656134003,0.9967175148126529,-0.12521011708043275,0.28006330337108304,0.2079136844242404,1.1496356195622566,-0.4824659639579215,-0.5054535412040364,-0.6776528621184926,-0.5751811918217661
-0.11990049245253122,1.5903035823428822,-1.4834439263935106,0.08250892617186524,-0.13418861547253774,1.153815466544589,1.155091711312974,-0.7793850297251248,0.5657319074474532,0.6515707970292451,0.352185249492185,1.3030685515923723,0.273393295511956,-0.7721540735518001,-0.44111152379350943,0.6874380425583927,0.9118651871608874,0.029064212795608623,0.023838045332103656,1.4423740719709468,0.716754225952168,1.4094770788236763,-0.4625381284262277,-0.6258843150437686,-0.23685905759401069,1.5239907983359853,-0.19478418389857008,-0.43113229310496864,0.8447568172093324,0.5629795872421154,0.16936695780137456,-0.41993984915022825,-0.018365140790599754,1.0547815749575944,0.32647564644768207,0.27903236377025403,-1.17590341401686,1.072733512678952,-0.8368891980333437,0.27508604852783436,3.00735314854031,-0.9543475661742539,1.741993071186597,1.0491447849548585
-2.064580581574255,1.940048112551032,-1.4173196138898958,0.5845250705986937,1.536287771280569,1.155091711312974,4.393142269026046,-1.4364132568057728,0.10902444590546671,1.2191378547660825,1.2958080794567939,1.522574629782373,1.061179359073506,0.08915135235944785,-1.3877904659048403,-0.8143691774717609,1.8517112280587642,-0.6339672571691923,0.37728276326291316,1.8558935891873531,0.9964399270338867,2.0094857380271205,0.38912184408274153,-0.8031762624887725,-0.507560531129742,2.404970659737071,-1.494767216208865,-0.23145677006976417,1.2482419598350303,2.382057904522957,1.0846662462143477,-1.1912739314220997,-1.3228703564142188,1.1873809840795602,0.06383249712450041,2.519424466923226,-1.6620293348058413,1.9659895368203288,-0.7326458357495697,2.431148528569194,2.7523605247221505,-2.1198645488881787,0.828247443777725,0.2857742116542327
0.4321579247283014,-1.1933799357554822,1.0108694220102745,-0.18503301611780185,-0.2502098696040466,-0.7793850297251248,-1.4364132568057728,0.6739446045807712,-0.27628443321892615,-0.6205146325579887,-0.4664654324461405,-0.9463122653282856,-0.36700630539423634,0.3164480751363435,0.4801733048118828,-0.18061550579684854,-0.7883537767434913,0.1569664502599245,-0.06464812439159201,-1.062631124695852,-0.5156634556461767,-1.034547531968682,0.1054510608045098,0.4896741639376866,0.1605069973891691,-1.2073917382825605,0.3915542300244246,0.21449915907292852,-0.6305592756328715,-0.6685309606021771,-0.2586079579169639,0.4281512751769255,0.23688510979793548,-0.7827979720547235,-0.19558556254064935,-0.7301441267473221,0.8830375593153841,-0.9477578139856853,0.5871900614414224,-0.5732935417501417,-1.9922391061093732,0.8593776978192113,-0.9895018951544827,-0.5966183151555365
0.06011311987265885,0.5356498736031663,-0.6900263776541475,-0.12769018920515335,-0.2791968188674543,0.5657319074474532,0.10902444590546671,-0.27628443321892615,0.4035384891707872,-0.032981250159700465,-0.12533816284079063,0.5501597578208022,-0.0697086099923446,-0.5498137868070958,-0.10066385410714156,0.4755810124987746,0.38000808268388614,0.3111411423734446,0.06579893920701999,0.6398591158765425,0.39554577798830326,0.8202981514463226,-0.5047691402228404,-0.19208625189339643,-0.30335250306854233,0.621933056036521,0.10258144777788294,-0.3681420454519771,0.4357278038264437,0.3685764126282761,0.12110154951086598,-0.1326033385320498,0.009299894487779138,0.3501596265749287,0.0736417204400004,-0.5255365179859084,-0.5405104212011224,0.24664395907971662,-0.265264184379256,0.021070974845586555,1.5004714640731844,-0.3574008823634686,0.9820885229562341,0.4624779217376281
0.4141332658949232,1.9756268829458805,-1.0956528807347843,0.6485831248661843,0.11411883140602287,0.6515707970292451,1.2191378547660825,-0.6205146325579887,-0.032981250159700465,1.8950832826801756,1.2144193500014522,1.0915035747860584,0.7939653353764994,-0.02393434106659461,-0.3311167329680506,0.5354508586783502,0.3480137494126914,-1.1769160678691655,-0.457287723242621,0.9830205554081998,0.01910466628422847,-0.19222223529380192,0.7118606570973145,-0.877648245750758,0.9931423644414463,1.012933058020172,-0.4009380571707807,0.457065884525073,0.15352286301800716,-1.1482274409858286,-0.6061528980223605,-0.21321726841079797,0.597379606846274,1.426386111258765,0.7765072665960336,2.342176095977774,-0.5732199945375013,1.5767771007319675,-1.2818129768068351,-0.4438421369628821,1.7395786919261627,-0.4472235452750731,0.8613495312132609,1.32482313259908
-0.1143771880254876,1.1949862874038302,-0.5922902968112054,0.4760407222040929,0.38344040320171574,0.352185249492185,1.2958080794567939,-0.4664654324461405,-0.12533816284079063,1.2144193500014522,0.891262083859951,0.6489020765113989,0.6116233016834187,0.1661038869187791,-0.3615039307553734,0.017072796176177095,0.35450005245567356,-0.8283250225959428,-0.2074875585213161,0.6165869039561572,0.041078926730349914,-0.05132611042846085,0.598977499189582,-0.534353334193908,0.5491810751153373,0.7199280072293696,-0.4781991390916473,0.3214559964576908,0.13889085618833197,-0.365193935477979,-0.19478184230733353,-0.25976633627756684,0.11270591937631097,0.8393262903434943,0.40603951567256025,1.8056038187385888,-0.39692359480038303,1.0701923751863365,-0.7187601030156404,0.12945105202255114,0.8902553126489128,-0.457283990749371,0.28763045633254236,0.6122537577705376
-0.07961154665433588,2.0474190145730793,-1.739502440783079,0.24401046803079837,-0.056009047585792886,1.3030685515923723,1.522574629782373,-0.9463122653282856,0.5501597578208022,1.0915035747860584,0.6489020765113989,1.5628834010458978,0.47437383107355424,-0.7443078623520459,-0.5405243252650945,0.7699656443698558,1.0184588128448169,-0.24806675436114264,-0.06589634635485511,1.681807518889895,0.7282873648367357,1.3975860476289357,-0.28399336418731114,-0.8356073426644318,-0.02466304705065382,1.7790987353915015,-0.3167876531499076,-0.3227651003184032,0.891777827296608,0.3650420709053848,0.06143878373626178,-0.49045716718344057,0.07576448838215384,1.385967549572328,0.49242988691054146,0.8667966735022243,-1.320557457917283,1.456337694251799,-1.12525900948993,0.2368960750299867,3.4058329914026486,-1.0847893922429843,1.9142331788149782,1.3300522966410357
-0.21213016867802784,0.8198784175697442,-0.4320826496684661,0.3221321067745489,0.3398236737046253,0.273393295511956,1.061179359073506,-0.36700630539423634,-0.0697086099923446,0.7939653353764994,0.6116233016834187,0.47437383107355424,0.4343373712936738,0.11730754265338277,-0.306277160700936,-0.055680651943124305,0.3289783819919724,-0.5347502510440991,-0.09452859211501939,0.47983829103443065,0.08482773051754346,0.09630912134531534,0.3872282815277584,-0.3662383163774886,0.29055082986676734,0.5735966198168556,-0.3842253576568024,0.17939979753624746,0.16007990893917828,-0.048974755498150536,-0.038730206874318475,-0.2343484396639258,-0.030604672652875916,0.5679116531465199,0.23831756297981893,1.2393993176678082,-0.33507429900725644,0.7574745106623059,-0.4636068503618162,0.24764620359907163,0.6817053155641742,-0.40536083297409736,0.20606951244969118,0.36921082458944127
-0.2786832862801239,-0.7868232474695653,0.9465149293477877,0.18011463255490767,0.5271295753108872,-0.7721540735518001,0.08915135235944785,0.3164480751363435,-0.5498137868070958,-0.02393434106659461,0.1661038869187791,-0.7443078623520459,0.11730754265338277,0.8273605385951751,0.06862540732492578,-0.7846288462438022,-0.42522676256755043,-0.3791454330603103,-0.017434232025691047,-0.8382819618663433,-0.49200997202629965,-0.9622043921644057,0.6809932734497632,0.2681300840314334,0.30104487288223136,-0.7855634161564288,-0.21601530300019917,0.4743931919668059,-0.5337374039581044,-0.2130081503708358,-0.030893736378839912,0.11471678365939897,-0.17893427341696913,-0.5126105420725104,-0.17699448053248454,0.7458914572407379,0.6937875480814625,-0.32141789405796933,0.4302090949488627,0.2055326322457147,-2.0490660513311556,0.39715121473075926,-1.4093872283722029,-0.7427110823898222
0.664949280099463,-0.6503771381281401,0.5280872207712336,-0.1461244623933897,-0.44042583364524934,-0.44111152379350943,-1.3877904659048403,0.4801733048118828,-0.10066385410714156,-0.3311167329680506,-0.3615039307553734,-0.5405243252650945,-0.306277160700936,0.06862540732492578,0.45412249311212244,0.19956133161921827,-0.6444367158267182,0.12458010927489324,-0.14385379743539395,-0.6684280542504378,-0.3833882740101162,-0.7722118746837735,-0.025897996430261836,0.2589030544131203,0.2388330260415091,-0.8391892194054564,0.4536155674748405,0.14953884200061912,-0.4655043232003148,-0.8518450695471894,-0.3848532858930709,0.3996608319353042,0.4402431996626869,-0.3924012760147392,-0.011684509049004279,-0.65317595786089655,0.6023366094008196,-0.6207074770926239,0.2379879452230773,-0.7954663923953623,-1.0653491531672519,0.7264974305609323,-0.39947501956014253,-0.12665846679547138
1.069600146753951,1.0826271075714486,-0.999605924584604,-0.03603546243892495,-0.8812095876953973,0.6874380425583927,-0.8143691774717609,-0.18061550579684854,0.4755810124987746,0.5354508586783502,0.017072796176177095,0.7699656443698558,-0.055680651943124305,-0.7846288462438022,0.19956133161921827,1.2314208519588756,0.013132149707284425,0.012809554517635104,-0.30092052772857425,0.7029292671498578,0.17071644604570044,0.24987587935668099,-0.43459768138965854,-0.4375224864211961,0.32225963295173293,0.4973604234622355,0.4707271627798528,-0.15993447822793158,0.20199121839781292,-1.0192118475373941,-0.5693405049821048,0.14781641583153957,0.8304064074957282,0.8047201542904963,0.5027027705240934,-0.3594165332386551,-0.42565223012407205,0.45951409233107277,-0.7875105716297927,-1.117357168014636,1.9402012381444986,0.05827194400708648,1.4782426111825,1.2337170538132476
-0.8506161196770442,1.121539958040386,-1.0890911035757402,0.09078203348826265,0.4016986824598294,0.9118651871608874,1.8517112280587642,-0.7883537767434913,0.38000808268388614,0.3480137494126914,0.35450005245567356,1.0184588128448169,0.3289783819919724,-0.42522676256755043,-0.6444367158267182,0.013132149707284425,1.071166444533587,0.07830712010921666,0.24540192666129285,1.239289348793957,0.7493712462979868,1.5396236123814193,-0.30879944008007704,-0.43048078693129355,-0.5385706630525642,1.4593972022795239,-0.5172409254092628,-0.43907733790882314,0.8772389176000491,1.3882488335665888,0.6007393445396634,-0.5949666485005919,-0.5892591339165653,0.6840362250389449,0.033720337771970484,0.4521682446022395,-1.1109516364052456,0.9165799697929805,-0.43727450437386167,1.0713915314168116,2.2808831998209556,-1.1619429151064156,1.1046429558189967,0.4068514980964549
-0.22233610028495454,-0.8005371055986419,0.14895591787031917,-0.48533938125824616,-0.2651904210416833,0.029064212795608623,-0.6339672571691923,0.1569664502599245,0.3111411423734446,-1.1769160678691655,-0.8283250225959428,-0.24806675436114264,-0.5347502510440991,-0.3791454330603103,0.12458010927489324,0.012809554517635104,0.07830712010921666,0.957022479292706,0.3299489039532143,-0.12435187204731304,0.28642883594969304,0.7459420555261645,-0.8106227117542739,0.38911172012020656,-0.8366757421072386,-0.1393082117612492,0.3133172960451361,-0.5485057252485995,0.23499010211923183,0.9889956932185002,0.4644814542992597,0.034530107421814595,-0.3604319906419979,-0.6077148615879406,-0.4226158522321108,-1.8000218791831182,-0.06107881994520347,-0.7665092734925044,0.5797893887073572,0.2991320415807014,0.06901265275651886,-0.00317231583043588,0.19789317358931138,-0.470905412033608
-0.520703767261684,-0.30766766426386477,0.07450885126535244,-0.1344836660387591,0.2199374080822284,0.023838045332103656,0.37728276326291316,-0.06464812439159201,0.06579893920701999,-0.457287723242621,-0.2074875585213161,-0.06589634635485511,-0.09452859211501939,-0.017434232025691047,-0.14385379743539395,-0.30092052772857425,0.24540192666129285,0.3299489039532143,0.2389849964648134,0.041685497228080876,0.2066096715103145,0.504459069683843,-0.2243055978839088,0.14956106498181346,-0.47275320519832903,0.12729658376555086,-0.12106919091789332,-0.23571805391220596,0.20846534726351618,0.8783559241471164,0.42613453515047195,-0.1536634085687808,-0.45706682542234467,-0.2628297597302993,-0.26006884807537584,-0.41854117538612606,-0.14242022120310585,-0.1835560595195815,0.30267993593671544,0.6058239649409121,0.004078461272964885,-0.2558272142177875,-0.07674373905066886,-0.3831283816480935
-0.34022212256022166,2.1032400839591197,-1.871032838156662,0.20196116951044843,0.0418841013049013,1.4423740719709468,1.8558935891873531,-1.062631124695852,0.6398591158765425,0.9830205554081998,0.6165869039561572,1.681807518889895,0.47983829103443065,-0.8382819618663433,-0.6684280542504378,0.7029292671498578,1.239289348793957,-0.12435187204731304,0.041685497228080876,1.8728654430543132,0.9015332326409481,1.768680776070841,-0.414512280518264,-0.8438275391916152,-0.2519938711378371,2.014872777028628,-0.41087898226961256,-0.47079224740226755,1.082137377236443,0.8220319079961368,0.2733654146195881,-0.6196827510743054,-0.139724780292332,1.3967133559175962,0.4184232900367358,0.7513981664623395,-1.519665480528799,1.5109244759563631,-1.0885191556030118,0.5555214166198338,3.7384386817970148,-1.319365217790593,2.0706693119895485,1.279204905842103
-0.4947412324175144,0.7061827392345033,-0.8284307128871558,-0.0634103679841248,0.08829447018522311,0.716754225952168,0.9964399270338867,-0.5156634556461767,0.39554577798830326,0.01910466628422847,0.041078926730349914,0.7282873648367357,0.08482773051754346,-0.49200997202629965,-0.3833882740101162,0.17071644604570044,0.7493712462979868,0.28642883594969304,0.2066096715103145,0.9015332326409481,0.6044460715938279,1.2558957833058353,-0.4633496096318816,-0.2500385216128724,-0.5284084229353365,1.0236683080453672,-0.21602010583870115,-0.4550801064444332,0.6818176481717089,1.04981622837248,0.44673859697956025,-0.3764997436126248,-0.37842525849799385,0.41781628736008125,-0.014982196873761663,-0.18159363139212345,-0.8258869625605026,0.49389752059544073,-0.25576195688941383,0.6563560380503626,1.8163619455699518,-0.7861294563781015,0.9927472655775708,0.32069234317166595
-1.1296699305159823,1.2267459003081347,-1.6044633078415504,-0.19467691000111517,0.23186494021702617,1.4094770788236763,2.0094857380271205,-1.034547531968682,0.8202981514463226,-0.19222223529380192,-0.05132611042846085,1.3975860476289357,0.09630912134531534,-0.9622043921644057,-0.7722118746837735,0.24987587935668099,1.5396236123814193,0.7459420555261645,0.504459069683843,1.768680776070841,1.2558957833058353,2.6863546997845873,-1.0425316299968292,-0.4301731230869258,-1.2392857011707012,2.025524471594951,-0.4211106484249688,-0.9925641454074182,1.4079479207690173,2.398765421768097,1.0348403833198967,-0.7728416875228598,-0.9046180895615175,0.7039432537148466,-0.14318959883928908,-0.6140636903538851,-1.6575524047858814,0.8592259507104713,-0.3720413590428635,1.4809979707527907,3.5738066204071712,-1.5968826667926954,1.9283362815179024,0.48255092375199693
0.00902267222891867,0.04091374147218525,0.4598422413754001,0.3942200647711756,0.4325869521465362,-0.4625381284262277,0.38912184408274153,0.1054510608045098,-0.5047691402228404,0.7118606570973145,0.598977499189582,-0.28399336418731114,0.3872282815277584,0.6809932734497632,-0.025897996430261836,-0.43459768138965854,-0.30879944008007704,-0.8106227117542739,-0.2243055978839088,-0.414512280518264,-0.4633496096318816,-1.0425316299968292,0.8866654434220623,-0.07749229049889222,0.7014109948603764,-0.38071280151351494,-0.3030462248443955,0.6073671658161843,-0.4595537190603785,-0.7779003156079461,-0.32356367235319783,0.05520351069327598,0.1456993893008887,0.07541580170362028,0.1691899882013545,1.510617722215225,0.44432894661751576,0.2728334772141358,-0.11330045973701611,-0.10508238641106472,-1.2275231523972212,0.24401151951681108,-0.9165486891593535,-0.12323424218530236
-0.11768633085659462,-1.2351353548788622,0.9050263760123276,-0.2527371736440565,0.01028972383187251,-0.6258843150437686,-0.8031762624887725,0.4896741639376866,-0.19208625189339643,-0.877648245750758,-0.534353334193908,-0.8356073426644318,-0.3662383163774886,0.2681300840314334,0.2589030544131203,-0.4375224864211961,-0.43048078693129355,0.38911172012020656,0.14956106498181346,-0.8438275391916152,-0.2500385216128724,-0.4301731230869258,-0.07749229049889222,0.5286544692300775,-0.2623346118770684,-0.8731062632020772,0.19249846488829547,-0.01010451749307379,-0.3423538857754893,0.20707075357023577,0.1558512384689867,0.2151588946221597,-0.20560829723129975,-0.8667507428385574,-0.38262062119200574,-0.8949159455961733,0.6023085216304014,-0.9166371843646981,0.7377290228553479,0.07226790595891783,-1.656998957420407,0.47227586420774187,-0.9091523086697215,-0.83236408901496
0.8635896488056979,0.48185555859722934,0.07674378245295754,0.36355681866246525,-0.19644314190512335,-0.23685905759401069,-0.507560531129742,0.1605069973891691,-0.30335250306854233,0.9931423644414463,0.5491810751153373,-0.02466304705065382,0.29055082986676734,0.30104487288223136,0.2388330260415091,0.32225963295173293,-0.5385706630525642,-0.8366757421072386,-0.47275320519832903,-0.2519938711378371,-0.5284084229353365,-1.2392857011707012,0.7014109948603764,-0.2623346118770684,1.037499449151763,-0.38781263765678614,0.096104848963181555,0.6192778084536672,-0.5322254194563634,-1.7371032384508618,-0.820498548615524,0.2813245455209861,0.8012214473067656,0.4364480301056697,0.4810158054280044,1.230276647147719,0.42590002743787125,0.3747060898107879,-0.5187927676982943,-1.0408878622397086,-0.5255225034762347,0.5359350090198669,-0.25035359586044814,0.5606401668050055
-0.6880225805974326,2.1925351970673717,-1.9389580174512788,0.2445849125373855,0.2751359731512492,1.5239907983359853,2.404970659737071,-1.2073917382825605,0.621933056036521,1.012933058020172,0.7199280072293696,1.7790987353915015,0.5735966198168556,-0.7855634161564288,-0.8391892194054564,0.4973604234622355,1.4593972022795239,-0.1393082117612492,0.12729658376555086,2.014872777028628,1.0236683080453672,2.025524471594951,-0.38071280151351494,-0.8731062632020772,-0.38781263765678614,2.252994743301407,-0.6103064972569634,-0.514873587522783,1.2259649673070803,1.2387422170951385,0.4719756661548915,-0.7622027032041276,-0.3773935086613695,1.4269656069833498,0.3580878591817889,0.975390528036372,-1.6848557283891907,1.6587093446092736,-1.0752903960465963,0.9497754042258452,3.901763363995558,-1.5775134272432991,2.0508569431159964,1.176069652203649
0.7679180192743217,-0.4534329189700265,0.22854608590663933,-0.23559151758177305,-0.639292778311366,-0.19478418389857008,-1.494767216208865,0.3915542300244246,0.10258144777788294,-0.4009380571707807,-0.4781991390916473,-0.3167876531499076,-0.3842253576568024,-0.21601530300019917,0.4536155674748405,0.4707271627798528,-0.5172409254092628,0.3133172960451361,-0.12106919091789332,-0.41087898226961256,-0.21602010583870115,-0.4211106484249688,-0.3030462248443955,0.19249846488829547,0.096104848963181555,-0.6103064972569634,0.5623546736364814,-0.03384971641057074,-0.287407853379172,-0.7422855517456239,-0.35848003602048395,0.3754322101183807,0.4895969837542423,-0.26133639342356313,0.02026088894783182,-1.0241656736941926,0.3869220958583534,-0.5714349720099527,0.13387031051724624,-0.8700946952506059,-0.40028449092426355,0.6210379111031148,0.07129019693584243,0.09467186922451386
0.3103936280697982,-0.10016227434229777,0.4296042384705123,0.24197753201671612,0.10799498496838177,-0.43113229310496864,-0.23145677006976417,0.21449915907292852,-0.3681420454519771,0.457065884525073,0.3214559964576908,-0.3227651003184032,0.17939979753624746,0.4743931919668059,0.14953884200061912,-0.15993447822793158,-0.43907733790882314,-0.5485057252485995,-0.23571805391220596,-0.47079224740226755,-0.4550801064444332,-0.9925641454074182,0.6073671658161843,-0.01010451749307379,0.6192778084536672,-0.514873587522783,-0.03384971641057074,0.4885536116439739,-0.4755372181253311,-0.9292859171479251,-0.41092456986002857,0.1883196782206216,0.3192819104119515,-0.007383502518819168,0.15714277285748418,0.8726102412259841,0.4923611806299507,0.03707493411986899,-0.06880450046208184,-0.4271188096520431,-1.0948576380958481,0.42671647320727674,-0.693299942292948,-0.03516659961634085
-0.5580148595036967,0.9237102308633128,-1.000318291921456,-0.019354790148115607,0.13624886727214966,0.8447568172093324,1.2482419598350303,-0.6305592756328715,0.4357278038264437,0.15352286301800716,0.13889085618833197,0.891777827296608,0.16007990893917828,-0.5337374039581044,-0.4655043232003148,0.20199121839781292,0.8772389176000491,0.23499010211923183,0.20846534726351618,1.082137377236443,0.6818176481717089,1.4079479207690173,-0.4595537190603785,-0.3423538857754893,-0.5322254194563634,1.2259649673070803,-0.287407853379172,-0.4755372181253311,0.7805436755279722,1.1344708170629159,0.47645490414720415,-0.4480644048660931,-0.4080084910143909,0.5649568649368025,0.027852775806184036,-0.014589345020578905,-0.9690894896846897,0.67162594000026,-0.3678928812613697,0.7423641603728438,2.145717344188775,-0.9259569594066434,1.1527416905670471,0.43391679162538555
-2.1771035434371746,-0.30258459070119587,-0.35331773666351,-0.31778721630344725,1.00560047364613,0.5629795872421154,2.382057904522957,-0.6685309606021771,0.3685764126282761,-1.1482274409858286,-0.365193935477979,0.3650420709053848,-0.048974755498150536,-0.2130081503708358,-0.8518450695471894,-1.0192118475373941,1.3882488335665888,0.9889956932185002,0.8783559241471164,0.8220319079961368,1.04981622837248,2.398765421768097,-0.7779003156079461,0.20707075357023577,-1.7371032384508618,1.2387422170951385,-0.7422855517456239,-0.9292859171479251,1.1344708170629159,3.537522187866371,1.676446100602233,-0.8387142615719202,-1.7925406117779996,-0.4154337365144608,-0.7903549439121489,-0.8482466177512915,-1.0636221783083462,0.009964265070406961,0.6874866020880884,2.570253247032139,1.2217526535763035,-1.4846008847521317,0.2916490891927001,-0.9958904530360655
-1.064246892096592,-0.28105113736698634,-0.03646567160403938,-0.15662327810498125,0.5154964174786978,0.16936695780137456,1.0846662462143477,-0.2586079579169639,0.12110154951086598,-0.6061528980223605,-0.19478184230733353,0.06143878373626178,-0.038730206874318475,-0.030893736378839912,-0.3848532858930709,-0.5693405049821048,0.6007393445396634,0.4644814542992597,0.42613453515047195,0.2733654146195881,0.44673859697956025,1.0348403833198967,-0.32356367235319783,0.1558512384689867,-0.820498548615524,0.4719756661548915,-0.35848003602048395,-0.41092456986002857,0.47645490414720415,1.676446100602233,0.8063830476646625,-0.37924161792489447,-0.8801113686175853,-0.29504647630516867,-0.41094697097434385,-0.4097091054802737,-0.41606402627764105,-0.0832023763110849,0.4073648244007847,1.2413220129427196,0.31575410089373923,-0.6485191992121678,-0.023317385698090696,-0.5839689509035597
0.5993510201771363,-0.551962528462581,0.495022424498591,-0.09027701777395991,-0.3606271977525819,-0.41993984915022825,-1.1912739314220997,0.4281512751769255,-0.1326033385320498,-0.21321726841079797,-0.25976633627756684,-0.49045716718344057,-0.2343484396639258,0.11471678365939897,0.3996608319353042,0.14781641583153957,-0.5949666485005919,0.034530107421814595,-0.1536634085687808,-0.6196827510743054,-0.3764997436126248,-0.7728416875228598,0.05520351069327598,0.2151588946221597,0.2813245455209861,-0.7622027032041276,0.3754322101183807,0.1883196782206216,-0.4480644048660931,-0.8387142615719202,-0.37924161792489447,0.3626737435730073,0.41656584489850396,-0.3268738452723963,0.011651904203198477,-0.43150505387228016,0.5644129232044024,-0.5097139041534638,0.1865021313165994,-0.7253712851546229,-1.0218538623411966,0.6605745413931621,-0.41825703898902,-0.10644687901172856
1.2670672734395036,0.42867110651178403,-0.15856857661450116,0.09735673637994229,-0.7339228530662104,-0.018365140790599754,-1.3228703564142188,0.23688510979793548,0.009299894487779138,0.597379606846274,0.11270591937631097,0.07576448838215384,-0.030604672652875916,-0.17893427341696913,0.4402431996626869,0.8304064074957282,-0.5892591339165653,-0.3604319906419979,-0.45706682542234467,-0.139724780292332,-0.37842525849799385,-0.9046180895615175,0.1456993893008887,-0.20560829723129975,0.8012214473067656,-0.3773935086613695,0.4895969837542423,0.3192819104119515,-0.4080084910143909,-1.7925406117779996,-0.8801113686175853,0.41656584489850396,1.0225373773131816,0.4003238227009825,0.473994798694806,0.1456161505228199,0.317036258569955,0.10091641577840314,-0.5149564251521623,-1.4484525377516766,0.10513993661578258,0.6573370065850588,0.35841276676844186,0.795496745636279
0.28062352921689176,2.0450041994536403,-1.5158343793839968,0.38900585296798396,-0.10706992761102406,1.0547815749575944,1.1873809840795602,-0.7827979720547235,0.3501596265749287,1.426386111258765,0.8393262903434943,1.385967549572328,0.5679116531465199,-0.5126105420725104,-0.3924012760147392,0.8047201542904963,0.6840362250389449,-0.6077148615879406,-0.2628297597302993,1.3967133559175962,0.41781628736008125,0.7039432537148466,0.07541580170362028,-0.8667507428385574,0.4364480301056697,1.4269656069833498,-0.26133639342356313,-0.007383502518819168,0.5649568649368025,-0.4154337365144608,-0.29504647630516867,-0.3268738452723963,0.4003238227009825,1.4348231928251887,0.6481734287101514,1.3607681801138316,-0.9940199398655921,1.4819933979126265,-1.2314669288056248,-0.21400982541353772,2.797143665916959,-0.746770678021223,1.5791528466948381,1.424168907460389
0.49129699866682525,0.8807016830134831,-0.5464421715465243,0.21059106297869992,-0.22000443656134003,0.32647564644768207,0.06383249712450041,-0.19558556254064935,0.0736417204400004,0.7765072665960336,0.40603951567256025,0.49242988691054146,0.23831756297981893,-0.17699448053248454,-0.011684509049004279,0.5027027705240934,0.033720337771970484,-0.4226158522321108,-0.26006884807537584,0.4184232900367358,-0.014982196873761663,-0.14318959883928908,0.1691899882013545,-0.38262062119200574,0.4810158054280044,0.3580878591817889,0.02026088894783182,0.15714277285748418,0.027852775806184036,-0.7903549439121489,-0.41094697097434385,0.011651904203198477,0.473994798694806,0.6481734287101514,0.4032479410860632,0.6982467899773401,-0.21658794874940632,0.5926104681478022,-0.6173247793254732,-0.5353493905077449,0.9075024581087429,-0.04597174512448725,0.5856543335480643,0.7463385190507403
-0.34053258515097995,1.9027231754277552,-0.6532693222437469,1.0141938239343111,0.9967175148126529,0.27903236377025403,2.519424466923226,-0.7301441267473221,-0.5255365179859084,2.342176095977774,1.8056038187385888,0.8667966735022243,1.2393993176678082,0.7458914572407379,-0.65317595786089655,-0.3594165332386551,0.4521682446022395,-1.8000218791831182,-0.41854117538612606,0.7513981664623395,-0.18159363139212345,-0.6140636903538851,1.510617722215225,-0.8949159455961733,1.230276647147719,0.975390528036372,-1.0241656736941926,0.8726102412259841,-0.014589345020578905,-0.8482466177512915,-0.4097091054802737,-0.43150505387228016,0.1456161505228199,1.3607681801138316,0.6982467899773401,3.871617701595126,-0.39889694054874797,1.9010603320179127,-1.1714870992282131,0.3286323043700146,0.6588796643093889,-0.6629859059396747,-0.16862041375384776,0.8113694451414055
0.5153282940940471,-1.5493071624800183,1.4674645137177629,-0.09480313425502147,-0.12521011708043275,-1.17590341401686,-1.6620293348058413,0.8830375593153841,-0.5405104212011224,-0.5732199945375013,-0.39692359480038303,-1.320557457917283,-0.33507429900725644,0.6937875480814625,0.6023366094008196,-0.42565223012407205,-1.1109516364052456,-0.06107881994520347,-0.14242022120310585,-1.519665480528799,-0.8258869625605026,-1.6575524047858814,0.44432894661751576,0.6023085216304014,0.42590002743787125,-1.6848557283891907,0.3869220958583534,0.4923611806299507,-0.9690894896846897,-1.0636221783083462,-0.41606402627764105,0.5644129232044024,0.317036258569955,-0.9940199398655921,-0.21658794874940632,-0.39889694054874797,1.293723118176922,-1.1248940825101135,0.7357889938099766,-0.7232237917780839,-3.0132053609295255,1.185291565606986,-1.6341699351435761,-0.8475702848348697
-0.1756756069982116,2.153188757193102,-1.5191099379686162,0.5107753417218006,0.28006330337108304,1.072733512678952,1.9659895368203288,-0.9477578139856853,0.24664395907971662,1.5767771007319675,1.0701923751863365,1.456337694251799,0.7574745106623059,-0.32141789405796933,-0.6207074770926239,0.45951409233107277,0.9165799697929805,-0.7665092734925044,-0.1835560595195815,1.5109244759563631,0.49389752059544073,0.8592259507104713,0.2728334772141358,-0.9166371843646981,0.3747060898107879,1.6587093446092736,-0.5714349720099527,0.03707493411986899,0.67162594000026,0.009964265070406961,-0.0832023763110849,-0.5097139041534638,0.10091641577840314,1.4819933979126265,0.5926104681478022,1.9010603320179127,-1.1248940825101135,1.71201649877759,-1.2221122483651896,0.2919341484183002,2.780612880999479,-1.0348666119559407,1.3879532052347459,1.2614194098136653
-0.45546834372076433,-1.7349811541295816,1.2396391878821078,-0.3424024341066163,0.2079136844242404,-0.8368891980333437,-0.7326458357495697,0.5871900614414224,-0.265264184379256,-1.2818129768068351,-0.7187601030156404,-1.12525900948993,-0.4636068503618162,0.4302090949488627,0.2379879452230773,-0.7875105716297927,-0.43727450437386167,0.5797893887073572,0.30267993593671544,-1.0885191556030118,-0.25576195688941383,-0.3720413590428635,-0.11330045973701611,0.7377290228553479,-0.5187927676982943,-1.0752903960465963,0.13387031051724624,-0.06880450046208184,-0.3678928812613697,0.6874866020880884,0.4073648244007847,0.1865021313165994,-0.5149564251521623,-1.2314669288056248,-0.6173247793254732,-1.1714870992282131,0.7357889938099766,-1.2221122483651896,1.0943993812818817,0.44009103238543656,-2.242172819723352,0.4805862548580777,-1.3138811267989008,-1.2892386085411633
-1.8879206837404818,-0.08696819563265694,-0.12141869119177964,0.0014722574509804273,1.1496356195622566,0.27508604852783436,2.431148528569194,-0.5732935417501417,0.021070974845586555,-0.4438421369628821,0.12945105202255114,0.2368960750299867,0.24764620359907163,0.2055326322457147,-0.7954663923953623,-1.117357168014636,1.0713915314168116,0.2991320415807014,0.6058239649409121,0.5555214166198338,0.6563560380503626,1.4809979707527907,-0.10508238641106472,0.07226790595891783,-1.0408878622397086,0.9497754042258452,-0.8700946952506059,-0.4271188096520431,0.7423641603728438,2.570253247032139,1.2413220129427196,-0.7253712851546229,-1.4484525377516766,-0.21400982541353772,-0.5353493905077449,0.3286323043700146,-0.7232237917780839,0.2919341484183002,0.44009103238543656,2.1736879295329374,0.4848692289305797,-1.2067295567560299,-0.21728347101939166,-0.8510448510829253
-0.10248654022312913,4.178623866724057,-3.899238500699609,0.21011265691231712,-0.4824659639579215,3.00735314854031,2.7523605247221505,-1.9922391061093732,1.5004714640731844,1.7395786919261627,0.8902553126489128,3.4058329914026486,0.6817053155641742,-2.0490660513311556,-1.0653491531672519,1.9402012381444986,2.2808831998209556,0.06901265275651886,0.004078461272964885,3.7384386817970148,1.8163619455699518,3.5738066204071712,-1.2275231523972212,-1.656998957420407,-0.5255225034762347,3.901763363995558,-0.40028449092426355,-1.0948576380958481,2.145717344188775,1.2217526535763035,0.31575410089373923,-1.0218538623411966,0.10513993661578258,2.797143665916959,0.9075024581087429,0.6588796643093889,-3.0132053609295255,2.780612880999479,-2.242172819723352,0.4848692289305797,7.877203154775185,-2.3683768761573454,4.616605523576392,2.8542600463299688
0.9730843376437256,-1.2308777462824203,1.1391932017822735,-0.13881498956043642,-0.5054535412040364,-0.9543475661742539,-2.1198645488881787,0.8593776978192113,-0.3574008823634686,-0.4472235452750731,-0.457283990749371,-1.0847893922429843,-0.40536083297409736,0.39715121473075926,0.7264974305609323,0.05827194400708648,-1.1619429151064156,-0.00317231583043588,-0.2558272142177875,-1.319365217790593,-0.7861294563781015,-1.5968826667926954,0.24401151951681108,0.47227586420774187,0.5359350090198669,-1.5775134272432991,0.6210379111031148,0.42671647320727674,-0.9259569594066434,-1.4846008847521317,-0.6485191992121678,0.6605745413931621,0.6573370065850588,-0.746770678021223,-0.04597174512448725,-0.6629859059396747,1.185291565606986,-1.0348666119559407,0.4805862548580777,-1.2067295567560299,-2.3683768761573454,1.276623152096676,-1.1051543481461288,-0.410237183385544
0.39035030047138153,2.3312414540973343,-2.2676237282167544,-0.005102244817398085,-0.6776528621184926,1.741993071186597,0.828247443777725,-0.9895018951544827,0.9820885229562341,0.8613495312132609,0.28763045633254236,1.9142331788149782,0.20606951244969118,-1.4093872283722029,-0.39947501956014253,1.4782426111825,1.1046429558189967,0.19789317358931138,-0.07674373905066886,2.0706693119895485,0.9927472655775708,1.9283362815179024,-0.9165486891593535,-0.9091523086697215,-0.25035359586044814,2.0508569431159964,0.07129019693584243,-0.693299942292948,1.1527416905670471,0.2916490891927001,-0.023317385698090696,-0.41825703898902,0.35841276676844186,1.5791528466948381,0.5856543335480643,-0.16862041375384776,-1.6341699351435761,1.3879532052347459,-1.3138811267989008,-0.21728347101939166,4.616605523576392,-1.1051543481461288,2.8959309476337918,1.8266195094564643
0.8516579177369801,1.982582170604236,-1.5354086326470755,0.26937795380422713,-0.5751811918217661,1.0491447849548585,0.2857742116542327,-0.5966183151555365,0.4624779217376281,1.32482313259908,0.6122537577705376,1.3300522966410357,0.36921082458944127,-0.7427110823898222,-0.12665846679547138,1.2337170538132476,0.4068514980964549,-0.470905412033608,-0.3831283816480935,1.279204905842103,0.32069234317166595,0.48255092375199693,-0.12323424218530236,-0.83236408901496,0.5606401668050055,1.176069652203649,0.09467186922451386,-0.03516659961634085,0.43391679162538555,-0.9958904530360655,-0.5839689509035597,-0.10644687901172856,0.795496745636279,1.424168907460389,0.7463385190507403,0.8113694451414055,-0.8475702848348697,1.2614194098136653,-1.2892386085411633,-0.8510448510829253,2.8542600463299688,-0.410237183385544,1.8266195094564643,1.6651579867512976
