V1,V2,V3,V4,V5,V6,V7,V8,V9,V10,V11,V12,V13,V14,V15,V16,V17,V18,V19,V20,V21,V22,V23,V24,V25,V26,V27,V28,V29,V30,V31,V32,V33,V34,V35,V36,V37,V38,V39,V40,V41,V42,V43,V44
2.2678310289590597,0.8987441645544032,-1.725814438297908,0.6491947826371065,0.8571970738758917,1.6229240316334035,-0.4930721644133947,-0.0342227025189273,-0.8824258830225837,-0.2998441281328869,-0.4588032418763561,2.8391448914497954,-0.6264154592313347,-0.44450267417721906,0.317287350218986,1.221213275297348,0.3866438696876631,-1.6943263376302107,-1.5185346641733883,-1.7878503432242707,1.3346291685481049,-0.6058875609052082,1.2840450374812036,0.28266219395469594,-0.4339356217389053,1.1421706795462352,-0.19888583404798224,0.3741525734634693,-0.17285803377996256,0.8488766373602917,1.3358823126719055,-0.5834171141865341,0.7404856753629742,-1.9746852101305743,-0.1726379634491427,-1.1621162080575982,-2.3342652714835888,-0.5879546211992627,-2.2299160498288324,-0.04816071377041422,-0.29373759187496684,2.355154410065577,1.1048660315966186,0.4966048004598582
0.8987441645544032,2.149092047044133,0.18753243505911196,0.17299603770219577,0.6820066843140073,-0.04130236484742688,0.7672680937626004,-1.0045594342828128,-1.5914218806734148,1.3893541754024,-1.4710494439607629,2.6102668327983953,3.1680310525121294,-1.6695897332115206,-0.35908581345840007,-0.18641553845428638,0.6225748099263626,-3.0582934546139184,-0.03983087590128675,-2.3565587356668165,5.783145975223047,0.6937401224638043,1.811661924685054,1.0340913346712772,0.3082548867828799,1.8142168274708927,2.7056782752241713,0.5541555120211795,0.7944591901712347,1.8478520853508358,1.6783341333021942,1.0619382707709915,0.19270690281364383,-0.048153522370628365,0.24860076953515997,1.5272864640575325,-2.3249914693153007,-1.2846615704053035,-0.7947175457859335,-2.2235417742728396,0.3010404351175758,1.6627149399204264,-1.5260266214190983,-0.2081456949217135
-1.725814438297908,0.18753243505911196,1.8748762289732386,-0.5677077441046523,-0.5078879846472095,-1.6499790329897999,0.9539455421954034,-0.5246389044095663,0.007714156056559874,1.0292867304798259,-0.3430281158170211,-1.357871547789644,2.3626206490866712,-0.42119659410417176,-0.461966771220622,-1.3246447676443989,-0.017726270834228165,0.10308654928170365,1.4630249427845974,0.5913084036512182,1.8093168281862049,1.0171166879854183,-0.22446705144139575,0.14679106310266138,0.5288887942991312,-0.23353696062220944,1.6530308188129825,-0.11341471759621387,0.6489229109309098,0.09512553706935221,-0.36369509435595077,1.1647390473456347,-0.6276420808003956,1.9137108689130304,0.3062905259956605,1.9313379472251773,1.091947774224317,-0.12288266192829927,1.8487852723311433,-1.0780489076459083,0.4957886306867799,-1.4413895301023354,-1.9067846949287517,-0.5720116111492496
0.6491947826371065,0.17299603770219577,-0.5677077441046523,0.2057107667901512,0.23053946465007025,0.5173608167283986,-0.2056578697998631,0.05242635289868182,-0.18281190252069163,-0.15874844651814407,-0.05695437949380942,0.7354222117146298,-0.3842940880491269,-0.05231866383022311,0.10676430441367252,0.39875891993137463,0.08146365301146703,-0.37604289304378336,-0.4680493438844636,-0.44030084345670967,0.09518591105430611,-0.2324392868861654,0.27621706555511694,0.07130917108474533,-0.13743457966742842,0.28244089114991866,-0.21467945695993343,0.10791252414919268,-0.10139401873444497,0.18340745787915455,0.29790931200217863,-0.2422391284850694,0.22169210375164758,-0.610544791472851,-0.08467650938979629,-0.44095927596325357,-0.6162642024049556,-0.09626545245501279,-0.6692392070500737,0.08863400783045332,-0.11396480141893368,0.6483264070019136,0.4309898186614938,0.1578466407580136
0.8571970738758917,0.6820066843140073,-0.5078879846472095,0.23053946465007025,0.3953947311310995,0.4930950157911553,-0.020357033964119888,-0.1930770454843729,-0.5612886494433523,0.15757684391160512,-0.4078625135565668,1.3430402078939137,0.3801206301180111,-0.44718398232904927,0.026728615528579337,0.34745424525862556,0.2281454816888612,-1.0875813801703853,-0.4697570632638938,-0.9902314885003174,1.4582567590551232,-0.06768379978605071,0.7163351969661104,0.28916676467527125,-0.07002998687217936,0.6867084530416505,0.4317597412958567,0.2163268728836531,0.0802046408867391,0.6041627025424243,0.7154862010901147,0.007074332044531014,0.25801298211682666,-0.6155445710098121,-0.0019948760618113165,-0.07728367332528276,-1.1457090617106704,-0.42003983723163807,-0.841017900395496,-0.4288533219824326,-0.04536614103879858,1.0272924079583834,0.061058049065667815,0.1102533860757582
1.6229240316334035,-0.04130236484742688,-1.6499790329897999,0.5173608167283986,0.4930950157911553,1.487700454924976,-0.8108346022862198,0.4103961024606799,-0.10834964996552017,-0.8353485668379205,0.1989355456225923,1.3788798845514458,-1.9235422970665992,0.28330454669048516,0.4020022445212001,1.1435346962863677,0.051356869561598385,-0.28306912941393975,-1.343356441429446,-0.716160843032811,-1.2566163442462723,-0.87811178180712,0.3480011068972669,-0.09301085736088216,-0.4519429175073561,0.3326107007441904,-1.3145024728767893,0.12840232635170007,-0.5284459557298673,0.011192463472953827,0.44436931265871465,-0.9568700790118617,0.6102556706925634,-1.7252955876216245,-0.24534971213024218,-1.6149758274480122,-1.1002306624621747,0.03444643672520293,-1.7062663675229992,0.8499077792022456,-0.40966435838718135,1.402684930013642,1.614609451925555,0.5166746787812118
-0.4930721644133947,0.7672680937626004,0.9539455421954034,-0.2056578697998631,-0.020357033964119888,-0.8108346022862198,0.7606239911020646,-0.6055662933366204,-0.5479912678491009,0.9522937544424621,-0.6402895632838222,0.3192240886530788,2.2208700935214916,-0.7544982645249221,-0.3188524983753527,-0.6347447344137842,0.2397836801435025,-0.9491502009749492,0.6955572759170343,-0.39257964308066495,2.847478738506357,0.7689672802925199,0.5181713970462682,0.3705969390668878,0.2910236650782341,0.44510137550157153,1.699800131018431,0.13093012863991846,0.620200670487145,0.6713453534507474,0.4202476575459351,0.8880762969767461,-0.2787358952453212,0.86825525380398,0.18852502330534793,1.3507058007605748,-0.3184783369899013,-0.504872849559215,0.6375305248819533,-1.24787914215135,0.3482368779967932,-0.10465584896359639,-1.4008622377875986,-0.3396539038187561
-0.0342227025189273,-1.0045594342828128,-0.5246389044095663,0.05242635289868182,-0.1930770454843729,0.4103961024606799,-0.6055662933366204,0.5982002612603589,0.7433041887786489,-0.8706136938278134,0.7489129941967926,-0.9436406889177135,-2.0295857485013302,0.860376720335977,0.25515053485285977,0.3596158661617748,-0.3072759049938804,1.3625482559068025,-0.3263080762182094,0.8758518640535787,-3.1086350392464297,-0.5868727979475673,-0.8011132222683571,-0.46840230499726554,-0.22106796690284355,-0.7407265428362,-1.632556637113336,-0.22007599295683705,-0.5425130500789785,-0.8695250210798604,-0.7169437816175661,-0.7447902563571682,0.083816623469509,-0.4033874329326006,-0.16823063025392973,-1.0995724496260466,0.846861666027729,0.6358166656938119,-0.08114465590539802,1.260015795625237,-0.26128279303041246,-0.4449428109914043,1.1332193721076675,0.22367701869202117
-0.8824258830225837,-1.5914218806734148,0.007714156056559874,-0.18281190252069163,-0.5612886494433523,-0.10834964996552017,-0.5479912678491009,0.7433041887786489,1.242634917224448,-0.9681758275044712,1.0971930327231774,-2.2071541622285005,-2.256887076024146,1.233714008373187,0.20629493183756564,-0.005487212157749094,-0.5138977510002084,2.330774753627501,0.16745842024672955,1.7813641288170972,-4.327008984154982,-0.48340223614136474,-1.455262386295613,-0.712917016468316,-0.13054828031172316,-1.3656173694025708,-1.9375811511804713,-0.4219850728575459,-0.5937086667897978,-1.3994898032304408,-1.3672570186568356,-0.7041257469022842,-0.18394122768855029,0.23581658147733822,-0.14382204597156734,-0.9408229755537256,1.9162528485545494,0.9949423654054645,0.7490196169205003,1.584572141799224,-0.20680197722914462,-1.4291252202594946,0.9872912098152726,0.09460408775105107
-0.2998441281328869,1.3893541754024,1.0292867304798259,-0.15874844651814407,0.15757684391160512,-0.8353485668379205,0.9522937544424621,-0.8706136938278134,-0.9681758275044712,1.369258736648525,-1.0577187221929403,0.9502594570185553,3.0991033334939693,-1.224659202347764,-0.4477138500853638,-0.746168616951571,0.3824073208687423,-1.8149772869986793,0.7011521187230833,-1.112347511131982,4.4394694923386515,0.9436561006197143,0.9827235002615945,0.7177733406036915,0.4376023721348124,0.9978790658541599,2.465098903375789,0.3042498663376534,0.8255133954938936,1.1921841543001193,0.8283564360696708,1.220025809834365,-0.2006862971931321,0.908987971650285,0.26703794006240256,1.8636027372192796,-0.9117001824493268,-0.8280905580569317,0.4260854549559957,-1.8969789022335104,0.4348737522950223,0.31668999252828034,-1.863427257013967,-0.4132412103089702
-0.4588032418763561,-1.4710494439607629,-0.3430281158170211,-0.05695437949380942,-0.4078625135565668,0.1989355456225923,-0.6402895632838222,0.7489129941967926,1.0971930327231774,-1.0577187221929403,1.0526371009602624,-1.6734279952710394,-2.4297133701109783,1.177072408221275,0.2780147088803572,0.274905966775771,-0.43504167162829116,2.0724511471769897,-0.10808428674169643,1.5432393436371459,-4.170646794654957,-0.5928499113254977,-1.2523297885122546,-0.682837170382385,-0.2466009038749201,-1.205098724890464,-2.0292538536063045,-0.35796396850784956,-0.6300556753672119,-1.2604437272359388,-1.1355955028384532,-0.8596457629540374,-0.07868893867075064,-0.15512330977177016,-0.20294476063666117,-1.2396741735050871,1.474954890702055,0.8970248295264288,0.33857952485892506,1.6134904084041868,-0.275464272041324,-0.9991800614612103,1.2407349621430646,0.18783216434274844
2.8391448914497954,2.6102668327983953,-1.357871547789644,0.7354222117146298,1.3430402078939137,1.3788798845514458,0.3192240886530788,-0.9436406889177135,-2.2071541622285005,0.9502594570185553,-1.6734279952710394,4.948086247156228,2.285962857580001,-1.848384415714011,0.001415424823132499,1.0052791239524712,0.9527276519722673,-4.137630193036809,-1.359283204357167,-3.4635137725807756,6.337487774166287,0.15904645395265748,2.75925994592876,1.0783594256010967,-0.21736319261076595,2.5178395093856625,2.2108589200995405,0.814125187113535,0.6199607009538719,2.3804953806295637,2.706520524355619,0.3843174015072243,0.7548956448169576,-1.8301805793350359,0.0013564486939902523,0.18612269532091497,-4.196114145433674,-1.6729294284483136,-2.6268873631290974,-1.9749264221519856,0.026281662463859,3.5801363188864337,-0.3349620354620135,0.26194617275839344
-0.6264154592313347,3.1680310525121294,2.3626206490866712,-0.3842940880491269,0.3801206301180111,-1.9235422970665992,2.2208700935214916,-2.0295857485013302,-2.256887076024146,3.0991033334939693,-2.4297133701109783,2.285962857580001,7.152571907323868,-2.810069144381764,-0.9886935147438239,-1.659308840714879,0.914766606623902,-4.143161827915698,1.5999708811574482,-2.4787503876912163,10.22876447840884,2.19241475458332,2.32584860604918,1.5449287671423537,0.9285098249686147,2.2091302026163264,5.66488801330864,0.647854352030041,1.9104505940546246,2.712303155102409,2.002639329376773,2.7641382843433333,-0.49814061239352186,2.034812634507588,0.634890911414807,4.189262492152513,-2.1322581936552725,-1.9701005961267808,0.9895909299952971,-4.315570767903202,0.9958071435595753,0.7599207854315407,-4.2536674053033465,-0.9283705172898401
-0.44450267417721906,-1.6695897332115206,-0.42119659410417176,-0.05231866383022311,-0.44718398232904927,0.28330454669048516,-0.7544982645249221,0.860376720335977,1.233714008373187,-1.224659202347764,1.177072408221275,-1.848384415714011,-2.810069144381764,1.3511121741304055,0.33905347618710857,0.31325492661288173,-0.49439427628698374,2.3339262729544017,-0.1958384674534101,1.6780459220822854,-4.750927336077513,-0.7087724160637036,-1.366625724325788,-0.806094614155481,-0.2905027848820769,-1.3437250491181436,-2.335967168943799,-0.41197782311386616,-0.7281525440046073,-1.4452415200721496,-1.250290986538136,-0.9812867164932884,-0.03295804809922792,-0.2376651686211322,-0.21814076258312576,-1.4304743951145158,1.6589408605830331,1.0156599860104878,0.32822662617489123,1.875165609640999,-0.3086700427506149,-1.076848289952988,1.453569800591801,0.24723287179435444
0.317287350218986,-0.35908581345840007,-0.461966771220622,0.10676430441367252,0.026728615528579337,0.4020022445212001,-0.3188524983753527,0.25515053485285977,0.20629493183756564,-0.4477138500853638,0.2780147088803572,0.001415424823132499,-0.9886935147438239,0.33905347618710857,0.17860137740727222,0.34501605228063514,-0.06856459310279708,0.40916524114071273,-0.3602540825424907,0.20020136281979614,-1.2121285210761397,-0.32841613984871004,-0.15868536483598042,-0.22487433093451653,-0.19563367495031242,-0.2172326768194451,-0.7668004616162505,-0.06555245069230416,-0.250812026217638,-0.293684467071139,-0.10958339067114936,-0.42434550614977445,0.12739924809797304,-0.46960691295228346,-0.10195765247286352,-0.6937285874909664,0.05613790848735955,0.19157448104616773,-0.3232828589332065,0.5884847285532833,-0.1487320023397252,0.12922026897910155,0.6745389170267952,0.18007601969785725
1.221213275297348,-0.18641553845428638,-1.3246447676443989,0.39875891993137463,0.34745424525862556,1.1435346962863677,-0.6347447344137842,0.3596158661617748,-0.005487212157749094,-0.746168616951571,0.274905966775771,1.0052791239524712,-1.659308840714879,0.31325492661288173,0.34501605228063514,0.9940509125371492,0.04138232397288317,-0.01560700081132295,-1.0060173708906948,-0.2774210632555933,-1.2933366728719593,-0.6753554472203687,0.14755069651034194,-0.15259476042290915,-0.43352426386317294,0.08968081943531395,-1.1831010510010247,0.06793500523060364,-0.4298320653950925,-0.07872866740038109,0.2687600912466328,-0.8583809716070254,0.38572503134845454,-1.365868903232653,-0.24917438135614176,-1.4515257607535752,-0.7982256658545253,0.07655180756286858,-1.2682680587482373,0.7851026963170299,-0.34948473725859397,1.0116434941732004,1.3706140688389143,0.4013097651589437
0.3866438696876631,0.6225748099263626,-0.017726270834228165,0.08146365301146703,0.2281454816888612,0.051356869561598385,0.2397836801435025,-0.3072759049938804,-0.5138977510002084,0.3824073208687423,-0.43504167162829116,0.9527276519722673,0.914766606623902,-0.49439427628698374,-0.06856459310279708,0.04138232397288317,0.22883534804413566,-0.9327006919048406,-0.07421222469332821,-0.669812530210827,1.7659470622637707,0.21413602261235418,0.6032663242161038,0.26282469624829485,0.01582831742742113,0.5290215280014425,0.7762444086155997,0.17038321658088856,0.25859472254286026,0.5692625594459771,0.5750603564311911,0.2655711387354278,0.057843660683380996,-0.12496740421396572,0.03665850657826105,0.32578572930643357,-0.8150810314198282,-0.41162902995485706,-0.30614645363517595,-0.6278867591040316,0.0860920352580423,0.6037330890150924,-0.3761087470722595,-0.031832286423087344
-1.6943263376302107,-3.0582934546139184,0.10308654928170365,-0.37604289304378336,-1.0875813801703853,-0.28306912941393975,-0.9491502009749492,1.3625482559068025,2.330774753627501,-1.8149772869986793,2.0724511471769897,-4.137630193036809,-4.143161827915698,2.3339262729544017,0.40916524114071273,-0.01560700081132295,-0.9327006919048406,4.460735932083703,0.3731065608941143,3.5094440205607333,-8.084682488760881,-0.8279568127005013,-2.7147371237806763,-1.4374162592714788,-0.3043143738875805,-2.6724317390203596,-3.6016297124049754,-0.831918607022506,-1.0572034796975711,-2.6673257109429525,-2.5397100110714264,-1.3095519105680868,-0.4096811534520627,0.48526314149245425,-0.2750893723851394,-1.792075232081491,3.6356471168717865,1.8449494812675742,1.5253236089227293,2.9971757396538714,-0.3564660528592143,-2.7407022648125405,1.8167686287305322,0.17301177683863841
-1.5185346641733883,-0.03983087590128675,1.4630249427845974,-0.4680493438844636,-0.4697570632638938,-1.343356441429446,0.6955572759170343,-0.3263080762182094,0.16745842024672955,0.7011521187230833,-0.10808428674169643,-1.359283204357167,1.5999708811574482,-0.1958384674534101,-0.3602540825424907,-1.0060173708906948,-0.07421222469332821,0.3731065608941143,1.2320049988497759,0.7542877988718631,0.8899466095330573,0.7642250004315876,-0.4191989139271992,0.07550153702919526,0.40330134235385323,-0.3672316230195812,1.074220287084136,-0.12557024187120414,0.437990458892796,-0.06744326586087955,-0.4903878727153298,0.808303947009152,-0.5764463714731507,1.5657639453326109,0.19888457900241388,1.3895415755315386,1.0718645410738177,0.026513135160414737,1.5640519747864154,-0.6968804504077765,0.3449327558663856,-1.337934306907617,-1.3949571128962521,-0.47122110570842524
-1.7878503432242707,-2.3565587356668165,0.5913084036512182,-0.44030084345670967,-0.9902314885003174,-0.716160843032811,-0.39257964308066495,0.8758518640535787,1.7813641288170972,-1.112347511131982,1.5432393436371459,-3.4635137725807756,-2.4787503876912163,1.6780459220822854,0.20020136281979614,-0.2774210632555933,-0.669812530210827,3.5094440205607333,0.7542877988718631,3.0747376267526305,-5.670831074582755,-0.27065473615017177,-2.176345108421219,-1.0973683169132764,-0.17091937473497157,-2.2083926307878325,-2.3016919441965826,-0.6660511360207199,-0.5758487871975418,-2.0029012114437243,-2.0422271220169033,-0.7316365947626201,-0.5928876521501167,0.8931681167977163,-0.19525854973935589,-0.9624817019845422,3.0151068602445417,1.3659353826423895,1.735763766510365,1.9961510374138314,-0.1367974085785127,-2.5041939156405477,0.8834998383199624,-0.04550585176501201
1.3346291685481049,5.783145975223047,1.8093168281862049,0.09518591105430611,1.4582567590551232,-1.2566163442462723,2.847478738506357,-3.1086350392464297,-4.327008984154982,4.4394694923386515,-4.170646794654957,6.337487774166287,10.22876447840884,-4.750927336077513,-1.2121285210761397,-1.2933366728719593,1.7659470622637707,-8.084682488760881,0.8899466095330573,-5.670831074582755,16.93613996435338,2.6948763177427035,4.808985078441938,2.7299265729509155,1.0228528690983483,4.598873278163115,8.425865239028587,1.4067619146998376,2.712737868690255,5.033663656229628,4.360709658505727,3.6246446873853047,0.01643602829943431,1.1014475831440065,0.7789750633192392,5.241784827514781,-5.63881943505507,-3.5707349962517982,-0.8063782587191267,-6.6650897675016365,1.2041496718329474,3.5621360537070905,-5.3609143412684235,-0.9238775521484875
-0.6058875609052082,0.6937401224638043,1.0171166879854183,-0.2324392868861654,-0.06768379978605071,-0.87811178180712,0.7689672802925199,-0.5868727979475673,-0.48340223614136474,0.9436561006197143,-0.5928499113254977,0.15904645395265748,2.19241475458332,-0.7087724160637036,-0.32841613984871004,-0.6753554472203687,0.21413602261235418,-0.8279568127005013,0.7642250004315876,-0.27065473615017177,2.6948763177427035,0.7857519693143328,0.42558901073605593,0.34996872167101906,0.3037726686266633,0.3686586499123745,1.6623509070881013,0.11166196812358657,0.6152526259941214,0.6112459254660152,0.3298880551621902,0.8914676915265406,-0.3182435313180999,0.9522710321574039,0.1841270976173276,1.3688981230040005,-0.189620028882181,-0.45574582378480755,0.7420883497754164,-1.2140032971762127,0.3537569896942719,-0.22972522072417545,-1.4202234445548743,-0.3602202179139684
1.2840450374812036,1.811661924685054,-0.22446705144139575,0.27621706555511694,0.7163351969661104,0.3480011068972669,0.5181713970462682,-0.8011132222683571,-1.455262386295613,0.9827235002615945,-1.2523297885122546,2.75925994592876,2.32584860604918,-1.366625724325788,-0.15868536483598042,0.14755069651034194,0.6032663242161038,-2.7147371237806763,-0.4191989139271992,-2.176345108421219,4.808985078441938,0.42558901073605593,1.7779173814671765,0.7517589466430419,0.07013275820348151,1.6080480764740284,2.039987967786169,0.4814352044002221,0.6137266604297891,1.583772547003652,1.676933268784275,0.6863563479388117,0.32828834507645327,-0.5381386226536023,0.15233803997373238,0.8524761175612473,-2.3436398163021455,-1.152432587340505,-1.1021719038298532,-1.6662569703259684,0.1955820754316082,1.8595893720367418,-0.8981370354820445,-0.011203666175368806
0.28266219395469594,1.0340913346712772,0.14679106310266138,0.07130917108474533,0.28916676467527125,-0.09301085736088216,0.3705969390668878,-0.46840230499726554,-0.712917016468316,0.7177733406036915,-0.682837170382385,1.0783594256010967,1.5449287671423537,-0.806094614155481,-0.22487433093451653,-0.15259476042290915,0.26282469624829485,-1.4374162592714788,0.07550153702919526,-1.0973683169132764,2.7299265729509155,0.34996872167101906,0.7517589466430419,0.5867115987050682,0.22075259659231908,0.8850062713273928,1.3234502858001964,0.2942386285516252,0.3770188641966696,0.8970531974170319,0.6813739191148359,0.5484540361929164,0.05929511426915214,0.10088858677753373,0.10556745173051577,0.8381697263295184,-1.0263491958410522,-0.5594778320028586,-0.3043275262789592,-1.1279273592897878,0.14487219223852968,0.6818328586279113,-0.8072063925299766,-0.1509083105974853
-0.4339356217389053,0.3082548867828799,0.5288887942991312,-0.13743457966742842,-0.07002998687217936,-0.4519429175073561,0.2910236650782341,-0.22106796690284355,-0.13054828031172316,0.4376023721348124,-0.2466009038749201,-0.21736319261076595,0.9285098249686147,-0.2905027848820769,-0.19563367495031242,-0.43352426386317294,0.01582831742742113,-0.3043143738875805,0.40330134235385323,-0.17091937473497157,1.0228528690983483,0.3037726686266633,0.07013275820348151,0.22075259659231908,0.24908439566037632,0.17827274110522742,0.718571604416305,0.043242894393719124,0.21607778656852594,0.2195329665405086,0.006275500477062598,0.4472683811347736,-0.12061448876260951,0.5618630741701311,0.1292269742445742,0.7667720536895383,0.11893557174459385,-0.1297291078462794,0.40747943131934267,-0.5469442582367858,0.15224155558862656,-0.263259985607282,-0.6991355162272118,-0.19274878087263417
1.1421706795462352,1.8142168274708927,-0.23353696062220944,0.28244089114991866,0.6867084530416505,0.3326107007441904,0.44510137550157153,-0.7407265428362,-1.3656173694025708,0.9978790658541599,-1.205098724890464,2.5178395093856625,2.2091302026163264,-1.3437250491181436,-0.2172326768194451,0.08968081943531395,0.5290215280014425,-2.6724317390203596,-0.3672316230195812,-2.2083926307878325,4.598873278163115,0.3686586499123745,1.6080480764740284,0.8850062713273928,0.17827274110522742,1.6566261876694657,1.9759427529783806,0.5231394333947181,0.5488467390777293,1.5767643802758955,1.4961221443459156,0.6926251808898506,0.3387187404841987,-0.4432158889197576,0.13942697881601096,0.9421251978923554,-2.2232836862398155,-1.0498964171784908,-1.0909330600568383,-1.6885543201095254,0.16694983000820088,1.745168166281317,-0.9114747570252075,-0.05265869931575577
-0.19888583404798224,2.7056782752241713,1.6530308188129825,-0.21467945695993343,0.4317597412958567,-1.3145024728767893,1.699800131018431,-1.632556637113336,-1.9375811511804713,2.465098903375789,-2.0292538536063045,2.2108589200995405,5.66488801330864,-2.335967168943799,-0.7668004616162505,-1.1831010510010247,0.7762444086155997,-3.6016297124049754,1.074220287084136,-2.3016919441965826,8.425865239028587,1.6623509070881013,2.039987967786169,1.3234502858001964,0.718571604416305,1.9759427529783806,4.540537756627971,0.5866221416716505,1.4986657230457148,2.317310079040536,1.7816870994223828,2.155051986607146,-0.2812258785367424,1.3739206505230974,0.4948107192178128,3.2484295682168365,-2.038218577233845,-1.6603729351851189,0.4654880864039708,-3.5036143699087914,0.75464961499666106,0.9406590244521834,-3.2824784251413437,-0.6842176645235379
0.3741525734634693,0.5541555120211795,-0.11341471759621387,0.10791252414919268,0.2163268728836531,0.12840232635170007,0.13093012863991846,-0.22007599295683705,-0.4219850728575459,0.3042498663376534,-0.35796396850784956,0.814125187113535,0.647854352030041,-0.41197782311386616,-0.06555245069230416,0.06793500523060364,0.17038321658088856,-0.831918607022506,-0.12557024187120414,-0.6660511360207199,1.4067619146998376,0.11166196812358657,0.4814352044002221,0.2942386285516252,0.043242894393719124,0.5231394333947181,0.5866221416716505,0.18314487008215002,0.17115320721302824,0.5055766891285294,0.4500993317575294,0.1911592403748488,0.1015117546528397,-0.16605800644658167,0.011018934686202035,0.24774997483400926,-0.7314369605599662,-0.311110106077195,-0.3688608961245552,-0.5207733614538579,0.043775917129614414,0.5684451970644525,-0.24934358937163784,-0.015857828289226113
-0.17285803377996256,0.7944591901712347,0.6489229109309098,-0.10139401873444497,0.0802046408867391,-0.5284459557298673,0.620200670487145,-0.5425130500789785,-0.5937086667897978,0.8255133954938936,-0.6300556753672119,0.6199607009538719,1.9104505940546246,-0.7281525440046073,-0.250812026217638,-0.4298320653950925,0.25859472254286026,-1.0572034796975711,0.437990458892796,-0.5758487871975418,2.712737868690255,0.6152526259941214,0.6137266604297891,0.3770188641966696,0.21607778656852594,0.5488467390777293,1.4986657230457148,0.17115320721302824,0.5378659064240437,0.7070332489912846,0.5244549383949507,0.7332893597686672,-0.15215293415106082,0.5448497442268151,0.1411419099885863,1.0809660475050435,-0.5635423300456345,-0.5112925921309883,0.301981638381153,-1.1271063584877852,0.2810384354199813,0.18900908660450252,-1.1240469070858217,-0.2451942057576038
0.8488766373602917,1.8478520853508358,0.09512553706935221,0.18340745787915455,0.6041627025424243,0.011192463472953827,0.6713453534507474,-0.8695250210798604,-1.3994898032304408,1.1921841543001193,-1.2604437272359388,2.3804953806295637,2.712303155102409,-1.4452415200721496,-0.293684467071139,-0.07872866740038109,0.5692625594459771,-2.6673257109429525,-0.06744326586087955,-2.0029012114437243,5.033663656229628,0.6112459254660152,1.583772547003652,0.8970531974170319,0.2195329665405086,1.5767643802758955,2.317310079040536,0.5055766891285294,0.7070332489912846,1.6321993673539377,1.476656424814261,0.8790630260824265,0.1584029016697789,-0.11438958661725143,0.16340985648196413,1.2259041048423929,-2.1173649601136946,-1.1144872919944222,-0.7436189930566333,-1.9174179244285667,0.25482460168053184,1.5167702799413718,-1.2627665705867566,-0.1692649974310093
1.3358823126719055,1.6783341333021942,-0.36369509435595077,0.29790931200217863,0.7154862010901147,0.44436931265871465,0.4202476575459351,-0.7169437816175661,-1.3672570186568356,0.8283564360696708,-1.1355955028384532,2.706520524355619,2.002639329376773,-1.250290986538136,-0.10958339067114936,0.2687600912466328,0.5750603564311911,-2.5397100110714264,-0.4903878727153298,-2.0422271220169033,4.360709658505727,0.3298880551621902,1.676933268784275,0.6813739191148359,0.006275500477062598,1.4961221443459156,1.7816870994223828,0.4500993317575294,0.5244549383949507,1.476656424814261,1.611705483857989,0.5321994720043327,0.327173659317251,-0.6580101882975179,0.11784827554367623,0.6172454609316348,-2.2947243285055112,-1.0865798788635805,-1.169557523483898,-1.4772710502301647,0.1350868224590897,1.8517909624607871,-0.6879068140313253,0.029004703154114343
-0.5834171141865341,1.0619382707709915,1.1647390473456347,-0.2422391284850694,0.007074332044531014,-0.9568700790118617,0.8880762969767461,-0.7447902563571682,-0.7041257469022842,1.220025809834365,-0.8596457629540374,0.3843174015072243,2.7641382843433333,-0.9812867164932884,-0.42434550614977445,-0.8583809716070254,0.2655711387354278,-1.3095519105680868,0.808303947009152,-0.7316365947626201,3.6246446873853047,0.8914676915265406,0.6863563479388117,0.5484540361929164,0.4472683811347736,0.6926251808898506,2.155051986607146,0.1911592403748488,0.7332893597686672,0.8790630260824265,0.5321994720043327,1.1561489094038266,-0.25422905579419713,1.076278921476932,0.28019822853871773,1.8035875870696199,-0.4061130154969872,-0.6295149473001965,0.7033158079757745,-1.6071791307507184,0.42933037651892075,-0.07906498245250915,-1.7748790738645597,-0.4156805851163522
0.7404856753629742,0.19270690281364383,-0.6276420808003956,0.22169210375164758,0.25801298211682666,0.6102556706925634,-0.2787358952453212,0.083816623469509,-0.18394122768855029,-0.2006862971931321,-0.07868893867075064,0.7548956448169576,-0.49814061239352186,-0.03295804809922792,0.12739924809797304,0.38572503134845454,0.057843660683380996,-0.4096811534520627,-0.5764463714731507,-0.5928876521501167,0.01643602829943431,-0.3182435313180999,0.32828834507645327,0.05929511426915214,-0.12061448876260951,0.3387187404841987,-0.2812258785367424,0.1015117546528397,-0.15215293415106082,0.1584029016697789,0.327173659317251,-0.25422905579419713,0.31769173238746923,-0.6907501870658418,-0.05067526015225324,-0.4504919816727096,-0.6116816322004753,-0.08868422256643081,-0.7694434050847667,0.14939572823426747,-0.12458131780023488,0.7144952750795107,0.49938508938838655,0.20229293193490713
-1.9746852101305743,-0.048153522370628365,1.9137108689130304,-0.610544791472851,-0.6155445710098121,-1.7252955876216245,0.86825525380398,-0.4033874329326006,0.23581658147733822,0.908987971650285,-0.15512330977177016,-1.8301805793350359,2.034812634507588,-0.2376651686211322,-0.46960691295228346,-1.365868903232653,-0.12496740421396572,0.48526314149245425,1.5657639453326109,0.8931681167977163,1.1014475831440065,0.9522710321574039,-0.5381386226536023,0.10088858677753373,0.5618630741701311,-0.4432158889197576,1.3739206505230974,-0.16605800644658167,0.5448497442268151,-0.11438958661725143,-0.6580101882975179,1.076278921476932,-0.6907501870658418,2.0424467015842342,0.2848111490678,1.8599577244478,1.4550135704732394,0.060718423181707525,2.020205359673463,-0.8805579879826774,0.45586537049112813,-1.7514366715123737,-1.811427592788579,-0.59760909978749
-0.1726379634491427,0.24860076953515997,0.3062905259956605,-0.08467650938979629,-0.0019948760618113165,-0.24534971213024218,0.18852502330534793,-0.16823063025392973,-0.14382204597156734,0.26703794006240256,-0.20294476063666117,0.0013564486939902523,0.634890911414807,-0.21814076258312576,-0.10195765247286352,-0.24917438135614176,0.03665850657826105,-0.2750893723851394,0.19888457900241388,-0.19525854973935589,0.7789750633192392,0.1841270976173276,0.15233803997373238,0.10556745173051577,0.1292269742445742,0.13942697881601096,0.4948107192178128,0.011018934686202035,0.1411419099885863,0.16340985648196413,0.11784827554367623,0.28019822853871773,-0.05067526015225324,0.2848111490678,0.11435311241613248,0.4649230557018972,-0.009859269279666887,-0.1512435068451919,0.19376456422148794,-0.35418195871516467,0.09524015667970315,-0.07199066836400993,-0.43339997363575583,-0.0960305698760975
-1.1621162080575982,1.5272864640575325,1.9313379472251773,-0.44095927596325357,-0.07728367332528276,-1.6149758274480122,1.3507058007605748,-1.0995724496260466,-0.9408229755537256,1.8636027372192796,-1.2396741735050871,0.18612269532091497,4.189262492152513,-1.4304743951145158,-0.6937285874909664,-1.4515257607535752,0.32578572930643357,-1.792075232081491,1.3895415755315386,-0.9624817019845422,5.241784827514781,1.3688981230040005,0.8524761175612473,0.8381697263295184,0.7667720536895383,0.9421251978923554,3.2484295682168365,0.24774997483400926,1.0809660475050435,1.2259041048423929,0.6172454609316348,1.8035875870696199,-0.4504919816727096,1.8599577244478,0.4649230557018972,2.8848612375050364,-0.31196122670556864,-0.8688607194609652,1.2872876367288808,-2.4230210416430302,0.6583651938389532,-0.4072140188445122,-2.799379034126761,-0.6899839324785747
-2.3342652714835888,-2.3249914693153007,1.091947774224317,-0.6162642024049556,-1.1457090617106704,-1.1002306624621747,-0.3184783369899013,0.846861666027729,1.9162528485545494,-0.9117001824493268,1.474954890702055,-4.196114145433674,-2.1322581936552725,1.6589408605830331,0.05613790848735955,-0.7982256658545253,-0.8150810314198282,3.6356471168717865,1.0718645410738177,3.0151068602445417,-5.63881943505507,-0.189620028882181,-2.3436398163021455,-1.0263491958410522,0.11893557174459385,-2.2232836862398155,-2.038218577233845,-0.7314369605599662,-0.5635423300456345,-2.1173649601136946,-2.2947243285055112,-0.4061130154969872,-0.6116816322004753,1.4550135704732394,-0.009859269279666887,-0.31196122670556864,3.6061536972801305,1.4516859017332548,2.198514756880781,1.8357343839975055,-0.035631987005879516,-3.024470691376944,0.4249320756500476,-0.16993867503894658
-0.5879546211992627,-1.2846615704053035,-0.12288266192829927,-0.09626545245501279,-0.42003983723163807,0.03444643672520293,-0.504872849559215,0.6358166656938119,0.9949423654054645,-0.8280905580569317,0.8970248295264288,-1.6729294284483136,-1.9701005961267808,1.0156599860104878,0.19157448104616773,0.07655180756286858,-0.41162902995485706,1.8449494812675742,0.026513135160414737,1.3659353826423895,-3.5707349962517982,-0.45574582378480755,-1.152432587340505,-0.5594778320028586,-0.1297291078462794,-1.0498964171784908,-1.6603729351851189,-0.311110106077195,-0.5112925921309883,-1.1144872919944222,-1.0865798788635805,-0.6295149473001965,-0.08868422256643081,0.060718423181707525,-0.1512435068451919,-0.8688607194609652,1.4516859017332548,0.8229531905407662,0.4654969749750679,1.3324202723118852,-0.19116622295683056,-1.0369742980441852,0.9178287850363986,0.11438040142667495
-2.2299160498288324,-0.7947175457859335,1.8487852723311433,-0.6692392070500737,-0.841017900395496,-1.7062663675229992,0.6375305248819533,-0.08114465590539802,0.7490196169205003,0.4260854549559957,0.33857952485892506,-2.6268873631290974,0.9895909299952971,0.32822662617489123,-0.3232828589332065,-1.2682680587482373,-0.30614645363517595,1.5253236089227293,1.5640519747864154,1.735763766510365,-0.8063782587191267,0.7420883497754164,-1.1021719038298532,-0.3043275262789592,0.40747943131934267,-1.0909330600568383,0.4654880864039708,-0.3688608961245552,0.301981638381153,-0.7436189930566333,-1.169557523483898,0.7033158079757745,-0.7694434050847667,2.020205359673463,0.19376456422148794,1.2872876367288808,2.198514756880781,0.4654969749750679,2.291283627272777,-0.10831342966105759,0.3629787702510997,-2.2779473814813676,-1.2770990076135722,-0.5123220502177859
-0.04816071377041422,-2.2235417742728396,-1.0780489076459083,0.08863400783045332,-0.4288533219824326,0.8499077792022456,-1.24787914215135,1.260015795625237,1.584572141799224,-1.8969789022335104,1.6134904084041868,-1.9749264221519856,-4.315570767903202,1.875165609640999,0.5884847285532833,0.7851026963170299,-0.6278867591040316,2.9971757396538714,-0.6968804504077765,1.9961510374138314,-6.6650897675016365,-1.2140032971762127,-1.6662569703259684,-1.1279273592897878,-0.5469442582367858,-1.6885543201095254,-3.5036143699087914,-0.5207733614538579,-1.1271063584877852,-1.9174179244285667,-1.4772710502301647,-1.6071791307507184,0.14939572823426747,-0.8805579879826774,-0.35418195871516467,-2.4230210416430302,1.8357343839975055,1.3324202723118852,-0.10831342966105759,2.7635450128297383,-0.5370527651487684,-0.9653297532465113,2.441505857875326,0.5006936071736661
-0.29373759187496684,0.3010404351175758,0.4957886306867799,-0.11396480141893368,-0.04536614103879858,-0.40966435838718135,0.3482368779967932,-0.26128279303041246,-0.20680197722914462,0.4348737522950223,-0.275464272041324,0.026281662463859,0.9958071435595753,-0.3086700427506149,-0.1487320023397252,-0.34948473725859397,0.0860920352580423,-0.3564660528592143,0.3449327558663856,-0.1367974085785127,1.2041496718329474,0.3537569896942719,0.1955820754316082,0.14487219223852968,0.15224155558862656,0.16694983000820088,0.75464961499666106,0.043775917129614414,0.2810384354199813,0.25482460168053184,0.1350868224590897,0.42933037651892075,-0.12458131780023488,0.45586537049112813,0.09524015667970315,0.6583651938389532,-0.035631987005879516,-0.19116622295683056,0.3629787702510997,-0.5370527651487684,0.1751910421084537,-0.13132390113001807,-0.6595099175632606,-0.15894615072046625
2.355154410065577,1.6627149399204264,-1.4413895301023354,0.6483264070019136,1.0272924079583834,1.402684930013642,-0.10465584896359639,-0.4449428109914043,-1.4291252202594946,0.31668999252828034,-0.9991800614612103,3.5801363188864337,0.7599207854315407,-1.076848289952988,0.12922026897910155,1.0116434941732004,0.6037330890150924,-2.7407022648125405,-1.337934306907617,-2.5041939156405477,3.5621360537070905,-0.22972522072417545,1.8595893720367418,0.6818328586279113,-0.263259985607282,1.745168166281317,0.9406590244521834,0.5684451970644525,0.18900908660450252,1.5167702799413718,1.8517909624607871,-0.07906498245250915,0.7144952750795107,-1.7514366715123737,-0.07199066836400993,-0.4072140188445122,-3.024470691376944,-1.0369742980441852,-2.2779473814813676,-0.9653297532465113,-0.13132390113001807,2.753435978502331,0.3436188540382099,0.3443156429367795
1.1048660315966186,-1.5260266214190983,-1.9067846949287517,0.4309898186614938,0.061058049065667815,1.614609451925555,-1.4008622377875986,1.1332193721076675,0.9872912098152726,-1.863427257013967,1.2407349621430646,-0.3349620354620135,-4.2536674053033465,1.453569800591801,0.6745389170267952,1.3706140688389143,-0.3761087470722595,1.8167686287305322,-1.3949571128962521,0.8834998383199624,-5.3609143412684235,-1.4202234445548743,-0.8981370354820445,-0.8072063925299766,-0.6991355162272118,-0.9114747570252075,-3.2824784251413437,-0.24934358937163784,-1.1240469070858217,-1.2627665705867566,-0.6879068140313253,-1.7748790738645597,0.49938508938838655,-1.811427592788579,-0.43339997363575583,-2.799379034126761,0.4249320756500476,0.9178287850363986,-1.2770990076135722,2.441505857875326,-0.6595099175632606,0.3436188540382099,2.7860896581530783,0.6890574690882715
0.4966048004598582,-0.2081456949217135,-0.5720116111492496,0.1578466407580136,0.1102533860757582,0.5166746787812118,-0.3396539038187561,0.22367701869202117,0.09460408775105107,-0.4132412103089702,0.18783216434274844,0.26194617275839344,-0.9283705172898401,0.24723287179435444,0.18007601969785725,0.4013097651589437,-0.031832286423087344,0.17301177683863841,-0.47122110570842524,-0.04550585176501201,-0.9238775521484875,-0.3602202179139684,-0.011203666175368806,-0.1509083105974853,-0.19274878087263417,-0.05265869931575577,-0.6842176645235379,-0.015857828289226113,-0.2451942057576038,-0.1692649974310093,0.029004703154114343,-0.4156805851163522,0.20229293193490713,-0.59760909978749,-0.0960305698760975,-0.6899839324785747,-0.16993867503894658,0.11438040142667495,-0.5123220502177859,0.5006936071736661,-0.15894615072046625,0.3443156429367795,0.6890574690882715,0.20619741074629902
