V1,V2,V3,V4,V5,V6,V7,V8,V9,V10,V11,V12,V13,V14,V15,V16,V17,V18,V19,V20,V21,V22,V23,V24,V25,V26,V27,V28,V29,V30,V31,V32,V33,V34,V35,V36,V37,V38,V39,V40,V41,V42,V43,V44
3.011732341972659,-2.4343929653932537,-0.7934411586537172,-2.8260776887665653,-4.499640391429293,1.0631272621952221,-8.04483619987578,1.2566160217580231,2.584940797289342,-5.135183906374561,-4.901910525723308,-0.2305463879799592,-3.3303608796835174,-3.907469017944345,2.0204675410236126,3.6709005889256563,-0.8170980077297182,4.987659471504712,0.5972186971171269,-0.1693176323177441,1.3403087251512058,2.90406346787139,-5.2073802601923775,1.36843395188501,-2.8960175181250176,-1.006893504389605,3.800071604870139,-2.8811166508220336,0.8372409166930069,0.7149480824766309,0.1530961919497705,1.3756404034226488,1.213966363725522,-1.7299932317004363,-0.8405120937650032,-11.264979155641353,-0.2966528270546685,-3.931481583094063,1.3344825856629832,-3.046738971457894,3.32225501938122,1.6220151607666788,4.031152841081552,0.5990451862490851
-2.4343929653932537,2.777544899476052,0.9034363089177232,2.348686273571628,3.979564081797869,-1.1012334856665988,7.098580699609282,-1.4409789701016895,-2.6874954102306634,4.786836419953099,3.642664739200784,0.8857050525144479,4.0433496289400095,2.7003364285680638,-1.8474208519632314,-3.211722025873265,0.8738543217853666,-5.112153568364203,-0.30492828768533387,-0.47340634545902355,0.8283455339904522,-2.0958463642173872,4.883680229014998,-0.8239507665290481,2.5504329018984584,1.321072122303456,-2.170459135198013,2.5337840253055406,-0.4319594280989446,-0.016004747284861478,0.4059314671539976,-0.7538227717924856,-1.0861211629723486,1.6147746063656967,0.8339785055105152,10.088964705707419,-0.37010466876522236,2.8410109398741525,-1.1740052169437392,1.7301581174517735,-2.6886802764808015,-0.9910462459475389,-4.04419022763883,-0.6432751447611725
-0.7934411586537172,0.9034363089177232,0.4295618556933434,0.7387724325452968,1.1607095610633984,-0.3567580397212892,2.2940917865259074,-0.41362168838667324,-0.8981678978872801,1.6236323063569589,1.1075160696717306,0.2852300116937113,1.399563359773652,0.7036911946964206,-0.6225136759020394,-1.1028434494101618,0.3040153186854281,-1.7188303579547157,-0.11509590961221147,-0.22769738473205703,0.5189579080633979,-0.6668704078680882,1.60754586710594,-0.16602524832978807,0.8349504070705865,0.5262342133430656,-0.6155621693265976,0.823252732762732,-0.03337362849285758,0.0016314343455758125,0.11084913672541796,-0.13481234015354676,-0.26689859603990534,0.51287716976351,0.23116959731910489,3.282726188090971,-0.1584402430957318,0.9100917546621937,-0.31717479034891843,0.47408793804440685,-0.8143551492752081,-0.3363117069817854,-1.328425338400218,-0.22057981818607428
-2.8260776887665653,2.348686273571628,0.7387724325452968,2.7729975948257146,4.367724208208636,-1.0196368434362972,7.7442474897422935,-1.2819940411470099,-2.499798855607473,4.984781059040746,4.626561830869268,0.3390012722879559,3.277474793161649,3.845321925747878,-1.9142142900738246,-3.549057165002451,0.7879992899779571,-4.816206879660727,-0.5712953458605529,0.09762430663067756,-1.136194288932583,-2.6714199801613576,5.0317233987304775,-1.3299710907352715,2.7813601933022403,1.02574526845301,-3.521659832018186,2.8324133168395527,-0.7613699125662758,-0.5858903822659328,-0.12305645027857386,-1.2299009269163645,-1.141099016478927,1.6974904096209853,0.7458068557048426,10.892369460407513,0.25869073038309176,3.814313251979066,-1.295303896183372,2.855192907068445,-3.100703571148434,-1.4320097775025131,-3.933643166640665,-0.5558119678801406
-4.499640391429293,3.979564081797869,1.1607095610633984,4.367724208208636,7.094748350821498,-1.7082338089686766,12.41528531612006,-2.176369414401871,-4.120953541196002,7.972875720576469,7.294234214513196,0.7008016219557412,5.5250573846444215,6.001151986410369,-3.081662791930582,-5.6098229155433454,1.288973560587295,-7.892743090730163,-0.8131440360614975,0.05417144795513095,-1.4379088993990632,-4.191768072781658,8.118344587170885,-2.0795621860385167,4.448249074055158,1.6617723368587813,-5.382542383392047,4.49617966520469,-1.242269777882311,-0.7958479681237838,-0.006270352667864858,-1.9646732513029936,-1.9271707424315156,2.742468068250195,1.3010520117327284,17.458794921019347,0.2518363050861741,5.873322531385797,-2.113557918501119,4.356043437689642,-5.0031937189957505,-2.208882448039487,-6.431452297481732,-0.9394929277160962
1.0631272621952221,-1.1012334856665988,-0.3567580397212892,-1.0196368434362972,-1.7082338089686766,0.4702540791586649,-3.0239387485248432,0.6042035277467148,1.090184958592392,-2.0140936088733117,-1.6100781759576295,-0.3011604450435291,-1.6171107867391028,-1.2807504672175922,0.7704531407153308,1.3807328479438519,-0.34719826682738675,2.078829093114088,0.14000131029517585,0.12764819558816504,-0.13154189096316432,0.9070979858821063,-2.0378198274144292,0.412691316912465,-1.0892868922131533,-0.5058945187555446,1.0237971776135069,-1.0947805410917815,0.21809095715758833,0.05654166243389553,-0.10760717010983056,0.35410622016601606,0.46809524749850623,-0.7080562718458431,-0.3376894394797042,-4.297298270834142,0.06811704213390331,-1.2841810527598583,0.48797902598738846,-0.8326980667795262,1.1534472518864693,0.45678468213794954,1.6956511336829634,0.26132500886465754
-8.04483619987578,7.098580699609282,2.2940917865259074,7.7442474897422935,12.41528531612006,-3.0239387485248432,22.136956011076027,-3.7637283814907447,-7.389789279013474,14.354606869445028,12.91181019880997,1.2264443275884405,9.978353422982053,10.37875842748256,-5.553963801734084,-10.116385956885534,2.3481155039532595,-14.20028296917222,-1.5081363087177957,-0.02962963035050748,-2.161045616536951,-7.509140265811347,14.538102394178996,-3.530575383078913,7.957805747271979,3.145466494820048,-9.503589261040936,8.01762730482023,-2.0309414200856226,-1.4321290441412624,-0.058060414661799765,-3.3435391020117837,-3.2851664838825427,4.862854164137571,2.27653855749088,31.15164440776514,0.3676928631433453,10.458316361560373,-3.6796545662295013,7.662004286763308,-8.837358967162627,-4.005531839693136,-11.477213110226831,-1.6905679900705204
1.2566160217580231,-1.4409789701016895,-0.41362168838667324,-1.2819940411470099,-2.176369414401871,0.6042035277467148,-3.7637283814907447,0.8547287785031259,1.3957000095796945,-2.552023354241125,-1.8804680283862654,-0.5199010521126973,-2.1677712284959445,-1.6045949707239706,0.9420411479306733,1.7172005612735186,-0.4476095016122689,2.6635316967222593,0.1469084596276418,0.2532988508475185,-0.4387646018181213,0.9972976943648175,-2.5762117917154446,0.5072809485469166,-1.353859203603341,-0.6979229138563423,1.0680126366512932,-1.4049429362379164,0.2290442302662668,-0.06659667213266535,-0.21045814688245668,0.3536458882522562,0.5869437718448768,-0.930774987201663,-0.4094484632065483,-5.393215726819659,0.1674448165226945,-1.5416578579345694,0.6297371451635857,-0.9024625324661846,1.3498611646341685,0.44259207423251273,2.2028555779158387,0.32096797965386237
2.584940797289342,-2.6874954102306634,-0.8981678978872801,-2.499798855607473,-4.120953541196002,1.090184958592392,-7.389789279013474,1.3957000095796945,2.681361064281602,-4.918205846689375,-3.972872026021648,-0.7334256085918863,-3.888368534793116,-3.0400675521397362,1.8953296045398016,3.367020489911432,-0.8636122089647583,5.107366767333243,0.39502277534812796,0.32614783021472565,-0.3034860225329013,2.294303073187569,-4.9988161274165215,0.9622135366857488,-2.654574696140998,-1.2724336506034781,2.5918839823277993,-2.659629047614073,0.5170003067926281,0.18863670855158413,-0.24580446733255215,0.8830543097031337,1.090652881686351,-1.6492640083375167,-0.8085763363126326,-10.463049940117102,0.19830754606391243,-3.169069869848568,1.2155199006319717,-2.074989283466062,2.8425588805265716,1.1379508248777148,4.065324121174053,0.6275419686477054
-5.135183906374561,4.786836419953099,1.6236323063569589,4.984781059040746,7.972875720576469,-2.0140936088733117,14.354606869445028,-2.552023354241125,-4.918205846689375,9.52446934221544,8.064999049614146,1.0375281096971802,6.924367263707508,6.4235525252823455,-3.6496989883440865,-6.646656684689113,1.6006903234164207,-9.514066540161208,-0.9455200059291711,-0.3203345005062109,-0.5001265644838884,-4.700765197380197,9.584847474218877,-2.113944362003999,5.196546007919115,2.291319543670248,-5.668645606630203,5.245935151856856,-1.105028780870705,-0.6806602832976202,0.11640921895467138,-1.902804305875458,-2.075265933320776,3.2388846483543103,1.483830501889904,20.326931649144797,-0.0010749111487683154,6.582833163311211,-2.3497895625550043,4.594874335323505,-5.559973226126591,-2.446165514338167,-7.674394148298524,-1.131661412907054
-4.901910525723308,3.642664739200784,1.1075160696717306,4.626561830869268,7.294234214513196,-1.6100781759576295,12.91181019880997,-1.8804680283862654,-3.972872026021648,8.064999049614146,8.220660633280986,0.10169259016752959,4.780135492857276,6.677409113280298,-3.191546417679737,-5.84181404703737,1.2301029829947285,-7.663565116864912,-1.0567935579445327,0.5833878368623702,-3.1921186428944726,-4.883018605079431,8.21765890253563,-2.4075665722478172,4.6274417564095645,1.3727420699407966,-6.692796722043241,4.6176058181646384,-1.5469511759089112,-1.4311297025616057,-0.45823803574387356,-2.484679981009556,-1.974797619334975,2.6921439521348067,1.3081240134364152,17.982641004877046,0.7588560961187559,6.603118817004527,-2.197056259577408,5.358706868335565,-5.4894678733381745,-2.7585583849778073,-6.206523818041761,-0.9013004126000458
-0.2305463879799592,0.8857050525144479,0.2852300116937113,0.3390012722879559,0.7008016219557412,-0.3011604450435291,1.2264443275884405,-0.5199010521126973,-0.7334256085918863,1.0375281096971802,0.10169259016752959,0.6729938418917623,1.490509597830875,0.03130223708238279,-0.3400614122080002,-0.5651592604665545,0.25397731180569433,-1.3586155084777887,0.09327714339613884,-0.5411388118764333,1.6022454150667982,0.045763599466384815,1.0453780930349321,0.10284766827956557,0.43831012197033836,0.5662163148136948,0.5159956433563117,0.4844491292736682,0.17505289160652854,0.47826145806456677,0.4283762055845658,0.2590949688124194,-0.16546257122869978,0.37835704011956905,0.15801689731754995,1.8802766399768103,-0.4957265492107916,0.10052511686660462,-0.19610351504808946,-0.3903438211356806,-0.2159636648711446,0.20048802134400143,-1.068978644712659,-0.17058278639139235
-3.3303608796835174,4.0433496289400095,1.399563359773652,3.277474793161649,5.5250573846444215,-1.6171107867391028,9.978353422982053,-2.1677712284959445,-3.888368534793116,6.924367263707508,4.780135492857276,1.490509597830875,6.142086244437452,3.593045031791247,-2.6090397429962753,-4.6131367823165945,1.2867929549934158,-7.42182492687366,-0.37898595822341125,-0.9456539529658384,2.0441876136882127,-2.6798208575523104,6.978762912284042,-1.018018657806539,3.61104467858251,2.102834396905847,-2.5161370061302515,3.645245717194016,-0.3894668195779417,0.2537792140560814,0.6884714732762712,-0.7427973690037759,-1.44562087231234,2.3872235499619916,1.1308240167711383,14.309078408568608,-0.7177353395372087,3.842644042505593,-1.5916149310270187,2.0535030146056186,-3.5499778982275325,-1.2009349143238062,-5.931019677807669,-0.9229756885662715
-3.907469017944345,2.7003364285680638,0.7036911946964206,3.845321925747878,6.001151986410369,-1.2807504672175922,10.37875842748256,-1.6045949707239706,-3.0400675521397362,6.4235525252823455,6.677409113280298,0.03130223708238279,3.593045031791247,5.926412859804924,-2.4567122078406958,-4.718167894264169,0.9116984471207833,-5.867333219862824,-0.876524699793755,0.6253556060485806,-3.09445707784177,-3.790195232089409,6.492554335245421,-2.175331101408893,3.710223984558627,0.9892344768498148,-5.518014574711625,3.843297223767139,-1.3254691992396512,-1.152075775053615,-0.5188621301779235,-2.011957228009176,-1.5872855681090123,2.2672935895061497,0.9321870887174591,14.491441855968645,0.8302890340906163,5.564508282897834,-1.7878714168515104,4.5194882113161885,-4.314145859055976,-2.1307726564076575,-4.961578530284405,-0.6457906459253017
2.0204675410236126,-1.8474208519632314,-0.6225136759020394,-1.9142142900738246,-3.081662791930582,0.7704531407153308,-5.553963801734084,0.9420411479306733,1.8953296045398016,-3.6496989883440865,-3.191546417679737,-0.3400614122080002,-2.6090397429962753,-2.4567122078406958,1.4309445554108262,2.5486227638492855,-0.6173651715140926,3.664015807018321,0.37025935032199964,0.07792920237324957,0.3328510422239355,1.906195588258777,-3.696273835791552,0.8195251034891008,-2.0098932037737356,-0.837648427429478,2.3023806445751283,-1.9864007988882206,0.46936726347693025,0.32980877165212225,-0.03732678208375954,0.8108288545941613,0.8294418438884198,-1.216716373669422,-0.6082249793058747,-7.832514102113284,-0.022194930805452703,-2.54183439730595,0.9144449348491082,-1.8412632513232483,2.2216048010270444,1.0143661588313617,2.9201810391581606,0.4463217728795259
3.6709005889256563,-3.211722025873265,-1.1028434494101618,-3.549057165002451,-5.6098229155433454,1.3807328479438519,-10.116385956885534,1.7172005612735186,3.367020489911432,-6.646656684689113,-5.84181404703737,-0.5651592604665545,-4.6131367823165945,-4.718167894264169,2.5486227638492855,4.695490244921968,-1.087144391654344,6.520906929975885,0.7197872028365053,0.07337055947683993,0.8360411545659744,3.407398069142079,-6.676320600209099,1.5830697951109574,-3.6607016838889503,-1.5149060557825769,4.274112139702375,-3.707378591899913,0.8473946314211793,0.626317627473667,0.0599599463042348,1.4377029822704543,1.4449853266787476,-2.262502820634248,-1.009274240399965,-14.287026419128146,-0.15828717284203736,-4.8032817999068484,1.6504666051482118,-3.467365685713943,3.9647611385723223,1.8234148292797512,5.289661508771837,0.7664860406592524
-0.8170980077297182,0.8738543217853666,0.3040153186854281,0.7879992899779571,1.288973560587295,-0.34719826682738675,2.3481155039532595,-0.4476095016122689,-0.8636122089647583,1.6006903234164207,1.2301029829947285,0.25397731180569433,1.2867929549934158,0.9116984471207833,-0.6173651715140926,-1.087144391654344,0.29037695138234015,-1.668971424373225,-0.1302457827714668,-0.1439004507186967,0.21022689819759183,-0.7285734809792469,1.61573199616692,-0.2788119640685535,0.8536310702324579,0.44168576925944114,-0.7747372693956285,0.8474586441221016,-0.131881700482806,-0.0366675741522081,0.09345520334736356,-0.2517053634104828,-0.33944020643349787,0.5353504546553409,0.2665146868834349,3.3416710501829106,-0.09647000768023063,0.9816163213946545,-0.3828401887436969,0.6225220505780538,-0.8829192955832559,-0.3596183243515736,-1.3172874807876247,-0.20303389724120097
4.987659471504712,-5.112153568364203,-1.7188303579547157,-4.816206879660727,-7.892743090730163,2.078829093114088,-14.20028296917222,2.6635316967222593,5.107366767333243,-9.514066540161208,-7.663565116864912,-1.3586155084777887,-7.42182492687366,-5.867333219862824,3.664015807018321,6.520906929975885,-1.668971424373225,9.818591624731974,0.8098412538662348,0.6298729164985832,-0.5282414260280419,4.480096332220165,-9.637637215097516,1.8636387913750796,-5.133375734742929,-2.4626354439416143,5.0411109554315425,-5.134581136894043,0.9722894418301099,0.39295679192640914,-0.42939796387729406,1.7085540023195944,2.089632192111146,-3.2027901215609216,-1.5697732428774893,-20.143645559095713,0.35969657828697904,-6.1217889509523165,2.3387450781927783,-4.053018287069042,5.456278272537827,2.2382230614231142,7.818347892921902,1.199157259592
0.5972186971171269,-0.30492828768533387,-0.11509590961221147,-0.5712953458605529,-0.8131440360614975,0.14000131029517585,-1.5081363087177957,0.1469084596276418,0.39502277534812796,-0.9455200059291711,-1.0567935579445327,0.09327714339613884,-0.37898595822341125,-0.876524699793755,0.37025935032199964,0.7197872028365053,-0.1302457827714668,0.8098412538662348,0.202416998571542,-0.13137801151323783,0.6412108114360038,0.6658107303568784,-0.9434946001365008,0.3236172412314017,-0.5542465849908403,-0.14125917176939656,0.9751299310175301,-0.5664010402728782,0.19138412658113702,0.26639616756180795,0.1615878240613555,0.33698169600781086,0.18553195481452103,-0.2974123053671795,-0.12421666823444838,-2.091256211445323,-0.17021101263277108,-0.8894063425537958,0.2621893056899992,-0.7881016259669681,0.6568139798553401,0.3923801108374613,0.6460499458872886,0.07923006141549244
-0.1693176323177441,-0.47340634545902355,-0.22769738473205703,0.09762430663067756,0.05417144795513095,0.12764819558816504,-0.02962963035050748,0.2532988508475185,0.32614783021472565,-0.3203345005062109,0.5833878368623702,-0.5411388118764333,-0.9456539529658384,0.6253556060485806,0.07792920237324957,0.07337055947683993,-0.1439004507186967,0.6298729164985832,-0.13137801151323783,0.5677286643346956,-1.7611435892790863,-0.3646102466969713,-0.2928196125052901,-0.34129387079831547,-0.03741669172645251,-0.43598535142641626,-0.9869827478712095,-0.04778439336003525,-0.3294136973318334,-0.5081257219359252,-0.39133801236645427,-0.4542082365165676,-0.049903116364946876,-0.11078278210885129,-0.05018810828038939,-0.2127756477240898,0.5177425247399042,0.46403340742222426,-0.028415070181290903,0.7796688104252466,-0.25000459793271196,-0.34125474886113305,0.44685183481455676,0.08773100642893457
1.3403087251512058,0.8283455339904522,0.5189579080633979,-1.136194288932583,-1.4379088993990632,-0.13154189096316432,-2.161045616536951,-0.4387646018181213,-0.3034860225329013,-0.5001265644838884,-3.1921186428944726,1.6022454150667982,2.0441876136882127,-3.09445707784177,0.3328510422239355,0.8360411545659744,0.21022689819759183,-0.5282414260280419,0.6412108114360038,-1.7611435892790863,5.86659703036574,1.9997344346581651,-0.6033977415151051,1.456630926521831,-0.7218089879806934,1.0397709256708383,4.170592882312341,-0.7026338077327412,1.245144106258688,1.7770546624780859,1.2774003675645174,1.7926132578589415,0.4697081183842799,-0.13890200011237722,-0.0724098367994658,-2.5371885294535104,-1.6861750338595207,-2.579193286873294,0.4984425699171552,-3.323985541010889,1.7063037175654412,1.4898756959645165,-0.24933343372943104,-0.12008966915822324
2.90406346787139,-2.0958463642173872,-0.6668704078680882,-2.6714199801613576,-4.191768072781658,0.9070979858821063,-7.509140265811347,0.9972976943648175,2.294303073187569,-4.700765197380197,-4.883018605079431,0.045763599466384815,-2.6798208575523104,-3.790195232089409,1.906195588258777,3.407398069142079,-0.7285734809792469,4.480096332220165,0.6658107303568784,-0.3646102466969713,1.9997344346581651,3.025255177868975,-4.806885948856418,1.3731957425058563,-2.714680158134174,-0.7736492502888037,4.064215541461225,-2.639164670505175,0.9207671399904472,0.9440937057936725,0.29660479593493805,1.5365452504856638,1.1578584078379455,-1.5152000634923906,-0.8171839503477916,-10.438886431266019,-0.454540668627683,-3.8359696297244676,1.2854313645608186,-3.2195867275087693,3.29255327509794,1.7295556832000718,3.549212960639017,0.537593943828884
-5.2073802601923775,4.883680229014998,1.60754586710594,5.0317233987304775,8.118344587170885,-2.0378198274144292,14.538102394178996,-2.5762117917154446,-4.9988161274165215,9.584847474218877,8.21765890253563,1.0453780930349321,6.978762912284042,6.492554335245421,-3.696273835791552,-6.676320600209099,1.61573199616692,-9.637637215097516,-0.9434946001365008,-0.2928196125052901,-0.6033977415151051,-4.806885948856418,9.6988764595282,-2.1513599360795403,5.2501599957179295,2.2679337611173094,-5.8009033531284215,5.276311153514281,-1.182019816264244,-0.7179610175774707,0.15029697417371024,-2.005337410402974,-2.1439825649832596,3.2394317483998916,1.5424802344980344,20.54551542968317,-0.011018342640200617,6.630019513668556,-2.4123784900020357,4.679666550873793,-5.707242489943248,-2.4923415854685906,-7.740393605491801,-1.1552879714506037
1.36843395188501,-0.8239507665290481,-0.16602524832978807,-1.3299710907352715,-2.0795621860385167,0.412691316912465,-3.530575383078913,0.5072809485469166,0.9622135366857488,-2.113944362003999,-2.4075665722478172,0.10284766827956557,-1.018018657806539,-2.175331101408893,0.8195251034891008,1.5830697951109574,-0.2788119640685535,1.8636387913750796,0.3236172412314017,-0.34129387079831547,1.456630926521831,1.3731957425058563,-2.1513599360795403,0.8305873949184104,-1.2578914843708,-0.2300723611129715,2.096536410379665,-1.2992851623433046,0.538681060013543,0.4973462470789248,0.25136674843293516,0.8017273000128841,0.5707400752732408,-0.7574074447524342,-0.3223802355508812,-4.893245585861625,-0.39361215980830266,-1.9852269545131607,0.6275819521408051,-1.7160177341755665,1.533475000715277,0.7983517231636732,1.6009084100763264,0.2014736278893786
-2.8960175181250176,2.5504329018984584,0.8349504070705865,2.7813601933022403,4.448249074055158,-1.0892868922131533,7.957805747271979,-1.353859203603341,-2.654574696140998,5.196546007919115,4.6274417564095645,0.43831012197033836,3.61104467858251,3.710223984558627,-2.0098932037737356,-3.6607016838889503,0.8536310702324579,-5.133375734742929,-0.5542465849908403,-0.03741669172645251,-0.7218089879806934,-2.714680158134174,5.2501599957179295,-1.2578914843708,2.8765272781069062,1.1532388579408805,-3.397328672406064,2.8913293604096353,-0.7091900820092849,-0.50716977619505,-0.022231996324058693,-1.1858427163567813,-1.176877378558094,1.7655725486002847,0.8299555814038407,11.220521534998639,0.12031293471443233,3.748403468056544,-1.3198342138094254,2.745774450755468,-3.167977813840068,-1.4496312615713884,-4.150216022407642,-0.6101888010362593
-1.006893504389605,1.321072122303456,0.5262342133430656,1.02574526845301,1.6617723368587813,-0.5058945187555446,3.145466494820048,-0.6979229138563423,-1.2724336506034781,2.291319543670248,1.3727420699407966,0.5662163148136948,2.102834396905847,0.9892344768498148,-0.837648427429478,-1.5149060557825769,0.44168576925944114,-2.4626354439416143,-0.14125917176939656,-0.43598535142641626,1.0397709256708383,-0.7736492502888037,2.2679337611173094,-0.2300723611129715,1.1532388579408805,0.8108549363564492,-0.6044587307194121,1.1905511297186604,0.0014527270762788645,0.17173400179081205,0.24398405641257265,-0.09180834580241455,-0.3759594960048912,0.7737929761220841,0.3242923893426612,4.558065871836275,-0.3298406145808329,1.170275462057253,-0.48179191250955067,0.5062886065986585,-1.0151307482391534,-0.3156343758597303,-1.94084882076664,-0.292509523026958
3.800071604870139,-2.170459135198013,-0.6155621693265976,-3.521659832018186,-5.382542383392047,1.0237971776135069,-9.503589261040936,1.0680126366512932,2.5918839823277993,-5.668645606630203,-6.692796722043241,0.5159956433563117,-2.5161370061302515,-5.518014574711625,2.3023806445751283,4.274112139702375,-0.7747372693956285,5.0411109554315425,0.9751299310175301,-0.9869827478712095,4.170592882312341,4.064215541461225,-5.8009033531284215,2.096536410379665,-3.397328672406064,-0.6044587307194121,6.026110475200962,-3.365992303436409,1.449815802456723,1.6220680461204966,0.7763776475820384,2.301367154939319,1.4639351901055722,-1.844162140021306,-0.9118850268692331,-13.064736871039242,-1.084518284761993,-5.377121837363948,1.6540171466754328,-4.8043550181777315,4.322056409917311,2.429081258086861,4.094691354286857,0.5711557817639413
-2.8811166508220336,2.5337840253055406,0.823252732762732,2.8324133168395527,4.49617966520469,-1.0947805410917815,8.01762730482023,-1.4049429362379164,-2.659629047614073,5.245935151856856,4.6176058181646384,0.4844491292736682,3.645245717194016,3.843297223767139,-1.9864007988882206,-3.707378591899913,0.8474586441221016,-5.134581136894043,-0.5664010402728782,-0.04778439336003525,-0.7026338077327412,-2.639164670505175,5.276311153514281,-1.2992851623433046,2.8913293604096353,1.1905511297186604,-3.365992303436409,2.972268305400646,-0.6910762706037794,-0.4635352256208202,-0.04771537601560196,-1.1345546420842028,-1.147114413350621,1.8111968659033195,0.7781720390438868,11.324341084748257,0.134519247100889,3.8301838966947748,-1.3306782023349228,2.7527176716057133,-3.1172851324565323,-1.3880815159125404,-4.20151888720994,-0.5925130918809836
0.8372409166930069,-0.4319594280989446,-0.03337362849285758,-0.7613699125662758,-1.242269777882311,0.21809095715758833,-2.0309414200856226,0.2290442302662668,0.5170003067926281,-1.105028780870705,-1.5469511759089112,0.17505289160652854,-0.3894668195779417,-1.3254691992396512,0.46936726347693025,0.8473946314211793,-0.131881700482806,0.9722894418301099,0.19138412658113702,-0.3294136973318334,1.245144106258688,0.9207671399904472,-1.182019816264244,0.538681060013543,-0.7091900820092849,0.0014527270762788645,1.449815802456723,-0.6910762706037794,0.43097762861414385,0.4159555424230281,0.1797953711905399,0.625779977741225,0.38613719049684764,-0.3731113424854937,-0.22533046709601529,-2.745233294624651,-0.31151762921160014,-1.1807684870060327,0.39007825343590863,-1.1512310790949651,1.0171925511387283,0.5541488311434177,0.8122812538076836,0.11685832563882505
0.7149480824766309,-0.016004747284861478,0.0016314343455758125,-0.5858903822659328,-0.7958479681237838,0.05654166243389553,-1.4321290441412624,-0.06659667213266535,0.18863670855158413,-0.6806602832976202,-1.4311297025616057,0.47826145806456677,0.2537792140560814,-1.152075775053615,0.32980877165212225,0.626317627473667,-0.0366675741522081,0.39295679192640914,0.26639616756180795,-0.5081257219359252,1.7770546624780859,0.9440937057936725,-0.7179610175774707,0.4973462470789248,-0.50716977619505,0.17173400179081205,1.6220680461204966,-0.4635352256208202,0.4159555424230281,0.6313147614213129,0.3936513388014913,0.6590448667473674,0.23054509703466264,-0.17606034462544243,-0.1198782896496184,-1.8503328946045892,-0.4938026928776184,-1.119709883351926,0.2600152556205044,-1.2653601494404474,0.857715985387373,0.653559718921604,0.3081683827846462,0.03960654607196208
0.1530961919497705,0.4059314671539976,0.11084913672541796,-0.12305645027857386,-0.006270352667864858,-0.10760717010983056,-0.058060414661799765,-0.21045814688245668,-0.24580446733255215,0.11640921895467138,-0.45823803574387356,0.4283762055845658,0.6884714732762712,-0.5188621301779235,-0.03732678208375954,0.0599599463042348,0.09345520334736356,-0.42939796387729406,0.1615878240613555,-0.39133801236645427,1.2774003675645174,0.29660479593493805,0.15029697417371024,0.25136674843293516,-0.022231996324058693,0.24398405641257265,0.7763776475820384,-0.04771537601560196,0.1797953711905399,0.3936513388014913,0.36982905872722754,0.2736325416860396,-0.03564407405811028,0.04435380222091808,0.08323606085241539,0.012032642261189372,-0.40844387694519385,-0.46073445940189006,0.006782960473468839,-0.6348987354417034,0.1482190957724426,0.27773038820664053,-0.2888228955404253,-0.07902056430381647
1.3756404034226488,-0.7538227717924856,-0.13481234015354676,-1.2299009269163645,-1.9646732513029936,0.35410622016601606,-3.3435391020117837,0.3536458882522562,0.8830543097031337,-1.902804305875458,-2.484679981009556,0.2590949688124194,-0.7427973690037759,-2.011957228009176,0.8108288545941613,1.4377029822704543,-0.2517053634104828,1.7085540023195944,0.33698169600781086,-0.4542082365165676,1.7926132578589415,1.5365452504856638,-2.005337410402974,0.8017273000128841,-1.1858427163567813,-0.09180834580241455,2.301367154939319,-1.1345546420842028,0.625779977741225,0.6590448667473674,0.2736325416860396,0.9664358587286124,0.5956081412645157,-0.6132051972862912,-0.3809938783038455,-4.544691729583516,-0.43579550798377026,-1.8906290628572968,0.6223925813499602,-1.8154088310111962,1.6421022722384229,0.9256694255230624,1.370678427710698,0.20690176513827419
1.213966363725522,-1.0861211629723486,-0.26689859603990534,-1.141099016478927,-1.9271707424315156,0.46809524749850623,-3.2851664838825427,0.5869437718448768,1.090652881686351,-2.075265933320776,-1.974797619334975,-0.16546257122869978,-1.44562087231234,-1.5872855681090123,0.8294418438884198,1.4449853266787476,-0.33944020643349787,2.089632192111146,0.18553195481452103,-0.049903116364946876,0.4697081183842799,1.1578584078379455,-2.1439825649832596,0.5707400752732408,-1.176877378558094,-0.3759594960048912,1.4639351901055722,-1.147114413350621,0.38613719049684764,0.23054509703466264,-0.03564407405811028,0.5956081412645157,0.5837638477405105,-0.7233843582251007,-0.40179605229892773,-4.607616954935325,-0.07345323976897375,-1.5082731587597464,0.5756341587850627,-1.1723189892279133,1.3904799832420922,0.6187461176963368,1.7001174576771003,0.26383956145743853
-1.7299932317004363,1.6147746063656967,0.51287716976351,1.6974904096209853,2.742468068250195,-0.7080562718458431,4.862854164137571,-0.930774987201663,-1.6492640083375167,3.2388846483543103,2.6921439521348067,0.37835704011956905,2.3872235499619916,2.2672935895061497,-1.216716373669422,-2.262502820634248,0.5353504546553409,-3.2027901215609216,-0.2974123053671795,-0.11078278210885129,-0.13890200011237722,-1.5152000634923906,3.2394317483998916,-0.7574074447524342,1.7655725486002847,0.7737929761220841,-1.844162140021306,1.8111968659033195,-0.3731113424854937,-0.17606034462544243,0.04435380222091808,-0.6132051972862912,-0.7233843582251007,1.1624079847934126,0.49958035311877524,6.917296781415813,0.011757952542467677,2.23082276331328,-0.7951648710507567,1.5309104035104957,-1.8346177188220678,-0.7886067336139945,-2.6552701897004005,-0.37602695502812183
-0.8405120937650032,0.8339785055105152,0.23116959731910489,0.7458068557048426,1.3010520117327284,-0.3376894394797042,2.27653855749088,-0.4094484632065483,-0.8085763363126326,1.483830501889904,1.3081240134364152,0.15801689731754995,1.1308240167711383,0.9321870887174591,-0.6082249793058747,-1.009274240399965,0.2665146868834349,-1.5697732428774893,-0.12421666823444838,-0.05018810828038939,-0.0724098367994658,-0.8171839503477916,1.5424802344980344,-0.3223802355508812,0.8299555814038407,0.3242923893426612,-0.9118850268692331,0.7781720390438868,-0.22533046709601529,-0.1198782896496184,0.08323606085241539,-0.3809938783038455,-0.40179605229892773,0.49958035311877524,0.3264335909944394,3.201349306483932,-0.044413984669553506,0.9408402830050321,-0.4011136800870573,0.7177981385463162,-0.9679809257421597,-0.4331033422606224,-1.2282806799097246,-0.205689771093183
-11.264979155641353,10.088964705707419,3.282726188090971,10.892369460407513,17.458794921019347,-4.297298270834142,31.15164440776514,-5.393215726819659,-10.463049940117102,20.326931649144797,17.982641004877046,1.8802766399768103,14.309078408568608,14.491441855968645,-7.832514102113284,-14.287026419128146,3.3416710501829106,-20.143645559095713,-2.091256211445323,-0.2127756477240898,-2.5371885294535104,-10.438886431266019,20.54551542968317,-4.893245585861625,11.220521534998639,4.558065871836275,-13.064736871039242,11.324341084748257,-2.745233294624651,-1.8503328946045892,0.012032642261189372,-4.544691729583516,-4.607616954935325,6.917296781415813,3.201349306483932,43.931398441308,0.3961110206568474,14.612310279839097,-5.159165629234928,10.561190668369264,-12.325256486512345,-5.521739422160206,-16.308370761274595,-2.3964466057477964
-0.2966528270546685,-0.37010466876522236,-0.1584402430957318,0.25869073038309176,0.2518363050861741,0.06811704213390331,0.3676928631433453,0.1674448165226945,0.19830754606391243,-0.0010749111487683154,0.7588560961187559,-0.4957265492107916,-0.7177353395372087,0.8302890340906163,-0.022194930805452703,-0.15828717284203736,-0.09647000768023063,0.35969657828697904,-0.17021101263277108,0.5177425247399042,-1.6861750338595207,-0.454540668627683,-0.011018342640200617,-0.39361215980830266,0.12031293471443233,-0.3298406145808329,-1.084518284761993,0.134519247100889,-0.31151762921160014,-0.4938026928776184,-0.40844387694519385,-0.43579550798377026,-0.07345323976897375,0.011757952542467677,-0.044413984669553506,0.3961110206568474,0.5260156160817925,0.6764268181504115,-0.07142411992305131,0.8796823816029722,-0.3455044768893032,-0.3777878383989654,0.1951451366694324,0.06384319982539295
-3.931481583094063,2.8410109398741525,0.9100917546621937,3.814313251979066,5.873322531385797,-1.2841810527598583,10.458316361560373,-1.5416578579345694,-3.169069869848568,6.582833163311211,6.603118817004527,0.10052511686660462,3.842644042505593,5.564508282897834,-2.54183439730595,-4.8032817999068484,0.9816163213946545,-6.1217889509523165,-0.8894063425537958,0.46403340742222426,-2.579193286873294,-3.8359696297244676,6.630019513668556,-1.9852269545131607,3.748403468056544,1.170275462057253,-5.377121837363948,3.8301838966947748,-1.1807684870060327,-1.119709883351926,-0.46073445940189006,-1.8906290628572968,-1.5082731587597464,2.23082276331328,0.9408402830050321,14.612310279839097,0.6764268181504115,5.491636171882344,-1.7459893258928203,4.353142615225617,-4.304506271086855,-2.1624412861086775,-5.036894236462702,-0.687015618018627
1.3344825856629832,-1.1740052169437392,-0.31717479034891843,-1.295303896183372,-2.113557918501119,0.48797902598738846,-3.6796545662295013,0.6297371451635857,1.2155199006319717,-2.3497895625550043,-2.197056259577408,-0.19610351504808946,-1.5916149310270187,-1.7878714168515104,0.9144449348491082,1.6504666051482118,-0.3828401887436969,2.3387450781927783,0.2621893056899992,-0.028415070181290903,0.4984425699171552,1.2854313645608186,-2.4123784900020357,0.6275819521408051,-1.3198342138094254,-0.48179191250955067,1.6540171466754328,-1.3306782023349228,0.39007825343590863,0.2600152556205044,0.006782960473468839,0.6223925813499602,0.5756341587850627,-0.7951648710507567,-0.4011136800870573,-5.159165629234928,-0.07142411992305131,-1.7459893258928203,0.6529912189433904,-1.3343951865765742,1.511300048518327,0.6700877094336457,1.8804891612697365,0.2734553413029789
-3.046738971457894,1.7301581174517735,0.47408793804440685,2.855192907068445,4.356043437689642,-0.8326980667795262,7.662004286763308,-0.9024625324661846,-2.074989283466062,4.594874335323505,5.358706868335565,-0.3903438211356806,2.0535030146056186,4.5194882113161885,-1.8412632513232483,-3.467365685713943,0.6225220505780538,-4.053018287069042,-0.7881016259669681,0.7796688104252466,-3.323985541010889,-3.2195867275087693,4.679666550873793,-1.7160177341755665,2.745774450755468,0.5062886065986585,-4.8043550181777315,2.7527176716057133,-1.1512310790949651,-1.2653601494404474,-0.6348987354417034,-1.8154088310111962,-1.1723189892279133,1.5309104035104957,0.7177981385463162,10.561190668369264,0.8796823816029722,4.353142615225617,-1.3343951865765742,3.860117711154549,-3.4323177111997776,-1.920233485033475,-3.3381800937020896,-0.44830991648749674
3.32225501938122,-2.6886802764808015,-0.8143551492752081,-3.100703571148434,-5.0031937189957505,1.1534472518864693,-8.837358967162627,1.3498611646341685,2.8425588805265716,-5.559973226126591,-5.4894678733381745,-0.2159636648711446,-3.5499778982275325,-4.314145859055976,2.2216048010270444,3.9647611385723223,-0.8829192955832559,5.456278272537827,0.6568139798553401,-0.25000459793271196,1.7063037175654412,3.29255327509794,-5.707242489943248,1.533475000715277,-3.167977813840068,-1.0151307482391534,4.322056409917311,-3.1172851324565323,1.0171925511387283,0.857715985387373,0.1482190957724426,1.6421022722384229,1.3904799832420922,-1.8346177188220678,-0.9679809257421597,-12.325256486512345,-0.3455044768893032,-4.304506271086855,1.511300048518327,-3.4323177111997776,3.7728677090137994,1.8179385156869678,4.362078816834112,0.6675899784548355
1.6220151607666788,-0.9910462459475389,-0.3363117069817854,-1.4320097775025131,-2.208882448039487,0.45678468213794954,-4.005531839693136,0.44259207423251273,1.1379508248777148,-2.446165514338167,-2.7585583849778073,0.20048802134400143,-1.2009349143238062,-2.1307726564076575,1.0143661588313617,1.8234148292797512,-0.3596183243515736,2.2382230614231142,0.3923801108374613,-0.34125474886113305,1.4898756959645165,1.7295556832000718,-2.4923415854685906,0.7983517231636732,-1.4496312615713884,-0.3156343758597303,2.429081258086861,-1.3880815159125404,0.5541488311434177,0.653559718921604,0.27773038820664053,0.9256694255230624,0.6187461176963368,-0.7886067336139945,-0.4331033422606224,-5.521739422160206,-0.3777878383989654,-2.1624412861086775,0.6700877094336457,-1.920233485033475,1.8179385156869678,1.0573274862762296,1.7818505429799083,0.27019993452856345
4.031152841081552,-4.04419022763883,-1.328425338400218,-3.933643166640665,-6.431452297481732,1.6956511336829634,-11.477213110226831,2.2028555779158387,4.065324121174053,-7.674394148298524,-6.206523818041761,-1.068978644712659,-5.931019677807669,-4.961578530284405,2.9201810391581606,5.289661508771837,-1.3172874807876247,7.818347892921902,0.6460499458872886,0.44685183481455676,-0.24933343372943104,3.549212960639017,-7.740393605491801,1.6009084100763264,-4.150216022407642,-1.94084882076664,4.094691354286857,-4.20151888720994,0.8122812538076836,0.3081683827846462,-0.2888228955404253,1.370678427710698,1.7001174576771003,-2.6552701897004005,-1.2282806799097246,-16.308370761274595,0.1951451366694324,-5.036894236462702,1.8804891612697365,-3.3381800937020896,4.362078816834112,1.7818505429799083,6.335744609066755,0.9444135143074782
0.5990451862490851,-0.6432751447611725,-0.22057981818607428,-0.5558119678801406,-0.9394929277160962,0.26132500886465754,-1.6905679900705204,0.32096797965386237,0.6275419686477054,-1.131661412907054,-0.9013004126000458,-0.17058278639139235,-0.9229756885662715,-0.6457906459253017,0.4463217728795259,0.7664860406592524,-0.20303389724120097,1.199157259592,0.07923006141549244,0.08773100642893457,-0.12008966915822324,0.537593943828884,-1.1552879714506037,0.2014736278893786,-0.6101888010362593,-0.292509523026958,0.5711557817639413,-0.5925130918809836,0.11685832563882505,0.03960654607196208,-0.07902056430381647,0.20690176513827419,0.26383956145743853,-0.37602695502812183,-0.205689771093183,-2.3964466057477964,0.06384319982539295,-0.687015618018627,0.2734553413029789,-0.44830991648749674,0.6675899784548355,0.27019993452856345,0.9444135143074782,0.15707457647942125
