V1,V2,V3,V4,V5,V6,V7,V8,V9,V10,V11,V12,V13,V14,V15,V16,V17,V18,V19,V20,V21,V22,V23,V24,V25,V26,V27,V28,V29,V30,V31,V32,V33,V34,V35,V36,V37,V38,V39,V40,V41,V42,V43,V44
0.5802659857020172,-1.6584464609377392,1.4086704138499682,1.2103746286387274,-1.5170526100713884,0.7728248897195953,0.5674774857551664,0.5811494597275897,0.4237358373986394,2.1569126512268277,-0.6183666090346843,0.3043805887567614,-0.23262853637054898,0.9241322293211383,0.26924907809998966,-2.003400742507767,0.11933725447329781,-0.028644152556329596,-1.5837749540258672,-0.9443009677514579,1.6486770543061644,0.7488457596459724,0.7585738766513875,0.35229055062577525,0.38772911851476316,2.2113022694751825,0.13522317457436545,1.9246328183929418,2.102550244657979,0.15220664329440026,-1.7374619027069413,2.272191347829037,2.4523010107808916,0.30990269336661175,-2.1479443020879154,1.6365092183860364,0.27296359230914086,2.6340419541766398,0.45560945803456115,0.35736999216770426,2.057626742258285,0.7893551731695772,-0.09263942413683916,0.5719694840113209
-1.6584464609377392,24.611058757531588,-21.548395088867686,-14.609270374013205,22.42022392931861,-7.189603194892465,-9.99897341800191,-8.513373374727097,-6.036022163057997,-27.57354433491728,7.266106372072119,3.0212121360505173,1.1431777284010458,-14.336136996809959,-1.9112758138206116,29.761275912935528,-1.0747002613603693,-3.9553177637833605,17.372341306728593,9.070291396389559,-18.328691640332195,-11.473457287400601,-6.255789742967122,-3.906426295837857,-6.389240966211399,-27.120135655180693,-0.7902736555117518,-23.729439323875866,-27.450040232816264,-0.2044142551817783,27.418179192035744,-32.46941440158463,-32.3205785646383,-7.686900293980514,27.940310896341952,-24.146240447304258,-9.35883037873515,-37.841410320844346,-11.196900169715128,-6.3795412264055775,-28.611408553356284,-4.089855288956764,3.256617877328999,-7.586202015894935
1.4086704138499682,-21.548395088867686,19.692737313616107,13.01338070491361,-20.04135641775854,6.142439077891827,9.115354673494458,7.283595556495537,5.278370515893525,25.24485865395585,-6.785007955764513,-2.4337598278254897,-0.24635243296613785,12.417616272783594,1.6250666571412125,-26.90309677571262,0.9984761138281879,2.9505069999963447,-15.378276304623974,-8.43298478145074,17.690445465721357,10.482750426076786,5.953698181492863,3.693650797258508,5.834698859003894,24.608216066094553,1.5424652391797,21.391890196263066,24.856239751944916,0.48392970521445833,-24.233677366009303,29.328270654166435,28.796148072387343,7.2992705805098375,-24.940565029282556,22.286736310288997,8.146556404446947,33.57402810422555,10.169091808038537,5.039286040808944,25.699493993536947,3.789186080149367,-3.527959020569868,6.574987388483395
1.2103746286387274,-14.609270374013205,13.01338070491361,8.95607352935395,-13.481141941633396,4.468850008348938,6.048329069335162,5.01178409451389,3.5417217700515047,16.925859353001275,-4.553731372332499,-1.4097214283511117,-0.4636027416147518,8.472419168163611,1.1533442377246432,-18.016390905427695,0.7027280631453167,1.9554307810645806,-10.600117804541691,-5.817471516123565,11.733432781856534,6.955267575476268,4.059516362011693,2.4958449695199234,3.8911455064691034,16.69484930032638,0.7544266613712252,14.431812258625113,16.72777959101971,0.3550342689370626,-16.344408464793606,19.716553066364032,19.580651345326043,4.632615246875254,-16.931023171278344,14.822798401025102,5.335513119987684,22.781462038865588,6.592070808514723,3.569889438553711,17.36934213012815,2.789746378617387,-2.0989386644641685,4.55077481743461
-1.5170526100713884,22.42022392931861,-20.04135641775854,-13.481141941633396,20.72793821775347,-6.569719229270527,-9.331483189184725,-7.655537751703121,-5.481311933134372,-25.759247499799745,6.871052966107274,2.5499628776363803,0.7202958110597236,-13.025550777288602,-1.6869311288414275,27.636952855913446,-1.0095338948397576,-3.2635670309892357,16.01085373470039,8.617428717313869,-17.66032645961178,-10.682495931063066,-5.988323777608661,-3.698194851413328,-5.932493347680906,-25.349798359842076,-1.1633838857570513,-21.96980489069584,-25.497337736881516,-0.37472362722977715,25.15280941395979,-30.114261950464698,-29.85253816460778,-7.311510187584816,25.793177490732653,-22.687340312660364,-8.467235442855342,-34.86142316641525,-10.370971756437891,-5.54001183220001,-26.527952795860067,-3.8862017977750876,3.297523787294496,-6.926597316613499
0.7728248897195953,-7.189603194892465,6.142439077891827,4.468850008348938,-6.569719229270527,2.4249293994602623,2.8361045827768203,2.5208789206774678,1.7660162760114315,8.168909249415032,-2.179314231141571,-0.5614549941065221,-0.5516769940887173,4.220637526837574,0.623654626765828,-8.693816045885386,0.33395760049822565,0.9646859811739422,-5.368954326585021,-2.91514240944701,5.474009827936666,3.283870837747813,1.9844331353152138,1.2028378379018851,1.8539423517935898,8.231592446011803,0.13102646159943943,7.0625119660179845,8.113050574099793,0.15446836626667587,-8.00545090898628,9.526994804365417,9.689415725645615,2.071741355727251,-8.338982213484007,7.055899751367705,2.5141392014943005,11.226391727261364,3.0115699250992334,1.8986735820028773,8.494193094309844,1.5116904432340612,-0.7841391714734451,2.3053440813796797
0.5674774857551664,-9.99897341800191,9.115354673494458,6.048329069335162,-9.331483189184725,2.8361045827768203,4.701835459877972,3.4169808895144924,2.040614295497007,11.680204395326346,-3.311871433867951,-0.9736136746370534,0.4538307854743221,5.783396072663996,0.5710163043411631,-12.604268547295751,0.6777217198379145,1.2774367364653758,-7.084931145743374,-4.049040588967745,8.846663148919527,5.1521092857325215,2.8050431511242913,1.7554904871181967,2.7549777618110034,11.63063917358384,0.815038838564957,9.9512097568329,11.661074394407008,0.43441796394120585,-11.347127266033421,13.986528642550397,13.614194168314707,3.2757269318748667,-11.604375039055416,10.449203537024227,3.619480576130837,15.76977001259815,4.771460467455179,2.415331792180141,12.193085116103244,1.6770819806893156,-1.7098373593589669,3.246540538048219
0.5811494597275897,-8.513373374727097,7.283595556495537,5.01178409451389,-7.655537751703121,2.5208789206774678,3.4169808895144924,3.039219188579998,2.030798306915952,9.306160168457279,-2.473734630075461,-1.139304491119468,-0.47837079808240085,4.987923895852126,0.6362854584952171,-10.171550172297067,0.3753436520194057,1.4561097833579002,-5.998109821093747,-3.161915726173397,6.067277214343768,3.8913234096643112,2.062331454461959,1.3608265251237106,2.230007288591094,9.26671579640097,0.10149984203160244,8.13351970339049,9.324904640759637,0.04043064531022459,-9.489968671732548,11.145655031872671,11.171499603521575,2.4989761347331823,-9.554190956580277,8.154930983302977,3.2548808449660545,13.038106614870975,3.7674998782701996,2.3393695405646,9.783612223985525,1.3627251964860065,-0.9914209864868533,2.6798205531882324
0.4237358373986394,-6.036022163057997,5.278370515893525,3.5417217700515047,-5.481311933134372,1.7660162760114315,2.040614295497007,2.030798306915952,1.9505725767361295,6.780535822063681,-1.5440878857141922,-0.9376862845985582,-0.9177268436720747,3.5199796240681236,0.6324497513527361,-7.161079520378995,0.06441992040379306,1.1544741341858524,-4.288492245047538,-1.928154267477295,3.720985729385371,2.559660728933659,1.436811278002558,0.8368705782081005,1.4802391443201564,6.419138769915356,0.03194443677124208,5.76610719363281,6.612244179096535,-0.19867250018720517,-6.640840400154323,7.510018566821763,7.627373633240673,2.0598849283763356,-6.807538245542963,5.7983907332063325,2.4935506527127695,9.146751432957373,2.723428462866213,1.5704987267172938,6.811526681607431,0.9707580774851132,-0.6557708050838659,1.6867338217705252
2.1569126512268277,-27.57354433491728,25.24485865395585,16.925859353001275,-25.759247499799745,8.168909249415032,11.680204395326346,9.306160168457279,6.780535822063681,32.75957320818954,-8.840705478660855,-2.6498795554291976,-0.3942071502812312,15.882493524776292,2.152891232647938,-34.614806905977936,1.3378688479869267,3.4468322892170344,-20.08777359281612,-11.173346413165145,23.209659428299226,13.4659759454439,7.950807478002516,4.84117152460972,7.481072514775765,32.06666447795362,2.1020781005011004,27.7315388761515,32.16636772826839,0.7969705689690687,-31.034473748507704,37.77616690231135,37.242492591717316,9.285862756966846,-32.25362471950709,28.791195144617326,10.13471285671844,43.25949655695907,12.80620093549523,6.370456517508893,33.21828599096497,5.274400999000248,-4.461637489587104,8.507413517908297
-0.6183666090346843,7.266106372072119,-6.785007955764513,-4.553731372332499,6.871052966107274,-2.179314231141571,-3.311871433867951,-2.473734630075461,-1.5440878857141922,-8.840705478660855,2.567567594086679,0.5201870164862719,-0.3387591178542664,-4.147496185349234,-0.488229933423493,9.349959504842655,-0.4636195720437768,-0.6812855319432116,5.36836457524517,3.2785123630148587,-6.854733686712143,-3.748615535229875,-2.254446252835542,-1.4290563402681102,-2.0784876677860713,-8.78820934718906,-0.7906352228341696,-7.484378588816026,-8.703921534991418,-0.4230393783550801,8.264058237573327,-10.382850717264564,-10.120331407724326,-2.414297483176023,8.634762228399865,-7.848021302296907,-2.5218050067754145,-11.558512155058565,-3.3952255512654532,-1.565307028249198,-8.996812064488992,-1.515927923927747,1.343377620659092,-2.334264683223088
0.3043805887567614,3.0212121360505173,-2.4337598278254897,-1.4097214283511117,2.5499628776363803,-0.5614549941065221,-0.9736136746370534,-1.139304491119468,-0.9376862845985582,-2.6498795554291976,0.5201870164862719,1.2504630383718371,0.5072831361887978,-1.8438386131363447,-0.16186265229954871,3.3328345584497536,0.06632055201895015,-1.0953780694967643,1.6353370769028175,0.5551733997446798,-0.7992697423874727,-1.1255508703067092,-0.1549429077553664,-0.30631257476306095,-0.7971885144726208,-2.4759906084936674,0.35927999429910257,-2.3729138335755726,-2.6951230567336495,0.3669016639072105,3.4064665455165986,-3.4137228663750236,-3.3885959114399937,-1.0272421143121064,2.890186092617124,-2.508295826776974,-1.7223449171141312,-4.289847808670682,-1.5422187537177048,-1.0523187703466597,-2.9647152541805823,0.1797994465334212,0.26247075451111723,-0.7984085037565505
-0.23262853637054898,1.1431777284010458,-0.24635243296613785,-0.4636027416147518,0.7202958110597236,-0.5516769940887173,0.4538307854743221,-0.47837079808240085,-0.9177268436720747,-0.3942071502812312,-0.3387591178542664,0.5072831361887978,1.7808004827407398,-0.8391080746922301,-0.3459422450136364,0.521612268003318,0.3132733686699256,-0.7960142922254055,0.8694148235485223,-0.2329792278660174,1.6143259431892085,0.2927684542649798,0.17698287794182968,0.21968228946064042,0.05324502900040062,-0.37835450442106133,0.9256781438528376,-0.5846385900646043,-0.40665323540749276,0.6198481776456818,0.9972187654202954,-0.1168747047950433,-0.8341464150294285,-0.0539829979093707,0.9042125787969879,-0.012950820298778714,-0.7213187619683615,-1.3040326505486548,-0.10346031339748588,-0.8025243720966291,-0.48799856974888395,-0.07779506512850991,-0.6657024624259776,-0.21155750317579317
0.9241322293211383,-14.336136996809959,12.417616272783594,8.472419168163611,-13.025550777288602,4.220637526837574,5.783396072663996,4.987923895852126,3.5199796240681236,15.882493524776292,-4.147496185349234,-1.8438386131363447,-0.8391080746922301,8.412101979489334,1.0920877405548253,-17.253452035520173,0.594319759926069,2.390131677594713,-10.102132054698448,-5.22704655723025,10.358458236416919,6.587375725982475,3.5464018668903488,2.2219594273293106,3.6960300092111322,15.704836294504497,0.29401835789038405,13.715712393971485,15.83707659252367,0.0473003707984124,-15.988640690674679,18.777326186489198,18.791534139504012,4.420758041724291,-16.20322324099819,13.945308543901344,5.509643318380207,22.044247858942192,6.4808485642575295,3.8318548403325754,16.578268153581092,2.305109344848315,-1.796556933201788,4.440431845380599
0.26924907809998966,-1.9112758138206116,1.6250666571412125,1.1533442377246432,-1.6869311288414275,0.623654626765828,0.5710163043411631,0.6362854584952171,0.6324497513527361,2.152891232647938,-0.488229933423493,-0.16186265229954871,-0.3459422450136364,1.0920877405548253,0.283780649475265,-2.174035429097734,0.027442650024206455,0.3228437306637426,-1.42611605779597,-0.6182323832477868,1.1876055750454975,0.7865656865356568,0.5196454140208656,0.26804098649711977,0.42986956153556294,2.0154326363524437,-0.0027644729590234228,1.8684993692018692,2.1022536907628457,-0.04832670641252296,-2.027066780978886,2.314582214339903,2.3954902644764897,0.5683154240165968,-2.181124046378764,1.7279273726000064,0.6749142817680631,2.81507183608216,0.7633808906881183,0.4815264268446566,2.1088854396219516,0.44743409677867846,-0.15694062614607965,0.5203191204559553
-2.003400742507767,29.761275912935528,-26.90309677571262,-18.016390905427695,27.636952855913446,-8.693816045885386,-12.604268547295751,-10.171550172297067,-7.161079520378995,-34.614806905977936,9.349959504842655,3.3328345584497536,0.521612268003318,-17.253452035520173,-2.174035429097734,37.079749303967034,-1.401713422867041,-4.086803190736522,21.348922614329872,11.80579113231134,-24.198706023469832,-14.380734314063185,-8.143361788548983,-5.107287004202347,-8.068854436326168,-34.07514519947939,-1.8529824232463923,-29.464350840181655,-34.1663122932096,-0.6835315238631818,33.544014748926585,-40.47375064951605,-39.9523627836247,-9.843728257898134,34.414179341937746,-30.62262059981147,-11.199057329173016,-46.512275817400145,-13.846938802662933,-7.176742429973908,-35.50543227434874,-5.2451857098842325,4.648299758654413,-9.230999013741211
0.11933725447329781,-1.0747002613603693,0.9984761138281879,0.7027280631453167,-1.0095338948397576,0.33395760049822565,0.6777217198379145,0.3753436520194057,0.06441992040379306,1.3378688479869267,-0.4636195720437768,0.06632055201895015,0.3132733686699256,0.594319759926069,0.027442650024206455,-1.401713422867041,0.1830052894169465,0.04114533493453899,-0.7937302645613568,-0.5387040521013478,1.3544220684136346,0.696910541891274,0.39338907977257587,0.24030715081263235,0.31368581426650305,1.3910957432412414,0.1872004840811255,1.150179588485961,1.385326596008778,0.1770371480893451,-1.224109420799004,1.6974717583683938,1.5869385518650008,0.2856337667525234,-1.314207627752976,1.1798961321367505,0.2459879875110805,1.7582830441950335,0.49769684442801226,0.24182010197590784,1.4567820579389832,0.25271389289852503,-0.21551281005540712,0.424740260661656
-0.028644152556329596,-3.9553177637833605,2.9505069999963447,1.9554307810645806,-3.2635670309892357,0.9646859811739422,1.2774367364653758,1.4561097833579002,1.1544741341858524,3.4468322892170344,-0.6812855319432116,-1.0953780694967643,-0.7960142922254055,2.390131677594713,0.3228437306637426,-4.086803190736522,0.04114533493453899,1.3387987624066175,-2.3524628103767893,-0.6825454958563499,1.207077218112312,1.4945320554481323,0.38871059208487335,0.31307190510613875,0.8354097839040627,3.2992566289287617,-0.5325096885062078,3.1576238422462275,3.620338432956191,-0.3937071308468487,-4.245071047800278,4.323316033110455,4.456195182090709,1.0523725376451436,-3.9111657450481747,2.953053002535286,1.8670030732597898,5.5588484910968,1.7752938742156588,1.4519370031434535,3.927301220989272,0.10213786453578007,-0.08797176889360415,1.1357541640700755
-1.5837749540258672,17.372341306728593,-15.378276304623974,-10.600117804541691,16.01085373470039,-5.368954326585021,-7.084931145743374,-5.998109821093747,-4.288492245047538,-20.08777359281612,5.36836457524517,1.6353370769028175,0.8694148235485223,-10.102132054698448,-1.42611605779597,21.348922614329872,-0.7937302645613568,-2.3524628103767893,12.808308108776561,6.9660313445221025,-13.748683311503035,-8.170169164763141,-4.863033735124046,-2.9233453505558376,-4.568121432130787,-19.931731464391294,-0.8233505227118415,-17.30071775608037,-19.85806824754219,-0.34569247604945064,19.421632599446014,-23.297251250774497,-23.383556626801308,-5.411556799389711,20.15014216949215,-17.476715619528758,-6.292040281640048,-27.083828966533286,-7.687582345782315,-4.353857187374894,-20.58650979743032,-3.4072386660285194,2.3238104621655786,-5.452354753631041
-0.9443009677514579,9.070291396389559,-8.43298478145074,-5.817471516123565,8.617428717313869,-2.91514240944701,-4.049040588967745,-3.161915726173397,-1.928154267477295,-11.173346413165145,3.2785123630148587,0.5551733997446798,-0.2329792278660174,-5.22704655723025,-0.6182323832477868,11.80579113231134,-0.5387040521013478,-0.6825454958563499,6.9660313445221025,4.464088028130246,-8.642188019860734,-4.569088135376502,-2.9346897282286117,-1.898572351773866,-2.6756622257430656,-11.294979930231085,-0.9503163774078595,-9.529527657310565,-10.918671044716747,-0.5693275392466872,10.4053215695765,-13.082817131862612,-12.933896068634061,-2.9215873980691023,10.906238626984706,-9.945729649895483,-3.0891918368702096,-14.62054034940701,-4.061773573743391,-1.968799350718299,-11.300265622077722,-2.099013834356979,1.6230964737355134,-2.9796868270000147
1.6486770543061644,-18.328691640332195,17.690445465721357,11.733432781856534,-17.66032645961178,5.474009827936666,8.846663148919527,6.067277214343768,3.720985729385371,23.209659428299226,-6.854733686712143,-0.7992697423874727,1.6143259431892085,10.358458236416919,1.1876055750454975,-24.198706023469832,1.3544220684136346,1.207077218112312,-13.748683311503035,-8.642188019860734,18.95097894525836,9.932505258708638,6.19950554834556,3.7691302607033816,5.337192200908713,22.97500269239212,2.7008049182863467,19.407353415214132,22.735768610511865,1.4240180808370326,-20.961692208940818,26.973630889270073,26.007974925752805,6.420160856135681,-22.259634216908456,20.65052822540902,6.07687905846377,29.57849233954621,8.791216067141052,3.5566637510182004,23.352905122659624,4.1191545653510016,-3.872428013774841,5.933614055676026
0.7488457596459724,-11.473457287400601,10.482750426076786,6.955267575476268,-10.682495931063066,3.283870837747813,5.1521092857325215,3.8913234096643112,2.559660728933659,13.4659759454439,-3.748615535229875,-1.1255508703067092,0.2927684542649798,6.587375725982475,0.7865656865356568,-14.380734314063185,0.696910541891274,1.4945320554481323,-8.170169164763141,-4.569088135376502,9.932505258708638,5.824781903431967,3.2261492581380016,2.0118383812746905,3.1326375295700184,13.255862552870257,0.9226302077606485,11.443813180093954,13.37791809296143,0.4355392301551383,-12.938163624177017,15.884201744476808,15.489948587905936,3.804557351628364,-13.32474186638012,11.90909538649236,4.165164727659374,17.96682419499613,5.4217431741156,2.6988764781894847,13.903326494328768,2.0203879044671402,-1.914977521945755,3.6232823587347487
0.7585738766513875,-6.255789742967122,5.953698181492863,4.059516362011693,-5.988323777608661,1.9844331353152138,2.8050431511242913,2.062331454461959,1.436811278002558,7.950807478002516,-2.254446252835542,-0.1549429077553664,0.17698287794182968,3.5464018668903488,0.5196454140208656,-8.143361788548983,0.39338907977257587,0.38871059208487335,-4.863033735124046,-2.9346897282286117,6.19950554834556,3.2261492581380016,2.1955916855485023,1.2377438074081923,1.7454007869850023,7.8306859464391065,0.8205016051385795,6.686454729662289,7.736050932088607,0.4081379625161357,-7.051625308003218,8.98136392912652,8.833617900785503,2.1194280116552777,-7.646852238769,6.923151558259641,2.012435975001667,10.044654562021094,2.8441775219801197,1.2347947545779938,7.8574943250103075,1.589105258894629,-1.178345883928471,1.9849327098403227
0.35229055062577525,-3.906426295837857,3.693650797258508,2.4958449695199234,-3.698194851413328,1.2028378379018851,1.7554904871181967,1.3608265251237106,0.8368705782081005,4.84117152460972,-1.4290563402681102,-0.30631257476306095,0.21968228946064042,2.2219594273293106,0.26804098649711977,-5.107287004202347,0.24030715081263235,0.31307190510613875,-2.9233453505558376,-1.898572351773866,3.7691302607033816,2.0118383812746905,1.2377438074081923,0.8536844212956942,1.1940779816303557,4.815268970781824,0.4532296501773798,4.093466411960155,4.716347883228093,0.2622345036083635,-4.493100931042522,5.684908180292317,5.519887348056759,1.3098381352529869,-4.670856279488176,4.3264589667150535,1.3664394536498528,6.259388823904259,1.8015706964071003,0.8054605964568176,4.874382511615531,0.8547389627297274,-0.7610520383569436,1.25593271227339
0.38772911851476316,-6.389240966211399,5.834698859003894,3.8911455064691034,-5.932493347680906,1.8539423517935898,2.7549777618110034,2.230007288591094,1.4802391443201564,7.481072514775765,-2.0784876677860713,-0.7971885144726208,0.05324502900040062,3.6960300092111322,0.42986956153556294,-8.068854436326168,0.31368581426650305,0.8354097839040627,-4.568121432130787,-2.6756622257430656,5.337192200908713,3.1326375295700184,1.7454007869850023,1.1940779816303557,1.842408256904081,7.390786579241933,0.43759120522537936,6.377249017064305,7.363361872856607,0.20419598748575116,-7.276890724923578,8.853240196383808,8.66739147391767,2.1249585644796154,-7.383319896753137,6.700530193876161,2.43417980856096,10.034883315924807,2.9813979236530224,1.5111572921066652,7.673533990855275,1.102149595432236,-1.0725835820610745,1.9991261886192946
2.2113022694751825,-27.120135655180693,24.608216066094553,16.69484930032638,-25.349798359842076,8.231592446011803,11.63063917358384,9.26671579640097,6.419138769915356,32.06666447795362,-8.78820934718906,-2.4759906084936674,-0.37835450442106133,15.704836294504497,2.0154326363524437,-34.07514519947939,1.3910957432412414,3.2992566289287617,-19.931731464391294,-11.294979930231085,22.97500269239212,13.255862552870257,7.8306859464391065,4.815268970781824,7.390786579241933,31.814509246827257,1.9358590726250358,27.319661587757608,31.59631456360347,0.8859292240106506,-30.639867573044935,37.31409613605242,36.98435470434768,8.885305910653127,-31.762445816236035,28.26011728283851,9.826710926933664,42.7597739962481,12.411210479200092,6.438677631798248,32.798496671445115,5.260241654368809,-4.238209134138421,8.571393389080125
0.13522317457436545,-0.7902736555117518,1.5424652391797,0.7544266613712252,-1.1633838857570513,0.13102646159943943,0.815038838564957,0.10149984203160244,0.03194443677124208,2.1020781005011004,-0.7906352228341696,0.35927999429910257,0.9256781438528376,0.29401835789038405,-0.0027644729590234228,-1.8529824232463923,0.1872004840811255,-0.5325096885062078,-0.8233505227118415,-0.9503163774078595,2.7008049182863467,0.9226302077606485,0.8205016051385795,0.4532296501773798,0.43759120522537936,1.9358590726250358,1.0176220778919174,1.4988515686958543,1.8586338475269062,0.44474280510639913,-1.0955035762267846,2.1378375857569516,1.7094343573630744,0.7281682378182435,-1.4839916674394622,1.973448470596667,0.07077431026622771,1.7206040235894906,0.6879333730923949,-0.3883837522013455,1.7066452306279511,0.4960327453834187,-0.8139314996858593,0.25194478258511943
1.9246328183929418,-23.729439323875866,21.391890196263066,14.431812258625113,-21.96980489069584,7.0625119660179845,9.9512097568329,8.13351970339049,5.76610719363281,27.7315388761515,-7.484378588816026,-2.3729138335755726,-0.5846385900646043,13.715712393971485,1.8684993692018692,-29.464350840181655,1.150179588485961,3.1576238422462275,-17.30071775608037,-9.529527657310565,19.407353415214132,11.443813180093954,6.686454729662289,4.093466411960155,6.377249017064305,27.319661587757608,1.4988515686958543,23.75171540791743,27.365366043658927,0.5822467894314742,-26.637845410148856,32.212320002734884,31.966781989616113,7.681087019633352,-27.551752653229787,24.281130297969792,8.688483201958459,37.038016997790606,10.80385013504618,5.73888562414446,28.311960026978838,4.482996486602774,-3.547687299461904,7.397066056005269
2.102550244657979,-27.450040232816264,24.856239751944916,16.72777959101971,-25.497337736881516,8.113050574099793,11.661074394407008,9.324904640759637,6.612244179096535,32.16636772826839,-8.703921534991418,-2.6951230567336495,-0.40665323540749276,15.83707659252367,2.1022536907628457,-34.1663122932096,1.385326596008778,3.620338432956191,-19.85806824754219,-10.918671044716747,22.735768610511865,13.37791809296143,7.736050932088607,4.716347883228093,7.363361872856607,31.59631456360347,1.8586338475269062,27.365366043658927,31.761675690379455,0.7454608078963252,-30.81149621242002,37.3904417136451,36.90862221216188,9.017316161766681,-31.910147888650286,28.23570276193744,10.063703647974826,42.89308475921371,12.67705350389499,6.533472216160892,32.890063625933,5.111516455377252,-4.251642606313139,8.532613084984014
0.15220664329440026,-0.2044142551817783,0.48392970521445833,0.3550342689370626,-0.37472362722977715,0.15446836626667587,0.43441796394120585,0.04043064531022459,-0.19867250018720517,0.7969705689690687,-0.4230393783550801,0.3669016639072105,0.6198481776456818,0.0473003707984124,-0.04832670641252296,-0.6835315238631818,0.1770371480893451,-0.3937071308468487,-0.34569247604945064,-0.5693275392466872,1.4240180808370326,0.4355392301551383,0.4081379625161357,0.2622345036083635,0.20419598748575116,0.8859292240106506,0.44474280510639913,0.5822467894314742,0.7454608078963252,0.3493215926937837,-0.3514436278388052,0.9541454500167438,0.7587859264570017,0.13205180397228866,-0.5650416904774226,0.7664589480982474,-0.19350705267809729,0.6485803561945831,0.13166188203798743,-0.19085816166432526,0.7366762650628607,0.3203415608442768,-0.314876831301003,0.17260662455481138
-1.7374619027069413,27.418179192035744,-24.233677366009303,-16.344408464793606,25.15280941395979,-8.00545090898628,-11.347127266033421,-9.489968671732548,-6.640840400154323,-31.034473748507704,8.264058237573327,3.4064665455165986,0.9972187654202954,-15.988640690674679,-2.027066780978886,33.544014748926585,-1.224109420799004,-4.245071047800278,19.421632599446014,10.4053215695765,-20.961692208940818,-12.938163624177017,-7.051625308003218,-4.493100931042522,-7.276890724923578,-30.639867573044935,-1.0955035762267846,-26.637845410148856,-30.81149621242002,-0.3514436278388052,30.779016317370793,-36.59793095197943,-36.345935419600615,-8.75316041251853,31.273733881893563,-27.37916914271783,-10.473401728231206,-42.46959295400458,-12.590923673114194,-7.018546283033541,-32.186636003183594,-4.521525353111215,3.83888579321527,-8.515947442188352
2.272191347829037,-32.46941440158463,29.328270654166435,19.716553066364032,-30.114261950464698,9.526994804365417,13.986528642550397,11.145655031872671,7.510018566821763,37.77616690231135,-10.382850717264564,-3.4137228663750236,-0.1168747047950433,18.777326186489198,2.314582214339903,-40.47375064951605,1.6974717583683938,4.323316033110455,-23.297251250774497,-13.082817131862612,26.973630889270073,15.884201744476808,8.98136392912652,5.684908180292317,8.853240196383808,37.31409613605242,2.1378375857569516,32.212320002734884,37.3904417136451,0.9541454500167438,-36.59793095197943,44.45565445087498,43.7626108554611,10.559977954511087,-37.5894495287386,33.41151066019694,11.999296788381047,50.77177450453336,15.057182637473826,7.810442125795889,38.88399785350245,5.829678599511454,-5.1178038826189685,10.190537285198427
2.4523010107808916,-32.3205785646383,28.796148072387343,19.580651345326043,-29.85253816460778,9.689415725645615,13.614194168314707,11.171499603521575,7.627373633240673,37.242492591717316,-10.120331407724326,-3.3885959114399937,-0.8341464150294285,18.791534139504012,2.3954902644764897,-39.9523627836247,1.5869385518650008,4.456195182090709,-23.383556626801308,-12.933896068634061,26.007974925752805,15.489948587905936,8.833617900785503,5.519887348056759,8.66739147391767,36.98435470434768,1.7094343573630744,31.966781989616113,36.90862221216188,0.7587859264570017,-36.345935419600615,43.7626108554611,43.50383919242899,10.248968840839636,-37.325973787211346,32.78325582207215,11.91995017519929,50.454280070571684,14.684686550807518,8.051173588465216,38.43914510952187,5.88324688220351,-4.676606732603406,10.187561982983997
0.30990269336661175,-7.686900293980514,7.2992705805098375,4.632615246875254,-7.311510187584816,2.071741355727251,3.2757269318748667,2.4989761347331823,2.0598849283763356,9.285862756966846,-2.414297483176023,-1.0272421143121064,-0.0539829979093707,4.420758041724291,0.5683154240165968,-9.843728257898134,0.2856337667525234,1.0523725376451436,-5.411556799389711,-2.9215873980691023,6.420160856135681,3.804557351628364,2.1194280116552777,1.3098381352529869,2.1249585644796154,8.885305910653127,0.7281682378182435,7.681087019633352,9.017316161766681,0.13205180397228866,-8.75316041251853,10.559977954511087,10.248968840839636,2.9637118862308416,-8.9698027963135,8.309562628936257,3.0912569339874376,12.101347741101925,3.8596085125305546,1.660356761968941,9.311445874140142,1.2139493535457897,-1.464787542284202,2.2499584304356173
-2.1479443020879154,27.940310896341952,-24.940565029282556,-16.931023171278344,25.793177490732653,-8.338982213484007,-11.604375039055416,-9.554190956580277,-6.807538245542963,-32.25362471950709,8.634762228399865,2.890186092617124,0.9042125787969879,-16.20322324099819,-2.181124046378764,34.414179341937746,-1.314207627752976,-3.9111657450481747,20.15014216949215,10.906238626984706,-22.259634216908456,-13.32474186638012,-7.646852238769,-4.670856279488176,-7.383319896753137,-31.762445816236035,-1.4839916674394622,-27.551752653229787,-31.910147888650286,-0.5650416904774226,31.273733881893563,-37.5894495287386,-37.325973787211346,-8.9698027963135,32.27021454899582,-28.260117765682942,-10.33312666590548,-43.46433441409265,-12.750768188172025,-6.875486340234271,-33.124814051274384,-5.11839414965081,4.040489103069068,-8.671508435082155
1.6365092183860364,-24.146240447304258,22.286736310288997,14.822798401025102,-22.687340312660364,7.055899751367705,10.449203537024227,8.154930983302977,5.7983907332063325,28.791195144617326,-7.848021302296907,-2.508295826776974,-0.012950820298778714,13.945308543901344,1.7279273726000064,-30.62262059981147,1.1798961321367505,2.953053002535286,-17.476715619528758,-9.945729649895483,20.65052822540902,11.90909538649236,6.923151558259641,4.3264589667150535,6.700530193876161,28.26011728283851,1.973448470596667,24.281130297969792,28.23570276193744,0.7664589480982474,-27.37916914271783,33.41151066019694,32.78325582207215,8.309562628936257,-28.260117765682942,25.592514611675327,9.028555898737947,38.09486820437712,11.412525797366234,5.512403510938496,29.257310351050513,4.433799154713134,-4.15231297744313,7.47786155374606
0.27296359230914086,-9.35883037873515,8.146556404446947,5.335513119987684,-8.467235442855342,2.5141392014943005,3.619480576130837,3.2548808449660545,2.4935506527127695,10.13471285671844,-2.5218050067754145,-1.7223449171141312,-0.7213187619683615,5.509643318380207,0.6749142817680631,-11.199057329173016,0.2459879875110805,1.8670030732597898,-6.292040281640048,-3.0891918368702096,6.07687905846377,4.165164727659374,2.012435975001667,1.3664394536498528,2.43417980856096,9.826710926933664,0.07077431026622771,8.688483201958459,10.063703647974826,-0.19350705267809729,-10.473401728231206,11.999296788381047,11.91995017519929,3.0912569339874376,-10.33312666590548,9.028555898737947,3.9862858965938908,14.22520675502541,4.439692281606946,2.539335357481396,10.572704717690737,1.1153472861127058,-1.2154198664817788,2.7633208808244034
2.6340419541766398,-37.841410320844346,33.57402810422555,22.781462038865588,-34.86142316641525,11.226391727261364,15.76977001259815,13.038106614870975,9.146751432957373,43.25949655695907,-11.558512155058565,-4.289847808670682,-1.3040326505486548,22.044247858942192,2.81507183608216,-46.512275817400145,1.7582830441950335,5.5588484910968,-27.083828966533286,-14.62054034940701,29.57849233954621,17.96682419499613,10.044654562021094,6.259388823904259,10.034883315924807,42.7597739962481,1.7206040235894906,37.038016997790606,42.89308475921371,0.6485803561945831,-42.46959295400458,50.77177450453336,50.454280070571684,12.101347741101925,-43.46433441409265,38.09486820437712,14.22520675502541,58.87590286480914,17.31100121448562,9.551432429897545,44.73450832441202,6.561948126865451,-5.354442882968463,11.810664438170283
0.45560945803456115,-11.196900169715128,10.169091808038537,6.592070808514723,-10.370971756437891,3.0115699250992334,4.771460467455179,3.7674998782701996,2.723428462866213,12.80620093549523,-3.3952255512654532,-1.5422187537177048,-0.10346031339748588,6.4808485642575295,0.7633808906881183,-13.846938802662933,0.49769684442801226,1.7752938742156588,-7.687582345782315,-4.061773573743391,8.791216067141052,5.4217431741156,2.8441775219801197,1.8015706964071003,2.9813979236530224,12.411210479200092,0.6879333730923949,10.80385013504618,12.67705350389499,0.13166188203798743,-12.590923673114194,15.057182637473826,14.684686550807518,3.8596085125305546,-12.750768188172025,11.412525797366234,4.439692281606946,17.31100121448562,5.464952577697893,2.7056032448002787,13.193190912411866,1.6394627327431297,-1.8433086274608181,3.375997032665149
0.35736999216770426,-6.3795412264055775,5.039286040808944,3.569889438553711,-5.54001183220001,1.8986735820028773,2.415331792180141,2.3393695405646,1.5704987267172938,6.370456517508893,-1.565307028249198,-1.0523187703466597,-0.8025243720966291,3.8318548403325754,0.4815264268446566,-7.176742429973908,0.24182010197590784,1.4519370031434535,-4.353857187374894,-1.968799350718299,3.5566637510182004,2.6988764781894847,1.2347947545779938,0.8054605964568176,1.5111572921066652,6.438677631798248,-0.3883837522013455,5.73888562414446,6.533472216160892,-0.19085816166432526,-7.018546283033541,7.810442125795889,8.051173588465216,1.660356761968941,-6.875486340234271,5.512403510938496,2.539335357481396,9.551432429897545,2.7056032448002787,2.0923702872942296,6.993427725039786,0.7824434888840652,-0.3799824116098208,2.0369967958435202
2.057626742258285,-28.611408553356284,25.699493993536947,17.36934213012815,-26.527952795860067,8.494193094309844,12.193085116103244,9.783612223985525,6.811526681607431,33.21828599096497,-8.996812064488992,-2.9647152541805823,-0.48799856974888395,16.578268153581092,2.1088854396219516,-35.50543227434874,1.4567820579389832,3.927301220989272,-20.58650979743032,-11.300265622077722,23.352905122659624,13.903326494328768,7.8574943250103075,4.874382511615531,7.673533990855275,32.798496671445115,1.7066452306279511,28.311960026978838,32.890063625933,0.7366762650628607,-32.186636003183594,38.88399785350245,38.43914510952187,9.311445874140142,-33.124814051274384,29.257310351050513,10.572704717690737,44.73450832441202,13.193190912411866,6.993427725039786,34.24313175353541,5.131549205471215,-4.29818033815545,8.970302183919761
0.7893551731695772,-4.089855288956764,3.789186080149367,2.789746378617387,-3.8862017977750876,1.5116904432340612,1.6770819806893156,1.3627251964860065,0.9707580774851132,5.274400999000248,-1.515927923927747,0.1797994465334212,-0.07779506512850991,2.305109344848315,0.44743409677867846,-5.2451857098842325,0.25271389289852503,0.10213786453578007,-3.4072386660285194,-2.099013834356979,4.1191545653510016,2.0203879044671402,1.589105258894629,0.8547389627297274,1.102149595432236,5.260241654368809,0.4960327453834187,4.482996486602774,5.111516455377252,0.3203415608442768,-4.521525353111215,5.829678599511454,5.88324688220351,1.2139493535457897,-5.11839414965081,4.433799154713134,1.1153472861127058,6.561948126865451,1.6394627327431297,0.7824434888840652,5.131549205471215,1.3583875740384306,-0.6488747962652419,1.3149144726809097
-0.09263942413683916,3.256617877328999,-3.527959020569868,-2.0989386644641685,3.297523787294496,-0.7841391714734451,-1.7098373593589669,-0.9914209864868533,-0.6557708050838659,-4.461637489587104,1.343377620659092,0.26247075451111723,-0.6657024624259776,-1.796556933201788,-0.15694062614607965,4.648299758654413,-0.21551281005540712,-0.08797176889360415,2.3238104621655786,1.6230964737355134,-3.872428013774841,-1.914977521945755,-1.178345883928471,-0.7610520383569436,-1.0725835820610745,-4.238209134138421,-0.8139314996858593,-3.547687299461904,-4.251642606313139,-0.314876831301003,3.83888579321527,-5.1178038826189685,-4.676606732603406,-1.464787542284202,4.040489103069068,-4.15231297744313,-1.2154198664817788,-5.354442882968463,-1.8433086274608181,-0.3799824116098208,-4.29818033815545,-0.6488747962652419,1.0745613232863398,-0.956917774458391
0.5719694840113209,-7.586202015894935,6.574987388483395,4.55077481743461,-6.926597316613499,2.3053440813796797,3.246540538048219,2.6798205531882324,1.6867338217705252,8.507413517908297,-2.334264683223088,-0.7984085037565505,-0.21155750317579317,4.440431845380599,0.5203191204559553,-9.230999013741211,0.424740260661656,1.1357541640700755,-5.452354753631041,-2.9796868270000147,5.933614055676026,3.6232823587347487,1.9849327098403227,1.25593271227339,1.9991261886192946,8.571393389080125,0.25194478258511943,7.397066056005269,8.532613084984014,0.17260662455481138,-8.515947442188352,10.190537285198427,10.187561982983997,2.2499584304356173,-8.671508435082155,7.47786155374606,2.7633208808244034,11.810664438170283,3.375997032665149,2.0369967958435202,8.970302183919761,1.3149144726809097,-0.956917774458391,2.4714580464331948
