V1,V2,V3,V4,V5,V6,V7,V8,V9,V10,V11,V12,V13,V14,V15,V16,V17,V18,V19,V20,V21,V22,V23,V24,V25,V26,V27,V28,V29,V30,V31,V32,V33,V34,V35,V36,V37,V38,V39,V40,V41,V42,V43,V44
5716.179835470292,-3006.9611134259153,-26480.023879135817,-12085.563198717362,-8548.220813534548,-11055.188237812592,211.1779866325934,13630.481748451542,-11668.950585525232,-15227.392090331294,-8350.625769846758,8588.788795708884,-4979.451709080097,-18839.861125610503,9871.545002320938,-1659.8118862568895,9896.496202710907,-2038.2785801611465,28094.89326987939,-12977.501454304085,4047.0168515018963,-559.0328574593716,-5548.1923399359,16719.58215912758,5994.270467223375,-18860.6352058152,4322.5947123884835,-9701.385822598408,11009.968505219853,3181.3139737440756,-8225.053652904158,11559.441148808834,7659.908579315778,-2488.470404314114,-9926.296442121155,-11319.806090822367,4985.36379889818,-6990.407067574553,3672.5296562058634,-4802.985526348575,12522.544076518354,2348.391429167601,-10000.292899548842,16696.042836997687
-3006.9611134259153,1582.0630449658472,13930.957267859663,6358.144720153094,4497.215701304845,5816.226159466428,-111.00495771299927,-7170.763211981999,6138.772753361556,8010.83704564265,4393.111912765858,-4518.392404938436,2619.6754660083016,9911.469207912209,-5193.029533645438,873.109464337445,-5206.172937274363,1072.2590563285282,-14780.47618485077,6827.26585488232,-2128.964558763822,293.9512865598349,2919.1223244456874,-8796.306174321773,-3153.556918660938,9922.356520742638,-2273.946130421817,5103.759547979321,-5792.237220345215,-1673.844591975428,4327.191016143627,-6081.224882320845,-4029.663143223516,1309.0933185245958,5222.318573564611,5955.221649397541,-2622.5557519879876,3677.549488178872,-1932.1994644680392,2526.866064519222,-6587.880389560816,-1235.2748072747588,5261.003492893112,-8783.376984145101
-26480.023879135817,13930.957267859663,122683.81254964093,55990.914383910036,39603.95276976069,51218.72449312713,-978.231586979719,-63150.54027419109,54061.22488767028,70548.08279387995,38686.261931184396,-39790.82087170396,23071.454218284194,87285.28751381481,-45732.98905866183,7687.581223209887,-45849.277497140094,9443.164458649853,-130165.43604719818,60122.63342406119,-18747.911857612085,2590.0013723727347,25709.216480278017,-77466.36070635496,-27772.171100268995,87380.24147197673,-20025.499157418635,44944.526219556734,-51008.83795604704,-14741.5818561439,38109.875410398105,-53553.725821810694,-35485.97095951688,11528.244806422523,45991.21099995666,52445.802016859096,-23094.69237818681,32384.20261581498,-17014.458671488206,22253.639427573533,-58015.57730272722,-10878.589277435178,46330.306240203856,-77350.70487334255
-12085.563198717362,6358.144720153094,55990.914383910036,25554.202699583097,18074.808246676756,23376.044299331174,-446.46856544714063,-28820.971478574935,24672.96374919096,32197.47392867875,17656.674439666076,-18160.11122374594,10529.05190350309,39835.808216431986,-20872.031594192697,3508.9799424032744,-20925.023470934586,4309.6952380850225,-59405.49455979443,27439.91246605023,-8556.613689491383,1181.946466047612,11732.647623565606,-35353.98206239564,-12674.718305451097,39879.66499109655,-9139.610353774142,20512.75590189723,-23279.98233873002,-6727.514485072021,17392.050188575697,-24441.54346993042,-16195.86870483895,5261.6937837934365,20989.375301381348,23935.48397928386,-10540.599923172838,14780.493189218778,-7765.752138503402,10155.882101994493,-26477.84404137591,-4965.027662060204,21144.811902700887,-35302.13607714563
-8548.220813534548,4497.215701304845,39603.95276976069,18074.808246676756,12784.831927931054,16534.262554171743,-315.71235611131505,-20385.633175001225,17451.774292542173,22773.82321457068,12488.63854504456,-12845.049354724826,7447.670940768238,28176.967219630216,-14763.213635968272,2481.8548388003987,-14800.644285824937,3048.328486436472,-42019.117872766285,19408.600464883246,-6052.1776223625875,836.0090501107621,8299.110343570803,-25006.9865459894,-8965.22432419299,28207.633638441675,-6464.502537430734,14508.867342067962,-16466.36810644541,-4758.718008917325,12302.211967909752,-17287.90938741304,-11455.533568771416,3721.4676017741917,14846.553453662356,16930.106741677693,-7455.4800818875,10454.383520194433,-5492.626364591371,7183.7195819733415,-18728.234612451917,-3511.7537834158475,14956.083016925706,-24969.813081701137
-11055.188237812592,5816.226159466428,51218.72449312713,23376.044299331174,16534.262554171743,21383.71736788798,-408.3666949316071,-26364.411671765556,22569.870541447024,29453.072825418305,16151.623798263778,-16612.103074975075,9631.711491422928,36440.45676407967,-19092.78328339318,3209.6856261445255,-19141.363148185377,3942.3383371791565,-54342.26780939486,25100.915012822577,-7827.1213052894145,1081.162006063996,10733.076266729391,-32341.027353499314,-11594.454008039897,36480.484343475764,-8360.513397293415,18764.212542981448,-21295.705383715267,-6154.355976487984,15909.92440746184,-22358.136579482452,-14815.236940870078,4813.169877091636,19200.631881579506,21895.47250114924,-9642.010496960354,13520.633753158669,-7103.898687763989,9290.412288611817,-24220.874507867768,-4541.732200354548,19342.469707061744,-32292.929934881977
211.1779866325934,-111.00495771299927,-978.231586979719,-446.46856544714063,-315.71235611131505,-408.3666949316071,7.950344644656599,503.77154807988023,-431.16856880723697,-562.8453510001879,-308.5591472775085,317.33617538099406,-183.96869528975282,-695.9708863076922,364.8080119873728,-61.33627566329788,365.7235815821386,-75.29911975395251,1037.9856978842124,-479.5931587838297,149.51921952283976,-20.830927687264392,-204.91250117917997,617.6988521171687,221.44285096544527,-696.869904535724,159.7827559181975,-358.504331032554,406.8102910556695,117.50906914951335,-303.80940580110223,427.2066934043648,283.00493891051525,-92.05347855020999,-366.6425231586414,-418.31536456367735,184.19820385304897,-258.1227971818427,135.76538751796622,-177.2840956671104,462.7413187623514,86.7390415557481,-369.4564730357499,616.9977973785359
13630.481748451542,-7170.763211981999,-63150.54027419109,-28820.971478574935,-20385.633175001225,-26364.411671765556,503.77154807988023,32506.787857450476,-27827.6582564419,-36314.56565597798,-19913.593513848227,20482.13679019088,-11875.828183413656,-44929.327480403954,23540.94070359122,-3957.103297265764,23600.897788323302,-4860.8663790855,67001.74885911029,-30947.908517825635,9650.392330862387,-1333.383887139635,-13233.446661967027,39875.2609187661,14295.475536507238,-44978.5245129576,10308.167537289919,-23135.053200799564,26256.585600464183,7587.997311452036,-19616.588472816104,27566.679042831576,18266.171058044416,-5934.337887363786,-23673.425335245745,-26996.286382082635,11887.768619313703,-16669.25579947721,8758.193560999833,-11454.670143599125,29863.381440483783,5599.736168724617,-23848.326928805087,39816.1766630965
-11668.950585525232,6138.772753361556,54061.22488767028,24672.96374919096,17451.774292542173,22569.870541447024,-431.16856880723697,-27827.6582564419,23822.725122026128,31087.771955538043,17047.69331281456,-17534.268476887282,10166.424966287093,38462.903944500475,-20152.856194749696,3388.001966241771,-20203.869784004586,4161.145313028995,-57358.16253894884,26493.95742779903,-8261.660178875192,1141.466182850283,11328.327580634123,-34135.510316170315,-12237.937662123539,38504.93906889249,-8824.536922371817,19805.507196584742,-22477.473683366774,-6495.689279574456,16792.94399816763,-23599.118296201166,-15637.50674985564,5080.1330371390695,20266.02285385995,23110.507700846007,-10177.260812248995,14270.619333135488,-7497.698021082447,9805.873581597045,-25565.17837045521,-4793.7976935564975,20415.832323223567,-34085.41715284277
-15227.392090331294,8010.83704564265,70548.08279387995,32197.47392867875,22773.82321457068,29453.072825418305,-562.8453510001879,-36314.56565597798,31087.771955538043,40568.9023774946,22246.794869636273,-22881.547911026944,13266.833890568754,50192.64492020854,-26298.72962184133,4421.04022554937,-26365.480844418635,5430.169916038362,-74850.59202740203,34573.85433936473,-10781.059957030822,1489.7243242817733,14783.325002194197,-44546.058525818255,-15970.089472242948,50247.79797050633,-11515.833029376367,25845.61961142827,-29332.482579895117,-8476.788539192177,21914.21581817915,-30796.19800589557,-20406.312839632737,6629.6574624992845,26446.508274870903,30158.734561221354,-13280.809022264755,18622.481982019013,-9784.54159439797,12796.206962257938,-33361.80734594138,-6255.690009329058,26642.02377765182,-44480.467509259215
-8350.625769846758,4393.111912765858,38686.261931184396,17656.674439666076,12488.63854504456,16151.623798263778,-308.5591472775085,-19913.593513848227,17047.69331281456,22246.794869636273,12200.111936234818,-12547.568912722609,7274.763652949312,27524.18245476643,-14421.464888043547,2424.6863708416,-14458.082542648734,2977.738687222597,-41045.645947746845,18959.695611144754,-5912.253709672142,816.750401592834,8106.3239317334355,-24427.252448760064,-8757.427567164601,27554.721761053544,-6315.103136601205,14173.383130774811,-16085.184154301964,-4648.186680106033,12016.616614747902,-16887.806247595818,-11190.641844098873,3635.7241481158135,14502.252376349796,16538.069002765533,-7283.251619940981,10212.822219532369,-5365.939960581213,7016.947026404646,-18294.761715303244,-3430.6845224696135,14609.913392933016,-24391.8585619671
8588.788795708884,-4518.392404938436,-39790.82087170396,-18160.11122374594,-12845.049354724826,-16612.103074975075,317.33617538099406,20482.13679019088,-17534.268476887282,-22881.547911026944,-12547.568912722609,12905.921264776804,-7482.821919574129,-28309.936206098333,14833.208335041647,-2493.726639004447,14870.713066802868,-3062.755798940612,42217.40115462078,-19500.418809849667,6080.9003766702735,-840.078250641787,-8337.817028295814,25124.747890513507,9007.501472468994,-28340.882739005803,6495.1197408554335,-14577.529800727008,16544.182048399605,4780.925217617546,-12360.015474353577,17369.800531678447,11509.707957682585,-3739.10536050056,-14916.349912509704,-17009.96855436575,7490.697317375066,-10503.46753147241,5518.459107224587,-7217.401218227529,18816.902022926537,3528.359776730447,-15026.780098395899,25088.11938263759
-4979.451709080097,2619.6754660083016,23071.454218284194,10529.05190350309,7447.670940768238,9631.711491422928,-183.96869528975282,-11875.828183413656,10166.424966287093,13266.833890568754,7274.763652949312,-7482.821919574129,4338.962765437424,16414.450076655623,-8600.231812396301,1445.479644059393,-8622.107030392088,1775.8236403766068,-24478.392499951464,11306.08356702093,-3525.4604363911812,487.1326698755915,4835.077440050958,-14568.264297534652,-5222.777725071206,16432.077009834124,-3765.7603386171113,8451.774115813396,-9592.372874982218,-2772.4204773475285,7167.122005322247,-10070.939643054295,-6673.034822485858,2167.8022055874076,8649.09407205565,9862.742207053601,-4342.817890251623,6089.604124334624,-3199.435542225285,4185.031335095218,-10909.961464821878,-2045.6328675706668,8712.48067654198,-14546.006346955657
-18839.861125610503,9911.469207912209,87285.28751381481,39835.808216431986,28176.967219630216,36440.45676407967,-695.9708863076922,-44929.327480403954,38462.903944500475,50192.64492020854,27524.18245476643,-28309.936206098333,16414.450076655623,62100.62583335454,-32537.608847556512,5469.744155095139,-32620.173392548855,6718.444193341575,-92608.24366140437,42775.53771245897,-13338.677337347264,1842.7199428061065,18290.873295542315,-55114.33939463168,-19758.940498189466,62168.243355498766,-14247.523716336838,31976.76223037441,-36291.10908277608,-10487.975151811183,27113.62484106421,-38101.81961773008,-25247.3218816401,8201.988911359194,32721.048101461307,37313.30058685917,-16431.380368334932,23040.55306052385,-12105.318000362056,15832.550209305193,-41276.22639156555,-7739.7762224125,32962.492197259126,-55032.520653764965
9871.545002320938,-5193.029533645438,-45732.98905866183,-20872.031594192697,-14763.213635968272,-19092.78328339318,364.8080119873728,23540.94070359122,-20152.856194749696,-26298.72962184133,-14421.464888043547,14833.208335041647,-8600.231812396301,-32537.608847556512,17048.52981025578,-2866.1254013783746,17091.68925313532,-3520.1948561743643,48522.01070040357,-22412.520628180064,6989.059633414555,-965.6623589735118,-9582.911146355918,28876.669369723182,10352.620814343129,-32573.21486711393,7465.196551399115,-16754.452061086587,19014.80935187308,5494.8202391944205,-14205.855622185025,19963.725034413463,13228.607469870603,-4297.555097356825,-17143.8033345184,-19550.274679168455,8609.481564841928,-12072.104956128325,6342.504151459862,-8295.227389875943,21626.985526999313,4055.4394268333112,-17270.853182504587,28834.820269164724
-1659.8118862568895,873.109464337445,7687.581223209887,3508.9799424032744,2481.8548388003987,3209.6856261445255,-61.33627566329788,-3957.103297265764,3388.001966241771,4421.04022554937,2424.6863708416,-2493.726639004447,1445.479644059393,5469.744155095139,-2866.1254013783746,482.34762768938,-2873.076768683651,591.6670395347774,-8156.4685907123285,3768.2242294283433,-1175.1954560549025,162.3442731611778,1610.1500248364387,-4853.571908753712,-1740.2309548395872,5475.939819282945,-1255.0360100055261,2816.978204797552,-3196.5526967686496,-923.3469247632352,2387.4275731925,-3356.296924652533,-2224.215665627936,722.5274043932216,2881.567247231943,3286.2166040288976,-1447.7249167693774,2029.7758984557306,-1066.429368462689,1394.0647115794538,-3635.806304978869,-681.7424039819132,2903.3901561148996,-4847.486647733288
9896.496202710907,-5206.172937274363,-45849.277497140094,-20925.023470934586,-14800.644285824937,-19141.363148185377,365.7235815821386,23600.897788323302,-20203.869784004586,-26365.480844418635,-14458.082542648734,14870.713066802868,-8622.107030392088,-32620.173392548855,17091.68925313532,-2873.076768683651,17135.27374572858,-3529.2279756008793,48645.36557660823,-22469.149669008148,7006.655469280019,-968.0504839827563,-9607.687813545905,28950.38747416451,10378.925900830223,-32655.89128137515,7484.1738452999,-16796.800936044965,19063.104542385237,5508.939982785477,-14242.211761023678,20014.230884626857,13262.018889613355,-4308.551590105724,-17187.509744363557,-19600.140644394985,8631.16573295008,-12102.735878513027,6358.618633602775,-8316.545611506035,21681.827025299022,4065.8806522877394,-17314.765500930353,28907.963508199762
-2038.2785801611465,1072.2590563285282,9443.164458649853,4309.6952380850225,3048.328486436472,3942.3383371791565,-75.29911975395251,-4860.8663790855,4161.145313028995,5430.169916038362,2977.738687222597,-3062.755798940612,1775.8236403766068,6718.444193341575,-3520.1948561743643,591.6670395347774,-3529.2279756008793,726.9141871678822,-10019.013751958344,4627.6344083256445,-1443.07257922122,199.33554530555884,1978.8665077879914,-5962.678825370404,-2137.6458469695685,6725.767855484489,-1541.4300942558898,3459.3913471706082,-3926.223542644999,-1134.633624641086,2933.394576854976,-4122.070118731064,-2731.4029455782543,887.3662783756511,3539.9630756450456,4036.855414208093,-1777.6186242673837,2492.648753867543,-1309.5516613856714,1712.961370968525,-4465.570534611481,-837.4496355853736,3566.168253578915,-5953.877026152919
28094.89326987939,-14780.47618485077,-130165.43604719818,-59405.49455979443,-42019.117872766285,-54342.26780939486,1037.9856978842124,67001.74885911029,-57358.16253894884,-74850.59202740203,-41045.645947746845,42217.40115462078,-24478.392499951464,-92608.24366140437,48522.01070040357,-8156.4685907123285,48645.36557660823,-10019.013751958344,138103.42516097528,-63789.33753999116,19891.25867502729,-2748.0964848936833,-27277.00067359625,82190.49813899233,29465.808602190948,-92709.12040980186,21246.814755265157,-47685.555154360525,54119.59230681426,15640.573959899737,-40433.86605211335,56819.74429343963,37650.11489600586,-12231.39685069029,-48795.87583151202,-55644.227060942314,24503.221227779886,-34359.19042615946,18052.230776684297,-23610.604304398483,61553.6369966526,11542.002525252858,-49155.68751181713,82067.90508064373
-12977.501454304085,6827.26585488232,60122.63342406119,27439.91246605023,19408.600464883246,25100.915012822577,-479.5931587838297,-30947.908517825635,26493.95742779903,34573.85433936473,18959.695611144754,-19500.418809849667,11306.08356702093,42775.53771245897,-22412.520628180064,3768.2242294283433,-22469.149669008148,4627.6344083256445,-63789.33753999116,29465.286132010777,-9188.167924144034,1269.4706324257124,12598.059034548864,-37962.677258889424,-13610.055392353563,42822.729498584,-9814.14435575769,22026.788357519497,-24997.99522310242,-7223.843919984928,18675.254912248034,-26245.56683368528,-17391.191793280464,5650.043565884929,22538.11564888861,25701.765086069474,-11318.641779707732,15871.066922065163,-8338.92222029233,10904.952320459552,-28431.9600501426,-5331.265797215301,22705.126957441913,-37907.51340057324
4047.0168515018963,-2128.964558763822,-18747.911857612085,-8556.613689491383,-6052.1776223625875,-7827.1213052894145,149.51921952283976,9650.392330862387,-8261.660178875192,-10781.059957030822,-5912.253709672142,6080.9003766702735,-3525.4604363911812,-13338.677337347264,6989.059633414555,-1175.1954560549025,7006.655469280019,-1443.07257922122,19891.25867502729,-9188.167924144034,2865.3137075637683,-395.8077754914815,-3928.1031878060417,11837.527436499668,4243.957730001048,-13353.39965929184,3060.3959837043453,-6868.655569132905,7795.099382098049,2252.393907236637,-5823.30900352967,8184.160951791567,5423.243884613384,-1761.8138428824013,-7027.8441112572555,-8014.429943892482,3529.6432828972856,-4949.198307328929,2600.1963705712824,-3400.461232323392,8866.009322423324,1662.5766221249366,-7080.205686928915,11820.839070002476
-559.0328574593716,293.9512865598349,2590.0013723727347,1181.946466047612,836.0090501107621,1081.162006063996,-20.830927687264392,-1333.383887139635,1141.466182850283,1489.7243242817733,816.750401592834,-840.078250641787,487.1326698755915,1842.7199428061065,-965.6623589735118,162.3442731611778,-968.0504839827563,199.33554530555884,-2748.0964848936833,1269.4706324257124,-395.8077754914815,54.97172171804284,542.7131601475912,-1635.4309589923728,-586.3304861499405,1844.8038765527394,-422.86444842955154,948.9401251797816,-1076.9075547451853,-311.22344504851014,804.567069793505,-1130.7749600781535,-749.1930017377871,243.47469058935073,970.9020566241345,1107.3448474349634,-487.6605573290108,683.5408231459656,-359.26117459597987,469.63161599142205,-1224.8766333137207,-229.6251457013086,978.043317883175,-1633.1464250001034
-5548.1923399359,2919.1223244456874,25709.216480278017,11732.647623565606,8299.110343570803,10733.076266729391,-204.91250117917997,-13233.446661967027,11328.327580634123,14783.325002194197,8106.3239317334355,-8337.817028295814,4835.077440050958,18290.873295542315,-9582.911146355918,1610.1500248364387,-9607.687813545905,1978.8665077879914,-27277.00067359625,12598.059034548864,-3928.1031878060417,542.7131601475912,5388.890905005055,-16234.549829799967,-5819.916294084367,18310.402523744873,-4196.152452360291,9417.540206426882,-10688.882912196934,-3089.8950809216053,7987.083750632399,-11221.773832665032,-7435.511881075642,2415.614581633693,9638.381885403536,10990.584318880612,-4838.95154726334,6785.815825243882,-3565.3178131737236,4663.918945192336,-12156.808408933746,-2279.4712561758674,9708.374714684549,-16208.331466089996
16719.58215912758,-8796.306174321773,-77466.36070635496,-35353.98206239564,-25006.9865459894,-32341.027353499314,617.6988521171687,39875.2609187661,-34135.510316170315,-44546.058525818255,-24427.252448760064,25124.747890513507,-14568.264297534652,-55114.33939463168,28876.669369723182,-4853.571908753712,28950.38747416451,-5962.678825370404,82190.49813899233,-37962.677258889424,11837.527436499668,-1635.4309589923728,-16234.549829799967,48915.491284121636,17536.257841289258,-55174.17057336975,12644.51405125561,-28378.845734128605,32208.38544560672,9308.816613182024,-24064.31959258727,33815.07665844827,22406.320528294127,-7279.212571368936,-29040.700284549417,-33116.125321479354,14582.102927078267,-20447.849776917727,10743.44743195397,-14051.875641368088,36632.394475159526,6868.82307230414,-29254.077141554524,48841.00760325263
5994.270467223375,-3153.556918660938,-27772.171100268995,-12674.718305451097,-8965.22432419299,-11594.454008039897,221.44285096544527,14295.475536507238,-12237.937662123539,-15970.089472242948,-8757.427567164601,9007.501472468994,-5222.777725071206,-19758.940498189466,10352.620814343129,-1740.2309548395872,10378.925900830223,-2137.6458469695685,29465.808602190948,-13610.055392353563,4243.957730001048,-586.3304861499405,-5819.916294084367,17536.257841289258,6286.862059880635,-19780.39161335363,4533.175449411165,-10174.143191712526,11546.943390692846,3337.13512482625,-8627.069899906905,12123.039626754266,8032.9831687082,-2609.6485765788293,-10411.177284807323,-11872.25835805624,5227.963610239571,-7330.832358898235,3851.591838142102,-5037.605915415959,13133.038843180875,2462.5627383590186,-10487.822563789106,17509.938652880173
-18860.6352058152,9922.356520742638,87380.24147197673,39879.66499109655,28207.633638441675,36480.484343475764,-696.869904535724,-44978.5245129576,38504.93906889249,50247.79797050633,27554.721761053544,-28340.882739005803,16432.077009834124,62168.243355498766,-32573.21486711393,5475.939819282945,-32655.89128137515,6725.767855484489,-92709.12040980186,42822.729498584,-13353.39965929184,1844.8038765527394,18310.402523744873,-55174.17057336975,-19780.39161335363,62236.423371537676,-14263.299641941752,32012.12083128601,-36330.9007892959,-10499.206099595833,27142.669179340657,-38143.70088541495,-25275.153685854937,8211.283617743562,32756.434907605824,37354.08741647415,-16449.545734939442,23065.992360325454,-12118.969671406314,15849.473164985971,-41321.53283113554,-7748.330924462472,32998.63618035501,-55092.895768822054
4322.5947123884835,-2273.946130421817,-20025.499157418635,-9139.610353774142,-6464.502537430734,-8360.513397293415,159.7827559181975,10308.167537289919,-8824.536922371817,-11515.833029376367,-6315.103136601205,6495.1197408554335,-3765.7603386171113,-14247.523716336838,7465.196551399115,-1255.0360100055261,7484.1738452999,-1541.4300942558898,21246.814755265157,-9814.14435575769,3060.3959837043453,-422.86444842955154,-4196.152452360291,12644.51405125561,4533.175449411165,-14263.299641941752,3268.9560855667364,-7336.581679451281,8326.278695843514,2406.0630638603743,-6220.344453515799,8741.770888015193,5792.627455077127,-1881.9636879417037,-7506.885535877671,-8560.77199281173,3770.01265126878,-5286.323479071119,2777.465286679955,-3632.2525952081737,9470.084687712904,1775.8698076349713,-7562.628221653153,12626.250231986072
-9701.385822598408,5103.759547979321,44944.526219556734,20512.75590189723,14508.867342067962,18764.212542981448,-358.504331032554,-23135.053200799564,19805.507196584742,25845.61961142827,14173.383130774811,-14577.529800727008,8451.774115813396,31976.76223037441,-16754.452061086587,2816.978204797552,-16796.800936044965,3459.3913471706082,-47685.555154360525,22026.788357519497,-6868.655569132905,948.9401251797816,9417.540206426882,-28378.845734128605,-10174.143191712526,32012.12083128601,-7336.581679451281,16466.176764670075,-18687.24386496979,-5400.104812867568,13960.530902794631,-19619.861232632717,-13000.81484509525,4223.723897245601,16848.25611462645,19213.28594351993,-8461.276726075666,11864.484820325448,-6233.800038480158,8151.947199569488,-21254.315699701125,-3985.4278520389,16973.23638841177,-28337.758422770512
11009.968505219853,-5792.237220345215,-51008.83795604704,-23279.98233873002,-16466.36810644541,-21295.705383715267,406.8102910556695,26256.585600464183,-22477.473683366774,-29332.482579895117,-16085.184154301964,16544.182048399605,-9592.372874982218,-36291.10908277608,19014.80935187308,-3196.5526967686496,19063.104542385237,-3926.223542644999,54119.59230681426,-24997.99522310242,7795.099382098049,-1076.9075547451853,-10688.882912196934,32208.38544560672,11546.943390692846,-36330.9007892959,8326.278695843514,-18687.24386496979,21208.412510928796,6129.010802126477,-15844.76055215317,22266.63686311861,14754.473146505195,-4793.38342335948,-19121.816146381123,-21805.716728418807,9602.437450118607,-13464.805952023093,7074.500155604903,-9252.25926864686,24121.725067924097,4523.114926483918,-19263.175380992812,32160.85707851922
3181.3139737440756,-1673.844591975428,-14741.5818561439,-6727.514485072021,-4758.718008917325,-6154.355976487984,117.50906914951335,7587.997311452036,-6495.689279574456,-8476.788539192177,-4648.186680106033,4780.925217617546,-2772.4204773475285,-10487.975151811183,5494.8202391944205,-923.3469247632352,5508.939982785477,-1134.633624641086,15640.573959899737,-7223.843919984928,2252.393907236637,-311.22344504851014,-3089.8950809216053,9308.816613182024,3337.13512482625,-10499.206099595833,2406.0630638603743,-5400.104812867568,6129.010802126477,1771.7347472753,-4579.693970827482,6434.630122137153,4263.553948104389,-1385.1158773663944,-5526.620097499896,-6301.952534683918,2774.692097651097,-3890.996294581467,2044.4244699163,-2674.1846693090606,6970.714209056123,1306.9728344927971,-5566.738433294003,9293.827005688061
-8225.053652904158,4327.191016143627,38109.875410398105,17392.050188575697,12302.211967909752,15909.92440746184,-303.80940580110223,-19616.588472816104,16792.94399816763,21914.21581817915,12016.616614747902,-12360.015474353577,7167.122005322247,27113.62484106421,-14205.855622185025,2387.4275731925,-14242.211761023678,2933.394576854976,-40433.86605211335,18675.254912248034,-5823.30900352967,804.567069793505,7987.083750632399,-24064.31959258727,-8627.069899906905,27142.669179340657,-6220.344453515799,13960.530902794631,-15844.76055215317,-4579.693970827482,11839.04821663589,-16635.032472582003,-11022.546468318125,3580.798096246949,14286.887428374883,16291.572757995367,-7173.515115161634,10059.13204739114,-5284.864186636124,6913.192356277225,-18021.06582500853,-3379.159169557914,14391.410175614408,-24027.08474800534
11559.441148808834,-6081.224882320845,-53553.725821810694,-24441.54346993042,-17287.90938741304,-22358.136579482452,427.2066934043648,27566.679042831576,-23599.118296201166,-30796.19800589557,-16887.806247595818,17369.800531678447,-10070.939643054295,-38101.81961773008,19963.725034413463,-3356.296924652533,20014.230884626857,-4122.070118731064,56819.74429343963,-26245.56683368528,8184.160951791567,-1130.7749600781535,-11221.773832665032,33815.07665844827,12123.039626754266,-38143.70088541495,8741.770888015193,-19619.861232632717,22266.63686311861,6434.630122137153,-16635.032472582003,23377.86787838994,15490.789772261176,-5032.594689435648,-20075.66535808609,-22893.59655091316,10081.686995259086,-14136.55809316321,7427.525995788353,-9713.606416831504,25325.419905150582,4748.723963508956,-20224.301379763863,33765.72443732158
7659.908579315778,-4029.663143223516,-35485.97095951688,-16195.86870483895,-11455.533568771416,-14815.236940870078,283.00493891051525,18266.171058044416,-15637.50674985564,-20406.312839632737,-11190.641844098873,11509.707957682585,-6673.034822485858,-25247.3218816401,13228.607469870603,-2224.215665627936,13262.018889613355,-2731.4029455782543,37650.11489600586,-17391.191793280464,5423.243884613384,-749.1930017377871,-7435.511881075642,22406.320528294127,8032.9831687082,-25275.153685854937,5792.627455077127,-13000.81484509525,14754.473146505195,4263.553948104389,-11022.546468318125,15490.789772261176,10264.924033277448,-3334.777142501045,-13302.483388969762,-15169.788569313672,6680.750168728224,-9367.795409730006,4921.763737517171,-6436.463530105187,16781.34749668427,3146.832054532814,-13401.269816843662,22374.11947034368
-2488.470404314114,1309.0933185245958,11528.244806422523,5261.6937837934365,3721.4676017741917,4813.169877091636,-92.05347855020999,-5934.337887363786,5080.1330371390695,6629.6574624992845,3635.7241481158135,-3739.10536050056,2167.8022055874076,8201.988911359194,-4297.555097356825,722.5274043932216,-4308.551590105724,887.3662783756511,-12231.39685069029,5650.043565884929,-1761.8138428824013,243.47469058935073,2415.614581633693,-7279.212571368936,-2609.6485765788293,8211.283617743562,-1881.9636879417037,4223.723897245601,-4793.38342335948,-1385.1158773663944,3580.798096246949,-5032.594689435648,-3334.777142501045,1083.6142725495965,4321.531937279834,4928.388395671937,-2170.3905066693787,3043.3716479916066,-1599.196582964143,2090.904265186123,-5451.836081029393,-1022.3819479336698,4353.735816071404,-7268.778547218196
-9926.296442121155,5222.318573564611,45991.21099995666,20989.375301381348,14846.553453662356,19200.631881579506,-366.6425231586414,-23673.425335245745,20266.02285385995,26446.508274870903,14502.252376349796,-14916.349912509704,8649.09407205565,32721.048101461307,-17143.8033345184,2881.567247231943,-17187.509744363557,3539.9630756450456,-48795.87583151202,22538.11564888861,-7027.8441112572555,970.9020566241345,9638.381885403536,-29040.700284549417,-10411.177284807323,32756.434907605824,-7506.885535877671,16848.25611462645,-19121.816146381123,-5526.620097499896,14286.887428374883,-20075.66535808609,-13302.483388969762,4321.531937279834,17241.342983454222,19660.72164923071,-8657.361126955437,12139.885062361596,-6378.272660605837,8342.57462547178,-21748.255703877257,-4077.966155996635,17367.859296970553,-28996.3417213827
-11319.806090822367,5955.221649397541,52445.802016859096,23935.48397928386,16930.106741677693,21895.47250114924,-418.31536456367735,-26996.286382082635,23110.507700846007,30158.734561221354,16538.069002765533,-17009.96855436575,9862.742207053601,37313.30058685917,-19550.274679168455,3286.2166040288976,-19600.140644394985,4036.855414208093,-55644.227060942314,25701.765086069474,-8014.429943892482,1107.3448474349634,10990.584318880612,-33116.125321479354,-11872.25835805624,37354.08741647415,-8560.77199281173,19213.28594351993,-21805.716728418807,-6301.952534683918,16291.572757995367,-22893.59655091316,-15169.788569313672,4928.388395671937,19660.72164923071,22420.2037623444,-9872.706877217843,13843.891746366935,-7273.687920234934,9513.109312530603,-24800.962551311553,-4650.527509918978,19805.644010011398,-33066.51194673824
4985.36379889818,-2622.5557519879876,-23094.69237818681,-10540.599923172838,-7455.4800818875,-9642.010496960354,184.19820385304897,11887.768619313703,-10177.260812248995,-13280.809022264755,-7283.251619940981,7490.697317375066,-4342.817890251623,-16431.380368334932,8609.481564841928,-1447.7249167693774,8631.16573295008,-1777.6186242673837,24503.221227779886,-11318.641779707732,3529.6432828972856,-487.6605573290108,-4838.95154726334,14582.102927078267,5227.963610239571,-16449.545734939442,3770.01265126878,-8461.276726075666,9602.437450118607,2774.692097651097,-7173.515115161634,10081.686995259086,6680.750168728224,-2170.3905066693787,-8657.361126955437,-9872.706877217843,4348.226115073993,-6097.010776753771,3203.252097053918,-4188.866039391513,10921.581050026114,2048.1086054726734,-8721.758903294929,14561.44538486311
-6990.407067574553,3677.549488178872,32384.20261581498,14780.493189218778,10454.383520194433,13520.633753158669,-258.1227971818427,-16669.25579947721,14270.619333135488,18622.481982019013,10212.822219532369,-10503.46753147241,6089.604124334624,23040.55306052385,-12072.104956128325,2029.7758984557306,-12102.735878513027,2492.648753867543,-34359.19042615946,15871.066922065163,-4949.198307328929,683.5408231459656,6785.815825243882,-20447.849776917727,-7330.832358898235,23065.992360325454,-5286.323479071119,11864.484820325448,-13464.805952023093,-3890.996294581467,10059.13204739114,-14136.55809316321,-9367.795409730006,3043.3716479916066,12139.885062361596,13843.891746366935,-6097.010776753771,8549.617948010713,-4491.812824066408,5874.043688738665,-15314.357893714983,-2871.9422614827,12229.923165324337,-20418.126749706047
3672.5296562058634,-1932.1994644680392,-17014.458671488206,-7765.752138503402,-5492.626364591371,-7103.898687763989,135.76538751796622,8758.193560999833,-7497.698021082447,-9784.54159439797,-5365.939960581213,5518.459107224587,-3199.435542225285,-12105.318000362056,6342.504151459862,-1066.429368462689,6358.618633602775,-1309.5516613856714,18052.230776684297,-8338.92222029233,2600.1963705712824,-359.26117459597987,-3565.3178131737236,10743.44743195397,3851.591838142102,-12118.969671406314,2777.465286679955,-6233.800038480158,7074.500155604903,2044.4244699163,-5284.864186636124,7427.525995788353,4921.763737517171,-1599.196582964143,-6378.272660605837,-7273.687920234934,3203.252097053918,-4491.812824066408,2360.384735309087,-3085.9404961051036,8046.207620930801,1508.7221668067602,-6425.5486077417845,10727.663083729625
-4802.985526348575,2526.866064519222,22253.639427573533,10155.882101994493,7183.7195819733415,9290.412288611817,-177.2840956671104,-11454.670143599125,9805.873581597045,12796.206962257938,7016.947026404646,-7217.401218227529,4185.031335095218,15832.550209305193,-8295.227389875943,1394.0647115794538,-8316.545611506035,1712.961370968525,-23610.604304398483,10904.952320459552,-3400.461232323392,469.63161599142205,4663.918945192336,-14051.875641368088,-5037.605915415959,15849.473164985971,-3632.2525952081737,8151.947199569488,-9252.25926864686,-2674.1846693090606,6913.192356277225,-9713.606416831504,-6436.463530105187,2090.904265186123,8342.57462547178,9513.109312530603,-4188.866039391513,5874.043688738665,-3085.9404961051036,4037.012355916944,-10523.06476647677,-1973.336721528476,8403.707014409712,-14030.162576195264
12522.544076518354,-6587.880389560816,-58015.57730272722,-26477.84404137591,-18728.234612451917,-24220.874507867768,462.7413187623514,29863.381440483783,-25565.17837045521,-33361.80734594138,-18294.761715303244,18816.902022926537,-10909.961464821878,-41276.22639156555,21626.985526999313,-3635.806304978869,21681.827025299022,-4465.570534611481,61553.6369966526,-28431.9600501426,8866.009322423324,-1224.8766333137207,-12156.808408933746,36632.394475159526,13133.038843180875,-41321.53283113554,9470.084687712904,-21254.315699701125,24121.725067924097,6970.714209056123,-18021.06582500853,25325.419905150582,16781.34749668427,-5451.836081029393,-21748.255703877257,-24800.962551311553,10921.581050026114,-15314.357893714983,8046.207620930801,-10523.06476647677,27435.36312361648,5144.47632399368,-21909.33614715446,36578.894124138016
2348.391429167601,-1235.2748072747588,-10878.589277435178,-4965.027662060204,-3511.7537834158475,-4541.732200354548,86.7390415557481,5599.736168724617,-4793.7976935564975,-6255.690009329058,-3430.6845224696135,3528.359776730447,-2045.6328675706668,-7739.7762224125,4055.4394268333112,-681.7424039819132,4065.8806522877394,-837.4496355853736,11542.002525252858,-5331.265797215301,1662.5766221249366,-229.6251457013086,-2279.4712561758674,6868.82307230414,2462.5627383590186,-7748.330924462472,1775.8698076349713,-3985.4278520389,4523.114926483918,1306.9728344927971,-3379.159169557914,4748.723963508956,3146.832054532814,-1022.3819479336698,-4077.966155996635,-4650.527509918978,2048.1086054726734,-2871.9422614827,1508.7221668067602,-1973.336721528476,5144.47632399368,964.9738081172517,-4108.387736104047,6859.062353522928
-10000.292899548842,5261.003492893112,46330.306240203856,21144.811902700887,14956.083016925706,19342.469707061744,-369.4564730357499,-23848.326928805087,20415.832323223567,26642.02377765182,14609.913392933016,-15026.780098395899,8712.48067654198,32962.492197259126,-17270.853182504587,2903.3901561148996,-17314.765500930353,3566.168253578915,-49155.68751181713,22705.126957441913,-7080.205686928915,978.043317883175,9708.374714684549,-29254.077141554524,-10487.822563789106,32998.63618035501,-7562.628221653153,16973.23638841177,-19263.175380992812,-5566.738433294003,14391.410175614408,-20224.301379763863,-13401.269816843662,4353.735816071404,17367.859296970553,19805.644010011398,-8721.758903294929,12229.923165324337,-6425.5486077417845,8403.707014409712,-21909.33614715446,-4108.387736104047,17496.461461557523,-29211.169949437877
16696.042836997687,-8783.376984145101,-77350.70487334255,-35302.13607714563,-24969.813081701137,-32292.929934881977,616.9977973785359,39816.1766630965,-34085.41715284277,-44480.467509259215,-24391.8585619671,25088.11938263759,-14546.006346955657,-55032.520653764965,28834.820269164724,-4847.486647733288,28907.963508199762,-5953.877026152919,82067.90508064373,-37907.51340057324,11820.839070002476,-1633.1464250001034,-16208.331466089996,48841.00760325263,17509.938652880173,-55092.895768822054,12626.250231986072,-28337.758422770512,32160.85707851922,9293.827005688061,-24027.08474800534,33765.72443732158,22374.11947034368,-7268.778547218196,-28996.3417213827,-33066.51194673824,14561.44538486311,-20418.126749706047,10727.663083729625,-14030.162576195264,36578.894124138016,6859.062353522928,-29211.169949437877,48769.806703794195
