V1,V2,V3,V4,V5,V6,V7,V8,V9,V10,V11,V12,V13,V14,V15,V16,V17,V18,V19,V20,V21,V22,V23,V24,V25,V26,V27,V28,V29,V30,V31,V32,V33,V34,V35,V36,V37,V38,V39,V40,V41,V42,V43,V44
6.048203218869425,46.69901434929327,19.30358621793918,-0.8887977103087402,10.366149845390805,-14.070567028838134,24.515098591712956,-25.841888803115598,-34.141143838042595,37.71484494661366,-34.20005133100168,45.874121618043205,86.82724146719244,-38.72163430243445,-10.879490359519268,-14.376977949247783,13.55395426833983,-63.994519070693684,10.528697756747484,-44.72830788584646,138.3502435922217,23.3822123878585,37.67448964253481,22.07877812291229,10.021724449723987,36.20625381655222,70.9557914947862,10.636762012470305,22.6691689412857,39.84486892110807,33.62066269324056,31.974828131982342,-0.9162771477173096,13.82203901608313,7.619709385521851,47.32573810423949,-41.091267046266864,-28.620420325369523,-1.83108924211968,-55.4675059131073,10.74748447227243,24.30214085400709,-47.554412391200934,-8.681343630007566
46.69901434929327,440.7063512066582,184.7078105978404,-8.552324137354889,95.41258295305917,-138.73055954704915,233.49500354654666,-243.893279425857,-319.59339995291106,359.90596430281454,-319.9847885710026,424.7069088104718,823.1669265185443,-366.76408812723434,-106.47891585170188,-136.12523640232126,127.08188352371276,-602.123150149547,108.06878680411826,-414.50271493549343,1305.5879752386134,224.27503080425356,346.18754714283006,215.56080183318062,97.6038473493787,341.3373835860822,672.3929326589518,103.30916190861382,215.15873572943835,378.95585214225156,308.999763018903,302.7687085345742,-14.421014611353646,138.5220058834843,68.54178355750642,450.4757624410484,-385.9624652014582,-267.0402794547831,-11.700655509714608,-529.56691575204,100.91060752648713,222.32400350951832,-453.75950692727855,-86.55859005942072
19.30358621793918,184.7078105978404,78.61940205808399,-4.041710548598007,39.809177999924714,-58.784184180108554,98.31272655532022,-102.56081072165847,-134.11759177879412,151.10125296246318,-134.5985985585927,177.63352290378512,346.2240639061182,-153.78025255086692,-44.538526755859515,-58.06470269865063,53.286275585008305,-252.25755523672493,45.469094275895436,-173.9730881902769,548.2024692759951,94.33006460977909,145.8494530455875,89.56206764602426,40.973926676186316,142.77996122481156,282.6146138339869,42.82045195321739,90.48343064505964,158.42036830390327,130.0400775962992,127.63563874023485,-5.8911901948420295,58.673047907630796,29.358051932095325,189.81041935024567,-160.90115008495192,-112.28083035162766,-4.000856692148855,-221.9449967582237,42.72081542872784,92.69296047350802,-191.0254012479693,-36.19203079284818
-0.8887977103087402,-8.552324137354889,-4.041710548598007,0.3516543607793448,-1.8011337482043803,2.8980610972460776,-4.686335343243611,4.868438780088894,6.289159253451966,-7.052367601729775,6.429452786581456,-8.15951340666505,-16.425278510089935,7.1307249997338396,2.0005423133362386,3.0424900089206233,-2.4798145074116387,11.659425180423641,-2.089280052526589,8.213019176289581,-25.730112165236033,-4.451950454958691,-7.099483729825818,-3.808338388889217,-1.8963349745144962,-6.5142981115259895,-13.341120336687089,-1.7857051950950218,-4.2823944694306215,-7.163175568244122,-6.282379104509408,-6.158627468999688,0.16703722798761308,-2.8631176164457597,-1.615708599586796,-9.112716844408412,7.157791630590281,5.356335531956105,-0.08393503510799709,10.22110701864151,-2.1303590299487185,-4.179950867034382,9.100648605222732,1.6058945385101016
10.366149845390805,95.41258295305917,39.809177999924714,-1.8011337482043803,20.73017446862982,-29.83877699320812,50.45779757318311,-52.76822906202243,-69.23105149503668,77.80273738349804,-69.28716380786439,92.1660949138101,178.00608838592711,-79.36511717412097,-22.976363963690677,-29.358012701732886,27.52816362724461,-130.40697423741602,23.18812596052694,-89.881317712369,282.55275006445305,48.441781822707405,75.07761610389554,46.58755213346174,21.057706821870468,73.93340215949769,145.42948436528346,22.349745346392883,46.521423273163684,82.01982034696121,67.02662240297217,65.45103687683198,-3.0115872439626212,29.75023911732202,14.850527443213759,97.33979491519295,-83.68600371412583,-57.84408430815611,-2.7484209707640894,-114.5153333012688,21.814903016385717,48.336797429140155,-98.04250501449894,-18.6458324742602
-14.070567028838134,-138.73055954704915,-58.784184180108554,2.8980610972460776,-29.83877699320812,44.25181006959731,-73.81029164947718,76.93242951900105,100.55282690581419,-113.61526241784432,100.80278345096589,-133.1471172924301,-259.85742088527934,115.55268961732412,33.67437470617,43.29416281233582,-39.980301792361,189.41706182598966,-34.53507756136546,130.1928064006093,-411.44539882499794,-70.94173574849329,-108.83512316679597,-67.88319868050071,-30.89646257925928,-107.31064181332385,-212.15833337116842,-32.46700518448967,-67.93224211341257,-119.2767420737458,-97.09366253528245,-95.67328007489111,4.773731352987452,-44.27205586495019,-21.670015063176017,-142.4246472114475,121.05830065966109,84.0743497150555,3.01512103314277,167.02048498581254,-31.924074747472535,-69.43717334500631,143.45855855568175,27.447622659293774
24.515098591712956,233.49500354654666,98.31272655532022,-4.686335343243611,50.45779757318311,-73.81029164947718,123.91688964777671,-129.34913857176622,-169.36395668223088,190.83796197031572,-169.66555833575234,224.81899547932574,436.6334810053557,-194.36682431736145,-56.43295955562506,-72.4592426344017,67.34337561375409,-318.9651586616936,57.44652939649057,-219.56556992109196,692.122436732146,119.0123424113869,183.55981475511211,114.03341859566987,51.760396871597905,180.7406080657373,356.58200484354535,54.616489190802476,114.13732680366446,200.69429062957522,163.79824164905511,160.6822306748021,-7.6839671307338495,73.71152322868849,36.47206104515817,239.057028810256,-204.20041344685353,-141.57401611734164,-5.806734673327666,-280.67053518147884,53.610347809518096,117.54163672573561,-240.77702835301324,-45.89680274843525
-25.841888803115598,-243.893279425857,-102.56081072165847,4.868438780088894,-52.76822906202243,76.93242951900105,-129.34913857176622,135.08691217529062,176.94334653144884,-199.23299973269673,177.25408955653796,-235.0090439141273,-455.9107307743006,202.9837013938096,58.87433528230419,75.62221340711514,-70.34896215048403,333.2111446459173,-59.80294686052532,229.5059205224279,-722.860475118862,-124.20775201530694,-191.8809401566006,-119.00765016890765,-54.00494113597021,-188.81644828240684,-372.34563137145307,-57.012769971900575,-119.16456153568384,-209.58931767056032,-171.23221637022124,-167.7690551557974,7.904020055528749,-76.78554873615572,-38.136085087534944,-249.56719794466335,213.37000341909047,147.9233610068911,6.240993616624635,293.0357424125388,-55.97888759894892,-122.952390792234,251.34053226111604,47.848538396830875
-34.141143838042595,-319.59339995291106,-134.11759177879412,6.289159253451966,-69.23105149503668,100.55282690581419,-169.36395668223088,176.94334653144884,231.88901790928537,-260.9291776354639,232.23655102795655,-308.19371059770486,-597.0966310128392,265.94680720723346,77.07651147063882,98.90225518651283,-92.19692329295518,436.68957259535676,-78.13612429893325,300.86819590834875,-947.0259868572246,-162.60558861604716,-251.50667393376963,-155.92965059105458,-70.6903136671446,-247.48196145254346,-487.69699957063517,-74.72885429719994,-156.06415492699094,-274.6435674247953,-224.46064359218616,-219.68387185107696,10.252585316982477,-100.32399015465359,-49.93536200632818,-326.75642114850086,279.78845113828316,193.82942032739913,8.471273028796963,383.84532410633045,-73.28564887712673,-161.35296981748095,329.07923300147377,62.608551541393545
37.71484494661366,359.90596430281454,151.10125296246318,-7.052367601729775,77.80273738349804,-113.61526241784432,190.83796197031572,-199.23299973269673,-260.9291776354639,294.1249314165691,-261.28532150311804,346.5078745670825,672.5804471664497,-299.5876102013256,-87.09285046480173,-111.31188151836464,103.76447475342013,-491.6615238012841,88.611126345861,-338.2408211642604,1066.3971012829666,183.361584251878,282.4727640477556,176.21144290920213,79.82516746685054,278.71065412624483,549.345451195117,84.4241380508378,175.81499230344568,309.54795608996983,252.11493365959169,247.39961120124988,-11.981893877183811,113.5138268006295,55.921671014019694,368.16764145032914,-315.04175058481417,-218.02029903576826,-9.221548840254064,-432.7248786445516,82.45409285621162,181.24613606189902,-370.8812308635919,-70.85528372427329
-34.20005133100168,-319.9847885710026,-134.5985985585927,6.429452786581456,-69.28716380786439,100.80278345096589,-169.66555833575234,177.25408955653796,232.23655102795655,-261.28532150311804,232.68933950933135,-308.52176593095083,-598.1266769104953,266.27144558136587,77.11517410777398,99.31690906499497,-92.31418940996392,437.2105147965818,-78.19401990655172,301.3965255558956,-948.4500006786045,-162.85879018137433,-252.10988748856937,-155.83539638450665,-70.77796016878887,-247.7147966416897,-488.48897064974267,-74.65682324063114,-156.3208911268188,-274.83268042414767,-224.9571290762232,-220.1541017210437,10.156997333678767,-100.54949820530199,-50.212978201340746,-327.4193750393049,279.8871901024702,194.1957508350687,8.279600355199513,384.25444277094766,-73.4994447974239,-161.47463217985265,329.67702478268774,62.61834213643358
45.874121618043205,424.7069088104718,177.63352290378512,-8.15951340666505,92.1660949138101,-133.1471172924301,224.81899547932574,-235.0090439141273,-308.19371059770486,346.5078745670825,-308.52176593095083,410.05409217580564,792.866925131437,-353.3490080227054,-102.32248511861246,-130.97745770663678,122.55600601775174,-580.4377388972122,103.4475694603934,-399.9778774447422,1258.1350322821115,215.8406825543383,334.26897816409405,207.2731557604326,93.78641953918716,329.00593203524244,647.6840093444317,99.40489847724774,207.23973076566045,365.0499724371262,298.3847834514914,291.5929368928779,-13.489654257624057,132.7632737922585,66.20841915117175,433.6556274076315,-372.26984109807074,-257.55272503978216,-11.836175887042499,-509.88565575678814,97.23678824850995,214.8993234158936,-436.786634590872,-83.06752400237549
86.82724146719244,823.1669265185443,346.2240639061182,-16.425278510089935,178.00608838592711,-259.85742088527934,436.6334810053557,-455.9107307743006,-597.0966310128392,672.5804471664497,-598.1266769104953,792.866925131437,1538.8512126042694,-685.1492381288704,-198.85341818837358,-255.23348286243134,237.40357863655404,-1124.5605739604475,202.16504020026534,-774.3187384485066,2439.6987727797687,419.33341495255337,647.2475418219066,401.96311802705986,182.3927084497019,637.2769499154823,1256.7843309855705,192.54765855140542,402.23109535795044,707.4975792302913,577.5921574355837,566.2638581631182,-26.89405583669024,259.4542707348901,128.57607374826264,842.4467779358583,-720.0953245253205,-499.11788386740625,-20.88033675119141,-989.2570248753026,188.9065182874614,414.71276122225856,-848.4701329113476,-161.6651992127549
-38.72163430243445,-366.76408812723434,-153.78025255086692,7.1307249997338396,-79.36511717412097,115.55268961732412,-194.36682431736145,202.9837013938096,265.94680720723346,-299.5876102013256,266.27144558136587,-353.3490080227054,-685.1492381288704,305.2581572093618,88.66466467987802,113.30517852922235,-105.75784340184529,501.07965360696556,-90.06079596415276,344.84713549859123,-1086.5836713232352,-186.7119776165148,-288.0007253737075,-179.47514606152134,-81.26213112491833,-284.05541390795827,-559.6408580768511,-86.00628947168369,-179.09306315904485,-315.4104470044738,-257.0637227421103,-251.9981105409829,12.083215726622221,-115.39906975564232,-57.00471357356735,-374.96170366332626,321.1805516473263,222.21030452779675,9.63999870601644,440.8064394477743,-83.98289722825396,-184.92232133855475,377.71616612242093,72.09855611949935
-10.879490359519268,-106.47891585170188,-44.538526755859515,2.0005423133362386,-22.976363963690677,33.67437470617,-56.43295955562506,58.87433528230419,77.07651147063882,-87.09285046480173,77.11517410777398,-102.32248511861246,-198.85341818837358,88.66466467987802,25.909603812401674,32.73998494586658,-30.665157712025888,145.4228878646377,-26.45704808534518,99.77844570557703,-315.2843451980598,-54.293795380441836,-83.11353797232506,-52.52571933947489,-23.701508356392768,-82.50441789344337,-162.44728638797687,-25.167818629028773,-51.98997863584664,-91.75710164370143,-74.21337446721232,-73.073193895775,3.7589983165390985,-33.715073741139285,-16.308219167910327,-108.84130285466146,93.32156698476032,64.33338861619481,2.7334824651028335,128.2196878756843,-24.28796891056684,-53.49609557312377,109.71155184519068,21.13088958654424
-14.376977949247783,-136.12523640232126,-58.06470269865063,3.0424900089206233,-29.358012701732886,43.29416281233582,-72.4592426344017,75.62221340711514,98.90225518651283,-111.31188151836464,99.31690906499497,-130.97745770663678,-255.23348286243134,113.30517852922235,32.73998494586658,42.948095858519594,-39.27512435097049,185.91863799382642,-33.36144504376918,128.42044713290625,-404.1127606034665,-69.47820997978177,-107.76423744270497,-65.75916144601113,-30.165537270657286,-105.19877262803924,-208.3262476612094,-31.430676655512986,-66.68759109546522,-116.62435079598889,-96.05464485513308,-94.15487610245566,4.193373514010672,-43.18189729524307,-21.80245284996167,-139.97407890566203,118.45990142413255,82.84402765356575,2.9300958148420366,163.4386862246987,-31.553406627422678,-68.36328158051168,140.8042230742165,26.568061694517006
13.55395426833983,127.08188352371276,53.286275585008305,-2.4798145074116387,27.52816362724461,-39.980301792361,67.34337561375409,-70.34896215048403,-92.19692329295518,103.76447475342013,-92.31418940996392,122.55600601775174,237.40357863655404,-105.75784340184529,-30.665157712025888,-39.27512435097049,36.66540767355877,-173.6475356847574,31.098251768936823,-119.58351719138263,376.5534953375564,64.66887525074854,99.94687125669643,62.06322952620866,28.109138123440115,98.41706481316386,193.91064788480156,29.749827897991693,62.05784885667266,109.24401980054873,89.20769056465087,87.3254083727092,-4.113255820705912,39.8933322325726,19.809883784600547,129.89393779083088,-111.30333924348388,-77.05067455990908,-3.386658751756908,-152.66173544383045,29.123386530854866,64.1625832549489,-130.83911103329555,-24.916691795578654
-63.994519070693684,-602.123150149547,-252.25755523672493,11.659425180423641,-130.40697423741602,189.41706182598966,-318.9651586616936,333.2111446459173,436.68957259535676,-491.6615238012841,437.2105147965818,-580.4377388972122,-1124.5605739604475,501.07965360696556,145.4228878646377,185.91863799382642,-173.6475356847574,822.707933445988,-147.49801568407455,566.428984800298,-1783.7632671721124,-306.35742035509065,-473.10848270994245,-294.4377601902929,-133.29433846225803,-466.3826794853949,-918.5929985514846,-141.12922552055787,-293.9395564427461,-517.7360759185887,-422.29425071308066,-413.6103495907018,19.618581431525286,-189.09112319131626,-93.66351583829925,-615.3557288794269,527.4213922095765,364.88673503973945,16.124402544281907,723.4416497866224,-137.86151206224005,-303.9052058412937,619.8387687774866,118.19156391204052
10.528697756747484,108.06878680411826,45.469094275895436,-2.089280052526589,23.18812596052694,-34.53507756136546,57.44652939649057,-59.80294686052532,-78.13612429893325,88.611126345861,-78.19401990655172,103.4475694603934,202.16504020026534,-90.06079596415276,-26.45704808534518,-33.36144504376918,31.098251768936823,-147.49801568407455,27.28969426785479,-100.92116353851726,320.13902406320454,55.3271492106373,84.01716894197976,53.542986169233664,24.192912292152023,83.67737872735778,165.11288624600414,25.623623247549244,52.87154693331421,93.22206624629847,75.00919244210546,74.30236060474776,-4.080622117220463,34.67099324853188,16.46510303193705,110.7580449947957,-94.54191973023227,-65.1976357697768,-2.400496609939938,-130.42387384532907,24.683047467298397,53.91376169240919,-111.68876925601943,-21.65108359741806
-44.72830788584646,-414.50271493549343,-173.9730881902769,8.213019176289581,-89.881317712369,130.1928064006093,-219.56556992109196,229.5059205224279,300.86819590834875,-338.2408211642604,301.3965255558956,-399.9778774447422,-774.3187384485066,344.84713549859123,99.77844570557703,128.42044713290625,-119.58351719138263,566.428984800298,-100.92116353851726,390.6780458603834,-1228.2855649145272,-210.71353973058828,-326.7174625016346,-201.80194474410527,-91.58457590779255,-320.9748615155222,-632.4530808781883,-96.71197856265721,-202.34834982253912,-355.9804030579736,-291.5489606985067,-284.9706636696904,12.959675265197658,-129.81525937288757,-65.03313789279623,-423.77004062802376,362.78536413128245,251.55784719480297,11.154116643791758,497.5120061287787,-95.11857087974077,-209.51810034188708,426.66017007242493,80.9613007331818
138.3502435922217,1305.5879752386134,548.2024692759951,-25.730112165236033,282.55275006445305,-411.44539882499794,692.122436732146,-722.860475118862,-947.0259868572246,1066.3971012829666,-948.4500006786045,1258.1350322821115,2439.6987727797687,-1086.5836713232352,-315.2843451980598,-404.1127606034665,376.5534953375564,-1783.7632671721124,320.13902406320454,-1228.2855649145272,3868.806748522841,664.6916993505675,1026.4672593120201,637.7543909324476,289.1105784433609,1010.9672907850168,1992.6560281769073,305.5882231860553,637.6974944055964,1122.2736420430817,916.0882772139279,897.5815403026181,-42.498611987842196,410.73408850702737,203.6478976955928,1335.3147657156323,-1142.7714110548695,-791.5103750901889,-33.9782552816883,-1568.7459006386018,299.3489498724897,658.3926926006641,-1344.921383379514,-256.2626826687941
23.3822123878585,224.27503080425356,94.33006460977909,-4.451950454958691,48.441781822707405,-70.94173574849329,119.0123424113869,-124.20775201530694,-162.60558861604716,183.361584251878,-162.85879018137433,215.8406825543383,419.33341495255337,-186.7119776165148,-54.293795380441836,-69.47820997978177,64.66887525074854,-306.35742035509065,55.3271492106373,-210.71353973058828,664.6916993505675,114.36023719736117,176.04072590838635,109.76936207679825,49.76479209495521,173.63478217672753,342.4684945143202,52.580701087630494,109.62335467745116,192.8851356574082,157.11141076277735,154.26731226896712,-7.515453744338932,70.88462801935086,34.885389329575226,229.5742174621902,-196.22175976995962,-135.8872380632265,-5.579668002291013,-269.7215688337731,51.434643057119274,112.83355890989623,-231.27381515572532,-44.18730795021013
37.67448964253481,346.18754714283006,145.8494530455875,-7.099483729825818,75.07761610389554,-108.83512316679597,183.55981475511211,-191.8809401566006,-251.50667393376963,282.4727640477556,-252.10988748856937,334.26897816409405,647.2475418219066,-288.0007253737075,-83.11353797232506,-107.76423744270497,99.94687125669643,-473.10848270994245,84.01716894197976,-326.7174625016346,1026.4672593120201,176.04072590838635,273.70993991415793,167.7908758795327,76.37062536389392,267.92474866255134,528.5612137708595,80.38714175353614,169.1376992748854,296.97668236028153,244.17540741918936,238.36244917357516,-10.513487296748297,108.39939330903586,54.79377906858843,354.2906861009907,-302.6455984284998,-210.442366829086,-9.0600355487121,-415.26377347311325,79.70489721913864,175.0441998082342,-356.5967325729883,-67.36961679487085
22.07877812291229,215.56080183318062,89.56206764602426,-3.808338388889217,46.58755213346174,-67.88319868050071,114.03341859566987,-119.00765016890765,-155.92965059105458,176.21144290920213,-155.83539638450665,207.2731557604326,401.96311802705986,-179.47514606152134,-52.52571933947489,-65.75916144601113,62.06322952620866,-294.4377601902929,53.542986169233664,-201.80194474410527,637.7543909324476,109.76936207679825,167.7908758795327,106.80093714321234,47.97222059052267,167.16940434424566,328.4716860955083,51.225327362165814,105.10430719249204,185.99205778856557,149.8928335725589,147.5604659084017,-7.737275688521379,68.0019518461629,32.657553670428115,219.8500432249016,-189.3582896959375,-130.0191766840612,-5.958161003667186,-259.6243084379954,48.94639779100509,108.49330205757609,-221.70432007589434,-42.85797099538272
10.021724449723987,97.6038473493787,40.973926676186316,-1.8963349745144962,21.057706821870468,-30.89646257925928,51.760396871597905,-54.00494113597021,-70.6903136671446,79.82516746685054,-70.77796016878887,93.78641953918716,182.3927084497019,-81.26213112491833,-23.701508356392768,-30.165537270657286,28.109138123440115,-133.29433846225803,24.192912292152023,-91.58457590779255,289.1105784433609,49.76479209495521,76.37062536389392,47.97222059052267,21.720564448726883,75.59478330591033,148.98194458400826,22.972893287047732,47.67502198450565,84.0126579389358,68.16495704204648,67.08151496413016,-3.359699930638514,30.924458607416828,15.078600529550654,99.88875913528032,-85.41133326628562,-59.03594146883203,-2.432405386651272,-117.463725112378,22.32762866798637,49.01969963510018,-100.63725379134961,-19.310616702218574
36.20625381655222,341.3373835860822,142.77996122481156,-6.5142981115259895,73.93340215949769,-107.31064181332385,180.7406080657373,-188.81644828240684,-247.48196145254346,278.71065412624483,-247.7147966416897,329.00593203524244,637.2769499154823,-284.05541390795827,-82.50441789344337,-105.19877262803924,98.41706481316386,-466.3826794853949,83.67737872735778,-320.9748615155222,1010.9672907850168,173.63478217672753,267.92474866255134,167.16940434424566,75.59478330591033,264.449998743457,520.5982125908131,80.14189021920701,166.57555928475344,293.6153135264067,239.17287853258853,234.332311445651,-11.212182726871085,107.16421388030895,52.92656271620224,348.6832851950637,-299.13564122280167,-206.72920882946207,-9.266497764590437,-410.1813188984782,78.05677252832335,172.29408242168537,-351.2601800889712,-67.0735081075564
70.9557914947862,672.3929326589518,282.6146138339869,-13.341120336687089,145.42948436528346,-212.15833337116842,356.58200484354535,-372.34563137145307,-487.69699957063517,549.345451195117,-488.48897064974267,647.6840093444317,1256.7843309855705,-559.6408580768511,-162.44728638797687,-208.3262476612094,193.91064788480156,-918.5929985514846,165.11288624600414,-632.4530808781883,1992.6560281769073,342.4684945143202,528.5612137708595,328.4716860955083,148.98194458400826,520.5982125908131,1026.4541717790519,157.35966893294443,328.50279416841624,577.9745632014318,471.698563520054,462.4276823408889,-21.992675534321087,211.84087910150592,104.92309714175127,687.9851760105328,-588.3276750966044,-407.630344852209,-17.199346712783296,-808.0618598725766,154.23579892979504,338.8214116467896,-692.9256237742288,-132.07019444428923
10.636762012470305,103.30916190861382,42.82045195321739,-1.7857051950950218,22.349745346392883,-32.46700518448967,54.616489190802476,-57.012769971900575,-74.72885429719994,84.4241380508378,-74.65682324063114,99.40489847724774,192.54765855140542,-86.00628947168369,-25.167818629028773,-31.430676655512986,29.749827897991693,-141.12922552055787,25.623623247549244,-96.71197856265721,305.5882231860553,52.580701087630494,80.38714175353614,51.225327362165814,22.972893287047732,80.14189021920701,157.35966893294443,24.58391222784535,50.35154588270232,89.16848231703382,71.82322257747167,70.6610748019403,-3.7067201899050293,32.518619696451374,15.605756720666573,105.27316546442441,-90.83568536568325,-62.29337657665474,-2.9429340718889536,-124.41547870618129,23.43013188188727,52.06217270197103,-106.17614523420019,-20.532960084930462
22.6691689412857,215.15873572943835,90.48343064505964,-4.2823944694306215,46.521423273163684,-67.93224211341257,114.13732680366446,-119.16456153568384,-156.06415492699094,175.81499230344568,-156.3208911268188,207.23973076566045,402.23109535795044,-179.09306315904485,-51.98997863584664,-66.68759109546522,62.05784885667266,-293.9395564427461,52.87154693331421,-202.34834982253912,637.6974944055964,109.62335467745116,169.1376992748854,105.10430719249204,47.67502198450565,166.57555928475344,328.50279416841624,50.35154588270232,105.14535881587403,184.95166601605433,150.9389074431078,148.0011839418529,-7.058662312283314,67.82994861661608,33.575288426088555,220.18705785923297,-188.24631942944177,-130.44536385059584,-5.4535246641500885,-258.60066519627463,49.370507799454266,108.39065671065231,-221.77751229139352,-42.27455601021796
39.84486892110807,378.95585214225156,158.42036830390327,-7.163175568244122,82.01982034696121,-119.2767420737458,200.69429062957522,-209.58931767056032,-274.6435674247953,309.54795608996983,-274.83268042414767,365.0499724371262,707.4975792302913,-315.4104470044738,-91.75710164370143,-116.62435079598889,109.24401980054873,-517.7360759185887,93.22206624629847,-355.9804030579736,1122.2736420430817,192.8851356574082,296.97668236028153,185.99205778856557,84.0126579389358,293.6153135264067,577.9745632014318,89.16848231703382,184.95166601605433,326.1725761101732,265.1431687289824,260.0745735507342,-12.71918860848506,119.1849771786353,58.51260394873047,387.0794467218911,-332.2055351550571,-229.35383013562165,-10.207764196923536,-455.64102087387,86.5736730011614,191.1041119241532,-390.0361515730072,-74.66564606006534
33.62066269324056,308.999763018903,130.0400775962992,-6.282379104509408,67.02662240297217,-97.09366253528245,163.79824164905511,-171.23221637022124,-224.46064359218616,252.11493365959169,-224.9571290762232,298.3847834514914,577.5921574355837,-257.0637227421103,-74.21337446721232,-96.05464485513308,89.20769056465087,-422.29425071308066,75.00919244210546,-291.5489606985067,916.0882772139279,157.11141076277735,244.17540741918936,149.8928335725589,68.16495704204648,239.17287853258853,471.698563520054,71.82322257747167,150.9389074431078,265.1431687289824,217.851836859568,212.66436429748393,-9.434470760483437,96.70864817053591,48.81207159409275,316.11503760767533,-270.24542275922744,-187.78806109168232,-8.174464528601447,-370.6867440862431,71.0856026104494,156.27750870384543,-318.20676817086104,-60.165924773215096
31.974828131982342,302.7687085345742,127.63563874023485,-6.158627468999688,65.45103687683198,-95.67328007489111,160.6822306748021,-167.7690551557974,-219.68387185107696,247.39961120124988,-220.1541017210437,291.5929368928779,566.2638581631182,-251.9981105409829,-73.073193895775,-94.15487610245566,87.3254083727092,-413.6103495907018,74.30236060474776,-284.9706636696904,897.5815403026181,154.26731226896712,238.36244917357516,147.5604659084017,67.08151496413016,234.332311445651,462.4276823408889,70.6610748019403,148.0011839418529,260.0745735507342,212.66436429748393,208.46679000021823,-9.774629693587134,95.5078543175934,47.502955342186496,310.09586002521047,-264.6278718177857,-183.69548022258232,-7.507280588005093,-363.7783333549688,69.6009124579078,152.4752956122566,-312.2405061094696,-59.38309438505139
-0.9162771477173096,-14.421014611353646,-5.8911901948420295,0.16703722798761308,-3.0115872439626212,4.773731352987452,-7.6839671307338495,7.904020055528749,10.252585316982477,-11.981893877183811,10.156997333678767,-13.489654257624057,-26.89405583669024,12.083215726622221,3.7589983165390985,4.193373514010672,-4.113255820705912,19.618581431525286,-4.080622117220463,12.959675265197658,-42.498611987842196,-7.515453744338932,-10.513487296748297,-7.737275688521379,-3.359699930638514,-11.212182726871085,-21.992675534321087,-3.7067201899050293,-7.058662312283314,-12.71918860848506,-9.434470760483437,-9.774629693587134,0.9178543616509063,-4.902984987425974,-1.8384455998682183,-14.712050800672026,12.77195651659887,8.45178014719039,0.24693257726265633,17.75225439655429,-3.157338114820702,-6.950807182929076,14.960976072016562,3.1672291604774094
13.82203901608313,138.5220058834843,58.673047907630796,-2.8631176164457597,29.75023911732202,-44.27205586495019,73.71152322868849,-76.78554873615572,-100.32399015465359,113.5138268006295,-100.54949820530199,132.7632737922585,259.4542707348901,-115.39906975564232,-33.715073741139285,-43.18189729524307,39.8933322325726,-189.09112319131626,34.67099324853188,-129.81525937288757,410.73408850702737,70.88462801935086,108.39939330903586,68.0019518461629,30.924458607416828,107.16421388030895,211.84087910150592,32.518619696451374,67.82994861661608,119.1849771786353,96.70864817053591,95.5078543175934,-4.902984987425974,44.35666718941768,21.52201027501128,142.24055986575618,-120.87588572724782,-83.83793294099884,-2.946454987082353,-166.90296169411008,31.83686030870379,69.19448335070155,-143.29852226184428,-27.51420888293538
7.619709385521851,68.54178355750642,29.358051932095325,-1.615708599586796,14.850527443213759,-21.670015063176017,36.47206104515817,-38.136085087534944,-49.93536200632818,55.921671014019694,-50.212978201340746,66.20841915117175,128.57607374826264,-57.00471357356735,-16.308219167910327,-21.80245284996167,19.809883784600547,-93.66351583829925,16.46510303193705,-65.03313789279623,203.6478976955928,34.885389329575226,54.79377906858843,32.657553670428115,15.078600529550654,52.92656271620224,104.92309714175127,15.605756720666573,33.575288426088555,58.51260394873047,48.81207159409275,47.502955342186496,-1.8384455998682183,21.52201027501128,11.248687709135357,70.51088219948244,-59.54633368751461,-41.908895390507844,-1.5395363392085617,-82.02972294490205,15.98626766283436,34.6157773970077,-70.84648235722386,-13.164809732439158
47.32573810423949,450.4757624410484,189.81041935024567,-9.112716844408412,97.33979491519295,-142.4246472114475,239.057028810256,-249.56719794466335,-326.75642114850086,368.16764145032914,-327.4193750393049,433.6556274076315,842.4467779358583,-374.96170366332626,-108.84130285466146,-139.97407890566203,129.89393779083088,-615.3557288794269,110.7580449947957,-423.77004062802376,1335.3147657156323,229.5742174621902,354.2906861009907,219.8500432249016,99.88875913528032,348.6832851950637,687.9851760105328,105.27316546442441,220.18705785923297,387.0794467218911,316.11503760767533,310.09586002521047,-14.712050800672026,142.24055986575618,70.51088219948244,461.35748468325346,-393.7799128033796,-273.1816648825444,-11.141312965106435,-541.4128456076087,103.4821648384883,226.73095917367777,-464.5914571029964,-88.48984317710351
-41.091267046266864,-385.9624652014582,-160.90115008495192,7.157791630590281,-83.68600371412583,121.05830065966109,-204.20041344685353,213.37000341909047,279.78845113828316,-315.04175058481417,279.8871901024702,-372.26984109807074,-720.0953245253205,321.1805516473263,93.32156698476032,118.45990142413255,-111.30333924348388,527.4213922095765,-94.54191973023227,362.78536413128245,-1142.7714110548695,-196.22175976995962,-302.6455984284998,-189.3582896959375,-85.41133326628562,-299.13564122280167,-588.3276750966044,-90.83568536568325,-188.24631942944177,-332.2055351550571,-270.24542275922744,-264.6278718177857,12.77195651659887,-120.87588572724782,-59.54633368751461,-393.7799128033796,338.6946764788763,233.62387935490528,10.883486926625453,463.8261042431056,-88.07573565884947,-195.0730285320089,396.8050968421353,75.8805495011861
-28.620420325369523,-267.0402794547831,-112.28083035162766,5.356335531956105,-57.84408430815611,84.0743497150555,-141.57401611734164,147.9233610068911,193.82942032739913,-218.02029903576826,194.1957508350687,-257.55272503978216,-499.11788386740625,222.21030452779675,64.33338861619481,82.84402765356575,-77.05067455990908,364.88673503973945,-65.1976357697768,251.55784719480297,-791.5103750901889,-135.8872380632265,-210.442366829086,-130.0191766840612,-59.03594146883203,-206.72920882946207,-407.630344852209,-62.29337657665474,-130.44536385059584,-229.35383013562165,-187.78806109168232,-183.69548022258232,8.45178014719039,-83.83793294099884,-41.908895390507844,-273.1816648825444,233.62387935490528,162.08896070035763,6.96535173667759,320.63964987960594,-61.3276843322717,-134.8203215844707,275.0742509968967,52.23292728460349
-1.83108924211968,-11.700655509714608,-4.000856692148855,-0.08393503510799709,-2.7484209707640894,3.01512103314277,-5.806734673327666,6.240993616624635,8.471273028796963,-9.221548840254064,8.279600355199513,-11.836175887042499,-20.88033675119141,9.63999870601644,2.7334824651028335,2.9300958148420366,-3.386658751756908,16.124402544281907,-2.400496609939938,11.154116643791758,-33.9782552816883,-5.579668002291013,-9.0600355487121,-5.958161003667186,-2.432405386651272,-9.266497764590437,-17.199346712783296,-2.9429340718889536,-5.4535246641500885,-10.207764196923536,-8.174464528601447,-7.507280588005093,0.24693257726265633,-2.946454987082353,-1.5395363392085617,-11.141312965106435,10.883486926625453,6.96535173667759,1.1380254566458348,13.813980394585313,-2.4150312412622545,-6.50161318752647,11.282484298418517,2.167137817099406
-55.4675059131073,-529.56691575204,-221.9449967582237,10.22110701864151,-114.5153333012688,167.02048498581254,-280.67053518147884,293.0357424125388,383.84532410633045,-432.7248786445516,384.25444277094766,-509.88565575678814,-989.2570248753026,440.8064394477743,128.2196878756843,163.4386862246987,-152.66173544383045,723.4416497866224,-130.42387384532907,497.5120061287787,-1568.7459006386018,-269.7215688337731,-415.26377347311325,-259.6243084379954,-117.463725112378,-410.1813188984782,-808.0618598725766,-124.41547870618129,-258.60066519627463,-455.64102087387,-370.6867440862431,-363.7783333549688,17.75225439655429,-166.90296169411008,-82.02972294490205,-541.4128456076087,463.8261042431056,320.63964987960594,13.813980394585313,636.7789727231769,-121.16764533300572,-266.77108934004315,545.4767481952845,104.33923884013639
10.74748447227243,100.91060752648713,42.72081542872784,-2.1303590299487185,21.814903016385717,-31.924074747472535,53.610347809518096,-55.97888759894892,-73.28564887712673,82.45409285621162,-73.4994447974239,97.23678824850995,188.9065182874614,-83.98289722825396,-24.28796891056684,-31.553406627422678,29.123386530854866,-137.86151206224005,24.683047467298397,-95.11857087974077,299.3489498724897,51.434643057119274,79.70489721913864,48.94639779100509,22.32762866798637,78.05677252832335,154.23579892979504,23.43013188188727,49.370507799454266,86.5736730011614,71.0856026104494,69.6009124579078,-3.157338114820702,31.83686030870379,15.98626766283436,103.4821648384883,-88.07573565884947,-61.3276843322717,-2.4150312412622545,-121.16764533300572,23.28353262962008,50.82824823999989,-104.15647762702686,-19.714873448031717
24.30214085400709,222.32400350951832,92.69296047350802,-4.179950867034382,48.336797429140155,-69.43717334500631,117.54163672573561,-122.952390792234,-161.35296981748095,181.24613606189902,-161.47463217985265,214.8993234158936,414.71276122225856,-184.92232133855475,-53.49609557312377,-68.36328158051168,64.1625832549489,-303.9052058412937,53.91376169240919,-209.51810034188708,658.3926926006641,112.83355890989623,175.0441998082342,108.49330205757609,49.01969963510018,172.29408242168537,338.8214116467896,52.06217270197103,108.39065671065231,191.1041119241532,156.27750870384543,152.4752956122566,-6.950807182929076,69.19448335070155,34.6157773970077,226.73095917367777,-195.0730285320089,-134.8203215844707,-6.50161318752647,-266.77108934004315,50.82824823999989,112.74822786772985,-228.36705265002536,-43.394905215997674
-47.554412391200934,-453.75950692727855,-191.0254012479693,9.100648605222732,-98.04250501449894,143.45855855568175,-240.77702835301324,251.34053226111604,329.07923300147377,-370.8812308635919,329.67702478268774,-436.786634590872,-848.4701329113476,377.71616612242093,109.71155184519068,140.8042230742165,-130.83911103329555,619.8387687774866,-111.68876925601943,426.66017007242493,-1344.921383379514,-231.27381515572532,-356.5967325729883,-221.70432007589434,-100.63725379134961,-351.2601800889712,-692.9256237742288,-106.17614523420019,-221.77751229139352,-390.0361515730072,-318.20676817086104,-312.2405061094696,14.960976072016562,-143.29852226184428,-70.84648235722386,-464.5914571029964,396.8050968421353,275.0742509968967,11.282484298418517,545.4767481952845,-104.15647762702686,-228.36705265002536,467.91903244639616,89.23073320474285
-8.681343630007566,-86.55859005942072,-36.19203079284818,1.6058945385101016,-18.6458324742602,27.447622659293774,-45.89680274843525,47.848538396830875,62.608551541393545,-70.85528372427329,62.61834213643358,-83.06752400237549,-161.6651992127549,72.09855611949935,21.13088958654424,26.568061694517006,-24.916691795578654,118.19156391204052,-21.65108359741806,80.9613007331818,-256.2626826687941,-44.18730795021013,-67.36961679487085,-42.85797099538272,-19.310616702218574,-67.0735081075564,-132.07019444428923,-20.532960084930462,-42.27455601021796,-74.66564606006534,-60.165924773215096,-59.38309438505139,3.1672291604774094,-27.51420888293538,-13.164809732439158,-88.48984317710351,75.8805495011861,52.23292728460349,2.167137817099406,104.33923884013639,-19.714873448031717,-43.394905215997674,89.23073320474285,17.263304525313064
