V1,V2,V3,V4,V5,V6,V7,V8,V9,V10,V11,V12,V13,V14,V15,V16,V17,V18,V19,V20,V21,V22,V23,V24,V25,V26,V27,V28,V29,V30,V31,V32,V33,V34,V35,V36,V37,V38,V39,V40,V41,V42,V43,V44
0.4129632223607016,2.679104463297278,1.096665966650538,-0.009305717049044107,0.6036112170290664,-0.8051956854197363,1.3688102961745554,-1.4224814236122403,-1.908959231347305,2.225061117344307,-2.005776524592943,2.6939942397253747,5.042368142331564,-2.2829600142704307,-0.6574396143921842,-0.7729593012389876,0.7895388385004126,-3.8220719641457466,0.5866720873562264,-2.5724820306825325,8.06644204019512,1.307967952196225,2.210604092003314,1.3312894038669278,0.6020657109534029,2.1080700773057024,4.126852285965699,0.6613360362031604,1.3471386944690669,2.3822425955031976,1.9317549983736162,1.8063129867914116,-0.07492938902673352,0.790755278277835,0.3754878397631394,2.6885450289578783,-2.4184320593116757,-1.6416442180533226,-0.11395736719410769,-3.2240463223032387,0.5830522182125578,1.5016279326549429,-2.7070887867901434,-0.4677264556430134
2.679104463297278,26.108762304434606,10.356278138973439,-0.7124130336656901,5.910060314220717,-8.114638376084924,13.521124351061845,-14.415734780832244,-18.775737116639657,20.523902435173923,-18.48967328584124,24.845566815294568,47.90103588693173,-21.54230254656551,-6.208077486296854,-7.491218760416071,7.412029318938883,-35.04422124477628,6.5418630917364835,-24.023504587336845,75.74394036637878,12.959260804897944,20.025366585263757,12.478442761340307,5.554703141813369,19.55234093239135,39.10131857912505,5.650929812513325,12.109877970393244,22.052692876518584,18.419879927755193,17.165149874111172,-1.2893056795123978,7.927380759486776,4.434727233688584,25.893319906167093,-22.696164215231182,-16.088994058929867,-0.9303405923472701,-30.926808156964885,5.549467814006765,12.831740278262824,-26.352378980669396,-5.167279845839698
1.096665966650538,10.356278138973439,4.938071747660781,-0.040186972225459354,1.980735201656467,-3.3984804030216105,5.818027966597736,-5.813703792185242,-7.703334498402138,9.191068414464697,-7.9322378332644154,10.198895521441353,20.1517776748764,-8.753385875186687,-2.583036732132803,-3.799930531959221,3.0785454725801467,-14.630586723676245,2.4527702172365107,-10.235968292715615,32.13318623991209,5.6148612928457045,8.532399284922972,5.330488356908209,2.506085725883128,8.629642935284947,16.48413318308389,2.8502650883262928,5.632018631690351,9.215966668580151,7.124106795535526,7.88762751675879,0.07363766615437423,3.5455804832840507,1.2893101252908075,11.386379999551364,-9.178653100438646,-6.028195927405469,-0.010738911415176874,-12.880630540282956,2.7856043743109025,5.444777025791759,-11.228645166439762,-2.051524532433151
-0.009305717049044107,-0.7124130336656901,-0.040186972225459354,0.1686221382551991,-0.30293715123488013,0.26343620611791135,-0.16420637510368521,0.3493801757875112,0.3956090836474613,-0.15247599075495122,0.3030278750672487,-0.4632659979868217,-0.9714013412361543,0.5619285879572474,0.15427240774017234,-0.11876967722371429,-0.12538728560795045,0.7145625978362445,-0.3071730580378037,0.35666272271234917,-1.2995121956553122,-0.14761689201412523,-0.32192054449964036,-0.20324598272577085,-0.057272104606399574,-0.10163679496217247,-0.7661879035530048,0.12025527205121696,0.01138565474534089,-0.42402393965968754,-0.5991781677936392,-0.03359980329983748,0.3364313847769789,-0.11098514653829485,-0.3446775086090018,-0.2863206248472327,0.4843478657410922,0.6758177008857104,0.07181330818536699,0.6602204389363372,0.16783378096528273,-0.19137167018922568,0.49484437063812875,0.17753973708171747
0.6036112170290664,5.910060314220717,1.980735201656467,-0.30293715123488013,1.5506295449737348,-1.8312821932456649,2.7855540889596444,-3.1719634478868075,-4.082739507186962,4.131740043704585,-3.925454271379659,5.427331600590712,10.378696455362068,-4.832757840167976,-1.372943185553654,-1.2467382982393096,1.5945717387183944,-7.681502929712997,1.5955830091264487,-5.069557512598041,16.174118406793227,2.6361685115594957,4.295224876269853,2.6470434740191915,1.1356296322052963,3.9006079659156367,8.444878897802287,0.9570675939423952,2.31555020002572,4.793463174239334,4.308832125229027,3.300780286551187,-0.6685727479436994,1.6202420698770152,1.2632333405856373,5.292092220062209,-5.0189214376471964,-3.9091114361069637,-0.33148924856997125,-6.739209745337393,0.8502940217571964,2.7751144555777403,-5.625032042702156,-1.1687861735502867
-0.8051956854197363,-8.114638376084924,-3.3984804030216105,0.26343620611791135,-1.8312821932456649,2.710178344753521,-4.178837285358722,4.429025117945588,5.763076898350959,-6.494482056927777,5.862147089040881,-7.659845468065092,-15.199871488809652,6.832512924338663,2.0113086335643326,2.352545387679813,-2.2949142402114693,11.116128253958788,-2.127804325757433,7.446820305845325,-23.829113465689034,-3.9997832742433603,-6.334244326202501,-3.9183517091540625,-1.8013127576754635,-5.992889014528312,-12.375609410989341,-1.7502181943370665,-3.8284071186097504,-6.9530848063814785,-5.778050412850292,-5.346989132209125,0.510712716278465,-2.593800563114948,-1.389508671472398,-8.139070466218046,6.976150205597474,5.119774133296491,0.11047668861254906,9.731377383091889,-1.617837301030107,-4.03952694371421,8.334507877044283,1.6114138362568313
1.3688102961745554,13.521124351061845,5.818027966597736,-0.16420637510368521,2.7855540889596444,-4.178837285358722,7.4136593043917305,-7.620971806720161,-9.963499722715516,11.306389275374675,-9.882663297302816,13.12708501096062,25.362607573431237,-11.143779380460419,-3.2381902628140855,-4.502971541770717,3.949874707132862,-18.400554239797426,3.2270890398388197,-12.917275766396948,40.444024923152774,7.1381231157284635,10.648958440095434,6.678730452469382,3.0289639327643796,10.850725690495079,20.739435330329854,3.3697732004613874,6.832043278865851,11.655905476792482,9.320496153196554,9.681358570321185,-0.14542482768049997,4.333429393912084,1.9449810156121385,14.192137615955762,-11.919518777327427,-7.925699922113058,-0.34699969478736464,-16.33687154095733,3.465187593385504,6.770856368425118,-14.089937320950161,-2.6854471802641227
-1.4224814236122403,-14.415734780832244,-5.813703792185242,0.3493801757875112,-3.1719634478868075,4.429025117945588,-7.620971806720161,8.154057935278347,10.622992185244044,-11.432086671974817,10.245603633426029,-13.764049001981217,-26.416777011308906,11.712259795321721,3.3410381189189944,4.408211162382817,-4.0747076391046155,19.13916012420268,-3.5414157143246072,13.537784716769911,-41.9945923377695,-7.354522646174834,-10.99620138528224,-6.959836905556286,-3.063672985822182,-11.051465262282578,-21.63960836790831,-3.2703310518978546,-6.757165219524,-12.106826962284098,-10.042553199828133,-9.822190861550599,0.4346068751576958,-4.3351785071833016,-2.3576053201904723,-14.548265055330072,12.597827486784652,8.768614101375988,0.5504084696046324,17.198088114311286,-3.264642337975898,-7.0348982021613224,14.75636284863901,2.9875578454336393
-1.908959231347305,-18.775737116639657,-7.703334498402138,0.3956090836474613,-4.082739507186962,5.763076898350959,-9.963499722715516,10.622992185244044,13.965959235009775,-15.033585627111385,13.4415139319491,-18.030567243191282,-34.55649200123566,15.285831364084189,4.328967994730164,5.879383314419185,-5.318293846662301,25.073350556754647,-4.551038140709259,17.869782627818388,-55.06402857591679,-9.608532580663883,-14.45944187022389,-9.166985186138596,-4.03776452342233,-14.551503098670088,-28.345535967443414,-4.391948450878091,-8.898392692148901,-15.81786862686869,-13.062756072434707,-13.01344647998424,0.41740548515120807,-5.630276997027844,-2.9945203481504215,-19.119518032313632,16.4792667351858,11.379491631503553,0.7264036492488064,22.534313063296867,-4.274138419679436,-9.29411224276073,19.38930986068303,3.910481137141587
2.225061117344307,20.523902435173923,9.191068414464697,-0.15247599075495122,4.131740043704585,-6.494482056927777,11.306389275374675,-11.432086671974817,-15.033585627111385,17.646398740106903,-15.350432589833657,20.124654237518968,39.18551319460369,-17.219186238345838,-5.063337779018266,-7.005717709561943,6.078497997416268,-28.601773163090254,4.851930611357142,-19.807216936439563,62.44587932051444,10.880612358433337,16.590948175771057,10.30067068377145,4.7677623101017925,16.708760022168153,32.008379001225656,5.319946351090717,10.756291229948843,18.051766513197823,14.211311008824996,14.954381853552347,-0.14732834458258856,6.786507151725224,2.765148509368276,21.882014055750403,-18.16010334615649,-12.0087616713256,-0.3116963776648875,-25.051959731648218,5.339556297313495,10.618716461864778,-21.62245258896326,-3.9540819313975626
-2.005776524592943,-18.48967328584124,-7.9322378332644154,0.3030278750672487,-3.925454271379659,5.862147089040881,-9.882663297302816,10.245603633426029,13.4415139319491,-15.350432589833657,13.594015771072264,-17.926288109850756,-34.82245676199994,15.454805986577954,4.507437233080451,5.878484695956692,-5.367008212259275,25.474212939876526,-4.482449227473862,17.554477467239504,-55.293408444229804,-9.510805911601627,-14.685513704401615,-9.125466076050015,-4.162490773073235,-14.522479092826005,-28.450558286412935,-4.469968761443388,-9.23230875117415,-16.0376604948308,-12.948607076631824,-12.92606368828698,0.4746199707990236,-5.8933162228521025,-2.7590787265552454,-19.130478404333783,16.247442693775586,11.148503662194905,0.4057121492241595,22.35614580126994,-4.366124436226826,-9.450326590863913,19.188584029905545,3.615301755414237
2.6939942397253747,24.845566815294568,10.198895521441353,-0.4632659979868217,5.427331600590712,-7.659845468065092,13.12708501096062,-13.764049001981217,-18.030567243191282,20.124654237518968,-17.926288109850756,23.997591039205417,46.09696829291745,-20.57323089680166,-5.939166743898171,-7.562827109789283,7.164889188680944,-33.77130179658162,6.012261961888336,-23.330110118714554,73.25024928902893,12.606889241076201,19.424111986829594,12.083522609693771,5.4211184765178775,19.231579852424627,37.671713071057006,5.778492958070791,12.022565917801677,21.278457485652552,17.424519383684174,16.945534899958147,-0.784912139584007,7.664494156639744,3.8886286828219117,25.2141787184601,-21.819341946773328,-15.01260286023918,-0.8305759805967756,-29.708049788167926,5.7080739676023295,12.51462584641246,-25.38565681254682,-4.853309306238007
5.042368142331564,47.90103588693173,20.1517776748764,-0.9714013412361543,10.378696455362068,-15.199871488809652,25.362607573431237,-26.416777011308906,-34.55649200123566,39.18551319460369,-34.82245676199994,46.09696829291745,89.68668421482568,-40.01225738923029,-11.674301327525324,-14.733409321076595,13.839107966254376,-65.63267535539548,11.833831257036787,-44.87030601992592,142.01038147357568,24.33783740023984,37.70583891731255,23.38831107057848,10.651373817370295,36.9863650342652,73.17967031667781,11.158040201661379,23.443136077711035,41.28309942656522,33.64816774702973,32.79144566829711,-1.733220135277508,15.20873683515848,7.4857066314463285,48.96451489574907,-41.85633057992027,-29.076522159344297,-1.1251740392292544,-57.53787598905548,10.927957750603863,24.156529012055266,-49.293105822085245,-9.329642572198388
-2.2829600142704307,-21.54230254656551,-8.753385875186687,0.5619285879572474,-4.832757840167976,6.832512924338663,-11.143779380460419,11.712259795321721,15.285831364084189,-17.219186238345838,15.454805986577954,-20.57323089680166,-40.01225738923029,18.083443509024292,5.281763215403515,6.174360561492151,-6.18986682922748,29.439884830505854,-5.426486967116603,19.770923193367718,-63.099594967960606,-10.653893693586834,-16.811835080308807,-10.357166021446863,-4.69752662341568,-16.167839740029326,-32.580146237406126,-4.707629262875169,-10.228974392647755,-18.463785639656706,-15.285437271997685,-14.169761384783524,1.1601097896180768,-6.745870476273011,-3.58811774085949,-21.490559996242,18.70866309755424,13.291920137074753,0.5762726135909558,25.608238353407877,-4.574357751414809,-10.781197394290794,21.79036867525635,4.112220980272419
-0.6574396143921842,-6.208077486296854,-2.583036732132803,0.15427240774017234,-1.372943185553654,2.0113086335643326,-3.2381902628140855,3.3410381189189944,4.328967994730164,-5.063337779018266,4.507437233080451,-5.939166743898171,-11.674301327525324,5.281763215403515,1.5804616247270566,1.7944692591474831,-1.8096182660870561,8.61184658366149,-1.5745282205811648,5.653632901430382,-18.347032993370398,-3.0866526547208175,-4.910960944527114,-2.987565745864258,-1.3864963677106414,-4.6855876487336285,-9.469954411342941,-1.368632526851379,-3.0340788612626053,-5.402459342133539,-4.415356518569035,-4.085686150256214,0.36015295620336935,-2.0272345093743573,-1.0048700159651391,-6.254331125053659,5.376311023407152,3.812648566533083,0.09381804070714994,7.390087326824328,-1.3598996403063621,-3.1318326100446368,6.282534392210505,1.1403304223667379
-0.7729593012389876,-7.491218760416071,-3.799930531959221,-0.11876967722371429,-1.2467382982393096,2.352545387679813,-4.502971541770717,4.408211162382817,5.879383314419185,-7.005717709561943,5.878484695956692,-7.562827109789283,-14.733409321076595,6.174360561492151,1.7944692591474831,3.2137775543763785,-2.271989247779463,10.524824621430783,-1.6164210875057827,7.831951985400005,-23.87345815737414,-4.3887050328234185,-6.251101534567286,-4.001854928025459,-1.865541226047885,-6.783025368085696,-12.133225651909282,-2.3812724951656863,-4.369776690245053,-6.708755155881277,-4.954617467337776,-6.30827534048935,-0.518848220667259,-2.6002741816467756,-0.6981935698961292,-8.744544668232024,6.793277755283706,4.054311941978912,0.028879600743521614,9.521416294712331,-2.4457995340440233,-3.9729177687344266,8.430710118327042,1.5675793319824454
0.7895388385004126,7.412029318938883,3.0785454725801467,-0.12538728560795045,1.5945717387183944,-2.2949142402114693,3.949874707132862,-4.0747076391046155,-5.318293846662301,6.078497997416268,-5.367008212259275,7.164889188680944,13.839107966254376,-6.18986682922748,-1.8096182660870561,-2.271989247779463,2.167446343503802,-10.149764201371397,1.8033952430264752,-6.90776189654625,21.955056395848615,3.7854225494568396,5.832838188317732,3.602309520556336,1.6383175130524468,5.772023040218762,11.279728205493544,1.733787156484034,3.658532274819879,6.400452392782383,5.190351796177981,5.0651585770548335,-0.24714784270038873,2.361292322330679,1.1373563048552044,7.571781866989577,-6.497567929776295,-4.425783951196038,-0.2043783686442705,-8.852837685072627,1.7668714180709215,3.728831945962086,-7.55997525343877,-1.4006211746781256
-3.8220719641457466,-35.04422124477628,-14.630586723676245,0.7145625978362445,-7.681502929712997,11.116128253958788,-18.400554239797426,19.13916012420268,25.073350556754647,-28.601773163090254,25.474212939876526,-33.77130179658162,-65.63267535539548,29.439884830505854,8.61184658366149,10.524824621430783,-10.149764201371397,48.2777937504751,-8.650356799958441,32.66062273320445,-103.81132467824662,-17.607728699602383,-27.70026136906845,-17.06530704881839,-7.7932214197770815,-26.88883018157709,-53.49524321940332,-8.067687383996622,-17.107474436683663,-30.298339402988205,-24.75153850645893,-23.692998482138634,1.4593538383468667,-11.105823858053121,-5.521263083821168,-35.58703022293704,30.62236951425714,21.365611038513403,0.8456819742772009,41.98411151681576,-7.81434286160769,-17.816217505640346,35.85346241819631,6.682754912885671
0.5866720873562264,6.5418630917364835,2.4527702172365107,-0.3071730580378037,1.5955830091264487,-2.127804325757433,3.2270890398388197,-3.5414157143246072,-4.551038140709259,4.851930611357142,-4.482449227473862,6.012261961888336,11.833831257036787,-5.426486967116603,-1.5745282205811648,-1.6164210875057827,1.8033952430264752,-8.650356799958441,1.8011110079778454,-5.710304515862506,18.424035292010302,3.0753254037869855,4.861771417567627,3.0138459494285024,1.343658092971416,4.50695323117743,9.618933515938991,1.1804871558581742,2.7862315929010038,5.414401305100925,4.699946605888773,3.9373327173202957,-0.6375721137329684,1.984438478026116,1.3031089691781044,6.181066598312692,-5.532891355610299,-4.224485281783858,-0.20016102359990592,-7.61962989618909,1.1205955797039033,3.0684833168427064,-6.453053658728185,-1.3014498173724696
-2.5724820306825325,-24.023504587336845,-10.235968292715615,0.35666272271234917,-5.069557512598041,7.446820305845325,-12.917275766396948,13.537784716769911,17.869782627818388,-19.807216936439563,17.554477467239504,-23.330110118714554,-44.87030601992592,19.770923193367718,5.653632901430382,7.831951985400005,-6.90776189654625,32.66062273320445,-5.710304515862506,23.16492636378851,-71.61066683500748,-12.462362142792449,-18.9086451701065,-11.912124904712034,-5.332011693913541,-19.04681899260085,-36.79152811414096,-5.918064174511453,-11.855437212495533,-20.588918112597057,-16.693508261131463,-17.07909654407073,0.29883937990223236,-7.409799666011535,-3.5686421645617403,-24.94239475536571,21.21199097615937,14.400889811085644,0.7541170135131482,29.101948921640727,-5.73607031657534,-12.202215581446428,25.08375871155647,4.899980763121453
8.06644204019512,75.74394036637878,32.13318623991209,-1.2995121956553122,16.174118406793227,-23.829113465689034,40.444024923152774,-41.9945923377695,-55.06402857591679,62.44587932051444,-55.293408444229804,73.25024928902893,142.01038147357568,-63.099594967960606,-18.347032993370398,-23.87345815737414,21.955056395848615,-103.81132467824662,18.424035292010302,-71.61066683500748,225.49169129499174,38.86956082095241,59.80761055559052,37.210099786198825,16.907311113014938,59.25344473537522,116.01078426977159,18.10391576134431,37.48246500190802,65.37809991029626,52.97986898741623,52.65044861330866,-2.073970949095404,24.01158980933059,11.489421059442435,78.04140265366708,-66.47659867162642,-45.581375190706964,-1.8794669932955923,-91.26565879313382,17.827947135848497,38.376070936307855,-78.31098935632222,-14.825753656220195
1.307967952196225,12.959260804897944,5.6148612928457045,-0.14761689201412523,2.6361685115594957,-3.9997832742433603,7.1381231157284635,-7.354522646174834,-9.608532580663883,10.880612358433337,-9.510805911601627,12.606889241076201,24.33783740023984,-10.653893693586834,-3.0866526547208175,-4.3887050328234185,3.7854225494568396,-17.607728699602383,3.0753254037869855,-12.462362142792449,38.86956082095241,6.911286948657349,10.202886577014064,6.426873064957586,2.9054646776677435,10.479212131934666,19.928391116802867,3.274224839224963,6.588130940834839,11.179333305913946,8.90743374196998,9.386273805716227,-0.061619566464961216,4.155686948359372,1.8306327023105098,13.671249985996084,-11.444605994198264,-7.573541476507171,-0.329543226024221,-15.708738818825188,3.389074571556327,6.49952885475334,-13.565571390351657,-2.602319828049363
2.210604092003314,20.025366585263757,8.532399284922972,-0.32192054449964036,4.295224876269853,-6.334244326202501,10.648958440095434,-10.99620138528224,-14.45944187022389,16.590948175771057,-14.685513704401615,19.424111986829594,37.70583891731255,-16.811835080308807,-4.910960944527114,-6.251101534567286,5.832838188317732,-27.70026136906845,4.861771417567627,-18.9086451701065,59.80761055559052,10.202886577014064,15.956464184475594,9.853521102542636,4.510980281032468,15.644847001269921,30.766261741994636,4.795812226121297,9.972009236959558,17.397298554635903,14.072799554767453,13.858956412745163,-0.6122579966790358,6.389736349962846,3.0183468121253414,20.625127748566204,-17.584871371671525,-12.077640707917794,-0.45998339219878454,-24.137640023904453,4.650221764182061,10.274723707604037,-20.680590098933774,-3.836429916179964
1.3312894038669278,12.478442761340307,5.330488356908209,-0.20324598272577085,2.6470434740191915,-3.9183517091540625,6.678730452469382,-6.959836905556286,-9.166985186138596,10.30067068377145,-9.125466076050015,12.083522609693771,23.38831107057848,-10.357166021446863,-2.987565745864258,-4.001854928025459,3.602309520556336,-17.06530704881839,3.0138459494285024,-11.912124904712034,37.210099786198825,6.426873064957586,9.853521102542636,6.168731223193823,2.7884253320215353,9.814412539146707,19.139336561402704,3.0267812856844123,6.174662671596949,10.741722802962368,8.705910355733078,8.773562513491758,-0.26533871686207416,3.9168141032077357,1.876140380410828,12.912767284515994,-10.976974961829148,-7.508619758501774,-0.3295998470938971,-15.092928180769299,2.939690508942443,6.33568902581838,-12.983123253547632,-2.4922747861016816
0.6020657109534029,5.554703141813369,2.506085725883128,-0.057272104606399574,1.1356296322052963,-1.8013127576754635,3.0289639327643796,-3.063672985822182,-4.03776452342233,4.7677623101017925,-4.162490773073235,5.4211184765178775,10.651373817370295,-4.69752662341568,-1.3864963677106414,-1.865541226047885,1.6383175130524468,-7.7932214197770815,1.343658092971416,-5.332011693913541,16.907311113014938,2.9054646776677435,4.510980281032468,2.7884253320215353,1.303365491405573,4.460722177048039,8.690746149167033,1.417920626059729,2.8954177826293415,4.897233382431337,3.8720402729927437,4.005916752236077,-0.09757455623829289,1.8548217892765637,0.7704204185971395,5.901646520583353,-4.889448580435011,-3.2962397856603527,-0.053656966495762355,-6.791295135755506,1.3791795944238192,2.8864769171926357,-5.864163093646713,-1.0654215363884827
2.1080700773057024,19.55234093239135,8.629642935284947,-0.10163679496217247,3.9006079659156367,-5.992889014528312,10.850725690495079,-11.051465262282578,-14.551503098670088,16.708760022168153,-14.522479092826005,19.231579852424627,36.9863650342652,-16.167839740029326,-4.6855876487336285,-6.783025368085696,5.772023040218762,-26.88883018157709,4.50695323117743,-19.04681899260085,59.25344473537522,10.479212131934666,15.644847001269921,9.814412539146707,4.460722177048039,16.096518127611542,30.295241572474552,5.136452049975392,10.180254932174421,17.035532446934916,13.426328099943708,14.406559973033863,0.1024609832684368,6.294783234531603,2.5985279639673795,20.862431577541678,-17.399590224599976,-11.304860596701326,-0.492370690329258,-23.826824529219675,5.246916901992621,10.031061268730099,-20.586115363302493,-3.859216231285404
4.126852285965699,39.10131857912505,16.48413318308389,-0.7661879035530048,8.444878897802287,-12.375609410989341,20.739435330329854,-21.63960836790831,-28.345535967443414,32.008379001225656,-28.450558286412935,37.671713071057006,73.17967031667781,-32.580146237406126,-9.469954411342941,-12.133225651909282,11.279728205493544,-53.49524321940332,9.618933515938991,-36.79152811414096,116.01078426977159,19.928391116802867,30.766261741994636,19.139336561402704,8.690746149167033,30.295241572474552,59.77212494309129,9.1826112120103,19.148459311522124,33.663248169813606,27.42341896762336,26.924686572211133,-1.2875985323919334,12.358775796539156,6.071847462837479,40.05098058363188,-34.21904407818306,-23.70845303974975,-0.9597114986623749,-47.04626707055226,8.969218406196076,19.736282630174365,-40.342134028728395,-7.680334025630863
0.6613360362031604,5.650929812513325,2.8502650883262928,0.12025527205121696,0.9570675939423952,-1.7502181943370665,3.3697732004613874,-3.2703310518978546,-4.391948450878091,5.319946351090717,-4.469968761443388,5.778492958070791,11.158040201661379,-4.707629262875169,-1.368632526851379,-2.3812724951656863,1.733787156484034,-8.067687383996622,1.1804871558581742,-5.918064174511453,18.10391576134431,3.274224839224963,4.795812226121297,3.0267812856844123,1.417920626059729,5.136452049975392,9.1826112120103,1.8186387074642474,3.3320139614188324,5.125062157801406,3.772392088905918,4.727503869573457,0.3863222915629907,1.949252434741008,0.5006871838888033,6.5692666719117065,-5.1664551143977935,-3.055202502468192,-0.0450147572665752,-7.17523054471604,1.8329598120122572,3.0938359780141518,-6.316462254896823,-1.125823586655063
1.3471386944690669,12.109877970393244,5.632018631690351,0.01138565474534089,2.31555020002572,-3.8284071186097504,6.832043278865851,-6.757165219524,-8.898392692148901,10.756291229948843,-9.23230875117415,12.022565917801677,23.443136077711035,-10.228974392647755,-3.0340788612626053,-4.369776690245053,3.658532274819879,-17.107474436683663,2.7862315929010038,-11.855437212495533,37.48246500190802,6.588130940834839,9.972009236959558,6.174662671596949,2.8954177826293415,10.180254932174421,19.148459311522124,3.3320139614188324,6.645459669918058,10.82456443236031,8.318278045085053,9.132702314605652,0.10777878971356261,4.138450338082282,1.458394909486132,13.235102965208434,-10.798239228140197,-6.906869834607052,-0.09965005150681631,-14.916840180514024,3.418779564562833,6.374904988636453,-12.909718797945919,-2.2792464098102827
2.3822425955031976,22.052692876518584,9.215966668580151,-0.42402393965968754,4.793463174239334,-6.9530848063814785,11.655905476792482,-12.106826962284098,-15.81786862686869,18.051766513197823,-16.0376604948308,21.278457485652552,41.28309942656522,-18.463785639656706,-5.402459342133539,-6.708755155881277,6.400452392782383,-30.298339402988205,5.414401305100925,-20.588918112597057,65.37809991029626,11.179333305913946,17.397298554635903,10.741722802962368,4.897233382431337,17.035532446934916,33.663248169813606,5.125062157801406,10.82456443236031,19.06483293800706,15.51973917208506,15.011113233286673,-0.8276868103247396,7.004295349084259,3.4274397901803644,22.476313070744727,-19.297865996040095,-13.358961695320012,-0.542137026341668,-26.42679479228685,5.0601902217585115,11.172140483169999,-22.57759652606615,-4.217282339628311
1.9317549983736162,18.419879927755193,7.124106795535526,-0.5991781677936392,4.308832125229027,-5.778050412850292,9.320496153196554,-10.042553199828133,-13.062756072434707,14.211311008824996,-12.948607076631824,17.424519383684174,33.64816774702973,-15.285437271997685,-4.415356518569035,-4.954617467337776,5.190351796177981,-24.75153850645893,4.699946605888773,-16.693508261131463,52.97986898741623,8.90743374196998,14.072799554767453,8.705910355733078,3.8720402729927437,13.426328099943708,27.42341896762336,3.772392088905918,8.318278045085053,15.51973917208506,13.141340203591321,11.693566664129674,-1.2084863448169931,5.524281940699935,3.287917795749589,17.895929035479377,-15.926172975367157,-11.577128684543986,-0.6748734418839041,-21.678285925978074,3.599342934628438,9.057840531583755,-18.373376951556928,-3.599202883274972
1.8063129867914116,17.165149874111172,7.88762751675879,-0.03359980329983748,3.300780286551187,-5.346989132209125,9.681358570321185,-9.822190861550599,-13.01344647998424,14.954381853552347,-12.92606368828698,16.945534899958147,32.79144566829711,-14.169761384783524,-4.085686150256214,-6.30827534048935,5.0651585770548335,-23.692998482138634,3.9373327173202957,-17.07909654407073,52.65044861330866,9.386273805716227,13.858956412745163,8.773562513491758,4.005916752236077,14.406559973033863,26.924686572211133,4.727503869573457,9.132702314605652,15.011113233286673,11.693566664129674,13.116565635653812,0.3408274509193406,5.606759232971832,2.155725745853353,18.73209059443433,-15.317418036380149,-9.851289496222684,-0.3305415175983729,-21.199858929544586,4.74781275142074,8.875631005397068,-18.470536129193068,-3.502340898510435
-0.07492938902673352,-1.2893056795123978,0.07363766615437423,0.3364313847769789,-0.6685727479436994,0.510712716278465,-0.14542482768049997,0.4346068751576958,0.41740548515120807,-0.14732834458258856,0.4746199707990236,-0.784912139584007,-1.733220135277508,1.1601097896180768,0.36015295620336935,-0.518848220667259,-0.24714784270038873,1.4593538383468667,-0.6375721137329684,0.29883937990223236,-2.073970949095404,-0.061619566464961216,-0.6122579966790358,-0.26533871686207416,-0.09757455623829289,0.1024609832684368,-1.2875985323919334,0.3863222915629907,0.10777878971356261,-0.8276868103247396,-1.2084863448169931,0.3408274509193406,0.9307624346419576,-0.2496459746343347,-0.7214784298008535,-0.23095165030912554,0.8051785932877368,1.3132720424148767,0.10580773970770511,1.0308295953199886,0.4892563252458911,-0.36579558014360947,0.6390620081772506,0.16635390792053992
0.790755278277835,7.927380759486776,3.5455804832840507,-0.11098514653829485,1.6202420698770152,-2.593800563114948,4.333429393912084,-4.3351785071833016,-5.630276997027844,6.786507151725224,-5.8933162228521025,7.664494156639744,15.20873683515848,-6.745870476273011,-2.0272345093743573,-2.6002741816467756,2.361292322330679,-11.105823858053121,1.984438478026116,-7.409799666011535,24.01158980933059,4.155686948359372,6.389736349962846,3.9168141032077357,1.8548217892765637,6.294783234531603,12.358775796539156,1.949252434741008,4.138450338082282,7.004295349084259,5.524281940699935,5.606759232971832,-0.2496459746343347,2.7495441314901634,1.1332061092487657,8.378960996098304,-6.907210066287198,-4.6700048328191235,-0.01905223533736419,-9.608862447590745,2.0125469326682928,4.023134006127927,-8.273936763950044,-1.4624293198069436
0.3754878397631394,4.434727233688584,1.2893101252908075,-0.3446775086090018,1.2632333405856373,-1.389508671472398,1.9449810156121385,-2.3576053201904723,-2.9945203481504215,2.765148509368276,-2.7590787265552454,3.8886286828219117,7.4857066314463285,-3.58811774085949,-1.0048700159651391,-0.6981935698961292,1.1373563048552044,-5.521263083821168,1.3031089691781044,-3.5686421645617403,11.489421059442435,1.8306327023105098,3.0183468121253414,1.876140380410828,0.7704204185971395,2.5985279639673795,6.071847462837479,0.5006871838888033,1.458394909486132,3.4274397901803644,3.287917795749589,2.155725745853353,-0.7214784298008535,1.1332061092487657,1.1298401236887667,3.6513424630829134,-3.653369553167484,-3.0893175159036197,-0.2980745204790527,-4.901974380877234,0.40926677179644655,1.9202935191769568,-4.047461570005569,-0.9141689062929583
2.6885450289578783,25.893319906167093,11.386379999551364,-0.2863206248472327,5.292092220062209,-8.139070466218046,14.192137615955762,-14.548265055330072,-19.119518032313632,21.882014055750403,-19.130478404333783,25.2141787184601,48.96451489574907,-21.490559996242,-6.254331125053659,-8.744544668232024,7.571781866989577,-35.58703022293704,6.181066598312692,-24.94239475536571,78.04140265366708,13.671249985996084,20.625127748566204,12.912767284515994,5.901646520583353,20.862431577541678,40.05098058363188,6.5692666719117065,13.235102965208434,22.476313070744727,17.895929035479377,18.73209059443433,-0.23095165030912554,8.378960996098304,3.6513424630829134,27.383740157934373,-22.841599710096745,-15.245309602499166,-0.5379411504207005,-31.498990597148815,6.573554061257264,13.171849179154036,-27.22527655959991,-5.146493049864045
-2.4184320593116757,-22.696164215231182,-9.178653100438646,0.4843478657410922,-5.0189214376471964,6.976150205597474,-11.919518777327427,12.597827486784652,16.4792667351858,-18.16010334615649,16.247442693775586,-21.819341946773328,-41.85633057992027,18.70866309755424,5.376311023407152,6.793277755283706,-6.497567929776295,30.62236951425714,-5.532891355610299,21.21199097615937,-66.47659867162642,-11.444605994198264,-17.584871371671525,-10.976974961829148,-4.889448580435011,-17.399590224599976,-34.21904407818306,-5.1664551143977935,-10.798239228140197,-19.297865996040095,-15.926172975367157,-15.317418036380149,0.8051785932877368,-6.907210066287198,-3.653369553167484,-22.841599710096745,19.891451167230237,13.797274105972713,0.8239475024119882,27.050003536128578,-5.097260042633142,-11.315194368715227,23.093927650069418,4.486742368759443
-1.6416442180533226,-16.088994058929867,-6.028195927405469,0.6758177008857104,-3.9091114361069637,5.119774133296491,-7.925699922113058,8.768614101375988,11.379491631503553,-12.0087616713256,11.148503662194905,-15.01260286023918,-29.076522159344297,13.291920137074753,3.812648566533083,4.054311941978912,-4.425783951196038,21.365611038513403,-4.224485281783858,14.400889811085644,-45.581375190706964,-7.573541476507171,-12.077640707917794,-7.508619758501774,-3.2962397856603527,-11.304860596701326,-23.70845303974975,-3.055202502468192,-6.906869834607052,-13.358961695320012,-11.577128684543986,-9.851289496222684,1.3132720424148767,-4.6700048328191235,-3.0893175159036197,-15.245309602499166,13.797274105972713,10.412549250008254,0.6354198849663822,18.833718057791266,-2.7712533145246216,-7.789061933572337,15.923576365505818,3.2462769372931306
-0.11395736719410769,-0.9303405923472701,-0.010738911415176874,0.07181330818536699,-0.33148924856997125,0.11047668861254906,-0.34699969478736464,0.5504084696046324,0.7264036492488064,-0.3116963776648875,0.4057121492241595,-0.8305759805967756,-1.1251740392292544,0.5762726135909558,0.09381804070714994,0.028879600743521614,-0.2043783686442705,0.8456819742772009,-0.20016102359990592,0.7541170135131482,-1.8794669932955923,-0.329543226024221,-0.45998339219878454,-0.3295998470938971,-0.053656966495762355,-0.492370690329258,-0.9597114986623749,-0.0450147572665752,-0.09965005150681631,-0.542137026341668,-0.6748734418839041,-0.3305415175983729,0.10580773970770511,-0.01905223533736419,-0.2980745204790527,-0.5379411504207005,0.8239475024119882,0.6354198849663822,0.29060692696425205,0.8820556393395239,-0.04218440040868609,-0.34058412123441323,0.6751735734691598,0.23037156056772476
-3.2240463223032387,-30.926808156964885,-12.880630540282956,0.6602204389363372,-6.739209745337393,9.731377383091889,-16.33687154095733,17.198088114311286,22.534313063296867,-25.051959731648218,22.35614580126994,-29.708049788167926,-57.53787598905548,25.608238353407877,7.390087326824328,9.521416294712331,-8.852837685072627,41.98411151681576,-7.61962989618909,29.101948921640727,-91.26565879313382,-15.708738818825188,-24.137640023904453,-15.092928180769299,-6.791295135755506,-23.826824529219675,-47.04626707055226,-7.17523054471604,-14.916840180514024,-26.42679479228685,-21.678285925978074,-21.199858929544586,1.0308295953199886,-9.608862447590745,-4.901974380877234,-31.498990597148815,27.050003536128578,18.833718057791266,0.8820556393395239,37.144279658867525,-6.972584175676891,-15.492021176392653,31.856221524742327,6.183774176684981
0.5830522182125578,5.549467814006765,2.7856043743109025,0.16783378096528273,0.8502940217571964,-1.617837301030107,3.465187593385504,-3.264642337975898,-4.274138419679436,5.339556297313495,-4.366124436226826,5.7080739676023295,10.927957750603863,-4.574357751414809,-1.3598996403063621,-2.4457995340440233,1.7668714180709215,-7.81434286160769,1.1205955797039033,-5.73607031657534,17.827947135848497,3.389074571556327,4.650221764182061,2.939690508942443,1.3791795944238192,5.246916901992621,8.969218406196076,1.8329598120122572,3.418779564562833,5.0601902217585115,3.599342934628438,4.74781275142074,0.4892563252458911,2.0125469326682928,0.40926677179644655,6.573554061257264,-5.097260042633142,-2.7712533145246216,-0.04218440040868609,-6.972584175676891,2.1221248305111393,2.9206103713087512,-6.12232104837303,-1.0475968021449906
1.5016279326549429,12.831740278262824,5.444777025791759,-0.19137167018922568,2.7751144555777403,-4.03952694371421,6.770856368425118,-7.0348982021613224,-9.29411224276073,10.618716461864778,-9.450326590863913,12.51462584641246,24.156529012055266,-10.781197394290794,-3.1318326100446368,-3.9729177687344266,3.728831945962086,-17.816217505640346,3.0684833168427064,-12.202215581446428,38.376070936307855,6.49952885475334,10.274723707604037,6.33568902581838,2.8864769171926357,10.031061268730099,19.736282630174365,3.0938359780141518,6.374904988636453,11.172140483169999,9.057840531583755,8.875631005397068,-0.36579558014360947,4.023134006127927,1.9202935191769568,13.171849179154036,-11.315194368715227,-7.789061933572337,-0.34058412123441323,-15.492021176392653,2.9206103713087512,6.691958427820793,-13.25026098741644,-2.4575788126558322
-2.7070887867901434,-26.352378980669396,-11.228645166439762,0.49484437063812875,-5.625032042702156,8.334507877044283,-14.089937320950161,14.75636284863901,19.38930986068303,-21.62245258896326,19.188584029905545,-25.38565681254682,-49.293105822085245,21.79036867525635,6.282534392210505,8.430710118327042,-7.55997525343877,35.85346241819631,-6.453053658728185,25.08375871155647,-78.31098935632222,-13.565571390351657,-20.680590098933774,-12.983123253547632,-5.864163093646713,-20.586115363302493,-40.342134028728395,-6.316462254896823,-12.909718797945919,-22.57759652606615,-18.373376951556928,-18.470536129193068,0.6390620081772506,-8.273936763950044,-4.047461570005569,-27.22527655959991,23.093927650069418,15.923576365505818,0.6751735734691598,31.856221524742327,-6.12232104837303,-13.25026098741644,27.453104596793306,5.3405498949724866
-0.4677264556430134,-5.167279845839698,-2.051524532433151,0.17753973708171747,-1.1687861735502867,1.6114138362568313,-2.6854471802641227,2.9875578454336393,3.910481137141587,-3.9540819313975626,3.615301755414237,-4.853309306238007,-9.329642572198388,4.112220980272419,1.1403304223667379,1.5675793319824454,-1.4006211746781256,6.682754912885671,-1.3014498173724696,4.899980763121453,-14.825753656220195,-2.602319828049363,-3.836429916179964,-2.4922747861016816,-1.0654215363884827,-3.859216231285404,-7.680334025630863,-1.125823586655063,-2.2792464098102827,-4.217282339628311,-3.599202883274972,-3.502340898510435,0.16635390792053992,-1.4624293198069436,-0.9141689062929583,-5.146493049864045,4.486742368759443,3.2462769372931306,0.23037156056772476,6.183774176684981,-1.0475968021449906,-2.4575788126558322,5.3405498949724866,1.1775341460663367
