V1,V2,V3,V4,V5,V6,V7,V8,V9,V10,V11,V12,V13,V14,V15,V16,V17,V18,V19,V20,V21,V22,V23,V24,V25,V26,V27,V28,V29,V30,V31,V32,V33,V34,V35,V36,V37,V38,V39,V40,V41,V42,V43,V44
0.6547220045631047,-1.6555576595864612,1.2527664247116481,1.17861868066518,-1.0061154508752526,0.6411225738984697,0.3056254001541881,0.6410112430144718,0.565570150597745,1.8645593262545603,-0.5928475770420925,0.03720851524937617,0.08248498702353,0.884725744748693,0.5205502569697416,-1.6111615381332984,0.15314778543880836,0.3011495197444581,-1.2405991144916486,-0.6725066292609446,1.1655042711749637,0.928799898060746,0.5197331368313882,0.44393633325977727,0.5573624361284515,1.5197848897861526,0.04218898496756515,1.8649716016210534,1.8803667726108022,0.23881625890663413,-1.5185207979039395,2.1321798214696006,1.9108730992500258,0.19914876068540813,-1.8174067978741881,1.1882925605950236,0.30049590444943586,2.0928630341310903,0.2595702890353862,0.30735211520747785,1.8098434105587957,0.7771113541229012,-0.03837637632261805,0.46159347207475054
-1.6555576595864612,20.078555175709706,-17.664736969553573,-11.926509691476511,18.025989034445256,-5.7558478658646886,-7.893648199087224,-6.824651183417922,-5.128851853836701,-22.72904424775416,6.197025894631133,2.4160991233672164,0.625242789441751,-11.588493827953599,-1.7181476089048406,24.144817302846693,-0.8497349096488668,-3.2090780993651946,14.25433207464715,7.533207948057756,-15.109965290051697,-9.579435783815175,-5.16676082932099,-3.339013426639175,-5.339063088593711,-21.978585180780374,-0.8177966229613839,-19.588644408702173,-22.528781064630806,-0.3989600698055134,22.116665110833125,-26.49129711317693,-26.241927089476427,-6.15657759291964,22.79714639610558,-19.591317934951107,-7.510844453762035,-30.32011385552075,-9.004218191152061,-4.98896200923942,-23.283562789843725,-3.692359464415511,2.640728359830225,-5.9754679445336185
1.2527664247116481,-17.664736969553573,16.213423050263856,10.458316072138793,-16.37674247991282,4.951779055801157,7.281278204835482,6.086075414949138,4.334719658499566,20.601356385402376,-5.667168261036085,-2.2062061167537896,-0.04934945727881783,9.751930034020823,1.2260897693220254,-21.813400371394525,0.8292925798951697,2.4028614060683973,-12.71688234021551,-6.97815076594688,14.3379374122417,8.412753847144904,4.832923029053507,3.233483660937814,4.842501534167969,19.90350618582837,0.9637970868128515,17.360875112497794,20.31157923836125,0.3573988366695524,-19.65069178130103,23.779886661760774,23.545921535019275,5.536628867765478,-20.26807724870704,17.857311121004734,6.582991023647242,26.83967346020503,8.301510070450435,4.207426932980548,20.7110266228429,3.0729766389213387,-2.6040298842479292,5.168852187919353
1.17861868066518,-11.926509691476511,10.458316072138793,7.682146178409151,-10.614511401386462,3.944377250432599,4.937596441973564,4.399832296812777,2.9710526006783047,13.83180074648611,-3.4075770911348022,-0.999029316107803,-0.39839435699097425,7.000214638452505,1.3805054754280504,-14.57385248684035,0.7631012373333831,1.7046240197592497,-8.521097535563662,-4.564027761558064,9.456525396167715,5.771651003868398,3.4278435992238214,2.13985103074063,3.3374714429654206,13.507082497554945,0.5962586030627123,12.161080075476345,13.713064015996103,0.3120854170409635,-13.39880799278434,16.28341543842605,15.724954408279364,3.8568482934952035,-13.763565551613528,12.045784677967898,4.1519017995934995,19.010580832384125,4.89735582729168,2.9302567808266784,14.3081476305926,2.3668790987900903,-1.7130045321740628,3.9829187878428227
-1.0061154508752526,18.025989034445256,-16.37674247991282,-10.614511401386462,17.220425321329166,-5.210094196062623,-7.66300051403527,-6.1690772821970254,-4.229316804382389,-20.810395464331375,5.670940951770276,2.1451291189420236,0.633046832500801,-10.20462711016963,-0.9749422409343472,22.509680423298306,-0.7774274168906582,-2.4242034379672,13.068280243357355,7.1733211550954845,-14.610357054565245,-8.399647600786695,-4.8346058645067505,-3.0292843026654213,-4.665905934185816,-20.807611279271093,-0.9482808890649993,-17.468265902086216,-20.62769127944856,-0.1801980323245726,20.38904622458496,-24.292112875688048,-24.45365004765085,-5.838788170031646,20.8601836150552,-18.408665656271257,-6.881298886730251,-28.118418387974533,-8.704681504376078,-4.4952782172432135,-21.40436413862922,-2.889807315097368,2.6300624495161014,-5.54089302564672
0.6411225738984697,-5.7558478658646886,4.951779055801157,3.944377250432599,-5.210094196062623,2.3382294075583006,2.4182166718035862,2.5033438719913956,1.3835475153199694,6.623509099913048,-1.3468220770039299,-0.30588803324710573,-0.5373228034898324,3.2461166047444183,0.8412875236586028,-7.034296350104934,0.5140286185527566,0.755192133015435,-4.188497626222849,-2.1843033357084978,4.574677185325235,2.578999326774382,1.7836985800706247,1.1328968687179868,1.6040479972543122,6.7414696438382835,0.12872936639184873,5.982158895831173,6.689240157227856,0.0020649209282536194,-6.6410275733217725,7.987064134826461,7.691510123885524,1.824304670514193,-6.680521602107199,5.745932357456968,1.7938840713200277,9.745599575086777,2.0507228681568233,1.5293209121857154,7.059888640617265,1.0823450808978587,-0.6778898451837142,2.2272585822952404
0.3056254001541881,-7.893648199087224,7.281278204835482,4.937596441973564,-7.66300051403527,2.4182166718035862,3.8305357788808965,2.6769782422144166,1.6840248697579006,9.47285036813876,-2.4038559012331593,-0.6913516775205751,-0.16893405375842813,4.803900100964028,0.40491586904934934,-10.32661961489975,0.4256901379670552,0.836955456333988,-5.771702298139416,-3.2824867875247175,6.935348456191246,3.820319695862755,2.376267200706172,1.2457260541487993,2.110377222439887,9.647958976574174,0.6400689477524758,7.962578402759929,9.274990460714017,0.15506930139147634,-9.233283818432675,11.098676252410383,11.015818961970677,2.9217594788683963,-9.388524207588134,8.79963128871207,3.0131911657027257,13.143721722282708,3.842601258224317,1.9683609487435454,9.7995077833102755,1.2685878551746095,-1.4894378125695615,2.676932379457561
0.6410112430144718,-6.824651183417922,6.086075414949138,4.399832296812777,-6.1690772821970254,2.5033438719913956,2.6769782422144166,3.025213001273839,1.7574638235708517,7.794734274488303,-1.6199460577318738,-0.7734922341220992,-0.46284355446483916,3.4427812398838222,0.9086532176612714,-8.171238317670348,0.5575392666016816,0.9885794824902755,-4.869566775652535,-2.444367669150204,5.163774865113127,2.9084361793390388,1.9778865542501511,1.489270847320162,1.9634542121900425,7.5847845814079715,-0.018428035464205884,6.87700032690482,7.847427384205746,-0.12180507280764973,-7.7165081499139285,9.193048242189397,8.871646360063416,1.9905312915213558,-7.691466046925226,6.530209299008675,2.221230386156977,10.888407977844139,2.594689564047893,1.7850065593899325,7.9891954588250815,1.0567635566026694,-0.6997140002093907,2.3385529793918542
0.565570150597745,-5.128851853836701,4.334719658499566,2.9710526006783047,-4.229316804382389,1.3835475153199694,1.6840248697579006,1.7574638235708517,1.5039762454804508,5.549698697957405,-1.5321909977522672,-0.7741628611542559,-0.16539276885353332,2.8985967678668856,0.629868711110258,-5.748734947551939,0.18420772174637542,1.072929546714368,-3.4861714857906856,-1.684953519152161,3.2904662421318376,2.451732231828003,1.143579602762315,0.8736194322155867,1.3970578482977627,5.042648775326103,0.05016095119110996,4.920949343797822,5.532777021621729,0.10252962229057298,-5.3972450307701845,6.439078844399439,6.261784911412525,1.389783415930292,-5.584480523817819,4.507456262947968,1.9105632683401408,7.189714013103771,2.117578267628155,1.2707697280811763,5.626285431891838,1.0068129766787555,-0.4979432309793512,1.3764127846785486
1.8645593262545603,-22.72904424775416,20.601356385402376,13.83180074648611,-20.810395464331375,6.623509099913048,9.47285036813876,7.794734274488303,5.549698697957405,26.637118239154688,-7.250500477151782,-2.4182254573644073,-0.0912372471488109,12.954456241295173,1.8194170991354228,-28.096801871628198,1.1492907085173623,3.023163972399023,-16.41778536228784,-9.07571842438595,18.605039800758718,11.038228375415239,6.390849783250743,4.092611040488231,6.27983463335287,25.81305403512098,1.3701154548751204,22.694524304818994,26.217003375556164,0.668414730868562,-25.34223352349114,30.83528616766157,30.344902403632258,7.221305920656372,-26.25325008076686,23.18735167634753,8.293164381513503,35.01085639709706,10.351598389088595,5.390631036449417,26.92905998533829,4.312547212773908,-3.445455318027,6.878237263250121
-0.5928475770420925,6.197025894631133,-5.667168261036085,-3.4075770911348022,5.670940951770276,-1.3468220770039299,-2.4038559012331593,-1.6199460577318738,-1.5321909977522672,-7.250500477151782,2.5373948298061175,0.7054274295818592,-0.3299636501455278,-3.603328453099948,-0.2471300908235278,7.582635871599149,-0.1142641800731863,-0.843535833323255,4.535719761211383,2.6907295229952606,-5.252677023095907,-3.2757393964233814,-1.5890200136496315,-1.0125328822596509,-1.6193393427680758,-6.894878036088292,-0.6440117052818709,-5.9969938543117065,-7.084368629280746,-0.43979009172906236,6.609117103730227,-8.243090486417877,-8.323906322660042,-1.8400402115558032,7.172506961418621,-6.1910032881553105,-2.393174267449301,-8.687023480519379,-3.1727916421127977,-1.2838331183810294,-7.193829172443519,-1.4357089778112964,0.9905700955414474,-1.5094416332378953
0.03720851524937617,2.4160991233672164,-2.2062061167537896,-0.999029316107803,2.1451291189420236,-0.30588803324710573,-0.6913516775205751,-0.7734922341220992,-0.7741628611542559,-2.4182254573644073,0.7054274295818592,0.8693528509815479,0.1025253946656883,-1.1156880201186523,-0.035616333274482034,2.619522611472119,0.046803794993812646,-0.6577223822986387,1.5336594759518023,0.5906635527525594,-1.096929297819595,-0.9339518287817923,-0.28773864921276093,-0.3879781150363101,-0.6067119260078953,-2.023994487405456,0.20577034331216273,-1.918638073315295,-2.39773739794409,0.17670425831818584,2.470232141147975,-2.6468523370195207,-2.7883898521499804,-0.5785093938231576,2.413327620025505,-1.9096262335743324,-1.176699727805959,-2.8448867756871943,-1.3517542390625117,-0.6878422307046137,-2.260739772930558,-0.08458206726956405,0.1423834782881179,-0.3608064048810651
0.08248498702353,0.625242789441751,-0.04934945727881783,-0.39839435699097425,0.633046832500801,-0.5373228034898324,-0.16893405375842813,-0.46284355446483916,-0.16539276885353332,-0.0912372471488109,-0.3299636501455278,0.1025253946656883,0.9710814248630801,-0.5541896018728122,-0.10595600926716282,0.5009457548432757,-0.006764645544335661,-0.37740103466350367,0.3729115986539527,-0.11555728427422994,0.4862509524740513,0.11614556368139196,0.07084075180521576,0.1568907637287151,0.08107466980962762,-0.5761303606760866,0.4484858720981018,-0.28992996891826756,-0.28953964034707097,0.36609072901334233,0.8732224165035304,-0.44718436124294647,-0.7207790868893793,-0.16560996604133613,0.5817677874303375,-0.20464930058580375,-0.3256998396026992,-1.5025457679931593,-0.0740068001109399,-0.5522872437744121,-0.6438473706437672,0.1973109317217531,-0.2715031323120334,-0.5063336419496108
0.884725744748693,-11.588493827953599,9.751930034020823,7.000214638452505,-10.20462711016963,3.2461166047444183,4.803900100964028,3.4427812398838222,2.8985967678668856,12.954456241295173,-3.603328453099948,-1.1156880201186523,-0.5541896018728122,7.676919280265181,0.9786556947751294,-14.056617285337019,0.3568919955523411,2.0259519416404603,-8.10948017351113,-4.27966564505191,8.484191057761166,5.890830531495044,2.8658416999667264,1.3883509410435253,2.920974898514557,12.802649315326278,0.7214151222251192,11.358396373774054,12.775480032975281,0.420856238861263,-12.870451832113671,15.334388787735062,15.184808080726718,3.96552608226532,-13.316188735312677,11.687250690698999,4.591155276960112,18.01670941231168,5.267404809483892,2.9683320545024783,13.73468505295589,2.326836702814281,-1.7925229356236392,3.642627865090155
0.5205502569697416,-1.7181476089048406,1.2260897693220254,1.3805054754280504,-0.9749422409343472,0.8412875236586028,0.40491586904934934,0.9086532176612714,0.629868711110258,1.8194170991354228,-0.2471300908235278,-0.035616333274482034,-0.10595600926716282,0.9786556947751294,0.741482410448668,-1.6698521500449057,0.24325895484507534,0.45453269560418874,-1.077998041738095,-0.4082800074736215,0.9429493196041984,0.9026447912012132,0.5045700340762241,0.4310416011653477,0.6179553864712357,1.4993746508679084,-0.042375554849295984,2.0042495823472337,1.8938517964168493,0.08762402561530604,-1.7670940889419273,2.2809958194968476,1.8001660842804874,0.42573759048212106,-1.7931850443169746,1.2694545174480178,0.33948601802919914,2.6567716431826494,0.11420060728448389,0.40205444575856025,1.9682953529078153,0.5588220455039538,-0.07876749826891985,0.6949140153043264
-1.6111615381332984,24.144817302846693,-21.813400371394525,-14.57385248684035,22.509680423298306,-7.034296350104934,-10.32661961489975,-8.171238317670348,-5.748734947551939,-28.096801871628198,7.582635871599149,2.619522611472119,0.5009457548432757,-14.056617285337019,-1.6698521500449057,30.118041348960457,-1.130804752911544,-3.2681055962751815,17.4069096866256,9.576348929374763,-19.65598060056904,-11.621100015454738,-6.655402825887399,-4.038298019533017,-6.452743915215392,-27.73391892210177,-1.4654602738702618,-23.8499915595157,-27.720912006240237,-0.5187683309867657,27.20853611043841,-32.76460309980831,-32.506825046157545,-7.966787980865913,27.975720891765558,-24.893253056390193,-9.09093630659774,-37.77777490093767,-11.315163304664157,-5.908250052519148,-28.807877041556125,-4.249830481407792,3.746950593600053,-7.495360874700788
0.15314778543880836,-0.8497349096488668,0.8292925798951697,0.7631012373333831,-0.7774274168906582,0.5140286185527566,0.4256901379670552,0.5575392666016816,0.18420772174637542,1.1492907085173623,-0.1142641800731863,0.046803794993812646,-0.006764645544335661,0.3568919955523411,0.24325895484507534,-1.130804752911544,0.1877423335679694,0.004935549015700886,-0.6460207048742085,-0.3682827288159556,0.9299161891270795,0.3739947925945144,0.4151245974562639,0.31215341306954614,0.3326338038954923,1.1426008337247422,0.04778794824927956,1.0682906570972903,1.1594722156648238,0.0033131750558569872,-1.0593018167661783,1.3906507270816855,1.1820095845371628,0.29997755184191705,-1.0400551165058691,0.9726685430074266,0.12820352146266334,1.6995700084740544,0.16207975756064608,0.18365830351494583,1.1728248586827654,0.177491536892915,-0.1419070763627437,0.43845733006221843
0.3011495197444581,-3.2090780993651946,2.4028614060683973,1.7046240197592497,-2.4242034379672,0.755192133015435,0.836955456333988,0.9885794824902755,1.072929546714368,3.023163972399023,-0.843535833323255,-0.6577223822986387,-0.37740103466350367,2.0259519416404603,0.45453269560418874,-3.2681055962751815,0.004935549015700886,1.0227105358178643,-1.9694782633286325,-0.7353848627316953,1.3020316711295834,1.5201512241761101,0.41138874021528327,0.3234887907905729,0.7557610161975241,2.681315308727757,-0.11444112572890658,2.8237439903480457,3.0932601501098467,-0.02087882296670936,-3.252755730500363,3.648051333733814,3.5681726557814537,0.8662936776095664,-3.2836771708158397,2.418037996847795,1.379269969388243,4.235464430670412,1.3079626701478078,0.9060286199188575,3.2935188886017865,0.5423003465816005,-0.17681863382516255,0.8175344402197285
-1.2405991144916486,14.25433207464715,-12.71688234021551,-8.521097535563662,13.068280243357355,-4.188497626222849,-5.771702298139416,-4.869566775652535,-3.4861714857906856,-16.41778536228784,4.535719761211383,1.5336594759518023,0.3729115986539527,-8.10948017351113,-1.077998041738095,17.4069096866256,-0.6460207048742085,-1.9694782633286325,10.40389945211401,5.679900963356219,-11.274367929877863,-6.742146336525638,-3.8993844794244894,-2.4727550361505326,-3.8006550534000954,-16.07068935443606,-0.6279596449936882,-14.02152570672728,-16.23223141017968,-0.3226533121062226,15.794671653044308,-19.020712536859975,-19.046005631398092,-4.294083438646831,16.388630710681998,-14.180758940167085,-5.200155106091329,-21.72239776670667,-6.444468150139837,-3.535232939213416,-16.688235428934007,-2.719847489799631,1.9039472436810918,-4.28014034452944
-0.6725066292609446,7.533207948057756,-6.97815076594688,-4.564027761558064,7.1733211550954845,-2.1843033357084978,-3.2824867875247175,-2.444367669150204,-1.684953519152161,-9.07571842438595,2.6907295229952606,0.5906635527525594,-0.11555728427422994,-4.27966564505191,-0.4082800074736215,9.576348929374763,-0.3682827288159556,-0.7353848627316953,5.679900963356219,3.3783374132946227,-6.793885735903184,-3.73159160724949,-2.282240130883105,-1.3766494010181445,-2.037991145317172,-9.007104324238078,-0.6640637063747495,-7.579342473704416,-8.900390576072821,-0.3530284431342048,8.443604502476965,-10.44867798348611,-10.478105896813096,-2.371075158865585,8.922257163197186,-7.962751789772243,-2.683520311115552,-11.68369375566949,-3.596382547524651,-1.702420602434292,-9.130952490256082,-1.5936030346058803,1.2323945678189567,-2.2746783248354627
1.1655042711749637,-15.109965290051697,14.3379374122417,9.456525396167715,-14.610357054565245,4.574677185325235,6.935348456191246,5.163774865113127,3.2904662421318376,18.605039800758718,-5.252677023095907,-1.096929297819595,0.4862509524740513,8.484191057761166,0.9429493196041984,-19.65598060056904,0.9299161891270795,1.3020316711295834,-11.274367929877863,-6.793885735903184,14.382725643223608,7.636504484564035,4.789252320932561,2.957400356286274,4.252773180051022,18.531243305065765,1.6595229692878957,15.549978707546744,18.259156007620625,0.7204383983892221,-17.2939488521833,21.59430212007342,21.183997329194163,5.187342208288273,-18.074322249071137,16.55134974267486,5.295971984919138,24.262988018598172,7.223602869950951,3.239066755933932,18.804204184739213,3.0175142761399973,-2.8247393727905017,4.834441635149971
0.928799898060746,-9.579435783815175,8.412753847144904,5.771651003868398,-8.399647600786695,2.578999326774382,3.820319695862755,2.9084361793390388,2.451732231828003,11.038228375415239,-3.2757393964233814,-0.9339518287817923,0.11614556368139196,5.890830531495044,0.9026447912012132,-11.621100015454738,0.3739947925945144,1.5201512241761101,-6.742146336525638,-3.73159160724949,7.636504484564035,5.057347900382381,2.4994671613282042,1.507471445585164,2.600471937031264,10.560818890016533,0.84329255261783,9.588858403055804,10.870994421659873,0.543161812724627,-10.47210814159168,12.907060496362535,12.531977764810048,3.1485686616764625,-11.019017244736483,9.605273184086844,3.586053848739026,14.401651048999016,4.339602832141125,2.142670658187503,11.351458889475213,2.116722375952629,-1.555847586275604,2.8149497916730857
0.5197331368313882,-5.16676082932099,4.832923029053507,3.4278435992238214,-4.8346058645067505,1.7836985800706247,2.376267200706172,1.9778865542501511,1.143579602762315,6.390849783250743,-1.5890200136496315,-0.28773864921276093,0.07084075180521576,2.8658416999667264,0.5045700340762241,-6.655402825887399,0.4151245974562639,0.41138874021528327,-3.8993844794244894,-2.282240130883105,4.789252320932561,2.4994671613282042,1.7788142801816107,1.0757123614908113,1.5328022561835188,6.301719837128552,0.39187459222978493,5.461670409797548,6.260568889903907,0.185311894826152,-5.921201515726138,7.395501020558953,7.170929149941368,1.688950017191482,-6.142066709636044,5.630947259790853,1.6720443353639165,8.480962017900662,2.1865031156660604,1.199275769528579,6.405451474289224,1.0731441576006735,-0.880979726633499,1.7673046786393423
0.44393633325977727,-3.339013426639175,3.233483660937814,2.13985103074063,-3.0292843026654213,1.1328968687179868,1.2457260541487993,1.489270847320162,0.8736194322155867,4.092611040488231,-1.0125328822596509,-0.3879781150363101,0.1568907637287151,1.3883509410435253,0.4310416011653477,-4.038298019533017,0.31215341306954614,0.3234887907905729,-2.4727550361505326,-1.3766494010181445,2.957400356286274,1.507471445585164,1.0757123614908113,0.9822950574407335,1.0891703180634347,3.752503782856489,0.10794433027946927,3.495545759552048,4.061197788582556,0.07595830292822307,-3.6680013163119782,4.62398382124867,4.386796447154325,0.8488022607832552,-3.815198085807387,3.2206623403876167,0.9535112246214599,4.983892488902162,1.2977655718900707,0.6907238039261654,3.874930422639278,0.6592652423961094,-0.38555316307426984,0.9730494311512604
0.5573624361284515,-5.339063088593711,4.842501534167969,3.3374714429654206,-4.665905934185816,1.6040479972543122,2.110377222439887,1.9634542121900425,1.3970578482977627,6.27983463335287,-1.6193393427680758,-0.6067119260078953,0.08107466980962762,2.920974898514557,0.6179553864712357,-6.452743915215392,0.3326338038954923,0.7557610161975241,-3.8006550534000954,-2.037991145317172,4.252773180051022,2.600471937031264,1.5328022561835188,1.0891703180634347,1.5892131921779047,5.847729878100444,0.24749245904252187,5.448453692396715,6.173810874168499,0.16805314900933238,-5.865617875522659,7.217641526360692,6.915995440311155,1.6175997870382675,-6.073619601593463,5.299493292361715,1.845569019624242,8.07447396095484,2.232163124771921,1.234095509455516,6.2228976955896815,1.0664640277453736,-0.7628620658334385,1.5863762893866322
1.5197848897861526,-21.978585180780374,19.90350618582837,13.507082497554945,-20.807611279271093,6.7414696438382835,9.647958976574174,7.5847845814079715,5.042648775326103,25.81305403512098,-6.894878036088292,-2.023994487405456,-0.5761303606760866,12.802649315326278,1.4993746508679084,-27.73391892210177,1.1426008337247422,2.681315308727757,-16.07068935443606,-9.007104324238078,18.531243305065765,10.560818890016533,6.301719837128552,3.752503782856489,5.847729878100444,25.911600207621632,1.4712697091134266,21.93461136378858,25.51269246048423,0.511600812991738,-25.036691949204396,30.228095904708805,30.063252791553666,7.337861583131716,-25.75565461072136,23.004274608769656,8.070022201194847,35.114465435425686,10.2141517430864,5.367802693242416,26.636783435216444,3.959054938710407,-3.4739242106256003,7.110936629127738
0.04218898496756515,-0.8177966229613839,0.9637970868128515,0.5962586030627123,-0.9482808890649993,0.12872936639184873,0.6400689477524758,-0.018428035464205884,0.05016095119110996,1.3701154548751204,-0.6440117052818709,0.20577034331216273,0.4484858720981018,0.7214151222251192,-0.042375554849295984,-1.4654602738702618,0.04778794824927956,-0.11444112572890658,-0.6279596449936882,-0.6640637063747495,1.6595229692878957,0.84329255261783,0.39187459222978493,0.10794433027946927,0.24749245904252187,1.4712697091134266,0.6695961671187386,1.0671641982227975,1.2870839557404672,0.3459214145895131,-1.0424613268088891,1.675563199623857,1.4636911049931711,0.6123345585259891,-1.2604736583679017,1.4623484595659668,0.3087414175976317,1.6004766656868368,0.6307665202780794,-0.09156426987027225,1.4783530921428194,0.3796382692088292,-0.5533863618300975,0.316358949190281
1.8649716016210534,-19.588644408702173,17.360875112497794,12.161080075476345,-17.468265902086216,5.982158895831173,7.962578402759929,6.87700032690482,4.920949343797822,22.694524304818994,-5.9969938543117065,-1.918638073315295,-0.28992996891826756,11.358396373774054,2.0042495823472337,-23.8499915595157,1.0682906570972903,2.8237439903480457,-14.02152570672728,-7.579342473704416,15.549978707546744,9.588858403055804,5.461670409797548,3.495545759552048,5.448453692396715,21.93461136378858,1.0671641982227975,19.75635751273627,22.430995181152028,0.6142646442977501,-21.76300210150458,26.47928884950046,25.80710171645736,6.180049935541938,-22.504437464106584,19.614263815858294,6.965009540832733,30.285048579819687,8.4059450947112,4.7021439533376705,23.183084791232506,3.911333038661883,-2.825161432320208,6.115690604570667
1.8803667726108022,-22.528781064630806,20.31157923836125,13.713064015996103,-20.62769127944856,6.689240157227856,9.274990460714017,7.847427384205746,5.532777021621729,26.217003375556164,-7.084368629280746,-2.39773739794409,-0.28953964034707097,12.775480032975281,1.8938517964168493,-27.720912006240237,1.1594722156648238,3.0932601501098467,-16.23223141017968,-8.900390576072821,18.259156007620625,10.870994421659873,6.260568889903907,4.061197788582556,6.173810874168499,25.51269246048423,1.2870839557404672,22.430995181152028,25.914630543191464,0.5855674501578214,-25.12275712393917,30.498783308301316,30.010031456318664,7.119278489226526,-25.96262685354595,22.747253870725608,8.180453320191944,34.759336812896095,10.151502477970466,5.383188841766966,26.682410788393,4.228183694168668,-3.294400992301151,6.9050378520559414
0.23881625890663413,-0.3989600698055134,0.3573988366695524,0.3120854170409635,-0.1801980323245726,0.0020649209282536194,0.15506930139147634,-0.12180507280764973,0.10252962229057298,0.668414730868562,-0.43979009172906236,0.17670425831818584,0.36609072901334233,0.420856238861263,0.08762402561530604,-0.5187683309867657,0.0033131750558569872,-0.02087882296670936,-0.3226533121062226,-0.3530284431342048,0.7204383983892221,0.543161812724627,0.185311894826152,0.07595830292822307,0.16805314900933238,0.511600812991738,0.3459214145895131,0.6142646442977501,0.5855674501578214,0.33066361500157254,-0.31324056035333786,0.7194424055207697,0.5639173912008214,0.15757565066755277,-0.5853815804089388,0.5432642312139827,0.0641911094276343,0.41262392123478686,0.16317349669329628,-0.11039832902574252,0.6020967099247602,0.45083488487272116,-0.22559711426214285,0.03940624927365243
-1.5185207979039395,22.116665110833125,-19.65069178130103,-13.39880799278434,20.38904622458496,-6.6410275733217725,-9.233283818432675,-7.7165081499139285,-5.3972450307701845,-25.34223352349114,6.609117103730227,2.470232141147975,0.8732224165035304,-12.870451832113671,-1.7670940889419273,27.20853611043841,-1.0593018167661783,-3.252755730500363,15.794671653044308,8.443604502476965,-17.2939488521833,-10.47210814159168,-5.921201515726138,-3.6680013163119782,-5.865617875522659,-25.036691949204396,-1.0424613268088891,-21.76300210150458,-25.12275712393917,-0.31324056035333786,24.908392691407915,-29.72233650645231,-29.44132285919124,-7.194638477536653,25.42588323313531,-22.316098838632044,-8.273718450333398,-34.63279934883585,-10.050301757868896,-5.559032997160926,-26.204280445009623,-3.7921701353270385,3.1694760941892026,-6.976006858076764
2.1321798214696006,-26.49129711317693,23.779886661760774,16.28341543842605,-24.292112875688048,7.987064134826461,11.098676252410383,9.193048242189397,6.439078844399439,30.83528616766157,-8.243090486417877,-2.6468523370195207,-0.44718436124294647,15.334388787735062,2.2809958194968476,-32.76460309980831,1.3906507270816855,3.648051333733814,-19.020712536859975,-10.44867798348611,21.59430212007342,12.907060496362535,7.395501020558953,4.62398382124867,7.217641526360692,30.228095904708805,1.675563199623857,26.47928884950046,30.498783308301316,0.7194424055207697,-29.72233650645231,36.08315648447805,35.38729434988544,8.641237966650797,-30.636920585772295,27.022545830510733,9.662197748891646,41.43003191782622,11.918646321097366,6.342475385662524,31.66824224508887,4.967908255514305,-4.031136103400547,8.34594123392073
1.9108730992500258,-26.241927089476427,23.545921535019275,15.724954408279364,-24.45365004765085,7.691510123885524,11.015818961970677,8.871646360063416,6.261784911412525,30.344902403632258,-8.323906322660042,-2.7883898521499804,-0.7207790868893793,15.184808080726718,1.8001660842804874,-32.506825046157545,1.1820095845371628,3.5681726557814537,-19.046005631398092,-10.478105896813096,21.183997329194163,12.531977764810048,7.170929149941368,4.386796447154325,6.915995440311155,30.063252791553666,1.4636911049931711,25.80710171645736,30.010031456318664,0.5639173912008214,-29.44132285919124,35.38729434988544,35.361407478830394,8.389475013652847,-30.364681623392087,26.68351785873967,9.78236712837987,40.74694006681227,12.202035217086202,6.471999110437003,31.155936033803567,4.7479092976429,-3.8336587129422126,8.091184933489469
0.19914876068540813,-6.15657759291964,5.536628867765478,3.8568482934952035,-5.838788170031646,1.824304670514193,2.9217594788683963,1.9905312915213558,1.389783415930292,7.221305920656372,-1.8400402115558032,-0.5785093938231576,-0.16560996604133613,3.96552608226532,0.42573759048212106,-7.966787980865913,0.29997755184191705,0.8662936776095664,-4.294083438646831,-2.371075158865585,5.187342208288273,3.1485686616764625,1.688950017191482,0.8488022607832552,1.6175997870382675,7.337861583131716,0.6123345585259891,6.180049935541938,7.119278489226526,0.15757565066755277,-7.194638477536653,8.641237966650797,8.389475013652847,2.461472575453246,-7.267271822447069,6.787698320123818,2.465787350165413,10.297579323772778,3.001620903840407,1.4937468051230294,7.7000753641739355,0.9759852952838989,-1.2394892005942513,2.1307937655406066
-1.8174067978741881,22.79714639610558,-20.26807724870704,-13.763565551613528,20.8601836150552,-6.680521602107199,-9.388524207588134,-7.691466046925226,-5.584480523817819,-26.25325008076686,7.172506961418621,2.413327620025505,0.5817677874303375,-13.316188735312677,-1.7931850443169746,27.975720891765558,-1.0400551165058691,-3.2836771708158397,16.388630710681998,8.922257163197186,-18.074322249071137,-11.019017244736483,-6.142066709636044,-3.815198085807387,-6.073619601593463,-25.75565461072136,-1.2604736583679017,-22.504437464106584,-25.96262685354595,-0.5853815804089388,25.42588323313531,-30.636920585772295,-30.364681623392087,-7.267271822447069,26.277085819307597,-22.956822258451894,-8.462006686531746,-35.204392086029884,-10.380664132501304,-5.574029651701027,-26.963749422333684,-4.276829005932942,3.299535484991618,-7.001248003435422
1.1882925605950236,-19.591317934951107,17.857311121004734,12.045784677967898,-18.408665656271257,5.745932357456968,8.79963128871207,6.530209299008675,4.507456262947968,23.18735167634753,-6.1910032881553105,-1.9096262335743324,-0.20464930058580375,11.687250690698999,1.2694545174480178,-24.893253056390193,0.9726685430074266,2.418037996847795,-14.180758940167085,-7.962751789772243,16.55134974267486,9.605273184086844,5.630947259790853,3.2206623403876167,5.299493292361715,23.004274608769656,1.4623484595659668,19.614263815858294,22.747253870725608,0.5432642312139827,-22.316098838632044,27.022545830510733,26.68351785873967,6.787698320123818,-22.956822258451894,20.90727908610845,7.402061622332036,31.286864697144367,9.299290286072921,4.735016164961936,23.760441086559364,3.489715028371821,-3.3827630086715454,6.237736936708475
0.30049590444943586,-7.510844453762035,6.582991023647242,4.1519017995934995,-6.881298886730251,1.7938840713200277,3.0131911657027257,2.221230386156977,1.9105632683401408,8.293164381513503,-2.393174267449301,-1.176699727805959,-0.3256998396026992,4.591155276960112,0.33948601802919914,-9.09093630659774,0.12820352146266334,1.379269969388243,-5.200155106091329,-2.683520311115552,5.295971984919138,3.586053848739026,1.6720443353639165,0.9535112246214599,1.845569019624242,8.070022201194847,0.3087414175976317,6.965009540832733,8.180453320191944,0.0641911094276343,-8.273718450333398,9.662197748891646,9.78236712837987,2.465787350165413,-8.462006686531746,7.402061622332036,3.2059431657397193,11.159416847469549,3.8044412635159475,1.9525971281848191,8.586030508682981,1.1401450695827033,-1.0748873284953537,2.0832931692477428
2.0928630341310903,-30.32011385552075,26.83967346020503,19.010580832384125,-28.118418387974533,9.745599575086777,13.143721722282708,10.888407977844139,7.189714013103771,35.01085639709706,-8.687023480519379,-2.8448867756871943,-1.5025457679931593,18.01670941231168,2.6567716431826494,-37.77777490093767,1.6995700084740544,4.235464430670412,-21.72239776670667,-11.68369375566949,24.262988018598172,14.401651048999016,8.480962017900662,4.983892488902162,8.07447396095484,35.114465435425686,1.6004766656868368,30.285048579819687,34.759336812896095,0.41262392123478686,-34.63279934883585,41.43003191782622,40.74694006681227,10.297579323772778,-35.204392086029884,31.286864697144367,11.159416847469549,49.0877273879625,13.454831670678214,7.703729779022143,36.65972351158631,5.23097299074122,-4.583435111126919,10.227172411179874
0.2595702890353862,-9.004218191152061,8.301510070450435,4.89735582729168,-8.704681504376078,2.0507228681568233,3.842601258224317,2.594689564047893,2.117578267628155,10.351598389088595,-3.1727916421127977,-1.3517542390625117,-0.0740068001109399,5.267404809483892,0.11420060728448389,-11.315163304664157,0.16207975756064608,1.3079626701478078,-6.444468150139837,-3.596382547524651,7.223602869950951,4.339602832141125,2.1865031156660604,1.2977655718900707,2.232163124771921,10.2141517430864,0.6307665202780794,8.4059450947112,10.151502477970466,0.16317349669329628,-10.050301757868896,11.918646321097366,12.202035217086202,3.001620903840407,-10.380664132501304,9.299290286072921,3.8044412635159475,13.454831670678214,4.89358373464795,2.1819370383914762,10.513240965643307,1.3538903542597207,-1.4690717928811137,2.423201799291366
0.30735211520747785,-4.98896200923942,4.207426932980548,2.9302567808266784,-4.4952782172432135,1.5293209121857154,1.9683609487435454,1.7850065593899325,1.2707697280811763,5.390631036449417,-1.2838331183810294,-0.6878422307046137,-0.5522872437744121,2.9683320545024783,0.40205444575856025,-5.908250052519148,0.18365830351494583,0.9060286199188575,-3.535232939213416,-1.702420602434292,3.239066755933932,2.142670658187503,1.199275769528579,0.6907238039261654,1.234095509455516,5.367802693242416,-0.09156426987027225,4.7021439533376705,5.383188841766966,-0.11039832902574252,-5.559032997160926,6.342475385662524,6.471999110437003,1.4937468051230294,-5.574029651701027,4.735016164961936,1.9525971281848191,7.703729779022143,2.1819370383914762,1.4757938530111945,5.657576513119958,0.7311915388690579,-0.5012209203365994,1.573060428446499
1.8098434105587957,-23.283562789843725,20.7110266228429,14.3081476305926,-21.40436413862922,7.059888640617265,9.7995077833102755,7.9891954588250815,5.626285431891838,26.92905998533829,-7.193829172443519,-2.260739772930558,-0.6438473706437672,13.73468505295589,1.9682953529078153,-28.807877041556125,1.1728248586827654,3.2935188886017865,-16.688235428934007,-9.130952490256082,18.804204184739213,11.351458889475213,6.405451474289224,3.874930422639278,6.2228976955896815,26.636783435216444,1.4783530921428194,23.183084791232506,26.682410788393,0.6020967099247602,-26.204280445009623,31.66824224508887,31.155936033803567,7.7000753641739355,-26.963749422333684,23.760441086559364,8.586030508682981,36.65972351158631,10.513240965643307,5.657576513119958,27.92676921144463,4.334513906549932,-3.5401196120826066,7.448523307382898
0.7771113541229012,-3.692359464415511,3.0729766389213387,2.3668790987900903,-2.889807315097368,1.0823450808978587,1.2685878551746095,1.0567635566026694,1.0068129766787555,4.312547212773908,-1.4357089778112964,-0.08458206726956405,0.1973109317217531,2.326836702814281,0.5588220455039538,-4.249830481407792,0.177491536892915,0.5423003465816005,-2.719847489799631,-1.5936030346058803,3.0175142761399973,2.116722375952629,1.0731441576006735,0.6592652423961094,1.0664640277453736,3.959054938710407,0.3796382692088292,3.911333038661883,4.228183694168668,0.45083488487272116,-3.7921701353270385,4.967908255514305,4.7479092976429,0.9759852952838989,-4.276829005932942,3.489715028371821,1.1401450695827033,5.23097299074122,1.3538903542597207,0.7311915388690579,4.334513906549932,1.2826998863645092,-0.505864547649222,1.0406649567961404
-0.03837637632261805,2.640728359830225,-2.6040298842479292,-1.7130045321740628,2.6300624495161014,-0.6778898451837142,-1.4894378125695615,-0.6997140002093907,-0.4979432309793512,-3.445455318027,0.9905700955414474,0.1423834782881179,-0.2715031323120334,-1.7925229356236392,-0.07876749826891985,3.746950593600053,-0.1419070763627437,-0.17681863382516255,1.9039472436810918,1.2323945678189567,-2.8247393727905017,-1.555847586275604,-0.880979726633499,-0.38555316307426984,-0.7628620658334385,-3.4739242106256003,-0.5533863618300975,-2.825161432320208,-3.294400992301151,-0.22559711426214285,3.1694760941892026,-4.031136103400547,-3.8336587129422126,-1.2394892005942513,3.299535484991618,-3.3827630086715454,-1.0748873284953537,-4.583435111126919,-1.4690717928811137,-0.5012209203365994,-3.5401196120826066,-0.505864547649222,0.8069220682796155,-0.8988833996022167
0.46159347207475054,-5.9754679445336185,5.168852187919353,3.9829187878428227,-5.54089302564672,2.2272585822952404,2.676932379457561,2.3385529793918542,1.3764127846785486,6.878237263250121,-1.5094416332378953,-0.3608064048810651,-0.5063336419496108,3.642627865090155,0.6949140153043264,-7.495360874700788,0.43845733006221843,0.8175344402197285,-4.28014034452944,-2.2746783248354627,4.834441635149971,2.8149497916730857,1.7673046786393423,0.9730494311512604,1.5863762893866322,7.110936629127738,0.316358949190281,6.115690604570667,6.9050378520559414,0.03940624927365243,-6.976006858076764,8.34594123392073,8.091184933489469,2.1307937655406066,-7.001248003435422,6.237736936708475,2.0832931692477428,10.227172411179874,2.423201799291366,1.573060428446499,7.448523307382898,1.0406649567961404,-0.8988833996022167,2.294052905323851
