V1,V2,V3,V4,V5,V6,V7,V8,V9,V10,V11,V12,V13,V14,V15,V16,V17,V18,V19,V20,V21,V22,V23,V24,V25,V26,V27,V28,V29,V30,V31,V32,V33,V34,V35,V36,V37,V38,V39,V40,V41,V42,V43
0.3078255159101005,0.530298223725696,0.5869634902752973,-0.08815550498029423,0.24277583574182274,-0.26169074124777464,0.4167354998471212,0.5670791977857389,0.16985302703208494,-0.17039369976173152,-0.2898304232223236,0.020826377043311677,0.3338528121119136,0.045151346022398134,-0.3173353184978319,-0.14860532235357435,0.5310425886376416,-0.4865495005354295,0.32854471700976806,-0.30838946040321785,0.6709925429083428,0.10526876133516462,0.4863587301892087,0.04415647509851566,0.5326457422703568,0.41390774847820194,-0.022238074904891568,0.5233203995697433,0.27582273620390185,-0.0074532689067653346,0.6506280720844237,0.8276855993631176,0.771495498293777,0.8252950755898991,0.6188935621764683,-1.0943348216590716,0.17404481350030124,0.8801906180348507,-0.370924953924551,-0.22975755666544684,0.20239530095269134,0.020047666623785782,-0.13171479129457603
0.530298223725696,1.9131212810514369,0.32554908321587117,-0.6442095261054829,0.14988581671393808,-1.3882499029391882,0.4874057291229677,-0.1003948654349974,0.052775929870014934,0.7791160422504049,0.03499181674318532,0.5087183904022489,1.8818471111701183,0.5016413856553912,-0.5225983107837653,-0.31461492897155807,1.791444485746545,-0.28448076799084754,2.44674427837297,-0.7137314947376796,1.1608947836385852,0.2511363234070122,0.5443813157445528,-0.3643045400904416,0.14632999236571187,0.21399315358707424,-0.3366762259544064,0.7653451486272188,2.032084123065514,-1.3535480476789283,3.1339120900189554,0.9190128132583488,1.6926121244756778,2.6756656811091877,1.5639558052209368,-3.152493099179826,0.7362100622470555,0.7843199505230696,-1.150638275768225,-0.10260282012672402,-0.1457863996982232,1.046186931971695,1.1477222839615913
0.5869634902752973,0.32554908321587117,2.3942312720925725,0.24720219976257088,0.6162171773276236,0.127783933797923,1.468974126230974,2.5227162005706227,0.7225283552502194,-1.458638635658153,-1.440025925247141,-0.3630891186191724,-0.5251422516063337,-0.5085446935701157,-0.8521965563918035,-0.5037339076395697,0.6468239622982557,-1.8529297023527789,-1.1344655505683663,-0.5509667397770494,1.904866584688963,-0.1408081821940644,1.4579236133920732,0.43637576982018433,2.059001338171384,1.6424648639624342,0.18966698203759594,1.6101642831535046,-0.879911444420359,1.2323082839529391,-0.349580675437123,2.8010915765755184,1.9417655803496394,1.1392881312662921,1.15957118432441,-1.487734802511261,-0.02430346609321436,3.077985042712372,-0.4007324181286469,-1.0283191354534946,0.9882132383518554,-1.0081314670967614,-1.8158433127632123
-0.08815550498029423,-0.6442095261054829,0.24720219976257088,0.2770281044336568,0.05333321383032567,0.5343376183077989,0.04377670176118342,0.43375073810176584,0.0965532970417535,-0.5137647733394985,-0.23091927365244594,-0.24613626257406282,-0.7623933143050681,-0.2532882433560849,0.05639192979606125,0.04458448716829597,-0.5541186423762807,-0.18273439544858947,-1.0663991537613806,0.16955251725435538,-0.12820609365630684,-0.0981301796757091,0.03656284542744867,0.20747122663421816,0.2807246835382114,0.17907131081593178,0.1567929932162194,-0.030413663904414252,-0.8777790724031332,0.6912320463761383,-1.194288462623673,0.09723768097098452,-0.32748451469313594,-0.8116019385740121,-0.39156729277558067,0.9118055173749258,-0.2670788381871219,0.19771290130413113,0.3583813319786588,-0.11893307298050693,0.2096319123453981,-0.5370606248151478,-0.7010261816880536
0.24277583574182274,0.14988581671393808,0.6162171773276236,0.05333321383032567,0.29781955804751165,0.05025146484038771,0.3677066744823706,0.7241254679553588,0.16904213851077332,-0.4313614799932915,-0.3470123399329912,-0.1071327904022244,-0.08717414960405738,-0.055710289572068125,-0.24720270136365194,-0.08171853541377264,0.14608447771339264,-0.5283992030213113,-0.22680250869818538,-0.191045412893591,0.4801842992901487,0.10388224516741004,0.4532810274244612,0.16090350541169285,0.5944745244711207,0.4333524802486064,0.0649008028185099,0.42198364217509365,-0.19240965205682073,0.3581650709887134,-0.042181308329474594,0.7549520102789578,0.4658205734449038,0.2848408777035491,0.3355089595666906,-0.5105311262077067,0.006939495669723738,0.848829822051429,-0.17151183916783827,-0.23628336300314867,0.28715843109649003,-0.24525996345086865,-0.4417765002486795
-0.26169074124777464,-1.3882499029391882,0.127783933797923,0.5343376183077989,0.05025146484038771,1.105303596147151,-0.14957785059670048,0.5160269196849299,0.07291619420323284,-0.8568985168566877,-0.2425534874105036,-0.45912027363128277,-1.5051577570775334,-0.42746505454581973,0.25263558780111206,0.18886173597802344,-1.2833139841921686,-0.09567943414133295,-2.033344045513792,0.43316912462934937,-0.5904088253763985,-0.14403997155463139,-0.1425799490642843,0.3771361285793471,0.26047540612472764,0.10503658925003799,0.3000841173642418,-0.32824441842852453,-1.6895571897751582,1.2595571773570275,-2.439075344133542,-0.24714204075160104,-1.015124042420465,-1.888425247372425,-0.9995536464605662,2.12370468839039,-0.5560485132860384,-0.0798754232812665,0.7950083948326052,-0.07083023303813704,0.28658990298756487,-0.9599697262352944,-1.163717134754392
0.4167354998471212,0.4874057291229677,1.468974126230974,0.04377670176118342,0.3677066744823706,-0.14957785059670048,0.9500468993166378,1.464609503795568,0.4366292723354458,-0.7302802835395807,-0.851030469012591,-0.13176999429260736,-0.019564562853801783,-0.2326137262514822,-0.5829520922378335,-0.3562432768850584,0.6686123044634927,-1.134980216873412,-0.2908044857127701,-0.4312597658368872,1.3111033017692624,-0.06505756358965956,0.9362876112281443,0.19192398008985362,1.227953804313043,1.0024537157561182,0.05370888778258429,1.0721708666638006,-0.20141197204545028,0.5067963039963082,0.2849388222673652,1.7989200504542449,1.4247485377614482,1.104040379044141,0.9312336007419231,-1.363484681688886,0.09916463052225136,1.9349692124055418,-0.41251133060345035,-0.6275360220804413,0.5570118488816606,-0.4324091281687653,-0.8945394384534374
0.5670791977857389,-0.1003948654349974,2.5227162005706227,0.43375073810176584,0.7241254679553588,0.5160269196849299,1.464609503795568,2.8260214274428566,0.767451109653685,-1.82849314469338,-1.5618968810413412,-0.5393885730484119,-1.0286996151732168,-0.6341685644814845,-0.8117596150884625,-0.433569250145856,0.2282748370393169,-1.9764313047897692,-1.8326292259702863,-0.44857461912724145,1.7704340163259962,-0.12499784674595969,1.5013617915223256,0.6043087248150443,2.256879607179768,1.7440192863680097,0.3073228334192817,1.5611917504071502,-1.4672916153548037,1.7240000925173051,-1.1642832997223462,2.8351388630491106,1.6502604430821455,0.5339001494666379,0.8795711795397851,-0.8847243376912,-0.20589315204130923,3.191870316429179,-0.17774863737831254,-1.0760414872462036,1.1372076230955137,-1.3617212319437941,-2.263964568430273
0.16985302703208494,0.052775929870014934,0.7225283552502194,0.0965532970417535,0.16904213851077332,0.07291619420323284,0.4366292723354458,0.767451109653685,0.23252976043336088,-0.4527474766263662,-0.44245222154414504,-0.12469473974113031,-0.19994936946681777,-0.17216046885362077,-0.24874077459832655,-0.14969797921422787,0.17042091784590688,-0.5497453738481142,-0.4079652221085221,-0.15190541053661197,0.5677590920132024,-0.061505021073545434,0.4324720251808245,0.1387318464784226,0.6377292617098352,0.5025128155624119,0.06657856051998821,0.4778943132511461,-0.3168644157939982,0.40285433623608274,-0.17156818654616532,0.8335091323969508,0.5586292115840384,0.2852955808615187,0.3180601747692188,-0.3789009594209697,-0.01572691043332705,0.9282961419079669,-0.08289090489262173,-0.3168557001928744,0.30353433482004083,-0.33191202890003774,-0.5882562178518375
-0.17039369976173152,0.7791160422504049,-1.458638635658153,-0.5137647733394985,-0.4313614799932915,-0.8568985168566877,-0.7302802835395807,-1.82849314469338,-0.4527474766263662,1.4604787036077183,0.9871173404399738,0.5340452493302604,1.3554269328564108,0.5721882892740746,0.31507298268184725,0.1407329222896795,0.5499800006712313,1.1453070489514259,2.0688050425601268,0.019124481269734445,-0.660905971948572,0.14071857802017562,-0.750087122270517,-0.5294505521270889,-1.3688235956941834,-1.0127562940479067,-0.3254158187486877,-0.6877835843104618,1.689241327830754,-1.6087816275971787,1.9207474513684981,-1.4344872998724079,-0.37971071346581625,0.6889252930591193,0.03875342079659659,-0.6223208070241214,0.410676984936039,-1.7123327119901348,-0.3096488538335099,0.6287887050441324,-0.7759143848119269,1.2508184147879986,1.850422553498382
-0.2898304232223236,0.03499181674318532,-1.440025925247141,-0.23091927365244594,-0.3470123399329912,-0.2425534874105036,-0.851030469012591,-1.5618968810413412,-0.44245222154414504,0.9871173404399738,0.8971743273256481,0.28453124986938066,0.5548568749427643,0.3824555457225405,0.46104101436163786,0.2792439982736493,-0.18750315661785086,1.1048165116776394,1.0007311903106835,0.24904279284808872,-1.0386317446481077,0.1330293013671187,-0.8265395691434675,-0.30732420642336794,-1.2468993699896613,-0.9874226633803707,-0.1540894498693465,-0.9015470446521928,0.7900118833451918,-0.9181298280080353,0.5951897963452627,-1.6172160147637,-1.0016432385009706,-0.3856427006456991,-0.5262612041028618,0.5285270815013653,0.10478702764752254,-1.8008892678365565,0.10300287661671849,0.625181556291245,-0.624888096312766,0.7493834035952744,1.262140759653593
0.020826377043311677,0.5087183904022489,-0.3630891186191724,-0.24613626257406282,-0.1071327904022244,-0.45912027363128277,-0.13176999429260736,-0.5393885730484119,-0.12469473974113031,0.5340452493302604,0.28453124986938066,0.23329436424461272,0.6667549054245987,0.23300311255212586,0.01232298176360785,-0.012060136278618332,0.4280704592125963,0.2819705682507532,0.957521839882959,-0.09899044628371693,-0.012858875848456052,0.06919153136470421,-0.13750944906714022,-0.20988184656630873,-0.3777790430443485,-0.25711398890230663,-0.1439444299188651,-0.07871465023081617,0.7877832384876646,-0.6657268665654341,1.0159051125535032,-0.2694088872260292,0.15310687028144046,0.6060624255772881,0.24502773248159793,-0.6466343298829934,0.22414700594396342,-0.3734470153812906,-0.26197212352542254,0.1601940842914282,-0.24613916360525165,0.5140029106480903,0.7017656212002341
0.3338528121119136,1.8818471111701183,-0.5251422516063337,-0.7623933143050681,-0.08717414960405738,-1.5051577570775334,-0.019564562853801783,-1.0286996151732168,-0.19994936946681777,1.3554269328564108,0.5548568749427643,0.6667549054245987,2.161427691698894,0.7001088056090176,-0.23708322180644092,-0.1544711297579887,1.654225447760929,0.3811796542158181,2.9698766034630584,-0.5440842514933009,0.5349540373820768,0.29398806247170867,0.03442138925676571,-0.5469361064856741,-0.5951514153903305,-0.36885521763924206,-0.4228634839593134,0.22136113806847754,2.447188446967866,-1.8733801801402257,3.412771153164863,-0.05329445839846959,1.0795771985453342,2.39685856323561,1.216810747314482,-2.7544868279106827,0.7828042799323077,-0.2948500184308851,-1.0503001162286352,0.25879577258693,-0.5155186672244059,1.4619341574820965,1.8568818191857475
0.045151346022398134,0.5016413856553912,-0.5085446935701157,-0.2532882433560849,-0.055710289572068125,-0.42746505454581973,-0.2326137262514822,-0.6341685644814845,-0.17216046885362077,0.5721882892740746,0.3824555457225405,0.23300311255212586,0.7001088056090176,0.3054951247559016,0.051319168945008924,0.05538719100838821,0.35047998305265204,0.36451029621801395,1.0243606633641549,-0.08991716400792478,-0.14517934197999377,0.16566838737144285,-0.17585592292437083,-0.1954935667523674,-0.44746097738495993,-0.34693444174453253,-0.13935707970568226,-0.1800211204585615,0.8264818825932452,-0.6882536785977423,1.021564070881787,-0.4243740023225245,-0.010304560055301679,0.48857765128854613,0.1794115642652688,-0.5959873069932008,0.22749196303260408,-0.5227684594895823,-0.26073506541022956,0.24101258646335064,-0.27774614144480325,0.5641041282177791,0.8011044491994932
-0.3173353184978319,-0.5225983107837653,-0.8521965563918035,0.05639192979606125,-0.24720270136365194,0.25263558780111206,-0.5829520922378335,-0.8117596150884625,-0.24874077459832655,0.31507298268184725,0.46104101436163786,0.01232298176360785,-0.23708322180644092,0.051319168945008924,0.3941216984484447,0.22683781683651025,-0.5955076118377095,0.6711510432237671,-0.15824998400991072,0.3383522636381509,-0.8727701474926751,-0.021770365751904597,-0.6023512709808816,-0.07000790680991104,-0.7154390124586897,-0.5857373154116887,0.0076436529114184875,-0.6919809424510418,-0.15031307064277413,-0.11805891349379256,-0.5622620765673817,-1.1165868583546048,-0.9935350634174545,-0.9424083604863637,-0.717260303910513,1.1745958295889396,-0.15255845275521707,-1.182693833261966,0.382258846829778,0.35613575043508433,-0.2957678602331579,0.10424964445119582,0.34736801398936895
-0.14860532235357435,-0.31461492897155807,-0.5037339076395697,0.04458448716829597,-0.08171853541377264,0.18886173597802344,-0.3562432768850584,-0.433569250145856,-0.14969797921422787,0.1407329222896795,0.2792439982736493,-0.012060136278618332,-0.1544711297579887,0.05538719100838821,0.22683781683651025,0.16298005650721234,-0.392428904304651,0.3745396721917241,-0.11594001398748903,0.18730128292126214,-0.5343637931109725,0.048963345306308845,-0.322407349800903,-0.008255255282161122,-0.3811955564563129,-0.3379946529690794,0.021207017599814235,-0.41455369791298374,-0.11680637919250646,-0.018717350429340817,-0.3707460152644848,-0.6537556685267818,-0.6325458252484755,-0.6139876185697418,-0.4339159069112957,0.6904353786907271,-0.09486292404386604,-0.674108430120963,0.21878470212561513,0.22187675612930724,-0.15275347286075489,0.04413502933571183,0.18649217060528347
0.5310425886376416,1.791444485746545,0.6468239622982557,-0.5541186423762807,0.14608447771339264,-1.2833139841921686,0.6686123044634927,0.2282748370393169,0.17042091784590688,0.5499800006712313,-0.18750315661785086,0.4280704592125963,1.654225447760929,0.35047998305265204,-0.5955076118377095,-0.392428904304651,1.7833052022219504,-0.4994461474780821,2.0765827794528704,-0.7172014217091398,1.3694009349202052,0.13229792950789954,0.6746884900290021,-0.3037261140189765,0.4067034996539315,0.4352581344046673,-0.2915982872750952,0.9439171512715739,1.7463690521294306,-1.1064013602887532,2.8442302358085207,1.2409265831410186,1.875657696035533,2.65635569497965,1.5996708795808898,-3.077915911499184,0.6791143484155655,1.1486807237327912,-1.0841621934390895,-0.2636464093985321,-0.01252784443713399,0.8228364667718063,0.7892325635822323
-0.4865495005354295,-0.28448076799084754,-1.8529297023527789,-0.18273439544858947,-0.5283992030213113,-0.09567943414133295,-1.134980216873412,-1.9764313047897692,-0.5497453738481142,1.1453070489514259,1.1048165116776394,0.2819705682507532,0.3811796542158181,0.36451029621801395,0.6711510432237671,0.3745396721917241,-0.4994461474780821,1.4546509695492862,0.8414014859807325,0.44536081248421605,-1.471884102557398,0.057463805202990846,-1.1554783512288194,-0.3519936385080399,-1.6103848356336747,-1.2731864183438,-0.1499903850615353,-1.2505703996490323,0.6575236253326637,-0.9611393852366962,0.24090164033252914,-2.1822664836445056,-1.4975072153328368,-0.8915091185106304,-0.9160681182780026,1.2093349678821292,0.013788175406892887,-2.4006974960675342,0.34250358717574425,0.7849304191604916,-0.774766510783794,0.7689757105027446,1.387414280536234
0.32854471700976806,2.44674427837297,-1.1344655505683663,-1.0663991537613806,-0.22680250869818538,-2.033344045513792,-0.2908044857127701,-1.8326292259702863,-0.4079652221085221,2.0688050425601268,1.0007311903106835,0.957521839882959,2.9698766034630584,1.0243606633641549,-0.15824998400991072,-0.11594001398748903,2.0765827794528704,0.8414014859807325,4.165536282552634,-0.6209733842381959,0.35606200903341634,0.4162873017712117,-0.2256301857966984,-0.8104958255386517,-1.1846789333131225,-0.7972592701313116,-0.6019524351649638,-0.0022198791018856155,3.4216858644611774,-2.721957400368098,4.604789276663066,-0.5825462961903621,1.0859163641578642,2.9917094635550723,1.4100791110441584,-3.394914640520896,1.0397030827556981,-0.9638455565481644,-1.3337479372988654,0.5350102145977862,-0.8679921152314408,2.130999262749432,2.810262377027953
-0.30838946040321785,-0.7137314947376796,-0.5509667397770494,0.16955251725435538,-0.191045412893591,0.43316912462934937,-0.4312597658368872,-0.44857461912724145,-0.15190541053661197,0.019124481269734445,0.24904279284808872,-0.09899044628371693,-0.5440842514933009,-0.08991716400792478,0.3383522636381509,0.18730128292126214,-0.7172014217091398,0.44536081248421605,-0.6209733842381959,0.3532189344650017,-0.742465852471136,-0.08704164424910021,-0.47104173301055086,0.029622936676630553,-0.45080747541526245,-0.37984367498711563,0.07233905920041626,-0.5567011474983683,-0.5227336116803124,0.2160220859846596,-0.9965884023042476,-0.8317033923455082,-0.9169043695445378,-1.1015183574953749,-0.7461135687180822,1.3576182753155401,-0.24918795532334437,-0.8473730709463116,0.46879922811180735,0.21965965569955268,-0.1409554729949767,-0.16562072487677143,-0.05085530866147323
0.6709925429083428,1.1608947836385852,1.904866584688963,-0.12820609365630684,0.4801842992901487,-0.5904088253763985,1.3111033017692624,1.7704340163259962,0.5677590920132024,-0.660905971948572,-1.0386317446481077,-0.012858875848456052,0.5349540373820768,-0.14517934197999377,-0.8727701474926751,-0.5343637931109725,1.3694009349202052,-1.471884102557398,0.35606200903341634,-0.742465852471136,1.9736537950883661,-0.019545219137968934,1.3142173766416239,0.1268909699305648,1.5715461847471768,1.3067853968558283,-0.027512770414517777,1.5530373617852957,0.34770774768506435,0.22176940060992473,1.279580442610572,2.4858931204032944,2.257745366679292,2.144350921609945,1.6041165629614518,-2.6029395504939745,0.3489395531302237,2.6244958029084455,-0.8305338315962216,-0.8122361634041326,0.6399630795604728,-0.2240569560428074,-0.7721259959412746
0.10526876133516462,0.2511363234070122,-0.1408081821940644,-0.0981301796757091,0.10388224516741004,-0.14403997155463139,-0.06505756358965956,-0.12499784674595969,-0.061505021073545434,0.14071857802017562,0.1330293013671187,0.06919153136470421,0.29398806247170867,0.16566838737144285,-0.021770365751904597,0.048963345306308845,0.13229792950789954,0.057463805202990846,0.4162873017712117,-0.08704164424910021,-0.019545219137968934,0.17312744099731947,0.0294474385297489,-0.024804907119698856,-0.06957173935671422,-0.08590752558880234,-0.034696500014539194,-0.026188729506720736,0.3214472277977634,-0.2011727290728182,0.42004332823913093,-0.07240021844745424,0.01080621110103765,0.20285415648534028,0.12375332490549847,-0.36258735615330584,0.09837991517275164,-0.08348657785918405,-0.1611608474895578,0.09138911611894417,-0.05739765663176602,0.20345204327370806,0.2841086095158987
0.4863587301892087,0.5443813157445528,1.4579236133920732,0.03656284542744867,0.4532810274244612,-0.1425799490642843,0.9362876112281443,1.5013617915223256,0.4324720251808245,-0.750087122270517,-0.8265395691434675,-0.13750944906714022,0.03442138925676571,-0.17585592292437083,-0.6023512709808816,-0.322407349800903,0.6746884900290021,-1.1554783512288194,-0.2256301857966984,-0.47104173301055086,1.3142173766416239,0.0294474385297489,0.9909941355901846,0.22155196211425235,1.2789422963557397,1.0092091603778757,0.06554986418749828,1.0789892078058987,-0.16084485167328022,0.5177586739554993,0.3491135423024212,1.8137638480892664,1.4038243718527241,1.107712066940783,0.9622469745088114,-1.467622423596477,0.1234890488664973,1.9730867605631683,-0.4546426148765933,-0.6079875901759615,0.5727079224215926,-0.410426283925535,-0.8654532338788262
0.04415647509851566,-0.3643045400904416,0.43637576982018433,0.20747122663421816,0.16090350541169285,0.3771361285793471,0.19192398008985362,0.6043087248150443,0.1387318464784226,-0.5294505521270889,-0.30732420642336794,-0.20988184656630873,-0.5469361064856741,-0.1954935667523674,-0.07000790680991104,-0.008255255282161122,-0.3037261140189765,-0.3519936385080399,-0.8104958255386517,0.029622936676630553,0.1268909699305648,-0.024804907119698856,0.22155196211425235,0.2072073431036309,0.445802762196825,0.3092792460255723,0.1321761540022806,0.16554684263298292,-0.6695364034922643,0.6149705626680378,-0.8131174639825614,0.39600792725268447,-0.01053593586264497,-0.4119516195720616,-0.11258703278036795,0.38485922857814026,-0.174312469703584,0.5034056575737034,0.16503403761632462,-0.1841701127781362,0.2643530745474747,-0.4657675681222739,-0.6611375911742822
0.5326457422703568,0.14632999236571187,2.059001338171384,0.2807246835382114,0.5944745244711207,0.26047540612472764,1.227953804313043,2.256879607179768,0.6377292617098352,-1.3688235956941834,-1.2468993699896613,-0.3777790430443485,-0.5951514153903305,-0.44746097738495993,-0.7154390124586897,-0.3811955564563129,0.4067034996539315,-1.6103848356336747,-1.1846789333131225,-0.45080747541526245,1.5715461847471768,-0.06957173935671422,1.2789422963557397,0.445802762196825,1.8551392804158116,1.4333532425905968,0.2123519300213879,1.3477685334725074,-0.9393393300470868,1.225361129251881,-0.553256977482784,2.38209516906741,1.5197322707162761,0.7344227209814207,0.8918883176362032,-1.0883439117319285,-0.06369989689921637,2.6678985444224295,-0.265103108734737,-0.878846124019882,0.8968330630442174,-0.9701042102442977,-1.6896305083631475
0.41390774847820194,0.21399315358707424,1.6424648639624342,0.17907131081593178,0.4333524802486064,0.10503658925003799,1.0024537157561182,1.7440192863680097,0.5025128155624119,-1.0127562940479067,-0.9874226633803707,-0.25711398890230663,-0.36885521763924206,-0.34693444174453253,-0.5857373154116887,-0.3379946529690794,0.4352581344046673,-1.2731864183438,-0.7972592701313116,-0.37984367498711563,1.3067853968558283,-0.08590752558880234,1.0092091603778757,0.3092792460255723,1.4333532425905968,1.1340098415895064,0.13864827493787915,1.1047257624617117,-0.6204923107091204,0.8641810357396622,-0.2593793865738906,1.921872146068828,1.316220570911997,0.7543169689351265,0.7862470777484484,-1.009402370036005,-0.01590727503178186,2.1228426143760424,-0.2653809685721657,-0.7065406180413255,0.6842153959621581,-0.7007617103146246,-1.2605370711111996
-0.022238074904891568,-0.3366762259544064,0.18966698203759594,0.1567929932162194,0.0649008028185099,0.3000841173642418,0.05370888778258429,0.3073228334192817,0.06657856051998821,-0.3254158187486877,-0.1540894498693465,-0.1439444299188651,-0.4228634839593134,-0.13935707970568226,0.0076436529114184875,0.021207017599814235,-0.2915982872750952,-0.1499903850615353,-0.6019524351649638,0.07233905920041626,-0.027512770414517777,-0.034696500014539194,0.06554986418749828,0.1321761540022806,0.2123519300213879,0.13864827493787915,0.09652320949811029,0.022513548175479924,-0.49785976863635883,0.415001728179536,-0.6587729879729404,0.12091041825963098,-0.14311630814102702,-0.42438084430027784,-0.18627704664229958,0.4497471959871137,-0.14461484981836864,0.1882766900088533,0.17942042457845608,-0.0863832395385148,0.1412266100366732,-0.3154764264741472,-0.42208959427736953
0.5233203995697433,0.7653451486272188,1.6101642831535046,-0.030413663904414252,0.42198364217509365,-0.32824441842852453,1.0721708666638006,1.5611917504071502,0.4778943132511461,-0.6877835843104618,-0.9015470446521928,-0.07871465023081617,0.22136113806847754,-0.1800211204585615,-0.6919809424510418,-0.41455369791298374,0.9439171512715739,-1.2505703996490323,-0.0022198791018856155,-0.5567011474983683,1.5530373617852957,-0.026188729506720736,1.0789892078058987,0.16554684263298292,1.3477685334725074,1.1047257624617117,0.022513548175479924,1.2464610377417027,0.03954622038830387,0.37820159261619957,0.7007698125914655,2.0403775536212665,1.729347977656425,1.5071277436744928,1.1904169077652504,-1.8613124488177033,0.20404852033369586,2.1785758478966284,-0.5834463038769873,-0.6855986090733116,0.5793166133225806,-0.3303179821343364,-0.8144290894088927
0.27582273620390185,2.032084123065514,-0.879911444420359,-0.8777790724031332,-0.19240965205682073,-1.6895571897751582,-0.20141197204545028,-1.4672916153548037,-0.3168644157939982,1.689241327830754,0.7900118833451918,0.7877832384876646,2.447188446967866,0.8264818825932452,-0.15031307064277413,-0.11680637919250646,1.7463690521294306,0.6575236253326637,3.4216858644611774,-0.5227336116803124,0.34770774768506435,0.3214472277977634,-0.16084485167328022,-0.6695364034922643,-0.9393393300470868,-0.6204923107091204,-0.49785976863635883,0.03954622038830387,2.8155502431405752,-2.2350003588372305,3.8099683751054334,-0.41500778235183305,0.9585183571044142,2.5165142680345167,1.1963420108918656,-2.8413015215573716,0.8610100399806679,-0.7281132139222329,-1.1088892723265342,0.4132655978567417,-0.6997258431555412,1.742297784160778,2.2832937899293158
-0.0074532689067653346,-1.3535480476789283,1.2323082839529391,0.6912320463761383,0.3581650709887134,1.2595571773570275,0.5067963039963082,1.7240000925173051,0.40285433623608274,-1.6087816275971787,-0.9181298280080353,-0.6657268665654341,-1.8733801801402257,-0.6882536785977423,-0.11805891349379256,-0.018717350429340817,-1.1064013602887532,-0.9611393852366962,-2.721957400368098,0.2160220859846596,0.22176940060992473,-0.2011727290728182,0.5177586739554993,0.6149705626680378,1.225361129251881,0.8641810357396622,0.415001728179536,0.37820159261619957,-2.2350003588372305,1.9405967577340322,-2.81329414597663,1.0147989381447806,-0.22338346664371822,-1.537124940129404,-0.5567353163758143,1.6182140435089147,-0.6198401668291788,1.3221254604005577,0.6692870781112753,-0.5424550860330133,0.767335190952609,-1.5024964816978845,-2.0899130554105785
0.6506280720844237,3.1339120900189554,-0.349580675437123,-1.194288462623673,-0.042181308329474594,-2.439075344133542,0.2849388222673652,-1.1642832997223462,-0.17156818654616532,1.9207474513684981,0.5951897963452627,1.0159051125535032,3.412771153164863,1.021564070881787,-0.5622620765673817,-0.3707460152644848,2.8442302358085207,0.24090164033252914,4.604789276663066,-0.9965884023042476,1.279580442610572,0.42004332823913093,0.3491135423024212,-0.8131174639825614,-0.553256977482784,-0.2593793865738906,-0.6587729879729404,0.7007698125914655,3.8099683751054334,-2.81329414597663,5.501082010079033,0.5008671915676668,2.187818053423032,4.169710097340309,2.2335727995411876,-4.797560543662759,1.2724139213061922,0.15695185170728712,-1.7913129863562867,0.2012983548362826,-0.6395415703428279,2.1732648042772555,2.6472350643750064
0.8276855993631176,0.9190128132583488,2.8010915765755184,0.09723768097098452,0.7549520102789578,-0.24714204075160104,1.7989200504542449,2.8351388630491106,0.8335091323969508,-1.4344872998724079,-1.6172160147637,-0.2694088872260292,-0.05329445839846959,-0.4243740023225245,-1.1165868583546048,-0.6537556685267818,1.2409265831410186,-2.1822664836445056,-0.5825462961903621,-0.8317033923455082,2.4858931204032944,-0.07240021844745424,1.8137638480892664,0.39600792725268447,2.38209516906741,1.921872146068828,0.12091041825963098,2.0403775536212665,-0.41500778235183305,1.0147989381447806,0.5008671915676668,3.4351020437831123,2.674160040483802,2.046621999210859,1.7602038199405452,-2.593449172022321,0.18413236376728953,3.714054433119636,-0.7864327034194277,-1.189719793175765,1.0811195310663981,-0.8415532803339547,-1.7275479159854068
0.771495498293777,1.6926121244756778,1.9417655803496394,-0.32748451469313594,0.4658205734449038,-1.015124042420465,1.4247485377614482,1.6502604430821455,0.5586292115840384,-0.37971071346581625,-1.0016432385009706,0.15310687028144046,1.0795771985453342,-0.010304560055301679,-0.9935350634174545,-0.6325458252484755,1.875657696035533,-1.4975072153328368,1.0859163641578642,-0.9169043695445378,2.257745366679292,0.01080621110103765,1.4038243718527241,-0.01053593586264497,1.5197322707162761,1.316220570911997,-0.14311630814102702,1.729347977656425,0.9585183571044142,-0.22338346664371822,2.187818053423032,2.674160040483802,2.7206278195330356,2.9136454565760923,2.023137787319976,-3.446663665618195,0.550899479843171,2.7459583391522084,-1.1472757247831002,-0.8212810756352499,0.560677900452538,0.1051255393477142,-0.3901324140441121
0.8252950755898991,2.6756656811091877,1.1392881312662921,-0.8116019385740121,0.2848408777035491,-1.888425247372425,1.104040379044141,0.5339001494666379,0.2852955808615187,0.6889252930591193,-0.3856427006456991,0.6060624255772881,2.39685856323561,0.48857765128854613,-0.9424083604863637,-0.6139876185697418,2.65635569497965,-0.8915091185106304,2.9917094635550723,-1.1015183574953749,2.144350921609945,0.20285415648534028,1.107712066940783,-0.4119516195720616,0.7344227209814207,0.7543169689351265,-0.42438084430027784,1.5071277436744928,2.5165142680345167,-1.537124940129404,4.169710097340309,2.046621999210859,2.9136454565760923,4.019447107668426,2.4591250847818262,-4.669113131134457,0.9890543589957447,1.916785495313494,-1.6552415028187089,-0.45479949973308376,0.06051647440878289,1.1375525474062735,1.0402781729624286
0.6188935621764683,1.5639558052209368,1.15957118432441,-0.39156729277558067,0.3355089595666906,-0.9995536464605662,0.9312336007419231,0.8795711795397851,0.3180601747692188,0.03875342079659659,-0.5262612041028618,0.24502773248159793,1.216810747314482,0.1794115642652688,-0.717260303910513,-0.4339159069112957,1.5996708795808898,-0.9160681182780026,1.4100791110441584,-0.7461135687180822,1.6041165629614518,0.12375332490549847,0.9622469745088114,-0.11258703278036795,0.8918883176362032,0.7862470777484484,-0.18627704664229958,1.1904169077652504,1.1963420108918656,-0.5567353163758143,2.2335727995411876,1.7602038199405452,2.023137787319976,2.4591250847818262,1.6252207401294585,-2.9414199287388105,0.5475894769907513,1.761882860730136,-1.016684401660265,-0.4699832537463369,0.26548923855345974,0.40315655531176725,0.17106948617672801
-1.0943348216590716,-3.152493099179826,-1.487734802511261,0.9118055173749258,-0.5105311262077067,2.12370468839039,-1.363484681688886,-0.8847243376912,-0.3789009594209697,-0.6223208070241214,0.5285270815013653,-0.6466343298829934,-2.7544868279106827,-0.5959873069932008,1.1745958295889396,0.6904353786907271,-3.077915911499184,1.2093349678821292,-3.394914640520896,1.3576182753155401,-2.6029395504939745,-0.36258735615330584,-1.467622423596477,0.38485922857814026,-1.0883439117319285,-1.009402370036005,0.4497471959871137,-1.8613124488177033,-2.8413015215573716,1.6182140435089147,-4.797560543662759,-2.593449172022321,-3.446663665618195,-4.669113131134457,-2.9414199287388105,5.589258301449972,-1.1541469743757946,-2.5019871988440836,1.9820454012651392,0.5749923923406991,-0.18106832608437654,-1.2352106220709018,-1.065688114298017
0.17404481350030124,0.7362100622470555,-0.02430346609321436,-0.2670788381871219,0.006939495669723738,-0.5560485132860384,0.09916463052225136,-0.20589315204130923,-0.01572691043332705,0.410676984936039,0.10478702764752254,0.22414700594396342,0.7828042799323077,0.22749196303260408,-0.15255845275521707,-0.09486292404386604,0.6791143484155655,0.013788175406892887,1.0397030827556981,-0.24918795532334437,0.3489395531302237,0.09837991517275164,0.1234890488664973,-0.174312469703584,-0.06369989689921637,-0.01590727503178186,-0.14461484981836864,0.20404852033369586,0.8610100399806679,-0.6198401668291788,1.2724139213061922,0.18413236376728953,0.550899479843171,0.9890543589957447,0.5475894769907513,-1.1541469743757946,0.30177580125911396,0.11940797614768403,-0.4201569083435553,0.020739780773091857,-0.12274099547964207,0.47858061963898096,0.5660124857549361
0.8801906180348507,0.7843199505230696,3.077985042712372,0.19771290130413113,0.848829822051429,-0.0798754232812665,1.9349692124055418,3.191870316429179,0.9282961419079669,-1.7123327119901348,-1.8008892678365565,-0.3734470153812906,-0.2948500184308851,-0.5227684594895823,-1.182693833261966,-0.674108430120963,1.1486807237327912,-2.4006974960675342,-0.9638455565481644,-0.8473730709463116,2.6244958029084455,-0.08348657785918405,1.9730867605631683,0.5034056575737034,2.6678985444224295,2.1228426143760424,0.1882766900088533,2.1785758478966284,-0.7281132139222329,1.3221254604005577,0.15695185170728712,3.714054433119636,2.7459583391522084,1.916785495313494,1.761882860730136,-2.5019871988440836,0.11940797614768403,4.058701183560261,-0.7288907404872513,-1.310178242562378,1.2322154120667383,-1.075336720094865,-2.0790944548835424
-0.370924953924551,-1.150638275768225,-0.4007324181286469,0.3583813319786588,-0.17151183916783827,0.7950083948326052,-0.41251133060345035,-0.17774863737831254,-0.08289090489262173,-0.3096488538335099,0.10300287661671849,-0.26197212352542254,-1.0503001162286352,-0.26073506541022956,0.382258846829778,0.21878470212561513,-1.0841621934390895,0.34250358717574425,-1.3337479372988654,0.46879922811180735,-0.8305338315962216,-0.1611608474895578,-0.4546426148765933,0.16503403761632462,-0.265103108734737,-0.2653809685721657,0.17942042457845608,-0.5834463038769873,-1.1088892723265342,0.6692870781112753,-1.7913129863562867,-0.7864327034194277,-1.1472757247831002,-1.6552415028187089,-1.016684401660265,1.9820454012651392,-0.4201569083435553,-0.7288907404872513,0.7235131481130223,0.14132395573460546,-0.008797676782521932,-0.5210244757670505,-0.5152171659815353
-0.22975755666544684,-0.10260282012672402,-1.0283191354534946,-0.11893307298050693,-0.23628336300314867,-0.07083023303813704,-0.6275360220804413,-1.0760414872462036,-0.3168557001928744,0.6287887050441324,0.625181556291245,0.1601940842914282,0.25879577258693,0.24101258646335064,0.35613575043508433,0.22187675612930724,-0.2636464093985321,0.7849304191604916,0.5350102145977862,0.21965965569955268,-0.8122361634041326,0.09138911611894417,-0.6079875901759615,-0.1841701127781362,-0.878846124019882,-0.7065406180413255,-0.0863832395385148,-0.6855986090733116,0.4132655978567417,-0.5424550860330133,0.2012983548362826,-1.189719793175765,-0.8212810756352499,-0.45479949973308376,-0.4699832537463369,0.5749923923406991,0.020739780773091857,-1.310178242562378,0.14132395573460546,0.4505915773098928,-0.4212247174441461,0.4510390901348005,0.8047864372295188
0.20239530095269134,-0.1457863996982232,0.9882132383518554,0.2096319123453981,0.28715843109649003,0.28658990298756487,0.5570118488816606,1.1372076230955137,0.30353433482004083,-0.7759143848119269,-0.624888096312766,-0.24613916360525165,-0.5155186672244059,-0.27774614144480325,-0.2957678602331579,-0.15275347286075489,-0.01252784443713399,-0.774766510783794,-0.8679921152314408,-0.1409554729949767,0.6399630795604728,-0.05739765663176602,0.5727079224215926,0.2643530745474747,0.8968330630442174,0.6842153959621581,0.1412266100366732,0.5793166133225806,-0.6997258431555412,0.767335190952609,-0.6395415703428279,1.0811195310663981,0.560677900452538,0.06051647440878289,0.26548923855345974,-0.18106832608437654,-0.12274099547964207,1.2322154120667383,-0.008797676782521932,-0.4212247174441461,0.46475179852419335,-0.6030610223010824,-0.968630284940891
0.020047666623785782,1.046186931971695,-1.0081314670967614,-0.5370606248151478,-0.24525996345086865,-0.9599697262352944,-0.4324091281687653,-1.3617212319437941,-0.33191202890003774,1.2508184147879986,0.7493834035952744,0.5140029106480903,1.4619341574820965,0.5641041282177791,0.10424964445119582,0.04413502933571183,0.8228364667718063,0.7689757105027446,2.130999262749432,-0.16562072487677143,-0.2240569560428074,0.20345204327370806,-0.410426283925535,-0.4657675681222739,-0.9701042102442977,-0.7007617103146246,-0.3154764264741472,-0.3303179821343364,1.742297784160778,-1.5024964816978845,2.1732648042772555,-0.8415532803339547,0.1051255393477142,1.1375525474062735,0.40315655531176725,-1.2352106220709018,0.47858061963898096,-1.075336720094865,-0.5210244757670505,0.4510390901348005,-0.6030610223010824,1.1809477567777162,1.654327199163768
-0.13171479129457603,1.1477222839615913,-1.8158433127632123,-0.7010261816880536,-0.4417765002486795,-1.163717134754392,-0.8945394384534374,-2.263964568430273,-0.5882562178518375,1.850422553498382,1.262140759653593,0.7017656212002341,1.8568818191857475,0.8011044491994932,0.34736801398936895,0.18649217060528347,0.7892325635822323,1.387414280536234,2.810262377027953,-0.05085530866147323,-0.7721259959412746,0.2841086095158987,-0.8654532338788262,-0.6611375911742822,-1.6896305083631475,-1.2605370711111996,-0.42208959427736953,-0.8144290894088927,2.2832937899293158,-2.0899130554105785,2.6472350643750064,-1.7275479159854068,-0.3901324140441121,1.0402781729624286,0.17106948617672801,-1.065688114298017,0.5660124857549361,-2.0790944548835424,-0.5152171659815353,0.8047864372295188,-0.968630284940891,1.654327199163768,2.4291133559177753
