V1,V2,V3,V4,V5,V6,V7,V8,V9,V10,V11,V12,V13,V14,V15,V16,V17,V18,V19,V20,V21,V22,V23,V24,V25,V26,V27,V28,V29,V30,V31,V32,V33,V34,V35,V36,V37,V38,V39,V40,V41,V42,V43
4.456841720376433,-1.637271265659729,-0.4402271162604059,3.0178912096582033,-4.8402904513270375,0.26763013692174703,2.135913719807408,0.1112895105539948,-1.1699690674178889,-1.111649658598298,1.4521608450596386,-1.0439172244177677,-1.5664397442604605,1.8646288420469381,-0.5144565891969712,3.312329245436588,-5.293985930972768,0.3712396424595105,-1.0170798142849644,-0.06371714109662077,2.238560549473084,1.4082001993103193,-0.45352741658994683,-5.431587134813148,1.0198142550325284,-0.10422979263204785,2.41738687010023,-0.716298553648577,-3.873164069426832,-4.370624910511466,2.812009074564895,-1.1538145229426133,-4.07556857662092,3.0071836098311837,0.22884792546630395,-4.578755115777657,5.770088982786601,-0.6023977844863607,3.5663823537067123,0.5998801372677203,-1.2847506468547985,-3.624391589482922,-2.6474140630591934
-1.637271265659729,1.0453731188707105,-0.23834555930220652,-0.7088810991243061,1.2378578287506004,0.7285116472223192,-0.513054900804882,-0.19915576743545976,0.8851603493068257,-0.18251875307375487,0.012886665477336866,-0.4735873458001642,1.3544924470035027,-0.27960249255651115,-0.0631616898648157,-0.8076474841053521,1.876515892673022,-0.33790291327059147,0.8338263410617629,-0.16325595994088452,-1.2134240570445283,-0.18408318994519116,0.04567652214255637,2.1198017900238946,-0.21573244383460938,0.7678253080462574,-1.1354678776068388,-0.13308351855898942,1.6822274730118734,1.3625779187456748,-0.7266475500298207,0.16461065940076788,0.651161661166159,-1.4051582342579376,0.6221078252839014,1.3587124746777652,-2.081336550437945,-0.1492100892868862,-0.8539521727369882,-0.4346377056711136,0.036938212823024605,0.6138046465293506,1.1459524496155138
-0.4402271162604059,-0.23834555930220652,0.46134258390967153,-0.6367887272927315,0.9622878042082823,-0.7392034388215455,-0.49698125257922465,0.04320733333797798,-0.2501400690448429,0.5994530205034173,-0.5978298751969822,0.8915362290797793,-0.5177002031574051,-0.5635136049963831,0.2502829441943171,-0.7134580875603855,0.5308089831533818,0.210990204926051,-0.20856384096692684,0.12579272233307215,0.14941576424591776,-0.45775552319436186,0.1276364663804224,0.40991566213930514,-0.2918022838856088,-0.6484882602800548,0.01274083400753471,0.38506272840137007,0.18741444144425887,0.6679434373481988,-0.5988169785899098,0.41488083445481816,1.0244340162026988,-0.053831674054907484,-0.6665607266119257,0.7795550125953143,-0.6723906391301151,0.3995143803523534,-0.8512061834698929,0.17723582885398942,0.5112224652948523,1.0272353518351518,0.124784343155552
3.0178912096582033,-0.7088810991243061,-0.6367887272927315,2.563897884544284,-4.187007258414207,1.070503427468055,1.834492398242118,-0.12668860655763098,-0.11410331837338306,-1.39236446155929,1.7204383602553157,-1.6674695811987217,-0.2228933460508886,1.8009433950087061,-0.7904940206414204,2.6847966428050496,-4.008695602330513,0.061116828992647455,-0.11832212398073061,-0.39954459777113854,1.1731981043372597,1.3591115143928374,-0.4677568499851193,-3.605918079964462,0.8569837342179855,0.8272272650796113,1.4747006385769448,-1.0611596028657755,-2.45838764290008,-3.477891532852342,2.2958981152199236,-1.1760021628947892,-4.036047571784979,1.8059020407032762,0.9938629949821657,-3.587973863800401,4.0630317027515135,-0.9160741633047126,2.9795063805283,0.1561094087165441,-1.4845648689754283,-3.5354863196584416,-1.5726719357901842
-4.8402904513270375,1.2378578287506004,0.9622878042082823,-4.187007258414207,7.085898862988072,-1.6647320011043192,-3.0909373416531984,0.14662125328313932,0.0174074342107351,2.18004101076303,-2.8834260238606397,2.7163653717310297,0.40566921098402436,-3.0137043873344855,1.434665274315921,-4.316356850067584,6.7847972271490855,-0.06651769401008678,0.2195469318269574,0.7697470784693476,-1.9638161123896967,-2.246304455806453,0.7567981283998493,5.843873043900378,-1.4144383846434958,-1.4440879915710383,-2.4636024276257915,1.8253411832223454,4.123163323526985,5.891970711213023,-3.794088109561996,2.0852492989453983,6.740767431656774,-3.040726834165195,-1.678954814414899,5.947783633677035,-6.719820186450426,1.5959126326540045,-4.944585097552446,-0.18771178926247337,2.535348924559556,6.040362798414822,2.507018606590776
0.26763013692174703,0.7285116472223192,-0.7392034388215455,1.070503427468055,-1.6647320011043192,1.6903021127648794,0.7486780448488295,-0.36189718299031504,1.0215988260812117,-1.2719828007486647,1.327281357918599,-1.8194513828277041,1.4829741733451554,1.0140694617041064,-0.6939941504445084,1.0207395412272364,-0.7727339418050893,-0.34438544125339904,0.9579385795931724,-0.526919516955157,-0.5814033428675378,0.7923001002429884,-0.3038187210803069,-0.13284203161267727,0.3656232696832129,1.5617356725891731,-0.25602133390814374,-0.9821371227065674,0.20031842027223146,-0.970579830377757,0.8291687801526423,-0.6752834566289576,-2.302185425700987,-0.3513856650496056,1.5035434062612236,-1.0388378033894596,0.5062645500494481,-0.8762518321783828,1.175650088420666,-0.4018141960952102,-1.0829592680092546,-1.9263231204394837,0.22437477066916445
2.135913719807408,-0.513054900804882,-0.49698125257922465,1.834492398242118,-3.0909373416531984,0.7486780448488295,1.3870875738582233,-0.005823614220598216,-0.05110220730716315,-0.9576765057198768,1.2440377526294142,-1.2401404208079487,-0.16517252161149826,1.3391914705320962,-0.5952640389698333,1.9340716633909338,-2.898952778202307,-0.02902749090542454,-0.1620087487809267,-0.2873508970710706,0.8235465168826531,1.0099409266091848,-0.3160867000649865,-2.552552700543551,0.6645205990406017,0.6501366664662926,1.0385153586524487,-0.767345921136804,-1.8143642570080936,-2.5772959920349683,1.7072328307961095,-0.9571962364190642,-2.851475649497126,1.3313448904367005,0.7630525091583158,-2.638631013999876,2.993276708208014,-0.705410287572921,2.2487398438320048,0.047307210103592574,-1.1067506703535566,-2.657876864899031,-1.1179214761778233
0.1112895105539948,-0.19915576743545976,0.04320733333797798,-0.12668860655763098,0.14662125328313932,-0.36189718299031504,-0.005823614220598216,0.20214035412201764,-0.30328313363472736,0.2663975677470711,-0.2570204418308948,0.28797916729313805,-0.38478958629905685,-0.10611331472754042,0.1545415231061317,-0.04979198314340805,0.03286003335296142,-0.01624660241394068,-0.37453818171980785,0.16935362896399658,0.16705356183559752,-0.07393724129036583,0.07958297899571663,-0.15154705399070856,0.036622782023376085,-0.30177549389121155,0.0957550876188631,0.22445747730886298,-0.23614892140958804,0.001479424788270248,0.00867269241597917,-0.010620106404608578,0.4971965151459772,0.21757129545154488,-0.2690295647080442,-0.019823871267516953,0.2123083267735501,0.1371520268839758,0.032128359233629396,0.03573889820618807,0.17224868808204985,0.2045490037369715,-0.16820744152859812
-1.1699690674178889,0.8851603493068257,-0.2501400690448429,-0.11410331837338306,0.0174074342107351,1.0215988260812117,-0.05110220730716315,-0.30328313363472736,1.223925299444458,-0.49802737527829355,0.5897132314007818,-0.914254172725732,1.4396593340207517,0.21042693289414627,-0.4831623597311064,-0.33141587144546486,0.7126574439117367,-0.30856468171154094,1.0125902165983793,-0.49317192609368915,-0.9700847048232248,0.14348668936491057,-0.09440836764357782,1.4851917167620985,-0.0734165016932014,1.1732074089158682,-0.7839731582510036,-0.587125061420221,1.173997675204094,0.4057899719949389,-0.23941899425409174,-0.21940691764483167,-0.6690090827306567,-1.0351081295738802,0.9983945737039038,0.5514570811305097,-1.2849695764466964,-0.5093077477851927,-0.22760475860355572,-0.4651056820881738,-0.47820702584154673,-0.49988318264745746,0.9812588333152137
-1.111649658598298,-0.18251875307375487,0.5994530205034173,-1.39236446155929,2.18004101076303,-1.2719828007486647,-0.9576765057198768,0.2663975677470711,-0.49802737527829355,1.1525336839241411,-1.2568066770372137,1.5061309648053007,-0.7444720611306568,-1.1006420930548995,0.6068342733620707,-1.4058610056334804,1.6557174301669046,0.1453592494574994,-0.5095760958010017,0.4028320796364421,-0.05280524093126942,-0.8481162286305954,0.3190461746453061,1.2211720685865688,-0.4538816216242151,-1.0886700230423376,-0.32534005975302427,0.8602178581989329,0.6405177701913337,1.5822887812814992,-1.1544761524459168,0.6920428128216204,2.5258176235078986,-0.3582016265053479,-1.114206000270501,1.6702228533929793,-1.5252732584206887,0.7440819088232248,-1.5409517076804788,0.1460143634720766,1.0367936159532285,2.106184878238085,0.38082392480305216
1.4521608450596386,0.012886665477336866,-0.5978298751969822,1.7204383602553157,-2.8834260238606397,1.327281357918599,1.2440377526294142,-0.2570204418308948,0.5897132314007818,-1.2568066770372137,1.520973559014743,-1.6798978274168839,0.6580489485658279,1.3679272825291218,-0.8064711257285639,1.6926494491034865,-2.3631964811552946,-0.13421848857747168,0.4814610896893309,-0.540473000144101,0.2641715505358352,1.0273175513444028,-0.3775106699005822,-1.678839719813493,0.558709276177072,1.2290174847227942,0.5778182044052083,-1.0575926845668413,-1.044030211102283,-2.1754033510596105,1.4648934637794389,-0.9329688966152627,-3.162338479724881,0.668122910390678,1.2506687609325577,-2.1840773622536025,2.1046389663273395,-0.9162290590881115,1.948242664195455,-0.15077099400976432,-1.292569023423864,-2.72130976105022,-0.5506247304893226
-1.0439172244177677,-0.4735873458001642,0.8915362290797793,-1.6674695811987217,2.7163653717310297,-1.8194513828277041,-1.2401404208079487,0.28797916729313805,-0.914254172725732,1.5061309648053007,-1.6798978274168839,2.153302045197854,-1.2891129105038435,-1.4521088254321874,0.8614357419051125,-1.6732459054641562,1.7948310978687854,0.3638744717680222,-0.7691374890574844,0.5791821395903662,0.23224802823216134,-1.1224018678490186,0.3859885637707376,1.0723509095218224,-0.61214593763271,-1.6935281703230018,-0.14441766138766912,1.180933716421194,0.5247315532166911,1.889582944429772,-1.4330199482170123,1.028769687106775,3.1393144051685224,-0.19683699244787395,-1.682688713286229,1.9756023274067471,-1.632915806521881,1.084579177306011,-1.9801194297944305,0.37954240559783764,1.4202425648287686,2.8085967578988305,0.21863411647115766
-1.5664397442604605,1.3544924470035027,-0.5177002031574051,-0.2228933460508886,0.40566921098402436,1.4829741733451554,-0.16517252161149826,-0.38478958629905685,1.4396593340207517,-0.7444720611306568,0.6580489485658279,-1.2891129105038435,2.036431943796134,0.1952942262518409,-0.4438214534173264,-0.38929594521950284,1.4324952028910303,-0.4771777745795162,1.3160889590978686,-0.4700553371259937,-1.4615702397809767,0.17265537260447852,-0.10090340255618252,2.0911952957780775,-0.07079474828585561,1.5144852404202664,-1.2278164848244746,-0.6328189738111707,1.7683587276234372,0.8681192479901112,-0.3650448543142434,-0.1668174064023402,-0.5047220428729439,-1.5577321870511682,1.3237571391195737,0.8885545112740315,-1.8761883558740367,-0.5802174316822928,-0.34581890523804754,-0.6242649493032677,-0.49639209466028145,-0.3371811483540845,1.291315408434384
1.8646288420469381,-0.27960249255651115,-0.5635136049963831,1.8009433950087061,-3.0137043873344855,1.0140694617041064,1.3391914705320962,-0.10611331472754042,0.21042693289414627,-1.1006420930548995,1.3679272825291218,-1.4521088254321874,0.1952942262518409,1.3637434200358023,-0.6790135376649453,1.8576719190387543,-2.6660450420263695,-0.08496249214378535,0.1041772074549251,-0.3845568704680712,0.5783034287923408,1.0301829595640475,-0.3427917625792552,-2.1958261677361595,0.6325536341997517,0.9063463349944638,0.8368581896343196,-0.8894240060116029,-1.4922642826017218,-2.4146985538068626,1.6237011389063118,-0.956134691051792,-2.9842810984058,1.0505875054841618,0.9843504326334144,-2.466641070220055,2.639310524634285,-0.7997717736533873,2.1505316686645504,-0.04217701321085663,-1.1911893500360533,-2.698648988425801,-0.8879876897529109
-0.5144565891969712,-0.0631616898648157,0.2502829441943171,-0.7904940206414204,1.434665274315921,-0.6939941504445084,-0.5952640389698333,0.1545415231061317,-0.4831623597311064,0.6068342733620707,-0.8064711257285639,0.8614357419051125,-0.4438214534173264,-0.6790135376649453,0.49136906302362343,-0.7137600679243281,1.1363529566912878,0.08526107844542655,-0.3505950831363508,0.3653740167192522,-0.048807993135161404,-0.4941701733686438,0.18990981425472853,0.6096439855212209,-0.2407860224260192,-0.7262497849067515,-0.21916766681307948,0.6015488207195144,0.39440742548568447,1.0463259289687903,-0.65567317931239,0.499642110487861,1.6390935012133925,-0.23174807528705776,-0.7008120262837428,0.9773914234938758,-0.8533698873616072,0.5150693055644694,-0.8802610904297516,0.1306820852178156,0.6949802981500824,1.4121386955054094,0.12175423432642234
3.312329245436588,-0.8076474841053521,-0.7134580875603855,2.6847966428050496,-4.316356850067584,1.0207395412272364,1.9340716633909338,-0.04979198314340805,-0.33141587144546486,-1.4058610056334804,1.6926494491034865,-1.6732459054641562,-0.38929594521950284,1.8576719190387543,-0.7137600679243281,2.8864045624232624,-4.160853548912144,0.05223620232538406,-0.30295101587389306,-0.29389061430144686,1.299119505611926,1.418532622278445,-0.4625644956860155,-3.935953312270483,0.9407638833604316,0.7223024738488732,1.5861617756950317,-0.9913453329002374,-2.6953436845130843,-3.6383362036335667,2.4560007559288475,-1.2150805494698045,-4.008417401128311,1.9929266357452353,0.9314922988273258,-3.822320428351579,4.4216635270248865,-0.8839936565746538,3.196075588937058,0.19641814189284523,-1.469082779441962,-3.5951016950194927,-1.7841053801179592
-5.293985930972768,1.876515892673022,0.5308089831533818,-4.008695602330513,6.7847972271490855,-0.7727339418050893,-2.898952778202307,0.03286003335296142,0.7126574439117367,1.6557174301669046,-2.3631964811552946,1.7948310978687854,1.4324952028910303,-2.6660450420263695,1.1363529566912878,-4.160853548912144,7.119356357919644,-0.3954563668148724,0.7784571210776037,0.5320594040983918,-2.622126514723394,-1.9597335159708769,0.675795753490214,6.52375429647592,-1.2846577883566057,-0.5300097470337368,-2.971939786384667,1.4086015232709825,4.714267110116407,5.902197273683513,-3.644413753972484,1.768572338578819,6.139834338520446,-3.614808051844773,-0.836605461373245,5.92765317123773,-7.12816674585304,1.1649522043313887,-4.6457630738474345,-0.5542175600953506,2.095075056974041,5.393179687550234,2.972808757773515
0.3712396424595105,-0.33790291327059147,0.210990204926051,0.061116828992647455,-0.06651769401008678,-0.34438544125339904,-0.02902749090542454,-0.01624660241394068,-0.30856468171154094,0.1453592494574994,-0.13421848857747168,0.3638744717680222,-0.4771777745795162,-0.08496249214378535,0.08526107844542655,0.05223620232538406,-0.3954563668148724,0.20678582939519397,-0.19617283443647363,0.060855814520019064,0.3841398265219887,-0.08042129930793147,-0.003896567972879745,-0.5180763725500863,-0.05221823627740953,-0.3950270799136303,0.33574024471108066,0.11577839474799372,-0.3761460784041683,-0.1647966565045499,0.013259512677927476,0.14210880071413676,-0.016013588119651628,0.34287534670407854,-0.35626288972556464,-0.1458675906115757,0.35087031256400525,0.1647913850186849,-0.054134835946784504,0.2143505240966018,0.13055091893510581,0.1494696886327098,-0.2889571435479019
-1.0170798142849644,0.8338263410617629,-0.20856384096692684,-0.11832212398073061,0.2195469318269574,0.9579385795931724,-0.1620087487809267,-0.37453818171980785,1.0125902165983793,-0.5095760958010017,0.4814610896893309,-0.7691374890574844,1.3160889590978686,0.1041772074549251,-0.3505950831363508,-0.30295101587389306,0.7784571210776037,-0.19617283443647363,0.9949616691683427,-0.39852184659865497,-0.8809799020872372,0.07538242499607524,-0.10231916128670636,1.3150936696637165,-0.1259139511942919,0.9613793500880292,-0.7170416776382091,-0.48137800970544303,1.1619821715845018,0.5461613735528182,-0.3067408746204956,-0.020834095552846387,-0.559480578691375,-1.0118047130809593,0.8220734335938137,0.6173571466925679,-1.2928266925089957,-0.36920489629005565,-0.36300981534311816,-0.3336480215662538,-0.3392812870243178,-0.2110316202005784,0.863376006524656
-0.06371714109662077,-0.16325595994088452,0.12579272233307215,-0.39954459777113854,0.7697470784693476,-0.526919516955157,-0.2873508970710706,0.16935362896399658,-0.49317192609368915,0.4028320796364421,-0.540473000144101,0.5791821395903662,-0.4700553371259937,-0.3845568704680712,0.3653740167192522,-0.29389061430144686,0.5320594040983918,0.060855814520019064,-0.39852184659865497,0.3105981889029789,0.11399665903574491,-0.27015310547630017,0.12635009625872268,0.07630753016877852,-0.08685593113561102,-0.5735716329701215,-0.010530624807414618,0.4400733939645479,0.007105922420856641,0.49164515446519425,-0.27915303770354805,0.27656141680393526,1.0487418271886122,0.05036272683316154,-0.5235415538421102,0.4052372536966261,-0.2049164540746946,0.356564094100261,-0.3767048837146939,0.1266586063914643,0.4534159230496178,0.8295390662891289,-0.11468980171377369
2.238560549473084,-1.2134240570445283,0.14941576424591776,1.1731981043372597,-1.9638161123896967,-0.5814033428675378,0.8235465168826531,0.16705356183559752,-0.9700847048232248,-0.05280524093126942,0.2641715505358352,0.23224802823216134,-1.4615702397809767,0.5783034287923408,-0.048807993135161404,1.299119505611926,-2.622126514723394,0.3841398265219887,-0.8809799020872372,0.11399665903574491,1.4746840292656447,0.40996830421161273,-0.13024422136479102,-2.8429187544117696,0.3579843485588374,-0.6910465220670153,1.4419852728286486,-0.02788856754699559,-2.163393133267111,-1.9814834949866973,1.1307657924092398,-0.33357150800665447,-1.354370345679607,1.7675131756453408,-0.5057329674277409,-2.007548563683159,2.845875763421296,0.022459060332604596,1.3653254775262362,0.5023320243670372,-0.2685302212708942,-1.1893819835119974,-1.4752980754495864
1.4082001993103193,-0.18408318994519116,-0.45775552319436186,1.3591115143928374,-2.246304455806453,0.7923001002429884,1.0099409266091848,-0.07393724129036583,0.14348668936491057,-0.8481162286305954,1.0273175513444028,-1.1224018678490186,0.17265537260447852,1.0301829595640475,-0.4941701733686438,1.418532622278445,-1.9597335159708769,-0.08042129930793147,0.07538242499607524,-0.27015310547630017,0.40996830421161273,0.78435752486743,-0.25657021648335554,-1.643708326833346,0.48772192131356973,0.6934984069297004,0.6057952418208584,-0.6600974409576873,-1.1039212748980438,-1.795489568861715,1.2314304730164862,-0.7192445265299231,-2.2182894827716564,0.771198115137381,0.7570467127714287,-1.8563770214008344,1.9828650167650081,-0.6012699780100735,1.6361022126829106,-0.03993100673886393,-0.8925974994120859,-2.01930735258357,-0.6710522222987272
-0.45352741658994683,0.04567652214255637,0.1276364663804224,-0.4677568499851193,0.7567981283998493,-0.3038187210803069,-0.3160867000649865,0.07958297899571663,-0.09440836764357782,0.3190461746453061,-0.3775106699005822,0.3859885637707376,-0.10090340255618252,-0.3427917625792552,0.18990981425472853,-0.4625644956860155,0.675795753490214,-0.003896567972879745,-0.10231916128670636,0.12635009625872268,-0.13024422136479102,-0.25657021648335554,0.10261839591448929,0.5349931530341684,-0.1364496760680383,-0.25385047135758043,-0.2053940699145518,0.2562738811307673,0.3286842726469816,0.5870183356511154,-0.3854965188482158,0.20830627576456504,0.8364651263128525,-0.2252581833334402,-0.26872337691924225,0.5951898934820948,-0.6066852249955388,0.2079613888339469,-0.4981972102157578,-0.0024437287603672306,0.3132052594906865,0.6757207490400687,0.1976945594364856
-5.431587134813148,2.1198017900238946,0.40991566213930514,-3.605918079964462,5.843873043900378,-0.13284203161267727,-2.552552700543551,-0.15154705399070856,1.4851917167620985,1.2211720685865688,-1.678839719813493,1.0723509095218224,2.0911952957780775,-2.1958261677361595,0.6096439855212209,-3.935953312270483,6.52375429647592,-0.5180763725500863,1.3150936696637165,0.07630753016877852,-2.8429187544117696,-1.643708326833346,0.5349931530341684,6.666124857160746,-1.1954687747664678,0.27694612564632504,-3.034157081504586,0.818969124688302,4.802002973921856,5.323253463539683,-3.359995061261613,1.3585201538471932,4.870370417059742,-3.753276188770616,-0.12574253447451228,5.528037679086466,-7.0371813951532065,0.6687854149955204,-4.2384636775913185,-0.7855840733772383,1.4956941855921408,4.31062902344843,3.2573066059911167
1.0198142550325284,-0.21573244383460938,-0.2918022838856088,0.8569837342179855,-1.4144383846434958,0.3656232696832129,0.6645205990406017,0.036622782023376085,-0.0734165016932014,-0.4538816216242151,0.558709276177072,-0.61214593763271,-0.07079474828585561,0.6325536341997517,-0.2407860224260192,0.9407638833604316,-1.2846577883566057,-0.05221823627740953,-0.1259139511942919,-0.08685593113561102,0.3579843485588374,0.48772192131356973,-0.1364496760680383,-1.1954687747664678,0.342119270492811,0.3042575220312593,0.4540650729345377,-0.32517152695196977,-0.8495196838661458,-1.1859202390661292,0.8273702512101184,-0.4653348720864822,-1.2428480091900156,0.6183271614080699,0.36789354305958893,-1.251338963207044,1.4321976327327903,-0.32421534611386693,1.104941831458711,0.0035753507309062935,-0.5033455624391895,-1.2270109876574553,-0.5448592038297271
-0.10422979263204785,0.7678253080462574,-0.6484882602800548,0.8272272650796113,-1.4440879915710383,1.5617356725891731,0.6501366664662926,-0.30177549389121155,1.1732074089158682,-1.0886700230423376,1.2290174847227942,-1.6935281703230018,1.5144852404202664,0.9063463349944638,-0.7262497849067515,0.7223024738488732,-0.5300097470337368,-0.3950270799136303,0.9613793500880292,-0.5735716329701215,-0.6910465220670153,0.6934984069297004,-0.25385047135758043,0.27694612564632504,0.3042575220312593,1.5843078638178687,-0.3847718154119246,-0.9556532952815892,0.3826061960609721,-0.7832012626577857,0.649739130156752,-0.6971506625536054,-2.023391574130156,-0.4829073979266324,1.4819411319560103,-0.7582685258277655,0.16329601709858896,-0.8755430370010107,0.965163813965533,-0.4839854246054111,-1.033603126703169,-1.7988614636256102,0.43589033134176136
2.41738687010023,-1.1354678776068388,0.01274083400753471,1.4747006385769448,-2.4636024276257915,-0.25602133390814374,1.0385153586524487,0.0957550876188631,-0.7839731582510036,-0.32534005975302427,0.5778182044052083,-0.14441766138766912,-1.2278164848244746,0.8368581896343196,-0.21916766681307948,1.5861617756950317,-2.971939786384667,0.33574024471108066,-0.7170416776382091,-0.010530624807414618,1.4419852728286486,0.6057952418208584,-0.2053940699145518,-3.034157081504586,0.4540650729345377,-0.3847718154119246,1.4798665695946294,-0.2556075881260897,-2.2532787144759183,-2.326387456432867,1.3755801573468929,-0.5083533048222815,-1.9604398601299966,1.80094987458511,-0.20595970212266998,-2.353957090245947,3.122110458697552,-0.1748844751072622,1.6971167714447595,0.4425417540913781,-0.5302055940707803,-1.6994767651523937,-1.504390490404864
-0.716298553648577,-0.13308351855898942,0.38506272840137007,-1.0611596028657755,1.8253411832223454,-0.9821371227065674,-0.767345921136804,0.22445747730886298,-0.587125061420221,0.8602178581989329,-1.0575926845668413,1.180933716421194,-0.6328189738111707,-0.8894240060116029,0.6015488207195144,-0.9913453329002374,1.4086015232709825,0.11577839474799372,-0.48137800970544303,0.4400733939645479,-0.02788856754699559,-0.6600974409576873,0.2562738811307673,0.818969124688302,-0.32517152695196977,-0.9556532952815892,-0.2556075881260897,0.7720184674011425,0.4739793820668234,1.3148486130491575,-0.8691714394575876,0.6155804517673001,2.1312604401206654,-0.26195315959352544,-0.9361831443227981,1.277806749729878,-1.1069484140266745,0.6589535201069617,-1.164112016270987,0.16047208041080777,0.8941427865282973,1.7981241614995185,0.18073557632996123
-3.873164069426832,1.6822274730118734,0.18741444144425887,-2.45838764290008,4.123163323526985,0.20031842027223146,-1.8143642570080936,-0.23614892140958804,1.173997675204094,0.6405177701913337,-1.044030211102283,0.5247315532166911,1.7683587276234372,-1.4922642826017218,0.39440742548568447,-2.6953436845130843,4.714267110116407,-0.3761460784041683,1.1619821715845018,0.007105922420856641,-2.163393133267111,-1.1039212748980438,0.3286842726469816,4.802002973921856,-0.8495196838661458,0.3826061960609721,-2.2532787144759183,0.4739793820668234,3.591506372275438,3.838599201571165,-2.369221363461574,1.0019685361122368,3.206035736429978,-2.8369910569119132,0.09446380591311669,3.931455996558098,-5.121201843035287,0.40948203178094533,-2.9972555835166186,-0.5755096214425024,0.9788215786048807,2.9923577181111156,2.38437644354463
-4.370624910511466,1.3625779187456748,0.6679434373481988,-3.477891532852342,5.891970711213023,-0.970579830377757,-2.5772959920349683,0.001479424788270248,0.4057899719949389,1.5822887812814992,-2.1754033510596105,1.889582944429772,0.8681192479901112,-2.4146985538068626,1.0463259289687903,-3.6383362036335667,5.902197273683513,-0.1647966565045499,0.5461613735528182,0.49164515446519425,-1.9814834949866973,-1.795489568861715,0.5870183356511154,5.323253463539683,-1.1859202390661292,-0.7832012626577857,-2.326387456432867,1.3148486130491575,3.838599201571165,5.0421150132455494,-3.2070451680859677,1.6719474805932848,5.344214000357394,-2.896518350094494,-1.0279989438737154,5.101637407211049,-5.998274203770099,1.1520277181746248,-4.152031785685825,-0.30867457839540613,1.9385416522595438,4.848433977246759,2.393944966381395
2.812009074564895,-0.7266475500298207,-0.5988169785899098,2.2958981152199236,-3.794088109561996,0.8291687801526423,1.7072328307961095,0.00867269241597917,-0.23941899425409174,-1.1544761524459168,1.4648934637794389,-1.4330199482170123,-0.3650448543142434,1.6237011389063118,-0.65567317931239,2.4560007559288475,-3.644413753972484,0.013259512677927476,-0.3067408746204956,-0.27915303770354805,1.1307657924092398,1.2314304730164862,-0.3854965188482158,-3.359995061261613,0.8273702512101184,0.649739130156752,1.3755801573468929,-0.8691714394575876,-2.369221363461574,-3.2070451680859677,2.1376620752643976,-1.1239688037964848,-3.4472909268454326,1.756575683314234,0.8177909324802553,-3.3243049551442363,3.8499809037157546,-0.7953839368156752,2.798314346649109,0.13166606980184203,-1.2970728679662114,-3.188113167787298,-1.517002482827706
-1.1538145229426133,0.16461065940076788,0.41488083445481816,-1.1760021628947892,2.0852492989453983,-0.6752834566289576,-0.9571962364190642,-0.010620106404608578,-0.21940691764483167,0.6920428128216204,-0.9329688966152627,1.028769687106775,-0.1668174064023402,-0.956134691051792,0.499642110487861,-1.2150805494698045,1.768572338578819,0.14210880071413676,-0.020834095552846387,0.27656141680393526,-0.33357150800665447,-0.7192445265299231,0.20830627576456504,1.3585201538471932,-0.4653348720864822,-0.6971506625536054,-0.5083533048222815,0.6155804517673001,1.0019685361122368,1.6719474805932848,-1.1239688037964848,0.7618229723496428,1.9485171028488235,-0.6998954189334523,-0.7340757112907779,1.675759922577049,-1.7797736373444464,0.5977110922294019,-1.5254287001576412,0.11271141868749365,0.8480239259885951,1.9310776480470873,0.5382264526687743
-4.07556857662092,0.651161661166159,1.0244340162026988,-4.036047571784979,6.740767431656774,-2.302185425700987,-2.851475649497126,0.4971965151459772,-0.6690090827306567,2.5258176235078986,-3.162338479724881,3.1393144051685224,-0.5047220428729439,-2.9842810984058,1.6390935012133925,-4.008417401128311,6.139834338520446,-0.016013588119651628,-0.559480578691375,1.0487418271886122,-1.354370345679607,-2.2182894827716564,0.8364651263128525,4.870370417059742,-1.2428480091900156,-2.023391574130156,-1.9604398601299966,2.1312604401206654,3.206035736429978,5.344214000357394,-3.4472909268454326,1.9485171028488235,7.083879153605576,-2.2621489979529215,-2.1601879240956947,5.350754806005451,-5.627219801691347,1.777594333137856,-4.480494418843742,-0.024520121793265796,2.689445982834451,5.970100346284379,1.8711208492569462
3.0071836098311837,-1.4051582342579376,-0.053831674054907484,1.8059020407032762,-3.040726834165195,-0.3513856650496056,1.3313448904367005,0.21757129545154488,-1.0351081295738802,-0.3582016265053479,0.668122910390678,-0.19683699244787395,-1.5577321870511682,1.0505875054841618,-0.23174807528705776,1.9929266357452353,-3.614808051844773,0.34287534670407854,-1.0118047130809593,0.05036272683316154,1.7675131756453408,0.771198115137381,-0.2252581833334402,-3.753276188770616,0.6183271614080699,-0.4829073979266324,1.80094987458511,-0.26195315959352544,-2.8369910569119132,-2.896518350094494,1.756575683314234,-0.6998954189334523,-2.2621489979529215,2.264065778430062,-0.25075702305699626,-2.9589093731391127,3.951138553272735,-0.218289813686562,2.2041571594297054,0.5033288547946961,-0.6422973080311878,-2.1202727160162906,-1.8944831716174297
0.22884792546630395,0.6221078252839014,-0.6665607266119257,0.9938629949821657,-1.678954814414899,1.5035434062612236,0.7630525091583158,-0.2690295647080442,0.9983945737039038,-1.114206000270501,1.2506687609325577,-1.682688713286229,1.3237571391195737,0.9843504326334144,-0.7008120262837428,0.9314922988273258,-0.836605461373245,-0.35626288972556464,0.8220734335938137,-0.5235415538421102,-0.5057329674277409,0.7570467127714287,-0.26872337691924225,-0.12574253447451228,0.36789354305958893,1.4819411319560103,-0.20595970212266998,-0.9361831443227981,0.09446380591311669,-1.0279989438737154,0.8177909324802553,-0.7340757112907779,-2.1601879240956947,-0.25075702305699626,1.4148125823339852,-1.038649986962358,0.5661184858779541,-0.8606620923496968,1.174148015528519,-0.41571359893979476,-1.0546378912216072,-1.931436015993026,0.21355209656554383
-4.578755115777657,1.3587124746777652,0.7795550125953143,-3.587973863800401,5.947783633677035,-1.0388378033894596,-2.638631013999876,-0.019823871267516953,0.5514570811305097,1.6702228533929793,-2.1840773622536025,1.9756023274067471,0.8885545112740315,-2.466641070220055,0.9773914234938758,-3.822320428351579,5.92765317123773,-0.1458675906115757,0.6173571466925679,0.4052372536966261,-2.007548563683159,-1.8563770214008344,0.5951898934820948,5.528037679086466,-1.251338963207044,-0.7582685258277655,-2.353957090245947,1.277806749729878,3.931455996558098,5.101637407211049,-3.3243049551442363,1.675759922577049,5.350754806005451,-2.9589093731391127,-1.038649986962358,5.2526047911532645,-6.203046123357164,1.137111743627825,-4.31078687933665,-0.3306807358336924,1.9356405502272318,4.873793622957311,2.528192476482893
5.770088982786601,-2.081336550437945,-0.6723906391301151,4.0630317027515135,-6.719820186450426,0.5062645500494481,2.993276708208014,0.2123083267735501,-1.2849695764466964,-1.5252732584206887,2.1046389663273395,-1.632915806521881,-1.8761883558740367,2.639310524634285,-0.8533698873616072,4.4216635270248865,-7.12816674585304,0.35087031256400525,-1.2928266925089957,-0.2049164540746946,2.845875763421296,1.9828650167650081,-0.6066852249955388,-7.0371813951532065,1.4321976327327903,0.16329601709858896,3.122110458697552,-1.1069484140266745,-5.121201843035287,-5.998274203770099,3.8499809037157546,-1.7797736373444464,-5.627219801691347,3.951138553272735,0.5661184858779541,-6.203046123357164,7.699480311579809,-0.9911797446630283,4.9444457396029255,0.6340064522821057,-1.9048654071764943,-5.212578939437816,-3.3815264414812103
-0.6023977844863607,-0.1492100892868862,0.3995143803523534,-0.9160741633047126,1.5959126326540045,-0.8762518321783828,-0.705410287572921,0.1371520268839758,-0.5093077477851927,0.7440819088232248,-0.9162290590881115,1.084579177306011,-0.5802174316822928,-0.7997717736533873,0.5150693055644694,-0.8839936565746538,1.1649522043313887,0.1647913850186849,-0.36920489629005565,0.356564094100261,0.022459060332604596,-0.6012699780100735,0.2079613888339469,0.6687854149955204,-0.32421534611386693,-0.8755430370010107,-0.1748844751072622,0.6589535201069617,0.40948203178094533,1.1520277181746248,-0.7953839368156752,0.5977110922294019,1.777594333137856,-0.218289813686562,-0.8606620923496968,1.137111743627825,-0.9911797446630283,0.5972523293236296,-1.0904934313593868,0.18842360071922004,0.7916907265925647,1.6077108752599258,0.14971249971609377
3.5663823537067123,-0.8539521727369882,-0.8512061834698929,2.9795063805283,-4.944585097552446,1.175650088420666,2.2487398438320048,0.032128359233629396,-0.22760475860355572,-1.5409517076804788,1.948242664195455,-1.9801194297944305,-0.34581890523804754,2.1505316686645504,-0.8802610904297516,3.196075588937058,-4.6457630738474345,-0.054134835946784504,-0.36300981534311816,-0.3767048837146939,1.3653254775262362,1.6361022126829106,-0.4981972102157578,-4.2384636775913185,1.104941831458711,0.965163813965533,1.6971167714447595,-1.164112016270987,-2.9972555835166186,-4.152031785685825,2.798314346649109,-1.5254287001576412,-4.480494418843742,2.2041571594297054,1.174148015528519,-4.31078687933665,4.9444457396029255,-1.0904934313593868,3.6897897895786147,0.1014362693418507,-1.733987397068522,-4.219852125286803,-1.9013000785486736
0.5998801372677203,-0.4346377056711136,0.17723582885398942,0.1561094087165441,-0.18771178926247337,-0.4018141960952102,0.047307210103592574,0.03573889820618807,-0.4651056820881738,0.1460143634720766,-0.15077099400976432,0.37954240559783764,-0.6242649493032677,-0.04217701321085663,0.1306820852178156,0.19641814189284523,-0.5542175600953506,0.2143505240966018,-0.3336480215662538,0.1266586063914643,0.5023320243670372,-0.03993100673886393,-0.0024437287603672306,-0.7855840733772383,0.0035753507309062935,-0.4839854246054111,0.4425417540913781,0.16047208041080777,-0.5755096214425024,-0.30867457839540613,0.13166606980184203,0.11271141868749365,-0.024520121793265796,0.5033288547946961,-0.41571359893979476,-0.3306807358336924,0.6340064522821057,0.18842360071922004,0.1014362693418507,0.2534510382537741,0.13778491231890605,0.09147845753141523,-0.45229047556960666
-1.2847506468547985,0.036938212823024605,0.5112224652948523,-1.4845648689754283,2.535348924559556,-1.0829592680092546,-1.1067506703535566,0.17224868808204985,-0.47820702584154673,1.0367936159532285,-1.292569023423864,1.4202425648287686,-0.49639209466028145,-1.1911893500360533,0.6949802981500824,-1.469082779441962,2.095075056974041,0.13055091893510581,-0.3392812870243178,0.4534159230496178,-0.2685302212708942,-0.8925974994120859,0.3132052594906865,1.4956941855921408,-0.5033455624391895,-1.033603126703169,-0.5302055940707803,0.8941427865282973,0.9788215786048807,1.9385416522595438,-1.2970728679662114,0.8480239259885951,2.689445982834451,-0.6422973080311878,-1.0546378912216072,1.9356405502272318,-1.9048654071764943,0.7916907265925647,-1.733987397068522,0.13778491231890605,1.1157026103870584,2.38659984056506,0.509076561841596
-3.624391589482922,0.6138046465293506,1.0272353518351518,-3.5354863196584416,6.040362798414822,-1.9263231204394837,-2.657876864899031,0.2045490037369715,-0.49988318264745746,2.106184878238085,-2.72130976105022,2.8085967578988305,-0.3371811483540845,-2.698648988425801,1.4121386955054094,-3.5951016950194927,5.393179687550234,0.1494696886327098,-0.2110316202005784,0.8295390662891289,-1.1893819835119974,-2.01930735258357,0.6757207490400687,4.31062902344843,-1.2270109876574553,-1.7988614636256102,-1.6994767651523937,1.7981241614995185,2.9923577181111156,4.848433977246759,-3.188113167787298,1.9310776480470873,5.970100346284379,-2.1202727160162906,-1.931436015993026,4.873793622957311,-5.212578939437816,1.6077108752599258,-4.219852125286803,0.09147845753141523,2.38659984056506,5.411943405303044,1.716082526270206
-2.6474140630591934,1.1459524496155138,0.124784343155552,-1.5726719357901842,2.507018606590776,0.22437477066916445,-1.1179214761778233,-0.16820744152859812,0.9812588333152137,0.38082392480305216,-0.5506247304893226,0.21863411647115766,1.291315408434384,-0.8879876897529109,0.12175423432642234,-1.7841053801179592,2.972808757773515,-0.2889571435479019,0.863376006524656,-0.11468980171377369,-1.4752980754495864,-0.6710522222987272,0.1976945594364856,3.2573066059911167,-0.5448592038297271,0.43589033134176136,-1.504390490404864,0.18073557632996123,2.38437644354463,2.393944966381395,-1.517002482827706,0.5382264526687743,1.8711208492569462,-1.8944831716174297,0.21355209656554383,2.528192476482893,-3.3815264414812103,0.14971249971609377,-1.9013000785486736,-0.45229047556960666,0.509076561841596,1.716082526270206,1.6680914363158952
