V1,V2,V3,V4,V5,V6,V7,V8,V9,V10,V11,V12,V13,V14,V15,V16,V17,V18,V19,V20,V21,V22,V23,V24,V25,V26,V27,V28,V29,V30,V31,V32,V33,V34,V35,V36,V37,V38,V39,V40,V41,V42,V43
0.8583318218580452,-0.27563676659005776,0.21919731844386237,0.38633812946210544,0.9262288623424997,1.8799129593541133,-0.9883853565649623,0.5851605654000315,-0.4647376382838266,-0.6024998881634479,-0.6537984813877175,-0.45121764955558896,-0.20454053143825035,0.5569206214047788,0.3202747286346423,-0.06505733370086313,-0.48982179291207517,0.5972721807264585,0.8087651955017565,0.8603771174147878,-0.2599247799343288,0.13175720352555115,0.744871113977997,-0.6075938838996365,-0.916910863519203,1.0041866128581465,-0.22068448998599777,-1.9654462467430615e-4,0.8047077192962654,-0.3742608223326726,-0.8984274680995973,0.9739539736378705,-1.2804841388070682,0.7656468116718824,0.8208635172378373,-0.01547836531545384,0.5075388430932237,-0.06074171097179497,-0.300616955169748,-0.6209489938991162,-0.022493028525960076,2.1162915080496796,-2.098999292349758
-0.27563676659005776,0.136134374345848,-0.4838086878586496,-0.11230172244976201,-0.8384332162749584,-1.0301422029218885,0.9801099688138276,-0.3349313647750908,0.15810638747366682,0.03697163290285064,0.32737389049890236,0.10822787587433996,0.15545679349288738,-0.04660791668302197,-0.04501862208841709,0.49837229055381416,0.38925545785024507,-0.12080303092198946,-0.15797029394761453,0.16862435144809765,-0.072705105273246,0.2587587415382182,-0.3425461161275802,0.6271744521463235,0.4281151338516636,-0.4874516452979203,-0.02664490474975271,-0.09665870239026275,-0.8302610138754881,0.8956378945979679,0.6464689087646865,-0.7455381120836176,0.8217736188878856,-0.0872937760496995,-0.8538075564107297,0.5148291224159288,-0.6786640493427373,0.1117001123383943,0.48724043365611236,0.41316396382648557,-0.20847655131834442,-1.4416494688284285,1.3199697343565118
0.21919731844386237,-0.4838086878586496,3.7761544169283052,0.010610477592472564,5.1447202673417785,4.410348705809594,-6.258536457705567,1.5397192253491,-0.21373181910471953,1.2525432536627281,-1.2451651667227144,0.17186524929141078,-0.8953224624901855,-0.9911823552196891,-0.4324250780321869,-4.324062881329162,-2.1892773295027452,-0.41009299626121304,-0.6738213374227646,-3.7570621113647613,1.3338421057108827,-2.662603944787007,1.1120610925606111,-4.093285244272331,-1.5162490815347331,1.7989928096186607,0.7667925141113942,0.8914217327109321,5.506070774654394,-7.099466978917639,-3.532879874765376,4.242660524710922,-4.063127633044043,-1.18780516428989,5.618931674879207,-4.6079925102563255,4.7741230311349705,-0.7991802096586997,-3.6073470062981396,-2.185202492249632,1.9541712417921109,7.538748725373798,-6.4376080487481415
0.38633812946210544,-0.11230172244976201,0.010610477592472564,0.17919013589175672,0.3118820992588304,0.7748535973643059,-0.3147593016536673,0.24196197130526145,-0.21038221084363784,-0.3059875445709853,-0.27675387379954264,-0.21929683666510869,-0.08031040853523294,0.2896841460319673,0.16121419654509567,0.06992357717206221,-0.1695417098454113,0.29943785558477315,0.39300568616630877,0.4885050512700964,-0.15205157562813276,0.1255956229585484,0.3130963703255239,-0.19128874018551256,-0.40012647402800816,0.4313523659238066,-0.12961053069856668,-0.017124256844213967,0.26897277557475013,-0.010230370625291042,-0.3456050799032106,0.36471195298099707,-0.5005759825033516,0.3874995813605408,0.26181501881376834,0.0972104479563246,0.121564849035985,-1.3871505409075578e-4,-0.05569104946020324,-0.2535269841587866,-0.05340739949217063,0.8208227089585874,-0.8284629069255581
0.9262288623424997,-0.8384332162749584,5.1447202673417785,0.3118820992588304,7.537317798084391,7.321272508581055,-9.057786655180276,2.5083390584835072,-0.6432685502671124,1.1931627529646434,-2.178638197077267,-0.15243894526233048,-1.3736091073065453,-0.8371633571302364,-0.29730121025028206,-5.767985373526538,-3.252570058735873,-0.013700436860059617,-0.24952745067145932,-4.280322896271439,1.556048665049736,-3.404671001636704,2.0224441998737586,-5.90347390359029,-2.766600713807066,3.2061207398109417,0.799709156874488,1.1932459829917634,8.009513581366583,-9.687721520705038,-5.424644146628011,6.415981269332683,-6.383913326449995,-0.9488848249728935,8.11503509956648,-6.119318533446433,6.698069802850372,-1.0629726174767191,-5.003563134970165,-3.4477777125939175,2.5730270909361868,11.689605105145228,-10.175862568829888
1.8799129593541133,-1.0301422029218885,4.410348705809594,0.7748535973643059,7.321272508581055,8.460449059730804,-8.625495616967115,2.8341792983866103,-1.1476774734659432,0.14692401732668436,-2.6550286167936865,-0.7648209102206769,-1.4105557417489423,0.12552683897399933,0.21467706358850427,-4.71919649850961,-3.2487670701385105,0.8635765808797123,0.9115594225629973,-2.251291543747363,0.8917311097395719,-2.5405439224324757,2.607222053506038,-5.58543031398517,-3.5158553818578078,3.9794245805812056,0.2974714420918579,0.973517022102704,7.631606977471518,-8.293026814339541,-5.629175094426706,6.526718944416825,-6.875605641584805,0.3042816692018349,7.681554813079388,-4.945937944070367,6.055023102657894,-0.892669609331335,-4.425163884592096,-3.6890191848089895,2.0439035188987167,12.333189884491913,-11.048499992711822
-0.9883853565649623,0.9801099688138276,-6.258536457705567,-0.3147593016536673,-9.057786655180276,-8.625495616967115,10.907559508189504,-2.9622856922184075,0.706264179777954,-1.5629127784020331,2.5494785823630273,0.10390606693859318,1.6408155524038879,1.1268090976010527,0.42133447493040516,7.044836264356799,3.8983221176002045,0.12937556126264366,0.4478161693659755,5.387844807169574,-1.9492936955547597,4.190027061765164,-2.34878673191627,7.113198218652197,3.218091082455578,-3.741949481103556,-1.0237480971186013,-1.4576181735357767,-9.642843674107018,11.78590512114314,6.472511133371106,-7.671789117543575,7.586093208119376,1.2975138869707363,-9.77710933639985,7.482006914294807,-8.107589090075495,1.296173940193458,6.06862231547244,4.098109983444961,-3.1505366471728036,-13.922141826168396,12.080714379737408
0.5851605654000315,-0.3349313647750908,1.5397192253491,0.24196197130526145,2.5083390584835072,2.8341792983866103,-2.9622856922184075,0.9738066389501865,-0.36523555872404445,0.11262758877531635,-0.8715403509723627,-0.2356895807311114,-0.48331277615741614,0.0022103045234490547,0.034367373819412246,-1.6665754763044829,-1.0915130411739686,0.2594531174425773,0.25374783571145154,-0.8779012260534524,0.34088237601808435,-0.90874322207041,0.849659398064912,-1.9314886372276463,-1.1713574713835369,1.3154129396524668,0.11104563105533194,0.3488825310513513,2.657450283990479,-2.898064940244041,-1.9191987735903826,2.2411255379762243,-2.3109125637321166,0.04190221790768698,2.6642604398202017,-1.7466320214915412,2.0921244864788338,-0.29896155710688527,-1.5410859477191947,-1.269927619545211,0.7303017368870556,4.1852436074668535,-3.717501724623153
-0.4647376382838266,0.15810638747366682,-0.21373181910471953,-0.21038221084363784,-0.6432685502671124,-1.1476774734659432,0.706264179777954,-0.36523555872404445,0.2586422465459365,0.2932693376441716,0.3945350559560335,0.2494011973467618,0.1434727012253608,-0.28855693165086094,-0.16905504042065259,0.14916429673913179,0.3171417560950739,-0.3322621578335852,-0.426277598657663,-0.3745631266987111,0.10778169050808839,-0.005538425640944619,-0.42705792523268193,0.4440320294931152,0.5528930728980396,-0.6063216608720648,0.11213482917012596,-0.027663645336306907,-0.612748684705675,0.3929254283069058,0.5972808212578381,-0.6562026403487775,0.80786609530066,-0.39297934893281805,-0.608729873461899,0.13338942457747882,-0.39896644005730386,0.04231601178501349,0.25851914309902724,0.4169376489613796,-0.04142807222341303,-1.371553248258235,1.3207010093236078
-0.6024998881634479,0.03697163290285064,1.2525432536627281,-0.3059875445709853,1.1931627529646434,0.14692401732668436,-1.5629127784020331,0.11262758877531635,0.2932693376441716,0.9590132538684474,0.06470103474104355,0.43341240657541746,-0.16670282371981526,-0.8298912047648535,-0.43058225978193426,-1.5804944454304364,-0.4333017077959816,-0.6486129275886604,-0.9074056063618587,-2.1165859604040236,0.7144910800926069,-1.113721261581084,-0.17537599125702275,-1.0542118225880304,0.17469736148154938,-0.14104158684169346,0.47287479224506235,0.33432861198056363,1.414327591882036,-2.3751478729517106,-0.5995920532084036,0.8111648754376471,-0.49674211471194335,-1.0702534894398092,1.4545463287109337,-1.7227468382416207,1.3941270759254942,-0.2590868565988068,-1.120415582560389,-0.31311604608234883,0.7553139564333978,1.1267432715326149,-0.7308254428808215
-0.6537984813877175,0.32737389049890236,-1.2451651667227144,-0.27675387379954264,-2.178638197077267,-2.6550286167936865,2.5494785823630273,-0.8715403509723627,0.3945350559560335,0.06470103474104355,0.858307863000793,0.2955226953337774,0.43404537579695746,-0.14063856648604017,-0.13242457343412453,1.3085273754323619,0.9780114518180757,-0.3604921865863976,-0.3913610975555603,0.4626732944733111,-0.1978360172764432,0.672800471062735,-0.8378176324672327,1.6423478669663514,1.1376746798118433,-1.2872229176060381,-0.036613953265156186,-0.2710934173436803,-2.2606605017023362,2.352833012301493,1.7195976492668583,-1.9699601637498523,2.1224635215014542,-0.22302122922112286,-2.2607728169204826,1.3716073645318894,-1.753032237594655,0.24723814870107746,1.2678978230361844,1.1382830017733672,-0.5584596722150836,-3.7795822799485475,3.4152564697465544
-0.45121764955558896,0.10822787587433996,0.17186524929141078,-0.21929683666510869,-0.15243894526233048,-0.7648209102206769,0.10390606693859318,-0.2356895807311114,0.2494011973467618,0.43341240657541746,0.2955226953337774,0.2931977816836597,0.07287689692502218,-0.42382817781101656,-0.2315651201283239,-0.28760930648231053,0.09563440939170108,-0.42071138409869624,-0.5226244573126161,-0.787094248267065,0.25230891862758714,-0.2857630479037364,-0.3207396525827013,0.05483861358096517,0.4475071870219083,-0.47168601556243783,0.21693246047707093,0.05519918042076133,-0.12764376651195153,-0.3129951791202213,0.2892813510498446,-0.2769443297417803,0.43644023057301923,-0.5467034484261327,-0.08514209537205042,-0.327119998281237,0.07685216678844164,-0.057636196820644206,-0.09945046509987618,0.2490300634417031,0.1532837534623797,-0.6999327474324423,0.7386549506911255
-0.20454053143825035,0.15545679349288738,-0.8953224624901855,-0.08031040853523294,-1.3736091073065453,-1.4105557417489423,1.6408155524038879,-0.48331277615741614,0.1434727012253608,-0.16670282371981526,0.43404537579695746,0.07287689692502218,0.26774913397155664,0.08493067461326005,0.016242606953139248,1.0010249013052375,0.5840693653017469,-0.07247540474477886,-0.019625862725972946,0.6698663275959165,-0.24814165701325178,0.5720851811552436,-0.38719469819065666,1.0719417537666545,0.5672197117136437,-0.6474525483686993,-0.10142607321307681,-0.21410096678290302,-1.4939187419130107,1.7052977776210134,1.0280611593326485,-1.201833731805848,1.200419934353565,0.09698016316971611,-1.4841026047184875,1.0660848411576338,-1.1876530947355761,0.16667566079427232,0.8851140948985332,0.6773603411741913,-0.4471359677772641,-2.206294235263144,1.921620355313873
0.5569206214047788,-0.04660791668302197,-0.9911823552196891,0.2896841460319673,-0.8371633571302364,0.12552683897399933,1.1268090976010527,0.0022103045234490547,-0.28855693165086094,-0.8298912047648535,-0.14063856648604017,-0.42382817781101656,0.08493067461326005,0.7630815898359564,0.39447940800925485,1.256289139242767,0.31465109622426224,0.6406898387948398,0.8309983766084054,1.805540472655397,-0.6049749327007578,0.917751972746496,0.20278926786798457,0.754618449421351,-0.2876284413075566,0.2625731837568189,-0.44248643729832254,-0.2539389162807736,-0.9455606349592224,1.8512997662328279,0.33055464715374533,-0.49002118709252174,0.24101878348510278,0.9665336610352088,-1.0233518094625094,1.3667822284130784,-1.0667214888568686,0.23712475985369558,0.8611430918348097,0.11224672810515707,-0.5989533759464422,-0.5942523219890548,0.31924050736941906
0.3202747286346423,-0.04501862208841709,-0.4324250780321869,0.16121419654509567,-0.29730121025028206,0.21467706358850427,0.42133447493040516,0.034367373819412246,-0.16905504042065259,-0.43058225978193426,-0.13242457343412453,-0.2315651201283239,0.016242606953139248,0.39447940800925485,0.22233163873645545,0.564562399269248,0.09362430311017328,0.34821708680693,0.4437660938513492,0.8968315121339139,-0.29841873407181085,0.42727687612972703,0.15404636334084096,0.29365856580841215,-0.2106004414636403,0.21658758523573957,-0.21605565944736427,-0.11523495617907695,-0.36109655272854657,0.8003727350404707,0.06776368089886249,-0.14428623322457715,-0.009468825678726374,0.5051786044528501,-0.3992343651689005,0.6114003622503578,-0.43693993278241877,0.10126381797541957,0.3656094603075957,-0.0012476419399637835,-0.2754416768763336,-0.08151866236752733,-0.044226254340994
-0.06505733370086313,0.49837229055381416,-4.324062881329162,0.06992357717206221,-5.767985373526538,-4.71919649850961,7.044836264356799,-1.6665754763044829,0.14916429673913179,-1.5804944454304364,1.3085273754323619,-0.28760930648231053,1.0010249013052375,1.256289139242767,0.564562399269248,4.996269403032718,2.42608739267275,0.5864403814724005,0.9485016979358265,4.5312652627424255,-1.5992578263616444,3.1094584922738804,-1.124129046284102,4.619075697015894,1.5745378005480246,-1.881905558065695,-0.923877643448107,-1.036503849828603,-6.235042862285392,8.147656446110188,3.916073901803049,-4.7223022780424255,4.439165101642433,1.5319286862972794,-6.3487563326567225,5.338260137158734,-5.421231846240523,0.9026380957093425,4.116030154191734,2.4195661967920414,-2.2706924849010233,-8.30457209115724,7.02075158779393
-0.48982179291207517,0.38925545785024507,-2.1892773295027452,-0.1695417098454113,-3.252570058735873,-3.2487670701385105,3.8983221176002045,-1.0915130411739686,0.3171417560950739,-0.4333017077959816,0.9780114518180757,0.09563440939170108,0.5840693653017469,0.31465109622426224,0.09362430311017328,2.42608739267275,1.4328016008023334,-0.02623878026764737,0.029092787345327123,1.7131703545565562,-0.6272810416285665,1.4219545938562672,-0.939175819006126,2.526925843528086,1.2304543358970192,-1.4324592553665922,-0.33767731458703254,-0.4923417637421164,-3.386394232589435,4.102320014948812,2.3429941661745874,-2.762098687417535,2.808749909225245,0.331853575166042,-3.4596981917429828,2.5656620089110196,-2.8698310904639555,0.4750767567895907,2.1296646099090335,1.4695743821912843,-1.0716805434538814,-5.0870513959853865,4.475448624854332
0.5972721807264585,-0.12080303092198946,-0.41009299626121304,0.29943785558477315,-0.013700436860059617,0.8635765808797123,0.12937556126264366,0.2594531174425773,-0.3322621578335852,-0.6486129275886604,-0.3604921865863976,-0.42071138409869624,-0.07247540474477886,0.6406898387948398,0.34821708680693,0.5864403814724005,-0.02623878026764737,0.6202537140233895,0.7510554346028095,1.2538183057796595,-0.40744061990950303,0.5150829828064121,0.38019653506225753,0.09984416582388007,-0.565176158200388,0.5858738481973859,-0.3467874345269065,-0.10954208947956184,-0.030216286715507894,0.7395280886870275,-0.2612717743707336,0.2094756770777638,-0.42547997297758344,0.8126727069679168,-0.1152918377545881,0.6466673358226195,-0.32038885501651376,0.1298454120666053,0.29671133197682403,-0.2725095916367578,-0.29430669735880194,0.6549876991245358,-0.7411171611110416
0.8087651955017565,-0.15797029394761453,-0.6738213374227646,0.39300568616630877,-0.24952745067145932,0.9115594225629973,0.4478161693659755,0.25374783571145154,-0.426277598657663,-0.9074056063618587,-0.3913610975555603,-0.5226244573126161,-0.019625862725972946,0.8309983766084054,0.4437660938513492,0.9485016979358265,0.029092787345327123,0.7510554346028095,0.996381934259214,1.775857145955761,-0.5829865081032138,0.7694041430461409,0.4842721570141721,0.3246434755423775,-0.6169260814531478,0.6361158194780201,-0.435608105728824,-0.1992595601471446,-0.3966807081970834,1.2778456600958528,-0.12782303350717625,0.03685831037773173,-0.3676364812138731,1.0814959942741489,-0.444191511102845,1.0574830249184428,-0.607644162466852,0.15353721470006884,0.5387634278960126,-0.1748245653944522,-0.4765718380859772,0.44979063081354076,-0.6604925291792276
0.8603771174147878,0.16862435144809765,-3.7570621113647613,0.4885050512700964,-4.280322896271439,-2.251291543747363,5.387844807169574,-0.8779012260534524,-0.3745631266987111,-2.1165859604040236,0.4626732944733111,-0.787094248267065,0.6698663275959165,1.805540472655397,0.8968315121339139,4.5312652627424255,1.7131703545565562,1.2538183057796595,1.775857145955761,5.13968016762921,-1.764651466228361,3.021208115983802,-0.2373355795212445,3.570179294286715,0.3981568690959701,-0.5858971616874105,-1.1291146783757768,-0.9424956666003427,-4.769595795316776,7.083818826001723,2.570308180643205,-3.2361370840165296,2.662746670743595,2.278001768102702,-4.904517445639163,4.887381507962697,-4.441984230306286,0.7988112317298548,3.4608642812033703,1.481591388531247,-2.110779518293012,-5.252137412910593,4.124326181844342
-0.2599247799343288,-0.072705105273246,1.3338421057108827,-0.15205157562813276,1.556048665049736,0.8917311097395719,-1.9492936955547597,0.34088237601808435,0.10778169050808839,0.7144910800926069,-0.1978360172764432,0.25230891862758714,-0.24814165701325178,-0.6049749327007578,-0.29841873407181085,-1.5992578263616444,-0.6272810416285665,-0.40744061990950303,-0.5829865081032138,-1.764651466228361,0.6080464572283324,-1.0564658783968095,0.12061274159993199,-1.2898532447665025,-0.19028286255660834,0.2604792664739285,0.3839676980904113,0.3327881234703158,1.7271993789716307,-2.5147560212910784,-0.954419952098317,1.1929207566300786,-1.0047489985493268,-0.7613506756312798,1.7726695950498002,-1.7228510749326527,1.590114039173153,-0.28226025438546987,-1.2343902462479523,-0.5579697739140616,0.7428621022424375,1.9632279038036047,-1.5628738659680477
0.13175720352555115,0.2587587415382182,-2.662603944787007,0.1255956229585484,-3.404671001636704,-2.5405439224324757,4.190027061765164,-0.90874322207041,-0.005538425640944619,-1.113721261581084,0.672800471062735,-0.2857630479037364,0.5720851811552436,0.917751972746496,0.42727687612972703,3.1094584922738804,1.4219545938562672,0.5150829828064121,0.7694041430461409,3.021208115983802,-1.0564658783968095,1.9766229521074283,-0.5540003891032279,2.751376985430902,0.7725826366267327,-0.9487577739704516,-0.639790101464669,-0.6426426411969445,-3.6898697493668795,5.011461842980225,2.238800922331491,-2.7270905612968113,2.4990119686352967,1.1292992488462963,-3.7768192443827497,3.3297127438010325,-3.2850515089521326,0.5660387232409068,2.5092344933296524,1.3540068543970396,-1.4213404825333378,-4.716325185380052,3.933192701118408
0.744871113977997,-0.3425461161275802,1.1120610925606111,0.3130963703255239,2.0224441998737586,2.607222053506038,-2.34878673191627,0.849659398064912,-0.42705792523268193,-0.17537599125702275,-0.8378176324672327,-0.3207396525827013,-0.38719469819065666,0.20278926786798457,0.15404636334084096,-1.124129046284102,-0.939175819006126,0.38019653506225753,0.4842721570141721,-0.2373355795212445,0.12061274159993199,-0.5540003891032279,0.8761014715061298,-1.5033916594981585,-1.1145138691093184,1.2571966845114408,0.0131417678148851,0.22042981893169922,2.0114545232831995,-2.062301365609834,-1.6002062923963707,1.8347975185213259,-2.0406655335228097,0.32256680360724627,2.052452431148301,-1.155630409238825,1.5932466051518106,-0.24781305924810165,-1.1364928382484984,-1.041185727628228,0.4653384646787075,3.5745976843549006,-3.2882694275112927
-0.6075938838996365,0.6271744521463235,-4.093285244272331,-0.19128874018551256,-5.90347390359029,-5.58543031398517,7.113198218652197,-1.9314886372276463,0.4440320294931152,-1.0542118225880304,1.6423478669663514,0.05483861358096517,1.0719417537666545,0.754618449421351,0.29365856580841215,4.619075697015894,2.526925843528086,0.09984416582388007,0.3246434755423775,3.570179294286715,-1.2898532447665025,2.751376985430902,-1.5033916594981585,4.646443997005617,2.0816218711350425,-2.415214862981572,-0.6697380498610751,-0.9597360651257335,-6.315537160146738,7.714054946324827,4.2167777327930756,-5.005030191050501,4.919693962410667,0.8791465085799033,-6.392517084210458,4.907137225870687,-5.292843075085695,0.8377898507481623,3.968617211339651,2.6791192232076995,-2.070615610238071,-9.055093342021124,7.836620998449174
-0.916910863519203,0.4281151338516636,-1.5162490815347331,-0.40012647402800816,-2.766600713807066,-3.5158553818578078,3.218091082455578,-1.1713574713835369,0.5528930728980396,0.17469736148154938,1.1376746798118433,0.4475071870219083,0.5672197117136437,-0.2876284413075566,-0.2106004414636403,1.5745378005480246,1.2304543358970192,-0.565176158200388,-0.6169260814531478,0.3981568690959701,-0.19028286255660834,0.7725826366267327,-1.1145138691093184,2.0816218711350425,1.5447764154129877,-1.7253416124846381,0.02344814865087497,-0.33309780399257943,-2.9033921956994204,2.872929307019851,2.236151241874139,-2.556844108726421,2.7550364902004847,-0.41275096591557664,-2.8769845811254786,1.6418946771181357,-2.171735728925723,0.2796948748205429,1.5670322667186178,1.5128794504093794,-0.6698383187509067,-4.917387830243037,4.45030451630109
1.0041866128581465,-0.4874516452979203,1.7989928096186607,0.4313523659238066,3.2061207398109417,3.9794245805812056,-3.741949481103556,1.3154129396524668,-0.6063216608720648,-0.14104158684169346,-1.2872229176060381,-0.47168601556243783,-0.6474525483686993,0.2625731837568189,0.21658758523573957,-1.881905558065695,-1.4324592553665922,0.5858738481973859,0.6361158194780201,-0.5858971616874105,0.2604792664739285,-0.9487577739704516,1.2571966845114408,-2.415214862981572,-1.7253416124846381,1.9405817782227863,0.017482100163804276,0.393721519903563,3.345738374489482,-3.404694994817903,-2.5580131515197237,2.927729537615247,-3.1530606540595407,0.3935601556467128,3.330984671212668,-1.9686046707901677,2.551931708133632,-0.345377993211978,-1.8441907705434601,-1.7109463104151015,0.8021912364569109,5.622212102736504,-5.082321613901628
-0.22068448998599777,-0.02664490474975271,0.7667925141113942,-0.12961053069856668,0.799709156874488,0.2974714420918579,-1.0237480971186013,0.11104563105533194,0.11213482917012596,0.47287479224506235,-0.036613953265156186,0.21693246047707093,-0.10142607321307681,-0.44248643729832254,-0.21605565944736427,-0.923877643448107,-0.33767731458703254,-0.3467874345269065,-0.435608105728824,-1.1291146783757768,0.3839676980904113,-0.639790101464669,0.0131417678148851,-0.6697380498610751,0.02344814865087497,0.017482100163804276,0.28311094732971537,0.18158585798764562,0.8364197010000207,-1.421691518722933,-0.42122901439916305,0.5490332093494804,-0.44460009129709666,-0.5435776123056352,0.9036547321316573,-0.994412574177572,0.882400781673007,-0.19183237272562917,-0.6866950104113996,-0.19841824034933528,0.42752956792549296,0.8648851590819902,-0.6706227393400732
-1.9654462467430615e-4,-0.09665870239026275,0.8914217327109321,-0.017124256844213967,1.1932459829917634,0.973517022102704,-1.4576181735357767,0.3488825310513513,-0.027663645336306907,0.33432861198056363,-0.2710934173436803,0.05519918042076133,-0.21410096678290302,-0.2539389162807736,-0.11523495617907695,-1.036503849828603,-0.4923417637421164,-0.10954208947956184,-0.1992595601471446,-0.9424956666003427,0.3327881234703158,-0.6426426411969445,0.22042981893169922,-0.9597360651257335,-0.33309780399257943,0.393721519903563,0.18158585798764562,0.21940182385908238,1.3169305252813475,-1.6900662567113547,-0.8202147163117904,0.9871424375505354,-0.9146365653667743,-0.3167079352172162,1.3255328082892963,-1.1108995899977014,1.1181632932398144,-0.1754333171374291,-0.8519566681592249,-0.5179889862085281,0.4739949261117617,1.7273936347708312,-1.4490850271188978
0.8047077192962654,-0.8302610138754881,5.506070774654394,0.26897277557475013,8.009513581366583,7.631606977471518,-9.642843674107018,2.657450283990479,-0.612748684705675,1.414327591882036,-2.2606605017023362,-0.12764376651195153,-1.4939187419130107,-0.9455606349592224,-0.36109655272854657,-6.235042862285392,-3.386394232589435,-0.030216286715507894,-0.3966807081970834,-4.769595795316776,1.7271993789716307,-3.6898697493668795,2.0114545232831995,-6.315537160146738,-2.9033921956994204,3.345738374489482,0.8364197010000207,1.3169305252813475,8.69432279540485,-10.430899499968886,-5.790140405932762,6.854365240922423,-6.691918055395264,-1.1282099244726809,8.720565637299487,-6.63959805408498,7.141009913816607,-1.0730739998493468,-5.363485481644395,-3.7393850642940047,2.805872571259773,12.382451178345157,-10.675440559648985
-0.3742608223326726,0.8956378945979679,-7.099466978917639,-0.010230370625291042,-9.687721520705038,-8.293026814339541,11.78590512114314,-2.898064940244041,0.3929254283069058,-2.3751478729517106,2.352833012301493,-0.3129951791202213,1.7052977776210134,1.8512997662328279,0.8003727350404707,8.147656446110188,4.102320014948812,0.7395280886870275,1.2778456600958528,7.083818826001723,-2.5147560212910784,5.011461842980225,-2.062301365609834,7.714054946324827,2.872929307019851,-3.404694994817903,-1.421691518722933,-1.6900662567113547,-10.430899499968886,13.38062987330685,6.678677023347765,-8.00840912882358,7.645074079155719,2.235333372659699,-10.603968460862056,8.69547467927043,-8.981803930270505,1.4773578422932494,6.79207416873761,4.156671689589172,-3.6876444496467786,-14.218923063180426,12.115119370003162
-0.8984274680995973,0.6464689087646865,-3.532879874765376,-0.3456050799032106,-5.424644146628011,-5.629175094426706,6.472511133371106,-1.9191987735903826,0.5972808212578381,-0.5995920532084036,1.7195976492668583,0.2892813510498446,1.0280611593326485,0.33055464715374533,0.06776368089886249,3.916073901803049,2.3429941661745874,-0.2612717743707336,-0.12782303350717625,2.570308180643205,-0.954419952098317,2.238800922331491,-1.6002062923963707,4.2167777327930756,2.236151241874139,-2.5580131515197237,-0.42122901439916305,-0.8202147163117904,-5.790140405932762,6.678677023347765,4.028623434586183,-4.721292550540734,4.771360770577904,0.3466067360640972,-5.813031557641642,4.148667717956198,-4.688991103141463,0.698595620311814,3.482429508940423,2.6175528467842777,-1.7368146134860325,-8.70451089180253,7.634568037385358
0.9739539736378705,-0.7455381120836176,4.242660524710922,0.36471195298099707,6.415981269332683,6.526718944416825,-7.671789117543575,2.2411255379762243,-0.6562026403487775,0.8111648754376471,-1.9699601637498523,-0.2769443297417803,-1.201833731805848,-0.49002118709252174,-0.14428623322457715,-4.7223022780424255,-2.762098687417535,0.2094756770777638,0.03685831037773173,-3.2361370840165296,1.1929207566300786,-2.7270905612968113,1.8347975185213259,-5.005030191050501,-2.556844108726421,2.927729537615247,0.5490332093494804,0.9871424375505354,6.854365240922423,-8.00840912882358,-4.721292550540734,5.555640655276559,-5.571526178378697,-0.5360395462573418,6.897046202755562,-5.0018665994718035,5.592809463766921,-0.8452368190141566,-4.165083505642059,-3.0550113145604016,2.100893287330652,10.189902182718889,-8.909172503851714
-1.2804841388070682,0.8217736188878856,-4.063127633044043,-0.5005759825033516,-6.383913326449995,-6.875605641584805,7.586093208119376,-2.3109125637321166,0.80786609530066,-0.49674211471194335,2.1224635215014542,0.43644023057301923,1.200419934353565,0.24101878348510278,-0.009468825678726374,4.439165101642433,2.808749909225245,-0.42547997297758344,-0.3676364812138731,2.662746670743595,-1.0047489985493268,2.4990119686352967,-2.0406655335228097,4.919693962410667,2.7550364902004847,-3.1530606540595407,-0.44460009129709666,-0.9146365653667743,-6.691918055395264,7.645074079155719,4.771360770577904,-5.571526178378697,5.751746280699915,0.18796703431669065,-6.760711357886705,4.68190912106616,-5.449353234248688,0.8370006538161175,4.017764901145606,3.079228472415035,-1.9471394656593388,-10.387935195870593,9.208420535114204
0.7656468116718824,-0.0872937760496995,-1.18780516428989,0.3874995813605408,-0.9488848249728935,0.3042816692018349,1.2975138869707363,0.04190221790768698,-0.39297934893281805,-1.0702534894398092,-0.22302122922112286,-0.5467034484261327,0.09698016316971611,0.9665336610352088,0.5051786044528501,1.5319286862972794,0.331853575166042,0.8126727069679168,1.0814959942741489,2.278001768102702,-0.7613506756312798,1.1292992488462963,0.32256680360724627,0.8791465085799033,-0.41275096591557664,0.3935601556467128,-0.5435776123056352,-0.3167079352172162,-1.1282099244726809,2.235333372659699,0.3466067360640972,-0.5360395462573418,0.18796703431669065,1.239210109373616,-1.2013841234207276,1.675145558069233,-1.2570276232965616,0.2688041587597447,1.0279612502874698,0.1127693936663066,-0.7384431384093612,-0.5718844645649005,0.21954190385367472
0.8208635172378373,-0.8538075564107297,5.618931674879207,0.26181501881376834,8.11503509956648,7.681554813079388,-9.77710933639985,2.6642604398202017,-0.608729873461899,1.4545463287109337,-2.2607728169204826,-0.08514209537205042,-1.4841026047184875,-1.0233518094625094,-0.3992343651689005,-6.3487563326567225,-3.4596981917429828,-0.1152918377545881,-0.444191511102845,-4.904517445639163,1.7726695950498002,-3.7768192443827497,2.052452431148301,-6.392517084210458,-2.8769845811254786,3.330984671212668,0.9036547321316573,1.3255328082892963,8.720565637299487,-10.603968460862056,-5.813031557641642,6.897046202755562,-6.760711357886705,-1.2013841234207276,8.804522697793512,-6.749161150942013,7.268050793640505,-1.1342156927627964,-5.4537121214741475,-3.7105019297832085,2.850076209012138,12.466445458545016,-10.773651078074975
-0.01547836531545384,0.5148291224159288,-4.6079925102563255,0.0972104479563246,-6.119318533446433,-4.945937944070367,7.482006914294807,-1.7466320214915412,0.13338942457747882,-1.7227468382416207,1.3716073645318894,-0.327119998281237,1.0660848411576338,1.3667822284130784,0.6114003622503578,5.338260137158734,2.5656620089110196,0.6466673358226195,1.0574830249184428,4.887381507962697,-1.7228510749326527,3.3297127438010325,-1.155630409238825,4.907137225870687,1.6418946771181357,-1.9686046707901677,-0.994412574177572,-1.1108995899977014,-6.63959805408498,8.69547467927043,4.148667717956198,-5.0018665994718035,4.68190912106616,1.675145558069233,-6.749161150942013,5.712072862652214,-5.768018003039513,0.9551925395380126,4.383808039624398,2.564843250646599,-2.4299818243634888,-8.778006309674213,7.400344719428364
0.5075388430932237,-0.6786640493427373,4.7741230311349705,0.121564849035985,6.698069802850372,6.055023102657894,-8.107589090075495,2.0921244864788338,-0.39896644005730386,1.3941270759254942,-1.753032237594655,0.07685216678844164,-1.1876530947355761,-1.0667214888568686,-0.43693993278241877,-5.421231846240523,-2.8698310904639555,-0.32038885501651376,-0.607644162466852,-4.441984230306286,1.590114039173153,-3.2850515089521326,1.5932466051518106,-5.292843075085695,-2.171735728925723,2.551931708133632,0.882400781673007,1.1181632932398144,7.141009913816607,-8.981803930270505,-4.688991103141463,5.592809463766921,-5.449353234248688,-1.2570276232965616,7.268050793640505,-5.768018003039513,6.108049743475346,-1.003391090673255,-4.592951802079496,-2.9311629632986276,2.4365465741682084,10.048823283670705,-8.654454806156314
-0.06074171097179497,0.1117001123383943,-0.7991802096586997,-1.3871505409075578e-4,-1.0629726174767191,-0.892669609331335,1.296173940193458,-0.29896155710688527,0.04231601178501349,-0.2590868565988068,0.24723814870107746,-0.057636196820644206,0.16667566079427232,0.23712475985369558,0.10126381797541957,0.9026380957093425,0.4750767567895907,0.1298454120666053,0.15353721470006884,0.7988112317298548,-0.28226025438546987,0.5660387232409068,-0.24781305924810165,0.8377898507481623,0.2796948748205429,-0.345377993211978,-0.19183237272562917,-0.1754333171374291,-1.0730739998493468,1.4773578422932494,0.698595620311814,-0.8452368190141566,0.8370006538161175,0.2688041587597447,-1.1342156927627964,0.9551925395380126,-1.003391090673255,0.19602605809443172,0.752176403794705,0.40121950663510547,-0.4018037505932435,-1.5164995464487472,1.3178358072596354
-0.300616955169748,0.48724043365611236,-3.6073470062981396,-0.05569104946020324,-5.003563134970165,-4.425163884592096,6.06862231547244,-1.5410859477191947,0.25851914309902724,-1.120415582560389,1.2678978230361844,-0.09945046509987618,0.8851140948985332,0.8611430918348097,0.3656094603075957,4.116030154191734,2.1296646099090335,0.29671133197682403,0.5387634278960126,3.4608642812033703,-1.2343902462479523,2.5092344933296524,-1.1364928382484984,3.968617211339651,1.5670322667186178,-1.8441907705434601,-0.6866950104113996,-0.8519566681592249,-5.363485481644395,6.79207416873761,3.482429508940423,-4.165083505642059,4.017764901145606,1.0279612502874698,-5.4537121214741475,4.383808039624398,-4.592951802079496,0.752176403794705,3.4635147033062825,2.176963588811989,-1.856256764067364,-7.441167630325185,6.3768832224643575
-0.6209489938991162,0.41316396382648557,-2.185202492249632,-0.2535269841587866,-3.4477777125939175,-3.6890191848089895,4.098109983444961,-1.269927619545211,0.4169376489613796,-0.31311604608234883,1.1382830017733672,0.2490300634417031,0.6773603411741913,0.11224672810515707,-0.0012476419399637835,2.4195661967920414,1.4695743821912843,-0.2725095916367578,-0.1748245653944522,1.481591388531247,-0.5579697739140616,1.3540068543970396,-1.041185727628228,2.6791192232076995,1.5128794504093794,-1.7109463104151015,-0.19841824034933528,-0.5179889862085281,-3.7393850642940047,4.156671689589172,2.6175528467842777,-3.0550113145604016,3.079228472415035,0.1127693936663066,-3.7105019297832085,2.564843250646599,-2.9311629632986276,0.40121950663510547,2.176963588811989,1.7413892699670037,-1.0751572963394787,-5.641557968616683,4.941908969758011
-0.022493028525960076,-0.20847655131834442,1.9541712417921109,-0.05340739949217063,2.5730270909361868,2.0439035188987167,-3.1505366471728036,0.7303017368870556,-0.04142807222341303,0.7553139564333978,-0.5584596722150836,0.1532837534623797,-0.4471359677772641,-0.5989533759464422,-0.2754416768763336,-2.2706924849010233,-1.0716805434538814,-0.29430669735880194,-0.4765718380859772,-2.110779518293012,0.7428621022424375,-1.4213404825333378,0.4653384646787075,-2.070615610238071,-0.6698383187509067,0.8021912364569109,0.42752956792549296,0.4739949261117617,2.805872571259773,-3.6876444496467786,-1.7368146134860325,2.100893287330652,-1.9471394656593388,-0.7384431384093612,2.850076209012138,-2.4299818243634888,2.4365465741682084,-0.4018037505932435,-1.856256764067364,-1.0751572963394787,1.036689344320855,3.666599451006074,-3.077586403530417
2.1162915080496796,-1.4416494688284285,7.538748725373798,0.8208227089585874,11.689605105145228,12.333189884491913,-13.922141826168396,4.1852436074668535,-1.371553248258235,1.1267432715326149,-3.7795822799485475,-0.6999327474324423,-2.206294235263144,-0.5942523219890548,-0.08151866236752733,-8.30457209115724,-5.0870513959853865,0.6549876991245358,0.44979063081354076,-5.252137412910593,1.9632279038036047,-4.716325185380052,3.5745976843549006,-9.055093342021124,-4.917387830243037,5.622212102736504,0.8648851590819902,1.7273936347708312,12.382451178345157,-14.218923063180426,-8.70451089180253,10.189902182718889,-10.387935195870593,-0.5718844645649005,12.466445458545016,-8.778006309674213,10.048823283670705,-1.5164995464487472,-7.441167630325185,-5.641557968616683,3.666599451006074,18.871963524906,-16.627872518772904
-2.098999292349758,1.3199697343565118,-6.4376080487481415,-0.8284629069255581,-10.175862568829888,-11.048499992711822,12.080714379737408,-3.717501724623153,1.3207010093236078,-0.7308254428808215,3.4152564697465544,0.7386549506911255,1.921620355313873,0.31924050736941906,-0.044226254340994,7.02075158779393,4.475448624854332,-0.7411171611110416,-0.6604925291792276,4.124326181844342,-1.5628738659680477,3.933192701118408,-3.2882694275112927,7.836620998449174,4.45030451630109,-5.082321613901628,-0.6706227393400732,-1.4490850271188978,-10.675440559648985,12.115119370003162,7.634568037385358,-8.909172503851714,9.208420535114204,0.21954190385367472,-10.773651078074975,7.400344719428364,-8.654454806156314,1.3178358072596354,6.3768832224643575,4.941908969758011,-3.077586403530417,-16.627872518772904,14.751425717810415
