V1,V2,V3,V4,V5,V6,V7,V8,V9,V10,V11,V12,V13,V14,V15,V16,V17,V18,V19,V20,V21,V22,V23,V24,V25,V26,V27,V28,V29,V30,V31,V32,V33,V34,V35,V36,V37,V38,V39,V40,V41,V42,V43
1.3923733722788323,0.3687179523772081,0.6383045098421563,-0.08558917773768725,-0.7184447702844976,-0.35027228533091276,-0.42264724396478237,0.1008106107479394,-0.07140781989820974,-0.019697319034533364,0.2025343444053268,0.08657212709516791,0.07828345104616856,0.08403052133886892,0.0057134384651549705,0.4163254872540172,0.42393161190777473,-0.3592944733207213,0.1683352145388726,1.1022864588362424,0.04634289947676062,-0.19474360587911094,-0.15627586133097915,-0.13809971511427777,0.09184830659924581,-0.6510226903179439,-0.017650378733722927,0.4648088597808261,-0.6640277283027137,0.017263036362478903,-0.8214201696020056,0.3335163042331501,-0.06967455160587996,-0.16070932542596766,0.41139086293797095,0.1874844743550511,-0.2785868161707632,-1.042716222327098,1.0121851780811817,-0.2300132983255894,0.6937315489897485,-0.054061294943036214,-0.9418392081291326
0.3687179523772081,1.2006040857818434,0.42278922349378273,0.09451483615013204,0.5062697602688347,-0.21022299770308847,-0.211021215134956,0.6067347647023678,-0.2965169871533323,-0.15407444741918988,0.08107706991196384,-0.5426226664973045,0.27751082932482185,0.464347751293704,0.14872247139288794,0.05149372823623331,0.5866050763217565,-0.14052924048602838,-0.2752169414857181,0.8084243478527328,-0.23293339898278023,-1.1843015127583056,0.2558574699326816,0.7048635445112162,0.3416246870711034,-0.0903337915325252,-0.3222450948030982,0.5049710486250983,0.56097770627224,0.3856240102654418,0.1240338559849686,-0.46472220427011185,-0.16984765393674534,-0.13973994239626095,0.40799613762780934,-0.18037775281960353,0.4814783311880454,0.5873925731677898,-0.24260277851133855,0.03491745418737421,-0.17986580792753454,0.5165026561199563,-0.1947609026581442
0.6383045098421563,0.42278922349378273,3.3996728285657154,-1.2923930843226803,0.45713604945836567,-0.8809182117693344,0.6143555945997428,0.09460898459639751,0.8104745897649931,0.32648213570059514,0.3476402528618054,0.25416165326528484,0.5157631260489598,0.5301611582665153,0.35984210958393303,-0.7784686524418682,0.378686801622288,1.1653961782879694,0.006183255723551283,0.34532581104311644,0.6851379078768087,-0.34692946187762486,0.40965937204633335,-1.2733785391495154,-0.44252644017951603,-0.06836591198096789,-0.08923805449018767,-0.21618716534875623,-0.04415177419902377,0.411866716694668,-0.09303543349325762,-0.6347360860806514,-1.0763319422650888,1.0735944988429797,0.2078241077588259,1.291697287478143,1.0677116836496765,-0.17219029042800538,-0.5067192436060598,0.39565019001757556,0.21719701039111095,1.2463018694487802,-0.9062971388643268
-0.08558917773768725,0.09451483615013204,-1.2923930843226803,2.6636636759894,0.007769062511871599,-0.5399031576814393,0.4255711194000735,-0.14301609232646773,-0.07093052574758534,0.14933921546928117,0.18031761487247167,-0.43836436340604007,0.17654779920416075,0.7144607405713166,-0.9275553709072173,-0.08792776853805263,-1.174176636277696,-0.8297962881138131,0.6830001297116296,0.7754524447457977,0.3159296384230417,-0.3317609146356134,-0.8344693062372835,0.043692944653621876,0.2905360406004557,-1.0685603537940338,0.5732762861421742,-0.3672723577423801,-0.5821543047534361,-1.0087907089081785,-0.15093611754507727,-0.29739856887400556,0.20852092376445674,-1.1610306891984572,-0.495170211630977,-0.9796409990387139,-1.1679738140677236,0.4778116170854392,-0.45417682685917726,-0.46396602506882134,0.5851055857207453,0.2081902710610604,0.09902063408783036
-0.7184447702844976,0.5062697602688347,0.45713604945836567,0.007769062511871599,1.190960255618053,0.010841126663367541,0.5431987596940674,0.31668850376874447,0.1378838456602408,0.0718038051678381,-0.08141149340910744,-0.6666764863125998,0.42319313469025394,0.5180316367945214,0.23727404652000106,-0.41332870001798194,0.10755862496693164,0.30287803911782263,-0.4052493581986659,-0.3221864823370675,0.16187215741714692,-0.4122363797408155,0.3208128194929561,-0.1033065557874147,0.228972428284963,0.638684662120972,-0.13251664720485823,-0.2001551344047692,0.7786613832068071,0.157488977140493,0.9451500196935703,-1.0101108155913447,-0.06263533276899824,0.3459473496922873,-0.14855167285131937,-0.1297535618214212,1.0832451640699448,1.1466227007452536,-0.9026767143513545,0.2880962039818695,-0.5573059186539605,0.907403719306045,0.20990057575781806
-0.35027228533091276,-0.21022299770308847,-0.8809182117693344,-0.5399031576814393,0.010841126663367541,0.7090134923313562,-0.2609827635643097,-0.03184114440081202,-0.2635131085466514,-0.20889825957792083,-0.2177942927497076,-0.047903623247491124,-0.11305129192570902,-0.35710571455060136,0.24611870762546884,0.3140373347364101,0.38143118273761756,-0.07477359225561915,-0.39637022598492305,-0.5434929909806993,-0.2980687247642412,0.4158703443085785,0.15745062438212334,0.3461380387982104,0.23466892277609805,0.600303999269168,-0.20649707933062836,0.19120585493924194,0.16072267456211775,0.3007611878073712,0.23341009867956602,0.08243354519345239,0.3668417903910618,0.24414653389042873,0.13904293734762901,-0.29317159926727987,0.4150170606524437,-0.015981918790296642,0.31003677853774064,0.03853064352494643,-0.24899417987327638,-0.3898147392242531,0.3548120981204349
-0.42264724396478237,-0.211021215134956,0.6143555945997428,0.4255711194000735,0.5431987596940674,-0.2609827635643097,2.868806541169866,-0.033294628546971544,0.04956383758455238,0.18128615789815944,0.015145517442331531,0.11613465176427436,0.40216418689324207,0.7385280852061302,0.33528561304012755,-0.00799888651582417,-0.20274000945530263,0.8768588066059194,-0.8226833823749231,0.28493666584958605,-0.6367124593253892,0.6817641521231411,0.7045512377967699,-1.6751165963835883,-0.11314297354108895,-0.25306812268435175,-0.4712032847056746,-0.043063139842121435,-0.4867509429538782,-0.46497787556565673,0.820089489273017,-0.285821984141869,0.162579563296876,0.7400790354701436,-0.1447278769270207,0.336405700165467,0.8819415349124538,0.8234623088225093,-0.5199882111464007,-0.09357032478742111,0.04627158515936653,0.2195889939209998,0.14153546388448568
0.1008106107479394,0.6067347647023678,0.09460898459639751,-0.14301609232646773,0.31668850376874447,-0.03184114440081202,-0.033294628546971544,0.5602599748171415,-0.32028427209935084,-0.1971421183483819,0.025277433352179524,-0.35634116662835186,0.09509426072745358,0.21282264713257126,0.22209790998737283,-0.018198514888585902,0.524371855215689,-0.05119292152046566,-0.1490557494439557,0.38041943665843303,-0.17056166403022704,-0.4075471780699354,0.13784784123981828,0.3035920177595933,-0.0032469779657683046,0.05532186452568541,-0.325513068287809,0.04298864892236411,0.48079182403450965,0.30616780961780166,0.42031697147116787,-0.3667656356243257,0.09375920744557048,-0.07921973475257765,0.3086459640923019,0.060030884602835455,0.2787570891366594,0.3649388296324028,-0.019543583975701537,-0.038775651984156397,-0.270861467708129,0.13245593116061916,0.0031638817010081507
-0.07140781989820974,-0.2965169871533323,0.8104745897649931,-0.07093052574758534,0.1378838456602408,-0.2635131085466514,0.04956383758455238,-0.32028427209935084,0.5906505817112645,0.3402883535701037,0.030582202504987117,0.0544343568182089,0.11235838911782738,0.017340553037444893,-0.06174555643248086,-0.2767641566735596,-0.420488393002572,0.19068747485860815,0.14286715306644723,-0.36416377839325104,0.5231777373503887,0.09993145674379934,-0.047110375481767566,-0.5698963248352867,-0.04512179122800516,0.1632675300356732,0.36416865247626734,-0.23830027014403274,-0.09202571705992041,-0.23442299240989248,-0.10611953807624415,-0.12599787478852711,-0.2487150874529248,0.23050864614772817,-0.3866527368632054,0.20699305354878733,0.13799184882392548,-0.14087001541896568,-0.22245615602020488,0.2052465150010376,0.06668891986072427,0.5000558880672048,-0.3387670713970257
-0.019697319034533364,-0.15407444741918988,0.32648213570059514,0.14933921546928117,0.0718038051678381,-0.20889825957792083,0.18128615789815944,-0.1971421183483819,0.3402883535701037,0.30670503253619646,-0.0742223948450212,-0.03601223236669848,0.002851088304492398,-0.038494596130545455,0.015240072348975706,0.03551507406504365,-0.39052973909126026,-0.03328978274780738,-0.062217803306084084,-0.17216326735469795,0.07897392238398268,-0.07178279319833918,0.13497763744283123,-0.29981022739246066,0.02894581624626981,0.11877022569981754,0.22699725249229294,0.07743328756853127,0.04578641627748128,-0.3658162768622244,-0.061473969418569835,0.16808065510460993,0.008907245030262363,-0.03052366934350609,-0.3923558414431632,0.08449888105741209,-0.03154960451700879,-0.00422804956054477,-0.0623899439842289,0.15185501065547763,-0.09764959616633655,0.21581965381259655,-0.26550704380325124
0.2025343444053268,0.08107706991196384,0.3476402528618054,0.18031761487247167,-0.08141149340910744,-0.2177942927497076,0.015145517442331531,0.025277433352179524,0.030582202504987117,-0.0742223948450212,0.21531608270492025,0.09755940270114302,0.1310141423722957,0.2532975994522078,-0.20473028360073878,-0.2656842240062369,0.01616975528563657,0.1180147765833089,0.3225331075608674,0.333734983148521,0.31587682790538774,0.015492131762867272,-0.2980498707154752,-0.1851280573157874,-0.10359785333075873,-0.40864400874977236,0.04558026371949765,-0.27556996657661387,-0.3277776574022829,0.09690153900273413,-0.1500363725774063,-0.28424264642365404,-0.26297328035757367,0.02977078769719887,0.18468641167949668,0.06240536865686039,-0.10888788134868578,-0.12644583729720552,-0.10844674661465198,-0.14173103692348554,0.37450526774874565,0.17058601958220662,-0.07699323130088741
0.08657212709516791,-0.5426226664973045,0.25416165326528484,-0.43836436340604007,-0.6666764863125998,-0.047903623247491124,0.11613465176427436,-0.35634116662835186,0.0544343568182089,-0.03601223236669848,0.09755940270114302,0.8552566328663327,-0.3173855702136852,-0.3774329964597365,-0.10883790277138605,-0.04661599535310398,-0.1488682966128552,0.4519910577328898,0.19847471878320097,-0.11955996959997992,-0.188584682846022,0.3913382778461226,0.016196452508047562,-0.1731411307028659,-0.4386849977073398,-0.39781686370995994,-0.031116473413899205,-0.01313796281570819,-0.4855301283117016,0.07005516595744904,-0.5500421284894412,0.7088206458838532,-0.32595513581415547,0.20271726022720798,0.11121608578596966,0.4560987926520468,-0.5278709687584304,-0.5064425385650078,0.057657455741081345,-0.0558767333823621,0.26110363603903225,-0.6045756501786981,0.2024536656350838
0.07828345104616856,0.27751082932482185,0.5157631260489598,0.17654779920416075,0.42319313469025394,-0.11305129192570902,0.40216418689324207,0.09509426072745358,0.11235838911782738,0.002851088304492398,0.1310141423722957,-0.3173855702136852,0.4379507680710148,0.5435703043189353,-0.007328453667320876,-0.23155633298666362,0.1539972326886649,0.1377150142647237,-0.045368084390916136,0.27240363263024897,0.3677495854112406,0.021891298802626604,-0.10268198803410508,-0.464533270792891,0.20505275877404228,-0.0331499472227894,-0.019827410067883963,-0.19588842696798406,-0.20071069617795845,0.08210474703744768,0.2376013013131713,-0.7560316740026625,-0.12837685358308384,0.30014352661534954,0.1196600718250066,-0.11183113213520048,0.6360996353886427,0.19524203604267074,-0.19817341488866183,-0.03025530293943488,0.26875083755687207,0.6332790415978826,-0.21264942738646458
0.08403052133886892,0.464347751293704,0.5301611582665153,0.7144607405713166,0.5180316367945214,-0.35710571455060136,0.7385280852061302,0.21282264713257126,0.017340553037444893,-0.038494596130545455,0.2532975994522078,-0.3774329964597365,0.5435703043189353,0.8789443487778379,-0.19715210460865684,-0.4130737029533794,0.019600042529488958,0.1551517811416186,0.13747719166819838,0.648016047997432,0.4045030373842434,-0.133473412980759,-0.2522051032118726,-0.5250227478397456,0.12809235078134568,-0.4317819380009987,-0.03523729471920168,-0.3717500787132565,-0.3099475799217533,-0.021631832034050415,0.310284176716735,-0.9789066070444556,-0.2271934381865487,0.11413970792342072,0.16493525818776555,-0.16030772002101457,0.44658137161750194,0.45615960133626415,-0.4825680497983195,-0.1644211235458701,0.4177333903302925,0.7385186995865258,-0.11222703795782006
0.0057134384651549705,0.14872247139288794,0.35984210958393303,-0.9275553709072173,0.23727404652000106,0.24611870762546884,0.33528561304012755,0.22209790998737283,-0.06174555643248086,0.015240072348975706,-0.20473028360073878,-0.10883790277138605,-0.007328453667320876,-0.19715210460865684,0.6361476641171799,0.34747947028070536,0.5551981590521309,0.21936131551578342,-0.7427954508015874,-0.19661694686189574,-0.5073355968087916,0.026055185803000723,0.6943033888979734,-0.14006519634667772,0.08272966650053826,0.6224216907401305,-0.3945342996681095,0.45878701176237563,0.4590899363920542,0.23190469778084916,0.3885696814474951,0.14413340003241804,0.2572152089695182,0.4610412686616011,0.09485933395099022,0.29921020771550033,0.7857766868078212,0.111922919568759,0.29889968028333896,0.21212028259592736,-0.4996478921037111,-0.02591759494965375,-0.1673144785915567
0.4163254872540172,0.05149372823623331,-0.7784686524418682,-0.08792776853805263,-0.41332870001798194,0.3140373347364101,-0.00799888651582417,-0.018198514888585902,-0.2767641566735596,0.03551507406504365,-0.2656842240062369,-0.04661599535310398,-0.23155633298666362,-0.4130737029533794,0.34747947028070536,0.9741521832334143,0.23271040795336365,-0.48740456676293126,-0.6800727923493114,0.1988401480637981,-0.8498531724542542,-0.075303602390611,0.49325403309574883,0.31589233183920695,0.40838875986477574,0.18529590238133836,-0.20070019704543277,0.9769444690994339,-9.068708401246542e-4,-0.19757108440875623,-0.260822562448575,0.8596060243170982,0.6030620787370845,-0.16569959267599604,-0.008108973452739282,-0.25924052020237376,-0.014800832330850413,-0.32580813325464086,0.8963776234750697,-0.03587016281291811,-0.16843520671961681,-0.576098707001557,-0.30406776627060766
0.42393161190777473,0.5866050763217565,0.378686801622288,-1.174176636277696,0.10755862496693164,0.38143118273761756,-0.20274000945530263,0.524371855215689,-0.420488393002572,-0.39052973909126026,0.01616975528563657,-0.1488682966128552,0.1539972326886649,0.019600042529488958,0.5551981590521309,0.23271040795336365,1.2362306127406535,0.19875543554908193,-0.5149989988967552,0.33639187320440295,-0.30956487962788,-0.046851195669077736,0.3523736840109315,0.21717316283210447,0.14684550692433018,0.3293064322444065,-0.6260842087042595,0.36649822203511534,0.22422202017473958,0.8391535211349535,0.24431357755392727,-0.3128639382814469,0.0648437608654307,0.55162619668357,0.7713740143897958,0.18734774157715994,0.9489905719362508,-0.13576696575832747,0.5128499048622612,-0.014351952394991917,-0.09206161894223779,-0.015976962901593107,-0.15235207841362483
-0.3592944733207213,-0.14052924048602838,1.1653961782879694,-0.8297962881138131,0.30287803911782263,-0.07477359225561915,0.8768588066059194,-0.05119292152046566,0.19068747485860815,-0.03328978274780738,0.1180147765833089,0.4519910577328898,0.1377150142647237,0.1551517811416186,0.21936131551578342,-0.48740456676293126,0.19875543554908193,1.025101182713455,-0.20210428361951913,-0.2732700359873471,-0.01714202648192929,0.28640630494428004,0.35871347573124585,-0.6496325897467993,-0.3760578622480786,0.07115530496069465,-0.30181995318793015,-0.2642215264207382,-0.034992386266854754,0.3891768408825448,0.27554909288048507,-0.2644482363622338,-0.5112336189509638,0.8451165153709548,0.19728144602408532,0.6328014424676461,0.6716402279384923,0.30354814253771384,-0.628038226398283,0.16258781882707293,-0.05469226677831671,0.20953718345743716,0.2816948374026607
0.1683352145388726,-0.2752169414857181,0.006183255723551283,0.6830001297116296,-0.4052493581986659,-0.39637022598492305,-0.8226833823749231,-0.1490557494439557,0.14286715306644723,-0.062217803306084084,0.3225331075608674,0.19847471878320097,-0.045368084390916136,0.13747719166819838,-0.7427954508015874,-0.6800727923493114,-0.5149989988967552,-0.20210428361951913,1.2577212792304882,0.17095226390352433,0.9762495903297365,0.14701390627176342,-1.0491404067961208,0.04855381680356512,-0.43849856902671736,-0.7319324697193746,0.5278558430504272,-0.9423340648690821,-0.4846955497785231,-0.11795055175217943,-0.4491724428483133,-0.28174160725142566,-0.4286109245369797,-0.5562860390317615,-0.027857311980329078,0.025296388292886503,-1.1066810233353594,-0.47272123666321164,-0.2118084628378203,-0.23863646151534215,0.6184046897172452,0.0463006498181367,0.07478755317809845
1.1022864588362424,0.8084243478527328,0.34532581104311644,0.7754524447457977,-0.3221864823370675,-0.5434929909806993,0.28493666584958605,0.38041943665843303,-0.36416377839325104,-0.17216326735469795,0.333734983148521,-0.11955996959997992,0.27240363263024897,0.648016047997432,-0.19661694686189574,0.1988401480637981,0.33639187320440295,-0.2732700359873471,0.17095226390352433,1.594168146750652,-0.13786621680735067,-0.553089231501374,-0.21282128786879967,-0.02608492061368127,0.1324587908216258,-1.1004366146713358,-0.2046619528212814,0.32270091473221524,-0.6157876379665368,-0.01799428303477409,-0.45676786773819755,-0.1347524718736277,-0.13019144273049957,-0.3575013785125421,0.5394085862211953,-0.08768472896054921,-0.2872510296784838,-0.2370990323350045,0.36990141675034954,-0.4228355915899271,0.7238532007530344,0.11357387289947353,-0.5393702705594842
0.04634289947676062,-0.23293339898278023,0.6851379078768087,0.3159296384230417,0.16187215741714692,-0.2980687247642412,-0.6367124593253892,-0.17056166403022704,0.5231777373503887,0.07897392238398268,0.31587682790538774,-0.188584682846022,0.3677495854112406,0.4045030373842434,-0.5073355968087916,-0.8498531724542542,-0.30956487962788,-0.01714202648192929,0.9762495903297365,-0.13786621680735067,1.482446579089768,0.37176553316893646,-0.9765107712577592,-0.5720666201412188,-0.12846540425384062,-0.1645559161594175,0.596552664803388,-1.1173870288363152,-0.4418218953455659,0.017700917320781086,-0.05896140379152128,-1.0485243294846764,-0.4351950483811092,0.04555621332247841,-0.10272983357837745,-0.024767388122651317,-0.0578299813484396,-0.3848140309943059,-0.27403250832491316,-0.059632886928459396,0.6195813259139207,0.8334109550033472,-0.29913895271923546
-0.19474360587911094,-1.1843015127583056,-0.34692946187762486,-0.3317609146356134,-0.4122363797408155,0.4158703443085785,0.6817641521231411,-0.4075471780699354,0.09993145674379934,-0.07178279319833918,0.015492131762867272,0.3913382778461226,0.021891298802626604,-0.133473412980759,0.026055185803000723,-0.075303602390611,-0.046851195669077736,0.28640630494428004,0.14701390627176342,-0.553089231501374,0.37176553316893646,1.8173981774747694,-0.3683273917231302,-1.2902874553077106,-0.2919361755070728,0.08986014399991826,0.04957372488487206,-0.7713425645177803,-0.9514948803120432,-0.12533987790531007,0.2405827135869436,-0.12190709388089975,0.3420680703138648,0.5550593165966069,-0.018768580549278248,0.19482072042065057,0.13440235628701072,-0.745547737358777,0.580604834428221,-0.2340601079605021,0.4963405907530878,-0.4136265928583873,0.10285001129131548
-0.15627586133097915,0.2558574699326816,0.40965937204633335,-0.8344693062372835,0.3208128194929561,0.15745062438212334,0.7045512377967699,0.13784784123981828,-0.047110375481767566,0.13497763744283123,-0.2980498707154752,0.016196452508047562,-0.10268198803410508,-0.2522051032118726,0.6943033888979734,0.49325403309574883,0.3523736840109315,0.35871347573124585,-1.0491404067961208,-0.21282128786879967,-0.9765107712577592,-0.3683273917231302,1.0984649769059152,0.05010174272708613,0.12813274889810713,0.6135384175745876,-0.47696634425078893,0.8787018789450917,0.6584906275258214,0.09083760326481811,0.3082898660896752,0.5307341494553391,0.179340844130846,0.44121593552308863,-0.05218876200323727,0.3187465317771447,0.7633544287185506,0.473706651330292,-0.008432130963059576,0.34053982892771045,-0.7437182231313316,-0.11255417459212222,-0.021129539373385887
-0.13809971511427777,0.7048635445112162,-1.2733785391495154,0.043692944653621876,-0.1033065557874147,0.3461380387982104,-1.6751165963835883,0.3035920177595933,-0.5698963248352867,-0.29981022739246066,-0.1851280573157874,-0.1731411307028659,-0.464533270792891,-0.5250227478397456,-0.14006519634667772,0.31589233183920695,0.21717316283210447,-0.6496325897467993,0.04855381680356512,-0.02608492061368127,-0.5720666201412188,-1.2902874553077106,0.05010174272708613,2.1729327835441348,0.25590634091999165,0.16937291140536825,-0.08548524043837559,0.6979116873310436,0.9791378314165675,0.4001052952902214,-0.35400114127486726,0.563537901713909,0.01331231747571765,-0.8304247464738679,0.20046737381355076,-0.5650430110360699,-0.6763926325912464,0.3844033997445163,-0.13347158837968995,0.09664494751458527,-0.6031298165386422,-0.5505872642203498,0.5745824359367631
0.09184830659924581,0.3416246870711034,-0.44252644017951603,0.2905360406004557,0.228972428284963,0.23466892277609805,-0.11314297354108895,-0.0032469779657683046,-0.04512179122800516,0.02894581624626981,-0.10359785333075873,-0.4386849977073398,0.20505275877404228,0.12809235078134568,0.08272966650053826,0.40838875986477574,0.14684550692433018,-0.3760578622480786,-0.43849856902671736,0.1324587908216258,-0.12846540425384062,-0.2919361755070728,0.12813274889810713,0.25590634091999165,0.6589161205582799,0.25933215131455717,0.0037893466887178183,0.5134443493037909,0.02351627757053665,-0.024834106289915524,-0.016978022825196733,-0.1731129551687301,0.2585235409200071,0.01844888285673917,-0.004106608733743703,-0.6101562898363381,0.508591111857418,0.14130462277603728,0.20640476874636327,0.013521487307350179,0.018399268741546345,0.2725745674046269,-0.23409994805301795
-0.6510226903179439,-0.0903337915325252,-0.06836591198096789,-1.0685603537940338,0.638684662120972,0.600303999269168,-0.25306812268435175,0.05532186452568541,0.1632675300356732,0.11877022569981754,-0.40864400874977236,-0.39781686370995994,-0.0331499472227894,-0.4317819380009987,0.6224216907401305,0.18529590238133836,0.3293064322444065,0.07115530496069465,-0.7319324697193746,-1.1004366146713358,-0.1645559161594175,0.08986014399991826,0.6135384175745876,0.16937291140536825,0.25933215131455717,1.3747138517280908,-0.12215478080895918,0.23985003181607376,0.9472563396239024,0.23499375427576344,0.6849905490022523,-0.10889147442733943,0.36365615866996814,0.4769861895286072,-0.2676000842707495,0.0016822073315911309,1.0263329138819106,0.37053713918669146,0.014230014213923649,0.47527486938075936,-0.9053702802596801,0.19807506401884867,0.09008151027894881
-0.017650378733722927,-0.3222450948030982,-0.08923805449018767,0.5732762861421742,-0.13251664720485823,-0.20649707933062836,-0.4712032847056746,-0.325513068287809,0.36416865247626734,0.22699725249229294,0.04558026371949765,-0.031116473413899205,-0.019827410067883963,-0.03523729471920168,-0.3945342996681095,-0.20070019704543277,-0.6260842087042595,-0.30181995318793015,0.5278558430504272,-0.2046619528212814,0.596552664803388,0.04957372488487206,-0.47696634425078893,-0.08548524043837559,0.0037893466887178183,-0.12215478080895918,0.539765664893453,-0.3408950010719413,-0.2125562430437094,-0.3887559641361555,-0.30522918866751225,-0.016235492128265354,-0.08872801105542454,-0.33841412929706827,-0.4048195794929739,-0.17924623183568392,-0.5330032116361909,-0.2628473705189882,-0.07547299531105994,0.008678037674523095,0.23008191105181294,0.2068768687888277,-0.17437417572432462
0.4648088597808261,0.5049710486250983,-0.21618716534875623,-0.3672723577423801,-0.2001551344047692,0.19120585493924194,-0.043063139842121435,0.04298864892236411,-0.23830027014403274,0.07743328756853127,-0.27556996657661387,-0.01313796281570819,-0.19588842696798406,-0.3717500787132565,0.45878701176237563,0.9769444690994339,0.36649822203511534,-0.2642215264207382,-0.9423340648690821,0.32270091473221524,-1.1173870288363152,-0.7713425645177803,0.8787018789450917,0.6979116873310436,0.5134443493037909,0.23985003181607376,-0.3408950010719413,1.4365058780110465,0.3253846204804331,0.00556021768356624,-0.42055322611250207,0.9663672491401598,0.27252425171819905,-0.028249422929266688,0.08610577212340358,-0.16621521448987486,0.26329064798717294,-0.00824906926078522,0.5427479501964715,0.1654927727884308,-0.3674484415441814,-0.371827150383313,-0.3070835901855666
-0.6640277283027137,0.56097770627224,-0.04415177419902377,-0.5821543047534361,0.7786613832068071,0.16072267456211775,-0.4867509429538782,0.48079182403450965,-0.09202571705992041,0.04578641627748128,-0.3277776574022829,-0.4855301283117016,-0.20071069617795845,-0.3099475799217533,0.4590899363920542,-9.068708401246542e-4,0.22422202017473958,-0.034992386266854754,-0.4846955497785231,-0.6157876379665368,-0.4418218953455659,-0.9514948803120432,0.6584906275258214,0.9791378314165675,0.02351627757053665,0.9472563396239024,-0.2125562430437094,0.3253846204804331,1.579134736221707,0.25119735570873586,0.7002553512908365,0.009571265795933455,0.1372692119994773,-0.16113994261775447,-0.22048950632298225,0.09035188270000788,0.38090430472777714,0.9782729428678213,-0.5414333611602552,0.46329357417507827,-1.252247479885443,0.168027631722192,0.33642636293862116
0.017263036362478903,0.3856240102654418,0.411866716694668,-1.0087907089081785,0.157488977140493,0.3007611878073712,-0.46497787556565673,0.30616780961780166,-0.23442299240989248,-0.3658162768622244,0.09690153900273413,0.07005516595744904,0.08210474703744768,-0.021631832034050415,0.23190469778084916,-0.19757108440875623,0.8391535211349535,0.3891768408825448,-0.11795055175217943,-0.01799428303477409,0.017700917320781086,-0.12533987790531007,0.09083760326481811,0.4001052952902214,-0.024834106289915524,0.23499375427576344,-0.3887559641361555,0.00556021768356624,0.25119735570873586,0.8630951016991577,0.11758522348194764,-0.3943041357718849,-0.29807852980115085,0.49862871987821766,0.6272185697705249,0.16914308828917515,0.6327300648139788,0.03640773985424363,-0.0718830341600254,0.050907966210621124,-0.06637058676559268,0.06323555127401342,0.2022917964239488
-0.8214201696020056,0.1240338559849686,-0.09303543349325762,-0.15093611754507727,0.9451500196935703,0.23341009867956602,0.820089489273017,0.42031697147116787,-0.10611953807624415,-0.061473969418569835,-0.1500363725774063,-0.5500421284894412,0.2376013013131713,0.310284176716735,0.3885696814474951,-0.260822562448575,0.24431357755392727,0.27554909288048507,-0.4491724428483133,-0.45676786773819755,-0.05896140379152128,0.2405827135869436,0.3082898660896752,-0.35400114127486726,-0.016978022825196733,0.6849905490022523,-0.30522918866751225,-0.42055322611250207,0.7002553512908365,0.11758522348194764,1.2509331378074653,-0.8292185782674195,0.34198685476645885,0.32471929712042413,-0.09559140423483867,0.020033530002820356,0.9010638950357899,0.9614325632380333,-0.49896979151607546,0.12512316276658572,-0.647618140803301,0.3851427398867167,0.3854071273524646
0.3335163042331501,-0.46472220427011185,-0.6347360860806514,-0.29739856887400556,-1.0101108155913447,0.08243354519345239,-0.285821984141869,-0.3667656356243257,-0.12599787478852711,0.16808065510460993,-0.28424264642365404,0.7088206458838532,-0.7560316740026625,-0.9789066070444556,0.14413340003241804,0.8596060243170982,-0.3128639382814469,-0.2644482363622338,-0.28174160725142566,-0.1347524718736277,-1.0485243294846764,-0.12190709388089975,0.5307341494553391,0.563537901713909,-0.1731129551687301,-0.10889147442733943,-0.016235492128265354,0.9663672491401598,0.009571265795933455,-0.3943041357718849,-0.8292185782674195,1.8545800988172034,0.26981061692640534,-0.4367202415606893,-0.2571606903528547,0.248770717058641,-1.0510838892215808,-0.6256000786673719,0.7122758530083465,0.0744915534379026,-0.29019388051845374,-1.2100911969639148,-0.021135196863691905
-0.06967455160587996,-0.16984765393674534,-1.0763319422650888,0.20852092376445674,-0.06263533276899824,0.3668417903910618,0.162579563296876,0.09375920744557048,-0.2487150874529248,0.008907245030262363,-0.26297328035757367,-0.32595513581415547,-0.12837685358308384,-0.2271934381865487,0.2572152089695182,0.6030620787370845,0.0648437608654307,-0.5112336189509638,-0.4286109245369797,-0.13019144273049957,-0.4351950483811092,0.3420680703138648,0.179340844130846,0.01331231747571765,0.2585235409200071,0.36365615866996814,-0.08872801105542454,0.27252425171819905,0.1372692119994773,-0.29807852980115085,0.34198685476645885,0.26981061692640534,0.7804242442180356,-0.23266425734431526,-0.18241591098886203,-0.32798376620408876,0.023850391855307178,-0.029036768177410417,0.6339420721111636,-0.08747111665316241,-0.283214524813074,-0.38378031622607905,-0.058368212432399764
-0.16070932542596766,-0.13973994239626095,1.0735944988429797,-1.1610306891984572,0.3459473496922873,0.24414653389042873,0.7400790354701436,-0.07921973475257765,0.23050864614772817,-0.03052366934350609,0.02977078769719887,0.20271726022720798,0.30014352661534954,0.11413970792342072,0.4610412686616011,-0.16569959267599604,0.55162619668357,0.8451165153709548,-0.5562860390317615,-0.3575013785125421,0.04555621332247841,0.5550593165966069,0.44121593552308863,-0.8304247464738679,0.01844888285673917,0.4769861895286072,-0.33841412929706827,-0.028249422929266688,-0.16113994261775447,0.49862871987821766,0.32471929712042413,-0.4367202415606893,-0.23266425734431526,1.148991415354939,0.27851712019551833,0.4080593522006684,1.2865870936180437,0.007159024676323445,-0.0994771298174124,0.1830334685655197,0.027195966272723204,0.36341237197750786,-0.07097325441306018
0.41139086293797095,0.40799613762780934,0.2078241077588259,-0.495170211630977,-0.14855167285131937,0.13904293734762901,-0.1447278769270207,0.3086459640923019,-0.3866527368632054,-0.3923558414431632,0.18468641167949668,0.11121608578596966,0.1196600718250066,0.16493525818776555,0.09485933395099022,-0.008108973452739282,0.7713740143897958,0.19728144602408532,-0.027857311980329078,0.5394085862211953,-0.10272983357837745,-0.018768580549278248,-0.05218876200323727,0.20046737381355076,-0.004106608733743703,-0.2676000842707495,-0.4048195794929739,0.08610577212340358,-0.22048950632298225,0.6272185697705249,-0.09559140423483867,-0.2571606903528547,-0.18241591098886203,0.27851712019551833,0.7145909711145663,0.08042775504008597,0.3117180862649341,-0.193889964561467,0.22983072960344725,-0.189807944211444,0.3058303523085675,-0.11669676560723577,0.03656360236116976
0.1874844743550511,-0.18037775281960353,1.291697287478143,-0.9796409990387139,-0.1297535618214212,-0.29317159926727987,0.336405700165467,0.060030884602835455,0.20699305354878733,0.08449888105741209,0.06240536865686039,0.4560987926520468,-0.11183113213520048,-0.16030772002101457,0.29921020771550033,-0.25924052020237376,0.18734774157715994,0.6328014424676461,0.025296388292886503,-0.08768472896054921,-0.024767388122651317,0.19482072042065057,0.3187465317771447,-0.5650430110360699,-0.6101562898363381,0.0016822073315911309,-0.17924623183568392,-0.16621521448987486,0.09035188270000788,0.16914308828917515,0.020033530002820356,0.248770717058641,-0.32798376620408876,0.4080593522006684,0.08042775504008597,0.9595788720044909,0.06900184131554082,-0.26193198151974234,-0.014139110382481277,0.16618987523742346,-0.1414813722505613,-0.0565043425214342,-0.16223289179682282
-0.2785868161707632,0.4814783311880454,1.0677116836496765,-1.1679738140677236,1.0832451640699448,0.4150170606524437,0.8819415349124538,0.2787570891366594,0.13799184882392548,-0.03154960451700879,-0.10888788134868578,-0.5278709687584304,0.6360996353886427,0.44658137161750194,0.7857766868078212,-0.014800832330850413,0.9489905719362508,0.6716402279384923,-1.1066810233353594,-0.2872510296784838,-0.0578299813484396,0.13440235628701072,0.7633544287185506,-0.6763926325912464,0.508591111857418,1.0263329138819106,-0.5330032116361909,0.26329064798717294,0.38090430472777714,0.6327300648139788,0.9010638950357899,-1.0510838892215808,0.023850391855307178,1.2865870936180437,0.3117180862649341,0.06900184131554082,2.214816618111904,0.6072396495691261,-0.19099345778690505,0.3267197025354408,-0.3357053226548846,0.9305264100823227,-0.21772934585162426
-1.042716222327098,0.5873925731677898,-0.17219029042800538,0.4778116170854392,1.1466227007452536,-0.015981918790296642,0.8234623088225093,0.3649388296324028,-0.14087001541896568,-0.00422804956054477,-0.12644583729720552,-0.5064425385650078,0.19524203604267074,0.45615960133626415,0.111922919568759,-0.32580813325464086,-0.13576696575832747,0.30354814253771384,-0.47272123666321164,-0.2370990323350045,-0.3848140309943059,-0.745547737358777,0.473706651330292,0.3844033997445163,0.14130462277603728,0.37053713918669146,-0.2628473705189882,-0.00824906926078522,0.9782729428678213,0.03640773985424363,0.9614325632380333,-0.6256000786673719,-0.029036768177410417,0.007159024676323445,-0.193889964561467,-0.26193198151974234,0.6072396495691261,1.6323498544166863,-1.2720045546305172,0.21807587898314412,-0.786177716307839,0.4945603389319458,0.7126773922177533
1.0121851780811817,-0.24260277851133855,-0.5067192436060598,-0.45417682685917726,-0.9026767143513545,0.31003677853774064,-0.5199882111464007,-0.019543583975701537,-0.22245615602020488,-0.0623899439842289,-0.10844674661465198,0.057657455741081345,-0.19817341488866183,-0.4825680497983195,0.29889968028333896,0.8963776234750697,0.5128499048622612,-0.628038226398283,-0.2118084628378203,0.36990141675034954,-0.27403250832491316,0.580604834428221,-0.008432130963059576,-0.13347158837968995,0.20640476874636327,0.014230014213923649,-0.07547299531105994,0.5427479501964715,-0.5414333611602552,-0.0718830341600254,-0.49896979151607546,0.7122758530083465,0.6339420721111636,-0.0994771298174124,0.22983072960344725,-0.014139110382481277,-0.19099345778690505,-1.2720045546305172,1.6363074942893976,-0.2263722103827872,0.34004503233110006,-0.6544509713146934,-0.7444933146135485
-0.2300132983255894,0.03491745418737421,0.39565019001757556,-0.46396602506882134,0.2880962039818695,0.03853064352494643,-0.09357032478742111,-0.038775651984156397,0.2052465150010376,0.15185501065547763,-0.14173103692348554,-0.0558767333823621,-0.03025530293943488,-0.1644211235458701,0.21212028259592736,-0.03587016281291811,-0.014351952394991917,0.16258781882707293,-0.23863646151534215,-0.4228355915899271,-0.059632886928459396,-0.2340601079605021,0.34053982892771045,0.09664494751458527,0.013521487307350179,0.47527486938075936,0.008678037674523095,0.1654927727884308,0.46329357417507827,0.050907966210621124,0.12512316276658572,0.0744915534379026,-0.08747111665316241,0.1830334685655197,-0.189807944211444,0.16618987523742346,0.3267197025354408,0.21807587898314412,-0.2263722103827872,0.2986406649956522,-0.4065327707793931,0.19248429188940586,-0.0036794081772348218
0.6937315489897485,-0.17986580792753454,0.21719701039111095,0.5851055857207453,-0.5573059186539605,-0.24899417987327638,0.04627158515936653,-0.270861467708129,0.06668891986072427,-0.09764959616633655,0.37450526774874565,0.26110363603903225,0.26875083755687207,0.4177333903302925,-0.4996478921037111,-0.16843520671961681,-0.09206161894223779,-0.05469226677831671,0.6184046897172452,0.7238532007530344,0.6195813259139207,0.4963405907530878,-0.7437182231313316,-0.6031298165386422,0.018399268741546345,-0.9053702802596801,0.23008191105181294,-0.3674484415441814,-1.252247479885443,-0.06637058676559268,-0.647618140803301,-0.29019388051845374,-0.283214524813074,0.027195966272723204,0.3058303523085675,-0.1414813722505613,-0.3357053226548846,-0.786177716307839,0.34004503233110006,-0.4065327707793931,1.1438174635742422,0.1009394164464004,-0.3569918582593332
-0.054061294943036214,0.5165026561199563,1.2463018694487802,0.2081902710610604,0.907403719306045,-0.3898147392242531,0.2195889939209998,0.13245593116061916,0.5000558880672048,0.21581965381259655,0.17058601958220662,-0.6045756501786981,0.6332790415978826,0.7385186995865258,-0.02591759494965375,-0.576098707001557,-0.015976962901593107,0.20953718345743716,0.0463006498181367,0.11357387289947353,0.8334109550033472,-0.4136265928583873,-0.11255417459212222,-0.5505872642203498,0.2725745674046269,0.19807506401884867,0.2068768687888277,-0.371827150383313,0.168027631722192,0.06323555127401342,0.3851427398867167,-1.2100911969639148,-0.38378031622607905,0.36341237197750786,-0.11669676560723577,-0.0565043425214342,0.9305264100823227,0.4945603389319458,-0.6544509713146934,0.19248429188940586,0.1009394164464004,1.3450227628458182,-0.4536792498027787
-0.9418392081291326,-0.1947609026581442,-0.9062971388643268,0.09902063408783036,0.20990057575781806,0.3548120981204349,0.14153546388448568,0.0031638817010081507,-0.3387670713970257,-0.26550704380325124,-0.07699323130088741,0.2024536656350838,-0.21264942738646458,-0.11222703795782006,-0.1673144785915567,-0.30406776627060766,-0.15235207841362483,0.2816948374026607,0.07478755317809845,-0.5393702705594842,-0.29913895271923546,0.10285001129131548,-0.021129539373385887,0.5745824359367631,-0.23409994805301795,0.09008151027894881,-0.17437417572432462,-0.3070835901855666,0.33642636293862116,0.2022917964239488,0.3854071273524646,-0.021135196863691905,-0.058368212432399764,-0.07097325441306018,0.03656360236116976,-0.16223289179682282,-0.21772934585162426,0.7126773922177533,-0.7444933146135485,-0.0036794081772348218,-0.3569918582593332,-0.4536792498027787,1.0915105942068717
