V1,V2,V3,V4,V5,V6,V7,V8,V9,V10,V11,V12,V13,V14,V15,V16,V17,V18,V19,V20,V21,V22,V23,V24,V25,V26,V27,V28,V29,V30,V31,V32,V33,V34,V35,V36,V37,V38,V39,V40,V41,V42,V43
335.0066729341806,-1376.2732197941423,702.8239888587589,5696.839337952406,-1924.134515012,3141.8905077391582,3820.3954503166465,-1210.9990637953424,-203.8807446124286,355.256935551549,3867.0430420021107,-2879.982470191476,2348.296866465382,1240.563571387451,1257.9265226734806,1330.3987968250844,-1478.574828512641,-1344.6579288788114,7048.412735800763,1724.754485077521,-2280.410897893721,798.0320117283613,206.51672598765185,1237.8212495710286,-5387.738583121371,-1800.3872511915802,2251.477879126345,-5855.326667280656,1484.0032812362595,601.6192229966315,-1686.9328714723065,-3871.356472382098,576.6596637158564,-6342.573951720888,4840.983659447363,-3798.780806424415,2932.039996712418,-2798.2093444276197,673.1527131371242,295.77677011598763,-1340.457504657355,7.749507650676813,1281.2860949464675
-1376.2732197941423,5664.485310615447,-2890.7883941405103,-23444.566953421287,7921.718653899612,-12929.16917749862,-15720.726178604633,4978.969306644211,837.3653089684213,-1462.327962530737,-15914.613145381192,11850.03664971159,-9662.208854732244,-5105.607406031381,-5176.314623680272,-5474.233862530662,6088.018465298219,5533.676203374471,-29005.673592723655,-7100.523102886146,9385.74657489249,-3279.4744116977813,-848.5745323631412,-5096.0826442720345,22171.788971848408,7409.700704845929,-9263.685803528719,24094.671350950746,-6110.009930777885,-2473.957718954835,6943.249203800227,15933.848403143205,-2372.819484360973,26100.343264100222,-19921.53523224652,15632.908734258252,-12067.3449207565,11515.575402658547,-2771.477633480986,-1218.2251500737923,5517.724833311058,-32.961788862309604,-5274.01039472699
702.8239888587589,-2890.7883941405103,1475.7981187564071,11965.3632596979,-4042.0241161291037,6599.022586289601,8023.907193409569,-2542.154499765347,-427.8382662641318,746.4266924038177,8122.220114149118,-6048.5122878011,4932.031652166832,2605.561251702315,2641.915205737549,2794.092285922873,-3106.2217468478493,-2824.230745157021,14803.897370582223,3623.639721947947,-4789.7248735422945,1674.7603425306074,433.6314110456347,2600.6379457422936,-11316.096668328986,-3781.6918264151846,4728.473774341078,-12297.750086207188,3117.572705570325,1262.827466290805,-3543.3131260912946,-8131.593576741378,1211.0948677595584,-13321.540685716263,10167.794531260533,-7978.658926720252,6158.519964328583,-5877.244244292136,1414.192750300913,621.6329723784576,-2815.7653097551656,16.44824596271099,2691.2952304851974
5696.839337952406,-23444.566953421287,11965.3632596979,97035.18441061635,-32785.96560952559,53513.366627753225,65067.62773109525,-20609.025386280693,-3466.4740379898512,6052.608769191116,65869.17490542539,-49047.26457654011,39992.22061515302,21131.4028154114,21424.46699146277,22657.74721554978,-25196.5255859157,-22903.466844734878,120052.64050582456,29388.20390281884,-38846.19314007846,13574.913822034143,3512.981117337259,21091.987934726785,-91767.72964450136,-30668.201798124792,38342.4994769797,-99726.79874528621,25287.71730273309,10239.75621927228,-28737.12397546219,-65948.15533693082,9821.043164254757,-108028.37620437206,82454.37848827115,-64703.53361881979,49945.391228710796,-47662.14943092408,11470.525637998258,5042.010670181468,-22837.002583551926,135.89461781247618,21828.137419544844
-1924.134515012,7921.718653899612,-4042.0241161291037,-32785.96560952559,11079.548617853672,-18080.122408503677,-21983.755633355304,6961.486877250101,1170.3506360593324,-2044.6833687082737,-22255.863296106032,16570.73617826266,-13510.922814084654,-7140.172057623498,-7238.691726041371,-7655.187099988022,8515.136940604136,7738.519699779486,-40562.46256238644,-9929.789299173624,13126.298075965884,-4584.8758243288885,-1185.8066817936433,-7126.8321069275125,31005.522061133455,10361.97182991668,-12953.92788462476,33694.33898951958,-8545.64243440405,-3459.5976008530424,9710.257839982934,22283.442652729227,-3318.2016736198325,36498.75480414525,-27858.463731932326,21861.641423715886,-16875.937816100097,16103.854162415015,-3876.1322045204743,-1703.7194418467507,7716.695194760451,-46.71273296100159,-7376.064510966425
3141.8905077391582,-12929.16917749862,6599.022586289601,53513.366627753225,-18080.122408503677,29512.17280907898,35884.26070961754,-11366.163527217392,-1912.0663513835236,3338.1585366012473,36325.73284610617,-27049.29292101175,22055.79434009603,11653.446723547546,11815.288974224759,12495.510161418919,-13894.728855136602,-12630.912801727354,66207.35832211988,16207.268119656095,-21422.535708674302,7486.932347487252,1937.9019591194794,11631.898304291144,-50608.78617348077,-16913.13768978436,21145.75051226131,-54998.16603629457,13945.164894126496,5646.97980676245,-15847.779023884363,-36368.90885713133,5416.176896262049,-59576.694986842376,45472.77753995786,-35683.04660869589,27543.869087574807,-26284.969062020726,6325.634299903226,2780.605416549134,-12594.017292176532,74.57896960488587,12037.48144660103
3820.3954503166465,-15720.726178604633,8023.907193409569,65067.62773109525,-21983.755633355304,35884.26070961754,43632.20621291756,-13820.503817825256,-2324.973987944146,4058.8618048902845,44168.93875972033,-32889.682026704024,26817.982762263648,14169.585077627618,14366.397151206205,15193.504974082642,-16894.675183616357,-15358.101472839822,80502.47312126534,19706.462381536254,-26047.95036394504,9103.695551262173,2356.343074912977,14143.262630819503,-61535.9172752292,-20564.873731885742,25711.47800348918,-66873.11020152984,16956.005857653472,6866.369223946413,-19269.50672938911,-44221.38634458896,6585.625473941986,-72440.13749201974,55290.972126159984,-43387.52235973695,33490.92920330552,-31960.25188583679,7691.36951414081,3380.9136331711743,-15313.186910772556,90.65726122764254,14636.515714104455
-1210.9990637953424,4978.969306644211,-2542.154499765347,-20609.025386280693,6961.486877250101,-11366.163527217392,-13820.503817825256,4379.42813144808,737.1649049742493,-1285.4962636717084,-13989.583535391652,10418.217982422737,-8495.090800277723,-4487.7897857293565,-4550.507457951918,-4812.670912458388,5349.666596919425,4864.440115387948,-25498.268427428946,-6240.738497626604,8249.710986694137,-2885.440808306366,-747.0105233922236,-4478.8919817343285,19490.793708512763,6513.421885514131,-8144.568499707035,21181.874284129877,-5369.248342371676,-2175.5180820777596,6102.859749673386,14005.519764720262,-2086.0499718605065,22945.04150078146,-17512.965657651825,13742.444074681167,-10607.23736119224,10122.914961427896,-2435.584063266734,-1070.4783947607157,4849.646663648112,-28.20730115606198,-4635.3486043851935
-203.8807446124286,837.3653089684213,-427.8382662641318,-3466.4740379898512,1170.3506360593324,-1912.0663513835236,-2324.973987944146,737.1649049742493,124.26559253827074,-216.33495592675152,-2353.0171339099693,1752.7327437062415,-1429.370042697775,-754.7321773212495,-765.4424321280377,-809.6110135748809,899.2824421718427,818.2167911080641,-4289.034225741712,-1049.6758569576211,1387.2936317342517,-485.8547121810362,-126.00789158272072,-753.2854517408135,3278.600784424379,1095.611856571471,-1370.2740358081962,3563.1599800757385,-902.6634399007686,-365.95826646825736,1026.3205812114295,2355.4309645038843,-350.91443219866727,3859.893640336469,-2946.0322776192806,2311.5654840534753,-1783.9960168860239,1702.7296306475068,-409.5201785672316,-180.02813191972587,815.545971426364,-4.503603878687814,-779.4186127675282
355.256935551549,-1462.327962530737,746.4266924038177,6052.608769191116,-2044.6833687082737,3338.1585366012473,4058.8618048902845,-1285.4962636717084,-216.33495592675152,377.7999260890063,4108.593169904134,-3059.528128675871,2494.9155100016656,1317.977629380251,1336.339901352329,1413.2639526096173,-1571.3170188587032,-1428.6208938529032,7488.377675471343,1833.4913155132997,-2422.6760074390754,846.7216607762634,219.4425065879207,1315.8011185229761,-5724.26039568012,-1913.080839876019,2391.8071190393803,-6220.575863352558,1577.1162880503466,638.434915830105,-1792.3192567943056,-4113.339145814474,612.5499473009055,-6738.740255119803,5143.409866014479,-4035.910888731304,3115.2704379342836,-2972.9518725124944,715.457686814746,314.6048580919751,-1424.391005095138,8.263913054596697,1361.3055227930008
3867.0430420021107,-15914.613145381192,8122.220114149118,65869.17490542539,-22255.863296106032,36325.73284610617,44168.93875972033,-13989.583535391652,-2353.0171339099693,4108.593169904134,44713.1630862029,-33294.02332306934,27147.276844959535,14344.397912544715,14543.28777914823,15380.43606174578,-17104.004139680837,-15547.270993505019,81493.76849048033,19949.25849695452,-26369.562699894333,9214.710328346515,2384.5695423540974,14317.645369825988,-62293.47337009721,-20818.103823572786,26027.45213689443,-67696.18298291315,17165.884164526095,6950.89840325523,-19507.31497676115,-44766.85357511438,6666.6818426154105,-73331.403588644,55971.3789831751,-43921.867124819684,33903.85122864984,-32353.884762855254,7786.442311961901,3422.6229025193425,-15502.211881360481,92.31754653816893,14817.392570003649
-2879.982470191476,11850.03664971159,-6048.5122878011,-49047.26457654011,16570.73617826266,-27049.29292101175,-32889.682026704024,10418.217982422737,1752.7327437062415,-3059.528128675871,-33294.02332306934,24792.132639572268,-20215.36674360211,-10680.821332854777,-10829.27726282913,-11452.793721829008,12734.66448487396,11576.775348375897,-60682.013940329336,-14854.334053039318,19634.509442670784,-6862.732709642964,-1776.375601659645,-10660.887553575947,46385.20697850962,15501.557474359819,-19381.260510196524,50408.46497648953,-12780.935377085516,-5175.933754072629,14525.033861440645,33333.38796250065,-4964.212256500025,54604.839090786365,-41677.88573151487,32705.089572784273,-25244.988936554975,24091.31018352472,-5797.545353898161,-2548.422483681848,11542.782284351015,-68.20146637796293,-11032.706909430915
2348.296866465382,-9662.208854732244,4932.031652166832,39992.22061515302,-13510.922814084654,22055.79434009603,26817.982762263648,-8495.090800277723,-1429.370042697775,2494.9155100016656,27147.276844959535,-20215.36674360211,16483.76780300674,8708.784925791491,8829.990147672372,9338.45540714179,-10383.111631267668,-9439.493827105149,49479.119620021695,12112.220279349225,-16009.202994795312,5595.98856493457,1448.8368340092206,8692.80909041418,-37821.89049532402,-12639.80652009836,15803.423620617694,-41102.36959128418,10420.951240737679,4220.170922552809,-11843.233924884422,-27179.11856042967,4047.731041492526,-44524.34898377331,33983.76207789352,-26667.156867431982,20584.14532933877,-19643.64240803422,4727.121966193172,2078.0110331456744,-9411.641076759215,55.34699661716431,8995.5739461382
1240.563571387451,-5105.607406031381,2605.561251702315,21131.4028154114,-7140.172057623498,11653.446723547546,14169.585077627618,-4487.7897857293565,-754.7321773212495,1317.977629380251,14344.397912544715,-10680.821332854777,8708.784925791491,4601.9081667241735,4665.6102986410315,4934.116262955769,-5487.376039207148,-4987.696383321203,26143.807955909368,6399.7880557792105,-8459.773315563198,2955.9838014114816,764.7721874384615,4593.167333611636,-19984.152194485214,-6678.5687498366415,8349.65456585125,-21717.346691416453,5507.18514239802,2229.9812291752223,-6258.215663086993,-14361.755495784253,2138.7065324446644,-23525.020127903008,17955.87432850035,-14090.48405798242,10876.727480283518,-10379.37083935027,2498.0161056916177,1097.9710822110935,-4973.308504097579,29.745371718330276,4753.693661374884
1257.9265226734806,-5176.314623680272,2641.915205737549,21424.46699146277,-7238.691726041371,11815.288974224759,14366.397151206205,-4550.507457951918,-765.4424321280377,1336.339901352329,14543.28777914823,-10829.27726282913,8829.990147672372,4665.6102986410315,4730.349337417116,5002.658747537726,-5563.014111057014,-5056.877311495378,26506.558416200307,6488.513033852627,-8576.836705706115,2997.4398076034513,775.689759852963,4656.813499806366,-20261.490237213737,-6771.228335518822,8465.757233317834,-22018.847261448278,5583.164352517223,2260.941992158766,-6344.848986072057,-14560.656380725155,2168.4117932621043,-23851.72819611461,18205.19275558113,-14285.960927896354,11027.435564148076,-10523.360667249452,2532.527984522521,1113.179108463191,-5042.139100760515,29.95681678364284,4819.403992459522
1330.3987968250844,-5474.233862530662,2794.092285922873,22657.74721554978,-7655.187099988022,12495.510161418919,15193.504974082642,-4812.670912458388,-809.6110135748809,1413.2639526096173,15380.43606174578,-11452.793721829008,9338.45540714179,4934.116262955769,5002.658747537726,5290.707261476299,-5883.0786506101595,-5347.970897787759,28032.475063050293,6861.973696434026,-9070.489769445927,3170.19463545479,820.4566576031051,4924.864384719107,-21427.891026760524,-7161.016666540128,8953.207111084925,-23286.505821820927,5904.393161761179,2391.123774202404,-6710.041653522136,-15398.730069566423,2293.2739132201445,-25224.922329724955,19253.294119983224,-15108.352190395892,11662.168539434831,-11129.16568757514,2678.2541358464327,1177.2491140782881,-5332.339755356887,31.620715092978447,5096.760707210756
-1478.574828512641,6088.018465298219,-3106.2217468478493,-25196.5255859157,8515.136940604136,-13894.728855136602,-16894.675183616357,5349.666596919425,899.2824421718427,-1571.3170188587032,-17104.004139680837,12734.66448487396,-10383.111631267668,-5487.376039207148,-5563.014111057014,-5883.0786506101595,6544.345409438352,5947.161616461303,-31172.792822770516,-7631.27275743576,10087.944797728314,-3523.2119730134054,-911.1280210782996,-5477.180353218563,23828.11619470474,7963.331114874145,-9955.102115750504,25894.45436873471,-6567.724022644958,-2658.688598990874,7462.603075783858,17125.367301755385,-2550.0780160785926,28049.625967409018,-21409.52736743095,16800.977642132064,-12969.518008251836,12376.06363689115,-2978.9594991498216,-1309.376652753224,5930.510674711636,-36.03870228928949,-5668.765107649562
-1344.6579288788114,5533.676203374471,-2824.230745157021,-22903.466844734878,7738.519699779486,-12630.912801727354,-15358.101472839822,4864.440115387948,818.2167911080641,-1428.6208938529032,-15547.270993505019,11576.775348375897,-9439.493827105149,-4987.696383321203,-5056.877311495378,-5347.970897787759,5947.161616461303,5405.967386016479,-28336.345959540366,-6936.566179024356,9168.945988577494,-3204.1594440243093,-829.1982899357037,-4978.383091041583,21660.187781653796,7238.695762703472,-9050.101617082066,23538.79165235165,-5968.69553973645,-2416.924585506984,6782.882259184531,15565.8905879735,-2318.0863790277594,25498.24319153173,-19461.934151220517,15272.147320391045,-11788.7292226273,11249.818212928236,-2707.4075411080767,-1190.0745159451574,5390.264404709976,-32.05874868962421,-5152.13401662526
7048.412735800763,-29005.673592723655,14803.897370582223,120052.64050582456,-40562.46256238644,66207.35832211988,80502.47312126534,-25498.268427428946,-4289.034225741712,7488.377675471343,81493.76849048033,-60682.013940329336,49479.119620021695,26143.807955909368,26506.558416200307,28032.475063050293,-31172.792822770516,-28336.345959540366,148530.20981857757,36359.151029203495,-48060.537272891714,16795.596573386832,4346.610116938492,26095.029785904106,-113535.89466820055,-37942.932715061004,47437.971454048056,-123383.09963728444,31285.682034626534,12668.822279427917,-35553.61058919563,-81591.22586709746,12150.72798357039,-133653.95909665007,102013.45734813965,-80051.76089054515,61792.64457660261,-58968.005883900194,14191.250451649232,6237.950721131441,-28253.932523891282,167.9156339109716,27005.705320679997
1724.754485077521,-7100.523102886146,3623.639721947947,29388.20390281884,-9929.789299173624,16207.268119656095,19706.462381536254,-6240.738497626604,-1049.6758569576211,1833.4913155132997,19949.25849695452,-14854.334053039318,12112.220279349225,6399.7880557792105,6488.513033852627,6861.973696434026,-7631.27275743576,-6936.566179024356,36359.151029203495,8901.552302446664,-11764.75635387026,4110.354276684222,1064.092036626068,6388.589887720743,-27793.02144212592,-9288.481078845356,11612.299813170732,-30203.083847674396,7658.953408985188,3100.4919445657365,-8703.336196120885,-19973.251136048253,2974.3043971904044,-32717.846997041488,24972.44807878299,-19596.11373908269,15126.596505921834,-14435.025148851222,3474.1927684638827,1527.3714948466616,-6916.6056335121275,41.10710939400461,6610.816925623259
-2280.410897893721,9385.74657489249,-4789.7248735422945,-38846.19314007846,13126.298075965884,-21422.535708674302,-26047.95036394504,8249.710986694137,1387.2936317342517,-2422.6760074390754,-26369.562699894333,19634.509442670784,-16009.202994795312,-8459.773315563198,-8576.836705706115,-9070.489769445927,10087.944797728314,9168.945988577494,-48060.537272891714,-11764.75635387026,15552.076257116025,-5433.773791793407,-1405.6340511504682,-8443.766732813237,36737.01614346674,12277.272000658602,-15349.099935239572,39923.25857019552,-10124.23136844341,-4099.449729594112,11504.764128431256,26401.68899842628,-3931.66959672999,43246.14447834832,-33008.42787425858,25902.753520915125,-19994.97980438597,19080.600413609558,-4592.224125561625,-2018.442535167065,9142.665227924213,-54.90141700148447,-8739.010805327134
798.0320117283613,-3279.4744116977813,1674.7603425306074,13574.913822034143,-4584.8758243288885,7486.932347487252,9103.695551262173,-2885.440808306366,-485.8547121810362,846.7216607762634,9214.710328346515,-6862.732709642964,5595.98856493457,2955.9838014114816,2997.4398076034513,3170.19463545479,-3523.2119730134054,-3204.1594440243093,16795.596573386832,4110.354276684222,-5433.773791793407,1901.3634506429496,492.3117198847623,2949.9140927617027,-12838.497439823463,-4290.26326673062,5365.076490830426,-13952.617905434516,3536.1725972859745,1433.2504168371659,-4019.7147209628884,-9224.947379088295,1374.1152836424342,-15113.971511338967,11535.782070074083,-9052.058529598595,6986.694478888241,-6667.866281898079,1604.0908157766678,704.9739449852923,-3194.1961619718163,18.381155385981334,3053.046558478878
206.51672598765185,-848.5745323631412,433.6314110456347,3512.981117337259,-1185.8066817936433,1937.9019591194794,2356.343074912977,-747.0105233922236,-126.00789158272072,219.4425065879207,2384.5695423540974,-1776.375601659645,1448.8368340092206,764.7721874384615,775.689759852963,820.4566576031051,-911.1280210782996,-829.1982899357037,4346.610116938492,1064.092036626068,-1405.6340511504682,492.3117198847623,127.93882417309904,763.5644205050365,-3322.745784428835,-1110.425677838661,1388.7809253582716,-3611.0158812533855,914.6318488636858,370.6313402113518,-1039.9712796020974,-2386.8930292461723,355.5940154803652,-3912.007798345966,2985.7827024839903,-2342.5779458833854,1807.8669066248729,-1725.58545483047,415.0102154002155,182.5416545562985,-826.4448938866185,4.411914471510998,789.7068416390007
1237.8212495710286,-5096.0826442720345,2600.6379457422936,21091.987934726785,-7126.8321069275125,11631.898304291144,14143.262630819503,-4478.8919817343285,-753.2854517408135,1315.8011185229761,14317.645369825988,-10660.887553575947,8692.80909041418,4593.167333611636,4656.813499806366,4924.864384719107,-5477.180353218563,-4978.383091041583,26095.029785904106,6388.589887720743,-8443.766732813237,2949.9140927617027,763.5644205050365,4585.112308604939,-19947.0324393532,-6666.330724421452,8334.075576293635,-21676.782267683244,5496.986869355092,2225.278409023182,-6246.498999396722,-14334.971748763572,2134.687700253592,-23481.518312173823,17922.694053374347,-14064.17477854053,10856.45186490065,-10360.066103795545,2493.472319546072,1096.1911483064125,-4964.130621393015,29.610515442107424,4744.713487240966
-5387.738583121371,22171.788971848408,-11316.096668328986,-91767.72964450136,31005.522061133455,-50608.78617348077,-61535.9172752292,19490.793708512763,3278.600784424379,-5724.26039568012,-62293.47337009721,46385.20697850962,-37821.89049532402,-19984.152194485214,-20261.490237213737,-21427.891026760524,23828.11619470474,21660.187781653796,-113535.89466820055,-27793.02144212592,36737.01614346674,-12838.497439823463,-3322.745784428835,-19947.0324393532,86786.50127522623,29003.50612883342,-36261.51078095692,94313.57528642926,-23914.485987928907,-9683.824988253851,27176.910428950112,62367.84323618717,-9287.935202493021,102164.80470325814,-77978.84142607643,61191.227921213176,-47233.96797385801,45074.89605888282,-10847.711763836294,-4768.324447290364,21597.12618459,-128.20623950391703,-20642.886450934635
-1800.3872511915802,7409.700704845929,-3781.6918264151846,-30668.201798124792,10361.97182991668,-16913.13768978436,-20564.873731885742,6513.421885514131,1095.611856571471,-1913.080839876019,-20818.103823572786,15501.557474359819,-12639.80652009836,-6678.5687498366415,-6771.228335518822,-7161.016666540128,7963.331114874145,7238.695762703472,-37942.932715061004,-9288.481078845356,12277.272000658602,-4290.26326673062,-1110.425677838661,-6666.330724421452,29003.50612883342,9692.845640641186,-12118.290273583712,31518.901772449317,-7992.194378155951,-3236.1052803901953,9082.375377509661,20843.011535885515,-3103.94369614412,34142.830462079895,-26060.050939512264,20449.70037010347,-15785.334304286242,15063.74803777861,-3625.304941418149,-1593.626041217306,7217.6859758252795,-42.86902386326991,-6898.740856073428
2251.477879126345,-9263.685803528719,4728.473774341078,38342.4994769797,-12953.92788462476,21145.75051226131,25711.47800348918,-8144.568499707035,-1370.2740358081962,2391.8071190393803,26027.45213689443,-19381.260510196524,15803.423620617694,8349.65456585125,8465.757233317834,8953.207111084925,-9955.102115750504,-9050.101617082066,47437.971454048056,11612.299813170732,-15349.099935239572,5365.076490830426,1388.7809253582716,8334.075576293635,-36261.51078095692,-12118.290273583712,15151.326618574905,-39406.7106313249,9991.304567210671,4046.2816726355945,-11354.825266696527,-26058.139231604742,3880.7629173681526,-42687.25692967135,32581.609087901452,-25567.09018936587,19735.117610570825,-18833.290657505906,4532.161382370578,1992.2079413740073,-9023.469748081365,53.24218387953221,8624.695019874127
-5855.326667280656,24094.671350950746,-12297.750086207188,-99726.79874528621,33694.33898951958,-54998.16603629457,-66873.11020152984,21181.874284129877,3563.1599800757385,-6220.575863352558,-67696.18298291315,50408.46497648953,-41102.36959128418,-21717.346691416453,-22018.847261448278,-23286.505821820927,25894.45436873471,23538.79165235165,-123383.09963728444,-30203.083847674396,39923.25857019552,-13952.617905434516,-3611.0158812533855,-21676.782267683244,94313.57528642926,31518.901772449317,-39406.7106313249,102493.7649893948,-25988.296431521427,-10524.035211895181,29533.93721766962,67776.88046294409,-10093.575729155946,111025.76135984319,-84742.07732300591,66498.45324494313,-51330.5089890369,48984.310451424775,-11788.386407652193,-5181.741718644315,23470.138949594286,-139.27011968025369,-22433.203768384024
1484.0032812362595,-6110.009930777885,3117.572705570325,25287.71730273309,-8545.64243440405,13945.164894126496,16956.005857653472,-5369.248342371676,-902.6634399007686,1577.1162880503466,17165.884164526095,-12780.935377085516,10420.951240737679,5507.18514239802,5583.164352517223,5904.393161761179,-6567.724022644958,-5968.69553973645,31285.682034626534,7658.953408985188,-10124.23136844341,3536.1725972859745,914.6318488636858,5496.986869355092,-23914.485987928907,-7992.194378155951,9991.304567210671,-25988.296431521427,6591.264649384132,2668.2768753441146,-7489.486121440654,-17187.16441732148,2559.300022773908,-28151.409156875045,21487.17408007795,-16861.805089725734,13016.368440372722,-12420.852502759215,2989.677578831329,1314.1167083252644,-5951.880671586983,36.017838981456265,5689.122362752422
601.6192229966315,-2473.957718954835,1262.827466290805,10239.75621927228,-3459.5976008530424,5646.97980676245,6866.369223946413,-2175.5180820777596,-365.95826646825736,638.434915830105,6950.89840325523,-5175.933754072629,4220.170922552809,2229.9812291752223,2260.941992158766,2391.123774202404,-2658.688598990874,-2416.924585506984,12668.822279427917,3100.4919445657365,-4099.449729594112,1433.2504168371659,370.6313402113518,2225.278409023182,-9683.824988253851,-3236.1052803901953,4046.2816726355945,-10524.035211895181,2668.2768753441146,1081.1033090392837,-3032.522060150618,-6959.154913580031,1036.4583969830142,-11399.691192772234,8700.967352260957,-6827.985217036664,5270.485084520031,-5029.601876275086,1210.2734543170948,531.8125153318491,-2409.7712387136567,14.357035459678718,2303.4789418831615
-1686.9328714723065,6943.249203800227,-3543.3131260912946,-28737.12397546219,9710.257839982934,-15847.779023884363,-19269.50672938911,6102.859749673386,1026.3205812114295,-1792.3192567943056,-19507.31497676115,14525.033861440645,-11843.233924884422,-6258.215663086993,-6344.848986072057,-6710.041653522136,7462.603075783858,6782.882259184531,-35553.61058919563,-8703.336196120885,11504.764128431256,-4019.7147209628884,-1039.9712796020974,-6246.498999396722,27176.910428950112,9082.375377509661,-11354.825266696527,29533.93721766962,-7489.486121440654,-3032.522060150618,8510.779901289256,19531.016292615084,-2908.5048714737204,31992.237379161277,-24418.65913717711,19161.997362922724,-14791.586242948742,14115.203038985059,-3397.167623629537,-1493.2207895674856,6763.41088629329,-40.53128274000995,-6464.740258807577
-3871.356472382098,15933.848403143205,-8131.593576741378,-65948.15533693082,22283.442652729227,-36368.90885713133,-44221.38634458896,14005.519764720262,2355.4309645038843,-4113.339145814474,-44766.85357511438,33333.38796250065,-27179.11856042967,-14361.755495784253,-14560.656380725155,-15398.730069566423,17125.367301755385,15565.8905879735,-81591.22586709746,-19973.251136048253,26401.68899842628,-9224.947379088295,-2386.8930292461723,-14334.971748763572,62367.84323618717,20843.011535885515,-26058.139231604742,67776.88046294409,-17187.16441732148,-6959.154913580031,19531.016292615084,44821.03928674528,-6674.636434432237,73418.61317436075,-56038.0458547487,43974.44030205119,-33944.754821563074,32392.64890908838,-7796.009939349393,-3426.7879591665,15521.077337761784,-92.80703354272335,-14835.558406961876
576.6596637158564,-2372.819484360973,1211.0948677595584,9821.043164254757,-3318.2016736198325,5416.176896262049,6585.625473941986,-2086.0499718605065,-350.91443219866727,612.5499473009055,6666.6818426154105,-4964.212256500025,4047.731041492526,2138.7065324446644,2168.4117932621043,2293.2739132201445,-2550.0780160785926,-2318.0863790277594,12150.72798357039,2974.3043971904044,-3931.66959672999,1374.1152836424342,355.5940154803652,2134.687700253592,-9287.935202493021,-3103.94369614412,3880.7629173681526,-10093.575729155946,2559.300022773908,1036.4583969830142,-2908.5048714737204,-6674.636434432237,994.0336861315343,-10933.749968309014,8345.353411238546,-6548.745006390947,5055.00234938366,-4823.961799830548,1160.9001273872523,510.27651561900035,-2311.3285201956655,13.734362346944287,2209.2304142264943
-6342.573951720888,26100.343264100222,-13321.540685716263,-108028.37620437206,36498.75480414525,-59576.694986842376,-72440.13749201974,22945.04150078146,3859.893640336469,-6738.740255119803,-73331.403588644,54604.839090786365,-44524.34898377331,-23525.020127903008,-23851.72819611461,-25224.922329724955,28049.625967409018,25498.24319153173,-133653.95909665007,-32717.846997041488,43246.14447834832,-15113.971511338967,-3912.007798345966,-23481.518312173823,102164.80470325814,34142.830462079895,-42687.25692967135,111025.76135984319,-28151.409156875045,-11399.691192772234,31992.237379161277,73418.61317436075,-10933.749968309014,120268.45616206773,-91796.66104122746,72033.99740264894,-55603.3202255734,53061.94023182441,-12769.68332669375,-5613.254376183633,25423.800465205764,-150.6108112730055,-24300.332168453024
4840.983659447363,-19921.53523224652,10167.794531260533,82454.37848827115,-27858.463731932326,45472.77753995786,55290.972126159984,-17512.965657651825,-2946.0322776192806,5143.409866014479,55971.3789831751,-41677.88573151487,33983.76207789352,17955.87432850035,18205.19275558113,19253.294119983224,-21409.52736743095,-19461.934151220517,102013.45734813965,24972.44807878299,-33008.42787425858,11535.782070074083,2985.7827024839903,17922.694053374347,-77978.84142607643,-26060.050939512264,32581.609087901452,-84742.07732300591,21487.17408007795,8700.967352260957,-24418.65913717711,-56038.0458547487,8345.353411238546,-91796.66104122746,70065.17296580774,-54981.07589732127,42440.179353807456,-40500.369817590865,9746.718955098657,4284.427407529676,-19405.189157944398,115.04553435469789,18547.70796461072
-3798.780806424415,15632.908734258252,-7978.658926720252,-64703.53361881979,21861.641423715886,-35683.04660869589,-43387.52235973695,13742.444074681167,2311.5654840534753,-4035.910888731304,-43921.867124819684,32705.089572784273,-26667.156867431982,-14090.48405798242,-14285.960927896354,-15108.352190395892,16800.977642132064,15272.147320391045,-80051.76089054515,-19596.11373908269,25902.753520915125,-9052.058529598595,-2342.5779458833854,-14064.17477854053,61191.227921213176,20449.70037010347,-25567.09018936587,66498.45324494313,-16861.805089725734,-6827.985217036664,19161.997362922724,43974.44030205119,-6548.745006390947,72033.99740264894,-54981.07589732127,43144.66076664244,-33303.77405010746,31781.368500810542,-7648.538187313956,-3362.0063442237206,15227.761347224876,-90.54476073765355,-14555.034192018797
2932.039996712418,-12067.3449207565,6158.519964328583,49945.391228710796,-16875.937816100097,27543.869087574807,33490.92920330552,-10607.23736119224,-1783.9960168860239,3115.2704379342836,33903.85122864984,-25244.988936554975,20584.14532933877,10876.727480283518,11027.435564148076,11662.168539434831,-12969.518008251836,-11788.7292226273,61792.64457660261,15126.596505921834,-19994.97980438597,6986.694478888241,1807.8669066248729,10856.45186490065,-47233.96797385801,-15785.334304286242,19735.117610570825,-51330.5089890369,13016.368440372722,5270.485084520031,-14791.586242948742,-33944.754821563074,5055.00234938366,-55603.3202255734,42440.179353807456,-33303.77405010746,25707.754760889682,-24532.364066853588,5904.185031931345,2595.240104851777,-11754.698174562163,70.16789796917563,11235.484324436671
-2798.2093444276197,11515.575402658547,-5877.244244292136,-47662.14943092408,16103.854162415015,-26284.969062020726,-31960.25188583679,10122.914961427896,1702.7296306475068,-2972.9518725124944,-32353.884762855254,24091.31018352472,-19643.64240803422,-10379.37083935027,-10523.360667249452,-11129.16568757514,12376.06363689115,11249.818212928236,-58968.005883900194,-14435.025148851222,19080.600413609558,-6667.866281898079,-1725.58545483047,-10360.066103795545,45074.89605888282,15063.74803777861,-18833.290657505906,48984.310451424775,-12420.852502759215,-5029.601876275086,14115.203038985059,32392.64890908838,-4823.961799830548,53061.94023182441,-40500.369817590865,31781.368500810542,-24532.364066853588,23410.92049271884,-5634.116310781116,-2476.561111612517,11217.155853034927,-66.7194183137949,-10721.602055418398
673.1527131371242,-2771.477633480986,1414.192750300913,11470.525637998258,-3876.1322045204743,6325.634299903226,7691.36951414081,-2435.584063266734,-409.5201785672316,715.457686814746,7786.442311961901,-5797.545353898161,4727.121966193172,2498.0161056916177,2532.527984522521,2678.2541358464327,-2978.9594991498216,-2707.4075411080767,14191.250451649232,3474.1927684638827,-4592.224125561625,1604.0908157766678,415.0102154002155,2493.472319546072,-10847.711763836294,-3625.304941418149,4532.161382370578,-11788.386407652193,2989.677578831329,1210.2734543170948,-3397.167623629537,-7796.009939349393,1160.9001273872523,-12769.68332669375,9746.718955098657,-7648.538187313956,5904.185031931345,-5634.116310781116,1356.0923084056412,596.1062921924504,-2699.7351360516573,16.251114172469812,2580.4958679173715
295.77677011598763,-1218.2251500737923,621.6329723784576,5042.010670181468,-1703.7194418467507,2780.605416549134,3380.9136331711743,-1070.4783947607157,-180.02813191972587,314.6048580919751,3422.6229025193425,-2548.422483681848,2078.0110331456744,1097.9710822110935,1113.179108463191,1177.2491140782881,-1309.376652753224,-1190.0745159451574,6237.950721131441,1527.3714948466616,-2018.442535167065,704.9739449852923,182.5416545562985,1096.1911483064125,-4768.324447290364,-1593.626041217306,1992.2079413740073,-5181.741718644315,1314.1167083252644,531.8125153318491,-1493.2207895674856,-3426.7879591665,510.27651561900035,-5613.254376183633,4284.427407529676,-3362.0063442237206,2595.240104851777,-2476.561111612517,596.1062921924504,262.11145047110546,-1186.7092582701664,7.081471039280369,1134.2128600285814
-1340.457504657355,5517.724833311058,-2815.7653097551656,-22837.002583551926,7716.695194760451,-12594.017292176532,-15313.186910772556,4849.646663648112,815.545971426364,-1424.391005095138,-15502.211881360481,11542.782284351015,-9411.641076759215,-4973.308504097579,-5042.139100760515,-5332.339755356887,5930.510674711636,5390.264404709976,-28253.932523891282,-6916.6056335121275,9142.665227924213,-3194.1961619718163,-826.4448938866185,-4964.130621393015,21597.12618459,7217.6859758252795,-9023.469748081365,23470.138949594286,-5951.880671586983,-2409.7712387136567,6763.41088629329,15521.077337761784,-2311.3285201956655,25423.800465205764,-19405.189157944398,15227.761347224876,-11754.698174562163,11217.155853034927,-2699.7351360516573,-1186.7092582701664,5374.838964598196,-32.22243491704724,-5137.447230376467
7.749507650676813,-32.961788862309604,16.44824596271099,135.89461781247618,-46.71273296100159,74.57896960488587,90.65726122764254,-28.20730115606198,-4.503603878687814,8.263913054596697,92.31754653816893,-68.20146637796293,55.34699661716431,29.745371718330276,29.95681678364284,31.620715092978447,-36.03870228928949,-32.05874868962421,167.9156339109716,41.10710939400461,-54.90141700148447,18.381155385981334,4.411914471510998,29.610515442107424,-128.20623950391703,-42.86902386326991,53.24218387953221,-139.27011968025369,36.017838981456265,14.357035459678718,-40.53128274000995,-92.80703354272335,13.734362346944287,-150.6108112730055,115.04553435469789,-90.54476073765355,70.16789796917563,-66.7194183137949,16.251114172469812,7.081471039280369,-32.22243491704724,0.5440002955742175,30.94288300624107
1281.2860949464675,-5274.01039472699,2691.2952304851974,21828.137419544844,-7376.064510966425,12037.48144660103,14636.515714104455,-4635.3486043851935,-779.4186127675282,1361.3055227930008,14817.392570003649,-11032.706909430915,8995.5739461382,4753.693661374884,4819.403992459522,5096.760707210756,-5668.765107649562,-5152.13401662526,27005.705320679997,6610.816925623259,-8739.010805327134,3053.046558478878,789.7068416390007,4744.713487240966,-20642.886450934635,-6898.740856073428,8624.695019874127,-22433.203768384024,5689.122362752422,2303.4789418831615,-6464.740258807577,-14835.558406961876,2209.2304142264943,-24300.332168453024,18547.70796461072,-14555.034192018797,11235.484324436671,-10721.602055418398,2580.4958679173715,1134.2128600285814,-5137.447230376467,30.94288300624107,4910.653101568341
