V1,V2,V3,V4,V5,V6,V7,V8,V9,V10,V11,V12,V13,V14,V15,V16,V17,V18,V19,V20,V21,V22,V23,V24,V25,V26,V27,V28,V29,V30,V31,V32,V33,V34,V35,V36,V37,V38,V39,V40,V41,V42,V43,V44
4.970686305968709,-0.7968024288480633,-1.3069938257566933,1.0111785690635207,2.6663362363969987,-4.335022050781028,2.282764230091894,2.476472246435829,-0.6120377263203108,-0.7285548544760178,-9.265093600819021,-3.8518342281427462,-0.5626044957001585,-2.2338413420468917,-4.460587212937914,-2.9413179428421388,-1.6078842559633046,-2.761718185379412,-11.644819342024674,-8.194194652602606,-4.987891359019182,-3.39762962779893,5.855285379826827,6.277922078134285,4.768664077633442,-1.5337234606265475,0.3222001115846994,-4.369266349534044,-0.8809788171235049,-3.4317722793032246,2.191239919380116,3.9563510061082474,2.491217013187086,1.2433795377011867,6.151901572259052,4.599313868912226,1.0556483144269644,-3.318640541539021,-1.649726427085786,-1.3344105939457103,-2.1413739528642,1.249067842898841,0.5312607192543131,3.1441082467261805
-0.7968024288480633,0.631490796256841,-0.3841923697089112,-0.04625303175107254,-0.5887857840797762,2.3727882315136863,-1.1107028203514928,-0.8308056791454617,-0.09184213708839743,0.051588258406730356,3.251876442096336,2.591061084796833,-0.2773874054208836,0.6745381443913809,1.800360443046516,1.6618660258615903,0.7431209860479907,0.34309498651054743,3.5247354663980293,2.2465862992530194,2.13132573463388,0.8892591346303469,-1.6281638746506617,-2.1673323842366607,-1.925806138181989,1.030218576915294,-0.3675734778054772,1.753080696805233,0.18331893769072874,1.560627776441429,-0.28159387471393155,-1.761600971522868,-0.567954373390387,-1.3613577755383888,-2.329771795243139,-2.2922653725783717,-1.3838569370039595,1.0510996409000277,-0.43995471532222363,0.5582356488068657,0.6253004658509894,0.5605634199557133,0.39957692555389807,-0.8772375913686974
-1.3069938257566933,-0.3841923697089112,1.1151787028417226,-0.37899756450360833,-0.5025764656966707,-0.946601357690671,0.31574096798177426,-0.11710451545405044,0.35847315960729165,0.18050501531759336,0.22250025460467868,-1.4824385244266425,0.5821043249481681,0.19892795477766487,-0.19857430101784251,-0.7785795070561154,-0.20982580595370073,0.8746977061530452,0.9447123049258538,0.8747751675570822,-0.41406697515145185,0.44157852235075357,-0.6209621070318857,-0.21020211539724565,0.22846339111514477,-0.6037435634467698,0.31379878480467477,-0.2209502855225819,0.16498112063302436,-0.5039503638688777,-0.6918078214815829,0.37233405575227746,-0.48761155663959604,1.2139113938046435,0.14877602909826035,0.7084016595163549,1.289071748737155,0.148998744352968,1.203444051743078,-0.061946173032664933,0.12997598858799989,-1.259268008438133,-0.6357168701494158,-0.3732008084929057
1.0111785690635207,-0.04625303175107254,-0.37899756450360833,0.2860385854331717,0.529087957296041,-0.5315247875959769,0.3535040277432751,0.4653842185114303,-0.18175755281151415,-0.19205260221756645,-1.5202045916749776,-0.4218022965362882,-0.22202180377416378,-0.40397099526946667,-0.6823879710050275,-0.39760189924428113,-0.21808964997756403,-0.5719304155006392,-2.072678977752258,-1.5143311178314411,-0.7988735294635213,-0.6489915568365207,1.1206947677324528,1.0731701840182395,0.7806034637640683,-0.17233005061301376,0.0029179792950161094,-0.7005837561365035,-0.17818353388923389,-0.5794297386955141,0.4283518114234683,0.6301467254905414,0.44471002485295275,0.10220077895740974,1.058330943725264,0.6715492730153864,-0.0030500450288987522,-0.509131569137049,-0.5436051333298214,-0.20182428925188498,-0.3870924596635214,0.3787597145880109,0.22242990900507906,0.6147149248097382
2.6663362363969987,-0.5887857840797762,-0.5025764656966707,0.529087957296041,1.5126990079471254,-2.9282427024767608,1.485890174316778,1.5408336463690544,-0.24866240593418734,-0.4260629052265656,-5.634736403374055,-2.8132728524253943,-0.1712907703004161,-1.3252155704022786,-2.7962899624257447,-2.067729703350009,-1.0560244398208636,-1.4639813951469534,-6.922298061038853,-4.798982786396267,-3.217351946250553,-1.9948167952460827,3.411926134830648,3.839971716586734,3.0394199830831683,-1.1109229286934692,0.2938891395976018,-2.7613987004975185,-0.49752099774727976,-2.294240304564067,1.1445873240744162,2.5787887847093165,1.3816785391966335,1.154166508316536,3.849404460452163,3.0397942710694674,1.0048771726463175,-1.9636279744395693,-0.6928644964327008,-0.8470608945784246,-1.2864766651624338,0.38195798206927967,0.1455872491986115,1.872474438648229
-4.335022050781028,2.3727882315136863,-0.946601357690671,-0.5315247875959769,-2.9282427024767608,9.867099825180361,-4.579122270468887,-3.846666989017125,-0.14242810652497287,0.7858843639557141,14.624132718370541,10.640396740684006,-0.8155674553469043,3.150905652863453,7.876975994872687,7.148374307060246,3.2676217844818205,2.0696522957352173,16.430508814013383,10.988355021631582,9.43466675627423,4.389189647410118,-7.713066671956431,-9.817654033122567,-8.607309400742555,4.265765315377862,-1.4232556742538578,7.861835119081699,0.9688723859372979,7.142010021706335,-1.5909587293198975,-7.645647495693186,-2.700559231412109,-5.617294146073336,-10.519580258568949,-9.509771206925665,-5.4011561352018616,5.025934331137561,-0.773596062018825,2.4060461951130065,3.166014437627923,1.618425401964159,0.9642444798279978,-4.195937547342943
2.282764230091894,-1.1107028203514928,0.31574096798177426,0.3535040277432751,1.485890174316778,-4.579122270468887,2.2571823920066336,1.8616077997889717,-0.009055420267130328,-0.2969466363272173,-6.996331711448012,-4.8932029831957475,0.2648710926983917,-1.550318339670997,-3.7233614624879383,-3.248285718571563,-1.469955375912717,-1.0915674720931756,-7.967465097245822,-5.295521616052111,-4.433597962967657,-2.1399174997367423,3.8651615621844306,4.7143000480637065,4.061812447298178,-1.9620043920657173,0.6141815095442679,-3.696831991503001,-0.4825867607412814,-3.2821505211769635,0.8394172457305507,3.621111347679246,1.362031623398784,2.5100325320799612,5.024196017644649,4.555991468927196,2.423978264182299,-2.279465092034586,0.24493223828178173,-1.1519122328973805,-1.4544596868401978,-0.6364146528281774,-0.46299153280678246,2.084118162259306
2.476472246435829,-0.8308056791454617,-0.11710451545405044,0.4653842185114303,1.5408336463690544,-3.846666989017125,1.8616077997889717,1.846725590686529,-0.10373507413586991,-0.5193561257710717,-6.4749452667367295,-4.0094610730137985,0.06807811545007751,-1.485157156443843,-3.339620858313399,-2.862523752551222,-1.3445239095458084,-1.3187394662013192,-7.667345619493114,-5.2667646139065445,-4.018490547228995,-2.1854631907589552,3.682790994413249,4.460036084789029,3.7393673812069554,-1.5986921482675727,0.4999705283140382,-3.3730437315520025,-0.5041946371540479,-3.031049675509109,0.9752003446360855,3.2578100432139467,1.3555374102169657,2.0202215418109524,4.625122340584398,3.8558032001622458,1.766774903604471,-2.1975906343396847,-0.3302312398585641,-1.0249470457027645,-1.4660407163510325,-0.17822554545005,-0.09078333422084757,2.103949240697228
-0.6120377263203108,-0.09184213708839743,0.35847315960729165,-0.18175755281151415,-0.24866240593418734,-0.14242810652497287,-0.009055420267130328,-0.10373507413586991,0.21505166857247446,0.1245263072862009,0.40419251577178594,-0.3259453497479405,0.24346681180999907,0.14012465131194204,0.11042869768859628,-0.10749407973328938,-0.0038493279360917237,0.3414716009205298,0.7191495160970548,0.6381703405360792,0.07844991667970372,0.25452076735232676,-0.4781773397056925,-0.2783608080000634,-0.09538340401997084,-0.09651424685640911,0.0699595900519154,0.12033944863891939,0.08108120142186305,0.051183530998650764,-0.2758743809258844,-0.032061323955500605,-0.21125626401057132,0.2942503733387482,-0.2376842653058187,0.03918749093702117,0.3105091818700506,0.20923622853410354,0.513105822224224,0.007810014378158343,0.1493133171950437,-0.45758485642333385,-0.27956115398414205,-0.21514541150066588
-0.7285548544760178,0.051588258406730356,0.18050501531759336,-0.19205260221756645,-0.4260629052265656,0.7858843639557141,-0.2969466363272173,-0.5193561257710717,0.1245263072862009,0.47862405139172437,1.6416088520466816,0.8362969359608926,0.06797967350478538,0.39800531228161085,0.8125413865912269,0.8223588019696264,0.40056503395048876,0.41629792281437644,2.0877513232859037,1.7065661371326073,1.093676066763873,0.6938235691369602,-0.9932887096361949,-1.170718334872343,-1.014900666527805,0.3823609241756004,-0.1164546117609741,0.9541429290438571,0.16029453594440862,1.0656846075177728,-0.2655064572676252,-0.8068516169928599,-0.28276318069190426,-0.5781740957608904,-1.2883302827086627,-0.7034975498500455,-0.3345714103625335,0.775212345446315,0.5137933442342015,0.20750593236212872,0.5883053994412598,-0.14820377554724534,-0.3439876306912278,-0.6006723309724314
-9.265093600819021,3.251876442096336,0.22250025460467868,-1.5202045916749776,-5.634736403374055,14.624132718370541,-6.996331711448012,-6.4749452667367295,0.40419251577178594,1.6416088520466816,24.374152358297373,15.042068255259922,-0.3685993501646943,5.477699204450699,12.633098732105417,10.504357365384273,5.052147740003092,4.809250851769614,28.571691878710492,19.54599916973896,14.848797107250936,7.9413397814591855,-13.727015674006877,-16.44230631942095,-13.758064527311008,6.023856475912507,-1.8328719896287762,12.576680608378005,1.8716943769521546,11.006324786071454,-3.744403227101407,-11.935507731861337,-5.188047993580263,-7.2826751086387915,-17.094026815079026,-14.445967885383935,-6.787844772090118,8.558650363070338,0.7892863162568312,3.822824488237485,5.478587894601609,0.5741243038801709,0.44645408456648933,-7.473337109165372
-3.8518342281427462,2.591061084796833,-1.4824385244266425,-0.4218022965362882,-2.8132728524253943,10.640396740684006,-4.8932029831957475,-4.0094610730137985,-0.3259453497479405,0.8362969359608926,15.042068255259922,11.781937635347571,-1.103608920916066,3.1971970359024313,8.245685372325866,7.860016051293365,3.490552103319055,1.7316737808165816,16.633093988285683,11.065080538919414,10.057714653425972,4.407308283685061,-7.7383611529783405,-10.121519717291175,-9.11413701344989,4.726829073420956,-1.613455202684762,8.311477408067757,0.9366618250578528,7.797424277099167,-1.2745758758914638,-8.15819716485658,-2.5145463188099724,-6.534311369932331,-11.068549362991304,-10.175072766990574,-6.22636855783696,5.110428469034437,-1.2648122447356052,2.5318585538918126,3.274304111613706,2.3058546461749794,1.2343303302006916,-4.24686489736309
-0.5626044957001585,-0.2773874054208836,0.5821043249481681,-0.22202180377416378,-0.1712907703004161,-0.8155674553469043,0.2648710926983917,0.06807811545007751,0.24346681180999907,0.06797967350478538,-0.3685993501646943,-1.103608920916066,0.37485067943628475,0.003242346217799214,-0.3593479605527291,-0.6332679264753426,-0.23326630131216816,0.3624376732999578,-0.03475076710623748,0.12737579395956028,-0.5004818374254804,0.07950936519655602,-0.1576802269077401,0.22103235465019153,0.3994436009065049,-0.4292868586046448,0.20918629172195663,-0.35806654707708674,0.057951958974846264,-0.44890142074159595,-0.28377695626011856,0.4308940195437669,-0.14909408588362189,0.7783449280279283,0.3629944649529012,0.6321547197253682,0.8042480595340409,-0.10790162874099621,0.7008842769160829,-0.11963127600264145,-0.034069074063736396,-0.7093343054255726,-0.37969264841529904,-0.05855719056911105
-2.2338413420468917,0.6745381443913809,0.19892795477766487,-0.40397099526946667,-1.3252155704022786,3.150905652863453,-1.550318339670997,-1.485157156443843,0.14012465131194204,0.39800531228161085,5.477699204450699,3.1971970359024313,0.003242346217799214,1.2687728275195111,2.792506956150331,2.2600886754946963,1.0873532593396409,1.1792327762339627,6.507639230847195,4.490214891015329,3.2852003974805237,1.8437660949362666,-3.1754019013089843,-3.7192675901278602,-3.0697028605786003,1.2873728496290826,-0.3622943670552162,2.799057270968841,0.4374892171078657,2.4242151442933997,-0.9045255052575794,-2.645858858429923,-1.2119438128821294,-1.5129941902460287,-3.828592940132381,-3.158890274865704,-1.3730689549098878,1.899183768009414,0.3358957881724622,0.8540712625576519,1.2359787537273343,-0.010701059195649896,0.028036671282198847,-1.7462322802494694
-4.460587212937914,1.800360443046516,-0.19857430101784251,-0.6823879710050275,-2.7962899624257447,7.876975994872687,-3.7233614624879383,-3.339620858313399,0.11042869768859628,0.8125413865912269,12.633098732105417,8.245685372325866,-0.3593479605527291,2.792506956150331,6.640592390748056,5.696927582595146,2.699438620980176,2.2643799894531433,14.62437343262371,9.94212114495853,7.8522629227162435,4.01674281293667,-6.967266559052491,-8.505705432092208,-7.228995585343088,3.301603568048142,-1.0470069144943353,6.613809740332343,0.929195772311255,5.880861739549938,-1.7617148774840499,-6.317700684329359,-2.5613881200374347,-4.130925142429615,-8.946198416920732,-7.715017020698457,-3.8897841149701966,4.428158756707824,0.08302333400895541,2.0065182878863483,2.8249586767762414,0.64889181065745,0.40027722858832687,-3.7859177035623364
-2.9413179428421388,1.6618660258615903,-0.7785795070561154,-0.39760189924428113,-2.067729703350009,7.148374307060246,-3.248285718571563,-2.862523752551222,-0.10749407973328938,0.8223588019696264,10.504357365384273,7.860016051293365,-0.6332679264753426,2.2600886754946963,5.696927582595146,5.433410729056485,2.4509285288925553,1.3994980803723815,11.822034858420528,8.051828619490125,6.991760740841393,3.2250677913489296,-5.500155170927661,-7.12466684137766,-6.3531672689519345,3.1773037281760654,-1.095167957624982,5.805147735305826,0.6932084808992485,5.535028121975561,-1.0147482915468642,-5.632052553732859,-1.7849541219609923,-4.398525506369206,-7.757230736495727,-6.83042558380896,-4.0539807469123295,3.7010277405576244,-0.4246011989586849,1.7158001778741994,2.4208976066553265,1.3081436321555693,0.5469491858332415,-3.0701011191614516
-1.6078842559633046,0.7431209860479907,-0.20982580595370073,-0.21808964997756403,-1.0560244398208636,3.2676217844818205,-1.469955375912717,-1.3445239095458084,-0.0038493279360917237,0.40056503395048876,5.052147740003092,3.490552103319055,-0.23326630131216816,1.0873532593396409,2.699438620980176,2.4509285288925553,1.1584387451380713,0.8109583924131858,5.781425749955217,3.95713509975166,3.2404445887401385,1.5880678551228387,-2.677691715736438,-3.4087538798714108,-2.9612858173901455,1.401412142931959,-0.4798489525759518,2.714573275710216,0.35731924778129476,2.5140315604370396,-0.6203318684943804,-2.5926814692255533,-0.9439055311138763,-1.8516746342332928,-3.63581237141899,-3.121671943701756,-1.709916841975931,1.8382346500221878,-0.04348776056393295,0.798346350491177,1.1786533639897843,0.40437629557158533,0.15793923635234808,-1.480882432900053
-2.761718185379412,0.34309498651054743,0.8746977061530452,-0.5719304155006392,-1.4639813951469534,2.0696522957352173,-1.0915674720931756,-1.3187394662013192,0.3414716009205298,0.41629792281437644,4.809250851769614,1.7316737808165816,0.3624376732999578,1.1792327762339627,2.2643799894531433,1.3994980803723815,0.8109583924131858,1.5903414557343858,6.16762591871917,4.353685890182335,2.500985554609614,1.8381355166146403,-3.0698586657338773,-3.2890061243857,-2.430363746540776,0.6691729457334489,-0.12222907495597173,2.2057680902204435,0.4822342480074572,1.675221295909401,-1.2577381594140198,-1.9843127705708918,-1.3689676940782567,-0.4303683796250832,-3.1258373760604514,-2.2340995392395095,-0.2949141631012112,1.731798017107878,1.0442112822171852,0.6800209461339322,1.1259399325640618,-0.8443623207641249,-0.37513056373533665,-1.696937340890836
-11.644819342024674,3.5247354663980293,0.9447123049258538,-2.072678977752258,-6.922298061038853,16.430508814013383,-7.967465097245822,-7.667345619493114,0.7191495160970548,2.0877513232859037,28.571691878710492,16.633093988285683,-0.03475076710623748,6.507639230847195,14.62437343262371,11.822034858420528,5.781425749955217,6.16762591871917,34.01454902585359,23.426850186500808,17.125998396675932,9.58369054022123,-16.467068527934398,-19.3386637248008,-15.94791020047048,6.642318810843574,-1.9506133890861634,14.560413022040313,2.305649159874899,12.638011638862727,-4.795460581741871,-13.724913274519583,-6.323073031889399,-7.805314828841653,-19.940655619613977,-16.430392930366978,-7.109443146535883,10.06539109549515,1.7945776327572296,4.409719920717949,6.521492893926946,-0.12221698506273555,0.05012676437166007,-8.987515823476203
-8.194194652602606,2.2465862992530194,0.8747751675570822,-1.5143311178314411,-4.798982786396267,10.988355021631582,-5.295521616052111,-5.2667646139065445,0.6381703405360792,1.7065661371326073,19.54599916973896,11.065080538919414,0.12737579395956028,4.490214891015329,9.94212114495853,8.051828619490125,3.95713509975166,4.353685890182335,23.426850186500808,16.40474994471318,11.706977073560331,6.684961048547019,-11.40124399869858,-13.244104241076814,-10.906755305621655,4.475986128869663,-1.28460642776219,10.008498225104095,1.6144951970216932,8.807952535952545,-3.350251323738737,-9.305358258242107,-4.327683282950242,-5.248368425382018,-13.703783501140594,-10.93934717237626,-4.659986163458016,7.080018738238551,1.691526606235404,2.964282121301194,4.632859927670867,-0.3840367838024034,-0.32131577455897276,-6.21283627177868
-4.987891359019182,2.13132573463388,-0.41406697515145185,-0.7988735294635213,-3.217351946250553,9.43466675627423,-4.433597962967657,-4.018490547228995,0.07844991667970372,1.093676066763873,14.848797107250936,10.057714653425972,-0.5004818374254804,3.2852003974805237,7.8522629227162435,6.991760740841393,3.2404445887401385,2.500985554609614,17.125998396675932,11.706977073560331,9.45410252105573,4.733334911238468,-8.150823534136833,-10.057388515011223,-8.678704538971969,4.048165335657585,-1.302486200312139,7.924512911940007,1.075287623109471,7.258678990607584,-1.8828068720160562,-7.605685116403776,-2.8608051152486995,-5.2835243478715235,-10.711308287051164,-9.20515987317862,-4.86406568521839,5.1909737758414884,0.04242569980614719,2.3753202457891307,3.3854587270464487,1.0299125740181605,0.48065204575302595,-4.4876535439942495
-3.39762962779893,0.8892591346303469,0.44157852235075357,-0.6489915568365207,-1.9948167952460827,4.389189647410118,-2.1399174997367423,-2.1854631907589552,0.25452076735232676,0.6938235691369602,7.9413397814591855,4.407308283685061,0.07950936519655602,1.8437660949362666,4.01674281293667,3.2250677913489296,1.5880678551228387,1.8381355166146403,9.58369054022123,6.684961048547019,4.733334911238468,2.761902965145024,-4.65385104326892,-5.418608727802256,-4.433499651512062,1.7660024420438714,-0.49961521704443496,4.040701384662083,0.6656737604140585,3.5362485519069824,-1.40523013724701,-3.7817690476039973,-1.7850198071282772,-2.0664206691496547,-5.554478667435001,-4.416766075681911,-1.7873083829572978,2.8223843719133863,0.7510149213980948,1.2093947964696414,1.8696022708022293,-0.20468808594587448,-0.1393431823109499,-2.585995947399447
5.855285379826827,-1.6281638746506617,-0.6209621070318857,1.1206947677324528,3.411926134830648,-7.713066671956431,3.8651615621844306,3.682790994413249,-0.4781773397056925,-0.9932887096361949,-13.727015674006877,-7.7383611529783405,-0.1576802269077401,-3.1754019013089843,-6.967266559052491,-5.500155170927661,-2.677691715736438,-3.0698586657338773,-16.467068527934398,-11.40124399869858,-8.150823534136833,-4.65385104326892,8.148163890290135,9.285831490735996,7.598540293137413,-3.118213759433989,0.8577117969232579,-6.953899888282702,-1.136203813433877,-5.994767977824019,2.3805912724474676,6.525637173715539,3.105648876545719,3.5673966454101382,9.599759149117512,7.833926855630371,3.25116154986659,-4.784844112471277,-1.1006750600777169,-2.103859289513415,-3.125481691896341,0.27685928185471775,0.07347412141435895,4.379236088943701
6.277922078134285,-2.1673323842366607,-0.21020211539724565,1.0731701840182395,3.839971716586734,-9.817654033122567,4.7143000480637065,4.460036084789029,-0.2783608080000634,-1.170718334872343,-16.44230631942095,-10.121519717291175,0.22103235465019153,-3.7192675901278602,-8.505705432092208,-7.12466684137766,-3.4087538798714108,-3.2890061243857,-19.3386637248008,-13.244104241076814,-10.057388515011223,-5.418608727802256,9.285831490735996,11.164465353456928,9.334387460454993,-4.051089805185774,1.2448241162364024,-8.498745958066682,-1.2677886630220458,-7.489499450887381,2.527556316332489,8.111092839275855,3.4898711001871323,4.949726743169946,11.582041119183756,9.745461275489316,4.526089220163492,-5.718374692539859,-0.6362650603246748,-2.580424136973067,-3.7021306972539616,-0.38764192433725975,-0.2717127696266276,5.135314473196596
4.768664077633442,-1.925806138181989,0.22846339111514477,0.7806034637640683,3.0394199830831683,-8.607309400742555,4.061812447298178,3.7393673812069554,-0.09538340401997084,-1.014900666527805,-13.758064527311008,-9.11413701344989,0.3994436009065049,-3.0697028605786003,-7.228995585343088,-6.3531672689519345,-2.9612858173901455,-2.430363746540776,-15.94791020047048,-10.906755305621655,-8.678704538971969,-4.433499651512062,7.598540293137413,9.334387460454993,7.999250425746349,-3.660279469245723,1.1577968492586361,-7.289322246923919,-1.0135713630799807,-6.61778213384456,1.8316290096630408,6.990447952859848,2.7174981674542686,4.722036084254224,9.865608129743629,8.426601327259059,4.322980628564352,-4.792000537254574,-0.159267848255801,-2.1965893896782167,-3.1293985756793523,-0.8050677465803371,-0.3932821666050049,4.207353655276438
-1.5337234606265475,1.030218576915294,-0.6037435634467698,-0.17233005061301376,-1.1109229286934692,4.265765315377862,-1.9620043920657173,-1.5986921482675727,-0.09651424685640911,0.3823609241756004,6.023856475912507,4.726829073420956,-0.4292868586046448,1.2873728496290826,3.301603568048142,3.1773037281760654,1.401412142931959,0.6691729457334489,6.642318810843574,4.475986128869663,4.048165335657585,1.7660024420438714,-3.118213759433989,-4.051089805185774,-3.660279469245723,1.926298022064265,-0.6525721566636512,3.3577725510457577,0.3702956374854364,3.187226711727765,-0.4864590576946838,-3.276967802366397,-0.9837539038039027,-2.663106070674303,-4.462426376670221,-4.061916942448388,-2.533802948158776,2.0817491884715564,-0.47140501874750534,1.0040100932626728,1.3356532050159593,0.9225383802502013,0.4547765674915656,-1.698348817706351
0.3222001115846994,-0.3675734778054772,0.31379878480467477,0.0029179792950161094,0.2938891395976018,-1.4232556742538578,0.6141815095442679,0.4999705283140382,0.0699595900519154,-0.1164546117609741,-1.8328719896287762,-1.613455202684762,0.20918629172195663,-0.3622943670552162,-1.0470069144943353,-1.095167957624982,-0.4798489525759518,-0.12222907495597173,-1.9506133890861634,-1.28460642776219,-1.302486200312139,-0.49961521704443496,0.8577117969232579,1.2448241162364024,1.1577968492586361,-0.6525721566636512,0.2659670129494111,-1.0560588488076197,-0.09206042254569911,-1.0477936526968992,0.08546744863031946,1.0661168723067707,0.24789271785161515,0.9483451950468702,1.3891948258850348,1.3310731294879876,0.9068776207757278,-0.6393174550304642,0.26228218578916557,-0.3109251570128473,-0.3992129574114011,-0.427474063012139,-0.20470912495938848,0.48985416216413286
-4.369266349534044,1.753080696805233,-0.2209502855225819,-0.7005837561365035,-2.7613987004975185,7.861835119081699,-3.696831991503001,-3.3730437315520025,0.12033944863891939,0.9541429290438571,12.576680608378005,8.311477408067757,-0.35806654707708674,2.799057270968841,6.613809740332343,5.805147735305826,2.714573275710216,2.2057680902204435,14.560413022040313,10.008498225104095,7.924512911940007,4.040701384662083,-6.953899888282702,-8.498745958066682,-7.289322246923919,3.3577725510457577,-1.0560588488076197,6.67716029705987,0.9249508018003347,6.072117462230909,-1.6736672087666937,-6.355234221260657,-2.473566665211814,-4.30842161871653,-9.017233724497693,-7.661581835392156,-3.970970603469769,4.452292032716093,0.1690146251662664,1.995966033986943,2.8922940331631817,0.7017652221043811,0.31060441362879226,-3.8057430696695675
-0.8809788171235049,0.18331893769072874,0.16498112063302436,-0.17818353388923389,-0.49752099774727976,0.9688723859372979,-0.4825867607412814,-0.5041946371540479,0.08108120142186305,0.16029453594440862,1.8716943769521546,0.9366618250578528,0.057951958974846264,0.4374892171078657,0.929195772311255,0.6932084808992485,0.35731924778129476,0.4822342480074572,2.305649159874899,1.6144951970216932,1.075287623109471,0.6656737604140585,-1.136203813433877,-1.2677886630220458,-1.0135713630799807,0.3702956374854364,-0.09206042254569911,0.9249508018003347,0.17077828792206687,0.7838435970853772,-0.3749662964646594,-0.8492290061750061,-0.4537027281666149,-0.3972096209972322,-1.2878960373404302,-0.9912370138633236,-0.3377584315404747,0.6733893397393306,0.24719505029883307,0.2763202262083251,0.4463627422368122,-0.13503226712547223,-0.07377596283866693,-0.6136713228756573
-3.4317722793032246,1.560627776441429,-0.5039503638688777,-0.5794297386955141,-2.294240304564067,7.142010021706335,-3.2821505211769635,-3.031049675509109,0.051183530998650764,1.0656846075177728,11.006324786071454,7.797424277099167,-0.44890142074159595,2.4242151442933997,5.880861739549938,5.535028121975561,2.5140315604370396,1.675221295909401,12.638011638862727,8.807952535952545,7.258678990607584,3.5362485519069824,-5.994767977824019,-7.489499450887381,-6.61778213384456,3.187226711727765,-1.0477936526968992,6.072117462230909,0.7838435970853772,5.850859945832262,-1.2010325773387982,-5.791057002705971,-1.9253989569618846,-4.390921353663362,-8.170616494232444,-6.868752988595628,-3.922440592539965,3.9717217181456363,0.07480205056109804,1.7487645358588124,2.6699590575966883,0.986596715551496,0.23095942535808706,-3.325856230072712
2.191239919380116,-0.28159387471393155,-0.6918078214815829,0.4283518114234683,1.1445873240744162,-1.5909587293198975,0.8394172457305507,0.9752003446360855,-0.2758743809258844,-0.2655064572676252,-3.744403227101407,-1.2745758758914638,-0.28377695626011856,-0.9045255052575794,-1.7617148774840499,-1.0147482915468642,-0.6203318684943804,-1.2577381594140198,-4.795460581741871,-3.350251323738737,-1.8828068720160562,-1.40523013724701,2.3805912724474676,2.527556316332489,1.8316290096630408,-0.4864590576946838,0.08546744863031946,-1.6736672087666937,-0.3749662964646594,-1.2010325773387982,1.027812697734053,1.4927014480070009,1.1014910624587235,0.2242237109975596,2.369021379071463,1.7218346652641388,0.182473561423925,-1.3634627299728959,-0.7811075583140562,-0.5231197506947679,-0.8556446161257919,0.7100468386696263,0.2768275898400109,1.2813678977730776
3.9563510061082474,-1.761600971522868,0.37233405575227746,0.6301467254905414,2.5787887847093165,-7.645647495693186,3.621111347679246,3.2578100432139467,-0.032061323955500605,-0.8068516169928599,-11.935507731861337,-8.15819716485658,0.4308940195437669,-2.645858858429923,-6.317700684329359,-5.632052553732859,-2.5926814692255533,-1.9843127705708918,-13.724913274519583,-9.305358258242107,-7.605685116403776,-3.7817690476039973,6.525637173715539,8.111092839275855,6.990447952859848,-3.276967802366397,1.0661168723067707,-6.355234221260657,-0.8492290061750061,-5.791057002705971,1.4927014480070009,6.1669346836376535,2.302463986194631,4.276495003587946,8.599907088339894,7.5000510346564395,3.953610461081087,-4.079037039244793,0.07914952202513291,-1.9253001714118552,-2.6540277127196874,-0.9190363574413898,-0.4998265766389993,3.628827676530737
2.491217013187086,-0.567954373390387,-0.48761155663959604,0.44471002485295275,1.3816785391966335,-2.700559231412109,1.362031623398784,1.3555374102169657,-0.21125626401057132,-0.28276318069190426,-5.188047993580263,-2.5145463188099724,-0.14909408588362189,-1.2119438128821294,-2.5613881200374347,-1.7849541219609923,-0.9439055311138763,-1.3689676940782567,-6.323073031889399,-4.327683282950242,-2.8608051152486995,-1.7850198071282772,3.105648876545719,3.4898711001871323,2.7174981674542686,-0.9837539038039027,0.24789271785161515,-2.473566665211814,-0.4537027281666149,-1.9253989569618846,1.1014910624587235,2.302463986194631,1.341243658583798,0.9065723874008277,3.4286151450433384,2.7782163527590966,0.8675239570149065,-1.8071200759835966,-0.535687235383396,-0.7818811675021501,-1.1226169750253367,0.401387275511032,0.06303235540828452,1.6700174860550498
1.2433795377011867,-1.3613577755383888,1.2139113938046435,0.10220077895740974,1.154166508316536,-5.617294146073336,2.5100325320799612,2.0202215418109524,0.2942503733387482,-0.5781740957608904,-7.2826751086387915,-6.534311369932331,0.7783449280279283,-1.5129941902460287,-4.130925142429615,-4.398525506369206,-1.8516746342332928,-0.4303683796250832,-7.805314828841653,-5.248368425382018,-5.2835243478715235,-2.0664206691496547,3.5673966454101382,4.949726743169946,4.722036084254224,-2.663106070674303,0.9483451950468702,-4.30842161871653,-0.3972096209972322,-4.390921353663362,0.2242237109975596,4.276495003587946,0.9065723874008277,4.020424453228858,5.680458316317026,5.257835597165917,3.7101926940474477,-2.491575499921791,0.9451440854250037,-1.2575720841680906,-1.681123541951431,-1.7396413090913434,-0.7157847294444882,2.014650673627046
6.151901572259052,-2.329771795243139,0.14877602909826035,1.058330943725264,3.849404460452163,-10.519580258568949,5.024196017644649,4.625122340584398,-0.2376842653058187,-1.2883302827086627,-17.094026815079026,-11.068549362991304,0.3629944649529012,-3.828592940132381,-8.946198416920732,-7.757230736495727,-3.63581237141899,-3.1258373760604514,-19.940655619613977,-13.703783501140594,-10.711308287051164,-5.554478667435001,9.599759149117512,11.582041119183756,9.865608129743629,-4.462426376670221,1.3891948258850348,-9.017233724497693,-1.2878960373404302,-8.170616494232444,2.369021379071463,8.599907088339894,3.4286151450433384,5.680458316317026,12.262026162678985,10.367149067099179,5.196409593284902,-5.984627580468741,-0.44093176047281024,-2.6967902071079606,-3.917494726851959,-0.7800297614567813,-0.3490835922943326,5.252213518170654
4.599313868912226,-2.2922653725783717,0.7084016595163549,0.6715492730153864,3.0397942710694674,-9.509771206925665,4.555991468927196,3.8558032001622458,0.03918749093702117,-0.7034975498500455,-14.445967885383935,-10.175072766990574,0.6321547197253682,-3.158890274865704,-7.715017020698457,-6.83042558380896,-3.121671943701756,-2.2340995392395095,-16.430392930366978,-10.93934717237626,-9.20515987317862,-4.416766075681911,7.833926855630371,9.745461275489316,8.426601327259059,-4.061916942448388,1.3310731294879876,-7.661581835392156,-0.9912370138633236,-6.868752988595628,1.7218346652641388,7.5000510346564395,2.7782163527590966,5.257835597165917,10.367149067099179,9.364411722564071,5.040374275392466,-4.81290109698762,0.5227578072048965,-2.370381294086383,-3.065422988477294,-1.363295366178904,-0.9116581205462104,4.2685476213594304
1.0556483144269644,-1.3838569370039595,1.289071748737155,-0.0030500450288987522,1.0048771726463175,-5.4011561352018616,2.423978264182299,1.766774903604471,0.3105091818700506,-0.3345714103625335,-6.787844772090118,-6.22636855783696,0.8042480595340409,-1.3730689549098878,-3.8897841149701966,-4.0539807469123295,-1.709916841975931,-0.2949141631012112,-7.109443146535883,-4.659986163458016,-4.86406568521839,-1.7873083829572978,3.25116154986659,4.526089220163492,4.322980628564352,-2.533802948158776,0.9068776207757278,-3.970970603469769,-0.3377584315404747,-3.922440592539965,0.182473561423925,3.953610461081087,0.8675239570149065,3.7101926940474477,5.196409593284902,5.040374275392466,3.6057090350495664,-2.2997005629637335,1.1966519387906542,-1.192085462775329,-1.4630722703729881,-1.7349329399679554,-0.8685232697803188,1.7441854327465425
-3.318640541539021,1.0510996409000277,0.148998744352968,-0.509131569137049,-1.9636279744395693,5.025934331137561,-2.279465092034586,-2.1975906343396847,0.20923622853410354,0.775212345446315,8.558650363070338,5.110428469034437,-0.10790162874099621,1.899183768009414,4.428158756707824,3.7010277405576244,1.8382346500221878,1.731798017107878,10.06539109549515,7.080018738238551,5.1909737758414884,2.8223843719133863,-4.784844112471277,-5.718374692539859,-4.792000537254574,2.0817491884715564,-0.6393174550304642,4.452292032716093,0.6733893397393306,3.9717217181456363,-1.3634627299728959,-4.079037039244793,-1.8071200759835966,-2.491575499921791,-5.984627580468741,-4.81290109698762,-2.2997005629637335,3.2803778000488353,0.49704553762501724,1.2914011000532177,2.0827601436035272,0.013216024515714943,-0.10563366066359184,-2.55359998195515
-1.649726427085786,-0.43995471532222363,1.203444051743078,-0.5436051333298214,-0.6928644964327008,-0.773596062018825,0.24493223828178173,-0.3302312398585641,0.513105822224224,0.5137933442342015,0.7892863162568312,-1.2648122447356052,0.7008842769160829,0.3358957881724622,0.08302333400895541,-0.4246011989586849,-0.04348776056393295,1.0442112822171852,1.7945776327572296,1.691526606235404,0.04242569980614719,0.7510149213980948,-1.1006750600777169,-0.6362650603246748,-0.159267848255801,-0.47140501874750534,0.26228218578916557,0.1690146251662664,0.24719505029883307,0.07480205056109804,-0.7811075583140562,0.07914952202513291,-0.535687235383396,0.9451440854250037,-0.44093176047281024,0.5227578072048965,1.1966519387906542,0.49704553762501724,1.6763062928926318,-0.03135117242182281,0.4479180703120355,-1.4086605178760667,-0.9643150321660334,-0.6210133180951894
-1.3344105939457103,0.5582356488068657,-0.061946173032664933,-0.20182428925188498,-0.8470608945784246,2.4060461951130065,-1.1519122328973805,-1.0249470457027645,0.007810014378158343,0.20750593236212872,3.822824488237485,2.5318585538918126,-0.11963127600264145,0.8540712625576519,2.0065182878863483,1.7158001778741994,0.798346350491177,0.6800209461339322,4.409719920717949,2.964282121301194,2.3753202457891307,1.2093947964696414,-2.103859289513415,-2.580424136973067,-2.1965893896782167,1.0040100932626728,-0.3109251570128473,1.995966033986943,0.2763202262083251,1.7487645358588124,-0.5231197506947679,-1.9253001714118552,-0.7818811675021501,-1.2575720841680906,-2.6967902071079606,-2.370381294086383,-1.192085462775329,1.2914011000532177,-0.03135117242182281,0.6267448970400602,0.8249595425430861,0.23037837316619095,0.17808055416978247,-1.1565586427528385
-2.1413739528642,0.6253004658509894,0.12997598858799989,-0.3870924596635214,-1.2864766651624338,3.166014437627923,-1.4544596868401978,-1.4660407163510325,0.1493133171950437,0.5883053994412598,5.478587894601609,3.274304111613706,-0.034069074063736396,1.2359787537273343,2.8249586767762414,2.4208976066553265,1.1786533639897843,1.1259399325640618,6.521492893926946,4.632859927670867,3.3854587270464487,1.8696022708022293,-3.125481691896341,-3.7021306972539616,-3.1293985756793523,1.3356532050159593,-0.3992129574114011,2.8922940331631817,0.4463627422368122,2.6699590575966883,-0.8556446161257919,-2.6540277127196874,-1.1226169750253367,-1.681123541951431,-3.917494726851959,-3.065422988477294,-1.4630722703729881,2.0827601436035272,0.4479180703120355,0.8249595425430861,1.387087047143954,-2.736883888642881e-4,-0.14819199159585858,-1.6995268459057455
1.249067842898841,0.5605634199557133,-1.259268008438133,0.3787597145880109,0.38195798206927967,1.618425401964159,-0.6364146528281774,-0.17822554545005,-0.45758485642333385,-0.14820377554724534,0.5741243038801709,2.3058546461749794,-0.7093343054255726,-0.010701059195649896,0.64889181065745,1.3081436321555693,0.40437629557158533,-0.8443623207641249,-0.12221698506273555,-0.3840367838024034,1.0299125740181605,-0.20468808594587448,0.27685928185471775,-0.38764192433725975,-0.8050677465803371,0.9225383802502013,-0.427474063012139,0.7017652221043811,-0.13503226712547223,0.986596715551496,0.7100468386696263,-0.9190363574413898,0.401387275511032,-1.7396413090913434,-0.7800297614567813,-1.363295366178904,-1.7349329399679554,0.013216024515714943,-1.4086605178760667,0.23037837316619095,-2.736883888642881e-4,1.570365835433702,0.8234775501792476,0.08991989822413868
0.5312607192543131,0.39957692555389807,-0.6357168701494158,0.22242990900507906,0.1455872491986115,0.9642444798279978,-0.46299153280678246,-0.09078333422084757,-0.27956115398414205,-0.3439876306912278,0.44645408456648933,1.2343303302006916,-0.37969264841529904,0.028036671282198847,0.40027722858832687,0.5469491858332415,0.15793923635234808,-0.37513056373533665,0.05012676437166007,-0.32131577455897276,0.48065204575302595,-0.1393431823109499,0.07347412141435895,-0.2717127696266276,-0.3932821666050049,0.4547765674915656,-0.20470912495938848,0.31060441362879226,-0.07377596283866693,0.23095942535808706,0.2768275898400109,-0.4998265766389993,0.06303235540828452,-0.7157847294444882,-0.3490835922943326,-0.9116581205462104,-0.8685232697803188,-0.10563366066359184,-0.9643150321660334,0.17808055416978247,-0.14819199159585858,0.8234775501792476,0.6736341244528075,0.02784442145305758
3.1441082467261805,-0.8772375913686974,-0.3732008084929057,0.6147149248097382,1.872474438648229,-4.195937547342943,2.084118162259306,2.103949240697228,-0.21514541150066588,-0.6006723309724314,-7.473337109165372,-4.24686489736309,-0.05855719056911105,-1.7462322802494694,-3.7859177035623364,-3.0701011191614516,-1.480882432900053,-1.696937340890836,-8.987515823476203,-6.21283627177868,-4.4876535439942495,-2.585995947399447,4.379236088943701,5.135314473196596,4.207353655276438,-1.698348817706351,0.48985416216413286,-3.8057430696695675,-0.6136713228756573,-3.325856230072712,1.2813678977730776,3.628827676530737,1.6700174860550498,2.014650673627046,5.252213518170654,4.2685476213594304,1.7441854327465425,-2.55359998195515,-0.6210133180951894,-1.1565586427528385,-1.6995268459057455,0.08991989822413868,0.02784442145305758,2.471260403088482
