V1,V2,V3,V4,V5,V6,V7,V8,V9,V10,V11,V12,V13,V14,V15,V16,V17,V18,V19,V20,V21,V22,V23,V24,V25,V26,V27,V28,V29,V30,V31,V32,V33,V34,V35,V36,V37,V38,V39,V40,V41,V42,V43,V44
302.40471294614144,97.1730876389762,-249.28516259773502,90.13305620571154,110.98227137883319,230.18341675445325,-84.8956438540118,12.805526721198206,-98.27929656312149,-62.357753977720314,-41.45801344777432,353.5826213547325,-140.85347973115842,-38.28419495566616,47.08260087897728,174.41598704270766,42.10930729219079,-194.5739029803208,-212.26676916995586,-220.97005424608207,94.97159960053314,-99.07775684686176,147.24151489576073,32.49065136706738,-60.95256898998468,137.99859542753038,-70.52208408799008,46.972936288547366,-39.68863722846236,93.97153686549088,156.850276252759,-98.71625283324467,101.99274638602789,-275.72825391884106,-28.468427725090216,-183.62815715958152,-292.98826390132376,-60.646815651351126,-305.39846085907413,23.660878565135967,-48.33141355142565,305.1364141052344,178.45365634898508,71.17353883788147
97.1730876389762,31.81633671740263,-80.84522659424144,28.98749799852154,35.635888427748746,74.40178871572236,-27.29093323296924,4.176262572041566,-30.98849622453152,-20.19053749566873,-13.225584942013208,113.89806998057296,-45.32419341998105,-12.633100046997711,15.38607658416697,56.59453279991327,14.095980049376958,-62.764559190089614,-68.39842401109921,-71.38889573500343,30.638789547038783,-32.20641062327927,47.56228614198533,10.422579150586742,-19.334232177396565,44.46210874841853,-23.424328104975256,15.090188743414057,-12.970461234284299,30.300224865965433,50.2678394793571,-32.0696490219494,32.82969295457477,-88.18729035649923,-9.244161640801922,-59.62279824894051,-94.46076780981154,-19.18507330353248,-98.18405000981598,7.386710768398051,-15.622378096235291,98.29391798864549,57.61790710685719,23.117145135085543
-249.28516259773502,-80.84522659424144,206.46579740024498,-74.36948523393947,-91.49095719424007,-190.30540946091543,69.98798112587146,-10.572278643508627,80.28050038451332,51.60671003844606,34.11421258793035,-291.75841947905695,116.19918004917494,32.05300658896314,-39.146811710847366,-144.45408892328297,-35.385155535721225,160.7129273373278,175.25679915952455,182.64138468635701,-78.44541068105029,82.16557593714236,-121.74739689559615,-26.7664021938814,49.865815883365855,-113.9164402475551,59.14740012859555,-38.64441893591055,32.99681003044686,-77.53868575727934,-129.11099719630636,81.79159392226968,-84.16416571718028,226.80850036047673,23.5600413255107,152.16775960434512,241.88548438516386,49.63229338828649,251.79943107833085,-19.222400692830877,40.04488899508943,-251.79967722592815,-147.43525852095394,-59.00236839838528
90.13305620571154,28.98749799852154,-74.36948523393947,27.23845146990498,33.14681234119301,68.62812542805285,-25.26415684071996,3.4932842226840783,-29.436092523441772,-18.551888795753126,-12.57926068629344,105.28347340166117,-42.032614638888255,-11.699616561602138,14.097175847624674,51.96731413696161,12.246015488516065,-58.0476304431405,-63.293365051534884,-65.83234741884795,28.43995610170436,-29.58423964778886,44.14942218107927,9.645153782015889,-17.937038107192855,41.198315644883166,-21.180732634893324,13.724068754545346,-11.850045008971666,27.810970341660315,46.653634121451866,-29.23773741168652,30.452935640455664,-82.43814309170973,-8.422613108878467,-54.71541603557158,-87.1485741320672,-18.142305828337747,-90.97138875739992,7.119468627680469,-14.70085530049705,90.76224753030121,53.22006504628429,21.289088058302603
110.98227137883319,35.635888427748746,-91.49095719424007,33.14681234119301,40.937380003883916,84.59060899446492,-31.195915000332832,4.384026344783508,-36.23212545916171,-22.889501608730058,-15.2464966317979,130.0699978851384,-51.68211734311335,-14.196537895546717,17.199420203935325,63.98550480370882,15.321488508797174,-71.65348537307463,-77.95724228309622,-81.14510132303792,35.04916063886395,-36.39864815012508,54.15647409437448,11.976686111005888,-22.269272435466753,50.78880294211357,-25.84942537191125,17.17601059116868,-14.60160324006659,34.383672423049696,57.61552780306264,-36.25261269973504,37.42308555382544,-101.3679491992003,-10.503147793349592,-67.24853219340729,-107.48005777418891,-22.37197980817028,-112.17125734025585,8.709898151021807,-17.92438240483264,111.87601198080102,65.63284325333089,26.10968977370321
230.18341675445325,74.40178871572236,-190.30540946091543,68.62812542805285,84.59060899446492,175.94547994568327,-64.842746417542,9.482629461234435,-74.59180055960888,-47.565859474854705,-31.09438854709608,270.13609534483896,-107.31920317988504,-29.32142167477903,36.10231897526143,133.3557521068991,32.481566874739926,-148.49339601706328,-161.38427747096648,-168.31238186097912,72.81202180579439,-75.59833046215584,112.11932562918443,24.567892489038787,-46.47491792028085,105.38029128476623,-54.12995943843152,36.00496867940553,-30.363548375126413,71.79485974596983,119.43878119048956,-75.66304139600368,77.5980803547353,-209.9556921141064,-22.109331369549388,-140.32150342938547,-223.4771685318262,-45.93943924586158,-232.7367245809061,17.97711085211662,-36.84507284415241,232.55461598249056,136.2654080176742,54.20808008869353
-84.8956438540118,-27.29093323296924,69.98798112587146,-25.26415684071996,-31.195915000332832,-64.842746417542,24.021484942423452,-3.490349603699894,27.660930624846717,17.502176737016033,11.372741749054867,-99.79764970716133,39.600753783211054,10.64234247954815,-13.25130749425325,-49.0865597387409,-11.874300513019556,54.739421404187134,59.40698295211678,61.96631997987524,-26.89372109605625,27.751697767540616,-41.193988166331046,-9.07502888569447,17.31232452373899,-38.86873269387745,19.688914968462043,-13.40252447455954,11.150850613114736,-26.542696057554217,-44.146681706462786,27.886555868807474,-28.618573208709428,77.5900150613377,8.217408635869171,51.62365647405443,82.46714551334058,17.016061068092252,85.93226336011315,-6.742745774052098,13.487503235608449,-85.81216493548563,-50.25890326398775,-19.880450149402417
12.805526721198206,4.176262572041566,-10.572278643508627,3.4932842226840783,4.384026344783508,9.482629461234435,-3.490349603699894,1.313354304761432,-3.6596710149951823,-2.654646006693018,-1.7305096889599005,14.342842793583113,-5.920946367977278,-1.3243444385499143,1.9798734562286884,7.3809844981080674,2.2593747911982924,-7.856236099465097,-9.058706578203466,-9.467172675553897,3.490533857151032,-4.239102463692616,5.992611642638754,1.4472647598624824,-2.698063754435417,5.505291097028131,-3.0349335617706887,2.083789045585753,-1.6338251290379922,4.165611571174609,6.600992279055242,-4.214587404970194,4.258596196442411,-11.025304946828076,-1.0554978398369848,-7.930508561067322,-12.468149643895307,-2.307884722021913,-12.714651784241209,0.786087660895292,-1.6189884891958028,13.136509483990311,7.275724688049645,3.0549264961499296
-98.27929656312149,-30.98849622453152,80.28050038451332,-29.436092523441772,-36.23212545916171,-74.59180055960888,27.660930624846717,-3.6596710149951823,32.87320183391814,20.14321272838935,13.479275546701516,-115.14701058235278,45.74794396221736,12.213144440209984,-15.141837094848034,-56.219258964908896,-12.84111089132807,63.21245655896211,68.67504987087449,71.30301845485123,-31.12326070276913,31.741260910232583,-47.67969516456026,-10.460104664669974,20.09678145570196,-44.98354282750154,22.110169787779682,-15.35183206066872,12.71858018797884,-30.417486809411944,-51.13535657298832,31.759818063789787,-33.151470232004996,90.47414319299367,9.30892395358306,59.065065507839485,94.98741772358484,20.16294565236779,99.41157678263959,-8.11381177890762,15.809711195352659,-98.87006530476488,-57.93882996646402,-22.848008945371497
-62.357753977720314,-20.19053749566873,51.60671003844606,-18.551888795753126,-22.889501608730058,-47.565859474854705,17.502176737016033,-2.654646006693018,20.14321272838935,12.957135320777006,8.548897795738846,-73.00780479871759,29.06116069136679,7.967785368678109,-9.79508013799235,-36.111074313191025,-8.800419168820062,40.204046041708224,43.8801597518557,45.68182748713698,-19.60223737004051,20.504780127198963,-30.42447878133486,-6.715396808102438,12.506799118213781,-28.50927183222684,14.72588207501398,-9.731714861421349,8.268484032499774,-19.401628005957694,-32.31151887660296,20.44536210927641,-21.09353566148474,56.756201218148014,5.87118054800232,38.04780990683494,60.55119046107206,12.475403209458086,63.05068966833182,-4.877226872243282,10.005439203772532,-62.99939803164665,-36.896416118106586,-14.74813632269892
-41.45801344777432,-13.225584942013208,34.11421258793035,-12.57926068629344,-15.2464966317979,-31.09438854709608,11.372741749054867,-1.7305096889599005,13.479275546701516,8.548897795738846,6.3408428562918875,-47.60414875038986,19.249218034740974,5.547134123964243,-6.310299491585423,-23.580022002641343,-5.430363792607165,26.571140615767966,29.55475300693447,30.46918357119313,-12.665951788275382,13.706330269112362,-20.548918986427662,-4.668914302645506,7.8709064707745835,-18.72266602402913,9.784389540021783,-5.931280938322543,5.456931918121176,-12.44694666576426,-21.337177853591747,13.08301146669739,-14.09334773818623,37.63882366303883,3.4372588538523425,24.897078056389446,39.72363743364714,8.474906461461897,41.60093043705143,-3.1742567394744845,6.934068356027394,-41.486036809498245,-24.25364824562257,-9.93588968653176
353.5826213547325,113.89806998057296,-291.75841947905695,105.28347340166117,130.0699978851384,270.13609534483896,-99.79764970716133,14.342842793583113,-115.14701058235278,-73.00780479871759,-47.60414875038986,415.77742607213605,-164.81840094594327,-44.646367822296426,55.142044893883586,204.5643237813318,49.52770842531463,-228.28015985387287,-247.7996057880315,-258.4264700358609,112.07823350481368,-115.81726361106435,171.9527449077606,37.9056436673057,-71.74432626403329,161.9777511248958,-82.35993551339998,55.65397091278307,-46.57050826979521,110.3782214598155,183.8017323540822,-116.13965034853751,119.1868947730561,-322.9197111121271,-34.117639463275594,-214.9522452173783,-343.35297259259954,-70.90403005679258,-357.83881497289383,27.975395905884394,-56.4191119150128,357.2644045600659,209.54698530240782,83.00800562132598
-140.85347973115842,-45.32419341998105,116.19918004917494,-42.032614638888255,-51.68211734311335,-107.31920317988504,39.600753783211054,-5.920946367977278,45.74794396221736,29.06116069136679,19.249218034740974,-164.81840094594327,65.68067058571471,17.859431177222,-22.005520246964405,-81.33672079477562,-19.646285475688728,90.64284369234758,98.82265431495372,102.92370733344468,-44.31529315626037,46.14950963102763,-68.59920176387293,-15.097143392028023,28.416780384772107,-64.31391157272513,32.925146178021166,-21.921296897566805,18.51886795515848,-43.817401352721724,-73.04876301629953,46.04019852443858,-47.54345993586171,128.48700468799072,13.308322992989048,85.6555970541556,136.56061066793555,28.216189444342184,142.3249864723757,-11.070481970236672,22.527613691339166,-142.2004434170468,-83.1794427751184,-33.150971926570165
-38.28419495566616,-12.633100046997711,32.05300658896314,-11.699616561602138,-14.196537895546717,-29.32142167477903,10.64234247954815,-1.3243444385499143,12.213144440209984,7.967785368678109,5.547134123964243,-44.646367822296426,17.859431177222,5.4139399617269905,-6.066238165365175,-22.271654407370217,-5.368321889440791,24.890365492417708,27.190783712719337,28.269564905326238,-12.12683471583739,12.876506659445917,-19.130300276773077,-4.158503729530752,7.197656024522976,-17.57465583627378,9.539149471151829,-5.5608662178570505,5.182403559290772,-11.630395622986015,-19.669744365496697,12.485126262246547,-13.00154371011538,34.79963927952112,3.4762789866081474,23.46173811693588,36.981372670229334,7.6336881406834864,38.57791563223024,-2.8289252296246983,6.560046874815326,-38.484197018735905,-22.731949717365154,-9.278921931955281
47.08260087897728,15.38607658416697,-39.146811710847366,14.097175847624674,17.199420203935325,36.10231897526143,-13.25130749425325,1.9798734562286884,-15.141837094848034,-9.79508013799235,-6.310299491585423,55.142044893883586,-22.005520246964405,-6.066238165365175,7.6270211034434645,27.468464849670916,6.714729793031299,-30.295233080002593,-32.95146622689381,-34.37176613626989,14.915580873019799,-15.477852436423882,22.968811094359662,4.8752065221872245,-9.501436877590908,21.593898107203213,-11.332194096503732,7.396599839832435,-6.25620482659143,14.741117636155275,24.304977246039748,-15.542080391149206,15.953162178352388,-42.951171782914024,-4.53470090768253,-29.05295498476591,-45.845955895739976,-9.301747157683801,-47.61942096866876,3.691268511856886,-7.570427105630012,47.64112197300256,27.85603849410643,11.151282050540553
174.41598704270766,56.59453279991327,-144.45408892328297,51.96731413696161,63.98550480370882,133.3557521068991,-49.0865597387409,7.3809844981080674,-56.219258964908896,-36.111074313191025,-23.580022002641343,204.5643237813318,-81.33672079477562,-22.271654407370217,27.468464849670916,101.23552129459422,24.870447839505395,-112.4738156417889,-122.39793582326162,-127.6863781357604,55.054531681762874,-57.40589773326458,85.01754856112765,18.629685857660956,-35.134706511740255,79.79420757060596,-41.303400313582536,27.284297652295162,-23.083785298132668,54.44881932343993,90.41625078018903,-57.412041178482085,58.84084309578421,-158.78665585773254,-16.706407082004414,-106.58373330968546,-169.44435534078391,-34.66024389588196,-176.31877475037487,13.534026386385289,-27.863866480486568,176.33516809546742,103.27203324974965,41.17469589312102
42.10930729219079,14.095980049376958,-35.385155535721225,12.246015488516065,15.321488508797174,32.481566874739926,-11.874300513019556,2.2593747911982924,-12.84111089132807,-8.800419168820062,-5.430363792607165,49.52770842531463,-19.646285475688728,-5.368321889440791,6.714729793031299,24.870447839505395,6.870695558887607,-27.196900192018017,-29.645659097711043,-31.1878011973077,13.150108074928065,-14.16580773783855,20.472996215143343,4.558452807954054,-8.485791908376013,19.177268466297306,-10.45155672700081,6.732295636108486,-5.680244157113468,13.418664690296435,21.82748722803836,-14.2873812026595,14.101544672538804,-37.61706557303399,-4.155246105614144,-26.192271519129903,-41.217410797151985,-7.95338357294391,-42.51683864182027,2.9233288877710457,-6.45315238948681,42.94559581535814,25.031026811196057,10.063152995012437
-194.5739029803208,-62.764559190089614,160.7129273373278,-58.0476304431405,-71.65348537307463,-148.49339601706328,54.739421404187134,-7.856236099465097,63.21245655896211,40.204046041708224,26.571140615767966,-228.28015985387287,90.64284369234758,24.890365492417708,-30.295233080002593,-112.4738156417889,-27.196900192018017,125.67584953618679,136.6961726359569,142.41558244097465,-61.49441652635241,63.92794626566861,-94.93291822224329,-20.969331730665797,39.06477038763838,-89.0733934829639,45.5962615641777,-30.26617404931869,25.68686274803463,-60.45690746459612,-100.9869088671064,63.749323442189116,-65.64367363344738,177.4933831813821,18.505852475681127,118.22821829540305,188.69259594752222,39.05247890726316,196.72741092370003,-15.218464551603713,31.31104558901664,-196.3807231078213,-115.22190656816103,-45.86956097946815
-212.26676916995586,-68.39842401109921,175.25679915952455,-63.293365051534884,-77.95724228309622,-161.38427747096648,59.40698295211678,-9.058706578203466,68.67504987087449,43.8801597518557,29.55475300693447,-247.7996057880315,98.82265431495372,27.190783712719337,-32.95146622689381,-122.39793582326162,-29.645659097711043,136.6961726359569,149.5679084890011,155.54197958192503,-66.4045807647363,69.83365485353502,-103.71556719645821,-23.08741233149367,42.30130720367022,-96.7601604664698,49.86619438436547,-32.6628053491314,28.002854838084684,-65.68671812720204,-109.97901976349675,69.153441769944,-71.71357673027131,193.09291665913213,19.648779127061296,128.8739868769649,205.52270699719128,42.591153935460795,214.25996084703692,-16.444404543188877,34.14896138540306,-214.08428189751484,-125.29649313062434,-50.207553211052634
-220.97005424608207,-71.38889573500343,182.64138468635701,-65.83234741884795,-81.14510132303792,-168.31238186097912,61.96631997987524,-9.467172675553897,71.30301845485123,45.68182748713698,30.46918357119313,-258.4264700358609,102.92370733344468,28.269564905326238,-34.37176613626989,-127.6863781357604,-31.1878011973077,142.41558244097465,155.54197958192503,161.98689701365592,-69.30724811170042,72.76806594669716,-107.88634007762495,-23.974919744640726,44.16801010234303,-100.81421872378434,52.04760910579626,-34.17473219311212,29.188116981550362,-68.60329694760222,-114.55402042223137,72.27146264948269,-74.57007025664008,200.93832839431556,20.697924102057847,134.37726421487585,214.17341828536567,44.16229167486467,223.13413855544792,-17.061358597238925,35.41816474198631,-223.07181666853896,-130.5999410405152,-52.239403398619174
94.97159960053314,30.638789547038783,-78.44541068105029,28.43995610170436,35.04916063886395,72.81202180579439,-26.89372109605625,3.490533857151032,-31.12326070276913,-19.60223737004051,-12.665951788275382,112.07823350481368,-44.31529315626037,-12.12683471583739,14.915580873019799,55.054531681762874,13.150108074928065,-61.49441652635241,-66.4045807647363,-69.30724811170042,30.456070662960794,-31.08075019774383,46.2614525940877,10.040366227829123,-19.28422590533377,43.71868081907812,-22.185131900934355,14.97387727226591,-12.526750430770935,29.65729659298115,49.372681321792555,-31.271570164492392,32.0337635908591,-87.11012592135496,-9.327669681703386,-57.82489985661357,-92.29103690777585,-19.10629939705146,-96.2347656227579,7.609562415749829,-15.336553769778341,95.92499878541143,56.43582368777025,22.276915836294325
-99.07775684686176,-32.20641062327927,82.16557593714236,-29.58423964778886,-36.39864815012508,-75.59833046215584,27.751697767540616,-4.239102463692616,31.741260910232583,20.504780127198963,13.706330269112362,-115.81726361106435,46.14950963102763,12.876506659445917,-15.477852436423882,-57.40589773326458,-14.16580773783855,63.92794626566861,69.83365485353502,72.76806594669716,-31.08075019774383,32.81477568340914,-48.5216733924574,-10.755712098365656,19.625722664952725,-45.215177290177145,23.660554073956025,-15.18906762208112,13.144146002431336,-30.71529795401413,-51.29113251267771,32.477366285675096,-33.420393491036506,89.92428501144039,9.277882110546765,60.43512292278637,96.03219110225685,19.674351482204408,99.96731026159912,-7.500358485027055,15.978578247317257,-100.02366218610317,-58.59801905988275,-23.535126829378513
147.24151489576073,47.56228614198533,-121.74739689559615,44.14942218107927,54.15647409437448,112.11932562918443,-41.193988166331046,5.992611642638754,-47.67969516456026,-30.42447878133486,-20.548918986427662,171.9527449077606,-68.59920176387293,-19.130300276773077,22.968811094359662,85.01754856112765,20.472996215143343,-94.93291822224329,-103.71556719645821,-107.88634007762495,46.2614525940877,-48.5216733924574,72.16548203167977,15.915808207454225,-29.18053300466022,67.23482684790366,-34.83818229706808,22.49398373754929,-19.465458992932305,45.46853590942605,76.1967072649638,-47.97301303983141,49.76513000379875,-134.11851207652447,-13.66303653633085,-89.50876376875001,-142.49979905760452,-29.53112140136172,-148.60822110651193,11.39846932497546,-23.9276967627692,148.40502567723445,86.9878078557041,34.89357062927672
32.49065136706738,10.422579150586742,-26.7664021938814,9.645153782015889,11.976686111005888,24.567892489038787,-9.07502888569447,1.4472647598624824,-10.460104664669974,-6.715396808102438,-4.668914302645506,37.9056436673057,-15.097143392028023,-4.158503729530752,4.8752065221872245,18.629685857660956,4.558452807954054,-20.969331730665797,-23.08741233149367,-23.974919744640726,10.040366227829123,-10.755712098365656,15.915808207454225,3.7367379996715724,-6.382407383999368,14.729739130052067,-7.556518882101231,4.927424028318973,-4.3040312242784085,9.97700182523822,16.896566424261966,-10.512047456006638,10.966753109689883,-29.37693125990067,-2.9163241187858655,-19.53526411780635,-31.388961122460145,-6.553449507331934,-32.782102756365965,2.48627557894647,-5.206815859182884,32.74931216534773,19.20090575158478,7.69376138037733
-60.95256898998468,-19.334232177396565,49.865815883365855,-17.937038107192855,-22.269272435466753,-46.47491792028085,17.31232452373899,-2.698063754435417,20.09678145570196,12.506799118213781,7.8709064707745835,-71.74432626403329,28.416780384772107,7.197656024522976,-9.501436877590908,-35.134706511740255,-8.485791908376013,39.06477038763838,42.30130720367022,44.16801010234303,-19.28422590533377,19.625722664952725,-29.18053300466022,-6.382407383999368,12.892296668449832,-27.85500007547214,13.678983051716143,-9.945888577504652,7.861018390773281,-19.300003694297054,-31.825335699679865,20.055508985468613,-20.456476126397686,55.88038324926741,6.04580800097576,36.96040713581515,59.29967760465706,12.237349572910473,61.74989796689094,-4.9886843709691036,9.349458609924989,-61.72010054433953,-35.95365478452659,-14.04808489449779
137.99859542753038,44.46210874841853,-113.9164402475551,41.198315644883166,50.78880294211357,105.38029128476623,-38.86873269387745,5.505291097028131,-44.98354282750154,-28.50927183222684,-18.72266602402913,161.9777511248958,-64.31391157272513,-17.57465583627378,21.593898107203213,79.79420757060596,19.177268466297306,-89.0733934829639,-96.7601604664698,-100.81421872378434,43.71868081907812,-45.215177290177145,67.23482684790366,14.729739130052067,-27.85500007547214,63.2402989492246,-32.26004663601327,21.57000449323974,-18.183020452339015,42.95058795583653,71.61863422927854,-45.23518284218468,46.570210587876154,-126.11319761669698,-13.21405935846646,-83.93533218169627,-133.8968471596983,-27.720587350016974,-139.58529406311763,10.899144572441411,-22.189146199799122,139.2917801049451,81.69644985271039,32.46092540807737
-70.52208408799008,-23.424328104975256,59.14740012859555,-21.180732634893324,-25.84942537191125,-54.12995943843152,19.688914968462043,-3.0349335617706887,22.110169787779682,14.72588207501398,9.784389540021783,-82.35993551339998,32.925146178021166,9.539149471151829,-11.332194096503732,-41.303400313582536,-10.45155672700081,45.5962615641777,49.86619438436547,52.04760910579626,-22.185131900934355,23.660554073956025,-34.83818229706808,-7.556518882101231,13.678983051716143,-32.26004663601327,17.622590620244846,-10.69023186874455,9.529684693210145,-21.875378615675224,-36.28569457520446,23.33446621273386,-23.886916094035985,63.72942587602196,6.597175241952792,43.651057821581894,68.5469032810546,13.751186552490918,71.11384693173824,-5.156851493918573,11.566737710367432,-71.31097913982006,-41.82444684978724,-16.98974370093248
46.972936288547366,15.090188743414057,-38.64441893591055,13.724068754545346,17.17601059116868,36.00496867940553,-13.40252447455954,2.083789045585753,-15.35183206066872,-9.731714861421349,-5.931280938322543,55.65397091278307,-21.921296897566805,-5.5608662178570505,7.396599839832435,27.284297652295162,6.732295636108486,-30.26617404931869,-32.6628053491314,-34.17473219311212,14.97387727226591,-15.18906762208112,22.49398373754929,4.927424028318973,-9.945888577504652,21.57000449323974,-10.69023186874455,7.834959453703463,-6.157875998679798,14.976240024803976,24.53765788365831,-15.645832299793001,15.819676260970471,-42.967220401784424,-4.74628736089534,-28.67297358823393,-45.93402656340889,-9.383913251560886,-47.74855314503859,3.851153086350726,-7.177394376205034,47.719634709598964,27.899044218753655,10.87402831137234
-39.68863722846236,-12.970461234284299,32.99681003044686,-11.850045008971666,-14.60160324006659,-30.363548375126413,11.150850613114736,-1.6338251290379922,12.71858018797884,8.268484032499774,5.456931918121176,-46.57050826979521,18.51886795515848,5.182403559290772,-6.25620482659143,-23.083785298132668,-5.680244157113468,25.68686274803463,28.002854838084684,29.188116981550362,-12.526750430770935,13.144146002431336,-19.465458992932305,-4.3040312242784085,7.861018390773281,-18.183020452339015,9.529684693210145,-6.157875998679798,5.3239143415130865,-12.32685930241678,-20.53966578221871,13.071062035477194,-13.447754346423986,36.05305912549314,3.745001530110809,24.292880336582318,38.57654741503209,7.900310715877924,40.1584594724083,-3.0666569332090523,6.429469079776708,-40.120173492768956,-23.573484433324506,-9.438579238136459
93.97153686549088,30.300224865965433,-77.53868575727934,27.810970341660315,34.383672423049696,71.79485974596983,-26.542696057554217,4.165611571174609,-30.417486809411944,-19.401628005957694,-12.44694666576426,110.3782214598155,-43.817401352721724,-11.630395622986015,14.741117636155275,54.44881932343993,13.418664690296435,-60.45690746459612,-65.68671812720204,-68.60329694760222,29.65729659298115,-30.71529795401413,45.46853590942605,9.97700182523822,-19.300003694297054,42.95058795583653,-21.875378615675224,14.976240024803976,-12.32685930241678,29.568569298851568,48.855662644504186,-30.987543116126883,31.623575117576458,-85.66535340909131,-9.137212878435143,-57.32524619397306,-91.39971366818617,-18.688462744164795,-95.05845543089575,7.391327788950304,-14.72150663009303,95.136389640896,55.5706278246564,22.009569357857128
156.850276252759,50.2678394793571,-129.11099719630636,46.653634121451866,57.61552780306264,119.43878119048956,-44.146681706462786,6.600992279055242,-51.13535657298832,-32.31151887660296,-21.337177853591747,183.8017323540822,-73.04876301629953,-19.669744365496697,24.304977246039748,90.41625078018903,21.82748722803836,-100.9869088671064,-109.97901976349675,-114.55402042223137,49.372681321792555,-51.29113251267771,76.1967072649638,16.896566424261966,-31.825335699679865,71.61863422927854,-36.28569457520446,24.53765788365831,-20.53966578221871,48.855662644504186,81.52904726046185,-51.26011931174653,52.82858732746299,-143.1410854347412,-14.916243849950675,-95.07473167562792,-152.0433292818258,-31.51370256735857,-158.52043704610386,12.366818344928983,-24.93938563649239,158.3438136895575,92.65108865457073,36.78611251038675
-98.71625283324467,-32.0696490219494,81.79159392226968,-29.23773741168652,-36.25261269973504,-75.66304139600368,27.886555868807474,-4.214587404970194,31.759818063789787,20.44536210927641,13.08301146669739,-116.13965034853751,46.04019852443858,12.485126262246547,-15.542080391149206,-57.412041178482085,-14.2873812026595,63.749323442189116,69.153441769944,72.27146264948269,-31.271570164492392,32.477366285675096,-47.97301303983141,-10.512047456006638,20.055508985468613,-45.23518284218468,23.33446621273386,-15.645832299793001,13.071062035477194,-30.987543116126883,-51.26011931174653,32.732985202956506,-33.23833349585453,89.84681024031252,9.636471053653512,60.405159403072794,96.08149388212334,19.550739637614157,99.89853438967423,-7.6265131564723765,15.640533214201785,-99.9352258103272,-58.53348509217067,-23.221481273879785
101.99274638602789,32.82969295457477,-84.16416571718028,30.452935640455664,37.42308555382544,77.5980803547353,-28.618573208709428,4.258596196442411,-33.151470232004996,-21.09353566148474,-14.09334773818623,119.1868947730561,-47.54345993586171,-13.00154371011538,15.953162178352388,58.84084309578421,14.101544672538804,-65.64367363344738,-71.71357673027131,-74.57007025664008,32.0337635908591,-33.420393491036506,49.76513000379875,10.966753109689883,-20.456476126397686,46.570210587876154,-23.886916094035985,15.819676260970471,-13.447754346423986,31.623575117576458,52.82858732746299,-33.23833349585453,34.53505014792956,-93.03638200272175,-9.503199145292456,-62.02019540134832,-98.8600603314256,-20.521038777079607,-103.0717226764156,8.051317268814035,-16.41464677212893,102.9052768054162,60.218926583504256,24.07036237848004
-275.72825391884106,-88.18729035649923,226.80850036047673,-82.43814309170973,-101.3679491992003,-209.9556921141064,77.5900150613377,-11.025304946828076,90.47414319299367,56.756201218148014,37.63882366303883,-322.9197111121271,128.48700468799072,34.79963927952112,-42.951171782914024,-158.78665585773254,-37.61706557303399,177.4933831813821,193.09291665913213,200.93832839431556,-87.11012592135496,89.92428501144039,-134.11851207652447,-29.37693125990067,55.88038324926741,-126.11319761669698,63.72942587602196,-42.967220401784424,36.05305912549314,-85.66535340909131,-143.1410854347412,89.84681024031252,-93.03638200272175,252.46287155221268,26.176312940078,167.12803925699473,267.09093996466345,55.68192666865849,278.7091268611882,-22.01935214945079,44.270484766719846,-278.02064955279326,-162.77834695898727,-64.64658456981685
-28.468427725090216,-9.244161640801922,23.5600413255107,-8.422613108878467,-10.503147793349592,-22.109331369549388,8.217408635869171,-1.0554978398369848,9.30892395358306,5.87118054800232,3.4372588538523425,-34.117639463275594,13.308322992989048,3.4762789866081474,-4.53470090768253,-16.706407082004414,-4.155246105614144,18.505852475681127,19.648779127061296,20.697924102057847,-9.327669681703386,9.277882110546765,-13.66303653633085,-2.9163241187858655,6.04580800097576,-13.21405935846646,6.597175241952792,-4.74628736089534,3.745001530110809,-9.137212878435143,-14.916243849950675,9.636471053653512,-9.503199145292456,26.176312940078,3.090320338935074,17.48696971209626,27.906359366243237,5.611687290420353,28.977375259441406,-2.3052616227643377,4.4164673961931316,-28.94488397843957,-17.05068779750405,-6.5617281155349065
-183.62815715958152,-59.62279824894051,152.16775960434512,-54.71541603557158,-67.24853219340729,-140.32150342938547,51.62365647405443,-7.930508561067322,59.065065507839485,38.04780990683494,24.897078056389446,-214.9522452173783,85.6555970541556,23.46173811693588,-29.05295498476591,-106.58373330968546,-26.192271519129903,118.22821829540305,128.8739868769649,134.37726421487585,-57.82489985661357,60.43512292278637,-89.50876376875001,-19.53526411780635,36.96040713581515,-83.93533218169627,43.651057821581894,-28.67297358823393,24.292880336582318,-57.32524619397306,-95.07473167562792,60.405159403072794,-62.02019540134832,167.12803925699473,17.48696971209626,112.44541740104722,178.4178675791639,36.43786304917574,185.54144839355067,-14.216068786725906,29.354470094196753,-185.64725653052807,-108.55559808842366,-43.39163038720032
-292.98826390132376,-94.46076780981154,241.88548438516386,-87.1485741320672,-107.48005777418891,-223.4771685318262,82.46714551334058,-12.468149643895307,94.98741772358484,60.55119046107206,39.72363743364714,-343.35297259259954,136.56061066793555,36.981372670229334,-45.845955895739976,-169.44435534078391,-41.217410797151985,188.69259594752222,205.52270699719128,214.17341828536567,-92.29103690777585,96.03219110225685,-142.49979905760452,-31.388961122460145,59.29967760465706,-133.8968471596983,68.5469032810546,-45.93402656340889,38.57654741503209,-91.39971366818617,-152.0433292818258,96.08149388212334,-98.8600603314256,267.09093996466345,27.906359366243237,178.4178675791639,284.42178345651155,58.58080089664088,296.2071521554813,-22.98937676662473,46.65370984483298,-296.0320965538263,-173.20429581186752,-68.92691750990635
-60.646815651351126,-19.18507330353248,49.63229338828649,-18.142305828337747,-22.37197980817028,-45.93943924586158,17.016061068092252,-2.307884722021913,20.16294565236779,12.475403209458086,8.474906461461897,-70.90403005679258,28.216189444342184,7.6336881406834864,-9.301747157683801,-34.66024389588196,-7.95338357294391,39.05247890726316,42.591153935460795,44.16229167486467,-19.10629939705146,19.674351482204408,-29.53112140136172,-6.553449507331934,12.237349572910473,-27.720587350016974,13.751186552490918,-9.383913251560886,7.900310715877924,-18.688462744164795,-31.51370256735857,19.550739637614157,-20.521038777079607,55.68192666865849,5.611687290420353,36.43786304917574,58.58080089664088,12.47726027754953,61.31794607452408,-4.951790104242554,9.83108538801959,-60.992740510021314,-35.75964175632637,-14.196990230628096
-305.39846085907413,-98.18405000981598,251.79943107833085,-90.97138875739992,-112.17125734025585,-232.7367245809061,85.93226336011315,-12.714651784241209,99.41157678263959,63.05068966833182,41.60093043705143,-357.83881497289383,142.3249864723757,38.57791563223024,-47.61942096866876,-176.31877475037487,-42.51683864182027,196.72741092370003,214.25996084703692,223.13413855544792,-96.2347656227579,99.96731026159912,-148.60822110651193,-32.782102756365965,61.74989796689094,-139.58529406311763,71.11384693173824,-47.74855314503859,40.1584594724083,-95.05845543089575,-158.52043704610386,99.89853438967423,-103.0717226764156,278.7091268611882,28.977375259441406,185.54144839355067,296.2071521554813,61.31794607452408,308.7727512234072,-24.10605524081655,48.7864718312383,-308.33227792299425,-180.50833961534835,-71.78862438076085
23.660878565135967,7.386710768398051,-19.222400692830877,7.119468627680469,8.709898151021807,17.97711085211662,-6.742745774052098,0.786087660895292,-8.11381177890762,-4.877226872243282,-3.1742567394744845,27.975395905884394,-11.070481970236672,-2.8289252296246983,3.691268511856886,13.534026386385289,2.9233288877710457,-15.218464551603713,-16.444404543188877,-17.061358597238925,7.609562415749829,-7.500358485027055,11.39846932497546,2.48627557894647,-4.9886843709691036,10.899144572441411,-5.156851493918573,3.851153086350726,-3.0666569332090523,7.391327788950304,12.366818344928983,-7.6265131564723765,8.051317268814035,-22.01935214945079,-2.3052616227643377,-14.216068786725906,-22.98937676662473,-4.951790104242554,-24.10605524081655,2.16772094024051,-3.7796019126905898,23.867174468520975,14.032193818417584,5.42363961900581
-48.33141355142565,-15.622378096235291,40.04488899508943,-14.70085530049705,-17.92438240483264,-36.84507284415241,13.487503235608449,-1.6189884891958028,15.809711195352659,10.005439203772532,6.934068356027394,-56.4191119150128,22.527613691339166,6.560046874815326,-7.570427105630012,-27.863866480486568,-6.45315238948681,31.31104558901664,34.14896138540306,35.41816474198631,-15.336553769778341,15.978578247317257,-23.9276967627692,-5.206815859182884,9.349458609924989,-22.189146199799122,11.566737710367432,-7.177394376205034,6.429469079776708,-14.72150663009303,-24.93938563649239,15.640533214201785,-16.41464677212893,44.270484766719846,4.4164673961931316,29.354470094196753,46.65370984483298,9.83108538801959,48.7864718312383,-3.7796019126905898,8.186424570942105,-48.52570581620101,-28.604982058704667,-11.5318745453041
305.1364141052344,98.29391798864549,-251.79967722592815,90.76224753030121,111.87601198080102,232.55461598249056,-85.81216493548563,13.136509483990311,-98.87006530476488,-62.99939803164665,-41.486036809498245,357.2644045600659,-142.2004434170468,-38.484197018735905,47.64112197300256,176.33516809546742,42.94559581535814,-196.3807231078213,-214.08428189751484,-223.07181666853896,95.92499878541143,-100.02366218610317,148.40502567723445,32.74931216534773,-61.72010054433953,139.2917801049451,-71.31097913982006,47.719634709598964,-40.120173492768956,95.136389640896,158.3438136895575,-99.9352258103272,102.9052768054162,-278.02064955279326,-28.94488397843957,-185.64725653052807,-296.0320965538263,-60.992740510021314,-308.33227792299425,23.867174468520975,-48.52570581620101,308.2648274778368,180.25358240349163,71.80910892050669
178.45365634898508,57.61790710685719,-147.43525852095394,53.22006504628429,65.63284325333089,136.2654080176742,-50.25890326398775,7.275724688049645,-57.93882996646402,-36.896416118106586,-24.25364824562257,209.54698530240782,-83.1794427751184,-22.731949717365154,27.85603849410643,103.27203324974965,25.031026811196057,-115.22190656816103,-125.29649313062434,-130.5999410405152,56.43582368777025,-58.59801905988275,86.9878078557041,19.20090575158478,-35.95365478452659,81.69644985271039,-41.82444684978724,27.899044218753655,-23.573484433324506,55.5706278246564,92.65108865457073,-58.53348509217067,60.218926583504256,-162.77834695898727,-17.05068779750405,-108.55559808842366,-173.20429581186752,-35.75964175632637,-180.50833961534835,14.032193818417584,-28.604982058704667,180.25358240349163,105.74576560050659,42.044268498030725
71.17353883788147,23.117145135085543,-59.00236839838528,21.289088058302603,26.10968977370321,54.20808008869353,-19.880450149402417,3.0549264961499296,-22.848008945371497,-14.74813632269892,-9.93588968653176,83.00800562132598,-33.150971926570165,-9.278921931955281,11.151282050540553,41.17469589312102,10.063152995012437,-45.86956097946815,-50.207553211052634,-52.239403398619174,22.276915836294325,-23.535126829378513,34.89357062927672,7.69376138037733,-14.04808489449779,32.46092540807737,-16.98974370093248,10.87402831137234,-9.438579238136459,22.009569357857128,36.78611251038675,-23.221481273879785,24.07036237848004,-64.64658456981685,-6.5617281155349065,-43.39163038720032,-68.92691750990635,-14.196990230628096,-71.78862438076085,5.42363961900581,-11.5318745453041,71.80910892050669,42.044268498030725,16.97087584941791
