V1,V2,V3,V4,V5,V6,V7,V8,V9,V10,V11,V12,V13,V14,V15,V16,V17,V18,V19,V20,V21,V22,V23,V24,V25,V26,V27,V28,V29,V30,V31,V32,V33,V34,V35,V36,V37,V38,V39,V40,V41,V42,V43,V44
4.198946875722951,-6.152360850425801,-1.1214486876388956,-7.012773413068381,-1.4280466748660177,-5.580378576370061,-4.573723206389874,0.28111451972993323,5.2357959987403815,8.424993027638333,-1.8127519766674436,2.2943431322961123,4.055050793183769,0.839303017799984,-2.1665854498988573,0.3681365038178047,1.3830734316459317,-2.3297446003038544,-4.47036415666719,3.1326412750591897,1.733730332727808,10.509436776947009,4.680245571473741,-3.191152506882934,-1.6821541840252072,-0.6652076688696872,-1.0250134557610644,-0.2908591602724216,1.6679457392128774,-4.574659406454157,6.146848186601561,-1.625118406971174,0.9972099184308588,0.20844953588374446,3.29810003996089,4.816472558014762,-3.854209309336626,-2.423790797846825,-1.1457951970673022,-3.788886790339995,3.019369672826285,3.283823841551743,-6.578406680951339,3.1868155264248217
-6.152360850425801,9.825677266152976,1.7797852463407544,10.233553559483182,2.8171918209043976,8.144182713881913,7.097618579692683,-0.12769826653260413,-7.977225628112209,-13.298603469615859,2.617045277432004,-3.3277574837423174,-5.678044494500423,-1.1494212842049663,3.3494417056783887,0.1338552206131315,-1.65548129597785,3.2289613939696746,6.906110349100708,-4.412792359118386,-2.744839722544802,-15.686267170391046,-7.088875344390099,4.752457916169066,2.221930456390389,0.5596409408094186,1.7886559939600166,0.09497232024299411,-2.822232829051952,6.731599203921733,-8.584983401939645,2.0368213603698155,-1.874048660882462,-0.9171727633975039,-4.4839511184929295,-7.592862190404754,5.569562703734081,3.2478824693660857,1.73453224101405,5.4417708092041135,-4.823958262576722,-4.476867144578006,9.691519233242582,-4.6040381266559205
-1.1214486876388956,1.7797852463407544,0.9175026440077366,2.2670034824516594,0.45326851871130835,1.6995043196954391,1.8147756239403925,0.3358175742589892,-1.546356828616561,-2.487256369956279,0.31303439531671035,-0.686846643484012,-0.9835574161989947,0.17799329143470075,0.7971416758452785,-0.22858337001352755,-0.03545544210241522,0.6060874612122389,1.1262162075951858,-0.922580492346896,-0.2017485856568925,-2.91921112256824,-1.329403608273772,1.0383195167506007,0.42672796291628523,0.47094948720306296,0.5511921752659732,0.36136651676525045,-0.1216320237095367,1.3315572405928704,-2.008426975069596,0.9095955971735932,0.11023007635798768,-0.34941169965892716,-1.2441703953203278,-1.24961087235406,1.2204451847245887,1.267407176855407,0.6024627172621452,1.1246673385103345,-0.4667301671708604,-0.5589075041454464,1.769284821725806,-0.6418558316015853
-7.012773413068381,10.233553559483182,2.2670034824516594,12.006115321080932,2.312434833105416,9.46866330952537,7.995811488283779,-0.26696030277074256,-8.817826666227289,-14.104259181137746,2.9463441043574665,-3.8570275155573874,-6.763656342315999,-1.1493735325391998,3.753143121472626,-0.781949650960266,-2.140510985378316,3.9377385765872135,7.3930815017496165,-5.273165324489642,-2.6677388893164165,-17.585334794462234,-7.829953649706133,5.432732158878888,2.8186502859702407,1.3462308122505786,1.8574654630998326,0.7205067687577333,-2.5005166281746725,7.736727883151379,-10.577066651843634,3.0748519805497154,-1.378081432965435,-0.4389372865322188,-5.815045619812584,-7.9723699005033035,6.568871559876023,4.490466762045647,2.100241405566585,6.4291186159423725,-4.748078951001005,-5.3347487214572835,10.993355983466888,-5.19941191457704
-1.4280466748660177,2.8171918209043976,0.45326851871130835,2.312434833105416,1.1690500624904996,1.8886713786314193,1.8666547436233056,0.21179797829193878,-1.9836723147367763,-3.781554275663009,0.5324664405894347,-0.8236996684847048,-1.173190245327885,-0.17987491788803966,0.8924440244262345,0.5165350777601422,-0.06588951188365093,0.6215367030005052,1.8035770856539883,-0.918557814585637,-0.8350077348930048,-3.958314949219189,-1.8159816715984476,1.1296070719888835,0.3570136274749236,-0.1849337322275425,0.6290950209321273,-0.2227605944640244,-0.9160142634118702,1.5668064051104413,-1.7065665350000512,0.19590904045962804,-0.7696652985213616,-0.6320306750939158,-0.7023894396676191,-2.2532445528869314,1.2402083039141487,0.47887526520617985,0.44959183633381433,1.2500022211439201,-1.3909659214225862,-0.8360000268395211,2.2853211727321456,-0.9971759813677415
-5.580378576370061,8.144182713881913,1.6995043196954391,9.46866330952537,1.8886713786314193,7.5436212084828975,6.2548646044579606,-0.15324077747904358,-6.9059716342345325,-11.280097402426295,2.280527990694822,-3.17839541427859,-5.420762665639426,-0.8949619056231481,2.9634042028938357,-0.5750661730269988,-1.6368634360436174,3.109177113797511,5.829697152295425,-4.234532519559204,-2.2346125419160736,-14.147563130125734,-6.251686399562367,4.290790931569526,2.2588306962024687,1.0155557147004668,1.4873406619227199,0.5245488274743172,-2.0346019276321323,6.117258853192822,-8.38267517359913,2.3590518927652453,-1.1802359307492145,-0.35392881216639843,-4.4584363344610995,-6.49365678017656,5.220275532832656,3.449272457151439,1.6614910477170612,5.1741375012118,-3.8125735998225307,-4.2814188539157305,8.74101032487472,-4.11038094419142
-4.573723206389874,7.097618579692683,1.8147756239403925,7.995811488283779,1.8666547436233056,6.2548646044579606,5.7159000662704695,0.11594574309522841,-5.99641058162626,-9.737313988823328,1.8201281975767014,-2.4565481991520968,-4.174445644629436,-0.5596688193040339,2.6352905416693897,-0.2473105752727028,-1.0642452118215837,2.4827846669087847,4.972426097553508,-3.3379131258320216,-1.6603341896690003,-11.630824260086682,-5.240760625658452,3.620352948071218,1.6675872850899294,0.7886277382133534,1.4826623488441422,0.44498945902769005,-1.6225975557479662,5.1070041994046145,-6.852207399862518,2.0659377074153045,-0.9488925316312461,-0.7170941538979252,-3.8549130168073567,-5.485038340676495,4.293797596451603,3.0671771059536055,1.5768783848819559,4.209154791591679,-3.148714349870968,-3.182419316634154,7.250060943381789,-3.2951074679590824
0.28111451972993323,-0.12769826653260413,0.3358175742589892,-0.26696030277074256,0.21179797829193878,-0.15324077747904358,0.11594574309522841,0.6045644486319222,0.3898704026469262,0.027409446824492076,-0.43205785670360053,-0.15686787905798025,0.3199842179955651,0.5147890743750337,0.053856530024575744,0.12206338540426581,0.6345809689714711,-0.25357028863697284,-0.4140789856007789,0.0722966808160479,0.0885413239482356,0.2036075238228365,0.1465114737544209,-0.08129062616480176,-0.14119307467668332,0.05000878004400121,0.2774785187561401,0.09429409165420193,0.26283257982567115,-0.2741871903757353,0.1955542752415622,0.10712217498044733,0.1822691740701577,-0.3953086066891725,0.29809004248235577,-0.061712346166144766,-0.09163118459387902,0.12477583781064253,0.1993316529320581,-0.034596591998914475,0.39521133679417497,0.5155768287495403,-0.44013215829450775,0.49529810204622465
5.2357959987403815,-7.977225628112209,-1.546356828616561,-8.817826666227289,-1.9836723147367763,-6.9059716342345325,-5.99641058162626,0.3898704026469262,6.834770710397006,10.761056029285443,-2.3589204067946055,2.6172453314484145,4.848515293511528,1.111465288379683,-2.7866769035298344,0.24682175170766485,1.717414187825932,-2.868934987586198,-5.818150586526686,3.7358083480792925,2.0613706600898434,12.943984956429023,5.881965080552728,-4.016481344259753,-1.9490324486084922,-0.7035201439268349,-1.3544065978561552,-0.27624021011768346,2.1762030660892924,-5.760247644265038,7.495039886719336,-1.9808254890348558,1.3292993819491281,0.47712343652930683,4.241517991342245,6.009813484940194,-4.7382814967330535,-3.0326388505288953,-1.463767427868712,-4.57885961202761,3.9266790551370945,3.9358029362434013,-8.265869381641311,4.033976803460624
8.424993027638333,-13.298603469615859,-2.487256369956279,-14.104259181137746,-3.781554275663009,-11.280097402426295,-9.737313988823328,0.027409446824492076,10.761056029285443,18.255720878562034,-3.4736968434489657,4.732901407340578,7.927188087290169,1.3845673588634657,-4.639674061598199,-0.11945737593434784,2.0721771938375184,-4.4955745025001335,-9.313636500001758,6.078019210429605,3.751693061259565,21.760849447418188,9.715395770209502,-6.488928592381739,-3.089559540695995,-0.8250859958491589,-2.530432570496959,-0.22558377854585976,3.691542375098816,-9.263589322482796,11.961062306436416,-2.8836623221359368,2.5375455093327672,1.2144142173114922,6.082280997841691,10.630360676698153,-7.699979118025748,-4.505238635059621,-2.458939600754966,-7.663313968381632,6.401472371551137,6.171808292014945,-13.26071484203818,6.190207428369433
-1.8127519766674436,2.617045277432004,0.31303439531671035,2.9463441043574665,0.5324664405894347,2.280527990694822,1.8201281975767014,-0.43205785670360053,-2.3589204067946055,-3.4736968434489657,0.9927258808005998,-0.7943971439744694,-1.770633281415396,-0.6030339662613661,0.862892458630904,-0.12192032523389548,-0.8726678935906328,1.0551254299984332,2.0720932284960796,-1.2393600822768216,-0.7381464971504769,-4.2592521809008606,-1.9555368111321025,1.3416005551200036,0.7187229345580709,0.1922858207693983,0.282535572545931,0.02625597801246136,-0.8570458326308463,1.9930228664562561,-2.4914637042770704,0.5511413394533246,-0.5290667546071596,0.06717929322055155,-1.4508249845880057,-1.8848812970801911,1.5759750243649226,0.8722363187673249,0.3251097424169195,1.4729565037613053,-1.4442372175508076,-1.528933093837657,2.8287783849396058,-1.5239786299238294
2.2943431322961123,-3.3277574837423174,-0.686846643484012,-3.8570275155573874,-0.8236996684847048,-3.17839541427859,-2.4565481991520968,-0.15686787905798025,2.6172453314484145,4.732901407340578,-0.7943971439744694,1.6136416599024177,2.3861983983545407,0.19128509403970517,-1.2160283226046933,0.2597718228544737,0.5059699749967339,-1.2463182718497836,-2.2368121096735787,1.9105158413620094,1.0890819504275993,6.116470029120034,2.61778566729266,-1.8045753148012103,-1.0290265285971547,-0.47408415524559105,-0.6633780869482802,-0.2387075405495254,0.8345248972915342,-2.4820978972558905,3.551103202274701,-0.9714651139672859,0.45950034311433324,0.16068739680124935,1.5960733759580226,2.8113361953865397,-2.2460693381090913,-1.4004514407239081,-0.6832587265032645,-2.2543021410635093,1.4653535982624049,1.7648501459292028,-3.515985533269326,1.5523262165847391
4.055050793183769,-5.678044494500423,-0.9835574161989947,-6.763656342315999,-1.173190245327885,-5.420762665639426,-4.174445644629436,0.3199842179955651,4.848515293511528,7.927188087290169,-1.770633281415396,2.3861983983545407,4.18254979258893,0.7703948332785503,-2.038629481024403,0.5153935849836998,1.4033521541009961,-2.3381281408569112,-4.1777296690974275,3.125064927952104,1.7365844790547829,10.221872094392703,4.46728468238362,-3.0857065524217973,-1.771503407743389,-0.7444903570478588,-0.8949939014677311,-0.3475716308483894,1.5513852968914321,-4.437938813283194,6.0905624941105545,-1.5958079128014515,0.8925301258196442,-0.039350506276668286,3.0949842228620117,4.575478593135711,-3.7977939894141564,-2.3217524695666065,-1.003591281125734,-3.738587627927478,2.751254161606824,3.325368631517555,-6.258940378146285,3.0366770119339153
0.839303017799984,-1.1494212842049663,0.17799329143470075,-1.1493735325391998,-0.17987491788803966,-0.8949619056231481,-0.5596688193040339,0.5147890743750337,1.111465288379683,1.3845673588634657,-0.6030339662613661,0.19128509403970517,0.7703948332785503,0.5901264724848684,-0.262508319427596,0.016537036651496726,0.6916358412765775,-0.4829262948216014,-1.0502524508990556,0.4913324412882472,0.4086845248653898,1.7275172597574269,0.8374349245578031,-0.5143722132347934,-0.3100976898560652,0.05801520066637524,0.057900448713821676,0.1380667983284752,0.5791282580311998,-0.849550196080544,0.9061550169321317,-0.02250244783535279,0.4132624589460697,-0.19280465161067525,0.6088047264315003,0.7479262531762931,-0.58637534190191,-0.11684527506440794,0.008048550281942329,-0.536440786233801,0.9073293356158066,0.8639199840168575,-1.3349787323322193,0.8870143519193516
-2.1665854498988573,3.3494417056783887,0.7971416758452785,3.753143121472626,0.8924440244262345,2.9634042028938357,2.6352905416693897,0.053856530024575744,-2.7866769035298344,-4.639674061598199,0.862892458630904,-1.2160283226046933,-2.038629481024403,-0.262508319427596,1.2382735398746623,-0.08553804692727594,-0.4909023377768888,1.1863323668891979,2.3445803273122614,-1.586617781808606,-0.8454790184890099,-5.579724776822935,-2.4870742594486273,1.703759427905834,0.8090462022706382,0.33727524214316557,0.6924710212526377,0.17949808504149087,-0.8010302613170587,2.4199672171219326,-3.230819788917498,0.9192036720450236,-0.5031564222349235,-0.31194944726024953,-1.7300801635458927,-2.6640505705153523,2.034803428303864,1.3689407163017038,0.712094663688371,2.016321853934166,-1.5004687512420172,-1.5446566586280264,3.4159664907944682,-1.5507234810943316
0.3681365038178047,0.1338552206131315,-0.22858337001352755,-0.781949650960266,0.5165350777601422,-0.5750661730269988,-0.2473105752727028,0.12206338540426581,0.24682175170766485,-0.11945737593434784,-0.12192032523389548,0.2597718228544737,0.5153935849836998,0.016537036651496726,-0.08553804692727594,0.7591918754362783,0.3943614547112299,-0.3228869840176581,-0.02462809909741032,0.5350456252645821,-0.13143519724023764,0.6125416655229711,0.22471962276498225,-0.3117895015851485,-0.38245458021881157,-0.6108444579010585,0.09342053509937248,-0.4572541542182097,-0.30481959193513286,-0.3794146304809085,1.0599684056319303,-0.6808759848340585,-0.516161397880846,-0.42399381736323294,0.7943042345551201,-0.23164832197749044,-0.49541682617365684,-0.7961535204748886,-0.15419518769389481,-0.417685873694473,-0.2156162301292415,0.4452896832628603,-0.5209396885180784,0.2701246473577386
1.3830734316459317,-1.65548129597785,-0.03545544210241522,-2.140510985378316,-0.06588951188365093,-1.6368634360436174,-1.0642452118215837,0.6345809689714711,1.717414187825932,2.0721771938375184,-0.8726678935906328,0.5059699749967339,1.4033521541009961,0.6916358412765775,-0.4909023377768888,0.3943614547112299,1.0497679958511696,-0.8466797102154077,-1.492592026906108,1.019726974580947,0.5109671728112756,2.890308570592393,1.353663647269245,-0.9727053651158104,-0.6559589949994021,-0.29007988949336266,0.03670234108160246,-0.08850144208017538,0.6265162615340526,-1.4495740251511593,1.9290696697912995,-0.46883821816091625,0.2513714224994016,-0.39155677536320094,1.2691776676863407,0.9870800588388345,-1.170009764106635,-0.696835872024895,-0.11338421834577563,-1.0170356372998648,1.0833176861266935,1.3620933445038623,-2.1310464369559368,1.304489898892172
-2.3297446003038544,3.2289613939696746,0.6060874612122389,3.9377385765872135,0.6215367030005052,3.109177113797511,2.4827846669087847,-0.25357028863697284,-2.868934987586198,-4.4955745025001335,1.0551254299984332,-1.2463182718497836,-2.3381281408569112,-0.4829262948216014,1.1863323668891979,-0.3228869840176581,-0.8466797102154077,1.3724019400678562,2.4391683988530315,-1.724057303745892,-0.8879177087737558,-5.766582052216885,-2.541363854297094,1.7506038078668031,0.9749807169564398,0.4353574014337995,0.5106935819077916,0.22931060847550735,-0.8308925280237663,2.572954610485509,-3.509789451112569,0.9684269770664372,-0.4908403003769526,0.03385981280251083,-1.9213266962348072,-2.5865527484216515,2.151386327952068,1.3954366879208722,0.6138709382561292,2.132437766846314,-1.572503337823213,-1.9064569896331578,3.639546639413108,-1.7876846663374308
-4.47036415666719,6.906110349100708,1.1262162075951858,7.3930815017496165,1.8035770856539883,5.829697152295425,4.972426097553508,-0.4140789856007789,-5.818150586526686,-9.313636500001758,2.0720932284960796,-2.2368121096735787,-4.1777296690974275,-1.0502524508990556,2.3445803273122614,-0.02462809909741032,-1.492592026906108,2.4391683988530315,5.054324944770828,-3.1259057251971387,-1.9087304443455049,-11.11362925005059,-5.041764367794579,3.3843187747023205,1.6409891168382125,0.4125926315654944,1.1181849207838568,0.07095458099374106,-2.0433265185168077,4.9033795008501775,-6.209090786839036,1.4474611472242684,-1.3598519635026136,-0.40515827371726065,-3.389097875782822,-5.281190614864119,3.9785766949754144,2.2931340584892146,1.141051070745248,3.8700968717962487,-3.5241131453653454,-3.4220325407314456,7.046191392117985,-3.4871251824454776
3.1326412750591897,-4.412792359118386,-0.922580492346896,-5.273165324489642,-0.918557814585637,-4.234532519559204,-3.3379131258320216,0.0722966808160479,3.7358083480792925,6.078019210429605,-1.2393600822768216,1.9105158413620094,3.125064927952104,0.4913324412882472,-1.586617781808606,0.5350456252645821,1.019726974580947,-1.724057303745892,-3.1259057251971387,2.5535978031890307,1.2961876583483976,7.888836542716568,3.4722376757819062,-2.444344374564767,-1.3883199828716437,-0.7387028648587921,-0.7508051146331419,-0.3831492582173112,1.1035095882955157,-3.373063639252699,4.815305033301774,-1.4239415596093938,0.4849670242764642,0.06836621556021925,2.519483639609732,3.4072270817510453,-2.9983188452427108,-2.047229891220918,-0.890054201714776,-2.8997205041045264,2.04584284690061,2.4557003588604007,-4.843461717491367,2.2863699537328026
1.733730332727808,-2.744839722544802,-0.2017485856568925,-2.6677388893164165,-0.8350077348930048,-2.2346125419160736,-1.6603341896690003,0.0885413239482356,2.0613706600898434,3.751693061259565,-0.7381464971504769,1.0890819504275993,1.7365844790547829,0.4086845248653898,-0.8454790184890099,-0.13143519724023764,0.5109671728112756,-0.8879177087737558,-1.9087304443455049,1.2961876583483976,1.0246993368172779,4.561029737859246,2.0027173214153344,-1.282756991314598,-0.6861321924873163,-0.023799399970846003,-0.41493294377709966,0.12131219956446367,0.984163205557533,-1.8260600339216022,2.27489207382658,-0.31774401720154477,0.7211962498600852,0.16052129448404492,0.9147288070311517,2.2667960580997017,-1.5359958602765997,-0.5803566196465042,-0.3392864670659594,-1.5433766381293845,1.4907379631647961,1.3983846218221372,-2.675058208673723,1.3113333545542933
10.509436776947009,-15.686267170391046,-2.91921112256824,-17.585334794462234,-3.958314949219189,-14.147563130125734,-11.630824260086682,0.2036075238228365,12.943984956429023,21.760849447418188,-4.2592521809008606,6.116470029120034,10.221872094392703,1.7275172597574269,-5.579724776822935,0.6125416655229711,2.890308570592393,-5.766582052216885,-11.11362925005059,7.888836542716568,4.561029737859246,27.010464740070734,11.89425258219867,-8.013166840405676,-4.167884399928373,-1.5125778222494393,-2.873715776902903,-0.654698766775168,4.186072983721251,-11.47333953072264,15.425243042657454,-3.973808826296073,2.6998543490672,0.8659492277199025,7.832216409396317,12.77132275791757,-9.730547093526349,-5.9372457411087485,-3.0307119743763935,-9.759575319269532,7.514329062141234,8.067984291704247,-16.460801937282298,7.723796227534403
4.680245571473741,-7.088875344390099,-1.329403608273772,-7.829953649706133,-1.8159816715984476,-6.251686399562367,-5.240760625658452,0.1465114737544209,5.881965080552728,9.715395770209502,-1.9555368111321025,2.61778566729266,4.46728468238362,0.8374349245578031,-2.4870742594486273,0.22471962276498225,1.353663647269245,-2.541363854297094,-5.041764367794579,3.4722376757819062,2.0027173214153344,11.89425258219867,5.300720003144429,-3.589582418227012,-1.8164355878030585,-0.645721959472211,-1.2676261657793233,-0.25568219458345787,1.9287165772321015,-5.110758402664732,6.78491938641136,-1.7477721425867712,1.2097937509866594,0.4371454666208999,3.550231756919903,5.591046695177236,-4.3041121348309606,-2.649931320296536,-1.330417813638113,-4.247319194381483,3.429386343921438,3.5449852312008727,-7.342474391848531,3.4857239759666023
-3.191152506882934,4.752457916169066,1.0383195167506007,5.432732158878888,1.1296070719888835,4.290790931569526,3.620352948071218,-0.08129062616480176,-4.016481344259753,-6.488928592381739,1.3416005551200036,-1.8045753148012103,-3.0857065524217973,-0.5143722132347934,1.703759427905834,-0.3117895015851485,-0.9727053651158104,1.7506038078668031,3.3843187747023205,-2.444344374564767,-1.282756991314598,-8.013166840405676,-3.589582418227012,2.516457333820341,1.3007715994362776,0.6043124546870436,0.8476263234868461,0.292275884404502,-1.21944049995218,3.5079282724830585,-4.76922886304166,1.3607271868945576,-0.630817869033574,-0.24643570412852003,-2.573743836829098,-3.592514295546502,3.008279838807184,2.0194406526870554,0.9164436767946137,2.8782304494552164,-2.2017248617215928,-2.391148582980656,4.967374266597288,-2.34816312184642
-1.6821541840252072,2.221930456390389,0.42672796291628523,2.8186502859702407,0.3570136274749236,2.2588306962024687,1.6675872850899294,-0.14119307467668332,-1.9490324486084922,-3.089559540695995,0.7187229345580709,-1.0290265285971547,-1.771503407743389,-0.3100976898560652,0.8090462022706382,-0.38245458021881157,-0.6559589949994021,0.9749807169564398,1.6409891168382125,-1.3883199828716437,-0.6861321924873163,-4.167884399928373,-1.8164355878030585,1.3007715994362776,0.8034353070684898,0.44249278130114506,0.3203534754178618,0.23421137085308164,-0.5694955590989229,1.8196145831406154,-2.631270376818551,0.7746066098895478,-0.22247861890350917,0.11173394384456664,-1.3726846124749383,-1.7177669016436576,1.6179612415111622,1.0906301029321013,0.41234293447870907,1.5513668221820283,-1.0471251480008825,-1.4093341340672705,2.5700691118508567,-1.254201245346978
-0.6652076688696872,0.5596409408094186,0.47094948720306296,1.3462308122505786,-0.1849337322275425,1.0155557147004668,0.7886277382133534,0.05000878004400121,-0.7035201439268349,-0.8250859958491589,0.1922858207693983,-0.47408415524559105,-0.7444903570478588,0.05801520066637524,0.33727524214316557,-0.6108444579010585,-0.29007988949336266,0.4353574014337995,0.4125926315654944,-0.7387028648587921,-0.023799399970846003,-1.5125778222494393,-0.645721959472211,0.6043124546870436,0.44249278130114506,0.5991319292428509,0.1259461353564653,0.4391402999976234,0.14063752016305425,0.7381580181058703,-1.4637541494459307,0.7849542436882336,0.3962239177580022,0.17548853500277323,-0.956495669708333,-0.28745397566950776,0.8003781197775546,0.9926510331261577,0.3039048995337405,0.6980782225258932,-0.025234241895727167,-0.5215268503472437,0.988004554450394,-0.4118755650242438
-1.0250134557610644,1.7886559939600166,0.5511921752659732,1.8574654630998326,0.6290950209321273,1.4873406619227199,1.4826623488441422,0.2774785187561401,-1.3544065978561552,-2.530432570496959,0.282535572545931,-0.6633780869482802,-0.8949939014677311,0.057900448713821676,0.6924710212526377,0.09342053509937248,0.03670234108160246,0.5106935819077916,1.1181849207838568,-0.7508051146331419,-0.41493294377709966,-2.873715776902903,-1.2676261657793233,0.8476263234868461,0.3203534754178618,0.1259461353564653,0.5070945968104248,0.08585526262856452,-0.35034560016474764,1.166398993700248,-1.5556729726721037,0.4732281625209779,-0.2659061256456305,-0.38763727034192313,-0.7613299835391174,-1.516634343049812,1.0021368710381873,0.7129041997533437,0.4698817130346921,1.0400523721410466,-0.6891572378273957,-0.5780247697129722,1.642570662696417,-0.6245283442542078
-0.2908591602724216,0.09497232024299411,0.36136651676525045,0.7205067687577333,-0.2227605944640244,0.5245488274743172,0.44498945902769005,0.09429409165420193,-0.27624021011768346,-0.22558377854585976,0.02625597801246136,-0.2387075405495254,-0.3475716308483894,0.1380667983284752,0.17949808504149087,-0.4572541542182097,-0.08850144208017538,0.22931060847550735,0.07095458099374106,-0.3831492582173112,0.12131219956446367,-0.654698766775168,-0.25568219458345787,0.292275884404502,0.23421137085308164,0.4391402999976234,0.08585526262856452,0.3570555286415601,0.26218929841851507,0.3490050625917014,-0.853747990117303,0.5699919981496895,0.3739579387101718,0.12039755153300485,-0.608545211655096,-0.029556520204434077,0.421623025876639,0.6903626962013195,0.2281740417375331,0.38404340690005834,0.18758851292456327,-0.20848194220649166,0.4349842128030799,-0.1279978101541467
1.6679457392128774,-2.822232829051952,-0.1216320237095367,-2.5005166281746725,-0.9160142634118702,-2.0346019276321323,-1.6225975557479662,0.26283257982567115,2.1762030660892924,3.691542375098816,-0.8570458326308463,0.8345248972915342,1.5513852968914321,0.5791282580311998,-0.8010302613170587,-0.30481959193513286,0.6265162615340526,-0.8308925280237663,-2.0433265185168077,1.1035095882955157,0.984163205557533,4.186072983721251,1.9287165772321015,-1.21944049995218,-0.5694955590989229,0.14063752016305425,-0.35034560016474764,0.26218929841851507,1.1283102302722745,-1.7664578328529874,1.9502181066957514,-0.13393272629781217,0.8488820517167377,0.20910919298974293,0.883899774768444,2.126761579585539,-1.37360553032576,-0.3932981984881613,-0.24009070901730925,-1.3125207776997423,1.6552164560186404,1.3250782171154853,-2.6034474957422336,1.3787900608211066
-4.574659406454157,6.731599203921733,1.3315572405928704,7.736727883151379,1.5668064051104413,6.117258853192822,5.1070041994046145,-0.2741871903757353,-5.760247644265038,-9.263589322482796,1.9930228664562561,-2.4820978972558905,-4.437938813283194,-0.849550196080544,2.4199672171219326,-0.3794146304809085,-1.4495740251511593,2.572954610485509,4.9033795008501775,-3.373063639252699,-1.8260600339216022,-11.47333953072264,-5.110758402664732,3.5079282724830585,1.8196145831406154,0.7381580181058703,1.166398993700248,0.3490050625917014,-1.7664578328529874,5.046402883788747,-6.754160588344714,1.8260692617697178,-1.0634092639758743,-0.26249674393373207,-3.6519696455936086,-5.2785420872561355,4.225621714132413,2.7114040400659514,1.2773183934371668,4.146157989758288,-3.2257420288544796,-3.5364007185097392,7.165362555373222,-3.4421456488181774
6.146848186601561,-8.584983401939645,-2.008426975069596,-10.577066651843634,-1.7065665350000512,-8.38267517359913,-6.852207399862518,0.1955542752415622,7.495039886719336,11.961062306436416,-2.4914637042770704,3.551103202274701,6.0905624941105545,0.9061550169321317,-3.230819788917498,1.0599684056319303,1.9290696697912995,-3.509789451112569,-6.209090786839036,4.815305033301774,2.27489207382658,15.425243042657454,6.78491938641136,-4.76922886304166,-2.631270376818551,-1.4637541494459307,-1.5556729726721037,-0.853747990117303,1.9502181066957514,-6.754160588344714,9.58149383992108,-2.949213337677766,0.9217489301900729,0.14567014666796854,5.225205963968547,6.776132445446817,-5.868198069538763,-4.1861998887936664,-1.8728034576905044,-5.763825858546738,3.872259880584685,4.78677153942941,-9.583968423116778,4.495631592015588
-1.625118406971174,2.0368213603698155,0.9095955971735932,3.0748519805497154,0.19590904045962804,2.3590518927652453,2.0659377074153045,0.10712217498044733,-1.9808254890348558,-2.8836623221359368,0.5511413394533246,-0.9714651139672859,-1.5958079128014515,-0.02250244783535279,0.9192036720450236,-0.6808759848340585,-0.46883821816091625,0.9684269770664372,1.4474611472242684,-1.4239415596093938,-0.31774401720154477,-3.973808826296073,-1.7477721425867712,1.3607271868945576,0.7746066098895478,0.7849542436882336,0.4732281625209779,0.5699919981496895,-0.13393272629781217,1.8260692617697178,-2.949213337677766,1.278310320364077,0.22675553066970788,0.002325051759988868,-1.8304195179383285,-1.4730087388323956,1.7077785765754818,1.7018577728896,0.6898698926184452,1.615830842082084,-0.6450773118914381,-1.1675669575981775,2.533767586651308,-1.0906735406129429
0.9972099184308588,-1.874048660882462,0.11023007635798768,-1.378081432965435,-0.7696652985213616,-1.1802359307492145,-0.9488925316312461,0.1822691740701577,1.3292993819491281,2.5375455093327672,-0.5290667546071596,0.45950034311433324,0.8925301258196442,0.4132624589460697,-0.5031564222349235,-0.516161397880846,0.2513714224994016,-0.4908403003769526,-1.3598519635026136,0.4849670242764642,0.7211962498600852,2.6998543490672,1.2097937509866594,-0.630817869033574,-0.22247861890350917,0.3962239177580022,-0.2659061256456305,0.3739579387101718,0.8488820517167377,-1.0634092639758743,0.9217489301900729,0.22675553066970788,0.8747247857950817,0.24090786092952604,0.24932101325007566,1.7002326320185812,-0.7045740303842434,0.14458851692447502,-0.11726728832652168,-0.8165771270273998,1.2101930396801106,0.8176317521830352,-1.6116286541074498,0.855726104956418
0.20844953588374446,-0.9171727633975039,-0.34941169965892716,-0.4389372865322188,-0.6320306750939158,-0.35392881216639843,-0.7170941538979252,-0.3953086066891725,0.47712343652930683,1.2144142173114922,0.06717929322055155,0.16068739680124935,-0.039350506276668286,-0.19280465161067525,-0.31194944726024953,-0.42399381736323294,-0.39155677536320094,0.03385981280251083,-0.40515827371726065,0.06836621556021925,0.16052129448404492,0.8659492277199025,0.4371454666208999,-0.24643570412852003,0.11173394384456664,0.17548853500277323,-0.38763727034192313,0.12039755153300485,0.20910919298974293,-0.26249674393373207,0.14567014666796854,0.002325051759988868,0.24090786092952604,0.5790001965160865,-0.0019270991524046929,0.728842997965254,-0.1967118348542827,-0.10212691589048416,-0.25086852602718274,-0.2162216792250683,0.3092126507767788,-0.18509871903741498,-0.39191553907000554,0.014482776418820058
3.29810003996089,-4.4839511184929295,-1.2441703953203278,-5.815045619812584,-0.7023894396676191,-4.4584363344610995,-3.8549130168073567,0.29809004248235577,4.241517991342245,6.082280997841691,-1.4508249845880057,1.5960733759580226,3.0949842228620117,0.6088047264315003,-1.7300801635458927,0.7943042345551201,1.2691776676863407,-1.9213266962348072,-3.389097875782822,2.519483639609732,0.9147288070311517,7.832216409396317,3.550231756919903,-2.573743836829098,-1.3726846124749383,-0.956495669708333,-0.7613299835391174,-0.608545211655096,0.883899774768444,-3.6519696455936086,5.225205963968547,-1.8304195179383285,0.24932101325007566,-0.0019270991524046929,3.288967235540266,3.212059733565206,-3.121856855368941,-2.5686141146541432,-1.0649896797779672,-2.9609996959004374,2.0122389841367863,2.5338399636752693,-5.207663039270602,2.5309684340786003
4.816472558014762,-7.592862190404754,-1.24961087235406,-7.9723699005033035,-2.2532445528869314,-6.49365678017656,-5.485038340676495,-0.061712346166144766,6.009813484940194,10.630360676698153,-1.8848812970801911,2.8113361953865397,4.575478593135711,0.7479262531762931,-2.6640505705153523,-0.23164832197749044,0.9870800588388345,-2.5865527484216515,-5.281190614864119,3.4072270817510453,2.2667960580997017,12.77132275791757,5.591046695177236,-3.592514295546502,-1.7177669016436576,-0.28745397566950776,-1.516634343049812,-0.029556520204434077,2.126761579585539,-5.2785420872561355,6.776132445446817,-1.4730087388323956,1.7002326320185812,0.728842997965254,3.212059733565206,6.5403039119396915,-4.345486278757549,-2.310582261386198,-1.4501380360870362,-4.5543783470546595,3.714331623324365,3.6028063073204017,-7.629105962741768,3.502249295519423
-3.854209309336626,5.569562703734081,1.2204451847245887,6.568871559876023,1.2402083039141487,5.220275532832656,4.293797596451603,-0.09163118459387902,-4.7382814967330535,-7.699979118025748,1.5759750243649226,-2.2460693381090913,-3.7977939894141564,-0.58637534190191,2.034803428303864,-0.49541682617365684,-1.170009764106635,2.151386327952068,3.9785766949754144,-2.9983188452427108,-1.5359958602765997,-9.730547093526349,-4.3041121348309606,3.008279838807184,1.6179612415111622,0.8003781197775546,1.0021368710381873,0.421623025876639,-1.37360553032576,4.225621714132413,-5.868198069538763,1.7077785765754818,-0.7045740303842434,-0.1967118348542827,-3.121856855368941,-4.345486278757549,3.658000655424963,2.4806582676425726,1.1280613981409426,3.562190607246944,-2.558099779757086,-2.956766586182334,5.995429158150707,-2.815589926546495
-2.423790797846825,3.2478824693660857,1.267407176855407,4.490466762045647,0.47887526520617985,3.449272457151439,3.0671771059536055,0.12477583781064253,-3.0326388505288953,-4.505238635059621,0.8722363187673249,-1.4004514407239081,-2.3217524695666065,-0.11684527506440794,1.3689407163017038,-0.7961535204748886,-0.696835872024895,1.3954366879208722,2.2931340584892146,-2.047229891220918,-0.5803566196465042,-5.9372457411087485,-2.649931320296536,2.0194406526870554,1.0906301029321013,0.9926510331261577,0.7129041997533437,0.6903626962013195,-0.3932981984881613,2.7114040400659514,-4.1861998887936664,1.7018577728896,0.14458851692447502,-0.10212691589048416,-2.5686141146541432,-2.310582261386198,2.4806582676425726,2.3219210773155012,0.9634458484635338,2.3259415618779626,-1.158750854740945,-1.711912805857552,3.7850968457459615,-1.6652719820740403
-1.1457951970673022,1.73453224101405,0.6024627172621452,2.100241405566585,0.44959183633381433,1.6614910477170612,1.5768783848819559,0.1993316529320581,-1.463767427868712,-2.458939600754966,0.3251097424169195,-0.6832587265032645,-1.003591281125734,0.008048550281942329,0.712094663688371,-0.15419518769389481,-0.11338421834577563,0.6138709382561292,1.141051070745248,-0.890054201714776,-0.3392864670659594,-3.0307119743763935,-1.330417813638113,0.9164436767946137,0.41234293447870907,0.3039048995337405,0.4698817130346921,0.2281740417375331,-0.24009070901730925,1.2773183934371668,-1.8728034576905044,0.6898698926184452,-0.11726728832652168,-0.25086852602718274,-1.0649896797779672,-1.4501380360870362,1.1280613981409426,0.9634458484635338,0.5432272783170257,1.1709415703256594,-0.6532920390194418,-0.7310507180051657,1.8495841717449844,-0.7472663850259639
-3.788886790339995,5.4417708092041135,1.1246673385103345,6.4291186159423725,1.2500022211439201,5.1741375012118,4.209154791591679,-0.034596591998914475,-4.57885961202761,-7.663313968381632,1.4729565037613053,-2.2543021410635093,-3.738587627927478,-0.536440786233801,2.016321853934166,-0.417685873694473,-1.0170356372998648,2.132437766846314,3.8700968717962487,-2.8997205041045264,-1.5433766381293845,-9.759575319269532,-4.247319194381483,2.8782304494552164,1.5513668221820283,0.6980782225258932,1.0400523721410466,0.38404340690005834,-1.3125207776997423,4.146157989758288,-5.763825858546738,1.615830842082084,-0.8165771270273998,-0.2162216792250683,-2.9609996959004374,-4.5543783470546595,3.562190607246944,2.3259415618779626,1.1709415703256594,3.6270791046212976,-2.519881782293036,-2.945425320094941,5.94027601449147,-2.744148767394942
3.019369672826285,-4.823958262576722,-0.4667301671708604,-4.748078951001005,-1.3909659214225862,-3.8125735998225307,-3.148714349870968,0.39521133679417497,3.9266790551370945,6.401472371551137,-1.4442372175508076,1.4653535982624049,2.751254161606824,0.9073293356158066,-1.5004687512420172,-0.2156162301292415,1.0833176861266935,-1.572503337823213,-3.5241131453653454,2.04584284690061,1.4907379631647961,7.514329062141234,3.429386343921438,-2.2017248617215928,-1.0471251480008825,-0.025234241895727167,-0.6891572378273957,0.18758851292456327,1.6552164560186404,-3.2257420288544796,3.872259880584685,-0.6450773118914381,1.2101930396801106,0.3092126507767788,2.0122389841367863,3.714331623324365,-2.558099779757086,-1.158750854740945,-0.6532920390194418,-2.519881782293036,2.6914128646903186,2.3724379967002847,-4.781360798255283,2.4526484920392093
3.283823841551743,-4.476867144578006,-0.5589075041454464,-5.3347487214572835,-0.8360000268395211,-4.2814188539157305,-3.182419316634154,0.5155768287495403,3.9358029362434013,6.171808292014945,-1.528933093837657,1.7648501459292028,3.325368631517555,0.8639199840168575,-1.5446566586280264,0.4452896832628603,1.3620933445038623,-1.9064569896331578,-3.4220325407314456,2.4557003588604007,1.3983846218221372,8.067984291704247,3.5449852312008727,-2.391148582980656,-1.4093341340672705,-0.5215268503472437,-0.5780247697129722,-0.20848194220649166,1.3250782171154853,-3.5364007185097392,4.78677153942941,-1.1675669575981775,0.8176317521830352,-0.18509871903741498,2.5338399636752693,3.6028063073204017,-2.956766586182334,-1.711912805857552,-0.7310507180051657,-2.945425320094941,2.3724379967002847,2.8287059422889076,-5.1148710395395725,2.609215967084548
-6.578406680951339,9.691519233242582,1.769284821725806,10.993355983466888,2.2853211727321456,8.74101032487472,7.250060943381789,-0.44013215829450775,-8.265869381641311,-13.26071484203818,2.8287783849396058,-3.515985533269326,-6.258940378146285,-1.3349787323322193,3.4159664907944682,-0.5209396885180784,-2.1310464369559368,3.639546639413108,7.046191392117985,-4.843461717491367,-2.675058208673723,-16.460801937282298,-7.342474391848531,4.967374266597288,2.5700691118508567,0.988004554450394,1.642570662696417,0.4349842128030799,-2.6034474957422336,7.165362555373222,-9.583968423116778,2.533767586651308,-1.6116286541074498,-0.39191553907000554,-5.207663039270602,-7.629105962741768,5.995429158150707,3.7850968457459615,1.8495841717449844,5.94027601449147,-4.781360798255283,-5.1148710395395725,10.360451236178156,-5.015859222162149
3.1868155264248217,-4.6040381266559205,-0.6418558316015853,-5.19941191457704,-0.9971759813677415,-4.11038094419142,-3.2951074679590824,0.49529810204622465,4.033976803460624,6.190207428369433,-1.5239786299238294,1.5523262165847391,3.0366770119339153,0.8870143519193516,-1.5507234810943316,0.2701246473577386,1.304489898892172,-1.7876846663374308,-3.4871251824454776,2.2863699537328026,1.3113333545542933,7.723796227534403,3.4857239759666023,-2.34816312184642,-1.254201245346978,-0.4118755650242438,-0.6245283442542078,-0.1279978101541467,1.3787900608211066,-3.4421456488181774,4.495631592015588,-1.0906735406129429,0.855726104956418,0.014482776418820058,2.5309684340786003,3.502249295519423,-2.815589926546495,-1.6652719820740403,-0.7472663850259639,-2.744148767394942,2.4526484920392093,2.609215967084548,-5.015859222162149,2.5737411776898695
