V1,V2,V3,V4,V5,V6,V7,V8,V9,V10,V11,V12,V13,V14,V15,V16,V17,V18,V19,V20,V21,V22,V23,V24,V25,V26,V27,V28,V29,V30,V31,V32,V33,V34,V35,V36,V37,V38,V39,V40,V41,V42,V43,V44
4.527493483200439,-3.7215588877561814,1.956361527805887,2.386338084891175,3.1188693925935755,0.5914406808982127,-3.3378612038413533,2.642016157923877,3.7610675486188327,3.6428211639083057,-0.9404224331237059,-0.9250138255795809,2.934948872931997,-0.6817183763474624,4.342699680061312,1.2655611983627555,0.996728555496147,2.114868980287363,-1.5000423608968683,0.7816601151241099,-1.156786059669296,3.037186781318966,1.0300498007882786,2.8292531246204873,2.8270627922397513,-3.1511102893221237,-1.3450775038031422,4.950594051245844,3.2459554637607515,0.9668957656905375,0.5980680342421594,2.078276626086881,-1.278649791042783,-2.281978867784448,-0.9772315808448496,-2.300083381125697,-1.3865134555197505,-2.748259099392817,-3.043620894233243,-0.5535865547074091,0.40194941011700813,3.6010076625973144,1.1579776724041109,-0.8089879704067281
-3.7215588877561814,3.279227198715245,-1.4929646829870094,-1.545667398763137,-2.312921453703096,-0.2543338692586066,2.8490913105589324,-2.1361951545074986,-3.2304181279836643,-3.258731478129102,0.7986173530804289,0.6725273483592876,-2.3892599412399083,0.5257203964535719,-3.3094377145259366,-1.0073144343742926,-0.8615238189665402,-1.6198889796162472,1.4115689080659009,-0.7851435306383576,0.8774584297112529,-2.771961522122097,-0.9991716717942937,-2.084197336803467,-2.133635163331886,2.549836849645474,1.1720339678049312,-3.85975773101332,-2.6412384479549393,-0.5294192829001381,-0.6899392784989217,-1.5135651001110104,0.9705716737135656,1.7659036469601874,0.5995655686125004,1.7008425678809396,1.271630851152289,2.293470260295111,2.398070318447636,0.5144860573123105,-0.42919326840660743,-2.9070444461011538,-0.6569980105807369,0.4780521472517945
1.956361527805887,-1.4929646829870094,1.6591576934174772,1.2717863598526051,1.2474159023783649,0.6647185848541449,-1.4806427194613212,1.946743390393437,1.5609699791229699,1.6881262719462342,-0.2131475512086002,-0.9097361334777286,1.2818617446667278,-1.4929153263029076,2.066915972849057,0.6465651084666537,0.6242510017288257,0.9082541601505765,-0.7044219349944985,0.13588229838546126,-0.435583225905513,0.4556319435229017,0.40885471838967197,2.1818286854791884,1.5930280418157403,-1.4526522458928535,-1.042993565152641,2.2031025177300805,1.6935122309062958,0.3113456590276256,0.011390466427435698,0.9614041100959806,-0.5933465369405353,-1.5744694115883935,-0.4135781346017201,-1.5650532047986705,-0.8277869002020258,-1.548544063688497,-1.3842462368964363,-0.06268386948736097,-0.35569265588257803,1.2320886559762594,1.1412465813729697,-0.6828570764035213
2.386338084891175,-1.545667398763137,1.2717863598526051,2.6988099556493044,2.258678815672226,1.1735815154785543,-1.5860465626783582,1.6359631560703694,1.7418160802364355,1.0660550042382384,-0.3687035524340453,-0.8698537811487447,1.3886346349138483,-0.3832722256421305,3.2390037118417987,0.6992336916043004,0.3544411544754022,1.6395990740174768,-0.336744830332705,0.08433900458692105,-0.9957107933309408,0.6370079033239575,0.0690308459166161,2.1792302509446135,2.06505080958741,-2.091209089097283,-0.6959265150398027,3.471439285260177,1.891314836994128,1.3336453844503284,-0.435426190875283,1.6577343783117382,-0.921487317066899,-1.4752661545558416,-1.2300430990583378,-2.0972643705641976,-0.19206770681201935,-1.371308824856153,-1.8681170224039183,0.08491000116919954,-0.049033816827622416,2.037343229500862,1.5977106758943047,-0.8956207038036145
3.1188693925935755,-2.312921453703096,1.2474159023783649,2.258678815672226,2.69993947717552,0.7075784783652049,-2.104801867206785,1.5690890589389384,2.4500933092694357,2.0466848492863043,-0.7049113799586273,-0.6851144649525004,1.8674037389314586,0.10704421653720779,3.380459904797822,0.922453134765009,0.5684755421381312,1.8817662951734135,-0.7045554188920556,0.3277130019995666,-1.1672470593704007,1.881613927320773,0.3069702278108579,2.0223366696847256,2.17156677735051,-2.173008272091321,-0.6505867417163894,3.6966313139026803,2.10485081793534,1.2142026743503125,0.022620790612571374,1.7152318846943226,-1.0451719983296648,-1.4690889691912994,-0.9751042617923261,-1.7838624084118597,-0.640346390040546,-1.6551041385928285,-2.214880593141805,-0.19164706078171656,0.2873280427328797,2.672024196226616,1.1177674607642436,-0.7514107418456182
0.5914406808982127,-0.2543338692586066,0.6647185848541449,1.1735815154785543,0.7075784783652049,0.7283841306700114,-0.4402255374204374,0.8207978428017333,0.4116942946769269,0.08493755359823078,0.01020619736365769,-0.6165352661445355,0.22018891355512912,-0.5234840942626995,1.160125135373908,0.18806993849363612,0.09068852267318266,0.5876693031588595,-0.013077246290395582,-0.22052993597028817,-0.4388308429969689,-0.49111914910156357,-0.16481730760863278,1.137469118342297,0.8804664497750829,-0.6651257519393001,-0.3858059372896224,1.1675894675109355,0.6036447201167079,0.5235250231330472,-0.4761571954747972,0.5978671369113758,-0.2936677291626922,-0.6322711787181722,-0.4656197041389431,-0.9923321574771543,0.05428655640477526,-0.44951018308055135,-0.6037236615724394,0.2332524734834714,-0.28968623097907503,0.4054114149646622,0.9256524569768214,-0.4685452967912754
-3.3378612038413533,2.8490913105589324,-1.4806427194613212,-1.5860465626783582,-2.104801867206785,-0.4402255374204374,2.8360379812758834,-2.2561602560661616,-3.0221783448070676,-2.9265250982664224,0.6889714139922799,1.0369792845225365,-2.0484710256274035,0.808868121431705,-3.0938806312930525,-0.7698346361609918,-0.6643512870115843,-1.375746989575346,1.353764735101585,-0.33751295207525617,0.9902457720447383,-2.116335174051389,-0.8529531369444006,-2.310329255739034,-2.2675957010487084,2.28573175555516,1.2744342260793928,-3.699457512306991,-2.3815950023686088,-0.4730622019752773,-0.4389151883941317,-1.4820929617874454,0.7543782805054926,1.720398699598256,0.5205888993347004,1.5435976524825183,0.9821759353482321,2.1352397961791394,2.360502136781962,0.4618350076770683,-0.2289411239817737,-2.5432077255501713,-0.7775693810941741,0.5325462721671163
2.642016157923877,-2.1361951545074986,1.946743390393437,1.6359631560703694,1.5690890589389384,0.8207978428017333,-2.2561602560661616,2.614063465422379,2.300085337155342,2.3147348254692384,-0.3045204692625322,-1.2786930766855789,1.637019984371306,-1.8053299619058736,2.7645457099066117,0.7126062347902491,0.6805260376527712,1.1090834292655134,-1.0852006163340415,0.14683795571485958,-0.7061980330907559,0.8390567252212925,0.6454965416928286,2.7632859293949426,2.131144585250754,-2.0675052249456485,-1.496406534620685,3.129409014124434,2.203817028580918,0.3239860344437173,0.08496879092207445,1.250557218429203,-0.6490779378871022,-1.9603839581553255,-0.5170731292358196,-1.898045675892225,-0.95217221732630275,-2.0367101589678613,-1.931919963735118,-0.17627904725104324,-0.34871505838621575,1.7522085638654574,1.2943048385371365,-0.7226342030410837
3.7610675486188327,-3.2304181279836643,1.5609699791229699,1.7418160802364355,2.4500933092694357,0.4116942946769269,-3.0221783448070676,2.300085337155342,3.3324922126366565,3.2522871327370937,-0.8153338104282971,-0.9441896097305502,2.3138907395319284,-0.5933195010653702,3.4513919112620415,0.9420750070352184,0.7893049637915014,1.668670584642219,-1.4336841801467723,0.5253537868002072,-1.0866149580517221,2.5757157581341823,0.9086487838782327,2.361717226086388,2.398191420175422,-2.544896673525502,-1.259615309696623,4.057112923745571,2.6316203901685844,0.6153496679638122,0.5307044796788074,1.639107302861685,-0.9332278359528672,-1.820075554422948,-0.6163771581458366,-1.720101933038955,-1.1458410889761448,-2.3086145745637525,-2.560380217846139,-0.4910340059624302,0.3561656503511376,2.9332795275117713,0.7937905021264314,-0.5606263423688536
3.6428211639083057,-3.258731478129102,1.6881262719462342,1.0660550042382384,2.0466848492863043,0.08493755359823078,-2.9265250982664224,2.3147348254692384,3.2522871327370937,3.6289244278169828,-0.8008464714449816,-0.7728109462095497,2.382988344885147,-0.9448501235756324,2.9020326643696146,0.9555410064336382,0.9515735983828505,1.3435031367627093,-1.5758319530577887,0.6392240893624037,-0.7137148628493014,2.7352975653706584,1.1181288135260998,2.2338741317380455,2.099357889984392,-2.2675912216309797,-1.2954773564133593,3.4569336971023015,2.57211202623151,0.18946143605729887,0.8525739877993583,1.339622531763737,-0.8368975805118636,-1.8162833358454809,-0.2677512533799735,-1.3839908489239734,-1.4965746132496616,-2.365801479159453,-2.309014851220951,-0.6377427067272419,0.31572682604818636,2.69285576583501,0.461042105941475,-0.4190462295397746
-0.9404224331237059,0.7986173530804289,-0.2131475512086002,-0.3687035524340453,-0.7049113799586273,0.01020619736365769,0.6889714139922799,-0.3045204692625322,-0.8153338104282971,-0.8008464714449816,0.2935543574115038,0.08939805867005413,-0.5882577225577409,-0.20788074976361376,-0.7867885740966398,-0.2297634178231916,-0.17535885071008037,-0.45633605935316485,0.30801206784231705,-0.13517718649739066,0.275935954762341,-0.8490637983586816,-0.18974483292840316,-0.35849315793405406,-0.5226995172407067,0.5219728072956659,0.1155095397437648,-0.9379281544673823,-0.5651186282481897,-0.23534838387633872,-0.17373953329538577,-0.4196191462513232,0.2530088459682732,0.28616851287884454,0.14107430288619022,0.25665183377024864,0.2519532939796853,0.46934818640658343,0.6090963015665724,0.1592540599654333,-0.22630455187646603,-0.8160653514465132,-0.04221182753785781,0.09783198561890069
-0.9250138255795809,0.6725273483592876,-0.9097361334777286,-0.8698537811487447,-0.6851144649525004,-0.6165352661445355,1.0369792845225365,-1.2786930766855789,-0.9441896097305502,-0.7728109462095497,0.08939805867005413,1.0101095519634307,-0.3616062749015662,0.9367600180358029,-1.1654442519092887,-0.16191573883445498,-0.17904828761325617,-0.5058395451341319,0.4373696182585014,0.37667963160797185,0.6187321577653586,0.29212096700304446,-0.03744437751820505,-1.5197380033044525,-1.2074763195064608,0.6597399561278716,0.747818058863706,-1.329612458672148,-0.7919197932328687,-0.2029454607192979,0.33317172020057256,-0.6081109453530033,0.1814059446336052,0.8408281477985141,0.16597238667147834,0.8658677311881556,0.1681834286803009,0.7888222031600131,0.9036342657245451,-0.10390377704984768,0.3277309492202707,-0.4770390522306833,-0.8294425608458061,0.4617387371360184
2.934948872931997,-2.3892599412399083,1.2818617446667278,1.3886346349138483,1.8674037389314586,0.22018891355512912,-2.0484710256274035,1.637019984371306,2.3138907395319284,2.382988344885147,-0.5882577225577409,-0.3616062749015662,2.1782536526324194,-0.637705033649418,2.721963558044201,0.8597019833310584,0.7085773949718038,1.1447135066888874,-0.983586574901675,0.7187049891793835,-0.3791229302610956,2.1431561344548844,0.8772861619798351,1.6808019761107769,1.6540417372297354,-2.0439559051511145,-0.8044306016354998,3.1305606749864485,2.211761064290505,0.5167891278387453,0.6185777019572378,1.2970493617290326,-0.8245096555114635,-1.5425510340721662,-0.6414992505073893,-1.4415768961728779,-1.0518057127038425,-1.8745520038957164,-1.9192827421619785,-0.505195963708301,0.3077726418860264,2.3208799709343344,0.6359168917303674,-0.5099631258940337
-0.6817183763474624,0.5257203964535719,-1.4929153263029076,-0.3832722256421305,0.10704421653720779,-0.5234840942626995,0.808868121431705,-1.8053299619058736,-0.5933195010653702,-0.9448501235756324,-0.20788074976361376,0.9367600180358029,-0.637705033649418,2.4142535340443283,-0.7284373554503524,-0.23798660352519196,-0.4593380456310066,0.12204951619979253,0.5731435428221622,0.07447485688999773,-0.21262240912485775,0.7679238838327508,-0.47402996362089866,-1.8152553977052328,-0.9034716975135275,0.643638608872937,1.1136489636380746,-0.7911038488710997,-1.0738122260326894,0.4037539106895957,-0.006832866210896031,-0.2718379514267344,0.1072559836285669,1.3207481137131827,-0.042388702059416514,1.0737572076643598,0.6767219364614571,1.1705763853004953,0.6011353708898041,0.007632264960662525,0.7045909628111933,0.10140020249446043,-0.9381464721938729,0.5147731886673779
4.342699680061312,-3.3094377145259366,2.066915972849057,3.2390037118417987,3.380459904797822,1.160125135373908,-3.0938806312930525,2.7645457099066117,3.4513919112620415,2.9020326643696146,-0.7867885740966398,-1.1654442519092887,2.721963558044201,-0.7284373554503524,4.864778347011337,1.2458479275647112,0.8314419309221105,2.3789363295337878,-1.1593815861488734,0.5729843421647258,-1.364496658374762,2.2880427357504476,0.6808367146083222,3.2045463242134864,3.091327444275577,-3.3842028083352216,-1.3457178539526085,5.401912124778248,3.2457415340103943,1.4584182303271944,0.060132343981932485,2.3432746865044876,-1.3632837579450567,-2.4025256632510894,-1.4233209350485514,-2.875317626459053,-1.0009413378993797,-2.6356241039773796,-3.109889919846723,-0.26322648339854227,0.1685277210194458,3.5548963103622637,1.7881408787206727,-1.0739914407593003
1.2655611983627555,-1.0073144343742926,0.6465651084666537,0.6992336916043004,0.922453134765009,0.18806993849363612,-0.7698346361609918,0.7126062347902491,0.9420750070352184,0.9555410064336382,-0.2297634178231916,-0.16191573883445498,0.8597019833310584,-0.23798660352519196,1.2458479275647112,0.4726821377705458,0.3664640773553345,0.6820199841910709,-0.33137867262614906,0.3413418223499545,-0.2693740578886537,0.7946791655736832,0.2449975484057728,0.7975181743469841,0.7263636771167811,-0.9013229774737063,-0.33251052319611674,1.2982602749861558,0.9419828220741336,0.31379480929568004,0.16180744521162485,0.561263010557753,-0.4657983979463089,-0.7084584689925314,-0.31182989957029855,-0.8060384217437098,-0.48351669060078245,-0.7924436700130753,-0.79085716837691,-0.09112671481340934,0.056868637708008124,0.9789499326832148,0.4374067870706966,-0.29352900101136686
0.996728555496147,-0.8615238189665402,0.6242510017288257,0.3544411544754022,0.5684755421381312,0.09068852267318266,-0.6643512870115843,0.6805260376527712,0.7893049637915014,0.9515735983828505,-0.17535885071008037,-0.17904828761325617,0.7085773949718038,-0.4593380456310066,0.8314419309221105,0.3664640773553345,0.37926748240366764,0.4248210077816984,-0.371104751681304,0.26542280679080904,-0.09857701145320509,0.561598921136983,0.29370728887439385,0.7025828502080136,0.5685243375306873,-0.6143955665192958,-0.3430447928665043,0.8752457433047327,0.806797324274267,0.07884967555049874,0.1992914523582764,0.3782474734148413,-0.34257543212536823,-0.6155510643943716,-0.10306778459131005,-0.6012630994273207,-0.5230300592611609,-0.716174782978502,-0.5989443749883371,-0.09293656900618855,0.012589748649922327,0.6411817393863583,0.3074524793884387,-0.22882676559653511
2.114868980287363,-1.6198889796162472,0.9082541601505765,1.6395990740174768,1.8817662951734135,0.5876693031588595,-1.375746989575346,1.1090834292655134,1.668670584642219,1.3435031367627093,-0.45633605935316485,-0.5058395451341319,1.1447135066888874,0.12204951619979253,2.3789363295337878,0.6820199841910709,0.4248210077816984,1.4673330113676903,-0.43580540035262827,0.25843575949226133,-0.91027218157599,1.1505888632351766,0.09659720101533352,1.429392836243764,1.4857888516052982,-1.5538754152544514,-0.4779151445489813,2.5175289164871173,1.441226551402059,0.8975609547773301,-0.1087598968826741,1.1568733929784036,-0.7848073872292574,-1.0108588354804957,-0.7054956775676511,-1.417745406447884,-0.4312934038533843,-1.1181130136075577,-1.450796689716355,0.018381403922547508,0.14244777981600612,1.7915182806530898,0.8988574998389429,-0.5399421107261309
-1.5000423608968683,1.4115689080659009,-0.7044219349944985,-0.336744830332705,-0.7045554188920556,-0.013077246290395582,1.353764735101585,-1.0852006163340415,-1.4336841801467723,-1.5758319530577887,0.30801206784231705,0.4373696182585014,-0.983586574901675,0.5731435428221622,-1.1593815861488734,-0.33137867262614906,-0.371104751681304,-0.43580540035262827,0.7762741002265963,-0.2407212115454443,0.29216570301317185,-1.0975758287989004,-0.5537225851173049,-0.9693912831484099,-0.9045053012434382,0.9456775327440899,0.6700864126826434,-1.4670660044184072,-1.0975325916249432,0.060828718138299494,-0.3817826339898713,-0.5157518907711187,0.2552307068567492,0.7861469251764827,0.038557040440384244,0.5484215302780959,0.6260680530156073,1.0562180945352837,1.0022768969201152,0.2907314405868462,-0.11450308814432497,-1.0435814388490239,-0.15757694117586718,0.14209901939462244
0.7816601151241099,-0.7851435306383576,0.13588229838546126,0.08433900458692105,0.3277130019995666,-0.22052993597028817,-0.33751295207525617,0.14683795571485958,0.5253537868002072,0.6392240893624037,-0.13517718649739066,0.37667963160797185,0.7187049891793835,0.07447485688999773,0.5729843421647258,0.3413418223499545,0.26542280679080904,0.25843575949226133,-0.2407212115454443,0.672008227731635,0.16146831981983453,1.045245296664346,0.3988133439776575,-0.07793354659497331,0.0019278292444957535,-0.6600217798660364,-0.08758351237404868,0.6232135552446669,0.6011566177012083,0.010607347771034248,0.4638417756981096,0.14674011926849226,-0.28290764870958196,-0.30016415758405146,-0.17990348006431328,-0.3411761350577632,-0.44252410983952384,-0.4693006146085398,-0.2992975120025169,-0.2021720562080145,0.25272331319952623,0.6839171650344136,-0.10115622942802452,0.047871862708748894
-1.156786059669296,0.8774584297112529,-0.435583225905513,-0.9957107933309408,-1.1672470593704007,-0.4388308429969689,0.9902457720447383,-0.7061980330907559,-1.0866149580517221,-0.7137148628493014,0.275935954762341,0.6187321577653586,-0.3791229302610956,-0.21262240912485775,-1.364496658374762,-0.2693740578886537,-0.09857701145320509,-0.91027218157599,0.29216570301317185,0.16146831981983453,0.9343886893023159,-0.4752879594431864,0.1149052082242785,-0.9537292982482504,-1.065012962034607,0.776413966602433,0.3767061238121108,-1.502145991657623,-0.6446820396461171,-0.524624925639056,0.2624107188866522,-0.7016015224693337,0.3386357986684191,0.5049323681361155,0.3351797528250437,0.6834297807710421,0.01911060867499242,0.5238764414890599,0.9539455071415714,-0.07754120599059817,-0.042515800542562564,-0.9836159555222013,-0.5633870642392208,0.31533546584801386
3.037186781318966,-2.771961522122097,0.4556319435229017,0.6370079033239575,1.881613927320773,-0.49111914910156357,-2.116335174051389,0.8390567252212925,2.5757157581341823,2.7352975653706584,-0.8490637983586816,0.29212096700304446,2.1431561344548844,0.7679238838327508,2.2880427357504476,0.7946791655736832,0.561598921136983,1.1505888632351766,-1.0975758287989004,1.045245296664346,-0.4752879594431864,3.6073263373999835,0.9871929689919808,0.5554231055307726,1.0716966642506587,-1.9572489695667912,-0.4285817665306069,2.830983065967852,1.789499651344509,0.35932937661079445,1.1259350014054967,0.9991352849711373,-0.6847659030700068,-0.8533522646063236,-0.41181898470174516,-0.5197505713657516,-1.0504878972094178,-1.5029935106319754,-1.7192191847863463,-0.8082377781739428,0.8836461861601618,2.8036104593587874,-0.4248644961435878,0.09423433352354517
1.0300498007882786,-0.9991716717942937,0.40885471838967197,0.0690308459166161,0.3069702278108579,-0.16481730760863278,-0.8529531369444006,0.6454965416928286,0.9086487838782327,1.1181288135260998,-0.18974483292840316,-0.03744437751820505,0.8772861619798351,-0.47402996362089866,0.6808367146083222,0.2449975484057728,0.29370728887439385,0.09659720101533352,-0.5537225851173049,0.3988133439776575,0.1149052082242785,0.9871929689919808,0.5905811554679916,0.43324078063026683,0.40185834107827695,-0.6985540815833117,-0.4041527432491336,0.9182922788810153,0.830198816007872,-0.16509891231908927,0.5079845664504093,0.2757398824972386,-0.1701580574171275,-0.5407898583581509,-0.03153946481407766,-0.287467283469067,-0.5372631098714225,-0.7664724366731808,-0.6071510869589333,-0.34130192727395736,0.16979537962404098,0.7298906753186367,-0.06766836714222106,-0.013524870665297374
2.8292531246204873,-2.084197336803467,2.1818286854791884,2.1792302509446135,2.0223366696847256,1.137469118342297,-2.310329255739034,2.7632859293949426,2.361717226086388,2.2338741317380455,-0.35849315793405406,-1.5197380033044525,1.6808019761107769,-1.8152553977052328,3.2045463242134864,0.7975181743469841,0.7025828502080136,1.429392836243764,-0.9693912831484099,-0.07793354659497331,-0.9537292982482504,0.5554231055307726,0.43324078063026683,3.2062811934832784,2.536151730000279,-2.147828847526343,-1.4705509590936021,3.5141737032829465,2.3412946917825823,0.6875885489028025,-0.20745047582758136,1.5634411526206684,-0.8118594675040857,-2.1364385999925894,-0.7169232952180511,-2.2250870649378824,-0.8625468066061378,-2.106153716528116,-2.1753224422444553,-0.04868581041472699,-0.45055422310247445,1.9092032390736318,1.7101419455594893,-0.9980308001609068
2.8270627922397513,-2.133635163331886,1.5930280418157403,2.06505080958741,2.17156677735051,0.8804664497750829,-2.2675957010487084,2.131144585250754,2.398191420175422,2.099357889984392,-0.5226995172407067,-1.2074763195064608,1.6540417372297354,-0.9034716975135275,3.091327444275577,0.7263636771167811,0.5685243375306873,1.4857888516052982,-0.9045053012434382,0.0019278292444957535,-1.065012962034607,1.0716966642506587,0.40185834107827695,2.536151730000279,2.3444813625632777,-1.9841932550336516,-1.0808662299959286,3.4769302424806807,2.1308650742938124,0.829284667595009,-0.1117370188065968,1.5817506781804818,-0.8070111142339976,-1.7013582197356625,-0.7309517164083402,-1.839755465922901,-0.6620091882087541,-1.8220185101893531,-2.1752757476531226,-0.1295114610303503,-0.052411021131220835,2.1094583194389354,1.3245737001725517,-0.8331269978901862
-3.1511102893221237,2.549836849645474,-1.4526522458928535,-2.091209089097283,-2.173008272091321,-0.6651257519393001,2.28573175555516,-2.0675052249456485,-2.544896673525502,-2.2675912216309797,0.5219728072956659,0.6597399561278716,-2.0439559051511145,0.643638608872937,-3.3842028083352216,-0.9013229774737063,-0.6143955665192958,-1.5538754152544514,0.9456775327440899,-0.6600217798660364,0.776413966602433,-1.9572489695667912,-0.6985540815833117,-2.147828847526343,-1.9841932550336516,2.6640908679197386,1.1022756266714455,-3.820474190781443,-2.3846777138642135,-0.8273699162153804,-0.3113275833254883,-1.4980323518856056,0.9272352286250235,1.7469072448701417,0.9761447734964916,2.003453884886885,0.8430539172178354,1.9978744381544262,2.0998179835773834,0.31127607756640435,-0.13817552344442055,-2.613545603673377,-1.0542054376182621,0.5787583858454901
-1.3450775038031422,1.1720339678049312,-1.042993565152641,-0.6959265150398027,-0.6505867417163894,-0.3858059372896224,1.2744342260793928,-1.496406534620685,-1.259615309696623,-1.2954773564133593,0.1155095397437648,0.747818058863706,-0.8044306016354998,1.1136489636380746,-1.3457178539526085,-0.33251052319611674,-0.3430447928665043,-0.4779151445489813,0.6700864126826434,-0.08758351237404868,0.3767061238121108,-0.4285817665306069,-0.4041527432491336,-1.4705509590936021,-1.0808662299959286,1.1022756266714455,0.9347507090048124,-1.5730484489883574,-1.1380182111927222,0.005331355065222052,-0.09733354396318977,-0.5519676559124914,0.25307343284215966,1.058909986528194,0.1798647088666584,0.9481085097875862,0.5264901660006347,1.1134928587460071,0.9828549579349299,0.11088777177469383,0.2316404945084082,-0.8348269605983828,-0.6208270305397176,0.31318153747003696
4.950594051245844,-3.85975773101332,2.2031025177300805,3.471439285260177,3.6966313139026803,1.1675894675109355,-3.699457512306991,3.129409014124434,4.057112923745571,3.4569336971023015,-0.9379281544673823,-1.329612458672148,3.1305606749864485,-0.7911038488710997,5.401912124778248,1.2982602749861558,0.8752457433047327,2.5175289164871173,-1.4670660044184072,0.6232135552446669,-1.502145991657623,2.830983065967852,0.9182922788810153,3.5141737032829465,3.4769302424806807,-3.820474190781443,-1.5730484489883574,6.157816097555689,3.6615687668982817,1.506161584657228,0.2085423517395004,2.610527965691956,-1.4093110518742815,-2.6371667513486905,-1.5149024260345574,-3.008706764384823,-1.1194546877528548,-3.0074139870486385,-3.565225372159839,-0.43699446832414257,0.29583265080459037,4.0772185016348095,1.7763096930102498,-1.0836865175420745
3.2459554637607515,-2.6412384479549393,1.6935122309062958,1.891314836994128,2.10485081793534,0.6036447201167079,-2.3815950023686088,2.203817028580918,2.6316203901685844,2.57211202623151,-0.5651186282481897,-0.7919197932328687,2.211761064290505,-1.0738122260326894,3.2457415340103943,0.9419828220741336,0.806797324274267,1.441226551402059,-1.0975325916249432,0.6011566177012083,-0.6446820396461171,1.789499651344509,0.830198816007872,2.3412946917825823,2.1308650742938124,-2.3846777138642135,-1.1380182111927222,3.6615687668982817,2.5700728096934036,0.6578371960286848,0.36786344221853606,1.5450014764305935,-0.960755455667777,-1.9053066050207155,-0.7836727586243706,-2.0008690054975937,-1.0790888042719167,-2.17059909383075,-2.210880134774118,-0.3335414882771915,0.12478137691356658,2.4246877219772736,1.130272960126802,-0.732793724019344
0.9668957656905375,-0.5294192829001381,0.3113456590276256,1.3336453844503284,1.2142026743503125,0.5235250231330472,-0.4730622019752773,0.3239860344437173,0.6153496679638122,0.18946143605729887,-0.23534838387633872,-0.2029454607192979,0.5167891278387453,0.4037539106895957,1.4584182303271944,0.31379480929568004,0.07884967555049874,0.8975609547773301,0.060828718138299494,0.010607347771034248,-0.524624925639056,0.35932937661079445,-0.16509891231908927,0.6875885489028025,0.829284667595009,-0.8273699162153804,0.005331355065222052,1.506161584657228,0.6578371960286848,0.8676388699638664,-0.30619021972576493,0.791752424580878,-0.47818949200434907,-0.40726982989829835,-0.655284442065597,-0.8611003307212357,0.07717621887134671,-0.3786113094209582,-0.7563619690200168,0.10174277518917253,0.10402596273309932,0.9956732098904099,0.6600618904374999,-0.3941331384773191
0.5980680342421594,-0.6899392784989217,0.011390466427435698,-0.435426190875283,0.022620790612571374,-0.4761571954747972,-0.4389151883941317,0.08496879092207445,0.5307044796788074,0.8525739877993583,-0.17373953329538577,0.33317172020057256,0.6185777019572378,-0.006832866210896031,0.060132343981932485,0.16180744521162485,0.1992914523582764,-0.1087598968826741,-0.3817826339898713,0.4638417756981096,0.2624107188866522,1.1259350014054967,0.5079845664504093,-0.20745047582758136,-0.1117370188065968,-0.3113275833254883,-0.09733354396318977,0.2085423517395004,0.36786344221853606,-0.30619021972576493,0.647295809905918,-0.04646144454081333,-0.055025491754533404,-0.13388292852997064,0.1457736930628161,0.2220385522742433,-0.45940946974170244,-0.3821318666446685,-0.1929733912581288,-0.3882380626571222,0.27951992495104033,0.4960958906163673,-0.4897146908192271,0.21249369828237397
2.078276626086881,-1.5135651001110104,0.9614041100959806,1.6577343783117382,1.7152318846943226,0.5978671369113758,-1.4820929617874454,1.250557218429203,1.639107302861685,1.339622531763737,-0.4196191462513232,-0.6081109453530033,1.2970493617290326,-0.2718379514267344,2.3432746865044876,0.561263010557753,0.3782474734148413,1.1568733929784036,-0.5157518907711187,0.14674011926849226,-0.7016015224693337,0.9991352849711373,0.2757398824972386,1.5634411526206684,1.5817506781804818,-1.4980323518856056,-0.5519676559124914,2.610527965691956,1.5450014764305935,0.791752424580878,-0.04646144454081333,1.2282126615052757,-0.6658666685786266,-1.1184160434633603,-0.7087519405072201,-1.3211038708419192,-0.39563004205612856,-1.1975795782495258,-1.5524719137588143,-0.1229434845191857,0.12436307715523393,1.6976957857366144,0.9052613393719808,-0.5866133801686992
-1.278649791042783,0.9705716737135656,-0.5933465369405353,-0.921487317066899,-1.0451719983296648,-0.2936677291626922,0.7543782805054926,-0.6490779378871022,-0.9332278359528672,-0.8368975805118636,0.2530088459682732,0.1814059446336052,-0.8245096555114635,0.1072559836285669,-1.3632837579450567,-0.4657983979463089,-0.34257543212536823,-0.7848073872292574,0.2552307068567492,-0.28290764870958196,0.3386357986684191,-0.6847659030700068,-0.1701580574171275,-0.8118594675040857,-0.8070111142339976,0.9272352286250235,0.25307343284215966,-1.4093110518742815,-0.960755455667777,-0.47818949200434907,-0.055025491754533404,-0.6658666685786266,0.5340469292170987,0.6738080540528205,0.40996925544296964,0.8963192118004135,0.3737704491419568,0.7472566364056953,0.8324597712057312,0.03410360763438882,-0.09288764406480376,-1.0175084683370736,-0.5395158178005249,0.35420865706152427
-2.281978867784448,1.7659036469601874,-1.5744694115883935,-1.4752661545558416,-1.4690889691912994,-0.6322711787181722,1.720398699598256,-1.9603839581553255,-1.820075554422948,-1.8162833358454809,0.28616851287884454,0.8408281477985141,-1.5425510340721662,1.3207481137131827,-2.4025256632510894,-0.7084584689925314,-0.6155510643943716,-1.0108588354804957,0.7861469251764827,-0.30016415758405146,0.5049323681361155,-0.8533522646063236,-0.5407898583581509,-2.1364385999925894,-1.7013582197356625,1.7469072448701417,1.058909986528194,-2.6371667513486905,-1.9053066050207155,-0.40726982989829835,-0.13388292852997064,-1.1184160434633603,0.6738080540528205,1.649447041641357,0.564818681046509,1.6568686857055355,0.8184990511585183,1.6826524731359296,1.621465564681896,0.1663088763950559,0.19619284727110264,-1.5756665265785275,-1.1218384960504644,0.6789400030704373
-0.9772315808448496,0.5995655686125004,-0.4135781346017201,-1.2300430990583378,-0.9751042617923261,-0.4656197041389431,0.5205888993347004,-0.5170731292358196,-0.6163771581458366,-0.2677512533799735,0.14107430288619022,0.16597238667147834,-0.6414992505073893,-0.042388702059416514,-1.4233209350485514,-0.31182989957029855,-0.10306778459131005,-0.7054956775676511,0.038557040440384244,-0.17990348006431328,0.3351797528250437,-0.41181898470174516,-0.03153946481407766,-0.7169232952180511,-0.7309517164083402,0.9761447734964916,0.1798647088666584,-1.5149024260345574,-0.7836727586243706,-0.655284442065597,0.1457736930628161,-0.7087519405072201,0.40996925544296964,0.564818681046509,0.6649288922927578,0.8964017709770976,0.014930937382902788,0.4961586013125301,0.7218437628164642,-0.01357427274552267,-0.053022366947045554,-0.9514673262166705,-0.6368391893285547,0.3417377627346838
-2.300083381125697,1.7008425678809396,-1.5650532047986705,-2.0972643705641976,-1.7838624084118597,-0.9923321574771543,1.5435976524825183,-1.898045675892225,-1.720101933038955,-1.3839908489239734,0.25665183377024864,0.8658677311881556,-1.4415768961728779,1.0737572076643598,-2.875317626459053,-0.8060384217437098,-0.6012630994273207,-1.417745406447884,0.5484215302780959,-0.3411761350577632,0.6834297807710421,-0.5197505713657516,-0.287467283469067,-2.2250870649378824,-1.839755465922901,2.003453884886885,0.9481085097875862,-3.008706764384823,-2.0008690054975937,-0.8611003307212357,0.2220385522742433,-1.3211038708419192,0.8963192118004135,1.6568686857055355,0.8964017709770976,2.229602576957408,0.6376029707015177,1.6575732648297088,1.6710263547115247,-0.12110701175989264,0.22868122683538364,-1.659913326673121,-1.5482243508896603,0.8574310899865791
-1.3865134555197505,1.271630851152289,-0.8277869002020258,-0.19206770681201935,-0.640346390040546,0.05428655640477526,0.9821759353482321,-0.95217221732630275,-1.1458410889761448,-1.4965746132496616,0.2519532939796853,0.1681834286803009,-1.0518057127038425,0.6767219364614571,-1.0009413378993797,-0.48351669060078245,-0.5230300592611609,-0.4312934038533843,0.6260680530156073,-0.44252410983952384,0.01911060867499242,-1.0504878972094178,-0.5372631098714225,-0.8625468066061378,-0.6620091882087541,0.8430539172178354,0.5264901660006347,-1.1194546877528548,-1.0790888042719167,0.07717621887134671,-0.45940946974170244,-0.39563004205612856,0.3737704491419568,0.8184990511585183,0.014930937382902788,0.6376029707015177,0.8404790914579815,1.03837660294494,0.7869510637884823,0.2512633051466435,-0.042513122567227744,-0.9114130486613944,-0.1850376059499506,0.18155214805681713
-2.748259099392817,2.293470260295111,-1.548544063688497,-1.371308824856153,-1.6551041385928285,-0.44951018308055135,2.1352397961791394,-2.0367101589678613,-2.3086145745637525,-2.365801479159453,0.46934818640658343,0.7888222031600131,-1.8745520038957164,1.1705763853004953,-2.6356241039773796,-0.7924436700130753,-0.716174782978502,-1.1181130136075577,1.0562180945352837,-0.4693006146085398,0.5238764414890599,-1.5029935106319754,-0.7664724366731808,-2.106153716528116,-1.8220185101893531,1.9978744381544262,1.1134928587460071,-3.0074139870486385,-2.17059909383075,-0.3786113094209582,-0.3821318666446685,-1.1975795782495258,0.7472566364056953,1.6826524731359296,0.4961586013125301,1.6575732648297088,1.03837660294494,1.9797269589693691,1.8689066402445869,0.31483892926197304,-0.0042557818799455055,-1.9700038932495298,-0.8995320174612734,0.5945597347076573
-3.043620894233243,2.398070318447636,-1.3842462368964363,-1.8681170224039183,-2.214880593141805,-0.6037236615724394,2.360502136781962,-1.931919963735118,-2.560380217846139,-2.309014851220951,0.6090963015665724,0.9036342657245451,-1.9192827421619785,0.6011353708898041,-3.109889919846723,-0.79085716837691,-0.5989443749883371,-1.450796689716355,1.0022768969201152,-0.2992975120025169,0.9539455071415714,-1.7192191847863463,-0.6071510869589333,-2.1753224422444553,-2.1752757476531226,2.0998179835773834,0.9828549579349299,-3.565225372159839,-2.210880134774118,-0.7563619690200168,-0.1929733912581288,-1.5524719137588143,0.8324597712057312,1.621465564681896,0.7218437628164642,1.6710263547115247,0.7869510637884823,1.8689066402445869,2.2364835834839747,0.309040498856299,-0.18911411743861997,-2.3773639233323602,-1.0131037760238522,0.6830924188634079
-0.5535865547074091,0.5144860573123105,-0.06268386948736097,0.08491000116919954,-0.19164706078171656,0.2332524734834714,0.4618350076770683,-0.17627904725104324,-0.4910340059624302,-0.6377427067272419,0.1592540599654333,-0.10390377704984768,-0.505195963708301,0.007632264960662525,-0.26322648339854227,-0.09112671481340934,-0.09293656900618855,0.018381403922547508,0.2907314405868462,-0.2021720562080145,-0.07754120599059817,-0.8082377781739428,-0.34130192727395736,-0.04868581041472699,-0.1295114610303503,0.31127607756640435,0.11088777177469383,-0.43699446832414257,-0.3335414882771915,0.10174277518917253,-0.3882380626571222,-0.1229434845191857,0.03410360763438882,0.1663088763950559,-0.01357427274552267,-0.12110701175989264,0.2512633051466435,0.31483892926197304,0.309040498856299,0.3072661091674246,-0.1925180926185261,-0.5018349649526181,0.25914922657960165,-0.09045529030055655
0.40194941011700813,-0.42919326840660743,-0.35569265588257803,-0.049033816827622416,0.2873280427328797,-0.28968623097907503,-0.2289411239817737,-0.34871505838621575,0.3561656503511376,0.31572682604818636,-0.22630455187646603,0.3277309492202707,0.3077726418860264,0.7045909628111933,0.1685277210194458,0.056868637708008124,0.012589748649922327,0.14244777981600612,-0.11450308814432497,0.25272331319952623,-0.042515800542562564,0.8836461861601618,0.16979537962404098,-0.45055422310247445,-0.052411021131220835,-0.13817552344442055,0.2316404945084082,0.29583265080459037,0.12478137691356658,0.10402596273309932,0.27951992495104033,0.12436307715523393,-0.09288764406480376,0.19619284727110264,-0.053022366947045554,0.22868122683538364,-0.042513122567227744,-0.0042557818799455055,-0.18911411743861997,-0.1925180926185261,0.42830650773164547,0.49745525781270655,-0.37549785761326043,0.1532596742792766
3.6010076625973144,-2.9070444461011538,1.2320886559762594,2.037343229500862,2.672024196226616,0.4054114149646622,-2.5432077255501713,1.7522085638654574,2.9332795275117713,2.69285576583501,-0.8160653514465132,-0.4770390522306833,2.3208799709343344,0.10140020249446043,3.5548963103622637,0.9789499326832148,0.6411817393863583,1.7915182806530898,-1.0435814388490239,0.6839171650344136,-0.9836159555222013,2.8036104593587874,0.7298906753186367,1.9092032390736318,2.1094583194389354,-2.613545603673377,-0.8348269605983828,4.0772185016348095,2.4246877219772736,0.9956732098904099,0.4960958906163673,1.6976957857366144,-1.0175084683370736,-1.5756665265785275,-0.9514673262166705,-1.659913326673121,-0.9114130486613944,-1.9700038932495298,-2.3773639233323602,-0.5018349649526181,0.49745525781270655,3.1474417645516457,0.7257341911462503,-0.5136841703345981
1.1579776724041109,-0.6569980105807369,1.1412465813729697,1.5977106758943047,1.1177674607642436,0.9256524569768214,-0.7775693810941741,1.2943048385371365,0.7937905021264314,0.461042105941475,-0.04221182753785781,-0.8294425608458061,0.6359168917303674,-0.9381464721938729,1.7881408787206727,0.4374067870706966,0.3074524793884387,0.8988574998389429,-0.15757694117586718,-0.10115622942802452,-0.5633870642392208,-0.4248644961435878,-0.06766836714222106,1.7101419455594893,1.3245737001725517,-1.0542054376182621,-0.6208270305397176,1.7763096930102498,1.130272960126802,0.6600618904374999,-0.4897146908192271,0.9052613393719808,-0.5395158178005249,-1.1218384960504644,-0.6368391893285547,-1.5482243508896603,-0.1850376059499506,-0.8995320174612734,-1.0131037760238522,0.25914922657960165,-0.37549785761326043,0.7257341911462503,1.3583135370388733,-0.7511153304716816
-0.8089879704067281,0.4780521472517945,-0.6828570764035213,-0.8956207038036145,-0.7514107418456182,-0.4685452967912754,0.5325462721671163,-0.7226342030410837,-0.5606263423688536,-0.4190462295397746,0.09783198561890069,0.4617387371360184,-0.5099631258940337,0.5147731886673779,-1.0739914407593003,-0.29352900101136686,-0.22882676559653511,-0.5399421107261309,0.14209901939462244,0.047871862708748894,0.31533546584801386,0.09423433352354517,-0.013524870665297374,-0.9980308001609068,-0.8331269978901862,0.5787583858454901,0.31318153747003696,-1.0836865175420745,-0.732793724019344,-0.3941331384773191,0.21249369828237397,-0.5866133801686992,0.35420865706152427,0.6789400030704373,0.3417377627346838,0.8574310899865791,0.18155214805681713,0.5945597347076573,0.6830924188634079,-0.09045529030055655,0.1532596742792766,-0.5136841703345981,-0.7511153304716816,0.4739329787835446
