V1,V2,V3,V4,V5,V6,V7,V8,V9,V10,V11,V12,V13,V14,V15,V16,V17,V18,V19,V20,V21,V22,V23,V24,V25,V26,V27,V28,V29,V30,V31,V32,V33,V34,V35,V36,V37,V38,V39,V40,V41,V42,V43,V44
0.9616767339739484,-0.09375140415702479,-1.898612681393789,0.6073384634853206,1.4471446044632104,-0.6541972413191725,0.07229814589709324,-1.8548883697790481,0.996166191234654,-0.10652059355218649,-0.7463609633764747,1.2297763346712045,-0.1261337741299991,3.6790250618007287,0.9249866531072124,0.3038864898082659,-0.5190211320904375,0.7121536311087912,-0.35881192510315835,0.08263852189366322,-1.1708654494895725,2.2955830670422808,-0.3307195699411763,-2.023873146938932,-0.47506391890063454,-0.4640306599570777,1.0798224706998274,0.9151635610204022,-0.3924538214474242,1.469362998207583,-0.494479316918452,0.7906563520238901,-0.6946476039779232,1.0465599925380193,-0.9399460211903284,0.5166368331408091,0.8019573378538533,0.3833294361938397,-0.8572520104908782,-0.4700522755074361,1.5369383558213805,2.238564231297842,-0.0698424016497385,0.04839279505285343
-0.09375140415702479,1.369446647997098,0.3620237984772773,-1.0523304992517257,-1.7824014486723496,-0.4786031326907562,0.11430799095412404,1.0495287094690433,0.8627186395289821,0.6465412902577418,0.4866956711359161,-0.39044769693992437,-0.5806241561294825,-2.7529102914760615,-0.575849892440184,0.3250261735570754,0.10674417984121749,-2.094725751117471,-2.2022189104394365,-0.6458235186708492,0.09747806087856185,-1.6391714897388312,0.7594857342903208,-0.03478723671111594,-0.6594706811000046,0.3057309224324591,-1.3685953361705745,-1.009276533141223,0.4002609339978237,-0.6653353864394203,-1.2717680307982409,0.14048046083654453,-0.443123854283464,-1.1297205394687362,-0.1445406427091403,-0.5934255554268217,-0.21812214166719257,-1.5620572198809768,-1.036780569447127,-0.7030829130860595,-0.028009429854830098,-0.23144958690683534,2.3795376418027177,-1.2635835902926043
-1.898612681393789,0.3620237984772773,3.868997374385297,-1.3522887396959264,-3.1179130839517217,1.2537022720523203,-0.11995336426329038,3.9027567121148334,-1.9186913552120997,0.27165894435335414,1.4972963731220266,-2.5441091895176733,0.1723932463388531,-7.806005083342929,-1.9844042620137459,-0.5836950257891168,1.055584770121112,-1.7310721564505096,0.3470259880740758,-0.3174494403235584,2.346328860970366,-4.872573797553731,0.8098016814868362,4.145709421976036,0.9073425379599104,0.9698128937451458,-2.344887789329501,-2.0119397181133523,0.8371320007613892,-3.074180397497151,0.8828622259811377,-1.554721150755236,1.3643655104706507,-2.2586366027496974,1.925120310781123,-1.1014773240407452,-1.659663059081761,-1.0072420711625039,1.5612190712017946,0.8554203352080832,-3.1355419074819846,-4.520586477260552,0.4578537264397814,-0.21848830746943512
0.6073384634853206,-1.0523304992517257,-1.3522887396959264,1.1180055254246617,2.120846771257537,-0.015311774355107673,-0.04892977619303877,-1.8312951322293047,-0.06224817156157138,-0.5239014948048022,-0.7598410246367846,1.0005585569985866,0.3511664619739211,4.116792813276306,0.9662245710475956,-0.057024181380114045,-0.3710303259144147,1.9398106486074786,1.4327095422203346,0.5319945024005853,-0.7242543585753042,2.510360862523744,-0.7515712922637339,-1.1473074607284421,0.2017191570257956,-0.48066125887440503,1.6081975693237232,1.2734762228208356,-0.5162649418633939,1.332462551359163,0.6356396960155568,0.33596226112741634,-0.07070210702415697,1.4132837921686865,-0.44323074859570705,0.7190181237802782,0.6110342917756505,1.3723825586338725,0.2764278521736465,0.2487582059679328,0.9036104585644353,1.4417749559781865,-1.7815293777971581,0.9396045284990249
1.4471446044632104,-1.7824014486723496,-3.1179130839517217,2.120846771257537,4.192113842617898,-0.3389348099816841,-0.04154011340161041,-3.915637246627495,0.3848220603397023,-0.9293202055947375,-1.6032499312072788,2.224532189551409,0.5288949766591381,8.561476471552556,2.024122327094557,0.05076810591183215,-0.8593334437083204,3.5584187886271743,2.2059479229971415,0.9471097802618298,-1.7626212591488288,5.2640203647690464,-1.422357715454684,-2.8644762066782823,0.09609500420314439,-1.027747640849675,3.1917268542176194,2.5359767406113067,-1.0336709183721118,2.9085813702971675,0.8202283720912285,0.9418422365524259,-0.4736985341004853,2.8563685809890482,-1.1941606597439947,1.434257046533855,1.4082102744756022,2.442926201471987,0.045523254949117437,0.18328349611297862,2.2317158875205596,3.44966525091918,-2.97543306797802,1.5772793924458055
-0.6541972413191725,-0.4786031326907562,1.2537022720523203,-0.015311774355107673,-0.3389348099816841,0.7568338851364332,-0.1246071586711647,0.9557856998447052,-1.1246408000898407,-0.2066888910113224,0.39159905273992396,-0.6910232151085048,0.3173778417133542,-1.6312241908675715,-0.4424192582857204,-0.3191427985241013,0.3637790727920548,0.3151052520879011,1.196883782269146,0.21080307641040824,0.878758242657626,-1.0468028770731208,-0.07242670646112141,1.5283467721625388,0.5987110835656336,0.24968898981268706,-0.24876350308367096,-0.24817984947596652,0.1290528874685824,-0.7976516128147212,0.9338950706741949,-0.6857060550760942,0.7071050805001412,-0.36767596797019836,0.7351184234871323,-0.1967196313079005,-0.5693570547233678,0.35836828676974064,1.0253949584560245,0.6569852659142649,-1.1496859448922447,-1.5403482054702016,-0.907400484541151,0.4958415569343133
0.07229814589709324,0.11430799095412404,-0.11995336426329038,-0.04892977619303877,-0.04154011340161041,-0.1246071586711647,0.027464625690668935,-0.054729229769725087,0.17021233547746406,0.0515909561766552,-0.04180573058578886,0.0406833202489224,-0.05962612604891549,0.053209537587270817,0.010153420661798649,0.039492370339565305,-0.04129973144521705,-0.13372572329003318,-0.26011768521018336,-0.06537274911932023,-0.11038273608018785,0.03930269761510997,0.05140551718472199,-0.16179188898303293,-0.08692471338761332,-0.02257567280913566,-0.03069103558495515,-0.031182022905176687,0.0036623507426367095,0.04906092368782544,-0.16388359790955642,0.09756991439506714,-0.10086981816013196,0.0019226017942870798,-0.07605517044764092,0.009910281527029144,0.06648214879924359,-0.12114935563061405,-0.1618609493420066,-0.11161996991659473,0.12577270708620794,0.15954111507447932,0.2114862573605298,-0.1094549950129303
-1.8548883697790481,1.0495287094690433,3.9027567121148334,-1.8312951322293047,-3.915637246627495,0.9557856998447052,-0.054729229769725087,4.320429365474638,-1.422564313925733,0.5986706913297687,1.662074476278071,-2.65751272416938,-0.1406933816530376,-8.963613647940349,-2.2167798843942537,-0.4053734439135014,1.068857008703453,-2.7651688881901744,-0.8380031053077613,-0.6846427912925479,2.306119274776639,-5.574303512960215,1.2060294457894194,4.0098628861790235,0.5602165040870816,1.098022176529196,-2.9803667751930405,-2.471608404465637,1.0063854173814715,-3.326573597405767,0.20472305442851102,-1.4254349277185487,1.1164993624483484,-2.7741374215859542,1.8140792953437093,-1.3564966251982473,-1.725111594360809,-1.7800601852726823,0.9701393413652055,0.4650049908952616,-3.0554676294301375,-4.480073417010267,1.6655550110248936,-0.8496860170227483
0.996166191234654,0.8627186395289821,-1.9186913552120997,-0.06224817156157138,0.3848220603397023,-1.1246408000898407,0.17021233547746406,-1.422564313925733,1.7991395134408148,0.3526019165406751,-0.4832171773313577,1.119936879878325,-0.5439074598685457,2.3324305424669682,0.676563650019183,0.5752910268452329,-0.5295302352873149,-0.6359094852576195,-1.929451789828418,-0.30701530149037826,-1.2932916794624905,1.528550007814622,0.11814031405618222,-2.415248246072829,-1.0368994823873081,-0.3358538007989414,0.28523785190292966,0.3534145066399208,-0.16250641059684456,1.237917241542405,-1.5211163054199064,1.023187578725972,-1.1512605144962966,0.44330665781682943,-1.2197235709063543,0.186698598594147,0.8163843830840629,-0.6528404157216873,-1.6960696710978702,-1.0522296793303165,1.789479034698452,2.4004164552670413,1.600115204210758,-0.8725578491568311
-0.10652059355218649,0.6465412902577418,0.27165894435335414,-0.5239014948048022,-0.9293202055947375,-0.2066888910113224,0.0515909561766552,0.5986706913297687,0.3526019165406751,0.32936559594264303,0.2697029875060654,-0.2615367584984678,-0.26567153504250723,-1.501065014720924,-0.3114828961861314,0.1260616606359624,0.07449005729272876,-1.0279678727029287,-1.0136180761186617,-0.3168568900544955,0.11039333498374998,-0.9095004745850251,0.3851716417752257,0.08883944475791604,-0.2752892654785274,0.17106727132845428,-0.7187116513365193,-0.5245469276763176,0.2081184730849003,-0.40452884725772914,-0.5950360671755822,0.021894220975742076,-0.158669568789429,-0.5911791677297755,-0.006784726314370377,-0.2964680929287651,-0.13904518174966007,-0.748482616990165,-0.42033562491221393,-0.30670766372295166,-0.0951444509906935,-0.2517139032854761,1.117015018203959,-0.6101995038689222
-0.7463609633764747,0.4866956711359161,1.4972963731220266,-0.7598410246367846,-1.6032499312072788,0.39159905273992396,-0.04180573058578886,1.662074476278071,-0.4832171773313577,0.2697029875060654,0.7562870987267897,-0.9662678811425224,-0.0860843311635099,-3.515149147290801,-0.818871924287451,-0.09108753144849914,0.4300981303434919,-1.1406085755714126,-0.3221281933999221,-0.2092218719326226,0.935464165927515,-2.160510388836371,0.4380614401314474,1.4419362611621365,0.1155351344692554,0.4546179452615876,-1.2080023622086453,-0.9385233092065843,0.41113889553215466,-1.2458956163088761,-0.01122449841770164,-0.5776914117146903,0.3715257779213527,-1.1383489372907571,0.6033772247620495,-0.6040590930057702,-0.6879062634413798,-0.7257050309553287,0.31248371528272056,0.15031423820969725,-1.1300479738008895,-1.7024634414964765,0.7647085811094512,-0.42425429737876097
1.2297763346712045,-0.39044769693992437,-2.5441091895176733,1.0005585569985866,2.224532189551409,-0.6910232151085048,0.0406833202489224,-2.65751272416938,1.119936879878325,-0.2615367584984678,-0.9662678811425224,1.7451193149805933,-0.04546855479055767,5.376398057369695,1.3774263601616337,0.373752830663854,-0.6754596658152294,1.3778650861222907,0.11102258600043999,0.32481667909647327,-1.477536119598238,3.357575218458651,-0.6452191944504029,-2.697207139652829,-0.5411991407879143,-0.6397643976716393,1.6774063442402867,1.453575375493323,-0.5850198011274753,2.097100767820641,-0.3989716737373288,0.947516058198328,-0.8329175529146752,1.561201042560684,-1.2668152878742514,0.7333649261214541,1.0587045782446862,0.8584549869735962,-0.8950441398860837,-0.4506597595743569,2.029597010244471,2.9607841094759633,-0.5810136008108382,0.28947216899530365
-0.1261337741299991,-0.5806241561294825,0.1723932463388531,0.3511664619739211,0.5288949766591381,0.3173778417133542,-0.05962612604891549,-0.1406933816530376,-0.5439074598685457,-0.26567153504250723,-0.0860843311635099,-0.04546855479055767,0.2781757032012123,0.5702779124955819,0.0879513510757856,-0.19566304746972474,0.04187748824870921,0.7927104542070789,1.0192826096688283,0.27085885523535225,0.15555594107517767,0.3257953375428223,-0.2771690469320996,0.3624404102280869,0.36828086862175913,-0.05705284939516156,0.4169287071476278,0.2805323582093029,-0.10570626363966439,0.0385930706866158,0.6400641507641388,-0.1921134444291212,0.3066232322785608,0.3195324079318076,0.2234111478481218,0.17286212794979763,-0.03718096530423497,0.6121283037267728,0.5983180176079299,0.3847800050571409,-0.24977149816897082,-0.2825032478696803,-1.0254297862326036,0.5433379725621496
3.6790250618007287,-2.7529102914760615,-7.806005083342929,4.116792813276306,8.561476471552556,-1.6312241908675715,0.053209537587270817,-8.963613647940349,2.3324305424669682,-1.501065014720924,-3.515149147290801,5.376398057369695,0.5702779124955819,18.900082856710252,4.612129590136347,0.6163225815387857,-2.1451724396003184,6.4646628059872,2.73765208816958,1.6467276869413014,-4.563612085843557,11.709954143747009,-2.7286992832809562,-7.793297219897268,-0.7426739416368665,-2.3035094067178705,6.517371846646378,5.330788715894485,-2.1718806276853138,6.823314817711068,0.25575713190766897,2.7188338479716467,-1.9447147183736266,5.996500665593866,-3.450482878446325,2.9628712737035805,3.4818359530882215,4.267846078291785,-1.3642747672452344,-0.5496233551790405,5.971856007387905,8.863238561484634,-4.4694252383142095,2.3129372032439903
0.9249866531072124,-0.575849892440184,-1.9844042620137459,0.9662245710475956,2.024122327094557,-0.4424192582857204,0.010153420661798649,-2.2167798843942537,0.676563650019183,-0.3114828961861314,-0.818871924287451,1.3774263601616337,0.0879513510757856,4.612129590136347,1.164469347568269,0.2052903343477663,-0.5344599932734846,1.4694698588050623,0.5470597526710739,0.38385906617078575,-1.1346473507176005,2.8610714025276054,-0.6431600602694589,-2.037995144660073,-0.27044198583543283,-0.5474789831478327,1.5326974596295564,1.3022793625714766,-0.5213779229483608,1.7080146483758616,-0.06841178588172563,0.6865621211762025,-0.5360454889569743,1.4135289328758605,-0.923785754291969,0.6843733189381438,0.8580005002502334,0.9729225972104145,-0.4389308368662797,-0.19906055025526745,1.5420630034973761,2.2541773666219602,-0.9296526544330779,0.4590895559711792
0.3038864898082659,0.3250261735570754,-0.5836950257891168,-0.057024181380114045,0.05076810591183215,-0.3191427985241013,0.039492370339565305,-0.4053734439135014,0.5752910268452329,0.1260616606359624,-0.09108753144849914,0.373752830663854,-0.19566304746972474,0.6163225815387857,0.2052903343477663,0.21743527057218334,-0.14551401476417739,-0.2734885623221316,-0.6348436540982627,-0.09455790488732539,-0.36058927595225004,0.41600028003461853,0.04670269325978268,-0.7608700364987055,-0.3690437707610529,-0.07378600222157454,0.033276431677052326,0.09362253556916489,-0.03322602014484888,0.3793186063673269,-0.5019359957193164,0.2918825738512,-0.3732648510504082,0.06612776036008176,-0.40976258472549165,-0.002037811610759026,0.21119262136609104,-0.24805322867203464,-0.5757951026085699,-0.33878846082276304,0.5501540504246929,0.7457728968463441,0.5878518852949116,-0.31793627486690357
-0.5190211320904375,0.10674417984121749,1.055584770121112,-0.3710303259144147,-0.8593334437083204,0.3637790727920548,-0.04129973144521705,1.068857008703453,-0.5295302352873149,0.07449005729272876,0.4300981303434919,-0.6754596658152294,0.04187748824870921,-2.1451724396003184,-0.5344599932734846,-0.14551401476417739,0.2958494164887331,-0.48060096348306103,0.10900224685250297,-0.0794122545550557,0.6603674475951156,-1.3376185889751344,0.217115092372998,1.1275215963079126,0.23547813546112567,0.27641325687301155,-0.6494613082381184,-0.5421901152935344,0.2306979571877153,-0.8331333311564157,0.24416386894078035,-0.4401441591316434,0.37381765372119424,-0.6372127924088334,0.5140393049578813,-0.32118015568434427,-0.47194366448280095,-0.2736226357968679,0.4184130357824495,0.2382549301961566,-0.8590617700112987,-1.2317143523651153,0.13441946535515165,-0.06475687550750604
0.7121536311087912,-2.094725751117471,-1.7310721564505096,1.9398106486074786,3.5584187886271743,0.3151052520879011,-0.13372572329003318,-2.7651688881901744,-0.6359094852576195,-1.0279678727029287,-1.1406085755714126,1.3778650861222907,0.7927104542070789,6.4646628059872,1.4694698588050623,-0.2734885623221316,-0.48060096348306103,3.5984306138554087,3.1280128928626585,1.081116308216216,-0.8670129389825236,3.938107755995006,-1.389501938414701,-1.2823452200534724,0.644925277176243,-0.7494733847797017,2.7337387185497577,2.111898202890367,-0.8377577686017511,1.9532887592272303,1.5628012434375986,0.27757651213310897,0.18894235870280993,2.3554986705298284,-0.4293831575463181,1.189794145247653,0.8421092493178017,2.589336310898804,1.0117023513267585,0.7517608771976954,1.041505092576886,1.7615451603993932,-3.5933561551639532,1.8911360512311897
-0.35881192510315835,-2.2022189104394365,0.3470259880740758,1.4327095422203346,2.2059479229971415,1.196883782269146,-0.26011768521018336,-0.8380031053077613,-1.929451789828418,-1.0136180761186617,-0.3221281933999221,0.11102258600043999,1.0192826096688283,2.73765208816958,0.5470597526710739,-0.6348436540982627,0.10900224685250297,3.1280128928626585,3.952211846127553,1.1125596932056863,0.4986898740869106,1.5986857209778156,-1.1519423101726338,1.0002524829844754,1.2640409816010199,-0.24180002766761574,1.7175631937229967,1.2720007120445351,-0.45820858731639746,0.4219465548245331,2.3471312695627473,-0.6867548851893953,1.0608123846257853,1.3041472269541752,0.6291520884440578,0.6515121362888183,-0.08347704856310739,2.4306265120195305,2.139722065334719,1.417843644295885,-0.7008521203222309,-0.7242977673075284,-3.8987700459078334,2.0380729880175834
0.08263852189366322,-0.6458235186708492,-0.3174494403235584,0.5319945024005853,0.9471097802618298,0.21080307641040824,-0.06537274911932023,-0.6846427912925479,-0.30701530149037826,-0.3168568900544955,-0.2092218719326226,0.32481667909647327,0.27085885523535225,1.6467276869413014,0.38385906617078575,-0.09455790488732539,-0.0794122545550557,1.081116308216216,1.1125596932056863,0.402214030295233,-0.10800857705253898,1.0203029644705397,-0.4526260381467171,-0.2190077770882866,0.2174076681349105,-0.17682416643393975,0.7507667898259462,0.5945815415323816,-0.21204545405890293,0.4838955111364615,0.5461891039678107,-0.027238237404124423,0.11061445634426893,0.6220750001552231,-0.08071333976012107,0.2815628432478327,0.16845664856921141,0.7953979533572674,0.4209945060839993,0.2999402219417532,0.17210762945390787,0.3032256765713764,-1.1310277463007,0.5763079772343349
-1.1708654494895725,0.09747806087856185,2.346328860970366,-0.7242543585753042,-1.7626212591488288,0.878758242657626,-0.11038273608018785,2.306119274776639,-1.2932916794624905,0.11039333498374998,0.935464165927515,-1.477536119598238,0.15555594107517767,-4.563612085843557,-1.1346473507176005,-0.36058927595225004,0.6603674475951156,-0.8670129389825236,0.4986898740869106,-0.10800857705253898,1.4981124559570138,-2.8576353213890555,0.41052170596036935,2.545284312334173,0.5997217146782718,0.6009599736258953,-1.3345239099670019,-1.1108105713616638,0.47922640259513405,-1.8127156935240232,0.6776435592901718,-1.021374573759534,0.8998881529925322,-1.3329262623421745,1.1743495325779272,-0.6691686063577055,-1.051608908841785,-0.4441491402941887,1.065499242982987,0.6164168329788874,-1.9389753106739138,-2.7700250602529675,0.04835373420075601,-0.02154704107045484
2.2955830670422808,-1.6391714897388312,-4.872573797553731,2.510360862523744,5.2640203647690464,-1.0468028770731208,0.03930269761510997,-5.574303512960215,1.528550007814622,-0.9095004745850251,-2.160510388836371,3.357575218458651,0.3257953375428223,11.709954143747009,2.8610714025276054,0.41600028003461853,-1.3376185889751344,3.938107755995006,1.5986857209778156,1.0203029644705397,-2.8576353213890555,7.2732200788279995,-1.6868731490942965,-4.9123271442777074,-0.5242059450252753,-1.4310903714420455,4.019959499041056,3.2908612541375657,-1.3347235308880427,4.25801521471487,0.08221615111198868,1.7167822474310699,-1.2691681994803663,3.7038156770013906,-2.1966221743446916,1.8144494542321477,2.1782021100345688,2.581891090195146,-0.9285751544181164,-0.39089908300853476,3.7585894954170476,5.560567694241086,-2.6540233423721027,1.3704745797510867
-0.3307195699411763,0.7594857342903208,0.8098016814868362,-0.7515712922637339,-1.422357715454684,-0.07242670646112141,0.05140551718472199,1.2060294457894194,0.11814031405618222,0.3851716417752257,0.4380614401314474,-0.6452191944504029,-0.2771690469320996,-2.7286992832809562,-0.6431600602694589,0.04670269325978268,0.217115092372998,-1.389501938414701,-1.1519423101726338,-0.4526260381467171,0.41052170596036935,-1.6868731490942965,0.5751155873515398,0.7063472401100409,-0.15130768816066226,0.3138001743609125,-1.105621284390141,-0.8791169268345764,0.3360587890274036,-0.8826873448580412,-0.5080928499588696,-0.16449054675695346,0.02776157436822911,-0.9566732817598048,0.2930835879104956,-0.4555547580265259,-0.38325663976296,-0.9871649336567898,-0.2772321489515927,-0.22768968010024568,-0.5493923587409917,-0.8689239025660767,1.3031383553563662,-0.6738346545192558
-2.023873146938932,-0.03478723671111594,4.145709421976036,-1.1473074607284421,-2.8644762066782823,1.5283467721625388,-0.16179188898303293,4.0098628861790235,-2.415248246072829,0.08883944475791604,1.4419362611621365,-2.697207139652829,0.3624404102280869,-7.793297219897268,-2.037995144660073,-0.7608700364987055,1.1275215963079126,-1.2823452200534724,1.0002524829844754,-0.2190077770882866,2.545284312334173,-4.9123271442777074,0.7063472401100409,4.650247939749715,1.246910458608039,0.9786011149839211,-2.1700879724880644,-1.9325796393732653,0.7906797444042257,-3.2160237044402384,1.4045910325039646,-1.7514998022445527,1.681757848028104,-2.1551699310467285,2.2219812464312834,-1.0134376917009054,-1.7842116071954124,-0.6412782991707696,2.034020225653649,1.1664985016139935,-3.4863178364417893,-4.913478532040171,-0.23753247564460994,0.18398126907660642
-0.47506391890063454,-0.6594706811000046,0.9073425379599104,0.2017191570257956,0.09609500420314439,0.5987110835656336,-0.08692471338761332,0.5602165040870816,-1.0368994823873081,-0.2752892654785274,0.1155351344692554,-0.5411991407879143,0.36828086862175913,-0.7426739416368665,-0.27044198583543283,-0.3690437707610529,0.23547813546112567,0.644925277176243,1.2640409816010199,0.2174076681349105,0.5997217146782718,-0.5242059450252753,-0.15130768816066226,1.246910458608039,0.6574564030518787,0.10482701835506229,0.07437932517809427,-0.04326958344902401,0.014020160890200237,-0.5435747718479214,0.9601933515921258,-0.5086006655345516,0.6599634945002693,-0.021904197976472316,0.6735060752050861,0.038272960581258425,-0.35175297607453004,0.5618222186167301,1.0261718107178102,0.6301167442617255,-0.9018896141793677,-1.1805944405597955,-1.1865444782685088,0.6474714323734
-0.4640306599570777,0.3057309224324591,0.9698128937451458,-0.48066125887440503,-1.027747640849675,0.24968898981268706,-0.02257567280913566,1.098022176529196,-0.3358538007989414,0.17106727132845428,0.4546179452615876,-0.6397643976716393,-0.05705284939516156,-2.3035094067178705,-0.5474789831478327,-0.07378600222157454,0.27641325687301155,-0.7494733847797017,-0.24180002766761574,-0.17682416643393975,0.6009599736258953,-1.4310903714420455,0.3138001743609125,0.9786011149839211,0.10482701835506229,0.29661285134373466,-0.7887439498711244,-0.624840911626754,0.26140404490653885,-0.8311882749643635,0.01414254176482587,-0.3711844347553303,0.2685507416417709,-0.7445342717724506,0.4286380092032209,-0.37708175833858837,-0.45641361279146303,-0.4754654980263957,0.20649892689569463,0.10242021855110905,-0.7572018086860401,-1.1127341419702128,0.48503942876548156,-0.2545047949725857
1.0798224706998274,-1.3685953361705745,-2.344887789329501,1.6081975693237232,3.1917268542176194,-0.24876350308367096,-0.03069103558495515,-2.9803667751930405,0.28523785190292966,-0.7187116513365193,-1.2080023622086453,1.6774063442402867,0.4169287071476278,6.517371846646378,1.5326974596295564,0.033276431677052326,-0.6494613082381184,2.7337387185497577,1.7175631937229967,0.7507667898259462,-1.3345239099670019,4.019959499041056,-1.105621284390141,-2.1700879724880644,0.07437932517809427,-0.7887439498711244,2.4462259129692008,1.9319404335373103,-0.7823763215427657,2.213666095145645,0.640899043200233,0.7136644679536772,-0.36880637808509004,2.1912936706055706,-0.9115754902303667,1.0921498198155624,1.0792794882240528,1.8692577310782705,0.05391658585639303,0.1480123178097827,1.6920385142872116,2.60623933926855,-2.288311425331279,1.210442168381407
0.9151635610204022,-1.009276533141223,-2.0119397181133523,1.2734762228208356,2.5359767406113067,-0.24817984947596652,-0.031182022905176687,-2.471608404465637,0.3534145066399208,-0.5245469276763176,-0.9385233092065843,1.453575375493323,0.2805323582093029,5.330788715894485,1.3022793625714766,0.09362253556916489,-0.5421901152935344,2.111898202890367,1.2720007120445351,0.5945815415323816,-1.1108105713616638,3.2908612541375657,-0.8791169268345764,-1.9325796393732653,-0.04326958344902401,-0.624840911626754,1.9319404335373103,1.5856863640292163,-0.6305875926254582,1.8620214205943115,0.37513755141119215,0.6049422437193374,-0.36965671724378946,1.7295578549598818,-0.8416466537139445,0.844008209952955,0.8868325519361748,1.4535978079145062,-0.07798550380709679,0.049015453401459,1.480245130926275,2.237260400871064,-1.6873196479770856,0.8689893019567771
-0.3924538214474242,0.4002609339978237,0.8371320007613892,-0.5162649418633939,-1.0336709183721118,0.1290528874685824,0.0036623507426367095,1.0063854173814715,-0.16250641059684456,0.2081184730849003,0.41113889553215466,-0.5850198011274753,-0.10570626363966439,-2.1718806276853138,-0.5213779229483608,-0.03322602014484888,0.2306979571877153,-0.8377577686017511,-0.45820858731639746,-0.21204545405890293,0.47922640259513405,-1.3347235308880427,0.3360587890274036,0.7906797444042257,0.014020160890200237,0.26140404490653885,-0.7823763215427657,-0.6305875926254582,0.25908930753061593,-0.7529037557629236,-0.13616141769181841,-0.2680833857035014,0.15479719730368016,-0.7086952468899426,0.3342338823016012,-0.35803804854607324,-0.37330374208937583,-0.5700641398507325,0.052699196715153156,-0.0035707453236779865,-0.6119719584131501,-0.9304940548915034,0.6615579823538817,-0.3478514171556723
1.469362998207583,-0.6653353864394203,-3.074180397497151,1.332462551359163,2.9085813702971675,-0.7976516128147212,0.04906092368782544,-3.326573597405767,1.237917241542405,-0.40452884725772914,-1.2458956163088761,2.097100767820641,0.0385930706866158,6.823314817711068,1.7080146483758616,0.3793186063673269,-0.8331333311564157,1.9532887592272303,0.4219465548245331,0.4838955111364615,-1.8127156935240232,4.25801521471487,-0.8826873448580412,-3.2160237044402384,-0.5435747718479214,-0.8311882749643635,2.213666095145645,1.8620214205943115,-0.7529037557629236,2.589349045792717,-0.31070335736664145,1.1418683834413614,-0.9509915396892088,2.0647032514446653,-1.4843597329634386,0.9901892754837516,1.3354520506254066,1.2349047666279562,-0.91154724530695,-0.4522170776011339,2.437984309554589,3.559600024706503,-1.034288694978488,0.5230579319029159
-0.494479316918452,-1.2717680307982409,0.8828622259811377,0.6356396960155568,0.8202283720912285,0.9338950706741949,-0.16388359790955642,0.20472305442851102,-1.5211163054199064,-0.5950360671755822,-0.01122449841770164,-0.3989716737373288,0.6400641507641388,0.25575713190766897,-0.06841178588172563,-0.5019359957193164,0.24416386894078035,1.5628012434375986,2.3471312695627473,0.5461891039678107,0.6776435592901718,0.08221615111198868,-0.5080928499588696,1.4045910325039646,0.9601933515921258,0.01414254176482587,0.640899043200233,0.37513755141119215,-0.13616141769181841,-0.31070335736664145,1.6257826318656947,-0.6596019235436181,0.8982061480728645,0.39660393918751624,0.7691392478417608,0.22276328486996097,-0.35082607775332625,1.2553849605922223,1.5306770272574932,1.0027099076220662,-1.0061036036765363,-1.2041765623110592,-2.2652373959649217,1.2390582191690673
0.7906563520238901,0.14048046083654453,-1.554721150755236,0.33596226112741634,0.9418422365524259,-0.6857060550760942,0.09756991439506714,-1.4254349277185487,1.023187578725972,0.021894220975742076,-0.5776914117146903,0.947516058198328,-0.1921134444291212,2.7188338479716467,0.6865621211762025,0.2918825738512,-0.4401441591316434,0.27757651213310897,-0.6867548851893953,-0.027238237404124423,-1.021374573759534,1.7167822474310699,-0.16449054675695346,-1.7514998022445527,-0.5086006655345516,-0.3711844347553303,0.7136644679536772,0.6049422437193374,-0.2680833857035014,1.1418683834413614,-0.6596019235436181,0.7310978339916034,-0.6884329051439745,0.7525191894620816,-0.824699292612837,0.3776030004766391,0.6968849524579008,0.06355066132710827,-0.8891477908608069,-0.5340902103683398,1.3292660817253819,1.8681036120672123,0.3276039684223452,-0.17582722217566432
-0.6946476039779232,-0.443123854283464,1.3643655104706507,-0.07070210702415697,-0.4736985341004853,0.7071050805001412,-0.10086981816013196,1.1164993624483484,-1.1512605144962966,-0.158669568789429,0.3715257779213527,-0.8329175529146752,0.3066232322785608,-1.9447147183736266,-0.5360454889569743,-0.3732648510504082,0.37381765372119424,0.18894235870280993,1.0608123846257853,0.11061445634426893,0.8998881529925322,-1.2691681994803663,0.02776157436822911,1.681757848028104,0.6599634945002693,0.2685507416417709,-0.36880637808509004,-0.36965671724378946,0.15479719730368016,-0.9509915396892088,0.8982061480728645,-0.6884329051439745,0.7646678573414868,-0.4413169258190741,0.8500883103024391,-0.18309004471122525,-0.5889770266352267,0.27093735490127185,1.0651110057070252,0.6462165189491842,-1.2494692121852304,-1.701083563662887,-0.8367513708704828,0.4577528939530329
1.0465599925380193,-1.1297205394687362,-2.2586366027496974,1.4132837921686865,2.8563685809890482,-0.36767596797019836,0.0019226017942870798,-2.7741374215859542,0.44330665781682943,-0.5911791677297755,-1.1383489372907571,1.561201042560684,0.3195324079318076,5.996500665593866,1.4135289328758605,0.06612776036008176,-0.6372127924088334,2.3554986705298284,1.3041472269541752,0.6220750001552231,-1.3329262623421745,3.7038156770013906,-0.9566732817598048,-2.1551699310467285,-0.021904197976472316,-0.7445342717724506,2.1912936706055706,1.7295578549598818,-0.7086952468899426,2.0647032514446653,0.39660393918751624,0.7525191894620816,-0.4413169258190741,2.003544010095413,-0.9105981985921541,1.0115115106761827,1.0626790947420082,1.5824302576297806,-0.10532435772872131,0.017015214263062232,1.6779975466753216,2.527655839248732,-1.8687898186684675,0.9788026012037542
-0.9399460211903284,-0.1445406427091403,1.925120310781123,-0.44323074859570705,-1.1941606597439947,0.7351184234871323,-0.07605517044764092,1.8140792953437093,-1.2197235709063543,-0.006784726314370377,0.6033772247620495,-1.2668152878742514,0.2234111478481218,-3.450482878446325,-0.923785754291969,-0.40976258472549165,0.5140393049578813,-0.4293831575463181,0.6291520884440578,-0.08071333976012107,1.1743495325779272,-2.1966221743446916,0.2930835879104956,2.2219812464312834,0.6735060752050861,0.4286380092032209,-0.9115754902303667,-0.8416466537139445,0.3342338823016012,-1.4843597329634386,0.7691392478417608,-0.824699292612837,0.8500883103024391,-0.9105981985921541,1.0945506328631047,-0.3998536007019542,-0.8110931457791043,-0.1718761892931839,1.0641659490065096,0.6083298610497888,-1.6530271647218204,-2.3148700987087008,-0.3280499898220487,0.2029839405868745
0.5166368331408091,-0.5934255554268217,-1.1014773240407452,0.7190181237802782,1.434257046533855,-0.1967196313079005,0.009910281527029144,-1.3564966251982473,0.186698598594147,-0.2964680929287651,-0.6040590930057702,0.7333649261214541,0.17286212794979763,2.9628712737035805,0.6843733189381438,-0.002037811610759026,-0.32118015568434427,1.189794145247653,0.6515121362888183,0.2815628432478327,-0.6691686063577055,1.8144494542321477,-0.4555547580265259,-1.0134376917009054,0.038272960581258425,-0.37708175833858837,1.0921498198155624,0.844008209952955,-0.35803804854607324,0.9901892754837516,0.22276328486996097,0.3776030004766391,-0.18309004471122525,1.0115115106761827,-0.3998536007019542,0.5364972297070155,0.534174166708403,0.801060761080658,-0.007975791542908336,0.022652579302614363,0.801402761159731,1.2120961918131588,-0.9785952222980714,0.5154923424407452
0.8019573378538533,-0.21812214166719257,-1.659663059081761,0.6110342917756505,1.4082102744756022,-0.5693570547233678,0.06648214879924359,-1.725111594360809,0.8163843830840629,-0.13904518174966007,-0.6879062634413798,1.0587045782446862,-0.03718096530423497,3.4818359530882215,0.8580005002502334,0.21119262136609104,-0.47194366448280095,0.8421092493178017,-0.08347704856310739,0.16845664856921141,-1.051608908841785,2.1782021100345688,-0.38325663976296,-1.7842116071954124,-0.35175297607453004,-0.45641361279146303,1.0792794882240528,0.8868325519361748,-0.37330374208937583,1.3354520506254066,-0.35082607775332625,0.6968849524579008,-0.5889770266352267,1.0626790947420082,-0.8110931457791043,0.534174166708403,0.7717388522053539,0.48539476985901703,-0.6115418175598696,-0.3547380630409601,1.3622319171325894,1.9369031982516243,-0.2990387173395303,0.13980730179879525
0.3833294361938397,-1.5620572198809768,-1.0072420711625039,1.3723825586338725,2.442926201471987,0.35836828676974064,-0.12114935563061405,-1.7800601852726823,-0.6528404157216873,-0.748482616990165,-0.7257050309553287,0.8584549869735962,0.6121283037267728,4.267846078291785,0.9729225972104145,-0.24805322867203464,-0.2736226357968679,2.589336310898804,2.4306265120195305,0.7953979533572674,-0.4441491402941887,2.581891090195146,-0.9871649336567898,-0.6412782991707696,0.5618222186167301,-0.4754654980263957,1.8692577310782705,1.4535978079145062,-0.5700641398507325,1.2349047666279562,1.2553849605922223,0.06355066132710827,0.27093735490127185,1.5824302576297806,-0.1718761892931839,0.801060761080658,0.48539476985901703,1.899844649074254,0.9050596663055783,0.6495972065352569,0.5312883795359419,0.9610524131836098,-2.6983867653567146,1.4125012571314373
-0.8572520104908782,-1.036780569447127,1.5612190712017946,0.2764278521736465,0.045523254949117437,1.0253949584560245,-0.1618609493420066,0.9701393413652055,-1.6960696710978702,-0.42033562491221393,0.31248371528272056,-0.8950441398860837,0.5983180176079299,-1.3642747672452344,-0.4389308368662797,-0.5757951026085699,0.4184130357824495,1.0117023513267585,2.139722065334719,0.4209945060839993,1.065499242982987,-0.9285751544181164,-0.2772321489515927,2.034020225653649,1.0261718107178102,0.20649892689569463,0.05391658585639303,-0.07798550380709679,0.052699196715153156,-0.91154724530695,1.5306770272574932,-0.8891477908608069,1.0651110057070252,-0.10532435772872131,1.0641659490065096,-0.007975791542908336,-0.6115418175598696,0.9050596663055783,1.6995430975039008,1.039440764695985,-1.4963338187763326,-2.0159709068999474,-1.8901962579109777,0.9950069889225159
-0.4700522755074361,-0.7030829130860595,0.8554203352080832,0.2487582059679328,0.18328349611297862,0.6569852659142649,-0.11161996991659473,0.4650049908952616,-1.0522296793303165,-0.30670766372295166,0.15031423820969725,-0.4506597595743569,0.3847800050571409,-0.5496233551790405,-0.19906055025526745,-0.33878846082276304,0.2382549301961566,0.7517608771976954,1.417843644295885,0.2999402219417532,0.6164168329788874,-0.39089908300853476,-0.22768968010024568,1.1664985016139935,0.6301167442617255,0.10242021855110905,0.1480123178097827,0.049015453401459,-0.0035707453236779865,-0.4522170776011339,1.0027099076220662,-0.5340902103683398,0.6462165189491842,0.017015214263062232,0.6083298610497888,0.022652579302614363,-0.3547380630409601,0.6495972065352569,1.039440764695985,0.6606880491747987,-0.8577854090029888,-1.114223771738706,-1.2736350259364502,0.6831789977590179
1.5369383558213805,-0.028009429854830098,-3.1355419074819846,0.9036104585644353,2.2317158875205596,-1.1496859448922447,0.12577270708620794,-3.0554676294301375,1.789479034698452,-0.0951444509906935,-1.1300479738008895,2.029597010244471,-0.24977149816897082,5.971856007387905,1.5420630034973761,0.5501540504246929,-0.8590617700112987,1.041505092576886,-0.7008521203222309,0.17210762945390787,-1.9389753106739138,3.7585894954170476,-0.5493923587409917,-3.4863178364417893,-0.9018896141793677,-0.7572018086860401,1.6920385142872116,1.480245130926275,-0.6119719584131501,2.437984309554589,-1.0061036036765363,1.3292660817253819,-1.2494692121852304,1.6779975466753216,-1.6530271647218204,0.801402761159731,1.3622319171325894,0.5312883795359419,-1.4963338187763326,-0.8577854090029888,2.623633092200294,3.7119767481311916,0.0900674122009539,-0.08301658162072446
2.238564231297842,-0.23144958690683534,-4.520586477260552,1.4417749559781865,3.44966525091918,-1.5403482054702016,0.15954111507447932,-4.480073417010267,2.4004164552670413,-0.2517139032854761,-1.7024634414964765,2.9607841094759633,-0.2825032478696803,8.863238561484634,2.2541773666219602,0.7457728968463441,-1.2317143523651153,1.7615451603993932,-0.7242977673075284,0.3032256765713764,-2.7700250602529675,5.560567694241086,-0.8689239025660767,-4.913478532040171,-1.1805944405597955,-1.1127341419702128,2.60623933926855,2.237260400871064,-0.9304940548915034,3.559600024706503,-1.2041765623110592,1.8681036120672123,-1.701083563662887,2.527655839248732,-2.3148700987087008,1.2120961918131588,1.9369031982516243,0.9610524131836098,-2.0159709068999474,-1.114223771738706,3.7119767481311916,5.340760416729229,-0.19833727775233723,0.09125058847629941
-0.0698424016497385,2.3795376418027177,0.4578537264397814,-1.7815293777971581,-2.97543306797802,-0.907400484541151,0.2114862573605298,1.6655550110248936,1.600115204210758,1.117015018203959,0.7647085811094512,-0.5810136008108382,-1.0254297862326036,-4.4694252383142095,-0.9296526544330779,0.5878518852949116,0.13441946535515165,-3.5933561551639532,-3.8987700459078334,-1.1310277463007,0.04835373420075601,-2.6540233423721027,1.3031383553563662,-0.23753247564460994,-1.1865444782685088,0.48503942876548156,-2.288311425331279,-1.6873196479770856,0.6615579823538817,-1.034288694978488,-2.2652373959649217,0.3276039684223452,-0.8367513708704828,-1.8687898186684675,-0.3280499898220487,-0.9785952222980714,-0.2990387173395303,-2.6983867653567146,-1.8901962579109777,-1.2736350259364502,0.0900674122009539,-0.19833727775233723,4.149164639387691,-2.196962678684809
0.04839279505285343,-1.2635835902926043,-0.21848830746943512,0.9396045284990249,1.5772793924458055,0.4958415569343133,-0.1094549950129303,-0.8496860170227483,-0.8725578491568311,-0.6101995038689222,-0.42425429737876097,0.28947216899530365,0.5433379725621496,2.3129372032439903,0.4590895559711792,-0.31793627486690357,-0.06475687550750604,1.8911360512311897,2.0380729880175834,0.5763079772343349,-0.02154704107045484,1.3704745797510867,-0.6738346545192558,0.18398126907660642,0.6474714323734,-0.2545047949725857,1.210442168381407,0.8689893019567771,-0.3478514171556723,0.5230579319029159,1.2390582191690673,-0.17582722217566432,0.4577528939530329,0.9788026012037542,0.2029839405868745,0.5154923424407452,0.13980730179879525,1.4125012571314373,0.9950069889225159,0.6831789977590179,-0.08301658162072446,0.09125058847629941,-2.196962678684809,1.1885510519555693
