V1,V2,V3,V4,V5,V6,V7,V8,V9,V10,V11,V12,V13,V14,V15,V16,V17,V18,V19,V20,V21,V22,V23,V24,V25,V26,V27,V28,V29,V30,V31,V32,V33,V34,V35,V36,V37,V38,V39,V40,V41,V42,V43,V44
5.453115318436215,-1.6689979650538598,-0.3327273189019136,0.8979332364075698,3.2616414716525126,-8.333449786016715,3.961525514644122,3.6690839367522954,-0.07207088548382917,-1.0367031102458004,-13.916986454829873,-8.44917225436696,0.029096788079724087,-2.9761484500854913,-7.149079351028514,-6.014140525748887,-2.965982346525373,-2.860679834545159,-16.623775588704927,-11.412292093961142,-8.65132035607547,-4.474543715930433,7.947777022375555,9.14444489090776,7.779223094557307,-3.481461058612053,1.0225685009844614,-7.192010059316201,-1.081400424631798,-6.350853034625149,1.926304309258555,6.902961199187997,2.7757651477766663,4.214702942174342,9.738052411860554,8.12544424873719,3.916857830003984,-5.03637548956659,-0.9112239484218969,-2.2779909658417807,-3.0337229581887555,-0.03183114113917042,0.12926390344076044,4.1870150134977715
-1.6689979650538598,1.1273592477978855,-0.3458534542081701,-0.5159007273236528,-1.435311415962194,2.7303400945878895,-1.4130684669559075,-1.4239362017144233,0.42340862471078433,0.4987684056063122,5.022918821529312,3.4479527281563804,-0.18451453880898847,0.9123616407754142,2.6856983431757797,2.4932532081782828,1.0896202609737529,0.3561095512778928,5.07241706348971,3.8929125948744114,2.968668248332172,1.4926250196544315,-2.603681249734348,-3.6999817478279784,-3.1652339241974854,1.3710134322506122,-0.5642951442898398,2.4691761878781913,0.4249892741819509,2.3984106209236957,-1.1105425943413436,-2.2239399986514883,-1.2243901396758952,-1.7559810011584176,-3.792499448982119,-3.077531770109517,-1.4805693395960338,1.3355499310947887,-0.3255354362642367,0.5381244973064457,1.3683814509286094,0.5822905910225948,0.87781018493475,-1.8239742561483434
-0.3327273189019136,-0.3458534542081701,0.6267120630676509,-0.003731667697992659,0.005079980851698814,0.27868949655337133,0.008817253029531874,0.32534245823820696,-0.22432259941500837,0.012826605229224571,0.1057373183004551,-0.5677255499272268,-0.017191102626227837,-0.2658148724861071,-0.2628941582771176,-0.3363840751135044,-0.05378815373041754,0.42837810160912837,0.6708491518250943,0.08764560320621821,0.202111202087727,-0.09879317733578485,-0.17181629084342773,0.3383401680167204,0.24566075910507604,-0.10562538521519434,-0.0564906058218603,0.016173516642319342,0.03576721136168171,-0.18788562137907183,0.19266947868862647,-0.3583298998649091,0.14188600487648273,0.005468231827991615,0.266676326304387,0.006517368319242282,0.05689873395520703,0.2637344499016053,0.5096643348481642,0.1734859621241115,-0.26214143974209136,-0.6790109326356947,-0.6261920592244983,0.05826079711907072
0.8979332364075698,-0.5159007273236528,-0.003731667697992659,0.33668396840789266,0.7488459990963726,-1.24145224999426,0.623634143747542,0.5820280173683806,-0.23047728075517795,-0.2802650747944636,-2.41103296160728,-1.4329976101160111,0.10272960861529466,-0.31502219228387923,-1.1780107440286904,-1.0942044171559429,-0.4933064128118667,-0.22096397235938658,-2.446693586685602,-1.8588394229901972,-1.4209174828122448,-0.6811292597294932,1.2568074523568407,1.7409629667152404,1.4813494083989207,-0.6091110085769038,0.29346204531051645,-1.154157826717139,-0.23191049514295117,-1.0664678964385037,0.590228998094809,1.087977611416238,0.5963604036184341,0.8229066861212547,1.7431559703110053,1.4522638961984213,0.6216142785214703,-0.6175904251201921,0.06092624209695687,-0.25526981723652203,-0.6298545636901256,-0.09279327540456975,-0.37712780820480696,0.918453157994826
3.2616414716525126,-1.435311415962194,0.005079980851698814,0.7488459990963726,2.370190156112555,-4.89858493040434,2.4295362074954867,2.2485628175177554,-0.32301932211764417,-0.7556237991769017,-8.640358353574113,-5.39816155226865,0.07892132868950175,-1.4741250718101817,-4.4530235627517945,-3.919218278114968,-1.8771774707593494,-1.1939207439170265,-9.567424647125955,-6.9293027311735935,-5.251670687544118,-2.524287380404153,4.704182304458562,5.83432893770795,5.043916687480269,-2.2405880147945596,0.8437738807989716,-4.2290348331239604,-0.7296001535188225,-3.8786976450689177,1.5305225371150761,4.037694394643125,1.8795021363764237,2.770989260326528,6.1733096716632945,5.103731489626212,2.4433770538773345,-2.7029801710423738,-0.16908274711569996,-1.19120900401823,-2.0109386875030277,-0.27972151569282544,-0.6400381774577393,2.852000589262825
-8.333449786016715,2.7303400945878895,0.27868949655337133,-1.24145224999426,-4.89858493040434,14.746984665391782,-6.782759418399127,-5.92160701881518,0.13300571945530684,1.7292179949054964,23.009107320040968,14.431614906139815,-0.8419332616962527,5.196434160699584,11.725743188659509,10.08190651821857,4.700801842415434,4.722190194967779,27.47823768730821,18.248707616171615,14.554417221346359,7.531391526797409,-13.017511952923495,-15.394620835451125,-13.046436103005387,5.849707373384556,-1.9844715149038892,12.258605884674092,1.6859192539633212,10.985813301389525,-2.9685545148789667,-12.140202227310182,-4.49363637438884,-7.750665526515659,-16.22867204905946,-14.038105742409446,-7.001003802114395,8.42224248730117,0.8351975883376919,3.7486940730327674,5.091157291697072,0.639380237372437,-0.24571236754568437,-7.025568344413399
3.961525514644122,-1.4130684669559075,0.008817253029531874,0.623634143747542,2.4295362074954867,-6.782759418399127,3.213191599422972,2.923488037109778,-0.12012719839096404,-0.8167035026445401,-10.917499559698204,-6.9818131413424735,0.25011021226161617,-2.4569688535594993,-5.693413749167436,-4.8926644964815464,-2.3048748779486883,-2.0895632019768944,-12.848361609941671,-8.756185138970169,-6.833062139413835,-3.558357013518695,6.13898705564643,7.345399982723902,6.24277954446693,-2.8052228487517286,0.893407869873557,-5.744367909781847,-0.8196633261521697,-5.184691859198281,1.489804768296563,5.528333697784656,2.1878162122801115,3.5797248832559836,7.778870940897861,6.593212790744258,3.28742890703233,-3.890073100380038,-0.3441413471438127,-1.737685295305468,-2.470288981555431,-0.42567279023325794,-0.10761865356004664,3.3387414423915343
3.6690839367522954,-1.4239362017144233,0.32534245823820696,0.5820280173683806,2.2485628175177554,-5.92160701881518,2.923488037109778,3.0573148064340767,-0.23755554797943437,-0.7257477856873459,-10.068512821973927,-6.713403888959346,0.009962711156908602,-2.6636347046451907,-5.510674802899812,-4.660071747215451,-2.1817634378138044,-1.88284817066476,-11.737756916990067,-8.30472358929478,-6.145221362968453,-3.5271832368340967,5.718372800505576,7.074897838663166,5.8925272678726754,-2.594881184133144,0.6168713895444407,-5.337787742329891,-0.7349046511256908,-4.896419333545017,1.518398011135782,4.771222007554037,2.153959607180391,3.0317820184843094,7.376562467152334,5.930683221225145,2.876302992691283,-3.56527404805767,-0.26383085227315073,-1.5484951757336045,-2.5014230000503543,-0.6724479355924,-0.28458746786104677,3.067596087132369
-0.07207088548382917,0.42340862471078433,-0.22432259941500837,-0.23047728075517795,-0.32301932211764417,0.13300571945530684,-0.12012719839096404,-0.23755554797943437,0.6424876387125238,0.29019244697989544,0.6042902446549296,0.38201380571020455,-0.35404484166545397,0.2362020627371848,0.2827905131546819,0.3479136432919591,-0.06541372703031428,-0.25136517928591573,0.05821871975117199,0.2924441408693685,0.09310386850355405,0.3310163464434553,-0.2633497578003481,-1.0090581837973838,-0.6779522004348618,0.04575964819993663,-0.270893908569597,0.26781277580644,0.08317773078841291,0.49248233351299575,-0.7045500301323487,-0.18409903422579904,-0.5032264487626672,-0.29657339669795824,-0.7289727906562623,-0.4429438928388708,0.03924789154179105,-0.13764767110157602,-0.47846171481499855,-0.29482804083227326,0.5707869301160075,0.4160369690826153,0.6276259763140386,-0.6898274164542607
-1.0367031102458004,0.4987684056063122,0.012826605229224571,-0.2802650747944636,-0.7556237991769017,1.7292179949054964,-0.8167035026445401,-0.7257477856873459,0.29019244697989544,0.3493068998589066,2.928621428673357,1.747241546776149,-0.23721875937507422,0.593403071258173,1.4319239964704393,1.2820647490311772,0.5198392428290914,0.41895380794741416,3.1755176579989595,2.2328537238955337,1.7271922026843205,0.957693079066437,-1.5999143401984002,-2.1600151883006884,-1.7738292223259857,0.686988559050478,-0.37435693139753434,1.4935527428052553,0.25144861428531357,1.421253486944053,-0.6692603128538903,-1.474766222184841,-0.7369682854301598,-1.0281474492567937,-2.150037463532713,-1.80121536723695,-0.7730555996193867,0.8871186514732997,-0.07479923135340649,0.30671341227441623,0.7984284762571566,0.1693095386992931,0.25053066777638505,-1.1271551854801392
-13.916986454829873,5.022918821529312,0.1057373183004551,-2.41103296160728,-8.640358353574113,23.009107320040968,-10.917499559698204,-10.068512821973927,0.6042902446549296,2.928621428673357,37.74463756016364,23.81395012450266,-0.7808266682761265,8.322328539863406,19.5472079494694,16.810368117574214,7.942413369980016,7.129596963127491,44.17040754800429,30.331569697435857,23.483141842723995,12.25841001579996,-21.216736688747783,-25.501180327935003,-21.6228521739325,9.634410907781579,-3.0878975954275965,19.75395154628413,2.886210810007969,17.774342445245185,-5.458948308253834,-18.924731447706193,-7.6965966642277905,-12.207486420537306,-26.854267538500604,-22.638044002776656,-11.084240172165023,13.278625370477279,1.2704255846153005,5.907936976542127,8.619272700493303,1.2439821715870756,0.5639178782170456,-11.695263175057422
-8.44917225436696,3.4479527281563804,-0.5677255499272268,-1.4329976101160111,-5.39816155226865,14.431614906139815,-6.9818131413424735,-6.713403888959346,0.38201380571020455,1.747241546776149,23.81395012450266,15.799524555606132,-0.370417436569291,5.52596634821867,12.721459387552793,11.025179505074824,5.175195678018591,4.150029666082672,27.474931148264105,19.167529757057174,14.799959359587426,7.817121049016078,-13.250379176377217,-16.331729002595885,-13.872378795828316,6.281140297486204,-1.8332002761442654,12.521146448040675,1.777165389228203,11.413364055664106,-3.406636534253694,-11.661880259522766,-4.8786402372055315,-7.768311119409832,-17.216835126556823,-14.367935751855308,-7.219159607286563,8.244067064681554,0.37552245689185065,3.7082755946220116,5.592417822092415,1.456147147896971,0.8469300808118313,-7.2856724144603024
0.029096788079724087,-0.18451453880898847,-0.017191102626227837,0.10272960861529466,0.07892132868950175,-0.8419332616962527,0.25011021226161617,0.009962711156908602,-0.35404484166545397,-0.23721875937507422,-0.7808266682761265,-0.370417436569291,0.6736368609311153,-0.2090484754405683,-0.13420995779684824,-0.27463453281572064,0.1135764338061487,-0.06875214183865373,-0.7009696255242297,-0.18328490862135446,-0.4663232560501274,-0.32610943930714137,0.38521742411694754,0.8768805356952774,0.626838630409729,-0.11356249143131338,0.3832889958000345,-0.5114246794000138,-0.040378296663829576,-0.6150930597580591,0.3703556440744614,0.8116063972579178,0.301993911274574,0.6671503419985337,0.6494764028610314,0.767645660569786,0.2769765308759908,-0.18046801788967196,0.3905335821902141,0.09322901894668044,-0.3700449329849242,-0.21591854319520076,-0.14009019461075,0.6099321311594134
-2.9761484500854913,0.9123616407754142,-0.2658148724861071,-0.31502219228387923,-1.4741250718101817,5.196434160699584,-2.4569688535594993,-2.6636347046451907,0.2362020627371848,0.593403071258173,8.322328539863406,5.52596634821867,-0.2090484754405683,2.838709466394247,4.564588997793743,3.733859139623587,1.6326051587025454,2.0273630046836524,10.206426567976816,6.885616723662174,5.078463184486339,3.3659178295579744,-4.946393797906626,-6.113464899659759,-4.866935809197941,2.0161564761982254,-0.39083475213994,4.729237917527857,0.533694005643321,4.34718472652774,-1.1889583913678168,-4.2291377732631785,-1.816521480700662,-2.461788401518836,-6.175779165414998,-4.954318191323108,-2.301430934447067,3.27050547748072,0.282810369613538,1.31689638092332,2.219237354332835,0.635308214099196,-0.24323836262923904,-2.5240598836959607
-7.149079351028514,2.6856983431757797,-0.2628941582771176,-1.1780107440286904,-4.4530235627517945,11.725743188659509,-5.693413749167436,-5.510674802899812,0.2827905131546819,1.4319239964704393,19.5472079494694,12.721459387552793,-0.13420995779684824,4.564588997793743,10.434985865840815,8.914148701423727,4.2491633049623205,3.6166506687005078,22.805838636403045,15.912039262820237,12.108936274470393,6.469559607672346,-10.988686700859827,-13.306561176221091,-11.2682653811705,5.062442439137806,-1.4128356498263812,10.26113444009339,1.4805094262839371,9.273687311416799,-2.781895192674825,-9.50673211915198,-4.005188734313328,-6.154112135195593,-14.059283545936344,-11.639616825441824,-5.759144585424866,6.865237399389576,0.601617585513049,3.08949754508577,4.552906382022121,0.9381438514513332,0.4563865298630104,-5.931806387478952
-6.014140525748887,2.4932532081782828,-0.3363840751135044,-1.0942044171559429,-3.919218278114968,10.08190651821857,-4.8926644964815464,-4.660071747215451,0.3479136432919591,1.2820647490311772,16.810368117574214,11.025179505074824,-0.27463453281572064,3.733859139623587,8.914148701423727,7.763168463644235,3.6446978537149577,2.848835102470379,19.26723556681081,13.507355228416491,10.408808496247984,5.436249947588513,-9.332883170055451,-11.500363022814659,-9.797268238787817,4.4166928667273835,-1.3541899091095908,8.782955356443546,1.2853871311489014,7.9931025193147835,-2.512793621431693,-8.19454210218844,-3.4829822150029117,-5.489764636889021,-12.136874492008422,-10.135323503521974,-5.05119565314178,5.722128922253971,0.2524004337109988,2.5627530572932815,3.9454101417517045,0.9501467946522651,0.7123974163683792,-5.222016123922891
-2.965982346525373,1.0896202609737529,-0.05378815373041754,-0.4933064128118667,-1.8771774707593494,4.700801842415434,-2.3048748779486883,-2.1817634378138044,-0.06541372703031428,0.5198392428290914,7.942413369980016,5.175195678018591,0.1135764338061487,1.6326051587025454,4.2491633049623205,3.6446978537149577,1.8397399604074458,1.423489555905768,9.27046771119131,6.520496952972232,4.992632162987267,2.462553787117167,-4.41608702908321,-5.165762724490054,-4.491424028715213,2.1278581652873103,-0.5360084852487417,4.0962413149104515,0.6185387205613726,3.6155635724094743,-0.993135188130415,-3.786850132199193,-1.5166382501436306,-2.477572007166765,-5.608762218464891,-4.688000918292705,-2.41600303397602,2.7749600317166183,0.356990023451144,1.3527218210990397,1.688101585984851,0.25025843288330274,0.18366951517435612,-2.273882585632076
-2.860679834545159,0.3561095512778928,0.42837810160912837,-0.22096397235938658,-1.1939207439170265,4.722190194967779,-2.0895632019768944,-1.88284817066476,-0.25136517928591573,0.41895380794741416,7.129596963127491,4.150029666082672,-0.06875214183865373,2.0273630046836524,3.6166506687005078,2.848835102470379,1.423489555905768,2.2041428996449244,9.432609404572213,5.948730474336297,4.600354276675611,2.6527343414083644,-4.352417351483866,-4.58389071064922,-3.765737872951495,1.6728844203151734,-0.3160131931444824,4.0425516488088835,0.47945877151078947,3.407515972337997,-0.5934218973653955,-3.951871413653637,-1.2436982168626407,-2.0819642861408605,-4.854340318893245,-4.190027527185346,-2.0182433030838682,3.095324921255219,0.8597293385318414,1.4191052773886315,1.4455875835230811,-0.24210386077822071,-0.9477699207046058,-1.8883597804159395
-16.623775588704927,5.07241706348971,0.6708491518250943,-2.446693586685602,-9.567424647125955,27.47823768730821,-12.848361609941671,-11.737756916990067,0.05821871975117199,3.1755176579989595,44.17040754800429,27.474931148264105,-0.7009696255242297,10.206426567976816,22.805838636403045,19.26723556681081,9.27046771119131,9.432609404572213,53.19969739977064,35.821637859343184,27.762843586640603,14.644237129415854,-25.26217871492141,-29.329729800851837,-24.812816855514786,11.14536424347831,-3.2544373130665334,23.44459148287862,3.2785061930886803,20.78128325923782,-5.6533983158353225,-22.628016372309244,-8.627983147498437,-13.976673910418787,-31.077682154326514,-26.341960024279985,-12.973500362748402,16.351046513169194,2.3934356009822753,7.383314051721539,9.714037679090167,0.764364376402868,-0.7884868359673938,-13.144675981341905
-11.412292093961142,3.8929125948744114,0.08764560320621821,-1.8588394229901972,-6.9293027311735935,18.248707616171615,-8.756185138970169,-8.30472358929478,0.2924441408693685,2.2328537238955337,30.331569697435857,19.167529757057174,-0.18328490862135446,6.885616723662174,15.912039262820237,13.507355228416491,6.520496952972232,5.948730474336297,35.821637859343184,24.755912901787777,18.838148354267233,9.963194751415594,-17.191795776115587,-20.33773277731511,-17.242690334090135,7.735862404412609,-2.195478049846518,15.871367324975692,2.313537664189198,14.188594915037376,-4.2337699132825195,-14.942500874282121,-6.130417385612531,-9.417593037653656,-21.552680539903335,-17.941481856312404,-8.783469558634534,10.842143627250968,1.3896521812045584,4.888266833641236,6.861890386018716,0.8583224953847112,0.20566208606881778,-9.151679872750536
-8.65132035607547,2.968668248332172,0.202111202087727,-1.4209174828122448,-5.251670687544118,14.554417221346359,-6.833062139413835,-6.145221362968453,0.09310386850355405,1.7271922026843205,23.483141842723995,14.799959359587426,-0.4663232560501274,5.078463184486339,12.108936274470393,10.408808496247984,4.992632162987267,4.600354276675611,27.762843586640603,18.838148354267233,14.79501285184717,7.5403402697588255,-13.2038304217225,-15.608448658151532,-13.31972499273083,6.049903009855922,-1.8887747357583564,12.353468220192532,1.7771086940535938,10.994857041830825,-3.092549323624651,-11.96098646467132,-4.5890890167000205,-7.689962850886799,-16.551459683023225,-14.14787992789696,-7.061483747501523,8.407736929157034,0.9396692398942935,3.8524582853552145,5.15455403182115,0.6024824435820154,0.06767040742745253,-7.080313949979002
-4.474543715930433,1.4926250196544315,-0.09879317733578485,-0.6811292597294932,-2.524287380404153,7.531391526797409,-3.558357013518695,-3.5271832368340967,0.3310163464434553,0.957693079066437,12.25841001579996,7.817121049016078,-0.32610943930714137,3.3659178295579744,6.469559607672346,5.436249947588513,2.462553787117167,2.6527343414083644,14.644237129415854,9.963194751415594,7.5403402697588255,4.457364798033752,-7.083391197730707,-8.651332939062028,-7.09401997369436,3.0168579862875617,-0.8281644487125276,6.686364744895216,0.8847356208568615,6.062607744865386,-1.8319734415451394,-6.206959408196492,-2.6160823680528016,-3.820123930870875,-8.886732355269036,-7.342625653186578,-3.4512056358819674,4.5217668708581185,0.41256248176972415,1.9004879134307744,3.0420783861108043,0.603574525288376,-0.06251070762076137,-3.819257762301892
7.947777022375555,-2.603681249734348,-0.17181629084342773,1.2568074523568407,4.704182304458562,-13.017511952923495,6.13898705564643,5.718372800505576,-0.2633497578003481,-1.5999143401984002,-21.216736688747783,-13.250379176377217,0.38521742411694754,-4.946393797906626,-10.988686700859827,-9.332883170055451,-4.41608702908321,-4.352417351483866,-25.26217871492141,-17.191795776115587,-13.2038304217225,-7.083391197730707,12.118613342356342,14.312218507389636,12.059800603129776,-5.339713676982545,1.6082556195274236,-11.237914320808091,-1.588264174494418,-10.053662701942104,2.969938518831786,10.744957701849174,4.299200225451145,6.700060118661838,15.0656659657658,12.658044403625375,6.14003553435238,-7.699474548476948,-0.958717149917588,-3.393740206477043,-4.840519815469271,-0.5419833493691861,0.07979124932155866,6.482636948395859
9.14444489090776,-3.6999817478279784,0.3383401680167204,1.7409629667152404,5.83432893770795,-15.394620835451125,7.345399982723902,7.074897838663166,-1.0090581837973838,-2.1600151883006884,-25.501180327935003,-16.331729002595885,0.8768805356952774,-6.113464899659759,-13.306561176221091,-11.500363022814659,-5.165762724490054,-4.58389071064922,-29.329729800851837,-20.33773277731511,-15.608448658151532,-8.651332939062028,14.312218507389636,18.04662419531576,15.016758637099967,-6.423283871347211,2.1741136959517022,-13.464441349906927,-1.9328457218910977,-12.39138225969112,4.222962728100464,12.703979963383745,5.571375457988242,8.329823602588911,18.534344131202456,15.409629072807366,7.291051387107846,-8.741920278515401,-0.30167813361431844,-3.6547339937885597,-6.366145107588037,-1.4438136023764583,-0.9042256419420608,8.324586961941932
7.779223094557307,-3.1652339241974854,0.24566075910507604,1.4813494083989207,5.043916687480269,-13.046436103005387,6.24277954446693,5.8925272678726754,-0.6779522004348618,-1.7738292223259857,-21.6228521739325,-13.872378795828316,0.626838630409729,-4.866935809197941,-11.2682653811705,-9.797268238787817,-4.491424028715213,-3.765737872951495,-24.812816855514786,-17.242690334090135,-13.31972499273083,-7.09401997369436,12.059800603129776,15.016758637099967,12.653150084707484,-5.539602868537942,1.8695041699135766,-11.312989258809669,-1.6559679989884468,-10.350787896355016,3.4431122405952053,10.732035471352187,4.604412799724005,7.111614724378345,15.612371600407736,13.0681126500246,6.318187085077762,-7.362912531609044,-0.3098489115438574,-3.1732712262414013,-5.2119936729109595,-1.1139163844063245,-0.8220888879306627,6.946080862785762
-3.481461058612053,1.3710134322506122,-0.10562538521519434,-0.6091110085769038,-2.2405880147945596,5.849707373384556,-2.8052228487517286,-2.594881184133144,0.04575964819993663,0.686988559050478,9.634410907781579,6.281140297486204,-0.11356249143131338,2.0161564761982254,5.062442439137806,4.4166928667273835,2.1278581652873103,1.6728844203151734,11.14536424347831,7.735862404412609,6.049903009855922,3.0168579862875617,-5.339713676982545,-6.423283871347211,-5.539602868537942,2.5704874185707145,-0.7698564049092269,5.0168677681885026,0.7313614107648616,4.5020668054364394,-1.3029903678852104,-4.760437548901912,-1.8943879937570434,-3.173950834705069,-6.855552284629686,-5.812037298715304,-2.9634827233524677,3.3303540943589365,0.24442862329826226,1.5532715470444645,2.1342956957399895,0.4112047832104088,0.29251148512016434,-2.894137162668414
1.0225685009844614,-0.5642951442898398,-0.0564906058218603,0.29346204531051645,0.8437738807989716,-1.9844715149038892,0.893407869873557,0.6168713895444407,-0.270893908569597,-0.37435693139753434,-3.0878975954275965,-1.8332002761442654,0.3832889958000345,-0.39083475213994,-1.4128356498263812,-1.3541899091095908,-0.5360084852487417,-0.3160131931444824,-3.2544373130665334,-2.195478049846518,-1.8887747357583564,-0.8281644487125276,1.6082556195274236,2.1741136959517022,1.8695041699135766,-0.7698564049092269,0.5397238346559302,-1.5102752563410644,-0.2644097397922435,-1.461968782519086,0.6624286838384417,1.6861902760642726,0.7218964165972352,1.2700407386835455,2.215426365078169,1.9991346633779123,0.9440050755294592,-0.87757667213586,0.1705172610400037,-0.3107732418633415,-0.7600080642841368,-0.15735795521205487,-0.32720401609715866,1.2216501710950194
-7.192010059316201,2.4691761878781913,0.016173516642319342,-1.154157826717139,-4.2290348331239604,12.258605884674092,-5.744367909781847,-5.337787742329891,0.26781277580644,1.4935527428052553,19.75395154628413,12.521146448040675,-0.5114246794000138,4.729237917527857,10.26113444009339,8.782955356443546,4.0962413149104515,4.0425516488088835,23.44459148287862,15.871367324975692,12.353468220192532,6.686364744895216,-11.237914320808091,-13.464441349906927,-11.312989258809669,5.0168677681885026,-1.5102752563410644,10.640331304098686,1.4633703271873812,9.508143856744551,-2.7307027350078745,-10.122750456300068,-3.985606592165046,-6.430380161857808,-14.090879817811524,-11.951631641935773,-5.84817694910902,7.149791549837606,0.6645089591219251,3.1712069668346197,4.562986785110465,0.7198388719279262,0.01236073167098372,-6.043107888280398
-1.081400424631798,0.4249892741819509,0.03576721136168171,-0.23191049514295117,-0.7296001535188225,1.6859192539633212,-0.8196633261521697,-0.7349046511256908,0.08317773078841291,0.25144861428531357,2.886210810007969,1.777165389228203,-0.040378296663829576,0.533694005643321,1.4805094262839371,1.2853871311489014,0.6185387205613726,0.47945877151078947,3.2785061930886803,2.313537664189198,1.7771086940535938,0.8847356208568615,-1.588264174494418,-1.9328457218910977,-1.6559679989884468,0.7313614107648616,-0.2644097397922435,1.4633703271873812,0.2450679784268942,1.310197354735436,-0.47020053884859525,-1.3931304575903716,-0.6090034152151329,-0.935807206541311,-2.0441164578947153,-1.7209161535049595,-0.8248825713854797,0.9462416956044245,0.08424229403958773,0.4278264659855907,0.6555318295639511,0.07105538963186546,0.13088020517772542,-0.9297497484845331
-6.350853034625149,2.3984106209236957,-0.18788562137907183,-1.0664678964385037,-3.8786976450689177,10.985813301389525,-5.184691859198281,-4.896419333545017,0.49248233351299575,1.421253486944053,17.774342445245185,11.413364055664106,-0.6150930597580591,4.34718472652774,9.273687311416799,7.9931025193147835,3.6155635724094743,3.407515972337997,20.78128325923782,14.188594915037376,10.994857041830825,6.062607744865386,-10.053662701942104,-12.39138225969112,-10.350787896355016,4.5020668054364394,-1.461968782519086,9.508143856744551,1.310197354735436,8.678452970001226,-2.693491453697763,-9.037812291957732,-3.747931561484048,-5.844402266467489,-12.84999218984553,-10.792257380074291,-5.223301697214014,6.2910624246802644,0.32500452381000516,2.675267670303353,4.303277575010813,0.9367377404920147,0.31691461489906575,-5.638606000209887
1.926304309258555,-1.1105425943413436,0.19266947868862647,0.590228998094809,1.5305225371150761,-2.9685545148789667,1.489804768296563,1.518398011135782,-0.7045500301323487,-0.6692603128538903,-5.458948308253834,-3.406636534253694,0.3703556440744614,-1.1889583913678168,-2.781895192674825,-2.512793621431693,-0.993135188130415,-0.5934218973653955,-5.6533983158353225,-4.2337699132825195,-3.092549323624651,-1.8319734415451394,2.969938518831786,4.222962728100464,3.4431122405952053,-1.3029903678852104,0.6624286838384417,-2.7307027350078745,-0.47020053884859525,-2.693491453697763,1.444242839283252,2.5265721828800847,1.4983461197602193,1.8162466766556598,4.152666635231793,3.302639084364598,1.3543853166554742,-1.5202145019357685,0.2740784561181698,-0.46042282312699184,-1.6450771484504503,-0.5099211697653735,-0.7698333965873041,2.187174189186308
6.902961199187997,-2.2239399986514883,-0.3583298998649091,1.087977611416238,4.037694394643125,-12.140202227310182,5.528333697784656,4.771222007554037,-0.18409903422579904,-1.474766222184841,-18.924731447706193,-11.661880259522766,0.8116063972579178,-4.2291377732631785,-9.50673211915198,-8.19454210218844,-3.786850132199193,-3.951871413653637,-22.628016372309244,-14.942500874282121,-11.96098646467132,-6.206959408196492,10.744957701849174,12.703979963383745,10.732035471352187,-4.760437548901912,1.6861902760642726,-10.122750456300068,-1.3931304575903716,-9.037812291957732,2.5265721828800847,10.103726358313184,3.7240973942524227,6.411820388297007,13.308569940066706,11.575617566214701,5.689348251251814,-6.92340103188753,-0.7071674829074888,-3.0478792132872425,-4.20747055563893,-0.39291710312620337,0.2576137651777586,5.864724337043835
2.7757651477766663,-1.2243901396758952,0.14188600487648273,0.5963604036184341,1.8795021363764237,-4.49363637438884,2.1878162122801115,2.153959607180391,-0.5032264487626672,-0.7369682854301598,-7.6965966642277905,-4.8786402372055315,0.301993911274574,-1.816521480700662,-4.005188734313328,-3.4829822150029117,-1.5166382501436306,-1.2436982168626407,-8.627983147498437,-6.130417385612531,-4.5890890167000205,-2.6160823680528016,4.299200225451145,5.571375457988242,4.604412799724005,-1.8943879937570434,0.7218964165972352,-3.985606592165046,-0.6090034152151329,-3.747931561484048,1.4983461197602193,3.7240973942524227,1.8181974355293127,2.4797351584062315,5.67249838093893,4.618320875061044,2.092908407997082,-2.513160985519941,0.008768541423836505,-0.9697568499827703,-2.0339884809643087,-0.505175139697722,-0.4787130556336753,2.671054100226533
4.214702942174342,-1.7559810011584176,0.005468231827991615,0.8229066861212547,2.770989260326528,-7.750665526515659,3.5797248832559836,3.0317820184843094,-0.29657339669795824,-1.0281474492567937,-12.207486420537306,-7.768311119409832,0.6671503419985337,-2.461788401518836,-6.154112135195593,-5.489764636889021,-2.477572007166765,-2.0819642861408605,-13.976673910418787,-9.417593037653656,-7.689962850886799,-3.820123930870875,6.700060118661838,8.329823602588911,7.111614724378345,-3.173950834705069,1.2700407386835455,-6.430380161857808,-0.935807206541311,-5.844402266467489,1.8162466766556598,6.411820388297007,2.4797351584062315,4.403458164254805,8.695224040238347,7.626901025016969,3.8070163406637985,-4.135060588226042,-0.017981390249105875,-1.824765729933048,-2.7962520408149847,-0.5764089906490322,-0.42642304257381675,3.953843011341608
9.738052411860554,-3.792499448982119,0.266676326304387,1.7431559703110053,6.1733096716632945,-16.22867204905946,7.778870940897861,7.376562467152334,-0.7289727906562623,-2.150037463532713,-26.854267538500604,-17.216835126556823,0.6494764028610314,-6.175779165414998,-14.059283545936344,-12.136874492008422,-5.608762218464891,-4.854340318893245,-31.077682154326514,-21.552680539903335,-16.551459683023225,-8.886732355269036,15.0656659657658,18.534344131202456,15.612371600407736,-6.855552284629686,2.215426365078169,-14.090879817811524,-2.0441164578947153,-12.84999218984553,4.152666635231793,13.308569940066706,5.67249838093893,8.695224040238347,19.36470290586408,16.148055033012344,7.834906820626761,-9.290987539476152,-0.562879156520904,-4.019448630758653,-6.413588677153445,-1.3107427814608585,-0.7905368554650413,8.506716341764422
8.12544424873719,-3.077531770109517,0.006517368319242282,1.4522638961984213,5.103731489626212,-14.038105742409446,6.593212790744258,5.930683221225145,-0.4429438928388708,-1.80121536723695,-22.638044002776656,-14.367935751855308,0.767645660569786,-4.954318191323108,-11.639616825441824,-10.135323503521974,-4.688000918292705,-4.190027527185346,-26.341960024279985,-17.941481856312404,-14.14787992789696,-7.342625653186578,12.658044403625375,15.409629072807366,13.0681126500246,-5.812037298715304,1.9991346633779123,-11.951631641935773,-1.7209161535049595,-10.792257380074291,3.302639084364598,11.575617566214701,4.618320875061044,7.626901025016969,16.148055033012344,13.813363033630829,6.799329607826568,-7.894162051971835,-0.4781040033248777,-3.488840108198227,-5.2148786692943,-0.9146135292820641,-0.46710995655849585,7.121687941712403
3.916857830003984,-1.4805693395960338,0.05689873395520703,0.6216142785214703,2.4433770538773345,-7.001003802114395,3.28742890703233,2.876302992691283,0.03924789154179105,-0.7730555996193867,-11.084240172165023,-7.219159607286563,0.2769765308759908,-2.301430934447067,-5.759144585424866,-5.05119565314178,-2.41600303397602,-2.0182433030838682,-12.973500362748402,-8.783469558634534,-7.061483747501523,-3.4512056358819674,6.14003553435238,7.291051387107846,6.318187085077762,-2.9634827233524677,0.9440050755294592,-5.84817694910902,-0.8248825713854797,-5.223301697214014,1.3543853166554742,5.689348251251814,2.092908407997082,3.8070163406637985,7.834906820626761,6.799329607826568,3.5492801365012343,-3.917501472094746,-0.2618622295481104,-1.8426755059556514,-2.3688572706911315,-0.4550980423884767,-0.17724436640076507,3.290224070709543
-5.03637548956659,1.3355499310947887,0.2637344499016053,-0.6175904251201921,-2.7029801710423738,8.42224248730117,-3.890073100380038,-3.56527404805767,-0.13764767110157602,0.8871186514732997,13.278625370477279,8.244067064681554,-0.18046801788967196,3.27050547748072,6.865237399389576,5.722128922253971,2.7749600317166183,3.095324921255219,16.351046513169194,10.842143627250968,8.407736929157034,4.5217668708581185,-7.699474548476948,-8.741920278515401,-7.362912531609044,3.3303540943589365,-0.87757667213586,7.149791549837606,0.9462416956044245,6.2910624246802644,-1.5202145019357685,-6.92340103188753,-2.513160985519941,-4.135060588226042,-9.290987539476152,-7.894162051971835,-3.917501472094746,5.132681360390518,0.8932176123612635,2.3294372011512126,2.857208955821183,0.14347243152487738,-0.5829455034221895,-3.8153348623888275
-0.9112239484218969,-0.3255354362642367,0.5096643348481642,0.06092624209695687,-0.16908274711569996,0.8351975883376919,-0.3441413471438127,-0.26383085227315073,-0.47846171481499855,-0.07479923135340649,1.2704255846153005,0.37552245689185065,0.3905335821902141,0.282810369613538,0.601617585513049,0.2524004337109988,0.356990023451144,0.8597293385318414,2.3934356009822753,1.3896521812045584,0.9396692398942935,0.41256248176972415,-0.958717149917588,-0.30167813361431844,-0.3098489115438574,0.24442862329826226,0.1705172610400037,0.6645089591219251,0.08424229403958773,0.32500452381000516,0.2740784561181698,-0.7071674829074888,0.008768541423836505,-0.017981390249105875,-0.562879156520904,-0.4781040033248777,-0.2618622295481104,0.8932176123612635,0.8627342701391665,0.5367883195847454,-0.07283377039973275,-0.6666643543657165,-0.8674023186940285,0.01666589394482274
-2.2779909658417807,0.5381244973064457,0.1734859621241115,-0.25526981723652203,-1.19120900401823,3.7486940730327674,-1.737685295305468,-1.5484951757336045,-0.29482804083227326,0.30671341227441623,5.907936976542127,3.7082755946220116,0.09322901894668044,1.31689638092332,3.08949754508577,2.5627530572932815,1.3527218210990397,1.4191052773886315,7.383314051721539,4.888266833641236,3.8524582853552145,1.9004879134307744,-3.393740206477043,-3.6547339937885597,-3.1732712262414013,1.5532715470444645,-0.3107732418633415,3.1712069668346197,0.4278264659855907,2.675267670303353,-0.46042282312699184,-3.0478792132872425,-0.9697568499827703,-1.824765729933048,-4.019448630758653,-3.488840108198227,-1.8426755059556514,2.3294372011512126,0.5367883195847454,1.1848283347663222,1.0991975985533688,-0.05958520666943478,-0.3543382297356395,-1.506821444674841
-3.0337229581887555,1.3683814509286094,-0.26214143974209136,-0.6298545636901256,-2.0109386875030277,5.091157291697072,-2.470288981555431,-2.5014230000503543,0.5707869301160075,0.7984284762571566,8.619272700493303,5.592417822092415,-0.3700449329849242,2.219237354332835,4.552906382022121,3.9454101417517045,1.688101585984851,1.4455875835230811,9.714037679090167,6.861890386018716,5.15455403182115,3.0420783861108043,-4.840519815469271,-6.366145107588037,-5.2119936729109595,2.1342956957399895,-0.7600080642841368,4.562986785110465,0.6555318295639511,4.303277575010813,-1.6450771484504503,-4.20747055563893,-2.0339884809643087,-2.7962520408149847,-6.413588677153445,-5.2148786692943,-2.3688572706911315,2.857208955821183,-0.07283377039973275,1.0991975985533688,2.3466028669583507,0.6908210206312003,0.5174590180209685,-2.970050748027865
-0.03183114113917042,0.5822905910225948,-0.6790109326356947,-0.09279327540456975,-0.27972151569282544,0.639380237372437,-0.42567279023325794,-0.6724479355924,0.4160369690826153,0.1693095386992931,1.2439821715870756,1.456147147896971,-0.21591854319520076,0.635308214099196,0.9381438514513332,0.9501467946522651,0.25025843288330274,-0.24210386077822071,0.764364376402868,0.8583224953847112,0.6024824435820154,0.603574525288376,-0.5419833493691861,-1.4438136023764583,-1.1139163844063245,0.4112047832104088,-0.15735795521205487,0.7198388719279262,0.07105538963186546,0.9367377404920147,-0.5099211697653735,-0.39291710312620337,-0.505175139697722,-0.5764089906490322,-1.3107427814608585,-0.9146135292820641,-0.4550980423884767,0.14347243152487738,-0.6666643543657165,-0.05958520666943478,0.6908210206312003,0.8951101830209567,0.7670259722843041,-0.6265623161960818
0.12926390344076044,0.87781018493475,-0.6261920592244983,-0.37712780820480696,-0.6400381774577393,-0.24571236754568437,-0.10761865356004664,-0.28458746786104677,0.6276259763140386,0.25053066777638505,0.5639178782170456,0.8469300808118313,-0.14009019461075,-0.24323836262923904,0.4563865298630104,0.7123974163683792,0.18366951517435612,-0.9477699207046058,-0.7884868359673938,0.20566208606881778,0.06767040742745253,-0.06251070762076137,0.07979124932155866,-0.9042256419420608,-0.8220888879306627,0.29251148512016434,-0.32720401609715866,0.01236073167098372,0.13088020517772542,0.31691461489906575,-0.7698333965873041,0.2576137651777586,-0.4787130556336753,-0.42642304257381675,-0.7905368554650413,-0.46710995655849585,-0.17724436640076507,-0.5829455034221895,-0.8674023186940285,-0.3543382297356395,0.5174590180209685,0.7670259722843041,1.4495675752507127,-0.6549898220560683
4.1870150134977715,-1.8239742561483434,0.05826079711907072,0.918453157994826,2.852000589262825,-7.025568344413399,3.3387414423915343,3.067596087132369,-0.6898274164542607,-1.1271551854801392,-11.695263175057422,-7.2856724144603024,0.6099321311594134,-2.5240598836959607,-5.931806387478952,-5.222016123922891,-2.273882585632076,-1.8883597804159395,-13.144675981341905,-9.151679872750536,-7.080313949979002,-3.819257762301892,6.482636948395859,8.324586961941932,6.946080862785762,-2.894137162668414,1.2216501710950194,-6.043107888280398,-0.9297497484845331,-5.638606000209887,2.187174189186308,5.864724337043835,2.671054100226533,3.953843011341608,8.506716341764422,7.121687941712403,3.290224070709543,-3.8153348623888275,0.01666589394482274,-1.506821444674841,-2.970050748027865,-0.6265623161960818,-0.6549898220560683,4.066405277378864
