V1,V2,V3,V4,V5,V6,V7,V8,V9,V10,V11,V12,V13,V14,V15,V16,V17,V18,V19,V20,V21,V22,V23,V24,V25,V26,V27,V28,V29,V30,V31,V32,V33,V34,V35,V36,V37,V38,V39,V40,V41,V42,V43,V44
0.7200161945882125,-0.006785714178791384,-1.2982275759452935,0.36366683082757056,0.9371120736767072,-0.613442396777033,0.11504719445813025,-1.1892353019342516,0.7600769192258028,-0.04331895497218996,-0.6696955256185053,0.7073806967701691,-0.11317246633824755,2.372714468089403,0.5172629972753133,0.14509973267603385,-0.3994777008209886,0.34219124334854506,-0.5944759642957707,-0.11453393109680013,-0.9342672582846605,1.4571394656809837,-0.0917175265667684,-1.307529568655402,-0.27054282100008087,-0.3615081635730508,0.6902271584284616,0.4815991351708742,-0.2604095354783156,0.9017527181531552,-0.4137878357640825,0.6619410462844104,-0.48733057710026734,0.7378848035777608,-0.5427474945493114,0.4425558558116276,0.6203618989139101,0.10833119103191237,-0.6601367786059259,-0.40765249635974843,1.041312763285652,1.5370406210371215,0.09249923060756479,0.0026486052362070705
-0.006785714178791384,1.1167482281208214,0.09597511106464746,-0.8012687300529657,-1.3109139799821858,-0.42797296362124837,0.08247346945089312,0.6356982555237116,0.8207314678476311,0.518917402965787,0.3842527248477647,-0.1546071567922306,-0.4887920493213748,-1.8284103929100444,-0.3334755397787365,0.3250505426219664,0.043044730801042444,-1.610372383630661,-1.7435703573241594,-0.45757361607930147,-0.00942107493357308,-1.0640926084935272,0.539414282518722,-0.2935890662438242,-0.626067070316948,0.20788176426817087,-1.0004866021635828,-0.6890970615502986,0.2901840911692156,-0.35137429314196966,-1.1006245476115504,0.17180650341917708,-0.45113726862909287,-0.8153973657507662,-0.27246494460954884,-0.4592428720563781,-0.10518891993308246,-1.2082605430988345,-0.9273800709292943,-0.6169740414057825,0.16068018667270464,0.04950457304451262,1.9308012161207402,-1.0492009709039454
-1.2982275759452935,0.09597511106464746,2.6350726024469338,-0.8092078088650589,-1.9639262466896243,0.9350677636014381,-0.1014148198696175,2.59798352294352,-1.4436750170534096,0.12160985670526474,0.9842774118952594,-1.709423761991665,0.17866507412324556,-5.120188230376825,-1.3058950485543266,-0.43903060649805187,0.7239733494603023,-0.9752021799918302,0.4878022756122402,-0.1637020697974482,1.6293572277413066,-3.2153207815837814,0.4899724048467227,2.8896708918381293,0.709102088027629,0.651385620716897,-1.4879668804895263,-1.2793352134556515,0.5321487259399837,-2.064110958539081,0.7586559085152562,-1.1082259809081105,1.014295356833299,-1.462807539867976,1.3623212803414833,-0.7051129640866798,-1.1449428758571683,-0.5176871083927168,1.2009982158117436,0.6804059367084121,-2.182062234384708,-3.114061091734126,0.048464182478688715,-0.007226606872544557
0.36366683082757056,-0.8012687300529657,-0.8092078088650589,0.7867171089600032,1.4627609265629995,0.044026395365119465,-0.033523238175787666,-1.1799546432236094,-0.16293344905595686,-0.3946740297684835,-0.5297285615645804,0.5972667419043652,0.28605482469813737,2.7193164444581823,0.608529714959179,-0.09500050381245013,-0.2291738546129011,1.3994502049602073,1.096842311232268,0.37725298219273734,-0.44405418220674153,1.6519602901120458,-0.5226910522950518,-0.6205641926171344,0.22515002485702396,-0.32318700183776694,1.1138136872719941,0.8491891538775396,-0.3522775419002768,0.833504514140769,0.5501893165795615,0.1831638039980146,0.023671358831536635,0.9731662914414724,-0.20515188392727088,0.5087635203248184,0.3902604831047401,0.9921602301263085,0.3077242982791843,0.24247463432736938,0.5076848321368509,0.8443157438511103,-1.356302531560301,0.7280790802725176
0.9371120736767072,-1.3109139799821858,-1.9639262466896243,1.4627609265629995,2.857647716814148,-0.20934893279681155,-0.01040850403284677,-2.5246500223907993,0.10796744917330893,-0.6700367963183774,-1.164893176966094,1.3464120101199823,0.4127256705679573,5.630661219535498,1.2720815352373742,-0.06962438615940084,-0.5678186113877404,2.472535855721138,1.5550084104018833,0.5861211774467752,-1.1630870743303343,3.430078305292765,-0.9213886495603396,-1.6762593136253578,0.22401111346190808,-0.7058576400129241,2.1653697715691047,1.646707035242247,-0.701087788048684,1.827125109744871,0.702917693332691,0.6126994121720672,-0.19737311152651382,1.9575772452509448,-0.6311061749743925,1.0387669063890026,0.9298625293893023,1.6926947257696283,0.18590803031198658,0.19745584037566394,1.3465710428830888,2.1377601638052672,-2.181874841376605,1.184259965505579
-0.613442396777033,-0.42797296362124837,0.9350677636014381,0.044026395365119465,-0.20934893279681155,0.7725385778066319,-0.18423326316406083,0.5765763426577956,-0.9109670287800871,-0.16709266545388488,0.5586170002363681,-0.3277494459349415,0.28378532945462853,-0.9834269466343227,-0.13935188883456937,-0.14639131737113806,0.3275114753478367,0.44710119597730713,1.417359838183192,0.4442560144028926,0.8431007991182192,-0.589535959657684,-0.27232314654263656,0.9635885167788112,0.3420061700010675,0.24094803095848077,-0.12296414860212299,0.03492488466910107,0.09299329294420815,-0.43132219745655287,0.7403692990664326,-0.6763314201683457,0.5141645280748789,-0.2883353815652893,0.3682077029852076,-0.27254334212399123,-0.4908512859193781,0.49346378444777883,0.8849299722762664,0.5943118521222601,-0.8041379458546716,-1.167497569026612,-0.8648604841900521,0.3671105840753905
0.11504719445813025,0.08247346945089312,-0.1014148198696175,-0.033523238175787666,-0.01040850403284677,-0.18423326316406083,0.062130210532455016,-0.0032886837505698885,0.1388913943095024,0.03471692859326754,-0.17069728038342286,-0.049497347771640325,-0.05152582186960268,-1.328805668627042e-4,-0.06602354169334193,-0.025020585002701656,-0.06128002797396998,-0.1494520671309195,-0.3908899615858092,-0.1710892163691075,-0.17515679129594303,-0.021139830387378312,0.1261404816136431,-0.040199549783880933,0.002481876938388805,-0.04822105107280525,-0.022624509524140673,-0.10189570415793897,-0.0070560453849191004,-0.027123733258326465,-0.11995648090908831,0.14662759812685563,-0.05670853740092715,0.03340144632303307,0.03638284041433486,0.08328682464665677,0.09024761541011579,-0.15589159075651873,-0.14801930272730804,-0.11453791043088178,0.07149537038543609,0.13035298741288673,0.18577806372695072,-0.05147389291523948
-1.1892353019342516,0.6356982555237116,2.59798352294352,-1.1799546432236094,-2.5246500223907993,0.5765763426577956,-0.0032886837505698885,2.8890678927242397,-0.9846147179105295,0.3672061132195031,0.9633774630337424,-1.846995487198253,-0.07026678299314912,-5.9277352053668055,-1.5296434433018253,-0.34173304726000575,0.682600834134769,-1.799209035018797,-0.6333640206714944,-0.5415115601810851,1.4590651895630242,-3.7146037189679526,0.8536850231445987,2.7736641347821753,0.4755632776302552,0.6886239625655806,-1.9341509677499191,-1.6858638788313605,0.6496254796003695,-2.26316956248142,0.2026701222276994,-0.8922752418212327,0.7921969429437337,-1.7712370681463159,1.3114773988095543,-0.8060486502718651,-1.108740827333991,-1.1806432619303693,0.6830492389512479,0.3141437148603079,-2.0742556327831996,-2.99450634192362,1.0256947097542675,-0.4833759404178032
0.7600769192258028,0.8207314678476311,-1.4436750170534096,-0.16293344905595686,0.10796744917330893,-0.9109670287800871,0.1388913943095024,-0.9846147179105295,1.4841697698488339,0.3371303029925639,-0.3147553357611804,0.8288691279050238,-0.48968309935891546,1.5000778893008822,0.4639897138679338,0.4869717145652268,-0.39435981832237765,-0.7181168806601881,-1.7173251883340137,-0.30608611599333474,-0.9814368814830797,1.0000220254457792,0.17062715437815604,-1.867664895626724,-0.8764629464331366,-0.22532860938886679,0.07194848115749233,0.16767550175309673,-0.08193450343502448,0.8896875526149858,-1.30330203397861,0.8009153981071429,-0.9344232618512985,0.21712261847285838,-0.9661092559155492,0.07513147145330423,0.5949864077797314,-0.6743684296323155,-1.4266759819145445,-0.8879695586083662,1.3770615511380782,1.83392067470699,1.4978545244972299,-0.8108615447247617
-0.04331895497218996,0.518917402965787,0.12160985670526474,-0.3946740297684835,-0.6700367963183774,-0.16709266545388488,0.03471692859326754,0.3672061132195031,0.3371303029925639,0.24730740337852386,0.21468488006197087,-0.1158237848268939,-0.21841938366041466,-0.9937582245356318,-0.190542611383398,0.14006920113811838,0.042892911901095745,-0.7746106367314791,-0.7910822836865212,-0.20859977386630332,0.046292516713175115,-0.5809121482551223,0.2601263720532393,-0.060127408501615937,-0.27566809671785547,0.11954882585699399,-0.5081360036104526,-0.35331705186765267,0.150664722086607,-0.22053657989612213,-0.49414295506780526,0.043093845208954915,-0.18578780639813808,-0.4262232202995678,-0.08941659274152629,-0.24079071209654587,-0.07985231020845063,-0.5723540727111258,-0.39599184105053525,-0.26374721706549,0.014752394282262039,-0.0672914061429721,0.8966466583391483,-0.4887790276376157
-0.6696955256185053,0.3842527248477647,0.9842774118952594,-0.5297285615645804,-1.164893176966094,0.5586170002363681,-0.17069728038342286,0.9633774630337424,-0.3147553357611804,0.21468488006197087,0.9875727878111485,-0.32190692298598117,-0.0643894943120777,-2.204926924039336,-0.2822491262388073,0.15914542053641595,0.38658622172336693,-0.6578440260420171,0.3640185832240041,0.25451069088680756,0.9241505938516235,-1.2647396304127823,0.01442175932412736,0.6204512620946594,-0.2018612880989682,0.4253742369433351,-0.8344813311731611,-0.3598483586300149,0.30798654596173786,-0.5889880318026243,-0.07409043870753565,-0.6261877786786941,0.1500305166892831,-0.9079760548267438,0.049157732387576675,-0.6910853249449518,-0.6003562541236168,-0.30271137888387,0.22362935417780905,0.17642194797303978,-0.6345638880055651,-1.1042301411332385,0.5074620330730193,-0.4287437611224455
0.7073806967701691,-0.1546071567922306,-1.709423761991665,0.5972667419043652,1.3464120101199823,-0.3277494459349415,-0.049497347771640325,-1.846995487198253,0.8288691279050238,-0.1158237848268939,-0.32190692298598117,1.3522827603867396,-0.056840618730716296,3.603697526656052,1.0692426015297194,0.40299459431975376,-0.3964190800249089,0.8952303121701375,0.32124992052161433,0.4508050271292948,-0.8216360022878515,2.319009623238503,-0.5835885622298391,-2.065266648823737,-0.5821678874766689,-0.3531984254778311,1.0545995421690304,1.097426891611082,-0.35006026589632017,1.5424142394002165,-0.4006406962201302,0.5132826040306939,-0.6671643193245352,0.9273950148895923,-1.0987059916979445,0.2948075639315123,0.6434100819762932,0.611274344462723,-0.6466507132510262,-0.3060734978681098,1.4646140449433813,2.0116612497343467,-0.2679602540719821,0.02566504964170412
-0.11317246633824755,-0.4887920493213748,0.17866507412324556,0.28605482469813737,0.4127256705679573,0.28378532945462853,-0.05152582186960268,-0.07026678299314912,-0.48968309935891546,-0.21841938366041466,-0.0643894943120777,-0.056840618730716296,0.23799497260621003,0.3897378173607834,0.05043822329722678,-0.1721311614445902,0.045314837542939586,0.6392334656724675,0.8417338072253846,0.20985223414580276,0.15713742947810277,0.21242182211852184,-0.21196377729206864,0.3578459146886256,0.3271657973791345,-0.03217883802206409,0.3198875747308127,0.21086982417854497,-0.08111950436387838,-0.006172573508172621,0.550325399231845,-0.1796820335599696,0.282271059551,0.23368266109720032,0.22000613195712224,0.13078202552663662,-0.05432141890187872,0.5040340665632835,0.5148806813600016,0.33405829214101584,-0.2508514631069199,-0.283798147991979,-0.85793698783846,0.4599383055298346
2.372714468089403,-1.8284103929100444,-5.120188230376825,2.7193164444581823,5.630661219535498,-0.9834269466343227,-1.328805668627042e-4,-5.9277352053668055,1.5000778893008822,-0.9937582245356318,-2.204926924039336,3.603697526656052,0.3897378173607834,12.475912994469903,3.0910248856818874,0.44394944105057016,-1.3828937369369196,4.312320889504674,1.981767249268654,1.1860199741202115,-2.9204846627866705,7.7503114841818554,-1.870064386104031,-5.174149496040792,-0.5313288262833386,-1.4861162681483089,4.298045087304146,3.57631637506203,-1.4249705469649325,4.537941184442284,0.19016104877231887,1.7190788632067526,-1.2844323510114044,3.9191668307657115,-2.3314233946219893,1.887196236718899,2.252481820860415,2.8777646445140106,-0.8621175827762463,-0.3203362778365105,3.9344879066163894,5.814408873869878,-2.993188838704695,1.5192950762584216
0.5172629972753133,-0.3334755397787365,-1.3058950485543266,0.608529714959179,1.2720815352373742,-0.13935188883456937,-0.06602354169334193,-1.5296434433018253,0.4639897138679338,-0.190542611383398,-0.2822491262388073,1.0692426015297194,0.05043822329722678,3.0910248856818874,0.8944215290514649,0.2556177118194028,-0.2989910753364482,1.0084195458199434,0.645130610051519,0.46188319284678103,-0.5941474774692881,1.9715650609182043,-0.5708955973381273,-1.5207479694066552,-0.3338301583120653,-0.3010233922749674,0.9930829166630755,0.9864003437573655,-0.319767214113533,1.251318193048177,-0.08316565237423343,0.3337219504876738,-0.4175190500904139,0.8545557757393378,-0.8026517319287563,0.2955002996899563,0.49239619343831464,0.7165299265186934,-0.29646790697771924,-0.10082104055795224,1.0796219474855302,1.5057425093107226,-0.5895132292027311,0.21774866546949356
0.14509973267603385,0.3250505426219664,-0.43903060649805187,-0.09500050381245013,-0.06962438615940084,-0.14639131737113806,-0.025020585002701656,-0.34173304726000575,0.4869717145652268,0.14006920113811838,0.15914542053641595,0.40299459431975376,-0.1721311614445902,0.44394944105057016,0.2556177118194028,0.2697229618026107,-0.06810242603592756,-0.23466372901851143,-0.30800639763500165,0.08232599367983319,-0.14911187452592123,0.3436907485130882,-0.06261949531028649,-0.7440523283428851,-0.4287687334709686,5.695927831113155e-4,-0.03438553066812575,0.15223124024777726,0.004404085229133524,0.3733224790370906,-0.4720747395696302,0.1309784682783965,-0.3496545411498023,-0.04187512557113769,-0.4779365349930504,-0.13894924933376623,0.10504326354312579,-0.16624612574221173,-0.4636915226651196,-0.2571435252170138,0.481071092674586,0.5721938052386276,0.5337482928874068,-0.36084473534126515
-0.3994777008209886,0.043044730801042444,0.7239733494603023,-0.2291738546129011,-0.5678186113877404,0.3275114753478367,-0.06128002797396998,0.682600834134769,-0.39435981832237765,0.042892911901095745,0.38658622172336693,-0.3964190800249089,0.045314837542939586,-1.3828937369369196,-0.2989910753364482,-0.06810242603592756,0.22459323305334733,-0.2478767547327547,0.2677925318387454,0.048107449155201445,0.5193474902953283,-0.8464263878440895,0.07009568099205381,0.7150818490569989,0.12645795449888578,0.21032110406681262,-0.41960432757088933,-0.2911505722570511,0.15452604407295076,-0.5131697583623753,0.1903432372991609,-0.3634425375210004,0.25343616705945116,-0.44211107652088694,0.2922469200978298,-0.26476224538088794,-0.34910769503772804,-0.10273469957845989,0.332427451534987,0.20628350921684976,-0.5723067408797889,-0.8508898453775929,0.0177850881662816,-0.03805900921009226
0.34219124334854506,-1.610372383630661,-0.9752021799918302,1.3994502049602073,2.472535855721138,0.44710119597730713,-0.1494520671309195,-1.799209035018797,-0.7181168806601881,-0.7746106367314791,-0.6578440260420171,0.8952303121701375,0.6392334656724675,4.312320889504674,1.0084195458199434,-0.23466372901851143,-0.2478767547327547,2.676883469814185,2.617440444391171,0.8799368439245151,-0.3732192587831392,2.622491144547978,-1.053620872867786,-0.633726675945813,0.5592438237857239,-0.4571380951040465,1.9007151469593546,1.5124825908753154,-0.5724419273727769,1.2635979201082743,1.3223143884688187,1.638908887526308e-4,0.29051645043644947,1.5796513817458158,-0.19337514842262726,0.7660311623814909,0.44945253780638195,1.9819145256003532,0.9670033692132981,0.7059638578365247,0.5084320933258698,0.9245487828262395,-2.798677841276483,1.4507502565586077
-0.5944759642957707,-1.7435703573241594,0.4878022756122402,1.096842311232268,1.5550084104018833,1.417359838183192,-0.3908899615858092,-0.6333640206714944,-1.7173251883340137,-0.7910822836865212,0.3640185832240041,0.32124992052161433,0.8417338072253846,1.981767249268654,0.645130610051519,-0.30800639763500165,0.2677925318387454,2.617440444391171,3.9709138268993813,1.3426964701293984,0.8984590360079273,1.2382679919249568,-1.2197481427693706,0.6936063062861628,0.7913895853344067,-2.1221486630676665e-4,1.2557246765703896,1.2485617069721864,-0.29852442903023585,0.44827877971115243,1.9404638540927868,-0.9436625880439894,0.8644231274703243,0.7742689837200816,0.23752501031629297,0.14755966452695657,-0.3430191812248712,2.174012803186795,1.886064222646679,1.3219349033879972,-0.6365458884446243,-0.8245015237146132,-3.2226580928159363,1.523958216668251
-0.11453393109680013,-0.45757361607930147,-0.1637020697974482,0.37725298219273734,0.5861211774467752,0.4442560144028926,-0.1710892163691075,-0.5415115601810851,-0.30608611599333474,-0.20859977386630332,0.25451069088680756,0.4508050271292948,0.20985223414580276,1.1860199741202115,0.46188319284678103,0.08232599367983319,0.048107449155201445,0.8799368439245151,1.3426964701293984,0.6044835822840644,0.2260420737562107,0.7951645161173201,-0.5406497282190946,-0.31932920851229807,-0.016590863138839403,-0.003846231094631678,0.49278509328642944,0.6268248030134053,-0.12215582182071673,0.4811326672387532,0.4047070700146069,-0.2667084459549609,0.06412275742972968,0.29090747504952813,-0.27570720520428904,-0.04078799589076164,-0.03777429740266799,0.7505485726050649,0.3911096992365274,0.3295403813003964,0.13507161484335173,0.13503108093819371,-0.8880793465169966,0.33834060091404866
-0.9342672582846605,-0.00942107493357308,1.6293572277413066,-0.44405418220674153,-1.1630870743303343,0.8431007991182192,-0.17515679129594303,1.4590651895630242,-0.9814368814830797,0.046292516713175115,0.9241505938516235,-0.8216360022878515,0.15713742947810277,-2.9204846627866705,-0.5941474774692881,-0.14911187452592123,0.5193474902953283,-0.3732192587831392,0.8984590360079273,0.2260420737562107,1.2376289126172983,-1.7797890330488118,0.052332805384636756,1.595788232176219,0.30895845963105417,0.4720761073309334,-0.8492666068828268,-0.540485687608564,0.3291567222909221,-1.081640775694604,0.5423208865153815,-0.8822673987267454,0.6131461040733281,-0.9366642705010586,0.6246790200210397,-0.6005736445009512,-0.8095637132804293,-0.07200818636894331,0.8560853193071186,0.540727358267204,-1.2987159605360479,-1.9314495791169881,-0.16731426447217562,-0.002685954337262937
1.4571394656809837,-1.0640926084935272,-3.2153207815837814,1.6519602901120458,3.430078305292765,-0.589535959657684,-0.021139830387378312,-3.7146037189679526,1.0000220254457792,-0.5809121482551223,-1.2647396304127823,2.319009623238503,0.21242182211852184,7.7503114841818554,1.9715650609182043,0.3436907485130882,-0.8464263878440895,2.622491144547978,1.2382679919249568,0.7951645161173201,-1.7797890330488118,4.8398933877665575,-1.1948380481512473,-3.3439001170439346,-0.4338803149688867,-0.8944377099871627,2.629107271087181,2.2543806640230284,-0.8699933716600482,2.8767053774573554,0.027433425964629648,1.044542430372395,-0.8624546199769679,2.377386103359451,-1.5523967197032533,1.0964429672890939,1.3854803067299364,1.7635202111486938,-0.6029137648597043,-0.2266915603015522,2.5108828460945265,3.6660282522603014,-1.7514245686778032,0.8556040034983469
-0.0917175265667684,0.539414282518722,0.4899724048467227,-0.5226910522950518,-0.9213886495603396,-0.27232314654263656,0.1261404816136431,0.8536850231445987,0.17062715437815604,0.2601263720532393,0.01442175932412736,-0.5835885622298391,-0.21196377729206864,-1.870064386104031,-0.5708955973381273,-0.06261949531028649,0.07009568099205381,-1.053620872867786,-1.2197481427693706,-0.5406497282190946,0.052332805384636756,-1.1948380481512473,0.5537448633279031,0.567997597826371,-0.0028967271626452514,0.12828316337557155,-0.7335230644227532,-0.7488535815270017,0.2111432029142687,-0.6895981675851632,-0.38722028070826686,0.07481907376532634,0.00850065217953519,-0.5528594268145649,0.3377683910752507,-0.14716962089821903,-0.14257804334127777,-0.826616741211203,-0.2861408439951127,-0.2552760452981213,-0.36262940625767304,-0.50785352001852,0.9900483846085366,-0.4300249240541809
-1.307529568655402,-0.2935890662438242,2.8896708918381293,-0.6205641926171344,-1.6762593136253578,0.9635885167788112,-0.040199549783880933,2.7736641347821753,-1.867664895626724,-0.060127408501615937,0.6204512620946594,-2.065266648823737,0.3578459146886256,-5.174149496040792,-1.5207479694066552,-0.7440523283428851,0.7150818490569989,-0.633726675945813,0.6936063062861628,-0.31932920851229807,1.595788232176219,-3.3439001170439346,0.567997597826371,3.537189503934187,1.187844673122464,0.5650653884522033,-1.3029542391832627,-1.3806450323979493,0.47133539098113725,-2.339433660764763,1.2483404848254842,-1.1093551122152931,1.345328897487139,-1.2479014724237825,1.8428607649992865,-0.4250721685730224,-1.1397848276414237,-0.3117423076611385,1.6155015241831796,0.894829379810953,-2.553572577947833,-3.4799703752564315,-0.5669638887946067,0.43416529961159034
-0.27054282100008087,-0.626067070316948,0.709102088027629,0.22515002485702396,0.22401111346190808,0.3420061700010675,0.002481876938388805,0.4755632776302552,-0.8764629464331366,-0.27566809671785547,-0.2018612880989682,-0.5821678874766689,0.3271657973791345,-0.5313288262833386,-0.3338301583120653,-0.4287687334709686,0.12645795449888578,0.5592438237857239,0.7913895853344067,-0.016590863138839403,0.30895845963105417,-0.4338803149688867,-0.0028967271626452514,1.187844673122464,0.7126105432672524,5.410578829747434e-5,0.14649482117962795,-0.13168080863278658,-0.026509444934226196,-0.530608651916173,0.8740939302413361,-0.27753375621671916,0.6051837705530748,0.12092788969488304,0.7376508500266971,0.21741017975399896,-0.19664870742189675,0.4233958583782474,0.8536059786789195,0.49295160145920625,-0.7863803181922503,-0.9390224827049128,-1.061322844426389,0.6633600088456897
-0.3615081635730508,0.20788176426817087,0.651385620716897,-0.32318700183776694,-0.7058576400129241,0.24094803095848077,-0.04822105107280525,0.6886239625655806,-0.22532860938886679,0.11954882585699399,0.4253742369433351,-0.3531984254778311,-0.03217883802206409,-1.4861162681483089,-0.3010233922749674,5.695927831113155e-4,0.21032110406681262,-0.4571380951040465,-2.1221486630676665e-4,-0.003846231094631678,0.4720761073309334,-0.8944377099871627,0.12828316337557155,0.5650653884522033,5.410578829747434e-5,0.22593263241767161,-0.5226792857675374,-0.34649363488510515,0.18154557148710765,-0.4927463205751354,-0.004996010276146703,-0.3086305663576783,0.1466960783210991,-0.5242054100461874,0.19931951359787026,-0.32124099238544984,-0.32873839528626125,-0.26261042290317055,0.15222006472108507,0.09428541486213522,-0.47236384552562527,-0.7399682703578946,0.30700478693688543,-0.1991053431552495
0.6902271584284616,-1.0004866021635828,-1.4879668804895263,1.1138136872719941,2.1653697715691047,-0.12296414860212299,-0.022624509524140673,-1.9341509677499191,0.07194848115749233,-0.5081360036104526,-0.8344813311731611,1.0545995421690304,0.3198875747308127,4.298045087304146,0.9930829166630755,-0.03438553066812575,-0.41960432757088933,1.9007151469593546,1.2557246765703896,0.49278509328642944,-0.8492666068828268,2.629107271087181,-0.7335230644227532,-1.3029542391832627,0.14649482117962795,-0.5226792857675374,1.6476701720752112,1.281591857200871,-0.5302338912462699,1.4114294159600318,0.5347996996070988,0.4363440753348564,-0.15726789067304422,1.474591720771764,-0.5102332693921412,0.7600317810239959,0.6934091689391135,1.3146976602494098,0.1534543787357863,0.1653446435628037,1.0308713002479184,1.619548840199721,-1.6746619707980028,0.8932063409450905
0.4815991351708742,-0.6890970615502986,-1.2793352134556515,0.8491891538775396,1.646707035242247,0.03492488466910107,-0.10189570415793897,-1.6858638788313605,0.16767550175309673,-0.35331705186765267,-0.3598483586300149,1.097426891611082,0.21086982417854497,3.57631637506203,0.9864003437573655,0.15223124024777726,-0.2911505722570511,1.5124825908753154,1.2485617069721864,0.6268248030134053,-0.540485687608564,2.2543806640230284,-0.7488535815270017,-1.3806450323979493,-0.13168080863278658,-0.34649363488510515,1.281591857200871,1.1947616951281397,-0.40068687502462663,1.331560602056983,0.28457237877317976,0.24029851972398272,-0.2561666510541579,1.076472674282147,-0.7021313821001931,0.41251142486554276,0.49440080690505106,1.1046581578985935,0.029956585062138052,0.11868079914458016,0.986693000042454,1.4230218164048594,-1.2117447842521174,0.5492231436725682
-0.2604095354783156,0.2901840911692156,0.5321487259399837,-0.3522775419002768,-0.701087788048684,0.09299329294420815,-0.0070560453849191004,0.6496254796003695,-0.08193450343502448,0.150664722086607,0.30798654596173786,-0.35006026589632017,-0.08111950436387838,-1.4249705469649325,-0.319767214113533,0.004404085229133524,0.15452604407295076,-0.5724419273727769,-0.29852442903023585,-0.12215582182071673,0.3291567222909221,-0.8699933716600482,0.2111432029142687,0.47133539098113725,-0.026509444934226196,0.18154557148710765,-0.5302338912462699,-0.40068687502462663,0.17586509212008608,-0.4716751446095078,-0.1217883918521436,-0.18394852577928264,0.08354771134396557,-0.48627566673417794,0.17968555149941648,-0.26183531040873353,-0.2537109090273116,-0.3823369346233064,0.009113276067807876,-0.014947796876781515,-0.3783160653521107,-0.589222391647035,0.4742936656029007,-0.26215342314638096
0.9017527181531552,-0.35137429314196966,-2.064110958539081,0.833504514140769,1.827125109744871,-0.43132219745655287,-0.027123733258326465,-2.26316956248142,0.8896875526149858,-0.22053657989612213,-0.5889880318026243,1.5424142394002165,-0.006172573508172621,4.537941184442284,1.251318193048177,0.3733224790370906,-0.5131697583623753,1.2635979201082743,0.44827877971115243,0.4811326672387532,-1.081640775694604,2.8767053774573554,-0.6895981675851632,-2.339433660764763,-0.530608651916173,-0.4927463205751354,1.4114294159600318,1.331560602056983,-0.4716751446095078,1.8284381925380984,-0.3130582792332626,0.6689592928498012,-0.7110385875074794,1.2740702431165092,-1.1781529312043046,0.5089854210620098,0.8305215738163452,0.8407723077788742,-0.6556347518879824,-0.3089210296775932,1.7047740413970183,2.402926819534957,-0.5796490519169624,0.21513153021197381
-0.4137878357640825,-1.1006245476115504,0.7586559085152562,0.5501893165795615,0.702917693332691,0.7403692990664326,-0.11995648090908831,0.2026701222276994,-1.30330203397861,-0.49414295506780526,-0.07409043870753565,-0.4006406962201302,0.550325399231845,0.19016104877231887,-0.08316565237423343,-0.4720747395696302,0.1903432372991609,1.3223143884688187,1.9404638540927868,0.4047070700146069,0.5423208865153815,0.027433425964629648,-0.38722028070826686,1.2483404848254842,0.8740939302413361,-0.004996010276146703,0.5347996996070988,0.28457237877317976,-0.1217883918521436,-0.3130582792332626,1.3785172150341642,-0.5328564569711192,0.8006022004540013,0.36066952752485343,0.7172721805668126,0.24469204034818717,-0.27500029975493423,1.0596058981551348,1.3362387957619284,0.8455255930572428,-0.8796828676573106,-1.0638332989622212,-1.9493013613955616,1.066089497368332
0.6619410462844104,0.17180650341917708,-1.1082259809081105,0.1831638039980146,0.6126994121720672,-0.6763314201683457,0.14662759812685563,-0.8922752418212327,0.8009153981071429,0.043093845208954915,-0.6261877786786941,0.5132826040306939,-0.1796820335599696,1.7190788632067526,0.3337219504876738,0.1309784682783965,-0.3634425375210004,1.638908887526308e-4,-0.9436625880439894,-0.2667084459549609,-0.8822673987267454,1.044542430372395,0.07481907376532634,-1.1093551122152931,-0.27753375621671916,-0.3086305663576783,0.4363440753348564,0.24029851972398272,-0.18394852577928264,0.6689592928498012,-0.5328564569711192,0.6614223324345677,-0.4773742400625423,0.5397012406022826,-0.4393382028009753,0.3745548654769229,0.554466631651501,-0.15320987503805045,-0.7334015586358439,-0.4786816231104443,0.905697592342711,1.3358408769230097,0.40998702785214247,-0.145049164118608
-0.48733057710026734,-0.45113726862909287,1.014295356833299,0.023671358831536635,-0.19737311152651382,0.5141645280748789,-0.05670853740092715,0.7921969429437337,-0.9344232618512985,-0.18578780639813808,0.1500305166892831,-0.6671643193245352,0.282271059551,-1.2844323510114044,-0.4175190500904139,-0.3496545411498023,0.25343616705945116,0.29051645043644947,0.8644231274703243,0.06412275742972968,0.6131461040733281,-0.8624546199769679,0.00850065217953519,1.345328897487139,0.6051837705530748,0.1466960783210991,-0.15726789067304422,-0.2561666510541579,0.08354771134396557,-0.7110385875074794,0.8006022004540013,-0.4773742400625423,0.6278820044091328,-0.2030820045279134,0.7155787381006623,-0.032908340955783676,-0.398739256729207,0.2865669776076722,0.8811409901500454,0.5228699879700553,-0.9679914419815489,-1.2735830903795182,-0.81702653579719,0.4742970790756809
0.7378848035777608,-0.8153973657507662,-1.462807539867976,0.9731662914414724,1.9575772452509448,-0.2883353815652893,0.03340144632303307,-1.7712370681463159,0.21712261847285838,-0.4262232202995678,-0.9079760548267438,0.9273950148895923,0.23368266109720032,3.9191668307657115,0.8545557757393378,-0.04187512557113769,-0.44211107652088694,1.5796513817458158,0.7742689837200816,0.29090747504952813,-0.9366642705010586,2.377386103359451,-0.5528594268145649,-1.2479014724237825,0.12092788969488304,-0.5242054100461874,1.474591720771764,1.076472674282147,-0.48627566673417794,1.2740702431165092,0.36066952752485343,0.5397012406022826,-0.2030820045279134,1.3749854441050007,-0.4547679064723972,0.7660097441078083,0.7126767154407107,1.0423905564337559,-0.014280345125890057,0.029387471452257317,1.019346958468966,1.6134616700586646,-1.3270991994405932,0.7463099936085399
-0.5427474945493114,-0.27246494460954884,1.3623212803414833,-0.20515188392727088,-0.6311061749743925,0.3682077029852076,0.03638284041433486,1.3114773988095543,-0.9661092559155492,-0.08941659274152629,0.049157732387576675,-1.0987059916979445,0.22000613195712224,-2.3314233946219893,-0.8026517319287563,-0.4779365349930504,0.2922469200978298,-0.19337514842262726,0.23752501031629297,-0.27570720520428904,0.6246790200210397,-1.5523967197032533,0.3377683910752507,1.8428607649992865,0.7376508500266971,0.19931951359787026,-0.5102332693921412,-0.7021313821001931,0.17968555149941648,-1.1781529312043046,0.7172721805668126,-0.4393382028009753,0.7155787381006623,-0.4547679064723972,1.0526757553083388,-0.03748233069926442,-0.46419946584175736,-0.11045706441890674,0.8430738068755007,0.451665217374908,-1.2708848875118615,-1.6622529826338093,-0.449055429603801,0.36798438912457027
0.4425558558116276,-0.4592428720563781,-0.7051129640866798,0.5087635203248184,1.0387669063890026,-0.27254334212399123,0.08328682464665677,-0.8060486502718651,0.07513147145330423,-0.24079071209654587,-0.6910853249449518,0.2948075639315123,0.13078202552663662,1.887196236718899,0.2955002996899563,-0.13894924933376623,-0.26476224538088794,0.7660311623814909,0.14755966452695657,-0.04078799589076164,-0.6005736445009512,1.0964429672890939,-0.14716962089821903,-0.4250721685730224,0.21741017975399896,-0.32124099238544984,0.7600317810239959,0.41251142486554276,-0.26183531040873353,0.5089854210620098,0.24469204034818717,0.3745548654769229,-0.032908340955783676,0.7660097441078083,-0.03748233069926442,0.5293065403403749,0.4161144292014209,0.4543981801380563,0.016258099333937973,-0.003756616289497525,0.42872349104668694,0.7641363217526852,-0.703773161716388,0.46704184971977397
0.6203618989139101,-0.10518891993308246,-1.1449428758571683,0.3902604831047401,0.9298625293893023,-0.4908512859193781,0.09024761541011579,-1.108740827333991,0.5949864077797314,-0.07985231020845063,-0.6003562541236168,0.6434100819762932,-0.05432141890187872,2.252481820860415,0.49239619343831464,0.10504326354312579,-0.34910769503772804,0.44945253780638195,-0.3430191812248712,-0.03777429740266799,-0.8095637132804293,1.3854803067299364,-0.14257804334127777,-1.1397848276414237,-0.19664870742189675,-0.32873839528626125,0.6934091689391135,0.49440080690505106,-0.2537109090273116,0.8305215738163452,-0.27500029975493423,0.554466631651501,-0.398739256729207,0.7126767154407107,-0.46419946584175736,0.4161144292014209,0.5549846390788296,0.2110771699482077,-0.4935023136614355,-0.296758579606269,0.9081560584657706,1.3424736783257016,-0.09169671830733418,0.08902802551982035
0.10833119103191237,-1.2082605430988345,-0.5176871083927168,0.9921602301263085,1.6926947257696283,0.49346378444777883,-0.15589159075651873,-1.1806432619303693,-0.6743684296323155,-0.5723540727111258,-0.30271137888387,0.611274344462723,0.5040340665632835,2.8777646445140106,0.7165299265186934,-0.16624612574221173,-0.10273469957845989,1.9819145256003532,2.174012803186795,0.7505485726050649,-0.07200818636894331,1.7635202111486938,-0.826616741211203,-0.3117423076611385,0.4233958583782474,-0.26261042290317055,1.3146976602494098,1.1046581578985935,-0.3823369346233064,0.8407723077788742,1.0596058981551348,-0.15320987503805045,0.2865669776076722,1.0423905564337559,-0.11045706441890674,0.4543981801380563,0.2110771699482077,1.510682485279244,0.8459461649234492,0.6164166175348778,0.22528656322688662,0.4412525293192157,-2.1335065332457206,1.0734479112055735
-0.6601367786059259,-0.9273800709292943,1.2009982158117436,0.3077242982791843,0.18590803031198658,0.8849299722762664,-0.14801930272730804,0.6830492389512479,-1.4266759819145445,-0.39599184105053525,0.22362935417780905,-0.6466507132510262,0.5148806813600016,-0.8621175827762463,-0.29646790697771924,-0.4636915226651196,0.332427451534987,0.9670033692132981,1.886064222646679,0.3911096992365274,0.8560853193071186,-0.6029137648597043,-0.2861408439951127,1.6155015241831796,0.8536059786789195,0.15222006472108507,0.1534543787357863,0.029956585062138052,0.009113276067807876,-0.6556347518879824,1.3362387957619284,-0.7334015586358439,0.8811409901500454,-0.014280345125890057,0.8430738068755007,0.016258099333937973,-0.4935023136614355,0.8459461649234492,1.411934280555722,0.8895578202781925,-1.189056818754351,-1.5612228486201758,-1.6838774537514662,0.8983839302650434
-0.40765249635974843,-0.6169740414057825,0.6804059367084121,0.24247463432736938,0.19745584037566394,0.5943118521222601,-0.11453791043088178,0.3141437148603079,-0.8879695586083662,-0.26374721706549,0.17642194797303978,-0.3060734978681098,0.33405829214101584,-0.3203362778365105,-0.10082104055795224,-0.2571435252170138,0.20628350921684976,0.7059638578365247,1.3219349033879972,0.3295403813003964,0.540727358267204,-0.2266915603015522,-0.2552760452981213,0.894829379810953,0.49295160145920625,0.09428541486213522,0.1653446435628037,0.11868079914458016,-0.014947796876781515,-0.3089210296775932,0.8455255930572428,-0.4786816231104443,0.5228699879700553,0.029387471452257317,0.451665217374908,-0.003756616289497525,-0.296758579606269,0.6164166175348778,0.8895578202781925,0.579331578371718,-0.6750603520417029,-0.8953249081289817,-1.1272930170976667,0.5809158560786063
1.041312763285652,0.16068018667270464,-2.182062234384708,0.5076848321368509,1.3465710428830888,-0.8041379458546716,0.07149537038543609,-2.0742556327831996,1.3770615511380782,0.014752394282262039,-0.6345638880055651,1.4646140449433813,-0.2508514631069199,3.9344879066163894,1.0796219474855302,0.481071092674586,-0.5723067408797889,0.5084320933258698,-0.6365458884446243,0.13507161484335173,-1.2987159605360479,2.5108828460945265,-0.36262940625767304,-2.553572577947833,-0.7863803181922503,-0.47236384552562527,1.0308713002479184,0.986693000042454,-0.3783160653521107,1.7047740413970183,-0.8796828676573106,0.905697592342711,-0.9679914419815489,1.019346958468966,-1.2708848875118615,0.42872349104668694,0.9081560584657706,0.22528656322688662,-1.189056818754351,-0.6750603520417029,1.8855266095831535,2.616903840695656,0.3551808024321212,-0.24201731374386176
1.5370406210371215,0.04950457304451262,-3.114061091734126,0.8443157438511103,2.1377601638052672,-1.167497569026612,0.13035298741288673,-2.99450634192362,1.83392067470699,-0.0672914061429721,-1.1042301411332385,2.0116612497343467,-0.283798147991979,5.814408873869878,1.5057425093107226,0.5721938052386276,-0.8508898453775929,0.9245487828262395,-0.8245015237146132,0.13503108093819371,-1.9314495791169881,3.6660282522603014,-0.50785352001852,-3.4799703752564315,-0.9390224827049128,-0.7399682703578946,1.619548840199721,1.4230218164048594,-0.589222391647035,2.402926819534957,-1.0638332989622212,1.3358408769230097,-1.2735830903795182,1.6134616700586646,-1.6622529826338093,0.7641363217526852,1.3424736783257016,0.4412525293192157,-1.5612228486201758,-0.8953249081289817,2.616903840695656,3.7049317784260145,0.22455067352607844,-0.14686550558794573
0.09249923060756479,1.9308012161207402,0.048464182478688715,-1.356302531560301,-2.181874841376605,-0.8648604841900521,0.18577806372695072,1.0256947097542675,1.4978545244972299,0.8966466583391483,0.5074620330730193,-0.2679602540719821,-0.85793698783846,-2.993188838704695,-0.5895132292027311,0.5337482928874068,0.0177850881662816,-2.798677841276483,-3.2226580928159363,-0.8880793465169966,-0.16731426447217562,-1.7514245686778032,0.9900483846085366,-0.5669638887946067,-1.061322844426389,0.30700478693688543,-1.6746619707980028,-1.2117447842521174,0.4742936656029007,-0.5796490519169624,-1.9493013613955616,0.40998702785214247,-0.81702653579719,-1.3270991994405932,-0.449055429603801,-0.703773161716388,-0.09169671830733418,-2.1335065332457206,-1.6838774537514662,-1.1272930170976667,0.3551808024321212,0.22455067352607844,3.375613591760913,-1.7980481263169141
0.0026486052362070705,-1.0492009709039454,-0.007226606872544557,0.7280790802725176,1.184259965505579,0.3671105840753905,-0.05147389291523948,-0.4833759404178032,-0.8108615447247617,-0.4887790276376157,-0.4287437611224455,0.02566504964170412,0.4599383055298346,1.5192950762584216,0.21774866546949356,-0.36084473534126515,-0.03805900921009226,1.4507502565586077,1.523958216668251,0.33834060091404866,-0.002685954337262937,0.8556040034983469,-0.4300249240541809,0.43416529961159034,0.6633600088456897,-0.1991053431552495,0.8932063409450905,0.5492231436725682,-0.26215342314638096,0.21513153021197381,1.066089497368332,-0.145049164118608,0.4742970790756809,0.7463099936085399,0.36798438912457027,0.46704184971977397,0.08902802551982035,1.0734479112055735,0.8983839302650434,0.5809158560786063,-0.24201731374386176,-0.14686550558794573,-1.7980481263169141,1.0089329748836162
