V1,V2,V3,V4,V5,V6,V7,V8,V9,V10,V11,V12,V13,V14,V15,V16,V17,V18,V19,V20,V21,V22,V23,V24,V25,V26,V27,V28,V29,V30,V31,V32,V33,V34,V35,V36,V37,V38,V39,V40,V41,V42,V43,V44
0.8634509174911599,0.05869286249257799,-1.5533497169727748,0.43917828700571676,1.0813706937666707,-0.6411748067884904,0.0658430334903708,-1.3717426669307613,0.8836795991283585,-0.07098826286816186,-0.5433140961855243,0.9845675406166371,-0.16698524940441134,2.776364905996527,0.7217299006085807,0.28820395986483116,-0.38918032040100003,0.458087605694958,-0.4702996807433062,0.054560627949827446,-0.9655602348624285,1.7937334121622417,-0.1674670978610038,-1.609514454575634,-0.49823738893388614,-0.3996710486964604,0.7542302696778342,0.6937596043218579,-0.2798779576650149,1.166997044817451,-0.5445506327696432,0.6555521491558981,-0.6418037389045484,0.7564146192286405,-0.7753602995777329,0.39660989787005724,0.7104602489196761,0.22758776530057115,-0.7984896892100998,-0.44498512888410346,1.2919917886937367,1.8624991205776342,0.17321596038624407,-0.08837799037034604
0.05869286249257799,1.37379056095546,0.06012197659792043,-0.9781329138054662,-1.5516369726755226,-0.6160055627508991,0.1457096845909275,0.7701323535945068,1.0012534227295813,0.6100510557976009,0.38292741591085977,-0.20115394716791396,-0.6054797351946251,-2.1823966558244168,-0.4476385074402619,0.3742156348428354,0.03548243362050027,-1.9665216718371052,-2.2518929427175127,-0.6199344915657052,-0.07655418626868915,-1.2682906320335505,0.7115272296303404,-0.3512342604340953,-0.7572808800659239,0.23597692368529877,-1.1858002104228154,-0.8545809403085357,0.3351141787145167,-0.4388286311500933,-1.3557881312407079,0.25604435626558575,-0.5516693054682049,-0.9633950812375981,-0.2813604645938405,-0.5077641424926004,-0.07191005808514839,-1.4882867568379974,-1.1620855279176492,-0.7656095500574,0.21632505366020227,0.10590030052063742,2.376088998967781,-1.2508082350218988
-1.5533497169727748,0.06012197659792043,3.134902843421541,-0.9346127096672364,-2.280240144390708,1.134589174233278,-0.12740907697356407,3.047878542350724,-1.7296209753911413,0.14017880129930696,1.1482855022275997,-2.0306889377105093,0.2413457467175631,-5.996704807091036,-1.5271121638862069,-0.5339061767693803,0.8514210065208501,-1.0938197642072893,0.648053306071622,-0.17853502852511785,1.932345911547141,-3.7711927702126133,0.5484326466232095,3.42777832857055,0.8814382523233849,0.7629215496165782,-1.7219989053761193,-1.4810791203491052,0.6268649579530428,-2.4329267043065514,0.9452783891048573,-1.312844241911346,1.2228513937998378,-1.7002916638815573,1.6174814799078852,-0.8265576636344343,-1.3658735137456546,-0.5815736982404005,1.4593419315759812,0.8277408097472881,-2.5975349235218763,-3.701264532492863,-0.02108022819072909,0.030297238785216386
0.43917828700571676,-0.9781329138054662,-0.9346127096672364,1.0335313904114203,1.7238951069781296,0.14364087676971513,-0.11000661864867109,-1.3493882764985234,-0.2307854902508802,-0.5053655308715259,-0.5466674504279838,0.7394437264923606,0.3314335579245681,3.1871227404032014,0.7605466610770515,-0.11550369193319766,-0.25387447273388486,1.691960834267858,1.458513079218593,0.5351355241040339,-0.5035322923603046,1.9409019829380834,-0.6276858672000944,-0.642287123613742,0.2415855912552174,-0.4213092745512202,1.2470698851099342,0.9472524612897102,-0.41733688026919247,1.001868270563318,0.6662938686089451,0.16441004970180922,0.0033748864779815963,1.1575060318406973,-0.26576798777373273,0.6344806297597654,0.48700600913767045,1.2808823988083307,0.4288944801864,0.2800189649640721,0.5974130988180016,1.0046391208670784,-1.6753370299478965,0.8270378920981226
1.0813706937666707,-1.5516369726755226,-2.280240144390708,1.7238951069781296,3.3791903149405083,-0.1718135479419163,-0.04685979100075094,-2.947349872998097,0.059497052733792015,-0.8103959909257094,-1.227716700739155,1.6502172914217912,0.5001397184915591,6.616166141687983,1.5556054395380272,-0.027565279627168343,-0.6064108564876342,3.00360931261553,2.0417519817016343,0.8145682047058161,-1.2487034408310889,4.086557392435722,-1.1437939912600565,-1.9741555829048096,0.2006590728797125,-0.7992995913563153,2.5522537324252306,2.0550658646350164,-0.8078600158402456,2.1946028527225083,0.8581253694143601,0.6217275103688255,-0.22730488417874603,2.237137195837141,-0.7882397282201029,1.1331694050813956,1.053095412603653,2.079298082518389,0.25888347913526344,0.30482781361856487,1.5753205052499408,2.4816065117540127,-2.6067369357144052,1.396190301414229
-0.6411748067884904,-0.6160055627508991,1.134589174233278,0.14364087676971513,-0.1718135479419163,0.7953545746804846,-0.15940010672655097,0.7415856208106045,-1.0899314948060905,-0.22049773367554695,0.3077261797657249,-0.6115726274883341,0.357686160685496,-1.1977599396004055,-0.322055405178741,-0.3565162269373069,0.2920859460041134,0.47972762104575545,1.3646126136592995,0.26838636579525726,0.7690202984996716,-0.8214312147863756,-0.16530630897510126,1.3965068700684473,0.6503549258057285,0.1809671614105273,-0.1308291142733994,-0.19267088118839953,0.07201948445734513,-0.6707583427476723,0.9643254023007909,-0.635121666413669,0.6817499420365575,-0.18721650903952683,0.6715261822602663,-0.08276009093383378,-0.4905006976050907,0.5056102694723457,1.0903460823642392,0.6409385322754546,-1.0455060744340363,-1.4059325890522827,-1.1271117407403248,0.5500881297051388
0.0658430334903708,0.1457096845909275,-0.12740907697356407,-0.11000661864867109,-0.04685979100075094,-0.15940010672655097,0.06089101795730482,-0.05782025623155502,0.16515233971696583,0.05757499447985006,-0.04859157429813228,0.03966782768353517,-0.06457663083568323,0.03496535051444371,-0.012518208798477119,0.05361893213365929,-0.03490719654628146,-0.15164427541823797,-0.3110485511555031,-0.09599515309556042,-0.08846176744654681,0.03173335027347614,0.05681290188994369,-0.19605340552857164,-0.09521796639755682,0.009951109903546345,-0.005223059739411855,0.004450469138788015,0.004922148964520071,0.040516345655844437,-0.1647707016884903,0.09717506464863869,-0.079418942768721,-0.024203677839563748,-0.06695158287796928,-0.023001754822268187,0.04021583666848762,-0.1607312779029361,-0.18851809555674623,-0.0956574459958719,0.1164906070036482,0.14214681317703393,0.25369754192498506,-0.09529685326797285
-1.3717426669307613,0.7701323535945068,3.047878542350724,-1.3493882764985234,-2.947349872998097,0.7415856208106045,-0.05782025623155502,3.4462458967381395,-1.2213714793768646,0.380137571068427,1.3265841850160311,-2.063152610201914,-0.09877557082983096,-6.978936883715946,-1.7187909163134019,-0.3271078917001816,0.8804405051898215,-2.0124811302961305,-0.5011554808156216,-0.4658392844900555,1.8328899778392493,-4.291653152864035,0.9617887507649672,3.269486087202827,0.42808456748149837,0.8177284073810264,-2.3061437005352783,-1.8735714706091586,0.778171259005421,-2.5864319718501183,0.230538592330906,-1.168335971417351,0.8951344023981149,-2.1587518202237317,1.470433258677961,-1.0231276312041737,-1.299393309196296,-1.253846237194507,0.832965741858407,0.4270740293205177,-2.407321271930188,-3.5028805529822122,1.1956653215506894,-0.6071029685072639
0.8836795991283585,1.0012534227295813,-1.7296209753911413,-0.2307854902508802,0.059497052733792015,-1.0899314948060905,0.16515233971696583,-1.2213714793768646,1.8757540576156349,0.48087194671784417,-0.4086615247847533,0.9810133357618793,-0.5834132014829932,1.7877684210976137,0.5607753423051073,0.5883254313474041,-0.507919683408647,-0.9630977123798083,-2.1933115064539406,-0.41574783777376345,-1.220141227945188,1.1695756143482292,0.20069735256469237,-2.3253294113261727,-1.0338438771325893,-0.2605969896247085,0.0590278236678021,0.16444924822188775,-0.08221156246071648,1.0625330875134626,-1.6259509203481644,1.0142963686947868,-1.154321481440186,0.25017476969148356,-1.1956870196388472,0.06397130837330857,0.6939839298263748,-0.912902120662204,-1.7794995959993558,-1.1203289470517708,1.6759957049345229,2.22569854199678,1.8758343213412352,-1.0218294891143966
-0.07098826286816186,0.6100510557976009,0.14017880129930696,-0.5053655308715259,-0.8103959909257094,-0.22049773367554695,0.05757499447985006,0.380137571068427,0.48087194671784417,0.3558808873731554,0.17080920141789188,-0.17327523346728144,-0.24532457765168156,-1.144232727186481,-0.23026960547474798,0.15482885099700486,0.008366061896500545,-0.9809033282131553,-1.0725475673619977,-0.32607961476181974,-0.0020882618662164073,-0.700300074551346,0.30628621566284037,-0.141369830869119,-0.268566493534857,0.14341784700555138,-0.581741769410952,-0.4285856822315216,0.18587057967671392,-0.2707713649840897,-0.6056953932229334,0.1231591205621333,-0.21900805508151136,-0.4825510856245074,-0.11546648416996474,-0.28763660574297834,-0.12002402399829856,-0.7813078718352113,-0.5238645161581525,-0.35221691193541316,0.026271561484193313,-0.060097777871262345,1.104870173614993,-0.582030405118877
-0.5433140961855243,0.38292741591085977,1.1482855022275997,-0.5466674504279838,-1.227716700739155,0.3077261797657249,-0.04859157429813228,1.3265841850160311,-0.4086615247847533,0.17080920141789188,0.6227702589630415,-0.7262413031988342,-0.0834104044568682,-2.7402691647368083,-0.6284613996687852,-0.0679008261381085,0.3517425833000359,-0.8560835867602058,-0.19256776504754547,-0.12521300574365382,0.7358014536579989,-1.6677913681667256,0.3579386663047205,1.1696704072012527,0.05392740124300319,0.33457613846781586,-0.9630404418235025,-0.740825904645422,0.3126129492391342,-0.9577598418527037,-0.009829124649620508,-0.47828276576043655,0.2766822509215485,-0.8880108357831796,0.47389504060625065,-0.4467235468786394,-0.5006688433296829,-0.5005042375327842,0.2650427367254652,0.12201707428124531,-0.86898591590624,-1.3060914968020712,0.5770296399216543,-0.33941023549398586
0.9845675406166371,-0.20115394716791396,-2.0306889377105093,0.7394437264923606,1.6502172914217912,-0.6115726274883341,0.03966782768353517,-2.063152610201914,0.9810133357618793,-0.17327523346728144,-0.7262413031988342,1.3768518792320081,-0.08726815767644246,4.13753041323315,1.0689139582800287,0.3216351478389293,-0.5387697260958856,0.9582852531224216,-0.06267102908595547,0.24178399800808548,-1.2024663733154057,2.598594267266346,-0.464084958265326,-2.180269712565883,-0.5120325180623612,-0.512590702055108,1.2382579594830196,1.071603032561596,-0.444497217316863,1.6476874739678304,-0.44601756589968944,0.7797482209238428,-0.7339059732666215,1.196305595851616,-1.0439741518945496,0.5731546697428037,0.8794728345057099,0.5954300715103538,-0.7889638200710095,-0.4331554897789776,1.658321521147393,2.381267392419766,-0.28544196419207424,0.11491438864840552
-0.16698524940441134,-0.6054797351946251,0.2413457467175631,0.3314335579245681,0.5001397184915591,0.357686160685496,-0.06457663083568323,-0.09877557082983096,-0.5834132014829932,-0.24532457765168156,-0.0834104044568682,-0.08726815767644246,0.3028023984621536,0.4727560746864327,0.07244699118172908,-0.20585645635639438,0.05563413375431856,0.7815322453174617,1.0374538207213753,0.25091916052415314,0.20128764758143483,0.2528126489818212,-0.2783004663109746,0.4225041464077789,0.42301891360169086,-0.030029463701187555,0.4025916816109179,0.28217196373283326,-0.09088916493937764,-0.01140911458004828,0.6861204551317082,-0.21308363427725896,0.35780550072189643,0.2816790924789909,0.2597364533694862,0.13973108902032066,-0.09957575211864392,0.5881225070353617,0.6290695895325309,0.41668792304895075,-0.3188199571768012,-0.36590446835238893,-1.048232634812255,0.5692565962030931
2.776364905996527,-2.1823966558244168,-5.996704807091036,3.1871227404032014,6.616166141687983,-1.1977599396004055,0.03496535051444371,-6.978936883715946,1.7877684210976137,-1.144232727186481,-2.7402691647368083,4.13753041323315,0.4727560746864327,14.65278405646279,3.567165559160448,0.4534663714187328,-1.677499914960252,5.013310201255354,2.173982050839265,1.2696784009476214,-3.517700835398029,9.04370754992465,-2.1588070244613515,-6.039367289696008,-0.5123556237691094,-1.763801086512297,5.071066466093978,4.115666850588883,-1.6861444377473165,5.2662353835119164,0.25110440164905995,2.100523242649793,-1.471815918519139,4.66676688915077,-2.6652863358517207,2.2888142248404804,2.648928174844579,3.3021704314160196,-1.0118962354666745,-0.4085464625651096,4.5837288045433136,6.804667535433477,-3.538611635509002,1.8274754959863815
0.7217299006085807,-0.4476385074402619,-1.5271121638862069,0.7605466610770515,1.5556054395380272,-0.322055405178741,-0.012518208798477119,-1.7187909163134019,0.5607753423051073,-0.23026960547474798,-0.6284613996687852,1.0689139582800287,0.07244699118172908,3.567165559160448,0.9157751619097345,0.16735965089284327,-0.41792662308278,1.1210021301333128,0.4094608114904857,0.31174961180674876,-0.8978432597030657,2.2211158119332737,-0.5062873189028113,-1.5807586286539803,-0.21328746933808354,-0.4418188858739361,1.1708577728486258,0.9921245468217157,-0.3914875325345357,1.3347492604006108,-0.06412675790782002,0.548895602963093,-0.4478590029711561,1.097567548599259,-0.7435349595738107,0.5243424389124544,0.6674938099712034,0.7329077416096023,-0.3649007360855144,-0.1776011420486448,1.207685240437019,1.7767267873544088,-0.6979468776956996,0.3328549329985222
0.28820395986483116,0.3742156348428354,-0.5339061767693803,-0.11550369193319766,-0.027565279627168343,-0.3565162269373069,0.05361893213365929,-0.3271078917001816,0.5883254313474041,0.15482885099700486,-0.0679008261381085,0.3216351478389293,-0.20585645635639438,0.4534663714187328,0.16735965089284327,0.2196047253001045,-0.12923484194358875,-0.34448303688225784,-0.7156592601397938,-0.12075881617087252,-0.3392681137870016,0.3275490783407542,0.08635415436873699,-0.7227354714562828,-0.3787714337856648,-0.05983301783382119,-0.024121883608228988,0.061902791119591224,-0.007800686259701252,0.32309514461217537,-0.5453348267241914,0.291078437258293,-0.3718644216619674,0.010747287995528914,-0.38581953609228176,-0.02809177065148852,0.20185467719703135,-0.3129397796811529,-0.5921003845803373,-0.3497459805097682,0.5229339313886203,0.6878542458921202,0.6765681542267757,-0.35922630005965517
-0.38918032040100003,0.03548243362050027,0.8514210065208501,-0.25387447273388486,-0.6064108564876342,0.2920859460041134,-0.03490719654628146,0.8804405051898215,-0.507919683408647,0.008366061896500545,0.3517425833000359,-0.5387697260958856,0.05563413375431856,-1.677499914960252,-0.41792662308278,-0.12923484194358875,0.2635504094875672,-0.2716203154710424,0.20685779098574444,-0.022129688983123043,0.5582764618640371,-1.0238818984824742,0.17003191344637675,0.9782501826501097,0.204183323637311,0.2075430516525667,-0.47996613000791827,-0.377360690966232,0.17587028530267437,-0.6625664332774599,0.2606184051001419,-0.38811979180148826,0.3351777455682018,-0.49439928084832324,0.45300293443304696,-0.2374141711259537,-0.3617494081363659,-0.12779887331599823,0.4019082461809599,0.2484334374284292,-0.7131374260764657,-1.0113812384647007,0.00994304020063741,0.008297482465075431
0.458087605694958,-1.9665216718371052,-1.0938197642072893,1.691960834267858,3.00360931261553,0.47972762104575545,-0.15164427541823797,-2.0124811302961305,-0.9630977123798083,-0.9809033282131553,-0.8560835867602058,0.9582852531224216,0.7815322453174617,5.013310201255354,1.1210021301333128,-0.34448303688225784,-0.2716203154710424,3.250817566266097,3.1030398831790627,0.9971898346510482,-0.44744200433984793,3.0586776815495327,-1.17665597067869,-0.5324761868408818,0.7479539203094754,-0.5781531998766917,2.267808631039135,1.7708332894236607,-0.6800702977868717,1.4126898741524454,1.6630838130726973,-0.004727550281552306,0.4169851714821799,1.8896283229051862,-0.08437507481478962,0.976631316892611,0.5623970142603861,2.3911651802356535,1.226626406366388,0.888936832201733,0.5099624829370235,1.0107394666623857,-3.4059976533060228,1.8081764097715145
-0.4702996807433062,-2.2518929427175127,0.648053306071622,1.458513079218593,2.0417519817016343,1.3646126136592995,-0.3110485511555031,-0.5011554808156216,-2.1933115064539406,-1.0725475673619977,-0.19256776504754547,-0.06267102908595547,1.0374538207213753,2.173982050839265,0.4094608114904857,-0.7156592601397938,0.20685779098574444,3.1030398831790627,4.164114194227282,1.1426364681487953,0.6967468957562869,1.2378082593914714,-1.0836849504863093,1.4594129417617745,1.3557843033997572,-0.20074726023314793,1.527559383984045,1.0876465128797468,-0.4229983513434631,0.1869769380013456,2.5010764275923947,-0.8679628582179799,1.1982296232586687,1.1645310893285632,0.8264009555562197,0.6365257397278282,-0.1805410353779239,2.511973196392656,2.3703294844341865,1.5257684135956437,-0.9767995580681604,-1.0865728060926463,-4.026857321158014,2.0733821200535862
0.054560627949827446,-0.6199344915657052,-0.17853502852511785,0.5351355241040339,0.8145682047058161,0.26838636579525726,-0.09599515309556042,-0.4658392844900555,-0.41574783777376345,-0.32607961476181974,-0.12521300574365382,0.24178399800808548,0.25091916052415314,1.2696784009476214,0.31174961180674876,-0.12075881617087252,-0.022129688983123043,0.9971898346510482,1.1426364681487953,0.3907480389450524,-0.008034164284891052,0.7823873226214445,-0.36838320373129885,0.0251159757205745,0.232808893656054,-0.1521720256657166,0.5885737891573459,0.4690570564444733,-0.1839639888890664,0.3468822296073853,0.5664285830533864,-0.11775196412773424,0.16716972757308549,0.502544960744441,0.018667344776797004,0.2652598163631796,0.12241134498202456,0.8018571003948105,0.5008338511193273,0.3268808489286726,0.04177920043804242,0.1331268230869673,-1.1086681874729858,0.5404590886092537
-0.9655602348624285,-0.07655418626868915,1.932345911547141,-0.5035322923603046,-1.2487034408310889,0.7690202984996716,-0.08846176744654681,1.8328899778392493,-1.220141227945188,-0.0020882618662164073,0.7358014536579989,-1.2024663733154057,0.20128764758143483,-3.517700835398029,-0.8978432597030657,-0.3392681137870016,0.5582764618640371,-0.44744200433984793,0.6967468957562869,-0.008034164284891052,1.268422586600002,-2.195967049585028,0.2592613205103602,2.1592056390680177,0.5753494843754356,0.47570275040560595,-0.9382880305580018,-0.7782643134708431,0.35521720653237215,-1.4506422685131182,0.7345848373440785,-0.8900777642770186,0.8265191018098814,-0.995572872731426,1.0246910957135806,-0.5006772300166651,-0.855300031169092,-0.17421481965967636,1.0302948641678324,0.6290330148510963,-1.63816118196225,-2.3228988185712076,-0.24674266425295768,0.15342533070764824
1.7937334121622417,-1.2682906320335505,-3.7711927702126133,1.9409019829380834,4.086557392435722,-0.8214312147863756,0.03173335027347614,-4.291653152864035,1.1695756143482292,-0.700300074551346,-1.6677913681667256,2.598594267266346,0.2528126489818212,9.04370754992465,2.2211158119332737,0.3275490783407542,-1.0238818984824742,3.0586776815495327,1.2378082593914714,0.7823873226214445,-2.195967049585028,5.626182660078388,-1.290945894078854,-3.785642760055339,-0.4033289192990985,-1.10328710681449,3.1063122976349433,2.576393350010013,-1.0276595055563553,3.291141435918231,0.0655986566426843,1.3186310530780563,-0.9664760469638326,2.841791815408534,-1.6875247471569688,1.3910449163136922,1.6763994421987056,2.0000793699006056,-0.7193975522459679,-0.28826261266898734,2.9001839282099655,4.296372775202888,-2.0473372793238838,1.0640461844963398
-0.1674670978610038,0.7115272296303404,0.5484326466232095,-0.6276858672000944,-1.1437939912600565,-0.16530630897510126,0.05681290188994369,0.9617887507649672,0.20069735256469237,0.30628621566284037,0.3579386663047205,-0.464084958265326,-0.2783004663109746,-2.1588070244613515,-0.5062873189028113,0.08635415436873699,0.17003191344637675,-1.17665597067869,-1.0836849504863093,-0.36838320373129885,0.2592613205103602,-1.290945894078854,0.5094396437429655,0.4802937034948269,-0.2339568330022963,0.21865958037054828,-0.9106757718268195,-0.7065353343253693,0.2760898559566874,-0.6524930595903389,-0.5280313823921423,-0.07976754891753074,-0.07490282869644944,-0.7770737126176451,0.17363945731492153,-0.3613536231389797,-0.22921370693271625,-0.8453538139478324,-0.3497594636518384,-0.25396624947204083,-0.33402140540115005,-0.5510063199726465,1.217698660200932,-0.6248692145883987
-1.609514454575634,-0.3512342604340953,3.42777832857055,-0.642287123613742,-1.9741555829048096,1.3965068700684473,-0.19605340552857164,3.269486087202827,-2.3253294113261727,-0.141369830869119,1.1696704072012527,-2.180269712565883,0.4225041464077789,-6.039367289696008,-1.5807586286539803,-0.7227354714562828,0.9782501826501097,-0.5324761868408818,1.4594129417617745,0.0251159757205745,2.1592056390680177,-3.785642760055339,0.4802937034948269,4.100340502576218,1.1652315005761986,0.7152232610447538,-1.583478172766048,-1.4133120106115598,0.5779201233377099,-2.577968460553145,1.4909354821445555,-1.5732606224082255,1.5232766323806293,-1.5916725419530293,1.957688401416699,-0.6814752888657989,-1.4000674786788205,-0.06725717616254007,2.0190296951589928,1.1758758864361334,-2.956575491434665,-4.1063813910199505,-0.784085952854917,0.43618280020450245
-0.49823738893388614,-0.7572808800659239,0.8814382523233849,0.2415855912552174,0.2006590728797125,0.6503549258057285,-0.09521796639755682,0.42808456748149837,-1.0338438771325893,-0.268566493534857,0.05392740124300319,-0.5120325180623612,0.42301891360169086,-0.5123556237691094,-0.21328746933808354,-0.3787714337856648,0.204183323637311,0.7479539203094754,1.3557843033997572,0.232808893656054,0.5753494843754356,-0.4033289192990985,-0.2339568330022963,1.1652315005761986,0.7293014347570524,0.09917078679456735,0.18907052008669564,0.044422030531677835,-0.003850575539705995,-0.4830676770673407,1.0378844583135673,-0.4814432015532682,0.6831480327787117,0.05805413429704924,0.6447787601498198,0.044250911275757684,-0.37851681984470825,0.59745595041095,1.0489255883501434,0.6578004300310667,-0.8874222832558956,-1.1427464193783976,-1.3191948161868237,0.7286685558144266
-0.3996710486964604,0.23597692368529877,0.7629215496165782,-0.4213092745512202,-0.7992995913563153,0.1809671614105273,0.009951109903546345,0.8177284073810264,-0.2605969896247085,0.14341784700555138,0.33457613846781586,-0.512590702055108,-0.030029463701187555,-1.763801086512297,-0.4418188858739361,-0.05983301783382119,0.2075430516525667,-0.5781531998766917,-0.20074726023314793,-0.1521720256657166,0.47570275040560595,-1.10328710681449,0.21865958037054828,0.7152232610447538,0.09917078679456735,0.2542306455014461,-0.5672014376799364,-0.4585989280043345,0.2007320372529253,-0.6513217604519942,0.025968992131297747,-0.2787229164542579,0.22801092117180852,-0.5661268740392479,0.3361816389138846,-0.3094850803964372,-0.37594699542140836,-0.39676595535579184,0.16140480608189733,0.0946154335336025,-0.598389106423855,-0.8945839596204732,0.3701789571381078,-0.17030241251837772
0.7542302696778342,-1.1858002104228154,-1.7219989053761193,1.2470698851099342,2.5522537324252306,-0.1308291142733994,-0.005223059739411855,-2.3061437005352783,0.0590278236678021,-0.581741769410952,-0.9630404418235025,1.2382579594830196,0.4025916816109179,5.071066466093978,1.1708577728486258,-0.024121883608228988,-0.47996613000791827,2.267808631039135,1.527559383984045,0.5885737891573459,-0.9382880305580018,3.1063122976349433,-0.9106757718268195,-1.583478172766048,0.18907052008669564,-0.5672014376799364,1.995266763103645,1.5918984509196252,-0.6177277053964746,1.6609254806016536,0.6674130543939251,0.4908052574775602,-0.14259010822436788,1.7152170458772478,-0.6053362282221589,0.8333080504851557,0.7542217112766593,1.5302352725394919,0.1939508356786261,0.24405778054901786,1.1843079996168233,1.8460189895496408,-1.990924381248642,1.0920654153265446
0.6937596043218579,-0.8545809403085357,-1.4810791203491052,0.9472524612897102,2.0550658646350164,-0.19267088118839953,0.004450469138788015,-1.8735714706091586,0.16444924822188775,-0.4285856822315216,-0.740825904645422,1.071603032561596,0.28217196373283326,4.115666850588883,0.9921245468217157,0.061902791119591224,-0.377360690966232,1.7708332894236607,1.0876465128797468,0.4690570564444733,-0.7782643134708431,2.576393350010013,-0.7065353343253693,-1.4133120106115598,0.044422030531677835,-0.4585989280043345,1.5918984509196252,1.3702889782724306,-0.47201388790850063,1.4107891989263655,0.4165613666915715,0.4302685833506984,-0.1907923779607455,1.3184543805825797,-0.5752180123448756,0.6026553118896231,0.6258820281111331,1.1505993044901133,0.0041796528217053226,0.14957778080770895,1.0562408272825579,1.6236709147194905,-1.4089694291663855,0.7929481323372344
-0.2798779576650149,0.3351141787145167,0.6268649579530428,-0.41733688026919247,-0.8078600158402456,0.07201948445734513,0.004922148964520071,0.778171259005421,-0.08221156246071648,0.18587057967671392,0.3126129492391342,-0.444497217316863,-0.09088916493937764,-1.6861444377473165,-0.3914875325345357,-0.007800686259701252,0.17587028530267437,-0.6800702977868717,-0.4229983513434631,-0.1839639888890664,0.35521720653237215,-1.0276595055563553,0.2760898559566874,0.5779201233377099,-0.003850575539705995,0.2007320372529253,-0.6177277053964746,-0.47201388790850063,0.21133272439694917,-0.5724208921562889,-0.14343452012549793,-0.1861974601052434,0.10222311845974431,-0.5689756236385876,0.2402970782357786,-0.2952809697463412,-0.2893648675750784,-0.48349510714794697,-0.008066618658448448,-0.022744001066878003,-0.45023031458841134,-0.6846893676406088,0.5756244870082056,-0.2966635320454827
1.166997044817451,-0.4388286311500933,-2.4329267043065514,1.001868270563318,2.1946028527225083,-0.6707583427476723,0.040516345655844437,-2.5864319718501183,1.0625330875134626,-0.2707713649840897,-0.9577598418527037,1.6476874739678304,-0.01140911458004828,5.2662353835119164,1.3347492604006108,0.32309514461217537,-0.6625664332774599,1.4126898741524454,0.1869769380013456,0.3468822296073853,-1.4506422685131182,3.291141435918231,-0.6524930595903389,-2.577968460553145,-0.4830676770673407,-0.6513217604519942,1.6609254806016536,1.4107891989263655,-0.5724208921562889,2.0274134496641967,-0.35217668948769615,0.9253171362395792,-0.8009267147138512,1.5740776198654047,-1.2042369703724523,0.7560465972367141,1.062141081230729,0.8811944493169717,-0.7982436806877694,-0.4193189745830508,1.9560571806586222,2.8344638466355576,-0.6600743070546344,0.31420554460162603
-0.5445506327696432,-1.3557881312407079,0.9452783891048573,0.6662938686089451,0.8581253694143601,0.9643254023007909,-0.1647707016884903,0.230538592330906,-1.6259509203481644,-0.6056953932229334,-0.009829124649620508,-0.44601756589968944,0.6861204551317082,0.25110440164905995,-0.06412675790782002,-0.5453348267241914,0.2606184051001419,1.6630838130726973,2.5010764275923947,0.5664285830533864,0.7345848373440785,0.0655986566426843,-0.5280313823921423,1.4909354821445555,1.0378844583135673,0.025968992131297747,0.6674130543939251,0.4165613666915715,-0.14343452012549793,-0.35217668948769615,1.705353505481073,-0.7078234495134842,0.9830720018652528,0.4078843456304854,0.8388794062531678,0.23895397490404877,-0.3745893453913153,1.3384756406354912,1.6579191598410485,1.0769259829151001,-1.0790213285710952,-1.3253596869873019,-2.415446463056108,1.309031378219058
0.6555521491558981,0.25604435626558575,-1.312844241911346,0.16441004970180922,0.6217275103688255,-0.635121666413669,0.09717506464863869,-1.168335971417351,1.0142963686947868,0.1231591205621333,-0.47828276576043655,0.7797482209238428,-0.21308363427725896,2.100523242649793,0.548895602963093,0.291078437258293,-0.38811979180148826,-0.004727550281552306,-0.8679628582179799,-0.11775196412773424,-0.8900777642770186,1.3186310530780563,-0.07976754891753074,-1.5732606224082255,-0.4814432015532682,-0.2787229164542579,0.4908052574775602,0.4302685833506984,-0.1861974601052434,0.9253171362395792,-0.7078234495134842,0.6768434477664265,-0.6395617549694724,0.5389300904748905,-0.7484938879526223,0.24803862089801545,0.5518110230362195,-0.1545395048516973,-0.9052529455046285,-0.5481454818416004,1.1532776194122214,1.6060420148510424,0.5455109850947603,-0.28251299566788834
-0.6418037389045484,-0.5516693054682049,1.2228513937998378,0.0033748864779815963,-0.22730488417874603,0.6817499420365575,-0.079418942768721,0.8951344023981149,-1.154321481440186,-0.21900805508151136,0.2766822509215485,-0.7339059732666215,0.35780550072189643,-1.471815918519139,-0.4478590029711561,-0.3718644216619674,0.3351777455682018,0.4169851714821799,1.1982296232586687,0.16716972757308549,0.8265191018098814,-0.9664760469638326,-0.07490282869644944,1.5232766323806293,0.6831480327787117,0.22801092117180852,-0.14259010822436788,-0.1907923779607455,0.10222311845974431,-0.8009267147138512,0.9830720018652528,-0.6395617549694724,0.7606155937618038,-0.27798398269819474,0.7998080247921022,-0.12585203419529156,-0.5316033168604032,0.39327511284702366,1.0785725051435004,0.6878031609384864,-1.1525125975319646,-1.5515084048938106,-1.0206100100421056,0.5870615152647789
0.7564146192286405,-0.9633950812375981,-1.7002916638815573,1.1575060318406973,2.237137195837141,-0.18721650903952683,-0.024203677839563748,-2.1587518202237317,0.25017476969148356,-0.4825510856245074,-0.8880108357831796,1.196305595851616,0.2816790924789909,4.66676688915077,1.097567548599259,0.010747287995528914,-0.49439928084832324,1.8896283229051862,1.1645310893285632,0.502544960744441,-0.995572872731426,2.841791815408534,-0.7770737126176451,-1.5916725419530293,0.05805413429704924,-0.5661268740392479,1.7152170458772478,1.3184543805825797,-0.5689756236385876,1.5740776198654047,0.4078843456304854,0.5389300904748905,-0.27798398269819474,1.584473388526026,-0.6630733640416904,0.8107989681845783,0.7859967601352712,1.3104678733006492,0.027319072543986637,0.06155824900446959,1.2326845223994962,1.8789605833977316,-1.6096326162632988,0.8276610375834944
-0.7753602995777329,-0.2813604645938405,1.6174814799078852,-0.26576798777373273,-0.7882397282201029,0.6715261822602663,-0.06695158287796928,1.470433258677961,-1.1956870196388472,-0.11546648416996474,0.47389504060625065,-1.0439741518945496,0.2597364533694862,-2.6652863358517207,-0.7435349595738107,-0.38581953609228176,0.45300293443304696,-0.08437507481478962,0.8264009555562197,0.018667344776797004,1.0246910957135806,-1.6875247471569688,0.17363945731492153,1.957688401416699,0.6447787601498198,0.3361816389138846,-0.6053362282221589,-0.5752180123448756,0.2402970782357786,-1.2042369703724523,0.8388794062531678,-0.7484938879526223,0.7998080247921022,-0.6630733640416904,0.9846324923716988,-0.2805141048780183,-0.6688446407910534,0.06098725065056477,1.049023316043096,0.6370948177400599,-1.4357998392275604,-1.9798017115878237,-0.5711356748833014,0.3508273335226277
0.39660989787005724,-0.5077641424926004,-0.8265576636344343,0.6344806297597654,1.1331694050813956,-0.08276009093383378,-0.023001754822268187,-1.0231276312041737,0.06397130837330857,-0.28763660574297834,-0.4467235468786394,0.5731546697428037,0.13973108902032066,2.2888142248404804,0.5243424389124544,-0.02809177065148852,-0.2374141711259537,0.976631316892611,0.6365257397278282,0.2652598163631796,-0.5006772300166651,1.3910449163136922,-0.3613536231389797,-0.6814752888657989,0.044250911275757684,-0.3094850803964372,0.8333080504851557,0.6026553118896231,-0.2952809697463412,0.7560465972367141,0.23895397490404877,0.24803862089801545,-0.12585203419529156,0.8107989681845783,-0.2805141048780183,0.46017934195061866,0.4267174891693947,0.7190628659495135,0.07481805503942963,0.04214186859112573,0.5847802880869861,0.9098192661333532,-0.8681125765053325,0.4328798077619723
0.7104602489196761,-0.07191005808514839,-1.3658735137456546,0.48700600913767045,1.053095412603653,-0.4905006976050907,0.04021583666848762,-1.299393309196296,0.6939839298263748,-0.12002402399829856,-0.5006688433296829,0.8794728345057099,-0.09957575211864392,2.648928174844579,0.6674938099712034,0.20185467719703135,-0.3617494081363659,0.5623970142603861,-0.1805410353779239,0.12241134498202456,-0.855300031169092,1.6763994421987056,-0.22921370693271625,-1.4000674786788205,-0.37851681984470825,-0.37594699542140836,0.7542217112766593,0.6258820281111331,-0.2893648675750784,1.062141081230729,-0.3745893453913153,0.5518110230362195,-0.5316033168604032,0.7859967601352712,-0.6688446407910534,0.4267174891693947,0.6543446493970257,0.355740055528384,-0.5647294965939602,-0.3424122773373651,1.126379353307257,1.6123214735838072,-0.08680978578551354,0.014844329744131224
0.22758776530057115,-1.4882867568379974,-0.5815736982404005,1.2808823988083307,2.079298082518389,0.5056102694723457,-0.1607312779029361,-1.253846237194507,-0.912902120662204,-0.7813078718352113,-0.5005042375327842,0.5954300715103538,0.5881225070353617,3.3021704314160196,0.7329077416096023,-0.3129397796811529,-0.12779887331599823,2.3911651802356535,2.511973196392656,0.8018571003948105,-0.17421481965967636,2.0000793699006056,-0.8453538139478324,-0.06725717616254007,0.59745595041095,-0.39676595535579184,1.5302352725394919,1.1505993044901133,-0.48349510714794697,0.8811944493169717,1.3384756406354912,-0.1545395048516973,0.39327511284702366,1.3104678733006492,0.06098725065056477,0.7190628659495135,0.355740055528384,1.8609817753639168,1.1019619653544666,0.733404509490486,0.18299210082765002,0.4726545336448168,-2.6346852409995294,1.3507538350386712
-0.7984896892100998,-1.1620855279176492,1.4593419315759812,0.4288944801864,0.25888347913526344,1.0903460823642392,-0.18851809555674623,0.832965741858407,-1.7794995959993558,-0.5238645161581525,0.2650427367254652,-0.7889638200710095,0.6290695895325309,-1.0118962354666745,-0.3649007360855144,-0.5921003845803373,0.4019082461809599,1.226626406366388,2.3703294844341865,0.5008338511193273,1.0302948641678324,-0.7193975522459679,-0.3497594636518384,2.0190296951589928,1.0489255883501434,0.16140480608189733,0.1939508356786261,0.0041796528217053226,-0.008066618658448448,-0.7982436806877694,1.6579191598410485,-0.9052529455046285,1.0785725051435004,0.027319072543986637,1.049023316043096,0.07481805503942963,-0.5647294965939602,1.1019619653544666,1.7765084965442073,1.091528977605488,-1.4538389376566943,-1.9071543417361754,-2.1295194415408387,1.116825227889521
-0.44498512888410346,-0.7656095500574,0.8277408097472881,0.2800189649640721,0.30482781361856487,0.6409385322754546,-0.0956574459958719,0.4270740293205177,-1.1203289470517708,-0.35221691193541316,0.12201707428124531,-0.4331554897789776,0.41668792304895075,-0.4085464625651096,-0.1776011420486448,-0.3497459805097682,0.2484334374284292,0.888936832201733,1.5257684135956437,0.3268808489286726,0.6290330148510963,-0.28826261266898734,-0.25396624947204083,1.1758758864361334,0.6578004300310667,0.0946154335336025,0.24405778054901786,0.14957778080770895,-0.022744001066878003,-0.4193189745830508,1.0769259829151001,-0.5481454818416004,0.6878031609384864,0.06155824900446959,0.6370948177400599,0.04214186859112573,-0.3424122773373651,0.733404509490486,1.091528977605488,0.7228699969122806,-0.8622660789821812,-1.1121879813583786,-1.389246356719591,0.7695280846747174
1.2919917886937367,0.21632505366020227,-2.5975349235218763,0.5974130988180016,1.5753205052499408,-1.0455060744340363,0.1164906070036482,-2.407321271930188,1.6759957049345229,0.026271561484193313,-0.86898591590624,1.658321521147393,-0.3188199571768012,4.5837288045433136,1.207685240437019,0.5229339313886203,-0.7131374260764657,0.5099624829370235,-0.9767995580681604,0.04177920043804242,-1.63816118196225,2.9001839282099655,-0.33402140540115005,-2.956575491434665,-0.8874222832558956,-0.598389106423855,1.1843079996168233,1.0562408272825579,-0.45023031458841134,1.9560571806586222,-1.0790213285710952,1.1532776194122214,-1.1525125975319646,1.2326845223994962,-1.4357998392275604,0.5847802880869861,1.126379353307257,0.18299210082765002,-1.4538389376566943,-0.8622660789821812,2.2273063184010917,3.1226097233385857,0.49295968139900276,-0.3007759992785478
1.8624991205776342,0.10590030052063742,-3.701264532492863,1.0046391208670784,2.4816065117540127,-1.4059325890522827,0.14214681317703393,-3.5028805529822122,2.22569854199678,-0.060097777871262345,-1.3060914968020712,2.381267392419766,-0.36590446835238893,6.804667535433477,1.7767267873544088,0.6878542458921202,-1.0113812384647007,1.0107394666623857,-1.0865728060926463,0.1331268230869673,-2.3228988185712076,4.296372775202888,-0.5510063199726465,-4.1063813910199505,-1.1427464193783976,-0.8945839596204732,1.8460189895496408,1.6236709147194905,-0.6846893676406088,2.8344638466355576,-1.3253596869873019,1.6060420148510424,-1.5515084048938106,1.8789605833977316,-1.9798017115878237,0.9098192661333532,1.6123214735838072,0.4726545336448168,-1.9071543417361754,-1.1121879813583786,3.1226097233385857,4.433846730701027,0.36484771163810326,-0.2385700800145622
0.17321596038624407,2.376088998967781,-0.02108022819072909,-1.6753370299478965,-2.6067369357144052,-1.1271117407403248,0.25369754192498506,1.1956653215506894,1.8758343213412352,1.104870173614993,0.5770296399216543,-0.28544196419207424,-1.048232634812255,-3.538611635509002,-0.6979468776956996,0.6765681542267757,0.00994304020063741,-3.4059976533060228,-4.026857321158014,-1.1086681874729858,-0.24674266425295768,-2.0473372793238838,1.217698660200932,-0.784085952854917,-1.3191948161868237,0.3701789571381078,-1.990924381248642,-1.4089694291663855,0.5756244870082056,-0.6600743070546344,-2.415446463056108,0.5455109850947603,-1.0206100100421056,-1.6096326162632988,-0.5711356748833014,-0.8681125765053325,-0.08680978578551354,-2.6346852409995294,-2.1295194415408387,-1.389246356719591,0.49295968139900276,0.36484771163810326,4.1744616601218,-2.1894571971492702
-0.08837799037034604,-1.2508082350218988,0.030297238785216386,0.8270378920981226,1.396190301414229,0.5500881297051388,-0.09529685326797285,-0.6071029685072639,-1.0218294891143966,-0.582030405118877,-0.33941023549398586,0.11491438864840552,0.5692565962030931,1.8274754959863815,0.3328549329985222,-0.35922630005965517,0.008297482465075431,1.8081764097715145,2.0733821200535862,0.5404590886092537,0.15342533070764824,1.0640461844963398,-0.6248692145883987,0.43618280020450245,0.7286685558144266,-0.17030241251837772,1.0920654153265446,0.7929481323372344,-0.2966635320454827,0.31420554460162603,1.309031378219058,-0.28251299566788834,0.5870615152647789,0.8276610375834944,0.3508273335226277,0.4328798077619723,0.014844329744131224,1.3507538350386712,1.116825227889521,0.7695280846747174,-0.3007759992785478,-0.2385700800145622,-2.1894571971492702,1.2048043159963402
