V1,V2,V3,V4,V5,V6,V7,V8,V9,V10,V11,V12,V13,V14,V15,V16,V17,V18,V19,V20,V21,V22,V23,V24,V25,V26,V27,V28,V29,V30,V31,V32,V33,V34,V35,V36,V37,V38,V39,V40,V41,V42,V43,V44
0.7244963273737881,0.8328974401982058,-0.813479546775838,-0.560475957476838,-0.6455475937466932,-0.9536896528767274,-0.08011919000913016,-0.08595989039821858,1.3352512582358051,0.19426521257424978,-0.6504079158294714,0.10388236090977115,-0.6412227839811958,-0.269472051742631,-0.04894499326171975,0.38017686652633337,-0.3356472731217092,-1.0544754235270961,-2.3247873029032577,-0.7614588629950572,-0.7996987875055616,0.040546572171753906,0.39387148847387604,-0.8482516581253754,-0.6590090498768092,-0.18628418825362655,-0.24574984383108098,-0.5885315615435461,0.08973827766400007,0.15408756221396006,-1.2023532810419089,0.8187126905172969,-0.610110598690631,-0.19437947068911798,-0.3891309040160892,-0.3736453915628525,0.4173233893105999,-1.2784642928425065,-1.2191865754301254,-0.9929549596851653,0.8967721810205306,1.1218756939408796,1.9330675810854143,-0.7959138877056482
0.8328974401982058,2.519852605143639,-1.6706676086732097,-1.1119135813524423,-1.3701084571113986,-1.6941626389203366,0.5493328159506186,-0.5061135217959585,2.793977233283331,1.2651931780664256,0.2970509684269423,0.9032154833780722,-1.0895493008489712,-0.25790412532068663,0.11590039824150605,0.9115820529109302,-0.4008776418238274,-3.09789508568207,-4.332147357811729,-0.9139843106268084,-1.250137475990659,-0.14715493061143248,1.0503847975160026,-2.8012324579200603,-1.8166100368834164,0.03668020953889635,-1.2875819029747415,-0.5297508663605168,0.23844639954098343,0.677997680849523,-3.0381389968843253,1.1582337251297734,-1.8028619890338857,-0.7107864298391184,-1.552568855347022,-0.12320016993285264,0.6196836237019173,-2.2125936514226576,-3.007448983836155,-1.7809960483957459,1.8355838782235434,2.3222743389975893,4.160803650832422,-2.3666063601733995
-0.813479546775838,-1.6706676086732097,1.3775210000444773,0.8282061624635813,0.98280826772032015,1.2837225151718181,-0.13920875041293931,0.44525228474791556,-2.1575826228720305,-0.6922190991099533,0.12549906015595644,-0.6661909274774352,0.9042885345354318,0.020077669052275076,-0.18263252204901453,-0.7569629513082003,0.37965113609213574,1.9673701196480977,3.1988556692667944,0.7196261620118286,1.0221671642720838,-0.16005968679185553,-0.5841872328471814,2.042291207675202,1.3707842065054712,0.08089932549608937,0.6832602038688426,0.4543850906166523,-0.15381445870791946,-0.576865333006609,2.1780625606248982,-0.9881260376199373,1.2731272556428204,0.4382776906155439,1.137466673990181,0.38087862365628483,-0.5351488342260442,1.7047780865592868,2.156972539350132,1.4176082920080213,-1.5243147158320192,-1.8868198379108523,-3.0864875632576587,1.6162402548633634
-0.560475957476838,-1.1119135813524423,0.8282061624635813,0.7292232073119644,0.9720507196326917,0.7671422973389925,0.18415261795254068,0.12837110591285797,-1.5144410616051727,-0.3372826876408881,0.11087535156863688,-0.3947935755245688,0.7373901595171568,0.4396686765352279,-0.14594775447661154,-0.651826814665779,0.23555064802114384,1.2693099616971841,2.1173891451527074,0.4654095194082407,0.5342176513268949,-0.029066030409900776,-0.23447855266755918,1.2643559067497887,1.053465672604949,0.03290776794091263,0.4607738609759592,0.4523936118307601,-0.17308151114874915,-0.3337375031775388,1.4931621314576857,-0.6310499006774183,0.8093646538426598,0.4783652751503227,0.7926558666329337,0.7143829815272936,-0.2774694206883057,1.331055342349917,1.398094262115468,1.0404384452142204,-1.0591390302455743,-1.1851731875476608,-2.3033365882893797,1.142752444782804
-0.6455475937466932,-1.3701084571113986,0.98280826772032015,0.9720507196326917,1.3547213343922586,0.8161795407688884,0.3931882625133142,0.13036945580407094,-1.8873544523145382,-0.3605944869700219,0.015035363174500146,-0.5555955526700802,0.96058646546692394,0.6763799743584284,-0.27040900608410073,-0.9274964840870488,0.251087196748246,1.4963361029870628,2.414453971049888,0.44423860594505216,0.5101721158693295,-0.05740837740660049,-0.1336070628001182,1.5994027752326265,1.4292055290191215,-0.0020948682232442175,0.5677981382697881,0.5456163635456763,-0.25012405843075086,-0.4545776105343347,1.860269179381423,-0.6963127155858991,1.0001431859339134,0.7028529446270468,1.085720104812997,1.1600631831341697,-0.26754356766034604,1.659254458668951,1.6836443520309217,1.290762643311382,-1.3508348096054505,-1.4304585194737762,-2.9228833987716683,1.460997973585364
-0.9536896528767274,-1.6941626389203366,1.2837225151718181,0.7671422973389925,0.8161795407688884,1.7318993426502924,-0.5497570679244441,0.20270507420095993,-2.0722369351892604,-0.798219705877411,0.6510492335210276,-0.1884193577873976,0.8073027173111857,0.2858929706919052,0.2745526365952812,-0.3559733709630866,0.4799933415266338,2.3233417694689047,4.0806190243479215,1.2931989717593868,1.4324912307823112,0.26491995041149585,-1.1438276893427313,1.5440043138868413,0.9066923174010287,0.20199838307820603,0.7960669111578675,0.8036340751649017,-0.10810185888181095,-0.16592282716007223,2.105492029921524,-1.2840522345453487,1.1560463809504875,0.23776863237558454,0.5991301740802369,-0.2917767103670395,-0.7098347310330243,1.9130356173979572,2.218161769075473,1.4587888365412316,-1.2311647397624979,-1.742616056007177,-3.05017411497531,1.460571293768626
-0.08011919000913016,0.5493328159506186,-0.13920875041293931,0.18415261795254068,0.3931882625133142,-0.5497570679244441,1.0381407123211048,-0.12169554100407524,0.07890038413768706,0.6941519722721209,0.20779247935344658,-0.061298498474545084,0.23635761577969033,0.3211366558876607,-0.37819556416934497,-0.4301100155304606,-0.03738241108656318,-1.0094607191963674,-1.0315258663987132,-0.3869132425216031,-0.5019696015837861,-0.42670207671128235,0.89403937684842,-0.2826264393545839,0.2718548536553658,0.029190625714711333,-0.5278937003246134,0.06662486793628623,-0.08292781311557007,-0.13644139347435472,-0.3570406662947324,0.1855770243726245,-0.2968075338357193,0.2115804574150845,0.1307983229028311,1.4090339456508583,0.20998560418448148,0.00985592388808792,-0.5502627208721863,0.029321391049809013,-0.1869500828495707,0.13264976139459536,0.0942697613339601,-0.2651311857365703
-0.08595989039821858,-0.5061135217959585,0.44525228474791556,0.12837110591285797,0.13036945580407094,0.20270507420095993,-0.12169554100407524,0.3405187952744845,-0.5483101531843132,-0.29935112459757846,-0.3273748277178722,-0.44591071490713535,0.15853536694858042,-0.37424510770493263,-0.2214954752067568,-0.26680329469575065,0.04311081951383789,0.4976072577660095,0.4743141768266282,-0.07544554665037934,0.15746210899633975,-0.22514138753344512,-0.06444100959671846,0.8696072247867316,0.4850929337276437,-0.05274711232242992,0.19920283833094496,-0.1641805709736646,-0.021363745629061258,-0.36705701797903717,0.6192350893853658,-0.12116800882445497,0.4495655442424791,0.10085481931612912,0.5426836780795885,0.0031265973207494353,-0.09911722907908255,0.21317820058604528,0.6072708005441325,0.2750283515444396,-0.4781576568960589,-0.5894751890770189,-0.6824302831069371,0.5062929223561567
1.3352512582358051,2.793977233283331,-2.1575826228720305,-1.5144410616051727,-1.8873544523145382,-2.0722369351892604,0.07890038413768706,-0.5483101531843132,3.61207734374213,1.0949377200287074,-0.21190923607329573,1.0043550532523151,-1.5965339670734142,-0.45692203730468367,0.2557164879214104,1.3203488209122183,-0.6118774649011954,-3.3042682201718647,-5.353621825761505,-1.2254667693465822,-1.587545215071993,0.10681320151931821,0.9175021532506074,-3.2548835081960332,-2.338635793002677,-0.11082827534106048,-1.204338040805283,-0.9001441304261959,0.31392428706636316,0.8577519866895629,-3.6463925547829836,1.600845341113442,-2.073021268149867,-0.8885558396223964,-1.8612240825051718,-0.9141357704348845,0.8208468277921055,-2.989042725649002,-3.549903141126259,-2.410134271988561,2.498558024478648,3.0057347195480397,5.305054289258779,-2.7442363820448024
0.19426521257424978,1.2651931780664256,-0.6922190991099533,-0.3372826876408881,-0.3605944869700219,-0.798219705877411,0.6941519722721209,-0.29935112459757846,1.0949377200287074,0.859759048360383,0.42588490585865035,0.4283757489517075,-0.2934833703293853,0.10117284503223793,-0.05707203177156254,0.20398283030507577,-0.12836246615075744,-1.6626105596950607,-1.9361275623272527,-0.38908489324185613,-0.6030893667409796,-0.22269615914922042,0.7539833687870212,-1.333688679442035,-0.6553867232264746,0.08173887913751297,-0.7852348997195996,-0.06207970456693917,0.06337612454144234,0.2744304985070144,-1.3607191176854025,0.42607788146973213,-0.8745806301473215,-0.22829890199744865,-0.6557856676124588,0.5703575224818367,0.28124928862364024,-0.7587977987670992,-1.4134360692844021,-0.6239787332590826,0.6341825736200346,0.9421766900302432,1.6184607582001473,-1.09638402800959
-0.6504079158294714,0.2970509684269423,0.12549906015595644,0.11087535156863688,0.015035363174500146,0.6510492335210276,0.20779247935344658,-0.3273748277178722,-0.21190923607329573,0.42588490585865035,1.474184996598364,0.6884806205916851,0.21683914419024025,0.40345073093171097,0.4203831700631573,0.2393938889924637,0.31212448583361335,-0.12060414618957269,1.3260162843916936,0.9191046040616635,0.6637794986603363,0.10473594148555454,-0.2799637453979127,-0.7682352745500144,-0.4212556934229865,0.37171896142618555,-0.3652155474772979,0.7623368109923265,0.04038493113717355,0.43605417014329034,-0.1290899243674008,-0.6896485582241654,-0.27388753491079454,-0.2743388075832186,-0.7046554470100168,0.06777496569957715,-0.34440768606386474,0.6674961421457039,-0.0027078572282934134,0.4084583760694963,-0.02689142169236481,-0.1538964705262329,-0.2888092554550559,-0.3695851315040811
0.10388236090977115,0.9032154833780722,-0.6661909274774352,-0.3947935755245688,-0.5555955526700802,-0.1884193577873976,-0.061298498474545084,-0.44591071490713535,1.0043550532523151,0.4283757489517075,0.6884806205916851,0.7943472019638614,-0.39373088130271056,0.24164774135264536,0.4539271556182759,0.6432205352520406,-0.02309482511310046,-0.8288283772017577,-0.6693715870028186,0.23983188614617415,-0.050782681012712085,0.3170570815172984,-0.07951546727004845,-1.4788138601734329,-1.0283972875483236,0.15229718698074096,-0.3877250780219933,0.20458452488204892,0.11436113086660298,0.6257328330541573,-1.1245341926771728,0.11014653007040255,-0.7620218074099154,-0.3990610441149066,-1.047125433918168,-0.4837700426713046,0.05015521202614481,-0.5037262530673297,-1.0101674583788576,-0.5324164570576008,0.8678843603019352,0.9301714113406807,1.4102071750641352,-0.9791548304099297
-0.6412227839811958,-1.0895493008489712,0.9042885345354318,0.7373901595171568,0.96058646546692394,0.8073027173111857,0.23635761577969033,0.15853536694858042,-1.5965339670734142,-0.2934833703293853,0.21683914419024025,-0.39373088130271056,0.8018591139149391,0.36029522226827043,-0.16284870397197024,-0.6742390282889934,0.28042320188223224,1.2216309223455262,2.2077015870835144,0.5099295096270592,0.6185307533342843,-0.10942094499949236,-0.20733913600544088,1.3122050222839783,1.0807103861706528,0.07680260071435127,0.4156930479451088,0.47555859709828746,-0.1615918118986154,-0.36704731742359387,1.5297464300425956,-0.6835409315739434,0.8261979741508473,0.4579142110731194,0.806900378772413,0.7769238493597733,-0.3255919852437401,1.3780127612138284,1.439186659596435,1.0955249478794433,-1.1388772954180433,-1.2796701758318278,-2.364554501177807,1.1426572755993682
-0.269472051742631,-0.25790412532068663,0.020077669052275076,0.4396686765352279,0.6763799743584284,0.2858929706919052,0.3211366558876607,-0.37424510770493263,-0.45692203730468367,0.10117284503223793,0.40345073093171097,0.24164774135264536,0.36029522226827043,0.9514168195268362,0.15824946708467647,-0.20059878832869818,0.08962259701846877,0.3972307319446229,0.9733293985020454,0.4070134373366606,0.11758224362062487,0.3268401044944058,-0.08059514210876055,-0.13678359149361596,0.2399874165709695,0.049110744990500194,0.1487222336783645,0.563498879642898,-0.1325223403289559,0.22152104965125144,0.3804691166310848,-0.28856157642556635,0.05714629068425582,0.308747639233026,-0.04528437287565831,0.6152856781261117,-0.03521346988253564,0.7739917299298218,0.29887603579509836,0.44769869558869996,-0.18801138851991137,-0.1112721637261824,-0.9574364553885742,0.2823688298432266
-0.04894499326171975,0.11590039824150605,-0.18263252204901453,-0.14594775447661154,-0.27040900608410073,0.2745526365952812,-0.37819556416934497,-0.2214954752067568,0.2557164879214104,-0.05707203177156254,0.4203831700631573,0.4539271556182759,-0.16284870397197024,0.15824946708467647,0.40989305427778405,0.4250206960710324,0.06046747994630371,0.14642139710839763,0.4812303823042913,0.43107558924468875,0.2846186044486848,0.36181891541926753,-0.44768029215461086,-0.5652051223220486,-0.5214866771132919,0.09959613314579709,0.050155012106269777,0.23025590809733612,0.06235243123087911,0.38278190240782256,-0.24051412810136952,-0.1587459785669495,-0.1940865484765564,-0.22291312097557156,-0.5497900935841592,-0.6634919327983753,-0.11384826853339514,0.003717487812073913,-0.11282755012852531,-0.09608521914162498,0.37818794336299744,0.2672230586504119,0.3210823344877207,-0.26515677413701355
0.38017686652633337,0.9115820529109302,-0.7569629513082003,-0.651826814665779,-0.9274964840870488,-0.3559733709630866,-0.4301100155304606,-0.26680329469575065,1.3203488209122183,0.20398283030507577,0.2393938889924637,0.6432205352520406,-0.6742390282889934,-0.20059878832869818,0.4250206960710324,0.8116323316879782,-0.12890074223622666,-0.8251443609030849,-1.19869508401647,-0.013279204117199715,-0.17885474926544515,0.3027191691101557,-0.17266703012794019,-1.3733327455303577,-1.1831159978421115,0.05156521746914114,-0.301693794528893,-0.15766186663303364,0.17544449431343423,0.5433435581147044,-1.291537580097631,0.3453023487204857,-0.7491020617684873,-0.5263892081611417,-1.0113304513590433,-1.0432847875296707,0.11830882266550218,-0.9832894286318328,-1.1238205084545136,-0.8452745505022838,1.0779406191990106,1.086883916950827,1.9547484633706722,-1.0499138641033972
-0.3356472731217092,-0.4008776418238274,0.37965113609213574,0.23555064802114384,0.251087196748246,0.4799933415266338,-0.03738241108656318,0.04311081951383789,-0.6118774649011954,-0.12836246615075744,0.31212448583361335,-0.02309482511310046,0.28042320188223224,0.08962259701846877,0.06046747994630371,-0.12890074223622666,0.16544034068145555,0.5351250747306524,1.143794683527376,0.3918839242562467,0.41852109403743837,0.00763608778077431,-0.24630418292820144,0.3893095924095869,0.26375696607482946,0.09479654384333908,0.14036109419392923,0.27161021980654315,-0.030346790574617113,-0.053278880043156236,0.5625752322271074,-0.3925537852134861,0.29035859026023925,0.06164579053872654,0.14888004988683792,0.06164050291902597,-0.21545414516531705,0.5807832592384142,0.586717539438285,0.451069984425308,-0.39163517941589765,-0.5184536875406148,-0.8711946842263756,0.3671257200362672
-1.0544754235270961,-3.09789508568207,1.9673701196480977,1.2693099616971841,1.4963361029870628,2.3233417694689047,-1.0094607191963674,0.4976072577660095,-3.3042682201718647,-1.6626105596950607,-0.12060414618957269,-0.8288283772017577,1.2216309223455262,0.3972307319446229,0.14642139710839763,-0.8251443609030849,0.5351250747306524,4.0227351191438805,5.764418705866055,1.43621381593819,1.7729120452522271,0.4532640858045823,-1.6639339370305144,3.133063753203466,1.8963335877101442,0.013361278978165676,1.6731522256180358,0.8006375538866835,-0.2492482221417555,-0.5821615812425857,3.6417532676111515,-1.5560840389824213,2.1355788874575325,0.7198036620658097,1.563785828003948,-0.3912238698684109,-0.8569391270833454,2.744583539256814,3.7011775503263933,2.1422524500907016,-2.016063394795814,-2.718992830015856,-4.963759439119054,2.7854969077163765
-2.3247873029032577,-4.332147357811729,3.1988556692667944,2.1173891451527074,2.414453971049888,4.0806190243479215,-1.0315258663987132,0.4743141768266282,-5.353621825761505,-1.9361275623272527,1.3260162843916936,-0.6693715870028186,2.2077015870835144,0.9733293985020454,0.4812303823042913,-1.19869508401647,1.143794683527376,5.764418705866055,9.91660120301992,2.985268156868673,3.303277857268411,0.5907652965440244,-2.5477020497959484,4.107217033679073,2.6425686336345358,0.4149923731641717,2.0519101170328797,1.9709014422719289,-0.35641135392101636,-0.5693369795820428,5.440449624889683,-3.042549272509016,2.980223471438398,0.8873727292256668,1.821204940030537,-0.09670103153010001,-1.6346670561183618,4.891346426764082,5.596809744387022,3.736380070620935,-3.268724424647568,-4.399196501832231,-7.961775001941114,3.880080356101847
-0.7614588629950572,-0.9139843106268084,0.7196261620118286,0.4654095194082407,0.44423860594505216,1.2931989717593868,-0.3869132425216031,-0.07544554665037934,-1.2254667693465822,-0.38908489324185613,0.9191046040616635,0.23983188614617415,0.5099295096270592,0.4070134373366606,0.43107558924468875,-0.013279204117199715,0.3918839242562467,1.43621381593819,2.985268156868673,1.1827719349760324,1.1116824855844698,0.34143028863257247,-0.9145568133228587,0.5185448600363908,0.26957555165911745,0.24801977460091537,0.42157215497996914,0.7849768332192911,-0.04384526706218636,0.1583573491918267,1.1627131375457114,-0.9950143068296252,0.5552710749729981,0.029802335483610824,-0.015282456396153643,-0.3413962359468856,-0.5425020230382345,1.3578856009662086,1.301964459701311,0.9672312847856767,-0.6146764791291477,-0.9797560731729597,-1.8357420609397608,0.712007936526127
-0.7996987875055616,-1.250137475990659,1.0221671642720838,0.5342176513268949,0.5101721158693295,1.4324912307823112,-0.5019696015837861,0.15746210899633975,-1.587545215071993,-0.6030893667409796,0.6637794986603363,-0.050782681012712085,0.6185307533342843,0.11758224362062487,0.2846186044486848,-0.17885474926544515,0.41852109403743837,1.7729120452522271,3.303277857268411,1.1116824855844698,1.265028171402892,0.2079870941528463,-0.9705713290144385,1.1159666564386421,0.5825881959352824,0.21775043214465348,0.5904580209395918,0.6617998260454915,-0.046599616192985395,-0.07333726822865907,1.586330393319763,-1.0633744982361963,0.862666578081634,0.08705118576039504,0.34808255827885615,-0.3861103960574308,-0.6239908016852582,1.4686220616785726,1.711374447003216,1.1176385941294864,-0.9161344047528299,-1.3607491936886957,-2.282913678651227,1.048331611286349
0.040546572171753906,-0.14715493061143248,-0.16005968679185553,-0.029066030409900776,-0.05740837740660049,0.26491995041149585,-0.42670207671128235,-0.22514138753344512,0.10681320151931821,-0.22269615914922042,0.10473594148555454,0.3170570815172984,-0.10942094499949236,0.3268401044944058,0.36181891541926753,0.3027191691101557,0.00763608778077431,0.4532640858045823,0.5907652965440244,0.34143028863257247,0.2079870941528463,0.4780339905049413,-0.4858657964002532,-0.3116388841116622,-0.30858513116258707,0.006014477652019965,0.2714753395906573,0.20302238152061544,0.011186742094471158,0.331551449131598,0.009149379441895554,-0.10022715098882608,-0.038279298833218935,-0.052083109355475186,-0.3402412997451924,-0.5965114611517516,-0.057880031679811726,0.10620240469094851,0.08839972529873029,-0.03905300636669993,0.30470510599659506,0.21565905348233325,-0.004481389241443497,-0.003973844712097383
0.39387148847387604,1.0503847975160026,-0.5841872328471814,-0.23447855266755918,-0.1336070628001182,-1.1438276893427313,0.89403937684842,-0.06444100959671846,0.9175021532506074,0.7539833687870212,-0.2799637453979127,-0.07951546727004845,-0.20733913600544088,-0.08059514210876055,-0.44768029215461086,-0.17266703012794019,-0.24630418292820144,-1.6639339370305144,-2.5477020497959484,-0.9145568133228587,-0.9705713290144385,-0.4858657964002532,1.1214804532013427,-0.6830649964695363,-0.13858218264556993,-0.0917412596052406,-0.6830224125246716,-0.41323048253286015,-4.26031935047224e-4,-0.11858177323811203,-1.0936569581880589,0.7145931009141097,-0.6298668881042006,0.032036498207186306,-0.05394702799288298,1.0311903411084424,0.4479839287475065,-0.8911065278305874,-1.2754245512879354,-0.6287305195608864,0.34651908442105356,0.7675536197224223,1.385859509326278,-0.753613355576012
-0.8482516581253754,-2.8012324579200603,2.042291207675202,1.2643559067497887,1.5994027752326265,1.5440043138868413,-0.2826264393545839,0.8696072247867316,-3.2548835081960332,-1.333688679442035,-0.7682352745500144,-1.4788138601734329,1.3122050222839783,-0.13678359149361596,-0.5652051223220486,-1.3733327455303577,0.3893095924095869,3.133063753203466,4.107217033679073,0.5185448600363908,1.1159666564386421,-0.3116388841116622,-0.6830649964695363,3.681509531217945,2.457387393914226,-0.12108158053853584,1.3074495843206775,0.23758137508538754,-0.2845506300342566,-1.1860088796046417,3.4999333570625586,-1.0717567957382717,2.162872953482748,0.9157717403705699,2.2529229696435746,0.6723024627229643,-0.5902127147094836,2.2682551942389515,3.361694534507623,1.9737691568520055,-2.3814658924251577,-2.8292991737978355,-4.682663988671398,2.7906494932058012
-0.6590090498768092,-1.8166100368834164,1.3707842065054712,1.053465672604949,1.4292055290191215,0.9066923174010287,0.2718548536553658,0.4850929337276437,-2.338635793002677,-0.6553867232264746,-0.4212556934229865,-1.0283972875483236,1.0807103861706528,0.2399874165709695,-0.5214866771132919,-1.1831159978421115,0.26375696607482946,1.8963335877101442,2.6425686336345358,0.26957555165911745,0.5825881959352824,-0.30858513116258707,-0.13858218264556993,2.457387393914226,1.8945340425094819,-0.07852481215957366,0.7572276221825589,0.2939401474300259,-0.26418676731270424,-0.8455129785674272,2.3985704172880875,-0.7172937354318724,1.4190025263220238,0.8053872994935607,1.6410298385235622,1.1572450496591633,-0.3234809186101943,1.743315907596357,2.2031228093992787,1.4774165648726565,-1.776832001604619,-1.9426867260032372,-3.446753964044002,1.9261812534037501
-0.18628418825362655,0.03668020953889635,0.08089932549608937,0.03290776794091263,-0.0020948682232442175,0.20199838307820603,0.029190625714711333,-0.05274711232242992,-0.11082827534106048,0.08173887913751297,0.37171896142618555,0.15229718698074096,0.07680260071435127,0.049110744990500194,0.09959613314579709,0.05156521746914114,0.09479654384333908,0.013361278978165676,0.4149923731641717,0.24801977460091537,0.21775043214465348,0.006014477652019965,-0.0917412596052406,-0.12108158053853584,-0.07852481215957366,0.10308347482306193,-0.07364883747356771,0.18726372855508325,0.014725553136518747,0.08542406971014771,0.025412623818398292,-0.19868497583984998,-0.0295953550203641,-0.07476685430030983,-0.1453977423502356,-0.006419066968030599,-0.11325824142737512,0.19145766301847605,0.0607314771571522,0.13095114768794835,-0.0494476063722787,-0.09948409275315787,-0.13262751184366683,-0.055143252407816125
-0.24574984383108098,-1.2875819029747415,0.6832602038688426,0.4607738609759592,0.5677981382697881,0.7960669111578675,-0.5278937003246134,0.19920283833094496,-1.204338040805283,-0.7852348997195996,-0.3652155474772979,-0.3877250780219933,0.4156930479451088,0.1487222336783645,0.050155012106269777,-0.301693794528893,0.14036109419392923,1.6731522256180358,2.0519101170328797,0.42157215497996914,0.5904580209395918,0.2714753395906573,-0.6830224125246716,1.3074495843206775,0.7572276221825589,-0.07364883747356771,0.8069421872993633,0.18602218675145327,-0.10168107667624571,-0.2390332650322027,1.4390151621004303,-0.4507692468156455,0.8744598503139647,0.3398350393832545,0.6822385343042034,-0.2875566822461169,-0.26663061258937765,0.9284025759420768,1.4446311560436766,0.7170194458044529,-0.6952114651456026,-0.9494580723821202,-1.8527798453147204,1.160082712605716
-0.5885315615435461,-0.5297508663605168,0.4543850906166523,0.4523936118307601,0.5456163635456763,0.8036340751649017,0.06662486793628623,-0.1641805709736646,-0.9001441304261959,-0.06207970456693917,0.7623368109923265,0.20458452488204892,0.47555859709828746,0.563498879642898,0.23025590809733612,-0.15766186663303364,0.27161021980654315,0.8006375538866835,1.9709014422719289,0.7849768332192911,0.6617998260454915,0.20302238152061544,-0.41323048253286015,0.23758137508538754,0.2939401474300259,0.18726372855508325,0.18602218675145327,0.6763127082371462,-0.07724335560467982,0.13233208667087187,0.7730458279711019,-0.6941714661213944,0.3084150547657738,0.1325812467153697,0.005395653128867807,0.24702928613787176,-0.32507360745126246,1.0839079606286395,0.7977251103420182,0.7496151129933484,-0.49380427795951826,-0.6448980100620971,-1.4210964489113427,0.4664634861645142
0.08973827766400007,0.23844639954098343,-0.15381445870791946,-0.17308151114874915,-0.25012405843075086,-0.10810185888181095,-0.08292781311557007,-0.021363745629061258,0.31392428706636316,0.06337612454144234,0.04038493113717355,0.11436113086660298,-0.1615918118986154,-0.1325223403289559,0.06235243123087911,0.17544449431343423,-0.030346790574617113,-0.2492482221417555,-0.35641135392101636,-0.04384526706218636,-0.046599616192985395,0.011186742094471158,-4.26031935047224e-4,-0.2845506300342566,-0.26418676731270424,0.014725553136518747,-0.10168107667624571,-0.07724335560467982,0.04950895594032453,0.08931822252328153,-0.3163054185460858,0.0935705020464084,-0.17251094506842812,-0.13994225302631272,-0.2079752069719594,-0.22988002883185804,0.025855807440940404,-0.27183597288247385,-0.27751334874648637,-0.21263438409980406,0.23049105292013458,0.23097623463485548,0.4964488075632431,-0.26067773322269433
0.15408756221396006,0.677997680849523,-0.576865333006609,-0.3337375031775388,-0.4545776105343347,-0.16592282716007223,-0.13644139347435472,-0.36705701797903717,0.8577519866895629,0.2744304985070144,0.43605417014329034,0.6257328330541573,-0.36704731742359387,0.22152104965125144,0.38278190240782256,0.5433435581147044,-0.053278880043156236,-0.5821615812425857,-0.5693369795820428,0.1583573491918267,-0.07333726822865907,0.331551449131598,-0.11858177323811203,-1.1860088796046417,-0.8455129785674272,0.08542406971014771,-0.2390332650322027,0.13233208667087187,0.08931822252328153,0.5264099899269631,-0.9022689568148453,0.13020815812886777,-0.6018722534487821,-0.30817818865069385,-0.8394663987048003,-0.49566182926327323,0.06720270000937506,-0.4508560324919039,-0.8079676259023942,-0.4786648577131223,0.760223026024174,0.8054944508785158,1.1643868895694944,-0.765047813646759
-1.2023532810419089,-3.0381389968843253,2.1780625606248982,1.4931621314576857,1.860269179381423,2.105492029921524,-0.3570406662947324,0.6192350893853658,-3.6463925547829836,-1.3607191176854025,-0.1290899243674008,-1.1245341926771728,1.5297464300425956,0.3804691166310848,-0.24051412810136952,-1.291537580097631,0.5625752322271074,3.6417532676111515,5.440449624889683,1.1627131375457114,1.586330393319763,0.009149379441895554,-1.0936569581880589,3.4999333570625586,2.3985704172880875,0.025412623818398292,1.4390151621004303,0.7730458279711019,-0.3163054185460858,-0.9022689568148453,3.8204557119223312,-1.5314142487829816,2.2249959267793833,0.9297588856895416,1.989824634967594,0.6063466322607581,-0.8049678766686273,2.9277343489948633,3.735762201174163,2.366470529782283,-2.4757458992997443,-3.0307509932879726,-5.384410707698261,2.9336966474687376
0.8187126905172969,1.1582337251297734,-0.9881260376199373,-0.6310499006774183,-0.6963127155858991,-1.2840522345453487,0.1855770243726245,-0.12116800882445497,1.600845341113442,0.42607788146973213,-0.6896485582241654,0.11014653007040255,-0.6835409315739434,-0.28856157642556635,-0.1587459785669495,0.3453023487204857,-0.3925537852134861,-1.5560840389824213,-3.042549272509016,-0.9950143068296252,-1.0633744982361963,-0.10022715098882608,0.7145931009141097,-1.0717567957382717,-0.7172937354318724,-0.19868497583984998,-0.4507692468156455,-0.6941714661213944,0.0935705020464084,0.13020815812886777,-1.5314142487829816,1.0241631726302522,-0.805769555471535,-0.18728743402005332,-0.43117152108661183,-0.06927075194686684,0.5393365451660046,-1.5296288059735883,-1.593932401864503,-1.1700227703557438,1.001763600291942,1.3483752991552393,2.346675550414694,-1.0285245348901804
-0.610110598690631,-1.8028619890338857,1.2731272556428204,0.8093646538426598,1.0001431859339134,1.1560463809504875,-0.2968075338357193,0.4495655442424791,-2.073021268149867,-0.8745806301473215,-0.27388753491079454,-0.7620218074099154,0.8261979741508473,0.05714629068425582,-0.1940865484765564,-0.7491020617684873,0.29035859026023925,2.1355788874575325,2.980223471438398,0.5552710749729981,0.862666578081634,-0.038279298833218935,-0.6298668881042006,2.162872953482748,1.4190025263220238,-0.0295953550203641,0.8744598503139647,0.3084150547657738,-0.17251094506842812,-0.6018722534487821,2.2249959267793833,-0.805769555471535,1.3395495076800927,0.5300224393034448,1.2451023545013329,0.23787544959786605,-0.4404331108350749,1.564648020971643,2.178890785551286,1.300952094838041,-1.4305855223493984,-1.763700716596851,-3.02659526377383,1.7372262599202433
-0.19437947068911798,-0.7107864298391184,0.4382776906155439,0.4783652751503227,0.7028529446270468,0.23776863237558454,0.2115804574150845,0.10085481931612912,-0.8885558396223964,-0.22829890199744865,-0.2743388075832186,-0.3990610441149066,0.4579142110731194,0.308747639233026,-0.22291312097557156,-0.5263892081611417,0.06164579053872654,0.7198036620658097,0.8873727292256668,0.029802335483610824,0.08705118576039504,-0.052083109355475186,0.032036498207186306,0.9157717403705699,0.8053872994935607,-0.07476685430030983,0.3398350393832545,0.1325812467153697,-0.13994225302631272,-0.30817818865069385,0.9297588856895416,-0.18728743402005332,0.5300224393034448,0.4314731155718008,0.6755803515791006,0.64981730355957,-0.04659977763651138,0.7008096815615753,0.8065826537338737,0.5618662379699981,-0.6647847827286659,-0.6557207094526709,-1.3942342516224602,0.7896161580639958
-0.3891309040160892,-1.552568855347022,1.137466673990181,0.7926558666329337,1.085720104812997,0.5991301740802369,0.1307983229028311,0.5426836780795885,-1.8612240825051718,-0.6557856676124588,-0.7046554470100168,-1.047125433918168,0.806900378772413,-0.04528437287565831,-0.5497900935841592,-1.0113304513590433,0.14888004988683792,1.563785828003948,1.821204940030537,-0.015282456396153643,0.34808255827885615,-0.3402412997451924,-0.05394702799288298,2.2529229696435746,1.6410298385235622,-0.1453977423502356,0.6822385343042034,0.005395653128867807,-0.2079752069719594,-0.8394663987048003,1.989824634967594,-0.43117152108661183,1.2451023545013329,0.6755803515791006,1.5321290286506797,0.8516051365274452,-0.2036685418302065,1.214953765758013,1.8167087937583755,1.0978835018242454,-1.4682967727849128,-1.601497140799158,-2.6964764433073256,1.6522262175557394
-0.3736453915628525,-0.12320016993285264,0.38087862365628483,0.7143829815272936,1.1600631831341697,-0.2917767103670395,1.4090339456508583,0.0031265973207494353,-0.9141357704348845,0.5703575224818367,0.06777496569957715,-0.4837700426713046,0.7769238493597733,0.6152856781261117,-0.6634919327983753,-1.0432847875296707,0.06164050291902597,-0.3912238698684109,-0.09670103153010001,-0.3413962359468856,-0.3861103960574308,-0.5965114611517516,1.0311903411084424,0.6723024627229643,1.1572450496591633,-0.006419066968030599,-0.2875566822461169,0.24702928613787176,-0.22988002883185804,-0.49566182926327323,0.6063466322607581,-0.06927075194686684,0.23787544959786605,0.64981730355957,0.8516051365274452,2.275211802948775,0.13524058218695587,0.8043506398108474,0.27323974701250225,0.6815721529780875,-0.9742642910565739,-0.633055834325207,-1.417003019150256,0.5234509684069604
0.4173233893105999,0.6196836237019173,-0.5351488342260442,-0.2774694206883057,-0.26754356766034604,-0.7098347310330243,0.20998560418448148,-0.09911722907908255,0.8208468277921055,0.28124928862364024,-0.34440768606386474,0.05015521202614481,-0.3255919852437401,-0.03521346988253564,-0.11384826853339514,0.11830882266550218,-0.21545414516531705,-0.8569391270833454,-1.6346670561183618,-0.5425020230382345,-0.6239908016852582,-0.057880031679811726,0.4479839287475065,-0.5902127147094836,-0.3234809186101943,-0.11325824142737512,-0.26663061258937765,-0.32507360745126246,0.025855807440940404,0.06720270000937506,-0.8049678766686273,0.5393365451660046,-0.4404331108350749,-0.04659977763651138,-0.2036685418302065,0.13524058218695587,0.3146042476565187,-0.7460282143135529,-0.861011992058763,-0.5802105460049327,0.498347496404717,0.7152167082142493,1.1633292996243736,-0.5314837122002167
-1.2784642928425065,-2.2125936514226576,1.7047780865592868,1.331055342349917,1.659254458668951,1.9130356173979572,0.00985592388808792,0.21317820058604528,-2.989042725649002,-0.7587977987670992,0.6674961421457039,-0.5037262530673297,1.3780127612138284,0.7739917299298218,0.003717487812073913,-0.9832894286318328,0.5807832592384142,2.744583539256814,4.891346426764082,1.3578856009662086,1.4686220616785726,0.10620240469094851,-0.8911065278305874,2.2682551942389515,1.743315907596357,0.19145766301847605,0.9284025759420768,1.0839079606286395,-0.27183597288247385,-0.4508560324919039,2.9277343489948633,-1.5296288059735883,1.564648020971643,0.7008096815615753,1.214953765758013,0.8043506398108474,-0.7460282143135529,2.742480648411736,2.8771628425301534,2.1106239894016743,-1.968707368840022,-2.39431417527314,-4.493386950510249,2.1323358878686838
-1.2191865754301254,-3.007448983836155,2.156972539350132,1.398094262115468,1.6836443520309217,2.218161769075473,-0.5502627208721863,0.6072708005441325,-3.549903141126259,-1.4134360692844021,-0.0027078572282934134,-1.0101674583788576,1.439186659596435,0.29887603579509836,-0.11282755012852531,-1.1238205084545136,0.586717539438285,3.7011775503263933,5.596809744387022,1.301964459701311,1.711374447003216,0.08839972529873029,-1.2754245512879354,3.361694534507623,2.2031228093992787,0.0607314771571522,1.4446311560436766,0.7977251103420182,-0.27751334874648637,-0.8079676259023942,3.735762201174163,-1.593932401864503,2.178890785551286,0.8065826537338737,1.8167087937583755,0.27323974701250225,-0.861011992058763,2.8771628425301534,3.719145882034667,2.3162308098482587,-2.355445534074272,-2.982812541520876,-5.219815656089546,2.8347803753587617
-0.9929549596851653,-1.7809960483957459,1.4176082920080213,1.0404384452142204,1.290762643311382,1.4587888365412316,0.029321391049809013,0.2750283515444396,-2.410134271988561,-0.6239787332590826,0.4084583760694963,-0.5324164570576008,1.0955249478794433,0.44769869558869996,-0.09608521914162498,-0.8452745505022838,0.451069984425308,2.1422524500907016,3.736380070620935,0.9672312847856767,1.1176385941294864,-0.03905300636669993,-0.6287305195608864,1.9737691568520055,1.4774165648726565,0.13095114768794835,0.7170194458044529,0.7496151129933484,-0.21263438409980406,-0.4786648577131223,2.366470529782283,-1.1700227703557438,1.300952094838041,0.5618662379699981,1.0978835018242454,0.6815721529780875,-0.5802105460049327,2.1106239894016743,2.3162308098482587,1.6721053908966843,-1.6475064456480142,-1.9847773563543716,-3.5601410063833874,1.741834917682507
0.8967721810205306,1.8355838782235434,-1.5243147158320192,-1.0591390302455743,-1.3508348096054505,-1.2311647397624979,-0.1869500828495707,-0.4781576568960589,2.498558024478648,0.6341825736200346,-0.02689142169236481,0.8678843603019352,-1.1388772954180433,-0.18801138851991137,0.37818794336299744,1.0779406191990106,-0.39163517941589765,-2.016063394795814,-3.268724424647568,-0.6146764791291477,-0.9161344047528299,0.30470510599659506,0.34651908442105356,-2.3814658924251577,-1.776832001604619,-0.0494476063722787,-0.6952114651456026,-0.49380427795951826,0.23049105292013458,0.760223026024174,-2.4757458992997443,1.001763600291942,-1.4305855223493984,-0.6647847827286659,-1.4682967727849128,-0.9742642910565739,0.498347496404717,-1.968707368840022,-2.355445534074272,-1.6475064456480142,1.8492482601143683,2.1282732205930777,3.6119946963983827,-1.8862178978567343
1.1218756939408796,2.3222743389975893,-1.8868198379108523,-1.1851731875476608,-1.4304585194737762,-1.742616056007177,0.13264976139459536,-0.5894751890770189,3.0057347195480397,0.9421766900302432,-0.1538964705262329,0.9301714113406807,-1.2796701758318278,-0.1112721637261824,0.2672230586504119,1.086883916950827,-0.5184536875406148,-2.718992830015856,-4.399196501832231,-0.9797560731729597,-1.3607491936886957,0.21565905348233325,0.7675536197224223,-2.8292991737978355,-1.9426867260032372,-0.09948409275315787,-0.9494580723821202,-0.6448980100620971,0.23097623463485548,0.8054944508785158,-3.0307509932879726,1.3483752991552393,-1.763700716596851,-0.6557207094526709,-1.601497140799158,-0.633055834325207,0.7152167082142493,-2.39431417527314,-2.982812541520876,-1.9847773563543716,2.1282732205930777,2.6020655511523296,4.323060866451781,-2.2657590989604532
1.9330675810854143,4.160803650832422,-3.0864875632576587,-2.3033365882893797,-2.9228833987716683,-3.05017411497531,0.0942697613339601,-0.6824302831069371,5.305054289258779,1.6184607582001473,-0.2888092554550559,1.4102071750641352,-2.364554501177807,-0.9574364553885742,0.3210823344877207,1.9547484633706722,-0.8711946842263756,-4.963759439119054,-7.961775001941114,-1.8357420609397608,-2.282913678651227,-0.004481389241443497,1.385859509326278,-4.682663988671398,-3.446753964044002,-0.13262751184366683,-1.8527798453147204,-1.4210964489113427,0.4964488075632431,1.1643868895694944,-5.384410707698261,2.346675550414694,-3.02659526377383,-1.3942342516224602,-2.6964764433073256,-1.417003019150256,1.1633292996243736,-4.493386950510249,-5.219815656089546,-3.5601410063833874,3.6119946963983827,4.323060866451781,7.918458838857717,-4.07456428416615
-0.7959138877056482,-2.3666063601733995,1.6162402548633634,1.142752444782804,1.460997973585364,1.460571293768626,-0.2651311857365703,0.5062929223561567,-2.7442363820448024,-1.09638402800959,-0.3695851315040811,-0.9791548304099297,1.1426572755993682,0.2823688298432266,-0.26515677413701355,-1.0499138641033972,0.3671257200362672,2.7854969077163765,3.880080356101847,0.712007936526127,1.048331611286349,-0.003973844712097383,-0.753613355576012,2.7906494932058012,1.9261812534037501,-0.055143252407816125,1.160082712605716,0.4664634861645142,-0.26067773322269433,-0.765047813646759,2.9336966474687376,-1.0285245348901804,1.7372262599202433,0.7896161580639958,1.6522262175557394,0.5234509684069604,-0.5314837122002167,2.1323358878686838,2.8347803753587617,1.741834917682507,-1.8862178978567343,-2.2657590989604532,-4.07456428416615,2.3127407279999668
