V1,V2,V3,V4,V5,V6,V7,V8,V9,V10,V11,V12,V13,V14,V15,V16,V17,V18,V19,V20,V21,V22,V23,V24,V25,V26,V27,V28,V29,V30,V31,V32,V33,V34,V35,V36,V37,V38,V39,V40,V41,V42,V43,V44
2.430922479938182,-1.0484201745099038,-4.716057935519304,2.1240883330395604,4.537460110435267,-0.9748938405316059,0.005987505229979075,-4.907700970432253,1.6326753370318117,-0.707227758841038,-1.9778859649842018,3.3325689848114095,0.014556993779119688,10.166357838920154,2.5570852275242935,0.6225130442121638,-1.214488863977882,2.8919383625623114,0.583963850642842,0.5191744721452537,-2.6138519695195637,6.252512778879083,-1.193637613210692,-4.58737965189269,-0.7052932373981571,-1.1641927662843932,3.3105241166414556,2.8180934527354307,-1.1668338956284117,3.878555517113916,-0.17562300111992452,1.616960696943782,-1.217071930670478,2.9359146774972253,-2.116893962080846,1.410452416430632,1.745914887487051,1.8853398838561024,-1.4625154545297452,-0.5913981104961842,3.4849546594332974,5.444673807187674,-1.6177195959842112,0.9681238810756067
-1.0484201745099038,1.7191138380821076,2.418432281835777,-1.8646800453048928,-3.601759198953264,0.22073742983138123,0.03439167762077317,3.2730314110341023,-0.13808753792472428,0.8317625057193696,1.333399498443183,-1.6989810659908346,-0.5722385341250781,-7.254110232542915,-1.6870821101141813,0.08408309868597978,0.6930997600241713,-3.2810898488770874,-2.2644237659430395,-0.9481787827052115,1.4182546270644243,-4.476914301763944,1.3141252671507566,2.228500462154028,-0.22876145124539848,0.8931533888506897,-2.7846957643117474,-2.184736899326175,0.8819886492767591,-2.36967666034231,-0.8548581095613003,-0.7130337011661882,0.3123312748915934,-2.5207246630521793,0.8775342647463884,-1.283318278791646,-1.2279698745297196,-2.259018540599636,-0.3562255392871824,-0.30657486496422903,-1.7583922696849839,-2.632647513183242,2.882597861344875,-1.478749578062236
-4.716057935519304,2.418432281835777,9.600943994653226,-4.441637562074232,-9.492218230734435,2.2025144329624133,-0.09191481960920982,10.375978189264277,-3.399604322510908,1.4787590628851959,4.083061099542428,-6.6314768145012986,-0.2265831084686974,-21.520689327313654,-5.341828603893293,-1.0922595980149117,2.567727273209224,-6.453173602895131,-1.7267152596366693,-1.4260961496988687,5.532928550552038,-13.315458032970518,2.7505759966852144,9.628567726474179,1.3819151691102385,2.567789143329768,-7.1129269652625355,-5.933792447748289,2.4453565009663687,-8.058339236209736,0.4142423648126933,-3.420030895214667,2.61851612885595,-6.503752486442908,4.378970230273659,-3.169484071873904,-3.967240707932504,-4.18065448749892,2.600689711941714,1.1553789935442111,-7.33006266628912,-11.03260371073662,3.811208780614621,-2.072329412132645
2.1240883330395604,-1.8646800453048928,-4.441637562074232,2.5928076760902283,5.202096828492669,-0.7207579764626851,-0.011627418586808817,-5.2099428026007555,1.0277941236705068,-1.0051718411297448,-2.0971406479322603,3.118776911787497,0.41874997422246907,11.111769506133493,2.6824066839687193,0.2852678602708526,-1.1832967021300902,4.062711431401214,2.0081731150571547,1.0168228028972717,-2.5400555799614266,6.859467184394075,-1.65590598663992,-4.2594884521791805,-0.2582310559455519,-1.2961360481505133,3.9225321342689314,3.2067960938181197,-1.324569082479537,3.9327195762878087,0.5033115578206316,1.4220695412267201,-0.9560087192076717,3.499670515374178,-1.8311078062348922,1.7334684746458244,1.9145638618435532,2.7382679219444936,-0.556010670751027,-0.08015677073829293,3.2890995164129664,5.014884562821991,-3.0391352030672505,1.6424822653314635
4.537460110435267,-3.601759198953264,-9.492218230734435,5.202096828492669,10.723933699772875,-1.7662374341413296,0.009657895786582094,-10.942482285537244,2.5391475668370127,-1.9800195847034934,-4.363068179149228,6.620458440821203,0.7887127578773337,23.23198784890172,5.656043440250284,0.7009737638755897,-2.5874965800740943,8.174430279445046,3.715370391568552,2.0243193292752735,-5.453491363568687,14.344870160128819,-3.380977332725752,-9.254983400328584,-0.7107380160304607,-2.8032349378298917,8.107247150059255,6.620240924693065,-2.699112731778679,8.337137588981049,0.6933778082671771,3.2040034375546385,-2.1577789527890343,7.3733680224450735,-4.0815370181835675,3.6478455395351284,4.115694022078726,5.452417866415126,-1.475757281247312,-0.49215509669013846,7.105871707387448,10.743827579575026,-5.875526021049464,3.1070278209263966
-0.9748938405316059,0.22073742983138123,2.2025144329624133,-0.7207579764626851,-1.7662374341413296,0.9873521343644105,-0.15471313836126338,2.367326133029785,-1.3016765775413945,0.10250222202118832,0.9150560897506692,-1.2847458453685847,0.03757160590887346,-4.7080725119023095,-1.1373518696698182,-0.2442276191537635,0.679101295649918,-1.0869270955446309,0.24013430567675015,-0.29310721135888246,1.545907276737688,-2.9952266858239254,0.545687978564237,2.5651728258938333,0.5423840260546204,0.6861208723112994,-1.4410571759205284,-1.1339353842272408,0.47484606769256144,-1.784566129056408,0.7128980481931065,-1.0625569147694207,0.946130361735888,-1.543479647594224,1.1519170612631286,-0.7983324347361558,-1.235107505673652,-0.5619202368810979,0.8199684151773231,0.5837123643782046,-1.9683388073693766,-2.583975085166099,0.272923157024381,-0.040050561744613834
0.005987505229979075,0.03439167762077317,-0.09191481960920982,-0.011627418586808817,0.009657895786582094,-0.15471313836126338,0.045914091038481514,-0.12342072816107405,0.1547601239201429,0.03724612494507257,-0.05360448039691762,-0.014146393387860761,-0.01415596939568611,0.2054243722601239,0.025000845680299272,-0.01040523221486611,-0.04999833563515722,0.0034242087823661504,-0.1149728661410264,0.0195416419316702,-0.14415450169103194,0.15061761374531146,-0.01976956016819598,-0.18912677759152796,-0.06382930027676754,-0.053097591513362866,0.047108214506804164,0.007269266367276675,-0.016563002811985802,0.062235680631909145,-0.15485330654361307,0.10295439518489984,-0.1211399255672075,0.10199677739174358,-0.06224490650820897,0.07013941521683781,0.14795179242493006,-0.032882602439850084,-0.05284805666512025,-0.07317916229022739,0.15365577946365014,0.11368297213364748,0.07018810263016714,-0.06561240158480537
-4.907700970432253,3.2730314110341023,10.375978189264277,-5.2099428026007555,-10.942482285537244,2.367326133029785,-0.12342072816107405,11.732371408729124,-3.411680600522631,1.8153674076539756,4.593945065823412,-7.0787033243308155,-0.5800773134077873,-24.552438743638554,-5.9997312369833535,-0.9172860755598381,2.848160455601633,-8.033389226044736,-2.9641800409131744,-2.0108398674800068,6.132102151153803,-15.238493245824888,3.4276242751264046,10.490452188720393,1.2122640707728953,2.996850918550897,-8.338399645118242,-6.834932924993466,2.8044020860174332,-8.950548884954838,0.069791321256386,-3.7057357111410303,2.776044984705874,-7.712035080313096,4.663658841091093,-3.808828841502048,-4.6380994418544415,-5.240376636758038,2.1560032409639964,0.9502591965196252,-8.03061447010643,-11.840902731187395,5.258896150946763,-2.721982891603284
1.6326753370318117,-0.13808753792472428,-3.399604322510908,1.0277941236705068,2.5391475668370127,-1.3016765775413945,0.1547601239201429,-3.411680600522631,1.948862547634611,-0.13019627563291825,-1.279201043825741,2.1513950722998105,-0.20146408220763412,6.726611221332444,1.706555215912956,0.5361844273306389,-0.9672719213819165,1.3139812180667931,-0.6157170963455093,0.2681786935892495,-2.1739309198685035,4.248663112546075,-0.6766872146200819,-3.8201114009759216,-0.923325296848211,-0.8993074141294383,1.96189818516112,1.6662678033140825,-0.6802705662163984,2.6910986904763616,-1.0620296801825637,1.493924948316898,-1.372036187050196,1.9903014236643177,-1.795281036303482,0.9702524597244714,1.5875067778627954,0.6756537264542659,-1.517598073899054,-0.9182415590974035,2.8915096562913813,4.0231274092833775,-0.07990475250223224,-0.0318556263338056
-0.707227758841038,0.8317625057193696,1.4787590628851959,-1.0051718411297448,-1.9800195847034934,0.10250222202118832,0.03724612494507257,1.8153674076539756,-0.13019627563291825,0.4551296680778405,0.7434007356582565,-1.0940984596062855,-0.2381579497097838,-3.9796386877645222,-0.9528738311706612,-0.04435195114814272,0.3916290025364422,-1.6501255084340078,-1.0474702941685383,-0.4160820791865474,0.7807563148382506,-2.4262031577464342,0.6489420596906962,1.30510316467151,-0.05435396671073328,0.45565426458946157,-1.4849903006476237,-1.1923559916735174,0.4886364795651573,-1.3644250910545594,-0.4384476170715468,-0.4099599803683762,0.17501157546464588,-1.298809937462969,0.55293963690973,-0.6459533642480498,-0.5966693680866516,-1.156415570749543,-0.008031458779068926,-0.10156396263175954,-1.0077077551567502,-1.6241153482019035,1.401200555719775,-0.7633118332291886
-1.9778859649842018,1.333399498443183,4.083061099542428,-2.0971406479322603,-4.363068179149228,0.9150560897506692,-0.05360448039691762,4.593945065823412,-1.279201043825741,0.7434007356582565,1.8872309022349656,-2.7660834952497537,-0.23086850986120627,-9.655086899831236,-2.328332748897996,-0.3331484859572352,1.117325127214497,-3.180363094454327,-1.1352740871285467,-0.7286923384882283,2.4290745282241186,-5.971999845847533,1.308392589547001,4.031230878736201,0.4162075754265288,1.1748357741146036,-3.297967731749699,-2.6758447665811054,1.121946350012295,-3.4882490767441987,-0.051047174568837304,-1.4544027221461342,1.0450123997871035,-3.0273508952446093,1.7564865039681554,-1.5210001906657302,-1.8018512447727792,-2.072337252423814,0.8378418488925857,0.3385905035327832,-3.1097936587345436,-4.657493581985754,2.124505798085845,-1.146927865170608
3.3325689848114095,-1.6989810659908346,-6.6314768145012986,3.118776911787497,6.620458440821203,-1.2847458453685847,-0.014146393387860761,-7.0787033243308155,2.1513950722998105,-1.0940984596062855,-2.7660834952497537,4.730694112619959,0.14842311087607243,14.734545971967867,3.7090359899525738,0.8193592002703618,-1.717932569130948,4.451020508909426,1.3258537903231367,0.9359842618482643,-3.6387415375092647,9.069497927248783,-1.87150116647493,-6.479640597751242,-0.9048377900680583,-1.690826251480825,4.885040488511725,4.1388255510514265,-1.6900803007646523,5.5664861022959355,-0.0608313043233616,2.228776239421245,-1.647075743408868,4.350968993798668,-2.996715613220373,2.0785972755987174,2.5112141143218216,2.9503053175750065,-1.8060845588040664,-0.7128688734697647,4.90597316377549,7.606745458218855,-2.7070969876818083,1.534155910169285
0.014556993779119688,-0.5722385341250781,-0.2265831084686974,0.41874997422246907,0.7887127578773337,0.03757160590887346,-0.01415596939568611,-0.5800773134077873,-0.20146408220763412,-0.2381579497097838,-0.23086850986120627,0.14842311087607243,0.2832416860854013,1.4223206931438526,0.3092432241766167,-0.15485731743100203,-0.10956137752040536,0.9516959984614713,0.9123332470109088,0.3476884301628783,-0.16938350007557273,0.8823263555746215,-0.3839959062539582,-0.18539788694807277,0.2439963000248565,-0.2257785897253032,0.6621634315706025,0.4644263088862269,-0.16495312521997588,0.3685499487706413,0.39619359717990543,0.07090695350678737,0.08355692271801547,0.6557783436365806,-0.040633821404148694,0.3519777672818833,0.26081779711998637,0.663854378752,0.4384977183591881,0.20383997951788346,0.1660235197498509,0.18493266411154213,-0.9951351178800163,0.45885989524371146
10.166357838920154,-7.254110232542915,-21.520689327313654,11.111769506133493,23.23198784890172,-4.7080725119023095,0.2054243722601239,-24.552438743638554,6.726611221332444,-3.9796386877645222,-9.655086899831236,14.734545971967867,1.4223206931438526,51.62282306322723,12.587620814439653,1.7671117370855782,-5.928901947262631,17.335247666447053,6.917567181118991,4.3669555414889425,-12.67216274660777,32.00773218036336,-7.339854471375735,-21.5986908080577,-2.2274320050318384,-6.320371720292214,17.696365986336357,14.463357412732265,-5.9121746613477635,18.70365084876525,0.33680613101662593,7.60938817557686,-5.534815338634236,16.341136034664984,-9.57335131470181,8.086025512727817,9.637262562958515,11.372351574415354,-4.064047969464292,-1.7304836168282938,16.553334686669764,24.493414888917663,-11.723501605721047,6.064554816347366
2.5570852275242935,-1.6870821101141813,-5.341828603893293,2.6824066839687193,5.656043440250284,-1.1373518696698182,0.025000845680299272,-5.9997312369833535,1.706555215912956,-0.9528738311706612,-2.328332748897996,3.7090359899525738,0.3092432241766167,12.587620814439653,3.1163315644616962,0.5057554084031258,-1.4537328113863843,4.1295606450215105,1.578041850535525,1.0253015735499762,-3.0816668300713075,7.797904919512487,-1.7588938347341054,-5.347392292389834,-0.6006913070002149,-1.5322321591084356,4.280185095157974,3.542107878804247,-1.4261613581629708,4.6216298495289,0.03884505191053495,1.8778587478909872,-1.365400218022917,3.934320912230964,-2.4204292300670947,1.9211060989653224,2.301543804783241,2.711470749131761,-1.1211086192577846,-0.48433308252579216,4.079754817363542,6.0964914107878085,-2.720198103671454,1.41483111534626
0.6225130442121638,0.08408309868597978,-1.0922595980149117,0.2852678602708526,0.7009737638755897,-0.2442276191537635,-0.01040523221486611,-0.9172860755598381,0.5361844273306389,-0.04435195114814272,-0.3331484859572352,0.8193592002703618,-0.15485731743100203,1.7671117370855782,0.5057554084031258,0.2811143097662802,-0.24394925767600031,0.17244131303862426,-0.3575353865355301,-0.05642911321356408,-0.5341455530786813,1.0792650351547497,-0.09005229604008701,-1.081949250297773,-0.33412722159026725,-0.16371742353393168,0.45653377765837766,0.468277707160038,-0.1896135995213165,0.8037162735046208,-0.26593074003419703,0.3693813645541188,-0.34527230930879554,0.3610233105028487,-0.560790695368595,0.13357322197877128,0.26125745507719345,0.09698684281606394,-0.6480518428455996,-0.2849180842380427,0.7920866689401019,1.3045046473695467,0.1849537491437255,-0.03712215898820659
-1.214488863977882,0.6930997600241713,2.567727273209224,-1.1832967021300902,-2.5874965800740943,0.679101295649918,-0.04999833563515722,2.848160455601633,-0.9672719213819165,0.3916290025364422,1.117325127214497,-1.717932569130948,-0.10956137752040536,-5.928901947262631,-1.4537328113863843,-0.24394925767600031,0.7315263620298553,-1.8322870180450914,-0.5325498282111755,-0.4448432437461301,1.548223569575257,-3.6835714224348868,0.7957650836840318,2.6501208587581355,0.34574065764740447,0.763176943544689,-1.9814102987426963,-1.6127681762859756,0.6543008516117321,-2.190989044461356,0.15152238223448064,-0.9827526090315749,0.7336423413270983,-1.8901241550307037,1.2004111553299786,-0.9400603338045836,-1.1772699767374675,-1.1654816204531468,0.6232619384422732,0.34336724373919797,-2.022254073452551,-2.941217343640649,1.1067020162331367,-0.5439787066940729
2.8919383625623114,-3.2810898488770874,-6.453173602895131,4.062711431401214,8.174430279445046,-1.0869270955446309,0.0034242087823661504,-8.033389226044736,1.3139812180667931,-1.6501255084340078,-3.180363094454327,4.451020508909426,0.9516959984614713,17.335247666447053,4.1295606450215105,0.17244131303862426,-1.8322870180450914,6.865930120513187,3.9320088680960406,1.9216602527215825,-3.8199545053914488,10.737697564029226,-2.841280193126486,-6.306789613794812,-0.09667973097541475,-2.1545525332946895,6.308832820636162,5.034713704762356,-2.032463797979458,5.963135356660341,1.0473284472664814,2.142410550134484,-1.316664969383217,5.809096611768094,-2.670970280674927,2.9179542950338355,3.131796611765937,4.62504897520465,-0.19584466234613077,0.06358995010164356,4.888102402826379,7.1933203794371074,-5.44400216476823,2.758138541750925
0.583963850642842,-2.2644237659430395,-1.7267152596366693,2.0081731150571547,3.715370391568552,0.24013430567675015,-0.1149728661410264,-2.9641800409131744,-0.6157170963455093,-1.0474702941685383,-1.1352740871285467,1.3258537903231367,0.9123332470109088,6.917567181118991,1.578041850535525,-0.3575353865355301,-0.5325498282111755,3.9320088680960406,3.499150229165472,1.2972505603241,-0.9341911301245063,4.254410903550924,-1.5794808541337322,-1.4342905586997101,0.6894098798723115,-0.8602862524715568,2.9338976295009345,2.2531668279103934,-0.8649515829741211,2.0617030938118814,1.5590320978151622,0.324071209349218,0.1483136081974071,2.637232648001559,-0.4902911033931991,1.3366023643724478,1.0326089010462196,2.8078619621810463,1.2374195634184473,0.7797731053401841,1.1517381891651985,1.719261239022536,-3.9121159331391775,1.941522809344949
0.5191744721452537,-0.9481787827052115,-1.4260961496988687,1.0168228028972717,2.0243193292752735,-0.29310721135888246,0.0195416419316702,-2.0108398674800068,0.2681786935892495,-0.4160820791865474,-0.7286923384882283,0.9359842618482643,0.3476884301628783,4.3669555414889425,1.0253015735499762,-0.05642911321356408,-0.4448432437461301,1.9216602527215825,1.2972505603241,0.66459333317767,-0.9269158614580021,2.7465827928466786,-0.8397144495111173,-1.522577650301075,0.04065423638138104,-0.5837517298815088,1.6451217433774787,1.2816031489016813,-0.49730081440584334,1.4356483139756582,0.2850613632383136,0.5101027054290969,-0.3315045176213128,1.586722590275615,-0.624692712258838,0.802081977135755,0.8879998592400125,1.2858857303263918,0.2090394729758213,0.0900795496559635,1.1857689473594648,1.562063925119819,-1.5977118064881743,0.728039203090831
-2.6138519695195637,1.4182546270644243,5.532928550552038,-2.5400555799614266,-5.453491363568687,1.545907276737688,-0.14415450169103194,6.132102151153803,-2.1739309198685035,0.7807563148382506,2.4290745282241186,-3.6387415375092647,-0.16938350007557273,-12.67216274660777,-3.0816668300713075,-0.5341455530786813,1.548223569575257,-3.8199545053914488,-0.9341911301245063,-0.9269158614580021,3.4200892457413588,-7.905738041155411,1.6605528190795251,5.763647494188258,0.8360651216730783,1.5950913278574181,-4.186528725780281,-3.415833653395008,1.4212096549573117,-4.667755203406956,0.4774823946118116,-2.1280300054069414,1.703691092815729,-3.9671949067034067,2.554329189258179,-1.9838242164063886,-2.587630345430467,-2.3965566432434016,1.4351953543857323,0.7373981347820601,-4.4250065229085465,-6.373693439745179,2.201989686711467,-1.1123819338478433
6.252512778879083,-4.476914301763944,-13.315458032970518,6.859467184394075,14.344870160128819,-2.9952266858239254,0.15061761374531146,-15.238493245824888,4.248663112546075,-2.4262031577464342,-5.971999845847533,9.069497927248783,0.8823263555746215,32.00773218036336,7.797904919512487,1.0792650351547497,-3.6835714224348868,10.737697564029226,4.254410903550924,2.7465827928466786,-7.905738041155411,19.87550791613625,-4.569093848155934,-13.455996930115143,-1.4166029520781231,-3.9380115950371355,10.958387823168648,8.952986641999788,-3.656023018007014,11.58725203639065,0.10677443457793605,4.749659378071836,-3.505198421794423,10.155318255429854,-5.953583057459623,5.029019288716517,6.052965277832444,7.018704135468827,-2.513688099951055,-1.09804153415425,10.319147029920375,15.168496958750161,-7.220614997428845,3.7019066034515924
-1.193637613210692,1.3141252671507566,2.7505759966852144,-1.65590598663992,-3.380977332725752,0.545687978564237,-0.01976956016819598,3.4276242751264046,-0.6766872146200819,0.6489420596906962,1.308392589547001,-1.87150116647493,-0.3839959062539582,-7.339854471375735,-1.7588938347341054,-0.09005229604008701,0.7957650836840318,-2.841280193126486,-1.5794808541337322,-0.8397144495111173,1.6605528190795251,-4.569093848155934,1.2131310973948768,2.7936893077185108,0.11294228171267312,0.9315053335116418,-2.6416299058394634,-2.1116971829421556,0.8423589396934364,-2.54610446699316,-0.3043135853265667,-0.9559205619099248,0.6407699271544862,-2.4772902898355436,1.202433774113937,-1.2373582182566478,-1.392850091720669,-1.8954830080024547,0.13214459895191047,0.0436680626036307,-2.1530766712755334,-3.0759954723268508,2.1838793822756193,-1.0624652537764252
-4.58737965189269,2.228500462154028,9.628567726474179,-4.2594884521791805,-9.254983400328584,2.5651728258938333,-0.18912677759152796,10.490452188720393,-3.8201114009759216,1.30510316467151,4.031230878736201,-6.479640597751242,-0.18539788694807277,-21.5986908080577,-5.347392292389834,-1.081949250297773,2.6501208587581355,-6.306789613794812,-1.4342905586997101,-1.522577650301075,5.763647494188258,-13.455996930115143,2.7936893077185108,10.029206953025165,1.584244600238183,2.6695813506768706,-7.055780935564945,-5.860358376551455,2.4006062816851674,-8.100651091763423,0.9014483745096294,-3.6204360297800844,2.9328674956449325,-6.6327381103656675,4.557264856216603,-3.2452297185110135,-4.285886029092781,-3.987059783456968,2.7064076990630173,1.3734497075592647,-7.633290766352809,-11.103837741133862,3.4763564404458114,-1.752795021469716
-0.7052932373981571,-0.22876145124539848,1.3819151691102385,-0.2582310559455519,-0.7107380160304607,0.5423840260546204,-0.06382930027676754,1.2122640707728953,-0.923325296848211,-0.05435396671073328,0.4162075754265288,-0.9048377900680583,0.2439963000248565,-2.2274320050318384,-0.6006913070002149,-0.33412722159026725,0.34574065764740447,-0.09667973097541475,0.6894098798723115,0.04065423638138104,0.8360651216730783,-1.4166029520781231,0.11294228171267312,1.584244600238183,0.5530900313907663,0.24359782404769373,-0.5190804373678198,-0.5128470122029894,0.22627571455964077,-1.0008235193146175,0.6470283356918123,-0.5760332208624883,0.6435821717860396,-0.4963986139317833,0.7684865296689598,-0.20993801431791864,-0.5305515332408414,0.019024486380167883,0.8900328891228532,0.47040853167548063,-1.1779041398762922,-1.6756819719816556,-0.462064908991169,0.22897766933286018
-1.1641927662843932,0.8931533888506897,2.567789143329768,-1.2961360481505133,-2.8032349378298917,0.6861208723112994,-0.053097591513362866,2.996850918550897,-0.8993074141294383,0.45565426458946157,1.1748357741146036,-1.690826251480825,-0.2257785897253032,-6.320371720292214,-1.5322321591084356,-0.16371742353393168,0.763176943544689,-2.1545525332946895,-0.8602862524715568,-0.5837517298815088,1.5950913278574181,-3.9380115950371355,0.9315053335116418,2.6695813506768706,0.24359782404769373,0.8509622935855851,-2.1832978509637595,-1.7416937976750384,0.6911054763602685,-2.268778608450526,0.03375961342444486,-1.0077860829109995,0.7059641025118221,-2.1197320985048984,1.1912705019201864,-1.0688299122756482,-1.2853390682567232,-1.3778649472268827,0.42533902169441923,0.2736162005418158,-2.0512279486422753,-2.917849191471465,1.4510167030147776,-0.6811631658578742
3.3105241166414556,-2.7846957643117474,-7.1129269652625355,3.9225321342689314,8.107247150059255,-1.4410571759205284,0.047108214506804164,-8.338399645118242,1.96189818516112,-1.4849903006476237,-3.297967731749699,4.885040488511725,0.6621634315706025,17.696365986336357,4.280185095157974,0.45653377765837766,-1.9814102987426963,6.308832820636162,2.9338976295009345,1.6451217433774787,-4.186528725780281,10.958387823168648,-2.6416299058394634,-7.055780935564945,-0.5190804373678198,-2.1832978509637595,6.203763987606464,5.014425225122093,-2.0425478164665454,6.298706223197661,0.46380542462892954,2.4730837206398877,-1.6861759685201638,5.729371498424033,-3.08757095534725,2.8554769947263527,3.2590228497189093,4.184457249443556,-0.9790373431099845,-0.37297328159493986,5.425653707128517,8.033864030226502,-4.55785052933578,2.3423085424178907
2.8180934527354307,-2.184736899326175,-5.933792447748289,3.2067960938181197,6.620240924693065,-1.1339353842272408,0.007269266367276675,-6.834932924993466,1.6662678033140825,-1.1923559916735174,-2.6758447665811054,4.1388255510514265,0.4644263088862269,14.463357412732265,3.542107878804247,0.468277707160038,-1.6127681762859756,5.034713704762356,2.2531668279103934,1.2816031489016813,-3.415833653395008,8.952986641999788,-2.1116971829421556,-5.860358376551455,-0.5128470122029894,-1.7416937976750384,5.014425225122093,4.1263021588502715,-1.669043790694239,5.218069029382356,0.33176349908715064,2.0096778905672106,-1.412814282433113,4.564966370861672,-2.6015721401727054,2.2404126926837824,2.5884371550534984,3.347342547454944,-0.9789662364305798,-0.3438192275500089,4.490342182297431,6.735341267729394,-3.5534093388065253,1.8583810934452771
-1.1668338956284117,0.8819886492767591,2.4453565009663687,-1.324569082479537,-2.699112731778679,0.47484606769256144,-0.016563002811985802,2.8044020860174332,-0.6802705662163984,0.4886364795651573,1.121946350012295,-1.6900803007646523,-0.16495312521997588,-5.9121746613477635,-1.4261613581629708,-0.1896135995213165,0.6543008516117321,-2.032463797979458,-0.8649515829741211,-0.49730081440584334,1.4212096549573117,-3.656023018007014,0.8423589396934364,2.4006062816851674,0.22627571455964077,0.6911054763602685,-2.0425478164665454,-1.669043790694239,0.7002959305057781,-2.1213319552776633,-0.12244946635319588,-0.8168994349785985,0.5944215694852296,-1.841102721944905,1.0388261356878263,-0.9132555286183189,-1.0634779473793925,-1.3534832094191545,0.4236347366838186,0.12853275598517025,-1.8462784934828582,-2.774654704079074,1.427543988905533,-0.7711876962628221
3.878555517113916,-2.36967666034231,-8.058339236209736,3.9327195762878087,8.337137588981049,-1.784566129056408,0.062235680631909145,-8.950548884954838,2.6910986904763616,-1.3644250910545594,-3.4882490767441987,5.5664861022959355,0.3685499487706413,18.70365084876525,4.6216298495289,0.8037162735046208,-2.190989044461356,5.963135356660341,2.0617030938118814,1.4356483139756582,-4.667755203406956,11.58725203639065,-2.54610446699316,-8.100651091763423,-1.0008235193146175,-2.268778608450526,6.298706223197661,5.218069029382356,-2.1213319552776633,6.906232931692821,-0.10573769186951566,2.854030730610229,-2.1262552009308315,5.793869503080989,-3.6639830651224305,2.831798472412279,3.4546276576088584,3.89427807998157,-1.851588033101282,-0.8209677518476355,6.175699680762015,9.217211251652687,-3.7991044353888976,1.9881878797303174
-0.17562300111992452,-0.8548581095613003,0.4142423648126933,0.5033115578206316,0.6933778082671771,0.7128980481931065,-0.15485330654361307,0.069791321256386,-1.0620296801825637,-0.4384476170715468,-0.051047174568837304,-0.0608313043233616,0.39619359717990543,0.33680613101662593,0.03884505191053495,-0.26593074003419703,0.15152238223448064,1.0473284472664814,1.5590320978151622,0.2850613632383136,0.4774823946118116,0.10677443457793605,-0.3043135853265667,0.9014483745096294,0.6470283356918123,0.03375961342444486,0.46380542462892954,0.33176349908715064,-0.12244946635319588,-0.10573769186951566,1.1794265883152173,-0.4573516458686895,0.6750551817348928,0.22970045747456533,0.47137169313490146,0.11978341382892461,-0.3386835475059652,0.8850862356581076,0.9241185756701675,0.6707113964738991,-0.6620368555991702,-0.6261879694315671,-1.5295986991038093,0.8838909837085381
1.616960696943782,-0.7130337011661882,-3.420030895214667,1.4220695412267201,3.2040034375546385,-1.0625569147694207,0.10295439518489984,-3.7057357111410303,1.493924948316898,-0.4099599803683762,-1.4544027221461342,2.228776239421245,0.07090695350678737,7.60938817557686,1.8778587478909872,0.3693813645541188,-0.9827526090315749,2.142410550134484,0.324071209349218,0.5101027054290969,-2.1280300054069414,4.749659378071836,-0.9559205619099248,-3.6204360297800844,-0.5760332208624883,-1.0077860829109995,2.4730837206398877,2.0096778905672106,-0.8168994349785985,2.854030730610229,-0.4573516458686895,1.4009472928455524,-1.0985110410241061,2.418215852298108,-1.6528673794181405,1.2100542777389214,1.6120604335722968,1.3055093270535476,-1.0089574662872833,-0.5997096958260936,2.765386942874113,3.951698625585263,-1.0930421780947683,0.5145510607506155
-1.217071930670478,0.3123312748915934,2.61851612885595,-0.9560087192076717,-2.1577789527890343,0.946130361735888,-0.1211399255672075,2.776044984705874,-1.372036187050196,0.17501157546464588,1.0450123997871035,-1.647075743408868,0.08355692271801547,-5.534815338634236,-1.365400218022917,-0.34527230930879554,0.7336423413270983,-1.316664969383217,0.1483136081974071,-0.3315045176213128,1.703691092815729,-3.505198421794423,0.6407699271544862,2.9328674956449325,0.6435821717860396,0.7059641025118221,-1.6861759685201638,-1.412814282433113,0.5944215694852296,-2.1262552009308315,0.6750551817348928,-1.0985110410241061,1.0411885248047483,-1.6574437429119222,1.3204707353448062,-0.8170917491759139,-1.285356810593912,-0.7431834514003193,0.9882211464246653,0.5597552713467936,-2.2397023237713145,-3.080584119054221,0.40233510396719396,-0.16101129982167373
2.9359146774972253,-2.5207246630521793,-6.503752486442908,3.499670515374178,7.3733680224450735,-1.543479647594224,0.10199677739174358,-7.712035080313096,1.9903014236643177,-1.298809937462969,-3.0273508952446093,4.350968993798668,0.6557783436365806,16.341136034664984,3.934320912230964,0.3610233105028487,-1.8901241550307037,5.809096611768094,2.637232648001559,1.586722590275615,-3.9671949067034067,10.155318255429854,-2.4772902898355436,-6.6327381103656675,-0.4963986139317833,-2.1197320985048984,5.729371498424033,4.564966370861672,-1.841102721944905,5.793869503080989,0.22970045747456533,2.418215852298108,-1.6574437429119222,5.451978306945742,-2.909159583542894,2.745806990089795,3.1983024877459973,3.7952415317657544,-0.8514065814731733,-0.46762036550549985,5.103103109312319,7.340957779294787,-4.135770138540209,2.0193731552455794
-2.116893962080846,0.8775342647463884,4.378970230273659,-1.8311078062348922,-4.0815370181835675,1.1519170612631286,-0.06224490650820897,4.663658841091093,-1.795281036303482,0.55293963690973,1.7564865039681554,-2.996715613220373,-0.040633821404148694,-9.57335131470181,-2.4204292300670947,-0.560790695368595,1.2004111553299786,-2.670970280674927,-0.4902911033931991,-0.624692712258838,2.554329189258179,-5.953583057459623,1.202433774113937,4.557264856216603,0.7684865296689598,1.1912705019201864,-3.08757095534725,-2.6015721401727054,1.0388261356878263,-3.6639830651224305,0.47137169313490146,-1.6528673794181405,1.3204707353448062,-2.909159583542894,2.1345196721708386,-1.3984967369728563,-1.862560556002958,-1.6836550007027895,1.351470902439969,0.7110190141423078,-3.443148625762824,-5.061840368688963,1.365839187956976,-0.6787807904411112
1.410452416430632,-1.283318278791646,-3.169484071873904,1.7334684746458244,3.6478455395351284,-0.7983324347361558,0.07013941521683781,-3.808828841502048,0.9702524597244714,-0.6459533642480498,-1.5210001906657302,2.0785972755987174,0.3519777672818833,8.086025512727817,1.9211060989653224,0.13357322197877128,-0.9400603338045836,2.9179542950338355,1.3366023643724478,0.802081977135755,-1.9838242164063886,5.029019288716517,-1.2373582182566478,-3.2452297185110135,-0.20993801431791864,-1.0688299122756482,2.8554769947263527,2.2404126926837824,-0.9132555286183189,2.831798472412279,0.11978341382892461,1.2100542777389214,-0.8170917491759139,2.745806990089795,-1.3984967369728563,1.403049299470964,1.6263124707941201,1.8966539170760903,-0.35462686771459967,-0.217835848250078,2.5097301452130116,3.568280643708532,-2.1059744400933766,1.0202788320772185
1.745914887487051,-1.2279698745297196,-3.967240707932504,1.9145638618435532,4.115694022078726,-1.235107505673652,0.14795179242493006,-4.6380994418544415,1.5875067778627954,-0.5966693680866516,-1.8018512447727792,2.5112141143218216,0.26081779711998637,9.637262562958515,2.301543804783241,0.26125745507719345,-1.1772699767374675,3.131796611765937,1.0326089010462196,0.8879998592400125,-2.587630345430467,6.052965277832444,-1.392850091720669,-4.285886029092781,-0.5305515332408414,-1.2853390682567232,3.2590228497189093,2.5884371550534984,-1.0634779473793925,3.4546276576088584,-0.3386835475059652,1.6120604335722968,-1.285356810593912,3.1983024877459973,-1.862560556002958,1.6263124707941201,2.1108281075471194,1.9539224597324003,-0.7765434295087984,-0.4927197868751089,3.3054041951546234,4.539992641204619,-1.9518006677289086,0.8887200916340715
1.8853398838561024,-2.259018540599636,-4.18065448749892,2.7382679219444936,5.452417866415126,-0.5619202368810979,-0.032882602439850084,-5.240376636758038,0.6756537264542659,-1.156415570749543,-2.072337252423814,2.9503053175750065,0.663854378752,11.372351574415354,2.711470749131761,0.09698684281606394,-1.1654816204531468,4.62504897520465,2.8078619621810463,1.2858857303263918,-2.3965566432434016,7.018704135468827,-1.8954830080024547,-3.987059783456968,0.019024486380167883,-1.3778649472268827,4.184457249443556,3.347342547454944,-1.3534832094191545,3.89427807998157,0.8850862356581076,1.3055093270535476,-0.7431834514003193,3.7952415317657544,-1.6836550007027895,1.8966539170760903,1.9539224597324003,3.1613055833759,-0.014608662186728785,0.15202417906066995,3.085507286048766,4.631014001984917,-3.7758565212626554,1.9445286108125752
-1.4625154545297452,-0.3562255392871824,2.600689711941714,-0.556010670751027,-1.475757281247312,0.8199684151773231,-0.05284805666512025,2.1560032409639964,-1.517598073899054,-0.008031458779068926,0.8378418488925857,-1.8060845588040664,0.4384977183591881,-4.064047969464292,-1.1211086192577846,-0.6480518428455996,0.6232619384422732,-0.19584466234613077,1.2374195634184473,0.2090394729758213,1.4351953543857323,-2.513688099951055,0.13214459895191047,2.7064076990630173,0.8900328891228532,0.42533902169441923,-0.9790373431099845,-0.9789662364305798,0.4236347366838186,-1.851588033101282,0.9241185756701675,-1.0089574662872833,0.9882211464246653,-0.8514065814731733,1.351470902439969,-0.35462686771459967,-0.7765434295087984,-0.014608662186728785,1.6736219612466818,0.8185008350077035,-2.011065136013179,-3.139182887336331,-0.744300261016078,0.27468420181739095
-0.5913981104961842,-0.30657486496422903,1.1553789935442111,-0.08015677073829293,-0.49215509669013846,0.5837123643782046,-0.07317916229022739,0.9502591965196252,-0.9182415590974035,-0.10156396263175954,0.3385905035327832,-0.7128688734697647,0.20383997951788346,-1.7304836168282938,-0.48433308252579216,-0.2849180842380427,0.34336724373919797,0.06358995010164356,0.7797731053401841,0.0900795496559635,0.7373981347820601,-1.09804153415425,0.0436680626036307,1.3734497075592647,0.47040853167548063,0.2736162005418158,-0.37297328159493986,-0.3438192275500089,0.12853275598517025,-0.8209677518476355,0.6707113964738991,-0.5997096958260936,0.5597552713467936,-0.46762036550549985,0.7110190141423078,-0.217835848250078,-0.4927197868751089,0.15202417906066995,0.8185008350077035,0.5491221386918219,-1.0144200931228355,-1.4044499805805735,-0.568448735757888,0.3383434222474903
3.4849546594332974,-1.7583922696849839,-7.33006266628912,3.2890995164129664,7.105871707387448,-1.9683388073693766,0.15365577946365014,-8.03061447010643,2.8915096562913813,-1.0077077551567502,-3.1097936587345436,4.90597316377549,0.1660235197498509,16.553334686669764,4.079754817363542,0.7920866689401019,-2.022254073452551,4.888102402826379,1.1517381891651985,1.1857689473594648,-4.4250065229085465,10.319147029920375,-2.1530766712755334,-7.633290766352809,-1.1779041398762922,-2.0512279486422753,5.425653707128517,4.490342182297431,-1.8462784934828582,6.175699680762015,-0.6620368555991702,2.765386942874113,-2.2397023237713145,5.103103109312319,-3.443148625762824,2.5097301452130116,3.3054041951546234,3.085507286048766,-2.011065136013179,-1.0144200931228355,5.82522138385291,8.452916306890838,-2.7367962466832627,1.3837054284413137
5.444673807187674,-2.632647513183242,-11.03260371073662,5.014884562821991,10.743827579575026,-2.583975085166099,0.11368297213364748,-11.840902731187395,4.0231274092833775,-1.6241153482019035,-4.657493581985754,7.606745458218855,0.18493266411154213,24.493414888917663,6.0964914107878085,1.3045046473695467,-2.941217343640649,7.1933203794371074,1.719261239022536,1.562063925119819,-6.373693439745179,15.168496958750161,-3.0759954723268508,-11.103837741133862,-1.6756819719816556,-2.917849191471465,8.033864030226502,6.735341267729394,-2.774654704079074,9.217211251652687,-0.6261879694315671,3.951698625585263,-3.080584119054221,7.340957779294787,-5.061840368688963,3.568280643708532,4.539992641204619,4.631014001984917,-3.139182887336331,-1.4044499805805735,8.452916306890838,12.714375383523839,-4.105299667975427,2.245994986425964
-1.6177195959842112,2.882597861344875,3.811208780614621,-3.0391352030672505,-5.875526021049464,0.272923157024381,0.07018810263016714,5.258896150946763,-0.07990475250223224,1.401200555719775,2.124505798085845,-2.7070969876818083,-0.9951351178800163,-11.723501605721047,-2.720198103671454,0.1849537491437255,1.1067020162331367,-5.44400216476823,-3.9121159331391775,-1.5977118064881743,2.201989686711467,-7.220614997428845,2.1838793822756193,3.4763564404458114,-0.462064908991169,1.4510167030147776,-4.55785052933578,-3.5534093388065253,1.427543988905533,-3.7991044353888976,-1.5295986991038093,-1.0930421780947683,0.40233510396719396,-4.135770138540209,1.365839187956976,-2.1059744400933766,-1.9518006677289086,-3.7758565212626554,-0.744300261016078,-0.568448735757888,-2.7367962466832627,-4.105299667975427,4.877017930336534,-2.483452268175995
0.9681238810756067,-1.478749578062236,-2.072329412132645,1.6424822653314635,3.1070278209263966,-0.040050561744613834,-0.06561240158480537,-2.721982891603284,-0.0318556263338056,-0.7633118332291886,-1.146927865170608,1.534155910169285,0.45885989524371146,6.064554816347366,1.41483111534626,-0.03712215898820659,-0.5439787066940729,2.758138541750925,1.941522809344949,0.728039203090831,-1.1123819338478433,3.7019066034515924,-1.0624652537764252,-1.752795021469716,0.22897766933286018,-0.6811631658578742,2.3423085424178907,1.8583810934452771,-0.7711876962628221,1.9881878797303174,0.8838909837085381,0.5145510607506155,-0.16101129982167373,2.0193731552455794,-0.6787807904411112,1.0202788320772185,0.8887200916340715,1.9445286108125752,0.27468420181739095,0.3383434222474903,1.3837054284413137,2.245994986425964,-2.483452268175995,1.3567335313028774
