V1,V2,V3,V4,V5,V6,V7,V8,V9,V10,V11,V12,V13,V14,V15,V16,V17,V18,V19,V20,V21,V22,V23,V24,V25,V26,V27,V28,V29,V30,V31,V32,V33,V34,V35,V36,V37,V38,V39,V40,V41,V42,V43,V44
2.2617766057698425,-2.1924054376641418,0.6128823683221017,0.14750985679775092,-2.9996261612067125,2.0707857675437693,-2.3076581823170494,-2.2214670612589384,-2.522498161053582,-5.411054438115798,-2.610138488448618,-2.160175782757026,-3.1725078901788555,-4.282289865886861,-2.1770143451864685,-2.6420810153896013,2.226088864940946,-4.384310314546032,4.228953886065666,-3.174495811993186,3.755808532894862,0.7705919836086694,-2.513530058920737,-1.7629584038457182,-0.9337198687057233,0.691324462140771,0.4107535056058938,-1.1928790404781482,3.2712758341873744,-0.7819051505381951,0.14528221453495893,2.1959968868752573,-1.0447337140739925,2.8854933366214324,-3.1368290217073773,1.7765890024181439,-0.9267729235151134,-1.3547379946394102,-4.210235990684023,-3.9242592411052772,2.8540835133182147,4.387742561148993,0.3191570288682425,1.2989786956500347
-2.1924054376641418,3.5528625108163703,-0.8334881769274554,0.3605262264104836,3.2013314638049772,-2.4671754436811906,3.5389653025184558,1.9074630440673084,2.9795091938934615,7.520083371402086,4.2910298015341795,2.363455535282824,3.808821369909567,5.369967135461239,3.8687696538638963,5.2719822602610265,-3.6950576789554446,6.209744164424392,-4.817553880022285,4.981455626245722,-6.332746234087966,-1.0775289879703307,2.7287411937729513,1.5811995143225228,1.0942679237571253,-0.47171216660979753,-0.0038366840892048283,2.0515378831597952,-4.530704815857598,2.4553212127479678,-1.7031917208998337,-3.676951560827182,1.1634389044037565,-4.267827601289725,2.1484006613831026,-2.4395618073696417,1.890517994763911,2.135638830213448,6.046494396315286,5.856792929199596,-4.0092269553327435,-6.954415725043744,0.3734310211433927,-1.4871105530958195
0.6128823683221017,-0.8334881769274554,0.24495486929665117,-0.013007143923715693,-0.8329709681771423,0.7327614890111849,-0.7800034840232785,-0.5547242870580703,-0.7552352875540147,-1.8307556936641256,-0.972231959445537,-0.5908506809423286,-1.01802258913319,-1.290425853945386,-0.8236685646213128,-1.1364440539123546,0.8085553730676683,-1.4562491504523625,1.2062160613898234,-1.223388764994623,1.4633616534558345,0.2970118378167527,-0.6587093651294907,-0.38481502765819003,-0.24126224533219906,0.16853296620133604,0.05826504667402853,-0.45555636361960167,1.0739516934882465,-0.5179068437692732,0.34990776338931245,0.8109248095336612,-0.3250164499038533,1.0519509027139136,-0.6157154884043169,0.5954603175815872,-0.36065367561631423,-0.4840653786549824,-1.4394703400026125,-1.3801042390062699,0.9829080968276381,1.5165408004212693,-0.05119417844229598,0.36902584900014607
0.14750985679775092,0.3605262264104836,-0.013007143923715693,0.2827386000460058,0.06757546138577866,0.005593643217386143,0.4131284695025446,-0.14693915275705347,0.14989554722956308,0.575067656640626,0.5284235414916973,0.05331146155981606,0.0533108223470963,0.3714211140134562,0.5926232180806906,0.8670464400401704,-0.38432580981432624,0.5525047003982732,-0.17650718695166828,0.50955360213835,-0.7740395106046433,-0.006869409555466487,0.02373394863082189,-0.02857035969419692,0.02900742349747362,0.1526155438125444,0.15033566846813767,0.2646769881176739,-0.3556334495534456,0.5014993430221888,-0.5081955653199707,-0.47804381181217775,-0.0023266344100598382,-0.38552950957203397,-0.4044802318128888,-0.08153533875303755,0.2750676571447007,0.24000535957585697,0.4966643577227899,0.5666243992956561,-0.26606707858606543,-0.8650817319496283,0.21239152111900506,-0.012051920285780898
-2.9996261612067125,3.2013314638049772,-0.8329709681771423,0.06757546138577866,4.3358832909239275,-2.8722040793032884,3.486033442888865,3.0711320382926304,3.6888419861325428,7.852583197405398,3.944430610651412,3.075861486147481,4.401980764511881,6.302240702373163,3.3990199227545177,4.1657295555311835,-3.18295228518229,6.44876535658754,-6.111657632702643,4.713422701214246,-5.643492933703484,-0.9988529559322549,3.502092048463953,2.516061420109492,1.2886236403079958,-0.8192462861405494,-0.5035943260573417,1.7982712458134043,-4.74534461087274,1.2925755856643224,-0.477753654311121,-3.3151110816334466,1.4597228437479846,-4.237620833017943,4.137767485630188,-2.38593180359916,1.3427859099641843,2.017746201864674,6.089547509794161,5.787051021399907,-4.060601401759089,-6.6402279633862245,-0.3715001268784241,-1.7912052924290984
2.0707857675437693,-2.4671754436811906,0.7327614890111849,0.005593643217386143,-2.8722040793032884,2.331684641146469,-2.4193992093577656,-2.0135058930190155,-2.511307128167752,-5.681012671713647,-2.9090596657402235,-2.001131438081214,-3.2634314543860925,-4.236054076743655,-2.4140868019566373,-3.1979073677963945,2.3424134538535824,-4.54898802379421,4.075345161355995,-3.660145332091923,4.299184176379869,0.867153582170046,-2.239167881394206,-1.453938452167769,-0.8033431996590675,0.5948914752160176,0.2959498035954581,-1.337165541475781,3.3474935271314807,-1.2637905194923889,0.7421885186791556,2.3874436539873685,-1.0695439120051204,3.1926837796650163,-2.415302670198468,1.7960203986332168,-0.9673394987305508,-1.4585344623265306,-4.406148908435423,-4.22125517936291,3.0126696578922454,4.613334890635102,0.05245597686638613,1.2214154843954652
-2.3076581823170494,3.5389653025184558,-0.7800034840232785,0.4131284695025446,3.486033442888865,-2.4193992093577656,3.695481308356041,2.1221544892152857,3.1851369529941334,7.704398199425853,4.364320361965242,2.5702560411851776,3.8832981518850853,5.73938539428458,3.9698170495854868,5.254470769555536,-3.712078023426396,6.44850722451983,-5.202845261067435,4.952918825458984,-6.337540352004452,-1.0109323623833886,2.978254135649023,1.8607243978459815,1.1910202553375715,-0.4850643418469324,-0.05725711719706612,2.0767771076739088,-4.691320665503927,2.2822584597916866,-1.496569933985282,-3.745950590147587,1.1989592926311037,-4.291881067712534,2.57352256890873,-2.434065269351085,1.8882644188343498,2.1837142834287753,6.173206015112198,5.978625369949429,-4.049908613486172,-7.2192086684909205,0.22616555635638041,-1.5830223411893618
-2.2214670612589384,1.9074630440673084,-0.5547242870580703,-0.14693915275705347,3.0711320382926304,-2.0135058930190155,2.1221544892152857,2.340499074241526,2.5163065841612555,5.015030576493921,2.3113840187286394,2.147284481204565,3.0322594111081713,4.191733528308237,1.8829717660551952,2.148447851721405,-1.8382765861939887,4.072025968491732,-4.233488367086547,2.8589568275841,-3.2643567010078556,-0.6515109434974123,2.4614050004895165,1.86110301278057,0.8807014619239356,-0.6866250000581982,-0.496835759947417,1.0204153344836178,-3.023429805442049,0.40320589863698414,0.14816891746727323,-1.8996314989141505,1.0341101410492592,-2.63415683955282,3.3095260314863335,-1.5445629845546494,0.6567769424545516,1.2070645358237033,3.8202331315350886,3.576349925593602,-2.594197586711294,-3.944366826131464,-0.486704553414589,-1.2424283984208142
-2.522498161053582,2.9795091938934615,-0.7552352875540147,0.14989554722956308,3.6888419861325428,-2.511307128167752,3.1851369529941334,2.5163065841612555,3.223685986358466,7.1014636970265155,3.696070327715188,2.6559071450658074,3.8614944168414915,5.556322240718509,3.2395475663186395,4.086596656766182,-3.0063503518485346,5.8601932281305835,-5.27977019751591,4.351591297608322,-5.3193264388117045,-0.9258637733703153,3.0079971854051344,2.068738121550339,1.1165797561130866,-0.6529447035339078,-0.3473292063073359,1.7208241631913215,-4.301345887584105,1.4719148639759811,-0.7522019933697193,-3.133061788291001,1.2580292409155416,-3.8775523115330994,3.2963594829633927,-2.1692839331181433,1.3322904281307906,1.8729706326556235,5.555576692518909,5.293695886563364,-3.6709959407797097,-6.144056900473543,-0.16465101055624912,-1.576367391518473
-5.411054438115798,7.520083371402086,-1.8307556936641256,0.575067656640626,7.852583197405398,-5.681012671713647,7.704398199425853,5.015030576493921,7.1014636970265155,16.861311068739372,9.20477498126755,5.764128695133392,8.787558098244705,12.517292470476923,8.230980403553948,10.857409736062356,-7.772364971096191,13.891244352436674,-11.523732596677457,10.7587635215672,-13.468062172114209,-2.326818329255655,6.574213887936615,4.143266661133762,2.5332294123617283,-1.2836271618647934,-0.3942162393675341,4.367375328584188,-10.18940044148103,4.60995233835584,-2.8862811935418176,-7.904310123869735,2.7668565710312927,-9.407729486500015,6.199943919269056,-5.33155943427461,3.763303070531406,4.624908095551198,13.406016792676503,12.838475257583093,-8.853166430791141,-15.097672548442503,0.29219075450259774,-3.5107150107016767
-2.610138488448618,4.2910298015341795,-0.972231959445537,0.5284235414916973,3.944430610651412,-2.9090596657402235,4.364320361965242,2.3113840187286394,3.696070327715188,9.20477498126755,5.290663569065906,2.9376009174706454,4.573840005987464,6.662705062272236,4.822798864892589,6.514355545775071,-4.4949617661807855,7.671026096222231,-5.944195339626784,6.036979421444448,-7.749311341215842,-1.26174495115563,3.358069653007696,1.9795659544990207,1.3369416767803517,-0.5247767180391704,-8.778196655398332e-4,2.5460020961099503,-5.582940171827513,3.0030033403369014,-2.095754963593389,-4.558065605605879,1.3976081859685259,-5.20046663622922,2.6360538633424055,-2.913466269087885,2.3019634720170954,2.6274027730521725,7.401687405104229,7.16653007886522,-4.842649765296032,-8.614954858460436,0.4372838148880649,-1.8354812710302062
-2.160175782757026,2.363455535282824,-0.5908506809423286,0.05331146155981606,3.075861486147481,-2.001131438081214,2.5702560411851776,2.147284481204565,2.6559071450658074,5.764128695133392,2.9376009174706454,2.2426704164135285,3.1699927623373747,4.578730055110118,2.57124183269367,3.162868916569286,-2.4413047432201074,4.767350830383179,-4.393406310306017,3.4217118602650114,-4.193249365385993,-0.7442938965098748,2.5715691051133454,1.7979671613036345,0.9627795719120682,-0.585123995839766,-0.33221288823340345,1.3683511681485265,-3.519244636886448,1.0515130812726863,-0.41364773194740473,-2.5098282984950715,1.0335182848496085,-3.0936839853761797,2.9717308066625083,-1.7954213382896276,1.0809999140395734,1.5040002286779819,4.516247519817454,4.256557465873802,-2.97811202325743,-4.958939551699867,-0.2255924120705307,-1.3329583847559834
-3.1725078901788555,3.808821369909567,-1.01802258913319,0.0533108223470963,4.401980764511881,-3.2634314543860925,3.8832981518850853,3.0322594111081713,3.8614944168414915,8.787558098244705,4.573840005987464,3.1699927623373747,4.893582119075156,6.657484608201752,3.9213528056822695,5.0752527677549635,-3.832605201807084,7.169872166794339,-6.342456709905948,5.48749634885033,-6.662390552415909,-1.2695735606331435,3.636466900396425,2.3798075251272146,1.3663303815825498,-0.8774169276771745,-0.39757613263526176,2.13313902977455,-5.283013916743115,1.9674734268751142,-1.0529240392565449,-3.841497858723207,1.5746687595594135,-4.840030721067712,3.902972817156752,-2.831690972034715,1.7159062201888975,2.313709489309813,6.902856389913335,6.5679645953946695,-4.64085246892796,-7.469603484734338,-0.1039460358866743,-1.9477971108569712
-4.282289865886861,5.369967135461239,-1.290425853945386,0.3714211140134562,6.302240702373163,-4.236054076743655,5.73938539428458,4.191733528308237,5.556322240718509,12.517292470476923,6.662705062272236,4.578730055110118,6.657484608201752,9.707374214972825,5.920852353304387,7.5393283626592575,-5.5184934543485555,10.388329108649808,-9.118243805054732,7.723523496333168,-9.593195670974334,-1.617240409606758,5.234878710504894,3.5354277803483765,1.9904995361194233,-1.0576734594104231,-0.4772599168110521,3.1227745989932196,-7.611217184131498,2.85080773571807,-1.5550564131609663,-5.684258222449257,2.137774981692205,-6.846529765311586,5.472937405063355,-3.8679762111244034,2.569013429858176,3.371486384287197,9.866487556980573,9.430676367327736,-6.496614206546526,-11.115282961330156,-0.1427113488125344,-2.7391035544883255
-2.1770143451864685,3.8687696538638963,-0.8236685646213128,0.5926232180806906,3.3990199227545177,-2.4140868019566373,3.9698170495854868,1.8829717660551952,3.2395475663186395,8.230980403553948,4.822798864892589,2.57124183269367,3.9213528056822695,5.920852353304387,4.4997466387166,6.087085598250277,-4.124318456079196,6.897469091750303,-5.179739294309773,5.425740231183681,-7.07583187044134,-1.0859116828641668,2.9342234388475874,1.7036714777317388,1.1886201142804071,-0.3673057841179881,0.08330677466335519,2.337573896834238,-5.014447120978831,2.860875341415868,-2.0439450715886025,-4.2157340470593505,1.1808604540181626,-4.668057693391416,2.1010900036371374,-2.5751320420466493,2.1828654123490026,2.395910727026063,6.662502432557162,6.458355558717131,-4.3099531801407585,-7.913894286932452,0.4935513860964155,-1.5849625846935067
-2.6420810153896013,5.2719822602610265,-1.1364440539123546,0.8670464400401704,4.1657295555311835,-3.1979073677963945,5.254470769555536,2.148447851721405,4.086596656766182,10.857409736062356,6.514355545775071,3.162868916569286,5.0752527677549635,7.5393283626592575,6.087085598250277,8.437520930126396,-5.592046918486982,9.061023871963116,-6.452784476870532,7.381530522527236,-9.654500414702808,-1.4958870055217866,3.589073383159201,1.9133987403742019,1.4738678045332803,-0.3864396791890489,0.25585260088344386,3.1764426023966923,-6.57238524440538,4.195084264887505,-3.1632251799407447,-5.688642977527353,1.502067677578793,-6.267075322707759,2.0765425759532157,-3.4268878546090566,3.0165769983504007,3.210632536228023,8.832964151300525,8.614052107481974,-5.731840112487967,-10.533304706816692,0.9160933451573622,-1.9860838026301069
2.226088864940946,-3.6950576789554446,0.8085553730676683,-0.38432580981432624,-3.18295228518229,2.3424134538535824,-3.712078023426396,-1.8382765861939887,-3.0063503518485346,-7.772364971096191,-4.4949617661807855,-2.4413047432201074,-3.832605201807084,-5.5184934543485555,-4.124318456079196,-5.592046918486982,4.002431869555336,-6.47924604078788,4.885595711417929,-5.066901882890332,6.6047199046671,1.1082842903186585,-2.873610423707855,-1.6223768156361331,-1.1898203512236787,0.46297508084491096,-0.05542686585950361,-2.183207805057027,4.744601099073743,-2.646150332230437,1.789434288505018,3.919786189509821,-1.1406427128820684,4.368237963877298,-2.2046531711169224,2.59544678285125,-2.1320426807071198,-2.2477633717867636,-6.325109744016604,-6.076739807160137,4.1485522862373,7.372067811886112,-0.43247729871376117,1.5656203125765424
-4.384310314546032,6.209744164424392,-1.4562491504523625,0.5525047003982732,6.44876535658754,-4.54898802379421,6.44850722451983,4.072025968491732,5.8601932281305835,13.891244352436674,7.671026096222231,4.767350830383179,7.169872166794339,10.388329108649808,6.897469091750303,9.061023871963116,-6.47924604078788,11.551552256509577,-9.528825604395912,8.805201715343104,-11.143603963110746,-1.8773478417851364,5.463928654618608,3.446624511843004,2.1252459902135947,-1.0133547606160627,-0.27611874406098247,3.6596440192894617,-8.448567502447965,3.84726704622611,-2.4166934879365125,-6.588019057891667,2.2431090990867437,-7.707340946570104,5.086123413637949,-4.388702303142836,3.175726408502383,3.8480947679193824,11.072764488575217,10.619941618201171,-7.266224081468532,-12.629194294654376,0.24396360791728056,-2.9338957378598716
4.228953886065666,-4.817553880022285,1.2062160613898234,-0.17650718695166828,-6.111657632702643,4.075345161355995,-5.202845261067435,-4.233488367086547,-5.27977019751591,-11.523732596677457,-5.944195339626784,-4.393406310306017,-6.342456709905948,-9.118243805054732,-5.179739294309773,-6.452784476870532,4.885595711417929,-9.528825604395912,8.735617977871117,-6.971370309506349,8.508784530880913,1.491030589083183,-5.0385734875395665,-3.512886422616835,-1.8900742151986536,1.1247331807892271,0.6051902515114401,-2.7513482241624376,6.998743089945519,-2.2083209767508882,0.9944246802896538,5.020779490413195,-2.068013684045771,6.232970744732164,-5.677231660195103,3.5682564582476997,-2.166543487849129,-3.0275328762997784,-9.011861734307017,-8.577851472946765,5.979856364580145,9.967342672518697,0.37718799016694554,2.6156510053705104
-3.174495811993186,4.981455626245722,-1.223388764994623,0.50955360213835,4.713422701214246,-3.660145332091923,4.952918825458984,2.8589568275841,4.351591297608322,10.7587635215672,6.036979421444448,3.4217118602650114,5.48749634885033,7.723523496333168,5.425740231183681,7.381530522527236,-5.066901882890332,8.805201715343104,-6.971370309506349,7.158422557049821,-8.95478854357583,-1.5230354673224265,3.8576197605360214,2.2994121109257404,1.4947942382181074,-0.6843014101267794,-0.09471138188603907,2.8634479360972995,-6.4304395772822724,3.374270349806107,-2.3606896333238194,-5.1683984517170725,1.7116690095245854,-6.1464200790818815,3.1532943783535883,-3.3759802099469054,2.508992808966815,3.003148730988682,8.577625052132108,8.308692079868301,-5.692585818071713,-9.743655456235569,0.4718842184257909,-2.0828301641084135
3.755808532894862,-6.332746234087966,1.4633616534558345,-0.7740395106046433,-5.643492933703484,4.299184176379869,-6.337540352004452,-3.2643567010078556,-5.3193264388117045,-13.468062172114209,-7.749311341215842,-4.193249365385993,-6.662390552415909,-9.593195670974334,-7.07583187044134,-9.654500414702808,6.6047199046671,-11.143603963110746,8.508784530880913,-8.95478854357583,11.450031893209143,1.8857140501733591,-4.771154985736615,-2.7466938162157284,-1.8986219084923988,0.7390655450013301,-0.03673558880876121,-3.7279989411642873,8.122626929488046,-4.54600662637884,3.2363187113535776,6.695879084528461,-2.0330765678279525,7.680075152048718,-3.5785348233415486,4.272677673461281,-3.3981452144123825,-3.847458897330632,-10.837252374170061,-10.498247424152169,7.1171905671086,12.55800724924065,-0.7538689781779949,2.6037653561246183
0.7705919836086694,-1.0775289879703307,0.2970118378167527,-0.006869409555466487,-0.9988529559322549,0.867153582170046,-1.0109323623833886,-0.6515109434974123,-0.9258637733703153,-2.326818329255655,-1.26174495115563,-0.7442938965098748,-1.2695735606331435,-1.617240409606758,-1.0859116828641668,-1.4958870055217866,1.1082842903186585,-1.8773478417851364,1.491030589083183,-1.5230354673224265,1.8857140501733591,0.38856974264845007,-0.8586847097210164,-0.4727613270614913,-0.3309470200905047,0.21353192506591107,0.048051095823675054,-0.60874646828145,1.39050463266538,-0.7101385375115951,0.4641318727986512,1.0720152633756124,-0.3918722707539763,1.3179284050638629,-0.7737993977657185,0.8029517849389759,-0.5310013467491526,-0.6316934429176569,-1.8605494840136028,-1.763689075331772,1.257661172764746,1.9887499537420283,-0.08642257996954202,0.4904182102561579
-2.513530058920737,2.7287411937729513,-0.6587093651294907,0.02373394863082189,3.502092048463953,-2.239167881394206,2.978254135649023,2.4614050004895165,3.0079971854051344,6.574213887936615,3.358069653007696,2.5715691051133454,3.636466900396425,5.234878710504894,2.9342234388475874,3.589073383159201,-2.873610423707855,5.463928654618608,-5.0385734875395665,3.8576197605360214,-4.771154985736615,-0.8586847097210164,3.012582641324553,2.0946753198462456,1.1562972866815657,-0.6948762380529345,-0.3628409276530327,1.5668469938860958,-4.037266932961373,1.1798480330460863,-0.406280978277214,-2.868021482288872,1.1728589913436365,-3.4919885962582495,3.494860314562673,-2.12010889766885,1.3120503842687172,1.728786381445314,5.177805933773457,4.87217323343719,-3.4287372071182483,-5.718619622405146,-0.27501983592560864,-1.5563223296521649
-1.7629584038457182,1.5811995143225228,-0.38481502765819003,-0.02857035969419692,2.516061420109492,-1.453938452167769,1.8607243978459815,1.86110301278057,2.068738121550339,4.143266661133762,1.9795659544990207,1.7979671613036345,2.3798075251272146,3.5354277803483765,1.7036714777317388,1.9133987403742019,-1.6223768156361331,3.446624511843004,-3.512886422616835,2.2994121109257404,-2.7466938162157284,-0.4727613270614913,2.0946753198462456,1.6026478230374654,0.7811986175100704,-0.5049610132214385,-0.35732818355050233,0.8869655856529466,-2.5487099824177877,0.36880610435654687,0.12206709339316459,-1.6735638318164494,0.8007587616484965,-2.1375715881631803,2.7353910837287474,-1.2644345327722804,0.664327789528091,1.0387316220860654,3.1974631460561493,2.997732279761126,-2.1213257898234614,-3.496979039305357,-0.393518588190118,-1.0304381444288042
-0.9337198687057233,1.0942679237571253,-0.24126224533219906,0.02900742349747362,1.2886236403079958,-0.8033431996590675,1.1910202553375715,0.8807014619239356,1.1165797561130866,2.5332294123617283,1.3369416767803517,0.9627795719120682,1.3663303815825498,1.9904995361194233,1.1886201142804071,1.4738678045332803,-1.1898203512236787,2.1252459902135947,-1.8900742151986536,1.4947942382181074,-1.8986219084923988,-0.3309470200905047,1.1562972866815657,0.7811986175100704,0.46373385050794846,-0.24899807741587202,-0.09845889533215284,0.6295713513111141,-1.5676973722418612,0.5255581715110149,-0.20939672112156335,-1.1508371075153208,0.4288665548318829,-1.3424456279649541,1.2696733528565516,-0.8467765455311023,0.5851588556309518,0.688199638782367,2.0225028819523523,1.9096980216545967,-1.3371778471869475,-2.293692673459269,-0.06607578203485263,-0.5954914085932272
0.691324462140771,-0.47171216660979753,0.16853296620133604,0.1526155438125444,-0.8192462861405494,0.5948914752160176,-0.4850643418469324,-0.6866250000581982,-0.6529447035339078,-1.2836271618647934,-0.5247767180391704,-0.585123995839766,-0.8774169276771745,-1.0576734594104231,-0.3673057841179881,-0.3864396791890489,0.46297508084491096,-1.0133547606160627,1.1247331807892271,-0.6843014101267794,0.7390655450013301,0.21353192506591107,-0.6948762380529345,-0.5049610132214385,-0.24899807741587202,0.25757804460514755,0.17649950075900991,-0.2297763039071065,0.7739454209945166,-0.014628658598580358,-0.16044837383739702,0.41680126550785984,-0.29685325789343386,0.6506340605380327,-1.0403104371869683,0.4622851308757692,-0.13956784137054382,-0.28257279315000045,-0.9762661316799525,-0.8742835023483991,0.6902994453514327,0.8789560801869803,0.17921707210873106,0.36684791630190383
0.4107535056058938,-0.0038366840892048283,0.05826504667402853,0.15033566846813767,-0.5035943260573417,0.2959498035954581,-0.05725711719706612,-0.496835759947417,-0.3473292063073359,-0.3942162393675341,-8.778196655398332e-4,-0.33221288823340345,-0.39757613263526176,-0.4772599168110521,0.08330677466335519,0.25585260088344386,-0.05542686585950361,-0.27611874406098247,0.6051902515114401,-0.09471138188603907,-0.03673558880876121,0.048051095823675054,-0.3628409276530327,-0.35732818355050233,-0.09845889533215284,0.17649950075900991,0.19899717746089593,0.029139689475314458,0.22984008402283945,0.3270327797176208,-0.38473694521962176,-0.02461719957604286,-0.16308501677615111,0.1546148520905092,-0.8057214670616432,0.10032844194929086,0.1464061566450428,-0.02040926800634073,-0.2358860610353753,-0.16706921251192117,0.18105360426374825,0.048001679007046105,0.249811705652499,0.16869316007954438
-1.1928790404781482,2.0515378831597952,-0.45555636361960167,0.2646769881176739,1.7982712458134043,-1.337165541475781,2.0767771076739088,1.0204153344836178,1.7208241631913215,4.367375328584188,2.5460020961099503,1.3683511681485265,2.13313902977455,3.1227745989932196,2.337573896834238,3.1764426023966923,-2.183207805057027,3.6596440192894617,-2.7513482241624376,2.8634479360972995,-3.7279989411642873,-0.60874646828145,1.5668469938860958,0.8869655856529466,0.6295713513111141,-0.2297763039071065,0.029139689475314458,1.2450638697082252,-2.66354573490371,1.5105193227815261,-1.0713118608075973,-2.2088672131369584,0.642011787388882,-2.468124205543161,1.155916151234132,-1.3992401944234598,1.1381967784798286,1.2613242230765334,3.5327285242271467,3.4101087946309265,-2.293621660385092,-4.132870724732305,0.2510691146946713,-0.874402302194958
3.2712758341873744,-4.530704815857598,1.0739516934882465,-0.3556334495534456,-4.74534461087274,3.3474935271314807,-4.691320665503927,-3.023429805442049,-4.301345887584105,-10.18940044148103,-5.582940171827513,-3.519244636886448,-5.283013916743115,-7.611217184131498,-5.014447120978831,-6.57238524440538,4.744601099073743,-8.448567502447965,6.998743089945519,-6.4304395772822724,8.122626929488046,1.39050463266538,-4.037266932961373,-2.5487099824177877,-1.5676973722418612,0.7739454209945166,0.22984008402283945,-2.66354573490371,6.196864581938685,-2.774942998334587,1.7040700052018174,4.809724255013299,-1.654619793593494,5.645357748102014,-3.8301292105355276,3.2401466408299027,-2.3189957227955236,-2.8087067018908467,-8.123087783781175,-7.761066493863148,5.336201755761918,9.203691546565482,-0.15369346774192125,2.1615735410817285
-0.7819051505381951,2.4553212127479678,-0.5179068437692732,0.5014993430221888,1.2925755856643224,-1.2637905194923889,2.2822584597916866,0.40320589863698414,1.4719148639759811,4.60995233835584,3.0030033403369014,1.0515130812726863,1.9674734268751142,2.85080773571807,2.860875341415868,4.195084264887505,-2.646150332230437,3.84726704622611,-2.2083209767508882,3.374270349806107,-4.54600662637884,-0.7101385375115951,1.1798480330460863,0.36880610435654687,0.5255581715110149,-0.014628658598580358,0.3270327797176208,1.5105193227815261,-2.774942998334587,2.3911165288526384,-1.9842830445960733,-2.648383303233697,0.5313658141925156,-2.7779090732320846,-0.0422072131179115,-1.5150304540011577,1.5288998473870157,1.4508948111868014,3.84328144561231,3.7889346197998695,-2.478901006091924,-4.692443453897172,0.7533285507444599,-0.7294424112313335
0.14528221453495893,-1.7031917208998337,0.34990776338931245,-0.5081955653199707,-0.477753654311121,0.7421885186791556,-1.496569933985282,0.14816891746727323,-0.7522019933697193,-2.8862811935418176,-2.095754963593389,-0.41364773194740473,-1.0529240392565449,-1.5550564131609663,-2.0439450715886025,-3.1632251799407447,1.789434288505018,-2.4166934879365125,0.9944246802896538,-2.3606896333238194,3.2363187113535776,0.4641318727986512,-0.406280978277214,0.12206709339316459,-0.20939672112156335,-0.16044837383739702,-0.38473694521962176,-1.0713118608075973,1.7040700052018174,-1.9842830445960733,1.818227590761662,1.842053260943784,-0.2511246133450698,1.8610442007504573,0.8734747416934544,0.9054793531455712,-1.0883533203911135,-0.9806169600929442,-2.4459662441867134,-2.4968523515879917,1.558137021582516,3.138768321988445,-0.7676128988886887,0.32730744630277775
2.1959968868752573,-3.676951560827182,0.8109248095336612,-0.47804381181217775,-3.3151110816334466,2.3874436539873685,-3.745950590147587,-1.8996314989141505,-3.133061788291001,-7.904310123869735,-4.558065605605879,-2.5098282984950715,-3.841497858723207,-5.684258222449257,-4.2157340470593505,-5.688642977527353,3.919786189509821,-6.588019057891667,5.020779490413195,-5.1683984517170725,6.695879084528461,1.0720152633756124,-2.868021482288872,-1.6735638318164494,-1.1508371075153208,0.41680126550785984,-0.02461719957604286,-2.2088672131369584,4.809724255013299,-2.648383303233697,1.842053260943784,3.984206498210924,-1.1643264898352634,4.468264832518419,-2.198986608339098,2.5049767158460616,-2.0467902173983483,-2.2711199593621294,-6.386321184889023,-6.153539108979553,4.149173685494077,7.46858702891036,-0.4175698677982659,1.5527196563762145
-1.0447337140739925,1.1634389044037565,-0.3250164499038533,-0.0023266344100598382,1.4597228437479846,-1.0695439120051204,1.1989592926311037,1.0341101410492592,1.2580292409155416,2.7668565710312927,1.3976081859685259,1.0335182848496085,1.5746687595594135,2.137774981692205,1.1808604540181626,1.502067677578793,-1.1406427128820684,2.2431090990867437,-2.068013684045771,1.7116690095245854,-2.0330765678279525,-0.3918722707539763,1.1728589913436365,0.8007587616484965,0.4288665548318829,-0.29685325789343386,-0.16308501677615111,0.642011787388882,-1.654619793593494,0.5313658141925156,-0.2511246133450698,-1.1643264898352634,0.517988746565171,-1.5189308138896789,1.3391256893983592,-0.8694893672890917,0.47970065318497657,0.7096586215423815,2.149930181475697,2.043295426732955,-1.4522703780759416,-2.2883688053909186,-0.08134844055333516,-0.6189989248920826
2.8854933366214324,-4.267827601289725,1.0519509027139136,-0.38552950957203397,-4.237620833017943,3.1926837796650163,-4.291881067712534,-2.63415683955282,-3.8775523115330994,-9.407729486500015,-5.20046663622922,-3.0936839853761797,-4.840030721067712,-6.846529765311586,-4.668057693391416,-6.267075322707759,4.368237963877298,-7.707340946570104,6.232970744732164,-6.1464200790818815,7.680075152048718,1.3179284050638629,-3.4919885962582495,-2.1375715881631803,-1.3424456279649541,0.6506340605380327,0.1546148520905092,-2.468124205543161,5.645357748102014,-2.7779090732320846,1.8610442007504573,4.468264832518419,-1.5189308138896789,5.326087018044091,-3.068985718295416,2.9508284378351486,-2.134391360713427,-2.5990780479550004,-7.487122297078556,-7.206137030033129,4.953914873005247,8.447836375281295,-0.3016367403883315,1.8741977510391932
-3.1368290217073773,2.1484006613831026,-0.6157154884043169,-0.4044802318128888,4.137767485630188,-2.415302670198468,2.57352256890873,3.3095260314863335,3.2963594829633927,6.199943919269056,2.6360538633424055,2.9717308066625083,3.902972817156752,5.472937405063355,2.1010900036371374,2.0765425759532157,-2.2046531711169224,5.086123413637949,-5.677231660195103,3.1532943783535883,-3.5785348233415486,-0.7737993977657185,3.494860314562673,2.7353910837287474,1.2696733528565516,-1.0403104371869683,-0.8057214670616432,1.155916151234132,-3.8301292105355276,-0.0422072131179115,0.8734747416934544,-2.198986608339098,1.3391256893983592,-3.068985718295416,5.144849972662705,-1.9961012686246964,0.7388770709695867,1.4291276779531474,4.717828409589015,4.2751639833430835,-3.183453478849291,-4.7451941556208,-0.952627240439406,-1.7332333712086982
1.7765890024181439,-2.4395618073696417,0.5954603175815872,-0.08153533875303755,-2.38593180359916,1.7960203986332168,-2.434065269351085,-1.5445629845546494,-2.1692839331181433,-5.33155943427461,-2.913466269087885,-1.7954213382896276,-2.831690972034715,-3.8679762111244034,-2.5751320420466493,-3.4268878546090566,2.59544678285125,-4.388702303142836,3.5682564582476997,-3.3759802099469054,4.272677673461281,0.8029517849389759,-2.12010889766885,-1.2644345327722804,-0.8467765455311023,0.4622851308757692,0.10032844194929086,-1.3992401944234598,3.2401466408299027,-1.5150304540011577,0.9054793531455712,2.5049767158460616,-0.8694893672890917,2.9508284378351486,-1.9961012686246964,1.8215373086286082,-1.2966702297043091,-1.472692869492252,-4.284847565494215,-4.066641346629947,2.858866564520535,4.7681485017455225,-0.11994347507170801,1.154157536787462
-0.9267729235151134,1.890517994763911,-0.36065367561631423,0.2750676571447007,1.3427859099641843,-0.9673394987305508,1.8882644188343498,0.6567769424545516,1.3322904281307906,3.763303070531406,2.3019634720170954,1.0809999140395734,1.7159062201888975,2.569013429858176,2.1828654123490026,3.0165769983504007,-2.1320426807071198,3.175726408502383,-2.166543487849129,2.508992808966815,-3.3981452144123825,-0.5310013467491526,1.3120503842687172,0.664327789528091,0.5851588556309518,-0.13956784137054382,0.1464061566450428,1.1381967784798286,-2.3189957227955236,1.5288998473870157,-1.0883533203911135,-2.0467902173983483,0.47970065318497657,-2.134391360713427,0.7388770709695867,-1.2966702297043091,1.228789654870554,1.1478642650592867,3.1299551134511465,3.0233379228821113,-2.0313871279923923,-3.8038503781616075,0.3551114907280582,-0.7136794233816095
-1.3547379946394102,2.135638830213448,-0.4840653786549824,0.24000535957585697,2.017746201864674,-1.4585344623265306,2.1837142834287753,1.2070645358237033,1.8729706326556235,4.624908095551198,2.6274027730521725,1.5040002286779819,2.313709489309813,3.371486384287197,2.395910727026063,3.210632536228023,-2.2477633717867636,3.8480947679193824,-3.0275328762997784,3.003148730988682,-3.847458897330632,-0.6316934429176569,1.728786381445314,1.0387316220860654,0.688199638782367,-0.28257279315000045,-0.02040926800634073,1.2613242230765334,-2.8087067018908467,1.4508948111868014,-0.9806169600929442,-2.2711199593621294,0.7096586215423815,-2.5990780479550004,1.4291276779531474,-1.472692869492252,1.1478642650592867,1.3125366655030886,3.7161892268223387,3.584274486882653,-2.435051428601418,-4.307140430632025,0.18617595132750517,-0.9323387936123494
-4.210235990684023,6.046494396315286,-1.4394703400026125,0.4966643577227899,6.089547509794161,-4.406148908435423,6.173206015112198,3.8202331315350886,5.555576692518909,13.406016792676503,7.401687405104229,4.516247519817454,6.902856389913335,9.866487556980573,6.662502432557162,8.832964151300525,-6.325109744016604,11.072764488575217,-9.011861734307017,8.577625052132108,-10.837252374170061,-1.8605494840136028,5.177805933773457,3.1974631460561493,2.0225028819523523,-0.9762661316799525,-0.2358860610353753,3.5327285242271467,-8.123087783781175,3.84328144561231,-2.4459662441867134,-6.386321184889023,2.149930181475697,-7.487122297078556,4.717828409589015,-4.284847565494215,3.1299551134511465,3.7161892268223387,10.712705640031592,10.255381056894707,-7.0560098239923335,-12.145657300120078,0.3319407986053964,-2.7764445756902214
-3.9242592411052772,5.856792929199596,-1.3801042390062699,0.5666243992956561,5.787051021399907,-4.22125517936291,5.978625369949429,3.576349925593602,5.293695886563364,12.838475257583093,7.16653007886522,4.256557465873802,6.5679645953946695,9.430676367327736,6.458355558717131,8.614052107481974,-6.076739807160137,10.619941618201171,-8.577851472946765,8.308692079868301,-10.498247424152169,-1.763689075331772,4.87217323343719,2.997732279761126,1.9096980216545967,-0.8742835023483991,-0.16706921251192117,3.4101087946309265,-7.761066493863148,3.7889346197998695,-2.4968523515879917,-6.153539108979553,2.043295426732955,-7.206137030033129,4.2751639833430835,-4.066641346629947,3.0233379228821113,3.584274486882653,10.255381056894707,9.88308522951509,-6.762404090153857,-11.729268222177764,0.3879209642052886,-2.6135296227514857
2.8540835133182147,-4.0092269553327435,0.9829080968276381,-0.26606707858606543,-4.060601401759089,3.0126696578922454,-4.049908613486172,-2.594197586711294,-3.6709959407797097,-8.853166430791141,-4.842649765296032,-2.97811202325743,-4.64085246892796,-6.496614206546526,-4.3099531801407585,-5.731840112487967,4.1485522862373,-7.266224081468532,5.979856364580145,-5.692585818071713,7.1171905671086,1.257661172764746,-3.4287372071182483,-2.1213257898234614,-1.3371778471869475,0.6902994453514327,0.18105360426374825,-2.293621660385092,5.336201755761918,-2.478901006091924,1.558137021582516,4.149173685494077,-1.4522703780759416,4.953914873005247,-3.183453478849291,2.858866564520535,-2.0313871279923923,-2.435051428601418,-7.0560098239923335,-6.762404090153857,4.693945933403766,7.921600286737936,-0.1962952782075061,1.8322684812161187
4.387742561148993,-6.954415725043744,1.5165408004212693,-0.8650817319496283,-6.6402279633862245,4.613334890635102,-7.2192086684909205,-3.944366826131464,-6.144056900473543,-15.097672548442503,-8.614954858460436,-4.958939551699867,-7.469603484734338,-11.115282961330156,-7.913894286932452,-10.533304706816692,7.372067811886112,-12.629194294654376,9.967342672518697,-9.743655456235569,12.55800724924065,1.9887499537420283,-5.718619622405146,-3.496979039305357,-2.293692673459269,0.8789560801869803,0.048001679007046105,-4.132870724732305,9.203691546565482,-4.692443453897172,3.138768321988445,7.46858702891036,-2.2883688053909186,8.447836375281295,-4.7451941556208,4.7681485017455225,-3.8038503781616075,-4.307140430632025,-12.145657300120078,-11.729268222177764,7.921600286737936,14.235934918832157,-0.5744786163811937,3.0494660544496197
0.3191570288682425,0.3734310211433927,-0.05119417844229598,0.21239152111900506,-0.3715001268784241,0.05245597686638613,0.22616555635638041,-0.486704553414589,-0.16465101055624912,0.29219075450259774,0.4372838148880649,-0.2255924120705307,-0.1039460358866743,-0.1427113488125344,0.4935513860964155,0.9160933451573622,-0.43247729871376117,0.24396360791728056,0.37718799016694554,0.4718842184257909,-0.7538689781779949,-0.08642257996954202,-0.27501983592560864,-0.393518588190118,-0.06607578203485263,0.17921707210873106,0.249811705652499,0.2510691146946713,-0.15369346774192125,0.7533285507444599,-0.7676128988886887,-0.4175698677982659,-0.08134844055333516,-0.3016367403883315,-0.952627240439406,-0.11994347507170801,0.3551114907280582,0.18617595132750517,0.3319407986053964,0.3879209642052886,-0.1962952782075061,-0.5744786163811937,0.4156624501049977,0.09845006081365723
1.2989786956500347,-1.4871105530958195,0.36902584900014607,-0.012051920285780898,-1.7912052924290984,1.2214154843954652,-1.5830223411893618,-1.2424283984208142,-1.576367391518473,-3.5107150107016767,-1.8354812710302062,-1.3329583847559834,-1.9477971108569712,-2.7391035544883255,-1.5849625846935067,-1.9860838026301069,1.5656203125765424,-2.9338957378598716,2.6156510053705104,-2.0828301641084135,2.6037653561246183,0.4904182102561579,-1.5563223296521649,-1.0304381444288042,-0.5954914085932272,0.36684791630190383,0.16869316007954438,-0.874402302194958,2.1615735410817285,-0.7294424112313335,0.32730744630277775,1.5527196563762145,-0.6189989248920826,1.8741977510391932,-1.7332333712086982,1.154157536787462,-0.7136794233816095,-0.9323387936123494,-2.7764445756902214,-2.6135296227514857,1.8322684812161187,3.0494660544496197,0.09845006081365723,0.8464052540051149
