V1,V2,V3,V4,V5,V6,V7,V8,V9,V10,V11,V12,V13,V14,V15,V16,V17,V18,V19,V20,V21,V22,V23,V24,V25,V26,V27,V28,V29,V30,V31,V32,V33,V34,V35,V36,V37,V38,V39,V40,V41,V42,V43,V44
5.090648993810222,-0.3227551767543857,0.24818287421771953,1.6728632310665708,3.55945558636162,-1.3107754281072341,1.896242551310326,-5.999878150792562,-2.674195053230049,2.2668161129136393,-2.1549035862431385,-2.4809098070035285,-0.9802396521543292,4.240504253644448,0.33763027343295954,4.671566758800905,-0.435801370884385,-1.2155079696246152,0.057766426351410924,-2.5249653943267556,2.593887135735869,-0.901848882108024,2.9042817220361345,-0.3714801574265528,-2.9651358815583495,1.1836936531365239,-0.05596472189817642,2.4016654496375476,-2.6239893182539187,-2.1237650819731333,-3.538131392997466,1.3893605622612373,-2.092445623737375,0.3593643140598232,3.0397498556980693,1.5381207359300337,-2.2982021354128985,0.8351956631671594,0.22615542361956303,2.743571098962008,1.3811620646846863,-1.3132102990268328,0.7131147059090541,-4.209472575807975
-0.3227551767543857,0.9754330839964677,1.4094874233832084,-1.4145852709518898,-1.2690301168201166,0.26611300022523815,-1.4020725601873223,2.178151575630836,2.242911181621332,-1.581351028976557,-0.4916623249411092,1.4352952256926046,0.06039248282222712,-1.22027832098823,-2.246303560507153,-2.891902370479803,-0.19411125346075206,-1.2077415915598122,0.2094915138121928,1.271339693959329,0.06976905797484675,0.7527263072498303,-1.9076552460717047,-0.1336778833096591,1.2983282959969893,-0.9281605361439237,1.0484460097248005,-0.29037211704540183,-0.6077683119875376,1.6923775040781817,1.8544474869746361,0.1813019405979363,2.2066354235409236,0.41263973450489594,-1.1378977625377382,-0.3632642426031873,1.418412617108927,-0.10685618818629344,0.6124480910227987,-1.125763334684516,-1.2220105714522151,1.4885524610644354,-0.7438470954775169,1.0541855876595692
0.24818287421771953,1.4094874233832084,2.3176459814081345,-1.9138850716333629,-1.660009832493382,-0.0037387218888829767,-1.8795336644202203,2.69084179172205,3.067876386774672,-2.3019000135215757,-0.9453430366212922,1.8843222372180755,-0.11827938038925745,-1.4291709853120396,-3.363686447828522,-3.9944345645994197,-0.21854787553356506,-2.0884729527768564,0.4085175527423544,1.622581235497443,0.3081010138340555,0.9756114078132686,-2.5654241574940997,-0.2219784742585555,1.6865222619854783,-1.229728942492373,1.6734749271630045,-0.24322058774743321,-1.1154907171839819,2.3628987422632974,2.3742176682402802,0.3890016473128804,3.3244878110024434,0.6013554170267196,-1.35947294240469,-0.3830231786505923,1.8531288526122651,-0.19941600708196874,0.9073185133956057,-1.377692069589048,-1.8162686948103866,2.0747189067577367,-1.1020562227852013,1.3737289341085699
1.6728632310665708,-1.4145852709518898,-1.9138850716333629,2.5941799464789375,2.7103603853826015,-0.6269097430314441,2.5116633753483413,-4.317940074260225,-3.777044409902676,2.7798103223031827,0.22495547052232998,-2.597515460010778,-0.4144311954180422,2.7678796026481383,3.3726376458462917,5.189327191582693,0.14354744601627759,1.4309274679021267,-0.04660762101178809,-2.460849940978145,0.5336470021992978,-1.3355128879662608,3.2182538813775476,0.18591014114557922,-2.543531540737037,1.581815281358615,-1.4831521967899224,1.0073764993013323,0.30759992616472853,-2.8940663547774945,-3.5318886753723415,0.14320965206085512,-3.6093854057708183,-0.5318469804280681,2.3320119502367063,0.8322952909698611,-2.4427801017217163,0.4778153448229041,-0.7489230510977752,2.2850333342020615,2.057794138205029,-2.3129884283936764,1.1894333656197782,-2.4795292252139407
3.55945558636162,-1.2690301168201166,-1.660009832493382,2.7103603853826015,4.103556489756361,-0.7791439642531219,2.8465845669485583,-6.614917051860637,-4.285161212497888,3.596717848038038,-0.9772675213589396,-3.263077972430119,-0.5917237397028213,4.359669981073659,2.781119204052453,6.637439164100383,-0.31269324121980413,0.7059663855107559,-0.289093829164232,-3.1311421525566563,1.8340563837371906,-1.377515110314785,4.119720335473985,-0.12464518032564284,-3.559369432465914,1.7789597620214466,-1.368070828165805,2.098161474242213,-1.231407236789842,-3.4180119633401262,-4.455432336508036,0.8027840327169571,-4.23822650672728,-0.12031854867560494,3.326594138883803,1.4646371567943957,-3.0928905421434503,0.8994956384455784,-0.4330162127320911,3.089961821443953,2.533641891331257,-2.536128084116287,1.4026056409039793,-4.4458957605203295
-1.3107754281072341,0.26611300022523815,-0.0037387218888829767,-0.6269097430314441,-0.7791439642531219,0.7732344746186757,-0.7147785220841708,1.6257786773375575,1.0650296274572166,-0.4935522989614891,0.1710983368894656,0.7336645621656858,0.38154976627286225,-0.9648036573711533,-0.5637929545277776,-1.2981896371697075,-0.1674153592708327,0.12912734420265407,-0.11043816035401832,0.7774938679930181,-0.40878212843724626,0.5299063935569653,-1.0282774772563406,0.024761405015664845,0.7815546529616383,-0.5062743880997358,0.08519797691389781,-0.4249856855689708,0.23901861526009383,0.658252066461811,1.1419659760552885,-0.19922883101315306,0.4791705420702197,0.08247502423623844,-0.9002734634787402,-0.37738371676650045,0.8489756436442829,0.16779391085627005,0.10095956208031688,-0.7935684271686003,-0.3287017251257909,0.7539321027546575,-0.2209865227839373,0.5895772518646579
1.896242551310326,-1.4020725601873223,-1.8795336644202203,2.5116633753483413,2.8465845669485583,-0.7147785220841708,2.6009502401708273,-4.702350858911961,-3.8483932694067224,2.8235408785551765,0.21119925261091152,-2.6549292610548245,-0.41380501448542645,2.9156875143241554,3.3282220876313224,5.313944303410185,0.13411009608547528,1.3787478035146428,-0.1421847343242903,-2.519516249037441,0.7349841085648109,-1.4410573838527538,3.4338114192175957,0.14602318781427667,-2.660021834586465,1.57560137466407,-1.4569836750327363,1.0829313520387738,0.1611420418245542,-2.9135412616771683,-3.673631832747664,0.25872428626068705,-3.638949214255516,-0.5088960965764739,2.467981796796611,0.9299485660646487,-2.5719265134411153,0.3000317303332004,-0.6796591087714562,2.3598225651667533,2.0789086580414238,-2.5215216046681563,1.2244891243702818,-2.6059982983536645
-5.999878150792562,2.178151575630836,2.69084179172205,-4.317940074260225,-6.614917051860637,1.6257786773375575,-4.702350858911961,11.258319461194096,7.213677957644268,-5.804554344095639,1.5440498248043477,5.4779457855668925,0.9772826949629886,-7.042396584396677,-4.533098568112873,-10.920770374113342,0.3456512028771539,-1.1249646908896216,0.6520410555502368,5.120884734118817,-2.9426585097129045,2.3418403738521145,-7.081284258997793,0.31141050645901486,5.83462731611466,-3.066294497404972,2.2057215892417315,-3.3175121886116923,1.984948537813424,5.6172945527522575,7.3878232852118595,-1.1997827310176865,6.844864632562374,0.22009772734856806,-5.505644529060664,-2.5328386740568103,5.312397404089297,-1.1225536509833773,0.8213180835883852,-5.125387454783922,-4.093201468415914,4.427529579008661,-2.372628361458435,7.049886589501313
-2.674195053230049,2.242911181621332,3.067876386774672,-3.777044409902676,-4.285161212497888,1.0650296274572166,-3.8483932694067224,7.213677957644268,6.127825266253004,-4.433990935454366,-0.3244963879747299,4.093914009275255,0.5262730916588454,-4.435973219444828,-5.235207368987764,-8.359653484026255,-0.2782479953619802,-2.3489886616606253,0.4230663866659112,3.870913532554904,-0.9262074852074806,2.093324039448334,-5.401957807550951,-0.17851077784489594,4.129708031122494,-2.5374769910458923,2.410111906518667,-1.6550506578593431,-0.28623775499838183,4.588099936842742,5.508376565920919,-0.1938841079820924,5.804590652812169,0.7290845478140204,-3.8006726784313085,-1.3409857565736425,4.0869405203353,-0.5537669666118414,1.2444754422272424,-3.5856336801051314,-3.2777528479286335,3.905277677198962,-1.9414908344197634,4.065675612099948
2.2668161129136393,-1.581351028976557,-2.3019000135215757,2.7798103223031827,3.596717848038038,-0.4935522989614891,2.8235408785551765,-5.804554344095639,-4.433990935454366,3.6274402881639105,-0.24785572925694396,-3.174649783554011,-0.3163310913376211,3.703827665070822,3.5368499196771666,6.547274178344649,-0.10669963440721868,1.5180323563592641,-0.43395783807071814,-2.935999093777442,1.052673654184879,-1.3574871138766367,4.066700202287888,0.027129814851392573,-3.257596329090274,1.820783345190372,-1.78031434177687,1.559815283225438,-0.29836919552544544,-3.5280045970222838,-4.163520861909335,0.3264181831285194,-4.569790758661246,-0.36672659215088027,2.922243170079404,1.1725733689302784,-3.0160463526269803,0.7875978120334775,-0.7974270067683037,2.7855866953682815,2.6464630743258866,-2.7004349881614087,1.4955002442220244,-3.772723359176491
-2.1549035862431385,-0.4916623249411092,-0.9453430366212922,0.22495547052232998,-0.9772675213589396,0.1710983368894656,0.21119925261091152,1.5440498248043477,-0.3244963879747299,-0.24785572925694396,1.808226617040295,0.3032711529644577,0.2744603349252151,-1.2480469137046661,1.6597079611601284,-0.3850806044489436,0.5853325992112235,1.5419278733608113,0.0795439641072124,0.2490715098263728,-1.2968136393837855,-0.4411470163178881,-0.10260038824440423,0.43640691470582377,0.5408067824620321,0.04066579301887154,-0.6243438961121374,-1.0990638356748483,1.960809703388328,-0.020218100611689035,0.3151826660846104,-0.6471676551754316,-0.29111864369980156,-0.5791273847081971,-0.6004138400079089,-0.6022254566912295,0.1300253920776715,-0.7148103956166199,-0.4927343501308799,-0.5187767659643874,-0.01806059336255336,-0.6524954982244036,0.08256942654496177,1.7351087122933455
-2.4809098070035285,1.4352952256926046,1.8843222372180755,-2.597515460010778,-3.263077972430119,0.7336645621656858,-2.6549292610548245,5.4779457855668925,4.093914009275255,-3.174649783554011,0.3032711529644577,3.020800270967636,0.43253700867145156,-3.4291142058332533,-3.1264064932820443,-5.929947561128599,-0.014376036535810491,-1.1595052716518406,0.2899507465844485,2.7478503543025994,-1.021254319418682,1.3042920957165003,-3.7469409762894172,-0.011229134288267884,2.9961377228572856,-1.731687604341612,1.4657311197444032,-1.4193941871496731,0.3471347387805538,3.192359111561941,3.9528849763009677,-0.3538917263476673,3.9604494693664947,0.3758767708865371,-2.7415821092931276,-1.1619108504877107,2.8154752255844753,-0.6205782535386085,0.7261153663853898,-2.68366964111808,-2.2828894627830634,2.4573355238761168,-1.3385289089967627,3.330191503165962
-0.9802396521543292,0.06039248282222712,-0.11827938038925745,-0.4144311954180422,-0.5917237397028213,0.38154976627286225,-0.41380501448542645,0.9772826949629886,0.5262730916588454,-0.3163310913376211,0.2744603349252151,0.43253700867145156,0.29137943653066745,-0.7436508167209439,-0.19309206646790436,-0.7847300790238667,-0.0038273682587283324,0.21477707429555526,-0.18514764658928065,0.5138396766082631,-0.3990936836195968,0.28388240805845416,-0.4868111489026498,-0.003383223056370495,0.5181702969701395,-0.25445985823895445,-0.02007276197711579,-0.37889643370554404,0.31353818542459017,0.357623256680632,0.7154250336438868,-0.25633382651982367,0.25382973771944206,0.003062347665873229,-0.5894445903438399,-0.24518888609269138,0.4238789914015429,-0.05596819133484482,-0.04049439942831,-0.5180811214375853,-0.18884351542990502,0.28672063228163885,-0.0981209520004628,0.5566440795648198
4.240504253644448,-1.22027832098823,-1.4291709853120396,2.7678796026481383,4.359669981073659,-0.9648036573711533,2.9156875143241554,-7.042396584396677,-4.435973219444828,3.703827665070822,-1.2480469137046661,-3.4291142058332533,-0.7436508167209439,4.980481770322518,2.6652431306228688,7.074409406579313,-0.28252588161032743,0.49889147852085713,-0.2166688098353331,-3.4278877857312486,2.1443151544098122,-1.4826121729754815,4.275390633112635,-0.08038269286086772,-3.8935912904758836,1.7912087956546587,-1.2798534299172535,2.3851860746636744,-1.579623144964544,-3.5435400257452128,-4.714607702547499,1.1012582962233488,-4.326394270502336,-0.06666898279247138,3.6972468297358656,1.5196712748808427,-3.2597321550599716,1.020634534635404,-0.42855768665101596,3.3422999769126744,2.533138017868263,-2.5409561170555546,1.353727956689583,-4.9392429176828765
0.33763027343295954,-2.246303560507153,-3.363686447828522,3.3726376458462917,2.781119204052453,-0.5637929545277776,3.3282220876313224,-4.533098568112873,-5.235207368987764,3.5368499196771666,1.6597079611601284,-3.1264064932820443,-0.19309206646790436,2.6652431306228688,5.694554058486067,6.5620412022354735,0.5905597813025084,3.200716203272895,-0.22675905167237823,-2.987741493070904,-0.3576011844279537,-1.9982990587518856,4.265270353146297,0.5363675302266385,-2.9451871819675692,2.106609556561736,-2.549612156821642,0.48991649007692645,1.8977562610879493,-3.8294799702443556,-4.278012484845429,-0.3969729316854809,-5.081237873225035,-1.0982849520496931,2.613433624147716,0.6067206321739171,-3.202538013284096,0.025786595426965316,-1.4039293311374748,2.484787483674228,2.7683193430590793,-3.6283852694617056,1.6805870979533146,-2.0309130156137467
4.671566758800905,-2.891902370479803,-3.9944345645994197,5.189327191582693,6.637439164100383,-1.2981896371697075,5.313944303410185,-10.920770374113342,-8.359653484026255,6.547274178344649,-0.3850806044489436,-5.929947561128599,-0.7847300790238667,7.074409406579313,6.5620412022354735,12.241551951567947,0.03692465577781592,2.708090294988086,-0.6424728417874231,-5.605581856172478,2.0833239082750263,-2.7509078568164216,7.603087777182299,0.11372962442753205,-6.168264930693551,3.4089357671346243,-3.1442680074036993,2.926938823652213,-0.6343279057881809,-6.504708455780977,-7.870790561707108,0.7999917352482243,-8.29907118939433,-0.6993207850905305,5.612829658225073,2.1532783865193443,-5.685256771618882,1.299967623432765,-1.5032836209047324,5.338974260193335,4.712835154855353,-5.1053779386487435,2.6841028842389183,-6.899343134039245
-0.435801370884385,-0.19411125346075206,-0.21854787553356506,0.14354744601627759,-0.31269324121980413,-0.1674153592708327,0.13411009608547528,0.3456512028771539,-0.2782479953619802,-0.10669963440721868,0.5853325992112235,-0.014376036535810491,-0.0038273682587283324,-0.28252588161032743,0.5905597813025084,0.03692465577781592,0.3419133637003944,0.4428623183242803,0.06710494889694994,-0.0343653710240444,-0.39624494218079026,-0.21898812727927455,0.064196460719645,0.16029800020514634,0.07956572622615464,0.08359361673221198,-0.1464975802869962,-0.31738267820684596,0.5774938968722729,-0.07557896817283462,-0.018747695894838053,-0.1653826552100193,-0.07006954568843267,-0.20791106316135335,-0.08816629652631944,-0.18734779735606558,-0.06060419975883717,-0.24836386165796245,-0.24258767616746907,-0.012217558034093435,-0.06409113077276427,-0.2688075619139209,0.0037610465052035527,0.5573005402022909
-1.2155079696246152,-1.2077415915598122,-2.0884729527768564,1.4309274679021267,0.7059663855107559,0.12912734420265407,1.3787478035146428,-1.1249646908896216,-2.3489886616606253,1.5180323563592641,1.5419278733608113,-1.1595052716518406,0.21477707429555526,0.49889147852085713,3.200716203272895,2.708090294988086,0.4428623183242803,2.317722513662168,-0.22618084975133923,-1.0846644107585308,-0.8351197047200056,-0.9109281866146769,1.7395457544526363,0.4014405843289344,-0.9818691200129835,0.905015581678259,-1.5323274238981215,-0.3421874151220014,1.7426910614508015,-1.6605898323422934,-1.497287437261523,-0.5554983535473791,-2.5537406102095983,-0.673532702759205,0.7344847647226876,-0.07485869297868639,-1.2509943672728272,-0.17769532276247355,-0.8968065853201225,0.7057269472825297,1.2769434235606965,-1.7526570090264455,0.8239834817279136,-0.2015142456383682
0.057766426351410924,0.2094915138121928,0.4085175527423544,-0.04660762101178809,-0.289093829164232,-0.11043816035401832,-0.1421847343242903,0.6520410555502368,0.4230663866659112,-0.43395783807071814,0.0795439641072124,0.2899507465844485,-0.18514764658928065,-0.2166688098353331,-0.22675905167237823,-0.6424728417874231,0.06710494889694994,-0.22618084975133923,0.41715629801293697,0.11364604355005738,-0.05994388219243604,-0.042363690317941544,-0.5170365547929957,0.13688496405594902,0.27603717711740844,-0.13285942110970683,0.2578877780933186,-0.12911004529370976,0.14966339113304686,0.38590715412537985,0.2251270042479855,0.10238501670071559,0.6210745333036478,-0.025765546289464644,-0.16294026438984566,-0.13238784921912064,0.3378168654916941,-0.113265753125799,0.14394513024548108,-0.15951229158340435,-0.3303458610740906,0.2870658095678704,-0.20700772323955682,0.47713424353853945
-2.5249653943267556,1.271339693959329,1.622581235497443,-2.460849940978145,-3.1311421525566563,0.7774938679930181,-2.519516249037441,5.120884734118817,3.870913532554904,-2.935999093777442,0.2490715098263728,2.7478503543025994,0.5138396766082631,-3.4278877857312486,-2.987741493070904,-5.605581856172478,-0.0343653710240444,-1.0846644107585308,0.11364604355005738,2.717953159622642,-1.0737162931398014,1.3682667324956863,-3.493839598350209,-0.10112355480471547,2.9114358921782655,-1.6102186696856702,1.3553782110963737,-1.4261242425676304,0.33411291673016497,2.94571262716446,3.7774281081874292,-0.4743986236123919,3.6493922338276135,0.3336632402024923,-2.755017380707358,-1.0177325453360402,2.6654312691142645,-0.5154639181839398,0.6121818393873872,-2.5334620039834963,-2.1027258257078643,2.376069577848451,-1.1974883070115687,3.1744708589474384
2.593887135735869,0.06976905797484675,0.3081010138340555,0.5336470021992978,1.8340563837371906,-0.40878212843724626,0.7349841085648109,-2.9426585097129045,-0.9262074852074806,1.052673654184879,-1.2968136393837855,-1.021254319418682,-0.3990936836195968,2.1443151544098122,-0.3576011844279537,2.0833239082750263,-0.39624494218079026,-0.8351197047200056,-0.05994388219243604,-1.0737162931398014,1.644094147862642,-0.30168531646675856,1.198265384766849,-0.2675741722249914,-1.4163689420170604,0.33412581777964034,0.148849283049007,1.3518118544876172,-1.7689832453827055,-0.8303573097717268,-1.4933204482562505,0.9212859936456932,-0.9108759470746101,0.37330010605454417,1.3879953107361862,0.768762654627694,-0.8822160220963565,0.5566275466813364,0.3312524980717974,1.2575012899116587,0.5847786474140053,-0.39475683976408943,0.25574614263183765,-2.3782739531390584
-0.901848882108024,0.7527263072498303,0.9756114078132686,-1.3355128879662608,-1.377515110314785,0.5299063935569653,-1.4410573838527538,2.3418403738521145,2.093324039448334,-1.3574871138766367,-0.4411470163178881,1.3042920957165003,0.28388240805845416,-1.4826121729754815,-1.9982990587518856,-2.7509078568164216,-0.21898812727927455,-0.9109281866146769,-0.042363690317941544,1.3682667324956863,-0.30168531646675856,1.0061112156918754,-1.8424826753104335,-0.1813131511898754,1.3894095514770277,-0.8277045566381381,0.7959017286414964,-0.43422275998550575,-0.36957614965283336,1.4748715430026644,1.971198679142398,-0.17461654847074518,1.8395494340469318,0.3556434100044431,-1.3500926167698586,-0.4009006642082298,1.3933841157923295,0.1286881249467553,0.3706392842279951,-1.1983789033988175,-1.0140436205276884,1.547218128070115,-0.6168209300216366,1.0551745006470024
2.9042817220361345,-1.9076552460717047,-2.5654241574940997,3.2182538813775476,4.119720335473985,-1.0282774772563406,3.4338114192175957,-7.081284258997793,-5.401957807550951,4.066700202287888,-0.10260038824440423,-3.7469409762894172,-0.4868111489026498,4.275390633112635,4.265270353146297,7.603087777182299,0.064196460719645,1.7395457544526363,-0.5170365547929957,-3.493839598350209,1.198265384766849,-1.8424826753104335,5.055583687324365,0.008520435425571704,-3.8471061869494365,2.2531932597654296,-2.0272894893478184,1.7259583997910788,-0.20584371308620936,-4.106010027498096,-5.059391032603621,0.3397558656792956,-5.1348451290202215,-0.5151298459183704,3.5845807220394548,1.4423833279045601,-3.7929575253736223,0.44524127377289685,-0.9480841798371111,3.303559696635719,2.9897994717933765,-3.550472316257276,1.7691767527085207,-4.047528851787217
-0.3714801574265528,-0.1336778833096591,-0.2219784742585555,0.18591014114557922,-0.12464518032564284,0.024761405015664845,0.14602318781427667,0.31141050645901486,-0.17851077784489594,0.027129814851392573,0.43640691470582377,-0.011229134288267884,-0.003383223056370495,-0.08038269286086772,0.5363675302266385,0.11372962442753205,0.16029800020514634,0.4014405843289344,0.13688496405594902,-0.10112355480471547,-0.2675741722249914,-0.1813131511898754,0.008520435425571704,0.19355526664487455,0.004142763085986355,0.035832470245713,-0.1775283807600991,-0.1890051566380512,0.49269467625443136,-0.09293162048727299,-0.07501250879832197,-0.06360930726270138,-0.15885362408306208,-0.17347581831017125,-0.010026191168018589,-0.15990120687629286,-0.014318586911582292,-0.11227163736190929,-0.13220150273915715,-0.0202567699833798,0.04057159774245,-0.1872492263124665,0.01497035471322571,0.27807670456759953
-2.9651358815583495,1.2983282959969893,1.6865222619854783,-2.543531540737037,-3.559369432465914,0.7815546529616383,-2.660021834586465,5.83462731611466,4.129708031122494,-3.257596329090274,0.5408067824620321,2.9961377228572856,0.5181702969701395,-3.8935912904758836,-2.9451871819675692,-6.168264930693551,0.07956572622615464,-0.9818691200129835,0.27603717711740844,2.9114358921782655,-1.4163689420170604,1.3894095514770277,-3.8471061869494365,0.004142763085986355,3.273623868175686,-1.6684529251602065,1.389045730124492,-1.7437455455266548,0.7700291090098866,3.219922825542239,4.089087645112496,-0.6381669709412913,4.017983743917517,0.24861226702051584,-3.043349234813798,-1.1941699553092826,2.918381160903993,-0.7016515051051525,0.5725496674316498,-2.7947088241493634,-2.299666087969085,2.4989752377291268,-1.2915597631535791,3.8034818307163563
1.1836936531365239,-0.9281605361439237,-1.229728942492373,1.581815281358615,1.7789597620214466,-0.5062743880997358,1.57560137466407,-3.066294497404972,-2.5374769910458923,1.820783345190372,0.04066579301887154,-1.731687604341612,-0.25445985823895445,1.7912087956546587,2.106609556561736,3.4089357671346243,0.08359361673221198,0.905015581678259,-0.13285942110970683,-1.6102186696856702,0.33412581777964034,-0.8277045566381381,2.2531932597654296,0.035832470245713,-1.6684529251602065,1.1549652415938163,-0.9906154306257415,0.6627345203749666,0.1556405088879705,-1.8687679764145333,-2.3029843321951065,-0.007477716864820685,-2.3117866164905614,-0.2859774192948578,1.583072784007672,0.6241036088972667,-1.7293623191657184,0.18832197881056625,-0.5150833355388565,1.4796138850752976,1.3718903998873473,-1.5910915852294114,0.8465491157937425,-1.616235472862003
-0.05596472189817642,1.0484460097248005,1.6734749271630045,-1.4831521967899224,-1.368070828165805,0.08519797691389781,-1.4569836750327363,2.2057215892417315,2.410111906518667,-1.78031434177687,-0.6243438961121374,1.4657311197444032,-0.02007276197711579,-1.2798534299172535,-2.549612156821642,-3.1442680074036993,-0.1464975802869962,-1.5323274238981215,0.2578877780933186,1.3553782110963737,0.148849283049007,0.7959017286414964,-2.0272894893478184,-0.1775283807600991,1.389045730124492,-0.9906154306257415,1.2772687505020552,-0.27716078624478324,-0.7868335128003929,1.8157287117175742,1.913150775385777,0.2401947622471014,2.526919363470351,0.43192809620103095,-1.2058010860007586,-0.31622368280934515,1.503920842827262,-0.1252049703127212,0.6629767693443314,-1.1057528519486681,-1.4036709085047434,1.626019702323941,-0.8455853535067579,1.16251893283645
2.4016654496375476,-0.29037211704540183,-0.24322058774743321,1.0073764993013323,2.098161474242213,-0.4249856855689708,1.0829313520387738,-3.3175121886116923,-1.6550506578593431,1.559815283225438,-1.0990638356748483,-1.4193941871496731,-0.37889643370554404,2.3851860746636744,0.48991649007692645,2.926938823652213,-0.31738267820684596,-0.3421874151220014,-0.12911004529370976,-1.4261242425676304,1.3518118544876172,-0.43422275998550575,1.7259583997910788,-0.1890051566380512,-1.7437455455266548,0.6627345203749666,-0.27716078624478324,1.3832574309460033,-1.3830211274221114,-1.402213095833311,-1.954089185370282,0.6784879358203102,-1.612396128332362,0.20229948146343527,1.6639290679589238,0.7837921131041287,-1.3232033810218087,0.6757105712397893,0.03436762563360286,1.5101530265632535,1.0088812375833893,-0.8115675420687011,0.4842032196729886,-2.593343799137189
-2.6239893182539187,-0.6077683119875376,-1.1154907171839819,0.30759992616472853,-1.231407236789842,0.23901861526009383,0.1611420418245542,1.984948537813424,-0.28623775499838183,-0.29836919552544544,1.960809703388328,0.3471347387805538,0.31353818542459017,-1.579623144964544,1.8977562610879493,-0.6343279057881809,0.5774938968722729,1.7426910614508015,0.14966339113304686,0.33411291673016497,-1.7689832453827055,-0.36957614965283336,-0.20584371308620936,0.49269467625443136,0.7700291090098866,0.1556405088879705,-0.7868335128003929,-1.3830211274221114,2.517655230007991,0.009108841002384356,0.4125893774811274,-0.9731991302080871,-0.23013678965829767,-0.7235822025110684,-0.759912080548621,-0.65519259905245,0.15088510057945034,-0.8089641436693104,-0.6118750080031095,-0.7354781979442618,0.03818856542894212,-0.6185779276878777,0.15096259795861314,2.1680113875159055
-2.1237650819731333,1.6923775040781817,2.3628987422632974,-2.8940663547774945,-3.4180119633401262,0.658252066461811,-2.9135412616771683,5.6172945527522575,4.588099936842742,-3.5280045970222838,-0.020218100611689035,3.192359111561941,0.357623256680632,-3.5435400257452128,-3.8294799702443556,-6.504708455780977,-0.07557896817283462,-1.6605898323422934,0.38590715412537985,2.94571262716446,-0.8303573097717268,1.4748715430026644,-4.106010027498096,-0.09293162048727299,3.219922825542239,-1.8687679764145333,1.8157287117175742,-1.402213095833311,0.009108841002384356,3.585023812602517,4.215027523945085,-0.2214753359936396,4.549868827227352,0.507499705905622,-2.8948341316917476,-1.0929312539520455,3.079407688180777,-0.6602561641939921,0.9107020036280707,-2.785918522041398,-2.5837419263418235,2.8347346662474475,-1.4807119941008857,3.435272445256152
-3.538131392997466,1.8544474869746361,2.3742176682402802,-3.5318886753723415,-4.455432336508036,1.1419659760552885,-3.673631832747664,7.3878232852118595,5.508376565920919,-4.163520861909335,0.3151826660846104,3.9528849763009677,0.7154250336438868,-4.714607702547499,-4.278012484845429,-7.870790561707108,-0.018747695894838053,-1.497287437261523,0.2251270042479855,3.7774281081874292,-1.4933204482562505,1.971198679142398,-5.059391032603621,-0.07501250879832197,4.089087645112496,-2.3029843321951065,1.913150775385777,-1.954089185370282,0.4125893774811274,4.215027523945085,5.462182396785468,-0.6055423769972661,5.1671811173507765,0.5478958015270996,-3.8526179204358595,-1.554632776366244,3.844784876004363,-0.6185949395351132,0.8260212742688402,-3.5902437033448895,-3.010999389130913,3.4755371123613217,-1.759122850000143,4.3700444947771535
1.3893605622612373,0.1813019405979363,0.3890016473128804,0.14320965206085512,0.8027840327169571,-0.19922883101315306,0.25872428626068705,-1.1997827310176865,-0.1938841079820924,0.3264181831285194,-0.6471676551754316,-0.3538917263476673,-0.25633382651982367,1.1012582962233488,-0.3969729316854809,0.7999917352482243,-0.1653826552100193,-0.5554983535473791,0.10238501670071559,-0.4743986236123919,0.9212859936456932,-0.17461654847074518,0.3397558656792956,-0.06360930726270138,-0.6381669709412913,-0.007477716864820685,0.2401947622471014,0.6784879358203102,-0.9731991302080871,-0.2214753359936396,-0.6055423769972661,0.6557726631264463,-0.20592512210708785,0.20332540795990578,0.6337516779832724,0.3077397730776639,-0.24888506028067353,0.2670360284184821,0.25715231982533804,0.5695732221693327,0.09980586410938296,-0.026061850498481417,-0.011298540687218002,-1.130274443396758
-2.092445623737375,2.2066354235409236,3.3244878110024434,-3.6093854057708183,-4.23822650672728,0.4791705420702197,-3.638949214255516,6.844864632562374,5.804590652812169,-4.569790758661246,-0.29111864369980156,3.9604494693664947,0.25382973771944206,-4.326394270502336,-5.081237873225035,-8.29907118939433,-0.07006954568843267,-2.5537406102095983,0.6210745333036478,3.6493922338276135,-0.9108759470746101,1.8395494340469318,-5.1348451290202215,-0.15885362408306208,4.017983743917517,-2.3117866164905614,2.526919363470351,-1.612396128332362,-0.23013678965829767,4.549868827227352,5.1671811173507765,-0.20592512210708785,6.105857135215609,0.6568825123903362,-3.5115894835483026,-1.2491081529620234,3.793072289966687,-0.8919315498104775,1.2294088787549156,-3.36835143773781,-3.3711128894962115,3.584616017403841,-1.951382702838658,4.321196568562368
0.3593643140598232,0.41263973450489594,0.6013554170267196,-0.5318469804280681,-0.12031854867560494,0.08247502423623844,-0.5088960965764739,0.22009772734856806,0.7290845478140204,-0.36672659215088027,-0.5791273847081971,0.3758767708865371,0.003062347665873229,-0.06666898279247138,-1.0982849520496931,-0.6993207850905305,-0.20791106316135335,-0.673532702759205,-0.025765546289464644,0.3336632402024923,0.37330010605454417,0.3556434100044431,-0.5151298459183704,-0.17347581831017125,0.24861226702051584,-0.2859774192948578,0.43192809620103095,0.20229948146343527,-0.7235822025110684,0.507499705905622,0.5478958015270996,0.20332540795990578,0.6568825123903362,0.3330371517059444,-0.20941051782069856,0.020156773661982198,0.40351524317105403,0.16771307832069485,0.2831420802834343,-0.21102198082445195,-0.33079671568604985,0.5894267932188282,-0.23262178299665184,-0.17708415678511435
3.0397498556980693,-1.1378977625377382,-1.35947294240469,2.3320119502367063,3.326594138883803,-0.9002734634787402,2.467981796796611,-5.505644529060664,-3.8006726784313085,2.922243170079404,-0.6004138400079089,-2.7415821092931276,-0.5894445903438399,3.6972468297358656,2.613433624147716,5.612829658225073,-0.08816629652631944,0.7344847647226876,-0.16294026438984566,-2.755017380707358,1.3879953107361862,-1.3500926167698586,3.5845807220394548,-0.010026191168018589,-3.043349234813798,1.583072784007672,-1.2058010860007586,1.6639290679589238,-0.759912080548621,-2.8948341316917476,-3.8526179204358595,0.6337516779832724,-3.5115894835483026,-0.20941051782069856,2.9505578311632132,1.1486285254240431,-2.761119294378973,0.5126051640654222,-0.4543247083706936,2.5955334791709714,2.0725622262707666,-2.357707370926591,1.1692480907581067,-3.4785868987286332
1.5381207359300337,-0.3632642426031873,-0.3830231786505923,0.8322952909698611,1.4646371567943957,-0.37738371676650045,0.9299485660646487,-2.5328386740568103,-1.3409857565736425,1.1725733689302784,-0.6022254566912295,-1.1619108504877107,-0.24518888609269138,1.5196712748808427,0.6067206321739171,2.1532783865193443,-0.18734779735606558,-0.07485869297868639,-0.13238784921912064,-1.0177325453360402,0.768762654627694,-0.4009006642082298,1.4423833279045601,-0.15990120687629286,-1.1941699553092826,0.6241036088972667,-0.31622368280934515,0.7837921131041287,-0.65519259905245,-1.0929312539520455,-1.554632776366244,0.3077397730776639,-1.2491081529620234,0.020156773661982198,1.1486285254240431,0.673028055297632,-1.0812608930024188,0.26045425972110686,-0.056363587837790025,1.091130532064682,0.8180425859774721,-0.7924955832064897,0.4870413474982976,-1.5832550118732887
-2.2982021354128985,1.418412617108927,1.8531288526122651,-2.4427801017217163,-3.0928905421434503,0.8489756436442829,-2.5719265134411153,5.312397404089297,4.0869405203353,-3.0160463526269803,0.1300253920776715,2.8154752255844753,0.4238789914015429,-3.2597321550599716,-3.202538013284096,-5.685256771618882,-0.06060419975883717,-1.2509943672728272,0.3378168654916941,2.6654312691142645,-0.8822160220963565,1.3933841157923295,-3.7929575253736223,-0.014318586911582292,2.918381160903993,-1.7293623191657184,1.503920842827262,-1.3232033810218087,0.15088510057945034,3.079407688180777,3.844784876004363,-0.24888506028067353,3.793072289966687,0.40351524317105403,-2.761119294378973,-1.0812608930024188,2.9024501923908272,-0.32745180907034505,0.7058737473735337,-2.483617999322564,-2.2223267570656597,2.6577754755253307,-1.3212083944068942,3.024570539129781
0.8351956631671594,-0.10685618818629344,-0.19941600708196874,0.4778153448229041,0.8994956384455784,0.16779391085627005,0.3000317303332004,-1.1225536509833773,-0.5537669666118414,0.7875978120334775,-0.7148103956166199,-0.6205782535386085,-0.05596819133484482,1.020634534635404,0.025786595426965316,1.299967623432765,-0.24836386165796245,-0.17769532276247355,-0.113265753125799,-0.5154639181839398,0.5566275466813364,0.1286881249467553,0.44524127377289685,-0.11227163736190929,-0.7016515051051525,0.18832197881056625,-0.1252049703127212,0.6757105712397893,-0.8089641436693104,-0.6602561641939921,-0.6185949395351132,0.2670360284184821,-0.8919315498104775,0.16771307832069485,0.5126051640654222,0.26045425972110686,-0.32745180907034505,0.8552103674512334,-0.051584200393167405,0.6351028808263695,0.4771338555297906,0.11963770662251112,0.16913216983902019,-1.4355679948225382
0.22615542361956303,0.6124480910227987,0.9073185133956057,-0.7489230510977752,-0.4330162127320911,0.10095956208031688,-0.6796591087714562,0.8213180835883852,1.2444754422272424,-0.7974270067683037,-0.4927343501308799,0.7261153663853898,-0.04049439942831,-0.42855768665101596,-1.4039293311374748,-1.5032836209047324,-0.24258767616746907,-0.8968065853201225,0.14394513024548108,0.6121818393873872,0.3312524980717974,0.3706392842279951,-0.9480841798371111,-0.13220150273915715,0.5725496674316498,-0.5150833355388565,0.6629767693443314,0.03436762563360286,-0.6118750080031095,0.9107020036280707,0.8260212742688402,0.25715231982533804,1.2294088787549156,0.2831420802834343,-0.4543247083706936,-0.056363587837790025,0.7058737473735337,-0.051584200393167405,0.5035558390360014,-0.5125515780907177,-0.6284529733362956,0.7820979409455737,-0.3914581571454586,0.30733629700751997
2.743571098962008,-1.125763334684516,-1.377692069589048,2.2850333342020615,3.089961821443953,-0.7935684271686003,2.3598225651667533,-5.125387454783922,-3.5856336801051314,2.7855866953682815,-0.5187767659643874,-2.68366964111808,-0.5180811214375853,3.3422999769126744,2.484787483674228,5.338974260193335,-0.012217558034093435,0.7057269472825297,-0.15951229158340435,-2.5334620039834963,1.2575012899116587,-1.1983789033988175,3.303559696635719,-0.0202567699833798,-2.7947088241493634,1.4796138850752976,-1.1057528519486681,1.5101530265632535,-0.7354781979442618,-2.785918522041398,-3.5902437033448895,0.5695732221693327,-3.36835143773781,-0.21102198082445195,2.5955334791709714,1.091130532064682,-2.483617999322564,0.6351028808263695,-0.5125515780907177,2.552408490128055,1.9398144946023923,-2.100291904326899,1.0948743276979551,-3.245483961374576
1.3811620646846863,-1.2220105714522151,-1.8162686948103866,2.057794138205029,2.533641891331257,-0.3287017251257909,2.0789086580414238,-4.093201468415914,-3.2777528479286335,2.6464630743258866,-0.01806059336255336,-2.2828894627830634,-0.18884351542990502,2.533138017868263,2.7683193430590793,4.712835154855353,-0.06409113077276427,1.2769434235606965,-0.3303458610740906,-2.1027258257078643,0.5847786474140053,-1.0140436205276884,2.9897994717933765,0.04057159774245,-2.299666087969085,1.3718903998873473,-1.4036709085047434,1.0088812375833893,0.03818856542894212,-2.5837419263418235,-3.010999389130913,0.09980586410938296,-3.3711128894962115,-0.33079671568604985,2.0725622262707666,0.8180425859774721,-2.2223267570656597,0.4771338555297906,-0.6284529733362956,1.9398144946023923,1.9766727332382237,-2.063011477253367,1.13500435612311,-2.5488560295390044
-1.3132102990268328,1.4885524610644354,2.0747189067577367,-2.3129884283936764,-2.536128084116287,0.7539321027546575,-2.5215216046681563,4.427529579008661,3.905277677198962,-2.7004349881614087,-0.6524954982244036,2.4573355238761168,0.28672063228163885,-2.5409561170555546,-3.6283852694617056,-5.1053779386487435,-0.2688075619139209,-1.7526570090264455,0.2870658095678704,2.376069577848451,-0.39475683976408943,1.547218128070115,-3.550472316257276,-0.1872492263124665,2.4989752377291268,-1.5910915852294114,1.626019702323941,-0.8115675420687011,-0.6185779276878777,2.8347346662474475,3.4755371123613217,-0.026061850498481417,3.584616017403841,0.5894267932188282,-2.357707370926591,-0.7924955832064897,2.6577754755253307,0.11963770662251112,0.7820979409455737,-2.100291904326899,-2.063011477253367,2.862597092749167,-1.2542260858898995,2.1045222302498656
0.7131147059090541,-0.7438470954775169,-1.1020562227852013,1.1894333656197782,1.4026056409039793,-0.2209865227839373,1.2244891243702818,-2.372628361458435,-1.9414908344197634,1.4955002442220244,0.08256942654496177,-1.3385289089967627,-0.0981209520004628,1.353727956689583,1.6805870979533146,2.6841028842389183,0.0037610465052035527,0.8239834817279136,-0.20700772323955682,-1.1974883070115687,0.25574614263183765,-0.6168209300216366,1.7691767527085207,0.01497035471322571,-1.2915597631535791,0.8465491157937425,-0.8455853535067579,0.4842032196729886,0.15096259795861314,-1.4807119941008857,-1.759122850000143,-0.011298540687218002,-1.951382702838658,-0.23262178299665184,1.1692480907581067,0.4870413474982976,-1.3212083944068942,0.16913216983902019,-0.3914581571454586,1.0948743276979551,1.13500435612311,-1.2542260858898995,0.7035132864025183,-1.3197810738663955
-4.209472575807975,1.0541855876595692,1.3737289341085699,-2.4795292252139407,-4.4458957605203295,0.5895772518646579,-2.6059982983536645,7.049886589501313,4.065675612099948,-3.772723359176491,1.7351087122933455,3.330191503165962,0.5566440795648198,-4.9392429176828765,-2.0309130156137467,-6.899343134039245,0.5573005402022909,-0.2015142456383682,0.47713424353853945,3.1744708589474384,-2.3782739531390584,1.0551745006470024,-4.047528851787217,0.27807670456759953,3.8034818307163563,-1.616235472862003,1.16251893283645,-2.593343799137189,2.1680113875159055,3.435272445256152,4.3700444947771535,-1.130274443396758,4.321196568562368,-0.17708415678511435,-3.4785868987286332,-1.5832550118732887,3.024570539129781,-1.4355679948225382,0.30733629700751997,-3.245483961374576,-2.5488560295390044,2.1045222302498656,-1.3197810738663955,5.4086774193954374
