V1,V2,V3,V4,V5,V6,V7,V8,V9,V10,V11,V12,V13,V14,V15,V16,V17,V18,V19,V20,V21,V22,V23,V24,V25,V26,V27,V28,V29,V30,V31,V32,V33,V34,V35,V36,V37,V38,V39,V40,V41,V42,V43,V44
12.432997717752919,2.6422757171809055,5.385034312619725,-0.8915930430769552,5.321864915163496,-1.6499558147374,-0.373918188162922,-8.794923656583052,1.1932961688725492,1.0218565273571387,-8.49533311148984,-1.8594025480510026,-1.931149276557068,7.463098084956122,-8.048408833527262,2.852725226229064,-2.3245817757204565,-7.662921393941677,0.2660289579136317,-2.0838709971929363,7.563672235423999,1.0637078404708833,0.83582612684071,-1.7970176536489484,-3.4409396859831918,-0.26643958558374914,3.491749205562135,5.66711639023256,-10.121356102473142,0.17437383890822905,-2.4799823958628187,4.481798311042908,1.41881675380576,2.8395659064273637,3.825178109622478,3.0522342875255717,-0.8128194383052958,2.946650653900611,2.6350229420214104,3.402095407048673,-0.3488066440516852,2.7288700266328685,-0.5638818718327463,-8.916037590856675
2.6422757171809055,0.8713173794549879,1.5086336396204656,-0.5321855359576382,0.8924503728035676,-0.20161233330834458,-0.4325373975713465,-1.404228503495107,0.8047153698932851,-0.17532283971816762,-2.0098354775931373,-0.04051285574218131,-0.3948475857158367,1.2971993449561987,-2.323317358311296,-0.13072187438097796,-0.6215516353598274,-1.9032803591713106,0.13092697311153512,-0.14130197366562844,1.7265271966787399,0.43561335921367,-0.3510523525019984,-0.46683024107166887,-0.4288868895912828,-0.24313422070986626,0.9834897196741861,1.1357294355367027,-2.3811456182145316,0.5161028386333005,-0.1022282473641346,1.02131915428016,0.7777472383810028,0.7540741066499648,0.5586611069647293,0.5775622940264772,0.19150388899474602,0.6639650508362295,0.7857803994613252,0.44775526191874376,-0.3742211324057062,1.0494332812248592,-0.25524009194748853,-1.707167611170142
5.385034312619725,1.5086336396204656,2.9555329512513424,-0.9659091118451372,1.821046333436862,-0.6912442413576569,-0.748067869202303,-3.0770751131514342,1.4062717576688744,-0.13986965494212278,-3.957438551725808,-0.3251296847309087,-0.8505372293821861,2.870641456525065,-4.466595628747256,0.23989112930951179,-1.0517052715789608,-3.8480869936072244,0.24215294346685073,-0.4727056548869469,3.3021300358300394,0.7569145701139656,-0.3422293121711389,-0.8019857607224972,-0.9843891493572781,-0.42048555038626456,1.952126224411804,2.351894127608266,-4.616247597376238,0.7432858422459229,-0.34942815413738065,2.0312058756397864,1.523193583278808,1.4271268976812517,1.2476067240986946,1.2275937584378425,0.20325533935658557,1.2071115039142004,1.304244117352586,1.0887650470026198,-0.6160450775878455,1.7944077317926084,-0.538235832413115,-3.504359428381711
-0.8915930430769552,-0.5321855359576382,-0.9659091118451372,0.7276616318175326,0.1871540544978256,0.02134338692714116,0.6986436324893647,-0.011527848063716772,-1.015387436686034,0.46383735103848955,0.8934041887114487,-0.21450930050718517,0.12081221135318898,-0.35910013920600015,1.5784419133052903,0.5768002737389575,0.17881069671573688,0.8564588055990254,-0.2095077310169813,-0.14752663795046553,-0.45023536473505316,-0.35908891652834996,0.6382339005452345,0.07883269539015579,-0.25996222819986015,0.19785869831624647,-0.5671035065210023,-0.10994730765954858,0.6981957507338462,-0.754221977204176,-0.552224201567632,-0.44137115262209875,-0.9007120974670074,-0.3989637050829112,0.09017182273376946,-0.1724551198146594,-0.4882758245390328,-0.03610348917409057,-0.20587936554701078,0.15234207974357522,0.4629956723216721,-0.9111218525430493,0.22418865432763663,0.29662079645736156
5.321864915163496,0.8924503728035676,1.821046333436862,0.1871540544978256,2.9282010734404147,-0.7063254860477066,0.3972105291175111,-4.3527792441579685,-0.25998499573849176,0.9787284392014219,-3.5167855986232377,-1.0328885734903135,-0.8317259133093631,3.3256268607841446,-2.6894385013060345,1.8799682099223234,-1.1020062955052714,-3.1257626578873152,-0.08320252436292204,-1.0869189849796705,3.465261397985936,0.2781509892972376,0.9308525503326501,-0.8646682242891442,-1.9175081745257392,-0.009062786217539903,1.258980425751908,2.846883583364821,-4.577408648416878,-0.5744650013628749,-1.6552044819256717,1.8243643717718498,-0.09877363057706458,1.1349376277193282,1.9335154864284412,1.343971075968836,-0.7658040405486687,1.552220982782619,1.210048990383855,1.7998735124200065,0.2940376634284081,0.5884927095813518,-0.11765276043770542,-4.28932731161708
-1.6499558147374,-0.20161233330834458,-0.6912442413576569,0.02134338692714116,-0.7063254860477066,0.5743327048541345,-0.05621172811265851,1.2571788034385591,-0.01426118778806948,-0.26416994358121926,1.021072958112819,0.3051850373557512,0.29117854972318247,-1.0278597265688048,0.9211305701441513,-0.6243870312835185,0.1257658994317207,1.2288835020443452,-0.006322672374462077,0.28373791590131997,-0.891220621163639,-0.06799556924573665,-0.3671988216698017,0.17626508220451778,0.46191797756764535,0.08074169333318644,-0.5514943893534247,-0.8888943037906404,1.3554407924618816,0.22769622549185653,0.3434237386354792,-0.5385476705685048,-0.3586475317751742,-0.3539896588896672,-0.47683399014126154,-0.3979703021927123,0.21857535981874648,-0.3321749418520442,-0.17711214180324678,-0.636986270678901,-0.02718746098325042,-0.037759427429806,0.24486600764185426,1.1638034756451456
-0.373918188162922,-0.4325373975713465,-0.748067869202303,0.6986436324893647,0.3972105291175111,-0.05621172811265851,0.729058069290625,-0.3539280320514763,-0.9710195391125866,0.4877306717060679,0.5521456498174528,-0.27708365510783584,0.05235914921484812,-0.07348097786436796,1.2712349362678246,0.6298298040334228,0.07318631646543221,0.47497271852450557,-0.2619516790678226,-0.19114493074686487,-0.12623089988696987,-0.31696515577972867,0.7003461306877476,-0.01161779724954736,-0.41411576614598605,0.11762002714638055,-0.39087111779632944,0.1461430937766675,0.2303577277705412,-0.7897495262291023,-0.6925146788111995,-0.24949161253268412,-0.8362614293768041,-0.3326355831275796,0.24552624113703173,-0.052334889583793405,-0.5535129674385837,0.09709756890919886,-0.06136506209737147,0.28427374897840957,0.4320961087816481,-0.848064945953698,0.17150891838298435,-0.07261145939270738
-8.794923656583052,-1.404228503495107,-3.0770751131514342,-0.011527848063716772,-4.3527792441579685,1.2571788034385591,-0.3539280320514763,7.255711606387577,0.16955383432913168,-1.561282889341482,5.702577705174366,1.9874541266029504,1.3743674310886456,-5.9054721141429845,4.585210224148592,-3.5384951464211185,1.5476084901867384,4.7210269700664105,-0.1887383361821847,2.1315009316998217,-5.232617838892328,-0.3706544154099682,-1.5000118232781567,1.1271687544295794,2.986021798056483,-0.3050854790727309,-1.9055671642619623,-4.086016215349393,6.699644338525455,0.6424573105033013,2.546742589610484,-3.0716032172206047,0.02365223337693014,-1.873840508364389,-3.2112558927434938,-2.3198373074979766,1.193220317342858,-2.0634525272060316,-1.4944446450421474,-2.93553390790138,-0.40738538441609634,-1.1899121007149183,0.03851225154293704,6.794814436130375
1.1932961688725492,0.8047153698932851,1.4062717576688744,-1.015387436686034,-0.25998499573849176,-0.01426118778806948,-0.9710195391125866,0.16955383432913168,1.6127994554879632,-0.7103866955809895,-1.2676215124751093,0.4499112919159919,-0.16587932050466467,0.3752257721634786,-2.315879366954483,-1.0736148431522459,-0.3294367497619246,-1.4206562250768695,0.3055540511339202,0.34563489397042924,0.6866561471741606,0.5523857006107713,-1.0036906639607608,-0.1412216294617995,0.449150883712925,-0.43103401296970484,0.9121069099895696,0.24179147327638129,-1.1140752015944853,1.0872339798388369,0.865315697508159,0.6392885365980518,1.4748727273433984,0.5767929265441454,-0.24319307550177743,0.24619132959440088,0.7895454058038458,0.09328536141764127,0.4283351285134532,-0.26579071347226463,-0.6881554694331112,1.2779947061554984,-0.40930464340999645,-0.3754135169645427
1.0218565273571387,-0.17532283971816762,-0.13986965494212278,0.46383735103848955,0.9787284392014219,-0.26416994358121926,0.4877306717060679,-1.561282889341482,-0.7103866955809895,0.8317123653107634,-0.49605674909651576,-0.6719473876418132,-0.16052890283894194,1.1165918054129815,0.2020251091012862,1.4867521903482082,-0.13046813472733895,-0.23380386109232296,-0.02680763488920124,-0.6424015057644191,0.5630613332934982,-0.1940672318180268,0.8569553172843981,-0.04377245529977306,-0.7274091707540667,0.28909433243212557,-0.10732163403656819,0.662436125083333,-0.5993136511449719,-0.6991991027973273,-0.8179108389145276,0.2870691414903373,-0.6489310302985114,0.14439381179512348,0.6892149143454862,0.3779386780400888,-0.563341624573006,0.28921278614647633,-0.07071750926797261,0.760182024643355,0.5458233423924458,-0.4479362673923992,0.1510396455442561,-1.2184349702360961
-8.49533311148984,-2.0098354775931373,-3.957438551725808,0.8934041887114487,-3.5167855986232377,1.021072958112819,0.5521456498174528,5.702577705174366,-1.2676215124751093,-0.49605674909651576,6.060825695637566,1.013959100816023,1.290676192062764,-4.942473978513786,6.054611214458102,-1.4811643292167878,1.7066577770807818,5.576772999456507,-0.16665939320562492,1.1694192396600789,-5.287389785791408,-0.9519421742651158,-0.22380462231151355,1.2941904079464224,2.137435992212815,0.38477609385907086,-2.6132831266317154,-3.9503604677613553,7.225060967497947,-0.3993153861106751,1.3236926992627662,-3.1176068382301225,-1.3486502702450867,-2.0907696740149935,-2.4018795206067507,-2.0510854674868138,0.26777441650623435,-2.129396810831341,-1.9416206522958515,-2.145167006833226,0.4074126174596281,-2.202056909230681,0.5405246166011195,6.1108413028545785
-1.8594025480510026,-0.04051285574218131,-0.3251296847309087,-0.21450930050718517,-1.0328885734903135,0.3051850373557512,-0.27708365510783584,1.9874541266029504,0.4499112919159919,-0.6719473876418132,1.013959100816023,0.8477137890539485,0.30190430636265536,-1.6541575430938935,0.46192835123255915,-1.5523765648472936,0.19192158370030324,0.4739293142081443,-0.12430786915231248,0.8610382111685565,-0.8795649715930691,0.14755632988626838,-0.7159243151495672,0.0728844966559202,0.8602971194191107,-0.40069325609398093,-0.0539240620765874,-0.6680306985125084,0.8697306475272476,0.39233369759120673,0.9007806290052743,-0.6229341621620363,0.5071241989260692,-0.2706078887253236,-0.9497877768628338,-0.5934491264580583,0.5418425796303787,-0.24483364585377074,0.006913676030662836,-0.8185231292396278,-0.35360404295594244,0.0019098473718207431,-0.24422442329627106,1.5342697111582442
-1.931149276557068,-0.3948475857158367,-0.8505372293821861,0.12081221135318898,-0.8317259133093631,0.29117854972318247,0.05235914921484812,1.3743674310886456,-0.16587932050466467,-0.16052890283894194,1.290676192062764,0.30190430636265536,0.34228802046998924,-1.1636306361791637,1.226372376589373,-0.4806608253683604,0.33015382020889106,1.1566391341023263,-0.09836136439400694,0.36624676214836205,-1.1528288568782943,-0.1317232078461241,-0.13748417495606058,0.24384077082377628,0.5259577044351245,-0.00534022420851014,-0.5369373173822465,-0.8734229495566549,1.5054851287835398,-0.04360406323301418,0.3893364722570198,-0.68502185227994,-0.24812296356599842,-0.44536093341461447,-0.616059626592662,-0.47484600739241517,0.11412345799146768,-0.40972470245513676,-0.38161939893570834,-0.5313740782441678,0.04419702311870694,-0.40045216437314407,0.07238892496815894,1.3399580388344776
7.463098084956122,1.2971993449561987,2.870641456525065,-0.35910013920600015,3.3256268607841446,-1.0278597265688048,-0.07348097786436796,-5.9054721141429845,0.3752257721634786,1.1165918054129815,-4.942473978513786,-1.6541575430938935,-1.1636306361791637,5.127874984391237,-4.36622325460564,2.845695364605534,-1.2510567157665022,-4.005061779567364,0.3608565539740964,-1.8067082001677879,4.238378522370651,0.3952281977714343,0.9726742871705211,-0.8106919100506348,-2.2755831744782116,0.2675688600818605,1.6858253950206972,3.1531361490275054,-5.354932571595883,-0.15164369392219226,-1.8166385505543157,2.7046843532501947,0.3526853643289888,1.6463392274308954,2.58779744838396,2.011122442859347,-0.7525585940612861,1.501078147325293,1.1143851250389565,2.305544548877735,0.1659442353791279,1.3805894428756682,-0.051970347030004596,-5.565150324538882
-8.048408833527262,-2.323317358311296,-4.466595628747256,1.5784419133052903,-2.6894385013060345,0.9211305701441513,1.2712349362678246,4.585210224148592,-2.315879366954483,0.2020251091012862,6.054611214458102,0.46192835123255915,1.226372376589373,-4.36622325460564,6.930367537276509,-0.346295030102858,1.6337622619764733,5.7967576566237495,-0.3784610174847957,0.6837449598628554,-4.953955625207059,-1.2423466426902332,0.6312445818492574,1.2024072042092238,1.406833337411557,0.6460830334918785,-2.9368507307964227,-3.498093069306634,6.947721492425676,-1.2233983979463563,0.36415278922854516,-3.08460814109078,-2.3490328156502422,-2.2285964740253337,-1.7971009198976786,-1.8734487890669598,-0.4207863297885892,-1.8499525284174663,-1.9383658841429574,-1.5741855816823473,0.9257412526836243,-2.8697841174505676,0.7989639149311154,5.342423745170461
2.852725226229064,-0.13072187438097796,0.23989112930951179,0.5768002737389575,1.8799682099223234,-0.6243870312835185,0.6298298040334228,-3.5384951464211185,-1.0736148431522459,1.4867521903482082,-1.4811643292167878,-1.5523765648472936,-0.4806608253683604,2.845695364605534,-0.346295030102858,3.1681652393597872,-0.22714692467340097,-0.5974512151609385,0.23868935437325398,-1.5906207860453918,1.3129871024506095,-0.353919635061574,1.526217727916593,-0.023843490971690633,-1.4875202607123301,0.8058626955185131,-0.07964223626601696,1.1867440148627935,-1.2498896273957985,-0.9636660164924368,-1.5814994765584454,0.9037103853340055,-1.0442445874111077,0.4863135236826235,1.609307214463358,0.9731492442285234,-1.0266909387552827,0.4020202765339622,-0.23536459652252684,1.5751403283994778,0.8785629262371363,-0.37034771835254343,0.40900134099732804,-2.651962389538064
-2.3245817757204565,-0.6215516353598274,-1.0517052715789608,0.17881069671573688,-1.1020062955052714,0.1257658994317207,0.07318631646543221,1.5476084901867384,-0.3294367497619246,-0.13046813472733895,1.7066577770807818,0.19192158370030324,0.33015382020889106,-1.2510567157665022,1.6337622619764733,-0.22714692467340097,0.6336289237380052,1.5671627198173075,0.015327990421158422,0.2386470547953419,-1.6147999985857149,-0.28957599890338687,-0.01143294522316913,0.4519247057463432,0.6285815654063184,0.1808104114827301,-0.7187055239821379,-1.1784424502280408,2.17918411771261,-0.09815545238515253,0.43496901485823947,-0.8642790231970809,-0.2621781751352625,-0.576065206804313,-0.6719302265826684,-0.5459847302775821,0.06758653141134094,-0.7192135873043043,-0.7404272902143046,-0.55268201981039,0.09775090146876021,-0.62069805672127,0.1365964359093289,1.7618812068301182
-7.662921393941677,-1.9032803591713106,-3.8480869936072244,0.8564588055990254,-3.1257626578873152,1.2288835020443452,0.47497271852450557,4.7210269700664105,-1.4206562250768695,-0.23380386109232296,5.576772999456507,0.4739293142081443,1.1566391341023263,-4.005061779567364,5.7967576566237495,-0.5974512151609385,1.5671627198173075,6.013475011129358,0.13411320010119815,0.5112457868644071,-4.977277318823635,-1.0513351107294353,-0.11110467047657266,1.3481961031799063,1.7504817540153024,0.9368635212714875,-2.8953263176036357,-4.070628148339743,7.334288549057047,-0.2120281216434246,0.9088864655107162,-2.7974214836567715,-1.9114533136026481,-1.910568550966473,-1.8332882624880613,-1.7374008595517676,0.10441831844612307,-2.1778735270520193,-2.04719421337168,-1.9235382262043323,0.5649412346265084,-1.7993774121897095,1.0027771690531386,5.480192148903452
0.2660289579136317,0.13092697311153512,0.24215294346685073,-0.2095077310169813,-0.08320252436292204,-0.006322672374462077,-0.2619516790678226,-0.1887383361821847,0.3055540511339202,-0.02680763488920124,-0.16665939320562492,-0.12430786915231248,-0.09836136439400694,0.3608565539740964,-0.3784610174847957,0.23868935437325398,0.015327990421158422,0.13411320010119815,0.40250847627727293,-0.25639878070603955,-0.044422486942436334,-0.03998274509960942,-0.16850038433637132,0.15874858830873043,0.11770151360681667,0.2580453957801049,-0.02997354036411895,-0.2495855091952149,0.332554155786944,0.3714938847268932,0.1324493944741768,0.15392929566847138,0.2083209370330583,0.1765273682992345,0.07103022280311141,0.13294369756680205,0.17478362776402134,-0.2638569955801805,-0.14994561054941605,0.008001853038809096,-0.037672330771788914,0.31844640492708265,0.10451844375773278,0.01662730871172649
-2.0838709971929363,-0.14130197366562844,-0.4727056548869469,-0.14752663795046553,-1.0869189849796705,0.28373791590131997,-0.19114493074686487,2.1315009316998217,0.34563489397042924,-0.6424015057644191,1.1694192396600789,0.8610382111685565,0.36624676214836205,-1.8067082001677879,0.6837449598628554,-1.5906207860453918,0.2386470547953419,0.5112457868644071,-0.25639878070603955,0.9619665988354921,-1.0005528071423755,0.13103720982727876,-0.6304078028112375,0.06854333771925294,0.8660786726579299,-0.48279067657220437,-0.09487637413082681,-0.6876717941750512,0.9475633434321521,0.24208890706101316,0.8736628767675401,-0.7171352546369282,0.4287272153690743,-0.38523644947013846,-1.0207586714757424,-0.6581928114103338,0.46528807100221153,-0.23703053838527408,-0.029562107298937334,-0.8371755609453961,-0.3163379399365212,-0.1551237770711293,-0.29147023232480274,1.6306929341384562
7.563672235423999,1.7265271966787399,3.3021300358300394,-0.45023536473505316,3.465261397985936,-0.891220621163639,-0.12623089988696987,-5.232617838892328,0.6866561471741606,0.5630613332934982,-5.287389785791408,-0.8795649715930691,-1.1528288568782943,4.238378522370651,-4.953955625207059,1.3129871024506095,-1.6147999985857149,-4.977277318823635,-0.044422486942436334,-1.0005528071423755,4.94622309861176,0.7639860743256768,0.41516548382746166,-1.3104593228471815,-2.143612849346409,-0.39696843771116835,2.280316243413145,3.796249189912484,-6.758123653624788,0.02817712964585342,-1.5224056773533787,2.7065209865499624,0.8559824483280707,1.7704317892134545,2.2596257826502897,1.7771198657287144,-0.4648406882328787,2.1314151523598963,1.966192701131713,2.023949836864027,-0.24104642378769725,1.6465880631126557,-0.4570092285460704,-5.586209026303531
1.0637078404708833,0.43561335921367,0.7569145701139656,-0.35908891652834996,0.2781509892972376,-0.06799556924573665,-0.31696515577972867,-0.3706544154099682,0.5523857006107713,-0.1940672318180268,-0.9519421742651158,0.14755632988626838,-0.1317232078461241,0.3952281977714343,-1.2423466426902332,-0.353919635061574,-0.28957599890338687,-1.0513351107294353,-0.03998274509960942,0.13103720982727876,0.7639860743256768,0.33520226740123577,-0.30128881885896414,-0.2538577475784788,-0.07244068303341362,-0.2746059419555658,0.570603351812727,0.5747922544057023,-1.2468121697041104,0.29032433178393124,0.18230911562016697,0.4250924950661543,0.554422939794701,0.37515963643645706,0.08585818489530504,0.20021433442933476,0.21809886468417533,0.38966193110742414,0.3964551394742102,0.09692837544858217,-0.2639569517217644,0.5622842085424617,-0.23346408060710097,-0.7150431929104558
0.83582612684071,-0.3510523525019984,-0.3422293121711389,0.6382339005452345,0.9308525503326501,-0.3671988216698017,0.7003461306877476,-1.5000118232781567,-1.0036906639607608,0.8569553172843981,-0.22380462231151355,-0.7159243151495672,-0.13748417495606058,0.9726742871705211,0.6312445818492574,1.526217727916593,-0.01143294522316913,-0.11110467047657266,-0.16850038433637132,-0.6304078028112375,0.41516548382746166,-0.30128881885896414,1.0685919698440318,-0.03588295746389936,-0.80574913946615,0.2650029945524436,-0.1828801674418281,0.638819258455714,-0.4597762332408008,-0.9446088968601593,-0.9847118037421277,0.16371356810903243,-0.815470413621412,-0.04203424861692923,0.7136225861435092,0.31035699112138243,-0.7449911051053749,0.24655074496460871,-0.12813831376125787,0.7926564600956241,0.5816576309456123,-0.7550229600828621,0.15185535421791962,-1.0547823929886917
-1.7970176536489484,-0.46683024107166887,-0.8019857607224972,0.07883269539015579,-0.8646682242891442,0.17626508220451778,-0.01161779724954736,1.1271687544295794,-0.1412216294617995,-0.04377245529977306,1.2941904079464224,0.0728844966559202,0.24384077082377628,-0.8106919100506348,1.2024072042092238,-0.023843490971690633,0.4519247057463432,1.3481961031799063,0.15874858830873043,0.06854333771925294,-1.3104593228471815,-0.2538577475784788,-0.03588295746389936,0.4437033113269472,0.5290641945360433,0.23619122879341142,-0.6287480428967297,-1.0405208280101281,1.9123930038965307,0.031317147645012894,0.3547362423186628,-0.6245761968957954,-0.21402636398498695,-0.41328164856056954,-0.4821936789762678,-0.3687702915978679,0.1126523759868388,-0.6715262073682325,-0.6409271671250748,-0.44726049918663846,0.12394699726293704,-0.3985740690788267,0.17468839011659254,1.3495472681932623
-3.4409396859831918,-0.4288868895912828,-0.9843891493572781,-0.25996222819986015,-1.9175081745257392,0.46191797756764535,-0.41411576614598605,2.986021798056483,0.449150883712925,-0.7274091707540667,2.137435992212815,0.8602971194191107,0.5259577044351245,-2.2755831744782116,1.406833337411557,-1.4875202607123301,0.6285815654063184,1.7504817540153024,0.11770151360681667,0.8660786726579299,-2.143612849346409,-0.07244068303341362,-0.80574913946615,0.5290641945360433,1.4194570679550715,-0.11338617621359962,-0.6462839140555414,-1.7549825592842956,2.7554677170131945,0.5477933922248616,1.317478593614851,-1.153223055374469,0.3905716133595924,-0.591876357617372,-1.3994420359909603,-0.899356013365471,0.7003096444190092,-0.9554889434598856,-0.6738739609518143,-1.2273614770673131,-0.2626578034858181,-0.23189129132765812,-0.07143447664417232,2.784871179100613
-0.26643958558374914,-0.24313422070986626,-0.42048555038626456,0.19785869831624647,-0.009062786217539903,0.08074169333318644,0.11762002714638055,-0.3050854790727309,-0.43103401296970484,0.28909433243212557,0.38477609385907086,-0.40069325609398093,-0.00534022420851014,0.2675688600818605,0.6460830334918785,0.8058626955185131,0.1808104114827301,0.9368635212714875,0.2580453957801049,-0.48279067657220437,-0.39696843771116835,-0.2746059419555658,0.2650029945524436,0.23619122879341142,-0.11338617621359962,0.5405927761313088,-0.5223953801547376,-0.45923610448931856,0.9431366955823851,-0.06750873789731705,-0.26407542948230267,-0.12890441212421075,-0.5797661331268293,-0.08954894622069622,0.22456290113840408,0.04041476054047163,-0.1954926588414319,-0.32675743930625695,-0.4083112118701745,0.08790126388034492,0.2702762229409729,-0.15558957756889003,0.38951882276711514,0.16970485351530912
3.491749205562135,0.9834897196741861,1.952126224411804,-0.5671035065210023,1.258980425751908,-0.5514943893534247,-0.39087111779632944,-1.9055671642619623,0.9121069099895696,-0.10732163403656819,-2.6132831266317154,-0.0539240620765874,-0.5369373173822465,1.6858253950206972,-2.9368507307964227,-0.07964223626601696,-0.7187055239821379,-2.8953263176036357,-0.02997354036411895,-0.09487637413082681,2.280316243413145,0.570603351812727,-0.1828801674418281,-0.6287480428967297,-0.6462839140555414,-0.5223953801547376,1.4661509539882882,1.8189425098532708,-3.4237795735628356,0.3151194735818109,-0.1974221002548773,1.299153116705247,1.1529248168441533,0.9193364196504377,0.7099457916959534,0.7540576830922684,0.12346673043377882,0.9763251254722679,0.9965104938755838,0.7382732562928345,-0.42623675180108034,1.0141617219180898,-0.5390330835370407,-2.3597150085101863
5.66711639023256,1.1357294355367027,2.351894127608266,-0.10994730765954858,2.846883583364821,-0.8888943037906404,0.1461430937766675,-4.086016215349393,0.24179147327638129,0.662436125083333,-3.9503604677613553,-0.6680306985125084,-0.8734229495566549,3.1531361490275054,-3.498093069306634,1.1867440148627935,-1.1784424502280408,-4.070628148339743,-0.2495855091952149,-0.6876717941750512,3.796249189912484,0.5747922544057023,0.638819258455714,-1.0405208280101281,-1.7549825592842956,-0.45923610448931856,1.8189425098532708,3.2797202968502,-5.463167497687089,-0.41751448051097223,-1.260698073291011,1.9634584857258568,0.6256198613363091,1.311220536422783,1.7087839455055431,1.3248780114121617,-0.5012058670521669,1.809030149470615,1.4777370127162301,1.7325487598806915,-0.016702441774113563,0.8262565705068047,-0.5077862291819798,-4.432692264029674
-10.121356102473142,-2.3811456182145316,-4.616247597376238,0.6981957507338462,-4.577408648416878,1.3554407924618816,0.2303577277705412,6.699644338525455,-1.1140752015944853,-0.5993136511449719,7.225060967497947,0.8697306475272476,1.5054851287835398,-5.354932571595883,6.947721492425676,-1.2498896273957985,2.17918411771261,7.334288549057047,0.332554155786944,0.9475633434321521,-6.758123653624788,-1.2468121697041104,-0.4597762332408008,1.9123930038965307,2.7554677170131945,0.9431366955823851,-3.4237795735628356,-5.463167497687089,9.723766790802134,0.05373621889641637,1.756036179232882,-3.598511968940559,-1.5882395158965026,-2.4381078125962943,-2.7833682807728906,-2.2817456514964984,0.4991047611934301,-3.126599124742232,-2.7969040740178035,-2.6944186522871685,0.481706004070321,-2.1631954845768733,0.9587188141609515,7.529089687576819
0.17437383890822905,0.5161028386333005,0.7432858422459229,-0.754221977204176,-0.5744650013628749,0.22769622549185653,-0.7897495262291023,0.6424573105033013,1.0872339798388369,-0.6991991027973273,-0.3993153861106751,0.39233369759120673,-0.04360406323301418,-0.15164369392219226,-1.2233983979463563,-0.9636660164924368,-0.09815545238515253,-0.2120281216434246,0.3714938847268932,0.24208890706101316,0.02817712964585342,0.29032433178393124,-0.9446088968601593,0.031317147645012894,0.5477933922248616,-0.06750873789731705,0.3151194735818109,-0.41751448051097223,0.05373621889641637,1.0476474028743912,0.7579922016774475,0.2103179014573038,0.8509264978746125,0.27895368146948796,-0.31747615982221566,-0.012121348583229325,0.6657183327924383,-0.22326292498599298,0.13669648251298067,-0.4905186428902667,-0.5499961136732477,1.0061086142027085,-0.07338275283130982,0.39816241540150304
-2.4799823958628187,-0.1022282473641346,-0.34942815413738065,-0.552224201567632,-1.6552044819256717,0.3434237386354792,-0.6925146788111995,2.546742589610484,0.865315697508159,-0.8179108389145276,1.3236926992627662,0.9007806290052743,0.3893364722570198,-1.8166385505543157,0.36415278922854516,-1.5814994765584454,0.43496901485823947,0.9088864655107162,0.1324493944741768,0.8736628767675401,-1.5224056773533787,0.18230911562016697,-0.9847118037421277,0.3547362423186628,1.317478593614851,-0.26407542948230267,-0.1974221002548773,-1.260698073291011,1.756036179232882,0.7579922016774475,1.4628845923118816,-0.7847419824183085,0.8331716869306156,-0.2388144738578573,-1.2711200389679203,-0.6995908678942439,0.8623049788881374,-0.6611297904078767,-0.4335837916850152,-1.0751894784434546,-0.43937795696057746,0.21428612575529085,-0.24232723286136967,2.126184649472223
4.481798311042908,1.02131915428016,2.0312058756397864,-0.44137115262209875,1.8243643717718498,-0.5385476705685048,-0.24949161253268412,-3.0716032172206047,0.6392885365980518,0.2870691414903373,-3.1176068382301225,-0.6229341621620363,-0.68502185227994,2.7046843532501947,-3.08460814109078,0.9037103853340055,-0.8642790231970809,-2.7974214836567715,0.15392929566847138,-0.7171352546369282,2.7065209865499624,0.4250924950661543,0.16371356810903243,-0.6245761968957954,-1.153223055374469,-0.12890441212421075,1.299153116705247,1.9634584857258568,-3.598511968940559,0.2103179014573038,-0.7847419824183085,1.6689135144565033,0.6414427420373345,1.0471617938566287,1.3173017713191333,1.120400398566627,-0.18992830093899504,1.0116860476877056,0.9620269737202721,1.1453936722435327,-0.1925155798678829,1.1288923982360364,-0.2121590706688396,-3.169488507561446
1.41881675380576,0.7777472383810028,1.523193583278808,-0.9007120974670074,-0.09877363057706458,-0.3586475317751742,-0.8362614293768041,0.02365223337693014,1.4748727273433984,-0.6489310302985114,-1.3486502702450867,0.5071241989260692,-0.24812296356599842,0.3526853643289888,-2.3490328156502422,-1.0442445874111077,-0.2621781751352625,-1.9114533136026481,0.2083209370330583,0.4287272153690743,0.8559824483280707,0.554422939794701,-0.815470413621412,-0.21402636398498695,0.3905716133595924,-0.5797661331268293,1.1529248168441533,0.6256198613363091,-1.5882395158965026,0.8509264978746125,0.8331716869306156,0.6414427420373345,1.7247497608883053,0.635697144391856,-0.24183299761152494,0.2365058070138112,0.7100884234591222,0.22816578419902064,0.4796354671274151,-0.05275945752554781,-0.6754516164902755,1.011089250688128,-0.6419235948800284,-0.5211501459456525
2.8395659064273637,0.7540741066499648,1.4271268976812517,-0.3989637050829112,1.1349376277193282,-0.3539896588896672,-0.3326355831275796,-1.873840508364389,0.5767929265441454,0.14439381179512348,-2.0907696740149935,-0.2706078887253236,-0.44536093341461447,1.6463392274308954,-2.2285964740253337,0.4863135236826235,-0.576065206804313,-1.910568550966473,0.1765273682992345,-0.38523644947013846,1.7704317892134545,0.37515963643645706,-0.04203424861692923,-0.41328164856056954,-0.591876357617372,-0.08954894622069622,0.9193364196504377,1.311220536422783,-2.4381078125962943,0.27895368146948796,-0.2388144738578573,1.0471617938566287,0.635697144391856,0.8562042201348041,0.7292760018505771,0.6752704015194714,0.05794272008233964,0.7007603133572821,0.617543085411606,0.7170217718791605,-0.15898901280183983,0.8590763066951813,-0.22792796325140985,-2.0277318952459176
3.825178109622478,0.5586611069647293,1.2476067240986946,0.09017182273376946,1.9335154864284412,-0.47683399014126154,0.24552624113703173,-3.2112558927434938,-0.24319307550177743,0.6892149143454862,-2.4018795206067507,-0.9497877768628338,-0.616059626592662,2.58779744838396,-1.7971009198976786,1.609307214463358,-0.6719302265826684,-1.8332882624880613,0.07103022280311141,-1.0207586714757424,2.2596257826502897,0.08585818489530504,0.7136225861435092,-0.4821936789762678,-1.3994420359909603,0.22456290113840408,0.7099457916959534,1.7087839455055431,-2.7833682807728906,-0.31747615982221566,-1.2711200389679203,1.3173017713191333,-0.24183299761152494,0.7292760018505771,1.517754206457647,1.0062856077896396,-0.6101927795152808,0.864826603951568,0.653275235281985,1.265072140308552,0.20484480567685778,0.4792411440474159,0.1067488180629446,-2.926116531077156
3.0522342875255717,0.5775622940264772,1.2275937584378425,-0.1724551198146594,1.343971075968836,-0.3979703021927123,-0.052334889583793405,-2.3198373074979766,0.24619132959440088,0.3779386780400888,-2.0510854674868138,-0.5934491264580583,-0.47484600739241517,2.011122442859347,-1.8734487890669598,0.9731492442285234,-0.5459847302775821,-1.7374008595517676,0.13294369756680205,-0.6581928114103338,1.7771198657287144,0.20021433442933476,0.31035699112138243,-0.3687702915978679,-0.899356013365471,0.04041476054047163,0.7540576830922684,1.3248780114121617,-2.2817456514964984,-0.012121348583229325,-0.6995908678942439,1.120400398566627,0.2365058070138112,0.6752704015194714,1.0062856077896396,0.8251945536328806,-0.2557408486612161,0.6410016431782348,0.5405850196400297,0.8897093764448636,0.010628979618385843,0.616556365172508,-0.047166126141566754,-2.2407874610280825
-0.8128194383052958,0.19150388899474602,0.20325533935658557,-0.4882758245390328,-0.7658040405486687,0.21857535981874648,-0.5535129674385837,1.193220317342858,0.7895454058038458,-0.563341624573006,0.26777441650623435,0.5418425796303787,0.11412345799146768,-0.7525585940612861,-0.4207863297885892,-1.0266909387552827,0.06758653141134094,0.10441831844612307,0.17478362776402134,0.46528807100221153,-0.4648406882328787,0.21809886468417533,-0.7449911051053749,0.1126523759868388,0.7003096444190092,-0.1954926588414319,0.12346673043377882,-0.5012058670521669,0.4991047611934301,0.6657183327924383,0.8623049788881374,-0.18992830093899504,0.7100884234591222,0.05794272008233964,-0.6101927795152808,-0.2557408486612161,0.6216756580011478,-0.2563172330366192,-0.03162372100312372,-0.5764543747538553,-0.3708626465578106,0.46205404887972423,-0.16964233130568854,0.8648156105440669
2.946650653900611,0.6639650508362295,1.2071115039142004,-0.03610348917409057,1.552220982782619,-0.3321749418520442,0.09709756890919886,-2.0634525272060316,0.09328536141764127,0.28921278614647633,-2.129396810831341,-0.24483364585377074,-0.40972470245513676,1.501078147325293,-1.8499525284174663,0.4020202765339622,-0.7192135873043043,-2.1778735270520193,-0.2638569955801805,-0.23703053838527408,2.1314151523598963,0.38966193110742414,0.24655074496460871,-0.6715262073682325,-0.9554889434598856,-0.32675743930625695,0.9763251254722679,1.809030149470615,-3.126599124742232,-0.22326292498599298,-0.6611297904078767,1.0116860476877056,0.22816578419902064,0.7007603133572821,0.864826603951568,0.6410016431782348,-0.2563172330366192,1.1469364278556102,0.9365366778383847,0.855224828576718,-0.049447815587877864,0.5091063039409908,-0.26979449555432833,-2.3993265598181126
2.6350229420214104,0.7857803994613252,1.304244117352586,-0.20587936554701078,1.210048990383855,-0.17711214180324678,-0.06136506209737147,-1.4944446450421474,0.4283351285134532,-0.07071750926797261,-1.9416206522958515,0.006913676030662836,-0.38161939893570834,1.1143851250389565,-1.9383658841429574,-0.23536459652252684,-0.7404272902143046,-2.04719421337168,-0.14994561054941605,-0.029562107298937334,1.966192701131713,0.3964551394742102,-0.12813831376125787,-0.6409271671250748,-0.6738739609518143,-0.4083112118701745,0.9965104938755838,1.4777370127162301,-2.7969040740178035,0.13669648251298067,-0.4335837916850152,0.9620269737202721,0.4796354671274151,0.617543085411606,0.653275235281985,0.5405850196400297,-0.03162372100312372,0.9365366778383847,1.0573749263380448,0.5327337393970766,-0.2719048332375998,0.7181568717590603,-0.2763995679906238,-1.8831660371620333
3.402095407048673,0.44775526191874376,1.0887650470026198,0.15234207974357522,1.7998735124200065,-0.636986270678901,0.28427374897840957,-2.93553390790138,-0.26579071347226463,0.760182024643355,-2.145167006833226,-0.8185231292396278,-0.5313740782441678,2.305544548877735,-1.5741855816823473,1.5751403283994778,-0.55268201981039,-1.9235382262043323,0.008001853038809096,-0.8371755609453961,2.023949836864027,0.09692837544858217,0.7926564600956241,-0.44726049918663846,-1.2273614770673131,0.08790126388034492,0.7382732562928345,1.7325487598806915,-2.6944186522871685,-0.4905186428902667,-1.0751894784434546,1.1453936722435327,-0.05275945752554781,0.7170217718791605,1.265072140308552,0.8897093764448636,-0.5764543747538553,0.855224828576718,0.5327337393970766,1.3067137379125497,0.2647954920610489,0.21238953028832677,-0.09453471881339802,-2.7208804119644716
-0.3488066440516852,-0.3742211324057062,-0.6160450775878455,0.4629956723216721,0.2940376634284081,-0.02718746098325042,0.4320961087816481,-0.40738538441609634,-0.6881554694331112,0.5458233423924458,0.4074126174596281,-0.35360404295594244,0.04419702311870694,0.1659442353791279,0.9257412526836243,0.8785629262371363,0.09775090146876021,0.5649412346265084,-0.037672330771788914,-0.3163379399365212,-0.24104642378769725,-0.2639569517217644,0.5816576309456123,0.12394699726293704,-0.2626578034858181,0.2702762229409729,-0.42623675180108034,-0.016702441774113563,0.481706004070321,-0.5499961136732477,-0.43937795696057746,-0.1925155798678829,-0.6754516164902755,-0.15898901280183983,0.20484480567685778,0.010628979618385843,-0.3708626465578106,-0.049447815587877864,-0.2719048332375998,0.2647954920610489,0.4627294613990865,-0.594185818648421,0.19730011897784305,-0.11453910705199842
2.7288700266328685,1.0494332812248592,1.7944077317926084,-0.9111218525430493,0.5884927095813518,-0.037759427429806,-0.848064945953698,-1.1899121007149183,1.2779947061554984,-0.4479362673923992,-2.202056909230681,0.0019098473718207431,-0.40045216437314407,1.3805894428756682,-2.8697841174505676,-0.37034771835254343,-0.62069805672127,-1.7993774121897095,0.31844640492708265,-0.1551237770711293,1.6465880631126557,0.5622842085424617,-0.7550229600828621,-0.3985740690788267,-0.23189129132765812,-0.15558957756889003,1.0141617219180898,0.8262565705068047,-2.1631954845768733,1.0061086142027085,0.21428612575529085,1.1288923982360364,1.011089250688128,0.8590763066951813,0.4792411440474159,0.616556365172508,0.46205404887972423,0.5091063039409908,0.7181568717590603,0.21238953028832677,-0.594185818648421,1.5920652557020951,-0.17134468871504244,-1.5589103338690022
-0.5638818718327463,-0.25524009194748853,-0.538235832413115,0.22418865432763663,-0.11765276043770542,0.24486600764185426,0.17150891838298435,0.03851225154293704,-0.40930464340999645,0.1510396455442561,0.5405246166011195,-0.24422442329627106,0.07238892496815894,-0.051970347030004596,0.7989639149311154,0.40900134099732804,0.1365964359093289,1.0027771690531386,0.10451844375773278,-0.29147023232480274,-0.4570092285460704,-0.23346408060710097,0.15185535421791962,0.17468839011659254,-0.07143447664417232,0.38951882276711514,-0.5390330835370407,-0.5077862291819798,0.9587188141609515,-0.07338275283130982,-0.24232723286136967,-0.2121590706688396,-0.6419235948800284,-0.22792796325140985,0.1067488180629446,-0.047166126141566754,-0.16964233130568854,-0.26979449555432833,-0.2763995679906238,-0.09453471881339802,0.19730011897784305,-0.17134468871504244,0.40022263606359737,0.3597343234827555
-8.916037590856675,-1.707167611170142,-3.504359428381711,0.29662079645736156,-4.28932731161708,1.1638034756451456,-0.07261145939270738,6.794814436130375,-0.3754135169645427,-1.2184349702360961,6.1108413028545785,1.5342697111582442,1.3399580388344776,-5.565150324538882,5.342423745170461,-2.651962389538064,1.7618812068301182,5.480192148903452,0.01662730871172649,1.6306929341384562,-5.586209026303531,-0.7150431929104558,-1.0547823929886917,1.3495472681932623,2.784871179100613,0.16970485351530912,-2.3597150085101863,-4.432692264029674,7.529089687576819,0.39816241540150304,2.126184649472223,-3.169488507561446,-0.5211501459456525,-2.0277318952459176,-2.926116531077156,-2.2407874610280825,0.8648156105440669,-2.3993265598181126,-1.8831660371620333,-2.7208804119644716,-0.11453910705199842,-1.5589103338690022,0.3597343234827555,6.911408954600341
