V1,V2,V3,V4,V5,V6,V7,V8,V9,V10,V11,V12,V13,V14,V15,V16,V17,V18,V19,V20,V21,V22,V23,V24,V25,V26,V27,V28,V29
3.140426337349116,0.8458255659588221,0.9564856212150733,1.1117790113627535,0.38724287214440695,1.7970620258076468,-0.35438578815859906,-0.3866741015245203,-0.10786183964657867,1.318100248770756,-0.024078694874539536,0.21345855485537663,-1.4089019581019115,-1.1025501467191179,1.261935550014241,0.4310291997696657,1.000864349924414,0.5964133405474652,-0.9754246369047249,-0.07282970708255222,-2.017349959709885,-0.7136756800711479,-0.5215659370100717,-3.172808391020001,1.872824579373623,0.8693510007162575,-1.4360326062843207,2.3044833152140085,-0.4536170926114586
0.8458255659588221,1.773025742570368,0.2542050437552159,-0.13363684508440274,-0.6270279428735364,0.9487423643672722,0.9349937573004495,-1.159179831343909,-1.1845013306886878,-0.3170153483377316,0.16836097960096755,0.6160126147318069,-2.1078936968538615,-0.3464798733596183,-0.7443879745439873,-0.08706835642375362,0.17565130292463588,-0.07729305854400065,-0.45663557264574933,-0.621180320383345,-1.4441804250943944,-1.4340056001971917,-0.7227457876685084,-3.6257878235254846,0.5354077695221152,1.6785655534347979,-0.7473742164902444,-0.05510326465664422,-1.3356665618113837
0.9564856212150733,0.2542050437552159,0.9502384898785176,0.27053793901405626,0.3967092910667943,0.4900389228149673,0.10832526784677408,0.16482507968187343,0.1615083396397584,0.12284253341982915,-0.16281706831223666,0.08465823005192645,-0.7738087252938649,-0.2142917921828604,0.07162518342791062,0.17511657811639914,-0.12256853916926783,0.6384129805336675,-0.7002360586989032,-0.8214904632417532,-1.3961835427824982,-0.5538203814129705,-0.3193526349595972,-1.2432057712303386,0.9664092470010633,0.25160452419282325,-0.8454371241439043,0.553444345261739,0.013847706577058954
1.1117790113627535,-0.13363684508440274,0.27053793901405626,0.5761076779958714,0.3251066733694113,0.5104002995426636,-0.4422974114243744,0.139872892487745,0.2781980332741914,0.609979109588813,-0.04441991083463162,-0.07040968958526976,0.047696592589187105,-0.37970844735579384,0.8087473293185814,0.18802802232696386,0.3657685418347297,0.22525580592627376,-0.26997254077280664,0.19729200429145638,-0.3995251733270744,0.1255787057211564,0.022749589701357823,-0.34986240551639675,0.6388140236129576,-0.14873674401938988,-0.3850805949746024,1.0878932696257892,0.20982775167934678
0.38724287214440695,-0.6270279428735364,0.3967092910667943,0.3251066733694113,0.514514309338283,-0.02222594384210352,-0.4446813669906397,0.5684145663924097,0.6148723656651914,0.35050673341273286,-0.15326998766712352,-0.22962784451324578,0.5048321771175998,-0.060539621913155164,0.54062188123968,0.16346896404145536,-0.022003708056221868,0.37583127501422026,-0.19792301006131102,-0.06406713023637627,-0.15516305651978293,0.36052645874498035,0.14961107838413806,0.796706040022047,0.3874528953627043,-0.5912917970981626,-0.18232738513456886,0.554627619846433,0.5936619084355373
1.7970620258076468,0.9487423643672722,0.4900389228149673,0.5104002995426636,-0.02222594384210352,1.1734332096947413,0.08889978103188975,-0.5619585044463363,-0.4252896910713538,0.5777330832227168,0.0522386735149887,0.28823522664134754,-1.2969783826432748,-0.6563376418000336,0.422498978323808,0.18234655043702355,0.5822216663901532,0.2313424410090127,-0.5822196901785323,-0.15395559107898063,-1.3580400801231114,-0.7529563528129551,-0.4605538400050237,-2.6235373075732062,1.046599442392396,0.9336170030873665,-0.8946647352045394,1.1269028636058118,-0.6386034737722731
-0.35438578815859906,0.9349937573004495,0.10832526784677408,-0.4422974114243744,-0.4446813669906397,0.08889978103188975,0.8323995962362184,-0.5338988126359315,-0.6757256181266796,-0.725065027677552,0.07862400768403147,0.3852611377571864,-1.1251981232096637,0.14240093939525303,-0.965907064377715,-0.1629728316479308,-0.34456953771030707,-0.06479871375984567,-0.19883181470549632,-0.6972276727635731,-0.6457893229899622,-0.8989126022860954,-0.38527183625216055,-1.5953894608731294,-0.051667459672498986,0.8559001760323336,-0.21897682286821923,-0.7604080529409134,-0.7261375401253934
-0.3866741015245203,-1.159179831343909,0.16482507968187343,0.139872892487745,0.5684145663924097,-0.5619585044463363,-0.5338988126359315,0.9267014909654305,0.9087675908981148,0.11775758224547742,-0.17203097180017368,-0.36306955585632333,1.1960878252180045,0.23570894875368725,0.4627107300102064,0.10638989820040848,-0.2879416366901002,0.2927965384480976,0.02507582849248237,0.028207743394155948,0.5103085382962115,0.7489834831333593,0.39868127864353015,2.142826323052909,-0.06747401787593009,-1.1201205396512093,0.23788071741713648,0.13348752279099432,0.9433190921075166
-0.10786183964657867,-1.1845013306886878,0.1615083396397584,0.2781980332741914,0.6148723656651914,-0.4252896910713538,-0.6757256181266796,0.9087675908981148,0.9403374886929031,0.3318251456757524,-0.16911363681414093,-0.3965315720620697,1.2372296855233011,0.11998398769773165,0.6861310131526273,0.14890905997680393,-0.12344441874980745,0.29582131895235636,0.02535665787915996,0.18599009658333504,0.5006833062062468,0.8287458991650518,0.4126014229328861,2.0838433042127624,0.040333668303523175,-1.1329076752931015,0.1910109354865585,0.40249139441205245,0.9691284155752095
1.318100248770756,-0.3170153483377316,0.12284253341982915,0.609979109588813,0.35050673341273286,0.5777330832227168,-0.725065027677552,0.11775758224547742,0.3318251456757524,1.1242465302305293,-0.029186314341970755,-0.2216434084962646,0.29166595358306424,-0.5215640313948915,1.0929525789078183,0.26707411318086643,0.7691945822953681,0.15435769461154814,-0.060557907625407706,0.6686930685398429,-0.07459599288730509,0.4441776942287878,0.06432559108267596,0.05804360472645421,0.5551427314078401,-0.1720053887154945,-0.23425929922026975,1.2250492893756924,0.2272080989172089
-0.024078694874539536,0.16836097960096755,-0.16281706831223666,-0.04441991083463162,-0.15326998766712352,0.0522386735149887,0.07862400768403147,-0.17203097180017368,-0.16911363681414093,-0.029186314341970755,0.06030803361299386,0.06555711693443496,-0.1084446895463804,-0.022590641911814133,-0.05720748034087741,-0.034077215385699675,0.075531146914979,-0.13540747207627915,0.06659031871969447,0.10998248551753992,0.09457836877304747,-0.06735846185960094,-0.025455640064002395,-0.22545584672776406,-0.10227562072123918,0.15852128864295467,0.06566808658821335,-0.06043812455409872,-0.1761104915626006
0.21345855485537663,0.6160126147318069,0.08465823005192645,-0.07040968958526976,-0.22962784451324578,0.28823522664134754,0.3852611377571864,-0.36306955585632333,-0.3965315720620697,-0.2216434084962646,0.06555711693443496,0.2514532474739016,-0.7389737039952136,-0.07503806530743926,-0.304634696402158,-0.04130108198492701,-0.02623139578593501,-0.023306194462289324,-0.20119308721700718,-0.2965558619082641,-0.5066805786665453,-0.5479681412155454,-0.24367945796063858,-1.2478278307362378,0.16683045556319656,0.5579637608848855,-0.2531269715457009,-0.07105092516787914,-0.46622668776056764
-1.4089019581019115,-2.1078936968538615,-0.7738087252938649,0.047696592589187105,0.5048321771175998,-1.2969783826432748,-1.1251981232096637,1.1960878252180045,1.2372296855233011,0.29166595358306424,-0.1084446895463804,-0.7389737039952136,2.768042891627823,0.4853503134879805,0.8230184442817347,5.260862943644649e-4,-0.13199142756537338,-0.2486293864102176,0.8780582969809808,1.1333122447664672,2.324153129984925,1.9028191788821256,0.9832338129235125,4.6638898520436545,-1.0762596923916392,-2.0210418173803415,1.2571413290727604,-0.16918052230181424,1.50902637582866
-1.1025501467191179,-0.3464798733596183,-0.2142917921828604,-0.37970844735579384,-0.060539621913155164,-0.6563376418000336,0.14240093939525303,0.23570894875368725,0.11998398769773165,-0.5215640313948915,-0.022590641911814133,-0.07503806530743926,0.4853503134879805,0.41736353524594355,-0.4597818935882807,-0.13787763294283206,-0.44999369187441857,-0.11492742503944958,0.2528010180097959,-0.1236109021902004,0.5839350277533533,0.21261953952821216,0.1770585654586432,1.1404347593638553,-0.5774115342480489,-0.36672642798938065,0.4340103649020276,-0.8013004125053805,0.22920987214600463
1.261935550014241,-0.7443879745439873,0.07162518342791062,0.8087473293185814,0.54062188123968,0.422498978323808,-0.965907064377715,0.4627107300102064,0.6861310131526273,1.0929525789078183,-0.05720748034087741,-0.304634696402158,0.8230184442817347,-0.4597818935882807,1.4323214758433322,0.2878365698455332,0.6387583205378269,0.18851018475463296,-0.08207921890561744,0.7549528460196687,0.18426543439134857,0.7368552811627644,0.2886694092677267,0.7870847840699411,0.5556167281640724,-0.6865240527884242,-0.13909003670538453,1.504958009650188,0.6162512676591047
0.4310291997696657,-0.08706835642375362,0.17511657811639914,0.18802802232696386,0.16346896404145536,0.18234655043702355,-0.1629728316479308,0.10638989820040848,0.14890905997680393,0.26707411318086643,-0.034077215385699675,-0.04130108198492701,5.260862943644649e-4,-0.13787763294283206,0.2878365698455332,0.09521109342479947,0.13481846879660708,0.14599812076769253,-0.13616708774916472,0.018305079830781907,-0.2063634194038768,0.038122468171737894,-0.014026637149099477,-0.08164757469842764,0.2724528372797261,-0.056265079669966654,-0.17143478501621376,0.3749415237697399,0.09069452263900775
1.000864349924414,0.17565130292463588,-0.12256853916926783,0.3657685418347297,-0.022003708056221868,0.5822216663901532,-0.34456953771030707,-0.2879416366901002,-0.12344441874980745,0.7691945822953681,0.075531146914979,-0.02623139578593501,-0.13199142756537338,-0.44999369187441857,0.6387583205378269,0.13481846879660708,0.7027282327812505,-0.09588497092175131,0.03605186217498002,0.6096854473401812,-0.042288125249342515,0.11449598433000428,-0.056900395568530146,-0.6087031312479261,0.2989146692819459,0.26548376427467923,-0.14010710613172145,0.7927843292017047,-0.20568393977403435
0.5964133405474652,-0.07729305854400065,0.6384129805336675,0.22525580592627376,0.37583127501422026,0.2313424410090127,-0.06479871375984567,0.2927965384480976,0.29582131895235636,0.15435769461154814,-0.13540747207627915,-0.023306194462289324,-0.2486293864102176,-0.11492742503944958,0.18851018475463296,0.14599812076769253,-0.09588497092175131,0.4696968269067328,-0.4472469428106706,-0.48501810442228876,-0.7895749001296393,-0.18985259514532948,-0.12398861219102802,-0.3717414629370909,0.6257926001157604,-0.06335573552360337,-0.5003058905894602,0.43415957431403124,0.19622968672695262
-0.9754246369047249,-0.45663557264574933,-0.7002360586989032,-0.26997254077280664,-0.19792301006131102,-0.5822196901785323,-0.19883181470549632,0.02507582849248237,0.02535665787915996,-0.060557907625407706,0.06659031871969447,-0.20119308721700718,0.8780582969809808,0.2528010180097959,-0.08207921890561744,-0.13616708774916472,0.03605186217498002,-0.4472469428106706,0.6549181914944767,0.6635351969049675,1.2496390997175284,0.6458462366491418,0.32248480999566703,1.5394772296921218,-0.8534471921440969,-0.40760672181697344,0.7604316384823493,-0.574611557212685,0.20257923990990348
-0.07282970708255222,-0.621180320383345,-0.8214904632417532,0.19729200429145638,-0.06406713023637627,-0.15395559107898063,-0.6972276727635731,0.028207743394155948,0.18599009658333504,0.6686930685398429,0.10998248551753992,-0.2965558619082641,1.1333122447664672,-0.1236109021902004,0.7549528460196687,0.018305079830781907,0.6096854473401812,-0.48501810442228876,0.6635351969049675,1.2821842091774807,1.3803430674639963,0.9664962172449999,0.41902956929170304,1.531435985273623,-0.5639400883517167,-0.5272689492553515,0.691436218147747,0.3483591521120383,0.2923505316082855
-2.017349959709885,-1.4441804250943944,-1.3961835427824982,-0.3995251733270744,-0.15516305651978293,-1.3580400801231114,-0.6457893229899622,0.5103085382962115,0.5006833062062468,-0.07459599288730509,0.09457836877304747,-0.5066805786665453,2.324153129984925,0.5839350277533533,0.18426543439134857,-0.2063634194038768,-0.042288125249342515,-0.7895749001296393,1.2496390997175284,1.3803430674639963,2.767780846595327,1.6058482563172713,0.8565741836242187,4.008840493861804,-1.7064946309813238,-1.3641278191443338,1.629766206497436,-0.9354317073772809,0.8100308627138432
-0.7136756800711479,-1.4340056001971917,-0.5538203814129705,0.1255787057211564,0.36052645874498035,-0.7529563528129551,-0.8989126022860954,0.7489834831333593,0.8287458991650518,0.4441776942287878,-0.06735846185960094,-0.5479681412155454,1.9028191788821256,0.21261953952821216,0.7368552811627644,0.038122468171737894,0.11449598433000428,-0.18985259514532948,0.6458462366491418,0.9664962172449999,1.6058482563172713,1.3836480618201343,0.6662786004587706,3.1151646199140868,-0.6692835647147611,-1.3349455244209145,0.8374588678004213,0.08251471709268432,1.0128624652744802
-0.5215659370100717,-0.7227457876685084,-0.3193526349595972,0.022749589701357823,0.14961107838413806,-0.4605538400050237,-0.38527183625216055,0.39868127864353015,0.4126014229328861,0.06432559108267596,-0.025455640064002395,-0.24367945796063858,0.9832338129235125,0.1770585654586432,0.2886694092677267,-0.014026637149099477,-0.056900395568530146,-0.12398861219102802,0.32248480999566703,0.41902956929170304,0.8565741836242187,0.6662786004587706,0.3599853975145194,1.623586567207726,-0.40672968488277716,-0.7129062178388395,0.46400440401164,-0.057745244557761595,0.5192655241857087
-3.172808391020001,-3.6257878235254846,-1.2432057712303386,-0.34986240551639675,0.796706040022047,-2.6235373075732062,-1.5953894608731294,2.142826323052909,2.0838433042127624,0.05804360472645421,-0.22545584672776406,-1.2478278307362378,4.6638898520436545,1.1404347593638553,0.7870847840699411,-0.08164757469842764,-0.6087031312479261,-0.3717414629370909,1.5394772296921218,1.531435985273623,4.008840493861804,3.1151646199140868,1.623586567207726,8.32810487297931,-2.1382522334761846,-3.428611505426721,2.288807011801911,-1.0959248823228753,2.5490553260800928
1.872824579373623,0.5354077695221152,0.9664092470010633,0.6388140236129576,0.3874528953627043,1.046599442392396,-0.051667459672498986,-0.06747401787593009,0.040333668303523175,0.5551427314078401,-0.10227562072123918,0.16683045556319656,-1.0762596923916392,-0.5774115342480489,0.5556167281640724,0.2724528372797261,0.2989146692819459,0.6257926001157604,-0.8534471921440969,-0.5639400883517167,-1.7064946309813238,-0.6692835647147611,-0.40672968488277716,-2.1382522334761846,1.3713734537996258,0.5125104449928336,-1.1214095080229727,1.304928276142991,-0.1870904121607308
0.8693510007162575,1.6785655534347979,0.25160452419282325,-0.14873674401938988,-0.5912917970981626,0.9336170030873665,0.8559001760323336,-1.1201205396512093,-1.1329076752931015,-0.1720053887154945,0.15852128864295467,0.5579637608848855,-2.0210418173803415,-0.36672642798938065,-0.6865240527884242,-0.056265079669966654,0.26548376427467923,-0.06335573552360337,-0.40760672181697344,-0.5272689492553515,-1.3641278191443338,-1.3349455244209145,-0.7129062178388395,-3.428611505426721,0.5125104449928336,1.6470203042701002,-0.7061180595974886,-0.05941337175576294,-1.3028030265221606
-1.4360326062843207,-0.7473742164902444,-0.8454371241439043,-0.3850805949746024,-0.18232738513456886,-0.8946647352045394,-0.21897682286821923,0.23788071741713648,0.1910109354865585,-0.23425929922026975,0.06566808658821335,-0.2531269715457009,1.2571413290727604,0.4340103649020276,-0.13909003670538453,-0.17143478501621376,-0.14010710613172145,-0.5003058905894602,0.7604316384823493,0.691436218147747,1.629766206497436,0.8374588678004213,0.46400440401164,2.288807011801911,-1.1214095080229727,-0.7061180595974886,1.0043775051649557,-0.8296546889391657,0.3830748045369839
2.3044833152140085,-0.05510326465664422,0.553444345261739,1.0878932696257892,0.554627619846433,1.1269028636058118,-0.7604080529409134,0.13348752279099432,0.40249139441205245,1.2250492893756924,-0.06043812455409872,-0.07105092516787914,-0.16918052230181424,-0.8013004125053805,1.504958009650188,0.3749415237697399,0.7927843292017047,0.43415957431403124,-0.574611557212685,0.3483591521120383,-0.9354317073772809,0.08251471709268432,-0.057745244557761595,-1.0959248823228753,1.304928276142991,-0.05941337175576294,-0.8296546889391657,2.106009010268584,0.21792345376392125
-0.4536170926114586,-1.3356665618113837,0.013847706577058954,0.20982775167934678,0.5936619084355373,-0.6386034737722731,-0.7261375401253934,0.9433190921075166,0.9691284155752095,0.2272080989172089,-0.1761104915626006,-0.46622668776056764,1.50902637582866,0.22920987214600463,0.6162512676591047,0.09069452263900775,-0.20568393977403435,0.19622968672695262,0.20257923990990348,0.2923505316082855,0.8100308627138432,1.0128624652744802,0.5192655241857087,2.5490553260800928,-0.1870904121607308,-1.3028030265221606,0.3830748045369839,0.21792345376392125,1.0973229931934219
