V1,V2,V3,V4,V5,V6,V7,V8,V9,V10,V11,V12,V13,V14,V15,V16,V17,V18,V19,V20,V21,V22,V23,V24,V25,V26,V27,V28,V29
4.976174610219315,-0.6309920432726355,-0.644775864397387,-0.32850778598631264,-3.3430670459872616,-3.3290850691002905,-0.03255960436562754,5.0812018425958785,1.8853367525936295,0.7023688358648661,-0.3186229827977928,-1.9009897404004623,-7.343310754325475,1.0684620639525801,0.24618559591235611,-1.3405661054424385,2.352624330642746,3.147694771402789,-7.022985697474231,-2.706949496003619,5.19220976625849,-4.01099024914316,7.422717075486286,-0.7956920678825959,-3.475574865639151,0.5812717222664587,-2.064311067784065,4.658710193118082,1.5050912802842096
-0.6309920432726355,0.6690147981938712,0.8127143721733393,0.8775983658887216,0.28675261718881545,0.904486175829817,-0.5145793729859818,-1.1631602430592927,-0.14180748431054646,-1.3911717193405204,-0.0396798386653929,0.7006081575372358,1.8744931290882274,-0.49897232168451466,-1.1861731019695851,0.5270734149778813,0.40344303438605483,-0.8517534614892507,1.2139183153986226,0.9970044969358407,-0.5455498121855643,0.33786946335948465,-1.512057675609904,0.5273513151000833,0.9691426256335774,-0.03635839610864548,0.5692737577907268,-1.5422366343931337,-0.4951633325887877
-0.644775864397387,0.8127143721733393,1.091059878677545,1.2472430055633903,0.20538744969799183,1.1737049762765739,-0.6199284272589081,-1.427451682296967,-0.13155458061056607,-1.9044358803306092,-0.08192754845693809,0.9266142801588814,2.2974657395842653,-0.6116189589194069,-1.634189818769086,0.653293857933357,0.5458918590524884,-1.0121224915236238,1.3992326008103733,1.2489018648867822,-0.6284697165276929,0.4271866074202768,-1.7463372355969722,0.6892272976937627,1.2235164522964357,-0.022090149159041464,0.6349109754699497,-1.88125648878491,-0.5685605260690331
-0.32850778598631264,0.8775983658887216,1.2472430055633903,1.5635781262074222,-0.09524703464304428,1.1418643395249701,-0.6867101099223374,-1.2662642864261366,0.06586589423860127,-2.2570347820870658,-0.12874103432739603,0.9450546211793307,2.0597235515825973,-0.70077439260422,-1.9587052395846196,0.7091914248281352,0.8641385944453446,-0.9597048480707866,1.0276509147609039,1.2436152021087217,-0.32835969415742383,0.12787759104229546,-1.4064440789372066,0.7689653867212708,1.1460551488149777,0.007509839865680153,0.5402285627122149,-1.8220003574802641,-0.5417200628792711
-3.3430670459872616,0.28675261718881545,0.20538744969799183,-0.09524703464304428,2.3359901569557873,2.0392804763318617,0.15031350113770703,-3.222604590111125,-1.3129711540874782,-0.053891015350248,0.24819511071556982,1.1129612536848141,4.630459721611561,-0.6012535321979189,0.23659169379490863,0.7880722123922658,-1.7399702443707026,-1.9801536708559395,4.601822740335505,1.611229913959078,-3.481158786527072,2.69063941590002,-4.838236323270055,0.40038826086972523,2.1591574874545203,-0.39640453919499546,1.3174241610545572,-2.8485148912025013,-0.9493980341275474
-3.3290850691002905,0.904486175829817,1.1737049762765739,1.1418643395249701,2.0392804763318617,2.8913097804310253,-0.3659701071097133,-4.0643305620353205,-1.2018434430882083,-1.8628069177308026,0.14333303720567728,1.7980180361022886,5.983613217899662,-1.0592999243436092,-1.4017936317089121,1.2524625908473006,-0.994474214521846,-2.588703005913305,5.1826295149213015,2.466854650926783,-3.5351462643933904,2.778138400444036,-5.574412000616858,0.9947748139269994,3.002366222452911,-0.40686508408175076,1.612588752245186,-4.042129093089714,-1.276396191543666
-0.03255960436562754,-0.5145793729859818,-0.6199284272589081,-0.6867101099223374,0.15031350113770703,-0.3659701071097133,0.5388865672102016,0.4185202413395053,-0.10868807170737267,1.052608204059587,0.058593307439494896,-0.382226223370285,-0.7729218027721005,0.2859349206207256,0.9994180016851921,-0.2913847351065075,-0.5895662819755517,0.36468749846494897,-0.21541519808469567,-0.5595659306910169,-0.19791844324696226,0.20577612474723161,0.4109474231864925,-0.3100877760932662,-0.37252156639405043,-0.07718824109021272,-0.2928576481929099,0.7636914414404784,0.23728014394243466
5.0812018425958785,-1.1631602430592927,-1.427451682296967,-1.2662642864261366,-3.222604590111125,-4.0643305620353205,0.4185202413395053,5.8838538302622965,1.8559228616070274,2.134169848997064,-0.26817079398803506,-2.4756448612894295,-8.616941855734998,1.4467950229449262,1.5124301064762937,-1.746715542592257,1.793259148568441,3.7302059370523803,-7.660871528030291,-3.445743542972372,5.328250577333013,-4.156028597798965,8.217867113971147,-1.2592554926010042,-4.216862965756822,0.5888972481828605,-2.373544102791251,5.699550382039675,1.8287522352780836
1.8853367525936295,-0.14180748431054646,-0.13155458061056607,0.06586589423860127,-1.3129711540874782,-1.2018434430882083,-0.10868807170737267,1.8559228616070274,0.8159938053958957,0.04642671159298086,-0.1267874832055583,-0.6823665919154316,-2.69923377792568,0.28387516097634763,-0.11326010371277034,-0.3957553336062209,1.0603075821825443,1.0760762167541589,-2.656705753215014,-0.9408472901639281,2.0268484489855387,-1.6522104144958112,2.762395042938004,-0.24160018193168925,-1.2691471093195539,0.2070681353050468,-0.7336171025257935,1.6277457361931147,0.5032087031247592
0.7023688358648661,-1.3911717193405204,-1.9044358803306092,-2.2570347820870658,-0.053891015350248,-1.8628069177308026,1.052608204059587,2.134169848997064,0.04642671159298086,3.444063593930662,0.16668334861165737,-1.4803664725719587,-3.4606270124486116,1.047896117554433,2.9513421864346423,-1.0823618412120206,-1.2552046940755643,1.5854127525365787,-1.9290393662805636,-1.9833052131713769,0.6922082729275397,-0.43184084612665796,2.487801950905847,-1.2195270608434712,-1.9590591275560703,0.06039293609123737,-0.917437630879682,2.9725887399822875,0.9158175931302281
-0.3186229827977928,-0.0396798386653929,-0.08192754845693809,-0.12874103432739603,0.24819511071556982,0.14333303720567728,0.058593307439494896,-0.26817079398803506,-0.1267874832055583,0.16668334861165737,0.06557699854290501,0.03056924804936239,0.3311175126713904,-0.030628447344259933,0.16928442430838617,0.05153359859998664,-0.22525119194315277,-0.1738453748463405,0.4264331115577935,0.059760349837859585,-0.3279339204994836,0.2642104544056127,-0.40203661958074116,-0.023608564839231613,0.1432699097095214,-0.05866954601061429,0.10176846811434745,-0.13141791207446735,-0.0766970912028908
-1.9009897404004623,0.7006081575372358,0.9266142801588814,0.9450546211793307,1.1129612536848141,1.7980180361022886,-0.382226223370285,-2.4756448612894295,-0.6823665919154316,-1.4803664725719587,0.03056924804936239,1.230511150786221,3.7501723481457825,-0.696375275696983,-1.164543007733577,0.8118505948538353,-0.4017603380233821,-1.5799833049992102,3.02758644089269,1.6549133455424025,-1.9995104913976325,1.5417014729477099,-3.36983580300476,0.692561659244467,1.8536079282658695,-0.1576949716607165,1.0214979668957733,-2.630281580044984,-0.7943977402390314
-7.343310754325475,1.8744931290882274,2.2974657395842653,2.0597235515825973,4.630459721611561,5.983613217899662,-0.7729218027721005,-8.616941855734998,-2.69923377792568,-3.4606270124486116,0.3311175126713904,3.7501723481457825,12.749612359792788,-2.1593325962102314,-2.5112356643762417,2.5907944766628197,-2.4152235796758186,-5.462782939663753,11.129109051449653,5.206872799453685,-7.665589736112778,5.9572360561985205,-12.054114976167018,1.9480037891482147,6.227412002572984,-0.7885832618988207,3.531638369302064,-8.557084528136851,-2.708642977847302
1.0684620639525801,-0.49897232168451466,-0.6116189589194069,-0.70077439260422,-0.6012535321979189,-1.0592999243436092,0.2859349206207256,1.4467950229449262,0.28387516097634763,1.047896117554433,-0.030628447344259933,-0.696375275696983,-2.1593325962102314,0.549799929884659,0.8202276829526838,-0.5820796112842372,0.004649485813741187,1.0282871439448569,-1.7089741410361456,-0.9939912692750567,1.0624542413799882,-0.697674918672369,1.9675131586888925,-0.4676144739325437,-1.0844948113395825,0.13031976543436005,-0.6186983051336317,1.607425078250977,0.5444150242326337
0.24618559591235611,-1.1861731019695851,-1.634189818769086,-1.9587052395846196,0.23659169379490863,-1.4017936317089121,0.9994180016851921,1.5124301064762937,-0.11326010371277034,2.9513421864346423,0.16928442430838617,-1.164543007733577,-2.5112356643762417,0.8202276829526838,2.6672950645262827,-0.8347062981060506,-1.2590032631681514,1.1455011866354952,-1.1938162095925826,-1.559808475290407,0.17754641528992673,-0.0958017767066739,1.5803615100908417,-1.006575863815573,-1.4660061352476792,0.009549244878568527,-0.6881245924377073,2.2794502541983825,0.6669713079881604
-1.3405661054424385,0.5270734149778813,0.653293857933357,0.7091914248281352,0.7880722123922658,1.2524625908473006,-0.2913847351065075,-1.746715542592257,-0.3957553336062209,-1.0823618412120206,0.05153359859998664,0.8118505948538353,2.5907944766628197,-0.5820796112842372,-0.8347062981060506,0.652097168001456,-0.1597854474973653,-1.202147168952318,2.110532565034057,1.1417914421400754,-1.3565647868894468,0.9522414597593326,-2.379226077873368,0.4939809380785958,1.289787443727292,-0.1514412800499587,0.7328759687583049,-1.8509100892910844,-0.6222439306112965
2.352624330642746,0.40344303438605483,0.5458918590524884,0.8641385944453446,-1.7399702443707026,-0.994474214521846,-0.5895662819755517,1.793259148568441,1.0603075821825443,-1.2552046940755643,-0.22525119194315277,-0.4017603380233821,-2.4152235796758186,0.004649485813741187,-1.2590032631681514,-0.1597854474973653,2.044180203854939,0.8869190094488998,-2.9279358941257616,-0.542256208644972,2.598344866288906,-2.160248428337789,2.8325028830547763,0.16539525622512755,-0.986744156517114,0.24614553954921395,-0.631060301789784,1.0770132642973067,0.3035627765780819
3.147694771402789,-0.8517534614892507,-1.0121224915236238,-0.9597048480707866,-1.9801536708559395,-2.588703005913305,0.36468749846494897,3.7302059370523803,1.0760762167541589,1.5854127525365787,-0.1738453748463405,-1.5799833049992102,-5.462782939663753,1.0282871439448569,1.1455011866354952,-1.202147168952318,0.8869190094488998,2.4571782618018516,-4.786571853051064,-2.234198115327354,3.2358746845153794,-2.4408548082026873,5.198255503399056,-0.8667556242379525,-2.697936197504004,0.39076626161399586,-1.5329911271037835,3.7023161449425217,1.2360544803266016
-7.022985697474231,1.2139183153986226,1.3992326008103733,1.0276509147609039,4.601822740335505,5.1826295149213015,-0.21541519808469567,-7.660871528030291,-2.656705753215014,-1.9290393662805636,0.4264331115577935,3.02758644089269,11.129109051449653,-1.7089741410361456,-1.1938162095925826,2.110532565034057,-2.9279358941257616,-4.786571853051064,10.325521688256389,4.251129602485373,-7.378355508949797,5.811267208054004,-10.909715486329928,1.446355735253185,5.430392141204307,-0.8749281587889595,3.073117212854036,-7.192351919341749,-2.3186291860478025
-2.706949496003619,0.9970044969358407,1.2489018648867822,1.2436152021087217,1.611229913959078,2.466854650926783,-0.5595659306910169,-3.445743542972372,-0.9408472901639281,-1.9833052131713769,0.059760349837859585,1.6549133455424025,5.206872799453685,-0.9939912692750567,-1.559808475290407,1.1417914421400754,-0.542256208644972,-2.234198115327354,4.251129602485373,2.291327369384714,-2.7735376473062905,2.10193543972366,-4.7372215108990074,0.9489544541923689,2.558361251749405,-0.24749513824591587,1.4604162508059106,-3.6775424107293255,-1.1394830073053086
5.19220976625849,-0.5455498121855643,-0.6284697165276929,-0.32835969415742383,-3.481158786527072,-3.5351462643933904,-0.19791844324696226,5.328250577333013,2.0268484489855387,0.6922082729275397,-0.3279339204994836,-1.9995104913976325,-7.665589736112778,1.0624542413799882,0.17754641528992673,-1.3565647868894468,2.598344866288906,3.2358746845153794,-7.378355508949797,-2.7735376473062905,5.575691424937182,-4.373085197416813,7.745677783106898,-0.8285635483097443,-3.675886518597444,0.625414895971431,-2.0679064913747816,4.781054891543923,1.5197600178458868
-4.01099024914316,0.33786946335948465,0.4271866074202768,0.12787759104229546,2.69063941590002,2.778138400444036,0.20577612474723161,-4.156028597798965,-1.6522104144958112,-0.43184084612665796,0.2642104544056127,1.5417014729477099,5.9572360561985205,-0.697674918672369,-0.0958017767066739,0.9522414597593326,-2.160248428337789,-2.4408548082026873,5.811267208054004,2.10193543972366,-4.373085197416813,3.6117819669274254,-5.955964248961395,0.6132902369243574,2.907885195905132,-0.5157730494720542,1.562058946889952,-3.6138944495332286,-1.1153365704987477
7.422717075486286,-1.512057675609904,-1.7463372355969722,-1.4064440789372066,-4.838236323270055,-5.574412000616858,0.4109474231864925,8.217867113971147,2.762395042938004,2.487801950905847,-0.40203661958074116,-3.36983580300476,-12.054114976167018,1.9675131586888925,1.5803615100908417,-2.379226077873368,2.8325028830547763,5.198255503399056,-10.909715486329928,-4.7372215108990074,7.745677783106898,-5.955964248961395,11.7537157602171,-1.6540426642108053,-5.822948935370062,0.8379545163587204,-3.3583963709646363,7.940173838924872,2.5656314873392567
-0.7956920678825959,0.5273513151000833,0.6892272976937627,0.7689653867212708,0.40038826086972523,0.9947748139269994,-0.3100877760932662,-1.2592554926010042,-0.24160018193168925,-1.2195270608434712,-0.023608564839231613,0.692561659244467,1.9480037891482147,-0.4676144739325437,-1.006575863815573,0.4939809380785958,0.16539525622512755,-0.8667556242379525,1.446355735253185,0.9489544541923689,-0.8285635483097443,0.6132902369243574,-1.6540426642108053,0.5257257804894365,1.0683678724141594,-0.11979872279169412,0.5244067647457313,-1.5225646433810576,-0.4727854851089666
-3.475574865639151,0.9691426256335774,1.2235164522964357,1.1460551488149777,2.1591574874545203,3.002366222452911,-0.37252156639405043,-4.216862965756822,-1.2691471093195539,-1.9590591275560703,0.1432699097095214,1.8536079282658695,6.227412002572984,-1.0844948113395825,-1.4660061352476792,1.289787443727292,-0.986744156517114,-2.697936197504004,5.430392141204307,2.558361251749405,-3.675886518597444,2.907885195905132,-5.822948935370062,1.0683678724141594,3.1877860597354992,-0.4667089426119544,1.6827621480419064,-4.248622207448955,-1.3517346645293205
0.5812717222664587,-0.03635839610864548,-0.022090149159041464,0.007509839865680153,-0.39640453919499546,-0.40686508408175076,-0.07718824109021272,0.5888972481828605,0.2070681353050468,0.06039293609123737,-0.05866954601061429,-0.1576949716607165,-0.7885832618988207,0.13031976543436005,0.009549244878568527,-0.1514412800499587,0.24614553954921395,0.39076626161399586,-0.8749281587889595,-0.24749513824591587,0.625414895971431,-0.5157730494720542,0.8379545163587204,-0.11979872279169412,-0.4667089426119544,0.16654156446162022,-0.20206382937375691,0.5012936157699932,0.19044165185284453
-2.064311067784065,0.5692737577907268,0.6349109754699497,0.5402285627122149,1.3174241610545572,1.612588752245186,-0.2928576481929099,-2.373544102791251,-0.7336171025257935,-0.917437630879682,0.10176846811434745,1.0214979668957733,3.531638369302064,-0.6186983051336317,-0.6881245924377073,0.7328759687583049,-0.631060301789784,-1.5329911271037835,3.073117212854036,1.4604162508059106,-2.0679064913747816,1.562058946889952,-3.3583963709646363,0.5244067647457313,1.6827621480419064,-0.20206382937375691,1.0362614138610355,-2.403754364784255,-0.7742454367886602
4.658710193118082,-1.5422366343931337,-1.88125648878491,-1.8220003574802641,-2.8485148912025013,-4.042129093089714,0.7636914414404784,5.699550382039675,1.6277457361931147,2.9725887399822875,-0.13141791207446735,-2.630281580044984,-8.557084528136851,1.607425078250977,2.2794502541983825,-1.8509100892910844,1.0770132642973067,3.7023161449425217,-7.192351919341749,-3.6775424107293255,4.781054891543923,-3.6138944495332286,7.940173838924872,-1.5225646433810576,-4.248622207448955,0.5012936157699932,-2.403754364784255,6.019990915192347,1.8914642704703906
1.5050912802842096,-0.4951633325887877,-0.5685605260690331,-0.5417200628792711,-0.9493980341275474,-1.276396191543666,0.23728014394243466,1.8287522352780836,0.5032087031247592,0.9158175931302281,-0.0766970912028908,-0.7943977402390314,-2.708642977847302,0.5444150242326337,0.6669713079881604,-0.6222439306112965,0.3035627765780819,1.2360544803266016,-2.3186291860478025,-1.1394830073053086,1.5197600178458868,-1.1153365704987477,2.5656314873392567,-0.4727854851089666,-1.3517346645293205,0.19044165185284453,-0.7742454367886602,1.8914642704703906,0.6460068216464935
