V1,V2,V3,V4,V5,V6,V7,V8,V9,V10,V11,V12,V13,V14,V15,V16,V17,V18,V19,V20,V21,V22,V23,V24,V25,V26,V27,V28,V29,V30,V31,V32,V33,V34,V35,V36,V37,V38,V39,V40,V41,V42,V43
356.4745812982314,-10.82316466405691,81.07814706671262,-85.93456509290016,118.43112843209504,-170.8191548444959,300.6384960102751,-38.309293149325676,246.40545545324605,92.21139990806657,-50.24733756962483,-165.67921131125513,-316.8005914710884,39.84416151760768,-138.65692514393155,-526.0479078430923,-58.97631104915709,-92.19394411942622,5.447269144871588,230.61626259326871,96.3502276404927,-137.90020016185048,-584.690506465762,22.073383214198074,-58.74967583850516,-8.185981872709393,26.851937661218244,-2.384741521693717,78.64225669980323,300.7186053786054,-175.98198927510347,-250.48711353594967,-232.64646104982117,428.0531666284564,-53.227050989270104,376.4899152734934,-193.19754911525567,-475.303886022349,119.67923530008287,329.4090527716793,16.116850042665344,-325.1747057889804,-181.14314139892707
-10.82316466405691,0.8430411523469508,-2.1063770397764556,2.8661754842930267,-4.140714224767765,4.5153851949214046,-8.686307679231092,1.1251904146688212,-8.394124016502957,-3.142592124045707,0.47675497122487775,3.8788845456027743,10.0425463354558,-1.3707077887547334,3.926343363479756,16.837264153361527,2.1923178902204215,2.8822731066679212,-0.2912506169489705,-6.730291991189273,-3.422531876240675,4.6466109276732865,18.094668643719125,0.2344025100403961,2.4756313149695925,0.3469233081181917,-0.9825457240896006,0.3546792257691735,-1.529895024501966,-9.020770857425212,5.499714676115803,7.795892271851837,6.817025591793385,-12.272184263302686,1.53911627570499,-11.716395684661764,5.073467127624934,14.369517914647323,-4.114254764247255,-10.343528154081156,-0.3519053487005685,9.907690060960224,5.034048292913488
81.07814706671262,-2.1063770397764556,18.68876183017437,-19.372141118111116,26.561572286315005,-39.31510511454535,68.68987547828033,-8.741260450297508,55.410610225527265,20.73310782662244,-12.152889036176534,-38.478880542038304,-71.76315979927828,8.951923570143755,-31.732828666451717,-119.04682360754171,-13.135334951581486,-20.911185464752606,1.1500075798912033,52.639723570683664,21.569101863078085,-31.04987833880067,-132.7504324731057,5.6447188989481525,-12.882920138421175,-1.793351843037927,5.9888879504675065,-0.34961013776153793,18.485810091649306,68.47415324262975,-39.914606853323654,-56.84135405386241,-53.08943777292683,97.86154615735046,-12.157959718325948,85.43301142258764,-44.488398686644544,-108.14316552261162,26.886969939014293,74.68415463142775,3.760954651907745,-73.93563764073595,-41.525364036901784
-85.93456509290016,2.8661754842930267,-19.372141118111116,20.852157563078723,-28.824664472464036,40.84328149825019,-72.26455936938775,9.219264734437488,-59.851974106497615,-22.395256505172657,11.58886720113919,39.365998344933,76.58460568264405,-9.687026883271347,33.28436487437956,127.24200619644095,14.416139627551775,22.265519633898506,-1.3724976274447298,-55.4578437002671,-23.472200380891465,33.47771928745055,141.12519205669236,-4.8681304443167255,14.505950458868975,2.021682756734676,-6.551577956627746,0.719750777069295,-18.540930798104817,-72.44142126037424,42.495659207630254,60.48146139263063,55.96890721488157,-102.83311620591918,12.790316876591879,-90.90147571422219,46.17665346110241,114.54167895320703,-29.08845122926515,-79.57749998443414,-3.817274040636769,78.40725378599028,43.44119028137613
118.43112843209504,-4.140714224767765,26.561572286315005,-28.824664472464036,39.92502268096652,-56.040120449645784,99.41688236134198,-12.688855982658973,82.82843304205734,30.99641723446587,-15.582386922721199,-53.8235148526053,-105.6992225959739,13.407727223707555,-45.765271540562935,-175.68346608082607,-20.019407230941173,-30.717655930768444,1.9417946486951714,76.32951489089542,32.5363479485085,-46.30299933469468,-194.61500315033527,6.374514783329524,-20.250122180606944,-2.8233094233553757,9.097014505731464,-1.0941543679776284,25.222077533746397,99.79270327710853,-58.63002946375838,-83.42195096029849,-77.03354267207942,141.44633099345666,-17.601310118110042,125.38287882517504,-63.345778280041195,-157.84083360013508,40.268681989260664,109.80105872174543,5.209805664586107,-108.0696854477324,-59.68917441116394
-170.8191548444959,4.5153851949214046,-39.31510511454535,40.84328149825019,-56.040120449645784,82.73015073719645,-144.63841691176546,18.406745419626642,-116.88486650600372,-43.73990745021714,25.446092536950346,80.89368129298711,151.25486146286565,-18.882851313458843,66.81295011882557,250.94843105310142,27.7369852507833,44.07016378937206,-2.4463187081847,-110.86336719578803,-45.52177098465237,65.48062347302113,279.7311876260497,-11.757345980444942,27.24989813125296,3.794345772150768,-12.649262535071536,0.7742401214191504,-38.80286484037994,-144.24436719849135,84.12512460130641,119.78225677306409,111.8030968880855,-206.0632877453827,25.6064549751734,-180.03802834191163,93.61203639825783,227.8418454213308,-56.72242886747336,-157.4036963545967,-7.902178362868094,155.7751946365124,87.40934231434167
300.6384960102751,-8.686307679231092,68.68987547828033,-72.26455936938775,99.41688236134198,-144.63841691176546,253.94327153059552,-32.34610656431855,207.01984091210437,77.46578738924255,-43.27709465253407,-140.71830744986164,-266.8178341667747,33.46673318494196,-117.18223204619785,-442.9022729675234,-49.39152132484564,-77.68079826872541,4.480845175725448,194.72628252602257,80.82732862775617,-115.91251681182666,-492.81974666330194,19.390851476451054,-48.94977652973743,-6.817916479407061,22.49529694201514,-1.775196881996659,67.07697731772467,253.7140041139428,-148.2739362186771,-211.09144832072437,-196.4300849746446,361.63471808965153,-44.952358103167384,317.2725275527714,-163.6146405090926,-400.89578952245466,100.51694876987659,277.51418765933903,13.711670126243629,-274.21248817587593,-153.1785025996946
-38.309293149325676,1.1251904146688212,-8.741260450297508,9.219264734437488,-12.688855982658973,18.406745419626642,-32.34610656431855,4.121563529067424,-26.41120797269335,-9.881896054684358,5.477154696365271,17.890062248223515,34.01455723274515,-4.2701065085632575,14.921835412129356,56.467017380301925,6.308314771014876,9.901663948163982,-0.5745604247825576,-24.803505736762713,-10.316825423482673,14.787797126838965,62.811255763195376,-2.4382097897822477,6.261307016331135,0.8718989366472509,-2.8716558413846567,0.2383753687412848,-8.519308620303063,-32.32695436150039,18.898069227090105,26.906085498827977,25.0235802493067,-46.05738524429934,5.724864624477426,-40.438782950369834,20.820103778824308,51.07987361464869,-12.824682681105646,-35.37448927875144,-1.7430160624631932,34.94341730898963,19.503478862341147
246.40545545324605,-8.394124016502957,55.410610225527265,-59.851974106497615,82.82843304205734,-116.88486650600372,207.01984091210437,-26.41120797269335,171.94530416821593,64.35090244828018,-32.87140576807456,-112.47840105839809,-219.73292301901463,27.82630710138882,-95.34056687807225,-365.1579009951658,-41.47987555694015,-63.87525065437051,3.9908240513683215,158.92708413558347,67.48405301062185,-96.1336259244101,-404.7603953102046,13.653379980091966,-41.83864189235425,-5.833470077790329,18.860679720192152,-2.146592679086934,52.83084941258497,207.6695592467534,-121.92566686226503,-173.4812445177673,-160.36957053223867,294.59449510202927,-36.657139427704664,260.7480120668935,-132.13862238117966,-328.4397847720379,83.58009766007861,228.30612204715158,10.895938791575913,-224.8316557767326,-124.3814832567663
92.21139990806657,-3.142592124045707,20.73310782662244,-22.395256505172657,30.99641723446587,-43.73990745021714,77.46578738924255,-9.881896054684358,64.35090244828018,24.08536779218933,-12.298796585187878,-42.08913631338295,-82.23024436743094,10.41337645782996,-35.67823536319236,-136.6558516765836,-15.524322981515821,-23.904194126408267,1.4955136472426562,59.47420612885546,25.256873935375257,-35.97462574393832,-151.47099820772934,5.107802222118225,-15.66021350598957,-2.183837101284425,7.060741717292736,-0.8014176130554744,19.76318822969769,77.71359147121386,-45.63113386707867,-64.92066439916098,-60.009786215190786,110.24058898238543,-13.719011878445263,97.57986425287801,-49.448428391301974,-122.91496407410301,31.280520045252562,85.44031271940264,4.076554690844047,-84.13757404149722,-46.54289964208221
-50.24733756962483,0.47675497122487775,-12.152889036176534,11.58886720113919,-15.582386922721199,25.446092536950346,-43.27709465253407,5.477154696365271,-32.87140576807456,-12.298796585187878,9.221160625034823,25.701247045647367,43.790964312110255,-5.28820870679766,20.12274647664692,72.38524201784745,7.493881661276187,12.825851655759344,-0.5112793759130868,-33.06061676872125,-12.567417844067453,18.50059091408455,81.71761182314211,-4.955825767113765,6.870525743584187,0.9533112082518514,-3.443826887223162,-0.23981897551057688,-12.834066791831258,-42.61153185546991,24.486667587392404,34.91894287653503,33.295612840909115,-61.81333302173504,7.659613572768575,-52.48660151979039,28.848008547820047,67.12285266204161,-15.889813657483248,-45.734715838677644,-2.551760607578861,45.764429225524445,26.483042177629216
-165.67921131125513,3.8788845456027743,-38.478880542038304,39.365998344933,-53.8235148526053,80.89368129298711,-140.71830744986164,17.890062248223515,-112.47840105839809,-42.08913631338295,25.701247045647367,79.5810010508213,146.2923126571733,-18.15886210140499,65.07879906339684,242.55454597973076,26.510294573751278,42.66260897736017,-2.2494808416129493,-107.79162752536908,-43.66711101811302,63.06397028420061,270.98180737569265,-12.283918551903026,25.75631169774952,3.584426838325412,-12.104226930355145,0.47581890180112624,-38.47294412118775,-140.01085912439387,81.44005762836565,115.9925964111054,108.68081394065555,-200.5686662508783,24.910166186870025,-174.34272340001533,91.5663228787441,221.04487247772792,-54.547751490575955,-152.33322323288183,-7.797749300325867,151.05404939326561,85.23424576787697
-316.8005914710884,10.0425463354558,-71.76315979927828,76.58460568264405,-105.6992225959739,151.25486146286565,-266.8178341667747,34.01455723274515,-219.73292301901463,-82.23024436743094,43.790964312110255,146.2923126571733,281.89367533620293,-35.54354254735264,122.99210748659648,468.2143360276308,52.741888625598754,82.00099775335202,-4.9438505301844975,-204.72575150395008,-86.03511609257488,122.93288566341568,519.9009532231534,-18.871475244857518,52.78088549354235,7.355988996036491,-23.999146199271944,2.350895484761623,-69.18652077143301,-267.1602032785532,156.52372984729524,222.76647695429642,206.55356160585504,-379.81733607877277,47.23895901138379,-334.8237877133231,171.04287173214556,422.3532547319323,-106.7553948181278,-293.0277555296455,-14.20909270334066,289.01322765891445,160.60156612878714
39.84416151760768,-1.3707077887547334,8.951923570143755,-9.687026883271347,13.407727223707555,-18.882851313458843,33.46673318494196,-4.2701065085632575,27.82630710138882,10.41337645782996,-5.28820870679766,-18.15886210140499,-35.54354254735264,4.504799799676429,-15.40963866610908,-59.06851364282698,-6.716591575144497,-10.330239953796136,0.647732483571213,25.69158599510168,10.923967422113689,-15.558128782786468,-65.46050951808773,2.184224327924865,-6.783045761539205,-0.9458150078412189,3.052356695156702,-0.3541357054195717,8.523857484457844,33.57781403550148,-19.71796627712062,-28.05734577683668,-25.927906038769468,47.61882099380179,-5.924698835895099,42.17072226630356,-21.34631101447649,-53.106245924671654,13.52726155651508,36.92482528636059,1.7579277393129389,-36.35656789002768,-20.102608021977098
-138.65692514393155,3.926343363479756,-31.732828666451717,33.28436487437956,-45.765271540562935,66.81295011882557,-117.18223204619785,14.921835412129356,-95.34056687807225,-35.67823536319236,20.12274647664692,65.07879906339684,122.99210748659648,-15.40963866610908,54.089565156500385,204.13859954580437,22.717960885952706,35.814490426868126,-2.049364647664076,-89.85184562443881,-37.20273690836571,53.385549924786915,227.23704103134784,-9.08456956197005,22.47033411581892,3.1298902658004426,-10.351887401667963,0.7713351357907001,-31.062621911646318,-117.03018223187053,68.364962793556,97.32621729398888,90.62819762715252,-166.89796824442237,20.74592925201672,-146.28503064749896,75.58445472157052,184.91186052625105,-46.28653812326199,-127.94053470192232,-6.344314213471185,126.46321830368566,70.71607011879789
-526.0479078430923,16.837264153361527,-119.04682360754171,127.24200619644095,-175.68346608082607,250.94843105310142,-442.9022729675234,56.467017380301925,-365.1579009951658,-136.6558516765836,72.38524201784745,242.55454597973076,468.2143360276308,-59.06851364282698,204.13859954580437,777.7454392090096,87.70721962034042,136.19033626367047,-8.25216392438088,-339.86275778423294,-143.0213304093549,204.26998155926,863.3997192087536,-31.05242175321704,87.86220206990238,12.246119628960322,-39.908938869504645,3.9908037687894056,-114.60322015652969,-443.5833350432379,259.9627473876221,369.96252913306415,342.8965187042559,-630.4549273041956,78.41873775335388,-556.0656292547366,283.7685624830212,701.3053549176309,-177.42035588859687,-486.68442823936357,-23.551344332823515,479.91720625822336,266.52598256057604
-58.97631104915709,2.1923178902204215,-13.135334951581486,14.416139627551775,-20.019407230941173,27.7369852507833,-49.39152132484564,6.308314771014876,-41.47987555694015,-15.524322981515821,7.493881661276187,26.510294573751278,52.741888625598754,-6.716591575144497,22.717960885952706,87.70721962034042,10.072360159518135,15.318450880430111,-1.0001959520948613,-37.94197548042643,-16.32994446892289,23.172549634869757,96.99938579912114,-2.945359902552876,10.260244008892691,1.4310862861862241,-4.574888860195578,0.6159434360571029,-12.33803044130842,-49.66618191150033,29.238526592719786,41.59019366770717,38.29523443284211,-70.25198687186665,8.746642746502692,-62.51064585286721,31.3443690148112,78.58846021639535,-20.175447082733406,-54.76704736536934,-2.559763842078722,53.825105409987415,29.603187631622735
-92.19394411942622,2.8822731066679212,-20.911185464752606,22.265519633898506,-30.717655930768444,44.07016378937206,-77.68079826872541,9.901663948163982,-63.87525065437051,-23.904194126408267,12.825851655759344,42.66260897736017,82.00099775335202,-10.330239953796136,35.814490426868126,136.19033626367047,15.318450880430111,23.85778250189053,-1.4295465336155024,-59.59993571735961,-24.999660105971962,35.738494532202054,151.27161968376927,-5.562675386870181,15.306061576039529,2.132927603403564,-6.972600748221801,0.6627069607126407,-20.1989783568004,-77.75641219770267,45.53984588198806,64.81360780180114,60.12796589831302,-110.58869655846888,13.753962363913052,-97.41677158894176,49.83817140392124,122.9170189664039,-31.029945875338093,-85.25014868961597,-4.1462720641089765,84.10469875877058,46.772446303332494
5.447269144871588,-0.2912506169489705,1.1500075798912033,-1.3724976274447298,1.9417946486951714,-2.4463187081847,4.480845175725448,-0.5745604247825576,3.9908240513683215,1.4955136472426562,-0.5112793759130868,-2.2494808416129493,-4.9438505301844975,0.647732483571213,-2.049364647664076,-8.25216392438088,-1.0001959520948613,-1.4295465336155024,0.11573240766301202,3.457902505582352,1.595353478103184,-2.2175238680599496,-9.01660874917986,0.11654407803393367,-1.0682530599172215,-0.14960398631039726,0.45356640080546273,-0.10336732113898248,0.9865496831382685,4.567149315727956,-2.7304157604880692,-3.8734412525022477,-3.4907878205629848,6.36143248523757,-0.7957151623141128,5.82343050658207,-2.758981954450452,-7.25204394877141,1.947677491288909,5.118826921277181,0.21217572736258825,-4.977162471183102,-2.651327000108114
230.61626259326871,-6.730291991189273,52.639723570683664,-55.4578437002671,76.32951489089542,-110.86336719578803,194.72628252602257,-24.803505736762713,158.92708413558347,59.47420612885546,-33.06061676872125,-107.79162752536908,-204.72575150395008,25.69158599510168,-89.85184562443881,-339.86275778423294,-37.94197548042643,-59.59993571735961,3.457902505582352,149.3376191966794,62.0701435993222,-88.96955218796613,-378.07632800463716,14.757810397798085,-37.64214195659992,-5.2438773255811775,17.28364036165585,-1.3934055097169271,51.32858742746986,194.6034588347605,-113.76698254245835,-161.94843514516648,-150.6370230215611,277.3051165678366,-34.475373092925686,243.4143973338599,-125.40491455770224,-307.5243725555713,77.17125945089941,212.92622031885318,10.49901444817246,-210.34887301709452,-117.43359802090343
96.3502276404927,-3.422531876240675,21.569101863078085,-23.472200380891465,32.5363479485085,-45.52177098465237,80.82732862775617,-10.316825423482673,67.48405301062185,25.256873935375257,-12.567417844067453,-43.66711101811302,-86.03511609257488,10.923967422113689,-37.20273690836571,-143.0213304093549,-16.32994446892289,-24.999660105971962,1.595353478103184,62.0701435993222,26.52420080296807,-37.71491406794384,-158.36311376502587,5.092100965262597,-16.54878652203421,-2.307896312838434,7.421740030094409,-0.9166765172973718,20.42202885802496,81.17337757248953,-47.7192871528473,-67.88691919154893,-62.63935042269058,114.99494902111351,-14.313250462729345,102.03622489905489,-51.45316194879688,-128.4114597877629,32.81293557700324,89.36708757940532,4.223453822853833,-87.92370036720904,-48.50753625564006
-137.90020016185048,4.6466109276732865,-31.04987833880067,33.47771928745055,-46.30299933469468,65.48062347302113,-115.91251681182666,14.787797126838965,-96.1336259244101,-35.97462574393832,18.50059091408455,63.06397028420061,122.93288566341568,-15.558128782786468,53.385549924786915,204.26998155926,23.172549634869757,35.738494532202054,-2.2175238680599496,-88.96955218796613,-37.71491406794384,53.75973345588648,226.49285779986917,-7.729963927581707,23.343689158620286,3.2540387189003037,-10.53388376423731,1.1772355126215062,-29.662809194930777,-116.23523594787778,68.21392426330911,97.07116442163577,89.78305592907749,-164.9460224426673,20.520311751544426,-145.89776875003022,74.02869437793883,183.80873315682481,-46.725117608918396,-127.7338663044191,-6.112347556037969,125.82370022251916,69.66186508075666
-584.690506465762,18.094668643719125,-132.7504324731057,141.12519205669236,-194.61500315033527,279.7311876260497,-492.81974666330194,62.811255763195376,-404.7603953102046,-151.47099820772934,81.71761182314211,270.98180737569265,519.9009532231534,-65.46050951808773,227.23704103134784,863.3997192087536,96.99938579912114,151.27161968376927,-9.01660874917986,-378.07632800463716,-158.36311376502587,226.49285779986917,959.2411122058962,-35.60220443751892,96.8206980710285,13.49171318995828,-44.151237998378406,4.10097963384983,-128.42419570169307,-493.1679910227335,288.74739390051224,410.9775472995369,381.42781108179963,-701.6144755892573,87.25065485764881,-617.7095911341071,316.355230118524,779.5498666697198,-196.6169021328502,-540.5235934155663,-26.34356062798436,533.3760698057647,296.8048532469385
22.073383214198074,0.2344025100403961,5.6447188989481525,-4.8681304443167255,6.374514783329524,-11.757345980444942,19.390851476451054,-2.4382097897822477,13.653379980091966,5.107802222118225,-4.955825767113765,-12.283918551903026,-18.871475244857518,2.184224327924865,-9.08456956197005,-31.05242175321704,-2.945359902552876,-5.562675386870181,0.11654407803393367,14.757810397798085,5.092100965262597,-7.729963927581707,-35.60220443751892,2.9578439841725106,-2.4216332867990067,-0.33407413698263655,1.369044022643876,0.3500483433005451,6.376619450605603,18.813134311926518,-10.622741962724193,-15.174896347031815,-14.838222466218305,27.77839497757764,-3.43157323632774,22.810985129668783,-13.356729170447743,-29.541311904038082,6.566168426786205,19.796146432522217,1.2391568116566392,-20.073943132294346,-12.035153339417892
-58.74967583850516,2.4756313149695925,-12.882920138421175,14.505950458868975,-20.250122180606944,27.24989813125296,-48.94977652973743,6.261307016331135,-41.83864189235425,-15.66021350598957,6.870525743584187,25.75631169774952,52.78088549354235,-6.783045761539205,22.47033411581892,87.86220206990238,10.260244008892691,15.306061576039529,-1.0682530599172215,-37.64214195659992,-16.54878652203421,23.343689158620286,96.8206980710285,-2.4216332867990067,10.614030552846675,1.4818702205473189,-4.651842618564511,0.7706834549807243,-11.803385863483115,-49.412037635651664,29.215716202054516,41.53778271449469,38.0074056939873,-69.57044196797445,8.669451269303687,-62.43264678675673,30.775141460228152,78.25396790021483,-20.37150409483978,-54.74991960787275,-2.4708170924559743,53.63769082518927,29.225379119363065
-8.185981872709393,0.3469233081181917,-1.793351843037927,2.021682756734676,-2.8233094233553757,3.794345772150768,-6.817916479407061,0.8718989366472509,-5.833470077790329,-2.183837101284425,0.9533112082518514,3.584426838325412,7.355988996036491,-0.9458150078412189,3.1298902658004426,12.246119628960322,1.4310862861862241,2.132927603403564,-0.14960398631039726,-5.2438773255811775,-2.307896312838434,3.2540387189003037,13.49171318995828,-0.33407413698263655,1.4818702205473189,0.2069980684333109,-0.6490404887322375,0.10779625636968429,-1.640562935773463,-6.884115291978802,4.071852697300142,5.788223844142901,5.294217211845444,-9.690470662771276,1.2078130326425005,-8.700300396325577,4.2851924733255045,10.904223029738056,-2.84065552095541,-7.630057332230427,-0.34353831735607526,7.473712827548884,4.070002037141267
26.851937661218244,-0.9825457240896006,5.9888879504675065,-6.551577956627746,9.097014505731464,-12.649262535071536,22.49529694201514,-2.8716558413846567,18.860679720192152,7.060741717292736,-3.443826887223162,-12.104226930355145,-23.999146199271944,3.052356695156702,-10.351887401667963,-39.908938869504645,-4.574888860195578,-6.972600748221801,0.45356640080546273,17.28364036165585,7.421740030094409,-10.53388376423731,-44.151237998378406,1.369044022643876,-4.651842618564511,-0.6490404887322375,2.0808232091538037,-0.2698546199928616,5.6371212971453515,22.614946497944114,-13.311015402298962,-18.929280448092594,-17.438571121048717,32.00489769838495,-3.986131890574545,28.452943508790163,-14.29575811861447,-35.78766850036076,9.1726733003735,24.92698884334489,1.169288554880294,-24.505169278421047,-13.489020593898237
-2.384741521693717,0.3546792257691735,-0.34961013776153793,0.719750777069295,-1.0941543679776284,0.7742401214191504,-1.775196881996659,0.2383753687412848,-2.146592679086934,-0.8014176130554744,-0.23981897551057688,0.47581890180112624,2.350895484761623,-0.3541357054195717,0.7713351357907001,3.9908037687894056,0.6159434360571029,0.6627069607126407,-0.10336732113898248,-1.3934055097169271,-0.9166765172973718,1.1772355126215062,4.10097963384983,0.3500483433005451,0.7706834549807243,0.10779625636968429,-0.2698546199928616,0.17658234346048834,-0.060846115218767725,-1.9539260982209297,1.259496243539075,1.781886834750962,1.4253908869547112,-2.4692782581620203,0.3126632657924036,-2.674382941271399,0.8562612660667605,3.1392414894564395,-1.061937632713229,-2.3908616506106255,-0.034402948949167386,2.1949939391173316,0.9582527296276745
78.64225669980323,-1.529895024501966,18.485810091649306,-18.540930798104817,25.222077533746397,-38.80286484037994,67.07697731772467,-8.519308620303063,52.83084941258497,19.76318822969769,-12.834066791831258,-38.47294412118775,-69.18652077143301,8.523857484457844,-31.062621911646318,-114.60322015652969,-12.33803044130842,-20.1989783568004,0.9865496831382685,51.32858742746986,20.42202885802496,-29.662809194930777,-128.42419570169307,6.376619450605603,-11.803385863483115,-1.640562935773463,5.6371212971453515,-0.060846115218767725,18.797048461769805,66.52854377947217,-38.55333526370894,-54.94502078984698,-51.74836612488663,95.64872260625815,-11.867003170723919,82.5806616923993,-43.941196479037025,-104.94800914970126,25.597447119927974,72.09575183869255,3.785604728011758,-71.68016769061288,-40.74828546354512
300.7186053786054,-9.020770857425212,68.47415324262975,-72.44142126037424,99.79270327710853,-144.24436719849135,253.7140041139428,-32.32695436150039,207.6695592467534,77.71359147121386,-42.61153185546991,-140.01085912439387,-267.1602032785532,33.57781403550148,-117.03018223187053,-443.5833350432379,-49.66618191150033,-77.75641219770267,4.567149315727956,194.6034588347605,81.17337757248953,-116.23523594787778,-493.1679910227335,18.813134311926518,-49.412037635651664,-6.884115291978802,22.614946497944114,-1.9539260982209297,66.52854377947217,253.70843447645572,-148.42152089330256,-211.26902583274708,-196.3141630268585,361.2579741297336,-44.91755044855407,317.54239938644963,-163.14804059544736,-400.9717378666618,100.85667161452331,277.8129959165663,13.625886824172905,-274.30750532095294,-152.91203317851878
-175.98198927510347,5.499714676115803,-39.914606853323654,42.495659207630254,-58.63002946375838,84.12512460130641,-148.2739362186771,18.898069227090105,-121.92566686226503,-45.63113386707867,24.486667587392404,81.44005762836565,156.52372984729524,-19.71796627712062,68.364962793556,259.9627473876221,29.238526592719786,45.53984588198806,-2.7304157604880692,-113.76698254245835,-47.7192871528473,68.21392426330911,288.74739390051224,-10.622741962724193,29.215716202054516,4.071852697300142,-13.311015402298962,1.259496243539075,-38.55333526370894,-148.42152089330256,86.9306489853846,123.7154760724552,114.76967138256187,-211.09385746958785,26.255518448413085,-185.95086424559472,95.13651456513912,234.63322186006232,-59.23090627101115,-162.72736841827515,-7.913751040141793,160.54031413182577,89.2791980894749
-250.48711353594967,7.795892271851837,-56.84135405386241,60.48146139263063,-83.42195096029849,119.78225677306409,-211.09144832072437,26.906085498827977,-173.4812445177673,-64.92066439916098,34.91894287653503,115.9925964111054,222.76647695429642,-28.05734577683668,97.32621729398888,369.96252913306415,41.59019366770717,64.81360780180114,-3.8734412525022477,-161.94843514516648,-67.88691919154893,97.07116442163577,410.9775472995369,-15.174896347031815,41.53778271449469,5.788223844142901,-18.929280448092594,1.781886834750962,-54.94502078984698,-211.26902583274708,123.7154760724552,176.0833376586942,163.38657267555737,-300.5168519744729,37.37249565978582,-264.6571864325263,135.461831743615,333.96087526496484,-84.27335585570201,-231.59508919038421,-11.274428757566689,228.5066214377234,127.11425864687587
-232.64646104982117,6.817025591793385,-53.08943777292683,55.96890721488157,-77.03354267207942,111.8030968880855,-196.4300849746446,25.0235802493067,-160.36957053223867,-60.009786215190786,33.295612840909115,108.68081394065555,206.55356160585504,-25.927906038769468,90.62819762715252,342.8965187042559,38.29523443284211,60.12796589831302,-3.4907878205629848,-150.6370230215611,-62.63935042269058,89.78305592907749,381.42781108179963,-14.838222466218305,38.0074056939873,5.294217211845444,-17.438571121048717,1.4253908869547112,-51.74836612488663,-196.3141630268585,114.76967138256187,163.38657267555737,151.96028368055715,-279.7138768688852,34.77178391642821,-245.57159052216258,126.46535343671415,310.21874171354546,-77.87321946288586,-214.81514996616525,-10.584944961641721,212.20347901123523,118.45000051946666
428.0531666284564,-12.272184263302686,97.86154615735046,-102.83311620591918,141.44633099345666,-206.0632877453827,361.63471808965153,-46.05738524429934,294.59449510202927,110.24058898238543,-61.81333302173504,-200.5686662508783,-379.81733607877277,47.61882099380179,-166.89796824442237,-630.4549273041956,-70.25198687186665,-110.58869655846888,6.36143248523757,277.3051165678366,114.99494902111351,-164.9460224426673,-701.6144755892573,27.77839497757764,-69.57044196797445,-9.690470662771276,32.00489769838495,-2.4692782581620203,95.64872260625815,361.2579741297336,-211.09385746958785,-300.5168519744729,-279.7138768688852,515.0276873556837,-64.02150567720471,451.6850636826027,-233.10548693657867,-570.8237474535047,143.03183539798331,395.0693296622477,19.547163676368196,-390.4199830534523,-218.17581643594366
-53.227050989270104,1.53911627570499,-12.157959718325948,12.790316876591879,-17.601310118110042,25.6064549751734,-44.952358103167384,5.724864624477426,-36.657139427704664,-13.719011878445263,7.659613572768575,24.910166186870025,47.23895901138379,-5.924698835895099,20.74592925201672,78.41873775335388,8.746642746502692,13.753962363913052,-0.7957151623141128,-34.475373092925686,-14.313250462729345,20.520311751544426,87.25065485764881,-3.43157323632774,8.669451269303687,1.2078130326425005,-3.986131890574545,0.3126632657924036,-11.867003170723919,-44.91755044855407,26.255518448413085,37.37249565978582,34.77178391642821,-64.02150567720471,7.96002362501423,-56.173279361730735,28.966273322657777,70.981958259732,-17.798821559972765,-49.13583056906717,-2.4268295060201055,48.54816355660843,27.115113197037836
376.4899152734934,-11.716395684661764,85.43301142258764,-90.90147571422219,125.38287882517504,-180.03802834191163,317.2725275527714,-40.438782950369834,260.7480120668935,97.57986425287801,-52.48660151979039,-174.34272340001533,-334.8237877133231,42.17072226630356,-146.28503064749896,-556.0656292547366,-62.51064585286721,-97.41677158894176,5.82343050658207,243.4143973338599,102.03622489905489,-145.89776875003022,-617.7095911341071,22.810985129668783,-62.43264678675673,-8.700300396325577,28.452943508790163,-2.674382941271399,82.5806616923993,317.54239938644963,-185.95086424559472,-264.6571864325263,-245.57159052216258,451.6850636826027,-56.173279361730735,397.7879317336964,-203.60576846313697,-501.95841406041313,126.66610746236562,348.0949003631845,16.945147585848648,-343.4520190894193,-191.05516040122828
-193.19754911525567,5.073467127624934,-44.488398686644544,46.17665346110241,-63.345778280041195,93.61203639825783,-163.6146405090926,20.820103778824308,-132.13862238117966,-49.448428391301974,28.848008547820047,91.5663228787441,171.04287173214556,-21.34631101447649,75.58445472157052,283.7685624830212,31.3443690148112,49.83817140392124,-2.758981954450452,-125.40491455770224,-51.45316194879688,74.02869437793883,316.355230118524,-13.356729170447743,30.775141460228152,4.2851924733255045,-14.29575811861447,0.8562612660667605,-43.941196479037025,-163.14804059544736,95.13651456513912,135.461831743615,126.46535343671415,-233.10548693657867,28.966273322657777,-203.60576846313697,105.92761538254916,257.69576063770376,-64.12258843390485,-178.00239790477391,-8.945976957915324,176.18039142039214,98.89052904900163
-475.303886022349,14.369517914647323,-108.14316552261162,114.54167895320703,-157.84083360013508,227.8418454213308,-400.89578952245466,51.07987361464869,-328.4397847720379,-122.91496407410301,67.12285266204161,221.04487247772792,422.3532547319323,-53.106245924671654,184.91186052625105,701.3053549176309,78.58846021639535,122.9170189664039,-7.25204394877141,-307.5243725555713,-128.4114597877629,183.80873315682481,779.5498666697198,-29.541311904038082,78.25396790021483,10.904223029738056,-35.78766850036076,3.1392414894564395,-104.94800914970126,-400.9717378666618,234.63322186006232,333.96087526496484,310.21874171354546,-570.8237474535047,70.981958259732,-501.95841406041313,257.69576063770376,633.7622684976102,-159.51977621068193,-439.1781663713264,-21.50387539516277,433.5654312088168,241.57649095793988
119.67923530008287,-4.114254764247255,26.886969939014293,-29.08845122926515,40.268681989260664,-56.72242886747336,100.51694876987659,-12.824682681105646,83.58009766007861,31.280520045252562,-15.889813657483248,-54.547751490575955,-106.7553948181278,13.52726155651508,-46.28653812326199,-177.42035588859687,-20.175447082733406,-31.029945875338093,1.947677491288909,77.17125945089941,32.81293557700324,-46.725117608918396,-196.6169021328502,6.566168426786205,-20.37150409483978,-2.84065552095541,9.1726733003735,-1.061937632713229,25.597447119927974,100.85667161452331,-59.23090627101115,-84.27335585570201,-77.87321946288586,143.03183539798331,-17.798821559972765,126.66610746236562,-64.12258843390485,-159.51977621068193,40.63009342667786,110.91285157955646,5.2818178129486295,-109.20313827459472,-60.378289354339614
329.4090527716793,-10.343528154081156,74.68415463142775,-79.57749998443414,109.80105872174543,-157.4036963545967,277.51418765933903,-35.37448927875144,228.30612204715158,85.44031271940264,-45.734715838677644,-152.33322323288183,-293.0277555296455,36.92482528636059,-127.94053470192232,-486.68442823936357,-54.76704736536934,-85.25014868961597,5.118826921277181,212.92622031885318,89.36708757940532,-127.7338663044191,-540.5235934155663,19.796146432522217,-54.74991960787275,-7.630057332230427,24.92698884334489,-2.3908616506106255,72.09575183869255,277.8129959165663,-162.72736841827515,-231.59508919038421,-214.81514996616525,395.0693296622477,-49.13583056906717,348.0949003631845,-178.00239790477391,-439.1781663713264,110.91285157955646,304.6280557521974,14.801938630734618,-300.5087370332976,-167.07715408364953
16.116850042665344,-0.3519053487005685,3.760954651907745,-3.817274040636769,5.209805664586107,-7.902178362868094,13.711670126243629,-1.7430160624631932,10.895938791575913,4.076554690844047,-2.551760607578861,-7.797749300325867,-14.20909270334066,1.7579277393129389,-6.344314213471185,-23.551344332823515,-2.559763842078722,-4.1462720641089765,0.21217572736258825,10.49901444817246,4.223453822853833,-6.112347556037969,-26.34356062798436,1.2391568116566392,-2.4708170924559743,-0.34353831735607526,1.169288554880294,-0.034402948949167386,3.785604728011758,13.625886824172905,-7.913751040141793,-11.274428757566689,-10.584944961641721,19.547163676368196,-2.4268295060201055,16.945147585848648,-8.945976957915324,-21.50387539516277,5.2818178129486295,14.801938630734618,0.7661699755171052,-14.692521177957198,-8.314276979063814
-325.1747057889804,9.907690060960224,-73.93563764073595,78.40725378599028,-108.0696854477324,155.7751946365124,-274.21248817587593,34.94341730898963,-224.8316557767326,-84.13757404149722,45.764429225524445,151.05404939326561,289.01322765891445,-36.35656789002768,126.46321830368566,479.91720625822336,53.825105409987415,84.10469875877058,-4.977162471183102,-210.34887301709452,-87.92370036720904,125.82370022251916,533.3760698057647,-20.073943132294346,53.63769082518927,7.473712827548884,-24.505169278421047,2.1949939391173316,-71.68016769061288,-274.30750532095294,160.54031413182577,228.5066214377234,212.20347901123523,-390.4199830534523,48.54816355660843,-343.4520190894193,176.18039142039214,433.5654312088168,-109.20313827459472,-300.5087370332976,-14.692521177957198,296.6257024098794,165.2072355235324
-181.14314139892707,5.034048292913488,-41.525364036901784,43.44119028137613,-59.68917441116394,87.40934231434167,-153.1785025996946,19.503478862341147,-124.3814832567663,-46.54289964208221,26.483042177629216,85.23424576787697,160.60156612878714,-20.102608021977098,70.71607011879789,266.52598256057604,29.603187631622735,46.772446303332494,-2.651327000108114,-117.43359802090343,-48.50753625564006,69.66186508075666,296.8048532469385,-12.035153339417892,29.225379119363065,4.070002037141267,-13.489020593898237,0.9582527296276745,-40.74828546354512,-152.91203317851878,89.2791980894749,127.11425864687587,118.45000051946666,-218.17581643594366,27.115113197037836,-191.05516040122828,98.89052904900163,241.57649095793988,-60.378289354339614,-167.07715408364953,-8.314276979063814,165.2072355235324,92.47540451033989
