V1,V2,V3,V4,V5,V6,V7,V8,V9,V10,V11,V12,V13,V14,V15,V16,V17,V18,V19,V20,V21,V22,V23,V24,V25,V26,V27,V28,V29,V30,V31,V32,V33,V34,V35,V36,V37,V38,V39,V40,V41,V42,V43
1.634415012266367,-7.082474122138163,1.6980986715443707,1.0647153506411344,13.750922568898249,1.006440123166273,10.700055622168879,-14.870889289682234,1.792737801750709,12.84212019544905,4.752846746717971,8.677419376656525,11.8446930062951,14.960001678858132,7.172338592071995,15.206778581028976,-14.289240926111876,-10.708094896877551,8.137565210219178,-4.990762692657083,2.8480500640006325,-3.543499265993527,-5.561910024401638,6.630961704195697,4.611931071350991,-2.8341078590864033,13.03793643900848,15.36348199777951,13.16718801299552,4.5389190726327575,-6.301095945075461,9.42485256093187,-3.729549276757441,7.1108114995892,12.987323059858834,-9.939887341707701,-10.696688355810352,2.1134733260554346,1.201882148512493,-13.493529541521593,2.551729904877118,0.5472859244002195,7.641562625645012
-7.082474122138163,31.851224014719204,-7.492110101493397,-4.663542685146891,-60.8543360505417,-4.244501814002557,-47.2692962001062,66.6105332116577,-8.04119443281458,-56.50495828553176,-20.734042642230314,-38.398819437218755,-52.47964350098417,-66.93048264504387,-31.02962220252504,-68.11405802441612,63.838340214347006,48.19070519800844,-35.84879578653609,22.921554509434973,-12.546938592810688,16.181618401712264,24.82407160052611,-29.515080935501622,-19.881143758230582,13.202613740228628,-57.66726153113822,-69.13827738523078,-58.18779817810491,-21.099756415116254,28.45278311438146,-42.24271914382163,16.079586713765398,-32.193826578298314,-57.956031923429485,44.244097887299304,47.827712289962776,-8.630420116378547,-4.8843853868537614,60.81231627597261,-10.90062847020857,-2.098575368371786,-34.026867980841445
1.6980986715443707,-7.492110101493397,1.798072896097749,1.1159087857520005,14.449050461965102,0.9839910282158165,11.18908053867013,-15.775244136351471,1.9280318499010538,13.373478592704629,4.951299433390376,9.057509610151062,12.475602611130968,15.739852846088334,7.330625980796545,16.116024293241768,-15.148922441821227,-11.416294058171555,8.542058990425064,-5.415564817801559,2.967993054034127,-3.7932781856482625,-5.863933582222324,6.990987144779114,4.7265725842291255,-3.148098376694207,13.64824500790337,16.386316948198157,13.788281452908127,4.960790304831779,-6.702277871720711,9.96818586401529,-3.84255238515427,7.656201014854661,13.7368494053342,-10.461699462652463,-11.282350920835274,2.0748070106639567,1.2070500641129103,-14.452010488794647,2.5889157237996248,0.5009745872105447,8.050506159004497
1.0647153506411344,-4.663542685146891,1.1159087857520005,0.700552411405648,9.025593799775825,0.6569588289815678,7.017819735054588,-9.78033828075697,1.1788478045741835,8.417166555629562,3.1076881321759524,5.6903793280892625,7.771900244375435,9.832709421093915,4.681710847717467,9.999733701840126,-9.393346850097057,-7.049129551014554,5.335501760538173,-3.296154051245459,1.867928242067172,-2.3372887533853284,-3.6555083200288974,4.35502421431423,3.00862027431652,-1.8823288010805075,8.553762524080632,10.110073655297096,8.637840186725462,3.0093029199612262,-4.1492798099212544,6.197969657929645,-2.4335090282228524,4.685535808936442,8.53763411762584,-6.531311490512619,-7.033813803133537,1.3608107296306446,0.77828722687278,-8.886863513737644,1.6617928030839995,0.3500590822195208,5.018934443945478
13.750922568898249,-60.8543360505417,14.449050461965102,9.025593799775825,117.11394299620275,8.338895378907921,91.01908780064733,-127.50926408345882,15.390842010841114,108.9924032886431,40.15140012782991,73.86701769727368,100.94090515867727,128.1371597398727,60.276497505952484,130.3790559460089,-122.35001878620159,-92.06603640324273,69.13408318737748,-43.40518293042208,24.19019618574037,-30.70462836229644,-47.587070319127704,56.6501063333343,38.691395507595594,-24.87612870932285,110.9836734769491,132.08192762595567,112.03561036574303,39.756105881142624,-54.26324898042033,80.82564205620511,-31.299271943106362,61.3565883558069,111.12940255598183,-84.92107617608617,-91.61129013656166,17.200362475998695,9.779921001120716,-116.12918747489269,21.297310469979198,4.306817123652939,65.29488276478328
1.006440123166273,-4.244501814002557,0.9839910282158165,0.6569588289815678,8.338895378907921,0.8317993587364783,6.649670395766298,-8.669300985340271,0.9511855861182592,8.12583767542658,2.947416414981064,5.455534540365323,7.0738325283004135,9.148620735810903,4.884260302683445,8.914349973266818,-8.324687946289206,-6.0953114397084125,4.9226340053820135,-2.606002877874996,1.8016101418765134,-2.010696728526808,-3.3495093954717112,3.970181584199075,3.0778007280165105,-1.2912022939720134,8.071636642695285,8.70411891189941,8.124650630649091,2.3243098577262953,-3.6596656717093268,5.601008626639518,-2.4191663187657646,3.8228929495823483,7.671863707071382,-6.029693777119065,-6.450703226363477,1.5990688397177018,0.8281212231097036,-7.475394295421203,1.7724033927546263,0.5166336122729986,4.60099524000182
10.700055622168879,-47.2692962001062,11.18908053867013,7.017819735054588,91.01908780064733,6.649670395766298,70.86991037896978,-98.8459160629231,11.85651163309929,84.97348257968692,31.253107980231402,57.571340523907615,78.369677555301,99.68036096016763,47.26344139991164,101.11236202151402,-94.83596646648891,-71.25865724425296,53.71635702910048,-33.42513629926684,18.858309376849242,-23.771039867410266,-36.97313872477625,43.994696618796624,30.285594500296163,-19.003932315044572,86.39105895818092,102.20261366085671,87.18553907068399,30.581839119693896,-42.06357926918076,62.745245795339166,-24.44248881956888,47.316418850602034,86.21886798035509,-66.00884467201723,-71.18640590547756,13.609897728943267,7.664944433281912,-89.71827102097622,16.724013911932865,3.4861692840149714,50.72962411392873
-14.870889289682234,66.6105332116577,-15.775244136351471,-9.78033828075697,-127.50926408345882,-8.669300985340271,-98.8459160629231,139.73993060212905,-16.99579670906938,-118.04526862701466,-43.46458244402135,-80.17824007786511,-110.08283635799526,-139.83520004515177,-64.53543617797604,-142.82269219448835,133.99865457110766,101.21496725320013,-75.19440729172572,48.283990693943935,-26.20801531124936,33.89808500419284,51.962580474688195,-61.84443141998079,-41.46442512263934,28.010549041036445,-120.60670634819249,-145.26371349152683,-121.75454998870353,-44.41607802655278,59.616438095391125,-88.45699274236526,33.633791876303405,-67.85391685462073,-121.53293845571513,92.60226902928157,100.07043335036563,-17.911299570656258,-10.269022694476572,127.98142361596457,-22.67506104725068,-4.2650343836772135,-71.25649877461906
1.792737801750709,-8.04119443281458,1.9280318499010538,1.1788478045741835,15.390842010841114,0.9511855861182592,11.85651163309929,-16.99579670906938,2.111172705370437,14.100529359407044,5.227251414028372,9.58299373740688,13.33474206299086,16.805332858595822,7.563673995759443,17.346588130462376,-16.30819197490478,-12.369779670839261,9.089070463942882,-5.9893031319758565,3.1304912208721314,-4.133454016830987,-6.2731059257599,7.4804181633985705,4.893062960203677,-3.556778861247563,14.478718046446437,17.771172198632918,14.632074641768874,5.520228330104229,-7.2458614063109055,10.705757862994858,-4.002764221454072,8.38989195397226,14.744777170049542,-11.164746097524725,-12.073168032240698,2.0404385343125058,1.2127902980044913,-15.735474944189944,2.6463851213889393,0.4412674791020392,8.605838768368573
12.84212019544905,-56.50495828553176,13.373478592704629,8.417166555629562,108.9924032886431,8.12583767542658,84.97348257968692,-118.04526862701466,14.100529359407044,102.00325812412427,37.50354321004385,69.05820270380472,93.77017764379936,119.3141809633334,57.01739511956304,120.78199714735551,-113.274139538619,-84.98001023078399,64.33687262351344,-39.657804565979845,22.635457109702504,-28.314432316106853,-44.232158247655,52.62863549940235,36.50782209501224,-22.406839897560438,103.55489346292667,121.85765673583163,104.49796687175689,36.225145806771806,-50.195774319444155,74.99490994194974,-29.42159746933977,56.264456879397,103.05536629989494,-79.01053399052292,-85.15673941915313,16.586905837951875,9.297079469752823,-106.85571059048497,20.215715318092762,4.330450383443391,60.698257562233096
4.752846746717971,-20.734042642230314,4.951299433390376,3.1076881321759524,40.15140012782991,2.947416414981064,31.253107980231402,-43.46458244402135,5.227251414028372,37.50354321004385,13.84843577899874,25.358972373074682,34.57306329296041,43.771653021631074,20.927536187235916,44.45179136843697,-41.74472990699293,-31.303836497989725,23.739480794719857,-14.609163361997028,8.31980360635551,-10.383714934045413,-16.260648079128025,19.372527146497713,13.439610151516069,-8.297869616631996,38.08650110388948,44.903319897916695,38.45468283028608,13.314353890011363,-18.440603292819166,27.56338459535322,-10.859271137242306,20.77799533924561,37.95014527831308,-29.0541750674977,-31.28511906479428,6.124164553314394,3.4733699918328496,-39.430583266671576,7.434079840689476,1.585570647180431,22.33080461952522
8.677419376656525,-38.398819437218755,9.057509610151062,5.6903793280892625,73.86701769727368,5.455534540365323,57.571340523907615,-80.17824007786511,9.58299373740688,69.05820270380472,25.358972373074682,46.80350765848008,63.57151929956381,81.01704487619355,38.490929743125285,82.03739945977173,-76.9036447353287,-57.769533997826606,43.57112623354789,-27.062390172057007,15.326835148404461,-19.29830733546208,-30.022045462761035,35.706495145491935,24.631931838574527,-15.326708927509163,70.17485767815828,82.84431915929699,70.80328141673732,24.766200712145015,-34.14208288810294,50.94177296986418,-19.852227513661372,38.295354652656584,69.94701404427808,-53.5994782630695,-57.81481123476696,11.093817500855524,6.207622739847328,-72.66187840431013,13.617613839932787,2.864177479571613,41.18364873887801
11.8446930062951,-52.47964350098417,12.475602611130968,7.771900244375435,100.94090515867727,7.0738325283004135,78.369677555301,-110.08283635799526,13.33474206299086,93.77017764379936,34.57306329296041,63.57151929956381,87.05819452521165,110.41221393120198,51.68156041936725,112.5364214148984,-105.63027787009918,-79.55859539614332,59.592167599945796,-37.62950191316362,20.8118030898424,-26.538627990191237,-41.02926308539583,48.85463836921793,33.20483752204484,-21.658606339160215,95.57554757270368,114.16031989414986,96.49415582901409,34.48768051380638,-46.85606794310566,69.72670658551854,-26.895731091778714,53.1350617591006,95.88888636506232,-73.19486332642052,-78.98239771826795,14.662915433331019,8.375476221415035,-100.45535993743424,18.24132433305059,3.6170052292949224,56.29718903514423
14.960001678858132,-66.93048264504387,15.739852846088334,9.832709421093915,128.1371597398727,9.148620735810903,99.68036096016763,-139.83520004515177,16.805332858595822,119.3141809633334,43.771653021631074,81.01704487619355,110.41221393120198,140.86810117686815,65.90576252052156,143.0331971742639,-134.04009816573378,-101.00827184053695,75.50616076708549,-47.779137406483855,26.489131718604984,-33.873833447997086,-52.21464012833845,62.07944901242567,42.191243539887914,-27.32876724028244,121.56793141014931,144.88903982623106,122.65259765106973,43.89590897292534,-59.68089947116022,88.76269682133096,-34.06678735513989,67.26712041141404,121.78200783880581,-93.11551120942227,-100.58944645437735,18.570580917900603,10.442422614398481,-127.28039204481105,23.208392637807993,4.626492505292664,71.58625322014485
7.172338592071995,-31.02962220252504,7.330625980796545,4.681710847717467,60.276497505952484,4.884260302683445,47.26344139991164,-64.53543617797604,7.563673995759443,57.01739511956304,20.927536187235916,38.490929743125285,51.68156041936725,65.90576252052156,32.54757540163617,66.10858371796759,-61.964043208451855,-46.17235427476457,35.60914707686507,-21.066568403249022,12.64651724501165,-15.313248893634782,-24.36906610945084,28.983403727047357,20.76755429572355,-11.555892631548192,57.53138691674252,66.151995156975,58.02819973249503,19.100749231227905,-27.36006664896267,41.156336265560824,-16.631490956613526,30.176293554487412,56.550331374035046,-43.62675831141643,-46.9039907943861,9.8630834457053,5.411360646877705,-57.71898404368929,11.632370659594569,2.764788962347365,33.46271445997803
15.206778581028976,-68.11405802441612,16.116024293241768,9.999733701840126,130.3790559460089,8.914349973266818,101.11236202151402,-142.82269219448835,17.346588130462376,120.78199714735551,44.45179136843697,82.03739945977173,112.5364214148984,143.0331971742639,66.10858371796759,145.98751317895068,-136.94710556056168,-103.41687312796016,76.87850803700128,-49.290658697684215,26.815515448859923,-34.643769475137326,-53.1340242164445,63.23015472461942,42.455848126056594,-28.548623472240713,123.36594365521466,148.4152188259912,124.53048460788125,45.336909116048616,-60.93713986533187,90.4384440248228,-34.419070257659456,69.2782629183794,124.23139907613255,-94.69609194789736,-102.33113047455916,18.377031218550652,10.50990429275808,-130.71347966695146,23.232587907891602,4.398625543517997,72.86071983961277
-14.289240926111876,63.838340214347006,-15.148922441821227,-9.393346850097057,-122.35001878620159,-8.324687946289206,-94.83596646648891,133.99865457110766,-16.30819197490478,-113.274139538619,-41.74472990699293,-76.9036447353287,-105.63027787009918,-134.04009816573378,-61.964043208451855,-136.94710556056168,128.52264817129435,97.03956201813845,-72.18124476043829,46.24673195534331,-25.146710899875295,32.459914715478995,49.82719992420802,-59.31895951088511,-39.83305977965174,26.83040890624747,-115.70747501446367,-139.27441328998248,-116.82117387355765,-42.51012821713033,57.12991456418042,-84.80189600276807,32.32023233567136,-65.05383229790478,-116.563852144064,88.81270832978075,95.9434857676791,-17.25851156866158,-9.913381606134843,122.71899629750513,-21.79035711389438,-4.120676640688852,-68.34182575577267
-10.708094896877551,48.19070519800844,-11.416294058171555,-7.049129551014554,-92.06603640324273,-6.0953114397084125,-71.25865724425296,101.21496725320013,-12.369779670839261,-84.98001023078399,-31.303836497989725,-57.769533997826606,-79.55859539614332,-101.00827184053695,-46.17235427476457,-103.41687312796016,97.03956201813845,73.43007785368563,-54.27963030314767,35.22987959302751,-18.869445029491303,24.624405287612337,37.55963922751365,-44.70669935578928,-29.69606710240363,20.575155589442648,-86.97454753088583,-105.41129151615556,-87.81284927508435,-32.465148960790884,43.21698072870919,-64.00711875826477,24.132407903778443,-49.38920954372743,-87.93876835761007,66.89299347758472,72.33836193480126,-12.642304395495598,-7.298167489897265,92.9865121895399,-16.18198811748544,-2.923436370020144,-51.49612176111945
8.137565210219178,-35.84879578653609,8.542058990425064,5.335501760538173,69.13408318737748,4.9226340053820135,53.71635702910048,-75.19440729172572,9.089070463942882,64.33687262351344,23.739480794719857,43.57112623354789,59.592167599945796,75.50616076708549,35.60914707686507,76.87850803700128,-72.18124476043829,-54.27963030314767,40.84073360940506,-25.55169124829047,14.27697965739346,-18.063858302632205,-28.05974770012082,33.42028218507878,22.879389252529812,-14.649211484472968,65.49318792956318,77.87679729500283,66.12652252240407,23.3718702640796,-31.963913499346532,47.641294499359496,-18.519560841837936,36.17885798666487,65.55597450197804,-50.0882411581298,-54.00383483115653,10.217789237873497,5.829096936738397,-68.48861822160589,12.599215682586923,2.5654434221385807,38.5153642147271
-4.990762692657083,22.921554509434973,-5.415564817801559,-3.296154051245459,-43.40518293042208,-2.606002877874996,-33.42513629926684,48.283990693943935,-5.9893031319758565,-39.657804565979845,-14.609163361997028,-27.062390172057007,-37.62950191316362,-47.779137406483855,-21.066568403249022,-49.290658697684215,46.24673195534331,35.22987959302751,-25.55169124829047,17.251302663916185,-8.810686898443823,11.890782750265107,17.794376152371786,-21.17747244003909,-13.584350882091343,10.289940155901155,-40.84646282841581,-50.61206136889692,-41.24862407614967,-16.006372376395973,20.698223402284675,-30.447108410917807,11.104808927273499,-23.954863947416328,-41.79307592199416,31.613964226125802,34.288573589436076,-5.453084812134701,-3.215693144725747,44.82082266915486,-7.305034055438247,-1.110639433015189,-24.374204586889963
2.8480500640006325,-12.546938592810688,2.967993054034127,1.867928242067172,24.19019618574037,1.8016101418765134,18.858309376849242,-26.20801531124936,3.1304912208721314,22.635457109702504,8.31980360635551,15.326835148404461,20.8118030898424,26.489131718604984,12.64651724501165,26.815515448859923,-25.146710899875295,-18.869445029491303,14.27697965739346,-8.810686898443823,5.023296451392574,-6.2896760129428655,-9.819437720546455,11.682334506024464,8.096512373013038,-4.980416960513575,22.98292933675383,27.057503165300574,23.191670684444333,8.051470630194284,-11.14686740243018,16.6505091793011,-6.524879784404459,12.495065764098698,22.877797292268067,-17.53893264427191,-18.9057541048405,3.6726617304265847,2.058607137015856,-23.72758919966599,4.482255532185581,0.9575923318973187,13.4736955900649
-3.543499265993527,16.181618401712264,-3.7932781856482625,-2.3372887533853284,-30.70462836229644,-2.010696728526808,-23.771039867410266,33.89808500419284,-4.133454016830987,-28.314432316106853,-10.383714934045413,-19.29830733546208,-26.538627990191237,-33.873833447997086,-15.313248893634782,-34.643769475137326,32.459914715478995,24.624405287612337,-18.063858302632205,11.890782750265107,-6.2896760129428655,8.31322999814987,12.57334387803867,-14.945380577238394,-9.823749189821159,6.952283861175484,-29.024645777316394,-35.347706336750704,-29.288290709968674,-11.00270351146345,14.526202411809269,-21.459270024876183,7.974108323002673,-16.576985794583592,-29.412278312840535,22.368441480831475,24.235179063832607,-4.099375696229577,-2.344694318813159,31.171259875454535,-5.338668341492521,-0.9248936995428989,-17.22116077603703
-5.561910024401638,24.82407160052611,-5.863933582222324,-3.6555083200288974,-47.587070319127704,-3.3495093954717112,-36.97313872477625,51.962580474688195,-6.2731059257599,-44.232158247655,-16.260648079128025,-30.022045462761035,-41.02926308539583,-52.21464012833845,-24.36906610945084,-53.1340242164445,49.82719992420802,37.55963922751365,-28.05974770012082,17.794376152371786,-9.819437720546455,12.57334387803867,19.37754749798581,-23.05278254258357,-15.627181111147127,10.22464141803423,-45.095303962503955,-53.886688331113774,-45.51181520976119,-16.341902020589167,22.158450382983347,-32.94652194818253,12.640265876714952,-25.064984359064155,-45.24510280929273,34.555656132388364,37.320041228620866,-6.859848241533111,-3.889882065963616,47.387225934443826,-8.583450442640725,-1.6905916809603354,-26.573341980489996
6.630961704195697,-29.515080935501622,6.990987144779114,4.35502421431423,56.6501063333343,3.970181584199075,43.994696618796624,-61.84443141998079,7.4804181633985705,52.62863549940235,19.372527146497713,35.706495145491935,48.85463836921793,62.07944901242567,28.983403727047357,63.23015472461942,-59.31895951088511,-44.70669935578928,33.42028218507878,-21.17747244003909,11.682334506024464,-14.945380577238394,-23.05278254258357,27.435849961258704,18.603005035962386,-12.18506911635268,53.658478018286466,64.14652844979393,54.16331493373744,19.435106243114564,-26.3538636427276,39.19159457717153,-15.058832565172386,29.85430835597444,53.85292852367003,-41.11374095366131,-44.3895634830864,8.176486377925414,4.653574164520974,-56.43136523205122,10.215348597233096,2.0108397579588075,31.620408859690162
4.611931071350991,-19.881143758230582,4.7265725842291255,3.00862027431652,38.691395507595594,3.0778007280165105,30.285594500296163,-41.46442512263934,4.893062960203677,36.50782209501224,13.439610151516069,24.631931838574527,33.20483752204484,42.191243539887914,20.76755429572355,42.455848126056594,-39.83305977965174,-29.69606710240363,22.879389252529812,-13.584350882091343,8.096512373013038,-9.823749189821159,-15.627181111147127,18.603005035962386,13.28184334047271,-7.50658118273763,36.86936681300035,42.55911637277828,37.203832267664595,12.309294541985004,-17.55791304812031,26.399475555042024,-10.66228255575735,19.470291642049695,36.32217565233684,-27.975108936753497,-30.066270494863033,6.288286022328566,3.4857826662624736,-37.19122710458963,7.424938349847588,1.7416978961163072,21.467039762544683
-2.8341078590864033,13.202613740228628,-3.148098376694207,-1.8823288010805075,-24.87612870932285,-1.2912022939720134,-19.003932315044572,28.010549041036445,-3.556778861247563,-22.406839897560438,-8.297869616631996,-15.326708927509163,-21.658606339160215,-27.32876724028244,-11.555892631548192,-28.548623472240713,26.83040890624747,20.575155589442648,-14.649211484472968,10.289940155901155,-4.980416960513575,6.952283861175484,10.22464141803423,-12.18506911635268,-7.50658118273763,6.3149390125493525,-23.25616912215957,-29.587821598495893,-23.508067250385356,-9.597944836217042,12.023999645352143,-17.565944163925035,6.202760792383485,-14.191945994771295,-24.15392081971668,18.126580844919076,19.699366457616133,-2.8024711566359746,-1.7401998899359665,26.36531910934644,-3.966572478860374,-0.4582459326418188,-14.003756659233469
13.03793643900848,-57.66726153113822,13.64824500790337,8.553762524080632,110.9836734769491,8.071636642695285,86.39105895818092,-120.60670634819249,14.478718046446437,103.55489346292667,38.08650110388948,70.17485767815828,95.57554757270368,121.56793141014931,57.53138691674252,123.36594365521466,-115.70747501446367,-86.97454753088583,65.49318792956318,-40.84646282841581,22.98292933675383,-29.024645777316394,-45.095303962503955,53.658478018286466,36.86936681300035,-23.25616912215957,105.31874390694084,124.7476141839677,106.28812705815159,37.388926941238566,-51.3356400958465,76.54615587678036,-29.764742695345884,57.78843000705797,105.17793405578321,-80.49911328017029,-86.82738697085749,16.522441960756638,9.314131432900298,-109.53551272147467,20.34655483513139,4.21321557307615,61.87073641215709
15.36348199777951,-69.13827738523078,16.386316948198157,10.110073655297096,132.08192762595567,8.70411891189941,102.20261366085671,-145.26371349152683,17.771172198632918,121.85765673583163,44.903319897916695,82.84431915929699,114.16031989414986,144.88903982623106,66.151995156975,148.4152188259912,-139.27441328998248,-105.41129151615556,77.87679729500283,-50.61206136889692,27.057503165300574,-35.347706336750704,-53.886688331113774,64.14652844979393,42.55911637277828,-29.587821598495893,124.7476141839677,151.33116226248424,125.95561989662839,46.64226960426641,-62.02477874802216,91.84312566244549,-34.5987178778647,70.93983126812505,126.19267860286882,-95.9634203629885,-103.7800660762658,18.09010844930969,10.456880366336735,-133.52155557481305,23.179076691977713,4.163552781256032,73.8828202790839
13.16718801299552,-58.18779817810491,13.788281452908127,8.637840186725462,112.03561036574303,8.124650630649091,87.18553907068399,-121.75454998870353,14.632074641768874,104.49796687175689,38.45468283028608,70.80328141673732,96.49415582901409,122.65259765106973,58.02819973249503,124.53048460788125,-116.82117387355765,-87.81284927508435,66.12652252240407,-41.24862407614967,23.191670684444333,-29.288290709968674,-45.51181520976119,54.16331493373744,37.203832267664595,-23.508067250385356,106.28812705815159,125.95561989662839,107.27536247056995,37.74990987783123,-51.81015229340923,77.25347789227507,-30.04714991007904,58.37131064978611,106.17727626376654,-81.24398945345801,-87.62241858400083,16.669635771268084,9.415958036577155,-110.62206290976923,20.52559908434634,4.24288409640388,62.44681282792059
4.5389190726327575,-21.099756415116254,4.960790304831779,3.0093029199612262,39.756105881142624,2.3243098577262953,30.581839119693896,-44.41607802655278,5.520228330104229,36.225145806771806,13.314353890011363,24.766200712145015,34.48768051380638,43.89590897292534,19.100749231227905,45.336909116048616,-42.51012821713033,-32.465148960790884,23.3718702640796,-16.006372376395973,8.051470630194284,-11.00270351146345,-16.341902020589167,19.435106243114564,12.309294541985004,-9.597944836217042,37.388926941238566,46.64226960426641,37.74990987783123,14.90331260542726,-19.0852951336045,28.00308883056983,-10.071071331596313,22.131656474671555,38.39429802508799,-29.006274571800873,-31.505953363056577,4.819072561269382,2.850361550918337,-41.33842488876206,6.590770580213018,0.9352425407390673,22.368659324925808
-6.301095945075461,28.45278311438146,-6.702277871720711,-4.1492798099212544,-54.26324898042033,-3.6596656717093268,-42.06357926918076,59.616438095391125,-7.2458614063109055,-50.195774319444155,-18.440603292819166,-34.14208288810294,-46.85606794310566,-59.68089947116022,-27.36006664896267,-60.93713986533187,57.12991456418042,43.21698072870919,-31.963913499346532,20.698223402284675,-11.14686740243018,14.526202411809269,22.158450382983347,-26.3538636427276,-17.55791304812031,12.023999645352143,-51.3356400958465,-62.02477874802216,-51.81015229340923,-19.0852951336045,25.48355572100246,-37.754366829976604,14.236352291907872,-28.995523322427093,-51.807841696370815,39.46393863372163,42.691280736875136,-7.497941450968121,-4.281937728508056,54.64430292283167,-9.585189655961342,-1.7600814873282193,-30.36949088522711
9.42485256093187,-42.24271914382163,9.96818586401529,6.197969657929645,80.82564205620511,5.601008626639518,62.745245795339166,-88.45699274236526,10.705757862994858,74.99490994194974,27.56338459535322,50.94177296986418,69.72670658551854,88.76269682133096,41.156336265560824,90.4384440248228,-84.80189600276807,-64.00711875826477,47.641294499359496,-30.447108410917807,16.6505091793011,-21.459270024876183,-32.94652194818253,39.19159457717153,26.399475555042024,-17.565944163925035,76.54615587678036,91.84312566244549,77.25347789227507,28.00308883056983,-37.754366829976604,56.060936225463074,-21.37249930949859,42.799773980986096,76.96566306831667,-58.7248714126048,-63.461296645360605,11.474403486544688,6.522730382313232,-80.82011594909204,14.468034118771033,2.7795237015803576,45.17165206811234
-3.729549276757441,16.079586713765398,-3.84255238515427,-2.4335090282228524,-31.299271943106362,-2.4191663187657646,-24.44248881956888,33.633791876303405,-4.002764221454072,-29.42159746933977,-10.859271137242306,-19.852227513661372,-26.895731091778714,-34.06678735513989,-16.631490956613526,-34.419070257659456,32.32023233567136,24.132407903778443,-18.519560841837936,11.104808927273499,-6.524879784404459,7.974108323002673,12.640265876714952,-15.058832565172386,-10.66228255575735,6.202760792383485,-29.764742695345884,-34.5987178778647,-30.04714991007904,-10.071071331596313,14.236352291907872,-21.37249930949859,8.584675056455715,-15.896864752616038,-29.43646618858742,22.618593001849643,24.313178416822723,-4.998609273773182,-2.803294578919984,30.297093982725187,-5.939918932303005,-1.3553063527511775,-17.36744659840275
7.1108114995892,-32.193826578298314,7.656201014854661,4.685535808936442,61.3565883558069,3.8228929495823483,47.316418850602034,-67.85391685462073,8.38989195397226,56.264456879397,20.77799533924561,38.295354652656584,53.1350617591006,67.26712041141404,30.176293554487412,69.2782629183794,-65.05383229790478,-49.38920954372743,36.17885798666487,-23.954863947416328,12.495065764098698,-16.576985794583592,-25.064984359064155,29.85430835597444,19.470291642049695,-14.191945994771295,57.78843000705797,70.93983126812505,58.37131064978611,22.131656474671555,-28.995523322427093,42.799773980986096,-15.896864752616038,33.458282493732405,58.841691296103605,-44.59064638210904,-48.2696188128252,8.056302671619036,4.740397393958339,-62.759870807309234,10.529987249384725,1.7402368066505982,34.3624573616451
12.987323059858834,-57.956031923429485,13.7368494053342,8.53763411762584,111.12940255598183,7.671863707071382,86.21886798035509,-121.53293845571513,14.744777170049542,103.05536629989494,37.95014527831308,69.94701404427808,95.88888636506232,121.78200783880581,56.550331374035046,124.23139907613255,-116.563852144064,-87.93876835761007,65.55597450197804,-41.79307592199416,22.877797292268067,-29.412278312840535,-45.24510280929273,53.85292852367003,36.32217565233684,-24.15392081971668,105.17793405578321,126.19267860286882,106.17727626376654,38.39429802508799,-51.807841696370815,76.96566306831667,-29.43646618858742,58.841691296103605,105.7701649785256,-80.66733308705581,-87.12448124525491,15.83700035944748,9.055610340123552,-111.10792482095546,19.905507173263523,3.83600067638437,62.05662578672164
-9.939887341707701,44.244097887299304,-10.461699462652463,-6.531311490512619,-84.92107617608617,-6.029693777119065,-66.00884467201723,92.60226902928157,-11.164746097524725,-79.01053399052292,-29.0541750674977,-53.5994782630695,-73.19486332642052,-93.11551120942227,-43.62675831141643,-94.69609194789736,88.81270832978075,66.89299347758472,-50.0882411581298,31.613964226125802,-17.53893264427191,22.368441480831475,34.555656132388364,-41.11374095366131,-27.975108936753497,18.126580844919076,-80.49911328017029,-95.9634203629885,-81.24398945345801,-29.006274571800873,39.46393863372163,-58.7248714126048,22.618593001849643,-44.59064638210904,-80.66733308705581,61.641718979838544,66.54588674693596,-12.351916808531284,-6.99821493533894,84.36133375765185,-15.38544342820887,-3.073637573922791,-47.39561002144316
-10.696688355810352,47.827712289962776,-11.282350920835274,-7.033813803133537,-91.61129013656166,-6.450703226363477,-71.18640590547756,100.07043335036563,-12.073168032240698,-85.15673941915313,-31.28511906479428,-57.81481123476696,-78.98239771826795,-100.58944645437735,-46.9039907943861,-102.33113047455916,95.9434857676791,72.33836193480126,-54.00383483115653,34.288573589436076,-18.9057541048405,24.235179063832607,37.320041228620866,-44.3895634830864,-30.066270494863033,19.699366457616133,-86.82738697085749,-103.7800660762658,-87.62241858400083,-31.505953363056577,42.691280736875136,-63.461296645360605,24.313178416822723,-48.2696188128252,-87.12448124525491,66.54588674693596,71.8841327420611,-13.175388530172386,-7.460747935939204,91.25379702154774,-16.512297171917083,-3.2444076957177646,-51.172154920484004
2.1134733260554346,-8.630420116378547,2.0748070106639567,1.3608107296306446,17.200362475998695,1.5990688397177018,13.609897728943267,-17.911299570656258,2.0404385343125058,16.586905837951875,6.124164553314394,11.093817500855524,14.662915433331019,18.570580917900603,9.8630834457053,18.377031218550652,-17.25851156866158,-12.642304395495598,10.217789237873497,-5.453084812134701,3.6726617304265847,-4.099375696229577,-6.859848241533111,8.176486377925414,6.288286022328566,-2.8024711566359746,16.522441960756638,18.09010844930969,16.669635771268084,4.819072561269382,-7.497941450968121,11.474403486544688,-4.998609273773182,8.056302671619036,15.83700035944748,-12.351916808531284,-13.175388530172386,3.2719401528978866,1.7673711502354281,-15.649826938672096,3.5971838578686177,1.0175612294149028,9.449816122321643
1.201882148512493,-4.8843853868537614,1.2070500641129103,0.77828722687278,9.779921001120716,0.8281212231097036,7.664944433281912,-10.269022694476572,1.2127902980044913,9.297079469752823,3.4733699918328496,6.207622739847328,8.375476221415035,10.442422614398481,5.411360646877705,10.50990429275808,-9.913381606134843,-7.298167489897265,5.829096936738397,-3.215693144725747,2.058607137015856,-2.344694318813159,-3.889882065963616,4.653574164520974,3.4857826662624736,-1.7401998899359665,9.314131432900298,10.456880366336735,9.415958036577155,2.850361550918337,-4.281937728508056,6.522730382313232,-2.803294578919984,4.740397393958339,9.055610340123552,-6.99821493533894,-7.460747935939204,1.7673711502354281,1.0016864207672727,-9.128960577077434,1.9720940141136971,0.5214390841538074,5.3645276338127
-13.493529541521593,60.81231627597261,-14.452010488794647,-8.886863513737644,-116.12918747489269,-7.475394295421203,-89.71827102097622,127.98142361596457,-15.735474944189944,-106.85571059048497,-39.430583266671576,-72.66187840431013,-100.45535993743424,-127.28039204481105,-57.71898404368929,-130.71347966695146,122.71899629750513,92.9865121895399,-68.48861822160589,44.82082266915486,-23.72758919966599,31.171259875454535,47.387225934443826,-56.43136523205122,-37.19122710458963,26.36531910934644,-109.53551272147467,-133.52155557481305,-110.62206290976923,-41.33842488876206,54.64430292283167,-80.82011594909204,30.297093982725187,-62.759870807309234,-111.10792482095546,84.36133375765185,91.25379702154774,-15.649826938672096,-9.128960577077434,117.9612823057134,-20.19818028873851,-3.5144597654601455,-64.97615767021209
2.551729904877118,-10.90062847020857,2.5889157237996248,1.6617928030839995,21.297310469979198,1.7724033927546263,16.724013911932865,-22.67506104725068,2.6463851213889393,20.215715318092762,7.434079840689476,13.617613839932787,18.24132433305059,23.208392637807993,11.632370659594569,23.232587907891602,-21.79035711389438,-16.18198811748544,12.599215682586923,-7.305034055438247,4.482255532185581,-5.338668341492521,-8.583450442640725,10.215348597233096,7.424938349847588,-3.966572478860374,20.34655483513139,23.179076691977713,20.52559908434634,6.590770580213018,-9.585189655961342,14.468034118771033,-5.939918932303005,10.529987249384725,19.905507173263523,-15.38544342820887,-16.512297171917083,3.5971838578686177,1.9720940141136971,-20.19818028873851,4.176581052226007,1.0321617184211305,11.795407120342345
0.5472859244002195,-2.098575368371786,0.5009745872105447,0.3500590822195208,4.306817123652939,0.5166336122729986,3.4861692840149714,-4.2650343836772135,0.4412674791020392,4.330450383443391,1.585570647180431,2.864177479571613,3.6170052292949224,4.626492505292664,2.764788962347365,4.398625543517997,-4.120676640688852,-2.923436370020144,2.5654434221385807,-1.110639433015189,0.9575923318973187,-0.9248936995428989,-1.6905916809603354,2.0108397579588075,1.7416978961163072,-0.4582459326418188,4.21321557307615,4.163552781256032,4.24288409640388,0.9352425407390673,-1.7600814873282193,2.7795237015803576,-1.3553063527511775,1.7402368066505982,3.83600067638437,-3.073637573922791,-3.2444076957177646,1.0175612294149028,0.5214390841538074,-3.5144597654601455,1.0321617184211305,0.3631410421589659,2.334392447602616
7.641562625645012,-34.026867980841445,8.050506159004497,5.018934443945478,65.29488276478328,4.60099524000182,50.72962411392873,-71.25649877461906,8.605838768368573,60.698257562233096,22.33080461952522,41.18364873887801,56.29718903514423,71.58625322014485,33.46271445997803,72.86071983961277,-68.34182575577267,-51.49612176111945,38.5153642147271,-24.374204586889963,13.4736955900649,-17.22116077603703,-26.573341980489996,31.620408859690162,21.467039762544683,-14.003756659233469,61.87073641215709,73.8828202790839,62.44681282792059,22.368659324925808,-30.36949088522711,45.17165206811234,-17.36744659840275,34.3624573616451,62.05662578672164,-47.39561002144316,-51.172154920484004,9.449816122321643,5.3645276338127,-64.97615767021209,11.795407120342345,2.334392447602616,36.44873831199168
