V1,V2,V3,V4,V5,V6,V7,V8,V9,V10,V11,V12,V13,V14,V15,V16,V17,V18,V19,V20,V21,V22,V23,V24,V25,V26,V27,V28,V29,V30,V31,V32,V33,V34,V35,V36,V37,V38,V39,V40,V41,V42,V43
4.6546168587970245,-0.06494572761505864,1.110770462699332,-1.0827928344327467,1.4651460034085406,-2.330119509270863,3.9894948494683393,-0.5054067663901548,3.0825353628160004,1.1538914238640403,-0.8118135087660526,-2.334047149772647,-4.073256419205936,0.4961394499404185,-1.852519292161565,-6.740809336119927,-0.7107238783909401,-1.1916068797089219,0.05295848998720463,3.051640676062001,1.1847477478414732,-1.7316627867089502,-7.583059471173287,0.4226598843783768,-0.6647500957221844,-0.09240380815502287,0.32654024781135826,0.011292607793559669,1.1525310044675798,3.9424653458910583,-2.2754889219020824,-3.242118700181039,-3.073086583509373,5.6959985102226005,-0.7067954217960292,4.873673874019827,-2.6404309208823897,-6.21648307238156,1.491705158654486,4.2509044517698475,0.2307615073402614,-4.240638163581354,-2.433477075141525
-0.06494572761505864,0.699682364116807,0.4668068665037446,0.3648574405170952,-0.7610837532748991,-0.8789689299735854,0.5432359859741721,-0.04407099615044113,-1.2825477237716756,-0.4813430570428861,-1.4134364865726055,-1.5315766226909326,0.6325424643023213,-0.22550182512408212,-0.3593813218123751,1.2693096521844676,0.5557087974134352,0.1295454365022615,-0.17138743435471732,0.326408085151299,-0.6917624103963292,0.6489872464982896,0.571251185607268,1.2230630379713738,0.9488414635192698,0.13480015491657998,-0.23154123982480843,0.384107169166612,1.148331081974556,0.09351080928839513,0.24389004126435135,0.3044587230971389,-0.2913578074481913,0.9038316496491428,-0.09485262488680553,-0.45570322606663566,-1.0396565225967882,0.0022010781025772934,-0.6732834737941413,-0.523912016229716,0.18316219578859505,0.10655175341704848,-0.5984322677047902
1.110770462699332,0.4668068665037446,0.6023070878093136,-0.024491794676238708,-0.1588716607431867,-1.1847734147699778,1.376365920869924,-0.1591935251436217,-0.12444107338701274,-0.05112550295167386,-1.1770361745183977,-1.6377650726740616,-0.5766423032820948,-0.031338425273506866,-0.7081950751371091,-0.7935705548024035,0.2086260891106745,-0.20567128653237216,-0.10869562853490956,0.9823739580089013,-0.18631530833337617,0.013347515126867517,-1.4922515768339744,0.9480024038946668,0.4924686311236632,0.07106793839173006,-0.08361609625927245,0.2635263441453884,1.08998678743895,1.0461869330111633,-0.39051154936388155,-0.596721180738865,-0.9725259257304586,2.0431917923173484,-0.2384896747944849,0.8946400487103818,-1.371931092161675,-1.5335038499364457,-0.09705894167072864,0.6907000352042664,0.18464835858685752,-0.9800549540367087,-1.0231635602373519
-1.0827928344327467,0.3648574405170952,-0.024491794676238708,0.4399184545329072,-0.7161724522931177,0.08513816489566886,-0.6472393853796036,0.09767634128812647,-1.3296865161186653,-0.49200577160514963,-0.5244189999637275,-0.23786822597496496,1.2391210281520382,-0.2267920534366754,0.23851609308610228,2.149645535470774,0.435872523478267,0.3323997434110231,-0.09159298705138685,-0.5242658411135587,-0.6083932777005415,0.723647891975651,2.0037372325622425,0.518709571001475,0.6204250973760878,0.08665620689649216,-0.18113364207617055,0.19727752192728593,0.29523074483022155,-0.8476942495516837,0.6249853468536309,0.8873039211253131,0.5622392844333572,-0.8418994434413928,0.10775630873823876,-1.3263956204912866,0.07336563002232026,1.389408511889277,-0.6689368576325132,-1.2161151222592377,0.03799357379223737,1.0115407901067384,0.2598769329135407
1.4651460034085406,-0.7610837532748991,-0.1588716607431867,-0.7161724522931177,1.2480710482544248,0.23289144084567714,0.6278822804758606,-0.10711550106378881,2.2812674541089173,0.8528869911060477,1.2546893948636264,0.922610276606868,-1.8932964205483185,0.38836703633949854,-0.1748492991406556,-3.3649274680360497,-0.8015084507534245,-0.49441854683881614,0.19530505778229706,0.5691496565437545,1.0868708750713545,-1.2102454719308076,-2.8826405671898536,-1.1703313225737622,-1.2033962439559478,-0.16993000978150993,0.3404853680286744,-0.4069211779247013,-0.8644601569635387,1.0854575654249397,-0.9372781806486953,-1.2965734715718824,-0.6183174520462482,0.7540225576997343,-0.109988611877271,1.944473705122365,0.31069743474396544,-1.861697383475024,1.159299878882361,1.8287573011745766,-0.12413086264143401,-1.385567835946945,-0.09928135900428174
-2.330119509270863,-0.8789689299735854,-1.1847734147699778,0.08513816489566886,0.23289144084567714,2.3554425704312485,-2.777337800248594,0.3193775702999087,0.0732886180347535,0.028709788724501625,2.2648673022999457,3.20859958884613,1.2879747031441855,0.03684326829480251,1.4298610561209184,1.8418536309725313,-0.3560096860915205,0.4493023192675312,0.19574824403473132,-2.0090225639748764,0.2874089096035544,0.051424408058037906,3.1886294247059213,-1.8147493826839325,-0.8925470842150717,-0.12780168507052272,0.13216308158479964,-0.5073244513955949,-2.0947713567772768,-2.167080912872339,0.8629847718879344,1.284709078413747,1.9735924389336428,-4.133576688634741,0.4906459369841361,-1.934149244293796,2.726114234455128,3.2230681372658068,0.10406823388052197,-1.5222821931704285,-0.35853570301990023,2.061007553451682,2.042549979536629
3.9894948494683393,0.5432359859741721,1.376365920869924,-0.6472393853796036,0.6278822804758606,-2.777337800248594,3.960411768519613,-0.48540677934051796,1.5682791269062937,0.5766499745070267,-1.9166902748541659,-3.3440041355528747,-3.0026349373501136,0.24068639194351707,-1.9184841201701275,-4.760460956092376,-0.137664005734906,-0.922702960341529,-0.10984754050201152,2.930457260662022,0.42923019361075027,-0.9604991652485269,-6.110390385529302,1.4127241152652568,0.24211363622843396,0.03769494992124911,0.0730967023330036,0.327714395520749,2.0142156055451146,3.5136405991625153,-1.7531158998550427,-2.561614530084739,-2.941809206338239,5.738038911765119,-0.6893551441954987,3.8428894697585485,-3.1827003912963114,-5.379450189360273,0.7124729523588438,3.2376310203226333,0.35999091518278403,-3.596034858736662,-2.6427216947394605
-0.5054067663901548,-0.04407099615044113,-0.1591935251436217,0.09767634128812647,-0.10711550106378881,0.3193775702999087,-0.48540677934051796,0.06126620150748953,-0.24056344821708406,-0.08707626987548764,0.1922776796425173,0.36861466036104146,0.4014329643294921,-0.03859212666221305,0.22941779646581656,0.6428692004687865,0.036287695651862864,0.12064851615026538,0.009464221591926078,-0.357940633600884,-0.07706105758080536,0.1458755769401596,0.7922573507550077,-0.13488095170544137,0.0013864662784609826,-5.242705844312581e-4,-0.015257032410901563,-0.02561177746033406,-0.21885119625207625,-0.44121768433097036,0.2268770840326142,0.33461985130820227,0.36457852591763307,-0.6944406427939713,0.0825543335300178,-0.5001678957098736,0.3644686892718284,0.6745838850705507,-0.11207410297709113,-0.4253801309958172,-0.039570689199386305,0.4576034214147008,0.3149188016187683
3.0825353628160004,-1.2825477237716756,-0.12444107338701274,-1.3296865161186653,2.2812674541089173,0.0732886180347535,1.5682791269062937,-0.24056344821708406,4.244908845512091,1.595059995538392,1.9896126322932859,1.230042990933095,-3.7167710313402544,0.7151485738793246,-0.5432893720770342,-6.552940929348603,-1.440381985306746,-0.990228503979087,0.3414822027763103,1.366997668873247,1.9854630363318442,-2.2502989345358526,-5.843507168569051,-1.898928416832364,-2.1096128086414474,-0.2990387051505638,0.6239452972521748,-0.6694991498065354,-1.3139478749995255,2.3444915593584454,-1.8896251570757139,-2.6049022492414733,-1.433466148714548,2.0225070562144847,-0.2848886381754936,3.916203575395443,0.15965977602825332,-3.9756742253161272,2.1481057997287993,3.6424846482083955,-0.17880833749722244,-2.8916262842316347,-0.48364493101459033
1.1538914238640403,-0.4813430570428861,-0.05112550295167386,-0.49200577160514963,0.8528869911060477,0.028709788724501625,0.5766499745070267,-0.08707626987548764,1.595059995538392,0.6025301859162739,0.7472132656512551,0.46413504657087334,-1.3908016682204505,0.2672213946338624,-0.20255089353038735,-2.4584383697566783,-0.5413244539576865,-0.37146312712702245,0.13116470310659015,0.5115163024656053,0.7469026003028493,-0.8394989668858232,-2.18495949536304,-0.7120282450820028,-0.7936238739527813,-0.11303238325666423,0.23803891757042955,-0.24733546197245757,-0.5034600037950584,0.8748716168441555,-0.7129298514735575,-0.9738689949741953,-0.5288011775985306,0.7508838180498718,-0.10853459880601816,1.467367040642405,0.060616636091809166,-1.4953142147366136,0.8076215792323364,1.3668538632239173,-0.06815946781948444,-1.0818401319958957,-0.17492408397812617
-0.8118135087660526,-1.4134364865726055,-1.1770361745183977,-0.5244189999637275,1.2546893948636264,2.2648673022999457,-1.9166902748541659,0.1922776796425173,1.9896126322932859,0.7472132656512551,3.0466143886352537,3.596302501186813,-0.4633855861378025,0.35911876259001185,1.1085832994167009,-1.2204861251331145,-0.988907257301012,-0.022414272749318984,0.338623569169541,-1.2845938362277627,1.1700937913147116,-0.9720581939630965,0.37348644293781763,-2.5795433791393654,-1.7997070228694196,-0.2560695812942625,0.4057894747445999,-0.7856676531353013,-2.5749640900335145,-0.9903466012534872,-0.03552648628053794,0.036864724378563106,1.2172963828662189,-2.9982304858480715,0.3368278705109681,-0.05955305024068128,2.6554889622099154,1.2568387318952887,1.0700909089140402,0.20585687502656738,-0.42020087370779113,0.6429829463289534,1.7137370678653572
-2.334047149772647,-1.5315766226909326,-1.6377650726740616,-0.23786822597496496,0.922610276606868,3.20859958884613,-3.3440041355528747,0.36861466036104146,1.230042990933095,0.46413504657087334,3.596302501186813,4.672082936748257,0.7546515706593779,0.2400097444644829,1.7914000062528916,0.7485738459169275,-0.8659357031607169,0.3444726290559917,0.3563542712288535,-2.356035723035473,0.9182732999217567,-0.5290111432115028,2.761771915654161,-2.9626396487973667,-1.7704097618209353,-0.25271566321505906,0.34578221864198216,-0.865031165951944,-3.187455081063009,-2.3100485840528884,0.6645992342212403,1.0459693565947605,2.2914464485714814,-5.05865936864969,0.5881374279997588,-1.5758935420210343,3.733449417124748,3.3045088252317862,0.7130861567269527,-1.0906976294237594,-0.5329907734606348,2.020589011513449,2.6375339940263762
-4.073256419205936,0.6325424643023213,-0.5766423032820948,1.2391210281520382,-1.8932964205483185,1.2879747031441855,-3.0026349373501136,0.4014329643294921,-3.7167710313402544,-1.3908016682204505,-0.4633855861378025,0.7546515706593779,4.040105387689398,-0.6150124046012462,1.3040061918919903,6.865636789081761,1.0706147965960795,1.1353252947777301,-0.18537976726215552,-2.366244291865696,-1.5915662258088268,2.032270816379694,7.021262785911473,0.6430149134181959,1.354763688681558,0.19051302209087062,-0.47037680060153897,0.30806435021498957,-0.05440790155781947,-3.328816309907013,2.163402456471365,3.0515244657608505,2.4177289387686303,-4.176739330824131,0.5311155905402727,-4.584085702995831,1.4233407234500093,5.367067837939399,-1.8419139155829645,-4.101176663036962,-0.04854005754344181,3.750345126337864,1.6114082267477554
0.4961394499404185,-0.22550182512408212,-0.031338425273506866,-0.2267920534366754,0.38836703633949854,0.03684326829480251,0.24068639194351707,-0.03859212666221305,0.7151485738793246,0.2672213946338624,0.35911876259001185,0.2400097444644829,-0.6150124046012462,0.1217165934701617,-0.07710607095273779,-1.0852637275534347,-0.24587267539298033,-0.16203420207032587,0.05812877516610248,0.20970830087514195,0.33661422575746636,-0.38123776543808985,-0.9549397627656252,-0.33957726648636744,-0.3641653366505018,-0.05142150057644798,0.10441399532082873,-0.11973064087008989,-0.23840026613118,0.374393816186659,-0.30736291255017056,-0.4270957968132811,-0.2252190213189796,0.3008685503817084,-0.04192308517837707,0.6405944314059049,0.0555125747411434,-0.634276821024693,0.36251714962469467,0.597502564552005,-0.033633388668951054,-0.4670087079200341,-0.06324125532878534
-1.852519292161565,-0.3593813218123751,-0.7081950751371091,0.23851609308610228,-0.1748492991406556,1.4298610561209184,-1.9184841201701275,0.22941779646581656,-0.5432893720770342,-0.20255089353038735,1.1085832994167009,1.7914000062528916,1.3040061918919903,-0.07710607095273779,0.9497405323652542,2.034805019276337,-0.01821910366398248,0.4119191226903705,0.07315883464248427,-1.4179368168999285,-0.09906289652765955,0.34496831298223263,2.7616658703470525,-0.8457297572060933,-0.25349302279136976,-0.03684303433609496,-0.004516714241311555,-0.21635170441884977,-1.101223882174798,-1.6510529088831585,0.7884242655361928,1.147507260570889,1.4077686350619205,-2.8093166503289226,0.33890394186764233,-1.725960038560469,1.6443449268188248,2.52049431204916,-0.23392368209401707,-1.435499809280627,-0.19454019528825123,1.6616692028837339,1.3175158285949
-6.740809336119927,1.2693096521844676,-0.7935705548024035,2.149645535470774,-3.3649274680360497,1.8418536309725313,-4.760460956092376,0.6428692004687865,-6.552940929348603,-2.4584383697566783,-1.2204861251331145,0.7485738459169275,6.865636789081761,-1.0852637275534347,2.034805019276337,11.74226937842149,1.948389799929453,1.9161979845142187,-0.36690533009195464,-3.7992833430023034,-2.8539763254881745,3.554496271002403,11.761173319572809,1.4537897747131523,2.5453170491207175,0.35928313751814456,-0.8589035196632064,0.6256276081741798,0.299314272127735,-5.4570521444153135,3.657662854669094,5.129419441393007,3.880738201414932,-6.590444245741849,0.8496515206629486,-7.710893209624863,2.0144918407351806,8.868242771947441,-3.2601726757955034,-6.940183609804646,-0.01971764776898418,6.220274331250052,2.455359340090581
-0.7107238783909401,0.5557087974134352,0.2086260891106745,0.435872523478267,-0.8015084507534245,-0.3560096860915205,-0.137664005734906,0.036287695651862864,-1.440381985306746,-0.5413244539576865,-0.988907257301012,-0.8659357031607169,1.0706147965960795,-0.24587267539298033,-0.01821910366398248,1.948389799929453,0.535643472743886,0.2705546490568916,-0.14257389554885802,-0.17796265820816412,-0.7094786158466845,0.750818566075478,1.5200056090404492,0.8950923374651281,0.8361660687160285,0.118650419436898,-0.22901996551804674,0.2974259020336748,0.7374996051699798,-0.48513895416386504,0.5152114955790124,0.6969415149158446,0.2052146230192631,-0.09996111042867033,0.02701739364983465,-1.0472191660997578,-0.4373439298222402,0.8857362654225959,-0.7381726517666771,-1.0132180997475335,0.1104331760217062,0.6842851129916574,-0.1246022278995678
-1.1916068797089219,0.1295454365022615,-0.20567128653237216,0.3323997434110231,-0.49441854683881614,0.4493023192675312,-0.922702960341529,0.12064851615026538,-0.990228503979087,-0.37146312712702245,-0.022414272749318984,0.3444726290559917,1.1353252947777301,-0.16203420207032587,0.4119191226903705,1.9161979845142187,0.2705546490568916,0.3235203834720509,-0.04173463543550185,-0.7217219989668934,-0.4129930255673796,0.5434770600651615,2.0158293113342514,0.09024791951120797,0.32240682102968243,0.04536093089100525,-0.1212099695988995,0.05869736028830518,-0.10489712162729513,-0.9848830917688829,0.617869256619321,0.8716107428421758,0.7312453550464313,-1.2984507682767827,0.16447108373085517,-1.310462054830748,0.502170575364234,1.5790955055802383,-0.48770972240614424,-1.1639705885019582,-0.02890656872909383,1.0931741397388604,0.5196870151927249
0.05295848998720463,-0.17138743435471732,-0.10869562853490956,-0.09159298705138685,0.19530505778229706,0.19574824403473132,-0.10984754050201152,0.009464221591926078,0.3414822027763103,0.13116470310659015,0.338623569169541,0.3563542712288535,-0.18537976726215552,0.05812877516610248,0.07315883464248427,-0.36690533009195464,-0.14257389554885802,-0.04173463543550185,0.04519076763352007,-0.0549431188061202,0.1808037236144124,-0.1684646032466999,-0.19676302608871446,-0.2943884257514593,-0.2391580494997567,-0.03445815905997727,0.06311362501413786,-0.09002937345728917,-0.2804536806585754,0.00623607337904667,-0.08269757573036945,-0.09858754075024878,0.05359336362793496,-0.1796061042344552,0.015521323847916935,0.1508087701929018,0.23185092822095507,-0.056970653592217646,0.1785410775486602,0.1643050038009027,-0.04369568402897736,-0.05918151750332462,0.13159788132246783
3.051640676062001,0.326408085151299,0.9823739580089013,-0.5242658411135587,0.5691496565437545,-2.0090225639748764,2.930457260662022,-0.357940633600884,1.366997668873247,0.5115163024656053,-1.2845938362277627,-2.356035723035473,-2.366244291865696,0.20970830087514195,-1.4179368168999285,-3.7992833430023034,-0.17796265820816412,-0.7217219989668934,-0.0549431188061202,2.1956277149831123,0.4205574967115149,-0.8047812687911042,-4.725319436488725,0.9261912302975465,0.059991041492071046,0.00979848118167533,0.0948501345058603,0.2108536735653527,1.3690621913930325,2.6628218075110355,-1.3806068055344363,-1.988470712775015,-2.1901937565751837,4.252980768046859,-0.5189976605823747,2.9906419902765755,-2.2997054168510136,-4.12132381991616,0.6337831014933782,2.5420354297133674,0.2495992328723635,-2.7551198704883606,-1.9286051295985862
1.1847477478414732,-0.6917624103963292,-0.18631530833337617,-0.6083932777005415,1.0868708750713545,0.2874089096035544,0.42923019361075027,-0.07706105758080536,1.9854630363318442,0.7469026003028493,1.1700937913147116,0.9182732999217567,-1.5915662258088268,0.33661422575746636,-0.09906289652765955,-2.8539763254881745,-0.7094786158466845,-0.4129930255673796,0.1808037236144124,0.4205574967115149,0.9561656444040219,-1.0413203714026105,-2.377166061178494,-1.0792605478761612,-1.0788425694575143,-0.15315800382123682,0.30588206337833984,-0.3656746338075575,-0.8396020611456406,0.8580785511738305,-0.7883308000562895,-1.0744126601670025,-0.45338954924807884,0.4960662124304296,-0.08041463981440274,1.6156702425982266,0.3673886177829519,-1.506160419272303,1.0119506984840763,1.533114398154791,-0.12190441969514411,-1.1246415512391361,-0.00414288189891249
-1.7316627867089502,0.6489872464982896,0.013347515126867517,0.723647891975651,-1.2102454719308076,0.051424408058037906,-0.9604991652485269,0.1458755769401596,-2.2502989345358526,-0.8394989668858232,-0.9720581939630965,-0.5290111432115028,2.032270816379694,-0.38123776543808985,0.34496831298223263,3.554496271002403,0.750818566075478,0.5434770600651615,-0.1684646032466999,-0.8047812687911042,-1.0413203714026105,1.2079699951629397,3.241523332044961,0.9428563954135549,1.0846358181102043,0.1527143129336364,-0.31920242090115014,0.34415205329034504,0.6002826812441452,-1.3369939981889951,1.029682487637645,1.440057704997731,0.8535486001585557,-1.2454673017284528,0.1666733152199499,-2.1589545099607683,0.018459322581563947,2.2281405220780184,-1.1354728211629308,-1.9936152630836061,0.07978795939625571,1.6208575753708276,0.34628139588874424
-7.583059471173287,0.571251185607268,-1.4922515768339744,2.0037372325622425,-2.8826405671898536,3.1886294247059213,-6.110390385529302,0.7922573507550077,-5.843507168569051,-2.18495949536304,0.37348644293781763,2.761771915654161,7.021262785911473,-0.9549397627656252,2.7616658703470525,11.761173319572809,1.5200056090404492,2.0158293113342514,-0.19676302608871446,-4.725319436488725,-2.377166061178494,3.241523332044961,12.667492494792668,0.1309892722439806,1.7064976429945968,0.23861933879177152,-0.6787681439455597,0.24139071419696997,-1.112168432916771,-6.326467775789489,3.842975129061543,5.456294382730277,4.791498487752513,-8.629351095446598,1.079523229715311,-8.19747080620833,3.583572293454189,10.063872472802915,-2.862420457147382,-7.232055045874302,-0.2525960925460021,6.940887703885644,3.5486587411353736
0.4226598843783768,1.2230630379713738,0.9480024038946668,0.518709571001475,-1.1703313225737622,-1.8147493826839325,1.4127241152652568,-0.13488095170544137,-1.898928416832364,-0.7120282450820028,-2.5795433791393654,-2.9626396487973667,0.6430149134181959,-0.33957726648636744,-0.8457297572060933,1.4537897747131523,0.8950923374651281,0.09024791951120797,-0.2943884257514593,0.9261912302975465,-1.0792605478761612,0.9428563954135549,0.1309892722439806,2.2001267976208614,1.5913769189282454,0.22614213550073192,-0.36837064804878805,0.6781947559675584,2.1496868031824725,0.6184184587358308,0.16487669592728918,0.1620373583118032,-0.8647170295252553,2.245234363378741,-0.2489686003213334,-0.23907315540463794,-2.1333954154688803,-0.7154528695496335,-1.0113116936533137,-0.430387470540902,0.34841304256069133,-0.30152937697773396,-1.3317128100140185
-0.6647500957221844,0.9488414635192698,0.4924686311236632,0.6204250973760878,-1.2033962439559478,-0.8925470842150717,0.24211363622843396,0.0013864662784609826,-2.1096128086414474,-0.7936238739527813,-1.7997070228694196,-1.7704097618209353,1.354763688681558,-0.3641653366505018,-0.25349302279136976,2.5453170491207175,0.8361660687160285,0.32240682102968243,-0.2391580494997567,0.059991041492071046,-1.0788425694575143,1.0846358181102043,1.7064976429945968,1.5913769189282454,1.359871328405192,0.1933263895326985,-0.3546917808858428,0.512216299862648,1.4077749488976041,-0.3615727851893496,0.6138874773392726,0.8103649242960949,-0.015606170329994182,0.5118185053406489,-0.03839584494689598,-1.21784100213649,-1.0695939610202936,0.7792821477635089,-1.0920195123614065,-1.233549832985326,0.21830314760369907,0.6688556311206096,-0.5062731029834471
-0.09240380815502287,0.13480015491657998,0.07106793839173006,0.08665620689649216,-0.16993000978150993,-0.12780168507052272,0.03769494992124911,-5.242705844312581e-4,-0.2990387051505638,-0.11303238325666423,-0.2560695812942625,-0.25271566321505906,0.19051302209087062,-0.05142150057644798,-0.03684303433609496,0.35928313751814456,0.118650419436898,0.04536093089100525,-0.03445815905997727,0.00979848118167533,-0.15315800382123682,0.1527143129336364,0.23861933879177152,0.22614213550073192,0.1933263895326985,0.02758249224043631,-0.05089180319310314,0.07206336698053827,0.2020876820442027,-0.04920886386317333,0.08708034784632535,0.11342976582355462,-0.004742898859479364,0.07597618536371586,-0.005435360524968831,-0.1710248610485726,-0.15296405193077786,0.1092203000826879,-0.15492239450930784,-0.17379026854110063,0.0313025810183098,0.09305489386727411,-0.07380272804587075
0.32654024781135826,-0.23154123982480843,-0.08361609625927245,-0.18113364207617055,0.3404853680286744,0.13216308158479964,0.0730967023330036,-0.015257032410901563,0.6239452972521748,0.23803891757042955,0.4057894747445999,0.34578221864198216,-0.47037680060153897,0.10441399532082873,-0.004516714241311555,-0.8589035196632064,-0.22901996551804674,-0.1212099695988995,0.06311362501413786,0.0948501345058603,0.30588206337833984,-0.31920242090115014,-0.6787681439455597,-0.36837064804878805,-0.3546917808858428,-0.05089180319310314,0.10221044363035199,-0.11939899645793278,-0.3100638209641565,0.2252304695601618,-0.2353575853570976,-0.30952971575799404,-0.0975045234702381,0.07437575399220071,-0.018346783140915087,0.4687297686159028,0.16316337804677128,-0.4178235170849793,0.3195249886872379,0.4526793152634667,-0.04527620575140759,-0.3120405644345475,0.041477671689755434
0.011292607793559669,0.384107169166612,0.2635263441453884,0.19727752192728593,-0.4069211779247013,-0.5073244513955949,0.327714395520749,-0.02561177746033406,-0.6694991498065354,-0.24733546197245757,-0.7856676531353013,-0.865031165951944,0.30806435021498957,-0.11973064087008989,-0.21635170441884977,0.6256276081741798,0.2974259020336748,0.05869736028830518,-0.09002937345728917,0.2108536735653527,-0.3656746338075575,0.34415205329034504,0.24139071419696997,0.6781947559675584,0.512216299862648,0.07206336698053827,-0.11939899645793278,0.21686338144309766,0.6318219740906189,0.08806279176013421,0.10481688816306604,0.13684421965943672,-0.18266634643446056,0.5491270024618906,-0.061749723608993425,-0.20042928151215553,-0.5998318189296904,-0.07074843364646193,-0.35213497783295006,-0.2424086557892585,0.10164595833540331,0.01661331813427423,-0.3479266032256377
1.1525310044675798,1.148331081974556,1.08998678743895,0.29523074483022155,-0.8644601569635387,-2.0947713567772768,2.0142156055451146,-0.21885119625207625,-1.3139478749995255,-0.5034600037950584,-2.5749640900335145,-3.187455081063009,-0.05440790155781947,-0.23840026613118,-1.101223882174798,0.299314272127735,0.7374996051699798,-0.10489712162729513,-0.2804536806585754,1.3690621913930325,-0.8396020611456406,0.6002826812441452,-1.112168432916771,2.1496868031824725,1.4077749488976041,0.2020876820442027,-0.3100638209641565,0.6318219740906189,2.254923688521317,1.2310327882065453,-0.19413712353841256,-0.3758456243261099,-1.3398647604186327,3.0624455225523755,-0.34312070923386245,0.558622914160879,-2.444549246841759,-1.658562889490066,-0.724841822543358,0.27040196808447925,0.37010672839933595,-0.9730738428815964,-1.6718201666117818
3.9424653458910583,0.09351080928839513,1.0461869330111633,-0.8476942495516837,1.0854575654249397,-2.167080912872339,3.5136405991625153,-0.44121768433097036,2.3444915593584454,0.8748716168441555,-0.9903466012534872,-2.3100485840528884,-3.328816309907013,0.374393816186659,-1.6510529088831585,-5.4570521444153135,-0.48513895416386504,-0.9848830917688829,0.00623607337904667,2.6628218075110355,0.8580785511738305,-1.3369939981889951,-6.326467775789489,0.6184184587358308,-0.3615727851893496,-0.04920886386317333,0.2252304695601618,0.08806279176013421,1.2310327882065453,3.3728107298034398,-1.8782408317065797,-2.692322090180862,-2.6795161203659594,5.036978719201088,-0.6193226350670497,4.045050653437644,-2.464414925325034,-5.277682752083218,1.1229415620936603,3.499877675024606,0.2358072263897445,-3.582294501812964,-2.1994027522196165
-2.2754889219020824,0.24389004126435135,-0.39051154936388155,0.6249853468536309,-0.9372781806486953,0.8629847718879344,-1.7531158998550427,0.2268770840326142,-1.8896251570757139,-0.7129298514735575,-0.03552648628053794,0.6645992342212403,2.163402456471365,-0.30736291255017056,0.7884242655361928,3.657662854669094,0.5152114955790124,0.617869256619321,-0.08269757573036945,-1.3806068055344363,-0.7883308000562895,1.029682487637645,3.842975129061543,0.16487669592728918,0.6138874773392726,0.08708034784632535,-0.2353575853570976,0.10481688816306604,-0.19413712353841256,-1.8782408317065797,1.185421099701254,1.6609240082934957,1.3889729737835677,-2.4787429415063156,0.3171982088960859,-2.5014552160245382,0.9657355501530204,3.0252108698911453,-0.9311483198512579,-2.223454558317578,-0.05484863121387024,2.086412419639553,0.989349310379423
-3.242118700181039,0.3044587230971389,-0.596721180738865,0.8873039211253131,-1.2965734715718824,1.284709078413747,-2.561614530084739,0.33461985130820227,-2.6049022492414733,-0.9738689949741953,0.036864724378563106,1.0459693565947605,3.0515244657608505,-0.4270957968132811,1.147507260570889,5.129419441393007,0.6969415149158446,0.8716107428421758,-0.09858754075024878,-1.988470712775015,-1.0744126601670025,1.440057704997731,5.456294382730277,0.1620373583118032,0.8103649242960949,0.11342976582355462,-0.30952971575799404,0.13684421965943672,-0.3758456243261099,-2.692322090180862,1.6609240082934957,2.3553376280188565,2.0203333323532466,-3.6050823167256665,0.452379043833048,-3.5381468463286527,1.4392483628679442,4.294809352966975,-1.2798075425902868,-3.131974867078696,-0.09209621820460404,2.9717114333019263,1.4630352514055993
-3.073086583509373,-0.2913578074481913,-0.9725259257304586,0.5622392844333572,-0.6183174520462482,1.9735924389336428,-2.941809206338239,0.36457852591763307,-1.433466148714548,-0.5288011775985306,1.2172963828662189,2.2914464485714814,2.4177289387686303,-0.2252190213189796,1.4077686350619205,3.880738201414932,0.2052146230192631,0.7312453550464313,0.05359336362793496,-2.1901937565751837,-0.45338954924807884,0.8535486001585557,4.791498487752513,-0.8647170295252553,-0.015606170329994182,-0.004742898859479364,-0.0975045234702381,-0.18266634643446056,-1.3398647604186327,-2.6795161203659594,1.3889729737835677,2.0203333323532466,2.2053430128524636,-4.241151332330771,0.5119358137757951,-3.030686482251416,2.255849850545315,4.12841696873017,-0.6675095189820367,-2.5783551020855153,-0.2433373731032215,2.778625847298316,1.920753989157035
5.6959985102226005,0.9038316496491428,2.0431917923173484,-0.8418994434413928,0.7540225576997343,-4.133576688634741,5.738038911765119,-0.6944406427939713,2.0225070562144847,0.7508838180498718,-2.9982304858480715,-5.05865936864969,-4.176739330824131,0.3008685503817084,-2.8093166503289226,-6.590444245741849,-0.09996111042867033,-1.2984507682767827,-0.1796061042344552,4.252980768046859,0.4960662124304296,-1.2454673017284528,-8.629351095446598,2.245234363378741,0.5118185053406489,0.07597618536371586,0.07437575399220071,0.5491270024618906,3.0624455225523755,5.036978719201088,-2.4787429415063156,-3.6050823167256665,-4.241151332330771,8.360374979558205,-1.0093406774691431,5.417514029976378,-4.744549665836753,-7.716167381590713,0.9040184531636988,4.544574651312738,0.5458553892160518,-5.123673076783869,-3.874929110681386
-0.7067954217960292,-0.09485262488680553,-0.2384896747944849,0.10775630873823876,-0.109988611877271,0.4906459369841361,-0.6893551441954987,0.0825543335300178,-0.2848886381754936,-0.10853459880601816,0.3368278705109681,0.5881374279997588,0.5311155905402727,-0.04192308517837707,0.33890394186764233,0.8496515206629486,0.02701739364983465,0.16447108373085517,0.015521323847916935,-0.5189976605823747,-0.08041463981440274,0.1666733152199499,1.079523229715311,-0.2489686003213334,-0.03839584494689598,-0.005435360524968831,-0.018346783140915087,-0.061749723608993425,-0.34312070923386245,-0.6193226350670497,0.3171982088960859,0.452379043833048,0.5119358137757951,-1.0093406774691431,0.12441715021085847,-0.6824237737582045,0.5629387525493454,0.9613415078758282,-0.13024918758728601,-0.5776289400983622,-0.06245628167926317,0.6364035765998348,0.46090498352027054
4.873673874019827,-0.45570322606663566,0.8946400487103818,-1.3263956204912866,1.944473705122365,-1.934149244293796,3.8428894697585485,-0.5001678957098736,3.916203575395443,1.467367040642405,-0.05955305024068128,-1.5758935420210343,-4.584085702995831,0.6405944314059049,-1.725960038560469,-7.710893209624863,-1.0472191660997578,-1.310462054830748,0.1508087701929018,2.9906419902765755,1.6156702425982266,-2.1589545099607683,-8.19747080620833,-0.23907315540463794,-1.21784100213649,-0.1710248610485726,0.4687297686159028,-0.20042928151215553,0.558622914160879,4.045050653437644,-2.5014552160245382,-3.5381468463286527,-3.030686482251416,5.417514029976378,-0.6824237737582045,5.318324194925965,-2.167683287548998,-6.463802952335383,1.9244563422111391,4.7092844439737584,0.13798272939677758,-4.4663582809381905,-2.1960605331843563
-2.6404309208823897,-1.0396565225967882,-1.371931092161675,0.07336563002232026,0.31069743474396544,2.726114234455128,-3.1827003912963114,0.3644686892718284,0.15965977602825332,0.060616636091809166,2.6554889622099154,3.733449417124748,1.4233407234500093,0.0555125747411434,1.6443449268188248,2.0144918407351806,-0.4373439298222402,0.502170575364234,0.23185092822095507,-2.2997054168510136,0.3673886177829519,0.018459322581563947,3.583572293454189,-2.1333954154688803,-1.0695939610202936,-0.15296405193077786,0.16316337804677128,-0.5998318189296904,-2.444549246841759,-2.464414925325034,0.9657355501530204,1.4392483628679442,2.255849850545315,-4.744549665836753,0.5629387525493454,-2.167683287548998,3.156628656948466,3.659139444740442,0.15814957423856066,-1.696463747136409,-0.41767575280634295,2.332379877556638,2.353093837504729
-6.21648307238156,0.0022010781025772934,-1.5335038499364457,1.389408511889277,-1.861697383475024,3.2230681372658068,-5.379450189360273,0.6745838850705507,-3.9756742253161272,-1.4953142147366136,1.2568387318952887,3.3045088252317862,5.367067837939399,-0.634276821024693,2.52049431204916,8.868242771947441,0.8857362654225959,1.5790955055802383,-0.056970653592217646,-4.12132381991616,-1.506160419272303,2.2281405220780184,10.063872472802915,-0.7154528695496335,0.7792821477635089,0.1092203000826879,-0.4178235170849793,-0.07074843364646193,-1.658562889490066,-5.277682752083218,3.0252108698911453,4.294809352966975,4.12841696873017,-7.716167381590713,0.9613415078758282,-6.463802952335383,3.659139444740442,8.329228213915414,-1.9187040138066542,-5.626784540720675,-0.3286317886244228,5.656342507846911,3.3152995452613365
1.491705158654486,-0.6732834737941413,-0.09705894167072864,-0.6689368576325132,1.159299878882361,0.10406823388052197,0.7124729523588438,-0.11207410297709113,2.1481057997287993,0.8076215792323364,1.0700909089140402,0.7130861567269527,-1.8419139155829645,0.36251714962469467,-0.23392368209401707,-3.2601726757955034,-0.7381726517666771,-0.48770972240614424,0.1785410775486602,0.6337831014933782,1.0119506984840763,-1.1354728211629308,-2.862420457147382,-1.0113116936533137,-1.0920195123614065,-0.15492239450930784,0.3195249886872379,-0.35213497783295006,-0.724841822543358,1.1229415620936603,-0.9311483198512579,-1.2798075425902868,-0.6675095189820367,0.9040184531636988,-0.13024918758728601,1.9244563422111391,0.15814957423856066,-1.9187040138066542,1.0890583107332195,1.7979308612822869,-0.1007949173012269,-1.4027745549218293,-0.18578846979516353
4.2509044517698475,-0.523912016229716,0.6907000352042664,-1.2161151222592377,1.8287573011745766,-1.5222821931704285,3.2376310203226333,-0.4253801309958172,3.6424846482083955,1.3668538632239173,0.20585687502656738,-1.0906976294237594,-4.101176663036962,0.597502564552005,-1.435499809280627,-6.940183609804646,-1.0132180997475335,-1.1639705885019582,0.1643050038009027,2.5420354297133674,1.533114398154791,-1.9936152630836061,-7.232055045874302,-0.430387470540902,-1.233549832985326,-0.17379026854110063,0.4526793152634667,-0.2424086557892585,0.27040196808447925,3.499877675024606,-2.223454558317578,-3.131974867078696,-2.5783551020855153,4.544574651312738,-0.5776289400983622,4.7092844439737584,-1.696463747136409,-5.626784540720675,1.7979308612822869,4.193401552690418,0.08630899801326819,-3.9038218070916484,-1.797667008002806
0.2307615073402614,0.18316219578859505,0.18464835858685752,0.03799357379223737,-0.12413086264143401,-0.35853570301990023,0.35999091518278403,-0.039570689199386305,-0.17880833749722244,-0.06815946781948444,-0.42020087370779113,-0.5329907734606348,-0.04854005754344181,-0.033633388668951054,-0.19454019528825123,-0.01971764776898418,0.1104331760217062,-0.02890656872909383,-0.04369568402897736,0.2495992328723635,-0.12190441969514411,0.07978795939625571,-0.2525960925460021,0.34841304256069133,0.21830314760369907,0.0313025810183098,-0.04527620575140759,0.10164595833540331,0.37010672839933595,0.2358072263897445,-0.05484863121387024,-0.09209621820460404,-0.2433373731032215,0.5458553892160518,-0.06245628167926317,0.13798272939677758,-0.41767575280634295,-0.3286317886244228,-0.1007949173012269,0.08630899801326819,0.0615525370798272,-0.1977924196180216,-0.29047686652844645
-4.240638163581354,0.10655175341704848,-0.9800549540367087,1.0115407901067384,-1.385567835946945,2.061007553451682,-3.596034858736662,0.4576034214147008,-2.8916262842316347,-1.0818401319958957,0.6429829463289534,2.020589011513449,3.750345126337864,-0.4670087079200341,1.6616692028837339,6.220274331250052,0.6842851129916574,1.0931741397388604,-0.05918151750332462,-2.7551198704883606,-1.1246415512391361,1.6208575753708276,6.940887703885644,-0.30152937697773396,0.6688556311206096,0.09305489386727411,-0.3120405644345475,0.01661331813427423,-0.9730738428815964,-3.582294501812964,2.086412419639553,2.9717114333019263,2.778625847298316,-5.123673076783869,0.6364035765998348,-4.4663582809381905,2.332379877556638,5.656342507846911,-1.4027745549218293,-3.9038218070916484,-0.1977924196180216,3.866843335139711,2.175218899837574
-2.433477075141525,-0.5984322677047902,-1.0231635602373519,0.2598769329135407,-0.09928135900428174,2.042549979536629,-2.6427216947394605,0.3149188016187683,-0.48364493101459033,-0.17492408397812617,1.7137370678653572,2.6375339940263762,1.6114082267477554,-0.06324125532878534,1.3175158285949,2.455359340090581,-0.1246022278995678,0.5196870151927249,0.13159788132246783,-1.9286051295985862,-0.00414288189891249,0.34628139588874424,3.5486587411353736,-1.3317128100140185,-0.5062731029834471,-0.07380272804587075,0.041477671689755434,-0.3479266032256377,-1.6718201666117818,-2.1994027522196165,0.989349310379423,1.4630352514055993,1.920753989157035,-3.874929110681386,0.46090498352027054,-2.1960605331843563,2.353093837504729,3.3152995452613365,-0.18578846979516353,-1.797667008002806,-0.29047686652844645,2.175218899837574,1.8528172409396622
