V1,V2,V3,V4,V5,V6,V7,V8,V9,V10,V11,V12,V13,V14,V15,V16,V17,V18,V19,V20,V21,V22,V23,V24,V25,V26,V27,V28,V29,V30,V31,V32,V33,V34,V35,V36,V37,V38,V39,V40,V41,V42,V43
1.8307917708074826,0.3318957798167354,-1.1652463252775047,-0.08625592918899955,0.03928777976454659,0.3757743030180827,0.9446353692646673,0.16428223144083526,0.48458859431628193,0.3633291865745567,0.28229739804151677,0.39656345287217204,0.6177284286405977,-0.19651124354225896,-0.617142039081158,0.7205680528055001,0.5958710651453042,-0.16397403438137828,0.4115941739328267,-0.5192981942483512,0.08826983628050976,-0.827346787245753,-0.2278186763063215,-0.3661344777332348,0.5320742770897063,0.14188011021373292,-0.5375994873015955,0.3590367644796036,0.7034983443391002,-0.8917522567582824,0.10007912472935997,0.570996488134384,0.15010676237560322,-0.1578802251668608,-0.5295896635920765,0.551045304679981,-0.47212172002146263,0.9928789040289336,0.028597175063247184,0.5250090721215328,0.6972425076019884,-0.27304582879876643,1.3984104506602777
0.3318957798167354,0.8863411172787865,-0.46518266835200733,0.3102555178231757,-0.19407506704724145,-0.28298804206566297,-0.12466129434672471,-0.030249241294430008,0.002434351725290622,-0.17038364154170846,0.266358291913899,0.3801031322643385,0.06031216072154128,-0.2656334453215126,0.13684474367572144,-0.27235408168652847,0.1432162786513513,-0.1423653371896224,0.043216584248940544,0.2854682168317813,-0.3069648404673484,-0.2649814744453525,-0.08106882845561603,-0.10333536519410418,-0.14776850737565547,0.697564405911268,-0.21776267136443078,0.3160378758959707,-0.19020041974758486,-0.48301049060263695,0.401155524405867,0.3131529633090914,0.3655691651227154,0.3927358807125501,-0.26705700529841214,0.039027944170157286,0.4514272711991188,0.262134865299384,0.024959921208129704,0.5773905452298207,-0.03858081541501782,0.2853917594568117,-0.2845276840245749
-1.1652463252775047,-0.46518266835200733,1.157952060050483,-0.2576545555668982,-0.18177548192555698,-0.28047534138147445,-0.5461742922039124,0.20889787759565737,-0.08006163858038622,-0.2177982233480899,-0.10749596264145532,-0.5416152617848785,-0.30941906456195384,0.231043173018518,0.6947091018419705,-0.44456316850184213,-0.5333730182389175,0.2990761282244303,-0.2602662359518093,-0.06930520156713735,0.05743486419853457,0.7158432684374431,0.6844143514037462,0.09294835024642742,0.16227949975434963,-0.39247897495250783,0.31994464962806685,0.031226264267196137,-0.6458693461832653,0.6839513939043753,-0.19510015973298492,-0.9181254721937416,-0.7629155339019998,0.12118584992349438,0.5501046693051471,-0.0893715117515794,0.23399180245799367,-0.41047058176451034,-0.03488082134861007,-0.5556906731971194,-0.26640071308081964,-0.08228381677407462,-0.8297460766294373
-0.08625592918899955,0.3102555178231757,-0.2576545555668982,1.461260922577918,0.8735073604324296,0.7042184658446182,0.3860084782786736,-0.21830002748674765,-0.22224123094287637,0.4761936792308086,-0.17368660716718767,0.25183302655092255,-0.20954647960226755,-0.36517869962512295,-0.4805602577346662,-0.28774894683427993,-0.10113326303431885,-0.4175316499068657,0.5204547593217083,0.9021982956338991,-0.1006769786433925,-0.16791044315800097,-0.23059986008505481,-0.36008319835338204,-0.46878878429997306,0.010112991311821988,0.17344203399032768,-0.17309591589623485,0.5175945657768137,-0.15089536897186046,0.691195996399731,0.4958051123049925,0.8437538491144876,0.2506725013513108,0.5555443151301608,-0.8132428154641097,-0.3337142005495463,-0.8044032595622257,0.4129047083643683,0.5131727029768648,-0.09883345778850149,0.47708875291029496,-0.043561095568992764
0.03928777976454659,-0.19407506704724145,-0.18177548192555698,0.8735073604324296,1.2605697257740966,0.6114943514810222,0.5835130302978713,-0.5643833240338217,-0.35851041892548324,0.8247413878471964,-0.019457437789124597,0.3636231819940151,0.24655078681648024,0.09295879319390246,-0.2628050019161482,0.304579048718115,-0.3728605221158437,-0.4327906677947284,0.559244273957242,0.6294696315993233,0.16754474774971825,-5.980778086072228e-4,-0.6482074031973842,0.2142184299133975,-0.19364608295616922,-0.03074232517476799,0.6335384910912737,-0.2447394809908305,1.0351299693559641,-0.01920710251996054,0.12238901018929851,0.6779008614045233,0.42230698045863313,-1.5401358579388667e-4,0.4332705944161643,-0.7837748447755898,-0.5508460589254638,-0.3219081986477064,0.35341451550207453,-0.11080923348455059,0.003532781929097726,0.36118057283441113,0.31598152892048603
0.3757743030180827,-0.28298804206566297,-0.28047534138147445,0.7042184658446182,0.6114943514810222,1.0860756032013623,0.8510700014203519,0.23845682284672548,0.18255340498104414,0.7541574639989772,-0.2155104086517655,0.015896169767473163,-0.07822453498687258,-0.413290204981839,-0.46389754132316924,0.05940583136488574,0.46000628140668276,0.08956860824938857,0.5358478938095395,0.49073465044857806,0.25982290557039095,-0.199908849600218,-0.05642092194199878,-0.5376739471056895,0.13218461829361927,-0.4229229966798494,-0.005955125189797901,-0.7528129935503334,0.7813676304925214,-0.4676519893762831,0.4854776538729415,0.10562691875014046,0.32775460265946466,-0.6438144313149026,0.3267356742355913,-0.3193330447937437,-0.7386471484498217,-0.3077269326789137,0.47157407467756096,0.5978942141269354,0.4638066818248542,0.045435099443428155,0.7876911880260402
0.9446353692646673,-0.12466129434672471,-0.5461742922039124,0.3860084782786736,0.5835130302978713,0.8510700014203519,1.2861859284923203,-0.03561538398751413,0.5506223428968606,1.0445825007790148,0.16147059375429185,0.4886520001474391,0.47700055570970906,0.08806406175936919,0.011925357276077036,0.5105805419704361,0.29486373642032576,-0.15484730512428796,0.7352624690690843,0.008628713500349989,0.2214985801581057,-0.576325930792841,-0.06677055043709769,-0.45714884645750203,0.6067926358140514,-0.13079302848689817,0.14239743756250903,0.0843007614924506,1.0434994736384526,-0.7152626880324482,0.3129775139125981,0.40459468852499814,0.06812570171929995,-0.3792686812032782,0.41737887511997174,-0.22882559941668512,-0.9012703493211808,0.38013798855515674,0.4207654127078488,0.5784036244513081,0.7732495623550295,-0.023776117113365063,1.1860351831911806
0.16428223144083526,-0.030249241294430008,0.20889787759565737,-0.21830002748674765,-0.5643833240338217,0.23845682284672548,-0.03561538398751413,1.096851916679148,0.2004841403868316,-0.19886813323034822,-0.12574715284064242,-0.5370188123027604,-0.39414607324962847,-0.4609253696730326,0.06919092246272326,-0.6118025417977484,0.607589999109263,0.740357332457147,-0.1820629395048217,-0.09257475835366556,0.07329936329046821,0.2520801878259099,0.8117802529989429,-0.5804427336659539,0.5285230905918203,-0.14145579016170892,-0.5081050815327159,-0.5565867144011729,-0.46846279187444956,-0.3074302958776617,0.22959946127465503,-0.9268058287836991,-0.5367714635438772,-0.5121864361560418,-0.2976016940714468,0.6458341546202528,0.13985332400624537,0.26738968557171555,0.032303344235841795,0.6875351474036008,0.3039967427893396,-0.26725380590473563,0.02789565700228656
0.48458859431628193,0.002434351725290622,-0.08006163858038622,-0.22224123094287637,-0.35851041892548324,0.18255340498104414,0.5506223428968606,0.2004841403868316,0.9061981889394458,0.1630515389007624,0.07974460353027474,-0.06145435568357552,0.23952601642968194,-0.19925077356355259,0.01544493575581975,0.1874950967748474,0.3089663145653807,8.009389479537951e-4,0.26292479309039285,-0.5627967160236566,0.032109819478284125,-0.43574382696108627,0.5312419814458437,-0.5747058497496934,0.5149561562380953,-0.4020762145959251,-0.3778760046987321,0.5279019619437991,0.008879384164798838,-0.30918539463910105,0.2098194849265993,-0.24871060778774223,-0.2236494952447104,-0.0703803615441412,0.3668967140218242,0.27218921798014345,-0.37684652460834756,0.21101021446596363,0.21309570196290575,0.2047640577211117,0.5111766043670841,-0.3381421751654901,0.6057319556426108
0.3633291865745567,-0.17038364154170846,-0.2177982233480899,0.4761936792308086,0.8247413878471964,0.7541574639989772,1.0445825007790148,-0.19886813323034822,0.1630515389007624,1.2335192432266378,0.2129125290035918,0.6196223851578099,0.40508318811354166,0.3308318291784549,0.5794630931684237,0.3308540772239855,0.03789912836614864,-0.08062962259044265,0.6372162667038068,0.4769031321547687,0.265477550072619,-0.22010781476733568,-0.231790460688222,-0.11883717027829951,0.5098632515829327,0.17409293804711024,0.5959538923662677,-0.2115302044651037,1.0437082713729384,-0.5903438428445144,0.2792260269132553,0.4021676691354337,-0.05201374441940873,-0.41348257787435927,0.5180897170004252,-0.5655498452542176,-0.7262347870505275,0.26658692382451993,0.45687312589956475,0.5469308108324235,0.5867182826991851,0.26654289900304384,0.6573201910244874
0.28229739804151677,0.266358291913899,-0.10749596264145532,-0.17368660716718767,-0.019457437789124597,-0.2155104086517655,0.16147059375429185,-0.12574715284064242,0.07974460353027474,0.2129125290035918,0.3787350041425114,0.3771408432126314,0.34909804657017557,0.28973680719060846,0.6133363327356548,0.18229822361183184,-0.15719554830527083,-0.05155611149865274,0.1373060521119507,-0.049546340349878606,-0.03680090306613675,-0.10347813907772378,-0.005711379057370834,0.11743336321826604,0.3257775261506306,0.3994703128481699,0.19622740299352054,0.39144457503533253,0.09383630926465601,-0.31880081942606087,-0.007987257407204405,0.12382160774134503,-0.26251303815460963,0.17250386275264076,1.0481150422701783e-4,0.022873907142748503,0.11518448638541283,0.5540939977294913,-0.012945828523223585,0.0773912528237564,0.19337087950137444,0.0916881452141669,0.05051773879242516
0.39656345287217204,0.3801031322643385,-0.5416152617848785,0.25183302655092255,0.3636231819940151,0.015896169767473163,0.4886520001474391,-0.5370188123027604,-0.06145435568357552,0.6196223851578099,0.3771408432126314,0.9274568887022107,0.42709651673039734,0.5812862302945998,0.627105953739179,0.3496103576396116,-0.1127079720939788,-0.34055661090255734,0.3039877840138543,0.31772608628875126,-0.07675089015195447,-0.4262745349516847,-0.5288221449547155,0.2247538829579863,0.0870405600532045,0.7639303524378138,0.4673398830238707,0.3476475913615966,0.5902218859157196,-0.49490402892103,0.09892701092267601,0.814496559134272,0.29057793360090867,0.1452689889793454,0.06146749563854164,-0.4397935313875443,-0.14697769829112167,0.4453207699434955,0.055364400649508996,0.424876077483083,0.20918242811413024,0.38685405155941127,0.21087891684884233
0.6177284286405977,0.06031216072154128,-0.30941906456195384,-0.20954647960226755,0.24655078681648024,-0.07822453498687258,0.47700055570970906,-0.39414607324962847,0.23952601642968194,0.40508318811354166,0.34909804657017557,0.42709651673039734,0.626515223078316,0.32588165890904663,0.23090550887316694,0.6210425999945852,-0.18827477362692657,-0.2963114509528959,0.29076533660872,-0.32123562947422324,0.07319248290527579,-0.317252782333657,-0.2628962754063644,0.19338250493686843,0.34793395622409296,0.1622065168328169,0.19277198432737092,0.5792661380841949,0.4890742919173394,-0.25667233901216485,-0.16532987479666128,0.4245865075677158,-0.16228802105683748,0.1560318287905613,0.06414224689392205,-0.011682588839530519,-0.2519842476466626,0.5848785210593775,0.0401120691497443,-0.2056572716215859,0.2943598756847465,-0.0357162475673743,0.5270058093809706
-0.19651124354225896,-0.2656334453215126,0.231043173018518,-0.36517869962512295,0.09295879319390246,-0.413290204981839,0.08806406175936919,-0.4609253696730326,-0.19925077356355259,0.3308318291784549,0.28973680719060846,0.5812862302945998,0.32588165890904663,1.4161626224587163,1.1100950240710683,0.43507859509170005,-0.7118799031639479,-0.240452733880722,-0.11216245143628632,-0.36112347318629984,9.099777468022356e-4,-0.04061595562859454,-0.03308958549802746,0.49175056615664525,0.3734416260120975,0.4533365894014805,0.7276868767154452,0.8785237122478909,0.07654239777336563,0.3556096950875221,-0.5803660949812495,0.2517630159803753,-0.503647135665685,0.4212172824115765,0.29787455377613986,-0.26056327175466504,-0.12460373184467353,0.4322049430639822,-0.3791704290363429,-0.3439316753646731,-0.027390570198147633,0.06727658768055894,-0.17358992590509476
-0.617142039081158,0.13684474367572144,0.6947091018419705,-0.4805602577346662,-0.2628050019161482,-0.46389754132316924,0.011925357276077036,0.06919092246272326,0.01544493575581975,0.5794630931684237,0.6133363327356548,0.627105953739179,0.23090550887316694,1.1100950240710683,2.3805382414955205,-0.27332537917789307,-0.4485222560595174,0.3857848917637753,-0.05307742034744376,0.2227220906871043,-0.01065764729095372,0.346863252419393,0.5398233169980446,0.25047630602920845,0.888620492320926,0.9168412136330636,0.8648589841527498,0.40642558489123376,-0.27979976102590526,-0.2942599621923704,-0.05007582889404401,-0.45601876833459104,-1.0923312864067451,0.058221170222625476,0.4379702348751211,-0.22146364494487075,0.33605523487727335,0.7980206373341785,-0.020668984850885662,0.4302288625696445,0.2920599552773958,0.32395760550620195,-0.732149021334197
0.7205680528055001,-0.27235408168652847,-0.44456316850184213,-0.28774894683427993,0.304579048718115,0.05940583136488574,0.5105805419704361,-0.6118025417977484,0.1874950967748474,0.3308540772239855,0.18229822361183184,0.3496103576396116,0.6210425999945852,0.43507859509170005,-0.27332537917789307,1.0947400313914584,-0.23510827115894944,-0.4739704862090537,0.2538192194731883,-0.5379434263164253,0.1756410852471193,-0.5059509219786437,-0.4982350655948777,0.26126300092904187,0.0898412831182962,-0.22390540095480274,0.1012524749933531,0.5977327145296315,0.6036979306700441,0.0014039023861962697,-0.3827448008695925,0.6404013154960131,0.06552965015634013,0.12498586893606764,0.05995261272664094,-0.03473759538385437,-0.5138147442214727,0.3143815413181765,-0.10788079142613848,-0.6483682399687845,0.23427600935843707,-0.22118752928555563,0.8569677409341455
0.5958710651453042,0.1432162786513513,-0.5333730182389175,-0.10113326303431885,-0.3728605221158437,0.46000628140668276,0.29486373642032576,0.607589999109263,0.3089663145653807,0.03789912836614864,-0.15719554830527083,-0.1127079720939788,-0.18827477362692657,-0.7118799031639479,-0.4485222560595174,-0.23510827115894944,1.0604002250565876,0.4670626648544415,-0.01860995110569607,0.1622090399501647,0.08660363754903073,-0.23025242425158338,-0.008889143213467758,-0.45985879714888056,0.11776830234268866,0.026999732570931165,-0.5898143875753573,-0.9083040428104602,0.12452715171811383,-0.704638083483193,0.3682167777358593,-0.09067350745128887,0.26024417066569,-0.8359683227424363,-0.5695338521098514,0.43248817003783796,-0.096305757946378,0.23358575128841352,0.1981532893780588,0.9314393228150181,0.40184022527761615,-0.10712933336269014,0.5474320223090898
-0.16397403438137828,-0.1423653371896224,0.2990761282244303,-0.4175316499068657,-0.4327906677947284,0.08956860824938857,-0.15484730512428796,0.740357332457147,8.009389479537951e-4,-0.08062962259044265,-0.05155611149865274,-0.34055661090255734,-0.2963114509528959,-0.240452733880722,0.3857848917637753,-0.4739704862090537,0.4670626648544415,0.7254490195697986,-0.22778597666986014,0.12069579141753897,0.1205164971035853,0.3890477037730007,0.4194363027401574,-0.16518620955351696,0.3666683942606863,0.03427863661649574,-0.14933466442074356,-0.7944937882028746,-0.31467711835633394,-0.25542554436199727,0.06217476268311223,-0.7191135371157396,-0.5023107485379191,-0.655447279627753,-0.3317154101358104,0.4102649867357768,0.22848225797410873,0.2774842765568843,0.034019957435651074,0.4529218173265243,0.20068188142175244,-0.1073672595995609,-0.1345812046393342
0.4115941739328267,0.043216584248940544,-0.2602662359518093,0.5204547593217083,0.559244273957242,0.5358478938095395,0.7352624690690843,-0.1820629395048217,0.26292479309039285,0.6372162667038068,0.1373060521119507,0.3039877840138543,0.29076533660872,-0.11216245143628632,-0.05307742034744376,0.2538192194731883,-0.01860995110569607,-0.22778597666986014,0.6138934587907391,0.2361551932173372,0.07626379852304767,-0.2845443936106542,-0.09883004573136811,-0.267011045174488,0.1867634120514396,-0.14102904354580614,0.19031995764243134,0.07476062871069253,0.676946924994062,-0.4235274043384507,0.3441788363101183,0.3019221750553849,0.19158948698999576,-0.05109936360996199,0.4469220701229399,-0.36319100970851304,-0.46904862448958096,0.013729837140396793,0.3680119952956342,0.20825403218319133,0.3700010507604853,0.11706609393553138,0.5839578677159948
-0.5192981942483512,0.2854682168317813,-0.06930520156713735,0.9021982956338991,0.6294696315993233,0.49073465044857806,0.008628713500349989,-0.09257475835366556,-0.5627967160236566,0.4769031321547687,-0.049546340349878606,0.31772608628875126,-0.32123562947422324,-0.36112347318629984,0.2227220906871043,-0.5379434263164253,0.1622090399501647,0.12069579141753897,0.2361551932173372,1.3915384997665237,-8.015707810407805e-4,0.28077394912505915,-0.49417771153396667,0.05849242519439269,-0.4609089061622172,0.4636168814179925,0.44842088858634227,-1.1454815275576191,0.406027142793181,-0.4243365596107546,0.6014752939471911,0.30656408747452074,0.592126320556145,-0.3823629227964397,0.06459908120894277,-0.7287803659915385,0.1386879724099684,-0.4637269450463835,0.39872312589613756,0.7085275783479663,-0.12012894522598322,0.6769548382497396,-0.4337687181077921
0.08826983628050976,-0.3069648404673484,0.05743486419853457,-0.1006769786433925,0.16754474774971825,0.25982290557039095,0.2214985801581057,0.07329936329046821,0.032109819478284125,0.265477550072619,-0.03680090306613675,-0.07675089015195447,0.07319248290527579,9.099777468022356e-4,-0.01065764729095372,0.1756410852471193,0.08660363754903073,0.1205164971035853,0.07626379852304767,-8.015707810407805e-4,0.20128923908751312,0.0667902275769625,-0.034322191601097216,2.2702693116816324e-4,0.1837341373260243,-0.20698291229552093,0.07605710792535654,-0.2975803149362946,0.252092404436045,-0.05055914995269019,-0.06380022542540967,-0.07723114227705109,-0.1791741471369894,-0.32206760601656,0.03741707385084394,0.011839233422509596,-0.249407191033429,0.06291156212953541,0.08918001742231452,-0.05290501371262721,0.17412310347107224,-0.085535964879574225,0.2914900578203292
-0.827346787245753,-0.2649814744453525,0.7158432684374431,-0.16791044315800097,-5.980778086072228e-4,-0.199908849600218,-0.576325930792841,0.2520801878259099,-0.43574382696108627,-0.22010781476733568,-0.10347813907772378,-0.4262745349516847,-0.317252782333657,-0.04061595562859454,0.346863252419393,-0.5059509219786437,-0.23025242425158338,0.3890477037730007,-0.2845443936106542,0.28077394912505915,0.0667902275769625,0.7552994452545955,0.18965566496761124,0.2793807440520088,-0.033653526092086994,-0.05221456382347875,0.2710532899663465,-0.5798733693621675,-0.3629779414797175,0.3739939392557854,-0.15862870124329334,-0.5909251263010293,-0.4503335166885672,-0.15480063891830803,-0.042599673739631236,-0.0024828524424411204,0.39121792136603906,-0.17951631695907944,-0.03701056801178084,-0.2687684890736126,-0.3112554193319634,0.08373661338188268,-0.7043673860905506
-0.2278186763063215,-0.08106882845561603,0.6844143514037462,-0.23059986008505481,-0.6482074031973842,-0.05642092194199878,-0.06677055043709769,0.8117802529989429,0.5312419814458437,-0.231790460688222,-0.005711379057370834,-0.5288221449547155,-0.2628962754063644,-0.03308958549802746,0.5398233169980446,-0.4982350655948777,-0.008889143213467758,0.4194363027401574,-0.09883004573136811,-0.49417771153396667,-0.034322191601097216,0.18965566496761124,1.295418755841989,-0.667886339505607,0.6858333603218514,-0.3861347052631554,-0.3177698682831277,0.48553733436762986,-0.7799605666315214,0.11450448159510271,0.15434176865253202,-1.1223161472188818,-0.849595691009895,0.14906017173915279,0.44954332702675887,0.45030903675997813,0.07967771821703985,0.056765816672902494,-0.010023909470689242,0.1977392195185812,0.23173184999772642,-0.362871873611333,-0.25555567924138006
-0.3661344777332348,-0.10333536519410418,0.09294835024642742,-0.36008319835338204,0.2142184299133975,-0.5376739471056895,-0.45714884645750203,-0.5804427336659539,-0.5747058497496934,-0.11883717027829951,0.11743336321826604,0.2247538829579863,0.19338250493686843,0.49175056615664525,0.25047630602920845,0.26126300092904187,-0.45985879714888056,-0.16518620955351696,-0.267011045174488,0.05849242519439269,2.2702693116816324e-4,0.2793807440520088,-0.667886339505607,0.859066184243115,-0.32429908132348995,0.3960325028310242,0.47836989077071257,-0.01709510175280608,0.0776294708639912,0.37216483867061345,-0.5322603507585765,0.39843918046220816,-0.011208316774276868,0.15069235464527805,-0.3157435714435795,-0.17929215976785118,0.30417578216512875,0.14175044694711025,-0.2570371553409013,-0.646950571360582,-0.4039105620790406,0.18922792278014156,-0.40627443639647026
0.5320742770897063,-0.14776850737565547,0.16227949975434963,-0.46878878429997306,-0.19364608295616922,0.13218461829361927,0.6067926358140514,0.5285230905918203,0.5149561562380953,0.5098632515829327,0.3257775261506306,0.0870405600532045,0.34793395622409296,0.3734416260120975,0.888620492320926,0.0898412831182962,0.11776830234268866,0.3666683942606863,0.1867634120514396,-0.4609089061622172,0.1837341373260243,-0.033653526092086994,0.6858333603218514,-0.32429908132348995,1.1238817559020728,0.06129927148212835,0.07261894032618252,0.33680590471605903,0.10864328576940459,-0.4412608654288723,-0.03667115935983008,-0.524995420648748,-0.9729187861016487,-0.24192960702395377,0.17575120517555248,0.39714034445915947,-0.271750598740977,0.8988918606732389,0.08095950507890415,0.40451986470917706,0.6646512366655638,-0.25164566967150176,0.47516793887805003
0.14188011021373292,0.697564405911268,-0.39247897495250783,0.010112991311821988,-0.03074232517476799,-0.4229229966798494,-0.13079302848689817,-0.14145579016170892,-0.4020762145959251,0.17409293804711024,0.3994703128481699,0.7639303524378138,0.1622065168328169,0.4533365894014805,0.9168412136330636,-0.22390540095480274,0.026999732570931165,0.03427863661649574,-0.14102904354580614,0.4636168814179925,-0.20698291229552093,-0.05221456382347875,-0.3861347052631554,0.3960325028310242,0.06129927148212835,1.2887131953088518,0.32913802644612666,0.06192949766948851,0.030662571027190836,-0.49074442885582775,0.05488970762135645,0.4771636974898049,0.07386806005368407,0.13295336558193624,-0.4925826839798578,-0.09397175567316889,0.4861694439714529,0.6901080598207537,-0.12227429667667299,0.7180662901666686,-0.03566421974658974,0.48129470596088003,-0.47438699426008935
-0.5375994873015955,-0.21776267136443078,0.31994464962806685,0.17344203399032768,0.6335384910912737,-0.005955125189797901,0.14239743756250903,-0.5081050815327159,-0.3778760046987321,0.5959538923662677,0.19622740299352054,0.4673398830238707,0.19277198432737092,0.7276868767154452,0.8648589841527498,0.1012524749933531,-0.5898143875753573,-0.14933466442074356,0.19031995764243134,0.44842088858634227,0.07605710792535654,0.2710532899663465,-0.3177698682831277,0.47836989077071257,0.07261894032618252,0.32913802644612666,0.9165225733128176,-0.013515121408761181,0.44823797956438033,0.12655710580208274,-0.16140278545537806,0.2748863612962343,-0.17324003973486424,0.0666517385604502,0.4293961386403715,-0.6568757164011089,-0.10047739821876775,0.020217244263231363,0.07477696847746503,-0.19373021205125782,-0.07616908921763176,0.3770504799399695,-0.28388951198333845
0.3590367644796036,0.3160378758959707,0.031226264267196137,-0.17309591589623485,-0.2447394809908305,-0.7528129935503334,0.0843007614924506,-0.5565867144011729,0.5279019619437991,-0.2115302044651037,0.39144457503533253,0.3476475913615966,0.5792661380841949,0.8785237122478909,0.40642558489123376,0.5977327145296315,-0.9083040428104602,-0.7944937882028746,0.07476062871069253,-1.1454815275576191,-0.2975803149362946,-0.5798733693621675,0.48553733436762986,-0.01709510175280608,0.33680590471605903,0.06192949766948851,-0.013515121408761181,2.3364591008934883,-0.3822497768762289,0.4701650759380848,-0.3375752027698509,0.21887210700728676,-0.3411886061285121,1.4110004281446875,0.6247122094447056,0.07375477618182848,-0.06989395934703892,0.30972825650730973,-0.35531557981735334,-0.6990055531591016,-0.045551793197451014,-0.26261900477604766,-0.04506873810340654
0.7034983443391002,-0.19020041974758486,-0.6458693461832653,0.5175945657768137,1.0351299693559641,0.7813676304925214,1.0434994736384526,-0.46846279187444956,0.008879384164798838,1.0437082713729384,0.09383630926465601,0.5902218859157196,0.4890742919173394,0.07654239777336563,-0.27979976102590526,0.6036979306700441,0.12452715171811383,-0.31467711835633394,0.676946924994062,0.406027142793181,0.252092404436045,-0.3629779414797175,-0.7799605666315214,0.0776294708639912,0.10864328576940459,0.030662571027190836,0.44823797956438033,-0.3822497768762289,1.3537931034738209,-0.5328423546761997,0.13181296869853096,0.8602777953740542,0.43761316712287457,-0.43674211904747007,0.15859722817459895,-0.5244705853319656,-0.7823007066941369,0.18975690648459606,0.3952311183194455,0.2481495375742644,0.43208280489127926,0.22604215922148457,1.0082501682727147
-0.8917522567582824,-0.48301049060263695,0.6839513939043753,-0.15089536897186046,-0.01920710251996054,-0.4676519893762831,-0.7152626880324482,-0.3074302958776617,-0.30918539463910105,-0.5903438428445144,-0.31880081942606087,-0.49490402892103,-0.25667233901216485,0.3556096950875221,-0.2942599621923704,0.0014039023861962697,-0.704638083483193,-0.25542554436199727,-0.4235274043384507,-0.4243365596107546,-0.05055914995269019,0.3739939392557854,0.11450448159510271,0.37216483867061345,-0.4412608654288723,-0.49074442885582775,0.12655710580208274,0.4701650759380848,-0.5328423546761997,1.161222736560638,-0.5454426421210066,-0.23029127271042876,-0.12104429045424356,0.555255762734415,0.28037084257071027,-0.10507256371304874,0.12087919436450172,-0.7038990619907015,-0.34368363615616465,-1.0819187337406457,-0.6596816701697895,-0.17789443913715597,-0.657761263143916
0.10007912472935997,0.401155524405867,-0.19510015973298492,0.691195996399731,0.12238901018929851,0.4854776538729415,0.3129775139125981,0.22959946127465503,0.2098194849265993,0.2792260269132553,-0.007987257407204405,0.09892701092267601,-0.16532987479666128,-0.5803660949812495,-0.05007582889404401,-0.3827448008695925,0.3682167777358593,0.06217476268311223,0.3441788363101183,0.6014752939471911,-0.06380022542540967,-0.15862870124329334,0.15434176865253202,-0.5322603507585765,-0.03667115935983008,0.05488970762135645,-0.16140278545537806,-0.3375752027698509,0.13181296869853096,-0.5454426421210066,0.71176871178128,-0.007801789900635632,0.36750978702880294,-0.14727818831712164,0.24288910974769715,-0.2369319088908379,-0.07106293606877531,-0.2525861268975926,0.40004323179136464,0.7673390396643819,0.22350089042494378,0.234869379051457,0.05615526497440515
0.570996488134384,0.3131529633090914,-0.9181254721937416,0.4958051123049925,0.6779008614045233,0.10562691875014046,0.40459468852499814,-0.9268058287836991,-0.24871060778774223,0.4021676691354337,0.12382160774134503,0.814496559134272,0.4245865075677158,0.2517630159803753,-0.45601876833459104,0.6404013154960131,-0.09067350745128887,-0.7191135371157396,0.3019221750553849,0.30656408747452074,-0.07723114227705109,-0.5909251263010293,-1.1223161472188818,0.39843918046220816,-0.524995420648748,0.4771636974898049,0.2748863612962343,0.21887210700728676,0.8602777953740542,-0.23029127271042876,-0.007801789900635632,1.3462203140617757,0.9512347859199187,0.23789682344611612,-0.1506649166129279,-0.5360850581296194,-0.2864618122006547,0.020832478113590094,0.018247533639232753,0.012887517281796058,-0.0824890418772681,0.36025949159222037,0.4524478525051497
0.15010676237560322,0.3655691651227154,-0.7629155339019998,0.8437538491144876,0.42230698045863313,0.32775460265946466,0.06812570171929995,-0.5367714635438772,-0.2236494952447104,-0.05201374441940873,-0.26251303815460963,0.29057793360090867,-0.16228802105683748,-0.503647135665685,-1.0923312864067451,0.06552965015634013,0.26024417066569,-0.5023107485379191,0.19158948698999576,0.592126320556145,-0.1791741471369894,-0.4503335166885672,-0.849595691009895,-0.011208316774276868,-0.9729187861016487,0.07386806005368407,-0.17324003973486424,-0.3411886061285121,0.43761316712287457,-0.12104429045424356,0.36750978702880294,0.9512347859199187,1.345007147144038,0.06387066076789494,-0.14648471556902232,-0.497558500500104,-0.12041396176563406,-0.7073238337950196,0.14664052719085974,0.22325624218358667,-0.28252717714669695,0.3265108995818269,0.16224417796191692
-0.1578802251668608,0.3927358807125501,0.12118584992349438,0.2506725013513108,-1.5401358579388667e-4,-0.6438144313149026,-0.3792686812032782,-0.5121864361560418,-0.0703803615441412,-0.41348257787435927,0.17250386275264076,0.1452689889793454,0.1560318287905613,0.4212172824115765,0.058221170222625476,0.12498586893606764,-0.8359683227424363,-0.655447279627753,-0.05109936360996199,-0.3823629227964397,-0.32206760601656,-0.15480063891830803,0.14906017173915279,0.15069235464527805,-0.24192960702395377,0.13295336558193624,0.0666517385604502,1.4110004281446875,-0.43674211904747007,0.555255762734415,-0.14727818831712164,0.23789682344611612,0.06387066076789494,1.2267271794256165,0.3763637454057066,-0.1647758993238609,0.2698987733854447,-0.18811682957307577,-0.28830550834855356,-0.6176374713397489,-0.4408647031441457,0.04795890367581334,-0.5416001185450557
-0.5295896635920765,-0.26705700529841214,0.5501046693051471,0.5555443151301608,0.4332705944161643,0.3267356742355913,0.41737887511997174,-0.2976016940714468,0.3668967140218242,0.5180897170004252,1.0481150422701783e-4,0.06146749563854164,0.06414224689392205,0.29787455377613986,0.4379702348751211,0.05995261272664094,-0.5695338521098514,-0.3317154101358104,0.4469220701229399,0.06459908120894277,0.03741707385084394,-0.042599673739631236,0.44954332702675887,-0.3157435714435795,0.17575120517555248,-0.4925826839798578,0.4293961386403715,0.6247122094447056,0.15859722817459895,0.28037084257071027,0.24288910974769715,-0.1506649166129279,-0.14648471556902232,0.3763637454057066,1.2100144888607332,-0.6546673121742257,-0.4921500822591938,-0.5906530053960412,0.3089123466001959,-0.24080970959308373,0.10801611122761266,0.06557156127134292,-0.05957771020750007
0.551045304679981,0.039027944170157286,-0.0893715117515794,-0.8132428154641097,-0.7837748447755898,-0.3193330447937437,-0.22882559941668512,0.6458341546202528,0.27218921798014345,-0.5655498452542176,0.022873907142748503,-0.4397935313875443,-0.011682588839530519,-0.26056327175466504,-0.22146364494487075,-0.03473759538385437,0.43248817003783796,0.4102649867357768,-0.36319100970851304,-0.7287803659915385,0.011839233422509596,-0.0024828524424411204,0.45030903675997813,-0.17929215976785118,0.39714034445915947,-0.09397175567316889,-0.6568757164011089,0.07375477618182848,-0.5244705853319656,-0.10507256371304874,-0.2369319088908379,-0.5360850581296194,-0.497558500500104,-0.1647758993238609,-0.6546673121742257,0.9554460401874396,0.2765582117389696,0.6243785667733751,-0.2742041321163698,0.03371250398162428,0.16123815388303087,-0.4808420526375801,0.217518012565558
-0.47212172002146263,0.4514272711991188,0.23399180245799367,-0.3337142005495463,-0.5508460589254638,-0.7386471484498217,-0.9012703493211808,0.13985332400624537,-0.37684652460834756,-0.7262347870505275,0.11518448638541283,-0.14697769829112167,-0.2519842476466626,-0.12460373184467353,0.33605523487727335,-0.5138147442214727,-0.096305757946378,0.22848225797410873,-0.46904862448958096,0.1386879724099684,-0.249407191033429,0.39121792136603906,0.07967771821703985,0.30417578216512875,-0.271750598740977,0.4861694439714529,-0.10047739821876775,-0.06989395934703892,-0.7823007066941369,0.12087919436450172,-0.07106293606877531,-0.2864618122006547,-0.12041396176563406,0.2698987733854447,-0.4921500822591938,0.2765582117389696,0.9011519009410331,0.12614398632875645,-0.2719621437545269,-0.06913470206385423,-0.4331592348475447,0.13639883153757296,-0.9090452653086145
0.9928789040289336,0.262134865299384,-0.41047058176451034,-0.8044032595622257,-0.3219081986477064,-0.3077269326789137,0.38013798855515674,0.26738968557171555,0.21101021446596363,0.26658692382451993,0.5540939977294913,0.4453207699434955,0.5848785210593775,0.4322049430639822,0.7980206373341785,0.3143815413181765,0.23358575128841352,0.2774842765568843,0.013729837140396793,-0.4637269450463835,0.06291156212953541,-0.17951631695907944,0.056765816672902494,0.14175044694711025,0.8988918606732389,0.6901080598207537,0.020217244263231363,0.30972825650730973,0.18975690648459606,-0.7038990619907015,-0.2525861268975926,0.020832478113590094,-0.7073238337950196,-0.18811682957307577,-0.5906530053960412,0.6243785667733751,0.12614398632875645,1.457656908321948,-0.16210734413674338,0.404931047743525,0.5413332521538683,-0.1289561570391899,0.5041155911312852
0.028597175063247184,0.024959921208129704,-0.03488082134861007,0.4129047083643683,0.35341451550207453,0.47157407467756096,0.4207654127078488,0.032303344235841795,0.21309570196290575,0.45687312589956475,-0.012945828523223585,0.055364400649508996,0.0401120691497443,-0.3791704290363429,-0.020668984850885662,-0.10788079142613848,0.1981532893780588,0.034019957435651074,0.3680119952956342,0.39872312589613756,0.08918001742231452,-0.03701056801178084,-0.010023909470689242,-0.2570371553409013,0.08095950507890415,-0.12227429667667299,0.07477696847746503,-0.35531557981735334,0.3952311183194455,-0.34368363615616465,0.40004323179136464,0.018247533639232753,0.14664052719085974,-0.28830550834855356,0.3089123466001959,-0.2742041321163698,-0.2719621437545269,-0.16210734413674338,0.41943666548164865,0.35123108387428525,0.24977371554924252,0.13768933289946955,0.22590824221577116
0.5250090721215328,0.5773905452298207,-0.5556906731971194,0.5131727029768648,-0.11080923348455059,0.5978942141269354,0.5784036244513081,0.6875351474036008,0.2047640577211117,0.5469308108324235,0.0773912528237564,0.424876077483083,-0.2056572716215859,-0.3439316753646731,0.4302288625696445,-0.6483682399687845,0.9314393228150181,0.4529218173265243,0.20825403218319133,0.7085275783479663,-0.05290501371262721,-0.2687684890736126,0.1977392195185812,-0.646950571360582,0.40451986470917706,0.7180662901666686,-0.19373021205125782,-0.6990055531591016,0.2481495375742644,-1.0819187337406457,0.7673390396643819,0.012887517281796058,0.22325624218358667,-0.6176374713397489,-0.24080970959308373,0.03371250398162428,-0.06913470206385423,0.404931047743525,0.35123108387428525,1.761934214477634,0.5419550591848753,0.31674193974294124,0.21415588491357088
0.6972425076019884,-0.03858081541501782,-0.26640071308081964,-0.09883345778850149,0.003532781929097726,0.4638066818248542,0.7732495623550295,0.3039967427893396,0.5111766043670841,0.5867182826991851,0.19337087950137444,0.20918242811413024,0.2943598756847465,-0.027390570198147633,0.2920599552773958,0.23427600935843707,0.40184022527761615,0.20068188142175244,0.3700010507604853,-0.12012894522598322,0.17412310347107224,-0.3112554193319634,0.23173184999772642,-0.4039105620790406,0.6646512366655638,-0.03566421974658974,-0.07616908921763176,-0.045551793197451014,0.43208280489127926,-0.6596816701697895,0.22350089042494378,-0.0824890418772681,-0.28252717714669695,-0.4408647031441457,0.10801611122761266,0.16123815388303087,-0.4331592348475447,0.5413332521538683,0.24977371554924252,0.5419550591848753,0.6719731490913659,-0.13362142335429794,0.765762982699708
-0.27304582879876643,0.2853917594568117,-0.08228381677407462,0.47708875291029496,0.36118057283441113,0.045435099443428155,-0.023776117113365063,-0.26725380590473563,-0.3381421751654901,0.26654289900304384,0.0916881452141669,0.38685405155941127,-0.0357162475673743,0.06727658768055894,0.32395760550620195,-0.22118752928555563,-0.10712933336269014,-0.1073672595995609,0.11706609393553138,0.6769548382497396,-0.085535964879574225,0.08373661338188268,-0.362871873611333,0.18922792278014156,-0.25164566967150176,0.48129470596088003,0.3770504799399695,-0.26261900477604766,0.22604215922148457,-0.17789443913715597,0.234869379051457,0.36025949159222037,0.3265108995818269,0.04795890367581334,0.06557156127134292,-0.4808420526375801,0.13639883153757296,-0.1289561570391899,0.13768933289946955,0.31674193974294124,-0.13362142335429794,0.4521487449404448,-0.34460249358996387
1.3984104506602777,-0.2845276840245749,-0.8297460766294373,-0.043561095568992764,0.31598152892048603,0.7876911880260402,1.1860351831911806,0.02789565700228656,0.6057319556426108,0.6573201910244874,0.05051773879242516,0.21087891684884233,0.5270058093809706,-0.17358992590509476,-0.732149021334197,0.8569677409341455,0.5474320223090898,-0.1345812046393342,0.5839578677159948,-0.4337687181077921,0.2914900578203292,-0.7043673860905506,-0.25555567924138006,-0.40627443639647026,0.47516793887805003,-0.47438699426008935,-0.28388951198333845,-0.04506873810340654,1.0082501682727147,-0.657761263143916,0.05615526497440515,0.4524478525051497,0.16224417796191692,-0.5416001185450557,-0.05957771020750007,0.217518012565558,-0.9090452653086145,0.5041155911312852,0.22590824221577116,0.21415588491357088,0.765762982699708,-0.34460249358996387,1.6363425144371173
