V1,V2,V3,V4,V5,V6,V7,V8,V9,V10,V11,V12,V13,V14,V15,V16,V17,V18,V19,V20,V21,V22,V23,V24,V25,V26,V27,V28,V29,V30,V31,V32,V33,V34,V35,V36,V37,V38,V39,V40,V41,V42,V43
0.3488872646467879,0.6363727063803195,0.1966115109857452,-0.04749233637530539,0.6692537087999492,-0.25475223102925876,-0.05179606296100557,-0.16112631830485785,0.3533173675461478,0.035696126142180956,0.5586296201972463,-0.5132485135400956,0.608872542692233,-1.3528777113618407,-0.20147518991407679,-0.015240912660427607,-0.42463426439921276,-0.2318097189196054,0.5701164804120858,0.23852913356331065,0.1146997792568611,0.4337820002930422,0.3261473732430076,-0.18021049749630377,0.40081391223912616,-0.3822030311159947,0.016529687590934008,0.26359714056809574,0.12212900896645804,-0.37485508349332247,0.43210935434371267,-0.32430940631106475,-0.5927744900926938,0.6463715987940681,0.26224901925506333,0.44567178147931563,0.5967500155050772,0.534307958710125,0.5531409174491567,-0.655577372395751,0.005497069604359185,-0.09792905788449091,-0.10352968533250927
0.6363727063803195,2.4095711637927484,0.6047349949856332,0.16124784863800648,0.10104358149585159,-0.9238894770075119,-1.2241535998832993,1.1468312924211277,0.7385660566598362,-1.5253874504155898,0.9918470160843953,-2.1323770955368633,0.596684406802829,-5.184127228465636,-1.43924430220327,-1.700653297064189,0.1214273607163772,0.6137872867636733,0.9987330892564396,0.7668906860107171,-0.32951610094236333,1.5708135202775566,1.0988180324109098,-0.6561379771377608,0.2097413292981606,-0.6675727468040243,-1.5005246709339988,-0.6637991923331584,-0.9880535178996822,-1.4774192980500156,1.7417655052529346,-1.9860710409726032,-0.885428805338824,0.7719845374040927,-0.6822353416282884,1.6328394801245105,2.5379165894938107,0.873723082844358,1.5268330185310008,-0.7506905744704603,-0.10406656763466758,-0.06626517445012664,-0.9609749111767378
0.1966115109857452,0.6047349949856332,0.4587707543954202,0.37521554083797365,0.32947200177345726,-0.40442053817039075,-0.06069896329513991,-0.08952250847327711,0.3200688012468226,-0.3218806537838854,0.5144842964174984,-0.3793109224589448,0.768957804364912,-1.3693594551277273,-0.4023221231383104,-0.13406666842497955,-0.6228477837539176,-0.078137935291607,0.8675235870088787,-0.18447529508469312,-0.26255559222275127,0.47050779440002294,-0.04248819197769842,0.3553404642418667,-0.0446592349929972,-0.31382213634546263,-0.231800237933259,0.47362841288653823,0.1300751294221849,-0.3633623963528319,0.35802496408368073,-0.48633390118537,-0.2236155703343732,0.3904211676355963,0.18612665470275078,-0.16887662188222172,0.4276904207176474,0.14073420169471956,0.7113027712336771,-1.0455078408197558,0.1447206592098902,0.16533408641674027,-0.0050706746894326245
-0.04749233637530539,0.16124784863800648,0.37521554083797365,0.4721127108049619,-0.10955730929299434,-0.2574189560783151,0.008191783359396325,-0.0253520418875001,0.09133111245799977,-0.3543161108918399,0.16031274411186508,0.0043165122194256805,0.436691050028305,-0.43932394174979916,-0.276735128552203,-0.08919735809841428,-0.4248286585030584,0.05838666384528213,0.5679049473851856,-0.4198976025561809,-0.38328020123880246,0.18103203989503278,-0.32841353571303766,0.574534092240781,-0.35598368315621953,-0.06491843130798593,-0.23475082813279674,0.38632170922143605,0.09661004856821485,-0.10145683387685202,0.04382430059187242,-0.2665529197323572,0.20438090222421,-0.043435454686067486,0.04875786302162886,-0.5838764706779814,-0.022642990117013075,-0.2584478175053319,0.37829267485217793,-0.7230379147540336,0.1701720925334169,0.26961968524225244,0.10312060884405073
0.6692537087999492,0.10104358149585159,0.32947200177345726,-0.10955730929299434,2.388683490700924,-0.17496161848796735,1.0239927375523075,-1.7643408539551817,0.6526328387869091,1.4786465908740347,1.2144253518157704,0.17159637453529636,1.9331808584144123,-0.2016216183082257,0.5295941250521823,1.5886995593653117,-1.9414871375523954,-1.462080383130022,1.450800151601285,-0.06107488789250097,0.5759719480629495,0.17526226507812936,-0.013760868563243453,0.24836664002557077,1.139918249079534,-0.8204878861285537,1.439557649669385,1.8495214557944653,1.493373617093797,-0.004962199853791658,-0.06815984883176016,0.6116203483196448,-1.2717156912688736,1.6667004217630697,1.6984169055697902,-0.21561964946596138,-0.2668403160023561,1.034451465326204,0.7688105935862543,-2.0978209477356136,0.2074234656106496,-0.1742912923475941,0.6122285436718113
-0.25475223102925876,-0.9238894770075119,-0.40442053817039075,-0.2574189560783151,-0.17496161848796735,0.4519616104796179,0.34455811008974735,-0.25139570267705846,-0.35083765990974575,0.5753106656438459,-0.5145154696877732,0.7316090796802761,-0.5554938472166677,2.0272645985940447,0.5853901904336891,0.5101218363681946,0.2992344388929939,-0.12564357710452273,-0.7164832505717053,-0.07723020911127466,0.24030791789177322,-0.6444855318281456,-0.2380502919292342,-0.04488680489120353,-0.00528487386302101,0.3273481624785235,0.5165481390297088,-0.08505252767048602,0.18560200817892933,0.5630802468389458,-0.6242771838148479,0.7659552321633004,0.3197379015825051,-0.3827184308680648,0.08353053565894857,-0.29586700825939,-0.8581533364249015,-0.27302037372812854,-0.763489973975492,0.7495845744460148,-0.05546528843679362,-0.08274175563121187,0.2426056331718669
-0.05179606296100557,-1.2241535998832993,-0.06069896329513991,0.008191783359396325,1.0239927375523075,0.34455811008974735,1.151605459213364,-1.4597390801523054,-0.07222885263670337,1.4153311971986973,0.0724407863796267,1.251241934560611,0.7108904318634146,2.6124213649712353,0.9499727167995549,1.6458251781139686,-1.1049007095308878,-1.0001574398503328,0.30640732284324684,-0.5807175467307027,0.32929555262935284,-0.7233585391007712,-0.7120382370436865,0.6556818472361108,0.3050921028406689,-0.03654474727002326,1.420894606291453,1.3476116954116688,1.2686024278940606,0.7763105529043887,-0.973582600236193,1.2912740095944604,-0.043318979431922484,0.3400803800786632,1.1813927562766358,-1.179042101814031,-1.5237161783271804,-0.07769743313602619,-0.360691711610366,-0.792689044208033,0.20714354197198165,0.039511501719249525,0.8449523025417952
-0.16112631830485785,1.1468312924211277,-0.08952250847327711,-0.0253520418875001,-1.7643408539551817,-0.25139570267705846,-1.4597390801523054,2.0034286067813465,-0.15131223943034036,-1.8245383165859086,-0.4827732913161995,-1.2803306576683464,-1.3715942136602397,-2.4413463629926935,-1.0700947846663027,-2.115687216239822,1.7584896835048573,1.4463645551216986,-0.8340222735720101,0.6352145258738489,-0.4660031904809248,0.6306564348399456,0.7379363330744365,-0.7865064258938378,-0.6282891835767105,0.30923698841468295,-1.830757382943197,-1.96195396453415,-1.7363583941676428,-0.7466527835064609,0.9698072746842976,-1.4319306047248777,0.43194293677753026,-0.8686431238876963,-1.7122578346293122,1.2889221033280267,1.5798727320146735,-0.23052709078405895,0.061173854526380786,1.53725378753173,-0.2889727752467936,-0.012289146411711499,-1.0368556828720819
0.3533173675461478,0.7385660566598362,0.3200688012468226,0.09133111245799977,0.6526328387869091,-0.35083765990974575,-0.07222885263670337,-0.15131223943034036,0.3999511397252424,-0.093443041743027,0.6337993285816272,-0.5601629169143738,0.7581510239843803,-1.5993270160428934,-0.3113768706199733,-0.07163004185872117,-0.554087303862923,-0.20860266972725977,0.7638381110091482,0.1352003776902248,2.5408119176932383e-5,0.5228294917707542,0.25696095937696917,-0.028926681559194912,0.30926709106885647,-0.42056832886988293,-0.07787025984204374,0.3690071916853394,0.13498995994812485,-0.437923282856811,0.48437535815334903,-0.4433511249138912,-0.5610184026534126,0.66036734477668535,0.26951407208892425,0.3142787952261767,0.6471442317863243,0.48545153873882774,0.7009510350041764,-0.8916215311194481,0.053053598351564105,-0.02290919622620671,-0.09278305768212836
0.035696126142180956,-1.5253874504155898,-0.3218806537838854,-0.3543161108918399,1.4786465908740347,0.5753106656438459,1.4153311971986973,-1.8245383165859086,-0.093443041743027,2.0324779339070265,0.07220580153119983,1.4568311847457414,0.666527412970017,3.3277350678081907,1.3518410346474805,2.1095390840616677,-1.1311442839243873,-1.329589209894661,0.05795425343689969,-0.360990662405496,0.719294593259965,-0.9552048554162931,-0.5771013910526961,0.34846037396675195,0.7213576842962695,-0.06709417636324141,1.9457117052940038,1.4318777303883365,1.52620821805453,0.9719985895995857,-1.1630646644847913,1.7456206547247644,-0.31723223342546153,0.5745134295343998,1.4797698354683613,-0.9429029163144123,-1.7663178277022809,0.19670494451007223,-0.6312023905350588,-0.5610165715117806,0.13015029252871646,-0.1721586132370175,0.953134866194054
0.5586296201972463,0.9918470160843953,0.5144842964174984,0.16031274411186508,1.2144253518157704,-0.5145154696877732,0.0724407863796267,-0.4827732913161995,0.6337993285816272,0.07220580153119983,1.035420037411509,-0.6961608954753088,1.3469197834445241,-2.1563320915194,-0.35242309583915127,0.15169458098080163,-1.0828117374241928,-0.49759687783058526,1.2932670856763366,0.11174637641538188,0.044096410721465536,0.7272569981508912,0.2884294669201718,0.07545225869880752,0.5382857409718772,-0.6840363096354144,0.101190082851762,0.8238127475591364,0.42715435367587573,-0.5800586588835859,0.6209698971806961,-0.5086980078882459,-0.9042618104131717,1.1166349744122837,0.6279693383367848,0.29768468214099936,0.7910838475579699,0.7615658671655376,1.0781489669114919,-1.5822119778407469,0.12361507145035278,-0.023451052674006635,-0.008381363209723216
-0.5132485135400956,-2.1323770955368633,-0.3793109224589448,0.0043165122194256805,0.17159637453529636,0.7316090796802761,1.251241934560611,-1.2803306576683464,-0.5601629169143738,1.4568311847457414,-0.6961608954753088,1.972006683657509,-0.1470399297234567,4.557758128476035,1.2853655642125763,1.7240344430422236,-0.5059309718240735,-0.7255508964456998,-0.5296249686892401,-0.8560280104489637,0.2394938569661774,-1.3497898309326604,-1.1211266027298499,0.8327475381244753,-0.17210083954294844,0.4835708136909658,1.4711156708349007,0.9766032459990736,1.1259135685645905,1.3137188064064866,-1.584955517394281,1.79886610399686,0.7196982041916216,-0.509564188590204,0.85552083746043,-1.7242439486179857,-2.3608537710754915,-0.7578252619821387,-1.1651728523565736,0.1666432476830698,0.18117202235658042,0.13311446575027538,0.9919166770882898
0.608872542692233,0.596684406802829,0.768957804364912,0.436691050028305,1.9331808584144123,-0.5554938472166677,0.7108904318634146,-1.3715942136602397,0.7581510239843803,0.666527412970017,1.3469197834445241,-0.1470399297234567,2.2018918000818757,-1.3691753103089142,-0.04710951928424667,1.021238210696392,-2.0956786683592417,-1.098307148529018,1.9876532897320927,-0.39670914777241895,0.032807776154021806,0.5636731448474057,-0.2113110837036416,0.7380625808344827,0.6186788689448047,-0.8626851946082298,0.7652948750625836,1.9003198015083362,1.2392175411607536,-0.3200066937078142,0.2324564162663666,-0.04271761347514855,-0.9885835208654915,1.4827585964249064,1.4053288281962129,-0.5834006684779917,0.10304890000643678,0.726673927788178,1.2758854476013586,-2.671667254851453,0.34540770172888535,0.1320424688779617,0.4986894765756666
-1.3528777113618407,-5.184127228465636,-1.3693594551277273,-0.43932394174979916,-0.2016216183082257,2.0272645985940447,2.6124213649712353,-2.4413463629926935,-1.5993270160428934,3.3277350678081907,-2.1563320915194,4.557758128476035,-1.3691753103089142,11.172521909665246,3.131186450856554,3.649014490378546,-0.16832490123222396,-1.3194449405125206,-2.253766476235063,-1.5553072435587822,0.7795666993645443,-3.395347303503716,-2.283311331439533,1.286811761027819,-0.38037882669246104,1.4430872850289878,3.2507118853346446,1.3361818598486683,2.0883698703813582,3.1789322548147365,-3.7325117144405238,4.297833330024025,1.855863910635137,-1.6468620551289102,1.4434073157042344,-3.3730178678660243,-5.420559193606961,-1.819016058525633,-3.3427289766719506,1.7566392818174077,0.18778195560340818,0.08810242092060665,2.0319954041189083
-0.20147518991407679,-1.43924430220327,-0.4023221231383104,-0.276735128552203,0.5295941250521823,0.5853901904336891,0.9499727167995549,-1.0700947846663027,-0.3113768706199733,1.3518410346474805,-0.35242309583915127,1.2853655642125763,-0.04710951928424667,3.131186450856554,1.0563986888770327,1.3914899624933772,-0.3785576885238041,-0.7163234658273843,-0.4374660100071523,-0.32291922528529377,0.4533334834953568,-0.9382907416760448,-0.5365260853546205,0.25007747730067525,0.259469786018011,0.2224965131991445,1.28845097373463,0.6873315715325989,0.8909973590238515,0.8963820761663844,-1.0488852349775624,1.3915039713602502,0.15566042311717054,-0.05169450007887349,0.7753387530699932,-0.8104700850268873,-1.5382461708655095,-0.18553577389183334,-0.8409231083010761,0.19460939086439946,0.05232521079473027,-0.09117194421671695,0.6692434847291999
-0.015240912660427607,-1.700653297064189,-0.13406666842497955,-0.08919735809841428,1.5886995593653117,0.5101218363681946,1.6458251781139686,-2.115687216239822,-0.07163004185872117,2.1095390840616677,0.15169458098080163,1.7240344430422236,1.021238210696392,3.649014490378546,1.3914899624933772,2.380822874827758,-1.5636148893516364,-1.482049354735715,0.4082402658728832,-0.7168852724182168,0.5659917692111675,-1.0138480107521275,-0.9112362887793324,0.8019483630672666,0.5664735283190713,-0.09412604508391141,2.091003112850274,1.897239538294109,1.821088387474609,1.0825346597294372,-1.3462993728142332,1.8626059446237848,-0.1874361629568492,0.5896130670960318,1.725379840632569,-1.5143201571448555,-2.1000922046128867,0.01595749506032508,-0.515032329367261,-1.0884776532337133,0.26443946751965314,-0.011023473667165459,1.1789086181914397
-0.42463426439921276,0.1214273607163772,-0.6228477837539176,-0.4248286585030584,-1.9414871375523954,0.2992344388929939,-1.1049007095308878,1.7584896835048573,-0.554087303862923,-1.1311442839243873,-1.0828117374241928,-0.5059309718240735,-2.0956786683592417,-0.16832490123222396,-0.3785576885238041,-1.5636148893516364,2.2073245793704466,1.309837636059067,-1.7602836712676184,0.666501763869656,-0.11274549471535039,-0.10409317784042073,0.5735396682431755,-0.9908010578520147,-0.5480493923874076,0.6815061893499261,-1.231549150319109,-2.1720035326191067,-1.5782210422583354,-0.12128177790189826,0.2955401349139956,-0.5520279203922529,0.7275816725440603,-1.2777693591234156,-1.6514110075323378,1.1336312033779607,0.6768964878171251,-0.459879442616217,-0.858150976426099,2.5458924400270257,-0.39544722362098084,-0.1711957093129315,-0.812210645212108
-0.2318097189196054,0.6137872867636733,-0.078137935291607,0.05838666384528213,-1.462080383130022,-0.12564357710452273,-1.0001574398503328,1.4463645551216986,-0.20860266972725977,-1.329589209894661,-0.49759687783058526,-0.7255508964456998,-1.098307148529018,-1.3194449405125206,-0.7163234658273843,-1.482049354735715,1.309837636059067,1.0915895082030798,-0.6939623970016611,0.3115473086003289,-0.4115313729829564,0.32212803392032147,0.36646996658841424,-0.416133062708409,-0.6141292903084631,0.3316016412122215,-1.312344134959534,-1.4043287331535548,-1.2382501384293612,-0.4120122846346877,0.5415817530147248,-0.9275272212248126,0.5201083330974247,-0.8214568255753817,-1.2731642935835146,0.6790960734550924,0.9050324428170693,-0.36753096468723107,-0.08848105721441969,1.1923055033207257,-0.18142589058586353,0.05790942407169328,-0.6762292328296642
0.5701164804120858,0.9987330892564396,0.8675235870088787,0.5679049473851856,1.450800151601285,-0.7164832505717053,0.30640732284324684,-0.8340222735720101,0.7638381110091482,0.05795425343689969,1.2932670856763366,-0.5296249686892401,1.9876532897320927,-2.253766476235063,-0.4374660100071523,0.4082402658728832,-1.7602836712676184,-0.6939623970016611,1.9591688855258576,-0.3324747616268456,-0.20392580612543793,0.8172132732471503,-0.08635986621403005,0.6815106099718813,0.36159181367594134,-0.8185452109057243,0.18957517009929598,1.4877732438001021,0.7946103333118264,-0.5784424385705453,0.538791485607737,-0.5372003835275485,-0.84213383754859406,1.2665691848312448,0.9611837894672723,-0.3753907483438888,0.5677900066609998,0.6163914301130106,1.4375797501923964,-2.4997900377388493,0.31653074466833386,0.20348937247105728,0.23657317944140702
0.23852913356331065,0.7668906860107171,-0.18447529508469312,-0.4198976025561809,-0.06107488789250097,-0.07723020911127466,-0.5807175467307027,0.6352145258738489,0.1352003776902248,-0.360990662405496,0.11174637641538188,-0.8560280104489637,-0.39670914777241895,-1.5553072435587822,-0.32291922528529377,-0.7168852724182168,0.666501763869656,0.3115473086003289,-0.3324747616268456,0.7451031788571538,0.21938708633537707,0.41104459476931127,0.7750784120858848,-0.8798784700177903,0.35128891128396644,-0.12004368471923775,-0.472673490418931,-0.8309648724287056,-0.6227827520841248,-0.4727412589512678,0.6432931977288037,-0.5553727884725165,-0.44592439107299525,0.19752516866454536,-0.4713872214240239,1.2693474371635383,1.0425288677852858,0.519018651153257,0.1341875685047802,0.650261596542528,-0.23727011299299267,-0.2918578878997735,-0.5396767497822865
0.1146997792568611,-0.32951610094236333,-0.26255559222275127,-0.38328020123880246,0.5759719480629495,0.24030791789177322,0.32929555262935284,-0.4660031904809248,2.5408119176932383e-5,0.719294593259965,0.044096410721465536,0.2394938569661774,0.032807776154021806,0.7795666993645443,0.4533334834953568,0.5659917692111675,-0.11274549471535039,-0.4115313729829564,-0.20392580612543793,0.21938708633537707,0.43357894068449854,-0.24697034590441105,0.1304270836646268,-0.30324013985516296,0.48081894947692855,-0.06178162000832199,0.6213431636489418,0.1737570601260926,0.34131442249054983,0.21597649751078005,-0.21493409100609212,0.5161852638987866,-0.33270049195619644,0.3098033710213415,0.39006570454871103,0.22240233318183195,-0.28560351670488976,0.3229950990773994,-0.26102406536516204,0.15618392322469177,-0.07021177602804304,-0.2272406801364347,0.14734840460996573
0.4337820002930422,1.5708135202775566,0.47050779440002294,0.18103203989503278,0.17526226507812936,-0.6444855318281456,-0.7233585391007712,0.6306564348399456,0.5228294917707542,-0.9552048554162931,0.7272569981508912,-1.3497898309326604,0.5636731448474057,-3.395347303503716,-0.9382907416760448,-1.0138480107521275,-0.10409317784042073,0.32212803392032147,0.8172132732471503,0.41104459476931127,-0.24697034590441105,1.043609540120771,0.641492085759047,-0.3025787593001452,0.13248210269535576,-0.4820946515449586,-0.9201971905588432,-0.2537932825051333,-0.5314217045099827,-0.9605148964157095,1.1148958656412116,-1.2807294888576375,-0.5975822257177106,0.5753924968514068,-0.33372500552155365,0.9254819896980122,1.5998668858219258,0.5674713530458527,1.083054213284512,-0.721907317569223,-0.024749955808231895,-0.003716895969698397,-0.5610945874933063
0.3261473732430076,1.0988180324109098,-0.04248819197769842,-0.32841353571303766,-0.013760868563243453,-0.2380502919292342,-0.7120382370436865,0.7379363330744365,0.25696095937696917,-0.5771013910526961,0.2884294669201718,-1.1211266027298499,-0.2113110837036416,-2.283311331439533,-0.5365260853546205,-0.9112362887793324,0.5735396682431755,0.36646996658841424,-0.08635986621403005,0.7750784120858848,0.1304270836646268,0.641492085759047,0.8624822097193587,-0.8678550358490934,0.3469876503626495,-0.23229322453246767,-0.6678164903417685,-0.814351816374179,-0.7003430334158549,-0.6753437369530487,0.8687153955198353,-0.8346250439651558,-0.5535165884230205,0.32457181985941314,-0.5132775639386206,1.3801334680777784,1.3540350194197495,0.6116322962008413,0.4026906551321518,0.397162969921525,-0.2194396410347263,-0.2620408096112014,-0.6317937522791145
-0.18021049749630377,-0.6561379771377608,0.3553404642418667,0.574534092240781,0.24836664002557077,-0.04488680489120353,0.6556818472361108,-0.7865064258938378,-0.028926681559194912,0.34846037396675195,0.07545225869880752,0.8327475381244753,0.7380625808344827,1.286811761027819,0.25007747730067525,0.8019483630672666,-0.9908010578520147,-0.416133062708409,0.6815106099718813,-0.8798784700177903,-0.30324013985516296,-0.3025787593001452,-0.8678550358490934,1.0873194995653965,-0.3628386874928481,0.008536901865698311,0.4978985305539345,1.1230227808074498,0.7763550479113847,0.40918489468846636,-0.6012770279281994,0.4830928190536038,0.38033376686110737,-0.04224762335826612,0.6334850257127826,-1.4582879226724588,-1.026641164450152,-0.49430887432136184,0.096389212753475,-1.1079277665875036,0.31297224558642894,0.36674207466469355,0.613735244473969
0.40081391223912616,0.2097413292981606,-0.0446592349929972,-0.35598368315621953,1.139918249079534,-0.00528487386302101,0.3050921028406689,-0.6282891835767105,0.30926709106885647,0.7213576842962695,0.5382857409718772,-0.17210083954294844,0.6186788689448047,-0.38037882669246104,0.259469786018011,0.5664735283190713,-0.5480493923874076,-0.6141292903084631,0.36159181367594134,0.35128891128396644,0.48081894947692855,0.13248210269535576,0.3469876503626495,-0.3628386874928481,0.7724300076609298,-0.39325982538461907,0.6243506920646305,0.471854286468229,0.47793665370058114,-0.10176026711969291,0.13964378051832663,0.22569782942102884,-0.8033035136305946,0.8530425774177448,0.6364051836857265,0.49585339338262013,0.18940287972663472,0.7348070965230321,0.2526960693541422,-0.5109537656352557,-0.038076180941858544,-0.270676915720538,0.08823202218211358
-0.3822030311159947,-0.6675727468040243,-0.31382213634546263,-0.06491843130798593,-0.8204878861285537,0.3273481624785235,-0.03654474727002326,0.30923698841468295,-0.42056832886988293,-0.06709417636324141,-0.6840363096354144,0.4835708136909658,-0.8626851946082298,1.4430872850289878,0.2224965131991445,-0.09412604508391141,0.6815061893499261,0.3316016412122215,-0.8185452109057243,-0.12004368471923775,-0.06178162000832199,-0.4820946515449586,-0.23229322453246767,0.008536901865698311,-0.39325982538461907,0.4561338820447006,-0.07564999070127687,-0.5074566929728109,-0.2669693077080912,0.3902571861279322,-0.42539328590535513,0.3322357558626243,0.6292944510386203,-0.75512807897651,-0.40807871747085783,-0.2666763895925084,-0.5519137511429982,-0.5388706344861073,-0.6973851011311009,0.9947743339469978,-0.06567849520585801,0.04108827580593011,0.023690968469877064
0.016529687590934008,-1.5005246709339988,-0.231800237933259,-0.23475082813279674,1.439557649669385,0.5165481390297088,1.420894606291453,-1.830757382943197,-0.07787025984204374,1.9457117052940038,0.101190082851762,1.4711156708349007,0.7652948750625836,3.2507118853346446,1.28845097373463,2.091003112850274,-1.231549150319109,-1.312344134959534,0.18957517009929598,-0.472673490418931,0.6213431636489418,-0.9201971905588432,-0.6678164903417685,0.4978985305539345,0.6243506920646305,-0.07564999070127687,1.8894112530507214,1.526502268785094,1.5506524528232837,0.9558855622695186,-1.1630224766077284,1.6880826243508111,-0.25381928586917407,0.5511378597088225,1.4891620416130837,-1.101216020291783,-1.7874883294328088,0.12067067293780338,-0.5483118888193065,-0.7309694771383409,0.1732154585129661,-0.10235745647931419,0.9829778685893474
0.26359714056809574,-0.6637991923331584,0.47362841288653823,0.38632170922143605,1.8495214557944653,-0.08505252767048602,1.3476116954116688,-1.96195396453415,0.3690071916853394,1.4318777303883365,0.8238127475591364,0.9766032459990736,1.9003198015083362,1.3361818598486683,0.6873315715325989,1.897239538294109,-2.1720035326191067,-1.4043287331535548,1.4877732438001021,-0.8309648724287056,0.1737570601260926,-0.2537932825051333,-0.814351816374179,1.1230227808074498,0.471854286468229,-0.5074566929728109,1.526502268785094,2.2611031258154703,1.7532784427451007,0.45223996698218566,-0.6827060814001076,0.9802775069021008,-0.49493087996126606,1.0569532441417597,1.7527613901609487,-1.4844608202962664,-1.2348751385816599,0.23762984267808657,0.49018782797239946,-2.307854340133818,0.41050464671022235,0.18786237633111383,1.0073004047612117
0.12212900896645804,-0.9880535178996822,0.1300751294221849,0.09661004856821485,1.493373617093797,0.18560200817892933,1.2686024278940606,-1.7363583941676428,0.13498995994812485,1.52620821805453,0.42715435367587573,1.1259135685645905,1.2392175411607536,2.0883698703813582,0.8909973590238515,1.821088387474609,-1.5782210422583354,-1.2382501384293612,0.7946103333118264,-0.6227827520841248,0.34131442249054983,-0.5314217045099827,-0.7003430334158549,0.7763550479113847,0.47793665370058114,-0.2669693077080912,1.5506524528232837,1.7532784427451007,1.5171076960704128,0.6425738782186434,-0.8467330471219824,1.20978117010625,-0.32555468337398924,0.7274556741463578,1.484605755783855,-1.2212573726094926,-1.3909062719926157,0.1442326435685101,-0.010505778142323794,-1.425780716889431,0.27685424125223224,0.0553846448072403,0.9180885403720968
-0.37485508349332247,-1.4774192980500156,-0.3633623963528319,-0.10145683387685202,-0.004962199853791658,0.5630802468389458,0.7763105529043887,-0.7466527835064609,-0.437923282856811,0.9719985895995857,-0.5800586588835859,1.3137188064064866,-0.3200066937078142,3.1789322548147365,0.8963820761663844,1.0825346597294372,-0.12128177790189826,-0.4120122846346877,-0.5784424385705453,-0.4727412589512678,0.21597649751078005,-0.9605148964157095,-0.6753437369530487,0.40918489468846636,-0.10176026711969291,0.3902571861279322,0.9558855622695186,0.45223996698218566,0.6425738782186434,0.9073260616071847,-1.0713956322891738,1.234335840576638,0.5135064737138904,-0.43416929147592487,0.4597085693896901,-1.0082568447575344,-1.5651240863043137,-0.5120478827659571,-0.9192088894073458,0.4104002403969593,0.0689017926056991,0.03660374937565881,0.6049063077713636
0.43210935434371267,1.7417655052529346,0.35802496408368073,0.04382430059187242,-0.06815984883176016,-0.6242771838148479,-0.973582600236193,0.9698072746842976,0.48437535815334903,-1.1630646644847913,0.6209698971806961,-1.584955517394281,0.2324564162663666,-3.7325117144405238,-1.0488852349775624,-1.3462993728142332,0.2955401349139956,0.5415817530147248,0.538791485607737,0.6432931977288037,-0.21493409100609212,1.1148958656412116,0.8687153955198353,-0.6012770279281994,0.13964378051832663,-0.42539328590535513,-1.1630224766077284,-0.6827060814001076,-0.8467330471219824,-1.0713956322891738,1.2814543319771385,-1.4594768338811137,-0.6024668974591533,0.4637985184203629,-0.6267247738516171,1.3208394997074058,1.8935662413585186,0.6192771199296688,1.0076897028502643,-0.28480781203365724,-0.12059747805218113,-0.08420508382123065,-0.7682336736858437
-0.32430940631106475,-1.9860710409726032,-0.48633390118537,-0.2665529197323572,0.6116203483196448,0.7659552321633004,1.2912740095944604,-1.4319306047248777,-0.4433511249138912,1.7456206547247644,-0.5086980078882459,1.79886610399686,-0.04271761347514855,4.297833330024025,1.3915039713602502,1.8626059446237848,-0.5520279203922529,-0.9275272212248126,-0.5372003835275485,-0.5553727884725165,0.5161852638987866,-1.2807294888576375,-0.8346250439651558,0.4830928190536038,0.22569782942102884,0.3322357558626243,1.6880826243508111,0.9802775069021008,1.20978117010625,1.234335840576638,-1.4594768338811137,1.8614663882567943,0.32547430657521925,-0.156531716187685,1.026593419199757,-1.274031493613335,-2.1546095388423057,-0.37056815940062465,-1.121054129875022,0.18566996649140405,0.1065283229427569,-0.05348991052811004,0.9387353864127318
-0.5927744900926938,-0.885428805338824,-0.2236155703343732,0.20438090222421,-1.2717156912688736,0.3197379015825051,-0.043318979431922484,0.43194293677753026,-0.5610184026534126,-0.31723223342546153,-0.9042618104131717,0.7196982041916216,-0.9885835208654915,1.855863910635137,0.15566042311717054,-0.1874361629568492,0.7275816725440603,0.5201083330974247,-0.84213383754859406,-0.44592439107299525,-0.33270049195619644,-0.5975822257177106,-0.5535165884230205,0.38033376686110737,-0.8033035136305946,0.6292944510386203,-0.25381928586917407,-0.49493087996126606,-0.32555468337398924,0.5135064737138904,-0.6024668974591533,0.32547430657521925,1.0554066863550136,-1.1367080563766392,-0.5637339974381598,-0.7685121478505057,-0.8333685531090584,-0.9574765541027441,-0.7873622385374504,1.0003520775362402,0.012245227361345458,0.23174036550375962,0.10420763862811754
0.6463715987940681,0.7719845374040927,0.3904211676355963,-0.043435454686067486,1.6667004217630697,-0.3827184308680648,0.3400803800786632,-0.8686431238876963,0.66036734477668535,0.5745134295343998,1.1166349744122837,-0.509564188590204,1.4827585964249064,-1.6468620551289102,-0.05169450007887349,0.5896130670960318,-1.2777693591234156,-0.8214568255753817,1.2665691848312448,0.19752516866454536,0.3098033710213415,0.5753924968514068,0.32457181985941314,-0.04224762335826612,0.8530425774177448,-0.75512807897651,0.5511378597088225,1.0569532441417597,0.7274556741463578,-0.43416929147592487,0.4637985184203629,-0.156531716187685,-1.1367080563766392,1.3682597174475943,0.9592273782544944,0.3521346647843543,0.5642892298247834,0.9728846139618529,0.96174357339432,-1.6310994057659598,0.10550393224445799,-0.1477632510056892,0.1327552400029468
0.26224901925506333,-0.6822353416282884,0.18612665470275078,0.04875786302162886,1.6984169055697902,0.08353053565894857,1.1813927562766358,-1.7122578346293122,0.26951407208892425,1.4797698354683613,0.6279693383367848,0.85552083746043,1.4053288281962129,1.4434073157042344,0.7753387530699932,1.725379840632569,-1.6514110075323378,-1.2731642935835146,0.9611837894672723,-0.4713872214240239,0.39006570454871103,-0.33372500552155365,-0.5132775639386206,0.6334850257127826,0.6364051836857265,-0.40807871747085783,1.4891620416130837,1.7527613901609487,1.484605755783855,0.4597085693896901,-0.6267247738516171,1.026593419199757,-0.5637339974381598,0.9592273782544944,1.5141378297654662,-0.9453837382820325,-1.0715912780476273,0.37016345196017764,0.1999065518347446,-1.5876096933596096,0.25638814413598926,-0.0012803073856056146,0.8229020087873382
0.44567178147931563,1.6328394801245105,-0.16887662188222172,-0.5838764706779814,-0.21561964946596138,-0.29586700825939,-1.179042101814031,1.2889221033280267,0.3142787952261767,-0.9429029163144123,0.29768468214099936,-1.7242439486179857,-0.5834006684779917,-3.3730178678660243,-0.8104700850268873,-1.5143201571448555,1.1336312033779607,0.6790960734550924,-0.3753907483438888,1.2693474371635383,0.22240233318183195,0.9254819896980122,1.3801334680777784,-1.4582879226724588,0.49585339338262013,-0.2666763895925084,-1.101216020291783,-1.4844608202962664,-1.2212573726094926,-1.0082568447575344,1.3208394997074058,-1.274031493613335,-0.7685121478505057,0.3521346647843543,-0.9453837382820325,2.237588198625894,2.0913360798424647,0.8892737385690442,0.4688937387592916,0.938141268400337,-0.3867562045129892,-0.4367910029190029,-1.0382960862904458
0.5967500155050772,2.5379165894938107,0.4276904207176474,-0.022642990117013075,-0.2668403160023561,-0.8581533364249015,-1.5237161783271804,1.5798727320146735,0.6471442317863243,-1.7663178277022809,0.7910838475579699,-2.3608537710754915,0.10304890000643678,-5.420559193606961,-1.5382461708655095,-2.1000922046128867,0.6768964878171251,0.9050324428170693,0.5677900066609998,1.0425288677852858,-0.28560351670488976,1.5998668858219258,1.3540350194197495,-1.026641164450152,0.18940287972663472,-0.5519137511429982,-1.7874883294328088,-1.2348751385816599,-1.3909062719926157,-1.5651240863043137,1.8935662413585186,-2.1546095388423057,-0.8333685531090584,0.5642892298247834,-1.0715912780476273,2.0913360798424647,2.829039160497657,0.888006187036544,1.354263160169831,-0.10931145735823665,-0.2295204540894621,-0.16583599166680157,-1.2065517055188593
0.534307958710125,0.873723082844358,0.14073420169471956,-0.2584478175053319,1.034451465326204,-0.27302037372812854,-0.07769743313602619,-0.23052709078405895,0.48545153873882774,0.19670494451007223,0.7615658671655376,-0.7578252619821387,0.726673927788178,-1.819016058525633,-0.18553577389183334,0.01595749506032508,-0.459879442616217,-0.36753096468723107,0.6163914301130106,0.519018651153257,0.3229950990773994,0.5674713530458527,0.6116322962008413,-0.49430887432136184,0.7348070965230321,-0.5388706344861073,0.12067067293780338,0.23762984267808657,0.1442326435685101,-0.5120478827659571,0.6192771199296688,-0.37056815940062465,-0.9574765541027441,0.9728846139618529,0.37016345196017764,0.8892737385690442,0.888006187036544,0.892421004099019,0.6657776761543803,-0.6815415362186794,-0.05936446204118615,-0.25214685281445376,-0.19259765498097586
0.5531409174491567,1.5268330185310008,0.7113027712336771,0.37829267485217793,0.7688105935862543,-0.763489973975492,-0.360691711610366,0.061173854526380786,0.7009510350041764,-0.6312023905350588,1.0781489669114919,-1.1651728523565736,1.2758854476013586,-3.3427289766719506,-0.8409231083010761,-0.515032329367261,-0.858150976426099,-0.08848105721441969,1.4375797501923964,0.1341875685047802,-0.26102406536516204,1.083054213284512,0.4026906551321518,0.096389212753475,0.2526960693541422,-0.6973851011311009,-0.5483118888193065,0.49018782797239946,-0.010505778142323794,-0.9192088894073458,1.0076897028502643,-1.121054129875022,-0.7873622385374504,0.96174357339432,0.1999065518347446,0.4688937387592916,1.354263160169831,0.6657776761543803,1.3873998505272285,-1.6135727933006394,0.12441306828174889,0.08837816883590738,-0.2802737245993143
-0.655577372395751,-0.7506905744704603,-1.0455078408197558,-0.7230379147540336,-2.0978209477356136,0.7495845744460148,-0.792689044208033,1.53725378753173,-0.8916215311194481,-0.5610165715117806,-1.5822119778407469,0.1666432476830698,-2.671667254851453,1.7566392818174077,0.19460939086439946,-1.0884776532337133,2.5458924400270257,1.1923055033207257,-2.4997900377388493,0.650261596542528,0.15618392322469177,-0.721907317569223,0.397162969921525,-1.1079277665875036,-0.5109537656352557,0.9947743339469978,-0.7309694771383409,-2.307854340133818,-1.425780716889431,0.4104002403969593,-0.28480781203365724,0.18566996649140405,1.0003520775362402,-1.6310994057659598,-1.5876096933596096,0.938141268400337,-0.10931145735823665,-0.6815415362186794,-1.6135727933006394,3.3387000174384247,-0.4694627040848973,-0.2818194671549736,-0.6046321600929238
0.005497069604359185,-0.10406656763466758,0.1447206592098902,0.1701720925334169,0.2074234656106496,-0.05546528843679362,0.20714354197198165,-0.2889727752467936,0.053053598351564105,0.13015029252871646,0.12361507145035278,0.18117202235658042,0.34540770172888535,0.18778195560340818,0.05232521079473027,0.26443946751965314,-0.39544722362098084,-0.18142589058586353,0.31653074466833386,-0.23727011299299267,-0.07021177602804304,-0.024749955808231895,-0.2194396410347263,0.31297224558642894,-0.038076180941858544,-0.06567849520585801,0.1732154585129661,0.41050464671022235,0.27685424125223224,0.0689017926056991,-0.12059747805218113,0.1065283229427569,0.012245227361345458,0.10550393224445799,0.25638814413598926,-0.3867562045129892,-0.2295204540894621,-0.05936446204118615,0.12441306828174889,-0.4694627040848973,0.1005230248368143,0.09699499796427834,0.18152802002904236
-0.09792905788449091,-0.06626517445012664,0.16533408641674027,0.26961968524225244,-0.1742912923475941,-0.08274175563121187,0.039511501719249525,-0.012289146411711499,-0.02290919622620671,-0.1721586132370175,-0.023451052674006635,0.13311446575027538,0.1320424688779617,0.08810242092060665,-0.09117194421671695,-0.011023473667165459,-0.1711957093129315,0.05790942407169328,0.20348937247105728,-0.2918578878997735,-0.2272406801364347,-0.003716895969698397,-0.2620408096112014,0.36674207466469355,-0.270676915720538,0.04108827580593011,-0.10235745647931419,0.18786237633111383,0.0553846448072403,0.03660374937565881,-0.08420508382123065,-0.05348991052811004,0.23174036550375962,-0.1477632510056892,-0.0012803073856056146,-0.4367910029190029,-0.16583599166680157,-0.25214685281445376,0.08837816883590738,-0.2818194671549736,0.09699499796427834,0.1691193088686773,0.09572381618887085
-0.10352968533250927,-0.9609749111767378,-0.0050706746894326245,0.10312060884405073,0.6122285436718113,0.2426056331718669,0.8449523025417952,-1.0368556828720819,-0.09278305768212836,0.953134866194054,-0.008381363209723216,0.9919166770882898,0.4986894765756666,2.0319954041189083,0.6692434847291999,1.1789086181914397,-0.812210645212108,-0.6762292328296642,0.23657317944140702,-0.5396767497822865,0.14734840460996573,-0.5610945874933063,-0.6317937522791145,0.613735244473969,0.08823202218211358,0.023690968469877064,0.9829778685893474,1.0073004047612117,0.9180885403720968,0.6049063077713636,-0.7682336736858437,0.9387353864127318,0.10420763862811754,0.1327552400029468,0.8229020087873382,-1.0382960862904458,-1.2065517055188593,-0.19259765498097586,-0.2802737245993143,-0.6046321600929238,0.18152802002904236,0.09572381618887085,0.6490900417726616
