V1,V2,V3,V4,V5,V6,V7,V8,V9,V10,V11,V12,V13,V14,V15,V16,V17,V18,V19,V20,V21,V22,V23,V24,V25,V26,V27,V28,V29,V30,V31,V32,V33,V34,V35,V36,V37,V38,V39,V40,V41,V42,V43,V44
3.15615233546469,-0.23496379544306545,1.1089045397189405,1.8189855512556683,0.2987560429300558,0.8392581196009964,-0.41995227697722154,0.24582967380917198,0.05893720077334533,-1.4663776828676953,1.8946502410850092,1.1544077764662637,-4.999205835755897,2.5642727238423904,1.499405174551569,2.473885940428853,1.2779501064497374,0.2481501008968523,-1.0607166024163428,-0.06629999816526855,1.0662185608608745,1.0253060751628165,1.9368987628389054,1.7923453829077187,0.7530628306274106,1.2159458842361899,-0.3370514899769155,0.5163218130083876,-0.1978447141678493,2.5940372079073146,0.5800978320094627,-0.8186269460571199,1.3848047915399282,-0.8727441599350942,1.9056601417812984,0.9045511563600019,-0.6916990924456367,-0.5621024253644311,-4.672084680526577,-1.1445914804641741,3.5900288982245385,3.1591823924948055,-3.2308710746375158,3.0757664670240827
-0.23496379544306545,0.847785270878734,-2.525969595404855,-0.7488160228489008,0.5200789396766391,0.9455838076995986,-0.25721997616183934,-0.08179043177633014,-0.7285547244237469,0.6460078912871808,-1.7102003468739373,1.5682492134790786,2.7873988615574614,-2.16148578751029,-0.7836630567064975,-0.6921423640332504,-0.6673013542873136,-1.5386987426078738,-0.6887987903881728,-1.4899582372437457,-0.12521843235557298,-1.4449538342971682,-0.3999951508406445,-1.1749265907593573,-0.9760028518170178,0.020547347361604407,-0.22663895611684456,-0.08625563363844987,-0.12759725615009393,-1.3073910050065414,0.6830771634656292,-0.052297179916661773,-0.31565619162756564,-1.2608764992708918,-1.5943841515534722,-1.9135855164147628,-1.4805278497640362,-0.030879299241703725,1.3889747420554046,1.0444264520077742,-2.983261514681054,-0.2475962131128235,3.6098985817935207,-1.7926397414478619
1.1089045397189405,-2.525969595404855,7.594927378575658,2.4205506552073324,-1.5003252023816316,-2.6835967227430944,0.7113188597522955,0.2710453165221531,2.1436814613879753,-2.0948501714134644,5.254712868116475,-4.46849820176107,-8.810799669707468,6.690483185278926,2.5062187631568063,2.3154787303077655,2.122256350074243,4.558902325273487,1.8766959005770356,4.356411719868309,0.5162915855074544,4.380465707185192,1.4557850391572036,3.6369080424679483,2.9639723038871413,0.07803905963087596,0.6330680304914258,0.29748417029942187,0.35170244729700534,4.151825379901349,-1.906021044040757,0.06751702512130177,1.1205159961044466,3.5946114940956164,4.9551115190599875,5.761656910666802,4.291756241721194,7.256828564539057e-4,-4.6641351080232845,-3.1933608506311315,9.245401782443455,1.1281024546420442,-11.04059177687265,5.67402334378424
1.8189855512556683,-0.7488160228489008,2.4205506552073324,1.5565281808254599,-0.22633131237935028,-0.25170060132713273,-0.044273659317768985,0.20396544855633855,0.5919206444333812,-1.2494701934264176,2.323172054384221,-0.5606995059016723,-4.784007267425171,2.967795466121,1.357672571391786,1.8969200994838336,1.1775154755644195,1.272385987192997,-0.014280927775426559,1.1227677371775668,0.6312948758252092,1.6294319818578227,1.24551959921499,1.9257956267908563,1.1414799652012682,0.6576935301248394,-0.030045810379388773,0.3882113405494669,-0.017067289389817088,2.408164544847203,-0.2696455725475334,-0.431093049089088,0.9349961929677941,0.4840236265658567,2.1507478915696296,1.8758856866598501,0.6820446132918024,-0.24281291613048842,-3.554746323232418,-1.433693893434658,4.112565079130308,1.8681171932580336,-4.397059151424531,2.946944855998749
0.2987560429300558,0.5200789396766391,-1.5003252023816316,-0.22633131237935028,0.4154986869911925,0.7699889230948244,-0.2443330216978373,-0.04228393006068623,-0.474866942468272,0.2209742439771876,-0.8571651795384383,1.2310894668897143,1.0887950626509189,-1.0608255911505435,-0.2906127462659906,-0.06549129256428138,-0.24248974089686612,-0.9660253488444709,-0.6175652717419923,-1.0076923348924531,0.07965322430861019,-0.8117749080407024,0.041803837394965675,-0.4946605708995899,-0.5485563401172502,0.21040425615136413,-0.20023651595274222,0.021153258750248167,-0.10890639636179264,-0.48389493073137196,0.5413398225946922,-0.16033130880187396,0.004246732263341233,-0.9580289490922491,-0.7682220888417259,-1.1459651635213493,-1.081314510409779,-0.0862519022923564,0.22652840795014273,0.5146477205377551,-1.4572139834851259,0.3033964975976516,1.936212717218246,-0.7225945010045713
0.8392581196009964,0.9455838076995986,-2.6835967227430944,-0.25170060132713273,0.7699889230948244,1.4793218371897063,-0.4796093826019794,-0.03313371182618322,-0.8677450046085732,0.2695890276063205,-1.4031603448395438,2.3550074817204902,1.5723182552927986,-1.7219451399065087,-0.41121112578047303,0.08473926551866813,-0.34253782835779795,-1.7754349176647293,-1.2255632508223935,-1.8494648900385962,0.2341532589407048,-1.3997319455967914,0.22163845907330276,-0.756410660818423,-0.9314059668592735,0.4852925845268423,-0.4018472917939944,0.08988794790695859,-0.22385447387661628,-0.6529294309996974,1.0389618300299286,-0.3692603863572581,0.11938252032916528,-1.8498828207327949,-1.2591115758238478,-2.027038117183706,-2.0652562852325995,-0.22026598652975715,-0.0014872851375958916,0.8485450194590198,-2.360140937208807,0.8421627006281821,3.265606177345995,-1.0705458378470707
-0.41995227697722154,-0.25721997616183934,0.7113188597522955,-0.044273659317768985,-0.2443330216978373,-0.4796093826019794,0.1679772351109601,-0.002745387077138496,0.24140813529781863,0.006495804826555746,0.2802005646028187,-0.7476833918111032,-0.13555903556117616,0.3421778959940184,0.031121255811756444,-0.19287657275089143,0.019179247875759316,0.49149309202635355,0.4079529017742312,0.5258768519581087,-0.12611938393015507,0.3388992106458077,-0.1664386799765727,0.08416030294645326,0.22140256002272354,-0.22127918800889274,0.13968143738105385,-0.06805570645096463,0.07670261232991749,0.019665275805207758,-0.3182385157875973,0.16322927611795157,-0.11171285213315038,0.5791933936680467,0.25573710789804643,0.5356646304554095,0.6445817265533696,0.08624512487426654,0.2896773805049085,-0.1631471402993819,0.46693054995406597,-0.43216595314958406,-0.7487439410788288,0.12496178037852491
0.24582967380917198,-0.08179043177633014,0.2710453165221531,0.20396544855633855,-0.04228393006068623,-0.03313371182618322,-0.002745387077138496,0.04833265342028054,0.07298161360294983,-0.16399527594187918,0.29970414748123547,-0.07104461601748911,-0.5986910897530147,0.3729072785772608,0.16081465124311448,0.23716960795644573,0.14137995969011258,0.13380329077925102,-0.0017125090442276377,0.14707586910596887,0.07337062203286829,0.203921512683408,0.1297054487830284,0.24693070569886832,0.1526722643785325,0.08123732907906335,-0.011216683623684514,0.05872685643291126,-0.008835134956060392,0.3174004369795174,-0.04193826466385212,-0.06291218203322112,0.10654739254213365,0.04265646303245843,0.2511052228334587,0.2279359506123026,0.05810496650202116,-0.04011493271966505,-0.46334054944666403,-0.18264725051583655,0.5153043151054709,0.24879133210010418,-0.5555927701262269,0.3579945618708063
0.05893720077334533,-0.7285547244237469,2.1436814613879753,0.5919206444333812,-0.474866942468272,-0.8677450046085732,0.24140813529781863,0.07298161360294983,0.6445080634408118,-0.5011415605066007,1.4379786895247968,-1.433851201368048,-2.2465391280434046,1.7852803567109659,0.6109138421547327,0.5221198273750883,0.5281183278230351,1.3321243357993626,0.6668433652567355,1.3334896696020424,0.05011698330012804,1.2282763162307215,0.2265774975614733,0.9909036512034604,0.8333333218456102,-0.063305989564856,0.2048636213083524,0.07419889750658387,0.11632011287253526,1.0594303323397067,-0.6548485979862609,0.0671317062592873,0.19912924125494647,1.1457072227788556,1.2931563161795538,1.6296533829185125,1.3051174809201154,0.06109734324874536,-1.0320982235650873,-0.88563695235943,2.457396485916083,0.08284019869094764,-3.029387696101431,1.427179216175424
-1.4663776828676953,0.6460078912871808,-2.0948501714134644,-1.2494701934264176,0.2209742439771876,0.2695890276063205,0.006495804826555746,-0.16399527594187918,-0.5011415605066007,1.0324741467352943,-1.9087202624607649,0.5448055335233238,3.8980472700564532,-2.475627717299477,-1.129482742760165,-1.4832034177607838,-0.9634243698067186,-1.098624107232481,-0.012174068267274523,-0.9508574285589866,-0.520483388071184,-1.3697973386744298,-1.0500243837707401,-1.519843099617425,-0.9540849731346165,-0.49245956466524715,-0.004128641470489473,-0.27806740260689716,0.002038444247509895,-1.939479927285366,0.2131019759868255,0.31062017154474564,-0.775257299882377,-0.4556735111903347,-1.822073348770751,-1.619955076160066,-0.6659979256629605,0.21426855704194905,2.8549669898429006,1.1599436797299498,-3.4365950512915036,-1.4783067129607868,3.6980626274996635,-2.441305159316035
1.8946502410850092,-1.7102003468739373,5.254712868116475,2.323172054384221,-0.8571651795384383,-1.4031603448395438,0.2802005646028187,0.29970414748123547,1.4379786895247968,-1.9087202624607649,4.204435445496017,-2.4583302329381858,-7.71563338230976,5.3156728538031945,2.1621877693518665,2.5582839968087074,1.8683280139126275,3.0279527769876267,0.8616842329034181,2.8727369870818817,0.6992042430460568,3.244714999010962,1.5532738761295137,3.202142204305684,2.2365827964059615,0.5617134421835761,0.24594390372773642,0.4724763799468668,0.13841328424160146,3.7839918338689134,-1.1203720352804303,-0.3313993605797751,1.199283616877198,1.9958817581542732,3.8600826191252757,4.030975771202806,2.4183841955754253,-0.16957927176774634,-4.890284290779731,-2.5872253207659703,7.346617467729385,1.964596794674824,-8.387046652812788,4.822454232543111
1.1544077764662637,1.5682492134790786,-4.46849820176107,-0.5606995059016723,1.2310894668897143,2.3550074817204902,-0.7476833918111032,-0.07104461601748911,-1.433851201368048,0.5448055335233238,-2.4583302329381858,3.7739242187840065,2.9774884028647937,-3.0122953475391463,-0.7795458940456815,-0.07837444409119525,-0.662010235254351,-2.932674466518309,-1.9428214292044397,-3.043499234015212,0.3137971047329314,-2.373435113348797,0.24294356833487935,-1.416439728883247,-1.5858720026162714,0.6899147954305137,-0.6264709212171983,0.09071319049055501,-0.35186537394324224,-1.2857307126775368,1.6850992517580579,-0.5291772459844553,0.10418573660195947,-2.9732803639859506,-2.1912588583025685,-3.3785649273630494,-3.317120542916652,-0.3362728934398641,0.3617558913034028,1.499770444411631,-4.130357460031664,1.1429280942192022,5.590400991022036,-1.9809476411782827
-4.999205835755897,2.7873988615574614,-8.810799669707468,-4.784007267425171,1.0887950626509189,1.5723182552927986,-0.13555903556117616,-0.5986910897530147,-2.2465391280434046,3.8980472700564532,-7.71563338230976,2.9774884028647937,15.203228869203613,-9.861671902017584,-4.326108441050519,-5.612155941019026,-3.73107035781313,-4.830107312602242,-0.6116548364912474,-4.35594972741783,-1.7889328755328004,-5.659036498356784,-3.693320287444039,-6.137813837833359,-3.922023668632658,-1.6938127169246024,-0.15059525341960067,-1.0764649161584845,-0.08398700803718764,-7.542041391076786,1.3337280709717503,1.061831163280349,-2.7733211766160784,-2.4874687417204666,-7.200000425984927,-6.774735753206102,-3.246508608266905,0.6153882006028885,10.63182908738387,4.743888914980346,-13.658834411060472,-5.126241034113853,15.002907659744343,-9.464151647597728
2.5642727238423904,-2.16148578751029,6.690483185278926,2.967795466121,-1.0608255911505435,-1.7219451399065087,0.3421778959940184,0.3729072785772608,1.7852803567109659,-2.475627717299477,5.3156728538031945,-3.0122953475391463,-9.861671902017584,6.79124596477472,2.808326094154018,3.25972099706676,2.4023528820692297,3.81215928734382,0.9876658492390958,3.5433609916206197,0.9598801387438223,4.106949172500262,2.1295103067689203,3.9982458898118614,2.823113365375846,0.7369377380113754,0.3118818480862424,0.5664660573415313,0.1702322861498596,4.810495577923911,-1.3016315279957367,-0.4187174861864395,1.6109396522667179,2.447637988987915,4.982856643625908,5.124621463492997,3.0496476660687466,-0.27442480104864864,-6.320625552321181,-3.2458571219181414,9.399260177075357,2.6141608806818417,-10.673152094554588,6.218649893595263
1.499405174551569,-0.7836630567064975,2.5062187631568063,1.357672571391786,-0.2906127462659906,-0.41121112578047303,0.031121255811756444,0.16081465124311448,0.6109138421547327,-1.129482742760165,2.1621877693518665,-0.7795458940456815,-4.326108441050519,2.808326094154018,1.2595871607646283,1.586835630496368,1.0709636298465337,1.3499385700350124,0.11126216603342258,1.1681847706361512,0.5480033620935313,1.5904915090534704,1.139374490422569,1.6884361578658802,1.0960189989264433,0.4897773922207429,0.044666888521492316,0.2808621495697076,0.021951944522044547,2.127230661809769,-0.3038147846343354,-0.2949999420353447,0.83621670367607,0.6564326359129629,2.084400378841139,1.9196918764940467,0.9123663305697162,-0.20751259852310333,-3.0593425071710687,-1.3140415928895195,3.897870680428258,1.5117730013202613,-4.249850861198964,2.7286828507098426
2.473885940428853,-0.6921423640332504,2.3154787303077655,1.8969200994838336,-0.06549129256428138,0.08473926551866813,-0.19287657275089143,0.23716960795644573,0.5221198273750883,-1.4832034177607838,2.5582839968087074,-0.07837444409119525,-5.612155941019026,3.25972099706676,1.586835630496368,2.441534315310742,1.3918507444436832,1.138230512121935,-0.324113626269758,0.9378952535644268,0.8420537463599351,1.6749895184188603,1.5943856891616666,2.2669051346198024,1.1844374566676068,0.9713266962311262,-0.15076983977099856,0.5315944350058622,-0.07955003504563424,2.8674813712704688,-0.09459608124599722,-0.6534950229967322,1.1913625934281342,0.13187876546682403,2.3470708997080845,1.8003833854291567,0.29458571481494866,-0.33672698036639304,-4.467647983721219,-1.5990823555566547,4.5190020608431505,2.5598892963458635,-4.636680798394533,3.406642360773611
1.2779501064497374,-0.6673013542873136,2.122256350074243,1.1775154755644195,-0.24248974089686612,-0.34253782835779795,0.019179247875759316,0.14137995969011258,0.5281183278230351,-0.9634243698067186,1.8683280139126275,-0.662010235254351,-3.73107035781313,2.4023528820692297,1.0709636298465337,1.3918507444436832,0.920645008271531,1.1509688314957078,0.10474549330909437,1.0144255496214536,0.46018954162008213,1.3627505901352857,0.9484352382328558,1.4878131617946238,0.942378244525678,0.43495934240507683,0.02883172812714891,0.26084106621517145,0.016168829371447358,1.8466981389643247,-0.28395455209570636,-0.26995627047757303,0.7039392347469934,0.5599421258883011,1.7657772254902988,1.6280601772780352,0.7547855973080243,-0.16444608378006728,-2.6422876211583675,-1.1467884869524885,3.3303592891750946,1.3035457672130832,-3.632896570084086,2.3311161250003987
0.2481501008968523,-1.5386987426078738,4.558902325273487,1.272385987192997,-0.9660253488444709,-1.7754349176647293,0.49149309202635355,0.13380329077925102,1.3321243357993626,-1.098624107232481,3.0279527769876267,-2.932674466518309,-4.830107312602242,3.81215928734382,1.3499385700350124,1.138230512121935,1.1509688314957078,2.8048841646431213,1.3232049194678124,2.7343920474991243,0.16783727879407476,2.5882589362660298,0.6189040041675375,2.0618898673191635,1.7442086845515856,-0.10132859402252631,0.4319572873970446,0.13428957717289056,0.24419254529811377,2.2530995313381807,-1.2890894285421288,0.13832816760832034,0.49886672911926244,2.359025809183181,2.808512477671663,3.448066362355759,2.7441232810796516,0.0930371735818059,-2.2853486576075586,-1.8518998248088827,5.2575649998440905,0.2770579715178134,-6.423386024001872,3.1087062141305615
-1.0607166024163428,-0.6887987903881728,1.8766959005770356,-0.014280927775426559,-0.6175652717419923,-1.2255632508223935,0.4079529017742312,-0.0017125090442276377,0.6668433652567355,-0.012174068267274523,0.8616842329034181,-1.9428214292044397,-0.6116548364912474,0.9876658492390958,0.11126216603342258,-0.324113626269758,0.10474549330909437,1.3232049194678124,1.0922953855204685,1.4506836557201346,-0.33111394479205297,0.9438390733853572,-0.4636463170106031,0.4231929713248739,0.6236508438012968,-0.5010657160017393,0.33547742616827236,-0.0996410124237211,0.19233727130900874,0.2109251486370239,-0.91206497945382,0.3592365387664973,-0.28821916065271064,1.5283380495766983,0.6894100713751485,1.411061089086655,1.6275502882804134,0.26456836936447803,0.5612845019429757,-0.5394911025891067,1.3369442464635808,-1.0357015509724206,-2.077710869061016,0.41794425583192607
-0.06629999816526855,-1.4899582372437457,4.356411719868309,1.1227677371775668,-1.0076923348924531,-1.8494648900385962,0.5258768519581087,0.14707586910596887,1.3334896696020424,-0.9508574285589866,2.8727369870818817,-3.043499234015212,-4.35594972741783,3.5433609916206197,1.1681847706361512,0.9378952535644268,1.0144255496214536,2.7343920474991243,1.4506836557201346,2.775616173307871,0.03326174195035328,2.4837386314320815,0.3317787661208335,1.9569628191569415,1.6866801095130823,-0.20293256028982767,0.43998066381724205,0.13151678691523194,0.24978144139142658,2.049758816456816,-1.4033158746361503,0.18144663247367857,0.3196330797692699,2.421147300149521,2.5509140755211286,3.3163004029392122,2.7303518310099655,0.16041909471661425,-1.8651676049390935,-1.772522451239321,4.872048660151234,-0.01456328164883555,-6.082602155406056,2.763080851483421
1.0662185608608745,-0.12521843235557298,0.5162915855074544,0.6312948758252092,0.07965322430861019,0.2341532589407048,-0.12611938393015507,0.07337062203286829,0.05011698330012804,-0.520483388071184,0.6992042430460568,0.3137971047329314,-1.7889328755328004,0.9598801387438223,0.5480033620935313,0.8420537463599351,0.46018954162008213,0.16783727879407476,-0.33111394479205297,0.03326174195035328,0.37204519888910237,0.4091409746937234,0.6978368396788601,0.6265105196725873,0.29012405409232483,0.39849565893077654,-0.09367545652592392,0.15993357049211734,-0.055833985745219264,0.9074972666305989,0.18258581870474686,-0.2578395016632307,0.4917349404218231,-0.22652357183945024,0.732462068070428,0.4033428723618356,-0.13627074869590286,-0.1910242295973481,-1.6096433539824238,-0.41720024043998155,1.3450748047489198,1.0598529296861277,-1.2500239290541542,1.1227318031483735
1.0253060751628165,-1.4449538342971682,4.380465707185192,1.6294319818578227,-0.8117749080407024,-1.3997319455967914,0.3388992106458077,0.203921512683408,1.2282763162307215,-1.3697973386744298,3.244714999010962,-2.373435113348797,-5.659036498356784,4.106949172500262,1.5904915090534704,1.6749895184188603,1.3627505901352857,2.5882589362660298,0.9438390733853572,2.4837386314320815,0.4091409746937234,2.6105136738054133,1.008064524960148,2.3548792331163364,1.7845242480532335,0.2210214924464915,0.2961613506445488,0.2733955051508279,0.16471286646420547,2.72658657931378,-1.0491519256192645,-0.09698778264620356,0.7843945514400101,1.9104731648625997,3.002908806732344,3.344774613362469,2.2816629706833584,-0.05562718750395776,-3.276636653376636,-1.9847153705415117,5.673655005344007,1.0605730710013082,-6.647085902013273,3.5830800986987486
1.9368987628389054,-0.3999951508406445,1.4557850391572036,1.24551959921499,0.041803837394965675,0.22163845907330276,-0.1664386799765727,0.1297054487830284,0.2265774975614733,-1.0500243837707401,1.5532738761295137,0.24294356833487935,-3.693320287444039,2.1295103067689203,1.139374490422569,1.5943856891616666,0.9484352382328558,0.6189040041675375,-0.4636463170106031,0.3317787661208335,0.6978368396788601,1.008064524960148,1.3624498885691187,1.2930706690841023,0.6966147739974944,0.6875305747538057,-0.10736720491930048,0.271797013196137,-0.06667368503945152,1.8308666183694153,0.22154699834923625,-0.42439570542278554,0.9529482793867224,-0.14324211604741227,1.644199908012064,1.1128228119695018,0.09339070176580407,-0.34197329109592517,-3.0944388505277303,-0.9223131874111457,2.9805498340476415,1.9117849786518695,-2.932136633768503,2.357194885735667
1.7923453829077187,-1.1749265907593573,3.6369080424679483,1.9257956267908563,-0.4946605708995899,-0.756410660818423,0.08416030294645326,0.24693070569886832,0.9909036512034604,-1.519843099617425,3.202142204305684,-1.416439728883247,-6.137813837833359,3.9982458898118614,1.6884361578658802,2.2669051346198024,1.4878131617946238,2.0618898673191635,0.4231929713248739,1.9569628191569415,0.6265105196725873,2.3548792331163364,1.2930706690841023,2.6064209792474236,1.6381704153601069,0.6457836606502363,0.07408780696233305,0.47816827938775047,0.04919571936230035,3.072069370315455,-0.7295856932807645,-0.4228022028840312,1.0099204260466388,1.1810178456452949,2.8562748510434077,2.799901587925925,1.4090209944008707,-0.16146783421645394,-4.16982554920519,-2.0029213855264185,5.5196385363056955,1.8983843744510849,-6.150675133483301,3.751908960285889
0.7530628306274106,-0.9760028518170178,2.9639723038871413,1.1414799652012682,-0.5485563401172502,-0.9314059668592735,0.22140256002272354,0.1526722643785325,0.8333333218456102,-0.9540849731346165,2.2365827964059615,-1.5858720026162714,-3.922023668632658,2.823113365375846,1.0960189989264433,1.1844374566676068,0.942378244525678,1.7442086845515856,0.6236508438012968,1.6866801095130823,0.29012405409232483,1.7845242480532335,0.6966147739974944,1.6381704153601069,1.2257753577798898,0.17385500684351182,0.1891147234692999,0.20359639296792365,0.10463913314750617,1.9028720242741919,-0.7103132622751377,-0.08785673311677471,0.5467038613612655,1.2704911015503895,2.05195404915548,2.2721016127360354,1.514139074008882,-0.047550305312785486,-2.3105217860003404,-1.3699019708268234,3.899128382276009,0.7798285187979666,-4.554207181641857,2.471138614006291
1.2159458842361899,0.020547347361604407,0.07803905963087596,0.6576935301248394,0.21040425615136413,0.4852925845268423,-0.22127918800889274,0.08123732907906335,-0.063305989564856,-0.49245956466524715,0.5617134421835761,0.6899147954305137,-1.6938127169246024,0.7369377380113754,0.4897773922207429,0.9713266962311262,0.43495934240507683,-0.10132859402252631,-0.5010657160017393,-0.20293256028982767,0.39849565893077654,0.2210214924464915,0.6875305747538057,0.6457836606502363,0.17385500684351182,0.5246495302772922,-0.1809374962015258,0.23256866751632205,-0.09905461899401585,0.9107080591850067,0.2822882010853326,-0.3656781393308495,0.4989154789070239,-0.5145884758796319,0.5257885574912387,0.0785094090955847,-0.5161656426716593,-0.1982158626192788,-1.731372318243584,-0.35970494953661697,1.0301271850156954,1.2495571605220221,-0.7986441539926135,0.9936623855861437
-0.3370514899769155,-0.22663895611684456,0.6330680304914258,-0.030045810379388773,-0.20023651595274222,-0.4018472917939944,0.13968143738105385,-0.011216683623684514,0.2048636213083524,-0.004128641470489473,0.24594390372773642,-0.6264709212171983,-0.15059525341960067,0.3118818480862424,0.044666888521492316,-0.15076983977099856,0.02883172812714891,0.4319572873970446,0.33547742616827236,0.43998066381724205,-0.09367545652592392,0.2961613506445488,-0.10736720491930048,0.07408780696233305,0.1891147234692999,-0.1809374962015258,0.1213324795726587,-0.06275923887638092,0.06714667535093666,0.025398018053505608,-0.256349802255392,0.1397637155913992,-0.0759840353770182,0.4931648703605329,0.24548733704909115,0.46925509339675014,0.5600184394379761,0.06985155085731673,0.2206100924799987,-0.14190764878358508,0.4279137353077572,-0.3495553443349344,-0.6620757717181356,0.13780585027421466
0.5163218130083876,-0.08625563363844987,0.29748417029942187,0.3882113405494669,0.021153258750248167,0.08988794790695859,-0.06805570645096463,0.05872685643291126,0.07419889750658387,-0.27806740260689716,0.4724763799468668,0.09071319049055501,-1.0764649161584845,0.5664660573415313,0.2808621495697076,0.5315944350058622,0.26084106621517145,0.13428957717289056,-0.0996410124237211,0.13151678691523194,0.15993357049211734,0.2733955051508279,0.271797013196137,0.47816827938775047,0.20359639296792365,0.23256866751632205,-0.06275923887638092,0.14303982569691812,-0.032185327913120364,0.5790992887684138,-0.014616324170531894,-0.17121156609583835,0.21846398348288665,-0.0592381803258392,0.37416175414427666,0.24381045476538146,-0.0770610773422212,-0.05952130176491368,-0.9179295987821906,-0.3090389030270213,0.7797241177076819,0.5562354617516089,-0.7672395804140784,0.6123454604798093
-0.1978447141678493,-0.12759725615009393,0.35170244729700534,-0.017067289389817088,-0.10890639636179264,-0.22385447387661628,0.07670261232991749,-0.008835134956060392,0.11632011287253526,0.002038444247509895,0.13841328424160146,-0.35186537394324224,-0.08398700803718764,0.1702322861498596,0.021951944522044547,-0.07955003504563424,0.016168829371447358,0.24419254529811377,0.19233727130900874,0.24978144139142658,-0.055833985745219264,0.16471286646420547,-0.06667368503945152,0.04919571936230035,0.10463913314750617,-0.09905461899401585,0.06714667535093666,-0.032185327913120364,0.03838310329712617,0.014780480410911484,-0.14978795931519553,0.07620770091509509,-0.046626207931848754,0.27995308138124564,0.13228811666707066,0.2587933456203439,0.31218400538818414,0.044986318763260695,0.12757414734664954,-0.0835903374397852,0.23258035694890453,-0.20069613405540432,-0.3644254668197848,0.07276553408023669
2.5940372079073146,-1.3073910050065414,4.151825379901349,2.408164544847203,-0.48389493073137196,-0.6529294309996974,0.019665275805207758,0.3174004369795174,1.0594303323397067,-1.939479927285366,3.7839918338689134,-1.2857307126775368,-7.542041391076786,4.810495577923911,2.127230661809769,2.8674813712704688,1.8466981389643247,2.2530995313381807,0.2109251486370239,2.049758816456816,0.9074972666305989,2.72658657931378,1.8308666183694153,3.072069370315455,1.9028720242741919,0.9107080591850067,0.025398018053505608,0.5790992887684138,0.014780480410911484,3.7762302642683814,-0.6117024956938033,-0.5908079355937709,1.386862937504541,1.075825430158898,3.480258609871548,3.209768296724351,1.4054051160113146,-0.3212861884121199,-5.387709260839607,-2.33680546086482,6.659448659206994,2.6734642125196886,-7.259839340235942,4.655625742872299
0.5800978320094627,0.6830771634656292,-1.906021044040757,-0.2696455725475334,0.5413398225946922,1.0389618300299286,-0.3182385157875973,-0.04193826466385212,-0.6548485979862609,0.2131019759868255,-1.1203720352804303,1.6850992517580579,1.3337280709717503,-1.3016315279957367,-0.3038147846343354,-0.09459608124599722,-0.28395455209570636,-1.2890894285421288,-0.91206497945382,-1.4033158746361503,0.18258581870474686,-1.0491519256192645,0.22154699834923625,-0.7295856932807645,-0.7103132622751377,0.2822882010853326,-0.256349802255392,-0.014616324170531894,-0.14978795931519553,-0.6117024956938033,0.8331384439475104,-0.19865122282396377,0.10172342124023218,-1.3335755867313497,-0.8923191832957856,-1.4483904863586867,-1.4096043758259342,-0.19509669569180985,0.1619510684786225,0.711455154272483,-1.7712687262459814,0.5286459525670115,2.430114660465563,-0.8211855920343484
-0.8186269460571199,-0.052297179916661773,0.06751702512130177,-0.431093049089088,-0.16033130880187396,-0.3692603863572581,0.16322927611795157,-0.06291218203322112,0.0671317062592873,0.31062017154474564,-0.3313993605797751,-0.5291772459844553,1.061831163280349,-0.4187174861864395,-0.2949999420353447,-0.6534950229967322,-0.26995627047757303,0.13832816760832034,0.3592365387664973,0.18144663247367857,-0.2578395016632307,-0.09698778264620356,-0.42439570542278554,-0.4228022028840312,-0.08785673311677471,-0.3656781393308495,0.1397637155913992,-0.17121156609583835,0.07620770091509509,-0.5908079355937709,-0.19865122282396377,0.2639151794368809,-0.31529080514801,0.40359212221734025,-0.2786992332638038,0.030138494539684386,0.43173584450075236,0.1310038018723537,1.143641901225667,0.21944589660121377,-0.5836218450547102,-0.84939007319874,0.4057155047208495,-0.5997877848782641
1.3848047915399282,-0.31565619162756564,1.1205159961044466,0.9349961929677941,0.004246732263341233,0.11938252032916528,-0.11171285213315038,0.10654739254213365,0.19912924125494647,-0.775257299882377,1.199283616877198,0.10418573660195947,-2.7733211766160784,1.6109396522667179,0.83621670367607,1.1913625934281342,0.7039392347469934,0.49886672911926244,-0.28821916065271064,0.3196330797692699,0.4917349404218231,0.7843945514400101,0.9529482793867224,1.0099204260466388,0.5467038613612655,0.4989154789070239,-0.0759840353770182,0.21846398348288665,-0.046626207931848754,1.386862937504541,0.10172342124023218,-0.31529080514801,0.6782270398840058,-0.049706705500536866,1.2189565304249506,0.8632990130274661,0.10346951935922664,-0.23358362000973498,-2.286238182746813,-0.7201573044425257,2.2486871527574244,1.3806986594589326,-2.2449430435802946,1.7477200351150937
-0.8727441599350942,-1.2608764992708918,3.5946114940956164,0.4840236265658567,-0.9580289490922491,-1.8498828207327949,0.5791933936680467,0.04265646303245843,1.1457072227788556,-0.4556735111903347,1.9958817581542732,-2.9732803639859506,-2.4874687417204666,2.447637988987915,0.6564326359129629,0.13187876546682403,0.5599421258883011,2.359025809183181,1.5283380495766983,2.421147300149521,-0.22652357183945024,1.9104731648625997,-0.14324211604741227,1.1810178456452949,1.2704911015503895,-0.5145884758796319,0.4931648703605329,-0.0592381803258392,0.27995308138124564,1.075825430158898,-1.3335755867313497,0.40359212221734025,-0.049706705500536866,2.362583406040057,1.7895390756856269,2.7043193307143176,2.63466720766306,0.27132626541122373,-0.3812109551423979,-1.2237782296616144,3.3567203758869026,-0.8516957093186821,-4.505949330952974,1.6471448208995192
1.9056601417812984,-1.5943841515534722,4.9551115190599875,2.1507478915696296,-0.7682220888417259,-1.2591115758238478,0.25573710789804643,0.2511052228334587,1.2931563161795538,-1.822073348770751,3.8600826191252757,-2.1912588583025685,-7.200000425984927,4.982856643625908,2.084400378841139,2.3470708997080845,1.7657772254902988,2.808512477671663,0.6894100713751485,2.5509140755211286,0.732462068070428,3.002908806732344,1.644199908012064,2.8562748510434077,2.05195404915548,0.5257885574912387,0.24548733704909115,0.37416175414427666,0.13228811666707066,3.480258609871548,-0.8923191832957856,-0.2786992332638038,1.2189565304249506,1.7895390756856269,3.7019236567690266,3.7788764064953826,2.2822225202780277,-0.22268081838829654,-4.608302639479796,-2.341269951720165,6.90539853594392,1.9160613284073844,-7.8252388458013336,4.587389960755323
0.9045511563600019,-1.9135855164147628,5.761656910666802,1.8758856866598501,-1.1459651635213493,-2.027038117183706,0.5356646304554095,0.2279359506123026,1.6296533829185125,-1.619955076160066,4.030975771202806,-3.3785649273630494,-6.774735753206102,5.124621463492997,1.9196918764940467,1.8003833854291567,1.6280601772780352,3.448066362355759,1.411061089086655,3.3163004029392122,0.4033428723618356,3.344774613362469,1.1128228119695018,2.799901587925925,2.2721016127360354,0.0785094090955847,0.46925509339675014,0.24381045476538146,0.2587933456203439,3.209768296724351,-1.4483904863586867,0.030138494539684386,0.8632990130274661,2.7043193307143176,3.7788764064953826,4.385729727246741,3.227286995005275,-0.014378648700040055,-3.632465561865432,-2.449015048784822,7.080828520491733,0.9180909952241465,-8.443452071934995,4.350034176500472
-0.6916990924456367,-1.4805278497640362,4.291756241721194,0.6820446132918024,-1.081314510409779,-2.0652562852325995,0.6445817265533696,0.05810496650202116,1.3051174809201154,-0.6659979256629605,2.4183841955754253,-3.317120542916652,-3.246508608266905,3.0496476660687466,0.9123663305697162,0.29458571481494866,0.7547855973080243,2.7441232810796516,1.6275502882804134,2.7303518310099655,-0.13627074869590286,2.2816629706833584,0.09339070176580407,1.4090209944008707,1.514139074008882,-0.5161656426716593,0.5600184394379761,-0.0770610773422212,0.31218400538818414,1.4054051160113146,-1.4096043758259342,0.43173584450075236,0.10346951935922664,2.63466720766306,2.2822225202780277,3.227286995005275,3.0316138656820963,0.2262952036794464,-0.8079816324841778,-1.4566459178643467,4.200417996533452,-0.7090400868556389,-5.483061389475506,2.1912955235100524
-0.5621024253644311,-0.030879299241703725,7.256828564539057e-4,-0.24281291613048842,-0.0862519022923564,-0.22026598652975715,0.08624512487426654,-0.04011493271966505,0.06109734324874536,0.21426855704194905,-0.16957927176774634,-0.3362728934398641,0.6153882006028885,-0.27442480104864864,-0.20751259852310333,-0.33672698036639304,-0.16444608378006728,0.0930371735818059,0.26456836936447803,0.16041909471661425,-0.1910242295973481,-0.05562718750395776,-0.34197329109592517,-0.16146783421645394,-0.047550305312785486,-0.1982158626192788,0.06985155085731673,-0.05952130176491368,0.044986318763260695,-0.3212861884121199,-0.19509669569180985,0.1310038018723537,-0.23358362000973498,0.27132626541122373,-0.22268081838829654,-0.014378648700040055,0.2262952036794464,0.12574568512689835,0.6916098048373973,0.08601146932148458,-0.3932156110919084,-0.538263554684245,0.27459024602207677,-0.3989479236099078
-4.672084680526577,1.3889747420554046,-4.6641351080232845,-3.554746323232418,0.22652840795014273,-0.0014872851375958916,0.2896773805049085,-0.46334054944666403,-1.0320982235650873,2.8549669898429006,-4.890284290779731,0.3617558913034028,10.63182908738387,-6.320625552321181,-3.0593425071710687,-4.467647983721219,-2.6422876211583675,-2.2853486576075586,0.5612845019429757,-1.8651676049390935,-1.6096433539824238,-3.276636653376636,-3.0944388505277303,-4.16982554920519,-2.3105217860003404,-1.731372318243584,0.2206100924799987,-0.9179295987821906,0.12757414734664954,-5.387709260839607,0.1619510684786225,1.143641901225667,-2.286238182746813,-0.3812109551423979,-4.608302639479796,-3.632465561865432,-0.8079816324841778,0.6916098048373973,8.380586967580234,3.00716163367411,-8.777202327662867,-4.759440609934855,9.074863415940577,-6.548128507051572
-1.1445914804641741,1.0444264520077742,-3.1933608506311315,-1.433693893434658,0.5146477205377551,0.8485450194590198,-0.1631471402993819,-0.18264725051583655,-0.88563695235943,1.1599436797299498,-2.5872253207659703,1.499770444411631,4.743888914980346,-3.2458571219181414,-1.3140415928895195,-1.5990823555566547,-1.1467884869524885,-1.8518998248088827,-0.5394911025891067,-1.772522451239321,-0.41720024043998155,-1.9847153705415117,-0.9223131874111457,-2.0029213855264185,-1.3699019708268234,-0.35970494953661697,-0.14190764878358508,-0.3090389030270213,-0.0835903374397852,-2.33680546086482,0.711455154272483,0.21944589660121377,-0.7201573044425257,-1.2237782296616144,-2.341269951720165,-2.449015048784822,-1.4566459178643467,0.08601146932148458,3.00716163367411,1.6057308518604942,-4.481681732117849,-1.2046081456464333,5.119534300568838,-2.942439650140543
3.5900288982245385,-2.983261514681054,9.245401782443455,4.112565079130308,-1.4572139834851259,-2.360140937208807,0.46693054995406597,0.5153043151054709,2.457396485916083,-3.4365950512915036,7.346617467729385,-4.130357460031664,-13.658834411060472,9.399260177075357,3.897870680428258,4.5190020608431505,3.3303592891750946,5.2575649998440905,1.3369442464635808,4.872048660151234,1.3450748047489198,5.673655005344007,2.9805498340476415,5.5196385363056955,3.899128382276009,1.0301271850156954,0.4279137353077572,0.7797241177076819,0.23258035694890453,6.659448659206994,-1.7712687262459814,-0.5836218450547102,2.2486871527574244,3.3567203758869026,6.90539853594392,7.080828520491733,4.200417996533452,-0.3932156110919084,-8.777202327662867,-4.481681732117849,13.011505972486212,3.6519686806125335,-14.759034325901315,8.621998874525731
3.1591823924948055,-0.2475962131128235,1.1281024546420442,1.8681171932580336,0.3033964975976516,0.8421627006281821,-0.43216595314958406,0.24879133210010418,0.08284019869094764,-1.4783067129607868,1.964596794674824,1.1429280942192022,-5.126241034113853,2.6141608806818417,1.5117730013202613,2.5598892963458635,1.3035457672130832,0.2770579715178134,-1.0357015509724206,-0.01456328164883555,1.0598529296861277,1.0605730710013082,1.9117849786518695,1.8983843744510849,0.7798285187979666,1.2495571605220221,-0.3495553443349344,0.5562354617516089,-0.20069613405540432,2.6734642125196886,0.5286459525670115,-0.84939007319874,1.3806986594589326,-0.8516957093186821,1.9160613284073844,0.9180909952241465,-0.7090400868556389,-0.538263554684245,-4.759440609934855,-1.2046081456464333,3.6519686806125335,3.1929284360515227,-3.30127848632017,3.118266903707369
-3.2308710746375158,3.6098985817935207,-11.04059177687265,-4.397059151424531,1.936212717218246,3.265606177345995,-0.7487439410788288,-0.5555927701262269,-3.029387696101431,3.6980626274996635,-8.387046652812788,5.590400991022036,15.002907659744343,-10.673152094554588,-4.249850861198964,-4.636680798394533,-3.632896570084086,-6.423386024001872,-2.077710869061016,-6.082602155406056,-1.2500239290541542,-6.647085902013273,-2.932136633768503,-6.150675133483301,-4.554207181641857,-0.7986441539926135,-0.6620757717181356,-0.7672395804140784,-0.3644254668197848,-7.259839340235942,2.430114660465563,0.4057155047208495,-2.2449430435802946,-4.505949330952974,-7.8252388458013336,-8.443452071934995,-5.483061389475506,0.27459024602207677,9.074863415940577,5.119534300568838,-14.759034325901315,-3.30127848632017,17.076006892895542,-9.499922604456449
3.0757664670240827,-1.7926397414478619,5.67402334378424,2.946944855998749,-0.7225945010045713,-1.0705458378470707,0.12496178037852491,0.3579945618708063,1.427179216175424,-2.441305159316035,4.822454232543111,-1.9809476411782827,-9.464151647597728,6.218649893595263,2.7286828507098426,3.406642360773611,2.3311161250003987,3.1087062141305615,0.41794425583192607,2.763080851483421,1.1227318031483735,3.5830800986987486,2.357194885735667,3.751908960285889,2.471138614006291,0.9936623855861437,0.13780585027421466,0.6123454604798093,0.07276553408023669,4.655625742872299,-0.8211855920343484,-0.5997877848782641,1.7477200351150937,1.6471448208995192,4.587389960755323,4.350034176500472,2.1912955235100524,-0.3989479236099078,-6.548128507051572,-2.942439650140543,8.621998874525731,3.118266903707369,-9.499922604456449,5.951529320229483
