V1,V2,V3,V4,V5,V6,V7,V8,V9,V10,V11,V12,V13,V14,V15,V16,V17,V18,V19,V20,V21,V22,V23,V24,V25,V26,V27,V28,V29,V30,V31,V32,V33,V34,V35,V36,V37,V38,V39,V40,V41,V42,V43,V44
5.859022767945424,1.560100366535089,-3.87315063495078,1.972885327051335,1.8811336634828442,4.023080633426789,-1.498447107906147,0.31507191508005883,-1.610412879243595,-1.4215258382747629,-0.17931523329364984,6.140770157645393,-3.59741820017388,0.037431797562442776,1.1584813133467697,3.501388234659332,1.0236712147843867,-3.2089143589900915,-3.765690919065604,-3.6621828389100637,1.834267897143994,-1.3863075092233559,2.902990188624008,0.9851586647009417,-0.8047112679240842,2.5806135169000703,-1.259437552306886,0.9135415388749166,-0.7062742442257313,2.2461569080114643,2.747869714016496,-1.8511743557780205,2.0200848736547963,-4.8116891700152244,-0.010465042536458384,-2.800891871719618,-5.049607748306599,-1.174231962680366,-6.267356782785612,0.0891671712940673,0.12457477697161494,5.880035467989989,2.091050171298904,1.9493009123251301
1.560100366535089,0.7445516239769904,-1.986682041499411,0.28615326498848753,0.7155952141793196,1.4629367222172962,-0.5133297849767035,0.05619668632705663,-0.7088451421281319,-0.17566599720107007,-0.6554914215030797,2.284970871150498,-0.03590649054500437,-0.7579510237726277,0.047130829947179306,0.7433613171866235,0.04694821229859161,-1.439397595939505,-1.3166998285202778,-1.5569715593248767,0.4800191547947728,-0.8899026619583036,0.6756853781418337,-0.1374276575083307,-0.5655833394383089,0.736857776194486,-0.4384822777336185,0.22981584530308216,-0.25266216371948447,0.16545441725838833,1.0099943741037103,-0.5428695934345174,0.4626079837290155,-1.798457998280527,-0.5617824607883128,-1.4680331346273876,-1.949226610117885,-0.3390905989852324,-1.2800288165279337,0.40155982678436847,-1.0101209403473368,1.5692417871032815,1.869390930021419,-0.08049289629518729
-3.87315063495078,-1.986682041499411,5.3601933885467705,-0.6045788768711007,-1.886052390314983,-3.824548604370707,1.3315103084856217,-0.11850299251327774,1.8937970099821118,0.3281652068983912,1.9117383395395426,-5.974923623791542,-0.3408184894382573,2.2357276205592607,-0.0018951683454941609,-1.7646750909595565,-0.028824349590942024,3.8416930041958777,3.3979609826616475,4.137106012616757,-1.178387544209844,2.4649233614961057,-1.6457060569051134,0.5221248295591423,1.5794144371025836,-1.8587577712218757,1.1299061247784656,-0.5562186275564827,0.6418366303432717,-0.21331575839542954,-2.643358388786859,1.3685323597178387,-1.1068658960240625,4.700133422572714,1.651626024169107,3.972184696158654,5.105259053778338,0.8481774427642035,2.985589562154032,-1.153007155535074,3.0029613550011196,-3.89119165128365,-5.250270030076605,0.47699852985728686
1.972885327051335,0.28615326498848753,-0.6045788768711007,0.8519986336930234,0.47722091262833705,1.0731034859640036,-0.42861656115096625,0.11938000858106339,-0.3386404654437351,-0.6265547992596947,0.3853173267817232,1.6106825514205332,-1.9084090313978654,0.5766282593468526,0.5911272431766348,1.335514583955065,0.5157784694947724,-0.6464091325023603,-1.040978681876503,-0.8070011247859092,0.6275942215968077,-0.07907737929589079,1.0584614234413163,0.6352475902744709,-0.015465211714076018,0.8454875792598223,-0.35092262257818885,0.3237455631658166,-0.1943231761814123,1.0814592797275902,0.7196211316812589,-0.5889834450147576,0.7418300123123883,-1.242846798178312,0.41258067772362184,-0.41576491160108786,-1.2679305066512794,-0.3735346486943225,-2.414567916182121,-0.24456299951962648,0.8155293512452775,1.990385063687002,-0.2470120497356737,1.1035868914443037
1.8811336634828442,0.7155952141793196,-1.886052390314983,0.47722091262833705,0.8172941147763771,1.6123107165808432,-0.5870902545186906,0.03465888933034325,-0.7117929788796992,-0.30898147614243526,-0.4718471462850976,2.4728370497737906,-0.5930285905824654,-0.5210002482991882,0.2097529219237123,1.0697674562817676,0.201103983491477,-1.4013441367469646,-1.4515352426788266,-1.6046735620198427,0.6037078345482172,-0.8116619265154947,0.9167611065839005,0.09468339459455452,-0.5211368952828891,0.9078740842940507,-0.48196105282666724,0.2930279756130659,-0.26492105266555266,0.4371654007261315,1.0845269840754554,-0.6502009456854183,0.6240212990926324,-1.9001990250325906,-0.3669736307467246,-1.4242709172177148,-2.0460383227631342,-0.3612818866843869,-1.7850742173422371,0.2623177132098042,-0.6829293803672247,1.9147909544464823,1.6030989174788115,0.25480856662914597
4.023080633426789,1.4629367222172962,-3.824548604370707,1.0731034859640036,1.6123107165808432,3.298383419337681,-1.1989447709521481,0.13766105197605571,-1.4590316243806454,-0.7104586894720403,-0.878368161912015,5.077696871638713,-1.3810060349651923,-0.9276760058221899,0.4941767119812488,2.237412088690152,0.4545918118176561,-2.9052002643509214,-2.9834692939374934,-3.264748608921642,1.2601243035843626,-1.616852669495445,1.924575627519586,0.2260421526003707,-1.0172639943519788,1.873220802252536,-0.9930824635819325,0.6163953879626591,-0.5511533869013164,1.0203805168198332,2.2477125491533734,-1.3447832706873275,1.316705369378336,-3.9444341531890643,-0.683817531476985,-2.8411316930049506,-4.2201533107525995,-0.8107384251696546,-3.849658764626699,0.5055068330069648,-1.2247664438033345,4.0622333043476715,3.095962721058075,0.6269425624704479
-1.498447107906147,-0.5133297849767035,1.3315103084856217,-0.42861656115096625,-0.5870902545186906,-1.1989447709521481,0.44921430830597753,-0.04674021275078056,0.5212652852576851,0.2862671758735888,0.26940948878959275,-1.846488436177214,0.6208425678224923,0.2640776587222324,-0.21578475475419368,-0.8731357345372432,-0.19990208609995672,1.019068773632082,1.0907881279301122,1.169106780984385,-0.4783779912991037,0.5515416093081393,-0.7368902234985393,-0.13484739627910103,0.3452799302748927,-0.706360019435648,0.36110334657305554,-0.2380181900762927,0.2035435931226725,-0.42934075097689006,-0.8100713488566014,0.49911472367319804,-0.5122080860689598,1.4225006670827791,0.19107611746316827,0.9926700799662006,1.5196000999579997,0.29647744401916803,1.4920937094877906,-0.15147190518590567,0.34929835959799604,-1.525178901274516,-1.0362199973079724,-0.30474255217012525
0.31507191508005883,0.05619668632705663,-0.11850299251327774,0.11938000858106339,0.03465888933034325,0.13766105197605571,-0.04674021275078056,0.057147301844021114,-0.05538365776062656,-0.1040897865386091,0.051847693801507645,0.21476022095023098,-0.23186363008812955,0.08669363164749233,0.0718381794496705,0.14997239402181284,0.05868911404009597,-0.13508256647912384,-0.15101350867074098,-0.11637980095227392,0.0833378200633547,-0.01725065323473261,0.12524422555777318,0.0556600081450723,0.010141426396500619,0.09805248282170165,-0.05141743298705284,0.04143785825977354,-0.03370427998619381,0.1546568909473586,0.11113923799430411,-0.07966585677646326,0.09420097275950164,-0.20527617146586816,0.04120603748748551,-0.05452345359223775,-0.19783382450815049,-0.08372509377885287,-0.34208908534151933,-0.02040350617743656,0.11683462885392774,0.29322511043281774,-0.05101217276305589,0.13686934911104676
-1.610412879243595,-0.7088451421281319,1.8937970099821118,-0.3386404654437351,-0.7117929788796992,-1.4590316243806454,0.5212652852576851,-0.05538365776062656,0.6958480140842406,0.2029614061051608,0.5889547202299952,-2.2676230031067277,0.17835539377745546,0.659765478714641,-0.09658355230752524,-0.806528445994157,-0.09940029797336541,1.393015774692763,1.3026358260816526,1.523546600211622,-0.4929044540459708,0.8488522046827663,-0.7265456664319347,0.07761569996646277,0.5389136422727746,-0.7624283658190375,0.43145235434539103,-0.23537169575765524,0.24245362149653252,-0.24091393886431348,-1.0056277092249843,0.5499418427026516,-0.49037210437140305,1.776640008948575,0.4877605652956394,1.3988898114575095,1.9114479624276108,0.3432780035239033,1.3792258286087797,-0.3457526935609882,0.887820127438218,-1.6201109725036311,-1.7354647182915877,-0.013262118296951269
-1.4215258382747629,-0.17566599720107007,0.3281652068983912,-0.6265547992596947,-0.30898147614243526,-0.7104586894720403,0.2862671758735888,-0.1040897865386091,0.2029614061051608,0.49523553666760567,-0.35872737901045426,-1.0617086163916118,1.475800610287843,-0.5147671157474307,-0.44304506370800245,-0.9678584312251137,-0.37760968410599405,0.4000158414608415,0.7254787037244957,0.5115648418374503,-0.4606417061446519,-0.012807061841409865,-0.7521498949211508,-0.5001142385943128,-0.04695955191883729,-0.5838436200745473,0.2440092974696862,-0.23970506267341743,0.14310939275283321,-0.8267483937471596,-0.47931266224586383,0.4181585371803321,-0.5498318389334598,0.8344225383115157,-0.35937232962145854,0.21788980648907702,0.8418608106236221,0.272544029262569,1.7858086592332876,0.20675425147548301,-0.7193073745755932,-1.4286562173364956,0.35596990970235665,-0.8659827489248374
-0.17931523329364984,-0.6554914215030797,1.9117383395395426,0.3853173267817232,-0.4718471462850976,-0.878368161912015,0.26940948878959275,0.051847693801507645,0.5889547202299952,-0.35872737901045426,1.1678728652285386,-1.426923240918919,-1.6503176762315066,1.4520548662851953,0.4494622492327245,0.24670670642180656,0.3748780709292747,1.2068322708637709,0.6892514598264722,1.2216530711421045,-0.028316885596487738,1.050249691995556,0.07591193765604097,0.730316479303868,0.7090233080806946,-0.17992934468737476,0.22370324665626956,0.008860794274820663,0.12536965253296625,0.7506006499131146,-0.6244720268254758,0.1434134679462628,0.08673544673830638,1.125385177061263,1.0563708949663084,1.4455084968636538,1.2839797719292079,0.0827491630590655,-0.5630486607540988,-0.7030967842562267,1.9910989015549547,-0.1801780486779343,-2.5615347260996595,1.0786349285427252
6.140770157645393,2.284970871150498,-5.974923623791542,1.6106825514205332,2.4728370497737906,5.077696871638713,-1.846488436177214,0.21476022095023098,-2.2676230031067277,-1.0617086163916118,-1.426923240918919,7.843047424847311,-1.9772092609620975,-1.5171832547285942,0.7204810207907906,3.382757531484132,0.6579392974506325,-4.519155217807707,-4.597882429420192,-5.06040673250121,1.9230282111788826,-2.5321566529821986,2.9186663494817475,0.2821358426945901,-1.595125299989453,2.863665027658268,-1.5304885168202826,0.94216660285452,-0.8576667703599105,1.4999459878359263,3.466449269741851,-2.0542534006172715,2.0020996768941246,-6.095811470283202,-1.119229523698322,-4.431144711037096,-6.532862160209117,-1.2497547926719432,-5.829414276173914,0.8377367817734284,-2.0024875763138295,6.206241753652331,4.909068176358923,0.8714121470867511
-3.59741820017388,-0.03590649054500437,-0.3408184894382573,-1.9084090313978654,-0.5930285905824654,-1.3810060349651923,0.6208425678224923,-0.23186363008812955,0.17835539377745546,1.475800610287843,-1.6503176762315066,-1.9772092609620975,4.977930584674436,-2.215871689695768,-1.4728290623816385,-2.7843784660698763,-1.276485628826681,0.25215002500887373,1.4878219245188047,0.5982774882579042,-1.2001305705497833,-0.6837276278856687,-2.0954197215742876,-1.8186848169659113,-0.5255467573886089,-1.4991246109534089,0.5066431513034055,-0.6352637193334387,0.2845854876976479,-2.6405209862294594,-0.8743169996727032,1.033361566019812,-1.5037115338738,1.4800396042129684,-1.626086865675932,-0.30791723556450273,1.4218060086820485,0.6150312690080711,5.065237982632235,1.0228225993110336,-3.1141575792731966,-3.656652100604805,2.4474158208144368,-2.974196697925347
0.037431797562442776,-0.7579510237726277,2.2357276205592607,0.5766282593468526,-0.5210002482991882,-0.9276760058221899,0.2640776587222324,0.08669363164749233,0.659765478714641,-0.5147671157474307,1.4520548662851953,-1.5171832547285942,-2.215871689695768,1.8414732955813893,0.621124410012012,0.46224009457872184,0.5247983620249196,1.3667635415922301,0.7069876875443422,1.3641981322853074,0.042366283414853344,1.2468162639369598,0.22643122948647648,0.9532976189421865,0.8525535859608508,-0.11424279653770217,0.23244339952062867,0.05051603389934704,0.12914304288242703,1.0468343067620047,-0.6566665164243013,0.10836220673668341,0.2050877219112175,1.1950300537258833,1.330837169743762,1.6992799393550664,1.3946135573003517,0.042976223307066116,-0.9835763302497572,-0.8749238860612052,2.504329822229064,0.03652542221305346,-3.12396363499425,1.4415643483771257
1.1584813133467697,0.047130829947179306,-0.0018951683454941609,0.5911272431766348,0.2097529219237123,0.4941767119812488,-0.21578475475419368,0.0718381794496705,-0.09658355230752524,-0.44304506370800245,0.4494622492327245,0.7204810207907906,-1.4728290623816385,0.621124410012012,0.4484854049987824,0.867342852215616,0.3891110105643578,-0.1592735622980358,-0.5019333499886053,-0.26599130178090935,0.37734125560481235,0.1450028172971212,0.6671104589738132,0.5280732470429258,0.1166812522468874,0.4856321407577057,-0.16940259021136334,0.1987551999089426,-0.09165503987969632,0.7964716311328085,0.32230679920380523,-0.3297916444334318,0.4719318471857851,-0.5400933766968541,0.452430363470136,0.01545878785968428,-0.5260088847558609,-0.20567948752115306,-1.5715161530018225,-0.2817237993806683,0.8630222781221323,1.1746804723565916,-0.6200974535577141,0.8763359652918268
3.501388234659332,0.7433613171866235,-1.7646750909595565,1.335514583955065,1.0697674562817676,2.237412088690152,-0.8731357345372432,0.14997239402181284,-0.806528445994157,-0.9678584312251137,0.24670670642180656,3.382757531484132,-2.7843784660698763,0.46224009457872184,0.867342852215616,2.306722366000321,0.7691838468833236,-1.5443902545836667,-2.118993033298699,-1.8918137059438842,1.1374511570632817,-0.5258065188798865,1.8487926119969837,0.8898251765139908,-0.2951415577742842,1.5770646068850596,-0.7082504583015061,0.5800491645820225,-0.3953562891206881,1.615504285040283,1.4871244136610233,-1.1065550372302413,1.298972395089082,-2.586650528986913,0.34439339772756594,-1.3011149676052767,-2.7052602001746084,-0.650633851747528,-4.049633363023004,-0.17676253036644665,0.6835624178004656,3.5615591420678747,0.544527664768856,1.56603771299146
1.0236712147843867,0.04694821229859161,-0.028824349590942024,0.5157784694947724,0.201103983491477,0.4545918118176561,-0.19990208609995672,0.05868911404009597,-0.09940029797336541,-0.37760968410599405,0.3748780709292747,0.6579392974506325,-1.276485628826681,0.5247983620249196,0.3891110105643578,0.7691838468833236,0.35056944145910324,-0.15459486225506425,-0.4544621237157206,-0.2542951484183384,0.33212979167241347,0.10952297215312183,0.5940340178223048,0.4572478983871084,0.09068634764524648,0.4420499338404102,-0.15141694464772568,0.17179261471369836,-0.07985488882056087,0.6914617320681327,0.2931562974639979,-0.2970895642759003,0.4124134438051457,-0.49403230968187234,0.3885874518910608,-0.004107230714188759,-0.47926534866925996,-0.17848055247303748,-1.3775765545983139,-0.251339297719822,0.7319127761406188,1.0387067998785255,-0.5031834714265747,0.7608606764436825
-3.2089143589900915,-1.439397595939505,3.8416930041958777,-0.6464091325023603,-1.4013441367469646,-2.9052002643509214,1.019068773632082,-0.13508256647912384,1.393015774692763,0.4000158414608415,1.2068322708637709,-4.519155217807707,0.25215002500887373,1.3667635415922301,-0.1592735622980358,-1.5443902545836667,-0.15459486225506425,2.8337089781135854,2.5968125836902707,3.0556132341988573,-0.9677234139462457,1.724579577669191,-1.4043436318357783,0.20680293620718584,1.087551641982565,-1.4830909877461695,0.8641188396384873,-0.46219131394908897,0.48577041553388617,-0.4408755513910043,-2.017846844185715,1.0876653831281982,-0.9516623135692099,3.5690682604323958,1.0313230922573704,2.8278341442521775,3.839658772820114,0.7006072449381519,2.687571335817787,-0.7290407242100402,1.846165623529464,-3.2055059119455462,-3.5147205316704024,0.04147871748867886
-3.765690919065604,-1.3166998285202778,3.3979609826616475,-1.040978681876503,-1.4515352426788266,-2.9834692939374934,1.0907881279301122,-0.15101350867074098,1.3026358260816526,0.7254787037244957,0.6892514598264722,-4.597882429420192,1.4878219245188047,0.7069876875443422,-0.5019333499886053,-2.118993033298699,-0.4544621237157206,2.5968125836902707,2.7532518127391867,2.9262659141638467,-1.1933557074056111,1.3799909412816396,-1.7997249197810699,-0.28612109208692676,0.8525779937781225,-1.7359512819505958,0.916630931600125,-0.5853356554654042,0.5238287018810036,-1.0402183071570266,-2.0314388461287667,1.2551655278459573,-1.2516924546616612,3.588241822350389,0.5204248484850842,2.5068688411577846,3.834372133548889,0.7612266979431375,3.697662807556366,-0.40840104236914226,0.9009094996530693,-3.8039285961501546,-2.608936163541727,-0.7147185598476151
-3.6621828389100637,-1.5569715593248767,4.137106012616757,-0.8070011247859092,-1.6046735620198427,-3.264748608921642,1.169106780984385,-0.11637980095227392,1.523546600211622,0.5115648418374503,1.2216530711421045,-5.06040673250121,0.5982774882579042,1.3641981322853074,-0.26599130178090935,-1.8918137059438842,-0.2542951484183384,3.0556132341988573,2.9262659141638467,3.378085769416064,-1.1378205320485462,1.8395348979120165,-1.6772532538265725,0.08058335017905131,1.1670780893202521,-1.726530671513607,0.970207605610129,-0.5490475162246357,0.5440959325382163,-0.6285508014970811,-2.242034099247099,1.2493485204343964,-1.1484686090130098,3.9490781260792733,1.0107258474760377,3.0802168060147865,4.25093688773833,0.7637511917214554,3.2240578699187727,-0.7279731670459972,1.8405311816798302,-3.693005993544304,-3.71654868931747,-0.15158612367751875
1.834267897143994,0.4800191547947728,-1.178387544209844,0.6275942215968077,0.6037078345482172,1.2601243035843626,-0.4783779912991037,0.0833378200633547,-0.4929044540459708,-0.4606417061446519,-0.028316885596487738,1.9230282111788826,-1.2001305705497833,0.042366283414853344,0.37734125560481235,1.1374511570632817,0.33212979167241347,-0.9677234139462457,-1.1933557074056111,-1.1378205320485462,0.5932483085753274,-0.4070203882615312,0.9279850844306339,0.34762759043582975,-0.23715832598231773,0.8244768916278715,-0.3979045396553523,0.29843340251622746,-0.22845321217421183,0.7263203643596641,0.8484291381629663,-0.5895547626744343,0.6573145044853373,-1.4894962232159872,0.029805131273885364,-0.8660196953894328,-1.5711711287543872,-0.3556922898067302,-2.009901131862828,0.014305568179213256,0.08856286536458326,1.8587749002482659,0.615700865152375,0.6560742762767774
-1.3863075092233559,-0.8899026619583036,2.4649233614961057,-0.07907737929589079,-0.8116619265154947,-1.616852669495445,0.5515416093081393,-0.01725065323473261,0.8488522046827663,-0.012807061841409865,1.050249691995556,-2.5321566529821986,-0.6837276278856687,1.2468162639369598,0.1450028172971212,-0.5258065188798865,0.10952297215312183,1.724579577669191,1.3799909412816396,1.8395348979120165,-0.4070203882615312,1.2193479609576041,-0.5466567999177946,0.42008432901468995,0.794469012678344,-0.6923322616694368,0.45477881119900115,-0.18491979382892426,0.24816196263677617,0.1770114524037934,-1.1267301818886095,0.5089076855992236,-0.35374929511506703,1.9860695079075124,0.924546237891452,1.8506085683807467,2.1687146185373165,0.3155271874531594,0.8201369324139075,-0.6271876512803224,1.7211396817217113,-1.3877326506383234,-2.6620892291417557,0.5275053304591326
2.902990188624008,0.6756853781418337,-1.6457060569051134,1.0584614234413163,0.9167611065839005,1.924575627519586,-0.7368902234985393,0.12524422555777318,-0.7265456664319347,-0.7521498949211508,0.07591193765604097,2.9186663494817475,-2.0954197215742876,0.22643122948647648,0.6671104589738132,1.8487926119969837,0.5940340178223048,-1.4043436318357783,-1.7997249197810699,-1.6772532538265725,0.9279850844306339,-0.5466567999177946,1.5121990982382045,0.6360055068869481,-0.32024997286384754,1.305867215664926,-0.6003458191725995,0.4645034095869685,-0.3301243949607117,1.2441875265957154,1.294674363400229,-0.9167500639004976,1.0460850238131736,-2.2439758916969783,0.16960188239345358,-1.2077752951460954,-2.3483262632423534,-0.5515910731615806,-3.2510138415785863,-0.07272982590775258,0.35052222169008557,2.9385392297500488,0.7083677448889015,1.1636539865985647
0.9851586647009417,-0.1374276575083307,0.5221248295591423,0.6352475902744709,0.09468339459455452,0.2260421526003707,-0.13484739627910103,0.0556600081450723,0.07761569996646277,-0.5001142385943128,0.730316479303868,0.2821358426945901,-1.8186848169659113,0.9532976189421865,0.5280732470429258,0.8898251765139908,0.4572478983871084,0.20680293620718584,-0.28612109208692676,0.08058335017905131,0.34762759043582975,0.42008432901468995,0.6360055068869481,0.7100621631611725,0.29567904847075055,0.4089123068761926,-0.0990749255204472,0.19308604648032843,-0.05306469680252882,0.9286243221648629,0.11622986896824113,-0.272250727541437,0.46697480718350576,-0.17621912961113245,0.7043279672670766,0.3868922574259418,-0.13257215786182633,-0.14149000080356783,-1.5938564718226973,-0.453148676454239,1.3210851519720892,1.0186102076648478,-1.2441234595032626,1.1059686220311988
-0.8047112679240842,-0.5655833394383089,1.5794144371025836,-0.015465211714076018,-0.5211368952828891,-1.0172639943519788,0.3452799302748927,0.010141426396500619,0.5389136422727746,-0.04695955191883729,0.7090233080806946,-1.595125299989453,-0.5255467573886089,0.8525535859608508,0.1166812522468874,-0.2951415577742842,0.09068634764524648,1.087551641982565,0.8525779937781225,1.1670780893202521,-0.23715832598231773,0.794469012678344,-0.32024997286384754,0.29567904847075055,0.5286230708390587,-0.42390926298487513,0.28151359164626266,-0.10604390293374585,0.1500806917311606,0.16881396581901859,-0.7040183205958072,0.3070794512205889,-0.19706292182503946,1.2355039013356903,0.6219042306844254,1.1968127615713176,1.3600266627464384,0.1783732813249889,0.42218887491162865,-0.41908289346661404,1.1707400352077222,-0.8136160632343362,-1.7704691995897144,0.3948307604207094
2.5806135169000703,0.736857776194486,-1.8587577712218757,0.8454875792598223,0.9078740842940507,1.873220802252536,-0.706360019435648,0.09805248282170165,-0.7624283658190375,-0.5838436200745473,-0.17992934468737476,2.863665027658268,-1.4991246109534089,-0.11424279653770217,0.4856321407577057,1.5770646068850596,0.4420499338404102,-1.4830909877461695,-1.7359512819505958,-1.726530671513607,0.8244768916278715,-0.6923322616694368,1.305867215664926,0.4089123068761926,-0.42390926298487513,1.1927310317899975,-0.5790628774468659,0.41007512651820316,-0.32419420450949865,0.9327235151555647,1.2588500771438498,-0.8426930580754735,0.899173488097281,-2.208056840156308,-0.07311968894470804,-1.3682236117099604,-2.340363597577329,-0.49787411309634805,-2.742972617617573,0.08232915727579387,-0.10570798042828011,2.6196090338066784,1.169878220817855,0.7952079455795826
-1.259437552306886,-0.4384822777336185,1.1299061247784656,-0.35092262257818885,-0.48196105282666724,-0.9930824635819325,0.36110334657305554,-0.05141743298705284,0.43145235434539103,0.2440092974696862,0.22370324665626956,-1.5304885168202826,0.5066431513034055,0.23244339952062867,-0.16940259021136334,-0.7082504583015061,-0.15141694464772568,0.8641188396384873,0.916630931600125,0.970207605610129,-0.3979045396553523,0.45477881119900115,-0.6003458191725995,-0.0990749255204472,0.28151359164626266,-0.5790628774468659,0.3067678428503288,-0.19586833017932725,0.17484285238441769,-0.35158698370422464,-0.6756223372453014,0.4200057680209728,-0.4160272951363428,1.194801901662446,0.17150111444321148,0.8320540098252945,1.2788324745119948,0.25427600684676177,1.2392253233320412,-0.13355872078267503,0.2916972598957934,-1.2714460631385638,-0.8600304981164131,-0.2418353942977361
0.9135415388749166,0.22981584530308216,-0.5562186275564827,0.3237455631658166,0.2930279756130659,0.6163953879626591,-0.2380181900762927,0.04143785825977354,-0.23537169575765524,-0.23970506267341743,0.008860794274820663,0.94216660285452,-0.6352637193334387,0.05051603389934704,0.1987551999089426,0.5800491645820225,0.17179261471369836,-0.46219131394908897,-0.5853356554654042,-0.5490475162246357,0.29843340251622746,-0.18491979382892426,0.4645034095869685,0.19308604648032843,-0.10604390293374585,0.41007512651820316,-0.19586833017932725,0.15497302871781768,-0.11426519102462274,0.380659754350202,0.4115182363938028,-0.2925650678856513,0.33583322038175867,-0.7251727967356217,0.03345748579293205,-0.41168534037484894,-0.7668670487477192,-0.17617477692976172,-1.0230735357948444,-0.0021243228607128154,0.07944039312548563,0.9309112043079987,0.26401943667050676,0.34979354142917407
-0.7062742442257313,-0.25266216371948447,0.6418366303432717,-0.1943231761814123,-0.26492105266555266,-0.5511533869013164,0.2035435931226725,-0.03370427998619381,0.24245362149653252,0.14310939275283321,0.12536965253296625,-0.8576667703599105,0.2845854876976479,0.12914304288242703,-0.09165503987969632,-0.3953562891206881,-0.07985488882056087,0.48577041553388617,0.5238287018810036,0.5440959325382163,-0.22845321217421183,0.24816196263677617,-0.3301243949607117,-0.05306469680252882,0.1500806917311606,-0.32419420450949865,0.17484285238441769,-0.11426519102462274,0.10680132068422779,-0.19638847405120902,-0.37421252544947087,0.2373302426958871,-0.2380311073540512,0.6733412356779072,0.09501575463738088,0.46826767747892756,0.7235384265177692,0.14636967637808132,0.703256890164231,-0.08237678643059257,0.15593442435333046,-0.7171378959626605,-0.48282221281549226,-0.13686434364452235
2.2461569080114643,0.16545441725838833,-0.21331575839542954,1.0814592797275902,0.4371654007261315,1.0203805168198332,-0.42934075097689006,0.1546568909473586,-0.24091393886431348,-0.8267483937471596,0.7506006499131146,1.4999459878359263,-2.6405209862294594,1.0468343067620047,0.7964716311328085,1.615504285040283,0.6914617320681327,-0.4408755513910043,-1.0402183071570266,-0.6285508014970811,0.7263203643596641,0.1770114524037934,1.2441875265957154,0.9286243221648629,0.16881396581901859,0.9327235151555647,-0.35158698370422464,0.380659754350202,-0.19638847405120902,1.4491071710644707,0.6746569449282667,-0.6495338076464983,0.8894308092110916,-1.1561429481192926,0.7502742759315213,-0.11622164115197658,-1.14302981699264,-0.412034226679755,-2.951951805987186,-0.46401799706884367,1.4587957261801443,2.265222177297856,-0.9505976259692913,1.5626116164820427
2.747869714016496,1.0099943741037103,-2.643358388786859,0.7196211316812589,1.0845269840754554,2.2477125491533734,-0.8100713488566014,0.11113923799430411,-1.0056277092249843,-0.47931266224586383,-0.6244720268254758,3.466449269741851,-0.8743169996727032,-0.6566665164243013,0.32230679920380523,1.4871244136610233,0.2931562974639979,-2.017846844185715,-2.0314388461287667,-2.242034099247099,0.8484291381629663,-1.1267301818886095,1.294674363400229,0.11622986896824113,-0.7040183205958072,1.2588500771438498,-0.6756223372453014,0.4115182363938028,-0.37421252544947087,0.6746569449282667,1.5470282873904357,-0.9070767706599266,0.8839193937290156,-2.710863533291678,-0.4954484420379919,-1.9523757752308524,-2.8922341742295283,-0.5674508753543359,-2.5885711150593145,0.36715772326966417,-0.8778148824658866,2.7590108546621246,2.146221548027118,0.38912570152016984
-1.8511743557780205,-0.5428695934345174,1.3685323597178387,-0.5889834450147576,-0.6502009456854183,-1.3447832706873275,0.49911472367319804,-0.07966585677646326,0.5499418427026516,0.4181585371803321,0.1434134679462628,-2.0542534006172715,1.033361566019812,0.10836220673668341,-0.3297916444334318,-1.1065550372302413,-0.2970895642759003,1.0876653831281982,1.2551655278459573,1.2493485204343964,-0.5895547626744343,0.5089076855992236,-0.9167500639004976,-0.272250727541437,0.3070794512205889,-0.8426930580754735,0.4200057680209728,-0.2925650678856513,0.2373302426958871,-0.6495338076464983,-0.9070767706599266,0.6061268913845563,-0.6358640905448635,1.5980676890023937,0.07798831428586443,1.0034404805475852,1.694773140063896,0.362297277860928,1.944742397725586,-0.07471408448851379,0.1087163059586412,-1.870310580061334,-0.8659054346922287,-0.543287901228921
2.0200848736547963,0.4626079837290155,-1.1068658960240625,0.7418300123123883,0.6240212990926324,1.316705369378336,-0.5122080860689598,0.09420097275950164,-0.49037210437140305,-0.5498318389334598,0.08673544673830638,2.0020996768941246,-1.5037115338738,0.2050877219112175,0.4719318471857851,1.298972395089082,0.4124134438051457,-0.9516623135692099,-1.2516924546616612,-1.1484686090130098,0.6573145044853373,-0.35374929511506703,1.0460850238131736,0.46697480718350576,-0.19706292182503946,0.899173488097281,-0.4160272951363428,0.33583322038175867,-0.2380311073540512,0.8894308092110916,0.8839193937290156,-0.6358640905448635,0.7493268714031511,-1.5408669832568045,0.1439659246142663,-0.8173181925997522,-1.612902201579957,-0.38676594865204783,-2.2959685154880023,-0.0535764779449726,0.2962022749468672,2.051415281490083,0.4262085904291037,0.8443421753409369
-4.8116891700152244,-1.798457998280527,4.700133422572714,-1.242846798178312,-1.9001990250325906,-3.9444341531890643,1.4225006670827791,-0.20527617146586816,1.776640008948575,0.8344225383115157,1.125385177061263,-6.095811470283202,1.4800396042129684,1.1950300537258833,-0.5400933766968541,-2.586650528986913,-0.49403230968187234,3.5690682604323958,3.588241822350389,3.9490781260792733,-1.4894962232159872,1.9860695079075124,-2.2439758916969783,-0.17621912961113245,1.2355039013356903,-2.208056840156308,1.194801901662446,-0.7251727967356217,0.6733412356779072,-1.1561429481192926,-2.710863533291678,1.5980676890023937,-1.5408669832568045,4.780561322005487,0.8992914681045533,3.456785798771524,5.109265957535416,1.0008893148467322,4.521953353267149,-0.6682282474597788,1.5785820785347788,-4.835363777546752,-3.8282157331894124,-0.6458927271549089
-0.010465042536458384,-0.5617824607883128,1.651626024169107,0.41258067772362184,-0.3669736307467246,-0.683817531476985,0.19107611746316827,0.04120603748748551,0.4877605652956394,-0.35937232962145854,1.0563708949663084,-1.119229523698322,-1.626086865675932,1.330837169743762,0.452430363470136,0.34439339772756594,0.3885874518910608,1.0313230922573704,0.5204248484850842,1.0107258474760377,0.029805131273885364,0.924546237891452,0.16960188239345358,0.7043279672670766,0.6219042306844254,-0.07311968894470804,0.17150111444321148,0.03345748579293205,0.09501575463738088,0.7502742759315213,-0.4954484420379919,0.07798831428586443,0.1439659246142663,0.8992914681045533,0.9822042160337192,1.2480524542772882,1.037967911520723,0.05172284352250552,-0.6985084283701849,-0.6476841094655887,1.832490058017874,0.0030201235070720575,-2.269172526165026,1.0544903426067451
-2.800891871719618,-1.4680331346273876,3.972184696158654,-0.41576491160108786,-1.4242709172177148,-2.8411316930049506,0.9926700799662006,-0.05452345359223775,1.3988898114575095,0.21788980648907702,1.4455084968636538,-4.431144711037096,-0.30791723556450273,1.6992799393550664,0.01545878785968428,-1.3011149676052767,-0.004107230714188759,2.8278341442521775,2.5068688411577846,3.0802168060147865,-0.8660196953894328,1.8506085683807467,-1.2077752951460954,0.3868922574259418,1.1968127615713176,-1.3682236117099604,0.8320540098252945,-0.41168534037484894,0.46826767747892756,-0.11622164115197658,-1.9523757752308524,1.0034404805475852,-0.8173181925997522,3.456785798771524,1.2480524542772882,2.9786427922396177,3.7669134324759073,0.5979047887462335,2.141946815109432,-0.8722916242056777,2.298409263170605,-2.8309929084905194,-3.9593481680169877,0.38703444522473274
-5.049607748306599,-1.949226610117885,5.105259053778338,-1.2679305066512794,-2.0460383227631342,-4.2201533107525995,1.5196000999579997,-0.19783382450815049,1.9114479624276108,0.8418608106236221,1.2839797719292079,-6.532862160209117,1.4218060086820485,1.3946135573003517,-0.5260088847558609,-2.7052602001746084,-0.47926534866925996,3.839658772820114,3.834372133548889,4.25093688773833,-1.5711711287543872,2.1687146185373165,-2.3483262632423534,-0.13257215786182633,1.3600266627464384,-2.340363597577329,1.2788324745119948,-0.7668670487477192,0.7235384265177692,-1.14302981699264,-2.8922341742295283,1.694773140063896,-1.612902201579957,5.109265957535416,1.037967911520723,3.7669134324759073,5.48287144146066,1.0462401246469626,4.699603429552852,-0.7682099376438694,1.8344683964902817,-5.08839915371066,-4.2602351364146,-0.5835808120712843
-1.174231962680366,-0.3390905989852324,0.8481774427642035,-0.3735346486943225,-0.3612818866843869,-0.8107384251696546,0.29647744401916803,-0.08372509377885287,0.3432780035239033,0.272544029262569,0.0827491630590655,-1.2497547926719432,0.6150312690080711,0.042976223307066116,-0.20567948752115306,-0.650633851747528,-0.17848055247303748,0.7006072449381519,0.7612266979431375,0.7637511917214554,-0.3556922898067302,0.3155271874531594,-0.5515910731615806,-0.14149000080356783,0.1783732813249889,-0.49787411309634805,0.25427600684676177,-0.17617477692976172,0.14636967637808132,-0.412034226679755,-0.5674508753543359,0.362297277860928,-0.38676594865204783,1.0008893148467322,0.05172284352250552,0.5979047887462335,1.0462401246469626,0.25404715773033293,1.2047915791128925,-0.05548417442571253,0.05085443004127969,-1.1647746135140762,-0.49845735619144127,-0.32759627612740866
-6.267356782785612,-1.2800288165279337,2.985589562154032,-2.414567916182121,-1.7850742173422371,-3.849658764626699,1.4920937094877906,-0.34208908534151933,1.3792258286087797,1.7858086592332876,-0.5630486607540988,-5.829414276173914,5.065237982632235,-0.9835763302497572,-1.5715161530018225,-4.049633363023004,-1.3775765545983139,2.687571335817787,3.697662807556366,3.2240578699187727,-2.009901131862828,0.8201369324139075,-3.2510138415785863,-1.5938564718226973,0.42218887491162865,-2.742972617617573,1.2392253233320412,-1.0230735357948444,0.703256890164231,-2.951951805987186,-2.5885711150593145,1.944742397725586,-2.2959685154880023,4.521953353267149,-0.6985084283701849,2.141946815109432,4.699603429552852,1.2047915791128925,7.260361404650295,0.36158869166093915,-1.44344365892824,-6.330438514967058,-0.6556938967796989,-2.865294960986804
0.0891671712940673,0.40155982678436847,-1.153007155535074,-0.24456299951962648,0.2623177132098042,0.5055068330069648,-0.15147190518590567,-0.02040350617743656,-0.3457526935609882,0.20675425147548301,-0.7030967842562267,0.8377367817734284,1.0228225993110336,-0.8749238860612052,-0.2817237993806683,-0.17676253036644665,-0.251339297719822,-0.7290407242100402,-0.40840104236914226,-0.7279731670459972,0.014305568179213256,-0.6271876512803224,-0.07272982590775258,-0.453148676454239,-0.41908289346661404,0.08232915727579387,-0.13355872078267503,-0.0021243228607128154,-0.08237678643059257,-0.46401799706884367,0.36715772326966417,-0.07471408448851379,-0.0535764779449726,-0.6682282474597788,-0.6476841094655887,-0.8722916242056777,-0.7682099376438694,-0.05548417442571253,0.36158869166093915,0.44896056594915684,-1.2055383053548667,0.08903969736506635,1.53701711189599,-0.6667465941432295
0.12457477697161494,-1.0101209403473368,3.0029613550011196,0.8155293512452775,-0.6829293803672247,-1.2247664438033345,0.34929835959799604,0.11683462885392774,0.887820127438218,-0.7193073745755932,1.9910989015549547,-2.0024875763138295,-3.1141575792731966,2.504329822229064,0.8630222781221323,0.6835624178004656,0.7319127761406188,1.846165623529464,0.9009094996530693,1.8405311816798302,0.08856286536458326,1.7211396817217113,0.35052222169008557,1.3210851519720892,1.1707400352077222,-0.10570798042828011,0.2916972598957934,0.07944039312548563,0.15593442435333046,1.4587957261801443,-0.8778148824658866,0.1087163059586412,0.2962022749468672,1.5785820785347788,1.832490058017874,2.298409263170605,1.8344683964902817,0.05085443004127969,-1.44344365892824,-1.2055383053548667,3.4633441985715043,0.13125797204464415,-4.251833135175115,2.0068682587511764
5.880035467989989,1.5692417871032815,-3.89119165128365,1.990385063687002,1.9147909544464823,4.0622333043476715,-1.525178901274516,0.29322511043281774,-1.6201109725036311,-1.4286562173364956,-0.1801780486779343,6.206241753652331,-3.656652100604805,0.03652542221305346,1.1746804723565916,3.5615591420678747,1.0387067998785255,-3.2055059119455462,-3.8039285961501546,-3.693005993544304,1.8587749002482659,-1.3877326506383234,2.9385392297500488,1.0186102076648478,-0.8136160632343362,2.6196090338066784,-1.2714460631385638,0.9309112043079987,-0.7171378959626605,2.265222177297856,2.7590108546621246,-1.870310580061334,2.051415281490083,-4.835363777546752,0.0030201235070720575,-2.8309929084905194,-5.08839915371066,-1.1647746135140762,-6.330438514967058,0.08903969736506635,0.13125797204464415,5.927019551390427,2.126046373183199,1.9809685438066553
2.091050171298904,1.869390930021419,-5.250270030076605,-0.2470120497356737,1.6030989174788115,3.095962721058075,-1.0362199973079724,-0.05101217276305589,-1.7354647182915877,0.35596990970235665,-2.5615347260996595,4.909068176358923,2.4474158208144368,-3.12396363499425,-0.6200974535577141,0.544527664768856,-0.5031834714265747,-3.5147205316704024,-2.608936163541727,-3.71654868931747,0.615700865152375,-2.6620892291417557,0.7083677448889015,-1.2441234595032626,-1.7704691995897144,1.169878220817855,-0.8600304981164131,0.26401943667050676,-0.48282221281549226,-0.9505976259692913,2.146221548027118,-0.8659054346922287,0.4262085904291037,-3.8282157331894124,-2.269172526165026,-3.9593481680169877,-4.2602351364146,-0.49845735619144127,-0.6556938967796989,1.53701711189599,-4.251833135175115,2.126046373183199,6.153817103396719,-1.728833004393873
1.9493009123251301,-0.08049289629518729,0.47699852985728686,1.1035868914443037,0.25480856662914597,0.6269425624704479,-0.30474255217012525,0.13686934911104676,-0.013262118296951269,-0.8659827489248374,1.0786349285427252,0.8714121470867511,-2.974196697925347,1.4415643483771257,0.8763359652918268,1.56603771299146,0.7608606764436825,0.04147871748867886,-0.7147185598476151,-0.15158612367751875,0.6560742762767774,0.5275053304591326,1.1636539865985647,1.1059686220311988,0.3948307604207094,0.7952079455795826,-0.2418353942977361,0.34979354142917407,-0.13686434364452235,1.5626116164820427,0.38912570152016984,-0.543287901228921,0.8443421753409369,-0.6458927271549089,1.0544903426067451,0.38703444522473274,-0.5835808120712843,-0.32759627612740866,-2.865294960986804,-0.6667465941432295,2.0068682587511764,1.9809685438066553,-1.728833004393873,1.7978470411092655
