V1,V2,V3,V4,V5,V6,V7,V8,V9,V10,V11,V12,V13,V14,V15,V16,V17,V18,V19,V20,V21,V22,V23,V24,V25,V26,V27,V28,V29,V30,V31,V32,V33,V34,V35,V36,V37,V38,V39,V40,V41,V42,V43,V44
1.5304743914086758,0.3263845112177299,0.2560749073666516,0.550542346433904,0.6888029484454328,0.6226098425415934,0.055232659085361145,0.6796646854713461,0.003531443357239772,-0.985071561602608,0.06719066134308276,0.710796901528204,-1.3470832529601167,1.1101964216610967,0.6633276044729874,1.2421017861495576,1.0874721605420405,-0.44614138069911263,-0.8279520156104777,-0.35960864753056654,0.4351956765477953,-0.11969713124412139,0.7823644565768866,0.4884178986853151,-0.06633168070993058,0.45838728525104405,0.1647732509435984,0.17649496996912217,-0.01547022773433243,0.7203324120178308,0.6002804703206096,-0.35558266041651077,0.5482923108624816,-1.2094995124021561,0.8303686448106298,-0.4575210422739769,-0.653955990414063,-0.2393175280284221,-1.5396010075298565,-0.1684276359478394,1.077854111302509,1.808946043628357,-0.7947313044709412,1.3628899130341874
0.3263845112177299,0.6889880582278505,-0.2843861230961174,-0.29403170810548546,0.9121614994426476,0.3959934027322596,0.40020054175495157,1.0050011494025333,0.021343780181865286,-0.6502507601997121,-1.0964550470307761,0.27409005588214597,1.0795315063069015,0.16101873795714836,0.06356274270992306,0.4268732407576696,0.956264895305132,-0.858430844804921,-0.5801280235610564,-0.4240736323763136,-0.04537792394460409,-0.8315806892618506,-0.12976190107055494,-0.297513153165489,-0.564084690536834,-0.06617050482315932,0.5037209099129067,-0.017424441751530923,0.10477354721779708,-0.5022380560267812,0.4886865168437986,-0.05494144072827823,-0.08625756939500867,-1.3512301646040406,0.08268558857765161,-1.3331172230242938,-0.5943029988312137,0.023659879600771174,0.6048072817475559,0.42723919801332566,-0.5702232058669952,0.8268688014336281,0.7585816611603138,0.18305274102855867
0.2560749073666516,-0.2843861230961174,3.1900256170268095,0.3393662176377333,0.39372089355604095,-1.0261305428908447,1.0163250311842762,1.4313891015298155,1.0714129059993476,-1.5802958430426854,0.6482901149334301,-2.1480784050049864,-1.6640586947213725,2.9505568842215006,0.9903420693269511,1.0576887338142582,2.031728741505594,1.0561070467308549,0.39100899918505044,1.5815385304861964,-0.042837206696507237,0.804480664102144,0.1423491406450512,0.8864194509616018,0.5229972293515012,-0.3853556748543774,1.0981313922952274,-0.046825630615765126,0.37557259410045757,0.7163553524992378,-0.37144343738355295,0.19777467446944738,0.13437051198926728,0.17758895846275352,2.1594427187698124,0.8861374812457044,1.5602307382299079,0.1343393907989065,-0.3299401330704637,-0.6927997313733678,2.987467207742125,0.8987953173677261,-3.726634604595256,2.3420325067635273
0.550542346433904,-0.29403170810548546,0.3393662176377333,0.5295334400989391,-0.25195264609403994,0.039268888143086496,-0.23419782633268332,-0.28091320924748614,0.02648733041990426,-0.09288222751919838,0.8354968964886362,0.13053056005188876,-1.523064886336662,0.5257264217581262,0.3001836239018145,0.447059863985683,-0.03409784961595288,0.364887992908752,0.008274737053292635,0.1862496893520132,0.22540164056014694,0.5296477155153589,0.4142605228097909,0.5735067999345871,0.37692896731633235,0.3067874167934841,-0.2535269682993939,0.15236119782152036,-0.07928352391663668,0.7897698105574446,-0.09878493792436537,-0.18144403390299607,0.3058757805182654,0.297002237148475,0.3731234490188062,0.6596207502650595,0.039575634246637674,-0.10532935634054727,-1.26085793561715,-0.4447168298250695,0.9994339841360346,0.407413805217888,-0.999300005108137,0.6120243575010884
0.6888029484454328,0.9121614994426476,0.39372089355604095,-0.25195264609403994,1.4224990433208609,0.37387147115705893,0.7936665341362938,1.7948408525970896,0.2858135651829857,-1.3816999547857058,-1.327831755313719,-0.04895855038290437,0.9088988100278329,1.0546070719996068,0.39878961915215144,0.9907913128881158,1.9163526695165718,-0.9766249224016341,-0.7972930350460505,-0.2432450707447851,-0.02160021611906893,-0.9575443860226178,-0.056993022937551846,-0.1256315739503088,-0.6525509163569171,-0.12476044939646896,0.9657157828946532,-0.008574767110522415,0.22943681316643716,-0.4215704340462146,0.6446391920476827,-0.0739311993872402,-0.02192462114479398,-1.948260329421323,0.7194749804539144,-1.6691902262753495,-0.527131825369566,0.03839904094969691,0.5565404563838098,0.3941356515032667,0.0589941435866842,1.5618203048243071,0.05414067378763437,0.9687710594624152
0.6226098425415934,0.3959934027322596,-1.0261305428908447,0.039268888143086496,0.37387147115705893,0.6951974600295037,-0.21748996088966738,0.04755255472637818,-0.35102594748555055,-0.036402509682260886,-0.45669504900973495,1.0742154890996554,0.26986516356213786,-0.48793690667134987,-0.04196364803897335,0.2573964802413338,7.95696359089114e-4,-0.7467526943346956,-0.6111786710125183,-0.7812650124943811,0.18105536805648875,-0.5232912054062252,0.24327336122106522,-0.17078599552052565,-0.3408946575234901,0.2976348740011863,-0.1738738832306313,0.08219375952831073,-0.10510504271398652,-0.06802321804998253,0.49140597510809064,-0.22198108311372766,0.16094406807194475,-0.8853151036870757,-0.35927878337203506,-0.8083059086584324,-0.9308235376951319,-0.1379969422978714,-0.370508988979989,0.26812646476536744,-0.6960556744823774,0.6432487265041217,1.1006689245063677,-0.1772808633008745
0.055232659085361145,0.40020054175495157,1.0163250311842762,-0.23419782633268332,0.7936665341362938,-0.21748996088966738,0.7514189909123175,1.3012837058270383,0.45607820198890214,-0.9936646595433792,-0.6884573469212993,-0.8001887496629531,0.5381476046879972,1.111824859006756,0.31969152524519495,0.5270067676872103,1.4181763573208777,-0.2055135179230069,-0.1577601599925809,0.36310656724483004,-0.14881214680354496,-0.35639556458246513,-0.21682889300851377,-0.0032087501874415694,-0.2570200425488097,-0.318437333068208,0.850059509634832,-0.07616706762325373,0.2493766572433449,-0.29493935429452756,0.14059796143861517,0.11543495462490672,-0.1352324663658523,-0.8232298680545735,0.7799749716949927,-0.6778810559630771,0.27699648844254515,0.1246714801675976,0.7208709211977848,0.12053520388796267,0.5054177466636116,0.6857240452181985,-0.711617803041788,0.8253064562408575
0.6796646854713461,1.0050011494025333,1.4313891015298155,-0.28091320924748614,1.7948408525970896,0.04755255472637818,1.3012837058270383,2.603555746362206,0.7025902198575366,-2.0626923945366284,-1.455954110606405,-0.8591262186815162,0.8193309004303948,2.069859055243014,0.693831714081193,1.4036251603220604,2.873107455107734,-0.8281569300457845,-0.7184126061678601,0.2766414414375669,-0.1313511741196906,-0.9294747530351701,-0.1964514994974146,0.08626045456871294,-0.6384321479005598,-0.33962440433937896,1.5243535248869704,-0.03182199008248852,0.4081059580068202,-0.3936600502432819,0.5603156852428282,0.012817358429345444,-0.09717683789051272,-2.1898801042000784,1.4220019579979373,-1.7533294050642383,-0.0885268083799029,0.14392393162678432,0.8327852932555141,0.27865828438228024,0.8272308478411756,1.9498592944740327,-0.9696560075893076,1.7163070267951703
0.003531443357239772,0.021343780181865286,1.0714129059993476,0.02648733041990426,0.2858135651829857,-0.35102594748555055,0.45607820198890214,0.7025902198575366,0.4183983677158975,-0.6377542790283812,0.020715936172220697,-0.8167224842560009,-0.28649708921256317,1.029836161032756,0.30428749949635653,0.41140567908542036,0.8653003315451444,0.24207369346912258,0.11615847004285673,0.5592285522610437,-0.08420304701963033,0.1317937985897338,-0.10363842664223481,0.2801306475946834,0.08770217868514685,-0.18853145302934185,0.493096668726547,-0.00621180505813682,0.15987433391090528,0.12222713913021421,-0.1301425636023345,0.07262439442813713,-0.042435049410135935,-0.11332510222295535,0.7144985692983146,0.05792469098405236,0.48029486506323965,0.09792570601025284,0.13322504762363918,-0.1755704661249969,0.8758793127963039,0.349625185070664,-1.1466847684471746,0.7727892651638806
-0.985071561602608,-0.6502507601997121,-1.5802958430426854,-0.09288222751919838,-1.3816999547857058,-0.036402509682260886,-0.9936646595433792,-2.0626923945366284,-0.6377542790283812,1.8869638410828187,0.6977801779373887,0.6975538291259158,0.3316872524872944,-2.207782708338316,-0.838064195523781,-1.4796251617080125,-2.4805637551550594,0.4270402098426297,0.6356985500987846,-0.3582454608100875,-0.06823430858215108,0.42461153632652426,-0.1809683710917981,-0.4089285485064171,0.29041069909674494,0.12131447637507868,-1.1770394114986984,-0.0372766601238724,-0.3098094429296691,-0.1673623951806493,-0.462629671565374,0.07904380401907009,-0.16338692278827333,1.6758947451885253,-1.5647771006619196,1.0181415536168974,-0.03466498800024034,-0.03133381598876128,0.11687125214323006,0.03334948569196628,-1.4704282644804516,-1.9626889211857084,1.610370077537927,-1.9662862725425965
0.06719066134308276,-1.0964550470307761,0.6482901149334301,0.8354968964886362,-1.327831755313719,-0.45669504900973495,-0.6884573469212993,-1.455954110606405,0.020715936172220697,0.6977801779373887,2.1073041931617293,-0.25073348447388,-2.699468627719678,0.28733166807462057,0.1781107228563617,-0.08966512367375398,-1.1894916387714705,1.377653847168744,0.732956121770035,0.7189154789788378,0.2419896839546337,1.4955185296785805,0.4763056021050159,0.9266714330737618,1.0366815258044775,0.3537583836188803,-0.8392813888279439,0.18224697338698947,-0.20161437707567353,1.3386740568555677,-0.7251925762623465,-0.10867116388667787,0.3615180254489088,1.921560903553795,0.21902350856691963,2.198329574148505,0.7518141150340671,-0.10207390888523711,-1.8677070796682398,-0.9394112625653172,1.5905141055830572,-0.6453968536114206,-1.8408270297412976,0.3264010838160806
0.710796901528204,0.27409005588214597,-2.1480784050049864,0.13053056005188876,-0.04895855038290437,1.0742154890996554,-0.8001887496629531,-0.8591262186815162,-0.8167224842560009,0.6975538291259158,-0.25073348447388,2.0093174611619324,0.22496386925967538,-1.549711461256924,-0.32994575189620534,-0.1378272216285641,-1.0385585036231022,-0.8938565290545585,-0.7121035139441878,-1.3506953127450891,0.3288677604775184,-0.5170928109019588,0.45101421324471774,-0.3512567184644493,-0.33236897482990096,0.573461234136246,-0.8132114354844397,0.12133982435754564,-0.30671924596892625,-0.018373438527810426,0.5935877805568186,-0.3399588656216197,0.2757284641909938,-0.621887961996791,-1.0955909592892796,-0.6735750334663008,-1.4362289307999825,-0.26826923397921065,-0.8084498632415386,0.3560131024752346,-1.4474077969543842,0.2824256866219716,2.148244601241301,-0.9380231945376896
-1.3470832529601167,1.0795315063069015,-1.6640586947213725,-1.523064886336662,0.9088988100278329,0.26986516356213786,0.5381476046879972,0.8193309004303948,-0.28649708921256317,0.3316872524872944,-2.699468627719678,0.22496386925967538,4.676656040446453,-1.903888879967108,-0.9541020206741958,-1.1848203728630835,0.04571808585029892,-1.5001297611741953,-0.2992322829140397,-0.9526018545552701,-0.605245646577105,-1.8559411121293024,-1.1672226961267296,-1.7491615310512016,-1.2992732019736157,-0.7218852092541918,0.6139756952291561,-0.3765194250529865,0.1717001743663396,-2.3510885336780794,0.5027409283327469,0.39635223334421926,-0.8686554841249539,-1.3238183921175348,-1.3974485207527074,-2.3990167153380435,-0.6763993978144287,0.25818029178892354,3.536052393398036,1.4306706813205448,-3.4229088090534225,-0.9123955015176318,3.648998922089992,-2.008801677618501
1.1101964216610967,0.16101873795714836,2.9505568842215006,0.5257264217581262,1.0546070719996068,-0.48793690667134987,1.111824859006756,2.069859055243014,1.029836161032756,-2.207782708338316,0.28733166807462057,-1.549711461256924,-1.903888879967108,3.3818949349245164,1.2613654821289675,1.8496130452538762,2.802674554782089,0.4341248591520545,-0.2330452560967425,1.1889036252379295,0.13458031023618752,0.3933432508458644,0.3954224766613465,1.0764205126903719,0.2650143840249823,-0.1223491942752788,1.2709913847352798,0.09323649535799639,0.3737860471814071,0.9168811713454444,0.06464702338072917,-0.055103358379312024,0.33547136005276945,-0.9403255356795551,2.416215738555583,0.07177805999050528,0.844380889615621,0.04638561861170835,-0.9164375087076394,-0.629131474095119,3.116316091331399,2.0737157412054903,-3.6065516576398178,2.9248698435838842
0.6633276044729874,0.06356274270992306,0.9903420693269511,0.3001836239018145,0.39878961915215144,-0.04196364803897335,0.31969152524519495,0.693831714081193,0.30428749949635653,-0.838064195523781,0.1781107228563617,-0.32994575189620534,-0.9541020206741958,1.2613654821289675,0.5354776603635631,0.7866305625657312,1.0202635151437094,0.10400606213290599,-0.21817279542086201,0.3031502652682743,0.1499272867138588,0.15973196070542942,0.33251750509963746,0.42956389388860844,0.10697328101290789,0.06667064876132439,0.38861980357679865,0.054365417138053505,0.10334552389177538,0.4641440858396671,0.13361572806938773,-0.08191837289656266,0.24096980934577528,-0.44859419336347056,0.9294441602246429,0.040605048796537244,0.17460005035740625,-0.05178717764128721,-0.6634447218128448,-0.2519571420717094,1.2407677787121143,0.967887795384699,-1.3340597593555186,1.1865362677144082
1.2421017861495576,0.4268732407576696,1.0576887338142582,0.447059863985683,0.9907913128881158,0.2573964802413338,0.5270067676872103,1.4036251603220604,0.41140567908542036,-1.4796251617080125,-0.08966512367375398,-0.1378272216285641,-1.1848203728630835,1.8496130452538762,0.7866305625657312,1.535502377366518,1.8508532605800265,-0.31238411275483563,-0.6195961819138247,0.21182590600044288,0.22108489818463473,-0.12377262494985296,0.39067546462700264,0.7127409177982698,-0.06313239796752904,0.21649622285151668,0.6555079778023438,0.1945222513347657,0.14478353449557305,0.6592487728123073,0.3612244999690799,-0.2752746405400943,0.3260199152748761,-1.324916069294869,1.2645773091291777,-0.6119753368221479,-0.27253663376106047,-0.053208055898786105,-1.03087936016284,-0.27670984280545835,1.528702639805441,1.9296542937125833,-1.520025457834764,1.794532892422915
1.0874721605420405,0.956264895305132,2.031728741505594,-0.03409784961595288,1.9163526695165718,7.95696359089114e-4,1.4181763573208777,2.873107455107734,0.8653003315451444,-2.4805637551550594,-1.1894916387714705,-1.0385585036231022,0.04571808585029892,2.802674554782089,1.0202635151437094,1.8508532605800265,3.3621288253707187,-0.6655291863761529,-0.7994291277005644,0.493201526061285,-0.015872521785214526,-0.7173999556135533,0.0534810675576492,0.3965291883271432,-0.49662035694610335,-0.25902382003806557,1.671655828065044,0.01228060673076053,0.44713100952173396,-0.017477712952851426,0.592235268880248,-0.049555617301035755,0.07682553946495942,-2.305008440739317,1.9732464508848302,-1.5529103498411154,0.05638549038852251,0.09644925658901787,0.27900753040391396,0.06007825536595311,1.6667463524308677,2.469319936395205,-1.8625199189131787,2.424646176034057
-0.44614138069911263,-0.858430844804921,1.0561070467308549,0.364887992908752,-0.9766249224016341,-0.7467526943346956,-0.2055135179230069,-0.8281569300457845,0.24207369346912258,0.4270402098426297,1.377653847168744,-0.8938565290545585,-1.5001297611741953,0.4341248591520545,0.10400606213290599,-0.31238411275483563,-0.6655291863761529,1.255365706910513,0.8149051542218909,0.9003961648303356,-8.763123013150241e-4,1.1385942273575422,0.09109262276455074,0.5237174180636432,0.7677656380458376,-0.052156801814087994,-0.31504231299947516,0.003747708208603054,-0.029015598179494406,0.6770552153784687,-0.7037074120355107,0.1282487816888368,0.07096275697553894,1.6556803743317179,0.3520317972827434,1.731030369019914,1.0852255857027018,0.0372311328005479,-0.6266048553155931,-0.6373321736845072,1.2672708972609836,-0.8615579473784055,-1.6746235751096663,0.24183190817670147
-0.8279520156104777,-0.5801280235610564,0.39100899918505044,0.008274737053292635,-0.7972930350460505,-0.6111786710125183,-0.1577601599925809,-0.7184126061678601,0.11615847004285673,0.6356985500987846,0.732956121770035,-0.7121035139441878,-0.2992322829140397,-0.2330452560967425,-0.21817279542086201,-0.6195961819138247,-0.7994291277005644,0.8149051542218909,0.7729508073539904,0.6178389739321777,-0.18241190573244756,0.6436043753910519,-0.28853105089409176,0.133535954578507,0.4344659850451776,-0.18103833677239642,-0.2585652317998066,-0.037330086220418314,-0.015874438154009532,0.11866653417846405,-0.6313816759563962,0.18389016655035567,-0.18946688512759108,1.3466621851098983,-0.18895160241927825,1.0805050248656736,0.7777075583897277,0.11865488103071399,0.2224401547622587,-0.29806596719518613,0.21253344847665473,-1.152728452223827,-0.539586588775509,-0.43467442320981464
-0.35960864753056654,-0.4240736323763136,1.5815385304861964,0.1862496893520132,-0.2432450707447851,-0.7812650124943811,0.36310656724483004,0.2766414414375669,0.5592285522610437,-0.3582454608100875,0.7189154789788378,-1.3506953127450891,-0.9526018545552701,1.1889036252379295,0.3031502652682743,0.21182590600044288,0.493201526061285,0.9003961648303356,0.6178389739321777,1.0946878210871753,-0.14355160060746827,0.7173176675667906,-0.17559054146478228,0.5616514040345564,0.481873486723476,-0.23938220984721012,0.33600307030305776,0.008518381892351866,0.15028654252653628,0.43551594952168815,-0.5764838866227169,0.14684926286602815,-0.08293020516586633,0.8007186348664845,0.8189785724382699,0.9396113964102056,1.05583011629303,0.15588503530981826,-0.06522911218522184,-0.5196116547725226,1.4400630947649955,-0.20223730971148976,-1.9453278257663047,0.7956635228726043
0.4351956765477953,-0.04537792394460409,-0.042837206696507237,0.22540164056014694,-0.02160021611906893,0.18105536805648875,-0.14881214680354496,-0.1313511741196906,-0.08420304701963033,-0.06823430858215108,0.2419896839546337,0.3288677604775184,-0.605245646577105,0.13458031023618752,0.1499272867138588,0.22108489818463473,-0.015872521785214526,-8.763123013150241e-4,-0.18241190573244756,-0.14355160060746827,0.18039603003480717,0.11528917923650576,0.32345210389485507,0.1465457357288138,0.07991187622343784,0.1903144655590416,-0.14405673922868742,0.051199886701752045,-0.05728037186105528,0.30243709701382837,0.13381719890524518,-0.11162254917304565,0.2166324862446008,-0.08452609135847987,0.13214018643090236,0.12720251299222007,-0.1641118605818377,-0.10746598336554794,-0.6476290739223455,-0.09779601936131728,0.31557613101739446,0.34453446580512276,-0.20901842085561467,0.26709620096244524
-0.11969713124412139,-0.8315806892618506,0.804480664102144,0.5296477155153589,-0.9575443860226178,-0.5232912054062252,-0.35639556458246513,-0.9294747530351701,0.1317937985897338,0.42461153632652426,1.4955185296785805,-0.5170928109019588,-1.8559411121293024,0.3933432508458644,0.15973196070542942,-0.12377262494985296,-0.7173999556135533,1.1385942273575422,0.6436043753910519,0.7173176675667906,0.11528917923650576,1.1437575128216153,0.27201845196984975,0.6375772428140093,0.779277744302961,0.13377439113268672,-0.4621298543282465,0.0767392514528928,-0.09204599824259263,0.8850287981137024,-0.6004162697438415,0.005440784431618669,0.20036214615747414,1.4998622279559166,0.317373254863024,1.6905080567582926,0.8058975726901269,-0.03338175663000926,-1.1041239076375478,-0.689916976368708,1.3155507117401164,-0.57939905964578,-1.5945008391105824,0.32861796449957537
0.7823644565768866,-0.12976190107055494,0.1423491406450512,0.4142605228097909,-0.056993022937551846,0.24327336122106522,-0.21682889300851377,-0.1964514994974146,-0.10363842664223481,-0.1809683710917981,0.4763056021050159,0.45101421324471774,-1.1672226961267296,0.3954224766613465,0.33251750509963746,0.39067546462700264,0.0534810675576492,0.09109262276455074,-0.28853105089409176,-0.17559054146478228,0.32345210389485507,0.27201845196984975,0.6310466743829727,0.2593837660154553,0.1813132144877681,0.30661151981594686,-0.1960251942352553,0.05598354937360239,-0.0777857951258225,0.5605375771037668,0.23328662248830442,-0.15755124005662882,0.40820348360691755,-0.09095340278843254,0.37996512746706285,0.35361655830697897,-0.1439112856672307,-0.20228642161495777,-1.1551876314478264,-0.2041863513324676,0.751124898676424,0.6200635260285075,-0.6021696078869951,0.604643826973046
0.4884178986853151,-0.297513153165489,0.8864194509616018,0.5735067999345871,-0.1256315739503088,-0.17078599552052565,-0.0032087501874415694,0.08626045456871294,0.2801306475946834,-0.4089285485064171,0.9266714330737618,-0.3512567184644493,-1.7491615310512016,1.0764205126903719,0.42956389388860844,0.7127409177982698,0.3965291883271432,0.5237174180636432,0.133535954578507,0.5616514040345564,0.1465457357288138,0.6375772428140093,0.2593837660154553,0.8372758926941963,0.4611987397564597,0.22048630281876408,-0.02079461895121906,0.1995798503067544,-0.0026769930735436034,0.9207750652281949,-0.2660955367198122,-0.17216862980986894,0.24255322937920928,0.29879782399500554,0.7011257172081351,0.7001685378826606,0.27493261014317055,-0.0126575087773315,-1.2223170535582721,-0.5996439274991291,1.4704658004648445,0.5557932483169192,-1.646908530561728,0.9914905332945515
-0.06633168070993058,-0.564084690536834,0.5229972293515012,0.37692896731633235,-0.6525509163569171,-0.3408946575234901,-0.2570200425488097,-0.6384321479005598,0.08770217868514685,0.29041069909674494,1.0366815258044775,-0.33236897482990096,-1.2992732019736157,0.2650143840249823,0.10697328101290789,-0.06313239796752904,-0.49662035694610335,0.7677656380458376,0.4344659850451776,0.481873486723476,0.07991187622343784,0.779277744302961,0.1813132144877681,0.4611987397564597,0.5368757769852325,0.10688463766097286,-0.3299411161475468,0.0666416236422034,-0.06871178388259794,0.6273717711687411,-0.4149766793109289,-0.01005758189110124,0.1405022531104883,1.0164362047334279,0.2047357865744732,1.1459706732586317,0.5240368807865652,-0.021150730381351308,-0.7916735929946507,-0.48081989540473363,0.8954272241686381,-0.37875778489328077,-1.082714965585368,0.22496867818437766
0.45838728525104405,-0.06617050482315932,-0.3853556748543774,0.3067874167934841,-0.12476044939646896,0.2976348740011863,-0.318437333068208,-0.33962440433937896,-0.18853145302934185,0.12131447637507868,0.3537583836188803,0.573461234136246,-0.7218852092541918,-0.1223491942752788,0.06667064876132439,0.21649622285151668,-0.25902382003806557,-0.052156801814087994,-0.18103833677239642,-0.23938220984721012,0.1903144655590416,0.13377439113268672,0.30661151981594686,0.22048630281876408,0.10688463766097286,0.31279057582118586,-0.33073263716757667,0.11808625998617062,-0.12102626869309911,0.4024068830501609,0.0880860712605481,-0.18922292129423157,0.21522134482502878,-0.026158004768587925,-0.08925601350956949,0.1445257917021944,-0.36296299465021575,-0.11379755627152183,-0.8507538543997097,-0.14413357897676668,0.14118451684665803,0.29725097067100803,0.045987598743866334,0.0783705062484056
0.1647732509435984,0.5037209099129067,1.0981313922952274,-0.2535269682993939,0.9657157828946532,-0.1738738832306313,0.850059509634832,1.5243535248869704,0.493096668726547,-1.1770394114986984,-0.8392813888279439,-0.8132114354844397,0.6139756952291561,1.2709913847352798,0.38861980357679865,0.6555079778023438,1.671655828065044,-0.31504231299947516,-0.2585652317998066,0.33600307030305776,-0.14405673922868742,-0.4621298543282465,-0.1960251942352553,-0.02079461895121906,-0.3299411161475468,-0.33073263716757667,0.9770680294620221,-0.08312414291571166,0.2800860164999748,-0.3331916287995622,0.22991244959937504,0.11028955377927,-0.12375828995935491,-1.0616985421820921,0.9014087027159504,-0.8546785835350162,0.23272772596142233,0.11810962057271884,0.7625231029130611,0.16195390067177426,0.5543712891910288,0.8982417927802847,-0.7476293755714829,0.9810533004895452
0.17649496996912217,-0.017424441751530923,-0.046825630615765126,0.15236119782152036,-0.008574767110522415,0.08219375952831073,-0.07616706762325373,-0.03182199008248852,-0.00621180505813682,-0.0372766601238724,0.18224697338698947,0.12133982435754564,-0.3765194250529865,0.09323649535799639,0.054365417138053505,0.1945222513347657,0.01228060673076053,0.003747708208603054,-0.037330086220418314,0.008518381892351866,0.051199886701752045,0.0767392514528928,0.05598354937360239,0.1995798503067544,0.0666416236422034,0.11808625998617062,-0.08312414291571166,0.084919889357707,-0.0328550324547177,0.22483698247343517,-0.025571827013226186,-0.09469267756474194,0.06241377964809817,-0.024647406484833528,0.026727156699392653,0.0415302156511323,-0.12289489570624514,-0.013378873575790148,-0.3661950201326019,-0.11558509471228519,0.16762525647769688,0.18075557116039778,-0.14132397831228943,0.12739024389681092
-0.01547022773433243,0.10477354721779708,0.37557259410045757,-0.07928352391663668,0.22943681316643716,-0.10510504271398652,0.2493766572433449,0.4081059580068202,0.15987433391090528,-0.3098094429296691,-0.20161437707567353,-0.30671924596892625,0.1717001743663396,0.3737860471814071,0.10334552389177538,0.14478353449557305,0.44713100952173396,-0.029015598179494406,-0.015874438154009532,0.15028654252653628,-0.05728037186105528,-0.09204599824259263,-0.0777857951258225,-0.0026769930735436034,-0.06871178388259794,-0.12102626869309911,0.2800860164999748,-0.0328550324547177,0.08770374087521472,-0.09639896498604539,0.026123313327511194,0.05275620098380171,-0.05174669533573717,-0.21532547807035418,0.2633376514507801,-0.17356588163480355,0.13907062297476316,0.04403658779977262,0.258600225779157,0.030202367977633638,0.18720620897818332,0.17805244759442984,-0.2751257643736768,0.2642382373464573
0.7203324120178308,-0.5022380560267812,0.7163553524992378,0.7897698105574446,-0.4215704340462146,-0.06802321804998253,-0.29493935429452756,-0.3936600502432819,0.12222713913021421,-0.1673623951806493,1.3386740568555677,-0.018373438527810426,-2.3510885336780794,0.9168811713454444,0.4641440858396671,0.6592487728123073,-0.017477712952851426,0.6770552153784687,0.11866653417846405,0.43551594952168815,0.30243709701382837,0.8850287981137024,0.5605375771037668,0.9207750652281949,0.6273717711687411,0.4024068830501609,-0.3331916287995622,0.22483698247343517,-0.09639896498604539,1.211142097237433,-0.24398575856128205,-0.23855013543328957,0.4290402343977877,0.5837410410088242,0.6400211281751661,1.1115790539268826,0.2224542426274079,-0.12547830479698494,-1.8310427100314062,-0.7228637138753151,1.646174324127605,0.5242311704960753,-1.733583756063863,0.9802777370261091
0.6002804703206096,0.4886865168437986,-0.37144343738355295,-0.09878493792436537,0.6446391920476827,0.49140597510809064,0.14059796143861517,0.5603156852428282,-0.1301425636023345,-0.462629671565374,-0.7251925762623465,0.5935877805568186,0.5027409283327469,0.06464702338072917,0.13361572806938773,0.3612244999690799,0.592235268880248,-0.7037074120355107,-0.6313816759563962,-0.5764838866227169,0.13381719890524518,-0.6004162697438415,0.23328662248830442,-0.2660955367198122,-0.4149766793109289,0.0880860712605481,0.22991244959937504,-0.025571827013226186,0.026123313327511194,-0.24398575856128205,0.5716576662824356,-0.09598158733346689,0.1327082548549403,-1.1034706563913368,0.09188641651944474,-0.9259678018349833,-0.6053587049139141,-0.10761078632223955,0.02188240434961158,0.33953247441698214,-0.34659237005360954,0.8296226953494852,0.6185318964841083,0.23175068499760582
-0.35558266041651077,-0.05494144072827823,0.19777467446944738,-0.18144403390299607,-0.0739311993872402,-0.22198108311372766,0.11543495462490672,0.012817358429345444,0.07262439442813713,0.07904380401907009,-0.10867116388667787,-0.3399588656216197,0.39635223334421926,-0.055103358379312024,-0.08191837289656266,-0.2752746405400943,-0.049555617301035755,0.1282487816888368,0.18389016655035567,0.14684926286602815,-0.11162254917304565,0.005440784431618669,-0.15755124005662882,-0.17216862980986894,-0.01005758189110124,-0.18922292129423157,0.11028955377927,-0.09469267756474194,0.05275620098380171,-0.23855013543328957,-0.09598158733346689,0.1426152282519721,-0.12344137091615838,0.21534937675249788,-0.01504871925987433,0.0922546405263058,0.29497650106536205,0.055433465757663274,0.5013562590205313,0.07192442512997536,-0.11281070398088239,-0.361097468144188,-0.004956418460581031,-0.16060834254952272
0.5482923108624816,-0.08625756939500867,0.13437051198926728,0.3058757805182654,-0.02192462114479398,0.16094406807194475,-0.1352324663658523,-0.09717683789051272,-0.042435049410135935,-0.16338692278827333,0.3615180254489088,0.2757284641909938,-0.8686554841249539,0.33547136005276945,0.24096980934577528,0.3260199152748761,0.07682553946495942,0.07096275697553894,-0.18946688512759108,-0.08293020516586633,0.2166324862446008,0.20036214615747414,0.40820348360691755,0.24255322937920928,0.1405022531104883,0.21522134482502878,-0.12375828995935491,0.06241377964809817,-0.05174669533573717,0.4290402343977877,0.1327082548549403,-0.12344137091615838,0.27989025926870614,-0.06918180727178624,0.28436764689924177,0.23646443120530547,-0.10039867265507518,-0.1264711712181302,-0.8345183778361667,-0.1712334337084342,0.5689440496529254,0.46421049893524813,-0.4901646829882979,0.46255973202075196
-1.2094995124021561,-1.3512301646040406,0.17758895846275352,0.297002237148475,-1.948260329421323,-0.8853151036870757,-0.8232298680545735,-2.1898801042000784,-0.11332510222295535,1.6758947451885253,1.921560903553795,-0.621887961996791,-1.3238183921175348,-0.9403255356795551,-0.44859419336347056,-1.324916069294869,-2.305008440739317,1.6556803743317179,1.3466621851098983,0.8007186348664845,-0.08452609135847987,1.4998622279559166,-0.09095340278843254,0.29879782399500554,1.0164362047334279,-0.026158004768587925,-1.0616985421820921,-0.024647406484833528,-0.21532547807035418,0.5837410410088242,-1.1034706563913368,0.21534937675249788,-0.06918180727178624,2.91094006102146,-0.6337090990170529,2.526936564242212,1.2137195982236495,0.045732197799191646,-0.4837150961550256,-0.6647658830879936,0.3986649475387935,-2.2670285572617743,-0.7970251649393969,-1.0318975913058508
0.8303686448106298,0.08268558857765161,2.1594427187698124,0.3731234490188062,0.7194749804539144,-0.35927878337203506,0.7799749716949927,1.4220019579979373,0.7144985692983146,-1.5647771006619196,0.21902350856691963,-1.0955909592892796,-1.3974485207527074,2.416215738555583,0.9294441602246429,1.2645773091291777,1.9732464508848302,0.3520317972827434,-0.18895160241927825,0.8189785724382699,0.13214018643090236,0.317373254863024,0.37996512746706285,0.7011257172081351,0.2047357865744732,-0.08925601350956949,0.9014087027159504,0.026727156699392653,0.2633376514507801,0.6400211281751661,0.09188641651944474,-0.01504871925987433,0.28436764689924177,-0.6337090990170529,1.7823448753146542,0.1411392244316841,0.6653289853644199,-0.0015408123292270067,-0.6844382572843878,-0.4315941701571971,2.287268403387484,1.4693487883872798,-2.61727093716919,2.1261306032408487
-0.4575210422739769,-1.3331172230242938,0.8861374812457044,0.6596207502650595,-1.6691902262753495,-0.8083059086584324,-0.6778810559630771,-1.7533294050642383,0.05792469098405236,1.0181415536168974,2.198329574148505,-0.6735750334663008,-2.3990167153380435,0.07177805999050528,0.040605048796537244,-0.6119753368221479,-1.5529103498411154,1.731030369019914,1.0805050248656736,0.9396113964102056,0.12720251299222007,1.6905080567582926,0.35361655830697897,0.7001685378826606,1.1459706732586317,0.1445257917021944,-0.8546785835350162,0.0415302156511323,-0.17356588163480355,1.1115790539268826,-0.9259678018349833,0.0922546405263058,0.23646443120530547,2.526936564242212,0.1411392244316841,2.651872736146039,1.2517656944979696,-0.061022198547436624,-1.364757354134277,-0.9151689483744301,1.511825604105417,-1.3405687993245716,-1.90831926094927,0.014053882699827396
-0.653955990414063,-0.5943029988312137,1.5602307382299079,0.039575634246637674,-0.527131825369566,-0.9308235376951319,0.27699648844254515,-0.0885268083799029,0.48029486506323965,-0.03466498800024034,0.7518141150340671,-1.4362289307999825,-0.6763993978144287,0.844380889615621,0.17460005035740625,-0.27253663376106047,0.05638549038852251,1.0852255857027018,0.7777075583897277,1.05583011629303,-0.1641118605818377,0.8058975726901269,-0.1439112856672307,0.27493261014317055,0.5240368807865652,-0.36296299465021575,0.23272772596142233,-0.12289489570624514,0.13907062297476316,0.2224542426274079,-0.6053587049139141,0.29497650106536205,-0.10039867265507518,1.2137195982236495,0.6653289853644199,1.2517656944979696,1.3301134684561542,0.12740869078507197,0.2421309224138425,-0.4179433797794736,1.221536692096141,-0.7248420624545017,-1.7712189473353595,0.4633268608075448
-0.2393175280284221,0.023659879600771174,0.1343393907989065,-0.10532935634054727,0.03839904094969691,-0.1379969422978714,0.1246714801675976,0.14392393162678432,0.09792570601025284,-0.03133381598876128,-0.10207390888523711,-0.26826923397921065,0.25818029178892354,0.04638561861170835,-0.05178717764128721,-0.053208055898786105,0.09644925658901787,0.0372311328005479,0.11865488103071399,0.15588503530981826,-0.10746598336554794,-0.03338175663000926,-0.20228642161495777,-0.0126575087773315,-0.021150730381351308,-0.11379755627152183,0.11810962057271884,-0.013378873575790148,0.04403658779977262,-0.12547830479698494,-0.10761078632223955,0.055433465757663274,-0.1264711712181302,0.045732197799191646,-0.0015408123292270067,-0.061022198547436624,0.12740869078507197,0.07993038731472259,0.3367430488960568,0.01631663120661661,-0.05997305958729233,-0.14759502156596968,-0.028714000974355107,-0.05988349108283458
-1.5396010075298565,0.6048072817475559,-0.3299401330704637,-1.26085793561715,0.5565404563838098,-0.370508988979989,0.7208709211977848,0.8327852932555141,0.13322504762363918,0.11687125214323006,-1.8677070796682398,-0.8084498632415386,3.536052393398036,-0.9164375087076394,-0.6634447218128448,-1.03087936016284,0.27900753040391396,-0.6266048553155931,0.2224401547622587,-0.06522911218522184,-0.6476290739223455,-1.1041239076375478,-1.1551876314478264,-1.2223170535582721,-0.7916735929946507,-0.8507538543997097,0.7625231029130611,-0.3661950201326019,0.258600225779157,-1.8310427100314062,0.02188240434961158,0.5013562590205313,-0.8345183778361667,-0.4837150961550256,-0.6844382572843878,-1.364757354134277,0.2421309224138425,0.3367430488960568,3.180615676682223,0.924767499778251,-2.050314431226253,-1.1003939065074024,1.8712315072620245,-1.2932479039422882
-0.1684276359478394,0.42723919801332566,-0.6927997313733678,-0.4447168298250695,0.3941356515032667,0.26812646476536744,0.12053520388796267,0.27865828438228024,-0.1755704661249969,0.03334948569196628,-0.9394112625653172,0.3560131024752346,1.4306706813205448,-0.629131474095119,-0.2519571420717094,-0.27670984280545835,0.06007825536595311,-0.6373321736845072,-0.29806596719518613,-0.5196116547725226,-0.09779601936131728,-0.689916976368708,-0.2041863513324676,-0.5996439274991291,-0.48081989540473363,-0.14413357897676668,0.16195390067177426,-0.11558509471228519,0.030202367977633638,-0.7228637138753151,0.33953247441698214,0.07192442512997536,-0.1712334337084342,-0.6647658830879936,-0.4315941701571971,-0.9151689483744301,-0.4179433797794736,0.01631663120661661,0.924767499778251,0.5189291822246469,-1.1275079960043348,-0.04397155871517241,1.3085266381792693,-0.562822373103752
1.077854111302509,-0.5702232058669952,2.987467207742125,0.9994339841360346,0.0589941435866842,-0.6960556744823774,0.5054177466636116,0.8272308478411756,0.8758793127963039,-1.4704282644804516,1.5905141055830572,-1.4474077969543842,-3.4229088090534225,3.116316091331399,1.2407677787121143,1.528702639805441,1.6667463524308677,1.2672708972609836,0.21253344847665473,1.4400630947649955,0.31557613101739446,1.3155507117401164,0.751124898676424,1.4704658004648445,0.8954272241686381,0.14118451684665803,0.5543712891910288,0.16762525647769688,0.18720620897818332,1.646174324127605,-0.34659237005360954,-0.11281070398088239,0.5689440496529254,0.3986649475387935,2.287268403387484,1.511825604105417,1.221536692096141,-0.05997305958729233,-2.050314431226253,-1.1275079960043348,3.7740458760652174,1.4232931879760145,-4.311943103671964,2.789289801635268
1.808946043628357,0.8268688014336281,0.8987953173677261,0.407413805217888,1.5618203048243071,0.6432487265041217,0.6857240452181985,1.9498592944740327,0.349625185070664,-1.9626889211857084,-0.6453968536114206,0.2824256866219716,-0.9123955015176318,2.0737157412054903,0.967887795384699,1.9296542937125833,2.469319936395205,-0.8615579473784055,-1.152728452223827,-0.20223730971148976,0.34453446580512276,-0.57939905964578,0.6200635260285075,0.5557932483169192,-0.37875778489328077,0.29725097067100803,0.8982417927802847,0.18075557116039778,0.17805244759442984,0.5242311704960753,0.8296226953494852,-0.361097468144188,0.46421049893524813,-2.2670285572617743,1.4693487883872798,-1.3405687993245716,-0.7248420624545017,-0.14759502156596968,-1.1003939065074024,-0.04397155871517241,1.4232931879760145,2.7271456463249115,-1.210794351675183,2.1461444276957393
-0.7947313044709412,0.7585816611603138,-3.726634604595256,-0.999300005108137,0.05414067378763437,1.1006689245063677,-0.711617803041788,-0.9696560075893076,-1.1466847684471746,1.610370077537927,-1.8408270297412976,2.148244601241301,3.648998922089992,-3.6065516576398178,-1.3340597593555186,-1.520025457834764,-1.8625199189131787,-1.6746235751096663,-0.539586588775509,-1.9453278257663047,-0.20901842085561467,-1.5945008391105824,-0.6021696078869951,-1.646908530561728,-1.082714965585368,0.045987598743866334,-0.7476293755714829,-0.14132397831228943,-0.2751257643736768,-1.733583756063863,0.6185318964841083,-0.004956418460581031,-0.4901646829882979,-0.7970251649393969,-2.61727093716919,-1.90831926094927,-1.7712189473353595,-0.028714000974355107,1.8712315072620245,1.3085266381792693,-4.311943103671964,-1.210794351675183,5.130726975450826,-3.0628880047240883
1.3628899130341874,0.18305274102855867,2.3420325067635273,0.6120243575010884,0.9687710594624152,-0.1772808633008745,0.8253064562408575,1.7163070267951703,0.7727892651638806,-1.9662862725425965,0.3264010838160806,-0.9380231945376896,-2.008801677618501,2.9248698435838842,1.1865362677144082,1.794532892422915,2.424646176034057,0.24183190817670147,-0.43467442320981464,0.7956635228726043,0.26709620096244524,0.32861796449957537,0.604643826973046,0.9914905332945515,0.22496867818437766,0.0783705062484056,0.9810533004895452,0.12739024389681092,0.2642382373464573,0.9802777370261091,0.23175068499760582,-0.16060834254952272,0.46255973202075196,-1.0318975913058508,2.1261306032408487,0.014053882699827396,0.4633268608075448,-0.05988349108283458,-1.2932479039422882,-0.562822373103752,2.789289801635268,2.1461444276957393,-3.0628880047240883,2.6930053883954375
