V1,V2,V3,V4,V5,V6,V7,V8,V9,V10,V11,V12,V13,V14,V15,V16,V17,V18,V19,V20,V21,V22,V23,V24,V25,V26,V27,V28,V29,V30,V31,V32,V33,V34,V35,V36,V37,V38,V39,V40,V41,V42,V43,V44
8.0483464939163,-2.5698902781698396,2.203474093863463,6.337533388893533,-3.130188000966415,3.6836151348638886,-1.805113051047635,2.378537735426314,-3.247881500872331,0.7798322074926043,-0.8174777415149794,5.081039553727825,2.0621726730336913,5.450792978880022,4.915441534838303,0.9512454571294073,5.1053270068885634,-6.062874459698295,6.115411223740193,-3.0765768188322875,-2.9670859891874044,-6.626471662518942,4.7472871134301915,-1.4166893414431396,-4.227315304332405,0.11489878029514514,2.504241686834859,-1.3476708215796502,4.353627621063023,5.050515841426571,5.874846108722933,2.9403358706786253,0.27456444679786396,-4.22208244325595,0.02444448581492675,2.57435652211545,-0.014586310031846173,-4.023270760826891,-2.093217517773324,-1.7403625796541378,-2.3500910136865367,4.7967084579802295,-1.4075522418322108,0.2017583717140687
-2.5698902781698396,1.9371293913478436,-2.6120674776251076,-2.87170529414852,2.3141171608818714,-0.6448569952375726,0.4769246797497523,-1.1990269304915933,1.173567723442472,-0.7732997237992847,0.19993859348123774,-0.686759960172438,-1.9105787531616392,-3.1340088033405342,-2.359396540609733,0.48843585554984825,-2.4893416391000076,2.119628358496687,-4.4903743418911235,0.3678647914369107,2.1293294797641664,2.968129139399689,-1.6918949955630977,0.9436418410288877,1.9141644092588186,0.7347060846665093,-1.7475048390875392,0.9920777600390979,-2.5595118855929093,-2.16292738225611,-2.2414696211080196,-2.1403005531776444,0.440944509174816,0.6758159049249258,-0.1763389512435418,-2.4249496890578164,-1.6727421134254499,1.8056773383686746,-0.6352878765901044,1.068858378578326,0.9752343347618155,-0.8147643137864572,1.7798348312825438,0.299340741175057
2.203474093863463,-2.6120674776251076,3.886799934116423,3.1970350739105204,-3.102106900379313,0.09639820052104138,-0.31470342411407426,1.405063196162111,-1.1232748820124683,1.1159650208246412,-0.10526379794669356,-0.2243745658801765,2.6960904523077587,3.899647944259983,2.699938197222705,-1.1065015648214822,2.8713721635279006,-1.9801314868182935,6.018844656447725,0.20062240382090504,-2.844559466162448,-3.280765025694942,1.6164074285443701,-1.2253263187172505,-2.1092289088244796,-1.2825767908853034,2.3023570248864385,-1.3271680213749566,3.189729491450733,2.3292145346990427,2.232969276991753,2.863611506760453,-0.822599823404297,0.0036733170044140917,0.31105283985435966,3.4883459990978016,2.8834853855309213,-1.987189647347901,1.645417366621898,-1.353645437677748,-1.019981328154463,0.08540736121683071,-2.68995217298774,-0.5575547503767331
6.337533388893533,-2.87170529414852,3.1970350739105204,5.660085749228624,-3.463597244706751,2.499594879632332,-1.333555420810707,2.213411302986234,-2.6712124385934173,1.0317188696477662,-0.584209102474889,3.2827237139602983,2.586659606184266,5.377517994899373,4.473908859921303,0.13210266810374943,4.683267441271534,-4.94156316983992,6.7676837830464445,-1.965979354616557,-3.2598156539750685,-5.8952709285645915,3.886107335658331,-1.4862242312612692,-3.7519900579148064,-0.48940486034091074,2.6880890607479704,-1.4822303861341481,4.322671013852122,4.406875292780535,4.905954581807146,3.2362868053898746,-0.18880462478005258,-2.810120212062789,0.1503128139964593,3.294877242999917,1.2765801271971629,-3.5582053571786396,-0.662285350888554,-1.7613235590188017,-2.0394841928424947,3.2291172451193657,-2.1392983578914726,-0.12341017197893181
-3.130188000966415,2.3141171608818714,-3.102106900379313,-3.463597244706751,2.7717462623916704,-0.8115759960038239,0.5968654762033169,-1.44892068109057,1.422009394726097,-0.9202710115109369,0.2524374354457282,-0.8671006325558852,-2.2779123267037296,-3.758591688196508,-2.842331843494943,0.567514858751277,-2.9959813650244427,2.5785691253805414,-5.372832694644657,0.48589505018640694,2.5572588660909514,3.5914834689899564,-2.046728550308717,1.126322594380846,2.309182867732244,0.8607781102480984,-2.092425968443339,1.1879038249707663,-3.069598927214246,-2.612910739805602,-2.7141887859762206,-2.563938749354946,0.51261675448306,0.8504144338644614,-0.20674342781154176,-2.8885293739364455,-1.9757073949990285,2.179316307056516,-0.7240815957535194,1.2835671044155814,1.1853423317518283,-1.0197554277189518,2.1077171869716422,0.3546749496828211
3.6836151348638886,-0.6448569952375726,0.09639820052104138,2.499594879632332,-0.8115759960038239,1.943744399991223,-0.8800101721091804,0.8840029115375714,-1.4238394083540749,0.11048726526721737,-0.40856950517628293,2.7694420229408943,0.35618376425845666,1.828965408081693,1.873890576249507,0.8078817647130604,1.9280031068929442,-2.69643616308989,1.598757018742029,-1.7104518066458334,-0.8053338196966745,-2.6394419096820094,2.0856920237396217,-0.4145095760581353,-1.6692166021250645,0.4214050611544447,0.6964708781043137,-0.3508201874259532,1.4376492577677464,2.050161346645048,2.5161408906025327,0.7793096792408347,0.3775580072468606,-2.2547453732179874,-0.07305222319075845,0.41644196005665224,-0.8022804496212833,-1.5940807493276972,-1.5741432067735825,-0.5525198658883326,-0.9805584858042891,2.5352153077471145,-0.0033499325221866376,0.25850473427666365
-1.805113051047635,0.4769246797497523,-0.31470342411407426,-1.333555420810707,0.5968654762033169,-0.8800101721091804,0.44879270820605804,-0.5024896699782828,0.7027335838264294,-0.11226028560133623,0.20586087925932345,-1.2050659601971416,-0.33147751156889194,-1.0807553271843178,-1.03116944749892,-0.28741781899494717,-1.056027008764185,1.329957714821369,-1.1418704307277185,0.7628406698556931,0.568855403510527,1.4094883481141864,-1.0227184285260997,0.2594404143675004,0.8952643143233615,-0.10072005768387345,-0.48297659434467094,0.25870640709133336,-0.864257563541544,-1.0818739415386223,-1.2743627109607985,-0.5570968994636937,-0.11920107366384958,1.008019450472198,0.00991969131573235,-0.4061922641247798,0.1463234598603084,0.8608350158765006,0.5849354619149276,0.3534670818072628,0.5017793670674804,-1.1384713030854925,0.17988282252115123,-0.07660506194653946
2.378537735426314,-1.1990269304915933,1.405063196162111,2.213411302986234,-1.44892068109057,0.8840029115375714,-0.5024896699782828,0.8843705016831722,-1.0130094051030496,0.4407608775355274,-0.2185364957200928,1.1230879207044102,1.1042184078633428,2.166168654307224,1.7652260323882027,-0.038403947525355156,1.8493098446490288,-1.8741097298618201,2.8185601454165865,-0.6818794754845747,-1.3599789619022915,-2.310946885002066,1.469131840161302,-0.6070348250579547,-1.469697909145885,-0.2653848106605104,1.114271034034572,-0.6195100048394513,1.747721148901205,1.714229354947331,1.8789207196064146,1.348977234059684,-0.12454845109796266,-0.9804979062104557,0.07433139893266119,1.4057471113916804,0.6662344396547939,-1.3930742648859158,-0.10494478105789942,-0.7197813609973368,-0.7912673038849031,1.1334094007544642,-0.9416814082951147,-0.08826134565448676
-3.247881500872331,1.173567723442472,-1.1232748820124683,-2.6712124385934173,1.422009394726097,-1.4238394083540749,0.7027335838264294,-1.0130094051030496,1.3403658623638146,-0.39300139120540434,0.3216800573154097,-1.9461175413265797,-1.0113410764545838,-2.375207398728518,-2.080824607371853,-0.27673282532923626,-2.171823724343321,2.489420587098756,-2.78891912460771,1.1691647350652359,1.348122149025504,2.7948811176897093,-1.9510825056335945,0.6440614150290952,1.78117070551863,0.050077783796987935,-1.1253055545792219,0.6121735641948367,-1.9069509184755047,-2.1041083641748846,-2.4254025626199156,-1.3387679719975814,-0.04056082476422469,1.6256440443867355,-0.02570345986239959,-1.25325247462652,-0.19954409737458476,1.6862018915978823,0.6776878721690964,0.7578843364454678,0.996682280197486,-1.8458516403724474,0.7287651017531105,-0.02776893772277765
0.7798322074926043,-0.7732997237992847,1.1159650208246412,1.0317188696477662,-0.9202710115109369,0.11048726526721737,-0.11226028560133623,0.4407608775355274,-0.39300139120540434,0.3439149001064177,-0.0461905936994161,0.05684735476313461,0.8191980767276565,1.2004986235132833,0.8495229362342809,-0.2983339001450097,0.9090987432760154,-0.7041905721881111,1.8071501012434283,-0.018476990981683837,-0.8626842997691703,-1.0736937186097337,0.5592576343950838,-0.37907821025028476,-0.6787729845487782,-0.3513991305657569,0.686451098609688,-0.39208203575967976,0.98099623476297,0.7514908694659655,0.7512221351966704,0.858140601066108,-0.2293465226222339,-0.09403583932226882,0.07771423163813801,1.0406787834284486,0.7939135730409189,-0.6321455727462814,0.41801246729504604,-0.4044560933255497,-0.36142624923299194,0.12277173292558237,-0.7666943760669144,-0.16453669349435762
-0.8174777415149794,0.19993859348123774,-0.10526379794669356,-0.584209102474889,0.2524374354457282,-0.40856950517628293,0.20586087925932345,-0.2185364957200928,0.3216800573154097,-0.0461905936994161,0.1105245788338435,-0.5705236465813274,-0.15802677966439851,-0.45463825858773343,-0.45414572578762663,-0.13504824100520715,-0.4627040242401927,0.6040978560563169,-0.48027870240183057,0.35772912585357564,0.23753922835271962,0.6317991007775958,-0.45993261134787056,0.1266441351723692,0.4094516119254658,-0.05010189422290543,-0.20974341151126863,0.11557068766601426,-0.3789986234530774,-0.47007737984386094,-0.5811321753541399,-0.23871340037924987,-0.05736058743903319,0.4745364950377048,0.01686638552990818,-0.1435124373588764,0.09627174491982628,0.38833736812228176,0.26477626629429546,0.14537038900724902,0.24152126658915243,-0.5211996979884975,0.03836643455367318,-0.027773569760335896
5.081039553727825,-0.686759960172438,-0.2243745658801765,3.2827237139602983,-0.8671006325558852,2.7694420229408943,-1.2050659601971416,1.1230879207044102,-1.9461175413265797,0.05684735476313461,-0.5705236465813274,4.02632522644371,0.27885349480433785,2.256262935110749,2.437455417368238,1.2764461238506934,2.507562094877172,-3.6750297040186135,1.7258100114972885,-2.4340579748312807,-0.858395382989406,-3.4553346255495874,2.8544822190428167,-0.49985167576219136,-2.213533321109449,0.7075097847876349,0.786195201752584,-0.37838307639987434,1.7755897426584617,2.719801061413613,3.4133573422974615,0.8399980304380492,0.6026147099331775,-3.2393779727011,-0.1428445513464142,0.2523538169799318,-1.443163087956905,-2.1049915740742464,-2.4024665013718844,-0.6597101166137569,-1.3055565971248906,3.633737777749071,0.24808589199657433,0.4244460209326296
2.0621726730336913,-1.9105787531616392,2.6960904523077587,2.586659606184266,-2.2779123267037296,0.35618376425845666,-0.33147751156889194,1.1042184078633428,-1.0113410764545838,0.8191980767276565,-0.15802677966439851,0.27885349480433785,2.0121446242027634,2.958514835718356,2.1455901497693093,-0.6738802279163552,2.283225810466455,-1.8049546597468513,4.440912379549935,-0.11331414483095983,-2.1041104144138774,-2.699832236686868,1.4328775679263486,-0.9517590774967046,-1.7420559809117928,-0.8473168335839898,1.709500043037643,-0.9805189168907738,2.4467130361403044,1.8995499301605834,1.9431025200998524,2.1161770812413674,-0.5393443938341361,-0.34076405634249135,0.17315121223699567,2.4753168606211995,1.8743758411961766,-1.6198416737381636,0.9641028370601054,-1.0038830121484728,-0.9155449149480323,0.4141995283015729,-1.8226144958549564,-0.3911235940330725
5.450792978880022,-3.1340088033405342,3.899647944259983,5.377517994899373,-3.758591688196508,1.828965408081693,-1.0807553271843178,2.166168654307224,-2.375207398728518,1.2004986235132833,-0.45463825858773343,2.256262935110749,2.958514835718356,5.471886971467906,4.320233213628576,-0.36238276799192776,4.542714733906924,-4.357117143637286,7.3314524817597,-1.3254335801823,-3.5105565960983762,-5.577499208910837,3.4553593469549764,-1.567457006755454,-3.553580977711086,-0.8783327069998922,2.8735198577314764,-1.6064123687819398,4.411976642941897,4.122258932530934,4.435206656757832,3.4977395988952247,-0.4737910341688166,-2.0076897497274864,0.24097132095071164,3.811363777553208,2.106497391498955,-3.366949046853362,0.19801903155649228,-1.8216369118779652,-1.8754698080852352,2.350132728576257,-2.6538203545244867,-0.313810691928008
4.915441534838303,-2.359396540609733,2.699938197222705,4.473908859921303,-2.842331843494943,1.873890576249507,-1.03116944749892,1.7652260323882027,-2.080824607371853,0.8495229362342809,-0.45414572578762663,2.437455417368238,2.1455901497693093,4.320233213628576,3.5618672439230963,0.016499521654914192,3.7273122932990903,-3.8361544442309836,5.533683473333449,-1.4478718350055706,-2.653251223248546,-4.654950354037069,3.0267363356415427,-1.2125783273992288,-2.9790108799549895,-0.4742922298537979,2.19968207829132,-1.220332183486057,3.4864794745249275,3.475238459749033,3.8469552330323817,2.647936494648411,-0.20524335424303994,-2.101026981494476,0.13682759864485675,2.716455405004773,1.1828329321042033,-2.824913172365184,-0.357020650168954,-1.42610066453284,-1.5952814346626458,2.4214338306181653,-1.805865679558972,-0.13387082666102865
0.9512454571294073,0.48843585554984825,-1.1065015648214822,0.13210266810374943,0.567514858751277,0.8078817647130604,-0.28741781899494717,-0.038403947525355156,-0.27673282532923626,-0.2983339001450097,-0.13504824100520715,1.2764461238506934,-0.6738802279163552,-0.36238276799192776,0.016499521654914192,0.7061464656846776,-0.010935970173258806,-0.5576431109159754,-1.1007438316054734,-0.7720710126431802,0.5178909724128851,-0.13828081356826902,0.4206205467076236,0.19432748972762015,-0.09943035889751271,0.5591053317351052,-0.3786382215828608,0.24415166278440278,-0.3218609946055352,0.20879033517992915,0.42419825178132303,-0.5230291156015449,0.4057081546621383,-0.9779714010850495,-0.12107972876347288,-0.8783790236892647,-1.216531753837055,-0.10527811665737992,-1.1856603636854444,0.1518966426619643,-0.09022363623985528,1.0867574686775705,0.783234476207093,0.2945574401887207
5.1053270068885634,-2.4893416391000076,2.8713721635279006,4.683267441271534,-2.9959813650244427,1.9280031068929442,-1.056027008764185,1.8493098446490288,-2.171823724343321,0.9090987432760154,-0.4627040242401927,2.507562094877172,2.283225810466455,4.542714733906924,3.7273122932990903,-0.010935970173258806,3.9094992183724715,-4.0012095471172815,5.842522817678045,-1.477888078644255,-2.798716048534509,-4.870347303871418,3.157331027364391,-1.2802290382824555,-3.117242830730894,-0.5210331409126185,2.315493379362927,-1.2829695470888531,3.6664265590984386,3.6327069354249657,4.012599979112322,2.791031335954029,-0.23742445535068482,-2.158236797327004,0.14454674828878172,2.888377132060355,1.2828724103415676,-2.9492035964910035,-0.3251497591123208,-1.4973394304047287,-1.6716284177693448,2.491963931190059,-1.9255556020677516,-0.1549426729351476
-6.062874459698295,2.119628358496687,-1.9801314868182935,-4.94156316983992,2.5785691253805414,-2.69643616308989,1.329957714821369,-1.8741097298618201,2.489420587098756,-0.7041905721881111,0.6040978560563169,-3.6750297040186135,-1.8049546597468513,-4.357117143637286,-3.8361544442309836,-0.5576431109159754,-4.0012095471172815,4.645367092495007,-5.060745101803537,2.239542534751266,2.465810790995524,5.184364493628804,-3.6241521777235137,1.1607527790381447,3.2839245887450557,0.038143645216277035,-2.0416406428899094,1.106072763071894,-3.4854919585165485,-3.9010111222154427,-4.499750669388612,-2.4304370177367436,-0.11243327276142638,3.0723011405609553,-0.039453418023104314,-2.2564274604819237,-0.2799649510480579,3.1133379554448326,1.3492360275608273,1.3889640936499539,1.8535603805187302,-3.4877060374790165,1.2818907305632505,-0.07021654680811691
6.115411223740193,-4.4903743418911235,6.018844656447725,6.7676837830464445,-5.372832694644657,1.598757018742029,-1.1418704307277185,2.8185601454165865,-2.78891912460771,1.8071501012434283,-0.48027870240183057,1.7258100114972885,4.440912379549935,7.3314524817597,5.533683473333449,-1.1007438316054734,5.842522817678045,-5.060745101803537,10.448918016375071,-0.9630847294425569,-4.97830204013746,-7.0176292556795605,4.014968725822208,-2.194972944267099,-4.496315096381204,-1.661381603111347,4.057724229300452,-2.2984947987875537,5.975492889926632,5.097732723907102,5.300746043502929,4.979633619780517,-0.9981317630081135,-1.678719926055571,0.3973496494324251,5.6451028194561115,3.8177034695876984,-4.238822481322729,1.3808797014486658,-2.489781629737884,-2.3310066474816287,2.0078626294424007,-4.099012034079091,-0.6912589151457369
-3.0765768188322875,0.3678647914369107,0.20062240382090504,-1.965979354616557,0.48589505018640694,-1.7104518066458334,0.7628406698556931,-0.6818794754845747,1.1691647350652359,-0.018476990981683837,0.35772912585357564,-2.4340579748312807,-0.11331414483095983,-1.3254335801823,-1.4478718350055706,-0.7720710126431802,-1.477888078644255,2.239542534751266,-0.9630847294425569,1.5540822264506062,0.5206801354990283,2.104768845885741,-1.7179984262021935,0.2718986967336225,1.30250720327726,-0.4759943453233994,-0.43965312942376594,0.21307156621362347,-1.0219712012783277,-1.6277893445417273,-2.0478852420053717,-0.4840167732967298,-0.4054028004889805,1.9819035530753764,0.07852450226595543,-0.1335257995182089,0.8997343303651724,1.2524531656861972,1.5084882419476715,0.38251134212606663,0.7986974753095076,-2.2187271080143662,-0.1956946097749377,-0.2656222100341287
-2.9670859891874044,2.1293294797641664,-2.844559466162448,-3.2598156539750685,2.5572588660909514,-0.8053338196966745,0.568855403510527,-1.3599789619022915,1.348122149025504,-0.8626842997691703,0.23753922835271962,-0.858395382989406,-2.1041104144138774,-3.5105565960983762,-2.653251223248546,0.5178909724128851,-2.798716048534509,2.465810790995524,-4.97830204013746,0.5206801354990283,2.394519935238953,3.3987900641546145,-1.940349686646074,1.037922095750382,2.1508318616696473,0.764269184566443,-1.9283006255438682,1.0919319355283772,-2.848927652452286,-2.4550919747022317,-2.5547250882448775,-2.376834057422359,0.4558942090463761,0.8400317723104124,-0.19019211010055267,-2.7009832014451596,-1.800282511629976,2.032584853376505,-0.6139283367787166,1.1888915385793164,1.136424255101777,-0.9993206448764665,1.9375715856200768,0.326552663572872
-6.626471662518942,2.968129139399689,-3.280765025694942,-5.8952709285645915,3.5914834689899564,-2.6394419096820094,1.4094883481141864,-2.310946885002066,2.7948811176897093,-1.0736937186097337,0.6317991007775958,-3.4553346255495874,-2.699832236686868,-5.577499208910837,-4.654950354037069,-0.13828081356826902,-4.870347303871418,5.184364493628804,-7.0176292556795605,2.104768845885741,3.3987900641546145,6.174856066846334,-4.056429256308239,1.5513761925985963,3.9148641525462553,0.48861399749990475,-2.7878577785246477,1.5404673680894017,-4.48994992628382,-4.5842887729329576,-5.128462584330402,-3.3640854371176534,0.18040509762528031,2.9629356058107463,-0.1448729534860078,-3.4061953718386575,-1.2971861508868574,3.7091311724956633,0.7104384610320856,1.8209824626315287,2.1592905154770325,-3.3885096224297353,2.176154253316113,0.13817890374915553
4.7472871134301915,-1.6918949955630977,1.6164074285443701,3.886107335658331,-2.046728550308717,2.0856920237396217,-1.0227184285260997,1.469131840161302,-1.9510825056335945,0.5592576343950838,-0.45993261134787056,2.8544822190428167,1.4328775679263486,3.4553593469549764,3.0267363356415427,0.4206205467076236,3.157331027364391,-3.6241521777235137,4.014968725822208,-1.7179984262021935,-1.940349686646074,-4.056429256308239,2.8570398209194505,-0.9280739974293963,-2.58072049595254,-0.05571502606796616,1.621908634358201,-0.8815252480063647,2.7582540917545044,3.0657290408995665,3.5344911535171932,1.9285778262623603,0.07636432039212668,-2.381003271747207,0.048805927163884696,1.8146195584739413,0.2655146888375242,-2.4505200665012827,-1.0292344319988285,-1.097268630584869,-1.4304125382027122,2.714238699049321,-1.0604244164729681,0.0628101825051475
-1.4166893414431396,0.9436418410288877,-1.2253263187172505,-1.4862242312612692,1.126322594380846,-0.4145095760581353,0.2594404143675004,-0.6070348250579547,0.6440614150290952,-0.37907821025028476,0.1266441351723692,-0.49985167576219136,-0.9517590774967046,-1.567457006755454,-1.2125783273992288,0.19432748972762015,-1.2802290382824555,1.1607527790381447,-2.194972944267099,0.2718986967336225,1.037922095750382,1.5513761925985963,-0.9280739974293963,0.49183707624897366,1.0055455248622032,0.32876211472114275,-0.8602677600796735,0.48961671879802204,-1.2888713048937623,-1.118233432293311,-1.2116448697161637,-1.0508411696981894,0.19079262719055698,0.4534877741863001,-0.0716040477888957,-1.160106728259983,-0.7320448344571853,0.9410057024692408,-0.22531603983972837,0.5186640311226866,0.5332612874446456,-0.5239868540663029,0.8185657540747023,0.13592787410490365
-4.227315304332405,1.9141644092588186,-2.1092289088244796,-3.7519900579148064,2.309182867732244,-1.6692166021250645,0.8952643143233615,-1.469697909145885,1.78117070551863,-0.6787729845487782,0.4094516119254658,-2.213533321109449,-1.7420559809117928,-3.553580977711086,-2.9790108799549895,-0.09943035889751271,-3.117242830730894,3.2839245887450557,-4.496315096381204,1.30250720327726,2.1508318616696473,3.9148641525462553,-2.58072049595254,1.0055455248622032,2.5200802847596417,0.3366362544181781,-1.797481025986974,0.9941630981908205,-2.883607803095817,-2.923871509544925,-3.2792556297587736,-2.151789651672883,0.13080341636805493,1.8858428199348929,-0.08404006309256339,-2.1425412644724013,-0.8273215265286012,2.380099833658949,0.42486338294240356,1.1679174626386661,1.3654227149406895,-2.1564281484432226,1.388478105552394,0.09043002411801082
0.11489878029514514,0.7347060846665093,-1.2825767908853034,-0.48940486034091074,0.8607781102480984,0.4214050611544447,-0.10072005768387345,-0.2653848106605104,0.050077783796987935,-0.3513991305657569,-0.05010189422290543,0.7075097847876349,-0.8473168335839898,-0.8783327069998922,-0.4742922298537979,0.5591053317351052,-0.5210331409126185,0.038143645216277035,-1.661381603111347,-0.4759943453233994,0.764269184566443,0.48861399749990475,-0.05571502606796616,0.32876211472114275,0.3366362544181781,0.5409222577586742,-0.6203599215073246,0.37001740164030555,-0.7483698259823035,-0.30231177258901815,-0.1741144212459512,-0.785092484167066,0.37366176601088547,-0.5217390790499256,-0.11064279800746489,-1.0579732901546877,-1.1503719789544613,0.3046073457711541,-0.9384955477419336,0.32522251024674986,0.12463962014092897,0.56388532437194006,0.8899831023903516,0.2572220953566897
2.504241686834859,-1.7475048390875392,2.3023570248864385,2.6880890607479704,-2.092425968443339,0.6964708781043137,-0.48297659434467094,1.114271034034572,-1.1253055545792219,0.686451098609688,-0.20974341151126863,0.786195201752584,1.709500043037643,2.8735198577314764,2.19968207829132,-0.3786382215828608,2.315493379362927,-2.0416406428899094,4.057724229300452,-0.43965312942376594,-1.9283006255438682,-2.7878577785246477,1.621908634358201,-0.8602677600796735,-1.797481025986974,-0.6203599215073246,1.58651214199034,-0.8990255821006508,2.3477235198926882,2.035266567108774,2.139327073903744,1.9367781400222581,-0.3633114198356269,-0.7447755153129256,0.14779972033292785,2.153622837369518,1.4195379217895483,-1.696772823646589,0.4616920391611807,-0.9769627877028809,-0.9263573340129002,0.8818719180793974,-1.5585058262883382,-0.25010286938257986
-1.3476708215796502,0.9920777600390979,-1.3271680213749566,-1.4822303861341481,1.1879038249707663,-0.3508201874259532,0.25870640709133336,-0.6195100048394513,0.6121735641948367,-0.39208203575967976,0.11557068766601426,-0.37838307639987434,-0.9805189168907738,-1.6064123687819398,-1.220332183486057,0.24415166278440278,-1.2829695470888531,1.106072763071894,-2.2984947987875537,0.21307156621362347,1.0919319355283772,1.5404673680894017,-0.8815252480063647,0.48961671879802204,0.9941630981908205,0.37001740164030555,-0.8990255821006508,0.5133673422996364,-1.3166775010715497,-1.1160031063933888,-1.170110289721385,-1.1006156483735894,0.2172301380293807,0.37098189592839587,-0.08863879616615046,-1.2303240635481938,-0.8446189632499935,0.9389716513445482,-0.31240759342549695,0.5470259383825214,0.5102225740930665,-0.4397264992500736,0.8958535367788035,0.1519501715326709
4.353627621063023,-2.5595118855929093,3.189729491450733,4.322671013852122,-3.069598927214246,1.4376492577677464,-0.864257563541544,1.747721148901205,-1.9069509184755047,0.98099623476297,-0.3789986234530774,1.7755897426584617,2.4467130361403044,4.411976642941897,3.4864794745249275,-0.3218609946055352,3.6664265590984386,-3.4854919585165485,5.975492889926632,-1.0219712012783277,-2.848927652452286,-4.48994992628382,2.7582540917545044,-1.2888713048937623,-2.883607803095817,-0.7483698259823035,2.3477235198926882,-1.3166775010715497,3.5856732931884454,3.308143233931221,3.5672703387488562,2.851742373157734,-0.41118076825420274,-1.5821043774512151,0.18386658571493172,3.0807251860927733,1.747443858475217,-2.7221001442233774,0.241073103126384,-1.4755150105846704,-1.5224367820824105,1.8415150624546497,-2.150863878982199,-0.28067575483373775
5.050515841426571,-2.16292738225611,2.3292145346990427,4.406875292780535,-2.612910739805602,2.050161346645048,-1.0818739415386223,1.714229354947331,-2.1041083641748846,0.7514908694659655,-0.47007737984386094,2.719801061413613,1.8995499301605834,4.122258932530934,3.475238459749033,0.20879033517992915,3.6327069354249657,-3.9010111222154427,5.097732723907102,-1.6277893445417273,-2.4550919747022317,-4.5842887729329576,3.0657290408995665,-1.118233432293311,-2.923871509544925,-0.30231177258901815,2.035266567108774,-1.1160031063933888,3.308143233931221,3.4530468726581796,3.8606777807182615,2.436502795383519,-0.08868584734552923,-2.312764484774638,0.1016284956971724,2.425170504821902,0.8217364493844416,-2.77643083598324,-0.682836876394741,-1.3518553845322474,-1.58226543675481,2.6592503824906126,-1.555365268611473,-0.049573408364230805
5.874846108722933,-2.2414696211080196,2.232969276991753,4.905954581807146,-2.7141887859762206,2.5161408906025327,-1.2743627109607985,1.8789207196064146,-2.4254025626199156,0.7512221351966704,-0.5811321753541399,3.4133573422974615,1.9431025200998524,4.435206656757832,3.8469552330323817,0.42419825178132303,4.012599979112322,-4.499750669388612,5.300746043502929,-2.0478852420053717,-2.5547250882448775,-5.128462584330402,3.5344911535171932,-1.2116448697161637,-3.2792556297587736,-0.1741144212459512,2.139327073903744,-1.170110289721385,3.5672703387488562,3.8606777807182615,4.419885733970455,2.5445893251117186,0.02269987740300467,-2.865280788293022,0.06813630525850149,2.4121815751803353,0.5382193852684926,-3.1084231772153044,-1.0882585598078944,-1.4295922782211798,-1.8066979318944763,3.263511180805953,-1.455558230160738,0.01907511905246432
2.9403358706786253,-2.1403005531776444,2.863611506760453,3.2362868053898746,-2.563938749354946,0.7793096792408347,-0.5570968994636937,1.348977234059684,-1.3387679719975814,0.858140601066108,-0.23871340037924987,0.8399980304380492,2.1161770812413674,3.4977395988952247,2.647936494648411,-0.5230291156015449,2.791031335954029,-2.4304370177367436,4.979633619780517,-0.4840167732967298,-2.376834057422359,-3.3640854371176534,1.9285778262623603,-1.0508411696981894,-2.151789651672883,-0.785092484167066,1.9367781400222581,-1.1006156483735894,2.851742373157734,2.436502795383519,2.5445893251117186,2.3797448526100027,-0.4653251021964852,-0.8189699198287668,0.19183642416767113,2.6883826837950657,1.815453026560621,-2.0310218174096186,0.645571819091721,-1.185550881025969,-1.119058837489622,0.974968478850872,-1.9451633890445386,-0.32642421651136067
0.27456444679786396,0.440944509174816,-0.822599823404297,-0.18880462478005258,0.51261675448306,0.3775580072468606,-0.11920107366384958,-0.12454845109796266,-0.04056082476422469,-0.2293465226222339,-0.05736058743903319,0.6026147099331775,-0.5393443938341361,-0.4737910341688166,-0.20524335424303994,0.4057081546621383,-0.23742445535068482,-0.11243327276142638,-0.9981317630081135,-0.4054028004889805,0.4558942090463761,0.18040509762528031,0.07636432039212668,0.19079262719055698,0.13080341636805493,0.37366176601088547,-0.3633114198356269,0.2172301380293807,-0.41118076825420274,-0.08868584734552923,0.02269987740300467,-0.4653251021964852,0.2697933338669583,-0.4584358485394233,-0.06914803154250532,-0.6678898316426756,-0.7833567945800973,0.10989779790725285,-0.6955897881185941,0.18179600689022674,0.03759250558624471,0.5032317987367507,0.5746691027478973,0.18711594126473352
-4.22208244325595,0.6758159049249258,0.0036733170044140917,-2.810120212062789,0.8504144338644614,-2.2547453732179874,1.008019450472198,-0.9804979062104557,1.6256440443867355,-0.09403583932226882,0.4745364950377048,-3.2393779727011,-0.34076405634249135,-2.0076897497274864,-2.101026981494476,-0.9779714010850495,-2.158236797327004,3.0723011405609553,-1.678719926055571,1.9819035530753764,0.8400317723104124,2.9629356058107463,-2.381003271747207,0.4534877741863001,1.8858428199348929,-0.5217390790499256,-0.7447755153129256,0.37098189592839587,-1.5821043774512151,-2.312764484774638,-2.865280788293022,-0.8189699198287668,-0.4584358485394233,2.6273789612304834,0.09783531849629745,-0.36814843977828843,1.0268671502601208,1.7999113952135788,1.8745518176176357,0.6008517676393625,1.1084957716003916,-2.947334942907794,-0.07987165184395732,-0.3174356015205964
0.02444448581492675,-0.1763389512435418,0.31105283985435966,0.1503128139964593,-0.20674342781154176,-0.07305222319075845,0.00991969131573235,0.07433139893266119,-0.02570345986239959,0.07771423163813801,0.01686638552990818,-0.1428445513464142,0.17315121223699567,0.24097132095071164,0.13682759864485675,-0.12107972876347288,0.14454674828878172,-0.039453418023104314,0.3973496494324251,0.07852450226595543,-0.19019211010055267,-0.1448729534860078,0.048805927163884696,-0.0716040477888957,-0.08404006309256339,-0.11064279800746489,0.14779972033292785,-0.08863879616615046,0.18386658571493172,0.1016284956971724,0.06813630525850149,0.19183642416767113,-0.06914803154250532,0.09783531849629745,0.04283818551920866,0.27358580299373286,0.2693853445836147,-0.08737783113685346,0.17693882033405078,-0.08446476806516365,-0.02236308959145722,-0.09347626751875923,-0.2298078812054419,-0.04012125138471521
2.57435652211545,-2.4249496890578164,3.4883459990978016,3.294877242999917,-2.8885293739364455,0.41644196005665224,-0.4061922641247798,1.4057471113916804,-1.25325247462652,1.0406787834284486,-0.1435124373588764,0.2523538169799318,2.4753168606211995,3.811363777553208,2.716455405004773,-0.8783790236892647,2.888377132060355,-2.2564274604819237,5.6451028194561115,-0.1335257995182089,-2.7009832014451596,-3.4061953718386575,1.8146195584739413,-1.160106728259983,-2.1425412644724013,-1.0579732901546877,2.153622837369518,-1.2303240635481938,3.0807251860927733,2.425170504821902,2.4121815751803353,2.6883826837950657,-0.6678898316426756,-0.36814843977828843,0.27358580299373286,3.2527618323120353,2.4522902870170604,-2.0221898191289283,1.1910397775844836,-1.2906878726410977,-1.099147838977179,0.494849512028697,-2.42096281686942,-0.4595573619005453
-0.014586310031846173,-1.6727421134254499,2.8834853855309213,1.2765801271971629,-1.9757073949990285,-0.8022804496212833,0.1463234598603084,0.6662344396547939,-0.19954409737458476,0.7939135730409189,0.09627174491982628,-1.443163087956905,1.8743758411961766,2.106497391498955,1.1828329321042033,-1.216531753837055,1.2828724103415676,-0.2799649510480579,3.8177034695876984,0.8997343303651724,-1.800282511629976,-1.2971861508868574,0.2655146888375242,-0.7320448344571853,-0.8273215265286012,-1.1503719789544613,1.4195379217895483,-0.8446189632499935,1.747443858475217,0.8217364493844416,0.5382193852684926,1.815453026560621,-0.7833567945800973,1.0268671502601208,0.2693853445836147,2.4522902870170604,2.553098211221786,-0.773039656624511,1.9589001512761017,-0.7688498936309149,-0.33892660811051434,-1.0931365646827413,-2.0183192013249376,-0.5454887285498845
-4.023270760826891,1.8056773383686746,-1.987189647347901,-3.5582053571786396,2.179316307056516,-1.5940807493276972,0.8608350158765006,-1.3930742648859158,1.6862018915978823,-0.6321455727462814,0.38833736812228176,-2.1049915740742464,-1.6198416737381636,-3.366949046853362,-2.824913172365184,-0.10527811665737992,-2.9492035964910035,3.1133379554448326,-4.238822481322729,1.2524531656861972,2.032584853376505,3.7091311724956633,-2.4505200665012827,0.9410057024692408,2.380099833658949,0.3046073457711541,-1.696772823646589,0.9389716513445482,-2.7221001442233774,-2.77643083598324,-3.1084231772153044,-2.0310218174096186,0.10989779790725285,1.7999113952135788,-0.08737783113685346,-2.0221898191289283,-0.773039656624511,2.257647800365824,0.4313007774465572,1.108445045526033,1.2829413833855328,-2.061240095706977,1.3136772843504716,0.07248405253745115
-2.093217517773324,-0.6352878765901044,1.645417366621898,-0.662285350888554,-0.7240815957535194,-1.5741432067735825,0.5849354619149276,-0.10494478105789942,0.6776878721690964,0.41801246729504604,0.26477626629429546,-2.4024665013718844,0.9641028370601054,0.19801903155649228,-0.357020650168954,-1.1856603636854444,-0.3251497591123208,1.3492360275608273,1.3808797014486658,1.5084882419476715,-0.6139283367787166,0.7104384610320856,-1.0292344319988285,-0.22531603983972837,0.42486338294240356,-0.9384955477419336,0.4616920391611807,-0.31240759342549695,0.241073103126384,-0.682836876394741,-1.0882585598078944,0.645571819091721,-0.6955897881185941,1.8745518176176357,0.17693882033405078,1.1910397775844836,1.9589001512761017,0.4313007774465572,2.0924530175767333,-0.13849654663600014,0.3202192495976381,-2.092105331093251,-1.159835483943751,-0.4964528223599775
-1.7403625796541378,1.068858378578326,-1.353645437677748,-1.7613235590188017,1.2835671044155814,-0.5525198658883326,0.3534670818072628,-0.7197813609973368,0.7578843364454678,-0.4044560933255497,0.14537038900724902,-0.6597101166137569,-1.0038830121484728,-1.8216369118779652,-1.42610066453284,0.1518966426619643,-1.4973394304047287,1.3889640936499539,-2.489781629737884,0.38251134212606663,1.1888915385793164,1.8209824626315287,-1.097268630584869,0.5186640311226866,1.1679174626386661,0.32522251024674986,-0.9769627877028809,0.5470259383825214,-1.4755150105846704,-1.3518553845322474,-1.4295922782211798,-1.185550881025969,0.18179600689022674,0.6008517676393625,-0.08446476806516365,-1.2906878726410977,-0.7688498936309149,1.108445045526033,-0.13849654663600014,0.6203723063677651,0.6024868419364503,-0.709474311764879,0.9208065650778989,0.11991521419747234
-2.3500910136865367,0.9752343347618155,-1.019981328154463,-2.0394841928424947,1.1853423317518283,-0.9805584858042891,0.5017793670674804,-0.7912673038849031,0.996682280197486,-0.36142624923299194,0.24152126658915243,-1.3055565971248906,-0.9155449149480323,-1.8754698080852352,-1.5952814346626458,-0.09022363623985528,-1.6716284177693448,1.8535603805187302,-2.3310066474816287,0.7986974753095076,1.136424255101777,2.1592905154770325,-1.4304125382027122,0.5332612874446456,1.3654227149406895,0.12463962014092897,-0.9263573340129002,0.5102225740930665,-1.5224367820824105,-1.58226543675481,-1.8066979318944763,-1.119058837489622,0.03759250558624471,1.1084957716003916,-0.02236308959145722,-1.099147838977179,-0.33892660811051434,1.2829413833855328,0.3202192495976381,0.6024868419364503,0.7906117160365362,-1.245326823587676,0.6552427127891092,0.047270792625336844
4.7967084579802295,-0.8147643137864572,0.08540736121683071,3.2291172451193657,-1.0197554277189518,2.5352153077471145,-1.1384713030854925,1.1334094007544642,-1.8458516403724474,0.12277173292558237,-0.5211996979884975,3.633737777749071,0.4141995283015729,2.350132728576257,2.4214338306181653,1.0867574686775705,2.491963931190059,-3.4877060374790165,2.0078626294424007,-2.2187271080143662,-0.9993206448764665,-3.3885096224297353,2.714238699049321,-0.5239868540663029,-2.1564281484432226,0.56388532437194006,0.8818719180793974,-0.4397264992500736,1.8415150624546497,2.6592503824906126,3.263511180805953,0.974968478850872,0.5032317987367507,-2.947334942907794,-0.09347626751875923,0.494849512028697,-1.0931365646827413,-2.061240095706977,-2.092105331093251,-0.709474311764879,-1.245326823587676,3.324719331444063,0.013184870900707423,0.35998946835496826
-1.4075522418322108,1.7798348312825438,-2.68995217298774,-2.1392983578914726,2.1077171869716422,-0.0033499325221866376,0.17988282252115123,-0.9416814082951147,0.7287651017531105,-0.7666943760669144,0.03836643455367318,0.24808589199657433,-1.8226144958549564,-2.6538203545244867,-1.805865679558972,0.783234476207093,-1.9255556020677516,1.2818907305632505,-4.099012034079091,-0.1956946097749377,1.9375715856200768,2.176154253316113,-1.0604244164729681,0.8185657540747023,1.388478105552394,0.8899831023903516,-1.5585058262883382,0.8958535367788035,-2.150863878982199,-1.555365268611473,-1.455558230160738,-1.9451633890445386,0.5746691027478973,-0.07987165184395732,-0.2298078812054419,-2.42096281686942,-2.0183192013249376,1.3136772843504716,-1.159835483943751,0.9208065650778989,0.6552427127891092,0.013184870900707423,1.885665558593552,0.3774649065025512
0.2017583717140687,0.299340741175057,-0.5575547503767331,-0.12341017197893181,0.3546749496828211,0.25850473427666365,-0.07660506194653946,-0.08826134565448676,-0.02776893772277765,-0.16453669349435762,-0.027773569760335896,0.4244460209326296,-0.3911235940330725,-0.313810691928008,-0.13387082666102865,0.2945574401887207,-0.1549426729351476,-0.07021654680811691,-0.6912589151457369,-0.2656222100341287,0.326552663572872,0.13817890374915553,0.0628101825051475,0.13592787410490365,0.09043002411801082,0.2572220953566897,-0.25010286938257986,0.1519501715326709,-0.28067575483373775,-0.049573408364230805,0.01907511905246432,-0.32642421651136067,0.18711594126473352,-0.3174356015205964,-0.04012125138471521,-0.4595573619005453,-0.5454887285498845,0.07248405253745115,-0.4964528223599775,0.11991521419747234,0.047270792625336844,0.35998946835496826,0.3774649065025512,0.14423457616848773
