V1,V2,V3,V4,V5,V6,V7,V8,V9,V10,V11,V12,V13,V14,V15,V16,V17,V18,V19,V20,V21,V22,V23,V24,V25,V26,V27,V28,V29,V30,V31,V32,V33,V34,V35,V36,V37,V38,V39,V40,V41,V42,V43,V44
206.67255594448244,66.3634642134869,-169.74723423128668,61.2611998740051,75.95868817977752,157.48842945287257,-57.81695624588074,8.650462739797232,-66.46277065387719,-43.412912348831654,-27.314600901042315,241.49362161369135,-96.5374226667103,-25.419768285290466,32.185875876932464,119.34303109203547,28.332974913204026,-133.06231604750505,-144.74240489453092,-151.16615625936765,65.30599120499365,-67.98777748316625,100.28466580673188,22.74824803125536,-41.588902370588045,93.49505026505386,-48.27298025189216,32.51705405836421,-27.046632645354766,64.57487342006065,107.28297578240496,-67.48701319829826,70.210821902885,-187.9463970003715,-19.79453930316561,-125.94374276132974,-199.82667769239143,-41.35317943235138,-208.81012835907808,16.418515404119837,-33.242296138312454,208.38626695356382,120.70872428407598,48.97369205388119
66.3634642134869,21.465253428895906,-55.024012576955364,19.837853949620794,24.381363983853,50.66742869793725,-18.732413282113928,2.746020222232852,-21.68303058859705,-13.530193353460447,-9.247406778991683,77.97109495191495,-30.82722357607671,-8.658410931323639,10.364962589213093,38.366820133055896,9.427005964622461,-42.84937556643704,-46.651569690734455,-48.535236976055074,20.89050288472621,-21.750086650767358,32.40086056109624,6.978508658630883,-13.422248773335175,30.55395758863041,-15.556909969167755,10.296609990868406,-8.782931983596576,20.577284965104166,34.438919473521096,-21.7929652204333,22.26388676026173,-60.64764367465352,-6.310400333939566,-40.34184390691257,-64.54406229763514,-13.305700353707484,-67.07664459246362,5.167591430722318,-10.634546308630842,67.07893579452708,39.64373360460145,15.516337600264208
-169.74723423128668,-55.024012576955364,141.1950595675471,-50.92657183704153,-62.32987671863375,-129.66835668547532,48.06938234226993,-6.981313526900183,55.783698607910324,34.1938690188462,24.07669676770409,-199.81071601925538,78.7430719335825,22.6066919525386,-26.55381419869589,-98.17410570258903,-24.440910098250487,109.68177378618896,119.4618273361493,124.09466080551096,-53.34509255051015,55.51481943696951,-83.08415621021133,-17.54657161030876,34.37670430842298,-78.6769157603121,39.84811213380387,-26.181635160851418,22.549424317636415,-52.50636048173884,-88.06223009428467,55.860063736091426,-56.654572584587974,155.37249419232407,16.070096288511877,103.0207033614238,165.42164915083725,34.05783394444591,171.6108211009907,-13.075498782539597,27.098399042250755,-171.71982632076376,-102.18846659914925,-39.5031004268709
61.2611998740051,19.837853949620794,-50.92657183704153,18.511713110512332,22.42811979586946,46.73484678969292,-17.367897682261027,2.5104835894794366,-20.191179512980884,-12.211776730561724,-8.72804254548056,72.11176523111571,-28.57137443139865,-8.189399247651096,9.66368222760123,35.474974106009135,9.001045236087949,-39.49200469463447,-43.082515472643145,-44.61632579743263,19.208217918519132,-19.86762427971843,30.0862110719058,6.2883133800074065,-12.354907861990387,28.586939119262855,-14.377990959194868,9.385671781058539,-8.152554571871464,18.98471782012914,31.707583573579743,-20.194384400187065,20.326891483266134,-56.05379874387833,-5.655785252341784,-36.954012831641215,-59.69858410213631,-12.296398445318124,-62.019132594020874,4.580908457482044,-9.512588490181004,62.027872373355635,36.90641603964844,14.301083802358697
75.95868817977752,24.381363983853,-62.32987671863375,22.42811979586946,27.963196490351965,57.90157944637949,-21.221213804662554,3.194700417162293,-24.354451709621735,-16.08528390728511,-9.961794744635478,88.7084655938769,-35.43885589655095,-9.249028353317312,11.785169491025123,43.85137070168922,10.289297577665582,-48.93000142208864,-53.20412619027955,-55.6550597198213,24.037979464159566,-25.082899861472022,36.788836965493,8.436228617878992,-15.300841133975158,34.20556415413651,-17.734947242459743,11.999265168334075,-9.92108773121046,23.74357826729486,39.47459146577889,-24.77003482423661,25.907128140227186,-69.06046748885406,-7.3405207260924374,-46.41831715548638,-73.4032082252053,-15.185932174505954,-76.70559349945671,6.119746372809422,-12.342733057574076,76.54803291521695,44.23748730977435,18.01957165090785
157.48842945287257,50.66742869793725,-129.66835668547532,46.73484678969292,57.90157944637949,120.09285223918086,-44.15616736923453,6.571870297795677,-50.830181093308404,-32.883838751525985,-21.082015552211214,184.2819556726147,-73.41052738162692,-19.651005810518686,24.516112815094242,90.95802671613563,21.72106686157224,-101.49990927530024,-110.4123589554847,-115.2554861865482,49.73526520989047,-51.82253977810506,76.50440570429767,17.161177806425105,-31.750930647528183,71.49483940894807,-36.82041423411529,24.717312956319926,-20.663373598071733,49.10430974777351,81.7734526740286,-51.486455742234234,53.38408271972674,-143.40172044850186,-15.107187351121121,-95.99399504519165,-152.497428843422,-31.525514377361112,-159.1084624190879,12.498263964981383,-25.4053540679143,158.8738838540754,92.50007512017264,37.18150498062804
-57.81695624588074,-18.732413282113928,48.06938234226993,-17.367897682261027,-21.221213804662554,-44.15616736923453,16.42784357842736,-2.3771964829102648,19.030056017271914,11.652203548162166,8.197413237107678,-68.06897933166242,26.877074004573704,7.636841192348041,-9.064813156681401,-33.497373606495806,-8.382796291529477,37.32147944482173,40.71874782278376,42.27111211952802,-18.19569963580192,18.88105823874077,-28.32370531554874,-6.0006551351877215,11.673314972265183,-26.851300725556563,13.567711574871941,-8.935859664350112,7.705631812389359,-17.91991710756138,-29.96867745916911,19.034770135926657,-19.34411328856539,52.9209145567806,5.407051399353815,35.04363071370291,56.33094675933274,11.608625311712661,58.53595232010613,-4.425350033284681,9.148149515506269,-58.52724694016013,-34.7916168617252,-13.518262044590527
8.650462739797232,2.746020222232852,-6.981313526900183,2.5104835894794366,3.194700417162293,6.571870297795677,-2.3771964829102648,0.38593476719564035,-2.696202830396132,-1.9411006395838524,-1.035926769209564,10.009736454521656,-4.063825294807587,-0.9285849963837118,1.330412811473297,4.988818136821266,1.0988862778388329,-5.552060471106262,-6.030308875646765,-6.3560235140188075,2.7560406570557636,-2.8868248991590897,4.1420673365936445,1.0371650658214844,-1.7298188473649547,3.7704043685381197,-2.0030721314713964,1.3970608476641788,-1.1064211463553872,2.7408181936291043,4.5087006481233,-2.7877630326429204,3.018925628584818,-7.815688043323949,-0.8443235251895856,-5.322700208480125,-8.283622315860068,-1.7207741571957647,-8.722324260904362,0.733604098247532,-1.417944717701717,8.6838881835145,4.842612391471195,2.104358127786366
-66.46277065387719,-21.68303058859705,55.783698607910324,-20.191179512980884,-24.354451709621735,-50.830181093308404,19.030056017271914,-2.696202830396132,22.240705527403755,12.896294819072622,9.934543658828497,-78.66961987070894,30.76145326504039,9.34523114206834,-10.478325445947464,-38.53338397632827,-10.036241453965456,43.001722810287056,46.94605686270723,48.49216084756778,-20.790483037882236,21.550702976975625,-32.802110108476214,-6.521223856385822,13.48297939370011,-31.48185036817173,15.654738683394875,-10.072131915487956,8.946075152263322,-20.43307056163941,-34.41713593072651,22.01962517892173,-21.847528704313543,61.126330539599074,6.134299710841644,40.08193877612249,65.14333431837578,13.369251859249266,67.30090636837751,-4.91527608300518,10.384627661364336,-67.44638271751937,-40.91936768145817,-15.305953032737769
-43.412912348831654,-13.530193353460447,34.1938690188462,-12.211776730561724,-16.08528390728511,-32.883838751525985,11.652203548162166,-1.9411006395838524,12.896294819072622,10.523298785504782,4.315039768514558,-49.52466501583929,20.594031867130457,3.8163401359267577,-6.5709706351043335,-24.9238035973569,-4.767080011501144,27.715836786122168,29.981436568794077,32.0314716643749,-14.027681275570181,14.744717099658235,-20.361336171028174,-5.809378114622972,8.602151601461868,-17.850809193111616,9.978670365403154,-7.348636460691793,5.3927272429560125,-13.99526934477351,-22.675564465379274,13.7687055038184,-15.76285926386371,38.68023053201492,4.456144418968313,27.070849790010808,40.91158089725248,8.596853528407268,43.70816574698109,-3.969531194795302,7.428432809654662,-43.25551134228444,-22.771014078477208,-10.872494324533358
-27.314600901042315,-9.247406778991683,24.07669676770409,-8.72804254548056,-9.961794744635478,-21.082015552211214,8.197413237107678,-1.035926769209564,9.934543658828497,4.315039768514558,5.17683238919811,-33.28482960070023,12.310564156594172,4.978511762866518,-4.403392462288678,-15.946009780306426,-4.9431045816568355,17.913148111376266,19.66389483932393,19.845361742952814,-8.335525478412004,8.609167093337726,-13.973920114797721,-1.9206488208790893,5.677715386632921,-14.21691142466701,6.5576745858253025,-3.7733489907457543,3.8935408772794715,-8.053580390804406,-14.097872162875627,9.337186701235481,-8.277811122930292,25.784426002724135,2.3621139833159943,16.147646944711997,27.622347959675622,5.55400507312633,27.734355651724574,-1.7199607193343065,4.071368992120187,-28.102369817249354,-18.819019634682927,-5.828315260360131
241.49362161369135,77.97109495191495,-199.81071601925538,72.11176523111571,88.7084655938769,184.2819556726147,-68.06897933166242,10.009736454521656,-78.66961987070894,-49.52466501583929,-33.28482960070023,283.42622733765273,-112.39699896544025,-31.102445842224018,37.719022928462486,139.62123584927468,34.10586581651124,-155.78678724446783,-169.63544652606416,-176.59862323857723,76.07652066094869,-79.15554202857575,117.80337122534642,25.65899215753503,-48.76299027824554,110.85258299902561,-56.5738522232022,37.559359788364766,-31.892586809151684,75.04360657464017,125.31655223371581,-79.21368132711908,81.2203790844209,-220.46542051986978,-22.93294130310222,-146.79208009936764,-234.59050831128832,-48.39316619484359,-244.128368705161,18.844038623772825,-38.61656370189739,243.99156247286336,143.58364498225933,56.66464520115123
-96.5374226667103,-30.82722357607671,78.7430719335825,-28.57137443139865,-35.43885589655095,-73.41052738162692,26.877074004573704,-4.063825294807587,30.76145326504039,20.594031867130457,12.310564156594172,-112.39699896544025,45.444474920812304,11.379113480204623,-15.076897637729736,-55.774670212046566,-13.070903774843359,61.932220877492284,67.4411053131862,70.48398080231232,-30.56431587711409,31.675468193954284,-46.74734054512583,-10.938202677695267,19.29654549003786,-43.332644078022746,22.496865293851506,-15.286216045332617,12.563501888715987,-30.373260206024007,-50.05555174548479,31.436490513689186,-32.9979323504313,87.48695027125737,9.138537261877861,58.72631273476146,92.9769323492426,19.287573930351975,97.62914991134983,-7.657000848312607,15.292111121771999,-97.24137621424305,-55.5227878985131,-23.157868349838957
-25.419768285290466,-8.658410931323639,22.6066919525386,-8.189399247651096,-9.249028353317312,-19.651005810518686,7.636841192348041,-0.9285849963837118,9.34523114206834,3.8163401359267577,4.978511762866518,-31.102445842224018,11.379113480204623,4.897663153023026,-4.107632426730027,-14.79068026017883,-4.6828582575565365,16.723865793073045,18.30715050089843,18.405228577170334,-7.694023971377317,7.962930180372082,-13.067693814840178,-1.6339281616240793,5.328751833642365,-13.401190552494924,6.133467018084772,-3.434735064248744,3.6370860152793734,-7.406171658854868,-13.11066931596301,8.738542312630289,-7.527290517338236,24.06508389125566,2.230105943376114,14.9755188749881,25.833038483039545,5.176396204608894,25.758491700826724,-1.546774123500343,3.807591662418115,-26.172353649427293,-17.832320860200493,-5.283593173980763
32.185875876932464,10.364962589213093,-26.55381419869589,9.66368222760123,11.785169491025123,24.516112815094242,-9.064813156681401,1.330412811473297,-10.478325445947464,-6.5709706351043335,-4.403392462288678,37.719022928462486,-15.076897637729736,-4.107632426730027,5.072327951528424,18.625462046496782,4.614517673779902,-20.699184041349863,-22.566591868782673,-23.433420005032225,10.125832992659753,-10.465654411014832,15.728897277071262,3.4270421909250683,-6.462699906426765,14.817596961213095,-7.528237920286083,4.994017463386434,-4.249692249677339,10.032757640799042,16.653200004199363,-10.566092760120972,10.793125775895415,-29.33092502711044,-2.9826472645603985,-19.451077718308806,-31.210926979411784,-6.454531655264108,-32.58218353637631,2.4412500770157974,-5.00845049342073,32.53275189034858,19.047406758104774,7.599581321405505
119.34303109203547,38.366820133055896,-98.17410570258903,35.474974106009135,43.85137070168922,90.95802671613563,-33.497373606495806,4.988818136821266,-38.53338397632827,-24.9238035973569,-15.946009780306426,139.62123584927468,-55.774670212046566,-14.79068026017883,18.625462046496782,69.00436515807445,16.558255784923535,-76.82908525300923,-83.67832191549044,-87.27899806670597,37.70235174749804,-39.18016436400533,58.02432692649284,13.048002417199289,-23.998922550875523,54.259657783865904,-27.891472448583464,18.72911807041089,-15.67762114950256,37.278784465158665,61.92148875689482,-39.02489289216705,40.472045401881005,-108.64509463016468,-11.323471811077521,-72.62167235740766,-115.52551133426424,-23.889267287111362,-120.68103521545592,9.405459855931092,-19.054414377417217,120.44021911396169,70.0073944423248,28.28218777483581
28.332974913204026,9.427005964622461,-24.440910098250487,9.001045236087949,10.289297577665582,21.72106686157224,-8.382796291529477,1.0988862778388329,-10.036241453965456,-4.767080011501144,-4.9431045816568355,34.10586581651124,-13.070903774843359,-4.6828582575565365,4.614517673779902,16.558255784923535,4.995297347656154,-18.373772788344873,-20.218307332587536,-20.44314505809878,8.704133901473753,-8.860904513576909,14.386312217550163,2.274764886147251,-5.763961523022625,14.410555074869686,-6.737106769719385,4.019746509613108,-3.9719216910260142,8.538967030445816,14.548723423065919,-9.60680280632601,8.786446178039727,-26.437636901441586,-2.3462509274183283,-16.64762406034808,-28.26473547293656,-5.748082532588811,-28.8493809258246,1.7505220860717357,-4.014461566666515,29.05727302033569,18.677975271275706,6.31472120033379
-133.06231604750505,-42.84937556643704,109.68177378618896,-39.49200469463447,-48.93000142208864,-101.49990927530024,37.32147944482173,-5.552060471106262,43.001722810287056,27.715836786122168,17.913148111376266,-155.78678724446783,61.932220877492284,16.723865793073045,-20.699184041349863,-76.82908525300923,-18.373772788344873,85.81654749833203,93.31741201724753,97.4078796347956,-42.00039910814656,43.81007596347682,-64.65351456537307,-14.424256333312975,26.86336676218245,-60.466800053414424,31.121388510418157,-20.856056771707216,17.46729874261764,-41.43514301697145,-69.11166637437378,43.51527914568363,-45.04733325240217,121.23059296830436,12.802849424681812,81.13815220351147,128.930961966659,26.640698643770357,134.3884675470553,-10.573016905751121,21.533788112445443,-134.24503105570588,-78.34607994920631,-31.337314771142893
-144.74240489453092,-46.651569690734455,119.4618273361493,-43.082515472643145,-53.20412619027955,-110.4123589554847,40.71874782278376,-6.030308875646765,46.94605686270723,29.981436568794077,19.66389483932393,-169.63544652606416,67.4411053131862,18.30715050089843,-22.566591868782673,-83.67832191549044,-20.218307332587536,93.31741201724753,101.61348319277776,105.91959514542869,-45.675680807506694,47.53673287683238,-70.46675366053259,-15.599573199104578,29.186098757066244,-66.09258725941378,33.87422473370572,-22.625802201735763,19.068461515214615,-45.0744630907637,-75.13345746098025,47.40053319764602,-48.9113469076792,131.9869682657767,13.784860947923457,88.1073762193133,140.38979868049697,28.987250499892944,146.31758174418673,-11.396155060657224,23.216883711908345,-146.1488926415983,-85.53306966955081,-34.10702652590059
-151.16615625936765,-48.535236976055074,124.09466080551096,-44.61632579743263,-55.6550597198213,-115.2554861865482,42.27111211952802,-6.3560235140188075,48.49216084756778,32.0314716643749,19.845361742952814,-176.59862323857723,70.48398080231232,18.405228577170334,-23.433420005032225,-87.27899806670597,-20.44314505809878,97.4078796347956,105.91959514542869,110.84067708677723,-47.85867284360891,49.964200851788625,-73.20684893160025,-16.792092913542422,30.459574656604698,-68.06674286269784,35.304926747256,-23.898609863670437,19.75884007601079,-47.25353567451842,-78.58391546866696,49.28591118334169,-51.60653581694569,137.47389836267524,14.63552699793235,92.43023606723052,146.12145737943916,30.22832722509314,152.66691435582783,-12.226691667635519,24.62608078897653,-152.3459213425523,-88.10429802414123,-35.848209585196734
65.30599120499365,20.89050288472621,-53.34509255051015,19.208217918519132,24.037979464159566,49.73526520989047,-18.19569963580192,2.7560406570557636,-20.790483037882236,-14.027681275570181,-8.335525478412004,76.07652066094869,-30.56431587711409,-7.694023971377317,10.125832992659753,37.70235174749804,8.704133901473753,-42.00039910814656,-45.675680807506694,-47.85867284360891,20.72351504015765,-21.595985573156053,31.536919724536965,7.415542297405226,-13.10743042254097,29.171298277799814,-15.22126489069158,10.40565002874231,-8.501516817626062,20.49900614277163,33.927444385806396,-21.243379412949,22.440907019385847,-59.23064605963403,-6.314142012245587,-39.94872018548628,-62.92474405467187,-13.053375899610234,-65.97906622350807,5.308231174176563,-10.612488121755643,65.75363048460828,37.61545177028825,15.613247466600432
-67.98777748316625,-21.750086650767358,55.51481943696951,-19.86762427971843,-25.082899861472022,-51.82253977810506,18.88105823874077,-2.8868248991590897,21.550702976975625,14.744717099658235,8.609167093337726,-79.15554202857575,31.675468193954284,7.962930180372082,-10.465654411014832,-39.18016436400533,-8.860904513576909,43.81007596347682,47.53673287683238,49.964200851788625,-21.595985573156053,22.648799184748043,-32.7232984992705,-7.773198787183036,13.705529438150304,-30.134848149985157,15.8408653836279,-10.88063853655921,8.808363617545927,-21.312768158140493,-35.404067377371916,22.06348405097278,-23.456003961549417,61.65746293033332,6.726082286778103,41.80111573217767,65.48118650585258,13.577370063854143,68.56265785239262,-5.664283961821773,11.311064025930788,-68.37194174115822,-39.06389480800138,-16.20463405571927
100.28466580673188,32.40086056109624,-83.08415621021133,30.0862110719058,36.788836965493,76.50440570429767,-28.32370531554874,4.1420673365936445,-32.802110108476214,-20.361336171028174,-13.973920114797721,117.80337122534642,-46.74734054512583,-13.067693814840178,15.728897277071262,58.02432692649284,14.386312217550163,-64.65351456537307,-70.46675366053259,-73.20684893160025,31.536919724536965,-32.7232984992705,49.0491696320033,10.538259888707797,-20.227050619864443,46.31830578074504,-23.505850341442756,15.507669110987857,-13.278002509195403,31.149071117925256,51.98236927437498,-32.95413798616461,33.56117375071554,-91.61402383696588,-9.401451504101674,-60.758148015671374,-97.5118206753288,-20.104429102240534,-101.44627587518563,7.68786037427357,-15.821872776573885,101.40201433720513,59.87057269799457,23.51166788392365
22.74824803125536,6.978508658630883,-17.54657161030876,6.2883133800074065,8.436228617878992,17.161177806425105,-6.0006551351877215,1.0371650658214844,-6.521223856385822,-5.809378114622972,-1.9206488208790893,25.65899215753503,-10.938202677695267,-1.6339281616240793,3.4270421909250683,13.048002417199289,2.274764886147251,-14.424256333312975,-15.599573199104578,-16.792092913542422,7.415542297405226,-7.773198787183036,10.538259888707797,3.2870314007339343,-4.450435464695744,8.993061861448728,-5.19124948848246,3.9577229422135,-2.763870889527527,7.457566080494078,11.885168351487119,-7.130901736489108,8.471911907009636,-20.060165463368556,-2.3498677339431135,-14.247002192027006,-21.173991360821553,-4.483971510217368,-22.910398760585842,2.151136266752299,-3.8957280409948956,22.560832680791258,11.305052013848073,5.864159079919664
-41.588902370588045,-13.422248773335175,34.37670430842298,-12.354907861990387,-15.300841133975158,-31.750930647528183,11.673314972265183,-1.7298188473649547,13.48297939370011,8.602151601461868,5.677715386632921,-48.76299027824554,19.29654549003786,5.328751833642365,-6.462699906426765,-23.998922550875523,-5.763961523022625,26.86336676218245,29.186098757066244,30.459574656604698,-13.10743042254097,13.705529438150304,-20.227050619864443,-4.450435464695744,8.427260452679702,-18.954648709461274,9.737768467323189,-6.492579737130873,5.463988122704094,-12.910310238854848,-21.617152926885723,13.613763492512144,-14.026455698425776,37.943389394729174,4.028889907871012,25.37861216939116,40.36668385101895,8.326982641431126,41.97101801638625,-3.3093122749440336,6.776407709569932,-41.968971732701995,-24.640981766076617,-9.73394565233731
93.49505026505386,30.55395758863041,-78.6769157603121,28.586939119262855,34.20556415413651,71.49483940894807,-26.851300725556563,3.7704043685381197,-31.48185036817173,-17.850809193111616,-14.21691142466701,110.85258299902561,-43.332644078022746,-13.401190552494924,14.817596961213095,54.259657783865904,14.410555074869686,-60.466800053414424,-66.09258725941378,-68.06674286269784,29.171298277799814,-30.134848149985157,46.31830578074504,8.993061861448728,-18.954648709461274,44.68395458110289,-22.04745657129329,14.045149466842215,-12.637272500499323,28.701224152285914,48.35137663711805,-31.06155675062582,30.497532812034656,-86.10308998429869,-8.490862069693197,-56.15139678504098,-91.80923705118805,-18.81742685696165,-94.75008802772928,6.7504259907419035,-14.363737461491539,94.99314558638861,57.97423383400853,21.473202719979117
-48.27298025189216,-15.556909969167755,39.84811213380387,-14.377990959194868,-17.734947242459743,-36.82041423411529,13.567711574871941,-2.0030721314713964,15.654738683394875,9.978670365403154,6.5576745858253025,-56.5738522232022,22.496865293851506,6.133467018084772,-7.528237920286083,-27.891472448583464,-6.737106769719385,31.121388510418157,33.87422473370572,35.304926747256,-15.22126489069158,15.8408653836279,-23.505850341442756,-5.19124948848246,9.737768467323189,-22.04745657129329,11.30272184517821,-7.534410498425355,6.354343371572173,-15.027440966740865,-25.05603758035213,15.810358312010326,-16.285411704927974,44.01039140380591,4.605875802457936,29.37005656184762,46.8248744535781,9.666187904062484,48.78600212343299,-3.793389598397409,7.7402703988717265,-48.7328659388289,-28.533432662143905,-11.356987354747382
32.51705405836421,10.296609990868406,-26.181635160851418,9.385671781058539,11.999265168334075,24.717312956319926,-8.935859664350112,1.3970608476641788,-10.072131915487956,-7.348636460691793,-3.7733489907457543,37.559359788364766,-15.286216045332617,-3.434735064248744,4.994017463386434,18.72911807041089,4.019746509613108,-20.856056771707216,-22.625802201735763,-23.898609863670437,10.40565002874231,-10.88063853655921,15.507669110987857,3.9577229422135,-6.492579737130873,14.045149466842215,-7.534410498425355,5.330972348185074,-4.161509248900167,10.311383858782003,16.919976827665945,-10.473665145565919,11.451699138520556,-29.270108134291974,-3.2314808228299547,-20.061489425343137,-31.0388593449688,-6.4841728498814,-32.81466977788572,2.778673440124913,-5.421903154255379,32.60437281663687,18.04923055840845,7.922101266777052
-27.046632645354766,-8.782931983596576,22.549424317636415,-8.152554571871464,-9.92108773121046,-20.663373598071733,7.705631812389359,-1.1064211463553872,8.946075152263322,5.3927272429560125,3.8935408772794715,-31.892586809151684,12.563501888715987,3.6370860152793734,-4.249692249677339,-15.67762114950256,-3.9719216910260142,17.46729874261764,19.068461515214615,19.75884007601079,-8.501516817626062,8.808363617545927,-13.278002509195403,-2.763870889527527,5.463988122704094,-12.637272500499323,6.354343371572173,-4.161509248900167,3.620330277137738,-8.363892375942974,-14.009403473551693,8.923872899133007,-9.008289730445505,24.788668899591006,2.515179919012456,16.368005155347134,26.396689824608227,5.43525928527918,27.394595746548305,-2.0486727344875497,4.256602510802244,-27.404068752758207,-16.383113296357916,-6.301260063506975
64.57487342006065,20.577284965104166,-52.50636048173884,18.98471782012914,23.74357826729486,49.10430974777351,-17.91991710756138,2.7408181936291043,-20.43307056163941,-13.99526934477351,-8.053580390804406,75.04360657464017,-30.373260206024007,-7.406171658854868,10.032757640799042,37.278784465158665,8.538967030445816,-41.43514301697145,-45.0744630907637,-47.25353567451842,20.49900614277163,-21.312768158140493,31.149071117925256,7.457566080494078,-12.910310238854848,28.701224152285914,-15.027440966740865,10.311383858782003,-8.363892375942974,20.36022654522601,33.530374744320085,-20.96215407782117,22.24628104599787,-58.43802946805428,-6.198075337565416,-39.43904539362745,-62.066589808244004,-12.891241261619191,-65.25800984919937,5.2380211277284765,-10.382042601238009,64.96555262078371,36.823007331308055,15.547818646166776
107.28297578240496,34.438919473521096,-88.06223009428467,31.707583573579743,39.47459146577889,81.7734526740286,-29.96867745916911,4.5087006481233,-34.41713593072651,-22.675564465379274,-14.097872162875627,125.31655223371581,-50.05555174548479,-13.11066931596301,16.653200004199363,61.92148875689482,14.548723423065919,-69.11166637437378,-75.13345746098025,-78.58391546866696,33.927444385806396,-35.404067377371916,51.98236927437498,11.885168351487119,-21.617152926885723,48.35137663711805,-25.05603758035213,16.919976827665945,-14.009403473551693,33.530374744320085,55.75598214931433,-34.98600204600389,36.541096163218754,-97.55238461221883,-10.366036682755821,-65.52541323163261,-103.70354454462229,-21.448977058574403,-108.32724804900201,8.633007279001033,-17.41059724700981,108.11563748341624,62.53573228333226,25.42219434551585
-67.48701319829826,-21.7929652204333,55.860063736091426,-20.194384400187065,-24.77003482423661,-51.486455742234234,19.034770135926657,-2.7877630326429204,22.01962517892173,13.7687055038184,9.337186701235481,-79.21368132711908,31.436490513689186,8.738542312630289,-10.566092760120972,-39.02489289216705,-9.60680280632601,43.51527914568363,47.40053319764602,49.28591118334169,-21.243379412949,22.06348405097278,-32.95413798616461,-7.130901736489108,13.613763492512144,-31.06155675062582,15.810358312010326,-10.473665145565919,8.923872899133007,-20.96215407782117,-34.98600204600389,22.16131235542911,-22.64278980009833,61.608820031171675,6.3677801529779945,40.94777993024897,65.5630780865207,13.530851938285018,68.24591389062215,-5.2064559126879235,10.717779112822553,-68.20691147973739,-40.17561088243861,-15.831687362821173
70.210821902885,22.26388676026173,-56.654572584587974,20.326891483266134,25.907128140227186,53.38408271972674,-19.34411328856539,3.018925628584818,-21.847528704313543,-15.76285926386371,-8.277811122930292,81.2203790844209,-32.9979323504313,-7.527290517338236,10.793125775895415,40.472045401881005,8.786446178039727,-45.04733325240217,-48.9113469076792,-51.60653581694569,22.440907019385847,-23.456003961549417,33.56117375071554,8.471911907009636,-14.026455698425776,30.497532812034656,-16.285411704927974,11.451699138520556,-9.008289730445505,22.24628104599787,36.541096163218754,-22.64278980009833,24.64150455805123,-63.29558426352365,-6.934664596657816,-43.25907142430426,-67.13484109126588,-13.997078871557546,-70.8738744662573,5.963254589443148,-11.64318486722751,70.44845496913993,39.20397183678106,17.072004932964106
-187.9463970003715,-60.64764367465352,155.37249419232407,-56.05379874387833,-69.06046748885406,-143.40172044850186,52.9209145567806,-7.815688043323949,61.126330539599074,38.68023053201492,25.784426002724135,-220.46542051986978,87.48695027125737,24.06508389125566,-29.33092502711044,-108.64509463016468,-26.437636901441586,121.23059296830436,131.9869682657767,137.47389836267524,-59.23064605963403,61.65746293033332,-91.61402383696588,-20.060165463368556,37.943389394729174,-86.10308998429869,44.01039140380591,-29.270108134291974,24.788668899591006,-58.43802946805428,-97.55238461221883,61.608820031171675,-63.29558426352365,171.52208600908082,17.87764180473227,114.3098752937006,182.4813081292624,37.65058293171779,189.96270749469264,-14.718233138522809,30.101964765410447,-189.8396994788663,-111.51243569094841,-44.15122679335386
-19.79453930316561,-6.310400333939566,16.070096288511877,-5.655785252341784,-7.3405207260924374,-15.107187351121121,5.407051399353815,-0.8443235251895856,6.134299710841644,4.456144418968313,2.3621139833159943,-22.93294130310222,9.138537261877861,2.230105943376114,-2.9826472645603985,-11.323471811077521,-2.3462509274183283,12.802849424681812,13.784860947923457,14.63552699793235,-6.314142012245587,6.726082286778103,-9.401451504101674,-2.3498677339431135,4.028889907871012,-8.490862069693197,4.605875802457936,-3.2314808228299547,2.515179919012456,-6.198075337565416,-10.366036682755821,6.3677801529779945,-6.934664596657816,17.87764180473227,2.1055401315904727,12.352797088244865,18.97658019090636,3.9414231256934182,19.850723649069952,-1.7733366557690384,3.5196163030418894,-19.804426716086926,-11.148815171805916,-4.692582577317704
-125.94374276132974,-40.34184390691257,103.0207033614238,-36.954012831641215,-46.41831715548638,-95.99399504519165,35.04363071370291,-5.322700208480125,40.08193877612249,27.070849790010808,16.147646944711997,-146.79208009936764,58.72631273476146,14.9755188749881,-19.451077718308806,-72.62167235740766,-16.64762406034808,81.13815220351147,88.1073762193133,92.43023606723052,-39.94872018548628,41.80111573217767,-60.758148015671374,-14.247002192027006,25.37861216939116,-56.15139678504098,29.37005656184762,-20.061489425343137,16.368005155347134,-39.43904539362745,-65.52541323163261,40.94777993024897,-43.25907142430426,114.3098752937006,12.352797088244865,77.25127343562737,121.44787691942562,25.162591227139064,127.0783056705424,-10.3631274729246,20.75842921255154,-126.75430896252523,-72.71506295546561,-29.964197988234314
-199.82667769239143,-64.54406229763514,165.42164915083725,-59.69858410213631,-73.4032082252053,-152.497428843422,56.33094675933274,-8.283622315860068,65.14333431837578,40.91158089725248,27.622347959675622,-234.59050831128832,92.9769323492426,25.833038483039545,-31.210926979411784,-115.52551133426424,-28.26473547293656,128.930961966659,140.38979868049697,146.12145737943916,-62.92474405467187,65.48118650585258,-97.5118206753288,-21.173991360821553,40.36668385101895,-91.80923705118805,46.8248744535781,-31.0388593449688,26.396689824608227,-62.066589808244004,-103.70354454462229,65.5630780865207,-67.13484109126588,182.4813081292624,18.97658019090636,121.44787691942562,194.1884079743335,40.04023518678012,201.9878827080658,-15.580481703619197,31.945441201916005,-201.91055465286365,-118.95616517049943,-46.841124074050754
-41.35317943235138,-13.305700353707484,34.05783394444591,-12.296398445318124,-15.185932174505954,-31.525514377361112,11.608625311712661,-1.7207741571957647,13.369251859249266,8.596853528407268,5.55400507312633,-48.39316619484359,19.287573930351975,5.176396204608894,-6.454531655264108,-23.889267287111362,-5.748082532588811,26.640698643770357,28.987250499892944,30.22832722509314,-13.053375899610234,13.577370063854143,-20.104429102240534,-4.483971510217368,8.326982641431126,-18.81742685696165,9.666187904062484,-6.4841728498814,5.43525928527918,-12.891241261619191,-21.448977058574403,13.530851938285018,-13.997078871557546,37.65058293171779,3.9414231256934182,25.162591227139064,40.04023518678012,8.287372462378016,41.7990127552827,-3.250112284128163,6.629536696916928,-41.73244189467474,-24.313114996706727,-9.764316972762439
-208.81012835907808,-67.07664459246362,171.6108211009907,-62.019132594020874,-76.70559349945671,-159.1084624190879,58.53595232010613,-8.722324260904362,67.30090636837751,43.70816574698109,27.734355651724574,-244.128368705161,97.62914991134983,25.758491700826724,-32.58218353637631,-120.68103521545592,-28.8493809258246,134.3884675470553,146.31758174418673,152.66691435582783,-65.97906622350807,68.56265785239262,-101.44627587518563,-22.910398760585842,41.97101801638625,-94.75008802772928,48.78600212343299,-32.81466977788572,27.394595746548305,-65.25800984919937,-108.32724804900201,68.24591389062215,-70.8738744662573,189.96270749469264,19.850723649069952,127.0783056705424,201.9878827080658,41.7990127552827,211.12213430993071,-16.47533503821669,33.367446886731955,-210.6574184815727,-122.19389873974717,-49.518556526391116
16.418515404119837,5.167591430722318,-13.075498782539597,4.580908457482044,6.119746372809422,12.498263964981383,-4.425350033284681,0.733604098247532,-4.91527608300518,-3.969531194795302,-1.7199607193343065,18.844038623772825,-7.657000848312607,-1.546774123500343,2.4412500770157974,9.405459855931092,1.7505220860717357,-10.573016905751121,-11.396155060657224,-12.226691667635519,5.308231174176563,-5.664283961821773,7.68786037427357,2.151136266752299,-3.3093122749440336,6.7504259907419035,-3.793389598397409,2.778673440124913,-2.0486727344875497,5.2380211277284765,8.633007279001033,-5.2064559126879235,5.963254589443148,-14.718233138522809,-1.7733366557690384,-10.3631274729246,-15.580481703619197,-3.250112284128163,-16.47533503821669,1.581084759859876,-2.9717952833750165,16.360749102734538,8.812017802862778,4.026317290882071
-33.242296138312454,-10.634546308630842,27.098399042250755,-9.512588490181004,-12.342733057574076,-25.4053540679143,9.148149515506269,-1.417944717701717,10.384627661364336,7.428432809654662,4.071368992120187,-38.61656370189739,15.292111121771999,3.807591662418115,-5.00845049342073,-19.054414377417217,-4.014461566666515,21.533788112445443,23.216883711908345,24.62608078897653,-10.612488121755643,11.311064025930788,-15.821872776573885,-3.8957280409948956,6.776407709569932,-14.363737461491539,7.7402703988717265,-5.421903154255379,4.256602510802244,-10.382042601238009,-17.41059724700981,10.717779112822553,-11.64318486722751,30.101964765410447,3.5196163030418894,20.75842921255154,31.945441201916005,6.629536696916928,33.367446886731955,-2.9717952833750165,5.9260431015359645,-33.30944472217228,-18.912866202876046,-7.862173074473712
208.38626695356382,67.07893579452708,-171.71982632076376,62.027872373355635,76.54803291521695,158.8738838540754,-58.52724694016013,8.6838881835145,-67.44638271751937,-43.25551134228444,-28.102369817249354,243.99156247286336,-97.24137621424305,-26.172353649427293,32.53275189034858,120.44021911396169,29.05727302033569,-134.24503105570588,-146.1488926415983,-152.3459213425523,65.75363048460828,-68.37194174115822,101.40201433720513,22.560832680791258,-41.968971732701995,94.99314558638861,-48.7328659388289,32.60437281663687,-27.404068752758207,64.96555262078371,108.11563748341624,-68.20691147973739,70.44845496913993,-189.8396994788663,-19.804426716086926,-126.75430896252523,-201.91055465286365,-41.73244189467474,-210.6574184815727,16.360749102734538,-33.30944472217228,210.35064544100422,122.7235538114627,49.199008699734655
120.70872428407598,39.64373360460145,-102.18846659914925,36.90641603964844,44.23748730977435,92.50007512017264,-34.7916168617252,4.842612391471195,-40.91936768145817,-22.771014078477208,-18.819019634682927,143.58364498225933,-55.5227878985131,-17.832320860200493,19.047406758104774,70.0073944423248,18.677975271275706,-78.34607994920631,-85.53306966955081,-88.10429802414123,37.61545177028825,-39.06389480800138,59.87057269799457,11.305052013848073,-24.640981766076617,57.97423383400853,-28.533432662143905,18.04923055840845,-16.383113296357916,36.823007331308055,62.53573228333226,-40.17561088243861,39.20397183678106,-111.51243569094841,-11.148815171805916,-72.71506295546561,-118.95616517049943,-24.313114996706727,-122.19389873974717,8.812017802862778,-18.912866202876046,122.7235538114627,75.7824229299154,27.395037582179203
48.97369205388119,15.516337600264208,-39.5031004268709,14.301083802358697,18.01957165090785,37.18150498062804,-13.518262044590527,2.104358127786366,-15.305953032737769,-10.872494324533358,-5.828315260360131,56.66464520115123,-23.157868349838957,-5.283593173980763,7.599581321405505,28.28218777483581,6.31472120033379,-31.337314771142893,-34.10702652590059,-35.848209585196734,15.613247466600432,-16.20463405571927,23.51166788392365,5.864159079919664,-9.73394565233731,21.473202719979117,-11.356987354747382,7.922101266777052,-6.301260063506975,15.547818646166776,25.42219434551585,-15.831687362821173,17.072004932964106,-44.15122679335386,-4.692582577317704,-29.964197988234314,-46.841124074050754,-9.764316972762439,-49.518556526391116,4.026317290882071,-7.862173074473712,49.199008699734655,27.395037582179203,11.954941932459533
