V1,V2,V3,V4,V5,V6,V7,V8,V9,V10,V11,V12,V13,V14,V15,V16,V17,V18,V19,V20,V21,V22,V23,V24,V25,V26,V27,V28,V29,V30,V31,V32,V33,V34,V35,V36,V37,V38,V39,V40,V41,V42,V43,V44
2.7342005891330627,0.5848654165643147,-0.29585470778822287,0.561643173233177,2.163583218850552,-0.9358556818458392,0.21073314739275636,-0.9151909255817061,2.1871741004410903,-0.17284425724463384,-0.7584603380095188,0.709891763634728,-1.3171680790043816,3.498044838764836,0.9970966458446554,0.45015598173769805,-1.0679749539052317,2.065093707060855,0.1399659918032302,1.852035809018751,0.3847444845011575,-0.43833543488602417,-1.2148615404652938,0.2643011197278346,0.5701900096861491,-0.9344772874107556,1.0752415859889806,0.40120039101235233,1.1101611228836719,0.9994607435730449,0.16831603461785405,-2.1149860964655516,-1.7631945070519404,-0.7259676702011746,-1.0635618198005954,-1.521342414120114,-2.761357426390024,-2.602115445766381,0.5314900479574578,-2.4764540026098136,0.9243608782185172,-0.7694422024856201,-0.023093274647706656,-0.7337340945856194
0.5848654165643147,0.41500194210371144,-0.6195073516880107,-0.36591749196444495,0.6967791835887481,-0.037981023483512275,-0.09968826393992421,-0.07286027415164796,0.42894372814489756,0.0328466373764346,-0.3607058034987286,0.660459485166989,0.48135846407339217,0.2767816939662264,0.22099147177254627,0.02029452578996657,-0.5712419424682471,0.13642970935058546,0.04108748295935583,0.09313047854190622,0.2948359498620366,-0.5387449110688213,-0.4014522358888665,-0.15558548443592574,0.15413526505369662,-0.4981492753147375,0.2706202760203338,0.06695542461198145,0.4208118751404376,0.10121911295051786,0.321475799235077,-0.24219978021369395,-0.12021255934223973,-0.016415260993607114,-0.8952177418326928,-0.570052907673282,-1.0318562142049452,-0.5813843764069776,0.4562348102578283,-0.7408289004195028,-0.541282193416814,-0.28852435625941003,0.6974373603023706,-0.7342152091346151
-0.29585470778822287,-0.6195073516880107,1.3521825414317483,0.6262690123229622,-0.7300779011329376,-0.23048555027241865,0.16306641315158205,0.10252835375739845,-0.13116902209376224,-0.2896092446371702,0.8792987288444207,-1.0143734005024136,-1.4528679055381717,0.552485875581763,0.10681115584134408,0.2893064388491048,0.7606647051188263,0.36618518360621743,0.12914882491684268,0.38546561529273415,-0.1873358089534089,0.9367309401167914,0.5295421777982326,0.5561594439991676,0.18105730000632175,0.46891611073833817,-0.16215068017805406,-0.010613839892183443,-0.3283084780176165,0.40332344894895505,-0.4644504355665829,0.17285749956354052,0.2225519304555703,0.3304794461079347,1.3404839429301292,1.0800054621452775,1.3020344819794334,0.4719163025797338,-0.9768242158805798,0.2822152132996758,1.5200128355227307,0.44764019895342033,-1.8233138012084456,1.302558278574316
0.561643173233177,-0.36591749196444495,0.6262690123229622,1.278093742966697,0.1967989902561622,-0.5690622972955396,0.48530520408041006,-0.7508804465998533,0.6177257120524436,0.06984309056802317,-0.4361081335268161,-0.9048814561207794,-1.4183929156132555,1.6706186779505467,-0.11345100386908152,-0.0633063759863308,0.36223922393610036,1.105591753635572,-0.18166390402139582,1.0652654785375857,-0.668173199632974,0.6554787135662199,-0.30194272347300577,0.18199999867687375,-0.3205129723078081,0.5288833287029491,0.18559586184635846,0.12767532953393748,-0.24351962262277244,-0.02561622814912411,-0.6621742675565319,-1.3593159348001218,-1.66117816152187,-1.0844489318626434,1.0045962568477,-0.5588894052364808,-0.048467437354578743,-0.7659620305986377,0.02143688979928452,0.3072714177197199,1.2625265202214968,-0.23755178741624508,-0.61540822322051,0.6595036266854832
2.163583218850552,0.6967791835887481,-0.7300779011329376,0.1967989902561622,2.0612605202823864,-0.8313703891443224,0.206501372193648,-0.8714337433957381,1.9317500471725397,0.05873259410185186,-1.1148222883344696,0.747314480391471,-0.33680839338772767,2.670321713982628,0.6625629761770394,0.08014882763517535,-1.221304499748464,1.6891687479557191,0.12289400921852633,1.5217148048834626,0.2572217140729208,-0.6918143446624974,-1.3820841362734755,-0.09045658568003662,0.3437220656065609,-0.9982475909874903,0.9967655683827734,0.30983223897685586,1.025286291382489,0.4784569475627217,0.18554043671655254,-1.8754103082338542,-1.7887911002213694,-0.7295668410847015,-1.3982994269465028,-1.7587435744358269,-2.6897587305222026,-2.3406344369934353,1.1519000190300104,-2.0457132582643824,0.0992087037550997,-1.0667604120356435,0.7867784602114006,-1.2291966849609577
-0.9358556818458392,-0.037981023483512275,-0.23048555027241865,-0.5690622972955396,-0.8313703891443224,0.7622777287662089,-0.34239713298648894,0.6664156349873737,-1.1409655120036675,-0.05696257038796085,0.5111750294739655,0.35334855985588887,0.7719989734019123,-1.8940298576909371,-0.23589552954505738,0.06322351996822315,0.3582586294246338,-1.3424728827915933,-0.13829317365566904,-1.2658795430810725,0.2065006607394907,-0.12212407013357601,0.759880132274072,-0.08013373873196154,-0.10966581205117154,0.2846820648011018,-0.5336780978898762,-0.15569614980512136,-0.3511328715002593,-0.1969699895528525,0.3245506483157364,1.2521867050332045,1.4401583414150612,0.48879946615098835,0.07521341767040443,0.7304435309104872,0.8699484074972785,1.2260742698639735,-0.5913741644449598,0.7899343318064439,-0.7349185421756426,0.7114808698667283,0.22109189518152592,0.1927535790268264
0.21073314739275636,-0.09968826393992421,0.16306641315158205,0.48530520408041006,0.206501372193648,-0.34239713298648894,0.2609315271437806,-0.400819558804147,0.38355872494320475,0.10787840542745378,-0.3883670620370926,-0.4215582996455735,-0.3766872799151684,0.7586611907173879,-0.10453386470142485,-0.1604788801655038,0.028927854711551917,0.5728451082915196,-0.046502810278872694,0.5582899860311289,-0.34325539837817265,0.1964483636307915,-0.3198365553826664,-0.032990351248882215,-0.1776399214825334,0.123226838999534,0.15800751736287247,0.046741576427924314,-0.05117469086399509,-0.14612636558586672,-0.3146583193838247,-0.6896924196852863,-0.9353242868578603,-0.5166116172859515,0.27580246034652134,-0.43422047876648784,-0.15296677826404714,-0.4508871586935495,0.33637808306712846,0.10811473548494788,0.3720037405451699,-0.32991803188262425,-0.030596094419359347,0.0637760758588942
-0.9151909255817061,-0.07286027415164796,0.10252835375739845,-0.7508804465998533,-0.8714337433957381,0.6664156349873737,-0.400819558804147,0.8611899340273053,-1.0391677701395736,-0.22029630058940902,0.9229662274810503,0.30177647813612823,0.5637536183798009,-1.724944849169921,0.004841089449962906,0.23868568696386064,0.3482516462522475,-1.2296369874396853,0.07318351153596879,-1.1471403475478352,0.4252815409365041,-0.044722818399170694,0.839549091522407,0.11596885341469723,0.20232900837829987,0.07039919443031797,-0.46664115562880015,-0.15473989819961384,-0.1907627489849337,0.1166819135836185,0.3731767878136578,1.5335610051381339,1.8563739321735595,1.0044268094166173,0.0598126719683168,1.1831694053401152,1.044333848486994,1.3088272809817048,-0.8136474984092446,0.3618168555289457,-0.4418790487897619,0.7747839896448421,-0.34000414080584024,0.3249891299179232
2.1871741004410903,0.42894372814489756,-0.13116902209376224,0.6177257120524436,1.9317500471725397,-1.1409655120036675,0.38355872494320475,-1.0391677701395736,2.1485052011074646,0.007025118066664644,-0.940195678277839,0.1711765553764598,-1.0597767379849774,3.3207552528719364,0.6978666895758304,0.10941814489221964,-1.0037510036534902,2.184668269314346,0.21747785998245667,2.012313131262214,0.059012181912508684,-0.261286714977061,-1.396735798974771,0.11867978959393367,0.39516859830365225,-0.8519791240918035,1.0519528538241776,0.3351676929802307,0.9445846969979207,0.6114262618033238,-0.13850177544543504,-2.142704545949831,-2.1543579160035975,-0.7498258321813915,-0.8521887397243348,-1.5329798900132943,-2.326531037468861,-2.4385498019193395,0.9949344974621669,-2.033557576363971,0.8562051098371222,-1.1366812711684162,0.052945772085474095,-0.7803252638168559
-0.17284425724463384,0.0328466373764346,-0.2896092446371702,0.06984309056802317,0.05873259410185186,-0.05696257038796085,0.10787840542745378,-0.22029630058940902,0.007025118066664644,0.23466919199225936,-0.48356010106991915,-0.09547137482834207,0.4380180583387868,-0.14777279597564225,-0.2719662493808399,-0.3204885019709832,-0.09785549202271687,0.011695020628138411,-0.06719438379155165,0.026847781753147018,-0.27076625159258866,-0.1072739709496451,-0.25371681689902614,-0.27005006836891804,-0.28461585466334116,0.06160077842153512,0.0159475210263083,-0.028684627830411452,-0.08479003102778296,-0.40759922696543216,-0.11417732383397562,-0.25528751439079633,-0.540320701642163,-0.3690640566427177,-0.10563586771751345,-0.4495603710105119,-0.12723521617997177,-0.11848423427360646,0.5459793597998471,0.35427798734777133,-0.39668668333943885,-0.3309802704994612,0.6136643442991137,-0.3186886364875047
-0.7584603380095188,-0.3607058034987286,0.8792987288444207,-0.4361081335268161,-1.1148222883344696,0.5111750294739655,-0.3883670620370926,0.9229662274810503,-0.940195678277839,-0.48356010106991915,1.6093156664220967,-0.07230648667616552,-0.5448461658643606,-1.12771595590185,0.2774235428730957,0.5930282716776413,0.6433088752230702,-0.872333140957066,0.18666445237941579,-0.8242638397098226,0.5292482622726176,0.47121408741443105,1.1453550487917235,0.5819465104345698,0.5217651313949946,0.20380997130166387,-0.5028995700042119,-0.10214312087529952,-0.23028704586191592,0.6422168160716148,0.20275326173557437,1.5874959467595178,2.14247074194626,1.3613372453529964,0.6719786873883862,1.876250782282293,1.5301115667086154,1.4081902189249975,-1.5985282313005624,0.0890740255533153,0.6059451994861349,1.0992576967092422,-1.5813737544674225,1.0701596694415147
0.709891763634728,0.660459485166989,-1.0143734005024136,-0.9048814561207794,0.747314480391471,0.35334855985588887,-0.4215582996455735,0.30177647813612823,0.1711765553764598,-0.09547137482834207,-0.07230648667616552,1.4035060312327954,0.8989672078878768,-0.32802159287340255,0.4464121818342492,0.261840505645039,-0.7594295961808647,-0.42329962219298156,0.054128702838862015,-0.4771735401988503,0.7672955205386028,-0.9274877003108648,-0.1451978991767477,-0.14212076045211344,0.37678311546451304,-0.7404853231063738,0.18980019620449207,0.05797306754968609,0.6122547597466605,0.35654903820515055,0.7953628733456913,0.32800470647448365,0.8084149728498304,0.4152858641455254,-1.4436981564826787,-0.34361220655855335,-1.299842542861122,-0.36736450572724233,0.12920691535142623,-1.120507839648748,-1.0400904380635778,0.06028859789099846,0.9372338589971069,-0.9788712069609234
-1.3171680790043816,0.48135846407339217,-1.4528679055381717,-1.4183929156132555,-0.33680839338772767,0.7719989734019123,-0.3766872799151684,0.5637536183798009,-1.0597767379849774,0.4380180583387868,-0.5448461658643606,0.8989672078878768,2.898685247552538,-2.80904229690649,-0.5951361099783616,-0.6588767140330772,-0.45567052882789205,-1.6867546287469344,-0.02495722180080384,-1.562925647008025,0.14584087349902003,-1.0553677975094504,-4.380244849061819e-4,-0.8877388938063735,-0.4012989209344218,-0.33127244133930617,-0.3261206186351539,-0.267048321309603,-0.04865302432044919,-1.0244798090101805,0.5954231318110275,1.3099835995270344,1.019045217946927,0.4056436890868774,-1.3079913172945834,-0.2551861396904942,0.03527284353996034,0.9689099006498937,1.0898227702948964,0.8071243556872539,-2.5983629607951397,-0.2403828005770547,2.2309978097074126,-1.3966045734252708
3.498044838764836,0.2767816939662264,0.552485875581763,1.6706186779505467,2.670321713982628,-1.8940298576909371,0.7586611907173879,-1.724944849169921,3.3207552528719364,-0.14777279597564225,-1.12771595590185,-0.32802159287340255,-2.80904229690649,5.795999360803355,1.1200436607495974,0.381496254440563,-1.0049926792262283,3.7121740736721636,0.2565189447884266,3.4417779479480606,-0.15147455530324497,0.19934672123669997,-1.8561800307861358,0.5243525016812577,0.5653811311917805,-0.8451578048263438,1.5436242131349194,0.5581840050313689,1.1936347292290328,1.1833220647585307,-0.5412021847243303,-3.5905744769387837,-3.576523881525513,-1.4172271227526536,-0.34491449324136175,-2.0202798624702027,-3.02915558729142,-3.7223772130030004,0.8729637492855755,-2.856864219107433,2.4025870696658402,-1.4094732348147236,-0.9391479906251577,-0.3032170919876254
0.9970966458446554,0.22099147177254627,0.10681115584134408,-0.11345100386908152,0.6625629761770394,-0.23589552954505738,-0.10453386470142485,0.004841089449962906,0.6978666895758304,-0.2719662493808399,0.2774235428730957,0.4464121818342492,-0.5951361099783616,1.1200436607495974,0.6408121268341186,0.4338712799268869,-0.3827968103333696,0.5829472421042368,0.2182875369881769,0.5063085084605193,0.4968058207978563,-0.16532238767685664,-0.178769834789398,0.30805118884805893,0.5533437210070024,-0.5356562628852402,0.3615986854017262,0.13655355717724893,0.551658021742922,0.7464737168700543,0.2623936176026499,-0.2483860295399337,0.1530782239640971,0.3628216122890512,-0.4819185671053094,0.03279355213136992,-0.8131637216456359,-0.6921487048415244,-0.25556715099884864,-1.3198869743633124,0.4825959267823539,-0.0023775715556765237,-0.516047613139959,-0.11964382732691671
0.45015598173769805,0.02029452578996657,0.2893064388491048,-0.0633063759863308,0.08014882763517535,0.06322351996822315,-0.1604788801655038,0.23868568696386064,0.10941814489221964,-0.3204885019709832,0.5930282716776413,0.261840505645039,-0.6588767140330772,0.381496254440563,0.4338712799268869,0.4837781941703325,0.043021694870987594,0.06875933566576256,0.07706460870835359,0.03506210815212415,0.4104703313819698,0.07854992023570558,0.2723686636397794,0.38135456854577704,0.41383130495876247,-0.1318554111566382,0.03135841893047328,0.07469731949238047,0.18820143513265997,0.6292244248540261,0.19635935945284566,0.20186443299797385,0.6389289725105353,0.4227628561124578,0.02146295948556552,0.4715854534719547,-0.08084594624244791,-0.01643589172139994,-0.7359016966947618,-0.6505413658698048,0.5378319713419245,0.43075339725114703,-0.7532840708911928,0.3499269737297247
-1.0679749539052317,-0.5712419424682471,0.7606647051188263,0.36223922393610036,-1.221304499748464,0.3582586294246338,0.028927854711551917,0.3482516462522475,-1.0037510036534902,-0.09785549202271687,0.6433088752230702,-0.7594295961808647,-0.45567052882789205,-1.0049926792262283,-0.3827968103333696,0.043021694870987594,0.9798218081968718,-0.6892554839022282,-0.16856770789340356,-0.5949246513943146,-0.34193289261010956,0.6984375564578179,0.8509081337945508,0.19928485284974548,-0.28697925732667756,0.842929604348393,-0.5626147144354324,-0.13601402773670332,-0.7279591314643118,-0.20291914896151197,-0.31613558935891084,0.7220782043119517,0.6489276754362282,0.0779319326509119,1.318675518670208,0.9782280261216844,1.6877538756743895,1.218396738980718,-0.8999994248113999,1.3404116668619481,0.5274401227977139,0.7357496249398141,-0.8786652151076351,1.1471713406947255
2.065093707060855,0.13642970935058546,0.36618518360621743,1.105591753635572,1.6891687479557191,-1.3424728827915933,0.5728451082915196,-1.2296369874396853,2.184668269314346,0.011695020628138411,-0.872333140957066,-0.42329962219298156,-1.6867546287469344,3.7121740736721636,0.5829472421042368,0.06875933566576256,-0.6892554839022282,2.511112006473565,0.1849990483065524,2.336530886539211,-0.24248443662036182,0.18941592203245022,-1.3389551918040234,0.24989740944598557,0.2866234816629387,-0.5311118332368637,1.0045575441891847,0.34039435366978726,0.7136001686214178,0.5724780584234094,-0.4918042770600348,-2.4129891830714603,-2.570957631161472,-0.9633615537970961,-0.1895316110859778,-1.3952337358448643,-1.8648386032489623,-2.4097332885785607,0.8350600336449554,-1.6849469085573343,1.492253748314426,-1.1390523024862664,-0.4877333080289188,-0.28661702453345383
0.1399659918032302,0.04108748295935583,0.12914882491684268,-0.18166390402139582,0.12289400921852633,-0.13829317365566904,-0.046502810278872694,0.07318351153596879,0.21747785998245667,-0.06719438379155165,0.18666445237941579,0.054128702838862015,-0.02495722180080384,0.2565189447884266,0.2182875369881769,0.07706460870835359,-0.16856770789340356,0.1849990483065524,0.22439090883923485,0.18531005985845123,0.17670220183524654,-0.06305391031986209,-0.08980063357962116,0.08859134900390526,0.25186324644363683,-0.29462213163199025,0.13840720975442974,0.010893461390791956,0.23606302628790293,0.2387080853864082,0.07268270612328344,0.1100204215688192,0.17114426917994285,0.3800415921012733,-0.2301581953020664,0.19510281631746268,-0.09990448994479936,-0.12663574723894094,0.03325510139861788,-0.5008246761664872,0.08962372616178911,-0.11642067162184697,-0.24931137437069925,-0.12054602864071412
1.852035809018751,0.09313047854190622,0.38546561529273415,1.0652654785375857,1.5217148048834626,-1.2658795430810725,0.5582899860311289,-1.1471403475478352,2.012313131262214,0.026847781753147018,-0.8242638397098226,-0.4771735401988503,-1.562925647008025,3.4417779479480606,0.5063085084605193,0.03506210815212415,-0.5949246513943146,2.336530886539211,0.18531005985845123,2.191963576867465,-0.2828742380619056,0.20786468131036057,-1.2520112002267236,0.22728799392213714,0.23223178884403153,-0.4606694823785043,0.928227336698259,0.30921646266470626,0.6338618400336525,0.49398521870485035,-0.5023358868682845,-2.2449428123054784,-2.4420442343272355,-0.917497170826733,-0.1141298354046588,-1.28607694813447,-1.6538110294862918,-2.2081478647867203,0.8076113176327715,-1.492606367880408,1.4034146629803599,-1.076910688490911,-0.4748679884172754,-0.23815225431189757
0.3847444845011575,0.2948359498620366,-0.1873358089534089,-0.668173199632974,0.2572217140729208,0.2065006607394907,-0.34325539837817265,0.4252815409365041,0.059012181912508684,-0.27076625159258866,0.5292482622726176,0.7672955205386028,0.14584087349902003,-0.15147455530324497,0.4968058207978563,0.4104703313819698,-0.34193289261010956,-0.24248443662036182,0.17670220183524654,-0.2828742380619056,0.7001319444481882,-0.3631302066955591,0.1684909936006734,0.18764261790813988,0.5433071049177615,-0.5225701944379342,0.07560169382352837,0.03514157709431812,0.42291778200704483,0.576562467318472,0.5154256961845287,0.5733325259934723,1.0796657944498698,0.7902998512486593,-0.6951202626447658,0.4116702602482202,-0.4223820850257056,0.02541142122498641,-0.41645235051412305,-0.9697522167112401,-0.19439075761289437,0.286187178611097,-0.1737234869470892,-0.24263009756896556
-0.43833543488602417,-0.5387449110688213,0.9367309401167914,0.6554787135662199,-0.6918143446624974,-0.12212407013357601,0.1964483636307915,-0.044722818399170694,-0.261286714977061,-0.1072739709496451,0.47121408741443105,-0.9274877003108648,-1.0553677975094504,0.19934672123669997,-0.16532238767685664,0.07854992023570558,0.6984375564578179,0.18941592203245022,-0.06305391031986209,0.20786468131036057,-0.3631302066955591,0.8099009583376124,0.4093285046251419,0.3268397509200992,-0.09923820450185059,0.6159734093169831,-0.24212248340772,-0.0214033182899217,-0.4748736391657,0.03739072813753074,-0.4964315450346076,-0.005206631541334247,-0.0978540658955037,-0.06833343010753964,1.2314508521131586,0.6408671760378158,1.1281442262680943,0.46624066109158935,-0.6636131891220235,0.6942737533513388,1.0727129030286582,0.3263461263077901,-1.149801891477431,1.0547569386360853
-1.2148615404652938,-0.4014522358888665,0.5295421777982326,-0.30194272347300577,-1.3820841362734755,0.759880132274072,-0.3198365553826664,0.839549091522407,-1.396735798974771,-0.25371681689902614,1.1453550487917235,-0.1451978991767477,-4.380244849061819e-4,-1.8561800307861358,-0.178769834789398,0.2723686636397794,0.8509081337945508,-1.3389551918040234,-0.08980063357962116,-1.2520112002267236,0.1684909936006734,0.4093285046251419,1.2202805375327794,0.24983502880330108,0.009060004293203656,0.5963437348052112,-0.7163152356230179,-0.18395867869836321,-0.586719542087616,0.04991307379562914,0.12912066479354553,1.565446044073149,1.8522629445164809,0.7883453989437039,0.8658165477138476,1.5104526506589508,1.7524040641802596,1.689419680278731,-1.3153440881671543,1.034784354898012,0.06898310894906882,1.118181886505829,-0.8472056093986916,1.0036821496074244
0.2643011197278346,-0.15558548443592574,0.5561594439991676,0.18199999867687375,-0.09045658568003662,-0.08013373873196154,-0.032990351248882215,0.11596885341469723,0.11867978959393367,-0.27005006836891804,0.5819465104345698,-0.14212076045211344,-0.8877388938063735,0.5243525016812577,0.30805118884805893,0.38135456854577704,0.19928485284974548,0.24989740944598557,0.08859134900390526,0.22728799392213714,0.18764261790813988,0.3268397509200992,0.24983502880330108,0.40986755526464214,0.31985885635488553,0.035486106216954236,0.003737487568841699,0.06319093519010392,0.04414299806133777,0.5223161045094917,-0.04329142815667079,0.06679657519445624,0.3447369888697408,0.31842871664911626,0.37244368347504364,0.5313388045995131,0.2337498952695534,0.031767844067864134,-0.6963856546482738,-0.38640505060806846,0.8107281315173978,0.33568341858910805,-0.983441215973033,0.5605066902490731
0.5701900096861491,0.15413526505369662,0.18105730000632175,-0.3205129723078081,0.3437220656065609,-0.10966581205117154,-0.1776399214825334,0.20232900837829987,0.39516859830365225,-0.28461585466334116,0.5217651313949946,0.37678311546451304,-0.4012989209344218,0.5653811311917805,0.5533437210070024,0.41383130495876247,-0.28697925732667756,0.2866234816629387,0.25186324644363683,0.23223178884403153,0.5433071049177615,-0.09923820450185059,0.009060004293203656,0.31985885635488553,0.5868280965461395,-0.4879870184285949,0.20513989800240504,0.08105574650064583,0.4393336401812559,0.6819444932060806,0.2664449516226571,0.17832972299644959,0.5900415655650655,0.6751443168670916,-0.40531308347863726,0.38735706289109956,-0.3899464025574771,-0.26037280796151524,-0.387093307855603,-1.1044233416834568,0.3611959519732589,0.11031491053900425,-0.611918117721981,-0.03226063323173877
-0.9344772874107556,-0.4981492753147375,0.46891611073833817,0.5288833287029491,-0.9982475909874903,0.2846820648011018,0.123226838999534,0.07039919443031797,-0.8519791240918035,0.06160077842153512,0.20380997130166387,-0.7404853231063738,-0.33127244133930617,-0.8451578048263438,-0.5356562628852402,-0.1318554111566382,0.842929604348393,-0.5311118332368637,-0.29462213163199025,-0.4606694823785043,-0.5225701944379342,0.6159734093169831,0.5963437348052112,0.035486106216954236,-0.4879870184285949,0.9004234468953911,-0.5081387684039773,-0.10745139377277566,-0.7604634134642783,-0.4336069546790223,-0.39966574537963273,0.28746215538810954,0.07069870425093856,-0.36440320486227423,1.208278622453589,0.4585139339382911,1.3291606805498493,0.9181998422886938,-0.5396508636944546,1.4803948992511187,0.33759822467847794,0.4919417610003851,-0.3864601473579235,0.906076481453347
1.0752415859889806,0.2706202760203338,-0.16215068017805406,0.18559586184635846,0.9967655683827734,-0.5336780978898762,0.15800751736287247,-0.46664115562880015,1.0519528538241776,0.0159475210263083,-0.5028995700042119,0.18980019620449207,-0.3261206186351539,1.5436242131349194,0.3615986854017262,0.03135841893047328,-0.5626147144354324,1.0045575441891847,0.13840720975442974,0.928227336698259,0.07560169382352837,-0.24212248340772,-0.7163152356230179,0.003737487568841699,0.20513989800240504,-0.5081387684039773,0.5436840652225818,0.15225060595034,0.5260362447621904,0.2828013367715433,0.007271178525187796,-0.9815855067751235,-0.9909121717421152,-0.315718577844237,-0.572852985041293,-0.7853956343805127,-1.2243489004530244,-1.2083792309249204,0.5857150165152702,-1.0665314763612277,0.2535804826917747,-0.5938854089396322,0.16182247250385146,-0.5183380756941838
0.40120039101235233,0.06695542461198145,-0.010613839892183443,0.12767532953393748,0.30983223897685586,-0.15569614980512136,0.046741576427924314,-0.15473989819961384,0.3351676929802307,-0.028684627830411452,-0.10214312087529952,0.05797306754968609,-0.267048321309603,0.5581840050313689,0.13655355717724893,0.07469731949238047,-0.13601402773670332,0.34039435366978726,0.010893461390791956,0.30921646266470626,0.03514157709431812,-0.0214033182899217,-0.18395867869836321,0.06319093519010392,0.08105574650064583,-0.10745139377277566,0.15225060595034,0.06775452556214925,0.14186709659349556,0.15224077481701073,-0.012291914716299607,-0.35007078277687287,-0.3009785950629453,-0.1295188342618119,-0.10531145340579555,-0.22435414688939476,-0.3859808689315755,-0.3851676238454958,0.05360451639810942,-0.34576244687307306,0.19794017722916968,-0.11045066835682732,-0.049874879845233255,-0.06471213997611
1.1101611228836719,0.4208118751404376,-0.3283084780176165,-0.24351962262277244,1.025286291382489,-0.3511328715002593,-0.05117469086399509,-0.1907627489849337,0.9445846969979207,-0.08479003102778296,-0.23028704586191592,0.6122547597466605,-0.04865302432044919,1.1936347292290328,0.551658021742922,0.18820143513265997,-0.7279591314643118,0.7136001686214178,0.23606302628790293,0.6338618400336525,0.42291778200704483,-0.4748736391657,-0.586719542087616,0.04414299806133777,0.4393336401812559,-0.7604634134642783,0.5260362447621904,0.14186709659349556,0.7059957111227528,0.4966976053039424,0.2991345459103503,-0.540868670743528,-0.32425370870886977,0.1395790585426628,-0.9692678757437263,-0.5274982522461444,-1.3429025357411135,-1.0564732598065878,0.41001241532999133,-1.4386325075425372,-0.025057103864100976,-0.43640604277571493,0.19504072720017057,-0.6998698691960139
0.9994607435730449,0.10121911295051786,0.40332344894895505,-0.02561622814912411,0.4784569475627217,-0.1969699895528525,-0.14612636558586672,0.1166819135836185,0.6114262618033238,-0.40759922696543216,0.6422168160716148,0.35654903820515055,-1.0244798090101805,1.1833220647585307,0.7464737168700543,0.6292244248540261,-0.20291914896151197,0.5724780584234094,0.2387080853864082,0.49398521870485035,0.576562467318472,0.03739072813753074,0.04991307379562914,0.5223161045094917,0.6819444932060806,-0.4336069546790223,0.2828013367715433,0.15224077481701073,0.4966976053039424,0.9810938416489107,0.23703194929295449,-0.09593445998789159,0.4523774222835987,0.5500538153546722,-0.20905767197437897,0.40295236610283774,-0.5380445085334872,-0.5181581529635566,-0.7078541898447555,-1.3660273845080757,0.8664501586334867,0.25828584254801085,-1.035179241105903,0.2421934242563211
0.16831603461785405,0.321475799235077,-0.4644504355665829,-0.6621742675565319,0.18554043671655254,0.3245506483157364,-0.3146583193838247,0.3731767878136578,-0.13850177544543504,-0.11417732383397562,0.20275326173557437,0.7953628733456913,0.5954231318110275,-0.5412021847243303,0.2623936176026499,0.19635935945284566,-0.31613558935891084,-0.4918042770600348,0.07268270612328344,-0.5023358868682845,0.5154256961845287,-0.4964315450346076,0.12912066479354553,-0.04329142815667079,0.2664449516226571,-0.39966574537963273,0.007271178525187796,-0.012291914716299607,0.2991345459103503,0.23703194929295449,0.5153493251514352,0.5552011004928671,0.8834773976517085,0.4938425517608507,-0.7401520587224025,0.13718900329679018,-0.4156651633449491,0.10651939646674233,-0.1233889405848854,-0.5405269423033819,-0.6214513606970237,0.20816007800583397,0.35825569815870484,-0.42819934987092123
-2.1149860964655516,-0.24219978021369395,0.17285749956354052,-1.3593159348001218,-1.8754103082338542,1.2521867050332045,-0.6896924196852863,1.5335610051381339,-2.142704545949831,-0.25528751439079633,1.5874959467595178,0.32800470647448365,1.3099835995270344,-3.5905744769387837,-0.2483860295399337,0.20186443299797385,0.7220782043119517,-2.4129891830714603,0.1100204215688192,-2.2449428123054784,0.5733325259934723,-0.005206631541334247,1.565446044073149,0.06679657519445624,0.17832972299644959,0.28746215538810954,-0.9815855067751235,-0.35007078277687287,-0.540868670743528,-0.09593445998789159,0.5552011004928671,2.9182463217697547,3.306713531395609,1.783798978113353,0.25951928065116653,2.197970784717044,2.265453488226807,2.647786496454176,-1.3024918607761982,1.1436223853687,-1.0128884755646093,1.3091603138920598,-0.4273695196488352,0.5777645870846589
-1.7631945070519404,-0.12021255934223973,0.2225519304555703,-1.66117816152187,-1.7887911002213694,1.4401583414150612,-0.9353242868578603,1.8563739321735595,-2.1543579160035975,-0.540320701642163,2.14247074194626,0.8084149728498304,1.019045217946927,-3.576523881525513,0.1530782239640971,0.6389289725105353,0.6489276754362282,-2.570957631161472,0.17114426917994285,-2.4420442343272355,1.0796657944498698,-0.0978540658955037,1.8522629445164809,0.3447369888697408,0.5900415655650655,0.07069870425093856,-0.9909121717421152,-0.3009785950629453,-0.32425370870886977,0.4523774222835987,0.8834773976517085,3.306713531395609,4.161433473945665,2.3052682001579403,0.03459337398654925,2.640335065871294,2.1033390722226537,2.7307140908076155,-1.9465747511289757,0.5038709014540866,-0.8305812521712664,1.734853342343161,-0.8761172040982055,0.715242230377119
-0.7259676702011746,-0.016415260993607114,0.3304794461079347,-1.0844489318626434,-0.7295668410847015,0.48879946615098835,-0.5166116172859515,1.0044268094166173,-0.7498258321813915,-0.3690640566427177,1.3613372453529964,0.4152858641455254,0.4056436890868774,-1.4172271227526536,0.3628216122890512,0.4227628561124578,0.0779319326509119,-0.9633615537970961,0.3800415921012733,-0.917497170826733,0.7902998512486593,-0.06833343010753964,0.7883453989437039,0.31842871664911626,0.6751443168670916,-0.36440320486227423,-0.315718577844237,-0.1295188342618119,0.1395790585426628,0.5500538153546722,0.4938425517608507,1.783798978113353,2.3052682001579403,1.7158741741437458,-0.26091120286484637,1.6157626103750204,0.9506220977389211,1.205968821103482,-0.9401184381809555,-0.4385343185031368,-0.21874418277674598,0.6784896347140094,-0.8430071498283472,0.2249885834939108
-1.0635618198005954,-0.8952177418326928,1.3404839429301292,1.0045962568477,-1.3982994269465028,0.07521341767040443,0.27580246034652134,0.0598126719683168,-0.8521887397243348,-0.10563586771751345,0.6719786873883862,-1.4436981564826787,-1.3079913172945834,-0.34491449324136175,-0.4819185671053094,0.02146295948556552,1.318675518670208,-0.1895316110859778,-0.2301581953020664,-0.1141298354046588,-0.6951202626447658,1.2314508521131586,0.8658165477138476,0.37244368347504364,-0.40531308347863726,1.208278622453589,-0.572852985041293,-0.10531145340579555,-0.9692678757437263,-0.20905767197437897,-0.7401520587224025,0.25951928065116653,0.03459337398654925,-0.26091120286484637,2.0916171899736504,1.039595008304708,2.097586488490809,1.1164048299700564,-1.0824830743773437,1.6672672043516112,1.3579058327401599,0.7109838551102204,-1.5266567243634068,1.7294203940416244
-1.521342414120114,-0.570052907673282,1.0800054621452775,-0.5588894052364808,-1.7587435744358269,0.7304435309104872,-0.43422047876648784,1.1831694053401152,-1.5329798900132943,-0.4495603710105119,1.876250782282293,-0.34361220655855335,-0.2551861396904942,-2.0202798624702027,0.03279355213136992,0.4715854534719547,0.9782280261216844,-1.3952337358448643,0.19510281631746268,-1.28607694813447,0.4116702602482202,0.6408671760378158,1.5104526506589508,0.5313388045995131,0.38735706289109956,0.4585139339382911,-0.7853956343805127,-0.22435414688939476,-0.5274982522461444,0.40295236610283774,0.13718900329679018,2.197970784717044,2.640335065871294,1.6157626103750204,1.039595008304708,2.394027027002294,2.3871337837340447,2.1326342975022605,-1.7751430089756768,0.7519027001701086,0.45496107823326704,1.3116400213261146,-1.7166106122445384,1.338971982424437
-2.761357426390024,-1.0318562142049452,1.3020344819794334,-0.048467437354578743,-2.6897587305222026,0.8699484074972785,-0.15296677826404714,1.044333848486994,-2.326531037468861,-0.12723521617997177,1.5301115667086154,-1.299842542861122,0.03527284353996034,-3.02915558729142,-0.8131637216456359,-0.08084594624244791,1.6877538756743895,-1.8648386032489623,-0.09990448994479936,-1.6538110294862918,-0.4223820850257056,1.1281442262680943,1.7524040641802596,0.2337498952695534,-0.3899464025574771,1.3291606805498493,-1.2243489004530244,-0.3859808689315755,-1.3429025357411135,-0.5380445085334872,-0.4156651633449491,2.265453488226807,2.1033390722226537,0.9506220977389211,2.097586488490809,2.3871337837340447,3.65701512969979,2.942304270475213,-1.5421549983098095,2.5987908422848505,0.3175493434460306,1.3195084761733464,-1.4522124202812692,1.832586864004229
-2.602115445766381,-0.5813843764069776,0.4719163025797338,-0.7659620305986377,-2.3406344369934353,1.2260742698639735,-0.4508871586935495,1.3088272809817048,-2.4385498019193395,-0.11848423427360646,1.4081902189249975,-0.36736450572724233,0.9689099006498937,-3.7223772130030004,-0.6921487048415244,-0.01643589172139994,1.218396738980718,-2.4097332885785607,-0.12663574723894094,-2.2081478647867203,0.02541142122498641,0.46624066109158935,1.689419680278731,0.031767844067864134,-0.26037280796151524,0.9181998422886938,-1.2083792309249204,-0.3851676238454958,-1.0564732598065878,-0.5181581529635566,0.10651939646674233,2.647786496454176,2.7307140908076155,1.205968821103482,1.1164048299700564,2.1326342975022605,2.942304270475213,2.9390035139049724,-1.350928741191058,2.165885891737298,-0.6762958187999547,1.3639593704515278,-0.551239411487467,1.1011121337445067
0.5314900479574578,0.4562348102578283,-0.9768242158805798,0.02143688979928452,1.1519000190300104,-0.5913741644449598,0.33637808306712846,-0.8136474984092446,0.9949344974621669,0.5459793597998471,-1.5985282313005624,0.12920691535142623,1.0898227702948964,0.8729637492855755,-0.25556715099884864,-0.7359016966947618,-0.8999994248113999,0.8350600336449554,0.03325510139861788,0.8076113176327715,-0.41645235051412305,-0.6636131891220235,-1.3153440881671543,-0.6963856546482738,-0.387093307855603,-0.5396508636944546,0.5857150165152702,0.05360451639810942,0.41001241532999133,-0.7078541898447555,-0.1233889405848854,-1.3024918607761982,-1.9465747511289757,-0.9401184381809555,-1.0824830743773437,-1.7751430089756768,-1.5421549983098095,-1.350928741191058,1.9804439928798447,-0.3313128891546847,-0.9844763211015247,-1.388539778592287,1.7696404817046616,-1.4636811847731548
-2.4764540026098136,-0.7408289004195028,0.2822152132996758,0.3072714177197199,-2.0457132582643824,0.7899343318064439,0.10811473548494788,0.3618168555289457,-2.033557576363971,0.35427798734777133,0.0890740255533153,-1.120507839648748,0.8071243556872539,-2.856864219107433,-1.3198869743633124,-0.6505413658698048,1.3404116668619481,-1.6849469085573343,-0.5008246761664872,-1.492606367880408,-0.9697522167112401,0.6942737533513388,1.034784354898012,-0.38640505060806846,-1.1044233416834568,1.4803948992511187,-1.0665314763612277,-0.34576244687307306,-1.4386325075425372,-1.3660273845080757,-0.5405269423033819,1.1436223853687,0.5038709014540866,-0.4385343185031368,1.6672672043516112,0.7519027001701086,2.5987908422848505,2.165885891737298,-0.3313128891546847,3.1731909234293396,-0.5765588355470592,0.6602739685200425,0.2913760932961064,1.0018600783035632
0.9243608782185172,-0.541282193416814,1.5200128355227307,1.2625265202214968,0.0992087037550997,-0.7349185421756426,0.3720037405451699,-0.4418790487897619,0.8562051098371222,-0.39668668333943885,0.6059451994861349,-1.0400904380635778,-2.5983629607951397,2.4025870696658402,0.4825959267823539,0.5378319713419245,0.5274401227977139,1.492253748314426,0.08962372616178911,1.4034146629803599,-0.19439075761289437,1.0727129030286582,0.06898310894906882,0.8107281315173978,0.3611959519732589,0.33759822467847794,0.2535804826917747,0.19794017722916968,-0.025057103864100976,0.8664501586334867,-0.6214513606970237,-1.0128884755646093,-0.8305812521712664,-0.21874418277674598,1.3579058327401599,0.45496107823326704,0.3175493434460306,-0.6762958187999547,-0.9844763211015247,-0.5765588355470592,2.42799854903708,0.20548315860246932,-2.212271994216431,1.3846925200299902
-0.7694422024856201,-0.28852435625941003,0.44764019895342033,-0.23755178741624508,-1.0667604120356435,0.7114808698667283,-0.32991803188262425,0.7747839896448421,-1.1366812711684162,-0.3309802704994612,1.0992576967092422,0.06028859789099846,-0.2403828005770547,-1.4094732348147236,-0.0023775715556765237,0.43075339725114703,0.7357496249398141,-1.1390523024862664,-0.11642067162184697,-1.076910688490911,0.286187178611097,0.3263461263077901,1.118181886505829,0.33568341858910805,0.11031491053900425,0.4919417610003851,-0.5938854089396322,-0.11045066835682732,-0.43640604277571493,0.25828584254801085,0.20816007800583397,1.3091603138920598,1.734853342343161,0.6784896347140094,0.7109838551102204,1.3116400213261146,1.3195084761733464,1.3639593704515278,-1.388539778592287,0.6602739685200425,0.20548315860246932,1.1458213637250034,-0.869169113279999,0.9551258188254145
-0.023093274647706656,0.6974373603023706,-1.8233138012084456,-0.61540822322051,0.7867784602114006,0.22109189518152592,-0.030596094419359347,-0.34000414080584024,0.052945772085474095,0.6136643442991137,-1.5813737544674225,0.9372338589971069,2.2309978097074126,-0.9391479906251577,-0.516047613139959,-0.7532840708911928,-0.8786652151076351,-0.4877333080289188,-0.24931137437069925,-0.4748679884172754,-0.1737234869470892,-1.149801891477431,-0.8472056093986916,-0.983441215973033,-0.611918117721981,-0.3864601473579235,0.16182247250385146,-0.049874879845233255,0.19504072720017057,-1.035179241105903,0.35825569815870484,-0.4273695196488352,-0.8761172040982055,-0.8430071498283472,-1.5266567243634068,-1.7166106122445384,-1.4522124202812692,-0.551239411487467,1.7696404817046616,0.2913760932961064,-2.212271994216431,-0.869169113279999,2.7890915645251138,-1.7834963962164743
-0.7337340945856194,-0.7342152091346151,1.302558278574316,0.6595036266854832,-1.2291966849609577,0.1927535790268264,0.0637760758588942,0.3249891299179232,-0.7803252638168559,-0.3186886364875047,1.0701596694415147,-0.9788712069609234,-1.3966045734252708,-0.3032170919876254,-0.11964382732691671,0.3499269737297247,1.1471713406947255,-0.28661702453345383,-0.12054602864071412,-0.23815225431189757,-0.24263009756896556,1.0547569386360853,1.0036821496074244,0.5605066902490731,-0.03226063323173877,0.906076481453347,-0.5183380756941838,-0.06471213997611,-0.6998698691960139,0.2421934242563211,-0.42819934987092123,0.5777645870846589,0.715242230377119,0.2249885834939108,1.7294203940416244,1.338971982424437,1.832586864004229,1.1011121337445067,-1.4636811847731548,1.0018600783035632,1.3846925200299902,0.9551258188254145,-1.7834963962164743,1.6785203042743635
