V1,V2,V3,V4,V5,V6,V7,V8,V9,V10,V11,V12,V13,V14,V15,V16,V17,V18,V19,V20,V21,V22,V23,V24,V25,V26,V27,V28,V29,V30,V31,V32,V33,V34,V35,V36,V37,V38,V39,V40,V41,V42,V43,V44
13.86933064990375,-18.116118556669583,5.575401788072616,-31.603631337780868,-25.526774680007033,-1.3534266403985267,-43.528050523184575,-8.945836469603027,9.973602553496352,38.86640653942315,27.33294621001925,-74.09370270854305,10.978515468943325,1.8677440872877786,-39.539148844685975,46.033628471095994,33.36022931552997,43.74464795317409,-11.229114429122633,-11.77522223018986,87.87012683085337,25.02881740291401,7.654748440407068,-12.944382544728587,-12.446121376713194,-14.30382759978772,24.640144544985645,46.280922015841576,7.639558844260876,5.781553141475951,-58.49006019072793,-43.622415679648114,-77.10819577515909,26.524233367437205,-20.480720821995263,-32.78121441509478,-19.72126939999784,-14.940787204491404,14.374482247751772,-28.603154491863304,-47.67031692938704,-28.919772412080263,-0.9480436856874452,-49.90483399946047
-18.116118556669583,24.383491129410892,-7.777623280555892,42.623865937907404,34.341762527487106,2.356468626787673,58.08720792989117,12.269072949449066,-13.256750429907667,-51.92055553233287,-35.9236513043964,99.1058789662918,-15.122980131169774,-2.2992054750302056,53.11157356708055,-61.15549974022741,-44.2059712604252,-58.2510226384374,15.062832296763949,15.941374814654903,-116.96987524052096,-33.52222485226814,-10.049133915568417,17.351657887122677,16.641651406114395,19.217265228126607,-32.79739524045263,-61.403386367814996,-10.128352783351772,-7.725948733534629,77.79335644746045,58.072187931933534,102.37980241737614,-35.30483312244004,27.33540388740488,43.5501592972565,25.700473185220233,20.555575647677298,-19.76697310836637,37.97748709739586,63.79291702350413,38.47224941323492,1.2714491044046925,66.96373734823493
5.575401788072616,-7.777623280555892,2.8816947111208386,-13.519679624387088,-10.830539242767857,-1.3602296262552196,-18.05179934595437,-4.22891270890085,4.235804116282357,16.097326137581252,10.704958883971361,-31.04165764706688,4.73612622445749,0.9585055837026605,-16.709231114722034,18.8809557018039,13.458193168942712,18.197683986549407,-4.776063198692483,-4.987157295025394,36.11821663389775,10.64091207505381,2.960783543267588,-5.325814942320887,-5.104321482521912,-6.078821574512227,10.172530093724944,18.77510960254556,3.138205293977564,2.627578774417154,-23.923200768548604,-18.11522892239462,-31.390147647514567,10.840483824653965,-8.405098436522257,-13.32940305245028,-7.497085699109102,-7.189712336588087,6.517248133834731,-11.840436850517909,-19.65848329300991,-11.74229389907884,-0.7024151864681595,-21.008882998651416
-31.603631337780868,42.623865937907404,-13.519679624387088,74.8306654432505,60.07349286149297,4.40824715953863,101.61489891938957,21.754888708580673,-23.164536666615763,-90.87306248142892,-62.26450933876822,173.282980477595,-26.904044399905246,-3.854136275025757,93.12836043026414,-106.72826047851633,-77.02364450252206,-101.71922181169012,26.477980997657774,28.08755311925286,-204.36387043653937,-58.55725551221507,-17.375779788712315,30.498682853684674,29.195020686524998,33.683270686403816,-57.33813154257085,-107.15999970816435,-17.69763762804403,-13.439364128983522,135.78733049282832,101.60998137294096,178.8487018424218,-61.4955252598885,47.990366383381655,76.29057287479729,44.81830868421307,36.47040260018641,-35.06907023579391,66.29237600900859,111.90993820938236,67.2146962134291,1.8816778827182263,117.4953272010287
-25.526774680007033,34.341762527487106,-10.830539242767857,60.07349286149297,48.48428832567164,3.0831127928529107,82.00190235654331,17.149097460523503,-18.60401666117073,-73.29048914958942,-50.91385893723637,139.81603189351586,-21.353501314133247,-3.0722790589510063,74.9002889321476,-86.34537400095171,-62.52485972434683,-82.12950076017488,21.21800212071787,22.529166076272215,-165.17232558389415,-47.25426241787942,-14.274414962842096,24.503439528205202,23.50763368123729,27.056989929835343,-46.25995665453347,-86.7578922012021,-14.277134905844964,-10.807101630791824,109.88191533813331,81.87194570652585,144.58668239794406,-49.943289886094455,38.58914248333624,61.473760394491954,36.35723899695436,28.62139375374139,-27.73865315644589,53.53608807874612,90.1007986000815,54.35486592630439,1.727698895565787,94.4170810730516
-1.3534266403985267,2.356468626787673,-1.3602296262552196,4.40824715953863,3.0831127928529107,1.7582789307014828,4.830560004003365,2.2082872394755273,-1.344826208656609,-4.329672150045954,-1.3091856068706573,8.554053746026558,-1.9265932103374503,-0.4941446317902071,5.090807953049571,-4.53770290827532,-2.713711165132066,-4.832935017024615,1.61862782497888,1.6281616910360208,-8.980550362893378,-3.0636600548757014,-0.22921520730134062,1.5295739139551106,1.3830976264376216,1.9136544146022716,-2.675567099680014,-4.222789062123397,-0.8214163318700219,-0.9711215547969384,5.612240660950215,5.067244966431016,7.4749887815166725,-2.27546817003111,2.3784135493529366,3.4793456767227506,1.1522548090096685,3.9822607904815737,-3.030792303697846,3.0865899955586533,5.442027897593942,2.7215493247098808,0.15310488852449486,6.469217725132623
-43.528050523184575,58.08720792989117,-18.05179934595437,101.61489891938957,82.00190235654331,4.830560004003365,139.0707674532452,28.84826800490171,-31.606129728448035,-124.31379740960249,-86.67068768371553,236.96170854559475,-36.02155005550731,-5.287716020529485,126.82901429958964,-146.6001197865414,-106.22775872021849,-139.38121608706084,35.92526116419541,38.06018361152016,-280.3458647624121,-80.00210539741386,-24.279544134023798,41.57144625062746,39.8861343586916,45.838925210264115,-78.5431018798749,-147.41147041493565,-24.272763039164136,-18.250882516962474,186.5689673863657,138.9728676128054,245.67326909358917,-84.73806692189548,65.52124043590953,104.489166098722,62.16706788416704,48.12921052430887,-46.74953003615258,90.91844956395582,152.8209708683105,92.36000206092736,2.769451198830278,159.97839050038164
-8.945836469603027,12.269072949449066,-4.22891270890085,21.754888708580673,17.149097460523503,2.2082872394755273,28.84826800490171,6.937684495028999,-6.734963006129337,-25.794027538281863,-16.59497537772215,49.31966792658879,-8.036973911228563,-1.3123564188947128,26.83873273917994,-29.959408664106935,-21.24881481681765,-28.858427307862684,7.768964516626815,8.16581446091909,-57.541488954643846,-16.767222144153823,-4.5451751582046205,8.709234678479909,8.292996757542005,9.74503799571073,-16.24150749180028,-29.868182445066715,-5.017337464983886,-4.026195869156132,37.97832268774255,29.031799849721185,50.13570360284691,-16.995421761555868,13.713624787483585,21.620145330021426,12.179933312386204,11.798592319116818,-10.806597163970249,18.785505511541636,31.85686249254619,18.760516938595966,0.5228651664794819,33.920715791695976
9.973602553496352,-13.256750429907667,4.235804116282357,-23.164536666615763,-18.60401666117073,-1.344826208656609,-31.606129728448035,-6.734963006129337,7.333467679299394,28.272765962350967,19.520075603839178,-53.97480015129537,8.168624750156011,1.4293719696305658,-28.883328729095037,33.30255510334093,24.027853829113653,31.843209739449055,-8.184065641650182,-8.562190650284213,63.69034721680147,18.248233789474376,5.397852734762792,-9.442970355628841,-9.040030797653236,-10.503747770502587,17.916408459418623,33.45586407890753,5.562371220737568,4.233791740259901,-42.37805190476119,-31.73734336256077,-55.87739958324809,19.19102252381152,-14.915769073998076,-23.786531499565694,-14.104800279594405,-11.308636164327597,10.813124571199625,-20.779051949530338,-34.680624096100665,-21.01801693338708,-0.6997197311274113,-36.49057570159222
38.86640653942315,-51.92055553233287,16.097326137581252,-90.87306248142892,-73.29048914958942,-4.329672150045954,-124.31379740960249,-25.794027538281863,28.272765962350967,111.18027012002311,77.43506625341594,-211.84516157032996,32.31822318541966,4.70463789159834,-113.41026537177225,131.01175304992628,94.92722533168828,124.6213363942113,-32.09814944021461,-34.00819584233976,250.61973296116543,71.48213166348721,21.65437951235571,-37.20469588274734,-35.68160031377153,-41.01585447882201,70.22731022789236,131.78906309896854,21.714473795317073,16.254949543690163,-166.81538408838577,-124.24909440600254,-219.70034443964303,75.761939006225,-58.64008680760234,-93.48110680387585,-55.622836522261395,-43.01857121309569,41.904344728541076,-81.27252523766377,-136.70529241221124,-82.66556376223687,-2.3820406426680756,-143.11883097699686
27.33294621001925,-35.9236513043964,10.704958883971361,-62.26450933876822,-50.91385893723637,-1.3091856068706573,-86.67068768371553,-16.59497537772215,19.520075603839178,77.43506625341594,56.18389440785132,-147.56782026472942,21.389802010250683,3.202115526970739,-78.20297023543056,92.10206175737005,67.41614599118198,87.10967228434515,-21.878498103275607,-23.182225000835075,175.67270497945032,49.71535735301624,15.865008980630428,-25.691026229224768,-24.759370058422963,-28.22848325048085,49.06294761933674,92.95204701865913,15.182081958927078,11.126643967502876,-117.41630453715685,-86.37181188380302,-154.38594570157926,53.76276065153293,-40.56940151538872,-65.1154474451555,-39.75701802270315,-27.34279298490611,27.411487296304283,-56.89665527256479,-94.7955770884837,-58.15844122915342,-2.069893268917046,-98.52264326495974
-74.09370270854305,99.1058789662918,-31.04165764706688,173.282980477595,139.81603189351586,8.554053746026558,236.96170854559475,49.31966792658879,-53.97480015129537,-211.84516157032996,-147.56782026472942,404.0677467613192,-61.38214692145106,-9.170289573609697,216.21038586507646,-249.74643420975337,-180.92587575195438,-237.66755435871343,61.17445717603975,64.75619850699515,-477.64086072239775,-136.47504210934292,-41.26163570281822,70.83052947694168,67.91041799334909,78.21178883648766,-133.91036988737952,-251.0962174613453,-41.3836250205905,-31.182829694455396,317.9271646760252,236.8474722721541,418.575882113599,-144.44232120279867,111.59100115558927,177.9016305586992,105.66140022717458,82.34597176462134,-79.89274976250752,155.007576777188,260.31372008497635,157.41172000265027,4.933045935506602,272.67740405856165
10.978515468943325,-15.122980131169774,4.73612622445749,-26.904044399905246,-21.353501314133247,-1.9265932103374503,-36.02155005550731,-8.036973911228563,8.168624750156011,32.31822318541966,21.389802010250683,-61.38214692145106,10.177597134490577,1.1128942057760176,-33.322996957546565,37.51342432642537,26.928621839794435,35.858931989258636,-9.515590769781895,-10.206990861146837,72.16527292921222,20.661910268979724,5.912472488832349,-10.997352302412915,-10.466674030915337,-12.054407553304465,20.26370079816069,37.6917547793872,6.2465384514687035,4.632860214198275,-47.82924849344688,-36.0060139429295,-63.1150333294346,21.546508352459668,-17.23548422352007,-27.180091392613754,-15.681006858243315,-13.487071179118404,13.088680816546768,-23.298237459664847,-40.09979599217617,-23.807111778857312,-0.24709726035888296,-42.161810759534134
1.8677440872877786,-2.2992054750302056,0.9585055837026605,-3.854136275025757,-3.0722790589510063,-0.4941446317902071,-5.287716020529485,-1.3123564188947128,1.4293719696305658,4.70463789159834,3.202115526970739,-9.170289573609697,1.1128942057760176,0.6732530803005303,-4.81409834719211,5.647443772469336,3.9507536188521755,5.59802700351903,-1.3857305677949991,-1.2560637817350278,10.680301389468267,3.191317989404777,0.8243446018977374,-1.4669560514043443,-1.4330957154987942,-1.8202217649237526,3.0586527624645052,5.582000042179575,0.9927849628592487,0.9077586754356546,-7.095355969895108,-5.519402912587092,-9.399718705423801,3.182467736141538,-2.4447342043353966,-3.978727259487321,-2.3588344032751136,-2.2612353104040754,1.8450785799975309,-3.690141955614325,-5.537816542106649,-3.4977575007761876,-0.4109132872523454,-6.1378642382402235
-39.539148844685975,53.11157356708055,-16.709231114722034,93.12836043026414,74.9002889321476,5.090807953049571,126.82901429958964,26.83873273917994,-28.883328729095037,-113.41026537177225,-78.20297023543056,216.21038586507646,-33.322996957546565,-4.81409834719211,116.02610358181649,-133.38874884183238,-96.4071569178361,-127.0205648938572,32.94119901142854,34.925123202546004,-255.29961125185528,-73.03166311110128,-21.85011178384222,38.014627272804134,36.41960430524925,41.95721878536479,-71.59079012788747,-134.01036989534754,-22.11006802424615,-16.71714341919449,169.73283127429426,126.79894961364299,223.55020996404156,-76.94903902171822,59.85699721459742,95.26489062147681,56.238568820628025,44.91038490283513,-43.35959410739243,82.80713216451473,139.57738542674608,84.03423975461634,2.39618269238508,146.3858862128165
46.033628471095994,-61.15549974022741,18.8809557018039,-106.72826047851633,-86.34537400095171,-4.53770290827532,-146.6001197865414,-29.959408664106935,33.30255510334093,131.01175304992628,92.10206175737005,-249.74643420975337,37.51342432642537,5.647443772469336,-133.38874884183238,154.83963170923747,112.38976927286868,147.06115065908904,-37.716306036728454,-39.908952742921315,295.87081209163784,84.30693514016465,25.85127167968449,-43.71742000324052,-41.99657090945173,-48.20785836515078,82.84994781853024,155.7746972691618,25.6159112703906,19.21818205571459,-197.05615280590317,-146.47231799826196,-259.4169372540153,89.60850185155084,-68.95508346760967,-110.15608417930845,-65.91828961784596,-49.92143716018109,48.64425629339575,-95.97583121307737,-160.8709843303791,-97.52637790842732,-3.0908851786227585,-168.2128460782617
33.36022931552997,-44.2059712604252,13.458193168942712,-77.02364450252206,-62.52485972434683,-2.713711165132066,-106.22775872021849,-21.24881481681765,24.027853829113653,94.92722533168828,67.41614599118198,-180.92587575195438,26.928621839794435,3.9507536188521755,-96.4071569178361,112.38976927286868,81.82986242139572,106.5741947553484,-27.157566149481553,-28.790261645167142,214.6672307292834,61.018779567579436,18.965079066745837,-31.64565895213331,-30.417818045949637,-34.816091601620634,60.06218911555405,113.20348445542072,18.563949078858457,13.792759659477413,-143.14163876233133,-106.00503672215079,-188.36035550973534,65.24446034057732,-49.89719005824591,-79.80218707756973,-48.048060174852424,-35.271681259227144,34.73455475841672,-69.56466805272512,-116.50137157942389,-70.86508979926893,-2.2814409055144282,-121.51587993452735
43.74464795317409,-58.2510226384374,18.197683986549407,-101.71922181169012,-82.12950076017488,-4.832935017024615,-139.38121608706084,-28.858427307862684,31.843209739449055,124.6213363942113,87.10967228434515,-237.66755435871343,35.858931989258636,5.59802700351903,-127.0205648938572,147.06115065908904,106.5741947553484,139.9963581819883,-35.90493362504502,-37.89685095557389,281.1563100932049,80.25762984087842,24.32683478102459,-41.5971448676739,-39.9161814193299,-45.99501446267233,78.82113833465287,147.91217085124288,24.403044108304524,18.35179020148116,-187.22197442343128,-139.42907362032344,-246.56051102525774,85.08572385537211,-65.64142221707458,-104.76323782737065,-62.462717637616265,-48.13935999638853,46.75575745851968,-91.32988214441205,-152.9824883677113,-92.76420979662089,-2.9862796624689616,-160.2827690998849
-11.229114429122633,15.062832296763949,-4.776063198692483,26.477980997657774,21.21800212071787,1.61862782497888,35.92526116419541,7.768964516626815,-8.184065641650182,-32.09814944021461,-21.878498103275607,61.17445717603975,-9.515590769781895,-1.3857305677949991,32.94119901142854,-37.716306036728454,-27.157566149481553,-35.90493362504502,9.429588394796925,9.98902147657452,-72.18473311837555,-20.691139115409808,-6.129351146034906,10.771380625086762,10.326782688518735,11.893223417246574,-20.240678931844304,-37.81571578024983,-6.2453491152977,-4.796832310605252,47.88798043318239,35.9477534349422,63.104684099179245,-21.626015776426197,16.970656212801952,26.990525487071995,15.837564236261091,13.058587888816993,-12.417583105931175,23.41934338370003,39.55660042795126,23.651462315513854,0.6366899961315006,41.56691359851183
-11.77522223018986,15.941374814654903,-4.987157295025394,28.08755311925286,22.529166076272215,1.6281616910360208,38.06018361152016,8.16581446091909,-8.562190650284213,-34.00819584233976,-23.182225000835075,64.75619850699515,-10.206990861146837,-1.2560637817350278,34.925123202546004,-39.908952742921315,-28.790261645167142,-37.89685095557389,9.98902147657452,10.688115080173935,-76.43772800109338,-21.875036654130582,-6.533749767040314,11.452381627479578,10.974826430081096,12.570252481069616,-21.39613184260627,-40.03777581491519,-6.576543506586168,-5.003005913042023,50.70411685131449,37.96336986089629,66.7637105166242,-22.922426237953765,17.98529556695369,28.559465301419838,16.713790158040243,13.69667587330466,-13.154092074372352,24.693156499384866,42.014576077537804,25.033948178409585,0.5713131184386055,44.02389107490646
87.87012683085337,-116.96987524052096,36.11821663389775,-204.36387043653937,-165.17232558389415,-8.980550362893378,-280.3458647624121,-57.541488954643846,63.69034721680147,250.61973296116543,175.67270497945032,-477.64086072239775,72.16527292921222,10.680301389468267,-255.29961125185528,295.87081209163784,214.6672307292834,281.1563100932049,-72.18473311837555,-76.43772800109338,565.6139113485904,161.18684721574598,49.236399117013626,-83.72193223994091,-80.37525616373792,-92.2898143360925,158.41362069196867,297.6905254901687,48.983069126883876,36.665115755740715,-376.6586909961342,-280.11260221952614,-495.93954175974494,171.2367511723041,-132.01701639973717,-210.73003031927914,-125.88352520654058,-95.86314221801213,93.52059124466854,-183.43168559368218,-307.90297901618925,-186.53901217263552,-5.682268764139414,-322.0440810075409
25.02881740291401,-33.52222485226814,10.64091207505381,-58.55725551221507,-47.25426241787942,-3.0636600548757014,-80.00210539741386,-16.767222144153823,18.248233789474376,71.48213166348721,49.71535735301624,-136.47504210934292,20.661910268979724,3.191317989404777,-73.03166311110128,84.30693514016465,61.018779567579436,80.25762984087842,-20.691139115409808,-21.875036654130582,161.18684721574598,46.16046012134493,13.911838886270116,-23.86527560176502,-22.892421810424967,-26.414449702417485,45.19494168915142,84.67850669962313,13.961039729161865,10.63110121068721,-107.24590522728585,-79.97593727134971,-141.14684276695738,48.720444597700244,-37.61013897317454,-59.96441762873532,-35.51076796005832,-28.03636461278691,27.013516303586385,-52.35083364254696,-87.77691343664898,-53.02540306503585,-1.8133700113266127,-92.05788231232948
7.654748440407068,-10.049133915568417,2.960783543267588,-17.375779788712315,-14.274414962842096,-0.22921520730134062,-24.279544134023798,-4.5451751582046205,5.397852734762792,21.65437951235571,15.865008980630428,-41.26163570281822,5.912472488832349,0.8243446018977374,-21.85011178384222,25.85127167968449,18.965079066745837,24.32683478102459,-6.129351146034906,-6.533749767040314,49.236399117013626,13.911838886270116,4.539141311976008,-7.167520322295163,-6.933512580105945,-7.84813473031266,13.706095187405015,26.072103788591587,4.225475791459048,3.118569131513729,-32.899101841105086,-24.124140469847696,-43.19868989720074,15.080984470761917,-11.3114910653416,-18.196236587669233,-11.153312871942477,-7.481414858547029,7.501352389762711,-15.898027606177482,-26.512481832484152,-16.22894565138361,-0.6027532728525953,-27.471331606222336
-12.944382544728587,17.351657887122677,-5.325814942320887,30.498682853684674,24.503439528205202,1.5295739139551106,41.57144625062746,8.709234678479909,-9.442970355628841,-37.20469588274734,-25.691026229224768,70.83052947694168,-10.997352302412915,-1.4669560514043443,38.014627272804134,-43.71742000324052,-31.64565895213331,-41.5971448676739,10.771380625086762,11.452381627479578,-83.72193223994091,-23.86527560176502,-7.167520322295163,12.526504366212643,11.97040404018028,13.747800319560785,-23.49727272495109,-43.99140709543541,-7.251789636283331,-5.387357037939259,55.69589222562675,41.54658847801848,73.40399519385451,-25.234323994347985,19.674265020784315,31.292377402694942,18.546050816122282,14.56865881394297,-14.203404347883517,27.11936676185815,45.87318899808288,27.62484283557231,0.6287837682213305,47.97768764309543
-12.446121376713194,16.641651406114395,-5.104321482521912,29.195020686524998,23.50763368123729,1.3830976264376216,39.8861343586916,8.292996757542005,-9.040030797653236,-35.68160031377153,-24.759370058422963,67.91041799334909,-10.466674030915337,-1.4330957154987942,36.41960430524925,-41.99657090945173,-30.417818045949637,-39.9161814193299,10.326782688518735,10.974826430081096,-80.37525616373792,-22.892421810424967,-6.933512580105945,11.97040404018028,11.47914285813483,13.158711224066996,-22.51327183966681,-42.253002561557075,-6.9551609443024045,-5.18065945088509,53.4712444645762,39.84906476501043,70.44723252614138,-24.250714625904987,18.854970839198025,30.03344707222827,17.856006554135117,13.836490312979704,-13.502629081113243,26.027679122614092,43.947363651243094,26.504005152755184,0.6571950740087547,45.97397421004475
-14.30382759978772,19.217265228126607,-6.078821574512227,33.683270686403816,27.056989929835343,1.9136544146022716,45.838925210264115,9.74503799571073,-10.503747770502587,-41.01585447882201,-28.22848325048085,78.21178883648766,-12.054407553304465,-1.8202217649237526,41.95721878536479,-48.20785836515078,-34.816091601620634,-45.99501446267233,11.893223417246574,12.570252481069616,-92.2898143360925,-26.414449702417485,-7.84813473031266,13.747800319560785,13.158711224066996,15.208734251812762,-25.911278331560325,-48.44479253554836,-8.015944639090634,-6.051999868955849,61.37893893166877,45.88853750619747,80.87131666387425,-27.81595393036881,21.657537672141377,34.46427214839336,20.341895309867283,16.324999907075405,-15.753083345702377,29.980183389861146,50.44804844137773,30.434117565982934,0.8785032526999109,52.97266536933483
24.640144544985645,-32.79739524045263,10.172530093724944,-57.33813154257085,-46.25995665453347,-2.675567099680014,-78.5431018798749,-16.24150749180028,17.916408459418623,70.22731022789236,49.06294761933674,-133.91036988737952,20.26370079816069,3.0586527624645052,-71.59079012788747,82.84994781853024,60.06218911555405,78.82113833465287,-20.240678931844304,-21.39613184260627,158.41362069196867,45.19494168915142,13.706095187405015,-23.49727272495109,-22.51327183966681,-25.911278331560325,44.44700380967582,83.34567889086178,13.74000069864981,10.30381689625868,-105.49043506391438,-78.54571751080117,-138.94070462460155,47.903405433234354,-37.00525532444087,-59.03098503939415,-35.198037111957575,-27.134918733876642,26.367634630942923,-51.43706646471364,-86.29586086589441,-52.2499723265881,-1.5807454761548083,-90.30011468719188
46.280922015841576,-61.403386367814996,18.77510960254556,-107.15999970816435,-86.7578922012021,-4.222789062123397,-147.41147041493565,-29.868182445066715,33.45586407890753,131.78906309896854,92.95204701865913,-251.0962174613453,37.6917547793872,5.582000042179575,-134.01036989534754,155.7746972691618,113.20348445542072,147.91217085124288,-37.81571578024983,-40.03777581491519,297.6905254901687,84.67850669962313,26.072103788591587,-43.99140709543541,-42.253002561557075,-48.44479253554836,83.34567889086178,156.8544432684187,25.78304022233763,19.180302274887598,-198.38371358475317,-147.25297360742246,-261.1983457834935,90.28005431170433,-69.38709228858325,-110.87051857876446,-66.55055941147178,-49.67064660553638,48.726700112852626,-96.5236787507814,-161.83456641896657,-98.29313279123024,-2.999270666411988,-169.04767425554576
7.639558844260876,-10.128352783351772,3.138205293977564,-17.69763762804403,-14.277134905844964,-0.8214163318700219,-24.272763039164136,-5.017337464983886,5.562371220737568,21.714473795317073,15.182081958927078,-41.3836250205905,6.2465384514687035,0.9927849628592487,-22.11006802424615,25.6159112703906,18.563949078858457,24.403044108304524,-6.2453491152977,-6.576543506586168,48.983069126883876,13.961039729161865,4.225475791459048,-7.251789636283331,-6.9551609443024045,-8.015944639090634,13.74000069864981,25.78304022233763,4.261777453934013,3.1821859130075416,-32.62748537980173,-24.306148596375255,-43.00017567204019,14.82185797444568,-11.4536595286649,-18.282911419993056,-10.933808953408782,-8.36181717091512,8.146728736649965,-15.922683018185715,-26.655870095280832,-16.192428590845342,-0.49332722712274546,-27.927480138942386
5.781553141475951,-7.725948733534629,2.627578774417154,-13.439364128983522,-10.807101630791824,-0.9711215547969384,-18.250882516962474,-4.026195869156132,4.233791740259901,16.254949543690163,11.126643967502876,-31.182829694455396,4.632860214198275,0.9077586754356546,-16.71714341919449,19.21818205571459,13.792759659477413,18.35179020148116,-4.796832310605252,-5.003005913042023,36.665115755740715,10.63110121068721,3.118569131513729,-5.387357037939259,-5.18065945088509,-6.051999868955849,10.30381689625868,19.180302274887598,3.1821859130075416,2.5821635313977103,-24.314399008779777,-18.316861116198954,-31.983745220799197,10.989804291378192,-8.517888266237575,-13.59911842602831,-7.9320256520316095,-6.822761691764788,6.254207993696655,-11.99143147784812,-19.888247567790835,-11.92608375801283,-0.5740637909562041,-21.03816685608124
-58.49006019072793,77.79335644746045,-23.923200768548604,135.78733049282832,109.88191533813331,5.612240660950215,186.5689673863657,37.97832268774255,-42.37805190476119,-166.81538408838577,-117.41630453715685,317.9271646760252,-47.82924849344688,-7.095355969895108,169.73283127429426,-197.05615280590317,-143.14163876233133,-187.22197442343128,47.88798043318239,50.70411685131449,-376.6586909961342,-107.24590522728585,-32.899101841105086,55.69589222562675,53.4712444645762,61.37893893166877,-105.49043506391438,-198.38371358475317,-32.62748537980173,-24.314399008779777,250.99200474684483,186.37593002060817,330.4310190496258,-114.21900394549144,87.82204003398951,140.25278832769135,84.00521154620266,63.191753366111406,-61.9214289365382,122.15372594332483,204.84724708859497,124.36457946662726,3.8494729299718893,214.09701125198723
-43.622415679648114,58.072187931933534,-18.11522892239462,101.60998137294096,81.87194570652585,5.067244966431016,138.9728676128054,29.031799849721185,-31.73734336256077,-124.24909440600254,-86.37181188380302,236.8474722721541,-36.0060139429295,-5.519402912587092,126.79894961364299,-146.47231799826196,-106.00503672215079,-139.42907362032344,35.9477534349422,37.96336986089629,-280.11260221952614,-79.97593727134971,-24.124140469847696,41.54658847801848,39.84906476501043,45.88853750619747,-78.54571751080117,-147.25297360742246,-24.306148596375255,-18.316861116198954,186.37593002060817,139.06063490202956,245.54884057053633,-84.55415268114203,65.53939185286086,104.52026483997771,62.16784858892393,48.50616451943458,-46.9255040968877,90.96839890563213,152.69672654985501,92.31138939409182,2.7672945099046586,160.0392918140742
-77.10819577515909,102.37980241737614,-31.390147647514567,178.8487018424218,144.58668239794406,7.4749887815166725,245.67326909358917,50.13570360284691,-55.87739958324809,-219.70034443964303,-154.38594570157926,418.575882113599,-63.1150333294346,-9.399718705423801,223.55020996404156,-259.4169372540153,-188.36035550973534,-246.56051102525774,63.104684099179245,66.7637105166242,-495.93954175974494,-141.14684276695738,-43.19868989720074,73.40399519385451,70.44723252614138,80.87131666387425,-138.94070462460155,-261.1983457834935,-43.00017567204019,-31.983745220799197,330.4310190496258,245.54884057053633,435.196071806153,-150.2682917657178,115.77455669191234,184.86148814822,110.75811698028885,83.433274268501,-81.73516334577478,160.87798398793777,269.8702483810135,163.81568635914576,4.870378388202994,282.10358212201675
26.524233367437205,-35.30483312244004,10.840483824653965,-61.4955252598885,-49.943289886094455,-2.27546817003111,-84.73806692189548,-16.995421761555868,19.19102252381152,75.761939006225,53.76276065153293,-144.44232120279867,21.546508352459668,3.182467736141538,-76.94903902171822,89.60850185155084,65.24446034057732,85.08572385537211,-21.626015776426197,-22.922426237953765,171.2367511723041,48.720444597700244,15.080984470761917,-25.234323994347985,-24.250714625904987,-27.81595393036881,47.903405433234354,90.28005431170433,14.82185797444568,10.989804291378192,-114.21900394549144,-84.55415268114203,-150.2682917657178,52.14088238120321,-39.81272495576691,-63.632059072042466,-38.23514903744497,-28.143948173207917,27.824897006011973,-55.497305405706726,-92.92459560668787,-56.619714238000064,-1.8964199732387947,-97.02652767016377
-20.480720821995263,27.33540388740488,-8.405098436522257,47.990366383381655,38.58914248333624,2.3784135493529366,65.52124043590953,13.713624787483585,-14.915769073998076,-58.64008680760234,-40.56940151538872,111.59100115558927,-17.23548422352007,-2.4447342043353966,59.85699721459742,-68.95508346760967,-49.89719005824591,-65.64142221707458,16.970656212801952,17.98529556695369,-132.01701639973717,-37.61013897317454,-11.3114910653416,19.674265020784315,18.854970839198025,21.657537672141377,-37.00525532444087,-69.38709228858325,-11.4536595286649,-8.517888266237575,87.82204003398951,65.53939185286086,115.77455669191234,-39.81272495576691,31.022705562767825,49.39611387227767,29.356906536636263,22.870039586318686,-22.305806377245375,42.79916749766426,72.20812908229294,43.588632627590876,1.063708141735972,75.62814643280785
-32.78121441509478,43.5501592972565,-13.32940305245028,76.29057287479729,61.473760394491954,3.4793456767227506,104.489166098722,21.620145330021426,-23.786531499565694,-93.48110680387585,-65.1154474451555,177.9016305586992,-27.180091392613754,-3.978727259487321,95.26489062147681,-110.15608417930845,-79.80218707756973,-104.76323782737065,26.990525487071995,28.559465301419838,-210.73003031927914,-59.96441762873532,-18.196236587669233,31.292377402694942,30.03344707222827,34.46427214839336,-59.03098503939415,-110.87051857876446,-18.282911419993056,-13.59911842602831,140.25278832769135,104.52026483997771,184.86148814822,-63.632059072042466,49.39611387227767,78.78718966463934,47.0568623447627,36.02703214412402,-35.17092133483331,68.33910934360819,114.98452139297487,69.57956963901226,1.8169515314437596,120.34875625697433
-19.72126939999784,25.700473185220233,-7.497085699109102,44.81830868421307,36.35723899695436,1.1522548090096685,62.16706788416704,12.179933312386204,-14.104800279594405,-55.622836522261395,-39.75701802270315,105.66140022717458,-15.681006858243315,-2.3588344032751136,56.238568820628025,-65.91828961784596,-48.048060174852424,-62.462717637616265,15.837564236261091,16.713790158040243,-125.88352520654058,-35.51076796005832,-11.153312871942477,18.546050816122282,17.856006554135117,20.341895309867283,-35.198037111957575,-66.55055941147178,-10.933808953408782,-7.9320256520316095,84.00521154620266,62.16784858892393,110.75811698028885,-38.23514903744497,29.356906536636263,47.0568623447627,28.73641147218142,20.13956361695918,-20.086525778035853,40.807020802354344,68.27707913737362,41.74522506307764,1.0704954869632328,71.09379960227024
-14.940787204491404,20.555575647677298,-7.189712336588087,36.47040260018641,28.62139375374139,3.9822607904815737,48.12921052430887,11.798592319116818,-11.308636164327597,-43.01857121309569,-27.34279298490611,82.34597176462134,-13.487071179118404,-2.2612353104040754,44.91038490283513,-49.92143716018109,-35.271681259227144,-48.13935999638853,13.058587888816993,13.69667587330466,-95.86314221801213,-28.03636461278691,-7.481414858547029,14.56865881394297,13.836490312979704,16.324999907075405,-27.134918733876642,-49.67064660553638,-8.36181717091512,-6.822761691764788,63.191753366111406,48.50616451943458,83.433274268501,-28.143948173207917,22.870039586318686,36.02703214412402,20.13956361695918,20.24768552993305,-18.263360870380662,31.35526219221322,53.17617090361197,31.139227798277187,0.8598721968450397,56.71416246839266
14.374482247751772,-19.76697310836637,6.517248133834731,-35.06907023579391,-27.73865315644589,-3.030792303697846,-46.74953003615258,-10.806597163970249,10.813124571199625,41.904344728541076,27.411487296304283,-79.89274976250752,13.088680816546768,1.8450785799975309,-43.35959410739243,48.64425629339575,34.73455475841672,46.75575745851968,-12.417583105931175,-13.154092074372352,93.52059124466854,27.013516303586385,7.501352389762711,-14.203404347883517,-13.502629081113243,-15.753083345702377,26.367634630942923,48.726700112852626,8.146728736649965,6.254207993696655,-61.9214289365382,-46.9255040968877,-81.73516334577478,27.824897006011973,-22.305806377245375,-35.17092133483331,-20.086525778035853,-18.263360870380662,17.266665049771046,-30.404646408429613,-51.82794747886519,-30.758811639822856,-0.6166950693495425,-54.84766132884152
-28.603154491863304,37.97748709739586,-11.840436850517909,66.29237600900859,53.53608807874612,3.0865899955586533,90.91844956395582,18.785505511541636,-20.779051949530338,-81.27252523766377,-56.89665527256479,155.007576777188,-23.298237459664847,-3.690141955614325,82.80713216451473,-95.97583121307737,-69.56466805272512,-91.32988214441205,23.41934338370003,24.693156499384866,-183.43168559368218,-52.35083364254696,-15.898027606177482,27.11936676185815,26.027679122614092,29.980183389861146,-51.43706646471364,-96.5236787507814,-15.922683018185715,-11.99143147784812,122.15372594332483,90.96839890563213,160.87798398793777,-55.497305405706726,42.79916749766426,68.33910934360819,40.807020802354344,31.35526219221322,-30.404646408429613,59.6114512444466,99.74855506166843,60.489575269123314,1.9712396281257918,104.47708636761675
-47.67031692938704,63.79291702350413,-19.65848329300991,111.90993820938236,90.1007986000815,5.442027897593942,152.8209708683105,31.85686249254619,-34.680624096100665,-136.70529241221124,-94.7955770884837,260.31372008497635,-40.09979599217617,-5.537816542106649,139.57738542674608,-160.8709843303791,-116.50137157942389,-152.9824883677113,39.55660042795126,42.014576077537804,-307.90297901618925,-87.77691343664898,-26.512481832484152,45.87318899808288,43.947363651243094,50.44804844137773,-86.29586086589441,-161.83456641896657,-26.655870095280832,-19.888247567790835,204.84724708859497,152.69672654985501,269.8702483810135,-92.92459560668787,72.20812908229294,114.98452139297487,68.27707913737362,53.17617090361197,-51.82794747886519,99.74855506166843,168.34791063278374,101.53319543679991,2.597473275826311,176.15556078965102
-28.919772412080263,38.47224941323492,-11.74229389907884,67.2146962134291,54.35486592630439,2.7215493247098808,92.36000206092736,18.760516938595966,-21.01801693338708,-82.66556376223687,-58.15844122915342,157.41172000265027,-23.807111778857312,-3.4977575007761876,84.03423975461634,-97.52637790842732,-70.86508979926893,-92.76420979662089,23.651462315513854,25.033948178409585,-186.53901217263552,-53.02540306503585,-16.22894565138361,27.62484283557231,26.504005152755184,30.434117565982934,-52.2499723265881,-98.29313279123024,-16.192428590845342,-11.92608375801283,124.36457946662726,92.31138939409182,163.81568635914576,-56.619714238000064,43.588632627590876,69.57956963901226,41.74522506307764,31.139227798277187,-30.758811639822856,60.489575269123314,101.53319543679991,61.786167243488464,1.7693721690299962,106.12270400863484
-0.9480436856874452,1.2714491044046925,-0.7024151864681595,1.8816778827182263,1.727698895565787,0.15310488852449486,2.769451198830278,0.5228651664794819,-0.6997197311274113,-2.3820406426680756,-2.069893268917046,4.933045935506602,-0.24709726035888296,-0.4109132872523454,2.39618269238508,-3.0908851786227585,-2.2814409055144282,-2.9862796624689616,0.6366899961315006,0.5713131184386055,-5.682268764139414,-1.8133700113266127,-0.6027532728525953,0.6287837682213305,0.6571950740087547,0.8785032526999109,-1.5807454761548083,-2.999270666411988,-0.49332722712274546,-0.5740637909562041,3.8494729299718893,2.7672945099046586,4.870378388202994,-1.8964199732387947,1.063708141735972,1.8169515314437596,1.0704954869632328,0.8598721968450397,-0.6166950693495425,1.9712396281257918,2.597473275826311,1.7693721690299962,0.6143306488754405,2.8893895911256244
-49.90483399946047,66.96373734823493,-21.008882998651416,117.4953272010287,94.4170810730516,6.469217725132623,159.97839050038164,33.920715791695976,-36.49057570159222,-143.11883097699686,-98.52264326495974,272.67740405856165,-42.161810759534134,-6.1378642382402235,146.3858862128165,-168.2128460782617,-121.51587993452735,-160.2827690998849,41.56691359851183,44.02389107490646,-322.0440810075409,-92.05788231232948,-27.471331606222336,47.97768764309543,45.97397421004475,52.97266536933483,-90.30011468719188,-169.04767425554576,-27.927480138942386,-21.03816685608124,214.09701125198723,160.0392918140742,282.10358212201675,-97.02652767016377,75.62814643280785,120.34875625697433,71.09379960227024,56.71416246839266,-54.84766132884152,104.47708636761675,176.15556078965102,106.12270400863484,2.8893895911256244,184.8498440164675
