V1,V2,V3,V4,V5,V6,V7,V8,V9,V10,V11,V12,V13,V14,V15,V16,V17,V18,V19,V20,V21,V22,V23,V24,V25,V26,V27,V28,V29,V30,V31,V32,V33,V34,V35,V36,V37,V38,V39,V40,V41,V42,V43,V44
33.01892484594086,-16.91855054418009,-151.21691574767652,-69.05246178650671,-48.858506896575484,-62.98734120235949,1.3464299876989274,77.90320880327752,-66.82094126454207,-87.10001197822481,-47.797690683932096,49.19031163120827,-28.84087168857482,-107.77899519503862,56.432652706909685,-9.450141476608323,56.71122791126296,-11.58898828218004,160.46689282185204,-74.3873385751355,22.780283605814848,-3.4640305573392087,-31.846207570120875,94.96387377648209,34.503650758048224,-107.609096634406,24.52712856021973,-55.33654453103988,62.8380685781283,18.201859817361065,-47.348340890053215,66.11588406903208,43.69533366476412,-14.713341066939465,-56.994052259206434,-64.70744749687766,28.669014601362555,-40.00398962737859,21.190540616100126,-27.526741587196593,71.27025117266236,13.759113256565984,-57.05935075740294,94.97451261568175
-16.91855054418009,9.602513048245836,79.62298516822952,36.28383014011783,26.01410776749931,33.4070334836734,-0.6004549162964767,-41.06147217907679,34.98674408858072,45.41947456193663,25.13887911639965,-25.753813487959,14.695005918311704,56.510744799862216,-29.696320308307104,5.380205119502668,-29.599105581222762,6.162544938149626,-84.50613335822844,39.009529794035835,-12.68533501880504,1.2867771258471261,16.524332015541866,-50.90260500524698,-17.916432516766893,56.6593667182802,-13.169398891322697,29.09170236611405,-33.51492029903131,-9.596407970436596,24.807393569607004,-35.13581324153515,-23.499829616244178,6.967341934266542,30.013763933110862,33.770201574690326,-14.985367957962199,20.672914994320795,-11.033570102248655,14.376228909707137,-38.23946961157738,-6.825702786666385,30.236741019626624,-50.66631394637574
-151.21691574767652,79.62298516822952,701.9886479775439,320.2795467295639,226.37399466192917,293.0338739217212,-5.365101487995176,-361.00515763173894,309.1920316976439,403.59542616577335,221.02278025128481,-227.61264878937902,131.82474270066828,499.37737114133427,-261.53303525006777,43.78059209643726,-262.0176747854489,54.010112111648574,-744.6871938854323,343.6449906942179,-107.26707965237301,14.742437221849555,146.9747557738121,-443.32323930431096,-158.6916504542645,500.037930451349,-114.51410984815563,257.27277350817974,-291.5173440655637,-84.29667370673722,217.5570413111784,-305.97000862231994,-202.68466960743413,65.59988480645086,262.69413366890944,300.0595132250053,-131.87236809147686,185.40178910584908,-96.97790561190484,127.26680190831927,-331.6990908478451,-61.874337155912876,264.9237352077658,-442.52583004001247
-69.05246178650671,36.28383014011783,320.2795467295639,146.33795654001133,103.21706426957057,133.85945196959395,-2.479114873667057,-164.75255503839688,141.09164803925643,184.30374920528575,101.03826787391148,-103.77885406099104,60.0764145387618,227.81372172817163,-119.30165634377373,19.87999710428611,-119.64420012876317,24.698312375049547,-339.7982848584355,156.8581890699739,-48.86750415402632,6.758285298010707,67.14700647227824,-202.25404047481686,-72.37860228805015,228.3001515777526,-52.34025514906505,117.51973697213735,-132.9936619895789,-38.48164474862167,99.22386457642276,-139.55552062700656,-92.4844731374616,30.139587713238807,119.81608826053623,137.08073210327993,-60.24606095800591,84.91377953572267,-44.432525456796725,58.11136953044697,-151.27315075806789,-28.390406876324764,120.94641727050146,-201.86430969788566
-48.858506896575484,26.01410776749931,226.37399466192917,103.21706426957057,73.49868992870033,94.53555685645307,-1.7783949131543313,-116.38680130658925,99.79431484610502,129.81658499623657,71.4241149636574,-73.4767367166917,42.65886640984792,161.18667099285184,-84.35572071077134,14.580832445590346,-84.39971591298126,17.296894149620762,-240.1790140705101,111.1233774884246,-34.78658991681655,4.605010618954141,47.41814511033702,-143.00278365972207,-51.39631411560418,161.01711194746258,-36.833331945619875,82.72797336185903,-94.37844128010303,-27.273512651751716,70.6339957998009,-99.12072406126543,-65.82888016868623,21.05137909396151,85.29269688833334,96.4435688611582,-42.76002068416557,59.514486098896406,-31.4787676372708,41.046390389104246,-107.27705694568027,-19.96354304817221,85.47204023804838,-142.66877519298995
-62.98734120235949,33.4070334836734,293.0338739217212,133.85945196959395,94.53555685645307,122.63117270744128,-2.164066062611593,-150.69255824712107,128.96125365611366,168.51365702519155,92.51194651176476,-94.85610541520461,54.723716627874275,208.3800163170125,-109.10453262586192,18.28856063800307,-109.36657841825748,22.55454673180892,-310.9059981541729,143.4460436204233,-44.998984341200085,6.0030779905447345,61.363147932112625,-185.3872188784032,-66.11728071040338,208.9128952333535,-47.95575952518156,107.49777275349105,-121.82126644133187,-35.20974400206817,90.59966447118622,-127.67717207045386,-84.7454274866379,27.26502480149029,109.56073950791809,125.35130262821461,-55.07687309114452,77.60336252497567,-40.58852944268716,53.06511210686509,-138.64373332371792,-25.750929946836894,110.67252776987368,-184.9310104392869
1.3464299876989274,-0.6004549162964767,-5.365101487995176,-2.479114873667057,-1.7783949131543313,-2.164066062611593,0.2697141666395769,3.088308878457665,-2.4788226762339445,-3.2058349583722885,-1.8110782684163296,1.8016160145135829,-1.1338747566080654,-3.7906178349586437,2.159987802268333,-0.4010241268043982,2.2923213397291393,-0.5049278283437877,5.7614741442527295,-2.7951109715061504,0.7471446837522264,-0.22269054601765603,-1.2066414879601426,3.3243947921269976,1.3139200585551563,-3.7840355140132034,0.9709707870086637,-1.907807910360497,2.3932348826737555,0.6531113117491006,-2.001240668957753,2.6453829822012804,1.7266281933181329,-0.7817606103423776,-2.22359209189852,-2.352935448960377,1.1281793699757277,-1.2849101999607564,0.9436176569875853,-1.0537436680542864,2.69360368606398,0.7576363939588621,-2.1847458606261774,3.4930968719579036
77.90320880327752,-41.06147217907679,-361.00515763173894,-164.75255503839688,-116.38680130658925,-150.69255824712107,3.088308878457665,186.40528572641205,-159.02503012540663,-207.82309886744736,-113.94107887011394,117.05044673216976,-67.70871032146567,-256.5877948802044,134.80831249606368,-22.583681361919524,135.3454050699896,-27.98183943731534,383.1090644827188,-176.8671880949968,55.37299631075955,-7.624121922858111,-75.58247311309309,228.33904260480037,81.59325803796493,-257.2360098365798,59.25124245270189,-132.2639991473534,150.35824766436656,43.29834621830107,-112.15109637312328,157.85481451209859,104.57997176932939,-33.97186361370606,-135.19857613530078,-154.51578469546521,67.8723717931571,-94.96670322976598,50.080004922060034,-65.43955101040972,171.16532754724398,32.1619895950361,-136.5889804893686,228.24245842655418
-66.82094126454207,34.98674408858072,309.1920316976439,141.09164803925643,99.79431484610502,128.96125365611366,-2.4788226762339445,-159.02503012540663,136.33922162336935,177.76963647868556,97.37118752088575,-100.35506707745411,58.326155922532884,220.06223551391662,-115.23189942024644,19.34228908714537,-115.4680029879617,23.786178509228403,-328.00947995800925,151.54202058340044,-47.025886368938004,6.623427961303968,64.83810202035882,-194.94872635578804,-70.07027870985524,220.14542845065162,-50.346609360144,113.26953163816725,-128.38829140394054,-37.1686129335107,96.15445912506691,-134.91386675988835,-89.31568753908981,29.174068606113202,115.96958418517022,132.12720715224586,-58.23082786570664,81.69983744671164,-42.88233788131235,56.16638710451139,-145.96652403127914,-27.476431631439638,116.6934557302437,-194.6542414682814
-87.10001197822481,45.41947456193663,403.59542616577335,184.30374920528575,129.81658499623657,168.51365702519155,-3.2058349583722885,-207.82309886744736,177.76963647868556,232.54412107591475,127.27790697477452,-130.80289020276058,75.75430601416129,287.04390687282023,-150.4522153108408,24.800308543330026,-151.03720438618433,31.144219052961883,-428.2106562024727,197.5660995797212,-61.44469977502927,8.752033058045944,84.64157901787266,-254.72060053268132,-91.1916237279431,287.7035961085446,-65.9661277147618,148.04744657933026,-167.4640915215589,-48.416340105999936,124.91755617302624,-175.70453670109222,-116.2971618248779,38.16181692832525,150.7637564557968,172.9327017199588,-75.81313409808207,106.87298135292757,-55.8646281708133,73.1834396203021,-190.54232167822303,-35.84062830860888,152.3760523663683,-254.48145915908302
-47.797690683932096,25.13887911639965,221.02278025128481,101.03826787391148,71.4241149636574,92.51194651176476,-1.8110782684163296,-113.94107887011394,97.37118752088575,127.27790697477452,70.0874178397066,-71.59995760001786,41.447432793064664,157.25253292417761,-82.41605673810888,13.866458369460803,-82.82467611654162,16.99788579621601,-234.59562079062454,108.49327856416014,-33.890152250812896,4.677105327949535,46.412850553770824,-139.68401010515814,-50.05870822347804,157.55549045680556,-36.19862949893352,80.99562338520249,-92.11048344209142,-26.580855422247904,68.6634382218877,-96.56598117195982,-64.11178479374561,20.943605605450905,82.94061701290984,94.65477926915169,-41.74978131400113,58.48896556914977,-30.89775498637164,40.0448271255101,-104.7060904645333,-19.738968395836146,83.56868756728304,-139.5107119026002
49.19031163120827,-25.753813487959,-227.61264878937902,-103.77885406099104,-73.4767367166917,-94.85610541520461,1.8016160145135829,117.05044673216976,-100.35506707745411,-130.80289020276058,-71.59995760001786,73.919049635553975,-42.99758155202699,-162.02146664427278,84.83695815163122,-14.266882002135358,84.97372941313377,-17.477664657432943,241.44486232126576,-111.54214848916351,34.64879926019394,-4.869330994025197,-47.67877393812553,143.4948681618874,51.60785298006395,-161.99859685091556,37.00961726048991,-83.33432976375268,94.52062811098753,27.346657794473103,-70.79804562260684,99.33134814659279,65.72532945981321,-21.411828314495803,-85.38872526384044,-97.2027777619969,42.83149507336789,-60.00680395324565,31.48068135387844,-41.316452973444775,107.46464212719101,20.17745990068962,-85.8549079904736,143.29575170450383
-28.84087168857482,14.695005918311704,131.82474270066828,60.0764145387618,42.65886640984792,54.723716627874275,-1.1338747566080654,-67.70871032146567,58.326155922532884,75.75430601416129,41.447432793064664,-42.99758155202699,25.383794575626872,94.08128815188373,-49.1574839399723,8.299436674414086,-49.25349024253677,10.03098013104051,-139.8214778055489,64.86058067836848,-19.716606871080597,3.0549176602592123,27.740241683674466,-82.51406615259918,-30.19475781018669,93.63648809324252,-21.178986401516475,48.160232837001644,-54.651962441299226,-15.882384981789041,41.42604964573348,-57.62464707638148,-37.999665627001136,12.802357926452704,49.81652109969038,56.23005810984287,-24.994528724083462,34.791700158433045,-18.376373720972904,24.0393874805374,-61.92471699554603,-11.95218442033548,49.6081982273498,-82.49169684100434
-107.77899519503862,56.510744799862216,499.37737114133427,227.81372172817163,161.18667099285184,208.3800163170125,-3.7906178349586437,-256.5877948802044,220.06223551391662,287.04390687282023,157.25253292417761,-162.02146664427278,94.08128815188373,355.4836739236615,-185.98728319018,31.199752748409004,-186.30076982595685,38.27167769155796,-529.7317732148446,244.64985853689183,-76.09688910419396,10.616211064113386,104.65762503229068,-314.9391821349716,-113.11593751509662,355.56767637185004,-81.2106546971592,182.91820690957485,-207.29568219478998,-60.01981013003649,154.98673908467504,-217.6322101548389,-144.13369869216595,46.8597541554881,187.1458399823613,213.35788972762427,-93.96392019207477,131.98683204985022,-69.07805400963082,90.5756027621317,-235.6969254563548,-44.093166614444776,188.30479969896922,-314.35757041575846
56.432652706909685,-29.696320308307104,-261.53303525006777,-119.30165634377373,-84.35572071077134,-109.10453262586192,2.159987802268333,134.80831249606368,-115.23189942024644,-150.4522153108408,-82.41605673810888,84.83695815163122,-49.1574839399723,-185.98728319018,97.5904731745496,-16.365612183076212,97.86351760867092,-20.194164270580178,277.494758697248,-128.10936129108222,40.013254541976465,-5.538112676741335,-54.764955543246025,165.23029248408483,59.16320810134842,-186.26285295818874,42.767539488156096,-95.77805862292593,108.78479810593923,31.386947703249955,-81.25557717533194,114.24018748121172,75.6614655135622,-24.558008564920613,-97.97646729678515,-111.83468364266713,49.1660361374192,-68.8489821882724,36.2041411710985,-47.42358466192559,123.80171294944383,23.20695829022242,-98.82859996189828,165.09624671182914
-9.450141476608323,5.380205119502668,43.78059209643726,19.87999710428611,14.580832445590346,18.28856063800307,-0.4010241268043982,-22.583681361919524,19.34228908714537,24.800308543330026,13.866458369460803,-14.266882002135358,8.299436674414086,31.199752748409004,-16.365612183076212,3.2224446941130442,-16.263932561555976,3.3108607256612936,-46.47097160150918,21.669829942824876,-6.9796451235344,0.6983729313610052,9.107718527509702,-27.863552840207127,-10.0495449034047,30.97239453707654,-7.130826460520016,15.828593931739661,-18.608603086167342,-5.318851418154666,14.016850763975963,-19.611640723379764,-13.15274149667861,3.8831441857466213,16.90231533968636,18.37964140357173,-8.383876302182422,11.160228662064718,-6.190090118978577,7.928405016979475,-21.126751218784715,-3.8418872670305477,16.620733951445658,-27.741340741645477
56.71122791126296,-29.599105581222762,-262.0176747854489,-119.64420012876317,-84.39971591298126,-109.36657841825748,2.2923213397291393,135.3454050699896,-115.4680029879617,-151.03720438618433,-82.82467611654162,84.97372941313377,-49.25349024253677,-186.30076982595685,97.86351760867092,-16.263932561555976,98.39432185678217,-20.288123113818145,278.0882034617989,-128.46552908070493,40.019705554161995,-5.70533361605932,-54.96074821382885,165.49680777198404,59.30074749310373,-186.74246484724804,42.96788570316749,-96.01525636120112,109.06643511528678,31.42662632819368,-81.43222711423813,114.49535564811083,75.8026962245614,-24.945949065188355,-98.14091985305953,-112.29726523416302,49.33349548258787,-69.07730878448052,36.45197229823067,-47.51401136436531,124.08040175067363,23.510748560998227,-99.10951790644408,165.52272059743626
-11.58898828218004,6.162544938149626,54.010112111648574,24.698312375049547,17.296894149620762,22.55454673180892,-0.5049278283437877,-27.98183943731534,23.786178509228403,31.144219052961883,16.99788579621601,-17.477664657432943,10.03098013104051,38.27167769155796,-20.194164270580178,3.3108607256612936,-20.288123113818145,4.299957801989103,-57.32261744080302,26.37119170890209,-8.274979956965774,1.119828353513192,11.290492921757009,-34.27647600383464,-12.103165544961795,38.567563346580414,-8.985287865272822,19.88580246037925,-22.460402476857432,-6.462745714186509,16.71622241837292,-23.619347322894168,-15.624306423829623,5.079740061444407,20.095422006967947,23.182740679761565,-10.099408523772246,14.257428114365338,-7.48835246182506,9.836322697223784,-25.63582428011903,-4.844976709634752,20.5255967776622,-34.265527969841266
160.46689282185204,-84.50613335822844,-744.6871938854323,-339.7982848584355,-240.1790140705101,-310.9059981541729,5.7614741442527295,383.1090644827188,-328.00947995800925,-428.2106562024727,-234.59562079062454,241.44486232126576,-139.8214778055489,-529.7317732148446,277.494758697248,-46.47097160150918,278.0882034617989,-57.32261744080302,790.0342993433736,-364.62372882586595,113.83731654443378,-15.656381306488115,-155.9541360858353,470.34727022020087,168.36163535821373,-530.4766744081699,121.5526324043143,-272.91077807501597,309.36620399825165,89.43333675438949,-230.86976494840764,324.6952161431431,215.1178957659966,-69.67367152112034,-278.741634617237,-318.35985069849016,139.95905811115264,-196.65512147409632,102.98278919662008,-135.01532367660036,352.003868070466,65.72698194736256,-281.1188019646988,469.55700013669525
-74.3873385751355,39.009529794035835,343.6449906942179,156.8581890699739,111.1233774884246,143.4460436204233,-2.7951109715061504,-176.8671880949968,151.54202058340044,197.5660995797212,108.49327856416014,-111.54214848916351,64.86058067836848,244.64985853689183,-128.10936129108222,21.669829942824876,-128.46552908070493,26.37119170890209,-364.62372882586595,168.65742798082744,-52.421724856383385,7.326917741991688,72.09712165794637,-216.74560003571435,-77.99746678028139,244.6585041202418,-55.97541614980454,125.80908838450814,-142.9764004452716,-41.34150834771579,107.0547588182568,-150.1778741654089,-99.52277849222438,32.50355630471749,129.15915407200347,146.83769232559206,-64.87586661687716,90.72438189144235,-47.845591686908485,62.37592680310443,-162.4646374574036,-30.63862406364494,129.74890981432847,-216.43990351645945
22.780283605814848,-12.68533501880504,-107.26707965237301,-48.86750415402632,-34.78658991681655,-44.998984341200085,0.7471446837522264,55.37299631075955,-47.025886368938004,-61.44469977502927,-33.890152250812896,34.64879926019394,-19.716606871080597,-76.09688910419396,40.013254541976465,-6.9796451235344,40.019705554161995,-8.274979956965774,113.83731654443378,-52.421724856383385,17.06830559870007,-1.8502943677042094,-22.235011244725445,68.55848263967822,24.05543701870948,-76.45111550517852,17.75318354324094,-39.240226708971804,45.018718813699174,12.851745477847091,-33.084343336568445,47.03891589931288,31.39037664202651,-9.443160740479225,-40.106916503533434,-45.717305396490985,20.046401292430634,-27.89636562090746,14.705608935129511,-19.249951665422234,51.406754693764654,9.150249028850165,-40.64530365457149,68.35036304428213
-3.4640305573392087,1.2867771258471261,14.742437221849555,6.758285298010707,4.605010618954141,6.0030779905447345,-0.22269054601765603,-7.624121922858111,6.623427961303968,8.752033058045944,4.677105327949535,-4.869330994025197,3.0549176602592123,10.616211064113386,-5.538112676741335,0.6983729313610052,-5.70533361605932,1.119828353513192,-15.656381306488115,7.326917741991688,-1.8502943677042094,0.6444013494737794,3.256029507747209,-8.794094643278413,-3.486437294751737,10.485080077471585,-2.2835520336058783,5.40566326891259,-5.906441252390841,-1.7706047332170407,4.700475945000688,-6.29617845859693,-4.0101901750657225,1.857853756527379,5.550087021491916,6.474853961492304,-2.861098960493547,4.078937401398405,-2.1442545392331316,2.763425824788522,-6.60432692547243,-1.5721750834491672,5.493042379522147,-8.95664592455523
-31.846207570120875,16.524332015541866,146.9747557738121,67.14700647227824,47.41814511033702,61.363147932112625,-1.2066414879601426,-75.58247311309309,64.83810202035882,84.64157901787266,46.412850553770824,-47.67877393812553,27.740241683674466,104.65762503229068,-54.764955543246025,9.107718527509702,-54.96074821382885,11.290492921757009,-155.9541360858353,72.09712165794637,-22.235011244725445,3.256029507747209,30.940368244279437,-92.52373969760608,-33.34348098358783,104.68439238718507,-23.918808983123846,53.85878663672164,-60.9716305156692,-17.693561269921755,45.71079471725288,-64.04735575609374,-42.410783431895304,14.047096873448016,55.13457770178564,62.90744230937378,-27.76188769019757,39.0252103845672,-20.499949221989212,26.731570487435363,-69.2773892066869,-13.14587910528393,55.46862372373701,-92.41708331381616
94.96387377648209,-50.90260500524698,-443.32323930431096,-202.25404047481686,-143.00278365972207,-185.3872188784032,3.3243947921269976,228.33904260480037,-194.94872635578804,-254.72060053268132,-139.68401010515814,143.4948681618874,-82.51406615259918,-314.9391821349716,165.23029248408483,-27.863552840207127,165.49680777198404,-34.27647600383464,470.34727022020087,-216.74560003571435,68.55848263967822,-8.794094643278413,-92.52373969760608,281.1632403345367,99.79459608491742,-316.003079024801,72.8085190036918,-162.53956703329877,184.5929406935258,53.16705947521748,-136.9852363907866,193.48130250317783,128.436989137526,-40.687552429932516,-165.58514393445174,-189.4663965106398,83.04142526645481,-116.6760194414176,61.0794112237422,-80.16312749598504,210.3704223293577,38.70306704916905,-167.61112432112355,280.5388495848917
34.503650758048224,-17.916432516766893,-158.6916504542645,-72.37860228805015,-51.39631411560418,-66.11728071040338,1.3139200585551563,81.59325803796493,-70.07027870985524,-91.1916237279431,-50.05870822347804,51.60785298006395,-30.19475781018669,-113.11593751509662,59.16320810134842,-10.0495449034047,59.30074749310373,-12.103165544961795,168.36163535821373,-77.99746678028139,24.05543701870948,-3.486437294751737,-33.34348098358783,99.79459608491742,36.17687164374591,-112.84926079782052,25.688115367205338,-58.005464737590145,65.97701402725961,19.112540738215955,-49.639616228707474,69.38525460921187,45.92562392747588,-15.1471379677785,-59.833242900502796,-67.73087243349906,30.037843549762982,-41.86077350811534,22.12365155796212,-28.840342709554584,74.8731868467728,14.223366761878932,-59.82909311458269,99.69273188662972
-107.609096634406,56.6593667182802,500.037930451349,228.3001515777526,161.01711194746258,208.9128952333535,-3.7840355140132034,-257.2360098365798,220.14542845065162,287.7035961085446,157.55549045680556,-161.99859685091556,93.63648809324252,355.56767637185004,-186.26285295818874,30.97239453707654,-186.74246484724804,38.567563346580414,-530.4766744081699,244.6585041202418,-76.45111550517852,10.485080077471585,104.68439238718507,-316.003079024801,-112.84926079782052,356.44545653624385,-81.7568584641168,183.46734231060125,-207.59219423479308,-60.009421843058675,154.6266013862281,-217.75285042805396,-144.26215511977873,46.75704435651507,186.7906087009331,213.98517986568245,-93.84786071819526,132.32774419990773,-69.08825940204844,90.6239702427068,-236.27204820768043,-44.085972643227315,188.7825574958737,-315.40905245342555
24.52712856021973,-13.169398891322697,-114.51410984815563,-52.34025514906505,-36.833331945619875,-47.95575952518156,0.9709707870086637,59.25124245270189,-50.346609360144,-65.9661277147618,-36.19862949893352,37.00961726048991,-21.178986401516475,-81.2106546971592,42.767539488156096,-7.130826460520016,42.96788570316749,-8.985287865272822,121.5526324043143,-55.97541614980454,17.75318354324094,-2.2835520336058783,-23.918808983123846,72.8085190036918,25.688115367205338,-81.7568584641168,19.00960437861049,-42.07090314447239,47.772357702205944,13.713559877688107,-35.36220355109115,50.06999970448163,33.245752180892,-10.614933310744668,-42.67833935542108,-49.10101464674291,21.445426962733414,-30.16322174525265,15.873745015467538,-20.730442467163837,54.503624025726175,10.129923836903496,-43.45957754971246,72.72876543949545
-55.33654453103988,29.09170236611405,257.27277350817974,117.51973697213735,82.72797336185903,107.49777275349105,-1.907807910360497,-132.2639991473534,113.26953163816725,148.04744657933026,80.99562338520249,-83.33432976375268,48.160232837001644,182.91820690957485,-95.77805862292593,15.828593931739661,-96.01525636120112,19.88580246037925,-272.91077807501597,125.80908838450814,-39.240226708971804,5.40566326891259,53.85878663672164,-162.53956703329877,-58.005464737590145,183.46734231060125,-42.07090314447239,94.51761561202905,-106.66815262376987,-30.87429178463968,79.44848052702842,-111.9086156147978,-74.0901600870128,24.088865052620932,95.98056642711856,110.14530287623867,-48.25139008907874,68.26659233277987,-35.5276146541447,46.672223234258745,-121.40463514976696,-22.692194226171154,97.11286796857212,-162.17700565292668
62.8380685781283,-33.51492029903131,-291.5173440655637,-132.9936619895789,-94.37844128010303,-121.82126644133187,2.3932348826737555,150.35824766436656,-128.38829140394054,-167.4640915215589,-92.11048344209142,94.52062811098753,-54.651962441299226,-207.29568219478998,108.78479810593923,-18.608603086167342,109.06643511528678,-22.460402476857432,309.36620399825165,-142.9764004452716,45.018718813699174,-5.906441252390841,-60.9716305156692,184.5929406935258,65.97701402725961,-207.59219423479308,47.772357702205944,-106.66815262376987,121.70620420373338,35.02851263190257,-90.72675723835405,127.71048792714957,84.79720264321028,-27.132312102095998,-109.51377017030129,-124.48895711833944,54.923240814517754,-76.52022139551353,40.50251057735284,-52.77520416642439,138.49088653676063,25.80193367131826,-110.27636576167593,184.331244894434
18.201859817361065,-9.596407970436596,-84.29667370673722,-38.48164474862167,-27.273512651751716,-35.20974400206817,0.6531113117491006,43.29834621830107,-37.1686129335107,-48.416340105999936,-26.580855422247904,27.346657794473103,-15.882384981789041,-60.01981013003649,31.386947703249955,-5.318851418154666,31.42662632819368,-6.462745714186509,89.43333675438949,-41.34150834771579,12.851745477847091,-1.7706047332170407,-17.693561269921755,53.16705947521748,19.112540738215955,-60.009421843058675,13.713559877688107,-30.87429178463968,35.02851263190257,10.156842824834536,-26.229002675893252,36.79291501995515,24.398217505460952,-7.916226571295611,-31.667273907023024,-35.9837909576147,15.913607908531885,-22.31148528800938,11.725969044690636,-15.317636722181037,39.81264972893232,7.4612412399730195,-31.81249090094287,53.0404043698296
-47.348340890053215,24.807393569607004,217.5570413111784,99.22386457642276,70.6339957998009,90.59966447118622,-2.001240668957753,-112.15109637312328,96.15445912506691,124.91755617302624,68.6634382218877,-70.79804562260684,41.42604964573348,154.98673908467504,-81.25557717533194,14.016850763975963,-81.43222711423813,16.71622241837292,-230.86976494840764,107.0547588182568,-33.084343336568445,4.700475945000688,45.71079471725288,-136.9852363907866,-49.639616228707474,154.6266013862281,-35.36220355109115,79.44848052702842,-90.72675723835405,-26.229002675893252,68.43609211344135,-95.57686093005084,-63.30818552006933,20.784940572762814,82.3054272640881,92.74979163915104,-41.27789748188666,57.12792149358304,-30.493992126552374,39.62614941607005,-102.99048078194963,-19.658603381119946,82.24122912716845,-136.91085298137708
66.11588406903208,-35.13581324153515,-305.97000862231994,-139.55552062700656,-99.12072406126543,-127.67717207045386,2.6453829822012804,157.85481451209859,-134.91386675988835,-175.70453670109222,-96.56598117195982,99.33134814659279,-57.62464707638148,-217.6322101548389,114.24018748121172,-19.611640723379764,114.49535564811083,-23.619347322894168,324.6952161431431,-150.1778741654089,47.03891589931288,-6.29617845859693,-64.04735575609374,193.48130250317783,69.38525460921187,-217.75285042805396,50.06999970448163,-111.9086156147978,127.71048792714957,36.79291501995515,-95.57686093005084,134.23655295175377,89.04034612347675,-28.673468956623292,-115.17987737468228,-130.56653161684176,57.73729146792224,-80.2474617355722,42.60703132672866,-55.52766047133421,145.25524347140774,27.271319255700813,-115.774263891898,193.2642054714939
43.69533366476412,-23.499829616244178,-202.68466960743413,-92.4844731374616,-65.82888016868623,-84.7454274866379,1.7266281933181329,104.57997176932939,-89.31568753908981,-116.2971618248779,-64.11178479374561,65.72532945981321,-37.999665627001136,-144.13369869216595,75.6614655135622,-13.15274149667861,75.8026962245614,-15.624306423829623,215.1178957659966,-99.52277849222438,31.39037664202651,-4.0101901750657225,-42.410783431895304,128.436989137526,45.92562392747588,-144.26215511977873,33.245752180892,-74.0901600870128,84.79720264321028,24.398217505460952,-63.30818552006933,89.04034612347675,59.21934690541539,-18.81401029578074,-76.38052104057203,-86.43063250046053,38.286313214192965,-53.11214018816592,28.29017294094955,-36.729438594467155,96.47454213849004,17.970312194733296,-76.76186288596269,128.21051897399207
-14.713341066939465,6.967341934266542,65.59988480645086,30.139587713238807,21.05137909396151,27.26502480149029,-0.7817606103423776,-33.97186361370606,29.174068606113202,38.16181692832525,20.943605605450905,-21.411828314495803,12.802357926452704,46.8597541554881,-24.558008564920613,3.8831441857466213,-24.945949065188355,5.079740061444407,-69.67367152112034,32.50355630471749,-9.443160740479225,1.857853756527379,14.047096873448016,-40.687552429932516,-15.1471379677785,46.75704435651507,-10.614933310744668,24.088865052620932,-27.132312102095998,-7.916226571295611,20.784940572762814,-28.673468956623292,-18.81401029578074,7.070575921769523,24.84351799761835,28.353071092856172,-12.628926142058146,17.690430476583384,-9.499674627086009,12.086560480245323,-30.599990025523585,-6.443862092832515,24.79084156127462,-40.885331798999985
-56.994052259206434,30.013763933110862,262.69413366890944,119.81608826053623,85.29269688833334,109.56073950791809,-2.22359209189852,-135.19857613530078,115.96958418517022,150.7637564557968,82.94061701290984,-85.38872526384044,49.81652109969038,187.1458399823613,-97.97646729678515,16.90231533968636,-98.14091985305953,20.095422006967947,-278.741634617237,129.15915407200347,-40.106916503533434,5.550087021491916,55.13457770178564,-165.58514393445174,-59.833242900502796,186.7906087009331,-42.67833935542108,95.98056642711856,-109.51377017030129,-31.667273907023024,82.3054272640881,-115.17987737468228,-76.38052104057203,24.84351799761835,99.2111922586576,111.97744924190565,-49.76683937784136,69.09528753320552,-36.71242703706814,47.74072483549273,-124.3472519651426,-23.492881705075945,99.20755326665379,-165.3389741058716
-64.70744749687766,33.770201574690326,300.0595132250053,137.08073210327993,96.4435688611582,125.35130262821461,-2.352935448960377,-154.51578469546521,132.12720715224586,172.9327017199588,94.65477926915169,-97.2027777619969,56.23005810984287,213.35788972762427,-111.83468364266713,18.37964140357173,-112.29726523416302,23.182740679761565,-318.35985069849016,146.83769232559206,-45.717305396490985,6.474853961492304,62.90744230937378,-189.4663965106398,-67.73087243349906,213.98517986568245,-49.10101464674291,110.14530287623867,-124.48895711833944,-35.9837909576147,92.74979163915104,-130.56653161684176,-86.43063250046053,28.353071092856172,111.97744924190565,128.63824400769326,-56.3284975820603,79.54638310509812,-41.52360960639896,54.3928317318677,-141.66373581338334,-26.63424549666168,113.30348439359129,-189.2586690454134
28.669014601362555,-14.985367957962199,-131.87236809147686,-60.24606095800591,-42.76002068416557,-55.07687309114452,1.1281793699757277,67.8723717931571,-58.23082786570664,-75.81313409808207,-41.74978131400113,42.83149507336789,-24.994528724083462,-93.96392019207477,49.1660361374192,-8.383876302182422,49.33349548258787,-10.099408523772246,139.95905811115264,-64.87586661687716,20.046401292430634,-2.861098960493547,-27.76188769019757,83.04142526645481,30.037843549762982,-93.84786071819526,21.445426962733414,-48.25139008907874,54.923240814517754,15.913607908531885,-41.27789748188666,57.73729146792224,38.286313214192965,-12.628926142058146,-49.76683937784136,-56.3284975820603,25.04260787255054,-34.89440242823313,18.53033704167937,-23.997903858055864,62.328504670930585,11.879509962891834,-49.81625150897038,82.9288746659324
-40.00398962737859,20.672914994320795,185.40178910584908,84.91377953572267,59.514486098896406,77.60336252497567,-1.2849101999607564,-94.96670322976598,81.69983744671164,106.87298135292757,58.48896556914977,-60.00680395324565,34.791700158433045,131.98683204985022,-68.8489821882724,11.160228662064718,-69.07730878448052,14.257428114365338,-196.65512147409632,90.72438189144235,-27.89636562090746,4.078937401398405,39.0252103845672,-116.6760194414176,-41.86077350811534,132.32774419990773,-30.16322174525265,68.26659233277987,-76.52022139551353,-22.31148528800938,57.12792149358304,-80.2474617355722,-53.11214018816592,17.690430476583384,69.09528753320552,79.54638310509812,-34.89440242823313,49.86143548242099,-25.765898807831846,33.729978593119846,-86.93910341165757,-16.456718950586804,69.84465188458401,-116.30834938936056
21.190540616100126,-11.033570102248655,-96.97790561190484,-44.432525456796725,-31.4787676372708,-40.58852944268716,0.9436176569875853,50.080004922060034,-42.88233788131235,-55.8646281708133,-30.89775498637164,31.48068135387844,-18.376373720972904,-69.07805400963082,36.2041411710985,-6.190090118978577,36.45197229823067,-7.48835246182506,102.98278919662008,-47.845591686908485,14.705608935129511,-2.1442545392331316,-20.499949221989212,61.0794112237422,22.12365155796212,-69.08825940204844,15.873745015467538,-35.5276146541447,40.50251057735284,11.725969044690636,-30.493992126552374,42.60703132672866,28.29017294094955,-9.499674627086009,-36.71242703706814,-41.52360960639896,18.53033704167937,-25.765898807831846,13.84699990260317,-17.70323646199628,45.91799584253496,8.940350419471839,-36.75710482162881,61.03436789700908
-27.526741587196593,14.376228909707137,127.26680190831927,58.11136953044697,41.046390389104246,53.06511210686509,-1.0537436680542864,-65.43955101040972,56.16638710451139,73.1834396203021,40.0448271255101,-41.316452973444775,24.0393874805374,90.5756027621317,-47.42358466192559,7.928405016979475,-47.51401136436531,9.836322697223784,-135.01532367660036,62.37592680310443,-19.249951665422234,2.763425824788522,26.731570487435363,-80.16312749598504,-28.840342709554584,90.6239702427068,-20.730442467163837,46.672223234258745,-52.77520416642439,-15.317636722181037,39.62614941607005,-55.52766047133421,-36.729438594467155,12.086560480245323,47.74072483549273,54.3928317318677,-23.997903858055864,33.729978593119846,-17.70323646199628,23.195468088019073,-59.993551662634204,-11.371814540951487,48.05889622195102,-80.03095260321881
71.27025117266236,-38.23946961157738,-331.6990908478451,-151.27315075806789,-107.27705694568027,-138.64373332371792,2.69360368606398,171.16532754724398,-145.96652403127914,-190.54232167822303,-104.7060904645333,107.46464212719101,-61.92471699554603,-235.6969254563548,123.80171294944383,-21.126751218784715,124.08040175067363,-25.63582428011903,352.003868070466,-162.4646374574036,51.406754693764654,-6.60432692547243,-69.2773892066869,210.3704223293577,74.8731868467728,-236.27204820768043,54.503624025726175,-121.40463514976696,138.49088653676063,39.81264972893232,-102.99048078194963,145.25524347140774,96.47454213849004,-30.599990025523585,-124.3472519651426,-141.66373581338334,62.328504670930585,-86.93910341165757,45.91799584253496,-59.993551662634204,157.76065299535813,29.175273582632528,-125.54247028064795,210.0665980550036
13.759113256565984,-6.825702786666385,-61.874337155912876,-28.390406876324764,-19.96354304817221,-25.750929946836894,0.7576363939588621,32.1619895950361,-27.476431631439638,-35.84062830860888,-19.738968395836146,20.17745990068962,-11.95218442033548,-44.093166614444776,23.20695829022242,-3.8418872670305477,23.510748560998227,-4.844976709634752,65.72698194736256,-30.63862406364494,9.150249028850165,-1.5721750834491672,-13.14587910528393,38.70306704916905,14.223366761878932,-44.085972643227315,10.129923836903496,-22.692194226171154,25.80193367131826,7.4612412399730195,-19.658603381119946,27.271319255700813,17.970312194733296,-6.443862092832515,-23.492881705075945,-26.63424549666168,11.879509962891834,-16.456718950586804,8.940350419471839,-11.371814540951487,29.175273582632528,6.0068658611031385,-23.491911922088303,38.84828385158382
-57.05935075740294,30.236741019626624,264.9237352077658,120.94641727050146,85.47204023804838,110.67252776987368,-2.1847458606261774,-136.5889804893686,116.6934557302437,152.3760523663683,83.56868756728304,-85.8549079904736,49.6081982273498,188.30479969896922,-98.82859996189828,16.620733951445658,-99.10951790644408,20.5255967776622,-281.1188019646988,129.74890981432847,-40.64530365457149,5.493042379522147,55.46862372373701,-167.61112432112355,-59.82909311458269,188.7825574958737,-43.45957754971246,97.11286796857212,-110.27636576167593,-31.81249090094287,82.24122912716845,-115.774263891898,-76.76186288596269,24.79084156127462,99.20755326665379,113.30348439359129,-49.81625150897038,69.84465188458401,-36.75710482162881,48.05889622195102,-125.54247028064795,-23.491911922088303,100.21818877268485,-167.3831059189327
94.97451261568175,-50.66631394637574,-442.52583004001247,-201.86430969788566,-142.66877519298995,-184.9310104392869,3.4930968719579036,228.24245842655418,-194.6542414682814,-254.48145915908302,-139.5107119026002,143.29575170450383,-82.49169684100434,-314.35757041575846,165.09624671182914,-27.741340741645477,165.52272059743626,-34.265527969841266,469.55700013669525,-216.43990351645945,68.35036304428213,-8.95664592455523,-92.41708331381616,280.5388495848917,99.69273188662972,-315.40905245342555,72.72876543949545,-162.17700565292668,184.331244894434,53.0404043698296,-136.91085298137708,193.2642054714939,128.21051897399207,-40.885331798999985,-165.3389741058716,-189.2586690454134,82.9288746659324,-116.30834938936056,61.03436789700908,-80.03095260321881,210.0665980550036,38.84828385158382,-167.3831059189327,280.156887960529
