V1,V2,V3,V4,V5,V6,V7,V8,V9,V10,V11,V12,V13,V14,V15,V16,V17,V18,V19,V20,V21,V22,V23,V24,V25,V26,V27,V28,V29,V30,V31,V32,V33,V34,V35,V36,V37,V38,V39,V40,V41,V42,V43,V44
2011.0096446505765,-1057.8490060882882,-9314.975707437876,-4250.558556176728,-3007.0539067828586,-3888.800715904626,74.0668860216165,4794.997738199438,-4104.6858875319895,-5356.079635451761,-2937.60906699486,3021.6305739306517,-1751.9227941223776,-6627.534021662332,3472.03707860304,-583.9094252477921,3481.46880264494,-716.9732535411744,9883.436848840072,-4565.463121773337,1423.6905953668245,-197.06197651135844,-1951.6386803544226,5881.88961692647,2108.6829523068986,-6635.009666444652,1520.6605302882615,-3413.408610117024,3873.3537593505803,1119.2873371480152,-2893.0099796277977,4066.633103098582,2693.956315092454,-875.5800048254429,-3492.202733110461,-3981.576541583145,1754.1393378105495,-2458.6085701803922,1292.3691641229307,-1689.8672111575108,4405.300282053901,826.2586831829307,-3517.753928532175,5873.174700003304
-1057.8490060882882,556.5309781238261,4900.568224863317,2236.33962265046,1581.9826462412657,2045.9151266258377,-39.007678727645015,-2522.5826256524824,2159.4395104720215,2817.898597789617,1545.3953590562026,-1589.5469485085362,921.6173052673878,3486.6518184925035,-1826.689231462024,307.1168949364374,-1831.5103005259175,377.2052990776089,-5199.557960685038,2401.7207553178473,-748.9630381870063,103.57702302286259,1026.8656068689575,-3094.4350771709555,-1109.3481848117938,3490.520771840279,-799.9758834917334,1795.5635830060037,-2037.6556655105776,-588.8696943385065,1522.1223587869,-2139.311317696614,-1417.3512452081682,460.55251264927523,1837.1692889808105,2094.794799032181,-922.7073131637144,1293.5197996468085,-679.7906050958252,888.9960759337927,-2317.536378340979,-434.59835974576976,1850.6707542703339,-3089.8191965315596
-9314.975707437876,4900.568224863317,43157.23003846628,19696.640605867306,13931.726800246863,18017.663778709415,-344.2256388193277,-22214.849759921028,19017.526376971222,24817.426109751104,13608.998366250862,-13997.353126205247,8115.855307746845,30704.82909290823,-16087.944304424027,2704.3321774197825,-16128.640229992845,3321.879730930826,-45788.99541768989,21149.73710843275,-6595.062028031113,910.9929391427509,9043.89565464294,-27250.713994127338,-9769.565796392284,30738.276560447564,-7044.509573914108,15810.282743286976,-17943.637027131215,-5185.680358249537,13406.194280324862,-18838.88973060865,-12483.370972382114,4055.37430470824,16178.47208382495,18449.38556602503,-8124.067719708744,11392.210747692227,-5985.257702939272,7828.129444801285,-20408.48069887712,-3826.7744335125212,16297.953504075947,-27210.198462299806
-4250.558556176728,2236.33962265046,19696.640605867306,8992.009314787485,6358.227991792964,8223.529901105216,-157.8109878929277,-10138.295800348118,8679.950198283872,11328.211930898442,6210.756481740105,-6387.374020618342,3703.3747655251477,14012.955599950918,-7343.899688015087,1234.1636991998655,-7360.389636005509,1516.1378003307932,-20896.57894922807,9651.855811347672,-3009.7017278779713,414.5659480737964,4127.744393766889,-12435.98755632723,-4458.675092854182,14027.803927829953,-3214.7452107418785,7213.7132849398295,-8188.39294525488,-2366.2240239200014,6119.600284270707,-8597.138935676765,-5699.071893835373,1850.3573348494808,7382.646654549742,8421.586224617911,-3706.392913772718,5200.550283280517,-2730.3389410777113,3571.595308296769,-9313.617086285218,-1745.9555920924893,7438.417775635522,-12418.584676409782
-3007.0539067828586,1581.9826462412657,13931.726800246863,6358.227991792964,4497.383894959219,5816.344264977912,-111.10550283993358,-7171.264965688407,6139.1149456334115,8011.356478514291,4393.230545795732,-4518.584275520464,2619.886268679306,9911.972898664195,-5193.364211440488,873.0411117363831,-5206.580507608293,1072.3339076967825,-14781.36833858278,6827.494706093777,-2128.9984423376445,294.1634764221551,2919.4592863714647,-8796.894813570412,-3153.7395956520186,9922.79078131244,-2274.093982279543,5103.876535626536,-5792.494836119184,-1674.0091848315706,4327.595424758067,-6081.498213641527,-4029.764831538367,1309.152171754802,5222.652255704966,5955.624884790812,-2622.669518171162,3677.5277832168317,-1932.2126504234764,2527.0568462541783,-6588.200156929847,-1235.3423506875179,5261.2139990771275,-8783.858885542159
-3888.800715904626,2045.9151266258377,18017.663778709415,8223.529901105216,5816.344264977912,7522.259366173696,-143.82545848823867,-9274.394285581957,7939.694015721923,10361.2882775637,5681.601531383449,-5843.606850690337,3388.1393108377106,12818.863849352174,-6716.784906756829,1129.0404872188683,-6733.446242435168,1386.8535862958229,-19116.241448903944,8829.699663027046,-2753.3562776663966,380.16538894306035,3775.7377693168532,-11376.69064478212,-4078.658916190108,12832.77074459255,-2940.9767792913563,6600.339274627898,-7491.134530727645,-2164.881110205271,5597.060358561742,-7864.92024070384,-5211.963835431827,1692.9929776231409,6754.142455192571,7702.615491191976,-3391.546052460273,4756.333507119735,-2498.60710060929,3267.981515035664,-8520.255404341782,-1597.5313832635668,6804.261856680512,-11360.012327546357
74.0668860216165,-39.007678727645015,-344.2256388193277,-157.8109878929277,-111.10550283993358,-143.82545848823867,2.955709494671556,177.0668976247609,-151.8149751050696,-198.43337592307756,-108.46480581739647,111.36635037420669,-64.53036873864099,-244.76189852996464,128.7246200965906,-21.540090856644674,128.46930101826862,-26.503854904540102,364.89068469928014,-168.46180358756007,52.51129230307434,-6.9427673208667064,-72.23287043807979,217.06885943216844,77.89565681004935,-244.8887383826333,56.09247886277484,-125.50443735433836,142.83610410673504,41.241367194073,-107.2498254373975,150.0104428455371,100.0570362940359,-32.19744001946261,-128.7444774932773,-147.54941010969094,64.4067313041583,-91.19721785175042,47.38354315539144,-62.13942527845538,162.58625639191513,30.34308616543901,-130.03401405979199,217.0313886270332
4794.997738199438,-2522.5826256524824,-22214.849759921028,-10138.295800348118,-7171.264965688407,-9274.394285581957,177.0668976247609,11435.008961940159,-9789.07697637262,-12774.314436924646,-7005.21838406335,7205.227391869986,-4177.683506032674,-15805.177045789567,8280.932196263979,-1392.094923075288,8302.220917519195,-1709.906716796609,23569.73510450118,-10886.865194467597,3394.8418079446615,-469.13156690395533,-4655.151097474464,14027.225914122417,5028.823317830119,-15822.506526338426,3626.18527838471,-8138.637860123427,9236.543673387407,2669.32949413684,-6900.495268182067,9697.368015692517,6425.4629079392935,-2087.5841941977815,-8327.898313106713,-9496.435122741348,4182.078142342992,-5863.8812050282995,3081.102172010297,-4029.6224754570776,10505.261565465353,1969.9300201468795,-8389.24261967697,14006.287830439449
-4104.6858875319895,2159.4395104720215,19017.526376971222,8679.950198283872,6139.1149456334115,7939.694015721923,-151.8149751050696,-9789.07697637262,8380.350731952156,10936.312963506025,5996.936310461155,-6167.94212771311,3576.1771396122813,13530.25341040781,-7089.573505704323,1191.7618612400101,-7107.135188268403,1463.813820164028,-20177.05311018812,9319.786652810035,-2906.176555081958,401.2597107998654,3985.153958766129,-12007.944067233375,-4305.012192757362,13544.967152784915,-3104.19552310988,6966.6891901695235,-7906.872686951368,-2284.9623943325387,5907.623756660546,-8301.44245890802,-5501.25439934574,1786.9913021921407,7128.929206622026,8130.06578290594,-3579.790379954854,5020.323756749395,-2637.2792626043274,3449.2835950221806,-8993.09797267011,-1686.2359885216658,7181.8710164556405,-11990.458649201906
-5356.079635451761,2817.898597789617,24817.426109751104,11328.211930898442,8011.356478514291,10361.2882775637,-198.43337592307756,-12774.314436924646,10936.312963506025,14272.358994573879,7825.670846046668,-8048.532001333023,4666.517754218909,17656.403166077846,-9252.323594826226,1555.1025203620025,-9274.338997549166,1910.2633359775994,-26330.059559224454,12161.642021352689,-3792.322379053833,523.1017400520237,5200.77770218509,-15669.713160749096,-5617.890855194088,17675.357703653637,-4050.731598965257,9090.348217648396,-10317.806315765662,-2981.6794660607125,7709.875953513506,-10832.729092202035,-7179.7204557903115,2331.707401245759,9302.639483536395,10610.1829010447,-4670.863513057375,6551.888947990615,-3440.988123852993,4500.801242735128,-11735.434325431386,-2200.183391870139,9372.211857556375,-15647.216263278298
-2937.60906699486,1545.3953590562026,13608.998366250862,6210.756481740105,4393.230545795732,5681.601531383449,-108.46480581739647,-7005.21838406335,5996.936310461155,7825.670846046668,4291.607961702138,-4414.099121997856,2559.23634712201,9682.47014496972,-5072.997932451659,852.9405395409291,-5086.0902745366175,1047.4905563593886,-14439.109169880288,6669.593109507138,-2079.8063078748787,287.4971452478234,2851.6197340831177,-8593.106466701245,-3080.6875335791683,9693.157235254197,-2221.5071357174756,4986.025288439104,-5658.482481750231,-1635.1945734975848,4227.099606676018,-5940.832633231092,-3936.336866823609,1278.9328652291667,5101.712512303712,5817.495217856526,-2562.1883221413614,3592.3049880921676,-1887.6470050111118,2468.5629942842156,-6435.763722628183,-1206.8338385322759,5139.384140308868,-8580.517239475459
3021.6305739306517,-1589.5469485085362,-13997.353126205247,-6387.374020618342,-4518.584275520464,-5843.606850690337,111.36635037420669,7205.227391869986,-6167.94212771311,-8048.532001333023,-4414.099121997856,4540.302285005325,-2632.5012460438456,-9958.882233647293,5217.387997243652,-877.2787746881361,5231.370500686079,-1077.3806317645726,14851.407899539554,-6860.090596067256,2139.2113878101036,-295.956721294621,-2932.9186253124044,8838.594446231082,3168.640999072143,-9969.991543368085,2284.9605485021043,-5128.813888659754,5820.195200595151,1681.9713581243855,-4347.501750904604,6110.571525958993,4048.2067307334996,-1315.5703700908473,-5247.583460651644,-5983.180770793181,2635.593350902964,-3694.5041143983913,1941.79335479936,-2539.2747793172225,6619.538069312333,1241.4576191153628,-5285.98176180324,8825.31915112137
-1751.9227941223776,921.6173052673878,8115.855307746845,3703.3747655251477,2619.886268679306,3388.1393108377106,-64.53036873864099,-4177.683506032674,3576.1771396122813,4666.517754218909,2559.23634712201,-2632.5012460438456,1526.4788204788351,5774.257995840734,-3024.9953753033524,508.54661446046174,-3033.192021870633,624.6896103308438,-8611.0350783335,3977.4585124509313,-1240.2694316173681,171.5875997901764,1700.6619293484105,-5124.852233956362,-1837.2518852285896,5780.659034145993,-1324.7966619860517,2973.701663402554,-3374.6049065541843,-975.3078185233232,2520.8631523058025,-3542.9319113169413,-2347.0475297380094,762.7905567809762,3042.7232273226114,3469.1290332401,-1528.0640761512702,2142.019888674425,-1125.8413798900172,1472.392370280245,-3837.9909681097633,-719.843659322433,3064.812864643221,-5116.886493292684
-6627.534021662332,3486.6518184925035,30704.82909290823,14012.955599950918,9911.972898664195,12818.863849352174,-244.76189852996464,-15805.177045789567,13530.25341040781,17656.403166077846,9682.47014496972,-9958.882233647293,5774.257995840734,21845.54763547553,-11445.748060782262,1924.1400126816095,-11475.122977385921,2363.3838353271035,-32577.51509292028,15047.577803731938,-4692.265952878435,648.4263112802124,6434.241843062939,-19388.031329741098,-6950.715826707218,21869.47491594431,-5012.024139150752,11248.997249272417,-12766.508773362792,-3689.469884378618,9537.696560693177,-13403.4598495146,-8881.174522181158,2885.4043974187516,11510.594656097557,13125.753243512669,-5780.385237149671,8104.960234679215,-4258.62727871935,5569.625459342456,-14520.1253772155,-2722.7662819237175,11595.424975861324,-19359.16927085363
3472.03707860304,-1826.689231462024,-16087.944304424027,-7343.899688015087,-5193.364211440488,-6716.784906756829,128.7246200965906,8280.932196263979,-7089.573505704323,-9252.323594826226,-5072.997932451659,5217.387997243652,-3024.9953753033524,-11445.748060782262,5998.0536225979695,-1008.1210096060287,6012.045187922275,-1238.3417147659482,17068.36562250947,-7883.766693817813,2458.3829268185423,-338.9479026358033,-3371.3752659225543,10157.75569335642,3641.7979113074075,-11458.005743826825,2625.8698853891383,-5892.63534449788,6688.43767093884,1932.79146094681,-4998.049721055519,7022.275622377559,4654.521217341646,-1511.4878072955516,-6030.293549034084,-6878.249920064531,3027.7549975430793,-4247.461442863791,2230.474108072341,-2917.490137226674,7607.462280624504,1426.219617890582,-6075.590196617433,10143.38368441447
-583.9094252477921,307.1168949364374,2704.3321774197825,1234.1636991998655,873.0411117363831,1129.0404872188683,-21.540090856644674,-1392.094923075288,1191.7618612400101,1555.1025203620025,852.9405395409291,-877.2787746881361,508.54661446046174,1924.1400126816095,-1008.1210096060287,169.63480684203424,-1010.7662057223872,208.14526811840906,-2869.3471358501547,1325.565810058496,-413.38507034056255,57.197734310610635,566.4588571898356,-1707.516568903764,-612.1813135116026,1926.358017819952,-441.51800806363786,991.0363344124642,-1124.5368714188878,-324.86215052738135,839.8120595017439,-1180.698511237125,-782.2680615007006,254.21294101881958,1013.7673889188322,1155.9542724686423,-509.31186433975483,713.8812914620148,-375.2140795484353,490.5026909809335,-1279.0231244194229,-239.8849339771988,1021.3305976692346,-1705.2258130259581
3481.46880264494,-1831.5103005259175,-16128.640229992845,-7360.389636005509,-5206.580507608293,-6733.446242435168,128.46930101826862,8302.220917519195,-7107.135188268403,-9274.338997549166,-5086.0902745366175,5231.370500686079,-3033.192021870633,-11475.122977385921,6012.045187922275,-1010.7662057223872,6027.765726614672,-1241.432950334974,17112.49822866786,-7904.364894172216,2464.822663208541,-340.7816867803973,-3379.678405182864,10184.261262976164,3651.08558547932,-11487.78594234685,2632.7840943266756,-5909.224578607515,6706.159278871766,1938.0399680065566,-5009.759410332815,7040.736075725239,4664.891094271782,-1515.7400918037656,-6046.419967168749,-6894.492668121932,3036.555833250705,-4257.228268737108,2237.175607071662,-2925.7437835759883,7627.266181715968,1430.3218434043788,-6090.845575148541,10169.030984596462
-716.9732535411744,377.2052990776089,3321.879730930826,1516.1378003307932,1072.3339076967825,1386.8535862958229,-26.503854904540102,-1709.906716796609,1463.813820164028,1910.2633359775994,1047.4905563593886,-1077.3806317645726,624.6896103308438,2363.3838353271035,-1238.3417147659482,208.14526811840906,-1241.432950334974,255.6965526714642,-3524.4246891600465,1627.9086716902332,-507.63335148460635,70.087484478143807,696.122929252958,-2097.51777507173,-751.978542510632,2365.954298323264,-542.2196310698126,1216.9084720263725,-1381.132949363454,-399.14238984927084,1031.9264783527872,-1450.044134119001,-960.8908631175356,312.13960501185676,1245.2609185676324,1420.1117282700743,-625.2886710981865,876.9014224749795,-460.6604787572401,602.5237402557926,-1570.8550280912975,-294.5477606638173,1254.4795139142009,-2094.409065494768
9883.436848840072,-5199.557960685038,-45788.99541768989,-20896.57894922807,-14781.36833858278,-19116.241448903944,364.89068469928014,23569.73510450118,-20177.05311018812,-26330.059559224454,-14439.109169880288,14851.407899539554,-8611.0350783335,-32577.51509292028,17068.36562250947,-2869.3471358501547,17112.49822866786,-3524.4246891600465,48581.83931611217,-22439.924043150007,6997.414855127801,-967.1416138811965,-9595.21559699928,28912.892119653243,10365.353547440067,-32613.233338189333,7474.280270547983,-16775.447151575077,19038.344862587688,5502.089005169798,-14223.10202248349,19988.148877880772,13243.858533811288,-4302.932807221059,-17165.514001439526,-19573.75479008094,8620.232409769893,-12086.410397928483,6350.900273312736,-8305.981998210105,21653.400545170913,4060.410497523558,-17291.793071515694,28869.5742886666
-4565.463121773337,2401.7207553178473,21149.73710843275,9651.855811347672,6827.494706093777,8829.699663027046,-168.46180358756007,-10886.865194467597,9319.786652810035,12161.642021352689,6669.593109507138,-6860.090596067256,3977.4585124509313,15047.577803731938,-7883.766693817813,1325.565810058496,-7904.364894172216,1627.9086716902332,-22439.924043150007,10365.324148517617,-3232.262713380168,446.9113957428542,4431.615130590065,-13354.6592274204,-4787.727529175069,15064.261534883606,-3452.470514566694,7749.063506506976,-8793.975373050092,-2541.293801698667,6569.226826633486,-9232.776167580276,-6117.236400946171,1987.681615522752,7928.709336106719,9040.812617231513,-3982.0362728483624,5582.654406425655,-2933.7219531878445,3836.5102688344878,-10001.869388185973,-1875.6650334809622,7987.079562517497,-13334.946292883951
1423.6905953668245,-748.9630381870063,-6595.062028031113,-3009.7017278779713,-2128.9984423376445,-2753.3562776663966,52.51129230307434,3394.8418079446615,-2906.176555081958,-3792.322379053833,-2079.8063078748787,2139.2113878101036,-1240.2694316173681,-4692.265952878435,2458.3829268185423,-413.38507034056255,2464.822663208541,-507.63335148460635,6997.414855127801,-3232.262713380168,1007.9781975517541,-139.375347583676,-1381.8117760406972,4164.339975928781,1492.9316217140315,-4697.518478091976,1076.6121797720848,-2416.4841984442196,2742.2515164628244,792.4212593327179,-2048.3795631759135,2879.0940707301575,1907.5260745703556,-619.8246862430416,-2472.3634754610166,-2819.1377990611027,1241.78285781842,-1740.8432671307114,914.8500119405935,-1196.3209638469023,3118.9243508210307,584.9003623988025,-2490.6149579736352,4158.273612455286
-197.06197651135844,103.57702302286259,910.9929391427509,414.5659480737964,294.1634764221551,380.16538894306035,-6.9427673208667064,-469.13156690395533,401.2597107998654,523.1017400520237,287.4971452478234,-295.956721294621,171.5875997901764,648.4263112802124,-338.9479026358033,57.197734310610635,-340.7816867803973,70.087484478143807,-967.1416138811965,446.9113957428542,-139.375347583676,19.84463224442619,190.72550080322742,-575.6283111716496,-206.26002775068608,649.3582954759261,-148.88775493972003,334.7755849167707,-379.2577996759261,-109.64565470962242,282.36924739591785,-398.1159425305651,-262.74128755030773,85.87396662524554,341.9880862402579,388.7396235551671,-172.2483422103979,239.95181989993077,-127.01443516888538,165.7341574937376,-431.1862892877128,-81.06215073272934,344.00033829873905,-574.4341709523576
-1951.6386803544226,1026.8656068689575,9043.89565464294,4127.744393766889,2919.4592863714647,3775.7377693168532,-72.23287043807979,-4655.151097474464,3985.153958766129,5200.77770218509,2851.6197340831177,-2932.9186253124044,1700.6619293484105,6434.241843062939,-3371.3752659225543,566.4588571898356,-3379.678405182864,696.122929252958,-9595.21559699928,4431.615130590065,-1381.8117760406972,190.72550080322742,1895.6602034491784,-5710.640487823468,-2047.267902145404,6441.017101094887,-1476.0734251723584,3312.523062051452,-3759.9312215660193,-1086.8158893607902,2809.764557005684,-3947.4375946006157,-2616.019401326069,849.6484088153934,3390.2902157845892,3866.4245177432713,-1702.053925139229,2387.3240398802245,-1253.9815798198715,1640.4417866356255,-4276.451004324207,-801.7206002578173,3415.267698201022,-5701.832524341284
5881.88961692647,-3094.4350771709555,-27250.713994127338,-12435.98755632723,-8796.894813570412,-11376.69064478212,217.06885943216844,14027.225914122417,-12007.944067233375,-15669.713160749096,-8593.106466701245,8838.594446231082,-5124.852233956362,-19388.031329741098,10157.75569335642,-1707.516568903764,10184.261262976164,-2097.51777507173,28912.892119653243,-13354.6592274204,4164.339975928781,-575.6283111716496,-5710.640487823468,17207.409338804777,6168.810206921057,-19409.277121080035,4448.183801381616,-9983.683053874714,11330.435447970678,3274.632775100783,-8464.74278819185,11895.610395598525,7881.609890115088,-2560.800647161214,-10216.002468958675,-11648.967849606815,5130.146525697652,-7192.82065512143,3779.6717432138566,-4943.366861400161,12886.662757466209,2416.5077270048614,-10290.88535058904,17181.180960963426
2108.6829523068986,-1109.3481848117938,-9769.565796392284,-4458.675092854182,-3153.7395956520186,-4078.658916190108,77.89565681004935,5028.823317830119,-4305.012192757362,-5617.890855194088,-3080.6875335791683,3168.640999072143,-1837.2518852285896,-6950.715826707218,3641.7979113074075,-612.1813135116026,3651.08558547932,-751.978542510632,10365.353547440067,-4787.727529175069,1492.9316217140315,-206.26002775068608,-2047.267902145404,6168.810206921057,2211.566823465996,-6958.297831745794,1594.676868507503,-3579.069161862459,4061.959667759447,1173.9059940880675,-3034.7639494740433,4264.620607658892,2825.8093838709315,-918.0557909684744,-3662.3948059863415,-4176.372059956221,1839.0964157904216,-2578.8288202155863,1354.9308949688993,-1772.1046762190892,4619.901102172216,866.3132349934135,-3689.3775981481963,6159.587566612398
-6635.009666444652,3490.520771840279,30738.276560447564,14027.803927829953,9922.79078131244,12832.77074459255,-244.8887383826333,-15822.506526338426,13544.967152784915,17675.357703653637,9693.157235254197,-9969.991543368085,5780.659034145993,21869.47491594431,-11458.005743826825,1926.358017819952,-11487.78594234685,2365.954298323264,-32613.233338189333,15064.261534883606,-4697.518478091976,649.3582954759261,6441.017101094887,-19409.277121080035,-6958.297831745794,21893.602839047107,-5017.5983954020385,11261.794739342231,-12780.669852230403,-3693.494101579151,9547.754465220232,-13418.33516666062,-8890.601654265301,2888.6845947167913,11523.277209016995,13139.769041921398,-5787.025538357258,8113.618497295948,-4263.546390157603,5575.829330549465,-14536.161429721338,-2725.8967232882287,11608.072453199567,-19380.373804964274
1520.6605302882615,-799.9758834917334,-7044.509573914108,-3214.7452107418785,-2274.093982279543,-2940.9767792913563,56.09247886277484,3626.18527838471,-3104.19552310988,-4050.731598965257,-2221.5071357174756,2284.9605485021043,-1324.7966619860517,-5012.024139150752,2625.8698853891383,-441.51800806363786,2632.7840943266756,-542.2196310698126,7474.280270547983,-3452.470514566694,1076.6121797720848,-148.88775493972003,-1476.0734251723584,4448.183801381616,1594.676868507503,-5017.5983954020385,1149.9587443286698,-2581.091400178489,2929.1050249944983,846.4632114623847,-2188.0188345377546,3075.248372765267,2037.4738573761886,-662.0494409688141,-2640.89538669627,-3011.2544450941145,1326.3666028216705,-1859.4249224242938,977.1924139087664,-1277.8856791479793,3331.434072273285,624.7406245308395,-2660.3220631018767,4441.593541101828
-3413.408610117024,1795.5635830060037,15810.282743286976,7213.7132849398295,5103.876535626536,6600.339274627898,-125.50443735433836,-8138.637860123427,6966.6891901695235,9090.348217648396,4986.025288439104,-5128.813888659754,2973.701663402554,11248.997249272417,-5892.63534449788,991.0363344124642,-5909.224578607515,1216.9084720263725,-16775.447151575077,7749.063506506976,-2416.4841984442196,334.7755849167707,3312.523062051452,-9983.683053874714,-3579.069161862459,11261.794739342231,-2581.091400178489,5794.062625784839,-6574.47565279891,-1899.9287243953286,4910.021497956598,-6902.451853366144,-4571.920736357622,1486.204027503141,5927.610492145847,6757.536555438195,-2977.615079686969,4172.613399587457,-2193.851571945288,2868.533329878034,-7477.265250106083,-1402.5234594860387,5970.614886383256,-9968.486217280482
3873.3537593505803,-2037.6556655105776,-17943.637027131215,-8188.39294525488,-5792.494836119184,-7491.134530727645,142.83610410673504,9236.543673387407,-7906.872686951368,-10317.806315765662,-5658.482481750231,5820.195200595151,-3374.6049065541843,-12766.508773362792,6688.43767093884,-1124.5368714188878,6706.159278871766,-1381.132949363454,19038.344862587688,-8793.975373050092,2742.2515164628244,-379.2577996759261,-3759.9312215660193,11330.435447970678,4061.959667759447,-12780.669852230403,2929.1050249944983,-6574.47565279891,7460.947952841391,2156.1701181715457,-5573.369488317118,7833.167278995833,5189.653394221764,-1686.3710964761287,-6726.949362610014,-7670.182275479892,3378.4364243333516,-4736.176412085931,2489.0771961882747,-3255.0965801790758,8485.675728562068,1591.3575943445348,-6776.2529544703775,11313.397283718945
1119.2873371480152,-588.8696943385065,-5185.680358249537,-2366.2240239200014,-1674.0091848315706,-2164.881110205271,41.241367194073,2669.32949413684,-2284.9623943325387,-2981.6794660607125,-1635.1945734975848,1681.9713581243855,-975.3078185233232,-3689.469884378618,1932.79146094681,-324.86215052738135,1938.0399680065566,-399.14238984927084,5502.089005169798,-2541.293801698667,792.4212593327179,-109.64565470962242,-1086.8158893607902,3274.632775100783,1173.9059940880675,-3693.494101579151,846.4632114623847,-1899.9287243953286,2156.1701181715457,623.2478627638937,-1610.7792084128662,2263.672452456637,1499.6113956638294,-487.3246384142352,-1944.194725805388,-2216.6241643705466,976.3136172064355,-1368.6096896599379,719.3440643864743,-940.8488607722408,2452.2708705886,459.86675792675413,-1958.2632826917923,3269.4119567101425
-2893.0099796277977,1522.1223587869,13406.194280324862,6119.600284270707,4327.595424758067,5597.060358561742,-107.2498254373975,-6900.495268182067,5907.623756660546,7709.875953513506,4227.099606676018,-4347.501750904604,2520.8631523058025,9537.696560693177,-4998.049721055519,839.8120595017439,-5009.759410332815,1031.9264783527872,-14223.10202248349,6569.226826633486,-2048.3795631759135,282.36924739591785,2809.764557005684,-8464.74278819185,-3034.7639494740433,9547.754465220232,-2188.0188345377546,4910.021497956598,-5573.369488317118,-1610.7792084128662,4165.233689464155,-5851.452754191269,-3878.4287446863596,1259.4467176698013,5025.228857123724,5731.771324342013,-2522.757069462449,3539.271406228788,-1858.515533615404,2431.298665189608,-6339.088964646792,-1188.4146656945884,5062.69559184569,-8452.232610341533
4066.633103098582,-2139.311317696614,-18838.88973060865,-8597.138935676765,-6081.498213641527,-7864.92024070384,150.0104428455371,9697.368015692517,-8301.44245890802,-10832.729092202035,-5940.832633231092,6110.571525958993,-3542.9319113169413,-13403.4598495146,7022.275622377559,-1180.698511237125,7040.736075725239,-1450.044134119001,19988.148877880772,-9232.776167580276,2879.0940707301575,-398.1159425305651,-3947.4375946006157,11895.610395598525,4264.620607658892,-13418.33516666062,3075.248372765267,-6902.451853366144,7833.167278995833,2263.672452456637,-5851.452754191269,8224.000389961018,5448.737230690759,-1770.5139195326908,-7062.479376089767,-8052.946344701989,3546.967836167459,-4972.595730679005,2613.2116306389116,-3417.3971667277638,8909.049037329332,1670.753557284261,-7114.371341552361,11877.909751953359
2693.956315092454,-1417.3512452081682,-12483.370972382114,-5699.071893835373,-4029.764831538367,-5211.963835431827,100.0570362940359,6425.4629079392935,-5501.25439934574,-7179.7204557903115,-3936.336866823609,4048.2067307334996,-2347.0475297380094,-8881.174522181158,4654.521217341646,-782.2680615007006,4664.891094271782,-960.8908631175356,13243.858533811288,-6117.236400946171,1907.5260745703556,-262.74128755030773,-2616.019401326069,7881.609890115088,2825.8093838709315,-8890.601654265301,2037.4738573761886,-4571.920736357622,5189.653394221764,1499.6113956638294,-3878.4287446863596,5448.737230690759,3612.094493610256,-1172.7169457654954,-4678.912316336923,-5337.464149190239,2349.079153722725,-3296.08951447333,1730.4488365472143,-2263.540307181387,5902.85462302098,1106.5310978583157,-4714.37758762437,7870.763078387896
-875.5800048254429,460.55251264927523,4055.37430470824,1850.3573348494808,1309.152171754802,1692.9929776231409,-32.19744001946261,-2087.5841941977815,1786.9913021921407,2331.707401245759,1278.9328652291667,-1315.5703700908473,762.7905567809762,2885.4043974187516,-1511.4878072955516,254.21294101881958,-1515.7400918037656,312.13960501185676,-4302.932807221059,1987.681615522752,-619.8246862430416,85.87396662524554,849.6484088153934,-2560.800647161214,-918.0557909684744,2888.6845947167913,-662.0494409688141,1486.204027503141,-1686.3710964761287,-487.3246384142352,1259.4467176698013,-1770.5139195326908,-1172.7169457654954,381.24719925329833,1520.4533835938464,1733.3325081441826,-763.7724310301918,1070.299766492258,-562.7332136595768,735.7775042273903,-1917.9231743427717,-359.78080698540685,1531.475031146175,-2556.926414737099
-3492.202733110461,1837.1692889808105,16178.47208382495,7382.646654549742,5222.652255704966,6754.142455192571,-128.7444774932773,-8327.898313106713,7128.929206622026,9302.639483536395,5101.712512303712,-5247.583460651644,3042.7232273226114,11510.594656097557,-6030.293549034084,1013.7673889188322,-6046.419967168749,1245.2609185676324,-17165.514001439526,7928.709336106719,-2472.3634754610166,341.9880862402579,3390.2902157845892,-10216.002468958675,-3662.3948059863415,11523.277209016995,-2640.89538669627,5927.610492145847,-6726.949362610014,-1944.194725805388,5025.228857123724,-7062.479376089767,-4678.912316336923,1520.4533835938464,6065.352776295158,6915.6041401984,-3046.004762101472,4270.096015768149,-2244.2144990387937,2935.0300592512863,-7650.799307931862,-1434.7927419543466,6109.567636577791,-10200.271345912573
-3981.576541583145,2094.794799032181,18449.38556602503,8421.586224617911,5955.624884790812,7702.615491191976,-147.54941010969094,-9496.435122741348,8130.06578290594,10610.1829010447,5817.495217856526,-5983.180770793181,3469.1290332401,13125.753243512669,-6878.249920064531,1155.9542724686423,-6894.492668121932,1420.1117282700743,-19573.75479008094,9040.812617231513,-2819.1377990611027,388.7396235551671,3866.4245177432713,-11648.967849606815,-4176.372059956221,13139.769041921398,-3011.2544450941145,6757.536555438195,-7670.182275479892,-2216.6241643705466,5731.771324342013,-8052.946344701989,-5337.464149190239,1733.3325081441826,6915.6041401984,7887.797950363964,-3472.1054671738766,4870.715249463646,-2557.876860045211,3345.88674882926,-8724.015839660526,-1635.5751752650142,6967.293673670317,-11632.083110104084
1754.1393378105495,-922.7073131637144,-8124.067719708744,-3706.392913772718,-2622.669518171162,-3391.546052460273,64.4067313041583,4182.078142342992,-3579.790379954854,-4670.863513057375,-2562.1883221413614,2635.593350902964,-1528.0640761512702,-5780.385237149671,3027.7549975430793,-509.31186433975483,3036.555833250705,-625.2886710981865,8620.232409769893,-3982.0362728483624,1241.78285781842,-172.2483422103979,-1702.053925139229,5130.146525697652,1839.0964157904216,-5787.025538357258,1326.3666028216705,-2977.615079686969,3378.4364243333516,976.3136172064355,-2522.757069462449,3546.967836167459,2349.079153722725,-763.7724310301918,-3046.004762101472,-3472.1054671738766,1530.3524861894168,-2143.974853368746,1127.5526959963108,-1474.1288978051286,3842.34278544859,720.7520145073701,-3068.0094484148144,5122.354982461435
-2458.6085701803922,1293.5197996468085,11392.210747692227,5200.550283280517,3677.5277832168317,4756.333507119735,-91.19721785175042,-5863.8812050282995,5020.323756749395,6551.888947990615,3592.3049880921676,-3694.5041143983913,2142.019888674425,8104.960234679215,-4247.461442863791,713.8812914620148,-4257.228268737108,876.9014224749795,-12086.410397928483,5582.654406425655,-1740.8432671307114,239.95181989993077,2387.3240398802245,-7192.82065512143,-2578.8288202155863,8113.618497295948,-1859.4249224242938,4172.613399587457,-4736.176412085931,-1368.6096896599379,3539.271406228788,-4972.595730679005,-3296.08951447333,1070.299766492258,4270.096015768149,4870.715249463646,-2143.974853368746,3007.8252809324767,-1579.3820033373884,2065.862144837173,-5386.986016361374,-1009.90760106644,4302.278530620637,-7182.773095534017
1292.3691641229307,-679.7906050958252,-5985.257702939272,-2730.3389410777113,-1932.2126504234764,-2498.60710060929,47.38354315539144,3081.102172010297,-2637.2792626043274,-3440.988123852993,-1887.6470050111118,1941.79335479936,-1125.8413798900172,-4258.62727871935,2230.474108072341,-375.2140795484353,2237.175607071662,-460.6604787572401,6350.900273312736,-2933.7219531878445,914.8500119405935,-127.01443516888538,-1253.9815798198715,3779.6717432138566,1354.9308949688993,-4263.546390157603,977.1924139087664,-2193.851571945288,2489.0771961882747,719.3440643864743,-1858.515533615404,2613.2116306389116,1730.4488365472143,-562.7332136595768,-2244.2144990387937,-2557.876860045211,1127.5526959963108,-1579.3820033373884,830.8175774633992,-1086.1562972109293,2830.8111011553583,531.048251974317,-2260.2673154850418,3773.7596207215406
-1689.8672111575108,888.9960759337927,7828.129444801285,3571.595308296769,2527.0568462541783,3267.981515035664,-62.13942527845538,-4029.6224754570776,3449.2835950221806,4500.801242735128,2468.5629942842156,-2539.2747793172225,1472.392370280245,5569.625459342456,-2917.490137226674,490.5026909809335,-2925.7437835759883,602.5237402557926,-8305.981998210105,3836.5102688344878,-1196.3209638469023,165.7341574937376,1640.4417866356255,-4943.366861400161,-1772.1046762190892,5575.829330549465,-1277.8856791479793,2868.533329878034,-3255.0965801790758,-940.8488607722408,2431.298665189608,-3417.3971667277638,-2263.540307181387,735.7775042273903,2935.0300592512863,3345.88674882926,-1474.1288978051286,2065.862144837173,-1086.1562972109293,1420.4073349633995,-3702.0505564027626,-694.3401671846788,2956.142518437501,-4935.480284717473
4405.300282053901,-2317.536378340979,-20408.48069887712,-9313.617086285218,-6588.200156929847,-8520.255404341782,162.58625639191513,10505.261565465353,-8993.09797267011,-11735.434325431386,-6435.763722628183,6619.538069312333,-3837.9909681097633,-14520.1253772155,7607.462280624504,-1279.0231244194229,7627.266181715968,-1570.8550280912975,21653.400545170913,-10001.869388185973,3118.9243508210307,-431.1862892877128,-4276.451004324207,12886.662757466209,4619.901102172216,-14536.161429721338,3331.434072273285,-7477.265250106083,8485.675728562068,2452.2708705886,-6339.088964646792,8909.049037329332,5902.85462302098,-1917.9231743427717,-7650.799307931862,-8724.015839660526,3842.34278544859,-5386.986016361374,2830.8111011553583,-3702.0505564027626,9651.257534000802,1809.8274512002783,-7707.13045670017,12867.533560430613
826.2586831829307,-434.59835974576976,-3826.7744335125212,-1745.9555920924893,-1235.3423506875179,-1597.5313832635668,30.34308616543901,1969.9300201468795,-1686.2359885216658,-2200.183391870139,-1206.8338385322759,1241.4576191153628,-719.843659322433,-2722.7662819237175,1426.219617890582,-239.8849339771988,1430.3218434043788,-294.5477606638173,4060.410497523558,-1875.6650334809622,584.9003623988025,-81.06215073272934,-801.7206002578173,2416.5077270048614,866.3132349934135,-2725.8967232882287,624.7406245308395,-1402.5234594860387,1591.3575943445348,459.86675792675413,-1188.4146656945884,1670.753557284261,1106.5310978583157,-359.78080698540685,-1434.7927419543466,-1635.5751752650142,720.7520145073701,-1009.90760106644,531.048251974317,-694.3401671846788,1809.8274512002783,339.54324687193554,-1445.1310379851825,2412.7840070378475
-3517.753928532175,1850.6707542703339,16297.953504075947,7438.417775635522,5261.2139990771275,6804.261856680512,-130.03401405979199,-8389.24261967697,7181.8710164556405,9372.211857556375,5139.384140308868,-5285.98176180324,3064.812864643221,11595.424975861324,-6075.590196617433,1021.3305976692346,-6090.845575148541,1254.4795139142009,-17291.793071515694,7987.079562517497,-2490.6149579736352,344.00033829873905,3415.267698201022,-10290.88535058904,-3689.3775981481963,11608.072453199567,-2660.3220631018767,5970.614886383256,-6776.2529544703775,-1958.2632826917923,5062.69559184569,-7114.371341552361,-4714.37758762437,1531.475031146175,6109.567636577791,6967.293673670317,-3068.0094484148144,4302.278530620637,-2260.2673154850418,2956.142518437501,-7707.13045670017,-1445.1310379851825,6154.829350793076,-10275.788527370025
5873.174700003304,-3089.8191965315596,-27210.198462299806,-12418.584676409782,-8783.858885542159,-11360.012327546357,217.0313886270332,14006.287830439449,-11990.458649201906,-15647.216263278298,-8580.517239475459,8825.31915112137,-5116.886493292684,-19359.16927085363,10143.38368441447,-1705.2258130259581,10169.030984596462,-2094.409065494768,28869.5742886666,-13334.946292883951,4158.273612455286,-574.4341709523576,-5701.832524341284,17181.180960963426,6159.587566612398,-19380.373804964274,4441.593541101828,-9968.486217280482,11313.397283718945,3269.4119567101425,-8452.232610341533,11877.909751953359,7870.763078387896,-2556.926414737099,-10200.271345912573,-11632.083110104084,5122.354982461435,-7182.773095534017,3773.7596207215406,-4935.480284717473,12867.533560430613,2412.7840070378475,-10275.788527370025,17155.98166379588
