V1,V2,V3,V4,V5,V6,V7,V8,V9,V10,V11,V12,V13,V14,V15,V16,V17,V18,V19,V20,V21,V22,V23,V24,V25,V26,V27,V28,V29,V30,V31,V32,V33,V34,V35,V36,V37,V38,V39,V40,V41,V42,V43,V44
11748753.845714232,-6180882.983721979,-54431794.058197424,-24842071.19115137,-17571352.562693678,-22724666.633400198,434078.8819577845,28018439.020550366,-23985809.606154975,-31300729.244226392,-17164475.74059267,17654327.49777128,-10236116.284599407,-38726429.927187026,20290773.29613522,-3411007.0632225224,20342308.02156046,-4189693.1413285355,57751279.47465072,-26675339.289191242,8318147.090591624,-1149175.2888802357,-11406261.331612485,34369741.09556434,12321814.93033675,-38768768.17172449,8884965.636595909,-19941115.390127096,22631521.427044712,6540341.1118153315,-16908156.12363654,23760722.79404567,15744513.569141349,-5114966.060213436,-20405039.70181099,-23268966.883272935,10246795.733743401,-14368343.577066261,7549123.814349186,-9873217.003521984,25740308.334196664,4826640.551846792,-20555764.70478523,34318887.14590416
-6180882.983721979,3251691.5343298963,28635933.673129253,13069125.0138568,9244084.581138268,11955183.622356161,-228362.9955631725,-14740175.374832228,12618655.954150852,16466950.066465572,9030031.31745368,-9287735.97496015,5385102.046763149,20373524.541538622,-10674740.189258628,1794491.4770231915,-10701851.044282531,2204148.787380379,-30382276.94832262,14033586.780089855,-4376080.131916796,604568.4382964142,6000701.32930303,-18081521.688855395,-6482363.864784721,20395799.1549183,-4674277.225681002,10490788.90163253,-11906179.964905629,-3440797.034920596,8895184.610478524,-12500240.428299936,-8283005.754420186,2690924.529616572,10734854.457539532,12241533.144261343,-5390720.716283353,7559019.088819054,-3971506.672515092,5194185.00947994,-13541675.664582828,-2539239.829726597,10814149.584268749,-18054767.163060628
-54431794.058197424,28635933.673129253,252181664.0144299,115092932.3012618,81407805.39836882,105283028.40607095,-2011082.900290026,-129808993.89698543,111125885.07509649,145015794.47557017,79522750.28315188,-81792228.85905014,47423768.51703335,179418953.41421363,-94006838.31302848,15803142.870047975,-94245599.64906466,19410783.29486296,-267560786.8057968,123586433.54045033,-38537848.129370086,5324108.963829855,52845033.214570954,-159234479.44208053,-57086778.00253336,179615102.32880658,-41163907.715473734,92386880.73027088,-104851490.82795292,-30301301.081983067,78335225.68803106,-110083061.468541,-72944087.86963828,23697557.042113006,94536234.01744346,107804763.42136107,-47473244.521900006,66568312.20725256,-34974973.24398777,45742460.716613434,-119254455.29222657,-22361748.744630728,95234538.17175001,-158998875.29837447
-24842071.19115137,13069125.0138568,115092932.3012618,52527146.29567838,37153625.34800917,48050014.533979125,-917835.6858211684,-59243394.913523056,50716629.60932088,66183611.08986656,36293307.29369307,-37329071.59147739,21643685.426132627,81884833.11241655,-42903685.34508963,7212380.329125592,-43012653.030454285,8858867.651338326,-122111794.91466783,56403487.03229212,-17588249.011093166,2429865.172173686,24117890.81529987,-72672862.11120453,-26053776.54717727,81974354.17056257,-18786754.123966377,42164354.34653314,-47853064.90317281,-13829179.657127434,35751333.901301056,-50240696.50349628,-33290878.07525378,10815304.37438142,43145295.57001744,49200906.44638213,-21666266.07034237,30381044.58535604,-15962192.804370953,20876355.20082675,-54426418.60591216,-10205656.134647982,43463994.381821536,-72565334.58766398
-17571352.562693678,9244084.581138268,81407805.39836882,37153625.34800917,26279590.43435417,33986849.98261034,-649205.5001738687,-41904177.98763875,35873006.58712781,46813148.15335761,25671067.809738528,-26403687.33286525,15309062.938002799,57918974.18072216,-30346736.220747318,5101478.089019962,-30423811.213658094,6266075.145902527,-86372403.85503155,39895447.94445494,-12440561.924223157,1718697.8982207258,17059123.564028658,-51403140.80185467,-18428418.974634785,57982294.15585884,-13288291.213305142,29823790.843684964,-33847543.02295261,-9781688.097123975,25287718.223071627,-35536368.32570626,-23547382.686027095,7649906.425826319,30517632.731618855,34800901.3683597,-15325034.656816998,21489192.40598494,-11290415.82585427,14766313.061242154,-38497023.0536452,-7218688.694038217,30743055.309977584,-51327083.988584496
-22724666.633400198,11955183.622356161,105283028.40607095,48050014.533979125,33986849.98261034,43954489.86011947,-839603.6421839162,-54193806.42120752,46393816.71669533,60542475.77302288,33199860.875897013,-34147341.54107822,19798894.08193943,74905409.5418418,-39246805.83502465,6597635.958581261,-39346485.01685099,8103785.33457427,-111703641.36716105,51595957.36416182,-16089120.82279058,2222757.106965262,22062211.19323894,-66478617.93937849,-23833092.734053366,74987301.16659106,-17185472.230587155,38570491.11171788,-43774326.32323342,-12650454.291243078,32704082.369981725,-45958449.61480262,-30453342.554961134,9893466.278772518,39467822.43228349,45007285.59808371,-19819550.41072733,27791527.97215241,-14601661.539351458,19096967.06593691,-49787401.8897872,-9335781.20670852,39759357.54211291,-66380254.87207268
434078.8819577845,-228362.9955631725,-2011082.900290026,-917835.6858211684,-649205.5001738687,-839603.6421839162,16038.99044750039,1035192.1298258929,-886199.1995028064,-1156462.4723952345,-634172.7814988546,652272.1456467493,-378191.7418680026,-1430818.9792764317,749679.3713486611,-126025.54381679787,751584.6175993403,-154795.90774642408,2133726.60535021,-985568.2587109456,307329.61637660855,-42457.4745401483,-421425.4363201535,1269852.5559004268,455251.68052898796,-1432382.0157359142,328271.16231111286,-736761.2698512296,836163.5537575614,241645.46177362397,-624702.4208854305,877883.0258391557,581709.6137202645,-188981.33836531054,-753901.2444481399,-859714.3692453889,378585.7796460763,-530863.9525126641,278915.82971942617,-364783.5376975826,951024.6302936184,178328.43839619207,-759469.3788259951,1267974.670002904
28018439.020550366,-14740175.374832228,-129808993.89698543,-59243394.913523056,-41904177.98763875,-54193806.42120752,1035192.1298258929,66818400.07910224,-57201381.23490997,-74646008.95487891,-40933858.01690162,42102057.024491824,-24411099.68717545,-92354826.51977791,48389455.161748864,-8134572.744990771,48512355.52424054,-9991584.133073822,137725305.78630045,-63615374.36374312,19837125.049985096,-2740554.23955456,-27201662.853168473,81964991.12678407,29385075.783212185,-92455794.8638223,21188874.47845912,-47555591.059403725,53971673.919482656,15597411.82219033,-40322586.42555319,56664594.30454618,37547530.70517032,-12198176.014947567,-48661957.81840255,-55491854.30772269,24436567.80247642,-34265638.92336377,18003157.829368774,-23545656.863251776,61385512.14023971,11510576.666594462,-49021406.911505766,81843714.7531628
-23985809.606154975,12618655.954150852,111125885.07509649,50716629.60932088,35873006.58712781,46393816.71669533,-886199.1995028064,-57201381.23490997,48968518.41087423,63902380.53619521,35042341.93409152,-36042405.266077146,20897666.52166849,79062409.69825105,-41424872.31118246,6963782.633864066,-41530083.70139604,8553518.33703809,-117902820.20970516,54459360.064483486,-16982013.490734957,2346112.257870214,23286590.2436648,-70167958.8384792,-25155749.658719275,79148845.25666355,-18139208.339797527,40711024.47228022,-46203655.31390286,-13352512.45808059,34519049.64503666,-48508989.77444499,-32143401.204557553,10442520.190376656,41658154.64726526,47505039.311783716,-20919468.909976676,29333864.55427903,-15412004.552241229,20156784.824448656,-52550437.01098193,-9853885.564382123,41965868.574406795,-70064137.35916947
-31300729.244226392,16466950.066465572,145015794.47557017,66183611.08986656,46813148.15335761,60542475.77302288,-1156462.4723952345,-74646008.95487891,63902380.53619521,83390602.82386915,45729157.44460795,-47034208.345240965,27270799.199216787,103173964.60776515,-54058159.157995105,9087517.699853491,-54195457.115029044,11162073.266680673,-153859482.38143802,71067756.87694043,-22160994.947571203,3061603.0639346633,30388269.96943878,-91566985.62075427,-32827464.201906547,103286760.73710833,-23671098.217716154,53126610.20398361,-60294321.212799735,-17424609.954384856,45046276.94570962,-63302710.32108138,-41946130.38314765,13627161.734028174,54362585.02519374,61992586.68997363,-27299250.697519165,38279773.08758752,-20112182.84855431,26303971.816371415,-68576672.35798867,-12859011.783782175,54764142.37454153,-91431502.09405604
-17164475.74059267,9030031.31745368,79522750.28315188,36293307.29369307,25671067.809738528,33199860.875897013,-634172.7814988546,-40933858.01690162,35042341.93409152,45729157.44460795,25076636.672258183,-25792291.165750615,14954570.69694937,56577819.35760106,-29644036.454304583,4983349.589637762,-29719326.977028556,6120979.942654179,-84372390.26584136,38971641.101828665,-12152491.887808055,1678900.5949524057,16664107.645378798,-50212865.204134144,-18001695.94871821,56639673.85129198,-12980591.875384679,29133200.118849985,-33063779.49096208,-9555186.08928397,24702163.30903986,-34713498.94192726,-23002126.581698503,7472768.050965781,29810975.366716333,33995062.56472588,-14970172.8754704,20991595.25162556,-11028978.70201599,14424388.727106225,-37605597.3920396,-7051535.361926437,30031178.679743387,-50138569.656628296
17654327.49777128,-9287735.97496015,-81792228.85905014,-37329071.59147739,-26403687.33286525,-34147341.54107822,652272.1456467493,42102057.024491824,-36042405.266077146,-47034208.345240965,-25792291.165750615,26528371.122394882,-15381354.954773853,-58192478.55579396,30490038.87881236,-5125567.919070638,30567478.829702396,-6295664.75011501,86780270.41257349,-40083840.84932733,12499308.980194584,-1726813.1368216595,-17139680.118565064,51645875.66515924,18515441.149564274,-58256096.447086155,13351040.859408224,-29964624.564582415,34007377.93438337,9827879.55942049,-25407131.265631214,35704177.39322361,23658577.60466099,-7686030.284527795,-30661742.45911384,-34965237.5290206,15397401.590973465,-21590667.65236085,11343730.903762233,-14836041.916676572,38678814.75826412,7252776.1352713285,-30888228.922157016,51569460.57200903
-10236116.284599407,5385102.046763149,47423768.51703335,21643685.426132627,15309062.938002799,19798894.08193943,-378191.7418680026,-24411099.68717545,20897666.52166849,27270799.199216787,14954570.69694937,-15381354.954773853,8918229.15851197,33740450.47599386,-17678361.396293312,2971844.2605633615,-17723260.935949415,3650275.266489433,-50315874.22882045,23240922.608253483,-7247196.023503506,1001220.2821158131,9937719.375926446,-29944679.758118037,-10735396.650118956,33777337.47551427,-7741037.214788435,17373721.672046445,-19717741.24625026,-5698280.431279632,14731252.076606773,-20701559.365526866,-13717427.020546846,4456420.3486987995,17777916.357139293,20273116.207901534,-8927533.4514647,12518437.107177608,-6577183.467866392,8602052.536654316,-22426275.76234991,-4205216.307066191,17909235.45914411,-29900373.076337915
-38726429.927187026,20373524.541538622,179418953.41421363,81884833.11241655,57918974.18072216,74905409.5418418,-1430818.9792764317,-92354826.51977791,79062409.69825105,103173964.60776515,56577819.35760106,-58192478.55579396,33740450.47599386,127650679.91267222,-66882771.320750386,11243416.13258382,-67052641.802141674,13810133.375134012,-190360693.22354758,87927679.8978047,-27418410.394624047,3787928.4445502497,37597501.70456899,-113290091.0816528,-40615363.66330544,127790233.57928604,-29286765.418223195,65730224.707152426,-74598384.43987945,-21558378.258544452,55732934.81314886,-78320474.974034,-51897317.66169172,16860031.852414075,67259419.01097631,76699540.7986952,-33775651.115011625,47361163.26839403,-24883542.323455583,32544255.34348807,-84845619.29773802,-15909648.273325052,67756239.4859608,-113122466.19600949
20290773.29613522,-10674740.189258628,-94006838.31302848,-42903685.34508963,-30346736.220747318,-39246805.83502465,749679.3713486611,48389455.161748864,-41424872.31118246,-54058159.157995105,-29644036.454304583,30490038.87881236,-17678361.396293312,-66882771.320750386,35043332.09215878,-5891005.321348186,35132335.62164828,-7235840.915038224,99739780.35790707,-46069844.69120322,14365918.378646828,-1984691.6349511663,-19699269.200920556,59358519.11936128,21280482.857315715,-66955891.664855406,15344846.45303952,-34439452.9792708,39085938.92688474,11295545.300617224,-29201357.75765118,41036134.51353924,27191680.17829867,-8833840.361990549,-35240676.84248297,-40186843.68948956,17696805.215012327,-24814955.29945079,13037770.857377993,-17051613.31553425,44454992.88020981,8335885.505230403,-35500987.40153152,59270691.51385124
-3411007.0632225224,1794491.4770231915,15803142.870047975,7212380.329125592,5101478.089019962,6597635.958581261,-126025.54381679787,-8134572.744990771,6963782.633864066,9087517.699853491,4983349.589637762,-5125567.919070638,2971844.2605633615,11243416.13258382,-5891005.321348186,990315.3417577893,-5905967.009278575,1216390.4552932612,-16766886.712529957,7744631.914460151,-2415001.4786505783,333639.28687982535,3311571.4435291355,-9978541.837111838,-3577383.59703816,11255708.202232849,-2579565.4666549093,5789489.404462393,-6570592.928077488,-1898852.4023283424,4908932.6468369765,-6898433.317047688,-4571093.126219294,1485024.2704785324,5924180.371069078,6755662.004120878,-2974944.812247208,4171550.77124815,-2191731.617442136,2866483.9219172127,-7473164.538468226,-1401314.9310964253,5967940.182293636,-9963777.146149378
20342308.02156046,-10701851.044282531,-94245599.64906466,-43012653.030454285,-30423811.213658094,-39346485.01685099,751584.6175993403,48512355.52424054,-41530083.70139604,-54195457.115029044,-29719326.977028556,30567478.829702396,-17723260.935949415,-67052641.802141674,35132335.62164828,-5905967.009278575,35221566.54803891,-7254218.75854794,99993101.62041143,-46186852.9181706,14402405.728909148,-1989731.5197248873,-19749302.117143523,59509278.793943875,21334531.158464,-67125946.71652336,15383819.582425425,-34526923.341846205,39185210.876782864,11324234.540266417,-29275523.694710247,41140358.62189923,27260741.99220166,-8856276.410634896,-35330181.56950525,-40288911.05348334,17741751.179391857,-24877980.177485086,13070884.137651324,-17094920.90240689,44567902.548530474,8357056.708992623,-35591152.713904396,59421229.229244664
-4189693.1413285355,2204148.787380379,19410783.29486296,8858867.651338326,6266075.145902527,8103785.33457427,-154795.90774642408,-9991584.133073822,8553518.33703809,11162073.266680673,6120979.942654179,-6295664.75011501,3650275.266489433,13810133.375134012,-7235840.915038224,1216390.4552932612,-7254218.75854794,1494075.8198782017,-20594536.470538422,9512624.608460186,-2966313.2637698604,409804.4135607715,4067557.791650245,-12256505.682347719,-4394050.949137353,13825231.458957773,-3168444.9712006426,7111150.324366925,-8070569.205582501,-2332334.4007478487,6029574.392549659,-8473250.72526088,-5614610.807021292,1824035.018921558,7276589.100949868,8297886.975372813,-3654083.6145862564,5123858.27904245,-2692073.7701772205,3520862.6856862046,-9179185.905873902,-1721215.9817950467,7330338.768141414,-12238370.936678797
57751279.47465072,-30382276.94832262,-267560786.8057968,-122111794.91466783,-86372403.85503155,-111703641.36716105,2133726.60535021,137725305.78630045,-117902820.20970516,-153859482.38143802,-84372390.26584136,86780270.41257349,-50315874.22882045,-190360693.22354758,99739780.35790707,-16766886.712529957,99993101.62041143,-20594536.470538422,283877795.4237858,-131123267.12288624,40888051.60357613,-5648796.918158496,-56067750.664221704,168945283.88290963,60568175.67312102,-190568805.45129487,43674260.30248219,-98021030.26669519,111245785.70795995,32149204.3430698,-83112445.16854012,116796400.80786529,77392532.54549836,-25142736.718095243,-100301460.63478109,-114379162.35322356,50368367.99676146,-70627935.05175492,37107898.15125485,-48532033.23520837,126527103.93978043,23725465.114115115,-101042351.1697887,168695310.89664763
-26675339.289191242,14033586.780089855,123586433.54045033,56403487.03229212,39895447.94445494,51595957.36416182,-985568.2587109456,-63615374.36374312,54459360.064483486,71067756.87694043,38971641.101828665,-40083840.84932733,23240922.608253483,87927679.8978047,-46069844.69120322,7744631.914460151,-46186852.9181706,9512624.608460186,-131123267.12288624,60565890.49036812,-18886206.89235019,2609182.492300508,25897716.238637086,-78035894.58931758,-27976464.78353033,88023808.44152594,-20173158.526117273,45275952.90781955,-51384472.411586195,-14849729.795497173,38389671.798760146,-53948304.63219831,-35747641.89294868,11613440.785380498,46329284.90634395,52831781.12335037,-23265169.995482303,32623072.05652846,-17140153.57596341,22416965.864504393,-58442918.2496874,-10958802.40435737,46671503.303009294,-77920431.06827396
8318147.090591624,-4376080.131916796,-38537848.129370086,-17588249.011093166,-12440561.924223157,-16089120.82279058,307329.61637660855,19837125.049985096,-16982013.490734957,-22160994.947571203,-12152491.887808055,12499308.980194584,-7247196.023503506,-27418410.394624047,14365918.378646828,-2415001.4786505783,14402405.728909148,-2966313.2637698604,40888051.60357613,-18886206.89235019,5889269.464710511,-813618.2900666504,-8075661.952415284,24333863.149431393,8723875.901772749,-27448384.943419512,6290577.8611083105,-14118360.205048928,16023174.651911406,4630578.4656325765,-11971017.004468273,16822651.449898135,11147155.187865317,-3621408.377038514,-14446819.525608225,-16474486.985999342,7254756.667968865,-10172822.993137242,5344798.382095334,-6990262.22295249,18224204.46068502,3417273.0964915142,-14553532.552162945,24297858.965191
-1149175.2888802357,604568.4382964142,5324108.963829855,2429865.172173686,1718697.8982207258,2222757.106965262,-42457.4745401483,-2740554.23955456,2346112.257870214,3061603.0639346633,1678900.5949524057,-1726813.1368216595,1001220.2821158131,3787928.4445502497,-1984691.6349511663,333639.28687982535,-1989731.5197248873,409804.4135607715,-5648796.918158496,2609182.492300508,-813618.2900666504,112404.69248541062,1115674.7166723264,-3361790.6674378533,-1205227.7156474057,3792071.114289028,-869061.0068347338,1950490.1103483012,-2213645.1893042326,-639726.5116696454,1653829.200610792,-2324096.0530366898,-1540010.3924632228,500308.311801942,1995868.0018583369,2275996.189167014,-1002265.3977495027,1405404.1946433242,-738399.1657727979,965724.402769664,-2517722.2847927585,-472106.5128724185,2010611.6786575147,-3356815.7730126865
-11406261.331612485,6000701.32930303,52845033.214570954,24117890.81529987,17059123.564028658,22062211.19323894,-421425.4363201535,-27201662.853168473,23286590.2436648,30388269.96943878,16664107.645378798,-17139680.118565064,9937719.375926446,37597501.70456899,-19699269.200920556,3311571.4435291355,-19749302.117143523,4067557.791650245,-56067750.664221704,25897716.238637086,-8075661.952415284,1115674.7166723264,11073753.338095136,-33367815.9473968,-11962617.038465569,37638604.99630318,-8625956.559002796,19359804.802259307,-21971781.930063203,-6349681.593898083,16415260.041090423,-23068065.069739252,-15285539.33221598,4965857.472418837,19810204.81950917,22590644.474869773,-9948087.160150692,13949486.298206864,-7329056.378342034,9585398.898694064,-24989944.0804857,-4685936.872075519,19956535.476404853,-33318444.83633543
34369741.09556434,-18081521.688855395,-159234479.44208053,-72672862.11120453,-51403140.80185467,-66478617.93937849,1269852.5559004268,81964991.12678407,-70167958.8384792,-91566985.62075427,-50212865.204134144,51645875.66515924,-29944679.758118037,-113290091.0816528,59358519.11936128,-9978541.837111838,59509278.793943875,-12256505.682347719,168945283.88290963,-78035894.58931758,24333863.149431393,-3361790.6674378533,-33367815.9473968,100545056.62068124,36046171.35951437,-113413946.40990452,25992030.603522215,-58335632.590440065,66206132.00838003,19133079.351228043,-49463029.10239968,69509491.30705595,46058915.53999352,-14963293.912534453,-59692793.96147721,-68070910.86910032,29975920.794225127,-42033074.794153124,22084166.404244795,-28883055.653577648,75300561.18688506,14119827.549983738,-60133723.384963155,100396288.86961442
12321814.93033675,-6482363.864784721,-57086778.00253336,-26053776.54717727,-18428418.974634785,-23833092.734053366,455251.68052898796,29385075.783212185,-25155749.658719275,-32827464.201906547,-18001695.94871821,18515441.149564274,-10735396.650118956,-40615363.66330544,21280482.857315715,-3577383.59703816,21334531.158464,-4394050.949137353,60568175.67312102,-27976464.78353033,8723875.901772749,-1205227.7156474057,-11962617.038465569,36046171.35951437,12922828.018521836,-40659766.77837538,9318341.61214687,-20913770.13484283,23735404.303267088,6859355.1444420675,-17732874.08594111,24919683.96731889,16512473.318048876,-5364455.210455694,-21400322.987174314,-24403941.81730827,10746596.830327211,-15069178.698011428,7917342.442144244,-10354796.31387912,26995826.53728199,5062066.131153777,-21558399.551550727,35992836.84052221
-38768768.17172449,20395799.1549183,179615102.32880658,81974354.17056257,57982294.15585884,74987301.16659106,-1432382.0157359142,-92455794.8638223,79148845.25666355,103286760.73710833,56639673.85129198,-58256096.447086155,33777337.47551427,127790233.57928604,-66955891.664855406,11255708.202232849,-67125946.71652336,13825231.458957773,-190568805.45129487,88023808.44152594,-27448384.943419512,3792071.114289028,37638604.99630318,-113413946.40990452,-40659766.77837538,127929942.17176594,-29318783.817657508,65802084.1818003,-74679938.66216709,-21581946.120116625,55793865.21438352,-78406099.62494524,-51954054.81156749,16878465.32266527,67332950.59605864,76783393.48217852,-33812577.47889179,47412941.93216936,-24910747.21135614,32579834.943767257,-84938374.67068076,-15927042.72057227,67830315.66365553,-113246137.20495349
8884965.636595909,-4674277.225681002,-41163907.715473734,-18786754.123966377,-13288291.213305142,-17185472.230587155,328271.16231111286,21188874.47845912,-18139208.339797527,-23671098.217716154,-12980591.875384679,13351040.859408224,-7741037.214788435,-29286765.418223195,15344846.45303952,-2579565.4666549093,15383819.582425425,-3168444.9712006426,43674260.30248219,-20173158.526117273,6290577.8611083105,-869061.0068347338,-8625956.559002796,25992030.603522215,9318341.61214687,-29318783.817657508,6719233.091265884,-15080418.583287328,17115031.402175162,4946116.556503831,-12786750.608616965,17968987.10569019,11906748.906649187,-3868180.4306551623,-15431260.04404268,-17597098.012292888,7749113.559437479,-10866023.779904421,5709006.099805136,-7466595.536353144,19466043.714459576,3650134.886116035,-15545245.59022569,25953572.49097847
-19941115.390127096,10490788.90163253,92386880.73027088,42164354.34653314,29823790.843684964,38570491.11171788,-736761.2698512296,-47555591.059403725,40711024.47228022,53126610.20398361,29133200.118849985,-29964624.564582415,17373721.672046445,65730224.707152426,-34439452.9792708,5789489.404462393,-34526923.341846205,7111150.324366925,-98021030.26669519,45275952.90781955,-14118360.205048928,1950490.1103483012,19359804.802259307,-58335632.590440065,-20913770.13484283,65802084.1818003,-15080418.583287328,33845980.814853124,-38412397.01347348,-11100897.054727951,28698149.67948187,-40328985.62558667,-26723103.67325879,8681612.226267714,34633397.374819055,39494329.99135915,-17391847.268570546,24387335.034981214,-12813099.424143167,16757773.666319951,-43688930.30821136,-8192238.036898717,34889221.545168094,-58249318.83516773
22631521.427044712,-11906179.964905629,-104851490.82795292,-47853064.90317281,-33847543.02295261,-43774326.32323342,836163.5537575614,53971673.919482656,-46203655.31390286,-60294321.212799735,-33063779.49096208,34007377.93438337,-19717741.24625026,-74598384.43987945,39085938.92688474,-6570592.928077488,39185210.876782864,-8070569.205582501,111245785.70795995,-51384472.411586195,16023174.651911406,-2213645.1893042326,-21971781.930063203,66206132.00838003,23735404.303267088,-74679938.66216709,17115031.402175162,-38412397.01347348,43594902.92937104,12598602.809747728,-32570033.159589414,45770072.69725951,30328518.813107535,-9852913.771100637,-39306049.78888022,-44822807.44866442,19738312.18312349,-27677613.892882444,14541810.992067145,-19018691.0517649,49583333.39543788,9297514.468749857,-39596388.96665149,66108173.31402607
6540341.1118153315,-3440797.034920596,-30301301.081983067,-13829179.657127434,-9781688.097123975,-12650454.291243078,241645.46177362397,15597411.82219033,-13352512.45808059,-17424609.954384856,-9555186.08928397,9827879.55942049,-5698280.431279632,-21558378.258544452,11295545.300617224,-1898852.4023283424,11324234.540266417,-2332334.4007478487,32149204.3430698,-14849729.795497173,4630578.4656325765,-639726.5116696454,-6349681.593898083,19133079.351228043,6859355.1444420675,-21581946.120116625,4946116.556503831,-11100897.054727951,12598602.809747728,3640902.778231236,-9412497.119528867,13227210.288697496,8764716.182138506,-2847418.422976309,-11359155.905764155,-12953457.635431627,5704224.996794833,-7998624.16643614,4202474.9687608555,-5496259.994650804,14329215.1855011,2686912.0943541694,-11443061.302598199,19104770.334105916
-16908156.12363654,8895184.610478524,78335225.68803106,35751333.901301056,25287718.223071627,32704082.369981725,-624702.4208854305,-40322586.42555319,34519049.64503666,45046276.94570962,24702163.30903986,-25407131.265631214,14731252.076606773,55732934.81314886,-29201357.75765118,4908932.6468369765,-29275523.694710247,6029574.392549659,-83112445.16854012,38389671.798760146,-11971017.004468273,1653829.200610792,16415260.041090423,-49463029.10239968,-17732874.08594111,55793865.21438352,-12786750.608616965,28698149.67948187,-32570033.159589414,-9412497.119528867,24333282.465475187,-34195117.140646674,-22658632.480135955,7361175.771941946,29365803.872498516,33487409.086810134,-14746621.114686893,20678124.656393513,-10864281.043160187,14208987.34721845,-37044027.44707129,-6946233.591387758,29582718.605547678,-49389842.939336166
23760722.79404567,-12500240.428299936,-110083061.468541,-50240696.50349628,-35536368.32570626,-45958449.61480262,877883.0258391557,56664594.30454618,-48508989.77444499,-63302710.32108138,-34713498.94192726,35704177.39322361,-20701559.365526866,-78320474.974034,41036134.51353924,-6898433.317047688,41140358.62189923,-8473250.72526088,116796400.80786529,-53948304.63219831,16822651.449898135,-2324096.0530366898,-23068065.069739252,69509491.30705595,24919683.96731889,-78406099.62494524,17968987.10569019,-40328985.62558667,45770072.69725951,13227210.288697496,-34195117.140646674,48053773.575537845,31841762.243285917,-10344526.020689234,-41267227.657542765,-47059244.34384455,20723157.140637722,-29058590.68424814,15267375.941969477,-19967630.1606108,52057295.123736575,9761415.089892998,-41572054.04553662,69406644.09514399
15744513.569141349,-8283005.754420186,-72944087.86963828,-33290878.07525378,-23547382.686027095,-30453342.554961134,581709.6137202645,37547530.70517032,-32143401.204557553,-41946130.38314765,-23002126.581698503,23658577.60466099,-13717427.020546846,-51897317.66169172,27191680.17829867,-4571093.126219294,27260741.99220166,-5614610.807021292,77392532.54549836,-35747641.89294868,11147155.187865317,-1540010.3924632228,-15285539.33221598,46058915.53999352,16512473.318048876,-51954054.81156749,11906748.906649187,-26723103.67325879,30328518.813107535,8764716.182138506,-22658632.480135955,31841762.243285917,21099234.286647085,-6854569.598350277,-27344808.90623619,-31182759.65479453,13731738.35756481,-19255027.72248825,10116586.395658322,-13231105.274010414,34494606.69450204,6468184.242317088,-27546795.272133674,45990766.161923915
-5114966.060213436,2690924.529616572,23697557.042113006,10815304.37438142,7649906.425826319,9893466.278772518,-188981.33836531054,-12198176.014947567,10442520.190376656,13627161.734028174,7472768.050965781,-7686030.284527795,4456420.3486987995,16860031.852414075,-8833840.361990549,1485024.2704785324,-8856276.410634896,1824035.018921558,-25142736.718095243,11613440.785380498,-3621408.377038514,500308.311801942,4965857.472418837,-14963293.912534453,-5364455.210455694,16878465.32266527,-3868180.4306551623,8681612.226267714,-9852913.771100637,-2847418.422976309,7361175.771941946,-10344526.020689234,-6854569.598350277,2226864.594975482,8883587.396111917,10130434.114064218,-4461070.115956877,6255437.123310575,-3286605.2641290855,4298427.734910107,-11206362.219927153,-2101338.382829241,8949208.021068176,-14941153.72987508
-20405039.70181099,10734854.457539532,94536234.01744346,43145295.57001744,30517632.731618855,39467822.43228349,-753901.2444481399,-48661957.81840255,41658154.64726526,54362585.02519374,29810975.366716333,-30661742.45911384,17777916.357139293,67259419.01097631,-35240676.84248297,5924180.371069078,-35330181.56950525,7276589.100949868,-100301460.63478109,46329284.90634395,-14446819.525608225,1995868.0018583369,19810204.81950917,-59692793.96147721,-21400322.987174314,67332950.59605864,-15431260.04404268,34633397.374819055,-39306049.78888022,-11359155.905764155,29365803.872498516,-41267227.657542765,-27344808.90623619,8883587.396111917,35439133.31816863,40413153.86798972,-17796463.82419899,24954699.523170043,-13111192.40176405,17147638.614803974,-44705339.54647743,-8382828.249142071,35700909.32359174,-59604471.69044708
-23268966.883272935,12241533.144261343,107804763.42136107,49200906.44638213,34800901.3683597,45007285.59808371,-859714.3692453889,-55491854.30772269,47505039.311783716,61992586.68997363,33995062.56472588,-34965237.5290206,20273116.207901534,76699540.7986952,-40186843.68948956,6755662.004120878,-40288911.05348334,8297886.975372813,-114379162.35322356,52831781.12335037,-16474486.985999342,2275996.189167014,22590644.474869773,-68070910.86910032,-24403941.81730827,76783393.48217852,-17597098.012292888,39494329.99135915,-44822807.44866442,-12953457.635431627,33487409.086810134,-47059244.34384455,-31182759.65479453,10130434.114064218,40413153.86798972,46085298.307668015,-20294267.12118349,28457189.13791566,-14951399.738920182,19554376.649311088,-50979908.5316655,-9559391.382443579,40711671.716569,-67970192.43314256
10246795.733743401,-5390720.716283353,-47473244.521900006,-21666266.07034237,-15325034.656816998,-19819550.41072733,378585.7796460763,24436567.80247642,-20919468.909976676,-27299250.697519165,-14970172.8754704,15397401.590973465,-8927533.4514647,-33775651.115011625,17696805.215012327,-2974944.812247208,17741751.179391857,-3654083.6145862564,50368367.99676146,-23265169.995482303,7254756.667968865,-1002265.3977495027,-9948087.160150692,29975920.794225127,10746596.830327211,-33812577.47889179,7749113.559437479,-17391847.268570546,19738312.18312349,5704224.996794833,-14746621.114686893,20723157.140637722,13731738.35756481,-4461070.115956877,-17796463.82419899,-20294267.12118349,8936847.914991625,-12531497.93713336,6584045.649448532,-8611027.220712071,22449671.80546062,4209604.110931371,-17927920.500691086,29931567.480205096
-14368343.577066261,7559019.088819054,66568312.20725256,30381044.58535604,21489192.40598494,27791527.97215241,-530863.9525126641,-34265638.92336377,29333864.55427903,38279773.08758752,20991595.25162556,-21590667.65236085,12518437.107177608,47361163.26839403,-24814955.29945079,4171550.77124815,-24877980.177485086,5123858.27904245,-70627935.05175492,32623072.05652846,-10172822.993137242,1405404.1946433242,13949486.298206864,-42033074.794153124,-15069178.698011428,47412941.93216936,-10866023.779904421,24387335.034981214,-27677613.892882444,-7998624.16643614,20678124.656393513,-29058590.68424814,-19255027.72248825,6255437.123310575,24954699.523170043,28457189.13791566,-12531497.93713336,17572016.88061113,-9232332.92395388,12074623.158107826,-31479558.668822806,-5902824.402815909,25139031.418573126,-41970881.63023855
7549123.814349186,-3971506.672515092,-34974973.24398777,-15962192.804370953,-11290415.82585427,-14601661.539351458,278915.82971942617,18003157.829368774,-15412004.552241229,-20112182.84855431,-11028978.70201599,11343730.903762233,-6577183.467866392,-24883542.323455583,13037770.857377993,-2191731.617442136,13070884.137651324,-2692073.7701772205,37107898.15125485,-17140153.57596341,5344798.382095334,-738399.1657727979,-7329056.378342034,22084166.404244795,7917342.442144244,-24910747.21135614,5709006.099805136,-12813099.424143167,14541810.992067145,4202474.9687608555,-10864281.043160187,15267375.941969477,10116586.395658322,-3286605.2641290855,-13111192.40176405,-14951399.738920182,6584045.649448532,-9232332.92395388,4850665.550049241,-6344003.6484273,16539351.656442693,3101342.3978852234,-13208040.511582036,22051490.061685685
-9873217.003521984,5194185.00947994,45742460.716613434,20876355.20082675,14766313.061242154,19096967.06593691,-364783.5376975826,-23545656.863251776,20156784.824448656,26303971.816371415,14424388.727106225,-14836041.916676572,8602052.536654316,32544255.34348807,-17051613.31553425,2866483.9219172127,-17094920.90240689,3520862.6856862046,-48532033.23520837,22416965.864504393,-6990262.22295249,965724.402769664,9585398.898694064,-28883055.653577648,-10354796.31387912,32579834.943767257,-7466595.536353144,16757773.666319951,-19018691.0517649,-5496259.994650804,14208987.34721845,-19967630.1606108,-13231105.274010414,4298427.734910107,17147638.614803974,19554376.649311088,-8611027.220712071,12074623.158107826,-6344003.6484273,8297085.484747038,-21631200.03282738,-4056129.7489167857,17274302.348531447,-28840319.655928645
25740308.334196664,-13541675.664582828,-119254455.29222657,-54426418.60591216,-38497023.0536452,-49787401.8897872,951024.6302936184,61385512.14023971,-52550437.01098193,-68576672.35798867,-37605597.3920396,38678814.75826412,-22426275.76234991,-84845619.29773802,44454992.88020981,-7473164.538468226,44567902.548530474,-9179185.905873902,126527103.93978043,-58442918.2496874,18224204.46068502,-2517722.2847927585,-24989944.0804857,75300561.18688506,26995826.53728199,-84938374.67068076,19466043.714459576,-43688930.30821136,49583333.39543788,14329215.1855011,-37044027.44707129,52057295.123736575,34494606.69450204,-11206362.219927153,-44705339.54647743,-50979908.5316655,22449671.80546062,-31479558.668822806,16539351.656442693,-21631200.03282738,56394368.201220594,10574670.188331328,-45035560.38603665,75189147.40229838
4826640.551846792,-2539239.829726597,-22361748.744630728,-10205656.134647982,-7218688.694038217,-9335781.20670852,178328.43839619207,11510576.666594462,-9853885.564382123,-12859011.783782175,-7051535.361926437,7252776.1352713285,-4205216.307066191,-15909648.273325052,8335885.505230403,-1401314.9310964253,8357056.708992623,-1721215.9817950467,23725465.114115115,-10958802.40435737,3417273.0964915142,-472106.5128724185,-4685936.872075519,14119827.549983738,5062066.131153777,-15927042.72057227,3650134.886116035,-8192238.036898717,9297514.468749857,2686912.0943541694,-6946233.591387758,9761415.089892998,6468184.242317088,-2101338.382829241,-8382828.249142071,-9559391.382443579,4209604.110931371,-5902824.402815909,3101342.3978852234,-4056129.7489167857,10574670.188331328,1982888.1872060476,-8444750.004737237,14098935.331311852
-20555764.70478523,10814149.584268749,95234538.17175001,43463994.381821536,30743055.309977584,39759357.54211291,-759469.3788259951,-49021406.911505766,41965868.574406795,54764142.37454153,30031178.679743387,-30888228.922157016,17909235.45914411,67756239.4859608,-35500987.40153152,5967940.182293636,-35591152.713904396,7330338.768141414,-101042351.1697887,46671503.303009294,-14553532.552162945,2010611.6786575147,19956535.476404853,-60133723.384963155,-21558399.551550727,67830315.66365553,-15545245.59022569,34889221.545168094,-39596388.96665149,-11443061.302598199,29582718.605547678,-41572054.04553662,-27546795.272133674,8949208.021068176,35700909.32359174,40711671.716569,-17927920.500691086,25139031.418573126,-13208040.511582036,17274302.348531447,-45035560.38603665,-8444750.004737237,35964619.95728327,-60044748.22256386
34318887.14590416,-18054767.163060628,-158998875.29837447,-72565334.58766398,-51327083.988584496,-66380254.87207268,1267974.670002904,81843714.7531628,-70064137.35916947,-91431502.09405604,-50138569.656628296,51569460.57200903,-29900373.076337915,-113122466.19600949,59270691.51385124,-9963777.146149378,59421229.229244664,-12238370.936678797,168695310.89664763,-77920431.06827396,24297858.965191,-3356815.7730126865,-33318444.83633543,100396288.86961442,35992836.84052221,-113246137.20495349,25953572.49097847,-58249318.83516773,66108173.31402607,19104770.334105916,-49389842.939336166,69406644.09514399,45990766.161923915,-14941153.72987508,-59604471.69044708,-67970192.43314256,29931567.480205096,-41970881.63023855,22051490.061685685,-28840319.655928645,75189147.40229838,14098935.331311852,-60044748.22256386,100247742.22377566
