V1,V2,V3,V4,V5,V6,V7,V8,V9,V10,V11,V12,V13,V14,V15,V16,V17,V18,V19,V20,V21,V22,V23,V24,V25,V26,V27,V28,V29,V30,V31,V32,V33,V34,V35,V36,V37,V38,V39,V40,V41,V42,V43,V44
0.8858859250274612,-2.4630725797283786,-1.8232865793686914,5.511493696866152,0.2541170225959583,-1.3217171980906584,1.2742352936785473,-1.5247754180822244,-1.4860984376975046,1.8240812808708131,-5.608909345674562,-5.041966300502108,-0.690224732739278,-3.5503742593494185,-0.7407012053194956,-0.37978225029917284,-2.0654884754934173,-3.8562035807645887,0.5194958060982531,0.2514935002577949,-5.0830377349173625,4.682054920626031,-0.01090285196909832,-2.7011102944461385,2.058255424389967,4.59672124403308,-0.16166441482164504,-1.0110603031887686,1.4097022450217458,-3.041537328237942,-2.3210611498032656,-6.316796919322167,0.014214664848671059,-1.5160768196456778,-2.339110478200821,3.448584774052642,-0.6600879160050052,4.9011568144492355,-2.59435403734301,1.9471404342833205,2.4262971221757854,4.47890810544992,2.3597823027359612,1.4449640763108482
-2.4630725797283786,10.957494880717368,6.622372014694545,-19.869587229542958,-1.2390887446042105,0.641297202029436,-2.9452970904445976,3.077287550777985,6.456791834777561,-7.772670316535064,19.433737770820027,18.15414406626351,3.173449286582865,13.70420823495453,0.3330937952106336,-0.3131483919529903,3.0767770843294384,12.960466163788942,-2.3532312074293693,-3.440211013163946,16.954786697572942,-16.588779271020297,0.49626423057920926,6.615925481700626,-8.3429964785485,-15.07931040038623,0.4214628293767588,4.613507976453399,-5.919067029222454,10.900720827685069,7.279518223522481,21.043850434874997,0.5756875346592449,3.127343139187179,9.115601824896798,-12.173283398177487,3.124211272655533,-18.97087528077019,6.663826602603012,-6.517653953726088,-7.562346855120346,-16.376777904231897,-6.7239162500140655,-3.9436058374434464
-1.8232865793686914,6.622372014694545,4.348041585609684,-13.05442741907462,-0.7165601821395917,1.5731245719365508,-2.4011902218180934,2.7329328844363583,3.8955985014481356,-4.765213705703116,13.00824629993237,11.963834098006759,1.891930962367879,8.747852001859668,0.892550615732849,0.26689196121509234,3.2653952247286346,8.778655696534843,-1.4120545308504062,-1.5418511222401858,11.552698667185036,-11.009668976796593,0.2070121496778397,5.2373518667511885,-5.205912410049416,-10.331904885593449,0.3344037741013536,2.772889216732912,-3.666400713244243,7.180874284976946,5.085138795537763,14.316997568860248,0.19185939447325256,2.711161621651516,5.829452620847543,-8.076864376858584,1.8490987567484922,-12.125637313419448,5.142514822809918,-4.419750613127228,-5.279461857088984,-10.708812608885745,-4.933089736951791,-2.9382992235180407
5.511493696866152,-19.869587229542958,-13.05442741907462,39.39739531732437,2.1945274534096733,-4.914798218120075,7.260076937741955,-8.117242618550026,-11.98715265437034,14.388710097677357,-39.15943397158212,-35.92638788954285,-5.672904539021351,-26.420323643487972,-2.6593713693000955,-0.8544556282707103,-9.866562392656638,-26.553970218851696,4.252645626144419,4.655158106457904,-34.72368613840313,33.04859076808415,-0.5680666457217414,-15.823261046977848,15.816128667622326,31.18781827766012,-0.9281668462251449,-8.245528187833825,10.95894674597548,-21.653743069425413,-15.402637832101922,-43.21878487161214,-0.6211738500430862,-8.248074736538383,-17.377419281537126,24.32304126024775,-5.527358797903742,36.402921960608445,-15.524209814569629,13.36964675892624,16.09036424806178,32.25504100666451,14.844738939277118,8.938805730572893
0.2541170225959583,-1.2390887446042105,-0.7165601821395917,2.1945274534096733,0.15825167966548045,-0.004790594651755408,0.28118840433814857,-0.22414792480394868,-0.8167353294152007,0.8963210563818192,-2.093149713469739,-1.9496122708003025,-0.36055565406551315,-1.5486199399656726,0.04105116812911918,0.07156938355590314,-0.21809270832310296,-1.4228323177804179,0.27056373941252143,0.45307278961286884,-1.784626528419634,1.7572797366607624,-0.04885729053248124,-0.6473788649976502,0.980013046015338,1.6232440011848537,-0.01820227051228831,-0.5034891856551451,0.6436299039644289,-1.1951293674519623,-0.7894336460705939,-2.278917066955906,-0.09638130096043304,-0.2979537631048626,-0.9584511620410159,1.3204709435518065,-0.3545051311043844,2.06482187845537,-0.6580576880165817,0.7177432745715219,0.8601267636107992,1.789647181367995,0.680843794065355,0.42874992014550434
-1.3217171980906584,0.641297202029436,1.5731245719365508,-4.914798218120075,-0.004790594651755408,4.312087750471884,-2.3257482393635907,2.928491485538809,0.776132777482433,-0.7878253804575361,5.483054412024356,4.355238844131443,0.10225300580994326,2.5631752519480515,2.29990641312825,1.5813600003889612,4.983397622909982,4.170416100242551,-0.1297253562793873,1.5989859516937606,5.381716947259482,-4.15055857531303,-0.38321645263576226,4.671447167186501,-1.2538932737603907,-5.166594552035069,0.1889307061730325,0.12036665205795645,-0.5617298959515374,2.7513925470412293,2.911884920274021,6.897711118157577,-0.41564006984912194,3.106685703318913,1.3853459805721073,-3.2313286369473238,0.011113252306301008,-3.2086162706718824,4.246202164300077,-2.1474944728493486,-3.2152900787177106,-3.7633765846889484,-3.3808191061597395,-2.328273850867776
1.2742352936785473,-2.9452970904445976,-2.4011902218180934,7.260076937741955,0.28118840433814857,-2.3257482393635907,1.9267049983739613,-2.421058032507051,-1.7308049563385715,2.217166119932833,-7.535089592104233,-6.691303022266226,-0.8085264987186437,-4.532779624583312,-1.3423844066249322,-0.7483256900915894,-3.385584426626004,-5.211409927587266,0.6121652218391203,-0.050462122879351555,-6.943381761267131,6.274172962967192,0.037545857613513534,-4.029806051362938,2.549734032971762,6.282750870452516,-0.25691304447432645,-1.2082961555257876,1.7569928316612673,-4.018588425651327,-3.209667163268937,-8.580191363134409,0.12650331228283596,-2.3328775320001234,-3.036329989904654,4.589552725511878,-0.7669736522514081,6.321340146563584,-3.8258906634239493,2.6296504897373967,3.3216458957226305,5.888523011541922,3.38193714128913,2.0615981744842307
-1.5247754180822244,3.077287550777985,2.7329328844363583,-8.117242618550026,-0.22414792480394868,2.928491485538809,-2.421058032507051,3.6193332417686324,1.1175148253686351,-2.230923018460067,8.841553121485134,7.935549026430254,0.8224404481701466,4.822515639720213,2.049053145118502,1.05889644356006,4.600660867857699,5.887629469418662,-0.5975572750623086,0.4862750344730308,8.408946648751154,-7.70786642075717,0.055789614062332425,5.054503877068127,-2.46893454908512,-7.322215780387157,0.5174618904545607,1.4072212069256993,-2.0736177509553597,4.525078940563661,3.6488993110155534,9.88580032904673,-0.38214683774982605,2.8595460440419362,3.8502833164006787,-5.254189818299299,0.8343776335660236,-7.464768757960717,4.76785046328968,-2.9060340960853535,-3.385788594744486,-6.77453431189858,-4.12902948715978,-2.1919171664916526
-1.4860984376975046,6.456791834777561,3.8955985014481356,-11.98715265437034,-0.8167353294152007,0.776132777482433,-1.7308049563385715,1.1175148253686351,4.815671142053365,-4.801345049935984,11.32397212544737,10.336543973030395,1.871778254265764,8.43945981785251,-0.07355041847698575,-0.1497122660834727,1.6253181077363352,7.948794213058204,-1.450014768134064,-2.183843256410831,9.628578389769876,-9.153247883069335,0.08475750439498353,3.8774700657107783,-5.397123797703772,-9.002630185365538,-0.03417890772953873,2.4919934394387013,-3.2530279566346683,6.540008180740093,4.537467144962538,12.651423279404284,0.5513793295278271,2.0176259748496745,4.743553274692493,-7.206709274847646,1.761122764845183,-10.679654409597113,3.886618186635456,-4.071042724035439,-5.219966317238493,-9.610272238086273,-3.915811832863143,-2.7515997043951415
1.8240812808708131,-7.772670316535064,-4.765213705703116,14.388710097677357,0.8963210563818192,-0.7878253804575361,2.217166119932833,-2.230923018460067,-4.801345049935984,5.585502236040553,-14.043836188463859,-13.02492437039217,-2.2454944390586387,-9.909833117463391,-0.3252736300471049,0.11936271297532523,-2.442499682946781,-9.473501452821285,1.6842435490200867,2.3726223317868476,-12.241196676549475,11.870073591119235,-0.29235233958910845,-4.954880831028047,6.067466732541086,10.993726945277336,-0.2558090826437846,-3.2202481770265505,4.173600348472337,-7.889460682112123,-5.367608299412536,-15.335908725946382,-0.42180269163410183,-2.430717749834741,-6.410955181702759,8.797047948292843,-2.192402818105527,13.520166013937805,-4.957134630242211,4.774723721595855,5.66972040922783,11.802477256981613,4.938671269156752,2.9943969654748686
-5.608909345674562,19.433737770820027,13.00824629993237,-39.15943397158212,-2.093149713469739,5.483054412024356,-7.535089592104233,8.841553121485134,11.32397212544737,-14.043836188463859,39.26630429020529,35.99242235204744,5.530731590805103,26.030493830172002,3.193479757172568,1.1450186295126024,10.721417984546687,26.516674697367318,-4.137475142487173,-4.118210544995301,35.041891167127545,-33.2884238202111,0.5711011085698994,16.355091737851875,-15.388735258436082,-31.31934873057655,1.0842574620995247,8.147084493313102,-10.88599448291553,21.556937350050326,15.457034093564722,43.312173941217644,0.4179279221348005,8.57741350694984,17.483611594916866,-24.285252868134677,5.406710750645315,-36.29055271046499,15.987634443236775,-13.32744306771915,-15.920944244572954,-32.1551710433455,-15.140639015588103,-8.954931256897757
-5.041966300502108,18.15414406626351,11.963834098006759,-35.92638788954285,-1.9496122708003025,4.355238844131443,-6.691303022266226,7.935549026430254,10.336543973030395,-13.02492437039217,35.99242235204744,33.15771204985728,5.175986045902005,23.973146555411,2.6627169944857023,0.800331065901013,9.264715741039476,24.16434658659545,-3.852820323850828,-4.117925135758651,32.084693918647616,-30.6889823365689,0.6409763260049358,14.588868576835454,-14.175668177461382,-28.54279539877236,1.0308744421476832,7.6747776366746905,-10.176191656610538,19.772191169303817,13.99125598039031,39.49162879693745,0.42434111123671686,7.501526431075936,16.30973867711865,-22.267176458003654,5.096410525969458,-33.655045119958736,14.314991066619955,-12.120181362087099,-14.287069909793797,-29.592797128313485,-13.667833006524985,-7.942975665072194
-0.690224732739278,3.173449286582865,1.891930962367879,-5.672904539021351,-0.36055565406551315,0.10225300580994326,-0.8085264987186437,0.8224404481701466,1.871778254265764,-2.2454944390586387,5.530731590805103,5.175986045902005,0.9254108493235317,3.9282419599271803,0.04316201100401455,-0.12515411205730675,0.7900905540168165,3.678402087307247,-0.6820060598912501,-1.0305644136283416,4.80910617913818,-4.721805757595057,0.14614829017744146,1.8222148624512773,-2.3981339955903636,-4.275982245662642,0.11633650355544918,1.3373715442628602,-1.705384707292033,3.1148573396418873,2.0569440271409563,5.975689455758706,0.18073169931565047,0.8503179238286998,2.6074198432519293,-3.474057615866684,0.904879596714749,-5.432066044524121,1.850441156970939,-1.8531415982161665,-2.1451529061403,-4.674013414930687,-1.8843070383917868,-1.1102820794538897
-3.5503742593494185,13.70420823495453,8.747852001859668,-26.420323643487972,-1.5486199399656726,2.5631752519480515,-4.532779624583312,4.822515639720213,8.43945981785251,-9.909833117463391,26.030493830172002,23.973146555411,3.9282419599271803,17.93790036549691,1.2718522404611023,0.24745625115091224,5.712457256755688,17.651182182069864,-2.95523430250689,-3.6469337313284806,22.899973841862447,-21.935630955305733,0.4305109410182823,9.978490819587206,-10.862864399975289,-20.603347568138815,0.5338691523728262,5.664919355626223,-7.4530304357956405,14.500135233411974,10.14579986784793,28.63580934844001,0.580449105648872,5.096121163499845,11.643748271451056,-16.22994206921514,3.8314959646194287,-24.521587476885372,9.85417180106876,-8.895204001228706,-10.687259496566988,-21.628618243631298,-9.577407754524272,-5.817536196265788
-0.7407012053194956,0.3330937952106336,0.892550615732849,-2.6593713693000955,0.04105116812911918,2.29990641312825,-1.3423844066249322,2.049053145118502,-0.07355041847698575,-0.3252736300471049,3.193479757172568,2.6627169944857023,0.04316201100401455,1.2718522404611023,1.473665531548047,0.9019054399130098,2.9785617754710167,2.2349975079212756,-0.03594130580670739,1.0077431305138056,3.2606475996541864,-2.6872714404262994,-0.11427685165273904,2.7068210476002244,-0.4735312904527178,-2.90169906294534,0.24757927336229021,0.16603072093286253,-0.42777803914838236,1.5049950937220173,1.5457890373806784,3.8179938329617875,-0.3513125770530761,1.7037499404269245,1.0994361014670468,-1.817560605613868,0.038518841569850616,-2.0751146938695695,2.4646609422892203,-1.1086933464982336,-1.4512356851889667,-2.1684811768897942,-1.9611854842066938,-1.1112281117494092
-0.37978225029917284,-0.3131483919529903,0.26689196121509234,-0.8544556282707103,0.07156938355590314,1.5813600003889612,-0.7483256900915894,1.05889644356006,-0.1497122660834727,0.11936271297532523,1.1450186295126024,0.800331065901013,-0.12515411205730675,0.24745625115091224,0.9019054399130098,0.6278020417446729,1.7858710651969654,0.9154306418693838,0.07693905527450517,0.8108440492367783,1.2607589055685804,-0.8424869847544687,-0.14689759991355844,1.4667639568146709,-0.0034953547746677392,-1.2112391397236206,0.08552066007398913,-0.16472088775622384,0.055667879880831876,0.49287219125070864,0.724268753670907,1.561026127953421,-0.2172071940771519,1.016166819915292,0.14807973380439568,-0.6248132471362663,-0.1478072004197133,-0.33998375153724025,1.3022654132156064,-0.4692031256371638,-0.7559635472090993,-0.628943097660318,-0.9650511106397255,-0.6401234390395328
-2.0654884754934173,3.0767770843294384,3.2653952247286346,-9.866562392656638,-0.21809270832310296,4.983397622909982,-3.385584426626004,4.600660867857699,1.6253181077363352,-2.442499682946781,10.721417984546687,9.264715741039476,0.7900905540168165,5.712457256755688,2.9785617754710167,1.7858710651969654,6.691355569256532,7.497706843615798,-0.6120128344146555,1.2590860289693517,10.229119051741955,-8.879781615410092,-0.20794975161720924,6.959388020465688,-2.9498948119479644,-9.259379834100697,0.4991911981074421,1.2673648488358866,-2.0823656623495066,5.50165505542558,4.83721581658151,12.48687743762106,-0.5102305849177261,4.230045824056112,4.001963506609124,-6.388784025108178,0.7280745539360579,-8.187744321912312,6.478804468432353,-3.7748255374901545,-4.898815512694756,-7.9805041691690315,-5.456377517931383,-3.2965588378545796
-3.8562035807645887,12.960466163788942,8.778655696534843,-26.553970218851696,-1.4228323177804179,4.170416100242551,-5.211409927587266,5.887629469418662,7.948794213058204,-9.473501452821285,26.516674697367318,24.16434658659545,3.678402087307247,17.651182182069864,2.2349975079212756,0.9154306418693838,7.497706843615798,18.106298787082054,-2.776701510861724,-2.6519854714267517,23.62277447761629,-22.257705792085524,0.2772154206259742,11.280398322057415,-10.51638004088076,-21.309758319180947,0.6312528386445654,5.335909412093145,-7.189290493421433,14.599964530901401,10.611810825616688,29.471142167507335,0.3107695760006663,6.0381346602731645,11.50927808444074,-16.427922139925574,3.5670337322778503,-24.21270069254566,10.981021949149861,-9.122241032809105,-11.135080604640798,-21.67841494425276,-10.346371910880507,-6.3065220530338
0.5194958060982531,-2.3532312074293693,-1.4120545308504062,4.252645626144419,0.27056373941252143,-0.1297253562793873,0.6121652218391203,-0.5975572750623086,-1.450014768134064,1.6842435490200867,-4.137475142487173,-3.852820323850828,-0.6820060598912501,-2.95523430250689,-0.03594130580670739,0.07693905527450517,-0.6120128344146555,-2.776701510861724,0.5148593758174417,0.7657686863538997,-3.5887058598193318,3.503205844034142,-0.09701283576914216,-1.3853374097895625,1.813209133763995,3.211335103753368,-0.07342231836407391,-0.9789642486116659,1.258313074844648,-2.333175842083492,-1.561709403926007,-4.493098631516703,-0.14142600000617497,-0.6612123122340999,-1.9147528946183343,2.5965248207398357,-0.6650024327391441,4.0316449051768375,-1.3979092438560274,1.4009339883217526,1.6447004701404333,3.499937177166867,1.415980555753624,0.8557659581274961
0.2514935002577949,-3.440211013163946,-1.5418511222401858,4.655158106457904,0.45307278961286884,1.5989859516937606,-0.050462122879351555,0.4862750344730308,-2.183843256410831,2.3726223317868476,-4.118210544995301,-4.117925135758651,-1.0305644136283416,-3.6469337313284806,1.0077431305138056,0.8108440492367783,1.2590860289693517,-2.6519854714267517,0.7657686863538997,1.9607590958236178,-3.2428760911984056,3.6000801053301754,-0.28256260793735705,-0.14839290566202265,2.4504113831727383,2.858386514922011,0.03608589373888081,-1.4413752267461293,1.690389649598765,-2.512293651610206,-1.251228125936636,-4.15078255612054,-0.4512607165702181,0.279662007801527,-2.2885588606086786,2.6973183431173973,-1.037432291091487,4.8832286397064015,-0.3421039681576646,1.3243424683124336,1.364970929624111,3.89116432503115,0.7471378617970921,0.417273447451637
-5.0830377349173625,16.954786697572942,11.552698667185036,-34.72368613840313,-1.784626528419634,5.381716947259482,-6.943381761267131,8.408946648751154,9.628578389769876,-12.241196676549475,35.041891167127545,32.084693918647616,4.80910617913818,22.899973841862447,3.2606475996541864,1.2607589055685804,10.229119051741955,23.62277447761629,-3.5887058598193318,-3.2428760911984056,31.444584438017756,-29.797702057331584,0.49825160454906997,15.006990909480818,-13.411852001748183,-28.0250748987414,1.05965448257581,7.15250768006526,-9.612319891372596,19.135025520312166,13.831791608372916,38.676786632245516,0.2185735576102635,7.925853037834531,15.604106085164918,-21.608760468412882,4.71182902142495,-32.1960358790812,14.620881776250354,-11.852674482964767,-14.111753280293092,-28.557433483449557,-13.733166149040752,-8.025701682502357
4.682054920626031,-16.588779271020297,-11.009668976796593,33.04859076808415,1.7572797366607624,-4.15055857531303,6.274172962967192,-7.70786642075717,-9.153247883069335,11.870073591119235,-33.2884238202111,-30.6889823365689,-4.721805757595057,-21.935630955305733,-2.6872714404262994,-0.8424869847544687,-8.879781615410092,-22.257705792085524,3.503205844034142,3.6000801053301754,-29.797702057331584,28.55322961659787,-0.6331795999584238,-13.656686136035885,12.878001596491313,26.389256247312392,-1.0456003686257163,-7.070818671188968,9.405455387428768,-18.202297787184666,-12.897326523645878,-36.454399773879615,-0.28358195627234073,-7.011717225573996,-15.196290487040386,20.5346373609923,-4.6691765077983485,31.142500755142514,-13.384356445433689,11.129477214420357,12.983543363851364,27.309672153388682,12.713468606572047,7.24210214093326
-0.01090285196909832,0.49626423057920926,0.2070121496778397,-0.5680666457217414,-0.04885729053248124,-0.38321645263576226,0.037545857613513534,0.055789614062332425,0.08475750439498353,-0.29235233958910845,0.5711011085698994,0.6409763260049358,0.14614829017744146,0.4305109410182823,-0.11427685165273904,-0.14689759991355844,-0.20794975161720924,0.2772154206259742,-0.09701283576914216,-0.28256260793735705,0.49825160454906997,-0.6331795999584238,0.09947280771088347,-0.028426609501366856,-0.24710869119547849,-0.3357829921806761,0.0540986534945634,0.2595396235331934,-0.2963806726246435,0.30885643966925386,0.09252772784101848,0.4713914893416312,0.021194514939870658,-0.12166712652993869,0.4687312149664272,-0.3474901843375441,0.17264172401240485,-0.8095617054115168,0.004342605327364861,-0.11339543199399667,0.020619416119833117,-0.5476364016014015,-0.07611297286070608,0.07520157613425993
-2.7011102944461385,6.615925481700626,5.2373518667511885,-15.823261046977848,-0.6473788649976502,4.671447167186501,-4.029806051362938,5.054503877068127,3.8774700657107783,-4.954880831028047,16.355091737851875,14.588868576835454,1.8222148624512773,9.978490819587206,2.7068210476002244,1.4667639568146709,6.959388020465688,11.280398322057415,-1.3853374097895625,-0.14839290566202265,15.006990909480818,-13.656686136035885,-0.028426609501366856,8.49153955879332,-5.65412471046942,-13.553837071359542,0.546658405847437,2.726144529129452,-3.909734579787096,8.74625767295497,6.891154994993041,18.538824404818353,-0.21824139346152277,4.862551275235463,6.691868499989993,-9.970559647485592,1.748316306519702,-13.918656360169928,8.07291628392051,-5.678723800041919,-7.11452345044893,-12.872693578402265,-7.197941957228719,-4.361715509788674
2.058255424389967,-8.3429964785485,-5.205912410049416,15.816128667622326,0.980013046015338,-1.2538932737603907,2.549734032971762,-2.46893454908512,-5.397123797703772,6.067466732541086,-15.388735258436082,-14.175668177461382,-2.3981339955903636,-10.862864399975289,-0.4735312904527178,-0.0034953547746677392,-2.9498948119479644,-10.51638004088076,1.813209133763995,2.4504113831727383,-13.411852001748183,12.878001596491313,-0.24710869119547849,-5.65412471046942,6.696882870715539,12.171122890236331,-0.22139981506857412,-3.3934118710135524,4.446774151006115,-8.657600224943964,-6.006914693047489,-16.96051883993265,-0.45706517068465946,-2.865022693747168,-6.826536368544046,9.646320014098542,-2.3306004256877233,14.596746466832025,-5.610931015359803,5.308495468975011,6.457990524045108,12.891375352653842,5.524254991849115,3.4523548224687612
4.59672124403308,-15.07931040038623,-10.331904885593449,31.18781827766012,1.6232440011848537,-5.166594552035069,6.282750870452516,-7.322215780387157,-9.002630185365538,10.993726945277336,-31.31934873057655,-28.54279539877236,-4.275982245662642,-20.603347568138815,-2.90169906294534,-1.2112391397236206,-9.259379834100697,-21.309758319180947,3.211335103753368,2.858386514922011,-28.0250748987414,26.389256247312392,-0.3357829921806761,-13.553837071359542,12.171122890236331,25.190274460554743,-0.829735304959132,-6.25816499162273,8.455160610438746,-17.170089682381413,-12.52543384173979,-34.783369916006556,-0.2606473801894622,-7.269660450559232,-13.650693647875833,19.356725792633412,-4.152738472072424,28.51993745505336,-13.179338269513886,10.724180812141,13.018778434710187,25.509895978597388,12.346371501727468,7.426669876149941
-0.16166441482164504,0.4214628293767588,0.3344037741013536,-0.9281668462251449,-0.01820227051228831,0.1889307061730325,-0.25691304447432645,0.5174618904545607,-0.03417890772953873,-0.2558090826437846,1.0842574620995247,1.0308744421476832,0.11633650355544918,0.5338691523728262,0.24757927336229021,0.08552066007398913,0.4991911981074421,0.6312528386445654,-0.07342231836407391,0.03608589373888081,1.05965448257581,-1.0456003686257163,0.0540986534945634,0.546658405847437,-0.22139981506857412,-0.829735304959132,0.11747240765370795,0.23800782904798926,-0.31635436819892226,0.5254818596388422,0.37197113574586466,1.1150260688376878,-0.07164036514460889,0.2625907908318509,0.6024189844421706,-0.6267895880733396,0.13240853545188505,-1.0256979355260711,0.5261717829283635,-0.29985202616681067,-0.23974247312276153,-0.8331016747544417,-0.47021607177985075,-0.16012053498204465
-1.0110603031887686,4.613507976453399,2.772889216732912,-8.245528187833825,-0.5034891856551451,0.12036665205795645,-1.2082961555257876,1.4072212069256993,2.4919934394387013,-3.2202481770265505,8.147084493313102,7.6747776366746905,1.3373715442628602,5.664919355626223,0.16603072093286253,-0.16472088775622384,1.2673648488358866,5.335909412093145,-0.9789642486116659,-1.4413752267461293,7.15250768006526,-7.070818671188968,0.2595396235331934,2.726144529129452,-3.3934118710135524,-6.25816499162273,0.23800782904798926,1.9965399820667302,-2.542170306929268,4.532670762339747,2.9740448182976635,8.720559777862597,0.2039695385717235,1.2352083904835138,3.9639888589641954,-5.078830002787074,1.3351161390916917,-8.064134460105523,2.7576895456160955,-2.6682087753074306,-2.9757264730312936,-6.862011723762306,-2.7962868042029005,-1.5366885917825903
1.4097022450217458,-5.919067029222454,-3.666400713244243,10.95894674597548,0.6436299039644289,-0.5617298959515374,1.7569928316612673,-2.0736177509553597,-3.2530279566346683,4.173600348472337,-10.88599448291553,-10.176191656610538,-1.705384707292033,-7.4530304357956405,-0.42777803914838236,0.055667879880831876,-2.0823656623495066,-7.189290493421433,1.258313074844648,1.690389649598765,-9.612319891372596,9.405455387428768,-0.2963806726246435,-3.909734579787096,4.446774151006115,8.455160610438746,-0.31635436819892226,-2.542170306929268,3.2883421008510507,-6.027797740797804,-4.063192654728602,-11.748877608670924,-0.22036627226304462,-1.8631332640252956,-5.175657832731939,6.762575889839141,-1.6955539843350078,10.58007541105493,-3.910620058700171,3.595018840814246,4.0782619614210764,9.099063930571134,3.8671990837465615,2.1589612473375395
-3.041537328237942,10.900720827685069,7.180874284976946,-21.653743069425413,-1.1951293674519623,2.7513925470412293,-4.018588425651327,4.525078940563661,6.540008180740093,-7.889460682112123,21.556937350050326,19.772191169303817,3.1148573396418873,14.500135233411974,1.5049950937220173,0.49287219125070864,5.50165505542558,14.599964530901401,-2.333175842083492,-2.512293651610206,19.135025520312166,-18.202297787184666,0.30885643966925386,8.74625767295497,-8.657600224943964,-17.170089682381413,0.5254818596388422,4.532670762339747,-6.027797740797804,11.91165298920287,8.479901440135917,23.788367346846847,0.32734622472678127,4.569055154234953,9.569157450754503,-13.384380553856031,3.0275521930535354,-20.016631364910992,8.58472497028557,-7.354114171127271,-8.84040145155217,-17.737281568404867,-8.19397715073585,-4.925663023016485
-2.3210611498032656,7.279518223522481,5.085138795537763,-15.402637832101922,-0.7894336460705939,2.911884920274021,-3.209667163268937,3.6488993110155534,4.537467144962538,-5.367608299412536,15.457034093564722,13.99125598039031,2.0569440271409563,10.14579986784793,1.5457890373806784,0.724268753670907,4.83721581658151,10.611810825616688,-1.561709403926007,-1.251228125936636,13.831791608372916,-12.897326523645878,0.09252772784101848,6.891154994993041,-6.006914693047489,-12.52543384173979,0.37197113574586466,2.9740448182976635,-4.063192654728602,8.479901440135917,6.291757525764394,17.295102005745207,0.12300735756849789,3.7766281519119245,6.560654232753397,-9.556601355957943,1.9763070159670313,-13.854978617042336,6.673301471782173,-5.3607769057497325,-6.633851958436481,-12.536320948869857,-6.198759359367143,-3.827751707993518
-6.316796919322167,21.043850434874997,14.316997568860248,-43.21878487161214,-2.278917066955906,6.897711118157577,-8.580191363134409,9.88580032904673,12.651423279404284,-15.335908725946382,43.312173941217644,39.49162879693745,5.975689455758706,28.63580934844001,3.8179938329617875,1.561026127953421,12.48687743762106,29.471142167507335,-4.493098631516703,-4.15078255612054,38.676786632245516,-36.454399773879615,0.4713914893416312,18.538824404818353,-16.96051883993265,-34.783369916006556,1.1150260688376878,8.720559777862597,-11.748877608670924,23.788367346846847,17.295102005745207,48.076404026345216,0.4303891321375897,9.916079712946475,18.890327180318586,-26.798821606554426,5.796822320508188,-39.53066905605463,18.051574532978503,-14.846110579356795,-18.029385983255573,-35.337372569836504,-16.967994183691516,-10.24928973302832
0.014214664848671059,0.5756875346592449,0.19185939447325256,-0.6211738500430862,-0.09638130096043304,-0.41564006984912194,0.12650331228283596,-0.38214683774982605,0.5513793295278271,-0.42180269163410183,0.4179279221348005,0.42434111123671686,0.18073169931565047,0.580449105648872,-0.3513125770530761,-0.2172071940771519,-0.5102305849177261,0.3107695760006663,-0.14142600000617497,-0.4512607165702181,0.2185735576102635,-0.28358195627234073,0.021194514939870658,-0.21824139346152277,-0.45706517068465946,-0.2606473801894622,-0.07164036514460889,0.2039695385717235,-0.22036627226304462,0.32734622472678127,0.12300735756849789,0.4303891321375897,0.1469517025771417,-0.1690756608601592,0.19835541402816428,-0.3190747421368134,0.16458127660613023,-0.580112726192997,-0.16141280475081574,-0.17381074309414435,-0.24180470022470452,-0.4755183078310005,0.04827153148235724,-0.052199658188334726
-1.5160768196456778,3.127343139187179,2.711161621651516,-8.248074736538383,-0.2979537631048626,3.106685703318913,-2.3328775320001234,2.8595460440419362,2.0176259748496745,-2.430717749834741,8.57741350694984,7.501526431075936,0.8503179238286998,5.096121163499845,1.7037499404269245,1.016166819915292,4.230045824056112,6.0381346602731645,-0.6612123122340999,0.279662007801527,7.925853037834531,-7.011717225573996,-0.12166712652993869,4.862551275235463,-2.865022693747168,-7.269660450559232,0.2625907908318509,1.2352083904835138,-1.8631332640252956,4.569055154234953,3.7766281519119245,9.916079712946475,-0.1690756608601592,2.9095782125829035,3.2547484139303626,-5.22133054231611,0.7783179088694924,-6.926918745274803,4.5827473556793965,-3.060082369931959,-4.000974129648106,-6.629629325282392,-3.9964292772841685,-2.537498157410516
-2.339110478200821,9.115601824896798,5.829452620847543,-17.377419281537126,-0.9584511620410159,1.3853459805721073,-3.036329989904654,3.8502833164006787,4.743553274692493,-6.410955181702759,17.483611594916866,16.30973867711865,2.6074198432519293,11.643748271451056,1.0994361014670468,0.14807973380439568,4.001963506609124,11.50927808444074,-1.9147528946183343,-2.2885588606086786,15.604106085164918,-15.196290487040386,0.4687312149664272,6.691868499989993,-6.826536368544046,-13.650693647875833,0.6024189844421706,3.9639888589641954,-5.175657832731939,9.569157450754503,6.560654232753397,18.890327180318586,0.19835541402816428,3.2547484139303626,8.318923089731436,-10.789475975503372,2.617427267562798,-16.805149295556905,6.624174057593476,-5.731532234666487,-6.45026495284426,-14.473551921717133,-6.426587686757936,-3.492871142996732
3.448584774052642,-12.173283398177487,-8.076864376858584,24.32304126024775,1.3204709435518065,-3.2313286369473238,4.589552725511878,-5.254189818299299,-7.206709274847646,8.797047948292843,-24.285252868134677,-22.267176458003654,-3.474057615866684,-16.22994206921514,-1.817560605613868,-0.6248132471362663,-6.388784025108178,-16.427922139925574,2.5965248207398357,2.6973183431173973,-21.608760468412882,20.5346373609923,-0.3474901843375441,-9.970559647485592,9.646320014098542,19.356725792633412,-0.6267895880733396,-5.078830002787074,6.762575889839141,-13.384380553856031,-9.556601355957943,-26.798821606554426,-0.3190747421368134,-5.22133054231611,-10.789475975503372,15.062161173076085,-3.381390053851624,22.493028828455436,-9.769318692621713,8.27047813365922,9.921780773391845,19.93462051133412,9.299394052483551,5.558626483056173
-0.6600879160050052,3.124211272655533,1.8490987567484922,-5.527358797903742,-0.3545051311043844,0.011113252306301008,-0.7669736522514081,0.8343776335660236,1.761122764845183,-2.192402818105527,5.406710750645315,5.096410525969458,0.904879596714749,3.8314959646194287,0.038518841569850616,-0.1478072004197133,0.7280745539360579,3.5670337322778503,-0.6650024327391441,-1.037432291091487,4.71182902142495,-4.6691765077983485,0.17264172401240485,1.748316306519702,-2.3306004256877233,-4.152738472072424,0.13240853545188505,1.3351161390916917,-1.6955539843350078,3.0275521930535354,1.9763070159670313,5.796822320508188,0.16458127660613023,0.7783179088694924,2.617427267562798,-3.381390053851624,0.9075610533760522,-5.3810065517694206,1.7713546627629502,-1.783353497390784,-2.0133155856497655,-4.582783166126085,-1.8187513897831544,-1.0197530595677302
4.9011568144492355,-18.97087528077019,-12.125637313419448,36.402921960608445,2.06482187845537,-3.2086162706718824,6.321340146563584,-7.464768757960717,-10.679654409597113,13.520166013937805,-36.29055271046499,-33.655045119958736,-5.432066044524121,-24.521587476885372,-2.0751146938695695,-0.33998375153724025,-8.187744321912312,-24.21270069254566,4.0316449051768375,4.8832286397064015,-32.1960358790812,31.142500755142514,-0.8095617054115168,-13.918656360169928,14.596746466832025,28.51993745505336,-1.0256979355260711,-8.064134460105523,10.58007541105493,-20.016631364910992,-13.854978617042336,-39.53066905605463,-0.580112726192997,-6.926918745274803,-16.805149295556905,22.493028828455436,-5.3810065517694206,34.5808936228165,-13.764876359558658,12.113361990389956,14.041796305739672,30.09473546932863,13.34583618854901,7.618209425891955
-2.59435403734301,6.663826602603012,5.142514822809918,-15.524209814569629,-0.6580576880165817,4.246202164300077,-3.8258906634239493,4.76785046328968,3.886618186635456,-4.957134630242211,15.987634443236775,14.314991066619955,1.850441156970939,9.85417180106876,2.4646609422892203,1.3022654132156064,6.478804468432353,10.981021949149861,-1.3979092438560274,-0.3421039681576646,14.620881776250354,-13.384356445433689,0.004342605327364861,8.07291628392051,-5.610931015359803,-13.179338269513886,0.5261717829283635,2.7576895456160955,-3.910620058700171,8.58472497028557,6.673301471782173,18.051574532978503,-0.16141280475081574,4.5827473556793965,6.624174057593476,-9.769318692621713,1.7713546627629502,-13.764876359558658,7.712117480969614,-5.532124771216203,-6.882443444548149,-12.646748217337166,-6.91837418647315,-4.178895687204323
1.9471404342833205,-6.517653953726088,-4.419750613127228,13.36964675892624,0.7177432745715219,-2.1474944728493486,2.6296504897373967,-2.9060340960853535,-4.071042724035439,4.774723721595855,-13.32744306771915,-12.120181362087099,-1.8531415982161665,-8.895204001228706,-1.1086933464982336,-0.4692031256371638,-3.7748255374901545,-9.122241032809105,1.4009339883217526,1.3243424683124336,-11.852674482964767,11.129477214420357,-0.11339543199399667,-5.678723800041919,5.308495468975011,10.724180812141,-0.29985202616681067,-2.6682087753074306,3.595018840814246,-7.354114171127271,-5.3607769057497325,-14.846110579356795,-0.17381074309414435,-3.060082369931959,-5.731532234666487,8.27047813365922,-1.783353497390784,12.113361990389956,-5.532124771216203,4.613253093761515,5.67614994460377,10.885139475900946,5.210852547220804,3.224851754448828
2.4262971221757854,-7.562346855120346,-5.279461857088984,16.09036424806178,0.8601267636107992,-3.2152900787177106,3.3216458957226305,-3.385788594744486,-5.219966317238493,5.66972040922783,-15.920944244572954,-14.287069909793797,-2.1451529061403,-10.687259496566988,-1.4512356851889667,-0.7559635472090993,-4.898815512694756,-11.135080604640798,1.6447004701404333,1.364970929624111,-14.111753280293092,12.983543363851364,0.020619416119833117,-7.11452345044893,6.457990524045108,13.018778434710187,-0.23974247312276153,-2.9757264730312936,4.0782619614210764,-8.84040145155217,-6.633851958436481,-18.029385983255573,-0.24180470022470452,-4.000974129648106,-6.45026495284426,9.921780773391845,-2.0133155856497655,14.041796305739672,-6.882443444548149,5.67614994460377,7.301131552096171,12.924616592422625,6.408404078174151,4.221038728433366
4.47890810544992,-16.376777904231897,-10.708812608885745,32.25504100666451,1.789647181367995,-3.7633765846889484,5.888523011541922,-6.77453431189858,-9.610272238086273,11.802477256981613,-32.1551710433455,-29.592797128313485,-4.674013414930687,-21.628618243631298,-2.1684811768897942,-0.628943097660318,-7.9805041691690315,-21.67841494425276,3.499937177166867,3.89116432503115,-28.557433483449557,27.309672153388682,-0.5476364016014015,-12.872693578402265,12.891375352653842,25.509895978597388,-0.8331016747544417,-6.862011723762306,9.099063930571134,-17.737281568404867,-12.536320948869857,-35.337372569836504,-0.4755183078310005,-6.629629325282392,-14.473551921717133,19.93462051133412,-4.582783166126085,30.09473546932863,-12.646748217337166,10.885139475900946,12.924616592422625,26.519580634244445,12.11536031146452,7.146205160869976
2.3597823027359612,-6.7239162500140655,-4.933089736951791,14.844738939277118,0.680843794065355,-3.3808191061597395,3.38193714128913,-4.12902948715978,-3.915811832863143,4.938671269156752,-15.140639015588103,-13.667833006524985,-1.8843070383917868,-9.577407754524272,-1.9611854842066938,-0.9650511106397255,-5.456377517931383,-10.346371910880507,1.415980555753624,0.7471378617970921,-13.733166149040752,12.713468606572047,-0.07611297286070608,-7.197941957228719,5.524254991849115,12.346371501727468,-0.47021607177985075,-2.7962868042029005,3.8671990837465615,-8.19397715073585,-6.198759359367143,-16.967994183691516,0.04827153148235724,-3.9964292772841685,-6.426587686757936,9.299394052483551,-1.8187513897831544,13.34583618854901,-6.91837418647315,5.210852547220804,6.408404078174151,12.11536031146452,6.325861687346359,3.8072896980766777
1.4449640763108482,-3.9436058374434464,-2.9382992235180407,8.938805730572893,0.42874992014550434,-2.328273850867776,2.0615981744842307,-2.1919171664916526,-2.7515997043951415,2.9943969654748686,-8.954931256897757,-7.942975665072194,-1.1102820794538897,-5.817536196265788,-1.1112281117494092,-0.6401234390395328,-3.2965588378545796,-6.3065220530338,0.8557659581274961,0.417273447451637,-8.025701682502357,7.24210214093326,0.07520157613425993,-4.361715509788674,3.4523548224687612,7.426669876149941,-0.16012053498204465,-1.5366885917825903,2.1589612473375395,-4.925663023016485,-3.827751707993518,-10.24928973302832,-0.052199658188334726,-2.537498157410516,-3.492871142996732,5.558626483056173,-1.0197530595677302,7.618209425891955,-4.178895687204323,3.224851754448828,4.221038728433366,7.146205160869976,3.8072896980766777,2.53230683856619
