V1,V2,V3,V4,V5,V6,V7,V8,V9,V10,V11,V12,V13,V14,V15,V16,V17,V18,V19,V20,V21,V22,V23,V24,V25,V26,V27,V28,V29,V30,V31,V32,V33,V34,V35,V36,V37,V38,V39,V40,V41,V42,V43,V44
2.7843838222304758,-15.320376177358659,-12.644825634995899,-1.0680289743798157,-4.7884613284455995,2.2256787689794386,2.5631726863452307,3.403486183345876,11.144367916156632,-1.292958993419647,-3.997536587830033,-7.1299947292228305,-7.781915030546736,2.9237527978795512,-1.0611880767608146,4.699388017885509,-3.239718286646436,8.459743962540164,0.7853277169108611,-9.771946538733705,-3.707707963992921,-10.056159887306384,3.5966936857160947,0.04288290029384121,-14.0360224205977,-2.3640396847095824,-5.958001392871224,-12.597056014434358,4.358277632868615,-3.882195775636579,1.879983698549337,-2.2489689508330626,-0.4707592907301469,-1.3830396990192377,-4.564802088325605,8.870298806465357,-3.6484481980916312,-9.97997738921056,-3.766227077635303,4.370440058687795,10.445653513913738,-8.369155186152827,11.60277567588035,15.694409815779062
-15.320376177358659,93.52391808625683,75.36132699708969,5.928764907106805,27.621326966611743,-16.854801433721253,-13.928528406848077,-22.55637486927922,-65.22515184668973,6.535335894557657,24.506139737367477,43.827891834714684,46.818347362166314,-16.120559398791244,3.680402996517371,-28.516769840647715,15.299466689784861,-50.84614830282955,-4.897459079272671,56.61097220897855,21.893693825121293,59.64955132474854,-21.03198847977449,-3.1734290538243024,83.59451321305846,15.096335841939993,35.77785691507682,76.41134513003433,-26.73654406343299,23.331342383450483,-12.226294756634632,12.277946094532362,2.9030556494578277,5.788731010172704,28.28410702378582,-53.36331667370889,22.48303553236718,57.92507429810747,20.27177118772772,-25.99041215378039,-61.44313470703358,49.24675339013488,-67.58183945632558,-92.4837989184122
-12.644825634995899,75.36132699708969,61.23266541071278,5.034942716305101,22.608707399825917,-12.637879030712858,-11.75621124001215,-17.687938685427746,-53.30127065230218,5.653124091774864,19.789727463020967,35.37730188800955,37.86089070283893,-13.500624727018206,3.6126140709931516,-22.91033885752907,13.491191246782666,-41.23981558307321,-3.8850362367805764,46.5881613380873,17.979849158459484,48.60498489952386,-17.242466258374577,-1.7690687895627595,68.16978455812048,11.98063322213358,29.064927084690407,61.81956737247053,-21.41492418346657,18.933619005010243,-9.688966559402877,10.174324694893842,2.21923291579781,5.4021727756111435,22.646005458659552,-43.260828235675504,18.02659799017171,47.54410940522509,17.181560377272042,-21.108833297410772,-50.195753047671566,40.23442194863121,-55.281564760530884,-75.37511237163267
-1.0680289743798157,5.928764907106805,5.034942716305101,0.6465505475933997,1.9042708532251855,-0.5144851982939603,-1.1877454176202524,-1.1896439117152515,-4.637985416154576,0.6319308634511357,1.651700759635659,2.941457000087845,3.048282401912244,-1.3554328573096177,0.5333323006363445,-1.6203132931538597,1.6325414400181615,-3.4334370335821736,-0.20394363440561222,4.303175481652333,1.5489976215288621,4.1579876629716725,-1.5085629741964464,0.20484911939361433,5.985077278557891,0.8611653319811842,2.4384668399766207,5.080057774553882,-1.596770106169513,1.599129375208303,-0.783004116850418,0.8795804293709844,0.06398237315352669,0.7312026063915075,1.7530638781174002,-3.5814625927704107,1.3713517775353838,4.2947586664126405,1.7381654376251883,-1.7681380158218245,-4.271213768008045,3.518786971498162,-4.791037869376415,-6.404539241704397
-4.7884613284455995,27.621326966611743,22.608707399825917,1.9042708532251855,8.52694183026806,-4.330669521381017,-4.440884235999099,-6.324292492809355,-19.73238584110961,2.1116645181566893,7.11037815719258,12.93247878503563,14.024759207055448,-5.052198878080524,1.5507065826657742,-8.530363619800376,5.388240122609119,-15.248205718200952,-1.4057794921548326,17.251642954201515,6.71386699671412,17.996395852340875,-6.346157189622592,-0.4495694918966505,25.133990436991635,4.1899635186504,10.543796013302556,22.650217157025335,-7.8907838398277566,7.05385031875602,-3.4968363565042244,3.824377629836862,0.8756055641680364,2.335614809107313,8.210699127462137,-15.932804587045936,6.548528905865413,17.654952735002635,6.69937917526391,-7.721520545779122,-18.605135778112157,14.869656202234808,-20.640665445523773,-27.983377837720134
2.2256787689794386,-16.854801433721253,-12.637879030712858,-0.5144851982939603,-4.330669521381017,5.042858642440843,1.4597192530613565,4.998010397939386,10.141713186123162,-0.32720462716040916,-4.137825544881118,-7.596494742489203,-8.143883280566632,1.893170323035622,0.6111673593526995,5.571867769889871,-0.22563140536124404,8.59507918183599,1.1532959451512506,-7.965671026346967,-3.2309373625612823,-9.623439181013847,3.228137680876402,2.0643782941464037,-13.14260680141548,-3.1300170519918864,-5.935996894857047,-13.229612246643988,5.001670059192623,-3.9534770489413793,2.4071312062783674,-1.5999861867369751,-0.8322561685797486,0.33311619511204277,-5.309798234917483,8.963887785432625,-4.235025347728866,-8.489240073572317,-1.9275503519624893,4.25265797361077,9.647580979137725,-7.7167688211036936,10.353684854155617,14.702322626120925
2.5631726863452307,-13.928528406848077,-11.75621124001215,-1.1877454176202524,-4.440884235999099,1.4597192530613565,2.681621946473815,2.8483500448756147,10.562154719184571,-1.429362087273981,-3.787077391155548,-6.687505382813922,-7.091719112162837,2.9667650064147915,-1.2334210996552983,4.048428568051313,-3.5499366039039297,7.855822901649187,0.6078892072333153,-9.602468144872425,-3.6029358863238437,-9.480182381898759,3.4793400724400056,-0.3782566155285924,-13.45844398263888,-2.0631888690336835,-5.643893393600577,-11.721403593224554,3.818368637996729,-3.6198409027186083,1.701717979040122,-2.1285982364098643,-0.2462206844076791,-1.5673475865081212,-4.101358728331455,8.261734206325624,-3.2601859240913793,-9.638311521621766,-3.8911159270966422,4.090166279686825,9.915637382630356,-7.970461484949946,10.954465199833285,14.732536527924706
3.403486183345876,-22.55637486927922,-17.687938685427746,-1.1896439117152515,-6.324292492809355,4.998010397939386,2.8483500448756147,5.942137105369478,15.02358595485202,-1.2136890150350526,-5.85806857603068,-10.500992917729432,-11.146342617806722,3.398782409089597,-0.26657048736481376,6.943639715984934,-2.544759372931942,12.004663401242702,1.237853393302282,-12.70020797252704,-4.933093233765419,-13.868411138259038,4.799342627775281,1.5371435453096165,-19.376968773911337,-3.8563168404778327,-8.412261266588649,-18.19189723293586,6.572099636842755,-5.480060934343381,3.1155794402735735,-2.675531352620603,-0.8223241627553641,-0.6357690848604107,-6.969583569033548,12.600583063168239,-5.520625265013462,-13.135175356131178,-4.044441421354728,6.112842686871149,14.147603874868224,-11.364919054279028,15.489927611927351,21.47280319553617
11.144367916156632,-65.22515184668973,-53.30127065230218,-4.637985416154576,-19.73238584110961,10.141713186123162,10.562154719184571,15.02358595485202,47.10172367639602,-5.339923499298359,-17.488509354679,-30.82881523972638,-32.79665436077185,12.124270867146462,-3.6415275706505192,19.31288015432129,-12.749981958537958,35.90044260511878,3.2164203683415358,-41.5081618217404,-15.79071753241138,-42.4665594199011,15.127936644629935,1.0030165392750356,-60.054555788593845,-10.516715194487837,-25.52769889539673,-53.65294997217698,18.43959878535581,-16.290581683955903,8.301010814998065,-9.09735590156362,-1.7837943027101602,-4.951135893226425,-19.750797494488392,37.79714318488636,-15.616817499068189,-42.12663040788317,-15.331863429834252,18.65405078269637,43.839183490838366,-35.490768055782254,48.67996825132961,66.1353095282509
-1.292958993419647,6.535335894557657,5.653124091774864,0.6319308634511357,2.1116645181566893,-0.32720462716040916,-1.429362087273981,-1.2136890150350526,-5.339923499298359,0.9986619666898248,1.978444598359075,3.190837466315649,3.3118879739532234,-1.5989968103346726,0.8658505739171437,-1.6512169819307578,2.153896744207929,-3.7451484056276096,-0.22065543166781748,5.052481119848738,1.7917221133636854,4.648092390664236,-1.7530462444140773,0.4274422882398056,6.729660508790766,1.088678310168779,2.895441048577553,5.587825749849335,-1.778042210654173,1.5769544335363206,-0.7646704137413461,1.1323543275217183,3.526749620039533e-4,0.8021753216303994,1.9458389985299254,-4.007012512973828,1.539593416413647,4.983064803987702,1.9854278735350817,-2.100872644801264,-4.91789490910566,4.011007233965242,-5.436294391390257,-7.308603807683768
-3.997536587830033,24.506139737367477,19.789727463020967,1.651700759635659,7.11037815719258,-4.137825544881118,-3.787077391155548,-5.85806857603068,-17.488509354679,1.978444598359075,6.837780249019707,11.693886612201107,12.163143229780381,-4.394313549694058,1.108554131571253,-6.982372048823502,4.348698428413986,-13.30368656683781,-1.1747392581329406,15.465541709137547,5.800176415267146,15.716727792730195,-5.627737450107521,-0.6486562766380337,22.441840202117767,4.155123491900755,9.725025005824996,20.17246522000763,-6.935541402773292,5.981742709551743,-3.2309447855859776,3.3638625768521924,0.5813916675168987,1.3848717443176326,7.564267669650612,-14.162002115267489,5.940467989855396,15.600181010594072,5.275487828074349,-7.07663279683842,-16.242701136793624,13.1662516811356,-17.916569801746217,-24.53196220761803
-7.1299947292228305,43.827891834714684,35.37730188800955,2.941457000087845,12.93247878503563,-7.596494742489203,-6.687505382813922,-10.500992917729432,-30.82881523972638,3.190837466315649,11.693886612201107,20.855263524265787,21.977899092412652,-7.676824582270384,1.8111323520460079,-13.058488862867215,7.508720571131408,-23.916170312021297,-2.118452188349604,27.04522436541144,10.318181036105294,28.136187452323597,-9.941972060980394,-1.351390693201504,39.70783003790901,6.9545721868905686,16.87438282129293,36.039636998246166,-12.493392738891606,11.060864602945243,-5.8686690218909865,5.796912322898576,1.2210971539022417,2.7451981396371923,13.317630046353933,-25.180995379960198,10.512229475026334,27.5269314389835,9.670752073498265,-12.279508165627828,-29.004807176108624,23.265527022295966,-31.937248755465937,-43.682935144869035
-7.781915030546736,46.818347362166314,37.86089070283893,3.048282401912244,14.024759207055448,-8.143883280566632,-7.091719112162837,-11.146342617806722,-32.79665436077185,3.3118879739532234,12.163143229780381,21.977899092412652,23.621496605909883,-8.169205955671716,2.0330486446718843,-14.36518773621763,8.093577367267102,-25.580010601299787,-2.3722683178957897,28.54289666905489,11.042201965476126,30.077311780826378,-10.556433376860953,-1.4199882097620486,42.034314667118615,7.271644428180852,17.802416805144066,38.339849813644626,-13.446726903879874,11.857676814173502,-6.165505393375418,6.227506615877903,1.460839423372602,3.2204137398484907,14.051874359305998,-26.802809228699896,11.182631452694684,29.250516837881076,10.519736392189683,-12.980579330838106,-31.014797922996415,24.744970136415958,-34.186342538926084,-46.69012013863412
2.9237527978795512,-16.120559398791244,-13.500624727018206,-1.3554328573096177,-5.052198878080524,1.893170323035622,2.9667650064147915,3.398782409089597,12.124270867146462,-1.5989968103346726,-4.394313549694058,-7.676824582270384,-8.169205955671716,3.3805144911546616,-1.305360153490112,4.674400602196425,-3.8786446691140255,9.050747956258295,0.7310612545357033,-10.950524374332435,-4.07267822288687,-10.885805584659654,3.9705571108491426,-0.2846135367507946,-15.426455731114958,-2.504080954946878,-6.53465500579202,-13.501027826406444,4.448046450632422,-4.119636336228362,1.9887144565987938,-2.415817320673182,-0.30961421369238346,-1.6705082563010012,-4.777841368022723,9.502535231661794,-3.803592089595614,-11.024776065244959,-4.28069751755216,4.726815653912811,11.3128786581676,-9.152926470122209,12.514444265331457,16.879387261772724
-1.0611880767608146,3.680402996517371,3.6126140709931516,0.5333323006363445,1.5507065826657742,0.6111673593526995,-1.2334210996552983,-0.26657048736481376,-3.6415275706505192,0.8658505739171437,1.108554131571253,1.8111323520460079,2.0330486446718843,-1.305360153490112,1.1264159232639415,-0.9382116619638018,2.2535888963264465,-2.2979535566219735,-0.0566065853526659,3.6023401621763504,1.2036024663635296,3.0503483919393566,-1.2240642765245568,0.9200805277304069,4.373829279190446,0.38428286655551214,1.7683456304816498,3.3435765079041597,-0.9362093259309024,1.0375977393107827,-0.322590381641968,0.9411718740709982,-0.049933503908755124,1.0859310603457863,0.9743811564879931,-2.459607223845296,0.7949210907314533,3.539601508561946,1.7969599314098248,-1.3144694146332598,-3.360530206772942,2.6883285019945986,-3.819154049202665,-4.919735287319544
4.699388017885509,-28.516769840647715,-22.91033885752907,-1.6203132931538597,-8.530363619800376,5.571867769889871,4.048428568051313,6.943639715984934,19.31288015432129,-1.6512169819307578,-6.982372048823502,-13.058488862867215,-14.36518773621763,4.674400602196425,-0.9382116619638018,9.348352444081623,-4.1139762267207685,15.43944426127252,1.6863448719421639,-16.35530583090268,-6.567057117828289,-17.990648065566525,6.272564717470111,1.1768177695351965,-24.660675823112243,-4.406143104073951,-10.513573742083464,-23.096463868069964,8.216827340793955,-7.249726817820944,3.6520097008349346,-3.584894041700674,-1.1072702937631358,-1.8866120494049934,-8.435347287892505,16.0030712268865,-6.814384240643568,-17.010056427923928,-6.104552061568733,7.589946754599113,18.51310711104917,-14.61695390965389,20.21443436588963,27.686475938434654
-3.239718286646436,15.299466689784861,13.491191246782666,1.6325414400181615,5.388240122609119,-0.22563140536124404,-3.5499366039039297,-2.544759372931942,-12.749981958537958,2.153896744207929,4.348698428413986,7.508720571131408,8.093577367267102,-3.8786446691140255,2.2535888963264465,-4.1139762267207685,5.822543520248565,-9.036264168637318,-0.4301203303699387,12.072206631141684,4.474126982945326,11.178213608592111,-4.094570421608247,1.301719490775683,16.06258001186061,1.9285970291038639,6.433737656398363,13.109929790182314,-4.248099988857021,4.1021949460611395,-1.7606262058749031,2.843012055863638,0.13355868597015622,2.664439175268881,4.378244438315373,-9.575565346535198,3.4519081419061077,11.967497612693068,5.509803139097914,-4.8321566688943784,-11.837688718942529,9.51678634495458,-13.48520972667147,-17.758974855936295
8.459743962540164,-50.84614830282955,-41.23981558307321,-3.4334370335821736,-15.248205718200952,8.59507918183599,7.855822901649187,12.004663401242702,35.90044260511878,-3.7451484056276096,-13.30368656683781,-23.916170312021297,-25.580010601299787,9.050747956258295,-2.2979535566219735,15.43944426127252,-9.036264168637318,27.90214009286523,2.5841958458171024,-31.387339101673447,-12.150908309505525,-32.80660681435649,11.556955426599481,1.360087671389827,-46.023933856893755,-8.042808680621793,-19.50147628910416,-41.66121797754719,14.507591982286563,-12.801717582913128,6.587361714875176,-6.776749844598355,-1.5253033512355503,-3.6212930257757336,-15.287141524276628,29.203028617156953,-12.14384403862448,-32.045091011502144,-11.622118042500132,14.20105366361137,33.78577795489094,-27.113496097775343,37.30280887521739,50.8382692116136
0.7853277169108611,-4.897459079272671,-3.8850362367805764,-0.20394363440561222,-1.4057794921548326,1.1532959451512506,0.6078892072333153,1.237853393302282,3.2164203683415358,-0.22065543166781748,-1.1747392581329406,-2.118452188349604,-2.3722683178957897,0.7310612545357033,-0.0566065853526659,1.6863448719421639,-0.4301203303699387,2.5841958458171024,0.439284496808374,-2.5746155218330142,-1.1575848285073125,-2.927756806252603,1.0251022334645499,0.2752470404055132,-4.0006707516825335,-0.9549438221464658,-1.8173944964665303,-3.8047649057360404,1.3669682593892962,-1.1150690022097722,0.48300247153236237,-0.567976082385333,-0.2515382624321351,-0.2570817915326948,-1.4793375404937965,2.677804096035067,-1.205885254581312,-2.680466297683238,-0.8957075296440058,1.2938652867470193,2.970671933693226,-2.439443534332137,3.265630696301659,4.451913158626351
-9.771946538733705,56.61097220897855,46.5881613380873,4.303175481652333,17.251642954201515,-7.965671026346967,-9.602468144872425,-12.70020797252704,-41.5081618217404,5.052481119848738,15.465541709137547,27.04522436541144,28.54289666905489,-10.950524374332435,3.6023401621763504,-16.35530583090268,12.072206631141684,-31.387339101673447,-2.5746155218330142,37.13215349202048,13.981738587557617,37.364050297571616,-13.392725848600481,-0.31215741290483223,53.100106564544824,8.956239693458565,22.479333972470236,46.947571232479284,-15.921584375365594,14.248936969781761,-7.2569806924401545,8.101343435921324,1.280903113010343,4.717340839681265,17.07401369881307,-33.11895018603572,13.471669389969488,37.460427677105486,13.937603230211817,-16.407039362336192,-38.707823258059435,31.27634364035138,-42.92965173272428,-58.2234404838668
-3.707707963992921,21.893693825121293,17.979849158459484,1.5489976215288621,6.71386699671412,-3.2309373625612823,-3.6029358863238437,-4.933093233765419,-15.79071753241138,1.7917221133636854,5.800176415267146,10.318181036105294,11.042201965476126,-4.07267822288687,1.2036024663635296,-6.567057117828289,4.474126982945326,-12.150908309505525,-1.1575848285073125,13.981738587557617,5.715267749475725,14.310056586984054,-5.036624536451948,-0.28650452058722825,20.23455814873272,3.444473751242082,8.492512190250945,17.884275286905094,-6.200998354438791,5.4592455557114645,-2.6140659821818093,3.0394435042763495,0.6075460575742943,2.0044445497450405,6.498971233595991,-12.77262358712874,5.162036197833108,14.116032780099813,5.6111825864244445,-6.220787440851196,-14.806297148393007,11.913200242579006,-16.50351996201132,-22.262010427012914
-10.056159887306384,59.64955132474854,48.60498489952386,4.1579876629716725,17.996395852340875,-9.623439181013847,-9.480182381898759,-13.868411138259038,-42.4665594199011,4.648092390664236,15.716727792730195,28.136187452323597,30.077311780826378,-10.885805584659654,3.0503483919393566,-17.990648065566525,11.178213608592111,-32.80660681435649,-2.927756806252603,37.364050297571616,14.310056586984054,38.77972834242595,-13.745732859078455,-1.1992419224161146,54.42499818198295,9.320474167590625,23.074496511084675,49.12995482911566,-16.964617830376458,15.096331102855373,-7.76991028653017,8.109492373825672,1.6506542172078682,4.491889084630508,17.860647007105026,-34.38060067612061,14.211349844116677,38.09277664054988,13.92613060285971,-16.76539874219627,-40.0555526839628,32.07114525261279,-44.12081593362118,-60.12209657654708
3.5966936857160947,-21.03198847977449,-17.242466258374577,-1.5085629741964464,-6.346157189622592,3.228137680876402,3.4793400724400056,4.799342627775281,15.127936644629935,-1.7530462444140773,-5.627737450107521,-9.941972060980394,-10.556433376860953,3.9705571108491426,-1.2240642765245568,6.272564717470111,-4.094570421608247,11.556955426599481,1.0251022334645499,-13.392725848600481,-5.036624536451948,-13.745732859078455,4.969142253114925,0.20841775466123946,-19.352898150216582,-3.3318356580615536,-8.29676750567365,-17.438254249405137,5.893110769105284,-5.318331474104364,2.714837381099191,-2.9329963858539956,-0.5134593092855115,-1.6276740244252998,-6.299686767940264,12.145824045658212,-5.022154041930615,-13.60324478413191,-4.939945194219068,5.976908745771461,14.265443170845037,-11.43049159055838,15.614450883115408,21.28851292724294
0.04288290029384121,-3.1734290538243024,-1.7690687895627595,0.20484911939361433,-0.4495694918966505,2.0643782941464037,-0.3782566155285924,1.5371435453096165,1.0030165392750356,0.4274422882398056,-0.6486562766380337,-1.351390693201504,-1.4199882097620486,-0.2846135367507946,0.9200805277304069,1.1768177695351965,1.301719490775683,1.360087671389827,0.2752470404055132,-0.31215741290483223,-0.28650452058722825,-1.1992419224161146,0.20841775466123946,1.409464468874962,-1.5258264028999575,-0.7527097920223508,-0.7376859585929236,-2.135935619188714,1.1414698423947387,-0.5954670028883866,0.6464806200324524,0.08002675775098762,-0.33187654918100956,0.8849760650214202,-1.1449831141407922,1.392991807480148,-0.8767538728121839,-0.5548908541992993,0.5121494272961942,0.5664785494276465,0.9911241192565827,-0.7913434278343653,1.0367028370486637,1.807463316984507
-14.0360224205977,83.59451321305846,68.16978455812048,5.985077278557891,25.133990436991635,-13.14260680141548,-13.45844398263888,-19.376968773911337,-60.054555788593845,6.729660508790766,22.441840202117767,39.70783003790901,42.034314667118615,-15.426455731114958,4.373829279190446,-24.660675823112243,16.06258001186061,-46.023933856893755,-4.0006707516825335,53.100106564544824,20.23455814873272,54.42499818198295,-19.352898150216582,-1.5258264028999575,77.0177572198701,13.29885793420662,32.64577372382445,68.923663299714,-23.64730106935354,21.013521829653154,-10.860979723590225,11.478694817856558,2.1745588588952547,6.209132124585854,25.255698203089825,-48.43500550672938,19.961597786982498,53.86124378358757,19.608707651504943,-23.786322253048127,-56.18502410680338,45.3161444111791,-62.166146805288285,-84.61003494527783
-2.3640396847095824,15.096335841939993,11.98063322213358,0.8611653319811842,4.1899635186504,-3.1300170519918864,-2.0631888690336835,-3.8563168404778327,-10.516715194487837,1.088678310168779,4.155123491900755,6.9545721868905686,7.271644428180852,-2.504080954946878,0.38428286655551214,-4.406143104073951,1.9285970291038639,-8.042808680621793,-0.9549438221464658,8.956239693458565,3.444473751242082,9.320474167590625,-3.3318356580615536,-0.7527097920223508,13.29885793420662,3.0567925521515744,5.999946467739807,12.096248568988832,-4.227099645517894,3.358232683924704,-1.8199200943836855,1.8868812026104296,0.48876778609639204,0.4282495234670261,4.795477496215902,-8.51650356966588,3.771824905828929,9.0865262656964,2.694242607609262,-4.339256411902605,-9.465204916872862,7.953005740274053,-10.488890877724137,-14.431716502723402
-5.958001392871224,35.77785691507682,29.064927084690407,2.4384668399766207,10.543796013302556,-5.935996894857047,-5.643893393600577,-8.412261266588649,-25.52769889539673,2.895441048577553,9.725025005824996,16.87438282129293,17.802416805144066,-6.53465500579202,1.7683456304816498,-10.513573742083464,6.433737656398363,-19.50147628910416,-1.8173944964665303,22.479333972470236,8.492512190250945,23.074496511084675,-8.29676750567365,-0.7376859585929236,32.64577372382445,5.999946467739807,14.15548767263664,29.459144811854802,-10.06066898361043,8.792655952775602,-4.604665818975712,4.888775669317318,0.8994438498406447,2.3197508293700424,10.877514956217547,-20.59182931719137,8.631302410959414,22.79139966278059,7.916374603324734,-10.220886311969247,-23.855061732640095,19.27298441608104,-26.184420209996514,-35.80056613575716
-12.597056014434358,76.41134513003433,61.81956737247053,5.080057774553882,22.650217157025335,-13.229612246643988,-11.721403593224554,-18.19189723293586,-53.65294997217698,5.587825749849335,20.17246522000763,36.039636998246166,38.339849813644626,-13.501027826406444,3.3435765079041597,-23.096463868069964,13.109929790182314,-41.66121797754719,-3.8047649057360404,46.947571232479284,17.884275286905094,49.12995482911566,-17.438254249405137,-2.135935619188714,68.923663299714,12.096248568988832,29.459144811854802,62.887357208746586,-21.740771175554368,19.283268119569257,-10.160632407935916,10.156446669827593,2.1471519571277007,4.98169223245038,23.021693929353404,-43.75164904444519,18.30913593482297,47.946502058418275,16.880201612265644,-21.323120773948204,-50.73412937854622,40.53985798556848,-55.59006422997917,-76.10364512715209
4.358277632868615,-26.73654406343299,-21.41492418346657,-1.596770106169513,-7.8907838398277566,5.001670059192623,3.818368637996729,6.572099636842755,18.43959878535581,-1.778042210654173,-6.935541402773292,-12.493392738891606,-13.446726903879874,4.448046450632422,-0.9362093259309024,8.216827340793955,-4.248099988857021,14.507591982286563,1.3669682593892962,-15.921584375365594,-6.200998354438791,-16.964617830376458,5.893110769105284,1.1414698423947387,-23.64730106935354,-4.227099645517894,-10.06066898361043,-21.740771175554368,7.805077368229667,-6.677487578444297,3.5670955726854343,-3.491849927933034,-0.9020460956263735,-1.5442138277118151,-8.078460916983206,15.210954716626354,-6.42489665131509,-16.37362132292857,-5.710414376984342,7.3721013639652035,17.466177953879836,-13.893918878151311,19.25586496600383,26.39212924647867
-3.882195775636579,23.331342383450483,18.933619005010243,1.599129375208303,7.05385031875602,-3.9534770489413793,-3.6198409027186083,-5.480060934343381,-16.290581683955903,1.5769544335363206,5.981742709551743,11.060864602945243,11.857676814173502,-4.119636336228362,1.0375977393107827,-7.249726817820944,4.1021949460611395,-12.801717582913128,-1.1150690022097722,14.248936969781761,5.4592455557114645,15.096331102855373,-5.318331474104364,-0.5954670028883866,21.013521829653154,3.358232683924704,8.792655952775602,19.283268119569257,-6.677487578444297,6.155051932824627,-3.171532394686843,3.097571922361069,0.7024579105692387,1.773662481685759,6.922319282281794,-13.362852221936699,5.520965085206361,14.624153503217029,5.385052618761298,-6.3740629503472785,-15.606105775221085,12.305716212962926,-17.091231383559645,-23.33331964413233
1.879983698549337,-12.226294756634632,-9.688966559402877,-0.783004116850418,-3.4968363565042244,2.4071312062783674,1.701717979040122,3.1155794402735735,8.301010814998065,-0.7646704137413461,-3.2309447855859776,-5.8686690218909865,-6.165505393375418,1.9887144565987938,-0.322590381641968,3.6520097008349346,-1.7606262058749031,6.587361714875176,0.48300247153236237,-7.2569806924401545,-2.6140659821818093,-7.76991028653017,2.714837381099191,0.6464806200324524,-10.860979723590225,-1.8199200943836855,-4.604665818975712,-10.160632407935916,3.5670955726854343,-3.171532394686843,1.8956324041593393,-1.5164053858743831,-0.32197967622562723,-0.47538909371395754,-3.7098909121278383,6.925958226866281,-2.938639203430333,-7.496211355274183,-2.382994735377632,3.3267102509269106,8.005161596181086,-6.285022368005717,8.655410812529544,12.046514403556365
-2.2489689508330626,12.277946094532362,10.174324694893842,0.8795804293709844,3.824377629836862,-1.5999861867369751,-2.1285982364098643,-2.675531352620603,-9.09735590156362,1.1323543275217183,3.3638625768521924,5.796912322898576,6.227506615877903,-2.415817320673182,0.9411718740709982,-3.584894041700674,2.843012055863638,-6.776749844598355,-0.567976082385333,8.101343435921324,3.0394435042763495,8.109492373825672,-2.9329963858539956,0.08002675775098762,11.478694817856558,1.8868812026104296,4.888775669317318,10.156446669827593,-3.491849927933034,3.097571922361069,-1.5164053858743831,1.920924695447936,0.3146450343592874,1.13779535113302,3.690370492139187,-7.204450596678327,2.9288631107783103,8.188843501543413,3.1014421111260924,-3.6053513101141776,-8.490135043703363,6.798156141903161,-9.465468466173034,-12.786633522725001
-0.4707592907301469,2.9030556494578277,2.21923291579781,0.06398237315352669,0.8756055641680364,-0.8322561685797486,-0.2462206844076791,-0.8223241627553641,-1.7837943027101602,3.526749620039533e-4,0.5813916675168987,1.2210971539022417,1.460839423372602,-0.30961421369238346,-0.049933503908755124,-1.1072702937631358,0.13355868597015622,-1.5253033512355503,-0.2515382624321351,1.280903113010343,0.6075460575742943,1.6506542172078682,-0.5134593092855115,-0.33187654918100956,2.1745588588952547,0.48876778609639204,0.8994438498406447,2.1471519571277007,-0.9020460956263735,0.7024579105692387,-0.32197967622562723,0.3146450343592874,0.25765912185217466,0.09691551195172338,0.8957182913253064,-1.5419544919417794,0.7188501599227602,1.4283468827421344,0.46976451359204324,-0.7000526709631341,-1.6299022234657707,1.326254114760702,-1.9088074903804948,-2.583517402600781
-1.3830396990192377,5.788731010172704,5.4021727756111435,0.7312026063915075,2.335614809107313,0.33311619511204277,-1.5673475865081212,-0.6357690848604107,-4.951135893226425,0.8021753216303994,1.3848717443176326,2.7451981396371923,3.2204137398484907,-1.6705082563010012,1.0859310603457863,-1.8866120494049934,2.664439175268881,-3.6212930257757336,-0.2570817915326948,4.717340839681265,2.0044445497450405,4.491889084630508,-1.6276740244252998,0.8849760650214202,6.209132124585854,0.4282495234670261,2.3197508293700424,4.98169223245038,-1.5442138277118151,1.773662481685759,-0.47538909371395754,1.13779535113302,0.09691551195172338,1.7413339081048818,1.401975157920244,-3.6909005594044095,1.1805327882887429,4.707772089740816,2.7618781689163745,-1.7064812981467192,-4.794502302248481,3.7121163514554842,-5.464150396989057,-6.960435830954862
-4.564802088325605,28.28410702378582,22.646005458659552,1.7530638781174002,8.210699127462137,-5.309798234917483,-4.101358728331455,-6.969583569033548,-19.750797494488392,1.9458389985299254,7.564267669650612,13.317630046353933,14.051874359305998,-4.777841368022723,0.9743811564879931,-8.435347287892505,4.378244438315373,-15.287141524276628,-1.4793375404937965,17.07401369881307,6.498971233595991,17.860647007105026,-6.299686767940264,-1.1449831141407922,25.255698203089825,4.795477496215902,10.877514956217547,23.021693929353404,-8.078460916983206,6.922319282281794,-3.7098909121278383,3.690370492139187,0.8957182913253064,1.401975157920244,8.755356278000587,-16.130984882406665,6.8818343368494395,17.409271001706845,5.786476414922718,-7.956840854765928,-18.31647208894221,14.884987268176031,-20.289594082344667,-27.80074268944512
8.870298806465357,-53.36331667370889,-43.260828235675504,-3.5814625927704107,-15.932804587045936,8.963887785432625,8.261734206325624,12.600583063168239,37.79714318488636,-4.007012512973828,-14.162002115267489,-25.180995379960198,-26.802809228699896,9.502535231661794,-2.459607223845296,16.0030712268865,-9.575565346535198,29.203028617156953,2.677804096035067,-33.11895018603572,-12.77262358712874,-34.38060067612061,12.145824045658212,1.392991807480148,-48.43500550672938,-8.51650356966588,-20.59182931719137,-43.75164904444519,15.210954716626354,-13.362852221936699,6.925958226866281,-7.204450596678327,-1.5419544919417794,-3.6909005594044095,-16.130984882406665,30.719512010839434,-12.776232374513869,-33.72053277541191,-12.119911603177885,15.021978912481435,35.467492997079475,-28.50378588271533,39.20508540993648,53.45483555008374
-3.6484481980916312,22.48303553236718,18.02659799017171,1.3713517775353838,6.548528905865413,-4.235025347728866,-3.2601859240913793,-5.520625265013462,-15.616817499068189,1.539593416413647,5.940467989855396,10.512229475026334,11.182631452694684,-3.803592089595614,0.7949210907314533,-6.814384240643568,3.4519081419061077,-12.14384403862448,-1.205885254581312,13.471669389969488,5.162036197833108,14.211349844116677,-5.022154041930615,-0.8767538728121839,19.961597786982498,3.771824905828929,8.631302410959414,18.30913593482297,-6.42489665131509,5.520965085206361,-2.938639203430333,2.9288631107783103,0.7188501599227602,1.1805327882887429,6.8818343368494395,-12.776232374513869,5.456702194404245,13.787917916755227,4.624253524040209,-6.271571346803041,-14.60873223135029,11.78311137482281,-16.07764935127916,-22.054135599047704
-9.97997738921056,57.92507429810747,47.54410940522509,4.2947586664126405,17.654952735002635,-8.489240073572317,-9.638311521621766,-13.135175356131178,-42.12663040788317,4.983064803987702,15.600181010594072,27.5269314389835,29.250516837881076,-11.024776065244959,3.539601508561946,-17.010056427923928,11.967497612693068,-32.045091011502144,-2.680466297683238,37.460427677105486,14.116032780099813,38.09277664054988,-13.60324478413191,-0.5548908541992993,53.86124378358757,9.0865262656964,22.79139966278059,47.946502058418275,-16.37362132292857,14.624153503217029,-7.496211355274183,8.188843501543413,1.4283468827421344,4.707772089740816,17.409271001706845,-33.72053277541191,13.787917916755227,37.98044189945983,14.037766662079376,-16.618905620845606,-39.43249700572486,31.754412889184998,-43.6547689325097,-59.30462774188609
-3.766227077635303,20.27177118772772,17.181560377272042,1.7381654376251883,6.69937917526391,-1.9275503519624893,-3.8911159270966422,-4.044441421354728,-15.331863429834252,1.9854278735350817,5.275487828074349,9.670752073498265,10.519736392189683,-4.28069751755216,1.7969599314098248,-6.104552061568733,5.509803139097914,-11.622118042500132,-0.8957075296440058,13.937603230211817,5.6111825864244445,13.92613060285971,-4.939945194219068,0.5121494272961942,19.608707651504943,2.694242607609262,7.916374603324734,16.880201612265644,-5.710414376984342,5.385052618761298,-2.382994735377632,3.1014421111260924,0.46976451359204324,2.7618781689163745,5.786476414922718,-12.119911603177885,4.624253524040209,14.037766662079376,6.272843790433684,-5.836094460789486,-14.542021811107603,11.551543815652453,-16.30008996872853,-21.703741431396622
4.370440058687795,-25.99041215378039,-21.108833297410772,-1.7681380158218245,-7.721520545779122,4.25265797361077,4.090166279686825,6.112842686871149,18.65405078269637,-2.100872644801264,-7.07663279683842,-12.279508165627828,-12.980579330838106,4.726815653912811,-1.3144694146332598,7.589946754599113,-4.8321566688943784,14.20105366361137,1.2938652867470193,-16.407039362336192,-6.220787440851196,-16.76539874219627,5.976908745771461,0.5664785494276465,-23.786322253048127,-4.339256411902605,-10.220886311969247,-21.323120773948204,7.3721013639652035,-6.3740629503472785,3.3267102509269106,-3.6053513101141776,-0.7000526709631341,-1.7064812981467192,-7.956840854765928,15.021978912481435,-6.271571346803041,-16.618905620845606,-5.836094460789486,7.478799746994273,17.30253663852823,-14.046385352629136,19.198207423053738,26.16224211835023
10.445653513913738,-61.44313470703358,-50.195753047671566,-4.271213768008045,-18.605135778112157,9.647580979137725,9.915637382630356,14.147603874868224,43.839183490838366,-4.91789490910566,-16.242701136793624,-29.004807176108624,-31.014797922996415,11.3128786581676,-3.360530206772942,18.51310711104917,-11.837688718942529,33.78577795489094,2.970671933693226,-38.707823258059435,-14.806297148393007,-40.0555526839628,14.265443170845037,0.9911241192565827,-56.18502410680338,-9.465204916872862,-23.855061732640095,-50.73412937854622,17.466177953879836,-15.606105775221085,8.005161596181086,-8.490135043703363,-1.6299022234657707,-4.794502302248481,-18.31647208894221,35.467492997079475,-14.60873223135029,-39.43249700572486,-14.542021811107603,17.30253663852823,41.544737933137455,-33.08412985544089,45.61768048357876,62.171419881006926
-8.369155186152827,49.24675339013488,40.23442194863121,3.518786971498162,14.869656202234808,-7.7167688211036936,-7.970461484949946,-11.364919054279028,-35.490768055782254,4.011007233965242,13.1662516811356,23.265527022295966,24.744970136415958,-9.152926470122209,2.6883285019945986,-14.61695390965389,9.51678634495458,-27.113496097775343,-2.439443534332137,31.27634364035138,11.913200242579006,32.07114525261279,-11.43049159055838,-0.7913434278343653,45.3161444111791,7.953005740274053,19.27298441608104,40.53985798556848,-13.893918878151311,12.305716212962926,-6.285022368005717,6.798156141903161,1.326254114760702,3.7121163514554842,14.884987268176031,-28.50378588271533,11.78311137482281,31.754412889184998,11.551543815652453,-14.046385352629136,-33.08412985544089,26.78425816429896,-36.65785671244369,-49.8408187940763
11.60277567588035,-67.58183945632558,-55.281564760530884,-4.791037869376415,-20.640665445523773,10.353684854155617,10.954465199833285,15.489927611927351,48.67996825132961,-5.436294391390257,-17.916569801746217,-31.937248755465937,-34.186342538926084,12.514444265331457,-3.819154049202665,20.21443436588963,-13.48520972667147,37.30280887521739,3.265630696301659,-42.92965173272428,-16.50351996201132,-44.12081593362118,15.614450883115408,1.0367028370486637,-62.166146805288285,-10.488890877724137,-26.184420209996514,-55.59006422997917,19.25586496600383,-17.091231383559645,8.655410812529544,-9.465468466173034,-1.9088074903804948,-5.464150396989057,-20.289594082344667,39.20508540993648,-16.07764935127916,-43.6547689325097,-16.30008996872853,19.198207423053738,45.61768048357876,-36.65785671244369,50.692162466928785,68.77929935518054
15.694409815779062,-92.4837989184122,-75.37511237163267,-6.404539241704397,-27.983377837720134,14.702322626120925,14.732536527924706,21.47280319553617,66.1353095282509,-7.308603807683768,-24.53196220761803,-43.682935144869035,-46.69012013863412,16.879387261772724,-4.919735287319544,27.686475938434654,-17.758974855936295,50.8382692116136,4.451913158626351,-58.2234404838668,-22.262010427012914,-60.12209657654708,21.28851292724294,1.807463316984507,-84.61003494527783,-14.431716502723402,-35.80056613575716,-76.10364512715209,26.39212924647867,-23.33331964413233,12.046514403556365,-12.786633522725001,-2.583517402600781,-6.960435830954862,-27.80074268944512,53.45483555008374,-22.054135599047704,-59.30462774188609,-21.703741431396622,26.16224211835023,62.171419881006926,-49.8408187940763,68.77929935518054,93.6430493705206
