V1,V2,V3,V4,V5,V6,V7,V8,V9,V10,V11,V12,V13,V14,V15,V16,V17,V18,V19,V20,V21,V22,V23,V24,V25,V26,V27,V28,V29,V30,V31,V32,V33,V34,V35,V36,V37,V38,V39,V40,V41,V42,V43,V44
0.8886986130760318,-0.9981790747970207,0.41741523134536807,1.2678247599975765,0.7497115885494462,1.453810765201543,0.8854572282518527,0.26673669294369745,0.957773087469055,-0.26880319589508894,0.24886931527468592,0.43112453753065166,-1.3196999228469593,1.5596172084723658,0.8743725926750121,0.46457457231136307,0.4703137257320305,0.8667935881405872,-1.184173231362313,-0.9788678629849767,0.25813284761965016,0.7746543003875844,0.5619628342288993,1.1520033580243718,-0.13322745771689654,0.7142545971178402,-0.016270714134539812,-0.1960368145043968,-0.10448886307900186,-0.8948342168722333,0.5537135925465783,-0.4030348469253931,-0.29515697454829765,0.3735080542396807,0.5088193695209923,1.3287999341770316,-0.2724304361430324,-0.11006601751202943,-0.4819565055187941,0.09222250810369916,1.0545371668710324,-1.6758064324718263,-0.2447245311920987,0.413993090047598
-0.9981790747970207,2.869922517531554,1.198314093699669,-0.9478076104858466,-0.10859111378550067,-1.6757707815908969,-0.939624397792474,-0.8273190128262355,-2.0886015660611,0.34272858081752544,0.46103310763204747,0.565228200094693,2.0521736460354436,-1.5824837506120857,-0.762699333946004,-0.8921674546151571,-0.2359383143321314,-1.7453434712593943,0.8123458956474234,1.9797802612887359,0.2430209072834004,0.5429254310531559,-0.9247353751096847,-1.1496581502888779,1.8946731489381121,-0.12922391961930738,0.8682103488874795,1.7833735690018828,-0.5062247975404296,1.1845893044345226,-0.7076566397093242,0.6232917066850312,0.3084250366006659,-0.33001070606273136,0.22533363440005888,-2.2663568638298366,0.705618026420374,1.280302004334421,0.6459598637274194,-0.6945736394308948,-2.0930100161848713,2.3684074284944217,-1.1172019654432128,-2.263791350152357
0.41741523134536807,1.198314093699669,2.1735289951629175,1.2718686036892828,1.3737322721105785,1.0035140675420644,0.43104163008764884,-0.20694299136777602,-0.6902987157091224,-0.08967878961027662,0.6382402500148,1.3967885944217282,-0.14169713503227294,1.051145329291742,0.9666870545342221,-0.3033249297981005,0.828523257029304,-0.338407947378857,-1.1400282484068704,0.38534727806706764,0.7167131291812865,2.135753764830732,0.07435965996139506,1.1093250501012648,1.71124709406303,0.8908010187003244,0.7075045432578679,1.5420050122692155,-0.6260239232052116,-0.26487606816950493,0.2151755171924263,-0.1179655205131017,-0.22482168007109188,0.5749190655396555,1.0817275755920215,0.01553361601797481,0.292670325476821,1.246030830954831,0.10572041598927791,-0.4470273679830575,-0.4925306677365749,-0.35751669699336724,-1.8858748310470639,-1.7493692911782448
1.2678247599975765,-0.9478076104858466,1.2718686036892828,2.268664967880492,1.5672897730684845,2.34613473403617,1.2582094954197036,0.43231169419803295,0.9109082061175086,-0.4302298611953228,0.5579154529666551,1.059412335557888,-1.7273390818208283,2.260150836460949,1.4967264696425175,0.49342001368129,1.0099348239941466,0.8569303115845285,-1.9940660710687985,-1.0403857846501863,0.6696250467470478,1.6601390083252021,0.7079503434475991,1.9229732179157912,0.6233646646844387,1.2193162650967764,0.22637112075510607,0.28481235570015373,-0.37118509806637184,-1.1340033313379208,0.8495530040110533,-0.5593217852697894,-0.41468634052811243,0.8290696251672748,1.080164268719316,1.725494044029672,-0.34462135322153603,0.26285578351488476,-0.4322828083673563,-0.019962742852284766,1.3593037180138399,-2.305497518744107,-0.9847308824489558,-0.026125974996351845
0.7497115885494462,-0.10859111378550067,1.3737322721105785,1.5672897730684845,1.4214912699636733,1.6323262179548357,0.7794826370252632,0.17382808817941955,0.41599768864521686,-0.31621253125815935,0.3553406018658777,0.9291697463113862,-0.8437089717577537,1.5299368207917392,1.0834404441840253,0.05062628326459246,0.822340143388455,0.2754511787533271,-1.4146882449363358,-0.48574031919466015,0.6542041293253538,1.5707968385647482,0.3839965508551803,1.3426317480177101,0.8282639552255492,0.7514642708982286,0.1987655270359417,0.624580963730053,-0.44265580920610387,-0.5376250803985501,0.5197964928816098,-0.3145755159841667,-0.24991621141966264,0.8012169375147951,0.7627766679786585,0.8801745884119112,-0.18198556108572198,0.4941183124995215,0.013625511700161592,-0.08831602789681633,0.4951818754910381,-1.4104777253405403,-1.1580249127995745,-0.6658891981165121
1.453810765201543,-1.6757707815908969,1.0035140675420644,2.34613473403617,1.6323262179548357,2.984931531268903,1.4481226218515626,0.5072579543321691,1.743150768122726,-0.5256575753447175,0.30923654536037415,0.7999985200429501,-2.192097817647248,2.7693192830550952,1.703036972681655,0.6552581652489846,1.1432355843979645,1.3852326644550499,-2.1333991158179786,-1.5755721634814994,0.5652991180457999,1.7486281278465816,0.8943074194965159,2.2812366968354767,-0.05708294541617802,1.0523509037295569,-0.14936747988347962,-0.2290231143266435,-0.19124864112037104,-1.3753396282686157,1.067629523029447,-0.6092473739997285,-0.4597405806034739,1.0626835339710698,0.750616579099342,2.2839231028831963,-0.542651083855762,0.09344581116450722,-0.4268270285815594,0.13277289183447705,1.5168376749654782,-2.900333522507062,-0.7760819686767613,0.31444805458301356
0.8854572282518527,-0.939624397792474,0.43104163008764884,1.2582094954197036,0.7794826370252632,1.4481226218515626,0.9638482482127148,0.23053811425534368,1.0268268216029044,-0.31884662887133214,0.24611618473875294,0.41961218447128357,-1.274782826982415,1.6222997391697833,0.8484056598374041,0.42115252858856345,0.4280549056983881,0.855903154736293,-1.2047858677583139,-1.0317457538075876,0.2607286279041759,0.8309086786163422,0.587789834531817,1.1331644703149486,-0.15550946683581954,0.703247701238359,-0.028537598659278508,-0.17447355734759296,-0.13391179345979554,-0.8974931934806717,0.5448021925114359,-0.37865464291707407,-0.2824585367008966,0.40809798919987433,0.473486119843505,1.3263071956787984,-0.24716260619779373,-0.1150002138557184,-0.49511936564818837,0.08684168195792073,1.0224448988115673,-1.7229756419115485,-0.2449973684099954,0.3582135370851815
0.26673669294369745,-0.8273190128262355,-0.20694299136777602,0.43231169419803295,0.17382808817941955,0.5072579543321691,0.23053811425534368,0.5485725790310186,0.1906251495059249,-0.038965696204733107,-0.20199655546046913,-0.01651422085420963,-0.5678741465888588,0.3440573666063751,0.43147909233746073,0.1558451455958105,0.2836619469378889,0.37786824334318003,-0.21739282015783137,-0.4857477148277846,0.06477600043706626,-0.17748747106778293,0.3565195414714716,0.5125672341844224,-0.3442445029456847,-0.017690215163347487,-0.2168138414897744,-0.39558413133003734,0.10850326578532195,-0.3471004412453154,0.12999918740000857,-0.2774104827356737,-0.17214082936364208,0.22769082495180498,0.10377775424925374,0.6825175442930942,-0.1680608024200873,-0.41513229708283256,-0.037601670070668905,0.31765294260434285,0.744941154868668,-0.6557388542464363,0.12199496031964689,0.6654637066991513
0.957773087469055,-2.0886015660611,-0.6902987157091224,0.9109082061175086,0.41599768864521686,1.743150768122726,1.0268268216029044,0.1906251495059249,2.617493463169913,-0.5866149964955514,-0.20673350798185597,-0.45180522481134056,-1.579818050781557,1.8201237411649753,0.4751446768329617,0.5986741760161043,0.15957678589291469,1.4300362626517482,-1.1122751439402927,-1.8771586127088884,-0.06642106081412366,0.1383129137960786,0.6101780734985197,0.8645840926438471,-1.5202669601195091,0.12475090025337587,-0.7769472115032172,-1.2672412718338428,0.13673325908448122,-0.7783061549548591,0.809353027424396,-0.32249107703777136,-0.06835049427204054,0.558526263685286,-0.4114335074463022,1.844356921487801,-0.7739978757902726,-0.801255142449132,-0.4136255615508058,0.38797455111744844,1.3142975975984117,-2.3941308017923997,0.8005712681145822,1.3145598375505834
-0.26880319589508894,0.34272858081752544,-0.08967878961027662,-0.4302298611953228,-0.31621253125815935,-0.5256575753447175,-0.31884662887133214,-0.038965696204733107,-0.5866149964955514,0.3624549071835788,-0.006902945781310362,-0.03586466905374402,0.31799977113138345,-0.5619648795858709,-0.15486921521989663,-0.031782865610398135,-0.10468323789996575,-0.23969438227896173,0.4965956721311614,0.4709590983152121,-0.04848370111958799,-0.2756638531427681,-0.14002006659599484,-0.3235468131874096,0.09826026474184443,-0.10569179149242275,0.1534349542959165,0.11419889665129289,0.02445116691430355,0.09182632423469557,-0.2844900683155417,0.06914450781377159,-0.055510744268586536,-0.342157353175378,0.004616521582691773,-0.41318737057556226,0.18938530418099708,0.09585943434683751,0.07616878107940368,-0.05759017781481451,-0.3140537087902382,0.6395050995099768,0.0017095524425289335,-0.12580981034579858
0.24886931527468592,0.46103310763204747,0.6382402500148,0.5579154529666551,0.3553406018658777,0.30923654536037415,0.24611618473875294,-0.20199655546046913,-0.20673350798185597,-0.006902945781310362,0.7148536995258239,0.5351919250573036,-0.13556713836271553,0.3419637798625538,0.1910035264107235,0.24830158701359262,0.2205510533883533,-0.13863999610275377,-0.5896180875244781,0.33910022674149376,0.32535224557300285,0.564158494414476,-0.10249448280742222,0.19796849581776949,0.9306047773724839,0.7107446360247949,0.5815543199352871,0.5792677442812716,-0.3315695430906701,-0.18620369202063222,0.19021243881733632,0.08065224489883895,-0.06176595393905956,-0.053865202407219266,0.5555861902936199,-0.0974472282238512,0.03369920999241994,0.472000664926486,-0.2254744748607107,-0.4079727040524114,0.03484080205616432,-0.19071275073907087,-0.4637316221971432,-0.5885137189820318
0.43112453753065166,0.565228200094693,1.3967885944217282,1.059412335557888,0.9291697463113862,0.7999985200429501,0.41961218447128357,-0.01651422085420963,-0.45180522481134056,-0.03586466905374402,0.5351919250573036,1.0432202118863474,-0.3750974670008311,0.8729732337927828,0.7746733594690216,-0.024373884477671887,0.5724273138016428,-0.08067730851479064,-0.8890554592963461,0.15098965603850997,0.4963832623679084,1.3544195583107586,0.1628534941029973,0.8878612304471873,1.1397159692617835,0.7931952590644893,0.5356426115317087,0.9550252056891345,-0.4067385656729747,-0.3881632130506706,0.19847181240443088,-0.1796226588010305,-0.23383926400576374,0.281228123949446,0.9252934537728035,0.25149938414790074,0.1897242307603436,0.7071336688717185,-0.11092337656544728,-0.29035943284496146,0.031023995296748232,-0.46324943987394934,-1.1800232532937767,-0.9069582044870167
-1.3196999228469593,2.0521736460354436,-0.14169713503227294,-1.7273390818208283,-0.8437089717577537,-2.192097817647248,-1.274782826982415,-0.5678741465888588,-1.579818050781557,0.31799977113138345,-0.13556713836271553,-0.3750974670008311,2.26830277264847,-2.286379496017215,-1.3174327660822878,-0.888487941573877,-0.5787467256743982,-1.6125984079213873,1.5402185986457009,1.6666007282502058,-0.15189916556003563,-0.7465281593441003,-0.9665618197332709,-1.785668244542262,0.7603412583986382,-0.9610759985484246,0.24185178827058207,0.7993352019458007,-0.1468499704182026,1.5295829939991992,-0.8393342396706289,0.6928758358248402,0.5016585536308683,-0.39863343384617217,-0.6138305926585563,-2.2672004176566487,0.41861414003565084,0.4741668999423217,0.8614545549383873,-0.28578369197357506,-1.8814109345045789,2.547015435201718,-0.023662853796142518,-1.2330822724262156
1.5596172084723658,-1.5824837506120857,1.051145329291742,2.260150836460949,1.5299368207917392,2.7693192830550952,1.6222997391697833,0.3440573666063751,1.8201237411649753,-0.5619648795858709,0.3419637798625538,0.8729732337927828,-2.286379496017215,3.0262416756961503,1.6627420430768873,0.6400756200666772,0.9031088243675028,1.5522247642176956,-2.1701709312374575,-1.808618733244809,0.4559424142943967,1.8271498552075527,1.0254646230850497,2.218664110222644,-0.2564871757782067,1.205569719139129,-0.11607907354971292,-0.1863524723441656,-0.20754412844606995,-1.57641118327028,1.003101317460186,-0.6923050847243234,-0.507158963019674,0.827685231748758,0.8555976751232688,2.3762819508249113,-0.3943105171631693,0.00902439444111798,-0.7612984788022868,0.12355307423392368,1.5528722494363718,-2.993097721076837,-0.712212336713591,0.3894944799299257
0.8743725926750121,-0.762699333946004,0.9666870545342221,1.4967264696425175,1.0834404441840253,1.703036972681655,0.8484056598374041,0.43147909233746073,0.4751446768329617,-0.15486921521989663,0.1910035264107235,0.7746733594690216,-1.3174327660822878,1.6627420430768873,1.2812768084682373,0.28764589840312943,0.8304407040323014,0.755113439771599,-1.2412715175024738,-0.7971392185528975,0.41746175993431694,1.2709292710420457,0.6438758019800266,1.5681923712616745,0.22211758879387267,0.7511170509223288,0.07407746105156647,0.15801584931557847,-0.16389781998286027,-0.9832079223094415,0.49513465631754383,-0.4902506391541791,-0.4237022919573188,0.5659597109552719,0.7593094543585723,1.3495378690126671,-0.11087393233973873,0.1934525299665364,-0.28952776094462784,0.09479042224273572,0.8624794758286208,-1.5711771369610947,-0.830035705718971,0.0015419603407767853
0.46457457231136307,-0.8921674546151571,-0.3033249297981005,0.49342001368129,0.05062628326459246,0.6552581652489846,0.42115252858856345,0.1558451455958105,0.5986741760161043,-0.031782865610398135,0.24830158701359262,-0.024373884477671887,-0.888487941573877,0.6400756200666772,0.28764589840312943,0.6714007332003455,0.06653306563039042,0.63638336950609,-0.48022200411104116,-0.43464206096653674,-0.015740505394211533,-0.11168407508232468,0.2742089775357875,0.42506847971567857,-0.27074222756372135,0.5193563207362158,0.03385034905045959,-0.49241682322061703,0.11492512907566506,-0.6206747983423548,0.3394021594447479,-0.17759039016458456,-0.18924252822692467,-0.11553307431520728,0.18278555852244116,0.7222191296883774,-0.21508683422537142,-0.2597365585532152,-0.5183656392144974,-0.015266187905355328,0.8680604298784769,-0.849989639488351,0.335575571084734,0.6742360735917451
0.4703137257320305,-0.2359383143321314,0.828523257029304,1.0099348239941466,0.822340143388455,1.1432355843979645,0.4280549056983881,0.2836619469378889,0.15957678589291469,-0.10468323789996575,0.2205510533883533,0.5724273138016428,-0.5787467256743982,0.9031088243675028,0.8304407040323014,0.06653306563039042,0.8094786088641007,0.20682699295684465,-0.8418717225485671,-0.24961535134364485,0.4300846419759838,0.9907277028119374,0.26715105128068534,0.9658269033672269,0.5001391444586324,0.3935728803729957,0.13322018469067903,0.34175131257474,-0.2927970092912816,-0.4068689984238597,0.33344173448466635,-0.2027140087523795,-0.20186345704727107,0.5681903900845079,0.46068619160686597,0.6247715389645923,-0.1401059044965867,0.34754227990298064,0.10011674435247225,-0.009274109871736535,0.2538471968507305,-0.8798760793576845,-0.7771658263665867,-0.3916337352531732
0.8667935881405872,-1.7453434712593943,-0.338407947378857,0.8569303115845285,0.2754511787533271,1.3852326644550499,0.855903154736293,0.37786824334318003,1.4300362626517482,-0.23969438227896173,-0.13863999610275377,-0.08067730851479064,-1.6125984079213873,1.5522247642176956,0.755113439771599,0.63638336950609,0.20682699295684465,1.3921509517303465,-0.8289657047839347,-1.4261441511814803,-0.11869818185988242,0.1937735155719632,0.7352486364311603,1.1008907288688754,-1.1428419489204986,0.39249330942258065,-0.42512639203793035,-0.9460650631597566,0.3070672034850809,-1.0782199467653886,0.5305658202213657,-0.45914521762564797,-0.3251219882883928,0.2114409541970436,0.09596623606470617,1.6717087042671894,-0.32463071797161286,-0.5783688918245361,-0.6735158088182053,0.3338322560718691,1.3126679907038186,-1.7797942818583832,0.3795238945363393,1.1988908091439312
-1.184173231362313,0.8123458956474234,-1.1400282484068704,-1.9940660710687985,-1.4146882449363358,-2.1333991158179786,-1.2047858677583139,-0.21739282015783137,-1.1122751439402927,0.4965956721311614,-0.5896180875244781,-0.8890554592963461,1.5402185986457009,-2.1701709312374575,-1.2412715175024738,-0.48022200411104116,-0.8418717225485671,-0.8289657047839347,1.9266852189470811,1.0258018470928085,-0.6001083840252125,-1.5570238071597193,-0.5963880164390865,-1.6385019256134707,-0.5103197727467815,-1.1476483842346137,-0.1981718614752827,-0.23691433364955428,0.3913748013100006,0.995179098995664,-0.8576681701463306,0.43298360034618555,0.3113102100041741,-0.7657572772261382,-0.8734776333002364,-1.5149138910320568,0.38077373782903357,-0.2552321725477823,0.4604694480519046,0.08803975727114666,-1.1417114600063851,2.2081444377714914,0.8231922747823951,0.10380305310310244
-0.9788678629849767,1.9797802612887359,0.38534727806706764,-1.0403857846501863,-0.48574031919466015,-1.5755721634814994,-1.0317457538075876,-0.4857477148277846,-1.8771586127088884,0.4709590983152121,0.33910022674149376,0.15098965603850997,1.6666007282502058,-1.808618733244809,-0.7971392185528975,-0.43464206096653674,-0.24961535134364485,-1.4261441511814803,1.0258018470928085,1.8722815780600415,0.05460613611832884,-0.22989180435161757,-0.8437640808482669,-1.1625696841241084,1.3849217361937065,-0.20456522532894275,0.6826540845627358,1.0594021286093498,-0.2029642953761274,0.9994877866549235,-0.6164781335158267,0.5513544831495105,0.24634086651331352,-0.49512819752859816,0.02525636605297777,-1.9518813119863894,0.493841882985803,0.8338950377007678,0.5249211019772962,-0.5396004021091999,-1.4976532344066282,2.228750152888024,-0.474564882218716,-1.380045760802692
0.25813284761965016,0.2430209072834004,0.7167131291812865,0.6696250467470478,0.6542041293253538,0.5652991180457999,0.2607286279041759,0.06477600043706626,-0.06642106081412366,-0.04848370111958799,0.32535224557300285,0.4963832623679084,-0.15189916556003563,0.4559424142943967,0.41746175993431694,-0.015740505394211533,0.4300846419759838,-0.11869818185988242,-0.6001083840252125,0.05460613611832884,0.4528466481303934,0.6464111460419227,0.050522708078753094,0.4355204892641799,0.6967524922184943,0.3490412607485986,0.2646619057714881,0.4980016679294188,-0.3605319209901756,-0.1017700196921111,0.16317217380960053,-0.05289890156820379,-0.10112763329322391,0.33278634769796767,0.4200737245373138,0.12666691520532855,-0.08687833583475546,0.3118860223656211,0.13522809145452835,-0.1189253423385932,0.09635731435272869,-0.4693150921080518,-0.6280914727143535,-0.5350389669457586
0.7746543003875844,0.5429254310531559,2.135753764830732,1.6601390083252021,1.5707968385647482,1.7486281278465816,0.8309086786163422,-0.17748747106778293,0.1383129137960786,-0.2756638531427681,0.564158494414476,1.3544195583107586,-0.7465281593441003,1.8271498552075527,1.2709292710420457,-0.11168407508232468,0.9907277028119374,0.1937735155719632,-1.5570238071597193,-0.22989180435161757,0.6464111460419227,2.5152059241228635,0.3322841931403486,1.5972765141288965,1.2462886993811397,1.0135115605439795,0.47846660135806945,1.2106863832642754,-0.5557330798780381,-0.6560928946403399,0.5002303856020218,-0.25478553768389983,-0.2943462789327927,0.7983797403158385,0.9903918404383685,0.714871575588586,0.14003176460500422,1.1722028410223368,-0.08761403270814047,-0.3610952005495759,-0.20094951180961118,-1.1379253883771199,-1.7982803579926736,-1.4697100909912761
0.5619628342288993,-0.9247353751096847,0.07435965996139506,0.7079503434475991,0.3839965508551803,0.8943074194965159,0.587789834531817,0.3565195414714716,0.6101780734985197,-0.14002006659599484,-0.10249448280742222,0.1628534941029973,-0.9665618197332709,1.0254646230850497,0.6438758019800266,0.2742089775357875,0.26715105128068534,0.7352486364311603,-0.5963880164390865,-0.8437640808482669,0.050522708078753094,0.3322841931403486,0.5475685809542107,0.8379766545857491,-0.477206291491027,0.2924636289811861,-0.2044587114477833,-0.3633489605406536,0.07600709145935626,-0.7016650116939789,0.27830587688985436,-0.37814969102577656,-0.2688551120693734,0.2374304141004319,0.24420184161928596,1.0487141896208663,-0.12847222328643335,-0.29787588069228726,-0.35580405394940723,0.24886183474870865,0.83686434004019294,-1.1375470202908782,-0.040803769728354394,0.5897610078282349
1.1520033580243718,-1.1496581502888779,1.1093250501012648,1.9229732179157912,1.3426317480177101,2.2812366968354767,1.1331644703149486,0.5125672341844224,0.8645840926438471,-0.3235468131874096,0.19796849581776949,0.8878612304471873,-1.785668244542262,2.218664110222644,1.5681923712616745,0.42506847971567857,0.9658269033672269,1.1008907288688754,-1.6385019256134707,-1.1625696841241084,0.4355204892641799,1.5972765141288965,0.8379766545857491,2.0532119370253348,0.09355935960162318,0.9320328671386953,-0.011498554315881737,0.030511458185302553,-0.09098239925850075,-1.2440333615155401,0.7300778756859623,-0.6033883046009989,-0.49479781804828366,0.7911457860360738,0.8630343533531797,1.824676513797778,-0.19017280425266458,0.18736958348746466,-0.44024993422133535,0.134309989637146,1.1794566608188073,-2.115326289804807,-0.9288535620442662,0.16151304209800801
-0.13322745771689654,1.8946731489381121,1.71124709406303,0.6233646646844387,0.8282639552255492,-0.05708294541617802,-0.15550946683581954,-0.3442445029456847,-1.5202669601195091,0.09826026474184443,0.9306047773724839,1.1397159692617835,0.7603412583986382,-0.2564871757782067,0.22211758879387267,-0.27074222756372135,0.5001391444586324,-1.1428419489204986,-0.5103197727467815,1.3849217361937065,0.6967524922184943,1.2462886993811397,-0.477206291491027,0.09355935960162318,2.374395482547891,0.7823663382370714,1.0672598196167946,1.7331415478958063,-0.6839739664778495,0.3711014358324757,-0.06381323208286914,0.2444594915905537,0.015477547996226311,0.14836672803044137,0.9424689902515723,-1.062257491852345,0.33421072739075636,1.2860219827577353,0.3063830303928182,-0.7055746390568816,-0.8260872799296616,0.784756773856787,-1.4999141573638772,-1.9502069512051114
0.7142545971178402,-0.12922391961930738,0.8908010187003244,1.2193162650967764,0.7514642708982286,1.0523509037295569,0.703247701238359,-0.017690215163347487,0.12475090025337587,-0.10569179149242275,0.7107446360247949,0.7931952590644893,-0.9610759985484246,1.205569719139129,0.7511170509223288,0.5193563207362158,0.3935728803729957,0.39249330942258065,-1.1476483842346137,-0.20456522532894275,0.3490412607485986,1.0135115605439795,0.2924636289811861,0.9320328671386953,0.7823663382370714,1.183752280311908,0.5401628594044885,0.4221953867706002,-0.251761299663184,-0.8137765720678588,0.4525033723054626,-0.25646920825764,-0.28480050242045446,0.04217232987853375,0.9015771030798402,0.7047637811378279,0.010880227742227336,0.39848419828633647,-0.6127787428738977,-0.32295998909286733,0.6890433699975578,-0.9862891569761727,-0.6153223741914363,-0.24118439087047294
-0.016270714134539812,0.8682103488874795,0.7075045432578679,0.22637112075510607,0.1987655270359417,-0.14936747988347962,-0.028537598659278508,-0.2168138414897744,-0.7769472115032172,0.1534349542959165,0.5815543199352871,0.5356426115317087,0.24185178827058207,-0.11607907354971292,0.07407746105156647,0.03385034905045959,0.13322018469067903,-0.42512639203793035,-0.1981718614752827,0.6826540845627358,0.2646619057714881,0.47846660135806945,-0.2044587114477833,-0.011498554315881737,1.0672598196167946,0.5401628594044885,0.6420798477640346,0.7728069418056183,-0.2865667778369827,-0.00997440503240881,-0.057906370836575016,0.11804242063863415,-0.056246146441820244,-0.18288769101287072,0.5341145539484523,-0.47644443929730135,0.23936891208095296,0.5844153790199839,-0.0917363068053265,-0.40179237959995734,-0.3159381821778493,0.4063617446390182,-0.5807863262048399,-0.7969476150588837
-0.1960368145043968,1.7833735690018828,1.5420050122692155,0.28481235570015373,0.624580963730053,-0.2290231143266435,-0.17447355734759296,-0.39558413133003734,-1.2672412718338428,0.11419889665129289,0.5792677442812716,0.9550252056891345,0.7993352019458007,-0.1863524723441656,0.15801584931557847,-0.49241682322061703,0.34175131257474,-0.9460650631597566,-0.23691433364955428,1.0594021286093498,0.4980016679294188,1.2106863832642754,-0.3633489605406536,0.030511458185302553,1.7331415478958063,0.4221953867706002,0.7728069418056183,1.548932145596798,-0.5683654223554535,0.36467025363033445,-0.20901968368143692,0.19745078418308995,0.009710190705429923,0.11627761178019626,0.6798323278482853,-0.9432592162425795,0.41824985549097476,1.1186711521952195,0.3255641271087014,-0.5220802944817335,-1.0412842408570169,0.8074917376800349,-1.359235770863085,-1.7879022051567228
-0.10448886307900186,-0.5062247975404296,-0.6260239232052116,-0.37118509806637184,-0.44265580920610387,-0.19124864112037104,-0.13391179345979554,0.10850326578532195,0.13673325908448122,0.02445116691430355,-0.3315695430906701,-0.4067385656729747,-0.1468499704182026,-0.20754412844606995,-0.16389781998286027,0.11492512907566506,-0.2927970092912816,0.3070672034850809,0.3913748013100006,-0.2029642953761274,-0.3605319209901756,-0.5557330798780381,0.07600709145935626,-0.09098239925850075,-0.6839739664778495,-0.251761299663184,-0.2865667778369827,-0.5683654223554535,0.42637728197855007,-0.06761512851401452,-0.05749346736990803,-0.036055020462049336,0.006274932790368535,-0.18282095443932322,-0.29505733493360337,0.15488260568666437,0.025361329017064057,-0.34733835151657755,-0.15220754263608893,0.17668778030558768,0.20276831075533322,0.1629925363010433,0.519809173709482,0.6514341595810859
-0.8948342168722333,1.1845893044345226,-0.26487606816950493,-1.1340033313379208,-0.5376250803985501,-1.3753396282686157,-0.8974931934806717,-0.3471004412453154,-0.7783061549548591,0.09182632423469557,-0.18620369202063222,-0.3881632130506706,1.5295829939991992,-1.57641118327028,-0.9832079223094415,-0.6206747983423548,-0.4068689984238597,-1.0782199467653886,0.995179098995664,0.9994877866549235,-0.1017700196921111,-0.6560928946403399,-0.7016650116939789,-1.2440333615155401,0.3711014358324757,-0.8137765720678588,-0.00997440503240881,0.36467025363033445,-0.06761512851401452,1.2159292334221847,-0.46996141373008277,0.4929749912426067,0.4363748133306934,-0.10442336178056918,-0.5660653881011024,-1.4788659428304138,0.10418762935676837,0.18528660232079752,0.7241412396360993,-0.11750918928699312,-1.1640023496925038,1.5814749275438387,0.12850393873754223,-0.6658627822368034
0.5537135925465783,-0.7076566397093242,0.2151755171924263,0.8495530040110533,0.5197964928816098,1.067629523029447,0.5448021925114359,0.12999918740000857,0.809353027424396,-0.2844900683155417,0.19021243881733632,0.19847181240443088,-0.8393342396706289,1.003101317460186,0.49513465631754383,0.3394021594447479,0.33344173448466635,0.5305658202213657,-0.8576681701463306,-0.6164781335158267,0.16317217380960053,0.5002303856020218,0.27830587688985436,0.7300778756859623,-0.06381323208286914,0.4525033723054626,-0.057906370836575016,-0.20901968368143692,-0.05749346736990803,-0.46996141373008277,0.5001590067759417,-0.18536992199201088,-0.09418637420801823,0.3521115782015551,0.22905207409077932,0.8296804785748311,-0.2823618382786012,-0.04844341257344167,-0.2453418225865423,0.010626556551112535,0.6580565008349646,-1.1329524427315858,-0.0972211373350047,0.26749563693708506
-0.4030348469253931,0.6232917066850312,-0.1179655205131017,-0.5593217852697894,-0.3145755159841667,-0.6092473739997285,-0.37865464291707407,-0.2774104827356737,-0.32249107703777136,0.06914450781377159,0.08065224489883895,-0.1796226588010305,0.6928758358248402,-0.6923050847243234,-0.4902506391541791,-0.17759039016458456,-0.2027140087523795,-0.45914521762564797,0.43298360034618555,0.5513544831495105,-0.05289890156820379,-0.25478553768389983,-0.37814969102577656,-0.6033883046009989,0.2444594915905537,-0.25646920825764,0.11804242063863415,0.19745078418308995,-0.036055020462049336,0.4929749912426067,-0.18536992199201088,0.32820260166571824,0.20283687664842973,-0.13605597027177926,-0.25414938889089606,-0.740701348780459,0.08585696809059827,0.19623248978283606,0.24072567675422735,-0.18336219436916804,-0.629307767039456,0.7660687363483238,0.07256777549355974,-0.424833953977914
-0.29515697454829765,0.3084250366006659,-0.22482168007109188,-0.41468634052811243,-0.24991621141966264,-0.4597405806034739,-0.2824585367008966,-0.17214082936364208,-0.06835049427204054,-0.055510744268586536,-0.06176595393905956,-0.23383926400576374,0.5016585536308683,-0.507158963019674,-0.4237022919573188,-0.18924252822692467,-0.20186345704727107,-0.3251219882883928,0.3113102100041741,0.24634086651331352,-0.10112763329322391,-0.2943462789327927,-0.2688551120693734,-0.49479781804828366,0.015477547996226311,-0.28480050242045446,-0.056246146441820244,0.009710190705429923,0.006274932790368535,0.4363748133306934,-0.09418637420801823,0.20283687664842973,0.22225841044750275,-0.04505980064028719,-0.27920669756379246,-0.4632230777066622,-0.012149719033237283,2.08588861302715e-4,0.20700924268504636,-0.04866224613235481,-0.3667800039773098,0.48800327408924987,0.2027572172405504,-0.12546318839466422
0.3735080542396807,-0.33001070606273136,0.5749190655396555,0.8290696251672748,0.8012169375147951,1.0626835339710698,0.40809798919987433,0.22769082495180498,0.558526263685286,-0.342157353175378,-0.053865202407219266,0.281228123949446,-0.39863343384617217,0.827685231748758,0.5659597109552719,-0.11553307431520728,0.5681903900845079,0.2114409541970436,-0.7657572772261382,-0.49512819752859816,0.33278634769796767,0.7983797403158385,0.2374304141004319,0.7911457860360738,0.14836672803044137,0.04217232987853375,-0.18288769101287072,0.11627761178019626,-0.18282095443932322,-0.10442336178056918,0.3521115782015551,-0.13605597027177926,-0.04505980064028719,0.8061242920844579,0.09511297702650394,0.5768273360215467,-0.2720377521944683,0.14118080754518172,0.2499332054212458,0.13279982639634846,0.2338771070289696,-0.9332902602297695,-0.5464855014509391,-0.2485907810664221
0.5088193695209923,0.22533363440005888,1.0817275755920215,1.080164268719316,0.7627766679786585,0.750616579099342,0.473486119843505,0.10377775424925374,-0.4114335074463022,0.004616521582691773,0.5555861902936199,0.9252934537728035,-0.6138305926585563,0.8555976751232688,0.7593094543585723,0.18278555852244116,0.46068619160686597,0.09596623606470617,-0.8734776333002364,0.02525636605297777,0.4200737245373138,0.9903918404383685,0.24420184161928596,0.8630343533531797,0.9424689902515723,0.9015771030798402,0.5341145539484523,0.6798323278482853,-0.29505733493360337,-0.5660653881011024,0.22905207409077932,-0.25414938889089606,-0.27920669756379246,0.09511297702650394,0.9830626504866635,0.4376186589672801,0.14748384526522873,0.4524683489236254,-0.31892267168058147,-0.23301738094355284,0.43619700846525694,-0.5876254641036479,-0.8819713330971016,-0.4526864922667008
1.3287999341770316,-2.2663568638298366,0.01553361601797481,1.725494044029672,0.8801745884119112,2.2839231028831963,1.3263071956787984,0.6825175442930942,1.844356921487801,-0.41318737057556226,-0.0974472282238512,0.25149938414790074,-2.2672004176566487,2.3762819508249113,1.3495378690126671,0.7222191296883774,0.6247715389645923,1.6717087042671894,-1.5149138910320568,-1.9518813119863894,0.12666691520532855,0.714871575588586,1.0487141896208663,1.824676513797778,-1.062257491852345,0.7047637811378279,-0.47644443929730135,-0.9432592162425795,0.15488260568666437,-1.4788659428304138,0.8296804785748311,-0.740701348780459,-0.4632230777066622,0.5768273360215467,0.4376186589672801,2.455222377225505,-0.4921055128467198,-0.6505117799486,-0.7139549167609335,0.4622945570598949,1.914920351356731,-2.7292856607966236,0.1265352028764861,1.381123284198443
-0.2724304361430324,0.705618026420374,0.292670325476821,-0.34462135322153603,-0.18198556108572198,-0.542651083855762,-0.24716260619779373,-0.1680608024200873,-0.7739978757902726,0.18938530418099708,0.03369920999241994,0.1897242307603436,0.41861414003565084,-0.3943105171631693,-0.11087393233973873,-0.21508683422537142,-0.1401059044965867,-0.32463071797161286,0.38077373782903357,0.493841882985803,-0.08687833583475546,0.14003176460500422,-0.12847222328643335,-0.19017280425266458,0.33421072739075636,0.010880227742227336,0.23936891208095296,0.41824985549097476,0.025361329017064057,0.10418762935676837,-0.2823618382786012,0.08585696809059827,-0.012149719033237283,-0.2720377521944683,0.14748384526522873,-0.4921055128467198,0.3901750030756886,0.3138416502011746,-0.012153842354022538,-0.14981600280976246,-0.5273376860466042,0.7719644253466138,-0.27912526958189593,-0.44747843220910477
-0.11006601751202943,1.280302004334421,1.246030830954831,0.26285578351488476,0.4941183124995215,0.09344581116450722,-0.1150002138557184,-0.41513229708283256,-0.801255142449132,0.09585943434683751,0.472000664926486,0.7071336688717185,0.4741668999423217,0.00902439444111798,0.1934525299665364,-0.2597365585532152,0.34754227990298064,-0.5783688918245361,-0.2552321725477823,0.8338950377007678,0.3118860223656211,1.1722028410223368,-0.29787588069228726,0.18736958348746466,1.2860219827577353,0.39848419828633647,0.5844153790199839,1.1186711521952195,-0.34733835151657755,0.18528660232079752,-0.04844341257344167,0.19623248978283606,2.08588861302715e-4,0.14118080754518172,0.4524683489236254,-0.6505117799486,0.3138416502011746,1.0726832450210653,0.2025709130032162,-0.48913226038902063,-0.9371001675719556,0.5929890811163286,-1.1270561395229841,-1.4868456899817648
-0.4819565055187941,0.6459598637274194,0.10572041598927791,-0.4322828083673563,0.013625511700161592,-0.4268270285815594,-0.49511936564818837,-0.037601670070668905,-0.4136255615508058,0.07616878107940368,-0.2254744748607107,-0.11092337656544728,0.8614545549383873,-0.7612984788022868,-0.28952776094462784,-0.5183656392144974,0.10011674435247225,-0.6735158088182053,0.4604694480519046,0.5249211019772962,0.13522809145452835,-0.08761403270814047,-0.35580405394940723,-0.44024993422133535,0.3063830303928182,-0.6127787428738977,-0.0917363068053265,0.3255641271087014,-0.15220754263608893,0.7241412396360993,-0.2453418225865423,0.24072567675422735,0.20700924268504636,0.2499332054212458,-0.31892267168058147,-0.7139549167609335,-0.012153842354022538,0.2025709130032162,0.7409150011117571,0.023516681961966754,-0.7557924926637141,0.7173806176092606,-0.2312277604840267,-0.5999238608657891
0.09222250810369916,-0.6945736394308948,-0.4470273679830575,-0.019962742852284766,-0.08831602789681633,0.13277289183447705,0.08684168195792073,0.31765294260434285,0.38797455111744844,-0.05759017781481451,-0.4079727040524114,-0.29035943284496146,-0.28578369197357506,0.12355307423392368,0.09479042224273572,-0.015266187905355328,-0.009274109871736535,0.3338322560718691,0.08803975727114666,-0.5396004021091999,-0.1189253423385932,-0.3610952005495759,0.24886183474870865,0.134309989637146,-0.7055746390568816,-0.32295998909286733,-0.40179237959995734,-0.5220802944817335,0.17668778030558768,-0.11750918928699312,0.010626556551112535,-0.18336219436916804,-0.04866224613235481,0.13279982639634846,-0.23301738094355284,0.4622945570598949,-0.14981600280976246,-0.48913226038902063,0.023516681961966754,0.3676836908204679,0.4141453918070313,-0.4018066771491358,0.3541454459206873,0.6749827253405806
1.0545371668710324,-2.0930100161848713,-0.4925306677365749,1.3593037180138399,0.4951818754910381,1.5168376749654782,1.0224448988115673,0.744941154868668,1.3142975975984117,-0.3140537087902382,0.03484080205616432,0.031023995296748232,-1.8814109345045789,1.5528722494363718,0.8624794758286208,0.8680604298784769,0.2538471968507305,1.3126679907038186,-1.1417114600063851,-1.4976532344066282,0.09635731435272869,-0.20094951180961118,0.83686434004019294,1.1794566608188073,-0.8260872799296616,0.6890433699975578,-0.3159381821778493,-1.0412842408570169,0.20276831075533322,-1.1640023496925038,0.6580565008349646,-0.629307767039456,-0.3667800039773098,0.2338771070289696,0.43619700846525694,1.914920351356731,-0.5273376860466042,-0.9371001675719556,-0.7557924926637141,0.4141453918070313,2.179535441056294,-2.1841922810185612,0.5575732622480571,1.6801119209898343
-1.6758064324718263,2.3684074284944217,-0.35751669699336724,-2.305497518744107,-1.4104777253405403,-2.900333522507062,-1.7229756419115485,-0.6557388542464363,-2.3941308017923997,0.6395050995099768,-0.19071275073907087,-0.46324943987394934,2.547015435201718,-2.993097721076837,-1.5711771369610947,-0.849989639488351,-0.8798760793576845,-1.7797942818583832,2.2081444377714914,2.228750152888024,-0.4693150921080518,-1.1379253883771199,-1.1375470202908782,-2.115326289804807,0.784756773856787,-0.9862891569761727,0.4063617446390182,0.8074917376800349,0.1629925363010433,1.5814749275438387,-1.1329524427315858,0.7660687363483238,0.48800327408924987,-0.9332902602297695,-0.5876254641036479,-2.7292856607966236,0.7719644253466138,0.5929890811163286,0.7173806176092606,-0.4018066771491358,-2.1841922810185612,3.5505448038762726,0.11205602087866628,-1.1804966982821992
-0.2447245311920987,-1.1172019654432128,-1.8858748310470639,-0.9847308824489558,-1.1580249127995745,-0.7760819686767613,-0.2449973684099954,0.12199496031964689,0.8005712681145822,0.0017095524425289335,-0.4637316221971432,-1.1800232532937767,-0.023662853796142518,-0.712212336713591,-0.830035705718971,0.335575571084734,-0.7771658263665867,0.3795238945363393,0.8231922747823951,-0.474564882218716,-0.6280914727143535,-1.7982803579926736,-0.040803769728354394,-0.9288535620442662,-1.4999141573638772,-0.6153223741914363,-0.5807863262048399,-1.359235770863085,0.519809173709482,0.12850393873754223,-0.0972211373350047,0.07256777549355974,0.2027572172405504,-0.5464855014509391,-0.8819713330971016,0.1265352028764861,-0.27912526958189593,-1.1270561395229841,-0.2312277604840267,0.3541454459206873,0.5575732622480571,0.11205602087866628,1.7303515093817556,1.6082305778937376
0.413993090047598,-2.263791350152357,-1.7493692911782448,-0.026125974996351845,-0.6658891981165121,0.31444805458301356,0.3582135370851815,0.6654637066991513,1.3145598375505834,-0.12580981034579858,-0.5885137189820318,-0.9069582044870167,-1.2330822724262156,0.3894944799299257,0.0015419603407767853,0.6742360735917451,-0.3916337352531732,1.1988908091439312,0.10380305310310244,-1.380045760802692,-0.5350389669457586,-1.4697100909912761,0.5897610078282349,0.16151304209800801,-1.9502069512051114,-0.24118439087047294,-0.7969476150588837,-1.7879022051567228,0.6514341595810859,-0.6658627822368034,0.26749563693708506,-0.424833953977914,-0.12546318839466422,-0.2485907810664221,-0.4526864922667008,1.381123284198443,-0.44747843220910477,-1.4868456899817648,-0.5999238608657891,0.6749827253405806,1.6801119209898343,-1.1804966982821992,1.6082305778937376,2.415991939668234
