V1,V2,V3,V4,V5,V6,V7,V8,V9,V10,V11,V12,V13,V14,V15,V16,V17,V18,V19,V20,V21,V22,V23,V24,V25,V26,V27,V28,V29,V30,V31,V32,V33,V34,V35,V36,V37,V38,V39,V40,V41,V42,V43,V44,V45
0.06837462481790423,0.2211576254496079,-0.23199183831947343,-0.08348688314902392,0.24447312605434493,0.30571994468911295,0.14981641174539778,-0.06565565893411225,-0.19012900411030242,0.2349967107164401,-0.22283510207660073,-0.11669334260811469,-0.34305290840302627,0.03961821902154298,8.156919300381845e-4,0.21088785935539547,-0.057651900287587876,-0.014436867735044259,0.09205538789564094,-0.16861271521102322,0.17465797619865056,0.15820246950398803,0.1636583928497533,-0.17200361538667924,0.024890573905932207,-0.11904567860328265,0.10333730458783293,0.03276783056585715,-0.15061777827782383,0.18205372360435487,0.06017117218027708,-0.17420264338238362,0.3723176226008158,0.06326749408855763,0.15293249845837306,0.11880872403746386,-0.04526505658545216,-0.037360614470641276,0.2781843033314825,-0.15473764539374524,0.28851119792409546,-0.09242462633558428,-0.03565049997691641,-0.11371540285954505,-0.05559630540933884
0.2211576254496079,1.9419551940586213,-1.6431466198590619,0.9560452148563381,1.3339040968971974,1.7607906823396904,1.571378469920317,-0.28174033708517116,-1.515156385061327,1.9052915106697745,-2.2895331935075713,-0.1518704129671112,-1.8293413598606747,-0.7785699282670979,-0.8937142071260229,0.5605479639344884,-0.717887309357623,-0.31363716348512044,1.0068445511798467,-3.0495477911509297,0.22656749966177692,1.3757392846897447,1.420375000826191,-2.710327449175402,-0.26549507354516333,-1.242799896449117,1.2275405865219764,0.9486380615828346,-0.7177854012309649,2.4653669233532827,0.1472636383539608,-0.48195765164649945,2.4135769208370856,1.0160588442195833,1.1599817967678718,-0.37415378554424,-0.06878673777231942,-0.26627166210988523,1.667398952830804,-0.7925248410674738,4.691558885105968,-1.2706915164705144,0.5484095352286198,0.3285527723142149,-2.2417932381782943
-0.23199183831947343,-1.6431466198590619,1.5796586998465432,-0.32166365238726224,-1.4886590606533645,-2.1311615367226024,-1.5803635927415864,0.2339661891734616,1.4242023158582149,-1.9429694257017587,2.036814483900856,0.3366143778702814,2.150663251535594,0.1906878083873478,0.6439099495562819,-1.0877792707414449,0.5819906139520765,0.24139420195709146,-0.9166558516339165,2.193861812061355,-0.9051028530153797,-1.2424491865428382,-1.3663819119953542,2.117719192962202,0.24858385701245664,1.0321070996990984,-1.2772528569234527,-0.4847444728115562,0.8711862576421603,-1.9536153788642014,-0.3328353787088621,0.7948278071914839,-2.871845534125738,-0.6558133251604269,-1.0890775372521215,-0.1267481724618226,-0.11323393543782086,0.2077893635996926,-1.9045758850755574,0.6342167631344091,-3.395552531352077,0.9699753855536604,-0.2750791272822905,0.26358172060478935,1.4686363135322364
-0.08348688314902392,0.9560452148563381,-0.32166365238726224,1.913354134980243,-0.28833398834141416,-0.6771132228630831,0.3390826878739817,-0.0698484995208993,-0.4162669219303916,0.2299694407943321,-1.0164000739182375,0.581120330053958,0.6371695419210066,-1.6348485730327051,-0.911358124528746,-1.3135543882916856,-0.46196409369301833,-0.2513878254517091,0.420189843788441,-2.7082546334579294,-1.68198275960517,0.5154932161797985,0.36290964747099674,-2.014142261561672,-0.21327138698123996,-0.7066521257336837,0.2081008181443741,1.290295509096452,0.34219233968513824,1.7176465305921347,-0.4510898059228612,0.828231794094004,-0.7187713634863468,1.0386886570833234,0.30443101887633833,-1.464185708812856,-0.28990410925470544,-0.15023961966917285,-0.38516536776681565,-0.31173857550847534,4.0566830045159,-0.9636665722705832,0.8847697982828618,1.6140603086797667,-2.443451555279998
0.24447312605434493,1.3339040968971974,-1.4886590606533645,-0.28833398834141416,1.6026266887753235,2.419171375150169,1.5360776297766983,-0.19252771045553363,-1.3078478377515195,1.924141067339819,-1.7482091580775732,-0.5115797712786483,-2.4019943812608253,0.3602485999290021,-0.3828534298529891,1.5531914981198907,-0.4406384586332637,-0.16667218787941557,0.8059118056627352,-1.3391657851228564,1.508583309513452,1.0902932298899426,1.2803421368356434,-1.5059792200234294,-0.2142107481492914,-0.8121703838081161,1.2764613968452325,0.046088131487927834,-0.9964234057229981,1.425838961294269,0.49609224575685784,-1.0739323958555351,3.214390656880902,0.30851144448833207,1.0004440085944493,0.599674829329896,0.26114242890913036,-0.15199699243363157,2.0783144429813643,-0.49140961756875834,2.104454024524711,-0.6661593229953622,0.005040601955410637,-0.8100677301197026,-0.702627793777821
0.30571994468911295,1.7607906823396904,-2.1311615367226024,-0.6771132228630831,2.419171375150169,3.841301932102055,2.403806146468904,-0.18869810062974524,-1.879039517936228,2.9380770946095285,-2.5030920980117997,-0.7715170044124428,-3.7172935236120814,0.8591690858424661,-0.5380982386303058,2.589785239565167,-0.5914630690039124,-0.22710193237439535,1.187298687460785,-1.5765160580451822,2.6584764882394745,1.5366393777222518,1.899024538335468,-2.0000538897307654,-0.4104790772612273,-1.0863415059858696,2.0577642142225865,-0.22086123351139572,-1.5374569482973093,1.8825454691799661,0.8482190164792948,-1.7090719600925577,5.150956124859288,0.23146599679103758,1.423663327386814,1.0841766557317478,0.6336710923042597,-0.1648731854850592,3.23003112192135,-0.48733974901472865,2.460333273911262,-0.8347608133403308,-0.06642126917709656,-1.5090194583767045,-0.7210606787687478
0.14981641174539778,1.571378469920317,-1.5803635927415864,0.3390826878739817,1.5360776297766983,2.403806146468904,1.8485516707434049,-0.12706779027243328,-1.4571783501030247,2.1482359529816444,-2.1536405998515646,-0.2615239354844976,-2.301540981113981,-0.05734051018323624,-0.7824712613241738,1.2622896066838551,-0.5974808970926775,-0.26475791313506813,1.005573953242596,-2.1932890207798734,1.186900777120686,1.2623283306523572,1.4683189720272054,-2.2228175091020135,-0.4138173368063349,-1.03030882181856,1.563912519858671,0.34644555661792537,-0.9139169517423503,2.005033910832248,0.4105790009039106,-0.8247934925009955,3.3271224684856167,0.5612631174175271,1.0939965753247898,0.1290803520958861,0.3878555350792401,-0.16101510310428843,2.0834707926114526,-0.39155836794144944,3.3360277376422482,-0.9652136179616511,0.3404040390788098,-0.39112561753094105,-1.5164323068732777
-0.06565565893411225,-0.28174033708517116,0.2339661891734616,-0.0698484995208993,-0.19252771045553363,-0.18869810062974524,-0.12706779027243328,0.07855566487570857,0.19916156586883937,-0.20331243009176642,0.2638754981349815,0.0700906941037216,0.24071636040047265,0.10717513704500375,0.05189899776715675,-0.06649878695802364,0.08525883331337682,0.028893990115317538,-0.10399649525086706,0.3606273543725536,0.008151415069497799,-0.17991362862971397,-0.16259168598658263,0.29601518603465143,-0.02717559916197025,0.16187343156936,-0.07250124362327179,-0.14666938719021017,0.10394350036108879,-0.2896028645889665,-0.009846491866584515,0.0898863084654118,-0.22160303124545952,-0.14969047934206403,-0.1605137478562964,0.0057857445742396305,0.09817373564873745,0.051371556502148766,-0.19812142822856119,0.1946978382119286,-0.5798965069201907,0.1578839442115297,-0.027402017813206968,-0.0380677272945314,0.2316901792349403
-0.19012900411030242,-1.515156385061327,1.4242023158582149,-0.4162669219303916,-1.3078478377515195,-1.879039517936228,-1.4571783501030247,0.19916156586883937,1.2974568748207553,-1.76406621651241,1.8912183493611368,0.2505442750384259,1.8850883607883524,0.2632419767561005,0.6497328588126405,-0.8985754150924203,0.5497038397115499,0.2347227428870857,-0.8523331315227042,2.1306816110182023,-0.7230546649542668,-1.1409247105519025,-1.2502194987194686,2.028531822457362,0.2547946115286349,0.9630587989572046,-1.18310344399457,-0.5001981747286551,0.7552142994022291,-1.8561618778095372,-0.27467084129961916,0.6543616986932383,-2.555670557115723,-0.6411158236223764,-0.9882816652462566,-0.014708187819540482,-0.11288343749103677,0.1890793679486155,-1.686264754299931,0.555138826060649,-3.281124347444653,0.925066498657721,-0.3115470004484019,0.13983141712520877,1.4745291884226155
0.2349967107164401,1.9052915106697745,-1.9429694257017587,0.2299694407943321,1.924141067339819,2.9380770946095285,2.1482359529816444,-0.20331243009176642,-1.76406621651241,2.563721098067386,-2.5363172513628753,-0.41922297132427955,-2.864865993900867,0.022616825338696453,-0.8225772701389875,1.620602022084089,-0.6945513625021833,-0.29529549585450887,1.1731746590615453,-2.477917116976268,1.5111488371143311,1.5172369680340385,1.750115680857551,-2.5321304749962756,-0.4170441639111025,-1.2200912347969364,1.7957992861315308,0.3744234588607169,-1.1547161356304225,2.314268493604918,0.5190253173893099,-1.0956268047354696,4.008511026386834,0.6454276155644271,1.335042368057072,0.3017055732354702,0.38119714633283164,-0.2089356893787575,2.554779429588028,-0.5754037837615399,3.8036078279846444,-1.115298981394803,0.30841728272627156,-0.5842150359130258,-1.6351501246211657
-0.22283510207660073,-2.2895331935075713,2.036814483900856,-1.0164000739182375,-1.7482091580775732,-2.5030920980117997,-2.1536405998515646,0.2638754981349815,1.8912183493611368,-2.5363172513628753,2.8687556246141046,0.1936799554634518,2.4899950670829867,0.7040896642892279,1.138571086302209,-0.9812769440599217,0.8676630748731767,0.3869154696046948,-1.2935961826043618,3.556394334660851,-0.682758043860503,-1.6948911752909006,-1.8313159884280759,3.284183887734554,0.4413463878966925,1.4894632027193662,-1.749372797585057,-0.9507031881626116,0.9736053633850251,-2.964995581779876,-0.2942327515964887,0.718629084828639,-3.4724548767458487,-1.0971120826815433,-1.4331504567693267,0.31494619160832943,-0.15848929626523034,0.28313691775551364,-2.2810940832123703,0.7757541070687678,-5.436571988212124,1.4951974737614788,-0.6486342077079823,-0.1443692674726608,2.6040973113247263
-0.11669334260811469,-0.1518704129671112,0.3366143778702814,0.581120330053958,-0.5115797712786483,-0.7715170044124428,-0.2615239354844976,0.0700906941037216,0.2505442750384259,-0.41922297132427955,0.1936799554634518,0.31826369875364874,0.7945700568602333,-0.4818954350766735,-0.17130411569496248,-0.7224593660599747,1.8620350083465626e-4,-0.025432073143487496,-0.09097215023929313,-0.3220893308716012,-0.7718824380555308,-0.16770156552899665,-0.23500702010800092,-0.12845944686988459,-0.046756258626650185,0.04748998022134771,-0.21555047054988075,0.27655493858372154,0.35624830190209195,0.05759875244425307,-0.23175656540299244,0.5069113739333934,-0.9493004463909432,0.15189905113740645,-0.20198492779587235,-0.5464722916412015,-0.06243666853390261,0.018715637875860315,-0.629603128514419,0.13450874953699743,0.4358128345388644,-0.05922217998694351,0.24765995285061493,0.6057636564795842,-0.44818759077698445
-0.34305290840302627,-1.8293413598606747,2.150663251535594,0.6371695419210066,-2.4019943812608253,-3.7172935236120814,-2.301540981113981,0.24071636040047265,1.8850883607883524,-2.864865993900867,2.4899950670829867,0.7945700568602333,3.6501997133276225,-0.7580050239944202,0.5013946237810369,-2.4875506352747374,0.6000842911177899,0.22466094605093306,-1.1637636697581857,1.6581747376623717,-2.4969196956182724,-1.5494415867454059,-1.8716893391771103,2.0168299607003597,0.34207726117711595,1.1119613031968836,-1.9418926792165296,0.12344655252356183,1.5165919464917592,-1.9151629181312178,-0.8044594354797638,1.681706194134751,-4.948730245673742,-0.3040215250102541,-1.4372470098544488,-1.0492883866204101,-0.5021943969808652,0.1913196079169913,-3.1541176949314385,0.6103241211576843,-2.610354716632642,0.8674735277281482,0.07294977730917432,1.4144651632174015,0.7690046118333104
0.03961821902154298,-0.7785699282670979,0.1906878083873478,-1.6348485730327051,0.3602485999290021,0.8591690858424661,-0.05734051018323624,0.10717513704500375,0.2632419767561005,0.022616825338696453,0.7040896642892279,-0.4818954350766735,-0.7580050239944202,1.484052030465554,0.6786486600176167,1.2993292509562169,0.36028413937509335,0.19176874942477629,-0.26453071757492314,2.2304176194627194,1.6683383255341713,-0.36696492818773213,-0.1819360905975874,1.5732185339804718,0.07951047854779932,0.5575533586169804,0.05043443948449578,-1.1710904191861304,-0.3696692434212917,-1.3546238079081379,0.45398198520861205,-0.7812551538152736,1.0382098001900453,-0.9181063334043907,-0.2007795684874502,1.2808120898614004,0.4105708407489951,0.14485669754230837,0.5405995857941668,0.37026442337239535,-3.3677244399879003,0.7859385133434631,-0.7171129089358115,-1.4877505340889432,2.01424466506207
8.156919300381845e-4,-0.8937142071260229,0.6439099495562819,-0.911358124528746,-0.3828534298529891,-0.5380982386303058,-0.7824712613241738,0.05189899776715675,0.6497328588126405,-0.8225772701389875,1.138571086302209,-0.17130411569496248,0.5013946237810369,0.6786486600176167,0.6565613670317586,0.11215197238815124,0.38799533857654156,0.19443503370184262,-0.5144242341636727,1.8385045938020765,0.27298003875103505,-0.6261205391306595,-0.6425046132761314,1.5752446449582864,0.2504352394594679,0.6264701001850462,-0.6400793463553827,-0.626930538481415,0.158622759545255,-1.3722243513523356,0.042593802975910686,-0.07422571284341836,-0.848867439344108,-0.5992729397410389,-0.4806622507167044,0.5692281104376579,-0.04987412625348474,0.10686154785264221,-0.5407458706334505,0.2154448458839222,-2.7598351356471404,0.7123917163626561,-0.49018963757537176,-0.5270468113433479,1.5174934199374874
0.21088785935539547,0.5605479639344884,-1.0877792707414449,-1.3135543882916856,1.5531914981198907,2.589785239565167,1.2622896066838551,-0.06649878695802364,-0.8985754150924203,1.620602022084089,-0.9812769440599217,-0.7224593660599747,-2.4875506352747374,1.2993292509562169,0.11215197238815124,2.157617335804794,-0.1241641990526617,-0.01398340540526589,0.4980141275602947,0.38339457032592317,2.3841607367738065,0.6498776716158219,0.9418824637375304,-0.2071061539972656,-0.15167073529474623,-0.29315978379666163,1.1257465946533325,-0.762052678806435,-1.064730216529054,0.27607891247091143,0.718469956461395,-1.3975419117118577,3.3900995153564315,-0.3733637123370871,0.6841739951622138,1.3366234174513427,0.5334030972720303,-0.019596443323122003,2.0845876295838646,-0.1122119483185948,-0.5219991175735638,-0.022720131302907193,-0.4583061657344408,-1.667433760550622,0.7502672635668357
-0.057651900287587876,-0.717887309357623,0.5819906139520765,-0.46196409369301833,-0.4406384586332637,-0.5914630690039124,-0.5974808970926775,0.08525883331337682,0.5497038397115499,-0.6945513625021833,0.8676630748731767,1.8620350083465626e-4,0.6000842911177899,0.36028413937509335,0.38799533857654156,-0.1241641990526617,0.27914042266929173,0.1279296718678023,-0.38509169546435096,1.2276965377305398,-2.5354052379689514e-4,-0.5072091676760663,-0.5236094637317805,1.079280658375061,0.1292124706388921,0.4724483481007742,-0.4738577593254452,-0.393321368749774,0.22665365188260192,-0.9671551812328353,-0.029637207956479616,0.11014363514615061,-0.8374735870116278,-0.4046683720200723,-0.41701553852908324,0.22965765384799983,0.003971329145082343,0.09433849025280068,-0.5666690229115121,0.25649970792073973,-1.8727315347102096,0.49956277617351375,-0.2582064331159533,-0.20633811585886644,0.9413910185015815
-0.014436867735044259,-0.31363716348512044,0.24139420195709146,-0.2513878254517091,-0.16667218787941557,-0.22710193237439535,-0.26475791313506813,0.028893990115317538,0.2347227428870857,-0.29529549585450887,0.3869154696046948,-0.025432073143487496,0.22466094605093306,0.19176874942477629,0.19443503370184262,-0.01398340540526589,0.1279296718678023,0.061653540755008195,-0.17255312540090564,0.5815210950835117,0.04196026957206578,-0.22031054778817372,-0.2264825615932453,0.5052714642180022,0.06918178270761428,0.2114170889312323,-0.21340870791933955,-0.19204774504116048,0.08005502778509094,-0.44652951097203475,-6.241749000019335e-4,0.016236350875408128,-0.33491940769968104,-0.19044240473811433,-0.1762024147996387,0.1423667006876347,-0.005139236399915368,0.039570266128671844,-0.2217919232344891,0.09688738972033994,-0.8805451925298057,0.231273356326899,-0.1377124322763714,-0.13100048684418464,0.4622661952798559
0.09205538789564094,1.0068445511798467,-0.9166558516339165,0.420189843788441,0.8059118056627352,1.187298687460785,1.005573953242596,-0.10399649525086706,-0.8523331315227042,1.1731746590615453,-1.2935961826043618,-0.09097215023929313,-1.1637636697581857,-0.26453071757492314,-0.5144242341636727,0.4980141275602947,-0.38509169546435096,-0.17255312540090564,0.5893583347031158,-1.5514586336786993,0.38597282664147853,0.7594502021221682,0.835926331312539,-1.45793756196887,-0.21757834344515287,-0.659587875484275,0.8269183795796857,0.38366891677181963,-0.45518863889759364,1.3128777171777035,0.15405208956693986,-0.34840381423297206,1.6523384723726375,0.46142810988787764,0.6436327047932208,-0.10961570640761736,0.11579320509882148,-0.11872845588774224,1.0673817392216671,-0.3121609784026933,2.3658552616402195,-0.6558553113521909,0.2829555547124447,0.011525680574248826,-1.1320319403008612
-0.16861271521102322,-3.0495477911509297,2.193861812061355,-2.7082546334579294,-1.3391657851228564,-1.5765160580451822,-2.1932890207798734,0.3606273543725536,2.1306816110182023,-2.477917116976268,3.556394334660851,-0.3220893308716012,1.6581747376623717,2.2304176194627194,1.8385045938020765,0.38339457032592317,1.2276965377305398,0.5815210950835117,-1.5514586336786993,5.81721707639712,1.052634634391545,-2.045977258283059,-1.9933364500078599,4.871308670890022,0.5307715798523166,2.041198655495025,-1.6871588079880304,-2.143675105006828,0.5698366591579259,-4.325407089199654,0.17946167253287415,-0.11052613922364211,-2.354392490335267,-2.0273669681775575,-1.6136204095457296,1.6486439362038519,0.2494433628697768,0.4246924043832372,-1.6836044380148187,1.1245969001875022,-8.842704194162657,2.285581833914386,-1.391604436943676,-1.6875361448392592,4.6623743768196855
0.17465797619865056,0.22656749966177692,-0.9051028530153797,-1.68198275960517,1.508583309513452,2.6584764882394745,1.186900777120686,0.008151415069497799,-0.7230546649542668,1.5111488371143311,-0.682758043860503,-0.7718824380555308,-2.4969196956182724,1.6683383255341713,0.27298003875103505,2.3841607367738065,-2.5354052379689514e-4,0.04196026957206578,0.38597282664147853,1.052634634391545,2.7378674865354222,0.4652805725339404,0.8094516707493272,0.28497718269251077,-0.16091637077026075,-0.08259451433343301,1.1041793712523507,-1.0927722489756966,-1.0768938372566532,-0.17069010708090485,0.8065644171437168,-1.498197993311742,3.483396720897649,-0.6543430147002833,0.5447045274812898,1.595366198784438,0.6912401501892258,0.043548437271864374,2.079226079870736,0.09439287923655193,-1.5565553616464178,0.23143897361450788,-0.6150637876125539,-1.995531449611405,1.2938500905416803
0.15820246950398803,1.3757392846897447,-1.2424491865428382,0.5154932161797985,1.0902932298899426,1.5366393777222518,1.2623283306523572,-0.17991362862971397,-1.1409247105519025,1.5172369680340385,-1.6948911752909006,-0.16770156552899665,-1.5494415867454059,-0.36696492818773213,-0.6261205391306595,0.6498776716158219,-0.5072091676760663,-0.22031054778817372,0.7594502021221682,-2.045977258283059,0.4652805725339404,1.0162929692595977,1.0937395167449286,-1.8962109843443664,-0.22931437685080225,-0.8812848088711249,1.016603468481975,0.5404587599540001,-0.6141220786329374,1.726416269591982,0.1937619994644967,-0.4878797325596665,2.103566709229303,0.6382022316960939,0.8686775784858075,-0.1105902312007755,0.06198233361377843,-0.17576711828434452,1.3999913155671064,-0.508893090845745,3.1431591080142667,-0.8704947811469175,0.3377520425843155,0.021037813640653408,-1.4617639333392856
0.1636583928497533,1.420375000826191,-1.3663819119953542,0.36290964747099674,1.2803421368356434,1.899024538335468,1.4683189720272054,-0.16259168598658263,-1.2502194987194686,1.750115680857551,-1.8313159884280759,-0.23500702010800092,-1.8716893391771103,-0.1819360905975874,-0.6425046132761314,0.9418824637375304,-0.5236094637317805,-0.2264825615932453,0.835926331312539,-1.9933364500078599,0.8094516707493272,1.0937395167449286,1.2242116174607238,-1.9380511285160207,-0.2843487010364715,-0.9123736160420295,1.2114285703833414,0.4170218155726695,-0.747269293273462,1.764665582518737,0.2955620955471755,-0.6575939249300584,2.6002411840367095,0.5701627816531518,0.9473215330443179,0.0477768976408931,0.18784071214852252,-0.16668945465100943,1.6818014945188182,-0.4645303567704872,3.0567799524898067,-0.8690531330183949,0.2975774742938619,-0.2049245399972713,-1.3791259794831245
-0.17200361538667924,-2.710327449175402,2.117719192962202,-2.014142261561672,-1.5059792200234294,-2.0000538897307654,-2.2228175091020135,0.29601518603465143,2.028531822457362,-2.5321304749962756,3.284183887734554,-0.12845944686988459,2.0168299607003597,1.5732185339804718,1.5752446449582864,-0.2071061539972656,1.079280658375061,0.5052714642180022,-1.45793756196887,4.871308670890022,0.28497718269251077,-1.8962109843443664,-1.9380511285160207,4.226993326534924,0.5275244756551077,1.80697244925451,-1.764253359626031,-1.620265294611052,0.7388481083893829,-3.7633026493024873,-0.028842636856566264,0.22974672136149543,-2.8912818295841842,-1.6187939824358997,-1.532724274239693,1.1012436675520825,0.023579395114369264,0.35471192715281363,-1.9539060641276382,0.9244445275101543,-7.405048409732068,1.953229123206458,-1.098530685148074,-1.027400794639654,3.8163020682423565
0.024890573905932207,-0.26549507354516333,0.24858385701245664,-0.21327138698123996,-0.2142107481492914,-0.4104790772612273,-0.4138173368063349,-0.02717559916197025,0.2547946115286349,-0.4170441639111025,0.4413463878966925,-0.046756258626650185,0.34207726117711595,0.07951047854779932,0.2504352394594679,-0.15167073529474623,0.1292124706388921,0.06918178270761428,-0.21757834344515287,0.5307715798523166,-0.16091637077026075,-0.22931437685080225,-0.2843487010364715,0.5275244756551077,0.15377037430749554,0.20163345452067993,-0.3725307944851015,-0.08922938241857438,0.12013870947909648,-0.4470509765596859,-0.05735684723160161,0.062104721009393696,-0.6229721671237257,-0.11968655473090954,-0.1810231317381811,0.10113383188347813,-0.16002878615839247,0.01287923168403019,-0.34519679318213037,-0.034113860905128676,-0.7741838439030042,0.21234991694936067,-0.15148361674653202,-0.018022204293374484,0.4367508588393367
-0.11904567860328265,-1.242799896449117,1.0321070996990984,-0.7066521257336837,-0.8121703838081161,-1.0863415059858696,-1.03030882181856,0.16187343156936,0.9630587989572046,-1.2200912347969364,1.4894632027193662,0.04748998022134771,1.1119613031968836,0.5575533586169804,0.6264701001850462,-0.29315978379666163,0.4724483481007742,0.2114170889312323,-0.659587875484275,2.041198655495025,-0.08259451433343301,-0.8812848088711249,-0.9123736160420295,1.80697244925451,0.20163345452067993,0.8084785356454325,-0.8121815238179777,-0.6412182223420141,0.42864778038676554,-1.6302746660730705,-0.07544516952122376,0.2514102164667758,-1.5140275967479588,-0.673864475348707,-0.7337105913314811,0.31827642730762923,0.01716164131272432,0.1659244055689523,-1.0319898633681817,0.4700458018037584,-3.1251170500167356,0.8404464977232277,-0.4009928308023353,-0.27916037296034135,1.5350205878313796
0.10333730458783293,1.2275405865219764,-1.2772528569234527,0.2081008181443741,1.2764613968452325,2.0577642142225865,1.563912519858671,-0.07250124362327179,-1.18310344399457,1.7957992861315308,-1.749372797585057,-0.21555047054988075,-1.9418926792165296,0.05043443948449578,-0.6400793463553827,1.1257465946533325,-0.4738577593254452,-0.21340870791933955,0.8269183795796857,-1.6871588079880304,1.1041793712523507,1.016603468481975,1.2114285703833414,-1.764253359626031,-0.3725307944851015,-0.8121815238179777,1.3439498293957537,0.19676844328861784,-0.7692193955995775,1.5835795957080594,0.37284195442872303,-0.7136506931220155,2.860009798424344,0.3943051493558804,0.882562665993365,0.16235376065927928,0.39758980212851786,-0.11361145750785782,1.7607338024625971,-0.24449488023939409,2.5524132128488706,-0.7488174279679543,0.2609359991752409,-0.41252576358872856,-1.1571417075138695
0.03276783056585715,0.9486380615828346,-0.4847444728115562,1.290295509096452,0.046088131487927834,-0.22086123351139572,0.34644555661792537,-0.14666938719021017,-0.5001981747286551,0.3744234588607169,-0.9507031881626116,0.27655493858372154,0.12344655252356183,-1.1710904191861304,-0.626930538481415,-0.762052678806435,-0.393321368749774,-0.19204774504116048,0.38366891677181963,-2.143675105006828,-1.0927722489756966,0.5404587599540001,0.4170218155726695,-1.620265294611052,-0.08922938241857438,-0.6412182223420141,0.19676844328861784,1.0015179925766013,0.093944206221207,1.4291506024152079,-0.278974730957252,0.41702391753382284,-0.22102234052438943,0.8426296219788884,0.38528206056777264,-0.9312842490723168,-0.3222942484171652,-0.1601787424707386,-0.01791993599172674,-0.4497609782504586,3.263503967268087,-0.7989552394428683,0.5865609787035438,1.0742138823037468,-1.8178796012773133
-0.15061777827782383,-0.7177854012309649,0.8711862576421603,0.34219233968513824,-0.9964234057229981,-1.5374569482973093,-0.9139169517423503,0.10394350036108879,0.7552142994022291,-1.1547161356304225,0.9736053633850251,0.35624830190209195,1.5165919464917592,-0.3696692434212917,0.158622759545255,-1.064730216529054,0.22665365188260192,0.08005502778509094,-0.45518863889759364,0.5698366591579259,-1.0768938372566532,-0.6141220786329374,-0.747269293273462,0.7388481083893829,0.12013870947909648,0.42864778038676554,-0.7692193955995775,0.093944206221207,0.6350248402750314,-0.7131825450438806,-0.3437780986469211,0.7231816287308657,-2.0327422926402128,-0.08865371725848427,-0.578070304333683,-0.4915690588360111,-0.19948953665492533,0.07574878431450839,-1.3005112618023857,0.2553433634512737,-0.9101032685747928,0.3175946000970239,0.07112199982704889,0.6397439586333538,0.21182720749186024
0.18205372360435487,2.4653669233532827,-1.9536153788642014,1.7176465305921347,1.425838961294269,1.8825454691799661,2.005033910832248,-0.2896028645889665,-1.8561618778095372,2.314268493604918,-2.964995581779876,0.05759875244425307,-1.9151629181312178,-1.3546238079081379,-1.3722243513523356,0.27607891247091143,-0.9671551812328353,-0.44652951097203475,1.3128777171777035,-4.325407089199654,-0.17069010708090485,1.726416269591982,1.764665582518737,-3.7633026493024873,-0.4470509765596859,-1.6302746660730705,1.5835795957080594,1.4291506024152079,-0.7131825450438806,3.364632049223042,0.0525649044399127,-0.28098066591094495,2.688067548857622,1.4422443159628342,1.4067238252454766,-0.9052972318272674,-0.043836042795249316,-0.32709396106435673,1.8301569710313939,-0.8796775454487179,6.59023111422743,-1.7454067577941075,0.9406068946719794,0.8446834540444657,-3.3523842907398262
0.06017117218027708,0.1472636383539608,-0.3328353787088621,-0.4510898059228612,0.49609224575685784,0.8482190164792948,0.4105790009039106,-0.009846491866584515,-0.27467084129961916,0.5190253173893099,-0.2942327515964887,-0.23175656540299244,-0.8044594354797638,0.45398198520861205,0.042593802975910686,0.718469956461395,-0.029637207956479616,-6.241749000019335e-4,0.15405208956693986,0.17946167253287415,0.8065644171437168,0.1937619994644967,0.2955620955471755,-0.028842636856566264,-0.05735684723160161,-0.07544516952122376,0.37284195442872303,-0.278974730957252,-0.3437780986469211,0.0525649044399127,0.24168746237088323,-0.4582582004893882,1.1147914232644522,-0.14732502439026962,0.2073117525156116,0.4503808086046393,0.19723863499381158,0.0012016235444679908,0.6753613646939527,-0.0067055475912634905,-0.25810407157291376,0.015056351961623887,-0.15714650475088948,-0.5675964405560895,0.2844530556040676
-0.17420264338238362,-0.48195765164649945,0.7948278071914839,0.828231794094004,-1.0739323958555351,-1.7090719600925577,-0.8247934925009955,0.0898863084654118,0.6543616986932383,-1.0956268047354696,0.718629084828639,0.5069113739333934,1.681706194134751,-0.7812551538152736,-0.07422571284341836,-1.3975419117118577,0.11014363514615061,0.016236350875408128,-0.34840381423297206,-0.11052613922364211,-1.498197993311742,-0.4878797325596665,-0.6575939249300584,0.22974672136149543,0.062104721009393696,0.2514102164667758,-0.7136506931220155,0.41702391753382284,0.7231816287308657,-0.28098066591094495,-0.4582582004893882,0.937511808572902,-2.211186793007155,0.16914312797669606,-0.5041368620877495,-0.8650159746078246,-0.26484831705928863,0.039905220963277165,-1.399251580594709,0.18529630659358162,0.10809952719814774,0.07488403160437826,0.29745503558341707,1.0463567554971027,-0.406175545987695
0.3723176226008158,2.4135769208370856,-2.871845534125738,-0.7187713634863468,3.214390656880902,5.150956124859288,3.3271224684856167,-0.22160303124545952,-2.555670557115723,4.008511026386834,-3.4724548767458487,-0.9493004463909432,-4.948730245673742,1.0382098001900453,-0.848867439344108,3.3900995153564315,-0.8374735870116278,-0.33491940769968104,1.6523384723726375,-2.354392490335267,3.483396720897649,2.103566709229303,2.6002411840367095,-2.8912818295841842,-0.6229721671237257,-1.5140275967479588,2.860009798424344,-0.22102234052438943,-2.0327422926402128,2.688067548857622,1.1147914232644522,-2.211186793007155,6.955962485618068,0.37261705440533444,1.9287282626198388,1.3098265069007746,0.9104306880276791,-0.21785986214797026,4.331811609586403,-0.5968599270419287,3.6390474925198286,-1.2017536335245258,0.016270579816675082,-1.9048405639054178,-1.2060685063676848
0.06326749408855763,1.0160588442195833,-0.6558133251604269,1.0386886570833234,0.30851144448833207,0.23146599679103758,0.5612631174175271,-0.14969047934206403,-0.6411158236223764,0.6454276155644271,-1.0971120826815433,0.15189905113740645,-0.3040215250102541,-0.9181063334043907,-0.5992729397410389,-0.3733637123370871,-0.4046683720200723,-0.19044240473811433,0.46142810988787764,-2.0273669681775575,-0.6543430147002833,0.6382022316960939,0.5701627816531518,-1.6187939824358997,-0.11968655473090954,-0.673864475348707,0.3943051493558804,0.8426296219788884,-0.08865371725848427,1.4422443159628342,-0.14732502439026962,0.16914312797669606,0.37261705440533444,0.7564747428377395,0.490884267143275,-0.6831845736220276,-0.21356609701776222,-0.15783022854406809,0.34002008596633093,-0.44732820688573577,3.093347964730384,-0.782104848224138,0.49760194276725345,0.7630245387052399,-1.648950824324109
0.15293249845837306,1.1599817967678718,-1.0890775372521215,0.30443101887633833,1.0004440085944493,1.423663327386814,1.0939965753247898,-0.1605137478562964,-0.9882816652462566,1.335042368057072,-1.4331504567693267,-0.20198492779587235,-1.4372470098544488,-0.2007795684874502,-0.4806622507167044,0.6841739951622138,-0.41701553852908324,-0.1762024147996387,0.6436327047932208,-1.6136204095457296,0.5447045274812898,0.8686775784858075,0.9473215330443179,-1.532724274239693,-0.1810231317381811,-0.7337105913314811,0.882562665993365,0.38528206056777264,-0.578070304333683,1.4067238252454766,0.2073117525156116,-0.5041368620877495,1.9287282626198388,0.490884267143275,0.7548134479668659,0.020931739367263936,0.06783469166107581,-0.14734084263880554,1.2813109734293098,-0.44188303237751214,2.490662290618869,-0.7029919034217412,0.22770501383519562,-0.10903025719746254,-1.1093096778343814
0.11880872403746386,-0.37415378554424,-0.1267481724618226,-1.464185708812856,0.599674829329896,1.0841766557317478,0.1290803520958861,0.0057857445742396305,-0.014708187819540482,0.3017055732354702,0.31494619160832943,-0.5464722916412015,-1.0492883866204101,1.2808120898614004,0.5692281104376579,1.3366234174513427,0.22965765384799983,0.1423667006876347,-0.10961570640761736,1.6486439362038519,1.595366198784438,-0.1105902312007755,0.0477768976408931,1.1012436675520825,0.10113383188347813,0.31827642730762923,0.16235376065927928,-0.9312842490723168,-0.4915690588360111,-0.9052972318272674,0.4503808086046393,-0.8650159746078246,1.3098265069007746,-0.6831845736220276,0.020931739367263936,1.212798277751104,0.27819833652568154,0.07320774332876993,0.7872950257115735,0.11134487254346132,-2.4466897860672123,0.541020166208802,-0.6427553700661323,-1.3743315813589287,1.609637749081046
-0.04526505658545216,-0.06878673777231942,-0.11323393543782086,-0.28990410925470544,0.26114242890913036,0.6336710923042597,0.3878555350792401,0.09817373564873745,-0.11288343749103677,0.38119714633283164,-0.15848929626523034,-0.06243666853390261,-0.5021943969808652,0.4105708407489951,-0.04987412625348474,0.5334030972720303,0.003971329145082343,-0.005139236399915368,0.11579320509882148,0.2494433628697768,0.6912401501892258,0.06198233361377843,0.18784071214852252,0.023579395114369264,-0.16002878615839247,0.01716164131272432,0.39758980212851786,-0.3222942484171652,-0.19948953665492533,-0.043836042795249316,0.19723863499381158,-0.26484831705928863,0.9104306880276791,-0.21356609701776222,0.06783469166107581,0.27819833652568154,0.34920844635180714,0.05308191226259892,0.4597330709798598,0.23933485022886472,-0.422641744268397,0.07298034840528352,-0.061021112588425255,-0.4498988574768484,0.2298686450198265
-0.037360614470641276,-0.26627166210988523,0.2077893635996926,-0.15023961966917285,-0.15199699243363157,-0.1648731854850592,-0.16101510310428843,0.051371556502148766,0.1890793679486155,-0.2089356893787575,0.28313691775551364,0.018715637875860315,0.1913196079169913,0.14485669754230837,0.10686154785264221,-0.019596443323122003,0.09433849025280068,0.039570266128671844,-0.11872845588774224,0.4246924043832372,0.043548437271864374,-0.17576711828434452,-0.16668945465100943,0.35471192715281363,0.01287923168403019,0.1659244055689523,-0.11361145750785782,-0.1601787424707386,0.07574878431450839,-0.32709396106435673,0.0012016235444679908,0.039905220963277165,-0.21785986214797026,-0.15783022854406809,-0.14734084263880554,0.07320774332876993,0.05308191226259892,0.042256415406917464,-0.1720834626455797,0.137948457734243,-0.659629018570809,0.1744303779657406,-0.0742113124314899,-0.08837880942074726,0.3133876185375897
0.2781843033314825,1.667398952830804,-1.9045758850755574,-0.38516536776681565,2.0783144429813643,3.23003112192135,2.0834707926114526,-0.19812142822856119,-1.686264754299931,2.554779429588028,-2.2810940832123703,-0.629603128514419,-3.1541176949314385,0.5405995857941668,-0.5407458706334505,2.0845876295838646,-0.5666690229115121,-0.2217919232344891,1.0673817392216671,-1.6836044380148187,2.079226079870736,1.3999913155671064,1.6818014945188182,-1.9539060641276382,-0.34519679318213037,-1.0319898633681817,1.7607338024625971,-0.01791993599172674,-1.3005112618023857,1.8301569710313939,0.6753613646939527,-1.399251580594709,4.331811609586403,0.34002008596633093,1.2813109734293098,0.7872950257115735,0.4597330709798598,-0.1720834626455797,2.7484213345729147,-0.5185121259246523,2.622566917990964,-0.8406477400343912,0.02504101505724296,-1.1145322288057502,-0.8930434956750058
-0.15473764539374524,-0.7925248410674738,0.6342167631344091,-0.31173857550847534,-0.49140961756875834,-0.48733974901472865,-0.39155836794144944,0.1946978382119286,0.555138826060649,-0.5754037837615399,0.7757541070687678,0.13450874953699743,0.6103241211576843,0.37026442337239535,0.2154448458839222,-0.1122119483185948,0.25649970792073973,0.09688738972033994,-0.3121609784026933,1.1245969001875022,0.09439287923655193,-0.508893090845745,-0.4645303567704872,0.9244445275101543,-0.034113860905128676,0.4700458018037584,-0.24449488023939409,-0.4497609782504586,0.2553433634512737,-0.8796775454487179,-0.0067055475912634905,0.18529630659358162,-0.5968599270419287,-0.44732820688573577,-0.44188303237751214,0.11134487254346132,0.23933485022886472,0.137948457734243,-0.5185121259246523,0.4969139051439054,-1.7801207826384053,0.4766021116323561,-0.1396123791511992,-0.1895884240988156,0.7762920392558265
0.28851119792409546,4.691558885105968,-3.395552531352077,4.0566830045159,2.104454024524711,2.460333273911262,3.3360277376422482,-0.5798965069201907,-3.281124347444653,3.8036078279846444,-5.436571988212124,0.4358128345388644,-2.610354716632642,-3.3677244399879003,-2.7598351356471404,-0.5219991175735638,-1.8727315347102096,-0.8805451925298057,2.3658552616402195,-8.842704194162657,-1.5565553616464178,3.1431591080142667,3.0567799524898067,-7.405048409732068,-0.7741838439030042,-3.1251170500167356,2.5524132128488706,3.263503967268087,-0.9101032685747928,6.59023111422743,-0.25810407157291376,0.10809952719814774,3.6390474925198286,3.093347964730384,2.490662290618869,-2.4466897860672123,-0.422641744268397,-0.659629018570809,2.622566917990964,-1.7801207826384053,13.460211843455209,-3.484779640973663,2.081039876857775,2.52024372738062,-7.053639413037928
-0.09242462633558428,-1.2706915164705144,0.9699753855536604,-0.9636665722705832,-0.6661593229953622,-0.8347608133403308,-0.9652136179616511,0.1578839442115297,0.925066498657721,-1.115298981394803,1.4951974737614788,-0.05922217998694351,0.8674735277281482,0.7859385133434631,0.7123917163626561,-0.022720131302907193,0.49956277617351375,0.231273356326899,-0.6558553113521909,2.285581833914386,0.23143897361450788,-0.8704947811469175,-0.8690531330183949,1.953229123206458,0.21234991694936067,0.8404464977232277,-0.7488174279679543,-0.7989552394428683,0.3175946000970239,-1.7454067577941075,0.015056351961623887,0.07488403160437826,-1.2017536335245258,-0.782104848224138,-0.7029919034217412,0.541020166208802,0.07298034840528352,0.1744303779657406,-0.8406477400343912,0.4766021116323561,-3.484779640973663,0.9144050200947933,-0.5100573967475001,-0.5358880246662522,1.7899358728796733
-0.03565049997691641,0.5484095352286198,-0.2750791272822905,0.8847697982828618,0.005040601955410637,-0.06642126917709656,0.3404040390788098,-0.027402017813206968,-0.3115470004484019,0.30841728272627156,-0.6486342077079823,0.24765995285061493,0.07294977730917432,-0.7171129089358115,-0.49018963757537176,-0.4583061657344408,-0.2582064331159533,-0.1377124322763714,0.2829555547124447,-1.391604436943676,-0.6150637876125539,0.3377520425843155,0.2975774742938619,-1.098530685148074,-0.15148361674653202,-0.4009928308023353,0.2609359991752409,0.5865609787035438,0.07112199982704889,0.9406068946719794,-0.15714650475088948,0.29745503558341707,0.016270579816675082,0.49760194276725345,0.22770501383519562,-0.6427553700661323,-0.061021112588425255,-0.0742113124314899,0.02504101505724296,-0.1396123791511992,2.081039876857775,-0.5100573967475001,0.4321261219925579,0.6713340359265917,-1.2237484933165201
-0.11371540285954505,0.3285527723142149,0.26358172060478935,1.6140603086797667,-0.8100677301197026,-1.5090194583767045,-0.39112561753094105,-0.0380677272945314,0.13983141712520877,-0.5842150359130258,-0.1443692674726608,0.6057636564795842,1.4144651632174015,-1.4877505340889432,-0.5270468113433479,-1.667433760550622,-0.20633811585886644,-0.13100048684418464,0.011525680574248826,-1.6875361448392592,-1.995531449611405,0.021037813640653408,-0.2049245399972713,-1.027400794639654,-0.018022204293374484,-0.27916037296034135,-0.41252576358872856,1.0742138823037468,0.6397439586333538,0.8446834540444657,-0.5675964405560895,1.0463567554971027,-1.9048405639054178,0.7630245387052399,-0.10903025719746254,-1.3743315813589287,-0.4498988574768484,-0.08837880942074726,-1.1145322288057502,-0.1895884240988156,2.52024372738062,-0.5358880246662522,0.6713340359265917,1.6259791063941968,-1.675958971230618
