V1,V2,V3,V4,V5,V6,V7,V8,V9,V10,V11,V12,V13,V14,V15,V16,V17,V18,V19,V20,V21,V22,V23,V24,V25,V26,V27,V28,V29,V30,V31,V32,V33,V34,V35,V36,V37,V38,V39,V40,V41,V42,V43,V44,V45
15.142822765011804,-1.7695227509880322,-6.388439563521659,-7.921698957687222,14.18970624929012,5.8891323757708705,0.057527056419474316,-39.148927351128286,-33.23080519724854,-6.15794366494588,-1.0932083739266079,-7.381936703522006,-1.5001390585035852,-5.046729302264132,3.878198948039517,8.751295280877805,22.426493659313,-8.879002639878163,-3.9034824348084594,-14.635805384383119,-6.759669286296097,-3.415347780096066,11.100877756309321,-5.221019989262411,12.546387987491453,-9.719773893551874,-1.9293527549267495,3.1258125046411385,-7.692674142738672,11.28424411734439,-0.5247396307472464,17.73810999816283,16.893813372179547,15.707309493147882,-7.751783834869169,-31.61534651742413,0.7675291353873122,-21.36839357849682,19.615209243420924,15.269343642573395,-18.384263149733336,5.6916384559934885,-3.4223438432124746,-5.726725766250524,21.511239917231688
-1.7695227509880322,0.4268313962631769,0.7973803274705198,1.5806105563558983,-1.349634916973306,-0.9907414289759181,-0.27654852242005123,4.274137645292857,3.5934082093199584,0.8942035567150699,0.719946372907167,0.5014740681147419,0.45675595261713164,1.1908094532578468,-0.3898430076455255,-1.0737555648270563,-2.2568501211426018,0.8025334737462787,0.5099771070042475,1.8338996873767697,0.826530074734722,0.26960544804618514,-1.4481831688454296,0.7607937655586601,-1.787796138594132,1.5355346737619502,-0.15419083961876864,-0.21383178738680053,0.8987790923812502,-1.348398298233716,0.3400747641381607,-2.255689783904796,-2.3188728546060178,-1.5406096439749608,0.6495581301045613,3.163556826784087,0.30218944835256906,1.8888714114120257,-2.5306308310246814,-1.9572221546000095,1.579202054322151,-0.9927406390457946,0.48833592822943034,-0.13512150659977043,-2.2379016107445513
-6.388439563521659,0.7973803274705198,2.7080290877500137,3.4934173207163375,-5.913590482004709,-2.5531398911267327,-0.088657385208418385,16.438774515613556,13.941894452642892,2.632807626706318,0.589696942815889,3.027392459536761,0.6942621714638487,2.273256247158671,-1.6201600092790607,-3.695962379113138,-9.373103703627057,3.6897725076009817,1.6647815559302679,6.190964747628612,2.8552779425419956,1.4044934962834768,-4.714337897050843,2.23816170943857,-5.3558041973430175,4.19129922935515,0.7291460910077167,-1.28426698340317,3.251607989205599,-4.771527967331559,0.28026506483626334,-7.518867561414602,-7.205254178900055,-6.5515150378517495,3.2071112251177127,13.214603525831736,-0.23382678868314177,8.875019674687744,-8.323121377313642,-6.474725094631489,7.621179979136167,-2.48434320803478,1.4680634385943705,2.230422960156089,-9.004582085885056
-7.921698957687222,1.5806105563558983,3.4934173207163375,6.117443698067827,-6.4919875056655725,-3.9739245802777643,-0.8479142915056908,19.547869321422713,16.46528698510507,3.7037865137760146,2.330467343238399,2.7798082031321383,1.6350125184806688,4.4647844430454375,-1.8464925265263172,-4.720801602937998,-10.635212276054695,3.933736438547155,2.22095089803545,8.014709615055262,3.6423306056155322,1.3804994774221946,-6.278925042182991,3.1805611205422366,-7.525302656920285,6.297316874394208,-0.13004751978392165,-1.1874247222557015,4.036016580634043,-5.989027130526719,1.1474333294760477,-9.819351730209071,-9.8794076556744,-7.309295351123831,3.2763912107057607,14.926711439456978,0.7940557994245859,9.3225290253206,-10.951382665255302,-8.510702190026677,7.906122066423609,-3.9663782922002424,2.072608514079197,0.5752163965725496,-10.421579899874773
14.18970624929012,-1.349634916973306,-5.913590482004709,-6.4919875056655725,13.738244442294096,5.099269737478019,-0.3347080794204724,-37.13540050964211,-31.587992616601998,-5.55135924275193,-0.20670021658377488,-7.431603705783976,-1.0094737085385497,-3.8606924997536454,3.7219292028274276,8.1436811947837,21.537396230576867,-8.658025834901132,-3.56547844690098,-13.561801377437094,-6.290697944460464,-3.4006552239092005,10.18390884883695,-4.67958420135263,11.31819540366675,-8.537943353876928,-2.341638079796271,3.1393572498702143,-7.1942532534126045,10.52834564531199,-0.08584453976868607,16.375636199104008,15.340718589487805,15.156701419214114,-7.636708830536745,-30.38687216293513,1.2829334417368423,-20.89888165251903,18.065475444702617,14.070696560696717,-18.03877725556538,4.856693371811244,-3.068130844646562,-6.5076605969364385,20.558257759026993
5.8891323757708705,-0.9907414289759181,-2.5531398911267327,-3.9739245802777643,5.099269737478019,2.7116235938201227,0.386000723490583,-14.834456032530444,-12.55696286987859,-2.655606275906996,-1.2510207536987366,-2.3806318923980823,-0.970061137697165,-2.771504364303709,1.4193436068045922,3.4859957263391848,8.231061865502198,-3.135406997448773,-1.5792226394085649,-5.879423663642546,-2.6856589346036945,-1.1652069548893778,4.5210067956990425,-2.2372065658432376,5.33387508807462,-4.323811108692077,-0.22730362596383388,1.0056688189168357,-2.9804928491369798,4.42599092313603,-0.5784657469179249,7.1601397755529534,7.0414008840342595,5.7213066923378255,-2.672346645529814,-11.577781185191068,-0.230484591214282,-7.489592673137546,7.972167040872651,6.181407143393838,-6.375667195026419,2.6528218855276506,-1.44141998746248,-1.1290613555123283,7.997907375352852
0.057527056419474316,-0.27654852242005123,-0.088657385208418385,-0.8479142915056908,-0.3347080794204724,0.386000723490583,0.34406643427607003,0.25763603537742363,0.28305467954507474,-0.2038442841707397,-0.7130326882165903,0.42531551732633766,-0.35233327265333453,-0.7877898234515963,-0.0607554352812033,0.076075395232227,-0.376942759715706,0.2644368243714531,-0.10246063370172122,-0.17960506246327163,-0.06032632980620682,0.17034048161963622,0.23493209277698812,-0.20610356848034941,0.4241849932525504,-0.5383551769485145,0.4584734384672697,-0.1711649366819419,-0.04745702718893928,0.08482127518677726,-0.36091689452645237,0.27666176459031805,0.49350052830451074,-0.3330006608567703,0.3020346467108144,0.5524931839706929,-0.4952617718723781,0.6925273542424023,0.3416406950684408,0.26271480489189203,0.644219232224712,0.4439473262514698,-0.1403568768149803,0.9803338817612719,-0.27517767398474396
-39.148927351128286,4.274137645292857,16.438774515613556,19.547869321422713,-37.13540050964211,-14.834456032530444,0.25763603537742363,101.73871934065583,86.47138972336772,15.781653585738024,2.0822992557746645,19.61304129405548,3.498669088362892,12.133749639825355,-10.11023535223821,-22.624646788170008,-58.52741649844244,23.306078856971965,9.949710447508236,37.769102849406,17.464320138354108,9.085206251735249,-28.482678368154968,13.286809887151678,-32.07066543636459,24.557668200881754,5.5000429172292575,-8.279439916857834,19.82590057704133,-29.109096447502463,0.9446130253516439,-45.66384105602772,-43.19198203486806,-41.10694970847869,20.44416426331787,82.51747740671821,-2.563255734377994,56.14460812346585,-50.468395533612444,-39.275524726445155,48.3550294253575,-14.197092548894313,8.669550297485067,15.943457089038555,-56.05428467767194
-33.23080519724854,3.5934082093199584,13.941894452642892,16.46528698510507,-31.587992616601998,-12.55696286987859,0.28305467954507474,86.47138972336772,73.53902693142787,13.426213818275706,1.7077974012790045,16.723670810894532,2.9252301047313516,10.150595876766364,-8.589840531334326,-19.232768958471986,-49.76519147218305,19.8376962328366,8.39892789801517,32.09182314945768,14.838385839923014,7.775623978657933,-24.143205872314173,11.251603481061123,-27.207389396413276,20.76470947913976,4.727627078016716,-7.0466845183406415,16.794916904649803,-24.693133370244364,0.7320754596740573,-38.759925123861194,-36.59798764106098,-34.99365217060596,17.42384932457424,70.161725712612,-2.2654298272833753,47.79766258596605,-42.84710952267488,-33.32700785003461,41.16314205952693,-11.960373334411226,7.312380985026262,13.685434722993374,-47.65802655624403
-6.15794366494588,0.8942035567150699,2.632807626706318,3.7037865137760146,-5.55135924275193,-2.655606275906996,-0.2038442841707397,15.781653585738024,13.426213818275706,2.7327354501591703,0.9626443989139929,2.7431623789007795,0.8303045587091739,2.447349702770408,-1.52087901847043,-3.6525987462640415,-8.873618434373531,3.4504242932646765,1.5728276424058194,6.124581749202715,2.8060263526515885,1.3517004953655327,-4.615252758282126,2.2391868784162217,-5.40701393021565,4.241075270989679,0.48265550769676263,-1.143339959307539,3.078879751116681,-4.597698217420237,0.39061821199886215,-7.399913424704609,-7.1274780488951555,-6.235223620371345,2.9940267870727046,12.491451534268721,-0.04663277847487946,8.279188724881406,-8.234257132699048,-6.367492534982259,7.065886888126925,-2.520656509600757,1.4120110847567382,1.730340713881315,-8.578681438125956
-1.0932083739266079,0.719946372907167,0.589696942815889,2.330467343238399,-0.20670021658377488,-1.2510207536987366,-0.7130326882165903,2.0822992557746645,1.7077974012790045,0.9626443989139929,1.737744027328952,-0.412493898933894,0.8915109157216647,1.9371737844843948,-0.11873612235873714,-0.8297437188646652,-0.6726694499989522,0.023833712048013694,0.38181034979196704,1.4826987930549953,0.6247232944636146,-0.04989359200890003,-1.23279557468703,0.7772255557798304,-1.8585445103338807,1.7863489899950369,-0.9031938447469243,0.1869544949257175,0.505440068190662,-0.8648589652460832,0.8217817007840962,-1.8245473329281077,-2.1567232490090262,-0.3971807936443129,-0.09796712401212318,0.8625769659115587,0.9991499479702268,-0.09206566349854081,-2.116493673550798,-1.6198386053753089,-0.1778608522931416,-1.2344475000578552,0.4531825776987986,-1.750113505177627,-0.8634334613980673
-7.381936703522006,0.5014740681147419,3.027392459536761,2.7798082031321383,-7.431603705783976,-2.3806318923980823,0.42531551732633766,19.61304129405548,16.723670810894532,2.7431623789007795,-0.412493898933894,4.20380331536845,0.27669522160224486,1.4474954004947946,-1.9964181897937747,-4.208796868248046,-11.5462496889106,4.72279309265938,1.7922622368900902,6.971524169096471,3.25087719431597,1.9031934417348604,-5.168513554306524,2.2956668813419205,-5.622124557003009,4.080532590407355,1.5573075925271826,-1.7698282801602834,3.7279128057115716,-5.440617549489903,-0.19764376020199562,-8.368855455129136,-7.6700881694940914,-8.170867447568504,4.216321375713476,16.294780786188277,-1.0242887412454742,11.426533461178103,-9.19859286200724,-7.178754525789494,9.910782356652172,-2.2108574733626853,1.5060155659544294,4.118486821562025,-10.962913978826949
-1.5001390585035852,0.45675595261713164,0.6942621714638487,1.6350125184806688,-1.0094737085385497,-0.970061137697165,-0.35233327265333453,3.498669088362892,2.9252301047313516,0.8303045587091739,0.8915109157216647,0.27669522160224486,0.5279898182684308,1.270691458458323,-0.3119830305749165,-0.9530526212823255,-1.762049540222262,0.5789050331338307,0.4474522015670828,1.6430972977776006,0.7316706738639113,0.1824169861626438,-1.3181277102024807,0.7077673475022439,-1.6952943214986327,1.492293771549066,-0.3088489327639296,-0.11571835900382309,0.7474004727291739,-1.1409194489075216,0.4506248124171405,-2.0106175277992273,-2.127810208267175,-1.1854695568573586,0.44444308048571407,2.436422768762768,0.4436646273176954,1.3109617149216373,-2.2612919264639704,-1.7619548077366076,1.0951044954592066,-0.9642956319392307,0.45011487546503676,-0.4769642033858904,-1.7949766768857824
-5.046729302264132,1.1908094532578468,2.273256247158671,4.4647844430454375,-3.8606924997536454,-2.771504364303709,-0.7877898234515963,12.133749639825355,10.150595876766364,2.447349702770408,1.9371737844843948,1.4474954004947946,1.270691458458323,3.401458759190812,-1.1232605618284708,-3.0059901850072093,-6.440779760990899,2.2922064889046645,1.5017158360661957,5.144814983586887,2.326107145593778,0.7236960961476059,-4.12839841561909,2.155745058774746,-5.012881408969176,4.35758582478915,-0.3940427745275603,-0.6347655115220537,2.6101677867377497,-3.8566323628978374,0.975366635214525,-6.373332575461546,-6.587668397846848,-4.352430085250891,1.8409392106883935,9.035340967366954,0.8561013719174764,5.394367411947434,-7.125496273457713,-5.540836794537115,4.532003315405288,-2.8453240544954816,1.428590180483127,-0.3263132838584359,-6.368552069993126
3.878198948039517,-0.3898430076455255,-1.6201600092790607,-1.8464925265263172,3.7219292028274276,1.4193436068045922,-0.0607554352812033,-10.11023535223821,-8.589840531334326,-1.52087901847043,-0.11873612235873714,-1.9964181897937747,-0.3119830305749165,-1.1232605618284708,1.0167094790474698,2.2332254613772267,5.848940194246633,-2.34112747010443,-0.9830926537114248,-3.7248641512298026,-1.7264947762856848,-0.9131714636438861,2.8117689982931746,-1.29250597908012,3.1361072510614036,-2.3832071668361574,-0.5979426313600563,0.8442480864005673,-1.965456326724622,2.8753958524260224,-0.07400087270908075,4.496233185462633,4.233034762121237,4.107275188790158,-2.0589760279341287,-8.23954409231966,0.2990128999380888,-5.632025953674932,4.957604123444813,3.8722681317851704,-4.872137364636895,1.3555836992632542,-0.8523756680315133,-1.690403417145862,5.593869951640686
8.751295280877805,-1.0737555648270563,-3.695962379113138,-4.720801602937998,8.1436811947837,3.4859957263391848,0.076075395232227,-22.624646788170008,-19.232768958471986,-3.6525987462640415,-0.8297437188646652,-4.208796868248046,-0.9530526212823255,-3.0059901850072093,2.2332254613772267,5.127840381017057,12.910065205486966,-5.093478135989591,-2.2223602569403993,-8.575686608619646,-3.9507394701057073,-1.9968554298296237,6.468137427910194,-3.047270054804156,7.404988019293504,-5.712914764006492,-1.0097416107611008,1.7662226139897075,-4.397244335057674,6.501018503926849,-0.389712875712232,10.34266302336729,9.848403076183784,9.06898598128586,-4.454317334495519,-18.16422699464563,0.3598970764220218,-12.221077068790875,11.449944605927534,8.910753137018647,-10.521334086442087,3.308779203927536,-1.9641560394371096,-3.1304596102483355,12.419303103102465
22.426493659313,-2.2568501211426018,-9.373103703627057,-10.635212276054695,21.537396230576867,8.231061865502198,-0.376942759715706,-58.52741649844244,-49.76519147218305,-8.873618434373531,-0.6726694499989522,-11.5462496889106,-1.762049540222262,-6.440779760990899,5.848940194246633,12.910065205486966,33.83815935852249,-13.551408345273867,-5.660997828189565,-21.5207880841335,-9.969968581231027,-5.307911518007645,16.19102839972241,-7.480419944396443,18.088681647466824,-13.726637534063968,-3.4796637559109693,4.87591803192767,-11.363470929887024,16.649747467740355,-0.31060948607512906,25.9950338002295,24.446532347873372,23.79265425890953,-11.927915642992835,-47.72136902817382,1.7999766997854523,-32.6769452153936,28.69386064556502,22.348582471526083,-28.189413422455214,7.853668509386482,-4.897132470793335,-9.825336753982914,32.34499702121428
-8.879002639878163,0.8025334737462787,3.6897725076009817,3.933736438547155,-8.658025834901132,-3.135406997448773,0.2644368243714531,23.306078856971965,19.8376962328366,3.4504242932646765,0.023833712048013694,4.72279309265938,0.5789050331338307,2.2922064889046645,-2.34112747010443,-5.093478135989591,-13.551408345273867,5.465891716650127,2.2138373272455154,8.473456028920062,3.933863315654429,2.160923912323822,-6.343398558322632,2.8988788195864856,-7.029101001777492,5.26397498606732,1.536784266876961,-1.99208097136672,4.494917542231308,-6.579682428704899,-0.0021729063744896043,-10.218101833378688,-9.532376401398508,-9.55001212736472,4.8326929847617475,19.120581636629044,-0.8812510460385831,13.199312461194564,-11.267587632499376,-8.775829251945511,11.400844218717426,-2.9685759455236855,1.8973593543125677,4.229103871062455,-12.923589840317504
-3.9034824348084594,0.5099771070042475,1.6647815559302679,2.22095089803545,-3.56547844690098,-1.5792226394085649,-0.10246063370172122,9.949710447508236,8.39892789801517,1.5728276424058194,0.38181034979196704,1.7922622368900902,0.4474522015670828,1.5017158360661957,-0.9830926537114248,-2.2223602569403993,-5.660997828189565,2.2138373272455154,1.0615809099317626,3.735423751708843,1.7249546726865506,0.8004812693240498,-2.897723819810713,1.3865062250123568,-3.2589008579953958,2.6130260595808856,0.41198837070071037,-0.7737334054790549,2.0232552564774835,-2.9338452974597593,0.21045425166594992,-4.580192805693413,-4.443365249024185,-3.919143546779103,1.9033400173778618,7.991494398373414,-0.08155799589035592,5.326413228443927,-5.063041543991634,-3.9500043585650677,4.570814987702184,-1.5936046578261296,0.9379105325613668,1.2606466868699406,-5.435851621638417
-14.635805384383119,1.8338996873767697,6.190964747628612,8.014709615055262,-13.561801377437094,-5.879423663642546,-0.17960506246327163,37.769102849406,32.09182314945768,6.124581749202715,1.4826987930549953,6.971524169096471,1.6430972977776006,5.144814983586887,-3.7248641512298026,-8.575686608619646,-21.5207880841335,8.473456028920062,3.735423751708843,14.351236348828643,6.60898833066635,3.3064539592661286,-10.846500283628895,5.123176344558565,-12.431668399784705,9.628114621090063,1.6230666699862624,-2.928782766747429,7.362057781878358,-10.880311393914617,0.7064295516393259,-17.322137514251022,-16.532902916869638,-15.10264012118235,7.397549422567951,30.276932062598814,-0.5266499010176448,20.321634815268975,-19.179413775523965,-14.928962403057138,17.49040787915991,-5.59923655331166,3.3084744993678923,5.089318440373179,-20.71400426924499
-6.759669286296097,0.826530074734722,2.8552779425419956,3.6423306056155322,-6.290697944460464,-2.6856589346036945,-0.06032632980620682,17.464320138354108,14.838385839923014,2.8060263526515885,0.6247232944636146,3.25087719431597,0.7316706738639113,2.326107145593778,-1.7264947762856848,-3.9507394701057073,-9.969968581231027,3.933863315654429,1.7249546726865506,6.60898833066635,3.0462516156571606,1.5337621359391294,-4.995350204020752,2.352413362087865,-5.705291346807394,4.410417573483086,0.7862289549558495,-1.3671052372239254,3.4045150526581165,-5.024462947257583,0.3003146238277759,-7.978926003268271,-7.603773718169641,-6.996334446231136,3.4367696734849376,14.029836409679717,-0.2774337526128462,9.438781194942251,-8.830284640651934,-6.875603153967494,8.128104498505813,-2.5600432740365657,1.5236318503210777,2.4237253619889203,-9.587927124905526
-3.415347780096066,0.26960544804618514,1.4044934962834768,1.3804994774221946,-3.4006552239092005,-1.1652069548893778,0.17034048161963622,9.085206251735249,7.775623978657933,1.3517004953655327,-0.04989359200890003,1.9031934417348604,0.1824169861626438,0.7236960961476059,-0.9131714636438861,-1.9968554298296237,-5.307911518007645,2.160923912323822,0.8004812693240498,3.3064539592661286,1.5337621359391294,0.9020934057355832,-2.416494190577533,1.0847101631293754,-2.7031933512424287,1.9463579516380702,0.6493761513081995,-0.7882168800397553,1.6887889060113266,-2.507003172672933,-0.05267617731182615,-3.9363104923040364,-3.6032564490136747,-3.782127090863728,1.9359745218924043,7.475117966817794,-0.4265081366699649,5.214350187204162,-4.343239131705803,-3.3753182577051897,4.51408265887719,-1.0379576547353422,0.6810391957472226,1.7857820681079908,-5.062263698671596
11.100877756309321,-1.4481831688454296,-4.714337897050843,-6.278925042182991,10.18390884883695,4.5210067956990425,0.23493209277698812,-28.482678368154968,-24.143205872314173,-4.615252758282126,-1.23279557468703,-5.168513554306524,-1.3181277102024807,-4.12839841561909,2.8117689982931746,6.468137427910194,16.19102839972241,-6.343398558322632,-2.897723819810713,-10.846500283628895,-4.995350204020752,-2.416494190577533,8.276986031502293,-3.9286376286976843,9.462301843098397,-7.427557773735151,-1.135536373218131,2.188365513425342,-5.628849706625407,8.275898047033422,-0.636983838906896,13.147078433256814,12.640741499931236,11.307111668667218,-5.5047604090465985,-22.781766373381036,0.2625084599883476,-15.199451801148717,14.548577698820743,11.344785722574942,-13.081846319217611,4.382373661782394,-2.57531277754769,-3.6197486171470192,15.593360445823501
-5.221019989262411,0.7607937655586601,2.23816170943857,3.1805611205422366,-4.67958420135263,-2.2372065658432376,-0.20610356848034941,13.286809887151678,11.251603481061123,2.2391868784162217,0.7772255557798304,2.2956668813419205,0.7077673475022439,2.155745058774746,-1.29250597908012,-3.047270054804156,-7.480419944396443,2.8988788195864856,1.3865062250123568,5.123176344558565,2.352413362087865,1.0847101631293754,-3.9286376286976843,1.9040375339639846,-4.539031943842663,3.6242972540890306,0.40655637578347087,-0.9744377743303171,2.6565368837740073,-3.91364088869715,0.3690249447002705,-6.237192661633813,-6.060459045862344,-5.208836560003538,2.4944692343445167,10.536389506763483,0.0036471307424855164,6.95090112156761,-6.921650971295407,-5.378763325228334,5.9461156947670855,-2.1924417494760364,1.2432173606333135,1.4231194724331462,-7.223397579458325
12.546387987491453,-1.787796138594132,-5.3558041973430175,-7.525302656920285,11.31819540366675,5.33387508807462,0.4241849932525504,-32.07066543636459,-27.207389396413276,-5.40701393021565,-1.8585445103338807,-5.622124557003009,-1.6952943214986327,-5.012881408969176,3.1361072510614036,7.404988019293504,18.088681647466824,-7.029101001777492,-3.2589008579953958,-12.431668399784705,-5.705291346807394,-2.7031933512424287,9.462301843098397,-4.539031943842663,10.987331377375638,-8.659630474567017,-1.0110814034093791,2.363243079449964,-6.310516133450988,9.350243961012607,-0.9082755680748427,15.033268670922412,14.520564411510462,12.648936474514278,-6.08594837654883,-25.417191215226808,0.050831374379813096,-16.798734668967988,16.672301354565526,12.97935357033096,-14.429965582127174,5.119933875414478,-2.9289379352657714,-3.5596588773879354,17.488114761544143
-9.719773893551874,1.5355346737619502,4.19129922935515,6.297316874394208,-8.537943353876928,-4.323811108692077,-0.5383551769485145,24.557668200881754,20.76470947913976,4.241075270989679,1.7863489899950369,4.080532590407355,1.492293771549066,4.35758582478915,-2.3832071668361574,-5.712914764006492,-13.726637534063968,5.26397498606732,2.6130260595808856,9.628114621090063,4.410417573483086,1.9463579516380702,-7.427557773735151,3.6242972540890306,-8.659630474567017,6.989907045652665,0.5355891127051813,-1.7333428921352985,4.939385444560845,-7.2880777914060095,0.8940263699410111,-11.723386902411558,-11.487078195260809,-9.527946306583003,4.500617634832495,19.297599381437884,0.24892834222677773,12.564890599993438,-13.015321856350916,-10.134013356575997,10.75525481089455,-4.249143191468644,2.3701395402396455,2.1886185283822654,-13.306536686256885
-1.9293527549267495,-0.15419083961876864,0.7291460910077167,-0.13004751978392165,-2.341638079796271,-0.22730362596383388,0.4584734384672697,5.5000429172292575,4.727627078016716,0.48265550769676263,-0.9031938447469243,1.5573075925271826,-0.3088489327639296,-0.3940427745275603,-0.5979426313600563,-1.0097416107611008,-3.4796637559109693,1.536784266876961,0.41198837070071037,1.6230666699862624,0.7862289549558495,0.6493761513081995,-1.135536373218131,0.40655637578347087,-1.0110814034093791,0.5355891127051813,0.9124793470251302,-0.659866809617444,0.9921128981990096,-1.3980248643823592,-0.44512272867273955,-1.9280626533964573,-1.5472411404458435,-2.5033125369178273,1.4254743280047466,4.954698443036269,-0.7864414819737793,3.790987592752333,-2.0759630186042473,-1.625398965313485,3.3228148499209627,-0.17350102762122302,0.28632804886114027,2.128783177735149,-3.2028541556949706
3.1258125046411385,-0.21383178738680053,-1.28426698340317,-1.1874247222557015,3.1393572498702143,1.0056688189168357,-0.1711649366819419,-8.279439916857834,-7.0466845183406415,-1.143339959307539,0.1869544949257175,-1.7698282801602834,-0.11571835900382309,-0.6347655115220537,0.8442480864005673,1.7662226139897075,4.87591803192767,-1.99208097136672,-0.7737334054790549,-2.928782766747429,-1.3671052372239254,-0.7882168800397553,2.188365513425342,-0.9744377743303171,2.363243079449964,-1.7333428921352985,-0.659866809617444,0.7503843217286869,-1.5927977711035277,2.310442960607612,0.08049193578831582,3.5315899080472954,3.251146263353036,3.438273789727185,-1.7727620416980416,-6.887293984844723,0.42492285113273365,-4.824203927032538,3.878547547125007,3.030406584495783,-4.183081632490686,0.9547878788905049,-0.6498000380395906,-1.732656079435323,4.6254932901161325
-7.692674142738672,0.8987790923812502,3.251607989205599,4.036016580634043,-7.1942532534126045,-2.9804928491369798,-0.04745702718893928,19.82590057704133,16.794916904649803,3.078879751116681,0.505440068190662,3.7279128057115716,0.7474004727291739,2.6101677867377497,-1.965456326724622,-4.397244335057674,-11.363470929887024,4.494917542231308,2.0232552564774835,7.362057781878358,3.4045150526581165,1.6887889060113266,-5.628849706625407,2.6565368837740073,-6.310516133450988,4.939385444560845,0.9921128981990096,-1.5927977711035277,3.949297174972738,-5.753779811379719,0.2571939432254149,-8.97107462758266,-8.581020187508633,-7.926114131629269,3.908174689205854,16.04259006845926,-0.3792699072181077,10.837176785336103,-9.913848352748815,-7.721155929508949,9.313166970764327,-2.9399446244745513,1.7692917634681167,2.898696720764698,-10.884736597095799
11.28424411734439,-1.348398298233716,-4.771527967331559,-5.989027130526719,10.52834564531199,4.42599092313603,0.08482127518677726,-29.109096447502463,-24.693133370244364,-4.597698217420237,-0.8648589652460832,-5.440617549489903,-1.1409194489075216,-3.8566323628978374,2.8753958524260224,6.501018503926849,16.649747467740355,-6.579682428704899,-2.9338452974597593,-10.880311393914617,-5.024462947257583,-2.507003172672933,8.275898047033422,-3.91364088869715,9.350243961012607,-7.2880777914060095,-1.3980248643823592,2.310442960607612,-5.753779811379719,8.42810371883372,-0.40296933340778557,13.219323690832594,12.628204823136624,11.643705546964162,-5.729501675505309,-23.489932483625537,0.5249802556400551,-15.84974982477526,14.625603815975907,11.37519264584794,-13.612958524023547,4.3113630813757124,-2.5736717272183935,-4.163154774761425,15.96923509510835
-0.5247396307472464,0.3400747641381607,0.28026506483626334,1.1474333294760477,-0.08584453976868607,-0.5784657469179249,-0.36091689452645237,0.9446130253516439,0.7320754596740573,0.39061821199886215,0.8217817007840962,-0.19764376020199562,0.4506248124171405,0.975366635214525,-0.07400087270908075,-0.389712875712232,-0.31060948607512906,-0.0021729063744896043,0.21045425166594992,0.7064295516393259,0.3003146238277759,-0.05267617731182615,-0.636983838906896,0.3690249447002705,-0.9082755680748427,0.8940263699410111,-0.44512272867273955,0.08049193578831582,0.2571939432254149,-0.40296933340778557,0.48010886065752867,-0.8706833454214165,-1.0579739225979135,-0.15001118050998993,-0.06568001953009692,0.3651266904412663,0.5276223302281265,-0.11929870209208839,-0.9804926163973605,-0.798766550600948,-0.09835555226522412,-0.5978835831122666,0.2471332375491026,-0.8705802496274574,-0.4104308015313075
17.73810999816283,-2.255689783904796,-7.518867561414602,-9.819351730209071,16.375636199104008,7.1601397755529534,0.27666176459031805,-45.66384105602772,-38.759925123861194,-7.399913424704609,-1.8245473329281077,-8.368855455129136,-2.0106175277992273,-6.373332575461546,4.496233185462633,10.34266302336729,25.9950338002295,-10.218101833378688,-4.580192805693413,-17.322137514251022,-7.978926003268271,-3.9363104923040364,13.147078433256814,-6.237192661633813,15.033268670922412,-11.723386902411558,-1.9280626533964573,3.5315899080472954,-8.97107462758266,13.219323690832594,-0.8706833454214165,20.972406389169098,20.082701173904187,18.201663589977468,-8.894313382134126,-36.6026545514559,0.5758377534657321,-24.530383501670332,23.223315696050054,18.070944905018365,-21.083935555922544,6.893402304664537,-4.055595526423247,-6.042204348152993,25.011716803779276
16.893813372179547,-2.3188728546060178,-7.205254178900055,-9.8794076556744,15.340718589487805,7.0414008840342595,0.49350052830451074,-43.19198203486806,-36.59798764106098,-7.1274780488951555,-2.1567232490090262,-7.6700881694940914,-2.127810208267175,-6.587668397846848,4.233034762121237,9.848403076183784,24.446532347873372,-9.532376401398508,-4.443365249024185,-16.532902916869638,-7.603773718169641,-3.6032564490136747,12.640741499931236,-6.060459045862344,14.520564411510462,-11.487078195260809,-1.5472411404458435,3.251146263353036,-8.581020187508633,12.628204823136624,-1.0579739225979135,20.082701173904187,19.39990469061023,17.052047630399258,-8.241981159521414,-34.41954794500936,0.22275459704034406,-22.85599308650755,22.254588218808458,17.321168715157523,-19.61158168582732,6.8618110212466785,-3.963479420950491,-5.110947097885167,23.56927026477578
15.707309493147882,-1.5406096439749608,-6.5515150378517495,-7.309295351123831,15.156701419214114,5.7213066923378255,-0.3330006608567703,-41.10694970847869,-34.99365217060596,-6.235223620371345,-0.3971807936443129,-8.170867447568504,-1.1854695568573586,-4.352430085250891,4.107275188790158,9.06898598128586,23.79265425890953,-9.55001212736472,-3.919143546779103,-15.10264012118235,-6.996334446231136,-3.782127090863728,11.307111668667218,-5.208836560003538,12.648936474514278,-9.527946306583003,-2.5033125369178273,3.438273789727185,-7.926114131629269,11.643705546964162,-0.15001118050998993,18.201663589977468,17.052047630399258,16.768372526748387,-8.428888485135037,-33.549786216310324,1.3549430653230825,-23.03406260972821,20.096635391656903,15.63990079418233,-19.87328535717629,5.403277887936391,-3.3836972199616184,-7.049002414587544,22.737859007456507
-7.751783834869169,0.6495581301045613,3.2071112251177127,3.2763912107057607,-7.636708830536745,-2.672346645529814,0.3020346467108144,20.44416426331787,17.42384932457424,2.9940267870727046,-0.09796712401212318,4.216321375713476,0.44444308048571407,1.8409392106883935,-2.0589760279341287,-4.454317334495519,-11.927915642992835,4.8326929847617475,1.9033400173778618,7.397549422567951,3.4367696734849376,1.9359745218924043,-5.5047604090465985,2.4944692343445167,-6.08594837654883,4.500617634832495,1.4254743280047466,-1.7727620416980416,3.908174689205854,-5.729501675505309,-0.06568001953009692,-8.894313382134126,-8.241981159521414,-8.428888485135037,4.291694204686578,16.82673066150282,-0.8673665099792014,11.676056540927648,-9.80245599842522,-7.634436737123418,10.096661664881657,-2.497721811157208,1.6224453105282468,3.8848775580094963,-11.364190555190717
-31.61534651742413,3.163556826784087,13.214603525831736,14.926711439456978,-30.38687216293513,-11.577781185191068,0.5524931839706929,82.51747740671821,70.161725712612,12.491451534268721,0.8625769659115587,16.294780786188277,2.436422768762768,9.035340967366954,-8.23954409231966,-18.16422699464563,-47.72136902817382,19.120581636629044,7.991494398373414,30.276932062598814,14.029836409679717,7.475117966817794,-22.781766373381036,10.536389506763483,-25.417191215226808,19.297599381437884,4.954698443036269,-6.887293984844723,16.04259006845926,-23.489932483625537,0.3651266904412663,-36.6026545514559,-34.41954794500936,-33.549786216310324,16.82673066150282,67.33421478515015,-2.589377567075366,46.14523789260267,-40.40840971925521,-31.45353135928181,39.77989063469986,-11.074020032316927,6.903348836890867,13.932923129660864,-45.594365054949854
0.7675291353873122,0.30218944835256906,-0.23382678868314177,0.7940557994245859,1.2829334417368423,-0.230484591214282,-0.4952617718723781,-2.563255734377994,-2.2654298272833753,-0.04663277847487946,0.9991499479702268,-1.0242887412454742,0.4436646273176954,0.8561013719174764,0.2990128999380888,0.3598970764220218,1.7999766997854523,-0.8812510460385831,-0.08155799589035592,-0.5266499010176448,-0.2774337526128462,-0.4265081366699649,0.2625084599883476,0.0036471307424855164,0.050831374379813096,0.24892834222677773,-0.7864414819737793,0.42492285113273365,-0.3792699072181077,0.5249802556400551,0.5276223302281265,0.5758377534657321,0.22275459704034406,1.3549430653230825,-0.8673665099792014,-2.589377567075366,0.7749072662291102,-2.225494533073463,0.5905247592310943,0.451283400298094,-1.9641232822070136,-0.30490243456028754,0.006223889991626694,-1.7557192998163198,1.5907790087061917
-21.36839357849682,1.8888714114120257,8.875019674687744,9.3225290253206,-20.89888165251903,-7.489592673137546,0.6925273542424023,56.14460812346585,47.79766258596605,8.279188724881406,-0.09206566349854081,11.426533461178103,1.3109617149216373,5.394367411947434,-5.632025953674932,-12.221077068790875,-32.6769452153936,13.199312461194564,5.326413228443927,20.321634815268975,9.438781194942251,5.214350187204162,-15.199451801148717,6.95090112156761,-16.798734668967988,12.564890599993438,3.790987592752333,-4.824203927032538,10.837176785336103,-15.84974982477526,-0.11929870209208839,-24.530383501670332,-22.85599308650755,-23.03406260972821,11.676056540927648,46.14523789260267,-2.225494533073463,31.926834834392086,-27.0548174978821,-21.047526390867173,27.545582663402,-7.108560064083354,4.5494411529093695,10.355846163883594,-31.133299826791237
19.615209243420924,-2.5306308310246814,-8.323121377313642,-10.951382665255302,18.065475444702617,7.972167040872651,0.3416406950684408,-50.468395533612444,-42.84710952267488,-8.234257132699048,-2.116493673550798,-9.19859286200724,-2.2612919264639704,-7.125496273457713,4.957604123444813,11.449944605927534,28.69386064556502,-11.267587632499376,-5.063041543991634,-19.179413775523965,-8.830284640651934,-4.343239131705803,14.548577698820743,-6.921650971295407,16.672301354565526,-13.015321856350916,-2.0759630186042473,3.878547547125007,-9.913848352748815,14.625603815975907,-0.9804926163973605,23.223315696050054,22.254588218808458,20.096635391656903,-9.80245599842522,-40.40840971925521,0.5905247592310943,-27.0548174978821,25.731333541990036,20.005414788673527,-23.231560052368994,7.669656015379253,-4.488041011209693,-6.565683911499472,27.618396949731526
15.269343642573395,-1.9572221546000095,-6.474725094631489,-8.510702190026677,14.070696560696717,6.181407143393838,0.26271480489189203,-39.275524726445155,-33.32700785003461,-6.367492534982259,-1.6198386053753089,-7.178754525789494,-1.7619548077366076,-5.540836794537115,3.8722681317851704,8.910753137018647,22.348582471526083,-8.775829251945511,-3.9500043585650677,-14.928962403057138,-6.875603153967494,-3.3753182577051897,11.344785722574942,-5.378763325228334,12.97935357033096,-10.134013356575997,-1.625398965313485,3.030406584495783,-7.721155929508949,11.37519264584794,-0.798766550600948,18.070944905018365,17.321168715157523,15.63990079418233,-7.634436737123418,-31.45353135928181,0.451283400298094,-21.047526390867173,20.005414788673527,15.580803380177574,-18.10508046218064,5.953450135372439,-3.503257141380859,-5.1306637676210425,21.513482858716955
-18.384263149733336,1.579202054322151,7.621179979136167,7.906122066423609,-18.03877725556538,-6.375667195026419,0.644219232224712,48.3550294253575,41.16314205952693,7.065886888126925,-0.1778608522931416,9.910782356652172,1.0951044954592066,4.532003315405288,-4.872137364636895,-10.521334086442087,-28.189413422455214,11.400844218717426,4.570814987702184,17.49040787915991,8.128104498505813,4.51408265887719,-13.081846319217611,5.9461156947670855,-14.429965582127174,10.75525481089455,3.3228148499209627,-4.183081632490686,9.313166970764327,-13.612958524023547,-0.09835555226522412,-21.083935555922544,-19.61158168582732,-19.87328535717629,10.096661664881657,39.77989063469986,-1.9641232822070136,27.545582663402,-23.231560052368994,-18.10508046218064,23.8134664801761,-6.031006287336806,3.9018712225728214,9.050950145136786,-26.85622231580905
5.6916384559934885,-0.9927406390457946,-2.48434320803478,-3.9663782922002424,4.856693371811244,2.6528218855276506,0.4439473262514698,-14.197092548894313,-11.960373334411226,-2.520656509600757,-1.2344475000578552,-2.2108574733626853,-0.9642956319392307,-2.8453240544954816,1.3555836992632542,3.308779203927536,7.853668509386482,-2.9685759455236855,-1.5936046578261296,-5.59923655331166,-2.5600432740365657,-1.0379576547353422,4.382373661782394,-2.1924417494760364,5.119933875414478,-4.249143191468644,-0.17350102762122302,0.9547878788905049,-2.9399446244745513,4.3113630813757124,-0.5978835831122666,6.893402304664537,6.8618110212466785,5.403277887936391,-2.497721811157208,-11.074020032316927,-0.30490243456028754,-7.108560064083354,7.669656015379253,5.953450135372439,-6.031006287336806,2.686888876900066,-1.4526661794075149,-0.9429133375329677,7.623776066733335
-3.4223438432124746,0.48833592822943034,1.4680634385943705,2.072608514079197,-3.068130844646562,-1.44141998746248,-0.1403568768149803,8.669550297485067,7.312380985026262,1.4120110847567382,0.4531825776987986,1.5060155659544294,0.45011487546503676,1.428590180483127,-0.8523756680315133,-1.9641560394371096,-4.897132470793335,1.8973593543125677,0.9379105325613668,3.3084744993678923,1.5236318503210777,0.6810391957472226,-2.57531277754769,1.2432173606333135,-2.9289379352657714,2.3701395402396455,0.28632804886114027,-0.6498000380395906,1.7692917634681167,-2.5736717272183935,0.2471332375491026,-4.055595526423247,-3.963479420950491,-3.3836972199616184,1.6224453105282468,6.903348836890867,0.006223889991626694,4.5494411529093695,-4.488041011209693,-3.503257141380859,3.9018712225728214,-1.4526661794075149,0.8377341941338354,0.9510481880068777,-4.71927293487331
-5.726725766250524,-0.13512150659977043,2.230422960156089,0.5752163965725496,-6.5076605969364385,-1.1290613555123283,0.9803338817612719,15.943457089038555,13.685434722993374,1.730340713881315,-1.750113505177627,4.118486821562025,-0.4769642033858904,-0.3263132838584359,-1.690403417145862,-3.1304596102483355,-9.825336753982914,4.229103871062455,1.2606466868699406,5.089318440373179,2.4237253619889203,1.7857820681079908,-3.6197486171470192,1.4231194724331462,-3.5596588773879354,2.1886185283822654,2.128783177735149,-1.732656079435323,2.898696720764698,-4.163154774761425,-0.8705802496274574,-6.042204348152993,-5.110947097885167,-7.049002414587544,3.8848775580094963,13.932923129660864,-1.7557192998163198,10.355846163883594,-6.565683911499472,-5.1306637676210425,9.050950145136786,-0.9429133375329677,0.9510481880068777,5.135714654144783,-9.152819071051557
21.511239917231688,-2.2379016107445513,-9.004582085885056,-10.421579899874773,20.558257759026993,7.997907375352852,-0.27517767398474396,-56.05428467767194,-47.65802655624403,-8.578681438125956,-0.8634334613980673,-10.962913978826949,-1.7949766768857824,-6.368552069993126,5.593869951640686,12.419303103102465,32.34499702121428,-12.923589840317504,-5.435851621638417,-20.71400426924499,-9.587927124905526,-5.062263698671596,15.593360445823501,-7.223397579458325,17.488114761544143,-13.306536686256885,-3.2028541556949706,4.6254932901161325,-10.884736597095799,15.96923509510835,-0.4104308015313075,25.011716803779276,23.56927026477578,22.737859007456507,-11.364190555190717,-45.594365054949854,1.5907790087061917,-31.133299826791237,27.618396949731526,21.513482858716955,-26.85622231580905,7.623776066733335,-4.71927293487331,-9.152819071051557,30.94964449033853
